{"lowlevel": {"average_loudness": 0.934387683868, "barkbands_crest": {"dmean": 1.93223202229, "dmean2": 2.94087648392, "dvar": 3.76964759827, "dvar2": 8.42975139618, "max": 25.3473396301, "mean": 12.1985712051, "median": 11.3147497177, "min": 4.28542661667, "var": 20.1278343201}, "barkbands_flatness_db": {"dmean": 0.0227175243199, "dmean2": 0.0378008633852, "dvar": 0.000427167222369, "dvar2": 0.00109495059587, "max": 0.651719152927, "mean": 0.393753439188, "median": 0.393550992012, "min": 0.0801329091191, "var": 0.0031359824352}, "barkbands_kurtosis": {"dmean": 1.4871006012, "dmean2": 2.114985466, "dvar": 8.51579856873, "dvar2": 15.7007188797, "max": 88.0970535278, "mean": 3.80763888359, "median": 2.36096286774, "min": -1.89954125881, "var": 35.2032470703}, "barkbands_skewness": {"dmean": 0.321361750364, "dmean2": 0.465395927429, "dvar": 0.154825016856, "dvar2": 0.318908452988, "max": 6.24418067932, "mean": 1.11069941521, "median": 1.07761311531, "min": -8.20744895935, "var": 1.21243441105}, "barkbands_spread": {"dmean": 0.887868762016, "dmean2": 1.30693686008, "dvar": 6.32452440262, "dvar2": 13.2419843674, "max": 127.919975281, "mean": 5.1010684967, "median": 4.18471717834, "min": 0.66647785902, "var": 49.2921180725}, "dissonance": {"dmean": 0.038263335824, "dmean2": 0.0646251738071, "dvar": 0.00146637263242, "dvar2": 0.00397012615576, "max": 0.499400228262, "mean": 0.339434564114, "median": 0.339599281549, "min": 0.120894230902, "var": 0.00361455907114}, "dynamic_complexity": 3.33804392815, "erbbands_crest": {"dmean": 2.35306787491, "dmean2": 3.57405185699, "dvar": 5.89374160767, "dvar2": 12.6147470474, "max": 34.3542137146, "mean": 13.3335103989, "median": 12.1411523819, "min": 3.08867931366, "var": 29.3321342468}, "erbbands_flatness_db": {"dmean": 0.0150591935962, "dmean2": 0.0242536943406, "dvar": 0.000218724584556, "dvar2": 0.000491007405799, "max": 0.578127741814, "mean": 0.404015719891, "median": 0.406748950481, "min": 0.0405174456537, "var": 0.00294212810695}, "erbbands_kurtosis": {"dmean": 0.843627512455, "dmean2": 1.22231686115, "dvar": 2.2119743824, "dvar2": 3.64383840561, "max": 73.8778839111, "mean": 1.51136088371, "median": 0.666514873505, "min": -1.55065858364, "var": 14.2275943756}, "erbbands_skewness": {"dmean": 0.236817270517, "dmean2": 0.343855619431, "dvar": 0.0622829385102, "dvar2": 0.129235386848, "max": 4.7295217514, "mean": 0.650310695171, "median": 0.582820355892, "min": -3.48125362396, "var": 0.456975877285}, "erbbands_spread": {"dmean": 1.66794681549, "dmean2": 2.44644117355, "dvar": 4.28137588501, "dvar2": 8.22452068329, "max": 115.651657104, "mean": 10.8784627914, "median": 9.64007568359, "min": 0.52343082428, "var": 58.0637550354}, "hfc": {"dmean": 2.98699808121, "dmean2": 3.92166662216, "dvar": 21.9851703644, "dvar2": 36.184803009, "max": 92.2817230225, "mean": 12.8499603271, "median": 11.0981626511, "min": 1.17509238115e-16, "var": 88.8330612183}, "melbands_crest": {"dmean": 2.28558063507, "dmean2": 3.54051494598, "dvar": 5.2129278183, "dvar2": 12.1770734787, "max": 33.9347496033, "mean": 15.2222576141, "median": 14.5519990921, "min": 2.32803702354, "var": 23.5629386902}, "melbands_flatness_db": {"dmean": 0.0265660416335, "dmean2": 0.0443385951221, "dvar": 0.000692060275469, "dvar2": 0.00169731175993, "max": 0.838121473789, "mean": 0.508423447609, "median": 0.510704755783, "min": 0.00787946395576, "var": 0.00654332293198}, "melbands_kurtosis": {"dmean": 1.77422094345, "dmean2": 2.63378119469, "dvar": 7.48936080933, "dvar2": 17.0708122253, "max": 66.4163970947, "mean": 4.54350614548, "median": 2.95129919052, "min": -1.32046806812, "var": 29.38048172}, "melbands_skewness": {"dmean": 0.352047383785, "dmean2": 0.521523952484, "dvar": 0.14557339251, "dvar2": 0.333065390587, "max": 5.86004209518, "mean": 1.33145940304, "median": 1.27067494392, "min": -4.25424671173, "var": 1.05288362503}, "melbands_spread": {"dmean": 1.18654155731, "dmean2": 1.75677907467, "dvar": 8.78794384003, "dvar2": 16.854549408, "max": 180.894577026, "mean": 7.52187776566, "median": 6.24336910248, "min": 0.939273178577, "var": 97.2403488159}, "pitch_salience": {"dmean": 0.0530225634575, "dmean2": 0.0834671109915, "dvar": 0.00290250685066, "dvar2": 0.00710501195863, "max": 0.849159657955, "mean": 0.52907204628, "median": 0.540121555328, "min": 0.109781421721, "var": 0.0126363905147}, "silence_rate_20dB": {"dmean": 0, "dmean2": 0, "dvar": 0, "dvar2": 0, "max": 1, "mean": 1, "median": 1, "min": 1, "var": 0}, "silence_rate_30dB": {"dmean": 0.000671591667924, "dmean2": 0.00134363456164, "dvar": 0.000671154120937, "dvar2": 0.00134188227821, "max": 1, "mean": 0.999328613281, "median": 1, "min": 0, "var": 0.00067092909012}, "silence_rate_60dB": {"dmean": 0.0026863666717, "dmean2": 0.00537453824654, "dvar": 0.00267917755991, "dvar2": 0.00601740833372, "max": 1, "mean": 0.0634441077709, "median": 0, "min": 0, "var": 0.0594188086689}, "spectral_centroid": {"dmean": 38.479637146, "dmean2": 55.9019203186, "dvar": 22218.5957031, "dvar2": 29462.9355469, "max": 10755.0566406, "mean": 501.141357422, "median": 452.156555176, "min": 163.191970825, "var": 131237.671875}, "spectral_complexity": {"dmean": 1.01141703129, "dmean2": 1.68223047256, "dvar": 1.27993118763, "dvar2": 2.72468876839, "max": 23, "mean": 10.8291368484, "median": 11, "min": 0, "var": 14.7258043289}, "spectral_decrease": {"dmean": 1.68183134086e-09, "dmean2": 2.32591301774e-09, "dvar": 4.32474301994e-18, "dvar2": 9.18110343903e-18, "max": 5.92876317447e-16, "mean": -7.56964624316e-09, "median": -7.15736403478e-09, "min": -3.88805787566e-08, "var": 2.10720489104e-17}, "spectral_energy": {"dmean": 0.0066094934009, "dmean2": 0.00911841169, "dvar": 6.69341752655e-05, "dvar2": 0.000140319898492, "max": 0.151126787066, "mean": 0.0297350920737, "median": 0.0280455704778, "min": 1.06524367752e-20, "var": 0.000324490305502}, "spectral_energyband_high": {"dmean": 1.16140176942e-06, "dmean2": 1.53412008785e-06, "dvar": 5.64990762508e-11, "dvar2": 1.01550642895e-10, "max": 0.000179625028977, "mean": 1.94633730644e-06, "median": 7.86302578604e-08, "min": 7.86921715984e-21, "var": 1.12858666856e-10}, "spectral_energyband_low": {"dmean": 0.00175543001387, "dmean2": 0.00279230740853, "dvar": 2.04953594221e-05, "dvar2": 5.62239474675e-05, "max": 0.0649759694934, "mean": 0.00527286948636, "median": 0.00138895236887, "min": 3.94785376909e-23, "var": 6.79743898218e-05}, "spectral_energyband_middle_high": {"dmean": 0.00105839560274, "dmean2": 0.00136006262619, "dvar": 9.53816288529e-06, "dvar2": 1.62516425917e-05, "max": 0.0755402371287, "mean": 0.00318103376776, "median": 0.00167746597435, "min": 1.62227101981e-21, "var": 2.90807420242e-05}, "spectral_energyband_middle_low": {"dmean": 0.00528056221083, "dmean2": 0.00714935129508, "dvar": 4.56235393358e-05, "dvar2": 8.45409813337e-05, "max": 0.142346397042, "mean": 0.0229034926742, "median": 0.0201719310135, "min": 2.69764529704e-22, "var": 0.000244146562181}, "spectral_entropy": {"dmean": 0.146432667971, "dmean2": 0.225467085838, "dvar": 0.0308221280575, "dvar2": 0.0666136592627, "max": 9.79581451416, "mean": 5.51089191437, "median": 5.46649932861, "min": 3.67987751961, "var": 0.257756650448}, "spectral_flux": {"dmean": 0.0211026426405, "dmean2": 0.0337254330516, "dvar": 0.000636692566331, "dvar2": 0.00156525650527, "max": 0.217301011086, "mean": 0.0462002940476, "median": 0.0383997634053, "min": 1.03210641422e-10, "var": 0.00100325874519}, "spectral_kurtosis": {"dmean": 43.5820350647, "dmean2": 75.8125610352, "dvar": 1891.86364746, "dvar2": 5172.88085938, "max": 543.360534668, "mean": 146.571426392, "median": 136.414047241, "min": -1.21284127235, "var": 7546.77587891}, "spectral_rms": {"dmean": 0.000567383074667, "dmean2": 0.000787895231042, "dvar": 3.872476384e-07, "dvar2": 7.94183051767e-07, "max": 0.0121425185353, "mean": 0.00506186485291, "median": 0.00523082492873, "min": 3.22375893341e-12, "var": 3.38736026606e-06}, "spectral_rolloff": {"dmean": 79.7114334106, "dmean2": 143.158508301, "dvar": 436352.9375, "dvar2": 1051740.5, "max": 19939.7460938, "mean": 787.149353027, "median": 602.9296875, "min": 150.732421875, "var": 3545837.75}, "spectral_skewness": {"dmean": 2.03985762596, "dmean2": 3.595890522, "dvar": 3.36267948151, "dvar2": 9.22859668732, "max": 20.5113677979, "mean": 8.26790809631, "median": 8.2286233902, "min": 0.0299763660878, "var": 11.3844499588}, "spectral_spread": {"dmean": 283628.84375, "dmean2": 493986.34375, "dvar": 342499950592, "dvar2": 503412326400, "max": 39991500, "mean": 947006.75, "median": 727041.5625, "min": 126302.609375, "var": 3017125134340.0}, "spectral_strongpeak": {"dmean": 0.461317062378, "dmean2": 0.716877162457, "dvar": 0.495626121759, "dvar2": 0.962425649166, "max": 12.5747671127, "mean": 1.57542085648, "median": 1.28408193588, "min": 5.06456254712e-09, "var": 1.72939920425}, "zerocrossingrate": {"dmean": 0.00264570396394, "dmean2": 0.00303580705076, "dvar": 0.000126176266349, "dvar2": 0.000119105578051, "max": 0.767578125, "mean": 0.0286738611758, "median": 0.021484375, "min": 0.00439453125, "var": 0.00389669206925}, "barkbands": {"dmean": [1.15772229492e-06, 0.00023152801441, 0.00124445161782, 0.00058359967079, 0.00143123138696, 0.00223209289834, 0.00071497814497, 0.00117215351202, 0.000849251809996, 0.00104155135341, 0.000141984259244, 0.000135068796226, 7.03632904333e-05, 6.44973551971e-05, 4.05912360293e-05, 3.04155491904e-05, 1.7752066924e-05, 4.54679320683e-06, 2.39333894569e-06, 1.0559878092e-06, 4.1265928985e-07, 1.13230193222e-07, 1.34693989295e-08, 1.64964197857e-09, 1.39577660541e-09, 1.18074328093e-09, 1.39837041946e-09], "dmean2": [1.92086190509e-06, 0.000363793718861, 0.00198557903059, 0.000957057287451, 0.00212911842391, 0.00292065599933, 0.00107276078779, 0.00159705989063, 0.00103528983891, 0.00130887248088, 0.000202361887204, 0.000156410838827, 9.34390409384e-05, 8.5691230197e-05, 5.58415267733e-05, 4.6944427595e-05, 2.28857006732e-05, 6.24127915216e-06, 3.44944965036e-06, 1.32014895371e-06, 6.13352142409e-07, 1.5225312211e-07, 1.82543615779e-08, 2.98779667673e-09, 2.5461184272e-09, 2.17761031429e-09, 2.54043941439e-09], "dvar": [4.25633183213e-12, 3.50250047632e-07, 1.26743261717e-05, 4.15430667999e-06, 9.72252564679e-06, 1.25957194541e-05, 1.09918414637e-06, 7.67011169955e-06, 1.15410593935e-05, 1.1592735973e-05, 3.5807823906e-07, 1.25880842461e-06, 3.89220105035e-08, 2.51565346332e-08, 1.44416567593e-08, 7.64266694375e-09, 6.3059997224e-09, 1.6406216663e-10, 1.614078593e-10, 4.40921292533e-11, 5.31928364203e-12, 1.17577865846e-12, 8.96554050889e-15, 1.10824583135e-17, 9.15847425902e-18, 2.74120872119e-18, 3.03004736979e-18], "dvar2": [1.09717417443e-11, 7.17836996955e-07, 3.48359353666e-05, 1.05729041024e-05, 1.8795595679e-05, 1.72363470483e-05, 2.5969231956e-06, 1.59552728292e-05, 1.6712156139e-05, 1.80780007213e-05, 5.8704500816e-07, 1.94983635993e-06, 7.07580483095e-08, 3.74614188559e-08, 2.97046316433e-08, 1.81101409424e-08, 1.18383214343e-08, 3.34230393362e-10, 3.36863870132e-10, 7.8827035177e-11, 1.14843828891e-11, 2.20566859048e-12, 1.76212380597e-14, 3.17990859127e-17, 2.58749821474e-17, 8.61047868373e-18, 9.57372719832e-18], "max": [3.71948408429e-05, 0.0187058914453, 0.0559805035591, 0.0344277620316, 0.103979796171, 0.0740601569414, 0.0159155391157, 0.0478333495557, 0.0789924561977, 0.0659757554531, 0.0172700062394, 0.0733157023787, 0.00411887653172, 0.00317127001472, 0.00303705316037, 0.00163332826924, 0.0015706922859, 0.00018490178627, 0.000333269039402, 0.000164831944858, 4.21433796873e-05, 3.02699681924e-05, 2.3282739221e-06, 4.37884040139e-08, 6.67845299063e-08, 2.01140277767e-08, 2.42972575393e-08], "mean": [1.50171706537e-06, 0.00107586779632, 0.00321282027289, 0.00153848296031, 0.00495444005355, 0.00766749726608, 0.00201038410887, 0.00295378523879, 0.0023894154001, 0.00259677297436, 0.000345199281583, 0.000426498940215, 0.000169547507539, 0.000158119495609, 0.000116447306937, 6.631440192e-05, 3.54839576175e-05, 9.33521823754e-06, 4.47543152404e-06, 2.0587247036e-06, 5.00973101225e-07, 1.4591181241e-07, 1.96955607379e-08, 1.72313585622e-09, 1.46003997781e-09, 1.44491307807e-09, 4.37126468356e-09], "median": [5.87377542161e-07, 4.63111500721e-05, 0.000793874030933, 0.000204052048502, 0.0024691473227, 0.00522249471396, 0.00130580354016, 0.00137487926986, 0.000732099579182, 0.000747618381865, 0.000117799791042, 0.000160646100994, 5.57798775844e-05, 5.87562899454e-05, 2.95101144729e-05, 1.76050925802e-05, 6.33660101812e-06, 1.19633591567e-06, 2.54978260728e-07, 7.41070920185e-08, 1.10608180393e-08, 2.41946529478e-09, 1.29065613752e-09, 8.2613654806e-10, 8.14720513276e-10, 9.73428004869e-10, 3.94937060832e-09], "min": [9.33372334448e-24, 1.22549494294e-23, 1.35034322525e-23, 1.05112284076e-23, 7.42536152967e-23, 7.47791228773e-23, 1.28354603367e-23, 2.40588881467e-23, 6.92720091673e-23, 1.15088823351e-22, 3.41018731756e-23, 4.61009271715e-23, 7.08663096786e-23, 8.44401887876e-23, 2.11768435207e-22, 1.29886061641e-22, 1.98886475465e-22, 2.19588457537e-22, 3.39236240588e-22, 4.041390963e-22, 4.67886504288e-22, 4.76931823241e-22, 6.78359541537e-22, 7.33843953399e-22, 1.22287697866e-21, 1.7701119848e-21, 2.43798035787e-21], "var": [6.62097546927e-12, 4.4186276682e-06, 3.42970415659e-05, 1.44457180795e-05, 5.18622946402e-05, 7.53020576667e-05, 4.5992574087e-06, 2.253279672e-05, 4.00599783461e-05, 3.67622669728e-05, 8.04421290468e-07, 4.59852344648e-06, 1.11211626574e-07, 8.16436127593e-08, 5.3336478345e-08, 1.86135391544e-08, 1.26522170518e-08, 4.22737927996e-10, 3.22732895963e-10, 9.83150019729e-11, 7.49321611704e-12, 1.93633368888e-12, 1.56882936275e-14, 1.07444582531e-17, 7.19574671899e-18, 2.20963888492e-18, 2.73822983701e-18]}, "erbbands": {"dmean": [0.0015844812151, 0.0881562829018, 1.11328923702, 1.9833984375, 1.95471704006, 4.75381994247, 12.6654701233, 20.8566303253, 13.2503709793, 15.6770086288, 25.6126499176, 16.4364185333, 35.1059837341, 20.9516658783, 5.47709703445, 6.68670654297, 3.63973784447, 3.50483989716, 2.20740962029, 1.65785717964, 1.77438211441, 0.670029819012, 0.287909001112, 0.201700106263, 0.0784441009164, 0.0619773380458, 0.0236455146223, 0.0102186528966, 0.0043286154978, 0.00117958779447, 0.000277518411167, 7.39207607694e-05, 2.80404201476e-05, 1.7488919184e-05, 9.85395308817e-06, 6.00031626163e-06, 3.11192593472e-06, 9.48393392264e-07, 3.14110002364e-06, 7.40683344702e-06], "dmean2": [0.00256871059537, 0.139277264476, 1.7629519701, 3.18820142746, 3.22991037369, 6.82925367355, 18.2385292053, 27.4882583618, 18.7090187073, 22.6958656311, 34.826789856, 20.3674201965, 40.0545654297, 28.4963703156, 7.68147087097, 7.59299945831, 4.68906021118, 4.65558052063, 2.96510839462, 2.3898627758, 2.67280077934, 0.893125534058, 0.391916692257, 0.278691649437, 0.112850353122, 0.0784260258079, 0.0328519567847, 0.0151560306549, 0.00578801752999, 0.00170558772516, 0.000365051440895, 0.000108801403258, 4.92381805088e-05, 3.07322443405e-05, 1.68769274751e-05, 9.90897206066e-06, 4.96715802001e-06, 1.61290142842e-06, 4.29048213846e-06, 1.01873838503e-05], "dvar": [9.52440859692e-06, 0.0527237989008, 10.480017662, 31.4777946472, 52.5664291382, 124.525802612, 602.438110352, 1099.92614746, 343.408050537, 877.697692871, 4513.16699219, 3876.92041016, 13969.7626953, 7329.8125, 386.410369873, 3225.04663086, 109.447540283, 73.4167098999, 42.456741333, 22.3984088898, 28.0718708038, 6.69011688232, 0.649397134781, 0.525312483311, 0.293820261955, 0.20076790452, 0.0162885300815, 0.00482587376609, 0.00166916765738, 5.59590553166e-05, 2.40810368268e-06, 1.11626469845e-07, 4.3424610574e-09, 1.67850744415e-09, 1.66794661416e-10, 5.73391056857e-11, 1.46295597164e-11, 1.51837635347e-12, 1.52905899747e-11, 8.45601227928e-11], "dvar2": [2.2410589736e-05, 0.120861724019, 28.3938312531, 85.7338027954, 131.985534668, 232.154891968, 1171.71154785, 1563.84753418, 656.719787598, 1560.33105469, 9935.2890625, 6378.92724609, 18026.5, 14246.3447266, 664.475524902, 4780.59228516, 193.063018799, 109.307952881, 88.5263061523, 46.3395309448, 65.7962722778, 12.7809677124, 1.16372597218, 1.11051762104, 0.569081485271, 0.359782367945, 0.0357391759753, 0.00956617482007, 0.00314772874117, 0.000127919513034, 3.53531527253e-06, 1.51305272311e-07, 1.1352703666e-08, 4.53599868777e-09, 4.63304755671e-10, 1.48153822543e-10, 3.49678341838e-11, 4.04270106974e-12, 3.06449483845e-11, 1.74578976275e-10], "max": [0.0837422907352, 5.87722253799, 56.0442619324, 107.627471924, 164.054046631, 301.71585083, 945.564819336, 699.719665527, 301.248046875, 578.591430664, 1259.07739258, 1597.76416016, 2198.97583008, 2433.32226562, 557.477539062, 3763.45141602, 248.239944458, 187.078842163, 179.844528198, 110.438209534, 110.741287231, 50.761013031, 15.1830024719, 17.4864559174, 23.2760829926, 11.6203260422, 2.81068849564, 1.33597779274, 1.14821743965, 0.161616191268, 0.0352345705032, 0.00865107309073, 0.00138339074329, 0.000959428667556, 0.000198252222617, 0.000125267280964, 6.58525823383e-05, 1.84273267223e-05, 7.03268306097e-05, 0.000167233185493], "mean": [0.00577257899567, 0.368231624365, 3.16274833679, 5.14593505859, 7.83137750626, 17.2778358459, 35.0993537903, 67.7893066406, 44.0068855286, 42.3174819946, 64.4231643677, 51.398727417, 92.2382583618, 52.1726760864, 15.0660209656, 21.0547885895, 9.82378578186, 8.80995178223, 5.84692382812, 4.93473529816, 3.76682257652, 1.44091880322, 0.626150012016, 0.407996505499, 0.150270313025, 0.116494171321, 0.0336124636233, 0.0133186113089, 0.00554807810113, 0.00159027334303, 0.000435348018073, 0.00012289523147, 4.83833646285e-05, 3.54695766873e-05, 2.65105918515e-05, 1.94533749891e-05, 1.1576932593e-05, 3.07148366119e-06, 1.46747088365e-05, 3.33786920237e-05], "median": [0.0011402440723, 0.0325060598552, 0.685366511345, 1.18017828465, 2.94435238838, 5.69606304169, 20.0128040314, 38.9652328491, 30.0881195068, 20.019367218, 31.1753826141, 21.651807785, 32.2332496643, 16.8276481628, 7.56597566605, 8.57250499725, 4.12997770309, 3.81361174583, 2.02793526649, 1.51381671429, 1.10674595833, 0.35677587986, 0.11785428226, 0.0471199378371, 0.00881065987051, 0.00516029261053, 0.00108363118488, 0.000425905833254, 0.000130756452563, 7.90830599726e-05, 4.98697736475e-05, 3.86405481549e-05, 3.21606348734e-05, 2.7971851523e-05, 2.3086413421e-05, 1.76406229002e-05, 1.07182377178e-05, 2.71676321972e-06, 1.37587921927e-05, 3.14033713948e-05], "min": [4.22198962319e-22, 2.57329365632e-21, 1.23297740728e-20, 3.80135406454e-20, 2.72347665719e-20, 2.77968383831e-19, 6.91189845103e-19, 5.84583376443e-19, 2.12525007392e-19, 1.88582419658e-19, 8.73725755429e-19, 1.2952519291e-18, 1.51772370581e-18, 4.78733922801e-18, 1.29294316462e-18, 1.97070941934e-18, 3.84198469802e-18, 4.31572261536e-18, 9.32044118604e-18, 7.43799152446e-18, 8.81850633598e-18, 1.27814326978e-17, 1.15932489592e-17, 1.08506119955e-17, 1.86980521329e-17, 2.19234874216e-17, 1.51246136887e-17, 2.13742014446e-17, 1.82916963483e-17, 1.6353904995e-17, 1.89394565229e-17, 1.64019492994e-17, 1.19674729129e-17, 1.09014687139e-17, 9.57824608601e-18, 5.93222378383e-18, 3.44104756678e-18, 1.52870101293e-18, 3.46478403144e-19, 3.3749615227e-20], "var": [9.33814008022e-05, 0.457379192114, 30.0188159943, 117.57598877, 218.501678467, 868.397277832, 2292.17993164, 6904.49365234, 2072.5480957, 3693.77270508, 11588.0224609, 14226.3037109, 48643.0976562, 19510.1621094, 896.424194336, 12028.8769531, 323.570404053, 243.162612915, 114.328887939, 82.2329177856, 69.7467193604, 13.4932327271, 1.89039981365, 1.19241666794, 0.549462854862, 0.416226565838, 0.0253933183849, 0.00748461019248, 0.00273700780235, 7.18865048839e-05, 5.45810871699e-06, 3.00217720905e-07, 5.53851053908e-09, 1.6236841871e-09, 3.05507757981e-10, 1.42603456821e-10, 4.5672913368e-11, 3.07560921176e-12, 7.42954517352e-11, 4.07392231061e-10]}, "gfcc": {"mean": [-198.740219116, 253.303665161, -117.843971252, -67.9951858521, -23.1117534637, -35.9112815857, -27.8791599274, -12.4674034119, -10.7139158249, -14.3803930283, -7.21542787552, -11.8463487625, 1.30252051353], "cov": [[12281.8603516, 2758.79980469, -3774.81542969, -311.227722168, 754.15625, -962.72668457, -366.323944092, -307.349060059, -285.642303467, -289.310455322, -54.3174781799, -204.305404663, 75.5690460205], [2758.79980469, 1935.92138672, 309.602050781, -332.71774292, 450.480102539, 115.585426331, -232.629425049, -47.9620170593, -89.6527786255, -135.559844971, -17.3754520416, -154.079086304, -68.1101226807], [-3774.81542969, 309.602050781, 2662.45141602, 120.709251404, -25.8630390167, 778.999145508, 75.4954071045, 95.5066223145, 98.2879486084, -1.84107041359, -66.9244384766, -93.6093673706, -132.514160156], [-311.227722168, -332.71774292, 120.709251404, 611.818115234, 38.8036460876, 73.516456604, 271.046325684, 50.3332252502, -23.1923427582, -0.400714069605, -57.6929931641, -51.3594169617, -59.0695343018], [754.15625, 450.480102539, -25.8630390167, 38.8036460876, 474.275390625, 75.2382659912, -65.5561599731, 64.2593994141, -71.1697845459, -88.5861129761, 11.0476703644, -76.0038909912, -63.6573638916], [-962.72668457, 115.585426331, 778.999145508, 73.516456604, 75.2382659912, 403.658355713, 76.6686477661, 24.3536300659, 63.1624298096, -34.941116333, -47.7953948975, -24.3783054352, -62.9490470886], [-366.323944092, -232.629425049, 75.4954071045, 271.046325684, -65.5561599731, 76.6686477661, 229.153457642, 58.5020217896, 28.8214073181, 32.466178894, -33.9183158875, -6.97877216339, -15.8966693878], [-307.349060059, -47.9620170593, 95.5066223145, 50.3332252502, 64.2593994141, 24.3536300659, 58.5020217896, 136.365249634, 57.9134025574, 21.1859798431, 33.1674690247, 15.1984701157, -18.9435596466], [-285.642303467, -89.6527786255, 98.2879486084, -23.1923427582, -71.1697845459, 63.1624298096, 28.8214073181, 57.9134025574, 135.348175049, 59.9471969604, 18.4601173401, 51.7255935669, 11.362528801], [-289.310455322, -135.559844971, -1.84107041359, -0.400714069605, -88.5861129761, -34.941116333, 32.466178894, 21.1859798431, 59.9471969604, 128.856765747, 68.8325500488, 32.28515625, 29.9634017944], [-54.3174781799, -17.3754520416, -66.9244384766, -57.6929931641, 11.0476703644, -47.7953948975, -33.9183158875, 33.1674690247, 18.4601173401, 68.8325500488, 125.52281189, 68.5696868896, 7.02157115936], [-204.305404663, -154.079086304, -93.6093673706, -51.3594169617, -76.0038909912, -24.3783054352, -6.97877216339, 15.1984701157, 51.7255935669, 32.28515625, 68.5696868896, 125.018951416, 44.28723526], [75.5690460205, -68.1101226807, -132.514160156, -59.0695343018, -63.6573638916, -62.9490470886, -15.8966693878, -18.9435596466, 11.362528801, 29.9634017944, 7.02157115936, 44.28723526, 90.4766387939]], "icov": [[0.00125758594368, -0.00230131507851, 0.00226990412921, -0.00159830541816, 0.00076583691407, -0.000488503545057, 0.000566517177504, 0.00112397340126, -0.0023617730476, 0.00234229280613, -0.00190275942441, 0.00247901119292, -0.00151278323028], [-0.00230131507851, 0.00533315911889, -0.00480234110728, 0.00412464700639, -0.00316136935726, 0.00257771182805, -0.00324236950837, 0.000783953582868, 0.00173870846629, -0.00174372363836, 0.0012002850417, -0.00251106568612, 0.00225487165153], [0.00226990412921, -0.00480234110728, 0.00638668145984, -0.00478764623404, 0.00480332458392, -0.00703646335751, 0.00688587408513, -0.00437493808568, 0.00129851500969, -0.00018649789854, -0.000558160478249, 0.00373440468684, -0.00239089946263], [-0.00159830541816, 0.00412464700639, -0.00478764623404, 0.00846796110272, -0.00573711050674, 0.00645595369861, -0.0119335595518, 0.00606742827222, -0.00183545146137, 0.00114928535186, -0.000143288212712, -0.00192673993297, 0.00338934804313], [0.00076583691407, -0.00316136935726, 0.00480332458392, -0.00573711050674, 0.0110143246129, -0.0108763603494, 0.0126570276916, -0.0134334079921, 0.00912636332214, -0.00259889382869, 0.000268895266345, 0.00292086461559, -0.00187266385183], [-0.000488503545057, 0.00257771182805, -0.00703646335751, 0.00645595369861, -0.0108763603494, 0.0209378656, -0.0190360657871, 0.0195525102317, -0.0183527451009, 0.0129873575643, -0.00730858603492, 0.00140100019053, 0.00180715241004], [0.000566517177504, -0.00324236950837, 0.00688587408513, -0.0119335595518, 0.0126570276916, -0.0190360657871, 0.0331085212529, -0.0258916784078, 0.0207572523504, -0.0200671572238, 0.0172635037452, -0.00732228113338, 0.0017203806201], [0.00112397340126, 0.000783953582868, -0.00437493808568, 0.00606742827222, -0.0134334079921, 0.0195525102317, -0.0258916784078, 0.0383644774556, -0.0319027714431, 0.024118822068, -0.0223176144063, 0.0119163664058, -0.00324130756781], [-0.0023617730476, 0.00173870846629, 0.00129851500969, -0.00183545146137, 0.00912636332214, -0.0183527451009, 0.0207572523504, -0.0319027714431, 0.0453704930842, -0.0364136137068, 0.0316984653473, -0.025062283501, 0.0107736419886], [0.00234229280613, -0.00174372363836, -0.00018649789854, 0.00114928535186, -0.00259889382869, 0.0129873575643, -0.0200671572238, 0.024118822068, -0.0364136137068, 0.0509384684265, -0.0442298687994, 0.0315964408219, -0.0183902978897], [-0.00190275942441, 0.0012002850417, -0.000558160478249, -0.000143288212712, 0.000268895266345, -0.00730858603492, 0.0172635037452, -0.0223176144063, 0.0316984653473, -0.0442298687994, 0.0540130622685, -0.0381666347384, 0.0202036648989], [0.00247901119292, -0.00251106568612, 0.00373440468684, -0.00192673993297, 0.00292086461559, 0.00140100019053, -0.00732228113338, 0.0119163664058, -0.025062283501, 0.0315964408219, -0.0381666347384, 0.0414309687912, -0.0201454237103], [-0.00151278323028, 0.00225487165153, -0.00239089946263, 0.00338934804313, -0.00187266385183, 0.00180715241004, 0.0017203806201, -0.00324130756781, 0.0107736419886, -0.0183902978897, 0.0202036648989, -0.0201454237103, 0.025318339467]]}, "melbands": {"dmean": [3.52203533112e-05, 0.000422548007919, 0.000331497431034, 0.000198169014766, 0.000414893642301, 0.00045876216609, 0.000196058055735, 0.000184686898137, 0.000193725238205, 0.000113450172648, 0.000176490138983, 8.89789589564e-05, 2.03394338314e-05, 1.55012712639e-05, 1.20655322462e-05, 6.99923884895e-06, 6.50334595775e-06, 3.49708557223e-06, 2.66486858891e-06, 2.01136049327e-06, 2.29477154789e-06, 8.36284925754e-07, 3.81007140504e-07, 2.32331643701e-07, 1.68340392293e-07, 6.05617600513e-08, 4.16952161686e-08, 4.07072562325e-08, 1.23900179005e-08, 1.13688649606e-08, 4.48679005061e-09, 3.4162250806e-09, 6.37186137187e-10, 5.60938129279e-10, 1.30501220941e-10, 1.3428635981e-10, 2.30355370195e-11, 2.09803684842e-11, 1.74173193229e-11, 1.23234235316e-11], "dmean2": [5.59183426958e-05, 0.000670090317726, 0.000537662708666, 0.000300371611957, 0.000592345139012, 0.000599720049649, 0.00027850116021, 0.000266225426458, 0.000259881839156, 0.000137383729452, 0.000201583010494, 0.000122125013149, 2.85845871986e-05, 1.86623146874e-05, 1.45137637446e-05, 9.15696818993e-06, 8.69669020176e-06, 4.71134990221e-06, 3.71547525901e-06, 3.0204853374e-06, 3.39379880643e-06, 1.0795348544e-06, 5.3158640867e-07, 3.16368158337e-07, 2.35176258911e-07, 9.09703246066e-08, 5.50148833156e-08, 5.1823406011e-08, 1.73836269823e-08, 1.702927932e-08, 6.62200205781e-09, 4.48719239543e-09, 9.75192482322e-10, 8.19053491696e-10, 1.80196982336e-10, 1.7825492471e-10, 4.18660071888e-11, 3.75396380647e-11, 3.14502000831e-11, 2.25361933975e-11], "dvar": [7.129438373e-09, 1.42955570936e-06, 8.60035356709e-07, 2.08989035855e-07, 6.95610083312e-07, 5.18560455021e-07, 6.81334526575e-08, 1.32309722289e-07, 2.50101550137e-07, 1.74140467379e-07, 3.481875126e-07, 1.42136528325e-07, 7.82687781253e-09, 1.56796158279e-08, 4.2742396289e-09, 2.51122150852e-10, 2.94138324808e-10, 9.89185400257e-11, 5.94042384727e-11, 3.66225764992e-11, 5.30101205987e-11, 1.70301463903e-11, 2.70268876723e-12, 5.68426599193e-13, 4.93973189176e-13, 2.17382657556e-13, 5.19210630707e-14, 1.13737320885e-13, 5.72826359371e-15, 5.29839183188e-15, 1.25290911272e-15, 1.39508126358e-15, 2.93826200282e-17, 1.3262378667e-17, 5.20082520614e-19, 7.70266398808e-19, 3.0329611135e-21, 2.7588432328e-21, 4.05680674397e-21, 4.46594075606e-22], "dvar2": [1.49507055625e-08, 3.82877487937e-06, 2.34051890402e-06, 4.59104228412e-07, 1.32472450787e-06, 7.30158319584e-07, 1.36931802786e-07, 2.29452822964e-07, 5.25137238583e-07, 2.60203677271e-07, 4.49557774118e-07, 2.74929959687e-07, 1.27161738916e-08, 2.58475107984e-08, 6.03803718136e-09, 4.13513695507e-10, 4.32451963128e-10, 2.02864711141e-10, 1.16709392151e-10, 8.11107569998e-11, 1.19083076733e-10, 3.24059147572e-11, 4.51759246331e-12, 1.13337431887e-12, 1.05219446437e-12, 4.50843599649e-13, 9.13720799869e-14, 2.05714107858e-13, 1.30301416087e-14, 1.10332106136e-14, 2.41613480051e-15, 2.62914029333e-15, 7.80249230098e-17, 2.94101849949e-17, 8.50492164877e-19, 1.02017539454e-18, 8.7378973591e-21, 7.80131645599e-21, 1.11267311525e-20, 1.29599198999e-21], "max": [0.00270153768361, 0.020976671949, 0.015045164153, 0.00857536960393, 0.0323235988617, 0.0143919615075, 0.00410777330399, 0.00732973217964, 0.00909221172333, 0.00871182512492, 0.0109231872484, 0.010827970691, 0.00262631452642, 0.00805219169706, 0.00423213979229, 0.000292136654025, 0.000374346185708, 0.000257976673311, 0.000169979626662, 0.000119986354548, 0.00014764079242, 8.33941448946e-05, 4.0802253352e-05, 1.06101715573e-05, 1.84119980986e-05, 1.64518405654e-05, 7.79678703111e-06, 8.82801850821e-06, 1.5968137177e-06, 1.81530992904e-06, 7.40065217997e-07, 1.06309653347e-06, 1.75143156866e-07, 8.30030373322e-08, 1.56433639376e-08, 2.18820890296e-08, 9.28034815662e-10, 7.90080889601e-10, 1.57953095048e-09, 3.77980008404e-10], "mean": [0.000157548638526, 0.00127745501231, 0.000954839459155, 0.000813550315797, 0.00119482830632, 0.00152741279453, 0.000640169717371, 0.000481314084027, 0.000494585721754, 0.000335475808242, 0.0004578595981, 0.000213123334106, 5.02744260302e-05, 4.79389818793e-05, 3.62189166481e-05, 1.74658580363e-05, 1.58188013302e-05, 8.50960441312e-06, 8.4465909822e-06, 4.8718789003e-06, 4.54382461612e-06, 1.68798874256e-06, 7.6775558e-07, 4.73234138099e-07, 3.30127278403e-07, 1.0602810363e-07, 8.52389163697e-08, 7.26276496721e-08, 1.83669008891e-08, 1.27158363838e-08, 5.99858696049e-09, 4.2641232767e-09, 8.14342426825e-10, 7.2096140169e-10, 1.80915893377e-10, 1.99187541461e-10, 2.37160967947e-11, 2.13865071486e-11, 1.73176004786e-11, 1.28637109645e-11], "median": [9.80568256637e-06, 0.000265015347395, 0.000287146074697, 0.000328448193613, 0.000621505139861, 0.000917747442145, 0.000461383373477, 0.000223098904826, 0.000218208690058, 0.000124031517771, 0.000154927140102, 6.05053501204e-05, 2.09306890611e-05, 1.90020818991e-05, 1.59569517564e-05, 7.29399698685e-06, 5.87642034588e-06, 2.46335798693e-06, 1.70926443843e-06, 1.36100004511e-06, 7.49786693177e-07, 2.76027293467e-07, 6.87808565658e-08, 4.9239719857e-08, 3.07853014192e-08, 2.904595231e-09, 3.1501723452e-09, 1.93387572622e-09, 2.76203060423e-10, 2.91772189742e-10, 1.11842257677e-10, 4.76530655213e-11, 3.58056709282e-11, 2.98754042338e-11, 1.84480989512e-11, 1.41370326903e-11, 1.08690131548e-11, 9.35710189887e-12, 8.20758825487e-12, 7.38168207115e-12], "min": [3.7974620129e-24, 5.5767141188e-24, 5.21977467514e-24, 8.53155987782e-24, 2.42239667575e-23, 1.28242876997e-23, 3.02272053459e-24, 2.00843848419e-24, 8.22899701079e-24, 8.94943448767e-24, 7.82902796576e-24, 2.04044079617e-23, 4.56609336907e-24, 4.06471467696e-24, 7.92717409528e-24, 6.863540315e-24, 8.20434352978e-24, 1.26812198859e-23, 1.55548887023e-23, 6.91162454262e-24, 1.12879353328e-23, 1.23748373544e-23, 1.38776268452e-23, 8.30701298773e-24, 7.55023268894e-24, 1.77696961576e-23, 9.55275767457e-24, 1.59730118034e-23, 8.55919209761e-24, 1.01282798254e-23, 1.29069642669e-23, 1.0532380135e-23, 8.35714273167e-24, 9.98983079227e-24, 1.13151123799e-23, 1.03458602849e-23, 1.03840869066e-23, 8.36957833498e-24, 8.85847566986e-24, 9.27561111704e-24], "var": [9.18483848977e-08, 4.6384639063e-06, 2.89871195491e-06, 1.2204380937e-06, 3.11542498821e-06, 3.24662369167e-06, 3.99919542815e-07, 5.3890602203e-07, 7.12919074886e-07, 6.30754925623e-07, 1.21699054034e-06, 3.80006724754e-07, 1.70661689225e-08, 5.45530447482e-08, 1.66443090421e-08, 8.72939498464e-10, 9.53441658957e-10, 2.57828786099e-10, 3.21663612413e-10, 9.38694816321e-11, 1.29281821359e-10, 3.33143304609e-11, 7.59282393903e-12, 1.43102836438e-12, 1.07709197464e-12, 3.87391372236e-13, 1.388002533e-13, 2.28839055995e-13, 9.61300402344e-15, 6.2934264225e-15, 2.1869514019e-15, 2.28230550066e-15, 2.82056644393e-17, 1.71006191319e-17, 1.00501193315e-18, 1.96253790887e-18, 2.77302728005e-21, 2.6508608219e-21, 2.97852531866e-21, 3.65546733395e-22]}, "mfcc": {"mean": [-812.59197998, 261.840454102, -0.245098188519, -28.7329673767, 0.221606850624, -14.9581270218, -18.3028278351, -8.5952911377, -4.83712100983, -5.48600816727, -7.30036687851, -5.96216201782, -3.84893536568], "cov": [[5118.38916016, 2464.89208984, -1993.91674805, -414.234313965, 284.688354492, -302.456207275, -152.036056519, -95.0010070801, -218.523406982, -146.570114136, -154.790390015, -130.32649231, -23.133687973], [2464.89208984, 2063.15893555, -188.883850098, -403.345611572, 308.268035889, 115.701690674, -89.6804199219, -14.0061645508, -69.2840957642, -87.2444000244, -25.2797107697, -15.7670650482, -36.0869865417], [-1993.91674805, -188.883850098, 1787.95251465, 291.080749512, -7.27341651917, 455.715332031, 189.226623535, 110.215034485, 197.171157837, 126.872673035, 119.820358276, 74.9365234375, -17.8744888306], [-414.234313965, -403.345611572, 291.080749512, 556.41607666, 79.0826034546, 52.5050621033, 238.688720703, 121.4842453, 65.5743865967, 112.20916748, 34.6458091736, -21.2500400543, -1.6126563549], [284.688354492, 308.268035889, -7.27341651917, 79.0826034546, 332.748657227, 112.56477356, 67.7774505615, 117.537643433, -10.3878288269, -21.9666519165, 29.642950058, -2.12612915039, -23.1366500854], [-302.456207275, 115.701690674, 455.715332031, 52.5050621033, 112.56477356, 303.892791748, 121.976387024, 63.4959449768, 79.8334121704, 34.1845321655, 37.2259368896, 14.7832870483, -16.3584213257], [-152.036056519, -89.6804199219, 189.226623535, 238.688720703, 67.7774505615, 121.976387024, 217.428390503, 97.4144592285, 35.7735290527, 70.9044570923, 25.660150528, -7.05113554001, 6.81438207626], [-95.0010070801, -14.0061645508, 110.215034485, 121.4842453, 117.537643433, 63.4959449768, 97.4144592285, 164.718505859, 67.3176422119, 6.09584331512, 40.8768310547, 12.3710765839, -11.7625923157], [-218.523406982, -69.2840957642, 197.171157837, 65.5743865967, -10.3878288269, 79.8334121704, 35.7735290527, 67.3176422119, 136.640167236, 66.8909912109, 14.9841794968, 17.9287338257, -4.57630109787], [-146.570114136, -87.2444000244, 126.872673035, 112.20916748, -21.9666519165, 34.1845321655, 70.9044570923, 6.09584331512, 66.8909912109, 130.542861938, 41.6125450134, -4.1485004425, 19.2820014954], [-154.790390015, -25.2797107697, 119.820358276, 34.6458091736, 29.642950058, 37.2259368896, 25.660150528, 40.8768310547, 14.9841794968, 41.6125450134, 108.373802185, 59.1589012146, 15.358338356], [-130.32649231, -15.7670650482, 74.9365234375, -21.2500400543, -2.12612915039, 14.7832870483, -7.05113554001, 12.3710765839, 17.9287338257, -4.1485004425, 59.1589012146, 127.751472473, 79.1890869141], [-23.133687973, -36.0869865417, -17.8744888306, -1.6126563549, -23.1366500854, -16.3584213257, 6.81438207626, -11.7625923157, -4.57630109787, 19.2820014954, 15.358338356, 79.1890869141, 135.437820435]], "icov": [[2.1632232666, -3.02636027336, 2.93319010735, -2.78268718719, 2.58452033997, -2.32906031609, 2.03359699249, -1.71305143833, 1.36038243771, -0.979602515697, 0.668126046658, -0.394974648952, 0.166816174984], [-3.02636027336, 4.23468732834, -4.10370635986, 3.89407920837, -3.61721515656, 3.25915956497, -2.8463716507, 2.39806199074, -1.90449416637, 1.37135910988, -0.935311496258, 0.553256392479, -0.233631849289], [2.93319010735, -4.10370635986, 3.97888493538, -3.77511954308, 3.5074737072, -3.16345953941, 2.76301884651, -2.3287320137, 1.85090243816, -1.33406829834, 0.909851670265, -0.539544403553, 0.228337079287], [-2.78268718719, 3.89407920837, -3.77511954308, 3.58762693405, -3.33192515373, 3.00712943077, -2.63266348839, 2.21762990952, -1.7662872076, 1.27257120609, -0.869512438774, 0.516904771328, -0.218648940325], [2.58452033997, -3.61721515656, 3.5074737072, -3.33192515373, 3.10530376434, -2.80273866653, 2.45583415031, -2.0809969902, 1.66187560558, -1.20054495335, 0.821072101593, -0.490598589182, 0.209358677268], [-2.32906031609, 3.25915956497, -3.16345953941, 3.00712943077, -2.80273866653, 2.54321408272, -2.23337888718, 1.89378213882, -1.5213804245, 1.10394465923, -0.756881058216, 0.454981595278, -0.194658264518], [2.03359699249, -2.8463716507, 2.76301884651, -2.63266348839, 2.45583415031, -2.23337888718, 1.98137426376, -1.68501472473, 1.36137235165, -0.996198475361, 0.684579432011, -0.414661377668, 0.178637191653], [-1.71305143833, 2.39806199074, -2.3287320137, 2.21762990952, -2.0809969902, 1.89378213882, -1.68501472473, 1.45857298374, -1.18474245071, 0.8729596138, -0.604705870152, 0.370408266783, -0.162194222212], [1.36038243771, -1.90449416637, 1.85090243816, -1.7662872076, 1.66187560558, -1.5213804245, 1.36137235165, -1.18474245071, 0.984523177147, -0.729386031628, 0.507036268711, -0.318204641342, 0.142571881413], [-0.979602515697, 1.37135910988, -1.33406829834, 1.27257120609, -1.20054495335, 1.10394465923, -0.996198475361, 0.8729596138, -0.729386031628, 0.558102011681, -0.387600600719, 0.247048914433, -0.113248378038], [0.668126046658, -0.935311496258, 0.909851670265, -0.869512438774, 0.821072101593, -0.756881058216, 0.684579432011, -0.604705870152, 0.507036268711, -0.387600600719, 0.284807771444, -0.181427359581, 0.0826142653823], [-0.394974648952, 0.553256392479, -0.539544403553, 0.516904771328, -0.490598589182, 0.454981595278, -0.414661377668, 0.370408266783, -0.318204641342, 0.247048914433, -0.181427359581, 0.132155060768, -0.0635448247194], [0.166816174984, -0.233631849289, 0.228337079287, -0.218648940325, 0.209358677268, -0.194658264518, 0.178637191653, -0.162194222212, 0.142571881413, -0.113248378038, 0.0826142653823, -0.0635448247194, 0.0390628166497]]}, "spectral_contrast_coeffs": {"dmean": [0.0394958928227, 0.0382361337543, 0.0336963795125, 0.0312936790287, 0.0225650332868, 0.0408069267869], "dmean2": [0.0667722821236, 0.0600041970611, 0.0534231215715, 0.0495077855885, 0.035637203604, 0.0717972442508], "dvar": [0.00119822425768, 0.0010601534741, 0.00108301627915, 0.00102241768036, 0.00058301910758, 0.00139452645089], "dvar2": [0.00321034970693, 0.00248760334216, 0.00238266936503, 0.00247521256097, 0.00131056783721, 0.00380478636362], "max": [-0.234337061644, -0.358105331659, -0.391456127167, -0.527165710926, -0.512703478336, -0.578573107719], "mean": [-0.521750211716, -0.634596526623, -0.65097284317, -0.688781499863, -0.68234616518, -0.880872428417], "median": [-0.523415029049, -0.630799651146, -0.6512414217, -0.677416563034, -0.666045427322, -0.892529428005], "min": [-0.94311106205, -0.960532903671, -0.955316901207, -0.961004376411, -0.95877546072, -0.963255286217], "var": [0.0142817283049, 0.00664639566094, 0.00605985615402, 0.00480584613979, 0.00790956895798, 0.00368442805484]}, "spectral_contrast_valleys": {"dmean": [0.409373402596, 0.298840105534, 0.320868343115, 0.359513431787, 0.319525450468, 0.864152789116], "dmean2": [0.684919655323, 0.477173805237, 0.503549158573, 0.559880375862, 0.500421881676, 1.5409860611], "dvar": [0.157827973366, 0.117165371776, 0.14309309423, 0.199554488063, 0.199998602271, 0.52171766758], "dvar2": [0.340141743422, 0.218988701701, 0.262711584568, 0.385826289654, 0.383632659912, 1.52079331875], "max": [-5.94225645065, -5.16421985626, -5.95776081085, -6.9702630043, -8.08570671082, -12.2182397842], "mean": [-8.69709873199, -6.78255653381, -8.0820980072, -9.80803012848, -12.1190900803, -14.3623428345], "median": [-8.70115947723, -6.52867984772, -7.83364391327, -9.58440589905,