{"lowlevel": {"average_loudness": 0.674530684948, "barkbands_crest": {"dmean": 2.87824034691, "dmean2": 4.45915079117, "dvar": 5.71400880814, "dvar2": 13.1881809235, "max": 26.5940113068, "mean": 14.1962738037, "median": 13.6771736145, "min": 4.3794670105, "var": 19.6319236755}, "barkbands_flatness_db": {"dmean": 0.0217212624848, "dmean2": 0.030948067084, "dvar": 0.000302428205032, "dvar2": 0.000671196437906, "max": 0.507995963097, "mean": 0.361513972282, "median": 0.360565036535, "min": 0.0562441498041, "var": 0.00199967692606}, "barkbands_kurtosis": {"dmean": 2.95892691612, "dmean2": 4.61791944504, "dvar": 38.296672821, "dvar2": 93.1454925537, "max": 193.377883911, "mean": 3.51483416557, "median": 1.16680788994, "min": -1.86977684498, "var": 70.2036437988}, "barkbands_skewness": {"dmean": 0.520052433014, "dmean2": 0.77112197876, "dvar": 0.266273081303, "dvar2": 0.591073572636, "max": 11.879901886, "mean": 0.471971988678, "median": 0.287863433361, "min": -5.78709793091, "var": 1.52748727798}, "barkbands_spread": {"dmean": 1.64013266563, "dmean2": 2.39048266411, "dvar": 3.50722050667, "dvar2": 7.23002529144, "max": 88.5514221191, "mean": 5.27816438675, "median": 4.53738307953, "min": 0.259762823582, "var": 13.0060100555}, "dissonance": {"dmean": 0.0523718930781, "dmean2": 0.0880674496293, "dvar": 0.00185021979269, "dvar2": 0.00528148096055, "max": 0.49946680665, "mean": 0.3225877285, "median": 0.32522469759, "min": 0.069616727531, "var": 0.00506854010746}, "dynamic_complexity": 4.46034908295, "erbbands_crest": {"dmean": 3.90308308601, "dmean2": 6.27407979965, "dvar": 9.91851902008, "dvar2": 24.5111312866, "max": 34.0081253052, "mean": 18.1408348083, "median": 17.4611740112, "min": 2.96178293228, "var": 30.687707901}, "erbbands_flatness_db": {"dmean": 0.0188682228327, "dmean2": 0.027276724577, "dvar": 0.000239176108153, "dvar2": 0.000546595198102, "max": 0.525571227074, "mean": 0.406923800707, "median": 0.412206977606, "min": 0.0561998523772, "var": 0.00222737714648}, "erbbands_kurtosis": {"dmean": 2.53974604607, "dmean2": 4.15722799301, "dvar": 14.7501277924, "dvar2": 35.8095207214, "max": 95.2605514526, "mean": 2.25186824799, "median": 0.995339512825, "min": -1.76557433605, "var": 21.3849544525}, "erbbands_skewness": {"dmean": 0.60636305809, "dmean2": 0.897066235542, "dvar": 0.284037530422, "dvar2": 0.646049618721, "max": 8.85756587982, "mean": 0.408764243126, "median": 0.349293708801, "min": -3.89004826546, "var": 1.07915365696}, "erbbands_spread": {"dmean": 2.21275258064, "dmean2": 3.37900733948, "dvar": 5.11349058151, "dvar2": 11.7204399109, "max": 107.429222107, "mean": 7.80278348923, "median": 6.92885828018, "min": 0.6906940341, "var": 19.572763443}, "hfc": {"dmean": 5.3048157692, "dmean2": 7.69139862061, "dvar": 55.1612358093, "dvar2": 124.143165588, "max": 115.432952881, "mean": 16.0418243408, "median": 10.0144023895, "min": 1.19409583002e-16, "var": 278.632324219}, "melbands_crest": {"dmean": 3.39286494255, "dmean2": 5.12246227264, "dvar": 8.67334079742, "dvar2": 19.0210952759, "max": 34.6393890381, "mean": 17.1031398773, "median": 16.3059082031, "min": 1.82512748241, "var": 33.1490821838}, "melbands_flatness_db": {"dmean": 0.0201550181955, "dmean2": 0.0276140738279, "dvar": 0.00027477851836, "dvar2": 0.000559308682568, "max": 0.595806479454, "mean": 0.42351013422, "median": 0.422420710325, "min": 0.00471773697063, "var": 0.00309046311304}, "melbands_kurtosis": {"dmean": 2.69584155083, "dmean2": 4.12117195129, "dvar": 36.0238571167, "dvar2": 84.6343765259, "max": 235.516815186, "mean": 3.25139522552, "median": 0.948929905891, "min": -1.84120976925, "var": 63.2510604858}, "melbands_skewness": {"dmean": 0.48177587986, "dmean2": 0.713352799416, "dvar": 0.205474436283, "dvar2": 0.450439065695, "max": 8.31385803223, "mean": 0.550234138966, "median": 0.370948344469, "min": -3.25465607643, "var": 1.18843221664}, "melbands_spread": {"dmean": 3.09037017822, "dmean2": 4.54891061783, "dvar": 14.3945236206, "dvar2": 32.3485183716, "max": 159.434082031, "mean": 10.4369039536, "median": 8.68408203125, "min": 0.503386855125, "var": 103.816001892}, "pitch_salience": {"dmean": 0.0619476810098, "dmean2": 0.09812733531, "dvar": 0.00272191292606, "dvar2": 0.00687225814909, "max": 0.861373126507, "mean": 0.432903409004, "median": 0.425669699907, "min": 0.0813954547048, "var": 0.0110861472785}, "silence_rate_20dB": {"dmean": 0, "dmean2": 0, "dvar": 0, "dvar2": 0, "max": 1, "mean": 1, "median": 1, "min": 1, "var": 0}, "silence_rate_30dB": {"dmean": 0.00305390125141, "dmean2": 0.00610873568803, "dvar": 0.00304470211267, "dvar2": 0.00759909907356, "max": 1, "mean": 0.997404575348, "median": 1, "min": 0, "var": 0.00258916267194}, "silence_rate_60dB": {"dmean": 0.0320659652352, "dmean2": 0.0641417205334, "dvar": 0.0310332477093, "dvar2": 0.0710279792547, "max": 1, "mean": 0.110839694738, "median": 0, "min": 0, "var": 0.0985611006618}, "spectral_centroid": {"dmean": 74.4853591919, "dmean2": 113.731765747, "dvar": 14817.2509766, "dvar2": 23041.1328125, "max": 11275.7451172, "mean": 713.194580078, "median": 702.711120605, "min": 271.816741943, "var": 107987.484375}, "spectral_complexity": {"dmean": 0.914032697678, "dmean2": 1.61148440838, "dvar": 0.78157299757, "dvar2": 2.03173398972, "max": 14, "mean": 6.61648845673, "median": 7, "min": 0, "var": 4.92865896225}, "spectral_decrease": {"dmean": 1.56677759655e-09, "dmean2": 2.10870942929e-09, "dvar": 3.98369521261e-18, "dvar2": 7.92244225792e-18, "max": 2.6593687287e-16, "mean": -5.20625809131e-09, "median": -3.78362408071e-09, "min": -3.58846179438e-08, "var": 2.20579257779e-17}, "spectral_energy": {"dmean": 0.0063733602874, "dmean2": 0.00861754082143, "dvar": 6.65058250888e-05, "dvar2": 0.000133580440888, "max": 0.145301014185, "mean": 0.0211046598852, "median": 0.0152542553842, "min": 1.07316522436e-20, "var": 0.000367981672753}, "spectral_energyband_high": {"dmean": 9.05293802589e-07, "dmean2": 1.55769578214e-06, "dvar": 1.51578645469e-11, "dvar2": 4.50787289441e-11, "max": 0.000130030239234, "mean": 2.06973845707e-06, "median": 4.67624886369e-07, "min": 7.73537545932e-21, "var": 3.40193359594e-11}, "spectral_energyband_low": {"dmean": 8.94998302101e-05, "dmean2": 8.51341101225e-05, "dvar": 2.56812313637e-08, "dvar2": 2.60767496485e-08, "max": 0.0111719407141, "mean": 0.000540786248166, "median": 0.000178456830326, "min": 4.67285796176e-23, "var": 1.21409982512e-06}, "spectral_energyband_middle_high": {"dmean": 0.00343009224162, "dmean2": 0.00519919162616, "dvar": 2.9861328585e-05, "dvar2": 6.71262096148e-05, "max": 0.0965541526675, "mean": 0.00779686169699, "median": 0.00356161640957, "min": 1.63040186596e-21, "var": 0.000113883979793}, "spectral_energyband_middle_low": {"dmean": 0.00488390447572, "dmean2": 0.00623515015468, "dvar": 4.47022175649e-05, "dvar2": 8.03300936241e-05, "max": 0.128935530782, "mean": 0.0139435371384, "median": 0.00921682827175, "min": 3.4671244578e-22, "var": 0.000203385614441}, "spectral_entropy": {"dmean": 0.170547232032, "dmean2": 0.237784072757, "dvar": 0.0192626230419, "dvar2": 0.0403152555227, "max": 9.79846000671, "mean": 5.57986927032, "median": 5.58776044846, "min": 4.14108085632, "var": 0.195278540254}, "spectral_flux": {"dmean": 0.0166651364416, "dmean2": 0.029046036303, "dvar": 0.000275290280115, "dvar2": 0.000838569190819, "max": 0.209851622581, "mean": 0.0490799359977, "median": 0.043334428221, "min": 1.03593689182e-10, "var": 0.000841280038003}, "spectral_kurtosis": {"dmean": 23.1009979248, "dmean2": 40.0848770142, "dvar": 380.890563965, "dvar2": 1092.08862305, "max": 199.425628662, "mean": 60.5433769226, "median": 54.7632980347, "min": -1.16275036335, "var": 1205.55407715}, "spectral_rms": {"dmean": 0.00063443928957, "dmean2": 0.000846276991069, "dvar": 3.64851047152e-07, "dvar2": 7.46393936879e-07, "max": 0.0119061786681, "mean": 0.00407080631703, "median": 0.00385774555616, "min": 3.23572332123e-12, "var": 4.01836769015e-06}, "spectral_rolloff": {"dmean": 185.240966797, "dmean2": 345.697631836, "dvar": 147936.3125, "dvar2": 292392.3125, "max": 19767.4804688, "mean": 1032.08203125, "median": 882.861328125, "min": 215.33203125, "var": 1708961.625}, "spectral_skewness": {"dmean": 1.42279624939, "dmean2": 2.5077278614, "dvar": 1.24140501022, "dvar2": 3.64102768898, "max": 11.1126127243, "mean": 5.20080566406, "median": 4.99048137665, "min": -0.0481822527945, "var": 3.71035075188}, "spectral_spread": {"dmean": 296693.78125, "dmean2": 522931.5, "dvar": 176439558144, "dvar2": 296098463744, "max": 39904828, "mean": 1276084.375, "median": 1182058, "min": 378248.71875, "var": 1100214697980.0}, "spectral_strongpeak": {"dmean": 0.784740865231, "dmean2": 1.2111774683, "dvar": 0.902697741985, "dvar2": 2.28522491455, "max": 13.5453023911, "mean": 2.49414587021, "median": 2.06173849106, "min": 0, "var": 3.58017110825}, "zerocrossingrate": {"dmean": 0.00339045678265, "dmean2": 0.00412623025477, "dvar": 5.31996556674e-05, "dvar2": 4.48660321126e-05, "max": 0.72314453125, "mean": 0.0363041944802, "median": 0.03369140625, "min": 0.0107421875, "var": 0.00197809515521}, "barkbands": {"dmean": [3.88224322023e-07, 1.97481458599e-05, 5.11415055371e-05, 7.15293062967e-05, 0.000344501168001, 0.000360392703442, 0.000941641628742, 0.00142548640724, 0.0020017628558, 0.00205128476955, 0.00113960367162, 0.000840051914565, 0.000585336412769, 0.00052368507022, 0.000342304469086, 9.11554961931e-05, 8.19037450128e-06, 5.76984211875e-06, 4.55573717772e-06, 1.988833219e-06, 3.28467336885e-07, 4.15950829336e-08, 8.81654571572e-09, 3.32780203394e-09, 1.32563104938e-09, 9.15380937716e-10, 1.02593467055e-09], "dmean2": [6.74078762586e-07, 2.02597802854e-05, 4.89672311232e-05, 6.38588608126e-05, 0.000328670430463, 0.000412121007685, 0.00108304573223, 0.00179072422907, 0.00265503767878, 0.00294730486348, 0.00169842096511, 0.00133444927633, 0.000949680397753, 0.000879867409822, 0.000588107330259, 0.0001629749313, 1.42199560287e-05, 9.99765870802e-06, 7.89696150605e-06, 3.42380576512e-06, 5.5436794355e-07, 7.10707581675e-08, 1.49134997685e-08, 5.63652813312e-09, 2.3361033108e-09, 1.69027469799e-09, 1.88662130363e-09], "dvar": [7.47514355103e-13, 3.64534002983e-09, 1.10615099302e-08, 3.28558016349e-08, 2.56201104776e-07, 5.8513546719e-07, 4.21078402724e-06, 9.86731629382e-06, 2.67583745881e-05, 1.62406631716e-05, 1.48099570652e-05, 5.27668044015e-06, 3.27591442328e-06, 2.78401489595e-06, 1.97162808036e-06, 6.86665430294e-07, 3.19358428591e-10, 1.43366554739e-10, 9.33304336592e-11, 3.83362890044e-11, 6.25443273561e-13, 1.25555837767e-14, 3.62416254903e-16, 3.22092980133e-17, 4.08857096093e-18, 2.08617928336e-18, 2.2979278008e-18], "dvar2": [2.09440364357e-12, 3.61770347013e-09, 1.0461820743e-08, 3.17584216702e-08, 2.51828339515e-07, 8.45122656301e-07, 5.74315163249e-06, 1.59313549375e-05, 4.77671601402e-05, 3.10548020934e-05, 3.02145508613e-05, 1.24938906083e-05, 8.16330884845e-06, 7.44534781916e-06, 5.51783159608e-06, 1.95265624825e-06, 9.48593759098e-10, 4.23110269043e-10, 2.77426775996e-10, 1.10871312131e-10, 1.7826972537e-12, 3.43753176694e-14, 1.04190664106e-15, 9.10331785577e-17, 1.24301696235e-17, 6.84986859048e-18, 7.59848441563e-18], "max": [1.83079228009e-05, 0.00404382636771, 0.00732549792156, 0.0102097941563, 0.021071754396, 0.0288283806294, 0.0546542666852, 0.0815323516726, 0.126077488065, 0.0639212876558, 0.0831729322672, 0.0364722572267, 0.0435618460178, 0.0260041449219, 0.0356988608837, 0.0267487987876, 0.000277549377643, 0.000215808511712, 0.000149875035277, 0.000124947357108, 1.91944145627e-05, 2.07798211704e-06, 6.45814054678e-07, 1.35620808805e-07, 5.60482753542e-08, 1.65854370238e-08, 1.6557516247e-08], "mean": [4.98768088164e-07, 0.000132709348691, 0.000261529377894, 0.000313978060149, 0.00111550779548, 0.000968712731265, 0.00228776736185, 0.00283521064557, 0.00409028399736, 0.00381059409119, 0.00185282900929, 0.00120763364248, 0.000897310499568, 0.000713350716978, 0.000453943706816, 0.000126990766148, 1.35159598358e-05, 9.944188605e-06, 7.8436341937e-06, 3.66738299817e-06, 6.83816153924e-07, 1.1028139113e-07, 3.09253493924e-08, 1.19808838406e-08, 4.08356193304e-09, 1.35526778688e-09, 1.9176342736e-09], "median": [6.01344822826e-08, 1.13690666694e-05, 7.66190642025e-05, 7.01149110682e-05, 0.000550275435671, 0.000233506638324, 0.00040767819155, 0.000272127828794, 0.000246188836172, 0.000601481355261, 3.27493617078e-05, 6.06260000495e-05, 2.3877768399e-05, 1.7528225726e-05, 1.11618519441e-05, 6.60427485855e-06, 4.40739768237e-06, 3.13639429805e-06, 2.41955422098e-06, 6.81816061388e-07, 1.42549311022e-07, 3.9746772984e-08, 1.49004710792e-08, 5.96773874761e-09, 2.10586437177e-09, 7.18352544116e-10, 1.6525218971e-09], "min": [2.57472492768e-23, 1.34283563601e-23, 1.1059071007e-23, 1.11247894313e-23, 2.28723451042e-23, 4.50998658382e-23, 8.83376539086e-23, 7.73346851115e-23, 5.72412997611e-23, 9.06674693952e-23, 1.36343020678e-22, 1.72150540504e-22, 7.11048738381e-23, 1.2695830221e-22, 1.17230082148e-22, 1.1625804143e-22, 1.58017157065e-22, 1.94481211113e-22, 2.45495280753e-22, 3.20351794041e-22, 4.72668692692e-22, 5.2924221223e-22, 7.11020553958e-22, 7.04040914617e-22, 1.1942419084e-21, 1.75644492544e-21, 2.41201443951e-21], "var": [1.6049003489e-12, 1.79351914653e-07, 4.01610719791e-07, 7.01592796304e-07, 2.68587041319e-06, 4.25399321102e-06, 2.39857672568e-05, 3.33257339662e-05, 0.000103298072645, 5.37112209713e-05, 3.97607509512e-05, 1.04480923255e-05, 7.06496030034e-06, 4.62872958451e-06, 3.08485664391e-06, 1.25360429593e-06, 5.7809734777e-10, 2.71647593308e-10, 1.78331224787e-10, 7.98476632036e-11, 1.69344746559e-12, 4.17919347674e-14, 2.25711474081e-15, 2.35567115351e-16, 2.53916191564e-17, 2.69370808131e-18, 1.7299566409e-18]}, "erbbands": {"dmean": [0.000418213341618, 0.00543974386528, 0.0404878035188, 0.168018400669, 0.559463560581, 1.29381883144, 1.84041213989, 3.63984322548, 13.0995454788, 14.0181035995, 34.3152351379, 59.9528427124, 64.2067489624, 47.1460037231, 42.0399971008, 42.136932373, 29.3402042389, 33.7147979736, 19.3741874695, 8.80310726166, 2.74128913879, 0.344362199306, 0.306360572577, 0.314437627792, 0.164138033986, 0.0801745206118, 0.0250266119838, 0.0054406686686, 0.00182268582284, 0.000705938145984, 0.000259387219558, 0.00010008161189, 4.08735686506e-05, 1.96225410036e-05, 9.63603906712e-06, 5.55264114155e-06, 2.98214376926e-06, 9.90184048533e-07, 3.28654141413e-06, 7.43122791391e-06], "dmean2": [0.000364049948985, 0.00604138756171, 0.0449454896152, 0.147023618221, 0.514057993889, 1.21148777008, 2.03206706047, 4.1178817749, 14.612364769, 17.3358821869, 43.5058517456, 78.8167877197, 90.2026977539, 69.0458908081, 63.9030990601, 66.5396194458, 47.4597244263, 56.2250785828, 32.9985122681, 15.2961864471, 4.83839130402, 0.595376193523, 0.531226754189, 0.5464001894, 0.283994287252, 0.138292506337, 0.0428302548826, 0.00912449229509, 0.00309397256933, 0.00119749584701, 0.000436805916252, 0.000170040875673, 6.89364096615e-05, 3.31674345944e-05, 1.60995350598e-05, 8.88872091309e-06, 4.61865465695e-06, 1.59804153554e-06, 4.48447190138e-06, 1.01034693216e-05], "dvar": [2.65718631454e-06, 0.000211792605114, 0.00603971118107, 0.0954284965992, 1.08780968189, 6.47760534286, 13.6762456894, 74.5788955688, 822.643371582, 693.419555664, 6745.41210938, 22988.2050781, 20583.1855469, 16783.7792969, 18955.0019531, 13157.4765625, 6904.87695312, 8566.890625, 4057.30615234, 1759.47473145, 485.509429932, 0.618971884251, 0.514015972614, 0.641852915287, 0.190025612712, 0.0476926788688, 0.00548513513058, 0.000186046323506, 2.72080669674e-05, 5.26750181962e-06, 3.16640495157e-07, 3.09565706402e-08, 4.34244284975e-09, 1.01718855561e-09, 1.75430364679e-10, 5.89355855785e-11, 1.64333477382e-11, 1.92503283279e-12, 1.80986736015e-11, 9.13974382288e-11], "dvar2": [1.88156388958e-06, 0.000277671264485, 0.00935148075223, 0.0924313589931, 1.33516180515, 5.18420600891, 16.9964313507, 104.535919189, 1027.23352051, 1034.10241699, 11031.3339844, 41148.1210938, 38254.4296875, 34848.0429688, 39327.2773438, 30980.2011719, 17238.8242188, 22838.6210938, 11284.8691406, 4992.50244141, 1380.06958008, 1.77160203457, 1.52501690388, 1.9176081419, 0.563151955605, 0.139552220702, 0.0162256751209, 0.000523799855728, 7.74151922087e-05, 1.50909372678e-05, 8.99799147192e-07, 8.92814213671e-08, 1.17168816871e-08, 2.90085333532e-09, 5.0230586357e-10, 1.54820378739e-10, 4.0501119819e-11, 5.09861944331e-12, 3.72085938449e-11, 1.85929313612e-10], "max": [0.112718366086, 0.94418656826, 4.98952102661, 13.0181856155, 36.2392730713, 125.074966431, 132.119674683, 367.659912109, 982.672363281, 585.338500977, 2232.78979492, 3639.76147461, 2509.26928711, 3309.49194336, 3691.32763672, 1838.17858887, 1979.26293945, 1473.0612793, 1053.0760498, 1052.96166992, 765.034484863, 21.0191459656, 13.9569911957, 13.4841575623, 8.34403133392, 6.06338262558, 1.90667819977, 0.40791875124, 0.118876285851, 0.0672726258636, 0.0194112844765, 0.00436907587573, 0.00174764951225, 0.00110739748925, 0.000237433501752, 0.000143484343425, 7.56648150855e-05, 2.49974473263e-05, 7.51593106543e-05, 0.000168391314219], "mean": [0.00309251621366, 0.0357681512833, 0.20651397109, 0.797895848751, 2.06979966164, 4.2164106369, 5.0455532074, 10.1651563644, 33.228805542, 30.1544075012, 70.9905700684, 123.503791809, 124.23260498, 85.8753433228, 68.725692749, 62.763999939, 46.0759811401, 47.3035736084, 26.4620895386, 11.9593400955, 4.03416824341, 0.646242022514, 0.580350399017, 0.557297170162, 0.318150788546, 0.159816905856, 0.0531698577106, 0.0139165259898, 0.00482527865097, 0.0020762514323, 0.000885628920514, 0.000377262447728, 0.000160986339324, 8.02794966148e-05, 3.545916843e-05, 1.81504055945e-05, 9.89480486169e-06, 3.03376873489e-06, 1.10209703053e-05, 2.45471765083e-05], "median": [9.74628419499e-05, 0.00580469425768, 0.0825893357396, 0.246441245079, 0.581470012665, 1.28954851627, 1.22793006897, 2.42360973358, 6.47699451447, 9.71218013763, 12.5506887436, 12.6019086838, 25.4671535492, 16.1582946777, 7.40904045105, 6.79532289505, 3.72316026688, 3.6202673912, 1.62199890614, 0.684260964394, 0.439269036055, 0.262742996216, 0.203117966652, 0.151039510965, 0.084337875247, 0.0356698818505, 0.0115275671706, 0.00393167417496, 0.00163837894797, 0.000821019581053, 0.000434188055806, 0.000201054703211, 8.71117736096e-05, 4.52937856608e-05, 2.12684881262e-05, 1.15583698062e-05, 6.70038070893e-06, 1.98889438252e-06, 7.90358353697e-06, 1.76877547347e-05], "min": [7.98074245236e-22, 1.64206842455e-21, 8.19389605159e-21, 3.86653363499e-20, 5.01368774176e-20, 9.05042994366e-20, 1.16367574704e-19, 4.08322690889e-19, 8.87523128046e-19, 2.10080611134e-18, 1.30505794847e-18, 1.29588596304e-18, 2.89763746722e-18, 2.56926061931e-18, 5.61767388024e-18, 7.38575093288e-18, 3.93316853925e-18, 5.37968698698e-18, 6.51996166523e-18, 6.6466634012e-18, 6.36021116866e-18, 9.56921740962e-18, 1.17514001021e-17, 9.43782804113e-18, 1.54933708058e-17, 1.34517848293e-17, 1.69106157452e-17, 1.89187521922e-17, 1.67203426977e-17, 2.33633640226e-17, 1.79005375259e-17, 1.37570401179e-17, 1.24572151208e-17, 1.22529602393e-17, 9.97957013098e-18, 6.44703494089e-18, 3.10888595398e-18, 1.31544133991e-18, 3.23532568048e-19, 3.67853325322e-20], "var": [0.000136687071063, 0.0101798344404, 0.180778473616, 2.33110523224, 15.1215190887, 73.0332946777, 78.4476394653, 600.672363281, 5478.03320312, 2763.69946289, 22807.2890625, 86212.484375, 67787.25, 50814.3828125, 46920.3828125, 26099.9589844, 15024.2792969, 14327.5195312, 6189.05957031, 2932.0703125, 917.848266602, 1.31196463108, 1.01158761978, 1.17002928257, 0.423304259777, 0.104883976281, 0.012656852603, 0.00070777174551, 8.99295555428e-05, 1.76058510988e-05, 1.72636339357e-06, 2.18553751097e-07, 3.75264761487e-08, 8.63851212785e-09, 1.20826337824e-09, 3.11569964273e-10, 8.40657057855e-11, 7.76446702072e-12, 1.00427978433e-10, 5.0545406749e-10]}, "gfcc": {"mean": [-192.31060791, 209.447021484, -157.615646362, -49.38073349, -42.3022079468, -27.9129428864, -12.3600358963, -17.6499862671, -17.854391098, -18.5488891602, -5.1133928299, -22.3035469055, -9.0025806427], "cov": [[8618.36816406, 986.676147461, -2089.01245117, 167.464309692, 474.889709473, 177.327301025, 410.417724609, -109.698028564, 61.8311653137, 6.46608972549, -445.614746094, -650.16796875, -6.67636108398], [986.676147461, 969.90838623, 188.705322266, -60.6468315125, 91.7770385742, -4.16448545456, 54.7173500061, 7.87021398544, 41.3344116211, 28.2364463806, 82.0270767212, 7.14494895935, -34.1338119507], [-2089.01245117, 188.705322266, 890.463500977, -28.3504180908, -101.06565094, -75.9133377075, -89.3796005249, 64.2163467407, 24.8973560333, 25.8421211243, 185.825622559, 235.649215698, -2.2600903511], [167.464309692, -60.6468315125, -28.3504180908, 440.622894287, 146.11958313, 11.2473745346, -84.8455123901, -47.1865921021, 38.6465339661, -15.3677005768, -59.292591095, 7.01604270935, 116.634353638], [474.889709473, 91.7770385742, -101.06565094, 146.11958313, 228.168716431, 141.334503174, 96.0418395996, 4.10286188126, 36.0057258606, 46.21068573, -63.5519104004, -72.0668106079, 10.6064653397], [177.327301025, -4.16448545456, -75.9133377075, 11.2473745346, 141.334503174, 202.718643188, 162.278625488, 34.9412651062, -0.41058036685, 28.7193031311, -46.2919769287, -71.2119293213, -45.9484329224], [410.417724609, 54.7173500061, -89.3796005249, -84.8455123901, 96.0418395996, 162.278625488, 267.815429688, 106.273551941, 14.5906419754, 51.8800430298, -38.8262176514, -80.0049591064, -65.7608566284], [-109.698028564, 7.87021398544, 64.2163467407, -47.1865921021, 4.10286188126, 34.9412651062, 106.273551941, 121.278572083, 49.9042930603, 29.7664356232, 23.7070121765, 0.26508000493, -35.4300575256], [61.8311653137, 41.3344116211, 24.8973560333, 38.6465339661, 36.0057258606, -0.41058036685, 14.5906419754, 49.9042930603, 99.5047531128, 64.2194824219, 10.2379846573, 3.70843076706, 11.613489151], [6.46608972549, 28.2364463806, 25.8421211243, -15.3677005768, 46.21068573, 28.7193031311, 51.8800430298, 29.7664356232, 64.2194824219, 112.017875671, 35.9098014832, -12.2871980667, -15.4478368759], [-445.614746094, 82.0270767212, 185.825622559, -59.292591095, -63.5519104004, -46.2919769287, -38.8262176514, 23.7070121765, 10.2379846573, 35.9098014832, 147.085327148, 99.9377212524, -27.3334350586], [-650.16796875, 7.14494895935, 235.649215698, 7.01604270935, -72.0668106079, -71.2119293213, -80.0049591064, 0.26508000493, 3.70843076706, -12.2871980667, 99.9377212524, 181.222671509, 70.3633117676], [-6.67636108398, -34.1338119507, -2.2600903511, 116.634353638, 10.6064653397, -45.9484329224, -65.7608566284, -35.4300575256, 11.613489151, -15.4478368759, -27.3334350586, 70.3633117676, 149.354888916]], "icov": [[0.000819799723104, -0.00122473179363, 0.00206368183717, -0.000542719033547, 4.62392054033e-05, 0.00100959825795, -0.00112314277794, 0.000367678498151, -0.000371526781237, -8.30135177239e-05, 0.000547619303688, -0.000176828398253, 0.00031563921948], [-0.00122473179363, 0.00401407666504, -0.00420316401869, 0.00197593099438, -0.00297917658463, 0.00125495623797, -0.00216881418601, 0.00417933240533, -0.00416667992249, 0.00552047742531, -0.00594720104709, 0.00371886207722, -0.00205529970117], [0.00206368183717, -0.00420316401869, 0.00801094900817, -0.00222893292084, 0.00140059634577, 0.000815148465335, 0.000889823073521, -0.00406441092491, 0.00325144128874, -0.00505162077025, 0.00524544715881, -0.00621805666015, 0.0036865088623], [-0.000542719033547, 0.00197593099438, -0.00222893292084, 0.0058845882304, -0.00567053770646, 0.000794684048742, 0.00105251627974, 0.00171209825203, -0.00379076250829, 0.00518990587443, -0.00366485188715, 0.00317656784318, -0.0040207398124], [4.62392054033e-05, -0.00297917658463, 0.00140059634577, -0.00567053770646, 0.0187737885863, -0.0118534080684, 0.00263352040201, -0.00202265940607, 0.00212369044311, -0.00917070917785, 0.00646532420069, -0.00170958682429, 0.00034544695518], [0.00100959825795, 0.00125495623797, 0.000815148465335, 0.000794684048742, -0.0118534080684, 0.021861422807, -0.0146715287119, 0.00928644929081, -0.00478293839842, 0.00788911152631, -0.00445794221014, 0.0020030469168, 0.002462484641], [-0.00112314277794, -0.00216881418601, 0.000889823073521, 0.00105251627974, 0.00263352040201, -0.0146715287119, 0.028862260282, -0.0278965961188, 0.0213245954365, -0.0207077022642, 0.0163138657808, -0.0093154180795, 0.00360966683365], [0.000367678498151, 0.00417933240533, -0.00406441092491, 0.00171209825203, -0.00202265940607, 0.00928644929081, -0.0278965961188, 0.0431763418019, -0.0335729308426, 0.0268066506833, -0.02096799016, 0.0123605979607, -0.00374432373792], [-0.000371526781237, -0.00416667992249, 0.00325144128874, -0.00379076250829, 0.00212369044311, -0.00478293839842, 0.0213245954365, -0.0335729308426, 0.0458247475326, -0.0351165384054, 0.0224955063313, -0.0147672435269, 0.00572199374437], [-8.30135177239e-05, 0.00552047742531, -0.00505162077025, 0.00518990587443, -0.00917070917785, 0.00788911152631, -0.0207077022642, 0.0268066506833, -0.0351165384054, 0.0444945879281, -0.0308637972921, 0.0210711359978, -0.0107942204922], [0.000547619303688, -0.00594720104709, 0.00524544715881, -0.00366485188715, 0.00646532420069, -0.00445794221014, 0.0163138657808, -0.02096799016, 0.0224955063313, -0.0308637972921, 0.0422722063959, -0.0295540504158, 0.0187031067908], [-0.000176828398253, 0.00371886207722, -0.00621805666015, 0.00317656784318, -0.00170958682429, 0.0020030469168, -0.0093154180795, 0.0123605979607, -0.0147672435269, 0.0210711359978, -0.0295540504158, 0.0347009822726, -0.0205936525017], [0.00031563921948, -0.00205529970117, 0.0036865088623, -0.0040207398124, 0.00034544695518, 0.002462484641, 0.00360966683365, -0.00374432373792, 0.00572199374437, -0.0107942204922, 0.0187031067908, -0.0205936525017, 0.0224331114441]]}, "melbands": {"dmean": [4.70885606774e-06, 1.60274412337e-05, 3.77136348106e-05, 6.73287213431e-05, 6.48731147521e-05, 8.43592933961e-05, 0.00020013624453, 0.000176117595402, 0.000276270176983, 0.000375980482204, 0.000309229653794, 0.000185901546502, 0.000125999707961, 0.000128493047669, 5.79346815357e-05, 6.83723264956e-05, 6.69475775794e-05, 2.71338249149e-05, 2.25142557611e-05, 9.24271989788e-06, 1.60540798788e-06, 3.61772322321e-07, 3.45900161847e-07, 2.35323312836e-07, 2.84939801531e-07, 1.36779775062e-07, 8.98754493051e-08, 5.02342274444e-08, 1.97925711376e-08, 9.08983555092e-09, 2.54330001503e-09, 1.42554679172e-09, 4.87499984825e-10, 3.41412481619e-10, 1.92786842046e-10, 1.01977898348e-10, 6.34192767746e-11, 3.66454089296e-11, 2.43636985586e-11, 1.58794470628e-11], "dmean2": [4.15092699768e-06, 1.7963720893e-05, 3.32429735863e-05, 6.21875442448e-05, 6.9479814556e-05, 9.40189274843e-05, 0.00022651013569, 0.00022001627076, 0.000355813594069, 0.000494615989737, 0.000436831382103, 0.000272868725006, 0.000189961501746, 0.000202007591724, 9.34216150199e-05, 0.000109937660454, 0.000112323759822, 4.62803218397e-05, 3.87791515095e-05, 1.65215933521e-05, 2.81993720819e-06, 6.23685593837e-07, 5.99798681833e-07, 4.05621307209e-07, 4.96173754527e-07, 2.37161074779e-07, 1.54787215934e-07, 8.68308660529e-08, 3.41997683506e-08, 1.53973402917e-08, 4.23653867543e-09, 2.44012743345e-09, 8.27248824997e-10, 5.84999326758e-10, 3.27542548639e-10, 1.7248723283e-10, 1.06615619111e-10, 6.15201639631e-11, 4.13518733144e-11, 2.71689858111e-11], "dvar": [2.65529348509e-10, 9.8712416019e-10, 4.97434893276e-09, 1.4979919527e-08, 1.28799744203e-08, 3.35862218037e-08, 1.86574240502e-07, 9.96327074176e-08, 4.11059176031e-07, 9.18064017696e-07, 5.02031070937e-07, 2.65639044983e-07, 1.71105170921e-07, 8.8507775331e-08, 2.04758130451e-08, 5.01895307536e-08, 4.47484929111e-08, 8.71384830958e-09, 1.33469493235e-08, 6.97130797533e-09, 1.21003693176e-10, 6.17121479786e-13, 5.81249620917e-13, 2.01845904899e-13, 5.60813656798e-13, 1.57684520823e-13, 9.15334228226e-14, 3.31260897619e-14, 5.94844176154e-15, 5.78695609482e-16, 1.06455974314e-16, 1.88875674831e-17, 2.29242167305e-18, 9.58583112543e-19, 2.04691749163e-19, 2.88094825825e-20, 1.36460276459e-20, 4.15539350595e-21, 1.43751156641e-21, 7.89057047596e-22], "dvar2": [1.83682430377e-10, 1.54876345082e-09, 4.99190200287e-09, 1.35804105739e-08, 1.58745780965e-08, 4.57009257104e-08, 2.47067163173e-07, 1.50417946543e-07, 6.88537681981e-07, 1.61022296652e-06, 9.35168714022e-07, 5.53186282559e-07, 3.55347140157e-07, 2.0334346118e-07, 4.98017378447e-08, 1.24117647715e-07, 1.19605033433e-07, 2.41571065374e-08, 3.75936863861e-08, 1.98453662392e-08, 3.44090894666e-10, 1.7921067191e-12, 1.72412767657e-12, 5.89323457655e-13, 1.67621006051e-12, 4.68720656906e-13, 2.61002130282e-13, 9.76380841412e-14, 1.78379531334e-14, 1.67157293459e-15, 2.92351992377e-16, 5.40359341658e-17, 5.97404107251e-18, 2.85956689311e-18, 5.86957333103e-19, 8.30628081626e-20, 3.82634461257e-20, 1.10669923948e-20, 3.97483266059e-21, 2.23173228293e-21], "max": [0.00114351790398, 0.00212802505121, 0.00369127187878, 0.00555426394567, 0.00368571840227, 0.00707496330142, 0.0126067558303, 0.007162920665, 0.0167969558388, 0.0229197274894, 0.0124108800665, 0.0122378403321, 0.0100554795936, 0.00422961032018, 0.0020096541848, 0.00591684738174, 0.0033626225777, 0.00166971667204, 0.00366953993216, 0.00270993169397, 0.000410670269048, 1.46560432768e-05, 1.33109779199e-05, 6.46068428978e-06, 1.26859822558e-05, 8.5892925199e-06, 5.80642381465e-06, 5.87845534028e-06, 2.18867853619e-06, 5.1106525234e-07, 3.73910836515e-07, 8.58589643826e-08, 5.56465558077e-08, 2.73705875742e-08, 1.53291246363e-08, 3.4194886922e-09, 2.59558330384e-09, 1.68120006805e-09, 8.81635486838e-10, 9.90622028851e-10], "mean": [3.40734040947e-05, 9.05412089196e-05, 0.00016784411855, 0.000231385492953, 0.000184753371286, 0.000236993510043, 0.000493428611662, 0.000363145489246, 0.000558874919079, 0.000770823215134, 0.000588693481404, 0.000331736780936, 0.000204956624657, 0.000190061007743, 8.80992156453e-05, 0.00010219172691, 9.06828863663e-05, 3.62897335435e-05, 2.92688364425e-05, 1.26055374494e-05, 2.31807644013e-06, 6.16853469637e-07, 5.89381954796e-07, 4.26363641282e-07, 4.61150392539e-07, 2.41920929511e-07, 1.66760074194e-07, 9.24598992924e-08, 3.69411381484e-08, 1.79104624465e-08, 5.64133362246e-09, 3.08028025309e-09, 1.32383803919e-09, 9.14498532456e-10, 5.38918465409e-10, 2.93918833716e-10, 1.86742357688e-10, 1.05583576604e-10, 7.44539499498e-11, 4.54291708418e-11], "median": [1.66864697349e-06, 3.0978477298e-05, 6.30900540273e-05, 8.87410569703e-05, 5.77791397518e-05, 4.86618373543e-05, 8.98977959878e-05, 0.000105082668597, 7.43079435779e-05, 5.1961193094e-05, 0.000105243583675, 4.04730235459e-05, 7.40597533877e-06, 1.10715600385e-05, 5.95556002736e-06, 2.7604025945e-06, 2.26704514716e-06, 1.98538145924e-06, 6.87465501414e-07, 5.15114152222e-07, 3.7266443087e-07, 2.19867729356e-07, 1.74968249667e-07, 1.43444566447e-07, 9.24110992173e-08, 6.14122654952e-08, 3.42460637626e-08, 1.79758359309e-08, 7.48791606497e-09, 3.28783644754e-09, 1.31333222075e-09, 8.97197205418e-10, 5.7313898072e-10, 3.55921569994e-10, 2.44840786534e-10, 1.5895097738e-10, 9.02132465952e-11, 5.09383091263e-11, 3.9028006521e-11, 2.23295514024e-11], "min": [6.49178566911e-24, 3.8019486593e-24, 5.74164087383e-24, 6.44519633291e-24, 3.81357449689e-24, 1.03376143218e-23, 1.43723152079e-23, 2.28963469861e-23, 1.02382186366e-23, 8.19441650415e-24, 1.46413909295e-23, 9.70356184724e-24, 1.86412438851e-23, 1.72703393159e-23, 1.62267946675e-23, 7.0037745404e-24, 1.09986363731e-23, 1.19106897415e-23, 7.11900581941e-24, 8.42277201468e-24, 7.7985077262e-24, 1.0365715125e-23, 1.01392497252e-23, 9.62711097033e-24, 6.59886919826e-24, 1.2065431119e-23, 1.30097867638e-23, 7.25399964181e-24, 8.03831434164e-24, 1.31678326796e-23, 1.18492390547e-23, 9.52141307536e-24, 9.53886267858e-24, 1.52132440883e-23, 1.04571157049e-23, 9.45915617272e-24, 7.6880222344e-24, 9.79154587058e-24, 6.89944768568e-24, 1.1249839662e-23], "var": [1.42676519488e-08, 3.70112474002e-08, 1.08187776959e-07, 1.73698978756e-07, 8.28912476436e-08, 2.76075041938e-07, 1.09609891297e-06, 3.77608643021e-07, 1.37590654958e-06, 3.52461461262e-06, 1.63552658705e-06, 8.18233331756e-07, 4.36436408791e-07, 1.81564516311e-07, 4.18249719303e-08, 1.04137725998e-07, 7.38956984492e-08, 1.32408111142e-08, 2.12605275607e-08, 1.23682770692e-08, 2.19790921574e-10, 1.17345738161e-12, 1.11500370568e-12, 4.32569128087e-13, 9.8112327724e-13, 3.27589111436e-13, 1.99760035445e-13, 6.5947152795e-14, 1.15377000488e-14, 1.42110296275e-15, 3.14330273896e-16, 4.83843682143e-17, 7.95801185144e-18, 2.97014150227e-18, 8.30270338936e-19, 1.30395601465e-19, 6.49301625678e-20, 2.15239358567e-20, 8.86388326718e-21, 3.83057042305e-21]}, "mfcc": {"mean": [-817.237609863, 224.607589722, -29.5457077026, -22.0777511597, -14.2714042664, -20.1378173828, 0.506082177162, -7.96027374268, -10.3910751343, -0.532227516174, -4.66405916214, -9.71632289886, -8.73347854614], "cov": [[3848.16210938, 1273.49682617, -1518.17883301, 156.558364868, -134.159988403, 26.9758644104, 352.799285889, -34.812046051, 247.408447266, 365.700042725, 134.805633545, -104.08177948, -371.183654785], [1273.49682617, 980.690429688, -58.1460189819, -103.949638367, -1.0443021059, 15.0777769089, 132.636413574, 64.3526535034, 28.65391922, 119.050941467, 117.050979614, 49.3238372803, -35.6245269775], [-1518.17883301, -58.1460189819, 1043.88293457, -89.6173095703, 104.959121704, 18.1682662964, -134.710693359, 82.4120407104, -114.491775513, -162.306655884, -21.9940109253, 106.480491638, 255.916748047], [156.558364868, -103.949638367, -89.6173095703, 267.489685059, 133.800415039, 19.9668693542, -12.0019397736, -30.0507106781, 44.0663604736, 2.25002241135, -62.9299659729, -49.8016586304, -26.9553756714], [-134.159988403, -1.0443021059, 104.959121704, 133.800415039, 216.852615356, 70.9006118774, -22.4909267426, -6.65446615219, -1.5070964098, -5.42877006531, -24.5166912079, -22.6552143097, -8.55177783966], [26.9758644104, 15.0777769089, 18.1682662964, 19.9668693542, 70.9006118774, 159.953704834, 89.6532897949, 28.8035488129, 62.7820930481, 56.8373413086, 36.359500885, 10.066400528, -15.7231912613], [352.799285889, 132.636413574, -134.710693359, -12.0019397736, -22.4909267426, 89.6532897949, 189.620559692, 84.678604126, 73.4062423706, 112.940841675, 91.3658981323, 39.7010345459, -49.4676513672], [-34.812046051, 64.3526535034, 82.4120407104, -30.0507106781, -6.65446615219, 28.8035488129, 84.678604126, 124.463264465, 58.6657943726, 26.5615959167, 40.1126213074, 44.583065033, 46.4291267395], [247.408447266, 28.65391922, -114.491775513, 44.0663604736, -1.5070964098, 62.7820930481, 73.4062423706, 58.6657943726, 156.129684448, 113.40827179, 22.4573554993, -11.6747465134, -29.9690151215], [365.700042725, 119.050941467, -162.306655884, 2.25002241135, -5.42877006531, 56.8373413086, 112.940841675, 26.5615959167, 113.40827179, 212.066619873, 142.34854126, 17.9198932648, -114.535629272], [134.805633545, 117.050979614, -21.9940109253, -62.9299659729, -24.5166912079, 36.359500885, 91.3658981323, 40.1126213074, 22.4573554993, 142.34854126, 222.67666626, 129.3568573, -74.9539413452], [-104.08177948, 49.3238372803, 106.480491638, -49.8016586304, -22.6552143097, 10.066400528, 39.7010345459, 44.583065033, -11.6747465134, 17.9198932648, 129.3568573, 185.276733398, 89.2445831299], [-371.183654785, -35.6245269775, 255.916748047, -26.9553756714, -8.55177783966, -15.7231912613, -49.4676513672, 46.4291267395, -29.9690151215, -114.535629272, -74.9539413452, 89.2445831299, 326.019378662]], "icov": [[2.42637944221, -3.39264392853, 3.26306843758, -3.088793993, 2.83231782913, -2.5151116848, 2.1532869339, -1.78155255318, 1.38306665421, -1.0223133564, 0.667959392071, -0.326951235533, 0.119471505284], [-3.39264392853, 4.7451004982, -4.56277132034, 4.32032299042, -3.96222543716, 3.51929402351, -3.01410460472, 2.49356532097, -1.9362796545, 1.43134117126, -0.936044812202, 0.458497196436, -0.167776063085], [3.26306843758, -4.56277132034, 4.39108324051, -4.1550245285, 3.81111073494, -3.38855433464, 2.90469121933, -2.40581345558, 1.86889064312, -1.38234066963, 0.90444535017, -0.443936377764, 0.161622986197], [-3.088793993, 4.32032299042, -4.1550245285, 3.94421386719, -3.61859273911, 3.21561741829, -2.75741815567, 2.28631973267, -1.78058731556, 1.31792581081, -0.861854493618, 0.423250794411, -0.155413910747], [2.83231782913, -3.96222543716, 3.81111073494, -3.61859273911, 3.32918477058, -2.96127128601, 2.54229784012, -2.11008024216, 1.64727699757, -1.22398197651, 0.805229246616, -0.396835565567, 0.146858870983], [-2.5151116848, 3.51929402351, -3.38855433464, 3.21561741829, -2.96127128601, 2.65186524391, -2.28104996681, 1.89753913879, -1.4869042635, 1.1092607975, -0.735321342945, 0.365631878376, -0.135433107615], [2.1532869339, -3.01410460472, 2.90469121933, -2.75741815567, 2.54229784012, -2.28104996681, 1.98109042645, -1.65170145035, 1.29366409779, -0.974252343178, 0.648201465607, -0.32613670826, 0.121586829424], [-1.78155255318, 2.49356532097, -2.40581345558, 2.28631973267, -2.11008024216, 1.89753913879, -1.65170145035, 1.39606332779, -1.09638297558, 0.828383803368, -0.557566344738, 0.280775249004, -0.106421381235], [1.38306665421, -1.9362796545, 1.86889064312, -1.78058731556, 1.64727699757, -1.4869042635, 1.29366409779, -1.09638297558, 0.882612466812, -0.672385394573, 0.456725478172, -0.231051206589, 0.0859308615327], [-1.0223133564, 1.43134117126, -1.38234066963, 1.31792581081, -1.22398197651, 1.1092607975, -0.974252343178, 0.828383803368, -0.672385394573, 0.5329657197, -0.370622515678, 0.191435903311, -0.0700524896383], [0.667959392071, -0.936044812202, 0.90444535017, -0.861854493618, 0.805229246616, -0.735321342945, 0.648201465607, -0.557566344738, 0.456725478172, -0.370622515678, 0.280124008656, -0.152378991246, 0.0582956857979], [-0.326951235533, 0.458497196436, -0.443936377764, 0.423250794411, -0.396835565567, 0.365631878376, -0.32613670826, 0.280775249004, -0.231051206589, 0.191435903311, -0.152378991246, 0.092844799161, -0.035351075232], [0.119471505284, -0.167776063085, 0.161622986197, -0.155413910747, 0.146858870983, -0.135433107615, 0.121586829424, -0.106421381235, 0.0859308615327, -0.0700524896383, 0.0582956857979, -0.035351075232, 0.0183299798518]]}, "spectral_contrast_coeffs": {"dmean": [0.0341253317893, 0.0429841689765, 0.0440035797656, 0.0357045680285, 0.0174738373607, 0.0356932915747], "dmean2": [0.0503773204982, 0.0604886487126, 0.0681591928005, 0.0599184930325, 0.0298981387168, 0.0638087540865], "dvar": [0.00074956798926, 0.00116403610446, 0.00116781448014, 0.000828048971016, 0.000182366842637, 0.00082482304424], "dvar2": [0.00180985918269, 0.00254533695988, 0.00280165183358, 0.00224578101188, 0.00052765320288, 0.00261720293202], "max": [-0.251767635345, -0.289354979992, -0.32435721159, -0.426347613335, -0.659031391144, -0.629254579544], "mean": [-0.520914614201, -0.554449260235, -0.578756093979, -0.687700390816, -0.77596950531, -0.78834348917], "median": [-0.517037510872, -0.55052703619, -0.574503779411, -0.694858312607, -0.778276145458, -0.788065433502], "min": [-0.972885429859, -0.972542524338, -0.967507481575, -0.970102548599, -0.960809230804, -0.958985507488], "var": [0.0111079281196, 0.00798124726862, 0.00927549786866, 0.00698443828151, 0.00153945107013, 0.00300059420988]}, "spectral_contrast_valleys": {"dmean": [0.356808871031, 0.271966248751, 0.245133906603, 0.191650390625, 0.133220806718, 0.557931482792], "dmean2": [0.600886881351, 0.434383451939, 0.411685824394, 0.325460225344, 0.226639330387, 0.99823987484], "dvar": [0.10926425457, 0.0618528164923, 0.0514287874103, 0.0389170199633, 0.0296872537583, 0.215455591679], "dvar2": [0.292577952147, 0.13226659596, 0.109706558287, 0.0762239396572, 0.047413546592, 0.652548015118], "max": [-6.7484869957, -6.44364547729, -6.86126899719, -7.94477939606, -8.1474237442, -12.1474657059], "mean": [-9.89220237732, -8.22329807281, -8.55195045471, -9.44895172119, -10.2687520981, -14.1683969498], "median"