{"lowlevel": {"average_loudness": 0.947602212429, "barkbands_crest": {"dmean": 2.27474164963, "dmean2": 3.62500762939, "dvar": 4.72225761414, "dvar2": 11.8181371689, "max": 25.2688922882, "mean": 11.9811544418, "median": 11.6782341003, "min": 3.36000609398, "var": 14.6618366241}, "barkbands_flatness_db": {"dmean": 0.029919244349, "dmean2": 0.0436691194773, "dvar": 0.000964108970948, "dvar2": 0.00198581325822, "max": 0.434345275164, "mean": 0.178356185555, "median": 0.173274636269, "min": 0.0344944037497, "var": 0.00386308832094}, "barkbands_kurtosis": {"dmean": 8.03477096558, "dmean2": 12.4793376923, "dvar": 177.155715942, "dvar2": 418.072998047, "max": 306.145629883, "mean": 16.9959201813, "median": 11.1300067902, "min": -1.85787498951, "var": 497.541870117}, "barkbands_skewness": {"dmean": 0.782030284405, "dmean2": 1.19031774998, "dvar": 0.74505841732, "dvar2": 1.72466182709, "max": 14.6788663864, "mean": 3.11631989479, "median": 3.00322175026, "min": -2.55386638641, "var": 3.32761454582}, "barkbands_spread": {"dmean": 5.2392001152, "dmean2": 8.25310134888, "dvar": 55.8453330994, "dvar2": 132.293518066, "max": 100.55254364, "mean": 14.2059392929, "median": 11.5205745697, "min": 0.424106806517, "var": 113.513259888}, "dissonance": {"dmean": 0.0215207245201, "dmean2": 0.0352061651647, "dvar": 0.000471535371616, "dvar2": 0.00121615314856, "max": 0.499961912632, "mean": 0.448859900236, "median": 0.456264823675, "min": 0.260050773621, "var": 0.00109047372825}, "dynamic_complexity": 4.28399610519, "erbbands_crest": {"dmean": 2.64220952988, "dmean2": 4.07866859436, "dvar": 7.75475215912, "dvar2": 17.7349262238, "max": 30.2893238068, "mean": 10.5645551682, "median": 9.12152481079, "min": 2.41505932808, "var": 29.4763679504}, "erbbands_flatness_db": {"dmean": 0.0222608447075, "dmean2": 0.0305629577488, "dvar": 0.000606683024671, "dvar2": 0.00113886105828, "max": 0.395177394152, "mean": 0.13500058651, "median": 0.120028056204, "min": 0.0376890748739, "var": 0.00290307030082}, "erbbands_kurtosis": {"dmean": 1.37966680527, "dmean2": 2.14955687523, "dvar": 11.5662813187, "dvar2": 28.8901309967, "max": 98.7386550903, "mean": 1.12906360626, "median": -0.0171186923981, "min": -1.85193610191, "var": 20.5451126099}, "erbbands_skewness": {"dmean": 0.407140851021, "dmean2": 0.619305372238, "dvar": 0.226943328977, "dvar2": 0.521390199661, "max": 8.42629337311, "mean": 0.725495398045, "median": 0.651020467281, "min": -2.79837679863, "var": 0.936346948147}, "erbbands_spread": {"dmean": 11.6194543839, "dmean2": 16.786151886, "dvar": 175.558410645, "dvar2": 363.652740479, "max": 167.217880249, "mean": 50.8605575562, "median": 46.5807876587, "min": 1.8017231226, "var": 745.744995117}, "hfc": {"dmean": 7.64925575256, "dmean2": 10.826292038, "dvar": 160.564361572, "dvar2": 355.626861572, "max": 133.885696411, "mean": 16.0263271332, "median": 10.996878624, "min": 1.09890130432e-16, "var": 274.370666504}, "melbands_crest": {"dmean": 2.99163174629, "dmean2": 4.83678340912, "dvar": 8.75309753418, "dvar2": 21.9512748718, "max": 36.6020431519, "mean": 17.311460495, "median": 16.9922485352, "min": 1.69276034832, "var": 31.6786708832}, "melbands_flatness_db": {"dmean": 0.0349658094347, "dmean2": 0.0514517650008, "dvar": 0.00144429143984, "dvar2": 0.0029406209942, "max": 0.52682864666, "mean": 0.272972285748, "median": 0.274860143661, "min": 0.00453507015482, "var": 0.0066573950462}, "melbands_kurtosis": {"dmean": 18.7040958405, "dmean2": 29.337223053, "dvar": 885.898010254, "dvar2": 2143.67358398, "max": 522.613830566, "mean": 43.1427536011, "median": 29.2999763489, "min": -1.52460670471, "var": 2378.0925293}, "melbands_skewness": {"dmean": 1.09255981445, "dmean2": 1.66820812225, "dvar": 1.51191210747, "dvar2": 3.51608753204, "max": 18.7542190552, "mean": 4.56051778793, "median": 4.2665605545, "min": -1.43756842613, "var": 6.16056728363}, "melbands_spread": {"dmean": 4.08479166031, "dmean2": 6.56143426895, "dvar": 47.9580688477, "dvar2": 116.494606018, "max": 169.870437622, "mean": 11.9706983566, "median": 7.21495389938, "min": 0.437901854515, "var": 291.038787842}, "pitch_salience": {"dmean": 0.0730336457491, "dmean2": 0.114888861775, "dvar": 0.005298899021, "dvar2": 0.0126043856144, "max": 0.862099945545, "mean": 0.466980069876, "median": 0.460920810699, "min": 0.10003656894, "var": 0.0169307943434}, "silence_rate_20dB": {"dmean": 0, "dmean2": 0, "dvar": 0, "dvar2": 0, "max": 1, "mean": 1, "median": 1, "min": 1, "var": 0}, "silence_rate_30dB": {"dmean": 0.0549056306481, "dmean2": 0.109828390181, "dvar": 0.0518942959607, "dvar2": 0.131159096956, "max": 1, "mean": 0.960230827332, "median": 1, "min": 0, "var": 0.0381896868348}, "silence_rate_60dB": {"dmean": 0.0271408520639, "dmean2": 0.0542901717126, "dvar": 0.0264009367675, "dvar2": 0.0582176223397, "max": 1, "mean": 0.0971615687013, "median": 0, "min": 0, "var": 0.0877137184143}, "spectral_centroid": {"dmean": 211.402297974, "dmean2": 334.726531982, "dvar": 97232.6328125, "dvar2": 221249.453125, "max": 11369.765625, "mean": 875.62109375, "median": 708.268310547, "min": 144.662246704, "var": 723131.75}, "spectral_complexity": {"dmean": 3.4200592041, "dmean2": 5.12106084824, "dvar": 30.3401966095, "dvar2": 64.9007339478, "max": 58, "mean": 11.7161569595, "median": 10, "min": 0, "var": 64.4166107178}, "spectral_decrease": {"dmean": 4.08536715568e-09, "dmean2": 6.2148042268e-09, "dvar": 4.64021589165e-17, "dvar2": 1.10940603488e-16, "max": 3.01335238349e-18, "mean": -9.93282167627e-09, "median": -8.81057538038e-09, "min": -8.35511926311e-08, "var": 7.40020392885e-17}, "spectral_energy": {"dmean": 0.0159316584468, "dmean2": 0.0241410564631, "dvar": 0.000695366179571, "dvar2": 0.00165056891274, "max": 0.319074839354, "mean": 0.0389424674213, "median": 0.0344229191542, "min": 1.00692800979e-20, "var": 0.00112361845095}, "spectral_energyband_high": {"dmean": 0.000511314196046, "dmean2": 0.000756339926738, "dvar": 9.44347675613e-07, "dvar2": 2.24334667109e-06, "max": 0.0123803252354, "mean": 0.000715935311746, "median": 0.00033217627788, "min": 7.06672514208e-21, "var": 1.2028973515e-06}, "spectral_energyband_low": {"dmean": 0.0109283691272, "dmean2": 0.0176872760057, "dvar": 0.000457054411527, "dvar2": 0.00116689747665, "max": 0.296183884144, "mean": 0.0241348035634, "median": 0.0220965668559, "min": 2.60037963095e-23, "var": 0.0006299627712}, "spectral_energyband_middle_high": {"dmean": 0.00128247542307, "dmean2": 0.00179394613951, "dvar": 1.02224812508e-05, "dvar2": 1.8355973225e-05, "max": 0.0809428617358, "mean": 0.00294746132568, "median": 0.0012161238119, "min": 1.22292786965e-21, "var": 3.36738048645e-05}, "spectral_energyband_middle_low": {"dmean": 0.00703901005909, "dmean2": 0.0105981193483, "dvar": 0.000155889312737, "dvar2": 0.000358591059921, "max": 0.161931559443, "mean": 0.0134667856619, "median": 0.00874386541545, "min": 1.91081435181e-22, "var": 0.000232177684666}, "spectral_entropy": {"dmean": 0.263360738754, "dmean2": 0.374452710152, "dvar": 0.0921964272857, "dvar2": 0.184340566397, "max": 9.83314228058, "mean": 7.29573249817, "median": 7.38341903687, "min": 4.30358457565, "var": 0.368276000023}, "spectral_flux": {"dmean": 0.0352414138615, "dmean2": 0.0538209453225, "dvar": 0.00236856471747, "dvar2": 0.00499090785161, "max": 0.470884233713, "mean": 0.0789289921522, "median": 0.0574844479561, "min": 6.33427824082e-11, "var": 0.0044148475863}, "spectral_kurtosis": {"dmean": 1.99863910675, "dmean2": 2.97779417038, "dvar": 12.2541790009, "dvar2": 26.6778392792, "max": 59.4265289307, "mean": 5.07691717148, "median": 3.33334732056, "min": -1.31461369991, "var": 27.6384449005}, "spectral_rms": {"dmean": 0.00112806330435, "dmean2": 0.00162672286388, "dvar": 2.39941027758e-06, "dvar2": 5.17110265719e-06, "max": 0.0176434833556, "mean": 0.00551688298583, "median": 0.00579511281103, "min": 3.13427625867e-12, "var": 7.5566272244e-06}, "spectral_rolloff": {"dmean": 304.911773682, "dmean2": 546.374206543, "dvar": 798821.25, "dvar2": 2048064, "max": 19595.2148438, "mean": 837.532653809, "median": 344.53125, "min": 43.06640625, "var": 4630128.5}, "spectral_skewness": {"dmean": 0.274941980839, "dmean2": 0.400442451239, "dvar": 0.126920804381, "dvar2": 0.257673740387, "max": 5.77343416214, "mean": 1.76810264587, "median": 1.61431336403, "min": -0.0446706973016, "var": 0.451779335737}, "spectral_spread": {"dmean": 855528.9375, "dmean2": 1150654.125, "dvar": 1316454793220.0, "dvar2": 2438937444350.0, "max": 48275808, "mean": 6108838.5, "median": 5996148.5, "min": 1087007.5, "var": 9565694328830.0}, "spectral_strongpeak": {"dmean": 0.361217617989, "dmean2": 0.615240216255, "dvar": 0.617481648922, "dvar2": 1.574634552, "max": 16.8807888031, "mean": 0.711514174938, "median": 0.491627395153, "min": 0, "var": 0.890786647797}, "zerocrossingrate": {"dmean": 0.0105414213613, "dmean2": 0.01298767142, "dvar": 0.000157849921379, "dvar2": 0.000209374935366, "max": 0.53173828125, "mean": 0.0490762256086, "median": 0.0390625, "min": 0.00244140625, "var": 0.00325004570186}, "barkbands": {"dmean": [0.000114709429909, 0.00637180218473, 0.00493714166805, 0.00224420451559, 0.00340170459822, 0.00170749775134, 0.000515250430908, 0.000441918236902, 0.000398631585995, 0.000566272414289, 0.000104389830085, 0.000121324657812, 0.000175362773007, 0.00013773216051, 0.000217019420234, 9.34781201067e-05, 0.000126072918647, 6.32694354863e-05, 0.000111809786176, 0.000112162830192, 9.89354448393e-05, 0.000116860719572, 7.82676506788e-05, 5.71845448576e-05, 7.4630806921e-05, 4.98627778143e-05, 2.23311417358e-05], "dmean2": [0.000194120351807, 0.0102338707075, 0.00820984132588, 0.00380027946085, 0.00534852268174, 0.00274997577071, 0.000820549787022, 0.000649698951747, 0.00056778639555, 0.000721762597095, 0.000156374502694, 0.000184519856703, 0.000240106848651, 0.000207854041946, 0.000345249049133, 0.00015354459174, 0.00021324287809, 0.000103598657006, 0.000181979019544, 0.000179032736924, 0.000157363872859, 0.00018385432486, 0.000120008640806, 8.54597892612e-05, 0.000110256281914, 7.66072553233e-05, 3.51147209585e-05], "dvar": [6.84543621787e-08, 0.000173374603037, 0.000102475387393, 2.45476985583e-05, 5.05907119077e-05, 1.10949295049e-05, 1.5213873894e-06, 4.56368570667e-06, 3.26161921294e-06, 7.30316423869e-06, 1.36729525479e-07, 6.69865514169e-08, 4.39234327132e-07, 1.2445357811e-07, 3.6077537402e-07, 4.45805952154e-08, 1.48091800156e-07, 4.17341148307e-08, 8.67015401695e-08, 9.34753714432e-08, 4.16700238759e-08, 1.08083348493e-07, 2.47148790322e-08, 1.00238315426e-08, 1.80609678324e-08, 9.81966685742e-09, 2.0624839614e-09], "dvar2": [1.89651615301e-07, 0.000439733819803, 0.000276950362604, 6.5260923293e-05, 0.00012082135072, 2.75176280411e-05, 3.91441199099e-06, 1.08250833364e-05, 6.80494758853e-06, 1.21718940136e-05, 2.5502552603e-07, 1.53743087594e-07, 5.8773150613e-07, 2.32895246199e-07, 8.49903983635e-07, 1.15421130431e-07, 4.03745815447e-07, 1.07637433189e-07, 2.20495707026e-07, 2.25234899176e-07, 1.07238442126e-07, 2.55088025369e-07, 6.10310877391e-08, 2.27632224181e-08, 4.30305213683e-08, 2.40314186328e-08, 5.10830622247e-09], "max": [0.00335006881505, 0.138037875295, 0.175446927547, 0.056351300329, 0.143359154463, 0.0537921264768, 0.0141770178452, 0.0715033337474, 0.0701230913401, 0.070712916553, 0.0169720947742, 0.00442677782848, 0.0283595789224, 0.0132203325629, 0.0104922382161, 0.00261950981803, 0.00770285818726, 0.00336429616436, 0.00405446346849, 0.0075523769483, 0.00239958800375, 0.00789125449955, 0.00228360597976, 0.00190082623158, 0.00145033630542, 0.00169715192169, 0.000464369688416], "mean": [0.000165129429661, 0.0125711252913, 0.00923252012581, 0.00335330539383, 0.004591580946, 0.00298930960707, 0.00081801606575, 0.000828886288218, 0.000607874186244, 0.00105705787428, 0.000160093404702, 0.000197706598556, 0.000392828107579, 0.000285766320303, 0.000350196321961, 0.000136924005346, 0.000214751969907, 6.74351977068e-05, 0.000132121916977, 0.000139019117341, 0.000138231247547, 0.000141981043271, 0.000104416292743, 9.10097951419e-05, 9.5897456049e-05, 5.75471349293e-05, 2.16614353121e-05], "median": [4.09734711866e-05, 0.00877611804754, 0.00567915150896, 0.00142692879308, 0.0018649782287, 0.00174700014759, 0.000335160526447, 0.000226647680392, 0.0001033936569, 0.000114358888823, 3.14474418701e-05, 5.27148804395e-05, 4.94877749588e-05, 5.77795981371e-05, 7.01933604432e-05, 3.89578490285e-05, 4.08733139921e-05, 1.30577027448e-05, 4.22448647441e-05, 3.57180979336e-05, 5.92818687437e-05, 4.19181124016e-05, 4.1614384827e-05, 4.28374114563e-05, 4.21789081884e-05, 2.15090367419e-05, 5.51462926524e-06], "min": [2.66881623327e-24, 7.6653700935e-24, 3.75010787605e-24, 8.75405553234e-25, 1.36397710827e-23, 1.34891459815e-23, 7.13677096699e-24, 5.54731090628e-24, 1.90331499829e-23, 1.61761261315e-23, 1.49047474096e-23, 2.280095477e-23, 3.15957409658e-23, 4.01600251606e-23, 3.78436581747e-23, 8.12882287765e-23, 7.33868275558e-23, 8.49834993811e-23, 1.4286124581e-22, 2.192555961e-22, 2.86072720618e-22, 3.32104180698e-22, 4.3502520955e-22, 5.60534620401e-22, 9.10055789657e-22, 1.40427641472e-21, 2.09440656875e-21], "var": [8.64655405053e-08, 0.000241480069235, 0.000131791923195, 2.66919487331e-05, 6.25682441751e-05, 1.58409602591e-05, 1.72829925305e-06, 7.98977998784e-06, 6.13390420767e-06, 2.17983633775e-05, 2.95102893233e-07, 1.47878807866e-07, 2.44317584475e-06, 6.80629455019e-07, 6.67981794322e-07, 6.76033309333e-08, 3.27601327399e-07, 3.6728071251e-08, 8.51042827321e-08, 1.00755599419e-07, 4.65498750657e-08, 1.22705785088e-07, 2.92059905149e-08, 1.87548057085e-08, 2.22939124939e-08, 1.02932036228e-08, 2.00214134161e-09]}, "erbbands": {"dmean": [0.144945815206, 1.63010764122, 5.42393732071, 6.35001373291, 7.72595453262, 10.5616855621, 23.295715332, 12.1705932617, 8.82743358612, 5.42808866501, 11.5426139832, 8.81365013123, 14.9828977585, 14.73554039, 4.84673929214, 4.44024419785, 7.65469121933, 8.01892375946, 10.6515350342, 7.27548742294, 6.19806432724, 5.59964561462, 3.61065602303, 5.25763750076, 5.19177436829, 6.12496948242, 4.54942560196, 3.39503979683, 4.16907024384, 2.97153544426, 2.43055891991, 1.40414559841, 0.866324424744, 0.665412187576, 0.621857345104, 0.306683927774, 0.0766108259559, 0.0201763249934, 0.00355567154475, 0.000243070971919], "dmean2": [0.235589951277, 2.63231945038, 9.07504749298, 10.4586172104, 12.8151531219, 16.8272457123, 37.4452133179, 19.61236763, 13.673614502, 8.86787796021, 16.7609500885, 12.3573846817, 20.535993576, 18.1789779663, 7.01806640625, 6.64461755753, 10.3772230148, 11.764374733, 16.5162029266, 12.1469717026, 10.3499269485, 9.43958282471, 5.84764051437, 8.49609851837, 8.36566925049, 9.74467182159, 7.20655918121, 5.46084260941, 6.55229330063, 4.59545612335, 3.79879379272, 2.13360357285, 1.30148887634, 0.98718136549, 0.936333298683, 0.471658170223, 0.118597432971, 0.0315774679184, 0.00560268061236, 0.000378051423468], "dvar": [0.120557360351, 10.9311885834, 121.551719666, 161.547164917, 328.683898926, 561.248535156, 2849.8605957, 584.61529541, 306.543121338, 251.221511841, 3324.68505859, 1367.39758301, 6697.91503906, 5712.57128906, 99.5344696045, 86.5268936157, 859.123596191, 361.906890869, 847.771850586, 475.301635742, 269.052093506, 265.513519287, 122.486946106, 203.817703247, 218.550888062, 344.962280273, 91.1334686279, 56.5236320496, 140.482635498, 42.424118042, 30.5754299164, 5.67666053772, 2.498026371, 1.51768577099, 1.45878183842, 0.387558251619, 0.0245397053659, 0.00171376299113, 5.77667560719e-05, 2.16581824475e-07], "dvar2": [0.309697836637, 28.2790699005, 330.589874268, 428.64263916, 871.573852539, 1370.18164062, 7193.14746094, 1428.11437988, 740.896179199, 647.128967285, 7828.16796875, 2832.06640625, 13947.4648438, 7239.58056641, 188.979934692, 201.028900146, 1169.16064453, 620.608276367, 1842.75256348, 1254.4576416, 725.881835938, 724.128845215, 321.859405518, 517.786621094, 551.809265137, 826.969482422, 231.754959106, 146.294128418, 328.002197266, 101.11125946, 77.2937088013, 13.1008682251, 5.535572052, 3.53682899475, 3.55432701111, 0.937780320644, 0.0619346015155, 0.00427924096584, 0.00014345778618, 5.36058280431e-07], "max": [4.49043083191, 35.6226768494, 191.416763306, 147.771621704, 225.14743042, 573.720153809, 792.992919922, 377.028961182, 262.933532715, 240.893432617, 1927.17114258, 2003.95007324, 2580.04980469, 2654.5925293, 194.250274658, 188.147171021, 1192.42456055, 715.594604492, 618.832580566, 547.74017334, 228.059951782, 280.074188232, 160.696990967, 210.644729614, 254.898361206, 504.547119141, 141.265350342, 92.1569671631, 292.626800537, 98.3828811646, 69.9356384277, 52.9469642639, 33.3158607483, 14.4856138229, 11.064450264, 7.28519296646, 1.71194636822, 0.455990940332, 0.0708463788033, 0.00518288183957], "mean": [0.258738815784, 3.2270488739, 10.4593658447, 11.743812561, 9.08494949341, 14.3626565933, 32.0353469849, 20.9830341339, 16.9261951447, 7.26105117798, 22.2503070831, 14.918636322, 22.4736919403, 31.3942432404, 9.09059333801, 7.76940536499, 17.7348423004, 18.9324951172, 17.7445526123, 12.1647729874, 9.50638389587, 9.16563892365, 4.60382699966, 6.11977863312, 6.49050664902, 7.31377983093, 6.06810045242, 4.54677772522, 5.09445095062, 3.97553634644, 3.0468890667, 2.24743723869, 1.29523313046, 0.915030360222, 0.751199960709, 0.359179526567, 0.0863072648644, 0.0207502972335, 0.00343748973683, 0.000267519877525], "median": [0.133324190974, 2.25163149834, 7.28301048279, 7.78462839127, 3.67106103897, 5.5919251442, 12.0274982452, 11.8431072235, 7.75994586945, 3.32648944855, 5.49812507629, 3.8010764122, 3.86739110947, 2.83432006836, 3.24584245682, 2.67291259766, 2.491147995, 4.45609283447, 4.0117316246, 3.02018642426, 2.43232965469, 2.28080439568, 1.08096504211, 1.75558996201, 2.16589164734, 1.88715934753, 2.55108618736, 1.79244685173, 1.53471326828, 1.4546841383, 1.15600967407, 1.1169629097, 0.593599557877, 0.399074018002, 0.311853915453, 0.137577444315, 0.0296974945813, 0.0063706706278, 0.000857787614223, 9.70609908109e-05], "min": [1.6529791408e-22, 1.25431287116e-21, 3.99353106218e-21, 4.873768364e-21, 1.47219731341e-20, 3.99812805381e-20, 4.08671974365e-20, 1.13664387236e-19, 2.10469011205e-19, 1.27101341751e-19, 2.86905165621e-19, 4.26550623813e-19, 7.44807692408e-19, 5.00352039956e-19, 1.00159495343e-18, 1.07050002904e-18, 1.47730052665e-18, 2.09833635682e-18, 2.71139878628e-18, 3.85220782321e-18, 4.77251449708e-18, 4.69445470344e-18, 6.81773882754e-18, 5.80769877364e-18, 8.35188051755e-18, 8.93584604177e-18, 1.07263860111e-17, 9.95538998732e-18, 1.14822363579e-17, 1.39678065652e-17, 1.19367042757e-17, 1.16235982159e-17, 9.24092265939e-18, 9.30421355678e-18, 5.91579721763e-18, 4.6387176194e-18, 2.47099176933e-18, 9.74633208161e-19, 2.6645167741e-19, 3.07383126746e-20], "var": [0.143867224455, 15.1848669052, 150.951828003, 203.033493042, 288.494781494, 662.301452637, 3441.17724609, 834.955810547, 533.913574219, 230.398727417, 5961.21826172, 2797.84130859, 10333.4316406, 24283.0976562, 286.996795654, 196.376220703, 4703.06152344, 2366.01708984, 1708.05078125, 935.926452637, 400.084869385, 465.007598877, 132.643280029, 198.158828735, 217.670806885, 354.365020752, 98.703338623, 61.2185401917, 162.719146729, 52.007648468, 31.1428699493, 10.9325847626, 4.19947290421, 1.97401976585, 1.64363861084, 0.408434927464, 0.0251257382333, 0.00164971943013, 5.53509380552e-05, 2.20467029521e-07]}, "gfcc": {"mean": [-41.2237052917, 87.7413406372, -70.1842803955, 33.4281311035, -47.6256370544, 13.2974596024, -34.8231620789, 1.31252896786, -21.2972583771, 6.7557053566, -15.5438957214, -0.764399707317, -7.81123542786], "cov": [[31837.5136719, -281.188262939, -105.014945984, 549.66973877, -1052.48168945, 471.763305664, -532.798156738, 66.154624939, -408.338287354, 25.180519104, -715.240600586, -195.089065552, -277.016662598], [-281.188262939, 1616.47729492, -337.145141602, -64.7284393311, 150.537902832, -88.218421936, 0.0496468022466, -122.52947998, 42.3141670227, -51.3629302979, 103.227462769, -73.496055603, 60.4275741577], [-105.014945984, -337.145141602, 922.304077148, 201.929092407, 131.977706909, 191.233779907, 88.4727020264, 78.6467971802, 7.53424406052, 50.7825012207, -24.7037563324, 8.70727825165, -49.6172447205], [549.66973877, -64.7284393311, 201.929092407, 435.441375732, 25.2611618042, 25.8133068085, 30.2043533325, 29.4247207642, -14.1166820526, -21.2328147888, 23.3399333954, 25.9143409729, -10.0332899094], [-1052.48168945, 150.537902832, 131.977706909, 25.2611618042, 306.720214844, 106.167640686, 72.0301971436, 44.1885223389, 70.8497772217, 6.07683134079, 4.74294376373, -12.6917285919, 11.0668210983], [471.763305664, -88.218421936, 191.233779907, 25.8133068085, 106.167640686, 258.968811035, 104.338035583, 70.8554077148, 19.108631134, 24.1168994904, -32.0932121277, -22.6282405853, -24.1891231537], [-532.798156738, 0.0496468022466, 88.4727020264, 30.2043533325, 72.0301971436, 104.338035583, 168.961959839, 79.2504119873, 32.9373855591, -8.08590602875, 16.3889122009, -8.28438949585, -8.92397689819], [66.154624939, -122.52947998, 78.6467971802, 29.4247207642, 44.1885223389, 70.8554077148, 79.2504119873, 164.900283813, 77.4597625732, 8.00995063782, -39.0811042786, -7.27343559265, -13.9873008728], [-408.338287354, 42.3141670227, 7.53424406052, -14.1166820526, 70.8497772217, 19.108631134, 32.9373855591, 77.4597625732, 131.122238159, 37.703742981, -9.74043369293, -29.2069530487, -4.2836766243], [25.180519104, -51.3629302979, 50.7825012207, -21.2328147888, 6.07683134079, 24.1168994904, -8.08590602875, 8.00995063782, 37.703742981, 113.654434204, 35.1481399536, -17.6963634491, -32.801071167], [-715.240600586, 103.227462769, -24.7037563324, 23.3399333954, 4.74294376373, -32.0932121277, 16.3889122009, -39.0811042786, -9.74043369293, 35.1481399536, 123.123352051, 31.7620449066, -7.68501663208], [-195.089065552, -73.496055603, 8.70727825165, 25.9143409729, -12.6917285919, -22.6282405853, -8.28438949585, -7.27343559265, -29.2069530487, -17.6963634491, 31.7620449066, 94.6451187134, 37.473072052], [-277.016662598, 60.4275741577, -49.6172447205, -10.0332899094, 11.0668210983, -24.1891231537, -8.92397689819, -13.9873008728, -4.2836766243, -32.801071167, -7.68501663208, 37.473072052, 89.4679870605]], "icov": [[6.16120305494e-05, -7.99895642558e-05, 4.51209052699e-05, -0.00013253990619, 0.000235482119024, -0.000247385905823, 0.000211772654438, -0.000103625403426, 0.000184874472325, -0.000192979161511, 0.000437350332504, -0.000121102253615, 0.000190253107576], [-7.99895642558e-05, 0.00108358787838, 0.000164485172718, 0.000188861173228, -0.000790568883531, 0.000327748508425, -0.000146375314216, 0.000669384375215, -0.000703615194652, 0.00116556358989, -0.0019189157756, 0.00168881809805, -0.00106922711711], [4.51209052699e-05, 0.000164485172718, 0.00167696876451, -0.000764256110415, -0.000463534874143, -0.000717807852197, -0.000242061520112, 6.0502661654e-05, 0.000557244289666, -0.00107482285239, 0.00104717083741, -0.000636382552329, 0.000710618973244], [-0.00013253990619, 0.000188861173228, -0.000764256110415, 0.00307214213535, -0.000505132426042, 0.00054098200053, -7.24131969037e-05, -0.000605084933341, -0.000146386213601, 0.00170675851405, -0.00224922061898, 0.000208242374356, -0.000172025174834], [0.000235482119024, -0.000790568883531, -0.000463534874143, -0.000505132426042, 0.00602936930954, -0.00285442802124, 0.000465479039121, 0.000310809584334, -0.00237181573175, 0.000344158761436, 0.000991928158328, -0.000729721738026, -6.97120849509e-05], [-0.000247385905823, 0.000327748508425, -0.000717807852197, 0.00054098200053, -0.00285442802124, 0.00850611273199, -0.00508248759434, -0.00017271732213, 0.00183032406494, -0.00247211428359, 0.00173792161513, 0.00038990858593, -3.85889143217e-05], [0.000211772654438, -0.000146375314216, -0.000242061520112, -7.24131969037e-05, 0.000465479039121, -0.00508248759434, 0.0133340656757, -0.00611688848585, 0.000441582640633, 0.00435246666893, -0.00576728954911, 0.00302973017097, -0.000593321863562], [-0.000103625403426, 0.000669384375215, 6.0502661654e-05, -0.000605084933341, 0.000310809584334, -0.00017271732213, -0.00611688848585, 0.0148119712248, -0.00848359055817, 0.000103000209492, 0.00498461350799, -0.00425280630589, 0.00265414314345], [0.000184874472325, -0.000703615194652, 0.000557244289666, -0.000146386213601, -0.00237181573175, 0.00183032406494, 0.000441582640633, -0.00848359055817, 0.0170322321355, -0.00650321785361, 0.00176567875315, 0.00360037595965, -0.00207882211544], [-0.000192979161511, 0.00116556358989, -0.00107482285239, 0.00170675851405, 0.000344158761436, -0.00247211428359, 0.00435246666893, 0.000103000209492, -0.00650321785361, 0.0173585750163, -0.0102884154767, 0.00412330962718, 0.00139179872349], [0.000437350332504, -0.0019189157756, 0.00104717083741, -0.00224922061898, 0.000991928158328, 0.00173792161513, -0.00576728954911, 0.00498461350799, 0.00176567875315, -0.0102884154767, 0.0219463482499, -0.0108733214438, 0.00628182431683], [-0.000121102253615, 0.00168881809805, -0.000636382552329, 0.000208242374356, -0.000729721738026, 0.00038990858593, 0.00302973017097, -0.00425280630589, 0.00360037595965, 0.00412330962718, -0.0108733214438, 0.0210911985487, -0.0100959837437], [0.000190253107576, -0.00106922711711, 0.000710618973244, -0.000172025174834, -6.97120849509e-05, -3.85889143217e-05, -0.000593321863562, 0.00265414314345, -0.00207882211544, 0.00139179872349, 0.00628182431683, -0.0100959837437, 0.0183961391449]]}, "melbands": {"dmean": [0.00151945254765, 0.00254906876944, 0.00113953708205, 0.000549717457034, 0.000783421040978, 0.000275559752481, 0.000128846950247, 5.94888151682e-05, 8.96930432646e-05, 5.75423000555e-05, 7.5203643064e-05, 6.28297784715e-05, 1.49766219693e-05, 1.59175488079e-05, 8.97140216694e-06, 2.14086339838e-05, 1.45060339491e-05, 1.59218652698e-05, 1.34627962325e-05, 7.00132386555e-06, 8.46497914608e-06, 6.92569346938e-06, 4.13687030232e-06, 3.17759850077e-06, 4.56848829344e-06, 4.08214918934e-06, 3.56626446774e-06, 4.09146969105e-06, 3.01530735669e-06, 2.29036550081e-06, 2.04134676096e-06, 2.0768743525e-06, 2.88816272587e-06, 1.25948793084e-06, 1.48607989559e-06, 1.07152391138e-06, 8.70797407515e-07, 6.02603563493e-07, 5.84707947837e-07, 5.79089373787e-07], "dmean2": [0.00245814700611, 0.00423214584589, 0.00187896203715, 0.000874671037309, 0.00125442910939, 0.000440116273239, 0.000201072238269, 9.68820531853e-05, 0.000128653337015, 8.14344311948e-05, 0.000103383063106, 7.73438223405e-05, 2.21579612116e-05, 2.37197691604e-05, 1.35054597195e-05, 2.88294904749e-05, 2.16070275201e-05, 2.49039949267e-05, 2.21883528866e-05, 1.14531949293e-05, 1.43872566696e-05, 1.17206036521e-05, 6.91102786732e-06, 5.1477118177e-06, 7.46172099753e-06, 6.68244138069e-06, 5.79742618356e-06, 6.54726818539e-06, 4.87702618557e-06, 3.7293598325e-06, 3.32697709382e-06, 3.35342087965e-06, 4.50889183412e-06, 1.9494971184e-06, 2.35644415625e-06, 1.66853658357e-06, 1.35543382385e-06, 9.30565590807e-07, 8.75079422258e-07, 8.78961884609e-07], "dvar": [1.13656451504e-05, 2.61268960458e-05, 5.26596932104e-06, 1.19084086236e-06, 3.30824514094e-06, 2.84327484223e-07, 6.91212775905e-08, 3.0178657795e-08, 1.88744806451e-07, 5.87478901082e-08, 1.6763804922e-07, 1.0895126934e-07, 1.40034051022e-09, 1.1188349136e-09, 9.23512155637e-10, 7.12286762905e-09, 1.44750555986e-09, 1.76270675833e-09, 1.70361214025e-09, 3.45988460104e-10, 6.16721729241e-10, 4.55892268381e-10, 1.61213625782e-10, 1.08458991788e-10, 1.62107730017e-10, 1.47930209748e-10, 8.75639422082e-11, 1.53611359743e-10, 4.53926132793e-11, 2.35153719413e-11, 2.19535101903e-11, 3.11252724983e-11, 7.74600245057e-11, 5.82553233083e-12, 1.35617350683e-11, 3.99422769165e-12, 2.4267408829e-12, 1.24531645846e-12, 1.20812246925e-12, 1.31542411512e-12], "dvar2": [2.87608690996e-05, 7.00784803485e-05, 1.39010226121e-05, 2.93108541882e-06, 8.21537832962e-06, 6.93943718488e-07, 1.7008478892e-07, 7.85790135183e-08, 4.33565759295e-07, 1.23476183944e-07, 3.48107079162e-07, 1.37365191222e-07, 2.65764943386e-09, 2.4960822298e-09, 1.5640921891e-09, 9.06995012429e-09, 2.43490405616e-09, 3.8190481888e-09, 4.42252900967e-09, 8.95184426586e-10, 1.6747940812e-09, 1.2488520218e-09, 4.31460450701e-10, 2.74872791195e-10, 4.14229511803e-10, 3.81079445777e-10, 2.18164597499e-10, 3.67408048429e-10, 1.16959442131e-10, 6.06771230482e-11, 5.73982944507e-11, 7.61063226329e-11, 1.76688080833e-10, 1.40255281347e-11, 3.42995493119e-11, 1.00001751671e-11, 5.56870782126e-12, 2.79176269775e-12, 2.71589022972e-12, 3.17842280273e-12], "max": [0.0412724651396, 0.0830054879189, 0.0215800851583, 0.0176737587899, 0.0306391119957, 0.00756682781503, 0.00340716447681, 0.00339769385755, 0.0142714455724, 0.0110103739426, 0.012917375192, 0.0116883758456, 0.0012194669107, 0.000636085693259, 0.00169589126017, 0.00394390709698, 0.00161210424267, 0.000879475381225, 0.000721754680853, 0.000537887390237, 0.000386283267289, 0.000412285036873, 0.0002803671523, 0.000239815897658, 0.000193787360331, 0.000206611803151, 0.000167784703081, 0.000336416589562, 0.000128068437334, 6.57417476759e-05, 5.41769077245e-05, 0.000119118536531, 0.000222868955461, 3.21686347888e-05, 4.48026767117e-05, 3.63901781384e-05, 4.15811919083e-05, 2.43770791712e-05, 2.0551506168e-05, 1.47935470522e-05], "mean": [0.00295559619553, 0.00520812440664, 0.00199332903139, 0.000716706039384, 0.00107452005614, 0.000489593308885, 0.000238455279032, 8.23809532449e-05, 0.000173411026481, 9.0813744464e-05, 0.000112251153041, 0.00013397661678, 2.56451494351e-05, 2.72245870292e-05, 1.51549666043e-05, 5.02565817442e-05, 3.2346793887e-05, 2.58313975792e-05, 2.09116187762e-05, 1.19308606372e-05, 1.23122317746e-05, 1.10720447992e-05, 5.77274749958e-06, 3.48435833075e-06, 5.14562270837e-06, 4.61160516352e-06, 4.76119157611e-06, 4.61172294308e-06, 3.71572718905e-06, 3.23321387441e-06, 2.50104403676e-06, 2.47314392254e-06, 3.39171242558e-06, 1.76612002178e-06, 1.74388196683e-06, 1.50110690811e-06, 1.37233928399e-06, 8.8256700792e-07, 8.01118403615e-07, 7.615725508e-07], "median": [0.00194484344684, 0.00442594056949, 0.00134740304202, 0.000287554226816, 0.000411352200899, 0.000287816801574, 0.000107183303044, 3.59104888048e-05, 4.03558951803e-05, 1.74544657057e-05, 1.79598246177e-05, 1.03267921077e-05, 7.87037788541e-06, 7.99481131253e-06, 3.18043612424e-06, 6.85653367327e-06, 6.70617100695e-06, 5.58022611585e-06, 4.05709806728e-06, 3.07503842123e-06, 2.14836154555e-06, 2.25931580644e-06, 9.81463244898e-07, 6.96485244589e-07, 1.38877112477e-06, 1.41888563121e-06, 1.48426101987e-06, 1.02560886717e-06, 1.41654697927e-06, 1.40509564517e-06, 7.5684897638e-07, 7.58727992434e-07, 8.71671886671e-07, 6.93646427408e-07, 5.74127511754e-07, 7.28875590994e-07, 6.13759766566e-07, 4.00613998863e-07, 3.25503577869e-07, 3.19228973922e-07], "min": [3.06175297775e-24, 2.01288410982e-24, 1.58527604108e-24, 3.05164747234e-24, 1.29377241229e-24, 2.68622008256e-24, 3.35551136822e-24, 1.52822098585e-24, 2.9413635345e-24, 3.21662077016e-24, 3.45322835741e-24, 1.95993734358e-24, 2.70359296906e-24, 2.66860107146e-24, 2.29586922412e-24, 3.04830940742e-24, 3.3561393015e-24, 4.02638353114e-24, 4.11025640588e-24, 4.39968434441e-24, 4.54322231928e-24, 4.1231195718e-24, 4.64911861276e-24, 4.26259885731e-24, 4.02665016613e-24, 5.81254329756e-24, 5.9494986226e-24, 4.44769757454e-24, 5.062252563e-24, 5.40903700023e-24, 5.43495265869e-24, 5.7911273017e-24, 6.38229019774e-24, 6.28910718661e-24, 5.60518765875e-24, 6.68883207918e-24, 6.45625931824e-24, 5.52738467425e-24, 6.58510081445e-24, 8.01128796702e-24], "var": [1.48269191413e-05, 3.24509746861e-05, 6.01246574661e-06, 1.3919709545e-06, 3.94878179577e-06, 4.13718254322e-07, 1.09248418312e-07, 3.08719165787e-08, 3.55195084012e-07, 1.13126553458e-07, 2.60803005858e-07, 4.69583028462e-07, 3.45540329683e-09, 2.63889132768e-09, 3.66020902476e-09, 4.11769995878e-08, 9.7588666037e-09, 3.59291796315e-09, 2.6390900576e-09, 8.24051604731e-10, 9.51477785449e-10, 8.20872203544e-10, 3.64177021872e-10, 1.00020700056e-10, 1.5444830137e-10, 1.37416161783e-10, 9.87902329386e-11, 1.57039978244e-10, 4.56376707259e-11, 2.57217563221e-11, 2.3313561151e-11, 3.36546068791e-11, 9.01649657714e-11, 7.8805555831e-12, 1.32643522902e-11, 4.95336150569e-12, 4.86952622322e-12, 2.01919795988e-12, 1.71014352852e-12, 1.53289967525e-12]}, "mfcc": {"mean": [-691.171569824, 122.702384949, 33.8367233276, 29.4631385803, 11.2119321823, 14.3658218384, 0.415385335684, -2.44940948486, 0.256079167128, 5.06871604919, -2.98129200935, -2.09313559532, 0.0714384019375], "cov": [[15252.3720703, 510.499420166, 386.74621582, 357.088409424, -60.1110687256, 160.362747192, -63.8372192383, -27.5417079926, 70.9331054688, 125.413009644, -110.789176941, -193.596206665, -133.016067505], [510.499420166, 1637.04199219, -160.133621216, 14.540063858, 77.4182281494, 57.0187263489, -34.1703147888, -78.5526199341, -42.2207298279, 22.9260215759, -11.7639942169, -66.9121398926, -18.6638774872], [386.74621582, -160.133621216, 640.965698242, 162.627761841, 100.247573853, 113.424468994, 111.202552795, 57.489490509, 36.7763519287, 42.0402832031, 1.81717205048, 62.8302574158, 17.8041591644], [357.088409424, 14.540063858, 162.627761841, 308.915649414, 77.0359191895, 26.6040439606, 19.5125751495, 26.7887096405, -17.4690380096, -33.0217857361, -1.66057145596, -2.45839047432, 31.7643508911], [-60.1110687256, 77.4182281494, 100.247573853, 77.0359191895, 201.196533203, 91.8154449463, 37.1930923462, 30.1804580688, 52.5414085388, 48.1458282471, 6.05476999283, 9.00790214539, 9.80742835999], [160.362747192, 57.0187263489, 113.424468994, 26.6040439606, 91.8154449463, 159.233123779, 86.3611755371, 26.2323589325, 19.9491882324, 31.440404892, 9.25643634796, 9.38307666779, 1.9802583456], [-63.8372192383, -34.1703147888, 111.202552795, 19.5125751495, 37.1930923462, 86.3611755371, 155.249176025, 72.8809432983, 19.2575435638, 15.9309644699, 12.6734113693, 23.3463478088, 7.87726974487], [-27.5417079926, -78.5526199341, 57.489490509, 26.7887096405, 30.1804580688, 26.2323589325, 72.8809432983, 159.37411499, 93.4104156494, 18.5130577087, -3.94591331482, 15.5034198761, 21.5415058136], [70.9331054688, -42.2207298279, 36.7763519287, -17.4690380096, 52.5414085388, 19.9491882324, 19.2575435638, 93.4104156494, 166.211669922, 88.4730224609, 0.594789028168, -1.75056731701, 1.01072466373], [125.413009644, 22.9260215759, 42.0402832031, -33.0217857361, 48.1458282471, 31.440404892, 15.9309644699, 18.5130577087, 88.4730224609, 144.921722412, 60.6702880859, 0.709810316563, -19.2360439301], [-110.789176941, -11.7639942169, 1.81717205048, -1.66057145596, 6.05476999283, 9.25643634796, 12.6734113693, -3.94591331482, 0.594789028168, 60.6702880859, 134.777908325, 57.9844551086, -4.84680938721], [-193.596206665, -66.9121398926, 62.8302574158, -2.45839047432, 9.00790214539, 9.38307666779, 23.3463478088, 15.5034198761, -1.75056731701, 0.709810316563, 57.9844551086, 133.513366699, 44.5552177429], [-133.016067505, -18.6638774872, 17.8041591644, 31.7643508911, 9.80742835999, 1.9802583456, 7.87726974487, 21.5415058136, 1.01072466373, -19.2360439301, -4.84680938721, 44.5552177429, 92.5335845947]], "icov": [[7.65526492614e-05, -2.22102116822e-05, -2.78539628198e-05, -0.00013870105613, 0.000188984980923, -0.000178337329999, 0.000127393534058, -1.76706016646e-05, -9.05745855562e-06, -0.000153955785208, 0.00012425002933, -6.0631187182e-08, 0.000110222426883], [-2.22102116822e-05, 0.000698111834936, 0.000262390240096, -7.0973772381e-05, -0.000300356565276, -0.0002973380615, 7.80356349424e-05, 0.000181456343853, 0.000301029271213, -0.000297415623209, 0.000125411737827, 0.000173798922333, -7.01607059455e-05], [-2.78539628198e-05, 0.000262390240096, 0.00256044208072, -0.00144689995795, 3.00285992125e-05, -0.000892091251444, -0.00095438567223, 0.000159376955708, 0.000290635303827, -0.00158241554163, 0.00164888578001, -0.00188124552369, 0.000737032736652], [-0.00013870105613, -7.0973772381e-05, -0.00144689995795, 0.00531590124592, -0.00254445383325, 0.00116967177019, 0.00031157041667, -0.00104785442818, 0.000725462858099, 0.00273850816302, -0.00240962975658, 0.00241644866765, -0.00202642846853], [0.000188984980923, -0.000300356565276, 3.00285992125e-05, -0.00254445383325, 0.00914152059704, -0.00504277134314, 0.00132192089222, 0.000230813457165, -0.00178265559953, -0.00232047913596, 0.00149218388833, -0.00119821296539, 0.000243699687417], [-0.000178337329999, -0.0002973380615, -0.000892091251444, 0.00116967177019, -0.00504277134314, 0.0131819462404, -0.00664289388806, 0.0016848447267, 5.36992447451e-05, 0.00021898560226, -0.000642025202978, 0.000867772614583, -0.000527082534973], [0.000127393534058, 7.80356349424e-05, -0.00095438567223, 0.00031157041667, 0.00132192089222, -0.00664289388806, 0.0136602967978, -0.00719393091276, 0.00395229505375, -0.00172120786738, 0.00013587049034, -0.00074703420978, 0.000755273795221], [-1.76706016646e-05, 0.000181456343853, 0.000159376955708, -0.00104785442818, 0.000230813457165, 0.0016848447267, -0.00719393091276, 0.0154078770429, -0.0109021812677, 0.00512812240049, -0.00149838184007, 0.00037691972102, -0.00176962371916], [-9.05745855562e-06, 0.000301029271213, 0.000290635303827, 0.000725462858099, -0.00178265559953, 5.36992447451e-05, 0.00395229505375, -0.0109021812677, 0.0187007002532, -0.0120292128995, 0.00538573693484, -0.00146211171523, 0.000413264846429], [-0.000153955785208, -0.000297415623209, -0.00158241554163, 0.00273850816302, -0.00232047913596, 0.00021898560226, -0.00172120786738, 0.00512812240049, -0.0120292128995, 0.0202384721488, -0.0108240796253, 0.00479120202363, -0.000258247717284], [0.00012425002933, 0.000125411737827, 0.00164888578001, -0.00240962975658, 0.00149218388833, -0.000642025202978, 0.00013587049034, -0.00149838184007, 0.00538573693484, -0.0108240796253, 0.0160308908671, -0.00849367585033, 0.0035271034576], [-6.0631187182e-08, 0.000173798922333, -0.00188124552369, 0.00241644866765, -0.00119821296539, 0.000867772614583, -0.00074703420978, 0.00037691972102, -0.00146211171523, 0.00479120202363, -0.00849367585033, 0.0145172188058, -0.00677129905671], [0.000110222426883, -7.01607059455e-05, 0.000737032736652, -0.00202642846853, 0.000243699687417, -0.000527082534973, 0.000755273795221, -0.00176962371916, 0.000413264846429, -0.000258247717284, 0.0035271034576, -0.00677129905671, 0.0152250546962]]}, "spectral_contrast_coeffs": {"dmean": [0.0490259826183, 0.0449964813888, 0.0385346971452, 0.0321956574917, 0.0226063728333, 0.0184164587408], "dmean2": [0.0806648507714, 0.0724698379636, 0.0591491274536, 0.0503996424377, 0.0364616028965, 0.0291219297796], "dvar": [0.00182201224379, 0.00168362515979, 0.00120110553689, 0.000896022189409, 0.000401052471716, 0.000318497332046], "dvar2": [0.00476394919679, 0.0041900887154, 0.00257594743744, 0.00196093926206, 0.000973920163233, 0.000745621684473], "max": [-0.272281438112, -0.414817869663, -0.392073720694, -0.512912034988, -0.613373458385, -0.655399143696], "mean": [-0.636156916618, -0.680195987225, -0.751317203045, -0.763483047485, -0.802448511124, -0.786796092987], "median": [-0.637556552887, -0.673130273819, -0.756172597408, -0.770844221115, -0.80193310976, -0.784104347229], "min": [-0.972325742245, -0.975560545921, -0.97312271595, -0.975466907024, -0.966420412064, -0.967066764832], "var": [0.0073456983082, 0.00707682687789, 0.00726230675355, 0.00570293609053, 0.00199323473498, 0.00149325479288]}, "spectral_contrast_valleys": {"dmean": [0.455493837595, 0.416477739811, 0.42846980691, 0.412011951208, 0.403635770082, 0.469385772943], "dmean2": [0.708212673664, 0.628152191639, 0.634792566299, 0.583344757557, 0.550535976887, 0.576887905598], "dvar": [0.237025737762, 0.197283223271, 0.226810052991, 0.237794399261, 0.256137222052, 0.285195916891], "dvar2": [0.462178200483, 0.3614846766, 0.413436442614, 0.418848961592, 0.448439359665, 0.514462471008], "max": [-4.83785390854, -4.86184072495, -5.4494509697, -5.82924699783, -5.58360099792, -7.95556354523],