{"lowlevel": {"average_loudness": 0.890138447285, "barkbands_crest": {"dmean": 2.61938071251, "dmean2": 4.08931064606, "dvar": 7.41392993927, "dvar2": 18.0295581818, "max": 26.5068340302, "mean": 16.0271911621, "median": 16.2419548035, "min": 2.21591043472, "var": 28.7248497009}, "barkbands_flatness_db": {"dmean": 0.0312430467457, "dmean2": 0.0448380149901, "dvar": 0.0014383608941, "dvar2": 0.00278471433558, "max": 0.576383173466, "mean": 0.230290368199, "median": 0.221892386675, "min": 0.0174094997346, "var": 0.0118965189904}, "barkbands_kurtosis": {"dmean": 9.36109161377, "dmean2": 14.8558635712, "dvar": 917.07232666, "dvar2": 2238.64282227, "max": 1237.69445801, "mean": 17.001958847, "median": 4.90370845795, "min": -1.92191588879, "var": 3236.37207031}, "barkbands_skewness": {"dmean": 0.851726770401, "dmean2": 1.32899093628, "dvar": 1.27615940571, "dvar2": 3.12031531334, "max": 28.8731689453, "mean": 2.27346539497, "median": 1.8827123642, "min": -7.65167427063, "var": 6.32222032547}, "barkbands_spread": {"dmean": 8.18705940247, "dmean2": 13.1196336746, "dvar": 203.061004639, "dvar2": 474.575317383, "max": 114.931541443, "mean": 16.6839942932, "median": 9.67354488373, "min": 0.0840001925826, "var": 366.851593018}, "dissonance": {"dmean": 0.0353443287313, "dmean2": 0.059917345643, "dvar": 0.00156882591546, "dvar2": 0.00440380629152, "max": 0.499957561493, "mean": 0.429542213678, "median": 0.447107970715, "min": 0.0485423319042, "var": 0.00386970140971}, "dynamic_complexity": 4.23373031616, "erbbands_crest": {"dmean": 3.04727578163, "dmean2": 4.68445205688, "dvar": 8.02735424042, "dvar2": 17.6717357635, "max": 34.5339241028, "mean": 13.1892576218, "median": 11.5492801666, "min": 2.11420965195, "var": 47.8391418457}, "erbbands_flatness_db": {"dmean": 0.0255502797663, "dmean2": 0.0359384901822, "dvar": 0.000943377206568, "dvar2": 0.00156223436352, "max": 0.626817107201, "mean": 0.208825975657, "median": 0.173839107156, "min": 0.0289792586118, "var": 0.0155430454761}, "erbbands_kurtosis": {"dmean": 2.13634634018, "dmean2": 3.30777716637, "dvar": 24.1080513, "dvar2": 47.9995651245, "max": 265.083740234, "mean": 3.36735200882, "median": 1.13038706779, "min": -1.93145668507, "var": 106.318267822}, "erbbands_skewness": {"dmean": 0.490599900484, "dmean2": 0.742855668068, "dvar": 0.287753611803, "dvar2": 0.627896845341, "max": 11.6095590591, "mean": 0.294650971889, "median": 0.26644808054, "min": -5.07776451111, "var": 1.41302537918}, "erbbands_spread": {"dmean": 9.70281124115, "dmean2": 15.3633594513, "dvar": 245.061157227, "dvar2": 554.771606445, "max": 193.829620361, "mean": 28.703666687, "median": 23.6956958771, "min": 0.170887202024, "var": 582.023193359}, "hfc": {"dmean": 15.1061649323, "dmean2": 24.0632553101, "dvar": 815.096801758, "dvar2": 1985.83093262, "max": 231.257232666, "mean": 25.0848083496, "median": 11.4287595749, "min": 1.20127006673e-16, "var": 1140.9543457}, "melbands_crest": {"dmean": 3.18662500381, "dmean2": 5.07186174393, "dvar": 11.7343559265, "dvar2": 29.7636756897, "max": 39.6005058289, "mean": 21.8082447052, "median": 22.4244842529, "min": 1.79925203323, "var": 46.0996856689}, "melbands_flatness_db": {"dmean": 0.0357576943934, "dmean2": 0.0519448667765, "dvar": 0.00197906163521, "dvar2": 0.00386966532096, "max": 0.721023917198, "mean": 0.325635135174, "median": 0.323730945587, "min": 0.00696741137654, "var": 0.0131557593122}, "melbands_kurtosis": {"dmean": 15.5589590073, "dmean2": 24.4238014221, "dvar": 6233.84667969, "dvar2": 14954.9775391, "max": 6603.22851562, "mean": 28.7192077637, "median": 11.4328022003, "min": -1.72662103176, "var": 7513.39111328}, "melbands_skewness": {"dmean": 0.981453537941, "dmean2": 1.50666201115, "dvar": 1.97381567955, "dvar2": 4.54538345337, "max": 73.7319488525, "mean": 3.19703435898, "median": 2.88409304619, "min": -7.66918468475, "var": 8.92053031921}, "melbands_spread": {"dmean": 4.75257730484, "dmean2": 7.42151451111, "dvar": 63.012928009, "dvar2": 144.543563843, "max": 138.565917969, "mean": 12.8428707123, "median": 8.49681186676, "min": 0.0463813841343, "var": 191.185592651}, "pitch_salience": {"dmean": 0.0733278691769, "dmean2": 0.113520607352, "dvar": 0.00591581314802, "dvar2": 0.0138914547861, "max": 0.944544136524, "mean": 0.385320842266, "median": 0.389284312725, "min": 0.0109529867768, "var": 0.0208983216435}, "silence_rate_20dB": {"dmean": 0, "dmean2": 0, "dvar": 0, "dvar2": 0, "max": 1, "mean": 1, "median": 1, "min": 1, "var": 0}, "silence_rate_30dB": {"dmean": 0.0364235527813, "dmean2": 0.072853423655, "dvar": 0.0350908599794, "dvar2": 0.0847205370665, "max": 1, "mean": 0.963146030903, "median": 1, "min": 0, "var": 0.0355020277202}, "silence_rate_60dB": {"dmean": 0.0117942932993, "dmean2": 0.0235906336457, "dvar": 0.0116536691785, "dvar2": 0.0258057992905, "max": 1, "mean": 0.123482480645, "median": 0, "min": 0, "var": 0.108246028423}, "spectral_centroid": {"dmean": 233.654144287, "dmean2": 358.008636475, "dvar": 146336.0625, "dvar2": 286466.03125, "max": 11130.2041016, "mean": 1011.90313721, "median": 865.836425781, "min": 70.6939239502, "var": 417762.5625}, "spectral_complexity": {"dmean": 2.96956038475, "dmean2": 4.68985271454, "dvar": 29.3141307831, "dvar2": 49.3200683594, "max": 57, "mean": 13.4415540695, "median": 12, "min": 0, "var": 89.4433517456}, "spectral_decrease": {"dmean": 2.96466318161e-09, "dmean2": 4.52665727124e-09, "dvar": 1.79270850604e-17, "dvar2": 4.52001496812e-17, "max": 6.98578347946e-11, "mean": -1.15563869585e-08, "median": -1.11197149266e-08, "min": -4.5019376671e-08, "var": 6.52445987341e-17}, "spectral_energy": {"dmean": 0.0117524461821, "dmean2": 0.0178715698421, "dvar": 0.000268479663646, "dvar2": 0.00066761294147, "max": 0.173261791468, "mean": 0.0458918102086, "median": 0.0440231375396, "min": 1.09895564957e-20, "var": 0.00100868637674}, "spectral_energyband_high": {"dmean": 0.00108975369949, "dmean2": 0.0017565122107, "dvar": 5.16594127475e-06, "dvar2": 1.24435991893e-05, "max": 0.0246690511703, "mean": 0.0012326183496, "median": 9.91902779788e-05, "min": 7.89542763771e-21, "var": 6.81465235175e-06}, "spectral_energyband_low": {"dmean": 0.00984687265009, "dmean2": 0.0157482624054, "dvar": 0.000277724437183, "dvar2": 0.00072167586768, "max": 0.15522120893, "mean": 0.0305711552501, "median": 0.0278156995773, "min": 9.80590077247e-23, "var": 0.000712906534318}, "spectral_energyband_middle_high": {"dmean": 0.00196604663506, "dmean2": 0.0028929929249, "dvar": 1.61291591212e-05, "dvar2": 3.43758438248e-05, "max": 0.10098861903, "mean": 0.00502620730549, "median": 0.00256814621389, "min": 1.67264421886e-21, "var": 5.80136074859e-05}, "spectral_energyband_middle_low": {"dmean": 0.0042006643489, "dmean2": 0.00643721129745, "dvar": 5.72898643441e-05, "dvar2": 0.00013548390416, "max": 0.117263838649, "mean": 0.00971763394773, "median": 0.0047027785331, "min": 3.03041106067e-22, "var": 0.000163162490935}, "spectral_entropy": {"dmean": 0.267676651478, "dmean2": 0.39364117384, "dvar": 0.132224977016, "dvar2": 0.240767672658, "max": 9.79341030121, "mean": 7.02495288849, "median": 7.15724945068, "min": 3.57891583443, "var": 0.969891548157}, "spectral_flux": {"dmean": 0.0286156348884, "dmean2": 0.0432534888387, "dvar": 0.00118511205073, "dvar2": 0.00232731341384, "max": 0.335555791855, "mean": 0.0791977271438, "median": 0.0594656988978, "min": 1.04831088255e-10, "var": 0.00410434277728}, "spectral_kurtosis": {"dmean": 5.34354305267, "dmean2": 8.94742298126, "dvar": 99.6484832764, "dvar2": 283.944915771, "max": 237.014373779, "mean": 20.0055561066, "median": 6.74158096313, "min": -1.47090363503, "var": 1175.05419922}, "spectral_rms": {"dmean": 0.000789871031884, "dmean2": 0.00118085544091, "dvar": 1.01485977666e-06, "dvar2": 2.44176067099e-06, "max": 0.0130013804883, "mean": 0.00610049488023, "median": 0.00655357958749, "min": 3.27437296027e-12, "var": 7.55649489292e-06}, "spectral_rolloff": {"dmean": 560.554504395, "dmean2": 993.925476074, "dvar": 2598268.75, "dvar2": 6694533.5, "max": 19702.8808594, "mean": 1043.61474609, "median": 645.99609375, "min": 43.06640625, "var": 3322406.25}, "spectral_skewness": {"dmean": 0.463099420071, "dmean2": 0.750817656517, "dvar": 0.37452557683, "dvar2": 0.91121006012, "max": 12.3342790604, "mean": 2.91233301163, "median": 2.12913417816, "min": -0.334544807673, "var": 4.56052160263}, "spectral_spread": {"dmean": 1107490.75, "dmean2": 1672956.5, "dvar": 3385551224830.0, "dvar2": 5570030469120.0, "max": 40791696, "mean": 4810443, "median": 4176390.5, "min": 411441.84375, "var": 9382824771580.0}, "spectral_strongpeak": {"dmean": 0.319296628237, "dmean2": 0.534649133682, "dvar": 0.594350934029, "dvar2": 1.45716798306, "max": 11.3899087906, "mean": 0.835777521133, "median": 0.468924582005, "min": 0, "var": 1.11742794514}, "zerocrossingrate": {"dmean": 0.0134855564684, "dmean2": 0.016979990527, "dvar": 0.000413081870647, "dvar2": 0.000574049365241, "max": 0.53271484375, "mean": 0.0445557497442, "median": 0.03515625, "min": 0.00146484375, "var": 0.00181663664989}, "barkbands": {"dmean": [0.000308015558403, 0.00859191734344, 0.00320870988071, 0.00114474596921, 0.00136914907489, 0.00142609735485, 0.000471829989692, 0.000556900340598, 0.000764268334024, 0.000525585433934, 0.000767060148064, 0.000227998258197, 0.000430011976277, 0.000271788361715, 0.000239190136199, 0.000144418969285, 0.000154993278557, 0.000179043898243, 0.000101719720988, 8.36288236314e-05, 6.79335425957e-05, 0.000107362327981, 0.000127967869048, 0.000163741526194, 0.000207038596272, 0.000173902648385, 0.000289187621092], "dmean2": [0.000420696102083, 0.0136421723291, 0.00532485637814, 0.00207448098809, 0.00219226279296, 0.00200521526858, 0.000738291710149, 0.000877974263858, 0.0011874132324, 0.000805937335826, 0.00113011163194, 0.000367261149222, 0.000711653614417, 0.000438545277575, 0.000392694637412, 0.000233356491663, 0.000243415037403, 0.000302270404063, 0.000170274550328, 0.000130711327074, 0.000105160368548, 0.00016291931388, 0.000201152084628, 0.000264728150796, 0.000337551900884, 0.000289099494694, 0.000507622258738], "dvar": [2.79398108205e-07, 0.000218070694245, 9.55405630521e-05, 1.69613485923e-05, 1.18891884995e-05, 1.42404460348e-05, 1.96540599973e-06, 2.00816020879e-06, 5.4176730373e-06, 5.76577122047e-06, 4.94389223604e-06, 6.87495457896e-07, 1.29547811412e-06, 5.21776257756e-07, 3.12964658633e-07, 1.03695086295e-07, 2.21898247332e-07, 5.68615462271e-07, 1.03116356343e-07, 5.43197202774e-08, 2.4570171675e-08, 8.61973532551e-08, 1.11928002866e-07, 1.39382635211e-07, 2.12360774299e-07, 1.38791151016e-07, 4.96872303302e-07], "dvar2": [5.52040603452e-07, 0.000599101418629, 0.000231295300182, 4.69775877718e-05, 2.86881731881e-05, 2.85592886939e-05, 4.44750367024e-06, 4.70721306556e-06, 1.25955848489e-05, 1.27750508909e-05, 1.17036743177e-05, 1.70664384314e-06, 3.22167306877e-06, 1.35654318001e-06, 7.67169069604e-07, 2.44775037572e-07, 4.77302194213e-07, 1.52890811478e-06, 2.78436374401e-07, 1.22514862255e-07, 4.98628018875e-08, 1.78858144295e-07, 2.43353127871e-07, 3.07521332843e-07, 4.89457988806e-07, 3.41686785532e-07, 1.308812557e-06], "max": [0.00672994926572, 0.152324780822, 0.0878840386868, 0.0402720794082, 0.0769439041615, 0.0899767279625, 0.0510267876089, 0.0435518063605, 0.0561682730913, 0.0967498570681, 0.0580225177109, 0.0376611053944, 0.0331920720637, 0.0232887882739, 0.0109378956258, 0.00447963643819, 0.0124384881929, 0.00771416723728, 0.00463585695252, 0.00686676427722, 0.00418639928102, 0.00974078197032, 0.0100387111306, 0.00595858180895, 0.00851579289883, 0.00370163354091, 0.00378700019792], "mean": [0.00132787320763, 0.0254941545427, 0.00324496510439, 0.000836432504002, 0.00214976281859, 0.00311134103686, 0.000941485050134, 0.000947711116169, 0.00142765999772, 0.00102394330315, 0.00151332770474, 0.000371978792828, 0.000771125720348, 0.000419698742917, 0.000349146139342, 0.000185120370588, 0.000193891159142, 0.000159598697792, 0.000127566599986, 0.000124746613437, 8.51697041071e-05, 0.000132822766318, 0.000170219820575, 0.000202395691304, 0.000229323792155, 0.000155768328113, 0.000194472871954], "median": [0.00115621322766, 0.0225879736245, 0.00108932051808, 0.000121398057672, 0.000321131199598, 0.000416954688262, 0.000271092751063, 0.000284976675175, 0.000390569039155, 0.000412471039454, 0.000536512816325, 0.00012546670041, 0.000167799764313, 7.49063474359e-05, 1.92343140952e-05, 1.79371618287e-05, 2.03042964131e-05, 1.78831760422e-05, 1.60592117027e-05, 2.30823152378e-05, 1.39708072311e-05, 8.59646934259e-06, 1.01313680716e-05, 7.83533505455e-06, 1.01114419522e-05, 4.45252635473e-06, 4.66410085664e-07], "min": [5.84109722243e-23, 3.97176035659e-23, 2.33569912677e-23, 7.57819228601e-24, 1.09460161952e-23, 8.15828841018e-23, 6.9831709135e-23, 6.78482225185e-23, 3.60625080695e-23, 1.46150290913e-22, 6.24627953363e-23, 9.48843600739e-23, 1.1300238092e-22, 1.13409837044e-22, 1.54122544465e-22, 2.1177229747e-22, 1.56353342131e-22, 3.15002660771e-22, 1.76573803507e-22, 4.40668202973e-22, 3.15197591456e-22, 4.23274892864e-22, 8.37912806422e-22, 7.44948388641e-22, 1.21271927748e-21, 1.85364793704e-21, 2.53519326494e-21], "var": [1.58543309681e-06, 0.000522821559571, 8.31696743262e-05, 1.06735560621e-05, 2.3634353056e-05, 5.7361619838e-05, 5.0351709433e-06, 4.40382700617e-06, 1.40681631819e-05, 1.47359960465e-05, 1.21546790979e-05, 9.95140112536e-07, 3.70737006961e-06, 1.01980788259e-06, 5.83410439958e-07, 1.54560780175e-07, 3.16442822168e-07, 4.23616342005e-07, 1.14400847906e-07, 9.03844536992e-08, 4.18522816403e-08, 1.55435742499e-07, 2.03901421969e-07, 2.48814416182e-07, 3.28741236899e-07, 1.3338096494e-07, 3.49371305219e-07]}, "erbbands": {"dmean": [0.319056928158, 1.74769389629, 3.44565272331, 3.75089240074, 3.222833395, 4.58558797836, 12.6466493607, 8.62333106995, 6.60872936249, 8.55708026886, 12.6874866486, 20.6738300323, 10.0939855576, 20.8834342957, 28.9774513245, 11.1443586349, 20.41431427, 12.5743780136, 10.7276268005, 14.3094520569, 7.02832698822, 8.41274642944, 10.8836975098, 4.49798488617, 5.14341115952, 4.06668186188, 2.65690135956, 2.95447969437, 3.63148927689, 3.80197358131, 3.90137410164, 2.79726552963, 3.12000465393, 2.4337117672, 1.35978853703, 0.69128370285, 0.344022393227, 0.17570245266, 0.0457354523242, 0.00348052661866], "dmean2": [0.497941076756, 2.78296065331, 5.4277215004, 6.39471435547, 5.77581787109, 7.19630670547, 17.6908531189, 12.1295166016, 10.2462425232, 13.5560588837, 19.4637737274, 32.1021728516, 15.5118045807, 32.3517417908, 41.3266220093, 17.5027923584, 33.7152328491, 20.3319320679, 17.7915668488, 23.0895118713, 10.9724235535, 13.0516290665, 18.3926486969, 6.98905038834, 8.29169654846, 6.41628503799, 3.99439334869, 4.74896383286, 5.54809856415, 5.88468313217, 6.19750976562, 4.43183755875, 5.13481378555, 3.98839950562, 2.21655035019, 1.13842213154, 0.579706132412, 0.3070140481, 0.0800413414836, 0.00605088472366], "dvar": [0.308114498854, 9.85847091675, 87.2164840698, 156.324783325, 135.311523438, 144.643432617, 1256.30957031, 589.018432617, 564.051879883, 398.828063965, 1084.96325684, 4186.35888672, 697.133789062, 8132.46044922, 5024.54443359, 1370.55249023, 2893.90673828, 733.319030762, 771.860656738, 1235.51159668, 249.906616211, 700.28137207, 2164.37036133, 222.277252197, 208.253189087, 135.014938354, 39.2237930298, 59.7216148376, 91.7432861328, 115.992988586, 108.809341431, 47.5735778809, 50.6143913269, 30.1363582611, 9.64148521423, 2.20520925522, 0.595551669598, 0.179559484124, 0.0120979147032, 7.10695094313e-05], "dvar2": [0.796415686607, 26.6214027405, 202.036941528, 403.703155518, 380.466918945, 321.783447266, 2414.0925293, 1185.69787598, 1266.36425781, 1004.81451416, 2457.04760742, 9689.31640625, 1451.81774902, 17821.5664062, 10734.8564453, 3397.76586914, 7183.72509766, 1831.62145996, 2012.18493652, 2967.71728516, 550.643676758, 1605.49450684, 5815.22509766, 439.367828369, 531.703430176, 319.188171387, 78.0645904541, 125.642944336, 187.769454956, 246.182876587, 239.519119263, 99.184387207, 115.302230835, 70.2154159546, 22.3615112305, 5.19923782349, 1.53236496449, 0.474802225828, 0.0315846912563, 0.000185724376934], "max": [4.94377374649, 36.9941215515, 86.8710327148, 132.571090698, 132.728424072, 413.320495605, 890.259643555, 737.327270508, 889.173706055, 569.87890625, 964.726806641, 1556.33789062, 1003.48815918, 3530.17163086, 2069.23266602, 1808.49060059, 1629.05053711, 530.16607666, 734.849975586, 718.653320312, 301.053985596, 643.717163086, 453.110870361, 162.439880371, 299.028167725, 352.712493896, 139.825942993, 282.267578125, 354.412017822, 329.06854248, 366.584136963, 129.481124878, 134.742019653, 126.452789307, 77.4957580566, 21.09075737, 8.62024688721, 2.52954053879, 0.581271767616, 0.0464193150401], "mean": [1.0429764986, 4.45624113083, 4.44730710983, 3.32816529274, 2.78095984459, 7.63238430023, 26.9503536224, 19.0300788879, 13.2565174103, 16.905878067, 23.7925338745, 39.3005332947, 21.8865814209, 38.5027008057, 61.9431915283, 22.5260925293, 37.6987419128, 20.1642055511, 16.8067836761, 20.2470836639, 10.2175397873, 10.3277006149, 9.8675403595, 5.95508623123, 7.32421255112, 6.17125940323, 3.75236845016, 3.64532089233, 4.4346165657, 5.02896547318, 5.09297990799, 3.56435966492, 3.80994653702, 2.72882652283, 1.47658634186, 0.701021492481, 0.275480210781, 0.120776474476, 0.031032577157, 0.00242115696892], "median": [1.00095522404, 3.11543655396, 2.0469648838, 0.74730360508, 0.489720582962, 1.2293651104, 2.82543039322, 3.50710630417, 4.01528263092, 5.99238586426, 6.70325708389, 10.8818969727, 11.2571315765, 12.3339147568, 24.6817855835, 9.79446411133, 9.09272289276, 5.86523532867, 2.04871988297, 1.26268815994, 0.928220391273, 1.11050844193, 1.10517597198, 0.878851115704, 0.897643506527, 1.1203558445, 0.695530772209, 0.528628349304, 0.326927900314, 0.247666865587, 0.310404211283, 0.152650624514, 0.143389552832, 0.0973497480154, 0.0679815337062, 0.0276201888919, 0.00611126469448, 0.000682489015162, 0.000113027723273, 6.7634282459e-05], "min": [2.55737911331e-21, 4.43390780313e-21, 1.94636648265e-20, 3.46645965379e-20, 2.35393630348e-20, 4.84529444856e-20, 9.69015915094e-20, 9.35890446414e-19, 7.89547616995e-19, 1.68635377947e-18, 1.40488872224e-18, 9.83621559492e-19, 2.83322615369e-18, 4.20759025696e-18, 2.56590164564e-18, 3.81498759078e-18, 5.54933056367e-18, 5.64719223399e-18, 6.69614451826e-18, 9.94751274634e-18, 1.09388357709e-17, 1.12941330051e-17, 1.71021494161e-17, 8.31461603095e-18, 1.15381397053e-17, 1.74621003683e-17, 2.16865514613e-17, 1.20252001935e-17, 1.41436833614e-17, 1.60736628209e-17, 2.57688598378e-17, 1.66944602163e-17, 1.36479507115e-17, 1.05778946835e-17, 1.06359429101e-17, 6.52514436536e-18, 3.481050228e-18, 1.57345965248e-18, 3.36269779464e-19, 3.31981765641e-20], "var": [0.833387672901, 21.4693832397, 93.092918396, 118.684402466, 86.3726959229, 344.654388428, 5213.52539062, 2373.07885742, 1432.55725098, 981.232666016, 2773.07446289, 10885.4414062, 1964.99499512, 21053.3691406, 14480.4804688, 2357.97143555, 8499.32128906, 1385.28283691, 1498.1697998, 2163.30810547, 462.598327637, 907.553222656, 1640.90649414, 286.392120361, 342.407867432, 214.079086304, 71.0444488525, 98.8812866211, 159.0884552, 218.07434082, 189.456192017, 83.9552612305, 89.8436737061, 49.2895355225, 13.7282438278, 2.74433398247, 0.478544235229, 0.126500383019, 0.00864074472338, 5.11508369527e-05]}, "gfcc": {"mean": [-60.6715812683, 101.277572632, -93.7257232666, -4.40876960754, -45.5140647888, 26.8831138611, -12.4685668945, 15.2647132874, -16.3097686768, 5.17605781555, -3.35489630699, 5.26446247101, -1.88221037388], "cov": [[25044.9863281, -3105.43676758, 3193.01196289, 4584.83837891, 610.772827148, 767.049926758, -1202.90771484, 521.695617676, 678.037597656, 1729.42419434, 267.633270264, 319.214080811, 39.0234489441], [-3105.43676758, 2854.40771484, -633.433410645, -655.112609863, 115.198539734, -278.893768311, 252.238723755, -83.8335113525, -44.5149803162, -207.948791504, 176.062591553, -75.913269043, 71.4537658691], [3193.01196289, -633.433410645, 1889.37646484, 1156.87646484, 366.534942627, 273.162322998, -66.4828414917, 109.069442749, 145.539794922, 225.283065796, -45.4800033569, 86.3202514648, 15.9804086685], [4584.83837891, -655.112609863, 1156.87646484, 2000.74169922, 409.768829346, 358.525054932, -168.817810059, 232.082489014, 262.02557373, 459.448913574, 76.8205032349, 72.8434524536, -1.85722351074], [610.772827148, 115.198539734, 366.534942627, 409.768829346, 621.719421387, 104.174713135, 158.309204102, 69.2711868286, 154.809432983, -29.2297916412, -23.3626995087, -23.3201026917, -23.6323852539], [767.049926758, -278.893768311, 273.162322998, 358.525054932, 104.174713135, 388.340484619, 126.585639954, 116.621734619, 88.2752380371, 90.5678100586, 13.6746797562, 30.0181789398, -9.60204315186], [-1202.90771484, 252.238723755, -66.4828414917, -168.817810059, 158.309204102, 126.585639954, 378.919128418, 70.4268341064, 28.4574432373, -136.269073486, 13.5392827988, -5.76339530945, -25.2340297699], [521.695617676, -83.8335113525, 109.069442749, 232.082489014, 69.2711868286, 116.621734619, 70.4268341064, 189.32989502, 84.460899353, 65.461265564, 1.88703739643, 20.2460155487, -2.96466159821], [678.037597656, -44.5149803162, 145.539794922, 262.02557373, 154.809432983, 88.2752380371, 28.4574432373, 84.460899353, 250.152496338, 77.1492233276, 6.07174968719, -3.06365013123, -20.9391365051], [1729.42419434, -207.948791504, 225.283065796, 459.448913574, -29.2297916412, 90.5678100586, -136.269073486, 65.461265564, 77.1492233276, 333.344207764, 99.0764465332, 14.5791254044, -1.53065228462], [267.633270264, 176.062591553, -45.4800033569, 76.8205032349, -23.3626995087, 13.6746797562, 13.5392827988, 1.88703739643, 6.07174968719, 99.0764465332, 156.861724854, 28.4079875946, -2.29489326477], [319.214080811, -75.913269043, 86.3202514648, 72.8434524536, -23.3201026917, 30.0181789398, -5.76339530945, 20.2460155487, -3.06365013123, 14.5791254044, 28.4079875946, 98.6999359131, 38.6977462769], [39.0234489441, 71.4537658691, 15.9804086685, -1.85722351074, -23.6323852539, -9.60204315186, -25.2340297699, -2.96466159821, -20.9391365051, -1.53065228462, -2.29489326477, 38.6977462769, 110.21497345]], "icov": [[9.66290972428e-05, 4.23746532761e-05, -3.75680283469e-05, -8.10883648228e-05, -8.10731653473e-05, -2.06978784263e-05, 0.000215488151298, -6.44241663394e-05, -2.76720529655e-05, -0.000210268670344, -5.38758395123e-05, -0.000131606138893, 7.72139082983e-06], [4.23746532761e-05, 0.000577558064833, 2.03589570447e-05, 2.91606975225e-05, -0.000191046201508, 0.000366928288713, -0.000168952261447, -0.000103322934592, -0.000106859210064, 0.00022313350928, -0.00104148464743, 0.000666338251904, -0.000715208239853], [-3.75680283469e-05, 2.03589570447e-05, 0.000968941894826, -0.000411878107116, -0.000279923347989, -0.000133087771246, -0.000213276871364, 0.000431883177953, 0.000132743109134, -0.00027976417914, 0.000812753511127, -0.000737561727874, 4.1066276026e-05], [-8.10883648228e-05, 2.91606975225e-05, -0.000411878107116, 0.00151738023851, -0.000719592440873, -0.000537063926458, 0.000718622293789, -0.000766289595049, -8.47974297358e-05, -0.00070246856194, -0.000409002648667, -7.54233842599e-05, 3.00270312437e-05], [-8.10731653473e-05, -0.000191046201508, -0.000279923347989, -0.000719592440873, 0.00303736096248, 0.000342027953593, -0.00148094689939, 0.000461269490188, -0.00122269266285, 0.00109801872168, 0.000332999799866, 0.00104384485167, -4.11796754634e-05], [-2.06978784263e-05, 0.000366928288713, -0.000133087771246, -0.000537063926458, 0.000342027953593, 0.00473416503519, -0.00260716723278, -0.000549047370441, -0.000339266291121, -0.00110013328958, 0.000498584995512, -0.000423629186116, -0.00026682409225], [0.000215488151298, -0.000168952261447, -0.000213276871364, 0.000718622293789, -0.00148094689939, -0.00260716723278, 0.00685597956181, -0.002784302691, 7.39012029953e-05, 0.00269039627165, -0.00289151654579, 0.000326963257976, 0.000902782427147], [-6.44241663394e-05, -0.000103322934592, 0.000431883177953, -0.000766289595049, 0.000461269490188, -0.000549047370441, -0.002784302691, 0.00886416248977, -0.00152235350106, -0.00200696242973, 0.00265508261509, -0.00193622102961, 8.43152593006e-05], [-2.76720529655e-05, -0.000106859210064, 0.000132743109134, -8.47974297358e-05, -0.00122269266285, -0.000339266291121, 7.39012029953e-05, -0.00152235350106, 0.00584689294919, -0.00110816245433, 0.000609739799984, -9.18457735679e-05, 0.000883015571162], [-0.000210268670344, 0.00022313350928, -0.00027976417914, -0.00070246856194, 0.00109801872168, -0.00110013328958, 0.00269039627165, -0.00200696242973, -0.00110816245433, 0.00914540793747, -0.00593558233231, 0.00338973128237, -0.000737190071959], [-5.38758395123e-05, -0.00104148464743, 0.000812753511127, -0.000409002648667, 0.000332999799866, 0.000498584995512, -0.00289151654579, 0.00265508261509, 0.000609739799984, -0.00593558233231, 0.0130734769627, -0.00561952590942, 0.0023724893108], [-0.000131606138893, 0.000666338251904, -0.000737561727874, -7.54233842599e-05, 0.00104384485167, -0.000423629186116, 0.000326963257976, -0.00193622102961, -9.18457735679e-05, 0.00338973128237, -0.00561952590942, 0.0159309916198, -0.00575097277761], [7.72139082983e-06, -0.000715208239853, 4.1066276026e-05, 3.00270312437e-05, -4.11796754634e-05, -0.00026682409225, 0.000902782427147, 8.43152593006e-05, 0.000883015571162, -0.000737190071959, 0.0023724893108, -0.00575097277761, 0.0119317146018]]}, "melbands": {"dmean": [0.00256182788871, 0.00174622493796, 0.000601516512688, 0.000261480687186, 0.000383292179322, 0.000211565056816, 9.8829412309e-05, 9.69348111539e-05, 0.000119555290439, 0.000116683484521, 5.08638149768e-05, 8.57474660734e-05, 0.000105643339339, 3.5821714846e-05, 4.06785839004e-05, 3.46648776031e-05, 2.49310196523e-05, 1.96349392354e-05, 1.68406877492e-05, 1.53406926984e-05, 7.59661406846e-06, 8.31227953313e-06, 1.07184805529e-05, 8.99440055946e-06, 3.87258751289e-06, 3.52788288183e-06, 3.70970155927e-06, 2.58274826592e-06, 1.60882802902e-06, 1.84726548014e-06, 1.74349656845e-06, 2.1269820536e-06, 2.21351706386e-06, 2.14030092138e-06, 2.5730323614e-06, 1.67681241692e-06, 1.85763337868e-06, 2.24621408051e-06, 2.4684559321e-06, 1.95891220756e-06], "dmean2": [0.00406681792811, 0.00270842970349, 0.000992747722194, 0.000446117046522, 0.000538301537745, 0.000297577847959, 0.000153915141709, 0.000154987472342, 0.000182217670954, 0.00018194707809, 7.79819238232e-05, 0.000132978588226, 0.000155455942149, 5.24911883986e-05, 6.60413497826e-05, 5.75000958634e-05, 4.04514103138e-05, 3.23969616147e-05, 2.73236091743e-05, 2.47482857958e-05, 1.19569376693e-05, 1.32226077767e-05, 1.73732696567e-05, 1.53003966261e-05, 5.86541636949e-06, 5.84371264267e-06, 5.81318681725e-06, 4.14719761466e-06, 2.49722438639e-06, 2.87658644993e-06, 2.83511553789e-06, 3.34849664796e-06, 3.37841015607e-06, 3.39077473654e-06, 4.18436866312e-06, 2.67085874839e-06, 2.97376550407e-06, 3.70545103578e-06, 4.08884716308e-06, 3.20633625961e-06], "dvar": [1.95896645891e-05, 1.34778319989e-05, 3.61315755981e-06, 6.35196158782e-07, 1.00128409031e-06, 3.23094781152e-07, 1.12676950437e-07, 5.57408448287e-08, 9.39039921377e-08, 1.29461668052e-07, 2.24993126352e-08, 1.54335225488e-07, 9.21728258163e-08, 9.06077790574e-09, 1.34956890108e-08, 7.28732407751e-09, 3.31531468944e-09, 3.31533045461e-09, 1.54366219807e-09, 1.36487443569e-09, 3.01052405227e-10, 6.14677642119e-10, 1.82230686097e-09, 1.3944350119e-09, 1.69438976738e-10, 9.99968371995e-11, 1.10166153977e-10, 5.61434475299e-11, 1.41639582008e-11, 1.98768102672e-11, 2.707056454e-11, 3.67440487758e-11, 3.83450181329e-11, 3.67949108682e-11, 5.10325393055e-11, 2.39286888915e-11, 2.02064146665e-11, 2.64120270793e-11, 3.31631597184e-11, 1.96613402642e-11], "dvar2": [5.30756478838e-05, 3.05245412164e-05, 8.80162042449e-06, 1.71708302332e-06, 1.9192596028e-06, 6.48924583402e-07, 2.51186520472e-07, 1.39442548175e-07, 2.14815088384e-07, 3.01604785591e-07, 4.76889496781e-08, 3.398699846e-07, 2.16969155531e-07, 1.98697662768e-08, 3.33024594568e-08, 1.83658741548e-08, 8.47465297937e-09, 8.71019967263e-09, 3.73616027005e-09, 3.25306492854e-09, 6.74986733173e-10, 1.38314992792e-09, 4.62755744834e-09, 3.79767284286e-09, 3.92917642866e-10, 2.63981947413e-10, 2.72210948227e-10, 1.33510147382e-10, 2.82695290788e-11, 4.31381458332e-11, 6.01390187649e-11, 8.00218155628e-11, 8.00863472761e-11, 8.16210710131e-11, 1.16545717521e-10, 5.33864029373e-11, 4.28836653688e-11, 6.16822010135e-11, 7.71615479844e-11, 4.64306232351e-11], "max": [0.039834074676, 0.0379444658756, 0.01904723607, 0.0187876131386, 0.025422822684, 0.0148158650845, 0.0122040519491, 0.0071142190136, 0.00824525207281, 0.00840774085373, 0.00520673347637, 0.0157681312412, 0.00923498347402, 0.00358603568748, 0.0045900256373, 0.00203720433637, 0.00136992358603, 0.0017798790941, 0.000803537433967, 0.000616079953033, 0.000353168434231, 0.000520449480973, 0.000803403148893, 0.000371660978999, 0.000147314392962, 0.000196111082914, 0.000194563705008, 0.000251499383012, 0.000111706918688, 0.00010595216736, 0.00020940991817, 0.000242793277721, 0.000194634369109, 0.000206546639674, 0.000312195799779, 0.000122297555208, 8.43030793476e-05, 0.000104409336927, 0.000148459963384, 0.000124304773635], "mean": [0.00803206767887, 0.00351283792406, 0.000566016067751, 0.000313793803798, 0.000831123848911, 0.000464833254227, 0.00019609570154, 0.000184376971447, 0.000223287410336, 0.000219348687096, 0.00010260946874, 0.000150362044224, 0.000207935532671, 7.65405129641e-05, 8.04161609267e-05, 5.82333486818e-05, 3.72597169189e-05, 2.9451575756e-05, 2.45513328991e-05, 2.04282678169e-05, 1.04726832433e-05, 1.04300015664e-05, 1.02995809357e-05, 8.05688432592e-06, 4.28489192927e-06, 4.79423397337e-06, 5.01812382936e-06, 3.93030359191e-06, 2.4344594749e-06, 2.05323772207e-06, 2.11901851799e-06, 2.43855424742e-06, 2.75184493148e-06, 2.76418927569e-06, 3.20922458741e-06, 2.15495856537e-06, 2.23590677706e-06, 2.71609928859e-06, 2.62779099103e-06, 2.195705747e-06], "median": [0.00749660655856, 0.00211236998439, 0.000130388085381, 4.40120347776e-05, 0.000105716884718, 7.78247995186e-05, 5.4748277762e-05, 6.59123907099e-05, 5.20558569406e-05, 6.45002000965e-05, 4.83184485347e-05, 4.22947705374e-05, 7.37058653613e-05, 3.58575707651e-05, 2.19276153075e-05, 1.52542506839e-05, 7.15991063771e-06, 2.72700617643e-06, 1.38651535053e-06, 1.52087795868e-06, 9.07752166768e-07, 1.00502472833e-06, 1.02996273199e-06, 8.52955281516e-07, 5.96839242917e-07, 5.6487516531e-07, 6.57392433823e-07, 6.99635620549e-07, 4.46010403721e-07, 2.70129191904e-07, 2.71084786618e-07, 1.88697271142e-07, 1.12842037936e-07, 1.32310091772e-07, 1.80349758239e-07, 1.21404070796e-07, 7.87651117662e-08, 9.78815037911e-08, 8.06204596415e-08, 7.49297655034e-08], "min": [1.92105506009e-23, 8.37569437358e-24, 5.5977135961e-24, 2.25276053945e-24, 2.81956834112e-24, 1.94809531866e-23, 1.29483202998e-23, 1.75303715361e-23, 9.99063148609e-24, 5.7940622587e-24, 1.5730533316e-23, 1.863196057e-23, 8.29432889324e-24, 7.6577307645e-24, 1.51609583875e-23, 9.51062619134e-24, 1.10222122701e-23, 1.01817559173e-23, 1.16486175271e-23, 1.60410179243e-23, 1.06151395326e-23, 1.15685568226e-23, 1.29097126582e-23, 1.50761747729e-23, 5.08457969321e-24, 8.80694412008e-24, 8.54637784106e-24, 1.2363383094e-23, 1.78203757376e-23, 5.89325165677e-24, 7.30591536685e-24, 8.43860366419e-24, 6.68209047389e-24, 9.80267196478e-24, 1.57094896625e-23, 1.23646231834e-23, 9.09981267545e-24, 1.00329380964e-23, 8.31039562329e-24, 8.7785814151e-24], "var": [4.93569932587e-05, 2.23389706662e-05, 3.07686150336e-06, 6.83398809542e-07, 4.16821148974e-06, 1.32982688683e-06, 2.97020335438e-07, 1.24955903402e-07, 2.49443843359e-07, 3.27771829234e-07, 5.84781005841e-08, 3.97207287506e-07, 2.32225829677e-07, 2.1065051925e-08, 4.00864266226e-08, 1.58248258941e-08, 6.14419182199e-09, 6.34632346674e-09, 2.91111135198e-09, 2.09907602411e-09, 5.4705834307e-10, 8.69397442926e-10, 1.71512415381e-09, 1.0365057701e-09, 1.75080339115e-10, 1.42586470409e-10, 1.61644655994e-10, 9.1308807737e-11, 2.9440630489e-11, 2.83309105342e-11, 4.06659116103e-11, 5.35126873369e-11, 7.28785157222e-11, 6.39083994058e-11, 8.24636955943e-11, 3.60657718967e-11, 3.48989170895e-11, 4.58438391415e-11, 4.97980545688e-11, 3.24003497643e-11]}, "mfcc": {"mean": [-711.803710938, 143.878463745, 12.5860013962, -5.53153944016, -2.30197930336, 8.74522686005, 15.8597946167, 13.5552806854, 6.79612588882, 6.30692434311, 2.63917541504, 5.97163486481, 6.39723157883], "cov": [[17141.9042969, -1802.58117676, 1252.90270996, 2392.83886719, 1915.80395508, 990.977966309, -120.543243408, -665.748718262, -25.6151542664, 873.701171875, 577.429382324, 364.250457764, 560.60925293], [-1802.58117676, 2689.22631836, -210.303421021, -109.700721741, -156.220596313, -140.702148438, 102.415100098, 14.6505060196, -97.4988632202, -137.584579468, -31.5257816315, 142.338226318, 2.23950457573], [1252.90270996, -210.303421021, 913.678161621, 481.347961426, 333.317565918, 235.137084961, 76.7813110352, 23.6887741089, 83.0475234985, 88.256111145, 62.8696594238, 23.2255382538, 32.6527633667], [2392.83886719, -109.700721741, 481.347961426, 1201.55334473, 705.325622559, 368.692077637, 95.7128372192, -6.04332971573, 61.5283470154, 236.255477905, 175.185943604, 95.0853347778, 129.547119141], [1915.80395508, -156.220596313, 333.317565918, 705.325622559, 667.996948242, 321.464447021, 29.1916408539, 13.7471399307, 92.5035552979, 182.542877197, 112.765846252, 29.7670650482, 94.2316436768], [990.977966309, -140.702148438, 235.137084961, 368.692077637, 321.464447021, 342.332855225, 111.155014038, 77.3741912842, 87.3386230469, 131.771743774, 102.048164368, 26.3771572113, 77.9861450195], [-120.543243408, 102.415100098, 76.7813110352, 95.7128372192, 29.1916408539, 111.155014038, 252.267684937, 126.044052124, 27.7499313354, 17.9699554443, 26.7286472321, 45.0304374695, 18.9701366425], [-665.748718262, 14.6505060196, 23.6887741089, -6.04332971573, 13.7471399307, 77.3741912842, 126.044052124, 334.635070801, 157.398468018, -13.8415031433, -0.805727481842, -37.8748054504, 15.0257196426], [-25.6151542664, -97.4988632202, 83.0475234985, 61.5283470154, 92.5035552979, 87.3386230469, 27.7499313354, 157.398468018, 216.336303711, 74.9002990723, 10.29783535, -48.7143669128, 20.3313961029], [873.701171875, -137.584579468, 88.256111145, 236.255477905, 182.542877197, 131.771743774, 17.9699554443, -13.8415031433, 74.9002990723, 211.80166626, 83.5601654053, 15.2215414047, 54.2688941956], [577.429382324, -31.5257816315, 62.8696594238, 175.185943604, 112.765846252, 102.048164368, 26.7286472321, -0.805727481842, 10.29783535, 83.5601654053, 188.282653809, 114.407249451, 39.6007995605], [364.250457764, 142.338226318, 23.2255382538, 95.0853347778, 29.7670650482, 26.3771572113, 45.0304374695, -37.8748054504, -48.7143669128, 15.2215414047, 114.407249451, 179.850570679, 49.4798927307], [560.60925293, 2.23950457573, 32.6527633667, 129.547119141, 94.2316436768, 77.9861450195, 18.9701366425, 15.0257196426, 20.3313961029, 54.2688941956, 39.6007995605, 49.4798927307, 133.287826538]], "icov": [[0.000124437705381, 6.23925807304e-05, -4.53321408713e-05, -3.62879945897e-05, -0.000200296315597, -1.49645529746e-05, 2.60369506577e-05, 0.000213892519241, 6.56080810586e-05, -0.000160752169904, -2.27500422625e-05, -8.45884642331e-05, -0.00026191197685], [6.23925807304e-05, 0.000459223840153, 6.6006607085e-05, -6.21465733275e-05, -0.000131977620185, 0.000143740893691, -0.000166338810232, 6.98156436556e-05, 2.23408151214e-05, 8.16959218355e-05, 0.000264806178166, -0.000546479946934, -0.000113379501272], [-4.53321408713e-05, 6.6006607085e-05, 0.00157111010049, -0.000472623622045, 6.55656685922e-06, -0.000637018412817, -0.000209508725675, 0.000316515797749, -0.0007072777953, 0.000557057617698, 0.00027804117417, -0.000261094683083, 0.000521640875377], [-3.62879945897e-05, -6.21465733275e-05, -0.000472623622045, 0.00264012347907, -0.00234882789664, 0.000307698792312, -0.000595973338932, -0.000103764454252, 0.000719087140169, -0.000740717339795, -0.000448174425401, -0.000100264252978, -0.000357240875019], [-0.000200296315597, -0.000131977620185, 6.55656685922e-06, -0.00234882789664, 0.00582484668121, -0.00293834973127, 0.00156172958668, -0.000223305032705, -0.000798407418188, -5.73161814827e-05, 0.00058653432643, 6.41196820652e-05, 0.000477098743431], [-1.49645529746e-05, 0.000143740893691, -0.000637018412817, 0.000307698792312, -0.00293834973127, 0.00853927619755, -0.00316118774936, -0.000191418832401, -0.000292846991215, -0.000769200443756, -0.0030276470352, 0.00232003629208, -0.00213379808702], [2.60369506577e-05, -0.000166338810232, -0.000209508725675, -0.000595973338932, 0.00156172958668, -0.00316118774936, 0.00734968157485, -0.00337087106891, 0.00180552585516, -0.00141320144758, 0.00245308852755, -0.0032562436536, 0.00138326035812], [0.000213892519241, 6.98156436556e-05, 0.000316515797749, -0.000103764454252, -0.000223305032705, -0.000191418832401, -0.00337087106891, 0.00769436080009, -0.00545414816588, 0.00318504380994, -0.00185278768186, 0.00193446455523, -0.0016277540708], [6.56080810586e-05, 2.23408151214e-05, -0.0007072777953, 0.000719087140169, -0.000798407418188, -0.000292846991215, 0.00180552585516, -0.00545414816588, 0.0106798820198, -0.00439712777734, 0.000404172489652, 0.00117084523663, -0.000101775534858], [-0.000160752169904, 8.16959218355e-05, 0.000557057617698, -0.000740717339795, -5.73161814827e-05, -0.000769200443756, -0.00141320144758, 0.00318504380994, -0.00439712777734, 0.010201016441, -0.00381246721372, 0.00256956671365, -0.0017129824264], [-2.27500422625e-05, 0.000264806178166, 0.00027804117417, -0.000448174425401, 0.00058653432643, -0.0030276470352, 0.00245308852755, -0.00185278768186, 0.000404172489652, -0.00381246721372, 0.0136131923646, -0.00958453305066, 0.0026793112047], [-8.45884642331e-05, -0.000546479946934, -0.000261094683083, -0.000100264252978, 6.41196820652e-05, 0.00232003629208, -0.0032562436536, 0.00193446455523, 0.00117084523663, 0.00256956671365, -0.00958453305066, 0.0145302414894, -0.00440220860764], [-0.00026191197685, -0.000113379501272, 0.000521640875377, -0.000357240875019, 0.000477098743431, -0.00213379808702, 0.00138326035812, -0.0016277540708, -0.000101775534858, -0.0017129824264, 0.0026793112047, -0.00440220860764, 0.011274443008]]}, "spectral_contrast_coeffs": {"dmean": [0.0467552281916, 0.0442559123039, 0.0380255095661, 0.0303338132799, 0.019832411781, 0.0171899255365], "dmean2": [0.0758798569441, 0.0713268369436, 0.0601080060005, 0.0493602380157, 0.0321148000658, 0.0268320553005], "dvar": [0.00165032374207, 0.00146183755714, 0.00116877467372, 0.000804667244665, 0.000338933808962, 0.00026343180798], "dvar2": [0.00402877479792, 0.0036012022756, 0.00279840873554, 0.00199336721562, 0.000860863365233, 0.000578207604121], "max": [-0.252906888723, -0.386925876141, -0.441079974174, -0.485186547041, -0.618163943291, -0.612488865852], "mean": [-0.696155071259, -0.70936101675, -0.716531157494, -0.766425430775, -0.807479381561, -0.81199324131], "median": [-0.710226893425, -0.717401981354, -0.718536615372, -0.767764270306, -0.811381936073, -0.811341226101], "min": [-0.952922821045, -0.986808359623, -0.968155741692, -0.979248464108, -0.957864224911, -0.9590523839], "var": [0.00827640388161, 0.00989906024188, 0.0061293351464, 0.00504987174645, 0.00177088624332, 0.00134179019369]}, "spectral_contrast_valleys": {"dmean": [0.365289241076, 0.354856342077, 0.332622736692, 0.35226303339, 0.318247258663, 0.445374071598], "dmean2": [0.599348127842, 0.582724690437, 0.541574478149, 0.55313795805, 0.490440279245, 0.623094081879], "dvar": [0.129188373685, 0.137695655227, 0.145842209458, 0.240292742848, 0.236486852169, 0.470888346434], "dvar2": [0.280506938696, 0.315060764551, 0.315850138664, 0.478054195642, 0.417563974857, 0.747428834438], "max": [-5.09279489517, -5.0438990593,