{"lowlevel": {"average_loudness": 0.907250344753, "barkbands_crest": {"dmean": 1.68532752991, "dmean2": 2.7184407711, "dvar": 3.01948690414, "dvar2": 8.10486125946, "max": 24.7663002014, "mean": 8.39621353149, "median": 7.77314567566, "min": 2.65139579773, "var": 10.209985733}, "barkbands_flatness_db": {"dmean": 0.0171548612416, "dmean2": 0.0253199581057, "dvar": 0.000295775971608, "dvar2": 0.000632687530015, "max": 0.355152070522, "mean": 0.13437885046, "median": 0.129146069288, "min": 0.0321886427701, "var": 0.00216133520007}, "barkbands_kurtosis": {"dmean": 1.27713406086, "dmean2": 1.95099210739, "dvar": 5.59261322021, "dvar2": 11.724445343, "max": 145.853103638, "mean": 2.20100021362, "median": 0.761315107346, "min": -1.95586788654, "var": 58.1808776855}, "barkbands_skewness": {"dmean": 0.30237609148, "dmean2": 0.463622778654, "dvar": 0.0968565046787, "dvar2": 0.226519361138, "max": 10.293680191, "mean": 1.2777223587, "median": 1.23549306393, "min": -7.13102960587, "var": 0.953825175762}, "barkbands_spread": {"dmean": 3.93456196785, "dmean2": 5.86683797836, "dvar": 25.6536445618, "dvar2": 52.51039505, "max": 157.600234985, "mean": 23.6391162872, "median": 21.485244751, "min": 1.26076388359, "var": 214.286178589}, "dissonance": {"dmean": 0.0154863633215, "dmean2": 0.0254469346255, "dvar": 0.000191224899027, "dvar2": 0.000500698108226, "max": 0.500000119209, "mean": 0.454774796963, "median": 0.460060983896, "min": 0.315722107887, "var": 0.000677349395119}, "dynamic_complexity": 4.11018800735, "erbbands_crest": {"dmean": 1.53341007233, "dmean2": 2.37308311462, "dvar": 2.29088640213, "dvar2": 5.47948598862, "max": 24.5601634979, "mean": 7.90834140778, "median": 7.15061616898, "min": 2.16921591759, "var": 9.73386096954}, "erbbands_flatness_db": {"dmean": 0.0149711994454, "dmean2": 0.0217183511704, "dvar": 0.000238721608184, "dvar2": 0.000547996489331, "max": 0.304281204939, "mean": 0.161714926362, "median": 0.157325536013, "min": 0.0286913774908, "var": 0.00178892351687}, "erbbands_kurtosis": {"dmean": 0.341375410557, "dmean2": 0.523927927017, "dvar": 0.139321923256, "dvar2": 0.330628544092, "max": 4.88467931747, "mean": -0.451853394508, "median": -0.597012519836, "min": -1.65112674236, "var": 0.463380485773}, "erbbands_skewness": {"dmean": 0.217716664076, "dmean2": 0.32937887311, "dvar": 0.0416283756495, "dvar2": 0.101507782936, "max": 1.97856760025, "mean": 0.0275424458086, "median": -0.0136409066617, "min": -1.63074576855, "var": 0.229341059923}, "erbbands_spread": {"dmean": 4.23454666138, "dmean2": 6.46743631363, "dvar": 18.3725185394, "dvar2": 42.9144172668, "max": 111.67515564, "mean": 36.5179367065, "median": 34.8467216492, "min": 7.81810617447, "var": 124.210632324}, "hfc": {"dmean": 5.39842367172, "dmean2": 6.82192087173, "dvar": 74.7269439697, "dvar2": 129.60118103, "max": 148.892303467, "mean": 20.6390628815, "median": 17.5607452393, "min": 1.14662955949e-16, "var": 283.994781494}, "melbands_crest": {"dmean": 2.24874973297, "dmean2": 3.6569108963, "dvar": 4.68589305878, "dvar2": 12.3962287903, "max": 31.0793800354, "mean": 12.6497039795, "median": 11.5682764053, "min": 1.73414850235, "var": 25.4432678223}, "melbands_flatness_db": {"dmean": 0.0186581090093, "dmean2": 0.0278465896845, "dvar": 0.000420492811827, "dvar2": 0.000883683969732, "max": 0.449086606503, "mean": 0.197500601411, "median": 0.19138649106, "min": 0.00547157879919, "var": 0.00340075790882}, "melbands_kurtosis": {"dmean": 2.62562179565, "dmean2": 4.011490345, "dvar": 22.6005153656, "dvar2": 47.9558830261, "max": 292.709228516, "mean": 7.71585893631, "median": 5.21625328064, "min": -1.49979877472, "var": 197.999450684}, "melbands_skewness": {"dmean": 0.360755085945, "dmean2": 0.556946456432, "dvar": 0.137606933713, "dvar2": 0.324737995863, "max": 13.0628557205, "mean": 2.25691723824, "median": 2.11483812332, "min": -0.443410933018, "var": 1.15758287907}, "melbands_spread": {"dmean": 4.77166652679, "dmean2": 7.26721811295, "dvar": 33.2497558594, "dvar2": 71.7738265991, "max": 140.556091309, "mean": 24.6532363892, "median": 21.7051181793, "min": 0.746269583702, "var": 202.283493042}, "pitch_salience": {"dmean": 0.0446732118726, "dmean2": 0.0712203606963, "dvar": 0.00180063513108, "dvar2": 0.00453646900132, "max": 0.858898043633, "mean": 0.522641301155, "median": 0.522330164909, "min": 0.062447629869, "var": 0.00913414824754}, "silence_rate_20dB": {"dmean": 0, "dmean2": 0, "dvar": 0, "dvar2": 0, "max": 1, "mean": 1, "median": 1, "min": 1, "var": 0}, "silence_rate_30dB": {"dmean": 0.00183767231647, "dmean2": 0.0036759073846, "dvar": 0.00183453888167, "dvar2": 0.00550105422735, "max": 1, "mean": 0.99908131361, "median": 1, "min": 0, "var": 0.000917921948712}, "silence_rate_60dB": {"dmean": 0.00980091840029, "dmean2": 0.0196048393846, "dvar": 0.00970422662795, "dvar2": 0.0225874651223, "max": 1, "mean": 0.114683814347, "median": 0, "min": 0, "var": 0.101532764733}, "spectral_centroid": {"dmean": 182.681564331, "dmean2": 274.432312012, "dvar": 49866.390625, "dvar2": 94580.6328125, "max": 11196.125, "mean": 1307.58459473, "median": 1246.4432373, "min": 206.794570923, "var": 290962.3125}, "spectral_complexity": {"dmean": 2.41745781898, "dmean2": 3.56471133232, "dvar": 7.79563426971, "dvar2": 14.5125656128, "max": 47, "mean": 19.5800037384, "median": 20, "min": 0, "var": 76.8401947021}, "spectral_decrease": {"dmean": 1.38264977245e-09, "dmean2": 2.06897388111e-09, "dvar": 3.4510177815e-18, "dvar2": 7.34331739464e-18, "max": 1.08410509457e-16, "mean": -6.83173162486e-09, "median": -6.63986288174e-09, "min": -3.25284226221e-08, "var": 2.21011790521e-17}, "spectral_energy": {"dmean": 0.00554123939946, "dmean2": 0.00818499084562, "dvar": 5.46886294615e-05, "dvar2": 0.000113617337774, "max": 0.126244097948, "mean": 0.0276566240937, "median": 0.0270712208003, "min": 1.05605195608e-20, "var": 0.0003525041393}, "spectral_energyband_high": {"dmean": 0.000306976522552, "dmean2": 0.000390084169339, "dvar": 4.2565017111e-07, "dvar2": 7.39273787076e-07, "max": 0.0115907015279, "mean": 0.00065287941834, "median": 0.000290380994556, "min": 8.00085035275e-21, "var": 1.07927621684e-06}, "spectral_energyband_low": {"dmean": 0.00225171656348, "dmean2": 0.00362551049329, "dvar": 1.63986842381e-05, "dvar2": 4.21787735831e-05, "max": 0.0592813417315, "mean": 0.00796308089048, "median": 0.00427564512938, "min": 9.33325192121e-23, "var": 8.40998836793e-05}, "spectral_energyband_middle_high": {"dmean": 0.00140062172431, "dmean2": 0.00188286451157, "dvar": 3.62776108886e-06, "dvar2": 7.08844163455e-06, "max": 0.0271952841431, "mean": 0.00588153814897, "median": 0.00526097789407, "min": 1.51783764994e-21, "var": 1.79879843927e-05}, "spectral_energyband_middle_low": {"dmean": 0.00399915035814, "dmean2": 0.00613090116531, "dvar": 3.40343613061e-05, "dvar2": 7.60968396207e-05, "max": 0.119714394212, "mean": 0.0139324394986, "median": 0.012101884, "min": 2.50226174265e-22, "var": 0.000129718231619}, "spectral_entropy": {"dmean": 0.156091138721, "dmean2": 0.231063634157, "dvar": 0.0348118320107, "dvar2": 0.0813816636801, "max": 9.77349090576, "mean": 7.17807817459, "median": 7.18221473694, "min": 5.42635250092, "var": 0.232239559293}, "spectral_flux": {"dmean": 0.0156706031412, "dmean2": 0.0236226525158, "dvar": 0.000356840610038, "dvar2": 0.000762584444601, "max": 0.238493144512, "mean": 0.0546934679151, "median": 0.051013763994, "min": 1.02764387278e-10, "var": 0.0013391575776}, "spectral_kurtosis": {"dmean": 2.12311005592, "dmean2": 3.61575841904, "dvar": 7.12045621872, "dvar2": 20.0518245697, "max": 46.0510177612, "mean": 7.02589464188, "median": 5.72026443481, "min": -1.18821501732, "var": 18.1037635803}, "spectral_rms": {"dmean": 0.000485223572468, "dmean2": 0.00070829532342, "dvar": 3.22893839666e-07, "dvar2": 6.51062805446e-07, "max": 0.0110979722813, "mean": 0.00474434159696, "median": 0.00513915810734, "min": 3.20982021344e-12, "var": 4.47327238362e-06}, "spectral_rolloff": {"dmean": 352.891265869, "dmean2": 592.705078125, "dvar": 387318.4375, "dvar2": 982168.5, "max": 19982.8125, "mean": 1798.70202637, "median": 1248.92578125, "min": 107.666015625, "var": 5589684.5}, "spectral_skewness": {"dmean": 0.238139256835, "dmean2": 0.393614590168, "dvar": 0.0611483044922, "dvar2": 0.155860319734, "max": 4.90966749191, "mean": 1.88247835636, "median": 1.75249433517, "min": -0.0456400774419, "var": 0.250862747431}, "spectral_spread": {"dmean": 522269.75, "dmean2": 778264.4375, "dvar": 494002470912, "dvar2": 926013587456, "max": 41382556, "mean": 3982884, "median": 3768069, "min": 1427289, "var": 2461774905340.0}, "spectral_strongpeak": {"dmean": 0.362006396055, "dmean2": 0.620069146156, "dvar": 0.57127058506, "dvar2": 1.45442390442, "max": 12.9984617233, "mean": 0.835078477859, "median": 0.557351768017, "min": 0, "var": 1.02637732029}, "zerocrossingrate": {"dmean": 0.00829233136028, "dmean2": 0.009820593521, "dvar": 0.000104240563815, "dvar2": 0.000132104483782, "max": 0.7705078125, "mean": 0.0649396106601, "median": 0.0537109375, "min": 0.00439453125, "var": 0.00430086906999}, "barkbands": {"dmean": [2.0518722522e-05, 0.00142729631625, 0.000940613856073, 0.000935896416195, 0.00240355567075, 0.00152822060045, 0.00050149729941, 0.00026381466887, 0.000278976222035, 0.000397346826503, 8.82341337274e-05, 0.000378371187253, 9.50420362642e-05, 0.00018585921498, 0.000214743922697, 0.000247163698077, 0.000405373662943, 0.000393142952817, 0.000133578359964, 7.80608315836e-05, 7.32731059543e-05, 9.0507666755e-05, 3.4426968341e-05, 1.92510888155e-05, 5.16502004757e-05, 5.23665839864e-05, 5.24128927282e-06], "dmean2": [3.05034664052e-05, 0.00232690898702, 0.00149999908172, 0.00155473221093, 0.00369389052503, 0.00257451273501, 0.00072830892168, 0.000386279367376, 0.00041594132199, 0.000579401210416, 0.000128564715851, 0.000495157495607, 0.000149104715092, 0.000288495328277, 0.000323532236507, 0.000361735146726, 0.000611690804362, 0.000580910011195, 0.000197567191208, 0.000115179842396, 0.000110820379632, 0.000119396987429, 5.0253525842e-05, 2.70787677437e-05, 7.09881715011e-05, 7.69481339375e-05, 8.38226060296e-06], "dvar": [3.46990214339e-09, 1.00350171124e-05, 2.97708652397e-06, 3.00691863231e-06, 1.79901344382e-05, 6.18055037194e-06, 4.0047211769e-07, 1.49909197944e-07, 2.18377309125e-07, 6.520180591e-07, 2.47423646016e-08, 5.07299944275e-07, 4.5744421584e-08, 2.44442560415e-07, 1.27919065562e-07, 1.44766758581e-07, 4.26989458902e-07, 4.59714271983e-07, 5.48623511065e-08, 2.53374867754e-08, 2.0117832733e-08, 4.99884507121e-08, 6.76844669201e-09, 3.53890494686e-09, 1.91247391257e-08, 1.90218774065e-08, 5.57107471266e-10], "dvar2": [7.42199501857e-09, 2.70197124337e-05, 7.33364277039e-06, 7.89756086306e-06, 3.86685787817e-05, 2.05398137041e-05, 8.7660276904e-07, 3.40742275284e-07, 4.80430173866e-07, 1.30744035687e-06, 5.18766967161e-08, 9.49395939642e-07, 1.19648035479e-07, 6.39550933101e-07, 2.59951519865e-07, 3.42987391377e-07, 1.02912872535e-06, 9.86656232271e-07, 1.19681757837e-07, 5.58921691152e-08, 4.23774508818e-08, 8.24764470053e-08, 1.48139953637e-08, 7.52978834839e-09, 3.71470854077e-08, 4.13588345793e-08, 1.26010479828e-09], "max": [0.00103156513069, 0.0462215803564, 0.03556137532, 0.0299644805491, 0.0965133532882, 0.0451551191509, 0.012798900716, 0.00812520086765, 0.00912934634835, 0.0300835743546, 0.00298751797527, 0.0186387877911, 0.00383044662885, 0.0139092421159, 0.00560699868947, 0.00773248355836, 0.00881710834801, 0.0128903640434, 0.00325767672621, 0.002646578243, 0.00202009314671, 0.0039624935016, 0.00232848036103, 0.00222616200335, 0.00337097235024, 0.00301600201055, 0.000932842725888], "mean": [4.75928500236e-05, 0.00429868372157, 0.00314335920848, 0.00137966079637, 0.00490601547062, 0.00396066717803, 0.00166186166462, 0.000773061241489, 0.000606681627687, 0.00121863302775, 0.000214624364162, 0.00113541714381, 0.000181568742846, 0.000432395288954, 0.000424261437729, 0.000665854779072, 0.000795840343926, 0.000789154088125, 0.000283422035864, 0.000164770943229, 0.000154728491907, 0.000189734768355, 6.36191180092e-05, 3.19790487993e-05, 7.26643338567e-05, 5.56007144041e-05, 4.80016387883e-06], "median": [1.41755413097e-06, 0.00148846022785, 0.00113480759319, 0.000498325331137, 0.00267292978242, 0.00263819587417, 0.00133890775032, 0.000557910010684, 0.000304984074319, 0.000823809124995, 7.73440260673e-05, 0.000650891219266, 8.51148870424e-05, 0.000238726759562, 0.000222376940656, 0.000502918788698, 0.000482410134282, 0.000402214762289, 0.000163519682246, 6.37438279227e-05, 7.21182877896e-05, 5.19675813848e-05, 2.6034847906e-05, 1.07712403405e-05, 1.4694721358e-05, 6.76625541018e-06, 2.52682013979e-07], "min": [8.56531464431e-25, 6.07647059735e-23, 2.76399190705e-23, 5.46658440327e-24, 5.14202162554e-23, 2.523218937e-23, 6.69592015219e-23, 2.23942228205e-23, 6.94312391633e-23, 6.19149661475e-23, 1.35607941154e-22, 4.39436355649e-23, 5.84944589516e-23, 9.27317732338e-23, 1.2662314361e-22, 6.67453697295e-23, 2.4500083536e-22, 1.47829226734e-22, 3.04515228353e-22, 4.28984074872e-22, 4.70143984386e-22, 5.02900720345e-22, 7.23112516836e-22, 6.60025404358e-22, 1.33392981291e-21, 2.09079169254e-21, 2.13751628999e-21], "var": [1.6301182626e-08, 3.58656179742e-05, 1.88964477275e-05, 5.05059961142e-06, 4.62454408989e-05, 1.75628811121e-05, 2.10440680348e-06, 6.63084961161e-07, 7.40396728816e-07, 3.08200014842e-06, 9.9514565477e-08, 2.39625887843e-06, 7.97571431121e-08, 3.58867850991e-07, 3.26828455854e-07, 4.1769260406e-07, 9.74165004664e-07, 1.2605627262e-06, 1.2571818786e-07, 6.33289971574e-08, 4.63135165774e-08, 1.59825347623e-07, 1.3180680547e-08, 5.32270627573e-09, 3.32333272013e-08, 2.37507080669e-08, 5.55242130051e-10]}, "erbbands": {"dmean": [0.0254201702774, 0.376726508141, 1.13056564331, 1.73512220383, 8.6339302063, 6.16553592682, 5.70111370087, 13.8760948181, 13.7635059357, 5.24037504196, 6.14192390442, 4.29706287384, 14.6032085419, 8.03633022308, 3.94221830368, 18.9201946259, 4.27149820328, 10.9959096909, 4.65866947174, 18.4703140259, 15.3398284912, 14.5074167252, 22.7412452698, 7.19916200638, 7.20383024216, 3.57466268539, 3.63209462166, 2.15409851074, 3.925385952, 1.77902591228, 0.699926018715, 0.50356400013, 0.33836388588, 0.365397870541, 0.542810738087, 0.289999783039, 0.072881475091, 0.0158326905221, 0.000603124208283, 1.75138193299e-05], "dmean2": [0.0371341332793, 0.622181534767, 1.79418957233, 2.86993432045, 13.0686454773, 10.1056432724, 8.37088108063, 23.937707901, 21.6096916199, 7.83836603165, 8.64667987823, 6.49690437317, 21.3367786407, 11.7836732864, 5.59487915039, 24.6236209869, 6.34119224548, 17.1218643188, 6.9914188385, 27.0593547821, 22.7771434784, 21.7064228058, 33.3988418579, 10.4492053986, 11.1175270081, 5.25128555298, 5.4650683403, 3.10770726204, 5.22792339325, 2.54189610481, 0.978235304356, 0.702715098858, 0.481870144606, 0.533997237682, 0.746934890747, 0.420667201281, 0.108338333666, 0.0244470965117, 0.000937730481382, 2.46993949986e-05], "dvar": [0.00551026314497, 0.64931678772, 4.30950546265, 10.0771818161, 298.458343506, 88.7819213867, 89.1334381104, 584.080627441, 373.359527588, 75.818359375, 85.5601272583, 50.0101013184, 1006.01953125, 179.975326538, 39.6595153809, 1270.61401367, 90.2021713257, 764.440185547, 92.1230545044, 784.043701172, 526.3125, 537.470153809, 1557.30200195, 157.444824219, 181.312728882, 52.9437828064, 54.8931388855, 27.897939682, 107.654907227, 15.442732811, 2.43243074417, 1.66279470921, 1.17187726498, 1.17569470406, 2.30702328682, 0.593519628048, 0.0358527638018, 0.00201509450562, 9.79737978923e-06, 2.36216268767e-09], "dvar2": [0.0122141372412, 1.79876196384, 10.6552524567, 26.5937156677, 598.220947266, 231.591842651, 190.659820557, 1946.35961914, 1082.5189209, 170.156112671, 177.978881836, 117.682945251, 2093.71582031, 364.483520508, 83.227180481, 2350.44750977, 223.180786133, 2016.67041016, 190.085891724, 1624.20666504, 1259.62963867, 1229.93371582, 3351.36938477, 327.622650146, 443.626861572, 114.801177979, 122.829940796, 52.5140533447, 180.769485474, 34.1521606445, 4.8080868721, 3.37966036797, 2.60473823547, 2.69325590134, 4.29186201096, 1.29541695118, 0.076271019876, 0.00444757379591, 2.16265289055e-05, 4.89938178916e-09], "max": [1.29929280281, 11.3965511322, 37.742351532, 53.2947731018, 408.109680176, 148.23324585, 334.712310791, 466.69152832, 336.743774414, 224.633483887, 218.874984741, 116.227684021, 1222.61914062, 532.777404785, 100.044403076, 941.872375488, 200.464477539, 726.33215332, 313.129486084, 424.599945068, 345.248809814, 528.710266113, 753.307128906, 172.577957153, 204.979675293, 138.214996338, 144.816329956, 87.1625595093, 175.191390991, 114.530944824, 42.8479156494, 21.0499973297, 34.0014648438, 35.9482765198, 43.2150917053, 17.9795665741, 4.53309202194, 1.2344315052, 0.130439132452, 0.00186965393368], "mean": [0.0695254132152, 1.14888679981, 4.09623384476, 3.56346058846, 15.3530521393, 11.9577655792, 15.657617569, 32.4251251221, 38.0217628479, 15.4467744827, 18.8994865417, 11.7892227173, 39.2347259521, 24.927154541, 13.0838212967, 56.7125015259, 11.7857990265, 25.6448764801, 12.5293493271, 43.8858680725, 38.0029640198, 34.4308052063, 47.7411766052, 15.795460701, 13.3832044601, 7.70189428329, 7.72485208511, 4.66914558411, 8.27480697632, 3.33818221092, 1.3186467886, 0.866024553776, 0.549414932728, 0.524813115597, 0.72841155529, 0.322569280863, 0.0770242065191, 0.015865219757, 0.000586795678828, 4.61325726064e-05], "median": [0.0158429592848, 0.416941285133, 1.43713593483, 2.13432955742, 5.83174610138, 7.87794733047, 10.4785175323, 18.5610084534, 24.6289653778, 10.0703554153, 12.9496994019, 7.77130031586, 21.7905521393, 18.9852180481, 9.04483890533, 32.3259735107, 7.94315958023, 15.2234249115, 8.0419626236, 31.2971324921, 28.2527732849, 22.8320064545, 25.0678653717, 9.84122276306, 7.27814435959, 3.31363415718, 3.82304906845, 1.86964714527, 2.10447025299, 1.37727224827, 0.538556218147, 0.290936112404, 0.176590055227, 0.140576183796, 0.115770578384, 0.0471677444875, 0.00952796824276, 0.00146552524529, 5.46295996173e-05, 3.64485895261e-05], "min": [9.16801067889e-22, 1.65192443503e-20, 3.76104322685e-20, 2.47312996013e-20, 6.14566566923e-20, 1.89063114992e-19, 1.63739639698e-19, 3.10260119078e-19, 1.11706212911e-18, 3.99965090624e-19, 7.43752882031e-19, 1.57819288334e-18, 1.74099681374e-18, 5.04745072112e-18, 2.71693531291e-18, 2.09401578569e-18, 2.67458242478e-18, 4.44526116723e-18, 5.17296876163e-18, 6.70306098896e-18, 4.17935982343e-18, 1.54418903932e-17, 1.00856634892e-17, 1.58480625437e-17, 1.30467517064e-17, 2.0186434605e-17, 1.43646861687e-17, 2.21267008827e-17, 1.93361558011e-17, 2.32150455757e-17, 1.92575504818e-17, 1.34393523047e-17, 1.23288160102e-17, 1.45657340709e-17, 9.35136533324e-18, 6.44017885438e-18, 3.88600228714e-18, 1.53480529566e-18, 3.29827050618e-19, 2.89420964368e-20], "var": [0.0229067150503, 2.40713262558, 32.0660743713, 20.8174419403, 767.876342773, 189.885559082, 328.621337891, 1537.86474609, 1611.64733887, 292.067077637, 429.110900879, 171.283721924, 4629.81689453, 618.643432617, 176.093002319, 6079.35058594, 198.543548584, 1127.7121582, 345.728820801, 2026.43469238, 1345.85302734, 1663.09692383, 4426.94433594, 351.95526123, 328.718139648, 130.790588379, 119.425971985, 64.583656311, 336.036560059, 32.0503311157, 4.9392375946, 2.93728041649, 1.69404423237, 1.57969081402, 4.11364603043, 0.755796074867, 0.0455936528742, 0.00237107672729, 1.010005235e-05, 3.6347989063e-09]}, "gfcc": {"mean": [-25.980255127, 99.2232208252, -125.175773621, 21.3683891296, -50.9542655945, -1.91446173191, -45.617855072, 5.76746797562, -25.8909511566, 0.443180888891, -20.521446228, 11.2423992157, -10.4957580566], "cov": [[30265.7792969, 1627.48266602, -773.038391113, 1656.59375, -266.355102539, 936.744934082, -58.8530578613, 783.036987305, -404.691925049, 346.904144287, -637.389526367, 159.553497314, -402.621643066], [1627.48266602, 1451.50524902, -333.285522461, -22.3292617798, 97.1010742188, -91.3126831055, 57.7504501343, -77.5687484741, 141.958618164, -121.094497681, 35.9620628357, -106.507133484, 77.8772125244], [-773.038391113, -333.285522461, 729.331787109, 23.1542854309, 182.672531128, 157.305145264, 86.2686462402, 162.078521729, -27.8485050201, 96.3086700439, -44.8023986816, -16.3339099884, -31.002822876], [1656.59375, -22.3292617798, 23.1542854309, 373.030059814, 35.3508644104, 143.289703369, 106.047767639, 80.650352478, 12.8176326752, 47.3045082092, -10.5040817261, 13.0836629868, -4.90554904938], [-266.355102539, 97.1010742188, 182.672531128, 35.3508644104, 187.521881104, 49.6977729797, 80.9942016602, 53.8772315979, 19.8284320831, 12.1873950958, -7.08232784271, -27.4273719788, 7.85561037064], [936.744934082, -91.3126831055, 157.305145264, 143.289703369, 49.6977729797, 197.944869995, 76.6353225708, 82.1862258911, -12.3272190094, 59.8995628357, -6.96024227142, 19.0434837341, -25.3729896545], [-58.8530578613, 57.7504501343, 86.2686462402, 106.047767639, 80.9942016602, 76.6353225708, 152.777069092, 50.6185684204, 51.238117218, 23.5235958099, 14.6486740112, -0.864749372005, 28.9075946808], [783.036987305, -77.5687484741, 162.078521729, 80.650352478, 53.8772315979, 82.1862258911, 50.6185684204, 159.222396851, 2.4666633606, 58.1770439148, -35.0610656738, 4.52380466461, 0.531167864799], [-404.691925049, 141.958618164, -27.8485050201, 12.8176326752, 19.8284320831, -12.3272190094, 51.238117218, 2.4666633606, 110.752670288, 8.82458209991, 38.6826400757, 3.67610216141, 39.4636306763], [346.904144287, -121.094497681, 96.3086700439, 47.3045082092, 12.1873950958, 59.8995628357, 23.5235958099, 58.1770439148, 8.82458209991, 94.8454360962, 13.6083183289, 38.5294494629, -3.74923968315], [-637.389526367, 35.9620628357, -44.8023986816, -10.5040817261, -7.08232784271, -6.96024227142, 14.6486740112, -35.0610656738, 38.6826400757, 13.6083183289, 99.5135040283, 26.5909824371, 19.6671714783], [159.553497314, -106.507133484, -16.3339099884, 13.0836629868, -27.4273719788, 19.0434837341, -0.864749372005, 4.52380466461, 3.67610216141, 38.5294494629, 26.5909824371, 102.361663818, 10.0204219818], [-402.621643066, 77.8772125244, -31.002822876, -4.90554904938, 7.85561037064, -25.3729896545, 28.9075946808, 0.531167864799, 39.4636306763, -3.74923968315, 19.6671714783, 10.0204219818, 76.8747253418]], "icov": [[0.000172026047949, -0.000437623559264, 0.000283248838969, -0.000530057237484, 0.000350668327883, -0.000439528899733, 0.000393833324779, -0.000661536527332, 0.000578400795348, -0.000636391516309, 0.000905396882445, -0.00047769935918, 0.00060295133153], [-0.000437623559264, 0.00227808021009, -1.06407997009e-05, 0.00146648031659, -0.00197409791872, 0.000752381747589, -0.000787689117715, 0.00166268588509, -0.00267526111566, 0.00239156675525, -0.00232379464433, 0.00210624840111, -0.00196578609757], [0.000283248838969, -1.06407997009e-05, 0.00359324272722, 0.00021233021107, -0.00198954972439, -0.00211246451363, 0.00043497554725, -0.00227188807912, 0.000988653162494, -0.0023744686041, 0.0019359595608, 0.00029968819581, 0.0011574565433], [-0.000530057237484, 0.00146648031659, 0.00021233021107, 0.00619670655578, -0.00102840608452, -0.00126491312403, -0.00349228479899, 0.00111864286009, -0.00173278839793, 0.00131207180675, -0.00209767511114, 0.00173719564918, -0.00152383046225], [0.000350668327883, -0.00197409791872, -0.00198954972439, -0.00102840608452, 0.0108532235026, -0.000250071025221, -0.00320342415944, -0.00211358768865, 0.00196321262047, -0.000702664139681, 0.00148628372699, -0.00011333803559, 0.00158848415595], [-0.000439528899733, 0.000752381747589, -0.00211246451363, -0.00126491312403, -0.000250071025221, 0.0125453229994, -0.00494925025851, 4.43319077021e-05, 0.00119471072685, -0.000788384699263, -0.00330052850768, -0.000261872191913, 0.0022569464054], [0.000393833324779, -0.000787689117715, 0.00043497554725, -0.00349228479899, -0.00320342415944, -0.00494925025851, 0.0156277865171, -0.00200511072762, -0.00361305684783, 3.26864246745e-05, 0.00113664753735, -0.00054627598729, -0.00271897134371], [-0.000661536527332, 0.00166268588509, -0.00227188807912, 0.00111864286009, -0.00211358768865, 4.43319077021e-05, -0.00200511072762, 0.0149099221453, -0.0030634761788, -0.00317220948637, 0.00152428343426, 0.00234302785248, -0.00438979128376], [0.000578400795348, -0.00267526111566, 0.000988653162494, -0.00173278839793, 0.00196321262047, 0.00119471072685, -0.00361305684783, -0.0030634761788, 0.0178241822869, -0.00494923070073, -0.00103337969631, -0.00127291562967, -0.00136002420913], [-0.000636391516309, 0.00239156675525, -0.0023744686041, 0.00131207180675, -0.000702664139681, -0.000788384699263, 3.26864246745e-05, -0.00317220948637, -0.00494923070073, 0.0231046434492, -0.00722716515884, -0.00352742243558, -0.00083216506755], [0.000905396882445, -0.00232379464433, 0.0019359595608, -0.00209767511114, 0.00148628372699, -0.00330052850768, 0.00113664753735, 0.00152428343426, -0.00103337969631, -0.00722716515884, 0.0199275705963, -0.00489119533449, 0.00178111949936], [-0.00047769935918, 0.00210624840111, 0.00029968819581, 0.00173719564918, -0.00011333803559, -0.000261872191913, -0.00054627598729, 0.00234302785248, -0.00127291562967, -0.00352742243558, -0.00489119533449, 0.0155339585617, -0.00458157155663], [0.00060295133153, -0.00196578609757, 0.0011574565433, -0.00152383046225, 0.00158848415595, 0.0022569464054, -0.00271897134371, -0.00438979128376, -0.00136002420913, -0.00083216506755, 0.00178111949936, -0.00458157155663, 0.0209614951164]]}, "melbands": {"dmean": [0.000312488991767, 0.000553397228941, 0.000485761207528, 0.00057248340454, 0.000194744803593, 0.000322770822095, 0.000193034851691, 5.21588663105e-05, 4.57557798654e-05, 3.6009845644e-05, 7.26767029846e-05, 3.44753025274e-05, 1.29339741761e-05, 4.27001941716e-05, 2.22324797505e-05, 1.32896175273e-05, 2.19309349632e-05, 7.04367039361e-06, 1.39637313623e-05, 2.81509219349e-05, 2.25669919018e-05, 1.93606356333e-05, 2.48642736551e-05, 1.42607341331e-05, 5.52746359972e-06, 5.49839023734e-06, 3.70437328456e-06, 2.29643137573e-06, 2.53515122495e-06, 2.10162761505e-06, 1.15801765332e-06, 2.5478113912e-06, 1.78182779109e-06, 8.02836950697e-07, 3.81432641916e-07, 4.91497075927e-07, 2.48950357218e-07, 2.30715414773e-07, 3.0223108638e-07, 2.95874343692e-07], "dmean2": [0.000494066101965, 0.000892406853382, 0.000763393996749, 0.000891442934517, 0.000293629593216, 0.000547960109543, 0.000305293418933, 7.91520433268e-05, 6.44772007945e-05, 5.41464869457e-05, 0.00010608904995, 5.06592296006e-05, 1.87075966096e-05, 5.59494073968e-05, 2.96878606605e-05, 2.07499233511e-05, 3.41621234838e-05, 1.06887682705e-05, 2.09896170418e-05, 4.06229082728e-05, 3.41236300301e-05, 2.9247465136e-05, 3.64788065781e-05, 2.1676907636e-05, 8.12178768683e-06, 8.50925880513e-06, 5.63281128052e-06, 3.43806368619e-06, 3.84017130273e-06, 3.33397224495e-06, 1.70488078766e-06, 3.52644451596e-06, 2.41810244006e-06, 1.23205927594e-06, 5.56957218123e-07, 7.11620259608e-07, 3.57800871598e-07, 3.36495872943e-07, 4.49931320645e-07, 4.44612851425e-07], "dvar": [6.04657770964e-07, 1.01283728782e-06, 7.44767532979e-07, 1.10464600311e-06, 1.03694191012e-07, 2.90630964628e-07, 7.43828394434e-08, 7.4892483326e-09, 4.89025753225e-09, 3.56986396e-09, 2.45265816545e-08, 3.44783002149e-09, 5.26912624643e-10, 6.60482646353e-09, 1.56110724348e-09, 1.02888697562e-09, 3.27626614727e-09, 2.37471764475e-10, 5.29484678324e-10, 1.69847869103e-09, 1.28545463163e-09, 1.01203290193e-09, 2.04129269044e-09, 5.41972411394e-10, 9.89277756935e-11, 1.07134648375e-10, 5.26891828778e-11, 2.29306088007e-11, 3.19265516802e-11, 1.66749183905e-11, 9.79125634737e-12, 5.74806105491e-11, 1.41311806007e-11, 5.02582003792e-12, 7.67476739712e-13, 1.89177601535e-12, 3.75499219392e-13, 6.48176499453e-13, 1.77655340525e-12, 6.65125615175e-13], "dvar2": [1.56188127676e-06, 2.60314709521e-06, 1.69416080098e-06, 2.42540568252e-06, 2.38254401097e-07, 9.68308995652e-07, 2.22169035169e-07, 1.75432326444e-08, 1.0257775962e-08, 8.17033551925e-09, 5.09455659881e-08, 6.96626090146e-09, 1.09324937991e-09, 1.23889467574e-08, 2.99987856778e-09, 2.70429434401e-09, 8.61813020947e-09, 5.14319031808e-10, 1.10092424066e-09, 3.77745390523e-09, 3.1600870809e-09, 2.41443331994e-09, 4.26137880538e-09, 1.2778231806e-09, 2.07312764178e-10, 2.65662797316e-10, 1.224349927e-10, 5.14369172255e-11, 7.41059644205e-11, 3.84665875541e-11, 1.8873619681e-11, 1.07255766768e-10, 2.30745839103e-11, 1.23238147118e-11, 1.58078032001e-12, 3.89554317623e-12, 7.84417236027e-13, 1.56565309762e-12, 3.91028312161e-12, 1.57424594194e-12], "max": [0.013059140183, 0.0143561335281, 0.0161041021347, 0.0237247683108, 0.00950029119849, 0.0100937103853, 0.00456454278901, 0.00212548160926, 0.0016650747275, 0.00109628844075, 0.00605489034206, 0.00236114114523, 0.000434212590335, 0.00214871508069, 0.00109688541852, 0.000672585447319, 0.00166353315581, 0.000467392703285, 0.000359080411727, 0.000789982092101, 0.000464320299216, 0.000760021503083, 0.00092553300783, 0.000349572772393, 0.000142504781252, 0.000165454141097, 0.000122320750961, 9.04715125216e-05, 0.000110357512312, 6.0948470491e-05, 5.73795477976e-05, 0.000139747891808, 8.29007985885e-05, 8.12482830952e-05, 2.77171311609e-05, 2.2123222152e-05, 1.23799118228e-05, 3.49831061612e-05, 6.44515530439e-05, 2.70047330559e-05], "mean": [0.000886876368895, 0.00198099762201, 0.000994720729068, 0.0010578512447, 0.00051443366101, 0.000792336533777, 0.000539567961823, 0.000147596234456, 0.000136972215842, 8.55605394463e-05, 0.000196950044483, 0.000101835044916, 3.27399648086e-05, 0.000129080523038, 6.70250883559e-05, 2.48711858148e-05, 5.0964197726e-05, 1.73183852894e-05, 2.79648684227e-05, 7.47709418647e-05, 4.3746233132e-05, 3.77560354536e-05, 5.18519555044e-05, 2.80129370367e-05, 1.09997672553e-05, 9.40324116527e-06, 7.34731384e-06, 4.5420515562e-06, 5.04335639562e-06, 4.06573462897e-06, 2.18064633373e-06, 5.00483201904e-06, 3.53087193616e-06, 1.31569015593e-06, 6.74633042763e-07, 8.06263187769e-07, 4.0487512365e-07, 3.69784856957e-07, 4.20260334977e-07, 4.03278505701e-07], "median": [0.000292094890028, 0.000817029795144, 0.000554232974537, 0.000517690496054, 0.000341542006936, 0.000470248167403, 0.000362444494385, 9.47098014876e-05, 9.107637743e-05, 4.8356163461e-05, 0.000110477267299, 7.49966056901e-05, 1.3295505596e-05, 7.3942981544e-05, 4.27164741268e-05, 1.14465738079e-05, 2.79216619674e-05, 1.00279685284e-05, 1.6262059944e-05, 5.60988737561e-05, 2.80215899693e-05, 2.21168593271e-05, 2.49170625466e-05, 1.5449417333e-05, 5.99178565608e-06, 4.82299356008e-06, 3.20918002217e-06, 1.76425487552e-06, 1.95408597392e-06, 1.68424628555e-06, 6.798280765e-07, 1.07214066247e-06, 1.07684206796e-06, 4.9876985031e-07, 2.57433384832e-07, 2.15709306417e-07, 1.36005610329e-07, 1.13124869472e-07, 1.14485246172e-07, 1.02044232619e-07], "min": [1.34074894115e-23, 2.14099910457e-23, 4.86665805143e-24, 8.82441660027e-24, 7.35582265202e-24, 6.99516727906e-24, 1.6124315325e-23, 3.98267393167e-24, 6.52111630643e-24, 9.9061271282e-24, 8.12128594279e-24, 1.96418950108e-23, 1.27679819637e-23, 4.72597180873e-24, 7.5791468077e-24, 4.76040282623e-24, 8.38180646788e-24, 7.40979730401e-24, 1.0501902494e-23, 6.78079748351e-24, 3.75791444357e-24, 1.57515249047e-23, 1.33784230426e-23, 6.35454556528e-24, 1.4323410565e-23, 6.33386399892e-24, 1.36096776169e-23, 1.34073994813e-23, 8.22182705402e-24, 1.05000092278e-23, 1.37904324716e-23, 1.16462548886e-23, 8.53631039819e-24, 1.44203221272e-23, 1.14248539758e-23, 8.66369013514e-24, 7.93334298756e-24, 8.47720736145e-24, 9.24962288338e-24, 1.33096075503e-23], "var": [1.97389863388e-06, 6.5712124524e-06, 1.81510324637e-06, 2.62084358837e-06, 3.58225975106e-07, 8.0659822288e-07, 3.0224637726e-07, 2.73165188247e-08, 2.39208368669e-08, 1.19878169613e-08, 1.13882293817e-07, 1.14388551964e-08, 2.10536166279e-09, 3.12785068957e-08, 7.0128818308e-09, 1.62306257323e-09, 4.84367657094e-09, 7.91648246956e-10, 1.20471588261e-09, 5.1541002577e-09, 2.62031085718e-09, 2.6870194958e-09, 5.97430416249e-09, 1.18138643312e-09, 2.10622561059e-10, 1.82135959093e-10, 1.1996098559e-10, 5.06798110422e-11, 6.60783511242e-11, 3.6824026467e-11, 1.96149520237e-11, 1.46241574406e-10, 4.84598576544e-11, 8.37385022434e-12, 1.45815640378e-12, 3.33565271758e-12, 6.14165023092e-13, 8.31535469821e-13, 2.28194459856e-12, 8.51136706687e-13]}, "mfcc": {"mean": [-660.754638672, 134.310638428, -16.1441307068, 25.7030658722, 5.33855438232, -2.12064433098, -12.1691455841, 3.25694847107, -2.26426053047, -11.3753194809, -3.71940588951, -2.19622945786, 1.94240045547], "cov": [[16058.7910156, 1433.96008301, -147.602905273, 966.629882812, 130.428482056, 266.947662354, 196.349273682, 360.597076416, 368.036590576, -52.971321106, 148.113723755, 165.079879761, 186.472839355], [1433.96008301, 1552.28417969, -196.487518311, 47.0449028015, 67.8606643677, -40.262298584, -72.659324646, 10.2530460358, 18.5747680664, 30.185754776, -45.4285430908, -76.171257019, 55.4864311218], [-147.602905273, -196.487518311, 368.801879883, 12.3944454193, 99.1627960205, 67.1762161255, 130.051177979, 38.7239265442, 75.6489639282, 59.389125824, 50.1933631897, 22.279499054, 26.7953357697], [966.629882812, 47.0449028015, 12.3944454193, 237.522399902, 28.8645362854, 70.4576950073, 46.8452606201, 61.3724441528, 75.1034164429, 14.6605367661, 18.8015861511, 51.1582603455, 23.1916866302], [130.428482056, 67.8606643677, 99.1627960205, 28.8645362854, 126.72026825, 26.5184650421, 67.7163314819, 20.7956142426, 37.0485343933, 39.4791259766, 11.2054042816, -5.52576112747, 23.7771759033], [266.947662354, -40.262298584, 67.1762161255, 70.4576950073, 26.5184650421, 141.371826172, 62.8619766235, 44.4527702332, 35.7416267395, -1.68322908878, 43.9402961731, 44.4966125488, 16.7069263458], [196.349273682, -72.659324646, 130.051177979, 46.8452606201, 67.7163314819, 62.8619766235, 170.835693359, 42.4399871826, 68.9834213257, 58.503490448, 13.4687719345, 18.2430839539, 33.7716827393], [360.597076416, 10.2530460358, 38.7239265442, 61.3724441528, 20.7956142426, 44.4527702332, 42.4399871826, 86.0977783203, 51.003704071, 9.93515110016, 29.2310123444, 17.3666305542, 9.45848083496], [368.036590576, 18.5747680664, 75.6489639282, 75.1034164429, 37.0485343933, 35.7416267395, 68.9834213257, 51.003704071, 145.084442139, 47.0817947388, 4.88464832306, 33.6212387085, 34.1647415161], [-52.971321106, 30.185754776, 59.389125824, 14.6605367661, 39.4791259766, -1.68322908878, 58.503490448, 9.93515110016, 47.0817947388, 122.562866211, -2.15114188194, -22.3233509064, 22.7157249451], [148.113723755, -45.4285430908, 50.1933631897, 18.8015861511, 11.2054042816, 43.9402961731, 13.4687719345, 29.2310123444, 4.88464832306, -2.15114188194, 107.725692749, 23.2416400909, -13.6652879715], [165.079879761, -76.171257019, 22.279499054, 51.1582603455, -5.52576112747, 44.4966125488, 18.2430839539, 17.3666305542, 33.6212387085, -22.3233509064, 23.2416400909, 112.784790039, 30.7160491943], [186.472839355, 55.4864311218, 26.7953357697, 23.1916866302, 23.7771759033, 16.7069263458, 33.7716827393, 9.45848083496, 34.1647415161, 22.7157249451, -13.6652879715, 30.7160491943, 102.832229614]], "icov": [[9.60434917943e-05, -7.81247726991e-05, 3.79186458304e-05, -0.000342644314514, 4.9373771617e-05, 7.19249583199e-05, -0.000114288304758, -9.69151005847e-05, -6.75496848999e-05, 0.0001868178515, -0.000139028896228, 7.53311978769e-05, -0.000101068006188], [-7.81247726991e-05, 0.000915046432056, 0.000590155250393, 0.000168237122125, -0.000942375743762, -0.000134106318001, 0.000657723052427, -0.000116085226182, -0.000243338188739, -0.000263046415057, 9.80690019787e-05, 0.000604464381468, -0.000538004969712], [3.79186458304e-05, 0.000590155250393, 0.00504080951214, 0.000908509769943, -0.00274742604233, -0.00067526276689, -0.00168531027157, 0.00012937039719, -0.00139570212923, -0.000441404321464, -0.00156488956418, 4.70854574814e-05, -0.000279844913166], [-0.000342644314514, 0.000168237122125, 0.000908509769943, 0.00766494870186, -0.00114423106425, -0.00221233256161, 0.000532600737642, -0.00221136258915, -0.00155739951879, -0.00120175932534, 0.000942926213611, -0.00214678631164, 0.000767097750213], [4.9373771617e-05, -0.000942375743762, -0.00274742604233, -0.00114423106425, 0.0127453254536, 0.000126002705656, -0.00300153554417, 0.000251418387052, 0.000144279503729, -0.000529547280166, -0.000568667543121, 0.00164626166224, -0.00111020565964], [7.19249583199e-05, -0.000134106318001, -0.00067526276689, -0.00221233256161, 0.000126002705656, 0.0118868770078, -0.00333318347111, -0.00214482587762, 0.000760698923841, 0.00194327766076, -0.00295971287414, -0.00195764098316, -0.000542153837159], [-0.000114288304758, 0.000657723052427, -0.00168531027157, 0.000532600737642, -0.00300153554417, -0.00333318347111, 0.0121031124145, -0.00201193918474, -0.00132800964639, -0.00348179554567, 0.00175115279853, -0.000190807637409, -0.000882800144609], [-9.69151005847e-05, -0.000116085226182, 0.00012937039719, -0.00221136258915, 0.000251418387052, -0.00214482587762, -0.00201193918474, 0.0191784854978, -0.00479608587921, 0.00156208290718, -0.00381344696507, 0.0017682320904, 0.00010388566443], [-6.75496848999e-05, -0.000243338188739, -0.00139570212923, -0.00155739951879, 0.000144279503729, 0.000760698923841, -0.00132800964639, -0.00479608587921, 0.0126081258059, -0.00339415110648, 0.00201830593869, -0.00311947660521, -0.00055007589981], [0.0001868178515, -0.000263046415057, -0.000441404321464, -0.00120175932534, -0.000529547280166, 0.00194327766076, -0.00348179554567, 0.00156208290718, -0.00339415110648, 0.0128230080009, -0.0014321327908, 0.00413779076189, -0.00213548960164], [-0.000139028896228, 9.80690019787e-05, -0.00156488956418, 0.000942926213611, -0.000568667543121, -0.00295971287414, 0.00175115279853, -0.00381344696507, 0.00201830593869, -0.0014321327908, 0.0130231715739, -0.00278866640292, 0.00299172336236], [7.53311978769e-05, 0.000604464381468, 4.70854574814e-05, -0.00214678631164, 0.00164626166224, -0.00195764098316, -0.000190807637409, 0.0017682320904, -0.00311947660521, 0.00413779076189, -0.00278866640292, 0.0143399685621, -0.00468501914293], [-0.000101068006188, -0.000538004969712, -0.000279844913166, 0.000767097750213, -0.00111020565964, -0.000542153837159, -0.000882800144609, 0.00010388566443, -0.00055007589981, -0.00213548960164, 0.00299172336236, -0.00468501914293, 0.0131746968254]]}, "spectral_contrast_coeffs": {"dmean": [0.0438755936921, 0.0348331108689, 0.0313523374498, 0.0304172188044, 0.0263100601733, 0.025843879208], "dmean2": [0.0724373459816, 0.0573299638927, 0.0492677353323, 0.0483123883605, 0.0404711514711, 0.0390142351389], "dvar": [0.00136496429332, 0.000920861260965, 0.000751551415306, 0.00069075677311, 0.000612694944721, 0.000579761923291], "dvar2": [0.00369169702753, 0.0025662726257, 0.00178213359322, 0.00167905644048, 0.00139196263626, 0.00120994972531], "max": [-0.273691356182, -0.42652925849, -0.468195617199, -0.504939377308, -0.511356949806, -0.530811429024], "mean": [-0.589641034603, -0.678995251656, -0.687499523163, -0.697118163109, -0.709421515465, -0.732578039169], "median": [-0.587319850922, -0.674951314926, -0.686797976494, -0.695465683937, -0.71209192276, -0.733438849449], "min": [-0.958549380302, -0.955639898777, -0.969157934189, -0.953188478947, -0.958788633347, -0.960310876369], "var": [0.00701455166563, 0.00521512050182, 0.00615412229672, 0.00515982089564, 0.00513007026166, 0.00462807854638]}, "spectral_contrast_valleys": {"dmean": [0.36389657855, 0.262005537748, 0.282804131508, 0.309053629637, 0.308511167765, 0.401338338852], "dmean2": [0.598117172718, 0.426950901747, 0.443124741316, 0.478009432554, 0.446104764938, 0.560849606991], "dvar": [0.112558230758, 0.0685728639364, 0.0773137062788, 0.108570463955, 0.126745522022, 0.171821549535], "dvar2": [0.262961387634, 0.153751537204, 0.157685562968, 0.224158406258, 0.25171533227, 0.33946532011], "max": [-5.39005327225, -5.11974334717, -5.73357057571, -6.0957822799