{"lowlevel": {"average_loudness": 0.0605841875076, "barkbands_crest": {"dmean": 1.33375203609, "dmean2": 1.78299880028, "dvar": 2.4110429287, "dvar2": 4.72148180008, "max": 26.8748130798, "mean": 16.563419342, "median": 15.7914066315, "min": 6.35856723785, "var": 25.5099887848}, "barkbands_flatness_db": {"dmean": 0.0150910774246, "dmean2": 0.0220426395535, "dvar": 0.000305155786918, "dvar2": 0.00066005717963, "max": 0.592113912106, "mean": 0.425776034594, "median": 0.427920460701, "min": 0.067561134696, "var": 0.00346558843739}, "barkbands_kurtosis": {"dmean": 4.55522823334, "dmean2": 6.31176424026, "dvar": 303.11315918, "dvar2": 605.766052246, "max": 604.75567627, "mean": 14.4285135269, "median": 3.93451189995, "min": -1.8483017683, "var": 1531.22094727}, "barkbands_skewness": {"dmean": 0.355500131845, "dmean2": 0.46341714263, "dvar": 0.38665831089, "dvar2": 0.769994914532, "max": 15.6583461761, "mean": 0.56019282341, "median": 0.595640540123, "min": -7.2121386528, "var": 3.97472190857}, "barkbands_spread": {"dmean": 0.341996788979, "dmean2": 0.444655060768, "dvar": 1.10753393173, "dvar2": 1.88296616077, "max": 90.1128005981, "mean": 2.55951070786, "median": 2.20482039452, "min": 0.0611447691917, "var": 6.86317873001}, "dissonance": {"dmean": 0.0557444356382, "dmean2": 0.0965134426951, "dvar": 0.0029933587648, "dvar2": 0.00831612478942, "max": 0.500000119209, "mean": 0.302862286568, "median": 0.299771606922, "min": 0.0653975456953, "var": 0.00715121813118}, "dynamic_complexity": 9.82985877991, "erbbands_crest": {"dmean": 1.69561040401, "dmean2": 2.33944058418, "dvar": 4.62999773026, "dvar2": 9.31278038025, "max": 34.8385696411, "mean": 20.6318206787, "median": 20.1328201294, "min": 3.20294880867, "var": 50.683971405}, "erbbands_flatness_db": {"dmean": 0.0126798003912, "dmean2": 0.0180106703192, "dvar": 0.00022734401864, "dvar2": 0.000478036759887, "max": 0.605866551399, "mean": 0.44988489151, "median": 0.449987649918, "min": 0.0864145308733, "var": 0.00397814577445}, "erbbands_kurtosis": {"dmean": 2.77886295319, "dmean2": 3.5179502964, "dvar": 43.9218254089, "dvar2": 67.2639465332, "max": 174.743331909, "mean": 11.1989812851, "median": 3.08169198036, "min": -1.66376972198, "var": 456.839385986}, "erbbands_skewness": {"dmean": 0.302484840155, "dmean2": 0.38516741991, "dvar": 0.197800338268, "dvar2": 0.303955733776, "max": 9.83500576019, "mean": 0.545232713223, "median": 0.480209708214, "min": -4.92760467529, "var": 2.84501767159}, "erbbands_spread": {"dmean": 0.71413898468, "dmean2": 0.932126641273, "dvar": 1.73788368702, "dvar2": 2.81631231308, "max": 117.625572205, "mean": 5.59756278992, "median": 4.39482069016, "min": 0.249844759703, "var": 30.2247695923}, "hfc": {"dmean": 1.84153985977, "dmean2": 2.16127467155, "dvar": 36.32213974, "dvar2": 51.6621704102, "max": 214.720993042, "mean": 6.81015539169, "median": 1.17459201813, "min": 1.23684770045e-16, "var": 249.539077759}, "melbands_crest": {"dmean": 1.60014545918, "dmean2": 2.20511984825, "dvar": 3.40132164955, "dvar2": 7.07090711594, "max": 34.9620056152, "mean": 19.3938732147, "median": 18.8085594177, "min": 1.57537651062, "var": 37.1882095337}, "melbands_flatness_db": {"dmean": 0.0147326076403, "dmean2": 0.0217156670988, "dvar": 0.000334734329954, "dvar2": 0.000740771996789, "max": 0.670772731304, "mean": 0.506582558155, "median": 0.517820894718, "min": 0.00360112381168, "var": 0.0063849859871}, "melbands_kurtosis": {"dmean": 1.94484257698, "dmean2": 2.61556124687, "dvar": 22.2590484619, "dvar2": 41.7327766418, "max": 165.213226318, "mean": 6.93206501007, "median": 2.54311656952, "min": -1.91585254669, "var": 188.594085693}, "melbands_skewness": {"dmean": 0.281203657389, "dmean2": 0.361084461212, "dvar": 0.143755197525, "dvar2": 0.264100492001, "max": 8.01994228363, "mean": 0.249317064881, "median": 0.351847916842, "min": -6.3499417305, "var": 2.20824074745}, "melbands_spread": {"dmean": 0.839063227177, "dmean2": 1.20988297462, "dvar": 6.64869356155, "dvar2": 16.8072910309, "max": 161.553207397, "mean": 7.10291957855, "median": 4.52634716034, "min": 0.260093688965, "var": 263.442443848}, "pitch_salience": {"dmean": 0.0346011668444, "dmean2": 0.0477430932224, "dvar": 0.00189447286539, "dvar2": 0.00352588621899, "max": 0.905850946903, "mean": 0.454229533672, "median": 0.466750860214, "min": 0.0510823987424, "var": 0.0217299722135}, "silence_rate_20dB": {"dmean": 0, "dmean2": 0, "dvar": 0, "dvar2": 0, "max": 1, "mean": 1, "median": 1, "min": 1, "var": 0}, "silence_rate_30dB": {"dmean": 0.00637020682916, "dmean2": 0.012741974555, "dvar": 0.00633042585105, "dvar2": 0.014048717916, "max": 1, "mean": 0.985423803329, "median": 1, "min": 0, "var": 0.014364503324}, "silence_rate_60dB": {"dmean": 0.0396912917495, "dmean2": 0.0793923065066, "dvar": 0.0381179191172, "dvar2": 0.0782331898808, "max": 1, "mean": 0.581455171108, "median": 1, "min": 0, "var": 0.243366405368}, "spectral_centroid": {"dmean": 20.457950592, "dmean2": 26.3024024963, "dvar": 8504.7265625, "dvar2": 10872.6113281, "max": 10940.6083984, "mean": 653.363342285, "median": 573.528015137, "min": 232.279205322, "var": 315451.8125}, "spectral_complexity": {"dmean": 0.428273916245, "dmean2": 0.743445217609, "dvar": 0.547935068607, "dvar2": 1.09054040909, "max": 15, "mean": 3.93079376221, "median": 4, "min": 0, "var": 5.84158992767}, "spectral_decrease": {"dmean": 6.69823863042e-10, "dmean2": 7.67334251695e-10, "dvar": 4.29868269474e-18, "dvar2": 5.75437995213e-18, "max": 3.69373624713e-16, "mean": -2.77266787307e-09, "median": -5.18413645345e-10, "min": -7.98654014034e-08, "var": 3.83148901682e-17}, "spectral_energy": {"dmean": 0.00269399955869, "dmean2": 0.00309089547954, "dvar": 6.98488947819e-05, "dvar2": 9.38538869377e-05, "max": 0.319269180298, "mean": 0.0110823754221, "median": 0.00206339242868, "min": 1.09712833974e-20, "var": 0.000613186915871}, "spectral_energyband_high": {"dmean": 2.39276573666e-07, "dmean2": 3.42306663015e-07, "dvar": 2.83070984188e-12, "dvar2": 6.1615309209e-12, "max": 7.93932704255e-05, "mean": 5.21146660049e-07, "median": 1.16081331214e-08, "min": 7.9385121154e-21, "var": 7.62681411082e-12}, "spectral_energyband_low": {"dmean": 1.01177283796e-06, "dmean2": 1.65855101386e-06, "dvar": 1.62959853944e-11, "dvar2": 4.11388492716e-11, "max": 0.000151393542183, "mean": 1.53978260187e-06, "median": 1.75661028834e-07, "min": 7.02947767973e-23, "var": 2.65072217648e-11}, "spectral_energyband_middle_high": {"dmean": 0.000778254703619, "dmean2": 0.00102062383667, "dvar": 1.83259926416e-05, "dvar2": 2.98362083413e-05, "max": 0.187348157167, "mean": 0.00242504361086, "median": 0.00011178314162, "min": 1.46572183823e-21, "var": 9.02973479242e-05}, "spectral_energyband_middle_low": {"dmean": 0.0021207286045, "dmean2": 0.0023654946126, "dvar": 5.43822461623e-05, "dvar2": 7.21852265997e-05, "max": 0.312782496214, "mean": 0.0087404884398, "median": 0.00148714985698, "min": 3.29383330016e-22, "var": 0.000433734705439}, "spectral_entropy": {"dmean": 0.106033593416, "dmean2": 0.151736289263, "dvar": 0.0249898247421, "dvar2": 0.0534973442554, "max": 9.78489685059, "mean": 5.00969266891, "median": 4.96548175812, "min": 3.5982067585, "var": 0.419570684433}, "spectral_flux": {"dmean": 0.00745535036549, "dmean2": 0.0122212581336, "dvar": 0.000301301217405, "dvar2": 0.000675234827213, "max": 0.3500867486, "mean": 0.0151221295819, "median": 0.00695074768737, "min": 1.04743894114e-10, "var": 0.000575381505769}, "spectral_kurtosis": {"dmean": 26.7621383667, "dmean2": 45.6604423523, "dvar": 648.020446777, "dvar2": 1758.13354492, "max": 323.96975708, "mean": 138.611450195, "median": 139.870452881, "min": -1.24835145473, "var": 2485.9050293}, "spectral_rms": {"dmean": 0.000273929676041, "dmean2": 0.000300689571304, "dvar": 3.1311574844e-07, "dvar2": 3.67230313714e-07, "max": 0.0176488552243, "mean": 0.00228796084411, "median": 0.00141882547177, "min": 3.27164944441e-12, "var": 5.57730754736e-06}, "spectral_rolloff": {"dmean": 30.2327060699, "dmean2": 52.0463142395, "dvar": 59594.2773438, "dvar2": 102888.125, "max": 19250.6835938, "mean": 1042.68774414, "median": 667.529296875, "min": 236.865234375, "var": 5839176}, "spectral_skewness": {"dmean": 1.22200274467, "dmean2": 2.13987183571, "dvar": 1.46053719521, "dvar2": 4.01640272141, "max": 15.1610746384, "mean": 9.1504650116, "median": 9.50075149536, "min": -0.012603033334, "var": 4.95142126083}, "spectral_spread": {"dmean": 337463, "dmean2": 608381.875, "dvar": 239518760960, "dvar2": 496017932288, "max": 42187248, "mean": 1147497.5, "median": 880875.75, "min": 260636.578125, "var": 2794615734270.0}, "spectral_strongpeak": {"dmean": 0.295055896044, "dmean2": 0.395710587502, "dvar": 0.414671838284, "dvar2": 0.713974773884, "max": 15.6275081635, "mean": 1.37576699257, "median": 0.725102007389, "min": 0, "var": 2.90427160263}, "zerocrossingrate": {"dmean": 0.00143152603414, "dmean2": 0.00167661975138, "dvar": 2.38210232055e-05, "dvar2": 1.86603901966e-05, "max": 0.595703125, "mean": 0.0382114760578, "median": 0.02783203125, "min": 0.009765625, "var": 0.00552599364892}, "barkbands": {"dmean": [1.67435501908e-07, 4.51652141464e-07, 4.89953208671e-07, 1.05443018583e-06, 0.000189495956874, 7.96488093329e-05, 0.000461416930193, 0.000433290173532, 0.00132243428379, 0.00052831688663, 0.000224242001423, 3.49037072738e-05, 3.77061514882e-05, 2.54150472756e-06, 1.58488842317e-06, 1.87707325949e-06, 5.04516549427e-07, 2.99264002024e-07, 4.82400253077e-07, 1.36661782335e-07, 1.21818928278e-07, 5.67781661687e-08, 1.81019483847e-08, 3.54081279852e-08, 2.62352295444e-09, 2.18393014784e-09, 1.66526936685e-09], "dmean2": [2.72783552191e-07, 7.41616929645e-07, 8.31443799143e-07, 1.81680331934e-06, 0.000209251462366, 0.00010526549886, 0.000580324267503, 0.00053495290922, 0.00151169439778, 0.000731719308533, 0.000271255063126, 3.85047133022e-05, 4.2023795686e-05, 3.64074003301e-06, 1.95744723896e-06, 2.20893775804e-06, 7.7997367498e-07, 5.06455307914e-07, 6.60462717406e-07, 1.4891138278e-07, 1.89445017895e-07, 8.16000493842e-08, 2.93789508277e-08, 4.45481127542e-08, 4.41709380183e-09, 3.9697729548e-09, 2.75747313871e-09], "dvar": [6.24180991182e-13, 2.61403529031e-12, 5.07222042145e-12, 1.30899527329e-11, 3.87943089208e-07, 1.79984155579e-07, 3.0605210668e-06, 5.05451635036e-06, 4.24416684837e-05, 1.23606369016e-05, 5.18846218256e-06, 4.18513366185e-07, 3.450836914e-07, 1.01711819522e-10, 1.93750883393e-11, 2.36396648784e-11, 4.70591144178e-12, 1.21399233981e-12, 4.37981682172e-12, 5.09143421867e-12, 1.6175945132e-12, 3.11404764822e-13, 1.64522909185e-13, 9.30631575491e-14, 1.17757146129e-15, 1.01935756521e-15, 9.15118117299e-17], "dvar2": [1.51634889541e-12, 6.92671571143e-12, 1.32144651124e-11, 3.6144174459e-11, 4.41722193045e-07, 3.12143953352e-07, 4.99498310091e-06, 6.49425328447e-06, 6.16817051196e-05, 2.10188991332e-05, 8.15720432001e-06, 3.36889314667e-07, 4.12334230759e-07, 2.14633727458e-10, 3.39569761199e-11, 3.52572658568e-11, 8.55167672786e-12, 3.35256995776e-12, 8.50876921005e-12, 7.87536442309e-12, 4.13933817778e-12, 5.49774310278e-13, 4.55496263537e-13, 1.3992026125e-13, 3.25928960741e-15, 2.98464595053e-15, 2.503695455e-16], "max": [3.07302943838e-05, 4.47664569947e-05, 7.2080467362e-05, 7.26409052731e-05, 0.0288613457233, 0.0235758349299, 0.0931716710329, 0.133071199059, 0.23545999825, 0.185014441609, 0.129670187831, 0.0661574080586, 0.0520538315177, 0.000458932248875, 0.000200925322133, 0.000238838649238, 0.000125005404698, 6.11973591731e-05, 6.69069995638e-05, 0.000175384033355, 6.51197624393e-05, 3.9684233343e-05, 3.07698501274e-05, 1.77290094143e-05, 2.20350329982e-06, 1.31776744183e-06, 5.32874935288e-07], "mean": [1.90961344515e-07, 6.14123337073e-07, 5.21693834798e-07, 1.34529375373e-06, 0.0012187511893, 0.000250056938967, 0.00229566986673, 0.00119479687419, 0.00360691035166, 0.00183818431105, 0.000474650936667, 7.83522627898e-05, 0.000101346275187, 7.8449738794e-06, 4.42449663751e-06, 5.02955026604e-06, 1.25101780668e-06, 5.29123610704e-07, 1.24979794691e-06, 2.19044565597e-07, 2.37278783288e-07, 1.30446522917e-07, 2.81372187771e-08, 4.69723957508e-08, 3.5869356374e-09, 4.32298419284e-09, 6.70833832928e-09], "median": [6.42418562791e-09, 5.98932530238e-08, 5.44581055806e-08, 1.51026142703e-07, 0.000114398826554, 1.13706109914e-05, 0.000197063665837, 3.63151630154e-05, 0.00018999283202, 1.97430745175e-05, 1.50098912854e-05, 5.59560839974e-06, 8.06773459772e-06, 6.78962635448e-07, 8.5221546442e-07, 9.59502358455e-07, 1.68516010035e-07, 6.02392233873e-08, 3.06999652366e-08, 3.01454328167e-09, 7.26620152935e-10, 4.59633220373e-10, 4.88290186063e-10, 7.00578040025e-10, 1.01356434357e-09, 1.87065518631e-09, 2.9965603332e-09], "min": [1.26338371529e-24, 4.36793292963e-23, 2.15672899102e-23, 1.14215715256e-23, 5.59957704333e-23, 2.68642542305e-23, 8.26261431826e-23, 2.92092537118e-23, 8.52731754164e-23, 5.63426420396e-23, 1.11539757071e-22, 2.58549256349e-23, 1.00912065183e-22, 1.00361307743e-22, 1.3829801995e-22, 1.65841003792e-22, 1.63629896095e-22, 2.51130196241e-22, 2.71931032051e-22, 1.90592316176e-22, 6.07030157885e-22, 5.52673728766e-22, 9.06317119081e-22, 8.73071466065e-22, 1.08799988873e-21, 1.32899914195e-21, 2.80042844563e-21], "var": [8.80091843587e-13, 4.10870252751e-12, 5.37048790855e-12, 1.78174593135e-11, 9.16444696486e-06, 1.59272008204e-06, 4.83917428937e-05, 2.62164467131e-05, 0.000172277083038, 7.44277058402e-05, 1.35972695716e-05, 1.75794525603e-06, 1.11863880647e-06, 6.51145803943e-10, 1.0412260637e-10, 1.73859177055e-10, 2.91403255692e-11, 2.62969594017e-12, 2.30882691438e-11, 1.04475716273e-11, 2.75127230026e-12, 1.52393451591e-12, 2.74831481357e-13, 2.1672981877e-13, 1.52629598447e-15, 6.17657589808e-16, 1.81258340623e-16]}, "erbbands": {"dmean": [1.60487634275e-05, 0.000106004677946, 0.000551609322429, 0.00732298241928, 0.339326620102, 0.808820486069, 0.395848721266, 0.731427669525, 6.44310426712, 6.29438400269, 13.1603727341, 37.5162696838, 7.22327232361, 19.1687393188, 9.73752689362, 2.00072383881, 2.03931832314, 0.223039835691, 0.0635440126061, 0.172681570053, 0.0384006462991, 0.0205676965415, 0.0231080427766, 0.0100717395544, 0.0330890677869, 0.00490885972977, 0.00497464975342, 0.00347003620118, 0.00227250880562, 0.000796553271357, 0.000883003056515, 0.000980512937531, 0.00025322829606, 6.09283306403e-05, 1.7861757442e-05, 9.83775498753e-06, 4.93687275593e-06, 1.836860406e-06, 1.3934876506e-06, 3.09589859171e-06], "dmean2": [2.75072161458e-05, 0.00017304350331, 0.000893700460438, 0.00974263995886, 0.401577413082, 0.909697890282, 0.506129801273, 0.962122321129, 7.73200845718, 9.41831874847, 14.5053682327, 42.3680992126, 9.1072177887, 26.754322052, 11.9191961288, 2.04685497284, 2.23884367943, 0.288038223982, 0.0835084244609, 0.207578629255, 0.0420794188976, 0.0322703011334, 0.037453237921, 0.0141601059586, 0.0436867512763, 0.0056549301371, 0.00750384386629, 0.00521918479353, 0.00324302818626, 0.00117773981765, 0.00135873688851, 0.00115366920363, 0.00038140793913, 9.72729467321e-05, 2.93854973279e-05, 1.67067701113e-05, 8.54918562254e-06, 2.75674665318e-06, 1.60465799581e-06, 3.55072961611e-06], "dvar": [4.34709290786e-09, 1.51742000298e-07, 5.28340115125e-06, 0.000541509827599, 1.24133217335, 7.31575632095, 4.41095781326, 11.7673540115, 657.921020508, 734.754150391, 3779.29003906, 33660.5, 1562.20959473, 16867.6601562, 9435.6640625, 1137.62927246, 955.267456055, 2.62892651558, 0.046304769814, 0.210958197713, 0.0130890468135, 0.00624137511477, 0.00737841753289, 0.00212402362376, 0.0304091982543, 0.00197965442203, 0.00270812935196, 0.000843810790684, 0.000623170577455, 7.17458751751e-05, 0.000315771554597, 0.000100555633253, 6.9358620749e-06, 5.96595612024e-07, 4.31766444819e-08, 1.46485179542e-08, 5.46128875456e-09, 7.36677316371e-11, 1.88086022451e-11, 9.25553939046e-11], "dvar2": [1.22918644152e-08, 3.8101322275e-07, 1.316711041e-05, 0.000919190410059, 1.64484548569, 8.43450260162, 7.45096635818, 20.9767818451, 1050.921875, 1662.4161377, 4443.31005859, 48474.5859375, 2697.63964844, 29552.6699219, 15051.8896484, 929.227539062, 1145.98193359, 3.36254096031, 0.0849749669433, 0.325096040964, 0.0176069065928, 0.0118117146194, 0.0178676117212, 0.00512831192464, 0.0545790344477, 0.0027978096623, 0.00699097150937, 0.00191602914128, 0.00103813770693, 0.000129911815748, 0.000872388773132, 0.000133862558869, 1.74415854417e-05, 1.61943876265e-06, 1.16336501321e-07, 3.98823125636e-08, 1.61252540209e-08, 1.71148414885e-10, 2.54722909432e-11, 1.24569382587e-10], "max": [0.00161636190023, 0.0149152651429, 0.0949934050441, 1.11417579651, 52.7886619568, 117.556755066, 108.938354492, 186.829055786, 1410.21728516, 1081.37280273, 3777.11474609, 6600.59619141, 2260.86206055, 6893.06201172, 6573.01025391, 3414.51220703, 2731.74365234, 137.959655762, 10.7668876648, 13.4348011017, 8.24237251282, 4.33126735687, 4.41864490509, 2.23440122604, 7.91467618942, 3.23110866547, 2.6068880558, 1.27702116966, 1.96215760708, 0.697633445263, 1.35625874996, 0.629235506058, 0.0908168926835, 0.0373394824564, 0.0120381787419, 0.00649002473801, 0.00310221337713, 0.000393513852032, 0.000175179491634, 0.000364430685295], "mean": [2.47174957622e-05, 0.00018206689856, 0.00145496590994, 0.0419496558607, 2.17639446259, 5.07741689682, 1.40232110023, 3.08880639076, 33.5792503357, 19.8971824646, 39.9285926819, 103.93661499, 24.3596611023, 65.8973464966, 22.065076828, 4.81701850891, 5.46096801758, 0.704996049404, 0.228694051504, 0.400135070086, 0.127612575889, 0.0547870993614, 0.0450082570314, 0.0263447202742, 0.0787558928132, 0.010307662189, 0.00908882822841, 0.00743052177131, 0.00528765004128, 0.00204370496795, 0.00139384914655, 0.00139891472645, 0.000303873588564, 7.72867933847e-05, 3.14794051519e-05, 1.85026328836e-05, 1.25730402942e-05, 9.3106427812e-06, 6.10703682469e-06, 1.26900404211e-05], "median": [3.66508493244e-06, 2.53836042248e-05, 0.000216550339246, 0.00433869101107, 0.205333471298, 0.473149716854, 0.104236833751, 0.215476751328, 2.81498098373, 2.32766103745, 3.11733150482, 6.36440563202, 1.36044442654, 1.13074302673, 1.07069778442, 0.345545142889, 0.46610057354, 0.105646818876, 0.0506877303123, 0.0832158625126, 0.0236978828907, 0.00907052867115, 0.00640256656334, 0.00214153854176, 0.000843036046717, 0.000224551797146, 5.46424562344e-05, 2.91658179776e-05, 2.13051825995e-05, 1.66947556863e-05, 1.6356980268e-05, 1.55200250447e-05, 1.39380144901e-05, 1.16973114928e-05, 9.56698750088e-06, 6.94707887305e-06, 4.6196241783e-06, 2.65290918833e-06, 1.4442932752e-06, 2.3784127734e-06], "min": [1.12011341906e-21, 1.0239848133e-20, 2.47334887219e-20, 3.06152501715e-20, 6.09565484638e-20, 1.75400327245e-19, 4.16903552371e-19, 1.90319201676e-19, 8.4708392226e-19, 1.19654457001e-18, 1.04092242848e-18, 1.94736162617e-18, 2.19907061862e-18, 2.82225112132e-18, 3.1709977054e-18, 1.31138525977e-18, 4.72330469525e-18, 5.15656370214e-18, 6.308494596e-18, 7.38227842867e-18, 9.04374927114e-18, 1.07776232326e-17, 1.51222479522e-17, 1.20158439536e-17, 1.15813416943e-17, 1.02777778408e-17, 2.28195523269e-17, 2.13344769228e-17, 1.75450070268e-17, 2.66235557863e-17, 2.33252392682e-17, 1.39808478947e-17, 1.68620569346e-17, 1.0061700894e-17, 9.18498539765e-18, 4.69989093443e-18, 2.5818217705e-18, 1.33996434994e-18, 3.74447964594e-19, 4.16806067843e-20], "var": [6.49807185837e-09, 2.8120680895e-07, 1.49391844388e-05, 0.0105178114027, 28.9892520905, 160.609786987, 37.2553443909, 150.450119019, 10840.7285156, 3750.24291992, 19982.7148438, 138199.296875, 8286.45898438, 100434.382812, 23963.1699219, 4765.55126953, 3059.8371582, 9.82429981232, 0.266607761383, 0.937009990215, 0.152507215738, 0.0374983400106, 0.0257475730032, 0.00617026165128, 0.124444462359, 0.00530753284693, 0.00432006176561, 0.00219063088298, 0.0027324622497, 0.000411846092902, 0.000537089304999, 0.000255339487921, 7.88759371062e-06, 6.38530025299e-07, 5.51306449381e-08, 1.24249703859e-08, 3.3931812915e-09, 4.1126563266e-10, 1.6312047546e-10, 8.01110677795e-10]}, "gfcc": {"mean": [-332.380249023, 187.347122192, -122.023330688, -101.93409729, -64.7800216675, -34.5689811707, -38.7013435364, -14.8074741364, -21.9484100342, -18.9014186859, -13.7516546249, -11.7944059372, -11.5040435791], "cov": [[13570.4746094, 3486.47949219, -2372.82080078, 4.52941703796, 158.362243652, -1456.09289551, 558.352966309, -10.7801675797, 172.751205444, -836.520935059, -185.287780762, -675.965393066, 94.1564941406], [3486.47949219, 2369.94189453, -276.750701904, -656.186950684, 117.081985474, -437.771575928, -397.53918457, -254.095703125, -64.2165145874, -225.901428223, -42.3591842651, -173.654876709, -102.642692566], [-2372.82080078, -276.750701904, 961.984191895, 18.2800655365, -173.353240967, 339.486877441, -206.115142822, -221.440063477, -131.387863159, 166.80947876, 68.9042434692, 146.992156982, -68.9081268311], [4.52941703796, -656.186950684, 18.2800655365, 531.821899414, 37.2398986816, 44.1206855774, 208.730834961, 14.7415456772, -4.98592376709, -13.9241228104, 7.04050970078, 14.7047071457, 39.4247779846], [158.362243652, 117.081985474, -173.353240967, 37.2398986816, 360.11706543, -100.08253479, -182.41444397, 34.8034095764, 46.8678016663, -47.8534393311, 9.09976005554, -32.9514083862, -62.5418815613], [-1456.09289551, -437.771575928, 339.486877441, 44.1206855774, -100.08253479, 457.304107666, 23.6477584839, -176.99005127, -97.8087310791, 76.5879974365, 30.0401420593, 244.518859863, 64.0388259888], [558.352966309, -397.53918457, -206.115142822, 208.730834961, -182.41444397, 23.6477584839, 470.06072998, 115.729812622, -2.0569794178, -27.1122665405, -65.1874465942, -29.3119163513, 131.065048218], [-10.7801675797, -254.095703125, -221.440063477, 14.7415456772, 34.8034095764, -176.99005127, 115.729812622, 318.869293213, 139.3722229, 6.67205429077, -16.6995372772, -144.46194458, -30.339969635], [172.751205444, -64.2165145874, -131.387863159, -4.98592376709, 46.8678016663, -97.8087310791, -2.0569794178, 139.3722229, 148.557296753, 21.2904243469, -0.368642896414, -62.6246185303, -32.5629463196], [-836.520935059, -225.901428223, 166.80947876, -13.9241228104, -47.8534393311, 76.5879974365, -27.1122665405, 6.67205429077, 21.2904243469, 146.982543945, 70.1419143677, 32.3088150024, -27.943983078], [-185.287780762, -42.3591842651, 68.9042434692, 7.04050970078, 9.09976005554, 30.0401420593, -65.1874465942, -16.6995372772, -0.368642896414, 70.1419143677, 147.813964844, 59.6411399841, -78.9122009277], [-675.965393066, -173.654876709, 146.992156982, 14.7047071457, -32.9514083862, 244.518859863, -29.3119163513, -144.46194458, -62.6246185303, 32.3088150024, 59.6411399841, 251.795043945, 55.1215286255], [94.1564941406, -102.642692566, -68.9081268311, 39.4247779846, -62.5418815613, 64.0388259888, 131.065048218, -30.339969635, -32.5629463196, -27.943983078, -78.9122009277, 55.1215286255, 160.481338501]], "icov": [[0.00117732619401, -0.00171525834594, 0.00164373998996, -0.00168670422863, 0.0010137174977, 0.000642928294837, -0.00148607383016, 0.00228163041174, -0.00271295709535, 0.00284545030445, -0.00268501439132, 0.00152882118709, -0.00078452937305], [-0.00171525834594, 0.00474026286975, -0.00285109668039, 0.00545209879056, -0.00226275296882, 0.00138340180274, 0.00116977258585, 0.000679843826219, 0.00263061677106, -0.000988808344118, 0.00216403021477, -0.0010535401525, 0.00100146792829], [0.00164373998996, -0.00285109668039, 0.00586332660168, -0.00452564842999, 0.00409398321062, -0.00122066226322, 0.00109024054836, 0.00186714471783, -0.00094311957946, 0.000343565683579, -0.00088351755403, 0.00188063818496, 0.00117470521946], [-0.00168670422863, 0.00545209879056, -0.00452564842999, 0.00994406361133, -0.00508887227625, 0.00260313460603, -0.00273738056421, 0.00322735751979, 0.000597003672738, 0.00140882912092, -0.000382688129321, -0.000356357049895, 0.000215052990825], [0.0010137174977, -0.00226275296882, 0.00409398321062, -0.00508887227625, 0.00795403588563, -0.00123674597126, 0.00430750194937, -0.00121299107559, -0.000601200503297, 0.00135079945903, -8.17784166429e-05, 0.000668537279125, 0.000655490439385], [0.000642928294837, 0.00138340180274, -0.00122066226322, 0.00260313460603, -0.00123674597126, 0.0101088965312, -0.00430742232129, 0.00638417387381, -0.00218785507604, 0.0022822462488, -0.000248646218097, -0.00456300051883, 0.000951430643909], [-0.00148607383016, 0.00116977258585, 0.00109024054836, -0.00273738056421, 0.00430750194937, -0.00430742232129, 0.0113066099584, -0.00844290386885, 0.0071288603358, -0.00551814492792, 0.00487825553864, -0.000782253278885, -0.00151897699106], [0.00228163041174, 0.000679843826219, 0.00186714471783, 0.00322735751979, -0.00121299107559, 0.00638417387381, -0.00844290386885, 0.0200752131641, -0.0137519687414, 0.0106314877048, -0.00922654755414, 0.00714590912685, -0.00115509773605], [-0.00271295709535, 0.00263061677106, -0.00094311957946, 0.000597003672738, -0.000601200503297, -0.00218785507604, 0.0071288603358, -0.0137519687414, 0.0223333276808, -0.0138635449111, 0.0118754776195, -0.00657512247562, 0.00515478430316], [0.00284545030445, -0.000988808344118, 0.000343565683579, 0.00140882912092, 0.00135079945903, 0.0022822462488, -0.00551814492792, 0.0106314877048, -0.0138635449111, 0.0266128275543, -0.0188230518252, 0.00921264011413, -0.00696721859276], [-0.00268501439132, 0.00216403021477, -0.00088351755403, -0.000382688129321, -8.17784166429e-05, -0.000248646218097, 0.00487825553864, -0.00922654755414, 0.0118754776195, -0.0188230518252, 0.0283565148711, -0.0143043482676, 0.0150017924607], [0.00152882118709, -0.0010535401525, 0.00188063818496, -0.000356357049895, 0.000668537279125, -0.00456300051883, -0.000782253278885, 0.00714590912685, -0.00657512247562, 0.00921264011413, -0.0143043482676, 0.0174172148108, -0.00935069005936], [-0.00078452937305, 0.00100146792829, 0.00117470521946, 0.000215052990825, 0.000655490439385, 0.000951430643909, -0.00151897699106, -0.00115509773605, 0.00515478430316, -0.00696721859276, 0.0150017924607, -0.00935069005936, 0.0191028341651]]}, "melbands": {"dmean": [1.28440447611e-07, 2.15748357846e-07, 4.42132159151e-06, 5.37044506927e-05, 1.41776035889e-05, 1.55301459017e-05, 9.82018318609e-05, 6.94351474522e-05, 0.000145952610183, 0.000208465062315, 3.13426608045e-05, 8.24722883408e-05, 3.270504385e-05, 9.01529347175e-06, 4.45836485596e-06, 2.67153541245e-06, 3.07865661853e-07, 9.27795582584e-08, 1.38383896342e-07, 2.07718173328e-07, 2.65446065129e-08, 1.5843427903e-08, 4.85454947352e-08, 5.96052229795e-09, 8.64517524235e-09, 2.12798347832e-08, 1.55233639276e-08, 1.46708356574e-09, 1.91153604057e-09, 4.45506742608e-09, 1.86917747946e-09, 1.7398743557e-09, 5.88343762598e-10, 2.62917937421e-10, 6.43040731774e-10, 5.38649513881e-10, 4.65822047602e-10, 1.69182251541e-10, 1.36868544276e-10, 2.75643709247e-11], "dmean2": [2.1554208729e-07, 3.60787140607e-07, 6.6534466896e-06, 5.82251013839e-05, 1.71809824678e-05, 2.08256296901e-05, 0.000118014235341, 0.00010367835057, 0.000160140218213, 0.000237886240939, 4.12190129282e-05, 0.00011537240789, 4.0149770939e-05, 1.02329977381e-05, 4.66130495624e-06, 2.93410585073e-06, 4.47159976602e-07, 1.23960134601e-07, 1.68532594103e-07, 2.44194637844e-07, 3.10966790096e-08, 2.32282726387e-08, 8.13100200503e-08, 8.44111980314e-09, 1.24753070097e-08, 2.8519266948e-08, 1.93991933628e-08, 1.66904712273e-09, 2.70782307688e-09, 6.96659885335e-09, 2.67540611887e-09, 2.48563369887e-09, 8.85729156685e-10, 3.910881341e-10, 1.02973651828e-09, 6.4099897612e-10, 5.45886558179e-10, 2.5932075931e-10, 2.16341139447e-10, 4.76843911579e-11], "dvar": [2.40835129617e-13, 8.76512621165e-13, 2.06001396497e-10, 3.10653121005e-08, 4.34611679978e-09, 5.76879255476e-09, 1.48773409592e-07, 9.13774513833e-08, 3.82005282518e-07, 1.11045335416e-06, 3.77612892066e-08, 3.28916030412e-07, 1.05385971949e-07, 1.46114791377e-08, 3.91600885052e-09, 1.7387055129e-09, 1.54421885435e-12, 9.92702353154e-14, 1.30947011047e-13, 2.86642129303e-13, 1.27533202301e-14, 8.13680262627e-15, 2.75117419352e-14, 1.78822694736e-15, 2.02817867583e-15, 1.10572765137e-14, 2.10499325625e-14, 3.10297920612e-16, 3.2299264162e-16, 2.69263091844e-15, 2.98437209419e-16, 4.57676941813e-16, 3.680546753e-17, 9.6999806024e-18, 2.44121115797e-16, 3.05948333635e-17, 2.39018867255e-17, 4.54571687596e-18, 5.85450768374e-18, 2.45811272229e-19], "dvar2": [6.68620324037e-13, 2.19068318173e-12, 4.52878762269e-10, 3.42910517759e-08, 6.77986911057e-09, 1.03424637743e-08, 2.30516690181e-07, 1.99359703856e-07, 4.92405945351e-07, 1.6283943296e-06, 6.54917684528e-08, 5.70641020659e-07, 1.64791998714e-07, 1.92588434089e-08, 4.03160171913e-09, 2.09084793923e-09, 3.43405859304e-12, 1.82917632321e-13, 2.11943947093e-13, 4.28706251271e-13, 2.06668636062e-14, 1.38383465657e-14, 6.40894265826e-14, 4.18646754158e-15, 5.07235007848e-15, 2.09339805283e-14, 3.3860077692e-14, 3.56072136947e-16, 7.5237685658e-16, 6.95819693774e-15, 5.70949599058e-16, 7.62603032413e-16, 7.25549232028e-17, 1.58985569571e-17, 6.73407763149e-16, 4.339789518e-17, 3.11025535148e-17, 1.12298114406e-17, 1.56265319952e-17, 7.13561099865e-19], "max": [1.24660855363e-05, 3.2671228837e-05, 0.000537581334356, 0.0083023076877, 0.00361472880468, 0.00424040434882, 0.0215843096375, 0.0134603716433, 0.0297336913645, 0.0423180386424, 0.0112116113305, 0.0305918063968, 0.0175299588591, 0.00804426707327, 0.00442310189828, 0.00370935862884, 5.44757531316e-05, 1.4564509911e-05, 1.15646462291e-05, 2.05894248211e-05, 6.01063493377e-06, 6.73586418998e-06, 1.1568348782e-05, 2.85179726234e-06, 2.23128040489e-06, 3.39207986144e-06, 1.09142829388e-05, 1.56410101226e-06, 8.29654197787e-07, 2.60907449956e-06, 9.65275603448e-07, 1.71212764144e-06, 3.35970952392e-07, 3.09809365717e-07, 1.20075810628e-06, 3.37950268658e-07, 3.08932328608e-07, 8.31674000779e-08, 1.27130462602e-07, 3.53392444197e-08], "mean": [1.79257725108e-07, 2.60630855564e-07, 2.11242331716e-05, 0.000349863461452, 6.28574780421e-05, 5.54829966859e-05, 0.000513395410962, 0.000201211383683, 0.000422076380346, 0.00057805707911, 0.000102866273664, 0.000284643261693, 7.10440435796e-05, 1.99964924832e-05, 1.13170572149e-05, 7.3001333476e-06, 8.93311721484e-07, 3.2995814081e-07, 3.44363883187e-07, 5.21401773312e-07, 8.67543619165e-08, 4.50932091667e-08, 8.70097238703e-08, 1.3074777705e-08, 1.8772126964e-08, 5.60299255881e-08, 3.08099359358e-08, 3.06946601469e-09, 3.86641030303e-09, 6.91743462511e-09, 4.27121493729e-09, 3.62225938133e-09, 1.58607038614e-09, 6.4223626417e-10, 9.76701386435e-10, 7.61449459041e-10, 6.58247956142e-10, 1.88445009597e-10, 1.39732142523e-10, 3.44916178951e-11], "median": [1.67997580292e-08, 2.64375188408e-08, 2.09317340705e-06, 3.27084635501e-05, 5.33485217602e-06, 3.26795679939e-06, 4.24274003308e-05, 2.02168412216e-05, 2.91137148452e-05, 3.10471878038e-05, 1.30640239604e-06, 3.47202217199e-06, 2.87705779556e-06, 1.23342692859e-06, 7.13397184882e-07, 6.20761852588e-07, 8.13624581042e-08, 5.73485010591e-08, 7.12700440886e-08, 9.89811610452e-08, 8.48067038817e-09, 5.5271627275e-09, 9.93375603997e-09, 7.61331553356e-10, 1.47213741197e-09, 5.12471509673e-10, 2.59536614422e-10, 5.69034541709e-11, 2.12302744829e-11, 1.5362926209e-11, 1.30692227873e-11, 1.03274541696e-11, 8.64531189693e-12, 7.82145702372e-12, 8.29341109676e-12, 8.05075971166e-12, 8.48129292491e-12, 8.39317504386e-12, 8.38202944553e-12, 8.46977349367e-12], "min": [1.12270549925e-23, 1.36310478588e-23, 6.50109659437e-24, 7.00634622695e-24, 1.43775248453e-23, 5.07719753285e-24, 1.34335581089e-23, 1.10103351803e-23, 1.03175346564e-23, 1.19980481982e-23, 1.03187873675e-23, 1.00960185699e-23, 1.2695159847e-23, 4.08352269866e-24, 4.90270465606e-24, 1.14760005615e-23, 9.44719388595e-24, 1.0134514982e-23, 8.64509195044e-24, 1.16023571459e-23, 1.04650287687e-23, 1.06982420847e-23, 1.61291652418e-23, 9.23331870619e-24, 1.0040369955e-23, 9.12759477881e-24, 6.71710722061e-24, 5.98908839599e-24, 1.38214394383e-23, 1.5364071138e-23, 1.06589086911e-23, 7.62898546197e-24, 1.41259539472e-23, 1.64606871927e-23, 1.45833023679e-23, 1.03716268486e-23, 7.82560430943e-24, 1.16726604297e-23, 1.18596496521e-23, 7.19539122086e-24], "var": [3.82186713917e-13, 1.0634403514e-12, 2.70190803064e-09, 7.55140092679e-07, 4.82182969108e-08, 6.08657444445e-08, 2.51383403338e-06, 4.21307561282e-07, 1.77610172614e-06, 4.68214193461e-06, 1.95997671426e-07, 1.97501685761e-06, 2.75122999938e-07, 4.44596395255e-08, 1.4467063103e-08, 5.51170931118e-09, 8.74482430913e-12, 6.2692510688e-13, 6.21329810518e-13, 1.78275048803e-12, 1.10441359833e-13, 4.8050359671e-14, 1.23704310142e-13, 3.58480225146e-15, 4.72980063725e-15, 5.86999592271e-14, 4.65213161234e-14, 1.39062618791e-15, 7.90090257403e-16, 3.61398465407e-15, 1.05575774733e-15, 1.82087985572e-15, 1.81963839659e-16, 6.14974639417e-17, 4.06118178663e-16, 7.54038126418e-17, 6.13084630979e-17, 5.24227533003e-18, 5.79977934646e-18, 3.17991672866e-19]}, "mfcc": {"mean": [-924.952575684, 184.605804443, 7.61584758759, -51.3751907349, -41.2441139221, -30.8720474243, -24.5061187744, -18.2202320099, -16.1391334534, -14.0484352112, -11.246055603, -8.58099555969, -5.8247628212], "cov": [[4736.37304688, 2836.02368164, -900.976135254, -264.225799561, 137.419174194, -323.53717041, -284.025177002, 18.5946102142, 73.1577072144, 112.731056213, -12.0731716156, -248.767074585, -306.572021484], [2836.02368164, 1941.61120605, -415.141052246, -260.4269104, 66.2044143677, -224.674423218, -251.550323486, -90.0704345703, -43.86668396, 14.6725606918, -15.2700214386, -154.940383911, -194.35093689], [-900.976135254, -415.141052246, 391.138275146, 92.2273406982, -98.3477706909, 62.0995559692, 69.0207138062, -36.1005935669, -90.8241577148, -113.519523621, -32.808883667, 56.3693389893, 60.8641242981], [-264.225799561, -260.4269104, 92.2273406982, 275.497314453, 90.6335220337, -14.4544363022, 52.6707382202, 17.6102104187, -32.6506614685, 37.9349327087, 53.5179214478, 21.8614902496, 25.4054965973], [137.419174194, 66.2044143677, -98.3477706909, 90.6335220337, 270.838928223, 61.4795188904, -90.6896362305, -68.3906936646, -81.6028823853, -27.5987186432, 51.3756790161, 39.0865325928, -6.4529747963], [-323.53717041, -224.674423218, 62.0995559692, -14.4544363022, 61.4795188904, 242.673522949, 95.3114013672, 5.02820968628, -35.3359718323, -165.784957886, -84.4007263184, 52.2826156616, 38.7104301453], [-284.025177002, -251.550323486, 69.0207138062, 52.6707382202, -90.6896362305, 95.3114013672, 224.993225098, 125.812812805, 27.6107330322, -19.4103679657, -43.2278862, -5.01117277145, 60.5434455872], [18.5946102142, -90.0704345703, -36.1005935669, 17.6102104187, -68.3906936646, 5.02820968628, 125.812812805, 187.471374512, 119.511711121, 27.5544013977, -2.38207554817, -24.8912696838, 28.2333507538], [73.1577072144, -43.86668396, -90.8241577148, -32.6506614685, -81.6028823853, -35.3359718323, 27.6107330322, 119.511711121, 239.693374634, 139.132125854, -20.8075866699, -70.124382019, -43.3633155823], [112.731056213, 14.6725606918, -113.519523621, 37.9349327087, -27.5987186432, -165.784957886, -19.4103679657, 27.5544013977, 139.132125854, 331.529205322, 129.830184937, -72.1266479492, -18.4149017334], [-12.0731716156, -15.2700214386, -32.808883667, 53.5179214478, 51.3756790161, -84.4007263184, -43.2278862, -2.38207554817, -20.8075866699, 129.830184937, 194.680267334, 66.8555984497, 49.7163352966], [-248.767074585, -154.940383911, 56.3693389893, 21.8614902496, 39.0865325928, 52.2826156616, -5.01117277145, -24.8912696838, -70.124382019, -72.1266479492, 66.8555984497, 191.972167969, 89.9972076416], [-306.572021484, -194.35093689, 60.8641242981, 25.4054965973, -6.4529747963, 38.7104301453, 60.5434455872, 28.2333507538, -43.3633155823, -18.4149017334, 49.7163352966, 89.9972076416, 159.895431519]], "icov": [[0.0323897004128, -0.0462164282799, 0.0495919696987, -0.0507184751332, 0.0506592132151, -0.0463531389832, 0.0415079593658, -0.0348938852549, 0.0256577283144, -0.016646200791, 0.0114764338359, -0.00850616581738, 0.0050792330876], [-0.0462164282799, 0.0669822692871, -0.0700042247772, 0.0732823237777, -0.07284399122, 0.0676546022296, -0.0596751980484, 0.0501166135073, -0.0363813266158, 0.0246306546032, -0.0165652316064, 0.0126270614564, -0.00675143115222], [0.0495919696987, -0.0700042247772, 0.0832274630666, -0.082554616034, 0.0851454362273, -0.0752870291471, 0.0677651017904, -0.0530364029109, 0.0424046516418, -0.0247521754354, 0.0170438848436, -0.0122662903741, 0.00705439224839], [-0.0507184751332, 0.0732823237777, -0.082554616034, 0.0917689427733, -0.0925499722362, 0.0851588845253, -0.0785693153739, 0.0600563772023, -0.0463821701705, 0.0301806628704, -0.0197305418551, 0.0130873220041, -0.00686759129167], [0.0506592132151, -0.07284399122, 0.0851454362273, -0.0925499722362, 0.103415176272, -0.0948530733585, 0.0888827890158, -0.0672635734081, 0.0555765591562, -0.0358792506158, 0.0200074575841, -0.0133536010981, 0.00847853440791], [-0.0463531389832, 0.0676546022296, -0.0752870291471, 0.0851588845253, -0.0948530733585, 0.099680416286, -0.0911071002483, 0.07204246521, -0.0582761541009, 0.0432357899845, -0.0219682212919, 0.012871301733, -0.00893677584827], [0.0415079593658, -0.0596751980484, 0.0677651017904, -0.0785693153739, 0.0888827890158, -0.0911071002483, 0.0976355746388, -0.0778624489903, 0.061169359833, -0.0441574789584, 0.0274908840656, -0.0129930898547, 0.00643107807264], [-0.0348938852549, 0.0501166135073, -0.0530364029109, 0.0600563772023, -0.0672635734081, 0.07204246521, -0.0778624489903, 0.0767487287521, -0.057917252183, 0.0420154929161, -0.0278151892126, 0.015096780844, -0.0102833146229], [0.0256577283144, -0.0363813266158, 0.0424046516418, -0.0463821701705, 0.0555765591562, -0.0582761541009, 0.061169359833, -0.057917252183, 0.0534692071378, -0.0371612384915, 0.0237514209002, -0.0115389320999, 0.0089488485828], [-0.016646200791, 0.0246306546032, -0.0247521754354, 0.0301806628704, -0.0358792506158, 0.0432357899845, -0.0441574789584, 0.0420154929161, -0.0371612384915, 0.0349999144673, -0.0226488877088, 0.0121517693624, -0.00581017090008], [0.0114764338359, -0.0165652316064, 0.0170438848436, -0.0197305418551, 0.0200074575841, -0.0219682212919, 0.0274908840656, -0.0278151892126, 0.0237514209002, -0.0226488877088, 0.0249836500734, -0.0115790441632, 0.00172655074857], [-0.00850616581738, 0.0126270614564, -0.0122662903741, 0.0130873220041, -0.0133536010981, 0.012871301733, -0.0129930898547, 0.015096780844, -0.0115389320999, 0.0121517693624, -0.0115790441632, 0.0145629448816, -0.00609863549471], [0.0050792330876, -0.00675143115222, 0.00705439224839, -0.00686759129167, 0.00847853440791, -0.00893677584827, 0.00643107807264, -0.0102833146229, 0.0089488485828, -0.00581017090008, 0.00172655074857, -0.00609863549471, 0.0127322608605]]}, "spectral_contrast_coeffs": {"dmean": [0.0317609459162, 0.0293602310121, 0.0249332841486, 0.0202715266496, 0.0144426021725, 0.0183064807206], "dmean2": [0.0529257692397, 0.0470358617604, 0.039094183594, 0.0321769341826, 0.0238440576941, 0.0317600145936], "dvar": [0.000691397406626, 0.000769173260778, 0.000731969368644, 0.000573498022277, 0.000173847438418, 0.000427017745096], "dvar2": [0.00184744421858, 0.00174756639171, 0.0015792963095, 0.00128819409292, 0.000430551415775, 0.00118257233407], "max": [-0.234422370791, -0.329791277647, -0.34858161211, -0.462283760309, -0.613285541534, -0.644047379494], "mean": [-0.505942642689, -0.633493840694, -0.625711262226, -0.673031806946, -0.774385273457, -0.882778227329], "median": [-0.503469824791, -0.634083271027, -0.626153469086, -0.667684555054, -0.762057781219, -0.903511285782], "min": [-0.965841531754, -0.96994638443, -0.958114206791, -0.954530119896, -0.953718066216, -0.96092993021], "var": [0.0118855815381, 0.00799917802215, 0.00714108953252, 0.00462146289647, 0.00441577238962, 0.00282665994018]}, "spectral_contrast_valleys": {"dmean": [0.448769032955, 0.292475342751, 0.253962665796, 0.254151850939, 0.189459890127, 0.382691293955], "dmean2": [0.760082662106, 0.473069429398, 0