{"lowlevel": {"average_loudness": 0.916872859001, "barkbands_crest": {"dmean": 2.28193545341, "dmean2": 3.76562643051, "dvar": 5.40220737457, "dvar2": 14.633980751, "max": 25.0365581512, "mean": 11.9467611313, "median": 11.6558418274, "min": 2.62843847275, "var": 14.8680639267}, "barkbands_flatness_db": {"dmean": 0.0224488880485, "dmean2": 0.0338971242309, "dvar": 0.000548855110537, "dvar2": 0.00117036269512, "max": 0.373068392277, "mean": 0.17170701921, "median": 0.172514379025, "min": 0.0256510451436, "var": 0.00310725951567}, "barkbands_kurtosis": {"dmean": 4.86939001083, "dmean2": 7.73165035248, "dvar": 107.208274841, "dvar2": 249.518966675, "max": 292.383544922, "mean": 11.6035203934, "median": 6.4209690094, "min": -1.92756855488, "var": 335.796325684}, "barkbands_skewness": {"dmean": 0.55478733778, "dmean2": 0.869028091431, "dvar": 0.483166307211, "dvar2": 1.15640032291, "max": 13.9758481979, "mean": 2.48763728142, "median": 2.40294122696, "min": -4.64202880859, "var": 2.78205609322}, "barkbands_spread": {"dmean": 5.09142255783, "dmean2": 7.82988786697, "dvar": 63.8251609802, "dvar2": 143.978057861, "max": 130.751953125, "mean": 19.9395942688, "median": 14.3701725006, "min": 0.582738399506, "var": 306.753356934}, "dissonance": {"dmean": 0.0205918941647, "dmean2": 0.03386702016, "dvar": 0.000434547138866, "dvar2": 0.0011604699539, "max": 0.499729782343, "mean": 0.448351562023, "median": 0.456755042076, "min": 0.229346990585, "var": 0.00141449528746}, "dynamic_complexity": 2.52587628365, "erbbands_crest": {"dmean": 2.0403547287, "dmean2": 3.19526672363, "dvar": 4.62778997421, "dvar2": 10.9758663177, "max": 32.880859375, "mean": 10.1564426422, "median": 8.72031211853, "min": 2.56111001968, "var": 31.1018772125}, "erbbands_flatness_db": {"dmean": 0.0154040344059, "dmean2": 0.0217782966793, "dvar": 0.000246143259574, "dvar2": 0.000458537833765, "max": 0.322722375393, "mean": 0.139221042395, "median": 0.136841744184, "min": 0.0390160754323, "var": 0.00167451717425}, "erbbands_kurtosis": {"dmean": 0.910858273506, "dmean2": 1.37517786026, "dvar": 2.34516716003, "dvar2": 5.10613870621, "max": 51.7566337585, "mean": 0.961590349674, "median": -0.207143545151, "min": -1.78709709644, "var": 12.8055019379}, "erbbands_skewness": {"dmean": 0.33031386137, "dmean2": 0.504532754421, "dvar": 0.133265525103, "dvar2": 0.283561229706, "max": 4.56097888947, "mean": 0.471474349499, "median": 0.414031028748, "min": -2.79599022865, "var": 0.865473568439}, "erbbands_spread": {"dmean": 8.93306732178, "dmean2": 13.3486804962, "dvar": 115.678253174, "dvar2": 242.554199219, "max": 159.303512573, "mean": 48.6643333435, "median": 43.8412246704, "min": 2.61401700974, "var": 628.668518066}, "hfc": {"dmean": 7.00450181961, "dmean2": 10.1575679779, "dvar": 321.999725342, "dvar2": 704.552062988, "max": 436.354370117, "mean": 22.3554401398, "median": 13.5622167587, "min": 1.27143152629e-16, "var": 731.622497559}, "melbands_crest": {"dmean": 2.76308989525, "dmean2": 4.54023838043, "dvar": 7.70343399048, "dvar2": 20.9199447632, "max": 31.1641426086, "mean": 16.4942111969, "median": 16.1344604492, "min": 2.44525837898, "var": 21.3264446259}, "melbands_flatness_db": {"dmean": 0.0266054105014, "dmean2": 0.0402012392879, "dvar": 0.000799423840363, "dvar2": 0.00173307955265, "max": 0.491594225168, "mean": 0.255840718746, "median": 0.257192492485, "min": 0.00673482753336, "var": 0.00517979077995}, "melbands_kurtosis": {"dmean": 11.7883005142, "dmean2": 18.8871364594, "dvar": 420.318695068, "dvar2": 1014.83862305, "max": 461.777526855, "mean": 32.1941184998, "median": 20.6928806305, "min": -1.72603070736, "var": 1582.2467041}, "melbands_skewness": {"dmean": 0.799528837204, "dmean2": 1.24237394333, "dvar": 0.904465198517, "dvar2": 2.17589950562, "max": 16.0942687988, "mean": 3.99429607391, "median": 3.68648576736, "min": -0.963060259819, "var": 5.2840294838}, "melbands_spread": {"dmean": 4.3215341568, "dmean2": 6.72387695312, "dvar": 47.7303390503, "dvar2": 115.313957214, "max": 159.712722778, "mean": 15.8700284958, "median": 10.4415903091, "min": 0.513514339924, "var": 250.25592041}, "pitch_salience": {"dmean": 0.0608181059361, "dmean2": 0.100334964693, "dvar": 0.00347537151538, "dvar2": 0.00953639857471, "max": 0.829460501671, "mean": 0.458211541176, "median": 0.450382918119, "min": 0.152883574367, "var": 0.0090592559427}, "silence_rate_20dB": {"dmean": 0, "dmean2": 0, "dvar": 0, "dvar2": 0, "max": 1, "mean": 1, "median": 1, "min": 1, "var": 0}, "silence_rate_30dB": {"dmean": 0.00477652670816, "dmean2": 0.00955414026976, "dvar": 0.00475377961993, "dvar2": 0.0135577367619, "max": 1, "mean": 0.997157156467, "median": 1, "min": 0, "var": 0.00283449096605}, "silence_rate_60dB": {"dmean": 0.00113726826385, "dmean2": 0.00227479520254, "dvar": 0.00113609828986, "dvar2": 0.00249672401696, "max": 1, "mean": 0.024562202394, "median": 0, "min": 0, "var": 0.0239583197981}, "spectral_centroid": {"dmean": 194.322540283, "dmean2": 302.817352295, "dvar": 70025.890625, "dvar2": 151530.34375, "max": 11332.7734375, "mean": 1098.01574707, "median": 897.745605469, "min": 149.748718262, "var": 499151.5}, "spectral_complexity": {"dmean": 2.78994655609, "dmean2": 4.41515016556, "dvar": 16.029214859, "dvar2": 34.4578170776, "max": 59, "mean": 13.6327037811, "median": 11, "min": 0, "var": 83.640838623}, "spectral_decrease": {"dmean": 2.7329050134e-09, "dmean2": 4.48865744573e-09, "dvar": 1.5860827595e-17, "dvar2": 4.07488261072e-17, "max": 9.21490981436e-17, "mean": -9.93440796293e-09, "median": -9.12929820629e-09, "min": -4.80220307963e-08, "var": 2.93488313545e-17}, "spectral_energy": {"dmean": 0.0106970388442, "dmean2": 0.0174605771899, "dvar": 0.000238997861743, "dvar2": 0.000607344962191, "max": 0.18981975317, "mean": 0.0395225659013, "median": 0.0365367010236, "min": 1.11502670258e-20, "var": 0.000459609844256}, "spectral_energyband_high": {"dmean": 0.000549105054233, "dmean2": 0.000791320810094, "dvar": 2.85356168206e-06, "dvar2": 6.12500525676e-06, "max": 0.0430445745587, "mean": 0.00111128774006, "median": 0.000294833211228, "min": 8.30646127735e-21, "var": 5.5094506024e-06}, "spectral_energyband_low": {"dmean": 0.0087772756815, "dmean2": 0.014626420103, "dvar": 0.000218663539272, "dvar2": 0.000569606840145, "max": 0.170191630721, "mean": 0.0226307976991, "median": 0.0179634615779, "min": 3.0102133816e-23, "var": 0.000322960695485}, "spectral_energyband_middle_high": {"dmean": 0.00122868129984, "dmean2": 0.00179740507156, "dvar": 5.59967929803e-06, "dvar2": 1.17172176033e-05, "max": 0.0659629181027, "mean": 0.00446619046852, "median": 0.00192635750864, "min": 1.42218883317e-21, "var": 4.00423923566e-05}, "spectral_energyband_middle_low": {"dmean": 0.00401806365699, "dmean2": 0.00647537456825, "dvar": 2.87941347779e-05, "dvar2": 7.51897678128e-05, "max": 0.112938724458, "mean": 0.0129020223394, "median": 0.0109038744122, "min": 3.14593185163e-22, "var": 8.86052948772e-05}, "spectral_entropy": {"dmean": 0.207320794463, "dmean2": 0.297775149345, "dvar": 0.0521921664476, "dvar2": 0.0988410785794, "max": 9.81283760071, "mean": 7.38847303391, "median": 7.37892150879, "min": 5.73738908768, "var": 0.277674436569}, "spectral_flux": {"dmean": 0.0266247931868, "dmean2": 0.0402620099485, "dvar": 0.00103786389809, "dvar2": 0.00216447515413, "max": 0.350032389164, "mean": 0.0758243054152, "median": 0.0627848058939, "min": 1.05594824551e-10, "var": 0.00243511470035}, "spectral_kurtosis": {"dmean": 1.17654192448, "dmean2": 1.86876893044, "dvar": 1.71521401405, "dvar2": 4.03952741623, "max": 22.138753891, "mean": 3.84838032722, "median": 3.23628592491, "min": -1.34713196754, "var": 6.49096822739}, "spectral_rms": {"dmean": 0.000781408045441, "dmean2": 0.00125545426272, "dvar": 9.78812749963e-07, "dvar2": 2.39488281295e-06, "max": 0.013608452864, "mean": 0.00594613375142, "median": 0.00597039051354, "min": 3.29822822699e-12, "var": 3.20206368087e-06}, "spectral_rolloff": {"dmean": 365.916168213, "dmean2": 630.300415039, "dvar": 932040.5, "dvar2": 2303208, "max": 19422.9492188, "mean": 1075.36157227, "median": 430.6640625, "min": 64.599609375, "var": 3475389.75}, "spectral_skewness": {"dmean": 0.199236482382, "dmean2": 0.305614382029, "dvar": 0.0450999811292, "dvar2": 0.0950585901737, "max": 3.84859347343, "mean": 1.53403222561, "median": 1.49320852757, "min": -0.179637059569, "var": 0.266973376274}, "spectral_spread": {"dmean": 583113.6875, "dmean2": 855849.4375, "dvar": 579493560320, "dvar2": 1065292726270.0, "max": 40561536, "mean": 5629287, "median": 5317699, "min": 2772139, "var": 3135970476030.0}, "spectral_strongpeak": {"dmean": 0.363606214523, "dmean2": 0.627829015255, "dvar": 0.679521083832, "dvar2": 1.6873562336, "max": 17.4746990204, "mean": 0.884696722031, "median": 0.525982737541, "min": 0, "var": 1.54236423969}, "zerocrossingrate": {"dmean": 0.00935547519475, "dmean2": 0.0112035330385, "dvar": 0.000147907674545, "dvar2": 0.000197240602574, "max": 0.689453125, "mean": 0.0509641468525, "median": 0.03955078125, "min": 0.00390625, "var": 0.00229280604981}, "barkbands": {"dmean": [0.000411472225096, 0.00659182667732, 0.00298071675934, 0.0016238715034, 0.0016843911726, 0.00102286739275, 0.000160131108714, 0.000648884801194, 0.000545447459444, 0.000308116956148, 0.000245745090069, 0.000221255118959, 0.000211825448787, 0.000100382996607, 0.000142084667459, 0.000404092686949, 0.000160895724548, 0.000130842949147, 0.000146169390064, 0.000109415137558, 0.000110557375592, 0.000105625033029, 8.66085392772e-05, 7.91105048847e-05, 9.52163900365e-05, 0.000117984498502, 8.16392093839e-06], "dmean2": [0.000638392346445, 0.0112200994045, 0.00485404627398, 0.00279444991611, 0.00279689277522, 0.00150904501788, 0.000248486350756, 0.000953070586547, 0.000821881229058, 0.000461215589894, 0.000385125662433, 0.000323621206917, 0.000323101499816, 0.000155486704898, 0.000224077914027, 0.000622749386821, 0.000242547088419, 0.000206266777241, 0.000237062689848, 0.000179040085641, 0.000174387721927, 0.000165019126143, 0.00013110578584, 0.000117317584227, 0.000138078787131, 0.000186536999536, 1.35160726131e-05], "dvar": [9.25104018279e-07, 0.000177305439138, 1.69287250174e-05, 8.11145764601e-06, 5.29675071448e-06, 4.96289567309e-06, 1.93327977627e-07, 8.26310770208e-06, 6.316665349e-06, 1.05036838249e-06, 8.75924058619e-07, 6.65180891701e-07, 5.98971212185e-07, 1.38428561058e-07, 2.44069099153e-07, 9.91670276562e-07, 2.7442771966e-07, 1.06551880208e-07, 1.02037951422e-07, 7.4679647355e-08, 5.45640403971e-08, 6.05574683732e-08, 6.53530491945e-08, 1.43108806583e-07, 2.20812424345e-07, 3.08682047034e-07, 1.69820268958e-09], "dvar2": [2.07451580536e-06, 0.00047024799278, 4.37073576904e-05, 2.4953897082e-05, 1.47894261318e-05, 1.09693564809e-05, 4.13983542558e-07, 1.66886711668e-05, 1.39780231621e-05, 2.20449305743e-06, 2.05670608011e-06, 1.31606282139e-06, 1.22984113204e-06, 2.74263015854e-07, 5.6314752328e-07, 2.25481380767e-06, 5.0466491075e-07, 2.43080080509e-07, 2.59302140648e-07, 1.89376862636e-07, 1.26530835587e-07, 1.34787214279e-07, 1.47477265955e-07, 2.98905860063e-07, 4.79305640511e-07, 7.69444568505e-07, 4.43073400191e-09], "max": [0.0074376296252, 0.151240125299, 0.0712259113789, 0.033721704036, 0.038432572037, 0.0555244758725, 0.0222333483398, 0.104563727975, 0.0739118456841, 0.0413007475436, 0.0430716983974, 0.0350107848644, 0.0293798726052, 0.0160097926855, 0.0198323912919, 0.0246279165149, 0.0328128412366, 0.0107772992924, 0.00825429800898, 0.00841924082488, 0.0056918268092, 0.00462497631088, 0.00640359846875, 0.0176440700889, 0.0194578599185, 0.0108259478584, 0.00108378636651], "mean": [0.000370001420379, 0.0121214631945, 0.00865768641233, 0.00294422078878, 0.00373288244009, 0.00302158039995, 0.000389713124605, 0.00144790066406, 0.00114787078928, 0.000761411967687, 0.000476827175589, 0.000563355511986, 0.000446114165243, 0.000167007616255, 0.000264884409262, 0.000785793992691, 0.000367885775631, 0.000304918561596, 0.000313267664751, 0.000215450083488, 0.000254128215602, 0.000213577324757, 0.000162499010912, 0.000133005232783, 0.000143228811794, 0.000109243264887, 6.60864179736e-06], "median": [3.44790714735e-05, 0.0060870856978, 0.00685956981033, 0.00160530791618, 0.00265781162307, 0.00135877658613, 0.000121897217468, 0.00027383203269, 0.000110160704935, 0.000159570510732, 7.0768634032e-05, 5.63539724681e-05, 7.84363073763e-05, 3.98901102017e-05, 5.64273723285e-05, 0.0001833049173, 0.00010289662896, 8.1033736933e-05, 9.18719597394e-05, 5.60311091249e-05, 6.89883308951e-05, 5.76441016165e-05, 3.90981367673e-05, 2.80725362245e-05, 2.58445197687e-05, 1.05426579466e-05, 8.63850914357e-07], "min": [7.54025123191e-24, 6.23589694083e-24, 5.12438916436e-24, 2.09283535978e-23, 2.34310132419e-23, 6.65328190472e-23, 2.16638938167e-23, 3.6596557436e-23, 1.40921771321e-22, 6.18661893e-23, 5.75911690389e-23, 1.03728885528e-22, 6.01513950187e-23, 8.72744208697e-23, 9.22992755093e-23, 1.39607087291e-22, 2.22819202664e-22, 1.82661727102e-22, 2.60435574235e-22, 3.29470521234e-22, 4.51985794743e-22, 6.90846515469e-22, 6.66472253354e-22, 7.17390460618e-22, 1.58470134881e-21, 1.5243073696e-21, 2.73304674914e-21], "var": [9.37317793159e-07, 0.00020899453375, 6.71085799695e-05, 1.29927211674e-05, 1.21703078548e-05, 3.35189033649e-05, 6.27865517799e-07, 2.2593050744e-05, 1.78660720849e-05, 3.65600385521e-06, 2.98846453006e-06, 4.47325783171e-06, 2.3731042802e-06, 3.10692627181e-07, 8.36336539578e-07, 2.81485381493e-06, 2.00227214009e-06, 4.14917622038e-07, 3.76736551289e-07, 2.04050209618e-07, 2.03360983164e-07, 1.52604172854e-07, 1.2716517972e-07, 2.46682077432e-07, 3.23547226344e-07, 2.69564452537e-07, 1.24718768646e-09]}, "erbbands": {"dmean": [0.22262583673, 1.40634953976, 3.30412697792, 4.07476472855, 4.82886552811, 6.01717567444, 10.2180023193, 7.58710765839, 2.45208573341, 5.13178777695, 15.7218914032, 14.9648084641, 6.75047588348, 11.5414237976, 8.97371768951, 9.70122814178, 9.49193668365, 5.83622217178, 4.87649297714, 15.3297863007, 15.7644805908, 6.5555729866, 7.97942066193, 5.97575712204, 7.53790569305, 4.2554974556, 4.12526607513, 4.82489156723, 4.07091283798, 2.90040493011, 2.34655570984, 1.48449897766, 1.47714555264, 1.07418942451, 0.733294010162, 0.577464640141, 0.198746979237, 0.0297334231436, 0.00109633337706, 3.58885336027e-05], "dmean2": [0.376428425312, 2.41995930672, 5.42515277863, 6.90250349045, 8.43032550812, 9.78785419464, 15.9706516266, 10.9146184921, 3.73939943314, 7.57081699371, 23.3634109497, 22.459815979, 9.96939468384, 17.3168411255, 14.2050905228, 14.0458021164, 14.1432199478, 8.8443441391, 7.47447776794, 23.7883071899, 23.5721912384, 9.96807479858, 12.5657062531, 9.56021595001, 12.3377799988, 6.97566747665, 6.7154507637, 7.55646896362, 6.38929128647, 4.38535308838, 3.64027404785, 2.24239349365, 2.18407392502, 1.58607006073, 1.08150410652, 0.882366776466, 0.326522767544, 0.048353780061, 0.00182181340642, 5.72354692849e-05], "dvar": [0.275669902563, 7.03240013123, 21.9004688263, 35.3540000916, 74.0080566406, 78.0402526855, 445.025634766, 368.748504639, 26.9466667175, 341.515960693, 5234.16308594, 4399.50585938, 442.778991699, 2332.74414062, 755.359558105, 1431.51538086, 1260.99255371, 357.19519043, 191.520614624, 1493.90771484, 1496.26623535, 282.645843506, 438.421630859, 219.838302612, 287.989318848, 96.8055953979, 65.2212753296, 126.574577332, 94.4206695557, 52.6767158508, 57.8997497559, 29.877243042, 66.0893249512, 33.8233833313, 10.6135473251, 6.56337404251, 1.01525259018, 0.0208490565419, 3.20307008224e-05, 1.6894912136e-08], "dvar2": [0.712639570236, 19.1363067627, 57.7587776184, 100.737098694, 240.771270752, 206.249679565, 1087.32653809, 708.334106445, 59.673324585, 650.020812988, 10924.5810547, 9738.56933594, 840.263000488, 5652.62353516, 1820.17956543, 2840.56665039, 2447.6171875, 710.768188477, 419.337219238, 3493.98803711, 3161.48754883, 588.007507324, 993.179260254, 544.142822266, 747.715515137, 242.709594727, 163.126220703, 293.716094971, 209.688278198, 107.609741211, 140.706848145, 65.8957214355, 138.465820312, 73.7618255615, 23.7083892822, 15.669713974, 2.63518452644, 0.0530721247196, 8.40725188027e-05, 4.26727879699e-08], "max": [5.37108421326, 30.5260162354, 66.376335144, 81.9583282471, 99.0235061646, 114.885009766, 393.835845947, 707.902038574, 202.24118042, 645.44354248, 2184.47290039, 1954.6887207, 852.083740234, 2500.09155273, 1159.45617676, 1775.37609863, 1645.55175781, 794.032409668, 392.755462646, 790.680175781, 1176.58288574, 787.402954102, 758.291992188, 432.428375244, 551.535217285, 308.022857666, 148.559646606, 327.89932251, 180.050582886, 147.227600098, 241.507720947, 209.865036011, 422.159088135, 268.73248291, 136.853286743, 59.6792068481, 24.1358776093, 3.03436803818, 0.152223721147, 0.00308191054501], "mean": [0.279127448797, 2.98926210403, 9.65784072876, 10.0384101868, 9.2281961441, 13.347990036, 24.2390098572, 25.1681556702, 6.84236049652, 13.0169944763, 34.2201309204, 33.5334587097, 18.2534599304, 26.3859539032, 19.6012554169, 26.7079906464, 21.8954372406, 11.5730228424, 10.2449579239, 30.8911933899, 34.4932670593, 16.1474323273, 18.9856338501, 12.5542383194, 16.9660224915, 9.01212310791, 9.07905673981, 10.6415872574, 8.34517192841, 5.73065710068, 4.24476957321, 2.69632530212, 2.30557632446, 1.59912741184, 1.04412043095, 0.599124372005, 0.167842671275, 0.0259258355945, 0.000901862396859, 6.91357854521e-05], "median": [0.155258983374, 1.53710961342, 7.3473610878, 7.95796871185, 5.64339017868, 6.89780855179, 11.8338012695, 7.42383527756, 3.09563446045, 2.53090047836, 7.14532709122, 4.50596189499, 5.86141872406, 4.69579792023, 4.3185300827, 3.39866161346, 4.56417751312, 2.92435932159, 3.25833272934, 7.73249673843, 9.78117752075, 5.40422344208, 4.99062919617, 4.22041702271, 3.98875880241, 2.6252810955, 2.44526481628, 2.79361343384, 2.14187669754, 1.65274906158, 0.996387243271, 0.632037162781, 0.431827127934, 0.303123950958, 0.170634195209, 0.0603300482035, 0.016247311607, 0.00332292658277, 0.000117054310977, 4.83422809339e-05], "min": [3.21371608176e-22, 1.01602729945e-21, 4.63470589683e-21, 4.52055174113e-20, 8.07608549908e-20, 7.36808610316e-20, 2.19211987163e-19, 6.58291010985e-19, 3.68365628002e-19, 3.31728945642e-19, 2.04281454654e-18, 3.01242242569e-18, 1.11897798281e-18, 2.58536437827e-18, 2.84415196881e-18, 3.79482299539e-18, 2.69290488894e-18, 4.11054170518e-18, 4.65035191472e-18, 6.31596569129e-18, 6.85329559976e-18, 1.30336169055e-17, 1.23221026123e-17, 1.12838329521e-17, 1.39846264557e-17, 1.57445160747e-17, 1.78878270686e-17, 1.69588155595e-17, 2.7934484856e-17, 2.32944284447e-17, 1.6828296385e-17, 1.37736077184e-17, 1.30357386238e-17, 1.52494964545e-17, 1.34602865916e-17, 5.64480499074e-18, 2.80048965376e-18, 1.25706741087e-18, 3.77486147285e-19, 4.41174744065e-20], "var": [0.219473481178, 10.9863700867, 70.8950119019, 69.7105255127, 116.89466095, 243.005111694, 1147.73779297, 4239.64892578, 99.6016998291, 1039.32385254, 14062.9882812, 14000.0078125, 1657.95532227, 8839.140625, 2437.99169922, 10608.0302734, 5378.68798828, 958.41607666, 656.48638916, 4051.78222656, 5883.65771484, 1617.84350586, 1724.2331543, 622.070983887, 1201.76220703, 287.777923584, 221.560424805, 412.903717041, 246.860015869, 127.777107239, 91.4979248047, 54.5936775208, 104.446472168, 49.5468864441, 14.8208799362, 6.66316747665, 0.778528511524, 0.0164125226438, 2.33094651776e-05, 1.48773926512e-08]}, "gfcc": {"mean": [3.44343328476, 86.1107788086, -81.3101119995, 48.5544586182, -46.0893630981, 18.375957489, -34.6563911438, 11.9922838211, -25.056602478, 1.78600299358, -23.9209213257, 4.97102022171, -10.1428623199], "cov": [[7856.73583984, 256.708190918, -1243.8137207, 295.016265869, -386.553283691, 108.869529724, -184.845153809, 137.378341675, -12.5713558197, -25.7480792999, -131.217071533, 57.6651573181, 131.155044556], [256.708190918, 1085.36071777, -67.3562240601, -267.360809326, 60.9089775085, -130.776519775, 1.28082716465, -45.3667831421, 155.368728638, -41.8436737061, 0.79399907589, -72.91746521, 19.5146827698], [-1243.8137207, -67.3562240601, 770.593566895, 78.5535125732, 3.65407729149, -52.0802726746, -10.0574855804, -45.2989692688, -14.3610839844, 44.5905952454, -5.03261232376, -1.7040296793, -11.0177536011], [295.016265869, -267.360809326, 78.5535125732, 455.397766113, 3.36622881889, -1.16145253181, -24.9480571747, -46.1617355347, -40.1563339233, 14.5393505096, 0.52627325058, -12.9010858536, 27.8452758789], [-386.553283691, 60.9089775085, 3.65407729149, 3.36622881889, 274.273925781, 55.1195526123, -10.8667650223, -72.2189102173, 7.13633489609, 23.3442001343, 19.9804210663, -33.5220527649, -49.2794914246], [108.869529724, -130.776519775, -52.0802726746, -1.16145253181, 55.1195526123, 180.064300537, 51.5109634399, -36.6546325684, -49.8525772095, 16.2316093445, 30.6184253693, -14.1707572937, -48.3263511658], [-184.845153809, 1.28082716465, -10.0574855804, -24.9480571747, -10.8667650223, 51.5109634399, 142.160186768, 20.1346263885, -39.7028121948, -14.7326126099, 37.815612793, 13.9303102493, -17.6846675873], [137.378341675, -45.3667831421, -45.2989692688, -46.1617355347, -72.2189102173, -36.6546325684, 20.1346263885, 144.901428223, 42.016002655, -36.6143379211, -36.7048912048, 29.5299797058, 43.6512947083], [-12.5713558197, 155.368728638, -14.3610839844, -40.1563339233, 7.13633489609, -49.8525772095, -39.7028121948, 42.016002655, 135.616821289, 18.0698204041, -47.6315917969, -41.9320602417, 16.8445453644], [-25.7480792999, -41.8436737061, 44.5905952454, 14.5393505096, 23.3442001343, 16.2316093445, -14.7326126099, -36.6143379211, 18.0698204041, 86.2226638794, 24.1032543182, -30.6261577606, -40.8465232849], [-131.217071533, 0.79399907589, -5.03261232376, 0.52627325058, 19.9804210663, 30.6184253693, 37.815612793, -36.7048912048, -47.6315917969, 24.1032543182, 101.930587769, 30.6796569824, -35.7054710388], [57.6651573181, -72.91746521, -1.7040296793, -12.9010858536, -33.5220527649, -14.1707572937, 13.9303102493, 29.5299797058, -41.9320602417, -30.6261577606, 30.6796569824, 100.133964539, 45.740650177], [131.155044556, 19.5146827698, -11.0177536011, 27.8452758789, -49.2794914246, -48.3263511658, -17.6846675873, 43.6512947083, 16.8445453644, -40.8465232849, -35.7054710388, 45.740650177, 107.272514343]], "icov": [[0.000422538316343, -0.000888150651008, 0.000714509631507, -0.000908549700398, 0.000699778902344, -0.00112927204464, 0.0010235500522, -0.00109446526039, 0.00131628836971, -0.00178667798173, 0.00185226660687, -0.00168077542912, 0.000827202806249], [-0.000888150651008, 0.00429471954703, -0.00145686860196, 0.00336637161672, -0.00167867541313, 0.00414015771821, -0.0032504608389, 0.00500245811418, -0.00592651031911, 0.00695856101811, -0.00678988918662, 0.00642765965313, -0.00361682008952], [0.000714509631507, -0.00145686860196, 0.00268203904852, -0.00171284377575, 0.00113356148358, -0.00113603670616, 0.00126310670748, -0.00127925234847, 0.00247291242704, -0.0040654768236, 0.00402416149154, -0.00345649174415, 0.00172620150261], [-0.000908549700398, 0.00336637161672, -0.00171284377575, 0.00545444712043, -0.00171585835051, 0.00353121827357, -0.00241325469688, 0.00416904035956, -0.00312523311004, 0.00499413441867, -0.00621100096032, 0.00713152065873, -0.00510087190196], [0.000699778902344, -0.00167867541313, 0.00113356148358, -0.00171585835051, 0.00592033052817, -0.00333385774866, 0.0021800568793, 0.000279257830698, 0.000483817566419, -0.00208080373704, 0.00292312167585, -0.00341985095292, 0.00303808297031], [-0.00112927204464, 0.00414015771821, -0.00113603670616, 0.00353121827357, -0.00333385774866, 0.0125564560294, -0.00615993654355, 0.00531265186146, -0.00288970838301, 0.00527110276744, -0.0059790876694, 0.00723186461255, -0.00207086047158], [0.0010235500522, -0.0032504608389, 0.00126310670748, -0.00241325469688, 0.0021800568793, -0.00615993654355, 0.0134557001293, -0.00748226093128, 0.00659857084975, -0.00307290395722, 0.000778062734753, -0.00275260210037, 0.00281187240034], [-0.00109446526039, 0.00500245811418, -0.00127925234847, 0.00416904035956, 0.000279257830698, 0.00531265186146, -0.00748226093128, 0.0190394725651, -0.0126885706559, 0.0104724289849, -0.00340584036894, 0.0013517702464, -0.0029748340603], [0.00131628836971, -0.00592651031911, 0.00247291242704, -0.00312523311004, 0.000483817566419, -0.00288970838301, 0.00659857084975, -0.0126885706559, 0.0239600967616, -0.0153889097273, 0.0107121253386, -0.000809971359558, -5.64900255995e-06], [-0.00178667798173, 0.00695856101811, -0.0040654768236, 0.00499413441867, -0.00208080373704, 0.00527110276744, -0.00307290395722, 0.0104724289849, -0.0153889097273, 0.0315613150597, -0.0180715098977, 0.0134769929573, -0.00147207267582], [0.00185226660687, -0.00678988918662, 0.00402416149154, -0.00621100096032, 0.00292312167585, -0.0059790876694, 0.000778062734753, -0.00340584036894, 0.0107121253386, -0.0180715098977, 0.0331078097224, -0.0230385959148, 0.0134397447109], [-0.00168077542912, 0.00642765965313, -0.00345649174415, 0.00713152065873, -0.00341985095292, 0.00723186461255, -0.00275260210037, 0.0013517702464, -0.000809971359558, 0.0134769929573, -0.0230385959148, 0.0355072617531, -0.0181870907545], [0.000827202806249, -0.00361682008952, 0.00172620150261, -0.00510087190196, 0.00303808297031, -0.00207086047158, 0.00281187240034, -0.0029748340603, -5.64900255995e-06, -0.00147207267582, 0.0134397447109, -0.0181870907545, 0.0242754798383]]}, "melbands": {"dmean": [0.00186783773825, 0.00166195095517, 0.000711942673661, 0.000347779889125, 0.000340334168868, 0.000166536279721, 3.64837505913e-05, 7.36779111321e-05, 0.000125442194985, 9.04793196241e-05, 3.24233151332e-05, 4.81790630147e-05, 2.90019070235e-05, 2.61283821601e-05, 2.18593249883e-05, 2.3048125513e-05, 1.03818692878e-05, 7.10769973011e-06, 1.28828260131e-05, 3.60731391993e-05, 1.52002503455e-05, 8.36730305309e-06, 7.18629962648e-06, 5.85875659453e-06, 5.27503289049e-06, 5.66549533687e-06, 5.83746896154e-06, 2.68596113528e-06, 2.62279991148e-06, 3.25408200297e-06, 3.04208651869e-06, 2.49143477049e-06, 2.16544617615e-06, 1.73747355348e-06, 1.44234786603e-06, 1.17413765111e-06, 9.12411508125e-07, 1.10345297344e-06, 9.9098224382e-07, 9.20071158816e-07], "dmean2": [0.00318165775388, 0.00276150554419, 0.00120810605586, 0.000584428664297, 0.00053559121443, 0.000242265334236, 5.54448124603e-05, 0.000107104031486, 0.000187743644346, 0.000135285765282, 4.80217931909e-05, 7.21457545296e-05, 4.59023285657e-05, 3.85873026971e-05, 3.23113381455e-05, 3.42801540683e-05, 1.5937795979e-05, 1.09209458969e-05, 2.0416411644e-05, 5.5238531786e-05, 2.27574182645e-05, 1.2770486137e-05, 1.11923582153e-05, 9.41772941587e-06, 8.54453810462e-06, 9.20021102502e-06, 9.78901698545e-06, 4.39123141405e-06, 4.33512195741e-06, 5.20085495737e-06, 4.81033384858e-06, 3.97793519369e-06, 3.42166504197e-06, 2.67541372523e-06, 2.28960539062e-06, 1.8555601855e-06, 1.40328461384e-06, 1.66407926372e-06, 1.48333128891e-06, 1.3849366951e-06], "dvar": [1.69538088812e-05, 5.96005293119e-06, 1.12823965992e-06, 2.27439528544e-07, 3.91167048974e-07, 1.59938736033e-07, 6.79634037937e-09, 8.77621175732e-08, 3.34658352585e-07, 1.62989167052e-07, 1.13765521448e-08, 3.88223853065e-08, 8.4747711071e-09, 7.95543364518e-09, 7.03742575325e-09, 6.85705803249e-09, 1.47559997554e-09, 5.3897059038e-10, 2.45203124472e-09, 8.73849170802e-09, 1.8906887167e-09, 5.47999312595e-10, 4.08467676349e-10, 1.8221213427e-10, 1.88665527645e-10, 1.71191394394e-10, 2.59261750957e-10, 3.57742724333e-11, 2.69480045917e-11, 5.41435264678e-11, 4.88018965517e-11, 3.23339341413e-11, 3.26976778986e-11, 2.10226662467e-11, 2.12673628708e-11, 1.6616253512e-11, 1.37820727053e-11, 3.35090011294e-11, 3.57694082687e-11, 2.44036214847e-11], "dvar2": [4.45453952125e-05, 1.58894126798e-05, 3.39054440701e-06, 6.65760580887e-07, 9.7376857866e-07, 3.18049558246e-07, 1.4667657311e-08, 1.63500246231e-07, 7.16179158644e-07, 3.55388038997e-07, 2.13218687151e-08, 9.28538810285e-08, 1.96413036946e-08, 1.62793050151e-08, 1.43476093228e-08, 1.30125217268e-08, 2.91787327633e-09, 1.11851317097e-09, 5.5153384082e-09, 1.99175751447e-08, 3.7110134965e-09, 1.07557562856e-09, 9.08143060752e-10, 4.37717501134e-10, 4.73634853559e-10, 4.28568625033e-10, 6.73992250899e-10, 9.12111566831e-11, 6.92533044799e-11, 1.32223954008e-10, 1.15148911239e-10, 7.5624763396e-11, 7.48706652232e-11, 4.46673843746e-11, 5.25445416344e-11, 4.11817316359e-11, 3.06705355557e-11, 7.15924472483e-11, 7.80481443363e-11, 5.40327609044e-11], "max": [0.0456562452018, 0.0301905516535, 0.0124392695725, 0.00561002502218, 0.0122068049386, 0.0136145278811, 0.00296282628551, 0.0119121074677, 0.0182282403111, 0.0125189311802, 0.00425147172064, 0.00949116703123, 0.00306526105851, 0.00396990031004, 0.00263418420218, 0.00295998854563, 0.00175895669963, 0.000849155709147, 0.00220671808347, 0.00238543772139, 0.00210401369259, 0.00130524323322, 0.000816144456621, 0.000426892889664, 0.000398610136472, 0.000556369661354, 0.000554607249796, 0.000154696841491, 8.54346726555e-05, 0.000172999236383, 0.000174291693838, 0.000103047372249, 0.000123141464428, 9.72190828179e-05, 0.000155113535584, 0.000129889987875, 0.000168616359588, 0.000314651115332, 0.000315665238304, 0.000215669308091], "mean": [0.00295851333067, 0.00483176717535, 0.0018143504858, 0.000740737596061, 0.000817072170321, 0.000536523817573, 9.70838736976e-05, 0.000176389148692, 0.000258453219431, 0.000203074479941, 8.47036935738e-05, 0.000107883686724, 5.79462757742e-05, 6.92226822139e-05, 4.93666339025e-05, 4.94829182571e-05, 1.74898777914e-05, 1.3227274394e-05, 2.42918704316e-05, 6.98380463291e-05, 3.32544477715e-05, 1.8885706595e-05, 1.63641689142e-05, 1.28537549244e-05, 9.63330057857e-06, 1.21768980534e-05, 1.12291299956e-05, 4.8204246923e-06, 5.03833598486e-06, 6.6784318733e-06, 6.00105749982e-06, 4.77601906823e-06, 3.8133932776e-06, 3.09667143483e-06, 2.45564820034e-06, 1.99198711925e-06, 1.57597742145e-06, 1.66535289736e-06, 1.47382183968e-06, 1.29953764372e-06], "median": [0.00166210881434, 0.00383419496939, 0.0014576202957, 0.000446097343229, 0.000511240214109, 0.000190597318579, 3.89044071198e-05, 3.53124305548e-05, 4.77840803796e-05, 2.25086259888e-05, 2.60524793703e-05, 1.35615628096e-05, 1.03535840026e-05, 9.59300086834e-06, 7.02328907209e-06, 7.96062340669e-06, 4.32556271335e-06, 4.05677064919e-06, 5.01046633872e-06, 1.46346601468e-05, 8.65516085469e-06, 5.58135843676e-06, 3.65256619261e-06, 4.07479819842e-06, 2.92421236736e-06, 2.97966653307e-06, 2.30616797126e-06, 1.45623653225e-06, 1.35339564622e-06, 1.58697730512e-06, 1.5737209651e-06, 1.18841967378e-06, 9.99505800792e-07, 8.61318312673e-07, 5.98780729888e-07, 4.06265314723e-07, 3.63017221616e-07, 2.96367602459e-07, 2.54534342048e-07, 2.45904146823e-07], "min": [3.12168569895e-24, 1.97262242415e-24, 8.62730234816e-24, 5.85944265609e-24, 6.44312557303e-24, 1.39707076988e-23, 5.45243736622e-24, 3.50531289868e-24, 2.36018394932e-23, 1.60475607366e-23, 5.5036036734e-24, 1.08024450882e-23, 8.67488012708e-24, 1.14297780456e-23, 7.19416611987e-24, 5.97575191353e-24, 8.27438806727e-24, 7.03354062894e-24, 8.07957492242e-24, 1.0476505906e-23, 6.01013126064e-24, 1.32712373559e-23, 1.2061307743e-23, 1.03470751307e-23, 8.63018642363e-24, 1.01855258836e-23, 1.14730234004e-23, 9.96717549593e-24, 1.15895113349e-23, 1.01687965104e-23, 9.26223045837e-24, 1.72991090732e-23, 1.23439092737e-23, 1.38572032363e-23, 8.2601357173e-24, 1.01018869061e-23, 7.59968637909e-24, 8.5525435779e-24, 1.06849892214e-23, 1.23710098013e-23], "var": [1.52262264237e-05, 1.55579164129e-05, 2.11204996958e-06, 6.28411385151e-07, 9.81447442427e-07, 1.64309915363e-06, 2.33015793327e-08, 2.42547912421e-07, 8.06075547644e-07, 5.62250932035e-07, 4.08707450106e-08, 1.46000616041e-07, 2.82787695483e-08, 5.65597026991e-08, 2.85891417207e-08, 3.06941778661e-08, 3.31012794952e-09, 1.53743950904e-09, 9.0941743025e-09, 2.43269990818e-08, 1.02044843686e-08, 3.56649554334e-09, 1.5908381279e-09, 6.05394845365e-10, 4.49056763996e-10, 7.36495919806e-10, 6.85449752513e-10, 8.23217813362e-11, 6.91817228504e-11, 1.67057798151e-10, 1.3275648636e-10, 8.15525633135e-11, 6.22933302163e-11, 4.49414845616e-11, 3.13349450554e-11, 2.37359593785e-11, 2.41747854374e-11, 5.28118972165e-11, 5.0154089215e-11, 3.43677308834e-11]}, "mfcc": {"mean": [-651.635620117, 114.598999023, 25.5423488617, 40.2894325256, 15.9170637131, 13.6252288818, 3.22217226028, 9.72092342377, 7.03888654709, -1.41866385937, -2.71844959259, -2.28268051147, 0.693914592266], "cov": [[6651.52734375, -430.413726807, -636.121765137, -15.0637559891, -130.070053101, -10.1819124222, -90.5578994751, 107.926216125, 52.2146072388, -39.7502975464, -124.670349121, -152.175720215, -6.56688451767], [-430.413726807, 1173.50891113, -42.9455070496, -153.5572052, 48.672580719, -57.8549842834, -108.933494568, -16.2733306885, 41.1725158691, 25.7834224701, 56.9026947021, -6.77218484879, -10.0475463867], [-636.121765137, -42.9455070496, 557.212890625, 136.14012146, -21.521686554, 2.16429710388, 2.08738803864, -40.7381858826, -0.566612362862, 1.60496151447, 1.80447494984, -15.831035614, -45.1969642639], [-15.0637559891, -153.5572052, 136.14012146, 323.781219482, 58.5289115906, 26.7650775909, 1.77565121651, -34.9295959473, -3.23769402504, -3.29096126556, -44.4990386963, 4.08576202393, -2.98818898201], [-130.070053101, 48.672580719, -21.521686554, 58.5289115906, 210.081878662, 87.8091125488, -19.6541385651, -45.0582275391, -0.227713435888, 16.2514858246, 1.96050083637, 3.77076220512, 25.983215332], [-10.1819124222, -57.8549842834, 2.16429710388, 26.7650775909, 87.8091125488, 233.200439453, 91.0891494751, -59.0850219727, -72.7418899536, 23.6873073578, 27.3395595551, 8.57029247284, 33.6921043396], [-90.5578994751, -108.933494568, 2.08738803864, 1.77565121651, -19.6541385651, 91.0891494751, 171.847732544, 32.0459709167, -71.6639480591, -37.3800125122, 9.60896587372, 34.7956809998, 26.8176231384], [107.926216125, -16.2733306885, -40.7381858826, -34.9295959473, -45.0582275391, -59.0850219727, 32.0459709167, 121.863754272, 39.1980018616, -32.1857414246, -22.2158107758, -1.34650349617, -1.14954817295], [52.2146072388, 41.1725158691, -0.566612362862, -3.23769402504, -0.227713435888, -72.7418899536, -71.6639480591, 39.1980018616, 133.801513672, 47.2121200562, -27.7287406921, -33.9854927063, -15.1713876724], [-39.7502975464, 25.7834224701, 1.60496151447, -3.29096126556, 16.2514858246, 23.6873073578, -37.3800125122, -32.1857414246, 47.2121200562, 119.270797729, 41.5246238708, -27.5275382996, -14.5577869415], [-124.670349121, 56.9026947021, 1.80447494984, -44.4990386963, 1.96050083637, 27.3395595551, 9.60896587372, -22.2158107758, -27.7287406921, 41.5246238708, 111.345458984, 37.182975769, -15.1322717667], [-152.175720215, -6.77218484879, -15.831035614, 4.08576202393, 3.77076220512, 8.57029247284, 34.7956809998, -1.34650349617, -33.9854927063, -27.5275382996, 37.182975769, 108.744232178, 43.1400108337], [-6.56688451767, -10.0475463867, -45.1969642639, -2.98818898201, 25.983215332, 33.6921043396, 26.8176231384, -1.14954817295, -15.1713876724, -14.5577869415, -15.1322717667, 43.1400108337, 89.4601745605]], "icov": [[0.000199729038286, 7.31465261197e-05, 0.000265621230938, -0.000129372419906, 0.000257092091488, -0.000256093160715, 0.000329475180479, -0.00017079373356, -3.93621885451e-05, 0.000234950857703, -9.55115756369e-05, 0.000341104896506, -7.55196815589e-05], [7.31465261197e-05, 0.00104128103703, 3.93326336052e-05, 0.000428707891842, -0.000284234556602, 7.70488986745e-05, 0.000631895905826, 1.78426416824e-05, -0.000183877433301, 0.000388098444091, -0.000667315849569, 0.000310889357934, -0.000209972800803], [0.000265621230938, 3.93326336052e-05, 0.00257747457363, -0.00119797023945, 0.000920969352592, -0.000373305258108, -0.000104262995592, 0.000935868534725, -0.000930579786655, 0.00109948008321, -0.000793556624558, 0.000820471497718, 0.000693691021297], [-0.000129372419906, 0.000428707891842, -0.00119797023945, 0.00464266445488, -0.00169584166724, 0.000374462746549, -0.000419851014158, 0.000787657452747, 0.000576541700866, -0.00147005356848, 0.00331634213217, -0.00229044049047, 0.00160001812037], [0.000257092091488, -0.000284234556602, 0.000920969352592, -0.00169584166724, 0.00772907491773, -0.00417894311249, 0.0027288289275, 0.000643321604002, -0.00202831276692, 0.00207572127692, -0.00120539055206, 0.000684505677782, -0.00162535265554], [-0.000256093160715, 7.70488986745e-05, -0.000373305258108, 0.000374462746549, -0.00417894311249, 0.0109467571601, -0.00680560478941, 0.00394415576011, 0.00261191721074, -0.00341800274327, -0.000475901644677, 0.00207218714058, -0.0021974183619], [0.000329475180479, 0.000631895905826, -0.000104262995592, -0.000419851014158, 0.0027288289275, -0.00680560478941, 0.0147587386891, -0.00816331990063, 0.00558784604073, 0.000553930120077, 0.000269524491159, -0.00177207763772, -0.000792263483163], [-0.00017079373356, 1.78426416824e-05, 0.000935868534725, 0.000787657452747, 0.000643321604002, 0.00394415576011, -0.00816331990063, 0.0174297317863, -0.009301927872, 0.00587977329269, -0.00178944831714, 0.0016482201172, -0.000230771518545], [-3.93621885451e-05, -0.000183877433301, -0.000930579786655, 0.000576541700866, -0.00202831276692, 0.00261191721074, 0.00558784604073, -0.009301927872, 0.020056841895, -0.0118611594662, 0.00758559349924, -0.00201105209999, 0.00106052483898], [0.000234950857703, 0.000388098444091, 0.00109948008321, -0.00147005356848, 0.00207572127692, -0.00341800274327, 0.000553930120077, 0.00587977329269, -0.0118611594662, 0.0208929199725, -0.0124136349186, 0.00780184753239, -0.00331255118363], [-9.55115756369e-05, -0.000667315849569, -0.000793556624558, 0.00331634213217, -0.00120539055206, -0.000475901644677, 0.000269524491159, -0.00178944831714, 0.00758559349924, -0.0124136349186, 0.0222008507699, -0.0123992254958, 0.00905432272702], [0.000341104896506, 0.000310889357934, 0.000820471497718, -0.00229044049047, 0.000684505677782, 0.00207218714058, -0.00177207763772, 0.0016482201172, -0.00201105209999, 0.00780184753239, -0.0123992254958, 0.0202297735959, -0.0109529858455], [-7.55196815589e-05, -0.000209972800803, 0.000693691021297, 0.00160001812037, -0.00162535265554, -0.0021974183619, -0.000792263483163, -0.000230771518545, 0.00106052483898, -0.00331255118363, 0.00905432272702, -0.0109529858455, 0.0195412952453]]}, "spectral_contrast_coeffs": {"dmean": [0.0443209409714, 0.046745415777, 0.0400752127171, 0.0315891429782, 0.0204026252031, 0.0161264650524], "dmean2": [0.0734222456813, 0.0741480067372, 0.0624195002019, 0.0498513430357, 0.0330168120563, 0.0263900533319], "dvar": [0.00137114617974, 0.00178668554872, 0.00131458032411, 0.000794725492597, 0.000306101923343, 0.000201545553864], "dvar2": [0.00366692338139, 0.0043231844902, 0.0029429232236, 0.00176743534394, 0.000731967098545, 0.000495259300806], "max": [-0.371272325516, -0.27533981204, -0.401293516159, -0.532468855381, -0.629534482956, -0.59774184227], "mean": [-0.629368960857, -0.615327954292, -0.714635491371, -0.756525814533, -0.794717550278, -0.768176913261], "median": [-0.630215764046, -0.610378623009, -0.720129013062, -0.762038230896, -0.796630263329, -0.772635817528], "min": [-0.965061366558, -0.972230613232, -0.961063444614, -0.963827908039, -0.960537672043, -0.959793448448], "var": [0.00499003892764, 0.0104457670823, 0.00909138936549, 0.00510211149231, 0.00212252885103, 0.00162044854369]}, "spectral_contrast_valleys": {"dmean": [0.348357260227, 0.394335031509, 0.376801967621, 0.339156866074, 0.27461373806, 0.285508573055], "dmean2": [0.568231701851, 0.632750451565, 0.588264942169, 0.520302474499, 0.40928825736, 0.390588581562], "dvar": [0.102332137525, 0.129349902272, 0.13384963572, 0.124593503773, 0.111064739525, 0.118461273611], "dvar2": [0.227398589253, 0.286052316427, 0.283986032009, 0.248037040234, 0.210545554757, 0.195641830564], "max": [-4.78573417664, -5.08488941193, -5.63274383545, -6.02836847305, -5.55660629272, -7.31491851807], "mean": [-6.7624