{"lowlevel": {"average_loudness": 0.846353232861, "barkbands_crest": {"dmean": 3.00121641159, "dmean2": 4.78075742722, "dvar": 10.305141449, "dvar2": 23.7653598785, "max": 26.9857654572, "mean": 15.2882394791, "median": 14.9013957977, "min": 2.23022818565, "var": 28.8817615509}, "barkbands_flatness_db": {"dmean": 0.0568217933178, "dmean2": 0.0828178301454, "dvar": 0.00381910474971, "dvar2": 0.00830824952573, "max": 0.7068811059, "mean": 0.275260806084, "median": 0.26648247242, "min": 0.0145120434463, "var": 0.0161496624351}, "barkbands_kurtosis": {"dmean": 22.4858913422, "dmean2": 35.5067443848, "dvar": 6408.67431641, "dvar2": 15941.7314453, "max": 2885.40625, "mean": 37.1897392273, "median": 7.60530090332, "min": -1.96588158607, "var": 23024.6464844}, "barkbands_skewness": {"dmean": 1.36351883411, "dmean2": 1.97737717628, "dvar": 3.42225456238, "dvar2": 7.25435113907, "max": 31.6267681122, "mean": 2.22752952576, "median": 2.06709837914, "min": -38.9975395203, "var": 15.8469696045}, "barkbands_spread": {"dmean": 6.55130720139, "dmean2": 10.3959264755, "dvar": 112.040252686, "dvar2": 260.109741211, "max": 144.878677368, "mean": 14.5398302078, "median": 7.26241540909, "min": 0.0215673651546, "var": 413.719970703}, "dissonance": {"dmean": 0.0463698357344, "dmean2": 0.0731185525656, "dvar": 0.00255834171548, "dvar2": 0.00599639583379, "max": 0.500000119209, "mean": 0.394239276648, "median": 0.424048036337, "min": 0.0207804497331, "var": 0.00879622623324}, "dynamic_complexity": 7.13495540619, "erbbands_crest": {"dmean": 3.3424949646, "dmean2": 5.05693006516, "dvar": 16.4688968658, "dvar2": 34.7394447327, "max": 33.8379135132, "mean": 15.7679758072, "median": 14.5225791931, "min": 2.46199989319, "var": 57.3584213257}, "erbbands_flatness_db": {"dmean": 0.0431561805308, "dmean2": 0.058897793293, "dvar": 0.00255892961286, "dvar2": 0.00510334735736, "max": 0.65799510479, "mean": 0.226769953966, "median": 0.200234040618, "min": 0.0303171947598, "var": 0.0122992517427}, "erbbands_kurtosis": {"dmean": 5.76180171967, "dmean2": 8.40800285339, "dvar": 158.249923706, "dvar2": 325.302947998, "max": 308.710174561, "mean": 9.96088886261, "median": 1.65642690659, "min": -1.87508928776, "var": 652.155700684}, "erbbands_skewness": {"dmean": 0.783301234245, "dmean2": 1.15503752232, "dvar": 0.946375668049, "dvar2": 2.12635660172, "max": 12.7451858521, "mean": 0.869479358196, "median": 0.640041351318, "min": -7.17929124832, "var": 3.70304107666}, "erbbands_spread": {"dmean": 11.2128667831, "dmean2": 16.3119258881, "dvar": 201.690734863, "dvar2": 431.819641113, "max": 157.440048218, "mean": 29.6683216095, "median": 24.8280582428, "min": 0.247322261333, "var": 592.770812988}, "hfc": {"dmean": 7.09946060181, "dmean2": 9.73666572571, "dvar": 308.322937012, "dvar2": 478.317993164, "max": 269.004882812, "mean": 12.7982282639, "median": 5.16266918182, "min": 5.66491230552e-15, "var": 639.645812988}, "melbands_crest": {"dmean": 3.61098051071, "dmean2": 5.64848518372, "dvar": 16.299161911, "dvar2": 34.7897949219, "max": 39.4859466553, "mean": 20.595905304, "median": 19.9666156769, "min": 3.28408241272, "var": 42.6752967834}, "melbands_flatness_db": {"dmean": 0.0634462088346, "dmean2": 0.0921111926436, "dvar": 0.00468592345715, "dvar2": 0.0103492289782, "max": 0.874505758286, "mean": 0.365212380886, "median": 0.363217830658, "min": 0.0239035710692, "var": 0.0226360671222}, "melbands_kurtosis": {"dmean": 27.3498916626, "dmean2": 41.3798446655, "dvar": 4138.47216797, "dvar2": 9163.16699219, "max": 1374.96862793, "mean": 41.642906189, "median": 15.0610313416, "min": -1.97278571129, "var": 6531.45410156}, "melbands_skewness": {"dmean": 1.51418483257, "dmean2": 2.13626003265, "dvar": 3.66197037697, "dvar2": 7.03790616989, "max": 30.378370285, "mean": 3.27574682236, "median": 2.77640271187, "min": -8.63829421997, "var": 14.5120658875}, "melbands_spread": {"dmean": 7.29710769653, "dmean2": 11.3482618332, "dvar": 174.16027832, "dvar2": 370.213562012, "max": 217.407485962, "mean": 15.6775827408, "median": 6.46154642105, "min": 0.256251126528, "var": 580.311889648}, "pitch_salience": {"dmean": 0.084902189672, "dmean2": 0.133720889688, "dvar": 0.00899054668844, "dvar2": 0.0205522328615, "max": 0.981537818909, "mean": 0.399321913719, "median": 0.41511580348, "min": 0.0146497497335, "var": 0.0252435375005}, "silence_rate_20dB": {"dmean": 0, "dmean2": 0, "dvar": 0, "dvar2": 0, "max": 1, "mean": 1, "median": 1, "min": 1, "var": 0}, "silence_rate_30dB": {"dmean": 0.0673114135861, "dmean2": 0.134455412626, "dvar": 0.0627777427435, "dvar2": 0.138812154531, "max": 1, "mean": 0.904273808002, "median": 1, "min": 0, "var": 0.0865618884563}, "silence_rate_60dB": {"dmean": 0.0920696333051, "dmean2": 0.183981433511, "dvar": 0.0835984051228, "dvar2": 0.164849579334, "max": 1, "mean": 0.274221628904, "median": 0, "min": 0, "var": 0.199020594358}, "spectral_centroid": {"dmean": 268.420166016, "dmean2": 418.847076416, "dvar": 176810.8125, "dvar2": 388204.34375, "max": 7510.51611328, "mean": 903.520874023, "median": 622.255371094, "min": 78.7049484253, "var": 644205.1875}, "spectral_complexity": {"dmean": 2.85299801826, "dmean2": 4.23118591309, "dvar": 35.3233413696, "dvar2": 57.3321800232, "max": 63, "mean": 6.14252567291, "median": 4, "min": 0, "var": 75.5297088623}, "spectral_decrease": {"dmean": 4.46433379153e-09, "dmean2": 6.7883876298e-09, "dvar": 7.42355358318e-17, "dvar2": 1.65617109629e-16, "max": 2.76897700892e-17, "mean": -9.47148315333e-09, "median": -3.77664299833e-09, "min": -9.26365544274e-08, "var": 1.55669912038e-16}, "spectral_energy": {"dmean": 0.0173524692655, "dmean2": 0.0262323208153, "dvar": 0.00109217315912, "dvar2": 0.00242118048482, "max": 0.355814278126, "mean": 0.0369083061814, "median": 0.015235687606, "min": 3.68852294545e-19, "var": 0.00231208931655}, "spectral_energyband_high": {"dmean": 0.000533400801942, "dmean2": 0.000722832686733, "dvar": 3.23247945744e-06, "dvar2": 5.84030522077e-06, "max": 0.0225106701255, "mean": 0.000531091820449, "median": 2.24423711188e-05, "min": 2.96600678828e-19, "var": 4.70131590191e-06}, "spectral_energyband_low": {"dmean": 0.0144649082795, "dmean2": 0.0226353220642, "dvar": 0.000884161505383, "dvar2": 0.00205658352934, "max": 0.317012012005, "mean": 0.0269215591252, "median": 0.00793254002929, "min": 6.67263360935e-23, "var": 0.00155579228885}, "spectral_energyband_middle_high": {"dmean": 0.00115952501073, "dmean2": 0.00161994062364, "dvar": 1.40016773003e-05, "dvar2": 3.04411169054e-05, "max": 0.0747597813606, "mean": 0.00267588277347, "median": 0.000370289664716, "min": 5.12753348188e-21, "var": 4.58960130345e-05}, "spectral_energyband_middle_low": {"dmean": 0.0038262384478, "dmean2": 0.00585397332907, "dvar": 7.56433801143e-05, "dvar2": 0.000179476817721, "max": 0.12946011126, "mean": 0.00859684217721, "median": 0.00191391922999, "min": 2.93761224057e-22, "var": 0.000170317158336}, "spectral_entropy": {"dmean": 0.508332550526, "dmean2": 0.730930328369, "dvar": 0.34537217021, "dvar2": 0.760809838772, "max": 9.90834999084, "mean": 6.60499811172, "median": 6.83237791061, "min": 2.42476582527, "var": 1.62090563774}, "spectral_flux": {"dmean": 0.0432542227209, "dmean2": 0.0668425932527, "dvar": 0.00360343349166, "dvar2": 0.00825848896056, "max": 0.522899806499, "mean": 0.0711179226637, "median": 0.0500065013766, "min": 1.65550991369e-05, "var": 0.00585190625861}, "spectral_kurtosis": {"dmean": 10.8468284607, "dmean2": 16.3150730133, "dvar": 688.885620117, "dvar2": 1463.19946289, "max": 453.92980957, "mean": 21.9731292725, "median": 5.66434288025, "min": -0.893071889877, "var": 2024.04406738}, "spectral_rms": {"dmean": 0.00132191786543, "dmean2": 0.00184453791007, "dvar": 3.73512261831e-06, "dvar2": 7.16338536222e-06, "max": 0.0186315830797, "mean": 0.00466671865433, "median": 0.00385539699346, "min": 1.89698690783e-11, "var": 1.42301078085e-05}, "spectral_rolloff": {"dmean": 483.837341309, "dmean2": 805.07232666, "dvar": 1948961.75, "dvar2": 4471595.5, "max": 20370.4101562, "mean": 1231.24230957, "median": 473.73046875, "min": 21.533203125, "var": 7613952.5}, "spectral_skewness": {"dmean": 0.793168902397, "dmean2": 1.16231226921, "dvar": 1.59720385075, "dvar2": 3.24236512184, "max": 18.1289958954, "mean": 2.93743491173, "median": 1.99522590637, "min": 0.383755892515, "var": 6.41573190689}, "spectral_spread": {"dmean": 988543.75, "dmean2": 1494790.625, "dvar": 1780910653440.0, "dvar2": 3649564311550.0, "max": 35091456, "mean": 4983781.5, "median": 4662388.5, "min": 215681.5625, "var": 8314509328380.0}, "spectral_strongpeak": {"dmean": 0.336535304785, "dmean2": 0.557215690613, "dvar": 0.718849599361, "dvar2": 1.68716979027, "max": 15.0805473328, "mean": 0.83136600256, "median": 0.493162602186, "min": 0, "var": 1.81322574615}, "zerocrossingrate": {"dmean": 0.0115921935067, "dmean2": 0.013267098926, "dvar": 0.000360509729944, "dvar2": 0.000395161187043, "max": 0.619140625, "mean": 0.0463947467506, "median": 0.02587890625, "min": 0.00146484375, "var": 0.0054355324246}, "barkbands": {"dmean": [0.00108481047209, 0.00774569017813, 0.00645892973989, 0.00197025272064, 0.000980950775556, 0.000388970918721, 0.000440354604507, 0.000246146926656, 0.00029766157968, 0.000121490083984, 9.28850204218e-05, 0.000104424769233, 0.00018960617308, 0.000242984911893, 6.46981643513e-05, 0.000106811981823, 7.80520276749e-05, 0.000157551956363, 0.000114686321467, 8.56449478306e-05, 0.00013572241005, 8.17188993096e-05, 7.78152680141e-05, 0.000108631196781, 6.62324673613e-05, 2.62252542598e-05, 1.65037290571e-05], "dmean2": [0.00156439503189, 0.0119194267318, 0.0107277799398, 0.00331160821952, 0.00155487027951, 0.00061002583243, 0.000561094726436, 0.000371986301616, 0.000413348781876, 0.000165012053913, 0.000140925738378, 0.000154158944497, 0.000209976016777, 0.00033153386903, 0.000116166578664, 0.000195764092496, 0.000124591082567, 0.000247341085924, 0.000193204730749, 0.000123506964883, 0.000198578039999, 0.000114438313176, 0.000101981058833, 0.000161522359122, 9.98319446808e-05, 4.03716985602e-05, 2.77613908111e-05], "dvar": [1.06202423922e-05, 0.000334362848662, 0.000250782992225, 3.24941647705e-05, 7.81826747698e-06, 9.10266010123e-07, 2.71874455393e-06, 1.68823692093e-06, 2.685923846e-06, 3.99301143261e-07, 2.34456450698e-07, 4.5515824354e-07, 5.47723004729e-07, 3.45486887454e-06, 8.24114962938e-08, 2.66668280346e-07, 9.99028770821e-08, 6.30685065062e-07, 2.80472647773e-07, 1.01043958978e-07, 3.23670633406e-07, 8.6085073292e-08, 5.90047051219e-08, 1.8068480756e-07, 7.03179310335e-08, 7.10292713535e-09, 6.12182748938e-09], "dvar2": [2.26067168114e-05, 0.00079088343773, 0.000644611776806, 8.33666126709e-05, 1.70674138644e-05, 2.13682324102e-06, 4.12143072026e-06, 4.0085915316e-06, 5.3537646636e-06, 5.78710398713e-07, 4.47409206572e-07, 7.30695489892e-07, 7.16336614914e-07, 6.42961413178e-06, 2.32043589676e-07, 7.6469382293e-07, 2.4887424388e-07, 1.60814386163e-06, 7.37570928777e-07, 1.69011670437e-07, 6.82402060193e-07, 1.44542838143e-07, 1.05293139541e-07, 3.99445127641e-07, 1.55692077897e-07, 1.79130523748e-08, 1.69877516498e-08], "max": [0.0491636395454, 0.241659641266, 0.197607398033, 0.0940259918571, 0.0381932333112, 0.015320179984, 0.0574183613062, 0.0416599400342, 0.0642443522811, 0.032625887543, 0.0270139202476, 0.0541467741132, 0.027813654393, 0.0575417689979, 0.00618045125157, 0.0064871055074, 0.00359907676466, 0.00975964684039, 0.00641105277464, 0.00408955896273, 0.00682752858847, 0.00360363023356, 0.00296509009786, 0.00546045368537, 0.00295307510532, 0.00152798567433, 0.00147562264465], "mean": [0.00138214905746, 0.0129208201542, 0.0108149768785, 0.00307464366779, 0.00276029505767, 0.000670527049806, 0.000887610018253, 0.000539984146599, 0.000642068567686, 0.000380949495593, 0.000175609573489, 0.000283388537355, 0.00057203124743, 0.000760023540352, 6.40278522042e-05, 8.2649414253e-05, 6.79575969116e-05, 0.000138320436236, 0.000105632003397, 9.17945872061e-05, 0.00012684171088, 9.20233869692e-05, 7.99155823188e-05, 9.63845304796e-05, 5.97865364398e-05, 2.52919908235e-05, 1.27398543555e-05], "median": [4.18205090682e-05, 0.00161444803234, 0.00103441649117, 0.000137424198329, 5.83283435844e-05, 4.52493768535e-05, 8.10239434941e-05, 3.12062584271e-05, 3.79879857064e-05, 1.94618532987e-05, 6.44006604489e-06, 3.55074939762e-06, 6.57879400023e-06, 3.23533004121e-06, 1.72498619122e-06, 1.6270961396e-06, 1.39494727591e-06, 2.17393653656e-06, 2.60350361714e-06, 4.11288237956e-06, 3.85383555113e-06, 3.56886448571e-06, 3.48944945472e-06, 3.12722272611e-06, 2.13159569284e-06, 7.72136161231e-07, 8.39461478108e-08], "min": [2.08491204084e-23, 4.15983110729e-23, 1.22108663043e-23, 1.6430281338e-23, 4.74008216374e-23, 5.75013588026e-23, 2.86524851512e-23, 4.53841302877e-23, 8.22535105345e-23, 8.65296036465e-23, 1.28564107468e-22, 1.90834136754e-22, 1.17135797493e-22, 2.8863794482e-22, 3.21286966556e-22, 3.64897065419e-22, 5.02146594563e-22, 9.08885599701e-22, 1.34159799529e-21, 2.14724333622e-21, 3.9528558288e-21, 6.44812652203e-21, 1.05686928161e-20, 1.98945354528e-20, 4.01980147833e-20, 7.97624803032e-20, 1.49836749853e-19], "var": [1.57795348059e-05, 0.000592215452343, 0.000355107651558, 5.17132320965e-05, 2.813510946e-05, 2.09209338209e-06, 9.18996374821e-06, 4.85639156977e-06, 7.32106082069e-06, 3.81170184482e-06, 1.24624216369e-06, 4.6349891818e-06, 3.48590015165e-06, 2.05573123822e-05, 7.04294578213e-08, 1.74120586394e-07, 9.98035218913e-08, 5.79469258355e-07, 2.69631982519e-07, 1.58833401542e-07, 3.83691258321e-07, 1.47338838019e-07, 9.2632241433e-08, 1.95372038547e-07, 7.34951299819e-08, 7.05600777806e-09, 4.24583834757e-09]}, "erbbands": {"dmean": [0.230186760426, 1.86293876171, 6.78071737289, 7.42710065842, 4.52060127258, 2.98797297478, 2.37252354622, 3.42746949196, 5.19665908813, 6.77138233185, 5.36722135544, 7.5718665123, 3.61822080612, 3.25817632675, 4.14239215851, 4.4055147171, 9.71025657654, 5.35674190521, 11.1224889755, 3.72366833687, 6.57717084885, 5.11524534225, 9.16396617889, 4.64938783646, 6.93628406525, 3.49290108681, 5.58173704147, 4.46589422226, 3.13189673424, 2.13650631905, 2.46350193024, 2.36419510841, 1.55371558666, 0.886487066746, 0.40186855197, 0.126972958446, 0.0437419563532, 0.0177605897188, 0.00316236703657, 0.000115482718684], "dmean2": [0.334841310978, 2.95372772217, 11.2322292328, 12.1417350769, 7.43997812271, 4.68791341782, 3.69256210327, 5.43735361099, 6.89855527878, 8.94578742981, 7.7919960022, 10.554646492, 5.18051099777, 4.33338260651, 6.4655547142, 6.25752830505, 10.5331678391, 7.71943473816, 15.3224372864, 6.29609251022, 11.8713417053, 8.41618919373, 14.6996202469, 7.66075801849, 10.8047294617, 5.257853508, 8.33430767059, 6.23054790497, 4.609603405, 2.98075819016, 3.2651746273, 3.48162698746, 2.26860785484, 1.36495471001, 0.601692438126, 0.188850596547, 0.0684477984905, 0.0285705402493, 0.00544941378757, 0.000188811740372], "dvar": [0.375016599894, 20.1215496063, 272.237304688, 299.985931396, 185.825500488, 75.3973007202, 45.437538147, 77.3507232666, 497.060821533, 695.659362793, 547.457275391, 1860.95141602, 249.212860107, 200.911193848, 307.688079834, 627.715637207, 1526.10644531, 748.26385498, 6524.79833984, 217.788970947, 1046.5111084, 474.58026123, 2244.16625977, 490.254882812, 998.070983887, 158.223434448, 530.146240234, 330.789978027, 143.701431274, 47.3359146118, 60.3859825134, 75.691734314, 36.5408477783, 13.6020975113, 2.53850007057, 0.159863784909, 0.0282181818038, 0.00653540063649, 0.000237228465267, 1.81199155236e-07], "dvar2": [0.877005159855, 48.9851379395, 699.538391113, 735.159240723, 458.767364502, 153.971038818, 105.859695435, 188.852661133, 751.612548828, 1259.88391113, 1220.09570312, 3697.59594727, 454.427124023, 263.93838501, 647.967529297, 1033.81408691, 1943.22570801, 1430.22094727, 12200.9208984, 546.58770752, 2954.91918945, 1227.66088867, 5888.20263672, 1291.69055176, 2330.37670898, 259.475982666, 1139.71057129, 654.755493164, 236.266799927, 77.0123596191, 108.961540222, 164.727005005, 77.9249191284, 31.9141578674, 5.40065193176, 0.348023831844, 0.0732703655958, 0.0172047689557, 0.000670994166285, 5.02113948642e-07], "max": [8.60781860352, 59.9315757751, 212.68649292, 246.004501343, 232.620986938, 128.866989136, 158.78918457, 163.059310913, 893.796325684, 832.130615234, 702.122619629, 1719.05566406, 699.840942383, 883.845397949, 882.411621094, 1980.63220215, 1448.80114746, 784.444091797, 2470.25219727, 452.681945801, 351.558074951, 252.198745728, 574.845275879, 272.162994385, 389.802612305, 147.645095825, 280.511199951, 215.799926758, 141.629516602, 79.2395019531, 96.2224655151, 112.682617188, 76.8120117188, 44.1919708252, 16.3195781708, 4.24496126175, 3.41948199272, 1.5547041893, 0.29437237978, 0.00784997269511], "mean": [0.342966735363, 3.06376051903, 11.440372467, 12.532743454, 9.59060382843, 9.57389640808, 4.53805685043, 5.91220617294, 9.99080276489, 14.3550252914, 12.1878633499, 15.3802709579, 10.8616628647, 9.75607395172, 8.69708919525, 12.1682729721, 30.5152683258, 13.7004795074, 32.917881012, 5.4870929718, 4.70038986206, 4.45726823807, 7.77924871445, 4.19739151001, 6.87403917313, 3.98562216759, 5.15517377853, 4.29529523849, 3.6046872139, 2.39159035683, 2.50365138054, 2.11417889595, 1.41821682453, 0.775586307049, 0.370291739702, 0.126873061061, 0.0420138984919, 0.0153310550377, 0.00234060245566, 0.000117499788757], "median": [0.0252677574754, 0.431680887938, 1.32768416405, 1.13230645657, 0.372249782085, 0.173239976168, 0.317564934492, 0.486748188734, 0.922694921494, 1.62347185612, 1.22667384148, 1.21232497692, 0.713188707829, 0.934144616127, 0.568084061146, 0.55011510849, 0.497899770737, 0.345243602991, 0.221813037992, 0.125691980124, 0.105625368655, 0.100185222924, 0.119599848986, 0.13697168231, 0.160963580012, 0.197015345097, 0.189362287521, 0.127012744546, 0.132607072592, 0.111095823348, 0.0984375029802, 0.0726811438799, 0.0462854318321, 0.0282506290823, 0.0125013170764, 0.00458593573421, 0.00116543460172, 0.000176200803253, 3.93940390495e-05, 3.12433221552e-05], "min": [9.03338178354e-22, 1.00207244344e-20, 1.59984646845e-20, 3.45017744354e-20, 6.22196144851e-20, 2.12609728781e-19, 2.79726995663e-19, 4.72631201377e-19, 5.18459178661e-19, 5.87785857884e-19, 1.34138110353e-18, 1.44341889857e-18, 2.23802627597e-18, 4.05404651012e-18, 7.25677693177e-18, 6.11244451902e-18, 5.15571253329e-18, 1.23492581247e-17, 1.55616611828e-17, 1.83019930926e-17, 2.20757548288e-17, 2.94078490369e-17, 4.49197619233e-17, 5.99932922461e-17, 7.81900613473e-17, 1.04105312301e-16, 1.33257737891e-16, 1.75869517013e-16, 2.19236015726e-16, 2.65574660406e-16, 3.15903267019e-16, 3.51392094624e-16, 3.73491316567e-16, 3.7362551835e-16, 3.28751856856e-16, 2.51074938656e-16, 1.56716169782e-16, 7.24728337988e-17, 2.02565679405e-17, 2.30484716663e-18], "var": [0.541441082954, 34.3597602844, 365.212341309, 495.947540283, 434.964233398, 351.190948486, 96.6840515137, 174.673690796, 1550.84985352, 2364.24584961, 1753.71960449, 4392.50390625, 2185.50488281, 1975.51208496, 1516.33984375, 6060.73974609, 10563.2988281, 3895.65039062, 38452.8632812, 345.532989502, 677.577148438, 451.259277344, 1928.35559082, 441.051208496, 1161.7322998, 264.622894287, 606.73046875, 430.615844727, 240.019195557, 87.3351745605, 91.2685623169, 86.3483810425, 41.3340911865, 12.9925909042, 2.76085639, 0.18443505466, 0.026367623359, 0.00536505831406, 0.000154219756951, 1.28118500697e-07]}, "gfcc": {"mean": [-161.493453979, 103.769386292, -67.4453125, 20.7297916412, -48.9489250183, 21.7579307556, -18.3984336853, 8.562748909, -14.8986110687, 3.9515850544, -10.6911582947, -6.58735466003, -13.9487781525], "cov": [[36619.1054688, -999.610046387, -429.560150146, 3740.85180664, -659.979370117, 1246.57714844, -745.116943359, -365.706695557, -693.420166016, 634.633544922, 335.253082275, -448.932678223, -710.357971191], [-999.610046387, 4538.47558594, 776.276123047, -665.184448242, 292.752044678, -529.121643066, -16.396062851, -479.744812012, 215.647720337, -468.365997314, 7.89713954926, -311.985626221, 184.533599854], [-429.560150146, 776.276123047, 1560.51928711, 221.318527222, 111.890365601, -170.66355896, 38.2331733704, -228.403793335, -12.740363121, -71.707069397, 46.001209259, -53.2077178955, -7.21502065659], [3740.85180664, -665.184448242, 221.318527222, 1476.45043945, 129.545501709, 60.735458374, -268.745910645, 16.6652507782, -141.428512573, 52.8842124939, 48.1910018921, -34.1607589722, -126.678024292], [-659.979370117, 292.752044678, 111.890365601, 129.545501709, 513.756652832, 70.0940475464, -81.6679458618, -162.029922485, 47.3051452637, -9.04642391205, -18.7443370819, -50.8371505737, 26.9143791199], [1246.57714844, -529.121643066, -170.66355896, 60.735458374, 70.0940475464, 499.191833496, 156.733825684, -56.841381073, -131.971740723, 117.724205017, 70.2473220825, 20.0384120941, -29.5175895691], [-745.116943359, -16.396062851, 38.2331733704, -268.745910645, -81.6679458618, 156.733825684, 460.082794189, 205.542984009, 2.56788563728, -103.178199768, -5.00367116928, 37.2835121155, 34.2608261108], [-365.706695557, -479.744812012, -228.403793335, 16.6652507782, -162.029922485, -56.841381073, 205.542984009, 477.195251465, 165.488952637, -22.4535427094, -110.754074097, 52.0625495911, 22.0160636902], [-693.420166016, 215.647720337, -12.740363121, -141.428512573, 47.3051452637, -131.971740723, 2.56788563728, 165.488952637, 359.922912598, 114.41582489, -43.9575309753, -57.7130203247, 33.0085296631], [634.633544922, -468.365997314, -71.707069397, 52.8842124939, -9.04642391205, 117.724205017, -103.178199768, -22.4535427094, 114.41582489, 374.639129639, 123.910598755, -10.3152046204, -123.56640625], [335.253082275, 7.89713954926, 46.001209259, 48.1910018921, -18.7443370819, 70.2473220825, -5.00367116928, -110.754074097, -43.9575309753, 123.910598755, 216.282012939, 30.242773056, -89.4963150024], [-448.932678223, -311.985626221, -53.2077178955, -34.1607589722, -50.8371505737, 20.0384120941, 37.2835121155, 52.0625495911, -57.7130203247, -10.3152046204, 30.242773056, 160.249343872, 47.3751831055], [-710.357971191, 184.533599854, -7.21502065659, -126.678024292, 26.9143791199, -29.5175895691, 34.2608261108, 22.0160636902, 33.0085296631, -123.56640625, -89.4963150024, 47.3751831055, 227.150115967]], "icov": [[5.78850485908e-05, -5.51408375031e-05, 3.09642782668e-05, -0.00017186209152, 0.000205183212529, -0.000225461204536, 6.19428246864e-05, 5.46085539099e-05, -3.47638415406e-05, -3.77287833544e-05, 0.000109872627945, 2.89229537884e-05, 8.44958049129e-05], [-5.51408375031e-05, 0.0006231162115, -0.000116156908916, 0.000329709087964, -0.000258915679296, 0.000521072943229, -0.000153836139361, 0.000540735025425, -0.000640642130747, 0.0010334206745, -0.000878977647517, 0.000895673234481, -0.000307140231598], [3.09642782668e-05, -0.000116156908916, 0.00106939440593, -0.000652445829473, 0.000163870776305, 0.000832584744785, -0.00145436951425, 0.00151956756599, -0.000296862679534, -0.000597973004915, 0.000766514218412, -0.000461805320811, 0.000138331786729], [-0.00017186209152, 0.000329709087964, -0.000652445829473, 0.00196738261729, -0.00118894630577, -9.12769974093e-05, 0.00187126349192, -0.00227621034719, 0.00109522370622, 0.000876662146766, -0.00181239726953, 0.00118461274542, -0.000304871064145], [0.000205183212529, -0.000258915679296, 0.000163870776305, -0.00118894630577, 0.00382456742227, -0.00192556821276, 0.000142434568261, 0.00236742594279, -0.00255624670535, 0.000960687466431, 0.0015322836116, -0.000897882971913, 0.000924866646528], [-0.000225461204536, 0.000521072943229, 0.000832584744785, -9.12769974093e-05, -0.00192556821276, 0.00680202525109, -0.00478767603636, 0.00195927172899, 0.00270923809148, -0.00378599110991, 0.000477832043543, 0.00087592494674, -0.00195620558225], [6.19428246864e-05, -0.000153836139361, -0.00145436951425, 0.00187126349192, 0.000142434568261, -0.00478767603636, 0.00855011958629, -0.00605168752372, 0.000321020866977, 0.00395538657904, -0.0038150344044, 0.00141812476795, 0.000280128238956], [5.46085539099e-05, 0.000540735025425, 0.00151956756599, -0.00227621034719, 0.00236742594279, 0.00195927172899, -0.00605168752372, 0.0107138957828, -0.0058878432028, 0.000360215693945, 0.00510014547035, -0.0040723499842, 0.00226912065409], [-3.47638415406e-05, -0.000640642130747, -0.000296862679534, 0.00109522370622, -0.00255624670535, 0.00270923809148, 0.000321020866977, -0.0058878432028, 0.0104761887342, -0.00627171620727, -0.000664880615659, 0.00411582877859, -0.00386417051777], [-3.77287833544e-05, 0.0010334206745, -0.000597973004915, 0.000876662146766, 0.000960687466431, -0.00378599110991, 0.00395538657904, 0.000360215693945, -0.00627171620727, 0.0105462083593, -0.00445441203192, -4.30889194831e-05, 0.00317740440369], [0.000109872627945, -0.000878977647517, 0.000766514218412, -0.00181239726953, 0.0015322836116, 0.000477832043543, -0.0038150344044, 0.00510014547035, -0.000664880615659, -0.00445441203192, 0.0119345681742, -0.00572166638449, 0.00360189261846], [2.89229537884e-05, 0.000895673234481, -0.000461805320811, 0.00118461274542, -0.000897882971913, 0.00087592494674, 0.00141812476795, -0.0040723499842, 0.00411582877859, -4.30889194831e-05, -0.00572166638449, 0.0128432661295, -0.00514467479661], [8.44958049129e-05, -0.000307140231598, 0.000138331786729, -0.000304871064145, 0.000924866646528, -0.00195620558225, 0.000280128238956, 0.00226912065409, -0.00386417051777, 0.00317740440369, 0.00360189261846, -0.00514467479661, 0.00890664476901]]}, "melbands": {"dmean": [0.00203642831184, 0.00315693207085, 0.00119691481814, 0.000273270474281, 8.34622696857e-05, 7.5180476415e-05, 8.19601264084e-05, 7.15315618436e-05, 4.605677168e-05, 4.35334295616e-05, 1.79624930752e-05, 1.42280123328e-05, 1.42399085235e-05, 1.1448616533e-05, 2.03386316571e-05, 1.39608009704e-05, 1.13257583507e-05, 2.35209990933e-05, 5.00709893458e-06, 4.11894734498e-06, 8.80187781149e-06, 4.64415734314e-06, 6.48784362056e-06, 8.56698261487e-06, 3.05372827825e-06, 4.55452800452e-06, 4.59760167359e-06, 1.91119875126e-06, 3.10901236844e-06, 3.92174115404e-06, 2.18196873902e-06, 1.8033726974e-06, 1.49791208059e-06, 1.17750471418e-06, 1.43022430166e-06, 1.63704419265e-06, 1.26371503484e-06, 1.08174037905e-06, 1.02821309156e-06, 6.5164613261e-07], "dmean2": [0.00301495287567, 0.00514101283625, 0.00195940560661, 0.000435999972979, 0.000130920408992, 0.00011815509788, 0.000107624655357, 9.73350106506e-05, 6.57039418002e-05, 6.13183437963e-05, 2.57734936895e-05, 1.85919670912e-05, 2.15825257328e-05, 1.80311471922e-05, 2.29904271691e-05, 1.59207247634e-05, 1.64074772329e-05, 3.18521597364e-05, 9.04661374079e-06, 6.91239392836e-06, 1.5997349692e-05, 7.40180712455e-06, 9.82944948191e-06, 1.44518890011e-05, 5.02043894812e-06, 7.56777126298e-06, 6.72985743222e-06, 2.86862587018e-06, 4.55847521152e-06, 6.12193571214e-06, 3.09573238155e-06, 2.70759164778e-06, 2.43464364758e-06, 1.64396112723e-06, 1.92862535187e-06, 2.36390155806e-06, 1.88273429558e-06, 1.5386275436e-06, 1.58106388426e-06, 1.02581668671e-06], "dvar": [2.42030073423e-05, 5.30705583515e-05, 7.80462596595e-06, 6.17137345671e-07, 5.43645874984e-08, 3.58452538762e-08, 1.13666075663e-07, 8.12618949908e-08, 3.8531705826e-08, 5.58474866352e-08, 7.32364835443e-09, 4.45993730835e-09, 5.32060573377e-09, 2.73044165056e-09, 1.49343417633e-08, 2.52090304187e-09, 4.30957314279e-09, 3.40670034404e-08, 5.1014820146e-10, 2.22168880515e-10, 1.9837897991e-09, 3.62287672084e-10, 7.70385089055e-10, 2.34376229535e-09, 1.93548940763e-10, 3.73936909215e-10, 4.44797365606e-10, 3.72700724449e-11, 1.48365666974e-10, 3.14369530408e-10, 7.9261437691e-11, 5.19979788394e-11, 2.8714669531e-11, 1.5962875119e-11, 2.32711315495e-11, 3.36183927918e-11, 2.03318421127e-11, 1.72230996826e-11, 1.82524828585e-11, 7.55850503714e-12], "dvar2": [5.55723090656e-05, 0.000133479712531, 1.91679537238e-05, 1.37224287755e-06, 1.25695919451e-07, 8.56780033587e-08, 1.70988414538e-07, 1.64654096579e-07, 8.14329368382e-08, 1.1169746017e-07, 1.29518973324e-08, 5.80639003545e-09, 1.01929131802e-08, 6.43499742381e-09, 1.97659097978e-08, 3.27027160907e-09, 8.04501354423e-09, 6.3549805418e-08, 1.45284850817e-09, 5.37475397522e-10, 5.58860913102e-09, 9.0038215772e-10, 1.78132697481e-09, 6.39254826851e-09, 5.09705777585e-10, 9.15434283932e-10, 8.8651680441e-10, 6.37948582849e-11, 3.15036219334e-10, 7.00742852633e-10, 1.57579893578e-10, 8.35561689283e-11, 6.34028593516e-11, 3.01042385464e-11, 4.54105225645e-11, 7.26966056797e-11, 4.4236392327e-11, 3.58907834008e-11, 4.04364874917e-11, 1.8741591612e-11], "max": [0.064936555922, 0.0882974788547, 0.0366101786494, 0.0104706399143, 0.0053696827963, 0.0033010286279, 0.0134191671386, 0.00768803944811, 0.00586521299556, 0.00921945739537, 0.00403053825721, 0.0039049461484, 0.00414421549067, 0.00138776050881, 0.00974021200091, 0.00193488760851, 0.00198525749147, 0.00568780256435, 0.000415312126279, 0.000402494420996, 0.000480206188513, 0.000220838279347, 0.000346389308106, 0.000571373151615, 0.000171815030626, 0.000237224725424, 0.000252628145972, 7.60421607993e-05, 0.000155365894898, 0.00020286772633, 0.000102910264104, 8.08287513792e-05, 6.58738063066e-05, 4.96888860653e-05, 5.94859084231e-05, 8.04059382062e-05, 5.38451531611e-05, 5.65231021028e-05, 5.14431667398e-05, 3.35713084496e-05], "mean": [0.0033999402076, 0.00547503679991, 0.00210666796193, 0.000757068395615, 0.000187892714166, 0.000130219283164, 0.00015966038336, 0.00015640858328, 0.000100906632724, 8.88357972144e-05, 5.56309714739e-05, 4.4622898713e-05, 2.9636101317e-05, 2.59056723735e-05, 6.78070427966e-05, 3.94773014705e-05, 2.91415253741e-05, 7.35770954634e-05, 5.00476517118e-06, 5.1010192692e-06, 5.8813443502e-06, 4.06057597502e-06, 6.45566524327e-06, 6.49888033877e-06, 2.84432917397e-06, 4.37016387878e-06, 4.90064940095e-06, 2.10911252907e-06, 2.86998010779e-06, 3.54426242666e-06, 2.11524979932e-06, 2.08696133086e-06, 1.60962849804e-06, 1.21806635889e-06, 1.44935791013e-06, 1.49391939885e-06, 1.13208443508e-06, 1.01313617051e-06, 8.96346364243e-07, 5.64504034628e-07], "median": [0.000391165493056, 0.000887491507456, 0.000183223368367, 1.54943027155e-05, 1.11712251964e-05, 9.94467154669e-06, 1.42478056659e-05, 1.48223207361e-05, 8.9799905254e-06, 5.22816617377e-06, 2.51410324381e-06, 3.24881216329e-06, 1.26702298076e-06, 4.67048550945e-07, 7.63328330322e-07, 6.56000281651e-07, 2.41585837557e-07, 2.21507349352e-07, 1.19765360296e-07, 1.19389596875e-07, 8.13763776364e-08, 7.91136329781e-08, 9.82573240549e-08, 1.02215416575e-07, 1.01515816198e-07, 1.02642850663e-07, 1.31887262e-07, 1.17852671622e-07, 1.25953903307e-07, 7.50771462776e-08, 6.86603556233e-08, 7.23920905443e-08, 6.43457767069e-08, 5.55278170111e-08, 5.24151673176e-08, 5.21121421571e-08, 4.04053039915e-08, 3.44266304353e-08, 2.65994923865e-08, 2.15971454054e-08], "min": [1.08883544074e-23, 1.11413657655e-23, 7.35365959541e-24, 8.49070477154e-24, 1.07139419944e-23, 1.11474100178e-23, 7.58500725537e-24, 6.72068470481e-24, 1.13574024241e-23, 1.02474080773e-23, 1.16848885626e-23, 1.62505567357e-23, 2.01218868949e-23, 2.47417734779e-23, 1.00636563401e-23, 1.18215090162e-23, 2.55451320689e-23, 2.62627888111e-23, 2.57043052669e-23, 2.42398007735e-23, 2.59922268755e-23, 2.88423008623e-23, 3.53006893161e-23, 4.34753487989e-23, 4.7831044287e-23, 5.57570989887e-23, 5.82885347009e-23, 7.14972532523e-23, 7.71883671908e-23, 9.38813833864e-23, 1.03421942905e-22, 1.19346311967e-22, 1.3284659982e-22, 1.52933421848e-22, 1.7514654587e-22, 1.96680959213e-22, 2.2141813521e-22, 2.50603590566e-22, 2.83241555627e-22, 3.25203275986e-22], "var": [4.23670753662e-05, 7.47787562432e-05, 1.27341636471e-05, 2.13544421968e-06, 1.36966136211e-07, 8.28413817544e-08, 3.58593467809e-07, 2.52601296324e-07, 1.11164283112e-07, 1.40757975942e-07, 6.59133121417e-08, 4.50318857759e-08, 2.91607413772e-08, 1.37121407562e-08, 1.58676030537e-07, 1.5359404415e-08, 2.39488215925e-08, 2.02413488637e-07, 4.38659303326e-10, 3.23415738634e-10, 1.26512555987e-09, 3.63654106827e-10, 9.41903111062e-10, 1.69362524005e-09, 1.81946693822e-10, 4.20749213248e-10, 5.98729787971e-10, 6.26612928212e-11, 1.7312937195e-10, 3.36380479027e-10, 1.02413119651e-10, 8.51920409217e-11, 4.1014001223e-11, 2.46246720931e-11, 3.2254258292e-11, 3.96515043022e-11, 2.34116268039e-11, 2.05676274623e-11, 1.85000886138e-11, 6.6845500489e-12]}, "mfcc": {"mean": [-805.68371582, 127.284049988, 43.4474830627, 21.5805492401, 3.77415513992, 11.6598529816, 10.2449369431, 7.43608379364, 3.8579120636, 9.62467193604, 6.33812952042, 5.78975915909, 1.79901599884], "cov": [[20050.9355469, 256.473724365, 285.785644531, 1074.16345215, 466.855865479, 925.47253418, 366.75994873, -115.510284424, -390.996582031, 181.872772217, 217.593948364, 152.456436157, -373.348510742], [256.473724365, 3703.50952148, 934.400268555, 248.792358398, 200.288955688, 115.483108521, -47.3092308044, -116.58266449, -105.232070923, -74.5961608887, -86.8910980225, -136.861206055, -131.355712891], [285.785644531, 934.400268555, 1231.21398926, 390.458312988, 63.1753082275, 107.556289673, 28.8426761627, -85.6010055542, -119.603141785, -74.4448394775, -30.6124210358, 26.1791973114, -0.9607873559], [1074.16345215, 248.792358398, 390.458312988, 699.129577637, 353.489318848, 44.7217254639, -36.0240135193, 3.63698482513, -30.0851459503, -42.7603683472, -37.8992958069, 13.6203832626, 34.5374832153], [466.855865479, 200.288955688, 63.1753082275, 353.489318848, 419.906616211, 179.443313599, -21.2801570892, -73.253288269, -43.1712417603, -3.63369679451, -30.8461322784, -43.4852905273, -0.752320051193], [925.47253418, 115.483108521, 107.556289673, 44.7217254639, 179.443313599, 400.687255859, 187.425827026, -71.190864563, -120.89553833, -7.35151958466, 48.4075813293, 13.0866012573, -64.0141143799], [366.75994873, -47.3092308044, 28.8426761627, -36.0240135193, -21.2801570892, 187.425827026, 280.100280762, 130.263763428, -29.9032516479, -39.3428153992, 16.4373397827, 31.3300056458, -32.7070426941], [-115.510284424, -116.58266449, -85.6010055542, 3.63698482513, -73.253288269, -71.190864563, 130.263763428, 292.703735352, 179.657470703, 17.5086898804, -37.3923187256, -20.5108261108, 21.4409885406], [-390.996582031, -105.232070923, -119.603141785, -30.0851459503, -43.1712417603, -120.89553833, -29.9032516479, 179.657470703, 309.790405273, 152.387268066, -30.9235458374, -75.6503601074, 25.3708724976], [181.872772217, -74.5961608887, -74.4448394775, -42.7603683472, -3.63369679451, -7.35151958466, -39.3428153992, 17.5086898804, 152.387268066, 238.082366943, 132.494400024, 2.65202140808, -34.9626159668], [217.593948364, -86.8910980225, -30.6124210358, -37.8992958069, -30.8461322784, 48.4075813293, 16.4373397827, -37.3923187256, -30.9235458374, 132.494400024, 289.136474609, 182.71282959, -23.3606395721], [152.456436157, -136.861206055, 26.1791973114, 13.6203832626, -43.4852905273, 13.0866012573, 31.3300056458, -20.5108261108, -75.6503601074, 2.65202140808, 182.71282959, 280.463500977, 125.564903259], [-373.348510742, -131.355712891, -0.9607873559, 34.5374832153, -0.752320051193, -64.0141143799, -32.7070426941, 21.4409885406, 25.3708724976, -34.9626159668, -23.3606395721, 125.564903259, 233.919387817]], "icov": [[8.00300840638e-05, -1.44971381815e-05, 0.000103876249341, -0.000298813829431, 0.000316225021379, -0.000366458640201, 0.000195515385712, -0.000169847189682, 0.000275950529613, -0.000387313135434, 0.000345059524989, -0.000243467351538, 0.000185106036952], [-1.44971381815e-05, 0.000372747977963, -0.000377676245989, 0.000321346218698, -0.000452245236374, 0.000145975020132, 0.000126023529447, -0.000114943162771, -3.86687461287e-05, 0.000204659314477, -0.000107559717435, 8.64778485266e-05, 0.000181449504453], [0.000103876249341, -0.000377676245989, 0.00177791249007, -0.00205654744059, 0.00224963133223, -0.00129877286963, 6.78592596159e-06, 0.000628988142125, 0.000281867571175, -0.000638512661681, 0.000687077117618, -0.000170160943526, -0.000106283398054], [-0.000298813829431, 0.000321346218698, -0.00205654744059, 0.00595713173971, -0.00636131782085, 0.00332334521227, -0.000276435137494, -0.00139128800947, -0.000314342003549, 0.00141508085653, -0.000564207846764, -0.000938796205446, 0.000486590026412], [0.000316225021379, -0.000452245236374, 0.00224963133223, -0.00636131782085, 0.0108075896278, -0.0071884621866, 0.00373340281658, -0.000323009939166, 0.00119480642024, -0.00173610367347, 0.00093014666345, 0.00161046313588, -0.00134224188514], [-0.000366458640201, 0.000145975020132, -0.00129877286963, 0.00332334521227, -0.0071884621866, 0.0123823126778, -0.0109430551529, 0.00653928285465, -0.00193810870405, 0.00093970389571, -0.00227947370149, 0.00135684444103, -0.000368309993064], [0.000195515385712, 0.000126023529447, 6.78592596159e-06, -0.000276435137494, 0.00373340281658, -0.0109430551529, 0.017884394154, -0.0131489187479, 0.00600179750472, -0.00166875380091, 0.00303049571812, -0.00327430129983, 0.00230673584156], [-0.000169847189682, -0.000114943162771, 0.000628988142125, -0.00139128800947, -0.000323009939166, 0.00653928285465, -0.0131489187479, 0.0176499895751, -0.0120927244425, 0.0063234558329, -0.0035290105734, 0.0018141886685, -0.000864988658577], [0.000275950529613, -3.86687461287e-05, 0.000281867571175, -0.000314342003549, 0.00119480642024, -0.00193810870405, 0.00600179750472, -0.0120927244425, 0.0182408746332, -0.0137950256467, 0.00633953977376, 0.000186917168321, -0.00162014912348], [-0.000387313135434, 0.000204659314477, -0.000638512661681, 0.00141508085653, -0.00173610367347, 0.00093970389571, -0.00166875380091, 0.0063234558329, -0.0137950256467, 0.0201603546739, -0.0139753744006, 0.00659133773297, -0.00170051353052], [0.000345059524989, -0.000107559717435, 0.000687077117618, -0.000564207846764, 0.00093014666345, -0.00227947370149, 0.00303049571812, -0.0035290105734, 0.00633953977376, -0.0139753744006, 0.0215047635138, -0.0168801750988, 0.0091351037845], [-0.000243467351538, 8.64778485266e-05, -0.000170160943526, -0.000938796205446, 0.00161046313588, 0.00135684444103, -0.00327430129983, 0.0018141886685, 0.000186917168321, 0.00659133773297, -0.0168801750988, 0.0210555456579, -0.0124729359522], [0.000185106036952, 0.000181449504453, -0.000106283398054, 0.000486590026412, -0.00134224188514, -0.000368309993064, 0.00230673584156, -0.000864988658577, -0.00162014912348, -0.00170051353052, 0.0091351037845, -0.0124729359522, 0.0124258911237]]}, "spectral_contrast_coeffs": {"dmean": [0.0602610893548, 0.0488173477352, 0.0432130098343, 0.0350239574909, 0.0235824994743, 0.021245919168], "dmean2": [0.0912968218327, 0.076911598444, 0.0676447600126, 0.0554300956428, 0.0380196981132, 0.0341972410679], "dvar": [0.00349043286406, 0.00241165049374, 0.00199469458312, 0.00148395041469, 0.000502195674926, 0.000447226368124], "dvar2": [0.00727638555691, 0.00552626373246, 0.00437416089699, 0.00340358261019, 0.00120353687089, 0.00102580850944], "max": [-0.236737385392, -0.33728441596, -0.352459251881, -0.407514661551, -0.621802568436, -0.619872391224], "mean": [-0.635989844799, -0.713927805424, -0.74345266819, -0.779998958111, -0.8496722579, -0.826513588428], "median": [-0.635107278824, -0.727375388145, -0.763459801674, -0.825786888599, -0.852382898331, -0.827203035355], "min": [-0.99438482523, -0.98976713419, -0.991245567799, -0.992752373219, -0.993191123009, -0.989744365215], "var": [0.0203103739768, 0.0139579055831, 0.0143747944385, 0.0126632722095, 0.00159663893282, 0.00166635005735]}, "spectral_contrast_valleys": {"dmean": [0.650061786175, 0.693168580532, 0.74612224102, 0.812852859497, 0.791981697083, 0.757616221905], "dmean2": [0.963229954243, 0.987277507782, 1.03539836407, 1.11203503609, 1.06336867809, 0.987254261971], "dvar": [0.529008746147, 0.600513756275, 0.633455455303, 0.727821171284, 0.790886580944, 0.662114679813], "dvar2": [0.968636631966, 1.18563902378, 1.31548511982, 1.51782500744, 1.68289506435, 1.30890309811], "max": [-4.95125436783, -4.97303104401, -5.63685750961, -5.7911