{"lowlevel": {"average_loudness": 0.903149247169, "barkbands_crest": {"dmean": 2.6526696682, "dmean2": 3.95363235474, "dvar": 8.24517631531, "dvar2": 16.8371047974, "max": 26.3067474365, "mean": 11.5391168594, "median": 10.9991369247, "min": 1.92611336708, "var": 31.598903656}, "barkbands_flatness_db": {"dmean": 0.0326948575675, "dmean2": 0.0423837304115, "dvar": 0.00132162775844, "dvar2": 0.00207574968226, "max": 0.424057781696, "mean": 0.164616584778, "median": 0.155683517456, "min": 0.0191539060324, "var": 0.00670088501647}, "barkbands_kurtosis": {"dmean": 8.17518520355, "dmean2": 12.2159280777, "dvar": 333.402618408, "dvar2": 650.988830566, "max": 271.790893555, "mean": 12.8606262207, "median": 2.13218307495, "min": -1.97173726559, "var": 894.825439453}, "barkbands_skewness": {"dmean": 0.990326106548, "dmean2": 1.39367759228, "dvar": 1.69640409946, "dvar2": 3.09750819206, "max": 14.000415802, "mean": 1.75953614712, "median": 1.32277798653, "min": -11.6521081924, "var": 7.38011455536}, "barkbands_spread": {"dmean": 13.1772823334, "dmean2": 20.2937278748, "dvar": 281.486358643, "dvar2": 607.82598877, "max": 133.826782227, "mean": 30.8187141418, "median": 24.1965503693, "min": 0.545214653015, "var": 618.296447754}, "dissonance": {"dmean": 0.0288709197193, "dmean2": 0.0463048107922, "dvar": 0.000825353665277, "dvar2": 0.00206813076511, "max": 0.500000059605, "mean": 0.432240664959, "median": 0.444364368916, "min": 0.200858518481, "var": 0.00261789490469}, "dynamic_complexity": 4.09967327118, "erbbands_crest": {"dmean": 3.46216702461, "dmean2": 5.15310382843, "dvar": 16.9536247253, "dvar2": 32.7405433655, "max": 33.6411361694, "mean": 13.2204504013, "median": 11.8480215073, "min": 2.12658715248, "var": 60.9026260376}, "erbbands_flatness_db": {"dmean": 0.0304702613503, "dmean2": 0.0386915244162, "dvar": 0.000959912547842, "dvar2": 0.00154284993187, "max": 0.408547103405, "mean": 0.174091592431, "median": 0.16625598073, "min": 0.0482160300016, "var": 0.00487483199686}, "erbbands_kurtosis": {"dmean": 4.19232416153, "dmean2": 6.24592113495, "dvar": 58.2090454102, "dvar2": 132.089324951, "max": 147.772018433, "mean": 5.90116262436, "median": 1.37540435791, "min": -1.89269793034, "var": 130.861938477}, "erbbands_skewness": {"dmean": 0.751186192036, "dmean2": 1.05322825909, "dvar": 0.756290137768, "dvar2": 1.46747112274, "max": 10.5033044815, "mean": 1.25889539719, "median": 0.970103740692, "min": -7.93880081177, "var": 3.55146455765}, "erbbands_spread": {"dmean": 18.3022060394, "dmean2": 28.18060112, "dvar": 561.521362305, "dvar2": 1308.10375977, "max": 191.270294189, "mean": 44.0349807739, "median": 34.9276771545, "min": 1.9976657629, "var": 1052.42089844}, "hfc": {"dmean": 31.0422992706, "dmean2": 49.3265037537, "dvar": 4749.64404297, "dvar2": 12108.015625, "max": 653.849853516, "mean": 42.1188278198, "median": 15.6447057724, "min": 1.15044928103e-16, "var": 5162.01074219}, "melbands_crest": {"dmean": 2.75631475449, "dmean2": 4.18572235107, "dvar": 9.30543518066, "dvar2": 19.441160202, "max": 33.0968933105, "mean": 14.362657547, "median": 13.8819484711, "min": 2.7225446701, "var": 34.4182891846}, "melbands_flatness_db": {"dmean": 0.0390620306134, "dmean2": 0.0485714897513, "dvar": 0.00218166271225, "dvar2": 0.00333507801406, "max": 0.517237901688, "mean": 0.205676794052, "median": 0.19366389513, "min": 0.00717702507973, "var": 0.0126950349659}, "melbands_kurtosis": {"dmean": 15.0217571259, "dmean2": 22.2542171478, "dvar": 980.051330566, "dvar2": 1965.40612793, "max": 587.046630859, "mean": 28.6648387909, "median": 8.69787502289, "min": -1.7010383606, "var": 2741.70043945}, "melbands_skewness": {"dmean": 1.05550944805, "dmean2": 1.5094255209, "dvar": 2.01971292496, "dvar2": 4.0905957222, "max": 21.0929908752, "mean": 3.07587766647, "median": 2.22895741463, "min": -0.677873253822, "var": 7.07090759277}, "melbands_spread": {"dmean": 11.1811828613, "dmean2": 16.736158371, "dvar": 394.986541748, "dvar2": 864.88494873, "max": 218.070892334, "mean": 26.9458446503, "median": 15.4371728897, "min": 0.504824876785, "var": 922.060241699}, "pitch_salience": {"dmean": 0.0778059735894, "dmean2": 0.11571110785, "dvar": 0.00660041486844, "dvar2": 0.0127669274807, "max": 0.956830501556, "mean": 0.553392112255, "median": 0.545340001583, "min": 0.0856264308095, "var": 0.0306235570461}, "silence_rate_20dB": {"dmean": 0, "dmean2": 0, "dvar": 0, "dvar2": 0, "max": 1, "mean": 1, "median": 1, "min": 1, "var": 0}, "silence_rate_30dB": {"dmean": 0.00843881815672, "dmean2": 0.016882089898, "dvar": 0.00836760923266, "dvar2": 0.0218728687614, "max": 1, "mean": 0.993672549725, "median": 1, "min": 0, "var": 0.00628742063418}, "silence_rate_60dB": {"dmean": 0.0843881890178, "dmean2": 0.168557107449, "dvar": 0.077265933156, "dvar2": 0.150690153241, "max": 1, "mean": 0.19641444087, "median": 0, "min": 0, "var": 0.157832935452}, "spectral_centroid": {"dmean": 384.065612793, "dmean2": 563.579284668, "dvar": 400616.84375, "dvar2": 825106.6875, "max": 11302.0800781, "mean": 1451.01342773, "median": 1027.4753418, "min": 282.862579346, "var": 1350662.375}, "spectral_complexity": {"dmean": 4.06856536865, "dmean2": 5.94724369049, "dvar": 47.833694458, "dvar2": 95.4772109985, "max": 55, "mean": 11.8080673218, "median": 7, "min": 0, "var": 118.709449768}, "spectral_decrease": {"dmean": 1.73138114956e-09, "dmean2": 2.38614150661e-09, "dvar": 8.32947715784e-18, "dvar2": 1.69722241573e-17, "max": 2.08295380943e-10, "mean": -3.94786292546e-09, "median": -2.61743871022e-09, "min": -3.55568587906e-08, "var": 2.08997471888e-17}, "spectral_energy": {"dmean": 0.00885078404099, "dmean2": 0.0124428803101, "dvar": 0.000226407835726, "dvar2": 0.0004975804477, "max": 0.17005546391, "mean": 0.0187204536051, "median": 0.0123789422214, "min": 1.07754621199e-20, "var": 0.000461741350591}, "spectral_energyband_high": {"dmean": 0.00255585624836, "dmean2": 0.00413820147514, "dvar": 3.3995238482e-05, "dvar2": 8.68666538736e-05, "max": 0.0565854758024, "mean": 0.00304743018933, "median": 0.000667466665618, "min": 7.47978715136e-21, "var": 3.59488585673e-05}, "spectral_energyband_low": {"dmean": 0.000834106060211, "dmean2": 0.00122719223145, "dvar": 7.48829643271e-06, "dvar2": 1.68266196852e-05, "max": 0.0447758324444, "mean": 0.00101636059117, "median": 1.26353024825e-05, "min": 1.23407064984e-22, "var": 1.07018950075e-05}, "spectral_energyband_middle_high": {"dmean": 0.00166584830731, "dmean2": 0.00235439487733, "dvar": 9.39018900681e-06, "dvar2": 2.05027718039e-05, "max": 0.0311772134155, "mean": 0.00363984517753, "median": 0.000798411958385, "min": 1.92492158294e-21, "var": 2.49127697316e-05}, "spectral_energyband_middle_low": {"dmean": 0.00505426339805, "dmean2": 0.0071476791054, "dvar": 7.77981986175e-05, "dvar2": 0.000155150875798, "max": 0.121438838542, "mean": 0.0114752594382, "median": 0.00632965471596, "min": 3.07477634555e-22, "var": 0.000204592899536}, "spectral_entropy": {"dmean": 0.371013820171, "dmean2": 0.453777253628, "dvar": 0.181643426418, "dvar2": 0.299128055573, "max": 9.79000473022, "mean": 7.31768941879, "median": 7.40499162674, "min": 4.55550432205, "var": 0.851181924343}, "spectral_flux": {"dmean": 0.0293767359108, "dmean2": 0.0428361408412, "dvar": 0.00151400780305, "dvar2": 0.00270754634403, "max": 0.310443609953, "mean": 0.0631006211042, "median": 0.0429235063493, "min": 1.03804922991e-10, "var": 0.00312771112658}, "spectral_kurtosis": {"dmean": 2.59457659721, "dmean2": 3.5273809433, "dvar": 15.4014844894, "dvar2": 28.4188308716, "max": 74.1501464844, "mean": 5.3925242424, "median": 2.98006772995, "min": -1.59799420834, "var": 49.7600860596}, "spectral_rms": {"dmean": 0.000915124779567, "dmean2": 0.00121103378478, "dvar": 1.52155485011e-06, "dvar2": 3.10921109303e-06, "max": 0.0128805190325, "mean": 0.0036657853052, "median": 0.00347520015202, "min": 3.24232112513e-12, "var": 4.82583618577e-06}, "spectral_rolloff": {"dmean": 2128.96118164, "dmean2": 3689.55834961, "dvar": 12346801, "dvar2": 25764546, "max": 18174.0234375, "mean": 4968.71728516, "median": 1894.921875, "min": 193.798828125, "var": 27530542}, "spectral_skewness": {"dmean": 0.402281284332, "dmean2": 0.528797328472, "dvar": 0.199411287904, "dvar2": 0.364089399576, "max": 7.09503364563, "mean": 1.88395118713, "median": 1.60895419121, "min": -0.172070264816, "var": 0.905657052994}, "spectral_spread": {"dmean": 1872492.875, "dmean2": 2631688.75, "dvar": 4450629976060.0, "dvar2": 8868975345660.0, "max": 40130816, "mean": 8296098.5, "median": 7439787.5, "min": 1269399.75, "var": 17169779785700.0}, "spectral_strongpeak": {"dmean": 0.8673350811, "dmean2": 1.39168870449, "dvar": 2.69624996185, "dvar2": 6.70309305191, "max": 27.1521263123, "mean": 1.64598584175, "median": 1.03705406189, "min": 3.94058963238e-09, "var": 3.37583088875}, "zerocrossingrate": {"dmean": 0.0395086742938, "dmean2": 0.0417281463742, "dvar": 0.00187225965783, "dvar2": 0.00185763998888, "max": 0.5791015625, "mean": 0.159001260996, "median": 0.10888671875, "min": 0.01171875, "var": 0.0179283004254}, "barkbands": {"dmean": [7.57858833822e-06, 0.000551327422727, 0.000237766056671, 0.000260982575128, 0.00112509750761, 0.00205977354199, 0.000640619546175, 0.000567844894249, 0.00105505564716, 0.000652726041153, 0.000231212994549, 0.000107344058051, 0.000155636735144, 0.000283645582385, 0.000235870495089, 0.000124567901366, 0.000159882372827, 0.000109611275548, 0.000193189116544, 0.00013882679923, 0.000120465090731, 0.000163919132319, 0.000248338852543, 0.000403482816182, 0.000944974948652, 0.000476431567222, 0.000356529984856], "dmean2": [1.31433198476e-05, 0.000754445209168, 0.000432239612564, 0.000455012224847, 0.00178945763037, 0.00325762992725, 0.000902728468645, 0.000747238402255, 0.0014851189917, 0.000871386320796, 0.000316942721838, 0.000159425311722, 0.000232816440985, 0.000442122283857, 0.000360169215128, 0.000187336336239, 0.000251234829193, 0.000175320164999, 0.000319876970025, 0.000220740825171, 0.000185656434041, 0.000256888393778, 0.000403550366173, 0.000666422070935, 0.00156281981617, 0.000812152691651, 0.000604205299169], "dvar": [1.56227142334e-09, 4.78915944768e-06, 8.54478571455e-07, 8.43187081045e-07, 7.12935752745e-06, 2.19257435674e-05, 2.80440826828e-06, 2.53667963079e-06, 7.7582853919e-06, 3.2065618143e-06, 5.10892959937e-07, 5.13887528086e-08, 9.29038463937e-08, 3.94046651309e-07, 2.64663412963e-07, 6.15315727259e-08, 1.48436654968e-07, 5.30999813009e-08, 2.77328012999e-07, 1.13241597433e-07, 6.34805630284e-08, 1.12722730705e-07, 3.93212047811e-07, 1.34740741942e-06, 3.4415168102e-06, 1.86924626178e-06, 7.56970166549e-07], "dvar2": [4.37249658702e-09, 1.05615990833e-05, 2.4064140689e-06, 2.23128586185e-06, 1.71109386429e-05, 5.19195164088e-05, 5.50233698959e-06, 4.28559724241e-06, 1.32434415718e-05, 5.40809833183e-06, 9.88349142972e-07, 1.21948019682e-07, 2.17966544369e-07, 9.60952206697e-07, 6.20365767645e-07, 1.4756231792e-07, 3.78097666953e-07, 1.37855963089e-07, 7.39862173305e-07, 2.89334593617e-07, 1.49047906461e-07, 2.68548404847e-07, 9.87748990156e-07, 3.50335699295e-06, 8.8968899945e-06, 5.00121632285e-06, 1.99919327315e-06], "max": [0.000865406240337, 0.0373072884977, 0.0160875618458, 0.0131331738085, 0.032597348094, 0.0722259283066, 0.0311159491539, 0.0231906864792, 0.0351626500487, 0.0230795703828, 0.0170500278473, 0.00340160750784, 0.00566015578806, 0.00946809351444, 0.00884742010385, 0.00358768226579, 0.00687554152682, 0.00250234082341, 0.00854097306728, 0.00450434070081, 0.00257961102761, 0.00302279088646, 0.00701906252652, 0.0161234661937, 0.0159205086529, 0.0138546898961, 0.0107431756333], "mean": [6.44392866889e-06, 0.000763568095863, 0.000156250709551, 0.000184120450285, 0.00261877267621, 0.00359227089211, 0.00102719792631, 0.0010208125459, 0.00219947076403, 0.00124082469847, 0.000419639225584, 0.000243519214564, 0.000314249831717, 0.0004542589013, 0.000413635396399, 0.000243543050601, 0.000255144230323, 0.000176270885277, 0.000241825371631, 0.000207447257708, 0.000215388979996, 0.000265008828137, 0.000295972306048, 0.000400314980652, 0.00102060567588, 0.000416387774749, 0.000327507528709], "median": [1.80085976353e-07, 3.10137625092e-06, 3.48679941453e-06, 5.02976945427e-06, 0.00102475075983, 0.00133680226281, 0.000203703631996, 8.59528445289e-05, 0.000282644032268, 9.24813939491e-05, 2.58695745288e-05, 2.5978884878e-05, 5.9341040469e-05, 7.55136425141e-05, 7.33361011953e-05, 3.84776467399e-05, 3.05115318042e-05, 1.71849733306e-05, 2.21614827751e-05, 1.50689811562e-05, 1.08349022412e-05, 1.36138432936e-05, 2.15766285692e-05, 3.17904814437e-05, 0.000270299904514, 4.77915964439e-05, 4.26831466029e-05], "min": [6.86679199965e-24, 8.50054802014e-23, 3.12085901217e-23, 1.20214142582e-23, 1.05501538023e-22, 3.46729485176e-23, 3.42775114785e-23, 6.77227305257e-23, 4.24652408087e-23, 2.36593622837e-22, 1.24914268941e-22, 9.8385848575e-23, 1.22688330658e-22, 1.64371034071e-22, 6.71360578259e-23, 1.7379558686e-22, 1.61268097032e-22, 2.04786132672e-22, 4.31791258491e-22, 2.87939405333e-22, 3.04286420825e-22, 4.86870460905e-22, 7.04194243934e-22, 8.58307524017e-22, 1.07139013838e-21, 1.88828410571e-21, 2.27336172245e-21], "var": [1.06948983003e-09, 7.39039478503e-06, 5.20610115018e-07, 5.92447406689e-07, 1.4762437786e-05, 3.46387714671e-05, 6.6459183472e-06, 8.16329156805e-06, 2.31647190958e-05, 9.34809395403e-06, 1.25864562506e-06, 1.99372550469e-07, 2.51525563044e-07, 6.04068873145e-07, 4.84528356992e-07, 1.54707080924e-07, 2.21270923362e-07, 8.84849242766e-08, 2.63727827132e-07, 1.53217555976e-07, 1.54856735435e-07, 2.38065823055e-07, 4.23047964659e-07, 1.15558543712e-06, 3.57153248842e-06, 1.48989852278e-06, 6.86040834807e-07]}, "erbbands": {"dmean": [0.0142261870205, 0.132157608867, 0.255222290754, 0.648937940598, 1.89062654972, 4.40204381943, 7.72708082199, 19.5006217957, 14.4370059967, 10.5799856186, 10.969704628, 27.8534793854, 21.6659584045, 13.5711803436, 7.31264781952, 4.62336444855, 7.33744239807, 13.9028453827, 11.994184494, 9.82713317871, 6.94900608063, 7.69979286194, 6.50428915024, 6.78094434738, 10.3929224014, 7.03888320923, 5.40617227554, 4.55071544647, 5.80522251129, 5.78692722321, 7.57381916046, 9.89370441437, 5.7333612442, 5.36771917343, 10.4371185303, 2.49182415009, 0.874531447887, 0.290831446648, 0.0758021175861, 0.00273120542988], "dmean2": [0.0185801777989, 0.1848102808, 0.44627058506, 1.13147366047, 3.13635325432, 7.05953979492, 12.4158277512, 31.3566913605, 20.8152694702, 13.8357849121, 14.7369709015, 39.2843742371, 27.9634914398, 19.4548816681, 9.80036830902, 6.59485340118, 10.8253707886, 21.1554985046, 18.3188056946, 15.1184682846, 10.4162302017, 12.2532320023, 10.3238973618, 10.8957748413, 17.4952793121, 11.2759170532, 8.52796363831, 6.89743709564, 9.10490894318, 9.09253787994, 12.4370536804, 16.7211971283, 9.24446582794, 8.91444969177, 17.4659881592, 4.18843460083, 1.48798525333, 0.507245481014, 0.128584727645, 0.0045868223533], "dvar": [0.00288903084584, 0.282145321369, 1.03728437424, 4.89114093781, 33.5424613953, 124.139564514, 207.584716797, 2116.79394531, 1662.72131348, 799.84173584, 671.864990234, 5895.85302734, 3841.40917969, 1857.35290527, 294.355438232, 92.7676239014, 216.15586853, 858.555053711, 916.474853516, 373.060974121, 199.798126221, 389.974487305, 196.481216431, 247.003143311, 879.579162598, 305.222503662, 147.626647949, 84.1754608154, 141.748901367, 157.170211792, 406.693664551, 1006.84637451, 194.140686035, 219.635955811, 377.835174561, 39.3746986389, 5.83660078049, 0.783066093922, 0.0286100171506, 4.6138491598e-05], "dvar2": [0.00607724441215, 0.639044106007, 2.84925341606, 13.2523679733, 84.8873825073, 307.08190918, 473.087402344, 5145.71533203, 3347.23925781, 1423.46655273, 1084.78063965, 10268.1396484, 6023.45117188, 3626.48754883, 526.43927002, 210.580245972, 523.975097656, 2006.65563965, 2262.26025391, 919.01739502, 486.452331543, 1021.0526123, 503.974609375, 640.946960449, 2378.18798828, 788.817687988, 374.479034424, 190.18447876, 340.398681641, 373.505218506, 1040.01940918, 2647.42724609, 488.150634766, 565.426208496, 992.808288574, 105.022659302, 15.6118307114, 2.11858725548, 0.0760242119431, 0.000119220530905], "max": [0.757574319839, 9.29265403748, 15.7592315674, 35.0692329407, 79.5192947388, 156.291534424, 161.40473938, 679.915161133, 802.469238281, 615.798034668, 546.550231934, 979.491394043, 908.849060059, 694.170837402, 351.046020508, 160.398498535, 296.34967041, 439.414825439, 612.224304199, 246.945205688, 187.19593811, 270.987792969, 154.774002075, 174.223587036, 517.951599121, 222.569198608, 109.723236084, 96.8515701294, 115.263092041, 151.036026001, 210.856552124, 458.736877441, 139.436706543, 176.71786499, 170.55065918, 76.0403823853, 28.123670578, 10.1209211349, 2.16757416725, 0.0678874328732], "mean": [0.0207680463791, 0.176122710109, 0.198366388679, 0.463447034359, 1.69115781784, 10.8099069595, 18.9356803894, 31.7337722778, 21.8783740997, 19.1276512146, 21.9981842041, 59.3461418152, 44.0710983276, 24.7525444031, 14.6719121933, 10.8296289444, 15.6581735611, 24.2460517883, 20.5825538635, 17.921421051, 14.0792121887, 12.3907833099, 10.6946697235, 10.2749681473, 12.6541013718, 10.4426670074, 8.74345302582, 8.3471031189, 9.39848995209, 8.83007907867, 8.32464027405, 8.85254955292, 6.46955060959, 5.29365587234, 11.184545517, 2.44793748856, 0.777346968651, 0.229338914156, 0.0729627087712, 0.00258775451221], "median": [8.60413929331e-05, 0.000829348631669, 0.00425101350993, 0.019406311214, 0.293023914099, 3.78092312813, 8.53630924225, 11.2549285889, 4.37034749985, 3.08729839325, 3.87359261513, 8.26717472076, 7.34761047363, 2.92738294601, 1.86003196239, 1.69649648666, 3.00479412079, 4.07861232758, 2.83909249306, 4.04343795776, 2.14211654663, 1.42042052746, 1.27006864548, 1.03423905373, 1.06631267071, 0.783051490784, 0.53078764677, 0.391606658697, 0.460597753525, 0.792852699757, 0.449817478657, 0.440330147743, 0.666692793369, 0.474097281694, 3.1415271759, 0.49865552783, 0.113330155611, 0.0158860851079, 0.0116035211831, 0.00034858690924], "min": [2.91927790145e-21, 1.6768936573e-20, 4.28918706197e-20, 2.4275741188e-20, 1.28101958873e-19, 3.23619241067e-19, 5.85737241699e-19, 2.87798882574e-19, 5.05992222662e-19, 9.59077766549e-19, 1.00208381717e-18, 7.41212248478e-19, 3.28176484084e-18, 8.91704753517e-18, 4.86623943715e-18, 4.4589795441e-18, 4.98953070745e-18, 7.35038151707e-18, 5.85417929303e-18, 6.28491415827e-18, 1.03243373559e-17, 8.74894954545e-18, 1.19398210922e-17, 2.39708239578e-17, 1.43899267579e-17, 1.26901748239e-17, 1.37884597463e-17, 1.18891314643e-17, 1.62989620044e-17, 1.57000319557e-17, 2.2056053041e-17, 1.7223758201e-17, 1.54513715374e-17, 1.2465295021e-17, 7.32433856266e-18, 5.56543866533e-18, 3.58953248379e-18, 1.36963666268e-18, 3.44264531783e-19, 3.19238078953e-20], "var": [0.00507425842807, 0.406470894814, 0.719909489155, 3.30214071274, 26.6974925995, 264.201904297, 599.939575195, 2948.57983398, 3429.90576172, 2180.32788086, 2637.953125, 17082.1601562, 12389.8056641, 4276.22216797, 808.690795898, 365.768737793, 606.871643066, 1598.18994141, 1344.78063965, 744.997802734, 485.163208008, 497.029602051, 321.725799561, 330.184753418, 776.150817871, 396.83493042, 259.04486084, 231.995574951, 298.225616455, 268.897705078, 392.842468262, 766.155639648, 213.403839111, 191.229721069, 393.794891357, 34.1525993347, 4.72674751282, 0.58048081398, 0.0269560758024, 4.62330353912e-05]}, "gfcc": {"mean": [-42.8061714172, 14.1565675735, -95.1576461792, -29.7062511444, -70.5941543579, -13.2745943069, -59.2733764648, -1.58321249485, -28.9612464905, 5.98391294479, -17.4335250854, 1.77915894985, -3.05354475975], "cov": [[13281.8427734, -1406.28051758, -940.796081543, 1432.60656738, -48.2984657288, 830.940063477, 677.601623535, 412.337768555, 201.357452393, 5.06172800064, 3.67754483223, 60.1739501953, -90.2706680298], [-1406.28051758, 2542.22753906, -151.41897583, -160.041931152, -65.1256637573, -389.348144531, -203.299041748, -147.935195923, 19.6235904694, 3.56014204025, 163.134109497, 96.2513809204, 269.12878418], [-940.796081543, -151.41897583, 2117.421875, 101.647750854, 415.855133057, 11.7626342773, -164.46925354, 144.540527344, 20.2160224915, 156.978820801, 95.3380737305, 61.1976089478, 53.0804519653], [1432.60656738, -160.041931152, 101.647750854, 837.919494629, 72.726020813, 168.495025635, 87.2602539062, -50.4321403503, 29.5970249176, 16.8636112213, 116.086074829, 61.6574516296, -15.7058668137], [-48.2984657288, -65.1256637573, 415.855133057, 72.726020813, 348.050933838, 173.964309692, 115.441123962, 122.040794373, 23.7138938904, 64.3896102905, 27.5276298523, 41.3941078186, 12.7959451675], [830.940063477, -389.348144531, 11.7626342773, 168.495025635, 173.964309692, 379.939819336, 243.207199097, 184.582305908, 76.4172821045, 28.3350868225, -19.378118515, 15.5501413345, -27.5526790619], [677.601623535, -203.299041748, -164.46925354, 87.2602539062, 115.441123962, 243.207199097, 287.478942871, 164.41078186, 90.0510787964, 12.8599681854, -31.7976474762, -8.6442527771, -32.0404052734], [412.337768555, -147.935195923, 144.540527344, -50.4321403503, 122.040794373, 184.582305908, 164.41078186, 261.14352417, 107.68977356, 58.6315498352, -40.6815872192, -15.2125692368, -25.1950244904], [201.357452393, 19.6235904694, 20.2160224915, 29.5970249176, 23.7138938904, 76.4172821045, 90.0510787964, 107.68977356, 125.592048645, 38.4007873535, 5.81052350998, -16.875787735, -19.2656059265], [5.06172800064, 3.56014204025, 156.978820801, 16.8636112213, 64.3896102905, 28.3350868225, 12.8599681854, 58.6315498352, 38.4007873535, 104.827293396, 51.9436798096, 46.2716941833, 15.0712718964], [3.67754483223, 163.134109497, 95.3380737305, 116.086074829, 27.5276298523, -19.378118515, -31.7976474762, -40.6815872192, 5.81052350998, 51.9436798096, 125.722961426, 78.2253875732, 47.5319709778], [60.1739501953, 96.2513809204, 61.1976089478, 61.6574516296, 41.3941078186, 15.5501413345, -8.6442527771, -15.2125692368, -16.875787735, 46.2716941833, 78.2253875732, 123.614089966, 79.5585632324], [-90.2706680298, 269.12878418, 53.0804519653, -15.7058668137, 12.7959451675, -27.5526790619, -32.0404052734, -25.1950244904, -19.2656059265, 15.0712718964, 47.5319709778, 79.5585632324, 137.361282349]], "icov": [[0.000122158307931, 4.78142683278e-05, 6.19153870502e-05, -0.000235016705119, 0.000138584771776, -2.28693352256e-05, -4.78067086078e-05, -0.000342337443726, 0.000127482722746, 3.84428640245e-05, -2.86554204649e-05, 1.11855015348e-05, -0.000138540548505], [4.78142683278e-05, 0.000755059474614, 0.000245589762926, -9.14013580768e-05, -0.000513890001457, 0.000949254783336, 0.000200801267056, -0.000423657271313, -0.000776181230322, 0.000590885116253, -0.00087563006673, 0.000537849729881, -0.00152810721193], [6.19153870502e-05, 0.000245589762926, 0.00106102321297, -0.00038632703945, -0.00142871320713, 0.000410654727602, 0.00169285247102, -0.00123827706557, -0.000338321580784, -0.000115967275633, -0.000355561467586, 0.000531514757313, -0.000731005857233], [-0.000235016705119, -9.14013580768e-05, -0.00038632703945, 0.00237099407241, 3.31334958901e-05, -0.00124740425963, -0.000531303114258, 0.00223118020222, -0.000831426063087, 0.000509582809173, -0.00177821214311, -0.000308545771986, 0.00109854910988], [0.000138584771776, -0.000513890001457, -0.00142871320713, 3.31334958901e-05, 0.00700134970248, -0.00234271236695, -0.00309675466269, -0.000425426813308, 0.00346075696871, -0.00187073287088, -0.000648324145004, -0.000204429758014, 0.000764707743656], [-2.28693352256e-05, 0.000949254783336, 0.000410654727602, -0.00124740425963, -0.00234271236695, 0.00920538697392, -0.00366768823005, -0.00338475266472, -0.000402704172302, 0.00173390714917, 0.000130674801767, -0.0014867160935, -0.00101869413629], [-4.78067086078e-05, 0.000200801267056, 0.00169285247102, -0.000531303114258, -0.00309675466269, -0.00366768823005, 0.0123370448127, -0.00327783380635, -0.00409320369363, 0.00211666035466, 0.000816725718323, -0.000572863442358, -6.76467170706e-05], [-0.000342337443726, -0.000423657271313, -0.00123827706557, 0.00223118020222, -0.000425426813308, -0.00338475266472, -0.00327783380635, 0.0146163124591, -0.00639603566378, -0.00523468805477, 0.00558233214542, -0.000868011498824, 0.000864105473738], [0.000127482722746, -0.000776181230322, -0.000338321580784, -0.000831426063087, 0.00346075696871, -0.000402704172302, -0.00409320369363, -0.00639603566378, 0.0185400545597, -0.00434549245983, -0.00474596582353, 0.00580318039283, 0.000467345496872], [3.84428640245e-05, 0.000590885116253, -0.000115967275633, 0.000509582809173, -0.00187073287088, 0.00173390714917, 0.00211666035466, -0.00523468805477, -0.00434549245983, 0.0202697403729, -0.0069225714542, -0.00582686625421, 0.00196313345805], [-2.86554204649e-05, -0.00087563006673, -0.000355561467586, -0.00177821214311, -0.000648324145004, 0.000130674801767, 0.000816725718323, 0.00558233214542, -0.00474596582353, -0.0069225714542, 0.0220926403999, -0.010141313076, 0.00125469604973], [1.11855015348e-05, 0.000537849729881, 0.000531514757313, -0.000308545771986, -0.000204429758014, -0.0014867160935, -0.000572863442358, -0.000868011498824, 0.00580318039283, -0.00582686625421, -0.010141313076, 0.024007903412, -0.010801801458], [-0.000138540548505, -0.00152810721193, -0.000731005857233, 0.00109854910988, 0.000764707743656, -0.00101869413629, -6.76467170706e-05, 0.000864105473738, 0.000467345496872, 0.00196313345805, 0.00125469604973, -0.010801801458, 0.0161305461079]]}, "melbands": {"dmean": [0.000147130413097, 0.000143975354149, 0.000136095637572, 0.000219829351408, 0.000264424626948, 0.000434610818047, 0.000203307688935, 0.000122348661534, 0.000113499489089, 0.000159884031746, 0.000103972561192, 5.4104722949e-05, 2.54214628512e-05, 1.53364362632e-05, 1.35418340506e-05, 1.47018663483e-05, 2.96962534776e-05, 1.91987728613e-05, 1.72183299583e-05, 9.90073385765e-06, 8.4484972831e-06, 7.84795247455e-06, 8.09510947875e-06, 4.89737067255e-06, 5.34551691089e-06, 8.57271606947e-06, 5.61839397051e-06, 4.64121558252e-06, 3.61250909009e-06, 2.67275299848e-06, 2.73786963589e-06, 3.22290247823e-06, 3.49398828803e-06, 3.23374069922e-06, 3.59145974471e-06, 6.88775890012e-06, 5.42141424376e-06, 3.87175350625e-06, 3.94735752707e-06, 4.57959595224e-06], "dmean2": [0.000196291744942, 0.000228081305977, 0.000231941216043, 0.000359770550858, 0.000411519198678, 0.000686436251272, 0.000294074969133, 0.000160152645549, 0.000154232460773, 0.00022535250173, 0.000133813678985, 7.84452131484e-05, 3.49020301655e-05, 2.14602150663e-05, 1.9919112674e-05, 2.18687891902e-05, 4.55094486824e-05, 3.00939918816e-05, 2.61953664449e-05, 1.51316353367e-05, 1.28500578285e-05, 1.23947893371e-05, 1.3079045857e-05, 7.77977584221e-06, 8.58494604472e-06, 1.45679969137e-05, 9.25983658817e-06, 7.46469049773e-06, 5.77512264499e-06, 4.08447112932e-06, 4.20997912443e-06, 5.07308550368e-06, 5.50556978851e-06, 5.09794972459e-06, 5.89719002164e-06, 1.15890916277e-05, 9.18431578611e-06, 6.21256458544e-06, 6.53083952784e-06, 7.68962672737e-06], "dvar": [3.24649022332e-07, 3.01832528748e-07, 1.82467502441e-07, 3.42613247994e-07, 2.5911862167e-07, 1.05559831809e-06, 3.20951556887e-07, 1.17937780431e-07, 6.61180408201e-08, 1.81295945367e-07, 9.49851042265e-08, 3.29495222218e-08, 4.18261025814e-09, 9.94265336729e-10, 6.72399469437e-10, 9.57257051404e-10, 4.11882750129e-09, 2.76428435697e-09, 1.4773590129e-09, 3.60577484537e-10, 3.09248626706e-10, 3.64158897481e-10, 4.34890845558e-10, 9.67801325191e-11, 1.55595286655e-10, 6.41151132186e-10, 2.3311108599e-10, 1.34888433756e-10, 6.87069359739e-11, 3.0787851435e-11, 3.40780459407e-11, 4.31141129742e-11, 5.48491391195e-11, 5.30151408884e-11, 8.61087937065e-11, 4.85381901338e-10, 2.99152869143e-10, 8.55824369705e-11, 1.06105922659e-10, 1.87967794107e-10], "dvar2": [6.93219476489e-07, 7.59504189318e-07, 4.76771447211e-07, 8.58128544223e-07, 5.58599765554e-07, 2.50212701758e-06, 6.48266905046e-07, 2.08367666232e-07, 1.07898856072e-07, 3.14348142183e-07, 1.49567995322e-07, 6.4199582539e-08, 8.39639557881e-09, 2.09611905611e-09, 1.5654223473e-09, 2.31382846216e-09, 9.63238111495e-09, 7.11346848092e-09, 3.44124129192e-09, 8.72926897433e-10, 7.65201901842e-10, 9.39737732075e-10, 1.16863896338e-09, 2.43528391897e-10, 4.06710665146e-10, 1.73672654036e-09, 6.27869978231e-10, 3.46718043165e-10, 1.75648023903e-10, 7.32999633213e-11, 8.05642566548e-11, 1.0440866921e-10, 1.33484431841e-10, 1.29048341457e-10, 2.23167276325e-10, 1.26675514522e-09, 7.91361698393e-10, 2.12589570947e-10, 2.75373779335e-10, 4.87250684245e-10], "max": [0.00918053742498, 0.00915429461747, 0.00609452323988, 0.0075205611065, 0.00609769113362, 0.0163839906454, 0.010982667096, 0.00693041970953, 0.00415228819475, 0.00529928179458, 0.00448250770569, 0.00309603544883, 0.00110959075391, 0.000611202791333, 0.000448060018243, 0.000539195840247, 0.000997290131636, 0.00106064288411, 0.000684870348778, 0.000229932600632, 0.000253335951129, 0.00022563386301, 0.000386311730836, 0.000111488778202, 0.000152525128215, 0.000403624289902, 0.000237511834712, 0.000143596815178, 7.94884181232e-05, 5.92749311181e-05, 5.93000768276e-05, 6.99326119502e-05, 8.34938473417e-05, 0.00010659966938, 9.99796102406e-05, 0.0003548504028, 0.00026189503842, 0.000109305176011, 0.000109104374133, 0.000156397363753], "mean": [0.000210786573007, 0.000151428568643, 0.000101449681097, 0.000385881168768, 0.000726594123989, 0.000722968019545, 0.000304757850245, 0.000221002759645, 0.000232300793868, 0.000340630300343, 0.000205673874007, 9.46447980823e-05, 4.75704036944e-05, 3.43871615769e-05, 2.98258037219e-05, 2.98346931231e-05, 4.91533646709e-05, 3.09471943183e-05, 2.97300812235e-05, 1.93600571947e-05, 1.63351414812e-05, 1.2821819837e-05, 1.20613931358e-05, 8.20393415779e-06, 8.0188146967e-06, 9.76194223767e-06, 7.66505399952e-06, 6.72339274388e-06, 5.64767924516e-06, 4.75125852972e-06, 4.86388444187e-06, 5.22272330272e-06, 5.34903074367e-06, 4.70397617391e-06, 4.14341229771e-06, 6.28873613095e-06, 4.78244874103e-06, 4.51594360129e-06, 4.14493706558e-06, 4.14290889239e-06], "median": [8.27762733024e-07, 1.96485279957e-06, 3.48214234691e-06, 0.000135387381306, 0.000319677666994, 0.000257267209236, 5.54664038646e-05, 2.85110581899e-05, 3.24051216012e-05, 4.71066778118e-05, 1.63792465173e-05, 7.30047577235e-06, 4.72069541502e-06, 4.01113493353e-06, 4.84495967612e-06, 5.37191317562e-06, 7.76975866756e-06, 4.37043672719e-06, 5.01045633428e-06, 3.71464648197e-06, 1.98276006813e-06, 1.29765089696e-06, 1.60645458891e-06, 7.00067118942e-07, 7.88724776157e-07, 8.51024140047e-07, 5.72238150198e-07, 4.83882161006e-07, 3.51664652953e-07, 2.58155239408e-07, 2.15584108787e-07, 2.36943861864e-07, 3.06900432179e-07, 4.70099621452e-07, 2.24054133469e-07, 2.55824573969e-07, 2.36418571831e-07, 5.50097070118e-07, 2.27006168529e-07, 1.40819750527e-07], "min": [2.39204351692e-23, 2.26352182493e-23, 8.34873741873e-24, 1.33665475305e-23, 2.25975359416e-23, 6.16856411269e-24, 7.45656097847e-24, 1.25457322366e-23, 7.18912529869e-24, 5.3298412818e-24, 1.77302799336e-23, 3.82453209041e-23, 1.89904394757e-23, 1.06627322999e-23, 9.57380369466e-24, 1.31353323992e-23, 1.32009388052e-23, 1.11666353469e-23, 4.93467087766e-24, 1.26741556365e-23, 1.20495458269e-23, 8.62089364217e-24, 1.13355730652e-23, 9.12100621253e-24, 2.19642967826e-23, 1.05415230329e-23, 1.03137575903e-23, 7.94564763996e-24, 1.02645397696e-23, 6.17473142725e-24, 7.15333389056e-24, 9.65363326282e-24, 9.12116792902e-24, 8.57340342681e-24, 1.33790541313e-23, 1.20001031808e-23, 9.56558139744e-24, 9.70860582386e-24, 1.21660455943e-23, 1.03159025031e-23], "var": [5.42089026112e-07, 3.08554092499e-07, 1.3376538277e-07, 4.29190976092e-07, 9.12552650334e-07, 1.5901672441e-06, 6.67077983962e-07, 3.23447721939e-07, 2.36214603433e-07, 5.29544990968e-07, 3.03956113612e-07, 7.52822373329e-08, 9.88405002289e-09, 3.59863960853e-09, 2.43911291165e-09, 2.51786969052e-09, 7.25210469454e-09, 3.39699912644e-09, 2.7682793835e-09, 8.73364325304e-10, 6.96617818985e-10, 5.13951492476e-10, 5.01690022858e-10, 1.86174617389e-10, 2.0607245077e-10, 5.23223520066e-10, 2.4401919374e-10, 1.71978417618e-10, 1.10524346619e-10, 7.65721167029e-11, 8.15957440503e-11, 9.25954868336e-11, 1.01767046179e-10, 8.08017264209e-11, 9.00869726039e-11, 3.76882663966e-10, 2.2595987581e-10, 1.0076117718e-10, 1.02439230709e-10, 1.51817863836e-10]}, "mfcc": {"mean": [-712.22644043, 91.1906051636, -0.688057363033, -11.8789567947, -8.68575191498, -17.6141929626, -24.1088275909, -19.4371566772, -15.0956373215, -4.91536569595, -8.06615352631, -9.95168209076, -6.07938814163], "cov": [[14704.9414062, -2418.02661133, -813.581298828, 464.744140625, -213.43977356, 553.437316895, 585.373657227, 639.321044922, 487.479766846, 220.166030884, 225.367462158, 90.7176437378, -16.2412414551], [-2418.02661133, 2285.64501953, 171.261978149, 23.9972667694, 81.1047134399, -267.413757324, -246.348983765, -213.257324219, -159.190795898, -11.7850532532, -79.286491394, -76.0081329346, 2.67120265961], [-813.581298828, 171.261978149, 1172.1204834, 389.249267578, 427.457000732, 54.4579963684, 43.9988632202, -14.0570869446, -30.7853450775, 99.1358261108, -11.2931756973, 25.3877277374, 75.690864563], [464.744140625, 23.9972667694, 389.249267578, 443.536224365, 214.123474121, 98.3571777344, 57.9650611877, -0.269968152046, -38.9441719055, 11.503903389, -2.24715137482, 26.6764545441, 52.3825645447], [-213.43977356, 81.1047134399, 427.457000732, 214.123474121, 313.303039551, 107.390518188, 98.8038253784, 57.5097045898, 24.069568634, 64.7742080688, 15.2508449554, 36.9737472534, 61.6831016541], [553.437316895, -267.413757324, 54.4579963684, 98.3571777344, 107.390518188, 209.546386719, 169.397827148, 141.214355469, 93.4836349487, 48.0912628174, 34.1462135315, 38.3767967224, 52.4870071411], [585.373657227, -246.348983765, 43.9988632202, 57.9650611877, 98.8038253784, 169.397827148, 224.192825317, 177.365280151, 126.277481079, 71.1453399658, 42.8483886719, 42.3218307495, 45.394405365], [639.321044922, -213.257324219, -14.0570869446, -0.269968152046, 57.5097045898, 141.214355469, 177.365280151, 243.72819519, 179.660369873, 121.340499878, 76.4425201416, 51.1841773987, 35.620716095], [487.479766846, -159.190795898, -30.7853450775, -38.9441719055, 24.069568634, 93.4836349487, 126.277481079, 179.660369873, 204.398101807, 131.893768311, 78.7899246216, 43.6235961914, 12.7749910355], [220.166030884, -11.7850532532, 99.1358261108, 11.503903389, 64.7742080688, 48.0912628174, 71.1453399658, 121.340499878, 131.893768311, 175.222061157, 95.4305496216, 35.969581604, 2.23115253448], [225.367462158, -79.286491394, -11.2931756973, -2.24715137482, 15.2508449554, 34.1462135315, 42.8483886719, 76.4425201416, 78.7899246216, 95.4305496216, 114.80153656, 65.8228302002, 15.8222703934], [90.7176437378, -76.0081329346, 25.3877277374, 26.6764545441, 36.9737472534, 38.3767967224, 42.3218307495, 51.1841773987, 43.6235961914, 35.969581604, 65.8228302002, 114.717048645, 73.9495697021], [-16.2412414551, 2.67120265961, 75.690864563, 52.3825645447, 61.6831016541, 52.4870071411, 45.394405365, 35.620716095, 12.7749910355, 2.23115253448, 15.8222703934, 73.9495697021, 127.680793762]], "icov": [[0.000110975233838, 8.83524480741e-05, 0.000110010158096, -0.000302200147416, 0.000156573427375, 4.54773944512e-05, -8.21544235805e-05, -0.000136299888254, -7.16303329682e-05, -8.3277511294e-05, -3.75251033802e-06, 0.000101301673567, -5.6531143855e-06], [8.83524480741e-05, 0.000697590585332, 0.000290323456284, -0.00031429308001, -0.000524639617652, 0.000969747081399, 0.000243220390985, -6.57738128211e-05, 6.30775539321e-05, -0.000673091039062, 0.000326234905515, 0.000599027960561, -0.000641749997158], [0.000110010158096, 0.000290323456284, 0.00235093338415, -0.00111269904301, -0.00252575310878, 0.00120873609558, 9.02115207282e-05, 0.00039038163959, 0.000231314959819, -0.00204234430566, 0.00138125999365, 0.000210359998164, -0.00062737200642], [-0.000302200147416, -0.00031429308001, -0.00111269904301, 0.00495393807068, -0.00157935125753, -0.00229439837858, 0.000298184080748, 0.000744505086914, 0.00176588899922, 0.000281848129816, -0.000401653815061, -0.00076149625238, 0.00029700336745], [0.000156573427375, -0.000524639617652, -0.00252575310878, -0.00157935125753, 0.0101591395214, -0.00309730810113, -0.00227656122297, 3.44505388057e-05, 0.00129937939346, -0.00190566002857, 0.000902429572307, -0.0012992520351, -0.000114806745842], [4.54773944512e-05, 0.000969747081399, 0.00120873609558, -0.00229439837858, -0.00309730810113, 0.0164444632828, -0.0075031616725, -0.00228790659457, -0.00118082901463, 0.00187723734416, -0.00148360151798, 0.00290946941823, -0.00316343316808], [-8.21544235805e-05, 0.000243220390985, 9.02115207282e-05, 0.000298184080748, -0.00227656122297, -0.0075031616725, 0.0176299288869, -0.00737540144473, -0.00163917813916, 0.00148393609561, 0.00137193396222, -0.000480478309328, 2.88426999759e-05], [-0.000136299888254, -6.57738128211e-05, 0.00039038163959, 0.000744505086914, 3.44505388057e-05, -0.00228790659457, -0.00737540144473, 0.0195000134408, -0.00880921818316, -0.00305811176077, -0.000633481657133, 0.00028059995384, -0.00159612006973], [-7.16303329682e-05, 6.30775539321e-05, 0.000231314959819, 0.00176588899922, 0.00129937939346, -0.00118082901463, -0.00163917813916, -0.00880921818316, 0.0204860270023, -0.00965459924191, 0.00235947966576, -0.00299026537687, 0.00158453837503], [-8.3277511294e-05, -0.000673091039062, -0.00204234430566, 0.000281848129816, -0.00190566002857, 0.00187723734416, 0.00148393609561, -0.00305811176077, -0.00965459924191, 0.0228592045605, -0.014796635136, 0.00517388898879, 0.000976646668278], [-3.75251033802e-06, 0.000326234905515, 0.00138125999365, -0.000401653815061, 0.000902429572307, -0.00148360151798, 0.00137193396222, -0.000633481657133, 0.00235947966576, -0.014796635136, 0.0282146520913, -0.015485544689, 0.00469648838043], [0.000101301673567, 0.000599027960561, 0.000210359998164, -0.00076149625238, -0.0012992520351, 0.00290946941823, -0.000480478309328, 0.00028059995384, -0.00299026537687, 0.00517388898879, -0.015485544689, 0.0253347624093, -0.0128332627937], [-5.6531143855e-06, -0.000641749997158, -0.00062737200642, 0.00029700336745, -0.000114806745842, -0.00316343316808, 2.88426999759e-05, -0.00159612006973, 0.00158453837503, 0.000976646668278, 0.00469648838043, -0.0128332627937, 0.0165608376265]]}, "spectral_contrast_coeffs": {"dmean": [0.0523008964956, 0.0493312254548, 0.0423923805356, 0.0390709675848, 0.0331891328096, 0.0231515970081], "dmean2": [0.0812253057957, 0.0762001872063, 0.0613364428282, 0.0560061968863, 0.0470063872635, 0.0316614918411], "dvar": [0.00224619288929, 0.00218801153824, 0.00151673879009, 0.00124112330377, 0.000984942540526, 0.000468471058412], "dvar2": [0.00465487968177, 0.00465367780998, 0.00288790091872, 0.00241581071168, 0.00161028571893, 0.000782634655479], "max": [-0.239318177104, -0.38424384594, -0.423217922449, -0.477018296719, -0.510559141636, -0.578499674797], "mean": [-0.540594577789, -0.653355062008, -0.696024656296, -0.736639082432, -0.773318886757, -0.803408205509], "median": [-0.538008928299, -0.644700527191, -0.704031050205, -0.747140288353, -0.797545015812, -0.822663068771], "min": [-0.962598085403, -0.972694754601, -0.962252438068, -0.96497130394, -0.96056830883, -0.953654587269], "var": [0.0136683462188, 0.00898532476276, 0.0117638716474, 0.00871616788208, 0.00700059719384, 0.003365481738]}, "spectral_contrast_valleys": {"dmean": [0.67394554615, 0.525086522102, 0.50090277195, 0.556191563606, 0.66314458847, 0.690059185028], "dmean2": [0.968469023705, 0.740261673927, 0.697807848454, 0.718406736851, 0.794554412365, 0.779742956161], "dvar": [0.486021101475, 0.368297278881, 0.355937719345, 0.40485778451, 0.498902916908, 0.52140468359], "dvar2": [0.763458430767, 0.576356589794, 0.533835709095, 0.588981807232, 0.784478604794, 0.780684411526], "max": [-5.52564573288, -4.74258041382, -5.67890310287, -5.65800905228