{"lowlevel": {"average_loudness": 0.96961170435, "barkbands_crest": {"dmean": 2.71882629395, "dmean2": 4.09421825409, "dvar": 7.90992164612, "dvar2": 16.0965423584, "max": 26.9214897156, "mean": 10.8906641006, "median": 10.2648067474, "min": 2.08298707008, "var": 25.403629303}, "barkbands_flatness_db": {"dmean": 0.0207485072315, "dmean2": 0.0308313909918, "dvar": 0.00140939932317, "dvar2": 0.0025442019105, "max": 0.964305579662, "mean": 0.10465362668, "median": 0.0945251137018, "min": 0.0148378126323, "var": 0.0038899120409}, "barkbands_kurtosis": {"dmean": 48.3906745911, "dmean2": 85.8964385986, "dvar": 664522.875, "dvar2": 1409761.625, "max": 28305.2871094, "mean": 50.5759773254, "median": 3.86406874657, "min": -1.78908264637, "var": 701284.625}, "barkbands_skewness": {"dmean": 0.740100443363, "dmean2": 1.18938088417, "dvar": 13.2688713074, "dvar2": 28.9005031586, "max": 102.547561646, "mean": 2.29449224472, "median": 2.01673555374, "min": -2.12299489975, "var": 17.5122871399}, "barkbands_spread": {"dmean": 5.78837633133, "dmean2": 8.94179534912, "dvar": 57.8660354614, "dvar2": 135.566070557, "max": 106.493858337, "mean": 25.2685241699, "median": 24.0680389404, "min": 0.00335389515385, "var": 164.435409546}, "dissonance": {"dmean": 0.0140548404306, "dmean2": 0.0239537339658, "dvar": 0.000174588698428, "dvar2": 0.000479106616694, "max": 0.500000119209, "mean": 0.471286535263, "median": 0.473897665739, "min": 0.307833641768, "var": 0.00030003732536}, "dynamic_complexity": 1.58057796955, "erbbands_crest": {"dmean": 1.33624660969, "dmean2": 2.20625925064, "dvar": 3.48268556595, "dvar2": 7.72583007812, "max": 35.3985290527, "mean": 5.2631521225, "median": 4.92407417297, "min": 1.78353834152, "var": 5.5961060524}, "erbbands_flatness_db": {"dmean": 0.0102502042428, "dmean2": 0.0157242231071, "dvar": 0.000203281524591, "dvar2": 0.000375753646949, "max": 0.269862532616, "mean": 0.0958213359118, "median": 0.101159021258, "min": 0.0225818362087, "var": 0.000556788581889}, "erbbands_kurtosis": {"dmean": 0.472214132547, "dmean2": 0.757936894894, "dvar": 10.1864728928, "dvar2": 23.7164974213, "max": 104.779541016, "mean": -0.180360108614, "median": -0.267135858536, "min": -1.66565787792, "var": 9.06926059723}, "erbbands_skewness": {"dmean": 0.223680153489, "dmean2": 0.358265519142, "dvar": 0.147749274969, "dvar2": 0.318107485771, "max": 9.64703941345, "mean": 0.316580206156, "median": 0.329136908054, "min": -1.68006396294, "var": 0.271578758955}, "erbbands_spread": {"dmean": 7.15307664871, "dmean2": 10.9277610779, "dvar": 85.3981323242, "dvar2": 159.897445679, "max": 135.405105591, "mean": 52.2550773621, "median": 46.9586830139, "min": 6.45634269714, "var": 313.790252686}, "hfc": {"dmean": 11.7016353607, "dmean2": 15.4060602188, "dvar": 221.729217529, "dvar2": 503.325927734, "max": 99.7162628174, "mean": 27.6377868652, "median": 22.7910575867, "min": 1.08813769932e-16, "var": 456.044494629}, "melbands_crest": {"dmean": 3.53729319572, "dmean2": 5.54913949966, "dvar": 15.8931503296, "dvar2": 31.1385498047, "max": 39.9999427795, "mean": 16.634059906, "median": 17.8168048859, "min": 1.60166525841, "var": 48.7631797791}, "melbands_flatness_db": {"dmean": 0.0257446542382, "dmean2": 0.0383268147707, "dvar": 0.00152947427705, "dvar2": 0.00268966658041, "max": 0.970655739307, "mean": 0.182936042547, "median": 0.180541589856, "min": 0.0027394676581, "var": 0.0051983310841}, "melbands_kurtosis": {"dmean": 1954.42895508, "dmean2": 3477.82202148, "dvar": 1784062976, "dvar2": 4250689792, "max": 1239086.75, "mean": 1534.5567627, "median": 15.9023427963, "min": -1.46428275108, "var": 1457425152}, "melbands_skewness": {"dmean": 2.70998311043, "dmean2": 4.61501169205, "dvar": 1289.17883301, "dvar2": 2843.93286133, "max": 1030.95825195, "mean": 5.34644031525, "median": 3.43185281754, "min": -0.371181696653, "var": 1262.83752441}, "melbands_spread": {"dmean": 5.96204328537, "dmean2": 9.43321800232, "dvar": 121.796890259, "dvar2": 236.102127075, "max": 178.696166992, "mean": 22.1105918884, "median": 16.22133255, "min": 0.000357709446689, "var": 573.316772461}, "pitch_salience": {"dmean": 0.0893265232444, "dmean2": 0.137576371431, "dvar": 0.00763359665871, "dvar2": 0.0152544621378, "max": 0.898409128189, "mean": 0.533980071545, "median": 0.543265938759, "min": 0.000172229847522, "var": 0.024716893211}, "silence_rate_20dB": {"dmean": 0, "dmean2": 0, "dvar": 0, "dvar2": 0, "max": 1, "mean": 1, "median": 1, "min": 1, "var": 0}, "silence_rate_30dB": {"dmean": 0.0895522385836, "dmean2": 0.179149791598, "dvar": 0.0815366059542, "dvar2": 0.21031871438, "max": 1, "mean": 0.942083954811, "median": 1, "min": 0, "var": 0.0545636713505}, "silence_rate_60dB": {"dmean": 0.0247912984341, "dmean2": 0.0495951399207, "dvar": 0.0241778623313, "dvar2": 0.057255666703, "max": 1, "mean": 0.0543753169477, "median": 0, "min": 0, "var": 0.0514198951423}, "spectral_centroid": {"dmean": 216.062042236, "dmean2": 347.001953125, "dvar": 109868.703125, "dvar2": 192731.6875, "max": 11650.7802734, "mean": 1549.80712891, "median": 1280.02209473, "min": 15.4560251236, "var": 2257343.25}, "spectral_complexity": {"dmean": 5.53908443451, "dmean2": 7.85475730896, "dvar": 35.941493988, "dvar2": 66.7451782227, "max": 52, "mean": 23.1138095856, "median": 23, "min": 0, "var": 124.011192322}, "spectral_decrease": {"dmean": 5.40630651358e-09, "dmean2": 8.39303027078e-09, "dvar": 5.9071058655e-17, "dvar2": 1.35662649717e-16, "max": 1.70364452688e-28, "mean": -1.26395756084e-08, "median": -1.16748104517e-08, "min": -6.55869314414e-08, "var": 9.25019270708e-17}, "spectral_energy": {"dmean": 0.0213055815548, "dmean2": 0.0328159891069, "dvar": 0.000903667474631, "dvar2": 0.00207086279988, "max": 0.253940373659, "mean": 0.0502115003765, "median": 0.0463145785034, "min": 9.94046448898e-21, "var": 0.00143215537537}, "spectral_energyband_high": {"dmean": 0.000769161095377, "dmean2": 0.00101928540971, "dvar": 1.25108022075e-06, "dvar2": 2.6914724458e-06, "max": 0.00763182993978, "mean": 0.00163362151943, "median": 0.00109290098771, "min": 6.88897582222e-21, "var": 2.47979710366e-06}, "spectral_energyband_low": {"dmean": 0.0116146514192, "dmean2": 0.0190559681505, "dvar": 0.000263363384875, "dvar2": 0.0005779757048, "max": 0.159918949008, "mean": 0.0285438131541, "median": 0.0304547250271, "min": 1.62852697709e-23, "var": 0.000466839846922}, "spectral_energyband_middle_high": {"dmean": 0.00221347692423, "dmean2": 0.00323568820022, "dvar": 1.26627446662e-05, "dvar2": 2.819106885e-05, "max": 0.0403474681079, "mean": 0.00516297481954, "median": 0.00354980351403, "min": 1.16188442441e-21, "var": 2.78759380308e-05}, "spectral_energyband_middle_low": {"dmean": 0.00666824681684, "dmean2": 0.0102427983657, "dvar": 8.66635964485e-05, "dvar2": 0.00019506814715, "max": 0.0757477805018, "mean": 0.0129198646173, "median": 0.00946214236319, "min": 1.45692713723e-22, "var": 0.000137960407301}, "spectral_entropy": {"dmean": 0.122763924301, "dmean2": 0.183599695563, "dvar": 0.0342638492584, "dvar2": 0.0597116313875, "max": 9.81941509247, "mean": 7.98197126389, "median": 7.97511911392, "min": 5.30220603943, "var": 0.185001119971}, "spectral_flux": {"dmean": 0.0524056889117, "dmean2": 0.0803500264883, "dvar": 0.00363182951696, "dvar2": 0.00771064963192, "max": 0.471319049597, "mean": 0.11202853173, "median": 0.09879514575, "min": 6.34315724946e-11, "var": 0.00556304119527}, "spectral_kurtosis": {"dmean": 0.559602439404, "dmean2": 0.929205536842, "dvar": 0.577065467834, "dvar2": 1.45467352867, "max": 17.9004077911, "mean": 2.59059023857, "median": 2.89774298668, "min": -1.26453328133, "var": 1.4904807806}, "spectral_rms": {"dmean": 0.00141493894625, "dmean2": 0.00210960605182, "dvar": 3.36513130605e-06, "dvar2": 6.82742120262e-06, "max": 0.0157399717718, "mean": 0.00636609364301, "median": 0.00672197528183, "min": 3.11416344101e-12, "var": 8.45975137054e-06}, "spectral_rolloff": {"dmean": 429.079193115, "dmean2": 687.383178711, "dvar": 963197.375, "dvar2": 1625597.25, "max": 19552.1484375, "mean": 1492.10058594, "median": 667.529296875, "min": 21.533203125, "var": 9083073}, "spectral_skewness": {"dmean": 0.0996138975024, "dmean2": 0.160127699375, "dvar": 0.0168159976602, "dvar2": 0.0369157604873, "max": 3.61754512787, "mean": 1.38916683197, "median": 1.47739124298, "min": -0.100712805986, "var": 0.0872703716159}, "spectral_spread": {"dmean": 483044.5625, "dmean2": 751545.375, "dvar": 1229801390080.0, "dvar2": 2414914306050.0, "max": 43073172, "mean": 6916320, "median": 5234516.5, "min": 4506005, "var": 27215339192300.0}, "spectral_strongpeak": {"dmean": 0.199021026492, "dmean2": 0.347032099962, "dvar": 0.0567190945148, "dvar2": 0.136746436357, "max": 2.96294736862, "mean": 0.406223058701, "median": 0.395153462887, "min": 0, "var": 0.0912158861756}, "zerocrossingrate": {"dmean": 0.0126811079681, "dmean2": 0.0132735399529, "dvar": 0.000379167031497, "dvar2": 0.000362896244042, "max": 0.5234375, "mean": 0.058789357543, "median": 0.03369140625, "min": 0, "var": 0.00660276552662}, "barkbands": {"dmean": [0.00732438871637, 0.00720216194168, 0.00383012020029, 0.00182227184996, 0.00259985029697, 0.00142397207674, 0.00139167485759, 0.000918879464734, 0.0010022749193, 0.000646847940516, 0.000510280951858, 0.000443647179054, 0.000494003645144, 0.000349715788616, 0.000334235810442, 0.000252340367297, 0.000204716372536, 0.000154885303346, 0.000108480460767, 0.000126825572806, 0.000152343287482, 0.00014435009507, 0.000124406797113, 0.00015093194088, 0.000128876825329, 6.93648617016e-05, 7.72856583353e-06], "dmean2": [0.0129724778235, 0.0122571690008, 0.0063288975507, 0.00303990952671, 0.00435123359784, 0.00244026118889, 0.00236691674218, 0.00156516814604, 0.00168568454683, 0.00111308938358, 0.00087040127255, 0.000728861254174, 0.000843322428409, 0.00057682878105, 0.000559603911825, 0.000412505178247, 0.000332259805873, 0.000255761086009, 0.000177461522981, 0.000204239870072, 0.000232260266785, 0.00021969647787, 0.000192493884242, 0.000217652705032, 0.000184255070053, 9.51666661422e-05, 1.0904717783e-05], "dvar": [0.000218437518924, 0.000102982812678, 3.68584078387e-05, 1.10594774014e-05, 1.88212234207e-05, 5.42463112652e-06, 7.36548190616e-06, 2.97618339573e-06, 4.38953247794e-06, 1.67640087056e-06, 1.07263929294e-06, 6.01463739258e-07, 6.94676543844e-07, 3.77627884518e-07, 3.30014898964e-07, 1.5317355917e-07, 7.48012638496e-08, 4.53868729267e-08, 2.32572627823e-08, 2.90084187782e-08, 4.15195628989e-08, 3.72423869521e-08, 4.00027175829e-08, 5.08100406194e-08, 5.0752632319e-08, 1.45687106823e-08, 1.9227158754e-10], "dvar2": [0.000589347968344, 0.000250306678936, 8.78436185303e-05, 2.67289451585e-05, 4.59506227344e-05, 1.52203929247e-05, 2.03727358894e-05, 8.12037160358e-06, 1.22381134133e-05, 4.58965678263e-06, 2.89071772386e-06, 1.53615053478e-06, 1.92129550669e-06, 9.78852312983e-07, 8.84321480044e-07, 3.84561218425e-07, 1.85127973396e-07, 1.2414781736e-07, 5.70595268812e-08, 7.24813631336e-08, 9.4290527386e-08, 8.16184950736e-08, 8.74788455008e-08, 1.05347652379e-07, 1.04689313218e-07, 2.99164923945e-08, 3.95160987265e-10], "max": [0.152574628592, 0.130600869656, 0.0662346035242, 0.0497289597988, 0.0423070751131, 0.0247656740248, 0.028023481369, 0.0185057930648, 0.0289063304663, 0.0172806940973, 0.0189211945981, 0.00888838525862, 0.00863917265087, 0.00695811444893, 0.0109222037718, 0.00387870287523, 0.00294499145821, 0.00339273572899, 0.00139023608062, 0.00158917275257, 0.00166804378387, 0.00150529341772, 0.0021140826866, 0.00168874603696, 0.00160542794038, 0.000806552474387, 9.27492292249e-05], "mean": [0.0058372891508, 0.0179890226573, 0.00685543660074, 0.00224680127576, 0.00373849458992, 0.00210908311419, 0.00186123792082, 0.00132225186098, 0.00126370950602, 0.000894708384294, 0.000684057478793, 0.000648121174891, 0.000681527599227, 0.000555137579795, 0.000516881525982, 0.000405283411965, 0.000380500685424, 0.000274621124845, 0.000200541806407, 0.000233927858062, 0.000295024074148, 0.000283043598756, 0.00023397213954, 0.000300821586279, 0.000251827761531, 0.000133781402837, 1.43695178849e-05], "median": [0.000887642148882, 0.0180060788989, 0.00311730103567, 0.000852006254718, 0.00225219409913, 0.00132745108567, 0.00112995994277, 0.00076276564505, 0.000653650262393, 0.000471979059512, 0.000324116670527, 0.000308617571136, 0.000327280489728, 0.000238866821746, 0.000252980098594, 0.000216551881749, 0.000259546446614, 0.000205466174521, 0.000135829322971, 0.000174580083694, 0.000211743579712, 0.000199121393962, 0.000131406137371, 0.000185105891433, 0.000116235227324, 5.71000637137e-05, 5.07626873514e-06], "min": [2.87985111934e-25, 2.30659240762e-24, 4.19737554184e-25, 1.52716263034e-24, 8.05912212573e-24, 6.27380683492e-24, 4.53245949552e-24, 1.13702237804e-23, 4.58432710003e-24, 1.07955323001e-23, 1.6830159664e-23, 2.58140705287e-23, 3.28629576577e-23, 3.47042946945e-23, 3.52439765279e-23, 3.90214369725e-23, 6.21896664474e-23, 1.10538118291e-22, 1.22691145314e-22, 1.72630887376e-22, 2.55642505862e-22, 3.45742891552e-22, 3.81997323168e-22, 5.72447707491e-22, 7.76816905086e-22, 1.29295347449e-21, 1.84440273967e-21], "var": [0.00015693444584, 0.000224394432735, 6.95251728757e-05, 1.58330894919e-05, 2.1597941668e-05, 5.81693166168e-06, 6.56067186355e-06, 3.17267245009e-06, 4.03529656978e-06, 1.73437138073e-06, 1.19220828765e-06, 8.45224576551e-07, 8.76186220466e-07, 6.34309515135e-07, 4.94663254358e-07, 2.64981025566e-07, 1.54830615884e-07, 7.25470670204e-08, 4.05296489703e-08, 4.53170905246e-08, 7.50319557596e-08, 6.7231709977e-08, 6.95571742426e-08, 9.6816364703e-08, 9.81084724572e-08, 2.92220860842e-08, 3.79128006767e-10]}, "erbbands": {"dmean": [0.219872698188, 1.73014438152, 4.25394487381, 5.31273698807, 7.5145983696, 8.91505813599, 10.5419492722, 12.3454437256, 20.1696434021, 19.5107536316, 18.977684021, 24.3671913147, 18.9638957977, 19.288766861, 19.6321678162, 18.1832275391, 21.8337879181, 17.8793449402, 16.0279464722, 15.9074459076, 12.8204860687, 10.2900276184, 8.32490825653, 6.8328204155, 5.41632127762, 5.8142285347, 6.04131650925, 6.19557094574, 5.52185344696, 4.13638114929, 3.52736926079, 3.43134021759, 2.52803206444, 1.54648947716, 0.891096770763, 0.403317630291, 0.108796857297, 0.0182875804603, 0.00127271621022, 5.89490300626e-05], "dmean2": [0.380974620581, 2.92187571526, 6.99855852127, 8.72388458252, 12.5305614471, 15.0763959885, 17.9608860016, 21.317741394, 34.0470809937, 33.4103507996, 31.8322658539, 41.0222358704, 32.3644981384, 32.8601875305, 33.330619812, 29.6778926849, 37.1160812378, 29.3743247986, 26.0881195068, 26.1408367157, 20.86302948, 16.3579940796, 13.5496931076, 11.2597589493, 8.77482700348, 9.34718513489, 9.34739685059, 9.4638338089, 8.4868850708, 6.23479747772, 5.50074768066, 5.36920213699, 3.65178513527, 2.24805736542, 1.28936493397, 0.58147084713, 0.14567553997, 0.0256188064814, 0.00166070612613, 7.91625498096e-05], "dvar": [0.113867565989, 6.06343889236, 44.0794067383, 79.4315261841, 197.9425354, 244.479202271, 278.773376465, 470.502380371, 1392.25842285, 1463.55407715, 1379.63439941, 2765.26733398, 1615.49145508, 1997.70336914, 1382.28112793, 1001.43652344, 1373.03100586, 931.457336426, 879.08013916, 630.015563965, 362.755279541, 198.598220825, 152.679733276, 93.1073913574, 62.6859436035, 60.8521537781, 64.2648544312, 69.4047164917, 52.3382873535, 36.6915016174, 34.8174858093, 27.8860321045, 14.6532993317, 6.95343732834, 2.45917248726, 0.464905202389, 0.0393395982683, 0.00107053120155, 5.30774786967e-06, 8.00789479172e-09], "dvar2": [0.294135451317, 14.7241067886, 102.060379028, 180.560150146, 485.902130127, 610.694335938, 772.690246582, 1327.11877441, 3862.75097656, 3964.66894531, 3759.20776367, 7761.19238281, 4366.93847656, 5446.4296875, 3839.23046875, 2549.6184082, 3760.37866211, 2388.97338867, 2272.69873047, 1645.26855469, 894.830566406, 462.865112305, 412.561706543, 241.018783569, 158.080978394, 150.693267822, 149.299972534, 159.26071167, 117.851036072, 78.6930389404, 77.9940948486, 62.1454315186, 31.1560745239, 14.3616199493, 5.15345287323, 0.974508404732, 0.0805808529258, 0.00218805111945, 1.09056682049e-05, 1.74073129244e-08], "max": [3.0986020565, 35.1570549011, 78.1441650391, 148.897338867, 171.927062988, 175.705047607, 166.755340576, 213.740203857, 429.754455566, 499.61730957, 716.616333008, 764.168212891, 723.874938965, 861.456604004, 694.10345459, 398.492492676, 401.428039551, 358.674194336, 433.788208008, 415.128356934, 194.716812134, 174.24319458, 226.334686279, 120.346839905, 81.69140625, 78.6700515747, 75.7271270752, 66.7043075562, 60.9752616882, 55.5193824768, 69.6956634521, 51.6689910889, 26.2997722626, 19.8322715759, 10.7639904022, 5.0821518898, 1.31253099442, 0.217054873705, 0.015594040975, 0.000668011256494], "mean": [0.408407330513, 4.39619350433, 9.18794155121, 7.62473535538, 9.33231067657, 12.1803655624, 14.8233261108, 17.7099838257, 29.8961009979, 26.4943885803, 27.8765220642, 31.4228420258, 27.7278022766, 26.9531402588, 27.9863300323, 27.7114582062, 31.2166481018, 29.8187389374, 26.5975341797, 26.689786911, 22.0615196228, 20.3832569122, 15.9600467682, 12.2720518112, 10.2750387192, 10.929359436, 11.5992794037, 11.5310049057, 10.5439815521, 8.08179569244, 6.539955616, 6.11134576797, 4.9686050415, 3.03240323067, 1.69067811966, 0.761731266975, 0.2079603374, 0.0343147292733, 0.00244191312231, 0.000129788502818], "median": [0.216765314341, 4.64526033401, 4.7113161087, 3.63386774063, 4.57044029236, 6.9670419693, 8.54149150848, 11.4028978348, 18.9692611694, 15.8528547287, 15.5526390076, 17.2468547821, 14.1830654144, 13.662153244, 13.8983182907, 13.9037723541, 15.3298187256, 14.0648403168, 13.7645378113, 14.3652744293, 13.7431430817, 14.1354103088, 12.0772838593, 8.88570308685, 7.04557132721, 8.3934879303, 8.3863286972, 7.93670272827, 7.51892757416, 5.42275810242, 3.5651807785, 3.70500230789, 3.0029463768, 1.52642846107, 0.753258943558, 0.357230573893, 0.0687431842089, 0.0125683173537, 0.000776932516601, 8.98996077012e-05], "min": [1.14542881117e-22, 6.54052881646e-22, 2.16831867039e-21, 2.82117561366e-21, 1.36950413283e-20, 2.56258695844e-20, 4.50252437365e-20, 3.97042299628e-20, 8.31442983777e-20, 1.58049528887e-19, 2.7172516061e-19, 2.21292759994e-19, 3.70823646891e-19, 6.59399433006e-19, 9.79616867954e-19, 1.15738066993e-18, 1.45664065688e-18, 1.7719697646e-18, 1.78815934355e-18, 2.97486801229e-18, 2.30683612241e-18, 4.25889034419e-18, 6.45140493607e-18, 5.73780325265e-18, 7.77769474971e-18, 9.84132508957e-18, 9.96585134052e-18, 1.08540249427e-17, 1.07614882476e-17, 1.1259925778e-17, 1.10540388692e-17, 1.17082014217e-17, 1.01793292858e-17, 8.06341782253e-18, 6.53649948722e-18, 4.22109315328e-18, 2.3229727618e-18, 9.75785367357e-19, 2.65434607148e-19, 2.44712272312e-20], "var": [0.222944736481, 13.2047700882, 102.501190186, 126.06867218, 208.330673218, 272.63494873, 321.346435547, 459.774261475, 1346.81738281, 1418.73815918, 1429.56115723, 2495.46704102, 1709.05627441, 1943.17321777, 1610.49890137, 1454.42114258, 1781.96337891, 1627.41943359, 1329.40734863, 1097.9239502, 630.44152832, 443.615264893, 262.991638184, 155.576156616, 101.007965088, 94.5759887695, 111.367042542, 122.635292053, 93.0547943115, 65.035987854, 57.9770507812, 44.9300308228, 27.2410182953, 13.2964820862, 4.62387943268, 0.884099781513, 0.0792174935341, 0.00211249734275, 1.10016680992e-05, 1.4746131427e-08]}, "gfcc": {"mean": [21.048538208, 69.1746063232, -90.7126235962, 31.6157455444, -55.6364440918, 22.2238636017, -36.5710639954, 13.3543510437, -20.3010482788, 9.23603248596, -16.6691265106, 3.38259267807, -11.8186178207], "cov": [[41114.8085938, 2016.90783691, -2637.95996094, 965.12713623, -1655.36730957, 895.673461914, -1104.24157715, 482.772949219, -641.177307129, 402.757965088, -629.278625488, 156.133041382, -414.97833252], [2016.90783691, 969.422363281, -291.75692749, 92.3441543579, -60.5363616943, 44.415058136, -24.8771820068, 1.42952680588, 44.2099609375, 17.2408924103, 17.3302707672, -6.27170705795, 41.7683982849], [-2637.95996094, -291.75692749, 561.683898926, 57.2696685791, 213.479187012, -24.107011795, 146.614746094, 26.8728637695, 59.1845741272, -7.97290325165, 65.94871521, 10.3386602402, 15.1696529388], [965.12713623, 92.3441543579, 57.2696685791, 132.316970825, 47.8729438782, 51.7605171204, 13.0414085388, 44.9945831299, 10.5859079361, 20.2002124786, 17.3447227478, 10.1906023026, -4.49732112885], [-1655.36730957, -60.5363616943, 213.479187012, 47.8729438782, 211.336959839, 47.8543205261, 116.945251465, 19.4652938843, 81.420463562, 18.2980995178, 62.6384162903, 14.7826967239, 44.5606842041], [895.673461914, 44.415058136, -24.107011795, 51.7605171204, 47.8543205261, 100.383399963, 37.1851997375, 33.213092804, 26.9384822845, 37.6499061584, 1.43126857281, 23.0052394867, 19.7264633179], [-1104.24157715, -24.8771820068, 146.614746094, 13.0414085388, 116.945251465, 37.1851997375, 110.515258789, 29.0088272095, 60.8936767578, 13.8468370438, 37.1991119385, 11.840678215, 38.4601364136], [482.772949219, 1.42952680588, 26.8728637695, 44.9945831299, 19.4652938843, 33.213092804, 29.0088272095, 59.682926178, 27.8245429993, 21.7784004211, 13.367102623, 10.434969902, -1.59781813622], [-641.177307129, 44.2099609375, 59.1845741272, 10.5859079361, 81.420463562, 26.9384822845, 60.8936767578, 27.8245429993, 80.4185256958, 32.9235992432, 40.8637771606, 14.4357404709, 27.3107318878], [402.757965088, 17.2408924103, -7.97290325165, 20.2002124786, 18.2980995178, 37.6499061584, 13.8468370438, 21.7784004211, 32.9235992432, 48.8454971313, 21.9190540314, 20.572593689, 13.9896535873], [-629.278625488, 17.3302707672, 65.94871521, 17.3447227478, 62.6384162903, 1.43126857281, 37.1991119385, 13.367102623, 40.8637771606, 21.9190540314, 58.6150856018, 20.3425159454, 18.3206729889], [156.133041382, -6.27170705795, 10.3386602402, 10.1906023026, 14.7826967239, 23.0052394867, 11.840678215, 10.434969902, 14.4357404709, 20.572593689, 20.3425159454, 37.2650604248, 22.357427597], [-414.97833252, 41.7683982849, 15.1696529388, -4.49732112885, 44.5606842041, 19.7264633179, 38.4601364136, -1.59781813622, 27.3107318878, 13.9896535873, 18.3206729889, 22.357427597, 57.6141662598]], "icov": [[0.000451839005109, -0.000570347241592, -4.37761373178e-05, -0.00139194587246, 0.00206547835842, -0.00377297122031, 0.00280941091478, -0.00285605806857, 0.0021938199643, -0.00233935774304, 0.00174347974826, -0.00112098979298, 0.00071921700146], [-0.000570347241592, 0.00335092446767, 0.00143237865996, -0.00324457325041, 0.00209859479219, 0.00329467374831, -0.00537846097723, 0.00818759854883, -0.00856876932085, 0.00703028030694, -0.0056783715263, 0.00481743179262, -0.00381050608121], [-4.37761373178e-05, 0.00143237865996, 0.00776903610677, -0.00691842194647, -0.00478004990146, 0.0130244903266, -0.0135592790321, 0.00402263831347, 0.00127365544904, -0.00432548997924, 0.00655634468421, -0.00805484317243, 0.00594868697226], [-0.00139194587246, -0.00324457325041, -0.00691842194647, 0.0332450382411, -0.0182067379355, -0.00141044694465, 0.0123617760837, -0.0148955648765, 0.00908947456628, 0.00514534814283, -0.0111613562331, 0.00756198586896, -0.00230075465515], [0.00206547835842, 0.00209859479219, -0.00478004990146, -0.0182067379355, 0.045815974474, -0.0394758656621, 0.00690362276509, 0.00658789090812, -0.0146886799484, 0.0117483800277, -0.0179589539766, 0.0145568232983, -0.00898018851876], [-0.00377297122031, 0.00329467374831, 0.0130244903266, -0.00141044694465, -0.0394758656621, 0.0886962041259, -0.0542904436588, 0.0223515667021, -0.00399428606033, -0.0179749783128, 0.0286544319242, -0.02578477934, 0.0110731357709], [0.00280941091478, -0.00537846097723, -0.0135592790321, 0.0123617760837, 0.00690362276509, -0.0542904436588, 0.0785511210561, -0.0422823876143, 0.00565406773239, 0.00607055053115, -0.00868689082563, 0.0161795057356, -0.0193609204143], [-0.00285605806857, 0.00818759854883, 0.00402263831347, -0.0148955648765, 0.00658789090812, 0.0223515667021, -0.0422823876143, 0.0683775544167, -0.0366856269538, 0.0171320755035, -0.0129601899534, 0.00313931284472, 0.00477760564536], [0.0021938199643, -0.00856876932085, 0.00127365544904, 0.00908947456628, -0.0146886799484, -0.00399428606033, 0.00565406773239, -0.0366856269538, 0.0677078142762, -0.0448293723166, 0.012966228649, -0.0107620740309, 0.00916729774326], [-0.00233935774304, 0.00703028030694, -0.00432548997924, 0.00514534814283, 0.0117483800277, -0.0179749783128, 0.00607055053115, 0.0171320755035, -0.0448293723166, 0.0822913125157, -0.0434413291514, 0.0172539874911, -0.0185282137245], [0.00174347974826, -0.0056783715263, 0.00655634468421, -0.0111613562331, -0.0179589539766, 0.0286544319242, -0.00868689082563, -0.0129601899534, 0.012966228649, -0.0434413291514, 0.0771986842155, -0.0475178770721, 0.0218885466456], [-0.00112098979298, 0.00481743179262, -0.00805484317243, 0.00756198586896, 0.0145568232983, -0.02578477934, 0.0161795057356, 0.00313931284472, -0.0107620740309, 0.0172539874911, -0.0475178770721, 0.0792531296611, -0.0367317348719], [0.00071921700146, -0.00381050608121, 0.00594868697226, -0.00230075465515, -0.00898018851876, 0.0110731357709, -0.0193609204143, 0.00477760564536, 0.00916729774326, -0.0185282137245, 0.0218885466456, -0.0367317348719, 0.0472118295729]]}, "melbands": {"dmean": [0.00210874760523, 0.00219062063843, 0.000953182694502, 0.000572276476305, 0.000377088115783, 0.000281805783743, 0.000301315361867, 0.000210997590329, 0.000165270248544, 0.000146686157677, 9.44848070503e-05, 8.00493071438e-05, 6.65019833832e-05, 5.21604306414e-05, 5.01953909406e-05, 4.59323673567e-05, 3.60875674232e-05, 2.65945600404e-05, 2.50875491474e-05, 2.04272892006e-05, 1.52289421749e-05, 1.19787609947e-05, 9.39332130656e-06, 7.20297521184e-06, 5.86414716963e-06, 4.35559468315e-06, 4.24172958446e-06, 4.05482342103e-06, 3.91028879676e-06, 4.13447469327e-06, 3.6624396671e-06, 3.4063084513e-06, 2.75876823252e-06, 2.27690134125e-06, 2.02370529223e-06, 2.32589445659e-06, 2.0954610136e-06, 1.88106139376e-06, 1.61612126703e-06, 1.27263831473e-06], "dmean2": [0.00356836710125, 0.00361733115278, 0.00156099756714, 0.000950915389694, 0.000641340389848, 0.000482368021039, 0.000507836986799, 0.00036116989213, 0.00027621127083, 0.000247309479164, 0.000161967676831, 0.000137030976475, 0.000112982626888, 8.60283398652e-05, 8.53498713695e-05, 7.79414040153e-05, 6.02566178713e-05, 4.36888476543e-05, 4.1592069465e-05, 3.35028234986e-05, 2.51927176578e-05, 1.92207098735e-05, 1.55933103088e-05, 1.20552531371e-05, 9.81292578217e-06, 7.21836613593e-06, 6.90405568093e-06, 6.61257809043e-06, 6.27395775155e-06, 6.51986692901e-06, 5.70591328142e-06, 5.34298987986e-06, 4.27237409895e-06, 3.522531415e-06, 3.18318802783e-06, 3.79123139282e-06, 3.28015539708e-06, 2.78994298242e-06, 2.47059847425e-06, 1.87105922578e-06], "dvar": [9.57399424806e-06, 1.03509437395e-05, 2.38366828853e-06, 1.03667605345e-06, 3.34561860882e-07, 2.29984905786e-07, 3.23835308791e-07, 1.69624016166e-07, 1.11635237943e-07, 1.01810144315e-07, 4.06754310234e-08, 3.37922152482e-08, 1.52569761269e-08, 8.80818262772e-09, 7.34220551024e-09, 6.40978958799e-09, 3.94800458992e-09, 2.45432763002e-09, 1.93441995755e-09, 1.04489661368e-09, 5.20643417268e-10, 3.02177366462e-10, 1.78064424317e-10, 9.70338601136e-11, 7.39755479096e-11, 4.36487825051e-11, 4.1437023951e-11, 3.0776534099e-11, 2.82640074539e-11, 3.07279444944e-11, 2.48195301117e-11, 1.98607900959e-11, 1.4845395746e-11, 1.18988889922e-11, 1.15027527434e-11, 1.46138968982e-11, 9.74098753048e-12, 7.80231695224e-12, 6.54704502417e-12, 4.86261812066e-12], "dvar2": [2.33224764088e-05, 2.40170502366e-05, 5.47580157217e-06, 2.49249251283e-06, 9.0671670705e-07, 6.43460339234e-07, 9.00215638922e-07, 4.60681150116e-07, 3.08189981979e-07, 2.85490557417e-07, 1.0996880917e-07, 9.29350676415e-08, 4.15484926464e-08, 2.26998473352e-08, 1.9853155564e-08, 1.75445009631e-08, 1.04783062227e-08, 6.36882058203e-09, 5.22385112944e-09, 2.70275424263e-09, 1.34578781452e-09, 7.27450155669e-10, 4.67069605214e-10, 2.73060102307e-10, 1.95931479374e-10, 1.19001322685e-10, 1.07643276237e-10, 7.64923263619e-11, 6.88046911113e-11, 7.27304466652e-11, 5.8116355478e-11, 4.68097435813e-11, 3.26592780597e-11, 2.5897221867e-11, 2.59181426321e-11, 3.49025704172e-11, 2.13099867613e-11, 1.67186178096e-11, 1.40455320985e-11, 1.00896999089e-11], "max": [0.0294608958066, 0.0384654887021, 0.0211592055857, 0.00974792987108, 0.00601515732706, 0.00489555811509, 0.00628371536732, 0.0055488939397, 0.00700899632648, 0.00421662675217, 0.00353736360557, 0.00325261056423, 0.00200418825261, 0.00116218498442, 0.00095903564943, 0.000862513901666, 0.000812021025922, 0.000695038819686, 0.000901363440789, 0.000354657735443, 0.000215982159716, 0.000230538731557, 0.000173317632289, 0.000137647206429, 0.00010762920283, 8.61135849846e-05, 8.2064740127e-05, 6.24141248409e-05, 5.74259902351e-05, 5.23070157215e-05, 4.72419960715e-05, 4.57513706351e-05, 3.33751195285e-05, 3.3418808016e-05, 4.34171743109e-05, 3.97688818339e-05, 2.67329505732e-05, 2.02863702725e-05, 1.76873963937e-05, 1.68895312527e-05], "mean": [0.00471779098734, 0.00541189033538, 0.00139905477408, 0.000760441063903, 0.000550221302547, 0.000414316920796, 0.000442905613454, 0.000286589609459, 0.000234014485613, 0.000185282944585, 0.000134011526825, 0.000106607680209, 9.311157919e-05, 7.69247344579e-05, 7.06286591594e-05, 6.3205632614e-05, 5.55522674404e-05, 4.20942669734e-05, 3.87053114537e-05, 3.30561961164e-05, 2.39063774643e-05, 2.19486628339e-05, 1.72300642589e-05, 1.20568874991e-05, 9.68642780208e-06, 7.38278004064e-06, 7.52216374167e-06, 7.12425662641e-06, 7.02753095538e-06, 7.21771766621e-06, 6.49205003356e-06, 6.13945667283e-06, 5.0639678193e-06, 4.28719886258e-06, 3.70628117707e-06, 3.70649695469e-06, 3.75860986424e-06, 3.60251669917e-06, 3.00502460959e-06, 2.39920109379e-06], "median": [0.0039297901094, 0.00450383638963, 0.000720193143934, 0.000404647638788, 0.000356815755367, 0.000270122545771, 0.000284438312519, 0.000174254528247, 0.000134719884954, 9.70858673099e-05, 6.63051905576e-05, 5.07765871589e-05, 4.61908784928e-05, 3.78668264602e-05, 3.23810381815e-05, 2.94756973744e-05, 2.33612117881e-05, 2.0944597054e-05, 1.815478754e-05, 1.69625218405e-05, 1.46280126501e-05, 1.45715757753e-05, 1.18548923638e-05, 9.03191175894e-06, 6.62879483571e-06, 4.61422860099e-06, 5.26354733665e-06, 5.30718762093e-06, 5.00837268191e-06, 5.02980947203e-06, 4.28384510087e-06, 4.34336425315e-06, 3.3922676721e-06, 2.71489830084e-06, 1.8834250568e-06, 2.10578764381e-06, 2.33198898059e-06, 2.18693185161e-06, 1.71273654814e-06, 1.01155876564e-06], "min": [1.5196135273e-24, 1.2731693376e-24, 7.53191573315e-25, 1.34994926811e-24, 1.5423019558e-24, 9.49514499329e-25, 1.20149866195e-24, 1.80809956591e-24, 2.02389759413e-24, 8.51075110765e-25, 1.5839266945e-24, 2.28758539575e-24, 3.15571242524e-24, 2.86800597842e-24, 2.31190617468e-24, 3.05441854349e-24, 2.82668209154e-24, 2.46465883378e-24, 2.24038094526e-24, 2.97986921579e-24, 1.76662717597e-24, 3.99586605259e-24, 4.01453286819e-24, 4.15656648532e-24, 4.05712346847e-24, 4.65430142891e-24, 4.68600495983e-24, 5.73735420367e-24, 5.1733959648e-24, 5.20960704693e-24, 4.36439662396e-24, 5.7424384122e-24, 5.92875828611e-24, 5.77959533856e-24, 5.18932306648e-24, 6.60822351087e-24, 6.08209982988e-24, 5.69188347223e-24, 5.55166975721e-24, 5.23486676755e-24], "var": [1.88072262972e-05, 2.30308087339e-05, 3.51038147528e-06, 1.15522880151e-06, 3.83128622161e-07, 2.37458195329e-07, 3.06308209019e-07, 1.67910371829e-07, 1.08811164523e-07, 9.16654059324e-08, 4.27942765668e-08, 3.20930588771e-08, 1.79728516514e-08, 1.17172689329e-08, 9.84214931776e-09, 8.24783707998e-09, 6.47963593892e-09, 3.63736973874e-09, 2.99656943703e-09, 1.84017112659e-09, 8.07125311031e-10, 6.22138951467e-10, 3.22334714475e-10, 1.37464178929e-10, 1.17645268527e-10, 6.67524299724e-11, 6.1359736736e-11, 4.59762367067e-11, 4.29147585523e-11, 5.02674048219e-11, 4.22349759333e-11, 3.33996511004e-11, 2.43833564451e-11, 2.03207728422e-11, 1.937144542e-11, 2.02309748815e-11, 1.61703671286e-11, 1.41262010769e-11, 1.14891247557e-11, 9.24820029585e-12]}, "mfcc": {"mean": [-610.905517578, 103.703948975, 19.4383811951, 17.3117160797, 8.10340023041, 9.15263366699, 0.879883110523, 3.46594524384, 4.38224649429, 2.62047052383, 2.52915120125, 5.36902046204, 0.227250143886], "cov": [[11878.3408203, 1581.98010254, 331.141998291, 196.442626953, 210.496200562, 336.444915771, 93.7391967773, 80.5572128296, 229.229690552, 53.1520233154, 74.8286743164, 168.255218506, -0.0885582566261], [1581.98010254, 879.952392578, -11.0235500336, 81.9065322876, 11.1743440628, 62.0153045654, -26.0701580048, 6.78369092941, 37.8558197021, -2.26913499832, 10.9314460754, 56.8011360168, -4.38657712936], [331.141998291, -11.0235500336, 203.134414673, 102.443756104, 46.5549163818, -2.38789319992, 38.6532974243, 34.2842063904, -4.87943744659, 27.0155143738, 18.7839488983, -10.8491163254, 27.7346496582], [196.442626953, 81.9065322876, 102.443756104, 109.249420166, 61.9469337463, 11.9055461884, 34.3449630737, 32.3050689697, -2.02188181877, 26.9601078033, 23.7648582458, 3.00374150276, 22.9679870605], [210.496200562, 11.1743440628, 46.5549163818, 61.9469337463, 80.6501846313, 45.5457649231, 36.7606620789, 30.7385635376, 17.5729637146, 26.6276092529, 25.4446697235, 14.8592815399, 18.362443924], [336.444915771, 62.0153045654, -2.38789319992, 11.9055461884, 45.5457649231, 86.5359115601, 33.6190834045, 19.9174938202, 48.2028007507, 7.85344791412, 16.2749614716, 25.8990783691, 10.1296882629], [93.7391967773, -26.0701580048, 38.6532974243, 34.3449630737, 36.7606620789, 33.6190834045, 57.8066711426, 32.0966377258, 24.663312912, 17.1325378418, 12.1488437653, 5.58860635757, 11.6090278625], [80.5572128296, 6.78369092941, 34.2842063904, 32.3050689697, 30.7385635376, 19.9174938202, 32.0966377258, 51.0899124146, 22.4641780853, 23.2036533356, 20.0129051208, 12.4394817352, 14.8097829819], [229.229690552, 37.8558197021, -4.87943744659, -2.02188181877, 17.5729637146, 48.2028007507, 24.663312912, 22.4641780853, 76.3981704712, 11.8694343567, 12.5673809052, 20.4567813873, 0.245694413781], [53.1520233154, -2.26913499832, 27.0155143738, 26.9601078033, 26.6276092529, 7.85344791412, 17.1325378418, 23.2036533356, 11.8694343567, 56.3600006104, 26.3575515747, 11.2195749283, 12.2594146729], [74.8286743164, 10.9314460754, 18.7839488983, 23.7648582458, 25.4446697235, 16.2749614716, 12.1488437653, 20.0129051208, 12.5673809052, 26.3575515747, 48.1702804565, 20.8968391418, 14.8481578827], [168.255218506, 56.8011360168, -10.8491163254, 3.00374150276, 14.8592815399, 25.8990783691, 5.58860635757, 12.4394817352, 20.4567813873, 11.2195749283, 20.8968391418, 46.0078849792, 15.2099018097], [-0.0885582566261, -4.38657712936, 27.7346496582, 22.9679870605, 18.362443924, 10.1296882629, 11.6090278625, 14.8097829819, 0.245694413781, 12.2594146729, 14.8481578827, 15.2099018097, 44.6179580688]], "icov": [[0.000145929050632, -0.000327699701302, -0.000569332041778, 0.000828003278002, -0.000597505306359, -5.80737105338e-05, -0.000172677013325, 0.000176689893124, -7.21185861039e-05, 4.48629361927e-06, -1.38757013701e-05, -0.000145570709719, 0.000194512802409], [-0.000327699701302, 0.00295961555094, 0.00255584158003, -0.00822582002729, 0.00578873325139, -0.00355485663749, 0.0038587320596, -0.00101818353869, -0.000166999190697, -0.000212414030102, 0.00126711919438, -0.00218301848508, 0.00107647653203], [-0.000569332041778, 0.00255584158003, 0.0135129056871, -0.016728265211, 0.00749486684799, -0.000775607535616, 0.000362590595614, -0.0018031783402, -0.000695148424711, -0.00062877923483, 0.000408002961194, 0.00289705814794, -0.00288930744864], [0.000828003278002, -0.00822582002729, -0.016728265211, 0.0534421280026, -0.0352908745408, 0.016611687839, -0.0132693666965, 0.000503578223288, 0.00295468955301, 0.00140852481127, -0.00573956826702, 0.00557964527979, -0.00427654804662], [-0.000597505306359, 0.00578873325139, 0.00749486684799, -0.0352908745408, 0.0519963540137, -0.0259878430516, 0.00427324976772, -0.00525787658989, 0.00506905140355, -0.00671712262556, -0.000374834547983, -0.00335672916844, 0.00229693832807], [-5.80737105338e-05, -0.00355485663749, -0.000775607535616, 0.016611687839, -0.0259878430516, 0.0385732464492, -0.0150446686894, 0.00630548782647, -0.0127874081954, 0.00680616032332, -0.00279465154745, -0.00308916252106, -0.00447588134557], [-0.000172677013325, 0.0038587320596, 0.000362590595614, -0.0132693666965, 0.00427324976772, -0.0150446686894, 0.0423639416695, -0.0158319864422, -0.00340044707991, -0.00223156111315, 0.00530512211844, 0.00238269078545, 0.00092791300267], [0.000176689893124, -0.00101818353869, -0.0018031783402, 0.000503578223288, -0.00525787658989, 0.00630548782647, -0.0158319864422, 0.0398329533637, -0.00726049207151, -0.00440356368199, -0.00480581074953, -0.00280311377719, -0.00380325387232], [-7.21185861039e-05, -0.000166999190697, -0.000695148424711, 0.00295468955301, 0.00506905140355, -0.0127874081954, -0.00340044707991, -0.00726049207151, 0.0251236166805, -0.00312201096676, -0.000239308428718, -0.0039540361613, 0.00515324017033], [4.48629361927e-06, -0.000212414030102, -0.00062877923483, 0.00140852481127, -0.00671712262556, 0.00680616032332, -0.00223156111315, -0.00440356368199, -0.00312201096676, 0.0281083658338, -0.0108380820602, -0.000387704320019, -0.00106067943852], [-1.38757013701e-05, 0.00126711919438, 0.000408002961194, -0.00573956826702, -0.000374834547983, -0.00279465154745, 0.00530512211844, -0.00480581074953, -0.000239308428718, -0.0108380820602, 0.0366180427372, -0.0121697355062, -0.00122904602904], [-0.000145570709719, -0.00218301848508, 0.00289705814794, 0.00557964527979, -0.00335672916844, -0.00308916252106, 0.00238269078545, -0.00280311377719, -0.0039540361613, -0.000387704320019, -0.0121697355062, 0.0398927517235, -0.0119156138971], [0.000194512802409, 0.00107647653203, -0.00288930744864, -0.00427654804662, 0.00229693832807, -0.00447588134557, 0.00092791300267, -0.00380325387232, 0.00515324017033, -0.00106067943852, -0.00122904602904, -0.0119156138971, 0.0323419906199]]}, "spectral_contrast_coeffs": {"dmean": [0.0583076588809, 0.0500775910914, 0.0393076837063, 0.0329893566668, 0.0229470487684, 0.0179600063711], "dmean2": [0.0960692614317, 0.0841436982155, 0.064980968833, 0.0550579316914, 0.0382320173085, 0.0298135019839], "dvar": [0.00302317296155, 0.00180763122626, 0.0013137011556, 0.000967779953498, 0.000562537519727, 0.000384630082408], "dvar2": [0.00659802556038, 0.00474941730499, 0.00310342526063, 0.00220395438373, 0.00121337547898, 0.000768963829614], "max": [-0.340728372335, -0.481269687414, -0.528963029385, -0.568181157112, -0.613140106201, -0.620144844055], "mean": [-0.653000891209, -0.742902159691, -0.781507372856, -0.797347605228, -0.797285914421, -0.77151709795], "median": [-0.651979029179, -0.742307543755, -0.788069367409, -0.802234470844, -0.801410734653, -0.77007484436], "min": [-0.994622945786, -0.985477268696, -0.973852455616, -0.987174749374, -0.978006064892, -0.964703500271], "var": [0.0105274626985, 0.00543041713536, 0.00452936952934, 0.00326589960605, 0.00252958573401, 0.00229533296078]}, "spectral_contrast_valleys": {"dmean": [0.63242161274, 0.493284642696, 0.452651053667, 0.436507582664, 0.365173846483, 0.37092551589], "dmean2": [0.963840186596, 0.754516541958, 0.675049245358, 0.639141023159, 0.503191828728, 0.484228163958], "dvar": [0.67338603735, 0.386062055826, 0.360747486353, 0.378833562136, 0.351371824741, 0.423688948154], "dvar2": [1.06658041477, 0.65885591507, 0.564056098461, 0.568425238132, 0.516025602818, 0.625434935093], "max": [-4.82901716232, -4.38638496399, -5.07538509369, -5.42099285126, -6.06636190414, -7.81244564056], "mean": [-7.35347270966, -6.89521884918, -7.48562145233, -7.79776525497, -7.80798435211, -9.78724861145], "median": [-6.51149749756, -6.32267713547, -6.91500759125, -7.16275501251, -7.11196708679, -9.16208076477], "min": [-28.1319198608, -28.043844223, -28.