{"lowlevel": {"average_loudness": 0.0320269688964, "barkbands_crest": {"dmean": 1.54141831398, "dmean2": 2.46017670631, "dvar": 2.78865814209, "dvar2": 7.01563835144, "max": 25.7352237701, "mean": 12.2026119232, "median": 11.5607318878, "min": 4.88649988174, "var": 15.0685100555}, "barkbands_flatness_db": {"dmean": 0.0210073199123, "dmean2": 0.0357594750822, "dvar": 0.00043862714665, "dvar2": 0.00121997960377, "max": 0.578254103661, "mean": 0.424448341131, "median": 0.435975730419, "min": 0.0571322776377, "var": 0.00451157335192}, "barkbands_kurtosis": {"dmean": 1.95585107803, "dmean2": 2.98255252838, "dvar": 20.2312545776, "dvar2": 41.7542381287, "max": 184.821502686, "mean": 5.62763881683, "median": 2.83702230453, "min": -1.84509253502, "var": 162.791656494}, "barkbands_skewness": {"dmean": 0.339840322733, "dmean2": 0.521493494511, "dvar": 0.152147203684, "dvar2": 0.358981519938, "max": 10.3061475754, "mean": 1.23860430717, "median": 1.20511555672, "min": -4.40008687973, "var": 1.79230594635}, "barkbands_spread": {"dmean": 0.808652043343, "dmean2": 1.24029505253, "dvar": 3.18041396141, "dvar2": 6.32418203354, "max": 115.181274414, "mean": 5.16181325912, "median": 3.42263245583, "min": 0.258117467165, "var": 72.451499939}, "dissonance": {"dmean": 0.0470288619399, "dmean2": 0.0807849466801, "dvar": 0.00204059365205, "dvar2": 0.00571434851736, "max": 0.499999970198, "mean": 0.337984889746, "median": 0.341639757156, "min": 0.103920869529, "var": 0.0065306648612}, "dynamic_complexity": 9.76223945618, "erbbands_crest": {"dmean": 1.93864488602, "dmean2": 3.07079052925, "dvar": 5.11940860748, "dvar2": 12.6925497055, "max": 32.9742622375, "mean": 13.4986953735, "median": 11.7609405518, "min": 2.51137852669, "var": 36.8735389709}, "erbbands_flatness_db": {"dmean": 0.0154486084357, "dmean2": 0.0258517190814, "dvar": 0.000274279038422, "dvar2": 0.000689473003149, "max": 0.578848600388, "mean": 0.403947234154, "median": 0.409766644239, "min": 0.0365448221564, "var": 0.0050482628867}, "erbbands_kurtosis": {"dmean": 1.06627726555, "dmean2": 1.57407212257, "dvar": 6.6695728302, "dvar2": 14.1129150391, "max": 69.1038894653, "mean": 2.33026099205, "median": 0.489775776863, "min": -1.73499917984, "var": 33.7070007324}, "erbbands_skewness": {"dmean": 0.258629918098, "dmean2": 0.388362169266, "dvar": 0.106649011374, "dvar2": 0.222547635436, "max": 5.37485647202, "mean": 0.539749503136, "median": 0.515934348106, "min": -6.77651405334, "var": 1.0857847929}, "erbbands_spread": {"dmean": 1.60970687866, "dmean2": 2.44729471207, "dvar": 5.03165483475, "dvar2": 10.7273387909, "max": 146.252044678, "mean": 12.5536546707, "median": 10.0037593842, "min": 0.580691695213, "var": 213.617919922}, "hfc": {"dmean": 1.85780584812, "dmean2": 2.43055891991, "dvar": 46.5635185242, "dvar2": 78.4130020142, "max": 226.083114624, "mean": 7.03476762772, "median": 1.74287414551, "min": 1.16547471908e-16, "var": 297.503814697}, "melbands_crest": {"dmean": 1.93552482128, "dmean2": 3.06823325157, "dvar": 4.6753783226, "dvar2": 12.1876745224, "max": 33.1236000061, "mean": 17.3767719269, "median": 16.643573761, "min": 2.54979515076, "var": 30.077413559}, "melbands_flatness_db": {"dmean": 0.0247507262975, "dmean2": 0.0425540357828, "dvar": 0.000651292619295, "dvar2": 0.00175227213185, "max": 0.761713206768, "mean": 0.570957958698, "median": 0.58113515377, "min": 0.0056507633999, "var": 0.00673209270462}, "melbands_kurtosis": {"dmean": 2.89213752747, "dmean2": 4.36183834076, "dvar": 46.3471717834, "dvar2": 92.3933639526, "max": 385.942321777, "mean": 10.8514242172, "median": 4.89774084091, "min": -1.8516279459, "var": 909.444335938}, "melbands_skewness": {"dmean": 0.357132554054, "dmean2": 0.542182147503, "dvar": 0.166815713048, "dvar2": 0.396470248699, "max": 15.1201982498, "mean": 1.84088897705, "median": 1.7071877718, "min": -3.18717455864, "var": 2.983700037}, "melbands_spread": {"dmean": 1.04027330875, "dmean2": 1.58585989475, "dvar": 9.22905540466, "dvar2": 13.4919538498, "max": 129.025299072, "mean": 5.95839643478, "median": 4.41264200211, "min": 0.513359069824, "var": 36.6295280457}, "pitch_salience": {"dmean": 0.050005607307, "dmean2": 0.0805328041315, "dvar": 0.00287791504525, "dvar2": 0.00775098614395, "max": 0.844738066196, "mean": 0.494724273682, "median": 0.493448853493, "min": 0.115303233266, "var": 0.0135119697079}, "silence_rate_20dB": {"dmean": 0.00146591744851, "dmean2": 0.00293255131692, "dvar": 0.00146382849198, "dvar2": 0.0034127056133, "max": 1, "mean": 0.997557401657, "median": 1, "min": 0, "var": 0.00243657059036}, "silence_rate_30dB": {"dmean": 0.00879550445825, "dmean2": 0.0175953079015, "dvar": 0.00871793925762, "dvar2": 0.0207076445222, "max": 1, "mean": 0.976306796074, "median": 1, "min": 0, "var": 0.0231323819607}, "silence_rate_60dB": {"dmean": 0.0268751531839, "dmean2": 0.0535190626979, "dvar": 0.0261538084596, "dvar2": 0.0555438511074, "max": 1, "mean": 0.394968241453, "median": 0, "min": 0, "var": 0.238975912333}, "spectral_centroid": {"dmean": 32.0552711487, "dmean2": 47.5176620483, "dvar": 28309.671875, "dvar2": 31344.3691406, "max": 10648.5009766, "mean": 401.301574707, "median": 357.210357666, "min": 139.243927002, "var": 83595.8671875}, "spectral_complexity": {"dmean": 0.819936454296, "dmean2": 1.3739002943, "dvar": 1.47918951511, "dvar2": 2.91346979141, "max": 24, "mean": 6.30019521713, "median": 6, "min": 0, "var": 18.0622520447}, "spectral_decrease": {"dmean": 1.0783530735e-09, "dmean2": 1.47854717358e-09, "dvar": 9.20819691282e-18, "dvar2": 1.549684331e-17, "max": -2.05420605694e-29, "mean": -4.74263206485e-09, "median": -1.5610446269e-09, "min": -1.16484834223e-07, "var": 8.34947110586e-17}, "spectral_energy": {"dmean": 0.00423103710636, "dmean2": 0.00578549643978, "dvar": 0.000143162556924, "dvar2": 0.000240170673351, "max": 0.457125723362, "mean": 0.0185378883034, "median": 0.00605184957385, "min": 1.0648728195e-20, "var": 0.00128994695842}, "spectral_energyband_high": {"dmean": 2.33659775972e-07, "dmean2": 3.28670893168e-07, "dvar": 2.19676742075e-11, "dvar2": 5.23876428349e-11, "max": 0.000252105324762, "mean": 3.08441343577e-07, "median": 3.69468322603e-09, "min": 7.40258066561e-21, "var": 2.90426745153e-11}, "spectral_energyband_low": {"dmean": 0.00156430748757, "dmean2": 0.00238561653532, "dvar": 2.89602139674e-05, "dvar2": 6.3972438511e-05, "max": 0.190552160144, "mean": 0.00571919372305, "median": 0.00105643714778, "min": 3.1532849819e-23, "var": 0.000141217911732}, "spectral_energyband_middle_high": {"dmean": 0.000723410979845, "dmean2": 0.000955446856096, "dvar": 2.11927454075e-05, "dvar2": 3.97014664486e-05, "max": 0.141125395894, "mean": 0.00166672852356, "median": 0.000167841295479, "min": 1.81518605804e-21, "var": 4.81998795294e-05}, "spectral_energyband_middle_low": {"dmean": 0.00287703052163, "dmean2": 0.00395287480205, "dvar": 8.16218016553e-05, "dvar2": 0.000128690036945, "max": 0.437474578619, "mean": 0.0121196722612, "median": 0.0034986124374, "min": 3.39001374608e-22, "var": 0.00084932660684}, "spectral_entropy": {"dmean": 0.10722002387, "dmean2": 0.168562814593, "dvar": 0.0255435705185, "dvar2": 0.0550199300051, "max": 9.8038444519, "mean": 5.26159477234, "median": 5.19580888748, "min": 3.9796423912, "var": 0.305419027805}, "spectral_flux": {"dmean": 0.0112808411941, "dmean2": 0.0176658052951, "dvar": 0.000673856236972, "dvar2": 0.00153067358769, "max": 0.462314128876, "mean": 0.0270500574261, "median": 0.0142162702978, "min": 1.03192676626e-10, "var": 0.00133736373391}, "spectral_kurtosis": {"dmean": 52.3063659668, "dmean2": 91.5580444336, "dvar": 2762.46411133, "dvar2": 8445.39355469, "max": 639.729492188, "mean": 203.678955078, "median": 202.020629883, "min": -1.13654255867, "var": 10438.1337891}, "spectral_rms": {"dmean": 0.000368421926396, "dmean2": 0.000497629516758, "dvar": 5.64680192383e-07, "dvar2": 9.03417742393e-07, "max": 0.021118151024, "mean": 0.00317176105455, "median": 0.00242986483499, "min": 3.22319775037e-12, "var": 8.02565318736e-06}, "spectral_rolloff": {"dmean": 62.110584259, "dmean2": 102.502799988, "dvar": 143100.296875, "dvar2": 197743.15625, "max": 18970.7519531, "mean": 543.158203125, "median": 430.6640625, "min": 107.666015625, "var": 1012671.25}, "spectral_skewness": {"dmean": 1.78224098682, "dmean2": 3.13855910301, "dvar": 3.23406457901, "dvar2": 8.90333461761, "max": 19.7244377136, "mean": 10.545044899, "median": 11.1668605804, "min": 0.00136831926648, "var": 12.7282352448}, "spectral_spread": {"dmean": 301752.375, "dmean2": 535473.625, "dvar": 368882253824, "dvar2": 471904026624, "max": 39042584, "mean": 983512.25, "median": 646326.4375, "min": 146064.34375, "var": 2740260438020.0}, "spectral_strongpeak": {"dmean": 0.228831887245, "dmean2": 0.363152623177, "dvar": 0.492502689362, "dvar2": 1.03253674507, "max": 17.388250351, "mean": 0.81011813879, "median": 0.382101893425, "min": 0, "var": 1.90916991234}, "zerocrossingrate": {"dmean": 0.0019652931951, "dmean2": 0.00250655808486, "dvar": 5.54368962185e-05, "dvar2": 6.04234301136e-05, "max": 0.494140625, "mean": 0.0194205697626, "median": 0.015625, "min": 0.00390625, "var": 0.000572574906982}, "barkbands": {"dmean": [4.26334445365e-05, 0.000428319850471, 0.00100107234903, 0.000501380767673, 0.000887745642103, 0.000781405135058, 0.000573363387957, 0.000772222992964, 0.00022488857212, 0.000203554402106, 0.000303781707771, 0.000144585515955, 8.44968017191e-05, 0.000101113902929, 1.70602161234e-05, 9.21543414734e-06, 4.69270707981e-06, 7.31701391032e-07, 8.87102999059e-07, 1.63144477483e-07, 7.45969188642e-08, 5.33071897735e-08, 4.26249302521e-09, 9.51537959537e-10, 8.56714865716e-10, 8.42360403652e-10, 9.4608887391e-10], "dmean2": [7.21846954548e-05, 0.000632126058917, 0.00154004537035, 0.000823264999781, 0.00133437640034, 0.00112542964052, 0.000950760906562, 0.000973190763034, 0.000281311193248, 0.000268566218438, 0.000432679953519, 0.000185074604815, 0.0001080998627, 0.00014249094238, 2.49143067776e-05, 1.32264531203e-05, 6.92521734891e-06, 1.08973222268e-06, 1.41057410019e-06, 2.49530700103e-07, 1.02871041463e-07, 7.82365034979e-08, 6.76520839349e-09, 1.73140368709e-09, 1.59143531686e-09, 1.55820911729e-09, 1.73836278705e-09], "dvar": [2.05543173593e-08, 2.90582875095e-06, 1.37103452289e-05, 2.54663132182e-06, 9.51118545345e-06, 1.76972534973e-05, 6.43171597403e-06, 2.36429114011e-05, 1.60224533374e-06, 1.07063738142e-06, 1.18195048344e-05, 1.81443897418e-06, 8.47083242661e-07, 1.08165431811e-06, 2.95063227185e-08, 1.44153995407e-08, 3.92448784581e-09, 6.17853893048e-11, 1.38499073321e-10, 1.11921687196e-11, 1.75606035789e-12, 1.53119227367e-12, 5.68055742758e-15, 1.37898717436e-17, 6.91770856765e-18, 6.25169954796e-18, 6.92177788267e-18], "dvar2": [5.6348827826e-08, 5.95846313445e-06, 3.14387616527e-05, 7.27137557988e-06, 1.98376219487e-05, 3.06228976115e-05, 1.42002700159e-05, 3.0514485843e-05, 2.39800374402e-06, 1.87808791452e-06, 2.38682969211e-05, 2.97188034892e-06, 1.36024971198e-06, 2.13338103094e-06, 6.54935234934e-08, 2.93360571391e-08, 9.02824304205e-09, 1.33534960867e-10, 3.39955841255e-10, 2.8598694593e-11, 3.21911703023e-12, 3.65088124663e-12, 1.42567977823e-14, 3.63361153243e-17, 2.31791260848e-17, 2.10990348507e-17, 2.27505538833e-17], "max": [0.00428593251854, 0.0636852234602, 0.126656651497, 0.0409297943115, 0.0913784280419, 0.287189394236, 0.106355130672, 0.353443801403, 0.0454071760178, 0.0326654203236, 0.124631650746, 0.0843720585108, 0.0496543571353, 0.0418998226523, 0.0064806076698, 0.00613996433094, 0.003663826501, 0.000275204714853, 0.000631368777249, 0.000171313920873, 7.21186152077e-05, 6.99494557921e-05, 3.83617225452e-06, 1.53441121142e-07, 5.77827030668e-08, 5.88809179192e-08, 6.86050398713e-08], "mean": [8.67786584422e-05, 0.00144508632366, 0.00334123754874, 0.00138280063402, 0.0024850720074, 0.00289970170707, 0.00140285480302, 0.00305590429343, 0.000665134284645, 0.000533271057066, 0.000523049850017, 0.00030522083398, 0.00016265292652, 0.000176560919499, 3.63331128028e-05, 2.08351593756e-05, 1.1956387425e-05, 1.26982979509e-06, 1.7560643073e-06, 2.28885042475e-07, 1.15054859862e-07, 5.65754909587e-08, 5.32839461442e-09, 1.02927399936e-09, 9.73784830549e-10, 1.23269106034e-09, 1.90506765918e-09], "median": [4.85215787194e-06, 3.67531247321e-05, 0.000499394256622, 0.000171719162608, 0.000521228765137, 0.000388802378438, 0.000174599670572, 0.000148869439727, 5.04107774759e-05, 4.92347717227e-05, 2.63109322987e-05, 1.58714792633e-05, 6.47070191917e-06, 3.64028164768e-06, 1.46936736201e-06, 4.2107191689e-07, 9.2804924634e-08, 1.53510875123e-08, 3.8589087481e-09, 7.05834057868e-10, 3.67065433604e-10, 2.38695563315e-10, 2.12403691857e-10, 2.55519272407e-10, 3.35080962977e-10, 4.47014258942e-10, 5.44004730152e-10], "min": [3.11798101093e-24, 2.22736438534e-23, 6.07323894977e-24, 4.84051677875e-24, 5.88766336612e-23, 3.44888536259e-23, 4.000239813e-23, 6.31445983504e-23, 1.18304952463e-22, 8.3542547119e-23, 3.11376431273e-23, 7.15456451357e-23, 6.92846498745e-23, 4.96534423513e-23, 2.2730316378e-22, 1.47871345595e-22, 2.48001460295e-22, 1.55343398224e-22, 5.41882818401e-22, 3.38128806094e-22, 4.97611742452e-22, 5.903794625e-22, 6.12387949692e-22, 8.00976395086e-22, 1.11130614678e-21, 1.31841906571e-21, 2.51767929067e-21], "var": [8.05833053619e-08, 1.71000592672e-05, 5.65860464121e-05, 9.28474582906e-06, 3.48798566847e-05, 0.00015950834495, 2.45243627433e-05, 0.000239011977101, 8.64669709699e-06, 4.40526127932e-06, 1.94498425117e-05, 4.70264467367e-06, 1.78748496182e-06, 2.07613538805e-06, 6.97295874375e-08, 3.50226656565e-08, 1.12929301466e-08, 1.18168197449e-10, 3.46779216454e-10, 1.39406836769e-11, 3.70025321147e-12, 1.69619602652e-12, 8.20738926989e-15, 2.03059721297e-17, 6.00574442385e-18, 6.34934118824e-18, 1.51763554904e-17]}, "erbbands": {"dmean": [0.00257948506624, 0.137942180037, 1.0134396553, 1.46210289001, 1.53297185898, 3.80334615707, 5.81834363937, 6.67063999176, 8.52194404602, 14.0801124573, 11.8691320419, 5.35390281677, 6.07753515244, 4.02009248734, 13.6899518967, 6.46373033524, 4.37626791, 3.80140519142, 3.0468351841, 1.18655848503, 0.340996801853, 0.243730083108, 0.0616827197373, 0.0613789558411, 0.0157025549561, 0.00694641796872, 0.00446067843586, 0.00321116251871, 0.00215869722888, 0.000535159371793, 0.000109514614451, 2.54978440353e-05, 1.59184310178e-05, 1.05969438664e-05, 7.05889578967e-06, 4.29079318565e-06, 2.2319513846e-06, 7.00453597346e-07, 2.01734019356e-06, 4.73631416753e-06], "dmean2": [0.00398927740753, 0.20329105854, 1.52360641956, 2.37004685402, 2.57062315941, 5.84161376953, 8.51415729523, 9.28243160248, 14.295135498, 19.5959320068, 15.4014282227, 6.86067724228, 7.82548666, 5.60788154602, 19.6918697357, 8.25545597076, 5.4786605835, 5.41404056549, 4.25779914856, 1.66689145565, 0.484825432301, 0.357269972563, 0.0890854373574, 0.095814332366, 0.0217423923314, 0.0104426080361, 0.00690502254292, 0.00439254706725, 0.00306494534016, 0.000808726763353, 0.00017240420857, 4.41295196651e-05, 2.85761161649e-05, 1.86704401131e-05, 1.21052707982e-05, 7.05928914613e-06, 3.55621887138e-06, 1.18336072319e-06, 2.71525118478e-06, 6.45177487968e-06], "dvar": [8.14598315628e-05, 0.298311591148, 15.4837770462, 22.8307876587, 19.4065475464, 220.041305542, 1102.53649902, 843.58807373, 1559.90710449, 9507.31445312, 3179.84082031, 1002.62359619, 1026.51208496, 441.930755615, 26609.5292969, 3079.71484375, 2059.18920898, 1401.37329102, 1410.61413574, 231.893157959, 12.0490236282, 7.18693494797, 0.395757496357, 0.707994937897, 0.0228382851928, 0.0213473029435, 0.00946420896798, 0.00309668807313, 0.00200658221729, 0.000122724683024, 3.19388436765e-06, 2.71205706781e-08, 2.96826230262e-09, 9.40523992021e-10, 3.93454824277e-10, 1.29653288106e-10, 3.27156635116e-11, 3.41968272276e-12, 3.29304743196e-11, 1.81704803981e-10], "dvar2": [0.000194723281311, 0.589866936207, 32.3843994141, 66.1666641235, 53.698677063, 483.596893311, 2188.38891602, 1236.05725098, 3551.08691406, 14741.5546875, 5868.66308594, 1644.5567627, 1767.41833496, 796.82611084, 54470.5859375, 4938.95019531, 3274.25683594, 2771.05566406, 2828.64868164, 468.764831543, 24.7681350708, 16.3240318298, 0.887944340706, 1.74597406387, 0.0479988008738, 0.0543327629566, 0.0257230456918, 0.00521230325103, 0.004448691383, 0.000298614206258, 7.7549548223e-06, 5.68128974976e-08, 9.05682107089e-09, 2.91275403796e-09, 1.14642773053e-09, 3.43028605521e-10, 7.79862077693e-11, 9.54163484335e-12, 5.37131797373e-11, 3.03634034582e-10], "max": [0.2805146873, 21.6140499115, 156.024475098, 133.694519043, 134.109283447, 358.495574951, 2288.17773438, 1662.03283691, 1931.61608887, 6502.45898438, 2853.09033203, 1269.4239502, 877.530090332, 1069.74230957, 6123.57128906, 3293.40917969, 2128.16577148, 1518.7088623, 1840.93029785, 716.539306641, 170.722579956, 135.607955933, 25.2115402222, 45.5325775146, 7.79717350006, 8.20718765259, 5.01595687866, 3.08326530457, 2.54074025154, 0.504872143269, 0.0825487598777, 0.00836881157011, 0.00159890763462, 0.000934130279347, 0.000660216901451, 0.000438841292635, 0.000237813204876, 6.8087814725e-05, 0.000219251072849, 0.00051144574536], "mean": [0.008225556463, 0.472364217043, 3.37721037865, 4.8282790184, 4.10319137573, 10.5448474884, 18.3273429871, 24.6650028229, 21.9508514404, 48.7753791809, 46.2335395813, 16.2319660187, 16.6871547699, 9.9864988327, 22.673368454, 14.2743310928, 8.35798740387, 7.42646455765, 5.40682077408, 2.77018475533, 0.896517693996, 0.633649647236, 0.120925091207, 0.115789078176, 0.0347311422229, 0.0106303049251, 0.00576419802383, 0.00421652337536, 0.00260969623923, 0.000601623789407, 0.000141179552884, 3.82336074836e-05, 2.66904680757e-05, 2.16266380448e-05, 1.75529930857e-05, 1.30368134705e-05, 7.75293574407e-06, 2.01142552214e-06, 8.97193240235e-06, 2.06762451853e-05], "median": [0.00114621862303, 0.0342198833823, 0.479518949986, 0.712654948235, 1.22317957878, 1.40700244904, 2.31714105606, 3.1661169529, 3.21946668625, 2.62355470657, 3.84428334236, 1.72331261635, 1.65863132477, 1.35285830498, 1.08221340179, 0.794654488564, 0.458440542221, 0.331596374512, 0.11257392168, 0.0835283473134, 0.0208919104189, 0.00619902648032, 0.00154994567856, 0.000462663010694, 0.000151139742229, 4.85496420879e-05, 2.53575726674e-05, 1.61521784321e-05, 1.27124567371e-05, 1.12008128781e-05, 1.04704022306e-05, 9.79534434009e-06, 9.0115763669e-06, 8.44393434818e-06, 7.28972554498e-06, 5.59887575946e-06, 3.37169467457e-06, 7.93640992924e-07, 3.00571196021e-06, 6.73490376357e-06], "min": [5.55387107357e-22, 5.24049573818e-21, 8.77770784946e-21, 1.19218060097e-20, 1.33923694798e-19, 2.0998966004e-19, 1.99727592738e-19, 2.47152183701e-19, 4.89952570199e-19, 1.16423179335e-18, 1.11339099816e-18, 3.49498615337e-18, 1.91008597263e-18, 2.71380071198e-18, 1.44186824511e-18, 2.72505533139e-18, 3.09181315293e-18, 2.79228381529e-18, 8.02031013209e-18, 1.26283364556e-17, 8.35839621923e-18, 1.39037513529e-17, 9.74756664868e-18, 1.54585183779e-17, 2.93834670611e-17, 1.45871067636e-17, 1.91598753407e-17, 2.1152593141e-17, 2.03855055456e-17, 1.96987305702e-17, 1.6026394412e-17, 1.54004767687e-17, 1.36945342149e-17, 1.13204795348e-17, 8.61698776797e-18, 4.43076606777e-18, 2.6691029736e-18, 1.29113443081e-18, 3.66096594033e-19, 3.42321426363e-20], "var": [0.000419307994889, 1.74189007282, 68.2323608398, 93.7528762817, 87.2508468628, 719.057922363, 7205.44921875, 10064.0986328, 6785.26464844, 77990.09375, 25647.1914062, 4296.16552734, 4055.58251953, 1552.78259277, 39298.2226562, 8602.10351562, 4407.64257812, 2328.68994141, 2813.45166016, 548.861450195, 50.0342445374, 22.6811389923, 0.824440479279, 1.58140909672, 0.105428762734, 0.0300228819251, 0.00988927297294, 0.00564368534833, 0.00270739290863, 0.000136136863148, 4.54342671219e-06, 4.90939378039e-08, 5.10322495373e-09, 2.16600293257e-09, 1.22067922437e-09, 6.087780835e-10, 2.04493352807e-10, 1.52263774506e-11, 3.03287700509e-10, 1.62422741923e-09]}, "gfcc": {"mean": [-318.70010376, 256.056915283, -61.770450592, -67.4467163086, -21.6894378662, -9.08881473541, -30.9830932617, -15.3185758591, -11.182929039, -13.7727108002, -8.74620819092, -13.4115285873, -7.66269540787], "cov": [[19544.3945312, 5084.28662109, -5035.32080078, -3090.39282227, 1582.88500977, -927.306152344, -321.474456787, -375.743103027, 415.301147461, -234.408935547, 482.923706055, -346.583862305, 256.59967041], [5084.28662109, 2515.09594727, -615.401184082, -1229.10888672, 389.907897949, 22.3865242004, -44.7210083008, -230.289474487, 110.693344116, -186.967178345, 113.984458923, -145.70526123, 80.6041259766], [-5035.32080078, -615.401184082, 2798.11938477, 1176.19775391, -494.386322021, 567.33984375, 347.579864502, 59.810508728, -93.7480621338, 26.1342182159, -104.080535889, 74.4698257446, -89.1044006348], [-3090.39282227, -1229.10888672, 1176.19775391, 1340.05273438, -106.584693909, 156.359436035, 253.01335144, 205.834228516, -74.8012542725, 96.6266326904, -62.6835861206, 79.8317871094, -64.6094360352], [1582.88500977, 389.907897949, -494.386322021, -106.584693909, 452.105499268, 23.2284832001, -39.9692115784, -14.7845687866, 16.4488830566, -32.650554657, 41.7382240295, -30.6518383026, 14.9182529449], [-927.306152344, 22.3865242004, 567.33984375, 156.359436035, 23.2284832001, 349.861785889, 157.326004028, -48.713104248, -43.6012954712, -8.70817565918, -41.6765785217, -8.53280639648, -13.8226165771], [-321.474456787, -44.7210083008, 347.579864502, 253.01335144, -39.9692115784, 157.326004028, 278.949035645, 89.9863891602, -32.2489204407, 17.5728626251, -9.8644952774, -30.2134876251, -19.960981369], [-375.743103027, -230.289474487, 59.810508728, 205.834228516, -14.7845687866, -48.713104248, 89.9863891602, 177.601196289, 42.1801528931, 21.1111984253, -14.115860939, -0.544680118561, -16.7338600159], [415.301147461, 110.693344116, -93.7480621338, -74.8012542725, 16.4488830566, -43.6012954712, -32.2489204407, 42.1801528931, 114.159767151, 27.0953979492, -10.7400121689, -14.9499864578, 16.7257881165], [-234.408935547, -186.967178345, 26.1342182159, 96.6266326904, -32.650554657, -8.70817565918, 17.5728626251, 21.1111984253, 27.0953979492, 86.6977157593, 19.6617946625, -6.15572404861, -9.98576068878], [482.923706055, 113.984458923, -104.080535889, -62.6835861206, 41.7382240295, -41.6765785217, -9.8644952774, -14.115860939, -10.7400121689, 19.6617946625, 87.9474182129, 23.8709888458, -7.80562591553], [-346.583862305, -145.70526123, 74.4698257446, 79.8317871094, -30.6518383026, -8.53280639648, -30.2134876251, -0.544680118561, -14.9499864578, -6.15572404861, 23.8709888458, 105.942100525, 32.5795135498], [256.59967041, 80.6041259766, -89.1044006348, -64.6094360352, 14.9182529449, -13.8226165771, -19.960981369, -16.7338600159, 16.7257881165, -9.98576068878, -7.80562591553, 32.5795135498, 78.7861404419]], "icov": [[0.000514169980306, -0.000663004640955, 0.000602332875133, -0.000266647606622, -0.000638165627606, 0.00133188231848, -0.0017046375433, 0.00180688232649, -0.00170084869023, 0.000578242819756, -0.000698656425811, -0.000112080015242, 0.000184146643733], [-0.000663004640955, 0.00408323016018, -0.00281944638118, 0.00374065013602, -0.00305446889251, 0.00235881190747, -0.00298080663197, 0.0022942321375, -0.00241775112227, 0.00388561584987, -0.00144874176476, 0.00167143542785, -0.00124389468692], [0.000602332875133, -0.00281944638118, 0.00400215014815, -0.0045190458186, 0.0046312790364, -0.00496942875907, 0.0030328084249, -0.00121177337132, -0.000897120917216, 0.00141823105514, -0.00327880773693, 0.00115545350127, 7.29288367438e-05], [-0.000266647606622, 0.00374065013602, -0.0045190458186, 0.007645805832, -0.00728475861251, 0.00765847414732, -0.00735682155937, 0.00302499090321, -0.000286664813757, -0.00217260699719, 0.00503774313256, -0.00364752719179, 0.00149515620433], [-0.000638165627606, -0.00305446889251, 0.0046312790364, -0.00728475861251, 0.0130980573595, -0.0142192561179, 0.0133251324296, -0.0101198870689, 0.004569218494, 0.00188316917047, -0.00698108179495, 0.00559265585616, -0.00301660993136], [0.00133188231848, 0.00235881190747, -0.00496942875907, 0.00765847414732, -0.0142192561179, 0.0240923892707, -0.0214239303023, 0.0182951819152, -0.00841555651277, -0.000926687207539, 0.00968287605792, -0.00787990167737, 0.00517326127738], [-0.0017046375433, -0.00298080663197, 0.0030328084249, -0.00735682155937, 0.0133251324296, -0.0214239303023, 0.0278801433742, -0.0230209510773, 0.015702214092, -0.00469636777416, -0.00543998461217, 0.00877521373332, -0.00620577391237], [0.00180688232649, 0.0022942321375, -0.00121177337132, 0.00302499090321, -0.0101198870689, 0.0182951819152, -0.0230209510773, 0.0295214373618, -0.0202459525317, 0.00883496087044, 0.00075226649642, -0.00452802283689, 0.00580673012882], [-0.00170084869023, -0.00241775112227, -0.000897120917216, -0.000286664813757, 0.004569218494, -0.00841555651277, 0.015702214092, -0.0202459525317, 0.0302846375853, -0.0191751103848, 0.0117221623659, -0.00160377903376, -0.00293522700667], [0.000578242819756, 0.00388561584987, 0.00141823105514, -0.00217260699719, 0.00188316917047, -0.000926687207539, -0.00469636777416, 0.00883496087044, -0.0191751103848, 0.0343239605427, -0.0225025583059, 0.0129597159103, -0.00503611285239], [-0.000698656425811, -0.00144874176476, -0.00327880773693, 0.00503774313256, -0.00698108179495, 0.00968287605792, -0.00543998461217, 0.00075226649642, 0.0117221623659, -0.0225025583059, 0.0374002978206, -0.0205931235105, 0.0128632690758], [-0.000112080015242, 0.00167143542785, 0.00115545350127, -0.00364752719179, 0.00559265585616, -0.00787990167737, 0.00877521373332, -0.00452802283689, -0.00160377903376, 0.0129597159103, -0.0205931235105, 0.0266363918781, -0.0152811435983], [0.000184146643733, -0.00124389468692, 7.29288367438e-05, 0.00149515620433, -0.00301660993136, 0.00517326127738, -0.00620577391237, 0.00580673012882, -0.00293522700667, -0.00503611285239, 0.0128632690758, -0.0152811435983, 0.0233921781182]]}, "melbands": {"dmean": [6.71937232255e-05, 0.000412793451687, 0.000243047150434, 0.000160991286975, 0.000207139339182, 0.000155545247253, 0.000115998627734, 0.000161868621944, 8.92513999133e-05, 3.05624307657e-05, 3.09528477374e-05, 1.6108933778e-05, 4.20854630647e-05, 1.9425071514e-05, 1.88733210962e-05, 7.79258971306e-06, 7.519488463e-06, 6.55629719404e-06, 1.37540746437e-06, 1.19105277463e-06, 2.84103322201e-07, 3.01524750057e-07, 8.26487678296e-08, 3.70186157284e-08, 5.87647015493e-08, 1.39489166884e-08, 5.81976955516e-09, 4.86014561929e-09, 3.78917164312e-09, 1.09228881495e-09, 2.63297383896e-09, 1.37605793427e-09, 6.31447616417e-10, 1.83761672545e-10, 7.7248756003e-11, 1.72132863518e-11, 1.26981264045e-11, 1.09656667427e-11, 9.04320368589e-12, 7.95142771071e-12], "dmean2": [0.000100973804365, 0.000614696240518, 0.000394785660319, 0.000251368997851, 0.000300385407172, 0.000224015297135, 0.000194650725462, 0.000216881104279, 0.000115646304039, 3.86593492294e-05, 3.99708951591e-05, 2.20227666432e-05, 5.94001612626e-05, 2.71698409051e-05, 2.23179376917e-05, 1.09320781121e-05, 1.07402802314e-05, 9.07250159798e-06, 2.05074911719e-06, 1.68105930243e-06, 4.1040857468e-07, 4.44173991809e-07, 1.22374729017e-07, 5.332733366e-08, 9.31283707928e-08, 2.0107354004e-08, 7.93045540348e-09, 7.60409157863e-09, 6.0017391057e-09, 1.62494351308e-09, 3.60426444246e-09, 1.98178939925e-09, 9.14187892054e-10, 2.91184160117e-10, 1.21900489702e-10, 3.05510026999e-11, 2.27053671004e-11, 2.03349542066e-11, 1.67431329218e-11, 1.47391456679e-11], "dvar": [6.56627392459e-08, 2.44200577981e-06, 5.32788476448e-07, 2.76427925883e-07, 9.43490647387e-07, 4.46977907131e-07, 2.76075184047e-07, 1.35375694299e-06, 1.66241377997e-07, 4.31413020863e-08, 2.73118931915e-08, 6.41487751807e-09, 2.25233762308e-07, 3.44740804792e-08, 6.01508958198e-08, 1.20806973314e-08, 6.35833208307e-09, 7.13609926706e-09, 2.36388186803e-10, 2.50193782358e-10, 1.20414199445e-11, 1.41572361473e-11, 5.48287055948e-13, 1.567660254e-13, 7.42590667777e-13, 2.12151717499e-14, 8.16590413723e-15, 1.72458483041e-14, 8.08729778566e-15, 2.36061253197e-16, 2.4793268465e-15, 8.79559965341e-16, 1.68227916635e-16, 1.54041130546e-17, 1.96721851036e-18, 2.27683903142e-20, 3.49365103539e-21, 1.66470794998e-21, 7.84584648026e-22, 5.81178188901e-22], "dvar2": [1.42986536389e-07, 4.97211522088e-06, 1.52114512275e-06, 6.06109153978e-07, 1.83454289981e-06, 7.30138367544e-07, 6.25338429927e-07, 1.92249990505e-06, 3.2024365737e-07, 6.9984196216e-08, 4.73028052284e-08, 1.15962954794e-08, 4.49268299008e-07, 6.77590961118e-08, 9.18673848105e-08, 2.13051318809e-08, 1.25125785289e-08, 1.43866207836e-08, 5.51125867165e-10, 5.08900699359e-10, 2.58063535818e-11, 3.24814619646e-11, 1.20680201943e-12, 3.05194481883e-13, 1.83545800087e-12, 4.66197108587e-14, 1.84376609303e-14, 4.44225141697e-14, 2.2099479229e-14, 5.7143939586e-16, 4.18650311697e-15, 1.99982403616e-15, 3.70077270864e-16, 3.8644309884e-17, 4.94404983583e-18, 4.1956164557e-20, 7.71457962173e-21, 5.32170241767e-21, 2.61632643522e-21, 1.94991511979e-21], "max": [0.00897888839245, 0.0627113506198, 0.0187481679022, 0.0118832914159, 0.0596631802619, 0.0336459875107, 0.0246966741979, 0.0815443098545, 0.0175855401903, 0.00878309085965, 0.0043288548477, 0.00332359969616, 0.0167225319892, 0.00710770813748, 0.0161183942109, 0.00684886146337, 0.00336469197646, 0.00417583296075, 0.00064552098047, 0.000782662595157, 0.000192970255739, 0.000210158119444, 2.7931346267e-05, 1.77785423148e-05, 4.68951002404e-05, 7.00956979927e-06, 5.01701606481e-06, 7.37790969652e-06, 4.61027821075e-06, 5.71080931877e-07, 2.85924829768e-06, 1.63062986758e-06, 7.11539428266e-07, 1.87310305932e-07, 6.89212242833e-08, 7.98303556593e-09, 2.83538525991e-09, 1.06119313337e-09, 6.1455041056e-10, 5.31431842976e-10], "mean": [0.000221391863306, 0.00141658086795, 0.000815236591734, 0.000470762170153, 0.000641201098915, 0.000560997752473, 0.000294213503366, 0.000584124820307, 0.000342500046827, 8.57194827404e-05, 8.39646454551e-05, 4.05491118727e-05, 7.23418779671e-05, 3.69240369764e-05, 3.57577337127e-05, 1.51477506733e-05, 1.39559624586e-05, 1.13042369776e-05, 2.75886281997e-06, 2.9424963941e-06, 7.36619256259e-07, 7.68876645907e-07, 1.7461299251e-07, 7.00655462538e-08, 1.06500102959e-07, 3.05137710654e-08, 1.00852588503e-08, 6.54049259197e-09, 4.59062254876e-09, 1.39285749601e-09, 3.1975437853e-09, 1.59961666135e-09, 7.54814100112e-10, 1.95882296494e-10, 9.46847461547e-11, 1.92541729088e-11, 1.37821334206e-11, 1.10548315294e-11, 9.5553938026e-12, 8.67846246255e-12], "median": [1.26881668621e-05, 0.000193983956706, 0.000156615715241, 0.000102692523797, 8.44286551001e-05, 7.78241083026e-05, 4.54120745417e-05, 2.26713527809e-05, 2.76595637843e-05, 7.82236747909e-06, 7.6642500062e-06, 4.88467185278e-06, 3.3866672311e-06, 2.2380113478e-06, 1.27284965856e-06, 6.77712137076e-07, 4.50795653251e-07, 1.21495489225e-07, 1.04788639987e-07, 5.91336331013e-08, 1.06958015778e-08, 5.80899950364e-09, 1.61712820912e-09, 6.9123440305e-10, 2.78778333751e-10, 1.01156027998e-10, 4.18445555983e-11, 2.0564423428e-11, 1.32022500571e-11, 8.81974181188e-12, 6.17370043976e-12, 5.00288439148e-12, 4.34156747012e-12, 3.79634908579e-12, 3.51969213323e-12, 3.20161822401e-12, 3.16579314846e-12, 3.00762366401e-12, 3.00297048512e-12, 2.90859350494e-12], "min": [5.99124356399e-24, 5.63371681338e-24, 5.17153070319e-24, 1.33295720421e-23, 7.61576020889e-24, 6.15396150848e-24, 7.61400104908e-24, 1.40217722429e-23, 9.1313521233e-24, 2.12282737808e-23, 8.92057874462e-24, 1.14291785113e-23, 4.38196140088e-24, 5.45350390617e-24, 8.88126586141e-24, 6.99030000728e-24, 4.51803320171e-24, 1.12744221455e-23, 1.66622632421e-23, 1.35497794084e-23, 9.00124292762e-24, 1.51467809794e-23, 1.04518153485e-23, 8.00206144988e-24, 1.1308663442e-23, 2.66859748214e-23, 1.43781795999e-23, 8.23349115136e-24, 1.00632603319e-23, 1.63577124456e-23, 1.15332497751e-23, 1.2474088678e-23, 9.41626343872e-24, 1.16716822422e-23, 9.84772854425e-24, 8.4957621588e-24, 9.391880537e-24, 9.17699877072e-24, 9.66373383785e-24, 9.38412209e-24], "var": [3.65359852594e-07, 1.17561567095e-05, 2.31158765018e-06, 1.17158992907e-06, 5.59407362744e-06, 4.84833890368e-06, 1.12988630008e-06, 1.21100047181e-05, 1.30567616452e-06, 1.71797168491e-07, 1.0815652729e-07, 2.72240416876e-08, 3.87468674035e-07, 5.96266573893e-08, 1.39205241112e-07, 2.23276952482e-08, 1.03836930165e-08, 1.42391147762e-08, 4.74658701233e-10, 6.29070240343e-10, 4.73474141838e-11, 4.09982499339e-11, 1.4943851278e-12, 3.86885402187e-13, 1.61217577916e-12, 9.86635293322e-14, 1.60035152448e-14, 2.01082792588e-14, 7.45235341807e-15, 3.43522126223e-16, 4.27562368851e-15, 1.09840130342e-15, 2.39088972467e-16, 1.56774036028e-17, 2.74914283083e-18, 3.68995157684e-20, 5.69717496501e-21, 1.48338697087e-21, 7.71344053183e-22, 5.08133708045e-22]}, "mfcc": {"mean": [-898.563720703, 227.589782715, 45.8822135925, -18.313911438, -0.346852689981, 5.74967813492, -4.82465457916, -7.16536331177, -4.109333992, -3.75371193886, -3.91591572762, -2.85178589821, -1.8153526783], "cov": [[7556.39599609, 5233.19677734, -1612.58728027, -1584.88220215, 56.3494758606, -131.729980469, -504.863006592, -234.399658203, -81.6002731323, -107.854118347, -2.04347205162, -0.452606767416, -30.334569931], [5233.19677734, 4197.44677734, -459.877655029, -1166.77893066, -62.3150062561, 37.1947822571, -259.752593994, -191.263763428, -87.2815170288, -79.0081863403, -36.2469406128, -24.3774833679, -44.6437759399], [-1612.58728027, -459.877655029, 1325.18615723, 548.03302002, -99.9708023071, 188.060028076, 291.825286865, 85.3276138306, 13.514708519, 30.9066810608, -17.6615791321, -6.78743124008, 15.1814889908], [-1584.88220215, -1166.77893066, 548.03302002, 840.667114258, 226.391220093, 66.7195968628, 212.300048828, 192.398910522, 88.7064285278, 43.1951065063, 42.1094284058, 50.7103919983, 63.2937889099], [56.3494758606, -62.3150062561, -99.9708023071, 226.391220093, 356.796112061, 128.745880127, 28.7754974365, 78.2588119507, 51.9062995911, 4.64811944962, 20.0317401886, 33.2817459106, 20.9795150757], [-131.729980469, 37.1947822571, 188.060028076, 66.7195968628, 128.745880127, 243.967071533, 162.037887573, 31.7052402496, 4.88434553146, 21.5929908752, 6.05788421631, -15.6530389786, -11.6809444427], [-504.863006592, -259.752593994, 291.825286865, 212.300048828, 28.7754974365, 162.037887573, 279.025054932, 136.712097168, 21.0077991486, 38.4438819885, 30.1916770935, -4.73718357086, -3.98106479645], [-234.399658203, -191.263763428, 85.3276138306, 192.398910522, 78.2588119507, 31.7052402496, 136.712097168, 173.323516846, 84.0676345825, 16.1801662445, 20.2171936035, 29.0023345947, 20.2442779541], [-81.6002731323, -87.2815170288, 13.514708519, 88.7064285278, 51.9062995911, 4.88434553146, 21.0077991486, 84.0676345825, 120.815795898, 77.9254760742, 16.5055541992, 2.45311260223, 11.1253376007], [-107.854118347, -79.0081863403, 30.9066810608, 43.1951065063, 4.64811944962, 21.5929908752, 38.4438819885, 16.1801662445, 77.9254760742, 148.28604126, 74.8335571289, -24.1215209961, -25.292219162], [-2.04347205162, -36.2469406128, -17.6615791321, 42.1094284058, 20.0317401886, 6.05788421631, 30.1916770935, 20.2171936035, 16.5055541992, 74.8335571289, 99.1081695557, 29.4550590515, -18.362487793], [-0.452606767416, -24.3774833679, -6.78743124008, 50.7103919983, 33.2817459106, -15.6530389786, -4.73718357086, 29.0023345947, 2.45311260223, -24.1215209961, 29.4550590515, 85.3032989502, 61.6772499084], [-30.334569931, -44.6437759399, 15.1814889908, 63.2937889099, 20.9795150757, -11.6809444427, -3.98106479645, 20.2442779541, 11.1253376007, -25.292219162, -18.362487793, 61.6772499084, 115.691818237]], "icov": [[9.83773517609, -13.7417430878, 13.239572525, -12.41447258, 11.300992012, -10.0004024506, 8.51317882538, -6.98624897003, 5.43596553802, -3.90620493889, 2.51270031929, -1.34817063808, 0.528470516205], [-13.7417430878, 19.1957855225, -18.4949951172, 17.3443603516, -15.7898340225, 13.9742612839, -11.897936821, 9.7663526535, -7.60217237473, 5.46544647217, -3.51790452003, 1.88871002197, -0.741174042225], [13.239572525, -18.4949951172, 17.8239078522, -16.7183361053, 15.2250928879, -13.4810218811, 11.4830656052, -9.43356704712, 7.3513674736, -5.29232692719, 3.41256427765, -1.83574104309, 0.722209215164], [-12.41447258, 17.3443603516, -16.7183361053, 15.6903419495, -14.2954483032, 12.667963028, -10.8025903702, 8.88585472107, -6.93794059753, 5.00484466553, -3.23501515388, 1.74453938007, -0.689770817757], [11.300992012, -15.7898340225, 15.2250928879, -14.2954483032, 13.0406236649, -11.5716028214, 9.88442707062, -8.15099334717, 6.37747907639, -4.61258745193, 2.98841643333, -1.61687576771, 0.641011238098], [-10.0004024506, 13.9742612839, -13.4810218811, 12.667963028, -11.5716028214, 10.2981262207, -8.82306194305, 7.30499219894, -5.7411031723, 4.17087650299, -2.71316146851, 1.47387874126, -0.587329804897], [8.51317882538, -11.897936821, 11.4830656052, -10.8025903702, 9.88442707062, -8.82306194305, 7.60196256638, -6.3337187767, 5.01045179367, -3.66243505478, 2.3932518959, -1.30367600918, 0.523062825203], [-6.98624897003, 9.7663526535, -9.43356704712, 8.88585472107, -8.15099334717, 7.30499219894, -6.3337187767, 5.33350324631, -4.26014852524, 3.14319944382, -2.07313203812, 1.13634443283, -0.460162013769], [5.43596553802, -7.60217237473, 7.3513674736, -6.93794059753, 6.37747907639, -5.7411031723, 5.01045179367, -4.26014852524, 3.46023201942, -2.58730149269, 1.73087882996, -0.963324606419, 0.394393473864], [-3.90620493889, 5.46544647217, -5.29232692719, 5.00484466553, -4.61258745193, 4.17087650299, -3.66243505478, 3.14319944382, -2.58730149269, 1.97815310955, -1.35025012493, 0.769573807716, -0.320595622063], [2.51270031929, -3.51790452003, 3.41256427765, -3.23501515388, 2.98841643333, -2.71316146851, 2.3932518959, -2.07313203812, 1.73087882996, -1.35025012493, 0.9555554986, -0.558926403522, 0.240627393126], [-1.34817063808, 1.88871002197, -1.83574104309, 1.74453938007, -1.61687576771, 1.47387874126, -1.30367600918, 1.13634443283, -0.963324606419, 0.769573807716, -0.558926403522, 0.355855673552, -0.157427936792], [0.528470516205, -0.741174042225, 0.722209215164, -0.689770817757, 0.641011238098, -0.587329804897, 0.523062825203, -0.460162013769, 0.394393473864, -0.320595622063, 0.240627393126, -0.157427936792, 0.0808816105127]]}, "spectral_contrast_coeffs": {"dmean": [0.0361830741167, 0.0309997852892, 0.0229445565492, 0.0195691846311, 0.0168924536556, 0.0229031555355], "dmean2": [0.0601842366159, 0.0518147312105, 0.0358846709132, 0.0314763337374, 0.0274712815881, 0.0412291511893], "dvar": [0.000982312834822, 0.000996488844976, 0.000713811197784, 0.000543171656318, 0.000329462549416, 0.000589796400163], "dvar2": [0.00267525902018, 0.00245916075073, 0.00164059235249, 0.00123465398792, 0.000751716899686, 0.00167203543242], "max": [-0.23849798739, -0.286877125502, -0.444742739201, -0.445960223675, -0.549392938614, -0.586737751961], "mean": [-0.577065765858, -0.686755955219, -0.720950603485, -0.719570100307, -0.792502224445, -0.913754999638], "median": [-0.582434773445, -0.696966350079, -0.73628783226, -0.71343767643, -0.78566044569, -0.911742687225], "min": [-0.955646634102, -0.967305541039, -0.97002851963, -0.956164479256, -0.956601917744, -0.96381765604], "var": [0.0122956335545, 0.0125173358247, 0.00814106874168, 0.00801810715348, 0.00656303483993, 0.00125102710444]}, "spectral_contrast_valleys": {"dmean": [0.383835971355, 0.270701646805, 0.246921747923, 0.249141976237, 0.253238081932, 0.652279138565], "dmean2": [0.636251807213, 0.431628376245, 0.383405297995, 0.394005417824, 0.421717554331, 1.17396914959], "dvar": [0.185726493597, 0.196604400873, 0.204380825162, 0.219294503331, 0.179262533784, 0.438947021961], "dvar2": [0.329141050577, 0.293780118227, 0.303297370672, 0.348058134317, 0.336332678795, 1.27913379669], "max": [-5.43103027344, -4.1231303215, -5.49254846573, -5.74660110474, -7.38460683823, -11.7336959839], "mean": [-8.86336708069, -7.93529176712, -9.47006