{"lowlevel": {"average_loudness": 0.942454516888, "barkbands_crest": {"dmean": 2.61993002892, "dmean2": 4.45810174942, "dvar": 5.40136480331, "dvar2": 14.9744901657, "max": 23.4619903564, "mean": 12.9154987335, "median": 12.5292682648, "min": 3.46982169151, "var": 14.0948314667}, "barkbands_flatness_db": {"dmean": 0.0471100956202, "dmean2": 0.0612253062427, "dvar": 0.00289849960245, "dvar2": 0.0046689636074, "max": 0.664792358875, "mean": 0.346312433481, "median": 0.358064442873, "min": 0.0538931116462, "var": 0.0136549761519}, "barkbands_kurtosis": {"dmean": 9.93593502045, "dmean2": 15.0599708557, "dvar": 170.802352905, "dvar2": 407.043243408, "max": 181.019363403, "mean": 18.4204730988, "median": 11.7404441833, "min": -1.8771468401, "var": 405.124328613}, "barkbands_skewness": {"dmean": 0.948461472988, "dmean2": 1.41576874256, "dvar": 0.930375039577, "dvar2": 2.08431267738, "max": 9.98891925812, "mean": 2.41097831726, "median": 2.19524502754, "min": -3.06241965294, "var": 3.50169944763}, "barkbands_spread": {"dmean": 2.80305457115, "dmean2": 4.39187049866, "dvar": 42.1349105835, "dvar2": 101.685920715, "max": 100.285293579, "mean": 5.33553552628, "median": 2.17202091217, "min": 0.398691385984, "var": 77.2587280273}, "dissonance": {"dmean": 0.0449216999114, "dmean2": 0.0721515268087, "dvar": 0.00207640952431, "dvar2": 0.00482612568885, "max": 0.499999672174, "mean": 0.391353487968, "median": 0.40708643198, "min": 0.0286918040365, "var": 0.00632980419323}, "dynamic_complexity": 2.61583089828, "erbbands_crest": {"dmean": 2.6634657383, "dmean2": 4.3462677002, "dvar": 6.03089857101, "dvar2": 14.9514989853, "max": 26.609621048, "mean": 12.8529024124, "median": 12.55651474, "min": 3.03512525558, "var": 18.7730026245}, "erbbands_flatness_db": {"dmean": 0.0380416885018, "dmean2": 0.0469216667116, "dvar": 0.00188388419338, "dvar2": 0.00299406424165, "max": 0.553169906139, "mean": 0.304802328348, "median": 0.310988664627, "min": 0.0709445178509, "var": 0.0102975517511}, "erbbands_kurtosis": {"dmean": 4.81486225128, "dmean2": 6.88665008545, "dvar": 36.2792663574, "dvar2": 81.9278182983, "max": 72.2066421509, "mean": 8.58684539795, "median": 5.24144411087, "min": -1.85926985741, "var": 104.685089111}, "erbbands_skewness": {"dmean": 0.707852363586, "dmean2": 1.02021586895, "dvar": 0.49853143096, "dvar2": 1.19351267815, "max": 6.97042417526, "mean": 1.83050429821, "median": 1.69884502888, "min": -4.57194900513, "var": 1.93225693703}, "erbbands_spread": {"dmean": 8.55093765259, "dmean2": 11.9602451324, "dvar": 169.44732666, "dvar2": 340.489227295, "max": 129.408325195, "mean": 20.8837814331, "median": 10.0803642273, "min": 1.55744302273, "var": 546.296936035}, "hfc": {"dmean": 3.80934858322, "dmean2": 6.15750312805, "dvar": 102.715606689, "dvar2": 275.514801025, "max": 109.88684082, "mean": 8.96792030334, "median": 6.1504907608, "min": 1.17602557323e-16, "var": 110.37651825}, "melbands_crest": {"dmean": 3.30469036102, "dmean2": 5.64374637604, "dvar": 8.39942646027, "dvar2": 23.7888584137, "max": 31.9609889984, "mean": 16.452337265, "median": 15.6369972229, "min": 1.84879553318, "var": 25.30991745}, "melbands_flatness_db": {"dmean": 0.0542647093534, "dmean2": 0.0716070532799, "dvar": 0.00424368819222, "dvar2": 0.00717905163765, "max": 0.818290710449, "mean": 0.434078514576, "median": 0.443958699703, "min": 0.00661973003298, "var": 0.0199921596795}, "melbands_kurtosis": {"dmean": 14.0704145432, "dmean2": 21.1405200958, "dvar": 402.847900391, "dvar2": 925.732177734, "max": 407.367950439, "mean": 26.9735851288, "median": 14.5660257339, "min": -1.89561653137, "var": 1125.27661133}, "melbands_skewness": {"dmean": 1.00184392929, "dmean2": 1.48665487766, "dvar": 1.19023287296, "dvar2": 2.73429059982, "max": 16.5744419098, "mean": 2.79809451103, "median": 2.20384645462, "min": -1.47737812996, "var": 4.94125890732}, "melbands_spread": {"dmean": 2.95592427254, "dmean2": 4.7558722496, "dvar": 71.7357254028, "dvar2": 169.827606201, "max": 156.948120117, "mean": 6.51372861862, "median": 2.69670009613, "min": 0.453177273273, "var": 240.100738525}, "pitch_salience": {"dmean": 0.0668577104807, "dmean2": 0.10923294723, "dvar": 0.00402881857008, "dvar2": 0.0106232408434, "max": 0.960738837719, "mean": 0.575930774212, "median": 0.583434998989, "min": 0.135257974267, "var": 0.0126699646935}, "silence_rate_20dB": {"dmean": 0, "dmean2": 0, "dvar": 0, "dvar2": 0, "max": 1, "mean": 1, "median": 1, "min": 1, "var": 0}, "silence_rate_30dB": {"dmean": 0.0084499605, "dmean2": 0.0169043838978, "dvar": 0.00837829802185, "dvar2": 0.0229571349919, "max": 1, "mean": 0.994720160961, "median": 1, "min": 0, "var": 0.00525200646371}, "silence_rate_60dB": {"dmean": 0.0052812253125, "dmean2": 0.0105652399361, "dvar": 0.00525382952765, "dvar2": 0.0125659527257, "max": 1, "mean": 0.038278773427, "median": 0, "min": 0, "var": 0.0368131808937}, "spectral_centroid": {"dmean": 143.807815552, "dmean2": 226.715179443, "dvar": 118259.578125, "dvar2": 265002.78125, "max": 10946.6816406, "mean": 509.458251953, "median": 312.189147949, "min": 156.303359985, "var": 373147.375}, "spectral_complexity": {"dmean": 2.37496709824, "dmean2": 3.410987854, "dvar": 27.623336792, "dvar2": 52.3397712708, "max": 55, "mean": 8.13146781921, "median": 7, "min": 0, "var": 50.1739883423}, "spectral_decrease": {"dmean": 2.08524442158e-09, "dmean2": 3.35158079068e-09, "dvar": 6.48175129761e-18, "dvar2": 1.55972067881e-17, "max": 4.34814106433e-18, "mean": -7.33619298643e-09, "median": -6.22728535404e-09, "min": -3.63799834702e-08, "var": 2.94133944557e-17}, "spectral_energy": {"dmean": 0.00814597029239, "dmean2": 0.0131233595312, "dvar": 0.000101580910268, "dvar2": 0.000242576148594, "max": 0.141342818737, "mean": 0.0285019036382, "median": 0.024080183357, "min": 1.05141845218e-20, "var": 0.00044393358985}, "spectral_energyband_high": {"dmean": 0.000202595081646, "dmean2": 0.00032734152046, "dvar": 4.9942093483e-07, "dvar2": 1.37337360684e-06, "max": 0.00857042800635, "mean": 0.000212622850086, "median": 3.24376560457e-06, "min": 7.75934511783e-21, "var": 4.69834134265e-07}, "spectral_energyband_low": {"dmean": 0.00358439562842, "dmean2": 0.00594929046929, "dvar": 2.09785139305e-05, "dvar2": 5.26138319401e-05, "max": 0.0735408589244, "mean": 0.00884581170976, "median": 0.00566334184259, "min": 2.92498800484e-23, "var": 0.000105912404251}, "spectral_energyband_middle_high": {"dmean": 0.000641064427327, "dmean2": 0.00106494547799, "dvar": 7.00915916241e-06, "dvar2": 1.9497851099e-05, "max": 0.0261415578425, "mean": 0.000644529587589, "median": 0.000145577447256, "min": 1.52302085737e-21, "var": 5.09688879902e-06}, "spectral_energyband_middle_low": {"dmean": 0.00681377248839, "dmean2": 0.0110041508451, "dvar": 7.32596090529e-05, "dvar2": 0.000180302246008, "max": 0.122984752059, "mean": 0.0223814807832, "median": 0.0183055065572, "min": 2.22508252628e-22, "var": 0.00030488189077}, "spectral_entropy": {"dmean": 0.395089745522, "dmean2": 0.52680259943, "dvar": 0.249727129936, "dvar2": 0.431294500828, "max": 9.7978477478, "mean": 5.91784858704, "median": 5.68684768677, "min": 3.74523377419, "var": 1.11369240284}, "spectral_flux": {"dmean": 0.0228342190385, "dmean2": 0.0358809344471, "dvar": 0.000585873262025, "dvar2": 0.00133174611256, "max": 0.33781644702, "mean": 0.0611532703042, "median": 0.0551775880158, "min": 1.02538699753e-10, "var": 0.00142270920333}, "spectral_kurtosis": {"dmean": 34.5558662415, "dmean2": 51.963104248, "dvar": 2831.71118164, "dvar2": 5948.90185547, "max": 684.79498291, "mean": 63.243183136, "median": 19.4523010254, "min": -1.17016100883, "var": 7787.54638672}, "spectral_rms": {"dmean": 0.00072699872544, "dmean2": 0.00115240865853, "dvar": 5.7799508113e-07, "dvar2": 1.33462390295e-06, "max": 0.0117428889498, "mean": 0.0049013979733, "median": 0.00484694354236, "min": 3.20277094776e-12, "var": 3.78310414817e-06}, "spectral_rolloff": {"dmean": 166.77293396, "dmean2": 300.472442627, "dvar": 367879.375, "dvar2": 897418.75, "max": 19143.0175781, "mean": 548.036071777, "median": 322.998046875, "min": 150.732421875, "var": 1161456.875}, "spectral_skewness": {"dmean": 1.7198292017, "dmean2": 2.5198662281, "dvar": 4.94117498398, "dvar2": 9.66237068176, "max": 22.3625488281, "mean": 4.88144016266, "median": 3.34974002838, "min": -0.00111661874689, "var": 16.760017395}, "spectral_spread": {"dmean": 685859.125, "dmean2": 922518, "dvar": 817285365760, "dvar2": 1225960849410.0, "max": 40215808, "mean": 2506568, "median": 2056173.5, "min": 179900.109375, "var": 3084150374400.0}, "spectral_strongpeak": {"dmean": 0.286395102739, "dmean2": 0.486730277538, "dvar": 0.0840002596378, "dvar2": 0.20348238945, "max": 2.88987517357, "mean": 0.759519457817, "median": 0.646914660931, "min": 0, "var": 0.225226208568}, "zerocrossingrate": {"dmean": 0.00510355131701, "dmean2": 0.00568474922329, "dvar": 8.05158997537e-05, "dvar2": 8.12025900814e-05, "max": 0.5263671875, "mean": 0.0231863986701, "median": 0.01513671875, "min": 0.005859375, "var": 0.000935413583647}, "barkbands": {"dmean": [1.08837275548e-05, 0.000268796138698, 0.00209926185198, 0.00292496359907, 0.00457167439163, 0.00142243574373, 0.000775321153924, 0.000120241427794, 3.51670714736e-05, 2.84691686829e-05, 1.62386695592e-05, 1.93222767848e-05, 1.68235164892e-05, 4.88585537823e-05, 0.000116419316328, 9.77518138825e-05, 8.11870559119e-05, 7.6758376963e-05, 0.000144365505548, 8.67400958668e-05, 8.37774859974e-05, 4.04115162382e-05, 1.89721176866e-05, 5.28482314621e-06, 2.92785284728e-06, 1.09775714918e-06, 9.06229615794e-08], "dmean2": [1.76398316398e-05, 0.000462896918179, 0.00341446977109, 0.00513260206208, 0.00736316619441, 0.0020742197521, 0.00133229268249, 0.000177312467713, 5.20057474205e-05, 4.57054375147e-05, 2.42687110585e-05, 3.19088139804e-05, 2.67556642939e-05, 8.1771540863e-05, 0.000206057768082, 0.00016779951693, 0.000138408184284, 0.00012784867431, 0.000259799067862, 0.000149104816956, 0.00014041569375, 6.334844511e-05, 2.72338020295e-05, 7.65868207964e-06, 4.08880987379e-06, 1.63337881531e-06, 1.36781366677e-07], "dvar": [6.80589973268e-10, 4.33661853094e-07, 7.69540747569e-06, 3.27489360643e-05, 4.21550139436e-05, 4.50135621577e-06, 1.40864631248e-06, 6.49193196978e-08, 3.85893139665e-09, 4.67882887989e-09, 2.76221734374e-09, 5.33705435402e-09, 4.88710227842e-09, 4.99932113485e-08, 3.56324534323e-07, 3.25838868775e-07, 7.53203579507e-08, 1.02263200574e-07, 4.86741100758e-07, 1.57930628575e-07, 1.11319444329e-07, 1.47026373298e-08, 2.33893260315e-09, 1.72970859857e-10, 5.90034063275e-11, 1.01885938922e-11, 6.13347128078e-14], "dvar2": [1.67411340346e-09, 1.16850981158e-06, 1.89103047887e-05, 0.000100683304481, 0.000107443302113, 9.26470056584e-06, 4.37472317572e-06, 1.46984362459e-07, 7.83249376468e-09, 1.25288428521e-08, 6.25455909287e-09, 1.48363819008e-08, 1.23033752075e-08, 1.34264951157e-07, 1.00753072729e-06, 9.34160595989e-07, 2.06624932275e-07, 2.78666760778e-07, 1.40094709877e-06, 4.58706949757e-07, 3.11763898253e-07, 3.81552105466e-08, 5.12243047979e-09, 3.73002018161e-10, 1.29547123029e-10, 2.55773648788e-11, 1.40628489214e-13], "max": [0.000243854417931, 0.00933440309018, 0.0303129889071, 0.0706382393837, 0.109305948019, 0.0405540019274, 0.0159652046859, 0.00507308775559, 0.00125725357793, 0.00071163388202, 0.00101312994957, 0.000881257932633, 0.00131366879214, 0.00300978100859, 0.00661363266408, 0.00900729931891, 0.00281930412166, 0.00438630534336, 0.00765607319772, 0.00552930403501, 0.00514851137996, 0.00170306838118, 0.000467778008897, 0.000143517012475, 9.78709795163e-05, 3.8805163058e-05, 3.01765180666e-06], "mean": [9.28597819438e-06, 0.000472632353194, 0.00479260692373, 0.00527643458918, 0.0108023080975, 0.00427245814353, 0.00159621366765, 0.000316342280712, 0.000102193407656, 5.92261458223e-05, 4.73472609883e-05, 2.69339725492e-05, 1.5745366909e-05, 3.88188382203e-05, 8.488666208e-05, 8.34214442875e-05, 7.59382674005e-05, 7.31790132704e-05, 0.000112855159387, 8.41035725898e-05, 7.88250763435e-05, 4.60303563159e-05, 2.32946767937e-05, 6.53111555948e-06, 3.16836872116e-06, 1.07228277102e-06, 8.8195697856e-08], "median": [4.80400501601e-07, 0.00013150164159, 0.00267499312758, 0.00197761575691, 0.00769607583061, 0.00307689281181, 0.000951979192905, 0.000112074994831, 4.84472911921e-05, 2.1289644792e-05, 5.27895554114e-06, 5.66013659409e-06, 9.71185500021e-07, 1.79407652467e-06, 4.71300290883e-06, 4.13668249166e-06, 5.87083695791e-06, 3.91777302866e-06, 3.18183992931e-06, 1.28070257688e-06, 1.01688090126e-06, 7.71966028879e-07, 3.97341239022e-07, 9.70529114852e-08, 3.3937691768e-08, 7.5597625937e-09, 1.78090009406e-09], "min": [2.58790221802e-23, 8.25641150496e-24, 3.37142505926e-24, 2.36052457946e-23, 6.85435055877e-23, 2.57466954965e-23, 3.25936437001e-23, 2.58988494102e-23, 4.05862372413e-23, 4.60442427823e-23, 1.18202400546e-22, 1.19855385997e-22, 4.99703088442e-23, 8.71207255218e-23, 1.1849633643e-22, 1.54498383044e-22, 1.83549466989e-22, 1.71097253424e-22, 3.8263323341e-22, 3.22626136829e-22, 5.06439058116e-22, 4.61423297472e-22, 5.73614565298e-22, 8.42532931241e-22, 1.21976505491e-21, 1.70475704237e-21, 2.51192981996e-21], "var": [6.33296914909e-10, 6.61759884224e-07, 2.93745943054e-05, 8.76776248333e-05, 0.000131989654619, 1.93647920241e-05, 3.66749600289e-06, 3.01056275021e-07, 2.53712642007e-08, 7.97161092692e-09, 1.34359616766e-08, 4.35552127698e-09, 4.61258453655e-09, 3.65081938014e-08, 2.22334421096e-07, 2.08878262242e-07, 6.23722513637e-08, 7.84978837487e-08, 3.08146496764e-07, 1.18363807644e-07, 8.6253898246e-08, 1.7414230058e-08, 3.34181127215e-09, 2.63122162947e-10, 7.30454655096e-11, 9.95695453171e-12, 6.79337770933e-14]}, "erbbands": {"dmean": [0.00451937504113, 0.0860175415874, 1.52981412411, 6.99589300156, 8.81409072876, 20.7627830505, 16.4017620087, 11.5112733841, 11.4621458054, 5.34203624725, 2.22473549843, 0.973246634007, 0.561050653458, 1.10771906376, 0.566255271435, 0.762299656868, 0.780153632164, 1.65764760971, 4.68783664703, 5.54458665848, 5.70789909363, 5.28343200684, 4.42064094543, 6.18475389481, 5.89420175552, 4.05487680435, 4.16664600372, 2.75814723969, 1.50977575779, 1.01510906219, 0.487989932299, 0.165497437119, 0.0663636922836, 0.0331015698612, 0.0205627791584, 0.00727138575166, 0.00155175919645, 0.000226858726819, 1.76485827978e-05, 9.46606633079e-06], "dmean2": [0.00777905248106, 0.144236564636, 2.43160247803, 12.0431365967, 14.7169389725, 32.9403076172, 25.8471832275, 16.4062232971, 19.6728115082, 9.05871963501, 3.23093628883, 1.40313982964, 0.916085362434, 1.74472355843, 0.852192997932, 1.26018941402, 1.23928046227, 2.78781533241, 8.05829715729, 9.64996528625, 10.0211744308, 9.06765174866, 7.49008989334, 10.9757394791, 10.2788887024, 7.00764942169, 7.06022453308, 4.6519947052, 2.43308901787, 1.44987976551, 0.717290818691, 0.245863601565, 0.0929316356778, 0.0455319881439, 0.0296943280846, 0.0106658311561, 0.00230874610133, 0.00033336339402, 2.65367161774e-05, 1.52665834321e-05], "dvar": [0.000118877804198, 0.0351048074663, 4.30173206329, 123.110366821, 147.371429443, 1009.50482178, 586.364990234, 404.208068848, 288.064666748, 89.3375778198, 18.9804553986, 3.04671573639, 2.67264699936, 9.35399913788, 2.34975457191, 8.37934494019, 10.1924648285, 58.7528686523, 476.290771484, 721.015319824, 1106.72241211, 367.681243896, 343.904632568, 832.545410156, 742.163513184, 335.47769165, 307.867614746, 101.561256409, 24.5233802795, 6.19582557678, 1.62408685684, 0.16609737277, 0.0282200258225, 0.00709470687434, 0.00317350379191, 0.000416687951656, 2.21000882448e-05, 3.7705180489e-07, 1.91235627334e-09, 1.50358281381e-10], "dvar2": [0.000315311393933, 0.0915732830763, 9.82797813416, 346.136810303, 406.790649414, 2462.88037109, 1542.14562988, 802.332702637, 914.089416504, 245.985931396, 39.0146980286, 5.84234142303, 7.37946081161, 24.5379714966, 5.78303098679, 23.1013755798, 25.3704147339, 160.074142456, 1301.88122559, 2042.00109863, 3177.97021484, 1011.28967285, 941.308532715, 2382.66845703, 2103.4140625, 982.261962891, 867.526916504, 281.516143799, 66.9884796143, 13.0408334732, 3.69350528717, 0.36396253109, 0.0586552619934, 0.0148688852787, 0.0073024504818, 0.00102648953907, 5.53733079869e-05, 8.95248660981e-07, 4.36663771808e-09, 3.5212724403e-10], "max": [0.140025854111, 3.08249092102, 24.9319725037, 159.005477905, 146.142074585, 523.775390625, 364.364807129, 470.893035889, 211.290496826, 115.77318573, 89.2408065796, 38.8845710754, 28.6974887848, 53.29945755, 35.781791687, 33.8642692566, 53.7222900391, 122.747787476, 223.418121338, 277.634094238, 504.21282959, 200.434661865, 242.668334961, 356.40020752, 338.356445312, 248.665847778, 228.085220337, 152.727233887, 61.9709892273, 25.3876209259, 11.5622053146, 4.10517978668, 1.89997947216, 1.06134498119, 0.742175579071, 0.244318008423, 0.0607123412192, 0.00715748360381, 0.000529631972313, 0.00016249420878], "mean": [0.00608421768993, 0.216935753822, 4.0877161026, 14.626502037, 16.8408355713, 48.9728469849, 42.9158363342, 33.112487793, 26.1925010681, 12.1810340881, 6.14866113663, 3.14514374733, 1.34266829491, 2.59021019936, 1.42268776894, 1.04589188099, 0.744814753532, 1.35891401768, 3.59909272194, 4.39927482605, 4.77609348297, 4.78492069244, 4.0446434021, 5.16521167755, 4.84346675873, 3.825933218, 3.93271207809, 2.62014460564, 1.66600763798, 1.26917803288, 0.57215732336, 0.202383592725, 0.0813324600458, 0.0377247966826, 0.0214787442237, 0.00723640806973, 0.00149189401418, 0.000226655785809, 2.77818635368e-05, 3.21995612467e-05], "median": [0.00209071813151, 0.0948964655399, 2.20756912231, 7.24065208435, 11.4863204956, 33.7292327881, 32.8415908813, 19.1302719116, 16.7377433777, 6.98057460785, 2.90467214584, 1.52892684937, 0.632257461548, 0.892148017883, 0.36389964819, 0.222507253289, 0.0803443267941, 0.0856507495046, 0.181538760662, 0.286540925503, 0.260808169842, 0.355487465858, 0.248361438513, 0.206676110625, 0.117487676442, 0.0632550641894, 0.0411744788289, 0.0430002436042, 0.0239223130047, 0.0274143777788, 0.00938597694039, 0.00320321181789, 0.00121538306121, 0.000451365980553, 0.00022541792714, 6.50216388749e-05, 2.0155483071e-05, 3.12928204949e-06, 1.24591424537e-05, 2.67586474365e-05], "min": [5.64159997929e-22, 9.90662480477e-22, 2.96743087987e-21, 3.69556444967e-20, 2.35324017929e-19, 1.72567246571e-19, 1.33494064943e-19, 1.90185741254e-19, 4.30991368781e-19, 7.14681464306e-19, 3.78627165392e-19, 7.74762073738e-19, 1.49272889264e-18, 2.88264481861e-18, 4.98507716704e-18, 4.07414162233e-18, 2.18341850027e-18, 3.64455736532e-18, 6.05779600467e-18, 8.10783907579e-18, 7.84937325851e-18, 9.10674734659e-18, 1.10040473817e-17, 1.56979573867e-17, 1.72071633036e-17, 1.60935995281e-17, 1.78081067099e-17, 2.02840932025e-17, 1.90296225184e-17, 1.66215310104e-17, 1.53543961911e-17, 1.60468704409e-17, 1.31951412909e-17, 1.25692923035e-17, 9.16582293158e-18, 6.61247809444e-18, 3.39443697324e-18, 1.14745925887e-18, 3.5143848829e-19, 3.8200338061e-20], "var": [0.000119015327073, 0.0846927314997, 21.3731498718, 526.382751465, 300.732330322, 3309.46533203, 1692.26574707, 1855.75390625, 874.949829102, 221.660995483, 95.1645278931, 22.8859424591, 4.66244602203, 18.2580318451, 8.35974597931, 6.70889949799, 9.47159671783, 42.720413208, 326.855651855, 475.122833252, 699.50213623, 284.542114258, 252.630477905, 559.174438477, 499.745239258, 247.715362549, 237.849243164, 83.5386581421, 25.7216186523, 10.0146141052, 2.11250948906, 0.251429527998, 0.0416519679129, 0.00960456207395, 0.00357992039062, 0.000426986080129, 2.09822210309e-05, 4.10937047945e-07, 2.28612506703e-09, 5.75693270832e-10]}, "gfcc": {"mean": [-153.855056763, 177.543045044, -72.9085006714, 31.3783798218, -59.5411720276, -38.6379203796, -43.6963844299, -19.0220355988, -18.4445819855, -21.0796947479, -15.5947141647, -7.3649969101, -6.08128929138], "cov": [[12462.5117188, -3930.48974609, -1199.45568848, 2936.82836914, -1136.11279297, 977.186340332, -565.86517334, 191.867462158, -292.739593506, 550.038330078, -350.954589844, 172.166213989, -180.611694336], [-3930.48974609, 4304.80126953, 888.398803711, -2410.62548828, 782.398742676, -953.756774902, 376.56854248, -206.834701538, 232.951202393, -608.623474121, 188.810287476, -182.455291748, 194.458358765], [-1199.45568848, 888.398803711, 1645.30163574, -292.822540283, -250.105163574, 29.735244751, 192.815795898, -62.0198440552, 11.7478818893, -74.2391204834, 11.6735963821, -28.1937770844, 67.255645752], [2936.82836914, -2410.62548828, -292.822540283, 2010.75524902, -493.822052002, 501.894134521, -169.169006348, 74.8677749634, -29.1445522308, 338.077331543, -85.8423080444, 31.2227516174, -103.940849304], [-1136.11279297, 782.398742676, -250.105163574, -493.822052002, 540.308166504, -242.803955078, -31.6059341431, -11.1236896515, 84.2925415039, -71.5697860718, 40.123260498, -46.9442062378, 10.5771284103], [977.186340332, -953.756774902, 29.735244751, 501.894134521, -242.803955078, 376.165710449, -45.3872337341, 43.0988616943, -68.2274246216, 156.530044556, -43.4116096497, 60.1976013184, -32.5919342041], [-565.86517334, 376.56854248, 192.815795898, -169.169006348, -31.6059341431, -45.3872337341, 174.250030518, -10.8769245148, 2.98596644402, -76.1587905884, 37.8822250366, -20.6686458588, 15.864200592], [191.867462158, -206.834701538, -62.0198440552, 74.8677749634, -11.1236896515, 43.0988616943, -10.8769245148, 104.2811203, 3.97516155243, 36.6289787292, -5.43658924103, 23.9928417206, -19.2275180817], [-292.739593506, 232.951202393, 11.7478818893, -29.1445522308, 84.2925415039, -68.2274246216, 2.98596644402, 3.97516155243, 111.009689331, -4.23422384262, 7.66580867767, -25.8500003815, 15.569683075], [550.038330078, -608.623474121, -74.2391204834, 338.077331543, -71.5697860718, 156.530044556, -76.1587905884, 36.6289787292, -4.23422384262, 174.875488281, -10.2079296112, 32.3725242615, -28.2137947083], [-350.954589844, 188.810287476, 11.6735963821, -85.8423080444, 40.123260498, -43.4116096497, 37.8822250366, -5.43658924103, 7.66580867767, -10.2079296112, 82.4314346313, 19.4143352509, 9.15324878693], [172.166213989, -182.455291748, -28.1937770844, 31.2227516174, -46.9442062378, 60.1976013184, -20.6686458588, 23.9928417206, -25.8500003815, 32.3725242615, 19.4143352509, 83.4705886841, 8.30593204498], [-180.611694336, 194.458358765, 67.255645752, -103.940849304, 10.5771284103, -32.5919342041, 15.864200592, -19.2275180817, 15.569683075, -28.2137947083, 9.15324878693, 8.30593204498, 50.9296150208]], "icov": [[0.000356856297003, -0.00122662214562, 0.000652924296446, -0.00103651417885, 0.0010064910166, -0.000804930692539, 0.00107632426079, -0.000789597863331, 0.00155004695989, -0.00102210754994, 0.00154339917935, -0.000692256144248, 0.000409284664784], [-0.00122662214562, 0.0081075001508, -0.00366560486145, 0.00591241568327, -0.00508810160682, 0.00521075958386, -0.00513361301273, 0.00450284406543, -0.00897729676217, 0.00715475762263, -0.00816884543747, 0.00428371690214, -0.00323085510172], [0.000652924296446, -0.00366560486145, 0.00257180933841, -0.00249710353091, 0.00301131675951, -0.00265956996009, 0.00189906917512, -0.00181632675231, 0.00373930693604, -0.00336434110068, 0.00384814990684, -0.00145977956709, 0.000753831176553], [-0.00103651417885, 0.00591241568327, -0.00249710353091, 0.00559918861836, -0.00293615739793, 0.00301864347421, -0.00344543182291, 0.00345241092145, -0.00758581701666, 0.00427359808236, -0.00651430524886, 0.00409962050617, -0.00141877273563], [0.0010064910166, -0.00508810160682, 0.00301131675951, -0.00293615739793, 0.00751799950376, -0.00246442644857, 0.00528015336022, -0.0032634451054, 0.00396506441757, -0.00473889149725, 0.00382408709265, -0.000917555065826, 0.00263740378432], [-0.000804930692539, 0.00521075958386, -0.00265956996009, 0.00301864347421, -0.00246442644857, 0.0108111863956, -0.00491987308487, 0.0026505519636, -0.00316255143844, -6.70563968015e-05, -0.00192069716286, -0.000471507199109, -0.00176207581535], [0.00107632426079, -0.00513361301273, 0.00189906917512, -0.00344543182291, 0.00528015336022, -0.00491987308487, 0.0144033040851, -0.00482043996453, 0.00545899709687, 0.000114052891149, -0.000660072953906, 0.0016014034627, 0.00157886743546], [-0.000789597863331, 0.00450284406543, -0.00181632675231, 0.00345241092145, -0.0032634451054, 0.0026505519636, -0.00482043996453, 0.0150875626132, -0.00766839412972, 0.00254932814278, -0.0023242875468, -0.00289913150482, 0.00367030501366], [0.00155004695989, -0.00897729676217, 0.00373930693604, -0.00758581701666, 0.00396506441757, -0.00316255143844, 0.00545899709687, -0.00766839412972, 0.0238228067756, -0.0105619831011, 0.00914311502129, -0.00103732349817, -0.00269663869403], [-0.00102210754994, 0.00715475762263, -0.00336434110068, 0.00427359808236, -0.00473889149725, -6.70563968015e-05, 0.000114052891149, 0.00254932814278, -0.0105619831011, 0.0203511156142, -0.0106312772259, 0.0029987487942, 1.46039128595e-05], [0.00154339917935, -0.00816884543747, 0.00384814990684, -0.00651430524886, 0.00382408709265, -0.00192069716286, -0.000660072953906, -0.0023242875468, 0.00914311502129, -0.0106312772259, 0.0278510153294, -0.0131887914613, 0.00405249465257], [-0.000692256144248, 0.00428371690214, -0.00145977956709, 0.00409962050617, -0.000917555065826, -0.000471507199109, 0.0016014034627, -0.00289913150482, -0.00103732349817, 0.0029987487942, -0.0131887914613, 0.0243620350957, -0.00984535645694], [0.000409284664784, -0.00323085510172, 0.000753831176553, -0.00141877273563, 0.00263740378432, -0.00176207581535, 0.00157886743546, 0.00367030501366, -0.00269663869403, 1.46039128595e-05, 0.00405249465257, -0.00984535645694, 0.0304596349597]]}, "melbands": {"dmean": [5.41155750398e-05, 0.000579465704504, 0.00114463630598, 0.00110144261271, 0.000612583884504, 0.000248962285696, 0.000171726438566, 4.89627127536e-05, 1.61146235769e-05, 5.411715847e-06, 2.76105106423e-06, 4.57917622043e-06, 1.90203945749e-06, 2.43505246544e-06, 1.33297783123e-06, 1.90266143818e-06, 3.16255045618e-06, 7.12015707904e-06, 9.22043454921e-06, 5.6110661717e-06, 6.92490357324e-06, 5.57317252969e-06, 4.42484861196e-06, 3.33426260113e-06, 5.24181132278e-06, 5.67750794289e-06, 2.68029702966e-06, 2.78078073279e-06, 3.04099239656e-06, 2.00062777367e-06, 1.40671352256e-06, 8.72663292739e-07, 6.92592323048e-07, 5.19847731084e-07, 3.28581080566e-07, 1.46787499489e-07, 8.010601249e-08, 5.09804287674e-08, 3.08606651345e-08, 2.79362772915e-08], "dmean2": [9.26460561459e-05, 0.000928606081288, 0.00197638245299, 0.00176858645864, 0.000978644704446, 0.000359380792361, 0.000294386292808, 8.17135878606e-05, 2.32234051509e-05, 7.85511292634e-06, 4.54150494988e-06, 7.19617082723e-06, 2.82038399746e-06, 4.01506486014e-06, 2.15152567762e-06, 3.05014918922e-06, 5.32804642717e-06, 1.21102120829e-05, 1.64676202985e-05, 9.31397426029e-06, 1.24323323689e-05, 9.74737122306e-06, 7.31563022782e-06, 5.61742990612e-06, 9.37791446631e-06, 1.02075064206e-05, 4.47141565019e-06, 4.89767671752e-06, 5.23964354215e-06, 3.37649839821e-06, 2.39636005972e-06, 1.43666522945e-06, 1.04204696072e-06, 7.52277856009e-07, 4.97920041198e-07, 2.24722384701e-07, 1.20811989746e-07, 7.23711792716e-08, 4.33934701505e-08, 3.96447994433e-08], "dvar": [1.74079666238e-08, 6.29624310022e-07, 3.44394288732e-06, 2.76724131254e-06, 7.61685555517e-07, 1.67653567473e-07, 6.46909796842e-08, 7.73795694187e-09, 1.00853103646e-09, 1.00980897255e-10, 6.63926413846e-11, 1.50190582193e-10, 2.71020306891e-11, 8.27702975603e-11, 2.50077163838e-11, 6.75513395221e-11, 2.1431283137e-10, 1.0686553864e-09, 2.43500997144e-09, 6.68179622743e-10, 1.75488679144e-09, 4.08680894681e-10, 2.62264571171e-10, 2.02052000131e-10, 6.41222519526e-10, 7.2301792331e-10, 1.27288901641e-10, 1.78664000261e-10, 1.86344065178e-10, 6.08572497951e-11, 2.841302367e-11, 1.02789582401e-11, 3.33680218872e-12, 1.65903586442e-12, 7.91534914869e-13, 1.36947975204e-13, 3.82591263629e-14, 1.62857906685e-14, 7.09231613461e-15, 5.26069208947e-15], "dvar2": [4.65722038712e-08, 1.4868493281e-06, 1.02246594906e-05, 6.7140513238e-06, 2.15077420762e-06, 3.41193072018e-07, 2.01796439114e-07, 2.06264001434e-08, 1.98685423669e-09, 1.94232560591e-10, 1.83616219451e-10, 3.94633853373e-10, 6.04312988539e-11, 2.29999005952e-10, 6.55377974113e-11, 1.7096168925e-10, 5.83061321446e-10, 2.88997692444e-09, 6.95468438394e-09, 1.87036430788e-09, 5.04662533984e-09, 1.14363341019e-09, 6.92273571801e-10, 5.4910187508e-10, 1.84562276573e-09, 2.06445638362e-09, 3.47008199952e-10, 5.31007737781e-10, 5.30925026165e-10, 1.7059896551e-10, 7.92883536604e-11, 2.89947111459e-11, 7.39293348762e-12, 3.55590361843e-12, 1.85844980898e-12, 2.97860965493e-13, 8.6753324522e-14, 3.43070569783e-14, 1.58808919791e-14, 1.12566350352e-14], "max": [0.00185556733049, 0.0098231099546, 0.0251817721874, 0.0273171588778, 0.00979697238654, 0.00924403220415, 0.00346419983543, 0.00126303057186, 0.000691383320373, 0.000218053552089, 0.000141694225022, 0.000204297815799, 0.000125650563859, 0.000107246763946, 5.85648231208e-05, 0.000157107177074, 0.000229393815971, 0.000357242446626, 0.000572110351641, 0.000388981774449, 0.000636677141301, 0.000204161842703, 0.000217176086153, 0.000190214981558, 0.00032352891867, 0.000276513659628, 0.000179460068466, 0.000185044787941, 0.000167150545167, 0.000140035393997, 7.85464799264e-05, 4.47011479991e-05, 2.40414101427e-05, 1.34400888783e-05, 8.04126830189e-06, 3.97771509597e-06, 1.79219603069e-06, 1.38934490224e-06, 9.66029119809e-07, 9.89175646282e-07], "mean": [8.26318064355e-05, 0.00148045644164, 0.00236429576762, 0.00243446906097, 0.00164217676502, 0.00072365545202, 0.000384410086554, 0.00011316214659, 4.45065270469e-05, 1.63517215697e-05, 5.98339784119e-06, 1.04218142951e-05, 5.49345577383e-06, 3.59313571607e-06, 1.49459731347e-06, 1.71216447598e-06, 2.5763586109e-06, 5.52017627342e-06, 6.67451922709e-06, 5.18487013323e-06, 5.58081364943e-06, 4.90494676342e-06, 4.14766054746e-06, 3.20492881656e-06, 4.28036810263e-06, 4.38892402599e-06, 2.43438444159e-06, 2.60122897089e-06, 2.78691550193e-06, 1.92798756871e-06, 1.30719229219e-06, 9.17422596558e-07, 8.82912388533e-07, 6.35123512893e-07, 3.71291520196e-07, 1.76184244083e-07, 9.73142846306e-08, 6.1892500014e-08, 3.51479734206e-08, 3.09082999195e-08], "median": [2.0587889594e-05, 0.000821646070108, 0.00125494133681, 0.0016515229363, 0.00128549907822, 0.000441167794634, 0.000239778571995, 6.10572533333e-05, 2.06625372812e-05, 7.37542268325e-06, 2.48845708484e-06, 3.49233778252e-06, 1.06867832983e-06, 7.44945566566e-07, 2.24539235205e-07, 1.10109773743e-07, 1.54731068847e-07, 2.36850610236e-07, 3.73978565449e-07, 3.32512712475e-07, 2.80921540252e-07, 3.58559958613e-07, 2.82757952164e-07, 1.61551412248e-07, 1.53836737127e-07, 9.32393930952e-08, 5.98686398234e-08, 3.04201392964e-08, 2.42440378884e-08, 2.82713781274e-08, 2.00694145747e-08, 1.23151266962e-08, 1.56110733229e-08, 1.26690657964e-08, 5.69558444852e-09, 2.77824030448e-09, 1.49561207863e-09, 9.12421693755e-10, 4.49025094884e-10, 3.21557724892e-10], "min": [5.31199290939e-24, 1.31172126586e-24, 1.32295208135e-23, 1.56107510985e-23, 5.46344868117e-24, 5.22434257421e-24, 6.48690183125e-24, 7.69792401648e-24, 2.42471860893e-24, 5.79227864419e-24, 7.85754213204e-24, 1.14275597688e-23, 1.73695685515e-23, 1.50638606542e-23, 4.67257460292e-24, 5.42247997892e-24, 7.03080170387e-24, 1.01108791316e-23, 9.09370846977e-24, 1.05306761955e-23, 9.44796539192e-24, 8.25306989017e-24, 1.09608972674e-23, 9.90658151208e-24, 1.28631580319e-23, 1.35213551722e-23, 9.48976634242e-24, 1.17596788873e-23, 9.55839093029e-24, 1.41304409881e-23, 1.11027518131e-23, 1.18133900598e-23, 8.2207336928e-24, 9.94820575775e-24, 8.87901997441e-24, 9.19021534633e-24, 9.7548977595e-24, 8.12592207833e-24, 1.08891945442e-23, 1.08540539463e-23], "var": [2.29827818998e-08, 2.83518784272e-06, 1.16236424219e-05, 8.39447238832e-06, 2.06215486287e-06, 7.47231126752e-07, 1.98411925112e-07, 2.08596873108e-08, 5.23353893556e-09, 7.09870495719e-10, 1.10900337524e-10, 2.85566237324e-10, 1.57617419116e-10, 7.27191848404e-11, 2.17631780652e-11, 6.04814323624e-11, 1.55788396072e-10, 7.53335338555e-10, 1.4809427018e-09, 5.00535446424e-10, 1.08090403295e-09, 3.06415809392e-10, 2.12695264179e-10, 1.56133980744e-10, 4.1839984255e-10, 4.63647925608e-10, 9.78578676425e-11, 1.28006411027e-10, 1.37713590531e-10, 4.83294237963e-11, 2.23169989433e-11, 9.22326017644e-12, 5.38453006141e-12, 2.49188256835e-12, 9.43058890528e-13, 1.94318763554e-13, 5.82326613145e-14, 2.39993775178e-14, 8.74895757241e-15, 6.74881378131e-15]}, "mfcc": {"mean": [-795.375305176, 182.525894165, 46.2801361084, 49.6711120605, 2.72932434082, -13.1092967987, -25.2511558533, -7.60401773453, -12.5045404434, -15.5136890411, -15.7319879532, -11.214972496, -3.92108654976], "cov": [[10421.3310547, -3367.24707031, -1599.70043945, 1571.45849609, -180.412246704, 812.281921387, -190.875350952, -5.70030498505, -91.0847396851, 273.610565186, 95.7104797363, 68.7473220825, -55.838722229], [-3367.24707031, 3853.79394531, 859.694213867, -1109.65966797, 83.2561569214, -728.859008789, -71.8536300659, 63.6147956848, 80.1480789185, -278.675415039, -156.573913574, -142.646011353, 24.0693321228], [-1599.70043945, 859.694213867, 1400.5345459, -41.2666053772, -210.594512939, -1.02513241768, 97.9758071899, 9.95286941528, 49.3760681152, -34.3304786682, -51.1816062927, 5.61516332626, 14.1703243256], [1571.45849609, -1109.65966797, -41.2666053772, 917.645446777, 23.2992229462, 285.721343994, 16.8609981537, -4.99095916748, -17.8268260956, 153.740966797, 116.696777344, 43.2808952332, -52.0389060974], [-180.412246704, 83.2561569214, -210.594512939, 23.2992229462, 312.216308594, -10.2713546753, -53.5927085876, -29.0840454102, 13.6617002487, 30.5093479156, 75.1692962646, 18.222946167, -49.8439483643], [812.281921387, -728.859008789, -1.02513241768, 285.721343994, -10.2713546753, 303.31463623, 28.0886211395, -39.3278884888, 1.82251620293, 77.9881591797, 33.9723129272, 47.0297470093, -4.05661344528], [-190.875350952, -71.8536300659, 97.9758071899, 16.8609981537, -53.5927085876, 28.0886211395, 125.486335754, 30.1526813507, -15.4849491119, -0.939034342766, -14.5224123001, 13.2745294571, 53.8178405762], [-5.70030498505, 63.6147956848, 9.95286941528, -4.99095916748, -29.0840454102, -39.3278884888, 30.1526813507, 83.9389572144, 13.3198518753, -19.192363739, -12.2883272171, 3.18736100197, 29.6777362823], [-91.0847396851, 80.1480789185, 49.3760681152, -17.8268260956, 13.6617002487, 1.82251620293, -15.4849491119, 13.3198518753, 66.5110168457, 30.0677623749, 15.0304794312, 2.28014159203, -19.258228302], [273.610565186, -278.675415039, -34.3304786682, 153.740966797, 30.5093479156, 77.9881591797, -0.939034342766, -19.192363739, 30.0677623749, 111.828849792, 61.6107902527, 14.7709636688, -30.5209999084], [95.7104797363, -156.573913574, -51.1816062927, 116.696777344, 75.1692962646, 33.9723129272, -14.5224123001, -12.2883272171, 15.0304794312, 61.6107902527, 100.263320923, 33.108581543, -35.5480079651], [68.7473220825, -142.646011353, 5.61516332626, 43.2808952332, 18.222946167, 47.0297470093, 13.2745294571, 3.18736100197, 2.28014159203, 14.7709636688, 33.108581543, 68.516960144, 41.0433769226], [-55.838722229, 24.0693321228, 14.1703243256, -52.0389060974, -49.8439483643, -4.05661344528, 53.8178405762, 29.6777362823, -19.258228302, -30.5209999084, -35.5480079651, 41.0433769226, 129.765792847]], "icov": [[0.000233935046708, -5.6975219195e-05, 0.000312788033625, -0.000303649256239, 0.000387648266042, -0.000519218097907, 0.000535951927304, -0.000356013188139, 0.000250296521699, -0.000176501067472, 0.000268086936558, -0.00016121401859, 6.7179906182e-05], [-5.6975219195e-05, 0.0009769477183, -0.000760158814956, 0.000555152364541, -0.000898173777387, 0.00153785443399, 0.000270005111815, 0.000243682705332, -0.000988153275102, 0.000847725430503, -0.000436440546764, 0.00153217965271, -0.000916149350815], [0.000312788033625, -0.000760158814956, 0.00185997085646, -0.000925695174374, 0.00172407354694, -0.00139146356378, -0.000640439102426, 0.00033627540688, -0.000579144572839, 4.04837410315e-05, 0.000888271839358, -0.00207578437403, 0.0013321430888], [-0.000303649256239, 0.000555152364541, -0.000925695174374, 0.00285176816396, -0.000887083413545, -0.000477290770505, 0.000246651849011, -0.00173622183502, 0.00199313252233, -0.00152424583212, -0.0019406368956, 0.0016264107544, -0.000158537703101], [0.000387648266042, -0.000898173777387, 0.00172407354694, -0.000887083413545, 0.00602411525324, -0.0014950199984, 0.000827918003779, 0.000711946981028, -7.37410528018e-06, 0.000178999151103, -0.00226012920029, -0.00263769924641, 0.00180651736446], [-0.000519218097907, 0.00153785443399, -0.00139146356378, -0.000477290770505, -0.0014950199984, 0.0100386589766, -0.00275841425173, 0.0049338224344, -0.00343048456125, -0.000459057249827, 0.00273810047656, -0.00341066066176, 0.000418814364821], [0.000535951927304, 0.000270005111815, -0.000640439102426, 0.000246651849011, 0.000827918003779, -0.00275841425173, 0.0143027398735, -0.00631793634966, 0.00556619511917, -0.00335089932196, -0.000573368917685, 0.00288980873302, -0.00493883853778], [-0.000356013188139, 0.000243682705332, 0.00033627540688, -0.00173622183502, 0.000711946981028, 0.0049338224344, -0.00631793634966, 0.0204830728471, -0.0108959414065, 0.00653769727796, -0.00102950271685, -0.00020428589778, -0.00286473915912], [0.000250296521699, -0.000988153275102, -0.000579144572839, 0.00199313252233, -7.37410528018e-06, -0.00343048456125, 0.00556619511917, -0.0108959414065, 0.0275795701891, -0.0126160997897, 0.00259421044029, -0.00372765120119, 0.00424227491021], [-0.000176501067472, 0.000847725430503, 4.04837410315e-05, -0.00152424583212, 0.000178999151103, -0.000459057249827, -0.00335089932196, 0.00653769727796, -0.0126160997897, 0.0233222283423, -0.0115897767246, 0.00590110803023, -0.00232819840312], [0.000268086936558, -0.000436440546764, 0.000888271839358, -0.0019406368956, -0.00226012920029, 0.00273810047656, -0.000573368917685, -0.00102950271685, 0.00259421044029, -0.0115897767246, 0.0292538441718, -0.0193376671523, 0.0108009241521], [-0.00016121401859, 0.00153217965271, -0.00207578437403, 0.0016264107544, -0.00263769924641, -0.00341066066176, 0.00288980873302, -0.00020428589778, -0.00372765120119, 0.00590110803023, -0.0193376671523, 0.0388594120741, -0.0184996072203], [6.7179906182e-05, -0.000916149350815, 0.0013321430888, -0.000158537703101, 0.00180651736446, 0.000418814364821, -0.00493883853778, -0.00286473915912, 0.00424227491021, -0.00232819840312, 0.0108009241521, -0.0184996072203, 0.0199984312057]]}, "spectral_contrast_coeffs": {"dmean": [0.0493194721639, 0.0411836802959, 0.0336488932371, 0.028034273535, 0.0252779182047, 0.0340233333409], "dmean2": [0.0797670334578, 0.0664563700557, 0.05377407372, 0.0451420173049, 0.0390851646662, 0.0545668564737], "dvar": [0.00184877042193, 0.0014264897909, 0.000939811056014, 0.000732819724362, 0.000680390745401, 0.00178737228271], "dvar2": [0.00465562287718, 0.00347576336935, 0.00200527324341, 0.00171928701457, 0.00145908480044, 0.00415805261582], "max": [-0.210156857967, -0.430954217911, -0.549403309822, -0.610536932945, -0.565919399261, -0.568909049034], "mean": [-0.455950111151, -0.630572557449, -0.75713545084, -0.817595422268, -0.810768902302, -0.772712945938], "median": [-0.460269361734, -0.626695871353, -0.760286808014, -0.821950674057, -0.824241757393, -0.768262505531], "min": [-0.954517424107, -0.970878124237, -0.965025126934, -0.947840511799, -0.962575733662, -0.957321822643], "var": [0.0101423561573, 0.00582449417561, 0.00574481021613, 0.00250566168688, 0.00374249112792, 0.00447156466544]}, "spectral_contrast_valleys": {"dmean": [0.458318322897, 0.371299922466, 0.441302865744, 0.585569620132, 0.668182790279, 0.708375930786], "dmean2": [0.735090851784, 0.575760602951, 0.658328950405, 0.787648260593, 0.828384816647, 0.87427854538], "dvar": [0.217732682824, 0.177357152104, 0.242675185204, 0.457881122828, 0.745550990105, 0.545260965824],