{"lowlevel": {"average_loudness": 0.743192732334, "barkbands_crest": {"dmean": 2.2828977108, "dmean2": 3.60436415672, "dvar": 4.35827684402, "dvar2": 10.7798013687, "max": 24.0469417572, "mean": 9.4801492691, "median": 8.67114257812, "min": 3.06540870667, "var": 13.6415653229}, "barkbands_flatness_db": {"dmean": 0.0178662277758, "dmean2": 0.027666868642, "dvar": 0.000296568818158, "dvar2": 0.000676762894727, "max": 0.399324685335, "mean": 0.178041353822, "median": 0.167457491159, "min": 0.0430858358741, "var": 0.00222502346151}, "barkbands_kurtosis": {"dmean": 1.38044583797, "dmean2": 2.08832836151, "dvar": 3.57912230492, "dvar2": 7.90852212906, "max": 25.3198928833, "mean": 1.18001234531, "median": 0.1054251194, "min": -1.81318068504, "var": 10.2167539597}, "barkbands_skewness": {"dmean": 0.450141251087, "dmean2": 0.643611490726, "dvar": 0.182613387704, "dvar2": 0.384880453348, "max": 4.59306669235, "mean": 0.705216765404, "median": 0.732052505016, "min": -2.19307637215, "var": 1.03949522972}, "barkbands_spread": {"dmean": 6.69535923004, "dmean2": 9.87226009369, "dvar": 49.0291290283, "dvar2": 104.526115417, "max": 69.5356826782, "mean": 29.5698852539, "median": 28.7239189148, "min": 2.25626659393, "var": 249.936294556}, "dissonance": {"dmean": 0.023143934086, "dmean2": 0.0384219065309, "dvar": 0.000581087195314, "dvar2": 0.00161383242812, "max": 0.500000059605, "mean": 0.451489388943, "median": 0.461403876543, "min": 0.196016430855, "var": 0.00156513240654}, "dynamic_complexity": 4.33886671066, "erbbands_crest": {"dmean": 3.2695786953, "dmean2": 5.18765640259, "dvar": 8.89788532257, "dvar2": 22.1989517212, "max": 33.1388397217, "mean": 12.310292244, "median": 11.1518821716, "min": 2.71885156631, "var": 28.8869857788}, "erbbands_flatness_db": {"dmean": 0.0180898513645, "dmean2": 0.0272948816419, "dvar": 0.000294338620733, "dvar2": 0.000664541439619, "max": 0.435995012522, "mean": 0.210854440928, "median": 0.201760619879, "min": 0.0816304162145, "var": 0.00238494877703}, "erbbands_kurtosis": {"dmean": 1.4211884737, "dmean2": 2.22523808479, "dvar": 5.12623214722, "dvar2": 12.2165288925, "max": 43.7118148804, "mean": 1.1762573719, "median": 0.0234334468842, "min": -1.77466535568, "var": 10.6056079865}, "erbbands_skewness": {"dmean": 0.429905235767, "dmean2": 0.637919723988, "dvar": 0.174203619361, "dvar2": 0.39408069849, "max": 5.69591999054, "mean": 0.654170930386, "median": 0.59870415926, "min": -2.27797412872, "var": 0.77043569088}, "erbbands_spread": {"dmean": 9.09613609314, "dmean2": 13.7090902328, "dvar": 84.784034729, "dvar2": 189.080886841, "max": 110.902435303, "mean": 39.5249023438, "median": 37.7111282349, "min": 2.57892560959, "var": 410.158843994}, "hfc": {"dmean": 19.013633728, "dmean2": 26.5752067566, "dvar": 1094.53234863, "dvar2": 2465.47143555, "max": 513.234130859, "mean": 40.9021568298, "median": 23.6688117981, "min": 1.16734758833e-16, "var": 2547.4050293}, "melbands_crest": {"dmean": 2.91684484482, "dmean2": 4.603972435, "dvar": 7.26999139786, "dvar2": 17.5747871399, "max": 32.0752754211, "mean": 13.1724433899, "median": 12.2610731125, "min": 2.1869058609, "var": 28.8690071106}, "melbands_flatness_db": {"dmean": 0.0206578616053, "dmean2": 0.0291189663112, "dvar": 0.000397647178033, "dvar2": 0.000802483351436, "max": 0.397297561169, "mean": 0.173410147429, "median": 0.166544392705, "min": 0.00453166663647, "var": 0.00300706084818}, "melbands_kurtosis": {"dmean": 2.93295955658, "dmean2": 4.37613248825, "dvar": 14.0778837204, "dvar2": 32.461730957, "max": 94.5167922974, "mean": 5.79580879211, "median": 4.23165893555, "min": -1.63429987431, "var": 42.0636138916}, "melbands_skewness": {"dmean": 0.520054280758, "dmean2": 0.759168744087, "dvar": 0.212683662772, "dvar2": 0.46599817276, "max": 6.70706939697, "mean": 1.72015333176, "median": 1.72540140152, "min": -2.94066309929, "var": 1.1463778019}, "melbands_spread": {"dmean": 11.8513002396, "dmean2": 16.7967205048, "dvar": 174.227844238, "dvar2": 360.015380859, "max": 163.377456665, "mean": 42.6244087219, "median": 33.8337287903, "min": 3.70933461189, "var": 928.277099609}, "pitch_salience": {"dmean": 0.0586336888373, "dmean2": 0.0958208814263, "dvar": 0.00285503081977, "dvar2": 0.00736808823422, "max": 0.85561221838, "mean": 0.505625963211, "median": 0.513554155827, "min": 0.150128483772, "var": 0.0097861494869}, "silence_rate_20dB": {"dmean": 0, "dmean2": 0, "dvar": 0, "dvar2": 0, "max": 1, "mean": 1, "median": 1, "min": 1, "var": 0}, "silence_rate_30dB": {"dmean": 0, "dmean2": 0, "dvar": 0, "dvar2": 0, "max": 1, "mean": 1, "median": 1, "min": 1, "var": 0}, "silence_rate_60dB": {"dmean": 0.0389761477709, "dmean2": 0.0776840299368, "dvar": 0.0374566018581, "dvar2": 0.0797926187515, "max": 1, "mean": 0.175050884485, "median": 0, "min": 0, "var": 0.144405707717}, "spectral_centroid": {"dmean": 325.099090576, "dmean2": 460.776550293, "dvar": 123954.578125, "dvar2": 213292.78125, "max": 11001.40625, "mean": 2083.64672852, "median": 1978.234375, "min": 483.662017822, "var": 792653.3125}, "spectral_complexity": {"dmean": 2.07620716095, "dmean2": 3.16962456703, "dvar": 3.8772752285, "dvar2": 8.30956935883, "max": 35, "mean": 12.4297761917, "median": 12, "min": 0, "var": 37.7783050537}, "spectral_decrease": {"dmean": 7.53131279563e-10, "dmean2": 1.10050724089e-09, "dvar": 1.26586230534e-18, "dvar2": 2.62225435884e-18, "max": -7.88972669343e-29, "mean": -2.65909849695e-09, "median": -1.91876559086e-09, "min": -1.8411583369e-08, "var": 6.51412383806e-18}, "spectral_energy": {"dmean": 0.00426103500649, "dmean2": 0.00606927089393, "dvar": 3.70671732526e-05, "dvar2": 7.72376079112e-05, "max": 0.0920581147075, "mean": 0.0137460222468, "median": 0.00990692339838, "min": 1.08859723188e-20, "var": 0.000167957332451}, "spectral_energyband_high": {"dmean": 0.00177676707972, "dmean2": 0.00250629917718, "dvar": 1.08004824142e-05, "dvar2": 2.50334487646e-05, "max": 0.0477867014706, "mean": 0.00320111191832, "median": 0.00151550793089, "min": 8.10820934897e-21, "var": 2.26857137022e-05}, "spectral_energyband_low": {"dmean": 1.44942009683e-06, "dmean2": 1.75616355591e-06, "dvar": 5.0887641323e-11, "dvar2": 7.21044057794e-11, "max": 0.000525815819856, "mean": 4.83423582409e-06, "median": 2.73699839681e-07, "min": 1.60794679514e-22, "var": 8.88883300298e-10}, "spectral_energyband_middle_high": {"dmean": 0.00231523928232, "dmean2": 0.00348964775912, "dvar": 1.37760052894e-05, "dvar2": 3.11332369165e-05, "max": 0.0557695180178, "mean": 0.00586244557053, "median": 0.00305623491295, "min": 1.60394713152e-21, "var": 5.37859159522e-05}, "spectral_energyband_middle_low": {"dmean": 0.00151760014705, "dmean2": 0.00214011897333, "dvar": 6.62556158204e-06, "dvar2": 1.35339887493e-05, "max": 0.0460263378918, "mean": 0.00515883835033, "median": 0.00357990013435, "min": 3.66090883337e-22, "var": 2.79586820398e-05}, "spectral_entropy": {"dmean": 0.182619258761, "dmean2": 0.268994837999, "dvar": 0.0352751463652, "dvar2": 0.075210608542, "max": 9.79116439819, "mean": 7.51649427414, "median": 7.61388301849, "min": 5.76882123947, "var": 0.22070094943}, "spectral_flux": {"dmean": 0.015272163786, "dmean2": 0.0234690383077, "dvar": 0.000366038933862, "dvar2": 0.000914686534088, "max": 0.240628868341, "mean": 0.0542602352798, "median": 0.0475727207959, "min": 1.04335866336e-10, "var": 0.00105929397978}, "spectral_kurtosis": {"dmean": 1.14260315895, "dmean2": 1.63550138474, "dvar": 5.41614246368, "dvar2": 13.0311965942, "max": 57.384601593, "mean": 3.11147117615, "median": 2.00578927994, "min": -1.21773147583, "var": 16.4805259705}, "spectral_rms": {"dmean": 0.000518160988577, "dmean2": 0.000716753478628, "dvar": 3.41203445942e-07, "dvar2": 7.00677105669e-07, "max": 0.009476961568, "mean": 0.00326566374861, "median": 0.00310890516266, "min": 3.25890486472e-12, "var": 2.74617559626e-06}, "spectral_rolloff": {"dmean": 1392.52111816, "dmean2": 2229.40332031, "dvar": 4348776.5, "dvar2": 8406235, "max": 18712.3535156, "mean": 5447.49804688, "median": 4177.44140625, "min": 667.529296875, "var": 15975204}, "spectral_skewness": {"dmean": 0.190482571721, "dmean2": 0.262997597456, "dvar": 0.0557519048452, "dvar2": 0.120668165386, "max": 5.78815603256, "mean": 1.50060892105, "median": 1.38151967525, "min": 0.0462425537407, "var": 0.294921547174}, "spectral_spread": {"dmean": 681128.4375, "dmean2": 977263.9375, "dvar": 801170587648, "dvar2": 1308305784830.0, "max": 40821116, "mean": 7211492, "median": 7545394.5, "min": 1039783.625, "var": 4163886383100.0}, "spectral_strongpeak": {"dmean": 1.77789151669, "dmean2": 3.03196525574, "dvar": 26.084405899, "dvar2": 66.2932052612, "max": 73.1112518311, "mean": 2.70065045357, "median": 1.47666478157, "min": 0, "var": 24.734954834}, "zerocrossingrate": {"dmean": 0.0240922346711, "dmean2": 0.0251059252769, "dvar": 0.000653099792544, "dvar2": 0.00073304300895, "max": 0.50048828125, "mean": 0.165012225509, "median": 0.14990234375, "min": 0.02734375, "var": 0.00756629416719}, "barkbands": {"dmean": [1.03708224231e-07, 1.01147705323e-07, 4.86236785946e-07, 7.44543058318e-06, 0.000131574211991, 0.000149656814756, 0.000219974870561, 0.000596313213464, 0.000411974149756, 0.000821325171273, 0.000428265338996, 0.0005724709481, 0.000221279449761, 0.000394475326175, 0.000110428416519, 9.74975409918e-05, 0.000362166465493, 0.000226480144192, 0.000621520739514, 0.00018714358157, 0.000439881987404, 0.000162043623277, 0.000108058557089, 0.000316136545734, 0.000657219206914, 0.000277461484075, 3.89343949792e-05], "dmean2": [1.99080076868e-07, 1.90047387605e-07, 6.56866859572e-07, 7.84599887993e-06, 0.0001989891025, 0.000209791862289, 0.000322283740388, 0.000793747603893, 0.000579106505029, 0.00124702695757, 0.000656035321299, 0.00089736492373, 0.000316453457344, 0.000627068860922, 0.00017188617494, 0.000147282509715, 0.000536336854566, 0.000344926782418, 0.000968530715909, 0.000301818770822, 0.000687854888383, 0.000265643378953, 0.00016833555128, 0.000468302634545, 0.000943995022681, 0.000418069161242, 5.82815227972e-05], "dvar": [6.14907777474e-12, 2.34433848202e-12, 6.62484693839e-12, 2.14945852783e-10, 7.69189298921e-08, 1.13157582859e-07, 2.79436335404e-07, 1.22686788018e-06, 7.03509158484e-07, 4.63668311568e-06, 1.91538765648e-06, 4.64824233859e-06, 8.95756159025e-07, 2.96293956126e-06, 2.8066943969e-07, 1.15010990953e-07, 6.59693171201e-07, 5.84475742471e-07, 2.20322999667e-06, 1.15850457405e-06, 1.05762558178e-06, 2.26520242563e-07, 1.29321421127e-07, 4.78478511923e-07, 3.31430669576e-06, 5.36155198461e-07, 2.72561795356e-08], "dvar2": [1.81688795953e-11, 6.98691885598e-12, 1.17052340043e-11, 2.43201292438e-10, 2.60703473032e-07, 2.08363118759e-07, 5.48199466266e-07, 1.78106756721e-06, 1.20535457881e-06, 1.04003411252e-05, 4.04958746003e-06, 1.05389372038e-05, 1.61608204508e-06, 7.427350738e-06, 6.73767942772e-07, 2.70577146466e-07, 1.49952052197e-06, 1.31368426537e-06, 5.3907824622e-06, 2.73531691164e-06, 2.46387776315e-06, 5.47846525478e-07, 3.27989255311e-07, 1.23027268728e-06, 7.97529719421e-06, 1.24994505768e-06, 6.02798309046e-08], "max": [9.91837005131e-05, 5.93800359638e-05, 0.000170607832843, 0.000451549014542, 0.00485337991267, 0.0105662466958, 0.0281969737262, 0.0264868661761, 0.0203904286027, 0.0404986590147, 0.0392283909023, 0.0491988658905, 0.0378373861313, 0.0420525223017, 0.0146420113742, 0.00726080220193, 0.015656657517, 0.0162595324218, 0.0177038423717, 0.032273132354, 0.0211746171117, 0.0121003789827, 0.00685045355931, 0.0104735214263, 0.0291787292808, 0.0123110273853, 0.00502992654219], "mean": [6.08403070146e-08, 8.16675154169e-08, 1.54061501689e-06, 2.05069081858e-05, 0.000365398183931, 0.000387611304177, 0.000557701394428, 0.00159261433873, 0.00104071269743, 0.00159544975031, 0.000873758865055, 0.000895841803867, 0.000444516073912, 0.000670921406709, 0.000220868125325, 0.000181213603355, 0.000530806195457, 0.000331748451572, 0.000734188070055, 0.00027669526753, 0.000611975206994, 0.000240694149397, 0.000180832314072, 0.000541804125533, 0.00104503391776, 0.000354804826202, 4.86216267745e-05], "median": [3.23817861414e-09, 3.54857832008e-08, 5.61006210376e-08, 3.91153798773e-06, 0.000168836922967, 0.000169884719071, 0.000187579615158, 0.00051672232803, 0.000351191381924, 0.000364249368431, 0.000182891017175, 9.63986603892e-05, 4.62651514681e-05, 2.24922296184e-05, 1.28464298541e-05, 2.88530882244e-05, 0.000135914378916, 4.78302099509e-05, 0.000160933937877, 1.5732312022e-05, 0.000179924900294, 8.7779815658e-05, 6.25604152447e-05, 0.000177987109055, 0.000331154267769, 6.99727388564e-05, 1.21212415252e-05], "min": [1.37697848262e-23, 8.73893168828e-23, 3.60559226586e-23, 3.34937466147e-23, 4.48196908437e-23, 9.16166836343e-23, 7.86503978163e-23, 3.95854441208e-23, 5.43843232414e-23, 3.76231589299e-23, 9.62062322047e-23, 8.84997490474e-23, 1.06197780347e-22, 5.6707480742e-23, 1.72967737293e-22, 2.15320227791e-22, 1.3450739815e-22, 2.281717943e-22, 3.17917432396e-22, 3.99860541942e-22, 4.11399166226e-22, 5.72932938989e-22, 6.60957446673e-22, 8.0438109351e-22, 1.12776463778e-21, 2.02460512663e-21, 2.37153873114e-21], "var": [3.22181062211e-12, 1.19903327718e-12, 9.03764216242e-11, 1.8429374693e-09, 3.17743428013e-07, 4.38161180227e-07, 1.95183656615e-06, 7.60980447012e-06, 3.99305281462e-06, 1.24214220705e-05, 6.16842680756e-06, 1.0092507182e-05, 3.66393919649e-06, 7.96568656369e-06, 9.29337772959e-07, 2.61681037728e-07, 1.0776803947e-06, 9.61448790804e-07, 2.61656123257e-06, 1.95078473553e-06, 1.71195847543e-06, 3.45296598425e-07, 1.76055237944e-07, 6.66772621116e-07, 4.63803780804e-06, 6.3602061573e-07, 3.33484209136e-08]}, "erbbands": {"dmean": [4.295668532e-06, 2.56178664131e-05, 0.000451475090813, 0.0124072851613, 0.186688020825, 0.539177715778, 0.682789206505, 1.26057803631, 2.31065702438, 7.18922662735, 13.3887805939, 10.4365253448, 28.3253955841, 11.5848903656, 18.4630451202, 29.1282272339, 11.1855173111, 22.142457962, 5.91824436188, 7.59786224365, 6.57791519165, 16.7037639618, 8.74732971191, 35.1513595581, 16.4046974182, 11.0746164322, 8.28000736237, 20.1909332275, 5.13710451126, 5.53913402557, 2.86120223999, 6.13418912888, 5.51893568039, 5.45738697052, 4.59713888168, 1.79768407345, 0.663379848003, 0.0687354803085, 0.00655148969963, 0.000349051028024], "dmean2": [7.9056726463e-06, 4.34114517702e-05, 0.000576429534703, 0.0131107792258, 0.217561408877, 0.875465750694, 1.06803417206, 1.77513849735, 3.20095610619, 10.6791419983, 17.5047683716, 14.4213752747, 41.7619476318, 18.3090343475, 28.7210597992, 45.5596084595, 16.3454532623, 34.9978752136, 9.62798786163, 11.3158664703, 9.99618625641, 24.1214332581, 13.0779838562, 52.6532936096, 25.8211860657, 17.6685428619, 12.4320068359, 31.9454307556, 7.56067705154, 8.55713748932, 4.48683166504, 9.86064529419, 7.81390476227, 7.54582548141, 6.88853597641, 2.70934844017, 1.01168119907, 0.104064851999, 0.0100836167112, 0.000520567176864], "dvar": [6.51079901104e-09, 5.1350543373e-08, 2.76032028523e-06, 0.000569254392758, 0.0916101336479, 2.25429463387, 1.67148327827, 9.50104236603, 26.9017276764, 338.862091064, 692.080993652, 415.694976807, 7041.81201172, 968.685791016, 3750.98388672, 11745.8261719, 1937.28930664, 8963.82421875, 629.333496094, 1067.0769043, 162.769485474, 1374.09033203, 828.388916016, 6783.77197266, 2089.27832031, 4877.28564453, 1419.58886719, 2188.61083984, 268.096099854, 268.052764893, 104.761764526, 311.161346436, 116.187019348, 159.825378418, 184.077484131, 34.5653457642, 2.88929319382, 0.0710642784834, 0.000218048793613, 8.1209441305e-07], "dvar2": [1.93155909045e-08, 1.52821456822e-07, 4.75441629533e-06, 0.000557612453122, 0.128930464387, 7.77979564667, 4.8962264061, 17.9847164154, 53.810256958, 684.440917969, 976.141174316, 700.436706543, 15170.9853516, 2692.79663086, 8352.15917969, 26699.3222656, 3486.11694336, 22299.7910156, 1583.42712402, 2428.74169922, 392.796539307, 3037.42431641, 1968.52783203, 15256.7724609, 5416.39355469, 11208.2675781, 3179.4777832, 5165.81787109, 643.763793945, 680.194519043, 262.52432251, 840.450256348, 257.248474121, 420.841278076, 435.259277344, 80.1760253906, 6.66782474518, 0.15931519866, 0.000509665522259, 1.91703452401e-06], "max": [0.00316522712819, 0.00868717953563, 0.110572524369, 1.17879521847, 7.19460105896, 27.3693695068, 24.5314598083, 92.051399231, 123.874069214, 709.30670166, 716.007263184, 561.824279785, 1632.26049805, 611.007202148, 1352.39196777, 2474.9375, 1855.04187012, 2247.88037109, 804.10760498, 910.060058594, 184.801559448, 693.133544922, 992.11126709, 1271.89624023, 896.595703125, 2212.6340332, 1161.92224121, 1265.46911621, 495.713012695, 367.558959961, 248.037078857, 283.913604736, 215.405014038, 284.570495605, 230.602813721, 98.7672729492, 22.216091156, 7.84371328354, 0.236462920904, 0.0158424023539], "mean": [4.64955701318e-06, 4.85358214064e-05, 0.00148482376244, 0.0380392186344, 0.517630875111, 1.46078968048, 1.61943948269, 3.29555559158, 5.85063409805, 18.1723632812, 37.8560905457, 28.8739547729, 57.9531517029, 24.3778018951, 36.9778060913, 46.9910011292, 23.1234073639, 39.0533485413, 10.9059486389, 15.6612491608, 12.2018632889, 25.3576774597, 14.559679985, 47.4879417419, 20.172039032, 17.0461330414, 13.7656202316, 26.6061649323, 8.04475784302, 9.13757038116, 4.38000583649, 8.85984897614, 11.0888566971, 10.2011852264, 6.44457244873, 2.25184774399, 0.816370487213, 0.08459777385, 0.00841316301376, 0.000490530219395], "median": [1.92970765056e-06, 2.21521222556e-05, 0.000276627601124, 0.0101849222556, 0.195358097553, 0.501706242561, 0.794277071953, 1.38908958435, 2.77400064468, 5.66537570953, 13.2194137573, 11.6692838669, 13.0282583237, 8.22626399994, 9.09675312042, 5.83809185028, 3.11393332481, 1.90308427811, 1.12227010727, 1.26360416412, 4.03943967819, 6.55978727341, 4.96430158615, 10.4753160477, 3.64427733421, 1.13551223278, 2.56480145454, 8.75253009796, 3.19635605812, 3.86973595619, 1.27603793144, 2.92629790306, 3.50360178947, 3.45604872704, 2.30332183838, 0.507694721222, 0.149240866303, 0.0176186896861, 0.00240612169728, 0.000173940250534], "min": [2.73699827332e-21, 1.86216385838e-20, 3.96996416954e-20, 1.00988813701e-19, 4.96096919488e-20, 2.33607824953e-19, 5.36190260381e-19, 8.20684659805e-19, 8.93586051743e-19, 1.44886029943e-18, 6.73486887524e-19, 1.41395296739e-18, 1.46215381566e-18, 1.78768950496e-18, 3.52472743229e-18, 4.14860772979e-18, 5.1872289418e-18, 2.96139137895e-18, 8.90595090725e-18, 7.27246441209e-18, 1.20462023093e-17, 9.46035299639e-18, 1.39202122471e-17, 1.60026824526e-17, 1.3528519066e-17, 2.03787044666e-17, 1.53904893899e-17, 1.88937514853e-17, 2.19780912682e-17, 1.66494483561e-17, 2.06050310084e-17, 1.357743191e-17, 1.52984853991e-17, 1.40043034281e-17, 7.79331191967e-18, 6.46710565127e-18, 4.04019164845e-18, 1.47412115457e-18, 3.37558811202e-19, 3.4642866891e-20], "var": [3.38627903496e-09, 3.38761552143e-08, 3.97214462282e-05, 0.00771339004859, 0.719258964062, 8.86750125885, 6.08449077606, 33.5689964294, 97.4319381714, 1836.66992188, 4561.11816406, 2474.51928711, 19110.4804688, 2209.36450195, 10652.9238281, 25531.5097656, 8310.6015625, 23830.0429688, 1551.55993652, 3814.36425781, 380.889831543, 2372.29931641, 1402.2109375, 10459.15625, 3041.7578125, 8467.16308594, 2776.40991211, 3056.76098633, 426.739044189, 391.397064209, 131.067581177, 300.994628906, 248.900466919, 257.274627686, 241.720855713, 42.6168441772, 3.44625043869, 0.0856858491898, 0.000295636826195, 1.07779396785e-06]}, "gfcc": {"mean": [-53.8414611816, -27.8688602448, -145.628463745, -36.6892318726, -110.434806824, -19.0160045624, -56.6505203247, 6.84865283966, -40.4384078979, -10.6429872513, -24.7463512421, 1.80473983288, -13.1845703125], "cov": [[13538.8076172, -2505.53100586, 50.3444213867, -422.364532471, -27.3636932373, 0.672954976559, -752.279663086, 708.722290039, -687.295593262, 61.35496521, -297.50302124, -364.718780518, -237.443618774], [-2505.53100586, 3605.72363281, -439.699066162, -626.043273926, -80.0130996704, 179.293655396, 203.888687134, -1010.8918457, -217.365386963, -176.504455566, -16.8043174744, -392.659606934, -403.238769531], [50.3444213867, -439.699066162, 448.611816406, 180.617202759, 16.236114502, -62.897480011, -98.0153274536, 255.362945557, 0.298271387815, -39.2392959595, -62.8533668518, 99.3127441406, 51.5506668091], [-422.364532471, -626.043273926, 180.617202759, 474.497131348, 95.3118896484, -36.8861312866, -14.1783475876, 148.867675781, 143.735305786, -9.70308589935, -11.9677667618, 89.512588501, 137.265167236], [-27.3636932373, -80.0130996704, 16.236114502, 95.3118896484, 235.979766846, 33.8373565674, 34.9302444458, 7.67526578903, -27.949420929, 20.4999523163, -15.0581960678, -56.5448379517, -66.3384246826], [0.672954976559, 179.293655396, -62.897480011, -36.8861312866, 33.8373565674, 169.362442017, 29.6079788208, -98.452545166, -25.5828533173, -18.8319625854, -23.743555069, -60.7503395081, -33.5980262756], [-752.279663086, 203.888687134, -98.0153274536, -14.1783475876, 34.9302444458, 29.6079788208, 247.726882935, -48.6168327332, -36.1027832031, -41.1977539062, 27.5620174408, -32.0572357178, -38.1231536865], [708.722290039, -1010.8918457, 255.362945557, 148.867675781, 7.67526578903, -98.452545166, -48.6168327332, 536.17388916, 38.9978942871, -2.34725689888, -27.4188709259, 142.723129272, 124.027244568], [-687.295593262, -217.365386963, 0.298271387815, 143.735305786, -27.949420929, -25.5828533173, -36.1027832031, 38.9978942871, 288.051635742, 40.650718689, -19.0764255524, 114.886634827, 143.824813843], [61.35496521, -176.504455566, -39.2392959595, -9.70308589935, 20.4999523163, -18.8319625854, -41.1977539062, -2.34725689888, 40.650718689, 164.945480347, 56.7869911194, -23.4147853851, 14.3331136703], [-297.50302124, -16.8043174744, -62.8533668518, -11.9677667618, -15.0581960678, -23.743555069, 27.5620174408, -27.4188709259, -19.0764255524, 56.7869911194, 151.427444458, 13.9530296326, -21.0766067505], [-364.718780518, -392.659606934, 99.3127441406, 89.512588501, -56.5448379517, -60.7503395081, -32.0572357178, 142.723129272, 114.886634827, -23.4147853851, 13.9530296326, 249.573059082, 127.733390808], [-237.443618774, -403.238769531, 51.5506668091, 137.265167236, -66.3384246826, -33.5980262756, -38.1231536865, 124.027244568, 143.824813843, 14.3331136703, -21.0766067505, 127.733390808, 294.741271973]], "icov": [[0.000219322828343, 0.000268441799562, 0.000339146325132, 0.000186048069736, 0.000125570426462, 2.38342781813e-05, 0.00068527465919, -8.50936339702e-05, 0.000511072517838, 0.000210306985537, 0.00046384576126, 0.000389752967749, 0.000158050708706], [0.000268441799562, 0.00131298636552, -0.000124094513012, 0.001262001344, 8.56091355672e-05, 0.000393142079702, 0.00044217260438, 0.00154754414689, 2.87700568151e-05, 0.00155802478548, 0.000328882451868, 0.00131205283105, 0.000281711720163], [0.000339146325132, -0.000124094513012, 0.00520341750234, -0.00192095746752, 0.000596430501901, 0.000223038630793, 0.0025584960822, -0.0023698809091, 0.00251794583164, -0.000302618980641, 0.00252571632154, -0.00104633311275, 0.000995912705548], [0.000186048069736, 0.001262001344, -0.00192095746752, 0.00545520428568, -0.00234719761647, 0.0007435324369, 3.40005817634e-06, 0.00162289978471, -0.00228799204342, 0.00301945349202, -0.00148250348866, 0.00193838262931, -0.00143058330286], [0.000125570426462, 8.56091355672e-05, 0.000596430501901, -0.00234719761647, 0.00663969572634, -0.00115682522301, -0.000521556474268, -0.000603862281423, 0.00128033198416, -0.00220739492215, 0.00204656994902, 0.000375385890948, 0.00222253077663], [2.38342781813e-05, 0.000393142079702, 0.000223038630793, 0.0007435324369, -0.00115682522301, 0.00759718660265, -0.00034820989822, 0.00159792706836, -0.00014917916269, 0.00138336210512, 0.000955214141868, 0.00128909293562, -0.00042485416634], [0.00068527465919, 0.00044217260438, 0.0025584960822, 3.40005817634e-06, -0.000521556474268, -0.00034820989822, 0.00753608718514, -0.00122367416043, 0.00195325398818, 0.00234711845405, 7.20983007341e-05, 0.00123223522678, 0.000444391072961], [-8.50936339702e-05, 0.00154754414689, -0.0023698809091, 0.00162289978471, -0.000603862281423, 0.00159792706836, -0.00122367416043, 0.0059271696955, -0.000656550982967, 0.00157272256911, -0.000164370634593, 0.000227464042837, -0.000765279808547], [0.000511072517838, 2.87700568151e-05, 0.00251794583164, -0.00228799204342, 0.00128033198416, -0.00014917916269, 0.00195325398818, -0.000656550982967, 0.00831258483231, -0.00305332290009, 0.00382807455026, -0.00248845457099, -0.000679312390275], [0.000210306985537, 0.00155802478548, -0.000302618980641, 0.00301945349202, -0.00220739492215, 0.00138336210512, 0.00234711845405, 0.00157272256911, -0.00305332290009, 0.0119443479925, -0.00486649572849, 0.00439183600247, -0.0010918751359], [0.00046384576126, 0.000328882451868, 0.00252571632154, -0.00148250348866, 0.00204656994902, 0.000955214141868, 7.20983007341e-05, -0.000164370634593, 0.00382807455026, -0.00486649572849, 0.0115836123005, -0.00233160681091, 0.00192776147742], [0.000389752967749, 0.00131205283105, -0.00104633311275, 0.00193838262931, 0.000375385890948, 0.00128909293562, 0.00123223522678, 0.000227464042837, -0.00248845457099, 0.00439183600247, -0.00233160681091, 0.00923657882959, -0.0014845187543], [0.000158050708706, 0.000281711720163, 0.000995912705548, -0.00143058330286, 0.00222253077663, -0.00042485416634, 0.000444391072961, -0.000765279808547, -0.000679312390275, -0.0010918751359, 0.00192776147742, -0.0014845187543, 0.00639469921589]]}, "melbands": {"dmean": [3.60686378542e-08, 1.29896349677e-07, 6.48000468573e-06, 2.47426123678e-05, 2.53264261119e-05, 3.12898337143e-05, 3.65543819498e-05, 8.52534722071e-05, 0.000103013073385, 6.69332584948e-05, 0.000140521413414, 4.5439825044e-05, 5.86286150792e-05, 7.31125983293e-05, 4.23090532422e-05, 1.88599806279e-05, 4.87155703013e-05, 9.74449267233e-06, 6.24707399766e-06, 1.1079547221e-05, 8.91046329343e-06, 1.74452798092e-05, 1.54689714691e-05, 8.4411149146e-06, 3.24655011354e-05, 2.24997947953e-05, 4.00385442845e-06, 8.87308033271e-06, 4.24550489697e-06, 8.43296766107e-06, 1.39408075484e-05, 2.85252690446e-06, 4.21896356784e-06, 2.74776630249e-06, 1.52007419274e-06, 2.43925728682e-06, 4.95899166708e-06, 5.04015315528e-06, 3.53508630724e-06, 4.79487925986e-06], "dmean2": [6.81719214413e-08, 1.8712903227e-07, 6.63502214593e-06, 3.71379464923e-05, 3.99809214287e-05, 4.35869442299e-05, 5.07961194671e-05, 0.000123978708871, 0.000135439258884, 9.40923637245e-05, 0.000207395365578, 7.3170682299e-05, 8.97772115422e-05, 0.000113833419164, 6.49678186164e-05, 2.70889795502e-05, 7.69464386394e-05, 1.60091130965e-05, 9.52933351073e-06, 1.65846777236e-05, 1.4063598428e-05, 2.52091704169e-05, 2.36243777181e-05, 1.26283839563e-05, 4.87922588945e-05, 3.65686973964e-05, 6.23950518275e-06, 1.4262309378e-05, 6.58181670588e-06, 1.25615597426e-05, 2.28163280553e-05, 4.54928840554e-06, 7.33628075977e-06, 4.14626765632e-06, 2.42952182816e-06, 3.84134682463e-06, 8.02300928626e-06, 7.17670354788e-06, 5.06592505189e-06, 6.57108785163e-06], "dvar": [4.77749458917e-13, 4.01730596488e-13, 1.35204930585e-10, 2.78042366908e-09, 2.52542764478e-09, 5.90100679432e-09, 5.94461679881e-09, 3.90784222759e-08, 3.84203815429e-08, 1.73987082519e-08, 1.68990624161e-07, 1.93465652387e-08, 3.71510218145e-08, 6.50617977271e-08, 1.91209554856e-08, 6.38431441047e-09, 4.57653115404e-08, 1.76044012701e-09, 9.29848809061e-10, 1.67279601282e-09, 3.12654041545e-10, 1.36957345465e-09, 2.01268091082e-09, 6.27585317048e-10, 5.84302695117e-09, 3.92371823921e-09, 3.41260908421e-10, 4.076706972e-09, 6.29452823198e-10, 4.00285166124e-10, 1.1351702911e-09, 1.61491667261e-10, 9.30817159461e-11, 7.25318555217e-11, 4.62896422582e-11, 1.0514503157e-10, 2.34364860852e-10, 1.18427850859e-10, 5.83444681457e-11, 1.29890334599e-10], "dvar2": [1.41584552242e-12, 7.99727797006e-13, 1.28293806134e-10, 9.13279407655e-09, 8.19455170387e-09, 1.09246638402e-08, 1.1633887631e-08, 7.59770344416e-08, 5.45825393772e-08, 3.14574002402e-08, 3.62882531135e-07, 5.51226193579e-08, 7.77240600769e-08, 1.45566346532e-07, 4.18753920428e-08, 1.21608536574e-08, 1.14319796296e-07, 4.39579883604e-09, 2.18210427505e-09, 3.77341446978e-09, 7.7643874663e-10, 3.05281755431e-09, 4.71742023223e-09, 1.41073486226e-09, 1.31447865925e-08, 1.03335233703e-08, 7.68860530798e-10, 9.43485289895e-09, 1.3926777509e-09, 8.77482919659e-10, 2.7115119039e-09, 4.1065706391e-10, 2.48134263137e-10, 1.85675086417e-10, 1.18038689934e-10, 2.57443871776e-10, 6.57845611318e-10, 2.64699234753e-10, 1.45478240565e-10, 3.45224904219e-10], "max": [2.71863191301e-05, 3.82938633265e-05, 0.000278455845546, 0.000971120665781, 0.00098247337155, 0.00232957559638, 0.00226811342873, 0.00640957662836, 0.00532124191523, 0.0030289159622, 0.00803116615862, 0.00280276755802, 0.00565597321838, 0.00590104237199, 0.00358429574408, 0.00231318408623, 0.00513399299234, 0.00130342005286, 0.00084292399697, 0.000800628855359, 0.000205204982194, 0.000514690240379, 0.00100072042551, 0.000531728321221, 0.00114138459321, 0.0009331338224, 0.00047268345952, 0.00205884641036, 0.000617566634901, 0.000568891118746, 0.00100502907299, 0.00037219162914, 0.000156000503921, 0.000184919277672, 0.00018145921058, 0.000212552462472, 0.000288553943392, 0.000238188047661, 0.000169569408172, 0.000227974000154], "mean": [2.59371741862e-08, 3.71896078377e-07, 1.80041861313e-05, 6.96156930644e-05, 6.18298072368e-05, 8.04435039754e-05, 9.44382190937e-05, 0.000219464651309, 0.000296530663036, 0.000171462641447, 0.000283220317215, 8.86372436071e-05, 0.000119261494547, 0.000122353405459, 7.52154082875e-05, 3.66356871382e-05, 8.28545817058e-05, 1.66604004335e-05, 1.29181580633e-05, 2.18073146243e-05, 1.45777148646e-05, 2.65052149189e-05, 2.09851932595e-05, 1.30640464704e-05, 4.29457504652e-05, 2.33009359363e-05, 6.24991116638e-06, 1.28373058033e-05, 7.15378973837e-06, 1.1377032024e-05, 1.72900363395e-05, 3.5958225908e-06, 5.61002752875e-06, 4.50968173027e-06, 2.12692566492e-06, 3.18932234222e-06, 6.54027144265e-06, 9.79864398687e-06, 6.71508041705e-06, 8.6228865257e-06], "median": [7.79130093775e-09, 2.66459920795e-08, 3.87077216146e-06, 2.94772798952e-05, 2.86898211925e-05, 3.29237482219e-05, 4.13086818298e-05, 7.47006415622e-05, 9.88998144749e-05, 5.94525481574e-05, 5.79785119044e-05, 2.29349479923e-05, 2.47474563366e-05, 1.54811204993e-05, 9.45548890741e-06, 3.84840086554e-06, 3.02406874653e-06, 1.31766535105e-06, 7.31216118766e-07, 1.52236839313e-06, 4.13621364714e-06, 6.52665312373e-06, 4.08165669796e-06, 2.3083925953e-06, 8.92716889211e-06, 3.57135922968e-06, 4.70596631885e-07, 4.93151162573e-07, 7.4457767596e-07, 3.28502255798e-06, 5.38912627235e-06, 7.44555677556e-07, 3.00151555166e-06, 1.56262501605e-06, 6.02783813974e-07, 4.74118706961e-07, 1.9815684027e-06, 2.73203477263e-06, 2.19039930016e-06, 2.89919239549e-06], "min": [2.54271736977e-23, 2.2814135058e-23, 1.50291902174e-23, 8.06181135256e-24, 1.70329758027e-23, 1.76327388604e-23, 1.38889186001e-23, 1.44626098049e-23, 4.68961636505e-24, 9.23770556168e-24, 6.90103724041e-24, 6.54200218775e-24, 1.34432926525e-23, 1.10697324621e-23, 8.34697352575e-24, 1.11808861191e-23, 4.33741639771e-24, 1.44473153696e-23, 9.54376623797e-24, 9.54004754766e-24, 1.56749186222e-23, 9.05338742232e-24, 9.89859035111e-24, 1.21138695452e-23, 1.31930730731e-23, 1.23762580929e-23, 9.05391753685e-24, 1.50126762032e-23, 8.1923370668e-24, 9.66604993347e-24, 1.20629801282e-23, 1.39096703751e-23, 7.92376463845e-24, 1.00386754818e-23, 1.20708797813e-23, 9.82879746024e-24, 7.86894038326e-24, 1.03228287019e-23, 1.18022182116e-23, 1.13871164479e-23], "var": [2.48228493966e-13, 4.60461703489e-12, 1.19370302532e-09, 1.34933975104e-08, 9.01723851143e-09, 2.14411883803e-08, 2.69143534126e-08, 2.03985621283e-07, 2.63432525571e-07, 9.28165562186e-08, 4.64014931367e-07, 3.91174026504e-08, 1.2126895399e-07, 1.48971821545e-07, 5.44833866911e-08, 2.28897221177e-08, 1.20909689372e-07, 4.26964197331e-09, 3.37435079878e-09, 4.94377827565e-09, 5.88029236415e-10, 2.35266628401e-09, 3.20069348803e-09, 1.1173494352e-09, 8.83264039686e-09, 4.35643876529e-09, 7.62903018536e-10, 6.6464744819e-09, 1.34662647699e-09, 6.5088867629e-10, 1.52219736815e-09, 2.10796671785e-10, 1.10517518748e-10, 1.10073596071e-10, 5.18855548803e-11, 1.27352559054e-10, 1.99734978557e-10, 2.22866960997e-10, 1.07310875463e-10, 1.94519289565e-10]}, "mfcc": {"mean": [-704.489074707, 35.4871368408, -17.5399703979, -37.0975151062, -41.4621925354, -47.8113632202, -23.8161182404, -12.2477064133, -13.0433673859, -28.43957901, -7.3228187561, -9.49748039246, -18.0662021637], "cov": [[9353.203125, -333.551177979, -556.664367676, -596.208129883, -295.479125977, -529.613098145, -49.8363571167, -361.537414551, -200.279769897, -392.03894043, 18.8442058563, 68.3468475342, -318.71383667], [-333.551177979, 2801.02368164, -183.817382812, -658.555358887, -430.538635254, 348.929168701, 42.1718482971, -386.960693359, -626.858764648, 89.2755508423, -109.834152222, -214.749038696, -178.342529297], [-556.664367676, -183.817382812, 324.6847229, 81.772895813, 82.6669921875, -74.3192977905, -71.8707504272, 77.787727356, 127.29145813, -119.981185913, -1.51885068417, 13.7883758545, 1.7275056839], [-596.208129883, -658.555358887, 81.772895813, 431.661712646, 174.216918945, -62.4202537537, 24.8005771637, 139.284881592, 112.326004028, 107.0054245, -17.0023326874, -12.5900058746, 44.9272155762], [-295.479125977, -430.538635254, 82.6669921875, 174.216918945, 245.230651855, -3.92906093597, -52.1316261292, 74.9738311768, 148.33972168, -35.8894462585, 21.1171302795, 41.1830177307, 30.096408844], [-529.613098145, 348.929168701, -74.3192977905, -62.4202537537, -3.92906093597, 319.59576416, 29.8017501831, -107.265686035, -84.5930023193, 36.141204834, -1.8355691433, -8.59523773193, 30.9781227112], [-49.8363571167, 42.1718482971, -71.8707504272, 24.8005771637, -52.1316261292, 29.8017501831, 285.810821533, 10.0776081085, -107.28527832, 139.662338257, 0.745956897736, -31.6008758545, -77.8530273438], [-361.537414551, -386.960693359, 77.787727356, 139.284881592, 74.9738311768, -107.265686035, 10.0776081085, 298.39932251, 149.692977905, -72.8026809692, 41.1352767944, 36.9654769897, 23.0686893463], [-200.279769897, -626.858764648, 127.29145813, 112.326004028, 148.33972168, -84.5930023193, -107.28527832, 149.692977905, 444.328491211, -143.783966064, 15.7448701859, 63.1934890747, 59.8155670166], [-392.03894043, 89.2755508423, -119.981185913, 107.0054245, -35.8894462585, 36.141204834, 139.662338257, -72.8026809692, -143.783966064, 421.451293945, -45.996181488, -85.2698516846, -14.181189537], [18.8442058563, -109.834152222, -1.51885068417, -17.0023326874, 21.1171302795, -1.8355691433, 0.745956897736, 41.1352767944, 15.7448701859, -45.996181488, 160.025100708, 47.5805778503, -26.8150043488], [68.3468475342, -214.749038696, 13.7883758545, -12.5900058746, 41.1830177307, -8.59523773193, -31.6008758545, 36.9654769897, 63.1934890747, -85.2698516846, 47.5805778503, 184.802017212, 77.8651809692], [-318.71383667, -178.342529297, 1.7275056839, 44.9272155762, 30.096408844, 30.9781227112, -77.8530273438, 23.0686893463, 59.8155670166, -14.181189537, -26.8150043488, 77.8651809692, 221.985488892]], "icov": [[0.000229468729231, 0.000168795639183, 0.000509849225637, 0.000257571606198, 2.77266171906e-05, 0.000451249157777, 4.60861156171e-05, 0.00035275646951, 0.000165591336554, 0.000345921725966, 0.000184100819752, -4.3346091843e-05, 0.000336666184012], [0.000168795639183, 0.00122230895795, 4.28818166256e-05, 0.00144620134961, 0.000520134286489, -0.000583943154197, 0.000536671432201, -1.8968279619e-05, 0.00108338217251, 4.50889820058e-05, 0.000769823614974, 0.000543709553313, 0.000745709694456], [0.000509849225637, 4.28818166256e-05, 0.00539115350693, -0.000484653632157, -0.000620962877292, 0.00176974188071, 0.000389463180909, 0.000712554552592, -0.000265444337856, 0.00191706826445, 0.000646568252705, -4.6212811867e-05, 0.00101066660136], [0.000257571606198, 0.00144620134961, -0.000484653632157, 0.0066628861241, -0.00259926519357, 6.25247485004e-05, 5.59558720852e-05, -0.00149640161544, 0.00126675015781, -0.00151369732339, 0.00136241898872, 0.00152766460087, -0.000103542159195], [2.77266171906e-05, 0.000520134286489, -0.000620962877292, -0.00259926519357, 0.00804528873414, -0.00162381445989, 0.00135312788188, 9.89007749013e-05, -0.00104410445783, 0.000202211114811, -0.000312126736389, -0.00119552621618, 0.00126460008323], [0.000451249157777, -0.000583943154197, 0.00176974188071, 6.25247485004e-05, -0.00162381445989, 0.00577026605606, -0.00122789130546, 0.0022773577366, -5.49203359697e-05, 0.00110517349094, -0.000652049377095, 0.000174622764462, -0.00115469063167], [4.60861156171e-05, 0.000536671432201, 0.000389463180909, 5.59558720852e-05, 0.00135312788188, -0.00122789130546, 0.00572981778532, -0.0014628052013, 0.00108839140739, -0.00154807791114, 0.000677223142702, -0.000873183307704, 0.00262832059525], [0.00035275646951, -1.8968279619e-05, 0.000712554552592, -0.00149640161544, 9.89007749013e-05, 0.0022773577366, -0.0014628052013, 0.00629828637466, -0.00108570314478, 0.00177149404772, -0.00125369476154, -3.53914438165e-05, -0.000443526019808], [0.000165591336554, 0.00108338217251, -0.000265444337856, 0.00126675015781, -0.00104410445783, -5.49203359697e-05, 0.00108839140739, -0.00108570314478, 0.00467685842887, 0.000660108402371, 0.000968929671217, 0.000265154783847, 0.00030357617652], [0.000345921725966, 4.50889820058e-05, 0.00191706826445, -0.00151369732339, 0.000202211114811, 0.00110517349094, -0.00154807791114, 0.00177149404772, 0.000660108402371, 0.00483254622668, 0.000327302725054, 0.00111372466199, -0.000304623943521], [0.000184100819752, 0.000769823614974, 0.000646568252705, 0.00136241898872, -0.000312126736389, -0.000652049377095, 0.000677223142702, -0.00125369476154, 0.000968929671217, 0.000327302725054, 0.00833995360881, -0.00215767510235, 0.00262723211199], [-4.3346091843e-05, 0.000543709553313, -4.6212811867e-05, 0.00152766460087, -0.00119552621618, 0.000174622764462, -0.000873183307704, -3.53914438165e-05, 0.000265154783847, 0.00111372466199, -0.00215767510235, 0.00871774274856, -0.00341791450046], [0.000336666184012, 0.000745709694456, 0.00101066660136, -0.000103542159195, 0.00126460008323, -0.00115469063167, 0.00262832059525, -0.000443526019808, 0.00030357617652, -0.000304623943521, 0.00262723211199, -0.00341791450046, 0.00797290727496]]}, "spectral_contrast_coeffs": {"dmean": [0.0424450486898, 0.0383429676294, 0.0394854582846, 0.0306675359607, 0.0302653070539, 0.0205637477338], "dmean2": [0.0700670704246, 0.0607976987958, 0.0634176656604, 0.0493051037192, 0.0477794632316, 0.0298106800765], "dvar": [0.00121745641809, 0.00116649281699, 0.00110731413588, 0.00069258606527, 0.00070761598181, 0.000298485276289], "dvar2": [0.0032534589991, 0.00272363307886, 0.00278428569436, 0.00173834490124, 0.00159824243747, 0.000554195779841], "max": [-0.285939395428, -0.347320616245, -0.404169946909, -0.479665994644, -0.497964799404, -0.589124143124], "mean": [-0.503697872162, -0.680969119072, -0.67264020443, -0.720239698887, -0.717250585556, -0.736129641533], "median": [-0.473594605923, -0.687697768211, -0.675030589104, -0.736202120781, -0.717316389084, -0.735682010651], "min": [-0.96625739336, -0.958854734898, -0.967946171761, -0.952621281147, -0.961122512817, -0.957594692707], "var": [0.0163336191326, 0.0063193035312, 0.00571235548705, 0.00555764045566, 0.00325499475002, 0.00176253262907]}, "spectral_contrast_valleys": {"dmean": [0.498536765575, 0.333376288414, 0.323677152395, 0.27034419775, 0.323567807674, 0.302576571703], "dmean2": [0.859391987324, 0.539060771465, 0.531434059143, 0.435249775648, 0.465582698584, 0.400787770748], "dvar": [0.215282276273, 0.220163986087, 0.215235993266, 0.181909158826, 0.179717615247, 0.181686013937], "dvar2": [0.497520208359, 0.37864652276, 0.379215985537, 0.29202875495, 0.260762780905, 0.25624063611], "max": [-8.46853637695, -5.3