{"lowlevel": {"average_loudness": 0.912545740604, "barkbands_crest": {"dmean": 2.54214167595, "dmean2": 4.02400779724, "dvar": 6.62698411942, "dvar2": 15.694811821, "max": 25.9684848785, "mean": 10.6302909851, "median": 9.77565956116, "min": 1.89589369297, "var": 18.0659637451}, "barkbands_flatness_db": {"dmean": 0.0349011048675, "dmean2": 0.049690656364, "dvar": 0.00125544867478, "dvar2": 0.00241011357866, "max": 0.569822907448, "mean": 0.182127475739, "median": 0.180440843105, "min": 0.0127711258829, "var": 0.00593872973695}, "barkbands_kurtosis": {"dmean": 5.87899255753, "dmean2": 8.92892456055, "dvar": 320.519683838, "dvar2": 654.364746094, "max": 324.280700684, "mean": 8.02947425842, "median": 2.69963264465, "min": -1.94924247265, "var": 483.515228271}, "barkbands_skewness": {"dmean": 0.741111397743, "dmean2": 1.1013931036, "dvar": 1.06184232235, "dvar2": 2.06599545479, "max": 15.2884368896, "mean": 1.61956012249, "median": 1.22328007221, "min": -1.60536360741, "var": 2.95755720139}, "barkbands_spread": {"dmean": 6.04954624176, "dmean2": 9.44633960724, "dvar": 105.737342834, "dvar2": 237.040710449, "max": 130.495437622, "mean": 14.8058395386, "median": 10.5707912445, "min": 0.098334223032, "var": 213.901794434}, "dissonance": {"dmean": 0.0324269346893, "dmean2": 0.0520808734, "dvar": 0.00107798492536, "dvar2": 0.00263906945474, "max": 0.5, "mean": 0.416711211205, "median": 0.444366186857, "min": 0.0812342315912, "var": 0.00649453280494}, "dynamic_complexity": 6.601811409, "erbbands_crest": {"dmean": 2.30320334435, "dmean2": 3.51002240181, "dvar": 6.41879034042, "dvar2": 13.9763002396, "max": 32.0801200867, "mean": 11.0581226349, "median": 10.2762975693, "min": 2.53893709183, "var": 24.219543457}, "erbbands_flatness_db": {"dmean": 0.0327995494008, "dmean2": 0.0457770079374, "dvar": 0.00132029911038, "dvar2": 0.00257422751747, "max": 0.505736649036, "mean": 0.196868151426, "median": 0.180940404534, "min": 0.0572108067572, "var": 0.00644609890878}, "erbbands_kurtosis": {"dmean": 1.88865888119, "dmean2": 3.06706881523, "dvar": 15.101641655, "dvar2": 37.9274635315, "max": 88.1579208374, "mean": 2.58408403397, "median": 1.38573408127, "min": -1.78757870197, "var": 24.1615562439}, "erbbands_skewness": {"dmean": 0.44080299139, "dmean2": 0.671496510506, "dvar": 0.263127058744, "dvar2": 0.580745458603, "max": 6.79119539261, "mean": 0.764677703381, "median": 0.645968616009, "min": -2.24449062347, "var": 0.788302361965}, "erbbands_spread": {"dmean": 10.2051668167, "dmean2": 16.1772880554, "dvar": 247.062271118, "dvar2": 615.131591797, "max": 191.676223755, "mean": 26.1843852997, "median": 20.2636547089, "min": 0.870518147945, "var": 499.39276123}, "hfc": {"dmean": 7.30595111847, "dmean2": 11.0212955475, "dvar": 142.036071777, "dvar2": 318.031921387, "max": 113.878555298, "mean": 15.2401781082, "median": 9.74446678162, "min": 3.69313646331e-08, "var": 295.748443604}, "melbands_crest": {"dmean": 3.24401521683, "dmean2": 5.28327608109, "dvar": 11.636595726, "dvar2": 28.2980213165, "max": 38.2649269104, "mean": 15.0045661926, "median": 14.1681699753, "min": 2.42858195305, "var": 31.0748329163}, "melbands_flatness_db": {"dmean": 0.0401631221175, "dmean2": 0.0565276145935, "dvar": 0.00169418635778, "dvar2": 0.00317911384627, "max": 0.673246145248, "mean": 0.270622164011, "median": 0.270662754774, "min": 0.0100102704018, "var": 0.00950249936432}, "melbands_kurtosis": {"dmean": 12.9283638, "dmean2": 19.8315544128, "dvar": 1785.50354004, "dvar2": 3585.27978516, "max": 694.457763672, "mean": 18.7647857666, "median": 4.41422271729, "min": -1.49240577221, "var": 3675.43676758}, "melbands_skewness": {"dmean": 0.933632433414, "dmean2": 1.43852353096, "dvar": 2.01801109314, "dvar2": 4.52465391159, "max": 22.4103622437, "mean": 2.22544407845, "median": 1.65086853504, "min": -1.61834442616, "var": 6.24911499023}, "melbands_spread": {"dmean": 4.9482460022, "dmean2": 7.30508089066, "dvar": 78.1014328003, "dvar2": 152.161758423, "max": 215.810180664, "mean": 15.1234436035, "median": 11.9544315338, "min": 0.270840376616, "var": 220.757675171}, "pitch_salience": {"dmean": 0.0824847817421, "dmean2": 0.12987677753, "dvar": 0.00684369588271, "dvar2": 0.0169795081019, "max": 0.935773670673, "mean": 0.56197732687, "median": 0.572622299194, "min": 0.0310883447528, "var": 0.0180301498622}, "silence_rate_20dB": {"dmean": 0, "dmean2": 0, "dvar": 0, "dvar2": 0, "max": 1, "mean": 1, "median": 1, "min": 1, "var": 0}, "silence_rate_30dB": {"dmean": 0.00778744835407, "dmean2": 0.0155784646049, "dvar": 0.00772707909346, "dvar2": 0.01991853863, "max": 1, "mean": 0.994504213333, "median": 1, "min": 0, "var": 0.0054657580331}, "silence_rate_60dB": {"dmean": 0.0371049009264, "dmean2": 0.0739977061749, "dvar": 0.0357250906527, "dvar2": 0.0799733623862, "max": 1, "mean": 0.164872914553, "median": 0, "min": 0, "var": 0.137690916657}, "spectral_centroid": {"dmean": 200.459732056, "dmean2": 296.423248291, "dvar": 102042.367188, "dvar2": 186566.96875, "max": 4808.57666016, "mean": 845.769226074, "median": 663.329528809, "min": 151.112747192, "var": 309046.375}, "spectral_complexity": {"dmean": 3.87769126892, "dmean2": 5.67422676086, "dvar": 41.0727767944, "dvar2": 69.8857574463, "max": 60, "mean": 14.2832603455, "median": 12, "min": 0, "var": 142.436706543}, "spectral_decrease": {"dmean": 2.85180701276e-09, "dmean2": 4.53101689502e-09, "dvar": 1.81762417871e-17, "dvar2": 4.23033896458e-17, "max": 4.72702386472e-17, "mean": -6.82561029919e-09, "median": -5.20741139098e-09, "min": -4.57473561255e-08, "var": 4.02415393986e-17}, "spectral_energy": {"dmean": 0.0112738749012, "dmean2": 0.0178786478937, "dvar": 0.000281992310192, "dvar2": 0.00065433915006, "max": 0.174827471375, "mean": 0.0271437633783, "median": 0.0207555219531, "min": 3.97093902899e-12, "var": 0.000625675660558}, "spectral_energyband_high": {"dmean": 0.000387192267226, "dmean2": 0.000634143943898, "dvar": 4.58254532987e-07, "dvar2": 1.06014761059e-06, "max": 0.00788446888328, "mean": 0.000392003217712, "median": 5.1502171118e-05, "min": 2.84865620676e-12, "var": 6.18443436906e-07}, "spectral_energyband_low": {"dmean": 0.00680387718603, "dmean2": 0.0111410673708, "dvar": 0.000132209985168, "dvar2": 0.000325600878568, "max": 0.136023640633, "mean": 0.0104162367061, "median": 0.00370234134607, "min": 7.89458356001e-14, "var": 0.000226060728892}, "spectral_energyband_middle_high": {"dmean": 0.00188756373245, "dmean2": 0.0028429874219, "dvar": 1.36550770549e-05, "dvar2": 3.16257755912e-05, "max": 0.0360216647387, "mean": 0.0044135148637, "median": 0.00239544757642, "min": 7.55257889649e-13, "var": 3.04416498693e-05}, "spectral_energyband_middle_low": {"dmean": 0.0055765490979, "dmean2": 0.00856369361281, "dvar": 0.000102401587355, "dvar2": 0.000247924326686, "max": 0.112314008176, "mean": 0.013284704648, "median": 0.00940997339785, "min": 1.9511044798e-13, "var": 0.000191920611542}, "spectral_entropy": {"dmean": 0.340108901262, "dmean2": 0.487099260092, "dvar": 0.142999395728, "dvar2": 0.282762676477, "max": 9.11238956451, "mean": 7.00194311142, "median": 7.04671955109, "min": 3.27069115639, "var": 0.646553039551}, "spectral_flux": {"dmean": 0.0313143469393, "dmean2": 0.0500265471637, "dvar": 0.00170348770916, "dvar2": 0.00396772520617, "max": 0.338061273098, "mean": 0.0763479694724, "median": 0.0632863715291, "min": 1.82181374839e-05, "var": 0.00379790412262}, "spectral_kurtosis": {"dmean": 6.64546632767, "dmean2": 10.5980682373, "dvar": 140.153671265, "dvar2": 356.985595703, "max": 301.654022217, "mean": 18.175945282, "median": 8.2158908844, "min": -1.09929335117, "var": 1117.71984863}, "spectral_rms": {"dmean": 0.000986388884485, "dmean2": 0.00149977777619, "dvar": 1.68898645825e-06, "dvar2": 3.5630698676e-06, "max": 0.0130599923432, "mean": 0.00445090373978, "median": 0.00449992110953, "min": 6.22421651997e-08, "var": 6.67109588903e-06}, "spectral_rolloff": {"dmean": 373.739685059, "dmean2": 621.581787109, "dvar": 1387330.125, "dvar2": 3070162.25, "max": 18432.421875, "mean": 1063.98999023, "median": 753.662109375, "min": 43.06640625, "var": 2911698.25}, "spectral_skewness": {"dmean": 0.605351626873, "dmean2": 0.932410657406, "dvar": 0.522095680237, "dvar2": 1.27333652973, "max": 13.0155324936, "mean": 2.81492519379, "median": 2.35176277161, "min": 0.413480103016, "var": 3.53912186623}, "spectral_spread": {"dmean": 1262600.625, "dmean2": 1884483, "dvar": 2512541974530.0, "dvar2": 5446467321860.0, "max": 22747084, "mean": 4288058.5, "median": 3802167, "min": 285953.375, "var": 6179467558910.0}, "spectral_strongpeak": {"dmean": 0.325126379728, "dmean2": 0.552309632301, "dvar": 0.254006206989, "dvar2": 0.616943359375, "max": 5.54299879074, "mean": 0.792567431927, "median": 0.464684456587, "min": 0, "var": 0.743871867657}, "zerocrossingrate": {"dmean": 0.0114922793582, "dmean2": 0.0146008953452, "dvar": 0.000311308598612, "dvar2": 0.000387748586945, "max": 0.6552734375, "mean": 0.0432982593775, "median": 0.033203125, "min": 0.0029296875, "var": 0.00219937879592}, "barkbands": {"dmean": [0.000136123882839, 0.00451623462141, 0.00238052150235, 0.00187362974975, 0.00223280559294, 0.00108473538421, 0.000595018151216, 0.00107170140836, 0.000688715779688, 0.000706200837158, 0.000552946061362, 0.000330666487571, 0.000219373236177, 0.000185124226846, 0.000180891496711, 0.000133615991217, 0.000136864429805, 0.000168169091921, 0.000110886794573, 0.000105757448182, 5.741620771e-05, 6.80398661643e-05, 4.54625696875e-05, 3.01693016809e-05, 0.000112777910545, 3.73439288524e-05, 5.28251985088e-06], "dmean2": [0.000212945698877, 0.00734156975523, 0.00407466897741, 0.00300536793657, 0.00372478272766, 0.00181820243597, 0.000930372567382, 0.00157744262833, 0.00107808888424, 0.00107096275315, 0.000908380083274, 0.000529489014298, 0.000342038081726, 0.000303133681882, 0.000285136600723, 0.000217283944949, 0.000210050362512, 0.000264944130322, 0.000171390827745, 0.00017237184511, 9.07548892428e-05, 0.000111343004392, 7.2988019383e-05, 4.80770031572e-05, 0.000199500340386, 6.3345018134e-05, 7.84756866778e-06], "dvar": [6.52495231179e-08, 6.90906017553e-05, 2.79737269011e-05, 2.34132385231e-05, 1.87490059034e-05, 4.01358602176e-06, 1.22420647131e-06, 5.38942686035e-06, 2.07914877137e-06, 1.73551586613e-06, 1.7569833517e-06, 6.16667364284e-07, 2.43556343094e-07, 2.24008843475e-07, 1.62640787948e-07, 1.13065169671e-07, 9.96351232629e-08, 1.96225798277e-07, 8.93199612051e-08, 8.65828582164e-08, 1.40085285594e-08, 1.66021685288e-08, 6.64251453841e-09, 3.7022143129e-09, 5.26826084979e-08, 5.96141314091e-09, 5.51772572077e-10], "dvar2": [1.47983612919e-07, 0.000180249742698, 7.06785212969e-05, 5.59797263122e-05, 4.88789446536e-05, 1.05144154077e-05, 3.02992657453e-06, 1.16941673696e-05, 5.15534929946e-06, 3.76616731046e-06, 4.50124434792e-06, 1.59898809216e-06, 5.91716457166e-07, 6.05329944392e-07, 4.04842467105e-07, 2.79625112398e-07, 2.23224546403e-07, 4.57829230527e-07, 2.04172209806e-07, 2.1893771418e-07, 3.15042143484e-08, 3.86080643011e-08, 1.50981485092e-08, 7.70455343968e-09, 1.40368342727e-07, 1.43766403227e-08, 1.1225629315e-09], "max": [0.00457960274071, 0.12179005146, 0.0660694241524, 0.0770373642445, 0.04740575701, 0.037582449615, 0.033070333302, 0.0506470948458, 0.0323137715459, 0.0264378990978, 0.0160730555654, 0.0126266041771, 0.00677920272574, 0.00615878589451, 0.00507555436343, 0.00474240351468, 0.00485449982807, 0.00510818045586, 0.00395642360672, 0.00331238377839, 0.00148723542225, 0.00120838882867, 0.0009096020367, 0.000972641864792, 0.00273839547299, 0.000802416820079, 0.000474107539048], "mean": [0.000178019632585, 0.00645309500396, 0.00269596581347, 0.00192444468848, 0.00317793781869, 0.00193578435574, 0.00134514912497, 0.00280294357799, 0.00152160879225, 0.00158277398441, 0.000812239653897, 0.000604783417657, 0.000391683221096, 0.000252759986324, 0.000280089880107, 0.000184922668268, 0.00020474147459, 0.000210066995351, 0.00013760762522, 0.000106453328044, 6.65121842758e-05, 6.82373429299e-05, 4.72327628813e-05, 3.30285693053e-05, 8.61625885591e-05, 3.32002236973e-05, 6.3065035647e-06], "median": [7.55359360483e-05, 0.00162609806284, 0.000460951501736, 0.000406659586588, 0.00147018197458, 0.000560510670766, 0.000395267212298, 0.000972875393927, 0.000746823672671, 0.000566739297938, 0.000236760242842, 0.000183927637408, 0.000116477807751, 6.89961088938e-05, 6.15136450506e-05, 3.83487495128e-05, 4.64062941319e-05, 2.43258982664e-05, 1.88052672456e-05, 1.03864504126e-05, 1.02304793472e-05, 7.21692867955e-06, 5.20909088664e-06, 3.21915013046e-06, 7.66551056586e-06, 2.40481222136e-06, 1.91359191604e-07], "min": [1.46186665204e-13, 1.93193578539e-14, 5.93244088565e-15, 4.8780462261e-15, 1.53886540284e-14, 2.12283600529e-14, 2.70405104016e-14, 2.63994623145e-14, 7.68872677115e-14, 6.95939481174e-14, 4.25560736823e-14, 4.38911805663e-14, 6.34973302237e-14, 8.46861440023e-14, 5.32299322621e-14, 6.05997253788e-14, 1.27849689386e-13, 6.06357073384e-14, 1.11737611622e-13, 8.20413683278e-14, 2.14685392944e-13, 1.3111927722e-13, 2.3149451106e-13, 2.66505432089e-13, 4.48507740279e-13, 6.97873182853e-13, 8.29373028588e-13], "var": [8.85679085627e-08, 0.000110813925858, 3.28780915879e-05, 2.32616202993e-05, 2.28635090025e-05, 1.49746447278e-05, 7.84539588494e-06, 2.46331055678e-05, 5.63649155083e-06, 6.39047311779e-06, 2.59255034507e-06, 1.41668499509e-06, 5.20554294781e-07, 2.8191843171e-07, 3.03955488334e-07, 1.83935199516e-07, 1.88061477502e-07, 3.00273228504e-07, 1.35268706458e-07, 8.29860269391e-08, 2.13599218313e-08, 2.05169996548e-08, 1.01014840936e-08, 6.6843139912e-09, 3.89778413989e-08, 6.74541178469e-09, 7.93903665031e-10]}, "erbbands": {"dmean": [0.0755363553762, 1.20495903492, 2.76354193687, 4.86538887024, 6.63549280167, 7.06204557419, 11.4517669678, 7.75937986374, 7.93492603302, 10.5967082977, 26.5724830627, 15.7923622131, 20.5041236877, 21.0883159637, 19.8079719543, 13.3172149658, 9.84054851532, 9.3905878067, 10.5909690857, 6.63218593597, 7.97267866135, 7.84201049805, 9.25395584106, 6.86996364594, 5.59086942673, 4.73040008545, 2.92612147331, 2.18026518822, 2.39147400856, 1.95943439007, 1.24585163593, 0.844532907009, 0.413327485323, 1.08908319473, 0.911241292953, 0.122772932053, 0.102851755917, 0.00888136122376, 0.000996033777483, 5.40913933946e-05], "dmean2": [0.126374647021, 1.94027864933, 4.60066270828, 7.74708986282, 10.9787454605, 11.8117980957, 19.6108131409, 13.1143913269, 12.3660621643, 16.6720848083, 38.4556503296, 24.6143493652, 30.8675823212, 32.698097229, 32.7487258911, 21.0848484039, 15.2428636551, 14.9377784729, 17.0216503143, 10.2585744858, 12.8711261749, 12.0641822815, 14.4783582687, 10.6840581894, 9.03192234039, 7.6897854805, 4.64154577255, 3.51502132416, 3.88332176208, 3.17776203156, 2.0045466423, 1.36978197098, 0.647802233696, 1.90615046024, 1.62632012367, 0.203105777502, 0.179120048881, 0.0137591408566, 0.00148741202429, 8.06818861747e-05], "dvar": [0.0249382480979, 4.80690431595, 30.2317695618, 142.852127075, 240.103866577, 184.623306274, 532.335021973, 246.01574707, 229.112350464, 409.767242432, 3415.44921875, 1180.47717285, 1815.2734375, 1507.68933105, 2894.21826172, 944.672485352, 498.179870605, 499.93270874, 647.574035645, 249.100830078, 410.614532471, 326.204864502, 597.694152832, 354.220581055, 225.183761597, 167.027053833, 41.8327331543, 20.2021331787, 21.2526302338, 13.0100460052, 4.92314863205, 2.48762392998, 0.816479027271, 4.32528495789, 3.92723250389, 0.0625306889415, 0.0449753850698, 0.000646064872853, 1.76809517143e-05, 3.39220989076e-08], "dvar2": [0.0695569738746, 12.3779726028, 75.3506622314, 339.283966064, 604.014404297, 469.412536621, 1490.74291992, 639.773925781, 549.651733398, 1041.12121582, 7395.19433594, 3023.79199219, 3781.72949219, 3657.18896484, 7779.65380859, 2357.74658203, 1222.08544922, 1283.84594727, 1657.26672363, 583.288696289, 1036.10095215, 732.444885254, 1422.97485352, 811.673339844, 547.678161621, 418.280761719, 99.3038864136, 45.8882904053, 49.1903915405, 31.2388286591, 11.0398988724, 5.58133459091, 1.64527535439, 11.3852243423, 10.5709180832, 0.135663703084, 0.11624750495, 0.00123548868578, 3.59660116374e-05, 6.93932307172e-08], "max": [1.71848547459, 32.5048866272, 78.255531311, 143.194580078, 171.928787231, 184.269866943, 436.306091309, 199.312606812, 498.33303833, 294.831787109, 1384.43286133, 532.576416016, 936.726196289, 588.95111084, 960.014099121, 587.48840332, 351.967712402, 301.624359131, 300.151397705, 242.524902344, 313.27520752, 242.120346069, 274.70993042, 237.211608887, 218.323013306, 140.103103638, 72.658821106, 55.9266624451, 51.3346710205, 29.7917137146, 28.9102592468, 19.3251686096, 15.4984273911, 20.3433151245, 25.5744667053, 3.87075233459, 1.79272305965, 0.466413497925, 0.0878673046827, 0.00372620648704], "mean": [0.107267200947, 1.68978238106, 3.56732416153, 5.24963998795, 7.55785226822, 9.81418800354, 20.2242450714, 12.1072635651, 19.1253223419, 22.0060329437, 71.9315643311, 37.7714118958, 47.6772117615, 47.1448059082, 29.3756809235, 26.8389835358, 18.4620513916, 14.5586805344, 16.4063434601, 10.7279272079, 10.8957624435, 11.1526212692, 11.9407644272, 8.7985162735, 6.31798505783, 4.87851715088, 3.2001388073, 2.45224308968, 2.43891334534, 1.91919887066, 1.30098891258, 0.869170427322, 0.476659953594, 0.874355792999, 0.665207087994, 0.118324510753, 0.0830475389957, 0.00964022893459, 0.0011794231832, 8.02783470135e-05], "median": [0.0284739024937, 0.405442714691, 0.871561825275, 1.20236349106, 2.36324810982, 3.80791640282, 4.68675374985, 4.32978820801, 6.10191059113, 9.63339424133, 28.0052509308, 21.1298294067, 19.6015281677, 22.28814888, 10.7684803009, 8.90849685669, 5.94584751129, 4.39059305191, 3.30045485497, 3.03879976273, 2.68030405045, 2.45664095879, 1.52756035328, 1.05106949806, 0.888807356358, 0.493999838829, 0.442239165306, 0.33135586977, 0.25997620821, 0.211087763309, 0.146094292402, 0.0882072672248, 0.0479439646006, 0.0857973769307, 0.0495924428105, 0.00967676565051, 0.00561605859548, 0.000605625740718, 5.67520219192e-05, 3.021545308e-05], "min": [1.4430029437e-12, 2.65996578062e-12, 5.36069626189e-12, 1.01921795656e-11, 2.31455288963e-11, 4.0786894695e-11, 1.36938724249e-10, 1.72271322207e-10, 2.61084265318e-10, 5.78613379432e-10, 8.13523359788e-10, 1.52107881846e-09, 2.17862594631e-09, 1.83558435118e-09, 2.23775642461e-09, 1.52976953327e-09, 2.25621010763e-09, 5.57859580752e-09, 2.04378447499e-09, 2.92100543753e-09, 4.99911267937e-09, 7.69656516297e-09, 3.85499854261e-09, 3.04822855846e-09, 6.69562583155e-09, 3.89543641788e-09, 6.38731245672e-09, 8.63042437516e-09, 4.19211776403e-09, 5.12094278093e-09, 7.47210471275e-09, 5.81135228828e-09, 4.69991245922e-09, 4.58042359597e-09, 3.01372171663e-09, 2.41380204713e-09, 1.45824197162e-09, 4.59771137828e-10, 1.35645800148e-10, 1.10326444161e-11], "var": [0.0386883094907, 7.53352737427, 40.4517478943, 155.195648193, 231.860580444, 242.585586548, 1902.10021973, 520.712158203, 1769.38293457, 1087.24450684, 15399.5820312, 2899.83911133, 7224.52783203, 4287.58496094, 3299.94580078, 2720.734375, 1125.77270508, 773.876098633, 1046.6463623, 509.357849121, 604.80657959, 606.621887207, 879.236022949, 570.755187988, 276.362792969, 166.743621826, 53.8715133667, 29.68359375, 26.8696899414, 15.9225597382, 7.71034288406, 3.86401748657, 1.58086585999, 3.49160265923, 2.73324155807, 0.0903639569879, 0.039801042527, 0.00106210215017, 2.5687228117e-05, 5.04235408982e-08]}, "gfcc": {"mean": [-90.7981414795, 117.459579468, -99.5297470093, -2.5645699501, -55.7055931091, 10.5285367966, -30.5484390259, 11.8032083511, -22.6739253998, 0.475264817476, -18.8104686737, 1.46791243553, -9.03065013885], "cov": [[40368.546875, -2401.92504883, -2939.63964844, 3881.08520508, -491.318664551, 1312.47058105, -90.6595840454, 1390.46606445, -63.637928009, 426.493377686, -619.202270508, -143.506072998, -618.657165527], [-2401.92504883, 2822.7890625, -250.134368896, -1091.20166016, 367.571472168, -256.337554932, 198.475418091, -267.46484375, 214.576309204, -305.902740479, 53.5780677795, -245.658691406, 100.728805542], [-2939.63964844, -250.134368896, 1384.17614746, 206.87512207, 71.8220443726, 197.340118408, 56.8966369629, 20.815700531, -143.982940674, 42.2894935608, -46.5043296814, 144.602676392, 57.6566963196], [3881.08520508, -1091.20166016, 206.87512207, 1334.38537598, 11.6052789688, 318.106628418, 34.2469444275, 231.717575073, -91.364074707, 107.609733582, -56.7767333984, 111.748207092, -47.8072242737], [-491.318664551, 367.571472168, 71.8220443726, 11.6052789688, 337.740936279, 38.5291061401, 72.9647064209, -19.3770122528, 57.2258071899, -28.481803894, 46.3459320068, 2.77002644539, 39.258605957], [1312.47058105, -256.337554932, 197.340118408, 318.106628418, 38.5291061401, 279.542877197, 76.1809082031, 162.914474487, -11.6476593018, 68.7959899902, -47.7145500183, 47.9751815796, -5.21856975555], [-90.6595840454, 198.475418091, 56.8966369629, 34.2469444275, 72.9647064209, 76.1809082031, 210.14213562, 53.2979049683, 40.4043006897, -59.257900238, 5.8484582901, -8.37932395935, 16.5600471497], [1390.46606445, -267.46484375, 20.815700531, 231.717575073, -19.3770122528, 162.914474487, 53.2979049683, 209.438018799, 28.9032745361, 65.3023681641, -49.6301574707, 7.65159654617, -29.808139801], [-63.637928009, 214.576309204, -143.982940674, -91.364074707, 57.2258071899, -11.6476593018, 40.4043006897, 28.9032745361, 141.559616089, 37.0749435425, 30.275144577, -38.7133369446, -4.52319812775], [426.493377686, -305.902740479, 42.2894935608, 107.609733582, -28.481803894, 68.7959899902, -59.257900238, 65.3023681641, 37.0749435425, 150.822143555, 31.349149704, 56.0929946899, -12.8811035156], [-619.202270508, 53.5780677795, -46.5043296814, -56.7767333984, 46.3459320068, -47.7145500183, 5.8484582901, -49.6301574707, 30.275144577, 31.349149704, 132.735031128, 74.958366394, 53.6260986328], [-143.506072998, -245.658691406, 144.602676392, 111.748207092, 2.77002644539, 47.9751815796, -8.37932395935, 7.65159654617, -38.7133369446, 56.0929946899, 74.958366394, 146.59765625, 67.3326568604], [-618.657165527, 100.728805542, 57.6566963196, -47.8072242737, 39.258605957, -5.21856975555, 16.5600471497, -29.808139801, -4.52319812775, -12.8811035156, 53.6260986328, 67.3326568604, 95.2908630371]], "icov": [[8.47377959872e-05, -0.000126996412291, 0.000274129444733, -0.000231940997764, 7.36017464078e-05, -0.00019060082559, 8.79198050825e-05, -0.000215535139432, 0.000218302957364, -0.000136366928928, 0.000305663212202, -0.000352283852408, 0.000347533030435], [-0.000126996412291, 0.00123523152433, -0.00049280829262, 0.000891130475793, -0.000642238708679, -0.000355577969458, -0.000112956942758, 0.000868992588948, -0.00147687201388, 0.00167494395282, -0.00104283355176, 0.00204268749803, -0.00154857011512], [0.000274129444733, -0.00049280829262, 0.00203346344642, -0.000684926053509, -0.000197680477868, -0.000744381686673, -0.00071005692007, 2.58075251622e-05, 0.00205303868279, -0.00198523048311, 0.00270172208548, -0.00229683332145, 0.000830428441986], [-0.000231940997764, 0.000891130475793, -0.000684926053509, 0.00215588137507, -0.000780011818279, -0.000602141430136, -0.00018996091967, 0.000201876086066, -0.000418848823756, 0.00115971290506, -0.0010161336977, 0.000576068414375, -0.000265577342361], [7.36017464078e-05, -0.000642238708679, -0.000197680477868, -0.000780011818279, 0.00473475782201, -0.00206296145916, 0.000747086596675, 0.000690666376613, -0.00219760998152, 0.00189566484187, -0.00199250830337, 1.15166021715e-05, 0.000172698739334], [-0.00019060082559, -0.000355577969458, -0.000744381686673, -0.000602141430136, -0.00206296145916, 0.0128224790096, -0.00515801645815, -0.00453453324735, 0.0040201083757, -0.00764665845782, 0.00527386320755, -0.00134570640512, -0.00254308898002], [8.79198050825e-05, -0.000112956942758, -0.00071005692007, -0.00018996091967, 0.000747086596675, -0.00515801645815, 0.0119428411126, -0.00294367526658, -0.00656077824533, 0.0118589475751, -0.00509023154154, -0.00169887207448, 0.00279461382888], [-0.000215535139432, 0.000868992588948, 2.58075251622e-05, 0.000201876086066, 0.000690666376613, -0.00453453324735, -0.00294367526658, 0.0136499609798, -0.00424657575786, -0.0023280698806, 0.00405529839918, -0.000427703227615, -0.000479903887026], [0.000218302957364, -0.00147687201388, 0.00205303868279, -0.000418848823756, -0.00219760998152, 0.0040201083757, -0.00656077824533, -0.00424657575786, 0.0221197661012, -0.0157633069903, -0.00183852529153, 0.00933938939124, -0.00418201973662], [-0.000136366928928, 0.00167494395282, -0.00198523048311, 0.00115971290506, 0.00189566484187, -0.00764665845782, 0.0118589475751, -0.0023280698806, -0.0157633069903, 0.0289755221456, -0.00867481250316, -0.00779511872679, 0.00869671627879], [0.000305663212202, -0.00104283355176, 0.00270172208548, -0.0010161336977, -0.00199250830337, 0.00527386320755, -0.00509023154154, 0.00405529839918, -0.00183852529153, -0.00867481250316, 0.0257093757391, -0.0156175717711, -0.000487606041133], [-0.000352283852408, 0.00204268749803, -0.00229683332145, 0.000576068414375, 1.15166021715e-05, -0.00134570640512, -0.00169887207448, -0.000427703227615, 0.00933938939124, -0.00779511872679, -0.0156175717711, 0.0340548940003, -0.0185693111271], [0.000347533030435, -0.00154857011512, 0.000830428441986, -0.000265577342361, 0.000172698739334, -0.00254308898002, 0.00279461382888, -0.000479903887026, -0.00418201973662, 0.00869671627879, -0.000487606041133, -0.0185693111271, 0.0272781103849]]}, "melbands": {"dmean": [0.00098738388624, 0.00150672940072, 0.000853763718624, 0.000474607950309, 0.00037929971586, 0.000174739237991, 0.00012175449956, 0.000132685134304, 0.000201673043193, 9.90673725028e-05, 0.000103820537333, 8.74855177244e-05, 7.36536676413e-05, 4.34979774582e-05, 2.59338285105e-05, 2.02934697882e-05, 1.75444820343e-05, 1.79215312528e-05, 1.11241733975e-05, 8.48105992191e-06, 1.02855528894e-05, 8.37702827994e-06, 8.73668341228e-06, 8.14533177618e-06, 5.61476053917e-06, 4.24368590757e-06, 4.0428462853e-06, 3.00081023852e-06, 1.98101611204e-06, 1.35899028919e-06, 1.26805662148e-06, 1.38499899549e-06, 1.36459027544e-06, 9.47070248003e-07, 7.16805800494e-07, 6.52711435123e-07, 4.73037744086e-07, 2.80839714151e-07, 2.46156446337e-07, 1.2526405726e-06], "dmean2": [0.00161892431788, 0.00248209550045, 0.00134129216895, 0.000789597514085, 0.000651717185974, 0.000293958320981, 0.000189231781405, 0.000205684351386, 0.000293739372864, 0.00015546476061, 0.000156777430675, 0.000135464506457, 0.00012065487681, 7.01843164279e-05, 4.13255038438e-05, 3.1934807339e-05, 2.8188833312e-05, 2.9402479413e-05, 1.75595068868e-05, 1.33249723149e-05, 1.69422564795e-05, 1.30155240186e-05, 1.36993667184e-05, 1.29060999825e-05, 8.80065999809e-06, 6.76566287439e-06, 6.67942549626e-06, 4.9062123253e-06, 3.17772128255e-06, 2.15271279558e-06, 2.07248444895e-06, 2.26384509006e-06, 2.2367028123e-06, 1.53875998876e-06, 1.15422290037e-06, 1.06238496755e-06, 7.68941731621e-07, 4.42816144641e-07, 3.81978310315e-07, 2.21890809371e-06], "dvar": [3.53327891389e-06, 7.39023516871e-06, 4.226531928e-06, 8.90083526883e-07, 5.80147741402e-07, 1.16232072855e-07, 5.20204430643e-08, 6.71742554914e-08, 1.87322584111e-07, 4.52545698693e-08, 4.57716176072e-08, 2.58295429489e-08, 3.57445060217e-08, 1.15875478102e-08, 3.294096107e-09, 2.39990627371e-09, 1.85074588988e-09, 2.03595562631e-09, 7.19435955254e-10, 4.27988977592e-10, 7.15714487676e-10, 3.85644238765e-10, 4.66307603642e-10, 4.6263953779e-10, 2.5027438455e-10, 1.28789784393e-10, 1.34776426131e-10, 6.50027254245e-11, 2.04112386715e-11, 7.98868696888e-12, 7.03482628053e-12, 8.00438101217e-12, 6.19031085072e-12, 3.13596240989e-12, 1.68352419679e-12, 1.38245383023e-12, 8.32601348977e-13, 4.09423742739e-13, 3.67563699746e-13, 5.94820677088e-12], "dvar2": [9.39807523537e-06, 1.84662567335e-05, 9.95061964204e-06, 2.27739428738e-06, 1.61938635301e-06, 3.01421749782e-07, 1.25442397803e-07, 1.67380392213e-07, 4.15711809865e-07, 1.15561128666e-07, 9.58357091463e-08, 6.25103595553e-08, 9.34830310939e-08, 3.06889518242e-08, 8.50560955001e-09, 5.87346615788e-09, 4.91303309147e-09, 5.41328892822e-09, 1.78959469466e-09, 1.04213637719e-09, 1.86678161818e-09, 8.97658058996e-10, 1.12533948826e-09, 1.10033915313e-09, 5.95395510672e-10, 3.08112285685e-10, 3.48525597271e-10, 1.62725485864e-10, 4.91163117122e-11, 1.80718200821e-11, 1.66401094293e-11, 1.89289348085e-11, 1.50142259736e-11, 7.51432076285e-12, 3.81866717067e-12, 3.14430404456e-12, 1.88957356706e-12, 8.32996052778e-13, 7.6209589854e-13, 1.58906412334e-11], "max": [0.0254565048963, 0.0355477072299, 0.0261022187769, 0.0110759502277, 0.012238313444, 0.00532453227788, 0.00765581429005, 0.00428247591481, 0.0102485194802, 0.00388605333865, 0.00464887497947, 0.00255577685311, 0.00259762560017, 0.00162046973128, 0.000918623642065, 0.000696486793458, 0.000552646175493, 0.000524527975358, 0.000474575848784, 0.000310451956466, 0.000409648986533, 0.000287297531031, 0.000309501221636, 0.000237858606852, 0.000215215390199, 0.00017255358398, 0.000201289964025, 8.78928694874e-05, 5.26150215592e-05, 4.29469582741e-05, 2.93090506602e-05, 3.2028867281e-05, 2.04781463253e-05, 1.79509570444e-05, 1.90172613657e-05, 1.39604189826e-05, 1.15127486424e-05, 1.14330068754e-05, 1.11713470687e-05, 2.33470691455e-05], "mean": [0.00144435069524, 0.00212110485882, 0.000966483494267, 0.000609009584878, 0.000643230916467, 0.000284734880552, 0.000293845165288, 0.000292157754302, 0.000553243153263, 0.000219516572542, 0.000237024345552, 0.000192052597413, 0.000107175386802, 7.60152834118e-05, 4.89731501148e-05, 3.55850897904e-05, 2.54773149209e-05, 2.59993885265e-05, 1.71097690327e-05, 1.27958655867e-05, 1.29242725961e-05, 1.1497034393e-05, 1.12636207632e-05, 1.00959005067e-05, 6.83722919348e-06, 4.92854587719e-06, 4.04004049415e-06, 3.03039746541e-06, 2.10364987652e-06, 1.56391740802e-06, 1.35858613248e-06, 1.39501423746e-06, 1.30166677081e-06, 9.39650078635e-07, 7.49987464133e-07, 6.54101825148e-07, 4.8512754347e-07, 3.25135516732e-07, 2.8959351539e-07, 9.48958643221e-07], "median": [0.000374051189283, 0.000604377768468, 0.000266691495199, 0.000213026913116, 0.000176693851245, 9.41818070714e-05, 9.19812446227e-05, 0.00012472079834, 0.000230870893574, 0.00010817036673, 9.53768758336e-05, 9.02142710402e-05, 3.1204392144e-05, 2.48573160206e-05, 1.62961205206e-05, 1.09026595965e-05, 6.9617913141e-06, 5.09322080688e-06, 4.50423658549e-06, 2.85832766167e-06, 3.01679574477e-06, 2.7413962016e-06, 1.49984703057e-06, 1.06616118956e-06, 7.45445902339e-07, 6.81221081322e-07, 4.72782886618e-07, 2.93970458642e-07, 2.60877641267e-07, 2.67023864353e-07, 1.51849121721e-07, 1.33088136067e-07, 1.52459563196e-07, 1.03120342487e-07, 8.77725412352e-08, 5.96266289676e-08, 5.28159134205e-08, 2.85600201266e-08, 3.65645256295e-08, 8.73882939345e-08], "min": [1.64571369634e-14, 2.88132127173e-15, 2.38316107842e-15, 2.04871181326e-15, 4.39792042302e-15, 4.18144675379e-15, 4.45074775036e-15, 6.21032020839e-15, 7.20672995699e-15, 1.0332991346e-14, 1.13459114608e-14, 7.60963218978e-15, 6.80346053542e-15, 5.77458189637e-15, 3.11859701135e-15, 8.12749458121e-15, 1.00189208465e-14, 2.46881876752e-15, 4.59765926231e-15, 3.3007512349e-15, 6.05073284838e-15, 8.372802099e-15, 5.03691403162e-15, 2.30253052986e-15, 2.30633836648e-15, 4.9962962607e-15, 3.91843074169e-15, 2.20311766097e-15, 4.39314654533e-15, 3.502233268e-15, 5.57722364318e-15, 2.0684250228e-15, 2.61473501576e-15, 2.78118757781e-15, 4.45415324632e-15, 4.37047486146e-15, 3.16942428215e-15, 3.18026926849e-15, 3.61595612326e-15, 4.05768846393e-15], "var": [5.89240517002e-06, 1.09930442704e-05, 4.6707277761e-06, 1.08172912405e-06, 1.5950058696e-06, 2.94976587156e-07, 4.05260749403e-07, 2.05418373866e-07, 8.3380803062e-07, 1.09965704098e-07, 1.79239236786e-07, 7.67782424305e-08, 5.07033313113e-08, 2.28399912316e-08, 7.064504981e-09, 4.31850200044e-09, 2.64303245956e-09, 2.76032174895e-09, 1.24403654045e-09, 8.31805957446e-10, 9.00674645976e-10, 6.5704286456e-10, 7.14239056787e-10, 6.88150481043e-10, 3.74194036867e-10, 1.71266473226e-10, 1.28830904278e-10, 6.41298888993e-11, 2.45405432087e-11, 1.22257507937e-11, 9.48327614353e-12, 9.59773406584e-12, 7.07606933117e-12, 4.02515347442e-12, 2.61294154716e-12, 2.05846450996e-12, 1.27085093751e-12, 7.88318087024e-13, 6.58333142774e-13, 4.38270903944e-12]}, "mfcc": {"mean": [-722.07800293, 147.137176514, 6.88781738281, 4.46468639374, -3.87521100044, -0.879713475704, 0.284489363432, 5.72564601898, 4.87230443954, -0.0570860467851, 2.66106700897, -2.99170827866, 0.713177740574], "cov": [[21505.6015625, 2056.40698242, -1144.94750977, 509.737182617, 38.8856315613, 121.72706604, 174.650909424, 537.520812988, 252.797042847, 167.864624023, 245.496643066, 49.433013916, -39.2224311829], [2056.40698242, 2703.96362305, -331.576019287, -390.01171875, -118.433952332, -106.306434631, -15.6416006088, 104.394584656, 177.972595215, 89.58618927, 25.7231559753, -57.023601532, -78.412361145], [-1144.94750977, -331.576019287, 852.551635742, 243.021240234, 159.278259277, 194.217773438, 145.276245117, 54.8519706726, 74.5545196533, -35.5663146973, -14.8719835281, -31.5653209686, 57.089050293], [509.737182617, -390.01171875, 243.021240234, 462.289642334, 189.362854004, 155.123413086, 128.384002686, 98.4223480225, 3.98702096939, -33.4313583374, -19.7046470642, 12.553144455, 44.6970825195], [38.8856315613, -118.433952332, 159.278259277, 189.362854004, 229.360565186, 111.601531982, 75.0481338501, 35.1151809692, 37.7670669556, 2.08632254601, 11.12296772, 9.39025783539, 51.7449035645], [121.72706604, -106.306434631, 194.217773438, 155.123413086, 111.601531982, 169.231109619, 102.32926178, 60.9522018433, 39.7072486877, 10.1381807327, 3.6405043602, 6.90854883194, 31.8334827423], [174.650909424, -15.6416006088, 145.276245117, 128.384002686, 75.0481338501, 102.32926178, 172.174438477, 130.567169189, 58.5596847534, -7.6498298645, -9.01932144165, 0.688252329826, 17.7337703705], [537.520812988, 104.394584656, 54.8519706726, 98.4223480225, 35.1151809692, 60.9522018433, 130.567169189, 167.342269897, 93.6425933838, 18.6646842957, -1.76758956909, -0.485721617937, 2.62979769707], [252.797042847, 177.972595215, 74.5545196533, 3.98702096939, 37.7670669556, 39.7072486877, 58.5596847534, 93.6425933838, 139.694198608, 68.1677856445, 39.758441925, -7.43499326706, 7.98899364471], [167.864624023, 89.58618927, -35.5663146973, -33.4313583374, 2.08632254601, 10.1381807327, -7.6498298645, 18.6646842957, 68.1677856445, 100.735710144, 55.6971817017, 12.6791162491, -2.39773750305], [245.496643066, 25.7231559753, -14.8719835281, -19.7046470642, 11.12296772, 3.6405043602, -9.01932144165, -1.76758956909, 39.758441925, 55.6971817017, 88.7578125, 35.7706222534, 20.9506587982], [49.433013916, -57.023601532, -31.5653209686, 12.553144455, 9.39025783539, 6.90854883194, 0.688252329826, -0.485721617937, -7.43499326706, 12.6791162491, 35.7706222534, 85.1552124023, 54.5000495911], [-39.2224311829, -78.412361145, 57.089050293, 44.6970825195, 51.7449035645, 31.8334827423, 17.7337703705, 2.62979769707, 7.98899364471, -2.39773750305, 20.9506587982, 54.5000495911, 95.3155517578]], "icov": [[7.15556161595e-05, -5.60120497539e-05, 0.00013234889775, -0.000167273377883, 7.20431198715e-05, -0.000156680762302, 0.000203462768695, -0.000317167345202, 7.69628604758e-05, 0.000133956258651, -0.000358299352229, 0.000167461534147, -5.3427345847e-05], [-5.60120497539e-05, 0.000547964475118, 5.65178452234e-05, 0.000596781726927, -0.000197690591449, 5.40001346963e-05, 3.21025581798e-05, -0.000174151267856, -0.000668958760798, 0.000130249231006, 0.000328791094944, 1.82536205102e-05, 0.000178794100066], [0.00013234889775, 5.65178452234e-05, 0.00244047841989, -0.00102147331927, 0.000707753060851, -0.0017600459978, -0.00124090292957, 0.00225544511341, -0.00299187889323, 0.00206732447259, -0.000588330964092, 0.00131144595798, -0.000827290059533], [-0.000167273377883, 0.000596781726927, -0.00102147331927, 0.00603738566861, -0.00367514835671, -0.00159440387506, 0.00183552049566, -0.00553148053586, 0.00435118051246, -0.000305284454953, 0.000300763524137, -7.98141918494e-05, 0.000148688690388], [7.20431198715e-05, -0.000197690591449, 0.000707753060851, -0.00367514835671, 0.00957107078284, -0.00268309842795, -0.0027399789542, 0.00539038190618, -0.00454043364152, 0.00111931632273, -0.000658221018966, 0.00154333829414, -0.00310131954029], [-0.000156680762302, 5.40001346963e-05, -0.0017600459978, -0.00159440387506, -0.00268309842795, 0.0150508908555, -0.00778245041147, 0.00357085722499, 0.000274497753708, -0.00499738939106, 0.00230683665723, -0.000997672206722, -0.000524180592038], [0.000203462768695, 3.21025581798e-05, -0.00124090292957, 0.00183552049566, -0.0027399789542, -0.00778245041147, 0.0256810858846, -0.0218443404883, 0.00604355707765, 0.00418625073507, -0.00331407086924, 0.00145530875307, -0.000600988743827], [-0.000317167345202, -0.000174151267856, 0.00225544511341, -0.00553148053586, 0.00539038190618, 0.00357085722499, -0.0218443404883, 0.0360948592424, -0.0215859692544, 0.00194580864627, 0.00803481414914, -0.00684352591634, 0.00392381334677], [7.69628604758e-05, -0.000668958760798, -0.00299187889323, 0.00435118051246, -0.00454043364152, 0.000274497753708, 0.00604355707765, -0.0215859692544, 0.0319793261588, -0.0137463631108, -0.00699438294396, 0.00962652079761, -0.00591583969072], [0.000133956258651, 0.000130249231006, 0.00206732447259, -0.000305284454953, 0.00111931632273, -0.00499738939106, 0.00418625073507, 0.00194580864627, -0.0137463631108, 0.0257160980254, -0.00948574580252, -0.00315403123386, 0.00498353969306], [-0.000358299352229, 0.000328791094944, -0.000588330964092, 0.000300763524137, -0.000658221018966, 0.00230683665723, -0.00331407086924, 0.00803481414914, -0.00699438294396, -0.00948574580252, 0.0248900875449, -0.0101779494435, 0.00101249688305], [0.000167461534147, 1.82536205102e-05, 0.00131144595798, -7.98141918494e-05, 0.00154333829414, -0.000997672206722, 0.00145530875307, -0.00684352591634, 0.00962652079761, -0.00315403123386, -0.0101779494435, 0.0276593640447, -0.0157150048763], [-5.3427345847e-05, 0.000178794100066, -0.000827290059533, 0.000148688690388, -0.00310131954029, -0.000524180592038, -0.000600988743827, 0.00392381334677, -0.00591583969072, 0.00498353969306, 0.00101249688305, -0.0157150048763, 0.0222888831049]]}, "spectral_contrast_coeffs": {"dmean": [0.0558541454375, 0.0482475832105, 0.0421101935208, 0.0353807508945, 0.0263620559126, 0.0210490077734], "dmean2": [0.0897512808442, 0.0767630189657, 0.0680039972067, 0.0548338107765, 0.0414798073471, 0.0328739881516], "dvar": [0.00244991714135, 0.00222423742525, 0.00196441006847, 0.00132034218404, 0.00073041341966, 0.000385620282032], "dvar2": [0.00615282868966, 0.00518524600193, 0.00438372930512, 0.00272422004491, 0.00151822925545, 0.000850019161589], "max": [-0.308958888054, -0.278939425945, -0.398958474398, -0.437973558903, -0.460876882076, -0.61510103941], "mean": [-0.633136808872, -0.696484386921, -0.724079787731, -0.772849619389, -0.808007061481, -0.801404953003], "median": [-0.643319129944, -0.714453339577, -0.738776504993, -0.788514852524, -0.814047932625, -0.79525244236], "min": [-0.979269623756, -0.980055212975, -0.96728092432, -0.971136152744, -0.945279717445, -0.953549981117], "var": [0.00860627088696, 0.0114572420716, 0.00949466601014, 0.00649798195809, 0.00332394614816, 0.00230326247402]}, "spectral_contrast_valleys": {"dmean": [0.649011015892, 0.519565939903, 0.510414659977, 0.560080885887, 0.61859190464, 0.739081382751], "dmean2": [0.973321080208, 0.786434829235, 0.761042714119, 0.80128467083, 0.842710673809, 0.978938102722], "dvar": [0.491450935602, 0.402496188879, 0.43334248662, 0.467701971531, 0.482544451952, 0.565562367439], "dvar2": [0.91333091259, 0.798216044903, 0.82026809454, 0.862843871117, 0.877063035965, 1.07491111755], "max": [-5.14595317841, -4.38445520401, -5.04369592667, -5.44035148621, -5.54565906525, -8.0418825