{"lowlevel": {"average_loudness": 0.0236941631883, "barkbands_crest": {"dmean": 1.9943267107, "dmean2": 3.14789533615, "dvar": 4.51299333572, "dvar2": 10.8097524643, "max": 26.5786056519, "mean": 13.1174144745, "median": 11.9999914169, "min": 3.14165735245, "var": 23.7914085388}, "barkbands_flatness_db": {"dmean": 0.0178460869938, "dmean2": 0.0279548503458, "dvar": 0.000407540152082, "dvar2": 0.000968238513451, "max": 0.647667884827, "mean": 0.368510216475, "median": 0.381624162197, "min": 0.0260766334832, "var": 0.005874321796}, "barkbands_kurtosis": {"dmean": 4.50441646576, "dmean2": 7.35849714279, "dvar": 388.312316895, "dvar2": 1097.5859375, "max": 637.110229492, "mean": 7.83007240295, "median": 1.93833494186, "min": -1.88545072079, "var": 708.89642334}, "barkbands_skewness": {"dmean": 0.516416370869, "dmean2": 0.811584413052, "dvar": 0.603898108006, "dvar2": 1.58019196987, "max": 20.2746315002, "mean": 0.447305381298, "median": 0.406530797482, "min": -13.475271225, "var": 3.53734564781}, "barkbands_spread": {"dmean": 1.10513079166, "dmean2": 1.76200711727, "dvar": 8.16300296783, "dvar2": 21.4341259003, "max": 120.905593872, "mean": 5.73634386063, "median": 3.65397310257, "min": 0.0761047154665, "var": 151.75201416}, "dissonance": {"dmean": 0.0505851507187, "dmean2": 0.086583442986, "dvar": 0.00266576814465, "dvar2": 0.00732562644407, "max": 0.499990403652, "mean": 0.342083364725, "median": 0.348835110664, "min": 0.0422877334058, "var": 0.00721040740609}, "dynamic_complexity": 7.34413766861, "erbbands_crest": {"dmean": 2.29071116447, "dmean2": 3.38580369949, "dvar": 6.60032558441, "dvar2": 13.3488168716, "max": 34.1850090027, "mean": 17.7089500427, "median": 16.2564849854, "min": 2.76302027702, "var": 55.1049385071}, "erbbands_flatness_db": {"dmean": 0.0149807333946, "dmean2": 0.0215053018183, "dvar": 0.000332063558744, "dvar2": 0.00059303175658, "max": 0.627973675728, "mean": 0.378095507622, "median": 0.389548778534, "min": 0.0391261838377, "var": 0.00674344785511}, "erbbands_kurtosis": {"dmean": 2.75979590416, "dmean2": 3.94197773933, "dvar": 34.4538536072, "dvar2": 64.7981948853, "max": 259.602416992, "mean": 7.70654296875, "median": 2.48608875275, "min": -1.77651906013, "var": 243.707382202}, "erbbands_skewness": {"dmean": 0.390671223402, "dmean2": 0.576540052891, "dvar": 0.238920629025, "dvar2": 0.503600299358, "max": 7.89468669891, "mean": 0.517674326897, "median": 0.428260296583, "min": -6.02310228348, "var": 2.38517904282}, "erbbands_spread": {"dmean": 1.58190476894, "dmean2": 2.40487742424, "dvar": 5.92069196701, "dvar2": 13.5539331436, "max": 89.8477325439, "mean": 8.24910163879, "median": 6.6406712532, "min": 0.172802761197, "var": 65.103729248}, "hfc": {"dmean": 2.05133652687, "dmean2": 2.72733020782, "dvar": 51.3724098206, "dvar2": 103.709289551, "max": 179.193969727, "mean": 6.69662952423, "median": 2.03214859962, "min": 1.11883351158e-16, "var": 181.451477051}, "melbands_crest": {"dmean": 2.53316020966, "dmean2": 4.01964569092, "dvar": 6.82528495789, "dvar2": 17.2768516541, "max": 39.582485199, "mean": 17.1087322235, "median": 15.7686052322, "min": 1.85147285461, "var": 39.0726737976}, "melbands_flatness_db": {"dmean": 0.0188725143671, "dmean2": 0.0295341778547, "dvar": 0.000421896838816, "dvar2": 0.00101366802119, "max": 0.743956744671, "mean": 0.491981953382, "median": 0.511940419674, "min": 0.00583835644647, "var": 0.00980856083333}, "melbands_kurtosis": {"dmean": 4.16067457199, "dmean2": 6.69940757751, "dvar": 514.340759277, "dvar2": 1398.1842041, "max": 1491.3717041, "mean": 7.47753334045, "median": 1.90095758438, "min": -1.89393115044, "var": 947.543151855}, "melbands_skewness": {"dmean": 0.50358659029, "dmean2": 0.78186661005, "dvar": 0.503967344761, "dvar2": 1.2657982111, "max": 30.7557144165, "mean": 0.802479028702, "median": 0.731877028942, "min": -7.09484529495, "var": 3.60521817207}, "melbands_spread": {"dmean": 1.45360779762, "dmean2": 2.28286528587, "dvar": 7.04672384262, "dvar2": 16.2690734863, "max": 137.037414551, "mean": 7.75997781754, "median": 5.60729837418, "min": 0.195547193289, "var": 169.842727661}, "pitch_salience": {"dmean": 0.0553552992642, "dmean2": 0.0887603983283, "dvar": 0.00329936179332, "dvar2": 0.008176850155, "max": 0.96788340807, "mean": 0.479631274939, "median": 0.493386536837, "min": 0.0334365926683, "var": 0.017283141613}, "silence_rate_20dB": {"dmean": 0.000828958291095, "dmean2": 0.00165814568754, "dvar": 0.000828206306323, "dvar2": 0.00220815371722, "max": 1, "mean": 0.99917113781, "median": 1, "min": 0, "var": 0.000828076910693}, "silence_rate_30dB": {"dmean": 0.012434374541, "dmean2": 0.0248721837997, "dvar": 0.0122791556641, "dvar2": 0.0278484448791, "max": 1, "mean": 0.977621197701, "median": 1, "min": 0, "var": 0.0218787062913}, "silence_rate_60dB": {"dmean": 0.0417242348194, "dmean2": 0.083459995687, "dvar": 0.039982046932, "dvar2": 0.0897535607219, "max": 1, "mean": 0.342726886272, "median": 0, "min": 0, "var": 0.225250825286}, "spectral_centroid": {"dmean": 34.6225318909, "dmean2": 53.330947876, "dvar": 15231.2763672, "dvar2": 19671.328125, "max": 11268.7597656, "mean": 495.997467041, "median": 431.993499756, "min": 151.266815186, "var": 147608.53125}, "spectral_complexity": {"dmean": 0.815418601036, "dmean2": 1.3812353611, "dvar": 0.889706134796, "dvar2": 2.03145241737, "max": 21, "mean": 6.3896946907, "median": 6, "min": 0, "var": 11.9592437744}, "spectral_decrease": {"dmean": 1.13338227692e-09, "dmean2": 1.56525270523e-09, "dvar": 1.10049473542e-17, "dvar2": 2.23416156407e-17, "max": -7.1619466564e-29, "mean": -3.97860366874e-09, "median": -1.52988521851e-09, "min": -9.43152258515e-08, "var": 5.34564345897e-17}, "spectral_energy": {"dmean": 0.00445734616369, "dmean2": 0.00614666100591, "dvar": 0.000172412968823, "dvar2": 0.000349978508893, "max": 0.364348113537, "mean": 0.0156235732138, "median": 0.00597451254725, "min": 1.04184553296e-20, "var": 0.000825624796562}, "spectral_energyband_high": {"dmean": 1.27882060497e-07, "dmean2": 1.84711907991e-07, "dvar": 2.34764762968e-13, "dvar2": 4.45702719523e-13, "max": 2.21108202823e-05, "mean": 5.53331858555e-07, "median": 2.67966377976e-08, "min": 7.73690784372e-21, "var": 2.95707945977e-12}, "spectral_energyband_low": {"dmean": 0.000922511331737, "dmean2": 0.0013604281703, "dvar": 8.17200179881e-06, "dvar2": 1.18846619444e-05, "max": 0.241924017668, "mean": 0.00278880028054, "median": 0.000709493062459, "min": 7.34949014999e-23, "var": 9.7759795608e-05}, "spectral_energyband_middle_high": {"dmean": 0.000203748510103, "dmean2": 0.000271754252026, "dvar": 6.36146694433e-07, "dvar2": 9.93714593278e-07, "max": 0.0365353487432, "mean": 0.000705722079147, "median": 0.000112921690743, "min": 1.55485640574e-21, "var": 3.88526950701e-06}, "spectral_energyband_middle_low": {"dmean": 0.00394073175266, "dmean2": 0.00540244486183, "dvar": 0.000161929303431, "dvar2": 0.00033381942194, "max": 0.317365586758, "mean": 0.0124909579754, "median": 0.00376498093829, "min": 2.0839315814e-22, "var": 0.00057263643248}, "spectral_entropy": {"dmean": 0.12834957242, "dmean2": 0.194596394897, "dvar": 0.0252537280321, "dvar2": 0.0517687872052, "max": 9.81741142273, "mean": 5.36755609512, "median": 5.29241085052, "min": 2.70638918877, "var": 0.445230305195}, "spectral_flux": {"dmean": 0.012811797671, "dmean2": 0.0212277621031, "dvar": 0.000721629243344, "dvar2": 0.00189557136036, "max": 0.505705118179, "mean": 0.0302707683295, "median": 0.0209529437125, "min": 1.02070837893e-10, "var": 0.00115248269867}, "spectral_kurtosis": {"dmean": 31.5280990601, "dmean2": 54.1739006042, "dvar": 1125.95666504, "dvar2": 3253.38012695, "max": 478.195770264, "mean": 137.05241394, "median": 136.41255188, "min": -1.14849889278, "var": 6465.35498047}, "spectral_rms": {"dmean": 0.000422396347858, "dmean2": 0.000583180924878, "dvar": 5.63495746064e-07, "dvar2": 1.07155858586e-06, "max": 0.0188536886126, "mean": 0.00305436598137, "median": 0.00241428939626, "min": 3.18815720352e-12, "var": 5.91333036937e-06}, "spectral_rolloff": {"dmean": 81.7051391602, "dmean2": 138.559707642, "dvar": 201973.84375, "dvar2": 492110.09375, "max": 20112.0117188, "mean": 705.622619629, "median": 581.396484375, "min": 21.533203125, "var": 2328728}, "spectral_skewness": {"dmean": 1.25885355473, "dmean2": 2.1867556572, "dvar": 1.41794931889, "dvar2": 3.94002699852, "max": 17.6922531128, "mean": 8.80104255676, "median": 9.19638824463, "min": -0.0618854835629, "var": 11.0677690506}, "spectral_spread": {"dmean": 314761.46875, "dmean2": 557852.5625, "dvar": 246610362368, "dvar2": 416463355904, "max": 39031632, "mean": 1194757.75, "median": 901739.5625, "min": 201540.640625, "var": 1835754979330.0}, "spectral_strongpeak": {"dmean": 0.31214505434, "dmean2": 0.463610619307, "dvar": 0.435969442129, "dvar2": 0.851366758347, "max": 12.2212285995, "mean": 1.04884052277, "median": 0.511225044727, "min": 0, "var": 1.98765432835}, "zerocrossingrate": {"dmean": 0.00225406768732, "dmean2": 0.00306563987397, "dvar": 6.32369410596e-05, "dvar2": 0.000118154865049, "max": 0.50146484375, "mean": 0.0241441894323, "median": 0.01953125, "min": 0.00048828125, "var": 0.00124618189875}, "barkbands": {"dmean": [1.66864519997e-05, 0.000519050227012, 0.00047457421897, 0.000321274885209, 0.000669934845064, 0.000895647099242, 0.000395158713218, 0.00185527722351, 0.000754975131713, 0.000202873387025, 3.4580603824e-05, 2.4809540264e-05, 1.2264606994e-05, 2.24004652409e-05, 1.73797816387e-05, 8.09942775959e-06, 1.0497285075e-05, 7.08317998033e-07, 6.37102857581e-07, 2.28344674724e-07, 6.1816102459e-08, 4.02924449361e-08, 2.5150420413e-08, 2.18640217042e-08, 8.56929371906e-09, 2.58460586267e-09, 1.03621589087e-09], "dmean2": [2.94862838928e-05, 0.000705272308551, 0.000765004369896, 0.000512983999215, 0.000993783003651, 0.0014903236879, 0.000597572710831, 0.00233410019428, 0.00105802947655, 0.000256636645645, 5.27589327248e-05, 3.44349064108e-05, 1.75714558281e-05, 2.88069604721e-05, 2.50748635153e-05, 1.27842540678e-05, 1.48300459841e-05, 1.03909735572e-06, 9.64842001849e-07, 3.60272565558e-07, 8.88851445779e-08, 5.73947822602e-08, 3.60063054927e-08, 3.41290160577e-08, 1.21925234353e-08, 4.23879908951e-09, 1.84318782459e-09], "dvar": [8.05793098912e-10, 4.40377743871e-06, 1.52713585067e-06, 1.94942049347e-06, 1.35578757181e-05, 9.87357816484e-06, 1.99616442842e-06, 8.38149207993e-05, 3.31137562171e-05, 1.0849979617e-06, 2.07306261046e-08, 1.35291244874e-08, 3.41649308844e-09, 3.2904527103e-08, 1.0907224457e-08, 3.57425777864e-09, 9.89125137352e-09, 1.47306594006e-11, 4.14131090531e-11, 2.27827067108e-12, 7.84265840746e-14, 4.85767770952e-14, 1.6836458646e-14, 7.66943440993e-15, 9.46987599591e-16, 7.08099956268e-17, 2.587449287e-18], "dvar2": [2.37315322948e-09, 4.50022844234e-06, 3.93055279346e-06, 4.47943648396e-06, 2.94570872938e-05, 2.69483007287e-05, 4.32312208432e-06, 0.000153613334987, 7.51742263674e-05, 1.45485921621e-06, 4.85633258052e-08, 2.35588846209e-08, 7.13025150034e-09, 4.57741116122e-08, 2.25412062349e-08, 8.15002731969e-09, 2.11330686284e-08, 2.76086948442e-11, 9.33124202906e-11, 5.3136306119e-12, 1.40568736122e-13, 9.366373779e-14, 3.2096378913e-14, 1.84952896639e-14, 1.9529966667e-15, 1.80318610508e-16, 8.10249383467e-18], "max": [0.000545434420928, 0.195774674416, 0.0419282950461, 0.0408537872136, 0.129436939955, 0.1219208166, 0.0701732337475, 0.292930454016, 0.241336524487, 0.0518418736756, 0.00546935945749, 0.00779211567715, 0.0024536550045, 0.00928214844316, 0.00447813374922, 0.00382779771462, 0.00735942088068, 0.000179963026312, 0.000443601020379, 6.84904589434e-05, 1.08390267997e-05, 1.28899901028e-05, 5.64247102375e-06, 3.01740374198e-06, 1.38852067266e-06, 2.33811391581e-07, 2.35967938522e-08], "mean": [1.7039170416e-05, 0.00139608385507, 0.00123149284627, 0.000523463240825, 0.00201156781986, 0.00217369222082, 0.00126667832956, 0.00435110414401, 0.00171690981369, 0.000621125567704, 7.21996620996e-05, 7.8491459135e-05, 3.43594729202e-05, 4.95120584674e-05, 3.73517577827e-05, 1.86575398402e-05, 1.97970202862e-05, 1.77174661076e-06, 1.34047570555e-06, 4.81836877952e-07, 1.48040726344e-07, 1.27620893409e-07, 7.81445308462e-08, 6.85002206069e-08, 2.89864008352e-08, 7.50444151265e-09, 3.83384657354e-09], "median": [7.3130840974e-06, 0.000201744216611, 0.000294542871416, 0.000110107917862, 0.000420780794229, 0.000462751137093, 0.000370730820578, 0.000268957024673, 7.09257728886e-05, 5.28945602127e-05, 5.84795952818e-06, 4.48544187748e-06, 1.59505498232e-06, 2.59410285253e-06, 1.75970035343e-06, 4.94569974308e-07, 4.83850044475e-07, 4.54561366325e-08, 2.19349090003e-08, 9.38974142883e-09, 4.32648672444e-09, 2.92562263304e-09, 1.99970218162e-09, 1.98277483321e-09, 2.24330620746e-09, 2.28586971573e-09, 2.79572875961e-09], "min": [2.36457206699e-23, 4.91450782959e-23, 1.24921543816e-23, 8.68649137074e-24, 3.52946655742e-23, 5.28801548218e-23, 5.05940075195e-23, 2.62232432139e-23, 3.20115337718e-23, 7.7540281196e-23, 2.04769279448e-23, 9.89103969007e-23, 1.37906555614e-22, 1.23777766501e-22, 1.0420419e-22, 2.21542838342e-22, 1.10547723462e-22, 1.93480077204e-22, 1.78427980044e-22, 4.35100485813e-22, 4.43118139887e-22, 6.7343805923e-22, 6.12191352933e-22, 8.29048988586e-22, 1.41494252097e-21, 1.61673319102e-21, 2.176083788e-21], "var": [8.46337278038e-10, 5.46760384168e-05, 8.8169481387e-06, 3.17197645927e-06, 3.87785039493e-05, 3.06549918605e-05, 9.90388525679e-06, 0.00025869125966, 7.62970885262e-05, 7.07434628566e-06, 6.36151327171e-08, 9.4935650452e-08, 1.91323845655e-08, 1.02824905923e-07, 3.00351175042e-08, 1.08564695012e-08, 1.90826003887e-08, 5.98390365036e-11, 1.00004199366e-10, 5.19639149418e-12, 3.24533938134e-13, 3.699959989e-13, 1.16961426438e-13, 4.47547916424e-14, 6.93832893293e-15, 2.52858869453e-16, 5.92378902312e-18]}, "erbbands": {"dmean": [0.00534945679829, 0.148061349988, 0.547839045525, 0.652005374432, 3.06635284424, 1.08900499344, 1.85969316959, 8.50851345062, 8.54896450043, 14.5298852921, 43.9627418518, 19.4668769836, 7.99702215195, 3.5894651413, 0.808931231499, 1.1791087389, 0.611152410507, 1.23252522945, 0.953439295292, 0.463006019592, 0.473982393742, 0.466597318649, 0.0868148058653, 0.0386480167508, 0.0202585700899, 0.00873188767582, 0.00317536829971, 0.00216534663923, 0.00111114350148, 0.0017081348924, 0.000524356495589, 0.000595434277784, 0.000307167094434, 0.000137605122291, 4.14667192672e-05, 1.93545365619e-05, 3.04844934362e-06, 7.68849247379e-07, 2.12973486668e-06, 4.99604357174e-06], "dmean2": [0.00789435673505, 0.20297113061, 0.864658296108, 1.02690672874, 4.6969203949, 1.59782147408, 2.27078318596, 14.2430801392, 13.8493709564, 18.4824428558, 55.876663208, 26.1883049011, 9.53205490112, 5.29792881012, 1.21713244915, 1.64374935627, 0.862271428108, 1.59193301201, 1.35334050655, 0.676604986191, 0.72064435482, 0.651021659374, 0.129230171442, 0.0556928254664, 0.0319221578538, 0.013580288738, 0.00458958931267, 0.00337687158026, 0.00172093918081, 0.0024428605102, 0.0007600763347, 0.000915441836696, 0.000487579818582, 0.000196683613467, 6.30129943602e-05, 3.05131725327e-05, 4.80297512695e-06, 1.25767053305e-06, 2.92374375022e-06, 6.87537476551e-06], "dvar": [0.000363161816495, 0.340800523758, 2.26657247543, 4.21723175049, 355.007293701, 16.4301738739, 44.9112205505, 1031.38391113, 596.553527832, 11251, 42726.5703125, 16524.015625, 1777.50463867, 177.40411377, 11.6944694519, 33.5609054565, 7.53916740417, 88.6791687012, 30.4732208252, 9.4113035202, 6.18903207779, 40.105796814, 0.440908402205, 0.216698616743, 0.0152989616618, 0.00244720443152, 0.000228434626479, 0.000104321938124, 2.72683118965e-05, 0.000102964731923, 4.43648195869e-06, 6.0121928982e-06, 1.57157137437e-06, 3.02217415538e-07, 1.55510182509e-08, 4.614199689e-09, 3.77133428653e-11, 1.86715551874e-12, 3.95299418199e-11, 2.19627052656e-10], "dvar2": [0.000468914891826, 0.357471823692, 5.20810556412, 9.46200275421, 776.674987793, 35.0417022705, 59.0895423889, 2606.33837891, 1667.17138672, 17310.7832031, 85477.8359375, 35110.2265625, 2420.43774414, 411.427459717, 27.5926570892, 58.6765136719, 15.1408929825, 123.588226318, 64.5673828125, 18.4872283936, 13.0856370926, 88.345199585, 1.07073962688, 0.483282268047, 0.0372063554823, 0.00547738512978, 0.000411692017224, 0.000246057607001, 6.33243325865e-05, 0.000203110917937, 9.37723871175e-06, 1.40371103043e-05, 4.14110218117e-06, 6.54870973449e-07, 3.30728511244e-08, 1.16772618242e-08, 8.56255552573e-11, 4.51059458881e-12, 7.95929294695e-11, 4.45602499344e-10], "max": [1.50553882122, 54.2477531433, 92.002822876, 54.4900283813, 620.582946777, 152.835540771, 303.122406006, 1408.28393555, 782.795715332, 5279.55273438, 6615.54541016, 6518.96630859, 1981.78027344, 588.597900391, 167.736968994, 400.129180908, 115.969841003, 472.776397705, 263.339294434, 127.544494629, 126.354370117, 516.136230469, 34.6754798889, 32.7004051208, 5.59891271591, 1.55384349823, 0.699505090714, 0.244672477245, 0.280705600977, 0.43219012022, 0.0772281363606, 0.0964137762785, 0.037555128336, 0.026009619236, 0.00389887997881, 0.0020539208781, 0.000156507492648, 3.81108329748e-05, 0.000169388571521, 0.000400565942982], "mean": [0.0136582478881, 0.405208706856, 1.45910346508, 1.51446330547, 6.55962228775, 3.89315223694, 10.7805099487, 17.1066417694, 22.9015808105, 40.0111274719, 98.3502044678, 46.2233276367, 27.3528289795, 9.10680294037, 2.05971622467, 3.7372918129, 1.95648133755, 2.86523318291, 2.16690254211, 1.17617237568, 1.05535030365, 0.917212545872, 0.202498584986, 0.0926851704717, 0.0442599542439, 0.0189764462411, 0.00779366539791, 0.00443988712505, 0.00347943254746, 0.00523155834526, 0.00173038220964, 0.00173241726588, 0.000915934273507, 0.000429185776738, 0.000156321693794, 5.91365642322e-05, 1.36448261401e-05, 3.45980743077e-06, 7.96383301349e-06, 1.75362056325e-05], "median": [0.0030833594501, 0.0636756941676, 0.340376377106, 0.474110096693, 1.02990293503, 1.02820456028, 1.08696138859, 3.70893001556, 6.99127388, 4.17510032654, 7.79893398285, 3.4884428978, 1.99470376968, 1.18691444397, 0.396625995636, 0.265176475048, 0.123938858509, 0.194691151381, 0.138168007135, 0.0570757798851, 0.0404491350055, 0.0243843942881, 0.004832547158, 0.00181665271521, 0.000969413202256, 0.000491280748975, 0.000249965931289, 0.000158490322065, 0.000110380424303, 8.37628467707e-05, 6.06872636126e-05, 5.09950077685e-05, 3.82040925615e-05, 3.10404357151e-05, 2.18507175305e-05, 1.32449540615e-05, 6.92027924742e-06, 2.27376995099e-06, 3.36897755915e-06, 6.70048302709e-06], "min": [1.3174193202e-21, 1.13561913775e-20, 1.77389787091e-20, 1.95258471597e-20, 5.41965990847e-20, 9.45688064727e-20, 2.58910349313e-19, 4.79729134816e-19, 9.13381517777e-19, 5.16303287491e-19, 4.68737455438e-19, 8.65567479842e-19, 1.28199108651e-18, 2.29293886773e-18, 1.14902624914e-18, 4.65269862612e-18, 4.55200138066e-18, 6.98893750379e-18, 6.4844863703e-18, 9.52225505753e-18, 1.05285831384e-17, 6.33212176942e-18, 1.07309106891e-17, 9.11227125872e-18, 1.54262599883e-17, 1.62194765649e-17, 1.41963764207e-17, 2.21652474993e-17, 2.74601828014e-17, 1.43996014624e-17, 2.1241030329e-17, 1.62844036256e-17, 1.37998740116e-17, 1.39324991879e-17, 1.09074955519e-17, 7.09822874222e-18, 2.83631939559e-18, 1.07711416521e-18, 3.48498869339e-19, 2.85335629183e-20], "var": [0.00339396367781, 4.27061748505, 17.9560871124, 12.5874404907, 741.027832031, 79.8398971558, 1299.43347168, 3077.93530273, 2130.35961914, 42986.1992188, 110752.710938, 42892.6601562, 11616.7197266, 724.044250488, 31.7439785004, 228.645629883, 47.7279205322, 279.341766357, 82.6648635864, 30.4351348877, 17.5587368011, 72.7310028076, 0.892520546913, 0.540592432022, 0.0340823605657, 0.00597178516909, 0.000916048535146, 0.000276312639471, 0.000212899205508, 0.000745021214243, 3.69015797332e-05, 2.92532913591e-05, 8.35356240714e-06, 1.651981961e-06, 1.6185538243e-07, 1.87347701797e-08, 2.93096991122e-10, 1.12702451538e-11, 1.89228174796e-10, 1.03717512356e-09]}, "gfcc": {"mean": [-265.297424316, 224.409103394, -72.5238952637, -42.887928009, -40.2342300415, -12.3542108536, -28.5116462708, 1.26743733883, 1.39325749874, -7.94777154922, -10.9812002182, -15.0926713943, -5.07509326935], "cov": [[15657.2763672, 2703.65820312, -2926.48461914, 115.571372986, 65.1749725342, -581.076904297, -639.443359375, -382.652801514, 79.9042129517, -708.24017334, 241.599975586, -235.646087646, 251.749633789], [2703.65820312, 2506.29418945, 509.194030762, -746.776672363, 166.587753296, -189.340896606, 24.1686248779, -229.399490356, 50.0980072021, -105.407020569, -5.95067167282, -141.024459839, 27.8663730621], [-2926.48461914, 509.194030762, 1503.98571777, -125.447441101, -47.7343406677, 142.771896362, 207.528823853, -52.1951637268, -59.1378707886, 139.675201416, -69.4564056396, -14.5543241501, -49.702041626], [115.571372986, -746.776672363, -125.447441101, 723.287658691, 3.83106637001, 92.2153549194, -53.4673652649, 21.7255992889, -111.752876282, -57.0932006836, 25.4585018158, 82.4950485229, 33.4969940186], [65.1749725342, 166.587753296, -47.7343406677, 3.83106637001, 308.194274902, 32.1043357849, 44.7583236694, 40.7999992371, 34.378288269, -15.3912401199, 12.920050621, 13.0553293228, -12.5617361069], [-581.076904297, -189.340896606, 142.771896362, 92.2153549194, 32.1043357849, 208.747512817, 115.020629883, 42.2870864868, -23.5047969818, 14.1731414795, -36.7631568909, 8.45249557495, 7.1278553009], [-639.443359375, 24.1686248779, 207.528823853, -53.4673652649, 44.7583236694, 115.020629883, 273.43359375, 139.767608643, 51.3284339905, 35.2557563782, -49.1913337708, -58.7055206299, -30.2164077759], [-382.652801514, -229.399490356, -52.1951637268, 21.7255992889, 40.7999992371, 42.2870864868, 139.767608643, 223.735198975, 111.439399719, 41.8261566162, -5.06415271759, -25.7610721588, -54.188949585], [79.9042129517, 50.0980072021, -59.1378707886, -111.752876282, 34.378288269, -23.5047969818, 51.3284339905, 111.439399719, 186.633422852, 93.6260681152, 19.580488205, -42.1374855042, -39.3353309631], [-708.24017334, -105.407020569, 139.675201416, -57.0932006836, -15.3912401199, 14.1731414795, 35.2557563782, 41.8261566162, 93.6260681152, 157.428421021, 40.5420455933, -6.48827075958, -36.0462188721], [241.599975586, -5.95067167282, -69.4564056396, 25.4585018158, 12.920050621, -36.7631568909, -49.1913337708, -5.06415271759, 19.580488205, 40.5420455933, 104.188247681, 46.1789474487, -10.8954286575], [-235.646087646, -141.024459839, -14.5543241501, 82.4950485229, 13.0553293228, 8.45249557495, -58.7055206299, -25.7610721588, -42.1374855042, -6.48827075958, 46.1789474487, 117.063217163, 43.7238807678], [251.749633789, 27.8663730621, -49.702041626, 33.4969940186, -12.5617361069, 7.1278553009, -30.2164077759, -54.188949585, -39.3353309631, -36.0462188721, -10.8954286575, 43.7238807678, 103.723747253]], "icov": [[0.00095560081536, -0.00191552389879, 0.00211827317253, -0.00182914396282, 0.00140110624488, -0.000988663174212, 0.000425617647124, 0.000405583996326, -0.00141993921716, 0.00185231666546, -0.00221331138164, 0.00208711065352, -0.000632548122667], [-0.00191552389879, 0.00527263106778, -0.00510092964396, 0.00473607424647, -0.00362069834955, 0.0025243377313, -0.001281175646, 0.000841435452458, 0.00107107439544, -0.000579341431148, 0.00192881643306, -0.00212524668314, 1.66632435139e-05], [0.00211827317253, -0.00510092964396, 0.00633933674544, -0.00462021073326, 0.00367616140284, -0.00245545106009, -8.46887996886e-05, 0.0010440016631, -0.00139350513928, 0.000714285008144, -0.0021895589307, 0.00237695430405, 0.00038133902126], [-0.00182914396282, 0.00473607424647, -0.00462021073326, 0.00629708636552, -0.00331442593597, 0.00114646204747, 4.39101022494e-05, -0.00124091899488, 0.00314787658863, -0.00122210185509, 0.0016085493844, -0.00243553915061, -0.000231332567637], [0.00140110624488, -0.00362069834955, 0.00367616140284, -0.00331442593597, 0.0063302940689, -0.00246257614344, -0.000113151087135, 0.000425204314524, -0.00299623608589, 0.00283408933319, -0.00255573936738, 0.000513264210895, 0.000892861979082], [-0.000988663174212, 0.0025243377313, -0.00245545106009, 0.00114646204747, -0.00246257614344, 0.00965304486454, -0.00448038009927, 0.00074254325591, 0.00242739007808, -0.00322044198401, 0.00463584298268, -0.00376563286409, 0.000171411142219], [0.000425617647124, -0.001281175646, -8.46887996886e-05, 4.39101022494e-05, -0.000113151087135, -0.00448038009927, 0.0110795106739, -0.00778223061934, 0.00215148623101, -0.000381142657716, -0.000979584874585, 0.00576275633648, -0.00313615356572], [0.000405583996326, 0.000841435452458, 0.0010440016631, -0.00124091899488, 0.000425204314524, 0.00074254325591, -0.00778223061934, 0.0160754173994, -0.0107558863238, 0.00621229177341, -0.001424367656, -0.00237233331427, 0.00475264340639], [-0.00141993921716, 0.00107107439544, -0.00139350513928, 0.00314787658863, -0.00299623608589, 0.00242739007808, 0.00215148623101, -0.0107558863238, 0.0206721704453, -0.0153518170118, 0.00555737130344, -0.00039447133895, -0.000793384504505], [0.00185231666546, -0.000579341431148, 0.000714285008144, -0.00122210185509, 0.00283408933319, -0.00322044198401, -0.000381142657716, 0.00621229177341, -0.0153518170118, 0.0252347774804, -0.0154775055125, 0.00774063449353, -0.00184524932411], [-0.00221331138164, 0.00192881643306, -0.0021895589307, 0.0016085493844, -0.00255573936738, 0.00463584298268, -0.000979584874585, -0.001424367656, 0.00555737130344, -0.0154775055125, 0.0280958358198, -0.0175905469805, 0.00872268993407], [0.00208711065352, -0.00212524668314, 0.00237695430405, -0.00243553915061, 0.000513264210895, -0.00376563286409, 0.00576275633648, -0.00237233331427, -0.00039447133895, 0.00774063449353, -0.0175905469805, 0.0266106892377, -0.0123336752877], [-0.000632548122667, 1.66632435139e-05, 0.00038133902126, -0.000231332567637, 0.000892861979082, 0.000171411142219, -0.00313615356572, 0.00475264340639, -0.000793384504505, -0.00184524932411, 0.00872268993407, -0.0123336752877, 0.0182681847364]]}, "melbands": {"dmean": [9.6566764114e-05, 0.000254468031926, 0.000194323278265, 0.000161646792549, 5.17393928021e-05, 0.000191527724382, 0.000125743332319, 0.00019438835443, 0.000358191959094, 9.93593785097e-05, 3.73861512344e-05, 1.48480830831e-05, 3.58150396096e-06, 2.60512274508e-06, 2.11276392292e-06, 1.27043222165e-06, 2.61508535004e-06, 1.3918664763e-06, 1.08556946543e-06, 6.55053611354e-07, 5.51710513719e-07, 6.10751726526e-07, 1.77092132958e-07, 3.3322532289e-08, 3.49898279239e-08, 1.83033783685e-08, 1.30829631573e-08, 4.04796995923e-09, 2.42471465128e-09, 1.56717760991e-09, 1.11044906603e-09, 5.58036394871e-10, 1.22485688259e-09, 8.72801164675e-10, 3.17115583792e-10, 3.93801935505e-10, 4.20691370628e-10, 3.01547842252e-10, 1.38586725429e-10, 1.24984925187e-10], "dmean2": [0.000133475303301, 0.000380598270567, 0.000302784261294, 0.000244373833993, 6.22069856036e-05, 0.000320907623973, 0.00020439545915, 0.000248873198871, 0.000462944619358, 0.000134101035655, 4.46246231149e-05, 2.24027753575e-05, 5.463042271e-06, 3.67560369341e-06, 2.92340246233e-06, 1.79426069735e-06, 3.36252583111e-06, 1.9558101485e-06, 1.54783822381e-06, 1.02239687294e-06, 8.30312671951e-07, 8.47047488151e-07, 2.73931505035e-07, 4.85962559083e-08, 5.03142487673e-08, 3.01643900968e-08, 2.07961043941e-08, 6.26888407851e-09, 3.63981689233e-09, 2.34689756518e-09, 1.7407191244e-09, 9.06804298317e-10, 1.79323178529e-09, 1.25862253952e-09, 4.88590667924e-10, 5.81258263743e-10, 6.54525877941e-10, 4.77047901182e-10, 2.19481530173e-10, 1.7963543153e-10], "dvar": [1.46465779949e-07, 6.01150247803e-07, 8.59359829519e-07, 8.04980004432e-07, 3.42667370035e-08, 4.91423691074e-07, 1.33027739935e-07, 1.89423462871e-06, 2.86969111585e-06, 4.9003449476e-07, 4.23338200051e-08, 3.26875437828e-09, 2.43458558868e-10, 1.45636322446e-10, 1.04495509468e-10, 3.93723248449e-11, 4.54949966588e-10, 6.74694397573e-11, 5.630272637e-11, 2.98243617303e-11, 8.37822259486e-12, 6.30315105665e-11, 2.64628379973e-12, 3.79068894058e-14, 2.25173869893e-13, 1.23447115364e-14, 7.92283363346e-15, 3.36524681167e-16, 1.24373566649e-16, 4.31750196357e-17, 2.74423868377e-17, 5.73239473222e-18, 4.55029672685e-17, 2.72439346283e-17, 1.79196354718e-18, 2.44904439293e-18, 3.08571145514e-18, 1.75318159776e-18, 2.7638640091e-19, 2.4444208152e-19], "dvar2": [1.56769146997e-07, 9.95501864054e-07, 1.90742161976e-06, 1.74211015747e-06, 4.36703935236e-08, 1.29928400838e-06, 3.67644190646e-07, 2.99301200357e-06, 5.97994676355e-06, 1.02171622984e-06, 5.65342972436e-08, 7.73003350218e-09, 5.83012582656e-10, 2.52369181108e-10, 1.86612308939e-10, 6.40522496154e-11, 6.36839525558e-10, 1.38898767488e-10, 1.04800196299e-10, 6.95078855584e-11, 1.59543003808e-11, 1.36737912659e-10, 6.92079813597e-12, 6.77688631666e-14, 4.9893081203e-13, 3.16715478442e-14, 1.84131122215e-14, 7.37407508001e-16, 2.50989070691e-16, 9.22677290783e-17, 6.38015192897e-17, 1.45190099469e-17, 8.80399295582e-17, 5.47549559502e-17, 4.09853890091e-18, 5.40198488116e-18, 7.01378435503e-18, 4.51900845475e-18, 6.16656994502e-19, 5.22788435192e-19], "max": [0.0342575088143, 0.0634491816163, 0.029000107199, 0.0312524363399, 0.00833808165044, 0.0285362377763, 0.0108796358109, 0.0670378059149, 0.0504879206419, 0.0350254140794, 0.00983900483698, 0.00260025309399, 0.0008042754489, 0.000838826934341, 0.000538466905709, 0.00036920644925, 0.00108780607115, 0.00037527695531, 0.000351545517333, 0.000356263510184, 0.000157959293574, 0.000641767401248, 8.04075607448e-05, 1.00079150798e-05, 3.37129094987e-05, 4.79825393995e-06, 3.98612019126e-06, 5.61638728414e-07, 4.73457731687e-07, 1.9062707679e-07, 1.25736335121e-07, 1.12123053952e-07, 3.59338741873e-07, 1.88457107697e-07, 4.36407106008e-08, 4.86818763079e-08, 7.58289502301e-08, 3.37784982207e-08, 2.01253858023e-08, 2.07452579559e-08], "mean": [0.000258371146629, 0.000722539203707, 0.000427390361438, 0.000401241937652, 0.000301748863421, 0.000406182429288, 0.000336664787028, 0.000513897801284, 0.000777365057729, 0.000244024762651, 0.000127760009491, 3.46743618138e-05, 7.45149145587e-06, 7.95895539341e-06, 7.06382979843e-06, 3.52332654074e-06, 5.75205967834e-06, 3.14814838021e-06, 2.41129100687e-06, 1.57566739745e-06, 1.1202459973e-06, 1.15180193916e-06, 3.40339994409e-07, 8.40309226646e-08, 7.78637527787e-08, 3.35581304967e-08, 2.72869939977e-08, 8.10102473991e-09, 4.95983876192e-09, 3.49045237158e-09, 2.03762251516e-09, 1.38828704088e-09, 3.6253207103e-09, 2.43692421797e-09, 8.57137694155e-10, 9.81194903105e-10, 1.0777079229e-09, 7.33583804813e-10, 3.99823202324e-10, 3.27397886579e-10], "median": [4.37614944531e-05, 0.000161278047017, 0.000110915381811, 8.70514268172e-05, 3.43834253727e-05, 9.07058711164e-05, 0.000101257828646, 4.25369362347e-05, 6.11566647422e-05, 1.28798974401e-05, 7.54906068323e-06, 3.85189332519e-06, 1.01052967239e-06, 5.64478909837e-07, 3.46277033714e-07, 1.95414543214e-07, 2.86908658609e-07, 1.98207601443e-07, 1.01805404995e-07, 3.96619945775e-08, 4.14326954967e-08, 2.53030041364e-08, 4.96405716532e-09, 1.80318737719e-09, 1.12451992162e-09, 6.34536867494e-10, 4.714775792e-10, 2.66731609022e-10, 1.50570445001e-10, 1.12477839542e-10, 7.19532072813e-11, 5.60374559255e-11, 4.70221847571e-11, 3.87606995111e-11, 3.14372833321e-11, 2.61452665073e-11, 2.59103658667e-11, 2.21162203135e-11, 2.0245099e-11, 2.00826213298e-11], "min": [1.42324059932e-23, 1.17850652201e-23, 4.62684039194e-24, 4.77403197609e-24, 8.94569213154e-24, 1.14474674626e-23, 1.32656758865e-23, 6.09048108257e-24, 4.17556580579e-24, 4.85105241057e-24, 7.23123942698e-24, 1.05880950142e-23, 2.2408735889e-24, 1.2638859633e-23, 5.73936540454e-24, 1.55710445737e-23, 1.2550255565e-23, 1.10721905527e-23, 1.01177745648e-23, 1.22115115926e-23, 1.27988974226e-23, 5.31595890759e-24, 9.27674076586e-24, 9.67913398044e-24, 7.01814206407e-24, 6.78102467545e-24, 1.82619564065e-23, 8.78420204905e-24, 7.13547092422e-24, 1.4821205462e-23, 1.13108083548e-23, 1.4610570134e-23, 1.23774753052e-23, 6.96920271123e-24, 1.29053826007e-23, 1.03380907938e-23, 9.93746699424e-24, 9.9924876758e-24, 9.38543081024e-24, 1.26838665142e-23], "var": [1.67922894434e-06, 6.72388841849e-06, 1.75245213541e-06, 2.02991873266e-06, 9.94102833829e-07, 1.40206827837e-06, 4.74657355198e-07, 6.93894935466e-06, 6.94294021741e-06, 1.37923927923e-06, 2.8169961297e-07, 1.23262742235e-08, 5.40269051719e-10, 1.02986719153e-09, 7.79375508575e-10, 2.52277587709e-10, 1.40677469673e-09, 1.87300688848e-10, 1.73987393937e-10, 9.04266314605e-11, 2.18766931653e-11, 1.17044318682e-10, 4.06899861027e-12, 1.68354547425e-13, 5.55990854485e-13, 2.55577250173e-14, 1.86148060128e-14, 8.024776378e-16, 3.91835164999e-16, 1.76889662319e-16, 6.35444646426e-17, 3.07883969356e-17, 3.42261847077e-16, 1.71671476142e-16, 1.05858273455e-17, 9.83324105344e-18, 1.27735347773e-17, 6.50502236978e-18, 1.53713660082e-18, 1.09335916526e-18]}, "mfcc": {"mean": [-882.874145508, 225.021347046, 43.5593147278, -6.28690576553, -1.40369307995, -9.67745018005, -14.8117198944, -3.14772057533, 6.37467098236, 7.34279203415, 2.28125953674, 0.818902373314, -0.804716706276], "cov": [[7101.91113281, 3241.95239258, -2116.53027344, -431.696594238, 593.800109863, -253.325180054, -470.040557861, 3.42702960968, -107.508872986, -220.658554077, -289.429199219, -5.61772918701, 58.4866752625], [3241.95239258, 2637.45019531, -250.268829346, -442.102508545, 163.225006104, -46.0833282471, -195.103683472, -63.1779975891, 20.0950298309, -35.0502204895, -68.4354858398, -20.4606208801, -29.4348526001], [-2116.53027344, -250.268829346, 1568.44799805, 232.806289673, -319.179534912, 177.060760498, 195.407516479, -63.4234695435, 26.2668094635, 85.8388900757, 79.0311279297, -55.653591156, -65.2553253174], [-431.696594238, -442.102508545, 232.806289673, 354.507659912, 52.5955429077, 35.0210037231, 87.5916671753, 43.2045402527, -37.2061309814, -28.6413822174, -16.2764854431, -4.08686876297, 12.3625001907], [593.800109863, 163.225006104, -319.179534912, 52.5955429077, 241.764770508, 39.6539306641, -24.4500293732, 38.4810295105, -12.9482450485, -60.4841880798, -49.3840293884, 10.528172493, 34.5265884399], [-253.325180054, -46.0833282471, 177.060760498, 35.0210037231, 39.6539306641, 153.642349243, 86.6357574463, 3.93364977837, 11.778470993, -10.0065565109, -25.9778079987, -21.3349876404, -9.1040058136], [-470.040557861, -195.103683472, 195.407516479, 87.5916671753, -24.4500293732, 86.6357574463, 180.815658569, 97.6299514771, 32.992767334, 19.082075119, 17.6596431732, -16.2875995636, -31.7571220398], [3.42702960968, -63.1779975891, -63.4234695435, 43.2045402527, 38.4810295105, 3.93364977837, 97.6299514771, 166.638900757, 87.9654922485, 19.0453128815, 10.0835266113, -0.35583755374, -13.4306459427], [-107.508872986, 20.0950298309, 26.2668094635, -37.2061309814, -12.9482450485, 11.778470993, 32.992767334, 87.9654922485, 156.524490356, 104.944900513, 40.3249511719, 2.7989449501, -13.9735050201], [-220.658554077, -35.0502204895, 85.8388900757, -28.6413822174, -60.4841880798, -10.0065565109, 19.082075119, 19.0453128815, 104.944900513, 167.337280273, 114.884262085, 24.0805778503, -5.3461856842], [-289.429199219, -68.4354858398, 79.0311279297, -16.2764854431, -49.3840293884, -25.9778079987, 17.6596431732, 10.0835266113, 40.3249511719, 114.884262085, 168.385192871, 93.2298126221, 19.9228076935], [-5.61772918701, -20.4606208801, -55.653591156, -4.08686876297, 10.528172493, -21.3349876404, -16.2875995636, -0.35583755374, 2.7989449501, 24.0805778503, 93.2298126221, 138.46836853, 80.6860351562], [58.4866752625, -29.4348526001, -65.2553253174, 12.3625001907, 34.5265884399, -9.1040058136, -31.7571220398, -13.4306459427, -13.9735050201, -5.3461856842, 19.9228076935, 80.6860351562, 121.872390747]], "icov": [[0.00566129339859, -0.00834381952882, 0.00992935057729, -0.0118484245613, 0.0120665030554, -0.0122074056417, 0.0123902633786, -0.0101812323555, 0.00835208874196, -0.00556705705822, 0.00335228606127, -4.63487303932e-05, -0.000241275833105], [-0.00834381952882, 0.0130149871111, -0.0152893103659, 0.0190148465335, -0.0196227151901, 0.0191477518529, -0.018333978951, 0.0147553393617, -0.0115413460881, 0.00705545768142, -0.00343429995701, -0.00097799685318, 0.00106554781087], [0.00992935057729, -0.0152893103659, 0.0200594719499, -0.0241092257202, 0.0261295679957, -0.0253281276673, 0.0220440402627, -0.0161164086312, 0.0115652298555, -0.00585702387616, 0.00116911600344, 0.00324194529094, -0.0018664119998], [-0.0118484245613, 0.0190148465335, -0.0241092257202, 0.0337163023651, -0.033485930413, 0.0316943712533, -0.0292153935879, 0.0193672142923, -0.0117237064987, 0.00520148919895, 0.00041332753608, -0.00450787646696, 0.00212594517507], [0.0120665030554, -0.0196227151901, 0.0261295679957, -0.033485930413, 0.0439462549984, -0.0407415702939, 0.036059115082, -0.0278572030365, 0.0168336108327, -0.00579379871488, -0.000622588035185, 0.00496796704829, -0.0038210649509], [-0.0122074056417, 0.0191477518529, -0.0253281276673, 0.0316943712533, -0.0407415702939, 0.0521860420704, -0.0464148744941, 0.0372880548239, -0.0258286520839, 0.0127459010109, -0.000459807546576, -0.00299791689031, 0.000818972301204], [0.0123902633786, -0.018333978951, 0.0220440402627, -0.0292153935879, 0.036059115082, -0.0464148744941, 0.0565160959959, -0.0468178875744, 0.0327263101935, -0.0194989908487, 0.00656099477783, -0.000792852952145, 0.00262645538896], [-0.0101812323555, 0.0147553393617, -0.0161164086312, 0.0193672142923, -0.0278572030365, 0.0372880548239, -0.0468178875744, 0.053772971034, -0.0432077050209, 0.0296671539545, -0.016054071486, 0.00677532656118, -0.00325439497828], [0.00835208874196, -0.0115413460881, 0.0115652298555, -0.0117237064987, 0.0168336108327, -0.0258286520839, 0.0327263101935, -0.0432077050209, 0.0518529526889, -0.0421133190393, 0.0265459883958, -0.014123538509, 0.00676266057417], [-0.00556705705822, 0.00705545768142, -0.00585702387616, 0.00520148919895, -0.00579379871488, 0.0127459010109, -0.0194989908487, 0.0296671539545, -0.0421133190393, 0.0514481179416, -0.0395582467318, 0.0231210924685, -0.00991850439459], [0.00335228606127, -0.00343429995701, 0.00116911600344, 0.00041332753608, -0.000622588035185, -0.000459807546576, 0.00656099477783, -0.016054071486, 0.0265459883958, -0.0395582467318, 0.0464123748243, -0.031580965966, 0.0128578227013], [-4.63487303932e-05, -0.00097799685318, 0.00324194529094, -0.00450787646696, 0.00496796704829, -0.00299791689031, -0.000792852952145, 0.00677532656118, -0.014123538509, 0.0231210924685, -0.031580965966, 0.0353045575321, -0.0179281309247], [-0.000241275833105, 0.00106554781087, -0.0018664119998, 0.00212594517507, -0.0038210649509, 0.000818972301204, 0.00262645538896, -0.00325439497828, 0.00676266057417, -0.00991850439459, 0.0128578227013, -0.0179281309247, 0.0189406499267]]}, "spectral_contrast_coeffs": {"dmean": [0.0378451049328, 0.0357569977641, 0.027368247509, 0.0210264604539, 0.0146186742932, 0.0152943897992], "dmean2": [0.063847899437, 0.0573927313089, 0.0429433099926, 0.0331200473011, 0.0232376810163, 0.0266263987869], "dvar": [0.00095760601107, 0.00115960079711, 0.000622109160759, 0.000385269406252, 0.000185802942724, 0.000230841746088], "dvar2": [0.00273544387892, 0.00272414763458, 0.00146906694863, 0.000884177454282, 0.000415281421738, 0.000702527642716], "max": [-0.281413197517, -0.35993000865, -0.42243629694, -0.547918558121, -0.49339145422, -0.716113746166], "mean": [-0.644531548023, -0.671201884747, -0.707781732082, -0.744149982929, -0.792411208153, -0.869203567505], "median": [-0.648939490318, -0.674769818783, -0.715820789337, -0.74482434988, -0.799123942852, -0.880318403244], "min": [-0.992583036423, -0.974505484104, -0.981014668941, -0.971385121346, -0.958428144455, -0.963547468185], "var": [0.00875796377659, 0.00895687099546, 0.00812083482742, 0.00468640401959, 0.00586235430092, 0.00165655638557]}, "spectral_contrast_valleys": {"dmean": [0.353254050016, 0.287113964558, 0.27396646142, 0.236106738448, 0.171076267958, 0.289415359497], "dmean2": [0.590006