{"lowlevel": {"average_loudness": 0.889187097549, "barkbands_crest": {"dmean": 3.13619613647, "dmean2": 5.0423707962, "dvar": 10.6502904892, "dvar2": 26.9234657288, "max": 26.4577159882, "mean": 15.4558639526, "median": 15.2398405075, "min": 2.94686031342, "var": 34.7874717712}, "barkbands_flatness_db": {"dmean": 0.0386288017035, "dmean2": 0.0580681823194, "dvar": 0.00179854047019, "dvar2": 0.00379886268638, "max": 0.512382268906, "mean": 0.208587795496, "median": 0.201504036784, "min": 0.0284585487098, "var": 0.00779830804095}, "barkbands_kurtosis": {"dmean": 5.34854459763, "dmean2": 8.35916042328, "dvar": 88.5537719727, "dvar2": 207.697097778, "max": 171.215377808, "mean": 8.02836227417, "median": 3.03518867493, "min": -1.81337440014, "var": 193.94833374}, "barkbands_skewness": {"dmean": 0.780826628208, "dmean2": 1.18148899078, "dvar": 0.707720696926, "dvar2": 1.61122584343, "max": 10.7552928925, "mean": 1.81656527519, "median": 1.4859534502, "min": -3.26881933212, "var": 3.21090912819}, "barkbands_spread": {"dmean": 6.17062997818, "dmean2": 9.91020011902, "dvar": 68.3559112549, "dvar2": 163.833648682, "max": 119.842498779, "mean": 16.0995159149, "median": 13.2730827332, "min": 0.281742632389, "var": 138.961761475}, "dissonance": {"dmean": 0.0300795063376, "dmean2": 0.0476503111422, "dvar": 0.000934579526074, "dvar2": 0.00219685793854, "max": 0.5, "mean": 0.419348150492, "median": 0.430734395981, "min": 0.110925137997, "var": 0.00336817814969}, "dynamic_complexity": 3.45401096344, "erbbands_crest": {"dmean": 3.28190493584, "dmean2": 4.86198329926, "dvar": 12.8003196716, "dvar2": 26.8896827698, "max": 33.7028007507, "mean": 14.8879737854, "median": 13.7748403549, "min": 2.30034160614, "var": 50.0657463074}, "erbbands_flatness_db": {"dmean": 0.0272846519947, "dmean2": 0.0390885397792, "dvar": 0.00110600318294, "dvar2": 0.00214048544876, "max": 0.522511780262, "mean": 0.200205683708, "median": 0.19278177619, "min": 0.0438053160906, "var": 0.00577912572771}, "erbbands_kurtosis": {"dmean": 2.55085778236, "dmean2": 3.9718439579, "dvar": 27.836315155, "dvar2": 67.8154373169, "max": 110.818832397, "mean": 3.2175655365, "median": 1.17347145081, "min": -1.75191986561, "var": 50.4957122803}, "erbbands_skewness": {"dmean": 0.521015763283, "dmean2": 0.807487130165, "dvar": 0.35246950388, "dvar2": 0.842431306839, "max": 7.99137353897, "mean": 0.755044221878, "median": 0.595422029495, "min": -2.79371762276, "var": 1.33622825146}, "erbbands_spread": {"dmean": 9.10973072052, "dmean2": 14.1150636673, "dvar": 122.294692993, "dvar2": 291.394042969, "max": 133.22869873, "mean": 27.6138648987, "median": 23.8175830841, "min": 0.558015942574, "var": 307.792724609}, "hfc": {"dmean": 11.9165143967, "dmean2": 16.8939628601, "dvar": 374.749542236, "dvar2": 910.50970459, "max": 216.287246704, "mean": 21.980260849, "median": 14.7045307159, "min": 1.18437731809e-16, "var": 521.489318848}, "melbands_crest": {"dmean": 3.36220049858, "dmean2": 5.35934019089, "dvar": 11.250328064, "dvar2": 29.4041900635, "max": 33.9837303162, "mean": 18.2984657288, "median": 18.6585235596, "min": 1.57956290245, "var": 41.1330795288}, "melbands_flatness_db": {"dmean": 0.0454703457654, "dmean2": 0.0686929523945, "dvar": 0.00253708916716, "dvar2": 0.00547616649419, "max": 0.655370652676, "mean": 0.288834810257, "median": 0.286669462919, "min": 0.00308618322015, "var": 0.0121746370569}, "melbands_kurtosis": {"dmean": 10.3525285721, "dmean2": 15.9743118286, "dvar": 320.358276367, "dvar2": 714.348327637, "max": 368.255432129, "mean": 17.6456432343, "median": 7.67797470093, "min": -1.77346396446, "var": 802.88067627}, "melbands_skewness": {"dmean": 1.00385892391, "dmean2": 1.52358794212, "dvar": 1.14952158928, "dvar2": 2.56905865669, "max": 16.8110141754, "mean": 2.69452261925, "median": 2.21510505676, "min": -2.62810182571, "var": 5.0288643837}, "melbands_spread": {"dmean": 6.40133476257, "dmean2": 10.3245248795, "dvar": 80.7832641602, "dvar2": 195.91557312, "max": 150.191940308, "mean": 18.9988899231, "median": 13.4514656067, "min": 0.604567527771, "var": 456.34866333}, "pitch_salience": {"dmean": 0.0729394629598, "dmean2": 0.114700958133, "dvar": 0.00587634462863, "dvar2": 0.0143501348794, "max": 0.939512372017, "mean": 0.388008892536, "median": 0.390065938234, "min": 0.0801885128021, "var": 0.0196972284466}, "silence_rate_20dB": {"dmean": 0.00486174412072, "dmean2": 0.00972496625036, "dvar": 0.00483788596466, "dvar2": 0.0132765574381, "max": 1, "mean": 0.996658086777, "median": 1, "min": 0, "var": 0.00333087402396}, "silence_rate_30dB": {"dmean": 0.0850805193186, "dmean2": 0.170186907053, "dvar": 0.0778391137719, "dvar2": 0.160071894526, "max": 1, "mean": 0.785660028458, "median": 1, "min": 0, "var": 0.168397858739}, "silence_rate_60dB": {"dmean": 0.019750835374, "dmean2": 0.0395076721907, "dvar": 0.0193598847836, "dvar2": 0.0431098155677, "max": 1, "mean": 0.0715479254723, "median": 0, "min": 0, "var": 0.0664317160845}, "spectral_centroid": {"dmean": 277.886383057, "dmean2": 449.144683838, "dvar": 150069.046875, "dvar2": 350881.28125, "max": 10763.5302734, "mean": 1161.82995605, "median": 971.81072998, "min": 176.638137817, "var": 485220.28125}, "spectral_complexity": {"dmean": 3.42418718338, "dmean2": 4.77435016632, "dvar": 21.0100917816, "dvar2": 39.2746391296, "max": 56, "mean": 13.1695280075, "median": 12, "min": 0, "var": 62.5340919495}, "spectral_decrease": {"dmean": 7.09772640661e-09, "dmean2": 1.03975246191e-08, "dvar": 1.15854307789e-16, "dvar2": 2.58253781112e-16, "max": 2.65202065998e-18, "mean": -1.56247175198e-08, "median": -8.72002292596e-09, "min": -1.10769391881e-07, "var": 3.11973378251e-16}, "spectral_energy": {"dmean": 0.0275270342827, "dmean2": 0.0401519089937, "dvar": 0.00168989598751, "dvar2": 0.0037562395446, "max": 0.422405064106, "mean": 0.0609649047256, "median": 0.0347796157002, "min": 1.06392600466e-20, "var": 0.00458638789132}, "spectral_energyband_high": {"dmean": 0.000758072943427, "dmean2": 0.00128363748081, "dvar": 3.36359698849e-06, "dvar2": 8.94103231985e-06, "max": 0.023945806548, "mean": 0.000734386383556, "median": 0.000128996660351, "min": 7.64052918545e-21, "var": 2.66917072622e-06}, "spectral_energyband_low": {"dmean": 0.023020548746, "dmean2": 0.0352918691933, "dvar": 0.00153384392615, "dvar2": 0.0035493853502, "max": 0.396100968122, "mean": 0.0437093600631, "median": 0.016079088673, "min": 3.60720722191e-23, "var": 0.00375696457922}, "spectral_energyband_middle_high": {"dmean": 0.0028871211689, "dmean2": 0.00389003450982, "dvar": 3.00995106954e-05, "dvar2": 5.66651178815e-05, "max": 0.0862686038017, "mean": 0.00553781725466, "median": 0.00265325559303, "min": 1.41298220793e-21, "var": 6.20832506684e-05}, "spectral_energyband_middle_low": {"dmean": 0.00561661738902, "dmean2": 0.00765029806644, "dvar": 7.561185339e-05, "dvar2": 0.000163810138474, "max": 0.106383673847, "mean": 0.0120345139876, "median": 0.00825137551874, "min": 4.89326809681e-22, "var": 0.000145837824675}, "spectral_entropy": {"dmean": 0.322697341442, "dmean2": 0.474557518959, "dvar": 0.173527270555, "dvar2": 0.3658849895, "max": 9.80344581604, "mean": 7.06276893616, "median": 7.10849142075, "min": 4.50266599655, "var": 0.621828734875}, "spectral_flux": {"dmean": 0.0450603067875, "dmean2": 0.0715125128627, "dvar": 0.00333662331104, "dvar2": 0.00773613993078, "max": 0.503293693066, "mean": 0.0947498455644, "median": 0.0713742747903, "min": 1.03146789721e-10, "var": 0.0061829611659}, "spectral_kurtosis": {"dmean": 4.32536125183, "dmean2": 7.0568728447, "dvar": 41.9866905212, "dvar2": 104.506713867, "max": 123.63809967, "mean": 8.39420795441, "median": 5.56276512146, "min": -1.19159924984, "var": 81.4606246948}, "spectral_rms": {"dmean": 0.00156273995526, "dmean2": 0.0022078754846, "dvar": 3.50569030161e-06, "dvar2": 7.41211579225e-06, "max": 0.0203003082424, "mean": 0.006606252864, "median": 0.0058250608854, "min": 3.2217644351e-12, "var": 1.58352686412e-05}, "spectral_rolloff": {"dmean": 389.553161621, "dmean2": 689.612426758, "dvar": 748472.8125, "dvar2": 1781102, "max": 19358.3496094, "mean": 1276.71911621, "median": 667.529296875, "min": 64.599609375, "var": 6797343.5}, "spectral_skewness": {"dmean": 0.470372110605, "dmean2": 0.74503839016, "dvar": 0.337381988764, "dvar2": 0.841091692448, "max": 8.83028125763, "mean": 2.01299786568, "median": 1.86869990826, "min": 0.0239768624306, "var": 0.725830852985}, "spectral_spread": {"dmean": 903597.5625, "dmean2": 1370640.125, "dvar": 1348907171840.0, "dvar2": 2846969823230.0, "max": 40776932, "mean": 4376358.5, "median": 3975780.5, "min": 724278.875, "var": 4518908002300.0}, "spectral_strongpeak": {"dmean": 0.661010086536, "dmean2": 1.046402812, "dvar": 1.24941575527, "dvar2": 2.96578407288, "max": 9.19220542908, "mean": 1.22019946575, "median": 0.714679121971, "min": 0, "var": 1.99847960472}, "zerocrossingrate": {"dmean": 0.00964084733278, "dmean2": 0.011704207398, "dvar": 0.000157639238751, "dvar2": 0.000199254529434, "max": 0.52197265625, "mean": 0.0490943305194, "median": 0.0341796875, "min": 0.00244140625, "var": 0.00483571505174}, "barkbands": {"dmean": [0.000359178346116, 0.0210760552436, 0.00330522912554, 0.000972048321273, 0.00070244766539, 0.00061731407186, 0.000952168484218, 0.00114255596418, 0.00220232643187, 0.00122701167129, 0.000644782441668, 0.000187955345609, 0.000740608316846, 0.000181843250175, 0.000236583946389, 0.00013407615188, 0.000202105555218, 0.000122831799672, 0.000196123030037, 0.000126857921714, 7.50119506847e-05, 0.000281192158582, 0.000109467146103, 9.32245529839e-05, 0.000106254134153, 6.70605149935e-05, 2.27394011745e-05], "dmean2": [0.000621652288828, 0.032849278301, 0.00541739165783, 0.00168965163175, 0.00111265073065, 0.000835564511362, 0.00134305213578, 0.00154744798783, 0.00272223656066, 0.00158820394427, 0.000838030828163, 0.000282865104964, 0.00104809738696, 0.000265001464868, 0.000358150602551, 0.000200916809263, 0.000321249914123, 0.000198769601411, 0.000338445010129, 0.000213763560168, 0.000117894880532, 0.00051442196127, 0.000182193092769, 0.000158388153068, 0.000184833319508, 0.000118516130897, 4.06400613429e-05], "dvar": [6.55745338918e-07, 0.00139131548349, 8.19053675514e-05, 1.00895495052e-05, 2.74203421213e-06, 1.04019341052e-06, 5.46344153918e-06, 1.01896039268e-05, 3.03827728203e-05, 1.95779521164e-05, 8.16475494503e-06, 2.9944001767e-07, 4.29966121374e-06, 1.62494842471e-07, 3.32789369395e-07, 7.98715760197e-08, 1.29593104248e-07, 4.87346127898e-08, 1.86558665405e-07, 2.00609136414e-07, 2.03173957658e-08, 1.29547470351e-06, 6.64184156562e-08, 6.89687951194e-08, 8.16006959781e-08, 5.14237896709e-08, 7.95894283812e-09], "dvar2": [2.02062096832e-06, 0.00328546646051, 0.000193919346202, 2.75086476904e-05, 6.59259694658e-06, 1.77434424131e-06, 1.01467894638e-05, 2.10579764826e-05, 5.98935657763e-05, 4.01479774155e-05, 1.43635497807e-05, 6.43475061679e-07, 8.6279842435e-06, 3.37000898298e-07, 7.0630449045e-07, 1.72853347635e-07, 3.02995204038e-07, 1.13916136968e-07, 4.96085135637e-07, 5.4864744925e-07, 4.733159642e-08, 3.7514403175e-06, 1.73919275426e-07, 1.82031854479e-07, 2.19670354795e-07, 1.40070127941e-07, 2.18179021516e-08], "max": [0.0120535232127, 0.388578236103, 0.121160462499, 0.0410283282399, 0.0219259057194, 0.0177111811936, 0.0395114272833, 0.0567348487675, 0.0919461175799, 0.0533208735287, 0.0514023154974, 0.0105692334473, 0.0335012823343, 0.00971096381545, 0.0141962384805, 0.00808611232787, 0.00621276441962, 0.00246320897713, 0.00430357363075, 0.00815519783646, 0.00177175446879, 0.0182819180191, 0.00229002651758, 0.00328651326708, 0.00526727922261, 0.00363117922097, 0.00177410978358], "mean": [0.000551941455342, 0.0390091873705, 0.00374216306955, 0.000845338217914, 0.00126600358635, 0.0011620875448, 0.00172426260542, 0.00217184005305, 0.00375908985734, 0.00189290544949, 0.00101955013815, 0.000273676181678, 0.0013244682923, 0.000329345435603, 0.00029680976877, 0.000181414114195, 0.000288653827738, 0.000139233350637, 0.000192962543224, 0.000140038479003, 9.96299495455e-05, 0.000199599773623, 9.85748920357e-05, 8.92464086064e-05, 9.75665170699e-05, 5.22036243638e-05, 1.71429237525e-05], "median": [0.000156404246809, 0.01328354422, 0.000750237202737, 0.000137021401315, 0.000328073394485, 0.000537844607607, 0.000588680675719, 0.000588418217376, 0.000918684818316, 0.000117766139738, 0.000108887761598, 4.89347330586e-05, 0.000146205828059, 5.70894735574e-05, 2.8457487133e-05, 3.37760648108e-05, 0.00012347351003, 3.96177420043e-05, 5.2512743423e-05, 2.41671023105e-05, 2.1712787202e-05, 1.82092862815e-05, 1.14049389595e-05, 6.56217207506e-06, 5.38327731192e-06, 2.23010829359e-06, 4.29290338388e-07], "min": [3.39011743396e-23, 6.06514839232e-24, 1.33963096747e-23, 1.21954164635e-23, 6.29043807384e-23, 1.34798039751e-22, 7.70492436815e-23, 2.83581327485e-23, 1.67472039978e-22, 2.77728295113e-23, 1.11494533253e-22, 8.60609256055e-23, 9.4345271464e-23, 1.17209773713e-22, 1.67214959676e-22, 1.40211165417e-22, 1.92805077327e-22, 1.79864502063e-22, 1.37773673573e-22, 3.15568722113e-22, 2.52315178916e-22, 5.19363401778e-22, 6.92388997285e-22, 8.01974726961e-22, 1.27504873008e-21, 1.6970246404e-21, 2.62302708286e-21], "var": [8.6722030801e-07, 0.00324781914242, 9.67736195889e-05, 7.32263197278e-06, 6.32294268144e-06, 3.23401854985e-06, 1.23400823213e-05, 2.09484787774e-05, 5.97057587584e-05, 3.31464034389e-05, 1.4557722352e-05, 4.36691919958e-07, 1.05120698208e-05, 4.93072604968e-07, 6.43978580683e-07, 1.40400331361e-07, 1.84999791486e-07, 5.87315902578e-08, 1.72667725451e-07, 1.63619958471e-07, 3.41259394077e-08, 7.28712052478e-07, 5.42425944161e-08, 5.51994610021e-08, 6.45455386916e-08, 3.54944589276e-08, 5.37618172203e-09]}, "erbbands": {"dmean": [0.551960408688, 4.97234964371, 5.26334905624, 3.01065444946, 2.86216902733, 2.3100335598, 3.2219991684, 5.7854809761, 11.8694534302, 22.6622753143, 22.1926727295, 59.5702095032, 41.6159133911, 21.9292812347, 26.686624527, 10.2580032349, 36.157409668, 10.1154928207, 10.9642457962, 10.5753412247, 7.58057403564, 9.38389492035, 7.84018421173, 10.6900510788, 7.68517494202, 5.92542791367, 3.89184260368, 4.20063114166, 11.366361618, 5.80071544647, 2.59357023239, 1.84749245644, 1.61326777935, 1.39569997787, 0.663892686367, 0.303212851286, 0.12224086374, 0.0291712824255, 0.00413936143741, 0.000200691938517], "dmean2": [0.886124432087, 7.67758798599, 8.22546768188, 5.194480896, 4.86864042282, 3.49991846085, 4.3134021759, 8.00029945374, 16.3748950958, 31.4986152649, 30.055639267, 72.7272872925, 54.1330718994, 27.9677963257, 34.75182724, 14.9579677582, 51.0385818481, 14.8069572449, 16.0449333191, 15.9163656235, 11.4903678894, 14.8645210266, 12.5410585403, 18.380399704, 13.1240301132, 9.88351631165, 6.34011793137, 7.17210245132, 20.9831466675, 9.97772216797, 4.32762050629, 3.07559108734, 2.74569702148, 2.42969250679, 1.15971446037, 0.537054777145, 0.216685786843, 0.051375631243, 0.00742525886744, 0.000343290827004], "dvar": [1.00863218307, 79.9700698853, 143.556518555, 88.2847290039, 76.2159042358, 25.8087921143, 40.5747299194, 99.15574646, 1085.67834473, 3945.31640625, 2445.1159668, 23699.4609375, 21116.2207031, 9567.22167969, 14526.1669922, 546.559265137, 10503.3681641, 406.487548828, 639.40032959, 580.100463867, 213.98538208, 316.389190674, 177.024398804, 679.018005371, 423.288604736, 407.614105225, 88.10912323, 132.38168335, 2718.90820312, 262.460266113, 40.7872657776, 27.3076705933, 20.1257705688, 13.5173950195, 3.69875311852, 1.03418624401, 0.170943453908, 0.0100083565339, 0.000295326783089, 4.47740262643e-07], "dvar2": [2.74934029579, 178.622573853, 312.446868896, 245.054840088, 201.601791382, 54.7461051941, 59.7897148132, 184.671707153, 1929.85107422, 8181.87890625, 5473.48046875, 45933.2304688, 46342.1367188, 16567.7734375, 25367.1542969, 1138.67858887, 21302.9199219, 875.57421875, 1261.57666016, 1343.06396484, 485.752685547, 747.854980469, 379.293243408, 1881.91516113, 1147.96105957, 1094.80041504, 228.705490112, 367.468841553, 7921.07519531, 731.06072998, 104.472129822, 70.7693939209, 53.7376403809, 36.5112953186, 10.0123462677, 2.80967116356, 0.468989491463, 0.027169816196, 0.000818605476525, 1.22202925468e-06], "max": [9.68774604797, 98.3957672119, 152.158035278, 133.10345459, 96.3419418335, 90.6328353882, 147.838363647, 215.166366577, 701.156188965, 1076.39111328, 668.754577637, 2608.15820312, 2032.29968262, 2028.11169434, 1769.17370605, 309.727020264, 1685.36706543, 422.192657471, 880.41607666, 491.973114014, 280.563293457, 417.016204834, 126.821144104, 338.626647949, 269.58782959, 346.013122559, 152.498916626, 176.293899536, 895.991455078, 259.531402588, 68.5406723022, 64.8074264526, 59.3644790649, 57.1579933167, 38.8802261353, 19.0377979279, 5.75195503235, 1.76035940647, 0.302728414536, 0.0106538878754], "mean": [0.940361380577, 9.2084274292, 7.97401571274, 2.99545884132, 2.90556097031, 4.6093583107, 7.11210346222, 10.7342720032, 21.5886745453, 44.1713562012, 42.0233879089, 104.059417725, 65.168258667, 38.6622848511, 39.5411529541, 18.3090667725, 64.9686431885, 19.9508056641, 16.3600902557, 13.3512468338, 11.221203804, 13.2726984024, 10.1587266922, 10.7843351364, 7.36277198792, 6.42145109177, 4.97902107239, 4.33396625519, 7.82897424698, 4.7312130928, 2.4020884037, 1.73252749443, 1.56511294842, 1.33545386791, 0.548311531544, 0.236639499664, 0.0945605263114, 0.0226397272199, 0.00309369922616, 0.000205897085834], "median": [0.334437727928, 2.92396354675, 2.34849405289, 0.743406891823, 0.670149564743, 1.17850315571, 2.60287380219, 5.14907312393, 6.70241880417, 16.1534881592, 16.0182552338, 27.7945365906, 10.3305244446, 4.20016384125, 6.18319940567, 5.74360322952, 8.40358829498, 5.58068370819, 3.71617627144, 2.36672091484, 3.99878764153, 5.41123628616, 3.80181026459, 3.25775623322, 1.50279378891, 1.21423196793, 1.04790198803, 0.836637020111, 0.682747244835, 0.518910706043, 0.271932005882, 0.157337456942, 0.0967661216855, 0.0639968290925, 0.0303439125419, 0.0111654140055, 0.00410087639466, 0.000735907931812, 0.000113784823043, 6.28556954325e-05], "min": [3.8842912701e-22, 8.12927852371e-22, 8.33233167412e-21, 4.1208574229e-20, 1.76925544897e-19, 1.64856992684e-19, 5.19652334996e-19, 1.22023595333e-18, 1.29717460704e-18, 7.15274707902e-19, 9.5038926819e-19, 4.28002687679e-18, 1.57144815602e-18, 1.69109735009e-18, 5.11245346879e-18, 3.62830202551e-18, 4.01145043088e-18, 4.94946580089e-18, 8.25147568043e-18, 7.47094143699e-18, 1.16712115591e-17, 9.78058604437e-18, 1.02129938824e-17, 6.8184233195e-18, 8.72222085832e-18, 1.54154752075e-17, 9.2247049563e-18, 1.34599557194e-17, 2.05870414844e-17, 1.47778546129e-17, 2.32115168232e-17, 1.59839286137e-17, 1.5109249636e-17, 1.18455150578e-17, 9.71092089318e-18, 7.55910482821e-18, 3.03431665573e-18, 1.1566269016e-18, 4.03215807034e-19, 3.56587060755e-20], "var": [1.92477726936, 192.419570923, 231.909179688, 63.5046577454, 63.6902160645, 90.9762191772, 173.967681885, 259.574676514, 2527.97412109, 7754.28222656, 4364.94091797, 47388.078125, 33630.0546875, 19034.9414062, 24667.1054688, 1027.3651123, 25204.7636719, 1228.94262695, 1390.85717773, 941.678588867, 371.871459961, 446.833770752, 246.791305542, 536.76159668, 370.354888916, 339.954650879, 103.548233032, 102.773422241, 1496.14660645, 174.432174683, 35.0673484802, 22.5020484924, 16.4254188538, 11.4143533707, 2.67650723457, 0.7204439044, 0.115567401052, 0.00700251013041, 0.000192379695363, 3.19738688859e-07]}, "gfcc": {"mean": [-50.3161125183, 102.839874268, -105.434432983, 19.7250003815, -48.7793273926, 11.0948858261, -14.3510198593, 23.3596839905, -0.911609530449, 10.2920093536, -4.29694700241, 3.87864041328, -11.0471458435], "cov": [[27360.484375, 1594.49816895, 814.765869141, 621.777832031, -194.796478271, 1460.86877441, -200.774047852, 290.260131836, -310.739776611, 345.969146729, -433.905639648, -82.0995864868, -292.334960938], [1594.49816895, 3368.84838867, 72.1290130615, 13.7340888977, 289.699798584, -398.13885498, 426.901824951, -78.6005477905, 148.419082642, -314.327697754, 236.160430908, 15.2571773529, 68.737991333], [814.765869141, 72.1290130615, 964.933288574, 291.074188232, 245.146789551, 207.70123291, 28.7747707367, -15.7662324905, -106.839057922, 10.4919023514, -40.8755836487, -16.1761417389, -4.02733469009], [621.777832031, 13.7340888977, 291.074188232, 466.361968994, 102.471183777, 85.4173126221, 52.9541473389, -46.9688873291, -43.4288215637, 16.9895057678, -12.9947872162, -41.0936088562, -14.269865036], [-194.796478271, 289.699798584, 245.146789551, 102.471183777, 460.198791504, 147.210342407, 14.8303565979, -96.5926208496, -73.386505127, -5.24252271652, 18.9299507141, -48.3789596558, -30.2311897278], [1460.86877441, -398.13885498, 207.70123291, 85.4173126221, 147.210342407, 478.53427124, -35.5258255005, -19.401309967, -154.792297363, 94.6222000122, -36.1123390198, -47.8745002747, -28.5302696228], [-200.774047852, 426.901824951, 28.7747707367, 52.9541473389, 14.8303565979, -35.5258255005, 345.791137695, 63.3892669678, -23.2687339783, -143.230651855, 31.8341732025, 14.4228067398, 43.1901931763], [290.260131836, -78.6005477905, -15.7662324905, -46.9688873291, -96.5926208496, -19.401309967, 63.3892669678, 232.493179321, 88.6602172852, -16.6238651276, -24.7947750092, 0.944714725018, 10.4351186752], [-310.739776611, 148.419082642, -106.839057922, -43.4288215637, -73.386505127, -154.792297363, -23.2687339783, 88.6602172852, 318.162658691, 37.9115638733, -22.925037384, 30.0535793304, -7.51776456833], [345.969146729, -314.327697754, 10.4919023514, 16.9895057678, -5.24252271652, 94.6222000122, -143.230651855, -16.6238651276, 37.9115638733, 221.479736328, 31.743680954, -23.7415504456, -14.8268718719], [-433.905639648, 236.160430908, -40.8755836487, -12.9947872162, 18.9299507141, -36.1123390198, 31.8341732025, -24.7947750092, -22.925037384, 31.743680954, 157.250320435, 6.88376903534, 27.3251590729], [-82.0995864868, 15.2571773529, -16.1761417389, -41.0936088562, -48.3789596558, -47.8745002747, 14.4228067398, 0.944714725018, 30.0535793304, -23.7415504456, 6.88376903534, 119.841346741, 42.5470352173], [-292.334960938, 68.737991333, -4.02733469009, -14.269865036, -30.2311897278, -28.5302696228, 43.1901931763, 10.4351186752, -7.51776456833, -14.8268718719, 27.3251590729, 42.5470352173, 182.555343628]], "icov": [[8.67265407578e-05, -0.000193252126337, 2.90472999041e-05, -0.000128875501105, 0.000226269228733, -0.000336246332154, 0.000156966852956, -0.000237739863223, 0.000219256602577, -0.000279647210846, 0.000426835176768, -0.00019808205252, 0.000132179135107], [-0.000193252126337, 0.000995314330794, -0.000190198334167, 0.000380631332519, -0.000810196099337, 0.000971309898887, -0.000748951686546, 0.000907803187147, -0.00105814426206, 0.0013440042967, -0.0018280132208, 0.000751118524931, -0.000351599883288], [2.90472999041e-05, -0.000190198334167, 0.00158950733021, -0.000900182581972, -0.000558372936212, -0.000371112342691, 0.000217572320253, -0.00066162814619, 0.000579893414397, -0.00036608290975, 0.000733122229576, -0.00069206795888, -3.55796437361e-05], [-0.000128875501105, 0.000380631332519, -0.000900182581972, 0.00314922165126, -0.000334540847689, 0.000517110456713, -0.00118455209304, 0.00126652116887, -0.000580163148697, -7.86118689575e-05, -0.000399430980906, 0.00123094290029, -0.000147495549754], [0.000226269228733, -0.000810196099337, -0.000558372936212, -0.000334540847689, 0.00400158530101, -0.00199621729553, 0.000531765050255, 0.000638299970888, 0.000212516388274, -0.000150241874508, 0.000656557211187, 0.000482055475004, 0.000603251741268], [-0.000336246332154, 0.000971309898887, -0.000371112342691, 0.000517110456713, -0.00199621729553, 0.0051732910797, -0.00129922362976, 0.000250737502938, 0.00110911368392, -0.00128502619918, -0.000270103599178, 0.000777876761276, -0.000300533080008], [0.000156966852956, -0.000748951686546, 0.000217572320253, -0.00118455209304, 0.000531765050255, -0.00129922362976, 0.00561772659421, -0.00217867316678, 0.000592529948335, 0.00272085377946, -0.000696495932061, -0.000567570445128, -0.000392043177271], [-0.000237739863223, 0.000907803187147, -0.00066162814619, 0.00126652116887, 0.000638299970888, 0.000250737502938, -0.00217867316678, 0.00716074369848, -0.0030661218334, 0.00150592904538, -0.00125813717023, 0.00200776639394, -0.000670675188303], [0.000219256602577, -0.00105814426206, 0.000579893414397, -0.000580163148697, 0.000212516388274, 0.00110911368392, 0.000592529948335, -0.0030661218334, 0.00641680927947, -0.00394015666097, 0.00359728606418, -0.00226817489602, 0.000894999946468], [-0.000279647210846, 0.0013440042967, -0.00036608290975, -7.86118689575e-05, -0.000150241874508, -0.00128502619918, 0.00272085377946, 0.00150592904538, -0.00394015666097, 0.0110831987113, -0.00625877454877, 0.00248487782665, -0.000828011892736], [0.000426835176768, -0.0018280132208, 0.000733122229576, -0.000399430980906, 0.000656557211187, -0.000270103599178, -0.000696495932061, -0.00125813717023, 0.00359728606418, -0.00625877454877, 0.0121257705614, -0.00209060194902, -2.7967917049e-05], [-0.00019808205252, 0.000751118524931, -0.00069206795888, 0.00123094290029, 0.000482055475004, 0.000777876761276, -0.000567570445128, 0.00200776639394, -0.00226817489602, 0.00248487782665, -0.00209060194902, 0.0110514210537, -0.00245250528678], [0.000132179135107, -0.000351599883288, -3.55796437361e-05, -0.000147495549754, 0.000603251741268, -0.000300533080008, -0.000392043177271, -0.000670675188303, 0.000894999946468, -0.000828011892736, -2.7967917049e-05, -0.00245250528678, 0.00653893314302]]}, "melbands": {"dmean": [0.00557050714269, 0.00407521938905, 0.000531621742994, 0.000170687766513, 0.000112937879749, 0.000132288041641, 0.000181197960046, 0.000257920299191, 0.000222662216402, 0.00035270745866, 0.000198574998649, 8.58917410369e-05, 8.89582734089e-05, 3.36737430189e-05, 5.99304839852e-05, 6.09735907346e-05, 1.71651263372e-05, 1.74026336026e-05, 1.79701200977e-05, 1.14258027679e-05, 9.20392722037e-06, 9.92319837678e-06, 1.05404096757e-05, 5.67595816392e-06, 9.57478459895e-06, 5.30038278157e-06, 4.99578572999e-06, 4.02412524636e-06, 2.79713208329e-06, 1.91158778762e-06, 2.47247203333e-06, 8.05976196716e-06, 4.09230005971e-06, 2.79408573078e-06, 1.53553230575e-06, 1.20201832488e-06, 1.0993522892e-06, 1.09165534923e-06, 1.19802166409e-06, 1.23526967855e-06], "dmean2": [0.00873385369778, 0.00618757586926, 0.000907146197278, 0.000280944281258, 0.000151506523252, 0.000181287934538, 0.000250966782914, 0.000354273972334, 0.000294969097013, 0.000431866792496, 0.00025998079218, 0.000110056687845, 0.000115494942293, 4.76771820104e-05, 8.50379219628e-05, 8.69092837092e-05, 2.56506918959e-05, 2.5570330763e-05, 2.74027661362e-05, 1.71339834196e-05, 1.44322975757e-05, 1.59527571668e-05, 1.68904934981e-05, 9.22096933209e-06, 1.6676791347e-05, 9.02990086615e-06, 8.56924452819e-06, 6.76850140735e-06, 4.66879146188e-06, 3.00930946651e-06, 4.31584157923e-06, 1.50912565005e-05, 7.29391422283e-06, 4.72744159197e-06, 2.58724048763e-06, 2.00444719667e-06, 1.86050715456e-06, 1.88189187611e-06, 2.03897138817e-06, 2.18595869228e-06], "dvar": [9.80584227364e-05, 5.75854501221e-05, 2.73958562502e-06, 1.81842821689e-07, 4.7712898521e-08, 5.16427007824e-08, 2.27849085377e-07, 5.56721204248e-07, 2.57739515064e-07, 7.88883824043e-07, 5.29475641997e-07, 1.75635676669e-07, 1.79146454116e-07, 1.98908320925e-08, 2.98462765613e-08, 2.98811038135e-08, 1.36586553179e-09, 1.6868075825e-09, 2.07564854193e-09, 6.54575671444e-10, 3.41603773046e-10, 4.13881345862e-10, 3.83900911061e-10, 1.10681762366e-10, 6.00970051501e-10, 2.21504592446e-10, 1.66602953655e-10, 3.11302816858e-10, 8.49489575905e-11, 1.30031263534e-11, 5.28200469474e-11, 1.87095960946e-09, 3.23322729701e-10, 5.41577060975e-11, 1.52265804132e-11, 1.15715119778e-11, 1.01823870516e-11, 1.02004177674e-11, 9.57941625329e-12, 1.121827891e-11], "dvar2": [0.000245263479883, 0.000122499928693, 7.47776311982e-06, 4.66590591941e-07, 7.44370467487e-08, 9.42883033872e-08, 4.13492500684e-07, 1.14448971544e-06, 5.53702591333e-07, 1.54633494276e-06, 1.15582133731e-06, 3.0407446161e-07, 3.20083159977e-07, 3.55438665167e-08, 6.0299889526e-08, 5.91464939248e-08, 3.06836867026e-09, 3.35626126891e-09, 4.52921300464e-09, 1.44825884618e-09, 8.30791768713e-10, 1.02304842375e-09, 8.48371095596e-10, 2.67995625691e-10, 1.67763714032e-09, 5.84771675527e-10, 4.52313186905e-10, 8.5754398027e-10, 2.32507207931e-10, 3.0376270943e-11, 1.4812824578e-10, 5.47686118679e-09, 9.3752372532e-10, 1.48552004031e-10, 3.95310381651e-11, 2.97937438609e-11, 2.66801528787e-11, 2.75496431223e-11, 2.49381106043e-11, 3.07431996527e-11], "max": [0.100175872445, 0.0865792781115, 0.0227801222354, 0.0055610165, 0.00449759699404, 0.0042412369512, 0.00909577123821, 0.0132871931419, 0.00705645838752, 0.0141436709091, 0.010189303197, 0.0088798282668, 0.00804151594639, 0.00252516148612, 0.00307753263041, 0.00297170877457, 0.000945196428802, 0.00132883980405, 0.00154805963393, 0.000695037131663, 0.00023548246827, 0.000489659782033, 0.00030029239133, 9.82851997833e-05, 0.000319101964124, 0.000216936547076, 0.000181921044714, 0.000336919096299, 0.000174602624611, 4.57061214547e-05, 0.000106719970063, 0.000766373297665, 0.000392674235627, 8.35136379465e-05, 3.71676323994e-05, 4.95282765769e-05, 3.82725920645e-05, 3.90483619412e-05, 3.85685561923e-05, 6.14668169874e-05], "mean": [0.0101791312918, 0.00734045589343, 0.0005326513201, 0.000252037658356, 0.000260780070676, 0.000245046627242, 0.000328711757902, 0.000501267670188, 0.000403546087909, 0.000607047753874, 0.000305255234707, 0.000150430394569, 0.000133998313686, 4.96453649248e-05, 0.000108178406663, 0.000107512954855, 3.20751350955e-05, 2.55337799899e-05, 2.28102853725e-05, 1.48146882566e-05, 1.31912147481e-05, 1.3897345525e-05, 1.32889545057e-05, 6.54385530652e-06, 9.32489001571e-06, 5.10323161507e-06, 4.68434836876e-06, 4.37836615674e-06, 3.42812700183e-06, 2.51002575169e-06, 2.38993789026e-06, 5.25086124981e-06, 3.15180295729e-06, 2.33316995946e-06, 1.39069925353e-06, 1.10451412638e-06, 1.02105957467e-06, 9.68889025899e-07, 1.31208901166e-06, 1.08562358037e-06], "median": [0.00351687287912, 0.00236234115437, 0.000122237281175, 6.47422712063e-05, 9.34581767069e-05, 0.000115048875159, 0.000107408493932, 0.000167609876371, 0.000144316974911, 0.000154124980327, 2.64367536147e-05, 1.01719142549e-05, 1.64476496138e-05, 1.0106314221e-05, 1.61069692695e-05, 1.20581262308e-05, 5.75200783715e-06, 5.68081031815e-06, 1.879839715e-06, 2.69195743385e-06, 4.09862241213e-06, 4.98135432281e-06, 5.27213114765e-06, 1.99793657885e-06, 2.60044521383e-06, 9.44387124946e-07, 7.04909268734e-07, 6.89426030931e-07, 5.73396562231e-07, 5.12517203788e-07, 4.3132925498e-07, 3.58745353424e-07, 3.17274469808e-07, 2.3871567123e-07, 1.41042193036e-07, 8.70979306455e-08, 8.05022182249e-08, 6.60252936768e-08, 5.14590183798e-08, 5.3795034205e-08], "min": [3.68727549938e-24, 3.71308860592e-24, 1.12080505444e-23, 1.15596758266e-23, 1.63382196926e-23, 2.80529855732e-23, 1.85788355212e-23, 7.44938628854e-24, 1.00065349219e-23, 2.70086567969e-23, 7.020195469e-24, 6.02071737956e-24, 1.58145075594e-23, 1.23996265195e-23, 9.77178332718e-24, 7.48816984608e-24, 9.68041351283e-24, 1.3716083909e-23, 1.07029421179e-23, 8.4693006086e-24, 1.51077938957e-23, 1.08778712348e-23, 8.82025378128e-24, 8.37499702054e-24, 5.16455401735e-24, 5.56106272401e-24, 8.7368388403e-24, 1.04478497447e-23, 5.45866660636e-24, 6.1495269269e-24, 7.98277537847e-24, 1.18038456317e-23, 9.72585584528e-24, 7.77474408029e-24, 1.56165097831e-23, 8.75584486609e-24, 9.93459790713e-24, 1.04700577569e-23, 9.58362974609e-24, 1.0023702113e-23], "var": [0.000218787550693, 0.000128218656755, 2.05625474337e-06, 2.64009656803e-07, 2.2562751667e-07, 1.36069289169e-07, 5.22807852121e-07, 1.11663860025e-06, 4.6360014494e-07, 1.57991712513e-06, 8.49281661885e-07, 3.47936719436e-07, 3.05153577074e-07, 3.25502789167e-08, 7.22719875057e-08, 7.38782759413e-08, 4.56715287811e-09, 3.7627168048e-09, 4.592674685e-09, 1.05665176608e-09, 5.30504418172e-10, 5.68872005058e-10, 4.9808623892e-10, 1.2681038164e-10, 4.58006715887e-10, 2.0264420697e-10, 1.4370474255e-10, 2.38813580022e-10, 7.97465080082e-11, 2.15289348848e-11, 3.760453407e-11, 1.00966290884e-09, 1.83006540477e-10, 3.80621437146e-11, 1.26212703483e-11, 9.72520935311e-12, 8.1322743678e-12, 7.50396619842e-12, 1.05333883976e-11, 8.52893363573e-12]}, "mfcc": {"mean": [-694.977844238, 138.669494629, 5.87895679474, 20.7020874023, -1.26126003265, -0.0770654082298, 0.505848705769, 12.2282905579, 10.7445755005, 8.13453388214, 18.8502521515, 16.2570533752, 6.11515283585], "cov": [[13448.6259766, 347.257751465, 612.778686523, 99.0245056152, 549.244018555, 973.135437012, 470.698028564, 121.275489807, 136.453552246, 268.843841553, 117.9217453, -172.170715332, -26.3433303833], [347.257751465, 2977.86303711, 70.1900939941, 454.522338867, 27.3987598419, -3.25475335121, 127.688545227, 279.086975098, -58.7600097656, -105.315719604, 109.904281616, 145.532363892, -55.2457542419], [612.778686523, 70.1900939941, 650.980102539, 214.243041992, 134.540664673, 107.291427612, 139.871246338, 19.4307956696, 31.1106338501, -30.0476131439, -23.3628673553, 11.2649745941, 1.15057277679], [99.0245056152, 454.522338867, 214.243041992, 526.793579102, 26.7109680176, 67.6361999512, 39.6646080017, 93.2074813843, -11.7634506226, 12.666425705, -11.4331560135, 22.1398963928, 30.6880435944], [549.244018555, 27.3987598419, 134.540664673, 26.7109680176, 422.867675781, 206.951873779, 79.282699585, -79.852973938, -14.4923000336, 20.3795623779, -1.34955608845, 7.13238859177, -9.23187255859], [973.135437012, -3.25475335121, 107.291427612, 67.6361999512, 206.951873779, 391.946594238, 166.176696777, -18.9220790863, -42.2597007751, 3.61766862869, -31.9743614197, -59.8082733154, -6.11563253403], [470.698028564, 127.688545227, 139.871246338, 39.6646080017, 79.282699585, 166.176696777, 432.06539917, 57.1900291443, -60.7411727905, -6.11569356918, -48.7615661621, -72.8669586182, -98.6617355347], [121.275489807, 279.086975098, 19.4307956696, 93.2074813843, -79.852973938, -18.9220790863, 57.1900291443, 260.095092773, 48.7986488342, 1.57642221451, 12.9000530243, -30.9235630035, -69.6684875488], [136.453552246, -58.7600097656, 31.1106338501, -11.7634506226, -14.4923000336, -42.2597007751, -60.7411727905, 48.7986488342, 195.586471558, 43.025932312, -2.16315555573, 9.32900714874, 17.4847373962], [268.843841553, -105.315719604, -30.0476131439, 12.666425705, 20.3795623779, 3.61766862869, -6.11569356918, 1.57642221451, 43.025932312, 199.532226562, 34.4240112305, -48.2910690308, -48.4161758423], [117.9217453, 109.904281616, -23.3628673553, -11.4331560135, -1.34955608845, -31.9743614197, -48.7615661621, 12.9000530243, -2.16315555573, 34.4240112305, 177.146133423, 81.8222961426, -5.61362981796], [-172.170715332, 145.532363892, 11.2649745941, 22.1398963928, 7.13238859177, -59.8082733154, -72.8669586182, -30.9235630035, 9.32900714874, -48.2910690308, 81.8222961426, 245.380645752, 132.082336426], [-26.3433303833, -55.2457542419, 1.15057277679, 30.6880435944, -9.23187255859, -6.11563253403, -98.6617355347, -69.6684875488, 17.4847373962, -48.4161758423, -5.61362981796, 132.082336426, 267.548553467]], "icov": [[0.000102139587398, -2.35785937548e-05, -8.18062908365e-05, 7.71058985265e-05, 6.53406141282e-06, -0.000250708049862, -1.57620488608e-05, -4.99163397762e-05, -7.53489293857e-05, -0.000130267872009, -0.00011631938105, 7.13838162483e-05, -8.39502972667e-05], [-2.35785937548e-05, 0.000478877627756, 0.000159120827448, -0.00042069904157, -0.000152240652824, 0.000156132708071, -0.000117748437333, -0.000368460983736, 0.000108255640953, 0.000334124604706, -0.000190189879504, -0.000288745824946, 0.000195026092115], [-8.18062908365e-05, 0.000159120827448, 0.00224024592899, -0.00108021870255, -0.00055413210066, 0.000265391892754, -0.000705907586962, 0.00027645251248, -0.000783351366408, 0.000828564108815, -8.89566508704e-05, -0.000139400959597, 0.000205775315408], [7.71058985265e-05, -0.00042069904157, -0.00108021870255, 0.00302012916654, 0.000188589983736, -0.000649933877867, 0.000443155819084, -0.0010523442179, 0.000779643654823, -0.00115721195471, 0.000639747595415, -0.000178851580131, -0.000698644085787], [6.53406141282e-06, -0.000152240652824, -0.00055413210066, 0.000188589983736, 0.00378395267762, -0.0020134462975, 0.000106089217297, 0.0012795929797, -0.000301681313431, -0.000524446426425, 0.000146127742482, -0.000851605669595, 0.000755118322559], [-0.000250708049862, 0.000156132708071, 0.000265391892754, -0.000649933877867, -0.0020134462975, 0.0050601135008, -0.00129392941017, -2.88660271508e-06, 0.000577862141654, 0.000568768358789, -0.000143874727655, 0.00133261911105, -0.000946492771618], [-1.57620488608e-05, -0.000117748437333, -0.000705907586962, 0.000443155819084, 0.000106089217297, -0.00129392941017, 0.00362052512355, -0.000860627565999, 0.00118598644622, -0.000321299914503, 0.00112550496124, -0.000365446700016, 0.00107980996836], [-4.99163397762e-05, -0.000368460983736, 0.00027645251248, -0.0010523442179, 0.0012795929797, -2.88660271508e-06, -0.000860627565999, 0.00608524074778, -0.00222129118629, 0.00086185260443, -0.000839531014208, 0.000536600709893, 0.00136841461062], [-7.53489293857e-05, 0.000108255640953, -0.000783351366408, 0.000779643654823, -0.000301681313431, 0.000577862141654, 0.00118598644622, -0.00222129118629, 0.00693135196343, -0.00196425500326, 0.00125785265118, -0.000633891730104, -0.000678493233863], [-0.000130267872009, 0.000334124604706, 0.000828564108815, -0.00115721195471, -0.000524446426425, 0.000568768358789, -0.000321299914503, 0.00086185260443, -0.00196425500326, 0.00702376896515, -0.00231570983306, 0.00175939034671, 0.000768428144511], [-0.00011631938105, -0.000190189879504, -8.89566508704e-05, 0.000639747595415, 0.000146127742482, -0.000143874727655, 0.00112550496124, -0.000839531014208, 0.00125785265118, -0.00231570983306, 0.00869232602417, -0.00422707479447, 0.00184239179362], [7.13838162483e-05, -0.000288745824946, -0.000139400959597, -0.000178851580131, -0.000851605669595, 0.00133261911105, -0.000365446700016, 0.000536600709893, -0.000633891730104, 0.00175939034671, -0.00422707479447, 0.00854657962918, -0.00397356366739], [-8.39502972667e-05, 0.000195026092115, 0.000205775315408, -0.000698644085787, 0.000755118322559, -0.000946492771618, 0.00107980996836, 0.00136841461062, -0.000678493233863, 0.000768428144511, 0.00184239179362, -0.00397356366739, 0.00679154414684]]}, "spectral_contrast_coeffs": {"dmean": [0.0461540669203, 0.044541567564, 0.0472266003489, 0.0365641824901, 0.0302907899022, 0.0287138670683], "dmean2": [0.0776234567165, 0.0692478641868, 0.0709531679749, 0.0577486529946, 0.0499680712819, 0.0485449172556], "dvar": [0.00156409305055, 0.00173458945937, 0.0024517707061, 0.00119147449732, 0.000820614339318, 0.00122872414067], "dvar2": [0.00413093995303, 0.00404574954882, 0.00527974683791, 0.00268170051277, 0.00211155274883, 0.00323072867468], "max": [-0.43932518363, -0.354524672031, -0.347704768181, -0.483509451151, -0.550435602665, -0.488017052412], "mean": [-0.703611195087, -0.673853993416, -0.655859529972, -0.747042059898, -0.764141261578, -0.759810864925], "median": [-0.704514861107, -0.673977434635, -0.652828991413, -0.750596225262, -0.765656232834, -0.766311347485], "min": [-0.963816761971, -0.984162211418, -0.990933597088, -0.967228889465, -0.959611415863, -0.959312081337], "var": [0.00552986934781, 0.0081361150369, 0.012191507034, 0.00598616106436, 0.00269323005341, 0.00300805503502]}, "spectral_contrast_valleys": {"dmean": [0.437976449728, 0.38295841217, 0.513760924339, 0.506290555, 0.554560065269, 0.663802206516], "dmean2": [0.700695514679, 0.594674110413, 0.762420117855, 0.72831684351, 0.760578155518, 0.868523895741], "dvar": [0.21817407012, 0.195809736848, 0.359482377768, 0.34672370553, 0.454421371222, 0.626637518406], "dvar2": [0.423514217138, 0.373329609632, 0.728097438812