{"lowlevel": {"average_loudness": 0.0495808124542, "barkbands_crest": {"dmean": 2.12238121033, "dmean2": 3.28621125221, "dvar": 3.80566906929, "dvar2": 9.48524951935, "max": 26.8274536133, "mean": 11.61485672, "median": 10.8372344971, "min": 2.19822716713, "var": 20.1593704224}, "barkbands_flatness_db": {"dmean": 0.0175304301083, "dmean2": 0.0266157258302, "dvar": 0.000322392035741, "dvar2": 0.000742248725146, "max": 0.521979749203, "mean": 0.221601948142, "median": 0.215178996325, "min": 0.0296779107302, "var": 0.00373837328516}, "barkbands_kurtosis": {"dmean": 4.11794090271, "dmean2": 6.37230920792, "dvar": 263.629821777, "dvar2": 590.46673584, "max": 938.955444336, "mean": 10.1523313522, "median": 2.8041472435, "min": -1.47167420387, "var": 2012.86364746}, "barkbands_skewness": {"dmean": 0.452257812023, "dmean2": 0.675057113171, "dvar": 0.353881418705, "dvar2": 0.793694138527, "max": 26.9095821381, "mean": 1.68318343163, "median": 1.25104284286, "min": -1.95806288719, "var": 4.5750169754}, "barkbands_spread": {"dmean": 1.75293326378, "dmean2": 2.64056158066, "dvar": 4.80483484268, "dvar2": 11.3848600388, "max": 59.9144744873, "mean": 8.62796974182, "median": 8.15782356262, "min": 0.0861215889454, "var": 21.3608379364}, "dissonance": {"dmean": 0.028549907729, "dmean2": 0.0483162254095, "dvar": 0.000637918477878, "dvar2": 0.00172875716817, "max": 0.499999940395, "mean": 0.409705579281, "median": 0.412539631128, "min": 0.249216005206, "var": 0.00191612541676}, "dynamic_complexity": 7.47400951385, "erbbands_crest": {"dmean": 2.53384709358, "dmean2": 3.84192991257, "dvar": 5.23156070709, "dvar2": 11.6566038132, "max": 30.9637985229, "mean": 13.0552091599, "median": 12.3485498428, "min": 3.16635727882, "var": 26.1126060486}, "erbbands_flatness_db": {"dmean": 0.012672082521, "dmean2": 0.0178050659597, "dvar": 0.00015498897119, "dvar2": 0.000278998573776, "max": 0.423535197973, "mean": 0.252059906721, "median": 0.257902920246, "min": 0.062989525497, "var": 0.00319054303691}, "erbbands_kurtosis": {"dmean": 1.23410356045, "dmean2": 1.84308254719, "dvar": 4.12946176529, "dvar2": 8.77658653259, "max": 79.1264419556, "mean": 2.32030797005, "median": 1.17967510223, "min": -1.53536832333, "var": 24.6032924652}, "erbbands_skewness": {"dmean": 0.303073078394, "dmean2": 0.445008993149, "dvar": 0.0811802893877, "dvar2": 0.170832037926, "max": 7.47859287262, "mean": 0.793413817883, "median": 0.688531160355, "min": -1.10725605488, "var": 0.72926068306}, "erbbands_spread": {"dmean": 3.34337735176, "dmean2": 4.97328710556, "dvar": 13.2074556351, "dvar2": 30.478302002, "max": 78.5878372192, "mean": 19.0224266052, "median": 17.276758194, "min": 1.63708877563, "var": 112.294181824}, "hfc": {"dmean": 1.77811336517, "dmean2": 2.70840406418, "dvar": 11.8928279877, "dvar2": 27.8985500336, "max": 94.2470932007, "mean": 8.31658744812, "median": 4.73475408554, "min": 1.18644407848e-16, "var": 103.354492188}, "melbands_crest": {"dmean": 2.85197234154, "dmean2": 4.46109676361, "dvar": 7.98784732819, "dvar2": 21.8664627075, "max": 34.6489562988, "mean": 16.0774879456, "median": 14.7548685074, "min": 1.73196291924, "var": 42.6690216064}, "melbands_flatness_db": {"dmean": 0.0183402616531, "dmean2": 0.0278251264244, "dvar": 0.000439100142103, "dvar2": 0.0010233229259, "max": 0.602331161499, "mean": 0.261854052544, "median": 0.247645750642, "min": 0.00345351174474, "var": 0.00517494324595}, "melbands_kurtosis": {"dmean": 5.36369943619, "dmean2": 8.50252342224, "dvar": 223.210357666, "dvar2": 577.464782715, "max": 371.040161133, "mean": 12.5838212967, "median": 4.28341436386, "min": -1.42484068871, "var": 967.835327148}, "melbands_skewness": {"dmean": 0.517861127853, "dmean2": 0.777995526791, "dvar": 0.407141089439, "dvar2": 1.01534366608, "max": 15.1655273438, "mean": 1.94381463528, "median": 1.47352957726, "min": -1.32141125202, "var": 3.78918814659}, "melbands_spread": {"dmean": 2.57421207428, "dmean2": 3.91958522797, "dvar": 20.3888130188, "dvar2": 42.3216743469, "max": 166.120880127, "mean": 12.6969966888, "median": 11.6691141129, "min": 0.216861590743, "var": 108.228424072}, "pitch_salience": {"dmean": 0.0586151666939, "dmean2": 0.0931992605329, "dvar": 0.00311601674184, "dvar2": 0.00834829360247, "max": 0.859696209431, "mean": 0.494830429554, "median": 0.499618887901, "min": 0.0524369999766, "var": 0.0144382668659}, "silence_rate_20dB": {"dmean": 0, "dmean2": 0, "dvar": 0, "dvar2": 0, "max": 1, "mean": 1, "median": 1, "min": 1, "var": 0}, "silence_rate_30dB": {"dmean": 0.0260115601122, "dmean2": 0.0520419217646, "dvar": 0.0253352019936, "dvar2": 0.0594516396523, "max": 1, "mean": 0.957385361195, "median": 1, "min": 0, "var": 0.0407986193895}, "silence_rate_60dB": {"dmean": 0.0310693643987, "dmean2": 0.0621611848474, "dvar": 0.0301059279591, "dvar2": 0.066245444119, "max": 1, "mean": 0.394727349281, "median": 0, "min": 0, "var": 0.238922089338}, "spectral_centroid": {"dmean": 105.9112854, "dmean2": 165.526443481, "dvar": 39966.5703125, "dvar2": 65162.1132812, "max": 10882.6074219, "mean": 920.966491699, "median": 812.664367676, "min": 185.485153198, "var": 269441.46875}, "spectral_complexity": {"dmean": 1.28612720966, "dmean2": 2.16985917091, "dvar": 1.91744816303, "dvar2": 4.97728061676, "max": 31, "mean": 9.23907566071, "median": 8, "min": 0, "var": 41.0724945068}, "spectral_decrease": {"dmean": 1.94060811864e-09, "dmean2": 3.24835869314e-09, "dvar": 3.12379629811e-17, "dvar2": 8.65354865473e-17, "max": -1.34207540441e-29, "mean": -5.04759745112e-09, "median": -1.25470478451e-09, "min": -8.62477591568e-08, "var": 8.33526543689e-17}, "spectral_energy": {"dmean": 0.00746305985376, "dmean2": 0.0124742155895, "dvar": 0.000455061061075, "dvar2": 0.00125940272119, "max": 0.329891383648, "mean": 0.0198051258922, "median": 0.0052291797474, "min": 1.08120462827e-20, "var": 0.00124218512792}, "spectral_energyband_high": {"dmean": 2.16817315959e-05, "dmean2": 3.2279505831e-05, "dvar": 1.32868605007e-08, "dvar2": 2.45431515111e-08, "max": 0.0051247458905, "mean": 6.55860640109e-05, "median": 3.35390650434e-05, "min": 7.7093346181e-21, "var": 3.00845464096e-08}, "spectral_energyband_low": {"dmean": 0.00613953219727, "dmean2": 0.0106440195814, "dvar": 0.000413788104197, "dvar2": 0.00117240299005, "max": 0.31239169836, "mean": 0.00836293864995, "median": 1.57992758432e-06, "min": 3.95283495239e-23, "var": 0.000589726201724}, "spectral_energyband_middle_high": {"dmean": 0.000818745873403, "dmean2": 0.00116435089149, "dvar": 1.54561757881e-06, "dvar2": 3.49856259163e-06, "max": 0.0242535658181, "mean": 0.00313594494946, "median": 0.00231819855981, "min": 1.55519325565e-21, "var": 1.05524695755e-05}, "spectral_energyband_middle_low": {"dmean": 0.0026463677641, "dmean2": 0.00425932696089, "dvar": 4.43619537691e-05, "dvar2": 0.000119537791761, "max": 0.127822101116, "mean": 0.0091580953449, "median": 0.00177447171882, "min": 4.50765673047e-22, "var": 0.000265752605628}, "spectral_entropy": {"dmean": 0.115644313395, "dmean2": 0.168472066522, "dvar": 0.0174384340644, "dvar2": 0.0318180136383, "max": 9.80292797089, "mean": 6.71721220016, "median": 6.78905963898, "min": 3.75490641594, "var": 0.292448014021}, "spectral_flux": {"dmean": 0.0125131430104, "dmean2": 0.0209628865123, "dvar": 0.00059348042123, "dvar2": 0.00152484769933, "max": 0.413523703814, "mean": 0.0447651334107, "median": 0.0235232766718, "min": 1.03980990485e-10, "var": 0.0029518713709}, "spectral_kurtosis": {"dmean": 3.36719727516, "dmean2": 5.91655397415, "dvar": 16.0107192993, "dvar2": 48.5884857178, "max": 82.48487854, "mean": 10.0131788254, "median": 7.97968959808, "min": -1.2352976799, "var": 51.0800666809}, "spectral_rms": {"dmean": 0.000519679510035, "dmean2": 0.000826057046652, "dvar": 1.01967350474e-06, "dvar2": 2.78836273537e-06, "max": 0.0179400462657, "mean": 0.00324480165727, "median": 0.00225868076086, "min": 3.24782041539e-12, "var": 8.7933276518e-06}, "spectral_rolloff": {"dmean": 169.417617798, "dmean2": 292.633148193, "dvar": 333784.34375, "dvar2": 672905.1875, "max": 18949.21875, "mean": 1050.31030273, "median": 968.994140625, "min": 107.666015625, "var": 1356599.875}, "spectral_skewness": {"dmean": 0.306170701981, "dmean2": 0.528792560101, "dvar": 0.0898959562182, "dvar2": 0.262435257435, "max": 7.84349393845, "mean": 2.26152610779, "median": 2.11801481247, "min": -0.000471734150779, "var": 0.447231501341}, "spectral_spread": {"dmean": 256827.765625, "dmean2": 403284.6875, "dvar": 462178942976, "dvar2": 523996397568, "max": 42180504, "mean": 3195714.25, "median": 3091921, "min": 1222666.5, "var": 1302740205570.0}, "spectral_strongpeak": {"dmean": 0.333819806576, "dmean2": 0.542239964008, "dvar": 0.200291588902, "dvar2": 0.491226345301, "max": 5.1387386322, "mean": 1.06709706783, "median": 0.800249814987, "min": 0, "var": 0.877344489098}, "zerocrossingrate": {"dmean": 0.00434566801414, "dmean2": 0.00543709192425, "dvar": 8.84958863026e-05, "dvar2": 0.000115230584925, "max": 0.498046875, "mean": 0.0418375395238, "median": 0.03759765625, "min": 0.0048828125, "var": 0.00110776687507}, "barkbands": {"dmean": [1.80516035471e-05, 0.00165561877657, 0.00458256434649, 0.00109285314102, 0.00127504754346, 0.000664682593197, 0.000552778074052, 0.000289037823677, 0.000445363024483, 0.000482896110043, 0.000386675150367, 0.000249239063123, 0.000178414979018, 5.92373908148e-05, 7.4366798799e-05, 3.96545656258e-05, 4.25584257755e-05, 2.6230536605e-05, 2.68679832516e-05, 1.7375445168e-05, 7.24929986973e-06, 2.88909313895e-06, 1.60232048074e-06, 1.48551737311e-06, 1.49161382978e-06, 2.08303822546e-06, 3.40537417287e-06], "dmean2": [2.99729454127e-05, 0.00272945221514, 0.00803117640316, 0.001945362892, 0.00204769521952, 0.00100885296706, 0.000739706680179, 0.000434939167462, 0.000714197289199, 0.000660314573906, 0.000590484996792, 0.000342496612575, 0.000251513760304, 9.60844845395e-05, 0.000119562100735, 6.4636078605e-05, 7.23736011423e-05, 4.46431877208e-05, 4.56460911664e-05, 2.90615098493e-05, 1.22893879961e-05, 4.78473202747e-06, 2.51928281614e-06, 2.21035838877e-06, 2.22031280828e-06, 2.90795651381e-06, 4.98367535329e-06], "dvar": [2.3888644396e-09, 2.69922475127e-05, 0.000249293632805, 1.17469153338e-05, 1.62490305229e-05, 4.20220430897e-06, 2.16177522816e-06, 4.66727982484e-07, 1.83602458037e-06, 6.50803769986e-07, 7.78275477842e-07, 2.65620116124e-07, 1.31129169745e-07, 1.53901957844e-08, 1.26227535091e-08, 5.73926461911e-09, 5.15725373518e-09, 1.75440539874e-09, 2.18144302622e-09, 9.1903756827e-10, 1.80986101106e-10, 3.53307418044e-11, 2.20753016561e-11, 5.61141827449e-11, 1.38938957561e-10, 8.9141677373e-10, 3.72495057022e-09], "dvar2": [6.51872955615e-09, 7.25630743545e-05, 0.000718092953321, 3.52536662831e-05, 4.2795403715e-05, 1.10099254016e-05, 3.85282100979e-06, 1.16065996281e-06, 4.81978804601e-06, 1.2560566347e-06, 2.0195484467e-06, 4.4829718604e-07, 2.41576543658e-07, 3.78881388485e-08, 3.27708882253e-08, 1.47865817368e-08, 1.43828380317e-08, 5.07976993802e-09, 6.17809137182e-09, 2.55409915439e-09, 5.15117781763e-10, 8.46682932099e-11, 4.31081940977e-11, 8.42774114385e-11, 2.35684166627e-10, 1.27847255005e-09, 8.30625790371e-09], "max": [0.000730110448785, 0.0720236301422, 0.229700833559, 0.0605301782489, 0.102569893003, 0.0414484106004, 0.0593408718705, 0.0152754485607, 0.0218045897782, 0.0148779964074, 0.0139147872105, 0.0130152339116, 0.00842749327421, 0.00188953813631, 0.00150776840746, 0.00133125064895, 0.000945864012465, 0.000560825981665, 0.000738695787732, 0.000573559023906, 0.000293061631965, 0.000198947745957, 0.000200337832212, 0.00037163880188, 0.000485809723614, 0.00129287573509, 0.00233465246856], "mean": [2.61056502495e-05, 0.00253495387733, 0.00509597314522, 0.00129258667585, 0.00298141874373, 0.00145485415123, 0.00161028944422, 0.000611482886598, 0.000792431004811, 0.00104140408803, 0.000714934023563, 0.00057193095563, 0.000504890456796, 0.000103353893792, 0.000133960638777, 6.983034109e-05, 7.21149772289e-05, 4.95996791869e-05, 5.79076004215e-05, 3.8585611037e-05, 1.84428135981e-05, 8.1524176494e-06, 4.50862899015e-06, 4.6399400162e-06, 4.24662766818e-06, 3.55284737452e-06, 2.98285476674e-06], "median": [1.789385351e-07, 6.25138113719e-07, 2.36105563545e-07, 2.31458045619e-07, 0.000230473553529, 0.000369915476767, 0.000149742685608, 0.000164470111486, 7.92171122157e-05, 0.000450567662483, 0.00019420987519, 0.000110096560093, 5.61873966944e-05, 2.92733075185e-05, 6.2751583755e-05, 2.99281346088e-05, 3.03516553686e-05, 2.24792293011e-05, 2.41712368734e-05, 1.70488146978e-05, 1.02885769593e-05, 4.41985775979e-06, 2.13618432099e-06, 2.31005833484e-06, 1.93908726942e-06, 5.70246527332e-07, 4.38549951909e-09], "min": [2.36568366075e-25, 1.69102180018e-23, 1.14256972682e-23, 2.77558090484e-23, 2.734202626e-23, 9.39829571165e-23, 8.76433048507e-23, 1.1481539785e-22, 6.02793103922e-23, 1.0208652761e-22, 1.54647739657e-23, 5.34682790256e-23, 1.30133864939e-22, 1.43105136358e-22, 6.19458642514e-23, 7.06650113082e-23, 2.47869739456e-22, 2.10886324632e-22, 3.09814505613e-22, 4.21369484544e-22, 6.1040890594e-22, 4.03201222725e-22, 7.17656224701e-22, 7.73041076006e-22, 1.19589525988e-21, 1.89391543661e-21, 2.10445511683e-21], "var": [4.68041427837e-09, 5.12987826369e-05, 0.000277935585473, 1.37184370033e-05, 7.73077772465e-05, 1.06437400973e-05, 2.09343252209e-05, 1.68151404978e-06, 3.925353667e-06, 2.33805599237e-06, 1.90476600892e-06, 1.10601990855e-06, 1.0165324511e-06, 3.79352478319e-08, 3.21876179044e-08, 1.18836078755e-08, 1.07609512412e-08, 4.39148584164e-09, 7.05675606838e-09, 3.10661785186e-09, 6.77228162438e-10, 1.45902054327e-10, 9.54824275201e-11, 2.41770103937e-10, 4.01242067349e-10, 1.82639836588e-09, 3.8885006326e-09]}, "erbbands": {"dmean": [0.0107777500525, 0.559520840645, 4.89631462097, 3.56235671043, 4.13166093826, 4.4710931778, 3.93424725533, 5.9103937149, 8.4405632019, 7.07228326797, 6.14239311218, 10.5512905121, 11.8736047745, 12.8614835739, 15.4562549591, 11.5785093307, 8.73761463165, 3.82904934883, 3.97159647942, 2.56871056557, 1.93679261208, 1.58627843857, 1.38538229465, 1.60535728931, 1.11726880074, 0.916523039341, 0.406735897064, 0.209226116538, 0.0986260399222, 0.0672842115164, 0.0530214905739, 0.0361816138029, 0.0229666493833, 0.0168412458152, 0.0115865319967, 0.00689738010988, 0.00427278131247, 0.00346293020993, 0.000429876061389, 3.63902763638e-05], "dmean2": [0.0180082432926, 0.940207719803, 8.55495548248, 6.19946241379, 7.17777681351, 7.09700918198, 5.76312351227, 9.1611289978, 11.0164003372, 10.4983625412, 9.48015022278, 16.6557941437, 16.7165908813, 17.9068183899, 23.3661804199, 15.5366249084, 12.2331161499, 6.0421500206, 6.34612941742, 4.23247766495, 3.1567876339, 2.6815469265, 2.40132832527, 2.74677944183, 1.87746334076, 1.53748953342, 0.687144577503, 0.348377645016, 0.163077518344, 0.11084626615, 0.0864311531186, 0.0553733184934, 0.0354252271354, 0.0244270414114, 0.0175617728382, 0.00893557071686, 0.00517134647816, 0.0048070512712, 0.000578547653276, 5.14107632625e-05], "dvar": [0.000987574923784, 3.18834328651, 272.072265625, 141.767333984, 235.968643188, 203.111343384, 113.465339661, 389.219421387, 506.135437012, 341.380340576, 217.643692017, 932.276977539, 660.067199707, 556.250061035, 1234.4140625, 647.649108887, 301.446502686, 49.6410827637, 42.7080459595, 16.7404155731, 12.4578399658, 8.2122926712, 5.10907459259, 9.23945426941, 4.49819135666, 2.52021408081, 0.699226081371, 0.133104011416, 0.0492473617196, 0.019381929189, 0.0222485307604, 0.026623480022, 0.015970448032, 0.014662977308, 0.00936450529844, 0.00455120159313, 0.00423181662336, 0.00373300653882, 5.0847633247e-05, 2.37796356828e-07], "dvar2": [0.00269133900292, 8.79115772247, 793.264892578, 391.578826904, 677.958129883, 499.476867676, 246.557617188, 1021.87939453, 965.746276855, 778.752868652, 606.833251953, 2407.12768555, 1324.98010254, 1070.1484375, 3257.18823242, 1041.7010498, 555.008422852, 119.015350342, 112.651092529, 43.0863456726, 31.7252292633, 22.1547412872, 14.3970880508, 26.299156189, 12.5200834274, 6.98157262802, 2.09772253036, 0.353885471821, 0.118236534297, 0.0447482280433, 0.0461229085922, 0.0459650717676, 0.0269392486662, 0.0270838923752, 0.0146996136755, 0.00604545371607, 0.00661232229322, 0.00763734430075, 0.000102683872683, 4.98866143062e-07], "max": [0.582780599594, 26.049325943, 243.50567627, 190.846069336, 296.077056885, 448.725738525, 392.977935791, 420.152679443, 910.785217285, 408.153442383, 270.389831543, 542.218078613, 577.53515625, 552.714355469, 585.453491211, 671.567016602, 428.376861572, 100.45778656, 91.8879089355, 45.3675804138, 85.4390411377, 55.756439209, 26.3832035065, 45.9576911926, 41.2793998718, 27.4656276703, 14.8781204224, 8.2028169632, 8.09915351868, 4.52082824707, 5.45993041992, 7.58486318588, 5.99203395844, 4.78030920029, 4.15771532059, 2.96562600136, 3.11099553108, 2.52630901337, 0.271561175585, 0.0180814880878], "mean": [0.0196680575609, 0.818459808826, 5.62090301514, 4.80677270889, 6.0069026947, 11.1725940704, 11.5417118073, 13.0075540543, 23.9539203644, 17.6807384491, 12.9970064163, 19.3310546875, 25.7084770203, 29.3225688934, 31.2632694244, 29.6276607513, 25.751865387, 8.67715644836, 7.30634880066, 4.69900798798, 3.8817191124, 3.05765676498, 2.83407282829, 3.38065648079, 2.47275948524, 2.04747414589, 1.0212212801, 0.553505063057, 0.276900202036, 0.200120255351, 0.143970191479, 0.103633768857, 0.0683860480785, 0.046140242368, 0.0307786967605, 0.0154547709972, 0.00595865445212, 0.0032251807861, 0.000408574967878, 4.87236611662e-05], "median": [2.65614053205e-05, 0.000121982287965, 0.000327245361404, 0.00115525966976, 0.0220427531749, 0.537290215492, 3.26162433624, 1.4596862793, 2.31426882744, 1.99683952332, 3.69909358025, 3.52172446251, 8.77222251892, 11.8318691254, 12.2417507172, 7.28144693375, 5.50858163834, 3.74986481667, 3.28314590454, 2.76988363266, 2.03934144974, 1.26514792442, 1.43859064579, 1.37464559078, 1.11167681217, 0.959217190742, 0.48807567358, 0.319582760334, 0.150307714939, 0.0987618863583, 0.0744399055839, 0.0487254969776, 0.0336468592286, 0.0220493599772, 0.0121910599992, 0.00453632930294, 0.000767251825891, 5.10099343956e-05, 5.03363980897e-06, 6.42411214358e-06], "min": [2.53839283429e-22, 4.41450662114e-21, 9.7041032835e-21, 5.80126191261e-20, 9.74843854874e-20, 7.71027198176e-20, 3.92098473752e-19, 9.24082132977e-19, 9.77532476208e-19, 1.47835735328e-18, 2.95146252326e-18, 1.51182280612e-18, 2.44339723089e-18, 2.16352418615e-18, 1.13396349698e-18, 2.37414008654e-18, 5.00205628988e-18, 5.99282593063e-18, 6.24184410455e-18, 3.27911207262e-18, 4.10916320869e-18, 1.22826750484e-17, 1.3079230126e-17, 1.77733618154e-17, 1.56883074977e-17, 1.60226654818e-17, 2.19403453625e-17, 2.15788508912e-17, 1.33125951476e-17, 2.07919820986e-17, 2.08421373679e-17, 1.49082579821e-17, 1.46967760236e-17, 1.52664801269e-17, 7.39500791111e-18, 4.52411877657e-18, 4.32197775515e-18, 1.2287107289e-18, 2.55621220704e-19, 3.68506184083e-20], "var": [0.00241054059006, 5.56660795212, 320.222473145, 188.537063599, 304.402526855, 1328.40893555, 879.672912598, 1043.06640625, 4685.79003906, 1635.92285156, 607.720153809, 2045.68127441, 2233.99975586, 2069.26245117, 3022.35302734, 2931.09667969, 2423.87524414, 159.629501343, 103.583580017, 33.1789894104, 34.0743217468, 20.6967334747, 13.8638677597, 24.067199707, 13.717499733, 8.10607719421, 2.15163064003, 0.600957214832, 0.189496830106, 0.0997788235545, 0.0845886841416, 0.0997541025281, 0.0625282600522, 0.0397844314575, 0.0271302424371, 0.012649170123, 0.00731276581064, 0.00434343330562, 6.1550657847e-05, 2.83676882873e-07]}, "gfcc": {"mean": [-144.078292847, 103.3359375, -162.043518066, -10.1967554092, -77.9515609741, -5.50038194656, -39.3945274353, -1.71285760403, -33.6828346252, -2.13681435585, -5.46119165421, 0.342540442944, 2.42325901985], "cov": [[21401.8925781, 548.440551758, 387.465942383, 949.178222656, 444.055328369, 1182.94262695, 422.884216309, 1131.2545166, 183.697402954, 822.356018066, -108.747192383, 301.506195068, -469.254547119], [548.440551758, 2920.53198242, 1709.25720215, 915.256530762, 718.992248535, -134.183990479, 253.18006897, -280.215270996, 102.012687683, -417.318023682, -32.650138855, -491.598724365, -186.875106812], [387.465942383, 1709.25720215, 1913.84716797, 1046.48181152, 755.975280762, 77.7354736328, 226.26789856, -102.565330505, 93.1657791138, -308.026245117, -232.192214966, -401.127288818, -280.369842529], [949.178222656, 915.256530762, 1046.48181152, 803.285949707, 489.714324951, 117.692443848, 127.989151001, -3.16728043556, 72.5213623047, -152.816513062, -170.606964111, -249.892318726, -167.354446411], [444.055328369, 718.992248535, 755.975280762, 489.714324951, 473.500946045, 141.237915039, 167.172851562, -6.49710893631, 79.2799072266, -90.1107330322, -87.4820785522, -189.754196167, -151.670715332], [1182.94262695, -134.183990479, 77.7354736328, 117.692443848, 141.237915039, 261.291992188, 132.593765259, 145.957351685, 52.1645088196, 89.6884689331, -37.0180778503, -1.4825296402, -77.8461837769], [422.884216309, 253.18006897, 226.26789856, 127.989151001, 167.172851562, 132.593765259, 213.875946045, 106.97479248, 76.5264205933, 3.167760849, -17.2951393127, -63.8663520813, -72.5847091675], [1131.2545166, -280.215270996, -102.565330505, -3.16728043556, -6.49710893631, 145.957351685, 106.97479248, 243.716156006, 96.2150344849, 135.382369995, -20.1093330383, 48.00963974, -49.1854515076], [183.697402954, 102.012687683, 93.1657791138, 72.5213623047, 79.2799072266, 52.1645088196, 76.5264205933, 96.2150344849, 146.710906982, 88.6197128296, 21.46326828, -46.1014518738, -70.6313705444], [822.356018066, -417.318023682, -308.026245117, -152.816513062, -90.1107330322, 89.6884689331, 3.167760849, 135.382369995, 88.6197128296, 256.44744873, 103.88961792, 100.24181366, -47.3389854431], [-108.747192383, -32.650138855, -232.192214966, -170.606964111, -87.4820785522, -37.0180778503, -17.2951393127, -20.1093330383, 21.46326828, 103.88961792, 178.866958618, 79.2062759399, 22.3508644104], [301.506195068, -491.598724365, -401.127288818, -249.892318726, -189.754196167, -1.4825296402, -63.8663520813, 48.00963974, -46.1014518738, 100.24181366, 79.2062759399, 200.687362671, 92.2190551758], [-469.254547119, -186.875106812, -280.369842529, -167.354446411, -151.670715332, -77.8461837769, -72.5847091675, -49.1854515076, -70.6313705444, -47.3389854431, 22.3508644104, 92.2190551758, 184.175308228]], "icov": [[0.000157505448442, -0.000425409380114, 0.000182154835784, -0.000236068866798, 0.000123060817714, -0.000532894511707, 0.000418489275035, -0.000731463194825, 0.0007923952071, -0.000739894225262, 0.000474776519695, -0.000511147838552, 0.000190160048078], [-0.000425409380114, 0.00266782171093, -0.00125471909996, 0.000238518245169, -0.00068749935599, 0.00242654490285, -0.00205277977511, 0.00192306190729, -0.00218638032675, 0.0031455969438, -0.00380774051882, 0.00312442006543, -0.00103855715133], [0.000182154835784, -0.00125471909996, 0.00367492134683, -0.00263892393559, -0.00117220368702, 0.0004195299407, -0.000586577574722, 0.000559575390071, 7.6206306403e-05, -0.000109322696517, 0.00266800355166, -0.00291411369108, 0.00265416083857], [-0.000236068866798, 0.000238518245169, -0.00263892393559, 0.00710708322003, -0.00328851351514, -0.000717038288713, 0.00335882417858, -0.0022357259877, -0.000385558872949, 0.00112645269837, -0.000251937977737, 0.0032022963278, -0.00163442583289], [0.000123060817714, -0.00068749935599, -0.00117220368702, -0.00328851351514, 0.0119230523705, -0.00547191174701, -0.00310772797093, 0.00476308586076, -0.00312236580066, 0.000335892429575, 0.00070794444764, -0.00119201350026, 0.00179639132693], [-0.000532894511707, 0.00242654490285, 0.0004195299407, -0.000717038288713, -0.00547191174701, 0.0148034524173, -0.0072777941823, -0.00010668784671, 0.00254699285142, -0.00305106514134, 0.000512062688358, 0.00156816456001, -0.000709190033376], [0.000418489275035, -0.00205277977511, -0.000586577574722, 0.00335882417858, -0.00310772797093, -0.0072777941823, 0.0175412967801, -0.0114220241085, 0.000990035710856, 0.00431753741577, -0.00391411222517, 0.00217923615128, 0.000243164366111], [-0.000731463194825, 0.00192306190729, 0.000559575390071, -0.0022357259877, 0.00476308586076, -0.00010668784671, -0.0114220241085, 0.023071879521, -0.0131040941924, -0.00105073850136, 0.00718243280426, -0.00654129125178, 0.00155345676467], [0.0007923952071, -0.00218638032675, 7.6206306403e-05, -0.000385558872949, -0.00312236580066, 0.00254699285142, 0.000990035710856, -0.0131040941924, 0.0257652252913, -0.0131364651024, -0.00110085657798, 0.00756190298125, -0.00218623969704], [-0.000739894225262, 0.0031455969438, -0.000109322696517, 0.00112645269837, 0.000335892429575, -0.00305106514134, 0.00431753741577, -0.00105073850136, -0.0131364651024, 0.0247428715229, -0.0119912642986, -0.00153293111362, 0.00611631944776], [0.000474776519695, -0.00380774051882, 0.00266800355166, -0.000251937977737, 0.00070794444764, 0.000512062688358, -0.00391411222517, 0.00718243280426, -0.00110085657798, -0.0119912642986, 0.0208531357348, -0.0105391452089, 0.00159577385057], [-0.000511147838552, 0.00312442006543, -0.00291411369108, 0.0032022963278, -0.00119201350026, 0.00156816456001, 0.00217923615128, -0.00654129125178, 0.00756190298125, -0.00153293111362, -0.0105391452089, 0.0234190803021, -0.00880657974631], [0.000190160048078, -0.00103855715133, 0.00265416083857, -0.00163442583289, 0.00179639132693, -0.000709190033376, 0.000243164366111, 0.00155345676467, -0.00218623969704, 0.00611631944776, 0.00159577385057, -0.00880657974631, 0.0140554765239]]}, "melbands": {"dmean": [0.000253056699876, 0.00189206551295, 0.000605757115409, 0.0003052392276, 0.000146525359014, 0.000129693478812, 0.000125652863062, 7.32471380616e-05, 5.92894284637e-05, 6.34252937743e-05, 5.96942190896e-05, 5.42163834325e-05, 5.57826570002e-05, 3.4410822991e-05, 2.07069842872e-05, 1.66342470038e-05, 7.09957430445e-06, 6.14913824393e-06, 3.43797660207e-06, 4.07997094953e-06, 2.30066143558e-06, 1.78334983048e-06, 1.96294081434e-06, 1.39398855481e-06, 1.41609359616e-06, 1.09126870029e-06, 5.81662447985e-07, 6.63785272081e-07, 3.44080063996e-07, 1.72310222979e-07, 1.42217515986e-07, 6.66648034553e-08, 5.68341498308e-08, 3.36414451851e-08, 3.89262950762e-08, 2.41000908119e-08, 2.37013502158e-08, 1.95713578677e-08, 1.56044226429e-08, 1.61546669375e-08], "dmean2": [0.000417595612817, 0.00329042971134, 0.00104719621595, 0.000516659929417, 0.000212244063732, 0.000199330228497, 0.000163385266205, 0.000109985790914, 9.37266740948e-05, 9.94660294964e-05, 8.40929642436e-05, 7.46619189158e-05, 8.513040666e-05, 4.79350273963e-05, 2.87646271317e-05, 2.3138412871e-05, 1.15580196507e-05, 9.91332035483e-06, 5.51800985704e-06, 6.74485136187e-06, 3.78453955818e-06, 2.99647558677e-06, 3.37906112691e-06, 2.39914857048e-06, 2.42760802394e-06, 1.86547663361e-06, 9.78861862677e-07, 1.12121540496e-06, 5.88175453231e-07, 2.91233078542e-07, 2.38650386564e-07, 1.09818699912e-07, 9.59067136819e-08, 5.3687369217e-08, 6.48807372272e-08, 3.88567791276e-08, 3.55580240807e-08, 3.08998728826e-08, 2.34375967523e-08, 2.40028459331e-08], "dvar": [6.05839375112e-07, 3.9970211219e-05, 4.15451859226e-06, 1.0281133882e-06, 1.78010978402e-07, 1.79243087928e-07, 1.12418348408e-07, 3.60172727198e-08, 2.6660192276e-08, 3.0257201189e-08, 1.64388076485e-08, 1.06107513886e-08, 1.65709863609e-08, 3.98538224644e-09, 1.5418304411e-09, 1.17236731434e-09, 2.20542611951e-10, 1.00244354484e-10, 2.57662762654e-11, 4.65056881893e-11, 1.85416699355e-11, 1.18224848314e-11, 1.52242905782e-11, 5.9713289001e-12, 7.94312792624e-12, 4.84136168655e-12, 1.02157345083e-12, 1.52948628155e-12, 5.58381032384e-13, 1.21332929598e-13, 7.25206095805e-14, 2.57414142763e-14, 1.09947815758e-14, 5.85331530288e-15, 8.05574157321e-15, 1.02579078044e-14, 1.22197868821e-14, 1.13899410804e-14, 5.42067416683e-15, 1.36221126068e-14], "dvar2": [1.62692344929e-06, 0.000115365131933, 1.14901076813e-05, 2.86468230115e-06, 3.39081140055e-07, 4.75181792581e-07, 2.07099276395e-07, 8.44491125918e-08, 7.65708492168e-08, 7.60111049658e-08, 3.28040989928e-08, 2.00232257441e-08, 4.34089635348e-08, 7.46196793244e-09, 2.80088574556e-09, 2.04312500252e-09, 5.3533727451e-10, 2.6628232952e-10, 6.52226120335e-11, 1.22142074233e-10, 4.88426660228e-11, 3.20401760678e-11, 4.27402349623e-11, 1.76627549392e-11, 2.25579156049e-11, 1.32303326281e-11, 2.97875721485e-12, 4.11342834794e-12, 1.67169490056e-12, 3.48243135717e-13, 1.9610481045e-13, 6.4087739293e-14, 3.02675128071e-14, 1.28433267981e-14, 1.7831337806e-14, 2.29163662737e-14, 1.81880352386e-14, 2.15076742494e-14, 8.75668674805e-15, 2.71793899236e-14], "max": [0.00998203270137, 0.0955151319504, 0.035090778023, 0.0184098500758, 0.0199685078114, 0.00892634224147, 0.0138435102999, 0.00370157789439, 0.00275176111609, 0.00291194533929, 0.00281454971991, 0.00245190807618, 0.00206482829526, 0.00145690375939, 0.000949936336838, 0.000677454692777, 0.00023015406623, 0.000134728150442, 5.9836445871e-05, 0.000109591070213, 9.2598995252e-05, 7.50492326915e-05, 5.66015296499e-05, 3.40434926329e-05, 4.1602539568e-05, 4.53136453871e-05, 1.91894323507e-05, 2.4139373636e-05, 1.03937027234e-05, 9.72500856733e-06, 5.55210681341e-06, 5.68651648791e-06, 2.40094277615e-06, 3.00143096865e-06, 3.04776335724e-06, 3.75963736587e-06, 5.36425841346e-06, 5.01992508362e-06, 2.95517497761e-06, 4.20821288571e-06], "mean": [0.000412106805015, 0.00232329661958, 0.000891395146027, 0.000621780869551, 0.00045526237227, 0.00027999735903, 0.000362357095582, 0.000176000437932, 0.000111849818495, 0.00011745741358, 0.000127163715661, 0.000118367483083, 0.000104108075902, 7.81410853961e-05, 5.79863226449e-05, 4.70181512355e-05, 1.24744246932e-05, 1.08793574327e-05, 6.48912055112e-06, 6.67377616992e-06, 4.20386049882e-06, 3.12717884299e-06, 3.27274142364e-06, 2.55613826994e-06, 2.69719657808e-06, 2.03914760277e-06, 1.25994881728e-06, 1.37891868235e-06, 7.31841225843e-07, 3.97516828343e-07, 3.12498315225e-07, 1.57701506964e-07, 1.40635691537e-07, 9.03960994947e-08, 9.20675375937e-08, 6.1537726026e-08, 6.17199873432e-08, 5.04524848566e-08, 4.01861690591e-08, 3.89517893495e-08], "median": [2.38592576807e-07, 1.57870132966e-07, 2.57406981063e-07, 4.09396989198e-06, 9.67792584561e-05, 4.14224959968e-05, 3.32703893946e-05, 2.30030382227e-05, 2.60555498244e-05, 1.99122714548e-05, 4.40837829956e-05, 4.28409985034e-05, 3.10612813337e-05, 2.46110321314e-05, 1.32247541842e-05, 5.37689584235e-06, 4.15998965764e-06, 4.72563806397e-06, 3.0783130569e-06, 3.765687552e-06, 1.86501495136e-06, 1.17258105092e-06, 8.69380528457e-07, 1.11653139356e-06, 8.24446772185e-07, 7.52122218728e-07, 5.70554163914e-07, 6.22736649802e-07, 2.42928223315e-07, 1.96270860897e-07, 1.54838332378e-07, 7.67316521433e-08, 7.03690474779e-08, 3.96482242593e-08, 4.76884203238e-08, 2.65024944213e-08, 2.62749626501e-08, 2.44071820532e-08, 1.63882596382e-08, 1.73672294324e-08], "min": [3.6427419347e-24, 6.06628750747e-24, 1.22377112409e-23, 5.14360621044e-24, 1.14829843471e-23, 1.92577844365e-23, 1.67656403083e-23, 1.8944868559e-23, 2.23207309608e-23, 8.58358131021e-24, 1.27038854374e-23, 9.56548515641e-24, 2.74324092094e-24, 5.88021060271e-24, 8.89521528879e-24, 1.20751143866e-23, 1.12388973724e-23, 1.21500269847e-23, 4.42689018487e-24, 4.83687184694e-24, 4.4432259165e-24, 9.07901277996e-24, 2.110942873e-23, 8.46563240539e-24, 1.53263935634e-23, 9.828776161e-24, 1.4788112747e-23, 9.59091408769e-24, 1.30601571103e-23, 1.39455177924e-23, 1.28400554515e-23, 5.74108946005e-24, 1.01323061715e-23, 1.23037120774e-23, 1.20374999209e-23, 1.00852245861e-23, 9.16798997918e-24, 1.00872393368e-23, 1.13671377566e-23, 1.32610089854e-23], "var": [1.20447350582e-06, 5.15678220836e-05, 6.16879697191e-06, 2.84108114101e-06, 1.99595183403e-06, 4.70082881066e-07, 1.0868100162e-06, 1.55258362611e-07, 5.93783049396e-08, 7.08448624209e-08, 5.48133485267e-08, 3.88176957244e-08, 3.95235915107e-08, 1.54826764742e-08, 1.11121689628e-08, 8.92307028266e-09, 5.27935639649e-10, 2.3367016655e-10, 6.96939381206e-11, 7.81216619172e-11, 4.68189653713e-11, 2.51737363594e-11, 2.96521279752e-11, 1.24479324418e-11, 1.85663758673e-11, 1.13439292682e-11, 3.4621056022e-12, 4.49816356038e-12, 1.40883810694e-12, 3.36734465181e-13, 2.37145833569e-13, 7.42788941249e-14, 3.93688377796e-14, 2.74522158478e-14, 2.82195650175e-14, 2.99587692978e-14, 4.70781623592e-14, 3.79872728325e-14, 1.95959022528e-14, 3.24951518601e-14]}, "mfcc": {"mean": [-770.650024414, 131.694854736, -32.8674240112, -9.10188484192, -24.6660709381, -15.3273181915, -5.1016702652, -9.86156177521, -12.0446224213, -8.81109333038, -10.3217773438, -4.03239774704, 0.435812801123], "cov": [[14699.9267578, 2079.5065918, -630.333374023, 812.665527344, 177.765777588, 573.436889648, 573.061340332, 645.093139648, 531.33013916, 634.087585449, 516.6875, 470.874908447, 376.183563232], [2079.5065918, 2018.79736328, 917.827148438, 804.921081543, 495.469146729, 309.145690918, 289.579437256, 170.047805786, 66.7376861572, 93.9662628174, 97.5869674683, 81.7250518799, -39.095500946], [-630.333374023, 917.827148438, 1485.17504883, 860.028747559, 626.45880127, 336.665557861, 189.110946655, 168.16494751, 108.632606506, 38.8103637695, -29.6568622589, -83.0488586426, -184.707015991], [812.665527344, 804.921081543, 860.028747559, 823.454772949, 533.606506348, 305.89352417, 178.981826782, 155.50453186, 136.19758606, 114.741615295, 47.0460777283, -5.10586261749, -87.4629592896], [177.765777588, 495.469146729, 626.45880127, 533.606506348, 453.56817627, 266.640167236, 133.04524231, 92.5105819702, 77.5440444946, 75.2942199707, 30.1832542419, -12.6304502487, -73.9670257568], [573.436889648, 309.145690918, 336.665557861, 305.89352417, 266.640167236, 266.757080078, 155.459960938, 106.126594543, 87.9320831299, 86.8350067139, 57.9764709473, 26.8839130402, -14.6760835648], [573.061340332, 289.579437256, 189.110946655, 178.981826782, 133.04524231, 155.459960938, 188.921600342, 130.14352417, 75.7170257568, 61.5256958008, 39.5783653259, 19.1892337799, 1.89718174934], [645.093139648, 170.047805786, 168.16494751, 155.50453186, 92.5105819702, 106.126594543, 130.14352417, 189.784637451, 150.381347656, 73.6706237793, 16.7386741638, 2.69985985756, -0.21408008039], [531.33013916, 66.7376861572, 108.632606506, 136.19758606, 77.5440444946, 87.9320831299, 75.7170257568, 150.381347656, 219.413909912, 120.493453979, 12.8971643448, -4.5760216713, -0.443646967411], [634.087585449, 93.9662628174, 38.8103637695, 114.741615295, 75.2942199707, 86.8350067139, 61.5256958008, 73.6706237793, 120.493453979, 172.50201416, 117.334388733, 61.3641281128, 34.5806388855], [516.6875, 97.5869674683, -29.6568622589, 47.0460777283, 30.1832542419, 57.9764709473, 39.5783653259, 16.7386741638, 12.8971643448, 117.334388733, 199.916229248, 142.4947052, 68.5707015991], [470.874908447, 81.7250518799, -83.0488586426, -5.10586261749, -12.6304502487, 26.8839130402, 19.1892337799, 2.69985985756, -4.5760216713, 61.3641281128, 142.4947052, 173.540527344, 102.286857605], [376.183563232, -39.095500946, -184.707015991, -87.4629592896, -73.9670257568, -14.6760835648, 1.89718174934, -0.21408008039, -0.443646967411, 34.5806388855, 68.5707015991, 102.286857605, 138.34564209]], "icov": [[0.000175321416464, -0.000207199191209, 0.000402102974476, -0.000490829464979, 0.000548551732209, -0.000594917684793, 0.000403258338338, -0.00070164760109, 0.000335557648214, -0.000394618400605, 0.000164649871294, -8.68660863489e-05, -2.84218822344e-06], [-0.000207199191209, 0.00125091336668, -0.000698872143403, -0.000369598332327, -0.000375086558051, 0.00122729281429, -0.00183999026194, 0.0011504010763, -3.63167237083e-05, 0.000363531435141, 0.000119069591165, -0.000656029791571, 4.18765339418e-05], [0.000402102974476, -0.000698872143403, 0.0031555055175, -0.00225722556934, -0.000165230667335, -0.00138163659722, 0.00143028586172, -0.00259424257092, 0.00095168245025, 5.54484040549e-06, 0.000308568502078, -0.000184179356438, 0.00122140755411], [-0.000490829464979, -0.000369598332327, -0.00225722556934, 0.00887117069215, -0.00816265586764, 0.00300807273015, -0.000680734112393, 0.00100764981471, -0.00196489528753, 0.000253385049291, -0.00063241290627, 7.73525316617e-05, -2.26158153964e-05], [0.000548551732209, -0.000375086558051, -0.000165230667335, -0.00816265586764, 0.018060810864, -0.0110548622906, 0.00318674044684, -0.000874694087543, 0.00295010278933, -0.0028308306355, 0.0015357384691, 7.20060197636e-05, 0.00136244576424], [-0.000594917684793, 0.00122729281429, -0.00138163659722, 0.00300807273015, -0.0110548622906, 0.0185969974846, -0.0108063723892, 0.00479839229956, -0.00391701888293, 0.00138844584581, -0.00154897524044, -0.00111122371163, -0.000530784134753], [0.000403258338338, -0.00183999026194, 0.00143028586172, -0.000680734112393, 0.00318674044684, -0.0108063723892, 0.0208254009485, -0.0147457746789, 0.00725772185251, -0.00337626133114, 0.000734409957658, 0.00122141698375, -0.000288106675725], [-0.00070164760109, 0.0011504010763, -0.00259424257092, 0.00100764981471, -0.000874694087543, 0.00479839229956, -0.0147457746789, 0.0265455730259, -0.016984635964, 0.00830752775073, -0.00437470758334, 0.00164388527628, -0.00148702517617], [0.000335557648214, -3.63167237083e-05, 0.00095168245025, -0.00196489528753, 0.00295010278933, -0.00391701888293, 0.00725772185251, -0.016984635964, 0.0231534391642, -0.0177145991474, 0.0113795893267, -0.00371239497326, 0.00174831133336], [-0.000394618400605, 0.000363531435141, 5.54484040549e-06, 0.000253385049291, -0.0028308306355, 0.00138844584581, -0.00337626133114, 0.00830752775073, -0.0177145991474, 0.0284545682371, -0.0194716397673, 0.00834428984672, -0.00365131371655], [0.000164649871294, 0.000119069591165, 0.000308568502078, -0.00063241290627, 0.0015357384691, -0.00154897524044, 0.000734409957658, -0.00437470758334, 0.0113795893267, -0.0194716397673, 0.0268560592085, -0.0178767349571, 0.00504776602611], [-8.68660863489e-05, -0.000656029791571, -0.000184179356438, 7.73525316617e-05, 7.20060197636e-05, -0.00111122371163, 0.00122141698375, 0.00164388527628, -0.00371239497326, 0.00834428984672, -0.0178767349571, 0.0248544849455, -0.011853184551], [-2.84218822344e-06, 4.18765339418e-05, 0.00122140755411, -2.26158153964e-05, 0.00136244576424, -0.000530784134753, -0.000288106675725, -0.00148702517617, 0.00174831133336, -0.00365131371655, 0.00504776602611, -0.011853184551, 0.016718139872]]}, "spectral_contrast_coeffs": {"dmean": [0.0416285693645, 0.0341333113611, 0.0311741437763, 0.0246200114489, 0.0177024323493, 0.0118152396753], "dmean2": [0.068007171154, 0.0542580373585, 0.048455901444, 0.0399376451969, 0.0298876091838, 0.0195467546582], "dvar": [0.00142365880311, 0.000843109155539, 0.000645353633445, 0.000390056928154, 0.000218512548599, 8.6139429186e-05], "dvar2": [0.00372887356207, 0.002202459611, 0.00156938866712, 0.00100025336724, 0.00058941822499, 0.00023888569558], "max": [-0.300466179848, -0.407993018627, -0.411329984665, -0.494912832975, -0.584126472473, -0.682845890522], "mean": [-0.580930650234, -0.643451094627, -0.653185546398, -0.699703752995, -0.753385424614, -0.772656679153], "median": [-0.565160036087, -0.639393091202, -0.660494267941, -0.698062121868, -0.752289056778, -0.767893671989], "min": [-0.950881540775, -0.964108884335, -0.963160514832, -0.95928633213, -0.956100404263, -0.958447337151], "var": [0.0115339523181, 0.00630672695115, 0.00923509337008, 0.00628046598285, 0.00351765542291, 0.001096079126]}, "spectral_contrast_valleys": {"dmean": [0.403622746468, 0.308391034603, 0.271387904882, 0.203205570579, 0.147235780954, 0.123389042914], "dmean2": [0.684528112411, 0.500521659851, 0.445690572262, 0.330204606056, 0.231936842203, 0.180883944035], "dvar": [0.139002352953, 0.115033455193, 0.107300333679, 0.0762915015221, 0.0687122419477, 0.0630353316665], "dvar2": [0.318024754524, 0.212727740407, 0.18713350594, 0.109491877258, 0.0820373520255, 0.0721720