{"lowlevel": {"average_loudness": 0.722215175629, "barkbands_crest": {"dmean": 2.05393528938, "dmean2": 3.37342333794, "dvar": 5.27248954773, "dvar2": 14.7033691406, "max": 24.0937252045, "mean": 10.3871421814, "median": 10.096446991, "min": 2.64516496658, "var": 13.9848718643}, "barkbands_flatness_db": {"dmean": 0.0195534136146, "dmean2": 0.0289085805416, "dvar": 0.000560331682209, "dvar2": 0.00119896314573, "max": 0.511024713516, "mean": 0.164433181286, "median": 0.139274328947, "min": 0.0104430401698, "var": 0.00876982603222}, "barkbands_kurtosis": {"dmean": 3.59654855728, "dmean2": 5.60573530197, "dvar": 51.020160675, "dvar2": 125.431938171, "max": 174.965332031, "mean": 7.14578485489, "median": 2.3687813282, "min": -1.93933224678, "var": 173.727081299}, "barkbands_skewness": {"dmean": 0.525382995605, "dmean2": 0.798160672188, "dvar": 0.388531625271, "dvar2": 0.905869185925, "max": 10.2114667892, "mean": 1.87412273884, "median": 1.56228804588, "min": -2.08382534981, "var": 2.02156734467}, "barkbands_spread": {"dmean": 4.85526847839, "dmean2": 7.24315786362, "dvar": 57.0796470642, "dvar2": 111.535896301, "max": 134.886428833, "mean": 21.0104560852, "median": 19.2636642456, "min": 0.561073601246, "var": 271.892974854}, "dissonance": {"dmean": 0.0232493486255, "dmean2": 0.0390094667673, "dvar": 0.00061054516118, "dvar2": 0.00163174548652, "max": 0.500000059605, "mean": 0.446660637856, "median": 0.460454881191, "min": 0.232651397586, "var": 0.00203782366589}, "dynamic_complexity": 4.86834001541, "erbbands_crest": {"dmean": 2.45103263855, "dmean2": 3.92490005493, "dvar": 6.00618028641, "dvar2": 15.2544746399, "max": 28.6700687408, "mean": 9.66335010529, "median": 8.74578857422, "min": 2.31600189209, "var": 19.9626293182}, "erbbands_flatness_db": {"dmean": 0.0176312159747, "dmean2": 0.0242371447384, "dvar": 0.000374688359443, "dvar2": 0.000654118484817, "max": 0.382763653994, "mean": 0.147942200303, "median": 0.136710107327, "min": 0.0368354842067, "var": 0.00352424499579}, "erbbands_kurtosis": {"dmean": 1.06788706779, "dmean2": 1.64161705971, "dvar": 2.32700705528, "dvar2": 5.60222768784, "max": 56.2297325134, "mean": 2.08229494095, "median": 0.50618493557, "min": -1.8752373457, "var": 34.2239074707}, "erbbands_skewness": {"dmean": 0.311219066381, "dmean2": 0.472447872162, "dvar": 0.100442931056, "dvar2": 0.227587029338, "max": 4.86436748505, "mean": 0.462001502514, "median": 0.313005954027, "min": -4.10789728165, "var": 0.841127634048}, "erbbands_spread": {"dmean": 8.84254932404, "dmean2": 12.5846481323, "dvar": 147.70072937, "dvar2": 278.060028076, "max": 166.192382812, "mean": 38.6386108398, "median": 32.2374801636, "min": 2.73839902878, "var": 670.998779297}, "hfc": {"dmean": 5.50792789459, "dmean2": 8.08674430847, "dvar": 65.0966949463, "dvar2": 147.807662964, "max": 121.011245728, "mean": 21.1893730164, "median": 15.9273662567, "min": 1.08031971756e-16, "var": 360.550598145}, "melbands_crest": {"dmean": 2.37851452827, "dmean2": 3.79176735878, "dvar": 7.30073261261, "dvar2": 19.0462188721, "max": 30.5395717621, "mean": 15.2476644516, "median": 14.2010879517, "min": 1.82437264919, "var": 35.3688621521}, "melbands_flatness_db": {"dmean": 0.022643154487, "dmean2": 0.0332641899586, "dvar": 0.000771210994571, "dvar2": 0.00167562894057, "max": 0.62221968174, "mean": 0.248470708728, "median": 0.222717627883, "min": 0.00411112746224, "var": 0.0121894581243}, "melbands_kurtosis": {"dmean": 9.26859378815, "dmean2": 14.2578353882, "dvar": 323.933929443, "dvar2": 789.92199707, "max": 315.000061035, "mean": 20.5538749695, "median": 9.04955482483, "min": -1.7089754343, "var": 930.167602539}, "melbands_skewness": {"dmean": 0.753577649593, "dmean2": 1.12953853607, "dvar": 0.877485394478, "dvar2": 1.92922139168, "max": 13.6293983459, "mean": 3.08435201645, "median": 2.57593488693, "min": -0.859833419323, "var": 4.19317245483}, "melbands_spread": {"dmean": 4.40189218521, "dmean2": 6.80563163757, "dvar": 40.0704231262, "dvar2": 95.3402633667, "max": 167.910690308, "mean": 18.4164600372, "median": 16.480342865, "min": 0.451804757118, "var": 202.072296143}, "pitch_salience": {"dmean": 0.0592828802764, "dmean2": 0.0965646728873, "dvar": 0.00376154156402, "dvar2": 0.010224679485, "max": 0.927578687668, "mean": 0.48955270648, "median": 0.495992928743, "min": 0.106277301908, "var": 0.0139167448506}, "silence_rate_20dB": {"dmean": 0, "dmean2": 0, "dvar": 0, "dvar2": 0, "max": 1, "mean": 1, "median": 1, "min": 1, "var": 0}, "silence_rate_30dB": {"dmean": 0.0127236582339, "dmean2": 0.0254506897181, "dvar": 0.0125608062372, "dvar2": 0.0330180115998, "max": 1, "mean": 0.982374787331, "median": 1, "min": 0, "var": 0.0173149909824}, "silence_rate_60dB": {"dmean": 0.00556660024449, "dmean2": 0.0111346766353, "dvar": 0.00553515926003, "dvar2": 0.0141920074821, "max": 1, "mean": 0.0714285746217, "median": 0, "min": 0, "var": 0.0663213953376}, "spectral_centroid": {"dmean": 158.988021851, "dmean2": 241.891983032, "dvar": 49574.7109375, "dvar2": 100361.148438, "max": 11825.7382812, "mean": 1026.32299805, "median": 983.003173828, "min": 128.637756348, "var": 488601.875}, "spectral_complexity": {"dmean": 2.78939700127, "dmean2": 4.22110271454, "dvar": 13.7217607498, "dvar2": 25.9880886078, "max": 56, "mean": 17.7572231293, "median": 14, "min": 0, "var": 158.117843628}, "spectral_decrease": {"dmean": 2.60209431779e-09, "dmean2": 4.24663904042e-09, "dvar": 1.96991789021e-17, "dvar2": 5.17349823994e-17, "max": 1.54581625313e-28, "mean": -8.76065797684e-09, "median": -6.74858569027e-09, "min": -5.01287544807e-08, "var": 5.42415845009e-17}, "spectral_energy": {"dmean": 0.0101654808968, "dmean2": 0.0165475271642, "dvar": 0.000295537989587, "dvar2": 0.000773427251261, "max": 0.192626073956, "mean": 0.0349867232144, "median": 0.0274068340659, "min": 9.73335106517e-21, "var": 0.000845088914502}, "spectral_energyband_high": {"dmean": 0.000254372571362, "dmean2": 0.00034439531737, "dvar": 2.13047428588e-07, "dvar2": 3.85518944768e-07, "max": 0.00950030051172, "mean": 0.000763022049796, "median": 0.00038314802805, "min": 7.2430083166e-21, "var": 9.29470445499e-07}, "spectral_energyband_low": {"dmean": 0.00626956019551, "dmean2": 0.0104429507628, "dvar": 0.000170940242242, "dvar2": 0.000458277820144, "max": 0.174176245928, "mean": 0.0181695185602, "median": 0.0109421759844, "min": 1.66764154067e-23, "var": 0.000410455802921}, "spectral_energyband_middle_high": {"dmean": 0.00225430680439, "dmean2": 0.00344474310987, "dvar": 1.24287616927e-05, "dvar2": 2.97787319141e-05, "max": 0.0472273789346, "mean": 0.00666979979724, "median": 0.00362780410796, "min": 1.13200070725e-21, "var": 6.04413253313e-05}, "spectral_energyband_middle_low": {"dmean": 0.00506692240015, "dmean2": 0.00820449274033, "dvar": 0.000126547223772, "dvar2": 0.000331898219883, "max": 0.121240578592, "mean": 0.0113558704033, "median": 0.00804558955133, "min": 1.98790436383e-22, "var": 0.000161739371833}, "spectral_entropy": {"dmean": 0.167294889688, "dmean2": 0.229637488723, "dvar": 0.0495489649475, "dvar2": 0.0870490893722, "max": 9.80931568146, "mean": 7.36118125916, "median": 7.6395778656, "min": 4.70495176315, "var": 0.637987732887}, "spectral_flux": {"dmean": 0.0233259182423, "dmean2": 0.0360287241638, "dvar": 0.00104835035745, "dvar2": 0.00231515662745, "max": 0.345875412226, "mean": 0.0756621807814, "median": 0.0662597194314, "min": 6.45713343905e-11, "var": 0.00306083075702}, "spectral_kurtosis": {"dmean": 2.42541599274, "dmean2": 3.86255574226, "dvar": 25.3342781067, "dvar2": 63.4745483398, "max": 147.708984375, "mean": 7.68022298813, "median": 4.1861333847, "min": -1.36707568169, "var": 160.430984497}, "spectral_rms": {"dmean": 0.000759513291996, "dmean2": 0.0011942780111, "dvar": 1.22297967664e-06, "dvar2": 3.02490639115e-06, "max": 0.0137086790055, "mean": 0.00527266738936, "median": 0.00517091620713, "min": 3.08155042282e-12, "var": 6.33231820757e-06}, "spectral_rolloff": {"dmean": 354.450012207, "dmean2": 603.083190918, "dvar": 922490.625, "dvar2": 2018336.125, "max": 19530.6152344, "mean": 1232.63891602, "median": 818.26171875, "min": 86.1328125, "var": 4485487}, "spectral_skewness": {"dmean": 0.265780717134, "dmean2": 0.402927726507, "dvar": 0.142853096128, "dvar2": 0.328702151775, "max": 10.2642583847, "mean": 2.0023086071, "median": 1.70947694778, "min": -0.292793601751, "var": 1.16125130653}, "spectral_spread": {"dmean": 674046.3125, "dmean2": 897460.625, "dvar": 1296987193340.0, "dvar2": 2041613910020.0, "max": 48010052, "mean": 5283099.5, "median": 4819729.5, "min": 711677.875, "var": 7934692556800.0}, "spectral_strongpeak": {"dmean": 0.362567454576, "dmean2": 0.641833841801, "dvar": 0.68222874403, "dvar2": 1.7878510952, "max": 8.97535610199, "mean": 0.670422196388, "median": 0.401038944721, "min": 0, "var": 0.836040318012}, "zerocrossingrate": {"dmean": 0.00960072875023, "dmean2": 0.0111197251827, "dvar": 0.000165972363902, "dvar2": 0.000196872846573, "max": 0.53759765625, "mean": 0.0552727766335, "median": 0.0458984375, "min": 0.0029296875, "var": 0.00286994292401}, "barkbands": {"dmean": [3.83875521948e-05, 0.00411560665816, 0.00260746176355, 0.00101537804585, 0.00311281252652, 0.000543793605175, 0.000556916580535, 0.000708895386197, 0.000854351499584, 0.000690802873578, 0.000670672045089, 0.00086202082457, 0.000715836591553, 0.000344815693097, 0.000332048803102, 0.000214303610846, 0.000169478342286, 6.92877001711e-05, 9.13643598324e-05, 6.59621364321e-05, 6.18374397163e-05, 4.55566150777e-05, 4.36157788499e-05, 7.03141486156e-05, 3.60399826604e-05, 3.91405483242e-05, 1.32185969051e-05], "dmean2": [6.12192161498e-05, 0.00698502035812, 0.00436624046415, 0.00171689991839, 0.00507986033335, 0.000868526054546, 0.000887968984898, 0.00111329066567, 0.00136803777423, 0.00111088249832, 0.00109821243677, 0.00137455225922, 0.00116186635569, 0.000557692896109, 0.000526702147909, 0.000347621215042, 0.000281189655652, 0.000113871479698, 0.000147264203406, 0.000104657206975, 9.72985872068e-05, 6.99628726579e-05, 6.32127994322e-05, 9.94660149445e-05, 5.04286945215e-05, 5.70259107917e-05, 2.00216582016e-05], "dvar": [1.26603252326e-08, 0.000103440586827, 2.70738291874e-05, 9.13672829483e-06, 9.08650908968e-05, 1.1693621218e-06, 1.92341508409e-06, 2.88495471068e-06, 2.50008520197e-06, 1.92944025912e-06, 1.96731980395e-06, 4.32982187704e-06, 2.35963011619e-06, 7.1911631494e-07, 8.12763289559e-07, 2.14027366496e-07, 1.00989055341e-07, 1.77741323881e-08, 3.32228893285e-08, 1.3376157959e-08, 1.35152768976e-08, 7.27512849963e-09, 9.0642000572e-09, 3.1793092603e-08, 7.66337393543e-09, 6.73241062898e-09, 8.68304428359e-10], "dvar2": [2.99269160564e-08, 0.00028861197643, 7.51132756704e-05, 2.46551899181e-05, 0.000239847475314, 2.92319555228e-06, 4.77508274344e-06, 6.9505817919e-06, 6.27209601589e-06, 4.82113000544e-06, 5.03557112097e-06, 1.08611830001e-05, 5.7993675e-06, 1.79843164005e-06, 1.989520797e-06, 5.06894537011e-07, 2.7020942639e-07, 4.7406789605e-08, 8.44905940767e-08, 3.27389493293e-08, 3.29932241527e-08, 1.66521143541e-08, 1.86817921133e-08, 5.94844031809e-08, 1.43238834127e-08, 1.42804799097e-08, 1.99669525358e-09], "max": [0.00131286797114, 0.112905472517, 0.0734919905663, 0.07563829422, 0.106522627175, 0.0162594709545, 0.0318403206766, 0.0311157256365, 0.0245017372072, 0.0365966446698, 0.0305383615196, 0.0360604301095, 0.0283158905804, 0.0223054308444, 0.0203148201108, 0.0137621862814, 0.00439136521891, 0.00193841126747, 0.00488686515018, 0.00178285792936, 0.00199144869111, 0.00175686145667, 0.00280502554961, 0.00486672157422, 0.0024918850977, 0.00168682297226, 0.000454796216218], "mean": [4.63348114863e-05, 0.00948126893491, 0.00702013494447, 0.00220811669715, 0.00414231745526, 0.00102698034607, 0.000809549062978, 0.00100799056236, 0.00140568357892, 0.0012209401466, 0.00102565658744, 0.00136794405989, 0.00115894665942, 0.000531049037818, 0.000561869237572, 0.000438456045231, 0.000351842230884, 0.000134413319756, 0.000198557128897, 0.000158047711011, 0.000149777828483, 0.000112702706247, 0.000106023639091, 0.000158373455633, 8.11621721368e-05, 6.57353157294e-05, 1.68429214682e-05], "median": [5.4981901485e-06, 0.00510812643915, 0.0032143862918, 0.0010896230815, 0.00198924308643, 0.000492395716719, 0.000248058669968, 0.000266227376414, 0.000546374008991, 0.000459263450466, 0.000295428035315, 0.000253717123996, 0.000269064330496, 0.000150125561049, 0.000140267322422, 0.000125079997815, 0.000125034304801, 5.68071263842e-05, 7.38176022423e-05, 5.87638278375e-05, 4.40597614215e-05, 4.59672191937e-05, 6.02299260208e-05, 7.42270131013e-05, 3.38463978551e-05, 1.6550960936e-05, 2.16946023102e-06], "min": [1.97606540757e-24, 7.42133518361e-24, 1.16942831071e-24, 2.39426857799e-24, 9.26431936204e-24, 1.53481124819e-23, 1.59873233179e-23, 2.281526944e-23, 2.38247352974e-23, 3.35644348627e-23, 2.51573517137e-23, 4.82606390034e-23, 5.84306369489e-23, 4.18718249259e-23, 5.78133690678e-23, 8.73385142405e-23, 1.04417340217e-22, 1.1742385163e-22, 1.20973725704e-22, 2.19927402669e-22, 2.83951076058e-22, 3.92088027971e-22, 5.25784805277e-22, 6.41844495521e-22, 9.53785189533e-22, 1.44737815899e-21, 2.17216417166e-21], "var": [1.73030763051e-08, 0.000138830000651, 0.000103282225609, 1.29808613565e-05, 7.78741159593e-05, 2.39414544012e-06, 3.21731749864e-06, 4.04161619372e-06, 5.00965961692e-06, 4.59437023892e-06, 3.81151926376e-06, 9.26500433707e-06, 4.61963645648e-06, 1.24546613733e-06, 1.84350165e-06, 5.69692474528e-07, 2.43724343818e-07, 3.77192392875e-08, 9.68190505546e-08, 4.55777708908e-08, 4.46605064042e-08, 2.33258603544e-08, 2.36635298023e-08, 8.88324507287e-08, 2.36985755464e-08, 1.46910927867e-08, 1.29148247652e-09]}, "erbbands": {"dmean": [0.081899754703, 1.05775249004, 2.86768603325, 3.22917556763, 6.63423156738, 12.8182039261, 4.59296274185, 4.68784666061, 7.86082553864, 9.15471458435, 15.6641626358, 15.5773124695, 30.1865615845, 16.190114975, 24.9998722076, 35.2336883545, 34.4275016785, 18.7677726746, 15.9315233231, 13.7202234268, 10.4150791168, 8.90139102936, 4.53249359131, 4.15306758881, 4.29212284088, 2.89961719513, 2.34899663925, 2.52166247368, 1.54949057102, 1.40862905979, 1.28581035137, 1.57167947292, 1.08512830734, 0.473716974258, 0.245814472437, 0.143229991198, 0.0823778361082, 0.020005678758, 0.00216284114867, 9.45726860664e-05], "dmean2": [0.141994774342, 1.78604972363, 4.82795715332, 5.37433195114, 10.8964214325, 21.3513793945, 7.27706480026, 7.61852169037, 12.7132177353, 14.1436061859, 24.86860466, 24.726398468, 48.2764854431, 26.3529834747, 40.4885025024, 55.9481544495, 55.279209137, 29.9620380402, 25.2549057007, 21.2642784119, 17.0276622772, 14.7403717041, 7.3787484169, 6.69829368591, 6.85365200043, 4.57793903351, 3.69266581535, 3.95176625252, 2.37220931053, 2.11486911774, 1.86127543449, 2.24273180962, 1.56809580326, 0.664833009243, 0.351671397686, 0.204312711954, 0.122862428427, 0.0296772923321, 0.00329116918147, 0.000143402401591], "dvar": [0.0547084435821, 6.38008832932, 34.699798584, 57.4348564148, 326.221862793, 1691.95654297, 82.8554916382, 106.240287781, 465.281524658, 426.582794189, 1377.15625, 928.71295166, 3047.72900391, 1094.59912109, 2982.92724609, 7754.86279297, 5162.53466797, 1865.35388184, 1859.8302002, 1347.93457031, 420.877532959, 287.038513184, 73.4531326294, 110.90839386, 55.228553772, 26.9054546356, 21.9810409546, 22.2084560394, 9.58220672607, 6.43184661865, 7.93048477173, 14.882774353, 8.79654598236, 1.44960999489, 0.388135880232, 0.125544205308, 0.0305927824229, 0.00188268348575, 2.35493334912e-05, 3.97733650459e-08], "dvar2": [0.153692111373, 17.7910385132, 93.6316986084, 152.482528687, 852.128845215, 4584.92480469, 221.27947998, 278.270721436, 1167.48583984, 976.725158691, 3469.24609375, 2309.57446289, 7497.53466797, 2895.57714844, 7803.421875, 19036.1757812, 12976.5488281, 4573.98583984, 4531.54443359, 3084.5625, 1095.70556641, 772.117858887, 195.156692505, 279.214233398, 144.61730957, 63.7000007629, 52.1093292236, 55.074798584, 21.7952785492, 14.4706802368, 16.3711051941, 29.6635494232, 16.6723937988, 2.7536509037, 0.782028794289, 0.233923852444, 0.0692735910416, 0.00419151922688, 5.41572917427e-05, 8.93810465641e-08], "max": [2.47379112244, 31.7468452454, 91.8278884888, 174.595840454, 191.446517944, 440.463287354, 123.996154785, 148.163101196, 536.622924805, 392.83694458, 686.874389648, 566.328674316, 1402.51123047, 667.081787109, 1131.15148926, 1682.16455078, 1210.02893066, 1213.55480957, 1156.20080566, 916.54486084, 391.973114014, 247.965332031, 132.082275391, 329.909057617, 111.465415955, 88.235534668, 101.332969666, 80.3738708496, 99.0556716919, 86.8003387451, 89.5699462891, 94.9600524902, 89.6506271362, 38.3531341553, 19.7543201447, 11.5395212173, 2.34354615211, 0.645700097084, 0.0786265209317, 0.00279438612051], "mean": [0.137391403317, 2.61018919945, 8.42034244537, 8.37557125092, 8.83087158203, 16.2293319702, 9.81037425995, 8.08683776855, 11.5634727478, 13.7527589798, 23.5657367706, 26.954158783, 54.0104293823, 29.5449581146, 42.3905410767, 60.7291526794, 59.5250663757, 33.1777076721, 28.4975337982, 26.250623703, 22.5625476837, 19.3331890106, 10.101937294, 8.54900836945, 9.95133113861, 7.15932559967, 5.6681599617, 5.99660015106, 3.84126996994, 3.40628933907, 3.11308765411, 3.59181594849, 2.3223927021, 1.04254567623, 0.517210543156, 0.266534984112, 0.127927139401, 0.0288837458938, 0.00273391394876, 0.000150669497089], "median": [0.0763636007905, 1.36104774475, 3.62942862511, 5.74160575867, 4.01455879211, 7.07564878464, 5.88942241669, 3.58591175079, 3.77744674683, 4.85470676422, 7.11136293411, 12.1362342834, 26.1088638306, 11.4301862717, 14.6769895554, 12.2304258347, 14.126285553, 11.2258548737, 7.81729316711, 7.68643283844, 7.02695226669, 6.63054895401, 4.29036140442, 3.07267856598, 3.95663714409, 2.68679380417, 1.8320094347, 1.62661409378, 1.52528488636, 1.71017360687, 1.78517103195, 1.87909054756, 0.967538356781, 0.455485582352, 0.190370708704, 0.0793459489942, 0.029280943796, 0.00496538821608, 0.000388813350582, 6.19897764409e-05], "min": [1.95169564828e-22, 1.00678311182e-21, 2.57309675664e-21, 9.22889125276e-21, 1.74314937034e-20, 4.0047768411e-20, 7.45582088558e-20, 1.89763258757e-19, 3.21248282937e-19, 2.53535950078e-19, 4.41579875157e-19, 4.98562848291e-19, 1.1888097075e-18, 1.59803477488e-18, 1.16348877837e-18, 2.14787951243e-18, 2.67781856213e-18, 2.71621607937e-18, 3.22436222865e-18, 3.06976837601e-18, 4.11569876271e-18, 5.65805559698e-18, 8.21411854961e-18, 7.20375879041e-18, 7.1666357517e-18, 8.31801408891e-18, 1.1233609854e-17, 1.18702212883e-17, 1.32429531575e-17, 1.1351344125e-17, 1.52034406924e-17, 1.23828102247e-17, 1.10517947282e-17, 7.95640133078e-18, 7.39991557369e-18, 4.43309954428e-18, 2.50996934698e-18, 9.69312782461e-19, 2.52407107036e-19, 2.79425811447e-20], "var": [0.0472430326045, 10.427573204, 172.499389648, 96.110458374, 303.955657959, 1336.3482666, 146.175933838, 174.578323364, 736.126037598, 671.703430176, 1972.28833008, 1885.66711426, 7099.39990234, 2286.89306641, 6021.95605469, 17540.1074219, 10985.3339844, 3971.47070312, 4342.97949219, 3738.72875977, 1161.23864746, 734.245056152, 190.636550903, 265.307098389, 178.837844849, 94.5543365479, 64.0591812134, 74.3704147339, 28.4126319885, 19.927444458, 20.5989170074, 36.4873962402, 24.5482215881, 4.20704078674, 1.11547791958, 0.333040863276, 0.0558427646756, 0.00325999734923, 3.43368155882e-05, 6.14623303363e-08]}, "gfcc": {"mean": [-28.2555427551, 97.7029418945, -86.5250854492, 26.7900714874, -44.4593582153, 25.054649353, -29.2946510315, 7.46555995941, -21.8481464386, -5.47223567963, -16.9039421082, -2.65652537346, -10.2698526382], "cov": [[30167.8535156, -1966.11071777, -2780.30688477, -432.274200439, -845.761535645, 981.481872559, -545.511352539, 710.558898926, -654.128601074, 473.413391113, -440.37109375, 114.853866577, -877.943115234], [-1966.11071777, 2397.34204102, 3.33282208443, 26.8167247772, 205.970779419, -233.281112671, 115.833282471, -173.234466553, 123.155647278, -363.254547119, 148.548904419, -137.748001099, 166.639038086], [-2780.30688477, 3.33282208443, 1169.18444824, 204.258056641, 47.4706459045, -93.8539199829, 38.7199897766, -130.895828247, 31.8510570526, 11.2988519669, -20.4098625183, -5.58828783035, 81.8951721191], [-432.274200439, 26.8167247772, 204.258056641, 399.523986816, -23.1314525604, -55.9902229309, -33.3742332458, -48.3847618103, 32.7230796814, -16.8414325714, -35.1221427917, -30.0407123566, 61.1886672974], [-845.761535645, 205.970779419, 47.4706459045, -23.1314525604, 267.675262451, -93.650428772, 42.5317764282, -7.82208967209, 58.4922447205, -12.6566762924, -14.13859272, 12.3004894257, 22.5725669861], [981.481872559, -233.281112671, -93.8539199829, -55.9902229309, -93.650428772, 243.466583252, -5.34996938705, 63.6648254395, -57.3991165161, 27.6134052277, 38.4346427917, -19.3040142059, -62.051071167], [-545.511352539, 115.833282471, 38.7199897766, -33.3742332458, 42.5317764282, -5.34996938705, 212.171936035, -20.6761283875, -14.1642999649, -31.4401721954, 17.7532463074, 26.3383693695, -9.89715576172], [710.558898926, -173.234466553, -130.895828247, -48.3847618103, -7.82208967209, 63.6648254395, -20.6761283875, 138.202056885, 5.88841056824, 19.1990222931, -5.32941007614, 9.06389331818, -28.3958950043], [-654.128601074, 123.155647278, 31.8510570526, 32.7230796814, 58.4922447205, -57.3991165161, -14.1642999649, 5.88841056824, 120.511184692, 0.832981288433, 0.316864341497, -8.21564483643, 36.3278770447], [473.413391113, -363.254547119, 11.2988519669, -16.8414325714, -12.6566762924, 27.6134052277, -31.4401721954, 19.1990222931, 0.832981288433, 154.432037354, -3.49706745148, 6.58772087097, -50.0674324036], [-440.37109375, 148.548904419, -20.4098625183, -35.1221427917, -14.13859272, 38.4346427917, 17.7532463074, -5.32941007614, 0.316864341497, -3.49706745148, 117.274406433, -15.3590764999, -11.8412408829], [114.853866577, -137.748001099, -5.58828783035, -30.0407123566, 12.3004894257, -19.3040142059, 26.3383693695, 9.06389331818, -8.21564483643, 6.58772087097, -15.3590764999, 92.388420105, 10.6909360886], [-877.943115234, 166.639038086, 81.8951721191, 61.1886672974, 22.5725669861, -62.051071167, -9.89715576172, -28.3958950043, 36.3278770447, -50.0674324036, -11.8412408829, 10.6909360886, 111.691665649]], "icov": [[9.69489628915e-05, -0.000150942156324, 0.000152142980369, -9.85326405498e-05, 0.000182407282409, -0.000236702078837, 0.000222270027734, -0.000223693437874, 0.000300483050523, -0.000325704517309, 0.000603807275183, -0.000400684250053, 0.000582774926443], [-0.000150942156324, 0.0013880621409, -0.000100707809906, 0.000346492859535, -0.000766845885664, 0.00103906588629, -0.00060537958052, 0.00108889490366, -0.00101908808574, 0.00268995412625, -0.00228931941092, 0.00224052765407, -0.00133784185164], [0.000152142980369, -0.000100707809906, 0.00132876238786, -0.000541452434845, 8.01030473667e-05, -0.000352951261448, 5.35358631168e-05, 0.000534544815309, 0.000391171284718, -0.000722345546819, 0.000863667868543, -0.000389000051655, 0.000274641060969], [-9.85326405498e-05, 0.000346492859535, -0.000541452434845, 0.00337658403441, 0.000362771213986, 0.000591616146266, -7.66847515479e-05, 0.000795025902335, -0.000923422689084, 0.000659096695017, 7.84073272371e-05, 0.00182306580245, -0.00186397042125], [0.000182407282409, -0.000766845885664, 8.01030473667e-05, 0.000362771213986, 0.00549921859056, 0.000871425494552, -0.000485730997752, -0.00114743295126, -0.00112575304229, -0.00140976218972, 0.00210617668927, -0.00136315403506, 0.00144639250357], [-0.000236702078837, 0.00103906588629, -0.000352951261448, 0.000591616146266, 0.000871425494552, 0.0078208502382, -0.000962342892308, -0.00202397373505, 0.00119436788373, 0.00164825678803, -0.00403881818056, 0.00335820717737, -0.000306398287648], [0.000222270027734, -0.00060537958052, 5.35358631168e-05, -7.66847515479e-05, -0.000485730997752, -0.000962342892308, 0.0063163721934, 0.00024539270089, 0.0011959412368, 0.000404749094741, 0.000781570211984, -0.00330503215082, 0.00303037534468], [-0.000223693437874, 0.00108889490366, 0.000534544815309, 0.000795025902335, -0.00114743295126, -0.00202397373505, 0.00024539270089, 0.0112040461972, -0.00354276387952, 0.00213980139233, -0.000817439635284, 0.000175649460289, -0.000224719129619], [0.000300483050523, -0.00101908808574, 0.000391171284718, -0.000923422689084, -0.00112575304229, 0.00119436788373, 0.0011959412368, -0.00354276387952, 0.0130387907848, -0.00362117518671, 0.00104211934377, 7.54687698645e-06, -0.00155661534518], [-0.000325704517309, 0.00268995412625, -0.000722345546819, 0.000659096695017, -0.00140976218972, 0.00164825678803, 0.000404749094741, 0.00213980139233, -0.00362117518671, 0.013810466975, -0.00427190959454, 0.00253896648064, 0.00204820162617], [0.000603807275183, -0.00228931941092, 0.000863667868543, 7.84073272371e-05, 0.00210617668927, -0.00403881818056, 0.000781570211984, -0.000817439635284, 0.00104211934377, -0.00427190959454, 0.0152124483138, -0.00292633939534, 0.00431650085375], [-0.000400684250053, 0.00224052765407, -0.000389000051655, 0.00182306580245, -0.00136315403506, 0.00335820717737, -0.00330503215082, 0.000175649460289, 7.54687698645e-06, 0.00253896648064, -0.00292633939534, 0.0170815456659, -0.00612245686352], [0.000582774926443, -0.00133784185164, 0.000274641060969, -0.00186397042125, 0.00144639250357, -0.000306398287648, 0.00303037534468, -0.000224719129619, -0.00155661534518, 0.00204820162617, 0.00431650085375, -0.00612245686352, 0.0185667928308]]}, "melbands": {"dmean": [0.00096404296346, 0.00143557030242, 0.000553838617634, 0.000808899349067, 0.000218852219405, 0.000106122046418, 0.000118169926282, 0.000109587213956, 0.000125387086882, 0.000112959794933, 0.000150922438479, 6.34870157228e-05, 9.46525615291e-05, 7.94547959231e-05, 0.000104115715658, 6.17469559074e-05, 3.54614603566e-05, 2.58287545876e-05, 2.25749081437e-05, 1.64709817909e-05, 1.28742258312e-05, 9.38341145229e-06, 8.53535857459e-06, 2.56084149441e-06, 3.90583363696e-06, 3.05730372929e-06, 3.05290177494e-06, 1.94557765099e-06, 1.73404816906e-06, 1.87436000942e-06, 1.29645752622e-06, 8.88452177605e-07, 1.16979174436e-06, 7.55261908125e-07, 7.39689653528e-07, 9.64497075984e-07, 1.07789333015e-06, 9.15801649626e-07, 5.5957849554e-07, 3.76437213845e-07], "dmean2": [0.00164479354862, 0.0023927167058, 0.000920300022699, 0.0013265076559, 0.000356730190106, 0.000171168707311, 0.000190169273992, 0.000170238447026, 0.000199606802198, 0.000180468094186, 0.000241308604018, 0.000103677615698, 0.000154145658598, 0.000128298590425, 0.000164751530974, 0.000100088276668, 5.71814307477e-05, 4.15142676502e-05, 3.58010038326e-05, 2.56733655988e-05, 2.13726034417e-05, 1.55297857418e-05, 1.40893826028e-05, 4.22031371272e-06, 6.35662308923e-06, 4.94877303936e-06, 4.89427975481e-06, 3.11589724333e-06, 2.79759910882e-06, 3.00851183965e-06, 2.03458830583e-06, 1.40121528602e-06, 1.83598695003e-06, 1.1482921991e-06, 1.10338100967e-06, 1.4175141132e-06, 1.60037234309e-06, 1.35794243761e-06, 8.09589209894e-07, 5.43016483334e-07], "dvar": [6.28253337709e-06, 8.81367850525e-06, 1.52427617195e-06, 6.51205709801e-06, 2.73743239632e-07, 5.05015833596e-08, 9.73246656599e-08, 6.75865123867e-08, 8.18227050559e-08, 4.49069226249e-08, 7.55572244771e-08, 1.85318977941e-08, 4.08964027088e-08, 3.44815305198e-08, 6.80611833559e-08, 1.89956868013e-08, 7.16090342578e-09, 4.76696149221e-09, 3.86027965149e-09, 1.56559099018e-09, 6.66932176152e-10, 3.41888101163e-10, 2.60581417555e-10, 2.52959059949e-11, 1.13547490854e-10, 2.72687393499e-11, 2.85602218958e-11, 1.26874960191e-11, 1.18117174028e-11, 1.19858593536e-11, 6.0362392168e-12, 3.37083247599e-12, 4.40974210272e-12, 2.15010886699e-12, 2.61015970122e-12, 4.7408483389e-12, 7.28241772441e-12, 6.19456005588e-12, 2.45276758973e-12, 8.83792605072e-13], "dvar2": [1.74421293195e-05, 2.39651126321e-05, 4.11587097915e-06, 1.71172359842e-05, 7.6334441701e-07, 1.30307043378e-07, 2.43861308036e-07, 1.53270619307e-07, 2.03756258088e-07, 1.13128812984e-07, 1.85820610454e-07, 4.92385687778e-08, 1.04683408608e-07, 8.40884553099e-08, 1.72798294784e-07, 4.8393882679e-08, 1.76667480645e-08, 1.18848584307e-08, 9.33213417653e-09, 3.44005934849e-09, 1.79411263623e-09, 9.19308296154e-10, 7.11970538081e-10, 6.52993770167e-11, 2.87952772737e-10, 7.2757147529e-11, 7.32379920598e-11, 3.1166721981e-11, 2.86886833734e-11, 3.12290436566e-11, 1.47791171662e-11, 7.91106243014e-12, 1.06567766764e-11, 4.95465734413e-12, 5.72129800133e-12, 9.74521852104e-12, 1.53041052053e-11, 1.21051285315e-11, 5.03320128631e-12, 1.76671947471e-12], "max": [0.0279798768461, 0.0480800420046, 0.027090433985, 0.0297385714948, 0.00607889844105, 0.00325976428576, 0.00749923149124, 0.00519356131554, 0.00500726513565, 0.00318144820631, 0.00696660904214, 0.00292020756751, 0.00402149232104, 0.00481982110068, 0.00459672929719, 0.00235996069387, 0.00211748224683, 0.00158559984993, 0.00150692032184, 0.0011962071294, 0.000428381958045, 0.000296412385069, 0.00030056736432, 8.82945023477e-05, 0.000342289946275, 6.76104100421e-05, 8.7009575509e-05, 6.39801000943e-05, 6.88942891429e-05, 6.04791239311e-05, 4.09743042837e-05, 5.56616141694e-05, 4.19935277023e-05, 5.70319389226e-05, 4.88766709168e-05, 5.66081471334e-05, 6.50909423712e-05, 8.13177757664e-05, 4.60147894046e-05, 2.65377002506e-05], "mean": [0.00197662599385, 0.00425084587187, 0.0013948722044, 0.000985439517535, 0.000421358388849, 0.00018630179693, 0.000174553482793, 0.000161066025612, 0.000188168662135, 0.000189700891497, 0.000267222785624, 0.000108708984044, 0.000148101098603, 0.000129863707116, 0.00017723396013, 0.000100403129181, 5.55180849915e-05, 4.33835375588e-05, 3.77019714506e-05, 3.18942475133e-05, 2.51642304647e-05, 1.9038840037e-05, 1.67842681549e-05, 4.9489203775e-06, 7.20296748113e-06, 6.66705500407e-06, 6.90157321515e-06, 4.25816233474e-06, 3.53933342012e-06, 4.08640244132e-06, 2.98751001537e-06, 1.92716061065e-06, 2.54948213296e-06, 1.61413231581e-06, 1.62884248311e-06, 2.13262751458e-06, 2.26538554671e-06, 1.83456961622e-06, 1.09866084586e-06, 7.82719951076e-07], "median": [0.00113729457371, 0.0021366304718, 0.00101533241104, 0.000404517340939, 0.00025936961174, 8.1877624325e-05, 5.83745713811e-05, 5.68281684536e-05, 5.12260958203e-05, 8.08678450994e-05, 0.000126205864944, 3.60204430763e-05, 4.68712787551e-05, 2.99183484458e-05, 3.09945899062e-05, 2.51512647083e-05, 1.57100694196e-05, 1.10088312795e-05, 9.80892218649e-06, 9.01296334632e-06, 7.51503739593e-06, 6.46963007966e-06, 6.00231942371e-06, 2.29758870773e-06, 2.24309019359e-06, 2.66491110779e-06, 2.70489681498e-06, 1.44555451698e-06, 1.06659717858e-06, 1.06045490611e-06, 8.27131998449e-07, 7.22709842194e-07, 9.54232746153e-07, 8.11111874555e-07, 8.94656295714e-07, 1.18819002637e-06, 1.12378825179e-06, 7.15265741746e-07, 4.50698962595e-07, 3.25743798157e-07], "min": [2.85734649544e-24, 1.16838435191e-24, 2.54366463395e-24, 2.32982317799e-24, 3.29305172833e-24, 4.04330814743e-24, 4.10727175064e-24, 2.19190938694e-24, 2.96244387004e-24, 3.41678022258e-24, 6.48548937579e-24, 5.7037810724e-24, 3.81386519214e-24, 5.05289943368e-24, 5.05811932629e-24, 4.6702222197e-24, 4.62730148114e-24, 3.09412920981e-24, 3.61004286132e-24, 5.16866240494e-24, 4.39566667581e-24, 5.30149435404e-24, 5.13340426678e-24, 5.59665888907e-24, 5.71665409908e-24, 4.2455626172e-24, 5.88083971929e-24, 5.42183232411e-24, 6.19882876132e-24, 7.09085374028e-24, 5.90946984812e-24, 7.05309885736e-24, 7.31542508506e-24, 5.4021447225e-24, 7.84396662472e-24, 6.13155785877e-24, 6.93059585853e-24, 7.08727152291e-24, 7.26024426474e-24, 5.88373326109e-24], "var": [6.59658235236e-06, 3.36297998729e-05, 2.31328863265e-06, 5.49252081328e-06, 3.12082704568e-07, 9.01780907725e-08, 1.58692245122e-07, 1.0032972142e-07, 1.2340396438e-07, 8.81936443875e-08, 1.75975429784e-07, 3.67801256118e-08, 8.09597366924e-08, 7.36692626901e-08, 1.5594086733e-07, 3.52872149278e-08, 1.33059447904e-08, 1.03762705095e-08, 8.25250001668e-09, 4.42339986861e-09, 1.48262280231e-09, 7.4462724875e-10, 6.09834738263e-10, 4.95222127195e-11, 2.45744091742e-10, 8.37639194118e-11, 8.85150702734e-11, 3.73373311435e-11, 2.85173343273e-11, 3.60336066541e-11, 1.86984195488e-11, 8.11380910376e-12, 1.31275181697e-11, 5.16818272206e-12, 6.13463533444e-12, 1.10354668112e-11, 1.63582741103e-11, 1.63472846371e-11, 6.11448435286e-12, 2.32037414456e-12]}, "mfcc": {"mean": [-671.405578613, 130.195800781, 21.0734710693, 14.9176206589, 14.6073179245, 13.3802633286, 8.23888969421, 12.1353845596, 2.79691386223, 5.57423496246, -5.41542673111, 0.414116859436, -4.77813529968], "cov": [[18123.8183594, -709.830322266, -2073.85717773, -910.880737305, -703.105712891, 63.0362319946, 116.401344299, 22.3453006744, -26.4295558929, 227.877105713, 36.6723670959, 377.653625488, 206.546234131], [-709.830322266, 1883.71569824, -8.64568710327, 12.2979717255, 122.958953857, -81.5267944336, 37.9110412598, 162.661727905, -36.631816864, -2.0205321312, -21.4482917786, -43.2050323486, -25.4352645874], [-2073.85717773, -8.64568710327, 973.024780273, 232.234817505, 98.4672546387, 84.9969406128, 10.5211219788, -54.1426353455, 7.39948558807, -14.1360931396, -18.7843837738, -48.3829574585, -68.327835083], [-910.880737305, 12.2979717255, 232.234817505, 421.455932617, 88.2632522583, 32.3607444763, -64.1260986328, -27.4400463104, 89.7089385986, -57.9054908752, 2.85701107979, -46.0673027039, -44.1703948975], [-703.105712891, 122.958953857, 98.4672546387, 88.2632522583, 256.589355469, -23.317155838, -61.2206878662, -20.3165512085, 25.417924881, 40.0853462219, -16.8136386871, -47.1292114258, 6.41010713577], [63.0362319946, -81.5267944336, 84.9969406128, 32.3607444763, -23.317155838, 131.643081665, 43.364780426, -15.2032432556, -1.45623624325, -11.0409259796, 20.2459392548, 11.6287517548, -15.2715406418], [116.401344299, 37.9110412598, 10.5211219788, -64.1260986328, -61.2206878662, 43.364780426, 165.623031616, 51.1679878235, -41.9642791748, 3.22026371956, 11.7502555847, 34.8865280151, 3.28341078758], [22.3453006744, 162.661727905, -54.1426353455, -27.4400463104, -20.3165512085, -15.2032432556, 51.1679878235, 147.389984131, 13.3497362137, -25.751083374, -10.1484889984, 11.7237920761, -7.78530931473], [-26.4295558929, -36.631816864, 7.39948558807, 89.7089385986, 25.417924881, -1.45623624325, -41.9642791748, 13.3497362137, 141.982574463, -26.9015350342, -5.82726287842, -12.409157753, -14.462600708], [227.877105713, -2.0205321312, -14.1360931396, -57.9054908752, 40.0853462219, -11.0409259796, 3.22026371956, -25.751083374, -26.9015350342, 130.067016602, 13.2792596817, -2.7260351181, 21.5303764343], [36.6723670959, -21.4482917786, -18.7843837738, 2.85701107979, -16.8136386871, 20.2459392548, 11.7502555847, -10.1484889984, -5.82726287842, 13.2792596817, 86.2900009155, 27.2341480255, 0.996034860611], [377.653625488, -43.2050323486, -48.3829574585, -46.0673027039, -47.1292114258, 11.6287517548, 34.8865280151, 11.7237920761, -12.409157753, -2.7260351181, 27.2341480255, 93.6819000244, 24.0819721222], [206.546234131, -25.4352645874, -68.327835083, -44.1703948975, 6.41010713577, -15.2715406418, 3.28341078758, -7.78530931473, -14.462600708, 21.5303764343, 0.996034860611, 24.0819721222, 91.4539260864]], "icov": [[9.22093968256e-05, 5.59082945983e-06, 0.000171032384969, 5.6214772485e-05, 0.000179309034138, -0.000173457883648, 6.12934090896e-05, 3.98633746954e-05, -0.000101512596302, -0.000226382806432, 0.000173682856257, -0.000241525995079, 6.84649103277e-06], [5.59082945983e-06, 0.000648496381473, 1.83396423381e-05, -6.3278748712e-05, -0.000347677996615, 0.000314404140227, -0.000114054622827, -0.000739128445275, 0.000343855615938, 2.2464830181e-05, -9.5694551419e-05, 0.000207702163607, 0.000164356140886], [0.000171032384969, 1.83396423381e-05, 0.00168811879121, -0.000556359475013, -9.44020066527e-05, -0.000910410191864, -0.000350421818439, 0.000512848142534, 0.00014040399401, -0.000487736426294, 0.000815671752207, -0.000376284093363, 0.000749418511987], [5.6214772485e-05, -6.3278748712e-05, -0.000556359475013, 0.00387452240102, -0.000799634959549, -0.000739026581869, 0.000689523702022, 0.000483280833578, -0.00177909561899, 0.00148704159074, -0.000877006386872, 0.000678779266309, 0.000459491828224], [0.000179309034138, -0.000347677996615, -9.44020066527e-05, -0.000799634959549, 0.00595944840461, -7.28624436306e-05, 0.0015077405842, -1.31343831526e-05, -0.000652988848742, -0.00256722513586, 0.000855936552398, 0.00102621503174, -0.00122194853611], [-0.000173457883648, 0.000314404140227, -0.000910410191864, -0.000739026581869, -7.28624436306e-05, 0.0104814041406, -0.00340829580091, 0.00160022720229, -0.000214906962356, 0.00117063277867, -0.0020671854727, 5.14391576871e-05, 0.00115539995022], [6.12934090896e-05, -0.000114054622827, -0.000350421818439, 0.000689523702022, 0.0015077405842, -0.00340829580091, 0.00985162053257, -0.00370247662067, 0.00211214320734, -0.00111996277701, 6.42161321593e-05, -0.0018442904111, -0.000360006641131], [3.98633746954e-05, -0.000739128445275, 0.000512848142534, 0.000483280833578, -1.31343831526e-05, 0.00160022720229, -0.00370247662067, 0.0100062964484, -0.0021441206336, 0.00165330432355, 0.0010704852175, -0.000900160404854, 0.00107093842234], [-0.000101512596302, 0.000343855615938, 0.00014040399401, -0.00177909561899, -0.000652988848742, -0.000214906962356, 0.00211214320734, -0.0021441206336, 0.00941785145551, 0.000960592646152, 6.56399060972e-05, 5.52514466108e-05, 0.000569993047975], [-0.000226382806432, 2.2464830181e-05, -0.000487736426294, 0.00148704159074, -0.00256722513586, 0.00117063277867, -0.00111996277701, 0.00165330432355, 0.000960592646152, 0.0106620974839, -0.00258206389844, 0.00171159394085, -0.00135306979064], [0.000173682856257, -9.5694551419e-05, 0.000815671752207, -0.000877006386872, 0.000855936552398, -0.0020671854727, 6.42161321593e-05, 0.0010704852175, 6.56399060972e-05, -0.00258206389844, 0.0143592590466, -0.0047658700496, 0.00116743624676], [-0.000241525995079, 0.000207702163607, -0.000376284093363, 0.000678779266309, 0.00102621503174, 5.14391576871e-05, -0.0018442904111, -0.000900160404854, 5.52514466108e-05, 0.00171159394085, -0.0047658700496, 0.0156333427876, -0.0038827364333], [6.84649103277e-06, 0.000164356140886, 0.000749418511987, 0.000459491828224, -0.00122194853611, 0.00115539995022, -0.000360006641131, 0.00107093842234, 0.000569993047975, -0.00135306979064, 0.00116743624676, -0.0038827364333, 0.0135476132855]]}, "spectral_contrast_coeffs": {"dmean": [0.0406636446714, 0.0436062812805, 0.0384713895619, 0.0317050665617, 0.0204383525997, 0.0146727627143], "dmean2": [0.0664998963475, 0.0704851672053, 0.0606799386442, 0.0490592457354, 0.0323243290186, 0.0235338378698], "dvar": [0.00156928715296, 0.00139373121783, 0.0011193852406, 0.00078760512406, 0.000318362057442, 0.000197896704776], "dvar2": [0.00400326121598, 0.00355551973917, 0.00262858928181, 0.00169493909925, 0.000711622065865, 0.000447097147116], "max": [-0.324776679277, -0.451330691576, -0.428424954414, -0.48193860054, -0.587577462196, -0.646799266338], "mean": [-0.64736700058, -0.733286142349, -0.73000150919, -0.766376197338, -0.798630297184, -0.792478084564], "median": [-0.64964389801, -0.734934806824, -0.737011194229, -0.772897362709, -0.799012899399, -0.788281798363], "min": [-0.974253118038, -0.973265469074, -0.973824262619, -0.966400444508, -0.966743052006, -0.963666915894], "var": [0.00516645237803, 0.00535361329094, 0.00789874698967, 0.00574219226837, 0.00245758309029, 0.00161715736613]}, "spectral_contrast_valleys": {"dmean": [0.315561652184, 0.323220312595, 0.317591816187, 0.311997830868, 0.263570636511, 0.272609114647], "dmean2": [0.516725957394, 0.514665901661, 0.489240050316, 0.458008974791, 0.365818738937, 0.337713479996], "dvar": [0.102793484926, 0.124459445477, 0.145297765732, 0.167071118951, 0.167294442654, 0.190393865108], "dvar2": [0.227956280112, 0.256970405579, 0.262530207634, 0.276008874178, 0.257391929626, 0.2850