{"lowlevel": {"average_loudness": 0.836350500584, "barkbands_crest": {"dmean": 1.9449326992, "dmean2": 2.90644359589, "dvar": 3.55058526993, "dvar2": 7.78403997421, "max": 26.797700882, "mean": 12.4548301697, "median": 11.5248479843, "min": 4.14052820206, "var": 18.0509281158}, "barkbands_flatness_db": {"dmean": 0.0195004884154, "dmean2": 0.0301877390593, "dvar": 0.000376239477191, "dvar2": 0.00083266623551, "max": 0.554195344448, "mean": 0.360805124044, "median": 0.359159111977, "min": 0.0698858499527, "var": 0.00276625389233}, "barkbands_kurtosis": {"dmean": 1.9417488575, "dmean2": 2.81311106682, "dvar": 45.6488609314, "dvar2": 100.709564209, "max": 316.909332275, "mean": 3.71144390106, "median": 1.33863592148, "min": -1.8768235445, "var": 118.518318176}, "barkbands_skewness": {"dmean": 0.383563488722, "dmean2": 0.533239483833, "dvar": 0.264652311802, "dvar2": 0.522151112556, "max": 9.23941612244, "mean": 0.507833719254, "median": 0.674656510353, "min": -15.7962646484, "var": 2.20784187317}, "barkbands_spread": {"dmean": 1.32380461693, "dmean2": 1.98855316639, "dvar": 6.73372364044, "dvar2": 15.8259935379, "max": 149.353881836, "mean": 6.91194438934, "median": 5.77266550064, "min": 0.224201008677, "var": 52.7636642456}, "dissonance": {"dmean": 0.0411160923541, "dmean2": 0.0703816115856, "dvar": 0.00152401975356, "dvar2": 0.00424083555117, "max": 0.499946892262, "mean": 0.394979447126, "median": 0.401336491108, "min": 0.16996884346, "var": 0.00345698674209}, "dynamic_complexity": 4.36278533936, "erbbands_crest": {"dmean": 2.52729725838, "dmean2": 3.64467978477, "dvar": 6.714427948, "dvar2": 13.7348232269, "max": 34.2233009338, "mean": 15.7550258636, "median": 14.5925579071, "min": 2.83765363693, "var": 40.6622886658}, "erbbands_flatness_db": {"dmean": 0.0150858005509, "dmean2": 0.0225111264735, "dvar": 0.000263306341367, "dvar2": 0.000531082041562, "max": 0.584921300411, "mean": 0.400700926781, "median": 0.404842972755, "min": 0.030939200893, "var": 0.00297972839326}, "erbbands_kurtosis": {"dmean": 1.582498312, "dmean2": 2.10517430305, "dvar": 12.2477302551, "dvar2": 20.2209625244, "max": 80.9491653442, "mean": 2.80544161797, "median": 0.927168369293, "min": -1.76355445385, "var": 46.7916679382}, "erbbands_skewness": {"dmean": 0.331997007132, "dmean2": 0.428710848093, "dvar": 0.17126815021, "dvar2": 0.255408376455, "max": 3.77613806725, "mean": 0.146225139499, "median": 0.298163473606, "min": -6.7555513382, "var": 1.59280955791}, "erbbands_spread": {"dmean": 1.87105464935, "dmean2": 2.67199850082, "dvar": 6.63173961639, "dvar2": 13.7812051773, "max": 141.567749023, "mean": 10.9077339172, "median": 9.49048137665, "min": 0.274703383446, "var": 73.5230255127}, "hfc": {"dmean": 4.29154920578, "dmean2": 5.32810926437, "dvar": 31.1332473755, "dvar2": 49.7706222534, "max": 76.7417831421, "mean": 15.2470998764, "median": 13.2654914856, "min": 1.17236678794e-16, "var": 139.713088989}, "melbands_crest": {"dmean": 2.31768798828, "dmean2": 3.50095534325, "dvar": 5.0371556282, "dvar2": 11.6628761292, "max": 35.5195808411, "mean": 14.2908353806, "median": 13.4342155457, "min": 1.66485714912, "var": 23.3730392456}, "melbands_flatness_db": {"dmean": 0.0217716675252, "dmean2": 0.0335842594504, "dvar": 0.000575235811993, "dvar2": 0.00122701155487, "max": 0.731853544712, "mean": 0.455990105867, "median": 0.452054083347, "min": 0.00604421505705, "var": 0.00643224921077}, "melbands_kurtosis": {"dmean": 1.82987928391, "dmean2": 2.69940042496, "dvar": 29.0526103973, "dvar2": 84.7337417603, "max": 243.624328613, "mean": 3.88197517395, "median": 1.90933084488, "min": -1.9057571888, "var": 85.6485061646}, "melbands_skewness": {"dmean": 0.376975774765, "dmean2": 0.534283936024, "dvar": 0.203071072698, "dvar2": 0.407571315765, "max": 13.5773468018, "mean": 0.919307947159, "median": 0.974316060543, "min": -9.83223724365, "var": 1.69543862343}, "melbands_spread": {"dmean": 2.17266321182, "dmean2": 3.2339849472, "dvar": 14.5414552689, "dvar2": 32.196269989, "max": 202.975967407, "mean": 11.8786687851, "median": 9.06307601929, "min": 0.939721286297, "var": 166.512145996}, "pitch_salience": {"dmean": 0.0489032156765, "dmean2": 0.0733830481768, "dvar": 0.00231135869399, "dvar2": 0.00527943298221, "max": 0.837673962116, "mean": 0.501331984997, "median": 0.500339150429, "min": 0.0559125207365, "var": 0.0113794421777}, "silence_rate_20dB": {"dmean": 0, "dmean2": 0, "dvar": 0, "dvar2": 0, "max": 1, "mean": 1, "median": 1, "min": 1, "var": 0}, "silence_rate_30dB": {"dmean": 0.00209680246189, "dmean2": 0.00419433787465, "dvar": 0.00209250883199, "dvar2": 0.00487542385235, "max": 1, "mean": 0.997903585434, "median": 1, "min": 0, "var": 0.0020921479445}, "silence_rate_60dB": {"dmean": 0.0101345451549, "dmean2": 0.0202726311982, "dvar": 0.0100321145728, "dvar2": 0.0240567661822, "max": 1, "mean": 0.120020963252, "median": 0, "min": 0, "var": 0.105614684522}, "spectral_centroid": {"dmean": 61.7813987732, "dmean2": 87.6282348633, "dvar": 22580.7460938, "dvar2": 35465.0078125, "max": 11583.2675781, "mean": 685.757446289, "median": 596.898681641, "min": 199.612960815, "var": 193881.53125}, "spectral_complexity": {"dmean": 1.35069024563, "dmean2": 2.17511367798, "dvar": 2.27663683891, "dvar2": 4.8881611824, "max": 23, "mean": 10.7306079865, "median": 11, "min": 0, "var": 20.8904037476}, "spectral_decrease": {"dmean": 1.51144619043e-09, "dmean2": 1.96053240309e-09, "dvar": 3.95112704394e-18, "dvar2": 7.1688757568e-18, "max": 5.96361593327e-16, "mean": -6.46543707461e-09, "median": -5.8782969603e-09, "min": -3.29143752253e-08, "var": 2.41227472578e-17}, "spectral_energy": {"dmean": 0.00607365509495, "dmean2": 0.00784826744348, "dvar": 6.24803506071e-05, "dvar2": 0.000111787259812, "max": 0.128694668412, "mean": 0.0257849246264, "median": 0.0234997570515, "min": 1.06428070681e-20, "var": 0.000378194556106}, "spectral_energyband_high": {"dmean": 1.97386434593e-05, "dmean2": 3.14800454362e-05, "dvar": 3.99125319461e-08, "dvar2": 9.79792744715e-08, "max": 0.00503980973735, "mean": 1.84081254702e-05, "median": 6.9065038133e-07, "min": 7.65651218897e-21, "var": 3.53200277914e-08}, "spectral_energyband_low": {"dmean": 0.00110124261118, "dmean2": 0.00186629209202, "dvar": 1.171684562e-05, "dvar2": 3.6285018723e-05, "max": 0.0586186312139, "mean": 0.00200128485449, "median": 0.00036188508966, "min": 1.04088277934e-22, "var": 2.0809337002e-05}, "spectral_energyband_middle_high": {"dmean": 0.00235744472593, "dmean2": 0.00296091730706, "dvar": 1.28731580844e-05, "dvar2": 1.97641475097e-05, "max": 0.0590173080564, "mean": 0.00620751688257, "median": 0.00402477476746, "min": 1.62717745697e-21, "var": 4.8091798817e-05}, "spectral_energyband_middle_low": {"dmean": 0.00442309677601, "dmean2": 0.00566413346678, "dvar": 3.90921995859e-05, "dvar2": 6.59058277961e-05, "max": 0.124770522118, "mean": 0.019659794867, "median": 0.0180498734117, "min": 2.42426826402e-22, "var": 0.0002693849965}, "spectral_entropy": {"dmean": 0.164996981621, "dmean2": 0.242305621505, "dvar": 0.0452205352485, "dvar2": 0.102500669658, "max": 9.80562210083, "mean": 5.73295021057, "median": 5.69219923019, "min": 4.13815832138, "var": 0.283817082644}, "spectral_flux": {"dmean": 0.0192863475531, "dmean2": 0.0313767045736, "dvar": 0.000543000351172, "dvar2": 0.00129276537336, "max": 0.252037674189, "mean": 0.0449811071157, "median": 0.0378782227635, "min": 1.031639843e-10, "var": 0.0010417328449}, "spectral_kurtosis": {"dmean": 32.4124832153, "dmean2": 56.0923118591, "dvar": 929.532958984, "dvar2": 2493.56298828, "max": 531.924377441, "mean": 99.9596252441, "median": 82.4744873047, "min": -1.19208991528, "var": 5887.98828125}, "spectral_rms": {"dmean": 0.000554426922463, "dmean2": 0.00070595467696, "dvar": 3.71924642195e-07, "dvar2": 6.23941218691e-07, "max": 0.0112051675096, "mean": 0.00455732829869, "median": 0.00478817243129, "min": 3.22230133201e-12, "var": 4.38678398496e-06}, "spectral_rolloff": {"dmean": 86.8619232178, "dmean2": 156.267044067, "dvar": 140871.421875, "dvar2": 281257.28125, "max": 19939.7460938, "mean": 1074.04345703, "median": 796.728515625, "min": 64.599609375, "var": 3543495.75}, "spectral_skewness": {"dmean": 1.75495517254, "dmean2": 3.05985355377, "dvar": 2.17255878448, "dvar2": 5.92363214493, "max": 18.3008117676, "mean": 6.468791008, "median": 5.9172911644, "min": -0.0676030665636, "var": 10.7001752853}, "spectral_spread": {"dmean": 258377.671875, "dmean2": 443603.5625, "dvar": 202026483712, "dvar2": 325326143488, "max": 40364124, "mean": 1087568.125, "median": 877167.625, "min": 195078.171875, "var": 2709104099330.0}, "spectral_strongpeak": {"dmean": 0.717028319836, "dmean2": 1.09279668331, "dvar": 1.03660678864, "dvar2": 2.02860999107, "max": 8.79036331177, "mean": 2.0168132782, "median": 1.55170059204, "min": 0, "var": 2.86674833298}, "zerocrossingrate": {"dmean": 0.00327463261783, "dmean2": 0.00377969956025, "dvar": 6.64545732434e-05, "dvar2": 6.35074975435e-05, "max": 0.76318359375, "mean": 0.0380400456488, "median": 0.03076171875, "min": 0.00634765625, "var": 0.00408747047186}, "barkbands": {"dmean": [2.2384147087e-06, 0.000120339864225, 0.000785476004239, 0.000808925426099, 0.000772105762735, 0.00142314832192, 0.000271795288427, 0.00104935909621, 0.000747633981518, 0.00153915619012, 0.000338056619512, 0.000731984211598, 0.000470752624096, 0.000334569311235, 5.50561890122e-05, 5.21202418895e-05, 3.19932005368e-05, 4.79990467284e-06, 7.55701785238e-06, 2.03705039894e-05, 3.08915304004e-07, 6.38062772396e-07, 1.104299443e-07, 9.47688221231e-08, 7.47870654294e-09, 1.6013865789e-09, 1.51531764914e-09], "dmean2": [3.75372064809e-06, 0.000177279376658, 0.00134265981615, 0.00126055139117, 0.00111259054393, 0.00192650326062, 0.000391539710108, 0.00130833953153, 0.00103048572782, 0.00179273518734, 0.000513600592967, 0.000834450882394, 0.000599635241088, 0.000450681167422, 8.32716323202e-05, 7.78849280323e-05, 4.5328935812e-05, 7.70238057157e-06, 1.12180468932e-05, 3.24211359839e-05, 4.81336485336e-07, 1.06914649223e-06, 1.87017818121e-07, 1.67092849779e-07, 1.35647706401e-08, 2.93028157294e-09, 2.70816125081e-09], "dvar": [1.04977242177e-11, 1.07761351842e-07, 6.28961197435e-06, 6.75394949212e-06, 2.31556782637e-06, 9.14587690204e-06, 1.77938431989e-07, 4.11809241996e-06, 5.61539036426e-06, 1.07691021185e-05, 1.10236385353e-06, 4.62148409497e-06, 2.20276660912e-06, 7.12753205789e-07, 3.82089240247e-08, 1.88257232026e-08, 4.63763338843e-09, 3.26205590317e-10, 3.24650861749e-10, 4.32799573957e-08, 1.03646529293e-12, 4.78425424277e-11, 4.42673588757e-12, 1.73139313216e-12, 9.68927510518e-15, 1.09345461777e-16, 2.51499153271e-17], "dvar2": [2.72879722291e-11, 1.88256450429e-07, 2.11938404391e-05, 1.70570947375e-05, 5.19502782481e-06, 1.58859165822e-05, 3.69254877342e-07, 6.94718391969e-06, 1.05694243757e-05, 1.46117581608e-05, 2.63018227997e-06, 5.62403874937e-06, 3.26124359162e-06, 1.30696525957e-06, 8.02342583484e-08, 4.51357493603e-08, 9.38788335958e-09, 8.28879076487e-10, 6.82196354962e-10, 1.06077422402e-07, 2.56753429281e-12, 1.28757476903e-10, 1.19298780923e-11, 4.76053094514e-12, 2.74808506436e-14, 3.16837941407e-16, 7.21773317968e-17], "max": [5.28988566657e-05, 0.0110282218084, 0.0393858626485, 0.0541380494833, 0.0429598428309, 0.0840559899807, 0.00863206107169, 0.0329473242164, 0.0480840653181, 0.0622122362256, 0.0115737430751, 0.0354368500412, 0.026335047558, 0.0116905551404, 0.00656503206119, 0.00390033773147, 0.00114170880988, 0.000335432210704, 0.000280767562799, 0.00537694897503, 2.16502394323e-05, 0.000171603038325, 7.75198204792e-05, 3.3372631151e-05, 2.60205638369e-06, 2.56690100287e-07, 1.24612512309e-07], "mean": [2.83365329778e-06, 0.000338018406183, 0.00108035083394, 0.00148907524999, 0.00432442501187, 0.00482361763716, 0.000882085529156, 0.0027928778436, 0.00218584365211, 0.00357042928226, 0.000579758605454, 0.00143695413135, 0.0010874014115, 0.000791751954239, 0.000200746653718, 9.38101293286e-05, 6.40520083834e-05, 7.71290069679e-06, 1.28053861772e-05, 1.93853320525e-05, 3.30428377993e-07, 5.52853805402e-07, 9.2302656185e-08, 6.55202470057e-08, 6.04928906967e-09, 1.72712055768e-09, 4.49736470287e-09], "median": [1.34299170895e-06, 3.70403977286e-05, 0.000192986655748, 0.000127245555632, 0.00220927153714, 0.00198591593653, 0.000438127754023, 0.000802301103249, 0.00037308386527, 0.000924988416955, 0.000207949778996, 0.000196984197828, 7.73217107053e-05, 0.00012228830019, 4.75347260362e-05, 2.34337894653e-05, 2.28835888265e-05, 1.11414487947e-06, 5.41475856153e-06, 9.92868990579e-07, 4.11487590668e-08, 8.38067748532e-09, 3.35035466037e-09, 7.75496444838e-10, 6.40442254785e-10, 8.43554226471e-10, 4.00671851253e-09], "min": [5.20065229237e-23, 3.3814484837e-23, 3.75270788271e-23, 1.30301283311e-23, 3.01185137238e-23, 2.01402736648e-23, 5.79476142612e-23, 6.88307645532e-23, 4.0947870013e-23, 3.25123405397e-23, 5.56539222932e-23, 7.81822309571e-23, 1.51411109627e-22, 5.82610634087e-23, 1.12502798464e-22, 2.13373924922e-22, 3.07931892218e-22, 2.54199256437e-22, 1.95382292215e-22, 3.1223821448e-22, 3.21468063776e-22, 7.36790027025e-22, 4.67375069986e-22, 8.01511861247e-22, 1.50853681579e-21, 1.54597441254e-21, 2.25984208542e-21], "var": [1.65369194033e-11, 7.13773829375e-07, 7.390056453e-06, 1.77866713784e-05, 2.76001646853e-05, 5.01512222399e-05, 1.12160023491e-06, 1.80472961802e-05, 2.01134917006e-05, 3.63377512258e-05, 1.61605623816e-06, 1.68113292602e-05, 9.25590848055e-06, 3.00252531815e-06, 1.74274205733e-07, 3.50605589006e-08, 1.02280033332e-08, 5.91599047528e-10, 5.58850576926e-10, 3.82896132578e-08, 1.05334252605e-12, 3.49566903202e-11, 3.19457698142e-12, 1.12339391262e-12, 6.62621338549e-15, 6.56237187698e-17, 1.57640640069e-17]}, "erbbands": {"dmean": [0.0016925057862, 0.0438777953386, 0.661373019218, 1.77074110508, 2.29016089439, 2.58065128326, 5.82534313202, 14.7860536575, 5.88830375671, 14.6834936142, 17.1192913055, 21.5092315674, 57.6106834412, 10.7612247467, 18.3021144867, 38.4267196655, 24.1087627411, 18.5567970276, 4.77849674225, 3.82921409607, 2.04027509689, 1.08812117577, 0.48582482338, 0.473523259163, 0.229157626629, 1.27847135067, 0.17134834826, 0.0152712473646, 0.0144048044458, 0.0219948776066, 0.0014007993741, 0.00221700710244, 0.00101928180084, 7.83058058005e-05, 7.42240008549e-05, 9.39443179959e-06, 4.58405065729e-06, 1.29023521822e-06, 3.08990797748e-06, 6.99823294781e-06], "dmean2": [0.00279746879824, 0.0669151321054, 1.10961484909, 2.89885091782, 3.48044872284, 3.62365341187, 8.51397228241, 20.3735752106, 7.35266685486, 18.17137146, 23.0023593903, 29.1059322357, 66.6107559204, 14.4880533218, 27.5698871613, 42.7166252136, 30.5605659485, 24.7001953125, 6.65177869797, 5.78851652145, 2.92094564438, 1.55716967583, 0.767650067806, 0.722751915455, 0.336689561605, 2.02557444572, 0.278733462095, 0.0234951861203, 0.0230189040303, 0.0378280617297, 0.00233898940496, 0.00390335032716, 0.00180211942643, 0.000137400798849, 0.000133103050757, 1.5481520677e-05, 7.38540757084e-06, 2.09731297218e-06, 3.97357598558e-06, 9.00444229046e-06], "dvar": [1.28692254293e-05, 0.0140230990946, 4.21753120422, 32.8472518921, 46.5617637634, 22.3296432495, 137.660171509, 1035.21496582, 107.222312927, 790.91418457, 1475.16491699, 4161.59033203, 15181.4833984, 1011.27709961, 3134.25683594, 12029.8261719, 5204.50830078, 1880.79589844, 134.131210327, 142.95552063, 21.2932624817, 5.09493494034, 2.26517891884, 1.04073894024, 1.52146232128, 193.831802368, 3.64717507362, 0.00443061487749, 0.0134353078902, 0.0634156540036, 0.000249407545198, 0.00109467236325, 0.000165334087797, 7.96369761247e-07, 9.49324999056e-07, 2.99448377206e-09, 6.82059908552e-10, 3.00417052346e-11, 1.57759465214e-11, 8.13095216157e-11], "dvar2": [3.42940547853e-05, 0.0300214588642, 13.7144145966, 90.6872787476, 107.771034241, 44.9048690796, 271.055938721, 1809.55627441, 151.071426392, 1075.33203125, 3037.06298828, 7886.97119141, 20100.9179688, 2009.43933105, 7516.97851562, 14281.7001953, 7863.06396484, 3340.82373047, 238.8644104, 347.931396484, 47.968662262, 10.6096096039, 5.71146774292, 2.39117121696, 3.31785416603, 473.258911133, 9.33491802216, 0.0106397112831, 0.0352872386575, 0.171584546566, 0.000668131804559, 0.00299070123583, 0.000451587169664, 2.20792821892e-06, 2.70036639449e-06, 8.42145020385e-09, 1.95526950186e-09, 8.36136368476e-11, 2.76983123937e-11, 1.43360184834e-10], "max": [0.114326946437, 3.47983765602, 36.1066436768, 108.426612854, 173.99848938, 163.310668945, 297.587585449, 755.756713867, 211.200149536, 449.569152832, 626.918395996, 1343.24414062, 2442.55859375, 1483.06970215, 609.018188477, 1822.18200684, 1330.13793945, 590.226501465, 388.879486084, 229.185241699, 122.556968689, 36.8929824829, 23.5100288391, 12.4397382736, 29.2885494232, 375.599243164, 62.477973938, 1.6686000824, 2.84994077682, 5.74097251892, 0.484883278608, 0.85283946991, 0.28066945076, 0.0218357909471, 0.0258455425501, 0.00135753012728, 0.000646874425001, 0.000144566060044, 6.16241813987e-05, 0.000143479279359], "mean": [0.00356533331797, 0.11012468487, 0.988127529621, 3.20017528534, 6.12948894501, 16.6300125122, 23.9471035004, 47.9763450623, 23.0496044159, 42.4140853882, 42.6174316406, 65.7635879517, 135.92829895, 23.0961856842, 33.6848754883, 77.8042449951, 57.6698760986, 46.8145484924, 13.8886442184, 10.4971122742, 4.02740287781, 2.24795341492, 0.903221189976, 0.828966379166, 0.331359952688, 1.2021188736, 0.164735361934, 0.0165678691119, 0.0133917974308, 0.0179431624711, 0.00128372921608, 0.00158935901709, 0.000726015481632, 8.01829301054e-05, 7.44231801946e-05, 2.10373527807e-05, 1.20016775327e-05, 3.59022351404e-06, 1.33104977067e-05, 2.94980582112e-05], "median": [0.00102003803477, 0.0117925181985, 0.151561498642, 0.504213094711, 1.0590634346, 7.21533298492, 14.4900398254, 18.855928421, 9.8265209198, 13.7969446182, 18.4229221344, 17.29296875, 35.348651886, 9.83911037445, 12.7478914261, 14.7683706284, 7.49656867981, 8.84366607666, 4.59674739838, 3.43063592911, 2.099796772, 0.948465645313, 0.265563100576, 0.377408832312, 0.067998021841, 0.0436163730919, 0.0119216749445, 0.00215567089617, 0.000504343188368, 0.00021642644424, 9.11529059522e-05, 4.46211997769e-05, 3.31539267791e-05, 2.68341900664e-05, 2.19372050196e-05, 1.64326775121e-05, 9.87131079455e-06, 3.01383215628e-06, 1.21638022392e-05, 2.69215015578e-05], "min": [9.87542175876e-22, 7.8940972017e-21, 3.70205038577e-20, 5.270387089e-20, 4.31366611511e-20, 1.08604122763e-19, 1.48217272386e-19, 2.03475664415e-19, 8.88853958254e-19, 1.08540954599e-18, 1.2058758911e-18, 9.36499251344e-19, 1.05234134664e-18, 1.22641964539e-18, 2.7029241141e-18, 3.20458516738e-18, 5.67166519959e-18, 4.53615466807e-18, 5.22818720343e-18, 7.73427769371e-18, 1.48535416389e-17, 1.79357936179e-17, 1.23336244111e-17, 1.5044952887e-17, 8.15349696406e-18, 1.46844344888e-17, 1.55093734419e-17, 1.39328846541e-17, 2.33350512846e-17, 2.2362784847e-17, 1.29995279653e-17, 1.39020440521e-17, 1.39582079613e-17, 1.32914606829e-17, 1.27949000253e-17, 6.19157261641e-18, 2.89892063114e-18, 1.34986135917e-18, 3.05011166953e-19, 3.34975093171e-20], "var": [6.27474291832e-05, 0.0757784694433, 6.40353679657, 66.2224121094, 196.511047363, 444.192687988, 873.895812988, 5171.46386719, 935.945556641, 4164.04980469, 4186.85449219, 15272.1416016, 52474.9570312, 2450.86889648, 4549.54101562, 43989.8320312, 20917.4570312, 8277.37207031, 550.998718262, 388.858154297, 40.6015853882, 11.187664032, 4.40713119507, 1.655590415, 1.86399555206, 172.406082153, 3.01843142509, 0.00431653019041, 0.0104515012354, 0.0455833785236, 0.00018482930318, 0.00072435621405, 0.000108429849206, 5.42281725302e-07, 6.47217973437e-07, 2.15741602361e-09, 4.70869732094e-10, 2.270179357e-11, 9.13892989063e-11, 4.85814666273e-10]}, "gfcc": {"mean": [-193.312759399, 230.997619629, -147.465835571, -56.5616378784, -21.9233455658, -35.2903251648, -20.0799751282, -18.1557922363, -15.0299959183, -10.1325759888, -6.23657083511, -12.2944259644, 1.85238862038], "cov": [[15213.8417969, 2459.35668945, -4460.75341797, 516.128540039, 358.364532471, -1391.9050293, -94.2298583984, -596.022216797, -497.505462646, -267.552276611, -141.124053955, -401.181976318, -7.38042354584], [2459.35668945, 2000.74963379, 451.731536865, -258.685119629, 191.380264282, -200.26473999, -213.421264648, -69.4935302734, -158.628372192, -179.895645142, -102.431091309, -134.728210449, -26.7513980865], [-4460.75341797, 451.731536865, 2805.93896484, -73.2230453491, -164.711730957, 452.236602783, -163.852416992, 163.357818604, 99.9792404175, -65.147064209, -75.2592773438, 6.80870819092, -42.5188217163], [516.128540039, -258.685119629, -73.2230453491, 612.762390137, 82.8132171631, 36.6993293762, 174.032089233, -5.89058113098, -3.17788767815, 0.735103726387, -60.0246810913, -94.284576416, -74.6046142578], [358.364532471, 191.380264282, -164.711730957, 82.8132171631, 503.058197021, 221.022872925, 172.040817261, 59.0496673584, -117.175605774, -77.2372512817, -61.0320243835, -105.711402893, -99.9746627808], [-1391.9050293, -200.26473999, 452.236602783, 36.6993293762, 221.022872925, 653.754577637, 278.658721924, 61.9812088013, 1.39508795738, -61.8032608032, -103.128517151, -27.8670711517, -71.1237335205], [-94.2298583984, -213.421264648, -163.852416992, 174.032089233, 172.040817261, 278.658721924, 351.144348145, 104.366775513, -34.489654541, -36.2085266113, -62.6895637512, -34.869884491, -61.9849777222], [-596.022216797, -69.4935302734, 163.357818604, -5.89058113098, 59.0496673584, 61.9812088013, 104.366775513, 232.714508057, 73.0426864624, 4.31687259674, -6.58424186707, -25.2045879364, -12.2286138535], [-497.505462646, -158.628372192, 99.9792404175, -3.17788767815, -117.175605774, 1.39508795738, -34.489654541, 73.0426864624, 205.728225708, 97.1398162842, -15.3069972992, 14.7674598694, 29.8682327271], [-267.552276611, -179.895645142, -65.147064209, 0.735103726387, -77.2372512817, -61.8032608032, -36.2085266113, 4.31687259674, 97.1398162842, 150.521881104, 86.3719482422, 21.6391181946, 1.95935630798], [-141.124053955, -102.431091309, -75.2592773438, -60.0246810913, -61.0320243835, -103.128517151, -62.6895637512, -6.58424186707, -15.3069972992, 86.3719482422, 178.095397949, 88.9180755615, -3.86382460594], [-401.181976318, -134.728210449, 6.80870819092, -94.284576416, -105.711402893, -27.8670711517, -34.869884491, -25.2045879364, 14.7674598694, 21.6391181946, 88.9180755615, 158.186981201, 59.5653190613], [-7.38042354584, -26.7513980865, -42.5188217163, -74.6046142578, -99.9746627808, -71.1237335205, -61.9849777222, -12.2286138535, 29.8682327271, 1.95935630798, -3.86382460594, 59.5653190613, 125.240608215]], "icov": [[0.000909816590138, -0.00162986607756, 0.00181396503467, -0.0014526861487, 0.00100274442229, -0.000304091401631, 0.000608974718489, 0.000161895310157, -4.70642262371e-05, 0.00126594526228, -0.000670714769512, 0.000999107258394, -0.000103530430351], [-0.00162986607756, 0.00391012663022, -0.0037545056548, 0.00342004117556, -0.00273350696079, 0.00182424020022, -0.00223157834262, 0.00132892641705, -0.00136444193777, -0.00013702364231, -0.000105649422039, -8.80353836692e-05, -0.000252829486271], [0.00181396503467, -0.0037545056548, 0.0047942805104, -0.0039015582297, 0.00337429833598, -0.00286262715235, 0.00456892000511, -0.00290748174302, 0.0028388495557, -7.4358562415e-05, 0.00148178345989, -0.000374906725483, 0.00120190321468], [-0.0014526861487, 0.00342004117556, -0.0039015582297, 0.00583685236052, -0.00301575590856, 0.00333359884098, -0.00598430633545, 0.00426346762106, -0.0043726162985, 0.0019714711234, -0.0025581328664, 0.00259661092423, -0.000564343470614], [0.00100274442229, -0.00273350696079, 0.00337429833598, -0.00301575590856, 0.00644453894347, -0.0039802249521, 0.00449303351343, -0.00510626053438, 0.00636991439387, -0.00318214832805, 0.00364496209659, -0.00113973987754, 0.00261869537644], [-0.000304091401631, 0.00182424020022, -0.00286262715235, 0.00333359884098, -0.0039802249521, 0.00761280534789, -0.0091944783926, 0.00755956815556, -0.00797250214964, 0.00656036334112, -0.00512545369565, 0.00407356210053, -0.00157760665752], [0.000608974718489, -0.00223157834262, 0.00456892000511, -0.00598430633545, 0.00449303351343, -0.0091944783926, 0.019307276234, -0.0151973199099, 0.0163950677961, -0.0139947738498, 0.0157890804112, -0.0118000907823, 0.00639073224738], [0.000161895310157, 0.00132892641705, -0.00290748174302, 0.00426346762106, -0.00510626053438, 0.00755956815556, -0.0151973199099, 0.01998420991, -0.0200544856489, 0.018713766709, -0.0190018136054, 0.0143819786608, -0.00644377944991], [-4.70642262371e-05, -0.00136444193777, 0.0028388495557, -0.0043726162985, 0.00636991439387, -0.00797250214964, 0.0163950677961, -0.0200544856489, 0.0329730696976, -0.0312030967325, 0.0287988446653, -0.0183860361576, 0.00703588686883], [0.00126594526228, -0.00013702364231, -7.4358562415e-05, 0.0019714711234, -0.00318214832805, 0.00656036334112, -0.0139947738498, 0.018713766709, -0.0312030967325, 0.042932998389, -0.0351143553853, 0.0229730438441, -0.00795887410641], [-0.000670714769512, -0.000105649422039, 0.00148178345989, -0.0025581328664, 0.00364496209659, -0.00512545369565, 0.0157890804112, -0.0190018136054, 0.0287988446653, -0.0351143553853, 0.0413746125996, -0.0273755360395, 0.0128527712077], [0.000999107258394, -8.80353836692e-05, -0.000374906725483, 0.00259661092423, -0.00113973987754, 0.00407356210053, -0.0118000907823, 0.0143819786608, -0.0183860361576, 0.0229730438441, -0.0273755360395, 0.0284403655678, -0.0119183799252], [-0.000103530430351, -0.000252829486271, 0.00120190321468, -0.000564343470614, 0.00261869537644, -0.00157760665752, 0.00639073224738, -0.00644377944991, 0.00703588686883, -0.00795887410641, 0.0128527712077, -0.0119183799252, 0.0162361860275]]}, "melbands": {"dmean": [2.25731891987e-05, 0.000247097166721, 0.000320042483509, 0.000137667622766, 0.000204697513254, 0.000310297269607, 7.83962532296e-05, 0.000189967162441, 0.000139884272357, 0.000128565356135, 0.000284653506242, 3.74201808881e-05, 4.65671691927e-05, 9.2042660981e-05, 6.93332549417e-05, 4.01641736971e-05, 3.90492314182e-05, 9.31811337068e-06, 4.18019999415e-06, 5.63098865314e-06, 2.07294237953e-06, 1.462662226e-06, 8.3108511717e-07, 1.86973863947e-07, 4.67767023338e-07, 1.12294856081e-07, 3.03157690951e-07, 9.62879539657e-07, 1.14872975132e-07, 1.29282424766e-08, 3.97446786593e-09, 5.26693044733e-09, 1.93241085356e-08, 8.27859381047e-09, 2.31416844021e-10, 2.55538729066e-10, 1.97330329854e-09, 1.05307873532e-09, 5.95438628959e-11, 5.0082278602e-11], "dmean2": [3.41919185303e-05, 0.00041397739551, 0.000511934165843, 0.000201093469514, 0.000294182857033, 0.000421736302087, 9.82006822596e-05, 0.000233508326346, 0.00018838980759, 0.000172965490492, 0.000328896130668, 5.3018968174e-05, 7.11429747753e-05, 0.000110905762995, 8.07046089903e-05, 5.16117470397e-05, 5.22777736478e-05, 1.30806338348e-05, 6.2153271756e-06, 8.4814219008e-06, 2.93993821288e-06, 2.01859506888e-06, 1.33588378048e-06, 2.90795497904e-07, 7.16326326256e-07, 1.6690316329e-07, 4.66996169735e-07, 1.5323378193e-06, 1.9272033569e-07, 1.99863556816e-08, 5.99891825104e-09, 8.02932120791e-09, 3.32344285425e-08, 1.42555593996e-08, 3.71435132651e-10, 4.45030845508e-10, 3.49348394657e-09, 1.87496929094e-09, 1.03072807234e-10, 9.0219602622e-11], "dvar": [3.12317327555e-09, 5.73374791202e-07, 9.8763484857e-07, 8.94314453603e-08, 1.56340149715e-07, 4.33231264196e-07, 1.93635241175e-08, 1.29417514927e-07, 9.68234274978e-08, 1.3848462288e-07, 3.74770365852e-07, 1.83108515017e-08, 2.18005329344e-08, 5.87814241726e-08, 2.59789132429e-08, 1.85970261413e-08, 9.39833544322e-09, 5.32414334842e-10, 2.00997371524e-10, 2.31982252852e-10, 1.82114150149e-11, 1.07808787939e-11, 6.90820881402e-12, 6.19907825159e-13, 1.04019961047e-12, 2.44468968723e-13, 9.27969853737e-12, 1.06167213909e-10, 4.15961926362e-12, 1.53684122703e-15, 2.25576388208e-16, 6.41030934592e-16, 6.27228032967e-14, 1.07534822179e-14, 2.04636211739e-18, 1.19341218178e-17, 9.02575756342e-16, 1.81189505961e-16, 1.02406614195e-18, 4.25947350652e-19], "dvar2": [6.14056849813e-09, 1.8585997168e-06, 2.51532128459e-06, 2.00026036623e-07, 3.17493487501e-07, 7.55125029173e-07, 2.72330247242e-08, 1.76506375738e-07, 1.91770524793e-07, 2.63809369017e-07, 4.95024607972e-07, 3.73540842702e-08, 5.23080707637e-08, 8.00834598635e-08, 3.4187205955e-08, 2.71173270505e-08, 1.70329670368e-08, 1.01232555672e-09, 4.50474574309e-10, 5.61897361973e-10, 3.69163692671e-11, 2.12206103384e-11, 1.80284884244e-11, 1.52965444131e-12, 2.3882443332e-12, 4.81203943879e-13, 2.2462403465e-11, 2.59553795123e-10, 1.08236822283e-11, 3.66799570995e-15, 4.98103495045e-16, 1.40211491929e-15, 1.69143521346e-13, 2.91121124332e-14, 5.5170614208e-18, 3.18545500271e-17, 2.4817358082e-15, 4.99466794573e-16, 2.64516271232e-18, 1.19642214728e-18], "max": [0.00179154379293, 0.0129834162071, 0.0191110316664, 0.00881238933653, 0.00913720391691, 0.0165761560202, 0.00281962403096, 0.00565931806341, 0.0050694970414, 0.00722115114331, 0.0120431305841, 0.00660821935162, 0.00161884934641, 0.00388053944334, 0.0024088085629, 0.00319470535032, 0.00135731243063, 0.000558914034627, 0.000281646789517, 0.000359322031727, 7.75717780925e-05, 6.01963947702e-05, 3.47149398294e-05, 1.48406916196e-05, 1.30919452204e-05, 8.82747644937e-06, 8.43959714985e-05, 0.000273472629488, 7.44560747989e-05, 1.05265178263e-06, 1.94933519992e-07, 3.50730090304e-07, 6.21869958195e-06, 3.18015509038e-06, 4.49172041783e-08, 8.72484804404e-08, 7.75973603595e-07, 3.0388193295e-07, 4.05396463066e-08, 1.69821436913e-08], "mean": [5.88299371884e-05, 0.000395352515625, 0.000681007280946, 0.000705685757566, 0.000983433914371, 0.00104005238973, 0.000297705177218, 0.000527590687852, 0.000361047830665, 0.000384183309507, 0.000661678554025, 7.37504306016e-05, 7.82586939749e-05, 0.000181257302756, 0.00014748571266, 9.79125034064e-05, 9.41928956308e-05, 2.33617647609e-05, 1.68828719325e-05, 1.07643400042e-05, 3.95880488213e-06, 2.91700280286e-06, 1.45092735693e-06, 3.1321866345e-07, 7.98647533884e-07, 1.6937218561e-07, 3.26999895606e-07, 8.93292451565e-07, 1.07738586053e-07, 1.3740629079e-08, 4.27368940237e-09, 5.27373167358e-09, 1.58868278533e-08, 6.69183020108e-09, 2.86878298894e-10, 2.15152951011e-10, 1.35392219658e-09, 7.18103521091e-10, 4.8412177045e-11, 4.1432607345e-11], "median": [9.34125637286e-06, 6.0753634898e-05, 9.44165149122e-05, 0.000360997684766, 0.000561853463296, 0.000419347081333, 0.000122952173115, 0.000156930735102, 0.000128315004986, 9.51185647864e-05, 0.000157813046826, 2.76126484096e-05, 2.72501238214e-05, 3.66913081962e-05, 2.32289294217e-05, 6.49995672575e-06, 1.44104024002e-05, 6.91467721481e-06, 3.63187336916e-06, 2.41341103902e-06, 1.85260159924e-06, 9.82137180472e-07, 3.28051868337e-07, 7.26603985868e-08, 3.33498348937e-07, 2.06224122223e-08, 3.25426512404e-08, 2.1106842496e-08, 3.23616111686e-09, 1.68368141651e-09, 3.67008201607e-10, 1.68501393394e-10, 1.01153987964e-10, 9.07989378129e-11, 3.85967022232e-11, 1.65692702614e-11, 9.73705491236e-12, 8.84578868487e-12, 6.55743645148e-12, 5.85846735707e-12], "min": [1.17866792295e-23, 1.75513631248e-23, 8.89452345778e-24, 4.82806066506e-24, 5.8895140338e-24, 5.98021173866e-24, 1.23189134271e-23, 1.2898728559e-23, 1.01361179474e-23, 5.23978531529e-24, 5.20156184899e-24, 4.52288469628e-24, 8.5489337504e-24, 1.00508878375e-23, 5.69114194298e-24, 1.7743673214e-23, 6.59203884611e-24, 7.93643611117e-24, 8.89776252066e-24, 9.8293551849e-24, 1.99001538716e-23, 1.93059806824e-23, 1.61947164276e-23, 8.04014055463e-24, 1.33887192551e-23, 3.44687921042e-24, 1.00101597378e-23, 9.16275194277e-24, 8.856557949e-24, 8.74614661012e-24, 8.11485672641e-24, 1.3234826692e-23, 1.4332280517e-23, 1.11932885903e-23, 6.7643181792e-24, 8.02922193084e-24, 8.77508518356e-24, 1.11177693581e-23, 6.47064695786e-24, 1.32797712532e-23], "var": [1.87646964633e-08, 9.56693043008e-07, 2.85955275103e-06, 8.190573908e-07, 1.35404161483e-06, 2.30418095271e-06, 1.6387500068e-07, 6.6925417741e-07, 2.94102335374e-07, 4.94711969168e-07, 1.29411932903e-06, 4.22953654322e-08, 3.0903553494e-08, 2.01670161459e-07, 9.86230048738e-08, 9.00355558997e-08, 4.1177642629e-08, 1.83381743124e-09, 1.06691000479e-09, 4.69097760636e-10, 3.64901234229e-11, 2.323568421e-11, 1.27856588164e-11, 1.17680550634e-12, 1.66776683609e-12, 4.07978013352e-13, 8.42114312311e-12, 9.42363687084e-11, 3.34066086426e-12, 1.59922605062e-15, 2.68584433165e-16, 6.98902607829e-16, 4.56196258341e-14, 7.67414730124e-15, 1.89007316489e-18, 8.44549751055e-18, 5.86183910131e-16, 1.1610164141e-16, 7.52340154163e-19, 2.94447967133e-19]}, "mfcc": {"mean": [-804.059326172, 240.930267334, -26.742395401, -23.7467460632, -0.834995210171, -14.7199840546, -9.05652618408, -10.9345197678, -8.07571983337, -1.77975070477, -8.55986309052, -7.64991903305, -2.68170547485], "cov": [[6968.15673828, 2848.24145508, -2655.85229492, 21.1041107178, 318.550689697, -391.541595459, -122.806266785, -346.862121582, -313.526550293, -68.1023254395, -170.854202271, -71.4739761353, -46.481048584], [2848.24145508, 1991.04101562, -455.287963867, -73.1189193726, 292.578613281, -142.346710205, -125.782218933, -106.490058899, -142.481674194, -121.930152893, -93.2319259644, -48.9546470642, -121.263038635], [-2655.85229492, -455.287963867, 1979.66271973, 327.099456787, -43.3234939575, 155.969863892, -26.557220459, 149.243591309, 142.08303833, -13.7451553345, 15.2549581528, -8.77019786835, -30.1987762451], [21.1041107178, -73.1189193726, 327.099456787, 570.90032959, 77.7061157227, -58.161945343, 54.786605835, -2.76248788834, 20.7219429016, 59.6526451111, -15.1653823853, 12.9811410904, 54.053276062], [318.550689697, 292.578613281, -43.3234939575, 77.7061157227, 262.109558105, 107.562957764, 87.3908538818, 64.3175582886, 3.54466223717, 13.2574234009, 12.5682678223, -20.4294090271, -57.4702644348], [-391.541595459, -142.346710205, 155.969863892, -58.161945343, 107.562957764, 378.077697754, 269.893310547, 176.462875366, 113.012001038, 27.9686870575, 48.2221794128, -47.9622573853, -106.660369873], [-122.806266785, -125.782218933, -26.557220459, 54.786605835, 87.3908538818, 269.893310547, 415.248352051, 261.43258667, 97.8097229004, 42.2214431763, 26.1186256409, -5.97424507141, -21.0564231873], [-346.862121582, -106.490058899, 149.243591309, -2.76248788834, 64.3175582886, 176.462875366, 261.43258667, 301.508178711, 162.370544434, 18.8758888245, 14.4282217026, -2.94305729866, -26.4149150848], [-313.526550293, -142.481674194, 142.08303833, 20.7219429016, 3.54466223717, 113.012001038, 97.8097229004, 162.370544434, 245.690475464, 121.453773499, 1.12767803669, -26.8709049225, -40.4712409973], [-68.1023254395, -121.930152893, -13.7451553345, 59.6526451111, 13.2574234009, 27.9686870575, 42.2214431763, 18.8758888245, 121.453773499, 206.595672607, 41.1475868225, -37.4131393433, 25.9561672211], [-170.854202271, -93.2319259644, 15.2549581528, -15.1653823853, 12.5682678223, 48.2221794128, 26.1186256409, 14.4282217026, 1.12767803669, 41.1475868225, 144.21031189, 62.9133720398, -37.2618598938], [-71.4739761353, -48.9546470642, -8.77019786835, 12.9811410904, -20.4294090271, -47.9622573853, -5.97424507141, -2.94305729866, -26.8709049225, -37.4131393433, 62.9133720398, 149.619857788, 68.5755615234], [-46.481048584, -121.263038635, -30.1987762451, 54.053276062, -57.4702644348, -106.660369873, -21.0564231873, -26.4149150848, -40.4712409973, 25.9561672211, -37.2618598938, 68.5755615234, 229.658111572]], "icov": [[0.0294569414109, -0.0417379848659, 0.0436913222075, -0.0465577207506, 0.0507785491645, -0.0544512979686, 0.0558721832931, -0.0574238672853, 0.0545319840312, -0.046563912183, 0.0360969007015, -0.0263858381659, 0.0151707185432], [-0.0417379848659, 0.0599805936217, -0.0619207024574, 0.0663797035813, -0.0734007135034, 0.0782533809543, -0.0798336789012, 0.0822139754891, -0.0778623744845, 0.066687732935, -0.05099869892, 0.0376450791955, -0.0212041735649], [0.0436913222075, -0.0619207024574, 0.0658371448517, -0.0703062862158, 0.076658166945, -0.0831508338451, 0.0859528034925, -0.0883757397532, 0.0831114947796, -0.070648662746, 0.0549119338393, -0.0404042266309, 0.0232387036085], [-0.0465577207506, 0.0663797035813, -0.0703062862158, 0.0776673182845, -0.0840743035078, 0.0914710909128, -0.0947831943631, 0.0976809859276, -0.0919519364834, 0.0775611922145, -0.0601082779467, 0.0446545407176, -0.025967001915], [0.0507785491645, -0.0734007135034, 0.076658166945, -0.0840743035078, 0.0986300781369, -0.103170320392, 0.105942197144, -0.111726760864, 0.106934525073, -0.0914387479424, 0.0702196061611, -0.0531493388116, 0.0314597003162], [-0.0544512979686, 0.0782533809543, -0.0831508338451, 0.0914710909128, -0.103170320392, 0.119274698198, -0.121992699802, 0.124713644385, -0.120039373636, 0.102495484054, -0.0809397920966, 0.0621321797371, -0.0338507406414], [0.0558721832931, -0.0798336789012, 0.0859528034925, -0.0947831943631, 0.105942197144, -0.121992699802, 0.132867455482, -0.137802198529, 0.129076719284, -0.110072642565, 0.0856828093529, -0.0658694505692, 0.0377093069255], [-0.0574238672853, 0.0822139754891, -0.0883757397532, 0.0976809859276, -0.111726760864, 0.124713644385, -0.137802198529, 0.151968881488, -0.142857313156, 0.12122477591, -0.0936329886317, 0.072030775249, -0.0435926020145], [0.0545319840312, -0.0778623744845, 0.0831114947796, -0.0919519364834, 0.106934525073, -0.120039373636, 0.129076719284, -0.142857313156, 0.145022213459, -0.123606301844, 0.0962346792221, -0.074683137238, 0.0463488213718], [-0.046563912183, 0.066687732935, -0.070648662746, 0.0775611922145, -0.0914387479424, 0.102495484054, -0.110072642565, 0.12122477591, -0.123606301844, 0.113339282572, -0.0878059267998, 0.069772452116, -0.0428583584726], [0.0360969007015, -0.05099869892, 0.0549119338393, -0.0601082779467, 0.0702196061611, -0.0809397920966, 0.0856828093529, -0.0936329886317, 0.0962346792221, -0.0878059267998, 0.0797658190131, -0.0608747452497, 0.036814764142], [-0.0263858381659, 0.0376450791955, -0.0404042266309, 0.0446545407176, -0.0531493388116, 0.0621321797371, -0.0658694505692, 0.072030775249, -0.074683137238, 0.069772452116, -0.0608747452497, 0.0554200932384, -0.0309566054493], [0.0151707185432, -0.0212041735649, 0.0232387036085, -0.025967001915, 0.0314597003162, -0.0338507406414, 0.0377093069255, -0.0435926020145, 0.0463488213718, -0.0428583584726, 0.036814764142, -0.0309566054493, 0.024219173938]]}, "spectral_contrast_coeffs": {"dmean": [0.037495482713, 0.036098588258, 0.0359254591167, 0.0284586660564, 0.0227569676936, 0.0473007671535], "dmean2": [0.0619095303118, 0.0579329878092, 0.0549690686166, 0.0434748455882, 0.0352200083435, 0.0811530053616], "dvar": [0.000881019164808, 0.000964091217611, 0.00109849194996, 0.000752343563363, 0.000542166293599, 0.00172279437538], "dvar2": [0.00235358462669, 0.00242095836438, 0.00247338530608, 0.00172519101761, 0.00124639412388, 0.00454710563645], "max": [-0.253433763981, -0.411276400089, -0.455654978752, -0.471583336592, -0.547855079174, -0.598435938358], "mean": [-0.556559145451, -0.667596340179, -0.666501283646, -0.679625511169, -0.697540640831, -0.835752129555], "median": [-0.555934309959, -0.660250306129, -0.663658618927, -0.677685558796, -0.678054749966, -0.84540951252], "min": [-0.970355689526, -0.968639671803, -0.959343492985, -0.9634334445, -0.954421043396, -0.963070631027], "var": [0.017251290381, 0.01063242089, 0.00648808246478, 0.00522729102522, 0.00629738019779, 0.00515058450401]}, "spectral_contrast_valleys": {"dmean": [0.389399379492, 0.296301573515, 0.334195673466, 0.333568453789, 0.348098933697, 0.787247776985], "dmean2": [0.651868283749, 0.480253398418, 0.530673742294, 0.513841450214, 0.52447193861, 1.38551318645], "dvar": [0.111181780696, 0.0961213707924, 0.149757996202, 0.190336450934, 0.253150820732, 0.414072781801], "dvar2": [0.267032146454, 0.188884049654, 0.295569330454, 0.355580657721, 0.503077208996, 1.1886036396], "max": [-5.7397069931, -5.09905195236, -5.5