{"lowlevel": {"average_loudness": 0.918757736683, "barkbands_crest": {"dmean": 1.49842822552, "dmean2": 2.25993585587, "dvar": 3.05301141739, "dvar2": 7.41852474213, "max": 26.472284317, "mean": 13.9115161896, "median": 13.3115854263, "min": 3.38359236717, "var": 19.1456985474}, "barkbands_flatness_db": {"dmean": 0.024575933814, "dmean2": 0.0401387400925, "dvar": 0.000557320658118, "dvar2": 0.00130195857491, "max": 0.664645254612, "mean": 0.443276703358, "median": 0.451491653919, "min": 0.0522881373763, "var": 0.00356390443631}, "barkbands_kurtosis": {"dmean": 2.44029688835, "dmean2": 3.69008731842, "dvar": 29.9733085632, "dvar2": 80.4376525879, "max": 155.279953003, "mean": 8.75072288513, "median": 5.99802017212, "min": -1.87980091572, "var": 117.939697266}, "barkbands_skewness": {"dmean": 0.33073553443, "dmean2": 0.475785166025, "dvar": 0.213916271925, "dvar2": 0.462580859661, "max": 9.55142211914, "mean": 1.61939156055, "median": 1.69856464863, "min": -8.91196060181, "var": 3.20081019402}, "barkbands_spread": {"dmean": 0.447925567627, "dmean2": 0.642323374748, "dvar": 1.13322126865, "dvar2": 2.32134199142, "max": 38.7596931458, "mean": 2.8233332634, "median": 2.29963231087, "min": 0.13239043951, "var": 3.67939972878}, "dissonance": {"dmean": 0.0443406514823, "dmean2": 0.0740405544639, "dvar": 0.00184924423229, "dvar2": 0.004618415609, "max": 0.49996984005, "mean": 0.300044119358, "median": 0.297935187817, "min": 0.0910097956657, "var": 0.00650942884386}, "dynamic_complexity": 2.12556242943, "erbbands_crest": {"dmean": 1.82190418243, "dmean2": 2.74114155769, "dvar": 5.0068602562, "dvar2": 12.8184642792, "max": 29.090265274, "mean": 14.8866825104, "median": 14.6725873947, "min": 2.47543168068, "var": 21.5102443695}, "erbbands_flatness_db": {"dmean": 0.0181190483272, "dmean2": 0.0299219377339, "dvar": 0.000356045435183, "dvar2": 0.000842572248075, "max": 0.612885117531, "mean": 0.426935076714, "median": 0.435888081789, "min": 0.0373033471406, "var": 0.00437422795221}, "erbbands_kurtosis": {"dmean": 1.08922231197, "dmean2": 1.65960073471, "dvar": 5.69138097763, "dvar2": 15.3428001404, "max": 57.2130470276, "mean": 2.65496873856, "median": 1.45252943039, "min": -1.86387014389, "var": 16.369052887}, "erbbands_skewness": {"dmean": 0.267838537693, "dmean2": 0.381654173136, "dvar": 0.131611764431, "dvar2": 0.293499439955, "max": 5.59148931503, "mean": 1.00060856342, "median": 1.10089337826, "min": -3.01833677292, "var": 1.08583402634}, "erbbands_spread": {"dmean": 1.23692715168, "dmean2": 1.89600205421, "dvar": 3.96431326866, "dvar2": 9.69999599457, "max": 67.6352386475, "mean": 9.54131412506, "median": 8.42284297943, "min": 0.778251349926, "var": 40.3913383484}, "hfc": {"dmean": 1.84342777729, "dmean2": 2.45573449135, "dvar": 6.79504442215, "dvar2": 14.1553010941, "max": 48.560005188, "mean": 10.5506191254, "median": 9.50214767456, "min": 1.19010339316e-16, "var": 43.0460662842}, "melbands_crest": {"dmean": 1.76109659672, "dmean2": 2.64920353889, "dvar": 4.17923021317, "dvar2": 10.0056886673, "max": 31.8443412781, "mean": 16.3206634521, "median": 16.1451473236, "min": 1.5994758606, "var": 23.7141113281}, "melbands_flatness_db": {"dmean": 0.0273829996586, "dmean2": 0.0451521165669, "dvar": 0.00073757849168, "dvar2": 0.00168402551208, "max": 0.814625799656, "mean": 0.557484567165, "median": 0.575737059116, "min": 0.00359713798389, "var": 0.0117885703221}, "melbands_kurtosis": {"dmean": 2.08364868164, "dmean2": 3.03718400002, "dvar": 12.7166633606, "dvar2": 28.930273056, "max": 58.9584579468, "mean": 7.83955097198, "median": 5.82770824432, "min": -1.803424716, "var": 65.1942062378}, "melbands_skewness": {"dmean": 0.296077370644, "dmean2": 0.422810167074, "dvar": 0.142452791333, "dvar2": 0.30810379982, "max": 5.91180562973, "mean": 1.81410765648, "median": 1.71878325939, "min": -2.02171278, "var": 1.2568308115}, "melbands_spread": {"dmean": 0.973044335842, "dmean2": 1.44955825806, "dvar": 12.2045402527, "dvar2": 24.209148407, "max": 142.795028687, "mean": 7.50601673126, "median": 3.35282588005, "min": 0.35438272357, "var": 384.649963379}, "pitch_salience": {"dmean": 0.042639721185, "dmean2": 0.0660430490971, "dvar": 0.00267921574414, "dvar2": 0.00635879393667, "max": 0.924069404602, "mean": 0.512678802013, "median": 0.500667631626, "min": 0.100645184517, "var": 0.0133721632883}, "silence_rate_20dB": {"dmean": 0, "dmean2": 0, "dvar": 0, "dvar2": 0, "max": 1, "mean": 1, "median": 1, "min": 1, "var": 0}, "silence_rate_30dB": {"dmean": 0.00241896463558, "dmean2": 0.00483909994364, "dvar": 0.00241304421797, "dvar2": 0.00578327802941, "max": 1, "mean": 0.99347037077, "median": 1, "min": 0, "var": 0.00648655416444}, "silence_rate_60dB": {"dmean": 0.000967585889157, "dmean2": 0.00169368495699, "dvar": 0.000966667139437, "dvar2": 0.00169080880005, "max": 1, "mean": 0.0430471599102, "median": 0, "min": 0, "var": 0.041193973273}, "spectral_centroid": {"dmean": 24.3806171417, "dmean2": 34.2367668152, "dvar": 29574.46875, "dvar2": 32969.0625, "max": 10757.3945312, "mean": 459.558197021, "median": 345.889801025, "min": 189.534576416, "var": 365521.0625}, "spectral_complexity": {"dmean": 0.826318323612, "dmean2": 1.39003145695, "dvar": 1.21512138844, "dvar2": 2.66671991348, "max": 17, "mean": 7.96154785156, "median": 8, "min": 0, "var": 6.58506822586}, "spectral_decrease": {"dmean": 1.30052357772e-09, "dmean2": 1.75861736285e-09, "dvar": 2.75904108084e-18, "dvar2": 5.91438935623e-18, "max": 3.78931835657e-16, "mean": -8.20477641383e-09, "median": -7.57536700036e-09, "min": -3.66804044916e-08, "var": 2.41981530424e-17}, "spectral_energy": {"dmean": 0.00507015781477, "dmean2": 0.00685123493895, "dvar": 4.20494288846e-05, "dvar2": 9.01374150999e-05, "max": 0.142319783568, "mean": 0.0319237336516, "median": 0.0295491237193, "min": 1.09885176732e-20, "var": 0.000364704959793}, "spectral_energyband_high": {"dmean": 3.72446784525e-08, "dmean2": 6.12564861058e-08, "dvar": 6.53089168574e-15, "dvar2": 1.5728256642e-14, "max": 1.25715894228e-06, "mean": 5.27500105818e-08, "median": 2.43166748959e-08, "min": 7.76744405614e-21, "var": 8.57254093829e-15}, "spectral_energyband_low": {"dmean": 0.000756759545766, "dmean2": 0.00108911551069, "dvar": 2.55347231359e-06, "dvar2": 4.47718775831e-06, "max": 0.0448225699365, "mean": 0.00553219625726, "median": 0.000882465799805, "min": 6.66464655046e-23, "var": 8.05611998658e-05}, "spectral_energyband_middle_high": {"dmean": 0.000427318533184, "dmean2": 0.000485622760607, "dvar": 2.1523705982e-06, "dvar2": 3.24564916809e-06, "max": 0.0381793379784, "mean": 0.00157834996935, "median": 0.000507985241711, "min": 1.70348173827e-21, "var": 1.36387061502e-05}, "spectral_energyband_middle_low": {"dmean": 0.00468327198178, "dmean2": 0.00642119767144, "dvar": 3.86282663385e-05, "dvar2": 8.58258863445e-05, "max": 0.140346199274, "mean": 0.0276582092047, "median": 0.025852125138, "min": 4.74268426877e-22, "var": 0.000301752181258}, "spectral_entropy": {"dmean": 0.16230982542, "dmean2": 0.244348049164, "dvar": 0.0532114990056, "dvar2": 0.113096065819, "max": 9.80817508698, "mean": 5.07437467575, "median": 4.93304824829, "min": 3.00813007355, "var": 0.548970103264}, "spectral_flux": {"dmean": 0.0170919988304, "dmean2": 0.0262293964624, "dvar": 0.000480507354951, "dvar2": 0.00102861120831, "max": 0.215464994311, "mean": 0.0365907773376, "median": 0.0254380404949, "min": 1.04826133884e-10, "var": 0.000890947703738}, "spectral_kurtosis": {"dmean": 60.4611968994, "dmean2": 102.636749268, "dvar": 2976.18530273, "dvar2": 8347.671875, "max": 640.841186523, "mean": 209.016220093, "median": 203.210388184, "min": -1.20127022266, "var": 9275.44628906}, "spectral_rms": {"dmean": 0.000437408947619, "dmean2": 0.000590979470871, "dvar": 2.66623999323e-07, "dvar2": 5.76798015572e-07, "max": 0.0117834024131, "mean": 0.00526979239658, "median": 0.00536920968443, "min": 3.27421835304e-12, "var": 3.37459937327e-06}, "spectral_rolloff": {"dmean": 46.3112182617, "dmean2": 77.7233428955, "dvar": 186137.203125, "dvar2": 283613.875, "max": 19896.6796875, "mean": 1015.91162109, "median": 387.59765625, "min": 150.732421875, "var": 10264330}, "spectral_skewness": {"dmean": 1.92621457577, "dmean2": 3.31592488289, "dvar": 3.363104105, "dvar2": 8.7595281601, "max": 20.1328277588, "mean": 10.8662214279, "median": 11.5164432526, "min": 0.00270959082991, "var": 11.8509616852}, "spectral_spread": {"dmean": 344336.09375, "dmean2": 602412.4375, "dvar": 459880235008, "dvar2": 586066034688, "max": 41058816, "mean": 1023850.9375, "median": 662419.4375, "min": 152177.28125, "var": 4003476537340.0}, "spectral_strongpeak": {"dmean": 0.282452851534, "dmean2": 0.460622638464, "dvar": 0.236205413938, "dvar2": 0.55375534296, "max": 7.1270813942, "mean": 1.39354860783, "median": 1.2646099329, "min": 0, "var": 0.676442265511}, "zerocrossingrate": {"dmean": 0.00209958571941, "dmean2": 0.00255116028711, "dvar": 0.000109903507109, "dvar2": 8.83759057615e-05, "max": 0.80810546875, "mean": 0.0388576239347, "median": 0.0166015625, "min": 0.005859375, "var": 0.0159933045506}, "barkbands": {"dmean": [6.10864435657e-06, 2.64279951807e-05, 0.00039896889939, 0.00075197161641, 0.00208920263685, 0.00265542254783, 0.000492605380714, 0.000345615728293, 0.000370267836843, 0.00026903313119, 0.000110094144475, 6.09665403317e-05, 4.27010272688e-05, 9.74066551862e-06, 9.07883168111e-06, 4.52675021734e-06, 1.30573812385e-06, 2.08720848605e-07, 2.7779191214e-07, 5.51701653251e-08, 1.15221361341e-08, 6.64636523595e-09, 2.35698105477e-09, 2.03985139891e-09, 1.71127445547e-09, 1.48715695314e-09, 1.61516744424e-09], "dmean2": [1.08894355435e-05, 4.37189992226e-05, 0.000601605977863, 0.00105763750616, 0.00257499935105, 0.00404083542526, 0.00079454324441, 0.000505823583808, 0.000440270698164, 0.000306633242872, 0.000136290138471, 8.30597200547e-05, 5.28484561073e-05, 1.55722718773e-05, 1.41871396409e-05, 6.49875528325e-06, 2.00742783818e-06, 3.12340802111e-07, 4.9745585784e-07, 9.01133603293e-08, 1.91818614326e-08, 1.18504601687e-08, 4.24455226522e-09, 3.73108921536e-09, 3.09044989599e-09, 2.71710676181e-09, 2.95538016282e-09], "dvar": [1.91300322805e-10, 3.85948561998e-09, 1.17983086056e-06, 2.43572321779e-06, 7.31322688807e-06, 2.61065742961e-05, 3.5283633224e-06, 6.77690934481e-07, 1.51112158164e-06, 1.39233486607e-06, 6.94210257279e-07, 7.85878242482e-08, 1.56245665295e-08, 3.47118472854e-10, 4.78335149268e-10, 1.04206032692e-10, 1.06130946045e-11, 2.40854645256e-13, 1.86120780246e-12, 3.38336096065e-14, 1.3419483691e-15, 4.34625178381e-16, 3.59427777081e-17, 2.00830122131e-17, 4.75605691161e-18, 3.6240358415e-18, 4.14599673419e-18], "dvar2": [5.29721433384e-10, 9.75226832622e-09, 2.44891293733e-06, 3.8277139538e-06, 1.29042728076e-05, 6.20874998276e-05, 8.62784327182e-06, 1.36537585149e-06, 2.52661061495e-06, 1.92132756638e-06, 1.15763464237e-06, 1.99840144433e-07, 2.6975266465e-08, 9.58087498226e-10, 1.32922661766e-09, 2.41286046698e-10, 2.6128970515e-11, 5.3622557783e-13, 5.35216749392e-12, 9.30606909892e-14, 3.39518757347e-15, 1.16953904786e-15, 1.00811062203e-16, 5.95247109727e-17, 1.49817513251e-17, 1.19250344116e-17, 1.37038433055e-17], "max": [0.000223529554205, 0.00131202850025, 0.0260674096644, 0.0437628030777, 0.0415028557181, 0.105448938906, 0.0431422181427, 0.015768410638, 0.0294168237597, 0.0374732352793, 0.0311396177858, 0.0105787431821, 0.00472212163731, 0.000267111754511, 0.000290962168947, 0.000218385393964, 4.61794625153e-05, 6.46229182166e-06, 2.21619538934e-05, 4.40974554294e-06, 8.11998461359e-07, 3.09914781838e-07, 1.88569728721e-07, 1.04996239259e-07, 2.67968722767e-08, 2.2977022951e-08, 2.56780001706e-08], "mean": [4.97044311487e-06, 2.65903781838e-05, 0.0026821445208, 0.00443046353757, 0.00839120708406, 0.011196850799, 0.00154428149108, 0.000745362136513, 0.00130291748792, 0.000993675668724, 0.000255999504589, 0.000175733744982, 0.000106676860014, 2.56804814853e-05, 2.58879499597e-05, 1.18509533422e-05, 2.61681543634e-06, 4.10626256553e-07, 2.85711792003e-07, 7.70965158381e-08, 1.29880026734e-08, 5.82547565742e-09, 2.50717646644e-09, 2.71196509694e-09, 3.15552961538e-09, 2.31779884174e-09, 3.35168248711e-09], "median": [1.46249567479e-06, 8.93999913387e-06, 0.000132433298859, 0.00170385208912, 0.00649859569967, 0.00721578672528, 0.000269603333436, 0.000291134289, 0.000521556998137, 7.3352981417e-05, 2.47451844189e-05, 8.54622048791e-05, 3.1889656384e-05, 1.17163053801e-05, 8.79047729541e-06, 3.2861589716e-06, 9.35141201808e-07, 1.11690923177e-07, 3.43843247208e-08, 1.21870300518e-08, 3.42018879884e-09, 1.84678505821e-09, 1.40444922359e-09, 1.79087333851e-09, 2.35836683515e-09, 1.61157698297e-09, 2.66206279242e-09], "min": [4.51990240763e-24, 4.35513634357e-23, 1.17280045443e-23, 2.3444102022e-23, 8.28579294492e-23, 6.37837271449e-23, 2.86464203886e-23, 1.44914076455e-22, 1.21346926332e-22, 1.3755372653e-22, 4.82997128617e-23, 1.15622080701e-22, 7.1434699738e-23, 8.56409423704e-23, 1.29386491807e-22, 1.97658174859e-22, 2.36827024691e-22, 3.17808935623e-22, 1.77858069061e-22, 3.60187225027e-22, 6.89646134229e-22, 5.26807370958e-22, 5.57308797766e-22, 5.35060597832e-22, 1.06944426465e-21, 1.96346605883e-21, 2.36133286527e-21], "var": [1.32486993598e-10, 3.4667719806e-09, 2.63019974227e-05, 3.59120494977e-05, 4.56500492874e-05, 0.000152818320203, 1.75477798621e-05, 1.92252855413e-06, 7.86987948231e-06, 1.13495534606e-05, 1.93185746866e-06, 1.57430463332e-07, 5.97999800789e-08, 1.11519871115e-09, 1.51791235137e-09, 4.71154060211e-10, 1.7408649175e-11, 6.01380002654e-13, 1.23700756669e-12, 4.81292692603e-14, 1.42841349236e-15, 3.11714742034e-16, 2.63983095424e-17, 1.45583109521e-17, 7.30088881948e-18, 4.77890198577e-18, 5.15471619424e-18]}, "erbbands": {"dmean": [0.000514914107043, 0.0104745300487, 0.270963907242, 1.68219220638, 2.97285294533, 8.10021305084, 15.0256681442, 25.8758125305, 10.5891466141, 5.86395835876, 6.36769771576, 7.70262861252, 9.03473377228, 5.93491601944, 4.07449197769, 1.96664404869, 2.13653850555, 0.480145931244, 0.525398790836, 0.387630432844, 0.254479140043, 0.0691358968616, 0.0201740134507, 0.0142134781927, 0.0111511005089, 0.00259199622087, 0.000549808493815, 0.000459008297184, 0.000248429219937, 0.000123439647723, 6.04416127317e-05, 4.61406671093e-05, 3.20458020724e-05, 2.0910791136e-05, 1.21152934298e-05, 6.68193160891e-06, 3.22913547279e-06, 1.01060049928e-06, 2.36786172536e-06, 5.62666991755e-06], "dmean2": [0.000856997387018, 0.0169148929417, 0.417178750038, 2.34615564346, 4.55200386047, 10.390879631, 19.4942913055, 40.6864852905, 17.4050674438, 9.14130020142, 9.16045665741, 9.02561378479, 10.3470802307, 7.24553537369, 5.08049535751, 2.7637090683, 2.63355374336, 0.683850705624, 0.853483319283, 0.582234323025, 0.352008551359, 0.104341983795, 0.0309359598905, 0.0233493354172, 0.0196973308921, 0.00435235444456, 0.000904099142645, 0.000775673019234, 0.000437966431491, 0.000223159819143, 0.000108308704512, 8.401942614e-05, 5.80556225032e-05, 3.72235226678e-05, 2.15415275306e-05, 1.16221117423e-05, 5.48660182176e-06, 1.81364885066e-06, 3.1872400541e-06, 7.59324757382e-06], "dvar": [8.67154028583e-07, 0.00052499078447, 0.5064406991, 10.1330099106, 23.4476528168, 161.952697754, 424.840820312, 3197.91577148, 1177.45983887, 154.49357605, 257.01864624, 773.537963867, 916.212463379, 664.752197266, 656.068359375, 147.481903076, 45.2321205139, 0.773571908474, 1.0622497797, 0.735332071781, 0.357373565435, 0.0278506688774, 0.00301908166148, 0.00317561114207, 0.00238641840406, 7.7773060184e-05, 3.62500918527e-06, 2.21733125727e-06, 6.20465016254e-07, 1.14870992718e-07, 1.3621858308e-08, 8.04035504842e-09, 4.69674876769e-09, 8.56885840061e-10, 2.24666063531e-10, 6.27867410841e-11, 1.44634755561e-11, 1.6177865254e-12, 9.03594907231e-12, 5.18998004295e-11], "dvar2": [2.24879681809e-06, 0.00128097832203, 1.11846351624, 15.769194603, 46.7442245483, 308.539672852, 708.531005859, 8135.27294922, 2986.41333008, 347.588623047, 536.92401123, 1149.99438477, 1436.1340332, 1151.05102539, 1090.99523926, 387.223968506, 79.4651947021, 1.45055186749, 3.03638386726, 1.92988312244, 0.737576842308, 0.0671424120665, 0.00745894992724, 0.00844506919384, 0.00688396580517, 0.000211106569623, 9.5871882877e-06, 5.64599758945e-06, 1.66774987065e-06, 3.23797479496e-07, 3.72847210883e-08, 2.3611766764e-08, 1.38868099242e-08, 2.58444976531e-09, 6.92174317862e-10, 1.95461494212e-10, 4.39237153593e-11, 5.22655876911e-12, 1.92942571642e-11, 1.11192444141e-10], "max": [0.0174223165959, 0.417965531349, 16.1970729828, 76.9462051392, 89.2513961792, 211.905853271, 455.0965271, 969.286071777, 774.258972168, 346.578735352, 379.624237061, 851.41784668, 817.87689209, 708.236022949, 942.348876953, 503.658111572, 238.68598938, 14.8488702774, 11.4196577072, 12.467839241, 15.2345209122, 2.50937461853, 0.816032886505, 0.965621292591, 0.816445708275, 0.205937996507, 0.0497079491615, 0.0251556150615, 0.0119947576895, 0.00874159950763, 0.00289366813377, 0.00160974764731, 0.00165497686248, 0.00052872102242, 0.000240648965701, 0.000153984452481, 8.12970101833e-05, 2.02748487936e-05, 6.82519894326e-05, 0.000157085378305], "mean": [0.00101942080073, 0.032625477761, 1.69155061245, 11.7899866104, 10.1475858688, 31.0372028351, 72.026184082, 102.690452576, 32.6062507629, 18.2383537292, 15.5202999115, 26.9122543335, 35.130405426, 20.2847881317, 11.1200065613, 5.58449077606, 5.51519060135, 1.35164678097, 1.32878947258, 1.19027149677, 0.758336603642, 0.182368919253, 0.0444497205317, 0.0201629325747, 0.0125818690285, 0.00317952642217, 0.000763180782087, 0.000483369920403, 0.000238899243413, 0.00012902157323, 8.12328507891e-05, 6.90467641107e-05, 6.41030346742e-05, 5.80976120546e-05, 3.71674577764e-05, 2.4169075914e-05, 1.31652441269e-05, 2.75523029813e-06, 1.51455042214e-05, 3.54082258127e-05], "median": [0.000519492605235, 0.0102772256359, 0.178684383631, 3.0904314518, 6.95974254608, 20.314868927, 57.1541519165, 74.117149353, 13.3488492966, 6.91394710541, 6.7729511261, 10.1450414658, 8.75728225708, 3.37155604362, 4.35052347183, 2.97658848763, 1.64867782593, 0.848985373974, 0.664927065372, 0.325616747141, 0.195416405797, 0.0592565238476, 0.014000098221, 0.00409237481654, 0.00162584788632, 0.000524585542735, 0.000232900041738, 0.000140312025906, 8.48460622365e-05, 6.50597939966e-05, 5.33488164365e-05, 4.79251611978e-05, 5.02962830069e-05, 4.90842612635e-05, 3.13028031087e-05, 2.11539118027e-05, 1.17844483611e-05, 2.25400049203e-06, 1.40934271258e-05, 3.28931637341e-05], "min": [1.0594876031e-21, 1.02722842759e-20, 1.80659347709e-20, 4.71562677896e-20, 2.49788899451e-19, 2.33124880722e-19, 5.53352345236e-19, 2.94153801028e-19, 1.8371607734e-19, 1.91206127994e-18, 2.35403256662e-18, 2.43431933726e-18, 2.86047162191e-18, 5.62565286443e-18, 1.92436538475e-18, 5.02176883106e-18, 3.79698359115e-18, 4.55831773182e-18, 5.18790474837e-18, 1.01224622731e-17, 1.03617581797e-17, 1.39493736724e-17, 1.80074009892e-17, 7.27923819412e-18, 1.45912161969e-17, 1.62527987087e-17, 2.14050139224e-17, 2.82794059365e-17, 1.74070018677e-17, 2.13135194748e-17, 1.60418196761e-17, 1.19392304853e-17, 8.60065674113e-18, 1.21678987754e-17, 8.02216053512e-18, 6.16357958371e-18, 3.91112086721e-18, 1.42278798012e-18, 3.46547343478e-19, 3.39634317218e-20], "var": [1.58865361755e-06, 0.00248044845648, 9.31158733368, 276.127807617, 122.911499023, 1043.45544434, 4149.62695312, 11935.8515625, 4429.89111328, 1166.69177246, 751.377197266, 5211.02978516, 6340.48242188, 3288.93432617, 1843.00134277, 236.10836792, 170.826858521, 2.55894994736, 2.4926674366, 2.98039531708, 2.16828870773, 0.076707907021, 0.00556172942743, 0.00307190651074, 0.00166353222448, 8.73165699886e-05, 3.87193222195e-06, 2.02925343729e-06, 4.57424107481e-07, 7.93698831103e-08, 1.21244596585e-08, 6.61830545923e-09, 4.02738242755e-09, 1.56173640686e-09, 5.77449865702e-10, 2.12520556708e-10, 5.99198399232e-11, 3.35745710747e-12, 7.93310417357e-11, 4.45497527757e-10]}, "gfcc": {"mean": [-235.201339722, 249.497085571, -85.2142944336, -76.5268096924, -30.59532547, -29.4845371246, -48.0679702759, -28.2204799652, -21.3418102264, -24.9723072052, -11.0434007645, -12.5099658966, 3.31044220924], "cov": [[16930.4121094, 7011.73925781, -1182.57043457, -1271.99267578, 35.0967025757, -958.52532959, -930.111083984, -626.051269531, -508.286651611, -491.594024658, -197.714233398, -277.685760498, 29.2920875549], [7011.73925781, 3455.52246094, -50.5663146973, -766.733337402, -37.8713493347, -294.648254395, -454.38092041, -287.274658203, -196.964782715, -265.344787598, -155.36227417, -162.535339355, -25.7640304565], [-1182.57043457, -50.5663146973, 1033.77282715, 48.3105964661, -141.742736816, 356.775848389, 106.317024231, -16.9659957886, 73.4695205688, 1.79952323437, -95.4493255615, -76.8773880005, -106.272758484], [-1271.99267578, -766.733337402, 48.3105964661, 502.395690918, 146.149536133, 76.1098098755, 190.440826416, 117.588249207, 92.2561798096, 94.9016571045, 9.03121089935, -17.2730140686, -55.0648117065], [35.0967025757, -37.8713493347, -141.742736816, 146.149536133, 277.80166626, 8.89444065094, -9.94728279114, 43.0381546021, 34.7546195984, 6.51510190964, 18.523519516, -4.32985830307, -7.94107818604], [-958.52532959, -294.648254395, 356.775848389, 76.1098098755, 8.89444065094, 279.298034668, 132.918823242, 15.3439493179, 28.259601593, -5.88954353333, -47.1388473511, -14.6152143478, -24.4287071228], [-930.111083984, -454.38092041, 106.317024231, 190.440826416, -9.94728279114, 132.918823242, 248.103042603, 104.878547668, 6.61051368713, 15.9155569077, -23.5068874359, -30.5841617584, -22.255449295], [-626.051269531, -287.274658203, -16.9659957886, 117.588249207, 43.0381546021, 15.3439493179, 104.878547668, 134.497146606, 51.6379623413, -5.72431468964, -33.1765327454, -17.5807571411, -10.813750267], [-508.286651611, -196.964782715, 73.4695205688, 92.2561798096, 34.7546195984, 28.259601593, 6.61051368713, 51.6379623413, 108.645706177, 52.2085647583, -17.0036582947, -3.35784339905, -19.9830665588], [-491.594024658, -265.344787598, 1.79952323437, 94.9016571045, 6.51510190964, -5.88954353333, 15.9155569077, -5.72431468964, 52.2085647583, 126.061637878, 80.35105896, 2.67597436905, -23.3556957245], [-197.714233398, -155.36227417, -95.4493255615, 9.03121089935, 18.523519516, -47.1388473511, -23.5068874359, -33.1765327454, -17.0036582947, 80.35105896, 142.166763306, 49.3443031311, -11.0839490891], [-277.685760498, -162.535339355, -76.8773880005, -17.2730140686, -4.32985830307, -14.6152143478, -30.5841617584, -17.5807571411, -3.35784339905, 2.67597436905, 49.3443031311, 86.0853881836, 41.6104049683], [29.2920875549, -25.7640304565, -106.272758484, -55.0648117065, -7.94107818604, -24.4287071228, -22.255449295, -10.813750267, -19.9830665588, -23.3556957245, -11.0839490891, 41.6104049683, 83.7338104248]], "icov": [[0.00112825725228, -0.00257670762949, 0.00162290339358, -0.00217711599544, 0.00151034467854, -0.000674024282489, -1.90251594177e-05, 0.00168473972008, -0.00143153744284, 0.00234460481443, -0.00233014812693, 0.00195352965966, -0.00136725301854], [-0.00257670762949, 0.00688671227545, -0.00410002982244, 0.00634849350899, -0.00464793900028, 0.0034994604066, -0.00108379358426, -0.00105525320396, 0.00212092930451, -0.00347144459374, 0.00561946863309, -0.00281857117079, 0.00382978259586], [0.00162290339358, -0.00410002982244, 0.00557406246662, -0.00479790568352, 0.00547600863501, -0.00623434549198, 0.00234390841797, 0.00198134058155, -0.00461498321965, 0.00585251487792, -0.00610770564526, 0.00582989724353, -0.00150514196139], [-0.00217711599544, 0.00634849350899, -0.00479790568352, 0.0129191279411, -0.00975772552192, 0.00769934942946, -0.00761830387637, 0.000468350452138, 0.00405683508143, -0.0115374308079, 0.0138958739117, -0.0104470374063, 0.00925888493657], [0.00151034467854, -0.00464793900028, 0.00547600863501, -0.00975772552192, 0.0133542511612, -0.00976283382624, 0.00779116712511, -0.00241351965815, -0.00754204392433, 0.0127580342814, -0.0160525664687, 0.0126465139911, -0.00789871904999], [-0.000674024282489, 0.0034994604066, -0.00623434549198, 0.00769934942946, -0.00976283382624, 0.0196990258992, -0.0155809475109, 0.0133997686207, -0.00548890559003, 0.00135601928923, 0.00753482896835, -0.0060075414367, 0.0039248005487], [-1.90251594177e-05, -0.00108379358426, 0.00234390841797, -0.00761830387637, 0.00779116712511, -0.0155809475109, 0.0264911018312, -0.0247721262276, 0.0211608223617, -0.0130488825962, 0.00295260804705, 0.000459071452497, -0.000753770058509], [0.00168473972008, -0.00105525320396, 0.00198134058155, 0.000468350452138, -0.00241351965815, 0.0133997686207, -0.0247721262276, 0.0457294471562, -0.0403122417629, 0.0373640544713, -0.0194279719144, 0.019586129114, -0.00659284368157], [-0.00143153744284, 0.00212092930451, -0.00461498321965, 0.00405683508143, -0.00754204392433, -0.00548890559003, 0.0211608223617, -0.0403122417629, 0.0700975060463, -0.0655465126038, 0.0517578050494, -0.0414599962533, 0.0219658389688], [0.00234460481443, -0.00347144459374, 0.00585251487792, -0.0115374308079, 0.0127580342814, 0.00135601928923, -0.0130488825962, 0.0373640544713, -0.0655465126038, 0.0850503072143, -0.0673080459237, 0.054127458483, -0.0268123559654], [-0.00233014812693, 0.00561946863309, -0.00610770564526, 0.0138958739117, -0.0160525664687, 0.00753482896835, 0.00295260804705, -0.0194279719144, 0.0517578050494, -0.0673080459237, 0.0713400319219, -0.0548224411905, 0.0331467837095], [0.00195352965966, -0.00281857117079, 0.00582989724353, -0.0104470374063, 0.0126465139911, -0.0060075414367, 0.000459071452497, 0.019586129114, -0.0414599962533, 0.054127458483, -0.0548224411905, 0.0632830560207, -0.0324248336256], [-0.00136725301854, 0.00382978259586, -0.00150514196139, 0.00925888493657, -0.00789871904999, 0.0039248005487, -0.000753770058509, -0.00659284368157, 0.0219658389688, -0.0268123559654, 0.0331467837095, -0.0324248336256, 0.0353861786425]]}, "melbands": {"dmean": [5.84949657423e-06, 0.000103247781226, 0.000313442142215, 0.000338675803505, 0.000517906621099, 0.000541450281162, 0.000151689862832, 7.02246761648e-05, 4.66610472358e-05, 5.37109044672e-05, 4.77463108837e-05, 2.8121547075e-05, 1.6793514078e-05, 7.21984270058e-06, 4.41623706138e-06, 4.13901807406e-06, 6.33812817341e-07, 9.52037851221e-07, 7.27555004687e-07, 2.99335340515e-07, 3.19383161695e-07, 6.48614886245e-08, 4.79015547228e-08, 8.68954064259e-09, 1.18608571853e-08, 1.17575762459e-08, 4.18148182746e-09, 1.10864750713e-09, 3.24825916165e-10, 2.78587930502e-10, 2.66484362355e-10, 1.47543879891e-10, 1.07924225112e-10, 5.49834795749e-11, 3.46516496053e-11, 2.93834193088e-11, 2.90145771992e-11, 2.35185742409e-11, 1.93356077677e-11, 1.70534333183e-11], "dmean2": [9.75535931502e-06, 0.00015819989494, 0.000444744247943, 0.000493681174703, 0.000636999146082, 0.00084370363038, 0.000250636046985, 0.000106777704787, 6.70766385156e-05, 6.22025909252e-05, 5.43931273569e-05, 3.32386516675e-05, 2.07743723877e-05, 9.44278144743e-06, 6.16363513473e-06, 5.09671690452e-06, 1.01134730812e-06, 1.55934731083e-06, 1.09057975806e-06, 4.6904662554e-07, 4.33965936963e-07, 9.93377042846e-08, 7.61631753221e-08, 1.29978214858e-08, 1.96900096228e-08, 2.09958930242e-08, 7.13747949632e-09, 1.82161863371e-09, 5.2959392427e-10, 4.59876553505e-10, 4.59913801487e-10, 2.61164201376e-10, 1.95719926377e-10, 1.00165258032e-10, 6.22354459634e-11, 5.28784134535e-11, 5.34346872305e-11, 4.3022561208e-11, 3.489577724e-11, 3.06631317559e-11], "dvar": [1.55295443172e-10, 7.63075505006e-08, 3.19273027571e-07, 3.26404233419e-07, 4.34424038076e-07, 1.31522836e-06, 2.38213630155e-07, 2.10936530465e-08, 1.6460161234e-08, 3.78109845656e-08, 2.69381796869e-08, 1.50200651916e-08, 1.5241868212e-08, 7.60845053627e-10, 9.98269245045e-10, 1.07202566269e-10, 1.2514548859e-12, 3.62164746977e-12, 3.61904126459e-12, 3.90504306409e-13, 5.88614389434e-13, 2.57663119627e-14, 2.77519486205e-14, 5.06857051159e-16, 2.43899685503e-15, 3.51051725023e-15, 2.16863463205e-16, 1.35678870729e-17, 1.48432587499e-18, 8.92716271329e-19, 8.52483343708e-19, 2.69723771268e-19, 1.35318773676e-19, 3.30482016105e-20, 4.1803256505e-21, 4.14145139288e-21, 5.63589978399e-21, 4.70420239688e-21, 7.38061797022e-22, 5.16975160097e-22], "dvar2": [3.97318872247e-10, 1.6650113821e-07, 5.05007562879e-07, 6.34911657471e-07, 6.87167755586e-07, 3.28705482389e-06, 6.01277236001e-07, 4.5147292127e-08, 3.56488065734e-08, 5.74603902237e-08, 4.03937683302e-08, 2.43492372931e-08, 2.53240379777e-08, 1.95610860843e-09, 2.50057308193e-09, 1.53103058009e-10, 3.36304812124e-12, 1.02445257139e-11, 9.71090569069e-12, 1.01879789327e-12, 1.15441347887e-12, 6.37236980848e-14, 7.18566916039e-14, 1.24107002734e-15, 6.46424543939e-15, 1.01691023291e-14, 6.11160952982e-16, 3.36973396871e-17, 3.9825053133e-18, 2.22458914051e-18, 2.22114620801e-18, 7.27036750923e-19, 3.84480450503e-19, 9.48925507473e-20, 1.17566946202e-20, 1.08541977588e-20, 1.66991141283e-20, 1.39077931512e-20, 2.22518531801e-21, 1.58277435725e-21], "max": [0.000259053253103, 0.006281088572, 0.0141630610451, 0.01038075611, 0.0138480886817, 0.0191907249391, 0.0109986485913, 0.00316037423909, 0.00404987251386, 0.00577502790838, 0.00468116113916, 0.00315389945172, 0.00458013778552, 0.00120425480418, 0.00132710090838, 0.000308483868139, 1.39669364216e-05, 2.45907267526e-05, 2.61500626948e-05, 8.45403064886e-06, 2.0307914383e-05, 3.14334397444e-06, 2.56325506598e-06, 3.21680914794e-07, 8.28817974252e-07, 9.51294794049e-07, 2.8225593951e-07, 7.70361197056e-08, 2.39763213727e-08, 2.59276582426e-08, 1.66066929097e-08, 8.58347970478e-09, 5.88446180672e-09, 6.3728506916e-09, 1.37185907079e-09, 2.13555040318e-09, 1.68387070953e-09, 1.82767145862e-09, 4.26065932535e-10, 3.65473318276e-10], "mean": [5.95984556639e-06, 0.000636411481537, 0.00194192212075, 0.00119045539759, 0.00255925953388, 0.00220334436744, 0.000450031831861, 0.000196118096937, 0.000114105059765, 0.000186945908354, 0.000184796561371, 9.86665545497e-05, 4.17103547079e-05, 2.2490237825e-05, 1.02163303382e-05, 9.95096252154e-06, 1.68284532265e-06, 2.25456346925e-06, 2.14381975638e-06, 8.13318138171e-07, 9.11136623927e-07, 1.34463576273e-07, 9.20315983421e-08, 1.66373332888e-08, 1.5746829618e-08, 1.19336016624e-08, 5.18259524185e-09, 1.32379418538e-09, 4.48955345123e-10, 3.14867160123e-10, 2.5047594554e-10, 1.31478619658e-10, 9.25399826213e-11, 5.31231239553e-11, 3.79124995287e-11, 3.36341822449e-11, 3.206782756e-11, 3.05977986004e-11, 3.68507516169e-11, 3.24559719378e-11], "median": [2.22509720516e-06, 4.2329695134e-05, 0.000768901780248, 0.000753006199375, 0.00211786408909, 0.00154127913993, 0.000148939550854, 8.62677552504e-05, 5.0186918088e-05, 6.8155110057e-05, 4.27473787568e-05, 1.21301773106e-05, 9.30858095671e-06, 1.11005692816e-05, 2.65486005446e-06, 3.23424160342e-06, 9.65561639532e-07, 1.0149509535e-06, 4.44736798499e-07, 3.18035290547e-07, 1.52354999727e-07, 4.94003593587e-08, 2.20646878546e-08, 4.61939597685e-09, 2.49155585053e-09, 1.22676313552e-09, 5.56783563699e-10, 2.40089392811e-10, 1.42276551651e-10, 7.29288712753e-11, 6.71998498514e-11, 3.922650052e-11, 3.16301221326e-11, 2.57563866068e-11, 2.20377587706e-11, 2.01442959535e-11, 1.87721418271e-11, 2.00396990668e-11, 2.86578434594e-11, 2.48699585231e-11], "min": [1.12315270449e-23, 1.11229892507e-23, 1.38841791238e-23, 1.86169864123e-23, 1.62944189797e-23, 8.06525551927e-24, 3.46161670985e-24, 2.62253841824e-23, 1.54880595619e-23, 1.81767515401e-23, 1.43970239092e-23, 2.36535856131e-23, 6.37576237375e-24, 8.30623043771e-24, 1.47876883399e-23, 6.46387537585e-24, 8.94249172284e-24, 8.13387300739e-24, 1.04553541785e-23, 1.54019916817e-23, 1.14237046055e-23, 1.55059588158e-23, 1.52210822103e-23, 1.42342913708e-23, 4.32215864451e-24, 8.06448322445e-24, 1.38139105498e-23, 9.64736734065e-24, 1.06956743424e-23, 1.947537594e-23, 1.46291446528e-23, 1.01773595955e-23, 8.34032658376e-24, 1.26143110705e-23, 9.1174555496e-24, 8.60141272212e-24, 6.75958895808e-24, 5.66014365371e-24, 6.42973702575e-24, 1.2240416245e-23], "var": [1.38195621613e-10, 1.45003775742e-06, 6.01052806815e-06, 1.69245811321e-06, 4.67250129077e-06, 5.73950910621e-06, 9.79184505923e-07, 1.1148538448e-07, 4.699611722e-08, 2.44470385269e-07, 1.96540057118e-07, 8.87152467044e-08, 4.24412114342e-08, 1.68670710732e-09, 1.94537141951e-09, 3.98112959266e-10, 3.4852325019e-12, 9.6219091722e-12, 1.38712626455e-11, 1.25074343243e-12, 3.75892502888e-12, 4.56868802501e-14, 3.70246334405e-14, 9.54866488308e-16, 2.32420927935e-15, 2.25338991343e-15, 2.30261671546e-16, 1.68752686633e-17, 1.51234361971e-18, 1.09892247187e-18, 7.02140527341e-19, 1.92835381702e-19, 8.45401915107e-20, 2.14082291217e-20, 3.49739758195e-21, 3.6217808276e-21, 3.63031718612e-21, 2.99464181007e-21, 9.60047912083e-22, 7.50896677546e-22]}, "mfcc": {"mean": [-849.433044434, 259.309661865, 27.8534927368, -32.9983520508, -2.17559313774, -8.15409660339, -24.1157817841, -18.2046737671, -13.6029081345, -18.6080131531, -20.9674396515, -15.7922592163, -9.83673477173], "cov": [[3678.37207031, 2692.43261719, -455.700561523, -318.008666992, 321.373474121, -92.2922363281, -227.327407837, -92.8438110352, -146.144241333, -154.323684692, -150.755233765, -133.682937622, 9.08755874634], [2692.43261719, 2366.59350586, 175.673950195, -299.726715088, 90.5835571289, 37.4572753906, -150.004989624, -116.744369507, -81.6894683838, -128.825012207, -157.081237793, -118.485321045, -61.2552490234], [-455.700561523, 175.673950195, 778.276672363, 47.6438446045, -231.2318573, 126.186393738, 82.8315505981, -36.3295783997, 55.2569961548, 31.8208942413, -16.1792411804, -10.1775121689, -83.5211486816], [-318.008666992, -299.726715088, 47.6438446045, 211.786911011, 64.57472229, -18.3072681427, 37.5243721008, 42.2961463928, 36.9728507996, 64.6667556763, 59.2109718323, 33.1665840149, 32.9522705078], [321.373474121, 90.5835571289, -231.2318573, 64.57472229, 253.519180298, 48.1036720276, -61.371711731, 7.97626399994, 25.2227935791, -2.70792913437, 2.9516646862, 36.9365882874, 65.1641921997], [-92.2922363281, 37.4572753906, 126.186393738, -18.3072681427, 48.1036720276, 173.852371216, 66.4620742798, -16.3852443695, 22.2976551056, 8.25232028961, -15.1273889542, 10.3578462601, 7.50953006744], [-227.327407837, -150.004989624, 82.8315505981, 37.5243721008, -61.371711731, 66.4620742798, 168.488388062, 68.9084625244, 5.28212594986, 42.707321167, 23.616312027, -25.2979106903, -14.7026014328], [-92.8438110352, -116.744369507, -36.3295783997, 42.2961463928, 7.97626399994, -16.3852443695, 68.9084625244, 127.494651794, 83.6791229248, 24.9680461884, -6.31264925003, -23.8682174683, -15.2780094147], [-146.144241333, -81.6894683838, 55.2569961548, 36.9728507996, 25.2227935791, 22.2976551056, 5.28212594986, 83.6791229248, 146.025802612, 57.5658035278, -25.2269554138, -17.5773506165, -15.1665668488], [-154.323684692, -128.825012207, 31.8208942413, 64.6667556763, -2.70792913437, 8.25232028961, 42.707321167, 24.9680461884, 57.5658035278, 103.24710083, 52.0985984802, -10.0027294159, -6.792324543], [-150.755233765, -157.081237793, -16.1792411804, 59.2109718323, 2.9516646862, -15.1273889542, 23.616312027, -6.31264925003, -25.2269554138, 52.0985984802, 102.131507874, 58.6881599426, 10.7816553116], [-133.682937622, -118.485321045, -10.1775121689, 33.1665840149, 36.9365882874, 10.3578462601, -25.2979106903, -23.8682174683, -17.5773506165, -10.0027294159, 58.6881599426, 114.58770752, 59.4489555359], [9.08755874634, -61.2552490234, -83.5211486816, 32.9522705078, 65.1641921997, 7.50953006744, -14.7026014328, -15.2780094147, -15.1665668488, -6.792324543, 10.7816553116, 59.4489555359, 95.6755065918]], "icov": [[16.9224948883, -23.5157661438, 22.3172702789, -20.4163837433, 18.0166225433, -15.2801990509, 12.3388023376, -9.47203922272, 6.76821327209, -4.38754081726, 2.50997614861, -1.18204832077, 0.375726014376], [-23.5157661438, 32.690486908, -31.0587482452, 28.4651622772, -25.1814002991, 21.4204559326, -17.3552970886, 13.3692712784, -9.5854549408, 6.2359623909, -3.57941675186, 1.69224321842, -0.541049540043], [22.3172702789, -31.0587482452, 29.6108493805, -27.2863616943, 24.3192424774, -20.8739318848, 17.0823993683, -13.2928094864, 9.62811756134, -6.32908678055, 3.67071819305, -1.75321292877, 0.571963965893], [-20.4163837433, 28.4651622772, -27.2863616943, 25.3768444061, -22.8835277557, 19.926700592, -16.5715446472, 13.1038122177, -9.643409729, 6.43557214737, -3.79030609131, 1.83388733864, -0.612877190113], [18.0166225433, -25.1814002991, 24.3192424774, -22.8835277557, 20.9709968567, -18.5995349884, 15.7810125351, -12.7243337631, 9.53373432159, -6.47584962845, 3.868257761, -1.89795958996, 0.642627835274], [-15.2801990509, 21.4204559326, -20.8739318848, 19.926700592, -18.5995349884, 16.866437912, -14.6415328979, 12.070728302, -9.23380661011, 6.39172458649, -3.88156080246, 1.93079602718, -0.670199871063], [12.3388023376, -17.3552970886, 17.0823993683, -16.5715446472, 15.7810125351, -14.6415328979, 13.0290727615, -10.9867172241, 8.58157157898, -6.0558719635, 3.73863887787, -1.88435864449, 0.664883315563], [-9.47203922272, 13.3692712784, -13.2928094864, 13.1038122177, -12.7243337631, 12.070728302, -10.9867172241, 9.47937679291, -7.55150794983, 5.42606639862, -3.41069507599, 1.74667477608, -0.626463055611], [6.76821327209, -9.5854549408, 9.62811756134, -9.643409729, 9.53373432159, -9.23380661011, 8.58157157898, -7.55150794983, 6.14560270309, -4.49865484238, 2.88657259941, -1.50121712685, 0.553075015545], [-4.38754081726, 6.2359623909, -6.32908678055, 6.43557214737, -6.47584962845, 6.39172458649, -6.0558719635, 5.42606639862, -4.49865484238, 3.36896109581, -2.20389866829, 1.16784644127, -0.438737273216], [2.50997614861, -3.57941675186, 3.67071819305, -3.79030609131, 3.868257761, -3.88156080246, 3.73863887787, -3.41069507599, 2.88657259941, -2.20389866829, 1.49610233307, -0.810629487038, 0.315864413977], [-1.18204832077, 1.69224321842, -1.75321292877, 1.83388733864, -1.89795958996, 1.93079602718, -1.88435864449, 1.74667477608, -1.50121712685, 1.16784644127, -0.810629487038, 0.461633712053, -0.186460122466], [0.375726014376, -0.541049540043, 0.571963965893, -0.612877190113, 0.642627835274, -0.670199871063, 0.664883315563, -0.626463055611, 0.553075015545, -0.438737273216, 0.315864413977, -0.186460122466, 0.0925912186503]]}, "spectral_contrast_coeffs": {"dmean": [0.0384736843407, 0.045846991241, 0.0353724844754, 0.034448325634, 0.0285028330982, 0.0316744670272], "dmean2": [0.0602073296905, 0.0718675330281, 0.0510126724839, 0.0519664287567, 0.0458616390824, 0.0547481514513], "dvar": [0.00105138076469, 0.0021778352093, 0.00164256407879, 0.0016882896889, 0.000589019444305, 0.000835248851217], "dvar2": [0.00237433356233, 0.00490659382194, 0.00341205438599, 0.00373397720978, 0.00147972325794, 0.0020945915021], "max": [-0.209325358272, -0.33189329505, -0.380846440792, -0.496688961983, -0.570568323135, -0.73155772686], "mean": [-0.399321883917, -0.549220740795, -0.633431255817, -0.688787996769, -0.737159192562, -0.908317148685], "median": [-0.379943013191, -0.529870808125, -0.623212695122, -0.678714096546, -0.735374033451, -0.913756787777], "min": [-0.985676944256, -0.962562918663, -0.963850259781, -0.960300326347, -0.959994912148, -0.96314406395], "var": [0.0108176730573, 0.0114392442629, 0.0089410636574, 0.00582041218877, 0.00469825044274, 0.00152684678324]}, "spectral_contrast_valleys": {"dmean": [0.496090203524, 0.47208121419, 0.369364410639, 0.486861258745, 0.515122413635, 0.734309792519], "dmean2": [0.783171474934, 0.706759274006, 0.533749818802, 0.702992260456, 0.80243319273, 1.30627012253], "dvar": [0.231208592653, 0.320245295763, 0.260197430849, 0.426244497299, 0.325565844774, 0.365505307913], "dvar2": [0.442229479551, 0.548967003822, 0.42679387331, 0.848541855812, 0.686322391033, 1.04212594032], "max": [-6.62585878372, -5.19969415665, -5.72028589249, -7.1633014679, -8.99724388123, -12.0596427917], "mean": [-9.32658290863, -7.81009101868, -8.95965957642, -10.579625