{"lowlevel": {"average_loudness": 0.921237468719, "barkbands_crest": {"dmean": 1.57413637638, "dmean2": 2.52760052681, "dvar": 2.76716136932, "dvar2": 7.228951931, "max": 26.1272621155, "mean": 10.7482299805, "median": 10.0593318939, "min": 4.03084897995, "var": 12.8951215744}, "barkbands_flatness_db": {"dmean": 0.017002331093, "dmean2": 0.0270169898868, "dvar": 0.00029043367249, "dvar2": 0.000663120008539, "max": 0.540714681149, "mean": 0.340674638748, "median": 0.334406852722, "min": 0.058259960264, "var": 0.00240563391708}, "barkbands_kurtosis": {"dmean": 1.43378603458, "dmean2": 2.10222172737, "dvar": 5.62303829193, "dvar2": 11.4414625168, "max": 94.4032363892, "mean": 4.63242721558, "median": 3.06125998497, "min": -1.6199696064, "var": 43.0124664307}, "barkbands_skewness": {"dmean": 0.277111172676, "dmean2": 0.407632678747, "dvar": 0.091783054173, "dvar2": 0.194623291492, "max": 6.59987068176, "mean": 1.04991579056, "median": 0.99926006794, "min": -3.858959198, "var": 0.995116949081}, "barkbands_spread": {"dmean": 0.797255992889, "dmean2": 1.21537816525, "dvar": 1.03131258488, "dvar2": 2.20429086685, "max": 42.2877998352, "mean": 5.16226577759, "median": 4.76983499527, "min": 0.242527142167, "var": 6.36225891113}, "dissonance": {"dmean": 0.034284748137, "dmean2": 0.058197490871, "dvar": 0.00123761675786, "dvar2": 0.00314241833985, "max": 0.499795794487, "mean": 0.396886706352, "median": 0.410069406033, "min": 0.0869435295463, "var": 0.00452604563907}, "dynamic_complexity": 2.02935481071, "erbbands_crest": {"dmean": 1.94141352177, "dmean2": 2.97962474823, "dvar": 4.56087684631, "dvar2": 10.6291742325, "max": 33.8468170166, "mean": 13.8709096909, "median": 13.0419378281, "min": 3.12738060951, "var": 29.8258552551}, "erbbands_flatness_db": {"dmean": 0.0133177610114, "dmean2": 0.0207174364477, "dvar": 0.000207028147997, "dvar2": 0.000450643245131, "max": 0.572205424309, "mean": 0.366205245256, "median": 0.360596299171, "min": 0.0929434746504, "var": 0.00187203404494}, "erbbands_kurtosis": {"dmean": 1.16851913929, "dmean2": 1.74908804893, "dvar": 3.8616964817, "dvar2": 7.9365029335, "max": 76.5995178223, "mean": 3.06871271133, "median": 1.65869736671, "min": -1.57067406178, "var": 24.9456424713}, "erbbands_skewness": {"dmean": 0.25280931592, "dmean2": 0.37191131711, "dvar": 0.0728957206011, "dvar2": 0.15731395781, "max": 6.43158340454, "mean": 0.890003681183, "median": 0.838764309883, "min": -2.92385387421, "var": 0.900324344635}, "erbbands_spread": {"dmean": 1.68803489208, "dmean2": 2.59791398048, "dvar": 3.57142186165, "dvar2": 8.58623981476, "max": 38.2130432129, "mean": 11.0018138885, "median": 10.7108163834, "min": 0.469405055046, "var": 22.9950828552}, "hfc": {"dmean": 2.47430610657, "dmean2": 3.50124454498, "dvar": 11.9546108246, "dvar2": 23.9034118652, "max": 59.9999351501, "mean": 12.5574016571, "median": 11.0490512848, "min": 1.22901582206e-16, "var": 52.5091400146}, "melbands_crest": {"dmean": 1.86347150803, "dmean2": 2.95328688622, "dvar": 3.82784128189, "dvar2": 9.65765857697, "max": 32.1791534424, "mean": 13.5831890106, "median": 12.7889251709, "min": 2.48768138885, "var": 19.4115619659}, "melbands_flatness_db": {"dmean": 0.0188913568854, "dmean2": 0.0289979632944, "dvar": 0.000445544632385, "dvar2": 0.000935012067202, "max": 0.664661169052, "mean": 0.44694891572, "median": 0.440795063972, "min": 0.0071296049282, "var": 0.00394584517926}, "melbands_kurtosis": {"dmean": 1.58031404018, "dmean2": 2.32815003395, "dvar": 6.62036085129, "dvar2": 13.1235246658, "max": 99.810798645, "mean": 4.9859995842, "median": 3.27139592171, "min": -1.7153904438, "var": 51.8022575378}, "melbands_skewness": {"dmean": 0.290514081717, "dmean2": 0.435951679945, "dvar": 0.0963245779276, "dvar2": 0.217285946012, "max": 5.63776493073, "mean": 1.15644490719, "median": 1.12835550308, "min": -3.30141401291, "var": 0.903961718082}, "melbands_spread": {"dmean": 1.11134088039, "dmean2": 1.66397619247, "dvar": 5.83057928085, "dvar2": 8.17397212982, "max": 156.650405884, "mean": 7.75577259064, "median": 7.06546020508, "min": 0.54027813673, "var": 19.0843219757}, "pitch_salience": {"dmean": 0.0438464656472, "dmean2": 0.0693370178342, "dvar": 0.00202752719633, "dvar2": 0.00509839085862, "max": 0.898873984814, "mean": 0.575736880302, "median": 0.585848331451, "min": 0.109814539552, "var": 0.012124042958}, "silence_rate_20dB": {"dmean": 0, "dmean2": 0, "dvar": 0, "dvar2": 0, "max": 1, "mean": 1, "median": 1, "min": 1, "var": 0}, "silence_rate_30dB": {"dmean": 0.000676513707731, "dmean2": 0.00135317991953, "dvar": 0.000676070863847, "dvar2": 0.00180246750824, "max": 1, "mean": 0.999436318874, "median": 1, "min": 0, "var": 0.000563496141694}, "silence_rate_60dB": {"dmean": 0.0036080731079, "dmean2": 0.00710419472307, "dvar": 0.00359525578097, "dvar2": 0.00773080391809, "max": 1, "mean": 0.00698985345662, "median": 0, "min": 0, "var": 0.00694142328575}, "spectral_centroid": {"dmean": 32.9447784424, "dmean2": 47.7545204163, "dvar": 15533.0214844, "dvar2": 18066.7851562, "max": 11151.8310547, "mean": 481.755523682, "median": 452.919036865, "min": 211.067459106, "var": 29936.5}, "spectral_complexity": {"dmean": 1.37422478199, "dmean2": 2.23658084869, "dvar": 2.03753328323, "dvar2": 4.46692323685, "max": 31, "mean": 12.5850057602, "median": 13, "min": 0, "var": 11.8150901794}, "spectral_decrease": {"dmean": 1.36533662154e-09, "dmean2": 1.9970094467e-09, "dvar": 2.96092154036e-18, "dvar2": 6.60390229944e-18, "max": 9.78827954366e-29, "mean": -7.8156556782e-09, "median": -7.27134441547e-09, "min": -3.13912771333e-08, "var": 1.78541558546e-17}, "spectral_energy": {"dmean": 0.0053668776527, "dmean2": 0.00783784687519, "dvar": 4.58031754533e-05, "dvar2": 0.000101735044154, "max": 0.12296179682, "mean": 0.0306370444596, "median": 0.0284503456205, "min": 1.07781181451e-20, "var": 0.000272911100183}, "spectral_energyband_high": {"dmean": 1.36788798955e-06, "dmean2": 1.94325457414e-06, "dvar": 1.81486908835e-11, "dvar2": 3.93265524312e-11, "max": 0.000165735764313, "mean": 2.32938850786e-06, "median": 6.53600864098e-07, "min": 8.14871292621e-21, "var": 3.21381185553e-11}, "spectral_energyband_low": {"dmean": 0.00105205143336, "dmean2": 0.00153461715672, "dvar": 2.83472991214e-06, "dvar2": 6.8716185524e-06, "max": 0.0461811423302, "mean": 0.00474686641246, "median": 0.00337981618941, "min": 6.512639996e-23, "var": 2.2910795451e-05}, "spectral_energyband_middle_high": {"dmean": 0.000746716454159, "dmean2": 0.00101095542777, "dvar": 4.23003530159e-06, "dvar2": 8.06319985713e-06, "max": 0.0457375869155, "mean": 0.00257338373922, "median": 0.00158601510338, "min": 1.41541679677e-21, "var": 1.28655428853e-05}, "spectral_energyband_middle_low": {"dmean": 0.00482178432867, "dmean2": 0.00712813483551, "dvar": 3.90680179407e-05, "dvar2": 8.94269687706e-05, "max": 0.122164428234, "mean": 0.0255032721907, "median": 0.0229403600097, "min": 2.07268242489e-22, "var": 0.000245174567681}, "spectral_entropy": {"dmean": 0.137356206775, "dmean2": 0.210324048996, "dvar": 0.0347077213228, "dvar2": 0.0751892700791, "max": 9.81331920624, "mean": 5.85562705994, "median": 5.89140558243, "min": 3.82842516899, "var": 0.189875781536}, "spectral_flux": {"dmean": 0.0163567792624, "dmean2": 0.0244653001428, "dvar": 0.000416059861891, "dvar2": 0.000865867303219, "max": 0.207287892699, "mean": 0.0452483482659, "median": 0.036133274436, "min": 1.03817718311e-10, "var": 0.000904456013814}, "spectral_kurtosis": {"dmean": 29.2924175262, "dmean2": 50.5992469788, "dvar": 764.666442871, "dvar2": 2082.77075195, "max": 434.801208496, "mean": 79.9870910645, "median": 66.5995025635, "min": -1.2043056488, "var": 3542.69628906}, "spectral_rms": {"dmean": 0.000467690319056, "dmean2": 0.00067895866232, "dvar": 2.91348356996e-07, "dvar2": 6.30607701169e-07, "max": 0.0109527502209, "mean": 0.00525846891105, "median": 0.00526843778789, "min": 3.24272076205e-12, "var": 2.2382307634e-06}, "spectral_rolloff": {"dmean": 45.1826095581, "dmean2": 75.5753631592, "dvar": 73450.109375, "dvar2": 83302.78125, "max": 18410.8886719, "mean": 592.452880859, "median": 559.86328125, "min": 172.265625, "var": 100692.429688}, "spectral_skewness": {"dmean": 1.63512897491, "dmean2": 2.84433245659, "dvar": 1.81009674072, "dvar2": 5.08494091034, "max": 17.3813724518, "mean": 5.7703909874, "median": 5.33372879028, "min": 0.0131813511252, "var": 6.72357225418}, "spectral_spread": {"dmean": 254684.15625, "dmean2": 437386.375, "dvar": 227347218432, "dvar2": 300518146048, "max": 40804948, "mean": 1014119.75, "median": 984145.75, "min": 218478.375, "var": 305197449216}, "spectral_strongpeak": {"dmean": 0.391065299511, "dmean2": 0.624199867249, "dvar": 0.330993890762, "dvar2": 0.728870689869, "max": 7.27706670761, "mean": 1.52529859543, "median": 1.23355746269, "min": 0, "var": 1.16311693192}, "zerocrossingrate": {"dmean": 0.00193765456788, "dmean2": 0.00244784844108, "dvar": 4.86331009597e-05, "dvar2": 4.85063392262e-05, "max": 0.52490234375, "mean": 0.0226075313985, "median": 0.021484375, "min": 0.0068359375, "var": 9.50031680986e-05}, "barkbands": {"dmean": [1.46895054058e-05, 0.000430975080235, 0.000504285853822, 0.000665867992211, 0.00135317246895, 0.00201137503609, 0.00163632677868, 0.00114182417747, 0.000354531366611, 0.000489131140057, 0.000281348853605, 0.000139648778713, 8.09438788565e-05, 2.18390741793e-05, 4.93049628858e-05, 3.91560097341e-05, 2.26453139476e-05, 7.1807526183e-06, 6.44053034193e-06, 2.48164224104e-06, 5.35352114639e-07, 2.62575440502e-07, 5.88110609101e-08, 9.95356419509e-09, 2.64243649184e-09, 1.22701104832e-09, 1.32585675772e-09], "dmean2": [2.45875471592e-05, 0.000638267432805, 0.000732086133212, 0.000969725777395, 0.00208066217601, 0.00297301169485, 0.00266165845096, 0.00171244074591, 0.000540810462553, 0.000651974987704, 0.000388515240047, 0.000194702690351, 0.000128349551233, 3.27897578245e-05, 6.19081110926e-05, 5.96794998273e-05, 3.62255013897e-05, 1.13337173389e-05, 9.47655462369e-06, 3.85851126339e-06, 7.63411378557e-07, 4.01876263822e-07, 8.82602364527e-08, 1.35924862477e-08, 4.5803729698e-09, 2.22993157273e-09, 2.40170416888e-09], "dvar": [2.98039748436e-09, 5.19639741015e-07, 8.25375423119e-07, 1.26697239011e-06, 5.91123171034e-06, 1.60993349709e-05, 7.49626178731e-06, 6.99292013451e-06, 1.99175701709e-06, 2.66066649601e-06, 1.0282334415e-06, 4.37229658701e-07, 5.86391664115e-08, 1.80694170737e-09, 1.68772462672e-08, 7.4672419359e-09, 2.69054512003e-09, 2.64881949708e-10, 2.93011226393e-10, 1.83907278295e-10, 2.66567909239e-12, 1.87091271295e-12, 2.47698644365e-13, 1.73999642548e-14, 6.88551335818e-16, 3.68628490491e-18, 2.82985415192e-18], "dvar2": [7.70762387248e-09, 1.28614749428e-06, 1.99732221517e-06, 2.95538393402e-06, 1.54699737323e-05, 3.81457903131e-05, 2.0128367396e-05, 1.61278057931e-05, 4.54977362097e-06, 4.81759025206e-06, 2.17973365579e-06, 7.33634067274e-07, 1.55064071805e-07, 4.00782163013e-09, 2.50348364261e-08, 1.62650000135e-08, 6.59690035931e-09, 6.86999790389e-10, 6.65367150265e-10, 4.64239757747e-10, 6.08463236393e-12, 4.69433433098e-12, 5.93067641438e-13, 3.64360268573e-14, 1.83370689916e-15, 1.12103859311e-17, 8.9206515611e-18], "max": [0.00103123020381, 0.0168547555804, 0.0204521715641, 0.0289428047836, 0.0951059311628, 0.0855115503073, 0.0446918904781, 0.0573066696525, 0.0431100912392, 0.0438545197248, 0.0327485762537, 0.0227456595749, 0.00944079086185, 0.00164291542023, 0.00569282891229, 0.00155038712546, 0.0010627633892, 0.000245840172283, 0.000360782811185, 0.000389709050069, 5.60439075343e-05, 8.27616240713e-05, 3.52791685145e-05, 9.52443224378e-06, 1.5682405774e-06, 7.85204079534e-08, 1.91855615839e-08], "mean": [1.42243407026e-05, 0.0014281097101, 0.00150471494999, 0.00281559536234, 0.00497008534148, 0.00716113718227, 0.00546246021986, 0.00347788841464, 0.000746312376577, 0.00146040052641, 0.000722600670997, 0.000346555520082, 0.000185168493772, 6.34295865893e-05, 0.00011287866073, 9.29979214561e-05, 4.22192169935e-05, 1.39089270306e-05, 1.15300854304e-05, 3.5565719827e-06, 8.97874315342e-07, 3.26882314994e-07, 7.3557480107e-08, 1.29106059177e-08, 3.05182212834e-09, 2.01804306599e-09, 2.10082173879e-09], "median": [2.03448553293e-06, 0.000907768146135, 0.00089014833793, 0.00144708913285, 0.00309772230685, 0.00366662675515, 0.00322086829692, 0.00149826705456, 0.000341736653354, 0.000585360394325, 0.000309335649945, 0.000150017076521, 0.000101332581835, 4.16622133343e-05, 5.14560306328e-05, 3.1426010537e-05, 1.98194065888e-05, 7.00790542396e-06, 3.82683947464e-06, 7.31133127374e-07, 2.30284769032e-07, 4.00604953654e-08, 4.73944261614e-09, 1.82729986697e-09, 1.35423028347e-09, 1.44864220619e-09, 1.43973166722e-09], "min": [3.97519316371e-24, 2.27558508589e-23, 2.68548794075e-23, 1.23291410087e-23, 7.18175875778e-23, 1.10277461293e-23, 8.30735535336e-24, 2.51630662221e-23, 5.808317843e-23, 1.22501515774e-22, 1.14840502559e-22, 4.34190809282e-23, 1.08960913974e-22, 2.12705071848e-22, 5.98724916679e-23, 1.36718745661e-22, 1.42602966438e-22, 1.52937700629e-22, 2.0617562596e-22, 3.54647881616e-22, 4.67683243232e-22, 4.09403865629e-22, 5.7058902498e-22, 8.11812087506e-22, 1.59242011926e-21, 1.59517449338e-21, 2.65213612599e-21], "var": [2.45750375605e-09, 2.57754072663e-06, 3.38279323842e-06, 1.26015866044e-05, 2.85673704639e-05, 8.27052863315e-05, 3.95804090658e-05, 2.89635972877e-05, 3.78359345632e-06, 1.04884875327e-05, 2.60326100943e-06, 1.1949528016e-06, 9.13315147955e-08, 6.47556852584e-09, 5.58665966821e-08, 2.57703156592e-08, 4.73615147101e-09, 4.30967705967e-10, 5.5585924752e-10, 1.69962127705e-10, 4.41985033642e-12, 1.81723267077e-12, 3.07068606653e-13, 2.14793918193e-14, 5.20929127149e-16, 3.30153156235e-18, 3.18674412234e-18]}, "erbbands": {"dmean": [0.00436725793406, 0.122352622449, 0.482693403959, 1.57189321518, 3.63401937485, 4.17041301727, 10.9525279999, 14.7982244492, 24.7023544312, 19.1420345306, 25.3309249878, 7.26130056381, 14.0767507553, 14.8541297913, 7.43478345871, 5.93300056458, 4.03205490112, 1.54544782639, 1.93705797195, 2.00179719925, 1.93543958664, 0.841618478298, 0.576902866364, 0.389770388603, 0.212656855583, 0.0898850262165, 0.036005847156, 0.0149472905323, 0.00869344454259, 0.00484989676625, 0.0013247289462, 0.00036221917253, 0.000108723761514, 4.32914857811e-05, 1.45526291817e-05, 6.09477592661e-06, 2.94775236398e-06, 9.01647013052e-07, 2.54416841017e-06, 6.01422289037e-06], "dmean2": [0.00621639937162, 0.180633768439, 0.698778450489, 2.28660488129, 5.45841550827, 6.43329143524, 16.6628036499, 22.0239028931, 36.5993919373, 32.1758918762, 36.8698806763, 10.6526422501, 17.3514461517, 21.4660339355, 10.4492731094, 8.13446140289, 6.18428087234, 2.34551239014, 2.48793792725, 2.63714599609, 3.01625537872, 1.33114349842, 0.898828566074, 0.580899953842, 0.311462879181, 0.136449530721, 0.0514856241643, 0.0218586325645, 0.013176901266, 0.00784626882523, 0.00187905027997, 0.000500817841385, 0.000167951264302, 7.31454201741e-05, 2.48243104579e-05, 1.03205957203e-05, 4.87961096951e-06, 1.55612565322e-06, 3.69015083379e-06, 8.76364265423e-06], "dvar": [7.23629418644e-05, 0.0412349142134, 0.693699777126, 8.13569545746, 47.304813385, 71.9762954712, 739.625549316, 978.764038086, 2009.02783203, 1140.58618164, 4370.28417969, 481.528076172, 2208.97924805, 3064.10351562, 902.232849121, 924.922851562, 154.078933716, 7.5380730629, 18.0400238037, 23.9518280029, 14.2169303894, 3.712631464, 1.90419888496, 1.29935455322, 0.433658033609, 0.153067722917, 0.00825767219067, 0.0041837063618, 0.00142794230487, 0.00125616393052, 9.70533001237e-05, 1.59182673087e-05, 4.86412045575e-06, 3.93052943082e-07, 6.64525368066e-09, 1.28764873764e-10, 1.24663248474e-11, 1.15045971881e-12, 1.02205102021e-11, 5.76102568428e-11], "dvar2": [0.000140602947795, 0.102762132883, 1.64504909515, 19.0000762939, 117.549407959, 181.556243896, 2045.53625488, 2239.55688477, 3871.61791992, 3194.42944336, 9464.56445312, 1128.95471191, 3173.82421875, 6855.05664062, 1675.05627441, 1575.86206055, 357.465606689, 16.8120479584, 35.3684501648, 35.2715568542, 34.6646728516, 8.9295835495, 4.7662987709, 2.97348117828, 0.980195999146, 0.372420728207, 0.0187052879483, 0.010652564466, 0.00343806110322, 0.00325486855581, 0.000200001129997, 2.71753979177e-05, 1.21142884382e-05, 1.0793387446e-06, 1.69721445786e-08, 3.55295626253e-10, 3.27918525667e-11, 3.33126907136e-12, 2.21963298436e-11, 1.27242480441e-10], "max": [0.303713083267, 4.73871946335, 18.0407466888, 88.3925094604, 182.506286621, 378.651824951, 705.052307129, 754.800476074, 1100.96813965, 559.740478516, 1570.58032227, 482.866119385, 1717.99377441, 1530.22399902, 1026.26867676, 1167.04345703, 528.43737793, 94.1075973511, 111.897079468, 207.163711548, 53.7422409058, 39.5278892517, 33.1958885193, 27.807258606, 13.4521923065, 10.2257976532, 1.85757660866, 2.42300152779, 1.41123867035, 2.2787861824, 0.584650158882, 0.271029055119, 0.169977158308, 0.0419844053686, 0.00304519664496, 0.000633755873423, 0.000108613268822, 1.57556441991e-05, 5.82089996897e-05, 0.000137138762511], "mean": [0.0155677739531, 0.413052767515, 1.62965297699, 6.94530153275, 13.1521968842, 15.3991298676, 34.8977470398, 51.4825286865, 96.771697998, 56.4930648804, 79.6083602905, 20.7638931274, 45.0405158997, 39.8095626831, 20.2156162262, 14.7020483017, 9.82761764526, 4.53033733368, 5.16814565659, 4.89269065857, 4.53093957901, 1.75709974766, 1.16187787056, 0.704550623894, 0.39523178339, 0.140017554164, 0.0622217431664, 0.0225724577904, 0.0116700455546, 0.00574115244672, 0.00163371860981, 0.000500337569974, 0.000146222315379, 6.51622540317e-05, 3.48277098965e-05, 2.2366300982e-05, 1.28353794935e-05, 2.99148564409e-06, 1.47434157043e-05, 3.42604871548e-05], "median": [0.0064436881803, 0.27731949091, 1.12051832676, 3.26126670837, 7.23000144958, 8.08708000183, 12.8777770996, 24.2652072906, 46.3518753052, 36.5280036926, 32.4831314087, 11.8505048752, 15.7961139679, 18.8230266571, 10.3493442535, 6.3521156311, 5.35224866867, 3.25553846359, 2.87008857727, 2.42096662521, 2.13285493851, 0.953174352646, 0.621508836746, 0.262407302856, 0.12922309339, 0.0369394086301, 0.0186207704246, 0.00502034462988, 0.0017680353485, 0.000486473552883, 0.00013870204566, 6.73394824844e-05, 4.5866239816e-05, 3.47944405803e-05, 2.73013756669e-05, 2.01840430236e-05, 1.17927702377e-05, 2.64993354904e-06, 1.36985527206e-05, 3.18171951221e-05], "min": [3.62594929484e-22, 6.26555063562e-21, 2.02788707073e-20, 5.90383553974e-20, 7.9238849126e-20, 3.32682038653e-19, 1.63617669331e-19, 1.14742849809e-19, 1.28441180473e-19, 3.24856444769e-19, 4.76377243877e-19, 1.24893343372e-18, 2.3711978051e-18, 5.82763423999e-18, 3.49414532427e-18, 2.46886302003e-18, 5.63673543028e-18, 7.85950125793e-18, 6.34763760976e-18, 5.97159716739e-18, 7.48156574477e-18, 7.18342834531e-18, 8.2575571123e-18, 1.0841426982e-17, 1.05034153411e-17, 2.00891068798e-17, 1.97630752957e-17, 1.63636061692e-17, 1.32608798157e-17, 1.2754714764e-17, 1.75749890153e-17, 1.34073900458e-17, 1.76207933145e-17, 1.40261658117e-17, 1.32440880493e-17, 6.85470718347e-18, 3.11345571327e-18, 1.22896291559e-18, 4.06890737851e-19, 3.64531678174e-20], "var": [0.00044635660015, 0.203218996525, 3.20777916908, 84.5665893555, 249.591323853, 460.704833984, 3168.64550781, 5257.59033203, 16349.8476562, 3761.80371094, 18375.1523438, 958.274658203, 12733.5791016, 6392.48779297, 2486.84082031, 2474.32275391, 331.183624268, 23.6006469727, 51.272693634, 83.3605880737, 39.3467254639, 6.66438055038, 2.8892056942, 2.19451475143, 0.735008537769, 0.17230373621, 0.0155616076663, 0.00452738441527, 0.00180073035881, 0.00114634225611, 0.000130013402668, 2.49008135143e-05, 4.35180345448e-06, 2.76946536815e-07, 5.76031844446e-09, 1.89334908862e-10, 4.07707478889e-11, 2.53139891861e-12, 6.03865221716e-11, 3.38790745458e-10]}, "gfcc": {"mean": [-146.639831543, 251.513442993, -132.533569336, -34.5377655029, -20.6581516266, -41.9637565613, -19.8440532684, -13.3739709854, -10.5444841385, -13.4542036057, -7.35493612289, -10.816491127, -3.89861750603], "cov": [[2533.92797852, -293.061401367, -675.668884277, 938.421691895, -101.756942749, -91.5085830688, 305.586761475, -149.440475464, 142.198318481, 103.277633667, 43.2386627197, 94.7362442017, 21.732629776], [-293.061401367, 515.838867188, 443.306762695, -203.136291504, 247.207824707, 93.2661056519, -71.5310668945, 84.4023590088, -16.9156341553, -19.0514450073, 17.2503471375, -38.5306739807, 10.5715351105], [-675.668884277, 443.306762695, 671.983642578, -293.637054443, 148.273193359, 124.070022583, -138.046890259, 87.8927841187, -4.65918684006, -32.1192054749, 12.5621995926, -74.3083114624, -7.78791904449], [938.421691895, -203.136291504, -293.637054443, 608.419555664, -64.0229721069, -32.9829216003, 219.718719482, -63.5843391418, 91.8028411865, 72.0219421387, -19.007598877, 14.0685815811, -9.09264659882], [-101.756942749, 247.207824707, 148.273193359, -64.0229721069, 240.488464355, 57.3877258301, -47.9754257202, 54.2420158386, -36.895565033, -16.4326877594, 23.8938503265, 7.23870182037, 18.6610450745], [-91.5085830688, 93.2661056519, 124.070022583, -32.9829216003, 57.3877258301, 200.621520996, 35.7307090759, 32.0291290283, 24.3026237488, -59.1469459534, -19.9643936157, 9.86107730865, 11.5921449661], [305.586761475, -71.5310668945, -138.046890259, 219.718719482, -47.9754257202, 35.7307090759, 211.095367432, 29.3615760803, 37.4416542053, 31.3300437927, -34.4042701721, -15.1801252365, -2.38433504105], [-149.440475464, 84.4023590088, 87.8927841187, -63.5843391418, 54.2420158386, 32.0291290283, 29.3615760803, 139.893707275, 33.2402229309, -6.64316368103, 20.5284461975, -32.8560562134, -20.2406654358], [142.198318481, -16.9156341553, -4.65918684006, 91.8028411865, -36.895565033, 24.3026237488, 37.4416542053, 33.2402229309, 130.713775635, 46.7377548218, 7.47157239914, 6.22788953781, -26.9280166626], [103.277633667, -19.0514450073, -32.1192054749, 72.0219421387, -16.4326877594, -59.1469459534, 31.3300437927, -6.64316368103, 46.7377548218, 117.637870789, 38.7470169067, -6.43072319031, -6.36137390137], [43.2386627197, 17.2503471375, 12.5621995926, -19.007598877, 23.8938503265, -19.9643936157, -34.4042701721, 20.5284461975, 7.47157239914, 38.7470169067, 95.2970352173, 32.5514526367, -10.6340236664], [94.7362442017, -38.5306739807, -74.3083114624, 14.0685815811, 7.23870182037, 9.86107730865, -15.1801252365, -32.8560562134, 6.22788953781, -6.43072319031, 32.5514526367, 109.144180298, 42.0763244629], [21.732629776, 10.5715351105, -7.78791904449, -9.09264659882, 18.6610450745, 11.5921449661, -2.38433504105, -20.2406654358, -26.9280166626, -6.36137390137, -10.6340236664, 42.0763244629, 89.4014587402]], "icov": [[0.0015067528002, -0.00189418508671, 0.00175943342037, -0.00215361570008, 0.00102696032263, -5.46658448002e-05, 0.000329487404088, 0.000943305203691, -0.00100839126389, 0.00141842081212, -0.00234549259767, 0.00105834065471, -0.00117287470493], [-0.00189418508671, 0.0151680521667, -0.00926134549081, 0.00748019944876, -0.0146903721616, 0.00628956360742, -0.0111045828089, 0.00770785845816, -0.00797211285681, 0.00567194214091, -0.00273496331647, 0.00307472702116, -0.00144943036139], [0.00175943342037, -0.00926134549081, 0.00901234336197, -0.00457775127143, 0.00778922345489, -0.00564286764711, 0.00832937844098, -0.00445403298363, 0.00339765124954, -0.00332780601457, 8.86084526428e-05, 0.00156839226838, -0.00063454156043], [-0.00215361570008, 0.00748019944876, -0.00457775127143, 0.0105157969519, -0.00971355754882, 0.00594947813079, -0.0123906619847, 0.00955589581281, -0.00927742011845, 0.00589203462005, -0.00357686262578, 0.00367787363939, -0.00113269966096], [0.00102696032263, -0.0146903721616, 0.00778922345489, -0.00971355754882, 0.0233176257461, -0.01127178967, 0.0180618427694, -0.0170773733407, 0.0173805877566, -0.0133900716901, 0.00859156996012, -0.00843368656933, 0.00366133986972], [-5.46658448002e-05, 0.00628956360742, -0.00564286764711, 0.00594947813079, -0.01127178967, 0.0162249710411, -0.0155823323876, 0.0122740501538, -0.0147336451337, 0.016015952453, -0.00863910280168, 0.00455404818058, -0.00447375047952], [0.000329487404088, -0.0111045828089, 0.00832937844098, -0.0123906619847, 0.0180618427694, -0.0155823323876, 0.0305500142276, -0.0234573706985, 0.0205462761223, -0.0210750512779, 0.0173246189952, -0.00926664657891, 0.00556373503059], [0.000943305203691, 0.00770785845816, -0.00445403298363, 0.00955589581281, -0.0170773733407, 0.0122740501538, -0.0234573706985, 0.0322080142796, -0.0247739274055, 0.0226408150047, -0.021652508527, 0.0164102930576, -0.00806728750467], [-0.00100839126389, -0.00797211285681, 0.00339765124954, -0.00927742011845, 0.0173805877566, -0.0147336451337, 0.0205462761223, -0.0247739274055, 0.0339949019253, -0.0260385759175, 0.0201177895069, -0.0171965416521, 0.0126348529011], [0.00141842081212, 0.00567194214091, -0.00332780601457, 0.00589203462005, -0.0133900716901, 0.016015952453, -0.0210750512779, 0.0226408150047, -0.0260385759175, 0.0356892608106, -0.025282939896, 0.0166638176888, -0.0115775186568], [-0.00234549259767, -0.00273496331647, 8.86084526428e-05, -0.00357686262578, 0.00859156996012, -0.00863910280168, 0.0173246189952, -0.021652508527, 0.0201177895069, -0.025282939896, 0.0356508493423, -0.0208775680512, 0.0137512208894], [0.00105834065471, 0.00307472702116, 0.00156839226838, 0.00367787363939, -0.00843368656933, 0.00455404818058, -0.00926664657891, 0.0164102930576, -0.0171965416521, 0.0166638176888, -0.0208775680512, 0.0276863947511, -0.0149798067287], [-0.00117287470493, -0.00144943036139, -0.00063454156043, -0.00113269966096, 0.00366133986972, -0.00447375047952, 0.00556373503059, -0.00806728750467, 0.0126348529011, -0.0115775186568, 0.0137512208894, -0.0149798067287, 0.0212769955397]]}, "melbands": {"dmean": [7.97625543782e-05, 0.000220253263251, 0.000297651014989, 0.000304464629153, 0.00030482801958, 0.00035856894101, 0.000386225496186, 0.000205783551792, 0.000197668166948, 4.06422986998e-05, 7.00929231243e-05, 6.02367326792e-05, 2.7809803214e-05, 1.70146686287e-05, 1.22133815239e-05, 8.08930872154e-06, 2.53525627159e-06, 2.50230323218e-06, 3.99667169404e-06, 3.04089257952e-06, 2.12973623093e-06, 9.64791979641e-07, 8.8465594672e-07, 3.01684877968e-07, 3.51595872417e-07, 1.54179844003e-07, 1.53821417825e-07, 4.00976745141e-08, 2.953112066e-08, 1.24098944454e-08, 7.32641503021e-09, 4.89200813192e-09, 5.1169726234e-09, 1.90238380604e-09, 9.15470144136e-10, 3.27568416836e-10, 1.57321322636e-10, 7.7743915472e-11, 5.14872693091e-11, 3.28661958759e-11], "dmean2": [0.000116635659651, 0.000321753468597, 0.000433738779975, 0.000467496720375, 0.000465199438622, 0.000523287279066, 0.000591474061366, 0.00034219128429, 0.000287114875391, 5.99079503445e-05, 8.64992616698e-05, 8.8218752353e-05, 3.95123242924e-05, 2.32949423662e-05, 1.72295640368e-05, 1.29273166749e-05, 3.81403401661e-06, 3.34544870384e-06, 4.93645393362e-06, 4.49292519988e-06, 3.41917871083e-06, 1.54685574216e-06, 1.37992310556e-06, 4.78823835692e-07, 5.23843254996e-07, 2.32644751463e-07, 2.36826934952e-07, 6.07293699773e-08, 4.27998223529e-08, 1.79723294025e-08, 1.10604210235e-08, 7.43907113687e-09, 8.34177615872e-09, 3.07993075488e-09, 1.2979244346e-09, 4.79698780698e-10, 2.20939114226e-10, 1.19590462533e-10, 9.15675243962e-11, 5.55147247616e-11], "dvar": [1.91839184538e-08, 1.34383057571e-07, 2.08301131011e-07, 3.8724263618e-07, 5.20829530615e-07, 5.6316298469e-07, 4.52526478512e-07, 1.47169714637e-07, 2.87968930479e-07, 1.82093788936e-08, 5.43913998285e-08, 5.35140713964e-08, 1.00880264142e-08, 4.52373072335e-09, 6.55839782482e-09, 3.55793283724e-10, 2.613972927e-11, 3.04644295901e-11, 1.74158534816e-10, 5.4221897805e-11, 1.77585324918e-11, 4.47743578325e-12, 8.39975571737e-12, 5.3080592222e-13, 1.17802599273e-12, 1.98749030471e-13, 7.65365093351e-13, 1.84011690569e-14, 6.09522579504e-15, 2.52789508042e-15, 1.09385379528e-15, 4.06093641177e-16, 1.15177115536e-15, 2.40322623015e-16, 3.97620691196e-17, 2.56607241707e-17, 3.16747288202e-18, 2.53863363674e-18, 2.21691724713e-18, 1.09571303694e-19], "dvar2": [4.40044516381e-08, 3.24228409454e-07, 4.94452024213e-07, 1.01646105577e-06, 1.4282114762e-06, 1.20358072309e-06, 9.6910503089e-07, 3.94283489413e-07, 6.34469927263e-07, 3.98140613811e-08, 7.78196707074e-08, 1.19439988566e-07, 2.09799093653e-08, 7.53093321038e-09, 1.30649739916e-08, 9.08320696436e-10, 5.74413260013e-11, 6.72369382393e-11, 2.26998100872e-10, 1.09809175641e-10, 4.59463855851e-11, 1.11283378346e-11, 2.05631796313e-11, 1.40757425247e-12, 2.67729480079e-12, 4.35703502357e-13, 1.93247891647e-12, 3.9715375899e-14, 1.42647463394e-14, 5.60188331337e-15, 2.86134887011e-15, 9.48104730169e-16, 2.99264172979e-15, 6.53851889979e-16, 8.08301240775e-17, 4.3161056827e-17, 5.49888826274e-18, 5.73425961091e-18, 6.42574331192e-18, 2.81813843101e-19], "max": [0.00361603870988, 0.00818049162626, 0.0123225739226, 0.0267418008298, 0.0189220104367, 0.0191898588091, 0.0149925425649, 0.00686226226389, 0.0119301611558, 0.00481004780158, 0.00848347134888, 0.00673375977203, 0.002736807568, 0.00246867025271, 0.00372585421428, 0.000419982156018, 0.000211944672628, 0.000122396129882, 0.000634031603113, 0.000163007265655, 5.56128179596e-05, 4.40156109107e-05, 8.76165067893e-05, 1.45834355862e-05, 2.75361944659e-05, 1.63288241311e-05, 2.57528663496e-05, 5.98955830355e-06, 1.51307449414e-06, 2.81339225694e-06, 1.20080176202e-06, 7.97447739842e-07, 2.0836027943e-06, 8.47720912134e-07, 2.43504615582e-07, 3.88071271118e-07, 1.10287686539e-07, 1.24981340832e-07, 1.03923134986e-07, 1.39809044342e-08], "mean": [0.000275928643532, 0.000762106501497, 0.00129995390307, 0.00105979759246, 0.00101177743636, 0.00128925265744, 0.00145660131238, 0.000601627223659, 0.000592640426476, 0.000105456812889, 0.000221077076276, 0.000154609762831, 7.39191964385e-05, 4.35234032921e-05, 2.82031069219e-05, 1.83256488526e-05, 7.03652904122e-06, 6.87789406584e-06, 8.45213980938e-06, 7.46826117393e-06, 4.52753556601e-06, 1.79238622877e-06, 1.70491432527e-06, 5.85005579978e-07, 6.03587352543e-07, 2.79973448869e-07, 2.32834423741e-07, 6.08613177633e-08, 4.82132769264e-08, 2.0046815763e-08, 9.83455894499e-09, 6.47571818391e-09, 5.7156492872e-09, 2.24497642698e-09, 1.05987540966e-09, 4.11238654241e-10, 2.0683139923e-10, 9.15705705706e-11, 4.96893047541e-11, 3.61114471659e-11], "median": [0.000152166277985, 0.000595710007474, 0.000841320375912, 0.000577921862714, 0.000406985927839, 0.00059573049657, 0.000772155995946, 0.000377575110178, 0.000234620907577, 5.93540062255e-05, 7.47203303035e-05, 7.04468257027e-05, 3.73605580535e-05, 2.09205863939e-05, 1.04114678834e-05, 1.03425427369e-05, 4.40637813881e-06, 4.01859324484e-06, 3.31626210937e-06, 2.50369566857e-06, 2.1760670279e-06, 8.64295429892e-07, 6.96376446285e-07, 3.02576637523e-07, 1.9038199639e-07, 8.11366902553e-08, 5.8861004959e-08, 1.31059536557e-08, 1.25286252484e-08, 4.41903047488e-09, 1.65701685706e-09, 8.12589273647e-10, 4.07239880706e-10, 1.40470857168e-10, 6.39849492834e-11, 3.49467330074e-11, 2.38896159799e-11, 1.86993302786e-11, 1.50687101685e-11, 1.25414158225e-11], "min": [5.7474315073e-24, 1.11134014353e-23, 9.01644191068e-24, 1.54620965718e-23, 8.51208921296e-24, 2.49274780403e-24, 1.63696684215e-24, 4.32756628602e-24, 3.94542194758e-24, 8.34128189431e-24, 1.17889527266e-23, 2.34016202845e-23, 1.22055020502e-23, 7.5245789323e-24, 7.68510266019e-24, 1.16459645878e-23, 1.63381976045e-23, 1.32006808477e-23, 5.60702254921e-24, 8.01958757261e-24, 9.46496613329e-24, 7.08337612776e-24, 6.83006500249e-24, 9.09841165848e-24, 8.77516801396e-24, 6.89861228198e-24, 9.09523176017e-24, 1.39076414249e-23, 1.18981350202e-23, 1.08052116234e-23, 9.25699242196e-24, 8.00024233663e-24, 7.05570525379e-24, 6.48922384332e-24, 8.82272054933e-24, 1.0761907104e-23, 7.72138316208e-24, 1.12616315548e-23, 1.47929863297e-23, 1.02477512318e-23], "var": [1.07376820324e-07, 6.25457801107e-07, 1.87874184121e-06, 1.74055708158e-06, 2.49031018029e-06, 3.44365321325e-06, 3.33365755978e-06, 4.87594832066e-07, 1.07543542072e-06, 4.37315534896e-08, 3.1490807828e-07, 1.06524872479e-07, 2.53177798726e-08, 1.26908688003e-08, 1.55886716868e-08, 7.35280891728e-10, 8.88697587742e-11, 7.54188517194e-11, 5.93361138002e-10, 2.05137448694e-10, 3.98031781146e-11, 8.41964779147e-12, 1.23837710919e-11, 8.2333537774e-13, 1.9673284269e-12, 4.99030124949e-13, 6.9155347681e-13, 3.34481486291e-14, 1.04591323395e-14, 3.99348336653e-15, 1.01425821511e-15, 5.54461308646e-16, 9.71954425107e-16, 2.30409505265e-16, 5.17753355784e-17, 3.92559967121e-17, 4.75258109867e-18, 2.69285277656e-18, 1.2709838975e-18, 9.22984283358e-20]}, "mfcc": {"mean": [-771.355957031, 262.464874268, -15.5584945679, -1.45609402657, 6.30632019043, -17.9272842407, -9.95080661774, -4.49413633347, -4.14052820206, -5.33124780655, -5.38498067856, -2.3982424736, 2.2227704525], "cov": [[1838.6229248, 40.0063209534, -772.748535156, 668.763916016, -22.5392246246, 16.6388492584, 176.38180542, -16.6679344177, 26.9986820221, 60.0120010376, 68.2510986328, 5.61755037308, 103.516738892], [40.0063209534, 377.439483643, 195.68309021, -56.1931877136, 182.409072876, 62.5158424377, 33.5869941711, 44.1086845398, -16.8491268158, 26.7748355865, 32.2435531616, -17.7162666321, -22.0034160614], [-772.748535156, 195.68309021, 651.397460938, -224.566558838, 50.5313034058, 103.763832092, -67.7889785767, 18.4344520569, 30.3640670776, 42.6775245667, 39.132270813, -10.8080043793, -84.4245605469], [668.763916016, -56.1931877136, -224.566558838, 412.856628418, -26.7693901062, -7.51875925064, 77.961807251, -47.076171875, 35.1758537292, 66.6059112549, 57.8205490112, 35.3584136963, 30.3476371765], [-22.5392246246, 182.409072876, 50.5313034058, -26.7693901062, 217.908325195, 43.0006103516, 4.47130823135, 43.6815032959, -32.4798164368, -11.9318981171, 1.40060651302, -3.48680686951, 8.95366096497], [16.6388492584, 62.5158424377, 103.763832092, -7.51875925064, 43.0006103516, 151.893371582, 23.9646835327, 17.9523296356, 40.944934845, -5.24477338791, 0.023518236354, -13.3411273956, -8.74289321899], [176.38180542, 33.5869941711, -67.7889785767, 77.961807251, 4.47130823135, 23.9646835327, 137.611175537, 50.6880531311, 21.7804737091, 37.8423995972, -10.2859115601, -5.56676292419, 12.095993042], [-16.6679344177, 44.1086845398, 18.4344520569, -47.076171875, 43.6815032959, 17.9523296356, 50.6880531311, 144.443008423, 42.667388916, 8.28664970398, 2.08734846115, -30.8599224091, 8.09965324402], [26.9986820221, -16.8491268158, 30.3640670776, 35.1758537292, -32.4798164368, 40.944934845, 21.7804737091, 42.667388916, 116.509910583, 52.9637489319, 3.71786260605, -2.01467823982, -15.9041185379], [60.0120010376, 26.7748355865, 42.6775245667, 66.6059112549, -11.9318981171, -5.24477338791, 37.8423995972, 8.28664970398, 52.9637489319, 138.385528564, 63.0483932495, -2.17416143417, 0.540362417698], [68.2510986328, 32.2435531616, 39.132270813, 57.8205490112, 1.40060651302, 0.023518236354, -10.2859115601, 2.08734846115, 3.71786260605, 63.0483932495, 133.167694092, 58.7380714417, 4.98719739914], [5.61755037308, -17.7162666321, -10.8080043793, 35.3584136963, -3.48680686951, -13.3411273956, -5.56676292419, -30.8599224091, -2.01467823982, -2.17416143417, 58.7380714417, 135.657913208, 42.1418991089], [103.516738892, -22.0034160614, -84.4245605469, 30.3476371765, 8.95366096497, -8.74289321899, 12.095993042, 8.09965324402, -15.9041185379, 0.540362417698, 4.98719739914, 42.1418991089, 100.270492554]], "icov": [[0.0403343513608, -0.0547726713121, 0.0553327538073, -0.0546387434006, 0.0512833856046, -0.0510867238045, 0.045159727335, -0.0419211685658, 0.0380409881473, -0.0302730817348, 0.0229103788733, -0.0143399788067, 0.00945474114269], [-0.0547726713121, 0.0809674412012, -0.0770094543695, 0.0751601308584, -0.0755289122462, 0.0709312185645, -0.0659815967083, 0.059982188046, -0.0539170391858, 0.0433863662183, -0.0352395772934, 0.0225037112832, -0.0137212919071], [0.0553327538073, -0.0770094543695, 0.0795607492328, -0.0739625543356, 0.0722171962261, -0.0734794139862, 0.0655302405357, -0.0598218627274, 0.0547403655946, -0.0456505976617, 0.0337003804743, -0.0225489474833, 0.0161506608129], [-0.0546387434006, 0.0751601308584, -0.0739625543356, 0.0793095305562, -0.0716943591833, 0.070763245225, -0.0662056207657, 0.0625417903066, -0.0567035935819, 0.0434061586857, -0.0365358330309, 0.0223756618798, -0.0146849537268], [0.0512833856046, -0.0755289122462, 0.0722171962261, -0.0716943591833, 0.0777252390981, -0.0709594488144, 0.0654702410102, -0.0625757202506, 0.0583417117596, -0.0453256517649, 0.037344135344, -0.0247880350798, 0.0150733524933], [-0.0510867238045, 0.0709312185645, -0.0734794139862, 0.070763245225, -0.0709594488144, 0.0798008963466, -0.0671685710549, 0.0628546178341, -0.0622135698795, 0.0506656579673, -0.0391020961106, 0.0271379947662, -0.0182602442801], [0.045159727335, -0.0659815967083, 0.0655302405357, -0.0662056207657, 0.0654702410102, -0.0671685710549, 0.0733571797609, -0.0635677203536, 0.0577176436782, -0.0501295775175, 0.0421684235334, -0.0281311441213, 0.0178444739431], [-0.0419211685658, 0.059982188046, -0.0598218627274, 0.0625417903066, -0.0625757202506, 0.0628546178341, -0.0635677203536, 0.0683311969042, -0.0600674822927, 0.0475165247917, -0.0412202812731, 0.0299253538251, -0.0199494361877], [0.0380409881473, -0.0539170391858, 0.0547403655946, -0.0567035935819, 0.0583417117596, -0.0622135698795, 0.0577176436782, -0.0600674822927, 0.0681525021791, -0.0505353733897, 0.0411298051476, -0.0294655729085, 0.0208228155971], [-0.0302730817348, 0.0433863662183, -0.0456505976617, 0.0434061586857, -0.0453256517649, 0.0506656579673, -0.0501295775175, 0.0475165247917, -0.0505353733897, 0.0515147410333, -0.0387602001429, 0.0269288271666, -0.0178085956722], [0.0229103788733, -0.0352395772934, 0.0337003804743, -0.0365358330309, 0.037344135344, -0.0391020961106, 0.0421684235334, -0.0412202812731, 0.0411298051476, -0.0387602001429, 0.0423246212304, -0.0270381513983, 0.0155371911824], [-0.0143399788067, 0.0225037112832, -0.0225489474833, 0.0223756618798, -0.0247880350798, 0.0271379947662, -0.0281311441213, 0.0299253538251, -0.0294655729085, 0.0269288271666, -0.0270381513983, 0.0274699237198, -0.0154782822356], [0.00945474114269, -0.0137212919071, 0.0161506608129, -0.0146849537268, 0.0150733524933, -0.0182602442801, 0.0178444739431, -0.0199494361877, 0.0208228155971, -0.0178085956722, 0.0155371911824, -0.0154782822356, 0.0208959132433]]}, "spectral_contrast_coeffs": {"dmean": [0.0373312979937, 0.0358450226486, 0.0270997062325, 0.0235305130482, 0.02052529715, 0.0443995669484], "dmean2": [0.0607073865831, 0.0581214278936, 0.0423826053739, 0.0369764082134, 0.0329379886389, 0.0759483799338], "dvar": [0.000988630810753, 0.00114772014786, 0.000694797665346, 0.000530551013071, 0.00040286348667, 0.00123461929616], "dvar2": [0.00265941326506, 0.00286765489727, 0.00165997236036, 0.00122479209676, 0.00100506632589, 0.00334788789041], "max": [-0.300929427147, -0.328968375921, -0.423578709364, -0.509644687176, -0.592089533806, -0.612512230873], "mean": [-0.561086952686, -0.648076593876, -0.727020144463, -0.735373675823, -0.709452867508, -0.811580181122], "median": [-0.563622117043, -0.657568335533, -0.73828792572, -0.7386739254, -0.709799706936, -0.812158942223], "min": [-0.953416466713, -0.963644266129, -0.963963270187, -0.954326748848, -0.966355681419, -0.961869180202], "var": [0.0057953116484, 0.00868508405983, 0.00463488791138, 0.00258811283857, 0.00140590511728, 0.00555379595608]}, "spectral_contrast_valleys": {"dmean": [0.350764453411, 0.265294492245, 0.248642787337, 0.25909268856, 0.314865142107, 0.721479654312], "dmean2": [0.575011670589, 0.420645922422, 0.385638147593, 0.395918339491, 0.470735222101, 1.26907742023], "dvar": [0.147836014628, 0.12923078239, 0.130196392536, 0.13948212564, 0.212289959192, 0.310504585505], "dvar2": [0.301806569099, 0.208551943302, 0.208717435598, 0.233757957816, 0.387205123901, 0.902857899666], "max": [-5.70359802246,