{"lowlevel": {"average_loudness": 0.959602355957, "barkbands_crest": {"dmean": 2.87772464752, "dmean2": 4.63618516922, "dvar": 10.0375881195, "dvar2": 25.5338897705, "max": 25.976228714, "mean": 12.8510742188, "median": 12.6434335709, "min": 2.2504529953, "var": 37.0400352478}, "barkbands_flatness_db": {"dmean": 0.0289703086019, "dmean2": 0.0440423749387, "dvar": 0.00103872118052, "dvar2": 0.00232634390704, "max": 0.358029663563, "mean": 0.131015315652, "median": 0.113635830581, "min": 0.0208693705499, "var": 0.00486459070817}, "barkbands_kurtosis": {"dmean": 6.75657701492, "dmean2": 10.1539020538, "dvar": 188.131988525, "dvar2": 485.946502686, "max": 175.15045166, "mean": 10.3161869049, "median": 3.6223950386, "min": -1.9109108448, "var": 374.277679443}, "barkbands_skewness": {"dmean": 0.797945797443, "dmean2": 1.19215595722, "dvar": 0.972004234791, "dvar2": 2.34533238411, "max": 11.1459102631, "mean": 2.11447787285, "median": 1.96166431904, "min": -5.15628290176, "var": 4.9016866684}, "barkbands_spread": {"dmean": 9.66815280914, "dmean2": 14.580655098, "dvar": 137.310348511, "dvar2": 298.285949707, "max": 134.252761841, "mean": 30.7077388763, "median": 24.8528079987, "min": 0.924799025059, "var": 550.269226074}, "dissonance": {"dmean": 0.0105135831982, "dmean2": 0.0177048798651, "dvar": 0.00012550453539, "dvar2": 0.000331112212734, "max": 0.500000059605, "mean": 0.481647878885, "median": 0.485804378986, "min": 0.389872014523, "var": 0.000257208768744}, "dynamic_complexity": 5.28206777573, "erbbands_crest": {"dmean": 1.33806526661, "dmean2": 2.17940139771, "dvar": 1.48430049419, "dvar2": 3.94448804855, "max": 19.7412433624, "mean": 4.99333238602, "median": 4.52684307098, "min": 1.9414242506, "var": 3.82746767998}, "erbbands_flatness_db": {"dmean": 0.0165761746466, "dmean2": 0.0249337106943, "dvar": 0.000528204953298, "dvar2": 0.00110735127237, "max": 0.413190662861, "mean": 0.110400006175, "median": 0.0923403501511, "min": 0.0251842793077, "var": 0.00367203122005}, "erbbands_kurtosis": {"dmean": 0.735312700272, "dmean2": 1.13475573063, "dvar": 1.5052767992, "dvar2": 3.25975203514, "max": 33.358417511, "mean": 0.129327595234, "median": -0.533375501633, "min": -1.77349388599, "var": 6.52986574173}, "erbbands_skewness": {"dmean": 0.345702528954, "dmean2": 0.532584130764, "dvar": 0.127790004015, "dvar2": 0.309935927391, "max": 2.14959931374, "mean": -0.102828413248, "median": -0.0463211536407, "min": -4.45480775833, "var": 0.55086684227}, "erbbands_spread": {"dmean": 10.6133394241, "dmean2": 16.2912311554, "dvar": 140.420806885, "dvar2": 311.651580811, "max": 196.015029907, "mean": 54.3821716309, "median": 51.7633171082, "min": 3.37913751602, "var": 730.104919434}, "hfc": {"dmean": 11.8830718994, "dmean2": 17.5044288635, "dvar": 1292.99462891, "dvar2": 2774.62109375, "max": 356.45614624, "mean": 21.7916145325, "median": 7.76776647568, "min": 7.09309055935e-09, "var": 1956.85888672}, "melbands_crest": {"dmean": 3.8636777401, "dmean2": 6.14955043793, "dvar": 15.8830032349, "dvar2": 44.4882354736, "max": 35.6727790833, "mean": 20.0345897675, "median": 21.4174728394, "min": 1.84271466732, "var": 62.4458312988}, "melbands_flatness_db": {"dmean": 0.0351646915078, "dmean2": 0.0526321306825, "dvar": 0.00159450538922, "dvar2": 0.00343986181542, "max": 0.46368548274, "mean": 0.200833290815, "median": 0.192833974957, "min": 0.00345764798112, "var": 0.00931456591934}, "melbands_kurtosis": {"dmean": 17.9039363861, "dmean2": 27.6375961304, "dvar": 1159.87780762, "dvar2": 3020.38500977, "max": 418.102752686, "mean": 35.9132385254, "median": 19.5232391357, "min": -1.90084314346, "var": 2871.82446289}, "melbands_skewness": {"dmean": 1.05785429478, "dmean2": 1.6074886322, "dvar": 1.59871828556, "dvar2": 3.85029602051, "max": 16.6598377228, "mean": 4.16348409653, "median": 3.92676091194, "min": -4.05450487137, "var": 8.81259822845}, "melbands_spread": {"dmean": 9.69239234924, "dmean2": 14.6792068481, "dvar": 253.808502197, "dvar2": 530.459350586, "max": 307.048553467, "mean": 28.9199008942, "median": 16.2202091217, "min": 0.711942315102, "var": 1178.55895996}, "pitch_salience": {"dmean": 0.0925712957978, "dmean2": 0.149343475699, "dvar": 0.00926092639565, "dvar2": 0.0249447543174, "max": 0.889872610569, "mean": 0.494076699018, "median": 0.481690704823, "min": 0.086250692606, "var": 0.0317085310817}, "silence_rate_20dB": {"dmean": 0, "dmean2": 0, "dvar": 0, "dvar2": 0, "max": 1, "mean": 1, "median": 1, "min": 1, "var": 0}, "silence_rate_30dB": {"dmean": 0.0588019117713, "dmean2": 0.117625437677, "dvar": 0.0553448945284, "dvar2": 0.12290327996, "max": 1, "mean": 0.908690035343, "median": 1, "min": 0, "var": 0.0829686224461}, "silence_rate_60dB": {"dmean": 0.024990811944, "dmean2": 0.0499908104539, "dvar": 0.0243670642376, "dvar2": 0.0544782578945, "max": 1, "mean": 0.184273377061, "median": 0, "min": 0, "var": 0.150312021375}, "spectral_centroid": {"dmean": 355.300445557, "dmean2": 543.022216797, "dvar": 188418.1875, "dvar2": 386497.75, "max": 10773.8730469, "mean": 1912.55004883, "median": 1747.51306152, "min": 220.129196167, "var": 1206735.25}, "spectral_complexity": {"dmean": 3.43145895004, "dmean2": 4.72890996933, "dvar": 31.6920051575, "dvar2": 45.0016326904, "max": 65, "mean": 14.4679403305, "median": 10, "min": 0, "var": 231.407836914}, "spectral_decrease": {"dmean": 3.62182639435e-09, "dmean2": 5.58882629065e-09, "dvar": 6.69874947545e-17, "dvar2": 1.54554025539e-16, "max": 1.90587805954e-11, "mean": -6.92796087165e-09, "median": -2.88414114813e-09, "min": -7.05383698119e-08, "var": 1.30360964621e-16}, "spectral_energy": {"dmean": 0.0144790811464, "dmean2": 0.0222924705595, "dvar": 0.00101046776399, "dvar2": 0.00231030746363, "max": 0.268361896276, "mean": 0.0281243249774, "median": 0.0122032854706, "min": 6.32131933603e-13, "var": 0.00198952946812}, "spectral_energyband_high": {"dmean": 0.00123743584845, "dmean2": 0.00178480276372, "dvar": 1.78258487722e-05, "dvar2": 3.86084611819e-05, "max": 0.0441803447902, "mean": 0.00202177581377, "median": 0.000577786006033, "min": 4.73939680903e-13, "var": 2.50715547736e-05}, "spectral_energyband_low": {"dmean": 0.0120712583885, "dmean2": 0.0184944625944, "dvar": 0.000839229905978, "dvar2": 0.00199464033358, "max": 0.257132858038, "mean": 0.0207595303655, "median": 0.00677650235593, "min": 1.29128538035e-14, "var": 0.00155000912491}, "spectral_energyband_middle_high": {"dmean": 0.00109886669088, "dmean2": 0.00171429570764, "dvar": 1.18035422929e-05, "dvar2": 2.73154637398e-05, "max": 0.0366154126823, "mean": 0.00223580934107, "median": 0.000707410450559, "min": 7.38791284551e-14, "var": 2.1071797164e-05}, "spectral_energyband_middle_low": {"dmean": 0.00332685769536, "dmean2": 0.00595975248143, "dvar": 0.000132326676976, "dvar2": 0.000377314805519, "max": 0.115036264062, "mean": 0.00391892623156, "median": 0.00197038636543, "min": 9.66192695241e-15, "var": 8.43470479595e-05}, "spectral_entropy": {"dmean": 0.164871394634, "dmean2": 0.255910247564, "dvar": 0.0464003421366, "dvar2": 0.0953997299075, "max": 9.78784942627, "mean": 8.02531814575, "median": 8.16235733032, "min": 6.35215997696, "var": 0.207751005888}, "spectral_flux": {"dmean": 0.0269037652761, "dmean2": 0.0425348095596, "dvar": 0.00285149994306, "dvar2": 0.00535330735147, "max": 0.542551696301, "mean": 0.0740584135056, "median": 0.0479145795107, "min": 6.8669828579e-06, "var": 0.00642075715587}, "spectral_kurtosis": {"dmean": 1.40935254097, "dmean2": 2.27845144272, "dvar": 8.17142486572, "dvar2": 20.7492198944, "max": 48.7532615662, "mean": 3.48266839981, "median": 2.27469205856, "min": -1.19486045837, "var": 18.8805656433}, "spectral_rms": {"dmean": 0.00099018716719, "dmean2": 0.00147289235611, "dvar": 2.89150239041e-06, "dvar2": 5.92897595197e-06, "max": 0.0161807443947, "mean": 0.00417228601873, "median": 0.00345045560971, "min": 2.48337297393e-08, "var": 1.00303514046e-05}, "spectral_rolloff": {"dmean": 877.65222168, "dmean2": 1410.38708496, "dvar": 2388781.75, "dvar2": 5379032.5, "max": 19099.9511719, "mean": 2375.69677734, "median": 732.12890625, "min": 43.06640625, "var": 10640120}, "spectral_skewness": {"dmean": 0.205945104361, "dmean2": 0.32455933094, "dvar": 0.0813147574663, "dvar2": 0.180107057095, "max": 5.10830116272, "mean": 1.3346875906, "median": 1.18271958828, "min": -0.265163064003, "var": 0.309553325176}, "spectral_spread": {"dmean": 824310.3125, "dmean2": 1231445.5, "dvar": 1224056373250.0, "dvar2": 2298981646340.0, "max": 40082076, "mean": 6146708, "median": 5826819.5, "min": 1121280.375, "var": 6811135508480.0}, "spectral_strongpeak": {"dmean": 0.147648110986, "dmean2": 0.240669310093, "dvar": 0.112455837429, "dvar2": 0.300596982241, "max": 5.12014627457, "mean": 0.292680799961, "median": 0.177320107818, "min": 0, "var": 0.137131199241}, "zerocrossingrate": {"dmean": 0.0167644135654, "dmean2": 0.0181180965155, "dvar": 0.000370119203581, "dvar2": 0.000382881175028, "max": 0.5537109375, "mean": 0.0859937444329, "median": 0.060546875, "min": 0.001953125, "var": 0.00695157982409}, "barkbands": {"dmean": [0.000429108273238, 0.0113550005481, 0.00297308340669, 0.00202265079133, 0.000802389346063, 0.00035662332084, 0.000346523389453, 0.000131937966216, 0.000112425863335, 0.000142911783769, 0.000155039582751, 0.000176495843334, 8.95896955626e-05, 0.000115380142233, 7.50101971789e-05, 0.000109419524961, 0.000167473641341, 0.000161800853675, 0.000207859600778, 0.000285179907223, 0.000330457580276, 0.000235980114667, 0.000216067477595, 0.000158687849762, 0.000154813635163, 9.42089391174e-05, 2.07117209357e-05], "dmean2": [0.000734077300876, 0.0179603304714, 0.00555926701054, 0.00384212238714, 0.00130999775138, 0.000571069074795, 0.000620217702817, 0.000226966119953, 0.000186663557542, 0.000239205735852, 0.000244247232331, 0.000310555100441, 0.000158112961799, 0.00019714863447, 0.000124382320791, 0.000172948100953, 0.000275525264442, 0.000279003288597, 0.000309250492137, 0.000481492170366, 0.00052305724239, 0.000348728935933, 0.000314811681164, 0.000239794884692, 0.000245528266532, 0.000152580600115, 3.33192729158e-05], "dvar": [9.91085812529e-07, 0.000828023359645, 0.000123997509945, 6.72383030178e-05, 3.56293276127e-06, 4.9598708074e-07, 1.46731838413e-06, 6.63426931169e-08, 4.76890491541e-08, 8.99944012644e-08, 1.30080209715e-07, 2.26142518045e-07, 4.7713580642e-08, 5.38111919468e-08, 2.12645190345e-08, 9.386894817e-08, 3.17532425242e-07, 2.14755445427e-07, 5.23151811649e-07, 1.04471200757e-06, 1.70776922914e-06, 7.43874409181e-07, 4.45757223133e-07, 2.50472197649e-07, 1.67563200648e-07, 8.24567791824e-08, 4.91057194907e-09], "dvar2": [2.80763538285e-06, 0.00219377642497, 0.000366009597201, 0.000197242508875, 9.17257420952e-06, 1.29504019242e-06, 4.25969165008e-06, 1.88379488009e-07, 1.26377727838e-07, 2.4654605113e-07, 2.88526621262e-07, 6.52114579225e-07, 1.3006034294e-07, 1.43873691627e-07, 4.8305796696e-08, 2.02399874638e-07, 7.59369811476e-07, 5.80540813644e-07, 1.119492822e-06, 2.92406161861e-06, 4.10576240029e-06, 1.74203000824e-06, 8.83784707639e-07, 5.33051547791e-07, 4.0832378545e-07, 2.05643829077e-07, 1.26939179168e-08], "max": [0.0120154358447, 0.245068818331, 0.105619028211, 0.075684286654, 0.0238297618926, 0.00732480594888, 0.014201303944, 0.00294490228407, 0.00236706808209, 0.00281112268567, 0.00391759769991, 0.00430745026097, 0.00221277284436, 0.00205266778357, 0.00196067173965, 0.00338499457575, 0.00574440788478, 0.00475183362141, 0.00873971078545, 0.0109784053639, 0.0145999994129, 0.0102083077654, 0.00783979892731, 0.00546785490587, 0.00436748517677, 0.00591272348538, 0.00138886936475], "mean": [0.00094746123068, 0.0168024133891, 0.00224922318012, 0.00135933945421, 0.0011014782358, 0.00062964996323, 0.000362926075468, 0.000196595428861, 0.000175684632268, 0.00019911758136, 0.000241854912019, 0.000229171171668, 0.00013682730787, 0.000175764595042, 0.000150732463226, 0.000160356255947, 0.000211166261579, 0.000224561590585, 0.000362565217074, 0.000442296644906, 0.000437841081293, 0.000363806873793, 0.000324999244185, 0.000232370264712, 0.000215077292523, 0.000155713612912, 3.52985007339e-05], "median": [0.000499104789924, 0.00471369037405, 0.000370379304513, 0.000177924259333, 0.000458335649455, 0.000417460105382, 0.000181884432095, 0.000118620737339, 0.000112862559035, 9.75572183961e-05, 8.68857750902e-05, 4.76840650663e-05, 4.35644906247e-05, 6.63812606945e-05, 6.20955615886e-05, 3.6192839616e-05, 4.51150081062e-05, 5.254586722e-05, 6.22892621323e-05, 7.94811348896e-05, 8.20452041808e-05, 8.54044119478e-05, 8.1908867287e-05, 7.62253548601e-05, 7.2257091233e-05, 3.11401017825e-05, 1.67894415881e-06], "min": [1.19595487146e-14, 5.95427273635e-15, 1.05062906871e-15, 7.75391641729e-16, 1.45463636186e-15, 1.08000585215e-16, 1.43095099131e-15, 3.60072858845e-15, 1.29167357555e-15, 4.16231524413e-15, 3.17277217987e-15, 2.43416897899e-15, 8.18642266335e-15, 6.94754083975e-15, 2.03042966589e-15, 8.41400855781e-15, 3.77509328526e-15, 1.20987568854e-14, 2.01194634818e-14, 2.5280680869e-14, 1.84512049872e-14, 2.54907399577e-14, 4.43534098338e-14, 4.3590765085e-14, 8.45551452748e-14, 1.01282223168e-13, 1.45102910265e-13], "var": [1.65402752828e-06, 0.00121541961562, 7.08702064003e-05, 3.63443141396e-05, 3.54201233677e-06, 6.45174168312e-07, 8.76953151874e-07, 6.71045796707e-08, 5.29527390825e-08, 9.29052745846e-08, 2.26266166692e-07, 3.13416535391e-07, 6.67621975481e-08, 9.40745863431e-08, 5.77940255653e-08, 1.40860450415e-07, 3.29414604039e-07, 2.62778371507e-07, 8.5867333155e-07, 1.29897682655e-06, 1.8752714368e-06, 9.75836087491e-07, 7.13021847787e-07, 3.23782444411e-07, 1.92663790699e-07, 1.42782681678e-07, 8.30042612421e-09]}, "erbbands": {"dmean": [0.420794665813, 2.30193257332, 2.96840381622, 5.78784227371, 4.2533249855, 2.61628675461, 2.33085656166, 3.36742830276, 5.47612428665, 3.53714680672, 2.93991017342, 2.69193601608, 4.06950426102, 4.29857492447, 6.36400747299, 6.55439329147, 4.35727024078, 6.90776443481, 3.7832429409, 5.05044794083, 7.07019615173, 8.15563011169, 8.26110172272, 12.0662336349, 8.15233421326, 12.8648614883, 15.4770965576, 10.6237468719, 9.37535858154, 6.53440952301, 5.43623065948, 4.34154653549, 2.30723547935, 1.83502066135, 1.06072831154, 0.469157487154, 0.17207801342, 0.0319912061095, 0.00362754287198, 0.000194624110009], "dmean2": [0.659018754959, 3.6513531208, 5.31606197357, 11.0118293762, 7.57620000839, 4.31332111359, 3.93024969101, 5.61604261398, 9.61236286163, 6.06295108795, 5.01364088058, 4.53121614456, 6.74763584137, 7.04141998291, 11.0480318069, 11.2568845749, 7.45421409607, 12.2542457581, 6.01965427399, 8.13487243652, 11.3220682144, 13.4172849655, 13.7774906158, 18.4863128662, 12.5114297867, 21.7120952606, 25.1422386169, 17.0870704651, 14.4191999435, 10.1933898926, 7.74857997894, 6.50896644592, 3.49154853821, 2.92968225479, 1.65554964542, 0.765404582024, 0.2790569067, 0.0523339658976, 0.00580952689052, 0.000315797951771], "dvar": [0.995213806629, 38.2378005981, 98.5659103394, 591.901000977, 179.417037964, 32.9844207764, 30.4478054047, 51.5011024475, 327.504119873, 66.5981369019, 35.4504013062, 30.4907665253, 54.4382362366, 107.21421051, 301.973907471, 300.058959961, 134.246398926, 207.023269653, 88.9329147339, 125.65398407, 443.259796143, 842.964172363, 583.125549316, 1824.41357422, 551.063781738, 2088.90429688, 4060.67114258, 1557.32287598, 1388.26696777, 384.604705811, 290.897857666, 230.585861206, 45.6749000549, 27.6547737122, 6.7198767662, 1.49799263477, 0.310398548841, 0.0147619936615, 0.000139223688166, 4.07678896863e-07], "dvar2": [2.67277121544, 101.305183411, 278.560241699, 1737.37792969, 515.969482422, 79.2781906128, 82.7596054077, 139.207092285, 945.638671875, 188.203460693, 100.61782074, 80.4563598633, 143.978988647, 274.539154053, 802.331848145, 817.192626953, 331.189361572, 622.771484375, 199.969329834, 295.069213867, 1014.78045654, 2030.50158691, 1474.3236084, 4320.42431641, 1109.83117676, 5789.72119141, 10658.0654297, 3499.44580078, 3431.43896484, 719.761291504, 559.020690918, 501.587402344, 97.6357269287, 67.6762771606, 16.2010936737, 3.77234435081, 0.758734703064, 0.039378002286, 0.000357541575795, 1.02130127289e-06], "max": [8.83625888824, 55.5621070862, 102.757286072, 227.31652832, 145.815994263, 61.5402488708, 58.6329956055, 71.1711196899, 221.47479248, 100.255851746, 70.5246353149, 64.667755127, 66.1289749146, 115.33555603, 202.164138794, 174.657440186, 110.558708191, 132.88293457, 121.400062561, 128.209014893, 214.634902954, 303.490905762, 248.77041626, 513.887939453, 261.819824219, 507.854949951, 708.130187988, 424.698974609, 443.063873291, 203.496170044, 203.5365448, 178.431488037, 73.2136077881, 60.0367889404, 25.3862800598, 21.2524871826, 11.3452682495, 2.97017979622, 0.225697383285, 0.00704616028816], "mean": [0.627148270607, 3.17847847939, 3.04431319237, 4.04359722137, 4.08108615875, 3.37723398209, 3.64345693588, 5.09914731979, 6.24745512009, 4.55640029907, 4.39847278595, 4.24512195587, 6.45020484924, 6.35463190079, 9.97130680084, 9.37570285797, 6.76807785034, 9.58118534088, 7.8231959343, 8.07310390472, 10.1616096497, 11.2324934006, 11.9827203751, 18.5508174896, 16.4196109772, 20.408996582, 20.056098938, 14.9495563507, 13.4566640854, 11.0159921646, 8.69058895111, 6.11273002625, 3.34885692596, 2.42701506615, 1.51464629173, 0.74247688055, 0.276731580496, 0.0575266480446, 0.00616068346426, 0.000285112066194], "median": [0.22483150661, 0.629391491413, 0.586166739464, 0.539423108101, 1.2172986269, 1.43321967125, 1.68523454666, 3.12393712997, 3.06328654289, 2.6550412178, 2.5990011692, 2.61239719391, 3.97697925568, 2.40940523148, 3.41427612305, 2.18586039543, 2.04567289352, 3.7818980217, 2.8106033802, 3.00680613518, 2.40299582481, 2.42532992363, 2.76016020775, 2.90021371841, 3.47486376762, 3.69466352463, 3.26964783669, 3.24661707878, 2.81748485565, 2.81392550468, 2.32411885262, 1.69282948971, 1.18641674519, 0.833332300186, 0.461406201124, 0.188059493899, 0.050423681736, 0.00608845986426, 0.000386146595702, 5.75241465413e-05], "min": [3.49258816312e-13, 7.66790168687e-13, 1.19896161142e-12, 2.08420802318e-12, 4.34592379445e-12, 4.68702507361e-12, 2.17680430972e-12, 8.47088946297e-13, 7.87416833126e-12, 6.05981514967e-11, 5.83171635982e-11, 2.80157095439e-11, 9.096701864e-11, 1.7539435182e-10, 9.00393301584e-11, 1.41218731153e-10, 3.9473399549e-10, 4.0179323757e-10, 1.47494128022e-10, 1.86642687416e-10, 4.22870821692e-10, 2.30384461508e-10, 4.92877183511e-10, 1.05454844856e-09, 9.27764753911e-10, 1.32939292907e-09, 8.52292569853e-10, 9.32610322302e-10, 1.16633369629e-09, 5.10373687757e-10, 1.53776913425e-09, 1.11068565456e-09, 6.71539934771e-10, 7.24807436292e-10, 6.33715691034e-10, 3.37471023348e-10, 1.97903637922e-10, 8.59547086285e-11, 1.93964011519e-11, 2.34388636972e-12], "var": [1.42622566223, 53.4129829407, 75.4300537109, 321.646850586, 113.58429718, 36.0590820312, 31.9638786316, 53.3891105652, 210.845932007, 50.0627708435, 37.0916519165, 33.4437561035, 66.5127792358, 141.880844116, 419.962005615, 471.798461914, 186.972885132, 280.784851074, 203.126678467, 201.297119141, 606.263000488, 891.469665527, 755.183288574, 2499.63964844, 1300.27099609, 2702.43920898, 3979.70410156, 1909.05358887, 1574.74145508, 727.31427002, 476.129119873, 288.096160889, 56.8002662659, 28.3954124451, 8.7932434082, 2.50866031647, 0.516866624355, 0.0275571346283, 0.000237588843447, 4.23652068093e-07]}, "gfcc": {"mean": [-41.9565582275, 54.3324356079, -92.3825149536, 38.5672721863, -51.6336364746, 19.6155414581, -28.2874279022, 12.6127481461, -19.1392097473, 10.7817649841, -10.8163146973, 6.12287425995, -7.39407777786], "cov": [[21122.3574219, -802.35345459, 1517.97900391, 1154.31994629, -6.18683671951, 844.777770996, 184.403259277, 559.886230469, -129.737167358, 277.501098633, -134.011184692, 260.953155518, -126.313903809], [-802.35345459, 4188.68164062, 175.552963257, 26.723903656, 660.326599121, 61.8259468079, 371.254882812, -82.3927230835, 262.833892822, -88.0850296021, 158.381317139, -110.850067139, 247.422088623], [1517.97900391, 175.552963257, 1726.00939941, 154.687255859, 168.971603394, 157.696762085, 55.3163414001, 189.788208008, 79.4465179443, 80.4739303589, -45.3745079041, 18.5663490295, 35.3253860474], [1154.31994629, 26.723903656, 154.687255859, 517.584228516, 56.2811737061, 123.302955627, 84.7811584473, 82.7980117798, 7.61401319504, 25.3834018707, 13.3015775681, 15.1257476807, -6.80682134628], [-6.18683671951, 660.326599121, 168.971603394, 56.2811737061, 340.599884033, 61.1176452637, 136.669174194, -2.17255735397, 56.4350318909, -19.6630077362, 29.6571884155, -14.3744211197, 47.3955078125], [844.777770996, 61.8259468079, 157.696762085, 123.302955627, 61.1176452637, 190.621124268, 54.656124115, 72.4316482544, -2.74484467506, 40.4882164001, 2.1138279438, 30.763376236, 6.78968763351], [184.403259277, 371.254882812, 55.3163414001, 84.7811584473, 136.669174194, 54.656124115, 164.515716553, 4.50343894958, 51.0656738281, -15.0039834976, 30.0857334137, -4.21602153778, 29.4296321869], [559.886230469, -82.3927230835, 189.788208008, 82.7980117798, -2.17255735397, 72.4316482544, 4.50343894958, 111.743904114, 13.928278923, 48.4381484985, -6.54168462753, 23.6479816437, 3.22998523712], [-129.737167358, 262.833892822, 79.4465179443, 7.61401319504, 56.4350318909, -2.74484467506, 51.0656738281, 13.928278923, 87.0107498169, 19.9326324463, 38.0866012573, 0.811248898506, 32.359336853], [277.501098633, -88.0850296021, 80.4739303589, 25.3834018707, -19.6630077362, 40.4882164001, -15.0039834976, 48.4381484985, 19.9326324463, 72.6298522949, 22.8923912048, 33.4609260559, 6.63018321991], [-134.011184692, 158.381317139, -45.3745079041, 13.3015775681, 29.6571884155, 2.1138279438, 30.0857334137, -6.54168462753, 38.0866012573, 22.8923912048, 60.8291931152, 22.0674247742, 25.7442092896], [260.953155518, -110.850067139, 18.5663490295, 15.1257476807, -14.3744211197, 30.763376236, -4.21602153778, 23.6479816437, 0.811248898506, 33.4609260559, 22.0674247742, 54.2121276855, 16.3177204132], [-126.313903809, 247.422088623, 35.3253860474, -6.80682134628, 47.3955078125, 6.78968763351, 29.4296321869, 3.22998523712, 32.359336853, 6.63018321991, 25.7442092896, 16.3177204132, 55.8369789124]], "icov": [[6.99126903783e-05, -2.48132273555e-05, -2.86849008262e-05, -8.67564667715e-05, 4.60886221845e-05, -0.000121056124044, -9.45942665567e-05, -5.12372971571e-05, 4.0228231228e-05, -7.49899481889e-05, 0.000269540847512, -0.000406947423471, 0.00028434098931], [-2.48132273555e-05, 0.000569457770325, 1.67457819771e-05, 6.69858563924e-05, -0.000510780373588, -0.000352140690666, 5.07715412823e-06, 0.000110032655357, -0.000333825388225, 0.000378511176677, -0.00108919071499, 0.00211785011925, -0.0020827925764], [-2.86849008262e-05, 1.67457819771e-05, 0.000859600724652, -3.84673148801e-05, -0.000473359861644, -8.07473043096e-05, 0.000216098051169, -0.000793566578068, -0.000984595157206, -0.000498144770972, 0.00157950248104, -1.71344236151e-05, -0.00043747088057], [-8.67564667715e-05, 6.69858563924e-05, -3.84673148801e-05, 0.00274995784275, 2.98998020298e-05, -0.000730812957045, -0.00109142833389, -0.00177247321699, 0.000841841800138, 0.00073570292443, -0.00213373592123, 0.00110453099478, 0.000693517387845], [4.60886221845e-05, -0.000510780373588, -0.000473359861644, 2.98998020298e-05, 0.00568761629984, -0.00111882749479, -0.00289593124762, 0.000671448593494, 0.000129867185024, 0.000823056965601, -0.000416874245275, 0.000358435238013, -0.000619027123321], [-0.000121056124044, -0.000352140690666, -8.07473043096e-05, -0.000730812957045, -0.00111882749479, 0.0108072981238, -0.00379054248333, -0.00353057775646, 0.00481648789719, -0.00494722183794, 0.00205548875965, -0.00320757436566, 0.000871957105119], [-9.45942665567e-05, 5.07715412823e-06, 0.000216098051169, -0.00109142833389, -0.00289593124762, -0.00379054248333, 0.0138171240687, 3.20688850479e-05, -0.00661921594292, 0.00764155713841, -0.00378958298825, 0.000135847905767, -0.00023536021763], [-5.12372971571e-05, 0.000110032655357, -0.000793566578068, -0.00177247321699, 0.000671448593494, -0.00353057775646, 3.20688850479e-05, 0.0203323904425, -0.00479045277461, -0.00989603996277, 0.00966868642718, -0.00280008674599, -0.00133944896515], [4.0228231228e-05, -0.000333825388225, -0.000984595157206, 0.000841841800138, 0.000129867185024, 0.00481648789719, -0.00661921594292, -0.00479045277461, 0.0280014779419, -0.00830097030848, -0.0124927517027, 0.0100117167458, -0.00704227620736], [-7.49899481889e-05, 0.000378511176677, -0.000498144770972, 0.00073570292443, 0.000823056965601, -0.00494722183794, 0.00764155713841, -0.00989603996277, -0.00830097030848, 0.0363515764475, -0.0138993300498, -0.0089826239273, 0.00453349854797], [0.000269540847512, -0.00108919071499, 0.00157950248104, -0.00213373592123, -0.000416874245275, 0.00205548875965, -0.00378958298825, 0.00966868642718, -0.0124927517027, -0.0138993300498, 0.0445341691375, -0.0184624008834, -0.000528433185536], [-0.000406947423471, 0.00211785011925, -1.71344236151e-05, 0.00110453099478, 0.000358435238013, -0.00320757436566, 0.000135847905767, -0.00280008674599, 0.0100117167458, -0.0089826239273, -0.0184624008834, 0.0464435108006, -0.0197792649269], [0.00028434098931, -0.0020827925764, -0.00043747088057, 0.000693517387845, -0.000619027123321, 0.000871957105119, -0.00023536021763, -0.00133944896515, -0.00704227620736, 0.00453349854797, -0.000528433185536, -0.0197792649269, 0.0383307524025]]}, "melbands": {"dmean": [0.0034679772798, 0.00173693231773, 0.000959253346082, 0.000221010064706, 8.22694419185e-05, 7.65262375353e-05, 7.99802000984e-05, 3.51425442204e-05, 2.27946038649e-05, 1.67102753039e-05, 2.07413850148e-05, 1.75670884346e-05, 2.11556725844e-05, 1.93275172933e-05, 1.69487902895e-05, 1.07898931674e-05, 1.30170719785e-05, 6.23774667474e-06, 5.50584809389e-06, 7.68006975704e-06, 9.42792485148e-06, 9.20368711377e-06, 7.43087321098e-06, 8.61859371071e-06, 1.06564330054e-05, 6.83784764988e-06, 6.60455498291e-06, 9.64898208622e-06, 1.09798684207e-05, 8.4901939772e-06, 5.40967721463e-06, 5.23916332895e-06, 4.95550602864e-06, 3.818580808e-06, 3.17809940498e-06, 3.28277110384e-06, 2.45855471803e-06, 1.64708944794e-06, 1.54876431679e-06, 1.56050282385e-06], "dmean2": [0.00547464145347, 0.00273477029987, 0.00180857477244, 0.000365711428458, 0.000133458466735, 0.00012583102216, 0.000140020594699, 6.02447253186e-05, 3.85882194678e-05, 2.81744869426e-05, 3.46104498021e-05, 2.91668002319e-05, 3.41757913702e-05, 3.51785311068e-05, 2.89646686724e-05, 1.89046168089e-05, 2.30333498621e-05, 9.75280909188e-06, 9.14706561161e-06, 1.24085836433e-05, 1.51089134306e-05, 1.47970094986e-05, 1.26896848087e-05, 1.48424533108e-05, 1.64395241882e-05, 1.04824976006e-05, 1.09913326014e-05, 1.66773552337e-05, 1.87405876204e-05, 1.32833565658e-05, 8.9625336841e-06, 8.27461644803e-06, 7.89553541836e-06, 5.94710400037e-06, 4.59031207356e-06, 4.64912682219e-06, 3.85844577977e-06, 2.51675214713e-06, 2.42927558247e-06, 2.53255029747e-06], "dvar": [7.3027331382e-05, 2.27710879699e-05, 1.52487509695e-05, 2.91861397272e-07, 3.71559210066e-08, 2.45870754867e-08, 7.03904703414e-08, 6.08293904136e-09, 1.9975998633e-09, 1.1080181217e-09, 1.49518086801e-09, 1.83635484596e-09, 2.62836952203e-09, 2.86632451107e-09, 2.61305332927e-09, 8.2897616549e-10, 6.77096267943e-10, 2.48050802121e-10, 1.07513990766e-10, 3.56736307161e-10, 8.20737589002e-10, 1.04767927667e-09, 4.56904319934e-10, 6.13977646502e-10, 1.44462053431e-09, 4.14940914961e-10, 2.95076185708e-10, 1.31239874523e-09, 2.22684515272e-09, 1.14539633334e-09, 3.38300304437e-10, 4.0974817983e-10, 3.32622124288e-10, 1.05934018502e-10, 9.44008621273e-11, 1.28020760659e-10, 7.08980721353e-11, 2.14091400857e-11, 1.90946355949e-11, 1.98630417669e-11], "dvar2": [0.000196709806914, 5.56018894713e-05, 4.47943057225e-05, 7.66322443724e-07, 9.64718012142e-08, 6.59303793782e-08, 2.0300012693e-07, 1.71380456493e-08, 5.61523139098e-09, 2.94677260371e-09, 3.99899935388e-09, 4.84830398051e-09, 6.21272722157e-09, 8.59256932273e-09, 6.95009338969e-09, 2.35885266875e-09, 2.0506099041e-09, 5.15256448619e-10, 2.65539784605e-10, 7.004674063e-10, 1.96599914126e-09, 2.45723730252e-09, 1.18052756459e-09, 1.62705493523e-09, 3.43486239451e-09, 8.21118839589e-10, 6.74061306771e-10, 3.74411568416e-09, 6.12430683944e-09, 2.63683941348e-09, 7.38449856819e-10, 1.01024510979e-09, 8.04941779897e-10, 2.06412678616e-10, 1.83535076026e-10, 2.68712996299e-10, 1.54080845305e-10, 4.5307022023e-11, 4.38245308099e-11, 4.9655109885e-11], "max": [0.074242182076, 0.0502375848591, 0.0357143096626, 0.00660047959536, 0.00211885920726, 0.00149713933934, 0.00318566383794, 0.000869626237545, 0.00051624403568, 0.000374837836716, 0.000351465801941, 0.00046035068226, 0.000621081737336, 0.000549489806872, 0.000564844987821, 0.000288866227493, 0.000220753223402, 0.000186716730241, 0.000116671384603, 0.000204491982004, 0.000289871182758, 0.00034739531111, 0.000210766025702, 0.000241563058808, 0.000463877426228, 0.000229705125093, 0.000187713536434, 0.000407522369642, 0.000513985287398, 0.000373879709514, 0.000195457600057, 0.000242576221353, 0.000210100261029, 0.000113383990538, 0.000113842601422, 0.000147610451677, 9.1292160505e-05, 4.80820490338e-05, 5.00395726704e-05, 5.09247984155e-05], "mean": [0.0051584513858, 0.00250435736962, 0.000707523606252, 0.000264828937361, 0.000130298358272, 0.000121678538562, 9.1781897936e-05, 4.67736099381e-05, 3.42357161571e-05, 2.63188994722e-05, 3.19379250868e-05, 2.41900015681e-05, 3.42962739524e-05, 2.44847869908e-05, 2.12313098018e-05, 1.48622866618e-05, 1.77134133992e-05, 1.22627561723e-05, 1.05113231257e-05, 1.1130103303e-05, 1.24111766127e-05, 1.19203486975e-05, 1.05879444163e-05, 1.09983611765e-05, 1.58301900228e-05, 1.22134370031e-05, 1.22754809126e-05, 1.4053225641e-05, 1.33237654154e-05, 1.09570955829e-05, 7.91524780652e-06, 7.43157852412e-06, 7.11536995368e-06, 5.8931627791e-06, 5.06169953951e-06, 4.64457662019e-06, 3.35931531481e-06, 2.33130094784e-06, 2.10106304621e-06, 2.01372563424e-06], "median": [0.00159762660041, 0.000491401995532, 0.000125744627439, 9.09063455765e-05, 6.26436521998e-05, 7.66664670664e-05, 4.65756529593e-05, 2.81918855762e-05, 1.98512516363e-05, 1.675850217e-05, 1.94311378436e-05, 8.74377383298e-06, 1.26747981994e-05, 6.05481909588e-06, 4.72979036203e-06, 4.86939507027e-06, 6.92767116561e-06, 4.19599928136e-06, 4.05757100452e-06, 3.62152536582e-06, 2.59892090071e-06, 2.42009355134e-06, 2.51991423283e-06, 2.30972227655e-06, 2.23949746214e-06, 2.34040908254e-06, 2.48832884608e-06, 2.35373909163e-06, 2.02988758247e-06, 1.95055417862e-06, 1.80090376034e-06, 1.48854473991e-06, 1.59538660682e-06, 1.50520168063e-06, 1.33790354084e-06, 1.12495899884e-06, 9.42096221479e-07, 8.09625646525e-07, 7.3671537848e-07, 6.69347514304e-07], "min": [2.95888069058e-15, 7.42758638645e-16, 4.24097114712e-16, 3.57346709774e-16, 9.70585540454e-17, 1.6492972254e-17, 1.63920952622e-16, 7.5398140168e-16, 3.79555331316e-16, 1.93967924413e-16, 4.56663837469e-16, 7.09646479611e-16, 3.6782583082e-16, 1.78482044555e-16, 8.64718889314e-16, 7.0176801441e-16, 7.72184351475e-16, 2.15367325088e-16, 1.62873702261e-16, 4.57646342748e-16, 4.85259669768e-16, 1.91157217631e-16, 3.37649276223e-16, 5.75009639733e-16, 9.05544924459e-16, 6.42312230743e-16, 4.28616697231e-16, 1.10672647262e-15, 6.57789269695e-16, 3.57049612968e-16, 5.78696191817e-16, 7.86529489711e-16, 2.47883106753e-16, 2.81340114076e-16, 7.59373189906e-16, 1.07357529713e-15, 5.52684868798e-16, 3.71496262809e-16, 7.5826897658e-16, 4.90321326902e-16], "var": [0.000105568906292, 3.26773115376e-05, 8.33521698951e-06, 2.63930360234e-07, 4.06329832003e-08, 2.7645572942e-08, 4.51588419992e-08, 4.76508477121e-09, 2.20093210324e-09, 1.21244680962e-09, 1.72058456371e-09, 2.217602324e-09, 4.40343983499e-09, 3.40112182862e-09, 2.83488854613e-09, 8.92118712237e-10, 9.33369603828e-10, 5.47521361582e-10, 2.93632590465e-10, 5.48141088075e-10, 9.99781479827e-10, 1.09722420039e-09, 5.61592217174e-10, 7.16712411641e-10, 1.93269311666e-09, 8.2114348654e-10, 7.12396530655e-10, 1.45686851472e-09, 1.90173277126e-09, 1.31623489885e-09, 4.54397075522e-10, 4.66857386083e-10, 4.02112371178e-10, 2.05885447579e-10, 1.55985238615e-10, 1.73114453328e-10, 8.54599654931e-11, 2.71334135715e-11, 2.17277498077e-11, 1.95673026393e-11]}, "mfcc": {"mean": [-685.25970459, 89.0749130249, 16.8460731506, 25.6019077301, 5.77363109589, 11.7999763489, 5.41353416443, 5.67788505554, 2.3788356781, 5.81521654129, 2.60009503365, 2.57808685303, 4.47244215012], "cov": [[12409.6054688, -674.075805664, 659.716796875, 764.393676758, 168.837982178, 367.531707764, 366.148925781, 361.84664917, 179.681381226, 186.500991821, 60.7603988647, 79.1730270386, 67.0435791016], [-674.075805664, 3269.01220703, 328.556152344, 198.928009033, 362.973480225, 227.699966431, 157.31098938, 123.489906311, 180.363235474, 130.23840332, 81.455696106, -14.3797664642, 22.9534797668], [659.716796875, 328.556152344, 1091.56933594, 213.005187988, 208.790588379, 41.4422607422, 82.1997680664, 49.8606796265, 144.743133545, 65.5024719238, 71.3474502563, -10.2743473053, 5.52768850327], [764.393676758, 198.928009033, 213.005187988, 413.125732422, 95.6184997559, 108.476356506, 80.7209320068, 82.2801437378, 60.4791793823, 59.6638641357, 40.1076126099, 21.7164611816, 4.28380203247], [168.837982178, 362.973480225, 208.790588379, 95.6184997559, 204.174545288, 72.0155487061, 76.7050018311, 40.5677986145, 63.7333488464, 25.1397209167, 31.6468505859, 0.139182850718, 7.93849420547], [367.531707764, 227.699966431, 41.4422607422, 108.476356506, 72.0155487061, 151.786102295, 93.9394836426, 70.196685791, 32.2635040283, 34.9048233032, 16.5922374725, 17.2354755402, 11.9737701416], [366.148925781, 157.31098938, 82.1997680664, 80.7209320068, 76.7050018311, 93.9394836426, 114.290802002, 69.1552886963, 42.3681602478, 25.6511478424, 18.5177688599, 7.24164533615, 7.81874418259], [361.84664917, 123.489906311, 49.8606796265, 82.2801437378, 40.5677986145, 70.196685791, 69.1552886963, 81.9322052002, 39.6241264343, 29.8614368439, 11.5741319656, 8.69609165192, 7.28896856308], [179.681381226, 180.363235474, 144.743133545, 60.4791793823, 63.7333488464, 32.2635040283, 42.3681602478, 39.6241264343, 76.5092315674, 35.2494354248, 24.1082038879, -1.78085970879, 3.81677079201], [186.500991821, 130.23840332, 65.5024719238, 59.6638641357, 25.1397209167, 34.9048233032, 25.6511478424, 29.8614368439, 35.2494354248, 54.8910331726, 26.6755065918, 11.1235656738, 6.24283218384], [60.7603988647, 81.455696106, 71.3474502563, 40.1076126099, 31.6468505859, 16.5922374725, 18.5177688599, 11.5741319656, 24.1082038879, 26.6755065918, 44.3745384216, 17.861661911, 9.11414813995], [79.1730270386, -14.3797664642, -10.2743473053, 21.7164611816, 0.139182850718, 17.2354755402, 7.24164533615, 8.69609165192, -1.78085970879, 11.1235656738, 17.861661911, 41.5078239441, 18.2506694794], [67.0435791016, 22.9534797668, 5.52768850327, 4.28380203247, 7.93849420547, 11.9737701416, 7.81874418259, 7.28896856308, 3.81677079201, 6.24283218384, 9.11414813995, 18.2506694794, 36.8269271851]], "icov": [[0.000106491010229, 5.08996199642e-05, -4.25247417297e-05, -0.000115494753118, 1.47853197632e-05, -2.37687727349e-05, -0.000136094036861, -0.000233617116464, 3.62764949386e-05, -0.000202177470783, 0.000186380013474, -1.94836484297e-05, -0.000132058412419], [5.08996199642e-05, 0.000452867359854, 3.89453816751e-05, 2.60919950961e-05, -0.000623512431048, -0.000496485328767, 0.000337665056577, -0.000141767566674, -0.000328848138452, -0.000641095801257, -5.82680622756e-05, 0.000519571709447, -0.000231915299082], [-4.25247417297e-05, 3.89453816751e-05, 0.00145459256601, -0.00042209669482, -0.00085571751697, 0.000548788520973, -0.000182913019671, 0.000761620642152, -0.00193638796918, 5.48187817913e-05, -0.000913489842787, 0.000680476601701, -0.000141729498864], [-0.000115494753118, 2.60919950961e-05, -0.00042209669482, 0.00383113161661, -0.000672193302307, -0.00150153553113, 0.0011254233541, -0.00210583396256, 0.000424791011028, -0.00122578372248, -0.000994739122689, -0.00087998091476, 0.00146871781908], [1.47853197632e-05, -0.000623512431048, -0.00085571751697, -0.000672193302307, 0.0100304726511, -0.00176797935273, -0.00409879116341, 0.00303991930559, -0.00419119186699, 0.0039000955876, -0.00277080014348, 0.000984374783002, -0.00077933690045], [-2.37687727349e-05, -0.000496485328767, 0.000548788520973, -0.00150153553113, -0.00176797935273, 0.0176024846733, -0.0103636216372, -0.00369748659432, 0.00410240096971, -0.00492089148611, 0.00376435532235, -0.00378098781221, -0.000613796757534], [-0.000136094036861, 0.000337665056577, -0.000182913019671, 0.0011254233541, -0.00409879116341, -0.0103636216372, 0.0283172298223, -0.0143588958308, -0.00198181252927, 0.00509633403271, -0.0056813894771, 0.00299922074191, 0.000278102408629], [-0.000233617116464, -0.000141767566674, 0.000761620642152, -0.00210583396256, 0.00303991930559, -0.00369748659432, -0.0143588958308, 0.0350598320365, -0.0100470939651, -0.00530537171289, 0.0075602917932, -0.00349634536542, -0.000897181453183], [3.62764949386e-05, -0.000328848138452, -0.00193638796918, 0.000424791011028, -0.00419119186699, 0.00410240096971, -0.00198181252927, -0.0100470939651, 0.0321657769382, -0.0112513955683, -0.00508992234245, 0.00703003350645, -0.00129151181318], [-0.000202177470783, -0.000641095801257, 5.48187817913e-05, -0.00122578372248, 0.0039000955876, -0.00492089148611, 0.00509633403271, -0.00530537171289, -0.0112513955683, 0.0387210100889, -0.0160420872271, -0.0012452021474, 0.000818790518679], [0.000186380013474, -5.82680622756e-05, -0.000913489842787, -0.000994739122689, -0.00277080014348, 0.00376435532235, -0.0056813894771, 0.0075602917932, -0.00508992234245, -0.0160420872271, 0.0452261306345, -0.0175042152405, -0.000238119275309], [-1.94836484297e-05, 0.000519571709447, 0.000680476601701, -0.00087998091476, 0.000984374783002, -0.00378098781221, 0.00299922074191, -0.00349634536542, 0.00703003350645, -0.0012452021474, -0.0175042152405, 0.0420145392418, -0.0162227638066], [-0.000132058412419, -0.000231915299082, -0.000141729498864, 0.00146871781908, -0.00077933690045, -0.000613796757534, 0.000278102408629, -0.000897181453183, -0.00129151181318, 0.000818790518679, -0.000238119275309, -0.0162227638066, 0.0359691828489]]}, "spectral_contrast_coeffs": {"dmean": [0.0465090461075, 0.0376940108836, 0.0310786738992, 0.0231816526502, 0.0187600757927, 0.0190763585269], "dmean2": [0.0763683542609, 0.0628615543246, 0.0536980703473, 0.0396396964788, 0.0310585517436, 0.0318241231143], "dvar": [0.00197981088422, 0.00100266060326, 0.000637070799712, 0.000331968942191, 0.000262304587523, 0.000445475656306], "dvar2": [0.00530320964754, 0.00291252532043, 0.00187662953977, 0.000929809175432, 0.000611587718595, 0.00105083209928], "max": [-0.439912796021, -0.590691447258, -0.688841700554, -0.721143960953, -0.717517137527, -0.658010780811], "mean": [-0.73785674572, -0.791738033295, -0.81902050972, -0.830393254757, -0.829871714115, -0.780023753643], "median": [-0.745472431183, -0.793014168739, -0.818572878838, -0.830195724964, -0.832695007324, -0.789072453976], "min": [-0.948101401329, -0.959328532219, -0.975657999516, -0.962627470493, -0.959039509296, -0.959063947201], "var": [0.00461491150782, 0.00267774495296, 0.00179270887747, 0.000956202624366, 0.000933248840738, 0.00223608827218]}, "spectral_contrast_valleys": {"dmean": [0.372652679682, 0.368026793003, 0.339591801167, 0.292980402708, 0.318596750498, 0.439359635115], "dmean2": [0.586643517017, 0.605558514595, 0.548060119152, 0.458989053965, 0.474140286446, 0.606324493885], "dvar": [0.182521849871, 0.208865761757, 0.185991585255, 0.171167850494, 0.252361655235, 0.447169572115], "dvar2": [0.328644126654, 0.410458892584, 0.335046410561, 0.266373634338, 0.421319723129, 0.80850070715], "max": [-5.04992055893, -5.16175746918, -5.52849531174, -5.85970211029, -4.94214582443, -7.17666530609], "mean