{"lowlevel": {"average_loudness": 0.956673622131, "barkbands_crest": {"dmean": 2.87056136131, "dmean2": 4.18068265915, "dvar": 11.1931505203, "dvar2": 17.9645442963, "max": 26.6399459839, "mean": 12.9163694382, "median": 10.100104332, "min": 1.92943167686, "var": 52.1100502014}, "barkbands_flatness_db": {"dmean": 0.0362998433411, "dmean2": 0.0526657104492, "dvar": 0.002106920816, "dvar2": 0.00353296706453, "max": 0.505155682564, "mean": 0.17956520617, "median": 0.16157913208, "min": 0.0157094765455, "var": 0.00942703057081}, "barkbands_kurtosis": {"dmean": 14.5101070404, "dmean2": 20.8500995636, "dvar": 789.258361816, "dvar2": 1519.23193359, "max": 566.257141113, "mean": 27.0624160767, "median": 2.509557724, "min": -1.95287036896, "var": 2357.1496582}, "barkbands_skewness": {"dmean": 1.2203745842, "dmean2": 1.68490719795, "dvar": 2.35382032394, "dvar2": 3.53289413452, "max": 19.6790237427, "mean": 3.05736231804, "median": 1.50401043892, "min": -5.55142831802, "var": 12.9860553741}, "barkbands_spread": {"dmean": 10.5402231216, "dmean2": 15.4208450317, "dvar": 220.867767334, "dvar2": 389.920471191, "max": 116.838111877, "mean": 25.3481369019, "median": 16.2878723145, "min": 0.100468225777, "var": 620.82824707}, "dissonance": {"dmean": 0.0168443471193, "dmean2": 0.0273670442402, "dvar": 0.000371840811567, "dvar2": 0.00097319833003, "max": 0.5, "mean": 0.465959787369, "median": 0.474753797054, "min": 0.155585557222, "var": 0.00101455615368}, "dynamic_complexity": 2.87077045441, "erbbands_crest": {"dmean": 2.51448178291, "dmean2": 3.98797535896, "dvar": 6.75467252731, "dvar2": 16.2334079742, "max": 34.2767181396, "mean": 8.62259960175, "median": 7.59571647644, "min": 2.22739291191, "var": 19.6443500519}, "erbbands_flatness_db": {"dmean": 0.0243066810071, "dmean2": 0.0348926149309, "dvar": 0.000721515680198, "dvar2": 0.00151025981177, "max": 0.560450136662, "mean": 0.144664794207, "median": 0.124592885375, "min": 0.0391363613307, "var": 0.00586613919586}, "erbbands_kurtosis": {"dmean": 1.42438399792, "dmean2": 2.27957081795, "dvar": 15.9787120819, "dvar2": 37.1010131836, "max": 163.001144409, "mean": 0.882134795189, "median": -0.329144835472, "min": -1.8049454689, "var": 30.8597297668}, "erbbands_skewness": {"dmean": 0.533426046371, "dmean2": 0.783073365688, "dvar": 0.376775443554, "dvar2": 0.842788279057, "max": 11.1025495529, "mean": 0.0673622786999, "median": -0.0493558235466, "min": -9.58940792084, "var": 1.08070170879}, "erbbands_spread": {"dmean": 14.8639965057, "dmean2": 21.2026004791, "dvar": 286.811340332, "dvar2": 546.23614502, "max": 186.396942139, "mean": 53.3596382141, "median": 46.6505088806, "min": 0.337444454432, "var": 1075.08813477}, "hfc": {"dmean": 14.427230835, "dmean2": 22.0905208588, "dvar": 438.322021484, "dvar2": 1070.66479492, "max": 191.343093872, "mean": 25.0658245087, "median": 17.4109039307, "min": 1.13663152669e-16, "var": 589.075561523}, "melbands_crest": {"dmean": 3.82671785355, "dmean2": 5.46889209747, "dvar": 16.4859905243, "dvar2": 29.3807830811, "max": 36.307384491, "mean": 19.1237888336, "median": 15.8662319183, "min": 1.61562204361, "var": 104.531265259}, "melbands_flatness_db": {"dmean": 0.0436274930835, "dmean2": 0.0628745928407, "dvar": 0.00327203259803, "dvar2": 0.00527044432238, "max": 0.641710877419, "mean": 0.249554648995, "median": 0.216940879822, "min": 0.00431628338993, "var": 0.0163042414933}, "melbands_kurtosis": {"dmean": 41.7516555786, "dmean2": 58.3954162598, "dvar": 6494.3125, "dvar2": 11026.2109375, "max": 1473.92297363, "mean": 85.6730880737, "median": 14.2884235382, "min": -1.82755041122, "var": 22190.265625}, "melbands_skewness": {"dmean": 1.77896392345, "dmean2": 2.44495415688, "dvar": 5.84866189957, "dvar2": 8.71811771393, "max": 30.9046974182, "mean": 5.46574211121, "median": 3.21788358688, "min": -4.72363948822, "var": 30.8092517853}, "melbands_spread": {"dmean": 11.1222038269, "dmean2": 16.3808917999, "dvar": 263.862518311, "dvar2": 509.74005127, "max": 242.976867676, "mean": 25.8306808472, "median": 17.1065177917, "min": 0.17739546299, "var": 847.992919922}, "pitch_salience": {"dmean": 0.0937234461308, "dmean2": 0.133695930243, "dvar": 0.0117390872911, "dvar2": 0.0205949712545, "max": 0.918496489525, "mean": 0.453474402428, "median": 0.504872918129, "min": 0.0486095957458, "var": 0.0511429011822}, "silence_rate_20dB": {"dmean": 0, "dmean2": 0, "dvar": 0, "dvar2": 0, "max": 1, "mean": 1, "median": 1, "min": 1, "var": 0}, "silence_rate_30dB": {"dmean": 0.0760858729482, "dmean2": 0.152186945081, "dvar": 0.0703022778034, "dvar2": 0.130817905068, "max": 1, "mean": 0.725838661194, "median": 1, "min": 0, "var": 0.19900380075}, "silence_rate_60dB": {"dmean": 0.0343484766781, "dmean2": 0.068703815341, "dvar": 0.0331713780761, "dvar2": 0.0809530690312, "max": 1, "mean": 0.0846645385027, "median": 0, "min": 0, "var": 0.077487424016}, "spectral_centroid": {"dmean": 439.816619873, "dmean2": 606.459594727, "dvar": 229884.53125, "dvar2": 438635.21875, "max": 11316.2802734, "mean": 1633.73913574, "median": 1524.20654297, "min": 130.248748779, "var": 866583.9375}, "spectral_complexity": {"dmean": 5.35756349564, "dmean2": 8.72498512268, "dvar": 63.6194534302, "dvar2": 149.503005981, "max": 59, "mean": 14.4381990433, "median": 13, "min": 0, "var": 99.6285095215}, "spectral_decrease": {"dmean": 4.44827508161e-09, "dmean2": 5.15444797955e-09, "dvar": 3.35132787659e-17, "dvar2": 4.09873320563e-17, "max": 3.12897832644e-11, "mean": -1.47943985951e-08, "median": -6.01546723544e-09, "min": -5.89534820961e-08, "var": 2.54365502838e-16}, "spectral_energy": {"dmean": 0.0171220675111, "dmean2": 0.0196955371648, "dvar": 0.000456996203866, "dvar2": 0.000573616940528, "max": 0.224183529615, "mean": 0.0581110082567, "median": 0.0267658121884, "min": 1.02986595436e-20, "var": 0.0036148049403}, "spectral_energyband_high": {"dmean": 0.00111403467599, "dmean2": 0.00166823598556, "dvar": 2.90452953777e-06, "dvar2": 6.61326430418e-06, "max": 0.0183782540262, "mean": 0.00145106762648, "median": 0.000547130126506, "min": 7.53529307072e-21, "var": 4.40176927441e-06}, "spectral_energyband_low": {"dmean": 0.0161450039595, "dmean2": 0.0198187734932, "dvar": 0.000683780468535, "dvar2": 0.000906545610633, "max": 0.222026869655, "mean": 0.0465509481728, "median": 0.00872535444796, "min": 1.2645983047e-22, "var": 0.00385489594191}, "spectral_energyband_middle_high": {"dmean": 0.00253402045928, "dmean2": 0.00429028319195, "dvar": 2.22578855755e-05, "dvar2": 5.96074969508e-05, "max": 0.0549624711275, "mean": 0.0039993096143, "median": 0.00167304044589, "min": 1.48160891626e-21, "var": 2.73010718956e-05}, "spectral_energyband_middle_low": {"dmean": 0.00529852556065, "dmean2": 0.00892982725054, "dvar": 0.000120954173326, "dvar2": 0.000312532152748, "max": 0.0721552744508, "mean": 0.00748610962182, "median": 0.00452111102641, "min": 3.31101633151e-22, "var": 0.000101246048871}, "spectral_entropy": {"dmean": 0.295368105173, "dmean2": 0.419670850039, "dvar": 0.0980013161898, "dvar2": 0.20621317625, "max": 9.81250762939, "mean": 7.57466030121, "median": 7.60601377487, "min": 4.17555618286, "var": 0.470326960087}, "spectral_flux": {"dmean": 0.0466694906354, "dmean2": 0.0597537048161, "dvar": 0.00261408067308, "dvar2": 0.00433974666521, "max": 0.442366480827, "mean": 0.103461049497, "median": 0.0759592354298, "min": 1.01482308668e-10, "var": 0.00778122618794}, "spectral_kurtosis": {"dmean": 2.55918574333, "dmean2": 4.07744216919, "dvar": 35.9155311584, "dvar2": 86.0876541138, "max": 229.817016602, "mean": 5.92829751968, "median": 3.36198163033, "min": -1.21626973152, "var": 168.580230713}, "spectral_rms": {"dmean": 0.0011384235695, "dmean2": 0.00134732725564, "dvar": 1.59600995175e-06, "dvar2": 2.01082411877e-06, "max": 0.0147890374064, "mean": 0.00638489890844, "median": 0.00511008640751, "min": 3.16977498936e-12, "var": 1.59267747222e-05}, "spectral_rolloff": {"dmean": 1036.87475586, "dmean2": 1648.7746582, "dvar": 3360296.5, "dvar2": 6575399.5, "max": 19638.28125, "mean": 2321.73193359, "median": 1033.59375, "min": 64.599609375, "var": 10118919}, "spectral_skewness": {"dmean": 0.323717594147, "dmean2": 0.494675278664, "dvar": 0.182595983148, "dvar2": 0.441323637962, "max": 12.17852211, "mean": 1.59809994698, "median": 1.42511129379, "min": -0.198282673955, "var": 0.88904696703}, "spectral_spread": {"dmean": 1311052.375, "dmean2": 1816043.5, "dvar": 2402077638660.0, "dvar2": 4113866686460.0, "max": 41158676, "mean": 6027487, "median": 5687497.5, "min": 320506.84375, "var": 8294600015870.0}, "spectral_strongpeak": {"dmean": 0.482823431492, "dmean2": 0.826326727867, "dvar": 1.07175219059, "dvar2": 2.77892065048, "max": 15.2803201675, "mean": 0.901197910309, "median": 0.651154279709, "min": 0, "var": 1.32822322845}, "zerocrossingrate": {"dmean": 0.0219953265041, "dmean2": 0.0227612499148, "dvar": 0.000752081046812, "dvar2": 0.000745322438888, "max": 0.7265625, "mean": 0.0806971043348, "median": 0.0625, "min": 0.001953125, "var": 0.00733514409512}, "barkbands": {"dmean": [0.00140103616286, 0.0151785826311, 0.00476965308189, 0.00271166488528, 0.00188184669241, 0.000803751754574, 0.000411436252762, 0.000376275071176, 0.000340181926731, 0.000256855157204, 0.000129120991915, 0.000221249341848, 0.000312225864036, 0.000289546936983, 0.000310302944854, 0.000381978170481, 0.000681446224917, 0.000228644057643, 0.000343825318851, 0.000295681587886, 0.00021426496096, 0.00014712556731, 0.000116903414892, 0.00018539877783, 0.000253481033724, 0.000197779867449, 3.37477576977e-05], "dmean2": [0.00148275156971, 0.0200658459216, 0.00843993015587, 0.00480817491189, 0.00322398263961, 0.0013779028086, 0.000707374943886, 0.000582236330956, 0.000532913312782, 0.000378345081117, 0.000211458143895, 0.000378098862711, 0.000537953106686, 0.000498894834891, 0.000504468393046, 0.000646882690489, 0.00119356869254, 0.000391756097088, 0.000565351860132, 0.000502452836372, 0.000332351308316, 0.000229941200814, 0.000180134491529, 0.000291982869385, 0.000391984271118, 0.00030246944516, 5.25748037035e-05], "dvar": [5.19428476764e-06, 0.000847789633553, 0.000178920614417, 5.01383219671e-05, 1.59808259923e-05, 1.93119490177e-06, 7.09078904038e-07, 5.52717153823e-07, 4.88626142214e-07, 2.72270312962e-07, 7.1150225267e-08, 2.7601538477e-07, 5.5026703194e-07, 4.55724830317e-07, 3.74462757691e-07, 6.56153588352e-07, 4.31670150647e-06, 3.50418588368e-07, 6.56489476114e-07, 4.94247842653e-07, 1.57417233027e-07, 7.24062445556e-08, 4.5076106403e-08, 1.01964374721e-07, 1.72980207935e-07, 1.10762208294e-07, 3.47884165919e-09], "dvar2": [4.77436242363e-06, 0.00144355476368, 0.000498348206747, 0.000139030293212, 4.34260909969e-05, 5.04215677211e-06, 1.87527723483e-06, 1.16066496503e-06, 9.84333610177e-07, 4.76075655342e-07, 1.68295755998e-07, 6.92279741088e-07, 1.43728084367e-06, 1.15636407827e-06, 8.87974806574e-07, 1.70687837908e-06, 1.19783062473e-05, 9.29868974708e-07, 1.70846169567e-06, 1.32097181904e-06, 3.24806507024e-07, 1.81296698543e-07, 9.67696394127e-08, 2.4101859708e-07, 3.92869708321e-07, 2.42218931135e-07, 8.06991717894e-09], "max": [0.0200848598033, 0.211717545986, 0.0899141058326, 0.0441880896688, 0.0269164554775, 0.0108430581167, 0.00930408481508, 0.0106047326699, 0.0155277932063, 0.0132820010185, 0.0052130734548, 0.00975502096117, 0.0104341851547, 0.0119954012334, 0.010000385344, 0.0102403583005, 0.0536663755774, 0.00821051839739, 0.00993067119271, 0.00743567431346, 0.00581421051174, 0.00482759950683, 0.00465857004747, 0.00596474995837, 0.00915246084332, 0.00707142753527, 0.000780950300395], "mean": [0.00370786734857, 0.0379730425775, 0.00362721714191, 0.00212438451126, 0.00215867953375, 0.00124181609135, 0.000554247351829, 0.000610419665463, 0.000553814868908, 0.000465009885374, 0.000191971135791, 0.000294880097499, 0.000389880064176, 0.000349879614078, 0.000410813925555, 0.000446985854069, 0.000669254688546, 0.000290875090286, 0.000413632340496, 0.000323006126564, 0.000274661695585, 0.000189691636479, 0.000142220407724, 0.000210648591747, 0.000261435459834, 0.000200115828193, 3.4357955883e-05], "median": [0.000140877906233, 0.00422429386526, 0.000562265224289, 0.00040052307304, 0.000719093601219, 0.000599166261964, 0.00025881169131, 0.000183494150406, 0.000160843483172, 0.00014650891535, 4.90311613248e-05, 5.47253002878e-05, 6.92258690833e-05, 4.34127941844e-05, 0.000103389160358, 0.000116311042802, 0.000155052257469, 6.46559128654e-05, 0.000104541293695, 8.35987448227e-05, 7.77233944973e-05, 5.25571776961e-05, 4.10630455008e-05, 4.99396846863e-05, 4.46217600256e-05, 2.74331014225e-05, 2.71949784292e-06], "min": [1.37545314118e-23, 6.89149896543e-23, 3.2928057615e-23, 2.57683055521e-23, 3.12411069682e-23, 5.06502091258e-23, 9.38132194933e-23, 1.50334279782e-23, 1.11335953278e-22, 3.49894647563e-23, 8.04320811915e-23, 5.26598733026e-23, 2.05841073205e-22, 9.0744550572e-23, 2.7933928161e-22, 7.76845165239e-23, 1.88382634739e-22, 1.3393878721e-22, 2.97171476061e-22, 1.31904308624e-22, 3.2925340147e-22, 6.59147181289e-22, 4.27521160722e-22, 9.72430781619e-22, 1.19921680606e-21, 1.54635750864e-21, 2.4624504445e-21], "var": [3.42719467881e-05, 0.00315776700154, 0.000114604081318, 3.3417953091e-05, 1.32189934448e-05, 2.58240288531e-06, 7.07497633812e-07, 1.23475069813e-06, 1.15933346478e-06, 7.72519740622e-07, 1.53972948169e-07, 5.05090724801e-07, 8.28352767712e-07, 8.72422845077e-07, 6.12484200246e-07, 7.06897083091e-07, 3.07255118059e-06, 4.67678376026e-07, 6.92014452852e-07, 4.77536332255e-07, 3.01592763208e-07, 1.26394127165e-07, 6.33687307072e-08, 1.245963972e-07, 2.03085321004e-07, 1.37674277312e-07, 4.85111817383e-09]}, "erbbands": {"dmean": [0.667828202248, 3.45200920105, 5.12676477432, 8.26464557648, 7.78372573853, 5.75992012024, 4.79248714447, 7.72530126572, 7.12287044525, 6.55133771896, 6.4606757164, 9.06635093689, 8.27261066437, 5.62337303162, 6.13391017914, 10.4993515015, 14.2131547928, 15.3099336624, 15.9697751999, 16.0879268646, 27.4167747498, 30.6646308899, 14.480635643, 12.948050499, 21.4432353973, 13.2261447906, 10.1900701523, 6.99212646484, 4.58870601654, 5.34238576889, 2.99671912193, 3.36833262444, 3.43288421631, 2.4924595356, 1.98888838291, 0.944743990898, 0.368522763252, 0.0659329369664, 0.00583302602172, 0.000167947262526], "dmean2": [0.782134056091, 4.89730501175, 8.28602981567, 14.6920824051, 13.8382921219, 9.84889507294, 7.93438339233, 13.3529872894, 12.0786542892, 10.2662353516, 10.4646377563, 13.9273958206, 12.5531129837, 8.64867305756, 10.0801773071, 17.8527164459, 24.5506687164, 26.1565952301, 25.9300003052, 26.7713069916, 47.1804885864, 54.0445823669, 24.8039112091, 21.6887645721, 35.6416130066, 22.3887348175, 16.5681324005, 10.1844921112, 7.29840707779, 8.29726314545, 4.58988332748, 5.27065896988, 5.4452290535, 3.91445183754, 3.09393405914, 1.4342417717, 0.571277916431, 0.103482417762, 0.00905166007578, 0.000254798855167], "dvar": [1.29306590557, 49.4108047485, 170.230957031, 491.208648682, 377.940795898, 142.914459229, 60.7620620728, 196.710906982, 226.284622192, 169.630203247, 178.872070312, 363.196472168, 309.036956787, 136.347717285, 148.276290894, 622.989379883, 1114.93762207, 1222.14978027, 944.431640625, 1322.32556152, 4359.84619141, 7943.17236328, 1278.21240234, 804.311889648, 2827.63330078, 936.194335938, 407.4324646, 218.481170654, 65.9912643433, 100.792289734, 26.5945549011, 38.75548172, 33.6831703186, 17.7858924866, 11.5376806259, 2.52812957764, 0.396860718727, 0.0152809545398, 9.99487820081e-05, 7.18749788575e-08], "dvar2": [1.40989661217, 101.729354858, 429.112731934, 1374.9942627, 1034.90039062, 390.032745361, 148.315689087, 523.284973145, 602.687927246, 373.937835693, 433.132354736, 704.252929688, 549.793884277, 250.334136963, 353.58114624, 1579.9029541, 2921.1105957, 3070.09155273, 2196.109375, 3380.88867188, 11771.9619141, 22118.9433594, 3416.68066406, 2111.81079102, 7368.59521484, 2467.24243164, 987.69720459, 366.339324951, 155.667480469, 229.234619141, 59.6209106445, 96.2614212036, 76.2598724365, 41.8044395447, 26.1204719543, 5.37469148636, 0.868266642094, 0.0348789431155, 0.000232985330513, 1.63077686466e-07], "max": [8.78378486633, 51.3080787659, 91.373916626, 141.479690552, 141.987609863, 100.171913147, 101.427940369, 130.448425293, 162.771697998, 166.624664307, 220.51991272, 452.364044189, 456.702484131, 533.476379395, 221.263473511, 475.005706787, 468.654418945, 671.891418457, 625.924377441, 774.377990723, 1200.83081055, 2080.90185547, 464.735076904, 327.900421143, 688.373474121, 329.326324463, 263.747283936, 331.016540527, 137.867050171, 201.592010498, 147.909317017, 182.97555542, 56.2822914124, 72.9597091675, 117.256248474, 50.3690490723, 16.8717880249, 2.89591860771, 0.147255882621, 0.00649115350097], "mean": [1.81230986118, 5.56497812271, 4.73978710175, 6.56764888763, 6.86345767975, 6.89338779449, 7.52574634552, 11.4823741913, 10.0442914963, 10.3376522064, 10.1667871475, 15.7619962692, 14.6894769669, 9.88803100586, 9.66734313965, 15.1814069748, 18.4580593109, 19.8801879883, 21.2787094116, 21.030954361, 31.0881996155, 29.6864490509, 17.8406352997, 15.2339820862, 25.4826030731, 14.7137546539, 12.0047159195, 9.42412853241, 6.02013254166, 6.76236438751, 3.7771525383, 3.93426370621, 3.7004339695, 2.67253017426, 1.96793603897, 0.975074648857, 0.363069027662, 0.0630847364664, 0.005979671143, 0.000255997991189], "median": [0.143586874008, 0.657748937607, 1.18480861187, 1.33309555054, 1.79311108589, 2.19562387466, 3.14003777504, 5.29556465149, 4.52264881134, 3.36083245277, 4.1561794281, 5.25160217285, 5.15682506561, 3.78246617317, 3.04456806183, 3.2228345871, 3.83776903152, 3.281935215, 5.38244342804, 5.89579677582, 9.18891143799, 7.24366044998, 4.83148479462, 4.44668674469, 5.89962863922, 4.15950679779, 3.27830171585, 2.68529701233, 1.92560625076, 1.73637759686, 1.12316513062, 1.02994954586, 0.800614476204, 0.522541880608, 0.319145649672, 0.146033138037, 0.0451621115208, 0.00565322535113, 0.000536700244993, 0.000133821216878], "min": [3.45824261607e-21, 1.01723165908e-20, 2.78349378051e-20, 7.01532523741e-20, 6.7380342628e-20, 1.45298268326e-19, 2.43937501346e-19, 5.55361773739e-19, 1.0474451612e-18, 9.64961502247e-19, 9.30630198103e-19, 2.84272404828e-18, 9.15364993489e-19, 2.88499959502e-18, 2.18144691528e-18, 2.24403636351e-18, 8.31570377346e-18, 5.55256608064e-18, 9.29544213356e-18, 1.48494388231e-17, 5.73187360843e-18, 9.54523992521e-18, 8.72923534991e-18, 1.598550522e-17, 9.10206136842e-18, 6.51890783713e-18, 1.33436872125e-17, 1.19147947428e-17, 2.28990675448e-17, 2.04012881517e-17, 1.13253061336e-17, 2.02655130716e-17, 1.58820265797e-17, 1.31582920489e-17, 8.57970756494e-18, 5.87363747617e-18, 3.03472362859e-18, 1.126956967e-18, 3.24767936444e-19, 3.85003816724e-20], "var": [7.55855703354, 92.1215591431, 143.213287354, 317.860992432, 260.318572998, 129.678878784, 108.730018616, 242.156555176, 226.65675354, 337.055999756, 291.486633301, 923.525756836, 812.978759766, 403.331298828, 329.256347656, 1182.00061035, 1719.24682617, 2412.75244141, 1615.23486328, 1711.00341797, 3789.76757812, 5549.61914062, 1572.5222168, 828.055786133, 3040.73144531, 922.597473145, 549.603881836, 506.010528564, 106.768371582, 216.608795166, 38.3224105835, 49.954624176, 39.8912239075, 20.5030822754, 12.777885437, 3.12687420845, 0.488803505898, 0.0174860581756, 0.000143558034324, 1.61983976454e-07]}, "gfcc": {"mean": [-20.4455738068, 63.0652885437, -96.4772109985, 28.9055252075, -46.6833610535, 7.73274850845, -35.5906829834, 12.570775032, -19.947933197, 5.90295028687, -15.7998638153, 2.02142834663, -6.43575954437], "cov": [[16034.9589844, -1518.32800293, 633.298828125, 995.348083496, 125.850334167, 651.794677734, -317.758514404, 536.752929688, -498.070983887, 524.480224609, -186.882263184, 365.827911377, -232.416656494], [-1518.32800293, 3422.63452148, -561.825805664, -161.057220459, 307.999786377, -462.711120605, 274.262390137, -216.79234314, 310.206970215, -247.800292969, 154.165817261, -306.26461792, 194.55758667], [633.298828125, -561.825805664, 2659.31518555, 1010.44891357, 538.603637695, 867.296142578, 368.324401855, 422.601806641, 187.943115234, 245.814926147, 89.5342102051, 227.381500244, 45.5238876343], [995.348083496, -161.057220459, 1010.44891357, 1024.16040039, 353.794372559, 457.578369141, 309.057891846, 205.2527771, 103.936531067, 157.619476318, 97.9774627686, 125.51071167, 58.6437454224], [125.850334167, 307.999786377, 538.603637695, 353.794372559, 667.129699707, 250.199645996, 264.850463867, 185.793716431, 126.073829651, 80.6920089722, 129.931671143, 61.7885665894, 60.7500762939], [651.794677734, -462.711120605, 867.296142578, 457.578369141, 250.199645996, 661.842346191, 226.188018799, 210.576034546, 131.78125, 169.835266113, 68.0343017578, 144.859359741, 20.1790542603], [-317.758514404, 274.262390137, 368.324401855, 309.057891846, 264.850463867, 226.188018799, 400.553955078, 120.210983276, 177.199890137, 81.6365890503, 106.253456116, 21.2243156433, 80.5998458862], [536.752929688, -216.79234314, 422.601806641, 205.2527771, 185.793716431, 210.576034546, 120.210983276, 301.172271729, 93.343536377, 95.5346069336, 49.1350631714, 103.216156006, 40.8048706055], [-498.070983887, 310.206970215, 187.943115234, 103.936531067, 126.073829651, 131.78125, 177.199890137, 93.343536377, 265.025939941, 54.7651405334, 71.9369354248, 26.26130867, 79.3167648315], [524.480224609, -247.800292969, 245.814926147, 157.619476318, 80.6920089722, 169.835266113, 81.6365890503, 95.5346069336, 54.7651405334, 184.124298096, 64.997467041, 61.5043373108, 21.6298027039], [-186.882263184, 154.165817261, 89.5342102051, 97.9774627686, 129.931671143, 68.0343017578, 106.253456116, 49.1350631714, 71.9369354248, 64.997467041, 149.646728516, 47.2240447998, 37.3230171204], [365.827911377, -306.26461792, 227.381500244, 125.51071167, 61.7885665894, 144.859359741, 21.2243156433, 103.216156006, 26.26130867, 61.5043373108, 47.2240447998, 158.630447388, 46.2565574646], [-232.416656494, 194.55758667, 45.5238876343, 58.6437454224, 60.7500762939, 20.1790542603, 80.5998458862, 40.8048706055, 79.3167648315, 21.6298027039, 37.3230171204, 46.2565574646, 129.702819824]], "icov": [[0.000111855530122, -0.000106187733763, 7.80456248322e-05, -0.000128796658828, 7.74587897467e-06, -8.14294035081e-05, 0.000107599422336, -0.000220838410314, 0.000302995904349, -0.000469071383122, 0.000406010134611, -0.000349835783709, 0.000303079228615], [-0.000106187733763, 0.000853841484059, -9.29956804612e-05, 6.39623322058e-05, -0.000353223091224, 0.000393695314415, -7.56054359954e-05, 0.000498278066516, -0.00100982340518, 0.00140319671482, -0.00135246664286, 0.00186380452942, -0.00136491283774], [7.80456248322e-05, -9.29956804612e-05, 0.000892144511454, -0.000542961701285, -0.000173665073817, -0.000697606592439, 0.000164660799783, -0.000525661045685, 0.000165257763001, -0.000346275337506, 0.000634979631286, -0.000374722032575, 0.000372241687728], [-0.000128796658828, 6.39623322058e-05, -0.000542961701285, 0.00210698856972, -0.000213954161154, -0.000272361125099, -0.00102471490391, 0.000364177918527, 0.000266685558017, 0.000128449391923, -0.000408862484619, -7.27395454305e-05, -0.000464938086225], [7.74587897467e-06, -0.000353223091224, -0.000173665073817, -0.000213954161154, 0.00269794743508, -0.000311946147121, -0.00077918212628, -0.00104074703995, 0.00058179005282, 0.00013042439241, -0.00103646714706, -0.000187802768778, 0.00028560438659], [-8.14294035081e-05, 0.000393695314415, -0.000697606592439, -0.000272361125099, -0.000311946147121, 0.00408721389249, -0.0011805142276, 0.000335521326633, -0.00137372000609, -0.000735818932299, 0.000379931909265, -0.00143977010157, 0.00113670877181], [0.000107599422336, -7.56054359954e-05, 0.000164660799783, -0.00102471490391, -0.00077918212628, -0.0011805142276, 0.00601419247687, -0.000707366154529, -0.00148117612116, -0.000267456460278, -0.00157764100004, 0.00254931068048, -0.00175925425719], [-0.000220838410314, 0.000498278066516, -0.000525661045685, 0.000364177918527, -0.00104074703995, 0.000335521326633, -0.000707366154529, 0.00648058298975, -0.00192009028979, -4.30880572821e-05, -9.67794221651e-06, -0.00159297336359, -0.00053502083756], [0.000302995904349, -0.00100982340518, 0.000165257763001, 0.000266685558017, 0.00058179005282, -0.00137372000609, -0.00148117612116, -0.00192009028979, 0.0080773755908, -0.00215842947364, 0.000574069446884, -0.00098653533496, -0.00104809994809], [-0.000469071383122, 0.00140319671482, -0.000346275337506, 0.000128449391923, 0.00013042439241, -0.000735818932299, -0.000267456460278, -4.30880572821e-05, -0.00215842947364, 0.0117301242426, -0.00587439490482, 0.00322950445116, -0.00274633802474], [0.000406010134611, -0.00135246664286, 0.000634979631286, -0.000408862484619, -0.00103646714706, 0.000379931909265, -0.00157764100004, -9.67794221651e-06, 0.000574069446884, -0.00587439490482, 0.013939505443, -0.00674614775926, 0.00315132574178], [-0.000349835783709, 0.00186380452942, -0.000374722032575, -7.27395454305e-05, -0.000187802768778, -0.00143977010157, 0.00254931068048, -0.00159297336359, -0.00098653533496, 0.00322950445116, -0.00674614775926, 0.0166256371886, -0.00795259606093], [0.000303079228615, -0.00136491283774, 0.000372241687728, -0.000464938086225, 0.00028560438659, 0.00113670877181, -0.00175925425719, -0.00053502083756, -0.00104809994809, -0.00274633802474, 0.00315132574178, -0.00795259606093, 0.0143592162058]]}, "melbands": {"dmean": [0.00467514805496, 0.00293842237443, 0.0014117929386, 0.00048038494424, 0.000178177870112, 0.000169340841239, 0.000102287078334, 7.59326649131e-05, 4.95449239679e-05, 5.78302351641e-05, 4.06682302128e-05, 2.33837563428e-05, 1.78606642294e-05, 2.32408474403e-05, 3.10062569042e-05, 2.99788953271e-05, 3.06416004605e-05, 2.57743540715e-05, 1.85434419109e-05, 2.68679796136e-05, 3.70113702957e-05, 3.82447615266e-05, 2.00350041268e-05, 1.03011052488e-05, 1.05154340417e-05, 1.57290905918e-05, 1.39469257192e-05, 7.86471900938e-06, 6.67351878292e-06, 5.45313696421e-06, 3.95267170461e-06, 2.67049313152e-06, 3.04816785501e-06, 2.91478886538e-06, 1.70338716998e-06, 1.83219185601e-06, 2.20919173444e-06, 2.40917620431e-06, 2.4388791644e-06, 2.02191517928e-06], "dmean2": [0.0059979907237, 0.00428460584953, 0.00250213174149, 0.000842080917209, 0.000300056184642, 0.000291882141028, 0.000173877153429, 0.000117537572805, 8.06913449196e-05, 8.87945498107e-05, 6.16417819401e-05, 3.59525838576e-05, 2.95323152386e-05, 3.84092672903e-05, 5.43156565982e-05, 5.12867663929e-05, 5.24787828908e-05, 4.18378549512e-05, 3.09030947392e-05, 4.46254343842e-05, 6.43260646029e-05, 6.76970230415e-05, 3.44505642715e-05, 1.67788984982e-05, 1.78328336915e-05, 2.56431540038e-05, 2.36816140387e-05, 1.33874236781e-05, 1.10349865281e-05, 8.44474470796e-06, 6.03799526289e-06, 4.29236752097e-06, 4.91558557769e-06, 4.47460752184e-06, 2.64740037892e-06, 2.93702737508e-06, 3.46846059074e-06, 3.91883486373e-06, 3.81164522878e-06, 3.23729523188e-06], "dvar": [7.43763448554e-05, 3.86157917092e-05, 1.39675194077e-05, 1.2110182297e-06, 9.13427768978e-08, 9.36124706641e-08, 4.47634569412e-08, 2.37920030344e-08, 1.08850501945e-08, 1.53846357875e-08, 7.74877495502e-09, 2.4930242315e-09, 1.38217903789e-09, 2.45841635937e-09, 6.03517102959e-09, 5.48442669057e-09, 5.40206457345e-09, 2.54742804628e-09, 1.48358980656e-09, 2.90099944067e-09, 1.0104184156e-08, 1.55113895062e-08, 3.07819680856e-09, 7.34549809867e-10, 5.69535973938e-10, 1.36889433122e-09, 1.40005984584e-09, 3.2154656715e-10, 1.86182222417e-10, 1.4923824676e-10, 8.43001432549e-11, 2.6732043662e-11, 3.66301607102e-11, 3.19530304993e-11, 9.60951717505e-12, 1.1217149605e-11, 1.9069528942e-11, 1.81983230568e-11, 1.75490455501e-11, 1.31943050236e-11], "dvar2": [0.000103163023596, 7.84047879279e-05, 3.88921544072e-05, 3.31966361955e-06, 2.27013558174e-07, 2.48928870406e-07, 1.1819773249e-07, 4.99679231325e-08, 2.68919126967e-08, 2.94398301293e-08, 1.38702729302e-08, 4.45539871663e-09, 3.35033178978e-09, 5.98126170814e-09, 1.60399835636e-08, 1.37005464751e-08, 1.30964883382e-08, 6.05749228555e-09, 3.76583209061e-09, 7.28097981906e-09, 2.76740692584e-08, 4.32542428541e-08, 7.65707763861e-09, 1.78680537033e-09, 1.51868384535e-09, 3.45705308824e-09, 3.7627989613e-09, 8.28087098892e-10, 4.65650129566e-10, 2.96011604117e-10, 1.57680743462e-10, 5.97884380893e-11, 9.15391235035e-11, 6.58296889222e-11, 2.13418848566e-11, 2.81910467193e-11, 4.62523526423e-11, 4.20242833588e-11, 4.12402126337e-11, 3.24187343637e-11], "max": [0.0604657530785, 0.0427763164043, 0.0233815312386, 0.00763439293951, 0.0029187395703, 0.00254881335422, 0.00220192992128, 0.00207710498944, 0.00160968478303, 0.00305147632025, 0.00227240636013, 0.00230966787785, 0.000741282536183, 0.00123139598873, 0.00162544497289, 0.00143579533324, 0.00154321233276, 0.000965596118476, 0.00060984888114, 0.000795307103544, 0.00224048062228, 0.00328010134399, 0.000915864598937, 0.000583145243581, 0.000286995753413, 0.000435840280261, 0.000447483034804, 0.0001908930426, 0.000206002601772, 0.000226671763812, 0.000212055907468, 8.33008307382e-05, 0.000181887575309, 0.00014619922149, 9.19132871786e-05, 8.24956441647e-05, 0.000115731374535, 4.50904371974e-05, 6.10010829405e-05, 8.80191946635e-05], "mean": [0.0128110935912, 0.00404530996457, 0.00114288332406, 0.0004900789354, 0.000281154090771, 0.000250785378739, 0.000143009092426, 0.000120699238323, 7.59976537665e-05, 9.9318982393e-05, 7.04034609953e-05, 3.94374583266e-05, 2.64920745394e-05, 3.57367171091e-05, 3.90619534301e-05, 3.6673656723e-05, 3.82577272831e-05, 3.3235653973e-05, 2.34909239225e-05, 3.4721702832e-05, 3.90296409023e-05, 3.57757235179e-05, 2.08637284231e-05, 1.32093991851e-05, 1.11025965452e-05, 1.8917811758e-05, 1.46347720147e-05, 8.68257029651e-06, 7.4463191595e-06, 6.68544271321e-06, 5.04929448653e-06, 3.32099739353e-06, 3.62043169844e-06, 3.62485138794e-06, 2.15121463043e-06, 2.02477122002e-06, 2.54607107308e-06, 2.56449720837e-06, 2.52769837061e-06, 2.15412205762e-06], "median": [0.00124715850689, 0.0009092297405, 0.000284791254671, 0.00014697953884, 0.000109982851427, 0.000116670358693, 6.3180901634e-05, 3.63424769603e-05, 3.13231539621e-05, 3.11620169668e-05, 2.24657123908e-05, 1.31155975396e-05, 6.7396290433e-06, 8.94396725926e-06, 7.96623135102e-06, 6.39037216388e-06, 4.44894430984e-06, 7.67338678997e-06, 6.42356508251e-06, 9.23338120629e-06, 1.02918584162e-05, 7.76291381044e-06, 4.43057751909e-06, 3.06356378132e-06, 2.8091637887e-06, 4.08012783737e-06, 3.28915984937e-06, 2.31990998145e-06, 1.96741348191e-06, 1.53346570642e-06, 1.21921652863e-06, 9.29199018174e-07, 9.05427555153e-07, 9.03031434518e-07, 5.65641130379e-07, 5.24535892055e-07, 6.05655941399e-07, 5.48482034901e-07, 4.61599569235e-07, 4.34697369656e-07], "min": [2.4790853248e-23, 1.4050814946e-23, 1.29010943529e-23, 6.35122169985e-24, 8.81892691723e-24, 1.16425590753e-23, 1.722374288e-23, 8.68576009668e-24, 1.11446624152e-23, 1.5892003677e-23, 3.98120349495e-24, 1.11708360312e-23, 8.43892315286e-24, 5.95365986388e-24, 8.62741278869e-24, 2.14401065996e-23, 8.37530152085e-24, 1.37637295299e-23, 2.11694137132e-23, 1.19500357569e-23, 6.57085083106e-24, 9.6505827377e-24, 9.06925299284e-24, 6.39750140815e-24, 1.43926346871e-23, 8.69786043411e-24, 3.49406768648e-24, 4.41080925532e-24, 7.13270833333e-24, 1.00776183892e-23, 5.4691261131e-24, 1.19909500278e-23, 1.53485211118e-23, 9.90801802779e-24, 6.12975886147e-24, 7.1538718937e-24, 1.3818741534e-23, 1.06965925765e-23, 1.07267381071e-23, 1.15845525552e-23], "var": [0.000357468350558, 5.6929045968e-05, 9.12854011403e-06, 8.94534707641e-07, 1.43952348708e-07, 1.12170638999e-07, 4.6132623055e-08, 5.19254754749e-08, 1.67520504135e-08, 3.98031012594e-08, 2.00178629228e-08, 7.52030171469e-09, 3.01247493617e-09, 5.55070789332e-09, 7.8956894356e-09, 8.99498697748e-09, 1.17076597306e-08, 4.207713733e-09, 1.98058769385e-09, 3.92672827587e-09, 7.9907040984e-09, 1.0546193252e-08, 3.39017747208e-09, 1.07438125063e-09, 5.12802189601e-10, 1.62328717135e-09, 1.2870638999e-09, 3.492420797e-10, 2.25672910914e-10, 2.65541588718e-10, 1.76306858002e-10, 4.49060198748e-11, 5.67484149949e-11, 6.25078808159e-11, 1.37049564405e-11, 1.2311677719e-11, 2.50448412009e-11, 2.01751150508e-11, 2.00693611035e-11, 1.38458203236e-11]}, "mfcc": {"mean": [-670.726013184, 103.251419067, 7.98021841049, 25.403213501, 11.0196619034, 0.687759459019, -0.713543474674, 1.0315785408, 4.70004749298, 3.13646841049, -2.50252270699, 0.56471580267, 2.49430465698], "cov": [[9567.95996094, -1143.8494873, -104.896392822, 527.59954834, 329.94631958, 213.672744751, 314.383087158, 48.9454193115, -0.0915622636676, 12.253361702, 21.8844966888, 83.5435256958, 148.06791687], [-1143.8494873, 2533.46020508, -428.002593994, 116.16986084, 45.4526557922, -151.433242798, -49.3171195984, -54.4161567688, 29.0432167053, 123.813156128, -74.638343811, -46.0341682434, 12.6825265884], [-104.896392822, -428.002593994, 1990.71887207, 434.685272217, 513.074829102, 584.82623291, 390.530700684, 390.630279541, 315.451782227, 196.800598145, 204.111099243, 172.159362793, 123.369155884], [527.59954834, 116.16986084, 434.685272217, 742.022644043, 272.854705811, 260.234375, 300.583557129, 185.569503784, 134.044113159, 143.326461792, 60.2486038208, 86.5756912231, 119.140075684], [329.94631958, 45.4526557922, 513.074829102, 272.854705811, 519.020690918, 266.362609863, 260.946136475, 228.212051392, 149.605407715, 114.731590271, 82.9144058228, 127.576545715, 108.579803467], [213.672744751, -151.433242798, 584.82623291, 260.234375, 266.362609863, 506.50692749, 271.115814209, 206.185241699, 159.339920044, 140.068649292, 147.340698242, 94.6057891846, 80.330696106], [314.383087158, -49.3171195984, 390.530700684, 300.583557129, 260.946136475, 271.115814209, 374.069458008, 198.071350098, 119.589126587, 130.224517822, 97.3121795654, 103.150741577, 99.2100830078], [48.9454193115, -54.4161567688, 390.630279541, 185.569503784, 228.212051392, 206.185241699, 198.071350098, 295.700439453, 167.282699585, 100.647064209, 74.6790847778, 106.443412781, 93.7953872681], [-0.0915622636676, 29.0432167053, 315.451782227, 134.044113159, 149.605407715, 159.339920044, 119.589126587, 167.282699585, 240.968643188, 122.93422699, 63.8772583008, 65.1416473389, 79.9296951294], [12.253361702, 123.813156128, 196.800598145, 143.326461792, 114.731590271, 140.068649292, 130.224517822, 100.647064209, 122.93422699, 193.547348022, 87.3723983765, 53.4042549133, 53.5967559814], [21.8844966888, -74.638343811, 204.111099243, 60.2486038208, 82.9144058228, 147.340698242, 97.3121795654, 74.6790847778, 63.8772583008, 87.3723983765, 148.337387085, 76.0951080322, 22.7184562683], [83.5435256958, -46.0341682434, 172.159362793, 86.5756912231, 127.576545715, 94.6057891846, 103.150741577, 106.443412781, 65.1416473389, 53.4042549133, 76.0951080322, 148.54548645, 87.9804763794], [148.06791687, 12.6825265884, 123.369155884, 119.140075684, 108.579803467, 80.330696106, 99.2100830078, 93.7953872681, 79.9296951294, 53.5967559814, 22.7184562683, 87.9804763794, 169.463577271]], "icov": [[0.000125350969029, 7.51001716708e-05, 6.60376317683e-05, -9.33550181799e-05, -0.000108888823888, -1.60582712851e-05, -5.21386573382e-05, 0.000100000732346, -5.57564408155e-06, 9.50244793785e-06, 2.14713527384e-05, 2.24845025514e-05, -5.99601407885e-05], [7.51001716708e-05, 0.000521216483321, 0.000165931487572, -0.000166157013155, -0.000275744328974, 0.00011680721218, 0.000116247094411, 0.000149292362039, -5.79580482736e-05, -0.000580615538638, 0.000302321306663, 8.46352486406e-05, -1.14876402222e-05], [6.60376317683e-05, 0.000165931487572, 0.000970655470155, -0.000204961470445, -0.00046260462841, -0.000550690339878, 5.62428067497e-05, -0.000224817427807, -0.000496297900099, 0.000153237881023, -0.000219175155507, 2.40896588366e-05, 0.000218792265514], [-9.33550181799e-05, -0.000166157013155, -0.000204961470445, 0.00228781159967, -0.000117773277452, -0.000258589076111, -0.00120367622003, -4.36850205006e-05, 0.000120410855743, -0.000593126460444, 0.00073898176197, 8.78561477293e-05, -0.000452204229077], [-0.000108888823888, -0.000275744328974, -0.00046260462841, -0.000117773277452, 0.00403871200979, -0.000537986401469, -0.00105313106906, -0.001060731709, -5.275289368e-05, 5.20966095792e-05, 0.000825900700875, -0.00153132237028, 9.9003817013e-05], [-1.60582712851e-05, 0.00011680721218, -0.000550690339878, -0.000258589076111, -0.000537986401469, 0.00479951500893, -0.00146613956895, -0.000471469131298, -0.000465344201075, 5.05909774802e-05, -0.00287963473238, 0.00150099687744, -0.000412878667703], [-5.21386573382e-05, 0.000116247094411, 5.62428067497e-05, -0.00120367622003, -0.00105313106906, -0.00146613956895, 0.00695317517966, -0.00184784375597, 0.00129743129946, -0.0016020112671, -0.000464618962724, -0.000286929047434, -0.000730003346689], [0.000100000732346, 0.000149292362039, -0.000224817427807, -4.36850205006e-05, -0.001060731709, -0.000471469131298, -0.00184784375597, 0.00866179168224, -0.00362606090494, 0.000463769945782, 0.000844425754622, -0.00245115859434, 9.55586529017e-06], [-5.57564408155e-06, -5.79580482736e-05, -0.000496297900099, 0.000120410855743, -5.275289368e-05, -0.000465344201075, 0.00129743129946, -0.00362606090494, 0.00924278795719, -0.00386434909888, 0.000223544091568, 0.000820069282781, -0.00180536590051], [9.50244793785e-06, -0.000580615538638, 0.000153237881023, -0.000593126460444, 5.20966095792e-05, 5.05909774802e-05, -0.0016020112671, 0.000463769945782, -0.00386434909888, 0.0111472094432, -0.00503790564835, 0.00143124791794, -0.000806155148894], [2.14713527384e-05, 0.000302321306663, -0.000219175155507, 0.00073898176197, 0.000825900700875, -0.00287963473238, -0.000464618962724, 0.000844425754622, 0.000223544091568, -0.00503790564835, 0.0153517629951, -0.00752027658746, 0.00357326935045], [2.24845025514e-05, 8.46352486406e-05, 2.40896588366e-05, 8.78561477293e-05, -0.00153132237028, 0.00150099687744, -0.000286929047434, -0.00245115859434, 0.000820069282781, 0.00143124791794, -0.00752027658746, 0.0156810265034, -0.00628339638934], [-5.99601407885e-05, -1.14876402222e-05, 0.000218792265514, -0.000452204229077, 9.9003817013e-05, -0.000412878667703, -0.000730003346689, 9.55586529017e-06, -0.00180536590051, -0.000806155148894, 0.00357326935045, -0.00628339638934, 0.0105568310246]]}, "spectral_contrast_coeffs": {"dmean": [0.0595610626042, 0.0487236082554, 0.0434950441122, 0.0402370765805, 0.031563539058, 0.0239231325686], "dmean2": [0.0897504091263, 0.0773106589913, 0.065769046545, 0.0622518472373, 0.0478896535933, 0.0362269282341], "dvar": [0.00268964958377, 0.00179956294596, 0.00146000331733, 0.00129027641378, 0.00100786297116, 0.000558215833735], "dvar2": [0.00581986969337, 0.00431152014062, 0.00301844370551, 0.00286052911542, 0.00193725537974, 0.00125980668236], "max": [-0.267027497292, -0.437969684601, -0.408393353224, -0.494705170393, -0.447071105242, -0.552528738976], "mean": [-0.646759271622, -0.723785042763, -0.744893014431, -0.757936835289, -0.768377482891, -0.786599636078], "median": [-0.667383253574, -0.727036476135, -0.752626657486, -0.764887213707, -0.776645421982, -0.795338511467], "min": [-0.971108913422, -0.964007973671, -0.972743690014, -0.951972961426, -0.962853491306, -0.960120022297], "var": [0.0150717031211, 0.00602230755612, 0.00761486403644, 0.00634604878724, 0.00478524854407, 0.00243956060149]}, "spectral_contrast_valleys": {"dmean": [0.528552114964, 0.505684792995, 0.472307741642, 0.498157024384, 0.532506108284, 0.554465591908], "dmean2": [0.756114542484, 0.777528941631, 0.756065607071, 0.763748943806, 0.768283426762, 0.746365725994], "dvar": [0.276940971613, 0.289878368378, 0.243707165122, 0.30548286438, 0.310074388981, 0.370477825403], "dvar2": [0.461987107992, 0.636043012142, 0.556244194508, 0.700116157532, 0.626480400562, 0.682437002659], "max": [-5.26775360107, -4.68150568008, -5.39600133896, -5.252617836, -5.16937255859, -7.54944133759], "mean": [-7.77287578583, -7.32638502121, -8.037281