{"lowlevel": {"average_loudness": 0.962133765221, "barkbands_crest": {"dmean": 2.48843693733, "dmean2": 4.10722589493, "dvar": 8.14830589294, "dvar2": 21.0018939972, "max": 24.8321838379, "mean": 9.00602436066, "median": 7.58119869232, "min": 2.63259029388, "var": 19.6036472321}, "barkbands_flatness_db": {"dmean": 0.0258167460561, "dmean2": 0.0390761829913, "dvar": 0.000865453621373, "dvar2": 0.00201148493215, "max": 0.573289990425, "mean": 0.144148260355, "median": 0.11085550487, "min": 0.0258730240166, "var": 0.00972019787878}, "barkbands_kurtosis": {"dmean": 5.11620187759, "dmean2": 8.27863407135, "dvar": 198.060150146, "dvar2": 482.315429688, "max": 264.620178223, "mean": 10.5559682846, "median": 0.17995929718, "min": -1.89367187023, "var": 900.555419922}, "barkbands_skewness": {"dmean": 0.706701636314, "dmean2": 1.08119094372, "dvar": 0.877395689487, "dvar2": 1.96052837372, "max": 13.747844696, "mean": 1.58256912231, "median": 0.956843793392, "min": -2.36257314682, "var": 4.44228696823}, "barkbands_spread": {"dmean": 6.66300106049, "dmean2": 10.4654750824, "dvar": 97.0831832886, "dvar2": 224.911956787, "max": 110.459060669, "mean": 27.2682304382, "median": 26.9523258209, "min": 0.280007481575, "var": 290.129455566}, "dissonance": {"dmean": 0.0119585301727, "dmean2": 0.0197373088449, "dvar": 0.000181078677997, "dvar2": 0.000457523390651, "max": 0.500000178814, "mean": 0.474109709263, "median": 0.480662703514, "min": 0.336626112461, "var": 0.000505598087329}, "dynamic_complexity": 4.65450716019, "erbbands_crest": {"dmean": 2.18511176109, "dmean2": 3.56904125214, "dvar": 5.49301767349, "dvar2": 14.1282644272, "max": 28.2050209045, "mean": 8.50492668152, "median": 7.18816184998, "min": 2.25454759598, "var": 21.8512458801}, "erbbands_flatness_db": {"dmean": 0.0207875017077, "dmean2": 0.0300070066005, "dvar": 0.00054162502056, "dvar2": 0.00114999013022, "max": 0.448948085308, "mean": 0.155404374003, "median": 0.145265057683, "min": 0.0362674072385, "var": 0.00292137241922}, "erbbands_kurtosis": {"dmean": 1.1159812212, "dmean2": 1.73840904236, "dvar": 4.58822631836, "dvar2": 9.61518573761, "max": 50.5463981628, "mean": 1.52482450008, "median": 0.127610206604, "min": -1.76642036438, "var": 25.6181793213}, "erbbands_skewness": {"dmean": 0.367193609476, "dmean2": 0.558296322823, "dvar": 0.194428697228, "dvar2": 0.431255877018, "max": 6.75928688049, "mean": -0.0295569263399, "median": -0.277087897062, "min": -2.73841452599, "var": 1.53115677834}, "erbbands_spread": {"dmean": 9.4272813797, "dmean2": 14.8817901611, "dvar": 149.87449646, "dvar2": 331.422424316, "max": 149.993164062, "mean": 38.6385116577, "median": 32.1316337585, "min": 2.43997168541, "var": 455.65246582}, "hfc": {"dmean": 6.33733797073, "dmean2": 9.43662261963, "dvar": 149.470291138, "dvar2": 341.138763428, "max": 173.575973511, "mean": 18.8201351166, "median": 16.7292785645, "min": 1.25326147843e-16, "var": 297.309692383}, "melbands_crest": {"dmean": 3.18295121193, "dmean2": 5.23503398895, "dvar": 11.3252811432, "dvar2": 28.1136856079, "max": 32.2364311218, "mean": 14.4305295944, "median": 12.9143733978, "min": 2.48142671585, "var": 43.6938781738}, "melbands_flatness_db": {"dmean": 0.0326505638659, "dmean2": 0.0487744621933, "dvar": 0.00143962400034, "dvar2": 0.00319933774881, "max": 0.731380581856, "mean": 0.208422958851, "median": 0.169646695256, "min": 0.0045505235903, "var": 0.0152635527775}, "melbands_kurtosis": {"dmean": 12.6683387756, "dmean2": 20.1848526001, "dvar": 954.777038574, "dvar2": 2323.94458008, "max": 572.56262207, "mean": 26.9944705963, "median": 4.37480592728, "min": -1.69447660446, "var": 3391.07275391}, "melbands_skewness": {"dmean": 0.980062603951, "dmean2": 1.51977241039, "dvar": 1.71146440506, "dvar2": 3.77083659172, "max": 19.6644992828, "mean": 3.01585865021, "median": 2.00059127808, "min": -0.63839173317, "var": 6.61066579819}, "melbands_spread": {"dmean": 10.4464979172, "dmean2": 16.2452526093, "dvar": 320.981567383, "dvar2": 628.371887207, "max": 232.179504395, "mean": 33.8516807556, "median": 27.719329834, "min": 0.231340587139, "var": 1073.56445312}, "pitch_salience": {"dmean": 0.0792988985777, "dmean2": 0.131391167641, "dvar": 0.00739076500759, "dvar2": 0.0195167418569, "max": 0.899489045143, "mean": 0.533056199551, "median": 0.554896593094, "min": 0.0334908887744, "var": 0.0242893733084}, "silence_rate_20dB": {"dmean": 0, "dmean2": 0, "dvar": 0, "dvar2": 0, "max": 1, "mean": 1, "median": 1, "min": 1, "var": 0}, "silence_rate_30dB": {"dmean": 0.0340988151729, "dmean2": 0.0682213678956, "dvar": 0.0329347848892, "dvar2": 0.0851471573114, "max": 1, "mean": 0.976695656776, "median": 1, "min": 0, "var": 0.0227602887899}, "silence_rate_60dB": {"dmean": 0.0487125962973, "dmean2": 0.0971110314131, "dvar": 0.0463419407606, "dvar2": 0.0918570682406, "max": 1, "mean": 0.166956529021, "median": 0, "min": 0, "var": 0.139077827334}, "spectral_centroid": {"dmean": 272.086303711, "dmean2": 407.727600098, "dvar": 130482.601562, "dvar2": 257775.3125, "max": 4807.74267578, "mean": 1540.94177246, "median": 1591.47497559, "min": 109.36756897, "var": 722291.625}, "spectral_complexity": {"dmean": 4.28114128113, "dmean2": 6.14584064484, "dvar": 35.4473571777, "dvar2": 60.2395858765, "max": 57, "mean": 18.7262611389, "median": 20, "min": 0, "var": 181.696304321}, "spectral_decrease": {"dmean": 4.08131173302e-09, "dmean2": 6.80665568353e-09, "dvar": 7.72288046836e-17, "dvar2": 2.001918431e-16, "max": 1.78965703968e-28, "mean": -6.85226142494e-09, "median": -4.82104756117e-09, "min": -8.01007686846e-08, "var": 7.09841998638e-17}, "spectral_energy": {"dmean": 0.0158719625324, "dmean2": 0.0263348296285, "dvar": 0.00114982598461, "dvar2": 0.00296368589625, "max": 0.308235168457, "mean": 0.0275690723211, "median": 0.0196389295161, "min": 1.06919984652e-20, "var": 0.00108362617902}, "spectral_energyband_high": {"dmean": 0.000342998886481, "dmean2": 0.000562480068766, "dvar": 8.71010854553e-07, "dvar2": 2.32162369684e-06, "max": 0.0169413723052, "mean": 0.00063560239505, "median": 0.000387360050809, "min": 7.5220606043e-21, "var": 9.74440126811e-07}, "spectral_energyband_low": {"dmean": 0.00963536184281, "dmean2": 0.017074720934, "dvar": 0.000678150099702, "dvar2": 0.00188264483586, "max": 0.283705502748, "mean": 0.012238916941, "median": 0.00726449349895, "min": 4.23688893377e-23, "var": 0.000484252348542}, "spectral_energyband_middle_high": {"dmean": 0.00150050886441, "dmean2": 0.00217140372843, "dvar": 5.65187337997e-06, "dvar2": 1.14979393402e-05, "max": 0.0264168418944, "mean": 0.00552285369486, "median": 0.00555024063215, "min": 1.65419582937e-21, "var": 2.5510586056e-05}, "spectral_energyband_middle_low": {"dmean": 0.00680636707693, "dmean2": 0.0109056336805, "dvar": 0.000407692336012, "dvar2": 0.000999617972411, "max": 0.26310351491, "mean": 0.0108675956726, "median": 0.00538091501221, "min": 2.3625407186e-22, "var": 0.000379834789783}, "spectral_entropy": {"dmean": 0.181510031223, "dmean2": 0.260121911764, "dvar": 0.0607324913144, "dvar2": 0.128876566887, "max": 9.06128311157, "mean": 7.54646110535, "median": 7.68834161758, "min": 4.24601268768, "var": 0.482008844614}, "spectral_flux": {"dmean": 0.0360710136592, "dmean2": 0.0531117357314, "dvar": 0.00303929904476, "dvar2": 0.00564866326749, "max": 0.470321148634, "mean": 0.0780782699585, "median": 0.0531439967453, "min": 8.19871002022e-06, "var": 0.00580756552517}, "spectral_kurtosis": {"dmean": 2.42033696175, "dmean2": 4.0710401535, "dvar": 32.3189239502, "dvar2": 67.5370559692, "max": 228.505081177, "mean": 5.82680892944, "median": 3.82810163498, "min": -1.01546263695, "var": 100.527130127}, "spectral_rms": {"dmean": 0.00116041244473, "dmean2": 0.00174808816519, "dvar": 3.72828139916e-06, "dvar2": 8.48244417284e-06, "max": 0.0173412002623, "mean": 0.00445449911058, "median": 0.00437720585614, "min": 3.22973960944e-12, "var": 7.05413140167e-06}, "spectral_rolloff": {"dmean": 696.133239746, "dmean2": 1104.92956543, "dvar": 2243529.75, "dvar2": 3935369.5, "max": 19379.8828125, "mean": 2096.87890625, "median": 1679.58984375, "min": 86.1328125, "var": 6424573}, "spectral_skewness": {"dmean": 0.293835639954, "dmean2": 0.471151471138, "dvar": 0.179295569658, "dvar2": 0.397523343563, "max": 13.7421369553, "mean": 1.53150272369, "median": 1.35024392605, "min": 0.21094687283, "var": 0.689798295498}, "spectral_spread": {"dmean": 651262.0625, "dmean2": 919360.875, "dvar": 1385958473730.0, "dvar2": 1869625819140.0, "max": 51043092, "mean": 4371586, "median": 4021582.25, "min": 532097.875, "var": 4084381253630.0}, "spectral_strongpeak": {"dmean": 0.46901383996, "dmean2": 0.830479621887, "dvar": 0.944395065308, "dvar2": 2.27054715157, "max": 8.45182609558, "mean": 0.76633143425, "median": 0.394149333239, "min": 8.96655460991e-09, "var": 1.49413657188}, "zerocrossingrate": {"dmean": 0.0141081679612, "dmean2": 0.0155901592225, "dvar": 0.000685399805661, "dvar2": 0.000705119746272, "max": 0.501953125, "mean": 0.0734218731523, "median": 0.0615234375, "min": 0.00341796875, "var": 0.00440921727568}, "barkbands": {"dmean": [9.63783168118e-05, 0.00625815754756, 0.00322224595584, 0.00204302999191, 0.00368496216834, 0.000651929527521, 0.000825930095743, 0.000514349376317, 0.000336228316883, 0.000276879552985, 0.000150229039718, 0.000198546913452, 0.000282684952253, 0.000525167910382, 0.000244152062805, 0.000458280672319, 0.000223665934755, 0.000137358598295, 0.000239265340497, 0.000125364473206, 0.000106100851553, 8.86876077857e-05, 7.1085523814e-05, 3.61530474038e-05, 1.92149072973e-05, 1.43504676089e-05, 6.32541468804e-06], "dmean2": [0.000162884796737, 0.0112416781485, 0.00578652136028, 0.00342465005815, 0.0059947562404, 0.00101795396768, 0.00136414915323, 0.000804655719548, 0.000502107548527, 0.000402638775995, 0.00021859483968, 0.000297490216326, 0.00043221496162, 0.000776588742156, 0.000389074266423, 0.000702130084392, 0.000341912091244, 0.00022158480715, 0.000379288976546, 0.000206344760954, 0.000179956026841, 0.000151201034896, 0.00011971546337, 5.60879489058e-05, 2.98626036965e-05, 2.29770139413e-05, 1.0079198546e-05], "dvar": [8.22753207785e-08, 0.000356380449375, 6.51697846479e-05, 2.82962373603e-05, 0.000192194987903, 1.68591793681e-06, 3.86565398003e-06, 1.5264247395e-06, 3.76857798301e-07, 2.07282965903e-07, 6.93021391385e-08, 1.05690602936e-07, 2.9639886634e-07, 5.86346914133e-07, 2.69711392775e-07, 4.80458709262e-07, 1.22169751648e-07, 7.04367550952e-08, 1.88374954746e-07, 5.60295632113e-08, 8.36480040789e-08, 6.11784756188e-08, 7.96770294187e-08, 5.26319388072e-09, 1.14077247648e-09, 7.21953996585e-10, 1.76597250712e-10], "dvar2": [2.03129218335e-07, 0.000997663242742, 0.000187609926797, 7.49193859519e-05, 0.000475733890198, 3.847762855e-06, 9.8520758911e-06, 3.8215503082e-06, 8.40202005747e-07, 4.59903816363e-07, 1.46840420712e-07, 2.35286790939e-07, 7.56423787607e-07, 1.33683306558e-06, 7.03353066456e-07, 1.10661312647e-06, 2.60072908986e-07, 1.8281747316e-07, 4.94322648592e-07, 1.47873166156e-07, 2.27655959861e-07, 1.60236098168e-07, 2.22293550678e-07, 1.2462953336e-08, 2.76061173921e-09, 1.68801395084e-09, 4.18822782011e-10], "max": [0.00355661241338, 0.187927544117, 0.099906668067, 0.0748467296362, 0.190957963467, 0.0199030451477, 0.0314314328134, 0.0136005096138, 0.00768727017567, 0.00594431627542, 0.00400280114263, 0.00449874158949, 0.00671652052552, 0.00984301697463, 0.00726481154561, 0.0109839700162, 0.006044046022, 0.00446538440883, 0.00523336837068, 0.00323982466944, 0.00466148043051, 0.00477425288409, 0.00604623369873, 0.000983659760095, 0.000381869263947, 0.000260418775724, 0.000127204271848], "mean": [7.69407270127e-05, 0.0061280685477, 0.00442238198593, 0.00281201931648, 0.00366171263158, 0.00121300155297, 0.00138346885797, 0.000860097236, 0.000786151795182, 0.000604236498475, 0.000267037568847, 0.000384783372283, 0.000509612262249, 0.00113137066364, 0.000425801437814, 0.000966862891801, 0.000442597229267, 0.000258507963736, 0.000466620898806, 0.000229918019613, 0.000163058037288, 0.000121307901281, 0.000114817274152, 6.94376940373e-05, 4.07540683227e-05, 2.15015334106e-05, 7.01709041095e-06], "median": [2.53152620644e-06, 0.00240469747223, 0.00204454828054, 0.00158008944709, 0.000939921184909, 0.00046033973922, 0.000276064645732, 0.000195678105229, 0.000348929286702, 0.000347860564943, 9.48612287175e-05, 0.000162804179126, 0.000173139371327, 0.000618165358901, 0.00019849758246, 0.000463901407784, 0.000204752199352, 0.000167039601365, 0.000245220086072, 0.000149487401359, 0.000100817756902, 3.89944361814e-05, 5.10482495883e-05, 2.43247468461e-05, 1.16150804388e-05, 5.05955085828e-06, 4.48743321613e-07], "min": [1.93272124792e-24, 2.46574521358e-23, 1.18165952016e-23, 2.16165432297e-23, 3.16098773533e-23, 3.68280029147e-23, 3.44175374446e-23, 3.81488873916e-23, 6.85303032116e-23, 4.78505323068e-23, 4.8898054392e-23, 1.00510812662e-22, 2.48902251096e-22, 1.51792552274e-22, 9.77605280017e-23, 1.7055109662e-22, 1.10130977712e-22, 3.03916779537e-22, 2.83144191259e-22, 2.5124606413e-22, 3.26037272357e-22, 4.32054548707e-22, 4.68357750861e-22, 9.20713616031e-22, 7.93151046368e-22, 1.77480991023e-21, 2.9595478244e-21], "var": [6.90197339281e-08, 0.000232112040976, 5.41241279279e-05, 2.40844201471e-05, 0.000160249051987, 4.66591473014e-06, 6.20017181063e-06, 2.28272301683e-06, 1.1568311038e-06, 6.0159561599e-07, 1.62627330269e-07, 2.83099353737e-07, 5.76447519052e-07, 1.89287550256e-06, 4.08127107221e-07, 1.92639913621e-06, 4.30326537071e-07, 1.0515869775e-07, 4.3673068717e-07, 8.12837868125e-08, 7.3623837693e-08, 6.50052385254e-08, 6.825469967e-08, 1.31429773731e-08, 3.96349530973e-09, 1.39018607737e-09, 2.17923762369e-10]}, "erbbands": {"dmean": [0.135240897536, 1.55396533012, 3.80405712128, 5.24507331848, 14.6678562164, 8.53586769104, 6.10234594345, 4.57704019547, 8.82570934296, 15.9210147858, 8.75097751617, 6.83014202118, 7.25025224686, 6.88478660583, 4.48428297043, 8.37477588654, 11.790309906, 23.3507843018, 18.6799449921, 17.3008499146, 16.7667484283, 13.5144557953, 6.75628566742, 14.6234788895, 7.62881469727, 5.52099084854, 5.17256069183, 3.34195518494, 3.27730751038, 2.91195511818, 1.65113854408, 0.923578441143, 0.556742250919, 0.278379678726, 0.121010616422, 0.0525467954576, 0.0321780480444, 0.00671528000385, 0.00113833928481, 7.69013859099e-05], "dmean2": [0.243150785565, 2.81213331223, 6.8480887413, 8.96257019043, 24.141204834, 14.2168807983, 9.68321037292, 7.4909081459, 14.0445423126, 26.7524337769, 13.2107391357, 10.4081640244, 10.4806509018, 10.2945108414, 6.59517431259, 12.4699773788, 18.30493927, 34.317363739, 28.9242572784, 26.824552536, 25.5213756561, 20.481590271, 10.6574325562, 23.671087265, 11.9868097305, 8.92893600464, 8.72934436798, 5.77502441406, 5.61180830002, 4.92414522171, 2.77680301666, 1.48487687111, 0.871019124985, 0.432066291571, 0.190585002303, 0.082544721663, 0.0525341555476, 0.010547186248, 0.00183408369776, 0.000123243706184], "dvar": [0.181242987514, 21.8208370209, 100.800834656, 110.067436218, 3376.49902344, 953.833312988, 204.975601196, 76.3910446167, 284.965087891, 2862.13208008, 270.561523438, 157.155334473, 149.040161133, 140.527679443, 70.1562805176, 185.803604126, 523.551513672, 1264.40490723, 1038.66760254, 657.632324219, 589.87689209, 445.441772461, 163.710601807, 772.556884766, 187.195220947, 116.625480652, 216.940765381, 76.7583847046, 77.4215545654, 96.1533355713, 38.1565208435, 6.39624023438, 1.19382739067, 0.254769414663, 0.0464893504977, 0.00971177499741, 0.00417685182765, 0.000171436870005, 5.3413623391e-06, 2.05790833263e-08], "dvar2": [0.489933162928, 61.901008606, 287.538269043, 300.479522705, 8495.77832031, 2459.77246094, 510.060272217, 185.232421875, 641.856384277, 7688.76513672, 617.702026367, 368.443786621, 313.428131104, 325.741851807, 146.91027832, 414.496307373, 1342.86193848, 2829.01025391, 2625.12817383, 1589.0090332, 1365.90893555, 921.638549805, 421.042510986, 2008.44934082, 483.346252441, 300.765350342, 594.055664062, 209.089675903, 202.236968994, 256.856506348, 106.987792969, 17.3096160889, 2.87425661087, 0.620072007179, 0.112600922585, 0.0216870587319, 0.0105316098779, 0.000392989371903, 1.28999045046e-05, 5.00318968477e-08], "max": [3.56133770943, 47.9172096252, 112.336235046, 114.571426392, 823.498413086, 347.0546875, 212.616592407, 88.0271759033, 224.406036377, 817.271057129, 221.460021973, 165.261856079, 199.248123169, 144.376434326, 136.035079956, 177.829711914, 300.389312744, 511.990692139, 470.804321289, 332.555480957, 300.819488525, 422.68258667, 216.730636597, 383.803863525, 194.148834229, 167.761322021, 232.141372681, 164.452438354, 162.27456665, 192.66986084, 129.409912109, 54.7385444641, 13.1925077438, 5.95168876648, 2.53175425529, 1.26506388187, 0.664856851101, 0.124458797276, 0.0191993638873, 0.00133408885449], "mean": [0.112605266273, 1.60390436649, 5.09524297714, 7.99891996384, 13.642868042, 9.10687732697, 10.4367656708, 8.7420167923, 18.5504055023, 19.5720119476, 20.3025722504, 15.6137638092, 16.6484489441, 14.2569847107, 8.97510051727, 16.3597049713, 21.940530777, 47.5304031372, 40.8866348267, 39.6100349426, 37.6143760681, 28.2783985138, 14.2861061096, 27.5355262756, 15.8203029633, 10.3678026199, 7.69773101807, 5.35626888275, 4.55559253693, 4.09605836868, 2.74932265282, 1.72624766827, 1.01111316681, 0.565000236034, 0.250704318285, 0.093346722424, 0.0422399640083, 0.00829210504889, 0.00126566016115, 0.000100155761174], "median": [0.0302398670465, 0.711661279202, 2.21859097481, 4.95698451996, 3.67383813858, 3.14208865166, 3.68290901184, 3.57513952255, 4.42574596405, 3.03799080849, 7.64454126358, 7.05635738373, 10.1239719391, 8.38043308258, 3.43069076538, 7.23283815384, 10.0860233307, 26.0516719818, 23.0831222534, 24.6548709869, 23.5265750885, 13.3686294556, 9.86531448364, 14.3626928329, 10.0191898346, 6.87095069885, 4.77510690689, 3.18420791626, 1.54516327381, 1.6410074234, 1.14871609211, 0.657664179802, 0.348423153162, 0.182776659727, 0.0558316558599, 0.0176567528397, 0.00883072055876, 0.00148846907541, 0.000126464903587, 3.65595806215e-05], "min": [7.37173173611e-22, 5.38563604732e-21, 1.51612577382e-20, 3.32456102024e-20, 7.32537191804e-20, 8.60931778744e-20, 2.57294271041e-19, 3.94141092877e-19, 5.48093492793e-19, 5.16856412827e-19, 1.00995537128e-18, 1.58767537169e-18, 8.51120356854e-19, 2.3994042504e-18, 3.16802192315e-18, 3.87870655413e-18, 9.9829996218e-18, 9.62494043159e-18, 7.32281655033e-18, 4.43850186086e-18, 1.10922587494e-17, 8.10505478585e-18, 1.39876952958e-17, 1.3757736604e-17, 1.31674497655e-17, 1.28709121334e-17, 1.02278781703e-17, 1.58677246269e-17, 1.66118116382e-17, 1.33237289986e-17, 1.39466671374e-17, 1.96264184411e-17, 1.36459811945e-17, 1.03910139036e-17, 5.05250810339e-18, 6.31025359557e-18, 3.52713411428e-18, 1.49013185571e-18, 3.90526675492e-19, 4.22576137292e-20], "var": [0.121652908623, 14.0096940994, 79.4093170166, 109.149131775, 2687.59838867, 745.333496094, 367.94229126, 170.308288574, 1055.88793945, 2373.45361328, 774.918945312, 420.37387085, 457.043426514, 333.747406006, 182.065155029, 501.613250732, 904.700195312, 3523.21606445, 2666.97729492, 2332.43408203, 2077.49316406, 1785.52746582, 285.105316162, 1634.80969238, 395.317169189, 168.056472778, 181.499450684, 74.5696868896, 84.6324386597, 90.7009963989, 35.066192627, 9.27814292908, 2.81891870499, 0.735891640186, 0.162362828851, 0.0273074731231, 0.00578361190856, 0.0002398485085, 6.38152869215e-06, 2.47992932856e-08]}, "gfcc": {"mean": [-39.4843788147, 93.0503005981, -115.059913635, 41.7749099731, -39.5467529297, 8.58153152466, -34.1603317261, 1.44785296917, -15.8572340012, -1.57879328728, -16.3829231262, -9.70958518982, -12.8078889847], "cov": [[19819.0546875, -1354.02819824, -2120.86767578, -563.69519043, -1178.00439453, 301.787750244, -803.637451172, 790.654052734, -531.518859863, 856.142578125, -183.056015015, 36.8372268677, -244.206924438], [-1354.02819824, 3301.06518555, -405.609741211, 138.41104126, 682.09362793, -252.952438354, 532.441589355, -241.276657104, 246.377822876, -268.349151611, 247.908493042, -299.146148682, 137.802871704], [-2120.86767578, -405.609741211, 1156.75976562, 104.888153076, 66.6494369507, 100.415733337, 48.9485626221, -101.110443115, 12.9050064087, -43.6256370544, -7.49497938156, 80.2112121582, 4.58974599838], [-563.69519043, 138.41104126, 104.888153076, 483.244293213, -3.94506454468, 170.289154053, 40.9777526855, -76.9789505005, 76.0909194946, -109.391395569, -16.9172935486, -27.6059436798, 32.3005599976], [-1178.00439453, 682.09362793, 66.6494369507, -3.94506454468, 552.813171387, -52.8657264709, 251.501480103, -14.7023353577, 109.240493774, -53.8764572144, 33.5508422852, -60.8360519409, 29.6731262207], [301.787750244, -252.952438354, 100.415733337, 170.289154053, -52.8657264709, 225.408615112, -24.1167144775, 20.0907020569, 17.5581130981, -1.01710832119, -40.4498748779, 17.988489151, 2.53261590004], [-803.637451172, 532.441589355, 48.9485626221, 40.9777526855, 251.501480103, -24.1167144775, 243.325546265, -18.2638587952, 89.0380859375, -41.7688713074, 60.5758590698, -54.0631790161, 24.4003124237], [790.654052734, -241.276657104, -101.110443115, -76.9789505005, -14.7023353577, 20.0907020569, -18.2638587952, 164.815704346, 10.2098770142, 84.0299072266, -20.5718288422, 20.2932662964, -21.2836360931], [-531.518859863, 246.377822876, 12.9050064087, 76.0909194946, 109.240493774, 17.5581130981, 89.0380859375, 10.2098770142, 132.741394043, -25.9378318787, 12.0510444641, -27.759885788, 21.9139137268], [856.142578125, -268.349151611, -43.6256370544, -109.391395569, -53.8764572144, -1.01710832119, -41.7688713074, 84.0299072266, -25.9378318787, 130.346282959, 5.04106903076, 26.8314876556, -26.9533824921], [-183.056015015, 247.908493042, -7.49497938156, -16.9172935486, 33.5508422852, -40.4498748779, 60.5758590698, -20.5718288422, 12.0510444641, 5.04106903076, 87.0018768311, -8.29188251495, 10.0125579834], [36.8372268677, -299.146148682, 80.2112121582, -27.6059436798, -60.8360519409, 17.988489151, -54.0631790161, 20.2932662964, -27.759885788, 26.8314876556, -8.29188251495, 77.8671340942, 2.42256450653], [-244.206924438, 137.802871704, 4.58974599838, 32.3005599976, 29.6731262207, 2.53261590004, 24.4003124237, -21.2836360931, 21.9139137268, -26.9533824921, 10.0125579834, 2.42256450653, 51.7965316772]], "icov": [[0.000141271098983, -0.000157006084919, 0.000151479660417, -2.62220073637e-05, 0.000174331056769, -0.000313960073981, 0.00015158666065, -0.000333390285959, 0.000485771306558, -0.000790760037489, 0.000324669264955, 4.22644479841e-05, 0.000112028872536], [-0.000157006084919, 0.00129250530154, 0.000147598475451, 5.93501827097e-05, -0.000758189358748, 0.000722032680642, -0.000543685629964, 0.000884624489117, -0.000931616930757, 0.00184372265358, -0.00235091871582, 0.0023708732333, -0.00151320942678], [0.000151479660417, 0.000147598475451, 0.00142690271605, 8.28808515507e-06, -9.53644121182e-05, -0.000742589705624, -0.000558518746402, 0.000949303444941, 0.000180435963557, -0.000648604298476, 0.000160829076776, -0.00122172781266, 0.000546222669072], [-2.62220073637e-05, 5.93501827097e-05, 8.28808515507e-06, 0.00426756823435, 0.000486102071591, -0.0031163583044, -0.000247857271461, 0.00119546300266, -0.00181799870916, 0.00264013768174, -0.000369791698176, 0.000772480736487, -0.000283297995338], [0.000174331056769, -0.000758189358748, -9.53644121182e-05, 0.000486102071591, 0.00429939059541, -8.61751759658e-05, -0.00354669708759, -0.000635655480437, -2.56426646956e-05, -0.00114711315837, 0.00317717879079, -0.000928616384044, 0.00033833325142], [-0.000313960073981, 0.000722032680642, -0.000742589705624, -0.0031163583044, -8.61751759658e-05, 0.00866109505296, -0.000853892823216, -0.000556561979465, -0.00111439474858, 0.000331108283717, 0.00138401973527, -0.000260004919255, -0.00120417319704], [0.00015158666065, -0.000543685629964, -0.000558518746402, -0.000247857271461, -0.00354669708759, -0.000853892823216, 0.0123892556876, -0.00208908156492, -0.00193246803246, 0.00040252765757, -0.00577114475891, 0.00346602965146, -0.000275439146208], [-0.000333390285959, 0.000884624489117, 0.000949303444941, 0.00119546300266, -0.000635655480437, -0.000556561979465, -0.00208908156492, 0.0130269452929, -0.00445136148483, -0.00425169290975, 0.00211763894185, -0.00214925478213, 0.00133538327646], [0.000485771306558, -0.000931616930757, 0.000180435963557, -0.00181799870916, -2.56426646956e-05, -0.00111439474858, -0.00193246803246, -0.00445136148483, 0.0141678722575, -0.00246774125844, 0.00176098977681, 0.00158791977447, -0.00265595060773], [-0.000790760037489, 0.00184372265358, -0.000648604298476, 0.00264013768174, -0.00114711315837, 0.000331108283717, 0.00040252765757, -0.00425169290975, -0.00246774125844, 0.0212712027133, -0.00825993344188, 0.000319463462802, 0.00217667291872], [0.000324669264955, -0.00235091871582, 0.000160829076776, -0.000369791698176, 0.00317717879079, 0.00138401973527, -0.00577114475891, 0.00211763894185, 0.00176098977681, -0.00825993344188, 0.022341972217, -0.00604450516403, 0.00062325631734], [4.22644479841e-05, 0.0023708732333, -0.00122172781266, 0.000772480736487, -0.000928616384044, -0.000260004919255, 0.00346602965146, -0.00214925478213, 0.00158791977447, 0.000319463462802, -0.00604450516403, 0.0258565582335, -0.00899951905012], [0.000112028872536, -0.00151320942678, 0.000546222669072, -0.000283297995338, 0.00033833325142, -0.00120417319704, -0.000275439146208, 0.00133538327646, -0.00265595060773, 0.00217667291872, 0.00062325631734, -0.00899951905012, 0.0270889159292]]}, "melbands": {"dmean": [0.00149505084846, 0.00204624165781, 0.00118559715338, 0.000925482949242, 0.000210788552067, 0.000110686967673, 0.000137214243296, 0.000165560180903, 7.13787376299e-05, 4.09381973441e-05, 3.82936595997e-05, 3.04666573356e-05, 1.63620807143e-05, 1.47737673615e-05, 3.6312485463e-05, 3.00960673485e-05, 4.90980928589e-05, 3.68011678802e-05, 1.8950084268e-05, 4.16905750171e-05, 1.49142579176e-05, 1.62365959113e-05, 6.39436530037e-06, 7.22993900126e-06, 1.36135704452e-05, 6.91889772497e-06, 5.51144694327e-06, 3.53723544322e-06, 3.61150750905e-06, 2.47854313784e-06, 1.92571405933e-06, 1.79843186743e-06, 1.90099285646e-06, 1.6653931425e-06, 1.03336253687e-06, 8.7128148607e-07, 4.92267361096e-07, 4.20907952048e-07, 3.61662387149e-07, 2.2257823673e-07], "dmean2": [0.00268778996542, 0.00367481610738, 0.00199690693989, 0.00151588825975, 0.000343580846675, 0.000179669004865, 0.000221103749936, 0.000274475169135, 0.000105856386654, 6.24761814834e-05, 5.54629768885e-05, 4.50451952929e-05, 2.41759571509e-05, 2.31583726418e-05, 5.28071941517e-05, 4.69988553959e-05, 7.2644885222e-05, 5.67893002881e-05, 2.98996110359e-05, 6.42120576231e-05, 2.29752131418e-05, 2.46862036875e-05, 1.02556832644e-05, 1.15151215141e-05, 2.21055761358e-05, 1.12211264423e-05, 8.9492987172e-06, 5.75439480599e-06, 6.23441383141e-06, 4.18833087679e-06, 3.3856281334e-06, 3.10081281896e-06, 3.26071358359e-06, 2.81281813841e-06, 1.73395198999e-06, 1.45140188579e-06, 7.78319474648e-07, 6.78563253587e-07, 5.64936613046e-07, 3.52691102989e-07], "dvar": [2.11163460335e-05, 3.1654140912e-05, 9.31703289098e-06, 1.26737213577e-05, 2.94128341238e-07, 4.23531680838e-08, 7.26066105017e-08, 2.81259531221e-07, 1.6886220422e-08, 5.64740343378e-09, 4.09207823182e-09, 2.61868771112e-09, 8.62491800202e-10, 8.18538847813e-10, 3.62743102222e-09, 3.84306897416e-09, 5.71189895382e-09, 3.99545374563e-09, 1.59465118887e-09, 4.35396563248e-09, 5.52120793529e-10, 6.63579247107e-10, 1.13091029597e-10, 1.95467017572e-10, 6.85364931474e-10, 1.31684232962e-10, 9.40937258664e-11, 4.46699240098e-11, 1.27670776728e-10, 2.68377282203e-11, 3.21651663637e-11, 2.36398782494e-11, 2.55408732358e-11, 3.83172868434e-11, 1.31555235455e-11, 1.21360291608e-11, 9.39667397712e-13, 7.74473909483e-13, 6.78112947738e-13, 1.56756416658e-13], "dvar2": [5.82699940423e-05, 9.01100356714e-05, 2.40654917434e-05, 3.17842132063e-05, 7.68403822349e-07, 9.99825857662e-08, 1.69560991026e-07, 7.50640708702e-07, 3.70182675624e-08, 1.32220501214e-08, 8.62620197495e-09, 6.08532824131e-09, 1.92003346555e-09, 2.05203165571e-09, 7.33195193448e-09, 1.01750927683e-08, 1.27107506742e-08, 9.99591787121e-09, 4.16147027948e-09, 1.01133865726e-08, 1.27811150552e-09, 1.36059430389e-09, 2.75268224881e-10, 5.0767312576e-10, 1.79435000192e-09, 3.41772360413e-10, 2.51839243903e-10, 1.14164705467e-10, 3.51336654214e-10, 7.16588455241e-11, 8.86153858626e-11, 6.20599682755e-11, 6.68967797823e-11, 1.0361622671e-10, 3.65744309838e-11, 3.5136227261e-11, 2.26925401213e-12, 1.94561120687e-12, 1.72661960684e-12, 3.62504514254e-13], "max": [0.0432260110974, 0.0614462122321, 0.0424257218838, 0.0484117530286, 0.00777028268203, 0.00243228813633, 0.00343196000904, 0.00783580541611, 0.00187935191207, 0.000927458982915, 0.000999981421046, 0.000544854789041, 0.000358911056537, 0.000439856637968, 0.000934109266382, 0.000745707075112, 0.00117407483049, 0.00099659175612, 0.000555415695999, 0.00109937950037, 0.000297291699098, 0.00052549270913, 0.000134370537126, 0.00024615242728, 0.000344334053807, 0.00015254713071, 0.000115327697131, 0.000103632177343, 0.000167329388205, 8.40832653921e-05, 0.000119478529086, 9.20142265386e-05, 7.86245873314e-05, 0.000128350307932, 7.28260201868e-05, 7.93303406681e-05, 1.30268426801e-05, 1.15056118375e-05, 1.16615356092e-05, 4.69079668619e-06], "mean": [0.00137711921707, 0.00256836810149, 0.00155241298489, 0.000883813016117, 0.000341451901477, 0.000221157402848, 0.000269053532975, 0.000210972459172, 0.000173408159753, 9.12573741516e-05, 8.62002925714e-05, 6.37608318357e-05, 3.00867704937e-05, 2.81142365566e-05, 6.32410738035e-05, 4.76696441183e-05, 9.78053358267e-05, 7.52640917199e-05, 3.2339587051e-05, 8.70699077495e-05, 2.97277110803e-05, 3.22299711115e-05, 1.23522568174e-05, 1.39272742672e-05, 2.43062895606e-05, 1.29533736981e-05, 9.56168969424e-06, 6.11961422692e-06, 4.74670150652e-06, 4.16814054915e-06, 2.72915872301e-06, 2.5204008125e-06, 2.35375478042e-06, 2.35770426116e-06, 1.63097047334e-06, 1.36097276027e-06, 9.28170095449e-07, 7.06465357325e-07, 6.31826253539e-07, 4.34231452573e-07], "median": [0.000469677470392, 0.00125390291214, 0.000863671302795, 0.000231398225878, 0.000134701534989, 8.51172226248e-05, 6.36648401269e-05, 3.12949450745e-05, 6.93014080753e-05, 4.01593424613e-05, 5.08701814397e-05, 3.72567374143e-05, 1.13865535241e-05, 1.23078134493e-05, 2.39609889832e-05, 1.49415263877e-05, 5.10981444677e-05, 3.74019364244e-05, 1.5091764908e-05, 3.73142174794e-05, 1.68830683833e-05, 1.35751170092e-05, 8.17191266833e-06, 7.88243505667e-06, 1.18202915473e-05, 7.76774868427e-06, 5.4021284086e-06, 4.119501682e-06, 2.65069866145e-06, 2.77999970422e-06, 1.26306304082e-06, 8.32375633308e-07, 7.14527175205e-07, 9.25004144392e-07, 6.429885957e-07, 5.12843882916e-07, 3.24471812974e-07, 2.5039605589e-07, 1.85151392884e-07, 1.34768157523e-07], "min": [6.60866645627e-24, 7.62762546577e-24, 8.21119242016e-24, 4.91666197206e-24, 8.37298542523e-24, 8.0745530339e-24, 7.8307524157e-24, 6.07604374471e-24, 9.34458438143e-24, 9.53030748207e-24, 3.86996385212e-24, 9.44610683562e-24, 8.14490207171e-24, 1.06052511611e-23, 1.24500134321e-23, 2.83992923551e-23, 1.56707581698e-23, 1.25606701067e-23, 6.20166787172e-24, 7.18166819655e-24, 1.36506841845e-23, 7.44279535568e-24, 1.3327088708e-23, 1.14090168043e-23, 1.09581504537e-23, 1.26375524905e-23, 6.08778554486e-24, 9.55984401208e-24, 5.70426622186e-24, 8.05134316835e-24, 9.3624386703e-24, 9.48617229214e-24, 8.03284201354e-24, 7.70105973858e-24, 7.13958956701e-24, 1.12919482683e-23, 1.14765496087e-23, 9.42162295971e-24, 9.09972511189e-24, 8.77584564548e-24], "var": [1.38553605211e-05, 2.26041156566e-05, 7.83369887358e-06, 1.02391795735e-05, 3.77163132725e-07, 1.11562329153e-07, 2.08407939795e-07, 2.44976860131e-07, 5.61915456387e-08, 1.49782213299e-08, 1.24135706159e-08, 6.6698677692e-09, 1.95639082712e-09, 1.49450452014e-09, 9.95151250294e-09, 5.8338436304e-09, 1.60831277185e-08, 1.03792210382e-08, 2.37745068077e-09, 1.78518053673e-08, 1.38222178148e-09, 2.62755683877e-09, 2.19479517893e-10, 3.42220196625e-10, 1.39979638991e-09, 2.71564909449e-10, 1.58404192541e-10, 6.09777853211e-11, 9.74810232535e-11, 3.10181498542e-11, 2.80301181571e-11, 2.65454169063e-11, 2.60335399072e-11, 3.37925833149e-11, 1.24488726619e-11, 9.70821166513e-12, 2.38506740399e-12, 1.46988920601e-12, 1.32793732607e-12, 4.65886172956e-13]}, "mfcc": {"mean": [-677.503845215, 116.926963806, -4.04157733917, 32.8757705688, 14.6926870346, 10.7145729065, -0.436438947916, 1.94876134396, 0.717232942581, 8.41022968292, 0.0744566395879, -2.96745967865, -4.64410877228], "cov": [[16853.1582031, 408.596160889, -2213.8671875, -412.105804443, -772.674255371, -552.933105469, -293.156402588, -408.859558105, -245.170059204, 351.078125, -1.24569308758, -22.8617935181, 66.2820358276], [408.596160889, 2509.62866211, -571.996643066, 270.273101807, 96.9650650024, 6.48004341125, 231.33883667, 17.2653522491, -1.53404974937, 149.572296143, 43.0592536926, 23.8429832458, 11.5767621994], [-2213.8671875, -571.996643066, 1095.75634766, 63.4027442932, 143.61555481, 208.898513794, -29.297586441, 83.2760391235, 7.10969495773, -125.445144653, -1.95816874504, 4.68578290939, -22.664018631], [-412.105804443, 270.273101807, 63.4027442932, 237.761703491, 84.841178894, 106.969062805, 50.6865768433, 71.9272842407, 32.223033905, 18.9797172546, 10.9536247253, 1.46408164501, -15.462471962], [-772.674255371, 96.9650650024, 143.61555481, 84.841178894, 226.624954224, 107.86668396, 61.0305480957, 79.6091079712, 73.9306640625, 19.1593093872, 14.8864459991, -12.1345643997, -14.655547142], [-552.933105469, 6.48004341125, 208.898513794, 106.969062805, 107.86668396, 220.554763794, 53.4446258545, 79.1720275879, 35.0277900696, -0.824432551861, -0.581949651241, -18.0884971619, -18.4921245575], [-293.156402588, 231.33883667, -29.297586441, 50.6865768433, 61.0305480957, 53.4446258545, 143.775054932, 34.4663696289, 25.9818439484, 26.8601474762, 24.2378845215, 11.8554010391, 6.3142914772], [-408.859558105, 17.2653522491, 83.2760391235, 71.9272842407, 79.6091079712, 79.1720275879, 34.4663696289, 116.019073486, 65.4921951294, 19.8496894836, 10.7955751419, -1.23572838306, -8.24837875366], [-245.170059204, -1.53404974937, 7.10969495773, 32.223033905, 73.9306640625, 35.0277900696, 25.9818439484, 65.4921951294, 115.162368774, 52.5719604492, 14.0781984329, 6.60070371628, 4.99778079987], [351.078125, 149.572296143, -125.445144653, 18.9797172546, 19.1593093872, -0.824432551861, 26.8601474762, 19.8496894836, 52.5719604492, 98.3476028442, 36.0294113159, 1.2030506134, 1.43300390244], [-1.24569308758, 43.0592536926, -1.95816874504, 10.9536247253, 14.8864459991, -0.581949651241, 24.2378845215, 10.7955751419, 14.0781984329, 36.0294113159, 68.3886566162, 27.6676177979, 1.05716264248], [-22.8617935181, 23.8429832458, 4.68578290939, 1.46408164501, -12.1345643997, -18.0884971619, 11.8554010391, -1.23572838306, 6.60070371628, 1.2030506134, 27.6676177979, 67.109588623, 28.581735611], [66.2820358276, 11.5767621994, -22.664018631, -15.462471962, -14.655547142, -18.4921245575, 6.3142914772, -8.24837875366, 4.99778079987, 1.43300390244, 1.05716264248, 28.581735611, 50.9332695007]], "icov": [[0.000102641461126, 1.89397615031e-05, 0.000161904637935, 4.94783234899e-05, 0.000141543147038, -0.000105199120298, 0.00019216426881, 4.00585195166e-05, 0.000277847109828, -0.000468783808174, 9.39245946938e-05, -5.64984438824e-05, -4.99344569107e-05], [1.89397615031e-05, 0.000675596995279, 0.000285420479486, -0.000741163501516, -0.000360136793461, 0.000243998423684, -0.000725667225197, 0.00011808580166, 0.000916458549909, -0.00101639307104, 0.000519395864103, -0.000373298244085, -4.47887359769e-05], [0.000161904637935, 0.000285420479486, 0.00194027554244, 5.51534913029e-06, -0.000494377745781, -0.00145083037205, 0.000918541045394, -0.000170256855199, 0.000327486020979, 0.00153075763956, -0.00101136660669, -0.000464106386062, -1.47373839354e-05], [4.94783234899e-05, -0.000741163501516, 5.51534913029e-06, 0.00708035659045, -0.000445306592155, -0.00236770953052, 0.000438759569079, -0.00253965053707, 0.000640045385808, -0.00044077084749, 0.000396689050831, -0.00164661603048, 0.00166793761309], [0.000141543147038, -0.000360136793461, -0.000494377745781, -0.000445306592155, 0.00846855342388, -0.00159915047698, -0.00128535670228, -0.00069903023541, -0.00432891398668, 0.00125519675203, -0.0017788639525, 0.00246328720823, 0.000488854246214], [-0.000105199120298, 0.000243998423684, -0.00145083037205, -0.00236770953052, -0.00159915047698, 0.00923515670002, -0.002575321123, -0.00288427900523, 0.00106016010977, -0.000850306940265, 0.00147927063517, 0.00178440008312, 0.000349923007889], [0.00019216426881, -0.000725667225197, 0.000918541045394, 0.000438759569079, -0.00128535670228, -0.002575321123, 0.0108074797317, -0.000803410075605, 0.000421182834543, -0.000279303349089, -0.0026352845598, -0.000752649037167, -0.00187441310845], [4.00585195166e-05, 0.00011808580166, -0.000170256855199, -0.00253965053707, -0.00069903023541, -0.00288427900523, -0.000803410075605, 0.0179067198187, -0.00857721827924, 0.00174959306605, -0.00142656487878, 0.000401544413762, 0.00142213969957], [0.000277847109828, 0.000916458549909, 0.000327486020979, 0.000640045385808, -0.00432891398668, 0.00106016010977, 0.000421182834543, -0.00857721827924, 0.022129971534, -0.0135540133342, 0.00596340140328, -0.00459383102134, -0.00186783762183], [-0.000468783808174, -0.00101639307104, 0.00153075763956, -0.00044077084749, 0.00125519675203, -0.000850306940265, -0.000279303349089, 0.00174959306605, -0.0135540133342, 0.0273550990969, -0.0144201619551, 0.00769523158669, -0.00169979035854], [9.39245946938e-05, 0.000519395864103, -0.00101136660669, 0.000396689050831, -0.0017788639525, 0.00147927063517, -0.0026352845598, -0.00142656487878, 0.00596340140328, -0.0144201619551, 0.0277949161828, -0.0142549537122, 0.00679397583008], [-5.64984438824e-05, -0.000373298244085, -0.000464106386062, -0.00164661603048, 0.00246328720823, 0.00178440008312, -0.000752649037167, 0.000401544413762, -0.00459383102134, 0.00769523158669, -0.0142549537122, 0.0285184886307, -0.0145063642412], [-4.99344569107e-05, -4.47887359769e-05, -1.47373839354e-05, 0.00166793761309, 0.000488854246214, 0.000349923007889, -0.00187441310845, 0.00142213969957, -0.00186783762183, -0.00169979035854, 0.00679397583008, -0.0145063642412, 0.0291693713516]]}, "spectral_contrast_coeffs": {"dmean": [0.054417103529, 0.0447030216455, 0.0360102690756, 0.0332673937082, 0.0217874962837, 0.0216338634491], "dmean2": [0.0887858644128, 0.0720851644874, 0.0567424595356, 0.0494265593588, 0.0336199961603, 0.0336943529546], "dvar": [0.00253560789861, 0.0016707937466, 0.00105731689837, 0.000972050300334, 0.000438847229816, 0.000621952873189], "dvar2": [0.00620749080554, 0.00386071461253, 0.00234628515318, 0.00184164231177, 0.000910803384613, 0.00144218641799], "max": [-0.265323221684, -0.462827920914, -0.524159431458, -0.458347737789, -0.510968983173, -0.613874435425], "mean": [-0.640026390553, -0.752237081528, -0.783541083336, -0.763454377651, -0.793710231781, -0.755422413349], "median": [-0.644585490227, -0.762356340885, -0.787069022655, -0.763007879257, -0.790792226791, -0.753779113293], "min": [-0.963614583015, -0.971771836281, -0.97946447134, -0.966993451118, -0.958345651627, -0.957117855549], "var": [0.00658211298287, 0.00667513394728, 0.00493285059929, 0.00685407407582, 0.00265028746799, 0.00177670654375]}, "spectral_contrast_valleys": {"dmean": [0.484012871981, 0.440493404865, 0.422813177109, 0.432705789804, 0.342943996191, 0.413858890533], "dmean2": [0.718999862671, 0.653131425381, 0.614648103714, 0.611981987953, 0.468988418579, 0.544514477253], "dvar": [0.255227416754, 0.260395079851, 0.265657037497, 0.299524724483, 0.271955907345, 0.357919573784], "dvar2": [0.429077446461, 0.391852319241, 0.414923012257, 0.462537914515, 0.4300889372