{"lowlevel": {"average_loudness": 0.964252710342, "barkbands_crest": {"dmean": 1.45934891701, "dmean2": 2.15172195435, "dvar": 2.62886738777, "dvar2": 6.33065652847, "max": 26.0598869324, "mean": 10.9630594254, "median": 10.3254203796, "min": 3.33630895615, "var": 12.7451725006}, "barkbands_flatness_db": {"dmean": 0.0277642942965, "dmean2": 0.0416605323553, "dvar": 0.00108898140024, "dvar2": 0.00246635009535, "max": 0.578165054321, "mean": 0.329892963171, "median": 0.335591107607, "min": 0.0621393099427, "var": 0.00367924151942}, "barkbands_kurtosis": {"dmean": 1.96781682968, "dmean2": 3.19077992439, "dvar": 1312.59875488, "dvar2": 3662.78027344, "max": 1464.46911621, "mean": 2.07915854454, "median": 0.598554372787, "min": -1.65874266624, "var": 836.817871094}, "barkbands_skewness": {"dmean": 0.277775228024, "dmean2": 0.390024125576, "dvar": 0.497025728226, "dvar2": 1.11735260487, "max": 29.6393203735, "mean": 0.742237448692, "median": 0.704700171947, "min": -1.68802678585, "var": 0.979665398598}, "barkbands_spread": {"dmean": 0.97723454237, "dmean2": 1.44556009769, "dvar": 9.48997688293, "dvar2": 26.4098243713, "max": 126.388031006, "mean": 6.47377681732, "median": 6.03667736053, "min": 0.130421474576, "var": 12.047501564}, "dissonance": {"dmean": 0.0432063676417, "dmean2": 0.0715676248074, "dvar": 0.00161201099399, "dvar2": 0.00431319884956, "max": 0.498297452927, "mean": 0.354786753654, "median": 0.363367378712, "min": 0.131289049983, "var": 0.00496189855039}, "dynamic_complexity": 2.66131138802, "erbbands_crest": {"dmean": 1.82263433933, "dmean2": 2.52231574059, "dvar": 4.56652975082, "dvar2": 10.0244855881, "max": 29.7986946106, "mean": 13.3331489563, "median": 12.1892375946, "min": 2.53713560104, "var": 27.1066570282}, "erbbands_flatness_db": {"dmean": 0.0239969044924, "dmean2": 0.0332331582904, "dvar": 0.000807754113339, "dvar2": 0.0018513626419, "max": 0.483185589314, "mean": 0.364490687847, "median": 0.375620663166, "min": 0.0447862707078, "var": 0.00300561869517}, "erbbands_kurtosis": {"dmean": 0.682526707649, "dmean2": 0.948480904102, "dvar": 2.01909923553, "dvar2": 4.81063222885, "max": 39.6032333374, "mean": 0.742230594158, "median": 0.175149679184, "min": -1.42897105217, "var": 4.88568639755}, "erbbands_skewness": {"dmean": 0.223766818643, "dmean2": 0.306074857712, "dvar": 0.0648935809731, "dvar2": 0.147770062089, "max": 4.32554340363, "mean": 0.187163561583, "median": 0.206421941519, "min": -1.71842324734, "var": 0.318931639194}, "erbbands_spread": {"dmean": 1.74647843838, "dmean2": 2.4729180336, "dvar": 10.0021429062, "dvar2": 23.6219348907, "max": 137.637908936, "mean": 11.4753847122, "median": 10.9247465134, "min": 1.14691364765, "var": 28.6246414185}, "hfc": {"dmean": 2.47024703026, "dmean2": 3.03198480606, "dvar": 19.1639442444, "dvar2": 33.8751220703, "max": 81.5383758545, "mean": 13.4882631302, "median": 11.0273151398, "min": 1.1202848496e-16, "var": 101.367622375}, "melbands_crest": {"dmean": 1.93078279495, "dmean2": 2.95953226089, "dvar": 4.68075466156, "dvar2": 11.8705062866, "max": 39.9533920288, "mean": 13.6965818405, "median": 13.0076675415, "min": 2.18469262123, "var": 18.9135875702}, "melbands_flatness_db": {"dmean": 0.0341071747243, "dmean2": 0.0483859926462, "dvar": 0.00169289112091, "dvar2": 0.00366388633847, "max": 0.732554137707, "mean": 0.434106647968, "median": 0.442531824112, "min": 0.00506685907021, "var": 0.00668275495991}, "melbands_kurtosis": {"dmean": 9.39241600037, "dmean2": 17.7019691467, "dvar": 89343.3515625, "dvar2": 263684.40625, "max": 11430.4960938, "mean": 6.58481836319, "median": 1.1006963253, "min": -1.4726703167, "var": 47084.9960938}, "melbands_skewness": {"dmean": 0.339904487133, "dmean2": 0.50608342886, "dvar": 5.44442081451, "dvar2": 15.0477800369, "max": 97.6173171997, "mean": 1.07333302498, "median": 0.982226371765, "min": -1.11004531384, "var": 4.20130300522}, "melbands_spread": {"dmean": 1.44389140606, "dmean2": 2.07301235199, "dvar": 5.07681560516, "dvar2": 8.21050262451, "max": 128.226715088, "mean": 9.82287788391, "median": 9.08714866638, "min": 0.0606985017657, "var": 25.0560951233}, "pitch_salience": {"dmean": 0.0447481386364, "dmean2": 0.0673525556922, "dvar": 0.00250694225542, "dvar2": 0.00618565501645, "max": 0.846566140652, "mean": 0.51714849472, "median": 0.51598572731, "min": 0.00599169405177, "var": 0.00747406063601}, "silence_rate_20dB": {"dmean": 0, "dmean2": 0, "dvar": 0, "dvar2": 0, "max": 1, "mean": 1, "median": 1, "min": 1, "var": 0}, "silence_rate_30dB": {"dmean": 0.00143833155744, "dmean2": 0.00287769781426, "dvar": 0.00143627566285, "dvar2": 0.00430831406265, "max": 1, "mean": 0.999281108379, "median": 1, "min": 0, "var": 0.000718383176718}, "silence_rate_60dB": {"dmean": 0.00287666311488, "dmean2": 0.00575539562851, "dvar": 0.00286834244616, "dvar2": 0.00788049399853, "max": 1, "mean": 0.0514018684626, "median": 0, "min": 0, "var": 0.0487595386803}, "spectral_centroid": {"dmean": 49.2658843994, "dmean2": 68.910369873, "dvar": 27885.6992188, "dvar2": 31692.796875, "max": 11530.8105469, "mean": 533.100708008, "median": 493.104064941, "min": 89.9113845825, "var": 72423.515625}, "spectral_complexity": {"dmean": 1.31787121296, "dmean2": 2.04892086983, "dvar": 2.28085970879, "dvar2": 4.50267839432, "max": 24, "mean": 11.716750145, "median": 12, "min": 0, "var": 13.5013074875}, "spectral_decrease": {"dmean": 1.16345855172e-09, "dmean2": 1.52861256986e-09, "dvar": 3.07898709715e-18, "dvar2": 5.52973630932e-18, "max": -1.52843991132e-28, "mean": -6.84787204719e-09, "median": -6.08069994357e-09, "min": -2.95525133254e-08, "var": 1.83959972061e-17}, "spectral_energy": {"dmean": 0.00460062501952, "dmean2": 0.00601955130696, "dvar": 4.8497953685e-05, "dvar2": 8.67947528604e-05, "max": 0.114201173186, "mean": 0.027068881318, "median": 0.0239863600582, "min": 1.0738173561e-20, "var": 0.000289831485134}, "spectral_energyband_high": {"dmean": 5.85054613111e-06, "dmean2": 8.7165444711e-06, "dvar": 3.47385592514e-10, "dvar2": 8.13666689581e-10, "max": 0.000269552634563, "mean": 6.12803978584e-06, "median": 2.06736643804e-07, "min": 7.71734066015e-21, "var": 3.90424248486e-10}, "spectral_energyband_low": {"dmean": 0.000710590800736, "dmean2": 0.00114768662024, "dvar": 1.04180298877e-06, "dvar2": 2.65894323093e-06, "max": 0.0149841392413, "mean": 0.00243516406044, "median": 0.00143197574653, "min": 1.16780444054e-22, "var": 6.58894396111e-06}, "spectral_energyband_middle_high": {"dmean": 0.00116779643577, "dmean2": 0.0014096936211, "dvar": 5.05012758367e-06, "dvar2": 9.05019169295e-06, "max": 0.0421041548252, "mean": 0.00460652355105, "median": 0.00292544369586, "min": 1.87846416321e-21, "var": 2.28489025176e-05}, "spectral_energyband_middle_low": {"dmean": 0.00419789738953, "dmean2": 0.00564147299156, "dvar": 4.25714897574e-05, "dvar2": 7.87181488704e-05, "max": 0.107823163271, "mean": 0.0215777065605, "median": 0.0188668221235, "min": 2.84379383353e-22, "var": 0.000233232960454}, "spectral_entropy": {"dmean": 0.202346712351, "dmean2": 0.307378023863, "dvar": 0.0845878124237, "dvar2": 0.200908526778, "max": 9.79376029968, "mean": 5.73474550247, "median": 5.67292451859, "min": 3.79578471184, "var": 0.222243621945}, "spectral_flux": {"dmean": 0.0169066153467, "dmean2": 0.0260486248881, "dvar": 0.000565168389585, "dvar2": 0.00130729179364, "max": 0.235437095165, "mean": 0.0427363924682, "median": 0.0321043133736, "min": 1.03625157066e-10, "var": 0.00106674560811}, "spectral_kurtosis": {"dmean": 37.3412322998, "dmean2": 61.5247077942, "dvar": 1330.90270996, "dvar2": 3272.90332031, "max": 323.803070068, "mean": 96.5657806396, "median": 85.2527770996, "min": -1.18494343758, "var": 4474.50927734}, "spectral_rms": {"dmean": 0.000423335877713, "dmean2": 0.000547348405235, "dvar": 3.30917941938e-07, "dvar2": 5.69555368202e-07, "max": 0.0105553669855, "mean": 0.0048568113707, "median": 0.00483749154955, "min": 3.23670625892e-12, "var": 2.81999177787e-06}, "spectral_rolloff": {"dmean": 62.7564506531, "dmean2": 107.340072632, "dvar": 96066.4765625, "dvar2": 159104.328125, "max": 18238.6230469, "mean": 757.71105957, "median": 710.595703125, "min": 21.533203125, "var": 329001.09375}, "spectral_skewness": {"dmean": 1.86444687843, "dmean2": 3.15431761742, "dvar": 2.75738096237, "dvar2": 6.91621255875, "max": 14.3047418594, "mean": 6.57053232193, "median": 6.30027198792, "min": -0.0151656810194, "var": 8.44552707672}, "spectral_spread": {"dmean": 344495.5625, "dmean2": 561891.5625, "dvar": 490441703424, "dvar2": 661513109504, "max": 38510708, "mean": 1087481.125, "median": 936207.3125, "min": 236904.671875, "var": 992292438016}, "spectral_strongpeak": {"dmean": 0.38135099411, "dmean2": 0.590056836605, "dvar": 0.393086612225, "dvar2": 0.773294508457, "max": 9.34577083588, "mean": 1.60973608494, "median": 1.24627399445, "min": 0, "var": 2.02014613152}, "zerocrossingrate": {"dmean": 0.0023764425423, "dmean2": 0.00288788508624, "dvar": 3.4299075196e-05, "dvar2": 2.46498057095e-05, "max": 0.49609375, "mean": 0.0253283176571, "median": 0.0244140625, "min": 0.001953125, "var": 0.000222425471293}, "barkbands": {"dmean": [1.1498135791e-05, 0.000178024085471, 0.000415554677602, 0.000871325784829, 0.00159622135106, 0.00154950900469, 0.00049706036225, 0.000431565160397, 0.000985742895864, 0.00083164620446, 0.000599493447226, 0.000146930105984, 0.000152995067765, 4.18892668677e-05, 9.44231796893e-05, 1.98049965547e-05, 1.990486453e-05, 9.87714065559e-06, 9.62616468314e-06, 9.38951689022e-06, 2.59904004452e-06, 9.91745537249e-07, 7.58450823923e-07, 3.66410006336e-07, 1.37265118383e-07, 5.30692609857e-08, 4.67151650696e-09], "dmean2": [2.03359504667e-05, 0.000244601716986, 0.000677323376294, 0.00142855243757, 0.00215137680061, 0.00204444397241, 0.00073091633385, 0.000494350097142, 0.00127017765772, 0.00102575949859, 0.000651210604701, 0.000211014543311, 0.000212026410736, 6.37272314634e-05, 0.000142718330608, 2.90028292511e-05, 2.60143933701e-05, 1.44601253851e-05, 1.25540391309e-05, 1.31641145344e-05, 3.69920076082e-06, 1.57075203333e-06, 1.25088592995e-06, 6.48487173294e-07, 2.49249296758e-07, 9.97263569502e-08, 8.64496918496e-09], "dvar": [3.90070281631e-10, 7.61156400131e-08, 5.48482717022e-07, 3.3475635064e-06, 1.1108133549e-05, 5.89691489949e-06, 2.25037069868e-06, 1.31568867801e-06, 4.60050296169e-06, 1.27611865537e-05, 1.05172125586e-06, 9.95559688022e-08, 6.08750951869e-08, 1.0047349619e-08, 5.18422140772e-08, 1.95576688178e-09, 3.37781336235e-09, 9.97288918114e-10, 8.24605772554e-10, 1.63154878496e-09, 8.3129177153e-11, 1.16566131747e-11, 9.6085162396e-12, 2.9017665007e-12, 3.5923643075e-13, 6.68134709884e-14, 1.19684717832e-15], "dvar2": [1.10677744747e-09, 1.29297433205e-07, 1.47849971199e-06, 9.50132834987e-06, 1.75512559508e-05, 1.24771859191e-05, 6.0979623413e-06, 2.04099274015e-06, 9.98929499474e-06, 2.08118872251e-05, 1.31782110202e-06, 1.98339648705e-07, 1.20731215247e-07, 2.59525396729e-08, 1.275961381e-07, 4.21788026728e-09, 6.46468256704e-09, 2.28960161941e-09, 1.54383106299e-09, 3.73204889215e-09, 1.8068985197e-10, 2.83236385734e-11, 2.41441068527e-11, 7.8529491937e-12, 1.00824882297e-12, 1.93564267262e-13, 3.3756560525e-15], "max": [0.000249509816058, 0.00797995552421, 0.0114286160097, 0.0231411922723, 0.0882354974747, 0.049751162529, 0.0198857132345, 0.0323558785021, 0.0251413751394, 0.0766985416412, 0.0174450408667, 0.00469305319712, 0.00336241465993, 0.00150145823136, 0.00332593149506, 0.000594555400312, 0.000771570601501, 0.000618755351752, 0.00050261040451, 0.000512109254487, 0.000165895587998, 6.20836435701e-05, 4.05633363698e-05, 2.60002743744e-05, 7.93790877651e-06, 3.5006573853e-06, 1.30203375193e-06], "mean": [2.07378325285e-05, 0.000707746425178, 0.00100125127938, 0.0017228507204, 0.0050519136712, 0.0064737140201, 0.0011946108425, 0.0018997193547, 0.00315257860348, 0.00245812651701, 0.00219222274609, 0.000457712303614, 0.000324569497025, 8.27328985906e-05, 0.000200426875381, 4.13066445617e-05, 4.01703218813e-05, 1.53391247295e-05, 1.60700219567e-05, 1.04259434011e-05, 2.80962512988e-06, 9.05945285012e-07, 5.91986747622e-07, 2.50634712984e-07, 9.09510688984e-08, 3.44607045122e-08, 3.64722962942e-09], "median": [1.13258238343e-05, 0.000269457930699, 0.000485914293677, 0.000607695488725, 0.00271097989753, 0.0047758393921, 0.000435491499957, 0.000721405493096, 0.00168646196835, 0.000398588483222, 0.00120121217333, 0.000134777335916, 0.000180499599082, 3.21541301673e-05, 5.45071125089e-05, 1.30583375721e-05, 7.69867710915e-06, 2.40719509748e-06, 2.20956599151e-06, 2.98348226124e-07, 5.74811593879e-08, 1.16179643683e-08, 5.67595037637e-09, 3.85651155455e-09, 3.53405438247e-09, 2.77855982667e-09, 1.02166630711e-09], "min": [1.43955913378e-23, 5.98571940772e-23, 2.40694857041e-23, 3.65230166669e-23, 3.95975452471e-23, 1.35515559231e-23, 5.34204172568e-23, 2.61992034666e-23, 1.02548560287e-22, 3.53954125781e-23, 2.06355334785e-22, 1.22671152423e-22, 1.28261487803e-22, 1.5347572901e-22, 1.96110354032e-22, 1.45545531211e-22, 2.13505267107e-22, 2.39870361711e-22, 2.7135181882e-22, 3.04006267918e-22, 5.14081593053e-22, 4.16063265308e-22, 8.47952721204e-22, 9.80895751381e-22, 8.03830834629e-22, 2.04217483866e-21, 2.0843547895e-21], "var": [6.4093819141e-10, 1.29049851694e-06, 1.68993835814e-06, 7.98145447334e-06, 5.4329600971e-05, 3.92583024222e-05, 3.76543198399e-06, 9.72245106823e-06, 1.525560765e-05, 6.13194133621e-05, 7.3278815762e-06, 5.66984169836e-07, 1.67844035559e-07, 2.08418615699e-08, 1.56214753133e-07, 5.38482680668e-09, 8.42882119656e-09, 1.48244483356e-09, 1.70952996204e-09, 1.91601956523e-09, 1.07475230104e-10, 1.16546321205e-11, 7.8702886222e-12, 1.93521826168e-12, 2.22325237105e-13, 3.76874536624e-14, 7.19278726529e-16]}, "erbbands": {"dmean": [0.00404894025996, 0.0509454496205, 0.413183778524, 1.40281510353, 5.52199077606, 4.65272045135, 7.90816926956, 14.296872139, 7.6744389534, 7.3119893074, 12.8811006546, 21.8057403564, 34.7347793579, 22.1150856018, 12.0116109848, 6.28801202774, 6.68976831436, 3.7943713665, 4.86299324036, 2.07772397995, 1.20915436745, 0.74382185936, 0.639506876469, 0.599386572838, 0.505526900291, 0.255564719439, 0.120487928391, 0.0773097798228, 0.0455371551216, 0.0303244423121, 0.0166961476207, 0.0122518725693, 0.00379536207765, 0.00165404251311, 0.000817606342025, 0.000352759001544, 8.1509933807e-05, 9.80111781246e-06, 2.62214257418e-06, 5.20373168911e-06], "dmean2": [0.00639236578718, 0.0700619667768, 0.65096539259, 2.31062722206, 7.58842897415, 6.54644918442, 12.416053772, 17.7448043823, 9.67038249969, 10.5795812607, 14.9785432816, 27.8961582184, 43.4715309143, 23.450422287, 15.3313331604, 8.61339378357, 9.26778411865, 5.49486970901, 7.20533084869, 3.13428020477, 1.68131673336, 0.98429787159, 0.912483930588, 0.792571783066, 0.698723018169, 0.35396400094, 0.171536654234, 0.111178278923, 0.0704388916492, 0.0488409288228, 0.0281147193164, 0.0214793663472, 0.00668229628354, 0.00299255247228, 0.00148837279994, 0.000657344178762, 0.000153274551849, 1.83579286386e-05, 3.73838474843e-06, 6.77074876876e-06], "dvar": [3.6090532376e-05, 0.00705977156758, 0.478907167912, 7.17771911621, 182.178085327, 78.4042663574, 274.86114502, 670.591369629, 221.299423218, 434.157775879, 1510.1763916, 2554.38989258, 20925.9355469, 1328.62365723, 688.27923584, 187.350509644, 113.760429382, 56.3115463257, 190.264877319, 17.5332355499, 6.37731409073, 3.22602105141, 2.96539187431, 3.83133339882, 3.50891065598, 0.884113967419, 0.148007720709, 0.07068259269, 0.0221090409905, 0.0145842721686, 0.00393469212577, 0.00345180439763, 0.000244834314799, 4.49671606475e-05, 1.52204092956e-05, 2.81780808109e-06, 1.62056537079e-07, 3.22024185095e-09, 4.13389773801e-11, 6.21817944357e-11], "dvar2": [8.97473510122e-05, 0.0116773918271, 1.16459393501, 20.3208637238, 292.048126221, 155.705413818, 940.694396973, 914.935974121, 496.256652832, 1074.73205566, 2542.91674805, 5642.81201172, 34520.421875, 1417.58288574, 1293.5826416, 343.192749023, 230.902816772, 131.029098511, 470.151306152, 40.3703994751, 12.5447473526, 6.63725471497, 6.75287342072, 7.79515457153, 7.82839202881, 2.01318383217, 0.328653693199, 0.156346052885, 0.05311653018, 0.0361293740571, 0.0100807556883, 0.00925559923053, 0.000663048587739, 0.00012574181892, 4.25884572905e-05, 8.13128190202e-06, 4.69606476372e-07, 9.23881504633e-09, 1.03848624144e-10, 1.10304008982e-10], "max": [0.100629769266, 2.35175871849, 9.76765060425, 40.105014801, 364.366271973, 142.186798096, 169.435501099, 625.338439941, 227.103103638, 271.629119873, 1116.74890137, 665.601623535, 3166.33422852, 652.188598633, 506.939331055, 232.050613403, 153.482330322, 112.634147644, 199.13331604, 80.7812194824, 27.8589401245, 23.7833786011, 27.2894611359, 38.1038017273, 25.229598999, 11.5754556656, 6.04259586334, 4.24274969101, 2.41851091385, 1.93316149712, 0.739293038845, 0.878260076046, 0.241200223565, 0.084400229156, 0.0764851942658, 0.0227348394692, 0.0054078376852, 0.0014751496492, 0.000221452733967, 0.000126203813124], "mean": [0.0144886663184, 0.186093226075, 1.11996054649, 3.50463819504, 10.677775383, 17.9479885101, 31.4325847626, 61.0066566467, 23.6856441498, 26.7227172852, 51.9426956177, 71.3927001953, 105.095840454, 83.048248291, 37.8349723816, 21.7015762329, 15.0754499435, 8.55550861359, 10.6488647461, 4.64322948456, 2.69948077202, 1.47748506069, 1.04195177555, 0.984704613686, 0.638488352299, 0.301868975163, 0.138774737716, 0.0808388888836, 0.0429795756936, 0.0247551575303, 0.0128667857498, 0.00853663124144, 0.00261984183453, 0.00113260245416, 0.000562055094633, 0.00023997745302, 6.07459987805e-05, 8.53676556289e-06, 1.36824164656e-05, 3.05811227008e-05], "median": [0.00868024863303, 0.0555359646678, 0.509559988976, 1.57031035423, 3.41856050491, 8.91247558594, 21.3323917389, 35.8464355469, 12.2224349976, 11.1786346436, 21.5317935944, 36.9659423828, 18.4586105347, 41.5848922729, 24.4568824768, 7.79124355316, 9.50195503235, 4.60347223282, 2.68493747711, 1.86936438084, 1.07775115967, 0.43401324749, 0.237380892038, 0.141824617982, 0.0518883317709, 0.013752267696, 0.00429466739297, 0.00154966360424, 0.00059726391919, 0.000278791820165, 0.000165159319295, 0.000113408575999, 7.58882888476e-05, 5.73296129005e-05, 4.33469722338e-05, 2.83332192339e-05, 1.3589486116e-05, 2.86269687422e-06, 1.17668123494e-05, 2.70209420705e-05], "min": [3.12248927842e-21, 8.50887980494e-21, 1.79847224368e-20, 8.79184229818e-20, 9.40643038472e-20, 1.77967378878e-19, 7.41979200002e-20, 1.79311004536e-19, 8.09166014679e-19, 4.39256583311e-19, 9.2612950839e-19, 2.26944259564e-18, 1.69271045568e-18, 3.77615187461e-18, 6.5855533655e-18, 5.86354835424e-18, 5.9922129898e-18, 6.99886780704e-18, 8.49079061218e-18, 1.07289717777e-17, 8.30108087459e-18, 1.24647432915e-17, 1.29589985968e-17, 1.54604159302e-17, 1.2832077658e-17, 1.25973709494e-17, 2.28009573067e-17, 1.6321264448e-17, 1.64995979707e-17, 2.44294261243e-17, 1.96598266117e-17, 1.92574661094e-17, 1.44079841107e-17, 9.83196140503e-18, 6.26862862637e-18, 6.08970284243e-18, 4.25704449065e-18, 1.52731383104e-18, 2.57578304184e-19, 3.01593379446e-20], "var": [0.000247317977482, 0.111899323761, 2.60667228699, 26.1823387146, 661.425292969, 559.106506348, 1052.50085449, 5804.77441406, 1005.62329102, 1518.81286621, 8810.17089844, 8001.05615234, 100814.65625, 10284.4140625, 1880.5255127, 1225.97521973, 308.804107666, 155.240783691, 539.570068359, 58.078289032, 17.1418266296, 7.19209480286, 4.7447810173, 6.8461561203, 4.58978939056, 1.07937192917, 0.195898503065, 0.0870566368103, 0.0230417139828, 0.0126036936417, 0.00310627324507, 0.0023595681414, 0.000164787328686, 2.83285153273e-05, 9.43713257584e-06, 1.60784986747e-06, 9.12427395861e-08, 1.86123205737e-09, 9.07417405105e-11, 3.73497455186e-10]}, "gfcc": {"mean": [-153.179351807, 240.708145142, -122.674736023, -47.0064315796, -29.3892936707, -18.290555954, -21.6757469177, -10.7003726959, -16.1637020111, -16.1735515594, -5.06676292419, -8.28457736969, 2.73681521416], "cov": [[7020.15380859, -632.98626709, -2399.94702148, 925.745849609, -365.163818359, -558.437438965, 141.477142334, -238.717071533, -196.442977905, -162.159088135, -34.5427284241, 24.4862270355, 104.580329895], [-632.98626709, 1328.16967773, 245.275146484, -892.242980957, 557.226867676, -169.714080811, -158.004547119, -117.260032654, 17.4661655426, -72.2462005615, 33.1056480408, -131.309539795, -9.74071025848], [-2399.94702148, 245.275146484, 1268.3972168, -367.323699951, -24.4667110443, 383.339263916, -170.332962036, 95.2602844238, 97.6222000122, 68.3370742798, -24.1290168762, -30.6541805267, -76.0693054199], [925.745849609, -892.242980957, -367.323699951, 949.282653809, -320.080352783, 8.63467693329, 246.759414673, 49.0818710327, -21.703453064, 36.0059165955, -43.7141990662, 58.6631736755, 1.46702420712], [-365.163818359, 557.226867676, -24.4667110443, -320.080352783, 450.689727783, -100.525398254, -26.5717487335, -23.8504867554, -18.1443729401, -14.8848571777, 19.4973754883, -69.537612915, 10.9044523239], [-558.437438965, -169.714080811, 383.339263916, 8.63467693329, -100.525398254, 306.837646484, -45.9649505615, 46.3082084656, 47.3463363647, 34.7895469666, -24.0656547546, 8.30177688599, -21.6563186646], [141.477142334, -158.004547119, -170.332962036, 246.759414673, -26.5717487335, -45.9649505615, 217.923110962, 60.0099906921, 21.4923934937, 30.2863845825, 4.24413251877, 37.1508178711, 27.0082111359], [-238.717071533, -117.260032654, 95.2602844238, 49.0818710327, -23.8504867554, 46.3082084656, 60.0099906921, 154.088409424, 43.0359649658, 49.6828651428, 23.8728790283, 36.8178253174, 11.9690790176], [-196.442977905, 17.4661655426, 97.6222000122, -21.703453064, -18.1443729401, 47.3463363647, 21.4923934937, 43.0359649658, 101.119087219, 52.9567375183, 19.3048419952, 8.75287628174, 8.946600914], [-162.159088135, -72.2462005615, 68.3370742798, 36.0059165955, -14.8848571777, 34.7895469666, 30.2863845825, 49.6828651428, 52.9567375183, 109.543029785, 36.2085647583, 18.027009964, 16.8592567444], [-34.5427284241, 33.1056480408, -24.1290168762, -43.7141990662, 19.4973754883, -24.0656547546, 4.24413251877, 23.8728790283, 19.3048419952, 36.2085647583, 71.6414489746, 46.2657699585, 27.0240802765], [24.4862270355, -131.309539795, -30.6541805267, 58.6631736755, -69.537612915, 8.30177688599, 37.1508178711, 36.8178253174, 8.75287628174, 18.027009964, 46.2657699585, 104.167533875, 43.2743797302], [104.580329895, -9.74071025848, -76.0693054199, 1.46702420712, 10.9044523239, -21.6563186646, 27.0082111359, 11.9690790176, 8.946600914, 16.8592567444, 27.0240802765, 43.2743797302, 60.6257476807]], "icov": [[0.00101121235639, -0.00220686919056, 0.00272620446049, -0.00158980721608, 0.0021951070521, -0.00140559102874, 0.00218363851309, -0.00136289058719, 0.000958078890108, -0.00119712541346, 0.00147090444807, -0.000391831243178, -0.000424887286499], [-0.00220686919056, 0.0110561372712, -0.00753932306543, 0.00738498102874, -0.00847154390067, 0.0060104187578, -0.00733439950272, 0.00644299900159, -0.00532178720459, 0.00620371010154, -0.00618232926354, 0.00423363223672, 0.000404844147852], [0.00272620446049, -0.00753932306543, 0.00963008776307, -0.004498927854, 0.00683968141675, -0.00629792595282, 0.00699242437258, -0.00532436557114, 0.00302164792083, -0.00515674706548, 0.00582075258717, -0.00270883669145, 0.0010612423066], [-0.00158980721608, 0.00738498102874, -0.004498927854, 0.00764444470406, -0.00429498683661, 0.00333591806702, -0.00745524419472, 0.00423847464845, -0.00212366925552, 0.0025322875008, -0.00249257823452, 0.00223382213153, 0.00167342217173], [0.0021951070521, -0.00847154390067, 0.00683968141675, -0.00429498683661, 0.0110946064815, -0.004372486379, 0.00465031107888, -0.00532953208312, 0.00550139229745, -0.00447004660964, 0.00248295301571, 0.00161665328778, -0.00286823743954], [-0.00140559102874, 0.0060104187578, -0.00629792595282, 0.00333591806702, -0.004372486379, 0.00989613030106, -0.00268078804947, 0.00298776407726, -0.00439360877499, 0.00247887312435, -0.000205069984077, 0.000340135535225, 0.000140940304846], [0.00218363851309, -0.00733439950272, 0.00699242437258, -0.00745524419472, 0.00465031107888, -0.00268078804947, 0.0152331823483, -0.00703558791429, 0.000646072323434, -0.00481004500762, 0.00770392641425, -0.00503448909149, -0.00178063160274], [-0.00136289058719, 0.00644299900159, -0.00532436557114, 0.00423847464845, -0.00532953208312, 0.00298776407726, -0.00703558791429, 0.0135329347104, -0.00450406922027, 0.00181686412543, -0.00469746813178, 1.46367037814e-05, 0.00133425451349], [0.000958078890108, -0.00532178720459, 0.00302164792083, -0.00212366925552, 0.00550139229745, -0.00439360877499, 0.000646072323434, -0.00450406922027, 0.018408941105, -0.00815790798515, 0.000355447496986, 0.00107089593075, -0.00199341052212], [-0.00119712541346, 0.00620371010154, -0.00515674706548, 0.0025322875008, -0.00447004660964, 0.00247887312435, -0.00481004500762, 0.00181686412543, -0.00815790798515, 0.0207720827311, -0.0138116534799, 0.00798218976706, -0.00410985434428], [0.00147090444807, -0.00618232926354, 0.00582075258717, -0.00249257823452, 0.00248295301571, -0.000205069984077, 0.00770392641425, -0.00469746813178, 0.000355447496986, -0.0138116534799, 0.0369456410408, -0.0192658547312, 0.00188035971951], [-0.000391831243178, 0.00423363223672, -0.00270883669145, 0.00223382213153, 0.00161665328778, 0.000340135535225, -0.00503448909149, 1.46367037814e-05, 0.00107089593075, 0.00798218976706, -0.0192658547312, 0.0289034284651, -0.014447257854], [-0.000424887286499, 0.000404844147852, 0.0010612423066, 0.00167342217173, -0.00286823743954, 0.000140940304846, -0.00178063160274, 0.00133425451349, -0.00199341052212, -0.00410985434428, 0.00188035971951, -0.014447257854, 0.030591070652]]}, "melbands": {"dmean": [3.90939057979e-05, 0.000159805334988, 0.000387217034586, 0.000354408606654, 0.000249973963946, 0.000305314955767, 0.000119782904221, 7.76622255216e-05, 0.000119192423881, 0.000147985658259, 0.000169664024725, 8.0769212218e-05, 5.18870219821e-05, 2.32187067013e-05, 8.33691956359e-06, 2.00963077077e-05, 5.1643282859e-06, 7.3300529948e-06, 4.48689434052e-06, 2.27997134061e-06, 1.4113842326e-06, 9.6996643606e-07, 5.59564568903e-07, 4.74080991353e-07, 5.1917595556e-07, 2.65380606379e-07, 5.65377035855e-07, 6.70622384291e-08, 7.22378175055e-08, 6.6939932708e-08, 4.25375077384e-08, 2.45059830206e-08, 1.87351325565e-08, 1.82681496597e-08, 1.06031858849e-08, 6.19985174311e-09, 8.86896067698e-09, 2.24365259704e-09, 1.81048276371e-09, 1.27965482655e-09], "dmean2": [5.669283928e-05, 0.000246878393227, 0.000591653399169, 0.000481433235109, 0.000386390573112, 0.000379654200515, 0.00015720812371, 0.000106140629214, 0.000140294272569, 0.000191920698853, 0.000212995670154, 8.64661560627e-05, 6.08994123468e-05, 3.26412446157e-05, 1.16976261779e-05, 2.79487230728e-05, 7.6801979958e-06, 1.08515923785e-05, 6.96959386914e-06, 3.29213912664e-06, 1.91136041394e-06, 1.3018188838e-06, 7.9938916997e-07, 6.79850643337e-07, 6.92359719778e-07, 3.52968839934e-07, 8.02314218618e-07, 9.65644346707e-08, 1.03756569558e-07, 9.57319130634e-08, 6.13251813775e-08, 3.81068971933e-08, 3.01346894105e-08, 2.96530817678e-08, 1.77753083364e-08, 1.07385833559e-08, 1.58268704809e-08, 3.96119848034e-09, 3.22581406031e-09, 2.34195951521e-09], "dvar": [3.12588688267e-09, 7.20236954521e-08, 5.46358251086e-07, 6.58465978631e-07, 2.18098691107e-07, 2.60472745595e-07, 6.89670045517e-08, 4.04842168678e-08, 1.34188240963e-07, 1.23253400375e-07, 5.08242521846e-07, 1.80498354041e-08, 8.48451442437e-09, 2.18493290127e-09, 2.40840625221e-10, 1.08830400247e-09, 1.49766643531e-10, 4.71037930883e-10, 8.05513988844e-11, 2.15010179799e-11, 1.34960593048e-11, 6.76087527976e-12, 2.27228067091e-12, 3.60969977867e-12, 3.10600135021e-12, 6.03934274552e-13, 7.02704778047e-12, 3.40487661394e-14, 4.93774875046e-14, 7.39842554083e-14, 2.37108137215e-14, 6.37470643356e-15, 5.58166590747e-15, 7.14351419407e-15, 1.65359222507e-15, 6.63769481122e-16, 2.27432285041e-15, 7.42412863914e-17, 6.44069824109e-17, 2.91435350527e-17], "dvar2": [6.41529274148e-09, 1.6815280901e-07, 1.2769088471e-06, 1.02463422991e-06, 6.95071548762e-07, 3.80501120389e-07, 1.71455781128e-07, 9.20317972941e-08, 2.35231354395e-07, 2.73516803873e-07, 8.40577740746e-07, 1.90870110828e-08, 1.40495677314e-08, 4.33904734365e-09, 4.72913874727e-10, 2.15158890704e-09, 3.58486296204e-10, 1.15596365813e-09, 2.00105890191e-10, 4.61441544697e-11, 2.54127014571e-11, 1.39723831463e-11, 5.05537669018e-12, 8.06709560264e-12, 6.33869562741e-12, 1.2071166549e-12, 1.61584808034e-11, 7.66596462416e-14, 1.11891114321e-13, 1.59570165241e-13, 5.3760943993e-14, 1.53195259755e-14, 1.38191307762e-14, 1.78526000271e-14, 4.21405201654e-15, 1.74069781111e-15, 6.15079708561e-15, 2.02851685373e-16, 1.75435981728e-16, 8.27649061478e-17], "max": [0.00134009064641, 0.00453435862437, 0.0135086867958, 0.0216697528958, 0.00601084018126, 0.0120894322172, 0.00320322019979, 0.00301897688769, 0.0100471591577, 0.00465168617666, 0.0155059443787, 0.00240124971606, 0.00153131515253, 0.000587308604736, 0.00026175196399, 0.000458113092463, 0.000187889265362, 0.000317219935823, 0.000117639196105, 7.14857233106e-05, 4.9360372941e-05, 3.14223398163e-05, 2.24888353841e-05, 4.83550757053e-05, 3.4701617551e-05, 1.31057859107e-05, 3.3602827898e-05, 2.76831337942e-06, 3.3449057355e-06, 5.83419569011e-06, 2.26291672334e-06, 1.28084957396e-06, 1.34991205414e-06, 1.20459492337e-06, 4.84964004954e-07, 4.09922961353e-07, 7.70231963543e-07, 1.05251842797e-07, 1.19019532008e-07, 6.71320350421e-08], "mean": [0.000150497973664, 0.000462042749859, 0.000832935271319, 0.000988897052594, 0.00109384104144, 0.00130196742248, 0.000344986940036, 0.00030232797144, 0.000455199595308, 0.000471496430691, 0.000498061010148, 0.000295803271001, 0.000180372764589, 6.60701334709e-05, 2.77714025287e-05, 4.00509670726e-05, 1.09958118628e-05, 1.60527415574e-05, 9.23510015127e-06, 4.79547679788e-06, 3.00869874081e-06, 1.85648195838e-06, 1.01534453734e-06, 6.94861455486e-07, 8.45046429276e-07, 4.13376966435e-07, 6.05629338679e-07, 8.94064200452e-08, 8.55090220853e-08, 7.25875821672e-08, 4.25609805177e-08, 2.32737562555e-08, 1.61056785686e-08, 1.44178775585e-08, 8.20371681698e-09, 4.52554838049e-09, 6.01169247716e-09, 1.52755075256e-09, 1.23686483278e-09, 8.35326530169e-10], "median": [7.26197176846e-05, 0.000180980074219, 0.000382127764169, 0.000472672982141, 0.000798299559392, 0.000848631723784, 0.000163960008649, 0.000117293544463, 0.000158753551659, 0.000233486105572, 7.01140234014e-05, 0.000141532844282, 0.000111869652756, 2.26990287047e-05, 1.40978027048e-05, 2.11926781049e-05, 4.69204087494e-06, 3.4986544506e-06, 3.53325754077e-06, 1.3049784684e-06, 8.62983029037e-07, 4.3527387561e-07, 2.23652477871e-07, 1.27612679535e-07, 1.06743883066e-07, 4.49085106879e-08, 1.6415244275e-08, 5.03780483996e-09, 2.83738366136e-09, 1.28087762619e-09, 6.22370266434e-10, 2.82992740352e-10, 1.69122826854e-10, 1.20042142893e-10, 8.52098877568e-11, 6.52243120625e-11, 5.09395095549e-11, 3.97933561103e-11, 3.4306574942e-11, 3.15955039909e-11], "min": [2.27570609715e-23, 9.75649914714e-24, 1.51347398065e-23, 1.07149888128e-23, 3.86575882906e-24, 4.42761988121e-24, 1.15492036981e-23, 4.64734564788e-24, 8.96702450814e-24, 1.48960068307e-23, 8.29170514186e-24, 1.31500738429e-23, 2.55941487301e-23, 1.25010976977e-23, 1.62809578572e-23, 1.23575684003e-23, 1.39147380176e-23, 1.43094224834e-23, 1.35905351182e-23, 1.29091060242e-23, 8.68310479088e-24, 1.41522561475e-23, 1.00821432954e-23, 1.27501292526e-23, 1.24443446776e-23, 1.01026173913e-23, 9.18421448142e-24, 7.34501052445e-24, 1.37148059543e-23, 1.51098938434e-23, 7.2458136322e-24, 8.74424861078e-24, 8.48746649752e-24, 1.84181271999e-23, 1.25665486981e-23, 8.83298441856e-24, 1.32959003033e-23, 1.0583865142e-23, 9.57968780815e-24, 7.67005908272e-24], "var": [3.84602465431e-08, 5.09473068178e-07, 1.71276030869e-06, 2.75084039458e-06, 1.20396362036e-06, 2.20328092837e-06, 2.19394252099e-07, 1.99548253477e-07, 7.08543723249e-07, 3.8488551013e-07, 2.44145530814e-06, 1.41267435083e-07, 4.01089508273e-08, 9.5860528404e-09, 1.39170419633e-09, 2.89392909636e-09, 3.86088050419e-10, 1.38635725122e-09, 2.10701803227e-10, 7.03084604425e-11, 3.56342247376e-11, 1.51030524892e-11, 4.49577918296e-12, 4.80500361721e-12, 5.57451741018e-12, 1.14267471353e-12, 8.07811977033e-12, 5.42230377352e-14, 6.75116429774e-14, 9.64160527675e-14, 2.76448277518e-14, 6.76400489371e-15, 5.11263581249e-15, 5.93324768453e-15, 1.31874538382e-15, 4.94197508488e-16, 1.5091728958e-15, 4.93926716025e-17, 4.30734054606e-17, 1.75216557181e-17]}, "mfcc": {"mean": [-781.164978027, 257.769744873, -7.23253583908, -17.3164138794, -1.54853820801, -6.98056554794, -3.59320831299, -0.540927171707, -5.1946516037, -6.17829942703, -7.97089910507, -9.22365856171, -4.55670690536], "cov": [[4903.85058594, 89.5361328125, -2004.52978516, 605.303344727, -279.123596191, -242.257232666, -4.51169013977, -45.6599655151, -177.519866943, -122.055648804, -238.208328247, -192.365356445, -39.4433555603], [89.5361328125, 1248.53808594, -108.608772278, -615.697143555, 279.182678223, -29.4097957611, -119.193984985, -143.018722534, -87.1087036133, -53.9290046692, -18.0218467712, -93.3252258301, -95.4129104614], [-2004.52978516, -108.608772278, 1170.84667969, -261.772216797, 13.0570306778, 185.687698364, -67.4093093872, 8.30813026428, 91.29637146, 67.0468444824, 112.416923523, 109.283203125, 13.7757844925], [605.303344727, -615.697143555, -261.772216797, 632.859130859, -155.497085571, -77.1178436279, 129.097106934, 79.6959991455, 48.2767715454, 39.3370246887, -1.59948647022, 32.9541015625, 69.1741485596], [-279.123596191, 279.182678223, 13.0570306778, -155.497085571, 244.664108276, 29.816286087, -11.9812431335, -18.7994480133, -14.7149276733, 18.9945926666, 9.30333900452, -35.8383255005, -23.836265564], [-242.257232666, -29.4097957611, 185.687698364, -77.1178436279, 29.816286087, 170.898925781, -4.58512163162, -20.0354213715, 32.5531959534, 17.4152336121, 0.445526957512, -3.89460706711, -22.1636829376], [-4.51169013977, -119.193984985, -67.4093093872, 129.097106934, -11.9812431335, -4.58512163162, 118.417564392, 47.7451171875, 26.1322345734, 15.752872467, -4.33121776581, 13.0165309906, 26.3866157532], [-45.6599655151, -143.018722534, 8.30813026428, 79.6959991455, -18.7994480133, -20.0354213715, 47.7451171875, 100.558692932, 33.2929267883, -3.33661270142, 4.94384050369, 17.180644989, 26.5994129181], [-177.519866943, -87.1087036133, 91.29637146, 48.2767715454, -14.7149276733, 32.5531959534, 26.1322345734, 33.2929267883, 99.1269989014, 67.1820678711, 20.5071601868, 10.374584198, 11.0615310669], [-122.055648804, -53.9290046692, 67.0468444824, 39.3370246887, 18.9945926666, 17.4152336121, 15.752872467, -3.33661270142, 67.1820678711, 125.016021729, 49.4897346497, 2.72352099419, 7.58260774612], [-238.208328247, -18.0218467712, 112.416923523, -1.59948647022, 9.30333900452, 0.445526957512, -4.33121776581, 4.94384050369, 20.5071601868, 49.4897346497, 78.9644317627, 42.0176010132, -1.53699505329], [-192.365356445, -93.3252258301, 109.283203125, 32.9541015625, -35.8383255005, -3.89460706711, 13.0165309906, 17.180644989, 10.374584198, 2.72352099419, 42.0176010132, 72.6433410645, 34.8525543213], [-39.4433555603, -95.4129104614, 13.7757844925, 69.1741485596, -23.836265564, -22.1636829376, 26.3866157532, 26.5994129181, 11.0615310669, 7.58260774612, -1.53699505329, 34.8525543213, 92.869430542]], "icov": [[0.00180759443901, -0.0015238658525, 0.00294612208381, -0.00204306351952, 0.00273368647322, -0.00277524907142, 0.00377749628387, -0.00311704818159, 0.00346826575696, -0.00376400072128, 0.00372354569845, -0.00240599038079, 0.00100447668228], [-0.0015238658525, 0.00410656025633, -0.00195806450211, 0.00428602518514, -0.00393340177834, 0.00422612344846, -0.00425536138937, 0.00582167552784, -0.0051552709192, 0.00552957644686, -0.00527157820761, 0.00409098202363, -0.00124952290207], [0.00294612208381, -0.00195806450211, 0.00652547599748, -0.00221634539776, 0.00432255771011, -0.00563612626866, 0.0068540442735, -0.00512085156515, 0.00448934733868, -0.00595535710454, 0.00490316562355, -0.00561098475009, 0.00134452048223], [-0.00204306351952, 0.00428602518514, -0.00221634539776, 0.0075979414396, -0.00297088362277, 0.00510466238484, -0.0072007002309, 0.00559739675373, -0.00608917232603, 0.00523504707962, -0.00623211916536, 0.00411337986588, -0.00224546040408], [0.00273368647322, -0.00393340177834, 0.00432255771011, -0.00297088362277, 0.0110166100785, -0.00618220400065, 0.00483796419576, -0.00707915611565, 0.00823671463877, -0.00784097891301, 0.0034532758873, -0.000166217956576, 0.000475438369904], [-0.00277524907142, 0.00422612344846, -0.00563612626866, 0.00510466238484, -0.00618220400065, 0.0143858343363, -0.00817908998579, 0.00978565588593, -0.0103347525001, 0.00800815224648, -0.00459210993722, 0.00482553942129, 0.000254726212006], [0.00377749628387, -0.00425536138937, 0.0068540442735, -0.0072007002309, 0.00483796419576, -0.00817908998579, 0.0224663931876, -0.0132703417912, 0.00851824134588, -0.0122504215688, 0.0136767448857, -0.0114577747881, 0.00279848580249], [-0.00311704818159, 0.00582167552784, -0.00512085156515, 0.00559739675373, -0.00707915611565, 0.00978565588593, -0.0132703417912, 0.0266701970249, -0.0179190132767, 0.0181480422616, -0.0147924125195, 0.0106586758047, -0.00569463567808], [0.00346826575696, -0.0051552709192, 0.00448934733868, -0.00608917232603, 0.00823671463877, -0.0103347525001, 0.00851824134588, -0.0179190132767, 0.0331789515913, -0.0250634588301, 0.0163776446134, -0.0107944943011, 0.00482244929299], [-0.00376400072128, 0.00552957644686, -0.00595535710454, 0.00523504707962, -0.00784097891301, 0.00800815224648, -0.0122504215688, 0.0181480422616, -0.0250634588301, 0.0363007113338, -0.0312570184469, 0.0232714675367, -0.00998151302338], [0.00372354569845, -0.00527157820761, 0.00490316562355, -0.00623211916536, 0.0034532758873, -0.00459210993722, 0.0136767448857, -0.0147924125195, 0.0163776446134, -0.0312570184469, 0.0530596859753, -0.038574885577, 0.016177598387], [-0.00240599038079, 0.00409098202363, -0.00561098475009, 0.00411337986588, -0.000166217956576, 0.00482553942129, -0.0114577747881, 0.0106586758047, -0.0107944943011, 0.0232714675367, -0.038574885577, 0.0505297295749, -0.0179546587169], [0.00100447668228, -0.00124952290207, 0.00134452048223, -0.00224546040408, 0.000475438369904, 0.000254726212006, 0.00279848580249, -0.00569463567808, 0.00482244929299, -0.00998151302338, 0.016177598387, -0.0179546587169, 0.0196489617229]]}, "spectral_contrast_coeffs": {"dmean": [0.0394866392016, 0.036263268441, 0.038047131151, 0.0332952812314, 0.0312960222363, 0.0382004231215], "dmean2": [0.0634107887745, 0.0585422776639, 0.0586676821113, 0.051672488451, 0.0457576438785, 0.057398442179], "dvar": [0.00133320537861, 0.00122987676878, 0.0014952874044, 0.00113321933895, 0.00109002261888, 0.00103769055568], "dvar2": [0.00329297268763, 0.00308626471087, 0.00342788244598, 0.00245255418122, 0.00197443179786, 0.00211870786734], "max": [-0.311006814241, -0.370196968317, -0.387043625116, -0.482406616211, -0.514364361763, -0.576238036156], "mean": [-0.558487415314, -0.600319325924, -0.637074053288, -0.693842589855, -0.729920208454, -0.832447111607], "median": [-0.555279254913, -0.6047488451, -0.631072878838, -0.688155651093, -0.722264647484, -0.851477384567], "min": [-0.933923363686, -0.962552368641, -0.956169009209, -0.959861159325, -0.965191602707, -0.9601739645], "var": [0.0085237743333, 0.00678935553879, 0.0072465473786, 0.00532520934939, 0.00601566536352, 0.00514218909666]}, "spectral_contrast_valleys": {"dmean": [0.321578651667, 0.302574723959, 0.365660071373, 0.394426703453, 0.510049521923, 0.676880598068], "dmean2": [0.51208293438, 0.495759427547, 0.570329487324, 0.61824285984, 0.779238641262, 1.14881837368], "dvar": [0.131514906883, 0.169033676386, 0.205648422241, 0.245657786727, 0.42865383625, 0