{"lowlevel": {"average_loudness": 0.971249520779, "barkbands_crest": {"dmean": 3.12717056274, "dmean2": 4.75432777405, "dvar": 8.68995952606, "dvar2": 20.0205879211, "max": 25.930103302, "mean": 10.8600463867, "median": 10.0205774307, "min": 1.87553203106, "var": 22.8881187439}, "barkbands_flatness_db": {"dmean": 0.0337333828211, "dmean2": 0.0485019572079, "dvar": 0.00116357125808, "dvar2": 0.00262443092652, "max": 0.598691523075, "mean": 0.117459386587, "median": 0.108614884317, "min": 0.0137694133446, "var": 0.00376599328592}, "barkbands_kurtosis": {"dmean": 4.83684015274, "dmean2": 7.43443918228, "dvar": 890.930786133, "dvar2": 2119.81689453, "max": 1320.35070801, "mean": 5.19379663467, "median": 1.15910863876, "min": -1.88076210022, "var": 1039.27392578}, "barkbands_skewness": {"dmean": 0.700555980206, "dmean2": 1.04449260235, "dvar": 0.940783858299, "dvar2": 2.12298464775, "max": 29.0369186401, "mean": 1.53666698933, "median": 1.36205434799, "min": -3.27468633652, "var": 2.47964787483}, "barkbands_spread": {"dmean": 10.5794267654, "dmean2": 15.2109279633, "dvar": 123.616851807, "dvar2": 250.804626465, "max": 116.45526123, "mean": 30.942445755, "median": 26.8396282196, "min": 0.0921077504754, "var": 349.282501221}, "dissonance": {"dmean": 0.0128897931427, "dmean2": 0.0210785511881, "dvar": 0.000198361842195, "dvar2": 0.000508962082677, "max": 0.500000059605, "mean": 0.476092576981, "median": 0.481359750032, "min": 0.302370548248, "var": 0.000401191646233}, "dynamic_complexity": 2.29887580872, "erbbands_crest": {"dmean": 2.33975100517, "dmean2": 3.73706817627, "dvar": 6.34210968018, "dvar2": 14.0603075027, "max": 29.1793193817, "mean": 7.10527610779, "median": 5.98732757568, "min": 2.22477078438, "var": 14.7046222687}, "erbbands_flatness_db": {"dmean": 0.0259686633945, "dmean2": 0.0351716279984, "dvar": 0.00077155668987, "dvar2": 0.00138818391133, "max": 0.439181953669, "mean": 0.136186331511, "median": 0.124399133027, "min": 0.0484804026783, "var": 0.00300639565103}, "erbbands_kurtosis": {"dmean": 0.913004100323, "dmean2": 1.41347014904, "dvar": 5.26036930084, "dvar2": 11.0592126846, "max": 82.564414978, "mean": 0.317651867867, "median": -0.328006863594, "min": -1.85136342049, "var": 11.6516170502}, "erbbands_skewness": {"dmean": 0.376963973045, "dmean2": 0.540355265141, "dvar": 0.171811208129, "dvar2": 0.343370497227, "max": 7.85755157471, "mean": -0.057013489306, "median": -0.161768034101, "min": -2.91594481468, "var": 0.741538584232}, "erbbands_spread": {"dmean": 10.5618638992, "dmean2": 15.5751104355, "dvar": 119.997116089, "dvar2": 259.853515625, "max": 191.486343384, "mean": 44.8531188965, "median": 42.6194725037, "min": 1.90022778511, "var": 348.434753418}, "hfc": {"dmean": 17.5609455109, "dmean2": 26.2717552185, "dvar": 579.846618652, "dvar2": 1427.18505859, "max": 161.573562622, "mean": 34.1936302185, "median": 23.7192382812, "min": 8.50007009223e-10, "var": 878.801635742}, "melbands_crest": {"dmean": 3.67747497559, "dmean2": 5.95447874069, "dvar": 14.5984201431, "dvar2": 35.1365814209, "max": 38.6961517334, "mean": 15.2189598083, "median": 14.5092992783, "min": 1.81088924408, "var": 33.155620575}, "melbands_flatness_db": {"dmean": 0.0414404533803, "dmean2": 0.0601237528026, "dvar": 0.00168637617026, "dvar2": 0.00402349280193, "max": 0.738827586174, "mean": 0.177730411291, "median": 0.173206776381, "min": 0.00860140379518, "var": 0.00573771586642}, "melbands_kurtosis": {"dmean": 12.3457622528, "dmean2": 19.1605682373, "dvar": 3008.26611328, "dvar2": 7572.69970703, "max": 2426.55712891, "mean": 18.3748836517, "median": 9.48101615906, "min": -1.74176609516, "var": 2836.87426758}, "melbands_skewness": {"dmean": 1.02135932446, "dmean2": 1.53991699219, "dvar": 1.98538613319, "dvar2": 4.39936685562, "max": 44.3042869568, "mean": 3.12360310555, "median": 2.82718229294, "min": -1.76332211494, "var": 4.56956672668}, "melbands_spread": {"dmean": 12.0687246323, "dmean2": 18.7107753754, "dvar": 208.356292725, "dvar2": 491.280395508, "max": 229.210769653, "mean": 29.4091796875, "median": 22.5488815308, "min": 0.12903380394, "var": 569.121459961}, "pitch_salience": {"dmean": 0.0903273001313, "dmean2": 0.143238529563, "dvar": 0.00893824920058, "dvar2": 0.0226258281618, "max": 0.93941539526, "mean": 0.526972770691, "median": 0.538264036179, "min": 0.0158187709749, "var": 0.0187415387481}, "silence_rate_20dB": {"dmean": 0, "dmean2": 0, "dvar": 0, "dvar2": 0, "max": 1, "mean": 1, "median": 1, "min": 1, "var": 0}, "silence_rate_30dB": {"dmean": 0.0204625092447, "dmean2": 0.0409307554364, "dvar": 0.0200434178114, "dvar2": 0.0583214312792, "max": 1, "mean": 0.987247765064, "median": 1, "min": 0, "var": 0.0125891752541}, "silence_rate_60dB": {"dmean": 0.0162578839809, "dmean2": 0.0323801524937, "dvar": 0.0159956309944, "dvar2": 0.034979365766, "max": 1, "mean": 0.0532511211932, "median": 0, "min": 0, "var": 0.0504176393151}, "spectral_centroid": {"dmean": 390.517303467, "dmean2": 567.68572998, "dvar": 160331.578125, "dvar2": 327390.3125, "max": 4702.21191406, "mean": 1798.12243652, "median": 1720.73730469, "min": 82.2660522461, "var": 646906.125}, "spectral_complexity": {"dmean": 6.60910987854, "dmean2": 9.96019077301, "dvar": 53.0818023682, "dvar2": 105.135047913, "max": 59, "mean": 26.0166759491, "median": 25, "min": 0, "var": 191.690505981}, "spectral_decrease": {"dmean": 3.00267011255e-09, "dmean2": 4.50563542032e-09, "dvar": 1.94693533864e-17, "dvar2": 4.27510564846e-17, "max": 8.13548345186e-17, "mean": -9.25214038716e-09, "median": -9.1610790065e-09, "min": -5.08328739102e-08, "var": 3.98339643497e-17}, "spectral_energy": {"dmean": 0.0120371440426, "dmean2": 0.0179980695248, "dvar": 0.000299498351524, "dvar2": 0.0006522256881, "max": 0.194321274757, "mean": 0.0380212441087, "median": 0.0381131693721, "min": 9.37818819455e-14, "var": 0.000628668873105}, "spectral_energyband_high": {"dmean": 0.00176651973743, "dmean2": 0.00259751803242, "dvar": 6.10324832451e-06, "dvar2": 1.40570646181e-05, "max": 0.0155906146392, "mean": 0.00240586069413, "median": 0.000936833792366, "min": 6.17136279146e-14, "var": 9.42383212532e-06}, "spectral_energyband_low": {"dmean": 0.00967883504927, "dmean2": 0.014919272624, "dvar": 0.000291472824756, "dvar2": 0.000633508490864, "max": 0.186555206776, "mean": 0.0196845568717, "median": 0.0175206586719, "min": 1.61496805207e-15, "var": 0.000472931773402}, "spectral_energyband_middle_high": {"dmean": 0.00251041189767, "dmean2": 0.00407704850659, "dvar": 1.23501740745e-05, "dvar2": 3.15482066071e-05, "max": 0.0412191487849, "mean": 0.00615137023851, "median": 0.00491870101541, "min": 2.15385079428e-14, "var": 2.83149183815e-05}, "spectral_energyband_middle_low": {"dmean": 0.00419617677107, "dmean2": 0.00659427139908, "dvar": 3.9937262045e-05, "dvar2": 0.000105650520709, "max": 0.0724005848169, "mean": 0.011206144467, "median": 0.00956158898771, "min": 2.53904944555e-15, "var": 8.06906828075e-05}, "spectral_entropy": {"dmean": 0.247350811958, "dmean2": 0.346008867025, "dvar": 0.0718489438295, "dvar2": 0.141354352236, "max": 8.80723571777, "mean": 7.88739442825, "median": 7.93563556671, "min": 4.66815423965, "var": 0.193440973759}, "spectral_flux": {"dmean": 0.0341371297836, "dmean2": 0.0506633110344, "dvar": 0.00161780498456, "dvar2": 0.00341952987947, "max": 0.38244369626, "mean": 0.0990779921412, "median": 0.0843482464552, "min": 1.41113687278e-05, "var": 0.00356068345718}, "spectral_kurtosis": {"dmean": 1.48961257935, "dmean2": 2.37519359589, "dvar": 4.77514457703, "dvar2": 12.1633787155, "max": 32.1930122375, "mean": 3.29510545731, "median": 2.52528691292, "min": -0.38556599617, "var": 7.99731063843}, "spectral_rms": {"dmean": 0.000934375100769, "dmean2": 0.00134481687564, "dvar": 1.35570098792e-06, "dvar2": 2.64422601504e-06, "max": 0.0137688675895, "mean": 0.00567772751674, "median": 0.00609783409163, "min": 9.56527657081e-09, "var": 4.85719056087e-06}, "spectral_rolloff": {"dmean": 1065.97045898, "dmean2": 1713.3894043, "dvar": 2089390.125, "dvar2": 4624754.5, "max": 19487.5488281, "mean": 2237.74291992, "median": 1550.390625, "min": 43.06640625, "var": 6590156}, "spectral_skewness": {"dmean": 0.220901921391, "dmean2": 0.332133501768, "dvar": 0.060462679714, "dvar2": 0.141242519021, "max": 4.65373182297, "mean": 1.28601074219, "median": 1.23776865005, "min": 0.162835642695, "var": 0.163515388966}, "spectral_spread": {"dmean": 916269.8125, "dmean2": 1254671.125, "dvar": 790349742080, "dvar2": 1530214350850.0, "max": 16852412, "mean": 5154362.5, "median": 5164840, "min": 967111.875, "var": 2575742271490.0}, "spectral_strongpeak": {"dmean": 0.428791105747, "dmean2": 0.728184998035, "dvar": 0.881586432457, "dvar2": 2.25174331665, "max": 13.0745000839, "mean": 0.755248904228, "median": 0.404953837395, "min": 0, "var": 1.32707333565}, "zerocrossingrate": {"dmean": 0.0189530458301, "dmean2": 0.0212292838842, "dvar": 0.000338437996106, "dvar2": 0.000437182810856, "max": 0.6044921875, "mean": 0.07880487293, "median": 0.06494140625, "min": 0.001953125, "var": 0.00392412533984}, "barkbands": {"dmean": [0.000272943696473, 0.00721642561257, 0.00379389105365, 0.00109399133362, 0.00189621071331, 0.0010676094098, 0.000523712718859, 0.00107716093771, 0.00047547154827, 0.000701524491888, 0.000333864969434, 0.000298565340927, 0.000347526365658, 0.000437173031969, 0.000441672775196, 0.000467430392746, 0.00039640153409, 0.000308282236801, 0.000314390694257, 0.000293100776616, 0.000389234395698, 0.000406586535973, 0.000350815156708, 0.000239754823269, 0.000188848018297, 0.000156631343998, 2.04514053621e-05], "dmean2": [0.000397953524953, 0.0107394633815, 0.00659522600472, 0.00178379483987, 0.00297031318769, 0.00173281750176, 0.000882437510882, 0.00165429490153, 0.000726391095668, 0.00110357056838, 0.00054230960086, 0.000491152750328, 0.00057485641446, 0.000715870875865, 0.000721995544154, 0.000770243932493, 0.000665466417558, 0.000516285421327, 0.000511223101057, 0.000482763338368, 0.000605050066952, 0.000629293790553, 0.000511135789566, 0.000346160697518, 0.000273065350484, 0.000257105421042, 3.14350218105e-05], "dvar": [1.52769530359e-07, 0.000135326990858, 8.60233412823e-05, 3.13678788189e-06, 1.53995551955e-05, 2.60501610683e-06, 7.78765354426e-07, 3.9447427298e-06, 1.0659258578e-06, 2.33982086684e-06, 4.21053982791e-07, 2.96732423521e-07, 4.31460733807e-07, 8.64734431616e-07, 4.68981852464e-07, 1.31100887302e-06, 4.32930590932e-07, 2.19568633497e-07, 2.02481231781e-07, 1.77742279561e-07, 2.89145219767e-07, 4.08012908792e-07, 2.40620693148e-07, 1.07398179239e-07, 8.09525317891e-08, 8.68514078434e-08, 1.53417556437e-09], "dvar2": [3.43665050195e-07, 0.000258392363321, 0.000234261824517, 8.0196550698e-06, 4.01898032578e-05, 6.66921096126e-06, 1.94785252461e-06, 7.2339844337e-06, 2.06408344638e-06, 5.5001387409e-06, 1.02478350072e-06, 7.45078295949e-07, 1.07115999981e-06, 2.0494042019e-06, 1.1510510376e-06, 3.34361038767e-06, 1.14049021249e-06, 5.87360773352e-07, 4.79893628835e-07, 4.60572664451e-07, 7.02493082372e-07, 1.03920990568e-06, 5.53938264147e-07, 2.38292159338e-07, 1.5985305879e-07, 2.1433801578e-07, 3.32452776419e-09], "max": [0.00683981133625, 0.177583992481, 0.0931372046471, 0.0285753477365, 0.0492962487042, 0.0299989432096, 0.0121026672423, 0.0553988926113, 0.0325360000134, 0.0291839279234, 0.00990255270153, 0.0121289845556, 0.0122583601624, 0.0178034305573, 0.0127727147192, 0.0226135738194, 0.0109445638955, 0.00594007410109, 0.00957605428994, 0.0051953913644, 0.00538184260949, 0.00502782547846, 0.00396666303277, 0.00257534580305, 0.00238904054277, 0.00226161931641, 0.00032476845081], "mean": [0.000500782742165, 0.0137708764523, 0.00434197532013, 0.00218534446321, 0.00306704919785, 0.00190120015759, 0.000757332018111, 0.00174867326859, 0.000795568397734, 0.00102016341407, 0.000483423558762, 0.000411068089306, 0.000518913555425, 0.000645328604151, 0.00075431575533, 0.000785227690358, 0.000631109520327, 0.000500599562656, 0.000583935005125, 0.000441189826233, 0.000527060066815, 0.000521743088029, 0.000446516671218, 0.000301458087051, 0.000226707576076, 0.000134157628054, 1.95106749743e-05], "median": [0.000226282572839, 0.0110471528023, 0.00206220522523, 0.00104526150972, 0.00137809489388, 0.00120389880612, 0.000381306163035, 0.000762219715398, 0.000279817788396, 0.00053495663451, 0.000247565214522, 0.000217636334128, 0.000246920331847, 0.000290647323709, 0.000424805621151, 0.000453311891761, 0.000389249820728, 0.000306709378492, 0.000317304598866, 0.000224804709433, 0.000235696992604, 0.000171488733031, 0.000139633761137, 0.000104112623376, 6.13211013842e-05, 1.74177293957e-05, 6.79043409946e-07], "min": [9.16986857269e-16, 7.81551582959e-16, 2.6298599537e-16, 2.48091344509e-16, 3.57617707377e-16, 3.31364159405e-16, 5.60657354656e-16, 5.69463162115e-16, 1.48335744915e-16, 1.03061738593e-15, 2.47598212515e-16, 1.63638070087e-16, 8.8235835044e-16, 3.20912408111e-15, 2.52954404181e-15, 1.76310257372e-15, 2.11014160721e-15, 1.62541662699e-15, 4.39470466244e-15, 4.76737544231e-15, 4.27405117185e-15, 7.74178711725e-15, 9.38366392374e-15, 6.86031508091e-15, 8.46839654336e-15, 1.22385537441e-14, 1.37729564692e-14], "var": [4.07584167306e-07, 0.000263693742454, 6.10499992035e-05, 8.42437566462e-06, 2.11414844671e-05, 5.21548190591e-06, 1.25639121507e-06, 1.08543054012e-05, 2.86172075903e-06, 3.29454860548e-06, 6.07450203916e-07, 4.32666126926e-07, 8.76191109001e-07, 1.38855898513e-06, 1.15256023037e-06, 1.90568061953e-06, 6.3679840423e-07, 3.78943923351e-07, 6.93788251738e-07, 2.81142490621e-07, 4.37306226786e-07, 5.44122883639e-07, 3.71096859908e-07, 1.72585345126e-07, 1.25098367221e-07, 7.49080228957e-08, 1.70200031846e-09]}, "erbbands": {"dmean": [0.226055279374, 1.71350932121, 4.69356918335, 3.60517859459, 2.59068083763, 8.08560562134, 8.53021717072, 10.6356010437, 7.19560194016, 20.4336471558, 13.3091602325, 11.8133964539, 26.3045215607, 8.48677158356, 15.7815914154, 13.3248786926, 13.377872467, 24.133014679, 22.5222320557, 21.8249473572, 23.5526638031, 18.5234031677, 17.6021671295, 15.2410783768, 16.1949138641, 13.3468942642, 14.5162134171, 16.0579490662, 15.7959680557, 11.5953922272, 9.50249671936, 5.85063123703, 3.65458393097, 2.1468038559, 1.31789541245, 0.756283402443, 0.285522848368, 0.050471547991, 0.00374683970585, 0.000100587792986], "dmean2": [0.336741179228, 2.68592381477, 7.93134975433, 6.09651231766, 4.1279501915, 12.7572669983, 13.7570724487, 17.1238708496, 12.0002126694, 30.7423114777, 21.9723243713, 17.5786209106, 40.9372024536, 13.7414245605, 25.5286331177, 21.635925293, 21.9190692902, 39.4676399231, 37.1872367859, 35.6518859863, 38.7355804443, 31.1137466431, 29.6073474884, 25.1038818359, 26.2641181946, 21.8835010529, 22.998588562, 25.1757545471, 24.6348228455, 16.9796886444, 13.9182519913, 8.59621620178, 5.28814458847, 2.99852848053, 2.03435993195, 1.21562254429, 0.473687797785, 0.0816383734345, 0.00567913195118, 0.000154388995725], "dvar": [0.151779472828, 8.64632797241, 124.740852356, 46.2227706909, 22.5571994781, 337.470947266, 212.572280884, 287.570129395, 146.747879028, 1579.6385498, 556.603881836, 737.485290527, 3812.99829102, 214.946975708, 1084.046875, 630.22644043, 583.046020508, 2550.68383789, 1271.88842773, 1580.17602539, 1889.97094727, 874.177978516, 778.405700684, 476.760650635, 651.089782715, 387.565063477, 371.532867432, 573.706787109, 640.042724609, 276.236236572, 184.652587891, 63.7439422607, 26.8825492859, 9.14743041992, 4.74168729782, 1.82115352154, 0.306693136692, 0.0103384377435, 5.02226612298e-05, 2.98201001669e-08], "dvar2": [0.3439014256, 16.7950935364, 328.359466553, 126.935127258, 57.200592041, 892.555908203, 526.370666504, 711.905151367, 367.467590332, 2645.671875, 1396.07531738, 1314.94030762, 9032.31054688, 505.634460449, 2671.09960938, 1585.42175293, 1421.44384766, 6089.15820312, 3123.32446289, 3882.61230469, 4612.16748047, 2339.76708984, 2088.76733398, 1204.19787598, 1474.1784668, 1025.83789062, 900.468017578, 1418.24377441, 1649.4119873, 651.879760742, 429.332733154, 148.651901245, 57.1335067749, 16.6431846619, 10.2633047104, 4.43186187744, 0.77124351263, 0.0251752734184, 0.000105546925624, 6.57202647858e-08], "max": [7.86904716492, 39.8640556335, 101.119827271, 67.8718032837, 74.9492416382, 236.258621216, 175.479278564, 376.578674316, 172.123504639, 1199.18615723, 363.700164795, 985.489257812, 1256.62255859, 292.634399414, 513.821594238, 630.351745605, 511.281890869, 925.876281738, 785.160949707, 703.252075195, 787.458129883, 465.342041016, 388.840362549, 388.561981201, 638.182922363, 276.467346191, 168.45930481, 202.690170288, 215.771209717, 148.654220581, 111.003479004, 77.2653961182, 45.0958938599, 28.4009780884, 19.2107162476, 10.4661970139, 4.1307592392, 0.792388319969, 0.0665288642049, 0.00146591919474], "mean": [0.380860954523, 3.07508802414, 5.61038446426, 6.20189619064, 5.77200460434, 11.9515275955, 14.4857854843, 18.8407115936, 12.0088653564, 32.5563659668, 21.2818241119, 21.7916240692, 38.1185951233, 13.692492485, 22.8394145966, 20.1129760742, 22.1568756104, 36.6391716003, 36.8138580322, 39.423324585, 42.5151596069, 31.686624527, 29.5935382843, 27.6930179596, 28.2398090363, 20.0806522369, 21.4811515808, 20.6212806702, 19.661611557, 15.4896469116, 11.9199514389, 7.23474884033, 4.58363866806, 2.72954392433, 1.46143257618, 0.689338445663, 0.234327062964, 0.0434295460582, 0.00368780107237, 0.000131860302645], "median": [0.303985446692, 2.15627765656, 3.04471802711, 4.08555698395, 2.49646162987, 3.61460399628, 6.49437761307, 10.7176179886, 6.33526515961, 14.0666847229, 11.3837471008, 7.99694824219, 18.1987266541, 7.94417858124, 11.6659851074, 11.1408443451, 11.7556257248, 16.2528114319, 21.0768432617, 24.695980072, 26.8430900574, 20.8143768311, 18.7652168274, 16.2995433807, 13.7426109314, 10.3255348206, 10.4416713715, 8.20958709717, 6.6163649559, 5.01016426086, 3.85854458809, 2.64614009857, 1.46412372589, 0.812532663345, 0.361737936735, 0.121371872723, 0.0230115279555, 0.00232078391127, 0.000171266379766, 5.55990554858e-05], "min": [3.66196093902e-14, 1.29431215095e-13, 2.87166097108e-13, 6.28411060168e-13, 9.49811518498e-13, 1.12326196521e-12, 2.58580873727e-12, 2.51006507246e-12, 3.8931705082e-12, 1.57288522484e-11, 8.06804276166e-12, 3.30777354292e-12, 2.66286732248e-11, 1.77199591805e-11, 1.33341324093e-11, 9.83248205078e-12, 4.23916249326e-11, 1.2117587489e-10, 2.11677259054e-10, 4.59362652083e-11, 1.44074974173e-10, 1.0736384698e-10, 6.29531635155e-11, 2.42931036398e-10, 2.36088204542e-10, 2.08367753607e-10, 1.28996119342e-10, 2.33665725657e-10, 3.16225767794e-10, 2.00110067405e-10, 2.79177181373e-10, 1.39179265335e-10, 1.13578708938e-10, 1.02541725111e-10, 6.51493581305e-11, 4.0134839896e-11, 2.23421298823e-11, 8.73616717162e-12, 1.42878265642e-12, 2.46112510796e-13], "var": [0.250498354435, 14.3018093109, 95.3993453979, 56.63230896, 66.3777694702, 420.551818848, 408.125946045, 589.722473145, 278.491912842, 4540.49023438, 963.437072754, 2185.18261719, 5508.84863281, 377.78616333, 1452.93371582, 995.643493652, 1395.67651367, 3991.38378906, 2881.43188477, 3069.12768555, 3816.02685547, 1373.40039062, 1290.98388672, 1142.90112305, 2001.92724609, 592.609375, 646.95703125, 765.915161133, 779.769226074, 466.496002197, 268.361419678, 98.8061218262, 41.4883422852, 16.2961044312, 5.98557043076, 1.68436276913, 0.253754466772, 0.00922854896635, 5.82828470215e-05, 3.43849642093e-08]}, "gfcc": {"mean": [20.528924942, 66.5567932129, -117.025512695, 41.0551109314, -55.6037712097, 17.2173137665, -35.5948791504, 12.3925457001, -15.3675785065, 7.50537395477, -15.1748371124, 1.67054986954, -9.70913982391], "cov": [[16884.9003906, 526.209960938, 682.920043945, 905.625793457, -77.56690979, 690.726135254, -257.33782959, 251.54460144, -241.64112854, 178.350082397, -304.026947021, 168.927520752, -260.318145752], [526.209960938, 2233.54296875, -355.054321289, 140.30960083, 337.215698242, -85.0636749268, 67.9751739502, -101.719169617, 120.097488403, -179.895111084, 128.755050659, -121.458381653, 161.840316772], [682.920043945, -355.054321289, 1321.93945312, 458.569610596, 121.215759277, 316.148864746, -3.40496921539, 94.7417755127, 17.0904693604, 136.444717407, 2.57850861549, 91.7293548584, -72.9918823242], [905.625793457, 140.30960083, 458.569610596, 634.450622559, 228.273147583, 225.30770874, 88.5116119385, 82.9842681885, 72.9999923706, 32.127368927, 39.2223587036, -8.1615190506, -2.12169766426], [-77.56690979, 337.215698242, 121.215759277, 228.273147583, 456.331695557, 81.2331314087, 154.187164307, 8.03791236877, 73.9046936035, -40.7541122437, 25.0631961823, -28.7696990967, 1.79443776608], [690.726135254, -85.0636749268, 316.148864746, 225.30770874, 81.2331314087, 327.284851074, 75.9491119385, 133.050842285, 39.0738830566, 48.2983474731, -13.2896251678, -3.04529356956, -32.4461517334], [-257.33782959, 67.9751739502, -3.40496921539, 88.5116119385, 154.187164307, 75.9491119385, 261.344299316, 100.448539734, 103.124359131, -5.79961681366, 9.31283473969, -38.5413856506, -14.3814468384], [251.54460144, -101.719169617, 94.7417755127, 82.9842681885, 8.03791236877, 133.050842285, 100.448539734, 175.645202637, 74.0739059448, 52.5390853882, 1.6651995182, -7.70404958725, -29.2345409393], [-241.64112854, 120.097488403, 17.0904693604, 72.9999923706, 73.9046936035, 39.0738830566, 103.124359131, 74.0739059448, 139.24206543, 45.6441650391, 43.5842666626, -26.4331741333, -2.09323477745], [178.350082397, -179.895111084, 136.444717407, 32.127368927, -40.7541122437, 48.2983474731, -5.79961681366, 52.5390853882, 45.6441650391, 127.52532196, 36.1352043152, 23.1276321411, -37.6390838623], [-304.026947021, 128.755050659, 2.57850861549, 39.2223587036, 25.0631961823, -13.2896251678, 9.31283473969, 1.6651995182, 43.5842666626, 36.1352043152, 101.434875488, 21.4086856842, 22.6790866852], [168.927520752, -121.458381653, 91.7293548584, -8.1615190506, -28.7696990967, -3.04529356956, -38.5413856506, -7.70404958725, -26.4331741333, 23.1276321411, 21.4086856842, 79.6169204712, 21.2390346527], [-260.318145752, 161.840316772, -72.9918823242, -2.12169766426, 1.79443776608, -32.4461517334, -14.3814468384, -29.2345409393, -2.09323477745, -37.6390838623, 22.6790866852, 21.2390346527, 95.2661895752]], "icov": [[0.00011887987057, -0.000181258132216, 0.000133280933369, -0.000268082047114, 9.84512225841e-05, -0.000143229699461, 6.84987826389e-05, -9.64811333688e-05, 0.000212095314055, -0.000339172198437, 0.000721633841749, -0.000825537543278, 0.000541925430298], [-0.000181258132216, 0.00110939063597, -0.000174289394636, 0.00040503180935, -0.000564547837712, 0.000136097602081, 0.000348504312569, 0.000304065324599, -0.000933363218792, 0.00155161553994, -0.00230165524408, 0.00264394795522, -0.00175055814907], [0.000133280933369, -0.000174289394636, 0.00166137353517, -0.00115083309356, -2.20011006604e-05, -0.00101313216146, 0.000323642947478, 0.000406661478337, -3.22949745168e-05, -0.00111664703581, 0.00154041021597, -0.00295533169992, 0.00158685829956], [-0.000268082047114, 0.00040503180935, -0.00115083309356, 0.00363272288814, -0.00119304389227, -0.000761720701121, 7.41021431168e-05, -0.000140693970025, -0.000549686956219, 0.000983756734058, -0.00283033680171, 0.00332150422037, -0.00218053767458], [9.84512225841e-05, -0.000564547837712, -2.20011006604e-05, -0.00119304389227, 0.0041687078774, -0.000731802138034, -0.00207753130235, 0.00200383504853, -0.00116016215179, 0.00126216583885, 0.000525319075678, -0.00190894550178, 0.00193190656137], [-0.000143229699461, 0.000136097602081, -0.00101313216146, -0.000761720701121, -0.000731802138034, 0.00670773163438, -0.000243841350311, -0.00432702573016, 0.00170725653879, -0.000784564472269, 0.000256917031948, 0.00212576705962, -0.00128967640921], [6.84987826389e-05, 0.000348504312569, 0.000323642947478, 7.41021431168e-05, -0.00207753130235, -0.000243841350311, 0.00828372780234, -0.00349142728373, -0.00426143920049, 0.00304973148741, -5.88670300203e-05, 0.000375792005798, 0.00102145853452], [-9.64811333688e-05, 0.000304065324599, 0.000406661478337, -0.000140693970025, 0.00200383504853, -0.00432702573016, -0.00349142728373, 0.0137114534155, -0.00524000264704, -0.00114845100325, 0.00113870669156, -0.00165884918533, 0.00122725777328], [0.000212095314055, -0.000933363218792, -3.22949745168e-05, -0.000549686956219, -0.00116016215179, 0.00170725653879, -0.00426143920049, -0.00524000264704, 0.0194703191519, -0.00863430928439, -0.00278164446354, 0.00573574006557, -0.00311991502531], [-0.000339172198437, 0.00155161553994, -0.00111664703581, 0.000983756734058, 0.00126216583885, -0.000784564472269, 0.00304973148741, -0.00114845100325, -0.00863430928439, 0.0201853457838, -0.0083839064464, -0.0016991996672, 0.00558069488034], [0.000721633841749, -0.00230165524408, 0.00154041021597, -0.00283033680171, 0.000525319075678, 0.000256917031948, -5.88670300203e-05, 0.00113870669156, -0.00278164446354, -0.0083839064464, 0.0222280714661, -0.0116511574015, 0.00134974857792], [-0.000825537543278, 0.00264394795522, -0.00295533169992, 0.00332150422037, -0.00190894550178, 0.00212576705962, 0.000375792005798, -0.00165884918533, 0.00573574006557, -0.0016991996672, -0.0116511574015, 0.0305596031249, -0.0132148619741], [0.000541925430298, -0.00175055814907, 0.00158685829956, -0.00218053767458, 0.00193190656137, -0.00128967640921, 0.00102145853452, 0.00122725777328, -0.00311991502531, 0.00558069488034, 0.00134974857792, -0.0132148619741, 0.0209352690727]]}, "melbands": {"dmean": [0.00194360641763, 0.00238603539765, 0.000591059913859, 0.000315205281368, 0.000361665181117, 0.000224355375394, 0.000107660307549, 0.00024461990688, 9.58003874985e-05, 7.68186364439e-05, 0.000130279673613, 3.35333315888e-05, 4.65649391117e-05, 4.06718354498e-05, 2.49355798587e-05, 3.78330842068e-05, 4.87723846163e-05, 3.67014072253e-05, 2.94600613415e-05, 3.75009403797e-05, 2.78869902104e-05, 2.14561405301e-05, 1.91060335055e-05, 1.50758241944e-05, 1.30822954816e-05, 1.34116098707e-05, 1.08537669803e-05, 8.67496964929e-06, 9.1033634817e-06, 9.76565479505e-06, 9.49029890762e-06, 9.85678525467e-06, 7.01244107404e-06, 6.61432432025e-06, 5.88747980146e-06, 4.52445283372e-06, 3.30947045768e-06, 2.5855322292e-06, 2.3891541332e-06, 1.64991888596e-06], "dmean2": [0.00281652458943, 0.0037605620455, 0.000981725403108, 0.000506381562445, 0.000567071780097, 0.000361438520486, 0.000180266826646, 0.000367717526387, 0.000161152376677, 0.000113245114335, 0.000203340605367, 5.47979252588e-05, 7.59617978474e-05, 6.58319768263e-05, 4.13718953496e-05, 6.24294625595e-05, 7.96256572357e-05, 6.07229594607e-05, 4.87198012706e-05, 6.11156792729e-05, 4.63214382762e-05, 3.61387137673e-05, 3.22744999721e-05, 2.52909321716e-05, 2.17574524868e-05, 2.19044814003e-05, 1.81786181201e-05, 1.42747421705e-05, 1.45766534843e-05, 1.53420041897e-05, 1.51375661517e-05, 1.58846160048e-05, 1.06761199277e-05, 9.83002883004e-06, 8.83133179741e-06, 6.78706010149e-06, 4.9809009397e-06, 3.84199256587e-06, 3.45478997588e-06, 2.35097809309e-06], "dvar": [1.01530404208e-05, 2.43312151724e-05, 1.15616307994e-06, 5.33679667569e-07, 4.15726674419e-07, 1.2041269315e-07, 3.32959864124e-08, 2.28072451591e-07, 3.13191677037e-08, 3.30640368418e-08, 9.33206933951e-08, 3.84083698179e-09, 8.65725446886e-09, 4.8447486023e-09, 1.84024429029e-09, 6.32101615494e-09, 1.18688117112e-08, 3.2864160282e-09, 2.13174145003e-09, 1.05320250299e-08, 1.98507188465e-09, 1.30234711904e-09, 1.03961983466e-09, 4.95609109308e-10, 3.84763443328e-10, 4.93772966959e-10, 2.49728931978e-10, 1.69114902637e-10, 1.51488779854e-10, 1.89303336895e-10, 2.02635228042e-10, 2.66189459364e-10, 1.15452210292e-10, 8.88930457021e-11, 7.28264601402e-11, 4.44294150082e-11, 2.21798447664e-11, 1.39945485755e-11, 1.23523856074e-11, 5.59879182946e-12], "dvar2": [2.15928193938e-05, 5.97472535446e-05, 3.13136115437e-06, 1.4877597323e-06, 1.00313275198e-06, 3.00881879411e-07, 8.36935853954e-08, 3.85880497333e-07, 8.34041742337e-08, 5.77721870343e-08, 2.2147555967e-07, 9.03590713364e-09, 2.13436592844e-08, 1.2222474588e-08, 4.85983076004e-09, 1.54775126049e-08, 2.79331811015e-08, 8.06949529419e-09, 5.46926814948e-09, 2.72044324845e-08, 4.90291185429e-09, 3.4703855345e-09, 2.75384537396e-09, 1.35540068058e-09, 9.84915371482e-10, 1.1395863142e-09, 6.53607945544e-10, 4.4777553887e-10, 3.69528380118e-10, 4.50876169733e-10, 5.06157560309e-10, 6.96805835254e-10, 2.8567842536e-10, 2.06811082148e-10, 1.72268574405e-10, 1.03511373084e-10, 5.36788946626e-11, 3.26509444482e-11, 2.24122005676e-11, 1.06112679407e-11], "max": [0.058357283473, 0.0447316505015, 0.0109426341951, 0.00850836932659, 0.00796333327889, 0.00725395232439, 0.00269664940424, 0.0142731526867, 0.00199867901392, 0.00650963792577, 0.00610049674287, 0.00127564393915, 0.00149212696124, 0.00133755384013, 0.000808725075331, 0.00164568738546, 0.00211507128552, 0.00120113801677, 0.000684357190039, 0.0020981146954, 0.000762789044529, 0.000576939433813, 0.000500790018123, 0.000328407157212, 0.000354213407263, 0.000515614403412, 0.000261431676336, 0.000156163543579, 0.000149694780703, 0.000163039687322, 0.000116817100206, 0.000131181936013, 9.86097511486e-05, 8.24638991617e-05, 6.89937078278e-05, 8.33027879708e-05, 3.92557194573e-05, 3.17484737025e-05, 3.32642666763e-05, 2.7482792575e-05], "mean": [0.0036543153692, 0.00346214766614, 0.00112461787648, 0.00053798413137, 0.000613331154454, 0.000399414246203, 0.000170512590557, 0.00039028248284, 0.000147318263771, 0.000139518771903, 0.00018576340517, 4.96901775477e-05, 6.67931381031e-05, 5.92468859395e-05, 3.95215392928e-05, 5.58339634154e-05, 7.07069921191e-05, 5.69229414396e-05, 4.93379629916e-05, 6.28062553005e-05, 4.68726175313e-05, 3.37670935551e-05, 2.92308541248e-05, 2.45133596763e-05, 2.17690976569e-05, 2.23233455472e-05, 1.66205718415e-05, 1.24030675579e-05, 1.35375839818e-05, 1.28541396407e-05, 1.16077671919e-05, 1.16687815535e-05, 9.13937583391e-06, 8.54509380588e-06, 7.26574262444e-06, 5.44074691788e-06, 4.03107833336e-06, 3.17207309308e-06, 2.98750637739e-06, 2.06441700357e-06], "median": [0.00304468674585, 0.00250958884135, 0.000720151874702, 0.000299445091514, 0.000238786742557, 0.000243698683335, 8.36311955936e-05, 0.000164854340255, 7.70935002947e-05, 4.93470724905e-05, 8.77467828104e-05, 2.48393225775e-05, 3.39034668286e-05, 3.38995560014e-05, 2.49192926276e-05, 2.29611760005e-05, 2.82356668322e-05, 3.14598801197e-05, 2.91266933345e-05, 3.22541636706e-05, 2.97442384181e-05, 2.14120882447e-05, 1.67059879459e-05, 1.50360319822e-05, 1.22056526379e-05, 1.06191419036e-05, 8.09434823168e-06, 5.95714936935e-06, 6.44960573482e-06, 5.52551591682e-06, 4.13187672166e-06, 3.86642568628e-06, 2.92063486995e-06, 2.69328779723e-06, 2.33792775362e-06, 1.79779453902e-06, 1.51544372784e-06, 1.01256182461e-06, 8.92691957688e-07, 6.05634909334e-07], "min": [3.15850565688e-16, 1.58445930174e-16, 1.20164064364e-16, 7.15110014174e-17, 8.3135198512e-17, 5.54667283236e-17, 7.5743419914e-17, 1.73315249456e-16, 5.19151787328e-17, 2.03048157312e-17, 1.41306297895e-16, 8.12460834291e-17, 4.04732955539e-17, 2.18406204679e-17, 6.31396887729e-17, 9.65059907788e-17, 2.38472782467e-16, 3.73557305728e-16, 1.2534454434e-16, 4.60132053576e-17, 2.0519819163e-16, 1.31516026393e-16, 3.62229007682e-17, 8.58246869383e-17, 2.22279788917e-16, 1.09598400374e-16, 2.42316617982e-16, 1.08490434956e-16, 5.21658177671e-17, 1.13533636037e-16, 1.54290108602e-16, 2.39242126611e-16, 7.00119780939e-17, 1.25503111554e-16, 2.1922649984e-16, 6.10067274628e-17, 1.03161982296e-16, 9.61840388495e-17, 5.95744212188e-17, 8.82628646595e-17], "var": [1.92466541193e-05, 2.43765534833e-05, 1.74470642378e-06, 5.49266076177e-07, 8.14570171315e-07, 2.46973883122e-07, 6.02257941296e-08, 6.54902692077e-07, 4.37670060194e-08, 1.00299580197e-07, 1.33051926809e-07, 6.59290178007e-09, 1.19212320016e-08, 6.97471458366e-09, 2.68935851366e-09, 1.43168223943e-08, 1.90061335559e-08, 7.07615610551e-09, 4.31070734663e-09, 1.5095842798e-08, 4.08466238611e-09, 1.82192594345e-09, 1.54111889916e-09, 8.34954605455e-10, 7.96731292052e-10, 1.41097444839e-09, 4.50200654534e-10, 2.52439541493e-10, 2.65469896066e-10, 2.82194073664e-10, 2.61275917568e-10, 2.91243779094e-10, 1.77050998862e-10, 1.45281550679e-10, 1.01467598213e-10, 5.89028825715e-11, 3.23596462126e-11, 1.97308835936e-11, 2.0048743915e-11, 9.66256935575e-12]}, "mfcc": {"mean": [-614.951171875, 93.5668640137, -0.355756819248, 25.5182037354, 6.42738056183, 8.3288602829, -3.88445329666, 4.64041471481, 3.52564263344, 5.79360389709, 2.27495861053, 2.05197548866, 0.423114717007], "cov": [[9928.8828125, 95.989364624, 611.285522461, 465.901184082, 351.464599609, 304.770812988, 45.8231391907, 104.124824524, 49.0468826294, 13.8969955444, -37.1815490723, -43.4486083984, 60.7450942993], [95.989364624, 1652.87243652, -345.227478027, 138.897399902, 146.474273682, 5.3846540451, -11.1149921417, 15.0095148087, -12.2514877319, -39.2344093323, -56.3391456604, -26.6582622528, -11.0134086609], [611.285522461, -345.227478027, 1065.23205566, 214.492919922, 199.938110352, 217.913650513, 66.1225509644, 69.255897522, 20.7827987671, 72.3316497803, 65.216217041, 74.1872558594, 67.8047409058], [465.901184082, 138.897399902, 214.492919922, 430.067657471, 224.956710815, 159.827301025, 88.7129135132, 67.5745697021, 48.3955574036, 40.7167930603, 38.2422485352, 41.6641693115, 39.5465812683], [351.464599609, 146.474273682, 199.938110352, 224.956710815, 311.94140625, 178.517608643, 87.9786605835, 75.7776107788, 34.4859771729, 26.7082881927, 27.394329071, 13.6537590027, 22.7410316467], [304.770812988, 5.3846540451, 217.913650513, 159.827301025, 178.517608643, 206.134429932, 103.849876404, 81.6628646851, 57.5491943359, 48.2027854919, 40.3179969788, 25.1546325684, 13.4801111221], [45.8231391907, -11.1149921417, 66.1225509644, 88.7129135132, 87.9786605835, 103.849876404, 147.895599365, 111.03691864, 72.4690093994, 50.2485275269, 47.887298584, 22.7864513397, 8.74994945526], [104.124824524, 15.0095148087, 69.255897522, 67.5745697021, 75.7776107788, 81.6628646851, 111.03691864, 156.472442627, 101.554534912, 62.6108856201, 50.9093818665, 21.9816169739, 7.33927965164], [49.0468826294, -12.2514877319, 20.7827987671, 48.3955574036, 34.4859771729, 57.5491943359, 72.4690093994, 101.554534912, 130.513336182, 84.5566482544, 53.4229507446, 23.8003673553, 3.31151652336], [13.8969955444, -39.2344093323, 72.3316497803, 40.7167930603, 26.7082881927, 48.2027854919, 50.2485275269, 62.6108856201, 84.5566482544, 126.179611206, 94.3663482666, 48.5965881348, 11.2401971817], [-37.1815490723, -56.3391456604, 65.216217041, 38.2422485352, 27.394329071, 40.3179969788, 47.887298584, 50.9093818665, 53.4229507446, 94.3663482666, 129.274353027, 78.6704559326, 21.033662796], [-43.4486083984, -26.6582622528, 74.1872558594, 41.6641693115, 13.6537590027, 25.1546325684, 22.7864513397, 21.9816169739, 23.8003673553, 48.5965881348, 78.6704559326, 97.3760681152, 47.5856246948], [60.7450942993, -11.0134086609, 67.8047409058, 39.5465812683, 22.7410316467, 13.4801111221, 8.74994945526, 7.33927965164, 3.31151652336, 11.2401971817, 21.033662796, 47.5856246948, 74.9244155884]], "icov": [[0.000112476773211, -2.43523140853e-06, -3.08287089865e-05, -8.86942143552e-05, 1.67203452293e-05, -0.000144210818689, 0.000180997565622, -0.000106318257167, 3.17219996759e-06, 1.64480388776e-05, -2.72814231721e-05, 0.000204989613849, -0.000131828070153], [-2.43523140853e-06, 0.000775588385295, 0.000384181301342, -0.000237514817854, -0.000577075115871, 0.000131779219373, 0.000435214082245, -0.000513219682034, 0.00038315274287, -0.000370106601622, 0.000729682971723, -0.00051901146071, 0.000207938457606], [-3.08287089865e-05, 0.000384181301342, 0.00157504738308, -0.000261483044596, -0.000183806871064, -0.00153758621309, 0.0010501499055, -0.00104411947541, 0.00145563506521, -0.00120655144565, 0.000770233687945, -0.000687621708494, -0.000556672690436], [-8.86942143552e-05, -0.000237514817854, -0.000261483044596, 0.00424972223118, -0.00220001279376, -0.00053834496066, -0.00104424438905, 0.00108819885645, -0.000972530397121, 4.43268936579e-06, 0.000596294587012, -0.00127793243155, -0.000502941838931], [1.67203452293e-05, -0.000577075115871, -0.000183806871064, -0.00220001279376, 0.00862455461174, -0.00583087047562, 0.000816509476863, -0.00181666796561, 0.00173110153992, 0.00105502875522, -0.00225728191435, 0.00326469005086, -0.0019314379897], [-0.000144210818689, 0.000131779219373, -0.00153758621309, -0.00053834496066, -0.00583087047562, 0.0153466677293, -0.00671629328281, 0.0021703473758, -0.0024339791853, -0.000855506688822, 0.00159801566042, -0.00222912686877, 0.00259540160187], [0.000180997565622, 0.000435214082245, 0.0010501499055, -0.00104424438905, 0.000816509476863, -0.00671629328281, 0.0193653255701, -0.0112680578604, 0.00131716625765, 0.000654746196233, -0.00242407713085, 0.00125389837194, -0.000951493100729], [-0.000106318257167, -0.000513219682034, -0.00104411947541, 0.00108819885645, -0.00181666796561, 0.0021703473758, -0.0112680578604, 0.0219667535275, -0.0129212690517, 0.00351143185981, -0.00280545582063, 0.00133880844805, -0.000312052143272], [3.17219996759e-06, 0.00038315274287, 0.00145563506521, -0.000972530397121, 0.00173110153992, -0.0024339791853, 0.00131716625765, -0.0129212690517, 0.0251006856561, -0.0145699251443, 0.00571106048301, -0.0013719603885, 0.000618595804553], [1.64480388776e-05, -0.000370106601622, -0.00120655144565, 4.43268936579e-06, 0.00105502875522, -0.000855506688822, 0.000654746196233, 0.00351143185981, -0.0145699251443, 0.0286773052067, -0.0189243238419, 0.00502856541425, -0.00110418954864], [-2.72814231721e-05, 0.000729682971723, 0.000770233687945, 0.000596294587012, -0.00225728191435, 0.00159801566042, -0.00242407713085, -0.00280545582063, 0.00571106048301, -0.0189243238419, 0.0328558087349, -0.0215161871165, 0.0071013267152], [0.000204989613849, -0.00051901146071, -0.000687621708494, -0.00127793243155, 0.00326469005086, -0.00222912686877, 0.00125389837194, 0.00133880844805, -0.0013719603885, 0.00502856541425, -0.0215161871165, 0.0338102318347, -0.0159399695694], [-0.000131828070153, 0.000207938457606, -0.000556672690436, -0.000502941838931, -0.0019314379897, 0.00259540160187, -0.000951493100729, -0.000312052143272, 0.000618595804553, -0.00110418954864, 0.0071013267152, -0.0159399695694, 0.0227828864008]]}, "spectral_contrast_coeffs": {"dmean": [0.0557718425989, 0.0514490380883, 0.0411640740931, 0.0328877232969, 0.0238613542169, 0.0212924145162], "dmean2": [0.085999019444, 0.0833590179682, 0.0655930638313, 0.0536100640893, 0.038086168468, 0.0329462885857], "dvar": [0.0023953448981, 0.00197914801538, 0.00125837570522, 0.000750239007175, 0.00042757357005, 0.000407583225751], "dvar2": [0.00570608442649, 0.00472724391147, 0.00297845364548, 0.0018954500556, 0.00101804255974, 0.000931556569412], "max": [-0.283863455057, -0.433380454779, -0.40752401948, -0.555250287056, -0.56734764576, -0.525682747364], "mean": [-0.65705281496, -0.727729022503, -0.769450843334, -0.781679272652, -0.798028230667, -0.754070341587], "median": [-0.665997743607, -0.730814099312, -0.773386478424, -0.78616964817, -0.803128004074, -0.754057765007], "min": [-0.990326702595, -0.95815205574, -0.958321988583, -0.950150072575, -0.940424025059, -0.921126544476], "var": [0.00904036033899, 0.00605921447277, 0.00461186887696, 0.00269839819521, 0.00177714426536, 0.00179221224971]}, "spectral_contrast_valleys": {"dmean": [0.461923599243, 0.447027981281, 0.429030686617, 0.395987868309, 0.416133493185, 0.641022145748], "dmean2": [0.706019341946, 0.726482510567, 0.682242453098, 0.612936377525, 0.602501988411, 0.842417418957], "dvar": [0.239398449659, 0.21895340085, 0.214531823993, 0.213372051716, 0.229217678308, 0.452641040087], "dvar2": [0.438946545124, 0.505795538425, 0.465899944305, 0.447558373213, 0.472050338984, 0.871395647526], "max": [-5.2421298027, -4.46502351761, -5.47536087036, -5.43535852432, -5.39080572128, -7.6656999588], "mean": [-7.30306053162, -6.8389425277