{"lowlevel": {"average_loudness": 0.970956623554, "barkbands_crest": {"dmean": 1.48370480537, "dmean2": 2.36778473854, "dvar": 2.1306374073, "dvar2": 5.49024581909, "max": 25.6659603119, "mean": 9.66954898834, "median": 9.00483226776, "min": 3.67436051369, "var": 10.060251236}, "barkbands_flatness_db": {"dmean": 0.0314721353352, "dmean2": 0.0510303750634, "dvar": 0.00157549919095, "dvar2": 0.00349109782837, "max": 0.549971163273, "mean": 0.358555406332, "median": 0.365346878767, "min": 0.0774078145623, "var": 0.00352817517705}, "barkbands_kurtosis": {"dmean": 1.07826840878, "dmean2": 1.60205125809, "dvar": 8.16901493073, "dvar2": 10.52713871, "max": 317.818634033, "mean": 2.47565889359, "median": 1.42382955551, "min": -1.97146391869, "var": 125.948432922}, "barkbands_skewness": {"dmean": 0.229081973433, "dmean2": 0.341337352991, "dvar": 0.0669999942183, "dvar2": 0.133660554886, "max": 14.8878517151, "mean": 0.874152481556, "median": 0.919979333878, "min": -7.18133449554, "var": 0.738551914692}, "barkbands_spread": {"dmean": 0.944004833698, "dmean2": 1.5061378479, "dvar": 1.78797876835, "dvar2": 4.20890235901, "max": 163.338638306, "mean": 8.06076908112, "median": 5.73413085938, "min": 0.403588354588, "var": 298.825408936}, "dissonance": {"dmean": 0.041328124702, "dmean2": 0.0695518031716, "dvar": 0.00134737510234, "dvar2": 0.00363015872426, "max": 0.500000178814, "mean": 0.354054480791, "median": 0.36191996932, "min": 0.0815905407071, "var": 0.00457164784893}, "dynamic_complexity": 2.23053717613, "erbbands_crest": {"dmean": 1.83149302006, "dmean2": 2.70917749405, "dvar": 3.58252239227, "dvar2": 7.18564128876, "max": 30.9950237274, "mean": 11.8524503708, "median": 10.5517187119, "min": 2.53408765793, "var": 23.1510353088}, "erbbands_flatness_db": {"dmean": 0.0261247027665, "dmean2": 0.0423057600856, "dvar": 0.00145850563422, "dvar2": 0.00322832167149, "max": 0.495708286762, "mean": 0.359154820442, "median": 0.372101783752, "min": 0.0610268339515, "var": 0.00385359558277}, "erbbands_kurtosis": {"dmean": 0.800856947899, "dmean2": 1.20570421219, "dvar": 2.03842949867, "dvar2": 4.42754507065, "max": 105.301582336, "mean": 1.46434783936, "median": 0.853682041168, "min": -1.45027291775, "var": 12.0826873779}, "erbbands_skewness": {"dmean": 0.246206209064, "dmean2": 0.365361005068, "dvar": 0.0700457245111, "dvar2": 0.155964970589, "max": 6.62861299515, "mean": 0.458260089159, "median": 0.453809708357, "min": -1.49683177471, "var": 0.482254773378}, "erbbands_spread": {"dmean": 1.55706620216, "dmean2": 2.36147761345, "dvar": 3.3054766655, "dvar2": 7.33317518234, "max": 85.4697723389, "mean": 12.3893384933, "median": 11.723938942, "min": 1.27857112885, "var": 49.6129608154}, "hfc": {"dmean": 2.86160969734, "dmean2": 4.06937026978, "dvar": 15.6855125427, "dvar2": 30.6445827484, "max": 54.2087020874, "mean": 14.1349411011, "median": 12.4867591858, "min": 1.15913864793e-16, "var": 68.250579834}, "melbands_crest": {"dmean": 1.64838278294, "dmean2": 2.60617089272, "dvar": 2.56917524338, "dvar2": 6.15995836258, "max": 33.8125228882, "mean": 12.1605644226, "median": 11.4692230225, "min": 2.70225811005, "var": 15.6961011887}, "melbands_flatness_db": {"dmean": 0.0381694175303, "dmean2": 0.0619500130415, "dvar": 0.00242719589733, "dvar2": 0.00528587121516, "max": 0.73169273138, "mean": 0.484810858965, "median": 0.497235655785, "min": 0.00566191738471, "var": 0.00722607411444}, "melbands_kurtosis": {"dmean": 1.16371452808, "dmean2": 1.74576735497, "dvar": 2.11413788795, "dvar2": 4.58697795868, "max": 56.2953948975, "mean": 3.13636684418, "median": 2.60215806961, "min": -1.46777975559, "var": 12.0214357376}, "melbands_skewness": {"dmean": 0.234789863229, "dmean2": 0.350411951542, "dvar": 0.0602822974324, "dvar2": 0.126196533442, "max": 3.82940459251, "mean": 1.23283004761, "median": 1.24762272835, "min": -0.533409893513, "var": 0.432240515947}, "melbands_spread": {"dmean": 1.22707974911, "dmean2": 1.92381167412, "dvar": 4.72117805481, "dvar2": 9.18267345428, "max": 186.206939697, "mean": 8.98662090302, "median": 7.52132320404, "min": 0.634064495564, "var": 129.538497925}, "pitch_salience": {"dmean": 0.0447887480259, "dmean2": 0.0714621022344, "dvar": 0.00176359643228, "dvar2": 0.00431059068069, "max": 0.830864667892, "mean": 0.571163535118, "median": 0.567783772945, "min": 0.176943778992, "var": 0.00721053918824}, "silence_rate_20dB": {"dmean": 0, "dmean2": 0, "dvar": 0, "dvar2": 0, "max": 1, "mean": 1, "median": 1, "min": 1, "var": 0}, "silence_rate_30dB": {"dmean": 0.00288725271821, "dmean2": 0.00577533943579, "dvar": 0.00287870783359, "dvar2": 0.00747478287667, "max": 1, "mean": 0.997979223728, "median": 1, "min": 0, "var": 0.00201659463346}, "silence_rate_60dB": {"dmean": 0.000288725277642, "dmean2": 0.000433150446042, "dvar": 0.000288620503852, "dvar2": 0.000432971923146, "max": 1, "mean": 0.039549652487, "median": 0, "min": 0, "var": 0.0379854701459}, "spectral_centroid": {"dmean": 34.5563850403, "dmean2": 53.4446563721, "dvar": 16537.5136719, "dvar2": 17452.1074219, "max": 10893.4697266, "mean": 465.967285156, "median": 411.354187012, "min": 229.476669312, "var": 159909.296875}, "spectral_complexity": {"dmean": 1.20485055447, "dmean2": 1.98917126656, "dvar": 1.56123995781, "dvar2": 3.58187842369, "max": 23, "mean": 11.5269918442, "median": 12, "min": 0, "var": 9.74206638336}, "spectral_decrease": {"dmean": 1.91503479741e-09, "dmean2": 2.887002859e-09, "dvar": 5.04659252124e-18, "dvar2": 1.10283937887e-17, "max": 3.49964817639e-16, "mean": -1.03603614576e-08, "median": -9.91858684074e-09, "min": -3.07462144633e-08, "var": 2.16636997697e-17}, "spectral_energy": {"dmean": 0.00746404379606, "dmean2": 0.0112287504598, "dvar": 7.71139311837e-05, "dvar2": 0.000167566526216, "max": 0.12008459121, "mean": 0.0403846390545, "median": 0.0386087372899, "min": 1.07068521733e-20, "var": 0.000332233146764}, "spectral_energyband_high": {"dmean": 6.47747629046e-06, "dmean2": 1.24979742395e-05, "dvar": 7.44703354538e-10, "dvar2": 2.17153339754e-09, "max": 0.000289552757749, "mean": 3.81024165108e-06, "median": 8.6948617195e-08, "min": 7.78301185376e-21, "var": 4.05625533162e-10}, "spectral_energyband_low": {"dmean": 0.00310936989263, "dmean2": 0.0046984651126, "dvar": 1.9477081878e-05, "dvar2": 4.86958924739e-05, "max": 0.0604630485177, "mean": 0.011698057875, "median": 0.0103007424623, "min": 3.85294338923e-23, "var": 5.5402815633e-05}, "spectral_energyband_middle_high": {"dmean": 0.000676193158142, "dmean2": 0.00094757496845, "dvar": 1.42529711411e-06, "dvar2": 3.22448408951e-06, "max": 0.027324045077, "mean": 0.00224059424363, "median": 0.00166589696892, "min": 1.59810011973e-21, "var": 5.0843173085e-06}, "spectral_energyband_middle_low": {"dmean": 0.00588412862271, "dmean2": 0.00896714627743, "dvar": 5.13610066264e-05, "dvar2": 0.000110122025944, "max": 0.102768689394, "mean": 0.0286385584623, "median": 0.0265846177936, "min": 4.42813500738e-22, "var": 0.000217332781176}, "spectral_entropy": {"dmean": 0.208812087774, "dmean2": 0.333838254213, "dvar": 0.0930531993508, "dvar2": 0.219497010112, "max": 9.80611038208, "mean": 5.68627357483, "median": 5.61059570312, "min": 4.1914305687, "var": 0.314793080091}, "spectral_flux": {"dmean": 0.0241298265755, "dmean2": 0.0364945940673, "dvar": 0.00064162351191, "dvar2": 0.00142161571421, "max": 0.214387848973, "mean": 0.0556141845882, "median": 0.047578189522, "min": 1.03473916935e-10, "var": 0.00115325080696}, "spectral_kurtosis": {"dmean": 44.8253631592, "dmean2": 76.0545043945, "dvar": 1792.7220459, "dvar2": 4241.05664062, "max": 606.711853027, "mean": 117.265930176, "median": 116.36869812, "min": -1.13858985901, "var": 5167.59423828}, "spectral_rms": {"dmean": 0.000560646411031, "dmean2": 0.000838153704535, "dvar": 3.76250198997e-07, "dvar2": 8.19287379272e-07, "max": 0.0108238486573, "mean": 0.00604344625026, "median": 0.00613734964281, "min": 3.23198239005e-12, "var": 2.87610941996e-06}, "spectral_rolloff": {"dmean": 60.4609947205, "dmean2": 104.268531799, "dvar": 98775.3046875, "dvar2": 155306.203125, "max": 19853.6132812, "mean": 899.892700195, "median": 516.796875, "min": 215.33203125, "var": 6636521.5}, "spectral_skewness": {"dmean": 2.11760950089, "dmean2": 3.63092279434, "dvar": 3.20676159859, "dvar2": 8.26892566681, "max": 20.0924110413, "mean": 7.30559062958, "median": 7.3368434906, "min": 0.0182710494846, "var": 8.1469335556}, "spectral_spread": {"dmean": 405487.375, "dmean2": 691011.125, "dvar": 531084017664, "dvar2": 1053354819580.0, "max": 38579912, "mean": 1144928, "median": 744051.25, "min": 138987.625, "var": 3145588277250.0}, "spectral_strongpeak": {"dmean": 0.433015376329, "dmean2": 0.732198953629, "dvar": 0.469945222139, "dvar2": 1.07597148418, "max": 6.5015873909, "mean": 1.22978436947, "median": 0.898984372616, "min": 0, "var": 1.18128120899}, "zerocrossingrate": {"dmean": 0.00251915631816, "dmean2": 0.00333781051449, "dvar": 5.73711258767e-05, "dvar2": 8.88273207238e-05, "max": 0.77099609375, "mean": 0.0290053728968, "median": 0.01904296875, "min": 0.0048828125, "var": 0.00488228024915}, "barkbands": {"dmean": [3.29624017468e-05, 0.00178444327321, 0.00169339007698, 0.000832144171, 0.00311774178408, 0.00145683262963, 0.000707335071638, 0.00113819504622, 0.00128077308182, 0.000430728163337, 0.000316435791319, 7.49375321902e-05, 8.21206049295e-05, 2.46072231675e-05, 1.57265440066e-05, 5.54989164812e-05, 9.91006618278e-06, 3.57831231668e-06, 3.01055570162e-06, 1.15005605039e-06, 1.29988382014e-06, 2.17976253225e-06, 9.61748469308e-07, 6.06044466167e-07, 7.47752892494e-07, 2.01203022243e-07, 4.2943867129e-08], "dmean2": [5.54561447643e-05, 0.00278077390976, 0.00246493821032, 0.00125273771118, 0.00522987544537, 0.00232592783868, 0.00112107035238, 0.00161724421196, 0.00167193019297, 0.000606820511166, 0.00042460396071, 0.000119458556583, 0.000113961163152, 3.80548663088e-05, 2.31374797295e-05, 7.15144560672e-05, 1.470706502e-05, 6.03218586548e-06, 5.04411082147e-06, 2.01632269636e-06, 2.51485471381e-06, 4.24219024353e-06, 1.86596435015e-06, 1.17586102988e-06, 1.45658475503e-06, 3.89549455804e-07, 8.28409483233e-08], "dvar": [1.05332045308e-08, 6.40208600089e-06, 6.21020217295e-06, 1.85942667486e-06, 1.4206429114e-05, 5.28044620296e-06, 1.21016637422e-06, 5.36499510417e-06, 9.96112157736e-06, 1.00432259842e-06, 4.71387778589e-07, 2.03393195619e-08, 3.8013045156e-08, 1.81671955257e-09, 1.24349974762e-09, 1.07192956733e-08, 5.63115498675e-10, 1.01990652035e-10, 8.86414830426e-11, 1.45539639368e-11, 3.18133366872e-11, 9.23986998025e-11, 1.69127472444e-11, 6.52790712111e-12, 1.10747721757e-11, 6.44555155777e-13, 4.9090356888e-14], "dvar2": [2.61379859978e-08, 1.67743983184e-05, 1.44511232065e-05, 3.57048043043e-06, 3.84467166441e-05, 1.2313276784e-05, 3.21645302392e-06, 1.07632104118e-05, 1.56950009114e-05, 2.3338070605e-06, 7.27533119971e-07, 5.3330932559e-08, 7.24954318798e-08, 4.69391547853e-09, 3.0614484281e-09, 2.0973436321e-08, 1.28550559086e-09, 2.90283574955e-10, 2.53552123741e-10, 4.11875221429e-11, 9.29533255922e-11, 2.70452632511e-10, 4.9404157848e-11, 1.90401670125e-11, 3.24322374512e-11, 1.87531522429e-12, 1.43992876975e-13], "max": [0.00108863948844, 0.0335912145674, 0.0338255912066, 0.019787542522, 0.0482067465782, 0.0417771562934, 0.0179196055979, 0.0345024205744, 0.0575355626643, 0.0134990708902, 0.0225244425237, 0.00181300577242, 0.00429097376764, 0.000506100594066, 0.000666624866426, 0.00127416581381, 0.000308181450237, 0.000121537486848, 0.000147810205817, 4.52267304354e-05, 6.48647401249e-05, 0.000103553698864, 5.00519199704e-05, 2.95338068099e-05, 3.37470955856e-05, 9.26176744542e-06, 2.86081558443e-06], "mean": [3.01935833704e-05, 0.00412327656522, 0.00579391466454, 0.00304572237656, 0.00962004624307, 0.00579212978482, 0.00237804325297, 0.00286325113848, 0.00398643733934, 0.00113211863209, 0.00103675399441, 0.000173693493707, 0.000178385467734, 4.65434204671e-05, 3.27113702951e-05, 0.00011926121806, 1.87101595657e-05, 4.711514066e-06, 4.03889453082e-06, 1.2147676216e-06, 7.83473012689e-07, 1.20211643662e-06, 5.38519373094e-07, 3.36054085892e-07, 4.0343527985e-07, 1.11416113668e-07, 2.70274469472e-08], "median": [6.08318441664e-06, 0.00324611505494, 0.00470055267215, 0.00176564219873, 0.00809494592249, 0.00472502922639, 0.00192479137331, 0.00136858643964, 0.000506646989379, 0.000407120125601, 0.000565135269426, 0.000120083837828, 7.30446627131e-05, 2.38390566665e-05, 1.34005240398e-05, 5.54295766051e-05, 8.04779665486e-06, 2.26831889449e-06, 1.96967471311e-06, 3.13444104449e-07, 9.42671274373e-09, 5.10022335476e-09, 3.2265616845e-09, 2.17303997019e-09, 2.16546069964e-09, 2.36228903105e-09, 4.38052438767e-09], "min": [2.51849760449e-24, 3.02054998381e-23, 5.03128858918e-24, 1.08639951715e-23, 3.07925732792e-23, 5.18574345235e-23, 4.42792990355e-23, 3.75712802814e-23, 2.23403035465e-22, 9.42053906483e-23, 1.21489678601e-22, 5.31183213954e-23, 1.03310574678e-22, 7.27035351724e-23, 1.86077507444e-22, 1.98405686831e-22, 1.2218126349e-22, 2.31721138259e-22, 2.58782273239e-22, 4.49891892843e-22, 4.41691879371e-22, 4.75720132891e-22, 7.56632516742e-22, 6.66323366902e-22, 1.13258191472e-21, 1.82515140338e-21, 2.41383217698e-21], "var": [8.99026808554e-09, 1.26077620735e-05, 2.09785375773e-05, 1.22151068354e-05, 5.61737761018e-05, 2.56196326518e-05, 3.54815438186e-06, 1.42981243698e-05, 5.50629592908e-05, 3.37466531164e-06, 2.32622187468e-06, 3.80748979012e-08, 1.03813555086e-07, 3.70318264942e-09, 2.47588061164e-09, 2.28308891792e-08, 1.19588361436e-09, 7.71298025448e-11, 6.30873270291e-11, 1.09524264658e-11, 1.77946702512e-11, 4.89853053953e-11, 9.03985306749e-12, 3.48691149739e-12, 5.83622690106e-12, 3.45092661044e-13, 2.594990466e-14]}, "erbbands": {"dmean": [0.0174338147044, 0.505252718925, 1.75651693344, 2.2405064106, 4.59902477264, 14.7631263733, 9.62179946899, 13.9953813553, 14.0754776001, 21.4182834625, 14.044503212, 35.9748916626, 20.5890197754, 11.4473800659, 8.86068534851, 2.86525630951, 3.63577127457, 1.94975113869, 0.735498726368, 1.54168653488, 1.98886787891, 0.446345299482, 0.321206390858, 0.205945134163, 0.090181581676, 0.0495827458799, 0.0432456098497, 0.0675019323826, 0.0784354731441, 0.0502030178905, 0.0217958968133, 0.0144978864118, 0.0112326759845, 0.00962314475328, 0.00439872546121, 0.00139384821523, 0.000319978804328, 4.95917629451e-05, 9.28421650315e-06, 8.45152771944e-06], "dmean2": [0.0277634058148, 0.785146296024, 2.64184713364, 3.34283733368, 7.3220539093, 25.3616981506, 15.0475215912, 22.8019638062, 22.2807693481, 30.5695457458, 20.8575744629, 47.0512466431, 26.9732093811, 16.2802715302, 12.4944963455, 4.24184465408, 5.06511640549, 2.8380753994, 1.0935100317, 2.09633994102, 2.56430506706, 0.651499330997, 0.486993163824, 0.346089214087, 0.156986922026, 0.0897265002131, 0.0815487504005, 0.131316930056, 0.152657091618, 0.0977372378111, 0.0422171354294, 0.0280884783715, 0.0218379218131, 0.0187517292798, 0.00856644660234, 0.00270416354761, 0.000619195576292, 9.56334988587e-05, 1.64228313224e-05, 1.28193942146e-05], "dvar": [0.000706951075699, 0.508651018143, 7.31033658981, 13.6933317184, 53.2632751465, 397.66204834, 140.621109009, 617.628051758, 632.52130127, 1858.33520508, 747.622924805, 8485.27246094, 1700.35473633, 792.354064941, 284.979156494, 21.3482055664, 69.7326889038, 11.5116291046, 2.04625582695, 7.6138677597, 13.570640564, 1.18670940399, 0.475039541721, 0.53454208374, 0.0879995077848, 0.0297299604863, 0.0303359311074, 0.089413754642, 0.119830310345, 0.0540236905217, 0.00791618507355, 0.003414736595, 0.00259786099195, 0.00199734838679, 0.00034835684346, 3.15640681947e-05, 1.73822036231e-06, 4.66496956619e-08, 1.08498143803e-09, 1.05268425921e-10], "dvar2": [0.00187918590382, 1.33558964729, 17.8343925476, 27.1951503754, 126.174842834, 1138.13671875, 301.573974609, 1425.6192627, 1550.64501953, 3790.22851562, 1503.58361816, 13618.8261719, 3820.34399414, 1428.08935547, 577.525756836, 49.6291503906, 135.593963623, 25.8694114685, 4.85063266754, 16.0142784119, 26.5022010803, 2.87012910843, 1.17932057381, 1.54479408264, 0.251941680908, 0.0846767798066, 0.087663218379, 0.261853098869, 0.350609213114, 0.158356338739, 0.0230714082718, 0.00995008647442, 0.00759889697656, 0.00585757102817, 0.00101840379648, 9.19331796467e-05, 5.06752394358e-06, 1.36247336968e-07, 3.16182480198e-09, 2.30494998088e-10], "max": [0.381169348955, 9.27991294861, 36.3063659668, 50.7806472778, 157.178237915, 197.155227661, 178.204177856, 448.967193604, 405.749084473, 683.492797852, 609.022705078, 1680.41638184, 530.576904297, 855.537536621, 394.264465332, 64.6191864014, 178.121353149, 55.0153541565, 23.7794017792, 33.8743896484, 42.334815979, 12.0650844574, 9.11539363861, 10.8092575073, 4.12292766571, 1.9576177597, 1.96900725365, 3.2838332653, 3.79101490974, 3.56151652336, 1.00995123386, 0.639845192432, 0.677511870861, 0.484436869621, 0.18805988133, 0.0610971674323, 0.0153396409005, 0.0037992768921, 0.000555597420316, 0.000138139555929], "mean": [0.0437666736543, 1.23841536045, 6.32571983337, 9.13291835785, 15.0988016129, 36.4753684998, 34.3179321289, 51.9956016541, 57.0785446167, 54.7914009094, 36.5017204285, 113.991348267, 63.0181999207, 27.6506729126, 32.476978302, 8.48592948914, 8.31206607819, 4.44797420502, 1.71388781071, 3.56026315689, 4.45755958557, 0.910504639149, 0.622263908386, 0.267945230007, 0.112473420799, 0.0449727624655, 0.0300825480372, 0.0385147295892, 0.0434581339359, 0.0277119427919, 0.0123431961983, 0.00808403547853, 0.00618025893345, 0.00521703390405, 0.00239596469328, 0.000779009540565, 0.000188780511962, 3.01808613585e-05, 2.27562177315e-05, 4.5213237172e-05], "median": [0.0333328768611, 0.983287215233, 5.02738666534, 6.30259132385, 9.9168920517, 28.005027771, 28.7822113037, 35.2239151001, 43.0027084351, 31.0385437012, 21.3057441711, 15.1955184937, 29.1683540344, 11.8537464142, 15.6908311844, 6.07571029663, 3.90639424324, 2.76282739639, 1.04920387268, 2.12206506729, 2.12949466705, 0.448877453804, 0.340078473091, 0.112068988383, 0.053786419332, 0.0104746446013, 0.00175094383303, 0.000407735700719, 0.00021827177261, 0.000154902416398, 9.75868242676e-05, 7.18159208191e-05, 5.71127056901e-05, 4.79398149764e-05, 3.88351545553e-05, 2.88262235699e-05, 1.66348654602e-05, 3.50762047674e-06, 1.88694357348e-05, 4.31205662608e-05], "min": [1.43913826071e-21, 4.26248269912e-21, 8.08584800745e-21, 1.3674009615e-20, 6.89593270198e-20, 9.68985025068e-20, 2.06269777127e-19, 5.51068034276e-19, 8.20235242239e-19, 5.60282671203e-19, 1.50568998566e-18, 4.53544784224e-18, 3.90214967987e-18, 3.4104638044e-18, 4.37017053841e-18, 2.7537690452e-18, 5.02418419845e-18, 4.33674582422e-18, 5.09441555476e-18, 1.10562077368e-17, 1.08339955914e-17, 8.87322102478e-18, 1.23711982632e-17, 1.44900850952e-17, 1.36989439148e-17, 2.30822930136e-17, 1.57890332809e-17, 1.80639503646e-17, 1.62806432625e-17, 1.78535553214e-17, 2.28723065976e-17, 1.20629320372e-17, 1.46200384782e-17, 1.15588407273e-17, 8.26792582128e-18, 5.93124605634e-18, 3.60341505601e-18, 1.51197779909e-18, 3.22517720834e-19, 3.23583652914e-20], "var": [0.00156357896049, 1.04309237003, 24.3235530853, 78.3485107422, 280.768127441, 1024.69885254, 687.851806641, 2830.35107422, 2430.11352539, 4933.51611328, 2196.49853516, 45884.546875, 6676.63232422, 2785.40161133, 1906.72314453, 70.9263305664, 187.827133179, 27.5893096924, 4.42839002609, 15.7916173935, 30.9432125092, 2.08729863167, 0.857146441936, 0.357282787561, 0.0574478730559, 0.0214945357293, 0.0196287501603, 0.0478654392064, 0.0636022761464, 0.0285586714745, 0.0042704558, 0.00183146132622, 0.00137646042276, 0.00104994978756, 0.000184178104973, 1.68467158801e-05, 9.2762394388e-07, 2.48533620351e-08, 6.7320438113e-10, 4.24526469534e-10]}, "gfcc": {"mean": [-159.858581543, 258.236572266, -96.8236618042, -43.3013801575, -11.1312389374, -27.3845729828, -27.0762424469, 0.624657332897, -11.9724941254, -19.3293323517, -3.70562720299, -9.44852542877, -1.23128688335], "cov": [[16374.1650391, 4394.07177734, -1412.58154297, 291.499725342, 345.901153564, 85.0746612549, -238.98487854, 65.1850585938, -314.91418457, -294.957366943, -166.965652466, -29.8548221588, -22.5166606903], [4394.07177734, 3320.47802734, -415.492858887, -631.348693848, 900.941955566, -411.866271973, -45.285785675, -14.1708507538, -103.244598389, -276.371795654, 136.804916382, -117.100578308, 33.3443031311], [-1412.58154297, -415.492858887, 537.300598145, 36.9076919556, -223.878952026, 123.665939331, -17.1743221283, -65.0408935547, 29.2924804688, 45.365737915, -19.6857261658, 36.0789489746, 3.16815519333], [291.499725342, -631.348693848, 36.9076919556, 410.11340332, -222.996932983, 128.371170044, 20.2535247803, 14.7550830841, 8.58295726776, 51.4374351501, -50.3643531799, 48.2098083496, 2.45327877998], [345.901153564, 900.941955566, -223.878952026, -222.996932983, 573.520874023, -178.51461792, 24.5826740265, 44.1220397949, -14.2810821533, -100.038833618, 96.9349594116, -44.3345832825, 28.2208366394], [85.0746612549, -411.866271973, 123.665939331, 128.371170044, -178.51461792, 255.073287964, -8.97694587708, -56.0648002625, -2.06463980675, 38.3689422607, -44.9189987183, 52.1770057678, -2.50958180428], [-238.98487854, -45.285785675, -17.1743221283, 20.2535247803, 24.5826740265, -8.97694587708, 107.056770325, 34.4135437012, 2.08017134666, -5.37449979782, 12.4960641861, -16.2911758423, 9.92967319489], [65.1850585938, -14.1708507538, -65.0408935547, 14.7550830841, 44.1220397949, -56.0648002625, 34.4135437012, 109.840454102, 20.3367214203, -12.34653759, -1.06374621391, -20.6387138367, -6.58189535141], [-314.91418457, -103.244598389, 29.2924804688, 8.58295726776, -14.2810821533, -2.06463980675, 2.08017134666, 20.3367214203, 68.2568817139, 19.5536804199, -19.6948699951, -12.5072278976, -3.18576788902], [-294.957366943, -276.371795654, 45.365737915, 51.4374351501, -100.038833618, 38.3689422607, -5.37449979782, -12.34653759, 19.5536804199, 72.8115692139, -4.11235570908, 0.732472360134, -11.2192678452], [-166.965652466, 136.804916382, -19.6857261658, -50.3643531799, 96.9349594116, -44.9189987183, 12.4960641861, -1.06374621391, -19.6948699951, -4.11235570908, 78.8909988403, 19.0928440094, -2.60377764702], [-29.8548221588, -117.100578308, 36.0789489746, 48.2098083496, -44.3345832825, 52.1770057678, -16.2911758423, -20.6387138367, -12.5072278976, 0.732472360134, 19.0928440094, 79.179359436, 21.4480342865], [-22.5166606903, 33.3443031311, 3.16815519333, 2.45327877998, 28.2208366394, -2.50958180428, 9.92967319489, -6.58189535141, -3.18576788902, -11.2192678452, -2.60377764702, 21.4480342865, 67.4280700684]], "icov": [[0.00121371692512, -0.00311860558577, 0.0025630320888, -0.00296083115973, 0.0023529578466, -0.0032687978819, 0.00204945122823, -0.00333415484056, 0.00274162436835, -0.00244819908403, 0.0023285462521, -0.000661924888846, 0.000223738243221], [-0.00311860558577, 0.00880400370806, -0.00645057531074, 0.00802167411894, -0.00666686473414, 0.00871118344367, -0.00481663411483, 0.00919435918331, -0.0066776801832, 0.00791002158076, -0.00616656942293, 0.00236785807647, -0.000653262832202], [0.0025630320888, -0.00645057531074, 0.00808297190815, -0.00580955948681, 0.00615382613614, -0.00776859559119, 0.00451765302569, -0.00596113549545, 0.00392329040915, -0.00409128982574, 0.00307662924752, -0.000763253250625, -0.000368283683201], [-0.00296083115973, 0.00802167411894, -0.00580955948681, 0.011422961019, -0.00543413544074, 0.0073771555908, -0.00608290405944, 0.007053416688, -0.00581970717758, 0.00473515084013, -0.0033834904898, -0.000949020846747, -0.000280866748653], [0.0023529578466, -0.00666686473414, 0.00615382613614, -0.00543413544074, 0.0100731970742, -0.00730249285698, 0.00489069707692, -0.00728729972616, 0.00231908261776, -0.000231702404562, -0.0030536770355, 0.00298844953068, -0.00292561529204], [-0.0032687978819, 0.00871118344367, -0.00776859559119, 0.0073771555908, -0.00730249285698, 0.0169731806964, -0.0078896638006, 0.0122820716351, -0.00558654498309, 0.00399444438517, 0.000880867999513, -0.00486783543602, 0.00272911088541], [0.00204945122823, -0.00481663411483, 0.00451765302569, -0.00608290405944, 0.00489069707692, -0.0078896638006, 0.016981555149, -0.00936625152826, 0.003936461173, -0.000102322403109, -0.00434043025598, 0.00730937346816, -0.00500391470268], [-0.00333415484056, 0.00919435918331, -0.00596113549545, 0.007053416688, -0.00728729972616, 0.0122820716351, -0.00936625152826, 0.0235661678016, -0.0116284433752, 0.0100833028555, -0.00491425720975, 0.00151531968731, 0.00200664484873], [0.00274162436835, -0.0066776801832, 0.00392329040915, -0.00581970717758, 0.00231908261776, -0.00558654498309, 0.003936461173, -0.0116284433752, 0.0277245603502, -0.0143503714353, 0.0150526380166, -0.00402345461771, 0.00213506817818], [-0.00244819908403, 0.00791002158076, -0.00409128982574, 0.00473515084013, -0.000231702404562, 0.00399444438517, -0.000102322403109, 0.0100833028555, -0.0143503714353, 0.0344960615039, -0.0190868321806, 0.0124586625025, -0.00310250348412], [0.0023285462521, -0.00616656942293, 0.00307662924752, -0.0033834904898, -0.0030536770355, 0.000880867999513, -0.00434043025598, -0.00491425720975, 0.0150526380166, -0.0190868321806, 0.0403241328895, -0.0223240759224, 0.0114694498479], [-0.000661924888846, 0.00236785807647, -0.000763253250625, -0.000949020846747, 0.00298844953068, -0.00486783543602, 0.00730937346816, 0.00151531968731, -0.00402345461771, 0.0124586625025, -0.0223240759224, 0.0316693335772, -0.0127348154783], [0.000223738243221, -0.000653262832202, -0.000368283683201, -0.000280866748653, -0.00292561529204, 0.00272911088541, -0.00500391470268, 0.00200664484873, 0.00213506817818, -0.00310250348412, 0.0114694498479, -0.0127348154783, 0.0215930528939]]}, "melbands": {"dmean": [0.000331546529196, 0.000812217534985, 0.000406378385378, 0.000628527544905, 0.00046308763558, 0.000316490331898, 0.000197841523914, 0.000256231345702, 9.51286929194e-05, 0.000241162852035, 9.43661143538e-05, 4.29476349382e-05, 3.10801187879e-05, 1.27299908854e-05, 4.96453412779e-06, 1.05662447822e-05, 3.04647437588e-06, 1.06849358872e-06, 1.26862016714e-06, 4.82131144963e-06, 1.48076503592e-06, 3.8403157987e-07, 5.75371075229e-07, 1.5411826837e-07, 1.85692570653e-07, 7.04385456629e-08, 5.28799510846e-08, 2.88155952433e-08, 2.84214127788e-08, 2.32905676967e-08, 4.68142360432e-08, 4.75939891942e-08, 3.81950222561e-08, 2.31693100261e-08, 1.20242056312e-08, 1.21008154608e-08, 7.01988334129e-09, 8.30439716992e-09, 7.30804439186e-09, 8.07320787999e-09], "dmean2": [0.000520375557244, 0.00123443326447, 0.000607466790825, 0.00106800138019, 0.00074879283784, 0.000510980025865, 0.000311626645271, 0.000363488827134, 0.000146488149767, 0.000311588490149, 0.000125415681396, 6.20213613729e-05, 4.35867295892e-05, 1.84452728718e-05, 7.68388053984e-06, 1.44255818668e-05, 4.62781054011e-06, 1.62727701536e-06, 1.87495845694e-06, 6.25140683042e-06, 1.93619075617e-06, 5.93641118485e-07, 8.18041314687e-07, 2.59283069681e-07, 3.11263903541e-07, 1.2374729863e-07, 9.15058748774e-08, 5.3035147829e-08, 5.29517514281e-08, 4.49490791254e-08, 9.11763251565e-08, 9.26021499481e-08, 7.44343395809e-08, 4.50725927692e-08, 2.33059918031e-08, 2.343820249e-08, 1.36127926709e-08, 1.614307088e-08, 1.42103591116e-08, 1.57447459515e-08], "dvar": [2.30231151477e-07, 1.45843227983e-06, 3.49042096559e-07, 6.48637978884e-07, 3.19042783303e-07, 2.89362645844e-07, 1.18516958025e-07, 2.82759316406e-07, 3.78480748964e-08, 3.80191067961e-07, 4.02912903041e-08, 1.1367513153e-08, 3.47518547272e-09, 5.41404310272e-10, 1.25189109079e-10, 6.81115996937e-10, 2.66936282106e-11, 3.91763184393e-12, 9.67721215661e-12, 8.40860991946e-11, 7.81285799945e-12, 9.57176937537e-13, 2.19967490403e-12, 1.81395453129e-13, 4.28043044802e-13, 5.41783381125e-14, 2.88471097053e-14, 1.11376167417e-14, 1.32467414858e-14, 9.42463575444e-15, 4.34445536458e-14, 4.36869609227e-14, 3.2230528603e-14, 1.16703530317e-14, 2.47357295169e-15, 2.52899897611e-15, 8.3191653258e-16, 1.46883475164e-15, 1.14645792944e-15, 1.40769453707e-15], "dvar2": [6.07359652349e-07, 3.67652341993e-06, 7.07211995632e-07, 1.8504590571e-06, 7.51664117615e-07, 6.72128692258e-07, 2.91807594976e-07, 5.73996601361e-07, 7.70457475596e-08, 5.93403058247e-07, 9.27682535234e-08, 2.13006039473e-08, 6.43895736729e-09, 1.23102861238e-09, 3.11704412281e-10, 1.25133592377e-09, 6.83264764212e-11, 9.32469986642e-12, 2.38645631034e-11, 1.64108185374e-10, 1.51383731939e-11, 2.47369095693e-12, 4.7711522233e-12, 5.15761316034e-13, 1.23447487042e-12, 1.53627531161e-13, 8.20990546596e-14, 3.14889614221e-14, 3.80858674676e-14, 2.74620990282e-14, 1.27287096878e-13, 1.27805250649e-13, 9.45466442767e-14, 3.4213188787e-14, 7.21210946324e-15, 7.38368784517e-15, 2.42471990294e-15, 4.29937068071e-15, 3.35772965896e-15, 4.13045028817e-15], "max": [0.0065833623521, 0.0156556814909, 0.00918285455555, 0.0116253746673, 0.00864170584828, 0.009825325571, 0.00567467045039, 0.00830037612468, 0.004872453399, 0.0113547593355, 0.00261517241597, 0.00313261686824, 0.00150393124204, 0.000488008605316, 0.000169903069036, 0.000589821138419, 6.28121269983e-05, 3.48740031768e-05, 6.47135893814e-05, 0.000116915209219, 2.83222270809e-05, 1.26299300973e-05, 2.17418782995e-05, 4.99288717037e-06, 9.87202020042e-06, 3.07952109324e-06, 2.48911260314e-06, 1.67169378074e-06, 1.43207034853e-06, 1.06132984001e-06, 2.40412896346e-06, 2.47896173278e-06, 2.51270603258e-06, 1.70625764895e-06, 5.68296229631e-07, 6.65889615448e-07, 3.54615053766e-07, 5.55476503905e-07, 3.78207857921e-07, 3.89231018971e-07], "mean": [0.000764889409766, 0.00279795704409, 0.00174539827276, 0.00172148947604, 0.00150072295219, 0.0012280564988, 0.000793142302427, 0.000641291961074, 0.000236073450651, 0.000764120311942, 0.000281471031485, 9.35437274165e-05, 0.000107368941826, 4.29603242083e-05, 1.1605940017e-05, 2.27950531553e-05, 6.13754491496e-06, 2.28454905482e-06, 2.5721858492e-06, 1.01892828752e-05, 3.41362124345e-06, 7.00647603935e-07, 1.13017085823e-06, 2.03977663205e-07, 2.3514064651e-07, 8.26859078984e-08, 6.16757631633e-08, 2.22894716018e-08, 2.04586889652e-08, 1.40759883749e-08, 2.62504133985e-08, 2.62742201329e-08, 2.09962252029e-08, 1.2815760897e-08, 6.81184575413e-09, 6.75969813457e-09, 3.90516241566e-09, 4.53699122716e-09, 3.9918539585e-09, 4.34325109211e-09], "median": [0.000613421667367, 0.00221680733375, 0.00130976131186, 0.00142935104668, 0.0011923678685, 0.000901565363165, 0.00060339900665, 0.000343537773006, 0.000120409269584, 9.29399975576e-05, 0.000131408596644, 3.20162580465e-05, 6.15283715888e-05, 2.34494946199e-05, 5.79939205636e-06, 7.03778277966e-06, 3.43591045748e-06, 1.34081074066e-06, 9.74385329755e-07, 4.45819750894e-06, 1.50470430071e-06, 3.06489198465e-07, 4.23421056439e-07, 1.0295312336e-07, 8.08133364671e-08, 3.06398533212e-08, 2.25778613583e-08, 2.28024799043e-09, 1.20599830122e-09, 1.88358634245e-10, 1.67195091105e-10, 1.07728187482e-10, 8.30447932643e-11, 6.98818503064e-11, 4.44806066979e-11, 3.48434614494e-11, 2.77860408293e-11, 2.39642368449e-11, 2.08727046064e-11, 1.94694173977e-11], "min": [9.59070898386e-24, 4.58046838692e-24, 3.88182161482e-24, 7.42650932229e-24, 6.26001123541e-24, 1.20295584582e-23, 1.11586347196e-23, 6.81362514122e-24, 1.72513135686e-23, 2.93829545723e-23, 1.85534531327e-23, 1.25569955926e-23, 1.68119953528e-23, 4.96750997386e-24, 1.3037087662e-23, 8.25748593352e-24, 7.98589926765e-24, 6.20994617806e-24, 1.49760178369e-23, 1.16955697393e-23, 1.37118382596e-23, 7.55473550699e-24, 1.01453689192e-23, 1.15343360366e-23, 1.18591479366e-23, 9.86551183563e-24, 1.06584921725e-23, 1.67174345961e-23, 8.30464640501e-24, 1.14873704137e-23, 9.8605506894e-24, 8.57494170558e-24, 9.56109277889e-24, 1.03294906322e-23, 1.33030237172e-23, 1.21607318272e-23, 5.55028333417e-24, 1.03893604418e-23, 1.03073804388e-23, 9.63600143273e-24], "var": [4.2819834789e-07, 4.26125416197e-06, 2.14912165575e-06, 1.75978880179e-06, 1.54797965024e-06, 1.36407265927e-06, 4.56800080428e-07, 7.45308966543e-07, 1.11939179703e-07, 2.11648330151e-06, 1.45042065469e-07, 3.80959619406e-08, 1.95891267651e-08, 2.92814550384e-09, 3.25503096699e-10, 1.94670835008e-09, 5.55343930564e-11, 8.09973442484e-12, 1.8944746813e-11, 1.78186312927e-10, 2.02011896794e-11, 1.33805542601e-12, 5.42848491852e-12, 1.34328556308e-13, 2.9389186397e-13, 3.63839783768e-14, 2.02045733524e-14, 9.00095919158e-15, 9.00961502127e-15, 5.33351786469e-15, 2.31429086236e-14, 2.3188167288e-14, 1.7016317622e-14, 6.17352382661e-15, 1.33451237274e-15, 1.35469536793e-15, 4.45785922723e-16, 7.76978610896e-16, 6.0560176987e-16, 7.38698280333e-16]}, "mfcc": {"mean": [-786.237731934, 273.602416992, 11.0789880753, -6.16204977036, 17.5675525665, -12.7981672287, -8.58478069305, 7.84001970291, -1.85878133774, -5.65670394897, -5.85946273804, -4.6754732132, 3.57248926163], "cov": [[5321.68115234, 2403.63745117, -431.465362549, 55.4629249573, 162.541778564, -133.4793396, -6.71098279953, 194.495437622, 49.1402168274, 25.3593864441, -26.1586685181, -92.4512710571, 85.6153564453], [2403.63745117, 2789.04345703, -128.881530762, -178.633865356, 368.841766357, -150.188598633, 8.20873260498, 161.899246216, -8.27840518951, -6.25419569016, -53.8172912598, -51.6458816528, 58.7975349426], [-431.465362549, -128.881530762, 510.377105713, 30.0636520386, -130.175369263, 141.7787323, -17.4674320221, -70.0166015625, 29.4409675598, -37.4284934998, -14.6526641846, 35.1690979004, -32.1339263916], [55.4629249573, -178.633865356, 30.0636520386, 152.217132568, -19.6747493744, -24.4768657684, 1.99078047276, 7.61207771301, 17.2050476074, 8.26685523987, -1.79381465912, 21.018037796, 23.9021492004], [162.541778564, 368.841766357, -130.175369263, -19.6747493744, 189.68258667, -16.0865707397, -6.66143655777, 47.8041534424, -4.40549612045, -11.8116149902, -12.006354332, -13.3737039566, 33.829208374], [-133.4793396, -150.188598633, 141.7787323, -24.4768657684, -16.0865707397, 169.918411255, 24.2617359161, -38.5778007507, 10.6507806778, -17.712474823, -11.1922140121, -8.02254676819, -15.5040626526], [-6.71098279953, 8.20873260498, -17.4674320221, 1.99078047276, -6.66143655777, 24.2617359161, 73.8304443359, 32.332775116, -3.95010375977, 5.40861272812, -1.7151132822, -0.4280641675, 0.653765380383], [194.495437622, 161.899246216, -70.0166015625, 7.61207771301, 47.8041534424, -38.5778007507, 32.332775116, 92.83177948, 27.1779117584, -8.09893608093, -7.77211904526, -0.758010864258, 16.6271266937], [49.1402168274, -8.27840518951, 29.4409675598, 17.2050476074, -4.40549612045, 10.6507806778, -3.95010375977, 27.1779117584, 71.2272872925, 25.9847335815, -13.5681810379, -2.55291199684, -0.302436619997], [25.3593864441, -6.25419569016, -37.4284934998, 8.26685523987, -11.8116149902, -17.712474823, 5.40861272812, -8.09893608093, 25.9847335815, 80.5911865234, 31.0377216339, -18.5606365204, -28.4663391113], [-26.1586685181, -53.8172912598, -14.6526641846, -1.79381465912, -12.006354332, -11.1922140121, -1.7151132822, -7.77211904526, -13.5681810379, 31.0377216339, 72.7443313599, 21.8920059204, -36.1895103455], [-92.4512710571, -51.6458816528, 35.1690979004, 21.018037796, -13.3737039566, -8.02254676819, -0.4280641675, -0.758010864258, -2.55291199684, -18.5606365204, 21.8920059204, 78.1597976685, 22.0645904541], [85.6153564453, 58.7975349426, -32.1339263916, 23.9021492004, 33.829208374, -15.5040626526, 0.653765380383, 16.6271266937, -0.302436619997, -28.4663391113, -36.1895103455, 22.0645904541, 84.0564880371]], "icov": [[0.000858833955135, -0.00129558518529, 0.00197458267212, -0.00227574352175, 0.00323828589171, -0.00277779600583, 0.00243951263838, -0.00135032460093, -0.000318962236634, 0.000956185278483, -0.00135067268275, 0.000927066546865, -0.00063620810397], [-0.00129558518529, 0.00265463232063, -0.00373990111984, 0.00442452728748, -0.00634292140603, 0.00515487371013, -0.0038958156947, 0.00116420339327, 0.00123903818894, -0.00249141221866, 0.00273258145899, -0.00138836016413, 0.000780041445978], [0.00197458267212, -0.00373990111984, 0.00936266686767, -0.00733410520479, 0.0109819946811, -0.0104276509956, 0.00757956504822, -0.00166763516609, -0.002845460549, 0.00494136614725, -0.00233284034766, -5.39243555977e-05, 0.000870362157002], [-0.00227574352175, 0.00442452728748, -0.00733410520479, 0.0154164899141, -0.0102537833154, 0.0109372949228, -0.00845178868622, 0.00334358704276, -0.000462325522676, -0.00450675189495, 0.00326534244232, -0.00274646515027, -0.00181725679431], [0.00323828589171, -0.00634292140603, 0.0109819946811, -0.0102537833154, 0.0248547829688, -0.0179922711104, 0.0184643417597, -0.0142132397741, 0.00493281055242, 0.000359323137673, -0.00335289957002, 0.00222048419528, -0.00428815372288], [-0.00277779600583, 0.00515487371013, -0.0104276509956, 0.0109372949228, -0.0179922711104, 0.0286498293281, -0.0273859407753, 0.0245997924358, -0.0177073869854, 0.0127263916656, -0.00608916627243, 0.00595413520932, 6.10779970884e-05], [0.00243951263838, -0.0038958156947, 0.00757956504822, -0.00845178868622, 0.0184643417597, -0.0273859407753, 0.0484673418105, -0.0403905063868, 0.0321414060891, -0.0256514865905, 0.0159971881658, -0.0106283975765, 0.00177743076347], [-0.00135032460093, 0.00116420339327, -0.00166763516609, 0.00334358704276, -0.0142132397741, 0.0245997924358, -0.0403905063868, 0.0566310361028, -0.044645447284, 0.0364896059036, -0.0228973701596, 0.0139026427642, -0.00296841049567], [-0.000318962236634, 0.00123903818894, -0.002845460549, -0.000462325522676, 0.00493281055242, -0.0177073869854, 0.0321414060891, -0.044645447284, 0.0598476491868, -0.0454970411956, 0.0339155644178, -0.019530935213, 0.00636796979234], [0.000956185278483, -0.00249141221866, 0.00494136614725, -0.00450675189495, 0.000359323137673, 0.0127263916656, -0.0256514865905, 0.0364896059036, -0.0454970411956, 0.0555003322661, -0.0363774895668, 0.0230544656515, -0.00395805668086], [-0.00135067268275, 0.00273258145899, -0.00233284034766, 0.00326534244232, -0.00335289957002, -0.00608916627243, 0.0159971881658, -0.0228973701596, 0.0339155644178, -0.0363774895668, 0.0516075193882, -0.0285243783146, 0.0197841767222], [0.000927066546865, -0.00138836016413, -5.39243555977e-05, -0.00274646515027, 0.00222048419528, 0.00595413520932, -0.0106283975765, 0.0139026427642, -0.019530935213, 0.0230544656515, -0.0285243783146, 0.0317378528416, -0.0145501978695], [-0.00063620810397, 0.000780041445978, 0.000870362157002, -0.00181725679431, -0.00428815372288, 6.10779970884e-05, 0.00177743076347, -0.00296841049567, 0.00636796979234, -0.00395805668086, 0.0197841767222, -0.0145501978695, 0.0261787455529]]}, "spectral_contrast_coeffs": {"dmean": [0.0415624715388, 0.0372420027852, 0.03455260396, 0.0399239137769, 0.0319463051856, 0.0340701416135], "dmean2": [0.0701478868723, 0.0596560016274, 0.0506811141968, 0.0601680018008, 0.047360625118, 0.0569253750145], "dvar": [0.00116114609409, 0.00109584641177, 0.00112363032531, 0.00154797220603, 0.00134305341635, 0.000829665747005], "dvar2": [0.00323326932266, 0.00267119565979, 0.00243094540201, 0.00353991682641, 0.00249504880048, 0.00217200093903], "max": [-0.315091192722, -0.417970985174, -0.392609000206, -0.54906219244, -0.570546030998, -0.694516539574], "mean": [-0.586428523064, -0.65040576458, -0.663620889187, -0.700076043606, -0.711975932121, -0.882145285606], "median": [-0.580545544624, -0.65212470293, -0.666695535183, -0.686238229275, -0.696044445038, -0.886736035347], "min": [-0.958833694458, -0.964668154716, -0.960114777088, -0.956551015377, -0.961083292961, -0.962601006031], "var": [0.00445125903934, 0.00527173746377, 0.00649000471458, 0.00487030018121, 0.00508859008551, 0.00238836207427]}, "spectral_contrast_valleys": {"dmean": [0.32707709074, 0.339128881693, 0.352534115314, 0.505433142185, 0.55237019062, 0.927384257317], "dmean2": [0.538153767586, 0.530905723572, 0.536271095276, 0.755889356136, 0.815977752209, 1.53801953793], "dvar": [0.128926932812, 0.142164841294, 0.175918251276, 0.316593199968, 0.565880179405, 0.699182093143], "d