{"lowlevel": {"average_loudness": 0.966738283634, "barkbands_crest": {"dmean": 2.24253964424, "dmean2": 3.69134998322, "dvar": 5.01619768143, "dvar2": 12.9479455948, "max": 23.4286251068, "mean": 9.1614151001, "median": 8.33325576782, "min": 2.44070696831, "var": 12.2677965164}, "barkbands_flatness_db": {"dmean": 0.0173014104366, "dmean2": 0.0263629294932, "dvar": 0.000287794740871, "dvar2": 0.000637375283986, "max": 0.506310224533, "mean": 0.120801448822, "median": 0.114442273974, "min": 0.0149146644399, "var": 0.00224649044685}, "barkbands_kurtosis": {"dmean": 2.2279856205, "dmean2": 3.40007352829, "dvar": 11.7350625992, "dvar2": 22.7379627228, "max": 206.752105713, "mean": 5.72381591797, "median": 3.2226319313, "min": -1.82127833366, "var": 197.906570435}, "barkbands_skewness": {"dmean": 0.395178884268, "dmean2": 0.605143487453, "dvar": 0.149554237723, "dvar2": 0.3310739398, "max": 9.83620834351, "mean": 1.77466773987, "median": 1.70099842548, "min": -2.1329498291, "var": 1.14342010021}, "barkbands_spread": {"dmean": 4.40918874741, "dmean2": 6.53926467896, "dvar": 33.199886322, "dvar2": 64.4024963379, "max": 95.7552719116, "mean": 18.7719097137, "median": 16.7211303711, "min": 0.297401219606, "var": 112.682746887}, "dissonance": {"dmean": 0.0191383007914, "dmean2": 0.0319846384227, "dvar": 0.000286579044769, "dvar2": 0.000759001297411, "max": 0.500000059605, "mean": 0.455929934978, "median": 0.461200535297, "min": 0.325579732656, "var": 0.000704247446265}, "dynamic_complexity": 1.94727063179, "erbbands_crest": {"dmean": 2.35881733894, "dmean2": 3.65437650681, "dvar": 5.47731637955, "dvar2": 12.6848640442, "max": 28.9640216827, "mean": 8.94296455383, "median": 7.77719736099, "min": 2.17642045021, "var": 20.4124927521}, "erbbands_flatness_db": {"dmean": 0.0152792520821, "dmean2": 0.0211760196835, "dvar": 0.000225642113946, "dvar2": 0.000442135758931, "max": 0.380584329367, "mean": 0.132894635201, "median": 0.128705918789, "min": 0.0566983893514, "var": 0.00141199142672}, "erbbands_kurtosis": {"dmean": 0.721172392368, "dmean2": 1.10105645657, "dvar": 1.25628077984, "dvar2": 2.53748059273, "max": 68.9143981934, "mean": 0.72147166729, "median": -0.0421164035797, "min": -1.7815592289, "var": 18.9076900482}, "erbbands_skewness": {"dmean": 0.270646095276, "dmean2": 0.409309655428, "dvar": 0.0588207840919, "dvar2": 0.128034561872, "max": 7.76932668686, "mean": 0.585693240166, "median": 0.507368028164, "min": -1.46531057358, "var": 0.526620984077}, "erbbands_spread": {"dmean": 7.01816892624, "dmean2": 10.2736930847, "dvar": 56.6995353699, "dvar2": 113.466331482, "max": 144.726119995, "mean": 39.0779266357, "median": 37.1629867554, "min": 3.43497657776, "var": 287.255706787}, "hfc": {"dmean": 5.80959415436, "dmean2": 8.62856674194, "dvar": 70.1371612549, "dvar2": 158.392486572, "max": 133.587600708, "mean": 23.4757614136, "median": 20.1604537964, "min": 1.08095929361e-16, "var": 218.446182251}, "melbands_crest": {"dmean": 2.88082313538, "dmean2": 4.70289134979, "dvar": 7.28391551971, "dvar2": 17.9170761108, "max": 31.6345672607, "mean": 13.6087760925, "median": 12.4586896896, "min": 1.73982429504, "var": 30.2934894562}, "melbands_flatness_db": {"dmean": 0.0210220571607, "dmean2": 0.03168316558, "dvar": 0.000436431786511, "dvar2": 0.000967467029113, "max": 0.61772942543, "mean": 0.199919238687, "median": 0.195085927844, "min": 0.00347305415198, "var": 0.00359471002594}, "melbands_kurtosis": {"dmean": 5.02540063858, "dmean2": 7.63372087479, "dvar": 64.7099456787, "dvar2": 124.166519165, "max": 333.493469238, "mean": 14.596991539, "median": 9.21566390991, "min": -1.37651157379, "var": 755.276550293}, "melbands_skewness": {"dmean": 0.548501074314, "dmean2": 0.833853781223, "dvar": 0.326261013746, "dvar2": 0.721816420555, "max": 15.619146347, "mean": 2.67536878586, "median": 2.55392503738, "min": -0.72916162014, "var": 2.31920742989}, "melbands_spread": {"dmean": 4.13278627396, "dmean2": 6.32183122635, "dvar": 24.2750511169, "dvar2": 54.0948104858, "max": 153.545288086, "mean": 18.5164604187, "median": 16.042350769, "min": 0.250524580479, "var": 229.175628662}, "pitch_salience": {"dmean": 0.063616655767, "dmean2": 0.104048512876, "dvar": 0.00358925503679, "dvar2": 0.00936079118401, "max": 0.859696030617, "mean": 0.554085731506, "median": 0.56506562233, "min": 0.0496274717152, "var": 0.0131859919056}, "silence_rate_20dB": {"dmean": 0, "dmean2": 0, "dvar": 0, "dvar2": 0, "max": 1, "mean": 1, "median": 1, "min": 1, "var": 0}, "silence_rate_30dB": {"dmean": 0, "dmean2": 0, "dvar": 0, "dvar2": 0, "max": 1, "mean": 1, "median": 1, "min": 1, "var": 0}, "silence_rate_60dB": {"dmean": 0.000268168398179, "dmean2": 0.000536408741027, "dvar": 0.000268085190328, "dvar2": 0.000536071776878, "max": 1, "mean": 0.017294542864, "median": 0, "min": 0, "var": 0.0169953629375}, "spectral_centroid": {"dmean": 167.009262085, "dmean2": 252.848953247, "dvar": 43450.296875, "dvar2": 78078.984375, "max": 11549.7548828, "mean": 1101.93432617, "median": 964.065551758, "min": 150.474197388, "var": 1281194}, "spectral_complexity": {"dmean": 3.32662916183, "dmean2": 5.15220594406, "dvar": 12.6067380905, "dvar2": 27.5079441071, "max": 53, "mean": 20.6208610535, "median": 20, "min": 0, "var": 48.916103363}, "spectral_decrease": {"dmean": 2.1552331031e-09, "dmean2": 3.45070527707e-09, "dvar": 6.45110012001e-18, "dvar2": 1.59259234004e-17, "max": 1.22376634043e-28, "mean": -9.4204706258e-09, "median": -8.9997893582e-09, "min": -2.8829179044e-08, "var": 1.71799507158e-17}, "spectral_energy": {"dmean": 0.00846297014505, "dmean2": 0.0135213853791, "dvar": 9.79605392786e-05, "dvar2": 0.000241686677327, "max": 0.111692942679, "mean": 0.0376843847334, "median": 0.036167498678, "min": 9.97838555018e-21, "var": 0.00026926145074}, "spectral_energyband_high": {"dmean": 0.000388103595469, "dmean2": 0.000554280239157, "dvar": 6.554125207e-07, "dvar2": 1.36579581067e-06, "max": 0.0149258635938, "mean": 0.000827944139019, "median": 0.000480497255921, "min": 6.97579424363e-21, "var": 1.47809430473e-06}, "spectral_energyband_low": {"dmean": 0.00508200749755, "dmean2": 0.00834877975285, "dvar": 6.99923402863e-05, "dvar2": 0.000174253931618, "max": 0.0979145392776, "mean": 0.0124274464324, "median": 0.00977822951972, "min": 1.15012243889e-23, "var": 0.000114710419439}, "spectral_energyband_middle_high": {"dmean": 0.00185140827671, "dmean2": 0.00278772739694, "dvar": 7.03356545273e-06, "dvar2": 1.57014583237e-05, "max": 0.0647046491504, "mean": 0.00627819122747, "median": 0.00439336989075, "min": 1.13560275974e-21, "var": 3.43912470271e-05}, "spectral_energyband_middle_low": {"dmean": 0.00558310560882, "dmean2": 0.00879114866257, "dvar": 4.79047157569e-05, "dvar2": 0.000113450478239, "max": 0.0842277705669, "mean": 0.0201760027558, "median": 0.0175422877073, "min": 1.86612721169e-22, "var": 0.000147976388689}, "spectral_entropy": {"dmean": 0.16613009572, "dmean2": 0.232215359807, "dvar": 0.0308313760906, "dvar2": 0.060668438673, "max": 9.82396888733, "mean": 7.50197505951, "median": 7.53258419037, "min": 4.28544235229, "var": 0.285332500935}, "spectral_flux": {"dmean": 0.0245196297765, "dmean2": 0.0380243398249, "dvar": 0.00065779464785, "dvar2": 0.0014290107647, "max": 0.278572529554, "mean": 0.0859885066748, "median": 0.0784501433372, "min": 6.45975495317e-11, "var": 0.00170725712087}, "spectral_kurtosis": {"dmean": 1.36237001419, "dmean2": 2.09720945358, "dvar": 3.08717012405, "dvar2": 7.22833013535, "max": 52.8499107361, "mean": 5.17270469666, "median": 4.64021348953, "min": -1.26734292507, "var": 13.9030342102}, "spectral_rms": {"dmean": 0.000663833983708, "dmean2": 0.00105377857108, "dvar": 5.17807052347e-07, "dvar2": 1.25855149236e-06, "max": 0.01043880824, "mean": 0.00588128343225, "median": 0.0059401486069, "min": 3.12009793002e-12, "var": 2.17573233385e-06}, "spectral_rolloff": {"dmean": 351.766235352, "dmean2": 576.767822266, "dvar": 599157.9375, "dvar2": 1289808.875, "max": 19509.0820312, "mean": 1220.95446777, "median": 882.861328125, "min": 86.1328125, "var": 4672799}, "spectral_skewness": {"dmean": 0.194361701608, "dmean2": 0.287794321775, "dvar": 0.0435339994729, "dvar2": 0.091051004827, "max": 5.57416915894, "mean": 1.77443444729, "median": 1.77032208443, "min": -0.0810095146298, "var": 0.259847760201}, "spectral_spread": {"dmean": 575525.25, "dmean2": 798133.3125, "dvar": 750465122304, "dvar2": 1323278925820.0, "max": 42928156, "mean": 5281355.5, "median": 4701769, "min": 1484136.25, "var": 16539751284700.0}, "spectral_strongpeak": {"dmean": 0.499315440655, "dmean2": 0.832957744598, "dvar": 0.556624829769, "dvar2": 1.32005798817, "max": 7.855240345, "mean": 1.06128942966, "median": 0.57174372673, "min": 0, "var": 1.29926419258}, "zerocrossingrate": {"dmean": 0.00899045076221, "dmean2": 0.0106052039191, "dvar": 0.000123212506878, "dvar2": 0.000142889271956, "max": 0.525390625, "mean": 0.056332167238, "median": 0.046875, "min": 0.00634765625, "var": 0.00294609530829}, "barkbands": {"dmean": [0.000108324667963, 0.00362484250218, 0.00208274205215, 0.00136095343623, 0.00276702665724, 0.00189440662507, 0.000822994683404, 0.00165401597042, 0.000832879857626, 0.000932007387746, 0.000514214218128, 0.000429110019468, 0.000439003546489, 0.000375838251784, 0.0002774776367, 0.00012815676746, 0.000127565755975, 0.00016890677216, 0.000113609559776, 7.61705960031e-05, 7.48183083488e-05, 6.37623379589e-05, 7.75480948505e-05, 0.000121137723909, 5.80354717385e-05, 3.03311117023e-05, 1.01433406599e-05], "dmean2": [0.000172367901541, 0.00599102117121, 0.00355167058297, 0.00232322770171, 0.00445166137069, 0.0029035396874, 0.00132667168509, 0.00245045567863, 0.00127938156947, 0.0014004962286, 0.000789921090472, 0.000662382808514, 0.000680181721691, 0.000592223193962, 0.000452269887319, 0.000209000791074, 0.000205376127269, 0.000279086845694, 0.00018623098731, 0.000119954180263, 0.000117067946121, 9.68057793216e-05, 0.000112970694317, 0.000186243079952, 8.73102762853e-05, 4.57317910332e-05, 1.56523965416e-05], "dvar": [7.46817008235e-08, 5.17845874128e-05, 1.17703093565e-05, 3.18041384162e-06, 1.62433843798e-05, 1.06454453999e-05, 3.90783452531e-06, 1.12910938697e-05, 3.29136491928e-06, 3.01389945889e-06, 2.58771888184e-06, 9.73859300757e-07, 4.88335047066e-07, 2.80792676222e-07, 1.69007179807e-07, 4.54043167508e-08, 4.03267712556e-08, 5.3225537755e-08, 2.22689262586e-08, 1.22965087002e-08, 1.56203849855e-08, 1.30454438363e-08, 5.25314334254e-08, 1.39427513091e-07, 3.35153487185e-08, 3.76654618606e-09, 5.64522373292e-10], "dvar2": [1.69989405663e-07, 0.000130776286824, 3.32860545313e-05, 9.17020133784e-06, 3.91636458517e-05, 2.45457285928e-05, 8.85935787664e-06, 2.40010813286e-05, 7.4476492955e-06, 6.43237672193e-06, 6.37559560346e-06, 2.289817985e-06, 1.21878235859e-06, 7.03406158209e-07, 4.29360568432e-07, 1.12554261023e-07, 9.58174837251e-08, 1.42197251307e-07, 5.67795126472e-08, 2.90924830892e-08, 3.70059325405e-08, 2.87826562584e-08, 1.02482374587e-07, 3.22318499002e-07, 7.67042251937e-08, 9.31970856044e-09, 1.43024647681e-09], "max": [0.00227705878206, 0.0732105225325, 0.0469931587577, 0.034868426621, 0.0579873099923, 0.0561945810914, 0.0480008646846, 0.0575533546507, 0.0403591953218, 0.0352007523179, 0.036163315177, 0.0313877798617, 0.0127229411155, 0.0084779439494, 0.00730757182464, 0.00373001978733, 0.00392447644845, 0.00348489545286, 0.00253023789264, 0.00221657473594, 0.00247838394716, 0.00253546680324, 0.00624781288207, 0.00904223043472, 0.00454743672162, 0.00157730781939, 0.000366761494661], "mean": [9.89701875369e-05, 0.00580009911209, 0.00461046164855, 0.00305433315225, 0.00625356705859, 0.0041704303585, 0.00158099702094, 0.00322283641435, 0.00161188270431, 0.00172293162905, 0.000947813445237, 0.000759815564379, 0.000814306957182, 0.000657921540551, 0.000466444791527, 0.000217666427488, 0.000233703249251, 0.000328870839439, 0.00022484222427, 0.000163439719472, 0.000138397168485, 0.000136731148814, 0.000136627146276, 0.000177468289621, 9.09989175852e-05, 4.96147513331e-05, 1.31878941829e-05], "median": [1.79805265361e-05, 0.00379855651408, 0.00286747980863, 0.00186743389349, 0.00441789999604, 0.00251665525138, 0.00090270023793, 0.00113269686699, 0.000631405040622, 0.000724035373423, 0.000277571554761, 0.000319734332152, 0.000478371133795, 0.000427432270953, 0.000300547195366, 0.00012796887313, 0.000155570669449, 0.000219959722017, 0.000168133119587, 0.000106163060991, 8.36356193759e-05, 8.70259100338e-05, 5.50320692128e-05, 5.73524193896e-05, 4.06871695304e-05, 2.64647424046e-05, 5.21670199305e-06], "min": [1.97677646707e-25, 3.19316616051e-24, 1.45415818812e-24, 1.1978285852e-24, 9.34966701224e-24, 2.69508155432e-24, 8.13222113266e-24, 1.0360440801e-23, 1.24625271326e-23, 1.61199639682e-23, 2.00641974969e-23, 2.73611419375e-23, 3.11824251832e-23, 3.87581309796e-23, 3.28260200346e-23, 6.2306379996e-23, 6.15744054284e-23, 8.27244731167e-23, 1.29096607512e-22, 1.40638690163e-22, 2.71505829712e-22, 3.28115851422e-22, 3.9852536015e-22, 5.4279113178e-22, 9.00196669173e-22, 1.42444691911e-21, 1.81404363599e-21], "var": [7.37113126092e-08, 5.89496703469e-05, 2.64778536803e-05, 1.87362820725e-05, 3.84760278394e-05, 2.47245261562e-05, 5.99788063482e-06, 3.16954392474e-05, 8.70434723765e-06, 8.40394750412e-06, 6.92356934451e-06, 2.67088762484e-06, 1.0495564311e-06, 5.70898066599e-07, 2.92288461878e-07, 7.52308366714e-08, 7.56313625061e-08, 1.1383819043e-07, 4.40742802255e-08, 3.43827366578e-08, 2.75189062648e-08, 2.82476051439e-08, 1.14620576142e-07, 2.27186845336e-07, 5.13089588594e-08, 4.85307971587e-09, 5.71017122475e-10]}, "erbbands": {"dmean": [0.0966451689601, 0.894353926182, 2.29370331764, 3.41383314133, 5.55414915085, 9.97752666473, 21.6581783295, 11.3061761856, 9.88873958588, 15.8721284866, 41.4919624329, 16.5731048584, 22.9995708466, 30.4867191315, 17.5701541901, 17.0596866608, 18.05327034, 21.5355854034, 17.5046806335, 7.00634908676, 7.19618701935, 6.21189641953, 8.62823200226, 7.31458854675, 3.91908359528, 3.69473290443, 3.39039301872, 2.62215638161, 2.35364294052, 2.20102024078, 2.41358828545, 2.78535652161, 1.84119606018, 0.808772623539, 0.347586840391, 0.149061590433, 0.0537132546306, 0.0136280143633, 0.00189775752369, 5.51822631678e-05], "dmean2": [0.149749770761, 1.54616415501, 3.96868133545, 5.8047375679, 9.32549095154, 16.3409824371, 32.3600234985, 18.4292736053, 16.4367866516, 24.7328720093, 60.9526977539, 24.7197608948, 36.6132316589, 44.3605155945, 26.840467453, 26.2105312347, 27.9940433502, 33.6023979187, 28.6505355835, 11.2535152435, 11.6340408325, 10.0791168213, 14.1325683594, 12.0031843185, 6.39887237549, 5.79819536209, 5.37563419342, 4.08134889603, 3.60787415504, 3.27321696281, 3.534689188, 4.35394906998, 2.76407146454, 1.21580564976, 0.533106386662, 0.229300051928, 0.0807197466493, 0.0206036195159, 0.00292782275937, 8.28700649436e-05], "dvar": [0.0475359819829, 3.14321351051, 15.9351081848, 19.0531711578, 61.4246139526, 257.87701416, 1600.22253418, 462.739746094, 693.610290527, 1401.15063477, 7637.29541016, 1203.84094238, 2772.48828125, 3436.29736328, 2735.97851562, 976.260925293, 979.20111084, 1005.94525146, 608.313171387, 131.586654663, 141.929214478, 109.208869934, 137.07572937, 88.889251709, 37.3269081116, 32.9053573608, 27.0645275116, 23.4679679871, 16.1998023987, 32.8230743408, 48.1817588806, 75.9295272827, 37.0029983521, 8.44404029846, 0.956271111965, 0.0986971855164, 0.0141661306843, 0.000853987294249, 2.20245528908e-05, 1.3727492032e-08], "dvar2": [0.10426542908, 8.7105846405, 45.6732406616, 54.5533256531, 166.522521973, 646.420532227, 3435.22680664, 1190.21630859, 1812.42626953, 3262.86962891, 16065.6416016, 2655.90673828, 7167.15673828, 7091.67431641, 6266.81347656, 2106.45825195, 2415.30175781, 2583.01489258, 1573.84033203, 314.600891113, 350.69619751, 267.933776855, 359.311248779, 226.727935791, 97.785194397, 76.6987762451, 64.9658126831, 55.3474464417, 36.7204475403, 71.6383972168, 95.8557357788, 181.278778076, 82.7056350708, 19.6749801636, 2.26244568825, 0.245931625366, 0.034708339721, 0.00203126948327, 5.71334167034e-05, 3.47736168749e-08], "max": [2.10967421532, 18.8121814728, 50.0132713318, 100.211868286, 163.702941895, 305.339599609, 679.620300293, 487.519836426, 657.824707031, 860.607299805, 1538.85083008, 1087.90161133, 1032.33764648, 1312.27502441, 1925.98571777, 621.475463867, 566.214782715, 483.75869751, 378.879180908, 260.278137207, 201.584518433, 228.498703003, 171.369491577, 183.948196411, 157.633453369, 107.531585693, 105.228851318, 83.4679794312, 83.5884475708, 160.490905762, 208.732269287, 181.486724854, 122.255561829, 78.4155273438, 24.9770355225, 9.39266586304, 2.42261195183, 0.484367728233, 0.089924313128, 0.00240883068182], "mean": [0.124005816877, 1.47581863403, 5.10627746582, 8.82750225067, 11.2008256912, 20.4871749878, 48.3637619019, 23.1944198608, 18.5409507751, 32.5853004456, 81.3099212646, 36.8719711304, 41.2257118225, 64.3776702881, 36.5959968567, 32.9035720825, 35.6076583862, 40.8951187134, 30.8577156067, 13.5094327927, 13.0711374283, 12.0377502441, 17.7502632141, 15.9455661774, 8.04566478729, 7.95876502991, 6.76473331451, 4.7401471138, 4.89965343475, 4.23995018005, 4.16689062119, 4.11678218842, 2.55862283707, 1.23230051994, 0.55325204134, 0.245913162827, 0.0837860479951, 0.0194973871112, 0.00241589918733, 0.000111600165837], "median": [0.0520437844098, 1.04537928104, 3.18681526184, 5.92738056183, 7.89973163605, 13.3462657928, 23.9058952332, 14.7281723022, 11.5322408676, 17.4711475372, 29.0179576874, 17.2092685699, 15.8981132507, 28.1709346771, 13.4489202499, 16.5572624207, 20.7569637299, 26.4784545898, 21.0535621643, 9.39918231964, 7.87553167343, 8.4323425293, 12.2471523285, 12.5554523468, 5.74844026566, 5.14088392258, 4.28544425964, 2.77123904228, 3.12543320656, 2.13963699341, 1.71679067612, 1.25196683407, 0.821498036385, 0.492032110691, 0.272090315819, 0.131401494145, 0.0412423014641, 0.00888379197568, 0.000954537303187, 7.6318756328e-05], "min": [7.94296914164e-23, 7.48326076467e-22, 2.04385020252e-21, 5.78753838848e-21, 2.2427493351e-20, 1.54681950598e-20, 1.43056153271e-20, 2.6016484626e-20, 1.44855830096e-19, 1.81680747744e-19, 2.69306200155e-19, 3.8013377148e-19, 3.81248552452e-19, 7.11608333234e-19, 1.27729942148e-18, 1.33319759893e-18, 1.45038520689e-18, 1.58258438521e-18, 2.37156714124e-18, 3.44831062615e-18, 3.091281069e-18, 4.54984533439e-18, 4.8892429164e-18, 5.78149038311e-18, 8.33234830174e-18, 5.98036569548e-18, 1.03352520041e-17, 1.12213096783e-17, 1.12882625043e-17, 1.09736708281e-17, 1.09881076113e-17, 1.0714171035e-17, 9.99617578178e-18, 9.165531764e-18, 6.9532041285e-18, 4.23710323404e-18, 2.24206932801e-18, 9.25118073296e-19, 2.50917303054e-19, 2.56294998087e-20], "var": [0.0552003309131, 3.10763812065, 29.4940395355, 138.541061401, 121.448638916, 557.678222656, 4366.14599609, 819.395690918, 733.71270752, 2698.29077148, 21081.8632812, 3304.60791016, 5209.44824219, 10729.6523438, 7765.79345703, 2954.83398438, 2064.11889648, 2106.46899414, 1063.1973877, 233.998306274, 249.562606812, 179.676727295, 304.931549072, 183.318481445, 71.6091384888, 84.8240127563, 61.1853523254, 37.5525169373, 34.2999038696, 63.3725547791, 103.566574097, 118.643516541, 58.4249649048, 12.1683273315, 1.42216706276, 0.129109740257, 0.0178769398481, 0.00101901195012, 2.00728154596e-05, 1.50736383375e-08]}, "gfcc": {"mean": [28.0446720123, 90.6520309448, -97.5522994995, 20.5625305176, -53.5063552856, 13.1088123322, -36.7455978394, 5.03147888184, -26.6615390778, 1.06003808975, -15.3343200684, -1.51987195015, -16.1293430328], "cov": [[20431.5234375, 722.129150391, -1598.49707031, 48.9745368958, -1042.72009277, 217.508010864, -478.501678467, 276.052734375, -345.539520264, 178.321594238, -244.290466309, 159.632263184, -196.359359741], [722.129150391, 770.958251953, -196.68838501, 1.85330450535, 30.525970459, -41.6042671204, 0.879486560822, -25.3252124786, -20.2334785461, -24.6986351013, 53.9684677124, -20.71733284, 16.9094581604], [-1598.49707031, -196.68838501, 404.455596924, 51.1567611694, 152.382614136, 21.392868042, 19.858247757, 2.17470669746, 48.3739738464, 8.76535892487, 33.034198761, -12.8118867874, 8.56624507904], [48.9745368958, 1.85330450535, 51.1567611694, 204.166488647, 32.7277183533, 36.2422485352, -31.0679550171, -36.8311157227, 5.48658847809, -0.542243778706, -1.24195575714, -30.5002498627, -5.22229003906], [-1042.72009277, 30.525970459, 152.382614136, 32.7277183533, 221.974685669, -1.24038922787, 43.1495742798, -13.5459499359, 23.8088665009, 0.995762884617, 13.1120786667, -17.1925258636, 3.66343808174], [217.508010864, -41.6042671204, 21.392868042, 36.2422485352, -1.24038922787, 128.447601318, 21.510887146, 20.0252437592, 0.295447736979, 11.3549060822, 12.5162086487, -4.42466926575, -5.74577331543], [-478.501678467, 0.879486560822, 19.858247757, -31.0679550171, 43.1495742798, 21.510887146, 121.55859375, 40.2090339661, 12.2030305862, -0.0378624424338, -0.166497424245, 3.70431184769, 5.37804269791], [276.052734375, -25.3252124786, 2.17470669746, -36.8311157227, -13.5459499359, 20.0252437592, 40.2090339661, 105.043960571, 30.181268692, 13.1648492813, -2.11987733841, 19.2032585144, 2.74987792969], [-345.539520264, -20.2334785461, 48.3739738464, 5.48658847809, 23.8088665009, 0.295447736979, 12.2030305862, 30.181268692, 80.0276641846, 23.5463485718, 10.7270069122, -0.870720684528, 8.51634025574], [178.321594238, -24.6986351013, 8.76535892487, -0.542243778706, 0.995762884617, 11.3549060822, -0.0378624424338, 13.1648492813, 23.5463485718, 77.327835083, 24.7777252197, 18.0448951721, 2.56961226463], [-244.290466309, 53.9684677124, 33.034198761, -1.24195575714, 13.1120786667, 12.5162086487, -0.166497424245, -2.11987733841, 10.7270069122, 24.7777252197, 81.4203109741, 25.6292324066, 14.2057819366], [159.632263184, -20.71733284, -12.8118867874, -30.5002498627, -17.1925258636, -4.42466926575, 3.70431184769, 19.2032585144, -0.870720684528, 18.0448951721, 25.6292324066, 82.7284088135, 29.824344635], [-196.359359741, 16.9094581604, 8.56624507904, -5.22229003906, 3.66343808174, -5.74577331543, 5.37804269791, 2.74987792969, 8.51634025574, 2.56961226463, 14.2057819366, 29.824344635, 60.5096244812]], "icov": [[0.000142160875839, -0.000167721722391, 0.0002833045437, -0.00017344506341, 0.000246015872108, -0.000293721124763, 0.00058629916748, -0.000633674499113, 0.00052628229605, -0.000530023768079, 0.000550914613996, -0.00036964478204, 0.000388313899748], [-0.000167721722391, 0.00227201590315, 0.0013462031493, -5.56369232072e-05, -0.001460471889, 0.0010434872238, -0.000653845781926, 0.000344790372765, -0.000407672952861, 0.00152723921929, -0.00326099223457, 0.00193880393635, -0.00134212733246], [0.0002833045437, 0.0013462031493, 0.00558741018176, -0.000931637710892, -0.00279410998337, -0.000512869039085, 0.00166282465216, -0.00189012661576, -0.000198456153157, 0.000126864688355, -0.00205864873715, 0.000719127769116, -0.000118279524031], [-0.00017344506341, -5.56369232072e-05, -0.000931637710892, 0.00664654234424, -0.000886218855157, -0.002103415085, 0.00108687323518, 0.00277971033938, -0.00163218309171, 0.00041985916323, 0.000221663722186, 0.00179647712503, -0.000936388561968], [0.000246015872108, -0.001460471889, -0.00279410998337, -0.000886218855157, 0.00816961377859, 7.07591680111e-05, -0.00202480261214, 0.000881843268871, 3.99624259444e-05, -0.0015166986268, 0.00200187810697, -0.000702355289832, 0.00111252535135], [-0.000293721124763, 0.0010434872238, -0.000512869039085, -0.002103415085, 7.07591680111e-05, 0.0104518197477, -0.00323997624218, -0.00120236258954, 0.00086713762721, 0.000180658098543, -0.00387395359576, 0.00227172649466, -0.000362828373909], [0.00058629916748, -0.000653845781926, 0.00166282465216, 0.00108687323518, -0.00202480261214, -0.00323997624218, 0.0137818893418, -0.00653297826648, 0.00228365929797, -0.0014345573727, 0.00257539376616, -0.000948592380155, 0.000433049834101], [-0.000633674499113, 0.000344790372765, -0.00189012661576, 0.00277971033938, 0.000881843268871, -0.00120236258954, -0.00653297826648, 0.0176947824657, -0.0082742171362, 0.00188257102855, 0.000397470168537, -0.00230916589499, 9.31790273171e-05], [0.00052628229605, -0.000407672952861, -0.000198456153157, -0.00163218309171, 3.99624259444e-05, 0.00086713762721, 0.00228365929797, -0.0082742171362, 0.0197686851025, -0.00672991154715, 0.000599143619183, 0.00225802976638, -0.00178816879634], [-0.000530023768079, 0.00152723921929, 0.000126864688355, 0.00041985916323, -0.0015166986268, 0.000180658098543, -0.0014345573727, 0.00188257102855, -0.00672991154715, 0.0188517421484, -0.00690163951367, -0.00129806436598, 0.000429158855695], [0.000550914613996, -0.00326099223457, -0.00205864873715, 0.000221663722186, 0.00200187810697, -0.00387395359576, 0.00257539376616, 0.000397470168537, 0.000599143619183, -0.00690163951367, 0.0214514881372, -0.00769638828933, 0.00123966636602], [-0.00036964478204, 0.00193880393635, 0.000719127769116, 0.00179647712503, -0.000702355289832, 0.00227172649466, -0.000948592380155, -0.00230916589499, 0.00225802976638, -0.00129806436598, -0.00769638828933, 0.0209118798375, -0.0100035825744], [0.000388313899748, -0.00134212733246, -0.000118279524031, -0.000936388561968, 0.00111252535135, -0.000362828373909, 0.000433049834101, 9.31790273171e-05, -0.00178816879634, 0.000429158855695, 0.00123966636602, -0.0100035825744, 0.0228259060532]]}, "melbands": {"dmean": [0.000930971989874, 0.00115179212298, 0.000597999140155, 0.00053788011428, 0.000664311752189, 0.000267868657829, 0.000157137445058, 0.000194657608517, 0.000316813762765, 0.000105970793811, 0.00011736027227, 0.000131132197566, 7.23205230315e-05, 5.1730654377e-05, 3.80906021746e-05, 4.4994885684e-05, 3.94222879549e-05, 2.91374199151e-05, 1.4454988559e-05, 8.99674068933e-06, 9.05168053578e-06, 6.79922368363e-06, 7.25052223061e-06, 1.08115973489e-05, 6.32301862424e-06, 3.53896530214e-06, 2.56761745732e-06, 2.59107468992e-06, 2.33852483689e-06, 1.90608818684e-06, 1.59000342137e-06, 1.43678005315e-06, 1.31816909743e-06, 1.29349109557e-06, 1.49029983731e-06, 1.51956987793e-06, 1.72886666405e-06, 1.40826648476e-06, 9.87219777926e-07, 6.26320513675e-07], "dmean2": [0.00148989632726, 0.00199536257423, 0.00101394660305, 0.000901304476429, 0.00100035045762, 0.000428786908742, 0.000257962034084, 0.000302373227896, 0.000464928598376, 0.000161151299835, 0.000186236517038, 0.000190648264834, 0.000110803201096, 7.94884035713e-05, 5.92547439737e-05, 6.93769397913e-05, 6.16980833001e-05, 4.78508118249e-05, 2.33928003581e-05, 1.46468746607e-05, 1.47283417391e-05, 1.10327355287e-05, 1.17772415251e-05, 1.81195227924e-05, 1.04149530671e-05, 5.8541195358e-06, 4.13341103922e-06, 4.09903486798e-06, 3.76262778445e-06, 3.01789509649e-06, 2.53422990681e-06, 2.23337269745e-06, 2.02854880627e-06, 1.95895108845e-06, 2.20542847273e-06, 2.33984155784e-06, 2.74517424259e-06, 2.15258864955e-06, 1.50436960666e-06, 9.57694055614e-07], "dvar": [3.71619375983e-06, 4.12872259403e-06, 5.21445542745e-07, 6.25631628282e-07, 1.41104101203e-06, 2.33320037069e-07, 1.47038775822e-07, 1.65766508076e-07, 4.52841419474e-07, 5.32883781545e-08, 6.98596309689e-08, 6.53829701491e-08, 5.0353115455e-08, 1.54014028197e-08, 4.83078332891e-09, 4.09593070572e-09, 3.47424289338e-09, 1.77604464469e-09, 5.93710858254e-10, 2.06173855766e-10, 2.28484856035e-10, 1.34495095616e-10, 1.12667007668e-10, 2.52795284705e-10, 6.88924403636e-11, 2.86780703351e-11, 1.47948632512e-11, 1.68350021423e-11, 1.26624101829e-11, 1.39923402726e-11, 9.6150041054e-12, 5.78763773018e-12, 6.49219783835e-12, 1.44632075413e-11, 1.70077250894e-11, 2.33192232885e-11, 3.30700987428e-11, 2.31371310999e-11, 1.3360698832e-11, 4.81786138762e-12], "dvar2": [8.75166188052e-06, 1.17591071103e-05, 1.48900687691e-06, 1.69417512552e-06, 3.03061096929e-06, 5.84053282182e-07, 3.64569416433e-07, 3.8135439695e-07, 9.4961836794e-07, 1.18561054308e-07, 1.7844355682e-07, 1.33031846872e-07, 1.2077032352e-07, 3.64646162154e-08, 1.19774918872e-08, 9.93265203419e-09, 8.7001135185e-09, 4.61602400748e-09, 1.42010903037e-09, 5.10966324807e-10, 5.7069043935e-10, 3.31984967294e-10, 2.77324135878e-10, 6.93632096205e-10, 1.77923120681e-10, 7.62545582234e-11, 3.62647550878e-11, 4.03081561184e-11, 3.11780913587e-11, 3.38107909725e-11, 2.309497385e-11, 1.36925869948e-11, 1.45907817078e-11, 3.27644994469e-11, 3.40700245793e-11, 5.36134400764e-11, 8.08236533256e-11, 5.32674807041e-11, 3.11140939402e-11, 1.14472068977e-11], "max": [0.0202714893967, 0.0248618684709, 0.0138101279736, 0.0140225999057, 0.021118959412, 0.0100767286494, 0.00960945617408, 0.00813667848706, 0.0108598023653, 0.00617704819888, 0.0050394423306, 0.00582751631737, 0.00516613945365, 0.00388935138471, 0.00181253883056, 0.00138737016823, 0.00102306436747, 0.000744322198443, 0.000591593328863, 0.000320518331137, 0.000220199814066, 0.000228521035751, 0.000188589445315, 0.00026193636586, 0.00016562845849, 0.000135318579851, 5.64190813748e-05, 8.03734583315e-05, 7.42071861168e-05, 0.000103778234916, 6.57130949548e-05, 4.49440558441e-05, 6.84066544636e-05, 0.000109839755169, 0.00010788331565, 0.000127410588902, 0.0001467577531, 0.000108428102976, 9.59604149102e-05, 5.58206520509e-05], "mean": [0.00137588800862, 0.00247773225419, 0.00155046314467, 0.00107172259595, 0.00153023190796, 0.000563564070035, 0.000297804770526, 0.000397920288378, 0.000621350947767, 0.000217672641156, 0.00020685713389, 0.000268739764579, 0.000139360272442, 9.03447216842e-05, 6.96857387084e-05, 8.66168265929e-05, 7.10328968125e-05, 4.92381695949e-05, 2.46259878622e-05, 1.60214276548e-05, 1.49959550981e-05, 1.18452198876e-05, 1.31994183903e-05, 1.92358711502e-05, 1.23200470625e-05, 6.71485986459e-06, 4.83301482745e-06, 5.31612658961e-06, 4.51157848147e-06, 3.2080974961e-06, 2.60883825831e-06, 2.77795174952e-06, 2.60122419604e-06, 2.23736628868e-06, 2.4437583761e-06, 2.37380277213e-06, 2.43404565481e-06, 1.87193882084e-06, 1.33731191454e-06, 9.50268940869e-07], "median": [0.000790511840023, 0.00180471758358, 0.00114681036212, 0.000767122372054, 0.000817818334326, 0.000358357763616, 0.00018616716261, 0.000200683265575, 0.000221991664148, 9.21872851904e-05, 7.62629497331e-05, 0.000114109396236, 4.30645450251e-05, 3.71091191482e-05, 3.62659047823e-05, 5.61837623536e-05, 4.52063541161e-05, 3.21262850775e-05, 1.6134683392e-05, 1.03442043837e-05, 8.43030920805e-06, 7.66332868807e-06, 8.69245923241e-06, 1.2499688637e-05, 9.45433475863e-06, 4.65945822725e-06, 3.22681444231e-06, 3.18031675306e-06, 2.81549478132e-06, 1.73230603195e-06, 1.46735646922e-06, 1.69244060544e-06, 1.60269667049e-06, 9.53530104653e-07, 1.01338184777e-06, 7.59841611853e-07, 7.25476240859e-07, 5.67709491861e-07, 4.10161447917e-07, 4.02776151986e-07], "min": [7.36337165645e-25, 1.24985228557e-24, 1.83754498249e-24, 2.28525273406e-24, 4.8395576225e-25, 5.50739937625e-25, 2.07494320559e-24, 1.6239932357e-24, 1.68974005898e-24, 1.94235797274e-24, 1.66658916078e-24, 2.48284266929e-24, 3.67378913335e-24, 2.68870696656e-24, 2.33936425342e-24, 2.2989463733e-24, 2.80259580152e-24, 1.98993575165e-24, 2.77739070953e-24, 3.63408655285e-24, 2.88275215532e-24, 3.05726357034e-24, 3.32143060496e-24, 3.6474112024e-24, 3.88982184769e-24, 4.57253244621e-24, 5.3533741859e-24, 3.35145149557e-24, 5.30365583292e-24, 5.5898865182e-24, 5.95073240106e-24, 5.06860092114e-24, 5.77777543645e-24, 4.4387081101e-24, 5.62034995977e-24, 5.26282478689e-24, 5.88597165391e-24, 5.90459153228e-24, 6.16264489489e-24, 6.73712535494e-24], "var": [4.3558179641e-06, 5.65373875361e-06, 2.83603071694e-06, 1.20193885778e-06, 3.90255991078e-06, 4.52392299621e-07, 1.78213525714e-07, 3.65969327731e-07, 1.24129041978e-06, 1.47769114278e-07, 1.37162174951e-07, 2.00219119506e-07, 1.43045895129e-07, 4.09752729524e-08, 9.40823952078e-09, 1.00930819258e-08, 7.26096871517e-09, 3.01216607212e-09, 9.96717597346e-10, 3.6167097095e-10, 3.78526598954e-10, 2.1446878995e-10, 2.07477188208e-10, 4.5918294167e-10, 1.26463478578e-10, 5.60425039708e-11, 2.64970215907e-11, 4.62762952957e-11, 3.22852022894e-11, 2.06853943696e-11, 1.41164484616e-11, 1.15089179506e-11, 1.24600121887e-11, 2.5454726868e-11, 3.50932477522e-11, 4.1177897897e-11, 4.72819491892e-11, 3.35027283693e-11, 1.99277348095e-11, 6.46768966509e-12]}, "mfcc": {"mean": [-615.21887207, 129.097702026, 9.74381732941, 15.5075149536, 4.89064121246, 5.46154117584, 1.85885286331, 1.9214977026, -6.38570928574, 1.8861297369, 2.64970493317, -3.06143927574, -7.96829032898], "cov": [[6382.70458984, 493.520355225, -75.0189590454, -65.9430999756, -245.691238403, -56.1458625793, -59.4956245422, 58.0602111816, 23.7645225525, 14.8821907043, 42.4480552673, 44.1402702332, -48.508441925], [493.520355225, 814.071777344, -98.6388473511, 43.509929657, 18.0550365448, -20.9186859131, 38.7342643738, 8.88217830658, -34.0191078186, -17.9779472351, 33.365196228, -18.296962738, -4.3603720665], [-75.0189590454, -98.6388473511, 223.628051758, 20.263458252, 73.4316864014, 25.7647914886, 9.80282878876, -0.952111721039, -7.70967960358, 25.6187896729, -4.10736751556, 16.8008823395, 7.08252954483], [-65.9430999756, 43.509929657, 20.263458252, 152.306060791, 63.4967384338, 31.5870456696, -4.09260177612, -18.6921272278, 1.01606345177, -0.182002812624, -3.36011695862, -7.76933526993, -2.31864857674], [-245.691238403, 18.0550365448, 73.4316864014, 63.4967384338, 171.835525513, 46.1962852478, 8.73736381531, -16.2367610931, -7.26130199432, 19.343536377, -1.28825390339, 3.48324489594, -0.75180965662], [-56.1458625793, -20.9186859131, 25.7647914886, 31.5870456696, 46.1962852478, 107.653358459, 28.8588638306, -10.6573572159, -7.53372001648, 9.12911891937, 1.59284687042, -6.24931573868, 7.49837684631], [-59.4956245422, 38.7342643738, 9.80282878876, -4.09260177612, 8.73736381531, 28.8588638306, 100.378898621, 24.7078838348, 6.77411365509, 3.1347591877, 14.7192335129, 1.62919259071, -0.252628296614], [58.0602111816, 8.88217830658, -0.952111721039, -18.6921272278, -16.2367610931, -10.6573572159, 24.7078838348, 87.7767868042, 27.7652511597, 5.69731378555, 2.71310353279, 2.99272799492, 1.36106872559], [23.7645225525, -34.0191078186, -7.70967960358, 1.01606345177, -7.26130199432, -7.53372001648, 6.77411365509, 27.7652511597, 89.9864273071, 22.4865207672, 3.04390072823, 6.34958076477, -1.7253023386], [14.8821907043, -17.9779472351, 25.6187896729, -0.182002812624, 19.343536377, 9.12911891937, 3.1347591877, 5.69731378555, 22.4865207672, 72.4444198608, 18.0079803467, 5.83697986603, -1.35130667686], [42.4480552673, 33.365196228, -4.10736751556, -3.36011695862, -1.28825390339, 1.59284687042, 14.7192335129, 2.71310353279, 3.04390072823, 18.0079803467, 72.8611831665, 10.2848806381, -2.79979610443], [44.1402702332, -18.296962738, 16.8008823395, -7.76933526993, 3.48324489594, -6.24931573868, 1.62919259071, 2.99272799492, 6.34958076477, 5.83697986603, 10.2848806381, 71.3345794678, 25.6316833496], [-48.508441925, -4.3603720665, 7.08252954483, -2.31864857674, -0.75180965662, 7.49837684631, -0.252628296614, 1.36106872559, -1.7253023386, -1.35130667686, -2.79979610443, 25.6316833496, 69.6587753296]], "icov": [[0.000186937002582, -0.000155076835654, -9.82322162599e-05, 8.51314234751e-06, 0.000357778713806, -0.000164985176525, 0.000233949860558, -0.000102466117823, -4.61714698758e-05, -7.78166358941e-05, -1.25564711198e-05, -0.000238195381826, 0.000239702014369], [-0.000155076835654, 0.00161621998996, 0.000877728452906, -0.000554454629309, -0.000760696071666, 0.000859009393025, -0.000932804367039, -0.000204031151952, 0.000821983790956, 0.000119621319755, -0.000618344522081, 0.000541316403542, -0.000415951013565], [-9.82322162599e-05, 0.000877728452906, 0.00601142924279, -0.000221415539272, -0.00250966288149, 0.000182621719432, -0.000810604309663, -0.00052602175856, 0.00136837735772, -0.00166748045012, 0.000594724726398, -0.000937885430176, -0.000300896557746], [8.51314234751e-06, -0.000554454629309, -0.000221415539272, 0.00844044331461, -0.00263054808602, -0.00172924716026, 0.00105788453948, 0.00121468107682, -0.00146855856292, 0.00112921465188, 4.58398135379e-05, 0.000707317900378, 0.000139646421303], [0.000357778713806, -0.000760696071666, -0.00250966288149, -0.00263054808602, 0.00946097634733, -0.00270019308664, 0.000416752911406, 0.000585149682593, 0.000287072180072, -0.00175666878931, 0.000643341336399, -0.00125479092821, 0.00121259246953], [-0.000164985176525, 0.000859009393025, 0.000182621719432, -0.00172924716026, -0.00270019308664, 0.0128383645788, -0.00445915479213, 0.00163305411115, 0.00120029738173, -0.00125135306735, -5.90919944443e-06, 0.00224608788267, -0.00241770385765], [0.000233949860558, -0.000932804367039, -0.000810604309663, 0.00105788453948, 0.000416752911406, -0.00445915479213, 0.0131064010784, -0.00374001357704, -0.000789543439168, 0.00105367216747, -0.00220209360123, -0.000686257670168, 0.000992158195004], [-0.000102466117823, -0.000204031151952, -0.00052602175856, 0.00121468107682, 0.000585149682593, 0.00163305411115, -0.00374001357704, 0.0143838776276, -0.00412625912577, -5.55775441171e-05, 0.000474980595754, 0.000415480928496, -0.000691363355145], [-4.61714698758e-05, 0.000821983790956, 0.00136837735772, -0.00146855856292, 0.000287072180072, 0.00120029738173, -0.000789543439168, -0.00412625912577, 0.0142497634515, -0.00463584670797, 0.000679450924508, -0.00112227164209, 0.000486209260998], [-7.78166358941e-05, 0.000119621319755, -0.00166748045012, 0.00112921465188, -0.00175666878931, -0.00125135306735, 0.00105367216747, -5.55775441171e-05, -0.00463584670797, 0.0175640340894, -0.00440796883777, 4.77695903101e-05, 0.000312231481075], [-1.25564711198e-05, -0.000618344522081, 0.000594724726398, 4.58398135379e-05, 0.000643341336399, -5.90919944443e-06, -0.00220209360123, 0.000474980595754, 0.000679450924508, -0.00440796883777, 0.0160084720701, -0.00283497269265, 0.0015018255217], [-0.000238195381826, 0.000541316403542, -0.000937885430176, 0.000707317900378, -0.00125479092821, 0.00224608788267, -0.000686257670168, 0.000415480928496, -0.00112227164209, 4.77695903101e-05, -0.00283497269265, 0.0178782306612, -0.00699831359088], [0.000239702014369, -0.000415951013565, -0.000300896557746, 0.000139646421303, 0.00121259246953, -0.00241770385765, 0.000992158195004, -0.000691363355145, 0.000486209260998, 0.000312231481075, 0.0015018255217, -0.00699831359088, 0.0174758322537]]}, "spectral_contrast_coeffs": {"dmean": [0.0488382168114, 0.0454106926918, 0.0355956666172, 0.030863840133, 0.0224101934582, 0.0173994023353], "dmean2": [0.0810603499413, 0.0744703412056, 0.0567843019962, 0.049866411835, 0.0359525643289, 0.0270708352327], "dvar": [0.0016171108, 0.0015035031829, 0.000828762655146, 0.000608755915891, 0.000390376197174, 0.00025016698055], "dvar2": [0.00426729535684, 0.00397742073983, 0.0021220126655, 0.00159922603052, 0.000951237219851, 0.000600464059971], "max": [-0.306778043509, -0.428822994232, -0.523157298565, -0.585732281208, -0.607131004333, -0.634561181068], "mean": [-0.613643348217, -0.695337057114, -0.734073400497, -0.761673390865, -0.779923856258, -0.764621734619], "median": [-0.617028772831, -0.694895923138, -0.737846374512, -0.763258039951, -0.781578302383, -0.761830329895], "min": [-0.978734910488, -0.979839384556, -0.977449893951, -0.971505582333, -0.966382920742, -0.965844750404], "var": [0.00701146153733, 0.00556201953441, 0.00443220464513, 0.00253771524876, 0.00169831514359, 0.00146921875421]}, "spectral_contrast_valleys": {"dmean": [0.369429796934, 0.333797842264, 0.294918417931, 0.28348955512, 0.279078125954, 0.320200383663], "dmean2": [0.611835718155, 0.551536142826, 0.469739317894, 0.446934133768, 0.408551931381, 0.42347112298], "dvar": [0.122201696038, 0.118869192898, 0.0999786481261, 0.106635056436, 0.12992554903, 0.149514317513], "dvar2": [0.270065754652, 0.254450529814, 0.194095224142, 0.199145630002, 0.236313402653, 0.273822665215], "max": [-5.27082967758, -4.5375752449, -5.43407392502, -5.81796598434, -5.86074733734, -7.43387365341], "mean": [-7.0098