{"lowlevel": {"average_loudness": 0.243966534734, "barkbands_crest": {"dmean": 1.39845526218, "dmean2": 2.19558262825, "dvar": 3.31881332397, "dvar2": 7.65589570999, "max": 26.5181865692, "mean": 14.0189027786, "median": 13.2286710739, "min": 4.24706792831, "var": 22.8875198364}, "barkbands_flatness_db": {"dmean": 0.0182977057993, "dmean2": 0.0297580081969, "dvar": 0.000512195867486, "dvar2": 0.00123886880465, "max": 0.540941178799, "mean": 0.356572628021, "median": 0.357997775078, "min": 0.0301087070256, "var": 0.00379246100783}, "barkbands_kurtosis": {"dmean": 2.34555864334, "dmean2": 3.59199357033, "dvar": 25.0443954468, "dvar2": 54.742641449, "max": 184.902206421, "mean": 8.16344642639, "median": 4.7995018959, "min": -1.84991049767, "var": 175.246231079}, "barkbands_skewness": {"dmean": 0.358269482851, "dmean2": 0.555539786816, "dvar": 0.233812108636, "dvar2": 0.543561697006, "max": 8.92805099487, "mean": 1.43214273453, "median": 1.43491482735, "min": -4.52927494049, "var": 1.93792033195}, "barkbands_spread": {"dmean": 0.787219107151, "dmean2": 1.23129796982, "dvar": 3.39163994789, "dvar2": 8.92291164398, "max": 90.2801818848, "mean": 4.53926420212, "median": 3.44466161728, "min": 0.168726250529, "var": 18.6181869507}, "dissonance": {"dmean": 0.0369724929333, "dmean2": 0.0636451244354, "dvar": 0.00144648225978, "dvar2": 0.00392843130976, "max": 0.499999910593, "mean": 0.350073099136, "median": 0.353711992502, "min": 0.082924336195, "var": 0.00554649019614}, "dynamic_complexity": 8.16268825531, "erbbands_crest": {"dmean": 1.691452384, "dmean2": 2.5242099762, "dvar": 5.57951021194, "dvar2": 12.3013086319, "max": 34.0966377258, "mean": 16.5175819397, "median": 14.9352903366, "min": 2.68274307251, "var": 50.4021339417}, "erbbands_flatness_db": {"dmean": 0.0122130187228, "dmean2": 0.0185633786023, "dvar": 0.000281537708361, "dvar2": 0.000614995195065, "max": 0.548104226589, "mean": 0.379354208708, "median": 0.381372839212, "min": 0.0528696589172, "var": 0.00308575970121}, "erbbands_kurtosis": {"dmean": 1.54055869579, "dmean2": 2.11512327194, "dvar": 10.7607116699, "dvar2": 18.5848808289, "max": 116.768180847, "mean": 5.22774982452, "median": 2.01073455811, "min": -1.7078794241, "var": 101.758483887}, "erbbands_skewness": {"dmean": 0.272442609072, "dmean2": 0.396754443645, "dvar": 0.149961307645, "dvar2": 0.302598595619, "max": 8.75254917145, "mean": 1.04556882381, "median": 0.935662388802, "min": -3.94915723801, "var": 1.81544649601}, "erbbands_spread": {"dmean": 1.44798374176, "dmean2": 2.2118806839, "dvar": 5.05035257339, "dvar2": 11.6638250351, "max": 65.0727920532, "mean": 10.1478624344, "median": 8.83163928986, "min": 0.461545526981, "var": 42.7528038025}, "hfc": {"dmean": 2.46130657196, "dmean2": 2.79934239388, "dvar": 58.5066833496, "dvar2": 94.256072998, "max": 234.730331421, "mean": 7.61169481277, "median": 1.90439379215, "min": 1.19741964024e-16, "var": 220.259658813}, "melbands_crest": {"dmean": 1.78564536572, "dmean2": 2.84789037704, "dvar": 5.20738315582, "dvar2": 11.951253891, "max": 34.4582290649, "mean": 16.7005996704, "median": 15.6642751694, "min": 1.52923417091, "var": 37.9947090149}, "melbands_flatness_db": {"dmean": 0.0187475997955, "dmean2": 0.029944928363, "dvar": 0.000745509169064, "dvar2": 0.00179441913497, "max": 0.632431745529, "mean": 0.448993444443, "median": 0.458491802216, "min": 0.00385662959889, "var": 0.00721081299707}, "melbands_kurtosis": {"dmean": 2.53287315369, "dmean2": 3.97501921654, "dvar": 30.502035141, "dvar2": 64.7296142578, "max": 253.452819824, "mean": 8.36369419098, "median": 4.89448833466, "min": -1.85428607464, "var": 216.626785278}, "melbands_skewness": {"dmean": 0.360262811184, "dmean2": 0.566223919392, "dvar": 0.249074622989, "dvar2": 0.58884614706, "max": 9.58006954193, "mean": 1.38909685612, "median": 1.4203119278, "min": -3.41029524803, "var": 1.75468504429}, "melbands_spread": {"dmean": 1.28926217556, "dmean2": 2.03099727631, "dvar": 8.13174438477, "dvar2": 18.3985061646, "max": 151.66456604, "mean": 8.25875282288, "median": 5.18521213531, "min": 0.283201426268, "var": 210.687103271}, "pitch_salience": {"dmean": 0.0428896956146, "dmean2": 0.070374764502, "dvar": 0.00331103033386, "dvar2": 0.00842351838946, "max": 0.864347755909, "mean": 0.477576375008, "median": 0.482143223286, "min": 0.0549294389784, "var": 0.0189924109727}, "silence_rate_20dB": {"dmean": 0, "dmean2": 0, "dvar": 0, "dvar2": 0, "max": 1, "mean": 1, "median": 1, "min": 1, "var": 0}, "silence_rate_30dB": {"dmean": 0.00865800864995, "dmean2": 0.0173178911209, "dvar": 0.00858390983194, "dvar2": 0.0204832423478, "max": 1, "mean": 0.990044355392, "median": 1, "min": 0, "var": 0.00985657051206}, "silence_rate_60dB": {"dmean": 0.0398268401623, "dmean2": 0.0796623006463, "dvar": 0.03824146837, "dvar2": 0.0785132870078, "max": 1, "mean": 0.402229189873, "median": 0, "min": 0, "var": 0.240428030491}, "spectral_centroid": {"dmean": 40.0213279724, "dmean2": 61.7808456421, "dvar": 13786.8310547, "dvar2": 20650.6738281, "max": 11263.0888672, "mean": 554.255004883, "median": 451.050628662, "min": 207.10597229, "var": 194710.0625}, "spectral_complexity": {"dmean": 0.842424213886, "dmean2": 1.39409029484, "dvar": 2.0456635952, "dvar2": 4.2336139679, "max": 29, "mean": 6.24694299698, "median": 6, "min": 0, "var": 17.0024833679}, "spectral_decrease": {"dmean": 9.29978094533e-10, "dmean2": 1.10808617837e-09, "dvar": 6.78401508755e-18, "dvar2": 1.15771280362e-17, "max": 4.65360893838e-18, "mean": -3.33824146104e-09, "median": -1.21001353381e-09, "min": -6.56464251847e-08, "var": 3.09158720854e-17}, "spectral_energy": {"dmean": 0.00373040349223, "dmean2": 0.00442954618484, "dvar": 0.000109655913548, "dvar2": 0.000186297082109, "max": 0.262182623148, "mean": 0.013289725408, "median": 0.00475057773292, "min": 1.05280430283e-20, "var": 0.000495143525768}, "spectral_energyband_high": {"dmean": 8.14998384158e-06, "dmean2": 1.16303517643e-05, "dvar": 3.85512510803e-09, "dvar2": 9.11661945935e-09, "max": 0.0019358569989, "mean": 9.65549861576e-06, "median": 1.51471638787e-07, "min": 7.99592927434e-21, "var": 4.07905531574e-09}, "spectral_energyband_low": {"dmean": 0.000153929271619, "dmean2": 0.00022936728783, "dvar": 4.290131983e-07, "dvar2": 6.50601521102e-07, "max": 0.0306911207736, "mean": 0.000511350343004, "median": 3.92997571907e-05, "min": 5.42769498059e-23, "var": 2.71863723356e-06}, "spectral_energyband_middle_high": {"dmean": 0.00111354514956, "dmean2": 0.00127002433874, "dvar": 2.62509802269e-05, "dvar2": 4.27115737693e-05, "max": 0.202301576734, "mean": 0.00256580486894, "median": 0.000174600630999, "min": 1.37837350425e-21, "var": 7.85199081292e-05}, "spectral_energyband_middle_low": {"dmean": 0.00285727158189, "dmean2": 0.00345211382955, "dvar": 7.71706763771e-05, "dvar2": 0.000133232781081, "max": 0.250310957432, "mean": 0.0108260838315, "median": 0.00385459535755, "min": 2.49477677795e-22, "var": 0.000374659517547}, "spectral_entropy": {"dmean": 0.151337772608, "dmean2": 0.240801751614, "dvar": 0.064037129283, "dvar2": 0.153217852116, "max": 9.81269168854, "mean": 5.44283533096, "median": 5.39239358902, "min": 3.8411796093, "var": 0.346812367439}, "spectral_flux": {"dmean": 0.0124352546409, "dmean2": 0.0198094602674, "dvar": 0.000876341131516, "dvar2": 0.00207187933847, "max": 0.397141903639, "mean": 0.0218631047755, "median": 0.0114504080266, "min": 1.02606249885e-10, "var": 0.00110724638216}, "spectral_kurtosis": {"dmean": 25.0780448914, "dmean2": 43.5523376465, "dvar": 601.716796875, "dvar2": 1607.12426758, "max": 332.766296387, "mean": 82.5988388062, "median": 68.4968795776, "min": -1.18830025196, "var": 3356.4765625}, "spectral_rms": {"dmean": 0.000370559719158, "dmean2": 0.000434419402154, "dvar": 5.72390661091e-07, "dvar2": 9.16230874282e-07, "max": 0.0159933716059, "mean": 0.00276662921533, "median": 0.00215283758007, "min": 3.20488080519e-12, "var": 5.31128534931e-06}, "spectral_rolloff": {"dmean": 54.4172668457, "dmean2": 100.043281555, "dvar": 78031.2421875, "dvar2": 152041.359375, "max": 19315.2832031, "mean": 856.64251709, "median": 559.86328125, "min": 193.798828125, "var": 3893628}, "spectral_skewness": {"dmean": 1.37628912926, "dmean2": 2.41333961487, "dvar": 1.46419477463, "dvar2": 3.94991135597, "max": 14.8191194534, "mean": 6.21056699753, "median": 5.85501003265, "min": -0.0259363874793, "var": 7.52364301682}, "spectral_spread": {"dmean": 286991.4375, "dmean2": 499509.28125, "dvar": 185441992704, "dvar2": 345975881728, "max": 39942396, "mean": 1220703, "median": 1058162.625, "min": 253668.921875, "var": 1267654590460.0}, "spectral_strongpeak": {"dmean": 0.297007471323, "dmean2": 0.388129979372, "dvar": 0.524217784405, "dvar2": 0.900777935982, "max": 17.9914779663, "mean": 1.22587871552, "median": 0.620643675327, "min": 0, "var": 2.52097129822}, "zerocrossingrate": {"dmean": 0.0019947134424, "dmean2": 0.00244299182668, "dvar": 2.41705729422e-05, "dvar2": 2.32491638599e-05, "max": 0.5146484375, "mean": 0.0298019051552, "median": 0.021484375, "min": 0.005859375, "var": 0.00282843946479}, "barkbands": {"dmean": [1.68105987086e-06, 1.87621826626e-05, 0.000108529966383, 9.42111946642e-05, 0.000482301838929, 0.000726914673578, 0.000580414081924, 0.000763188290875, 0.000319689133903, 0.000596343481448, 0.000369566550944, 0.000133645677124, 0.000150910404045, 2.74215362879e-05, 6.16714532953e-05, 4.17468218075e-05, 2.00687281904e-05, 8.07278684078e-06, 8.24374819786e-06, 6.40347616354e-06, 1.53463588504e-06, 6.43407474854e-07, 2.89353948801e-07, 1.31229072053e-07, 2.57305980966e-08, 1.35973001747e-08, 2.43361308883e-09], "dmean2": [2.9047175758e-06, 3.15177894663e-05, 0.000162049938808, 0.000159712377354, 0.000795918575022, 0.00103088631295, 0.000751943443902, 0.000886213267222, 0.000347279128619, 0.000616272562183, 0.000468706304673, 0.000172036481672, 0.000177618363523, 3.81762401958e-05, 7.89325276855e-05, 5.49528558622e-05, 2.89069394057e-05, 1.15840448416e-05, 1.15823968372e-05, 8.98307462194e-06, 2.39689620685e-06, 9.85389306152e-07, 4.31074937524e-07, 2.21942244139e-07, 4.14859471221e-08, 2.33203198974e-08, 4.14713685615e-09], "dvar": [1.07874160993e-11, 4.46429870848e-09, 2.59479634224e-07, 6.30325018847e-08, 2.11557630792e-06, 1.33671892399e-05, 8.58662679093e-06, 2.67611976597e-05, 3.55084557668e-06, 9.95849950414e-06, 1.02296253317e-05, 2.57906845036e-06, 1.64707103067e-06, 3.07814538303e-08, 7.95447832047e-08, 5.30042854052e-08, 1.83429058609e-08, 2.32233476893e-09, 2.70010436232e-09, 2.50045162353e-09, 6.53280540774e-10, 2.97615855571e-11, 8.01322116301e-12, 1.70630610336e-12, 5.41002315104e-14, 3.43250140767e-14, 7.0956849964e-16], "dvar2": [2.93052249134e-11, 1.19834222545e-08, 3.82526849307e-07, 1.36022720199e-07, 5.44055865248e-06, 3.10584655381e-05, 1.27421972138e-05, 4.01769757445e-05, 4.98754661749e-06, 1.52699685714e-05, 1.77063302544e-05, 4.29599003837e-06, 2.61224772657e-06, 5.75796619273e-08, 1.2976988728e-07, 1.02229471111e-07, 3.72843977914e-08, 4.2868584238e-09, 5.74731373604e-09, 5.61063195903e-09, 1.87212845226e-09, 7.30167315499e-11, 2.05961254995e-11, 4.56631650894e-12, 1.24301651329e-13, 9.36503953271e-14, 1.85983490097e-15], "max": [8.16709216451e-05, 0.00142323668115, 0.0242752376944, 0.00703010428697, 0.0526136830449, 0.185339704156, 0.147292286158, 0.228460639715, 0.0896605327725, 0.112231940031, 0.160096123815, 0.0954913124442, 0.085410758853, 0.0128946984187, 0.0114516559988, 0.00834789592773, 0.00629226863384, 0.00311311800033, 0.0035494689364, 0.00186900736298, 0.0017314159777, 0.000307685724692, 0.000179302704055, 4.93776315125e-05, 7.76753677201e-06, 8.55167672853e-06, 9.94189008452e-07], "mean": [1.78458958544e-06, 1.89897527889e-05, 0.000352019793354, 0.000256116181845, 0.0016145396512, 0.00257453555241, 0.00211884547025, 0.00244789803401, 0.000837311788928, 0.00147072714753, 0.000670913606882, 0.000253805075772, 0.000326503213728, 5.3097926866e-05, 0.000134673755383, 7.8442877566e-05, 3.61887796316e-05, 1.82632302312e-05, 1.45545673149e-05, 7.49432001612e-06, 1.82183225661e-06, 7.23478933651e-07, 3.0774191373e-07, 1.02679756253e-07, 2.30678285362e-08, 9.67981161892e-09, 1.99025995684e-09], "median": [8.13235203623e-07, 2.39708288063e-06, 1.50737505464e-05, 8.43966045068e-05, 0.000753341242671, 0.000497252796777, 0.000231707876083, 0.0001679269335, 4.17185183323e-05, 3.0062161386e-05, 6.79854656482e-06, 8.82895346876e-06, 7.97926531959e-06, 2.96488497042e-06, 4.29855617767e-06, 2.0630770905e-06, 1.28743545247e-06, 5.6359675682e-07, 4.94167522902e-07, 8.15840266455e-08, 2.32750316798e-08, 6.70257627178e-09, 1.55754165121e-09, 5.661482394e-10, 2.69941763387e-10, 1.94888633009e-10, 2.16557785593e-10], "min": [1.20051653013e-24, 1.81025938818e-23, 2.51755870224e-23, 1.50133924889e-23, 2.92583650363e-23, 3.03433390818e-23, 5.02798294645e-23, 2.19935603667e-23, 9.07119232849e-23, 9.08976400747e-23, 4.91203080634e-23, 6.57297334021e-23, 1.33306537282e-22, 3.6073252355e-23, 8.03368940792e-23, 6.21663224755e-23, 1.45336325299e-22, 3.60027660554e-22, 2.08613647919e-22, 3.81876381325e-22, 4.44017819972e-22, 6.34960983614e-22, 5.28437144967e-22, 8.71156187518e-22, 9.22450170252e-22, 1.93366150543e-21, 2.56525368695e-21], "var": [1.03938871399e-11, 3.89022369873e-09, 1.57637657594e-06, 2.9027137316e-07, 6.9081638685e-06, 3.99236887461e-05, 5.28846321686e-05, 0.00012140355102, 1.38593522934e-05, 3.67943757738e-05, 2.4094402761e-05, 5.60333546673e-06, 4.71644671052e-06, 6.39116919388e-08, 3.16300742043e-07, 1.08057996329e-07, 2.86880741385e-08, 5.47688427943e-09, 4.6301646961e-09, 2.89435986289e-09, 4.01207733702e-10, 2.88241808893e-11, 6.86843377312e-12, 1.21960666392e-12, 5.42242913439e-14, 2.24390208563e-14, 5.36704480517e-16]}, "erbbands": {"dmean": [0.000262056011707, 0.0063031069003, 0.0835476443172, 0.239807769656, 0.850944697857, 1.56657040119, 3.05888390541, 6.43377971649, 9.39454746246, 14.6545658112, 10.5631895065, 9.69742107391, 18.5534877777, 10.0760221481, 16.0708179474, 7.06010484695, 7.98346614838, 1.87946593761, 1.866517663, 4.40257692337, 1.36626636982, 0.756930291653, 0.672852516174, 0.534141898155, 0.203070983291, 0.353575140238, 0.135151922703, 0.0543468110263, 0.0269380137324, 0.0131631409749, 0.00596571154892, 0.00330645847134, 0.00173879519571, 0.000371600675862, 0.000168834099895, 0.000100373974419, 1.33637413455e-05, 2.66940242e-06, 2.18534660235e-06, 4.30417640018e-06], "dmean2": [0.000422164885094, 0.0103514445946, 0.127821043134, 0.372694432735, 1.46996438503, 2.57070851326, 4.16210603714, 9.53004264832, 12.645275116, 16.954158783, 12.0997447968, 10.134390831, 18.5217514038, 11.7099342346, 19.7648906708, 8.90168571472, 9.40420246124, 2.49548983574, 2.18373274803, 5.88721942902, 1.8219127655, 1.08253967762, 0.972553730011, 0.757803678513, 0.266885250807, 0.488584727049, 0.194665253162, 0.0862117409706, 0.0413533486426, 0.0199663229287, 0.00896529946476, 0.00537415873259, 0.00290454528295, 0.000600673840381, 0.000276499165921, 0.000176034358446, 2.13127732422e-05, 4.283522685e-06, 2.69516112894e-06, 5.09352867084e-06], "dvar": [5.15381088917e-07, 0.000426232261816, 0.126701712608, 0.813953280449, 9.08295059204, 21.9771213531, 132.742507935, 1460.96252441, 2160.21313477, 9065.51464844, 6423.984375, 2905.26586914, 9478.68261719, 6064.71337891, 21056.4921875, 6520.45166016, 4558.39550781, 96.6909332275, 109.786224365, 491.896331787, 58.3912887573, 20.5083427429, 19.0260028839, 12.1992702484, 1.57269787788, 7.69183588028, 1.69771635532, 0.5843963027, 0.0538706742227, 0.0171337835491, 0.0017904950073, 0.000900812679902, 0.000303261505906, 8.87580335984e-06, 2.69034126177e-06, 2.35666379922e-06, 1.48169352343e-08, 6.80485168214e-10, 6.41653674638e-11, 1.48154197244e-10], "dvar2": [1.24638938814e-06, 0.00107868993655, 0.201963961124, 1.35307240486, 23.9160442352, 55.9118461609, 239.882751465, 3477.7824707, 4275.27490234, 12212.4375, 10335.6279297, 4110.5546875, 13567.3964844, 10459.0361328, 34524.328125, 10726.4658203, 7391.11767578, 177.040710449, 138.301879883, 855.61541748, 115.62890625, 41.2710647583, 36.7290000916, 25.8543682098, 3.05294132233, 16.7432575226, 4.14449214935, 1.64507496357, 0.132543861866, 0.0451306663454, 0.00429022777826, 0.00243856804445, 0.000791012309492, 2.05193391594e-05, 6.35845299257e-06, 6.62879847368e-06, 3.45591857354e-08, 1.65148139608e-09, 1.33097144417e-10, 2.51499099324e-10], "max": [0.012948686257, 0.432152688503, 16.0778331757, 39.3057937622, 94.7412414551, 153.296722412, 541.796630859, 2275.7109375, 1433.25354004, 3934.08691406, 4621.56542969, 2500.71923828, 3209.73046875, 4162.63574219, 8645.86425781, 4877.92138672, 4450.54296875, 640.189575195, 675.929748535, 845.444763184, 303.355224609, 209.199050903, 223.523483276, 254.465911865, 57.9266891479, 130.760696411, 46.4678535461, 49.5023231506, 12.7606525421, 8.25141906738, 1.34987068176, 1.16795730591, 0.845682561398, 0.0831704959273, 0.0644596740603, 0.0713362842798, 0.00359240965918, 0.000909299589694, 0.000264312548097, 0.000304115674226], "mean": [0.000389815686503, 0.00943557918072, 0.241125315428, 0.853392183781, 2.52633190155, 5.24729251862, 9.71301174164, 22.2385234833, 37.254825592, 47.4367599487, 35.6933441162, 26.9678497314, 45.8500595093, 24.7852668762, 29.6412143707, 14.119931221, 17.3928775787, 4.02763414383, 4.69722175598, 8.6014175415, 2.67965579033, 1.45941162109, 1.34645080566, 1.02245628834, 0.330775082111, 0.415307492018, 0.167869448662, 0.0618382506073, 0.0306196827441, 0.0139967743307, 0.00642669294029, 0.00283386325464, 0.00141584163066, 0.000329540402163, 0.000159333547344, 7.39744646125e-05, 1.46236943692e-05, 3.09456981995e-06, 6.83184862282e-06, 1.51481144712e-05], "median": [9.37418080866e-05, 0.00130921963137, 0.0164757948369, 0.169741615653, 0.935518980026, 1.99849772453, 2.88453125954, 3.48250126839, 4.66451406479, 3.01300048828, 3.73294019699, 2.20848989487, 1.80515408516, 0.662709057331, 0.613346517086, 0.714957118034, 0.676290988922, 0.393769174814, 0.241042405367, 0.295409411192, 0.127544432878, 0.0741984844208, 0.0559640415013, 0.0467171147466, 0.0100495386869, 0.00621505547315, 0.00262992014177, 0.000807136180811, 0.000316969817504, 0.000127740102471, 4.28450766776e-05, 1.99439309654e-05, 1.1778116459e-05, 7.03316027284e-06, 4.57534633824e-06, 3.19633636536e-06, 1.8901760086e-06, 4.17120844531e-07, 2.28351041187e-06, 5.31176056029e-06], "min": [1.5058105125e-22, 5.68283986037e-21, 3.20975093615e-20, 3.94261874171e-20, 6.28336797676e-20, 9.31452351009e-20, 1.33793013186e-19, 3.07741690155e-19, 3.60305967854e-19, 1.15274773472e-18, 4.51886080301e-19, 1.93019390614e-18, 2.06952482891e-18, 3.66692102036e-18, 2.68662679488e-18, 2.71456027058e-18, 6.72281406198e-18, 1.82626259128e-18, 3.62570757352e-18, 3.84265430073e-18, 5.00727414518e-18, 7.97554394452e-18, 1.86321076401e-17, 1.12934514083e-17, 1.42403410703e-17, 1.58898616345e-17, 1.57655330797e-17, 2.10329199587e-17, 2.0457374306e-17, 2.26321843376e-17, 1.30118910067e-17, 1.75041575394e-17, 1.40849518835e-17, 1.04459163624e-17, 7.10286922546e-18, 5.99907858888e-18, 3.49809014861e-18, 1.46080881998e-18, 3.45744280351e-19, 4.08075919648e-20], "var": [7.65381287238e-07, 0.000670596898999, 0.691065728664, 5.16442728043, 23.2279682159, 91.5401763916, 557.109375, 4089.07568359, 10263.6943359, 46322.7773438, 28736.8613281, 11393.9208984, 35658.8320312, 21553.046875, 51316.2539062, 14439.5703125, 12758.8916016, 215.711288452, 545.344177246, 1427.31286621, 107.226486206, 33.8066482544, 35.1648139954, 21.4867897034, 2.80364370346, 8.80742168427, 1.82951533794, 0.387650966644, 0.0519570112228, 0.0137649849057, 0.00182426988613, 0.000644730462227, 0.00023073918419, 8.69240284374e-06, 2.62525077233e-06, 1.43296028909e-06, 1.39114622044e-08, 6.20308804322e-10, 1.67236877124e-10, 6.54529097588e-10]}, "gfcc": {"mean": [-270.683532715, 216.865722656, -133.078613281, -35.8881797791, -42.7355079651, -42.6965866089, -31.0244293213, -25.5029716492, -14.0770330429, -17.083152771, -10.8554944992, -14.4768190384, -7.66387414932], "cov": [[20280.0683594, 1666.60620117, -4236.66162109, 995.423034668, 6.93853473663, -1351.95263672, 607.566101074, -143.52507019, 424.127655029, -184.852005005, 373.347625732, -70.5163955688, 442.942382812], [1666.60620117, 1840.80151367, 238.274154663, -437.029815674, 143.057006836, -410.117248535, -195.156784058, -232.738204956, -86.5253372192, -125.31640625, -2.52261328697, -147.409179688, -62.461391449], [-4236.66162109, 238.274154663, 1488.81945801, -359.338806152, -49.2403297424, 231.578842163, -267.513336182, -17.923582077, -99.9177322388, 32.5760650635, -76.2583389282, -43.5417366028, -157.738510132], [995.423034668, -437.029815674, -359.338806152, 453.56427002, 20.1382312775, 70.3465499878, 181.356582642, 39.8336524963, 33.9980278015, 28.0860214233, 18.1421070099, 3.37581944466, -4.96570587158], [6.93853473663, 143.057006836, -49.2403297424, 20.1382312775, 215.91418457, 10.7967739105, 13.6264762878, -17.7366676331, -44.9032821655, -7.89510440826, 21.2919826508, 5.75262975693, -11.7321987152], [-1351.95263672, -410.117248535, 231.578842163, 70.3465499878, 10.7967739105, 483.232696533, 81.9949645996, 16.9706096649, -66.1981430054, -39.3550300598, -78.2570877075, 10.692565918, -9.87173557281], [607.566101074, -195.156784058, -267.513336182, 181.356582642, 13.6264762878, 81.9949645996, 220.378753662, 58.7563705444, 16.8742618561, -10.4131641388, -32.4956092834, -22.0704879761, 12.4483747482], [-143.52507019, -232.738204956, -17.923582077, 39.8336524963, -17.7366676331, 16.9706096649, 58.7563705444, 138.357666016, 60.0691070557, 20.6290969849, -0.911768078804, 0.903866946697, -0.206960260868], [424.127655029, -86.5253372192, -99.9177322388, 33.9980278015, -44.9032821655, -66.1981430054, 16.8742618561, 60.0691070557, 150.035842896, 73.0845794678, 13.8799333572, -14.5880632401, -21.017780304], [-184.852005005, -125.31640625, 32.5760650635, 28.0860214233, -7.89510440826, -39.3550300598, -10.4131641388, 20.6290969849, 73.0845794678, 133.716690063, 40.2979125977, -3.3641898632, -45.6041755676], [373.347625732, -2.52261328697, -76.2583389282, 18.1421070099, 21.2919826508, -78.2570877075, -32.4956092834, -0.911768078804, 13.8799333572, 40.2979125977, 121.11051178, 61.8741493225, -6.87303161621], [-70.5163955688, -147.409179688, -43.5417366028, 3.37581944466, 5.75262975693, 10.692565918, -22.0704879761, 0.903866946697, -14.5880632401, -3.3641898632, 61.8741493225, 149.566513062, 72.7377319336], [442.942382812, -62.461391449, -157.738510132, -4.96570587158, -11.7321987152, -9.87173557281, 12.4483747482, -0.206960260868, -21.017780304, -45.6041755676, -6.87303161621, 72.7377319336, 163.158752441]], "icov": [[0.000358260207577, -0.000790386693552, 0.000925668980926, -0.000820031040348, 0.000712402688805, -0.000229253608268, 0.000244027498411, -0.000418410694692, -0.00040951021947, 1.74408760358e-05, -0.000750811363105, 0.000259672233369, -0.000582285807468], [-0.000790386693552, 0.00378949171863, -0.00275829108432, 0.00327755627222, -0.00309085752815, 0.00228484300897, -0.00201335223392, 0.00429539056495, -0.000673700182233, 0.00284039624967, 0.000270084710792, 0.00142689282075, 0.00118697690777], [0.000925668980926, -0.00275829108432, 0.00431133667007, -0.00196458026767, 0.0027605141513, -0.00202687992714, 0.00310702761635, -0.00342250382528, 0.00109265127685, -0.00215911935084, -7.44847129681e-05, -0.000422822544351, 9.64661958278e-05], [-0.000820031040348, 0.00327755627222, -0.00196458026767, 0.00680681644008, -0.00261350092478, 0.0011612783419, -0.00404957169667, 0.00355570530519, -5.14148596267e-05, 0.00104954862036, -2.79942887573e-05, 0.00056522822706, 0.00201817858033], [0.000712402688805, -0.00309085752815, 0.0027605141513, -0.00261350092478, 0.00786595325917, -0.0019146829145, 0.00133147509769, -0.00343975471333, 0.00266467826441, -0.00263755815104, -0.00139963894617, -0.000902366882656, -0.00023483671248], [-0.000229253608268, 0.00228484300897, -0.00202687992714, 0.0011612783419, -0.0019146829145, 0.00504922121763, -0.00308155477978, 0.00317515060306, -0.000277626677416, 0.00274485955015, 0.0013532434823, -0.000169191611349, 0.000843707355671], [0.000244027498411, -0.00201335223392, 0.00310702761635, -0.00404957169667, 0.00133147509769, -0.00308155477978, 0.0122495060787, -0.0068988148123, 0.00252274889499, -0.00261562783271, 0.00349846458994, -0.000242841226282, 0.000262789631961], [-0.000418410694692, 0.00429539056495, -0.00342250382528, 0.00355570530519, -0.00343975471333, 0.00317515060306, -0.0068988148123, 0.0170053560287, -0.0075622596778, 0.00599056249484, -0.00282966718078, 0.00254606408998, -0.00048161635641], [-0.00040951021947, -0.000673700182233, 0.00109265127685, -5.14148596267e-05, 0.00266467826441, -0.000277626677416, 0.00252274889499, -0.0075622596778, 0.0158381462097, -0.00918563362211, 0.00415156688541, -0.001692262711, 0.00228344695643], [1.74408760358e-05, 0.00284039624967, -0.00215911935084, 0.00104954862036, -0.00263755815104, 0.00274485955015, -0.00261562783271, 0.00599056249484, -0.00918563362211, 0.0173602923751, -0.00617452943698, 0.00310782319866, 0.00119162455667], [-0.000750811363105, 0.000270084710792, -7.44847129681e-05, -2.79942887573e-05, -0.00139963894617, 0.0013532434823, 0.00349846458994, -0.00282966718078, 0.00415156688541, -0.00617452943698, 0.019899526611, -0.010570182465, 0.00613907445222], [0.000259672233369, 0.00142689282075, -0.000422822544351, 0.00056522822706, -0.000902366882656, -0.000169191611349, -0.000242841226282, 0.00254606408998, -0.001692262711, 0.00310782319866, -0.010570182465, 0.016018750146, -0.00753955543041], [-0.000582285807468, 0.00118697690777, 9.64661958278e-05, 0.00201817858033, -0.00023483671248, 0.000843707355671, 0.000262789631961, -0.00048161635641, 0.00228344695643, 0.00119162455667, 0.00613907445222, -0.00753955543041, 0.0125794075429]]}, "melbands": {"dmean": [3.6797202938e-06, 3.26068402501e-05, 5.36344996362e-05, 8.5829240561e-05, 0.000101214878669, 0.000153930013767, 0.000135589958518, 0.000168564438354, 7.47829835746e-05, 6.05172681389e-05, 9.12719769985e-05, 3.83764345315e-05, 5.3398507589e-05, 2.3944028726e-05, 1.75152872544e-05, 1.15108641694e-05, 3.24714915223e-06, 2.6502750643e-06, 4.02405021305e-06, 5.5344712564e-06, 1.11500685307e-06, 8.04904232155e-07, 1.01473131053e-06, 3.40047790814e-07, 5.11378175361e-07, 1.16116446236e-07, 1.14178270394e-07, 2.79595496977e-07, 9.91985800169e-08, 5.38317728171e-08, 2.07601420499e-08, 1.73347043386e-08, 8.49836734318e-09, 7.65968533045e-09, 3.29533045296e-09, 3.02070257696e-09, 1.8376035138e-09, 1.70657077359e-09, 4.89440321605e-10, 2.26783924973e-10], "dmean2": [6.04618389843e-06, 4.96983520861e-05, 8.66240152391e-05, 0.000146501100971, 0.000142443212098, 0.000224733055802, 0.000179736947757, 0.000197047949769, 8.59746869537e-05, 6.27631743555e-05, 9.1338159109e-05, 4.58228896605e-05, 6.75518676871e-05, 2.96490597975e-05, 2.12156210182e-05, 1.38847372e-05, 4.490545507e-06, 3.10251152769e-06, 5.27395195604e-06, 7.41841722629e-06, 1.51445362917e-06, 1.132431521e-06, 1.53332950958e-06, 4.84415465962e-07, 7.3207627338e-07, 1.5703837164e-07, 1.53062359232e-07, 3.89383416177e-07, 1.42612194054e-07, 8.80121007185e-08, 3.24392885886e-08, 2.68499551481e-08, 1.28944943611e-08, 1.16668550376e-08, 4.97617280715e-09, 4.73134909029e-09, 3.11766545913e-09, 2.8614526304e-09, 8.30711333055e-10, 3.65905666877e-10], "dvar": [1.51316459363e-10, 1.86794544277e-08, 2.56220804573e-08, 8.90093190264e-08, 1.30540783516e-07, 7.29667306132e-07, 4.2899756636e-07, 1.25315807509e-06, 3.39144548889e-07, 1.27525453308e-07, 2.32737662031e-07, 1.14644862492e-07, 2.10601285744e-07, 5.94087410377e-08, 1.99242524701e-08, 8.89161810846e-09, 4.11364192709e-10, 2.29733634893e-10, 3.47160744596e-10, 7.50077999712e-10, 4.58373165813e-11, 2.34592553716e-11, 7.12226735922e-11, 4.79152698421e-12, 1.23213973746e-11, 6.02946783213e-13, 4.60442285428e-13, 5.01026824196e-12, 1.38664915054e-12, 1.64961740014e-12, 2.73787662328e-14, 2.99936026807e-14, 6.63736669183e-15, 1.07463239425e-14, 5.98321733446e-16, 6.56313103026e-16, 3.20149575533e-16, 3.82470104036e-16, 1.57853705251e-17, 3.99888018071e-18], "dvar2": [3.93512777919e-10, 2.91970856381e-08, 4.99114918284e-08, 2.3944673444e-07, 2.57648366642e-07, 1.71748729372e-06, 8.09699201909e-07, 1.73843136508e-06, 5.47098409243e-07, 1.76393811557e-07, 3.31810127818e-07, 1.98029752596e-07, 3.72537954263e-07, 9.75326415187e-08, 3.11849959189e-08, 1.47243204296e-08, 7.84626530415e-10, 2.90465984598e-10, 5.95894278366e-10, 1.36029820741e-09, 9.10118230779e-11, 4.45306951036e-11, 1.49771750557e-10, 8.81707207245e-12, 2.5900439779e-11, 1.18372119832e-12, 9.26498027604e-13, 1.10583651611e-11, 3.23819682006e-12, 4.78233121506e-12, 6.88890472987e-14, 7.45795908212e-14, 1.63273427168e-14, 2.86978726644e-14, 1.3934961473e-15, 1.68234359379e-15, 8.43926559799e-16, 1.00977741082e-15, 3.962135908e-17, 9.03679020064e-18], "max": [0.000256621744484, 0.00624487176538, 0.00576911261305, 0.00871121324599, 0.0179109442979, 0.044324900955, 0.0218905881047, 0.0505748353899, 0.0350692905486, 0.0172449611127, 0.0159322340041, 0.0184982344508, 0.0222254041582, 0.012176326476, 0.00727507192641, 0.00596450362355, 0.00147055485286, 0.000960879668128, 0.000660882622469, 0.000847980380058, 0.000237789048697, 0.000215411899262, 0.000489413796458, 0.000141970405821, 0.00025439428282, 3.43254068866e-05, 2.65782891802e-05, 9.97095703497e-05, 4.78826914332e-05, 8.93566684681e-05, 5.69946541873e-06, 1.16013834486e-05, 3.81559675589e-06, 7.38007247492e-06, 9.34405932185e-07, 9.38817208862e-07, 6.5370414859e-07, 1.00146780824e-06, 1.22807250591e-07, 5.75411576165e-08], "mean": [4.19864090873e-06, 9.39118763199e-05, 0.000188448815607, 0.000261867069639, 0.000336543627782, 0.000538788794074, 0.000538428022992, 0.000537189771421, 0.000249342847383, 0.000160706404131, 0.000223332215683, 9.47780863498e-05, 9.74569775281e-05, 4.49692124675e-05, 3.68381879525e-05, 2.47959887929e-05, 6.35908963886e-06, 6.49025287203e-06, 8.58506155055e-06, 1.03695074358e-05, 2.15947443394e-06, 1.61048001246e-06, 1.67011808117e-06, 7.50610865907e-07, 9.39239271247e-07, 1.82362100531e-07, 1.62249151003e-07, 3.19295679674e-07, 1.22591103491e-07, 5.76440726263e-08, 2.39005562008e-08, 1.96006126885e-08, 8.98270791083e-09, 7.9104731654e-09, 3.61728824672e-09, 2.85478662931e-09, 1.45707357291e-09, 1.35389777167e-09, 4.00973004799e-10, 1.98156532849e-10], "median": [6.67975200486e-07, 5.62314153285e-06, 6.32586816209e-05, 0.000112910674943, 0.000103242578916, 8.52164230309e-05, 6.35644464637e-05, 2.68327512458e-05, 2.50374851021e-05, 9.10106700758e-06, 6.01166402703e-06, 1.74783690454e-06, 1.33894411647e-06, 1.33865592034e-06, 1.35438699544e-06, 7.65344282172e-07, 3.89577053284e-07, 2.73107957582e-07, 2.78931423736e-07, 2.93182267797e-07, 8.19802536967e-08, 5.34025943466e-08, 4.26553619093e-08, 2.52025351699e-08, 3.04111011928e-08, 3.42922623631e-09, 3.29117333386e-09, 3.02421354625e-09, 7.80246145471e-10, 6.47933651177e-10, 2.13621786926e-10, 1.47673068218e-10, 6.25936524834e-11, 4.92005672315e-11, 2.09491278491e-11, 1.18211759825e-11, 7.89990555611e-12, 6.20506857701e-12, 3.51843489239e-12, 2.7054595543e-12], "min": [3.20844738232e-24, 1.34164918921e-23, 7.30811076675e-24, 5.50808716435e-24, 5.07800256541e-24, 6.44199631865e-24, 6.92331151693e-24, 1.11665012405e-23, 3.65669333424e-24, 1.34295443847e-23, 1.0339473667e-23, 1.49162064031e-23, 7.78500637181e-24, 8.2526052511e-24, 1.20987541813e-23, 1.03665836609e-23, 2.95046403112e-24, 5.57879986703e-24, 5.88116749099e-24, 4.46365859724e-24, 6.71858870139e-24, 8.35436594129e-24, 1.22258791162e-23, 1.75750210634e-23, 8.1241913175e-24, 8.20195407009e-24, 1.11553696243e-23, 1.08408712918e-23, 1.06069054025e-23, 1.06690849967e-23, 1.28568550333e-23, 1.02126571767e-23, 1.44382781791e-23, 1.25945682486e-23, 6.88632182908e-24, 9.00539075826e-24, 1.11109741103e-23, 9.34271951425e-24, 1.04272809855e-23, 8.23486376934e-24], "var": [1.5001645759e-10, 1.04841454629e-07, 1.34031012067e-07, 1.95573250039e-07, 5.51119285319e-07, 2.09521954275e-06, 2.24283803618e-06, 6.14179816694e-06, 1.51736196585e-06, 5.02193302054e-07, 8.78801074577e-07, 4.03368034085e-07, 4.86994053972e-07, 1.35655554345e-07, 5.30200061633e-08, 2.40675408492e-08, 8.47124759229e-10, 1.10092779337e-09, 1.21757781635e-09, 1.85782411677e-09, 8.56069382049e-11, 4.80499355582e-11, 9.20644949165e-11, 1.08446480962e-11, 2.16886422016e-11, 1.04312348689e-12, 7.00255446077e-13, 5.66790581483e-12, 1.66471090385e-12, 9.44953642244e-13, 2.74399558929e-14, 2.82067290803e-14, 6.31992076605e-15, 8.22305599128e-15, 6.48557563482e-16, 5.52768989757e-16, 2.37347790364e-16, 2.80770669708e-16, 1.33413107226e-17, 3.95318134699e-18]}, "mfcc": {"mean": [-869.099304199, 201.906829834, 5.0599770546, -6.86479330063, -6.63012075424, -18.4989089966, -20.1676826477, -16.6133956909, -12.7101135254, -10.2494859695, -8.46867370605, -6.95910310745, -8.21293258667], "cov": [[9626.90136719, 3004.27050781, -3174.91625977, 491.410491943, -31.2394580841, -432.864929199, -202.323303223, 38.7082176208, 123.901405334, 48.3043518066, -63.842464447, 97.8614959717, 204.216659546], [3004.27050781, 1850.0324707, -631.717956543, -80.8734817505, 109.202041626, -232.351806641, -196.393981934, -137.959960938, -93.7914962769, -79.8843612671, -32.2400245667, -2.62433624268, 1.69831478596], [-3174.91625977, -631.717956543, 1557.8449707, -173.707092285, -35.0397605896, 170.26725769, -2.0866932869, -91.7194213867, -115.872703552, -16.9126987457, 27.2701435089, -69.9270553589, -126.218360901], [491.410491943, -80.8734817505, -173.707092285, 288.402862549, -2.69242358208, -38.5988273621, 18.111284256, 12.1160402298, 25.1602935791, 42.8947677612, 40.8258552551, 49.1417770386, 29.5840511322], [-31.2394580841, 109.202041626, -35.0397605896, -2.69242358208, 160.072967529, 10.7214450836, -2.49177980423, -6.54130125046, -36.5251846313, -38.6057472229, 10.0539779663, 28.2580318451, 10.8899803162], [-432.864929199, -232.351806641, 170.26725769, -38.5988273621, 10.7214450836, 220.49949646, 127.892478943, 39.762134552, 13.8483734131, 13.1187438965, -0.229488939047, -32.3640899658, -26.1758613586], [-202.323303223, -196.393981934, -2.0866932869, 18.111284256, -2.49177980423, 127.892478943, 194.34828186, 98.8061676025, 34.7937278748, 17.0380172729, -18.7544498444, -44.7863044739, -29.9822654724], [38.7082176208, -137.959960938, -91.7194213867, 12.1160402298, -6.54130125046, 39.762134552, 98.8061676025, 159.23991394, 70.3136138916, 0.771727979183, -32.6389350891, -56.667350769, -9.82018566132], [123.901405334, -93.7914962769, -115.872703552, 25.1602935791, -36.5251846313, 13.8483734131, 34.7937278748, 70.3136138916, 135.01550293, 73.6927108765, -21.4750137329, -37.125415802, -6.94318199158], [48.3043518066, -79.8843612671, -16.9126987457, 42.8947677612, -38.6057472229, 13.1187438965, 17.0380172729, 0.771727979183, 73.6927108765, 167.192626953, 76.9559402466, -11.5581941605, -49.0500411987], [-63.842464447, -32.2400245667, 27.2701435089, 40.8258552551, 10.0539779663, -0.229488939047, -18.7544498444, -32.6389350891, -21.4750137329, 76.9559402466, 170.619522095, 106.591094971, -19.7614650726], [97.8614959717, -2.62433624268, -69.9270553589, 49.1417770386, 28.2580318451, -32.3640899658, -44.7863044739, -56.667350769, -37.125415802, -11.5581941605, 106.591094971, 230.231033325, 118.657196045], [204.216659546, 1.69831478596, -126.218360901, 29.5840511322, 10.8899803162, -26.1758613586, -29.9822654724, -9.82018566132, -6.94318199158, -49.0500411987, -19.7614650726, 118.657196045, 187.709518433]], "icov": [[0.0034688024316, -0.00483985804021, 0.00521472608671, -0.00506160734221, 0.00548792257905, -0.00598822021857, 0.00551131600514, -0.00537291448563, 0.00457907468081, -0.0041038566269, 0.00434106541798, -0.00280170026235, 0.00134497520048], [-0.00483985804021, 0.00765691604465, -0.00682134134695, 0.00747103942558, -0.00812780670822, 0.00883729103953, -0.00745524419472, 0.00820667296648, -0.00602678349242, 0.00587826780975, -0.00611617090181, 0.00430816877633, -0.00167972536292], [0.00521472608671, -0.00682134134695, 0.00896074995399, -0.00714489771053, 0.00841635838151, -0.00972797628492, 0.00891701504588, -0.00760633870959, 0.00789174064994, -0.00619421014562, 0.00654492154717, -0.00400077831, 0.00261269370094], [-0.00506160734221, 0.00747103942558, -0.00714489771053, 0.0118146482855, -0.00830720365047, 0.0102926129475, -0.00947691779584, 0.00846496224403, -0.00683135120198, 0.00532634137198, -0.00719030667096, 0.0040718736127, -0.002572681522], [0.00548792257905, -0.00812780670822, 0.00841635838151, -0.00830720365047, 0.0161305684596, -0.0108931940049, 0.00925838202238, -0.00947061832994, 0.00865294691175, -0.00521209603176, 0.00650677131489, -0.00537785608321, 0.00264265714213], [-0.00598822021857, 0.00883729103953, -0.00972797628492, 0.0102926129475, -0.0108931940049, 0.0202809553593, -0.0170829109848, 0.012456163764, -0.0102714467794, 0.0084633147344, -0.0102796843275, 0.00703759305179, -0.00404464406893], [0.00551131600514, -0.00745524419472, 0.00891701504588, -0.00947691779584, 0.00925838202238, -0.0170829109848, 0.0232450254261, -0.0169091355056, 0.0119032673538, -0.0102751394734, 0.0117813441902, -0.00766096496955, 0.00530828395858], [-0.00537291448563, 0.00820667296648, -0.00760633870959, 0.00846496224403, -0.00947061832994, 0.012456163764, -0.0169091355056, 0.0248721763492, -0.0169942658395, 0.0140232909471, -0.0136868171394, 0.0109412670135, -0.00511219818145], [0.00457907468081, -0.00602678349242, 0.00789174064994, -0.00683135120198, 0.00865294691175, -0.0102714467794, 0.0119032673538, -0.0169942658395, 0.0268455799669, -0.0186710059643, 0.0159531384706, -0.0084032388404, 0.00363935506903], [-0.0041038566269, 0.00587826780975, -0.00619421014562, 0.00532634137198, -0.00521209603176, 0.0084633147344, -0.0102751394734, 0.0140232909471, -0.0186710059643, 0.0238985903561, -0.0191118028015, 0.0108220204711, -0.00331666041166], [0.00434106541798, -0.00611617090181, 0.00654492154717, -0.00719030667096, 0.00650677131489, -0.0102796843275, 0.0117813441902, -0.0136868171394, 0.0159531384706, -0.0191118028015, 0.0293991658837, -0.0195050742477, 0.0112422751263], [-0.00280170026235, 0.00430816877633, -0.00400077831, 0.0040718736127, -0.00537785608321, 0.00703759305179, -0.00766096496955, 0.0109412670135, -0.0084032388404, 0.0108220204711, -0.0195050742477, 0.0210118219256, -0.0124993259087], [0.00134497520048, -0.00167972536292, 0.00261269370094, -0.002572681522, 0.00264265714213, -0.00404464406893, 0.00530828395858, -0.00511219818145, 0.00363935506903, -0.00331666041166, 0.0112422751263, -0.0124993259087, 0.0142574170604]]}, "spectral_contrast_coeffs": {"dmean": [0.0388511121273, 0.0317022539675, 0.0274767614901, 0.0252536479384, 0.0185763649642, 0.0373729392886], "dmean2": [0.0647366121411, 0.0508255064487, 0.041020732373, 0.038952127099, 0.0291446726769, 0.0644999668002], "dvar": [0.00115031911992, 0.00127643079031, 0.00099954532925, 0.000867723370902, 0.000561692577321, 0.0012170172995], "dvar2": [0.00290220789611, 0.00275704846717, 0.00200417917222, 0.00193777808454, 0.00121826957911, 0.0034008922521], "max": [-0.242783129215, -0.299773812294, -0.340476572514, -0.416430175304, -0.523815214634, -0.514944553375], "mean": [-0.51248049736, -0.64916062355, -0.679192006588, -0.69269400835, -0.733660638332, -0.807733893394], "median": [-0.499464988708, -0.65632802248, -0.689825356007, -0.695521771908, -0.722127377987, -0.823960125446], "min": [-0.950312137604, -0.965991795063, -0.970513224602, -0.964896321297, -0.963572025299, -0.962230682373], "var": [0.00930715445429, 0.0134924501181, 0.0120378192514, 0.00585135444999, 0.00621580565348, 0.0048711723648]}, "spectral_contrast_valleys": {"dmean": [0.464147001505, 0.313091546297, 0.31771671772, 0.334069043398, 0.285886198282, 0.623880565166], "dmean2": [0.741530239582, 0.497756361961, 0.492511838675, 0.51999694109, 0.43968769908, 1.07855176926], "dvar": [0.19