{"lowlevel": {"average_loudness": 0.96442168951, "barkbands_crest": {"dmean": 3.39790058136, "dmean2": 4.96423196793, "dvar": 17.6225414276, "dvar2": 32.7284240723, "max": 26.841802597, "mean": 17.793214798, "median": 21.2087097168, "min": 1.68516647816, "var": 59.0696868896}, "barkbands_flatness_db": {"dmean": 0.0550828352571, "dmean2": 0.068518102169, "dvar": 0.0037008211948, "dvar2": 0.00640835845843, "max": 0.701235055923, "mean": 0.253097891808, "median": 0.260188013315, "min": 0.0127210337669, "var": 0.0190760269761}, "barkbands_kurtosis": {"dmean": 50.660785675, "dmean2": 71.6511154175, "dvar": 18282.3222656, "dvar2": 36128, "max": 3822.23828125, "mean": 83.8051834106, "median": 27.3448905945, "min": -1.92914450169, "var": 34092.1835938}, "barkbands_skewness": {"dmean": 2.17681717873, "dmean2": 2.84417128563, "dvar": 8.15733909607, "dvar2": 14.7457151413, "max": 51.199180603, "mean": 5.69321393967, "median": 4.52372837067, "min": -3.95325112343, "var": 28.6891441345}, "barkbands_spread": {"dmean": 8.59871006012, "dmean2": 12.4271736145, "dvar": 221.22038269, "dvar2": 393.929443359, "max": 109.346855164, "mean": 14.8933668137, "median": 4.73258876801, "min": 0.0306351725012, "var": 430.878295898}, "dissonance": {"dmean": 0.0171516481787, "dmean2": 0.0286369472742, "dvar": 0.000769033678807, "dvar2": 0.00200597033836, "max": 0.500000059605, "mean": 0.469035893679, "median": 0.483152508736, "min": 0.118073910475, "var": 0.00222346535884}, "dynamic_complexity": 2.9025478363, "erbbands_crest": {"dmean": 2.46639966965, "dmean2": 3.7853500843, "dvar": 7.86311674118, "dvar2": 17.3570785522, "max": 32.6243247986, "mean": 8.10365581512, "median": 6.6001329422, "min": 2.22847414017, "var": 22.8580303192}, "erbbands_flatness_db": {"dmean": 0.023655956611, "dmean2": 0.0311617199332, "dvar": 0.000810844707303, "dvar2": 0.00147583207581, "max": 0.522989273071, "mean": 0.151674985886, "median": 0.14506572485, "min": 0.0422822125256, "var": 0.0041642896831}, "erbbands_kurtosis": {"dmean": 1.67382144928, "dmean2": 2.6015393734, "dvar": 23.6619529724, "dvar2": 51.4838562012, "max": 133.064666748, "mean": 1.12374925613, "median": -0.420884370804, "min": -1.8533564806, "var": 37.3647613525}, "erbbands_skewness": {"dmean": 0.487282574177, "dmean2": 0.717207014561, "dvar": 0.38785007596, "dvar2": 0.793085098267, "max": 7.08858537674, "mean": 0.239203646779, "median": 0.0935608074069, "min": -5.35631084442, "var": 1.1415797472}, "erbbands_spread": {"dmean": 11.798251152, "dmean2": 16.9680900574, "dvar": 180.99621582, "dvar2": 362.148345947, "max": 194.715438843, "mean": 48.9830322266, "median": 46.578327179, "min": 0.533862769604, "var": 661.720153809}, "hfc": {"dmean": 18.4747657776, "dmean2": 26.6527824402, "dvar": 1522.33166504, "dvar2": 2936.10205078, "max": 534.907043457, "mean": 25.6571445465, "median": 10.5101394653, "min": 2.50084641884e-09, "var": 2223.56542969}, "melbands_crest": {"dmean": 4.03041410446, "dmean2": 5.63369941711, "dvar": 22.9285373688, "dvar2": 46.5129203796, "max": 37.2081069946, "mean": 24.6557674408, "median": 27.5904407501, "min": 2.29505562782, "var": 90.3449935913}, "melbands_flatness_db": {"dmean": 0.063784211874, "dmean2": 0.0794075652957, "dvar": 0.00499759847298, "dvar2": 0.00894161593169, "max": 0.863198161125, "mean": 0.349694758654, "median": 0.365972816944, "min": 0.0167491529137, "var": 0.0268463790417}, "melbands_kurtosis": {"dmean": 69.1664886475, "dmean2": 95.2615890503, "dvar": 13618.4179688, "dvar2": 26667.6738281, "max": 1537.45251465, "mean": 136.369766235, "median": 66.1853179932, "min": -1.84422385693, "var": 33999.0117188}, "melbands_skewness": {"dmean": 2.30076313019, "dmean2": 3.06781053543, "dvar": 6.58209943771, "dvar2": 11.9353675842, "max": 28.1573066711, "mean": 7.52564096451, "median": 6.50140953064, "min": -3.32665157318, "var": 30.6349067688}, "melbands_spread": {"dmean": 7.92177343369, "dmean2": 11.8250102997, "dvar": 214.899505615, "dvar2": 443.809814453, "max": 186.066329956, "mean": 13.0079717636, "median": 3.12409114838, "min": 0.105013519526, "var": 402.800567627}, "pitch_salience": {"dmean": 0.120311371982, "dmean2": 0.174717351794, "dvar": 0.01866283454, "dvar2": 0.0399331077933, "max": 0.953506946564, "mean": 0.319230109453, "median": 0.268335580826, "min": 0.0117992656305, "var": 0.0540422573686}, "silence_rate_20dB": {"dmean": 0, "dmean2": 0, "dvar": 0, "dvar2": 0, "max": 1, "mean": 1, "median": 1, "min": 1, "var": 0}, "silence_rate_30dB": {"dmean": 0.127804771066, "dmean2": 0.255635976791, "dvar": 0.111479267478, "dvar2": 0.211164698005, "max": 1, "mean": 0.588399529457, "median": 1, "min": 0, "var": 0.242186054587}, "silence_rate_60dB": {"dmean": 0.0299865584821, "dmean2": 0.0597724914551, "dvar": 0.0290830880404, "dvar2": 0.0630345121026, "max": 1, "mean": 0.0660669952631, "median": 0, "min": 0, "var": 0.0617127344012}, "spectral_centroid": {"dmean": 360.251464844, "dmean2": 528.451477051, "dvar": 257616.609375, "dvar2": 505406.625, "max": 5083.12597656, "mean": 1134.29223633, "median": 917.579101562, "min": 66.9393005371, "var": 718202.3125}, "spectral_complexity": {"dmean": 5.66146230698, "dmean2": 7.96390914917, "dvar": 59.0239944458, "dvar2": 99.1901092529, "max": 68, "mean": 14.6600494385, "median": 12, "min": 0, "var": 163.37612915}, "spectral_decrease": {"dmean": 6.71224187343e-09, "dmean2": 8.23202572775e-09, "dvar": 5.1880212154e-17, "dvar2": 9.91737011939e-17, "max": -2.44375062927e-21, "mean": -2.33109336278e-08, "median": -2.13688391426e-08, "min": -7.06244023263e-08, "var": 3.31428825077e-16}, "spectral_energy": {"dmean": 0.025497758761, "dmean2": 0.0319369547069, "dvar": 0.000752020860091, "dvar2": 0.00147125602234, "max": 0.26789945364, "mean": 0.0903078019619, "median": 0.0841684564948, "min": 2.36057592744e-13, "var": 0.00473318202421}, "spectral_energyband_high": {"dmean": 0.00168022525031, "dmean2": 0.00239344360307, "dvar": 1.59941464517e-05, "dvar2": 3.21391235047e-05, "max": 0.0915828794241, "mean": 0.00175839662552, "median": 6.36256590951e-05, "min": 1.68603859715e-13, "var": 2.21980080823e-05}, "spectral_energyband_low": {"dmean": 0.0258876290172, "dmean2": 0.0298591721803, "dvar": 0.000804970914032, "dvar2": 0.0014686526265, "max": 0.264263004065, "mean": 0.0810564905405, "median": 0.0694698542356, "min": 2.0234475733e-15, "var": 0.0049926112406}, "spectral_energyband_middle_high": {"dmean": 0.00221819034778, "dmean2": 0.00331750209443, "dvar": 2.3131380658e-05, "dvar2": 4.70172344649e-05, "max": 0.0403963476419, "mean": 0.00298243807629, "median": 0.00102721701842, "min": 4.21871095186e-14, "var": 3.5005119571e-05}, "spectral_energyband_middle_low": {"dmean": 0.0042103137821, "dmean2": 0.00703855371103, "dvar": 5.93576769461e-05, "dvar2": 0.000154652196215, "max": 0.0790270268917, "mean": 0.00531012751162, "median": 0.00252321059816, "min": 3.17144424397e-15, "var": 6.17848418187e-05}, "spectral_entropy": {"dmean": 0.285066872835, "dmean2": 0.397189021111, "dvar": 0.145108059049, "dvar2": 0.268125712872, "max": 8.8175611496, "mean": 7.42406463623, "median": 7.47718143463, "min": 4.24057865143, "var": 0.684914529324}, "spectral_flux": {"dmean": 0.0444174073637, "dmean2": 0.0619167760015, "dvar": 0.0020789403934, "dvar2": 0.00373180792667, "max": 0.393981456757, "mean": 0.10384298116, "median": 0.0812277495861, "min": 0.00033806898864, "var": 0.00565962074324}, "spectral_kurtosis": {"dmean": 4.20716905594, "dmean2": 6.73536682129, "dvar": 169.080047607, "dvar2": 380.079742432, "max": 528.64251709, "mean": 8.94557666779, "median": 4.26713180542, "min": -0.69205904007, "var": 397.046875}, "spectral_rms": {"dmean": 0.00145100837108, "dmean2": 0.00178315083031, "dvar": 2.16786384044e-06, "dvar2": 3.73106354346e-06, "max": 0.0161667969078, "mean": 0.00836897920817, "median": 0.0090617639944, "min": 1.51756403e-08, "var": 1.80652641575e-05}, "spectral_rolloff": {"dmean": 662.566833496, "dmean2": 1067.11376953, "dvar": 2290855.5, "dvar2": 4468788, "max": 19186.0839844, "mean": 965.869750977, "median": 86.1328125, "min": 43.06640625, "var": 3328400}, "spectral_skewness": {"dmean": 0.396494865417, "dmean2": 0.604870736599, "dvar": 0.462721168995, "dvar2": 1.0258731842, "max": 18.641576767, "mean": 1.88139224052, "median": 1.51691770554, "min": -0.201998874545, "var": 1.97751545906}, "spectral_spread": {"dmean": 832548.3125, "dmean2": 1095538.25, "dvar": 1296916283390.0, "dvar2": 1933997506560.0, "max": 31380504, "mean": 4583619, "median": 3705425, "min": 280488.28125, "var": 5813545467900.0}, "spectral_strongpeak": {"dmean": 0.202247753739, "dmean2": 0.29005086422, "dvar": 0.0683452039957, "dvar2": 0.171350896358, "max": 4.98596000671, "mean": 0.630592882633, "median": 0.644044578075, "min": 0, "var": 0.155477762222}, "zerocrossingrate": {"dmean": 0.0152939930558, "dmean2": 0.0163513626903, "dvar": 0.000545907358173, "dvar2": 0.000615839206148, "max": 0.4990234375, "mean": 0.0359418801963, "median": 0.01513671875, "min": 0.001953125, "var": 0.00204694154672}, "barkbands": {"dmean": [0.00210621370934, 0.0250278841704, 0.00279457098804, 0.00161251716781, 0.00137992703822, 0.000828058691695, 0.00054845091654, 0.000350749382051, 0.000267373368843, 0.000284239591565, 0.000308434449835, 0.000307867274387, 0.000298278755508, 0.000257719773799, 0.000261685985606, 0.000267328199698, 0.000199550428079, 0.000197037981707, 0.000184314834769, 0.000191978368093, 0.00024120011949, 0.000310925708618, 0.000319338956615, 0.000287399394438, 0.000287965696771, 0.000178842979949, 4.21177974204e-05], "dmean2": [0.00233471766114, 0.0288544259965, 0.00495075806975, 0.00278506916948, 0.00240006833337, 0.00143464759458, 0.000945886946283, 0.00059055746533, 0.000445513491286, 0.000461818650365, 0.00050433416618, 0.000508508179337, 0.000508310040459, 0.000384780112654, 0.000409496598877, 0.000420633674366, 0.000313912139973, 0.000313324882882, 0.000285033485852, 0.000295966077829, 0.000373501010472, 0.000483344483655, 0.000472413259558, 0.000407407147577, 0.000409007392591, 0.000248873227974, 5.94761113462e-05], "dvar": [6.80422908772e-06, 0.000847493123729, 4.23387136834e-05, 1.06101833808e-05, 8.40866050567e-06, 4.10209804613e-06, 2.13530688598e-06, 1.20089362099e-06, 4.50575043942e-07, 4.88418379518e-07, 4.50181659062e-07, 4.8262143082e-07, 5.06179389959e-07, 3.86045087453e-07, 4.34906951341e-07, 3.72357106926e-07, 2.41590697669e-07, 3.89363606246e-07, 2.45796002218e-07, 7.80548077728e-07, 7.96400172476e-07, 7.33334445613e-07, 8.0603109609e-07, 5.17114244758e-07, 5.05889886426e-07, 2.01787074161e-07, 1.7220246562e-08], "dvar2": [1.06987490653e-05, 0.00154630769975, 0.000116710602015, 2.91248579742e-05, 2.24422528845e-05, 1.08833055492e-05, 5.25775840288e-06, 2.76840023616e-06, 1.11938459213e-06, 1.21321704682e-06, 1.02850310668e-06, 1.18545983696e-06, 1.29566365104e-06, 8.17242096218e-07, 9.69922325567e-07, 8.35936759813e-07, 5.13242241595e-07, 9.38420157581e-07, 5.52464655357e-07, 1.68350379681e-06, 1.70424937096e-06, 1.8021945607e-06, 1.70474788774e-06, 1.10865119041e-06, 1.00796182778e-06, 4.00314149829e-07, 3.47672575174e-08], "max": [0.0365193299949, 0.255110144615, 0.0943860560656, 0.0640528872609, 0.0615449994802, 0.0485492795706, 0.03442928195, 0.0334384404123, 0.0156915057451, 0.0239234678447, 0.00714331120253, 0.00918925367296, 0.00884616374969, 0.00785752665251, 0.00714048789814, 0.0112574910745, 0.00658840639517, 0.0258090924472, 0.00864793453366, 0.0509629324079, 0.0435422211885, 0.0109281782061, 0.017599971965, 0.00585337309167, 0.00545372301713, 0.00367727712728, 0.00186460430268], "mean": [0.00502949953079, 0.0729615613818, 0.00234877481125, 0.00159246183466, 0.00153897108976, 0.000774951360654, 0.000529470155016, 0.00043097732123, 0.000285664951662, 0.000346009503119, 0.00036562565947, 0.000378575467039, 0.000325376604451, 0.00029503449332, 0.000298598286463, 0.000291333766654, 0.000238224180066, 0.000214720683289, 0.000201841059607, 0.000209258229006, 0.000249431992415, 0.000292139040539, 0.000322161358781, 0.000283779925667, 0.000285527319647, 0.000176229994395, 4.16906550527e-05], "median": [0.00209489092231, 0.0588227957487, 0.000504777650349, 0.000651380978525, 0.000565834459849, 0.000183730095159, 0.000151401778567, 0.000136126502184, 8.64195899339e-05, 0.000113794245408, 0.000127980718389, 0.000125077174744, 6.78649521433e-05, 6.06581161264e-05, 7.83149953349e-05, 6.83571342961e-05, 7.11057291483e-05, 3.40747319569e-05, 3.80709243473e-05, 2.3557618988e-05, 1.89255697478e-05, 1.34553301905e-05, 6.11725909039e-06, 1.9456224436e-06, 1.89431818853e-06, 8.17736349745e-07, 1.05700451059e-07], "min": [1.43388257234e-15, 9.57011705126e-16, 3.05357548007e-16, 1.36462420873e-16, 1.0896111396e-16, 4.38257996813e-16, 7.11227890123e-16, 1.74331569878e-16, 1.43720484732e-15, 3.31919124804e-16, 1.74454810525e-15, 1.1666268427e-15, 2.72783953696e-15, 5.7409042899e-15, 3.36962496615e-15, 2.75172205443e-15, 5.71912410821e-15, 7.00969696445e-15, 6.35614243598e-15, 7.27647126174e-15, 1.75447696193e-14, 1.82274510698e-14, 1.24347968784e-14, 1.42854986466e-14, 1.95555682379e-14, 3.395828608e-14, 5.39104520845e-14], "var": [3.80763849535e-05, 0.00458183698356, 2.91100186587e-05, 8.23294067231e-06, 9.21983610169e-06, 3.80485334972e-06, 2.19984167416e-06, 1.51958533934e-06, 5.00129772263e-07, 6.99999361586e-07, 5.42756993127e-07, 5.61442334401e-07, 5.75238175315e-07, 5.32810418008e-07, 5.24753943409e-07, 4.54662625771e-07, 3.29991706849e-07, 4.10572823739e-07, 3.04485155311e-07, 1.1274512417e-06, 1.16280853035e-06, 7.11337406756e-07, 9.4747588264e-07, 6.27418955901e-07, 6.44516262582e-07, 2.55986776665e-07, 2.09606323409e-08]}, "erbbands": {"dmean": [1.18347322941, 4.31352186203, 3.20691561699, 4.53382015228, 4.61179256439, 4.82749700546, 5.41750526428, 7.40752220154, 7.3332734108, 9.80016708374, 5.73289394379, 5.85323286057, 9.58036231995, 9.52372646332, 12.7600450516, 12.2129478455, 13.2154531479, 13.0069379807, 12.0844717026, 14.3595848083, 13.9189777374, 11.9905786514, 11.3724212646, 9.3462972641, 9.39102840424, 8.84602069855, 10.7265300751, 8.33731842041, 9.63963985443, 11.8177814484, 8.87763977051, 6.01350498199, 4.78296613693, 3.168800354, 2.05744028091, 0.985158801079, 0.287865757942, 0.0598275288939, 0.00706314528361, 0.000391219015], "dmean2": [1.22242152691, 5.40742731094, 5.32950878143, 7.96652603149, 7.94815397263, 8.54431343079, 9.45120429993, 12.8880500793, 12.589179039, 16.8998622894, 9.58557033539, 9.75874710083, 15.6120862961, 15.4943056107, 20.773601532, 20.2513275146, 22.235490799, 19.4625301361, 18.5895862579, 22.1924781799, 22.1486740112, 18.9449253082, 17.7112140656, 14.2376918793, 14.7585334778, 13.6151762009, 16.6255149841, 12.5666007996, 14.8196277618, 17.8335380554, 13.0057029724, 8.55348777771, 6.82583522797, 4.51109552383, 2.95560860634, 1.40700614452, 0.397528499365, 0.0828547179699, 0.0100492397323, 0.000562556146178], "dvar": [1.71192491055, 30.9420948029, 41.1359138489, 96.2765274048, 64.5377349854, 149.283874512, 230.709396362, 308.438781738, 308.361663818, 934.305358887, 218.232910156, 198.154190063, 689.854431152, 494.075012207, 827.290588379, 750.817016602, 937.519775391, 920.213012695, 932.343322754, 1135.64367676, 1033.34680176, 909.308837891, 1109.17456055, 756.781677246, 662.739257812, 1631.51135254, 1825.16931152, 863.188537598, 603.827819824, 1166.59143066, 614.035766602, 225.690673828, 144.000656128, 59.2281951904, 27.068157196, 6.23474597931, 0.55044054985, 0.0282447077334, 0.000472568441182, 1.71435135599e-06], "dvar2": [2.35632038116, 66.6859283447, 109.365760803, 265.225189209, 176.788696289, 398.995391846, 601.870727539, 832.138671875, 787.023925781, 2230.62109375, 503.310974121, 501.704437256, 1757.97045898, 1113.47460938, 1928.04833984, 1877.3046875, 2320.07177734, 1832.66723633, 2038.25976562, 2585.39941406, 2374.97705078, 1957.52539062, 2592.46191406, 1677.37023926, 1467.3170166, 3554.25268555, 3915.89038086, 1826.70532227, 1421.38293457, 2628.23486328, 1298.09448242, 477.892181396, 312.511413574, 117.726593018, 54.160572052, 12.8423852921, 1.08279407024, 0.0549420937896, 0.000953681883402, 4.06193521485e-06], "max": [13.0109958649, 52.6512985229, 83.46824646, 136.798980713, 131.036437988, 345.792419434, 526.834594727, 276.533660889, 450.062591553, 632.974304199, 508.538726807, 290.392028809, 1128.18164062, 826.24407959, 324.722290039, 371.510925293, 361.597320557, 381.431243896, 334.9296875, 368.826629639, 738.492370605, 337.506652832, 1055.15148926, 845.845947266, 704.689208984, 2183.34008789, 1955.2244873, 1548.76782227, 406.972839355, 655.974853516, 421.984008789, 189.004974365, 90.8409423828, 66.7977600098, 44.8470191956, 20.2840251923, 6.24989080429, 2.03378510475, 0.354090422392, 0.0169036984444], "mean": [3.38337659836, 11.1827192307, 4.54778289795, 4.42263412476, 5.23024988174, 4.94402599335, 5.10113620758, 6.84355688095, 7.29683446884, 10.6335783005, 6.83132696152, 6.57773590088, 11.2735872269, 11.115032196, 15.8012285233, 15.4039449692, 15.4857368469, 15.4798259735, 14.3368988037, 16.0639266968, 15.3690729141, 13.931687355, 12.5814466476, 10.3243503571, 10.3125314713, 9.68873882294, 10.6765785217, 9.01100540161, 9.51134681702, 11.3973445892, 8.99043083191, 5.96743583679, 4.71967411041, 3.19460439682, 2.01871013641, 0.953038752079, 0.281134217978, 0.0580884665251, 0.00700119603425, 0.00045667757513], "median": [2.30847215652, 8.59205818176, 2.48561143875, 1.56923794746, 2.30420184135, 1.51415944099, 1.01247668266, 1.62502646446, 2.43948769569, 3.28985548019, 2.17596054077, 2.26201486588, 3.76165628433, 2.69779133797, 6.62309741974, 5.435338974, 4.11079549789, 3.18865084648, 3.79902267456, 3.96744823456, 4.24822902679, 3.6923084259, 2.58232545853, 1.84069442749, 1.55128514767, 1.2206145525, 0.767485678196, 0.724876284599, 0.518160104752, 0.300089001656, 0.131924778223, 0.0653823018074, 0.0299878567457, 0.0233656633645, 0.0115576144308, 0.00469772610813, 0.00130794348661, 0.000190313308849, 8.66961490829e-05, 0.000129630323499], "min": [4.83655203018e-14, 1.48578130593e-13, 3.33541787939e-13, 4.64088619964e-13, 4.21414070089e-13, 3.71910293361e-13, 2.65317688609e-13, 5.00082397367e-12, 1.15130439904e-11, 6.66467271995e-12, 5.5208684846e-12, 3.31696961564e-11, 2.21675785367e-11, 2.46662881093e-11, 6.94964155667e-11, 5.18911372205e-11, 1.10337072812e-10, 2.74436362524e-10, 2.42557501862e-10, 1.29886282285e-10, 1.99803909529e-10, 3.65343671982e-10, 3.18634812979e-10, 4.25297741469e-10, 2.62036586873e-10, 3.7371172823e-10, 5.56208634706e-10, 7.10775216461e-10, 7.22511939166e-10, 5.90868409756e-10, 3.00663355324e-10, 3.31557337141e-10, 2.1568900832e-10, 2.3355303802e-10, 1.13298523341e-10, 1.19924639663e-10, 7.6792905368e-11, 2.90068403325e-11, 5.51123990195e-12, 7.947741857e-13], "var": [11.6812314987, 114.046257019, 41.7264938354, 70.0429000854, 71.5585479736, 146.647857666, 213.874908447, 281.918487549, 300.714813232, 1002.85845947, 332.681610107, 222.758743286, 760.117431641, 716.179138184, 954.25982666, 877.672851562, 1141.9017334, 1381.96057129, 1219.93981934, 1373.95495605, 1210.2442627, 1209.515625, 1227.43103027, 933.520874023, 908.224060059, 2263.08789062, 2550.13378906, 1352.30249023, 665.041381836, 1257.390625, 719.301025391, 277.23034668, 172.256881714, 76.8405532837, 33.8170852661, 7.50075626373, 0.699698090553, 0.0358572900295, 0.000574712874368, 1.72000295606e-06]}, "gfcc": {"mean": [-46.3485450745, 107.173957825, -90.4618148804, 39.5820426941, -28.436498642, 22.1024436951, -14.5643873215, 9.74803829193, -7.84873533249, 4.09193658829, -6.03879547119, 2.76475834846, -4.18358659744], "cov": [[10725.6005859, -4324.34375, -495.32913208, 400.93649292, -499.312438965, 924.578918457, -568.04498291, 266.804473877, -522.163146973, 232.513397217, -466.637359619, 384.125030518, -279.782043457], [-4324.34375, 3953.56054688, -18.4784412384, -60.5684013367, 620.538696289, -644.667541504, 586.482788086, -247.490997314, 471.001495361, -272.170349121, 370.629302979, -313.709259033, 254.316223145], [-495.32913208, -18.4784412384, 1718.24719238, 161.94984436, 233.637008667, 282.639862061, 100.675758362, 211.079910278, 145.358230591, 157.63508606, 104.116203308, 62.7747077942, 62.2831459045], [400.93649292, -60.5684013367, 161.94984436, 489.489135742, 213.996765137, 179.383728027, 161.512039185, 31.6325454712, 90.9908828735, 30.8267784119, 48.0749092102, 32.8803977966, 60.4417190552], [-499.312438965, 620.538696289, 233.637008667, 213.996765137, 561.039367676, 164.516067505, 358.980834961, 66.8337173462, 208.686203003, 10.8848018646, 145.617858887, -43.0962944031, 117.346099854], [924.578918457, -644.667541504, 282.639862061, 179.383728027, 164.516067505, 426.73046875, 103.632415771, 154.475646973, 36.8198280334, 96.9112091064, -18.0546226501, 69.5217437744, -2.7743294239], [-568.04498291, 586.482788086, 100.675758362, 161.512039185, 358.980834961, 103.632415771, 393.793731689, 70.0848770142, 217.390991211, 3.74481654167, 133.853515625, -31.700958252, 98.6427001953], [266.804473877, -247.490997314, 211.079910278, 31.6325454712, 66.8337173462, 154.475646973, 70.0848770142, 182.201828003, 56.9773292542, 80.0408935547, 11.5168924332, 42.1409492493, -0.213140621781], [-522.163146973, 471.001495361, 145.358230591, 90.9908828735, 208.686203003, 36.8198280334, 217.390991211, 56.9773292542, 222.880371094, 36.1138458252, 118.625762939, -11.2569122314, 77.038772583], [232.513397217, -272.170349121, 157.63508606, 30.8267784119, 10.8848018646, 96.9112091064, 3.74481654167, 80.0408935547, 36.1138458252, 117.970649719, 31.0749759674, 54.2518920898, 6.37894821167], [-466.637359619, 370.629302979, 104.116203308, 48.0749092102, 145.617858887, -18.0546226501, 133.853515625, 11.5168924332, 118.625762939, 31.0749759674, 137.471572876, 8.18623447418, 69.6386108398], [384.125030518, -313.709259033, 62.7747077942, 32.8803977966, -43.0962944031, 69.5217437744, -31.700958252, 42.1409492493, -11.2569122314, 54.2518920898, 8.18623447418, 96.552734375, 19.3701915741], [-279.782043457, 254.316223145, 62.2831459045, 60.4417190552, 117.346099854, -2.7743294239, 98.6427001953, -0.213140621781, 77.038772583, 6.37894821167, 69.6386108398, 19.3701915741, 94.3555908203]], "icov": [[0.000194547756109, 0.000133750771056, 9.67938831309e-05, -0.000131670472911, -8.27223047963e-05, -0.000183934360393, 0.000140219926834, -4.70082122774e-05, -6.42258100925e-06, 0.000118326279335, 0.000119801079563, -0.000304725428578, 0.000158980445121], [0.000133750771056, 0.00127336650621, -0.000139680691063, 0.000175181485247, -0.000646637752652, 0.00139255367685, -0.000390689849155, 0.000358853896614, -0.00130703381728, 0.00157634611242, -0.00074426329229, 0.00119265168905, -0.000536076258868], [9.67938831309e-05, -0.000139680691063, 0.000880954030436, -0.000211909617065, -0.000109687811346, -0.000730785715859, 0.000852786761243, -0.000792709121015, 1.83791726158e-05, -0.000438620074419, -0.000427055667387, 9.88825777313e-05, -0.000251135963481], [-0.000131670472911, 0.000175181485247, -0.000211909617065, 0.00311839813367, -0.000674499024171, -0.000513145001605, -0.00084037031047, 0.0014579356648, -0.000749538536184, 0.000147835293319, 0.000450870109489, -0.000765637552831, -0.000588275375776], [-8.27223047963e-05, -0.000646637752652, -0.000109687811346, -0.000674499024171, 0.0066248732619, -0.00310661830008, -0.00258121732622, -0.000535129976925, 0.00142432679422, -0.000143782614032, -0.00266172015108, 0.00432546576485, -0.00370777817443], [-0.000183934360393, 0.00139255367685, -0.000730785715859, -0.000513145001605, -0.00310661830008, 0.00854538008571, -0.00247293314897, -0.00100819999352, -0.00103594153188, -0.000933505187277, 0.00347447930835, -0.00230296747759, 0.00202757562511], [0.000140219926834, -0.000390689849155, 0.000852786761243, -0.00084037031047, -0.00258121732622, -0.00247293314897, 0.0110067743808, -0.00304796476848, -0.00448235496879, 0.00342253455892, -0.00308977300301, 0.001604934223, -0.00155286048539], [-4.70082122774e-05, 0.000358853896614, -0.000792709121015, 0.0014579356648, -0.000535129976925, -0.00100819999352, -0.00304796476848, 0.012292323634, -0.00270218797959, -0.00452799070626, 0.00334735191427, -0.00316834705882, 0.00302514433861], [-6.42258100925e-06, -0.00130703381728, 1.83791726158e-05, -0.000749538536184, 0.00142432679422, -0.00103594153188, -0.00448235496879, -0.00270218797959, 0.015719294548, -0.00481512816623, -0.00446722470224, 0.00260988436639, -0.00289774360135], [0.000118326279335, 0.00157634611242, -0.000438620074419, 0.000147835293319, -0.000143782614032, -0.000933505187277, 0.00342253455892, -0.00452799070626, -0.00481512816623, 0.0213108174503, -0.00792319048196, -0.00366140226834, 0.00195007771254], [0.000119801079563, -0.00074426329229, -0.000427055667387, 0.000450870109489, -0.00266172015108, 0.00347447930835, -0.00308977300301, 0.00334735191427, -0.00446722470224, -0.00792319048196, 0.0232155248523, -0.00644689518958, -0.00262311822735], [-0.000304725428578, 0.00119265168905, 9.88825777313e-05, -0.000765637552831, 0.00432546576485, -0.00230296747759, 0.001604934223, -0.00316834705882, 0.00260988436639, -0.00366140226834, -0.00644689518958, 0.0267441328615, -0.0134406266734], [0.000158980445121, -0.000536076258868, -0.000251135963481, -0.000588275375776, -0.00370777817443, 0.00202757562511, -0.00155286048539, 0.00302514433861, -0.00289774360135, 0.00195007771254, -0.00262311822735, -0.0134406266734, 0.026287464425]]}, "melbands": {"dmean": [0.00839676614851, 0.00248863291927, 0.000784871168435, 0.000316191202728, 0.000200827518711, 0.000163496632013, 0.000113138936285, 0.000103140184365, 4.17679148086e-05, 3.89865926991e-05, 4.7931825975e-05, 3.78240802092e-05, 4.27898412454e-05, 3.53802824975e-05, 3.19983337249e-05, 2.88830542559e-05, 2.49745426117e-05, 1.90672162717e-05, 2.14042138396e-05, 1.85836506716e-05, 1.61306834343e-05, 1.34964548124e-05, 1.05271810753e-05, 9.811838936e-06, 7.42711472412e-06, 7.30891770218e-06, 6.48535024084e-06, 5.715984571e-06, 7.28210261514e-06, 5.53057998331e-06, 4.54560540675e-06, 4.96214443046e-06, 6.92946514391e-06, 6.53538882034e-06, 5.8153241298e-06, 3.63354911315e-06, 3.84540726373e-06, 3.63847493645e-06, 2.7598152883e-06, 2.70570512839e-06], "dmean2": [0.00930087454617, 0.00358961266465, 0.00136569200549, 0.000545875169337, 0.000352381437551, 0.000283328961814, 0.000194734428078, 0.000176726709469, 7.02350662323e-05, 6.50762231089e-05, 7.83355062595e-05, 6.17177356617e-05, 7.00410237187e-05, 5.73309152969e-05, 5.4267107771e-05, 4.8498637625e-05, 3.78806180379e-05, 2.96464222629e-05, 3.33179268637e-05, 2.93545563181e-05, 2.59033058683e-05, 2.17358629016e-05, 1.62316046044e-05, 1.56729602168e-05, 1.13748210424e-05, 1.16589981189e-05, 9.98230643745e-06, 8.94828190212e-06, 1.13736250569e-05, 8.55369489727e-06, 6.85938994138e-06, 7.63126809034e-06, 1.09067050289e-05, 9.84311009233e-06, 8.61413900566e-06, 5.22708023709e-06, 5.59645013709e-06, 5.31728846909e-06, 3.88627313441e-06, 3.87299405702e-06], "dvar": [9.04286207515e-05, 1.19227743198e-05, 2.50665789281e-06, 4.14640965118e-07, 2.75776216085e-07, 1.49088066337e-07, 7.32816971549e-08, 1.0217309665e-07, 1.15111333798e-08, 9.28587962079e-09, 1.76779977323e-08, 8.06645328311e-09, 9.05537245188e-09, 6.54257759081e-09, 5.37650191035e-09, 4.94502527815e-09, 3.54441342942e-09, 2.39262654134e-09, 2.88729773423e-09, 1.83241843921e-09, 1.44959777515e-09, 1.20308663032e-09, 6.98193725057e-10, 1.1762419927e-09, 4.93864560358e-10, 3.78698877812e-10, 4.45639525282e-10, 8.79655570607e-10, 1.157695384e-09, 3.8188943674e-10, 2.54240989372e-10, 1.51086865241e-10, 4.28217017401e-10, 3.55643486882e-10, 2.94504032272e-10, 8.25108315006e-11, 9.9340757842e-11, 9.26781984489e-11, 4.57966962963e-11, 4.36525329772e-11], "dvar2": [0.000148161590914, 2.78906427411e-05, 6.834479791e-06, 1.13663179491e-06, 7.1764503673e-07, 3.98272987923e-07, 1.85322434731e-07, 2.41977744508e-07, 2.73246261173e-08, 2.31369536863e-08, 4.52036275078e-08, 1.83577100188e-08, 2.06186108187e-08, 1.59910626962e-08, 1.37086821894e-08, 1.24095178577e-08, 7.27601712214e-09, 5.36281019592e-09, 6.51590736922e-09, 4.18109147304e-09, 3.4146077077e-09, 2.85054357896e-09, 1.49679268979e-09, 2.93109780891e-09, 1.09722519959e-09, 8.78444372798e-10, 9.36483557368e-10, 2.01937244704e-09, 2.57697241324e-09, 8.3845647092e-10, 5.16710396692e-10, 3.54191592722e-10, 1.06666653288e-09, 7.59511620263e-10, 6.36012020827e-10, 1.72221792383e-10, 2.21185306182e-10, 2.14419842992e-10, 9.46371314647e-11, 8.822752251e-11], "max": [0.0848921537399, 0.0398841127753, 0.0240789558738, 0.011711049825, 0.0140974018723, 0.00573414936662, 0.00623755902052, 0.00742376921698, 0.00351818208583, 0.00195025769062, 0.00556870084256, 0.00359684741125, 0.00108508346602, 0.00120254245121, 0.000955495866947, 0.000815169827547, 0.000755151559133, 0.000556346029043, 0.000624219770543, 0.000779351859819, 0.000939362216741, 0.000405087339459, 0.00038646516623, 0.00156361644622, 0.000601521402132, 0.000315433746437, 0.000958400429226, 0.00151666055899, 0.00181420100853, 0.000766098382883, 0.000846681941766, 0.000207762452192, 0.000228970573517, 0.000456921814475, 0.000316190824378, 0.000130358093884, 9.17132201721e-05, 7.96338063083e-05, 7.03929472365e-05, 5.46257906535e-05], "mean": [0.0244562700391, 0.00628350768238, 0.000795948260929, 0.000359703524737, 0.000191886239918, 0.000152592707309, 0.000112165354949, 0.000115731549158, 4.90047605126e-05, 4.30689760833e-05, 5.56760387553e-05, 4.25536272814e-05, 5.10104509885e-05, 4.42942546215e-05, 3.71893329429e-05, 3.18380152748e-05, 2.88520841423e-05, 2.20816546062e-05, 2.39339988184e-05, 2.02235405595e-05, 1.72904365172e-05, 1.45960957525e-05, 1.20007125588e-05, 1.04664177343e-05, 7.98916153144e-06, 7.7916902228e-06, 7.04242711436e-06, 6.13316024101e-06, 6.95294102115e-06, 5.79344441576e-06, 4.94979303767e-06, 4.9589793889e-06, 6.2177550717e-06, 6.40497228233e-06, 5.70796055399e-06, 3.77376909455e-06, 3.66144149666e-06, 3.44534532815e-06, 2.85266150968e-06, 2.64949039774e-06], "median": [0.0191347412765, 0.00525647075847, 0.000310166185955, 0.000149454674101, 4.04421516578e-05, 3.68664841517e-05, 3.59668774763e-05, 3.63348881365e-05, 1.61567277246e-05, 1.40938691402e-05, 1.83078191185e-05, 9.37818822422e-06, 1.98756242753e-05, 1.54832705448e-05, 1.23475638247e-05, 5.85063571634e-06, 5.91549132878e-06, 5.37540290679e-06, 6.06861249253e-06, 4.41354950453e-06, 4.77256935483e-06, 3.82200050808e-06, 2.92384311251e-06, 1.43384340845e-06, 1.32616025894e-06, 1.2265420537e-06, 8.58440785123e-07, 7.4256604421e-07, 4.29358749443e-07, 4.58580387885e-07, 3.62907684348e-07, 2.90028282279e-07, 2.39317841988e-07, 1.35201446483e-07, 6.78234570728e-08, 6.90161670036e-08, 2.61571706517e-08, 1.98060092771e-08, 1.97187741691e-08, 1.87099828963e-08], "min": [4.17408439635e-16, 1.8312209104e-16, 7.89746851717e-17, 3.05594201072e-17, 8.28173808315e-18, 1.1553660426e-16, 1.67504060807e-16, 6.24274267085e-17, 5.42594946156e-17, 2.26124233236e-16, 1.04268670546e-16, 8.02116907644e-17, 2.54058373985e-16, 1.40651144381e-16, 1.05030649474e-16, 3.82078377768e-16, 5.19489594655e-16, 4.23630611317e-16, 2.15355598975e-16, 1.66565799764e-16, 2.2846339413e-16, 3.92719202698e-16, 2.53590520631e-16, 3.64739851566e-16, 3.56567968858e-16, 2.1712712868e-16, 2.62089675693e-16, 2.09812602134e-16, 2.38404861013e-16, 5.31768237198e-16, 3.2884031886e-16, 4.58847223709e-16, 2.77208155011e-16, 3.5401556742e-16, 1.83742436795e-16, 1.25993953912e-16, 2.3142374781e-16, 1.38028650967e-16, 1.88748692681e-16, 1.90395682072e-16], "var": [0.000541571236681, 3.45984080923e-05, 1.95968391381e-06, 4.32414850593e-07, 2.6551214205e-07, 1.38758693424e-07, 7.35317442491e-08, 1.14477224145e-07, 1.70084977213e-08, 1.02473256547e-08, 1.92194402615e-08, 1.17098206687e-08, 1.05375841386e-08, 7.44830330746e-09, 6.01297678315e-09, 5.85221737737e-09, 4.99638996843e-09, 3.0536801976e-09, 3.39909655978e-09, 2.26763474664e-09, 1.60762048118e-09, 1.4084665656e-09, 8.99617491612e-10, 1.13505360666e-09, 6.00833882647e-10, 4.50532250396e-10, 7.06085578894e-10, 1.11161868599e-09, 1.48693724e-09, 5.29258192827e-10, 4.23304141739e-10, 1.74063055636e-10, 3.82797321619e-10, 4.1476752588e-10, 3.28092997215e-10, 1.05433613229e-10, 1.12059687918e-10, 9.90346832319e-11, 6.00834243469e-11, 5.46264318502e-11]}, "mfcc": {"mean": [-698.073913574, 139.247299194, 9.48127365112, 33.7498245239, 15.582362175, 22.5647335052, 10.4678974152, 14.8101768494, 9.83596801758, 6.59807252884, 6.03764486313, 6.93407344818, 8.2583065033], "cov": [[10698.1230469, -3728.74853516, -750.623535156, -616.429504395, -6.33694028854, 131.643203735, -6.84827566147, 52.7006263733, -109.543533325, -124.626396179, -157.328308105, -150.232299805, -135.697463989], [-3728.74853516, 3100.80419922, -122.33644104, 527.001953125, -4.88290643692, -3.55633997917, 46.5385093689, 59.177520752, 100.202011108, 62.2751922607, 120.655067444, 91.9614257812, 36.315032959], [-750.623535156, -122.33644104, 1340.69714355, 44.2905349731, 263.849731445, 65.8631820679, 61.6425895691, 40.5341529846, 70.6583633423, 76.253326416, 91.2906265259, 43.5578842163, 87.6425628662], [-616.429504395, 527.001953125, 44.2905349731, 455.567626953, 107.056167603, 141.413833618, 88.0967407227, 87.9657058716, 74.4470291138, 61.9626731873, 55.2806854248, 43.8681297302, 46.534614563], [-6.33694028854, -4.88290643692, 263.849731445, 107.056167603, 281.207366943, 169.219421387, 149.838623047, 96.0092926025, 99.1543197632, 85.1903915405, 78.2565994263, 36.8616790771, 24.6565513611], [131.643203735, -3.55633997917, 65.8631820679, 141.413833618, 169.219421387, 272.088500977, 166.473373413, 131.867858887, 112.468177795, 90.439239502, 81.8932113647, 44.828125, 22.1493988037], [-6.84827566147, 46.5385093689, 61.6425895691, 88.0967407227, 149.838623047, 166.473373413, 218.00680542, 129.567810059, 114.281044006, 91.8057327271, 78.7944412231, 47.1443214417, 18.9332790375], [52.7006263733, 59.177520752, 40.5341529846, 87.9657058716, 96.0092926025, 131.867858887, 129.567810059, 172.795684814, 119.140304565, 81.4779586792, 71.997756958, 46.0384559631, 33.5285415649], [-109.543533325, 100.202011108, 70.6583633423, 74.4470291138, 99.1543197632, 112.468177795, 114.281044006, 119.140304565, 152.325408936, 88.8434448242, 81.978187561, 55.4693489075, 27.8874855042], [-124.626396179, 62.2751922607, 76.253326416, 61.9626731873, 85.1903915405, 90.439239502, 91.8057327271, 81.4779586792, 88.8434448242, 116.293212891, 79.2167205811, 51.895324707, 30.737197876], [-157.328308105, 120.655067444, 91.2906265259, 55.2806854248, 78.2565994263, 81.8932113647, 78.7944412231, 71.997756958, 81.978187561, 79.2167205811, 114.509010315, 65.1244812012, 29.2826938629], [-150.232299805, 91.9614257812, 43.5578842163, 43.8681297302, 36.8616790771, 44.828125, 47.1443214417, 46.0384559631, 55.4693489075, 51.895324707, 65.1244812012, 89.7984619141, 46.2842140198], [-135.697463989, 36.315032959, 87.6425628662, 46.534614563, 24.6565513611, 22.1493988037, 18.9332790375, 33.5285415649, 27.8874855042, 30.737197876, 29.2826938629, 46.2842140198, 73.7531890869]], "icov": [[0.000190465390915, 0.000230208650464, 0.000141070922837, 1.77836427611e-05, -0.000128146159113, -6.86875355314e-05, 0.000108544103568, -0.000281986431219, 0.000101430945506, 0.000194839318283, -0.000115304261271, 1.80517963599e-05, 0.000136919232318], [0.000230208650464, 0.000740225834306, 0.000217089473153, -0.000623639381956, -2.70177297352e-05, 0.000390404486097, 3.32538838848e-05, -0.000222708054935, -0.0001299714786, 0.00041289391811, -0.000711795582902, -0.00011435389024, 0.00041052873712], [0.000141070922837, 0.000217089473153, 0.00118902674876, 8.67636117619e-05, -0.00140563317109, 0.000371329166228, 0.000427259481512, 0.00011955791706, -9.36884243856e-05, 0.000196524750208, -0.000851053569932, 0.000723524368368, -0.001283289399], [1.77836427611e-05, -0.000623639381956, 8.67636117619e-05, 0.00367882288992, -0.000624455802608, -0.00179278233554, 0.000464178214315, -0.000431285763625, 0.00025604624534, -0.000276960112387, 0.000788833480328, 0.000279609521385, -0.00173045194242], [-0.000128146159113, -2.70177297352e-05, -0.00140563317109, -0.000624455802608, 0.00853253807873, -0.00258952286094, -0.00313205900602, 0.00133742950857, -0.00098673067987, -0.000835337268654, -0.000779211695772, 0.00102606834844, 0.000349756650394], [-6.86875355314e-05, 0.000390404486097, 0.000371329166228, -0.00179278233554, -0.00258952286094, 0.00966971740127, -0.00307018938474, -0.00216656248085, -0.000283488363493, -0.000308833579766, -0.0014815639006, 0.000130030224682, 0.00084862683434], [0.000108544103568, 3.32538838848e-05, 0.000427259481512, 0.000464178214315, -0.00313205900602, -0.00307018938474, 0.0128181865439, -0.00428683357313, -0.00111417542212, -0.00214849715121, 0.000274189282209, -0.00132527411915, 0.00204961025156], [-0.000281986431219, -0.000222708054935, 0.00011955791706, -0.000431285763625, 0.00133742950857, -0.00216656248085, -0.00428683357313, 0.0170024763793, -0.00845219846815, -0.000761520117521, -0.000897008518223, 0.0025838741567, -0.0044565773569], [0.000101430945506, -0.0001299714786, -9.36884243856e-05, 0.00025604624534, -0.00098673067987, -0.000283488363493, -0.00111417542212, -0.00845219846815, 0.0197856966406, -0.00477923080325, -0.00246135471389, -0.00311308726668, 0.00218515284359], [0.000194839318283, 0.00041289391811, 0.000196524750208, -0.000276960112387, -0.000835337268654, -0.000308833579766, -0.00214849715121, -0.000761520117521, -0.00477923080325, 0.0217580534518, -0.00816934090108, -0.000550414377358, -0.00230563641526], [-0.000115304261271, -0.000711795582902, -0.000851053569932, 0.000788833480328, -0.000779211695772, -0.0014815639006, 0.000274189282209, -0.000897008518223, -0.00246135471389, -0.00816934090108, 0.0246442109346, -0.0114657701924, 0.00344085856341], [1.80517963599e-05, -0.00011435389024, 0.000723524368368, 0.000279609521385, 0.00102606834844, 0.000130030224682, -0.00132527411915, 0.0025838741567, -0.00311308726668, -0.000550414377358, -0.0114657701924, 0.0270208492875, -0.013161431998], [0.000136919232318, 0.00041052873712, -0.001283289399, -0.00173045194242, 0.000349756650394, 0.00084862683434, 0.00204961025156, -0.0044565773569, 0.00218515284359, -0.00230563641526, 0.00344085856341, -0.013161431998, 0.0243813674897]]}, "spectral_contrast_coeffs": {"dmean": [0.0533719956875, 0.0491286702454, 0.0383308641613, 0.0285365357995, 0.0232768338174, 0.0225774180144], "dmean2": [0.0854644924402, 0.0785785317421, 0.060635484755, 0.0455502644181, 0.0354575328529, 0.0339302867651], "dvar": [0.00202321005054, 0.00188493437599, 0.00128452980425, 0.000684030354023, 0.000470494356705, 0.000453551067039], "dvar2": [0.00515576964244, 0.0044717262499, 0.00310546229593, 0.00160264398437, 0.000995368580334, 0.00100144126918], "max": [-0.305808573961, -0.466615736485, -0.458589881659, -0.495896309614, -0.574776470661, -0.566224455833], "mean": [-0.678885996342, -0.761698305607, -0.80294239521, -0.802815794945, -0.8076390028, -0.771692991257], "median": [-0.681384325027, -0.767927229404, -0.809736669064, -0.809803426266, -0.809982299805, -0.771226763725], "min": [-0.940490543842, -0.968347549438, -0.977660775185, -0.975165843964, -0.958666443825, -0.965504765511], "var": [0.00572206452489, 0.00532814860344, 0.00387894338928, 0.00301235029474, 0.00196776981466, 0.0025898127351]}, "spectral_contrast_valleys": {"dmean": [0.509621620178, 0.600151240826, 0.526820659637, 0.501297473907, 0.509493052959, 0.672421813011], "dmean2": [0.76984500885, 0.913470208645, 0.796922206879, 0.71958988905, 0.704217135906, 0.805567741394], "dvar": [0.254708409309, 0.404899209738, 0.393747836351, 0.402392864227, 0.42369350791, 0.677374660969], "dvar2": [0.508355677128, 0.911794185638, 0.855654895306, 0.803239345551, 0.851919174194, 1.21981728077], "max": [-4.93136024475, -4.55276346207, -4.94296455383, -5.16833686829, -5.10532951355, -7.20477867126], "mean": [-7.00934648514, -7.34355545044, -7.67271327972, -8.10738277435, -8.19918060303, -10.83192