{"lowlevel": {"average_loudness": 0.95742058754, "barkbands_crest": {"dmean": 2.88743829727, "dmean2": 4.69975376129, "dvar": 7.18365621567, "dvar2": 18.4234771729, "max": 25.4788703918, "mean": 11.7876768112, "median": 11.1218032837, "min": 2.94020605087, "var": 19.2456951141}, "barkbands_flatness_db": {"dmean": 0.0268903132528, "dmean2": 0.0408530719578, "dvar": 0.000878525897861, "dvar2": 0.00202755397186, "max": 0.576156795025, "mean": 0.161606267095, "median": 0.151019737124, "min": 0.0251733437181, "var": 0.0039102723822}, "barkbands_kurtosis": {"dmean": 5.50741863251, "dmean2": 8.9339466095, "dvar": 165.016815186, "dvar2": 437.112060547, "max": 388.503051758, "mean": 8.10559368134, "median": 3.87889146805, "min": -1.8108830452, "var": 223.772262573}, "barkbands_skewness": {"dmean": 0.728238880634, "dmean2": 1.10288572311, "dvar": 0.762400746346, "dvar2": 1.78170466423, "max": 14.8847913742, "mean": 2.04523301125, "median": 1.89527130127, "min": -2.43179178238, "var": 2.01860451698}, "barkbands_spread": {"dmean": 4.63342237473, "dmean2": 7.29611682892, "dvar": 39.1283378601, "dvar2": 93.3671875, "max": 106.029792786, "mean": 16.3539142609, "median": 13.7073993683, "min": 0.446480840445, "var": 166.420013428}, "dissonance": {"dmean": 0.0204069465399, "dmean2": 0.0338932201266, "dvar": 0.000465872581117, "dvar2": 0.0012221368961, "max": 0.500000059605, "mean": 0.460381627083, "median": 0.470594733953, "min": 0.225213602185, "var": 0.00121468014549}, "dynamic_complexity": 3.34539556503, "erbbands_crest": {"dmean": 2.71135783195, "dmean2": 4.29462337494, "dvar": 7.78003406525, "dvar2": 17.428653717, "max": 31.3955402374, "mean": 9.58687591553, "median": 8.13453102112, "min": 2.13771152496, "var": 28.224527359}, "erbbands_flatness_db": {"dmean": 0.0187095869333, "dmean2": 0.0265392307192, "dvar": 0.000400046206778, "dvar2": 0.000725845515262, "max": 0.441254228354, "mean": 0.153454199433, "median": 0.145226165652, "min": 0.0338343195617, "var": 0.00280599598773}, "erbbands_kurtosis": {"dmean": 1.30130052567, "dmean2": 1.96671426296, "dvar": 6.26641702652, "dvar2": 13.5479946136, "max": 62.19556427, "mean": 1.64008533955, "median": 0.23868060112, "min": -1.72122383118, "var": 20.7683429718}, "erbbands_skewness": {"dmean": 0.369004189968, "dmean2": 0.56251591444, "dvar": 0.142460078001, "dvar2": 0.342360317707, "max": 5.99493741989, "mean": 0.348363608122, "median": 0.287792026997, "min": -3.31024813652, "var": 0.843788862228}, "erbbands_spread": {"dmean": 7.37771654129, "dmean2": 11.0323610306, "dvar": 76.4427871704, "dvar2": 168.658294678, "max": 133.833709717, "mean": 32.7131958008, "median": 31.8179931641, "min": 1.70953762531, "var": 296.827728271}, "hfc": {"dmean": 6.25414848328, "dmean2": 9.39202976227, "dvar": 78.2131347656, "dvar2": 183.599121094, "max": 135.810272217, "mean": 19.3829097748, "median": 14.9852437973, "min": 1.20182765264e-16, "var": 254.669281006}, "melbands_crest": {"dmean": 3.36445665359, "dmean2": 5.36908531189, "dvar": 10.1118106842, "dvar2": 24.2461071014, "max": 35.1919059753, "mean": 15.6083288193, "median": 14.9253501892, "min": 2.63082432747, "var": 29.2464523315}, "melbands_flatness_db": {"dmean": 0.0326819978654, "dmean2": 0.0501163303852, "dvar": 0.00137051206548, "dvar2": 0.00319347996265, "max": 0.775689423084, "mean": 0.259949475527, "median": 0.249176979065, "min": 0.00541773904115, "var": 0.0064041428268}, "melbands_kurtosis": {"dmean": 10.5853643417, "dmean2": 16.8151798248, "dvar": 467.859100342, "dvar2": 1149.92004395, "max": 490.32598877, "mean": 17.635187149, "median": 10.2815532684, "min": -1.77957892418, "var": 688.621643066}, "melbands_skewness": {"dmean": 0.901411354542, "dmean2": 1.35088098049, "dvar": 1.10448133945, "dvar2": 2.46807193756, "max": 14.1665172577, "mean": 2.97833800316, "median": 2.73673892021, "min": -1.84227991104, "var": 3.28449320793}, "melbands_spread": {"dmean": 5.06204080582, "dmean2": 7.87430953979, "dvar": 47.2473831177, "dvar2": 112.539451599, "max": 140.699081421, "mean": 15.8215618134, "median": 12.0664834976, "min": 0.408212006092, "var": 184.062194824}, "pitch_salience": {"dmean": 0.081895083189, "dmean2": 0.133231058717, "dvar": 0.00599788501859, "dvar2": 0.0145649481565, "max": 0.906513273716, "mean": 0.518618702888, "median": 0.522827804089, "min": 0.120414145291, "var": 0.0159481875598}, "silence_rate_20dB": {"dmean": 0, "dmean2": 0, "dvar": 0, "dvar2": 0, "max": 1, "mean": 1, "median": 1, "min": 1, "var": 0}, "silence_rate_30dB": {"dmean": 0.0804799497128, "dmean2": 0.160983458161, "dvar": 0.0739983320236, "dvar2": 0.153801336884, "max": 1, "mean": 0.923043131828, "median": 1, "min": 0, "var": 0.0710335075855}, "silence_rate_60dB": {"dmean": 0.00263388943858, "dmean2": 0.0052685495466, "dvar": 0.00262692081742, "dvar2": 0.00641191098839, "max": 1, "mean": 0.0615947321057, "median": 0, "min": 0, "var": 0.0578011870384}, "spectral_centroid": {"dmean": 200.051437378, "dmean2": 318.012908936, "dvar": 80660.921875, "dvar2": 190370.296875, "max": 11745.7998047, "mean": 940.835205078, "median": 816.50592041, "min": 145.459793091, "var": 340846.1875}, "spectral_complexity": {"dmean": 3.25431656837, "dmean2": 5.21235179901, "dvar": 13.1650123596, "dvar2": 31.4605541229, "max": 49, "mean": 18.1201171875, "median": 18, "min": 0, "var": 64.4074172974}, "spectral_decrease": {"dmean": 5.29491650525e-09, "dmean2": 8.27000778969e-09, "dvar": 7.28213547694e-17, "dvar2": 1.78144554865e-16, "max": -9.25142341193e-30, "mean": -1.26435022452e-08, "median": -1.08504858432e-08, "min": -7.1762059406e-08, "var": 1.02060224042e-16}, "spectral_energy": {"dmean": 0.0203595142812, "dmean2": 0.0317609123886, "dvar": 0.00105677987449, "dvar2": 0.00258304574527, "max": 0.273440688848, "mean": 0.0494776442647, "median": 0.0426060371101, "min": 1.09358463014e-20, "var": 0.00151242106222}, "spectral_energyband_high": {"dmean": 0.000217666965909, "dmean2": 0.000345143373124, "dvar": 4.31079911323e-07, "dvar2": 1.11898873456e-06, "max": 0.0181659217924, "mean": 0.000371868081857, "median": 0.000212450555409, "min": 8.01994497709e-21, "var": 4.12847697362e-07}, "spectral_energyband_low": {"dmean": 0.0171195846051, "dmean2": 0.0273606181145, "dvar": 0.0010527871782, "dvar2": 0.00259513477795, "max": 0.264688998461, "mean": 0.0292387194932, "median": 0.0205671414733, "min": 6.5388611014e-23, "var": 0.00118759996258}, "spectral_energyband_middle_high": {"dmean": 0.00257148570381, "dmean2": 0.00368197169155, "dvar": 2.74668855127e-05, "dvar2": 5.33539387106e-05, "max": 0.118543080986, "mean": 0.00635319389403, "median": 0.00308366818354, "min": 1.49404267679e-21, "var": 8.2888356701e-05}, "spectral_energyband_middle_low": {"dmean": 0.00622137170285, "dmean2": 0.00996471289545, "dvar": 6.45073523629e-05, "dvar2": 0.000160934010637, "max": 0.0899864658713, "mean": 0.0150679731742, "median": 0.0115547142923, "min": 3.95122050122e-22, "var": 0.000156115289428}, "spectral_entropy": {"dmean": 0.18358181417, "dmean2": 0.284059792757, "dvar": 0.0466037429869, "dvar2": 0.107930757105, "max": 9.77023601532, "mean": 7.35063314438, "median": 7.44209480286, "min": 4.5795750618, "var": 0.307794332504}, "spectral_flux": {"dmean": 0.0373950451612, "dmean2": 0.0566167533398, "dvar": 0.00246140221134, "dvar2": 0.0044346912764, "max": 0.483518719673, "mean": 0.107499957085, "median": 0.0907242819667, "min": 1.0457459898e-10, "var": 0.00549230072647}, "spectral_kurtosis": {"dmean": 2.49655580521, "dmean2": 4.1244802475, "dvar": 44.5692253113, "dvar2": 104.510826111, "max": 438.037994385, "mean": 8.67259788513, "median": 6.25292873383, "min": -1.19528770447, "var": 229.615890503}, "spectral_rms": {"dmean": 0.00126001576427, "dmean2": 0.00190550647676, "dvar": 2.65633821073e-06, "dvar2": 6.0715779e-06, "max": 0.0163331385702, "mean": 0.00638150470331, "median": 0.00644723698497, "min": 3.26636157358e-12, "var": 7.5473499237e-06}, "spectral_rolloff": {"dmean": 305.158660889, "dmean2": 517.24597168, "dvar": 466711.3125, "dvar2": 1126605.875, "max": 18540.0878906, "mean": 816.054992676, "median": 581.396484375, "min": 43.06640625, "var": 866725.875}, "spectral_skewness": {"dmean": 0.279578626156, "dmean2": 0.452649861574, "dvar": 0.171280398965, "dvar2": 0.41642999649, "max": 17.2096385956, "mean": 2.13705515862, "median": 1.98730921745, "min": -0.0522715561092, "var": 0.90633046627}, "spectral_spread": {"dmean": 543082.9375, "dmean2": 786101.5625, "dvar": 616511504384, "dvar2": 1116431056900.0, "max": 41517528, "mean": 4266455, "median": 4047067.25, "min": 253898.75, "var": 2773335408640.0}, "spectral_strongpeak": {"dmean": 0.550982952118, "dmean2": 0.941911041737, "dvar": 1.3353651762, "dvar2": 3.04947328568, "max": 12.8832387924, "mean": 0.801693022251, "median": 0.357355266809, "min": 0, "var": 1.94725871086}, "zerocrossingrate": {"dmean": 0.0075982962735, "dmean2": 0.00952787976712, "dvar": 9.00226878002e-05, "dvar2": 0.000118388408737, "max": 0.49853515625, "mean": 0.0391928032041, "median": 0.0341796875, "min": 0.001953125, "var": 0.00065021548653}, "barkbands": {"dmean": [0.00159230397549, 0.0121485302225, 0.00576006947085, 0.00263075390831, 0.00240991660394, 0.00109060900286, 0.000892114883754, 0.000761141011026, 0.00128224177752, 0.000609498878475, 0.000854869373143, 0.000715595204383, 0.000553178542759, 0.000364311912563, 0.000348862697138, 0.000187734272913, 0.000150031017256, 9.56218282226e-05, 8.63384775585e-05, 6.74363036524e-05, 4.3900716264e-05, 5.17423759447e-05, 4.90409693157e-05, 2.58239997493e-05, 3.2383864891e-05, 1.59792325576e-05, 7.29709927327e-06], "dmean2": [0.00263895629905, 0.0196593087167, 0.010320824571, 0.00453341146931, 0.00394323561341, 0.00177775183693, 0.00139040721115, 0.00119484146126, 0.00181677506771, 0.000849157804623, 0.00117925275117, 0.00114218273666, 0.000864233938046, 0.000558821309824, 0.000531968020368, 0.000281145970803, 0.000237789659877, 0.000153548346134, 0.000140324264066, 0.00011116816313, 7.30033352738e-05, 8.48440467962e-05, 7.98374603619e-05, 4.23574856541e-05, 5.06662763655e-05, 2.50009943557e-05, 1.13601554403e-05], "dvar": [1.43091956488e-05, 0.000490714097396, 0.00020602386212, 1.68664373632e-05, 1.42684839375e-05, 4.72950296171e-06, 4.27760778621e-06, 3.5363796087e-06, 7.98930432211e-06, 3.34008905156e-06, 1.51035901581e-05, 4.98528925164e-06, 2.94930555356e-06, 1.15345358154e-06, 8.93869525953e-07, 2.32111574405e-07, 8.33963298419e-08, 3.79516720272e-08, 2.53710688014e-08, 2.26168683781e-08, 9.78465308776e-09, 3.56943345992e-08, 7.34827310112e-08, 1.03224495618e-08, 8.33859381544e-09, 2.8976931965e-09, 4.22218232599e-10], "dvar2": [3.51464805135e-05, 0.00121102610137, 0.000590067647863, 4.58369868284e-05, 3.54509538738e-05, 1.19258520499e-05, 1.04131631815e-05, 8.2020105765e-06, 1.58019265655e-05, 5.37750702279e-06, 2.51480905717e-05, 1.33116318466e-05, 7.63503521739e-06, 2.5395488592e-06, 1.92621791939e-06, 4.32069214185e-07, 1.80496058988e-07, 8.22272383516e-08, 6.26686755822e-08, 5.81518371234e-08, 2.60974282185e-08, 9.33502093403e-08, 1.95275916326e-07, 2.76890368411e-08, 2.07910133554e-08, 7.83136844262e-09, 1.01959929388e-09], "max": [0.0502650886774, 0.190785005689, 0.136099040508, 0.0416581332684, 0.0653986781836, 0.0483829863369, 0.0499290712178, 0.0407226234674, 0.0709869712591, 0.0608526542783, 0.108856745064, 0.0436104796827, 0.0431546531618, 0.0360861159861, 0.0283616725355, 0.0164928734303, 0.0071800337173, 0.0069835903123, 0.00272154435515, 0.0032303603366, 0.00217495113611, 0.00486300094053, 0.0086632668972, 0.00267897662707, 0.0033877696842, 0.00261667766608, 0.000352068600478], "mean": [0.00178488879465, 0.0193288531154, 0.00671244226396, 0.00353176193312, 0.00437141908333, 0.00189998280257, 0.00150092481636, 0.00108016573358, 0.00232761842199, 0.00105376564898, 0.00116140535101, 0.00112100108527, 0.000914727628697, 0.000624730833806, 0.000647397944704, 0.000378833035938, 0.000284580222797, 0.000176642221049, 0.000152947031893, 0.000110189052066, 6.56920019537e-05, 7.00617820257e-05, 5.55697406526e-05, 3.49417205143e-05, 5.58124993404e-05, 2.27181553782e-05, 8.59560259414e-06], "median": [0.000658627774101, 0.0130084250122, 0.00310923275538, 0.00214042956941, 0.00259535294026, 0.00105963589158, 0.00063369225245, 0.000366542255506, 0.000666612526402, 0.000289838120807, 0.000271440687357, 0.00035143821151, 0.000279762374703, 0.00023277226137, 0.000195115775568, 0.000122357203509, 0.000100379882497, 7.97647226136e-05, 6.2917919422e-05, 5.29965509486e-05, 3.47051500285e-05, 2.90561711154e-05, 1.64193770615e-05, 1.29016716528e-05, 1.94727545022e-05, 8.76514968695e-06, 2.05314381674e-06], "min": [1.30296139938e-23, 2.62098846433e-23, 2.63185518107e-23, 5.60096567518e-24, 1.91892008694e-23, 5.01062674435e-23, 1.3661111979e-22, 6.31123055403e-23, 1.02930583535e-22, 4.44633907718e-23, 1.10881039282e-22, 1.36271808627e-22, 8.90646302535e-23, 9.11043910516e-23, 1.60485143117e-22, 1.10640127473e-22, 1.14301451815e-22, 1.14761010624e-22, 3.78144274072e-22, 3.8618542989e-22, 3.95339826218e-22, 4.12708725816e-22, 7.590267159e-22, 9.14720595558e-22, 1.23031877689e-21, 2.00737751518e-21, 2.25901046194e-21], "var": [1.3284869965e-05, 0.000568339659367, 0.000139411407872, 1.92428888113e-05, 2.98962095258e-05, 7.48925776861e-06, 8.75634304975e-06, 6.37139419268e-06, 2.41965499299e-05, 9.75900820777e-06, 2.59765165538e-05, 7.87556018622e-06, 5.77316768613e-06, 2.76969103652e-06, 2.9609068406e-06, 1.02290175619e-06, 2.77891160749e-07, 1.0888294355e-07, 4.92532912233e-08, 3.01529503588e-08, 1.03988693212e-08, 3.04534566453e-08, 5.44079874487e-08, 8.60475424247e-09, 1.34311930466e-08, 2.67300181989e-09, 4.50269516117e-10]}, "erbbands": {"dmean": [0.394454240799, 2.86379384995, 6.72972154617, 7.3489818573, 8.65430736542, 9.19968700409, 6.50557422638, 10.1161308289, 12.9034862518, 13.2320547104, 19.230140686, 27.5574398041, 24.1985797882, 23.2037143707, 28.6704597473, 27.0603218079, 25.0009651184, 18.9671554565, 17.6095485687, 13.9069643021, 9.49158763885, 8.13880348206, 5.17230844498, 4.66681337357, 3.78612756729, 3.14162731171, 2.42208099365, 1.2725764513, 1.76294672489, 1.94260954857, 1.28124344349, 0.652494192123, 0.415153384209, 0.445148468018, 0.191476643085, 0.0720173940063, 0.028462138027, 0.00999704468995, 0.00123250950128, 6.19912389084e-05], "dmean2": [0.64360845089, 4.80977582932, 12.1101121902, 12.8931646347, 14.297829628, 14.9923295975, 10.8027381897, 16.4974937439, 20.4422645569, 20.2149753571, 29.4164237976, 39.2954177856, 32.6629142761, 31.9223098755, 40.934627533, 43.0847434998, 39.3498916626, 28.7356872559, 27.1109657288, 20.3620204926, 14.1789236069, 12.8102588654, 8.23241329193, 7.56128787994, 6.15767288208, 5.18601751328, 3.9998395443, 2.11299204826, 2.90046882629, 3.17685246468, 2.10204744339, 1.06716370583, 0.681890964508, 0.701056182384, 0.304171055555, 0.114164724946, 0.04477500543, 0.0154505586252, 0.00190544326324, 9.54860734055e-05], "dvar": [0.57030415535, 31.7480640411, 279.618011475, 191.106689453, 176.529464722, 305.45916748, 114.876289368, 469.134887695, 1167.29064941, 1094.41027832, 2005.18212891, 3956.92480469, 4546.74804688, 10465.6884766, 11500.7021484, 6817.80566406, 6449.98291016, 3218.78686523, 2483.5300293, 1360.57519531, 630.632995605, 233.845184326, 110.995948792, 74.3062973022, 57.2794876099, 55.8741035461, 28.7715396881, 11.6139888763, 42.6112670898, 85.0522079468, 50.3729057312, 9.1272983551, 2.10808253288, 1.45025193691, 0.392813771963, 0.0928928479552, 0.00640647858381, 0.000659251178149, 1.21517259686e-05, 2.2854553805e-08], "dvar2": [1.4145283699, 85.0428924561, 801.232116699, 538.8125, 444.451507568, 744.679992676, 298.600463867, 1161.63183594, 2960.18969727, 2557.97094727, 4282.72314453, 7958.22558594, 8135.90966797, 16362.2246094, 22160.3144531, 18393.4765625, 17219.015625, 6953.65820312, 5784.41015625, 2425.71362305, 1238.17736816, 524.522277832, 233.685272217, 179.762298584, 142.724594116, 145.541122437, 74.7644500732, 30.3973236084, 112.715202332, 225.249450684, 133.35534668, 23.9304599762, 5.71419477463, 3.64009094238, 1.00814688206, 0.26121738553, 0.0165164843202, 0.00159557024017, 2.94486817438e-05, 5.55245129874e-08], "max": [7.54309558868, 41.9358215332, 145.356521606, 178.646209717, 184.43850708, 370.855560303, 144.586578369, 583.654968262, 882.34185791, 854.833496094, 1289.41088867, 1478.17712402, 2200.86694336, 4266.13818359, 3328.96118164, 1927.19519043, 2045.83044434, 2087.72070312, 1785.44116211, 1164.35107422, 780.403930664, 328.173675537, 458.478790283, 245.226928711, 134.466018677, 182.194824219, 152.012283325, 81.6707382202, 157.646514893, 303.207672119, 189.75440979, 79.1640548706, 38.2124786377, 32.2206687927, 29.0653457642, 16.1635189056, 3.19786691666, 0.488114088774, 0.0554060786963, 0.00262872246094], "mean": [0.614856183529, 4.04360818863, 7.95254039764, 10.2031412125, 13.7069988251, 16.0408744812, 11.1279878616, 17.6590900421, 20.7052936554, 23.1539745331, 29.9566116333, 48.9167709351, 45.6688423157, 38.0743408203, 42.9469604492, 44.7069396973, 42.8067970276, 36.7552337646, 33.0082588196, 28.2085590363, 20.538898468, 16.2996311188, 10.2586727142, 8.83298492432, 6.64484214783, 5.19376420975, 3.86415362358, 1.88252973557, 2.3792860508, 2.43353366852, 1.44211816788, 0.801135540009, 0.605471551418, 0.753849744797, 0.303100079298, 0.104002825916, 0.0386059731245, 0.0125238290057, 0.00147096626461, 0.000108939369966], "median": [0.417329072952, 2.50930118561, 4.34328937531, 6.48084211349, 8.45875930786, 7.83062791824, 6.87681484222, 8.83620166779, 8.9034538269, 9.23135662079, 11.1893587112, 13.2209148407, 13.2171564102, 11.9645004272, 13.4173250198, 14.6397676468, 14.6939067841, 13.4021530151, 11.0250082016, 9.10599136353, 6.65178346634, 5.88601255417, 4.74182939529, 3.77880167961, 2.88455438614, 2.56312012672, 1.78763639927, 1.01874804497, 0.994359195232, 0.843363583088, 0.441052138805, 0.280602931976, 0.228498548269, 0.236699447036, 0.106230564415, 0.0411533005536, 0.0132300863042, 0.00340054184198, 0.000377795775421, 6.94187110639e-05], "min": [6.70638852573e-22, 6.70419991003e-21, 2.98082579357e-20, 2.20896191513e-20, 3.39765664452e-20, 7.07173055413e-20, 2.4980430569e-19, 4.21055042618e-19, 1.80418493394e-18, 1.33224137815e-18, 1.78051267917e-18, 2.4405128521e-18, 1.87808214794e-18, 2.18655413518e-18, 3.97417395017e-18, 6.42531276441e-18, 4.64312773284e-18, 3.68403538723e-18, 6.76115512415e-18, 9.16970075429e-18, 5.59617959203e-18, 6.50177279075e-18, 6.55347323339e-18, 1.66501498052e-17, 1.68311385776e-17, 1.97641274695e-17, 1.36528128792e-17, 1.76561767924e-17, 1.30181147136e-17, 1.76618661406e-17, 2.53546739615e-17, 1.60461094347e-17, 1.84737968514e-17, 1.25122466197e-17, 9.01044697968e-18, 7.39141877444e-18, 3.79114410962e-18, 1.59575248018e-18, 2.87678010807e-19, 3.06566382827e-20], "var": [0.635500788689, 30.4861831665, 183.80140686, 162.317489624, 275.991485596, 683.835449219, 173.694656372, 762.899902344, 2025.33703613, 2397.09204102, 4293.65966797, 11781.953125, 12693.3105469, 21676.0507812, 18027.9453125, 11633.8798828, 11405.6142578, 9636.84179688, 6914.62548828, 5356.1796875, 2841.65771484, 827.407958984, 304.383422852, 193.878768921, 97.6058425903, 69.7041015625, 37.4796600342, 10.8621025085, 35.2514152527, 66.0776901245, 37.425075531, 7.14686918259, 2.06940555573, 2.58604216576, 0.459911108017, 0.0736079066992, 0.006741611287, 0.000779732770752, 1.27548491946e-05, 2.46297862105e-08]}, "gfcc": {"mean": [-21.6245079041, 112.305595398, -94.6472091675, 21.2184467316, -37.3481025696, 15.2961883545, -27.1171913147, 7.25470924377, -20.6754550934, 3.61125421524, -13.8424339294, -0.241763785481, -10.1723194122], "cov": [[29919.9550781, 1961.13305664, -1801.70739746, 948.096984863, -13.3454465866, 990.423828125, -58.1461639404, 548.87097168, -172.765258789, 71.4510650635, -393.01083374, -264.290740967, -240.319793701], [1961.13305664, 1737.58544922, -175.775848389, -33.1806716919, 123.784118652, -127.43132019, 169.539505005, -200.712295532, 45.3715438843, -101.156852722, 84.3946838379, -66.6422348022, 39.5997238159], [-1801.70739746, -175.775848389, 768.199951172, -15.5260562897, 16.8111667633, -46.1059532166, -36.6511764526, 43.481552124, 42.0675811768, 50.9997787476, 28.1378726959, 41.6015663147, -23.0318927765], [948.096984863, -33.1806716919, -15.5260562897, 373.855682373, 41.5497512817, 96.7300643921, 7.85269832611, 42.920375824, 74.5437774658, 19.4908256531, 7.55542421341, -24.1882457733, 0.280397742987], [-13.3454465866, 123.784118652, 16.8111667633, 41.5497512817, 258.349456787, 20.9690475464, 21.6811294556, 32.8362579346, 16.0333442688, 13.222574234, 24.1667118073, -1.75182068348, 29.1536273956], [990.423828125, -127.43132019, -46.1059532166, 96.7300643921, 20.9690475464, 237.100357056, 68.4854660034, 62.0451507568, -0.612188637257, 23.0739059448, 2.96882247925, -6.21490526199, -20.550409317], [-58.1461639404, 169.539505005, -36.6511764526, 7.85269832611, 21.6811294556, 68.4854660034, 232.586639404, -19.4563331604, 31.3573188782, -3.28932595253, 30.131652832, -2.56884121895, -20.7457885742], [548.87097168, -200.712295532, 43.481552124, 42.920375824, 32.8362579346, 62.0451507568, -19.4563331604, 176.643051147, 38.3020477295, 39.97215271, -32.148399353, -13.8284873962, 6.32244205475], [-172.765258789, 45.3715438843, 42.0675811768, 74.5437774658, 16.0333442688, -0.612188637257, 31.3573188782, 38.3020477295, 141.739852905, 31.0021762848, 10.426402092, -20.7509860992, -5.61773395538], [71.4510650635, -101.156852722, 50.9997787476, 19.4908256531, 13.222574234, 23.0739059448, -3.28932595253, 39.97215271, 31.0021762848, 93.34034729, 16.8804512024, 6.74101877213, -14.4859352112], [-393.01083374, 84.3946838379, 28.1378726959, 7.55542421341, 24.1667118073, 2.96882247925, 30.131652832, -32.148399353, 10.426402092, 16.8804512024, 89.4249191284, 25.4899291992, 4.08657217026], [-264.290740967, -66.6422348022, 41.6015663147, -24.1882457733, -1.75182068348, -6.21490526199, -2.56884121895, -13.8284873962, -20.7509860992, 6.74101877213, 25.4899291992, 73.082069397, 15.5788993835], [-240.319793701, 39.5997238159, -23.0318927765, 0.280397742987, 29.1536273956, -20.550409317, -20.7457885742, 6.32244205475, -5.61773395538, -14.4859352112, 4.08657217026, 15.5788993835, 81.1918182373]], "icov": [[0.000102265825262, -0.000285777059617, 0.000199698610231, -0.00023341079941, 0.000124939906527, -0.000354601041181, 0.000255260849372, -0.000472432788229, 0.000325539091136, -0.000263039954007, 0.000486209290102, -0.000345406995621, 0.000484328251332], [-0.000285777059617, 0.0017308013048, -0.000453871063655, 0.000724224781152, -0.000783910858445, 0.0014142912114, -0.0012767201988, 0.00211381376721, -0.00124470226001, 0.00135671056341, -0.00208996795118, 0.00213819532655, -0.00182180607226], [0.000199698610231, -0.000453871063655, 0.00190722406842, -0.000390725705074, 7.38102025934e-05, -0.000226786505664, 0.000675274175592, -0.00133655103855, 0.000193265834241, -0.000741167343222, 0.000505369040184, -0.00156973430421, 0.00170444417745], [-0.00023341079941, 0.000724224781152, -0.000390725705074, 0.00410065008327, -0.000666557229124, -0.00089776731329, 0.000124888931168, 0.00141636980698, -0.00282073719427, 0.000895267701708, -0.0014609512873, 0.00151943613309, -0.00148882542271], [0.000124939906527, -0.000783910858445, 7.38102025934e-05, -0.000666557229124, 0.00478535564616, -0.000606032961514, 5.86754795222e-05, -0.00184063811321, 0.000857353385072, -0.000929837289732, -0.000483507872559, -9.73453934421e-05, -0.00100152671803], [-0.000354601041181, 0.0014142912114, -0.000226786505664, -0.00089776731329, -0.000606032961514, 0.00797286909074, -0.00328268180601, -0.000712987035513, 0.000981045886874, 0.000400231394451, -0.00259088887833, 0.00147482811008, -0.000361543352483], [0.000255260849372, -0.0012767201988, 0.000675274175592, 0.000124888931168, 5.86754795222e-05, -0.00328268180601, 0.00665696384385, -0.000564441026654, -0.00108369649388, 0.000176472967723, 0.000207550911, -0.00171463203151, 0.00273739080876], [-0.000472432788229, 0.00211381376721, -0.00133655103855, 0.00141636980698, -0.00184063811321, -0.000712987035513, -0.000564441026654, 0.0118701579049, -0.00398806668818, -0.00142024154775, 0.00126589159481, 0.0031057766173, -0.00459043867886], [0.000325539091136, -0.00124470226001, 0.000193265834241, -0.00282073719427, 0.000857353385072, 0.000981045886874, -0.00108369649388, -0.00398806668818, 0.0115406727418, -0.00357437808998, 0.000283195637167, 0.00150496291462, 0.00146708043758], [-0.000263039954007, 0.00135671056341, -0.000741167343222, 0.000895267701708, -0.000929837289732, 0.000400231394451, 0.000176472967723, -0.00142024154775, -0.00357437808998, 0.0156698822975, -0.0051504583098, -0.000294553959975, 0.00180144328624], [0.000486209290102, -0.00208996795118, 0.000505369040184, -0.0014609512873, -0.000483507872559, -0.00259088887833, 0.000207550911, 0.00126589159481, 0.000283195637167, -0.0051504583098, 0.0187890119851, -0.00724802399054, 0.00162487896159], [-0.000345406995621, 0.00213819532655, -0.00156973430421, 0.00151943613309, -9.73453934421e-05, 0.00147482811008, -0.00171463203151, 0.0031057766173, 0.00150496291462, -0.000294553959975, -0.00724802399054, 0.0207682736218, -0.00635607074946], [0.000484328251332, -0.00182180607226, 0.00170444417745, -0.00148882542271, -0.00100152671803, -0.000361543352483, 0.00273739080876, -0.00459043867886, 0.00146708043758, 0.00180144328624, 0.00162487896159, -0.00635607074946, 0.0180130060762]]}, "melbands": {"dmean": [0.00330063863657, 0.00361014273949, 0.00130844407249, 0.000594534445554, 0.000263345602434, 0.000225862459047, 0.000190382590517, 0.000142500168295, 0.00016989033611, 0.00017698368174, 0.000122937097331, 9.26717766561e-05, 0.000115473034384, 7.66719531384e-05, 6.96880015312e-05, 5.38007443538e-05, 3.39831276506e-05, 3.02199932776e-05, 2.36052455875e-05, 1.49002280523e-05, 1.15796383398e-05, 9.34741365199e-06, 6.45562340651e-06, 4.36526761405e-06, 3.99551026931e-06, 3.38039899361e-06, 2.45563705903e-06, 2.15665409087e-06, 1.80251993243e-06, 1.00077386378e-06, 6.7935189918e-07, 9.43132022257e-07, 1.20035349482e-06, 1.07597475107e-06, 7.96709002771e-07, 5.70864528981e-07, 3.51671360477e-07, 2.82679593511e-07, 3.41929052183e-07, 4.19855496148e-07], "dmean2": [0.00531292008236, 0.00632428191602, 0.00226754252799, 0.000976544164587, 0.000433651410276, 0.000368227163563, 0.000300208135741, 0.000219911351451, 0.000257520296145, 0.000252388679655, 0.00016702018911, 0.000127984909341, 0.000161503383424, 0.000122014775116, 0.000112478643132, 8.35097307572e-05, 5.20027497259e-05, 4.69817314297e-05, 3.54673211405e-05, 2.21492791752e-05, 1.75401455635e-05, 1.48896797327e-05, 1.025806705e-05, 7.07959270585e-06, 6.5009003265e-06, 5.52582059754e-06, 4.02270870836e-06, 3.58289184987e-06, 2.97145584227e-06, 1.68354529251e-06, 1.12699956389e-06, 1.55534451096e-06, 1.97599183593e-06, 1.77304889348e-06, 1.31927481561e-06, 9.3944515811e-07, 5.81532106025e-07, 4.68974178602e-07, 5.52610003979e-07, 6.64720573695e-07], "dvar": [3.55946358468e-05, 6.84021797497e-05, 5.21821175425e-06, 8.47694138884e-07, 1.94858273517e-07, 2.36810222987e-07, 2.22371426162e-07, 1.26888295426e-07, 1.47473642187e-07, 1.68347781937e-07, 1.17717760872e-07, 1.49353795109e-07, 2.44102409397e-07, 6.31932408623e-08, 5.98699827492e-08, 2.57734473763e-08, 1.06617701334e-08, 7.63741070386e-09, 4.44887904294e-09, 1.34425726106e-09, 1.01974584332e-09, 3.4792882464e-10, 1.60826837958e-10, 8.2834870907e-11, 5.72203048832e-11, 4.38497085864e-11, 2.90208603676e-11, 2.79144329179e-11, 1.59816708478e-11, 6.75434881636e-12, 3.46941767849e-12, 1.16813052287e-11, 2.13199718296e-11, 3.23437041039e-11, 2.01534795796e-11, 9.57330915929e-12, 2.28532514093e-12, 1.42248929649e-12, 9.26105221156e-13, 1.35055530127e-12], "dvar2": [8.35111786728e-05, 0.000192454070202, 1.45177009472e-05, 2.12473150896e-06, 4.88502962526e-07, 6.0414146219e-07, 5.6283278127e-07, 2.9810723845e-07, 3.03977429894e-07, 3.3885095263e-07, 2.07708808375e-07, 2.35627624079e-07, 4.31311690363e-07, 1.62540644055e-07, 1.6874935227e-07, 6.32708037074e-08, 2.30364740617e-08, 1.75322583118e-08, 8.43043412857e-09, 2.44852471631e-09, 2.07076311654e-09, 7.73954622613e-10, 3.64829638722e-10, 1.89769588932e-10, 1.40016262473e-10, 1.09865734566e-10, 7.21431803186e-11, 7.39544744888e-11, 4.06280252496e-11, 1.84364520178e-11, 8.97289013924e-12, 3.11352506277e-11, 5.55659025736e-11, 8.70844438228e-11, 5.38764345637e-11, 2.50213166159e-11, 6.08587225753e-12, 3.93174728885e-12, 2.52880247124e-12, 3.32440563793e-12], "max": [0.0584873966873, 0.0648112893105, 0.0270787365735, 0.0132512953132, 0.00877321790904, 0.0116606997326, 0.0118160312995, 0.00894421245903, 0.0135702369735, 0.00997027941048, 0.0112830568105, 0.0158150475472, 0.0161319803447, 0.00600188784301, 0.00577122205868, 0.00504723051563, 0.00371693260968, 0.00304739945568, 0.00244696740992, 0.00112548691686, 0.00116026075557, 0.000404310063459, 0.000445795798441, 0.000326136039803, 0.000202178998734, 0.00011947062012, 0.00013051161659, 0.000129546853714, 0.000110753542685, 7.57888192311e-05, 3.91712346755e-05, 8.49618081702e-05, 0.00013509458222, 0.000203906121897, 0.000130901520606, 8.90341470949e-05, 3.51441012754e-05, 3.23800595652e-05, 3.43803876603e-05, 3.02136340906e-05], "mean": [0.00549626816064, 0.00473600393161, 0.00196006870829, 0.00105894170702, 0.000472345913295, 0.000394454895286, 0.000313756754622, 0.000241429530433, 0.000263666239334, 0.000318857928505, 0.000224686868023, 0.000149407569552, 0.000160684954608, 0.000122737284983, 0.000105837731098, 9.22921608435e-05, 6.19246347924e-05, 5.17502485309e-05, 4.42597920483e-05, 2.96928992611e-05, 2.28367407544e-05, 1.7489763195e-05, 1.16434393931e-05, 7.89747628005e-06, 7.10978565621e-06, 5.62633022128e-06, 3.86032024835e-06, 3.3412193261e-06, 2.78135803455e-06, 1.42687736115e-06, 9.34222327942e-07, 1.23323320622e-06, 1.55834970883e-06, 1.26350278151e-06, 8.59339934323e-07, 6.37924358671e-07, 4.26434667133e-07, 3.68934195194e-07, 5.4198773114e-07, 6.84418694163e-07], "median": [0.00383137795143, 0.00291920779273, 0.00130376010202, 0.000633147137705, 0.000280017324258, 0.000202025505132, 0.000142916935147, 9.37689983402e-05, 8.93208853086e-05, 8.42447625473e-05, 6.19948041276e-05, 4.50150182587e-05, 4.2148079956e-05, 3.52350907633e-05, 3.46622873622e-05, 2.95212958008e-05, 2.15294294321e-05, 1.64901375683e-05, 1.33893963721e-05, 9.38610992307e-06, 7.03513933331e-06, 5.95764458922e-06, 4.80725611851e-06, 3.6218805235e-06, 2.896078513e-06, 2.20925835492e-06, 1.79662288247e-06, 1.53968790073e-06, 1.08406743493e-06, 7.21494131994e-07, 4.36038675389e-07, 5.06113224219e-07, 5.49363619484e-07, 3.82299390367e-07, 2.31702230735e-07, 1.98510463179e-07, 1.47024408648e-07, 1.34814968078e-07, 1.68088263308e-07, 1.97696593318e-07], "min": [7.97541057306e-24, 1.33804488374e-23, 3.88433216465e-24, 4.51816888579e-24, 6.65750404605e-24, 1.05682701508e-23, 2.81458250354e-23, 1.29550832043e-23, 1.50360895949e-23, 1.58098375029e-23, 9.11933619399e-24, 7.91293910025e-24, 1.50265065126e-23, 1.09334220309e-23, 1.65854013687e-23, 8.48806997611e-24, 7.06762178662e-24, 1.08672941878e-23, 1.1570017793e-23, 1.17125097384e-23, 5.46158696943e-24, 7.16593594352e-24, 5.15843245672e-24, 6.54474466269e-24, 1.46997335044e-23, 1.1285881139e-23, 1.22529804326e-23, 1.34873899771e-23, 8.5040593978e-24, 8.35466649729e-24, 1.07095677607e-23, 6.46691249034e-24, 8.98791512263e-24, 9.12146532958e-24, 1.54650137794e-23, 1.11244328662e-23, 9.34957156007e-24, 1.28278659727e-23, 1.35769540888e-23, 9.18006112876e-24], "var": [4.42274940724e-05, 5.08292832819e-05, 4.97009068567e-06, 1.70310408976e-06, 3.73972454781e-07, 3.7340115e-07, 3.91771635577e-07, 2.53943824191e-07, 3.29380611674e-07, 5.05853506638e-07, 3.24761572301e-07, 3.20755930261e-07, 3.9092191173e-07, 1.08770962015e-07, 8.4764884889e-08, 5.72775888941e-08, 3.07689802526e-08, 1.88466469098e-08, 1.54476609282e-08, 5.95534377368e-09, 4.04569799883e-09, 1.14692955133e-09, 3.92101795477e-10, 2.35723190967e-10, 1.35777153409e-10, 7.74923389346e-11, 4.106282675e-11, 3.33831816357e-11, 2.33036454717e-11, 6.50838627783e-12, 3.20810001828e-12, 9.56978593591e-12, 1.80798726684e-11, 2.36774194001e-11, 1.46007494289e-11, 7.26974947254e-12, 1.76631138101e-12, 1.11873433694e-12, 1.43831474508e-12, 2.40172486933e-12]}, "mfcc": {"mean": [-662.363220215, 148.561737061, 5.07158517838, 20.6076564789, 11.1360368729, 11.2726354599, 7.58309268951, 4.98008918762, 2.79536414146, 2.3059823513, 3.47318124771, -1.64147567749, 2.07244372368], "cov": [[13800.8085938, 1657.6328125, -699.553894043, 162.427734375, 220.702651978, 197.349502563, 288.15057373, 278.112121582, 311.242401123, 313.192565918, 292.36630249, -55.8396530151, 87.3030929565], [1657.6328125, 1587.76953125, -95.7334823608, 130.19152832, -22.5512142181, 138.245254517, 92.3948516846, 52.4460525513, 26.4625015259, 12.9139261246, 31.1868457794, 45.5796127319, -16.9451179504], [-699.553894043, -95.7334823608, 556.573364258, 48.6505661011, 12.009853363, -8.80928611755, -39.5078010559, -3.45559716225, -16.9323329926, -10.1388254166, 9.9207649231, 43.1755027771, 26.4413356781], [162.427734375, 130.19152832, 48.6505661011, 266.767730713, 72.3156738281, 42.009223938, -16.1665344238, 11.0723972321, 26.7763843536, 32.5162582397, 6.58565616608, 45.9599876404, 28.4489459991], [220.702651978, -22.5512142181, 12.009853363, 72.3156738281, 285.979553223, -35.3938331604, 7.81749010086, -13.2207565308, 56.6896705627, 16.4315757751, -1.42144370079, 8.29232883453, 37.6830558777], [197.349502563, 138.245254517, -8.80928611755, 42.009223938, -35.3938331604, 183.698928833, 60.9182243347, 43.6268730164, -21.5620040894, 15.5146007538, 23.8192958832, 33.2848052979, -2.98631763458], [288.15057373, 92.3948516846, -39.5078010559, -16.1665344238, 7.81749010086, 60.9182243347, 159.385681152, 45.9855194092, 11.0614185333, -1.12542486191, 23.5590000153, 2.54645490646, 9.66689300537], [278.112121582, 52.4460525513, -3.45559716225, 11.0723972321, -13.2207565308, 43.6268730164, 45.9855194092, 104.971908569, 29.7891216278, 27.9836158752, 18.6081142426, 4.11587095261, 7.91783332825], [311.242401123, 26.4625015259, -16.9323329926, 26.7763843536, 56.6896705627, -21.5620040894, 11.0614185333, 29.7891216278, 124.008384705, 53.316783905, 18.5214729309, 4.51511478424, 15.7912664413], [313.192565918, 12.9139261246, -10.1388254166, 32.5162582397, 16.4315757751, 15.5146007538, -1.12542486191, 27.9836158752, 53.316783905, 107.979316711, 45.9035186768, 16.4344902039, 1.8545409441], [292.36630249, 31.1868457794, 9.9207649231, 6.58565616608, -1.42144370079, 23.8192958832, 23.5590000153, 18.6081142426, 18.5214729309, 45.9035186768, 110.815162659, 25.7994880676, 12.3762044907], [-55.8396530151, 45.5796127319, 43.1755027771, 45.9599876404, 8.29232883453, 33.2848052979, 2.54645490646, 4.11587095261, 4.51511478424, 16.4344902039, 25.7994880676, 94.3756942749, 25.2259025574], [87.3030929565, -16.9451179504, 26.4413356781, 28.4489459991, 37.6830558777, -2.98631763458, 9.66689300537, 7.91783332825, 15.7912664413, 1.8545409441, 12.3762044907, 25.2259025574, 75.5623703003]], "icov": [[0.000104292113974, -9.81737321126e-05, 0.000102740596049, 1.35117568334e-06, -6.51113368804e-05, -1.89857546502e-05, -2.55886552623e-05, -0.000117222531117, -6.29203059361e-05, -0.000158195034601, -0.000182139570825, 0.000200605325517, -0.000151801796164], [-9.81737321126e-05, 0.000823999522254, 3.30436814693e-05, -0.000382078258554, 0.00016747439804, -0.000311460287776, -0.000251767865848, 6.14662858425e-05, -0.000215082400246, 0.000443896424258, 4.72952197015e-05, -0.000405332073569, 0.000522064627148], [0.000102740596049, 3.30436814693e-05, 0.00208162236959, -0.000302891246974, -9.34374402277e-05, 0.000144160250784, 0.000454070483102, -0.000463517557364, 0.000256333441939, 0.000273222947726, -0.000463123869849, -0.000603354943451, -0.000465894670924], [1.35117568334e-06, -0.000382078258554, -0.000302891246974, 0.00509303342551, -0.00120716530364, -0.00132910150569, 0.00125595915597, -0.000147699538502, -0.000292262557195, -0.00105824496131, 0.000775287742727, -0.00133132457267, -0.00108995533083], [-6.51113368804e-05, 0.00016747439804, -9.34374402277e-05, -0.00120716530364, 0.00458388868719, 0.000753041065764, -0.000900492072105, 0.00138168456033, -0.00173563801218, 7.70741735323e-06, 0.000475958222523, 0.000146067250171, -0.00145002349745], [-1.89857546502e-05, -0.000311460287776, 0.000144160250784, -0.00132910150569, 0.000753041065764, 0.00852971617132, -0.00271641020663, -0.0023544265423, 0.00286297430284, -0.00124343298376, -0.000194329768419, -0.00236950721592, 0.00121290958486], [-2.55886552623e-05, -0.000251767865848, 0.000454070483102, 0.00125595915597, -0.000900492072105, -0.00271641020663, 0.00896912999451, -0.00283426837996, -0.000857848674059, 0.00216318573803, -0.00161275174469, 0.000569591589738, -0.000967204279732], [-0.000117222531117, 6.14662858425e-05, -0.000463517557364, -0.000147699538502, 0.00138168456033, -0.0023544265423, -0.00283426837996, 0.0135245993733, -0.0028855255805, -0.00195123825688, 0.00037351573701, 0.0010886141099, -0.00124334346037], [-6.29203059361e-05, -0.000215082400246, 0.000256333441939, -0.000292262557195, -0.00173563801218, 0.00286297430284, -0.000857848674059, -0.0028855255805, 0.0129441581666, -0.00570193817839, 0.000602918909863, -8.71531738085e-05, -0.00119920086581], [-0.000158195034601, 0.000443896424258, 0.000273222947726, -0.00105824496131, 7.70741735323e-06, -0.00124343298376, 0.00216318573803, -0.00195123825688, -0.00570193817839, 0.015862474218, -0.00515141524374, -0.00120466353837, 0.00250807171687], [-0.000182139570825, 4.72952197015e-05, -0.000463123869849, 0.000775287742727, 0.000475958222523, -0.000194329768419, -0.00161275174469, 0.00037351573701, 0.000602918909863, -0.00515141524374, 0.0125616388395, -0.00248346338049, -0.00121457164641], [0.000200605325517, -0.000405332073569, -0.000603354943451, -0.00133132457267, 0.000146067250171, -0.00236950721592, 0.000569591589738, 0.0010886141099, -8.71531738085e-05, -0.00120466353837, -0.00248346338049, 0.0146650532261, -0.00440500443801], [-0.000151801796164, 0.000522064627148, -0.000465894670924, -0.00108995533083, -0.00145002349745, 0.00121290958486, -0.000967204279732, -0.00124334346037, -0.00119920086581, 0.00250807171687, -0.00121457164641, -0.00440500443801, 0.0169836077839]]}, "spectral_contrast_coeffs": {"dmean": [0.0508612133563, 0.0466310381889, 0.0398670844734, 0.0308487191796, 0.0223265178502, 0.0192706473172], "dmean2": [0.0855206847191, 0.0762412324548, 0.062495470047, 0.0491671711206, 0.035816796124, 0.0304309632629], "dvar": [0.00184937799349, 0.00143371429294, 0.00126398249995, 0.000711706059519, 0.000430069689173, 0.000397339870688], "dvar2": [0.00504438811913, 0.00371723738499, 0.0028046539519, 0.00168623460922, 0.00104371143971, 0.000961233628914], "max": [-0.319819152355, -0.456476658583, -0.407216221094, -0.54278922081, -0.597896456718, -0.625195741653], "mean": [-0.666606843472, -0.746825516224, -0.764238536358, -0.78248333931, -0.8029987216, -0.782455503941], "median": [-0.674204528332, -0.750703811646, -0.774965405464, -0.790820360184, -0.807999849319, -0.779264688492], "min": [-0.980470657349, -0.983176589012, -0.960918545723, -0.98327088356, -0.976105451584, -0.959797739983], "var": [0.00655215186998, 0.00522718019783, 0.00644130585715, 0.00427466351539, 0.00241700396873, 0.00206544576213]}, "spectral_contrast_valleys": {"dmean": [0.382013231516, 0.370917260647, 0.325529366732, 0.29774209857, 0.300677746534, 0.314381062984], "dmean2": [0.630627989769, 0.603490531445, 0.528663158417, 0.480676203966, 0.474832326174, 0.4253513515], "dvar": [0.137431561947, 0.140481039882, 0.110018476844, 0.123395629227, 0.175969541073, 0.180044472218], "dvar2": [0.32420116663, 0.311028033495, 0.236687585711, 0.275475502014, 0.388650804758, 0.322860121727], "max": [-4.80763721466, -4.34157848358, -5.08027887344, -5.6012878418, -5.62774419785, 