{"lowlevel": {"average_loudness": 0.957730531693, "barkbands_crest": {"dmean": 2.00505518913, "dmean2": 3.16466474533, "dvar": 4.13617372513, "dvar2": 10.5574798584, "max": 25.7655162811, "mean": 10.0468931198, "median": 9.47847747803, "min": 2.65925955772, "var": 13.2461500168}, "barkbands_flatness_db": {"dmean": 0.0182640161365, "dmean2": 0.0284704882652, "dvar": 0.000365822896129, "dvar2": 0.000901308143511, "max": 0.346353024244, "mean": 0.133523121476, "median": 0.121523343027, "min": 0.0318292602897, "var": 0.00278570852242}, "barkbands_kurtosis": {"dmean": 2.36438798904, "dmean2": 3.71535658836, "dvar": 20.0009384155, "dvar2": 47.0045585632, "max": 259.122344971, "mean": 3.80030965805, "median": 1.12679004669, "min": -1.87730491161, "var": 124.260612488}, "barkbands_skewness": {"dmean": 0.472242116928, "dmean2": 0.723392724991, "dvar": 0.268849909306, "dvar2": 0.610554039478, "max": 14.2840518951, "mean": 1.52938079834, "median": 1.35041737556, "min": -2.91671037674, "var": 1.7246991396}, "barkbands_spread": {"dmean": 5.04390716553, "dmean2": 7.93810558319, "dvar": 32.2294578552, "dvar2": 77.7666320801, "max": 127.033187866, "mean": 25.1350727081, "median": 23.9808425903, "min": 1.06936275959, "var": 202.668060303}, "dissonance": {"dmean": 0.015637345612, "dmean2": 0.0266904905438, "dvar": 0.000285527697997, "dvar2": 0.00081237469567, "max": 0.49999922514, "mean": 0.468307852745, "median": 0.475181788206, "min": 0.237784773111, "var": 0.00073363177944}, "dynamic_complexity": 3.71847844124, "erbbands_crest": {"dmean": 2.11281013489, "dmean2": 3.30171895027, "dvar": 3.71994066238, "dvar2": 8.68903255463, "max": 29.9251213074, "mean": 8.24823665619, "median": 7.52296686172, "min": 2.55898356438, "var": 13.2245407104}, "erbbands_flatness_db": {"dmean": 0.0148630617186, "dmean2": 0.0207887217402, "dvar": 0.000252485566307, "dvar2": 0.000485328142531, "max": 0.406606286764, "mean": 0.149089291692, "median": 0.138839557767, "min": 0.0450868681073, "var": 0.00274646026082}, "erbbands_kurtosis": {"dmean": 0.601025342941, "dmean2": 0.91825324297, "dvar": 0.571310460567, "dvar2": 1.43642914295, "max": 15.5772628784, "mean": 0.273642957211, "median": -0.0363991260529, "min": -1.68926727772, "var": 2.01569914818}, "erbbands_skewness": {"dmean": 0.254497379065, "dmean2": 0.383606642485, "dvar": 0.0543362312019, "dvar2": 0.123893707991, "max": 3.02103304863, "mean": -0.119674608111, "median": -0.128793567419, "min": -2.62832784653, "var": 0.289202809334}, "erbbands_spread": {"dmean": 7.70377445221, "dmean2": 11.3351535797, "dvar": 80.1437149048, "dvar2": 164.778503418, "max": 130.234802246, "mean": 38.9742622375, "median": 36.1430358887, "min": 1.96731209755, "var": 338.00177002}, "hfc": {"dmean": 5.41286277771, "dmean2": 7.85262298584, "dvar": 57.0776290894, "dvar2": 130.327468872, "max": 109.308105469, "mean": 22.4487838745, "median": 20.9890937805, "min": 1.0727133617e-16, "var": 235.087646484}, "melbands_crest": {"dmean": 2.88281011581, "dmean2": 4.53616571426, "dvar": 7.71358776093, "dvar2": 18.2096118927, "max": 36.1171760559, "mean": 16.449716568, "median": 16.3498535156, "min": 1.55074298382, "var": 33.6964073181}, "melbands_flatness_db": {"dmean": 0.0225566551089, "dmean2": 0.0353344045579, "dvar": 0.000593152653892, "dvar2": 0.00145091954619, "max": 0.478597104549, "mean": 0.205793336034, "median": 0.196003705263, "min": 0.0029051490128, "var": 0.0050578773953}, "melbands_kurtosis": {"dmean": 7.16730117798, "dmean2": 11.2782297134, "dvar": 152.863998413, "dvar2": 357.015960693, "max": 371.033691406, "mean": 14.9549217224, "median": 7.7009472847, "min": -1.55499899387, "var": 597.994873047}, "melbands_skewness": {"dmean": 0.710274100304, "dmean2": 1.08397936821, "dvar": 0.672367990017, "dvar2": 1.52311766148, "max": 14.111287117, "mean": 2.9402987957, "median": 2.65443015099, "min": -2.5544397831, "var": 3.40872311592}, "melbands_spread": {"dmean": 6.07807540894, "dmean2": 9.58557033539, "dvar": 50.4641342163, "dvar2": 121.657264709, "max": 184.370407104, "mean": 24.5865421295, "median": 21.3492622375, "min": 0.615863740444, "var": 412.053192139}, "pitch_salience": {"dmean": 0.0627255290747, "dmean2": 0.101853407919, "dvar": 0.00407052133232, "dvar2": 0.0105099631473, "max": 0.889736950397, "mean": 0.480062574148, "median": 0.480702668428, "min": 0.120324872434, "var": 0.0129223940894}, "silence_rate_20dB": {"dmean": 0, "dmean2": 0, "dvar": 0, "dvar2": 0, "max": 1, "mean": 1, "median": 1, "min": 1, "var": 0}, "silence_rate_30dB": {"dmean": 0.000824317336082, "dmean2": 0.00164880463853, "dvar": 0.000823479669634, "dvar2": 0.00246985559352, "max": 1, "mean": 0.999587893486, "median": 1, "min": 0, "var": 0.000411998742493}, "silence_rate_60dB": {"dmean": 0.0010303966701, "dmean2": 0.00206100568175, "dvar": 0.00102923333179, "dvar2": 0.00246855220757, "max": 1, "mean": 0.112404696643, "median": 0, "min": 0, "var": 0.0997698828578}, "spectral_centroid": {"dmean": 238.341552734, "dmean2": 373.033935547, "dvar": 76876.125, "dvar2": 175001.78125, "max": 11612.2109375, "mean": 1576.00292969, "median": 1502.05871582, "min": 232.41897583, "var": 969236.4375}, "spectral_complexity": {"dmean": 3.47099423409, "dmean2": 5.31883764267, "dvar": 16.2546863556, "dvar2": 33.4305534363, "max": 57, "mean": 22.2727184296, "median": 24, "min": 0, "var": 129.438171387}, "spectral_decrease": {"dmean": 2.73173550447e-09, "dmean2": 4.27010249382e-09, "dvar": 1.69421776487e-17, "dvar2": 4.24779446074e-17, "max": 8.09601949201e-18, "mean": -9.34811161812e-09, "median": -8.96262264405e-09, "min": -4.29683879588e-08, "var": 3.27512171199e-17}, "spectral_energy": {"dmean": 0.0105999382213, "dmean2": 0.016459595412, "dvar": 0.00025028391974, "dvar2": 0.000623819592874, "max": 0.163908854127, "mean": 0.0373182706535, "median": 0.0359551608562, "min": 9.902339056e-21, "var": 0.0005043973797}, "spectral_energyband_high": {"dmean": 0.000433703709859, "dmean2": 0.000656223448459, "dvar": 6.50244658118e-07, "dvar2": 1.57793476774e-06, "max": 0.0109021253884, "mean": 0.000889405375347, "median": 0.000528450997081, "min": 6.95590878939e-21, "var": 1.22492008359e-06}, "spectral_energyband_low": {"dmean": 0.00716205500066, "dmean2": 0.0115669770166, "dvar": 0.000160829265951, "dvar2": 0.000418006529799, "max": 0.159868016839, "mean": 0.0196169149131, "median": 0.017146717757, "min": 1.12321084354e-23, "var": 0.000265500537353}, "spectral_energyband_middle_high": {"dmean": 0.00157262885477, "dmean2": 0.00228768377565, "dvar": 4.88254727316e-06, "dvar2": 1.0372730685e-05, "max": 0.0482663214207, "mean": 0.00660803727806, "median": 0.00596498744562, "min": 1.25356192607e-21, "var": 3.10087089019e-05}, "spectral_energyband_middle_low": {"dmean": 0.0055457088165, "dmean2": 0.0088645350188, "dvar": 0.000120370132208, "dvar2": 0.00029426231049, "max": 0.109614573419, "mean": 0.0122599899769, "median": 0.00853166729212, "min": 1.84102843448e-22, "var": 0.000162089374498}, "spectral_entropy": {"dmean": 0.135717451572, "dmean2": 0.197353497148, "dvar": 0.0227067079395, "dvar2": 0.0482762940228, "max": 9.8201713562, "mean": 7.63576030731, "median": 7.69363355637, "min": 5.57817411423, "var": 0.258206218481}, "spectral_flux": {"dmean": 0.0278735868633, "dmean2": 0.0426333360374, "dvar": 0.00142114970367, "dvar2": 0.00272296182811, "max": 0.291872084141, "mean": 0.0783925354481, "median": 0.065210595727, "min": 6.23596799199e-11, "var": 0.00301875988953}, "spectral_kurtosis": {"dmean": 1.73658132553, "dmean2": 2.95055031776, "dvar": 10.3164396286, "dvar2": 30.6694984436, "max": 103.276550293, "mean": 4.97163391113, "median": 3.47270989418, "min": -1.25744819641, "var": 42.4605140686}, "spectral_rms": {"dmean": 0.000754870590754, "dmean2": 0.00114210275933, "dvar": 1.00317561191e-06, "dvar2": 2.36148753174e-06, "max": 0.012645595707, "mean": 0.00558157032356, "median": 0.0059226853773, "min": 3.10818558391e-12, "var": 5.25402310814e-06}, "spectral_rolloff": {"dmean": 398.469390869, "dmean2": 672.36114502, "dvar": 374308.125, "dvar2": 895852.25, "max": 19358.3496094, "mean": 1654.3840332, "median": 1162.79296875, "min": 64.599609375, "var": 6924285}, "spectral_skewness": {"dmean": 0.207590132952, "dmean2": 0.336199313402, "dvar": 0.0670341327786, "dvar2": 0.18168579042, "max": 7.47843599319, "mean": 1.47810018063, "median": 1.36661934853, "min": -0.129607632756, "var": 0.467900514603}, "spectral_spread": {"dmean": 481691.25, "dmean2": 691453.75, "dvar": 502930440192, "dvar2": 908048072704, "max": 42892624, "mean": 4687504, "median": 4357956.5, "min": 834696, "var": 10653795352600.0}, "spectral_strongpeak": {"dmean": 0.303778618574, "dmean2": 0.53161907196, "dvar": 0.484217762947, "dvar2": 1.25652885437, "max": 10.4130134583, "mean": 0.590447068214, "median": 0.411499351263, "min": 0, "var": 0.611449360847}, "zerocrossingrate": {"dmean": 0.00774820102379, "dmean2": 0.00950241368264, "dvar": 6.16277975496e-05, "dvar2": 9.02715546545e-05, "max": 0.52783203125, "mean": 0.0613572746515, "median": 0.0498046875, "min": 0.00390625, "var": 0.00447328714654}, "barkbands": {"dmean": [0.000898090773262, 0.00483534066007, 0.00266413204372, 0.00301473401487, 0.00253108493052, 0.000487679179059, 0.00040172462468, 0.000362150167348, 0.000532724254299, 0.000489788828418, 0.000366394117009, 0.000319388724165, 0.00034497687011, 0.00040987241664, 0.000359641126124, 0.000232173479162, 0.000264072528807, 0.000244054055656, 0.000172825151822, 0.000159135699505, 0.000156601570779, 0.000103813566966, 6.65254774503e-05, 4.91506980325e-05, 3.21202824125e-05, 1.27328721646e-05, 2.54827227764e-06], "dmean2": [0.00125519826543, 0.00787978805602, 0.00462142378092, 0.0050534280017, 0.00430399132892, 0.000749975501094, 0.000583832501434, 0.000511243357323, 0.000749560713302, 0.000676211726386, 0.000522267364431, 0.000458575581433, 0.00050625676522, 0.000621387851425, 0.000563515059184, 0.00036821415415, 0.0004216406669, 0.00038415248855, 0.000275419268291, 0.000252248952165, 0.000256230850937, 0.000161186311743, 0.000103047736047, 7.20919269952e-05, 4.82282084704e-05, 1.9792245439e-05, 4.21355571234e-06], "dvar": [2.47412617682e-06, 0.000100771219877, 2.56051334873e-05, 3.88464432035e-05, 3.69919398509e-05, 1.03076263258e-06, 1.05450158117e-06, 9.48773788423e-07, 7.03326577423e-07, 1.43452609791e-06, 7.70982637732e-07, 4.58916332491e-07, 3.07680920741e-07, 6.87892111273e-07, 6.5531941118e-07, 2.71047582601e-07, 1.83581136071e-07, 2.13231658108e-07, 8.89603555265e-08, 7.44136343656e-08, 1.28767339902e-07, 3.89474053009e-08, 1.31595152553e-08, 5.71932989857e-09, 3.29373972541e-09, 7.67855723449e-10, 3.39825806384e-11], "dvar2": [4.63651485916e-06, 0.000266021554125, 7.19702220522e-05, 9.73978894763e-05, 9.81230405159e-05, 2.1978175937e-06, 2.02559749596e-06, 1.85986368706e-06, 1.38139523642e-06, 2.48071978604e-06, 1.59134935984e-06, 9.32841260237e-07, 6.2514328647e-07, 1.54800090968e-06, 1.49313359543e-06, 6.55594419641e-07, 4.58003455606e-07, 5.103629519e-07, 2.03251715902e-07, 1.75167457428e-07, 3.36443008564e-07, 9.29795547222e-08, 3.24194253665e-08, 1.23974333022e-08, 8.00736188467e-09, 2.0269717016e-09, 9.16640097159e-11], "max": [0.0192448347807, 0.111282669008, 0.0550345741212, 0.0607505589724, 0.0637585818768, 0.0318937115371, 0.0283311512321, 0.0413076877594, 0.0224078856409, 0.0366896018386, 0.0224593449384, 0.0195912644267, 0.0107656829059, 0.020126760006, 0.0221650768071, 0.0204771570861, 0.0111213531345, 0.0104939937592, 0.00787716917694, 0.00827112421393, 0.00520179467276, 0.0036749530118, 0.00164845923427, 0.000958286575042, 0.000846238923259, 0.000369717803551, 6.56216725474e-05], "mean": [0.00135585316457, 0.0107078123838, 0.00573104526848, 0.00402808655053, 0.00360114849173, 0.00116724229883, 0.000927055429202, 0.000815641251393, 0.00122268765699, 0.00106678321026, 0.00080876838183, 0.000661772501189, 0.000776321685407, 0.000750315608457, 0.000697193841916, 0.000462230702396, 0.000582354376093, 0.00049236236373, 0.000392679387005, 0.00033078159322, 0.000247074174695, 0.000180164191988, 0.000125211270642, 0.000105959778011, 6.01431056566e-05, 1.93455307453e-05, 2.14139777199e-06], "median": [0.000176537461812, 0.00802178494632, 0.00489380024374, 0.00201144441962, 0.000929736124817, 0.000540083623491, 0.000341421982739, 0.00023813554435, 0.000675162416883, 0.000378101569368, 0.000148538892972, 0.00022803126194, 0.000312507909257, 0.000360363541404, 0.000390000874177, 0.000309677416226, 0.000430468440754, 0.000319284357829, 0.000279279833194, 0.000239805347519, 0.000119456555694, 9.15441632969e-05, 6.47757697152e-05, 6.43548119115e-05, 3.48988760379e-05, 8.25529969006e-06, 1.78304418341e-07], "min": [7.12377265934e-26, 1.85140290201e-24, 1.60657972286e-24, 1.72072907914e-24, 9.86224595149e-24, 1.00423184415e-23, 2.49089141711e-24, 1.03443551383e-23, 1.12755360171e-23, 1.91846854296e-23, 5.01702558959e-24, 1.56140406485e-23, 2.42133881327e-23, 3.86999319774e-23, 3.76692189405e-23, 5.31185170329e-23, 6.49512665282e-23, 6.94614872459e-23, 1.64527783888e-22, 2.03008418845e-22, 2.84171679432e-22, 3.08395616213e-22, 4.16737823423e-22, 6.75669992856e-22, 9.20906678693e-22, 1.20127314555e-21, 1.964995414e-21], "var": [5.44704971617e-06, 0.000145750207594, 3.07998634526e-05, 3.82746075047e-05, 4.33978202636e-05, 3.93151503886e-06, 3.73451416635e-06, 2.71780186267e-06, 2.8625934192e-06, 6.08124810242e-06, 3.01317163576e-06, 1.60112506364e-06, 1.31747844989e-06, 1.46937873069e-06, 1.40097404255e-06, 4.77152127587e-07, 4.68164330414e-07, 4.16076318288e-07, 2.33719006815e-07, 1.62121295944e-07, 1.62077469668e-07, 6.69244784035e-08, 2.67596611536e-08, 1.54621364601e-08, 5.86084603071e-09, 9.23439158473e-10, 2.57638112233e-11]}, "erbbands": {"dmean": [0.162108972669, 1.14404034615, 3.06444597244, 5.73977184296, 12.3688907623, 6.61107873917, 3.35103559494, 4.57197761536, 5.70351600647, 7.28927087784, 6.72965526581, 10.0062360764, 16.8516368866, 13.050567627, 15.6521701813, 12.6419906616, 15.4334764481, 20.4576892853, 19.1011257172, 13.7069807053, 12.7575216293, 11.6162662506, 12.3849639893, 11.1517810822, 7.61539411545, 7.72649812698, 6.58504533768, 5.8374414444, 3.80945682526, 2.66312026978, 1.83425247669, 1.23461341858, 0.735056877136, 0.4371522367, 0.190674856305, 0.0693568363786, 0.0195420049131, 0.00463145598769, 0.000469900143798, 2.44331640715e-05], "dmean2": [0.226333275437, 1.99665021896, 5.33768463135, 9.55978012085, 20.7581062317, 11.5230302811, 5.57351112366, 6.8981461525, 8.40522575378, 10.4871006012, 9.51390457153, 13.9527292252, 22.8470821381, 18.4238815308, 22.4910469055, 18.0132770538, 22.3126792908, 30.3886146545, 29.9393863678, 21.5705871582, 20.1781253815, 18.3780384064, 19.5890197754, 17.533498764, 12.4286003113, 12.3944768906, 10.5907230377, 9.60972690582, 5.83256816864, 4.24822759628, 2.79510784149, 1.87447011471, 1.0782623291, 0.661948025227, 0.285140991211, 0.108156524599, 0.029688231647, 0.00737648271024, 0.000769825070165, 3.78771073883e-05], "dvar": [0.0989611968398, 6.74530601501, 36.7614097595, 95.2539291382, 937.319519043, 239.594726562, 63.4964065552, 110.471328735, 195.809768677, 435.861602783, 286.937957764, 300.925872803, 1259.43273926, 1255.51025391, 1172.36071777, 736.005126953, 660.874084473, 1847.11010742, 1714.41564941, 768.17956543, 581.948303223, 330.415802002, 554.260253906, 403.93081665, 174.431121826, 184.621353149, 195.690933228, 175.865585327, 55.9949378967, 21.5483627319, 9.81210803986, 4.30481719971, 1.30523812771, 0.539703369141, 0.132581248879, 0.021456502378, 0.0018028174527, 0.000137128168717, 1.09942902782e-06, 1.71155223327e-09], "dvar2": [0.176392525434, 19.1567516327, 102.019477844, 244.731842041, 2387.0859375, 665.34387207, 168.206054688, 211.458694458, 358.1925354, 865.452209473, 609.522644043, 567.521728516, 1960.09606934, 2484.03637695, 2447.35644531, 1373.04492188, 1304.87072754, 4028.35913086, 3913.93041992, 1768.26831055, 1393.58337402, 777.312805176, 1373.4588623, 916.075317383, 412.642028809, 449.585235596, 494.319366455, 461.326873779, 133.745162964, 53.9454460144, 23.428030014, 10.2527303696, 2.80223941803, 1.27949738503, 0.332266628742, 0.0566166043282, 0.00470729218796, 0.000367280590581, 2.94407323054e-06, 4.30411617458e-09], "max": [3.54404187202, 29.6529483795, 77.6771392822, 85.6194763184, 296.19934082, 201.67237854, 189.133636475, 379.662628174, 441.091949463, 875.323364258, 478.320892334, 579.403991699, 1439.50500488, 973.688293457, 981.530090332, 795.581420898, 537.289367676, 1115.04321289, 1151.22460938, 585.408203125, 770.36706543, 414.972167969, 677.057800293, 483.313201904, 359.158630371, 402.389221191, 231.856826782, 201.716552734, 150.212738037, 80.6823196411, 39.2279243469, 29.435377121, 13.2425346375, 9.01735591888, 7.74788284302, 2.56637024879, 0.463005274534, 0.117035962641, 0.0140412971377, 0.000571632466745], "mean": [0.316638737917, 2.28380203247, 7.02869606018, 10.050652504, 14.1886892319, 10.721871376, 7.5572977066, 11.3960676193, 13.0354623795, 18.2842712402, 15.8324747086, 24.4135856628, 39.4117622375, 29.856754303, 36.0428123474, 30.4587650299, 36.6110534668, 39.9419326782, 37.4341468811, 29.2941970825, 27.9869709015, 28.3630237579, 28.1288566589, 25.1669464111, 17.8493003845, 15.9627981186, 11.3695631027, 8.58742618561, 6.54566860199, 4.75542640686, 3.51161932945, 2.54423975945, 1.55545651913, 0.831571161747, 0.346873790026, 0.118472643197, 0.0272087734193, 0.00450928928331, 0.000421794189606, 5.7306868257e-05], "median": [0.0921608656645, 1.74502277374, 5.54932928085, 6.86532020569, 5.26536655426, 2.4329419136, 2.13610458374, 5.12641000748, 5.6180305481, 7.32404708862, 7.29456567764, 13.3383045197, 17.8313941956, 12.8192253113, 12.4325637817, 13.9796619415, 16.4132041931, 18.9721412659, 21.5862236023, 18.3712081909, 20.9020385742, 22.0164661407, 20.1812534332, 17.1832008362, 13.8318347931, 11.2221908569, 6.34684562683, 3.70295763016, 3.21643352509, 2.38695287704, 1.87267208099, 1.47053551674, 0.945642709732, 0.490440934896, 0.194089978933, 0.0573618113995, 0.0100195873529, 0.00082848907914, 6.40963335172e-05, 4.79250629724e-05], "min": [9.78654717457e-23, 5.79057023968e-22, 1.80563713028e-21, 6.52849996246e-21, 1.02240646545e-20, 2.29441645788e-20, 4.65555375632e-20, 1.16463915395e-19, 5.28226553184e-20, 1.21213754494e-19, 2.42686778411e-19, 3.52655012477e-19, 6.72658414442e-19, 6.38246253394e-19, 1.20005988081e-18, 1.08207931684e-18, 1.30735833775e-18, 1.69081631547e-18, 3.25319609044e-18, 2.94385494317e-18, 4.467499918e-18, 4.52292639572e-18, 5.19153565766e-18, 7.11177878783e-18, 8.75792941818e-18, 8.69783557386e-18, 1.00558155039e-17, 1.04164100027e-17, 1.15127469148e-17, 8.80599274767e-18, 1.09557623678e-17, 9.87423943332e-18, 1.1437605828e-17, 8.67008118277e-18, 6.53364240539e-18, 4.45441185276e-18, 2.35332656797e-18, 9.53936218657e-19, 2.54294810742e-19, 2.56138480005e-20], "var": [0.242033705115, 6.75419664383, 45.9019126892, 117.074081421, 791.242919922, 453.282806396, 267.510162354, 468.839782715, 719.051818848, 1315.82128906, 791.196228027, 1342.37121582, 6284.44824219, 4221.109375, 4142.41699219, 3192.87670898, 2974.26733398, 4381.93017578, 3717.40649414, 1771.05175781, 1266.26293945, 1035.56445312, 1116.41040039, 1117.70922852, 390.581481934, 384.82522583, 281.425262451, 215.848449707, 94.8808059692, 40.4585914612, 20.2909088135, 10.0454998016, 3.36194014549, 1.04181194305, 0.212949052453, 0.02888950333, 0.00206077750772, 0.000109593820525, 8.64202092998e-07, 2.17483742126e-09]}, "gfcc": {"mean": [-29.0740127563, 96.0875396729, -118.786384583, 41.0733795166, -44.8791809082, 22.1907520294, -27.7315711975, 13.6234483719, -20.404756546, -0.897392749786, -13.6626405716, -6.25569820404, -11.8926763535], "cov": [[44607.4726562, 1741.70361328, -1890.66381836, 2579.21801758, -1342.86206055, 1139.3248291, -1042.34375, 755.655273438, -630.014526367, -89.8155593872, -709.702392578, -226.689727783, -453.043060303], [1741.70361328, 1990.45007324, -656.760192871, -244.576217651, 99.4475631714, -293.517211914, 172.795623779, -36.5926246643, 79.1977005005, -149.18359375, 168.115341187, -148.598022461, 60.1266365051], [-1890.66381836, -656.760192871, 1019.35919189, 125.579666138, -46.8151283264, 199.364074707, -37.4013328552, 1.30447137356, 50.1983680725, 54.2125053406, -36.6918869019, 89.3579177856, -14.7375965118], [2579.21801758, -244.576217651, 125.579666138, 506.363525391, -58.3421897888, 143.034561157, -94.101348877, 60.4461097717, 25.2194671631, 38.5018692017, -52.2385673523, 15.6578474045, -1.76734471321], [-1342.86206055, 99.4475631714, -46.8151283264, -58.3421897888, 242.516815186, -46.5616760254, 64.2104644775, 0.272384375334, 64.3858718872, 14.3956241608, 55.5587844849, -12.40558815, 21.8597068787], [1139.3248291, -293.517211914, 199.364074707, 143.034561157, -46.5616760254, 319.337158203, -9.22714519501, 52.140335083, -15.0425424576, 45.5145072937, -26.2493114471, 20.5660190582, -33.4687995911], [-1042.34375, 172.795623779, -37.4013328552, -94.101348877, 64.2104644775, -9.22714519501, 178.397949219, -6.94563055038, 33.2302398682, -10.7547473907, 54.5777435303, -17.7441310883, 27.2295951843], [755.655273438, -36.5926246643, 1.30447137356, 60.4461097717, 0.272384375334, 52.140335083, -6.94563055038, 126.794090271, 34.5637512207, 15.2381467819, -2.28699207306, 7.58277130127, -8.39813232422], [-630.014526367, 79.1977005005, 50.1983680725, 25.2194671631, 64.3858718872, -15.0425424576, 33.2302398682, 34.5637512207, 130.485229492, 32.0145492554, 40.4836196899, -4.20931959152, 27.6242465973], [-89.8155593872, -149.18359375, 54.2125053406, 38.5018692017, 14.3956241608, 45.5145072937, -10.7547473907, 15.2381467819, 32.0145492554, 83.5696334839, 17.2946624756, 12.1311407089, -5.22540712357], [-709.702392578, 168.115341187, -36.6918869019, -52.2385673523, 55.5587844849, -26.2493114471, 54.5777435303, -2.28699207306, 40.4836196899, 17.2946624756, 113.422164917, 16.944984436, 16.7626571655], [-226.689727783, -148.598022461, 89.3579177856, 15.6578474045, -12.40558815, 20.5660190582, -17.7441310883, 7.58277130127, -4.20931959152, 12.1311407089, 16.944984436, 75.4648513794, 17.9730300903], [-453.043060303, 60.1266365051, -14.7375965118, -1.76734471321, 21.8597068787, -33.4687995911, 27.2295951843, -8.39813232422, 27.6242465973, -5.22540712357, 16.7626571655, 17.9730300903, 63.5929870605]], "icov": [[0.000136044312967, -0.000361809739843, 0.000249827688094, -0.000593990960624, 0.000329756469, -0.000358307006536, 0.000287744711386, -0.000493682338856, 0.000502776296344, -0.000357899058145, 0.000654870353173, -0.000400935910875, 0.000555225124117], [-0.000361809739843, 0.0021221532952, -0.000276323669823, 0.00166130275466, -0.000560369808227, 0.00111381919123, -0.000715309754014, 0.00128442619462, -0.00201492966153, 0.00292701064609, -0.00371134513989, 0.00314184650779, -0.00214108917862], [0.000249827688094, -0.000276323669823, 0.00204390496947, -0.00108102359809, 0.000843206304125, -0.00138058245648, 0.000376816256903, 3.09820134134e-05, -0.000860715226736, 4.6740839025e-05, 0.00157739047427, -0.00225377990864, 0.00190990592819], [-0.000593990960624, 0.00166130275466, -0.00108102359809, 0.00540183112025, -0.00111967523117, 0.000419553776737, 0.000202508032089, 0.00155508727767, -0.00310902763158, 0.00136071420275, -0.0023450111039, 0.00226378138177, -0.0037377870176], [0.000329756469, -0.000560369808227, 0.000843206304125, -0.00111967523117, 0.00631105108187, -0.000483472831547, -0.00022218155209, -0.00103091506753, -0.00090492219897, -0.000946564949118, -0.000167143589351, 0.000276010920061, 0.000859855965246], [-0.000358307006536, 0.00111381919123, -0.00138058245648, 0.000419553776737, -0.000483472831547, 0.0060581243597, -0.00240801088512, -0.000385511055356, 0.000394941016566, -0.00109662034083, -0.00150596653111, 0.000869223091286, 0.000310346018523], [0.000287744711386, -0.000715309754014, 0.000376816256903, 0.000202508032089, -0.00022218155209, -0.00240801088512, 0.00952037330717, -0.00122043327428, 0.000555022445042, 0.0011398489587, -0.00236192508601, 0.00303949252702, -0.0029933040496], [-0.000493682338856, 0.00128442619462, 3.09820134134e-05, 0.00155508727767, -0.00103091506753, -0.000385511055356, -0.00122043327428, 0.0122445868328, -0.00647847773507, 0.0020301034674, -0.000957533309702, -0.00168163736816, 0.00131869851612], [0.000502776296344, -0.00201492966153, -0.000860715226736, -0.00310902763158, -0.00090492219897, 0.000394941016566, 0.000555022445042, -0.00647847773507, 0.0170889496803, -0.00703083816916, -0.000288528506644, 0.00285812001675, -0.00410597026348], [-0.000357899058145, 0.00292701064609, 4.6740839025e-05, 0.00136071420275, -0.000946564949118, -0.00109662034083, 0.0011398489587, 0.0020301034674, -0.00703083816916, 0.0205406919122, -0.00725386338308, 0.00243932334706, 0.000224337709369], [0.000654870353173, -0.00371134513989, 0.00157739047427, -0.0023450111039, -0.000167143589351, -0.00150596653111, -0.00236192508601, -0.000957533309702, -0.000288528506644, -0.00725386338308, 0.0207729581743, -0.01174085401, 0.00599651038647], [-0.000400935910875, 0.00314184650779, -0.00225377990864, 0.00226378138177, 0.000276010920061, 0.000869223091286, 0.00303949252702, -0.00168163736816, 0.00285812001675, 0.00243932334706, -0.01174085401, 0.0266034509987, -0.0129123739898], [0.000555225124117, -0.00214108917862, 0.00190990592819, -0.0037377870176, 0.000859855965246, 0.000310346018523, -0.0029933040496, 0.00131869851612, -0.00410597026348, 0.000224337709369, 0.00599651038647, -0.0129123739898, 0.0272379759699]]}, "melbands": {"dmean": [0.00131777627394, 0.00154130160809, 0.0012735259952, 0.000665261119138, 0.000142509583384, 9.93556823232e-05, 8.77362908795e-05, 8.01424612291e-05, 5.57366256544e-05, 7.0713016612e-05, 8.50295546115e-05, 5.38478670933e-05, 5.29022036062e-05, 4.34383800894e-05, 3.46495471604e-05, 3.13871096296e-05, 4.03878584621e-05, 3.15645556839e-05, 2.26128067879e-05, 1.86744837265e-05, 1.63410441019e-05, 1.29134796225e-05, 1.3304438653e-05, 1.47951168401e-05, 9.53164908424e-06, 6.21381923338e-06, 5.85857196711e-06, 5.41363715456e-06, 4.30618092651e-06, 3.81499148716e-06, 3.52782194568e-06, 2.28596854868e-06, 1.94196286429e-06, 1.37904714848e-06, 1.1341624031e-06, 1.04493256003e-06, 6.80084838223e-07, 5.26742837792e-07, 5.13332622631e-07, 3.43277264392e-07], "dmean2": [0.00200445903465, 0.00267666601576, 0.00212267134339, 0.00111845158972, 0.000241231449763, 0.000150507476064, 0.000128525789478, 0.000114926107926, 7.85333832027e-05, 9.92639616015e-05, 0.000115536728117, 7.66159573686e-05, 7.54989741836e-05, 6.20650826022e-05, 5.0373848353e-05, 4.60826086055e-05, 6.03762418905e-05, 4.95968888572e-05, 3.52667630068e-05, 2.96284870274e-05, 2.6108829843e-05, 2.0373154257e-05, 2.16504286072e-05, 2.35741408687e-05, 1.5092531612e-05, 1.00233410194e-05, 9.59984663496e-06, 8.79326398717e-06, 6.96845654602e-06, 6.2582321334e-06, 5.87788099438e-06, 3.52648407898e-06, 3.13927830575e-06, 2.20416586671e-06, 1.76223943527e-06, 1.62844241913e-06, 1.0396779544e-06, 7.65892139043e-07, 7.8698053585e-07, 5.30925717612e-07], "dvar": [6.71053794576e-06, 1.01222804005e-05, 6.29137457508e-06, 2.52726135841e-06, 1.13038161942e-07, 4.79797321873e-08, 4.48563888256e-08, 5.34493516113e-08, 1.93966034345e-08, 1.21028023159e-08, 3.14053743011e-08, 2.36436097367e-08, 1.46179557348e-08, 7.2413315344e-09, 3.13497650062e-09, 2.32168062553e-09, 8.30477908664e-09, 4.23555590601e-09, 3.15217496549e-09, 2.02955652284e-09, 8.07925393254e-10, 4.98420638095e-10, 4.56494092527e-10, 8.19118939344e-10, 3.24345605929e-10, 1.1831624569e-10, 1.04414761559e-10, 9.47389180994e-11, 7.54602144659e-11, 9.63266688636e-11, 5.66543860436e-11, 2.27902505895e-11, 1.19375681215e-11, 5.79342563506e-12, 3.69648192264e-12, 4.16408183976e-12, 1.17261647441e-12, 6.22751904298e-13, 7.51173483225e-13, 3.40056731689e-13], "dvar2": [1.52449292727e-05, 2.81930770143e-05, 1.58214879775e-05, 6.53330016576e-06, 3.04484728986e-07, 9.44711544548e-08, 8.16210388166e-08, 1.05216862778e-07, 4.34061959709e-08, 2.32658106114e-08, 4.89985971797e-08, 4.6541309473e-08, 3.0078126656e-08, 1.48644980769e-08, 6.39468789032e-09, 4.79499195905e-09, 1.83918960062e-08, 9.84959935835e-09, 7.24230631022e-09, 4.89297979911e-09, 1.98817162733e-09, 1.18601328758e-09, 1.15872722528e-09, 2.03128114329e-09, 7.47697737058e-10, 2.79932937941e-10, 2.52980802973e-10, 2.36818453736e-10, 1.90666996081e-10, 2.55674259542e-10, 1.48616605133e-10, 5.51695356066e-11, 2.97244728831e-11, 1.46210665103e-11, 8.92519391726e-12, 1.08629945317e-11, 2.67357923994e-12, 1.32189214002e-12, 1.79012468911e-12, 8.33219452635e-13], "max": [0.0294208191335, 0.0421830900013, 0.0230015181005, 0.0172451548278, 0.00848350301385, 0.00761712575331, 0.00656956853345, 0.0104824136943, 0.00374574353918, 0.00310217682272, 0.00711644627154, 0.00429845461622, 0.00295266811736, 0.0024383328855, 0.000988923828118, 0.000963664555456, 0.00249623111449, 0.00181815389078, 0.00190127838869, 0.0017793456791, 0.000867416441906, 0.000508476630785, 0.000455300731119, 0.000729918072466, 0.000460488663521, 0.000316335819662, 0.000369419227354, 0.000222089700401, 0.000151166474097, 0.000137346054544, 0.000105888859252, 0.000107271422166, 5.26584553882e-05, 4.1820032493e-05, 2.7272335501e-05, 3.10302129947e-05, 1.46522652358e-05, 9.1547408374e-06, 1.2994327335e-05, 8.0036052168e-06], "mean": [0.00283950101584, 0.00358570134267, 0.00196188944392, 0.000893117452506, 0.000314978708047, 0.000241575864493, 0.000204188152566, 0.000199085523491, 0.000128222149215, 0.000166187310242, 0.000195221466129, 0.000115866037959, 0.000119873577205, 9.16116478038e-05, 7.94460356701e-05, 6.98803341947e-05, 7.44670614949e-05, 5.82799912081e-05, 4.4304473704e-05, 3.53285759047e-05, 3.27267989633e-05, 2.92273216473e-05, 2.75365691778e-05, 2.69599840976e-05, 1.95568445633e-05, 1.34676220114e-05, 1.21943930935e-05, 1.00876022771e-05, 7.4350846262e-06, 5.52522487851e-06, 4.88095520268e-06, 3.76503794541e-06, 3.19944842886e-06, 2.39717678596e-06, 2.03226613849e-06, 1.9142732981e-06, 1.37594065563e-06, 1.09887969302e-06, 9.39373933306e-07, 6.23886876383e-07], "median": [0.00164956785738, 0.00284515973181, 0.00123758637346, 0.000279808649793, 7.47052399674e-05, 0.000106726009108, 8.80676670931e-05, 7.78188186814e-05, 6.09930066275e-05, 9.44976345636e-05, 8.64670728333e-05, 4.4457243348e-05, 3.1091614801e-05, 3.35324075422e-05, 3.06058936985e-05, 3.13067575917e-05, 3.21719999192e-05, 3.19353421219e-05, 2.63076799456e-05, 2.03665476874e-05, 2.334441524e-05, 2.08260426007e-05, 1.97001172637e-05, 1.65257915796e-05, 1.21893981486e-05, 9.77105446509e-06, 9.29441011976e-06, 6.5080580498e-06, 4.14078203903e-06, 2.22803419092e-06, 2.02349838219e-06, 1.74510455508e-06, 1.67859457179e-06, 1.1385268408e-06, 1.02959938886e-06, 1.06127970412e-06, 7.74893351263e-07, 6.64992455768e-07, 5.44240094769e-07, 3.53983068635e-07], "min": [1.15839451323e-24, 9.143253865e-25, 1.74089828033e-24, 2.21810647153e-24, 1.98419639414e-24, 2.6402438885e-24, 7.04384354679e-25, 1.47393532545e-24, 2.30799756611e-24, 1.33580962664e-24, 3.04358768047e-24, 2.38929697935e-24, 2.45834104401e-24, 3.07030679376e-24, 2.41609912025e-24, 2.32607194717e-24, 2.72022472074e-24, 3.96271535634e-24, 3.0634853163e-24, 3.01440436293e-24, 3.95737792346e-24, 3.42026225461e-24, 3.72399184693e-24, 2.89980456708e-24, 4.6639144879e-24, 5.69976813698e-24, 4.88693335442e-24, 4.35491451588e-24, 6.21616752959e-24, 5.89719122813e-24, 5.42967241822e-24, 6.22873368938e-24, 6.08645828638e-24, 3.86827411206e-24, 5.60020915757e-24, 6.18708814447e-24, 5.19381050174e-24, 7.64292463417e-24, 6.73300750101e-24, 6.10525171416e-24], "var": [1.30197995531e-05, 1.17772251542e-05, 6.21872186457e-06, 2.64998629973e-06, 5.24921119904e-07, 2.00397110461e-07, 1.66405456525e-07, 1.54199355507e-07, 5.0244196359e-08, 5.18758476176e-08, 1.56147450525e-07, 7.76053425966e-08, 5.96861724489e-08, 2.4385153452e-08, 1.37450797411e-08, 9.05331010159e-09, 1.8125097867e-08, 8.919442962e-09, 6.15425488348e-09, 3.4279528105e-09, 1.71788983039e-09, 1.39288114376e-09, 1.06572506375e-09, 1.37821587476e-09, 8.33837998648e-10, 2.52385473631e-10, 2.09775599669e-10, 1.75148950898e-10, 1.11567491357e-10, 1.0781790738e-10, 6.84941756091e-11, 3.54107021483e-11, 1.99109565641e-11, 1.07328607807e-11, 7.07712144096e-12, 7.10203510584e-12, 2.91783329269e-12, 1.6899579609e-12, 1.37667080426e-12, 6.1345058807e-13]}, "mfcc": {"mean": [-648.219116211, 113.863952637, -3.14369654655, 24.8826351166, 10.2368965149, 9.33530044556, 8.4873790741, 11.0503644943, 3.50137114525, 8.00301074982, 3.30548095703, 0.364664018154, -2.92974472046], "cov": [[20945.1367188, 1524.19885254, -334.65423584, 1226.59216309, 539.723388672, 499.198547363, 96.4028244019, 312.8699646, 127.980033875, 199.711074829, 2.67885422707, -29.5407581329, -93.4123306274], [1524.19885254, 1541.54992676, -273.35458374, 82.2156295776, 28.9687862396, -85.2108383179, 79.25, 87.5743179321, -42.1938171387, 90.2510910034, 63.2949371338, -15.6749534607, 9.00911617279], [-334.65423584, -273.35458374, 690.49005127, 17.5539417267, -37.9441604614, 135.222061157, -24.8219947815, 20.6716537476, 36.9194145203, -31.510011673, 5.21778011322, -7.4497795105, -7.18137788773], [1226.59216309, 82.2156295776, 17.5539417267, 324.761138916, 88.2955245972, 24.1956539154, -36.2975578308, 16.4627113342, 40.2459373474, 16.3632545471, 10.2449150085, 13.7561922073, 2.60861349106], [539.723388672, 28.9687862396, -37.9441604614, 88.2955245972, 154.910400391, 22.9924259186, -17.1845626831, 15.457649231, 23.9569149017, 31.8096446991, 21.2924404144, 13.201874733, 10.785700798], [499.198547363, -85.2108383179, 135.222061157, 24.1956539154, 22.9924259186, 188.673843384, 39.6797828674, 15.8861656189, 29.2571544647, 13.1912565231, 19.5601234436, 17.8765907288, -12.2286224365], [96.4028244019, 79.25, -24.8219947815, -36.2975578308, -17.1845626831, 39.6797828674, 113.153938293, 38.4696273804, -8.05059909821, 14.9557304382, 19.8465709686, 5.15921545029, -6.90713453293], [312.8699646, 87.5743179321, 20.6716537476, 16.4627113342, 15.457649231, 15.8861656189, 38.4696273804, 93.7220153809, 27.469335556, 14.4717912674, 20.1045150757, -2.79071998596, 2.0012075901], [127.980033875, -42.1938171387, 36.9194145203, 40.2459373474, 23.9569149017, 29.2571544647, -8.05059909821, 27.469335556, 87.7395706177, 34.3254203796, 7.60283136368, 2.00692367554, -9.63341236115], [199.711074829, 90.2510910034, -31.510011673, 16.3632545471, 31.8096446991, 13.1912565231, 14.9557304382, 14.4717912674, 34.3254203796, 93.1582260132, 47.2072982788, 3.0141658783, -5.75172758102], [2.67885422707, 63.2949371338, 5.21778011322, 10.2449150085, 21.2924404144, 19.5601234436, 19.8465709686, 20.1045150757, 7.60283136368, 47.2072982788, 84.9132843018, 24.3314170837, -1.31436693668], [-29.5407581329, -15.6749534607, -7.4497795105, 13.7561922073, 13.201874733, 17.8765907288, 5.15921545029, -2.79071998596, 2.00692367554, 3.0141658783, 24.3314170837, 70.2434539795, 29.1722831726], [-93.4123306274, 9.00911617279, -7.18137788773, 2.60861349106, 10.785700798, -12.2286224365, -6.90713453293, 2.0012075901, -9.63341236115, -5.75172758102, -1.31436693668, 29.1722831726, 66.8697738647]], "icov": [[8.06656898931e-05, -5.43030510016e-05, 6.48718923912e-05, -0.000258844200289, -7.89421392255e-05, -0.000272981240414, 6.47090491839e-05, -0.000246651325142, 0.000196084452909, -0.000155782938236, 0.000260713859461, 5.24293545823e-06, 0.000131628519739], [-5.43030510016e-05, 0.000910252856556, 0.000191756014829, -0.00018767156871, 0.000214529005461, 0.000459135946585, -0.000304615765344, -0.000707930827048, 0.000824769609608, -0.000831107492559, -0.000278796622297, 0.000269114912953, -0.000207046614378], [6.48718923912e-05, 0.000191756014829, 0.00212421896867, -0.000345477688825, 0.00090599100804, -0.00191242573783, 0.00125603983179, -0.000991511624306, -0.000234532257309, 0.000794249470346, -0.000785529089626, 0.000973433896434, -0.00043563338113], [-0.000258844200289, -0.00018767156871, -0.000345477688825, 0.00488300062716, -0.00170808669645, 0.000527222524397, 0.00110099615995, 0.000520660134498, -0.00192916835658, 0.0011150687933, -0.000715506263077, -0.000783396826591, 5.18571905559e-05], [-7.89421392255e-05, 0.000214529005461, 0.00090599100804, -0.00170808669645, 0.0091968216002, -0.00146515993401, 0.00234463927336, -0.00149267818779, 9.54027655098e-06, -0.0020923668053, -0.00102750142105, -1.94891126739e-05, -0.00163001636975], [-0.000272981240414, 0.000459135946585, -0.00191242573783, 0.000527222524397, -0.00146515993401, 0.00919180363417, -0.00437130173668, 0.00202385359444, -0.00243267253973, 0.000491606013384, -0.000894034339581, -0.00218990654685, 0.00136562879197], [6.47090491839e-05, -0.000304615765344, 0.00125603983179, 0.00110099615995, 0.00234463927336, -0.00437130173668, 0.0147493975237, -0.00713405618444, 0.00439034681767, -0.00263350014575, 0.000274433958111, -0.00173606339376, 0.00195153465029], [-0.000246651325142, -0.000707930827048, -0.000991511624306, 0.000520660134498, -0.00149267818779, 0.00202385359444, -0.00713405618444, 0.0181253962219, -0.00826493278146, 0.00467786565423, -0.00521414121613, 0.00389091437683, -0.00363265699707], [0.000196084452909, 0.000824769609608, -0.000234532257309, -0.00192916835658, 9.54027655098e-06, -0.00243267253973, 0.00439034681767, -0.00826493278146, 0.0202789437026, -0.0101788295433, 0.00597232766449, -0.0033192972187, 0.00407865550369], [-0.000155782938236, -0.000831107492559, 0.000794249470346, 0.0011150687933, -0.0020923668053, 0.000491606013384, -0.00263350014575, 0.00467786565423, -0.0101788295433, 0.0220222193748, -0.0123395072296, 0.0046720309183, -0.00190138211474], [0.000260713859461, -0.000278796622297, -0.000785529089626, -0.000715506263077, -0.00102750142105, -0.000894034339581, 0.000274433958111, -0.00521414121613, 0.00597232766449, -0.0123395072296, 0.0227908007801, -0.00923460535705, 0.00480756722391], [5.24293545823e-06, 0.000269114912953, 0.000973433896434, -0.000783396826591, -1.94891126739e-05, -0.00218990654685, -0.00173606339376, 0.00389091437683, -0.0033192972187, 0.0046720309183, -0.00923460535705, 0.0230112597346, -0.010883545503], [0.000131628519739, -0.000207046614378, -0.00043563338113, 5.18571905559e-05, -0.00163001636975, 0.00136562879197, 0.00195153465029, -0.00363265699707, 0.00407865550369, -0.00190138211474, 0.00480756722391, -0.010883545503, 0.021206876263]]}, "spectral_contrast_coeffs": {"dmean": [0.0467548407614, 0.0394355617464, 0.0357643924654, 0.0301792491227, 0.0218912046403, 0.0186963211745], "dmean2": [0.0766824930906, 0.0640193745494, 0.056246060878, 0.0475137196481, 0.0347028486431, 0.0298388730735], "dvar": [0.00177727686241, 0.0011397782946, 0.000869398005307, 0.00062991672894, 0.000391417212086, 0.000387694133678], "dvar2": [0.00449239090085, 0.002808857942, 0.00209445413202, 0.00147082505282, 0.000860619707964, 0.000936666503549], "max": [-0.28838455677, -0.434002399445, -0.490416169167, -0.556248009205, -0.556516766548, -0.584170460701], "mean": [-0.637150108814, -0.731746912003, -0.731722652912, -0.756601631641, -0.779872715473, -0.771937012672], "median": [-0.629881024361, -0.732721745968, -0.729988336563, -0.75443482399, -0.781401693821, -0.767625927925], "min": [-0.97456997633, -0.979300379753, -0.978753626347, -0.968801736832, -0.967219829559, -0.963979899883], "var": [0.00955417007208, 0.00662183202803, 0.00505613721907, 0.00384856527671, 0.00264384108596, 0.00234848773107]}, "spectral_contrast_valleys": {"dmean": [0.360292643309, 0.331938177347, 0.290743172169, 0.264657706022, 0.239985227585, 0.302088022232], "dmean2": [0.589860379696, 0.550290703773, 0.469895035028, 0.411403596401, 0.353508174419, 0.410017549992], "dvar": [0.108080253005, 0.101401656866, 0.0842953175306, 0.0816834643483, 0.0961011126637, 0.162632912397], "dvar2": [0.255204856396, 0.234617382288, 0.178072735667, 0.152757674456, 0.165251597762, 0.317418843508], "max": [-5.05802774429, -5.01325893402, -5.37362957001, -5.79110956192, -5.53667831421, -8.