{"lowlevel": {"average_loudness": 0.923452734947, "barkbands_crest": {"dmean": 1.7779083252, "dmean2": 2.93031048775, "dvar": 3.52682900429, "dvar2": 9.75019550323, "max": 25.3226909637, "mean": 9.17803859711, "median": 8.90847682953, "min": 2.5780916214, "var": 7.84562015533}, "barkbands_flatness_db": {"dmean": 0.019774582237, "dmean2": 0.0299531426281, "dvar": 0.000469872582471, "dvar2": 0.00114175700583, "max": 0.511896431446, "mean": 0.161671608686, "median": 0.158654302359, "min": 0.0307632498443, "var": 0.00209270045161}, "barkbands_kurtosis": {"dmean": 3.27057886124, "dmean2": 5.03396224976, "dvar": 23.659160614, "dvar2": 58.4388008118, "max": 98.9623184204, "mean": 5.72629594803, "median": 3.58994293213, "min": -1.82836520672, "var": 51.5431938171}, "barkbands_skewness": {"dmean": 0.502990484238, "dmean2": 0.754593610764, "dvar": 0.256545096636, "dvar2": 0.609692275524, "max": 8.89706802368, "mean": 1.85622930527, "median": 1.76931548119, "min": -1.97984480858, "var": 1.15973722935}, "barkbands_spread": {"dmean": 4.67659187317, "dmean2": 7.10101556778, "dvar": 35.8210868835, "dvar2": 83.1187973022, "max": 85.1444473267, "mean": 17.265663147, "median": 13.8321990967, "min": 1.15342915058, "var": 168.360748291}, "dissonance": {"dmean": 0.0248630624264, "dmean2": 0.0413898788393, "dvar": 0.000596941623371, "dvar2": 0.00153861125, "max": 0.499948501587, "mean": 0.442254066467, "median": 0.453170776367, "min": 0.248783409595, "var": 0.00172032660339}, "dynamic_complexity": 3.26189017296, "erbbands_crest": {"dmean": 2.50016617775, "dmean2": 3.87401676178, "dvar": 5.45448112488, "dvar2": 12.6040010452, "max": 29.7449531555, "mean": 8.59922027588, "median": 7.61886501312, "min": 2.78337359428, "var": 16.6697330475}, "erbbands_flatness_db": {"dmean": 0.0140656866133, "dmean2": 0.020641066134, "dvar": 0.000287768867565, "dvar2": 0.000667698914185, "max": 0.588250815868, "mean": 0.16423240304, "median": 0.160629764199, "min": 0.0693820640445, "var": 0.00171271082945}, "erbbands_kurtosis": {"dmean": 0.944178283215, "dmean2": 1.46884047985, "dvar": 1.53468573093, "dvar2": 3.44305038452, "max": 17.6698131561, "mean": 0.676313221455, "median": 0.0692558288574, "min": -1.69966614246, "var": 3.74393606186}, "erbbands_skewness": {"dmean": 0.336601704359, "dmean2": 0.511820971966, "dvar": 0.0948256999254, "dvar2": 0.225567802787, "max": 3.30904173851, "mean": 0.533192276955, "median": 0.55468159914, "min": -2.31657075882, "var": 0.443990200758}, "erbbands_spread": {"dmean": 8.33357429504, "dmean2": 12.2197465897, "dvar": 99.3746109009, "dvar2": 215.289245605, "max": 126.761474609, "mean": 40.0043258667, "median": 34.7462005615, "min": 1.98327314854, "var": 427.641998291}, "hfc": {"dmean": 4.38874340057, "dmean2": 6.49446058273, "dvar": 42.7053794861, "dvar2": 87.9236526489, "max": 71.8238525391, "mean": 15.3736572266, "median": 12.9186344147, "min": 1.16578269496e-16, "var": 124.166114807}, "melbands_crest": {"dmean": 2.0047287941, "dmean2": 3.2907781601, "dvar": 4.8981552124, "dvar2": 13.7616605759, "max": 27.4931583405, "mean": 11.3491487503, "median": 10.4383249283, "min": 2.04702329636, "var": 14.4340114594}, "melbands_flatness_db": {"dmean": 0.024550229311, "dmean2": 0.0368946678936, "dvar": 0.000661040248815, "dvar2": 0.00152341625653, "max": 0.531970381737, "mean": 0.230033114552, "median": 0.231952473521, "min": 0.00546399923041, "var": 0.00360897113569}, "melbands_kurtosis": {"dmean": 7.81972694397, "dmean2": 12.1033143997, "dvar": 173.198394775, "dvar2": 433.848175049, "max": 240.169891357, "mean": 16.1101207733, "median": 10.190114975, "min": -1.56005883217, "var": 357.92578125}, "melbands_skewness": {"dmean": 0.699623227119, "dmean2": 1.04406833649, "dvar": 0.581794261932, "dvar2": 1.33846402168, "max": 11.3750991821, "mean": 2.91420149803, "median": 2.58572602272, "min": -0.764961779118, "var": 2.49991607666}, "melbands_spread": {"dmean": 5.04788827896, "dmean2": 7.77219295502, "dvar": 59.0613059998, "dvar2": 135.698501587, "max": 160.014328003, "mean": 17.2203445435, "median": 13.3346767426, "min": 1.36588430405, "var": 295.354797363}, "pitch_salience": {"dmean": 0.0592658817768, "dmean2": 0.095056720078, "dvar": 0.00326513056643, "dvar2": 0.00892767123878, "max": 0.90360969305, "mean": 0.61160326004, "median": 0.623700618744, "min": 0.129994183779, "var": 0.00817852374166}, "silence_rate_20dB": {"dmean": 0, "dmean2": 0, "dvar": 0, "dvar2": 0, "max": 1, "mean": 1, "median": 1, "min": 1, "var": 0}, "silence_rate_30dB": {"dmean": 0.0236742421985, "dmean2": 0.0473709143698, "dvar": 0.0231139119714, "dvar2": 0.0546007081866, "max": 1, "mean": 0.978229999542, "median": 1, "min": 0, "var": 0.0212957244366}, "silence_rate_60dB": {"dmean": 0.00284090917557, "dmean2": 0.00568450987339, "dvar": 0.00283287325874, "dvar2": 0.00565230660141, "max": 1, "mean": 0.0743019431829, "median": 0, "min": 0, "var": 0.068780399859}, "spectral_centroid": {"dmean": 176.619766235, "dmean2": 267.110748291, "dvar": 54878.1953125, "dvar2": 87836.5703125, "max": 10254.3681641, "mean": 923.817687988, "median": 771.584838867, "min": 250.957839966, "var": 405556.625}, "spectral_complexity": {"dmean": 2.44602274895, "dmean2": 3.87588810921, "dvar": 7.00656843185, "dvar2": 15.1149930954, "max": 38, "mean": 14.4354000092, "median": 14, "min": 0, "var": 44.8109207153}, "spectral_decrease": {"dmean": 2.20977436349e-09, "dmean2": 3.42817951804e-09, "dvar": 1.95572380177e-17, "dvar2": 4.5760101325e-17, "max": -1.45192999705e-29, "mean": -7.822882786e-09, "median": -6.52479181795e-09, "min": -6.26308747087e-08, "var": 4.35690653185e-17}, "spectral_energy": {"dmean": 0.00864304509014, "dmean2": 0.0133717833087, "dvar": 0.000287655624561, "dvar2": 0.000670649111271, "max": 0.241037085652, "mean": 0.0309197474271, "median": 0.0259771030396, "min": 1.06287991199e-20, "var": 0.000656084856018}, "spectral_energyband_high": {"dmean": 0.000286435359158, "dmean2": 0.000391596084228, "dvar": 3.24682474684e-07, "dvar2": 6.97553048212e-07, "max": 0.00502062961459, "mean": 0.000561139488127, "median": 0.000200640264666, "min": 7.40723921111e-21, "var": 6.28119892099e-07}, "spectral_energyband_low": {"dmean": 0.0055476767011, "dmean2": 0.00947898905724, "dvar": 0.000258206331637, "dvar2": 0.000733403197955, "max": 0.191029310226, "mean": 0.01033054851, "median": 0.0063020545058, "min": 7.99793760061e-23, "var": 0.000255086401012}, "spectral_energyband_middle_high": {"dmean": 0.0012422746513, "dmean2": 0.00189841457177, "dvar": 2.71572844213e-06, "dvar2": 5.64924175706e-06, "max": 0.0182804018259, "mean": 0.00312380143441, "median": 0.00250199111179, "min": 1.58873213773e-21, "var": 7.5451612247e-06}, "spectral_energyband_middle_low": {"dmean": 0.00555934384465, "dmean2": 0.00903123151511, "dvar": 0.000108555432234, "dvar2": 0.000281512737274, "max": 0.141755208373, "mean": 0.0192564874887, "median": 0.0169139709324, "min": 3.29386662164e-22, "var": 0.000234605104197}, "spectral_entropy": {"dmean": 0.180152833462, "dmean2": 0.277043044567, "dvar": 0.0380363948643, "dvar2": 0.0897228047252, "max": 9.79293823242, "mean": 7.17116832733, "median": 7.13373708725, "min": 5.7903175354, "var": 0.313113212585}, "spectral_flux": {"dmean": 0.0189012028277, "dmean2": 0.029287956655, "dvar": 0.000708202773239, "dvar2": 0.00154995534103, "max": 0.37629622221, "mean": 0.0687942802906, "median": 0.0525199770927, "min": 1.03096066406e-10, "var": 0.00266927457415}, "spectral_kurtosis": {"dmean": 1.9043905735, "dmean2": 3.09148263931, "dvar": 6.53633451462, "dvar2": 17.6137046814, "max": 40.4494018555, "mean": 5.53100919724, "median": 4.4337310791, "min": -1.22013449669, "var": 20.4178962708}, "spectral_rms": {"dmean": 0.000633800926153, "dmean2": 0.000968802894931, "dvar": 9.18340674616e-07, "dvar2": 2.08270898838e-06, "max": 0.015334866941, "mean": 0.00506235845387, "median": 0.00503423437476, "min": 3.22018019888e-12, "var": 4.53813299828e-06}, "spectral_rolloff": {"dmean": 327.585998535, "dmean2": 536.484985352, "dvar": 394124.375, "dvar2": 745674.4375, "max": 19013.8183594, "mean": 1066.95690918, "median": 689.0625, "min": 86.1328125, "var": 2058813.5}, "spectral_skewness": {"dmean": 0.248050808907, "dmean2": 0.385228663683, "dvar": 0.0840772911906, "dvar2": 0.194986581802, "max": 4.74693965912, "mean": 1.81824064255, "median": 1.75836122036, "min": 0.0660029947758, "var": 0.501691222191}, "spectral_spread": {"dmean": 445219.46875, "dmean2": 668581.375, "dvar": 811415371776, "dvar2": 1076786298880.0, "max": 40326984, "mean": 4261121.5, "median": 3991556.5, "min": 1075090.375, "var": 2255522103300.0}, "spectral_strongpeak": {"dmean": 0.371132701635, "dmean2": 0.642813146114, "dvar": 0.264956533909, "dvar2": 0.627460598946, "max": 5.57754325867, "mean": 0.681067585945, "median": 0.428527832031, "min": 0, "var": 0.49009475112}, "zerocrossingrate": {"dmean": 0.00881403125823, "dmean2": 0.010255987756, "dvar": 0.000120936638268, "dvar2": 0.000128273735754, "max": 0.53173828125, "mean": 0.0499713011086, "median": 0.041015625, "min": 0.00634765625, "var": 0.00146909686737}, "barkbands": {"dmean": [3.82453208658e-06, 0.000762623443734, 0.00413780706003, 0.00209074304439, 0.00377759430557, 0.000737734837458, 0.000278255436569, 0.000554423604626, 0.000946275191382, 0.000415350979893, 0.00030054274248, 0.000222220085561, 0.000487064477056, 0.000137499169796, 0.000162309865118, 0.000174113287358, 0.000209717705729, 6.66262130835e-05, 4.59126458736e-05, 4.12206609326e-05, 4.154279668e-05, 0.000108838903543, 7.89168771007e-05, 5.44499707757e-05, 2.00505292014e-05, 1.9709125354e-06, 1.13503325849e-07], "dmean2": [6.34261778032e-06, 0.0012967151124, 0.00721123162657, 0.00344423600473, 0.0066034742631, 0.00117107434198, 0.000406382023357, 0.000763921707403, 0.00120312278159, 0.000597454432864, 0.000464491866296, 0.000383523787605, 0.000725544639863, 0.000217779335799, 0.000257592531852, 0.000277255021501, 0.000333737261826, 0.00010657585517, 7.55924920668e-05, 6.34527241345e-05, 6.02222899033e-05, 0.000156760434038, 0.00011950291082, 7.50432518544e-05, 2.87410530291e-05, 2.93743073598e-06, 1.75576317929e-07], "dvar": [7.77400990803e-11, 4.79484060634e-06, 0.000147845203173, 2.46153140324e-05, 7.08630759618e-05, 1.1203859458e-06, 1.48533601418e-07, 6.64261278871e-07, 1.90467301309e-06, 4.18632140509e-07, 3.22437955447e-07, 2.63059916961e-07, 5.18445176567e-07, 8.00949777613e-08, 8.77424000123e-08, 1.46298063441e-07, 1.3803537513e-07, 2.26323777497e-08, 8.90644002993e-09, 5.36895683467e-09, 7.31390681352e-09, 5.76885632597e-08, 4.29079847208e-08, 1.94144096355e-08, 4.69138461412e-09, 3.53574461376e-11, 6.9437680703e-14], "dvar2": [1.92067944882e-10, 1.11021554403e-05, 0.000429131352575, 6.38314813841e-05, 0.000206800439628, 3.4531556139e-06, 3.93340741311e-07, 1.35706227411e-06, 2.84272459794e-06, 7.49530045141e-07, 7.75209798576e-07, 7.38657263355e-07, 1.19784658636e-06, 1.80648015657e-07, 1.9088412273e-07, 2.8011561426e-07, 3.2760982549e-07, 5.02501613653e-08, 2.16811084641e-08, 1.27336203803e-08, 1.50690215861e-08, 1.19375755503e-07, 1.00759280031e-07, 4.28023376742e-08, 1.08053317405e-08, 8.16898285128e-11, 1.68577798205e-13], "max": [0.000233534316067, 0.0699319317937, 0.143485873938, 0.0893470495939, 0.0918935909867, 0.0157444104552, 0.00445459410548, 0.0137481689453, 0.0221928618848, 0.0146708125249, 0.00679407501593, 0.00775129161775, 0.0105432840064, 0.00452956790105, 0.00341045786627, 0.0054443385452, 0.00393154053017, 0.00183998979628, 0.00147593673319, 0.00116177473683, 0.00131699466147, 0.00257371040061, 0.00218896777369, 0.00127719878219, 0.000764402910136, 7.6946336776e-05, 2.67671020993e-06], "mean": [1.02593048723e-05, 0.00181711418554, 0.00640589045361, 0.00369623675942, 0.00928726419806, 0.00198262161575, 0.000633469142485, 0.00114413700067, 0.00198071007617, 0.00068733538501, 0.000397250027163, 0.000232155041886, 0.000850342272315, 0.000191036990145, 0.000247810210567, 0.000244977301918, 0.000295342353638, 0.000108616302896, 0.000102460828202, 9.95433583739e-05, 9.27007204155e-05, 0.000173015796463, 0.000123311241623, 8.08992626844e-05, 3.17719495797e-05, 3.38315362569e-06, 1.73518841962e-07], "median": [4.8468082241e-06, 0.00129301217385, 0.00360861676745, 0.00186421198305, 0.00723711587489, 0.0016504842788, 0.000408951891586, 0.000682466314174, 0.000877878919709, 0.000373960356228, 0.000126727725728, 7.86879027146e-05, 0.000423416000558, 5.09514065925e-05, 0.000103970814962, 8.22068177513e-05, 0.000113618778414, 3.47322529706e-05, 4.75211490993e-05, 2.93091761705e-05, 2.74917492789e-05, 4.65457960672e-05, 3.78122094844e-05, 1.79857379408e-05, 1.14001531983e-05, 1.39969199608e-06, 8.07687641213e-08], "min": [9.962246693e-24, 3.49510377639e-23, 2.88746788692e-23, 2.55320480219e-23, 4.66775434724e-23, 3.89751844799e-23, 3.36405851836e-23, 7.65791898671e-23, 7.96273673375e-23, 1.17903794605e-22, 1.4686980779e-22, 4.7932936717e-23, 9.7258364393e-23, 9.16178574594e-23, 1.08864849648e-22, 2.32460799488e-22, 1.52194909201e-22, 2.14628504062e-22, 2.85324930967e-22, 2.57100169354e-22, 5.71402018718e-22, 6.72386312006e-22, 5.82684471468e-22, 7.97343949364e-22, 8.54888032873e-22, 1.74325385844e-21, 2.28754940476e-21], "var": [2.10097328424e-10, 7.95932828623e-06, 0.000125998485601, 3.64107581845e-05, 9.04322514543e-05, 2.66226038548e-06, 4.2014534074e-07, 2.12459667637e-06, 8.90685532795e-06, 1.37015013024e-06, 4.69766348488e-07, 2.11190879895e-07, 1.18306900276e-06, 1.4170814211e-07, 1.78189296207e-07, 2.76723937986e-07, 1.98518591787e-07, 3.94235364354e-08, 2.00238865489e-08, 2.37266810643e-08, 2.06237711353e-08, 9.73363611934e-08, 5.47353486979e-08, 2.81939289692e-08, 5.88819437652e-09, 4.53554277469e-11, 8.88665904102e-14]}, "erbbands": {"dmean": [0.00847078487277, 0.269056648016, 3.42765903473, 6.77539491653, 12.8170003891, 10.8264122009, 5.86781597137, 6.85139608383, 5.69236803055, 8.11112976074, 11.6067447662, 25.3399734497, 16.5522441864, 8.01210689545, 11.2033538818, 8.90214824677, 22.0014915466, 9.10687732697, 7.07615089417, 9.2151184082, 9.7677526474, 8.12981987, 5.91093540192, 2.49935555458, 1.99809777737, 1.90894937515, 1.56841671467, 2.17297434807, 2.92218995094, 3.88234043121, 2.0128724575, 0.807370364666, 1.34453678131, 0.296617329121, 0.069513246417, 0.0184260606766, 0.00203323643655, 0.000252142373938, 3.1972223951e-05, 1.04129021565e-05], "dmean2": [0.0131615027785, 0.471027851105, 6.08473348618, 11.2278699875, 22.1596679688, 18.951587677, 9.80181694031, 10.9587202072, 7.78539228439, 10.6750040054, 16.7089214325, 31.5156059265, 23.8783931732, 12.3738708496, 18.6087856293, 14.7076721191, 32.606136322, 14.1478328705, 10.2073869705, 14.7293252945, 15.2196836472, 12.7276058197, 9.33299446106, 4.15521240234, 3.17088794708, 2.90109968185, 2.36525201797, 2.92970323563, 4.15889167786, 5.72078227997, 3.05535006523, 1.18494772911, 1.84577417374, 0.417343974113, 0.101176932454, 0.026944309473, 0.00303951394744, 0.000373055430828, 4.75608212582e-05, 1.60481504281e-05], "dvar": [0.000722781580407, 0.604790449142, 106.112495422, 346.353271484, 1097.51159668, 485.822052002, 109.592597961, 109.581993103, 60.0375823975, 111.958747864, 422.624633789, 1359.75537109, 786.892272949, 201.626312256, 662.156921387, 271.025390625, 1036.71154785, 252.864883423, 241.834594727, 257.40612793, 494.056610107, 159.787780762, 109.414878845, 61.5317764282, 13.5675640106, 10.110710144, 9.88627910614, 18.0604877472, 35.7244567871, 95.888885498, 22.0864963531, 7.48153066635, 14.6667499542, 0.738642752171, 0.0231470763683, 0.00229733320884, 3.7542606151e-05, 8.24308870051e-07, 6.06708283613e-09, 3.64067831438e-10], "dvar2": [0.00119812914636, 1.56441819668, 312.96875, 941.213317871, 2947.85766602, 1506.55810547, 310.553161621, 342.78338623, 133.314315796, 190.572128296, 977.240600586, 1860.41271973, 1529.37548828, 459.311645508, 1869.78308105, 702.041931152, 2337.8293457, 582.131408691, 424.975158691, 619.105041504, 940.170654297, 365.734283447, 239.30619812, 146.108856201, 30.6167545319, 22.9317779541, 21.9818248749, 32.8987808228, 72.0864334106, 221.776855469, 52.8459510803, 15.4876394272, 33.1449432373, 1.7031185627, 0.0546638742089, 0.00535995746031, 8.49431889947e-05, 1.83418990218e-06, 1.38534952399e-08, 8.28513535556e-10], "max": [1.13527858257, 20.1894321442, 122.218048096, 271.155090332, 394.557006836, 238.279724121, 188.355453491, 163.246047974, 103.17791748, 224.490158081, 329.661071777, 598.28515625, 566.962890625, 161.811050415, 356.6015625, 165.113418579, 469.397003174, 243.669815063, 236.822402954, 215.154083252, 346.225341797, 129.547683716, 125.178268433, 156.167480469, 54.2796669006, 49.7570838928, 39.0972709656, 59.2031784058, 60.1112213135, 92.3461074829, 47.3965301514, 49.625289917, 31.651632309, 9.17184066772, 1.33340752125, 0.562457561493, 0.12155085057, 0.0171149820089, 0.000676284660585, 0.000270423624897], "mean": [0.0319116637111, 0.561236381531, 5.17205810547, 12.5807056427, 25.5242214203, 26.4319419861, 19.6765861511, 17.2951374054, 13.6076459885, 17.5715484619, 24.7730426788, 55.1275100708, 29.4991512299, 12.7843313217, 14.0063362122, 12.9220104218, 39.723903656, 14.525384903, 11.1450490952, 13.2089710236, 14.1604995728, 12.9197225571, 9.77906703949, 5.04203557968, 4.96315383911, 4.85863924026, 3.65552353859, 4.57194423676, 5.074467659, 5.52781915665, 3.30288600922, 1.43799865246, 1.73385465145, 0.450408935547, 0.138174921274, 0.0330156944692, 0.00421891501173, 0.000470605940791, 6.14374948782e-05, 3.72889007849e-05], "median": [0.0311135835946, 0.370584964752, 2.82468056679, 7.39685535431, 17.0333404541, 21.7777996063, 17.5401325226, 13.9698505402, 8.98285007477, 11.7218799591, 13.2613096237, 26.0146808624, 16.8949890137, 5.86842441559, 5.82832670212, 6.69665384293, 20.0595340729, 7.53802776337, 3.747590065, 6.84389781952, 5.26981019974, 6.24699783325, 4.98937892914, 1.72555613518, 2.55828857422, 1.74379861355, 1.00401508808, 1.34521985054, 1.49783658981, 1.43110120296, 1.12876296043, 0.468551754951, 0.314103543758, 0.130366444588, 0.0634167790413, 0.014260398224, 0.00222844071686, 0.0002276111627, 3.11672192765e-05, 3.14248609357e-05], "min": [1.11209344258e-21, 7.94528384887e-21, 3.19058910339e-20, 5.41420859436e-20, 5.24005573303e-20, 2.01575682247e-19, 3.36854285964e-19, 3.81509683032e-19, 1.74011064481e-19, 1.88550588714e-18, 9.78420557993e-19, 1.82424096187e-18, 2.41971029367e-18, 5.93013101688e-18, 4.88188597203e-18, 3.2530738745e-18, 4.01737138971e-18, 3.773822534e-18, 3.62555247715e-18, 8.94261237918e-18, 1.48830686781e-17, 9.362195609e-18, 9.67331808971e-18, 1.86381361324e-17, 9.58738312306e-18, 1.1995442371e-17, 2.08775605504e-17, 2.25986272745e-17, 2.60391063614e-17, 1.64576036653e-17, 1.8543367704e-17, 1.91071094895e-17, 1.23738146355e-17, 9.72438243047e-18, 6.17742741435e-18, 6.43983019775e-18, 3.0751620072e-18, 1.26298888669e-18, 3.18656700229e-19, 3.34437328838e-20], "var": [0.0021094547119, 0.782973527908, 88.2595596313, 395.776306152, 1311.18859863, 624.061462402, 288.295898438, 248.517486572, 202.495178223, 425.571228027, 1078.07006836, 6738.14306641, 2235.92236328, 380.399017334, 584.740661621, 314.652252197, 2502.00146484, 444.845458984, 529.215820312, 356.007446289, 955.777832031, 290.13369751, 188.162033081, 106.972579956, 38.6194801331, 50.3454208374, 31.3342399597, 53.6529426575, 69.6530609131, 117.536560059, 29.8710689545, 11.8674983978, 18.7048721313, 0.951798975468, 0.0375210493803, 0.00305279507302, 6.61744779791e-05, 1.26162956349e-06, 8.7123330772e-09, 8.80823192162e-10]}, "gfcc": {"mean": [-21.858663559, 114.052825928, -106.933555603, 37.2152328491, -68.2683868408, 18.1493206024, -42.5786933899, 0.712361097336, -21.4383583069, -8.14548301697, -19.4819087982, -7.05684614182, -12.6405553818], "cov": [[13336.3867188, 1813.16223145, 242.234786987, 27.750213623, -866.460876465, -61.1419448853, -739.010986328, -426.233947754, -265.225006104, -413.499420166, -139.287628174, -245.149108887, -122.911239624], [1813.16223145, 1075.77807617, 182.524261475, -390.930480957, -28.3319034576, -153.761749268, -66.6121444702, -121.947319031, -24.544921875, -97.2217025757, 6.98983669281, -40.1899528503, 1.42848622799], [242.234786987, 182.524261475, 809.599731445, 137.978088379, -159.584686279, 32.313167572, -138.369537354, 0.830781400204, -103.797058105, -104.017173767, -11.1244049072, -63.8842315674, -109.372947693], [27.750213623, -390.930480957, 137.978088379, 560.51159668, -49.0065803528, 81.1791000366, -52.3774299622, -16.5236434937, -79.9412841797, -42.0016212463, -24.4714317322, -91.034828186, -30.332452774], [-866.460876465, -28.3319034576, -159.584686279, -49.0065803528, 221.832901001, 2.8991625309, 55.6268844604, 7.00554609299, 27.5719947815, 11.7842960358, 1.38865911961, 12.2070512772, 16.6868953705], [-61.1419448853, -153.761749268, 32.313167572, 81.1791000366, 2.8991625309, 140.866012573, -22.3306369781, 2.9405579567, -13.3648700714, -35.4644927979, -13.7626075745, -9.36873531342, -26.7294597626], [-739.010986328, -66.6121444702, -138.369537354, -52.3774299622, 55.6268844604, -22.3306369781, 173.077362061, 30.6582202911, 13.4408588409, 58.1301956177, 0.997836470604, 18.9395980835, 31.9843425751], [-426.233947754, -121.947319031, 0.830781400204, -16.5236434937, 7.00554609299, 2.9405579567, 30.6582202911, 117.252365112, 35.7828903198, 25.336566925, -2.39883327484, 17.6595344543, -11.7843160629], [-265.225006104, -24.544921875, -103.797058105, -79.9412841797, 27.5719947815, -13.3648700714, 13.4408588409, 35.7828903198, 103.787986755, 40.0768165588, -1.02776682377, 27.3944797516, 12.6238164902], [-413.499420166, -97.2217025757, -104.017173767, -42.0016212463, 11.7842960358, -35.4644927979, 58.1301956177, 25.336566925, 40.0768165588, 134.270553589, 21.0885009766, 26.5375366211, 22.9326305389], [-139.287628174, 6.98983669281, -11.1244049072, -24.4714317322, 1.38865911961, -13.7626075745, 0.997836470604, -2.39883327484, -1.02776682377, 21.0885009766, 55.5173721313, 20.3508052826, -5.18730020523], [-245.149108887, -40.1899528503, -63.8842315674, -91.034828186, 12.2070512772, -9.36873531342, 18.9395980835, 17.6595344543, 27.3944797516, 26.5375366211, 20.3508052826, 90.622428894, 29.0158500671], [-122.911239624, 1.42848622799, -109.372947693, -30.332452774, 16.6868953705, -26.7294597626, 31.9843425751, -11.7843160629, 12.6238164902, 22.9326305389, -5.18730020523, 29.0158500671, 83.0368652344]], "icov": [[0.000313034688588, -0.00075022818055, 0.000693433859851, -0.000370479770936, 0.00119125540368, -0.000270833174, 0.000989380176179, -4.86222270411e-05, 0.000644326966722, -0.000147358965478, 0.000994205591269, -0.000342582090525, 0.000664286897518], [-0.00075022818055, 0.00462992023677, -0.00240612938069, 0.00330768874846, -0.0028533290606, 0.00299937278032, -0.00207272404805, 0.00238966778852, -0.00168843567371, 0.00236597680487, -0.00297222775407, 0.00353085016832, -0.00229093781672], [0.000693433859851, -0.00240612938069, 0.00381896039471, -0.00150221737567, 0.00355995353311, -0.000857888371684, 0.00300279865041, -0.0014091009507, 0.00303344079293, -0.000342285115039, 0.00279794842936, -0.00150645722169, 0.00353566440754], [-0.000370479770936, 0.00330768874846, -0.00150221737567, 0.00505442544818, -0.00120595970657, 0.000986815663055, -0.000377432705136, 0.00147861300502, 0.000607113528531, 0.00137245480437, -0.00161750870757, 0.0050022341311, -0.00214272853918], [0.00119125540368, -0.0028533290606, 0.00355995353311, -0.00120595970657, 0.0101200025529, -0.00149717682507, 0.00234816689044, -9.64894643403e-05, 0.00165338476654, 0.000394139875425, 0.0033767556306, -0.00101511715911, 0.00283254613169], [-0.000270833174, 0.00299937278032, -0.000857888371684, 0.000986815663055, -0.00149717682507, 0.0111525971442, -0.00033371054451, 0.00175313593354, -0.000479894893942, 0.00345874251798, 0.00083892326802, 0.000338940444635, 0.00209793634713], [0.000989380176179, -0.00207272404805, 0.00300279865041, -0.000377432705136, 0.00234816689044, -0.00033371054451, 0.0117836315185, -0.0023904107511, 0.00474364962429, -0.00326696666889, 0.00425165658817, -0.000431354390457, 0.000457466871012], [-4.86222270411e-05, 0.00238966778852, -0.0014091009507, 0.00147861300502, -9.64894643403e-05, 0.00175313593354, -0.0023904107511, 0.0131365889683, -0.0042715407908, 0.0007320374134, 0.00104036275297, -0.000436516333139, 0.00260453834198], [0.000644326966722, -0.00168843567371, 0.00303344079293, 0.000607113528531, 0.00165338476654, -0.000479894893942, 0.00474364962429, -0.0042715407908, 0.0166696067899, -0.00386079261079, 0.0051014078781, -0.00237014982849, 0.00195889105089], [-0.000147358965478, 0.00236597680487, -0.000342285115039, 0.00137245480437, 0.000394139875425, 0.00345874251798, -0.00326696666889, 0.0007320374134, -0.00386079261079, 0.012912102975, -0.00493720546365, 0.00166572118178, -0.00168142898474], [0.000994205591269, -0.00297222775407, 0.00279794842936, -0.00161750870757, 0.0033767556306, 0.00083892326802, 0.00425165658817, 0.00104036275297, 0.0051014078781, -0.00493720546365, 0.0265792105347, -0.00832779612392, 0.00787707883865], [-0.000342582090525, 0.00353085016832, -0.00150645722169, 0.0050022341311, -0.00101511715911, 0.000338940444635, -0.000431354390457, -0.000436516333139, -0.00237014982849, 0.00166572118178, -0.00832779612392, 0.0206951964647, -0.00815904792398], [0.000664286897518, -0.00229093781672, 0.00353566440754, -0.00214272853918, 0.00283254613169, 0.00209793634713, 0.000457466871012, 0.00260453834198, 0.00195889105089, -0.00168142898474, 0.00787707883865, -0.00815904792398, 0.020749066025]]}, "melbands": {"dmean": [0.000133936671773, 0.00131550792139, 0.00114896183368, 0.00089758541435, 0.000268995325314, 0.000154213586939, 7.6059717685e-05, 9.7436044598e-05, 0.000114953574666, 0.000146751786815, 8.05372619652e-05, 3.05464636767e-05, 3.99251985073e-05, 2.75431302725e-05, 3.89644046663e-05, 4.35952752014e-05, 1.56371643243e-05, 1.1699069546e-05, 1.19150854516e-05, 1.46431111716e-05, 1.31974393298e-05, 8.792864719e-06, 1.00784682218e-05, 2.62972957898e-06, 2.20779838855e-06, 1.25480744373e-06, 1.62593119057e-06, 1.40478709909e-06, 1.01623265891e-06, 1.19870344406e-06, 1.45411695485e-06, 1.29507952806e-06, 3.46176625499e-06, 1.67401901763e-06, 1.40905831358e-06, 4.69102474199e-07, 5.55638280275e-07, 8.66579398462e-07, 7.45181637285e-07, 1.35853596817e-07], "dmean2": [0.000220441565034, 0.002317359671, 0.00183058599941, 0.00158662721515, 0.000441197335022, 0.000240292021772, 0.000103515987576, 0.000127400198835, 0.000159303206601, 0.000184068674571, 0.000116966337373, 4.76882996736e-05, 6.35632750345e-05, 4.82602226839e-05, 5.95128040004e-05, 6.46662010695e-05, 2.47318421316e-05, 1.7169975763e-05, 2.00219528779e-05, 2.33260343521e-05, 2.08564524655e-05, 1.39610583574e-05, 1.60110685101e-05, 4.27175018558e-06, 3.708783197e-06, 2.02625778911e-06, 2.54768724517e-06, 2.18307127398e-06, 1.584316351e-06, 1.79510470844e-06, 1.94767540052e-06, 1.91311187336e-06, 4.88481691718e-06, 2.57967508333e-06, 2.16789680962e-06, 7.01139185821e-07, 8.25878828437e-07, 1.18908621971e-06, 1.04007710888e-06, 1.98769811277e-07], "dvar": [1.46595851902e-07, 1.52585525939e-05, 7.96083713794e-06, 4.29706051364e-06, 3.05882224438e-07, 5.01366628214e-08, 1.08825899403e-08, 1.62066839948e-08, 3.44347270698e-08, 4.48188188784e-08, 1.9255752548e-08, 2.97526692172e-09, 6.70693189875e-09, 4.49318227069e-09, 4.85010120954e-09, 4.68149741195e-09, 1.12906961558e-09, 7.52934381509e-10, 4.90443907708e-10, 8.76269001804e-10, 1.18760423717e-09, 2.56299204082e-10, 2.64518351667e-10, 3.1549030749e-11, 5.41627021011e-11, 4.27200289033e-12, 9.5627793878e-12, 6.33999883842e-12, 4.28912070791e-12, 1.02289201415e-11, 9.57493372783e-12, 8.2890395936e-12, 7.60679089162e-11, 2.41406894474e-11, 1.07794329018e-11, 1.61157025225e-12, 5.00739423884e-12, 7.36197561246e-12, 4.65822476078e-12, 1.27165246107e-13], "dvar2": [2.91793611495e-07, 4.46903395641e-05, 1.88537323993e-05, 1.24485095512e-05, 8.9835612016e-07, 1.53221037635e-07, 2.39315607331e-08, 2.59582257911e-08, 7.60177343295e-08, 6.40122408413e-08, 3.73383421959e-08, 6.88233381396e-09, 1.79500609931e-08, 1.27831327745e-08, 1.09439293183e-08, 1.05795976424e-08, 2.60359866999e-09, 1.35784139488e-09, 1.2931306026e-09, 1.95409954884e-09, 2.70521050005e-09, 6.21540263701e-10, 6.00322125344e-10, 7.08926528592e-11, 1.29138477689e-10, 1.07456274781e-11, 1.82186227909e-11, 1.55646502631e-11, 1.01353821169e-11, 2.34574547286e-11, 1.75887394926e-11, 1.6741306258e-11, 1.62708652107e-10, 5.72032005097e-11, 2.56760168682e-11, 3.78013028865e-12, 1.10914281232e-11, 1.65905102156e-11, 1.0716573462e-11, 2.96346579004e-13], "max": [0.0128550734371, 0.046739064157, 0.0462727174163, 0.0231932420284, 0.00915161706507, 0.0032376172021, 0.00137710431591, 0.00294369133189, 0.00263397023082, 0.00333739956841, 0.00281623587944, 0.000647998589557, 0.000966236751992, 0.00105714460369, 0.000977518502623, 0.00144966319203, 0.000554554455448, 0.000431624881458, 0.000264252274064, 0.000306032510707, 0.00049735547509, 0.000167629055795, 0.000131724329549, 7.19065210433e-05, 0.000139435534948, 3.17074809573e-05, 5.19391433045e-05, 4.22552329837e-05, 3.51317685272e-05, 7.0223431976e-05, 5.19933309988e-05, 4.40877702204e-05, 7.93261278886e-05, 5.21242327522e-05, 3.10783252644e-05, 1.44563919093e-05, 3.42543316947e-05, 2.26292031584e-05, 2.06829463423e-05, 4.23637493441e-06], "mean": [0.000393795256969, 0.00213043903932, 0.00255234679207, 0.00191210210323, 0.000891830713954, 0.00040148512926, 0.000183914409718, 0.00020748944371, 0.000242831272772, 0.00031527254032, 0.000133528548758, 4.538558278e-05, 5.07334407303e-05, 2.96244925266e-05, 6.44141400699e-05, 7.49151586206e-05, 2.17374126805e-05, 1.65639885381e-05, 1.63378645084e-05, 1.87981968338e-05, 1.66598601936e-05, 1.24695543491e-05, 1.5421959688e-05, 4.55566987512e-06, 4.07924835599e-06, 3.02049511447e-06, 3.67168422599e-06, 3.22796859109e-06, 2.24191489906e-06, 2.39510268329e-06, 2.81647999145e-06, 2.32021511692e-06, 4.67781228508e-06, 2.40244480665e-06, 2.22995458898e-06, 8.36234903545e-07, 8.76819854057e-07, 1.11779638701e-06, 9.2822381248e-07, 2.31632796499e-07], "median": [0.000344076281181, 0.00124655920081, 0.00158381438814, 0.0014379741624, 0.000768589787185, 0.000327913527144, 0.000122951081721, 0.000140491552884, 0.000118904659757, 0.00014605394972, 6.8657733209e-05, 1.89870552276e-05, 1.80629867828e-05, 1.16036535474e-05, 2.68680560112e-05, 3.46407796314e-05, 6.69307110002e-06, 4.84171778226e-06, 7.42580323276e-06, 8.13810402178e-06, 4.84210886498e-06, 5.46484034203e-06, 5.99735631113e-06, 1.52647419327e-06, 8.91239437806e-07, 1.34391325446e-06, 1.69849454323e-06, 9.98504674499e-07, 4.84461224914e-07, 7.5549758094e-07, 7.29658609089e-07, 6.48577781703e-07, 1.05594006072e-06, 6.98691394518e-07, 6.99139150129e-07, 2.51542388696e-07, 2.05109600415e-07, 1.79261277822e-07, 1.61572558e-07, 8.71856613571e-08], "min": [1.04854689436e-23, 1.43078179403e-23, 1.03497083484e-23, 7.12770222203e-24, 1.26535490119e-23, 7.70177286883e-24, 3.22170951464e-24, 2.11470684392e-23, 7.56027725485e-24, 1.21507906021e-23, 1.13483786442e-23, 2.25824781646e-23, 1.80004979258e-23, 6.53350812796e-24, 1.32267172019e-23, 5.32541656099e-24, 7.36114825199e-24, 5.98422191307e-24, 8.83589689303e-24, 1.2979477939e-23, 1.7990338975e-23, 8.95671882927e-24, 7.988818053e-24, 1.11085507296e-23, 1.63937649667e-23, 7.66596647235e-24, 6.80929981688e-24, 7.83243268943e-24, 1.15144117767e-23, 1.67015579815e-23, 1.15097803743e-23, 1.50672322457e-23, 1.13467520131e-23, 8.63116618888e-24, 8.77559952088e-24, 1.50491326211e-23, 9.79335788408e-24, 7.7427857473e-24, 8.55108102978e-24, 8.56114689493e-24], "var": [3.34943280222e-07, 1.32464847411e-05, 1.29400123114e-05, 4.8770207286e-06, 6.63057960537e-07, 1.22427863403e-07, 3.71317021575e-08, 6.3106462278e-08, 1.01819921383e-07, 2.1617556456e-07, 5.43202602898e-08, 5.25597787515e-09, 7.45921902023e-09, 3.38585226523e-09, 9.05169716958e-09, 1.13586144934e-08, 1.90021354207e-09, 1.415512485e-09, 6.38895936156e-10, 1.12372100514e-09, 1.70570668701e-09, 3.59658275384e-10, 4.69107863665e-10, 5.84594109232e-11, 9.18518108795e-11, 1.50891677625e-11, 2.76762484458e-11, 2.67771169821e-11, 1.43068603839e-11, 1.92944427796e-11, 2.44100104713e-11, 1.7751322981e-11, 1.06762855501e-10, 2.72557896391e-11, 1.44232386451e-11, 2.49329940374e-12, 7.14928073339e-12, 9.45254464979e-12, 5.71889887876e-12, 1.9218726274e-13]}, "mfcc": {"mean": [-663.713378906, 135.250640869, 21.1625804901, 20.287689209, 1.68506288528, 9.95501613617, -8.83094787598, 4.77879905701, -1.92601752281, -2.4857981205, -1.0825728178, -3.27045273781, -3.67499136925], "cov": [[8750.86425781, 1157.1484375, 268.368804932, 206.999954224, -111.471580505, 109.59526062, -334.719665527, -171.850296021, -256.23538208, -220.986129761, -176.905273438, -138.72442627, -287.899627686], [1157.1484375, 1500.24511719, 107.801445007, -200.190170288, -58.5035972595, -95.5194854736, -112.446113586, -26.0974254608, -79.0295715332, -57.2449836731, -15.8156242371, -87.3352584839, 11.5161533356], [268.368804932, 107.801445007, 773.785339355, 123.986167908, 35.0481567383, -32.2098503113, -20.1360988617, 30.5847816467, -114.154640198, -21.4806652069, 48.5173797607, -61.2288627625, -56.8000831604], [206.999954224, -200.190170288, 123.986167908, 300.645202637, 23.0399913788, 32.8889503479, 47.3561019897, -33.2565841675, -26.2920303345, 34.7141990662, -27.6426811218, -16.0552177429, -46.0716094971], [-111.471580505, -58.5035972595, 35.0481567383, 23.0399913788, 161.077682495, 21.0403175354, -13.8302631378, 27.5879592896, -11.2739057541, -6.88651037216, 4.22120046616, -7.1512966156, -10.5956907272], [109.59526062, -95.5194854736, -32.2098503113, 32.8889503479, 21.0403175354, 112.6978302, 32.9238777161, -2.92661595345, -2.26133966446, -13.1876630783, -24.4205780029, -3.12111353874, -13.2697067261], [-334.719665527, -112.446113586, -20.1360988617, 47.3561019897, -13.8302631378, 32.9238777161, 118.783348083, 17.1652526855, -1.1699411869, 12.6497058868, -13.9756193161, -10.7272253036, -12.9268112183], [-171.850296021, -26.0974254608, 30.5847816467, -33.2565841675, 27.5879592896, -2.92661595345, 17.1652526855, 105.864295959, 6.34734344482, -11.5454120636, 10.8421888351, -17.459936142, -11.4486970901], [-256.23538208, -79.0295715332, -114.154640198, -26.2920303345, -11.2739057541, -2.26133966446, -1.1699411869, 6.34734344482, 107.498374939, 18.2290363312, -4.02032136917, 19.3175773621, 19.1086139679], [-220.986129761, -57.2449836731, -21.4806652069, 34.7141990662, -6.88651037216, -13.1876630783, 12.6497058868, -11.5454120636, 18.2290363312, 84.6273880005, 12.2618198395, 6.99973630905, -15.6625366211], [-176.905273438, -15.8156242371, 48.5173797607, -27.6426811218, 4.22120046616, -24.4205780029, -13.9756193161, 10.8421888351, -4.02032136917, 12.2618198395, 94.2347106934, 22.7147159576, 10.327173233], [-138.72442627, -87.3352584839, -61.2288627625, -16.0552177429, -7.1512966156, -3.12111353874, -10.7272253036, -17.459936142, 19.3175773621, 6.99973630905, 22.7147159576, 87.7939224243, 15.5536775589], [-287.899627686, 11.5161533356, -56.8000831604, -46.0716094971, -10.5956907272, -13.2697067261, -12.9268112183, -11.4486970901, 19.1086139679, -15.6625366211, 10.327173233, 15.5536775589, 118.946731567]], "icov": [[0.000217692300794, -0.00012529133528, 7.12707260391e-05, -0.000295239442494, 0.000300948304357, -0.000330302165821, 0.000768522266299, 0.000102477220935, 0.000257709558355, 0.000512201979291, 0.000124343219795, 0.000116359653475, 0.000542090798263], [-0.00012529133528, 0.00102536857594, -0.000117936782772, 0.000844435882755, 8.57986306073e-05, 0.000719252915587, 0.000115951523185, 0.000392330344766, 0.000439703144366, -9.87034218269e-05, 0.000236546897213, 0.0009072056273, -0.000216326341615], [7.12707260391e-05, -0.000117936782772, 0.00196794630028, -0.00112226093188, 0.000119356947835, 0.000398790667532, 0.00079354911577, -0.000617267738562, 0.0014848629944, 0.000836714869365, -0.00129473325796, 0.000991409178823, 0.000625339278486], [-0.000295239442494, 0.000844435882755, -0.00112226093188, 0.0057829702273, -0.00118792918511, 7.80256232247e-05, -0.00250019063242, 0.00222939369269, 0.000235688945395, -0.00253335479647, 0.00152655434795, 0.000412810943089, 0.000195437751245], [0.000300948304357, 8.57986306073e-05, 0.000119356947835, -0.00118792918511, 0.00774340610951, -0.00214399886318, 0.0032899864018, -0.00230803457089, 0.00119434529915, 0.000723741133697, -0.000233552011196, 0.000530141871423, 0.000757361529395], [-0.000330302165821, 0.000719252915587, 0.000398790667532, 7.80256232247e-05, -0.00214399886318, 0.0121066616848, -0.00400457764044, 0.0012092582183, -0.000252205412835, 0.00208178395405, 0.00151336693671, -7.74606451159e-05, 0.000385746068787], [0.000768522266299, 0.000115951523185, 0.00079354911577, -0.00250019063242, 0.0032899864018, -0.00400457764044, 0.0142038324848, -0.00278204819188, 0.00215632445179, 1.61353145813e-05, 0.00105782935861, 0.00167855212931, 0.00172601349186], [0.000102477220935, 0.000392330344766, -0.000617267738562, 0.00222939369269, -0.00230803457089, 0.0012092582183, -0.00278204819188, 0.0129119800404, -0.00193789869081, 0.0024225586094, -0.0015693664318, 0.0028907218948, 0.00203712424263], [0.000257709558355, 0.000439703144366, 0.0014848629944, 0.000235688945395, 0.00119434529915, -0.000252205412835, 0.00215632445179, -0.00193789869081, 0.0129215158522, -0.00235609617084, 0.0014794630697, -0.000993031309918, -0.000877049460541], [0.000512201979291, -9.87034218269e-05, 0.000836714869365, -0.00253335479647, 0.000723741133697, 0.00208178395405, 1.61353145813e-05, 0.0024225586094, -0.00235609617084, 0.0166424773633, -0.00285948906094, 0.000683578196913, 0.00392805691808], [0.000124343219795, 0.000236546897213, -0.00129473325796, 0.00152655434795, -0.000233552011196, 0.00151336693671, 0.00105782935861, -0.0015693664318, 0.0014794630697, -0.00285948906094, 0.0142326429486, -0.00394805381075, -0.000970644468907], [0.000116359653475, 0.0009072056273, 0.000991409178823, 0.000412810943089, 0.000530141871423, -7.74606451159e-05, 0.00167855212931, 0.0028907218948, -0.000993031309918, 0.000683578196913, -0.00394805381075, 0.0152631076053, -7.71535487729e-05], [0.000542090798263, -0.000216326341615, 0.000625339278486, 0.000195437751245, 0.000757361529395, 0.000385746068787, 0.00172601349186, 0.00203712424263, -0.000877049460541, 0.00392805691808, -0.000970644468907, -7.71535487729e-05, 0.0113611090928]]}, "spectral_contrast_coeffs": {"dmean": [0.0363453142345, 0.0411957316101, 0.0462533384562, 0.0397810079157, 0.0254257638007, 0.016802482307], "dmean2": [0.0623639076948, 0.0681851506233, 0.0736777931452, 0.0635285377502, 0.0408903285861, 0.0272056739777], "dvar": [0.0014240948949, 0.00125922821462, 0.00147431623191, 0.00131161301397, 0.000472654588521, 0.000323363405187], "dvar2": [0.00394874624908, 0.00332837202586, 0.00358352065086, 0.00338182458654, 0.00116359733511, 0.000741253083106], "max": [-0.286272823811, -0.489643663168, -0.439890295267, -0.499359250069, -0.586026966572, -0.576795637608], "mean": [-0.583249509335, -0.70419472456, -0.722837030888, -0.757458984852, -0.779644608498, -0.737793624401], "median": [-0.570553898811, -0.70028758049, -0.723955333233, -0.767973840237, -0.785827517509, -0.737326741219], "min": [-0.961643755436, -0.970217704773, -0.97798627615, -0.957608640194, -0.958457171917, -0.960924983025], "var": [0.00691095925868, 0.00553301395848, 0.00706259533763, 0.00585013907403, 0.00310659222305, 0.00142501236405]}, "spectral_contrast_valleys": {"dmean": [0.273353397846, 0.338512986898, 0.416365742683, 0.371796905994, 0.294742912054, 0.227863669395], "dmean2": [0.466590613127, 0.557742238045, 0.667950689793, 0.586197018623, 0.43279504776, 0.314646691084], "dvar": [0.142509788275, 0.175202056766, 0.21559292078, 0.205846875906, 0.175584793091, 0.158379107714], "dvar2": [0.257451087236, 0.28348878026, 0.370696276426, 0.345952242613, 0.241000145674, 0.242221400142], "max": [-