{"lowlevel": {"average_loudness": 0.942569553852, "barkbands_crest": {"dmean": 2.39360737801, "dmean2": 3.91529321671, "dvar": 6.47151422501, "dvar2": 16.4909934998, "max": 26.2316589355, "mean": 11.930721283, "median": 11.011092186, "min": 3.03231358528, "var": 20.8190670013}, "barkbands_flatness_db": {"dmean": 0.0252678655088, "dmean2": 0.0384234674275, "dvar": 0.000841051863972, "dvar2": 0.00196253904141, "max": 0.606918096542, "mean": 0.208089277148, "median": 0.197029620409, "min": 0.0395815446973, "var": 0.00706271082163}, "barkbands_kurtosis": {"dmean": 6.53507041931, "dmean2": 10.6535816193, "dvar": 221.701934814, "dvar2": 538.104370117, "max": 1200.42199707, "mean": 16.8547973633, "median": 8.73330402374, "min": -1.96576082706, "var": 4322.87304688}, "barkbands_skewness": {"dmean": 0.839481472969, "dmean2": 1.31932663918, "dvar": 1.26991856098, "dvar2": 2.95297670364, "max": 29.9065818787, "mean": 2.88843584061, "median": 2.88034200668, "min": -5.06431484222, "var": 5.06218481064}, "barkbands_spread": {"dmean": 11.2212333679, "dmean2": 18.2808246613, "dvar": 265.159240723, "dvar2": 622.592895508, "max": 121.393135071, "mean": 30.762216568, "median": 22.9068450928, "min": 0.138425454497, "var": 589.408203125}, "dissonance": {"dmean": 0.020078022033, "dmean2": 0.0333785004914, "dvar": 0.000490468170028, "dvar2": 0.00129266781732, "max": 0.49999320507, "mean": 0.446058601141, "median": 0.458756268024, "min": 0.258180081844, "var": 0.00180668872781}, "dynamic_complexity": 2.87993407249, "erbbands_crest": {"dmean": 1.87990629673, "dmean2": 3.07069325447, "dvar": 4.91119289398, "dvar2": 11.6707344055, "max": 31.8566665649, "mean": 9.23049163818, "median": 7.95005226135, "min": 2.33958339691, "var": 21.2924137115}, "erbbands_flatness_db": {"dmean": 0.0126550672576, "dmean2": 0.0194037109613, "dvar": 0.000208154349821, "dvar2": 0.000473332882393, "max": 0.377584666014, "mean": 0.144830554724, "median": 0.135592505336, "min": 0.038608904928, "var": 0.00195243768394}, "erbbands_kurtosis": {"dmean": 1.33311235905, "dmean2": 2.19112277031, "dvar": 6.42721366882, "dvar2": 15.5658750534, "max": 93.9569396973, "mean": 1.53283131123, "median": -0.734320521355, "min": -1.94052112103, "var": 58.7032051086}, "erbbands_skewness": {"dmean": 0.472260832787, "dmean2": 0.75709861517, "dvar": 0.390114158392, "dvar2": 0.894806206226, "max": 8.04869270325, "mean": 0.568698763847, "median": 0.509268939495, "min": -4.99326372147, "var": 1.96954035759}, "erbbands_spread": {"dmean": 16.1488685608, "dmean2": 25.6381568909, "dvar": 464.206787109, "dvar2": 1054.14196777, "max": 202.432937622, "mean": 95.9561233521, "median": 97.3886413574, "min": 3.88402533531, "var": 2228.38232422}, "hfc": {"dmean": 20.1763076782, "dmean2": 32.1589584351, "dvar": 1838.4161377, "dvar2": 4631.93847656, "max": 442.21295166, "mean": 40.8698348999, "median": 28.5092372894, "min": 1.11734921869e-16, "var": 1992.44958496}, "melbands_crest": {"dmean": 2.79093050957, "dmean2": 4.54446744919, "dvar": 8.61844825745, "dvar2": 20.834066391, "max": 31.3365936279, "mean": 16.8663253784, "median": 16.3362388611, "min": 1.88701438904, "var": 31.3228149414}, "melbands_flatness_db": {"dmean": 0.0322056375444, "dmean2": 0.0492079183459, "dvar": 0.00147736363579, "dvar2": 0.00318943662569, "max": 0.750643849373, "mean": 0.273499011993, "median": 0.267412483692, "min": 0.00647872360423, "var": 0.0112155657262}, "melbands_kurtosis": {"dmean": 29.7004814148, "dmean2": 48.2209854126, "dvar": 3363.20141602, "dvar2": 8329.4296875, "max": 851.137756348, "mean": 70.328994751, "median": 46.7546615601, "min": -1.90815114975, "var": 6005.16601562}, "melbands_skewness": {"dmean": 1.40799462795, "dmean2": 2.21449112892, "dvar": 3.5289747715, "dvar2": 7.96727371216, "max": 24.3090305328, "mean": 6.2825717926, "median": 5.63448810577, "min": -2.85557365417, "var": 12.1869764328}, "melbands_spread": {"dmean": 12.2301702499, "dmean2": 20.26612854, "dvar": 816.121582031, "dvar2": 1948.52624512, "max": 298.559173584, "mean": 20.9785480499, "median": 10.0509643555, "min": 0.308718472719, "var": 1197.97924805}, "pitch_salience": {"dmean": 0.0794650167227, "dmean2": 0.12960870564, "dvar": 0.00720613822341, "dvar2": 0.0179518647492, "max": 0.909668147564, "mean": 0.493795484304, "median": 0.50921434164, "min": 0.0682384297252, "var": 0.0222638715059}, "silence_rate_20dB": {"dmean": 0, "dmean2": 0, "dvar": 0, "dvar2": 0, "max": 1, "mean": 1, "median": 1, "min": 1, "var": 0}, "silence_rate_30dB": {"dmean": 0.0553378462791, "dmean2": 0.110688835382, "dvar": 0.0522719062865, "dvar2": 0.106754824519, "max": 1, "mean": 0.943243861198, "median": 1, "min": 0, "var": 0.0535401441157}, "silence_rate_60dB": {"dmean": 0.00403752503917, "dmean2": 0.00807600934058, "dvar": 0.00402168603614, "dvar2": 0.00872345641255, "max": 1, "mean": 0.0393018275499, "median": 0, "min": 0, "var": 0.0377569869161}, "spectral_centroid": {"dmean": 328.950317383, "dmean2": 531.976135254, "dvar": 331937.53125, "dvar2": 763616.625, "max": 11452.0585938, "mean": 996.021789551, "median": 688.304443359, "min": 93.6373062134, "var": 750551.3125}, "spectral_complexity": {"dmean": 2.72105455399, "dmean2": 4.13064146042, "dvar": 21.8112335205, "dvar2": 42.2002792358, "max": 50, "mean": 10.681429863, "median": 9, "min": 0, "var": 54.9258270264}, "spectral_decrease": {"dmean": 4.52728610156e-09, "dmean2": 7.27806082068e-09, "dvar": 7.02207452456e-17, "dvar2": 1.75742422366e-16, "max": 1.94557628089e-17, "mean": -1.21653354057e-08, "median": -1.10616351634e-08, "min": -8.35730276094e-08, "var": 8.84855416804e-17}, "spectral_energy": {"dmean": 0.0178314074874, "dmean2": 0.0285984054208, "dvar": 0.00100071413908, "dvar2": 0.0024949638173, "max": 0.318666517735, "mean": 0.0496219992638, "median": 0.0453813970089, "min": 1.09020029821e-20, "var": 0.00130086403806}, "spectral_energyband_high": {"dmean": 0.00211705360562, "dmean2": 0.00348154059611, "dvar": 2.27934233408e-05, "dvar2": 5.88401126151e-05, "max": 0.0508917830884, "mean": 0.00353093561716, "median": 0.00212332885712, "min": 7.57783551893e-21, "var": 2.25412586587e-05}, "spectral_energyband_low": {"dmean": 0.0154432896525, "dmean2": 0.0255066081882, "dvar": 0.00105996511411, "dvar2": 0.00270833051763, "max": 0.310241758823, "mean": 0.0298365131021, "median": 0.0252980981022, "min": 5.30020685415e-23, "var": 0.00104835873935}, "spectral_energyband_middle_high": {"dmean": 0.000623369356617, "dmean2": 0.000951397058088, "dvar": 3.05739149553e-06, "dvar2": 7.20112484487e-06, "max": 0.0455750748515, "mean": 0.00133927864954, "median": 0.000561018241569, "min": 2.01310860859e-21, "var": 7.38895550967e-06}, "spectral_energyband_middle_low": {"dmean": 0.00543721579015, "dmean2": 0.00863199587911, "dvar": 6.24448148301e-05, "dvar2": 0.000142110540764, "max": 0.103869192302, "mean": 0.017820391804, "median": 0.0136638181284, "min": 3.90977665226e-22, "var": 0.000244492432103}, "spectral_entropy": {"dmean": 0.204776868224, "dmean2": 0.312243163586, "dvar": 0.0606213435531, "dvar2": 0.131478786469, "max": 9.81648254395, "mean": 7.55996417999, "median": 7.61678886414, "min": 4.46782016754, "var": 0.511886417866}, "spectral_flux": {"dmean": 0.0368760153651, "dmean2": 0.0577153600752, "dvar": 0.0023715835996, "dvar2": 0.00533716566861, "max": 0.471806555986, "mean": 0.0905700474977, "median": 0.070925578475, "min": 1.04412659074e-10, "var": 0.00461477087811}, "spectral_kurtosis": {"dmean": 0.768010795116, "dmean2": 1.28426003456, "dvar": 5.94994306564, "dvar2": 17.3214817047, "max": 107.083312988, "mean": 2.05739164352, "median": 0.0269939899445, "min": -1.38814663887, "var": 110.314590454}, "spectral_rms": {"dmean": 0.0011287110392, "dmean2": 0.00174388266169, "dvar": 2.42606529355e-06, "dvar2": 5.58604779144e-06, "max": 0.0176321901381, "mean": 0.00651125237346, "median": 0.00665391143411, "min": 3.2613035536e-12, "var": 6.01508418185e-06}, "spectral_rolloff": {"dmean": 1176.43359375, "dmean2": 2082.15112305, "dvar": 6296239, "dvar2": 13573199, "max": 19143.0175781, "mean": 1926.24743652, "median": 409.130859375, "min": 86.1328125, "var": 11852301}, "spectral_skewness": {"dmean": 0.183831050992, "dmean2": 0.297657012939, "dvar": 0.0550001822412, "dvar2": 0.134141266346, "max": 9.09473133087, "mean": 1.14911782742, "median": 0.933744668961, "min": -0.340604126453, "var": 1.17276227474}, "spectral_spread": {"dmean": 854678.8125, "dmean2": 1260798.75, "dvar": 1365624356860.0, "dvar2": 2574863826940.0, "max": 39717988, "mean": 9826312, "median": 10324802, "min": 822212.3125, "var": 7839538479100.0}, "spectral_strongpeak": {"dmean": 0.382416963577, "dmean2": 0.666714012623, "dvar": 0.962584614754, "dvar2": 2.69938993454, "max": 18.0408191681, "mean": 0.856200397015, "median": 0.603537797928, "min": 1.14786580241e-09, "var": 1.01892411709}, "zerocrossingrate": {"dmean": 0.0212358571589, "dmean2": 0.0246759485453, "dvar": 0.000742210249882, "dvar2": 0.000889362767339, "max": 0.5947265625, "mean": 0.0907668545842, "median": 0.06982421875, "min": 0.0029296875, "var": 0.00566662615165}, "barkbands": {"dmean": [6.97701107129e-05, 0.0110976072028, 0.00539191160351, 0.00206732330844, 0.00230091740377, 0.0016163578257, 0.000788366131019, 0.000615012657363, 0.00029343861388, 0.000222299975576, 0.00011128893675, 6.09087619523e-05, 3.50787013303e-05, 4.34942885477e-05, 4.88462828798e-05, 4.62045609311e-05, 7.85810261732e-05, 6.81258388795e-05, 0.000105291539512, 7.8915792983e-05, 6.76793933962e-05, 0.000212393963011, 0.000379881559638, 0.000839381827973, 0.000750413630158, 0.000111270346679, 2.12711802305e-06], "dmean2": [0.000118658412248, 0.0187241900712, 0.00903575960547, 0.00353500503115, 0.00376086449251, 0.00255845137872, 0.00130363262724, 0.000851757009514, 0.000495663203765, 0.000327640183968, 0.000174142696778, 9.33064438868e-05, 5.65226109757e-05, 6.70287845423e-05, 8.16576721263e-05, 7.50453327782e-05, 0.000127699138829, 0.000116661722132, 0.000175981724169, 0.00013544363901, 0.000116882001748, 0.000377067161025, 0.000669699977152, 0.00149958615657, 0.00118297233712, 0.000169560938957, 3.12352585752e-06], "dvar": [3.78971485304e-08, 0.000724205863662, 8.6353662482e-05, 1.22066476251e-05, 1.27535458887e-05, 9.28822191781e-06, 3.10170685225e-06, 4.54300061392e-06, 2.2133388029e-06, 1.97718395611e-06, 3.91083005979e-07, 4.10256610905e-08, 1.0477964274e-08, 6.36077075455e-08, 3.04434379927e-08, 2.16118269947e-08, 5.00853687413e-08, 6.36876791305e-08, 9.86634560718e-08, 9.30464736371e-08, 7.06480847157e-08, 5.01344857184e-07, 9.13078395115e-07, 3.89432170778e-06, 4.512646683e-06, 9.04524313228e-08, 5.3616635437e-11], "dvar2": [9.86064847552e-08, 0.00187706050929, 0.000230266465223, 3.18517923006e-05, 3.02067164739e-05, 2.06021031772e-05, 8.07634751254e-06, 7.80781374488e-06, 5.86461283092e-06, 4.1553862502e-06, 8.7220939804e-07, 9.11192401531e-08, 2.37036292816e-08, 1.55436978844e-07, 8.17754823856e-08, 5.29125827597e-08, 1.2147197026e-07, 1.74985956392e-07, 2.66629200496e-07, 2.60589274603e-07, 2.02718652531e-07, 1.43336433212e-06, 2.59397620539e-06, 1.0914761333e-05, 1.12461611934e-05, 2.10153771718e-07, 1.17164014601e-10], "max": [0.00295194145292, 0.258331477642, 0.102940306067, 0.0489424318075, 0.0689545422792, 0.0688691735268, 0.0353521928191, 0.0595076903701, 0.0344997011125, 0.04352068156, 0.0375967398286, 0.00544692855328, 0.00408597011119, 0.0141461603343, 0.00307132652961, 0.00497215567157, 0.0085536679253, 0.00545189203694, 0.0046239621006, 0.00534777110443, 0.00867667514831, 0.0168666355312, 0.0223313551396, 0.019216157496, 0.0258242562413, 0.00363320694305, 0.000117694224173], "mean": [6.81787787471e-05, 0.0161938574165, 0.0108787538484, 0.00388510152698, 0.00447983900085, 0.00456300843507, 0.00230852770619, 0.00164042809047, 0.000503792078234, 0.000608257134445, 0.00023196201073, 0.000113194080768, 5.43565292901e-05, 7.05637721694e-05, 5.98305523454e-05, 5.70895572309e-05, 9.90103289951e-05, 7.65073273215e-05, 0.000155043948325, 9.75245638983e-05, 0.00010211407789, 0.000293417280773, 0.000668254622724, 0.00124007719569, 0.00106457818765, 0.000106532395876, 1.99703276849e-06], "median": [1.42004782901e-05, 0.0102083450183, 0.00750718591735, 0.00193516141735, 0.00284008122981, 0.00191946467385, 0.000563091714866, 0.000258495856542, 8.66455302457e-05, 8.98335420061e-05, 5.84252920817e-05, 2.21592563321e-05, 1.51693711814e-05, 1.36666440085e-05, 1.14556569315e-05, 1.04465207187e-05, 2.71002900263e-05, 1.19264759633e-05, 5.30893084942e-05, 1.84796372196e-05, 5.55802544113e-05, 0.000158908602316, 0.000456631794805, 0.000771742430516, 0.000470855331514, 4.53441543868e-06, 6.41905302246e-08], "min": [3.46394061519e-23, 1.95024401799e-23, 1.50889054102e-23, 6.85697778113e-24, 4.62886792224e-23, 3.57461464475e-23, 1.16127443929e-22, 6.57314499634e-23, 1.19913850057e-22, 7.31765046167e-23, 9.32424754729e-23, 1.74630870652e-22, 1.01229597475e-22, 1.17470135677e-22, 2.98364511429e-22, 1.89889598882e-22, 4.17384664122e-22, 1.7206159486e-22, 1.96451129322e-22, 3.88033888764e-22, 5.39993995094e-22, 5.98179163772e-22, 5.28182891942e-22, 8.55392701904e-22, 1.20540278822e-21, 1.70416391994e-21, 2.09580243604e-21], "var": [3.18624344686e-08, 0.000651887094136, 0.000135342750582, 2.72122742899e-05, 2.96397956845e-05, 5.02596267324e-05, 1.5623827494e-05, 1.80204642675e-05, 2.79331152342e-06, 6.43533257971e-06, 1.71733927345e-06, 7.55041611455e-08, 2.10560049396e-08, 8.40257996515e-08, 2.7571614325e-08, 2.2497733454e-08, 5.54868435643e-08, 5.08677544531e-08, 1.00558416705e-07, 7.31646849772e-08, 4.76707597841e-08, 3.3445874692e-07, 7.01443127582e-07, 2.8965898764e-06, 4.38669258074e-06, 9.66829816207e-08, 5.82842593633e-11]}, "erbbands": {"dmean": [0.163477659225, 2.98537063599, 6.71236276627, 6.03236865997, 6.57224178314, 8.75983905792, 11.604929924, 12.5484905243, 13.0928964615, 12.0208482742, 10.9875335693, 7.94681930542, 8.21470832825, 4.3209195137, 3.78331494331, 2.91757178307, 1.65763771534, 2.25407457352, 2.433822155, 2.15102910995, 2.87509512901, 4.39883565903, 3.93882536888, 4.20330476761, 5.20826816559, 3.85525822639, 3.15834569931, 3.2405192852, 6.66000413895, 9.66930007935, 11.1278247833, 17.1154823303, 13.1380968094, 10.4416666031, 4.44834899902, 1.07103383541, 0.0891298502684, 0.00591165805236, 0.000489031546749, 4.43156823167e-05], "dmean2": [0.270688265562, 5.05601549149, 11.3934364319, 9.92900180817, 11.2938375473, 14.3074970245, 18.3184986115, 20.2154197693, 20.7643966675, 18.4960441589, 15.3953886032, 12.9129419327, 12.3403835297, 6.27378845215, 6.27558994293, 4.436003685, 2.64222764969, 3.4649040699, 3.91475367546, 3.55417823792, 4.61277484894, 7.20484542847, 6.69842815399, 7.00803899765, 8.72079086304, 6.6572227478, 5.38955402374, 5.71467876434, 11.8052492142, 17.2926158905, 19.5113296509, 30.7818241119, 23.0068454742, 17.1769943237, 6.78800153732, 1.6164444685, 0.134528040886, 0.00856416206807, 0.000691817316692, 6.52318922221e-05], "dvar": [0.149410367012, 52.7273712158, 178.091522217, 85.540473938, 124.08379364, 238.212509155, 532.63079834, 647.794128418, 1003.38238525, 1003.41479492, 2151.21313477, 1520.42712402, 2791.16552734, 795.810119629, 206.444625854, 98.4131469727, 20.3427314758, 166.688964844, 54.1736297607, 63.7525024414, 73.3552474976, 173.27947998, 208.310836792, 171.030151367, 242.747543335, 249.924926758, 116.148483276, 241.707717896, 765.076721191, 700.886962891, 751.149536133, 1970.34289551, 806.986450195, 923.619567871, 147.394470215, 7.76843261719, 0.0593362301588, 0.00026477931533, 2.28938642977e-06, 6.67086963446e-09], "dvar2": [0.369860112667, 137.964233398, 477.99621582, 210.45916748, 343.034210205, 549.40814209, 1204.65881348, 1504.69128418, 2081.27563477, 1883.09887695, 3911.96923828, 3946.58056641, 5914.33642578, 1690.75891113, 572.9765625, 216.391418457, 46.6208839417, 403.230285645, 137.866210938, 172.200256348, 177.338241577, 426.589691162, 567.189941406, 460.569244385, 667.122741699, 704.298278809, 328.105072021, 697.421020508, 2204.73730469, 2015.5057373, 2132.79907227, 5637.50732422, 2179.44604492, 2353.14648438, 360.797668457, 18.2422142029, 0.132808253169, 0.000515934661962, 4.67370273327e-06, 1.35043114469e-08], "max": [3.93455910683, 69.6167144775, 123.964729309, 132.872116089, 224.307220459, 367.996459961, 679.539123535, 625.347473145, 832.94329834, 777.187683105, 1624.37268066, 974.546936035, 1681.83825684, 1468.43212891, 634.516723633, 277.798095703, 172.70652771, 725.964233398, 210.734100342, 188.635635376, 313.359649658, 536.335571289, 381.797973633, 179.818984985, 278.230529785, 291.36807251, 336.387939453, 308.618713379, 747.934753418, 516.187866211, 671.833984375, 512.062805176, 304.273193359, 436.312713623, 144.176132202, 33.2202720642, 3.2495033741, 0.232932344079, 0.0271221715957, 0.00127668178175], "mean": [0.241202861071, 4.41404819489, 12.7350711823, 14.3382062912, 11.1888103485, 15.523566246, 25.8181838989, 33.7788238525, 42.0599365234, 35.819896698, 26.6223812103, 15.7453918457, 21.3676242828, 11.2556695938, 7.55597305298, 5.76383018494, 2.81373906136, 3.78962874413, 3.53365135193, 2.58217668533, 3.68169164658, 5.39244174957, 4.54240036011, 5.9161400795, 7.39490461349, 4.69175863266, 4.91799592972, 3.95520186424, 9.13714027405, 13.1208162308, 21.0570869446, 25.4838619232, 20.805103302, 13.8592576981, 6.27715110779, 1.16966891289, 0.0905166119337, 0.00649166852236, 0.000553752062842, 9.730317106e-05], "median": [0.117588624358, 2.73128056526, 8.55695533752, 8.63213062286, 7.05820465088, 9.09895896912, 12.8195066452, 12.518075943, 10.0616817474, 7.29783391953, 4.79621696472, 3.09658670425, 2.93443870544, 2.71998023987, 2.32319879532, 1.28694415092, 0.968509793282, 0.865543544292, 0.847806572914, 0.577677845955, 0.836453795433, 1.33544397354, 0.862086772919, 1.63147115707, 2.53303265572, 0.942217946053, 2.58667993546, 1.60375237465, 4.72518730164, 7.12084293365, 15.0062942505, 16.2965126038, 13.0196437836, 6.63484954834, 2.20962405205, 0.161729753017, 0.00659807212651, 0.000491174287163, 8.67169801495e-05, 7.03340629116e-05], "min": [6.91568430482e-22, 4.06579465909e-21, 1.4813723943e-20, 2.84046843014e-20, 2.95763727144e-20, 1.67642109807e-19, 2.29939614979e-19, 4.57763146854e-19, 1.87165205945e-18, 8.97989754529e-19, 2.21077543108e-18, 2.55369990442e-18, 1.09673819807e-18, 3.41983968985e-18, 5.4847591907e-18, 7.40920398479e-18, 4.84814651561e-18, 6.09919639433e-18, 7.45295687611e-18, 1.82253266847e-17, 1.37645840051e-17, 1.9958448739e-17, 1.18771365182e-17, 7.5680011557e-18, 1.53303831379e-17, 1.70010050795e-17, 1.7768061242e-17, 2.44158669797e-17, 1.87719524489e-17, 2.20895174598e-17, 1.27495043533e-17, 1.76586004316e-17, 1.50208273373e-17, 1.35850477619e-17, 8.30704319244e-18, 4.90806334328e-18, 3.63889283248e-18, 1.25579613767e-18, 2.54572743428e-19, 3.29051316763e-20], "var": [0.150264427066, 46.7106628418, 203.699661255, 256.022888184, 210.297225952, 507.661590576, 1869.19848633, 3247.53637695, 6742.83544922, 5107.09716797, 6830.49072266, 2179.40771484, 8534.54003906, 3854.68725586, 381.053283691, 190.04649353, 40.5684280396, 223.821716309, 68.0790481567, 51.5174980164, 80.6899719238, 183.297531128, 169.447967529, 171.879577637, 235.988342285, 185.254577637, 89.0512619019, 148.476608276, 483.399902344, 484.130340576, 597.069885254, 1325.06835938, 720.112976074, 810.818725586, 157.829071045, 8.53835201263, 0.0676648765802, 0.000362144113751, 2.83830604531e-06, 1.01228581073e-08]}, "gfcc": {"mean": [-11.9885540009, 70.5200500488, -44.5094337463, 61.6412506104, -89.2169342041, 34.7599945068, -52.9651794434, 18.5522613525, -21.812379837, -6.90727472305, -3.52251029015, -5.48438405991, -6.84520816803], "cov": [[18995.8203125, -250.961578369, -1887.36901855, 166.077667236, -1423.95507812, 251.733734131, -1026.24536133, 259.408843994, -444.847747803, 229.51348877, -277.163574219, 0.725334882736, -197.971710205], [-250.961578369, 1880.94763184, -35.770652771, -255.108627319, 17.0987625122, -14.5100603104, 251.131698608, -163.914108276, 234.93939209, -106.912956238, 250.961288452, -204.782653809, 134.414047241], [-1887.36901855, -35.770652771, 1071.72399902, 183.803771973, 150.945388794, 72.7300567627, 93.9671707153, 72.8445510864, -8.09073066711, -41.5214004517, 4.8209271431, 65.1124191284, 1.74609720707], [166.077667236, -255.108627319, 183.803771973, 658.770080566, 112.471824646, -6.72274446487, -34.4853286743, -11.9129476547, -36.5806808472, -86.4050979614, -11.5471982956, 9.56809139252, 20.3741817474], [-1423.95507812, 17.0987625122, 150.945388794, 112.471824646, 404.098724365, -20.3316879272, 118.799697876, -19.3594760895, 54.1285438538, 2.4551217556, 10.2867803574, 23.2326221466, 14.3624601364], [251.733734131, -14.5100603104, 72.7300567627, -6.72274446487, -20.3316879272, 161.9634552, 31.5840263367, 59.904499054, 17.4041748047, 15.7921380997, 11.0269212723, 12.0676040649, 9.56084060669], [-1026.24536133, 251.131698608, 93.9671707153, -34.4853286743, 118.799697876, 31.5840263367, 206.45892334, 13.5744438171, 66.1738586426, -24.1858596802, 35.5205764771, -16.5565948486, 42.5141639709], [259.408843994, -163.914108276, 72.8445510864, -11.9129476547, -19.3594760895, 59.904499054, 13.5744438171, 121.595542908, 8.20364761353, 29.7965164185, -32.2224693298, 21.1260547638, -19.1525058746], [-444.847747803, 234.93939209, -8.09073066711, -36.5806808472, 54.1285438538, 17.4041748047, 66.1738586426, 8.20364761353, 122.262176514, 26.1803302765, 58.4876213074, -22.9794330597, 17.7347812653], [229.51348877, -106.912956238, -41.5214004517, -86.4050979614, 2.4551217556, 15.7921380997, -24.1858596802, 29.7965164185, 26.1803302765, 134.621063232, 27.1924686432, 31.7019252777, -30.514175415], [-277.163574219, 250.961288452, 4.8209271431, -11.5471982956, 10.2867803574, 11.0269212723, 35.5205764771, -32.2224693298, 58.4876213074, 27.1924686432, 118.510131836, -0.421593874693, 27.8382987976], [0.725334882736, -204.782653809, 65.1124191284, 9.56809139252, 23.2326221466, 12.0676040649, -16.5565948486, 21.1260547638, -22.9794330597, 31.7019252777, -0.421593874693, 94.2862472534, 4.19486045837], [-197.971710205, 134.414047241, 1.74609720707, 20.3741817474, 14.3624601364, 9.56084060669, 42.5141639709, -19.1525058746, 17.7347812653, -30.514175415, 27.8382987976, 4.19486045837, 67.3114547729]], "icov": [[0.000255667691818, -0.00069882767275, 0.000509289326146, -0.000562231289223, 0.000434313231381, -0.000529830693267, 0.000919567013625, -0.000967808882706, 0.00102854229044, -0.000869474723004, 0.00107436603867, -0.000944389379583, 0.000380187615519], [-0.00069882767275, 0.00372114614584, -0.00163961236831, 0.00232188892551, -0.00103881966788, 0.00155169074424, -0.00307776127011, 0.00371507834643, -0.00421967962757, 0.00368891679682, -0.00551923271269, 0.00548280030489, -0.00241911644116], [0.000509289326146, -0.00163961236831, 0.00225814245641, -0.00145270989742, 0.000526525895111, -0.00136951217428, 0.00144896516576, -0.00277536199428, 0.00258435262367, -0.00113437138498, 0.00188539188821, -0.00311335176229, 0.00174959946889], [-0.000562231289223, 0.00232188892551, -0.00145270989742, 0.00360555318184, -0.00184567575343, 0.00112430984154, -0.000943849503528, 0.00194151268806, -0.00236698542722, 0.00399569841102, -0.00422096299008, 0.00354455574416, -0.00200135586783], [0.000434313231381, -0.00103881966788, 0.000526525895111, -0.00184567575343, 0.0048816637136, -0.000252415164141, -0.00130619085394, 0.000644786341581, -0.000423411751399, -0.00253422930837, 0.00358776934445, -0.0032857931219, 0.00158316583838], [-0.000529830693267, 0.00155169074424, -0.00136951217428, 0.00112430984154, -0.000252415164141, 0.00943902134895, -0.00270424666815, -0.00221949047409, -0.00199314602651, 0.00134530942887, -0.00370486592874, 0.00224544107914, -0.00264470465481], [0.000919567013625, -0.00307776127011, 0.00144896516576, -0.000943849503528, -0.00130619085394, -0.00270424666815, 0.0128848841414, -0.00647750496864, 0.00228089373559, -0.00117587449495, 0.00297094439156, -0.00214116973802, -0.00244904728606], [-0.000967808882706, 0.00371507834643, -0.00277536199428, 0.00194151268806, 0.000644786341581, -0.00221949047409, -0.00647750496864, 0.0196616724133, -0.00874744635075, 0.000928977387957, 0.00146530673373, 0.0018922284944, 0.00108449684922], [0.00102854229044, -0.00421967962757, 0.00258435262367, -0.00236698542722, -0.000423411751399, -0.00199314602651, 0.00228089373559, -0.00874744635075, 0.0210099220276, -0.00706296227872, -0.00060544651933, -0.000508676632307, 8.93240794539e-05], [-0.000869474723004, 0.00368891679682, -0.00113437138498, 0.00399569841102, -0.00253422930837, 0.00134530942887, -0.00117587449495, 0.000928977387957, -0.00706296227872, 0.0179166831076, -0.0103922626004, 0.000441777869128, 0.00450650881976], [0.00107436603867, -0.00551923271269, 0.00188539188821, -0.00422096299008, 0.00358776934445, -0.00370486592874, 0.00297094439156, 0.00146530673373, -0.00060544651933, -0.0103922626004, 0.0244210362434, -0.0096147749573, -0.000341230363119], [-0.000944389379583, 0.00548280030489, -0.00311335176229, 0.00354455574416, -0.0032857931219, 0.00224544107914, -0.00214116973802, 0.0018922284944, -0.000508676632307, 0.000441777869128, -0.0096147749573, 0.0241474639624, -0.00963949970901], [0.000380187615519, -0.00241911644116, 0.00174959946889, -0.00200135586783, 0.00158316583838, -0.00264470465481, -0.00244904728606, 0.00108449684922, 8.93240794539e-05, 0.00450650881976, -0.000341230363119, -0.00963949970901, 0.0260201171041]]}, "melbands": {"dmean": [0.00236433907412, 0.00372570590116, 0.00101437687408, 0.000529802287929, 0.000382477388484, 0.000292722252198, 0.000198779816856, 0.000132778601255, 8.15116654849e-05, 4.86386634293e-05, 3.98876291001e-05, 1.68431506609e-05, 1.2793067981e-05, 8.49509615364e-06, 5.04021636516e-06, 3.39574262398e-06, 4.69653195978e-06, 3.68534347217e-06, 3.4989584492e-06, 3.10766813527e-06, 3.56273994839e-06, 4.70269878861e-06, 4.33727109339e-06, 2.9825018828e-06, 3.49683682543e-06, 4.61709396404e-06, 2.91775927508e-06, 2.62788012151e-06, 2.01226271201e-06, 1.597061555e-06, 2.13852104025e-06, 3.96147788706e-06, 4.60985575046e-06, 5.98981932853e-06, 6.06439380135e-06, 9.19191734283e-06, 1.13142295959e-05, 8.72178316058e-06, 1.10804712676e-05, 8.28080646897e-06], "dmean2": [0.00394400442019, 0.00629840418696, 0.00168724835385, 0.000875817611814, 0.000606287852861, 0.000464634445962, 0.000318334583426, 0.000200137859792, 0.000115561662824, 8.04716910352e-05, 5.98201222601e-05, 2.46014260483e-05, 2.0814833988e-05, 1.33792027555e-05, 7.78944104241e-06, 5.54594635105e-06, 7.21800324754e-06, 5.9321550907e-06, 5.90011086388e-06, 5.13347686137e-06, 5.73081160837e-06, 7.67490291764e-06, 7.41581015973e-06, 5.08436960445e-06, 5.85851375945e-06, 7.76430260885e-06, 4.99404586662e-06, 4.56617271993e-06, 3.38720064974e-06, 2.78979996438e-06, 3.80312371817e-06, 7.08349216438e-06, 8.13663791632e-06, 1.08357116915e-05, 1.06453244371e-05, 1.61958632816e-05, 2.05993037525e-05, 1.54563786054e-05, 1.89824568224e-05, 1.36378330353e-05], "dvar": [3.20001308864e-05, 6.58756907796e-05, 2.23523647946e-06, 7.4854557397e-07, 4.87011959649e-07, 3.65878889852e-07, 2.14920561348e-07, 1.37172392556e-07, 1.22809510117e-07, 6.56943797139e-08, 6.81615830445e-08, 1.255838189e-08, 3.16250536869e-09, 6.46526443493e-10, 2.12886125395e-10, 1.07483716372e-10, 8.63550841945e-10, 1.27600846556e-10, 2.20089405034e-10, 1.00492066057e-10, 1.02823805026e-10, 1.99113947552e-10, 2.54811921563e-10, 1.10141076815e-10, 1.16485571189e-10, 1.92317120562e-10, 1.00390112889e-10, 1.22625617993e-10, 4.1402232337e-11, 4.30830232601e-11, 1.2665329896e-10, 4.66909011454e-10, 1.00856101248e-10, 3.26856375299e-10, 2.87925711051e-10, 5.36198696555e-10, 9.15948539237e-10, 3.28738480881e-10, 7.06309899456e-10, 7.18494319596e-10], "dvar2": [8.1060512457e-05, 0.000174449000042, 5.71940245209e-06, 1.77504693966e-06, 1.11778490464e-06, 7.98085466158e-07, 4.70678912734e-07, 2.41049548322e-07, 2.26394050173e-07, 1.70934100652e-07, 1.44254272527e-07, 2.65311701497e-08, 7.95770382922e-09, 1.55653956391e-09, 4.59265181441e-10, 2.34408936706e-10, 2.0989365801e-09, 3.23539028901e-10, 6.0687488368e-10, 2.52863036065e-10, 2.50010540048e-10, 4.83834861065e-10, 6.85299594849e-10, 3.0394928241e-10, 3.14197806661e-10, 5.23498022709e-10, 2.808907551e-10, 3.45627165776e-10, 1.14957689201e-10, 1.25139537621e-10, 3.65915547862e-10, 1.35834810067e-09, 2.8528251983e-10, 9.45131528596e-10, 8.30766899718e-10, 1.52338952564e-09, 2.63300004022e-09, 9.03172869826e-10, 1.85952586662e-09, 1.8443572225e-09], "max": [0.0553668551147, 0.0797811597586, 0.0184734724462, 0.0178414769471, 0.0200914256275, 0.0155892521143, 0.0114785851911, 0.00945406779647, 0.012085262686, 0.00666201161221, 0.00835406407714, 0.00539183290675, 0.00249277357943, 0.000637718767393, 0.000362955208402, 0.000548295851331, 0.00166935881134, 0.000351241382305, 0.000318418227835, 0.000243801929173, 0.000358716526534, 0.000623220810667, 0.000527578580659, 0.00017583524459, 0.000150010222569, 0.00021558982553, 0.000286838621832, 0.000211036982364, 0.000144647245179, 0.000262748944806, 0.000233434446272, 0.00061466434272, 0.000284851674223, 0.000329907867126, 0.000507712131366, 0.000292852462735, 0.000347974419128, 0.000200316935661, 0.000258784042671, 0.000377182819648], "mean": [0.00344942184165, 0.00672523677349, 0.00237501878291, 0.000929275411181, 0.000847479386721, 0.000833415426314, 0.000630638096482, 0.000389804452425, 0.000187858546269, 9.17392899282e-05, 0.000102823934867, 4.22806224378e-05, 2.49383847404e-05, 1.68619062606e-05, 9.00310351426e-06, 5.34628907189e-06, 7.57558973419e-06, 5.58008241569e-06, 3.92006995753e-06, 3.79493712899e-06, 4.45227897217e-06, 5.69089797864e-06, 5.00518171975e-06, 3.33907178174e-06, 4.76868444821e-06, 6.44723877485e-06, 3.70781776837e-06, 3.01083241538e-06, 2.99923999592e-06, 2.57126316683e-06, 2.16682974497e-06, 4.60751152787e-06, 7.03492332832e-06, 7.16340082363e-06, 1.07771365947e-05, 1.63105432875e-05, 1.47001355799e-05, 1.39880121424e-05, 1.53058063006e-05, 1.01363166323e-05], "median": [0.00215770630166, 0.00500621413812, 0.00163715018425, 0.000578168779612, 0.000454687338788, 0.000298933766317, 0.000144752557389, 7.11750544724e-05, 3.15305005643e-05, 1.5991869077e-05, 1.33200455821e-05, 9.54856841417e-06, 6.82655991113e-06, 4.6416571422e-06, 2.01773264052e-06, 1.60272782068e-06, 1.34410242936e-06, 1.35506718379e-06, 7.27688643565e-07, 7.26522785044e-07, 9.81529069577e-07, 1.3555076066e-06, 1.17618355944e-06, 5.14282874065e-07, 1.26909321807e-06, 2.26405086323e-06, 8.78224852841e-07, 5.52540427634e-07, 1.34468427859e-06, 1.58262912464e-06, 5.76303932576e-07, 1.91156641449e-06, 4.39973882749e-06, 3.40074848282e-06, 7.26500775272e-06, 1.1254133824e-05, 8.78790160641e-06, 9.09382470127e-06, 7.73161264078e-06, 4.37529524788e-06], "min": [7.11603496924e-24, 7.38664423644e-24, 4.11558555572e-24, 6.54975195729e-24, 8.77270282363e-24, 1.0868739381e-23, 2.64719221479e-23, 8.80034766519e-24, 2.13558373223e-23, 1.5098083018e-23, 5.56352160345e-24, 1.38008801454e-23, 1.55817367944e-23, 2.15510772409e-23, 1.3293383837e-23, 8.89786191713e-24, 1.23612926126e-23, 9.07245261268e-24, 2.44353893687e-23, 1.98041920979e-23, 1.60323514984e-23, 2.21073882622e-23, 1.54955774063e-23, 8.77006723935e-24, 5.4419845648e-24, 8.2745347954e-24, 1.30010540736e-23, 1.15777833398e-23, 9.87910627561e-24, 1.36915235136e-23, 1.37907559045e-23, 8.76653550907e-24, 1.46290121242e-23, 1.11606699807e-23, 5.61822121862e-24, 1.02101556988e-23, 1.0921965404e-23, 1.1338143174e-23, 1.03920086478e-23, 1.13308304334e-23], "var": [2.99101156997e-05, 6.36153054074e-05, 5.59626278118e-06, 1.54131146246e-06, 1.61076445693e-06, 2.07465859603e-06, 1.39196470172e-06, 6.89185412739e-07, 3.77187689082e-07, 9.00397409964e-08, 2.08513881716e-07, 5.92278581735e-08, 9.25939147578e-09, 1.19274534693e-09, 3.82149673017e-10, 2.63983751525e-10, 1.14331477619e-09, 1.67695260456e-10, 1.63932201147e-10, 9.73824493267e-11, 1.15526775646e-10, 2.1272687778e-10, 2.112491293e-10, 8.91164850247e-11, 1.16552517637e-10, 1.85200660363e-10, 8.57599685711e-11, 8.86113751819e-11, 3.56536848656e-11, 2.77264843029e-11, 7.56600615492e-11, 2.73212397151e-10, 8.38567687511e-11, 2.12153503099e-10, 2.14279052835e-10, 4.09094036424e-10, 5.80221315438e-10, 2.89938462128e-10, 6.40780484229e-10, 5.94974736146e-10]}, "mfcc": {"mean": [-657.21887207, 82.6627044678, 90.2130126953, 22.2726154327, 16.8333892822, -0.505454838276, 0.133286342025, 10.2797842026, -6.89212608337, 2.62982749939, -2.5827050209, 2.26189279556, 2.24478054047], "cov": [[9546.42871094, 126.565979004, -302.020172119, -575.620788574, -201.475479126, -369.747406006, -394.815917969, -232.432678223, -295.41809082, 13.9070425034, -11.6434955597, -20.0199298859, 21.6996498108], [126.565979004, 1300.39624023, -27.0467281342, -246.375976562, -178.746444702, 21.8130149841, 21.2833709717, -53.3921928406, 8.84546089172, 101.750320435, 59.2634849548, 13.568192482, 34.4546394348], [-302.020172119, -27.0467281342, 832.511535645, 109.660514832, 70.0158004761, 2.78426527977, 72.3467254639, 115.930938721, 8.97538280487, -33.5152626038, -29.1297607422, 39.2791175842, -2.20799541473], [-575.620788574, -246.375976562, 109.660514832, 523.983215332, 195.725494385, 104.85459137, 69.8864212036, 67.7592010498, 17.5675907135, -29.572221756, -23.7023887634, -24.4647769928, -15.0143651962], [-201.475479126, -178.746444702, 70.0158004761, 195.725494385, 220.528091431, 79.7477111816, 33.084941864, 40.0944900513, 14.3099784851, -3.51847743988, 7.28444910049, 13.816072464, 12.8804740906], [-369.747406006, 21.8130149841, 2.78426527977, 104.85459137, 79.7477111816, 130.819458008, 60.7594947815, 30.1322879791, 26.2145137787, 9.02671337128, 11.383564949, 12.5105581284, 14.4843606949], [-394.815917969, 21.2833709717, 72.3467254639, 69.8864212036, 33.084941864, 60.7594947815, 111.720558167, 59.3240661621, 42.2398910522, 12.6248111725, 4.29684400558, -2.59095931053, 4.25958824158], [-232.432678223, -53.3921928406, 115.930938721, 67.7592010498, 40.0944900513, 30.1322879791, 59.3240661621, 127.875404358, 59.546131134, 9.18656539917, -10.0713281631, -2.24636769295, -11.2754993439], [-295.41809082, 8.84546089172, 8.97538280487, 17.5675907135, 14.3099784851, 26.2145137787, 42.2398910522, 59.546131134, 99.0143585205, 35.5099220276, 15.8684015274, -4.46578884125, -11.8716278076], [13.9070425034, 101.750320435, -33.5152626038, -29.572221756, -3.51847743988, 9.02671337128, 12.6248111725, 9.18656539917, 35.5099220276, 82.3839111328, 44.8777580261, 8.0948677063, -1.46194159985], [-11.6434955597, 59.2634849548, -29.1297607422, -23.7023887634, 7.28444910049, 11.383564949, 4.29684400558, -10.0713281631, 15.8684015274, 44.8777580261, 79.3898010254, 38.7707176208, 23.0916843414], [-20.0199298859, 13.568192482, 39.2791175842, -24.4647769928, 13.816072464, 12.5105581284, -2.59095931053, -2.24636769295, -4.46578884125, 8.0948677063, 38.7707176208, 83.9755249023, 46.761756897], [21.6996498108, 34.4546394348, -2.20799541473, -15.0143651962, 12.8804740906, 14.4843606949, 4.25958824158, -11.2754993439, -11.8716278076, -1.46194159985, 23.0916843414, 46.761756897, 78.9436187744]], "icov": [[0.000138803967275, -6.74805005474e-06, 1.97755089175e-05, 9.80084005278e-05, -9.46405925788e-05, 0.000201986826141, 0.00029939218075, -0.000146459729876, 0.000384987302823, -0.000218470639084, 1.74563192559e-05, 0.000137602488394, -0.000107471911178], [-6.74805005474e-06, 0.00110621086787, -0.000213203704334, 0.000264740810962, 0.000986791099422, -0.000966440071352, -0.000151465341332, 0.000441774784122, 0.00020809812122, -0.00135747995228, -4.93854568049e-05, 0.000496688298881, -0.000622582039796], [1.97755089175e-05, -0.000213203704334, 0.00166383513715, -0.000152307024109, -0.000554820813704, 0.00114812364336, -0.00101822149009, -0.00139319396112, 0.000713367247954, 0.000582442560699, 0.000606153276749, -0.00165401946288, 0.000761512201279], [9.80084005278e-05, 0.000264740810962, -0.000152307024109, 0.00347687699832, -0.00228491658345, -0.0011481421534, -0.000525670591742, -0.000541885616258, 0.000755874847528, 0.000665002909955, -0.000208863741136, 0.00144034915138, 0.000382854952477], [-9.46405925788e-05, 0.000986791099422, -0.000554820813704, -0.00228491658345, 0.00901315081865, -0.00431188894436, 0.00150257430505, -0.000721386575606, 8.4288752987e-05, -0.00104615371674, -0.00101193680894, -4.97278560943e-05, -0.00139956350904], [0.000201986826141, -0.000966440071352, 0.00114812364336, -0.0011481421534, -0.00431188894436, 0.0149428443983, -0.00611185794696, 0.000443672121037, -0.000607576628681, 0.000414504582295, 0.000707947299816, -0.00265925051644, -0.000180552146048], [0.00029939218075, -0.000151465341332, -0.00101822149009, -0.000525670591742, 0.00150257430505, -0.00611185794696, 0.0175161380321, -0.00494234915823, -0.00168590433896, -0.000807393691503, -0.00139609584585, 0.00381609029137, -0.00304000545293], [-0.000146459729876, 0.000441774784122, -0.00139319396112, -0.000541885616258, -0.000721386575606, 0.000443672121037, -0.00494234915823, 0.0158762969077, -0.00799052696675, -0.000936664699111, 0.0041067074053, -0.00214589014649, 0.00112688809168], [0.000384987302823, 0.00020809812122, 0.000713367247954, 0.000755874847528, 8.4288752987e-05, -0.000607576628681, -0.00168590433896, -0.00799052696675, 0.0194026809186, -0.00579630862921, -0.00225138617679, 0.00149617239367, 0.00159722869284], [-0.000218470639084, -0.00135747995228, 0.000582442560699, 0.000665002909955, -0.00104615371674, 0.000414504582295, -0.000807393691503, -0.000936664699111, -0.00579630862921, 0.0237173680216, -0.0125976298004, 0.00166261254344, 0.00306734559126], [1.74563192559e-05, -4.93854568049e-05, 0.000606153276749, -0.000208863741136, -0.00101193680894, 0.000707947299816, -0.00139609584585, 0.0041067074053, -0.00225138617679, -0.0125976298004, 0.0265267062932, -0.0105984276161, -0.00136214459781], [0.000137602488394, 0.000496688298881, -0.00165401946288, 0.00144034915138, -4.97278560943e-05, -0.00265925051644, 0.00381609029137, -0.00214589014649, 0.00149617239367, 0.00166261254344, -0.0105984276161, 0.0246012546122, -0.0112597811967], [-0.000107471911178, -0.000622582039796, 0.000761512201279, 0.000382854952477, -0.00139956350904, -0.000180552146048, -0.00304000545293, 0.00112688809168, 0.00159722869284, 0.00306734559126, -0.00136214459781, -0.0112597811967, 0.0210142079741]]}, "spectral_contrast_coeffs": {"dmean": [0.0476706922054, 0.0410048738122, 0.0304340589792, 0.0232985429466, 0.0186748411506, 0.0129969920963], "dmean2": [0.0799340754747, 0.0681808665395, 0.0497937239707, 0.0388722792268, 0.0308114998043, 0.0204252358526], "dvar": [0.00174083863385, 0.00124026043341, 0.000770184386056, 0.000429373467341, 0.000251149904216, 0.000178597532795], "dvar2": [0.00476163160056, 0.00326842186041, 0.00187642546371, 0.00110661436338, 0.000657979981042, 0.000458696013084], "max": [-0.277901440859, -0.37343198061, -0.422789394855, -0.621937155724, -0.676351487637, -0.670733273029], "mean": [-0.623608410358, -0.69353967905, -0.761327028275, -0.814965724945, -0.803424835205, -0.793591737747], "median": [-0.634696602821, -0.700483083725, -0.769146859646, -0.821376860142, -0.803751587868, -0.788753628731], "min": [-0.955190360546, -0.97264200449, -0.962908387184, -0.960434317589, -0.966383635998, -0.962995648384], "var": [0.00830703321844, 0.00703218067065, 0.00582994986326, 0.00218711444177, 0.00123560731299, 0.00114548241254]}, "spectral_contrast_valleys": {"dmean": [0.405947446823, 0.328889966011, 0.333782732487, 0.342547118664, 0.305620849133, 0.274649590254], "dmean2": [0.658999979496, 0.536040723324, 0.525104761124, 0.526252567768, 0.444377928972, 0.386626541615], "dvar": [0.138021662831, 0.118011727929, 0.129161447287, 0.203088477254, 0.190088227391, 0.145507007837], "dvar2": [0.327768236399, 0.253902971745, 0.251567095518, 0.370281875134, 0.357621133327, 0.315931349993], "max": [-5.00632238388, -4.39690685272, -6.04768705368, -5.84340238571, -5.52892971039, 