{"lowlevel": {"average_loudness": 0.0138121554628, "barkbands_crest": {"dmean": 1.07738387585, "dmean2": 1.84086930752, "dvar": 2.06066513062, "dvar2": 5.58725786209, "max": 26.3897323608, "mean": 6.04045057297, "median": 5.65374755859, "min": 2.21989297867, "var": 4.40099716187}, "barkbands_flatness_db": {"dmean": 0.0304619893432, "dmean2": 0.0517859309912, "dvar": 0.000791236176156, "dvar2": 0.00201166630723, "max": 0.624228894711, "mean": 0.384258836508, "median": 0.440797299147, "min": 0.0275813303888, "var": 0.0192834120244}, "barkbands_kurtosis": {"dmean": 6.23344039917, "dmean2": 10.9134149551, "dvar": 42.9116401672, "dvar2": 111.995231628, "max": 109.585098267, "mean": 11.3431034088, "median": 8.03313732147, "min": -1.91013109684, "var": 128.999221802}, "barkbands_skewness": {"dmean": 0.779951512814, "dmean2": 1.34907960892, "dvar": 0.487431317568, "dvar2": 1.32010984421, "max": 7.36972045898, "mean": -2.40266561508, "median": -2.78117012978, "min": -4.94512844086, "var": 2.98115587234}, "barkbands_spread": {"dmean": 11.6255750656, "dmean2": 20.4196033478, "dvar": 161.586471558, "dvar2": 439.865905762, "max": 109.937950134, "mean": 26.1292476654, "median": 20.2721939087, "min": 0.705273211002, "var": 388.75958252}, "dissonance": {"dmean": 0.0193419754505, "dmean2": 0.0337615869939, "dvar": 0.000354616699042, "dvar2": 0.00104833394289, "max": 0.500000119209, "mean": 0.470383673906, "median": 0.473911106586, "min": 0.0602991729975, "var": 0.000523431168403}, "dynamic_complexity": 3.01491117477, "erbbands_crest": {"dmean": 1.78672254086, "dmean2": 3.06032514572, "dvar": 4.25305318832, "dvar2": 11.5069732666, "max": 33.9747009277, "mean": 8.26466560364, "median": 7.36927175522, "min": 2.66481208801, "var": 12.1477985382}, "erbbands_flatness_db": {"dmean": 0.0234754886478, "dmean2": 0.0400182753801, "dvar": 0.000439627910964, "dvar2": 0.00112826086115, "max": 0.510295510292, "mean": 0.322749763727, "median": 0.358510494232, "min": 0.0390318594873, "var": 0.00977898295969}, "erbbands_kurtosis": {"dmean": 4.19096231461, "dmean2": 7.38333415985, "dvar": 19.3995342255, "dvar2": 54.0840148926, "max": 99.7231063843, "mean": 12.4889631271, "median": 13.8072452545, "min": -1.92907464504, "var": 91.4402542114}, "erbbands_skewness": {"dmean": 0.636511087418, "dmean2": 1.10296475887, "dvar": 0.391795665026, "dvar2": 1.02181601524, "max": 6.31500768661, "mean": -2.0677819252, "median": -2.58646392822, "min": -7.3131737709, "var": 2.48499083519}, "erbbands_spread": {"dmean": 8.76859283447, "dmean2": 15.3814907074, "dvar": 106.104873657, "dvar2": 294.469360352, "max": 118.066116333, "mean": 24.9634437561, "median": 18.1023426056, "min": 0.75369566679, "var": 363.199981689}, "hfc": {"dmean": 250.840637207, "dmean2": 445.321350098, "dvar": 128810.664062, "dvar2": 344425.4375, "max": 2326.28271484, "mean": 287.888275146, "median": 162.067199707, "min": 1.17180086405e-16, "var": 116025.585938}, "melbands_crest": {"dmean": 2.9067800045, "dmean2": 5.07145690918, "dvar": 8.75743675232, "dvar2": 23.8942565918, "max": 36.4265480042, "mean": 9.28716468811, "median": 7.45394134521, "min": 2.22846364975, "var": 20.3791656494}, "melbands_flatness_db": {"dmean": 0.0233341418207, "dmean2": 0.0398456268013, "dvar": 0.000572588527575, "dvar2": 0.00152953236829, "max": 0.679241895676, "mean": 0.318538367748, "median": 0.35439902544, "min": 0.00885517708957, "var": 0.00999964307994}, "melbands_kurtosis": {"dmean": 2.40921115875, "dmean2": 4.25433731079, "dvar": 18.2476139069, "dvar2": 48.2378349304, "max": 186.92048645, "mean": 1.0874171257, "median": -0.755016326904, "min": -1.93866956234, "var": 38.6036224365}, "melbands_skewness": {"dmean": 0.806095659733, "dmean2": 1.39986121655, "dvar": 0.543577134609, "dvar2": 1.41580665112, "max": 12.464963913, "mean": -0.115403793752, "median": -0.0828581079841, "min": -4.90767049789, "var": 2.12291026115}, "melbands_spread": {"dmean": 41.1146392822, "dmean2": 72.4005813599, "dvar": 1576.89953613, "dvar2": 4302.11669922, "max": 270.961639404, "mean": 151.58480835, "median": 166.831069946, "min": 1.42939269543, "var": 5007.23974609}, "pitch_salience": {"dmean": 0.0385575406253, "dmean2": 0.0657394230366, "dvar": 0.00154020357877, "dvar2": 0.00411029858515, "max": 0.917581319809, "mean": 0.725516974926, "median": 0.746181666851, "min": 0.0618740767241, "var": 0.0060166651383}, "silence_rate_20dB": {"dmean": 0.00113673275337, "dmean2": 0.00227355770767, "dvar": 0.00113590271212, "dvar2": 0.00291975517757, "max": 1, "mean": 0.997158288956, "median": 1, "min": 0, "var": 0.00283328699879}, "silence_rate_30dB": {"dmean": 0.0342643707991, "dmean2": 0.0685315281153, "dvar": 0.0330794267356, "dvar2": 0.0886445790529, "max": 1, "mean": 0.950432360172, "median": 1, "min": 0, "var": 0.0470990017056}, "silence_rate_60dB": {"dmean": 0.00828190986067, "dmean2": 0.0165644921362, "dvar": 0.00821087136865, "dvar2": 0.0201878454536, "max": 1, "mean": 0.0193236712366, "median": 0, "min": 0, "var": 0.0189432743937}, "spectral_centroid": {"dmean": 575.968261719, "dmean2": 990.376525879, "dvar": 347517.28125, "dvar2": 903972.0625, "max": 11518.7353516, "mean": 4738.06494141, "median": 5290.22753906, "min": 371.702148438, "var": 2649595.25}, "spectral_complexity": {"dmean": 1.28483271599, "dmean2": 2.22638130188, "dvar": 2.05063605309, "dvar2": 5.34383821487, "max": 60, "mean": 6.32667541504, "median": 3, "min": 0, "var": 49.972984314}, "spectral_decrease": {"dmean": 1.04724617866e-09, "dmean2": 1.71144254324e-09, "dvar": 1.31239756341e-17, "dvar2": 2.97567472018e-17, "max": 2.90831936312e-09, "mean": -2.68532907022e-09, "median": -4.64939808875e-10, "min": -2.3730424914e-07, "var": 1.04253086463e-16}, "spectral_energy": {"dmean": 0.0244401097298, "dmean2": 0.0426820926368, "dvar": 0.00117383070756, "dvar2": 0.00303760077804, "max": 1.04788136482, "mean": 0.0362473540008, "median": 0.0203952603042, "min": 1.10499212934e-20, "var": 0.00276384060271}, "spectral_energyband_high": {"dmean": 0.0223395284265, "dmean2": 0.039710432291, "dvar": 0.00100790662691, "dvar2": 0.00270608137362, "max": 0.190131008625, "mean": 0.0254991091788, "median": 0.0144932465628, "min": 7.90478834956e-21, "var": 0.000888316892087}, "spectral_energyband_low": {"dmean": 0.000483937590616, "dmean2": 0.000808664073702, "dvar": 1.45318490468e-05, "dvar2": 3.77298674721e-05, "max": 0.23406162858, "mean": 0.000889776449185, "median": 1.05192009414e-06, "min": 6.56540911076e-23, "var": 5.2772113122e-05}, "spectral_energyband_middle_high": {"dmean": 0.00237177149393, "dmean2": 0.0038014028687, "dvar": 0.00020707573276, "dvar2": 0.000474890432088, "max": 0.968386113644, "mean": 0.00626203836873, "median": 4.08440928368e-06, "min": 1.86866380971e-21, "var": 0.00124441483058}, "spectral_energyband_middle_low": {"dmean": 0.00172278063837, "dmean2": 0.00291107408702, "dvar": 3.48405155819e-05, "dvar2": 9.43489430938e-05, "max": 0.28532281518, "mean": 0.00392775982618, "median": 0.000636594078969, "min": 2.78822520919e-22, "var": 0.000150139603647}, "spectral_entropy": {"dmean": 0.122093379498, "dmean2": 0.209968149662, "dvar": 0.0190442875028, "dvar2": 0.0496513098478, "max": 9.80226325989, "mean": 8.24996566772, "median": 8.32798194885, "min": 4.85884380341, "var": 0.132112503052}, "spectral_flux": {"dmean": 0.0391453020275, "dmean2": 0.0624798350036, "dvar": 0.00274768541567, "dvar2": 0.00527138961479, "max": 0.781700015068, "mean": 0.125430256128, "median": 0.109478138387, "min": 1.05118608262e-10, "var": 0.0052003422752}, "spectral_kurtosis": {"dmean": 0.428015559912, "dmean2": 0.734033882618, "dvar": 2.58829307556, "dvar2": 6.90071582794, "max": 105.777053833, "mean": 1.10560309887, "median": 0.827915906906, "min": -1.18853962421, "var": 17.297290802}, "spectral_rms": {"dmean": 0.00185030722059, "dmean2": 0.00314241624437, "dvar": 4.14499254475e-06, "dvar2": 1.04968594314e-05, "max": 0.0319737903774, "mean": 0.00517484266311, "median": 0.00446069659665, "min": 3.28335362371e-12, "var": 8.58410658111e-06}, "spectral_rolloff": {"dmean": 1239.85339355, "dmean2": 2079.32617188, "dvar": 2637141.75, "dvar2": 6586538.5, "max": 18346.2890625, "mean": 13323.6875, "median": 14298.046875, "min": 86.1328125, "var": 14537129}, "spectral_skewness": {"dmean": 0.157121554017, "dmean2": 0.268607646227, "dvar": 0.0344526134431, "dvar2": 0.0913247391582, "max": 7.52607870102, "mean": 0.389135837555, "median": 0.230343207717, "min": -0.145025923848, "var": 0.286102861166}, "spectral_spread": {"dmean": 821374.9375, "dmean2": 1419842.5, "dvar": 638963286016, "dvar2": 1604660756480.0, "max": 40205056, "mean": 9863604, "median": 9710790, "min": 760268.375, "var": 5850909376510.0}, "spectral_strongpeak": {"dmean": 3.18460774422, "dmean2": 5.48108720779, "dvar": 16.2544174194, "dvar2": 41.3730621338, "max": 68.187286377, "mean": 4.05464553833, "median": 2.79255437851, "min": 0, "var": 20.7944488525}, "zerocrossingrate": {"dmean": 0.0175295788795, "dmean2": 0.0228596739471, "dvar": 0.000335725606419, "dvar2": 0.000530679652002, "max": 0.50244140625, "mean": 0.37792417407, "median": 0.41552734375, "min": 0.00732421875, "var": 0.0114697134122}, "barkbands": {"dmean": [5.87651402384e-06, 0.000236986306845, 0.000269298208877, 0.000102490506833, 0.000742578704376, 0.00026149104815, 0.000448381877504, 0.000154288471094, 0.000417400238803, 0.000786162388977, 0.000264783768216, 0.00027589983074, 0.000371788541088, 0.00105196807999, 0.000849191856105, 0.000167750273249, 2.26774554903e-05, 3.84145641874e-06, 4.17954561271e-06, 5.75108197154e-06, 0.000402873236453, 0.00206188997254, 0.00268414872698, 0.00400213105604, 0.00441308645532, 0.00517694884911, 0.00405259802938], "dmean2": [9.43255145103e-06, 0.000391565874452, 0.000461477698991, 0.00017630252114, 0.00128094793763, 0.000448327162303, 0.000730378262233, 0.000263645808445, 0.000698916846886, 0.0013157245703, 0.000444442790467, 0.000460332754301, 0.000609075766988, 0.00165963522159, 0.00145010265987, 0.000293683202472, 3.9245638618e-05, 6.32538694845e-06, 7.10257609171e-06, 1.00903343991e-05, 0.000702793186065, 0.00359403528273, 0.00483565405011, 0.00718322908506, 0.00784065201879, 0.00928221456707, 0.00713121751323], "dvar": [2.98044300351e-09, 6.04580236541e-06, 3.09519418806e-06, 1.25544670482e-06, 2.83318604488e-06, 8.05900356227e-07, 5.91011394135e-06, 1.26043619275e-06, 1.34831188916e-05, 2.83088938886e-05, 2.51757433034e-06, 3.85089106203e-06, 1.1409398212e-05, 0.000102401005279, 7.31682521291e-05, 8.21526043637e-07, 4.82634661125e-08, 2.0181207816e-09, 2.25508567375e-09, 1.692688123e-08, 2.63914557763e-07, 9.25017866393e-06, 1.26404402181e-05, 3.07383961626e-05, 3.94573544327e-05, 5.64921319892e-05, 3.83016049454e-05], "dvar2": [7.4568662356e-09, 1.47973150888e-05, 8.65034235176e-06, 3.87781756217e-06, 7.76418528403e-06, 2.30479872698e-06, 1.59509218065e-05, 3.42090061167e-06, 3.82620382879e-05, 7.64592332416e-05, 6.67405038257e-06, 1.12499383249e-05, 2.5571878723e-05, 0.000222493545152, 0.00018049890059, 2.35355832956e-06, 1.41245450891e-07, 3.73280473198e-09, 4.84235407328e-09, 5.14378619698e-08, 7.0320317036e-07, 2.42197638727e-05, 3.49946021743e-05, 8.40802749735e-05, 0.000105549952423, 0.000153866916662, 0.000100317847682], "max": [0.00266176275909, 0.197617828846, 0.0703965127468, 0.115822046995, 0.0338606983423, 0.0335175357759, 0.0936820283532, 0.0631516575813, 0.222309529781, 0.180097430944, 0.0940491855145, 0.1295209378, 0.331485807896, 0.932061672211, 0.758388876915, 0.078450769186, 0.0118456846103, 0.00579707371071, 0.00610455079004, 0.0147911226377, 0.00482172425836, 0.0255162902176, 0.0336992256343, 0.0311981532723, 0.0540644004941, 0.0470592565835, 0.0459293499589], "mean": [8.42397275846e-06, 0.00043084929348, 0.000374019960873, 0.000168624319485, 0.00108141684905, 0.000470911938464, 0.000903178297449, 0.000243391870754, 0.000705460086465, 0.00113592797425, 0.000445031910203, 0.000478828558698, 0.000640850921627, 0.00176125019789, 0.00157255423255, 0.000260303466348, 3.89603992517e-05, 9.21680293686e-06, 1.05904555312e-05, 1.21521425172e-05, 0.000529784883838, 0.00284485705197, 0.00312191620469, 0.00438826205209, 0.00508811464533, 0.00533774727955, 0.00418422371149], "median": [2.45403120047e-09, 7.56466711493e-09, 2.14055031478e-08, 1.63938038895e-05, 0.000349008536432, 0.000128868661704, 8.4428499747e-08, 2.19308269322e-08, 1.11053815033e-07, 8.61857500922e-08, 2.0980813531e-07, 3.41655947977e-07, 2.99058172004e-07, 2.0686692892e-07, 5.76058880597e-08, 2.17527134083e-08, 9.44633615774e-09, 7.93178500658e-09, 5.84349146848e-09, 7.18516162124e-07, 0.000355059019057, 0.00182572822087, 0.00192436925136, 0.00248127430677, 0.00299336598255, 0.00274349213578, 0.00200894707814], "min": [1.73027599214e-23, 3.37871807833e-23, 1.03933323564e-23, 9.80927709714e-24, 5.66298946942e-23, 3.23747631978e-23, 1.95908825315e-23, 1.27465825339e-23, 1.4290108013e-22, 1.93049441191e-23, 6.78544008771e-23, 1.75659583137e-22, 1.79098183647e-22, 1.36327104621e-22, 1.73191950495e-22, 2.18068543454e-22, 1.17602676931e-22, 1.99848948878e-22, 3.63576524886e-22, 4.49758051546e-22, 5.23528082486e-22, 6.72798337213e-22, 5.27476476467e-22, 9.08293386042e-22, 1.2253792202e-21, 1.61204233377e-21, 2.4359618837e-21], "var": [4.98969754403e-09, 2.81234151771e-05, 5.07473305333e-06, 3.86246028938e-06, 3.7111135498e-06, 2.3025381779e-06, 2.13107450691e-05, 2.60576553046e-06, 2.94092151307e-05, 4.39342184109e-05, 5.24582173966e-06, 7.22563572708e-06, 2.72158267762e-05, 0.000299088016618, 0.00019280523702, 1.69139570971e-06, 9.4533888273e-08, 7.32249016977e-09, 8.99952379285e-09, 2.0709068238e-08, 2.95049574106e-07, 9.23446532397e-06, 1.13733249236e-05, 2.60773285845e-05, 3.64407023881e-05, 4.66036181024e-05, 3.37001729349e-05]}, "erbbands": {"dmean": [0.00254825735465, 0.0688217058778, 0.307077765465, 0.308589816093, 1.42746973038, 3.40562367439, 2.28988933563, 2.06164216995, 7.02851486206, 3.80650877953, 3.92901730537, 8.85712718964, 25.0010929108, 13.3529653549, 9.0602722168, 11.0266599655, 15.2792167664, 38.4005432129, 47.4934234619, 36.0519828796, 3.9553539753, 1.54783093929, 0.26740282774, 0.208169236779, 0.191894307733, 0.350408881903, 2.94957280159, 42.5836372375, 80.7561187744, 60.3200569153, 78.6171264648, 57.3948669434, 81.3146743774, 52.8187980652, 32.7761459351, 23.8084278107, 8.45509910583, 2.84061980247, 0.820263445377, 0.0382706597447], "dmean2": [0.00414561200887, 0.114746302366, 0.525795757771, 0.531113743782, 2.57078337669, 6.05378007889, 3.95208406448, 3.46801710129, 11.3390111923, 6.47977828979, 6.7722325325, 15.1837129593, 41.3314170837, 22.4102268219, 15.102648735, 18.32563591, 25.2603931427, 62.3869400024, 78.3509063721, 61.3467063904, 6.82602214813, 2.68691253662, 0.439312487841, 0.353427678347, 0.321486800909, 0.610873222351, 5.16923809052, 73.4219970703, 140.896820068, 106.225143433, 142.260375977, 103.26940918, 145.974639893, 93.6438751221, 58.6387786865, 42.5279159546, 15.194858551, 5.0852766037, 1.44696724415, 0.0665905252099], "dvar": [0.000509347242769, 0.493057101965, 4.95854377747, 6.19384908676, 12.5549497604, 51.5197601318, 22.2191505432, 88.4520263672, 1747.30822754, 691.680480957, 834.589660645, 8112.80371094, 26652.6347656, 6046.61376953, 2998.38525391, 6454.84228516, 15492.2070312, 117369.101562, 241919.515625, 89699.1796875, 406.871917725, 209.240539551, 6.50470304489, 6.3202662468, 3.66095256805, 59.2241592407, 18.2343635559, 3444.3449707, 15290.8310547, 6286.68701172, 10620.1162109, 6027.45117188, 12898.796875, 5959.27050781, 2242.83251953, 1202.82043457, 151.852249146, 17.2236022949, 1.55425441265, 0.00359333725646], "dvar2": [0.00120435201097, 1.22001492977, 13.5877552032, 18.9556407928, 36.7351646423, 145.712799072, 56.7417030334, 245.215393066, 4667.14550781, 2030.83557129, 2399.54663086, 23087.4199219, 71317.90625, 15476.9179688, 7953.75, 18607.40625, 35826.34375, 294016.40625, 616244.3125, 212470.859375, 1110.88989258, 619.026733398, 12.4802484512, 12.8066520691, 8.56254196167, 178.705596924, 49.1112861633, 8982.00292969, 40587.2890625, 17089.0195312, 29544.546875, 16629.7265625, 35189.0195312, 15691.6992188, 6141.33349609, 3268.7878418, 414.881866455, 46.6833152771, 4.07515382767, 0.00912968348712], "max": [2.05086278915, 54.2511405945, 106.997024536, 222.109741211, 219.531646729, 126.406547546, 93.5018386841, 406.811645508, 1813.3046875, 1666.94018555, 1905.05322266, 4982.40576172, 5595.2890625, 4655.15771484, 3589.45288086, 5740.72070312, 9519.45996094, 22531.4453125, 36085.65625, 30256.90625, 1168.61547852, 694.167602539, 303.584899902, 327.315124512, 235.899856567, 874.853393555, 220.957839966, 481.354827881, 1125.9342041, 1271.50915527, 634.257995605, 431.295776367, 666.304931641, 760.282775879, 367.428405762, 220.266296387, 80.2680130005, 28.7504901886, 8.75830364227, 0.459707885981], "mean": [0.0047556576319, 0.123165003955, 0.445781469345, 0.505294978619, 1.62472474575, 4.4486117363, 3.64801502228, 4.27905607224, 14.4377412796, 6.54688978195, 6.56106185913, 14.919711113, 35.9794845581, 24.0620880127, 17.5530605316, 20.382932663, 29.2857017517, 67.6443099976, 93.3042831421, 64.1049880981, 8.02698040009, 2.68523812294, 0.644684135914, 0.56479126215, 0.492449164391, 0.684164047241, 4.25382852554, 58.4573249817, 109.054023743, 77.2428970337, 89.5735092163, 63.7852592468, 89.5352554321, 60.7460403442, 36.0217781067, 25.254070282, 8.59748363495, 2.9017457962, 0.836235940456, 0.0402527600527], "median": [4.04165211876e-06, 4.67050595034e-05, 0.00088391097961, 0.0322277396917, 0.458362013102, 1.38977098465, 1.4923157692, 0.731653928757, 0.0345844775438, 0.00303727225401, 0.00160233222414, 0.00248424126767, 0.00256885378622, 0.00513913715258, 0.0129924183711, 0.0152353169397, 0.0174036603421, 0.0237768851221, 0.0066708647646, 0.00263135950081, 0.001235707663, 0.000784363306593, 0.000809491204564, 0.00118728983216, 0.0060671097599, 0.102163121104, 2.62828350067, 38.2872390747, 68.8637771606, 51.5281562805, 55.3611183167, 37.2721862793, 50.9109382629, 34.6914558411, 20.8547019958, 13.4091329575, 4.40082836151, 1.4832303524, 0.39486643672, 0.0183872226626], "min": [2.03220242513e-21, 3.89699851924e-21, 9.2393958003e-21, 2.67722110508e-20, 1.38511148003e-19, 2.05644945572e-19, 5.29903791123e-20, 3.52525093422e-19, 3.5756569943e-19, 3.01827814064e-19, 5.84709883378e-19, 4.06202921662e-18, 1.02836148408e-18, 1.07171174524e-18, 4.21534548879e-18, 7.89634636395e-18, 8.48678457647e-18, 7.35392102291e-18, 7.67977393597e-18, 1.36814258837e-17, 7.87454022864e-18, 7.58070168683e-18, 1.1420793382e-17, 1.18919620764e-17, 2.25596488697e-17, 1.96420074869e-17, 2.17473972128e-17, 1.91289520207e-17, 2.77081516968e-17, 1.80146967222e-17, 1.66798555154e-17, 1.75764845578e-17, 1.59900464415e-17, 1.37287100091e-17, 8.24739519847e-18, 5.55820538446e-18, 3.17175540284e-18, 1.53390387558e-18, 3.27869631096e-19, 3.13526849187e-20], "var": [0.00268877483904, 2.16966986656, 9.63311958313, 16.279083252, 21.671125412, 64.9714508057, 39.7667388916, 312.621429443, 6666.51660156, 1320.74023438, 2018.00598145, 16691.1367188, 39672.1328125, 15340.5791016, 7766.06201172, 12288.4326172, 46367.2773438, 271523.46875, 822365.5, 197792.171875, 1310.19226074, 396.612030029, 24.9362812042, 28.7752990723, 13.9901456833, 64.4394226074, 28.2494621277, 3702.05102539, 14657.0673828, 6188.38037109, 9376.32519531, 5080.78027344, 11035.8740234, 5692.51464844, 1923.14685059, 1021.45031738, 122.777046204, 14.3101177216, 1.35685420036, 0.00331738917157]}, "gfcc": {"mean": [-100.535392761, -117.873443604, 33.1660003662, 9.11687660217, -114.363243103, 22.2654914856, -59.4211997986, -73.5748519897, -36.9167976379, 3.34900975227, -39.366859436, 5.66501808167, 7.65821838379], "cov": [[10613.1533203, 4491.98681641, -5228.359375, -3382.82568359, 2376.56420898, 2409.21240234, 688.986938477, 1342.95507812, 1478.94702148, 245.000411987, -244.644470215, -8.1896276474, 31.8174610138], [4491.98681641, 6290.609375, -4948.00048828, -1504.19433594, 2122.93164062, 863.358398438, 1000.50408936, 1668.63586426, 1534.17126465, 140.875366211, 13.91173172, -210.781890869, -159.998519897], [-5228.359375, -4948.00048828, 5567.17773438, 2198.04516602, -2187.35864258, -1482.3470459, -984.274047852, -1309.82836914, -1335.49182129, -121.946716309, 8.75874137878, 40.780292511, -1.42565393448], [-3382.82568359, -1504.19433594, 2198.04516602, 2300.23583984, -582.459716797, -1427.32849121, -332.067169189, -113.620269775, -411.405487061, -289.777374268, 12.552942276, -19.6512584686, -54.1253204346], [2376.56420898, 2122.93164062, -2187.35864258, -582.459716797, 1320.06311035, 572.016418457, 230.642150879, 697.23034668, 702.90020752, -44.7005119324, -160.489868164, -23.54845047, 77.2915649414], [2409.21240234, 863.358398438, -1482.3470459, -1427.32849121, 572.016418457, 1193.0423584, 241.451431274, -48.6537094116, 171.044937134, 145.065261841, -42.0651550293, 54.8640785217, 91.3994827271], [688.986938477, 1000.50408936, -984.274047852, -332.067169189, 230.642150879, 241.451431274, 428.173431396, 197.245742798, 89.9654312134, 30.192232132, 141.116729736, -14.0854768753, -94.3693389893], [1342.95507812, 1668.63586426, -1309.82836914, -113.620269775, 697.23034668, -48.6537094116, 197.245742798, 855.518371582, 704.478942871, -4.72563838959, -77.4557723999, -86.5428924561, -39.2878913879], [1478.94702148, 1534.17126465, -1335.49182129, -411.405487061, 702.90020752, 171.044937134, 89.9654312134, 704.478942871, 816.163452148, 96.13646698, -181.191665649, -83.9531173706, 62.5050506592], [245.000411987, 140.875366211, -121.946716309, -289.777374268, -44.7005119324, 145.065261841, 30.192232132, -4.72563838959, 96.13646698, 139.579498291, 36.9145774841, -21.1002025604, -11.4782218933], [-244.644470215, 13.91173172, 8.75874137878, 12.552942276, -160.489868164, -42.0651550293, 141.116729736, -77.4557723999, -181.191665649, 36.9145774841, 210.775497437, 21.7935733795, -109.02910614], [-8.1896276474, -210.781890869, 40.780292511, -19.6512584686, -23.54845047, 54.8640785217, -14.0854768753, -86.5428924561, -83.9531173706, -21.1002025604, 21.7935733795, 75.2397003174, 28.3642539978], [31.8174610138, -159.998519897, -1.42565393448, -54.1253204346, 77.2915649414, 91.3994827271, -94.3693389893, -39.2878913879, 62.5050506592, -11.4782218933, -109.02910614, 28.3642539978, 126.00743866]], "icov": [[0.000362042890629, 8.57141185406e-06, 1.16523215183e-05, 0.000210608865018, -0.000136787362862, -0.000531260622665, 0.000229080731515, -0.000694046902936, 0.00026717770379, -9.43124468904e-05, 0.000541525019798, -0.000514843966812, 0.000877810758539], [8.57141185406e-06, 0.000992089626379, 0.000278571271338, 0.000360836420441, -0.00101390550844, 0.000759671500418, -0.00105097447522, 3.49079459738e-06, -0.000288114679279, -0.000548012962099, 0.000104050508526, 0.000897215853911, 0.000681641628034], [1.16523215183e-05, 0.000278571271338, 0.00260280794464, -0.00189719581977, 0.00244423747063, -0.00107518443838, 0.00282500777394, -0.00178797566332, 0.00310844159685, -0.00353939225897, 0.00289958179928, 0.000150070394739, 0.00101492612157], [0.000210608865018, 0.000360836420441, -0.00189719581977, 0.00469437381253, -0.00437515135854, 0.00538374343887, -0.00344201177359, 0.00101293250918, 0.000307551032165, 0.000685578736011, 0.000244949973421, -0.000720337382518, -0.000799454341177], [-0.000136787362862, -0.00101390550844, 0.00244423747063, -0.00437515135854, 0.0095517123118, -0.00763866258785, 0.00597380427644, -0.00132212729659, -0.00365618173964, 0.00774486968294, -0.0036398274824, 0.00216109678149, -0.000477808964206], [-0.000531260622665, 0.000759671500418, -0.00107518443838, 0.00538374343887, -0.00763866258785, 0.0125529551879, -0.00661364337429, 0.00224166829139, 0.00575708039105, -0.0101525010541, 0.00701566925272, -0.00379705661908, -0.00213032611646], [0.000229080731515, -0.00105097447522, 0.00282500777394, -0.00344201177359, 0.00597380427644, -0.00661364337429, 0.0118043757975, -0.00329998601228, 0.000954808550887, 0.003280302044, -0.00502248061821, 0.00284047937021, 0.000945753359701], [-0.000694046902936, 3.49079459738e-06, -0.00178797566332, 0.00101293250918, -0.00132212729659, 0.00224166829139, -0.00329998601228, 0.017130272463, -0.0193288121372, 0.017321806401, -0.0110225426033, 0.00336128985509, 0.00352096511051], [0.00026717770379, -0.000288114679279, 0.00310844159685, 0.000307551032165, -0.00365618173964, 0.00575708039105, 0.000954808550887, -0.0193288121372, 0.0346606969833, -0.036935672164, 0.0256113316864, -0.00727036688477, -0.00427143136039], [-9.43124468904e-05, -0.000548012962099, -0.00353939225897, 0.000685578736011, 0.00774486968294, -0.0101525010541, 0.003280302044, 0.017321806401, -0.036935672164, 0.0564315766096, -0.0358928143978, 0.0163901001215, -0.00123053067364], [0.000541525019798, 0.000104050508526, 0.00289958179928, 0.000244949973421, -0.0036398274824, 0.00701566925272, -0.00502248061821, -0.0110225426033, 0.0256113316864, -0.0358928143978, 0.0403968952596, -0.0192708391696, 0.0133968731388], [-0.000514843966812, 0.000897215853911, 0.000150070394739, -0.000720337382518, 0.00216109678149, -0.00379705661908, 0.00284047937021, 0.00336128985509, -0.00727036688477, 0.0163901001215, -0.0192708391696, 0.030217749998, -0.0128114353865], [0.000877810758539, 0.000681641628034, 0.00101492612157, -0.000799454341177, -0.000477808964206, -0.00213032611646, 0.000945753359701, 0.00352096511051, -0.00427143136039, -0.00123053067364, 0.0133968731388, -0.0128114353865, 0.0283747427166]]}, "melbands": {"dmean": [4.31968073826e-05, 0.000135015448905, 7.50578110456e-05, 0.000168065642356, 9.94732035906e-05, 5.78884028073e-05, 9.58722812356e-05, 3.77888354706e-05, 3.65932355635e-05, 6.08741283941e-05, 0.00013076797768, 6.14460586803e-05, 3.42700077454e-05, 2.69982174359e-05, 3.55444208253e-05, 4.10071006627e-05, 8.54998943396e-05, 9.01298626559e-05, 5.92823671468e-05, 2.79555733869e-05, 1.46917273014e-06, 1.89767195025e-06, 4.11391908983e-07, 1.99496753339e-07, 1.82897068157e-07, 1.85141288966e-07, 1.1934477584e-07, 2.47660636887e-07, 4.0411779878e-07, 6.30952763458e-06, 3.39197576977e-05, 5.60422849958e-05, 2.4807137379e-05, 4.0928262024e-05, 4.93589177495e-05, 3.00072697428e-05, 4.08236919611e-05, 7.22290933481e-05, 3.02644257317e-05, 5.28442033101e-05], "dmean2": [7.05813072273e-05, 0.000228662305744, 0.000132033266709, 0.000296382175293, 0.000173788284883, 9.62196863838e-05, 0.000155753077706, 6.4050029323e-05, 6.39570644125e-05, 0.000103589081846, 0.000216470958549, 0.000103600505099, 5.72464086872e-05, 4.48352911917e-05, 5.97205544182e-05, 6.80201264913e-05, 0.000140637159348, 0.000146151534864, 0.000100805205875, 4.86159005959e-05, 2.55881309386e-06, 3.31690625899e-06, 6.93373863214e-07, 3.24875827573e-07, 3.16705666137e-07, 3.15739669077e-07, 1.99890138219e-07, 4.32290050867e-07, 6.78402102494e-07, 1.13196056191e-05, 5.83257642575e-05, 9.8338117823e-05, 4.30763757322e-05, 7.28997765691e-05, 8.92494426807e-05, 5.38726526429e-05, 7.41535550333e-05, 0.000129916428705, 5.413544568e-05, 9.35320204007e-05], "dvar": [1.88553201497e-07, 1.17171327929e-06, 1.78609255386e-07, 1.487402983e-07, 3.8106367839e-08, 7.60171587899e-08, 3.02229580029e-07, 6.91608832426e-08, 8.16239591472e-08, 3.64821147514e-07, 7.36071910978e-07, 1.3244074637e-07, 4.30670965557e-08, 3.39532562066e-08, 7.68528778394e-08, 2.08300505733e-07, 5.3596215821e-07, 9.41257212617e-07, 5.13684199177e-07, 2.64514898873e-08, 7.81185047205e-11, 3.73653746832e-10, 1.15685924382e-11, 6.89162138814e-12, 4.87697946264e-12, 3.29865887209e-12, 1.30660781673e-12, 5.12311512657e-11, 2.67450601596e-12, 6.58562995803e-11, 2.20553886265e-09, 7.44367723016e-09, 1.2005293426e-09, 2.91361024196e-09, 4.1184482491e-09, 1.70176639447e-09, 3.20314219593e-09, 1.01441770539e-08, 1.93750304689e-09, 5.99960348069e-09], "dvar2": [4.48806446229e-07, 3.09947563437e-06, 5.39492987173e-07, 4.15941684651e-07, 1.01613899517e-07, 2.05232112194e-07, 8.12731059341e-07, 1.98101290039e-07, 2.40932649831e-07, 1.03632930859e-06, 1.9748640625e-06, 3.47915403154e-07, 1.11835277039e-07, 9.64395212577e-08, 2.16668581743e-07, 5.09008998506e-07, 1.31907415835e-06, 2.23205483962e-06, 1.08810172605e-06, 7.7505774243e-08, 2.17123555246e-10, 1.11083464649e-09, 3.02536676267e-11, 1.40270199969e-11, 1.03103055607e-11, 7.47878061563e-12, 3.08732098046e-12, 1.52590551306e-10, 7.58185268041e-12, 1.82268464211e-10, 5.73728042852e-09, 1.97573957195e-08, 3.14756420927e-09, 8.02614685824e-09, 1.155053031e-08, 4.64687044399e-09, 8.98431373741e-09, 2.78961493905e-08, 5.2377844284e-09, 1.57507678011e-08], "max": [0.0383403077722, 0.0592406094074, 0.0418742373586, 0.00787404179573, 0.00320356478915, 0.0127365030348, 0.0230245515704, 0.0159969814122, 0.0238903556019, 0.0348143093288, 0.0294955167919, 0.0197442714125, 0.0129100941122, 0.0130818961188, 0.0191881358624, 0.0391732789576, 0.0429029203951, 0.0851289406419, 0.0836647376418, 0.0101492535323, 0.000533301616088, 0.000935135758482, 0.000278654246358, 0.00036204783828, 0.00027088430943, 0.000214832834899, 0.000149837971549, 0.000810602447018, 0.000150975989527, 0.000116349066957, 0.000357221520972, 0.000749633763917, 0.000331379153067, 0.00117814994883, 0.000422802113462, 0.000261162203969, 0.000308037590003, 0.000536372361239, 0.000375169096515, 0.000878521997947], "mean": [8.21253124741e-05, 0.000219414941967, 0.000109821259684, 0.000227035750868, 0.000150978346937, 0.000120391057862, 0.00019631885516, 6.11685973126e-05, 5.70200536458e-05, 0.000100161014416, 0.000185694239917, 0.000104574610305, 6.02901200182e-05, 4.96728789585e-05, 5.85041780141e-05, 6.81038363837e-05, 0.000138649716973, 0.000167885664268, 0.000105815110146, 4.69983679068e-05, 2.67800533038e-06, 2.99660996461e-06, 8.03838815955e-07, 4.43799166305e-07, 4.48104543693e-07, 4.07638367506e-07, 2.92409254143e-07, 4.30979326893e-07, 7.1240373245e-07, 7.64906872064e-06, 4.5826745918e-05, 7.43164782762e-05, 3.47069944837e-05, 4.86784992972e-05, 5.57866951567e-05, 3.43388528563e-05, 4.28087696491e-05, 7.76689121267e-05, 3.37779965776e-05, 6.05482491665e-05], "median": [2.27379004514e-09, 6.91404977715e-09, 1.53097789735e-05, 6.9566325692e-05, 5.61595261388e-05, 1.82782241609e-05, 4.85349325174e-08, 4.94144591912e-09, 1.40026408246e-08, 1.30170949575e-08, 1.06872466432e-08, 1.76077303848e-08, 3.46764856829e-08, 4.22616039941e-08, 2.91929396212e-08, 2.98513249675e-08, 2.03485726047e-08, 9.85357573313e-09, 3.75838382638e-09, 1.85366288985e-09, 1.11204911946e-09, 5.75379077716e-10, 4.32150093488e-10, 3.37439631792e-10, 2.96776270226e-10, 1.93665430914e-10, 3.04347613778e-09, 2.28651604317e-08, 2.863013151e-07, 4.74396347272e-06, 2.95092850138e-05, 4.61180788989e-05, 2.39003311435e-05, 3.1445055356e-05, 3.4683765989e-05, 2.03306371986e-05, 2.40995705099e-05, 4.36243281001e-05, 1.88988506125e-05, 3.45747212123e-05], "min": [1.47808205168e-23, 4.619574983e-24, 6.72823094823e-24, 1.50135045071e-23, 2.56433278966e-24, 7.21420318687e-24, 5.56649363691e-24, 3.17697084613e-24, 6.62351360737e-24, 2.50827649151e-23, 4.00392939433e-24, 3.67853728714e-24, 9.93488031933e-24, 2.2363900585e-23, 1.36678813522e-23, 1.9695482332e-23, 1.33360675228e-23, 1.07966035732e-23, 1.82010563446e-23, 1.7511798595e-23, 7.61363580648e-24, 7.12980769178e-24, 1.19486536726e-23, 7.3953359059e-24, 9.14119552968e-24, 1.42456777891e-23, 1.74554139729e-23, 1.18084959667e-23, 1.34972018291e-23, 1.44309622831e-23, 8.95409744448e-24, 1.60083874818e-23, 1.18133214289e-23, 9.4254670789e-24, 1.041581647e-23, 8.15245541487e-24, 1.17080447856e-23, 9.74042373961e-24, 1.53618828378e-23, 9.41853614699e-24], "var": [9.95588834485e-07, 3.28103874381e-06, 5.40331143384e-07, 1.89054475186e-07, 6.29350225267e-08, 2.90844866413e-07, 1.12811972031e-06, 1.36371767212e-07, 1.76442128463e-07, 7.3755319363e-07, 1.08096651275e-06, 3.00664197539e-07, 9.79964340786e-08, 7.90347485236e-08, 1.22069721442e-07, 3.75977236899e-07, 1.22168080452e-06, 3.17441731568e-06, 1.02429578419e-06, 5.75427314686e-08, 1.7733538249e-10, 6.33366803449e-10, 2.96777290243e-11, 2.07227967425e-11, 1.97978890226e-11, 1.15405653783e-11, 4.77693665873e-12, 4.96982940912e-11, 6.67607245528e-12, 6.72914779454e-11, 2.36718356028e-09, 7.06029545938e-09, 1.26644950083e-09, 2.74608225048e-09, 3.57169294141e-09, 1.58496293867e-09, 2.51756615555e-09, 8.47411474325e-09, 1.70153424683e-09, 5.82462655885e-09]}, "mfcc": {"mean": [-808.693847656, -47.7529525757, 138.601425171, -31.8900737762, -17.6700134277, 54.9377632141, -39.1269378662, -37.9161529541, -12.9982824326, -48.0190734863, -31.2975902557, -28.6222114563, -30.1233177185], "cov": [[11791.2539062, 7042.98144531, -4716.27929688, -3716.89575195, 142.066299438, 1297.3671875, 927.976318359, 806.107116699, 1803.31115723, 2593.21362305, 1255.64416504, 406.568847656, 1403.22753906], [7042.98144531, 6544.203125, -4160.77148438, -2068.19311523, 86.4575119019, 562.59564209, 625.439575195, 765.95324707, 1508.1072998, 2237.56567383, 1054.49401855, 349.016326904, 1196.10388184], [-4716.27929688, -4160.77148438, 3668.23779297, 1184.52038574, -122.314888, -385.037963867, -669.04486084, -779.469116211, -942.591369629, -1404.23413086, -693.2265625, -275.946746826, -859.078491211], [-3716.89575195, -2068.19311523, 1184.52038574, 3199.95410156, 320.565185547, -1341.21081543, -439.754577637, 162.482498169, -382.09161377, -637.055236816, -330.742706299, -55.3474807739, -317.710205078], [142.066299438, 86.4575119019, -122.314888, 320.565185547, 509.641967773, -77.3007888794, -197.460678101, 118.50378418, 348.737091064, 166.283660889, -105.438171387, -25.3693828583, 144.458877563], [1297.3671875, 562.59564209, -385.037963867, -1341.21081543, -77.3007888794, 853.354736328, 228.661392212, -135.294067383, 133.691146851, 101.094818115, -25.1638317108, -12.4487686157, 87.9203491211], [927.976318359, 625.439575195, -669.04486084, -439.754577637, -197.460678101, 228.661392212, 465.734039307, 158.000045776, -156.254013062, 22.1136474609, 164.231552124, 84.6174545288, 56.401424408], [806.107116699, 765.95324707, -779.469116211, 162.482498169, 118.50378418, -135.294067383, 158.000045776, 343.474456787, 221.582092285, 272.621429443, 157.792297363, 85.1168518066, 197.981079102], [1803.31115723, 1508.1072998, -942.591369629, -382.09161377, 348.737091064, 133.691146851, -156.254013062, 221.582092285, 851.48034668, 790.020324707, 135.269393921, 43.6601524353, 418.314544678], [2593.21362305, 2237.56567383, -1404.23413086, -637.055236816, 166.283660889, 101.094818115, 22.1136474609, 272.621429443, 790.020324707, 1033.74060059, 415.830169678, 119.136238098, 482.019989014], [1255.64416504, 1054.49401855, -693.2265625, -330.742706299, -105.438171387, -25.1638317108, 164.231552124, 157.792297363, 135.269393921, 415.830169678, 381.391265869, 134.646224976, 166.586791992], [406.568847656, 349.016326904, -275.946746826, -55.3474807739, -25.3693828583, -12.4487686157, 84.6174545288, 85.1168518066, 43.6601524353, 119.136238098, 134.646224976, 104.128593445, 88.8362731934], [1403.22753906, 1196.10388184, -859.078491211, -317.710205078, 144.458877563, 87.9203491211, 56.401424408, 197.981079102, 418.314544678, 482.019989014, 166.586791992, 88.8362731934, 322.637298584]], "icov": [[0.00038316170685, -8.58758430695e-05, -5.02062030137e-05, 0.000207246019272, -0.000197250148631, 6.20605133008e-05, -0.000641531485599, 0.000165392906638, -0.000359564990504, -3.76807875e-05, -0.000543242436834, 0.000451846630313, -0.000517069594935], [-8.58758430695e-05, 0.00140402489342, 0.000501998467371, -2.21591799345e-05, 0.000368713779608, 0.000245986739174, -0.00104828178883, 0.000936804746743, -9.842892905e-05, -0.00138029386289, -0.000515144434758, 0.00114643748384, -0.0020003952086], [-5.02062030137e-05, 0.000501998467371, 0.00212847418152, 0.000125848513562, -0.000192191699171, 0.00118474662304, 0.000205943011679, 0.00330605637282, -0.00228136521764, 0.00241247541271, -0.00116754614282, -0.000505487550981, 0.00194285262842], [0.000207246019272, -2.21591799345e-05, 0.000125848513562, 0.00189027911983, -0.00077893177513, 0.00247228401713, -0.000190672522876, -0.000852566736285, 0.000290641473839, -0.000806417083368, 0.0024370951578, -0.00234610331245, 0.00182444090024], [-0.000197250148631, 0.000368713779608, -0.000192191699171, -0.00077893177513, 0.00491995876655, -0.00150531425606, 0.00234281294979, -0.00276074092835, -0.000256259052549, -6.74689508742e-05, 0.000860188272782, 0.00133725849446, -0.00267525739037], [6.20605133008e-05, 0.000245986739174, 0.00118474662304, 0.00247228401713, -0.00150531425606, 0.00962834060192, -0.00844856910408, 0.00994642917067, -0.00987852644175, 0.00694832624868, -0.00133685069159, 2.3688247893e-05, 0.000941867532674], [-0.000641531485599, -0.00104828178883, 0.000205943011679, -0.000190672522876, 0.00234281294979, -0.00844856910408, 0.020142974332, -0.0175026655197, 0.017502695322, -0.009386241436, 0.00864180084318, -0.00763348443434, 0.00447908788919], [0.000165392906638, 0.000936804746743, 0.00330605637282, -0.000852566736285, -0.00276074092835, 0.00994642917067, -0.0175026655197, 0.0293933618814, -0.0232458990067, 0.0196997448802, -0.0162425693125, 0.00850233156234, -0.00592687819153], [-0.000359564990504, -9.842892905e-05, -0.00228136521764, 0.000290641473839, -0.000256259052549, -0.00987852644175, 0.017502695322, -0.0232458990067, 0.0359182693064, -0.0316175855696, 0.0242692623287, -0.0123244067654, 0.00168131187093], [-3.76807875e-05, -0.00138029386289, 0.00241247541271, -0.000806417083368, -6.74689508742e-05, 0.00694832624868, -0.009386241436, 0.0196997448802, -0.0316175855696, 0.0397449806333, -0.0306564643979, 0.0181382037699, -0.00895101670176], [-0.000543242436834, -0.000515144434758, -0.00116754614282, 0.0024370951578, 0.000860188272782, -0.00133685069159, 0.00864180084318, -0.0162425693125, 0.0242692623287, -0.0306564643979, 0.0369020812213, -0.0270237978548, 0.0147207342088], [0.000451846630313, 0.00114643748384, -0.000505487550981, -0.00234610331245, 0.00133725849446, 2.3688247893e-05, -0.00763348443434, 0.00850233156234, -0.0123244067654, 0.0181382037699, -0.0270237978548, 0.0394513569772, -0.0223884880543], [-0.000517069594935, -0.0020003952086, 0.00194285262842, 0.00182444090024, -0.00267525739037, 0.000941867532674, 0.00447908788919, -0.00592687819153, 0.00168131187093, -0.00895101670176, 0.0147207342088, -0.0223884880543, 0.0332859009504]]}, "spectral_contrast_coeffs": {"dmean": [0.0588535405695, 0.0461616814137, 0.0297208856791, 0.0270046051592, 0.0367728322744, 0.0146380094811], "dmean2": [0.103027105331, 0.0814531594515, 0.0498627796769, 0.0453412644565, 0.0605270154774, 0.0243519823998], "dvar": [0.00228439923376, 0.00158837321214, 0.000683513993863, 0.000597514677793, 0.00126026931684, 0.000163742573932], "dvar2": [0.0066616977565, 0.00455159274861, 0.00189410615712, 0.00162128615193, 0.00319905113429, 0.000445368699729], "max": [-0.150974810123, -0.422384887934, -0.434279441833, -0.310745894909, -0.516107618809, -0.386744588614], "mean": [-0.447583258152, -0.616209805012, -0.833223998547, -0.796101033688, -0.716779589653, -0.779590070248], "median": [-0.420274168253, -0.584526598454, -0.862998187542, -0.837000131607, -0.705089271069, -0.788555324078], "min": [-0.966682195663, -0.966848373413, -0.965120315552, -0.983430981636, -0.962097525597, -0.960698843002], "var": [0.0155396340415, 0.00969317182899, 0.00675575761124, 0.0153207648546, 0.00368360197172, 0.00252297823317]}, "spectral_contrast_valleys": {"dmean": [0.604397416115, 0.41428655386, 0.371895551682, 0.365238130093, 0.55828076601, 0.401171505451], "dmean2": [1.04293119907, 0.700982987881, 0.620358943939, 0.597368896008, 0.86932861805, 0.676964104176], "dvar": [0.268700659275, 0.195024251938, 0.173634767532, 0.195445016026, 0.41554826498, 0.146536454558], "dvar2": [0.766808152199, 0.495486140251, 0.433690577745, 0.480277717113, 0.922735691071, 0.357718288898], "max": [-5.06412267685, -4.44033098221, -3.84728145599, -4.06711196899, -5.29976654053, -6.44296360016], "mean": [-11.2050905228, -9.9654264450