{"lowlevel": {"average_loudness": 0.95332044363, "barkbands_crest": {"dmean": 3.77583241463, "dmean2": 5.49216985703, "dvar": 15.072514534, "dvar2": 30.5134086609, "max": 26.6279850006, "mean": 15.6532087326, "median": 15.8557329178, "min": 2.36285591125, "var": 53.6534843445}, "barkbands_flatness_db": {"dmean": 0.0441749766469, "dmean2": 0.0567027293146, "dvar": 0.00173213449307, "dvar2": 0.00290000834502, "max": 0.563161015511, "mean": 0.164745777845, "median": 0.153984606266, "min": 0.0205700155348, "var": 0.0078195380047}, "barkbands_kurtosis": {"dmean": 27.9706630707, "dmean2": 41.799331665, "dvar": 10788.0224609, "dvar2": 22325.9785156, "max": 2920.69482422, "mean": 33.4324951172, "median": 6.47993755341, "min": -1.94884550571, "var": 16973.8339844}, "barkbands_skewness": {"dmean": 1.80024242401, "dmean2": 2.43676495552, "dvar": 5.78339624405, "dvar2": 10.6028013229, "max": 45.2000579834, "mean": 3.30855369568, "median": 2.46854996681, "min": -6.40838813782, "var": 16.3257236481}, "barkbands_spread": {"dmean": 12.2090930939, "dmean2": 18.0436649323, "dvar": 208.097747803, "dvar2": 444.459228516, "max": 126.073745728, "mean": 25.1685142517, "median": 18.911989212, "min": 0.0576047003269, "var": 488.590545654}, "dissonance": {"dmean": 0.0158267077059, "dmean2": 0.0259539633989, "dvar": 0.000286909082206, "dvar2": 0.00072341656778, "max": 0.500000238419, "mean": 0.47508597374, "median": 0.481109172106, "min": 0.287489980459, "var": 0.00050746294437}, "dynamic_complexity": 3.32284116745, "erbbands_crest": {"dmean": 2.9053478241, "dmean2": 4.70348119736, "dvar": 7.4068198204, "dvar2": 18.1861171722, "max": 30.9592113495, "mean": 7.89991998672, "median": 6.94016361237, "min": 2.34175205231, "var": 14.5176677704}, "erbbands_flatness_db": {"dmean": 0.0240672510117, "dmean2": 0.0358224883676, "dvar": 0.000557706749532, "dvar2": 0.00111826218199, "max": 0.39536806941, "mean": 0.115596629679, "median": 0.108784176409, "min": 0.0400634892285, "var": 0.00179071782622}, "erbbands_kurtosis": {"dmean": 1.5843487978, "dmean2": 2.52381062508, "dvar": 6.56532669067, "dvar2": 14.7696609497, "max": 66.2659606934, "mean": 0.73664855957, "median": -0.240885734558, "min": -1.91696560383, "var": 10.3304901123}, "erbbands_skewness": {"dmean": 0.595977246761, "dmean2": 0.908276379108, "dvar": 0.365066260099, "dvar2": 0.806665599346, "max": 6.45074939728, "mean": -0.099587790668, "median": -0.0133512439206, "min": -7.26363420486, "var": 0.89734172821}, "erbbands_spread": {"dmean": 20.0514469147, "dmean2": 30.6572761536, "dvar": 446.533630371, "dvar2": 998.518737793, "max": 244.953643799, "mean": 57.3467636108, "median": 51.7576370239, "min": 2.40208745003, "var": 1088.93200684}, "hfc": {"dmean": 20.097032547, "dmean2": 28.8843135834, "dvar": 842.45123291, "dvar2": 1755.7434082, "max": 435.864593506, "mean": 34.9193878174, "median": 22.1911430359, "min": 1.11755475653e-16, "var": 1660.21582031}, "melbands_crest": {"dmean": 4.54463529587, "dmean2": 6.4935464859, "dvar": 18.8028583527, "dvar2": 38.3934364319, "max": 37.9792366028, "mean": 21.6360874176, "median": 23.0241260529, "min": 1.96995460987, "var": 76.5467376709}, "melbands_flatness_db": {"dmean": 0.0540760830045, "dmean2": 0.0681493878365, "dvar": 0.00248720310628, "dvar2": 0.00399745861068, "max": 0.690879166126, "mean": 0.242748469114, "median": 0.241735622287, "min": 0.00681494129822, "var": 0.013321778737}, "melbands_kurtosis": {"dmean": 64.2558288574, "dmean2": 94.1200790405, "dvar": 17462.2636719, "dvar2": 37103.2890625, "max": 1723.13781738, "mean": 86.6811141968, "median": 25.4882125854, "min": -1.91967356205, "var": 28315.3652344}, "melbands_skewness": {"dmean": 2.49683117867, "dmean2": 3.46392560005, "dvar": 8.92948627472, "dvar2": 17.2192573547, "max": 34.3480224609, "mean": 5.85919046402, "median": 4.47747802734, "min": -2.8929746151, "var": 26.4787845612}, "melbands_spread": {"dmean": 15.476099968, "dmean2": 23.5684490204, "dvar": 799.064941406, "dvar2": 1804.02124023, "max": 323.411682129, "mean": 26.2008342743, "median": 11.8451461792, "min": 0.151842489839, "var": 1423.2142334}, "pitch_salience": {"dmean": 0.118839107454, "dmean2": 0.174250677228, "dvar": 0.0148048447445, "dvar2": 0.0314904041588, "max": 0.908110499382, "mean": 0.419361770153, "median": 0.417389392853, "min": 0.0127534503117, "var": 0.0499184839427}, "silence_rate_20dB": {"dmean": 0, "dmean2": 0, "dvar": 0, "dvar2": 0, "max": 1, "mean": 1, "median": 1, "min": 1, "var": 0}, "silence_rate_30dB": {"dmean": 0.147186145186, "dmean2": 0.294405847788, "dvar": 0.125518649817, "dvar2": 0.228911876678, "max": 1, "mean": 0.747009932995, "median": 1, "min": 0, "var": 0.188975483179}, "silence_rate_60dB": {"dmean": 0.0232399180532, "dmean2": 0.0464851297438, "dvar": 0.0226987171918, "dvar2": 0.0550393797457, "max": 1, "mean": 0.0789383724332, "median": 0, "min": 0, "var": 0.0727017000318}, "spectral_centroid": {"dmean": 557.041259766, "dmean2": 841.483337402, "dvar": 394404.03125, "dvar2": 735314.6875, "max": 11275.1767578, "mean": 1720.93286133, "median": 1530.52783203, "min": 77.9922637939, "var": 1018744}, "spectral_complexity": {"dmean": 6.69651412964, "dmean2": 9.54221248627, "dvar": 53.2348823547, "dvar2": 97.0990066528, "max": 64, "mean": 17.6209144592, "median": 15, "min": 0, "var": 178.521987915}, "spectral_decrease": {"dmean": 6.41488373532e-09, "dmean2": 8.75210837137e-09, "dvar": 6.45946730006e-17, "dvar2": 1.23100515834e-16, "max": -9.34168828777e-29, "mean": -1.58811470641e-08, "median": -1.10780034035e-08, "min": -6.49516351814e-08, "var": 2.04662774163e-16}, "spectral_energy": {"dmean": 0.0250636283308, "dmean2": 0.0345953777432, "dvar": 0.000922424253076, "dvar2": 0.00177045690361, "max": 0.246839553118, "mean": 0.0631064325571, "median": 0.0456115417182, "min": 1.04891299966e-20, "var": 0.00293855392374}, "spectral_energyband_high": {"dmean": 0.00159489677753, "dmean2": 0.00227576494217, "dvar": 7.28645045456e-06, "dvar2": 1.42836061059e-05, "max": 0.0376367159188, "mean": 0.00232448615134, "median": 0.000913446303457, "min": 7.34220375104e-21, "var": 1.46313986988e-05}, "spectral_energyband_low": {"dmean": 0.022560980171, "dmean2": 0.0291772838682, "dvar": 0.000944607018027, "dvar2": 0.001733135432, "max": 0.238617286086, "mean": 0.0489263236523, "median": 0.0278810616583, "min": 1.01245866942e-22, "var": 0.00285618309863}, "spectral_energyband_middle_high": {"dmean": 0.00315790134482, "dmean2": 0.00473770499229, "dvar": 3.36997982231e-05, "dvar2": 7.26922298782e-05, "max": 0.0881881341338, "mean": 0.00510081881657, "median": 0.00227413722314, "min": 1.77626212112e-21, "var": 6.13855809206e-05}, "spectral_energyband_middle_low": {"dmean": 0.00624780869111, "dmean2": 0.0106564387679, "dvar": 9.9570643215e-05, "dvar2": 0.00027017944376, "max": 0.0935290530324, "mean": 0.00771014997736, "median": 0.00452817697078, "min": 4.02756759558e-22, "var": 9.48539600358e-05}, "spectral_entropy": {"dmean": 0.241579398513, "dmean2": 0.356876403093, "dvar": 0.0637132301927, "dvar2": 0.126954272389, "max": 9.78621959686, "mean": 7.94283246994, "median": 7.96567058563, "min": 5.60804986954, "var": 0.185675770044}, "spectral_flux": {"dmean": 0.0523654334247, "dmean2": 0.0805248394608, "dvar": 0.00391451874748, "dvar2": 0.00711421808228, "max": 0.469507098198, "mean": 0.125684738159, "median": 0.106081813574, "min": 1.0241645032e-10, "var": 0.00732244318351}, "spectral_kurtosis": {"dmean": 1.37667238712, "dmean2": 2.15348315239, "dvar": 3.92513203621, "dvar2": 10.3265342712, "max": 62.9632339478, "mean": 3.2070991993, "median": 2.99384975433, "min": -1.49690401554, "var": 6.92540121078}, "spectral_rms": {"dmean": 0.00154578732327, "dmean2": 0.00207626237534, "dvar": 2.78480320048e-06, "dvar2": 5.1268293646e-06, "max": 0.0155183468014, "mean": 0.00694917421788, "median": 0.00667076185346, "min": 3.19895260455e-12, "var": 1.32759250846e-05}, "spectral_rolloff": {"dmean": 1144.46130371, "dmean2": 1854.13269043, "dvar": 5019046.5, "dvar2": 9167946, "max": 18561.6210938, "mean": 2018.85974121, "median": 452.197265625, "min": 64.599609375, "var": 10645085}, "spectral_skewness": {"dmean": 0.269111961126, "dmean2": 0.405790507793, "dvar": 0.0810919776559, "dvar2": 0.176920324564, "max": 5.79502439499, "mean": 1.3846026659, "median": 1.40699052811, "min": -0.777964055538, "var": 0.218844309449}, "spectral_spread": {"dmean": 1281522.625, "dmean2": 1837596.75, "dvar": 2127178760190.0, "dvar2": 3782430425090.0, "max": 40320220, "mean": 6614345, "median": 5985521.5, "min": 1122857.25, "var": 7262057791490.0}, "spectral_strongpeak": {"dmean": 0.376432090998, "dmean2": 0.598593175411, "dvar": 0.852770090103, "dvar2": 2.19716072083, "max": 21.517156601, "mean": 0.659973442554, "median": 0.498418778181, "min": 0, "var": 0.847880244255}, "zerocrossingrate": {"dmean": 0.0279448963702, "dmean2": 0.0292192678899, "dvar": 0.00125448778272, "dvar2": 0.00133183842991, "max": 0.4970703125, "mean": 0.0763662084937, "median": 0.046875, "min": 0.001953125, "var": 0.0065147629939}, "barkbands": {"dmean": [0.000785564130638, 0.0208291169256, 0.00669593503699, 0.0021792599, 0.00254414766096, 0.000897189544048, 0.000746495323256, 0.000594514829572, 0.000680967816152, 0.000467160687549, 0.000442062824732, 0.000526574265677, 0.000400722085033, 0.000350536400219, 0.000390747969504, 0.000410587294027, 0.000580339692533, 0.00040220329538, 0.000289129500743, 0.00023729998793, 0.000248960714089, 0.000191641796846, 0.000218800021685, 0.000273415731499, 0.000421187345637, 0.000282024790067, 2.85735113721e-05], "dmean2": [0.00106569274794, 0.0253959428519, 0.0125606367365, 0.00406407145783, 0.00427082972601, 0.00152283196803, 0.00124024576508, 0.000987894483842, 0.0011393892346, 0.000758663925808, 0.000714848167263, 0.000834348669741, 0.00066646974301, 0.000546497234609, 0.000605528126471, 0.00067640299676, 0.000896936806384, 0.000636066542938, 0.000456847483292, 0.000367347471183, 0.00037968356628, 0.000290196301648, 0.000323178741382, 0.000398854492232, 0.000606123998296, 0.000418190204073, 4.21323020419e-05], "dvar": [1.54314705014e-06, 0.000863980443683, 0.000279337924439, 2.4188631869e-05, 2.18175955524e-05, 3.32038598572e-06, 2.72802026302e-06, 1.83507700058e-06, 2.15499062506e-06, 1.03567981569e-06, 1.00787895008e-06, 1.58800173722e-06, 8.22652964416e-07, 5.93295794715e-07, 6.99782106039e-07, 1.33813978209e-06, 4.68810958409e-06, 1.0928855545e-06, 3.38537290645e-07, 1.65536832242e-07, 1.90580280446e-07, 1.21881086557e-07, 1.59028331836e-07, 2.80875525505e-07, 1.18261755233e-06, 4.66107593411e-07, 2.42520825644e-09], "dvar2": [3.02460898638e-06, 0.00142384599894, 0.000790398276877, 6.79705117363e-05, 5.80669184274e-05, 8.51338336361e-06, 6.6858806349e-06, 4.48444870926e-06, 5.52107758267e-06, 2.44363468482e-06, 2.42792339122e-06, 3.60801777788e-06, 2.05664878195e-06, 1.29953286887e-06, 1.53968369432e-06, 3.51394601239e-06, 1.13994692583e-05, 2.70583655038e-06, 8.45793692861e-07, 3.90770395597e-07, 3.97643674432e-07, 2.70674661351e-07, 3.25414220015e-07, 5.85322311508e-07, 2.2356291538e-06, 1.05153185359e-06, 5.12587217116e-09], "max": [0.0264860205352, 0.230289816856, 0.14292113483, 0.0440790504217, 0.0620699077845, 0.039772875607, 0.0348533391953, 0.0301129743457, 0.033578094095, 0.0206914208829, 0.0328442268074, 0.0350408367813, 0.0165291149169, 0.0150487348437, 0.011760102585, 0.0184951853007, 0.047462888062, 0.0162525046617, 0.00775816384703, 0.00756334559992, 0.0104120094329, 0.00484848301858, 0.00725986622274, 0.00994937028736, 0.0274608694017, 0.0174277853221, 0.000556523620617], "mean": [0.00130170432385, 0.0423671118915, 0.00438499916345, 0.00158093008213, 0.00290916347876, 0.00096313393442, 0.000787342665717, 0.0006331850891, 0.000694159651175, 0.000553266494535, 0.000531739380676, 0.000651662703604, 0.000450352439657, 0.000437866750872, 0.000480432732729, 0.000434907706222, 0.000616918841843, 0.000498768640682, 0.000374621333322, 0.000309971364914, 0.000322026287904, 0.00023565274023, 0.000274467718555, 0.000382736383472, 0.000571345270146, 0.000324957625708, 3.30608454533e-05], "median": [0.000675702583976, 0.0221064053476, 0.000313078577165, 0.000277241721051, 0.00128203316126, 0.000292892626021, 0.000206282886211, 0.000178510075784, 0.000186200923054, 0.000150345775182, 0.00012800807599, 0.000120699864055, 8.89399234438e-05, 9.32869661483e-05, 0.000114173504699, 9.45904976106e-05, 0.00012045159383, 0.000128950734506, 0.000144253383041, 0.000125079779536, 0.000132967485115, 7.5551251939e-05, 8.4819526819e-05, 0.00012276833877, 0.000118939446111, 6.06483226875e-05, 5.53806967218e-06], "min": [5.39592912966e-23, 5.51841966449e-23, 1.18371781604e-23, 8.67499766735e-24, 1.66248459916e-23, 7.21459177975e-23, 1.11386339402e-22, 8.20328503621e-23, 9.48422222798e-23, 9.30128096644e-23, 4.82891673691e-23, 1.91361752171e-22, 1.03341920855e-22, 1.58730931034e-22, 1.51687703193e-22, 1.53763467603e-22, 1.95495017283e-22, 2.89909942009e-22, 2.53454647473e-22, 2.88645972269e-22, 2.17068520261e-22, 5.64398549467e-22, 7.16539096685e-22, 8.08394010002e-22, 1.16441665529e-21, 1.66297220356e-21, 2.2215712496e-21], "var": [2.82411724584e-06, 0.00248570530675, 0.00016892356507, 1.51870108311e-05, 2.13322819036e-05, 4.13262478105e-06, 2.96939379041e-06, 2.05143987841e-06, 2.2978688321e-06, 1.36804567319e-06, 1.37207678108e-06, 2.6304740004e-06, 9.85087467598e-07, 9.65722733781e-07, 1.04324647054e-06, 1.26214354168e-06, 4.69708902529e-06, 1.47851528709e-06, 4.20972099846e-07, 2.35750434285e-07, 3.18370155128e-07, 1.77888423991e-07, 2.59327748608e-07, 5.39234633834e-07, 2.475275096e-06, 6.41292217551e-07, 3.56458551565e-09]}, "erbbands": {"dmean": [0.870849132538, 4.05375862122, 7.36861562729, 7.84882497787, 7.52845287323, 8.97783470154, 7.60720682144, 7.5396437645, 9.5199432373, 11.7430448532, 14.4637308121, 14.977596283, 13.1100406647, 16.0104961395, 17.0283737183, 21.5747318268, 18.309545517, 17.6251335144, 18.5601215363, 20.5083522797, 21.6506557465, 32.9460983276, 21.6394481659, 17.0164985657, 12.7758102417, 11.4326858521, 11.6100177765, 8.44164180756, 6.48972558975, 6.6465587616, 6.48873996735, 5.82515907288, 4.65925598145, 4.62190914154, 3.13806414604, 1.71105265617, 0.394952982664, 0.0522823594511, 0.00564056960866, 0.000182787392987], "dmean2": [1.00925564766, 5.21852111816, 13.1966924667, 14.6125802994, 13.2060451508, 15.0412120819, 12.6266317368, 13.0038356781, 15.8562936783, 19.3186626434, 23.7948093414, 25.0083255768, 21.523103714, 25.6163387299, 27.3131866455, 34.7139434814, 30.505903244, 27.3432292938, 28.5015106201, 31.2568855286, 34.6011734009, 50.4952659607, 34.3372077942, 26.0547142029, 20.1899051666, 17.7842521667, 17.7278175354, 12.9928951263, 9.81810188293, 9.79040145874, 9.62227153778, 8.64868927002, 6.75315952301, 6.67498111725, 4.57176494598, 2.57883310318, 0.570857822895, 0.0759590491652, 0.00833086110651, 0.000263933208771], "dvar": [1.44488215446, 36.8448371887, 290.672729492, 331.45199585, 221.498886108, 288.180999756, 263.398590088, 246.37677002, 447.394897461, 863.024902344, 974.402709961, 1197.29724121, 766.424499512, 1131.99853516, 1169.45898438, 2765.19042969, 1658.86901855, 1620.19177246, 1430.02490234, 2118.48828125, 3375.15307617, 15618.6689453, 3915.78808594, 1086.42041016, 883.067443848, 409.271728516, 477.036346436, 216.354446411, 133.540649414, 147.799545288, 147.850097656, 124.67716217, 91.54737854, 166.22505188, 65.5994567871, 16.993932724, 1.19687914848, 0.00973532348871, 9.92140412563e-05, 9.17552327451e-08], "dvar2": [2.26562738419, 69.6986541748, 809.659667969, 931.712158203, 600.283447266, 741.416809082, 658.230407715, 644.97467041, 1095.41015625, 2140.6809082, 2393.52563477, 3153.54711914, 1905.95324707, 2608.63793945, 2733.91210938, 6237.76318359, 4178.86376953, 3679.33154297, 3226.07275391, 4399.90917969, 8553.71777344, 38340.8671875, 8907.58789062, 2472.53417969, 2257.33886719, 996.910339355, 972.983337402, 493.723724365, 293.720825195, 303.819000244, 311.624023438, 257.276367188, 195.537567139, 325.867492676, 134.783889771, 38.8809623718, 2.48584914207, 0.0205473881215, 0.000209373843973, 2.01599391403e-07], "max": [9.74680042267, 48.9035758972, 142.473114014, 143.125152588, 146.29473877, 233.875823975, 385.508728027, 277.713928223, 382.979736328, 680.937927246, 455.558319092, 1039.93859863, 677.12298584, 736.750915527, 817.006958008, 1629.38012695, 743.787414551, 959.013244629, 666.352600098, 732.781677246, 906.774353027, 2847.70629883, 1119.06469727, 539.104187012, 463.278900146, 350.744995117, 560.235656738, 184.923599243, 168.275695801, 168.86579895, 242.947753906, 211.82472229, 203.781280518, 315.53994751, 170.525085449, 54.4770431519, 57.3064651489, 2.97115635872, 0.117882534862, 0.00373409944586], "mean": [1.68575239182, 7.65876674652, 6.08834314346, 5.45816230774, 7.45100545883, 9.93382644653, 9.10790920258, 7.54712963104, 10.1447315216, 12.361823082, 16.1270046234, 15.4543209076, 15.4872207642, 20.1743450165, 22.2095546722, 26.7136306763, 21.2498455048, 22.2241172791, 23.8666305542, 25.4366226196, 25.1042251587, 35.5556526184, 27.5972900391, 23.6814861298, 16.2596054077, 14.6841630936, 15.4479532242, 10.3962717056, 8.01407241821, 8.54448986053, 7.94311332703, 7.88032531738, 6.46479034424, 6.3518576622, 3.99773168564, 1.94420564175, 0.479171663523, 0.0645330175757, 0.00662272423506, 0.000267348921625], "median": [0.806527554989, 3.760222435, 1.41539859772, 0.841092526913, 2.51913356781, 3.53602051735, 2.90617156029, 2.42652821541, 2.99912452698, 3.59603333473, 4.90634870529, 4.40953826904, 5.14197778702, 5.96058273315, 5.56942749023, 5.13551998138, 4.21706867218, 5.21401453018, 5.5777797699, 6.37220144272, 5.96837806702, 6.7890291214, 6.54284477234, 8.39081382751, 6.55082511902, 5.94751691818, 6.10286188126, 4.29096746445, 2.75675964355, 2.59296679497, 2.36645650864, 2.36876344681, 2.05439090729, 1.34984660149, 0.799043655396, 0.338723272085, 0.0943779572845, 0.0170700568706, 0.00128628942184, 0.000140174961416], "min": [2.28604004248e-21, 9.73289143063e-21, 1.12517145887e-20, 3.19816846887e-20, 2.74362141317e-20, 5.82484302242e-20, 1.46958200096e-19, 8.21182725931e-19, 1.10042969834e-18, 2.11258309531e-18, 2.11136114275e-18, 2.66677735531e-18, 1.3355711937e-18, 3.78801943486e-18, 3.75897753714e-18, 7.43202755225e-18, 5.43256822995e-18, 8.65611258376e-18, 8.47783861814e-18, 6.62763121608e-18, 1.06203199499e-17, 9.42377176098e-18, 1.44905152291e-17, 1.15501818006e-17, 1.49932607162e-17, 1.39400314945e-17, 9.67512382499e-18, 1.23188137422e-17, 2.54214721047e-17, 1.54946463183e-17, 2.42682102772e-17, 1.66220256644e-17, 1.30831716416e-17, 9.75023678769e-18, 1.03401315425e-17, 6.67699115118e-18, 2.87610326753e-18, 1.13543277654e-18, 3.08263977163e-19, 3.44937869726e-20], "var": [4.14704084396, 87.8738937378, 198.675109863, 204.38319397, 180.358963013, 311.436309814, 357.60043335, 244.756286621, 483.008422852, 859.46081543, 1167.87658691, 1222.62133789, 940.024169922, 1578.20275879, 1911.95446777, 4593.04443359, 2064.0625, 2515.29101562, 2255.90063477, 3111.95947266, 3773.06420898, 15745.6347656, 5636.10400391, 1801.97546387, 913.247558594, 538.166870117, 847.563598633, 292.161407471, 197.374069214, 240.067428589, 231.62059021, 228.532913208, 173.355178833, 339.341552734, 116.074195862, 22.845615387, 1.85941565037, 0.0140158524737, 0.000146331571159, 1.37457703886e-07]}, "gfcc": {"mean": [5.82893514633, 51.3395271301, -82.2154006958, 40.4159736633, -41.428276062, 24.7910804749, -29.2568817139, 20.607011795, -22.0197105408, 9.72204399109, -12.1664924622, 5.65040302277, -7.16585445404], "cov": [[12030.8974609, -659.59777832, -377.5909729, -412.77355957, -288.004150391, 118.478126526, -131.111907959, 127.623161316, -131.149215698, 47.9191856384, -173.112060547, 28.5651779175, -36.5316047668], [-659.59777832, 2160.67431641, -240.681365967, 27.819316864, 348.911193848, -64.8520584106, 233.681381226, 5.42709779739, 150.734603882, -45.0921554565, 156.117431641, -85.4703598022, 155.158111572], [-377.5909729, -240.681365967, 1183.28063965, 295.939331055, 10.0312566757, 153.661972046, -23.2838382721, 81.4465408325, 60.3470191956, 108.352546692, 25.3934516907, 64.9552536011, -39.5217514038], [-412.77355957, 27.819316864, 295.939331055, 507.275238037, 135.447052002, 30.5255470276, 45.7839431763, 90.7746963501, 86.5430374146, 45.9812812805, 62.3680496216, 29.1315441132, 47.919719696], [-288.004150391, 348.911193848, 10.0312566757, 135.447052002, 469.147003174, 168.203353882, 185.126983643, 82.3928985596, 133.503692627, 52.1093482971, 88.6198272705, 30.7628593445, 83.4551086426], [118.478126526, -64.8520584106, 153.661972046, 30.5255470276, 168.203353882, 383.690917969, 135.69178772, 43.7574882507, 44.5786819458, 74.4619827271, 41.3377456665, 22.1209030151, 21.9252223969], [-131.111907959, 233.681381226, -23.2838382721, 45.7839431763, 185.126983643, 135.69178772, 272.968048096, 81.4456100464, 84.7370529175, 38.1847648621, 76.9852828979, 16.3622322083, 61.2774353027], [127.623161316, 5.42709779739, 81.4465408325, 90.7746963501, 82.3928985596, 43.7574882507, 81.4456100464, 200.859008789, 94.3714981079, 46.0835380554, 37.7564849854, 25.8078155518, 51.7017326355], [-131.149215698, 150.734603882, 60.3470191956, 86.5430374146, 133.503692627, 44.5786819458, 84.7370529175, 94.3714981079, 165.411575317, 52.7986488342, 48.1324272156, 12.0918617249, 55.8584289551], [47.9191856384, -45.0921554565, 108.352546692, 45.9812812805, 52.1093482971, 74.4619827271, 38.1847648621, 46.0835380554, 52.7986488342, 114.98197937, 45.8453826904, 13.9601125717, 21.0852184296], [-173.112060547, 156.117431641, 25.3934516907, 62.3680496216, 88.6198272705, 41.3377456665, 76.9852828979, 37.7564849854, 48.1324272156, 45.8453826904, 110.413337708, 28.7394371033, 43.0989151001], [28.5651779175, -85.4703598022, 64.9552536011, 29.1315441132, 30.7628593445, 22.1209030151, 16.3622322083, 25.8078155518, 12.0918617249, 13.9601125717, 28.7394371033, 77.4977645874, 22.890499115], [-36.5316047668, 155.158111572, -39.5217514038, 47.919719696, 83.4551086426, 21.9252223969, 61.2774353027, 51.7017326355, 55.8584289551, 21.0852184296, 43.0989151001, 22.890499115, 109.434997559]], "icov": [[9.38373705139e-05, -5.69240000914e-06, 4.63846336061e-05, 4.68231337436e-05, 4.67648387712e-05, -6.78240758134e-05, 4.32143388025e-05, -0.000147363753058, 7.9928591731e-05, -0.000128758489154, 0.000174429500476, -0.000109752916615, -2.73509135695e-06], [-5.69240000914e-06, 0.00082032289356, -0.000116247094411, 0.000202562194318, -0.00047705200268, 0.000410953012761, -0.000316435907735, 0.000385864608688, -0.000346991844708, 0.000866404152475, -0.00121506815776, 0.00153894268442, -0.00085247826064], [4.63846336061e-05, -0.000116247094411, 0.00131709408015, -0.000738737580832, 0.000386706145946, -0.000608294270933, 0.000382813886972, -0.000290897180093, -0.000257949111983, -0.000932622526307, 0.000491055776365, -0.00123589124996, 0.00110596197192], [4.68231337436e-05, 0.000202562194318, -0.000738737580832, 0.00286502856761, -0.000751224230044, 0.00047641232959, 0.000230100456974, -0.00054728781106, -0.000289251358481, 0.000432936765719, -0.00111715612002, 0.00066826591501, -0.000821332854684], [4.67648387712e-05, -0.00047705200268, 0.000386706145946, -0.000751224230044, 0.00417896499857, -0.00141572824214, -0.000948818225879, 0.000171873631189, -0.00173941568937, -2.77382459899e-05, 4.46289523097e-05, -0.00140026293229, -0.00012406494352], [-6.78240758134e-05, 0.000410953012761, -0.000608294270933, 0.00047641232959, -0.00141572824214, 0.00431175529957, -0.00185291736852, 0.000433688546764, 0.000718147086445, -0.00154095643666, 0.000111456436571, 0.000575950194616, -0.000219201232539], [4.32143388025e-05, -0.000316435907735, 0.000382813886972, 0.000230100456974, -0.000948818225879, -0.00185291736852, 0.00684445491061, -0.00157386227511, -0.000703223049641, 0.000707316270564, -0.00237002642825, 0.00018461428408, -0.000376148353098], [-0.000147363753058, 0.000385864608688, -0.000290897180093, -0.00054728781106, 0.000171873631189, 0.000433688546764, -0.00157386227511, 0.00810348428786, -0.00340811838396, -0.000480674440041, 0.000128723622765, -0.000547013245523, -0.00173087127041], [7.9928591731e-05, -0.000346991844708, -0.000257949111983, -0.000289251358481, -0.00173941568937, 0.000718147086445, -0.000703223049641, -0.00340811838396, 0.0116736749187, -0.00314545817673, 0.000371859117877, 0.000862166809384, -0.00194063072558], [-0.000128758489154, 0.000866404152475, -0.000932622526307, 0.000432936765719, -2.77382459899e-05, -0.00154095643666, 0.000707316270564, -0.000480674440041, -0.00314545817673, 0.0145210009068, -0.00613133376464, 0.00250978977419, -0.000939399760682], [0.000174429500476, -0.00121506815776, 0.000491055776365, -0.00111715612002, 4.46289523097e-05, 0.000111456436571, -0.00237002642825, 0.000128723622765, 0.000371859117877, -0.00613133376464, 0.0174437444657, -0.0061333659105, -0.000938044278882], [-0.000109752916615, 0.00153894268442, -0.00123589124996, 0.00066826591501, -0.00140026293229, 0.000575950194616, 0.00018461428408, -0.000547013245523, 0.000862166809384, 0.00250978977419, -0.0061333659105, 0.0189234111458, -0.00431635370478], [-2.73509135695e-06, -0.00085247826064, 0.00110596197192, -0.000821332854684, -0.00012406494352, -0.000219201232539, -0.000376148353098, -0.00173087127041, -0.00194063072558, -0.000939399760682, -0.000938044278882, -0.00431635370478, 0.0147153576836]]}, "melbands": {"dmean": [0.00660664075986, 0.00378849729896, 0.00135285686702, 0.000614004093222, 0.000284949754132, 0.000168869257323, 0.000147613987792, 0.000125255028252, 0.000125697493786, 9.13804033189e-05, 6.68377106194e-05, 6.62510356051e-05, 5.93142758589e-05, 5.81442982366e-05, 5.42935049452e-05, 3.57486678695e-05, 3.33067437168e-05, 3.05070152535e-05, 2.91765827569e-05, 3.01242107525e-05, 2.44750590355e-05, 3.36150587827e-05, 3.01064064843e-05, 1.66395748238e-05, 1.43134056998e-05, 1.01001833173e-05, 8.05743093224e-06, 7.75598073233e-06, 7.80530899647e-06, 6.12262601862e-06, 4.80371591038e-06, 3.63121671398e-06, 3.85155226468e-06, 3.689642881e-06, 3.91197090721e-06, 3.47588252225e-06, 3.81926429327e-06, 3.28420742335e-06, 3.46673959939e-06, 4.28704925071e-06], "dmean2": [0.00787604600191, 0.00584268430248, 0.00249251280911, 0.00103559321724, 0.000471148639917, 0.00028956841561, 0.000245251198066, 0.000205687567359, 0.000208138517337, 0.000152966269525, 0.000110154243885, 0.000106703126221, 9.55294672167e-05, 9.26369975787e-05, 9.04843400349e-05, 5.7851710153e-05, 5.25339200976e-05, 4.75459019071e-05, 4.5104061428e-05, 4.76977475046e-05, 3.95521856262e-05, 5.1477465604e-05, 4.96989014209e-05, 2.50384437095e-05, 2.20465935854e-05, 1.60549843713e-05, 1.26357099361e-05, 1.22397432278e-05, 1.21302082334e-05, 9.27039855014e-06, 7.60091324992e-06, 5.63559706279e-06, 5.77839909965e-06, 5.51511402591e-06, 5.91925072513e-06, 5.18190563525e-06, 5.77433957005e-06, 4.85341342937e-06, 5.09144456373e-06, 6.26732980891e-06], "dvar": [8.56794140418e-05, 4.829934187e-05, 8.87904297997e-06, 1.41148257171e-06, 2.96821838219e-07, 1.16641430736e-07, 1.03426764042e-07, 9.30395316345e-08, 7.47793649225e-08, 4.2207815909e-08, 2.08022559178e-08, 2.00681711249e-08, 1.68996852068e-08, 2.07386978701e-08, 1.76137522345e-08, 6.2729630379e-09, 6.26854879116e-09, 4.12514600256e-09, 4.06090183702e-09, 6.6432312984e-09, 3.82778564401e-09, 1.43022287347e-08, 1.46815448687e-08, 1.40589795361e-09, 7.91367915642e-10, 5.08378616981e-10, 2.81169781902e-10, 2.05893760374e-10, 2.35842456675e-10, 1.17066897842e-10, 7.89408330371e-11, 4.4655713155e-11, 5.19270702826e-11, 4.50374251781e-11, 5.45872166913e-11, 4.29528079771e-11, 6.0390158152e-11, 4.3462653615e-11, 7.80537717793e-11, 1.59319710202e-10], "dvar2": [0.000133977897349, 0.000125772203319, 2.48162614298e-05, 3.75506556338e-06, 7.49254184029e-07, 3.03574637428e-07, 2.52222434938e-07, 2.27487632287e-07, 1.83298666911e-07, 1.11282687953e-07, 5.16373646064e-08, 4.64669263067e-08, 4.06495992422e-08, 4.7427622718e-08, 4.22226484886e-08, 1.49146881512e-08, 1.42753373567e-08, 9.47062250845e-09, 8.76459882448e-09, 1.63890838678e-08, 9.42344424715e-09, 3.39966277352e-08, 3.76157345272e-08, 3.22447601953e-09, 1.82906190194e-09, 1.3070735605e-09, 6.83289091974e-10, 5.06472586093e-10, 4.94539020846e-10, 2.5491833644e-10, 1.84440657192e-10, 1.00907997236e-10, 1.12750274395e-10, 9.38859337496e-11, 1.18619766787e-10, 8.99873717208e-11, 1.29524016512e-10, 9.69780922233e-11, 1.67518318661e-10, 3.21241672152e-10], "max": [0.0713993608952, 0.0575931742787, 0.0218815151602, 0.0164401177317, 0.010078526102, 0.00607125647366, 0.00658913468942, 0.00790605694056, 0.00431501725689, 0.00597793376073, 0.00330106471665, 0.00271491496824, 0.00375434197485, 0.00502680242062, 0.00420097494498, 0.00150262261741, 0.0017343867803, 0.00106638588477, 0.00101242831443, 0.00127512670588, 0.000957687618211, 0.00270394375548, 0.0024136879947, 0.000698914169334, 0.000512091850396, 0.000363953964552, 0.000194603198906, 0.000297528546071, 0.00037097002496, 0.000219151552301, 0.000103951912024, 0.000102516074548, 0.000127374078147, 9.9434691947e-05, 0.00013096924522, 0.000134880756377, 0.000154981520609, 0.000136443253723, 0.000227695185458, 0.000306802539853], "mean": [0.0132824601606, 0.00544961681589, 0.00100068794563, 0.000658187316731, 0.000342659448506, 0.000172701620613, 0.000158184979227, 0.000132484070491, 0.000136469883728, 9.28297013161e-05, 7.72459607106e-05, 8.13178048702e-05, 7.41039766581e-05, 7.20568932593e-05, 6.0983147705e-05, 4.2397314246e-05, 4.07574989367e-05, 3.77734468202e-05, 3.57728895324e-05, 3.18310012517e-05, 2.85546993837e-05, 3.62987266271e-05, 3.28096539306e-05, 2.12631603063e-05, 1.91996205103e-05, 1.26897730297e-05, 9.75428611127e-06, 9.69453139987e-06, 1.01584455479e-05, 7.79326819611e-06, 5.48451498616e-06, 4.3298446144e-06, 4.75921297038e-06, 4.60699402538e-06, 4.52384483651e-06, 4.45341720479e-06, 5.06222522745e-06, 4.47062666353e-06, 4.63033120468e-06, 5.68801033296e-06], "median": [0.00677133537829, 0.00237188651226, 0.000203954492463, 0.000244291499257, 0.000119813121273, 5.50133590878e-05, 4.65809534944e-05, 3.77019896405e-05, 3.6438657844e-05, 2.56964121945e-05, 2.3000917281e-05, 2.26744032261e-05, 1.86846045835e-05, 1.37927017931e-05, 1.05981634988e-05, 8.84834298631e-06, 8.94915865501e-06, 8.32225396152e-06, 8.2900196503e-06, 7.04216336089e-06, 6.48180775897e-06, 7.08610969014e-06, 5.20637195223e-06, 6.08644540989e-06, 6.5024369178e-06, 4.78275478599e-06, 3.68887140212e-06, 3.8204698285e-06, 3.7633149077e-06, 3.14160956805e-06, 2.05027686206e-06, 1.47776790982e-06, 1.37876872941e-06, 1.38503514791e-06, 1.30684941269e-06, 1.38792324833e-06, 1.44608748087e-06, 1.48249034737e-06, 1.16813703244e-06, 1.11107567591e-06], "min": [2.08559582548e-23, 9.31514882561e-24, 4.98339723806e-24, 3.26668839131e-24, 4.94062007218e-24, 1.7217152736e-23, 1.88903693145e-23, 2.12901409861e-23, 1.75824253118e-23, 1.53753202945e-23, 5.81381296918e-24, 1.52890646654e-23, 9.41641095571e-24, 2.26436369729e-23, 1.29207504e-23, 1.05352082014e-23, 1.74788636522e-23, 1.21944966517e-23, 1.12565418242e-23, 7.88100837739e-24, 1.49756817822e-23, 1.1294149979e-23, 9.53453262107e-24, 1.35637075365e-23, 8.12689237724e-24, 1.28377488222e-23, 8.73276910689e-24, 9.36185412436e-24, 6.92052447135e-24, 4.22222416732e-24, 7.8011046563e-24, 1.64272536898e-23, 7.46180059261e-24, 8.71872343847e-24, 1.47960439546e-23, 1.01714810041e-23, 9.67748131685e-24, 9.78199276502e-24, 8.0586062107e-24, 8.16832177426e-24], "var": [0.000249584001722, 5.78973413212e-05, 5.64153924643e-06, 1.31248179969e-06, 3.99472384061e-07, 1.24066900753e-07, 1.13712957273e-07, 9.53911012402e-08, 8.94143212804e-08, 4.2813109502e-08, 2.53597747246e-08, 2.72397073786e-08, 2.44130156091e-08, 3.20775903617e-08, 2.5638760448e-08, 8.16076362042e-09, 9.38880617696e-09, 6.11139405748e-09, 5.99329696982e-09, 6.79896272615e-09, 4.69950878212e-09, 1.49837244834e-08, 1.54281547537e-08, 2.13531792248e-09, 1.26534727141e-09, 5.53555812299e-10, 3.18838677682e-10, 2.5996615971e-10, 3.96312482831e-10, 1.87835150212e-10, 9.4499116865e-11, 6.03031236057e-11, 8.18434001126e-11, 6.99098348655e-11, 7.9342470094e-11, 7.31060559311e-11, 1.04537350998e-10, 7.61375198999e-11, 1.44536313473e-10, 3.03158720349e-10]}, "mfcc": {"mean": [-649.189453125, 90.3849105835, 20.1463317871, 26.9225654602, 17.4893131256, 10.2634983063, 13.4815320969, 9.41051959991, 6.84102773666, 6.64962100983, 2.36210298538, 5.2240319252, 1.74802112579], "cov": [[11060.4912109, 7.19632434845, -712.223205566, -434.242797852, -296.995147705, -151.513931274, -68.504486084, -51.6157493591, 32.6164016724, -26.0539474487, -113.092712402, -41.1840362549, -66.3889083862], [7.19632434845, 1713.74951172, -273.552032471, 79.278793335, 79.6992874146, 50.3102111816, 129.051834106, 49.0795135498, 84.7779159546, 66.3121643066, 28.3262290955, 78.8683624268, -11.3653745651], [-712.223205566, -273.552032471, 1038.09570312, 172.404541016, 114.926231384, 56.9123840332, -19.2890300751, 4.27595853806, -15.7921724319, 18.5052108765, 63.7733688354, 16.480846405, 51.5055770874], [-434.242797852, 79.278793335, 172.404541016, 479.503875732, 142.826202393, -29.3055534363, 17.8306427002, 39.8566894531, 63.6883621216, 16.8496494293, 38.1574172974, 79.5933914185, 11.1352577209], [-296.995147705, 79.6992874146, 114.926231384, 142.826202393, 305.073120117, 116.908798218, 62.5226783752, 67.1869735718, 84.6273117065, 56.1984291077, 58.3403625488, 49.3176345825, 55.2468261719], [-151.513931274, 50.3102111816, 56.9123840332, -29.3055534363, 116.908798218, 304.873291016, 136.289916992, 60.4864006042, 39.3912086487, 70.0876312256, 46.1565856934, 12.6752338409, 62.8044815063], [-68.504486084, 129.051834106, -19.2890300751, 17.8306427002, 62.5226783752, 136.289916992, 216.212875366, 89.8878479004, 58.3621063232, 71.0050582886, 49.0280532837, 42.6415405273, 38.1768836975], [-51.6157493591, 49.0795135498, 4.27595853806, 39.8566894531, 67.1869735718, 60.4864006042, 89.8878479004, 153.623748779, 85.8612518311, 38.3977622986, 38.2397155762, 37.1802101135, 37.9859695435], [32.6164016724, 84.7779159546, -15.7921724319, 63.6883621216, 84.6273117065, 39.3912086487, 58.3621063232, 85.8612518311, 156.862731934, 86.3833618164, 35.831237793, 40.7066841125, 35.0245132446], [-26.0539474487, 66.3121643066, 18.5052108765, 16.8496494293, 56.1984291077, 70.0876312256, 71.0050582886, 38.3977622986, 86.3833618164, 141.217941284, 57.4891014099, 23.4247245789, 31.835899353], [-113.092712402, 28.3262290955, 63.7733688354, 38.1574172974, 58.3403625488, 46.1565856934, 49.0280532837, 38.2397155762, 35.831237793, 57.4891014099, 94.1280593872, 46.8432426453, 23.7185611725], [-41.1840362549, 78.8683624268, 16.480846405, 79.5933914185, 49.3176345825, 12.6752338409, 42.6415405273, 37.1802101135, 40.7066841125, 23.4247245789, 46.8432426453, 99.2074737549, 31.8784351349], [-66.3889083862, -11.3653745651, 51.5055770874, 11.1352577209, 55.2468261719, 62.8044815063, 38.1768836975, 37.9859695435, 35.0245132446, 31.835899353, 23.7185611725, 31.8784351349, 82.7688446045]], "icov": [[9.89330364973e-05, 6.39548989056e-06, 4.43370008725e-05, 7.62503259466e-05, 4.91437567689e-05, 1.8222415747e-05, 9.75584498519e-06, 2.64823520411e-05, -0.000103355821921, -5.26010701662e-08, 6.8842949986e-05, -7.36343426979e-05, 3.14893295581e-05], [6.39548989056e-06, 0.000676984898746, 0.000175078297616, -4.56225279777e-05, -0.000142640448757, -2.40042518271e-05, -0.0003124428913, 0.000115485556307, -0.000114839371236, -0.000172738873516, 0.000214519095607, -0.000522495945916, 0.000454619323136], [4.43370008725e-05, 0.000175078297616, 0.0012342632981, -0.000455373199657, -0.000171822233824, -0.000160794559633, 0.000319040380418, 8.69486939337e-06, 0.000484198099002, -8.14998784335e-05, -0.000812986050732, 0.000423295947257, -0.00066524738213], [7.62503259466e-05, -4.56225279777e-05, -0.000455373199657, 0.00314136268571, -0.00130269327201, 0.000825338822324, -0.000190572478459, 4.53168140666e-05, -0.000715747009963, 0.000236569030676, 0.000538797292393, -0.00214248104021, 0.00110867246985], [4.91437567689e-05, -0.000142640448757, -0.000171822233824, -0.00130269327201, 0.00554667739198, -0.00184419483412, 0.000602078507654, -7.29750317987e-05, -0.00197667255998, 0.000801506044809, -0.00159847189207, 0.000268685020274, -0.00136241444852], [1.8222415747e-05, -2.40042518271e-05, -0.000160794559633, 0.000825338822324, -0.00184419483412, 0.00612256117165, -0.00315620051697, 5.15774918313e-05, 0.00100916519295, -0.000930895621423, -0.000448977109045, 0.00171018054243, -0.00258133001626], [9.75584498519e-06, -0.0003124428913, 0.000319040380418, -0.000190572478459, 0.000602078507654, -0.00315620051697, 0.0091500049457, -0.00400487333536, 0.00144625129178, -0.00274633429945, 3.1008188671e-05, -0.00214925012551, 0.000665882427711], [2.64823520411e-05, 0.000115485556307, 8.69486939337e-06, 4.53168140666e-05, -7.29750317987e-05, 5.15774918313e-05, -0.00400487333536, 0.0126923499629, -0.00693892361596, 0.0042857863009, -0.00289835338481, 0.000759663642384, -0.00211684289388], [-0.000103355821921, -0.000114839371236, 0.000484198099002, -0.000715747009963, -0.00197667255998, 0.00100916519295, 0.00144625129178, -0.00693892361596, 0.0158298052847, -0.00911150313914, 0.00357460253872, -0.00250014755875, -0.000487919984153], [-5.26010701662e-08, -0.000172738873516, -8.14998784335e-05, 0.000236569030676, 0.000801506044809, -0.000930895621423, -0.00274633429945, 0.0042857863009, -0.00911150313914, 0.0162119995803, -0.00807084515691, 0.00361819379032, -0.00199451833032], [6.8842949986e-05, 0.000214519095607, -0.000812986050732, 0.000538797292393, -0.00159847189207, -0.000448977109045, 3.1008188671e-05, -0.00289835338481, 0.00357460253872, -0.00807084515691, 0.0205928310752, -0.00850865524262, 0.00220925593749], [-7.36343426979e-05, -0.000522495945916, 0.000423295947257, -0.00214248104021, 0.000268685020274, 0.00171018054243, -0.00214925012551, 0.000759663642384, -0.00250014755875, 0.00361819379032, -0.00850865524262, 0.018505550921, -0.00596317043528], [3.14893295581e-05, 0.000454619323136, -0.00066524738213, 0.00110867246985, -0.00136241444852, -0.00258133001626, 0.000665882427711, -0.00211684289388, -0.000487919984153, -0.00199451833032, 0.00220925593749, -0.00596317043528, 0.0186040513217]]}, "spectral_contrast_coeffs": {"dmean": [0.057600967586, 0.0605415850878, 0.0450276695192, 0.03512243554, 0.0276219639927, 0.0227324143052], "dmean2": [0.0912242755294, 0.0964567214251, 0.0723378285766, 0.0554329752922, 0.043510235846, 0.0348769873381], "dvar": [0.00251207035035, 0.0025640220847, 0.00150642846711, 0.000896540354006, 0.000594162149355, 0.000380910089007], "dvar2": [0.00599577277899, 0.00617546355352, 0.00348991947249, 0.00211536465213, 0.00132107117679, 0.000836612598505], "max": [-0.25494915247, -0.397485136986, -0.441597878933, -0.529270291328, -0.579978227615, -0.628784060478], "mean": [-0.674494922161, -0.751267194748, -0.805287778378, -0.811515569687, -0.802376449108, -0.796883225441], "median": [-0.683114528656, -0.764304637909, -0.818278253078, -0.820456385612, -0.808640599251, -0.798389256001], "min": [-0.954233944416, -0.946207404137, -0.962419688702, -0.962366223335, -0.963634669781, -0.954820513725], "var": [0.00792500562966, 0.00731038255617, 0.00461143953726, 0.002854635939, 0.00182550237514, 0.00131046620663]}, "spectral_contrast_valleys": {"dmean": [0.529926002026, 0.598041653633, 0.543980240822, 0.509103298187, 0.487310409546, 0.51947170496], "dmean2": [0.814386844635, 0.924612343311, 0.810053169727, 0.733806312084, 0.681115031242, 0.681693553925], "dvar": [0.312448978424, 0.324255168438, 0.293669909239, 0.291114360094, 0.272865325212, 0.34066966176], "dvar2": [0.587688446045, 0.694036543369, 0.579938650131, 0.544707238674, 0.478247255087, 0.56528288126], "max": [-4.92837905884, -4.67573070526, -5.16586351395, -5.28800964355, -5.21699428558, -7.16271448135], "mean": [-7.15830945969, -7.27819108963, -7.5296883583