{"lowlevel": {"average_loudness": 0.116034843028, "barkbands_crest": {"dmean": 2.22352480888, "dmean2": 3.51188254356, "dvar": 5.28589868546, "dvar2": 13.9491901398, "max": 26.9634666443, "mean": 17.9537963867, "median": 18.2351589203, "min": 4.75230360031, "var": 32.1729354858}, "barkbands_flatness_db": {"dmean": 0.0325327441096, "dmean2": 0.0532111190259, "dvar": 0.000998038449325, "dvar2": 0.00259984144941, "max": 0.755494952202, "mean": 0.43600922823, "median": 0.446396946907, "min": 0.0545417256653, "var": 0.0120337810367}, "barkbands_kurtosis": {"dmean": 15.9711256027, "dmean2": 27.0324783325, "dvar": 4886.21972656, "dvar2": 14359.0878906, "max": 1925.62036133, "mean": 24.0019626617, "median": 5.0933380127, "min": -1.90655243397, "var": 7559.74755859}, "barkbands_skewness": {"dmean": 0.881441950798, "dmean2": 1.37478816509, "dvar": 2.28923511505, "dvar2": 6.39718723297, "max": 35.7583885193, "mean": 1.05151808262, "median": 0.378959000111, "min": -11.421954155, "var": 14.9082231522}, "barkbands_spread": {"dmean": 1.20975518227, "dmean2": 1.87347567081, "dvar": 3.76062273979, "dvar2": 9.14474105835, "max": 64.9222259521, "mean": 4.82822990417, "median": 3.03770112991, "min": 0.0227594580501, "var": 37.2595481873}, "dissonance": {"dmean": 0.0642793700099, "dmean2": 0.11171926558, "dvar": 0.00542761199176, "dvar2": 0.0146527197212, "max": 0.499994397163, "mean": 0.315907418728, "median": 0.327468365431, "min": 0.0415105745196, "var": 0.0138512467965}, "dynamic_complexity": 7.53394460678, "erbbands_crest": {"dmean": 2.98079895973, "dmean2": 4.75699186325, "dvar": 9.24358272552, "dvar2": 23.1971321106, "max": 34.5009346008, "mean": 22.2844028473, "median": 23.4337711334, "min": 2.39654684067, "var": 67.1878890991}, "erbbands_flatness_db": {"dmean": 0.0274004992098, "dmean2": 0.044011734426, "dvar": 0.00075321336044, "dvar2": 0.00193470157683, "max": 0.674169659615, "mean": 0.449420899153, "median": 0.474918305874, "min": 0.0855571702123, "var": 0.0138297481462}, "erbbands_kurtosis": {"dmean": 5.84988355637, "dmean2": 9.36621379852, "dvar": 83.8280181885, "dvar2": 221.484771729, "max": 122.200950623, "mean": 14.9920310974, "median": 5.4248342514, "min": -1.85381913185, "var": 502.354095459}, "erbbands_skewness": {"dmean": 0.645312488079, "dmean2": 1.00014984608, "dvar": 0.46374180913, "dvar2": 1.08642172813, "max": 8.41051769257, "mean": 0.604606211185, "median": 0.0823950171471, "min": -8.26782417297, "var": 4.72596597672}, "erbbands_spread": {"dmean": 2.08240962029, "dmean2": 3.19190192223, "dvar": 8.9391746521, "dvar2": 19.7148857117, "max": 68.549987793, "mean": 9.02383613586, "median": 3.72573971748, "min": 0.214808389544, "var": 126.971183777}, "hfc": {"dmean": 3.03655171394, "dmean2": 4.79023838043, "dvar": 45.3137397766, "dvar2": 127.215126038, "max": 130.750045776, "mean": 8.70464229584, "median": 3.93348312378, "min": 1.19391901189e-16, "var": 167.602325439}, "melbands_crest": {"dmean": 2.75535655022, "dmean2": 4.2766623497, "dvar": 6.73095083237, "dvar2": 17.5934467316, "max": 35.4722061157, "mean": 20.9959602356, "median": 21.0697784424, "min": 1.70917522907, "var": 39.4277496338}, "melbands_flatness_db": {"dmean": 0.0342571698129, "dmean2": 0.0557614639401, "dvar": 0.00124242110178, "dvar2": 0.0031906676013, "max": 0.805333435535, "mean": 0.50620174408, "median": 0.514685153961, "min": 0.00349966948852, "var": 0.0140975816175}, "melbands_kurtosis": {"dmean": 6.00092697144, "dmean2": 9.49747276306, "dvar": 92.2755432129, "dvar2": 243.398727417, "max": 186.137496948, "mean": 14.2223653793, "median": 5.11538219452, "min": -1.92400312424, "var": 549.415283203}, "melbands_skewness": {"dmean": 0.644099652767, "dmean2": 0.977753162384, "dvar": 0.426743477583, "dvar2": 1.04433619976, "max": 9.370054245, "mean": 0.811122775078, "median": 0.157523915172, "min": -6.73052024841, "var": 6.94918394089}, "melbands_spread": {"dmean": 1.86052453518, "dmean2": 2.87091994286, "dvar": 9.29937744141, "dvar2": 20.8863945007, "max": 150.670593262, "mean": 8.41178035736, "median": 4.98877477646, "min": 0.241797462106, "var": 272.320465088}, "pitch_salience": {"dmean": 0.0587471611798, "dmean2": 0.0941034629941, "dvar": 0.00309821031988, "dvar2": 0.0078948000446, "max": 0.862944424152, "mean": 0.367240697145, "median": 0.380528599024, "min": 0.0240590795875, "var": 0.0200058333576}, "silence_rate_20dB": {"dmean": 0, "dmean2": 0, "dvar": 0, "dvar2": 0, "max": 1, "mean": 1, "median": 1, "min": 1, "var": 0}, "silence_rate_30dB": {"dmean": 0.00802026130259, "dmean2": 0.0160439088941, "dvar": 0.00795625988394, "dvar2": 0.0195871628821, "max": 1, "mean": 0.989660263062, "median": 1, "min": 0, "var": 0.010232752189}, "silence_rate_60dB": {"dmean": 0.0367243550718, "dmean2": 0.0734642148018, "dvar": 0.0353755019605, "dvar2": 0.0862256363034, "max": 1, "mean": 0.296687066555, "median": 0, "min": 0, "var": 0.208655044436}, "spectral_centroid": {"dmean": 52.0090103149, "dmean2": 78.2238616943, "dvar": 16181.6796875, "dvar2": 21706.3769531, "max": 10806.8173828, "mean": 785.416503906, "median": 750.978515625, "min": 158.951477051, "var": 242467.140625}, "spectral_complexity": {"dmean": 0.837484180927, "dmean2": 1.43466329575, "dvar": 1.01281225681, "dvar2": 2.50284600258, "max": 23, "mean": 4.71428585052, "median": 4, "min": 0, "var": 10.5617866516}, "spectral_decrease": {"dmean": 1.15089149322e-09, "dmean2": 1.74326098001e-09, "dvar": 5.86025452104e-18, "dvar2": 1.61603099901e-17, "max": -2.85439850201e-29, "mean": -4.2873975481e-09, "median": -2.14047291003e-09, "min": -5.00146555282e-08, "var": 3.31045258118e-17}, "spectral_energy": {"dmean": 0.00461159599945, "dmean2": 0.00700352387503, "dvar": 9.4496877864e-05, "dvar2": 0.000261117325863, "max": 0.200626298785, "mean": 0.0169711373746, "median": 0.00857526622713, "min": 1.09369335916e-20, "var": 0.000517441832926}, "spectral_energyband_high": {"dmean": 1.16462501865e-06, "dmean2": 1.86692193438e-06, "dvar": 3.02984616563e-11, "dvar2": 7.97724386548e-11, "max": 0.000153996094014, "mean": 1.65336030022e-06, "median": 1.44945659031e-07, "min": 7.78502002857e-21, "var": 4.48055759161e-11}, "spectral_energyband_low": {"dmean": 0.000816724903416, "dmean2": 0.000989534077235, "dvar": 2.95775794257e-06, "dvar2": 5.06591049998e-06, "max": 0.0670696049929, "mean": 0.0049159489572, "median": 1.00445186035e-06, "min": 5.32202674679e-23, "var": 8.66237387527e-05}, "spectral_energyband_middle_high": {"dmean": 0.00138444965705, "dmean2": 0.00226957048289, "dvar": 1.493975833e-05, "dvar2": 4.05292739742e-05, "max": 0.0663359090686, "mean": 0.00266486639157, "median": 0.000563783338293, "min": 1.85571770611e-21, "var": 3.160711276e-05}, "spectral_energyband_middle_low": {"dmean": 0.00302419019863, "dmean2": 0.00452210009098, "dvar": 8.71762895258e-05, "dvar2": 0.000239402244915, "max": 0.200389653444, "mean": 0.0104630924761, "median": 0.00124903651886, "min": 3.4495092569e-22, "var": 0.000448540697107}, "spectral_entropy": {"dmean": 0.241085112095, "dmean2": 0.393485963345, "dvar": 0.0709208473563, "dvar2": 0.184716671705, "max": 9.80487823486, "mean": 5.18909931183, "median": 5.08243227005, "min": 2.77459740639, "var": 0.974146962166}, "spectral_flux": {"dmean": 0.0125945424661, "dmean2": 0.0218103397638, "dvar": 0.000311064824928, "dvar2": 0.000895300763659, "max": 0.299645572901, "mean": 0.0316295102239, "median": 0.0271689314395, "min": 1.04579796212e-10, "var": 0.000687265768647}, "spectral_kurtosis": {"dmean": 33.09948349, "dmean2": 56.496181488, "dvar": 1119.00646973, "dvar2": 3228.21508789, "max": 426.57800293, "mean": 92.0066452026, "median": 81.1104660034, "min": -1.20071041584, "var": 4067.55102539}, "spectral_rms": {"dmean": 0.000489336845931, "dmean2": 0.000738901668228, "dvar": 4.7695482408e-07, "dvar2": 1.29563136397e-06, "max": 0.0139904599637, "mean": 0.0032830031123, "median": 0.00289242342114, "min": 3.26652398706e-12, "var": 5.77915216127e-06}, "spectral_rolloff": {"dmean": 81.8920593262, "dmean2": 144.25869751, "dvar": 108163.5625, "dvar2": 231171.5625, "max": 18776.953125, "mean": 1109.58203125, "median": 882.861328125, "min": 86.1328125, "var": 5228243.5}, "spectral_skewness": {"dmean": 1.49973118305, "dmean2": 2.5705845356, "dvar": 1.84841823578, "dvar2": 5.15119838715, "max": 16.0100765228, "mean": 6.79471826553, "median": 6.70290517807, "min": -0.00680408114567, "var": 9.18732357025}, "spectral_spread": {"dmean": 420668.84375, "dmean2": 729211, "dvar": 344171053056, "dvar2": 629782740992, "max": 40322172, "mean": 1432238.75, "median": 1137966.75, "min": 204679.875, "var": 2450863685630.0}, "spectral_strongpeak": {"dmean": 0.50149166584, "dmean2": 0.806444644928, "dvar": 0.571108996868, "dvar2": 1.45749258995, "max": 11.8585710526, "mean": 1.74307239056, "median": 0.96532535553, "min": 0, "var": 3.48532700539}, "zerocrossingrate": {"dmean": 0.00213048513979, "dmean2": 0.00278032734059, "dvar": 2.90271218546e-05, "dvar2": 3.33129210048e-05, "max": 0.50537109375, "mean": 0.0405090041459, "median": 0.03466796875, "min": 0.0029296875, "var": 0.00367658818141}, "barkbands": {"dmean": [2.21171558223e-05, 0.000574814970605, 0.00024400332768, 0.000186943201697, 3.98605516239e-05, 0.000125165650388, 0.000708842533641, 0.000289194722427, 0.00194952753372, 0.000336273311405, 0.000945089035667, 0.000178667512955, 5.60192966077e-05, 9.41205598792e-06, 1.53579749167e-05, 2.25809162657e-05, 9.30593614612e-06, 1.2205684925e-06, 4.49065254315e-07, 4.20107795662e-07, 7.02809757058e-07, 1.7997668067e-07, 7.39124033089e-08, 4.35703739754e-08, 2.15608615406e-08, 8.24188717274e-09, 1.55889023912e-09], "dmean2": [3.08404487441e-05, 0.000780880800448, 0.000266845163424, 0.000205893069506, 5.3200921684e-05, 0.000169115548488, 0.00098790298216, 0.000376970652724, 0.00308958021924, 0.000519707973581, 0.00158146524336, 0.000292439275654, 9.84752114164e-05, 1.58210059453e-05, 2.41621892201e-05, 3.56884520443e-05, 1.39734511322e-05, 1.83732447567e-06, 7.69964970004e-07, 6.96641961895e-07, 1.0406297406e-06, 3.15526335726e-07, 1.37277851309e-07, 8.37440623513e-08, 4.19596588586e-08, 1.59660444865e-08, 2.91926127716e-09], "dvar": [3.9985295075e-09, 2.04278126148e-06, 4.01274235173e-07, 3.19754349221e-07, 3.0852767452e-08, 6.91870411629e-07, 1.44685209307e-05, 1.20247045743e-06, 7.48917300371e-05, 8.56190240484e-07, 1.23668378365e-05, 3.56447571903e-07, 2.54562451119e-08, 2.06435135652e-09, 1.07890292256e-08, 4.06118960683e-09, 5.30926724807e-09, 3.95501825734e-11, 8.18589813989e-12, 4.98245802255e-12, 9.15401348472e-12, 1.18550275933e-12, 8.21667495328e-13, 7.39284610092e-13, 1.53516495306e-13, 2.49565383008e-14, 2.76371392338e-16], "dvar2": [7.81599762689e-09, 3.8868165575e-06, 5.94853304392e-07, 3.35097581683e-07, 4.51382575761e-08, 1.08634094431e-06, 3.21388615703e-05, 1.85648229944e-06, 0.000213345716475, 2.02432192964e-06, 3.37222918461e-05, 9.67008645603e-07, 7.44944017583e-08, 5.69025981889e-09, 2.51341116808e-08, 1.05710586951e-08, 1.20311618446e-08, 8.1996090473e-11, 2.14355217604e-11, 1.25302901735e-11, 1.95028004163e-11, 3.3072242861e-12, 2.42310945614e-12, 2.20597541969e-12, 4.56798715607e-13, 7.38708139797e-14, 8.23540911979e-16], "max": [0.00245184847154, 0.0497556962073, 0.0310088060796, 0.0474246963859, 0.0106104910374, 0.0450250171125, 0.128304407001, 0.0891525670886, 0.199882775545, 0.0257953070104, 0.0624492764473, 0.0117073524743, 0.00440321583301, 0.00128387252335, 0.00535613577813, 0.00154919771012, 0.00386098981835, 0.000237862899667, 0.000101226680272, 5.25437353645e-05, 8.39389904286e-05, 2.9053668186e-05, 3.96343202738e-05, 4.08551786677e-05, 1.75294990186e-05, 6.24240828984e-06, 7.58661030886e-07], "mean": [0.000104105558421, 0.00276531884447, 0.00101796805393, 0.00123397959396, 0.000100949866464, 0.0002819072688, 0.00207806169055, 0.00123423663899, 0.00543410889804, 0.000867537339218, 0.00129235757049, 0.000338889076374, 9.63629281614e-05, 1.82228195627e-05, 3.21100851579e-05, 4.97175351484e-05, 2.0696381398e-05, 2.25136250265e-06, 5.08709433689e-07, 5.36066920631e-07, 1.03253671568e-06, 2.11659838101e-07, 5.10048963065e-08, 2.56848675662e-08, 1.23424603871e-08, 5.29918997572e-09, 1.88952609115e-09], "median": [2.22319698651e-07, 2.21205624484e-07, 2.72991087513e-07, 4.90367256134e-07, 7.65888034948e-06, 1.31907254399e-05, 4.7636567615e-05, 3.85877938243e-05, 6.44327446935e-05, 4.34104149463e-05, 7.31434374757e-06, 1.26720196931e-05, 1.53140517796e-05, 2.63969070602e-07, 1.22190829188e-06, 6.15755425315e-06, 6.35114304259e-07, 2.43445327897e-07, 4.12047391762e-08, 3.96512760403e-08, 5.20841076934e-08, 2.04162251549e-08, 2.92387958289e-09, 1.22330356955e-09, 7.18967996249e-10, 8.23229873159e-10, 8.35152613732e-10], "min": [1.85308222911e-23, 3.63070170848e-23, 1.15055899452e-23, 1.0667904072e-23, 5.3702930435e-23, 5.76974633127e-23, 8.23326679932e-23, 5.29996514717e-23, 7.16888580999e-23, 3.9185819808e-23, 3.63936624112e-23, 5.27292204871e-23, 7.58719539774e-23, 1.72264729698e-22, 3.6186354814e-22, 1.23733363098e-22, 2.27005491851e-22, 2.77244445699e-22, 2.99690656031e-22, 4.13868767865e-22, 4.44462964715e-22, 3.95020167158e-22, 6.04188340117e-22, 8.47788335214e-22, 1.13157742342e-21, 1.76653467099e-21, 2.53659337314e-21], "var": [9.08360107132e-08, 4.67942591058e-05, 7.13995859769e-06, 1.80431234185e-05, 1.3413979616e-07, 2.31758758673e-06, 0.000113020418212, 3.90754794353e-05, 0.000304266402964, 5.96125619268e-06, 2.2124248062e-05, 1.02627393517e-06, 5.21497511841e-08, 4.24817869771e-09, 3.80724110016e-08, 1.4648377622e-08, 2.34142749633e-08, 8.02552815871e-11, 6.6947601976e-12, 6.9481451842e-12, 2.12388665682e-11, 9.63457395461e-13, 4.39709033073e-13, 3.76016844614e-13, 7.86634415917e-14, 1.29817124999e-14, 1.44320160236e-16]}, "erbbands": {"dmean": [0.0214933529496, 0.116150960326, 0.248493984342, 0.53749781847, 0.194244772196, 0.113436721265, 0.808715820312, 1.3392598629, 10.4145936966, 6.58906412125, 13.9313879013, 54.4325218201, 7.46003484726, 25.3717937469, 32.5490722656, 9.74842739105, 3.03056025505, 0.739831805229, 0.900243580341, 0.970232963562, 0.88068819046, 0.337010741234, 0.103416353464, 0.0288982782513, 0.0227711051702, 0.0199066288769, 0.0234610959888, 0.0237442757934, 0.00736376969144, 0.00368553376757, 0.00203135353513, 0.00115365663078, 0.000622666848358, 0.000318210048135, 0.000112620975415, 5.07200384163e-05, 1.29295876832e-05, 2.13464136323e-06, 2.38200823333e-06, 5.28083819518e-06], "dmean2": [0.0280581302941, 0.162737295032, 0.291202753782, 0.517505347729, 0.271438777447, 0.161957427859, 0.97333830595, 1.9047293663, 14.4387645721, 8.41712379456, 20.4171600342, 86.4717941284, 10.9751901627, 40.8162155151, 55.0723953247, 15.9547710419, 5.27326154709, 1.2511575222, 1.44511723518, 1.51964068413, 1.36567473412, 0.504895150661, 0.145382121205, 0.0481836721301, 0.0389382392168, 0.032802529633, 0.0357659347355, 0.0355011224747, 0.0126820094883, 0.00663844589144, 0.00376017089002, 0.0021943768952, 0.00120138959028, 0.000618352612946, 0.000218433167902, 9.80302284006e-05, 2.46016043093e-05, 3.97894837079e-06, 3.67233337784e-06, 8.03915918368e-06], "dvar": [0.00332234520465, 0.0793744623661, 0.470242410898, 2.44094371796, 0.26152202487, 0.17948231101, 30.1611003876, 61.0234413147, 3285.63427734, 746.594360352, 2303.74682617, 56196.1757812, 379.123535156, 8865.19726562, 19104.234375, 956.866943359, 63.4543380737, 7.85949707031, 39.3000221252, 7.4524269104, 8.33026313782, 4.60316228867, 0.176350772381, 0.0356211587787, 0.0184624511749, 0.0107460524887, 0.00778035912663, 0.0140993315727, 0.00186854565982, 0.00100905983709, 0.000624019827228, 0.000382037600502, 0.000165161472978, 3.35139666277e-05, 4.40454323325e-06, 1.07793312054e-06, 4.4260705323e-08, 7.58157314706e-10, 2.95034552344e-11, 1.2420670048e-10], "dvar2": [0.00547819258645, 0.167249560356, 0.823621571064, 1.8538633585, 0.495938926935, 0.315942496061, 42.686504364, 105.709159851, 7325.14941406, 1240.21386719, 5575.36328125, 162248.84375, 798.824707031, 22399.5136719, 54632.5390625, 2582.16235352, 184.558303833, 21.6427459717, 92.2916641235, 17.8352546692, 19.4823455811, 10.7038736343, 0.359224498272, 0.0849146544933, 0.0486517101526, 0.0271946378052, 0.0185441970825, 0.0301634892821, 0.00500681949779, 0.00295753031969, 0.00183149240911, 0.00113813567441, 0.000492929946631, 9.98306350084e-05, 1.30833213916e-05, 3.19188279718e-06, 1.31006999027e-07, 2.24901675061e-09, 8.26876900284e-11, 3.43899186905e-10], "max": [1.4388885498, 12.0713834763, 33.3933296204, 137.217819214, 32.7050933838, 22.3599452972, 329.634429932, 369.941040039, 1671.48547363, 1663.00280762, 1426.07617188, 5035.78857422, 1030.33459473, 2372.84741211, 3053.21240234, 591.979980469, 210.478591919, 92.2561035156, 317.568939209, 76.4520111084, 130.278564453, 104.678100586, 17.1374111176, 7.811211586, 3.48352861404, 2.64459133148, 1.56536853313, 3.39827156067, 0.953071117401, 1.29033625126, 1.07464063168, 0.918754339218, 0.607535243034, 0.261361598969, 0.0921716243029, 0.0418755188584, 0.00827238801867, 0.00115944363642, 0.000153935601702, 0.000229625147767], "mean": [0.0584734492004, 0.689092218876, 1.17525053024, 3.67554974556, 0.973249614239, 0.318705052137, 1.97921872139, 3.09749674797, 30.3650684357, 24.4315261841, 39.6187324524, 151.715454102, 23.7629966736, 48.3996162415, 45.4754829407, 19.0418949127, 5.61165189743, 1.55713307858, 1.73830986023, 2.3274102211, 2.03206300735, 0.765012979507, 0.222217664123, 0.0424483418465, 0.0268126875162, 0.026260226965, 0.0337878093123, 0.0349211581051, 0.00936678703874, 0.00346017628908, 0.00140554620884, 0.000717649061698, 0.00037324524601, 0.000191071114386, 7.57646630518e-05, 3.82261241612e-05, 1.34798719955e-05, 3.06978608933e-06, 8.46259808895e-06, 1.91963627003e-05], "median": [8.95378252608e-06, 5.07530094183e-05, 0.000265193142695, 0.00119793333579, 0.00409467471763, 0.024067144841, 0.0885564088821, 0.181497231126, 0.767390191555, 1.32300639153, 3.16872811317, 2.47895741463, 3.08314371109, 3.02407383919, 1.70404112339, 1.58863925934, 1.4585351944, 0.378072828054, 0.149097695947, 0.272798538208, 0.413994431496, 0.0880719125271, 0.0257221236825, 0.00726835150272, 0.0022933438886, 0.00215472071432, 0.00222384859808, 0.00188188103493, 0.000997448340058, 0.000264379254077, 9.22102699406e-05, 4.83229341626e-05, 2.79686137219e-05, 1.74473334482e-05, 1.23617110148e-05, 8.59182546264e-06, 4.90929505759e-06, 1.3136537973e-06, 4.48511991635e-06, 9.81690573099e-06], "min": [1.40463719552e-21, 6.42671797302e-21, 1.1058253684e-20, 2.86718894887e-20, 5.67671113058e-20, 1.88330413915e-19, 4.447353107e-19, 4.95306083123e-19, 6.98639588796e-19, 1.49970026745e-18, 1.47172791426e-18, 1.65283559386e-18, 1.42859737296e-18, 1.57236394836e-18, 9.36308172623e-19, 2.7873172161e-18, 3.36046983536e-18, 6.45866344594e-18, 1.61790307417e-17, 1.35911647625e-17, 7.84463516796e-18, 1.42739593448e-17, 1.28514345115e-17, 1.53668336788e-17, 1.83141526476e-17, 1.74958460286e-17, 1.71658902997e-17, 1.88589817755e-17, 1.32439466014e-17, 2.1009509093e-17, 1.45941162921e-17, 1.52015332139e-17, 1.52105130866e-17, 1.0528576521e-17, 9.72780530384e-18, 7.31540666641e-18, 2.75968504094e-18, 1.10792519547e-18, 3.88542553545e-19, 3.89715030365e-20], "var": [0.0218099057674, 2.85100483894, 6.56026506424, 146.209838867, 8.96462726593, 0.781160950661, 104.891403198, 203.526138306, 24909.6953125, 12676.5078125, 13377.9814453, 225076.90625, 4299.07324219, 19604.6132812, 32204.6542969, 2809.90576172, 129.131607056, 14.5158395767, 135.714797974, 30.4378929138, 38.3011894226, 17.5210857391, 0.428342431784, 0.0338504575193, 0.0186946392059, 0.0147176496685, 0.0143725173548, 0.0334358438849, 0.00177530141082, 0.000598317710683, 0.00034057686571, 0.000195530534256, 8.39600834297e-05, 1.71198753378e-05, 2.26939459935e-06, 5.60776243219e-07, 2.31444765575e-08, 4.01752742185e-10, 1.27100441283e-10, 6.58798238184e-10]}, "gfcc": {"mean": [-298.028686523, 163.900024414, -156.468902588, -70.7179794312, -51.18957901, -16.8937988281, -5.56672954559, -6.34651327133, 3.44102096558, -4.47142982483, -10.3553771973, 4.79594516754, 7.67974662781], "cov": [[18077.4023438, 7276.27246094, 1474.03186035, 3398.57348633, 3280.71362305, 874.550720215, 894.032897949, -29.1931648254, 1684.64758301, 241.907562256, -476.070587158, -1832.66711426, -797.923034668], [7276.27246094, 5204.67138672, 3130.89160156, 1980.36853027, 2063.50830078, 817.702209473, 138.162918091, -54.0684814453, 612.790161133, 188.282730103, -135.905593872, -1223.11096191, -605.937194824], [1474.03186035, 3130.89160156, 4807.40576172, 2176.8815918, 1639.05334473, 1111.93725586, -155.262985229, 260.436096191, 396.302276611, 258.839080811, -205.715179443, -1230.30932617, -706.36529541], [3398.57348633, 1980.36853027, 2176.8815918, 2589.81298828, 1589.80725098, 853.266113281, 146.06652832, 4.31031847, 428.185760498, 224.867004395, -153.487487793, -924.44140625, -582.567138672], [3280.71362305, 2063.50830078, 1639.05334473, 1589.80725098, 1496.52832031, 647.380859375, 145.669586182, 76.0989685059, 420.652648926, 139.379425049, -112.994842529, -697.504699707, -368.995178223], [874.550720215, 817.702209473, 1111.93725586, 853.266113281, 647.380859375, 519.707397461, 71.0937957764, 45.0408935547, 123.415916443, 67.17943573, -15.0409107208, -329.078765869, -220.744308472], [894.032897949, 138.162918091, -155.262985229, 146.06652832, 145.669586182, 71.0937957764, 255.890563965, 66.9748001099, 167.671600342, 27.9325733185, -62.0362548828, -58.7903709412, -16.9502601624], [-29.1931648254, -54.0684814453, 260.436096191, 4.31031847, 76.0989685059, 45.0408935547, 66.9748001099, 313.138397217, 308.271942139, -44.4934463501, -262.43447876, -120.322723389, 27.4253463745], [1684.64758301, 612.790161133, 396.302276611, 428.185760498, 420.652648926, 123.415916443, 167.671600342, 308.271942139, 662.290466309, 64.1982879639, -418.320770264, -398.818603516, -61.578994751], [241.907562256, 188.282730103, 258.839080811, 224.867004395, 139.379425049, 67.17943573, 27.9325733185, -44.4934463501, 64.1982879639, 283.730285645, 172.77444458, -142.312942505, -127.868789673], [-476.070587158, -135.905593872, -205.715179443, -153.487487793, -112.994842529, -15.0409107208, -62.0362548828, -262.43447876, -418.320770264, 172.77444458, 609.06842041, 262.643920898, -61.0035896301], [-1832.66711426, -1223.11096191, -1230.30932617, -924.44140625, -697.504699707, -329.078765869, -58.7903709412, -120.322723389, -398.818603516, -142.312942505, 262.643920898, 647.715881348, 298.109130859], [-797.923034668, -605.937194824, -706.36529541, -582.567138672, -368.995178223, -220.744308472, -16.9502601624, 27.4253463745, -61.578994751, -127.868789673, -61.0035896301, 298.109130859, 299.362365723]], "icov": [[0.00047165248543, -0.000710223452188, 0.000583422719501, -0.000419412041083, 0.000145580575918, 0.00014790208661, -0.0004067227419, -6.01208266744e-05, -0.00074742740253, 0.000824472517706, -0.000843988731503, 0.000808884506114, -0.000128060171846], [-0.000710223452188, 0.00212317402475, -0.00152915751096, 0.00118702778127, -0.00118960719556, 0.00055306754075, -0.00014987992472, 0.00229624612257, -0.000402822421165, 0.000701040786225, -0.000179839713383, 0.000326907611452, -0.000316645659041], [0.000583422719501, -0.00152915751096, 0.00201042508706, -0.000882007938344, 0.00071170530282, -0.0013710190542, 0.00094342068769, -0.00261155073531, 0.000793464772869, -0.000269006937742, -0.000405324593885, 0.00156062003225, 5.78085127927e-05], [-0.000419412041083, 0.00118702778127, -0.000882007938344, 0.00237142061815, -0.00166624982376, -0.000718565250281, -7.47262893128e-05, 0.00216519227251, -0.000147354250657, -0.000192976527615, 0.000909492664505, -1.90286718862e-05, 0.00112371484283], [0.000145580575918, -0.00118960719556, 0.00071170530282, -0.00166624982376, 0.00422345940024, -0.00191342283506, 0.000234836887103, -0.00153110246174, -0.000637708290014, 0.000772040046286, -0.00163469836116, 0.00145046238322, -0.00121351704001], [0.00014790208661, 0.00055306754075, -0.0013710190542, -0.000718565250281, -0.00191342283506, 0.00763215869665, -0.00267611187883, 0.000790213467553, -0.00051173340762, 0.00210845982656, -0.00155845319387, 0.000274154939689, 0.000130477084895], [-0.0004067227419, -0.00014987992472, 0.00094342068769, -7.47262893128e-05, 0.000234836887103, -0.00267611187883, 0.00727076176554, -0.00230627367273, 0.000387781154132, -0.00267136050388, 0.00175800535362, -0.00220044492744, 0.00112050503958], [-6.01208266744e-05, 0.00229624612257, -0.00261155073531, 0.00216519227251, -0.00153110246174, 0.000790213467553, -0.00230627367273, 0.0143173411489, -0.00844983011484, 0.00499607762322, -0.00147723872215, 8.23430382297e-05, -0.000194974054466], [-0.00074742740253, -0.000402822421165, 0.000793464772869, -0.000147354250657, -0.000637708290014, -0.00051173340762, 0.000387781154132, -0.00844983011484, 0.0124383419752, -0.00855693779886, 0.00740386312827, -0.00136928143911, 0.000186494464288], [0.000824472517706, 0.000701040786225, -0.000269006937742, -0.000192976527615, 0.000772040046286, 0.00210845982656, -0.00267136050388, 0.00499607762322, -0.00855693779886, 0.0161327384412, -0.0123730786145, 0.0101124802604, -0.00295713637024], [-0.000843988731503, -0.000179839713383, -0.000405324593885, 0.000909492664505, -0.00163469836116, -0.00155845319387, 0.00175800535362, -0.00147723872215, 0.00740386312827, -0.0123730786145, 0.0145152015612, -0.011750956066, 0.00616830773652], [0.000808884506114, 0.000326907611452, 0.00156062003225, -1.90286718862e-05, 0.00145046238322, 0.000274154939689, -0.00220044492744, 8.23430382297e-05, -0.00136928143911, 0.0101124802604, -0.011750956066, 0.0193132776767, -0.00926834065467], [-0.000128060171846, -0.000316645659041, 5.78085127927e-05, 0.00112371484283, -0.00121351704001, 0.000130477084895, 0.00112050503958, -0.000194974054466, 0.000186494464288, -0.00295713637024, 0.00616830773652, -0.00926834065467, 0.0126248616725]]}, "melbands": {"dmean": [0.000173329943209, 0.000125176447909, 7.86295495345e-05, 7.17540979167e-06, 2.30105815717e-05, 2.69903739536e-05, 0.000159694449394, 6.84505721438e-05, 0.000179345239303, 0.000307721726131, 2.55127561104e-05, 9.66812149272e-05, 0.00010475912859, 4.48618884548e-05, 1.13094065455e-05, 5.00579790241e-06, 1.06657341803e-06, 1.4327538338e-06, 8.55825874169e-07, 2.03084323402e-06, 8.7538188609e-07, 4.43217260226e-07, 1.59175115755e-07, 5.47396687978e-08, 2.02206749123e-08, 1.77187189365e-08, 1.48733860783e-08, 1.32335191694e-08, 1.08961071277e-08, 2.44316016307e-08, 9.59979029602e-09, 4.70044847489e-09, 2.79634271294e-09, 1.70776326414e-09, 1.20808540949e-09, 9.06448138771e-10, 6.38004926667e-10, 4.6722659075e-10, 3.2641617187e-10, 2.46592163355e-10], "dmean2": [0.000232604550547, 0.000156640278874, 8.074688958e-05, 1.10328155642e-05, 2.80708718492e-05, 3.7055433495e-05, 0.000222434973693, 8.47513947519e-05, 0.000273345300229, 0.000484768097522, 3.5961609683e-05, 0.000155010042363, 0.000176337780431, 7.43414857425e-05, 1.88642825378e-05, 8.67678409122e-06, 1.81480970696e-06, 2.29569559451e-06, 1.31669060011e-06, 3.19529453918e-06, 1.35407935886e-06, 6.76050319726e-07, 2.11021969676e-07, 8.31539637147e-08, 3.45590258632e-08, 2.9980437688e-08, 2.58000270037e-08, 2.13261088788e-08, 1.74088530258e-08, 3.51114337604e-08, 1.49209853362e-08, 7.88709808575e-09, 4.98345675837e-09, 3.10636560918e-09, 2.22926743731e-09, 1.69949687656e-09, 1.2241475611e-09, 9.02246222179e-10, 6.33696484176e-10, 4.80047446239e-10], "dvar": [1.99678765966e-07, 9.61230739449e-08, 4.94495395742e-08, 2.89484713978e-10, 2.2696381663e-08, 2.69377178341e-08, 7.69172515902e-07, 7.97835966182e-08, 5.76261754759e-07, 1.67184998645e-06, 6.07406036579e-09, 1.26724017946e-07, 1.69240053083e-07, 2.33567796215e-08, 1.33063071672e-09, 2.00270300343e-10, 2.48662375413e-11, 8.97635923924e-11, 1.8930751064e-11, 3.60299880209e-11, 1.82753499833e-11, 1.15503535555e-11, 3.56570757079e-13, 7.62586405156e-14, 2.15205034105e-14, 1.10584513484e-14, 8.66793463584e-15, 4.20872672041e-15, 2.32814417091e-15, 1.40502174579e-14, 2.13178139319e-15, 7.75382853763e-16, 3.54105405852e-16, 3.10225128718e-16, 2.24171557595e-16, 1.37061259931e-16, 1.590648995e-16, 1.06332340591e-16, 3.49654638144e-17, 2.05835292755e-17], "dvar2": [3.61707606089e-07, 1.78906361725e-07, 4.41741931922e-08, 7.25840443305e-10, 3.17573736197e-08, 4.47839774154e-08, 1.72229556483e-06, 1.18579784214e-07, 1.51245342295e-06, 4.75845945402e-06, 1.13016449532e-08, 3.19615907074e-07, 4.77405421861e-07, 6.67522215281e-08, 3.65098173916e-09, 5.51949097538e-10, 6.87587833892e-11, 2.10799780409e-10, 4.40738903706e-11, 9.29883739453e-11, 4.11842643322e-11, 2.66836257951e-11, 6.50646312002e-13, 1.58719608637e-13, 5.2426223356e-14, 2.92148575297e-14, 2.25465669355e-14, 1.04452172823e-14, 6.01028490757e-15, 2.78688188385e-14, 4.96393748453e-15, 1.95958594776e-15, 1.0294082464e-15, 9.14645022928e-16, 6.54846518418e-16, 4.05768009948e-16, 4.74544385348e-16, 3.17421785335e-16, 1.0425314602e-16, 6.12611152797e-17], "max": [0.0141332112253, 0.0125258937478, 0.0188487116247, 0.00057318189647, 0.00879181548953, 0.00836427416652, 0.0275005307049, 0.0207160580903, 0.0220539569855, 0.0278585143387, 0.00503792054951, 0.00885515660048, 0.00862925220281, 0.00320201856084, 0.00105840188917, 0.000418440962676, 0.000146617938299, 0.000465648801764, 0.000219067733269, 0.000142463366501, 0.000236577718169, 0.000174831875484, 1.83140982699e-05, 1.01000805444e-05, 6.13787779002e-06, 3.08127846438e-06, 2.22098833547e-06, 1.84520649782e-06, 9.632626643e-07, 3.71646569874e-06, 1.00686065707e-06, 7.37310415388e-07, 6.27127690223e-07, 7.56815950353e-07, 6.33083629964e-07, 5.24803738244e-07, 5.99537997914e-07, 4.91717742079e-07, 2.64842867637e-07, 2.0443332005e-07], "mean": [0.000695235212334, 0.000756312918384, 0.000516281404998, 2.53779471677e-05, 5.64003457839e-05, 5.77447317482e-05, 0.000464673241368, 0.000263770634774, 0.000452894979389, 0.000881057116203, 8.17056425149e-05, 0.000189621336176, 0.000142966033309, 7.38201051718e-05, 2.10803609662e-05, 9.38618723012e-06, 2.02536125471e-06, 2.66441907115e-06, 1.84823761629e-06, 4.61714716948e-06, 1.9516098746e-06, 9.61230853136e-07, 3.47533955392e-07, 1.01554931575e-07, 2.31082353253e-08, 2.09876116486e-08, 1.59098156871e-08, 1.82313790731e-08, 1.40068232568e-08, 3.7566216804e-08, 1.26706778403e-08, 5.82643400193e-09, 2.6470334813e-09, 1.45315126598e-09, 8.04916577835e-10, 5.7708232637e-10, 3.75485670334e-10, 2.71129063645e-10, 1.85649273732e-10, 1.39190103887e-10], "median": [9.01300296619e-08, 1.21465831171e-07, 2.41532148948e-07, 4.87495924517e-07, 2.78135280496e-06, 3.01601539832e-06, 1.00846536952e-05, 9.37618096941e-06, 2.10183461604e-05, 1.11403678602e-05, 7.33347633286e-06, 5.96066729486e-06, 1.53382836743e-06, 2.70943269243e-06, 2.62068738266e-06, 1.44756563714e-06, 1.4720849606e-07, 7.86350966564e-08, 1.36570207587e-07, 3.58876661721e-07, 2.8180934919e-07, 3.45884068054e-08, 1.79979569026e-08, 1.01199528757e-08, 3.21518034418e-09, 1.38204292455e-09, 7.20974557833e-10, 1.17613785378e-09, 1.04511388432e-09, 1.25743049306e-09, 8.07962086125e-10, 5.41588052183e-10, 1.96245603101e-10, 7.34691335547e-11, 3.53725417013e-11, 2.82598961593e-11, 1.58106583381e-11, 1.23065715604e-11, 7.59443983395e-12, 6.50976278091e-12], "min": [1.06189789186e-23, 7.16481339445e-24, 6.05118713202e-24, 6.97235184396e-24, 1.60653905708e-23, 1.11353128358e-23, 1.25555890536e-23, 1.4412667021e-23, 1.26113804522e-23, 1.02138546676e-23, 6.96393943127e-24, 6.19912497859e-24, 3.64277625015e-24, 4.55963930357e-24, 1.10605406549e-23, 5.18755917349e-24, 1.2906095731e-23, 2.39190215305e-23, 2.76872160149e-23, 1.0112498663e-23, 8.72650712902e-24, 1.65701085111e-23, 8.25337044618e-24, 1.5522977701e-23, 1.08347662972e-23, 1.49707293134e-23, 1.16749938803e-23, 1.16509454556e-23, 1.12827327952e-23, 1.05845490844e-23, 1.06044970101e-23, 6.78397422638e-24, 8.58152159439e-24, 1.2890527561e-23, 8.82938721284e-24, 7.18859202872e-24, 1.01827325271e-23, 1.00465980119e-23, 1.1109098199e-23, 7.99675241599e-24], "var": [2.99100770462e-06, 2.23868914873e-06, 2.79403138848e-06, 3.29657612319e-09, 8.16204774878e-08, 8.58844373397e-08, 5.8775335674e-06, 1.7578496454e-06, 2.16877310777e-06, 7.4475283327e-06, 7.54238058676e-08, 3.0681167118e-07, 2.88702949547e-07, 4.84412971957e-08, 3.16330095451e-09, 5.12258790941e-10, 4.89082281618e-11, 3.10642955803e-10, 6.20030068954e-11, 1.3655372666e-10, 9.20944431826e-11, 4.62860583195e-11, 1.37891878905e-12, 1.60467708457e-13, 1.83025422346e-14, 1.05392972317e-14, 1.01042475575e-14, 6.69428730588e-15, 2.77762538075e-15, 3.71110206367e-14, 3.81489366938e-15, 8.4878090562e-16, 2.13002144401e-16, 1.73158257193e-16, 1.24852418197e-16, 7.19000740903e-17, 8.09764357843e-17, 5.40037866184e-17, 1.78086791188e-17, 1.0536673792e-17]}, "mfcc": {"mean": [-908.729675293, 174.49848938, -13.2281780243, -40.8558578491, -23.3323955536, -14.8690090179, -14.0506849289, 2.36009860039, 14.1238508224, -2.55450606346, -1.65079474449, 11.7799940109, 8.31790542603], "cov": [[6816.91552734, 4456.27392578, 196.295639038, 1315.35180664, 1671.98486328, 1356.01611328, 373.627532959, -117.10861969, 357.955749512, 554.038818359, 549.473876953, 403.748291016, -58.5249328613], [4456.27392578, 4436.90820312, 1747.38012695, 1362.52075195, 1894.04516602, 1370.38391113, 340.294281006, -164.511825562, 268.968292236, 967.58782959, 660.523376465, 63.1795196533, -125.570121765], [196.295639038, 1747.38012695, 2395.87353516, 1301.15576172, 1217.32299805, 870.787414551, 215.582199097, -150.986129761, 140.728149414, 986.309814453, 535.657043457, -336.407196045, -279.730041504], [1315.35180664, 1362.52075195, 1301.15576172, 1516.60961914, 1291.27282715, 930.054260254, 277.075836182, -94.3553314209, 268.305389404, 780.871276855, 490.010131836, -144.500595093, -297.901580811], [1671.98486328, 1894.04516602, 1217.32299805, 1291.27282715, 1608.34936523, 1069.3359375, 303.787963867, -45.7999343872, 241.545120239, 781.75579834, 470.598449707, -79.9164505005, -196.84815979], [1356.01611328, 1370.38391113, 870.787414551, 930.054260254, 1069.3359375, 954.288085938, 420.703308105, -94.8828582764, -5.26390028, 445.242889404, 366.347625732, 38.3693618774, -83.7591400146], [373.627532959, 340.294281006, 215.582199097, 277.075836182, 303.787963867, 420.703308105, 415.738037109, -14.7375478745, -271.776977539, -68.5314254761, 71.8737411499, 100.221847534, 80.6545257568], [-117.10861969, -164.511825562, -150.986129761, -94.3553314209, -45.7999343872, -94.8828582764, -14.7375478745, 199.579681396, 147.662963867, -54.134513855, -95.9589767456, -49.1685791016, -19.4133987427], [357.955749512, 268.968292236, 140.728149414, 268.305389404, 241.545120239, -5.26390028, -271.776977539, 147.662963867, 648.060119629, 466.883117676, 114.656867981, -167.645523071, -243.66003418], [554.038818359, 967.58782959, 986.309814453, 780.871276855, 781.75579834, 445.242889404, -68.5314254761, -54.134513855, 466.883117676, 870.3515625, 437.141357422, -195.920883179, -269.640441895], [549.473876953, 660.523376465, 535.657043457, 490.010131836, 470.598449707, 366.347625732, 71.8737411499, -95.9589767456, 114.656867981, 437.141357422, 393.990020752, 60.5130729675, -96.6306381226], [403.748291016, 63.1795196533, -336.407196045, -144.500595093, -79.9164505005, 38.3693618774, 100.221847534, -49.1685791016, -167.645523071, -195.920883179, 60.5130729675, 304.138305664, 177.027770996], [-58.5249328613, -125.570121765, -279.730041504, -297.901580811, -196.84815979, -83.7591400146, 80.6545257568, -19.4133987427, -243.66003418, -269.640441895, -96.6306381226, 177.027770996, 267.893829346]], "icov": [[0.0089846458286, -0.0126523179933, 0.0130537850782, -0.0134798744693, 0.0126626631245, -0.0122380275279, 0.0123341865838, -0.0116186654195, 0.0105221243575, -0.008291259408, 0.00604869564995, -0.00406310288236, 0.00168751808815], [-0.0126523179933, 0.0184323005378, -0.0187990758568, 0.0194908827543, -0.0186268426478, 0.0170701760799, -0.0175817552954, 0.0171926394105, -0.0157352387905, 0.0123027712107, -0.00869120378047, 0.00541362399235, -0.00253165513277], [0.0130537850782, -0.0187990758568, 0.0209651514888, -0.0208487417549, 0.0198033414781, -0.0193091016263, 0.0200157687068, -0.019572596997, 0.0188249945641, -0.0150486370549, 0.00906160846353, -0.00460577849299, 0.00210471847095], [-0.0134798744693, 0.0194908827543, -0.0208487417549, 0.0248118508607, -0.0226703416556, 0.0203949864954, -0.0233947541565, 0.022949565202, -0.0212598163635, 0.0166575778276, -0.0124410958961, 0.00809787027538, -0.00197183596902], [0.0126626631245, -0.0186268426478, 0.0198033414781, -0.0226703416556, 0.0263902842999, -0.02630867064, 0.0263898763806, -0.0262639075518, 0.0237407851964, -0.0202927384526, 0.0144185628742, -0.0092874057591, 0.0033276588656], [-0.0122380275279, 0.0170701760799, -0.0193091016263, 0.0203949864954, -0.02630867064, 0.0349679850042, -0.0344519019127, 0.0293372608721, -0.0258986279368, 0.0192582607269, -0.0141718843952, 0.00845764391124, -0.00292795407586], [0.0123341865838, -0.0175817552954, 0.0200157687068, -0.0233947541565, 0.0263898763806, -0.0344519019127, 0.0430247224867, -0.0364877842367, 0.034068338573, -0.0227335486561, 0.0161318443716, -0.0120343398303, 0.00423634145409], [-0.0116186654195, 0.0171926394105, -0.019572596997, 0.022949565202, -0.0262639075518, 0.0293372608721, -0.0364877842367, 0.0432350672781, -0.0372957214713, 0.028820021078, -0.0185125377029, 0.0153732830659, -0.00715483166277], [0.0105221243575, -0.0157352387905, 0.0188249945641, -0.0212598163635, 0.0237407851964, -0.0258986279368, 0.034068338573, -0.0372957214713, 0.0394050702453, -0.0324774608016, 0.0226877201349, -0.0173295587301, 0.0101127410308], [-0.008291259408, 0.0123027712107, -0.0150486370549, 0.0166575778276, -0.0202927384526, 0.0192582607269, -0.0227335486561, 0.028820021078, -0.0324774608016, 0.0376635268331, -0.0303161349148, 0.022801656276, -0.0108249615878], [0.00604869564995, -0.00869120378047, 0.00906160846353, -0.0124410958961, 0.0144185628742, -0.0141718843952, 0.0161318443716, -0.0185125377029, 0.0226877201349, -0.0303161349148, 0.0344641134143, -0.0260714981705, 0.0126216951758], [-0.00406310288236, 0.00541362399235, -0.00460577849299, 0.00809787027538, -0.0092874057591, 0.00845764391124, -0.0120343398303, 0.0153732830659, -0.0173295587301, 0.022801656276, -0.0260714981705, 0.0278536006808, -0.014218990691], [0.00168751808815, -0.00253165513277, 0.00210471847095, -0.00197183596902, 0.0033276588656, -0.00292795407586, 0.00423634145409, -0.00715483166277, 0.0101127410308, -0.0108249615878, 0.0126216951758, -0.014218990691, 0.0149068180472]]}, "spectral_contrast_coeffs": {"dmean": [0.0461417771876, 0.0374187789857, 0.0368043221533, 0.0327662453055, 0.0245353300124, 0.0338098406792], "dmean2": [0.0770178213716, 0.058338265866, 0.0595855675638, 0.0564932152629, 0.0408099740744, 0.0583284199238], "dvar": [0.00156175170559, 0.00109667016659, 0.00105807790533, 0.000868620176334, 0.00064303696854, 0.000993913039565], "dvar2": [0.00430758157745, 0.00275804335251, 0.00276856916025, 0.00243169534951, 0.00176777737215, 0.00287933438085], "max": [-0.374624788761, -0.31985449791, -0.23209412396, -0.361635655165, -0.481924921274, -0.524285852909], "mean": [-0.688521146774, -0.659544229507, -0.557434737682, -0.664038836956, -0.749406754971, -0.803011775017], "median": [-0.696175634861, -0.6697961092, -0.537310421467, -0.654899299145, -0.75473690033, -0.810150802135], "min": [-0.970934152603, -0.970068991184, -0.957648396492, -0.958268523216, -0.960375905037, -0.962338089943], "var": [0.00950180180371, 0.0109123624861, 0.0262889750302, 0.0117214992642, 0.00948715675622, 0.00548662478104]}, "spectral_contrast_valleys": {"dmean": [0.560846745968, 0.288703233004, 0.305275499821, 0.353606283665, 0.379127562046, 0.605712532997], "dmean2": [0.984604537487, 0.47144600749, 0.508925139904, 0.603001832962, 0.651495814323, 1.05429315567], "dvar": [0.319312125444, 0.088362544775, 0.110675856471, 0.158889234066, 0.275