{"lowlevel": {"average_loudness": 0.359566599131, "barkbands_crest": {"dmean": 3.59832501411, "dmean2": 6.22021579742, "dvar": 11.897693634, "dvar2": 36.7414627075, "max": 26.1584701538, "mean": 11.4798192978, "median": 10.4429855347, "min": 2.91049218178, "var": 22.6749687195}, "barkbands_flatness_db": {"dmean": 0.0269642844796, "dmean2": 0.0459992326796, "dvar": 0.000808219949249, "dvar2": 0.00222073309124, "max": 0.390231072903, "mean": 0.182588100433, "median": 0.175697267056, "min": 0.062539331615, "var": 0.00308535597287}, "barkbands_kurtosis": {"dmean": 6.6099729538, "dmean2": 11.3837442398, "dvar": 396.509429932, "dvar2": 1186.71618652, "max": 307.496368408, "mean": 8.90985107422, "median": 3.3795003891, "min": -1.85102152824, "var": 533.734436035}, "barkbands_skewness": {"dmean": 0.756740868092, "dmean2": 1.2743947506, "dvar": 1.22980737686, "dvar2": 3.62954831123, "max": 16.7172107697, "mean": 2.24045038223, "median": 1.97990012169, "min": -1.98655545712, "var": 3.21630191803}, "barkbands_spread": {"dmean": 6.383934021, "dmean2": 10.452126503, "dvar": 49.0550422668, "dvar2": 123.44128418, "max": 66.3025970459, "mean": 21.8452014923, "median": 19.5958099365, "min": 0.761871218681, "var": 161.182662964}, "dissonance": {"dmean": 0.0120712621137, "dmean2": 0.0199380479753, "dvar": 0.000172502943315, "dvar2": 0.000477965950267, "max": 0.5, "mean": 0.471657693386, "median": 0.474470376968, "min": 0, "var": 0.000306744244881}, "dynamic_complexity": 4.13789749146, "erbbands_crest": {"dmean": 2.03820514679, "dmean2": 3.33048677444, "dvar": 4.84020423889, "dvar2": 12.3183679581, "max": 26.1092777252, "mean": 7.84012317657, "median": 6.82930326462, "min": 2.57090091705, "var": 13.4398212433}, "erbbands_flatness_db": {"dmean": 0.0131463473663, "dmean2": 0.0202126894146, "dvar": 0.000195924949367, "dvar2": 0.000445466401288, "max": 0.307415485382, "mean": 0.17648075521, "median": 0.173318102956, "min": 0.0774317830801, "var": 0.00182319618762}, "erbbands_kurtosis": {"dmean": 0.573162198067, "dmean2": 0.925856947899, "dvar": 0.740144073963, "dvar2": 1.70122766495, "max": 17.7241573334, "mean": -0.602749109268, "median": -1.05371880531, "min": -1.84095788002, "var": 1.9926995039}, "erbbands_skewness": {"dmean": 0.37084671855, "dmean2": 0.54395878315, "dvar": 0.140447616577, "dvar2": 0.314553380013, "max": 4.03404760361, "mean": 0.0550075061619, "median": -0.00313167902641, "min": -2.08196783066, "var": 0.597186744213}, "erbbands_spread": {"dmean": 7.66495418549, "dmean2": 12.2529783249, "dvar": 60.9828605652, "dvar2": 160.996307373, "max": 123.628875732, "mean": 53.4780731201, "median": 50.5579376221, "min": 9.76109027863, "var": 374.066162109}, "hfc": {"dmean": 5.20996665955, "dmean2": 8.18235778809, "dvar": 54.9597663879, "dvar2": 136.998519897, "max": 80.4759521484, "mean": 16.0020160675, "median": 12.241309166, "min": 1.22470270382e-16, "var": 183.639328003}, "melbands_crest": {"dmean": 2.87746047974, "dmean2": 4.73326158524, "dvar": 5.99855613708, "dvar2": 15.6419668198, "max": 30.1460781097, "mean": 14.5863952637, "median": 14.0787744522, "min": 2.26169490814, "var": 22.7002239227}, "melbands_flatness_db": {"dmean": 0.0336455665529, "dmean2": 0.0565182566643, "dvar": 0.00123933376744, "dvar2": 0.00336139951833, "max": 0.489161401987, "mean": 0.229038864374, "median": 0.225130811334, "min": 0.00464497460052, "var": 0.00521912425756}, "melbands_kurtosis": {"dmean": 15.299700737, "dmean2": 26.3402290344, "dvar": 1424.14404297, "dvar2": 4184.18066406, "max": 592.204162598, "mean": 29.476984024, "median": 15.3898143768, "min": -1.60481190681, "var": 2992.33862305}, "melbands_skewness": {"dmean": 0.942101895809, "dmean2": 1.58890891075, "dvar": 1.41571831703, "dvar2": 4.18188285828, "max": 17.669500351, "mean": 3.9035089016, "median": 3.4029712677, "min": -0.40285050869, "var": 5.29862165451}, "melbands_spread": {"dmean": 7.15753698349, "dmean2": 11.8104324341, "dvar": 76.3097763062, "dvar2": 189.86151123, "max": 143.92918396, "mean": 19.7945652008, "median": 14.7697315216, "min": 0.51924687624, "var": 246.851806641}, "pitch_salience": {"dmean": 0.0943338572979, "dmean2": 0.161727055907, "dvar": 0.00791470054537, "dvar2": 0.0239250734448, "max": 0.975944042206, "mean": 0.529475152493, "median": 0.539460837841, "min": 0.0917729064822, "var": 0.0191716216505}, "silence_rate_20dB": {"dmean": 0, "dmean2": 0, "dvar": 0, "dvar2": 0, "max": 1, "mean": 1, "median": 1, "min": 1, "var": 0}, "silence_rate_30dB": {"dmean": 0.00620531477034, "dmean2": 0.0124123040587, "dvar": 0.00616674264893, "dvar2": 0.0165752284229, "max": 1, "mean": 0.991097927094, "median": 1, "min": 0, "var": 0.00882214307785}, "silence_rate_60dB": {"dmean": 0.0196951292455, "dmean2": 0.0393955744803, "dvar": 0.0193027295172, "dvar2": 0.0475611425936, "max": 1, "mean": 0.114513084292, "median": 0, "min": 0, "var": 0.101407296956}, "spectral_centroid": {"dmean": 289.747772217, "dmean2": 434.177886963, "dvar": 98857.421875, "dvar2": 220944.1875, "max": 11284.3037109, "mean": 1391.74072266, "median": 1348.68078613, "min": 272.329742432, "var": 381760.625}, "spectral_complexity": {"dmean": 3.98758935928, "dmean2": 6.40124130249, "dvar": 21.5698699951, "dvar2": 52.500617981, "max": 48, "mean": 16.72174263, "median": 16, "min": 0, "var": 98.3586654663}, "spectral_decrease": {"dmean": 3.00863023384e-09, "dmean2": 4.91010654358e-09, "dvar": 1.60318339517e-17, "dvar2": 3.99512784129e-17, "max": 1.63217252422e-22, "mean": -7.10274861149e-09, "median": -5.57731105744e-09, "min": -5.51077228295e-08, "var": 4.03227321388e-17}, "spectral_energy": {"dmean": 0.0116472244263, "dmean2": 0.0189219713211, "dvar": 0.000236053878325, "dvar2": 0.000584813242313, "max": 0.21207267046, "mean": 0.0282588545233, "median": 0.0225474201143, "min": 1.09361540708e-20, "var": 0.000610721530393}, "spectral_energyband_high": {"dmean": 0.000348589703208, "dmean2": 0.000595116522163, "dvar": 2.91561946142e-07, "dvar2": 7.73308443058e-07, "max": 0.00472341664135, "mean": 0.000590634939726, "median": 0.000185338256415, "min": 7.94482986888e-21, "var": 5.39633958851e-07}, "spectral_energyband_low": {"dmean": 0.00941786542535, "dmean2": 0.0159484744072, "dvar": 0.000203974181204, "dvar2": 0.000532016681973, "max": 0.103878892958, "mean": 0.012438358739, "median": 0.0058189840056, "min": 1.26258868154e-23, "var": 0.000269727956038}, "spectral_energyband_middle_high": {"dmean": 0.00123366678599, "dmean2": 0.00188381690532, "dvar": 4.00858561989e-06, "dvar2": 9.15782584343e-06, "max": 0.0226718597114, "mean": 0.00351183535531, "median": 0.00185224832967, "min": 1.63191011753e-21, "var": 1.54098743224e-05}, "spectral_energyband_middle_low": {"dmean": 0.003728936892, "dmean2": 0.00578846223652, "dvar": 3.10328614432e-05, "dvar2": 6.74759503454e-05, "max": 0.13157312572, "mean": 0.0122914370149, "median": 0.00752619095147, "min": 2.24354313364e-22, "var": 0.000218362154556}, "spectral_entropy": {"dmean": 0.163283482194, "dmean2": 0.253334105015, "dvar": 0.0318458341062, "dvar2": 0.0744441822171, "max": 9.81061553955, "mean": 7.45593166351, "median": 7.47109222412, "min": 6.10784244537, "var": 0.190937459469}, "spectral_flux": {"dmean": 0.0277311354876, "dmean2": 0.0427396297455, "dvar": 0.00103268283419, "dvar2": 0.002149294829, "max": 0.290698677301, "mean": 0.0790743902326, "median": 0.0707759708166, "min": 6.77903497226e-11, "var": 0.00259894086048}, "spectral_kurtosis": {"dmean": 1.95185565948, "dmean2": 3.43826365471, "dvar": 4.32125854492, "dvar2": 13.5838832855, "max": 21.7869548798, "mean": 3.2701883316, "median": 2.69575619698, "min": -1.20838463306, "var": 6.59612131119}, "spectral_rms": {"dmean": 0.000976095499936, "dmean2": 0.00155937252566, "dvar": 1.17073500405e-06, "dvar2": 2.83496660813e-06, "max": 0.0143840247765, "mean": 0.00470562418923, "median": 0.00469014747068, "min": 3.26640754375e-12, "var": 5.42671568837e-06}, "spectral_rolloff": {"dmean": 489.954956055, "dmean2": 846.552307129, "dvar": 596855.1875, "dvar2": 1398205, "max": 19552.1484375, "mean": 1238.19140625, "median": 581.396484375, "min": 86.1328125, "var": 1667596.375}, "spectral_skewness": {"dmean": 0.261120289564, "dmean2": 0.442848980427, "dvar": 0.0615668781102, "dvar2": 0.177471101284, "max": 3.23707485199, "mean": 1.08534431458, "median": 1.07304131985, "min": -0.0823641195893, "var": 0.132819697261}, "spectral_spread": {"dmean": 381734.53125, "dmean2": 581245.5, "dvar": 311035035648, "dvar2": 614824017920, "max": 40985640, "mean": 3988540.75, "median": 3434285.5, "min": 2023401.875, "var": 2351967240190.0}, "spectral_strongpeak": {"dmean": 0.32146948576, "dmean2": 0.550426244736, "dvar": 0.52672713995, "dvar2": 1.30516397953, "max": 14.2850570679, "mean": 0.681034803391, "median": 0.371297717094, "min": 0, "var": 1.05303883553}, "zerocrossingrate": {"dmean": 0.00866648182273, "dmean2": 0.0108406739309, "dvar": 9.63527199929e-05, "dvar2": 0.000147465063492, "max": 0.51220703125, "mean": 0.0497703105211, "median": 0.04345703125, "min": 0.00439453125, "var": 0.00091076066019}, "barkbands": {"dmean": [7.44317512726e-05, 0.0080852964893, 0.0026206439361, 0.000705415441189, 0.00215396750718, 0.00150701391976, 0.000579975894652, 0.000322722597048, 0.000248320051469, 8.96836136235e-05, 0.000198606750928, 8.37344414322e-05, 9.4356975751e-05, 0.000104960083263, 0.000174853528733, 0.000187887344509, 0.000491081562359, 0.000288759212708, 0.000146560036228, 0.000166172918398, 0.000123845558846, 8.84232722456e-05, 5.37072264706e-05, 2.46040235652e-05, 1.50767873492e-05, 1.8954266352e-06, 1.12723452794e-09], "dmean2": [0.000116559232993, 0.0144014935941, 0.00455332081765, 0.00119326880667, 0.00327921262942, 0.00231837737374, 0.00093891157303, 0.000533875660039, 0.000396674906369, 0.000144229314174, 0.000299755483866, 0.000130710221129, 0.000144463570905, 0.000165085148183, 0.000273159821518, 0.000283542176476, 0.000824948656373, 0.000470482395031, 0.000232349848375, 0.000280794774881, 0.000215497231693, 0.000158037786605, 8.66717236931e-05, 3.64031839126e-05, 1.88699377759e-05, 3.24258257933e-06, 2.07835371135e-09], "dvar": [1.35044020411e-08, 0.000178801856237, 1.95419124793e-05, 1.24856865114e-06, 2.13645216718e-05, 5.68636914977e-06, 1.12726274892e-06, 4.94904611514e-07, 1.58478471235e-07, 3.93163119838e-08, 1.40449088804e-07, 4.49704522509e-08, 5.19915914765e-08, 3.32935776726e-08, 1.02026426418e-07, 1.15957874414e-07, 8.9874600917e-07, 2.80771587313e-07, 4.05484392729e-08, 6.72123121603e-08, 4.27309529982e-08, 2.81808940628e-08, 9.46453049266e-09, 2.49740916836e-09, 1.41564704403e-09, 1.98295616038e-10, 3.26856055673e-18], "dvar2": [3.29456142367e-08, 0.00049054378178, 5.70926167711e-05, 3.39076086675e-06, 4.23383171437e-05, 1.37205279316e-05, 2.92670779345e-06, 1.26639133669e-06, 4.04249732355e-07, 8.49332408848e-08, 3.10096481826e-07, 8.89791706982e-08, 9.54228553951e-08, 7.94423655748e-08, 2.07577599554e-07, 2.1246488302e-07, 2.38779080064e-06, 6.51936716167e-07, 9.54899732619e-08, 1.66183255601e-07, 1.08693200218e-07, 7.70918546777e-08, 2.35276047533e-08, 5.35068789276e-09, 2.93959545594e-09, 5.75380521006e-10, 1.03866910577e-17], "max": [0.000729071558453, 0.0795457810163, 0.0456567443907, 0.0235518850386, 0.123590163887, 0.0436717458069, 0.02115906775, 0.0120628718287, 0.0049031493254, 0.00262412265874, 0.00620339158922, 0.00814085640013, 0.00381204392761, 0.00310948025435, 0.00656837131828, 0.00562524655834, 0.0098159359768, 0.0158577617258, 0.00362242641859, 0.00321170082316, 0.00301723228768, 0.00126293033827, 0.000868482398801, 0.000543962232769, 0.000808711221907, 0.000419726362452, 2.17210196496e-08], "mean": [9.89988038782e-05, 0.00858877599239, 0.00320629728958, 0.00102328008506, 0.00524908350781, 0.00363286421634, 0.00135737867095, 0.000579290266614, 0.000400657620048, 0.00016868262901, 0.000362726888852, 0.000198647656362, 0.000166090118, 0.000182938121725, 0.000326420908095, 0.000399848213419, 0.000759500602726, 0.000538881577086, 0.000273677957011, 0.000266874558292, 0.000191709055798, 0.000122565907077, 8.0716337834e-05, 4.79123518744e-05, 3.22019586747e-05, 2.81540542346e-06, 9.54887835469e-10], "median": [2.86302602035e-05, 0.00265706982464, 0.00146108493209, 0.000549972057343, 0.00184480263852, 0.0017459935043, 0.000654802657664, 0.000242426933255, 0.000204611656955, 6.52223243378e-05, 0.000100804274553, 3.80474630219e-05, 6.01235587965e-05, 9.40291138249e-05, 0.000141216762131, 0.00017963454593, 0.000311485433485, 0.000247540854616, 0.00014059455134, 0.000119482647278, 6.59828801872e-05, 2.55962913798e-05, 1.21344655781e-05, 5.89923092775e-06, 2.89206627713e-06, 1.76468716973e-07, 3.1684690982e-10], "min": [4.03607784281e-24, 8.87741700905e-24, 2.28103035606e-24, 1.55995350741e-24, 2.55110091015e-23, 2.45550295913e-23, 3.47818775868e-23, 4.11316493603e-23, 4.69900144324e-23, 3.96127197754e-23, 5.93278179227e-23, 5.25983326857e-23, 1.18136073121e-22, 4.30015526283e-23, 1.12942629439e-22, 1.46859155012e-22, 1.76996165946e-22, 1.95515944185e-22, 2.34325035579e-22, 2.37392404457e-22, 3.30146215309e-22, 5.08082918025e-22, 6.89076084406e-22, 8.29838657285e-22, 1.0708289238e-21, 1.79993269406e-21, 2.29867857868e-21], "var": [1.97560705573e-08, 0.000180944931344, 2.11743172258e-05, 2.04701791517e-06, 0.000114531962026, 3.0564449844e-05, 3.85651128454e-06, 1.06084235085e-06, 2.70124871804e-07, 9.3081155228e-08, 4.91239688927e-07, 3.19329046761e-07, 1.54990814849e-07, 7.70511476844e-08, 3.5859432046e-07, 4.29285023529e-07, 1.37212532536e-06, 1.02864055407e-06, 1.14767765069e-07, 1.29085634626e-07, 7.5692263124e-08, 3.74370756617e-08, 2.20851514854e-08, 8.31747293262e-09, 4.29198587781e-09, 1.37689207258e-10, 2.87355617163e-18]}, "erbbands": {"dmean": [0.169306710362, 2.03981685638, 3.10522389412, 2.41853046417, 4.07262516022, 8.86526966095, 10.9186553955, 11.6316204071, 9.01755619049, 7.408659935, 6.52251338959, 5.9546546936, 3.2633395195, 4.35344171524, 5.63995313644, 3.40857648849, 4.314432621, 4.61671972275, 5.39922523499, 11.6060495377, 11.0365076065, 26.8773059845, 18.8592166901, 7.55894613266, 7.35555791855, 9.01258277893, 5.82374954224, 4.40461397171, 3.77812838554, 1.76434493065, 1.55532503128, 0.582729697227, 0.403837651014, 0.242816329002, 0.0799519047141, 0.0167118161917, 0.00156994943973, 3.83037222491e-05, 7.43848022466e-06, 1.3097846022e-05], "dmean2": [0.302719980478, 3.63539123535, 5.38785648346, 4.12409067154, 6.68521499634, 13.2216186523, 16.6360206604, 17.954366684, 14.5897960663, 12.0735406876, 10.5554924011, 9.43301296234, 5.4234085083, 6.78640508652, 8.30878162384, 5.28459739685, 6.43905353546, 7.15085220337, 8.58422851562, 18.1073875427, 16.9964160919, 45.1978530884, 31.3405780792, 12.2171535492, 11.7062005997, 15.0953416824, 9.81667709351, 7.99877882004, 6.88265275955, 2.84133577347, 2.58195924759, 0.872619688511, 0.592112541199, 0.294941961765, 0.116155602038, 0.027842219919, 0.00265466794372, 6.20686041657e-05, 1.15508164527e-05, 2.10844373214e-05], "dvar": [0.0943162292242, 10.991689682, 27.2224254608, 15.137389183, 56.6595954895, 491.917175293, 390.931335449, 475.157928467, 316.125213623, 215.204605103, 172.175354004, 91.0459213257, 41.1394920349, 52.4831199646, 100.538909912, 64.9369735718, 118.188079834, 65.1942672729, 115.646835327, 513.175415039, 400.355010986, 2923.13671875, 1245.18054199, 118.816703796, 110.093811035, 198.874969482, 106.007987976, 56.0787391663, 53.9733695984, 10.54139328, 7.51519060135, 1.34466540813, 0.661291241646, 0.287366986275, 0.0602741725743, 0.0101718865335, 0.000290531374048, 1.1698258362e-07, 2.57805249371e-10, 2.90354018606e-10], "dvar2": [0.257898837328, 30.4591293335, 77.189666748, 42.6842155457, 133.733673096, 960.92565918, 787.284179688, 1133.41772461, 804.595031738, 515.819641113, 411.282684326, 228.146530151, 102.377944946, 123.002906799, 209.26965332, 128.294296265, 201.848449707, 156.940734863, 274.031402588, 1031.97094727, 765.212036133, 7665.69140625, 3003.2175293, 286.036621094, 264.902587891, 483.702972412, 259.138702393, 153.594039917, 155.106536865, 25.4817905426, 18.6641139984, 3.14439296722, 1.26783275604, 0.541002213955, 0.155532166362, 0.0290459692478, 0.000844649155624, 3.38052188908e-07, 7.00376423524e-10, 7.07878200501e-10], "max": [1.64432752132, 19.9446430206, 50.9949035645, 52.8833045959, 147.668426514, 716.137695312, 588.667480469, 499.051055908, 350.394012451, 278.871765137, 284.577056885, 136.475372314, 107.185539246, 75.7809143066, 189.030792236, 411.053222656, 190.651153564, 150.805740356, 257.434936523, 483.436920166, 391.577941895, 673.526123047, 1011.25750732, 223.495025635, 167.482894897, 207.741455078, 160.303131104, 58.8695831299, 51.2108459473, 26.7262859344, 23.6747322083, 12.5470876694, 7.99029493332, 8.18493652344, 6.48739862442, 2.92971134186, 0.550938129425, 0.0110894106328, 0.000474570639199, 0.000232370002777], "mean": [0.160410061479, 2.19405508041, 4.192943573, 3.75700616837, 7.87137889862, 21.5109634399, 25.9451179504, 28.0208740234, 23.0926589966, 15.29692173, 13.1335468292, 9.99433803558, 5.99173021317, 8.31815052032, 12.3171606064, 8.3106803894, 8.52912712097, 8.6130437851, 10.5001173019, 23.2966098785, 24.1551322937, 43.194568634, 35.9384078979, 14.9747447968, 14.4339866638, 14.5308275223, 9.31938934326, 5.85178899765, 4.60786962509, 3.20134353638, 2.23612427711, 1.11781096458, 0.796284198761, 0.477804750204, 0.160323828459, 0.0302369967103, 0.00207209493965, 6.23567393632e-05, 1.97474728338e-05, 3.37339079124e-05], "median": [0.0406379066408, 0.720831930637, 2.1272892952, 2.32287454605, 3.33607959747, 6.6901845932, 11.9967308044, 12.1768665314, 9.83707332611, 7.77092456818, 6.72357273102, 5.7631149292, 2.83602237701, 3.98425602913, 4.61169815063, 2.37695670128, 3.07847213745, 4.66334533691, 6.07880592346, 10.1041069031, 11.0314474106, 17.955083847, 16.9525413513, 7.99769067764, 7.66509103775, 6.26238441467, 3.4009411335, 2.12461709976, 1.02988386154, 0.542773842812, 0.33697617054, 0.152778208256, 0.0902902334929, 0.0459712743759, 0.0131859751418, 0.0021798866801, 0.000115175964311, 7.98027940618e-06, 1.59224000527e-05, 2.79588712147e-05], "min": [3.74337673105e-22, 1.62749229451e-21, 2.11309406513e-21, 3.94821868983e-21, 2.38508094601e-20, 1.10104266503e-19, 2.02219177065e-19, 1.62655309312e-19, 5.29602076994e-19, 4.2596110253e-19, 1.28628218934e-18, 1.13538852238e-18, 6.82400947697e-19, 2.37424617245e-18, 3.0020884583e-18, 2.34432746329e-18, 4.97035004341e-18, 1.8449537712e-18, 3.70789830713e-18, 5.6692882961e-18, 9.22043753152e-18, 1.06335780008e-17, 1.37477765222e-17, 8.57699358535e-18, 1.22911147722e-17, 1.1585741468e-17, 1.33744790108e-17, 1.52008582345e-17, 1.81680874406e-17, 2.06358153621e-17, 1.70220551717e-17, 1.41223057056e-17, 1.65319870547e-17, 1.23285885355e-17, 7.6728438168e-18, 5.92258547533e-18, 3.58502765817e-18, 1.32472675247e-18, 3.24634295076e-19, 3.51970649767e-20], "var": [0.081480242312, 11.2475662231, 31.2443904877, 22.5309619904, 186.45135498, 2913.89819336, 2508.06860352, 2305.54736328, 1352.4855957, 607.408203125, 492.333251953, 161.887359619, 81.0810470581, 132.351211548, 447.240112305, 536.487609863, 391.525848389, 155.217330933, 242.177383423, 1799.05566406, 1518.56005859, 4687.9375, 3917.44262695, 334.993438721, 309.878936768, 420.244171143, 207.293167114, 57.0584564209, 54.3988037109, 29.9450130463, 16.6841182709, 4.33175897598, 2.32973861694, 0.941808283329, 0.117977403104, 0.00871668942273, 0.000184838398127, 8.05815218996e-08, 3.72527508841e-10, 7.8188794328e-10]}, "gfcc": {"mean": [-44.9104385376, 128.108596802, -134.730133057, 69.2867736816, -59.0997009277, -4.32687664032, -39.0220832825, 3.72233557701, -13.8210048676, -8.08034515381, -4.47849941254, -7.62919616699, 2.69849896431], "cov": [[10823.6503906, -1696.75195312, 241.074676514, -147.531677246, -839.191650391, 1563.71142578, -769.722106934, 653.25994873, -145.910552979, 516.104858398, -4.97764253616, 320.300628662, 321.838043213], [-1696.75195312, 1443.25769043, -388.17590332, 91.9501800537, 622.935913086, -623.535827637, 341.791168213, -309.493133545, 191.773269653, -247.26940918, 178.65057373, -178.428710938, 115.939750671], [241.074676514, -388.17590332, 713.375915527, 135.308898926, -195.212768555, 365.930419922, -75.4889526367, 135.780166626, 13.4643411636, 96.8720855713, -25.7876605988, 51.2727470398, -54.0391616821], [-147.531677246, 91.9501800537, 135.308898926, 263.903778076, 164.811233521, 78.9228439331, 169.914474487, 35.5001945496, 63.9289932251, -4.91542291641, 43.7468681335, -14.0613288879, 20.8881855011], [-839.191650391, 622.935913086, -195.212768555, 164.811233521, 461.977905273, -199.550476074, 281.567962646, -79.2260284424, 104.802276611, -92.4801864624, 105.734275818, -66.8775939941, 76.9962539673], [1563.71142578, -623.535827637, 365.930419922, 78.9228439331, -199.550476074, 579.709899902, -65.7619781494, 254.847335815, -15.0440425873, 164.817749023, -17.6820240021, 121.834747314, 35.9371147156], [-769.722106934, 341.791168213, -75.4889526367, 169.914474487, 281.567962646, -65.7619781494, 304.902313232, -6.68364095688, 86.0096282959, -51.4285926819, 75.8265151978, -25.6852092743, 44.6221046448], [653.25994873, -309.493133545, 135.780166626, 35.5001945496, -79.2260284424, 254.847335815, -6.68364095688, 189.146835327, -0.995146930218, 93.1991653442, -3.04731416702, 64.6387023926, 11.2395591736], [-145.910552979, 191.773269653, 13.4643411636, 63.9289932251, 104.802276611, -15.0440425873, 86.0096282959, -0.995146930218, 95.3995666504, 2.22456479073, 45.1837463379, -16.5494670868, 33.8100662231], [516.104858398, -247.26940918, 96.8720855713, -4.91542291641, -92.4801864624, 164.817749023, -51.4285926819, 93.1991653442, 2.22456479073, 113.966186523, 2.26711130142, 38.6164283752, -3.9524037838], [-4.97764253616, 178.65057373, -25.7876605988, 43.7468681335, 105.734275818, -17.6820240021, 75.8265151978, -3.04731416702, 45.1837463379, 2.26711130142, 91.3298492432, -0.518494188786, 42.8274688721], [320.300628662, -178.428710938, 51.2727470398, -14.0613288879, -66.8775939941, 121.834747314, -25.6852092743, 64.6387023926, -16.5494670868, 38.6164283752, -0.518494188786, 85.9547576904, 22.402841568], [321.838043213, 115.939750671, -54.0391616821, 20.8881855011, 76.9962539673, 35.9371147156, 44.6221046448, 11.2395591736, 33.8100662231, -3.9524037838, 42.8274688721, 22.402841568, 105.981414795]], "icov": [[0.000365182932001, -0.000455483910628, 0.000743502227124, -0.000658664095681, 0.000520425033756, -0.00141830311622, 0.00128764729016, -0.000267411756795, 0.000320486607961, -0.000192355088075, -0.000414070120314, 0.000431488966569, -0.000546005903743], [-0.000455483910628, 0.00744667416438, -0.00216364511289, 0.0035508570727, -0.00506244041026, 0.00488287676126, -0.00179455929901, 0.00220679794438, -0.00645512249321, 0.00556267378852, -0.00421066768467, 0.00289895595051, -0.00266705779359], [0.000743502227124, -0.00216364511289, 0.00493129622191, -0.00386930443347, 0.00293198879808, -0.00552880065516, 0.00380906532519, -0.000217131047975, -0.00047786696814, -4.19538737333e-05, -0.000837861851323, -2.84135876427e-05, 0.00204555620439], [-0.000658664095681, 0.0035508570727, -0.00386930443347, 0.0116903986782, -0.00525570148602, 0.00184624176472, -0.00608959980309, 0.0014883413678, -0.00331385596655, 0.00287183420733, -0.000730777450372, 0.00236480287276, 0.000396740128053], [0.000520425033756, -0.00506244041026, 0.00293198879808, -0.00525570148602, 0.0122153759003, -0.00267475028522, -0.00209782691672, -0.0016078450717, 0.0030437593814, -0.00228883535601, -0.000449226179626, 0.000816299288999, -0.00147260702215], [-0.00141830311622, 0.00488287676126, -0.00552880065516, 0.00184624176472, -0.00267475028522, 0.015134204179, -0.00532928062603, -0.00368794449605, -0.00168466765899, -0.0010991912568, 0.00111812667456, -0.00203459965996, -0.00429662782699], [0.00128764729016, -0.00179455929901, 0.00380906532519, -0.00608959980309, -0.00209782691672, -0.00532928062603, 0.0153198875487, -0.00341860367917, -0.00215516984463, 0.00281411688775, -0.00316847418435, -0.000585415342357, 0.000635485572275], [-0.000267411756795, 0.00220679794438, -0.000217131047975, 0.0014883413678, -0.0016078450717, -0.00368794449605, -0.00341860367917, 0.0165664311498, -0.00214538048021, -0.00387713173404, 3.49471629306e-05, -0.00252465438098, 0.00115433067549], [0.000320486607961, -0.00645512249321, -0.00047786696814, -0.00331385596655, 0.0030437593814, -0.00168466765899, -0.00215516984463, -0.00214538048021, 0.0257378555834, -0.0106552913785, 0.00108523725066, 0.00150211201981, -0.00337152858265], [-0.000192355088075, 0.00556267378852, -4.19538737333e-05, 0.00287183420733, -0.00228883535601, -0.0010991912568, 0.00281411688775, -0.00387713173404, -0.0106552913785, 0.0259132646024, -0.00897294469178, 0.00182044005487, 0.00278008938767], [-0.000414070120314, -0.00421066768467, -0.000837861851323, -0.000730777450372, -0.000449226179626, 0.00111812667456, -0.00316847418435, 3.49471629306e-05, 0.00108523725066, -0.00897294469178, 0.0233630612493, -0.00475514959544, -0.00225866376422], [0.000431488966569, 0.00289895595051, -2.84135876427e-05, 0.00236480287276, 0.000816299288999, -0.00203459965996, -0.000585415342357, -0.00252465438098, 0.00150211201981, 0.00182044005487, -0.00475514959544, 0.0231488496065, -0.00773420464247], [-0.000546005903743, -0.00266705779359, 0.00204555620439, 0.000396740128053, -0.00147260702215, -0.00429662782699, 0.000635485572275, 0.00115433067549, -0.00337152858265, 0.00278008938767, -0.00225866376422, -0.00773420464247, 0.0208398792893]]}, "melbands": {"dmean": [0.00199301796965, 0.00193321320694, 0.000427701015724, 0.000471248175018, 0.000382718950277, 0.000265238893917, 0.000137123643071, 7.73580832174e-05, 5.24368952028e-05, 3.59600417141e-05, 1.65757737705e-05, 1.71291703737e-05, 2.6533349228e-05, 8.2089281932e-06, 1.17595564006e-05, 7.9068058767e-06, 9.5338700703e-06, 8.98128746485e-06, 1.29065983856e-05, 1.54212848429e-05, 1.28858537209e-05, 2.73956211458e-05, 2.83250428765e-05, 1.41975178849e-05, 5.76731690671e-06, 5.95703932049e-06, 5.42668067283e-06, 6.28871202935e-06, 4.21047298005e-06, 2.95708605336e-06, 2.30018235925e-06, 2.36949290411e-06, 1.4908406456e-06, 9.48392539613e-07, 1.05018375507e-06, 5.07430854668e-07, 3.06457224042e-07, 3.07904997499e-07, 2.67990998282e-07, 1.85861708246e-07], "dmean2": [0.0035687352065, 0.0032952807378, 0.000725390505977, 0.000726001337171, 0.000574143836275, 0.000407877727412, 0.000222800415941, 0.000127066858113, 8.3996244939e-05, 5.76424063183e-05, 2.7501677323e-05, 2.68453604804e-05, 3.94081434933e-05, 1.28765959744e-05, 1.80397892109e-05, 1.21844313981e-05, 1.48370518218e-05, 1.44421928781e-05, 2.02572318813e-05, 2.30499208556e-05, 2.02713144972e-05, 4.52435815532e-05, 4.89627855131e-05, 2.26832507906e-05, 9.49519289861e-06, 9.29998532229e-06, 8.8595716079e-06, 1.06738798422e-05, 7.00109103491e-06, 5.2199811762e-06, 4.16795228375e-06, 4.3464187911e-06, 2.62186654254e-06, 1.511371579e-06, 1.75624586518e-06, 8.16995509467e-07, 4.62481580144e-07, 4.70242014217e-07, 3.51960608214e-07, 2.30400814871e-07], "dvar": [1.16096753118e-05, 8.89301190909e-06, 4.16336092712e-07, 8.80670199876e-07, 6.27078918569e-07, 2.19574843641e-07, 6.94623807362e-08, 2.41972344384e-08, 9.24939946856e-09, 3.69757402474e-09, 1.08018527456e-09, 8.29438184802e-10, 2.51295872999e-09, 4.80990636209e-10, 8.86595019622e-10, 2.94678365043e-10, 2.71603156632e-10, 3.22769810879e-10, 5.52535128762e-10, 8.08887123949e-10, 5.44197409358e-10, 3.22804516451e-09, 3.357615741e-09, 6.36294517076e-10, 7.51336631799e-11, 7.96340215992e-11, 6.52833967441e-11, 1.01475286507e-10, 6.58799126363e-11, 2.28507057026e-11, 1.41111809737e-11, 1.96563997718e-11, 9.90652265082e-12, 3.14280849609e-12, 3.46648946527e-12, 1.01379386656e-12, 4.10049381602e-13, 3.90167715844e-13, 2.95914605753e-13, 1.83386698839e-13], "dvar2": [3.21174666169e-05, 2.39481651079e-05, 1.17196907468e-06, 1.82322321507e-06, 1.21031075651e-06, 5.31229886747e-07, 1.80951914786e-07, 6.06840444561e-08, 2.19585203354e-08, 9.5401588851e-09, 2.63974442305e-09, 1.90452609239e-09, 5.31087263056e-09, 9.99465732399e-10, 1.65799984853e-09, 6.05970051915e-10, 6.56261656129e-10, 7.69976082893e-10, 1.17446552483e-09, 1.52728674152e-09, 1.10093356653e-09, 7.83419018546e-09, 8.89704221407e-09, 1.41980072144e-09, 1.90639878883e-10, 1.7731034696e-10, 1.607002309e-10, 2.54778143027e-10, 1.59394747401e-10, 5.91021745433e-11, 3.91009481737e-11, 5.65662100493e-11, 2.66291520085e-11, 7.5918498918e-12, 8.52717375877e-12, 2.39279299499e-12, 1.00637282795e-12, 8.05935721805e-13, 5.68618286137e-13, 3.41986719976e-13], "max": [0.019371367991, 0.0259439274669, 0.00926414038986, 0.0244489889592, 0.0169027429074, 0.0100047467276, 0.00479310005903, 0.00290742260404, 0.0022206727881, 0.000741680443753, 0.000528868811671, 0.000347949680872, 0.000917228986509, 0.000940228521358, 0.000434400339145, 0.000237830128754, 0.000334076728905, 0.000358954683179, 0.00042289312114, 0.000434948713519, 0.000466319703264, 0.000913769879844, 0.000992660759948, 0.00110815023072, 0.000156038600835, 0.000156075315317, 0.000123866018839, 0.000125434235088, 0.000141202894156, 3.7730227632e-05, 2.96621819871e-05, 2.80347940134e-05, 2.86885897367e-05, 1.82445000974e-05, 1.64455777849e-05, 8.69183168106e-06, 6.65240486342e-06, 6.12791973253e-06, 5.32852345714e-06, 7.33258866603e-06], "mean": [0.00199760263786, 0.00260076462291, 0.000726627884433, 0.00107844243757, 0.000958799617365, 0.000645978550892, 0.000341202743584, 0.000151542626554, 0.000103812781163, 5.6531142036e-05, 2.88226710836e-05, 3.19237406075e-05, 5.23669295944e-05, 2.08123819903e-05, 2.31378126045e-05, 1.42004719237e-05, 1.66370573425e-05, 1.55165853357e-05, 2.39459404838e-05, 3.21682782669e-05, 2.5143417588e-05, 4.42127529823e-05, 4.15635404352e-05, 2.70144064416e-05, 9.63773072726e-06, 1.12080278996e-05, 9.66813695413e-06, 9.19262492971e-06, 6.35707920082e-06, 4.12173403674e-06, 2.89816466648e-06, 2.71764452009e-06, 2.13299040297e-06, 1.63474260262e-06, 1.38748919198e-06, 9.14394888696e-07, 5.81064568905e-07, 5.70680867895e-07, 4.80851326756e-07, 3.78919054356e-07], "median": [0.000569238327444, 0.0012859723065, 0.0004643627326, 0.00039758704952, 0.00042158915312, 0.000292614480713, 0.000151956890477, 7.29163220967e-05, 5.68549876334e-05, 3.00015271932e-05, 1.151968263e-05, 1.47105347423e-05, 1.59052215167e-05, 4.52198219136e-06, 5.6892658904e-06, 5.9601798057e-06, 8.30554381537e-06, 8.35450373415e-06, 1.05482140498e-05, 1.3659515389e-05, 1.14668073365e-05, 1.64331431733e-05, 1.64687535289e-05, 1.22446681416e-05, 4.94083269587e-06, 5.73427223571e-06, 4.79634491057e-06, 3.84317536373e-06, 2.16660237129e-06, 1.59629075824e-06, 1.02669559965e-06, 6.00642806603e-07, 4.13399135368e-07, 2.53808167372e-07, 2.07514972317e-07, 1.30918706986e-07, 7.42337959991e-08, 6.49994404966e-08, 4.89807092663e-08, 3.48623139246e-08], "min": [3.06255091056e-24, 1.40422349004e-24, 9.24290277454e-25, 5.02642210626e-24, 6.72805818769e-24, 3.69381910059e-24, 7.98674965971e-24, 4.70572806018e-24, 1.1833057151e-23, 6.22894115979e-24, 3.16565207264e-24, 9.07943324283e-24, 8.42162422207e-24, 7.58790000831e-24, 6.84850857045e-24, 7.1109689045e-24, 3.01924599674e-24, 5.01684099613e-24, 1.0277241219e-23, 6.82517643146e-24, 1.21123344218e-23, 1.08082337495e-23, 1.06376220684e-23, 7.63278934926e-24, 6.2348410505e-24, 1.08579430306e-23, 6.57058301278e-24, 7.42013532617e-24, 7.76473816857e-24, 8.36656251974e-24, 7.69757218451e-24, 1.16722517998e-23, 6.34931028988e-24, 1.37426858764e-23, 9.4095021119e-24, 9.44941689598e-24, 8.59733194465e-24, 1.08061006696e-23, 1.18271059843e-23, 9.82922265627e-24], "var": [1.08143758553e-05, 1.15714583444e-05, 7.28519637505e-07, 4.95972517456e-06, 3.43828332916e-06, 1.09912582502e-06, 2.80212702819e-07, 5.94047122604e-08, 2.78162044509e-08, 5.73500802403e-09, 2.15326245723e-09, 2.05996086855e-09, 1.00471817532e-08, 4.21028500952e-09, 3.03822500491e-09, 7.85951304039e-10, 6.3621036217e-10, 6.12074280149e-10, 1.83002857312e-09, 2.80235590289e-09, 1.93062987819e-09, 6.83406575774e-09, 5.25292653819e-09, 2.48901477207e-09, 1.51787388214e-10, 2.38272984676e-10, 1.54558046916e-10, 1.7475836056e-10, 1.25886495672e-10, 3.04490599401e-11, 1.47493753322e-11, 1.85762499133e-11, 1.40662871975e-11, 8.77060837151e-12, 6.70047264201e-12, 2.86251859889e-12, 1.21495630397e-12, 1.22368445672e-12, 9.27727729708e-13, 6.00087633664e-13]}, "mfcc": {"mean": [-668.240844727, 125.716827393, -2.57249736786, 55.338886261, 8.81278610229, -2.89847278595, -7.66045570374, 1.36493301392, -0.996679663658, -2.8817255497, -3.24480748177, 1.35145199299, -0.440916806459], "cov": [[8759.30761719, -476.391784668, -295.199890137, -501.925018311, -327.87612915, 516.939941406, -192.490982056, 86.0077209473, 158.855407715, 13.0741567612, -75.0623703003, 113.95929718, 283.809753418], [-476.391784668, 1072.12744141, -478.57723999, 372.832885742, 136.344497681, -35.8178329468, 31.6415500641, -53.6107673645, -17.4557170868, 9.70889377594, -36.3869972229, -14.7839050293, -55.1126823425], [-295.199890137, -478.57723999, 746.775939941, -172.72164917, -13.8814411163, 95.4125976562, -35.8925704956, 76.0415496826, -6.20774459839, 29.6722412109, 94.1343688965, -24.6253452301, 22.8294525146], [-501.925018311, 372.832885742, -172.72164917, 361.81741333, 106.673835754, 55.9134216309, 122.009460449, 45.0263786316, 46.2629013062, 35.1993942261, 19.2306098938, 34.1773147583, -14.875793457], [-327.87612915, 136.344497681, -13.8814411163, 106.673835754, 118.092514038, 17.4140281677, 42.1951141357, 15.7362365723, 16.8724441528, 17.574590683, 6.53849363327, 2.90363335609, 4.29120969772], [516.939941406, -35.8178329468, 95.4125976562, 55.9134216309, 17.4140281677, 204.008560181, 72.3399734497, 96.6983795166, 77.1743087769, 43.3690757751, 35.5003089905, 37.6955299377, 55.3741340637], [-192.490982056, 31.6415500641, -35.8925704956, 122.009460449, 42.1951141357, 72.3399734497, 152.185806274, 84.3379974365, 59.3491249084, 33.123878479, 22.348028183, 48.1164474487, 24.5195770264], [86.0077209473, -53.6107673645, 76.0415496826, 45.0263786316, 15.7362365723, 96.6983795166, 84.3379974365, 139.159332275, 75.6026763916, 26.7111644745, 27.4462776184, 35.7325019836, 38.9821128845], [158.855407715, -17.4557170868, -6.20774459839, 46.2629013062, 16.8724441528, 77.1743087769, 59.3491249084, 75.6026763916, 103.457542419, 39.9495315552, 1.9189568758, 36.5956840515, 44.5696296692], [13.0741567612, 9.70889377594, 29.6722412109, 35.1993942261, 17.574590683, 43.3690757751, 33.123878479, 26.7111644745, 39.9495315552, 73.9853134155, 36.7672233582, 4.29597473145, 22.1412792206], [-75.0623703003, -36.3869972229, 94.1343688965, 19.2306098938, 6.53849363327, 35.5003089905, 22.348028183, 27.4462776184, 1.9189568758, 36.7672233582, 81.5906143188, 29.2914428711, 1.75846230984], [113.95929718, -14.7839050293, -24.6253452301, 34.1773147583, 2.90363335609, 37.6955299377, 48.1164474487, 35.7325019836, 36.5956840515, 4.29597473145, 29.2914428711, 87.4125442505, 36.6255493164], [283.809753418, -55.1126823425, 22.8294525146, -14.875793457, 4.29120969772, 55.3741340637, 24.5195770264, 38.9821128845, 44.5696296692, 22.1412792206, 1.75846230984, 36.6255493164, 81.9598617554]], "icov": [[0.000247033662163, 6.91546083544e-05, 0.00038068604772, 0.000301150837913, 0.000309408293106, -0.00103489973117, 0.000677673669998, -0.000158948867465, 0.00025688437745, -0.000215255946387, 0.000227639044169, -0.000249006610829, -0.00027958714054], [6.91546083544e-05, 0.00229096692055, 0.00124281749595, -0.00189587532077, -0.00120055337902, -0.000644173414912, 0.00191611237824, -0.000619285739958, 0.0015180495102, -0.00108725891914, 0.000606402929407, -1.02984621719e-07, 0.000285409128992], [0.00038068604772, 0.00124281749595, 0.00356997316703, 0.000849291973282, -0.00101559516042, -0.00265893852338, 0.00241074548103, -0.00184898287989, 0.00122524739709, 0.000292025739327, -0.00300954817794, 0.00181609007996, -0.000807107950095], [0.000301150837913, -0.00189587532077, 0.000849291973282, 0.00823726691306, -0.00261476356536, -0.00236621778458, -0.00334182730876, 0.000294690747978, -0.00109169795178, -0.000467736157589, -0.000783624476753, -0.00132641138043, 0.00286557734944], [0.000309408293106, -0.00120055337902, -0.00101559516042, -0.00261476356536, 0.0135724637657, -5.39174179721e-05, -0.00167207734194, 0.00132768799085, -0.00134176784195, 0.000641208724119, -0.000468944170279, 0.00213453010656, -0.00326321832836], [-0.00103489973117, -0.000644173414912, -0.00265893852338, -0.00236621778458, -5.39174179721e-05, 0.0137850921601, -0.00402185786515, -0.00131826521829, -0.00499000307173, 0.001946589211, -0.00373196857981, 0.00271164439619, -0.00296289194375], [0.000677673669998, 0.00191611237824, 0.00241074548103, -0.00334182730876, -0.00167207734194, -0.00402185786515, 0.0187303945422, -0.00894373562187, 0.00450034299865, -0.00717139849439, 0.00498964870349, -0.00739931408316, 0.00180850736797], [-0.000158948867465, -0.000619285739958, -0.00184898287989, 0.000294690747978, 0.00132768799085, -0.00131826521829, -0.00894373562187, 0.0209210943431, -0.013975107111, 0.0102862259373, -0.00892206374556, 0.00615966180339, -0.00349161634222], [0.00025688437745, 0.0015180495102, 0.00122524739709, -0.00109169795178, -0.00134176784195, -0.00499000307173, 0.00450034299865, -0.013975107111, 0.0340339355171, -0.0217324979603, 0.0196044985205, -0.0143275903538, 0.00167937087826], [-0.000215255946387, -0.00108725891914, 0.000292025739327, -0.000467736157589, 0.000641208724119, 0.001946589211, -0.00717139849439, 0.0102862259373, -0.0217324979603, 0.0400317274034, -0.0280289500952, 0.0207618940622, -0.0119205713272], [0.000227639044169, 0.000606402929407, -0.00300954817794, -0.000783624476753, -0.000468944170279, -0.00373196857981, 0.00498964870349, -0.00892206374556, 0.0196044985205, -0.0280289500952, 0.040059376508, -0.0235751308501, 0.0121989976615], [-0.000249006610829, -1.02984621719e-07, 0.00181609007996, -0.00132641138043, 0.00213453010656, 0.00271164439619, -0.00739931408316, 0.00615966180339, -0.0143275903538, 0.0207618940622, -0.0235751308501, 0.0318999700248, -0.0141111463308], [-0.00027958714054, 0.000285409128992, -0.000807107950095, 0.00286557734944, -0.00326321832836, -0.00296289194375, 0.00180850736797, -0.00349161634222, 0.00167937087826, -0.0119205713272, 0.0121989976615, -0.0141111463308, 0.0257496163249]]}, "spectral_contrast_coeffs": {"dmean": [0.0494082942605, 0.0456515178084, 0.035869743675, 0.0289065670222, 0.0235428549349, 0.0236828438938], "dmean2": [0.08294698596, 0.0742303878069, 0.0573913305998, 0.0481482893229, 0.0373962372541, 0.0390267446637], "dvar": [0.00161425082479, 0.00155103229918, 0.000943651481066, 0.000668467895593, 0.000439948489657, 0.000571971468162], "dvar2": [0.00453390786424, 0.00408673519269, 0.00236548669636, 0.00173275743145, 0.00100742198993, 0.00139721715823], "max": [-0.263765752316, -0.46183976531, -0.516837477684, -0.5731985569, -0.561310470104, -0.537065267563], "mean": [-0.639688253403, -0.710002541542, -0.77388048172, -0.78082126379, -0.775499939919, -0.728464663029], "median": [-0.654531121254, -0.713586509228, -0.779149115086, -0.786201715469, -0.782933950424, -0.73771750927], "min": [-0.963882148266, -0.984342753887, -0.983181893826, -0.962208867073, -0.976130664349, -0.960303068161], "var": [0.00761004025117, 0.00524315610528, 0.0034766511526, 0.00296922517009, 0.0024150388781, 0.00264952797443]}, "spectral_contrast_valleys": {"dmean": [0.410313218832, 0.338755398989, 0.36042124033, 0.317413330078, 0.321141183376, 0.331624209881], "dmean2": [0.683244347572, 0.565688073635, 0.608302295208, 0.531988143921, 0.53994256258, 0.51851695776], "dvar": [0.131654843688, 0.116007044911, 0.136776089668, 0.12132910639, 0.156226441264, 0.187528818846], "dvar2": [0.310221940279, 0.282464027405, 0.347182869911, 0.297208338976, 0.364231705666, 0.415804535151], "max": [-5.23605108261, -4.90251255035, -6.05886602402, -6.03745031357, -5.78782939911, -8.446