{"lowlevel": {"average_loudness": 0.945254683495, "barkbands_crest": {"dmean": 2.8267557621, "dmean2": 4.60389280319, "dvar": 6.78804111481, "dvar2": 17.3707885742, "max": 26.5891513824, "mean": 10.7154273987, "median": 9.73468780518, "min": 2.56000494957, "var": 20.3668937683}, "barkbands_flatness_db": {"dmean": 0.0242049749941, "dmean2": 0.0379948690534, "dvar": 0.000575696292799, "dvar2": 0.00143833633047, "max": 0.442903101444, "mean": 0.135841563344, "median": 0.118407160044, "min": 0.029030976817, "var": 0.00443055760115}, "barkbands_kurtosis": {"dmean": 4.24892854691, "dmean2": 6.84063386917, "dvar": 80.3442764282, "dvar2": 195.538970947, "max": 310.483062744, "mean": 6.64758777618, "median": 2.67144632339, "min": -1.85832297802, "var": 188.675979614}, "barkbands_skewness": {"dmean": 0.647495925426, "dmean2": 1.01024806499, "dvar": 0.555046796799, "dvar2": 1.2993927002, "max": 13.8650140762, "mean": 1.70964717865, "median": 1.46051692963, "min": -2.19921422005, "var": 1.65227198601}, "barkbands_spread": {"dmean": 6.54873466492, "dmean2": 10.5625476837, "dvar": 91.0831985474, "dvar2": 237.669555664, "max": 141.025817871, "mean": 20.8962078094, "median": 19.2293148041, "min": 0.285851329565, "var": 202.758636475}, "dissonance": {"dmean": 0.0272635780275, "dmean2": 0.045933753252, "dvar": 0.000785172334872, "dvar2": 0.00212100544013, "max": 0.499999821186, "mean": 0.440221935511, "median": 0.455989718437, "min": 0.175778135657, "var": 0.00267370836809}, "dynamic_complexity": 2.34963107109, "erbbands_crest": {"dmean": 2.82933211327, "dmean2": 4.44238853455, "dvar": 7.57413911819, "dvar2": 17.1292648315, "max": 32.3329849243, "mean": 11.265709877, "median": 9.90975475311, "min": 2.76080703735, "var": 31.7025985718}, "erbbands_flatness_db": {"dmean": 0.0227272231132, "dmean2": 0.0332195721567, "dvar": 0.000563589448575, "dvar2": 0.0012700635707, "max": 0.444956332445, "mean": 0.164013743401, "median": 0.146089240909, "min": 0.0404571890831, "var": 0.00449042581022}, "erbbands_kurtosis": {"dmean": 2.1280002594, "dmean2": 3.25697922707, "dvar": 21.9213314056, "dvar2": 47.168132782, "max": 165.525909424, "mean": 3.48666954041, "median": 0.689879536629, "min": -1.72116589546, "var": 73.3759689331}, "erbbands_skewness": {"dmean": 0.445309072733, "dmean2": 0.67485833168, "dvar": 0.248466819525, "dvar2": 0.527119100094, "max": 9.38391685486, "mean": 1.01194655895, "median": 0.766807079315, "min": -2.21619725227, "var": 1.34649312496}, "erbbands_spread": {"dmean": 7.82768297195, "dmean2": 11.9045619965, "dvar": 89.9091491699, "dvar2": 217.899978638, "max": 121.502998352, "mean": 32.0221328735, "median": 30.8378639221, "min": 1.05496394634, "var": 272.28994751}, "hfc": {"dmean": 10.598692894, "dmean2": 16.4039440155, "dvar": 293.084533691, "dvar2": 749.937072754, "max": 201.280990601, "mean": 28.2489700317, "median": 24.8173980713, "min": 1.23437899645e-16, "var": 453.624664307}, "melbands_crest": {"dmean": 3.33514118195, "dmean2": 5.39802360535, "dvar": 9.10995483398, "dvar2": 22.3943328857, "max": 34.0275039673, "mean": 13.7128648758, "median": 12.6963920593, "min": 1.65461301804, "var": 27.8405227661}, "melbands_flatness_db": {"dmean": 0.0285869129002, "dmean2": 0.0441801585257, "dvar": 0.000856903498061, "dvar2": 0.00203517545015, "max": 0.500757873058, "mean": 0.207405209541, "median": 0.192161798477, "min": 0.00472077121958, "var": 0.00548540567979}, "melbands_kurtosis": {"dmean": 8.00308609009, "dmean2": 12.530210495, "dvar": 246.286636353, "dvar2": 518.480712891, "max": 577.81072998, "mean": 13.9317884445, "median": 6.50612831116, "min": -1.65748214722, "var": 634.302185059}, "melbands_skewness": {"dmean": 0.807987868786, "dmean2": 1.22351670265, "dvar": 0.937411785126, "dvar2": 1.972468853, "max": 19.5206871033, "mean": 2.29894542694, "median": 1.98398971558, "min": -2.15223479271, "var": 2.81016516685}, "melbands_spread": {"dmean": 5.67915964127, "dmean2": 8.96750259399, "dvar": 49.163230896, "dvar2": 114.35584259, "max": 178.390991211, "mean": 19.9030437469, "median": 17.8785552979, "min": 0.509463846684, "var": 186.934997559}, "pitch_salience": {"dmean": 0.0792556256056, "dmean2": 0.131189033389, "dvar": 0.00590797839686, "dvar2": 0.0153824035078, "max": 0.858074426651, "mean": 0.519244015217, "median": 0.52046751976, "min": 0.0551266148686, "var": 0.0123040294275}, "silence_rate_20dB": {"dmean": 0, "dmean2": 0, "dvar": 0, "dvar2": 0, "max": 1, "mean": 1, "median": 1, "min": 1, "var": 0}, "silence_rate_30dB": {"dmean": 0.0227731000632, "dmean2": 0.0455516017973, "dvar": 0.0222546253353, "dvar2": 0.0536785647273, "max": 1, "mean": 0.982329249382, "median": 1, "min": 0, "var": 0.0173578672111}, "silence_rate_60dB": {"dmean": 0.00853991229087, "dmean2": 0.0170818511397, "dvar": 0.0084666935727, "dvar2": 0.022482264787, "max": 1, "mean": 0.0246679317206, "median": 0, "min": 0, "var": 0.0240612272173}, "spectral_centroid": {"dmean": 198.756774902, "dmean2": 311.552764893, "dvar": 56014.515625, "dvar2": 126220.007812, "max": 10608.9892578, "mean": 1086.91394043, "median": 1014.12634277, "min": 223.665222168, "var": 265597.71875}, "spectral_complexity": {"dmean": 3.01031899452, "dmean2": 4.70272827148, "dvar": 10.4030799866, "dvar2": 23.6926288605, "max": 49, "mean": 17.8387088776, "median": 18, "min": 0, "var": 77.6353912354}, "spectral_decrease": {"dmean": 3.74186148733e-09, "dmean2": 6.08786177025e-09, "dvar": 4.20881605591e-17, "dvar2": 1.14016378643e-16, "max": 8.01708422768e-29, "mean": -8.20026091475e-09, "median": -6.99362967538e-09, "min": -6.5639746083e-08, "var": 4.79122598428e-17}, "spectral_energy": {"dmean": 0.0147639382631, "dmean2": 0.0238541793078, "dvar": 0.000619210419245, "dvar2": 0.00167433463503, "max": 0.250482350588, "mean": 0.0335120297968, "median": 0.0290281511843, "min": 1.08935962745e-20, "var": 0.000730974017642}, "spectral_energyband_high": {"dmean": 0.000625351385679, "dmean2": 0.000972076959442, "dvar": 1.32041793677e-06, "dvar2": 3.44813338415e-06, "max": 0.0132413180545, "mean": 0.00107981439214, "median": 0.000678871991113, "min": 8.08914299741e-21, "var": 1.76284754616e-06}, "spectral_energyband_low": {"dmean": 0.00780137022957, "dmean2": 0.0133388210088, "dvar": 0.000483014504425, "dvar2": 0.00130621192511, "max": 0.240951925516, "mean": 0.00914099439979, "median": 0.00261327857152, "min": 2.65538311534e-23, "var": 0.000406886014389}, "spectral_energyband_middle_high": {"dmean": 0.00217896024697, "dmean2": 0.00324877304956, "dvar": 9.21325590753e-06, "dvar2": 2.03214585781e-05, "max": 0.0466616973281, "mean": 0.00662109581754, "median": 0.00545175047591, "min": 1.38339252763e-21, "var": 3.0833783967e-05}, "spectral_energyband_middle_low": {"dmean": 0.00818539317697, "dmean2": 0.0131457094103, "dvar": 0.000141526645166, "dvar2": 0.000370377703803, "max": 0.107394419611, "mean": 0.0175383463502, "median": 0.0142765138298, "min": 2.71909928444e-22, "var": 0.00020031366148}, "spectral_entropy": {"dmean": 0.223131150007, "dmean2": 0.328973412514, "dvar": 0.0595190115273, "dvar2": 0.137832537293, "max": 9.80823707581, "mean": 7.30130147934, "median": 7.4752907753, "min": 4.37513113022, "var": 0.436647027731}, "spectral_flux": {"dmean": 0.0381028652191, "dmean2": 0.0603291988373, "dvar": 0.00222099805251, "dvar2": 0.00497791543603, "max": 0.463360458612, "mean": 0.095914259553, "median": 0.0820347517729, "min": 1.04372392673e-10, "var": 0.00382818072103}, "spectral_kurtosis": {"dmean": 2.08439350128, "dmean2": 3.2190079689, "dvar": 11.9234848022, "dvar2": 28.7511463165, "max": 64.5326461792, "mean": 6.43675947189, "median": 4.54609394073, "min": -1.18748855591, "var": 40.1840705872}, "spectral_rms": {"dmean": 0.00110251305159, "dmean2": 0.00169281824492, "dvar": 2.0324871457e-06, "dvar2": 5.18473370903e-06, "max": 0.0156324356794, "mean": 0.00531922420487, "median": 0.0053216679953, "min": 3.26004587908e-12, "var": 4.40043822891e-06}, "spectral_rolloff": {"dmean": 710.651245117, "dmean2": 1281.42980957, "dvar": 4121854.75, "dvar2": 11331036, "max": 19336.8164062, "mean": 1554.12646484, "median": 990.52734375, "min": 86.1328125, "var": 4279976}, "spectral_skewness": {"dmean": 0.268422603607, "dmean2": 0.403383374214, "dvar": 0.121486790478, "dvar2": 0.265870392323, "max": 6.87862491608, "mean": 2.04597043991, "median": 1.83515191078, "min": 0.0562495812774, "var": 0.584197342396}, "spectral_spread": {"dmean": 1013649.1875, "dmean2": 1437964.5, "dvar": 1764292952060.0, "dvar2": 3878331875330.0, "max": 40859956, "mean": 5633058.5, "median": 5465700, "min": 1097750.125, "var": 4397253001220.0}, "spectral_strongpeak": {"dmean": 0.702794611454, "dmean2": 1.1813044548, "dvar": 0.998803913593, "dvar2": 2.4452047348, "max": 13.6910495758, "mean": 1.35903477669, "median": 0.951195240021, "min": 0, "var": 1.66790044308}, "zerocrossingrate": {"dmean": 0.013941179961, "dmean2": 0.0170835889876, "dvar": 0.000275332364254, "dvar2": 0.000396523508243, "max": 0.49755859375, "mean": 0.0701395869255, "median": 0.06298828125, "min": 0.0068359375, "var": 0.00159426731989}, "barkbands": {"dmean": [9.29297602852e-05, 0.00512561760843, 0.00283021549694, 0.00152145035099, 0.00296614086255, 0.0021558876615, 0.00205238349736, 0.00110978458542, 0.00127560645342, 0.00117332814261, 0.000667720974889, 0.000283767119981, 0.000277018116321, 0.000349949637894, 0.000320065446431, 0.000293731776765, 0.000286105758278, 0.000163141899975, 0.000134000802063, 7.1207396104e-05, 5.68061477679e-05, 6.79817094351e-05, 7.51221741666e-05, 0.000122204335639, 0.000124617043184, 0.000153644374222, 0.000127444363898], "dmean2": [0.000161683608894, 0.00873382017016, 0.00518103130162, 0.00268629239872, 0.00504183443263, 0.00340218120255, 0.00318623799831, 0.00177172548138, 0.00191646593157, 0.00174037273973, 0.00100675155409, 0.000443225551862, 0.000425189820817, 0.000559591921046, 0.000506086507812, 0.000469339516712, 0.000453025189927, 0.000268469681032, 0.00021328634466, 0.000113262416562, 8.87674104888e-05, 0.000104738559457, 0.00011043559789, 0.000191362472833, 0.000203650939511, 0.000247786869295, 0.000225100855459], "dvar": [3.71093413776e-08, 0.000210335667362, 7.64936194173e-05, 1.03076699816e-05, 3.93944137613e-05, 1.41931013786e-05, 1.27627208713e-05, 5.18357001056e-06, 8.59250394569e-06, 5.68133145862e-06, 2.73286877928e-06, 3.4104098745e-07, 2.37331917674e-07, 4.3716246978e-07, 4.07498191635e-07, 5.1830937764e-07, 4.65653897663e-07, 1.51963149619e-07, 5.89844084686e-08, 1.63157114486e-08, 8.38605007658e-09, 3.49863071847e-08, 1.91292901519e-08, 6.63896955189e-08, 8.73658478895e-08, 1.97820554604e-07, 2.17952717207e-07], "dvar2": [9.85781554164e-08, 0.000552621029783, 0.00022108227131, 2.88714763883e-05, 0.000106553517981, 3.32461459038e-05, 2.89674371743e-05, 1.25405895233e-05, 1.85584867722e-05, 1.21180792121e-05, 5.52634446649e-06, 7.75992930357e-07, 5.31030480033e-07, 1.04910748178e-06, 9.06456364191e-07, 1.25208509871e-06, 1.08663505216e-06, 4.23738697464e-07, 1.37497551123e-07, 3.80886824303e-08, 1.95071159226e-08, 8.48027781331e-08, 3.92604384558e-08, 1.73865032593e-07, 2.37537051362e-07, 4.78920981095e-07, 6.22923835181e-07], "max": [0.0030884873122, 0.170463100076, 0.0879177451134, 0.0343226492405, 0.0666015148163, 0.0534873791039, 0.0838705226779, 0.0329914465547, 0.0686169713736, 0.0452991388738, 0.0433202721179, 0.0156001774594, 0.0113292606547, 0.0154122440144, 0.0170764736831, 0.0296563357115, 0.0188716184348, 0.0185376740992, 0.00921901222318, 0.0040317941457, 0.00229656137526, 0.00559166120365, 0.00248256209306, 0.00526505755261, 0.0063486485742, 0.00838523264974, 0.00808988884091], "mean": [8.84307301021e-05, 0.0057982346043, 0.00267574191093, 0.00150549353566, 0.0037355676759, 0.00354056991637, 0.00373678980395, 0.00175862666219, 0.00262616551481, 0.00205412041396, 0.00108833727427, 0.000499084359035, 0.000500779307913, 0.000575814396143, 0.0005699172616, 0.000511523336172, 0.000503186834976, 0.000287881470285, 0.000279505591607, 0.00014028485748, 0.000127412407892, 0.000112850051664, 0.000153788190801, 0.000204511365155, 0.000168065511389, 0.000167851947481, 0.000101421035652], "median": [2.77697981801e-05, 0.000625485670753, 0.000410367152654, 0.000350802729372, 0.00122085877229, 0.00155530474149, 0.00186600908637, 0.000646191940177, 0.000823870068416, 0.000792756094597, 0.000340370228514, 0.000152782158693, 0.000211768245208, 0.000246408511885, 0.000211832229979, 0.000177472276846, 0.000208637007745, 0.00012874204549, 0.000119345684652, 7.02881225152e-05, 7.40122341085e-05, 5.49760952708e-05, 7.68474128563e-05, 9.84235084616e-05, 8.03476432338e-05, 4.18090639869e-05, 1.09162847366e-05], "min": [3.87058784109e-24, 7.44920248395e-24, 1.02514304791e-23, 1.23839431758e-23, 3.98958451098e-23, 2.471728408e-23, 3.72614157178e-23, 3.99476480277e-23, 1.07694116956e-22, 5.23006071137e-23, 9.4006155938e-23, 8.70197323932e-23, 1.10279902029e-22, 1.74468769202e-22, 7.69623175206e-23, 8.85174889514e-23, 1.53952062157e-22, 1.43733763836e-22, 2.54279859089e-22, 3.02020837549e-22, 4.25614162059e-22, 5.32672608587e-22, 7.84479887298e-22, 1.00137897286e-21, 1.46880084438e-21, 1.51884395878e-21, 2.51820556818e-21], "var": [3.18227471041e-08, 0.000184992371942, 5.25611176272e-05, 9.77244508249e-06, 4.41368902102e-05, 2.6585355954e-05, 2.72858069366e-05, 9.00858049135e-06, 2.58374584519e-05, 1.20384984257e-05, 6.38978099232e-06, 9.11595975595e-07, 6.45657735276e-07, 8.60162458594e-07, 1.05421861463e-06, 1.14628505798e-06, 8.91899844646e-07, 2.15422986116e-07, 2.10234858855e-07, 4.54348700885e-08, 2.85326944294e-08, 4.51634747378e-08, 5.66194202634e-08, 1.06585893889e-07, 7.89501797271e-08, 2.3226245105e-07, 1.36992753141e-07]}, "erbbands": {"dmean": [0.0788373872638, 1.37720441818, 3.45018482208, 3.89151740074, 9.78502941132, 8.81723308563, 12.9699373245, 18.5113201141, 25.4643325806, 29.5051860809, 22.5096435547, 26.9423713684, 33.6523170471, 33.8676376343, 21.3855075836, 11.1276884079, 11.9652357101, 17.5063247681, 17.2978839874, 12.413942337, 20.052816391, 12.4800786972, 8.77478694916, 7.23653030396, 5.26350593567, 3.49511480331, 2.4039914608, 2.09376478195, 1.82963967323, 2.63786554337, 2.41773176193, 2.41997075081, 1.92910826206, 1.40671920776, 0.927018880844, 0.551594436169, 0.348092764616, 0.104099817574, 0.0199327971786, 0.00137952936348], "dmean2": [0.133790582418, 2.34437012672, 6.12078428268, 7.02211856842, 16.7766838074, 14.9676170349, 20.5423145294, 29.4973945618, 39.674079895, 46.4031333923, 35.4231300354, 40.8111000061, 50.0845489502, 50.0436439514, 32.0366897583, 17.1860580444, 18.1787319183, 27.7401332855, 27.3348445892, 19.8757514954, 31.7044219971, 19.8795223236, 14.3347263336, 11.7149868011, 8.36784553528, 5.55594348907, 3.78780937195, 3.26067209244, 2.76965332031, 4.08416938782, 3.61962223053, 3.75175237656, 3.04094290733, 2.27374410629, 1.5259398222, 0.925747036934, 0.573122084141, 0.174218073487, 0.0354157984257, 0.00246428139508], "dvar": [0.0417037159204, 15.5250749588, 107.608604431, 88.3464202881, 588.596740723, 312.644042969, 519.368652344, 1160.26916504, 2471.54516602, 2455.96972656, 2403.1340332, 4719.44726562, 4496.33691406, 5093.01220703, 2233.00292969, 454.905426025, 469.746032715, 1147.23095703, 1429.70935059, 693.938232422, 2415.99414062, 802.162109375, 454.135803223, 185.664550781, 86.2284240723, 42.1739768982, 15.9920034409, 13.7168607712, 9.53937530518, 68.6474761963, 20.608669281, 22.3532600403, 16.3971672058, 9.56601142883, 5.75148487091, 2.35983109474, 1.72300362587, 0.146053940058, 0.00649797776714, 3.15955476253e-05], "dvar2": [0.114662490785, 40.6919670105, 300.049987793, 255.350387573, 1571.78356934, 832.061523438, 1166.11364746, 2886.32177734, 5614.46728516, 5819.30859375, 5752.60205078, 10846.2792969, 9533.7578125, 10668.8652344, 4469.15820312, 993.967956543, 982.537353516, 2681.04296875, 3174.54956055, 1667.17333984, 5856.51708984, 2014.60876465, 1263.20581055, 442.940826416, 203.422317505, 96.8273391724, 39.2302322388, 29.7240600586, 21.30834198, 165.572601318, 45.0821838379, 53.7884368896, 44.1525726318, 25.7969417572, 15.567196846, 6.62991571426, 4.4771604538, 0.374818265438, 0.0187534447759, 9.14996053325e-05], "max": [1.9707698822, 47.1248512268, 107.507324219, 132.561340332, 253.248580933, 354.289367676, 392.387329102, 449.368499756, 1250.67553711, 761.325805664, 886.078063965, 1937.4206543, 1383.0703125, 1273.5880127, 1248.77954102, 523.024291992, 590.278503418, 840.585083008, 1048.54504395, 786.61932373, 2037.72497559, 659.807556152, 1054.13269043, 470.605438232, 254.606521606, 221.22819519, 111.183479309, 124.685592651, 64.1700592041, 255.048995972, 85.5103683472, 117.767463684, 90.4097976685, 69.197052002, 44.3260498047, 24.6526088715, 29.5375785828, 9.84447097778, 1.58873236179, 0.1023016572], "mean": [0.0917771607637, 1.53888332844, 3.47938728333, 4.01347398758, 10.382806778, 11.3215904236, 19.7904262543, 30.4665908813, 46.911315918, 51.5380973816, 39.5944862366, 53.5054664612, 69.1770248413, 60.7521820068, 39.6072463989, 22.0978622437, 23.5238513947, 30.5194549561, 30.8698558807, 23.5949935913, 37.4203491211, 24.286441803, 17.2944145203, 14.9475288391, 11.7627668381, 7.08390569687, 5.01610612869, 4.63227558136, 3.59123015404, 4.17283535004, 4.76674413681, 4.45729970932, 3.06816363335, 1.94560408592, 1.17147731781, 0.594893097878, 0.347099125385, 0.10593560338, 0.0160157643259, 0.00104800169356], "median": [0.0124796815217, 0.189231127501, 0.754902362823, 1.18847084045, 2.09750318527, 3.91193771362, 8.04468727112, 13.3192996979, 21.8095169067, 26.975402832, 16.4495048523, 20.0812454224, 26.8779373169, 28.3159999847, 17.1023178101, 9.3935546875, 11.0389165878, 13.9324111938, 12.6067771912, 12.0423030853, 14.3653821945, 12.6723146439, 9.37655258179, 7.40441608429, 5.7292971611, 3.65005946159, 2.94711017609, 2.63098549843, 2.11033582687, 1.93752408028, 2.31497192383, 2.17106485367, 1.49833226204, 0.948855280876, 0.518824577332, 0.216609939933, 0.069455653429, 0.0144070126116, 0.00170130969491, 0.000135945301736], "min": [1.55885478194e-22, 2.12749581274e-21, 1.14901009327e-20, 2.77150483151e-20, 5.07606265294e-20, 2.02026211338e-19, 1.75096622713e-19, 2.17532939766e-19, 5.80489866387e-19, 5.80370804078e-19, 1.48355649362e-18, 1.99397097894e-18, 1.32368067919e-18, 2.20299869255e-18, 4.75345625576e-18, 3.95390388926e-18, 5.67345604562e-18, 7.13547751238e-18, 5.87252078234e-18, 5.3153459838e-18, 4.6044785459e-18, 8.7342108413e-18, 7.92318341174e-18, 1.03423334973e-17, 1.44134732812e-17, 1.48523653881e-17, 1.25031410156e-17, 1.86436898231e-17, 1.67761906239e-17, 2.16000018995e-17, 2.17503270866e-17, 2.13569431483e-17, 1.68795716568e-17, 1.40071340402e-17, 1.27141771237e-17, 5.21271106776e-18, 3.03338752511e-18, 1.13276005259e-18, 3.24816352359e-19, 4.03721459957e-20], "var": [0.0398361086845, 13.4768514633, 79.3625564575, 73.5459136963, 616.638122559, 401.464050293, 929.637817383, 1989.46166992, 5164.87890625, 5116.82958984, 4219.94824219, 9781.8359375, 14155.96875, 9973.87890625, 5829.90673828, 1378.24682617, 1428.18933105, 2325.00830078, 3485.11035156, 1502.32629395, 5659.27636719, 1422.52001953, 670.895568848, 529.178527832, 311.293273926, 115.140357971, 44.6367378235, 45.622959137, 23.0225830078, 79.7101211548, 56.142326355, 51.5090408325, 22.7861728668, 9.71204090118, 4.9103808403, 1.67653882504, 1.66554749012, 0.146941736341, 0.00394669175148, 1.82148269232e-05]}, "gfcc": {"mean": [11.9541168213, 68.2980422974, -100.44719696, -4.46385860443, -65.0646896362, 4.08417034149, -41.1674499512, 10.5166282654, -18.0370445251, 0.447860389948, -13.1493425369, 3.01723122597, -8.12463951111], "cov": [[14394.2255859, -702.860229492, -5.80310583115, 1321.16882324, 932.263000488, 644.879882812, -78.776008606, 515.761230469, -350.617645264, -96.5502319336, -493.533660889, -318.916870117, -438.463409424], [-702.860229492, 1158.35534668, -123.594619751, 170.186477661, -45.6936149597, -17.647895813, 27.0729007721, -92.7760848999, 51.8792915344, -18.6388835907, 43.4640045166, -45.3138885498, 76.4865188599], [-5.80310583115, -123.594619751, 982.950317383, -81.3018417358, 139.2290802, 233.679107666, 95.6835250854, 40.3681030273, -7.65799045563, -1.32034754753, -9.72891616821, 64.9331130981, -68.0466918945], [1321.16882324, 170.186477661, -81.3018417358, 845.741699219, 214.944366455, 129.876068115, 26.2402019501, 93.3180923462, 32.1955566406, 36.5025405884, -11.4662590027, -79.8368835449, -41.2282562256], [932.263000488, -45.6936149597, 139.2290802, 214.944366455, 605.349121094, 211.961746216, 124.858886719, 132.436691284, -43.4535140991, -7.63703536987, -95.0909347534, -46.3311004639, -121.536727905], [644.879882812, -17.647895813, 233.679107666, 129.876068115, 211.961746216, 373.662353516, 76.7142410278, 131.430175781, 25.0033092499, 3.6005449295, -12.8597774506, -33.0211868286, -82.9527511597], [-78.776008606, 27.0729007721, 95.6835250854, 26.2402019501, 124.858886719, 76.7142410278, 198.943572998, 87.6597213745, 36.556930542, 9.89233016968, -14.370973587, 37.9995155334, 14.7997579575], [515.761230469, -92.7760848999, 40.3681030273, 93.3180923462, 132.436691284, 131.430175781, 87.6597213745, 232.281433105, 49.747505188, 22.3655872345, -45.2170600891, -24.6456069946, -23.3016891479], [-350.617645264, 51.8792915344, -7.65799045563, 32.1955566406, -43.4535140991, 25.0033092499, 36.556930542, 49.747505188, 174.677276611, 63.2304382324, 54.4344978333, 10.3946781158, 20.5470066071], [-96.5502319336, -18.6388835907, -1.32034754753, 36.5025405884, -7.63703536987, 3.6005449295, 9.89233016968, 22.3655872345, 63.2304382324, 128.457336426, 50.4033737183, 25.7138500214, 4.33882427216], [-493.533660889, 43.4640045166, -9.72891616821, -11.4662590027, -95.0909347534, -12.8597774506, -14.370973587, -45.2170600891, 54.4344978333, 50.4033737183, 148.842254639, 55.2315750122, 13.7971506119], [-318.916870117, -45.3138885498, 64.9331130981, -79.8368835449, -46.3311004639, -33.0211868286, 37.9995155334, -24.6456069946, 10.3946781158, 25.7138500214, 55.2315750122, 158.332901001, 43.8629646301], [-438.463409424, 76.4865188599, -68.0466918945, -41.2282562256, -121.536727905, -82.9527511597, 14.7997579575, -23.3016891479, 20.5470066071, 4.33882427216, 13.7971506119, 43.8629646301, 156.753997803]], "icov": [[0.000113568894449, 4.78356087115e-05, 3.20666767948e-05, -0.000156014240929, -3.31533487952e-06, -0.0001149971431, 0.000141198324854, -0.000139829717227, 0.000186128556379, -3.41620798281e-05, 0.000267884752247, -6.94596456015e-05, 0.00014207692584], [4.78356087115e-05, 0.001089348807, 9.75725051831e-05, -0.000291936215945, -1.93984942598e-05, -0.000202919487492, -0.000403915153584, 0.000709848827682, -0.00028912149719, 0.000311768060783, -0.000187665325939, 0.000558602099773, -0.000521450943779], [3.20666767948e-05, 9.75725051831e-05, 0.00137342384551, 0.000134417030495, 3.19591345033e-05, -0.00100003322586, -0.000364938285202, 0.000400155724492, 7.2001144872e-05, -6.9986374001e-05, 0.000419565476477, -0.000707446655724, 0.000416678114561], [-0.000156014240929, -0.000291936215945, 0.000134417030495, 0.00171642669011, -0.000501152302604, -0.000119499076391, 4.59843831777e-05, -0.000140646312502, -0.00028131561703, -0.000377963966457, -0.000619243830442, 0.000594129494857, -0.000325611123117], [-3.31533487952e-06, -1.93984942598e-05, 3.19591345033e-05, -0.000501152302604, 0.00313659524545, -0.000823753711302, -0.00166541198269, -0.000218153654714, 0.000963468803093, -0.000535481725819, 0.00137017981615, -0.000120475240692, 0.00180469511542], [-0.0001149971431, -0.000202919487492, -0.00100003322586, -0.000119499076391, -0.000823753711302, 0.00502966018394, -0.000412292225519, -0.00192792364396, -0.000407064479077, 0.000715014932211, -0.00162088254001, 0.000859602005221, 0.00102280720603], [0.000141198324854, -0.000403915153584, -0.000364938285202, 4.59843831777e-05, -0.00166541198269, -0.000412292225519, 0.00845391955227, -0.00248597655445, -0.00117293850053, 0.000524909002706, 0.000860672618728, -0.00255335285328, -0.00145348673686], [-0.000139829717227, 0.000709848827682, 0.000400155724492, -0.000140646312502, -0.000218153654714, -0.00192792364396, -0.00248597655445, 0.00810385681689, -0.00234253006056, -0.000986301340163, 0.00221701897681, 0.000734791043214, -0.000417185830884], [0.000186128556379, -0.00028912149719, 7.2001144872e-05, -0.00028131561703, 0.000963468803093, -0.000407064479077, -0.00117293850053, -0.00234253006056, 0.00924961920828, -0.00312267406844, -0.00222630705684, 0.000992841320112, -0.000294766010484], [-3.41620798281e-05, 0.000311768060783, -6.9986374001e-05, -0.000377963966457, -0.000535481725819, 0.000715014932211, 0.000524909002706, -0.000986301340163, -0.00312267406844, 0.0108787920326, -0.00295256869867, -0.000968252250459, 2.85710357275e-05], [0.000267884752247, -0.000187665325939, 0.000419565476477, -0.000619243830442, 0.00137017981615, -0.00162088254001, 0.000860672618728, 0.00221701897681, -0.00222630705684, -0.00295256869867, 0.0122415954247, -0.00391372991726, 0.00170424720272], [-6.94596456015e-05, 0.000558602099773, -0.000707446655724, 0.000594129494857, -0.000120475240692, 0.000859602005221, -0.00255335285328, 0.000734791043214, 0.000992841320112, -0.000968252250459, -0.00391372991726, 0.00993093568832, -0.00244364584796], [0.00014207692584, -0.000521450943779, 0.000416678114561, -0.000325611123117, 0.00180469511542, 0.00102280720603, -0.00145348673686, -0.000417185830884, -0.000294766010484, 2.85710357275e-05, 0.00170424720272, -0.00244364584796, 0.00971384905279]]}, "melbands": {"dmean": [0.00109093321953, 0.00185476394836, 0.000846343231387, 0.000693796901032, 0.000423943536589, 0.000408416235587, 0.000399071257561, 0.000298447324894, 0.000179069131264, 0.000178761110874, 0.00017218576977, 0.000145370999235, 9.38492157729e-05, 3.3674750739e-05, 2.86853919533e-05, 2.7176205549e-05, 3.4403790778e-05, 3.01111867884e-05, 1.69413324329e-05, 1.58833099704e-05, 2.72270644928e-05, 1.57617396326e-05, 1.10611945274e-05, 8.23609479994e-06, 6.33065837974e-06, 5.60376838621e-06, 3.12063480123e-06, 2.20639549298e-06, 1.59844250902e-06, 1.45570641052e-06, 1.41301688927e-06, 1.08286599243e-06, 1.49011623307e-06, 1.3916773014e-06, 1.41882276239e-06, 1.66743598129e-06, 1.57710815074e-06, 1.44481441566e-06, 1.34689037168e-06, 1.2073447806e-06], "dmean2": [0.00186536775436, 0.00318381958641, 0.00148992356844, 0.00119851273485, 0.000670300563797, 0.000648222165182, 0.000619505299255, 0.000472598330816, 0.00027860866976, 0.000270241929684, 0.000256391620496, 0.000215187232243, 0.000140631309478, 5.2415580285e-05, 4.37643539044e-05, 4.20750620833e-05, 5.46558330825e-05, 4.80340568174e-05, 2.71747630904e-05, 2.53525195149e-05, 4.3278116209e-05, 2.51565616054e-05, 1.7858332285e-05, 1.34081046781e-05, 1.03027559817e-05, 8.93552441994e-06, 4.99537372889e-06, 3.51769404006e-06, 2.56319140135e-06, 2.30901946452e-06, 2.21618302021e-06, 1.64778703038e-06, 2.3513580345e-06, 2.18519812734e-06, 2.2043923309e-06, 2.5796493901e-06, 2.47370167017e-06, 2.30862588069e-06, 2.17558272197e-06, 1.9849239834e-06], "dvar": [9.06745481188e-06, 2.95009795082e-05, 3.39397456628e-06, 2.5470685614e-06, 4.99397174281e-07, 5.39368500085e-07, 5.69205155898e-07, 2.53703433373e-07, 1.50414336986e-07, 1.86067126151e-07, 1.15650166777e-07, 9.87851009882e-08, 5.28255341692e-08, 4.78208006527e-09, 3.25333293638e-09, 2.34262520493e-09, 4.76738959421e-09, 4.1707135523e-09, 9.95731164188e-10, 1.01994024337e-09, 4.64400251587e-09, 1.57341706331e-09, 8.05753019861e-10, 2.63584570837e-10, 1.59536744926e-10, 1.12551266918e-10, 3.35031967447e-11, 1.61952621452e-11, 7.60927171967e-12, 6.22588569241e-12, 7.07560485896e-12, 2.76804338999e-12, 2.29076844299e-11, 1.32515812559e-11, 7.48882900137e-12, 1.35002122328e-11, 1.02063045515e-11, 1.07457298268e-11, 1.3643318246e-11, 9.46885105046e-12], "dvar2": [2.42014612013e-05, 7.95082814875e-05, 9.49365585257e-06, 7.03843079464e-06, 1.14490489977e-06, 1.31589399643e-06, 1.27961732233e-06, 6.11256496086e-07, 3.55241780881e-07, 4.26145135179e-07, 2.45920261932e-07, 2.07769190297e-07, 1.05608854994e-07, 1.0877779566e-08, 7.18986337134e-09, 5.63826718647e-09, 1.09839115581e-08, 9.6252961157e-09, 2.35848451879e-09, 2.51414755681e-09, 1.11921991675e-08, 3.90713594811e-09, 2.12111483933e-09, 6.74867550732e-10, 3.74357961297e-10, 2.65165334135e-10, 8.18555015436e-11, 3.79993154997e-11, 1.90141114659e-11, 1.47715104037e-11, 1.53500701733e-11, 6.10865351358e-12, 5.755174462e-11, 3.13788370288e-11, 1.81530502436e-11, 3.16890437502e-11, 2.50419077835e-11, 2.93604481005e-11, 3.7598191921e-11, 2.63008607948e-11], "max": [0.0337678864598, 0.0605371743441, 0.0182527434081, 0.017004141584, 0.0107986042276, 0.00937512423843, 0.0193305406719, 0.00736918253824, 0.00668372958899, 0.0129815097898, 0.00675368169323, 0.00545263243839, 0.00621013762429, 0.00236173463054, 0.00145529548172, 0.000860219530296, 0.00193105952349, 0.00155891722534, 0.000819497916382, 0.000710207386874, 0.00247486145236, 0.00100470089819, 0.00131291605067, 0.000395262875827, 0.000448605424026, 0.000277106038993, 0.00015980254102, 0.000117812756798, 7.02410761733e-05, 7.38363305572e-05, 9.70491382759e-05, 2.71340977633e-05, 0.000146376696648, 0.000108043801447, 5.24350325577e-05, 8.31040524645e-05, 7.17784714652e-05, 8.76808699104e-05, 8.52511220728e-05, 9.62974663707e-05], "mean": [0.00126655143686, 0.00201400043443, 0.000911388604436, 0.000795763917267, 0.000663108716253, 0.000675881863572, 0.000742567528505, 0.000518844928592, 0.000315930112265, 0.000356564152753, 0.000347669440089, 0.000251588207902, 0.0001592017652, 6.03962580499e-05, 5.27796037204e-05, 4.98007102578e-05, 5.64318979741e-05, 5.0354796258e-05, 3.08568196488e-05, 2.95081863442e-05, 4.77675712318e-05, 2.6597208489e-05, 1.90048795048e-05, 1.40431329783e-05, 1.1569117305e-05, 1.11617409857e-05, 6.09941525909e-06, 4.00662929678e-06, 2.95906215797e-06, 2.80242443296e-06, 2.77819844996e-06, 2.00428348762e-06, 2.16906255446e-06, 2.22300877795e-06, 2.61579498329e-06, 2.90777506962e-06, 2.73120508609e-06, 2.26169549933e-06, 1.8481424604e-06, 1.57559372838e-06], "median": [0.000141939177411, 0.000428404135164, 0.000257061037701, 0.000222529459279, 0.000277175393421, 0.000292560376693, 0.00036861753324, 0.000275450933259, 0.00012005015742, 0.000122157973237, 0.000130301137688, 0.000106629406218, 5.38205786142e-05, 1.96119799512e-05, 2.09810896195e-05, 2.19340145122e-05, 2.33412829402e-05, 1.80095667019e-05, 1.34884421641e-05, 1.37160041049e-05, 1.47339760588e-05, 1.08286030809e-05, 8.12070175016e-06, 5.89734554524e-06, 4.70255599794e-06, 4.31996841144e-06, 2.8238955565e-06, 1.9130761757e-06, 1.64014727488e-06, 1.42215867527e-06, 1.44294938309e-06, 1.13088788112e-06, 9.01598014025e-07, 1.0675349813e-06, 1.26112558974e-06, 1.30138050736e-06, 1.18952402772e-06, 1.04784749055e-06, 8.48356933147e-07, 7.34896389076e-07], "min": [2.11513724643e-24, 4.75555606483e-24, 4.73978397432e-24, 9.7468789884e-24, 6.3425702623e-24, 5.67406231552e-24, 7.7261044946e-24, 6.71155521756e-24, 1.56741045178e-23, 1.17712688317e-23, 6.36625541655e-24, 8.35634834874e-24, 1.30571389285e-23, 1.15570315648e-23, 1.25272799911e-23, 1.02180640294e-23, 1.46343243135e-23, 1.1316450288e-23, 5.44767540737e-24, 8.73571708009e-24, 4.73558447329e-24, 8.88704742298e-24, 7.7711097981e-24, 7.46631524357e-24, 8.14298277312e-24, 9.81368051872e-24, 1.12317439817e-23, 9.53010947798e-24, 8.26818288739e-24, 7.77053550736e-24, 1.22016729193e-23, 8.97956581881e-24, 1.13377211334e-23, 1.20598254734e-23, 1.2145919386e-23, 1.42110972825e-23, 1.23887725823e-23, 1.14289237093e-23, 1.07996170219e-23, 1.22752192104e-23], "var": [8.14188206277e-06, 2.37661060964e-05, 3.17740227729e-06, 2.54835595115e-06, 9.1558541726e-07, 9.70653900367e-07, 1.21788468732e-06, 5.10219194894e-07, 2.74567497627e-07, 4.4842903435e-07, 3.643144737e-07, 1.93642236468e-07, 1.28008025513e-07, 1.36880524693e-08, 7.94586529906e-09, 5.40285993722e-09, 9.50492129448e-09, 9.3784864319e-09, 2.37076203113e-09, 2.06627492894e-09, 1.07078124145e-08, 2.53296961183e-09, 1.23491550319e-09, 5.17561549174e-10, 4.16630563382e-10, 3.73834907474e-10, 9.57632792509e-11, 3.87864948492e-11, 1.70554907003e-11, 1.76841961214e-11, 1.93979641377e-11, 6.81777941394e-12, 2.53232435021e-11, 1.78957629965e-11, 1.6769837255e-11, 2.6273871967e-11, 2.22730358462e-11, 1.46780400334e-11, 1.1716390011e-11, 8.18851670498e-12]}, "mfcc": {"mean": [-640.917724609, 119.068733215, 9.89985275269, -2.53202605247, -2.22004055977, -11.2429952621, -9.63788318634, 0.390284180641, -1.81114602089, 1.85393881798, -3.42798256874, -1.02487432957, -1.73746132851], "cov": [[9105.23828125, -483.043701172, -427.615692139, 771.242431641, 862.219726562, 436.581207275, 468.859741211, 375.320861816, 215.904541016, 209.485046387, 146.480789185, 52.8547821045, -126.687286377], [-483.043701172, 944.440612793, 43.0029945374, -90.8592834473, -32.2123260498, 28.6803417206, 13.4449548721, -1.07140910625, 37.9586181641, -38.1368675232, -34.5525550842, -29.7519607544, -18.1375694275], [-427.615692139, 43.0029945374, 754.576660156, -90.04271698, 28.2473087311, 82.4920272827, 12.9008865356, 63.8332557678, -23.8096046448, 39.200592041, 25.0677013397, -3.34559130669, 64.3603591919], [771.242431641, -90.8592834473, -90.04271698, 553.303100586, 132.850204468, 94.0557098389, 68.3409347534, 24.8126239777, 58.6924743652, 16.8089084625, 22.3950424194, 23.8695983887, -16.8667736053], [862.219726562, -32.2123260498, 28.2473087311, 132.850204468, 389.083618164, 171.193313599, 178.860992432, 123.62387085, 57.8592720032, 70.1225357056, 59.3165168762, 39.3759155273, -0.956352412701], [436.581207275, 28.6803417206, 82.4920272827, 94.0557098389, 171.193313599, 230.886993408, 115.811279297, 87.2734451294, 19.4037475586, 28.8153476715, 38.2136001587, 30.1343650818, 28.3906288147], [468.859741211, 13.4449548721, 12.9008865356, 68.3409347534, 178.860992432, 115.811279297, 231.135070801, 121.168876648, 73.2358322144, 29.0330524445, 29.693862915, 11.0049200058, -5.34821081161], [375.320861816, -1.07140910625, 63.8332557678, 24.8126239777, 123.62387085, 87.2734451294, 121.168876648, 206.294311523, 78.6821365356, 54.9289360046, 25.6792812347, 22.9932384491, 20.5177345276], [215.904541016, 37.9586181641, -23.8096046448, 58.6924743652, 57.8592720032, 19.4037475586, 73.2358322144, 78.6821365356, 200.913986206, 74.6766357422, 16.6074504852, -9.67903709412, -4.83325099945], [209.485046387, -38.1368675232, 39.200592041, 16.8089084625, 70.1225357056, 28.8153476715, 29.0330524445, 54.9289360046, 74.6766357422, 156.919967651, 60.8568267822, 24.7817459106, 10.5707054138], [146.480789185, -34.5525550842, 25.0677013397, 22.3950424194, 59.3165168762, 38.2136001587, 29.693862915, 25.6792812347, 16.6074504852, 60.8568267822, 112.442146301, 49.0047683716, 23.5693778992], [52.8547821045, -29.7519607544, -3.34559130669, 23.8695983887, 39.3759155273, 30.1343650818, 11.0049200058, 22.9932384491, -9.67903709412, 24.7817459106, 49.0047683716, 116.885627747, 50.0182037354], [-126.687286377, -18.1375694275, 64.3603591919, -16.8667736053, -0.956352412701, 28.3906288147, -5.34821081161, 20.5177345276, -4.83325099945, 10.5707054138, 23.5693778992, 50.0182037354, 102.360313416]], "icov": [[0.000163630465977, 6.29981586826e-05, 9.66602456174e-05, -0.000121003140521, -0.000226448319154, -9.68371750787e-05, 3.65323694496e-06, -0.000150112056872, 2.36812629737e-05, -6.09449489275e-05, -3.69877707271e-05, 5.44750473637e-05, 0.000177299545612], [6.29981586826e-05, 0.00117845495697, -3.58588767995e-05, 0.000213564926526, 6.60386140225e-05, -0.00049338361714, -4.61823901787e-06, 8.77113125171e-05, -0.000507723772898, 0.000376656098524, 0.000168474405655, -4.13283632952e-05, 0.000382692873245], [9.66602456174e-05, -3.58588767995e-05, 0.00164160563145, 0.000155396526679, -7.85405645729e-05, -0.000603892549407, 0.000188077407074, -0.000549652904738, 0.000499395478982, -0.000495013140608, -0.000198853289476, 0.000850488839205, -0.000901633698959], [-0.000121003140521, 0.000213564926526, 0.000155396526679, 0.00232083816081, -0.000290056050289, -0.000839516229462, 0.000138081944897, 0.00056216964731, -0.000856133468915, 0.000438443617895, 2.87595848931e-05, -0.000548181531485, 0.000473009014968], [-0.000226448319154, 6.60386140225e-05, -7.85405645729e-05, -0.000290056050289, 0.00563608389348, -0.00207576784305, -0.00242691882886, -0.000386972387787, 0.000352423783625, -0.00111670990009, -0.000426862563472, -0.000847015995532, 0.000956324453], [-9.68371750787e-05, -0.00049338361714, -0.000603892549407, -0.000839516229462, -0.00207576784305, 0.00816260185093, -0.00190023018513, -0.000851166725624, 0.00117829197552, 0.00010425671644, -0.000600798171945, 0.000245957518928, -0.00211492506787], [3.65323694496e-06, -4.61823901787e-06, 0.000188077407074, 0.000138081944897, -0.00242691882886, -0.00190023018513, 0.00920192338526, -0.00305676762946, -0.00186115945689, 0.00188357313164, -0.00104969809763, 0.00034937215969, 0.00129466631915], [-0.000150112056872, 8.77113125171e-05, -0.000549652904738, 0.00056216964731, -0.000386972387787, -0.000851166725624, -0.00305676762946, 0.00874502584338, -0.00194849970285, -0.00113845185842, 0.00112755852751, -0.00102575286292, -0.00114500185009], [2.36812629737e-05, -0.000507723772898, 0.000499395478982, -0.000856133468915, 0.000352423783625, 0.00117829197552, -0.00186115945689, -0.00194849970285, 0.00800772290677, -0.00375226698816, 0.000454576365883, 0.00177528185304, -0.000752476917114], [-6.09449489275e-05, 0.000376656098524, -0.000495013140608, 0.000438443617895, -0.00111670990009, 0.00010425671644, 0.00188357313164, -0.00113845185842, -0.00375226698816, 0.0107829198241, -0.00466549070552, -0.000525848532561, 0.000702570541762], [-3.69877707271e-05, 0.000168474405655, -0.000198853289476, 2.87595848931e-05, -0.000426862563472, -0.000600798171945, -0.00104969809763, 0.00112755852751, 0.000454576365883, -0.00466549070552, 0.0139580713585, -0.00434895511717, -0.00058995973086], [5.44750473637e-05, -4.13283632952e-05, 0.000850488839205, -0.000548181531485, -0.000847015995532, 0.000245957518928, 0.00034937215969, -0.00102575286292, 0.00177528185304, -0.000525848532561, -0.00434895511717, 0.0136807775125, -0.00596283050254], [0.000177299545612, 0.000382692873245, -0.000901633698959, 0.000473009014968, 0.000956324453, -0.00211492506787, 0.00129466631915, -0.00114500185009, -0.000752476917114, 0.000702570541762, -0.00058995973086, -0.00596283050254, 0.0145356869325]]}, "spectral_contrast_coeffs": {"dmean": [0.0619024895132, 0.0523829162121, 0.0456904396415, 0.0347054600716, 0.0272568538785, 0.0211515761912], "dmean2": [0.101041920483, 0.0862360373139, 0.0726164206862, 0.0551122091711, 0.0422880426049, 0.0322923175991], "dvar": [0.00284400046803, 0.00198900792748, 0.0015306918649, 0.000883746077307, 0.000629034591839, 0.000492709921673], "dvar2": [0.00694627547637, 0.00503076054156, 0.00363994808868, 0.00212324969471, 0.00136415078305, 0.00105030601844], "max": [-0.231705293059, -0.338421612978, -0.393274962902, -0.487265855074, -0.573520839214, -0.613012373447], "mean": [-0.617000460625, -0.690075933933, -0.706748127937, -0.762416362762, -0.768314778805, -0.791970431805], "median": [-0.630543828011, -0.696209192276, -0.712422013283, -0.770265817642, -0.7720708251, -0.799256443977], "min": [-0.964437186718, -0.962126135826, -0.962906956673, -0.960548758507, -0.96491587162, -0.957926332951], "var": [0.0111808041111, 0.00633912719786, 0.00671712681651, 0.00454619480297, 0.00325847114436, 0.00226227310486]}, "spectral_contrast_valleys": {"dmean": [0.539559304714, 0.405619710684, 0.392282754183, 0.346705377102, 0.32419732213, 0.379845172167], "dmean2": [0.903593540192, 0.678083240986, 0.64571917057, 0.558327376842, 0.487345576286, 0.517323791981], "dvar": [0.297239750624, 0.156526848674, 0.15840485692, 0.147999212146, 0.149732321501, 0.219682052732], "dvar2": [0.730873227119, 0.382417738438, 0.392443060875, 0.343044489622, 0.317107737064, 0.456421405077], "max": [-5.01377630234, -4.4958615303,