{"lowlevel": {"average_loudness": 0.81788444519, "barkbands_crest": {"dmean": 3.30888533592, "dmean2": 4.78176832199, "dvar": 10.8154144287, "dvar2": 21.6639194489, "max": 26.8224315643, "mean": 15.1063613892, "median": 14.384513855, "min": 1.76669692993, "var": 41.1133537292}, "barkbands_flatness_db": {"dmean": 0.0553151741624, "dmean2": 0.0789358243346, "dvar": 0.00370138138533, "dvar2": 0.00738876126707, "max": 0.781705617905, "mean": 0.211011573672, "median": 0.183261990547, "min": 0.0165737327188, "var": 0.0171742327511}, "barkbands_kurtosis": {"dmean": 63.3629341125, "dmean2": 91.5708084106, "dvar": 71633.1328125, "dvar2": 136770.875, "max": 10392.3720703, "mean": 74.3798751831, "median": 8.50774002075, "min": -1.95733714104, "var": 98595.2109375}, "barkbands_skewness": {"dmean": 2.24968194962, "dmean2": 3.17477607727, "dvar": 11.1124677658, "dvar2": 20.4980812073, "max": 82.931388855, "mean": 4.49226045609, "median": 2.82729935646, "min": -6.1597867012, "var": 31.4715423584}, "barkbands_spread": {"dmean": 12.3816680908, "dmean2": 18.5416641235, "dvar": 259.110565186, "dvar2": 527.832824707, "max": 126.104316711, "mean": 27.1103878021, "median": 16.5485458374, "min": 0.0205953605473, "var": 797.810668945}, "dissonance": {"dmean": 0.0158664677292, "dmean2": 0.0260898191482, "dvar": 0.000360261270544, "dvar2": 0.000908018904738, "max": 0.500000059605, "mean": 0.472208946943, "median": 0.479949206114, "min": 0.0913446396589, "var": 0.000729340012185}, "dynamic_complexity": 4.56060743332, "erbbands_crest": {"dmean": 3.09963798523, "dmean2": 4.92313957214, "dvar": 10.0397958755, "dvar2": 22.5495491028, "max": 31.7510681152, "mean": 8.92329025269, "median": 7.47517061234, "min": 2.31155896187, "var": 25.9999389648}, "erbbands_flatness_db": {"dmean": 0.0287845861167, "dmean2": 0.0415949970484, "dvar": 0.00124569516629, "dvar2": 0.00245623406954, "max": 0.542762458324, "mean": 0.136009678245, "median": 0.11102130264, "min": 0.0405081361532, "var": 0.00522381719202}, "erbbands_kurtosis": {"dmean": 4.46761989594, "dmean2": 6.81996297836, "dvar": 266.491119385, "dvar2": 577.179199219, "max": 272.166351318, "mean": 3.8888092041, "median": -0.216204285622, "min": -1.9399138689, "var": 399.806945801}, "erbbands_skewness": {"dmean": 0.746107816696, "dmean2": 1.10335874557, "dvar": 1.31042850018, "dvar2": 2.72857308388, "max": 13.5128602982, "mean": 0.358846545219, "median": 0.0298880524933, "min": -3.53708744049, "var": 3.34275722504}, "erbbands_spread": {"dmean": 20.4741821289, "dmean2": 29.7499866486, "dvar": 495.393585205, "dvar2": 1010.79284668, "max": 225.383010864, "mean": 63.5668296814, "median": 58.9931869507, "min": 0.686943590641, "var": 1246.81518555}, "hfc": {"dmean": 21.957567215, "dmean2": 32.1268806458, "dvar": 1554.26086426, "dvar2": 3537.09838867, "max": 424.67086792, "mean": 30.589017868, "median": 13.0667304993, "min": 1.11114721698e-16, "var": 2180.93261719}, "melbands_crest": {"dmean": 3.99679803848, "dmean2": 6.31976270676, "dvar": 16.6720046997, "dvar2": 41.6718711853, "max": 38.7494812012, "mean": 21.9584980011, "median": 22.1979827881, "min": 2.19327640533, "var": 51.7844772339}, "melbands_flatness_db": {"dmean": 0.0647729486227, "dmean2": 0.0923293307424, "dvar": 0.00487292278558, "dvar2": 0.0101393684745, "max": 0.939548373222, "mean": 0.299759060144, "median": 0.271666228771, "min": 0.00467496085912, "var": 0.0230275951326}, "melbands_kurtosis": {"dmean": 77.9440612793, "dmean2": 121.04649353, "dvar": 22456.0957031, "dvar2": 53364.8476562, "max": 3105.20068359, "mean": 117.992797852, "median": 40.4865036011, "min": -1.86609721184, "var": 37327.8710938}, "melbands_skewness": {"dmean": 2.59252882004, "dmean2": 3.86255502701, "dvar": 9.74719429016, "dvar2": 22.4038944244, "max": 46.0090103149, "mean": 6.86531400681, "median": 5.43648147583, "min": -4.63274431229, "var": 25.7741203308}, "melbands_spread": {"dmean": 11.3949041367, "dmean2": 17.6803779602, "dvar": 460.371551514, "dvar2": 1083.94433594, "max": 257.632843018, "mean": 19.1307067871, "median": 8.41878890991, "min": 0.078745521605, "var": 836.126953125}, "pitch_salience": {"dmean": 0.10847825557, "dmean2": 0.160137012601, "dvar": 0.0124603435397, "dvar2": 0.029141318053, "max": 0.92378038168, "mean": 0.386203348637, "median": 0.382302999496, "min": 0.0130096320063, "var": 0.0367680005729}, "silence_rate_20dB": {"dmean": 0.00998062547296, "dmean2": 0.0199624244124, "dvar": 0.00988110527396, "dvar2": 0.0229688696563, "max": 1, "mean": 0.98866969347, "median": 1, "min": 0, "var": 0.0112017290667}, "silence_rate_30dB": {"dmean": 0.0817237123847, "dmean2": 0.163457021117, "dvar": 0.0750446394086, "dvar2": 0.145773977041, "max": 1, "mean": 0.8132558465, "median": 1, "min": 0, "var": 0.151880145073}, "silence_rate_60dB": {"dmean": 0.0253625307232, "dmean2": 0.0507280416787, "dvar": 0.0247171055526, "dvar2": 0.0567184351385, "max": 1, "mean": 0.0861805826426, "median": 0, "min": 0, "var": 0.078770853579}, "spectral_centroid": {"dmean": 436.32421875, "dmean2": 653.581787109, "dvar": 249405.65625, "dvar2": 540039.1875, "max": 10702.1210938, "mean": 1422.09362793, "median": 1223.35241699, "min": 52.7450370789, "var": 1028361.4375}, "spectral_complexity": {"dmean": 5.38190555573, "dmean2": 7.87599802017, "dvar": 54.7052268982, "dvar2": 110.938781738, "max": 63, "mean": 11.4278497696, "median": 9, "min": 0, "var": 116.531684875}, "spectral_decrease": {"dmean": 8.90777673845e-09, "dmean2": 1.36739108925e-08, "dvar": 2.41347347592e-16, "dvar2": 6.72297620593e-16, "max": 2.44770239579e-20, "mean": -1.45928851225e-08, "median": -5.8133640124e-09, "min": -1.58306889375e-07, "var": 4.59566989956e-16}, "spectral_energy": {"dmean": 0.0349173918366, "dmean2": 0.0532145090401, "dvar": 0.00347046321258, "dvar2": 0.00964348576963, "max": 0.605416595936, "mean": 0.0578513741493, "median": 0.0245303437114, "min": 1.02782684106e-20, "var": 0.00669381860644}, "spectral_energyband_high": {"dmean": 0.00194762751926, "dmean2": 0.00285612791777, "dvar": 1.51527901835e-05, "dvar2": 3.43012980011e-05, "max": 0.0434607490897, "mean": 0.00237754522823, "median": 0.000489792088047, "min": 7.33160469165e-21, "var": 2.12156373891e-05}, "spectral_energyband_low": {"dmean": 0.031586125493, "dmean2": 0.0507062263787, "dvar": 0.00365739339031, "dvar2": 0.0102935256436, "max": 0.588173389435, "mean": 0.0474335849285, "median": 0.0171949006617, "min": 1.23832797438e-22, "var": 0.00608926312998}, "spectral_energyband_middle_high": {"dmean": 0.00171472260263, "dmean2": 0.00274599669501, "dvar": 1.58113671205e-05, "dvar2": 4.15779431933e-05, "max": 0.0476963669062, "mean": 0.00238708243705, "median": 0.00108911877032, "min": 1.48288250379e-21, "var": 1.74568685907e-05}, "spectral_energyband_middle_low": {"dmean": 0.00697285588831, "dmean2": 0.0118579873815, "dvar": 0.000374097988242, "dvar2": 0.000972947455011, "max": 0.237382814288, "mean": 0.00702709145844, "median": 0.00190377305262, "min": 2.94817818043e-22, "var": 0.000294155062875}, "spectral_entropy": {"dmean": 0.368207007647, "dmean2": 0.538265585899, "dvar": 0.22477221489, "dvar2": 0.458344072104, "max": 9.80117988586, "mean": 7.64713382721, "median": 7.88516426086, "min": 3.10290360451, "var": 0.752943396568}, "spectral_flux": {"dmean": 0.0515404455364, "dmean2": 0.0727849453688, "dvar": 0.00363408704288, "dvar2": 0.0070967185311, "max": 0.676649868488, "mean": 0.116256162524, "median": 0.0808055177331, "min": 1.0138179185e-10, "var": 0.0108491713181}, "spectral_kurtosis": {"dmean": 2.21923732758, "dmean2": 3.34023141861, "dvar": 40.9204826355, "dvar2": 79.9851303101, "max": 197.832183838, "mean": 3.89774990082, "median": 1.99706983566, "min": -1.20609867573, "var": 103.078819275}, "spectral_rms": {"dmean": 0.0018936280394, "dmean2": 0.00268879230134, "dvar": 5.29017415829e-06, "dvar2": 1.27916073325e-05, "max": 0.0243033003062, "mean": 0.00617709150538, "median": 0.00489203864709, "min": 3.16663513987e-12, "var": 1.82841558853e-05}, "spectral_rolloff": {"dmean": 1085.74511719, "dmean2": 1761.51794434, "dvar": 4339757.5, "dvar2": 8513828, "max": 18949.21875, "mean": 1859.24499512, "median": 258.3984375, "min": 21.533203125, "var": 9217405}, "spectral_skewness": {"dmean": 0.326043665409, "dmean2": 0.477911651134, "dvar": 0.255920916796, "dvar2": 0.494994550943, "max": 12.3149118423, "mean": 1.3835324049, "median": 1.22455370426, "min": -0.0495533794165, "var": 0.803875803947}, "spectral_spread": {"dmean": 1182809.625, "dmean2": 1655311.5, "dvar": 2069563310080.0, "dvar2": 3757461471230.0, "max": 40586120, "mean": 6950653.5, "median": 7003141, "min": 545842.375, "var": 7373588529150.0}, "spectral_strongpeak": {"dmean": 0.266968280077, "dmean2": 0.426831334829, "dvar": 0.276543855667, "dvar2": 0.758854091167, "max": 14.7766494751, "mean": 0.5268227458, "median": 0.434830754995, "min": 0, "var": 0.32154878974}, "zerocrossingrate": {"dmean": 0.0233587808907, "dmean2": 0.0255226437002, "dvar": 0.000712982204277, "dvar2": 0.000857120612636, "max": 0.49609375, "mean": 0.0706148296595, "median": 0.0498046875, "min": 0.001953125, "var": 0.00455638486892}, "barkbands": {"dmean": [0.000623224186711, 0.0238447673619, 0.0111789656803, 0.00339281396009, 0.00322794006206, 0.000420917582233, 0.000260460714344, 0.000271506898571, 0.000245157571044, 0.000302546366584, 0.000163135307957, 0.000200005611987, 0.000206932003493, 0.000332971685566, 0.000193832645891, 0.000205393400392, 0.000153136308654, 0.000125098391436, 0.000148887411342, 0.000181994051673, 0.000176962945261, 0.000238829932641, 0.000336199213052, 0.000408320687711, 0.000455186294857, 0.000283259054413, 4.99284324178e-05], "dmean2": [0.00101428292692, 0.0346890464425, 0.0196110289544, 0.00605188217014, 0.00571622001007, 0.00066921376856, 0.000435751309851, 0.000452574313385, 0.00040556510794, 0.000472520652693, 0.000257076899288, 0.000306832545903, 0.00033300940413, 0.000548015465029, 0.000331273156917, 0.000354600895662, 0.000256238272414, 0.000207822871744, 0.000242378097028, 0.000287159258733, 0.000281743588857, 0.000364790350432, 0.000510744808707, 0.00060692318948, 0.000689257460181, 0.00041930397856, 8.13684382592e-05], "dvar": [1.29418390316e-06, 0.00239328155294, 0.000999537296593, 0.000114030990517, 0.000114667702292, 9.37030051773e-07, 9.01539181086e-07, 9.69066718426e-07, 4.8927216767e-07, 9.67772052718e-07, 1.53030043748e-07, 4.46243149099e-07, 7.19288095752e-07, 1.32835941713e-06, 4.58320556618e-07, 3.85247261647e-07, 1.18065187849e-07, 9.32592456593e-08, 8.62285887138e-08, 1.32139035713e-07, 1.27293489527e-07, 2.85549759838e-07, 5.82646805469e-07, 7.91456500338e-07, 9.52924665398e-07, 2.70396924407e-07, 1.1457934157e-08], "dvar2": [2.9660814107e-06, 0.00557525455952, 0.00273693003692, 0.000311924522975, 0.00031899070018, 2.2511210318e-06, 2.40772465077e-06, 2.7888384011e-06, 1.35936738843e-06, 1.98809289031e-06, 3.66474978364e-07, 9.70238829723e-07, 1.65895789905e-06, 3.06366655423e-06, 1.25592259792e-06, 1.06777849851e-06, 3.17185310905e-07, 2.49117363182e-07, 2.25996643621e-07, 3.25473678231e-07, 3.10989435093e-07, 6.86634507474e-07, 1.35179595873e-06, 1.79988603577e-06, 2.20117544814e-06, 5.79969423598e-07, 2.91189259372e-08], "max": [0.0236418675631, 0.528433084488, 0.309361249208, 0.160050019622, 0.151000961661, 0.0191018972546, 0.021872067824, 0.0215853489935, 0.0168736800551, 0.0242681857198, 0.00718419393525, 0.0192979555577, 0.0200790837407, 0.0275581683964, 0.0110633205622, 0.00889182370156, 0.00626746984199, 0.00747434888035, 0.00502513023093, 0.0052507724613, 0.00664970977232, 0.010609023273, 0.0148135637864, 0.0128086069599, 0.0107854278758, 0.00495555670932, 0.00101466313936], "mean": [0.000855396734551, 0.0345693305135, 0.0107368268073, 0.00263736862689, 0.00274286419153, 0.000561075168662, 0.000285585643724, 0.00031193549512, 0.000314303761115, 0.000418784475187, 0.000249750912189, 0.000246549578151, 0.000213350853301, 0.000332419993356, 0.000175424676854, 0.000186059449334, 0.000162335170899, 0.000128032261273, 0.000207155637327, 0.000231204990996, 0.000221855647396, 0.000298505561659, 0.000390992965549, 0.00047364240163, 0.000504104420543, 0.00034444060293, 5.20588473591e-05], "median": [0.000324417720549, 0.00868442095816, 0.0038237052504, 0.000432380998973, 0.000452916661743, 7.76598244556e-05, 5.28046512045e-05, 5.53787394892e-05, 6.11830764683e-05, 7.06083665136e-05, 3.70813868358e-05, 5.30626857653e-05, 4.62856332888e-05, 4.16951370426e-05, 2.83659537672e-05, 3.15582801704e-05, 3.44930667779e-05, 3.46634187736e-05, 6.89189764671e-05, 6.27543922747e-05, 5.76526945224e-05, 5.96687968937e-05, 6.51544978609e-05, 7.86609962233e-05, 7.65481381677e-05, 4.5402925025e-05, 3.0123187571e-06], "min": [2.35086560876e-23, 7.3873125594e-23, 1.21285328917e-23, 2.90224987811e-23, 4.87687096025e-23, 8.51921499351e-23, 1.42273919933e-23, 4.26537406997e-23, 5.44850197583e-23, 7.16788805872e-23, 9.84495885361e-23, 1.84512584113e-22, 8.10157372872e-23, 1.44276146729e-22, 7.26954761694e-23, 1.38596209372e-22, 1.47255036969e-22, 1.79127680734e-22, 1.62947916376e-22, 4.68997119469e-22, 5.56704770126e-22, 4.57265886906e-22, 5.03996189396e-22, 1.02793902339e-21, 1.27283002407e-21, 1.40774538321e-21, 2.01105237006e-21], "var": [2.11971382669e-06, 0.00447795633227, 0.000689737033099, 7.44925273466e-05, 7.57493398851e-05, 2.01052785087e-06, 7.50096887714e-07, 8.94831032383e-07, 5.39064899385e-07, 1.47631953951e-06, 3.72264452153e-07, 5.88435796089e-07, 7.43133739434e-07, 1.48344031459e-06, 3.58428593472e-07, 2.85673081635e-07, 1.17591241633e-07, 7.95371803974e-08, 1.39436565405e-07, 1.8179461847e-07, 1.63849961154e-07, 3.81703728181e-07, 7.79829747444e-07, 1.0207681953e-06, 1.18292734896e-06, 4.10335360357e-07, 1.22479981712e-08]}, "erbbands": {"dmean": [0.632630825043, 5.75085926056, 12.2203798294, 11.5983285904, 14.827170372, 7.45865392685, 3.58043265343, 3.80807852745, 3.84872055054, 4.39602041245, 5.9998292923, 5.38269615173, 10.2380933762, 6.37049436569, 6.46351146698, 8.54891204834, 8.78231143951, 16.9337940216, 12.6044139862, 10.6755218506, 9.96806812286, 8.36812782288, 7.15207147598, 7.05420970917, 8.45344638824, 8.68180274963, 6.96777868271, 6.9907951355, 8.91002941132, 8.55355548859, 10.2351694107, 8.21482658386, 6.93925523758, 5.21827077866, 3.17632985115, 1.30065727234, 0.516136050224, 0.114398762584, 0.00808602385223, 0.000196925451746], "dmean2": [0.832592427731, 8.62252426147, 21.0293312073, 20.0810985565, 26.5752849579, 13.1120328903, 5.74709510803, 6.0936589241, 6.23929214478, 7.55744886398, 9.7245092392, 8.77289581299, 16.5139713287, 9.81792640686, 10.2555446625, 13.075053215, 14.0006771088, 27.6038093567, 21.5491542816, 18.1054096222, 16.9981365204, 13.9399528503, 11.9973373413, 11.7199497223, 13.4436302185, 13.7820577621, 11.2178497314, 10.878071785, 13.7385044098, 12.8199100494, 15.7635440826, 12.4268665314, 10.3752889633, 7.84278488159, 4.90502309799, 1.94960272312, 0.76838350296, 0.171881586313, 0.0130426157266, 0.000305872643366], "dvar": [1.55291759968, 143.649780273, 970.38494873, 1215.93347168, 2404.00463867, 573.674438477, 86.7822341919, 84.2442321777, 199.936767578, 229.828857422, 544.028320312, 239.858535767, 1245.11474609, 225.927383423, 257.07131958, 887.296081543, 855.808105469, 4198.91699219, 1431.00720215, 1248.64624023, 787.957275391, 378.001098633, 316.835174561, 211.482162476, 297.834197998, 311.720977783, 222.630874634, 186.366210938, 439.20111084, 358.660186768, 571.802856445, 334.107940674, 233.035705566, 127.862014771, 46.9582366943, 5.89887523651, 0.962077200413, 0.0502441301942, 0.000314974720823, 1.35901274234e-07], "dvar2": [3.28425073624, 339.218414307, 2705.85180664, 3260.17041016, 6636.41699219, 1611.67736816, 211.906082153, 206.742599487, 518.743286133, 660.501037598, 1531.3873291, 659.172912598, 2805.6340332, 512.604675293, 676.698547363, 1843.20324707, 1998.62280273, 9574.94726562, 3878.31298828, 3440.20874023, 2181.63989258, 1017.53277588, 850.709960938, 587.400390625, 723.180541992, 766.669494629, 579.188354492, 423.776031494, 1083.09765625, 831.986083984, 1341.88317871, 787.720214844, 518.080444336, 287.622711182, 112.521881104, 12.8181352615, 2.05119967461, 0.115043476224, 0.000819483888336, 3.28015119067e-07], "max": [17.1652755737, 141.864013672, 317.942321777, 440.809448242, 659.454772949, 374.993621826, 308.719390869, 169.995391846, 328.998443604, 293.304107666, 581.931640625, 416.42590332, 824.211486816, 236.465682983, 455.550445557, 659.336425781, 930.423156738, 1525.70178223, 549.773132324, 532.003967285, 449.715301514, 363.966796875, 439.560943604, 262.9112854, 284.385223389, 272.638305664, 275.159484863, 277.36050415, 440.562744141, 607.245910645, 382.164642334, 279.790679932, 236.660476685, 119.789710999, 81.7146072388, 25.0728874207, 8.41940879822, 1.84512197971, 0.176969140768, 0.0076011759229], "mean": [0.979638814926, 7.7810382843, 13.6493453979, 10.1121921539, 11.570432663, 6.55990743637, 4.58215093613, 4.90614032745, 4.58048677444, 4.81176280975, 7.64225292206, 7.14468288422, 12.4439344406, 10.663813591, 10.2633361816, 10.475274086, 9.77132701874, 16.7621383667, 11.8780460358, 9.76872825623, 9.82004833221, 8.70139217377, 7.38175010681, 8.82539653778, 11.7777395248, 11.1011428833, 8.55382919312, 9.019739151, 10.8762350082, 11.1780443192, 11.3223180771, 9.39969444275, 7.9335436821, 5.76052808762, 3.48737621307, 1.60418951511, 0.619049072266, 0.128673478961, 0.00838282704353, 0.000252363766776], "median": [0.218156859279, 2.00774335861, 6.02698135376, 3.11666584015, 1.67380011082, 1.06518578529, 0.551522493362, 0.66989505291, 0.797831237316, 0.958797872066, 1.5842602253, 1.66233706474, 2.30163216591, 2.27617073059, 2.35110449791, 2.57851743698, 2.56201839447, 2.39961004257, 1.8217446804, 1.90685486794, 2.07582330704, 2.01426243782, 1.98133277893, 2.89788866043, 3.73307967186, 2.94119405746, 2.21119618416, 2.42489933968, 2.11363196373, 1.9767305851, 1.90963101387, 1.66191506386, 1.24797010422, 0.894404053688, 0.489344656467, 0.231801658869, 0.0728808194399, 0.00972232967615, 0.000511978170834, 9.58760356298e-05], "min": [2.73819905846e-21, 1.40174010447e-20, 2.01510599935e-20, 5.80421068225e-20, 1.16794386975e-19, 1.85238283538e-19, 1.41949169122e-19, 9.8436405749e-19, 3.84494538423e-19, 7.51609184995e-19, 7.32106902789e-19, 1.03321848184e-18, 1.98747512959e-18, 3.67545090684e-18, 3.43455647372e-18, 8.08746892602e-18, 4.66515183024e-18, 5.1722532504e-18, 6.08066093116e-18, 6.36707842211e-18, 7.26372524891e-18, 8.46613980274e-18, 9.55900586496e-18, 8.51133529705e-18, 1.22214107436e-17, 2.24123031872e-17, 2.27678899345e-17, 1.93211308924e-17, 1.59539797125e-17, 1.75342718768e-17, 1.3704752377e-17, 1.41563739663e-17, 1.99968596979e-17, 1.34597869745e-17, 9.65632697275e-18, 4.87815497388e-18, 2.660988125e-18, 1.17568917541e-18, 2.87054032282e-19, 2.92549322671e-20], "var": [3.56025934219, 242.899307251, 771.409912109, 849.836425781, 1558.85107422, 394.021118164, 143.739379883, 167.771392822, 193.787200928, 183.060455322, 556.809570312, 279.55871582, 1507.2421875, 526.192199707, 466.035919189, 1199.19604492, 957.182128906, 4469.49951172, 1194.25256348, 922.243774414, 604.03894043, 343.003509521, 270.147369385, 237.828918457, 585.573913574, 448.396728516, 252.350128174, 269.326446533, 534.353759766, 578.527404785, 685.645324707, 417.494903564, 295.661010742, 157.799346924, 57.0970458984, 9.28443145752, 1.39029967785, 0.066367790103, 0.000315990357194, 1.64913075196e-07]}, "gfcc": {"mean": [-49.5224380493, 53.5171356201, -70.5828399658, 51.7353019714, -34.9929161072, 30.7259502411, -21.1447238922, 14.8207082748, -25.3397521973, 4.80040025711, -16.0289325714, -1.41842567921, -13.0431919098], "cov": [[23005.7402344, -3478.22680664, 1284.40026855, -327.248687744, -812.001281738, 1817.53820801, -816.190734863, 783.344848633, -105.325164795, 217.007400513, -1194.56311035, 194.479827881, -645.828552246], [-3478.22680664, 3724.20458984, -476.393341064, -257.765808105, 239.72416687, -647.699157715, 344.350799561, -290.254455566, 189.870742798, -117.399230957, 459.578369141, -157.911758423, 333.278564453], [1284.40026855, -476.393341064, 2299.1472168, 645.04699707, 407.934539795, 645.284667969, 162.996932983, 171.933700562, 65.5001373291, 6.13127470016, -183.738464355, 2.74363207817, -147.19543457], [-327.248687744, -257.765808105, 645.04699707, 826.207397461, 392.169494629, 187.56628418, 63.8050384521, 12.3005065918, 52.3712882996, -9.74744129181, 12.7168703079, -29.4524154663, 32.8319854736], [-812.001281738, 239.72416687, 407.934539795, 392.169494629, 605.120056152, 198.637908936, 238.95123291, 28.6572685242, 91.2072525024, -18.3162059784, 62.3542404175, -48.8345489502, 17.6899929047], [1817.53820801, -647.699157715, 645.284667969, 187.56628418, 198.637908936, 764.223571777, 213.848144531, 270.236236572, 87.6709136963, 67.825340271, -138.548187256, 23.5657138824, -112.548934937], [-816.190734863, 344.350799561, 162.996932983, 63.8050384521, 238.95123291, 213.848144531, 416.897186279, 143.290252686, 138.457366943, 9.60918903351, 90.6161804199, -20.176235199, 27.6044750214], [783.344848633, -290.254455566, 171.933700562, 12.3005065918, 28.6572685242, 270.236236572, 143.290252686, 261.450408936, 112.75705719, 64.4001922607, -25.9537220001, 25.4754886627, -41.1472816467], [-105.325164795, 189.870742798, 65.5001373291, 52.3712882996, 91.2072525024, 87.6709136963, 138.457366943, 112.75705719, 230.755386353, 92.0131149292, 91.5327835083, -0.512404501438, 38.0440063477], [217.007400513, -117.399230957, 6.13127470016, -9.74744129181, -18.3162059784, 67.825340271, 9.60918903351, 64.4001922607, 92.0131149292, 123.803253174, 51.6656532288, 29.5228862762, -8.70335578918], [-1194.56311035, 459.578369141, -183.738464355, 12.7168703079, 62.3542404175, -138.548187256, 90.6161804199, -25.9537220001, 91.5327835083, 51.6656532288, 224.250167847, 19.1928710938, 99.3856658936], [194.479827881, -157.911758423, 2.74363207817, -29.4524154663, -48.8345489502, 23.5657138824, -20.176235199, 25.4754886627, -0.512404501438, 29.5228862762, 19.1928710938, 99.3146514893, 27.6502418518], [-645.828552246, 333.278564453, -147.19543457, 32.8319854736, 17.6899929047, -112.548934937, 27.6044750214, -41.1472816467, 38.0440063477, -8.70335578918, 99.3856658936, 27.6502418518, 137.486694336]], "icov": [[9.15577838896e-05, -4.24331119575e-05, 1.34834390337e-05, 9.29317684495e-06, 5.23853814229e-05, -0.000217211825657, 0.00029529366293, -0.000173515640199, -7.94367515482e-05, -4.89070771437e-05, 0.000325730710756, -0.000127680934384, 5.84883237025e-05], [-4.24331119575e-05, 0.00071019626921, -0.000179710827069, 0.000528470613062, -0.000188011021237, 0.000311143317958, -0.00046801782446, 0.000600053113885, -0.0004382058396, 0.000680391211063, -0.000962724501733, 0.0012398638064, -0.00107614113949], [1.34834390337e-05, -0.000179710827069, 0.000809138524346, -0.00063573179068, -2.6087549486e-05, -0.00044057102059, 1.31102433443e-05, 9.45884094108e-05, -0.000267242430709, 0.00014986449969, 0.000572174263652, -0.000897802761756, 0.0010358185973], [9.29317684495e-06, 0.000528470613062, -0.00063573179068, 0.00271693244576, -0.00145603681449, -0.000118529729662, 0.000738917908166, 0.000102072459413, -0.00017895064957, 0.000355745200068, -0.000806960044429, 0.00176965212449, -0.00229485961609], [5.23853814229e-05, -0.000188011021237, -2.6087549486e-05, -0.00145603681449, 0.00365503272042, -0.000828740769066, -0.00124586897437, 0.000999921117909, -0.00067975820275, 0.00099646311719, -0.000638002646156, 0.000168807790033, 0.0011007237481], [-0.000217211825657, 0.000311143317958, -0.00044057102059, -0.000118529729662, -0.000828740769066, 0.00423359870911, -0.00229463260621, -0.00134088657796, 0.000688372529112, -0.00203316379339, 0.00172190589365, -0.000339208403602, -8.18923217594e-05], [0.00029529366293, -0.00046801782446, 1.31102433443e-05, 0.000738917908166, -0.00124586897437, -0.00229463260621, 0.00710775982589, -0.00319188693538, -0.00145793578122, 0.00315107568167, -0.00211368291639, 0.00047325482592, 0.000294365599984], [-0.000173515640199, 0.000600053113885, 9.45884094108e-05, 0.000102072459413, 0.000999921117909, -0.00134088657796, -0.00319188693538, 0.0100431041792, -0.00385532528162, -6.17993500782e-05, 0.000402957753977, -0.00153686106205, 0.00130819133483], [-7.94367515482e-05, -0.0004382058396, -0.000267242430709, -0.00017895064957, -0.00067975820275, 0.000688372529112, -0.00145793578122, -0.00385532528162, 0.0115736769512, -0.00810401141644, -0.000411848159274, 0.00322307553142, -0.00383046315983], [-4.89070771437e-05, 0.000680391211063, 0.00014986449969, 0.000355745200068, 0.00099646311719, -0.00203316379339, 0.00315107568167, -6.17993500782e-05, -0.00810401141644, 0.020436886698, -0.00803826749325, -0.00325840967707, 0.00575482985005], [0.000325730710756, -0.000962724501733, 0.000572174263652, -0.000806960044429, -0.000638002646156, 0.00172190589365, -0.00211368291639, 0.000402957753977, -0.000411848159274, -0.00803826749325, 0.0147671354935, -0.00310402759351, -0.0037396796979], [-0.000127680934384, 0.0012398638064, -0.000897802761756, 0.00176965212449, 0.000168807790033, -0.000339208403602, 0.00047325482592, -0.00153686106205, 0.00322307553142, -0.00325840967707, -0.00310402759351, 0.0173588730395, -0.00818885117769], [5.84883237025e-05, -0.00107614113949, 0.0010358185973, -0.00229485961609, 0.0011007237481, -8.18923217594e-05, 0.000294365599984, 0.00130819133483, -0.00383046315983, 0.00575482985005, -0.0037396796979, -0.00818885117769, 0.0177119802684]]}, "melbands": {"dmean": [0.00628075748682, 0.00649098679423, 0.00205323821865, 0.000846239854582, 0.000143124590977, 8.24384114821e-05, 5.78080507694e-05, 5.04509553139e-05, 4.84454503749e-05, 3.40767364833e-05, 5.13659833814e-05, 2.60691613221e-05, 2.25252897508e-05, 2.02951869142e-05, 2.40041954385e-05, 2.23226088565e-05, 3.21257975884e-05, 2.20499841816e-05, 1.34103947858e-05, 1.55191009981e-05, 1.10759701784e-05, 8.75659497979e-06, 7.80779646448e-06, 6.08289155934e-06, 5.96501331529e-06, 5.3544417824e-06, 7.44371936889e-06, 5.28846567249e-06, 4.25465350418e-06, 4.63469314127e-06, 3.88938633478e-06, 5.30155239176e-06, 4.68410780741e-06, 5.00138685311e-06, 6.15779981672e-06, 5.60373518965e-06, 4.84426391267e-06, 4.66939309263e-06, 4.8507745305e-06, 4.38531196778e-06], "dmean2": [0.00862117018551, 0.0108354045078, 0.00346380681731, 0.001517554163, 0.000233635073528, 0.000131123553729, 9.38905504881e-05, 8.67651979206e-05, 7.80491391197e-05, 5.6321889133e-05, 8.26596005936e-05, 3.98908159696e-05, 3.55144802597e-05, 3.22475389112e-05, 3.66886561096e-05, 3.61898419214e-05, 5.25516115886e-05, 3.79707416869e-05, 2.27620294027e-05, 2.67464001809e-05, 1.88798931049e-05, 1.46013635458e-05, 1.32340464916e-05, 1.01274590634e-05, 1.00151073639e-05, 8.64107369125e-06, 1.18066400319e-05, 8.47682531457e-06, 6.94043956173e-06, 7.6344322224e-06, 6.01636702413e-06, 8.33502508613e-06, 7.32314765628e-06, 7.550344435e-06, 9.55501309363e-06, 8.67135349836e-06, 7.45549323256e-06, 7.1080194175e-06, 7.34095738153e-06, 6.68364782541e-06], "dvar": [0.000161835676408, 0.000193310464965, 3.42262283084e-05, 8.07348442322e-06, 1.41611437243e-07, 3.80519900034e-08, 4.28981259404e-08, 2.96738917882e-08, 3.31060903136e-08, 1.00790273905e-08, 3.20151727351e-08, 4.07585121209e-09, 2.92053470297e-09, 3.6765754885e-09, 8.20227352705e-09, 7.20006854138e-09, 1.38274289796e-08, 4.04838518264e-09, 2.15382156554e-09, 2.46644593638e-09, 8.78196959597e-10, 3.91921634035e-10, 4.07687855697e-10, 2.13217193901e-10, 1.56108681537e-10, 1.29339941535e-10, 2.25222507311e-10, 1.19419696354e-10, 8.96954385765e-11, 8.95337901041e-11, 6.08037023508e-11, 1.70347291828e-10, 1.11814488224e-10, 1.33152919246e-10, 2.16363760241e-10, 1.69239761094e-10, 1.16260008565e-10, 1.03568473242e-10, 1.18176593511e-10, 9.24393825374e-11], "dvar2": [0.000355398282409, 0.000551645352971, 8.68172064656e-05, 2.25214371312e-05, 3.63496241107e-07, 9.23950480569e-08, 1.12314779699e-07, 8.69045919671e-08, 9.2807617591e-08, 2.82167551546e-08, 7.14157550874e-08, 8.97340868278e-09, 7.34469374208e-09, 9.50086498364e-09, 1.58327093658e-08, 1.72660481468e-08, 3.14759347475e-08, 1.09871187703e-08, 5.94509996787e-09, 6.82962530973e-09, 2.4392381448e-09, 1.04624320318e-09, 1.11217668408e-09, 5.70895664076e-10, 4.42244518783e-10, 3.28423926943e-10, 5.45850642464e-10, 2.98162855517e-10, 2.33427416285e-10, 2.29782165517e-10, 1.33986835515e-10, 4.2731140848e-10, 2.72911221399e-10, 3.07893349705e-10, 5.10691822164e-10, 4.03204997168e-10, 2.76827255563e-10, 2.29458355094e-10, 2.6714427892e-10, 2.09143424801e-10], "max": [0.143475815654, 0.139905527234, 0.0755085945129, 0.0392131209373, 0.00869673024863, 0.00366535014473, 0.00483550596982, 0.00365071534179, 0.00439777877182, 0.00270821992308, 0.00422390829772, 0.00114771863446, 0.00102151778992, 0.00235803774558, 0.00204558251426, 0.0017496496439, 0.00276933889836, 0.000935780524742, 0.00081681687152, 0.000708852312528, 0.000537382205948, 0.000340680009685, 0.00045225356007, 0.000304716551909, 0.000211149890674, 0.000216442989768, 0.000241637171712, 0.000155099609401, 0.000159792543855, 0.000182615258382, 0.00015998595336, 0.000302126223687, 0.0001559046068, 0.000431302934885, 0.000260352331679, 0.000195319080376, 0.000198809852009, 0.000182483869139, 0.000177164765773, 0.000108040774649], "mean": [0.00941129401326, 0.00841121189296, 0.00190461648162, 0.00067288230639, 0.000175648034201, 0.00010745489999, 6.97359064361e-05, 5.50268487132e-05, 6.2750550569e-05, 4.35079055023e-05, 6.23835949227e-05, 4.32661508967e-05, 3.62158061762e-05, 2.62327539531e-05, 2.68081075774e-05, 2.23312636081e-05, 3.18559104926e-05, 2.03344316105e-05, 1.2185477317e-05, 1.38984059959e-05, 1.10301907625e-05, 9.16616500035e-06, 7.59600197853e-06, 6.20798618911e-06, 7.26158850739e-06, 7.01558610672e-06, 9.71966892394e-06, 6.61188687445e-06, 5.13406030223e-06, 5.38929862159e-06, 5.0260127864e-06, 6.18479816694e-06, 5.87148906561e-06, 6.55332905808e-06, 6.76124864185e-06, 6.00488647251e-06, 5.58707642995e-06, 5.36849120181e-06, 5.4563906815e-06, 4.69941460324e-06], "median": [0.00221861852333, 0.00334106246009, 0.000548962678295, 0.000112357534817, 2.13608618651e-05, 1.43378729263e-05, 1.17259260151e-05, 1.0472476788e-05, 1.26819249999e-05, 9.98073937808e-06, 1.07500673039e-05, 8.66048594617e-06, 6.60506839267e-06, 6.86500789016e-06, 5.27009706275e-06, 4.70817121823e-06, 4.07303014072e-06, 2.7496275834e-06, 1.98293582798e-06, 2.55631402979e-06, 2.16834723687e-06, 1.8451150936e-06, 1.62266019288e-06, 1.74731394509e-06, 2.30468617701e-06, 2.39379482991e-06, 2.44410284722e-06, 1.79623816621e-06, 1.22738128994e-06, 1.43231363836e-06, 1.24097971366e-06, 1.23046334011e-06, 9.87029352473e-07, 1.06590005089e-06, 1.14148610919e-06, 9.4008294127e-07, 1.00461511465e-06, 8.69695099937e-07, 7.88342049418e-07, 7.0427773835e-07], "min": [2.46443822883e-23, 1.36305303661e-23, 1.1281984955e-23, 1.18948257487e-23, 5.36506037135e-24, 1.97985028331e-23, 6.02522059203e-24, 8.90761381564e-24, 5.95251759329e-24, 7.27929446674e-24, 9.72821532825e-24, 1.41805920312e-23, 1.25852620565e-23, 1.70231876166e-23, 1.68217235855e-23, 7.81275928731e-24, 1.02324915065e-23, 1.14486184106e-23, 6.68316411358e-24, 1.01473047839e-23, 7.93981559129e-24, 9.50029605779e-24, 7.28743393356e-24, 8.62233489104e-24, 6.46436723063e-24, 6.49735621039e-24, 1.27221081243e-23, 1.54263248852e-23, 1.26808940864e-23, 1.56047967764e-23, 1.01054935782e-23, 8.11826618324e-24, 1.0251719991e-23, 9.55715399639e-24, 7.70347601953e-24, 7.40314641772e-24, 8.76117125492e-24, 1.26101813837e-23, 1.66139234235e-23, 9.62836368145e-24], "var": [0.000336037337547, 0.000222810340347, 2.67133491434e-05, 5.13065288033e-06, 2.04578498142e-07, 7.85274281156e-08, 4.2095063435e-08, 2.33612702516e-08, 3.58034881742e-08, 1.05199280398e-08, 3.93980812419e-08, 9.5002983258e-09, 6.72889255426e-09, 4.02405131439e-09, 1.17335030581e-08, 7.05638036891e-09, 1.50831702683e-08, 3.33591287927e-09, 1.64167324179e-09, 1.81268222654e-09, 6.95218049795e-10, 3.9143724373e-10, 3.43759437582e-10, 1.79639872422e-10, 1.75169045935e-10, 2.03575351021e-10, 3.86950332887e-10, 1.65789576512e-10, 9.8198581211e-11, 1.00038609341e-10, 9.06033720272e-11, 1.89777221715e-10, 1.52909102047e-10, 2.14975301449e-10, 2.5320101571e-10, 1.9654761152e-10, 1.43819775533e-10, 1.32403032982e-10, 1.44495485022e-10, 1.10086426086e-10]}, "mfcc": {"mean": [-703.201843262, 84.4814529419, 32.6197776794, 34.8291358948, 20.7532367706, 21.823841095, 20.716878891, 13.3943223953, 7.8101234436, 8.51411151886, 3.92974352837, 0.577410757542, 0.93391263485], "cov": [[17437.3671875, -891.946838379, -184.54548645, -1197.75341797, -347.604431152, -59.6717910767, -323.396606445, 96.0040054321, 247.687896729, 134.054077148, -72.9345779419, -135.195480347, -245.012268066], [-891.946838379, 2685.06811523, -229.710708618, 43.5028800964, -189.267242432, -138.333053589, 32.3266906738, -95.7387695312, -8.48803806305, -50.6967124939, 43.2644309998, 69.5444335938, 99.8928909302], [-184.54548645, -229.710708618, 1296.35058594, 260.438873291, 304.134460449, 319.254058838, 156.870697021, 193.745285034, 154.623718262, 122.077011108, 40.2580413818, 27.0812034607, -35.4737892151], [-1197.75341797, 43.5028800964, 260.438873291, 697.719543457, 338.855041504, 138.290756226, 93.2644271851, 9.00076389313, 2.44586157799, -8.88655853271, -5.95855045319, 16.349363327, 26.5757102966], [-347.604431152, -189.267242432, 304.134460449, 338.855041504, 440.629302979, 258.787506104, 130.991867065, 91.2225112915, 73.6739196777, 68.6437835693, 23.1966190338, 12.6319141388, -11.0361480713], [-59.6717910767, -138.333053589, 319.254058838, 138.290756226, 258.787506104, 391.228118896, 225.49458313, 189.034164429, 142.545547485, 122.991844177, 66.9027023315, 27.6422252655, -0.494974374771], [-323.396606445, 32.3266906738, 156.870697021, 93.2644271851, 130.991867065, 225.49458313, 291.839996338, 203.778930664, 117.266921997, 102.128219604, 61.0275001526, 26.4928474426, 13.3082914352], [96.0040054321, -95.7387695312, 193.745285034, 9.00076389313, 91.2225112915, 189.034164429, 203.778930664, 270.248931885, 176.477920532, 139.283218384, 72.3306808472, 25.4909477234, 12.6192741394], [247.687896729, -8.48803806305, 154.623718262, 2.44586157799, 73.6739196777, 142.545547485, 117.266921997, 176.477920532, 192.644607544, 140.486083984, 65.9127349854, 26.2735958099, 10.3567934036], [134.054077148, -50.6967124939, 122.077011108, -8.88655853271, 68.6437835693, 122.991844177, 102.128219604, 139.283218384, 140.486083984, 202.670898438, 116.823158264, 49.9917526245, 22.973192215], [-72.9345779419, 43.2644309998, 40.2580413818, -5.95855045319, 23.1966190338, 66.9027023315, 61.0275001526, 72.3306808472, 65.9127349854, 116.823158264, 135.397003174, 77.2356338501, 36.5353050232], [-135.195480347, 69.5444335938, 27.0812034607, 16.349363327, 12.6319141388, 27.6422252655, 26.4928474426, 25.4909477234, 26.2735958099, 49.9917526245, 77.2356338501, 99.6346817017, 53.9464683533], [-245.012268066, 99.8928909302, -35.4737892151, 26.5757102966, -11.0361480713, -0.494974374771, 13.3082914352, 12.6192741394, 10.3567934036, 22.973192215, 36.5353050232, 53.9464683533, 88.793800354]], "icov": [[7.24724814063e-05, 1.01484201878e-05, 1.32252707772e-05, 0.000113005829917, -1.46618613144e-05, -4.77837384096e-05, 0.000141171200085, -2.53217876889e-05, -0.0001355332206, -3.48287758243e-05, 9.7495088994e-05, -5.50024415134e-05, 0.00015849256306], [1.01484201878e-05, 0.000459337403299, 3.93514119423e-06, -8.12603175291e-05, 0.000228383520152, 0.000189355137991, -0.000533831247594, 0.0007163338596, -0.000732748885639, 0.000435598689364, -0.00036043280852, 2.62154844677e-05, -0.000350067391992], [1.32252707772e-05, 3.93514119423e-06, 0.00110621587373, -0.000289037125185, -9.38050434343e-05, -0.000683878315613, 0.000562887231354, -0.000656939519104, -1.67185644386e-05, -0.000321741885273, 0.00062926026294, -0.000813493097667, 0.000874554621987], [0.000113005829917, -8.12603175291e-05, -0.000289037125185, 0.00294040027075, -0.00248986226507, 0.000758806185331, -0.000771304883529, 0.000812782091089, -0.000350742950104, 0.000773914973252, -0.000101949539385, 0.000359260855475, -0.0012330703903], [-1.46618613144e-05, 0.000228383520152, -9.38050434343e-05, -0.00248986226507, 0.00625673681498, -0.00335255172104, 0.000497747852933, 0.000331673945766, 0.00022756306862, -0.00133348605596, 0.0011998929549, -0.000922373263165, 0.00143270287663], [-4.77837384096e-05, 0.000189355137991, -0.000683878315613, 0.000758806185331, -0.00335255172104, 0.00799084920436, -0.00416592508554, 0.00060105038574, -0.00210614898242, 0.000712057924829, -0.00148315238766, 0.000563085544854, -0.000348788016709], [0.000141171200085, -0.000533831247594, 0.000562887231354, -0.000771304883529, 0.000497747852933, -0.00416592508554, 0.0111231263727, -0.00821810401976, 0.00350790307857, -0.000924614141695, 0.000617590383627, -0.000698030169588, 0.000985331833363], [-2.53217876889e-05, 0.0007163338596, -0.000656939519104, 0.000812782091089, 0.000331673945766, 0.00060105038574, -0.00821810401976, 0.0170817673206, -0.0107611808926, 0.000829232507385, -0.00193106988445, 0.00210605468601, -0.00197715009563], [-0.0001355332206, -0.000732748885639, -1.67185644386e-05, -0.000350742950104, 0.00022756306862, -0.00210614898242, 0.00350790307857, -0.0107611808926, 0.0200835801661, -0.00939706154168, 0.00437302514911, -0.00168190547265, 0.000880043022335], [-3.48287758243e-05, 0.000435598689364, -0.000321741885273, 0.000773914973252, -0.00133348605596, 0.000712057924829, -0.000924614141695, 0.000829232507385, -0.00939706154168, 0.0188418459147, -0.0138613721356, 0.00436674477533, -0.00181573187001], [9.7495088994e-05, -0.00036043280852, 0.00062926026294, -0.000101949539385, 0.0011998929549, -0.00148315238766, 0.000617590383627, -0.00193106988445, 0.00437302514911, -0.0138613721356, 0.0265469178557, -0.0155015746132, 0.00285027129576], [-5.50024415134e-05, 2.62154844677e-05, -0.000813493097667, 0.000359260855475, -0.000922373263165, 0.000563085544854, -0.000698030169588, 0.00210605468601, -0.00168190547265, 0.00436674477533, -0.0155015746132, 0.026127288118, -0.0113488491625], [0.00015849256306, -0.000350067391992, 0.000874554621987, -0.0012330703903, 0.00143270287663, -0.000348788016709, 0.000985331833363, -0.00197715009563, 0.000880043022335, -0.00181573187001, 0.00285027129576, -0.0113488491625, 0.0192104056478]]}, "spectral_contrast_coeffs": {"dmean": [0.0640917047858, 0.0482246652246, 0.0405264049768, 0.0342133641243, 0.0243978556246, 0.0194302294403], "dmean2": [0.103604868054, 0.0786498561502, 0.0636343955994, 0.0538399666548, 0.0381774753332, 0.0302716102451], "dvar": [0.00339921447448, 0.00171474250965, 0.0013884594664, 0.000973714864813, 0.000489316007588, 0.000349681504304], "dvar2": [0.00893392600119, 0.00430432287976, 0.00314854620956, 0.00214432296343, 0.0010910090059, 0.000751232961193], "max": [-0.227802425623, -0.450282484293, -0.42496162653, -0.531847000122, -0.574026584625, -0.61835706234], "mean": [-0.617340564728, -0.776642203331, -0.792473137379, -0.810086369514, -0.806822955608, -0.794702172279], "median": [-0.613049268723, -0.786862194538, -0.805158853531, -0.821064829826, -0.817335963249, -0.799458086491], "min": [-0.990392804146, -0.95982170105, -0.970735609531, -0.966194689274, -0.960641980171, -0.959158599377], "var": [0.0103945210576, 0.00609938055277, 0.00650235405192, 0.00363860512152, 0.00250152568333, 0.00166353734676]}, "spectral_contrast_valleys": {"dmean": [0.585262835026, 0.642376303673, 0.594639420509, 0.61483591795, 0.590818166733, 0.689708411694], "dmean2": [0.870546042919, 0.935207545757, 0.861048281193, 0.874110639095, 0.787109494209, 0.848313391209], "dvar": [0.438974678516, 0.45175665617, 0.419398367405, 0.461905390024, 0.427238583565, 0.579048931599], "dvar2": [0.857081472874, 0.89374434948, 0.846496284008, 0.923087716103, 0.874660909176, 1.14925420284], "max": [-4.87067890167, -4.56669139862, -5.01448774338, -5.12