{"lowlevel": {"average_loudness": 0.36100050807, "barkbands_crest": {"dmean": 2.43562364578, "dmean2": 4.1232624054, "dvar": 5.57623434067, "dvar2": 16.1860752106, "max": 26.1908073425, "mean": 13.1866416931, "median": 12.4238452911, "min": 3.44008111954, "var": 22.9074192047}, "barkbands_flatness_db": {"dmean": 0.0232030898333, "dmean2": 0.0393313504755, "dvar": 0.000466120050987, "dvar2": 0.00129542662762, "max": 0.522728085518, "mean": 0.363188236952, "median": 0.366911113262, "min": 0.0591710023582, "var": 0.00306662567891}, "barkbands_kurtosis": {"dmean": 2.36813044548, "dmean2": 3.92335820198, "dvar": 16.8403396606, "dvar2": 45.0104751587, "max": 123.264732361, "mean": 4.74133062363, "median": 2.78508806229, "min": -1.7767572403, "var": 51.1905708313}, "barkbands_skewness": {"dmean": 0.448602646589, "dmean2": 0.724996805191, "dvar": 0.238810181618, "dvar2": 0.609241425991, "max": 8.26682567596, "mean": 1.18186819553, "median": 1.1901679039, "min": -5.73055315018, "var": 1.14299619198}, "barkbands_spread": {"dmean": 1.1296236515, "dmean2": 1.86707603931, "dvar": 1.56686079502, "dvar2": 3.91664075851, "max": 31.2705574036, "mean": 5.09516525269, "median": 4.35095691681, "min": 0.445855200291, "var": 10.1797542572}, "dissonance": {"dmean": 0.041080545634, "dmean2": 0.0705750137568, "dvar": 0.00149602047168, "dvar2": 0.00405038800091, "max": 0.500000059605, "mean": 0.387607514858, "median": 0.395431876183, "min": 0.124737620354, "var": 0.00373724312522}, "dynamic_complexity": 5.47041511536, "erbbands_crest": {"dmean": 2.2227537632, "dmean2": 3.55830955505, "dvar": 5.25668954849, "dvar2": 12.9986934662, "max": 32.5301628113, "mean": 14.2795619965, "median": 13.0192527771, "min": 2.77725315094, "var": 35.2808113098}, "erbbands_flatness_db": {"dmean": 0.0153413554654, "dmean2": 0.0247718635947, "dvar": 0.000243944741669, "dvar2": 0.000579388579354, "max": 0.559291601181, "mean": 0.385853350163, "median": 0.389733374119, "min": 0.0835989713669, "var": 0.00270326831378}, "erbbands_kurtosis": {"dmean": 1.20743775368, "dmean2": 1.86759114265, "dvar": 4.47462034225, "dvar2": 9.13290596008, "max": 84.8363418579, "mean": 2.06137561798, "median": 0.500261068344, "min": -1.82931435108, "var": 27.4521255493}, "erbbands_skewness": {"dmean": 0.329456746578, "dmean2": 0.51966637373, "dvar": 0.123647749424, "dvar2": 0.292477697134, "max": 5.38898468018, "mean": 0.73036801815, "median": 0.640255391598, "min": -7.56699991226, "var": 1.00558531284}, "erbbands_spread": {"dmean": 2.01856613159, "dmean2": 3.16678333282, "dvar": 4.35439872742, "dvar2": 11.1288833618, "max": 42.0952377319, "mean": 12.4041194916, "median": 11.6932678223, "min": 0.451129645109, "var": 36.4841117859}, "hfc": {"dmean": 2.08011269569, "dmean2": 3.02428388596, "dvar": 19.1389579773, "dvar2": 36.2325248718, "max": 129.015670776, "mean": 8.07708644867, "median": 4.23943519592, "min": 1.11181385838e-16, "var": 122.944564819}, "melbands_crest": {"dmean": 2.80514073372, "dmean2": 4.72478818893, "dvar": 7.27665138245, "dvar2": 21.2383537292, "max": 33.7365875244, "mean": 16.083940506, "median": 15.3136796951, "min": 1.64255905151, "var": 28.6781692505}, "melbands_flatness_db": {"dmean": 0.0261345915496, "dmean2": 0.0438134819269, "dvar": 0.000670195324346, "dvar2": 0.00171475938987, "max": 0.67188835144, "mean": 0.483684659004, "median": 0.491212666035, "min": 0.00319654098712, "var": 0.00592455267906}, "melbands_kurtosis": {"dmean": 2.86623978615, "dmean2": 4.75042533875, "dvar": 19.6873779297, "dvar2": 53.5945053101, "max": 119.631324768, "mean": 6.30365896225, "median": 4.09767818451, "min": -1.82988893986, "var": 72.5722579956}, "melbands_skewness": {"dmean": 0.453492224216, "dmean2": 0.725479125977, "dvar": 0.21325597167, "dvar2": 0.547399640083, "max": 7.81029319763, "mean": 1.51592326164, "median": 1.49184274673, "min": -4.19193649292, "var": 1.23866486549}, "melbands_spread": {"dmean": 1.70435035229, "dmean2": 2.81810188293, "dvar": 6.79876995087, "dvar2": 15.4191532135, "max": 150.532531738, "mean": 7.92082071304, "median": 6.20274543762, "min": 0.660565495491, "var": 114.609809875}, "pitch_salience": {"dmean": 0.0583068951964, "dmean2": 0.0970117002726, "dvar": 0.00318849645555, "dvar2": 0.00904123391956, "max": 0.889783680439, "mean": 0.48115926981, "median": 0.477051764727, "min": 0.0846509709954, "var": 0.0128376884386}, "silence_rate_20dB": {"dmean": 0, "dmean2": 0, "dvar": 0, "dvar2": 0, "max": 1, "mean": 1, "median": 1, "min": 1, "var": 0}, "silence_rate_30dB": {"dmean": 0.00529193878174, "dmean2": 0.0105857448652, "dvar": 0.00526414858177, "dvar2": 0.0125906541944, "max": 1, "mean": 0.992239832878, "median": 1, "min": 0, "var": 0.00770038506016}, "silence_rate_60dB": {"dmean": 0.0268124882132, "dmean2": 0.0536344386637, "dvar": 0.0260923374444, "dvar2": 0.0578159727156, "max": 1, "mean": 0.178835973144, "median": 0, "min": 0, "var": 0.146854683757}, "spectral_centroid": {"dmean": 48.3566474915, "dmean2": 79.421043396, "dvar": 20449.1660156, "dvar2": 40326.671875, "max": 11893.7148438, "mean": 523.25982666, "median": 444.301086426, "min": 205.51524353, "var": 710433.6875}, "spectral_complexity": {"dmean": 1.20938432217, "dmean2": 1.97035992146, "dvar": 1.64695429802, "dvar2": 3.55412197113, "max": 25, "mean": 8.55925941467, "median": 9, "min": 0, "var": 17.8830795288}, "spectral_decrease": {"dmean": 1.23361709736e-09, "dmean2": 1.9292096809e-09, "dvar": 4.58710568508e-18, "dvar2": 1.03388576844e-17, "max": 1.98069340124e-28, "mean": -4.46160530743e-09, "median": -2.79328071784e-09, "min": -6.30681924463e-08, "var": 2.85983502371e-17}, "spectral_energy": {"dmean": 0.00483429990709, "dmean2": 0.00754170352593, "dvar": 7.137664943e-05, "dvar2": 0.000159583607456, "max": 0.24973616004, "mean": 0.0175716951489, "median": 0.0109709054232, "min": 1.02194392285e-20, "var": 0.000447361671831}, "spectral_energyband_high": {"dmean": 1.90384082543e-06, "dmean2": 2.56668135989e-06, "dvar": 2.03522546038e-10, "dvar2": 4.41465197731e-10, "max": 0.000575776037294, "mean": 2.38356324189e-06, "median": 2.49992595514e-08, "min": 7.35956808155e-21, "var": 2.60374971583e-10}, "spectral_energyband_low": {"dmean": 0.000733319437131, "dmean2": 0.00122270127758, "dvar": 1.98139446184e-06, "dvar2": 5.09483288624e-06, "max": 0.0350194461644, "mean": 0.00206341268495, "median": 0.000794318562839, "min": 1.92093089339e-23, "var": 1.0921449757e-05}, "spectral_energyband_middle_high": {"dmean": 0.00056798272999, "dmean2": 0.000755648186896, "dvar": 3.72182694264e-06, "dvar2": 6.16315446678e-06, "max": 0.0629662573338, "mean": 0.00176721042953, "median": 0.000589851173572, "min": 1.13683615954e-21, "var": 1.76976409421e-05}, "spectral_energyband_middle_low": {"dmean": 0.00439706491306, "dmean2": 0.00701609160751, "dvar": 6.45283143967e-05, "dvar2": 0.000150668420247, "max": 0.24149081111, "mean": 0.0144892390817, "median": 0.00829876586795, "min": 1.81421978547e-22, "var": 0.000374585273676}, "spectral_entropy": {"dmean": 0.169585779309, "dmean2": 0.280129224062, "dvar": 0.0349664092064, "dvar2": 0.0906823351979, "max": 9.82047939301, "mean": 5.59014129639, "median": 5.56033706665, "min": 4.09670352936, "var": 0.276908606291}, "spectral_flux": {"dmean": 0.0148155624047, "dmean2": 0.023352554068, "dvar": 0.000422244309448, "dvar2": 0.00100984540768, "max": 0.281020522118, "mean": 0.0393421761692, "median": 0.033132687211, "min": 6.36992750214e-11, "var": 0.000959628319833}, "spectral_kurtosis": {"dmean": 35.6819000244, "dmean2": 62.1575584412, "dvar": 1076.79089355, "dvar2": 3004.80444336, "max": 396.177154541, "mean": 116.536483765, "median": 111.357711792, "min": -1.26648879051, "var": 4558.33203125}, "spectral_rms": {"dmean": 0.00051050685579, "dmean2": 0.0008022065158, "dvar": 3.91325016835e-07, "dvar2": 9.00033455764e-07, "max": 0.0156091330573, "mean": 0.00356462597847, "median": 0.00327159324661, "min": 3.15755993401e-12, "var": 4.43653243565e-06}, "spectral_rolloff": {"dmean": 78.4819335938, "dmean2": 142.331039429, "dvar": 74637.1484375, "dvar2": 156357.671875, "max": 19573.6816406, "mean": 699.564697266, "median": 559.86328125, "min": 172.265625, "var": 2067500.75}, "spectral_skewness": {"dmean": 1.8465038538, "dmean2": 3.27153849602, "dvar": 2.44008302689, "dvar2": 6.99136066437, "max": 16.276599884, "mean": 7.37089967728, "median": 7.40828037262, "min": -0.106332428753, "var": 8.74587631226}, "spectral_spread": {"dmean": 312695.8125, "dmean2": 559086.6875, "dvar": 213648818176, "dvar2": 377725845504, "max": 42376204, "mean": 1160999.5, "median": 831718.375, "min": 220143.171875, "var": 9981549084670.0}, "spectral_strongpeak": {"dmean": 0.353120416403, "dmean2": 0.574620783329, "dvar": 0.367451757193, "dvar2": 0.795997142792, "max": 10.1713600159, "mean": 1.12928187847, "median": 0.689570069313, "min": 0, "var": 1.56818926334}, "zerocrossingrate": {"dmean": 0.00220971158706, "dmean2": 0.00297052110545, "dvar": 4.85729397042e-05, "dvar2": 9.92307323031e-05, "max": 0.525390625, "mean": 0.0249660704285, "median": 0.021484375, "min": 0.00390625, "var": 0.0014421219239}, "barkbands": {"dmean": [1.84033779078e-05, 0.000110160035547, 0.000406435574405, 0.000504518509842, 0.00145766488276, 0.00154592224862, 0.00104586954694, 0.00106362137012, 0.000290865864372, 0.000185772340046, 0.00015037128469, 0.000131197200972, 0.000154475361342, 4.49640829174e-05, 3.09842544084e-05, 1.49616280396e-05, 1.06826237243e-05, 2.89657168651e-06, 3.70666998606e-06, 1.02584010619e-06, 6.34351579265e-07, 3.73654131636e-07, 1.07376450842e-07, 1.29961222228e-07, 8.72040040178e-09, 1.69473712841e-09, 8.87618534229e-10], "dmean2": [3.27434281644e-05, 0.000179206224857, 0.000660248915665, 0.000904284301214, 0.00246652169153, 0.00255647534505, 0.001678528497, 0.00146228505764, 0.000355343654519, 0.000266486138571, 0.000206229320611, 0.000173071908648, 0.000208852739888, 6.79298391333e-05, 4.52567619504e-05, 2.16485386773e-05, 1.6320767827e-05, 4.26505403084e-06, 5.30565921508e-06, 1.46351555941e-06, 8.87115390924e-07, 5.1547857538e-07, 1.68357729535e-07, 1.90465442529e-07, 1.52069858927e-08, 3.00275870835e-09, 1.58467405864e-09], "dvar": [7.9606721215e-10, 7.32469516151e-08, 7.94021104866e-07, 1.06219431473e-06, 8.69740233611e-06, 2.07010016311e-05, 1.43137967825e-05, 1.99914829864e-05, 7.72857106313e-07, 7.00431769474e-07, 1.90974583347e-06, 2.50251190437e-07, 5.90487161389e-07, 3.0040443022e-08, 9.36116517636e-09, 3.0748283919e-09, 1.96868610303e-09, 8.89350537658e-11, 3.60501017926e-10, 4.55117506182e-11, 2.43287074514e-11, 7.14163580703e-12, 7.7725716488e-13, 4.98614821307e-12, 3.1216575955e-14, 6.11318183473e-16, 5.98215323278e-18], "dvar2": [2.43094944175e-09, 1.67547298702e-07, 1.71177055108e-06, 3.5364487303e-06, 2.46944946412e-05, 6.10587594565e-05, 3.46789274772e-05, 3.65773958038e-05, 1.15033310522e-06, 1.32907530315e-06, 3.07399341182e-06, 4.10053530686e-07, 9.60539409789e-07, 6.69216362326e-08, 1.93563458595e-08, 6.32950536428e-09, 4.97852292725e-09, 1.82958370676e-10, 6.63152366354e-10, 1.02080247033e-10, 5.24752498399e-11, 1.55599942653e-11, 1.83232335554e-12, 1.11965410901e-11, 8.54568287878e-14, 1.70282389755e-15, 1.7136388076e-17], "max": [0.000381581368856, 0.00587472692132, 0.0251132454723, 0.0155469756573, 0.0638646483421, 0.120887577534, 0.118199817836, 0.176481887698, 0.0374217070639, 0.0214053504169, 0.0581831112504, 0.013181399554, 0.0300048664212, 0.00602525705472, 0.00375442928635, 0.00251965038478, 0.00132956833113, 0.000225543495617, 0.000694835849572, 0.000233587692492, 0.000172298736288, 9.46800646489e-05, 2.46011550189e-05, 0.000109325403173, 7.65485219745e-06, 1.08722622372e-06, 1.0239132564e-07], "mean": [1.9702129066e-05, 0.000233701881371, 0.00107143446803, 0.00109855795745, 0.00266038882546, 0.00351841165684, 0.00251557445154, 0.00374542316422, 0.000927736051381, 0.000422032928327, 0.000433884939412, 0.000284893525532, 0.000403176381951, 9.61707992246e-05, 6.90126689733e-05, 3.41942795785e-05, 2.15215968637e-05, 5.84630151934e-06, 7.12496284905e-06, 1.48921276377e-06, 7.78384105615e-07, 4.3521004045e-07, 1.01763234284e-07, 1.1623573215e-07, 6.81252076973e-09, 1.740906308e-09, 1.77503400867e-09], "median": [9.03254476725e-06, 5.17041116836e-05, 0.000272807548754, 0.000421414268203, 0.000923264888115, 0.000802401569672, 0.000385245191865, 0.000485031167045, 0.000184755190276, 5.33782913408e-05, 5.01372851431e-05, 8.2328064309e-05, 9.84419893939e-05, 1.51192325575e-05, 1.62767319125e-05, 6.20733953838e-06, 2.75699221675e-06, 5.12953590714e-07, 1.9258050088e-07, 3.11732186731e-08, 4.54210358214e-09, 1.66585922834e-09, 8.00652211197e-10, 6.42657371763e-10, 6.57131238313e-10, 6.40315134248e-10, 1.24056920292e-09], "min": [2.71533417756e-25, 3.62795000387e-24, 4.5110466551e-24, 1.29086003644e-24, 7.95734644719e-24, 1.51296216769e-23, 9.5261217861e-24, 1.19603209254e-23, 1.49634749485e-23, 1.88858838513e-23, 9.38599957895e-24, 2.58660643509e-23, 4.20737070533e-23, 3.48840540067e-23, 6.29514599572e-23, 7.39527816128e-23, 4.62805413333e-23, 7.01276203269e-23, 1.40425432661e-22, 1.90826134549e-22, 2.41260195787e-22, 3.09629344182e-22, 4.37561731837e-22, 6.8001445812e-22, 9.07121580499e-22, 1.35284702559e-21, 1.99998580014e-21], "var": [1.00696229133e-09, 2.62099320025e-07, 4.10248367189e-06, 2.7664366371e-06, 1.94917793124e-05, 6.44794854452e-05, 4.38276911154e-05, 0.000145086043631, 5.14314888278e-06, 2.21840878112e-06, 9.84698544926e-06, 6.01145075052e-07, 1.41660564168e-06, 8.47759409339e-08, 2.73921152427e-08, 1.04568806947e-08, 4.22795265465e-09, 2.43422865198e-10, 8.77109884723e-10, 6.10742428853e-11, 3.27679515466e-11, 9.06119970723e-12, 7.50655993528e-13, 4.91389654661e-12, 2.06543410711e-14, 4.0405634165e-16, 5.53696214556e-18]}, "erbbands": {"dmean": [0.000929910340346, 0.034756924957, 0.334060847759, 1.27211606503, 2.55163669586, 6.42275094986, 10.8390665054, 10.5789117813, 11.0946826935, 21.5339202881, 18.3208808899, 6.82543230057, 2.95687174797, 7.28322601318, 5.47436618805, 4.77553939819, 6.85140275955, 3.41241574287, 1.47014260292, 1.72406315804, 0.639068961143, 0.612435758114, 0.228570625186, 0.155341923237, 0.151515394449, 0.0442969985306, 0.0268875602633, 0.0341409482062, 0.0149711333215, 0.00531773362309, 0.0036187893711, 0.00513152964413, 0.000481135997688, 0.00015854772937, 3.89471024391e-05, 1.09836082629e-05, 3.32006766257e-06, 9.13887674869e-07, 2.28293015425e-06, 5.39966049473e-06], "dmean2": [0.00147296290379, 0.0561713129282, 0.531619608402, 2.23466467857, 4.52807998657, 11.0600576401, 18.0478744507, 16.7040061951, 18.0730876923, 32.5694007874, 24.7647953033, 8.50543117523, 4.24712371826, 10.2063055038, 7.16239404678, 6.30971860886, 9.14782047272, 5.05045795441, 2.07279729843, 2.52871060371, 0.894954204559, 0.951895415783, 0.333589792252, 0.225692540407, 0.213982135057, 0.0631109699607, 0.0391684919596, 0.0466430671513, 0.0204113032669, 0.00748933618888, 0.0055812811479, 0.00743028661236, 0.000751287385356, 0.00027413823409, 6.42470695311e-05, 1.81536615855e-05, 5.47329318579e-06, 1.49219306422e-06, 3.52141250914e-06, 8.397531019e-06], "dvar": [3.30238799506e-06, 0.00765238655731, 0.646710574627, 6.06191682816, 19.1234779358, 230.643127441, 830.038513184, 878.586608887, 1092.5246582, 9193.88769531, 5674.38818359, 476.359710693, 100.851272583, 1160.5970459, 1852.54333496, 336.101959229, 992.238037109, 184.70249939, 32.8645935059, 30.0585308075, 4.93227863312, 8.44752788544, 0.531787216663, 0.436303764582, 0.967263638973, 0.0617940761149, 0.0365908667445, 0.0829505696893, 0.00912585388869, 0.00154356355779, 0.00104890263174, 0.00705670053139, 6.531773397e-05, 1.07112618934e-05, 5.4981029507e-07, 3.09868006809e-08, 8.52477755053e-10, 3.35259563167e-11, 1.64595784918e-11, 9.03690733356e-11], "dvar2": [7.06717537469e-06, 0.0164716821164, 1.24838781357, 19.1819953918, 59.307723999, 676.065185547, 2418.58154297, 2252.97900391, 2833.52978516, 20067.03125, 10987.7695312, 747.706787109, 207.957107544, 2135.06445312, 2840.79833984, 551.231628418, 1549.81921387, 390.675537109, 63.0092010498, 63.4544715881, 10.2737665176, 21.8029975891, 1.17280328274, 0.861610352993, 1.79892909527, 0.1347463727, 0.084455922246, 0.178122729063, 0.0194743853062, 0.00327034550719, 0.00240007392131, 0.0158328060061, 0.000148284918396, 2.93489774776e-05, 1.39988048886e-06, 8.22002945711e-08, 2.34142372157e-09, 9.20554604766e-11, 3.58334022177e-11, 1.99998073658e-10], "max": [0.0560556203127, 2.31845879555, 26.3553657532, 58.9569168091, 65.2764282227, 255.425354004, 726.723327637, 1132.53417969, 802.891601562, 3594.59912109, 2994.28417969, 891.869812012, 241.585952759, 1012.89929199, 1885.60241699, 525.017578125, 1221.31054688, 422.384490967, 228.59161377, 141.790603638, 92.0045394897, 83.7608642578, 15.5049648285, 28.4252223969, 44.639995575, 7.44216251373, 6.46724224091, 10.585392952, 2.91647672653, 1.21344816685, 1.07991158962, 4.1037530899, 0.399518728256, 0.146872907877, 0.0358650796115, 0.00812328979373, 0.00119191210251, 0.000244920287514, 0.000120731274365, 0.000281962304143], "mean": [0.00262426887639, 0.0782200619578, 0.824775934219, 3.29603886604, 4.65933847427, 11.2179336548, 21.3026790619, 27.4897708893, 28.0240154266, 67.8131103516, 63.861831665, 22.4285507202, 8.17832183838, 18.1104850769, 16.3020095825, 11.3126239777, 17.7457733154, 8.41616249084, 3.61233258247, 4.02671146393, 1.59773111343, 1.2330057621, 0.489967465401, 0.331102788448, 0.267770677805, 0.0690874233842, 0.0334579795599, 0.0415984019637, 0.0180417131633, 0.00597783597186, 0.00350691284984, 0.00463120359927, 0.000455966714071, 0.0001313056855, 4.37261151092e-05, 1.84286418516e-05, 8.32812384033e-06, 2.97806172966e-06, 8.56114456838e-06, 1.97560402739e-05], "median": [0.000889155548066, 0.0216617304832, 0.251436293125, 1.31386327744, 2.42362213135, 3.09160470963, 5.02852630615, 7.73868751526, 6.80655574799, 7.64955997467, 14.189163208, 5.58858394623, 2.18661642075, 2.75946044922, 2.82028388977, 3.94146728516, 4.99105834961, 1.78019201756, 0.705215513706, 0.998408198357, 0.372088134289, 0.175591796637, 0.0542534068227, 0.0170388929546, 0.00755189685151, 0.00174940482248, 0.000515310908668, 0.000133221328724, 7.58372771088e-05, 4.12456865888e-05, 2.87629518425e-05, 2.24672003242e-05, 1.82380572369e-05, 1.44994883158e-05, 1.17184836199e-05, 8.41405380925e-06, 4.87003580929e-06, 2.06004324355e-06, 5.32217745786e-06, 1.22647943499e-05], "min": [8.85323195365e-23, 1.00497426008e-21, 5.17582095793e-21, 6.94519744669e-21, 2.06562686306e-20, 2.06460031899e-20, 7.96834845547e-20, 9.00542420975e-20, 6.4908714033e-20, 2.0949026267e-19, 3.27419903337e-19, 4.70014570605e-19, 5.01836880855e-19, 8.46800457803e-19, 8.35354914764e-19, 1.26450634952e-18, 1.41335046971e-18, 2.10010073307e-18, 2.65686835196e-18, 3.94509441574e-18, 4.02111851788e-18, 3.84519788111e-18, 4.23565897669e-18, 5.93915224864e-18, 8.34510756269e-18, 8.94703862264e-18, 1.01175802531e-17, 1.09601811666e-17, 1.17296113375e-17, 1.27067275351e-17, 1.12404779346e-17, 9.55218245209e-18, 1.22699612824e-17, 8.72215137514e-18, 6.35178922926e-18, 4.52802430983e-18, 2.22991825161e-18, 1.03070116444e-18, 2.46199194087e-19, 2.9398700135e-20], "var": [2.93234716082e-05, 0.0266753397882, 2.68495440483, 27.6113758087, 37.4299354553, 460.30770874, 2522.36450195, 3760.84277344, 3720.80566406, 47179.0742188, 31292.3574219, 2902.90820312, 353.055114746, 4440.98925781, 10048.5703125, 818.40838623, 2481.01953125, 435.82244873, 118.623001099, 84.4830322266, 19.1088886261, 16.929019928, 1.42170977592, 1.23419582844, 2.33217120171, 0.0926320254803, 0.0434248559177, 0.11158233881, 0.0123332822695, 0.00194090185687, 0.00107118533924, 0.00696464907378, 6.26628170721e-05, 7.11219809091e-06, 4.22399097033e-07, 2.28966197113e-08, 6.37703945205e-10, 2.86368220803e-11, 1.05267336514e-10, 5.7006022125e-10]}, "gfcc": {"mean": [-236.371841431, 248.073364258, -114.583908081, -55.8271751404, -17.842634201, -27.6704978943, -32.7200241089, -19.084312439, -11.7590703964, -12.9452629089, -5.8445148468, -14.8983688354, -11.3814172745], "cov": [[16177.6923828, 1358.08374023, -3843.75268555, 840.433044434, -47.1859512329, -1355.11047363, 158.972869873, -302.470703125, 260.123840332, -18.6974563599, 183.640640259, -290.37399292, -26.0453948975], [1358.08374023, 1108.40075684, 94.6915893555, -476.160308838, 328.441558838, -28.429725647, -150.841400146, 20.3812770844, -10.8396482468, -79.5117111206, -12.7192735672, -47.0166816711, 11.1085548401], [-3843.75268555, 94.6915893555, 1445.6932373, -332.193206787, 38.6551933289, 491.688659668, -77.1876525879, 53.4951667786, -89.1141357422, -67.6112060547, -98.2404403687, 37.1834106445, -6.99824762344], [840.433044434, -476.160308838, -332.193206787, 584.026245117, -139.101928711, -58.2327461243, 174.043899536, -47.7138938904, 12.6468238831, 12.3233356476, -5.63798236847, 0.222549766302, -30.5678768158], [-47.1859512329, 328.441558838, 38.6551933289, -139.101928711, 342.20916748, 9.54745769501, -50.1918334961, 55.3115844727, -9.07277870178, -6.45414972305, 32.9910049438, 3.0789039135, -2.34469461441], [-1355.11047363, -28.429725647, 491.688659668, -58.2327461243, 9.54745769501, 372.040802002, 26.8787078857, -5.4037156105, -42.6131973267, -58.5790977478, -44.9869766235, 44.2964324951, -8.78815460205], [158.972869873, -150.841400146, -77.1876525879, 174.043899536, -50.1918334961, 26.8787078857, 162.044204712, 23.0495223999, -7.32719278336, 8.89396572113, -2.08915805817, -11.363199234, -23.6972484589], [-302.470703125, 20.3812770844, 53.4951667786, -47.7138938904, 55.3115844727, -5.4037156105, 23.0495223999, 138.3853302, 59.3865814209, 22.5739574432, 23.905626297, -7.53635644913, -19.3851699829], [260.123840332, -10.8396482468, -89.1141357422, 12.6468238831, -9.07277870178, -42.6131973267, -7.32719278336, 59.3865814209, 156.321533203, 65.9915313721, 15.236041069, -4.17612409592, -6.45572900772], [-18.6974563599, -79.5117111206, -67.6112060547, 12.3233356476, -6.45414972305, -58.5790977478, 8.89396572113, 22.5739574432, 65.9915313721, 131.247955322, 49.9944534302, -22.0965843201, -20.3626155853], [183.640640259, -12.7192735672, -98.2404403687, -5.63798236847, 32.9910049438, -44.9869766235, -2.08915805817, 23.905626297, 15.236041069, 49.9944534302, 92.2806472778, 17.6276435852, -19.7457256317], [-290.37399292, -47.0166816711, 37.1834106445, 0.222549766302, 3.0789039135, 44.2964324951, -11.363199234, -7.53635644913, -4.17612409592, -22.0965843201, 17.6276435852, 114.987434387, 48.9181442261], [-26.0453948975, 11.1085548401, -6.99824762344, -30.5678768158, -2.34469461441, -8.78815460205, -23.6972484589, -19.3851699829, -6.45572900772, -20.3626155853, -19.7457256317, 48.9181442261, 99.7864074707]], "icov": [[0.000733147142455, -0.00192450813483, 0.00156839098781, -0.00141373905353, 0.00118416000623, -7.07584622432e-05, -7.14801280992e-05, 0.000779888301622, -0.000804507813882, 0.000859853404108, -0.00146793294698, 0.00117538450286, -0.000504619965795], [-0.00192450813483, 0.00737608643249, -0.00415516132489, 0.00561256194487, -0.00497096590698, 0.000895125442185, -0.000717189104762, -0.000404605205404, 0.000627300818451, -2.66851147899e-05, 0.00371059635654, -0.00204832199961, 0.00159110047389], [0.00156839098781, -0.00415516132489, 0.00523045659065, -0.00267952517606, 0.00291023938917, -0.00246610725299, 0.00131072744261, -0.000177956186235, -9.2402275186e-05, 0.000387983134715, -0.00118790578563, 0.00209155958146, -0.000641385966446], [-0.00141373905353, 0.00561256194487, -0.00267952517606, 0.00768284359947, -0.00337339914404, 0.00122722610831, -0.00422187475488, 0.00167074555065, -0.000575486279558, 0.000419198186137, 0.00340058631264, -0.00265905354172, 0.00254731602035], [0.00118416000623, -0.00497096590698, 0.00291023938917, -0.00337339914404, 0.00712337344885, -0.00131000357214, 0.00186999060679, -0.00206325342879, 0.000933860545047, -0.00017893074255, -0.00334097538143, 0.00140860606916, -0.00119929469656], [-7.07584622432e-05, 0.000895125442185, -0.00246610725299, 0.00122722610831, -0.00131000357214, 0.00684281764552, -0.0036550888326, 0.00298829679377, -0.00197248999029, 0.00263152853586, 0.0004100742226, -0.00224714027718, 0.00196139095351], [-7.14801280992e-05, -0.000717189104762, 0.00131072744261, -0.00422187475488, 0.00186999060679, -0.0036550888326, 0.0134197585285, -0.00695531442761, 0.00496665807441, -0.0038038706407, 0.00203504948877, 0.000405383558245, 0.000166638856172], [0.000779888301622, -0.000404605205404, -0.000177956186235, 0.00167074555065, -0.00206325342879, 0.00298829679377, -0.00695531442761, 0.015890808776, -0.00905271898955, 0.00588218122721, -0.00582393305376, 0.0025517444592, 0.000609214301221], [-0.000804507813882, 0.000627300818451, -9.2402275186e-05, -0.000575486279558, 0.000933860545047, -0.00197248999029, 0.00496665807441, -0.00905271898955, 0.0142616312951, -0.00944315269589, 0.00639682589099, -0.00378115405329, 0.000921583268791], [0.000859853404108, -2.66851147899e-05, 0.000387983134715, 0.000419198186137, -0.00017893074255, 0.00263152853586, -0.0038038706407, 0.00588218122721, -0.00944315269589, 0.0182989109308, -0.0114921955392, 0.00662994803861, -0.0015511312522], [-0.00146793294698, 0.00371059635654, -0.00118790578563, 0.00340058631264, -0.00334097538143, 0.0004100742226, 0.00203504948877, -0.00582393305376, 0.00639682589099, -0.0114921955392, 0.0252322070301, -0.0113503746688, 0.00809762626886], [0.00117538450286, -0.00204832199961, 0.00209155958146, -0.00265905354172, 0.00140860606916, -0.00224714027718, 0.000405383558245, 0.0025517444592, -0.00378115405329, 0.00662994803861, -0.0113503746688, 0.0182285346091, -0.00977973453701], [-0.000504619965795, 0.00159110047389, -0.000641385966446, 0.00254731602035, -0.00119929469656, 0.00196139095351, 0.000166638856172, 0.000609214301221, 0.000921583268791, -0.0015511312522, 0.00809762626886, -0.00977973453701, 0.0168901514262]]}, "melbands": {"dmean": [1.86288671102e-05, 0.00013016302546, 0.00021963242034, 0.000338156096404, 0.000352236063918, 0.000254894781392, 0.00017707477673, 0.000246553856414, 0.00013260646665, 3.67025822925e-05, 1.49662528202e-05, 3.08755406877e-05, 2.17495380639e-05, 1.1672380424e-05, 1.6349944417e-05, 1.64560133271e-05, 4.77899857287e-06, 2.49192544288e-06, 2.68159124062e-06, 1.54913539063e-06, 6.55586347875e-07, 6.40953544462e-07, 4.41645482852e-07, 1.15399842571e-07, 1.32886910365e-07, 1.45982752997e-07, 4.85373803372e-08, 3.06853422671e-08, 2.38340227554e-08, 6.763080318e-09, 2.70530815527e-08, 9.0153013943e-09, 4.98687713346e-09, 1.87821891373e-09, 2.13880957389e-09, 2.60425792042e-09, 2.87483215011e-09, 1.92276625177e-10, 1.72257916264e-10, 1.02926327183e-10], "dmean2": [2.99558687402e-05, 0.000207706078072, 0.000390785688069, 0.000583794317208, 0.000585155561566, 0.000409371335991, 0.000288229028229, 0.000362283841241, 0.000176331828698, 4.58883478132e-05, 2.16489024751e-05, 4.35003821622e-05, 2.91175529128e-05, 1.48171820911e-05, 2.24558134505e-05, 2.23719725909e-05, 7.42612110116e-06, 3.53074733539e-06, 3.92066294808e-06, 2.27979148804e-06, 9.0783134965e-07, 1.00197712527e-06, 6.82845268329e-07, 1.63806205933e-07, 1.95878541831e-07, 2.05581116575e-07, 6.92258410595e-08, 4.44327419302e-08, 3.4985173869e-08, 1.04432240633e-08, 3.6967151118e-08, 1.27000090444e-08, 6.79774814216e-09, 2.84183210297e-09, 3.33366045879e-09, 3.83834031226e-09, 4.18635925925e-09, 3.1813990331e-10, 2.89913898444e-10, 1.83545206811e-10], "dvar": [1.81305415126e-09, 9.51534460114e-08, 1.61670271837e-07, 4.63909259452e-07, 6.88889656431e-07, 5.0897597248e-07, 3.17055793175e-07, 1.08860729142e-06, 2.59847865891e-07, 1.6297583727e-08, 2.86328116772e-09, 2.02719991904e-08, 4.24909494257e-08, 1.74949033038e-09, 6.34745944694e-09, 1.05022799346e-08, 2.83105178189e-10, 1.51880091837e-10, 9.72380023723e-11, 3.16997227079e-11, 5.66748774647e-12, 1.00238845002e-11, 2.65951366832e-12, 1.7840411223e-13, 3.75739451488e-13, 8.57309394916e-13, 7.6498127223e-14, 4.95804806445e-14, 3.96536475259e-14, 2.02975331008e-15, 5.4140740014e-14, 4.63505407287e-15, 1.77082709068e-15, 2.00016864622e-16, 3.92835378561e-16, 8.48024558138e-16, 2.59545019313e-15, 6.82600980648e-18, 1.200937871e-17, 4.78327694403e-18], "dvar2": [4.128762221e-09, 1.87518409689e-07, 5.22654602264e-07, 1.38737800626e-06, 1.98766838366e-06, 1.41196210279e-06, 8.05952254268e-07, 2.23714141612e-06, 5.04413662838e-07, 2.66491397838e-08, 5.97335647612e-09, 3.76398610058e-08, 6.67461463877e-08, 2.39727704354e-09, 1.09022249006e-08, 1.69490022017e-08, 7.17573278575e-10, 2.87023016465e-10, 1.98402363982e-10, 6.59131846326e-11, 1.21630821734e-11, 2.58824992688e-11, 6.38743528555e-12, 3.22894380504e-13, 7.65382169535e-13, 1.53845881347e-12, 1.56130289903e-13, 1.11481299452e-13, 9.13764506769e-14, 5.13329028739e-15, 1.1601925475e-13, 1.00201058456e-14, 3.59124478405e-15, 4.61943446768e-16, 9.5782909192e-16, 1.87920019172e-15, 5.83791497335e-15, 1.58438422683e-17, 3.19794311386e-17, 1.33360895585e-17], "max": [0.00102197378874, 0.00991269852966, 0.00820558518171, 0.0109725240618, 0.0192597843707, 0.0224767588079, 0.0176872313023, 0.0438659414649, 0.0197475347668, 0.00486578885466, 0.00136698503047, 0.00416492857039, 0.00886757485569, 0.00152959977277, 0.00274240481667, 0.00417296588421, 0.000574445177335, 0.000520681031048, 0.00041736610001, 0.000214796717046, 0.000109056200017, 8.79187718965e-05, 4.31969019701e-05, 1.40545707836e-05, 2.67443683697e-05, 3.76656171284e-05, 1.0728754205e-05, 7.39362258173e-06, 7.15712440069e-06, 1.24066127682e-06, 8.28896645544e-06, 2.60811657427e-06, 1.67218172464e-06, 4.47326840458e-07, 6.84764813741e-07, 1.22955543702e-06, 2.50509879152e-06, 1.18737425225e-07, 1.51971462969e-07, 1.00157073746e-07], "mean": [4.48895043519e-05, 0.000335509510478, 0.00055105437059, 0.000598486862145, 0.000687521358486, 0.00062757905107, 0.000438435323304, 0.00081782246707, 0.000459019036498, 0.000115093585919, 3.83392907679e-05, 7.46354780858e-05, 6.46440894343e-05, 2.75135698757e-05, 3.49035399267e-05, 4.23617348133e-05, 1.11304234451e-05, 5.64896117794e-06, 5.86061742069e-06, 3.65030496141e-06, 1.53326084273e-06, 1.23991458167e-06, 8.42390704747e-07, 2.32386540233e-07, 2.7390814239e-07, 2.5393947567e-07, 7.93909151753e-08, 4.28144240061e-08, 2.8528331697e-08, 7.54846052331e-09, 3.27582441173e-08, 1.05382111926e-08, 5.84661741243e-09, 1.87974147359e-09, 2.00455674282e-09, 2.36996555714e-09, 2.54884291451e-09, 1.72299827184e-10, 1.33941427394e-10, 7.60439836101e-11], "median": [1.16899482236e-05, 0.000100791381556, 0.000258445797954, 0.000183710944839, 0.00019596896891, 0.000172897794982, 9.73408605205e-05, 8.12967628008e-05, 0.000111663961434, 2.20657311729e-05, 6.99951488059e-06, 1.01189907582e-05, 8.16574538476e-06, 8.65829861141e-06, 9.61378827924e-06, 8.14701979834e-06, 1.98665884454e-06, 5.77456489737e-07, 1.40870940868e-06, 6.9968916705e-07, 2.63236927367e-07, 1.54344263592e-07, 6.88998511578e-08, 1.96718374923e-08, 1.05317390364e-08, 5.41619105121e-09, 2.17496998189e-09, 6.24582663367e-10, 3.1112232235e-10, 8.49392639557e-11, 5.51448262054e-11, 3.81533971083e-11, 2.31509950099e-11, 1.61609267635e-11, 1.25341403923e-11, 1.02650310127e-11, 8.28211110804e-12, 7.16422711086e-12, 6.55736402677e-12, 5.55110644951e-12], "min": [1.07877241549e-24, 2.88674734137e-24, 2.15674689817e-24, 2.25593984611e-24, 2.57164513582e-24, 1.95585715776e-24, 1.05485149043e-24, 2.80583841428e-24, 2.86135509213e-24, 2.60198413459e-24, 2.45100937075e-24, 3.34368515996e-24, 1.40063022861e-24, 3.1319302411e-24, 2.59796035233e-24, 3.91174153123e-24, 2.98870761337e-24, 3.50895585834e-24, 5.2686741905e-24, 3.95688133552e-24, 3.26782711202e-24, 3.08751855542e-24, 4.24944262956e-24, 3.37241389641e-24, 4.52873607204e-24, 4.68795739057e-24, 4.96894136197e-24, 4.28843326309e-24, 4.95657872829e-24, 3.88626250728e-24, 5.28211361932e-24, 5.59981867142e-24, 5.12503248043e-24, 6.91203159484e-24, 5.5304071948e-24, 6.48411241908e-24, 4.99619729511e-24, 7.0393324457e-24, 7.41839036585e-24, 6.6529933394e-24], "var": [9.24650134237e-09, 4.05053413033e-07, 6.19460763573e-07, 9.96953758658e-07, 1.98515908778e-06, 1.84719885965e-06, 1.04084688246e-06, 6.7213377406e-06, 1.42889587096e-06, 9.01931684893e-08, 9.90942172763e-09, 7.29763272034e-08, 2.24594231213e-07, 5.55660317758e-09, 1.32145245857e-08, 2.39844695216e-08, 7.13692827059e-10, 5.46368394971e-10, 2.7254792867e-10, 9.79773623344e-11, 2.30269050355e-11, 2.03045965458e-11, 5.65784268394e-12, 5.1881350778e-13, 1.04870192391e-12, 2.05472878295e-12, 1.58183768818e-13, 6.48501909182e-14, 4.66005577497e-14, 1.9893411564e-15, 7.2957671805e-14, 6.17507601449e-15, 2.44663433935e-15, 2.06835823955e-16, 3.62913701471e-16, 8.6960738115e-16, 2.5467324579e-15, 6.25316572559e-18, 8.50190295652e-18, 3.01573879956e-18]}, "mfcc": {"mean": [-838.654846191, 239.710266113, 6.4071097374, -18.8796825409, 6.53822612762, -3.51492667198, -12.9069881439, -10.6443586349, -10.5549964905, -7.53593063354, -1.88461816311, 0.836922943592, -0.577023208141], "cov": [[6376.95800781, 2376.45385742, -2201.58300781, 193.868515015, 169.436706543, -439.598083496, -245.030517578, -62.5013771057, -216.566543579, -7.59243106842, 139.231552124, -7.93597221375, -42.9892539978], [2376.45385742, 1744.98400879, -448.985168457, -284.672393799, 217.880859375, -93.0978240967, -133.024078369, -41.2977409363, -56.1012649536, -43.7235527039, 16.5427055359, 4.75754642487, -11.5032815933], [-2201.58300781, -448.985168457, 1237.60949707, -133.389892578, -122.095405579, 280.703460693, 104.55229187, 24.2833061218, 116.917366028, 2.53112459183, -84.1196670532, -8.67273139954, -17.0679645538], [193.868515015, -284.672393799, -133.389892578, 326.64944458, -43.4988059998, -55.3399009705, 58.7989463806, 15.9782037735, -11.0072984695, 37.7251815796, 34.5370178223, -13.1568021774, 8.5003786087], [169.436706543, 217.880859375, -122.095405579, -43.4988059998, 220.88381958, 12.0115184784, -23.2218093872, 29.3581962585, -5.781894207, -25.1469345093, 3.17287993431, 17.1008930206, 18.4984436035], [-439.598083496, -93.0978240967, 280.703460693, -55.3399009705, 12.0115184784, 204.27406311, 73.5945358276, 30.4527339935, 39.8829116821, -28.2290058136, -38.2487564087, -8.56745624542, -28.6185283661], [-245.030517578, -133.024078369, 104.55229187, 58.7989463806, -23.2218093872, 73.5945358276, 166.680908203, 71.1557006836, -2.45070314407, 4.20739889145, -2.89574718475, -23.7906570435, -29.4123020172], [-62.5013771057, -41.2977409363, 24.2833061218, 15.9782037735, 29.3581962585, 30.4527339935, 71.1557006836, 127.333183289, 39.8372573853, -29.4793643951, -6.43010759354, -9.59941577911, -25.5744838715], [-216.566543579, -56.1012649536, 116.917366028, -11.0072984695, -5.781894207, 39.8829116821, -2.45070314407, 39.8372573853, 101.559768677, 22.8913173676, -21.6850395203, 3.50462293625, 5.58265686035], [-7.59243106842, -43.7235527039, 2.53112459183, 37.7251815796, -25.1469345093, -28.2290058136, 4.20739889145, -29.4793643951, 22.8913173676, 130.990921021, 61.1943244934, 11.5628566742, 36.4240875244], [139.231552124, 16.5427055359, -84.1196670532, 34.5370178223, 3.17287993431, -38.2487564087, -2.89574718475, -6.43010759354, -21.6850395203, 61.1943244934, 121.537330627, 48.3613166809, 17.7639980316], [-7.93597221375, 4.75754642487, -8.67273139954, -13.1568021774, 17.1008930206, -8.56745624542, -23.7906570435, -9.59941577911, 3.50462293625, 11.5628566742, 48.3613166809, 100.44128418, 63.5025291443], [-42.9892539978, -11.5032815933, -17.0679645538, 8.5003786087, 18.4984436035, -28.6185283661, -29.4123020172, -25.5744838715, 5.58265686035, 36.4240875244, 17.7639980316, 63.5025291443, 154.013442993]], "icov": [[0.013958436437, -0.0195284895599, 0.0201669111848, -0.0199100803584, 0.0203775279224, -0.0201352871954, 0.019987238571, -0.0198285188526, 0.0172236952931, -0.0156426187605, 0.0128538273275, -0.00980653893203, 0.00574276456609], [-0.0195284895599, 0.0282076653093, -0.0279275979847, 0.0287281498313, -0.0291449725628, 0.0284709725529, -0.0280883014202, 0.0281417742372, -0.0242874063551, 0.0220900978893, -0.0183016788214, 0.014040553011, -0.00794684700668], [0.0201669111848, -0.0279275979847, 0.0306791309267, -0.0280441511422, 0.0301090404391, -0.0306322295219, 0.0284410696477, -0.0282456539571, 0.0239356961101, -0.0227683093399, 0.01887826249, -0.0142631605268, 0.00814429391176], [-0.0199100803584, 0.0287281498313, -0.0280441511422, 0.0333177298307, -0.0290635880083, 0.0302504375577, -0.0310844536871, 0.0293099861592, -0.0258846376091, 0.0227900426835, -0.019811026752, 0.0153707237914, -0.00882002897561], [0.0203775279224, -0.0291449725628, 0.0301090404391, -0.0290635880083, 0.0362441316247, -0.0318711325526, 0.0315653048456, -0.0325441844761, 0.0271783228964, -0.023487271741, 0.0193085558712, -0.0148835666478, 0.00727967731655], [-0.0201352871954, 0.0284709725529, -0.0306322295219, 0.0302504375577, -0.0318711325526, 0.0399559214711, -0.0352799035609, 0.0331075042486, -0.0302307549864, 0.0264713931829, -0.0195250026882, 0.0140001187101, -0.00723053980619], [0.019987238571, -0.0280883014202, 0.0284410696477, -0.0310844536871, 0.0315653048456, -0.0352799035609, 0.0444807857275, -0.0404501669109, 0.0349119119346, -0.0294352900237, 0.0219296719879, -0.014433471486, 0.00889706425369], [-0.0198285188526, 0.0281417742372, -0.0282456539571, 0.0293099861592, -0.0325441844761, 0.0331075042486, -0.0404501669109, 0.0494621284306, -0.0392596833408, 0.0330772064626, -0.0252479985356, 0.016823336482, -0.00805542897433], [0.0172236952931, -0.0242874063551, 0.0239356961101, -0.0258846376091, 0.0271783228964, -0.0302307549864, 0.0349119119346, -0.0392596833408, 0.0454179421067, -0.0322799608111, 0.0260050408542, -0.0172208640724, 0.00842990819365], [-0.0156426187605, 0.0220900978893, -0.0227683093399, 0.0227900426835, -0.023487271741, 0.0264713931829, -0.0294352900237, 0.0330772064626, -0.0322799608111, 0.0375401228666, -0.0276333019137, 0.0181883573532, -0.0109065212309], [0.0128538273275, -0.0183016788214, 0.01887826249, -0.019811026752, 0.0193085558712, -0.0195250026882, 0.0219296719879, -0.0252479985356, 0.0260050408542, -0.0276333019137, 0.0326847098768, -0.020999385044, 0.0099358074367], [-0.00980653893203, 0.014040553011, -0.0142631605268, 0.0153707237914, -0.0148835666478, 0.0140001187101, -0.014433471486, 0.016823336482, -0.0172208640724, 0.0181883573532, -0.020999385044, 0.0276359654963, -0.0123413139954], [0.00574276456609, -0.00794684700668, 0.00814429391176, -0.00882002897561, 0.00727967731655, -0.00723053980619, 0.00889706425369, -0.00805542897433, 0.00842990819365, -0.0109065212309, 0.0099358074367, -0.0123413139954, 0.0132516082376]]}, "spectral_contrast_coeffs": {"dmean": [0.0470364168286, 0.0377314686775, 0.0281164459884, 0.0251981411129, 0.0193395279348, 0.0377603583038], "dmean2": [0.0803910791874, 0.0622398667037, 0.0445913113654, 0.0401375219226, 0.0304901264608, 0.0667298585176], "dvar": [0.00147635012399, 0.00119503820315, 0.000748415885027, 0.000632296258118, 0.000438023766037, 0.00114712165669], "dvar2": [0.00416190037504, 0.00310378847644, 0.00180894741789, 0.00149065954611, 0.00101654592436, 0.00314803607762], "max": [-0.255464464426, -0.369220614433, -0.47421681881, -0.465758949518, -0.579871177673, -0.601349711418], "mean": [-0.565732717514, -0.645724236965, -0.729415893555, -0.699402868748, -0.729626893997, -0.864165067673], "median": [-0.561597526073, -0.644756913185, -0.736730694771, -0.695257782936, -0.720517933369, -0.885425806046], "min": [-0.976608872414, -0.978178679943, -0.981806159019, -0.972043335438, -0.965048193932, -0.967178821564], "var": [0.00987169146538, 0.0103582274169, 0.00526310130954, 0.00417107017711, 0.00449641654268, 0.00466718105599]}, "spectral_contrast_valleys": {"dmean": [0.409761160612, 0.299989044666, 0.282531678677, 0.274149000645, 0.274021357298, 0.721248030663], "dmean2": [0.690264701843, 0.491065442562, 0.454356521368, 0.436295837164, 0.430627435446, 1.30420422554], "dvar": [0.155149966478, 0.128894999623, 0.134345591068, 0.137312561274, 0.20083977282, 0.3515