{"lowlevel": {"average_loudness": 0.957279324532, "barkbands_crest": {"dmean": 2.97726583481, "dmean2": 4.7853064537, "dvar": 8.56787776947, "dvar2": 20.6632518768, "max": 25.5693378448, "mean": 13.3309879303, "median": 12.5577802658, "min": 2.77616643906, "var": 22.6700515747}, "barkbands_flatness_db": {"dmean": 0.0386018529534, "dmean2": 0.0542753711343, "dvar": 0.00138119293842, "dvar2": 0.00280855759047, "max": 0.647241592407, "mean": 0.190275996923, "median": 0.185689985752, "min": 0.017769722268, "var": 0.00475080870092}, "barkbands_kurtosis": {"dmean": 5.56340456009, "dmean2": 8.39648246765, "dvar": 93.9744491577, "dvar2": 187.421447754, "max": 261.051452637, "mean": 9.86916732788, "median": 6.2172832489, "min": -1.85045945644, "var": 199.258682251}, "barkbands_skewness": {"dmean": 0.714492559433, "dmean2": 1.06100594997, "dvar": 0.556059956551, "dvar2": 1.14124691486, "max": 12.8744373322, "mean": 2.23923420906, "median": 2.04242300987, "min": -2.40496993065, "var": 1.80269563198}, "barkbands_spread": {"dmean": 4.95724582672, "dmean2": 7.48404455185, "dvar": 41.4897537231, "dvar2": 93.7080001831, "max": 97.2653884888, "mean": 13.411444664, "median": 10.1478233337, "min": 0.146776676178, "var": 115.566749573}, "dissonance": {"dmean": 0.0328660495579, "dmean2": 0.0519202910364, "dvar": 0.000829931464978, "dvar2": 0.00193999020848, "max": 0.5, "mean": 0.416651666164, "median": 0.42073071003, "min": 0.217559561133, "var": 0.00226780725643}, "dynamic_complexity": 3.15666460991, "erbbands_crest": {"dmean": 3.49718976021, "dmean2": 5.35644245148, "dvar": 11.296245575, "dvar2": 25.8584690094, "max": 29.8887729645, "mean": 12.6714296341, "median": 11.8910617828, "min": 2.23449897766, "var": 29.9015235901}, "erbbands_flatness_db": {"dmean": 0.0317663252354, "dmean2": 0.0430592484772, "dvar": 0.000870402320288, "dvar2": 0.0016902089119, "max": 0.45369386673, "mean": 0.172014549375, "median": 0.168898209929, "min": 0.0406572259963, "var": 0.00344060431235}, "erbbands_kurtosis": {"dmean": 2.30713438988, "dmean2": 3.46237778664, "dvar": 9.34637260437, "dvar2": 20.1153469086, "max": 73.6288909912, "mean": 3.03028464317, "median": 1.57603359222, "min": -1.71986329556, "var": 22.50532341}, "erbbands_skewness": {"dmean": 0.541924834251, "dmean2": 0.798418939114, "dvar": 0.273512363434, "dvar2": 0.610519230366, "max": 7.21850204468, "mean": 1.22712731361, "median": 1.16154873371, "min": -2.21696090698, "var": 0.984224081039}, "erbbands_spread": {"dmean": 9.54091644287, "dmean2": 14.0056495667, "dvar": 106.018119812, "dvar2": 222.400802612, "max": 128.370864868, "mean": 32.6736373901, "median": 27.8555488586, "min": 1.49481236935, "var": 415.063781738}, "hfc": {"dmean": 7.36275053024, "dmean2": 10.0309019089, "dvar": 91.2401580811, "dvar2": 199.70123291, "max": 87.0538253784, "mean": 15.8100042343, "median": 11.7226238251, "min": 1.13833154828e-16, "var": 181.501495361}, "melbands_crest": {"dmean": 3.60952544212, "dmean2": 5.72029685974, "dvar": 12.0400485992, "dvar2": 28.8595142365, "max": 32.5377197266, "mean": 17.965139389, "median": 17.6563224792, "min": 1.54732465744, "var": 33.8484649658}, "melbands_flatness_db": {"dmean": 0.0422620773315, "dmean2": 0.0606964528561, "dvar": 0.00188370957039, "dvar2": 0.00390554708429, "max": 0.812019884586, "mean": 0.274080246687, "median": 0.268206685781, "min": 0.00407143263146, "var": 0.00704213604331}, "melbands_kurtosis": {"dmean": 10.1469240189, "dmean2": 15.3980560303, "dvar": 282.720031738, "dvar2": 594.473754883, "max": 338.143737793, "mean": 19.3092079163, "median": 11.8573894501, "min": -1.74074316025, "var": 644.204223633}, "melbands_skewness": {"dmean": 0.888003349304, "dmean2": 1.32547950745, "dvar": 0.872826814651, "dvar2": 1.80252575874, "max": 13.69190979, "mean": 2.84810638428, "median": 2.51440358162, "min": -0.783644080162, "var": 3.24778413773}, "melbands_spread": {"dmean": 4.40004873276, "dmean2": 6.90057325363, "dvar": 54.1946296692, "dvar2": 119.843299866, "max": 224.398727417, "mean": 12.1966838837, "median": 9.57298755646, "min": 0.212133899331, "var": 156.254486084}, "pitch_salience": {"dmean": 0.0831953510642, "dmean2": 0.132845208049, "dvar": 0.00686698639765, "dvar2": 0.0167860705405, "max": 0.855932176113, "mean": 0.446075648069, "median": 0.447961091995, "min": 0.0410125218332, "var": 0.0158413890749}, "silence_rate_20dB": {"dmean": 0, "dmean2": 0, "dvar": 0, "dvar2": 0, "max": 1, "mean": 1, "median": 1, "min": 1, "var": 0}, "silence_rate_30dB": {"dmean": 0.0175595246255, "dmean2": 0.0351242758334, "dvar": 0.0172499250621, "dvar2": 0.0398441106081, "max": 1, "mean": 0.982145488262, "median": 1, "min": 0, "var": 0.0175368022174}, "silence_rate_60dB": {"dmean": 0.00833333376795, "dmean2": 0.0166691467166, "dvar": 0.00826331786811, "dvar2": 0.0184736605734, "max": 1, "mean": 0.0468680262566, "median": 0, "min": 0, "var": 0.0446719527245}, "spectral_centroid": {"dmean": 201.705688477, "dmean2": 312.128692627, "dvar": 82790.3359375, "dvar2": 180295.671875, "max": 10582.5498047, "mean": 820.670898438, "median": 674.186340332, "min": 106.8881073, "var": 253244.65625}, "spectral_complexity": {"dmean": 3.95684528351, "dmean2": 6.09912204742, "dvar": 29.9984722137, "dvar2": 66.4408416748, "max": 50, "mean": 12.327630043, "median": 11, "min": 0, "var": 49.7015190125}, "spectral_decrease": {"dmean": 3.55836737853e-09, "dmean2": 5.17137976885e-09, "dvar": 1.9286349602e-17, "dvar2": 4.45608714166e-17, "max": -1.25190838989e-28, "mean": -9.40427735685e-09, "median": -7.5667676569e-09, "min": -4.38541434278e-08, "var": 5.23038775201e-17}, "spectral_energy": {"dmean": 0.0139429271221, "dmean2": 0.0202153045684, "dvar": 0.000290668511298, "dvar2": 0.000668515451252, "max": 0.16768220067, "mean": 0.0369277969003, "median": 0.0299232937396, "min": 1.07975140765e-20, "var": 0.000786916934885}, "spectral_energyband_high": {"dmean": 0.000347790803062, "dmean2": 0.000473321561003, "dvar": 3.36093108899e-07, "dvar2": 6.88147224537e-07, "max": 0.00685449084267, "mean": 0.000485694094095, "median": 0.00015234334569, "min": 7.66967356955e-21, "var": 6.7359383138e-07}, "spectral_energyband_low": {"dmean": 0.00839988514781, "dmean2": 0.0126192225143, "dvar": 0.000186436038348, "dvar2": 0.000457408081274, "max": 0.151198774576, "mean": 0.0184845887125, "median": 0.00923385191709, "min": 1.15110002688e-22, "var": 0.000465388264274}, "spectral_energyband_middle_high": {"dmean": 0.00139401922934, "dmean2": 0.00215993728489, "dvar": 5.51767107027e-06, "dvar2": 1.34412612169e-05, "max": 0.0252936501056, "mean": 0.00220336206257, "median": 0.00126130902208, "min": 1.73182236778e-21, "var": 7.10143740434e-06}, "spectral_energyband_middle_low": {"dmean": 0.00756931072101, "dmean2": 0.010809764266, "dvar": 9.84961079666e-05, "dvar2": 0.000202979033929, "max": 0.120297804475, "mean": 0.0161662567407, "median": 0.0113089047372, "min": 3.25808414342e-22, "var": 0.000224436706048}, "spectral_entropy": {"dmean": 0.376891463995, "dmean2": 0.519507825375, "dvar": 0.143857046962, "dvar2": 0.282315194607, "max": 9.78868770599, "mean": 7.07616615295, "median": 7.08449745178, "min": 3.40527415276, "var": 0.482105523348}, "spectral_flux": {"dmean": 0.0383935719728, "dmean2": 0.0601358041167, "dvar": 0.00168648676481, "dvar2": 0.00373386521824, "max": 0.304915040731, "mean": 0.0806005075574, "median": 0.0674060583115, "min": 1.03911088067e-10, "var": 0.00297923665494}, "spectral_kurtosis": {"dmean": 3.75202441216, "dmean2": 5.89823532104, "dvar": 38.7704925537, "dvar2": 96.8336715698, "max": 254.582244873, "mean": 8.02557468414, "median": 5.44138526917, "min": -1.18393492699, "var": 141.066055298}, "spectral_rms": {"dmean": 0.00108896987513, "dmean2": 0.00154274713714, "dvar": 1.44476371133e-06, "dvar2": 3.17818603435e-06, "max": 0.0127903241664, "mean": 0.00552915409207, "median": 0.00540309725329, "min": 3.24563704905e-12, "var": 5.45554985365e-06}, "spectral_rolloff": {"dmean": 268.755401611, "dmean2": 464.846221924, "dvar": 383184.9375, "dvar2": 859177.9375, "max": 18626.2207031, "mean": 726.889526367, "median": 473.73046875, "min": 64.599609375, "var": 1353918}, "spectral_skewness": {"dmean": 0.409627020359, "dmean2": 0.622917234898, "dvar": 0.2428034693, "dvar2": 0.550268173218, "max": 13.3794384003, "mean": 2.1114552021, "median": 1.96110510826, "min": 0.0599346868694, "var": 0.863002538681}, "spectral_spread": {"dmean": 1035049, "dmean2": 1366328.125, "dvar": 980695121920, "dvar2": 1845151793150.0, "max": 40131976, "mean": 4845405, "median": 4747326, "min": 403496.0625, "var": 3444139098110.0}, "spectral_strongpeak": {"dmean": 0.508121013641, "dmean2": 0.814231991768, "dvar": 0.52802413702, "dvar2": 1.13498020172, "max": 6.10247468948, "mean": 1.05110907555, "median": 0.672069370747, "min": 2.44048092846e-09, "var": 0.984547972679}, "zerocrossingrate": {"dmean": 0.0100653516129, "dmean2": 0.011911184527, "dvar": 0.000127679493744, "dvar2": 0.000150967127411, "max": 0.50048828125, "mean": 0.0389148034155, "median": 0.03125, "min": 0.00244140625, "var": 0.00117427646182}, "barkbands": {"dmean": [0.000159290837473, 0.00580269657075, 0.00345131079666, 0.000461168732727, 0.00136452179868, 0.00116385973524, 0.00516254128888, 0.00104220490903, 0.000422661105404, 0.000439014023868, 0.000106702340418, 0.000240237583057, 0.000231233570958, 0.000131398977828, 0.000168727870914, 0.000137123526656, 0.000181040304597, 0.000127650928334, 0.000106188213977, 6.33786257822e-05, 3.95016977564e-05, 0.00010296759865, 6.90654560458e-05, 6.50778310956e-05, 4.99027482874e-05, 2.18513996515e-05, 1.51114609253e-05], "dmean2": [0.00027550503728, 0.00918355956674, 0.00484450161457, 0.000830664823297, 0.00229827011935, 0.0018186859088, 0.00715878792107, 0.00164923327975, 0.0006939417799, 0.000681611767504, 0.000174133223481, 0.000374354945961, 0.000371687929146, 0.000221114125452, 0.000285958434688, 0.000232200181927, 0.000308320508339, 0.00021325868147, 0.000180714341695, 0.000104902836028, 6.09581293247e-05, 0.000142187825986, 0.00010586935241, 9.03183608898e-05, 7.55215151003e-05, 3.31254013872e-05, 2.52638910752e-05], "dvar": [1.38509136605e-07, 9.25723215914e-05, 4.46391750302e-05, 1.48927063037e-06, 9.9291355582e-06, 4.93835568705e-06, 7.10814274498e-05, 3.83931364922e-06, 8.13822794044e-07, 2.15322575059e-06, 1.01436711475e-07, 2.25378499863e-07, 2.35078758237e-07, 8.27108337376e-08, 1.25256335082e-07, 8.77987886838e-08, 3.10427111572e-07, 9.31757284661e-08, 5.10643474172e-08, 3.38819390322e-08, 4.78864814468e-09, 4.46258958675e-08, 1.74187206881e-08, 2.21805027678e-08, 8.0652515777e-09, 9.27714183252e-10, 6.18347040238e-10], "dvar2": [3.70603032707e-07, 0.000233857281273, 9.21610553632e-05, 4.12790041082e-06, 2.65737489826e-05, 1.18290399769e-05, 0.00013511175348, 9.00189388631e-06, 2.13078442357e-06, 4.88514569952e-06, 2.33618024481e-07, 5.436563697e-07, 5.17024147939e-07, 2.14621550754e-07, 3.24280250652e-07, 2.27769376693e-07, 8.76873343714e-07, 2.40397554307e-07, 1.33850193151e-07, 8.17533205577e-08, 1.11937215053e-08, 8.18989533968e-08, 4.21933457062e-08, 4.81631197147e-08, 1.90795468313e-08, 1.97525373835e-09, 1.55090162934e-09], "max": [0.00349502637982, 0.0863429754972, 0.123160421848, 0.0109165348113, 0.0354315638542, 0.0443172082305, 0.0922874808311, 0.0369247943163, 0.0193865820765, 0.0400012172759, 0.0088668987155, 0.0067600812763, 0.0110689736903, 0.00288450694643, 0.00386866880581, 0.0041843149811, 0.00938640162349, 0.00389473000541, 0.00229933974333, 0.00696358783171, 0.0019110677531, 0.0034254223574, 0.00167109037284, 0.00336831645109, 0.000977646210231, 0.000343674590113, 0.00020040977688], "mean": [0.000172902015038, 0.0107261994854, 0.00731464102864, 0.000445333804237, 0.00181802932639, 0.00268269795924, 0.00838882382959, 0.00185367302038, 0.000711078406312, 0.00053336226847, 0.000145522266394, 0.000355107418727, 0.000280268635834, 0.000131005464937, 0.000184644784895, 0.000156092020916, 0.000252118625212, 0.000131969747599, 0.000112221357995, 8.00538909971e-05, 5.96500649408e-05, 0.000139621435665, 8.12669022707e-05, 8.34635138744e-05, 5.41336776223e-05, 2.26178144658e-05, 1.13767828225e-05], "median": [2.42612350121e-05, 0.00481054745615, 0.00190542172641, 0.000113250076538, 0.00059102155501, 0.00129572383594, 0.00330810900778, 0.000783719238825, 0.000365114188753, 0.000172841799213, 1.87488622032e-05, 0.000170708590304, 7.45150537114e-05, 4.67523132102e-05, 5.81193853577e-05, 3.84136255889e-05, 5.45735783817e-05, 3.52866700268e-05, 3.69868939742e-05, 2.32675265579e-05, 2.03924282687e-05, 2.80424555967e-05, 2.01074872166e-05, 1.76514367922e-05, 1.18361749628e-05, 4.63638707515e-06, 1.17832632895e-06], "min": [3.91282866044e-23, 4.13218216365e-23, 3.69075832028e-23, 3.11913519332e-23, 3.30345853916e-23, 2.73293129777e-23, 9.49524419255e-23, 4.15019375138e-23, 5.59666078233e-23, 1.59046046256e-22, 6.24800556129e-23, 4.45279763918e-23, 1.59404050267e-22, 2.00475531629e-22, 1.73443123807e-22, 2.29936974705e-22, 2.09352766411e-22, 1.39614142863e-22, 2.93569650764e-22, 1.56003176241e-22, 3.83633458551e-22, 5.53003813412e-22, 9.62387080305e-22, 8.83512803763e-22, 1.20184708288e-21, 1.7201041104e-21, 2.18733796797e-21], "var": [1.41486140137e-07, 0.000198979570996, 0.000156485388288, 1.12161592369e-06, 1.08797639768e-05, 1.47671062223e-05, 0.000148798178998, 8.71811516845e-06, 1.05719470866e-06, 2.50736638918e-06, 1.91312139464e-07, 3.33057215585e-07, 3.83923463687e-07, 7.17705859188e-08, 1.18833206386e-07, 1.29476333655e-07, 3.28705482389e-07, 8.35334930116e-08, 4.56356232803e-08, 5.63538229414e-08, 1.50202890126e-08, 7.90024827779e-08, 2.40715447575e-08, 3.11081258531e-08, 9.7921049047e-09, 1.35781441646e-09, 5.09320030595e-10]}, "erbbands": {"dmean": [0.153758406639, 1.41067993641, 4.07378387451, 2.26752233505, 1.87361764908, 4.75235462189, 10.1739168167, 10.3017187119, 72.9589080811, 40.5851593018, 22.1952476501, 10.0791034698, 15.043094635, 7.8146147728, 5.36122131348, 10.3600845337, 11.1629066467, 6.05382871628, 8.4714345932, 8.03462600708, 8.15265750885, 9.14068984985, 7.31721735001, 7.24352264404, 3.59498500824, 3.29471969604, 1.89447200298, 1.55234229565, 2.95534849167, 4.17411994934, 1.49788367748, 0.8251734972, 1.43921411037, 0.555005013943, 0.4062936306, 0.114805713296, 0.0410417877138, 0.0142620457336, 0.00241746474057, 0.000133722031023], "dmean2": [0.246453821659, 2.23432350159, 5.81670379639, 3.70921087265, 3.40010142326, 8.04374504089, 16.3811454773, 15.6571083069, 102.214530945, 56.9213790894, 34.718044281, 16.3938961029, 23.6626377106, 11.9787912369, 8.61070156097, 15.6624488831, 17.778301239, 10.0453586578, 14.3130302429, 13.5806322098, 13.454117775, 15.9160547256, 12.476858139, 12.3281955719, 5.87988853455, 5.47930192947, 2.97286081314, 2.33337759972, 4.24122285843, 5.82348060608, 2.25036334991, 1.21660494804, 2.00458455086, 0.781526088715, 0.636350691319, 0.172471344471, 0.0641633942723, 0.0232032239437, 0.00400280812755, 0.000219100460527], "dvar": [0.0710457861423, 5.65380525589, 57.5702934265, 22.5992908478, 22.2827587128, 166.70993042, 404.527648926, 362.887542725, 14683.8583984, 5051.52001953, 1631.35302734, 471.188018799, 3104.04931641, 307.796142578, 148.525741577, 447.979095459, 547.1484375, 162.752578735, 326.572509766, 295.857116699, 287.929168701, 853.094299316, 411.826385498, 250.430007935, 51.1208190918, 117.236175537, 13.6759881973, 9.90405082703, 35.2374420166, 67.7537612915, 7.71537876129, 2.14375257492, 9.92681121826, 1.23073303699, 0.714822113514, 0.0331026874483, 0.00353826466016, 0.00052679592045, 1.48346698552e-05, 4.74876813428e-08], "dvar2": [0.178386271, 14.5555372238, 126.630523682, 59.5503005981, 63.0721702576, 445.171783447, 1039.51733398, 865.602844238, 27978.6640625, 9477.45898438, 3868.31860352, 1202.24389648, 7124.28515625, 702.472412109, 371.333190918, 1023.56085205, 1184.89086914, 418.905181885, 844.50402832, 749.457458496, 736.862121582, 2450.07763672, 1132.52539062, 636.715270996, 130.379699707, 283.821166992, 33.649105072, 21.5624656677, 73.7988815308, 126.052360535, 18.7094764709, 5.04616260529, 20.7116775513, 2.79263448715, 1.78331542015, 0.0731362700462, 0.00791890360415, 0.00130891404115, 3.64708866982e-05, 1.19587340919e-07], "max": [2.32547259331, 22.125957489, 131.040420532, 51.4963340759, 45.9003944397, 134.304901123, 261.602752686, 388.610076904, 1202.55541992, 2186.90014648, 683.36505127, 534.97088623, 1526.75891113, 431.921661377, 255.346633911, 348.321929932, 553.952941895, 118.083900452, 185.196166992, 241.70803833, 285.48638916, 495.590759277, 302.372314453, 151.704818726, 87.1719284058, 444.039154053, 101.646194458, 86.3329467773, 91.2259292603, 73.4412765503, 45.3318061829, 29.1350479126, 62.4939079285, 23.2942295074, 7.54299926758, 2.32062602043, 0.593569159508, 0.304089397192, 0.02785580419, 0.00175159517676], "mean": [0.214935585856, 2.79212832451, 9.04339313507, 3.71554064751, 1.73148715496, 5.58225440979, 18.9620304108, 23.6649074554, 116.384765625, 72.8264007568, 41.8196372986, 17.7800369263, 19.9335613251, 11.6656332016, 8.59427547455, 15.3605957031, 14.1712646484, 6.34242200851, 9.75452709198, 8.11711406708, 12.1635026932, 11.3885593414, 7.61657857895, 7.14704036713, 4.5357966423, 4.23778629303, 2.63331031799, 2.38252186775, 3.96682858467, 5.21384763718, 1.89932787418, 1.11561238766, 1.72906064987, 0.683357834816, 0.397843599319, 0.125039637089, 0.0396605618298, 0.0117248538882, 0.00187175325118, 0.000132908171508], "median": [0.0802944973111, 1.27957999706, 3.47226834297, 1.21797478199, 0.439321637154, 1.57717001438, 8.81175708771, 12.8128738403, 47.7865600586, 26.2721843719, 19.4990139008, 11.3575019836, 5.72195196152, 5.42198801041, 3.88204979897, 7.15543651581, 4.35225629807, 2.53231978416, 3.5664331913, 2.13898634911, 3.21495389938, 3.06809043884, 2.37341618538, 1.93189322948, 1.78470551968, 1.31148517132, 0.897676348686, 0.70942902565, 0.935054600239, 0.989838182926, 0.48990753293, 0.286024272442, 0.337620943785, 0.187698796391, 0.0707976296544, 0.0269510243088, 0.00728047965094, 0.00167521927506, 0.000213098741369, 5.63306602999e-05], "min": [2.24860648469e-21, 6.42423279611e-21, 3.09236431371e-20, 8.73522760136e-20, 7.33969959098e-20, 1.15134455205e-19, 1.65248106942e-19, 3.95573511204e-19, 1.59734862857e-18, 4.56950596999e-19, 1.24150349066e-18, 1.13792600231e-18, 3.71076945104e-18, 4.27516181402e-18, 2.80643770275e-18, 1.73998537865e-18, 7.06742040031e-18, 1.14072334102e-17, 6.54421584157e-18, 1.16157085672e-17, 1.42787619554e-17, 1.17199862639e-17, 8.21602106502e-18, 1.10890294363e-17, 1.26281759826e-17, 7.24806258402e-18, 7.27049572223e-18, 2.17933851462e-17, 1.93980454545e-17, 2.73965147097e-17, 2.28668240445e-17, 1.74964531792e-17, 1.70471766469e-17, 1.06493556438e-17, 9.80366107474e-18, 6.47737758012e-18, 3.26997276083e-18, 1.3658171562e-18, 2.88582868849e-19, 2.72601312899e-20], "var": [0.106597408652, 12.7600793839, 191.135253906, 36.4961509705, 15.5886240005, 146.927993774, 823.737548828, 1019.42388916, 29361.0449219, 16145.8427734, 3675.38037109, 609.266662598, 3486.6394043, 501.809875488, 216.751113892, 728.968078613, 937.503967285, 145.74710083, 318.668823242, 266.06539917, 586.081726074, 663.123779297, 307.692321777, 219.193572998, 61.8828048706, 188.241592407, 27.0562000275, 30.6564216614, 61.36536026, 107.68813324, 12.5160398483, 4.27475500107, 13.7707586288, 1.66107523441, 0.695439517498, 0.0471110455692, 0.00450243614614, 0.000470437167678, 1.27958292069e-05, 4.04929885178e-08]}, "gfcc": {"mean": [-25.8989219666, 103.231742859, -89.3674316406, 19.0254096985, -58.9451217651, 7.04846572876, -30.9023914337, 15.0908164978, -4.91177892685, 11.3467969894, -2.60340309143, 5.51154136658, -12.3132228851], "cov": [[9773.12109375, -1089.72949219, -55.400390625, 182.47996521, -401.64956665, 22.228017807, -361.724884033, 229.733200073, 14.2488794327, 211.123382568, -93.6048812866, 148.364776611, -218.193893433], [-1089.72949219, 1822.90368652, -124.995613098, -174.602890015, 247.377685547, -180.687271118, 237.432220459, -85.3931427002, 134.23638916, -148.416564941, 130.420928955, -136.391708374, 87.2904891968], [-55.400390625, -124.995613098, 765.303955078, 96.8229751587, 143.892196655, 176.29119873, 72.2294387817, 20.9619045258, -52.6106452942, -6.0451335907, -89.0908355713, -4.87805891037, -46.5697593689], [182.47996521, -174.602890015, 96.8229751587, 391.931427002, 56.5805053711, 129.720153809, 5.95534658432, 32.6022834778, -39.0987663269, -7.85241270065, -57.6884307861, -27.8480873108, -28.0261249542], [-401.64956665, 247.377685547, 143.892196655, 56.5805053711, 369.579864502, 79.2249450684, 122.672164917, 31.8902301788, 12.168094635, -38.2817344666, -49.7109642029, -58.2664871216, -23.7651615143], [22.228017807, -180.687271118, 176.29119873, 129.720153809, 79.2249450684, 224.570465088, 54.6575088501, 48.7807807922, -11.9341096878, -5.2407784462, -73.9352493286, -7.78240251541, -22.1072540283], [-361.724884033, 237.432220459, 72.2294387817, 5.95534658432, 122.672164917, 54.6575088501, 196.894073486, 47.6031188965, 22.3826999664, -10.6232271194, -3.06748867035, -59.6550788879, -10.5477352142], [229.733200073, -85.3931427002, 20.9619045258, 32.6022834778, 31.8902301788, 48.7807807922, 47.6031188965, 136.249206543, 42.8255805969, 20.9066085815, -22.9055080414, -3.2734644413, -22.3520755768], [14.2488794327, 134.23638916, -52.6106452942, -39.0987663269, 12.168094635, -11.9341096878, 22.3826999664, 42.8255805969, 124.869812012, 26.8928127289, 39.1428260803, 6.59850978851, 6.72590255737], [211.123382568, -148.416564941, -6.0451335907, -7.85241270065, -38.2817344666, -5.2407784462, -10.6232271194, 20.9066085815, 26.8928127289, 116.390014648, 54.6525382996, 14.5230398178, -25.1039962769], [-93.6048812866, 130.420928955, -89.0908355713, -57.6884307861, -49.7109642029, -73.9352493286, -3.06748867035, -22.9055080414, 39.1428260803, 54.6525382996, 139.701751709, 34.0580062866, 9.25562286377], [148.364776611, -136.391708374, -4.87805891037, -27.8480873108, -58.2664871216, -7.78240251541, -59.6550788879, -3.2734644413, 6.59850978851, 14.5230398178, 34.0580062866, 109.526954651, 46.1899871826], [-218.193893433, 87.2904891968, -46.5697593689, -28.0261249542, -23.7651615143, -22.1072540283, -10.5477352142, -22.3520755768, 6.72590255737, -25.1039962769, 9.25562286377, 46.1899871826, 118.805618286]], "icov": [[0.000135160342325, -5.49621763639e-05, 1.72986456164e-05, -6.2537175836e-05, 0.000119491465739, 4.28348030255e-05, 0.000194672495127, -0.000233823942835, 2.84672332782e-05, -0.000260039611021, 0.00030334823532, -0.000298170256428, 0.000321539118886], [-5.49621763639e-05, 0.00159277580678, -0.000156009074999, 0.000176767222001, -0.000701633631252, 0.000810034340248, -0.00109325058293, 0.000896704150364, -0.00157274317462, 0.00255880411714, -0.00226181466132, 0.00220104400069, -0.00125844287686], [1.72986456164e-05, -0.000156009074999, 0.00182074122131, 4.72845385957e-06, -0.000342244136846, -0.000986127299257, -0.000500884023495, 0.000395977636799, 0.000664602848701, -0.000723747769371, 0.00108602480032, -0.00129642477259, 0.00086815119721], [-6.2537175836e-05, 0.000176767222001, 4.72845385957e-06, 0.00348666822538, -0.000408367486671, -0.00202350015752, 0.000927495828364, -0.000669989909511, 0.000938628450967, 0.00044352558325, -0.000882782856934, 0.00166971283033, -0.000462108844658], [0.000119491465739, -0.000701633631252, -0.000342244136846, -0.000408367486671, 0.00426944438368, -0.000540559878573, -0.0013482531067, -0.000248926138738, -0.000186199438758, -0.000313645636197, 0.00176683533937, -0.000644583837129, 0.00114862027112], [4.28348030255e-05, 0.000810034340248, -0.000986127299257, -0.00202350015752, -0.000540559878573, 0.00888552796096, -0.0029967695009, 8.27234107419e-05, -0.00140189868398, -9.70423643594e-05, 0.00314779579639, -0.00198612897657, 0.000500218884554], [0.000194672495127, -0.00109325058293, -0.000500884023495, 0.000927495828364, -0.0013482531067, -0.0029967695009, 0.0108115747571, -0.00447178259492, 0.0014229795197, -0.000482505769469, -0.00263312947936, 0.00478521827608, -0.00136335764546], [-0.000233823942835, 0.000896704150364, 0.000395977636799, -0.000669989909511, -0.000248926138738, 8.27234107419e-05, -0.00447178259492, 0.0124510154128, -0.00516705820337, -0.000841972941998, 0.00306338933297, -0.00207227328792, 0.00150164170191], [2.84672332782e-05, -0.00157274317462, 0.000664602848701, 0.000938628450967, -0.000186199438758, -0.00140189868398, 0.0014229795197, -0.00516705820337, 0.0128848822787, -0.00331072742119, -0.00135553837754, -0.00107017019764, -0.000361485377653], [-0.000260039611021, 0.00255880411714, -0.000723747769371, 0.00044352558325, -0.000313645636197, -9.70423643594e-05, -0.000482505769469, -0.000841972941998, -0.00331072742119, 0.0173238068819, -0.0100118480623, 0.00407885899767, 0.000223446768359], [0.00030334823532, -0.00226181466132, 0.00108602480032, -0.000882782856934, 0.00176683533937, 0.00314779579639, -0.00263312947936, 0.00306338933297, -0.00135553837754, -0.0100118480623, 0.0189489219338, -0.00974992103875, 0.00399375753477], [-0.000298170256428, 0.00220104400069, -0.00129642477259, 0.00166971283033, -0.000644583837129, -0.00198612897657, 0.00478521827608, -0.00207227328792, -0.00107017019764, 0.00407885899767, -0.00974992103875, 0.0211770217866, -0.00929393712431], [0.000321539118886, -0.00125844287686, 0.00086815119721, -0.000462108844658, 0.00114862027112, 0.000500218884554, -0.00136335764546, 0.00150164170191, -0.000361485377653, 0.000223446768359, 0.00399375753477, -0.00929393712431, 0.0140177663416]]}, "melbands": {"dmean": [0.00148713414092, 0.00197179615498, 0.0003962124174, 0.000211243939702, 0.000337966484949, 0.000232199265156, 0.00113256718032, 0.000375219853595, 0.000161345858942, 5.98823135078e-05, 7.49765167711e-05, 3.22599807987e-05, 1.66382578755e-05, 2.84619745798e-05, 2.71150747722e-05, 1.74725300894e-05, 1.12209581857e-05, 1.35685213536e-05, 1.22796363939e-05, 9.54551796895e-06, 1.00234519778e-05, 9.0038001872e-06, 1.04363716673e-05, 5.42865655007e-06, 6.32230421616e-06, 2.95400445793e-06, 2.38409552367e-06, 2.07661128115e-06, 1.23465861179e-06, 1.06788331777e-06, 9.36690071285e-07, 1.40185454711e-06, 2.66866550191e-06, 2.20025731323e-06, 8.4013737478e-07, 6.25291875167e-07, 4.6356123562e-07, 9.1925153356e-07, 9.61883529271e-07, 3.69210226836e-07], "dmean2": [0.0023513303604, 0.00294374325313, 0.000647518085316, 0.000367340777302, 0.000548546318896, 0.000361071783118, 0.00158031797037, 0.000535485160071, 0.000255122868111, 9.80092590908e-05, 0.000117990195577, 4.95635904372e-05, 2.68024887191e-05, 4.44943543698e-05, 4.20018295699e-05, 2.84090183413e-05, 1.88357953448e-05, 2.28444587265e-05, 2.10536218219e-05, 1.62415963132e-05, 1.63970635185e-05, 1.53178370965e-05, 1.85732496902e-05, 8.76526337379e-06, 1.09235170385e-05, 4.91053015139e-06, 3.94719700125e-06, 3.4823463011e-06, 1.98051361622e-06, 1.69970564912e-06, 1.42955877891e-06, 2.09443851418e-06, 3.64174934475e-06, 3.1662384572e-06, 1.29405805183e-06, 9.80766230896e-07, 7.01453643615e-07, 1.2909289353e-06, 1.38366226565e-06, 5.47700608422e-07], "dvar": [6.11340419709e-06, 1.18159059639e-05, 6.79298011619e-07, 2.82682321995e-07, 5.15623355568e-07, 2.03562294132e-07, 3.53512109541e-06, 4.36985317265e-07, 8.57399200527e-08, 1.75027388138e-08, 7.74971198325e-08, 5.31925081759e-09, 2.09739892121e-09, 3.00758506988e-09, 2.36074892968e-09, 1.23669707808e-09, 6.14697626133e-10, 8.06516631258e-10, 7.22079673832e-10, 4.42211212093e-10, 4.231578421e-10, 6.17255080382e-10, 1.67813818397e-09, 1.56374177496e-10, 2.01736280458e-10, 3.50028582508e-11, 3.20644240326e-11, 5.11293785088e-11, 8.26337956394e-12, 5.26484628463e-12, 5.49514383649e-12, 1.00054357161e-11, 3.22037882472e-11, 1.87372686811e-11, 2.53778009891e-12, 1.67734305178e-12, 7.23321413616e-13, 3.1212352581e-12, 9.81728327104e-12, 4.01553464958e-13], "dvar2": [1.49415036503e-05, 2.86359791062e-05, 1.80322717824e-06, 7.62652234698e-07, 1.35085781494e-06, 4.77297248835e-07, 6.71542784403e-06, 8.35257310428e-07, 2.06101816502e-07, 4.56190321074e-08, 1.77842622406e-07, 1.2100114688e-08, 4.82820627923e-09, 7.34129068647e-09, 5.16002485185e-09, 2.81067613628e-09, 1.58788571181e-09, 2.07984940381e-09, 1.87898074877e-09, 1.15203169226e-09, 1.05857211885e-09, 1.72715652891e-09, 4.84341455831e-09, 3.62154528588e-10, 5.22433374339e-10, 9.04459701578e-11, 7.95029736489e-11, 1.25545338014e-10, 2.06234647415e-11, 1.32847803938e-11, 1.20568824022e-11, 2.1241954376e-11, 6.23121276799e-11, 3.80633823072e-11, 6.23943865324e-12, 4.35820997347e-12, 1.70284402898e-12, 6.03630426893e-12, 2.38797818325e-11, 8.90830540844e-13], "max": [0.0215065013617, 0.048331476748, 0.00890841614455, 0.00749599281698, 0.0088588828221, 0.0102664688602, 0.0187917705625, 0.0202206112444, 0.00449135899544, 0.00288188480772, 0.00763797340915, 0.00185893650632, 0.00126992852893, 0.000749087892473, 0.00102663098369, 0.000712112116162, 0.000267320225248, 0.000270553369774, 0.000310118048219, 0.0002506361634, 0.000332891911967, 0.000408554886235, 0.000670846144203, 0.00026156345848, 0.000138556890306, 6.96042188792e-05, 0.000195380707737, 0.000278905878076, 0.000101155186712, 5.47232593817e-05, 5.7427896536e-05, 7.36177826184e-05, 4.46403573733e-05, 5.05360003444e-05, 2.38790980802e-05, 1.79375438165e-05, 2.62426692643e-05, 2.33284736169e-05, 8.21192952571e-05, 1.04913742689e-05], "mean": [0.00250625261106, 0.0044507002458, 0.000649192952551, 0.000202790048206, 0.000594851502683, 0.00051820569206, 0.00182388629764, 0.000679330318235, 0.000296374520985, 9.99409458018e-05, 9.76201554295e-05, 4.70909108117e-05, 2.54379447142e-05, 4.32008455391e-05, 3.56454693247e-05, 2.1021331122e-05, 1.09886286737e-05, 1.53468354256e-05, 1.22846449813e-05, 9.63440015767e-06, 1.59682113008e-05, 1.26555814859e-05, 9.30090209295e-06, 6.06345338383e-06, 5.86059832131e-06, 3.61651700587e-06, 2.95378845294e-06, 2.61879017671e-06, 1.60164893259e-06, 1.45346109548e-06, 1.37687231927e-06, 1.87815601294e-06, 3.38529275723e-06, 2.60827141574e-06, 1.04078651475e-06, 7.70491737967e-07, 6.16279635324e-07, 1.1074938584e-06, 1.13382577638e-06, 4.23850053721e-07], "median": [0.00103264313657, 0.00206900271587, 0.000206806333154, 4.62746247649e-05, 0.00026129593607, 0.000245495815761, 0.000768409576267, 0.000259452266619, 0.000140666423249, 5.5587686802e-05, 2.56711864495e-05, 2.13641233131e-05, 7.67581423133e-06, 2.16431653826e-05, 1.35171731017e-05, 6.7740288614e-06, 3.65255004908e-06, 5.60837952435e-06, 3.46793876815e-06, 2.3006034553e-06, 3.5965852021e-06, 2.33064702115e-06, 2.35448715102e-06, 1.53887424403e-06, 1.39097392093e-06, 1.47749187818e-06, 1.02802744095e-06, 7.19614320133e-07, 5.3136045608e-07, 4.06486691418e-07, 3.73119263486e-07, 4.58846244555e-07, 5.47635295334e-07, 5.16965371844e-07, 2.62092356706e-07, 1.70059564653e-07, 1.48964076629e-07, 2.09208451452e-07, 2.14102996665e-07, 1.02621108056e-07], "min": [1.74740216239e-23, 1.29442040236e-23, 1.4756488891e-23, 6.19008857692e-24, 6.05836221638e-24, 8.4133041061e-24, 2.23172189521e-23, 4.37303425644e-24, 1.09190000758e-23, 7.05875104574e-24, 1.97477112349e-23, 1.87346039956e-23, 8.72475428009e-24, 6.27337020041e-24, 6.84454217782e-24, 2.06497989235e-23, 2.06509885258e-23, 8.96805791592e-24, 1.39468067911e-23, 1.36895450504e-23, 1.889375195e-23, 1.39408619353e-23, 7.67347800589e-24, 5.75197692384e-24, 9.13669507821e-24, 1.28391569389e-23, 5.84262098615e-24, 4.58722576943e-24, 3.2350174009e-24, 8.90963882159e-24, 1.28077050546e-23, 1.05614133718e-23, 1.19483712604e-23, 1.67556564847e-23, 1.12122346626e-23, 1.55859934878e-23, 8.97105795394e-24, 1.20051605681e-23, 1.02151136896e-23, 8.96558878129e-24], "var": [1.21882803796e-05, 3.2846492104e-05, 1.10529322228e-06, 2.2791746801e-07, 8.66393804699e-07, 5.87722411183e-07, 7.10999620424e-06, 1.39408041377e-06, 1.80696332563e-07, 2.1382396298e-08, 8.71488126108e-08, 8.84849615801e-09, 3.93154442335e-09, 4.43361836133e-09, 3.97330923718e-09, 1.8514991762e-09, 5.53081636046e-10, 7.83347109401e-10, 6.09021777453e-10, 4.02355371243e-10, 1.02788400014e-09, 7.58029472525e-10, 1.01454478152e-09, 1.89768756265e-10, 1.65960897802e-10, 3.68346950164e-11, 4.88086272787e-11, 8.05083152922e-11, 1.17195801674e-11, 1.12685832887e-11, 1.35444936517e-11, 1.84530151576e-11, 5.04887104347e-11, 2.738990805e-11, 4.02632918325e-12, 2.37017241771e-12, 1.63091773159e-12, 4.96907029413e-12, 1.01974826153e-11, 5.62658264164e-13]}, "mfcc": {"mean": [-680.3515625, 141.093322754, 21.6065597534, 19.1138362885, 1.35832226276, -1.81367814541, -7.07206869125, 3.71940946579, 0.313060700893, 5.42735433578, 12.9886770248, 9.82801246643, 13.3004646301], "cov": [[7783.09472656, -985.741210938, -137.76411438, -30.5007724762, -68.9789199829, -156.571777344, -272.319946289, -43.4390220642, -66.1087265015, -62.0251998901, 93.5950775146, 65.5711898804, 178.790603638], [-985.741210938, 1603.92004395, -145.214904785, 20.778635025, -5.75191402435, -44.06432724, 62.3519477844, 33.3073692322, 35.5513038635, 38.4724502563, 5.61455774307, 32.8435058594, 60.0381469727], [-137.76411438, -145.214904785, 552.609069824, 50.89270401, 73.2834320068, 106.363365173, 71.3810501099, 52.5081100464, 40.1588668823, -11.7228746414, 14.4409122467, -22.7358226776, -33.2357635498], [-30.5007724762, 20.778635025, 50.89270401, 242.930526733, 82.5774154663, 63.6532859802, 71.8774261475, 35.4843444824, 20.7228813171, 34.790309906, -20.979549408, 13.7997922897, -14.1837444305], [-68.9789199829, -5.75191402435, 73.2834320068, 82.5774154663, 210.09954834, 101.05897522, 57.1140327454, 56.2695274353, 65.7824554443, 5.15783929825, 1.77061462402, -14.7823705673, -2.66597747803], [-156.571777344, -44.06432724, 106.363365173, 63.6532859802, 101.05897522, 178.667984009, 87.0286331177, 50.1308860779, 47.3261375427, 18.2414245605, 12.960021019, -13.8677444458, -47.2179374695], [-272.319946289, 62.3519477844, 71.3810501099, 71.8774261475, 57.1140327454, 87.0286331177, 166.983947754, 64.859916687, 46.6062889099, 56.473613739, -7.55694580078, -2.22857308388, -30.9567317963], [-43.4390220642, 33.3073692322, 52.5081100464, 35.4843444824, 56.2695274353, 50.1308860779, 64.859916687, 126.43611145, 81.6924743652, 17.2376670837, 2.78387999535, 3.10694646835, -5.56192159653], [-66.1087265015, 35.5513038635, 40.1588668823, 20.7228813171, 65.7824554443, 47.3261375427, 46.6062889099, 81.6924743652, 162.819885254, 39.7317695618, 0.499030381441, -7.75763702393, -7.15230751038], [-62.0251998901, 38.4724502563, -11.7228746414, 34.790309906, 5.15783929825, 18.2414245605, 56.473613739, 17.2376670837, 39.7317695618, 125.66859436, 25.0185947418, 22.6607685089, -9.11490249634], [93.5950775146, 5.61455774307, 14.4409122467, -20.979549408, 1.77061462402, 12.960021019, -7.55694580078, 2.78387999535, 0.499030381441, 25.0185947418, 120.002426147, 47.1999130249, 21.961265564], [65.5711898804, 32.8435058594, -22.7358226776, 13.7997922897, -14.7823705673, -13.8677444458, -2.22857308388, 3.10694646835, -7.75763702393, 22.6607685089, 47.1999130249, 114.471366882, 53.3587646484], [178.790603638, 60.0381469727, -33.2357635498, -14.1837444305, -2.66597747803, -47.2179374695, -30.9567317963, -5.56192159653, -7.15230751038, -9.11490249634, 21.961265564, 53.3587646484, 129.965957642]], "icov": [[0.000155164321768, 0.000102337049611, 3.75850395358e-05, -8.67182025104e-05, 2.7224616133e-05, 4.10703542002e-05, 0.000210789628909, -0.000118535725051, 1.845519364e-05, -2.22514809138e-05, -0.000117919480545, 6.67094573146e-05, -0.000207974895602], [0.000102337049611, 0.000748620601371, 0.000216467349674, -0.00010690990166, 4.51552295999e-05, 0.000292815995635, -0.000338345213095, -0.000122778088553, -0.000127216000692, 2.40342833422e-05, -0.000166026991792, 7.59993490647e-05, -0.000429919513408], [3.75850395358e-05, 0.000216467349674, 0.00220047100447, -0.000233490049141, 1.00256638689e-05, -0.000745946425013, -0.000598336220719, -0.000275210710242, -0.000184095799341, 0.000735816080123, -0.000596554367803, 0.00040595754399, -6.39571808279e-05], [-8.67182025104e-05, -0.00010690990166, -0.000233490049141, 0.00574496947229, -0.00198810268193, -0.00053821830079, -0.00105618743692, -0.000310889590764, 0.000983264064416, -0.00129090691917, 0.00198398320936, -0.00176188629121, 0.000586433452554], [2.7224616133e-05, 4.51552295999e-05, 1.00256638689e-05, -0.00198810268193, 0.00816792901605, -0.00370101816952, 5.13657396368e-05, -0.000668199209031, -0.00192558509298, 0.00108488975093, -0.000581443135161, 0.00171240430791, -0.0021008241456], [4.10703542002e-05, 0.000292815995635, -0.000745946425013, -0.00053821830079, -0.00370101816952, 0.0113598955795, -0.00385853811167, -4.09201529692e-05, -0.000622714927886, 0.00115985900629, -0.00220182025805, -0.000221804803004, 0.00319935847074], [0.000210789628909, -0.000338345213095, -0.000598336220719, -0.00105618743692, 5.13657396368e-05, -0.00385853811167, 0.0121874799952, -0.00430451706052, 0.00135673105251, -0.00466017518193, 0.00195394968614, -8.48517593113e-05, 0.00036848516902], [-0.000118535725051, -0.000122778088553, -0.000275210710242, -0.000310889590764, -0.000668199209031, -4.09201529692e-05, -0.00430451706052, 0.0143776126206, -0.00623312126845, 0.00232738046907, -0.000521292211488, -0.00118000165094, 6.96500646882e-05], [1.845519364e-05, -0.000127216000692, -0.000184095799341, 0.000983264064416, -0.00192558509298, -0.000622714927886, 0.00135673105251, -0.00623312126845, 0.010698473081, -0.0035836501047, 0.000896370853297, 0.00095770182088, -0.000322947074892], [-2.22514809138e-05, 2.40342833422e-05, 0.000735816080123, -0.00129090691917, 0.00108488975093, 0.00115985900629, -0.00466017518193, 0.00232738046907, -0.0035836501047, 0.0120162628591, -0.00288401497528, -0.00159914733376, 0.00128942297306], [-0.000117919480545, -0.000166026991792, -0.000596554367803, 0.00198398320936, -0.000581443135161, -0.00220182025805, 0.00195394968614, -0.000521292211488, 0.000896370853297, -0.00288401497528, 0.0116866733879, -0.00457158824429, -0.000316690915497], [6.67094573146e-05, 7.59993490647e-05, 0.00040595754399, -0.00176188629121, 0.00171240430791, -0.000221804803004, -8.48517593113e-05, -0.00118000165094, 0.00095770182088, -0.00159914733376, -0.00457158824429, 0.0139521826059, -0.00534667028114], [-0.000207974895602, -0.000429919513408, -6.39571808279e-05, 0.000586433452554, -0.0021008241456, 0.00319935847074, 0.00036848516902, 6.96500646882e-05, -0.000322947074892, 0.00128942297306, -0.000316690915497, -0.00534667028114, 0.011757989414]]}, "spectral_contrast_coeffs": {"dmean": [0.0483596436679, 0.0574011057615, 0.0488469898701, 0.0384118855, 0.0295947920531, 0.0232483129948], "dmean2": [0.0780751630664, 0.0889670625329, 0.0765164941549, 0.0623206309974, 0.0469935536385, 0.0369518399239], "dvar": [0.00177695124876, 0.00265034288168, 0.00189121591393, 0.0012115315767, 0.000835466431454, 0.000454687455203], "dvar2": [0.00427633710206, 0.00594648579136, 0.00414006551728, 0.00290607078932, 0.00183638138697, 0.00101514626294], "max": [-0.347046434879, -0.377464562654, -0.477663606405, -0.517606019974, -0.585046112537, -0.656320095062], "mean": [-0.633315980434, -0.656329989433, -0.725959479809, -0.787976443768, -0.784511327744, -0.783958613873], "median": [-0.635490834713, -0.650608241558, -0.726119399071, -0.796055316925, -0.792168021202, -0.785029649734], "min": [-0.941159904003, -0.954856395721, -0.9610683918, -0.958667218685, -0.958269655704, -0.962695598602], "var": [0.0089125065133, 0.00802620965987, 0.00535550247878, 0.00319316773675, 0.00282271555625, 0.00159648596309]}, "spectral_contrast_valleys": {"dmean": [0.4789699018, 0.496643036604, 0.574548840523, 0.64198410511, 0.605655968189, 0.684140145779], "dmean2": [0.764494299889, 0.754115521908, 0.845631659031, 0.953295171261, 0.850640058517, 0.847758054733], "dvar": [0.269520133734, 0.222756281495, 0.312861084938, 0.421350866556, 0.412429451942, 0.392174959183], "dvar2": [0.553581655025, 0.471129447222, 0.641951680183, 0.902676939964, 0.869535088539, 0.772463619709], 