{"lowlevel": {"average_loudness": 0.970310807228, "barkbands_crest": {"dmean": 3.70186376572, "dmean2": 6.21044540405, "dvar": 9.67602729797, "dvar2": 25.855846405, "max": 26.0189781189, "mean": 14.4656877518, "median": 14.4766073227, "min": 2.68989658356, "var": 19.9399166107}, "barkbands_flatness_db": {"dmean": 0.0609532780945, "dmean2": 0.0900603607297, "dvar": 0.00417676754296, "dvar2": 0.008972954005, "max": 1, "mean": 0.23286575079, "median": 0.201135382056, "min": 0.0199514515698, "var": 0.0209997501224}, "barkbands_kurtosis": {"dmean": 24.2188682556, "dmean2": 40.7661819458, "dvar": 1783.83361816, "dvar2": 4799.33398438, "max": 660.118835449, "mean": 29.7776927948, "median": 14.9860115051, "min": -1.91343414783, "var": 1959.88891602}, "barkbands_skewness": {"dmean": 1.64708328247, "dmean2": 2.68843579292, "dvar": 3.17787146568, "dvar2": 8.39714241028, "max": 20.1256961823, "mean": 3.78805422783, "median": 3.4403758049, "min": -3.03526139259, "var": 5.81529998779}, "barkbands_spread": {"dmean": 10.9689207077, "dmean2": 17.3998737335, "dvar": 262.762786865, "dvar2": 550.715148926, "max": 123.120361328, "mean": 17.1192436218, "median": 8.4713010788, "min": 0.152967885137, "var": 456.82321167}, "dissonance": {"dmean": 0.0245800595731, "dmean2": 0.0403917506337, "dvar": 0.00103467924055, "dvar2": 0.00255611399189, "max": 0.500000059605, "mean": 0.461012274027, "median": 0.472746878862, "min": 0.0833435207605, "var": 0.00175972760189}, "dynamic_complexity": 2.27734041214, "erbbands_crest": {"dmean": 2.64496278763, "dmean2": 4.33462905884, "dvar": 7.44365692139, "dvar2": 17.0789813995, "max": 31.3495521545, "mean": 7.90958213806, "median": 6.55135202408, "min": 2.20368790627, "var": 23.2741775513}, "erbbands_flatness_db": {"dmean": 0.0303441043943, "dmean2": 0.0444208532572, "dvar": 0.00133228977211, "dvar2": 0.00258143455721, "max": 0.623543739319, "mean": 0.134173691273, "median": 0.114845015109, "min": 0.036525182426, "var": 0.00536108529195}, "erbbands_kurtosis": {"dmean": 7.4239358902, "dmean2": 11.5735139847, "dvar": 1729.58947754, "dvar2": 3793.56030273, "max": 892.117248535, "mean": 10.0301990509, "median": -0.192669153214, "min": -1.86235809326, "var": 4154.99023438}, "erbbands_skewness": {"dmean": 0.772119939327, "dmean2": 1.18891167641, "dvar": 1.34137654305, "dvar2": 2.60784721375, "max": 21.3958091736, "mean": 0.749036550522, "median": 0.297831386328, "min": -3.9670779705, "var": 6.30852270126}, "erbbands_spread": {"dmean": 17.6741657257, "dmean2": 27.5159912109, "dvar": 359.562133789, "dvar2": 834.381347656, "max": 171.287857056, "mean": 53.5278244019, "median": 49.8616523743, "min": 0.394819945097, "var": 856.815795898}, "hfc": {"dmean": 27.2372512817, "dmean2": 42.9252510071, "dvar": 2401.21557617, "dvar2": 5673.87060547, "max": 419.817321777, "mean": 35.1834487915, "median": 18.4833126068, "min": 1.20246742721e-16, "var": 2559.78466797}, "melbands_crest": {"dmean": 4.62896299362, "dmean2": 7.72308683395, "dvar": 16.735786438, "dvar2": 43.1580123901, "max": 39.9235877991, "mean": 22.9433288574, "median": 22.311788559, "min": 1.60745084286, "var": 60.0464782715}, "melbands_flatness_db": {"dmean": 0.0708957314491, "dmean2": 0.1056824103, "dvar": 0.00544412760064, "dvar2": 0.0117835169658, "max": 1, "mean": 0.331534892321, "median": 0.301707297564, "min": 0.00290320441127, "var": 0.0256061535329}, "melbands_kurtosis": {"dmean": 238.621643066, "dmean2": 439.120269775, "dvar": 2613664.75, "dvar2": 8096816.5, "max": 26728.0820312, "mean": 199.898651123, "median": 45.7458381653, "min": -1.58826029301, "var": 1705732.5}, "melbands_skewness": {"dmean": 2.92270684242, "dmean2": 4.94207715988, "dvar": 30.3727397919, "dvar2": 88.2024612427, "max": 115.481651306, "mean": 6.53377103806, "median": 5.57798862457, "min": -1.8835670948, "var": 35.2293014526}, "melbands_spread": {"dmean": 6.98743772507, "dmean2": 11.5950546265, "dvar": 118.669487, "dvar2": 286.447967529, "max": 169.800323486, "mean": 10.6378479004, "median": 5.39526176453, "min": 0.00225082086399, "var": 226.678939819}, "pitch_salience": {"dmean": 0.114195294678, "dmean2": 0.189234822989, "dvar": 0.0100142145529, "dvar2": 0.0257395841181, "max": 0.945280611515, "mean": 0.415167689323, "median": 0.422238141298, "min": 0.00173796270974, "var": 0.0270536057651}, "silence_rate_20dB": {"dmean": 0, "dmean2": 0, "dvar": 0, "dvar2": 0, "max": 1, "mean": 1, "median": 1, "min": 1, "var": 0}, "silence_rate_30dB": {"dmean": 0.210031345487, "dmean2": 0.420109719038, "dvar": 0.165907487273, "dvar2": 0.328495830297, "max": 1, "mean": 0.507332384586, "median": 1, "min": 0, "var": 0.249949008226}, "silence_rate_60dB": {"dmean": 0.00626959232613, "dmean2": 0.0124286189675, "dvar": 0.00622917618603, "dvar2": 0.0145116997883, "max": 1, "mean": 0.0222769510001, "median": 0, "min": 0, "var": 0.0217803772539}, "spectral_centroid": {"dmean": 427.217071533, "dmean2": 666.359130859, "dvar": 283014.59375, "dvar2": 585129.4375, "max": 10765.9873047, "mean": 1099.70239258, "median": 840.71887207, "min": 17.4379730225, "var": 759691.4375}, "spectral_complexity": {"dmean": 5.89431238174, "dmean2": 9.12999629974, "dvar": 52.0080032349, "dvar2": 116.362876892, "max": 57, "mean": 16.0854129791, "median": 14, "min": 0, "var": 106.717475891}, "spectral_decrease": {"dmean": 1.38427207474e-08, "dmean2": 2.34175860925e-08, "dvar": 1.98703500333e-16, "dvar2": 5.59640968058e-16, "max": 6.05538653094e-19, "mean": -2.73385047933e-08, "median": -2.38463027102e-08, "min": -1.17312353609e-07, "var": 3.41031319963e-16}, "spectral_energy": {"dmean": 0.0530302748084, "dmean2": 0.089257478714, "dvar": 0.00285343290307, "dvar2": 0.00804642774165, "max": 0.445076614618, "mean": 0.106372900307, "median": 0.0939766764641, "min": 1.09309785374e-20, "var": 0.00486620888114}, "spectral_energyband_high": {"dmean": 0.00232837698422, "dmean2": 0.00372037407942, "dvar": 2.4081700758e-05, "dvar2": 5.75341073272e-05, "max": 0.0428640209138, "mean": 0.00246034725569, "median": 0.000411813409301, "min": 8.15309197514e-21, "var": 2.59390981228e-05}, "spectral_energyband_low": {"dmean": 0.0491846948862, "dmean2": 0.0838398784399, "dvar": 0.00268199900165, "dvar2": 0.0078119370155, "max": 0.426425278187, "mean": 0.0848165974021, "median": 0.0711635351181, "min": 3.76123010484e-23, "var": 0.00433565443382}, "spectral_energyband_middle_high": {"dmean": 0.00198810664006, "dmean2": 0.00326843676157, "dvar": 9.69834491116e-06, "dvar2": 2.50303783105e-05, "max": 0.0312414132059, "mean": 0.00301320804283, "median": 0.00195847428404, "min": 1.48772502428e-21, "var": 1.18242387543e-05}, "spectral_energyband_middle_low": {"dmean": 0.00912167411298, "dmean2": 0.0154266990721, "dvar": 0.000189664802747, "dvar2": 0.000479530863231, "max": 0.15128749609, "mean": 0.0135888839141, "median": 0.00920633040369, "min": 3.26635115327e-22, "var": 0.000211854057852}, "spectral_entropy": {"dmean": 0.412510573864, "dmean2": 0.595578551292, "dvar": 0.261027038097, "dvar2": 0.502975225449, "max": 9.80476665497, "mean": 7.40738964081, "median": 7.64103794098, "min": 2.45789885521, "var": 1.10550677776}, "spectral_flux": {"dmean": 0.068194553256, "dmean2": 0.10978025198, "dvar": 0.00391734112054, "dvar2": 0.00975785125047, "max": 0.503375589848, "mean": 0.172636047006, "median": 0.160906761885, "min": 1.04551318991e-10, "var": 0.00743745034561}, "spectral_kurtosis": {"dmean": 7.60118818283, "dmean2": 12.4538183212, "dvar": 1671.73120117, "dvar2": 4578.11523438, "max": 1533.52099609, "mean": 10.9245262146, "median": 3.52775669098, "min": -1.21372783184, "var": 1661.55639648}, "spectral_rms": {"dmean": 0.00250637461431, "dmean2": 0.00412540929392, "dvar": 5.23018752574e-06, "dvar2": 1.36943481266e-05, "max": 0.0208379719406, "mean": 0.00953397154808, "median": 0.00957520585507, "min": 3.2656345076e-12, "var": 1.2881730072e-05}, "spectral_rolloff": {"dmean": 803.004455566, "dmean2": 1421.95935059, "dvar": 3824501.25, "dvar2": 8941741, "max": 19487.5488281, "mean": 894.497070312, "median": 150.732421875, "min": 21.533203125, "var": 4550359.5}, "spectral_skewness": {"dmean": 0.598887324333, "dmean2": 0.910811424255, "dvar": 1.52278089523, "dvar2": 3.42826461792, "max": 32.9490852356, "mean": 2.01202774048, "median": 1.58503735065, "min": -0.0831067487597, "var": 3.78429698944}, "spectral_spread": {"dmean": 1381143.25, "dmean2": 1943541.625, "dvar": 2639865053180.0, "dvar2": 3994014711810.0, "max": 40965488, "mean": 5889267.5, "median": 5526337.5, "min": 58788.453125, "var": 7894089072640.0}, "spectral_strongpeak": {"dmean": 0.291307330132, "dmean2": 0.508931040764, "dvar": 0.171968758106, "dvar2": 0.44967636466, "max": 18.2318019867, "mean": 0.416999936104, "median": 0.365961611271, "min": 0, "var": 0.297137439251}, "zerocrossingrate": {"dmean": 0.0184735618532, "dmean2": 0.0222380366176, "dvar": 0.000600040832069, "dvar2": 0.00075572845526, "max": 0.50830078125, "mean": 0.0463907644153, "median": 0.02783203125, "min": 0.0009765625, "var": 0.00264282268472}, "barkbands": {"dmean": [0.011533729732, 0.0403378270566, 0.00694663263857, 0.00452997721732, 0.00331744598225, 0.0017529517645, 0.000896230514627, 0.000655996904243, 0.000560650776606, 0.000432481378084, 0.000344579631928, 0.00030141780735, 0.000263436872046, 0.000190871258383, 0.000204606592888, 0.000199070767849, 0.000166820289451, 0.000267065421212, 0.000236659529037, 0.000233180369833, 0.000205078700674, 0.000320656050462, 0.000315367535222, 0.000411182991229, 0.000475061679026, 0.000568892050069, 1.25935648612e-05], "dmean2": [0.0187345985323, 0.0696952715516, 0.0114700915292, 0.00809881743044, 0.00561561388895, 0.00311469682492, 0.00152986648027, 0.00108226120938, 0.000922887877095, 0.000688591855578, 0.000569439667743, 0.000513903796673, 0.000443030206952, 0.000324349006405, 0.000345194508554, 0.000341386301443, 0.00027655204758, 0.000462380616227, 0.000401541852625, 0.000388500222471, 0.000328146648826, 0.000554799160454, 0.00052673718892, 0.000660940364469, 0.000777275883593, 0.00088004861027, 2.11099522858e-05], "dvar": [0.00027228979161, 0.00201075500809, 0.000110572334961, 5.48907264601e-05, 2.99665625789e-05, 2.10241450986e-05, 6.03209446126e-06, 1.87924001693e-06, 1.12607301617e-06, 5.71098951241e-07, 4.50454251677e-07, 5.79124389333e-07, 2.52166728387e-07, 1.55347322561e-07, 2.868629565e-07, 1.92516182551e-07, 1.15258700362e-07, 5.49360379409e-07, 2.74079553719e-07, 3.22367981198e-07, 1.8308699623e-07, 4.83264898321e-07, 4.09679643099e-07, 8.59210672388e-07, 1.39544238209e-06, 2.15573572859e-06, 6.25788698638e-10], "dvar2": [0.000676603580359, 0.00592452473938, 0.000277009239653, 0.000156061651069, 7.92389109847e-05, 5.80721498409e-05, 1.67946946021e-05, 4.58907197753e-06, 2.75382740256e-06, 1.26200757222e-06, 1.12277666631e-06, 1.59002945566e-06, 6.33766603642e-07, 3.9333721702e-07, 6.88881982569e-07, 5.23440121469e-07, 2.81751482589e-07, 1.51835934048e-06, 7.08671791472e-07, 8.33929334476e-07, 3.99835982989e-07, 1.3036845985e-06, 1.04271919099e-06, 2.06404934033e-06, 3.52687379745e-06, 4.66331857751e-06, 1.52282908505e-09], "max": [0.186114490032, 0.366588830948, 0.129475086927, 0.0809056162834, 0.0698732212186, 0.0678771957755, 0.0488707050681, 0.0285174176097, 0.0203540753573, 0.0192841980606, 0.0112718651071, 0.0134503757581, 0.00666190125048, 0.0125559708104, 0.0195817425847, 0.00594227341935, 0.0037267212756, 0.0104707051069, 0.0109518282115, 0.0139027880505, 0.015030477196, 0.0075369453989, 0.00633799377829, 0.00827101431787, 0.00984054896981, 0.0119793433696, 0.000805049727205], "mean": [0.0232293661684, 0.055363651365, 0.00881612487137, 0.00515954382718, 0.00442715128884, 0.00151430652477, 0.000920884893276, 0.000725777703337, 0.000641869148239, 0.00058949488448, 0.000417642731918, 0.000333812640747, 0.000285717280349, 0.000206385229831, 0.000240111505263, 0.000211933904211, 0.000189421785763, 0.000256391154835, 0.00025073895813, 0.00027033695369, 0.000279566680547, 0.000345744832885, 0.000351450958988, 0.000409387983382, 0.000409663451137, 0.000505409087054, 2.1283458409e-05], "median": [0.00879798643291, 0.0432929433882, 0.00437084585428, 0.00292182830162, 0.0019433767302, 0.000464921060484, 0.000308424641844, 0.000254043552559, 0.000255781022133, 0.000289482879452, 0.000175977518666, 0.000143431476317, 0.000116802497359, 7.74665822973e-05, 8.88618596946e-05, 6.92086396157e-05, 6.44032625132e-05, 7.54577922635e-05, 6.448723434e-05, 7.53646163503e-05, 6.19397324044e-05, 5.87172035011e-05, 5.31651239726e-05, 4.12946428696e-05, 3.32411073032e-05, 2.26648771786e-05, 1.78168079401e-06], "min": [2.58461696733e-24, 2.86340163397e-23, 2.85556209207e-24, 1.30165125919e-23, 5.27620023908e-23, 4.82386676494e-23, 4.0785503506e-23, 6.9319713164e-23, 1.00711006627e-22, 1.28880970806e-23, 4.11396137e-23, 8.45595213545e-23, 7.60043816353e-23, 6.84782131483e-23, 1.49538694626e-22, 2.08173236342e-22, 1.65534130589e-22, 2.19227474787e-22, 2.66984205221e-22, 2.84473617521e-22, 4.91768921095e-22, 5.32027736885e-22, 7.07312175641e-22, 1.19052787553e-21, 1.21235910252e-21, 1.81637230289e-21, 2.29539570563e-21], "var": [0.000779421243351, 0.00259113847278, 0.000135301335831, 5.10032441525e-05, 4.14215355704e-05, 1.42842418427e-05, 4.39284849563e-06, 2.07404468711e-06, 1.2779539702e-06, 9.97249799184e-07, 5.47336924228e-07, 4.8975118716e-07, 2.57509185531e-07, 1.58974785336e-07, 3.33765541427e-07, 1.69519964288e-07, 1.34520789175e-07, 3.9408092789e-07, 3.19971690033e-07, 4.18322031237e-07, 4.99793145536e-07, 5.34938010333e-07, 5.24377753663e-07, 8.89822672434e-07, 1.17331387628e-06, 2.19604476115e-06, 4.3955084017e-09]}, "erbbands": {"dmean": [1.74770915508, 7.46649312973, 8.82878303528, 11.5387191772, 11.325963974, 12.3497877121, 12.3179426193, 15.0062713623, 12.0255947113, 13.7275896072, 14.9082422256, 13.2787828445, 13.3880386353, 12.9992265701, 12.9251527786, 12.81939888, 11.6115932465, 10.37022686, 10.7593927383, 10.0240192413, 10.1807432175, 8.99219608307, 12.3012294769, 15.407040596, 10.6565942764, 11.3124923706, 7.93499517441, 9.12316989899, 9.604804039, 13.6979150772, 7.96293449402, 7.86730718613, 7.60819578171, 6.11956453323, 3.02545952797, 2.94334173203, 0.949939250946, 0.0635964497924, 0.00287867267616, 0.000201783099328], "dmean2": [3.05927443504, 12.8130912781, 14.4916620255, 20.203119278, 19.7868404388, 21.0656166077, 21.7740859985, 26.5795249939, 20.9615821838, 23.1855449677, 24.2870464325, 21.4807243347, 21.4692420959, 20.9917621613, 21.4479904175, 21.4884490967, 19.3275718689, 17.7031002045, 18.0935878754, 16.9949398041, 17.1006088257, 14.8565320969, 21.4113349915, 26.2193832397, 17.9763202667, 19.0898571014, 13.3067007065, 14.725186348, 16.4682579041, 23.4480113983, 13.188372612, 12.4177799225, 12.6789636612, 10.0648756027, 4.80726051331, 4.5158867836, 1.50195217133, 0.10207786411, 0.00467372825369, 0.000321645376971], "dvar": [4.15203094482, 87.8284988403, 165.174804688, 330.319396973, 413.968231201, 388.124969482, 646.008361816, 1701.86303711, 1447.0098877, 917.086181641, 1126.75756836, 593.559936523, 625.005065918, 481.402923584, 621.125183105, 967.949829102, 479.789642334, 470.371307373, 967.938781738, 416.320159912, 467.468536377, 353.919525146, 1017.99932861, 1516.84362793, 472.013824463, 776.45123291, 258.963134766, 465.828704834, 373.029907227, 967.250244141, 261.380828857, 284.687072754, 353.633911133, 227.782852173, 57.2377738953, 56.7059364319, 6.28073835373, 0.0221927314997, 2.96473990602e-05, 1.22540640746e-07], "dvar2": [12.9077358246, 251.34777832, 409.888946533, 906.926330566, 1129.41955566, 996.706665039, 1808.8782959, 4723.47607422, 4127.38867188, 2440.91503906, 2676.21826172, 1417.63342285, 1378.58105469, 1118.78173828, 1603.13952637, 2520.03540039, 1189.59472656, 1221.13623047, 2305.63989258, 1057.76159668, 1249.03173828, 863.899353027, 2801.99023438, 4105.81640625, 1214.04882812, 2013.84411621, 690.366455078, 963.517883301, 1001.7612915, 2549.99633789, 654.675048828, 673.632202148, 899.310119629, 570.032287598, 144.041748047, 120.762565613, 14.0591259003, 0.0511404536664, 7.02347169863e-05, 2.87948267896e-07], "max": [15.3418178558, 68.3450698853, 150.076461792, 184.781799316, 294.49407959, 321.779724121, 315.081085205, 592.570739746, 743.036010742, 427.762573242, 749.409545898, 474.457214355, 741.659545898, 456.58102417, 390.923919678, 639.272460938, 264.57824707, 710.697814941, 1231.31164551, 265.329925537, 349.1434021, 215.604248047, 480.665649414, 649.450561523, 494.073730469, 619.040649414, 251.692687988, 879.14855957, 272.63168335, 310.817352295, 220.685714722, 187.884719849, 165.734008789, 119.479232788, 66.8246765137, 62.5109481812, 19.7805423737, 1.45029616356, 0.154148772359, 0.0144420610741], "mean": [2.28451156616, 9.84153461456, 12.4654445648, 14.5179672241, 13.7546291351, 17.0147457123, 12.6634540558, 12.7175598145, 12.0056600571, 14.8989610672, 16.5530204773, 15.7477226257, 16.6928977966, 18.4119625092, 16.2175159454, 15.0003757477, 13.324681282, 11.4038677216, 12.7540206909, 11.7482938766, 11.5020227432, 10.2239351273, 12.3357686996, 15.7100954056, 11.9540929794, 12.7394199371, 9.72915744781, 12.4331893921, 10.9801950455, 14.2278766632, 9.16565990448, 8.49223899841, 6.86519145966, 5.18488550186, 2.74363064766, 2.66980862617, 0.809908092022, 0.060093909502, 0.00416580308229, 0.000389489141526], "median": [1.54988431931, 6.73698997498, 7.40351104736, 9.37656593323, 7.44104719162, 6.91894006729, 4.78647279739, 3.70599222183, 4.52194452286, 4.98580265045, 6.21577978134, 6.55702447891, 7.84439754486, 10.2537164688, 7.47520685196, 6.92904043198, 6.0697016716, 4.699696064, 5.05598497391, 4.5234413147, 4.01345205307, 3.57894515991, 4.49508857727, 3.8811378479, 3.45233988762, 3.41259837151, 2.68127393723, 2.44601035118, 2.06586050987, 1.79252076149, 1.4649566412, 1.0340949297, 0.577170073986, 0.373520940542, 0.235992819071, 0.149370625615, 0.0301347170025, 0.00404725410044, 0.000381413876312, 0.000169287843164], "min": [1.04358477309e-21, 5.65256375748e-21, 4.65778496294e-21, 1.98037911547e-20, 5.46895954986e-20, 2.9211384439e-19, 3.1395490223e-19, 3.61062502072e-19, 4.72138150033e-19, 7.44759354041e-19, 1.96609416511e-18, 1.89466112216e-18, 1.38238816881e-18, 7.16595146654e-19, 2.26933713011e-18, 4.14428033442e-18, 4.09289587477e-18, 3.85706875008e-18, 7.20211352817e-18, 8.78722980984e-18, 1.06062537436e-17, 9.41969045183e-18, 1.14954034189e-17, 1.04170990442e-17, 1.99007479282e-17, 9.42505554529e-18, 1.35998683569e-17, 2.42238287287e-17, 1.86892244614e-17, 1.79140966705e-17, 2.11818769891e-17, 2.10547525638e-17, 2.01977818687e-17, 1.13969126777e-17, 9.98642497672e-18, 5.81010752359e-18, 3.59321881419e-18, 1.46038892243e-18, 3.05421810428e-19, 3.26410995021e-20], "var": [5.05094337463, 107.219314575, 220.285125732, 322.06539917, 379.034210205, 712.232055664, 527.125854492, 1130.91699219, 946.18182373, 807.357055664, 1274.39025879, 734.199768066, 946.651062012, 815.36315918, 741.473815918, 881.091552734, 510.53918457, 462.069610596, 1122.29162598, 447.924835205, 436.708007812, 398.830566406, 739.029663086, 1499.45678711, 607.566162109, 941.022827148, 282.278289795, 1428.66345215, 497.42376709, 1062.40026855, 353.246795654, 342.858520508, 302.568054199, 191.840713501, 50.7267303467, 59.3476524353, 6.00764703751, 0.0228689070791, 0.000129859457957, 8.65857657573e-07]}, "gfcc": {"mean": [-8.68183231354, 89.385925293, -64.7503662109, 40.7219924927, -38.5417366028, 26.5046825409, -20.3830699921, 13.7781972885, -18.8861446381, 3.53767418861, -12.6745071411, 2.79362082481, -8.06463623047], "cov": [[21021.3691406, -2204.88085938, -1470.24536133, 797.052368164, -1473.390625, 517.132263184, -964.001708984, 512.504089355, -699.179077148, 402.188201904, -679.703369141, 286.541534424, -610.942199707], [-2204.88085938, 3027.15087891, 180.250854492, -226.265716553, 788.866821289, -304.820343018, 428.661071777, -251.149017334, 234.954940796, -311.047454834, 276.009643555, -249.011566162, 208.258514404], [-1470.24536133, 180.250854492, 1438.29785156, 119.927490234, 284.763671875, 207.978805542, 156.615600586, 15.9375457764, 39.162361145, 5.40490913391, 41.8247642517, 17.2491779327, 30.7247543335], [797.052368164, -226.265716553, 119.927490234, 791.552856445, 87.5556106567, 56.7092475891, 43.0878601074, 68.4381790161, 3.98240828514, -8.50778198242, 25.4468021393, -30.7920684814, 3.34962582588], [-1473.390625, 788.866821289, 284.763671875, 87.5556106567, 683.376342773, -22.6862888336, 216.167770386, -44.9680404663, 160.718154907, -75.5599441528, 124.151451111, -76.1399993896, 116.638626099], [517.132263184, -304.820343018, 207.978805542, 56.7092475891, -22.6862888336, 284.910888672, 31.160654068, 71.7977294922, -3.59996175766, 60.9686431885, -43.8012008667, 32.6698493958, -26.7077503204], [-964.001708984, 428.661071777, 156.615600586, 43.0878601074, 216.167770386, 31.160654068, 279.996276855, 16.9912376404, 104.865135193, -45.1094741821, 90.7626495361, -37.03490448, 63.1549186707], [512.504089355, -251.149017334, 15.9375457764, 68.4381790161, -44.9680404663, 71.7977294922, 16.9912376404, 160.587158203, 16.8511505127, 59.6682281494, -18.0624465942, 35.3709907532, -31.3339920044], [-699.179077148, 234.954940796, 39.162361145, 3.98240828514, 160.718154907, -3.59996175766, 104.865135193, 16.8511505127, 176.324478149, 20.3270683289, 72.9248046875, -26.9347076416, 48.2871894836], [402.188201904, -311.047454834, 5.40490913391, -8.50778198242, -75.5599441528, 60.9686431885, -45.1094741821, 59.6682281494, 20.3270683289, 133.171691895, -10.9392957687, 45.4084434509, -26.6154098511], [-679.703369141, 276.009643555, 41.8247642517, 25.4468021393, 124.151451111, -43.8012008667, 90.7626495361, -18.0624465942, 72.9248046875, -10.9392957687, 126.461807251, -3.35606622696, 47.4974441528], [286.541534424, -249.011566162, 17.2491779327, -30.7920684814, -76.1399993896, 32.6698493958, -37.03490448, 35.3709907532, -26.9347076416, 45.4084434509, -3.35606622696, 92.2744750977, -1.42071259022], [-610.942199707, 208.258514404, 30.7247543335, 3.34962582588, 116.638626099, -26.7077503204, 63.1549186707, -31.3339920044, 48.2871894836, -26.6154098511, 47.4974441528, -1.42071259022, 88.4834823608]], "icov": [[0.000104569568066, -0.000134575617267, 0.000119808166346, -0.000180099843419, 6.15742101218e-05, -0.000196821740246, 0.000193735526409, -0.000155986432219, 0.000149820101797, -0.000189601589227, 0.000316655554343, -0.000358316145139, 0.000355353724444], [-0.000134575617267, 0.00106623244938, -0.000205584947253, 0.00061029358767, -0.000523182097822, 0.000635670672636, -0.000715769187082, 0.000444529927336, -0.000182455449249, 0.00109340227209, -0.00128718174528, 0.00177407381125, -0.000692715577316], [0.000119808166346, -0.000205584947253, 0.00104050920345, -0.000298220169498, -0.000310521980282, -0.000886680732947, -5.02548718941e-05, 8.14383965917e-05, 0.000385433289921, -0.000307771115331, 0.000327304849634, -0.000928296067286, 0.000673973583616], [-0.000180099843419, 0.00061029358767, -0.000298220169498, 0.00192472222261, -0.000418611132773, 0.000182326126378, -0.00023444184626, -0.000686654122546, 0.000345854234183, 0.000818590458948, -0.00169365038164, 0.00228273891844, -0.00111493724398], [6.15742101218e-05, -0.000523182097822, -0.000310521980282, -0.000418611132773, 0.00302416156046, -0.000324106920743, -0.000155796355102, -0.000152050459292, -0.0011228028452, 0.000145920901559, -7.99850022304e-05, 0.000495014886837, -0.0015392008936], [-0.000196821740246, 0.000635670672636, -0.000886680732947, 0.000182326126378, -0.000324106920743, 0.00600222451612, -0.00233205873519, -0.000143954253872, -0.000275109719951, -0.00129201659001, 0.00188938539941, -9.5230723673e-05, 4.40970834461e-05], [0.000193735526409, -0.000715769187082, -5.02548718941e-05, -0.00023444184626, -0.000155796355102, -0.00233205873519, 0.00812861323357, -0.00295608770102, -0.0012901526643, 0.00214813440107, -0.00273975683376, 0.000934837502427, -0.00146257353481], [-0.000155986432219, 0.000444529927336, 8.14383965917e-05, -0.000686654122546, -0.000152050459292, -0.000143954253872, -0.00295608770102, 0.0106998998672, -0.00242615072057, -0.00188208976761, 0.00182097300421, -0.00358236185275, 0.00365325459279], [0.000149820101797, -0.000182455449249, 0.000385433289921, 0.000345854234183, -0.0011228028452, -0.000275109719951, -0.0012901526643, -0.00242615072057, 0.0120441829786, -0.00507192732766, -0.00338148185983, 0.0045045632869, -0.00343519635499], [-0.000189601589227, 0.00109340227209, -0.000307771115331, 0.000818590458948, 0.000145920901559, -0.00129201659001, 0.00214813440107, -0.00188208976761, -0.00507192732766, 0.0148653183132, -0.00245657633059, -0.00282387831248, 0.00192383478861], [0.000316655554343, -0.00128718174528, 0.000327304849634, -0.00169365038164, -7.99850022304e-05, 0.00188938539941, -0.00273975683376, 0.00182097300421, -0.00338148185983, -0.00245657633059, 0.0170630570501, -0.00676907971501, 0.000280849926639], [-0.000358316145139, 0.00177407381125, -0.000928296067286, 0.00228273891844, 0.000495014886837, -9.5230723673e-05, 0.000934837502427, -0.00358236185275, 0.0045045632869, -0.00282387831248, -0.00676907971501, 0.0221930667758, -0.00834843982011], [0.000355353724444, -0.000692715577316, 0.000673973583616, -0.00111493724398, -0.0015392008936, 4.40970834461e-05, -0.00146257353481, 0.00365325459279, -0.00343519635499, 0.00192383478861, 0.000280849926639, -0.00834843982011, 0.0217421203852]]}, "melbands": {"dmean": [0.0131314629689, 0.00609451811761, 0.00190534174908, 0.000796881504357, 0.000454341032309, 0.000331413379172, 0.000187297016964, 0.000144437595736, 0.000117000272439, 8.38345367811e-05, 6.67591230012e-05, 5.32757403562e-05, 4.9425085308e-05, 3.6782308598e-05, 2.6376112146e-05, 2.47374446189e-05, 1.93290907191e-05, 1.73425032699e-05, 1.39352096085e-05, 1.42333501572e-05, 1.18697644211e-05, 9.31993781705e-06, 1.0102980923e-05, 1.30941125462e-05, 1.2942916328e-05, 8.49809839565e-06, 7.10780568625e-06, 8.00548332336e-06, 5.21164201928e-06, 4.68286862088e-06, 5.72236558583e-06, 4.74332773592e-06, 8.04291721579e-06, 7.40555606171e-06, 4.50813467978e-06, 4.3619547796e-06, 4.80758853882e-06, 5.09625260747e-06, 5.98788437856e-06, 4.77696903545e-06], "dmean2": [0.022756498307, 0.0100217796862, 0.00329187349416, 0.00134335411713, 0.000797003682237, 0.000586582056712, 0.000324790016748, 0.000243833725108, 0.000190520775504, 0.00013588211732, 0.000107209634734, 8.60571890371e-05, 8.19202177809e-05, 6.29249916528e-05, 4.31912012573e-05, 4.22663215431e-05, 3.29511785822e-05, 2.91983342322e-05, 2.34921153606e-05, 2.45500577876e-05, 1.97547105927e-05, 1.51710100909e-05, 1.78086738742e-05, 2.24330597121e-05, 2.21063128265e-05, 1.45336343849e-05, 1.19430378618e-05, 1.36407988975e-05, 8.86359521246e-06, 7.55501969252e-06, 9.42264432524e-06, 8.18548141979e-06, 1.39664225571e-05, 1.26295908558e-05, 7.50914250602e-06, 7.0479122769e-06, 7.60795637689e-06, 8.55162852531e-06, 1.00187489807e-05, 7.80425216362e-06], "dvar": [0.000215166408452, 6.17159894318e-05, 9.0379444373e-06, 1.66248059941e-06, 7.38526637178e-07, 8.18678017822e-07, 3.33747777859e-07, 9.43461984093e-08, 6.89773713702e-08, 2.44727313969e-08, 1.55397117396e-08, 8.63737259493e-09, 9.66503410638e-09, 8.80095818445e-09, 2.5109008206e-09, 2.52350740304e-09, 1.83621584604e-09, 2.43519537868e-09, 8.97952712187e-10, 9.74328728809e-10, 6.82115863793e-10, 4.04527161768e-10, 5.38275424233e-10, 1.29249078107e-09, 1.11530751301e-09, 3.66048857892e-10, 2.62515315042e-10, 4.42878150819e-10, 1.2444609232e-10, 6.99319629982e-11, 2.41931974454e-10, 8.61572480026e-11, 3.69061448069e-10, 2.5452173702e-10, 8.44552552892e-11, 7.50374207215e-11, 1.10172565515e-10, 1.63490984639e-10, 2.24125148995e-10, 1.33812377845e-10], "dvar2": [0.000655109179206, 0.00016256798699, 2.46273357334e-05, 4.32964816355e-06, 2.04557409234e-06, 2.26653492064e-06, 9.47149942476e-07, 2.51478724067e-07, 1.66139471958e-07, 5.80747823165e-08, 3.43706254569e-08, 1.98959142494e-08, 2.44185098808e-08, 2.45263027665e-08, 6.1663749662e-09, 6.62243682115e-09, 4.70641436934e-09, 5.82689674289e-09, 2.26061480646e-09, 2.61628851916e-09, 1.80208936662e-09, 9.49923029125e-10, 1.46151057923e-09, 3.55601081914e-09, 3.01370572942e-09, 9.34444854828e-10, 6.36382835317e-10, 1.16609766287e-09, 3.38915034925e-10, 1.66813743374e-10, 5.16393150463e-10, 2.34796071474e-10, 9.93696125384e-10, 6.59727050767e-10, 2.13150039285e-10, 1.87601364998e-10, 2.5237650858e-10, 4.23063889476e-10, 5.65225422022e-10, 3.31845939616e-10], "max": [0.121788822114, 0.0684779509902, 0.0297990180552, 0.0183247812092, 0.0112876649946, 0.0130029534921, 0.0113172689453, 0.00411470420659, 0.00587481819093, 0.00257370760664, 0.00369514082558, 0.00202509085648, 0.00170606572647, 0.00180208403617, 0.00101410865318, 0.000584250257816, 0.00161856878549, 0.001933640684, 0.000640206388198, 0.000553448684514, 0.000420900294557, 0.000260682078078, 0.000339106743922, 0.000491792045068, 0.000634189054836, 0.000360048841685, 0.000609629380051, 0.000335747899953, 0.000173242369783, 0.000181209936272, 0.000654369243421, 0.000108118205389, 0.000213424922549, 0.000151480795466, 0.000139752606628, 0.000110412562208, 0.000120722950669, 0.000119602242194, 0.000116679162602, 9.46585132624e-05], "mean": [0.019512001425, 0.00890806689858, 0.00251075415872, 0.0011084767757, 0.000519317400176, 0.000281720771454, 0.000188041041838, 0.000158513852512, 0.000129983949591, 9.69939574134e-05, 8.24948365334e-05, 7.46387740946e-05, 5.95966630499e-05, 4.04918719141e-05, 3.19810715155e-05, 2.65221751761e-05, 2.04990992643e-05, 2.00051654247e-05, 1.63002532645e-05, 1.53054279508e-05, 1.3087282241e-05, 1.05798062577e-05, 9.85594851954e-06, 1.29477521114e-05, 1.28833680719e-05, 8.75244222698e-06, 8.77777165442e-06, 8.40945904201e-06, 6.01164128966e-06, 6.03252874498e-06, 7.62204172133e-06, 5.37790401722e-06, 8.20152763481e-06, 7.6068290582e-06, 5.11513280799e-06, 4.86528551846e-06, 5.18380193171e-06, 4.55987856185e-06, 5.11957978233e-06, 4.02579007641e-06], "median": [0.0153069058433, 0.00589991174638, 0.00158850336447, 0.000527520198375, 0.000209964360693, 8.10295387055e-05, 6.89677035552e-05, 5.56761842745e-05, 5.00757087138e-05, 3.81655008823e-05, 3.84245649911e-05, 4.08429259551e-05, 2.51248220593e-05, 1.73412754521e-05, 1.60734907695e-05, 1.11596909846e-05, 7.42068414183e-06, 7.73329520598e-06, 6.00549992669e-06, 5.37296909897e-06, 4.12814324591e-06, 3.25965697812e-06, 3.30525426762e-06, 3.5272698824e-06, 2.65377502728e-06, 2.31297303799e-06, 2.36063033299e-06, 2.07534571928e-06, 1.72703744283e-06, 1.35491518449e-06, 1.34535162033e-06, 1.11074484721e-06, 1.09111340407e-06, 9.00704719697e-07, 8.21333628664e-07, 7.72773830704e-07, 5.65610605463e-07, 4.0110160171e-07, 3.29464654669e-07, 3.03790272937e-07], "min": [9.07145075933e-24, 3.99621236253e-24, 4.54462964713e-24, 1.15594723005e-23, 1.15932891897e-23, 8.66273798003e-24, 7.51218671634e-24, 8.96280725774e-24, 1.60090106819e-23, 1.29682887359e-23, 6.77766333914e-24, 2.47282176921e-24, 5.66557890534e-24, 9.36180915929e-24, 1.20929513205e-23, 5.76690256659e-24, 7.28677207926e-24, 1.03258808047e-23, 1.07981434297e-23, 1.32989342623e-23, 1.21374075768e-23, 1.01563877284e-23, 8.10452028197e-24, 1.15257382416e-23, 7.24821255821e-24, 1.3938430666e-23, 1.37658152782e-23, 4.50743958861e-24, 7.08406164789e-24, 1.04619072461e-23, 1.59565861416e-23, 1.07632323903e-23, 9.62514355123e-24, 1.03559364052e-23, 1.26029096638e-23, 1.04955450639e-23, 1.50186463025e-23, 1.40004761539e-23, 1.33852246013e-23, 8.50896295719e-24], "var": [0.000293345103273, 8.87652786332e-05, 9.24044525163e-06, 2.35823654293e-06, 7.73408544319e-07, 5.48582306692e-07, 2.22387598114e-07, 8.43033305387e-08, 7.69952848145e-08, 2.98143163491e-08, 2.34850485725e-08, 1.48360825847e-08, 1.15012355195e-08, 7.29546023592e-09, 2.73575162524e-09, 2.3224451251e-09, 1.8263666135e-09, 2.77949463445e-09, 9.95951321414e-10, 9.01682006837e-10, 6.42377762095e-10, 5.08725450654e-10, 4.19377310656e-10, 9.65710511558e-10, 1.1431958713e-09, 3.73619968297e-10, 5.49076228928e-10, 4.30542185237e-10, 1.1716477788e-10, 1.28383192965e-10, 7.17161052766e-10, 1.07207340228e-10, 3.87295251425e-10, 2.85850648707e-10, 1.12052818413e-10, 1.07484882106e-10, 1.3258735776e-10, 1.37008612788e-10, 1.86507712052e-10, 1.14732404133e-10]}, "mfcc": {"mean": [-662.75213623, 122.543823242, 35.7252349854, 31.7334880829, 15.3139448166, 19.2320861816, 14.5251741409, 15.074640274, 7.53065633774, 7.4176158905, 3.4966776371, 2.46479773521, 2.21628570557], "cov": [[14334.6376953, -1215.37536621, -645.306091309, -509.511657715, -624.424133301, -409.798736572, -517.126220703, -325.413726807, -269.169891357, -193.946868896, -176.557815552, -192.69670105, -120.620506287], [-1215.37536621, 2983.05517578, -190.7759552, 83.7129058838, 188.98739624, 66.3866958618, 134.997375488, 60.3771209717, -18.8866596222, -0.785309314728, -58.3972511292, -11.9638843536, -66.4454650879], [-645.306091309, -190.7759552, 1012.9208374, 43.1999320984, 75.5436782837, 127.68699646, 109.974906921, 54.5467681885, 36.9610443115, -23.2033367157, 28.3648777008, 6.95775985718, 19.8579864502], [-509.511657715, 83.7129058838, 43.1999320984, 563.882873535, 182.676177979, 61.7734489441, 88.5814437866, 48.2832641602, 16.5929450989, 33.580619812, 10.4292154312, 11.7990760803, 0.347950041294], [-624.424133301, 188.98739624, 75.5436782837, 182.676177979, 336.989013672, 116.240905762, 71.7544326782, 33.4026374817, 47.8156166077, 36.0856323242, 23.321144104, 11.5096588135, 1.39336168766], [-409.798736572, 66.3866958618, 127.68699646, 61.7734489441, 116.240905762, 197.407913208, 85.7547683716, 47.3697929382, 53.6139907837, 32.63697052, 16.2032756805, 24.6793766022, 6.34103631973], [-517.126220703, 134.997375488, 109.974906921, 88.5814437866, 71.7544326782, 85.7547683716, 166.26399231, 81.0494537354, 39.577911377, 17.8599338531, 17.7358150482, 15.0341415405, 9.96913146973], [-325.413726807, 60.3771209717, 54.5467681885, 48.2832641602, 33.4026374817, 47.3697929382, 81.0494537354, 129.455505371, 50.46641922, 35.4034843445, 20.5962314606, 19.7359542847, 5.97202348709], [-269.169891357, -18.8866596222, 36.9610443115, 16.5929450989, 47.8156166077, 53.6139907837, 39.577911377, 50.46641922, 115.927391052, 51.1789779663, 34.0863952637, 25.4715652466, 22.9651660919], [-193.946868896, -0.785309314728, -23.2033367157, 33.580619812, 36.0856323242, 32.63697052, 17.8599338531, 35.4034843445, 51.1789779663, 93.721321106, 48.56016922, 31.3058490753, 13.2636184692], [-176.557815552, -58.3972511292, 28.3648777008, 10.4292154312, 23.321144104, 16.2032756805, 17.7358150482, 20.5962314606, 34.0863952637, 48.56016922, 87.7413024902, 43.1023292542, 24.6685142517], [-192.69670105, -11.9638843536, 6.95775985718, 11.7990760803, 11.5096588135, 24.6793766022, 15.0341415405, 19.7359542847, 25.4715652466, 31.3058490753, 43.1023292542, 75.0957565308, 41.2043647766], [-120.620506287, -66.4454650879, 19.8579864502, 0.347950041294, 1.39336168766, 6.34103631973, 9.96913146973, 5.97202348709, 22.9651660919, 13.2636184692, 24.6685142517, 41.2043647766, 77.2691726685]], "icov": [[8.67677517817e-05, 2.71056196652e-05, 3.48488938471e-05, 1.43321612995e-05, 8.43578091008e-05, -1.00239712992e-05, 0.000142809818499, 2.74964349956e-05, 4.65110751975e-05, 3.9228812966e-05, 1.78230147867e-05, 0.000109661748866, 4.37621092715e-05], [2.71056196652e-05, 0.00039626628859, 0.000112259083835, 7.55531727918e-05, -0.000221291120397, 7.00644450262e-05, -0.000352590053808, -2.82122437056e-05, 0.000167718797456, -5.92965698161e-05, 0.000387130916351, -0.000261298177065, 0.000375869160052], [3.48488938471e-05, 0.000112259083835, 0.00121688097715, 2.34489780269e-05, -1.31706246975e-05, -0.000679893011693, -0.00040115750744, -0.000190315549844, -5.73161487409e-05, 0.00103209039662, -0.000712191977073, 0.000465571181849, -0.000220435278607], [1.43321612995e-05, 7.55531727918e-05, 2.34489780269e-05, 0.00231864838861, -0.00122914253734, 0.000385258172173, -0.000955644412898, -0.000196279681404, 0.000663384445943, -0.000775715627242, 0.000583590590395, -0.000313691562042, 0.000116845330922], [8.43578091008e-05, -0.000221291120397, -1.31706246975e-05, -0.00122914253734, 0.00473878346384, -0.00214303098619, 6.89034277457e-05, 0.000643415318336, -0.000814865517896, -0.000120219585369, -0.000998454750516, 0.00107567978557, -9.92280911305e-06], [-1.00239712992e-05, 7.00644450262e-05, -0.000679893011693, 0.000385258172173, -0.00214303098619, 0.00872274674475, -0.00317120784894, 0.000583242624998, -0.00179971707985, -0.00156898912974, 0.00223902356811, -0.0029486969579, 0.00156629749108], [0.000142809818499, -0.000352590053808, -0.00040115750744, -0.000955644412898, 6.89034277457e-05, -0.00317120784894, 0.0117919044569, -0.00563445780426, -8.52261291584e-05, 0.00209902273491, -0.00168934743851, 0.00155422370881, -0.00142420607153], [2.74964349956e-05, -2.82122437056e-05, -0.000190315549844, -0.000196279681404, 0.000643415318336, 0.000583242624998, -0.00563445780426, 0.013144669123, -0.0032710887026, -0.00264559336938, 0.00104773649946, -0.00188958540093, 0.00181947636884], [4.65110751975e-05, 0.000167718797456, -5.73161487409e-05, 0.000663384445943, -0.000814865517896, -0.00179971707985, -8.52261291584e-05, -0.0032710887026, 0.0142147596925, -0.00523366965353, -0.000864718167577, 0.00114686589222, -0.00300711998716], [3.9228812966e-05, -5.92965698161e-05, 0.00103209039662, -0.000775715627242, -0.000120219585369, -0.00156898912974, 0.00209902273491, -0.00264559336938, -0.00523366965353, 0.0199879501015, -0.00830555893481, -0.00167785515077, 0.00148387008812], [1.78230147867e-05, 0.000387130916351, -0.000712191977073, 0.000583590590395, -0.000998454750516, 0.00223902356811, -0.00168934743851, 0.00104773649946, -0.000864718167577, -0.00830555893481, 0.0210286211222, -0.00886761490256, 0.000210304031498], [0.000109661748866, -0.000261298177065, 0.000465571181849, -0.000313691562042, 0.00107567978557, -0.0029486969579, 0.00155422370881, -0.00188958540093, 0.00114686589222, -0.00167785515077, -0.00886761490256, 0.0260524693877, -0.0111181400716], [4.37621092715e-05, 0.000375869160052, -0.000220435278607, 0.000116845330922, -9.92280911305e-06, 0.00156629749108, -0.00142420607153, 0.00181947636884, -0.00300711998716, 0.00148387008812, 0.000210304031498, -0.0111181400716, 0.0198049191386]]}, "spectral_contrast_coeffs": {"dmean": [0.0592478364706, 0.054597530514, 0.0438968464732, 0.0325589887798, 0.0267436131835, 0.0237996913493], "dmean2": [0.0992707461119, 0.0881491973996, 0.0701266080141, 0.0519297607243, 0.0415850877762, 0.0359126403928], "dvar": [0.00239495234564, 0.00205133319832, 0.00141968321986, 0.000831058074255, 0.000586229085457, 0.000519489694852], "dvar2": [0.00639501726255, 0.00514345895499, 0.00325624691322, 0.00192894833162, 0.0012908524368, 0.00110518443398], "max": [-0.327253848314, -0.427161037922, -0.392812997103, -0.538587450981, -0.594274282455, -0.59657907486], "mean": [-0.680120110512, -0.769934535027, -0.802961528301, -0.818398594856, -0.812663137913, -0.791456222534], "median": [-0.686817228794, -0.7757563591, -0.810436248779, -0.822874307632, -0.813311815262, -0.796805262566], "min": [-0.96589243412, -0.967136979103, -0.970425128937, -0.970696926117, -0.966411352158, -0.966222763062], "var": [0.00640650186688, 0.00482387701049, 0.00383930513635, 0.00257007707842, 0.002300176071, 0.00249381293543]}, "spectral_contrast_valleys": {"dmean": [0.493649452925, 0.643510758877, 0.536664426327, 0.594448745251, 0.623500645161, 0.772402405739], "dmean2": [0.794008255005, 0.992472589016, 0.830092549324, 0.880366206169, 0.871920108795, 1.04564642906], "dvar": [0.374456197023, 0.507759034634, 0.439589112997, 0.556251168251, 0.592869460583, 0.81382381916], "dvar2": [0.712158679962, 1.09158754349, 0.892387509346, 1.15257549286, 1.19410872459, 1.52495646477], "max": [-4.57795238495, -4.25174474716, -5.2775053978, -5.54406833649, -5.23118114471, -7.07888698578], "mean": [-6.46378087997, -7.04503488541, -7.49519348145, -8.09582996368, -8.0178861