{"lowlevel": {"average_loudness": 0.767053842545, "barkbands_crest": {"dmean": 3.28021907806, "dmean2": 5.07438707352, "dvar": 9.33891868591, "dvar2": 21.3606567383, "max": 26.8467082977, "mean": 17.1459465027, "median": 17.7389297485, "min": 2.5883936882, "var": 28.1947288513}, "barkbands_flatness_db": {"dmean": 0.0518818087876, "dmean2": 0.0737297311425, "dvar": 0.00332696107216, "dvar2": 0.00621344335377, "max": 0.799064397812, "mean": 0.251205295324, "median": 0.233955621719, "min": 0.0240162182599, "var": 0.0181903485209}, "barkbands_kurtosis": {"dmean": 69.7577819824, "dmean2": 105.835578918, "dvar": 100111.898438, "dvar2": 263791.46875, "max": 12478.5800781, "mean": 104.917709351, "median": 33.9915084839, "min": -1.91562986374, "var": 114927.507812}, "barkbands_skewness": {"dmean": 2.2894589901, "dmean2": 3.34838438034, "dvar": 10.5826673508, "dvar2": 25.47605896, "max": 86.3135604858, "mean": 6.29790735245, "median": 5.00347423553, "min": -2.88624286652, "var": 28.0030593872}, "barkbands_spread": {"dmean": 8.51548480988, "dmean2": 12.8599395752, "dvar": 163.886489868, "dvar2": 329.571746826, "max": 118.293815613, "mean": 15.9668006897, "median": 6.55589389801, "min": 0.0187793411314, "var": 432.177459717}, "dissonance": {"dmean": 0.0179159808904, "dmean2": 0.0293372683227, "dvar": 0.000507747347001, "dvar2": 0.00129948556423, "max": 0.500000119209, "mean": 0.466920942068, "median": 0.478660494089, "min": 0.0491873398423, "var": 0.00123159924988}, "dynamic_complexity": 3.54904389381, "erbbands_crest": {"dmean": 2.89166903496, "dmean2": 4.6059422493, "dvar": 8.90046787262, "dvar2": 20.6179428101, "max": 28.461977005, "mean": 9.52602386475, "median": 7.80593156815, "min": 2.02147197723, "var": 31.5479278564}, "erbbands_flatness_db": {"dmean": 0.0213120356202, "dmean2": 0.0319248475134, "dvar": 0.000859028950799, "dvar2": 0.0016413993435, "max": 0.462225347757, "mean": 0.12265791744, "median": 0.0966554358602, "min": 0.0427468158305, "var": 0.00491857388988}, "erbbands_kurtosis": {"dmean": 3.53103232384, "dmean2": 5.43415641785, "dvar": 74.8033905029, "dvar2": 157.603713989, "max": 195.587081909, "mean": 4.7784075737, "median": -0.0451266765594, "min": -1.92215585709, "var": 227.576690674}, "erbbands_skewness": {"dmean": 0.695636689663, "dmean2": 1.01416623592, "dvar": 0.710495531559, "dvar2": 1.42539894581, "max": 12.9478883743, "mean": 1.02635109425, "median": 0.566472411156, "min": -2.61813735962, "var": 3.46272420883}, "erbbands_spread": {"dmean": 18.7168331146, "dmean2": 27.6549682617, "dvar": 390.917816162, "dvar2": 856.032287598, "max": 219.613845825, "mean": 77.3173141479, "median": 77.6697769165, "min": 0.696466326714, "var": 2072.7956543}, "hfc": {"dmean": 10.4745807648, "dmean2": 16.0385551453, "dvar": 347.311859131, "dvar2": 861.80871582, "max": 174.965606689, "mean": 17.5226840973, "median": 9.21350479126, "min": 1.14591183142e-16, "var": 465.542602539}, "melbands_crest": {"dmean": 3.93348741531, "dmean2": 6.32152462006, "dvar": 14.3340625763, "dvar2": 33.5859146118, "max": 38.1213417053, "mean": 23.4667625427, "median": 24.1968841553, "min": 1.72695100307, "var": 40.2576332092}, "melbands_flatness_db": {"dmean": 0.0594293028116, "dmean2": 0.0842889025807, "dvar": 0.00432605436072, "dvar2": 0.00812349654734, "max": 0.960998117924, "mean": 0.360156565905, "median": 0.34256502986, "min": 0.00228472822346, "var": 0.0244869254529}, "melbands_kurtosis": {"dmean": 104.247497559, "dmean2": 153.834472656, "dvar": 26067.8320312, "dvar2": 57535.3398438, "max": 3070.04882812, "mean": 211.835006714, "median": 116.100151062, "min": -1.73510444164, "var": 72541.3359375}, "melbands_skewness": {"dmean": 2.67254781723, "dmean2": 3.91953587532, "dvar": 8.4835100174, "dvar2": 18.6192188263, "max": 48.1663093567, "mean": 9.3205947876, "median": 8.05384635925, "min": -0.494784772396, "var": 36.0059394836}, "melbands_spread": {"dmean": 5.38198184967, "dmean2": 8.37704467773, "dvar": 127.108711243, "dvar2": 266.053131104, "max": 228.296905518, "mean": 8.44735050201, "median": 2.56020593643, "min": 0.0603937655687, "var": 276.624725342}, "pitch_salience": {"dmean": 0.100627586246, "dmean2": 0.152446404099, "dvar": 0.00980236381292, "dvar2": 0.0216089747846, "max": 0.973622202873, "mean": 0.382261008024, "median": 0.362051993608, "min": 0.0196449831128, "var": 0.0326603502035}, "silence_rate_20dB": {"dmean": 0.0196572579443, "dmean2": 0.0393194705248, "dvar": 0.0192704033107, "dvar2": 0.0471010059118, "max": 1, "mean": 0.977069437504, "median": 1, "min": 0, "var": 0.0224031675607}, "silence_rate_30dB": {"dmean": 0.0907258093357, "dmean2": 0.181474477053, "dvar": 0.082497805357, "dvar2": 0.167204841971, "max": 1, "mean": 0.773088097572, "median": 1, "min": 0, "var": 0.175429403782}, "silence_rate_60dB": {"dmean": 0.0131048383191, "dmean2": 0.0262129809707, "dvar": 0.0129355052486, "dvar2": 0.0303142424673, "max": 1, "mean": 0.0328839607537, "median": 0, "min": 0, "var": 0.0318036787212}, "spectral_centroid": {"dmean": 349.07824707, "dmean2": 526.301269531, "dvar": 213429.40625, "dvar2": 428124.78125, "max": 11696.3476562, "mean": 947.670227051, "median": 619.364379883, "min": 54.8590927124, "var": 797166.25}, "spectral_complexity": {"dmean": 3.62323594093, "dmean2": 5.67914295197, "dvar": 31.8603477478, "dvar2": 69.3192214966, "max": 56, "mean": 8.15534877777, "median": 5, "min": 0, "var": 77.4647979736}, "spectral_decrease": {"dmean": 8.36796321124e-09, "dmean2": 1.27992247911e-08, "dvar": 2.00054094367e-16, "dvar2": 4.48933285396e-16, "max": 7.94647963592e-29, "mean": -1.80933188432e-08, "median": -9.35523924994e-09, "min": -2.21172783199e-07, "var": 5.31068217407e-16}, "spectral_energy": {"dmean": 0.0320719741285, "dmean2": 0.048954449594, "dvar": 0.0028853258118, "dvar2": 0.00646499404684, "max": 0.840062499046, "mean": 0.0698777958751, "median": 0.036472056061, "min": 1.03253668145e-20, "var": 0.0077024907805}, "spectral_energyband_high": {"dmean": 0.000763504067436, "dmean2": 0.00115321704652, "dvar": 2.12965915125e-06, "dvar2": 5.27791917193e-06, "max": 0.0140528604388, "mean": 0.0011142709991, "median": 0.000390770175727, "min": 7.4376162882e-21, "var": 2.85184864879e-06}, "spectral_energyband_low": {"dmean": 0.0300278607756, "dmean2": 0.0459892302752, "dvar": 0.00283239246346, "dvar2": 0.00635777506977, "max": 0.837112784386, "mean": 0.0612105317414, "median": 0.0302125364542, "min": 2.69463146973e-23, "var": 0.00719250319526}, "spectral_energyband_middle_high": {"dmean": 0.00131113117095, "dmean2": 0.00227956776507, "dvar": 1.95129414351e-05, "dvar2": 5.52684141439e-05, "max": 0.0636101365089, "mean": 0.00125059846323, "median": 0.000194759093574, "min": 1.24300315538e-21, "var": 1.3884470718e-05}, "spectral_energyband_middle_low": {"dmean": 0.00817603897303, "dmean2": 0.0134687544778, "dvar": 0.000548763084225, "dvar2": 0.00130719447043, "max": 0.277986466885, "mean": 0.0085121113807, "median": 0.00224072881974, "min": 3.0342771102e-22, "var": 0.00048748680274}, "spectral_entropy": {"dmean": 0.330401062965, "dmean2": 0.483339458704, "dvar": 0.185964897275, "dvar2": 0.361081391573, "max": 9.80697631836, "mean": 7.43709182739, "median": 7.82561349869, "min": 3.56159424782, "var": 1.05211997032}, "spectral_flux": {"dmean": 0.0524230152369, "dmean2": 0.079280950129, "dvar": 0.00381430704147, "dvar2": 0.00784751120955, "max": 0.709907531738, "mean": 0.121169343591, "median": 0.0850924476981, "min": 6.47399425735e-11, "var": 0.0102533902973}, "spectral_kurtosis": {"dmean": 3.35607433319, "dmean2": 5.21437072754, "dvar": 207.899688721, "dvar2": 491.579315186, "max": 443.050079346, "mean": 8.00233650208, "median": 1.43201971054, "min": -1.28434312344, "var": 893.921813965}, "spectral_rms": {"dmean": 0.0016820182791, "dmean2": 0.00250427192077, "dvar": 4.40624171461e-06, "dvar2": 8.90206229087e-06, "max": 0.0286281891167, "mean": 0.00708806561306, "median": 0.00596510618925, "min": 3.17388238087e-12, "var": 1.79327435035e-05}, "spectral_rolloff": {"dmean": 560.500488281, "dmean2": 937.753967285, "dvar": 2138525.25, "dvar2": 4496732, "max": 19853.6132812, "mean": 756.248657227, "median": 129.19921875, "min": 43.06640625, "var": 3804482.25}, "spectral_skewness": {"dmean": 0.34171167016, "dmean2": 0.486906766891, "dvar": 0.479295819998, "dvar2": 0.965957581997, "max": 17.5653858185, "mean": 1.76475405693, "median": 1.24615263939, "min": -0.211351707578, "var": 3.02492427826}, "spectral_spread": {"dmean": 859875.5625, "dmean2": 1252015.25, "dvar": 1208383176700.0, "dvar2": 2206762795010.0, "max": 42486740, "mean": 7620690.5, "median": 7699473, "min": 253018.53125, "var": 7858375098370.0}, "spectral_strongpeak": {"dmean": 0.229560226202, "dmean2": 0.379129588604, "dvar": 0.0743069574237, "dvar2": 0.187347382307, "max": 3.82115888596, "mean": 0.513236761093, "median": 0.408754140139, "min": 0, "var": 0.150183856487}, "zerocrossingrate": {"dmean": 0.015268387273, "dmean2": 0.0176659971476, "dvar": 0.000419848074671, "dvar2": 0.000480746530229, "max": 0.51513671875, "mean": 0.0454992353916, "median": 0.0302734375, "min": 0.00146484375, "var": 0.0024849823676}, "barkbands": {"dmean": [0.00280419294722, 0.0252127256244, 0.00796374119818, 0.00538051594049, 0.00367343635298, 0.00053842930356, 0.000269488518825, 0.000186399236554, 0.000138082134072, 0.000143408935401, 0.000112171539513, 0.000288294337224, 0.000187558689504, 0.000192253282876, 0.000114832320833, 7.96653184807e-05, 0.000106149476778, 7.93282451923e-05, 7.94381776359e-05, 9.84266298474e-05, 9.06335189939e-05, 0.000110852794023, 0.000134776884806, 0.000144855832332, 0.000163753924426, 0.000110615830636, 1.81721752597e-05], "dmean2": [0.00436278432608, 0.0378859192133, 0.0122416112572, 0.00956960488111, 0.00666574528441, 0.000964874983765, 0.000472573563457, 0.000330918323016, 0.000244894006755, 0.000256192521192, 0.000195787084522, 0.000526372692548, 0.00033768065623, 0.000346932094544, 0.000203556657652, 0.000138127739774, 0.000183477604878, 0.000139781928738, 0.000137198192533, 0.000165087127243, 0.000149339102791, 0.000168554470292, 0.000209519886994, 0.000220254907617, 0.00025317518157, 0.000179315218702, 2.79234700429e-05], "dvar": [5.06821343151e-05, 0.00212889048271, 0.000392861315049, 0.000326236622641, 0.000174805347342, 4.0040777094e-06, 6.28163263627e-07, 2.97606419508e-07, 1.87719692235e-07, 2.35707830143e-07, 1.24900907394e-07, 1.66348388575e-06, 4.75416698009e-07, 4.8197250635e-07, 1.73635839928e-07, 5.16928650995e-08, 9.66331512586e-08, 5.66269164892e-08, 5.26316803473e-08, 5.34870814306e-08, 4.05171931561e-08, 4.16829806227e-08, 7.54000666348e-08, 7.54114211077e-08, 1.14468654999e-07, 6.54765628383e-08, 3.01690628035e-09], "dvar2": [0.000121701727039, 0.00467470800504, 0.000847542833071, 0.000895745528396, 0.000491821498144, 1.15536586236e-05, 1.71806198068e-06, 8.06514208307e-07, 5.35736319307e-07, 6.67639540097e-07, 3.4329684695e-07, 4.83053372591e-06, 1.35384641453e-06, 1.39644237152e-06, 4.87084605538e-07, 1.41953961474e-07, 2.60358262949e-07, 1.58011374651e-07, 1.47869144485e-07, 1.44365415622e-07, 1.11993955443e-07, 1.0322230537e-07, 1.80234181357e-07, 1.78601524681e-07, 2.79677465187e-07, 1.68522262811e-07, 7.43686756621e-09], "max": [0.164356574416, 0.787639081478, 0.251663595438, 0.244086325169, 0.160509854555, 0.0318597964942, 0.0149764223024, 0.00599826034158, 0.00678568473086, 0.00801690854132, 0.00488849775866, 0.0195814408362, 0.0111546739936, 0.0101020121947, 0.00752786593512, 0.00379351526499, 0.00457508582622, 0.00369983818382, 0.00367811857723, 0.00310141337104, 0.00246171373874, 0.00263295671903, 0.00381951592863, 0.0024856205564, 0.00409082695842, 0.0026632072404, 0.000792001723312], "mean": [0.00401124032214, 0.0443876683712, 0.0106183318421, 0.0043713808991, 0.00301963230595, 0.000568463699892, 0.000243088827119, 0.000157501475769, 0.000126670260215, 0.000118688381917, 0.000102093435999, 0.00020459452935, 0.000153688131832, 0.000160318581038, 0.000106162689917, 8.24919770821e-05, 9.78481693892e-05, 7.62191702961e-05, 8.39097265271e-05, 0.000130626518512, 0.000122433586512, 0.000165812583873, 0.000187362165889, 0.000212806888158, 0.000223401162657, 0.000126619881485, 1.87131117855e-05], "median": [0.000687933526933, 0.0186640769243, 0.0033267266117, 0.000833345926367, 0.000555908016395, 0.000121725650388, 6.47920242045e-05, 3.49710498995e-05, 3.07513109874e-05, 1.85607332241e-05, 1.44956893564e-05, 1.36348699016e-05, 1.37162915053e-05, 1.42499029607e-05, 1.20764198073e-05, 1.27823504954e-05, 1.18776179079e-05, 1.26180666484e-05, 1.52465790961e-05, 2.79827909253e-05, 2.43716567638e-05, 4.04716483899e-05, 5.81218482694e-05, 6.92676694598e-05, 7.41252515581e-05, 3.54166804755e-05, 1.50030029999e-06], "min": [1.26947806021e-24, 3.68865324495e-24, 6.42050419771e-24, 1.33914297812e-23, 2.56912180645e-23, 3.61280213899e-23, 4.89475664578e-23, 3.39676942465e-23, 3.52156564214e-23, 3.16602887205e-23, 2.50732733407e-23, 3.24312961258e-23, 4.67378124456e-23, 7.80370805506e-23, 5.61687076764e-23, 9.17848750902e-23, 1.06133043266e-22, 1.48876442741e-22, 2.18279958176e-22, 2.46465869967e-22, 2.94522594738e-22, 4.76539538491e-22, 5.91391173455e-22, 7.07660435643e-22, 1.00869859232e-21, 1.57127107394e-21, 2.17664358894e-21], "var": [9.87730672932e-05, 0.00481118541211, 0.000523257942405, 0.000213425635593, 0.00010805427155, 3.05400862999e-06, 4.7387311497e-07, 2.06067909403e-07, 1.24119523548e-07, 1.53529427394e-07, 9.85713342061e-08, 9.8096381862e-07, 3.17007362582e-07, 3.1459001093e-07, 1.26754429175e-07, 4.49889689946e-08, 7.99232680038e-08, 4.37084644034e-08, 4.1800966244e-08, 5.67577593813e-08, 4.77016364187e-08, 6.82009044795e-08, 9.9377231777e-08, 1.11247928203e-07, 1.37081642038e-07, 6.18402040686e-08, 3.06365310898e-09]}, "erbbands": {"dmean": [1.01925945282, 5.04055452347, 8.81380367279, 14.4283943176, 14.5766477585, 11.315279007, 6.24668264389, 4.23026227951, 3.68469524384, 4.57045793533, 3.52409553528, 3.19982600212, 3.42064261436, 5.24195194244, 4.68722057343, 13.1301765442, 9.29054164886, 10.3948583603, 5.52567720413, 6.47376728058, 5.08490800858, 5.66032123566, 4.10741138458, 4.58041572571, 3.99713921547, 4.80573606491, 3.85476922989, 3.70288157463, 4.03805589676, 3.4886405468, 4.0732254982, 3.18955683708, 2.44402432442, 2.02763128281, 1.06827795506, 0.501116037369, 0.202964305878, 0.0514960326254, 0.00164081528783, 6.33348463452e-05], "dmean2": [1.56619870663, 7.54616641998, 13.0893106461, 23.9894981384, 25.4562587738, 20.6628818512, 11.3233442307, 7.61275339127, 6.44594907761, 8.09315776825, 6.24614953995, 5.68658018112, 6.10247135162, 9.31046104431, 8.10974693298, 24.0873336792, 16.711359024, 18.7622470856, 9.67071628571, 11.5537986755, 8.73130989075, 9.80935955048, 7.13364696503, 8.03069972992, 6.79166316986, 8.08872318268, 6.53232812881, 5.99094486237, 6.35709762573, 5.37806940079, 6.3033246994, 4.85372304916, 3.77663898468, 3.18556809425, 1.66912317276, 0.828593492508, 0.323131561279, 0.0787579640746, 0.00249121221714, 9.70936598605e-05], "dvar": [4.04345321655, 87.0882873535, 391.573425293, 2027.69128418, 2247.58935547, 1779.84643555, 471.300964355, 239.437988281, 112.365097046, 194.929992676, 109.137405396, 101.697921753, 126.643356323, 309.309936523, 229.941070557, 3609.64428711, 1183.87133789, 1523.09606934, 296.70791626, 696.854980469, 221.103820801, 273.331756592, 144.774871826, 202.359222412, 94.4042892456, 126.21307373, 104.671310425, 52.1950492859, 58.2009277344, 41.7927017212, 77.8037109375, 37.2029457092, 23.4208393097, 16.6388835907, 5.1495642662, 1.32818984985, 0.210648074746, 0.0195806156844, 1.94887707039e-05, 1.14860414513e-08], "dvar2": [9.3743314743, 184.957077026, 842.988220215, 5257.41992188, 6019.51708984, 5070.35058594, 1353.69213867, 690.553039551, 306.631958008, 532.046447754, 302.864318848, 290.545654297, 358.313964844, 866.347045898, 634.185913086, 10527.3222656, 3376.81298828, 4404.32421875, 835.480895996, 1979.78759766, 595.392578125, 745.748352051, 395.112243652, 574.743408203, 259.441955566, 345.738342285, 297.748565674, 136.394088745, 145.081787109, 103.799484253, 185.30847168, 88.9169845581, 55.3199272156, 40.3947944641, 12.7240095139, 3.51241016388, 0.529800415039, 0.0477864779532, 4.70817394671e-05, 2.65915982567e-08], "max": [38.549369812, 125.637710571, 254.648269653, 735.13873291, 509.269287109, 561.312255859, 269.400390625, 278.412475586, 224.936721802, 190.901168823, 126.674842834, 160.473953247, 184.73399353, 263.234069824, 186.525360107, 938.166992188, 498.442565918, 569.346313477, 224.826065063, 498.339385986, 241.267913818, 235.70098877, 148.425674438, 194.587295532, 141.65826416, 137.313308716, 183.375457764, 83.4965286255, 92.5907821655, 90.7341156006, 118.652061462, 61.4851951599, 46.4776573181, 57.6809272766, 24.4987506866, 11.6275291443, 4.52429056168, 1.92380428314, 0.0555045083165, 0.0012669499265], "mean": [1.64179170132, 8.44560146332, 13.3579311371, 14.0728235245, 12.6521835327, 9.23573112488, 5.61095952988, 4.48847436905, 3.48445343971, 3.81774187088, 3.09798336029, 2.98538351059, 2.95146632195, 4.4217710495, 4.43367242813, 9.19363307953, 7.57524061203, 8.50708293915, 5.58985757828, 5.66085147858, 5.14098119736, 5.31446886063, 4.14076471329, 4.5864982605, 4.77191066742, 6.2131319046, 4.83642435074, 5.25631809235, 5.97842597961, 5.15448856354, 5.6594786644, 4.75858306885, 3.3808221817, 2.73452281952, 1.41594326496, 0.585131525993, 0.224327027798, 0.0585611127317, 0.00182129256427, 0.000118585579912], "median": [0.710703074932, 3.05596995354, 5.03301715851, 4.2509431839, 2.59939074516, 1.63959908485, 1.1606374979, 0.963428318501, 0.997616112232, 0.859794676304, 0.80946367979, 0.749589979649, 0.618026196957, 0.58628153801, 0.668606221676, 0.554997742176, 0.647108852863, 0.781882464886, 0.690406739712, 0.616514980793, 0.72788631916, 0.685381889343, 0.68056499958, 0.835159897804, 0.89189773798, 1.332929492, 0.946275055408, 1.04216957092, 1.33492004871, 1.58137798309, 1.7516503334, 1.58400607109, 1.06323444843, 0.952371954918, 0.439138442278, 0.182880327106, 0.0530195757747, 0.00988321285695, 0.00026388731203, 6.18551275693e-05], "min": [1.08507880622e-22, 1.11895948595e-21, 7.41629861597e-21, 3.10961781495e-20, 4.00664704477e-20, 5.69205016106e-20, 1.38427447665e-19, 3.09006397613e-19, 4.72955249382e-19, 8.26495241717e-19, 8.24801072425e-19, 8.14037177909e-19, 8.46967910179e-19, 1.04359463544e-18, 1.18494253473e-18, 1.10834478283e-18, 2.26592397611e-18, 2.71447507097e-18, 2.93960716393e-18, 4.51643178714e-18, 4.65218660132e-18, 5.50596892878e-18, 7.44567520517e-18, 7.59110017431e-18, 1.22744570091e-17, 1.20411482357e-17, 1.202903583e-17, 1.26946763408e-17, 1.80713801009e-17, 1.56221512466e-17, 1.62822761171e-17, 1.3486993772e-17, 1.02369887376e-17, 8.80855039013e-18, 8.61952390373e-18, 4.75335409896e-18, 2.96551156558e-18, 1.13916274072e-18, 2.98403312178e-19, 3.05532148567e-20], "var": [8.32877731323, 179.685821533, 630.321105957, 1602.80053711, 1568.79199219, 1083.55810547, 295.203155518, 191.156036377, 86.9755401611, 133.882644653, 72.969039917, 68.105506897, 81.2760543823, 213.335647583, 186.993499756, 2089.77148438, 793.271362305, 955.793395996, 267.704772949, 446.451538086, 197.554046631, 223.236312866, 122.021743774, 146.847229004, 91.6326828003, 128.405776978, 95.5036621094, 76.7489318848, 93.4720916748, 62.4918441772, 99.4127502441, 56.764213562, 30.4491825104, 19.8242835999, 6.00215530396, 1.18440330029, 0.209443330765, 0.0212004706264, 2.10694452107e-05, 2.00497449754e-08]}, "gfcc": {"mean": [-49.9120063782, 67.865814209, -36.8678627014, 56.6283760071, -40.4728813171, 35.0356140137, -28.9667263031, 14.4275360107, -20.9959068298, 7.76591014862, -15.5782899857, 0.87865871191, -14.1120042801], "cov": [[11542.3789062, -3187.88183594, -2232.70874023, 403.59072876, -541.205444336, 354.030456543, -802.029724121, 125.194618225, -632.81628418, 312.598815918, -385.304229736, 316.944610596, -303.38381958], [-3187.88183594, 2449.55102539, 577.475646973, -577.136535645, 228.836502075, -293.491577148, 280.375671387, -179.093475342, 245.169998169, -243.811538696, 168.918258667, -152.574920654, 165.377288818], [-2232.70874023, 577.475646973, 1370.05859375, 38.2158889771, 175.148880005, 14.6115112305, 231.659866333, 67.6066818237, 218.18536377, -20.7381687164, 87.5887832642, -60.4343605042, 8.08353042603], [403.59072876, -577.136535645, 38.2158889771, 534.030639648, 60.4689216614, 136.944595337, 33.5750198364, 86.5177154541, 28.9729957581, 74.4939575195, 2.14254593849, -5.24325609207, -10.2148456573], [-541.205444336, 228.836502075, 175.148880005, 60.4689216614, 328.740997314, 75.7257919312, 171.580780029, 40.4485778809, 124.827926636, 3.07408905029, 61.2383537292, -15.4754247665, 40.7097969055], [354.030456543, -293.491577148, 14.6115112305, 136.944595337, 75.7257919312, 191.870620728, 50.1583518982, 85.5875854492, 28.1926631927, 50.4590988159, 2.73668599129, 27.2950496674, -8.32946681976], [-802.029724121, 280.375671387, 231.659866333, 33.5750198364, 171.580780029, 50.1583518982, 228.304290771, 55.9987373352, 131.410797119, 3.10914850235, 72.6790390015, -19.5222797394, 53.2815170288], [125.194618225, -179.093475342, 67.6066818237, 86.5177154541, 40.4485778809, 85.5875854492, 55.9987373352, 130.752700806, 54.8566436768, 51.3289451599, 15.2655591965, 14.5424156189, 3.47769641876], [-632.81628418, 245.169998169, 218.18536377, 28.9729957581, 124.827926636, 28.1926631927, 131.410797119, 54.8566436768, 157.175979614, 26.5715560913, 75.7996902466, -6.20954370499, 40.7142219543], [312.598815918, -243.811538696, -20.7381687164, 74.4939575195, 3.07408905029, 50.4590988159, 3.10914850235, 51.3289451599, 26.5715560913, 88.4216537476, 25.906993866, 33.9449386597, -5.54747915268], [-385.304229736, 168.918258667, 87.5887832642, 2.14254593849, 61.2383537292, 2.73668599129, 72.6790390015, 15.2655591965, 75.7996902466, 25.906993866, 91.1101989746, 18.703250885, 47.6582946777], [316.944610596, -152.574920654, -60.4343605042, -5.24325609207, -15.4754247665, 27.2950496674, -19.5222797394, 14.5424156189, -6.20954370499, 33.9449386597, 18.703250885, 71.9569244385, 15.8884096146], [-303.38381958, 165.377288818, 8.08353042603, -10.2148456573, 40.7097969055, -8.32946681976, 53.2815170288, 3.47769641876, 40.7142219543, -5.54747915268, 47.6582946777, 15.8884096146, 76.6077728271]], "icov": [[0.000225610594498, -7.96837321104e-06, 0.000242057518335, -8.49300486152e-05, -7.80541668064e-05, -0.000158788854606, 0.00029187524342, -0.000236062624026, 0.000271729717497, -0.000406711536925, 0.000405970291467, -0.000623622210696, 0.000408646941651], [-7.96837321104e-06, 0.00206600292586, -0.000218534958549, 0.00157586799469, -0.000159284798428, 0.000579848594498, -0.000147186437971, 0.0012915073894, -0.0024361719843, 0.00349467806518, -0.00241951644421, 0.00291957356967, -0.00161944911815], [0.000242057518335, -0.000218534958549, 0.0013520126231, -0.000362499064067, 9.90933549474e-05, -6.34473763057e-05, -0.000229914308875, -0.000595449935645, -0.000814771745354, 0.000239119981416, 0.000161410134751, -0.000965438666753, 0.00191690248903], [-8.49300486152e-05, 0.00157586799469, -0.000362499064067, 0.00384704954922, -0.000320637656841, -0.00104015343823, 0.000134921792778, 0.00076492986409, -0.00146007386502, 0.000529939541593, -0.00163335213438, 0.00446739327163, -0.00235437159427], [-7.80541668064e-05, -0.000159284798428, 9.90933549474e-05, -0.000320637656841, 0.00583558157086, -0.00198979256675, -0.00287721608765, 0.00140996766277, -0.00262998742983, 0.00108175212517, -0.000169242412085, 0.000289852323476, 0.0001225015003], [-0.000158788854606, 0.000579848594498, -6.34473763057e-05, -0.00104015343823, -0.00198979256675, 0.0105937356129, -0.0022674582433, -0.00377879082225, 0.000508892582729, 0.000164647979545, 0.00112079223618, -0.00318758934736, 0.00165054190438], [0.00029187524342, -0.000147186437971, -0.000229914308875, 0.000134921792778, -0.00287721608765, -0.0022674582433, 0.0129156820476, -0.00255906768143, -0.00363403698429, 0.00134565681219, -0.00247563165613, 0.00285957707092, -0.00309267384], [-0.000236062624026, 0.0012915073894, -0.000595449935645, 0.00076492986409, 0.00140996766277, -0.00377879082225, -0.00255906768143, 0.0160205923021, -0.00611680280417, -0.0034885390196, 0.00282527855597, 0.00215613865294, -0.00287219509482], [0.000271729717497, -0.0024361719843, -0.000814771745354, -0.00146007386502, -0.00262998742983, 0.000508892582729, -0.00363403698429, -0.00611680280417, 0.0236806478351, -0.0084970947355, -0.00544034084305, -0.000359557277989, 0.000742950011045], [-0.000406711536925, 0.00349467806518, 0.000239119981416, 0.000529939541593, 0.00108175212517, 0.000164647979545, 0.00134565681219, -0.0034885390196, -0.0084970947355, 0.0319254845381, -0.0141084827483, -0.00270910398103, 0.00572272669524], [0.000405970291467, -0.00241951644421, 0.000161410134751, -0.00163335213438, -0.000169242412085, 0.00112079223618, -0.00247563165613, 0.00282527855597, -0.00544034084305, -0.0141084827483, 0.0336536243558, -0.00923537183553, -0.00874966196716], [-0.000623622210696, 0.00291957356967, -0.000965438666753, 0.00446739327163, 0.000289852323476, -0.00318758934736, 0.00285957707092, 0.00215613865294, -0.000359557277989, -0.00270910398103, -0.00923537183553, 0.0300721675158, -0.0111587680876], [0.000408646941651, -0.00161944911815, 0.00191690248903, -0.00235437159427, 0.0001225015003, 0.00165054190438, -0.00309267384, -0.00287219509482, 0.000742950011045, 0.00572272669524, -0.00874966196716, -0.0111587680876, 0.0278244782239]]}, "melbands": {"dmean": [0.00781116914004, 0.00475829700008, 0.00236978614703, 0.000936832278967, 0.000259345019003, 9.41648977459e-05, 5.58632236789e-05, 4.91917562613e-05, 2.74407248071e-05, 1.95039701794e-05, 1.72937834577e-05, 2.17423912545e-05, 1.49076495291e-05, 2.66315582849e-05, 3.26076951751e-05, 1.80567876669e-05, 1.95697011804e-05, 9.47070657276e-06, 8.46775401442e-06, 6.74992088534e-06, 6.25450638836e-06, 6.54178120385e-06, 3.99478722102e-06, 3.95178312829e-06, 3.80689311896e-06, 2.91554033538e-06, 3.15872489409e-06, 3.21836614603e-06, 2.73795876637e-06, 2.02991191145e-06, 2.38216262005e-06, 2.36238861362e-06, 2.10032226278e-06, 1.98774796445e-06, 2.48294304583e-06, 2.3019110813e-06, 1.87129376172e-06, 1.70867076577e-06, 1.70460612026e-06, 1.81539564892e-06], "dmean2": [0.0117913661525, 0.00698119355366, 0.00387609633617, 0.00167024298571, 0.000474030472105, 0.000169001650647, 9.76088413154e-05, 8.73869721545e-05, 4.86569333589e-05, 3.4642569517e-05, 3.0900373531e-05, 3.87909931305e-05, 2.58641521214e-05, 4.83879812236e-05, 5.9847443481e-05, 3.26941153617e-05, 3.52394890797e-05, 1.66997069755e-05, 1.49599372889e-05, 1.19311280287e-05, 1.0738795936e-05, 1.13613141366e-05, 6.97975292496e-06, 6.96181268722e-06, 6.69169730827e-06, 5.02511238665e-06, 5.25274799656e-06, 5.50808408661e-06, 4.77464163851e-06, 3.30364127876e-06, 3.90010018236e-06, 3.74955516236e-06, 3.28480928147e-06, 3.15052011501e-06, 3.87285990655e-06, 3.65537334801e-06, 2.87726788883e-06, 2.63735137196e-06, 2.72133820545e-06, 2.87325110548e-06], "dvar": [0.000216260930756, 8.15835301182e-05, 5.04189374624e-05, 1.09599468487e-05, 8.24257881504e-07, 1.20555668559e-07, 2.57345735832e-08, 2.21867342276e-08, 7.10262915149e-09, 3.77318176703e-09, 3.33494076799e-09, 5.40108757718e-09, 2.13593653875e-09, 1.33964501714e-08, 1.90936848554e-08, 4.8640758088e-09, 5.19026421841e-09, 8.98641994151e-10, 9.95451499008e-10, 5.53466883435e-10, 3.44245298933e-10, 3.99047239696e-10, 1.21541762765e-10, 1.50308196445e-10, 1.43743947301e-10, 6.48150075278e-11, 5.14045923883e-11, 6.50845002892e-11, 6.57373461221e-11, 1.73163549472e-11, 2.30233627302e-11, 1.98020506242e-11, 1.52619600985e-11, 1.39130902979e-11, 3.16562193126e-11, 2.21187963778e-11, 1.18063744545e-11, 1.14243588548e-11, 1.24213027017e-11, 1.30403561213e-11], "dvar2": [0.00048875703942, 0.000168190395925, 0.000127916646306, 3.01245636365e-05, 2.37066274167e-06, 3.47271651435e-07, 7.02374407524e-08, 6.04932992587e-08, 1.9965554543e-08, 1.0791052496e-08, 9.44932132541e-09, 1.51863446263e-08, 5.85636383832e-09, 3.87137646385e-08, 5.54418875254e-08, 1.3906616303e-08, 1.5015283239e-08, 2.57491894473e-09, 2.78298251111e-09, 1.55921464629e-09, 9.22387499713e-10, 1.07790087966e-09, 3.41868811038e-10, 4.172847623e-10, 4.10622563729e-10, 1.8038559535e-10, 1.31160443617e-10, 1.84113738144e-10, 1.89005880391e-10, 4.6396320813e-11, 6.04615385535e-11, 4.884186805e-11, 3.81868495158e-11, 3.49319670412e-11, 7.60322568794e-11, 5.49286345575e-11, 2.84606921364e-11, 2.72344473362e-11, 3.06412915874e-11, 3.16235544695e-11], "max": [0.270971000195, 0.117138028145, 0.109184131026, 0.0411262176931, 0.0106459399685, 0.00561370421201, 0.00332526629791, 0.0019584223628, 0.00105832493864, 0.00104193319567, 0.000968828971963, 0.00111861131154, 0.000561286113225, 0.0017664731713, 0.00214248732664, 0.00103307026438, 0.00104665302206, 0.000430427578976, 0.000578965002205, 0.000416480062995, 0.000282774533844, 0.00032652990194, 0.00020761784981, 0.000182961317478, 0.000174145941855, 0.000120954980957, 9.78595489869e-05, 0.000114015310828, 0.000158546827151, 5.63753965253e-05, 5.82363063586e-05, 5.38132626389e-05, 4.62251118734e-05, 4.73457948829e-05, 7.83982031862e-05, 6.21965664322e-05, 3.25806686305e-05, 3.48625617335e-05, 4.62094176328e-05, 4.77888825117e-05], "mean": [0.0134854586795, 0.00853009149432, 0.0024588892702, 0.000806365045719, 0.00022689459729, 0.000100964214653, 5.2065399359e-05, 4.06584258599e-05, 2.43953563768e-05, 1.80178576557e-05, 1.4656258827e-05, 1.79324670171e-05, 1.42077624332e-05, 1.97073186428e-05, 2.33360242419e-05, 1.4823544916e-05, 1.58981947607e-05, 9.20331058296e-06, 7.77594414103e-06, 6.1628675212e-06, 6.15666886006e-06, 5.86931992075e-06, 3.98435304305e-06, 3.71164082935e-06, 3.72523663827e-06, 3.07026903101e-06, 4.34118737758e-06, 3.91598769056e-06, 3.08009362016e-06, 2.74329499916e-06, 3.16461614602e-06, 3.37668143402e-06, 3.08960238726e-06, 2.78667084785e-06, 3.36565017278e-06, 3.06453353005e-06, 2.80749554804e-06, 2.35961647377e-06, 2.18211789615e-06, 2.42152395913e-06], "median": [0.00585394073278, 0.00370200630277, 0.00077399116708, 0.000153364919242, 4.56968300568e-05, 2.19621615543e-05, 1.49289853653e-05, 9.14300562727e-06, 6.51030222798e-06, 4.36992922914e-06, 2.9220768738e-06, 2.28212616094e-06, 2.1350147108e-06, 1.62527112479e-06, 1.2694013094e-06, 1.43784222928e-06, 1.40786232805e-06, 1.04303171611e-06, 8.3056903577e-07, 7.8239065715e-07, 8.57677775912e-07, 6.96462734595e-07, 6.09322341916e-07, 5.98960639309e-07, 6.77615673794e-07, 5.24810786828e-07, 8.44206226702e-07, 8.77246577602e-07, 5.51656683001e-07, 5.71186546949e-07, 5.93673519234e-07, 6.58852911783e-07, 8.13871224636e-07, 9.13198107355e-07, 9.88690544546e-07, 9.86572558759e-07, 9.09280402084e-07, 7.14455609341e-07, 7.21767719369e-07, 7.9511568174e-07], "min": [2.12309823347e-24, 4.05837144642e-24, 5.42480041327e-24, 4.14564707267e-24, 5.6867397047e-24, 6.16208085934e-24, 8.32448073475e-24, 8.26183097938e-24, 6.69727920175e-24, 4.69163703226e-24, 3.96091557019e-24, 3.98219824855e-24, 3.97630151328e-24, 2.99278839084e-24, 3.04208194222e-24, 5.28828606147e-24, 5.2342845882e-24, 4.44648193989e-24, 5.00469332706e-24, 6.5112346403e-24, 4.8893228141e-24, 6.20541377773e-24, 3.4764879212e-24, 7.78129714783e-24, 5.12286035192e-24, 8.36896775664e-24, 6.17999904594e-24, 7.76107943169e-24, 6.76002756474e-24, 7.80486436737e-24, 6.99981603638e-24, 1.06988660736e-23, 7.87575614148e-24, 7.87802648317e-24, 7.5883520256e-24, 8.99318313575e-24, 7.34809733717e-24, 6.76714151238e-24, 7.27430018835e-24, 6.52994365996e-24], "var": [0.000480869173771, 0.000177064343006, 4.26780861744e-05, 7.20107391317e-06, 5.03141450281e-07, 9.61500248309e-08, 1.99031120474e-08, 1.51492454137e-08, 4.63472238366e-09, 2.50802867363e-09, 2.12019135581e-09, 3.65543795233e-09, 1.79475012629e-09, 8.08028488564e-09, 1.14288987163e-08, 3.13143577735e-09, 3.27863491911e-09, 7.89906695609e-10, 7.06918856785e-10, 3.82744308469e-10, 3.06197095457e-10, 3.18438470037e-10, 1.00983853224e-10, 1.13908195376e-10, 1.01599985369e-10, 5.37667202427e-11, 6.6321982628e-11, 5.67940833252e-11, 5.01601780944e-11, 2.38910159017e-11, 3.03769370769e-11, 3.17075254941e-11, 2.30353600777e-11, 1.93398075332e-11, 3.84538512144e-11, 2.75918680265e-11, 1.87307079569e-11, 1.50290179607e-11, 1.37497756236e-11, 1.57988188504e-11]}, "mfcc": {"mean": [-714.275024414, 100.138885498, 64.2307739258, 37.2872924805, 26.543510437, 24.0215091705, 14.4792327881, 11.8837652206, 6.15072631836, 8.75692939758, 4.69915103912, 2.87434530258, 2.89138889313], "cov": [[10990.4375, -2824.21386719, -2114.78051758, -472.216888428, -154.990081787, -50.2900924683, -184.608123779, -336.199768066, -238.656402588, -283.589141846, -213.267379761, -41.7924232483, -183.736312866], [-2824.21386719, 2193.65478516, 439.66998291, -147.904571533, -50.7195281982, -97.1740722656, -29.3473091125, 70.5876846313, 4.82498550415, -7.91731214523, 14.814239502, -29.659324646, 27.6197986603], [-2114.78051758, 439.66998291, 980.127319336, 197.685775757, 86.7190170288, 21.7915039062, 37.4552993774, 91.4983444214, 55.8450469971, 100.838790894, 89.3096008301, 3.45581865311, 69.3166122437], [-472.216888428, -147.904571533, 197.685775757, 305.49508667, 98.6177749634, 78.0166397095, 59.7596435547, 45.0398101807, 64.6322250366, 61.3700828552, 47.8776855469, 39.2467498779, 20.0787734985], [-154.990081787, -50.7195281982, 86.7190170288, 98.6177749634, 173.257507324, 82.6241226196, 52.7101516724, 57.4875984192, 56.4836120605, 46.5094909668, 42.2287597656, 36.3889465332, 27.6512374878], [-50.2900924683, -97.1740722656, 21.7915039062, 78.0166397095, 82.6241226196, 135.656463623, 65.3373947144, 53.0397491455, 44.0304222107, 37.7016143799, 32.8845558167, 27.5159797668, 27.8005943298], [-184.608123779, -29.3473091125, 37.4552993774, 59.7596435547, 52.7101516724, 65.3373947144, 104.310379028, 64.2470092773, 58.3463973999, 44.9798774719, 30.415014267, 27.5185394287, 18.3750648499], [-336.199768066, 70.5876846313, 91.4983444214, 45.0398101807, 57.4875984192, 53.0397491455, 64.2470092773, 104.84450531, 70.548614502, 52.2009429932, 38.1826515198, 26.3041286469, 32.1127166748], [-238.656402588, 4.82498550415, 55.8450469971, 64.6322250366, 56.4836120605, 44.0304222107, 58.3463973999, 70.548614502, 96.9705963135, 66.0004577637, 40.1169624329, 31.4293899536, 24.7924938202], [-283.589141846, -7.91731214523, 100.838790894, 61.3700828552, 46.5094909668, 37.7016143799, 44.9798774719, 52.2009429932, 66.0004577637, 89.1821289062, 56.4924888611, 32.508140564, 31.155954361], [-213.267379761, 14.814239502, 89.3096008301, 47.8776855469, 42.2287597656, 32.8845558167, 30.415014267, 38.1826515198, 40.1169624329, 56.4924888611, 74.0444717407, 38.9376144409, 30.2208633423], [-41.7924232483, -29.659324646, 3.45581865311, 39.2467498779, 36.3889465332, 27.5159797668, 27.5185394287, 26.3041286469, 31.4293899536, 32.508140564, 38.9376144409, 59.3170280457, 32.7727012634], [-183.736312866, 27.6197986603, 69.3166122437, 20.0787734985, 27.6512374878, 27.8005943298, 18.3750648499, 32.1127166748, 24.7924938202, 31.155954361, 30.2208633423, 32.7727012634, 61.7874259949]], "icov": [[0.000240101784584, 0.000256379280472, 0.000342114828527, 0.00023934719502, -0.000140726508107, 5.52492338102e-06, 0.000178566086106, 5.9376052377e-05, 3.87019208574e-05, 0.00025152467424, -0.000210984770092, 4.56598354504e-05, 5.0944800023e-05], [0.000256379280472, 0.000870469666552, 2.44621187449e-05, 0.000688960542902, -6.39815043542e-05, 0.00034560522181, 0.000314047763823, -0.000557570834644, -0.000212210376048, 0.000856036436744, -0.000453480781289, 6.10899805906e-05, 3.43688916473e-05], [0.000342114828527, 2.44621187449e-05, 0.0023691279348, -0.00106095778756, -0.000643967650831, 0.000980678829364, 0.000267717638053, -0.000894440512639, 0.001517806435, -0.000960964302067, -0.00178499822505, 0.00297616189346, -0.00190443953034], [0.00023934719502, 0.000688960542902, -0.00106095778756, 0.00591688463464, -0.00125454773661, -0.00171248533297, -0.000332604016876, 0.00177641096525, -0.00228533125482, 0.000117759904242, 0.000365239917301, -0.00279612932354, 0.00234091584571], [-0.000140726508107, -6.39815043542e-05, -0.000643967650831, -0.00125454773661, 0.00991769507527, -0.00411227112636, 0.00065001565963, -0.00145977805369, -0.00204109377228, 0.000793053419329, -0.000686145212967, -0.00241245282814, 0.000751809624489], [5.52492338102e-06, 0.00034560522181, 0.000980678829364, -0.00171248533297, -0.00411227112636, 0.0145346205682, -0.00569427106529, -0.0023315930739, 0.00213910080492, 0.000441332784249, -0.00207411567681, 0.00296985451132, -0.00411751819775], [0.000178566086106, 0.000314047763823, 0.000267717638053, -0.000332604016876, 0.00065001565963, -0.00569427106529, 0.0203671548516, -0.00723306974396, -0.00341998971999, -0.00185020000208, 0.00161233579274, -0.00378589238971, 0.0036964607425], [5.9376052377e-05, -0.000557570834644, -0.000894440512639, 0.00177641096525, -0.00145977805369, -0.0023315930739, -0.00723306974396, 0.0260712243617, -0.013216660358, 0.00190671731252, -0.00193792802747, 0.00227085873485, -0.00475942064077], [3.87019208574e-05, -0.000212210376048, 0.001517806435, -0.00228533125482, -0.00204109377228, 0.00213910080492, -0.00341998971999, -0.013216660358, 0.033649649471, -0.0175650585443, 0.00416166288778, -0.00298079568893, 0.00198750174604], [0.00025152467424, 0.000856036436744, -0.000960964302067, 0.000117759904242, 0.000793053419329, 0.000441332784249, -0.00185020000208, 0.00190671731252, -0.0175650585443, 0.0369066298008, -0.0177418477833, 0.00282667740248, -0.00397260766476], [-0.000210984770092, -0.000453480781289, -0.00178499822505, 0.000365239917301, -0.000686145212967, -0.00207411567681, 0.00161233579274, -0.00193792802747, 0.00416166288778, -0.0177418477833, 0.0354303233325, -0.0155411111191, 0.0014172969386], [4.56598354504e-05, 6.10899805906e-05, 0.00297616189346, -0.00279612932354, -0.00241245282814, 0.00296985451132, -0.00378589238971, 0.00227085873485, -0.00298079568893, 0.00282667740248, -0.0155411111191, 0.0382815040648, -0.0155655508861], [5.0944800023e-05, 3.43688916473e-05, -0.00190443953034, 0.00234091584571, 0.000751809624489, -0.00411751819775, 0.0036964607425, -0.00475942064077, 0.00198750174604, -0.00397260766476, 0.0014172969386, -0.0155655508861, 0.0293555259705]]}, "spectral_contrast_coeffs": {"dmean": [0.0556938908994, 0.0439567640424, 0.0332475751638, 0.0271986722946, 0.0220730286092, 0.0167549755424], "dmean2": [0.0898974016309, 0.07404319942, 0.0562999397516, 0.0454507358372, 0.0367986187339, 0.027406277135], "dvar": [0.00239514023997, 0.00123170902953, 0.000707438855898, 0.000536703970283, 0.000339362653904, 0.000250919372775], "dvar2": [0.00577528914437, 0.00333068822511, 0.0019603415858, 0.00144514779095, 0.000904675107449, 0.000640239566565], "max": [-0.3464448452, -0.456684470177, -0.583954036236, -0.685791611671, -0.714549064636, -0.711609959602], "mean": [-0.654972672462, -0.79759812355, -0.841441035271, -0.844374001026, -0.8341588974, -0.813819110394], "median": [-0.663897335529, -0.803958296776, -0.845687627792, -0.847054839134, -0.835742115974, -0.81646579504], "min": [-0.975842773914, -0.974975645542, -0.970087945461, -0.965381085873, -0.965880870819, -0.962000489235], "var": [0.0072255586274, 0.0033309943974, 0.00148669793271, 0.00107383017894, 0.00101760902908, 0.00082997319987]}, "spectral_contrast_valleys": {"dmean": [0.430853813887, 0.526284813881, 0.555671215057, 0.564499616623, 0.517172157764, 0.461972773075], "dmean2": [0.68389236927, 0.817864656448, 0.833715975285, 0.816126465797, 0.730493485928, 0.608572602272], "dvar": [0.162119090557, 0.281875729561, 0.331754118204, 0.403386235237, 0.401646018028, 0.349986433983], "dvar2": [0.336941927671, 0.61962479353, 0.680904865265, 0.786454737186, 0.763126075268, 0.596318900585], "max": [-4.71903181076, -4.4802274704, -5.16223907471, -5.49462938309, -5.54410839081, -7.61637783051], "mean":