{"lowlevel": {"average_loudness": 0.842013537884, "barkbands_crest": {"dmean": 1.95827305317, "dmean2": 3.22311449051, "dvar": 3.92719936371, "dvar2": 10.2323894501, "max": 24.8738574982, "mean": 12.9726009369, "median": 12.1613817215, "min": 4.38415145874, "var": 17.5144081116}, "barkbands_flatness_db": {"dmean": 0.0259083211422, "dmean2": 0.0379821956158, "dvar": 0.000903735228349, "dvar2": 0.00184346130118, "max": 0.733951747417, "mean": 0.287093162537, "median": 0.260063916445, "min": 0.0645698010921, "var": 0.0115839652717}, "barkbands_kurtosis": {"dmean": 5.70256233215, "dmean2": 9.19057655334, "dvar": 314.537811279, "dvar2": 799.729431152, "max": 551.856750488, "mean": 12.0748739243, "median": 7.41274642944, "min": -1.84312641621, "var": 642.493835449}, "barkbands_skewness": {"dmean": 0.540908098221, "dmean2": 0.84692543745, "dvar": 0.55227458477, "dvar2": 1.27028632164, "max": 19.2026691437, "mean": 2.22975730896, "median": 2.17537403107, "min": -2.85406327248, "var": 2.08512115479}, "barkbands_spread": {"dmean": 1.31172943115, "dmean2": 2.17565226555, "dvar": 3.16501402855, "dvar2": 8.34020996094, "max": 39.9946937561, "mean": 5.88299417496, "median": 5.47016000748, "min": 0.203474372625, "var": 11.5695085526}, "dissonance": {"dmean": 0.0305210277438, "dmean2": 0.0509822927415, "dvar": 0.000958824006375, "dvar2": 0.00260873185471, "max": 0.499805957079, "mean": 0.420356035233, "median": 0.433846116066, "min": 0.113343916833, "var": 0.00319889420643}, "dynamic_complexity": 3.67243480682, "erbbands_crest": {"dmean": 2.00807499886, "dmean2": 3.1762638092, "dvar": 3.52795124054, "dvar2": 8.68071842194, "max": 32.7085494995, "mean": 12.5197916031, "median": 10.2679891586, "min": 3.22955989838, "var": 45.4786338806}, "erbbands_flatness_db": {"dmean": 0.0225763712078, "dmean2": 0.0306237544864, "dvar": 0.000860851141624, "dvar2": 0.00156421097927, "max": 0.598099589348, "mean": 0.247876152396, "median": 0.231836363673, "min": 0.0777954235673, "var": 0.00815048534423}, "erbbands_kurtosis": {"dmean": 2.04538726807, "dmean2": 3.29130554199, "dvar": 38.3523406982, "dvar2": 92.4720153809, "max": 175.059066772, "mean": 4.25024938583, "median": 1.12977647781, "min": -1.91956317425, "var": 182.507858276}, "erbbands_skewness": {"dmean": 0.358488172293, "dmean2": 0.566472291946, "dvar": 0.223789289594, "dvar2": 0.558331251144, "max": 9.76386260986, "mean": 1.03192198277, "median": 0.910747408867, "min": -4.02522087097, "var": 1.57782876492}, "erbbands_spread": {"dmean": 4.72477388382, "dmean2": 7.55799674988, "dvar": 84.1633224487, "dvar2": 211.020950317, "max": 199.70526123, "mean": 22.3855190277, "median": 21.6789321899, "min": 0.418589144945, "var": 197.292449951}, "hfc": {"dmean": 1.71614038944, "dmean2": 2.61308550835, "dvar": 4.58222436905, "dvar2": 10.0383234024, "max": 47.533821106, "mean": 9.70906162262, "median": 8.59029006958, "min": 1.14910660146e-16, "var": 48.0783348083}, "melbands_crest": {"dmean": 2.49751186371, "dmean2": 4.05752706528, "dvar": 6.33072042465, "dvar2": 16.1183757782, "max": 31.2402038574, "mean": 17.6080341339, "median": 17.3432598114, "min": 1.8373401165, "var": 23.2304706573}, "melbands_flatness_db": {"dmean": 0.0276755262166, "dmean2": 0.0416889041662, "dvar": 0.0010880267946, "dvar2": 0.00230596004985, "max": 0.885309457779, "mean": 0.39510461688, "median": 0.360001385212, "min": 0.00518880458549, "var": 0.0147989178076}, "melbands_kurtosis": {"dmean": 8.17170524597, "dmean2": 12.7840662003, "dvar": 645.891479492, "dvar2": 1257.58239746, "max": 851.842590332, "mean": 17.3369903564, "median": 12.3480930328, "min": -1.84865248203, "var": 1020.14459229}, "melbands_skewness": {"dmean": 0.612295389175, "dmean2": 0.963056504726, "dvar": 0.868139505386, "dvar2": 1.93745172024, "max": 22.7102069855, "mean": 2.63497591019, "median": 2.57521271706, "min": -2.61674427986, "var": 2.5169107914}, "melbands_spread": {"dmean": 1.25345361233, "dmean2": 2.02115273476, "dvar": 6.58689832687, "dvar2": 10.0701208115, "max": 140.653457642, "mean": 5.86398983002, "median": 5.5660161972, "min": 0.220344945788, "var": 14.1287765503}, "pitch_salience": {"dmean": 0.063390634954, "dmean2": 0.104367919266, "dvar": 0.00417206995189, "dvar2": 0.0110455872491, "max": 0.950071513653, "mean": 0.493573844433, "median": 0.499455720186, "min": 0.0741352513433, "var": 0.0130178555846}, "silence_rate_20dB": {"dmean": 0, "dmean2": 0, "dvar": 0, "dvar2": 0, "max": 1, "mean": 1, "median": 1, "min": 1, "var": 0}, "silence_rate_30dB": {"dmean": 0.0207239575684, "dmean2": 0.041453640908, "dvar": 0.0202936399728, "dvar2": 0.0477485135198, "max": 1, "mean": 0.97320073843, "median": 1, "min": 0, "var": 0.0260802526027}, "silence_rate_60dB": {"dmean": 0.00193423603196, "dmean2": 0.00373082770966, "dvar": 0.00193056790158, "dvar2": 0.00454551866278, "max": 1, "mean": 0.048072937876, "median": 0, "min": 0, "var": 0.0457621738315}, "spectral_centroid": {"dmean": 58.483039856, "dmean2": 94.6559448242, "dvar": 22531.2226562, "dvar2": 31535.75, "max": 10733.8046875, "mean": 455.930786133, "median": 432.287872314, "min": 97.7920913696, "var": 47634.0703125}, "spectral_complexity": {"dmean": 1.59602105618, "dmean2": 2.65773105621, "dvar": 2.40737199783, "dvar2": 5.9199795723, "max": 27, "mean": 11.5578117371, "median": 12, "min": 0, "var": 25.8015003204}, "spectral_decrease": {"dmean": 2.78576695045e-09, "dmean2": 4.44071224237e-09, "dvar": 1.96650577019e-17, "dvar2": 4.7787262926e-17, "max": 1.38187700366e-29, "mean": -1.01107131556e-08, "median": -8.57609805394e-09, "min": -6.29512513228e-08, "var": 5.29433344557e-17}, "spectral_energy": {"dmean": 0.0106465732679, "dmean2": 0.0169580802321, "dvar": 0.000285274873022, "dvar2": 0.000692158821039, "max": 0.240737661719, "mean": 0.0390408523381, "median": 0.0331617854536, "min": 1.0370580636e-20, "var": 0.000782504212111}, "spectral_energyband_high": {"dmean": 2.69127940555e-05, "dmean2": 4.41115698777e-05, "dvar": 4.11430178815e-09, "dvar2": 1.07096331803e-08, "max": 0.00106949429028, "mean": 4.16225448134e-05, "median": 1.17904673971e-05, "min": 7.1819698191e-21, "var": 4.69104310952e-09}, "spectral_energyband_low": {"dmean": 0.00927844550461, "dmean2": 0.0151017131284, "dvar": 0.000276188889984, "dvar2": 0.000693694513757, "max": 0.206236243248, "mean": 0.0216148197651, "median": 0.0161587931216, "min": 3.00469766615e-23, "var": 0.000480363989482}, "spectral_energyband_middle_high": {"dmean": 0.000271862867521, "dmean2": 0.000432212866144, "dvar": 1.3067484872e-07, "dvar2": 3.27363210317e-07, "max": 0.00618802476674, "mean": 0.00105012510903, "median": 0.00085693760775, "min": 1.75214079937e-21, "var": 8.62142826463e-07}, "spectral_energyband_middle_low": {"dmean": 0.00370178627782, "dmean2": 0.00579356122762, "dvar": 1.92398638319e-05, "dvar2": 4.96861757711e-05, "max": 0.112846180797, "mean": 0.0179147496819, "median": 0.0136937890202, "min": 3.04651417299e-22, "var": 0.000246896437602}, "spectral_entropy": {"dmean": 0.184534773231, "dmean2": 0.278721034527, "dvar": 0.069451585412, "dvar2": 0.151297152042, "max": 9.80159378052, "mean": 6.33463573456, "median": 6.52903413773, "min": 3.43896317482, "var": 0.584391176701}, "spectral_flux": {"dmean": 0.0230595972389, "dmean2": 0.0377298109233, "dvar": 0.00104173086584, "dvar2": 0.00252137845382, "max": 0.358219563961, "mean": 0.0675165131688, "median": 0.0559923052788, "min": 1.0183604654e-10, "var": 0.00231860741042}, "spectral_kurtosis": {"dmean": 13.7166118622, "dmean2": 22.6252346039, "dvar": 670.553466797, "dvar2": 1701.37475586, "max": 489.849639893, "mean": 37.6815567017, "median": 13.6841716766, "min": -1.17676758766, "var": 3589.671875}, "spectral_rms": {"dmean": 0.000771455932409, "dmean2": 0.00120746868197, "dvar": 1.07447203845e-06, "dvar2": 2.42403780248e-06, "max": 0.0153253385797, "mean": 0.00575473345816, "median": 0.00568796647713, "min": 3.18082366002e-12, "var": 4.97159089718e-06}, "spectral_rolloff": {"dmean": 61.846622467, "dmean2": 102.718276978, "dvar": 107373.804688, "dvar2": 119146.6875, "max": 19422.9492188, "mean": 372.958496094, "median": 366.064453125, "min": 86.1328125, "var": 122892.46875}, "spectral_skewness": {"dmean": 0.75436013937, "dmean2": 1.22456753254, "dvar": 1.12287783623, "dvar2": 2.71514177322, "max": 17.7558822632, "mean": 3.92349767685, "median": 2.7304828167, "min": 0.013732438907, "var": 8.1079492569}, "spectral_spread": {"dmean": 640655.9375, "dmean2": 954652.875, "dvar": 1487296659460.0, "dvar2": 3011302916100.0, "max": 40105328, "mean": 2526382.75, "median": 2283654, "min": 169701.296875, "var": 2627457253380.0}, "spectral_strongpeak": {"dmean": 0.230279192328, "dmean2": 0.393348544836, "dvar": 0.130780413747, "dvar2": 0.349183261395, "max": 4.62039995193, "mean": 0.79080760479, "median": 0.517837882042, "min": 0, "var": 0.663803398609}, "zerocrossingrate": {"dmean": 0.00295707653277, "dmean2": 0.00397169589996, "dvar": 6.31585426163e-05, "dvar2": 6.18783160462e-05, "max": 0.5, "mean": 0.0179033093154, "median": 0.017578125, "min": 0.00244140625, "var": 0.0001239606936}, "barkbands": {"dmean": [0.000603707041591, 0.00551476981491, 0.0043501034379, 0.0014756199671, 0.00148512294982, 0.00195890152827, 0.000466001278255, 0.000387430452975, 0.000330745504471, 0.000125286183902, 7.46602454456e-05, 5.78697618039e-05, 8.12723228591e-05, 5.70645752305e-05, 5.69773947063e-05, 5.77403261559e-05, 4.8973972298e-05, 3.57043245458e-05, 1.69080012711e-05, 6.26482596999e-06, 3.96278892367e-06, 2.93323478218e-06, 5.01726390212e-06, 6.82428571963e-06, 6.16750867266e-06, 2.4628131996e-06, 2.19250466671e-07], "dmean2": [0.00107893359382, 0.00920237600803, 0.00720269838348, 0.00245354184881, 0.00243807537481, 0.00303953536786, 0.000722506665625, 0.000544084701687, 0.000508248398546, 0.000189933576621, 0.000115388262202, 9.31282120291e-05, 0.000137189490488, 9.59221360972e-05, 9.61246842053e-05, 9.79871620075e-05, 8.13803926576e-05, 6.03538210271e-05, 2.76873506664e-05, 1.01520454336e-05, 6.32087630947e-06, 4.7345420171e-06, 8.35748869576e-06, 1.15807979455e-05, 1.04760883914e-05, 4.1388475438e-06, 3.59758416835e-07], "dvar": [4.36129585069e-06, 0.000118615607789, 8.15769672045e-05, 7.50006620365e-06, 4.14974510932e-06, 9.01510065887e-06, 4.54111585668e-07, 2.66651994707e-07, 3.99072632717e-07, 4.3660772775e-08, 1.45787506511e-08, 1.11916920176e-08, 2.27686562937e-08, 1.43741019087e-08, 1.15531628708e-08, 1.18817089501e-08, 7.01033542327e-09, 4.85003903705e-09, 9.74149205746e-10, 1.27807847639e-10, 7.5600171956e-11, 5.08927275322e-11, 1.67199545875e-10, 3.55331930546e-10, 2.88966101047e-10, 5.63971647161e-11, 3.52538582094e-13], "dvar2": [1.2584920114e-05, 0.000306198635371, 0.000216374741285, 2.00013528229e-05, 1.12428970169e-05, 2.35666448134e-05, 1.10158475763e-06, 5.0459209433e-07, 9.80504751169e-07, 1.02301704885e-07, 3.41828290118e-08, 2.80292766774e-08, 6.45069420102e-08, 4.01009465634e-08, 3.16654151788e-08, 3.33610046255e-08, 1.93090254896e-08, 1.35459803374e-08, 2.63065857986e-09, 3.34956201664e-10, 1.87282175879e-10, 1.26651050758e-10, 4.35403713084e-10, 9.45733158453e-10, 7.70176478149e-10, 1.47871423439e-10, 8.72703222621e-13], "max": [0.0382576137781, 0.167762264609, 0.15525957942, 0.0584656596184, 0.041054289788, 0.0992377698421, 0.0136449970305, 0.0119776427746, 0.0223466977477, 0.00364057789557, 0.00209760526195, 0.00160607229918, 0.00303444243036, 0.0021868951153, 0.00144316942897, 0.00157155911438, 0.0010799797019, 0.0011174834799, 0.00063288101228, 0.000220756759518, 0.000167558391695, 0.000273368525086, 0.000257026171312, 0.000246889918344, 0.000143146025948, 0.000241018802626, 1.75739405677e-05], "mean": [0.000536365085281, 0.0112625462934, 0.00829911138862, 0.00278218393214, 0.00393762905151, 0.00817776098847, 0.00107898714487, 0.000998367671855, 0.000800277048256, 0.000254101702012, 0.000124284400954, 9.28499139263e-05, 0.000133733163239, 9.41849284573e-05, 0.00010073780868, 0.000107733649202, 0.000100245641079, 7.15733985999e-05, 3.94469643652e-05, 1.43132456287e-05, 8.29773216537e-06, 5.35885101272e-06, 6.05435889156e-06, 6.82351537762e-06, 5.32406374987e-06, 2.34374238062e-06, 2.82372070615e-07], "median": [8.22157817311e-05, 0.00755649339408, 0.00501325726509, 0.0011635486735, 0.00288169062696, 0.00272792764008, 0.000651702808682, 0.000613776035607, 0.00036398525117, 0.000141883661854, 6.69990113238e-05, 4.09587773902e-05, 6.31682851235e-05, 3.38775826094e-05, 4.19482203142e-05, 3.8460122596e-05, 4.67534082418e-05, 2.86705017061e-05, 1.90264418052e-05, 5.79327615924e-06, 2.24148016059e-06, 1.12734619506e-06, 1.02875026187e-06, 5.52696747036e-07, 3.09008271415e-07, 9.79397043466e-08, 9.51163858787e-09], "min": [2.76120426983e-24, 1.8604006495e-23, 8.13057714653e-24, 2.39574374789e-23, 5.95860720505e-23, 5.14338383055e-23, 3.68658366837e-23, 4.65522187181e-23, 8.19651597856e-23, 1.29265348015e-22, 5.07911028389e-23, 1.40746164572e-22, 1.12637763098e-22, 1.46475225876e-22, 1.80925715618e-22, 1.37158829072e-22, 3.6112878416e-22, 1.53562440601e-22, 2.26625399734e-22, 2.68872700363e-22, 3.83249150762e-22, 5.75662725887e-22, 5.3528208473e-22, 6.49785106284e-22, 1.11188220457e-21, 1.62523128031e-21, 2.48446120361e-21], "var": [2.82795645035e-06, 0.000214723710087, 0.000118075047794, 1.63769345818e-05, 1.39176636367e-05, 0.00016207958106, 1.65289725373e-06, 1.54941130859e-06, 2.2775193429e-06, 1.10937165232e-07, 2.84785741655e-08, 2.16715978496e-08, 3.94576247231e-08, 2.92060615692e-08, 2.36516672913e-08, 2.88390147318e-08, 1.78245649352e-08, 1.22556240711e-08, 2.91152302268e-09, 3.87040233196e-10, 1.61243698948e-10, 8.07443834017e-11, 1.58992263799e-10, 3.05630382114e-10, 2.18054213574e-10, 4.88769996698e-11, 4.67559259539e-13]}, "erbbands": {"dmean": [0.120368614793, 1.41990923882, 4.67061519623, 5.09934282303, 3.89803361893, 5.52453422546, 9.75407981873, 20.3773269653, 7.34318590164, 7.63382482529, 7.65888690948, 8.99499893188, 4.68749189377, 2.5906996727, 2.98727154732, 2.81156563759, 3.74204421043, 3.05787873268, 2.96899747849, 2.9366402626, 2.24661040306, 2.07046055794, 1.99602103233, 1.3256816864, 0.540926873684, 0.313722848892, 0.182873472571, 0.149824023247, 0.108894437551, 0.118650846183, 0.141642972827, 0.131197974086, 0.120007276535, 0.0744047760963, 0.0399450808764, 0.0168201252818, 0.00307627208531, 0.000458114343928, 4.00281678594e-05, 1.21802495414e-05], "dmean2": [0.200238496065, 2.36928606033, 7.70667409897, 8.44565010071, 6.51409482956, 9.01089572906, 15.9756593704, 30.1220436096, 11.2386436462, 11.6984844208, 10.4190130234, 13.770822525, 6.97376394272, 3.99151062965, 4.64355802536, 4.53875923157, 6.30250501633, 5.12081193924, 4.99265241623, 4.99754095078, 3.76729846001, 3.44273710251, 3.37270474434, 2.17400217056, 0.898536324501, 0.510279119015, 0.289846807718, 0.242001011968, 0.175072655082, 0.197134628892, 0.237672686577, 0.220898747444, 0.204423174262, 0.127351507545, 0.0680921301246, 0.0283625274897, 0.00519486656412, 0.000756110530347, 6.45639011054e-05, 1.89778547792e-05], "dvar": [0.0700225010514, 7.99392127991, 87.1764526367, 105.766174316, 32.5053291321, 66.9632644653, 173.45111084, 1178.63806152, 110.47844696, 112.595649719, 140.082077026, 333.8309021, 56.1074981689, 24.545759201, 23.5780105591, 26.2267608643, 49.9489898682, 39.2980766296, 33.418094635, 27.4188098907, 13.972574234, 12.7051944733, 15.3088474274, 7.93247127533, 0.991028666496, 0.309624016285, 0.152772322297, 0.108506076038, 0.0737089440227, 0.0693759471178, 0.143094480038, 0.138208881021, 0.109040930867, 0.0424808897078, 0.012380477041, 0.00271764909849, 7.85486481618e-05, 1.92648349184e-06, 1.06695807744e-08, 3.68343217039e-10], "dvar2": [0.175302013755, 21.1390361786, 232.938232422, 276.43170166, 88.0509338379, 183.214813232, 513.85723877, 2787.41943359, 276.771911621, 261.129455566, 237.361465454, 817.204162598, 127.036384583, 61.1535949707, 56.8757400513, 66.2619857788, 140.878738403, 109.643180847, 91.3931350708, 77.2466506958, 37.9348182678, 35.4849052429, 43.0927619934, 21.3364849091, 2.65191507339, 0.812341988087, 0.382590025663, 0.268424808979, 0.180607035756, 0.181617692113, 0.379806131124, 0.358774065971, 0.289921194315, 0.113606363535, 0.0333320833743, 0.00717966398224, 0.00020710559329, 4.78637730339e-06, 2.56232652873e-08, 8.40101044286e-10], "max": [5.10733747482, 36.5465354919, 132.114273071, 167.573410034, 96.2227935791, 171.312942505, 233.001052856, 1241.64562988, 206.781387329, 193.824417114, 326.589630127, 648.822509766, 148.526657104, 132.104736328, 104.469512939, 78.368019104, 150.94694519, 117.071258545, 100.478248596, 105.102279663, 57.4674072266, 51.4132461548, 54.8209381104, 69.4179000854, 20.6241226196, 11.3684797287, 7.84988880157, 5.26226091385, 11.5741233826, 4.30297517776, 5.1346745491, 7.74327421188, 3.73522591591, 1.93997275829, 1.03574681282, 1.66170203686, 0.221718177199, 0.0500925481319, 0.00361723219976, 0.000278916093521], "mean": [0.224245339632, 2.91432905197, 9.33452892303, 10.0878887177, 8.7717294693, 14.0698194504, 26.6797466278, 94.8874435425, 23.0588569641, 18.6571788788, 21.6919250488, 22.2695274353, 11.4483585358, 5.24678134918, 5.36499929428, 4.87188482285, 6.42793083191, 5.48370170593, 5.45144176483, 5.76097917557, 4.90170431137, 4.60450029373, 4.3433599472, 3.16009473801, 1.23373579979, 0.730449795723, 0.411534905434, 0.291623622179, 0.201383024454, 0.173760011792, 0.163405016065, 0.148264244199, 0.110706165433, 0.0636288747191, 0.034517981112, 0.0157417599112, 0.00296791968867, 0.000509269768372, 6.51734808343e-05, 4.50350089523e-05], "median": [0.084799028933, 1.98172271252, 5.71951723099, 4.9256067276, 5.18114089966, 9.71865749359, 18.4496650696, 21.6967926025, 14.5561733246, 10.9557886124, 12.2329912186, 10.0259990692, 7.12706375122, 3.16936588287, 3.21293115616, 2.56246447563, 3.2864408493, 2.56937289238, 2.37537479401, 2.83650755882, 2.58408713341, 2.53180503845, 2.19140839577, 1.41461646557, 0.575209796429, 0.30398145318, 0.139214769006, 0.0754212588072, 0.0420629307628, 0.037989731878, 0.025202812627, 0.0144493095577, 0.00787143222988, 0.00396857876331, 0.00182107475121, 0.000676830357406, 0.000144507823279, 2.19419071072e-05, 2.18103396037e-05, 3.75953204639e-05], "min": [7.5542032152e-22, 3.42491547688e-21, 9.56666286263e-21, 3.23337631305e-20, 2.47329743189e-19, 1.02790561709e-19, 4.78089611143e-19, 2.09376745056e-19, 2.45095528355e-19, 8.0877129443e-19, 1.83914096624e-18, 1.65415763528e-18, 2.6184714551e-18, 3.75875502556e-18, 2.65628849835e-18, 5.55690340218e-18, 4.88200053654e-18, 7.5470652144e-18, 1.12985336059e-17, 5.96216193174e-18, 1.12059050938e-17, 1.73197988332e-17, 9.66759648142e-18, 1.12604229136e-17, 1.14184797578e-17, 1.28121351606e-17, 1.56107047213e-17, 1.39866695918e-17, 2.21676330881e-17, 1.69378349505e-17, 1.65478110198e-17, 1.2548451488e-17, 1.13734372919e-17, 1.18472082965e-17, 8.55381350305e-18, 6.0915048554e-18, 2.90194459667e-18, 1.2496508061e-18, 2.86428864685e-19, 3.97566719212e-20], "var": [0.134963363409, 13.509721756, 135.636825562, 173.244827271, 111.829277039, 220.784515381, 696.848815918, 26137.4140625, 612.448181152, 515.211303711, 989.57598877, 1908.92541504, 195.162490845, 53.1800422668, 46.9843521118, 51.9229927063, 86.8234558105, 81.724105835, 71.8526763916, 62.6318435669, 40.4694824219, 34.4836997986, 37.8554344177, 22.9952774048, 2.79278874397, 0.986331284046, 0.355737239122, 0.210961401463, 0.117744199932, 0.0832094177604, 0.124670803547, 0.144650578499, 0.0856216475368, 0.0313672423363, 0.00927458982915, 0.00230276188813, 6.81293968228e-05, 2.20593460654e-06, 1.50242840391e-08, 1.09267339621e-09]}, "gfcc": {"mean": [-105.463775635, 181.193710327, -82.2344284058, 16.1327648163, -42.2944831848, -7.45714664459, -33.3779220581, 3.51474165916, -8.360704422, -7.38263320923, -3.83908677101, -6.71374607086, -6.23211622238], "cov": [[19941.9023438, -2724.83447266, -3436.97509766, 2160.31787109, 1047.89086914, 1001.5904541, -946.23651123, 229.14541626, -697.777648926, 331.452484131, -498.312042236, 376.376586914, -147.776687622], [-2724.83447266, 2157.20092773, -30.4944190979, -645.571350098, 393.598022461, -476.074462891, 386.982208252, -209.668609619, 334.894927979, -283.989746094, 260.415710449, -179.025985718, 138.334060669], [-3436.97509766, -30.4944190979, 2028.76098633, -179.069335938, -235.956130981, 360.516662598, 139.474472046, 110.049781799, 90.6985015869, 93.8414001465, 46.30676651, 11.6400594711, -20.7985286713], [2160.31787109, -645.571350098, -179.069335938, 811.177185059, 214.735351562, 226.76651001, -32.946521759, 20.268321991, -50.4007377625, 61.98487854, -18.4340305328, 30.0646266937, -16.2429561615], [1047.89086914, 393.598022461, -235.956130981, 214.735351562, 523.082946777, 18.7768306732, 95.5068740845, -16.2609825134, 64.2187728882, -44.1988716125, 60.4249305725, -8.78865337372, 12.6704492569], [1001.5904541, -476.074462891, 360.516662598, 226.76651001, 18.7768306732, 402.626281738, -39.0985908508, 107.360725403, -49.1960639954, 89.5537719727, -47.3308753967, 53.6570739746, -38.1568031311], [-946.23651123, 386.982208252, 139.474472046, -32.946521759, 95.5068740845, -39.0985908508, 235.880111694, 10.3361721039, 107.911933899, -25.8999500275, 69.1343460083, -31.3559474945, 24.6082172394], [229.14541626, -209.668609619, 110.049781799, 20.268321991, -16.2609825134, 107.360725403, 10.3361721039, 173.235244751, 6.73729085922, 60.0757865906, -14.4457359314, 38.9872436523, -19.7142677307], [-697.777648926, 334.894927979, 90.6985015869, -50.4007377625, 64.2187728882, -49.1960639954, 107.911933899, 6.73729085922, 140.853225708, -13.1009168625, 70.0840759277, -13.4076852798, 36.1653442383], [331.452484131, -283.989746094, 93.8414001465, 61.98487854, -44.1988716125, 89.5537719727, -25.8999500275, 60.0757865906, -13.1009168625, 113.491607666, -3.56942605972, 53.1428756714, -6.85574150085], [-498.312042236, 260.415710449, 46.30676651, -18.4340305328, 60.4249305725, -47.3308753967, 69.1343460083, -14.4457359314, 70.0840759277, -3.56942605972, 112.469688416, 10.3075799942, 38.0100135803], [376.376586914, -179.025985718, 11.6400594711, 30.0646266937, -8.78865337372, 53.6570739746, -31.3559474945, 38.9872436523, -13.4076852798, 53.1428756714, 10.3075799942, 86.4238128662, 13.9798469543], [-147.776687622, 138.334060669, -20.7985286713, -16.2429561615, 12.6704492569, -38.1568031311, 24.6082172394, -19.7142677307, 36.1653442383, -6.85574150085, 38.0100135803, 13.9798469543, 66.0448379517]], "icov": [[0.000387619045796, -0.00105062662624, 0.000687482766807, -0.00111120531801, 0.000114489834232, -0.00107517419383, 0.00112550740596, -0.000521124165971, 0.00110453902744, -0.00140070775524, 0.00168428162578, -0.00147859368008, 0.000386460800655], [-0.00105062662624, 0.00932873692364, -0.00194049754646, 0.00785537716001, -0.00479083461687, 0.00347788771614, -0.0055142370984, 0.00394455995411, -0.00748419109732, 0.00950882211328, -0.0103312795982, 0.0101188477129, -0.00551970256492], [0.000687482766807, -0.00194049754646, 0.00207663280889, -0.00170101621188, 0.000753421045374, -0.00309169944376, 0.00154311268125, -0.000725461926777, 0.00151181197725, -0.002762589138, 0.00248153763823, -0.00235443841666, 0.00107166683301], [-0.00111120531801, 0.00785537716001, -0.00170101621188, 0.00871810317039, -0.00434842007235, 0.00219423370436, -0.00512793147936, 0.00387798855081, -0.00605278927833, 0.00722688250244, -0.00934106856585, 0.00938615389168, -0.00470742350444], [0.000114489834232, -0.00479083461687, 0.000753421045374, -0.00434842007235, 0.00612061377615, -0.00152605248149, 0.00114038435277, -0.0016783955507, 0.00235758232884, -0.00273576634936, 0.00325730373152, -0.00528176873922, 0.00414523947984], [-0.00107517419383, 0.00347788771614, -0.00309169944376, 0.00219423370436, -0.00152605248149, 0.00873020011932, -0.00287595763803, -0.000169147228007, -0.002357857069, 0.00322488695383, -0.00336821679957, 0.0031922692433, -0.000878007500432], [0.00112550740596, -0.0055142370984, 0.00154311268125, -0.00512793147936, 0.00114038435277, -0.00287595763803, 0.0118359383196, -0.00376403261907, 0.00126263790298, -0.005755498074, 0.00528788100928, -0.00414214329794, 0.00242367759347], [-0.000521124165971, 0.00394455995411, -0.000725461926777, 0.00387798855081, -0.0016783955507, -0.000169147228007, -0.00376403261907, 0.0106022059917, -0.00546211376786, 0.00152381975204, -0.00288179097697, 0.00143869384192, 0.000591833610088], [0.00110453902744, -0.00748419109732, 0.00151181197725, -0.00605278927833, 0.00235758232884, -0.002357857069, 0.00126263790298, -0.00546211376786, 0.0215043649077, -0.00885166227818, 0.00387511961162, -0.00537724746391, -0.000566866539884], [-0.00140070775524, 0.00950882211328, -0.002762589138, 0.00722688250244, -0.00273576634936, 0.00322488695383, -0.005755498074, 0.00152381975204, -0.00885166227818, 0.0262810923159, -0.0121835777536, 0.0030385015998, -0.00321220420301], [0.00168428162578, -0.0103312795982, 0.00248153763823, -0.00934106856585, 0.00325730373152, -0.00336821679957, 0.00528788100928, -0.00288179097697, 0.00387511961162, -0.0121835777536, 0.0289841927588, -0.0158307943493, 0.00177412095945], [-0.00147859368008, 0.0101188477129, -0.00235443841666, 0.00938615389168, -0.00528176873922, 0.0031922692433, -0.00414214329794, 0.00143869384192, -0.00537724746391, 0.0030385015998, -0.0158307943493, 0.0325809121132, -0.0126310633495], [0.000386460800655, -0.00551970256492, 0.00107166683301, -0.00470742350444, 0.00414523947984, -0.000878007500432, 0.00242367759347, 0.000591833610088, -0.000566866539884, -0.00321220420301, 0.00177412095945, -0.0126310633495, 0.0263476371765]]}, "melbands": {"dmean": [0.00129770906642, 0.00221723108552, 0.000815019709989, 0.000298478116747, 0.000332462397637, 0.000415945396526, 0.000105669714685, 8.10729761724e-05, 6.11321156612e-05, 5.54645921511e-05, 2.24234045163e-05, 1.109465029e-05, 1.05361814349e-05, 7.00282271282e-06, 7.95798587205e-06, 7.20190428183e-06, 6.29543501418e-06, 4.92201934321e-06, 3.25503901877e-06, 5.63496769246e-06, 2.4523421871e-06, 2.1968087367e-06, 3.02301486954e-06, 1.55262478074e-06, 1.16544833872e-06, 5.30185502612e-07, 2.60233491645e-07, 2.25441482371e-07, 1.31972583972e-07, 1.03712856969e-07, 9.21852532088e-08, 6.67634409979e-08, 6.02118248594e-08, 7.6180548092e-08, 8.52934576301e-08, 8.38710363382e-08, 8.60637143774e-08, 8.04858117931e-08, 9.50468290739e-08, 5.18902893987e-08], "dmean2": [0.0021564271301, 0.00365998456255, 0.0013470640406, 0.000500439782627, 0.000538977095857, 0.000624076987151, 0.000161540228873, 0.000123217265354, 8.42753943289e-05, 8.46879484016e-05, 3.34439864673e-05, 1.70800794876e-05, 1.62872293004e-05, 1.11143381218e-05, 1.31227070597e-05, 1.21537632367e-05, 1.0597867913e-05, 8.2966298578e-06, 5.48643356524e-06, 9.65226990957e-06, 4.07603965868e-06, 3.67364850717e-06, 5.08987477588e-06, 2.63184665528e-06, 1.91057893062e-06, 8.79224103301e-07, 4.3010672357e-07, 3.670229205e-07, 2.10907998621e-07, 1.66117843037e-07, 1.5008254195e-07, 1.07703833407e-07, 9.84145387406e-08, 1.28368341734e-07, 1.45051174627e-07, 1.38967635621e-07, 1.47190931443e-07, 1.36949225293e-07, 1.64834389693e-07, 8.84623077013e-08], "dvar": [7.00838154444e-06, 1.79481885425e-05, 2.34307321989e-06, 1.87941537888e-07, 1.81905747354e-07, 4.6245276053e-07, 2.2978815295e-08, 1.22380674483e-08, 8.31407032109e-09, 1.35639872667e-08, 1.320964782e-09, 4.81639061967e-10, 3.00639457773e-10, 1.45262149531e-10, 1.83312767743e-10, 2.36022257294e-10, 1.99715091687e-10, 8.76994241117e-11, 4.16131781811e-11, 1.12752800152e-10, 1.63192636488e-11, 1.42828353311e-11, 3.14495235409e-11, 7.93452543252e-12, 6.60815065862e-12, 9.797459068e-13, 2.81534127608e-13, 1.59659029162e-13, 7.19650711635e-14, 5.56396562938e-14, 3.94993045704e-14, 3.63836869975e-14, 1.68680495868e-14, 2.89627127619e-14, 5.13279265553e-14, 6.18035082747e-14, 6.16747795955e-14, 4.79114259388e-14, 7.33779966585e-14, 1.99952969221e-14], "dvar2": [1.74611759576e-05, 4.77354842587e-05, 6.06392359259e-06, 5.24816812231e-07, 5.19043055647e-07, 1.13085286557e-06, 5.65775977179e-08, 2.83914562971e-08, 1.48851668769e-08, 3.26695506203e-08, 2.99452707075e-09, 1.20684640059e-09, 7.12022163452e-10, 3.61605245747e-10, 4.97120011822e-10, 6.77215505895e-10, 5.58129487072e-10, 2.41086067776e-10, 1.15153143965e-10, 3.17893406043e-10, 4.33704322456e-11, 3.89509015319e-11, 8.79930087128e-11, 2.20328252171e-11, 1.77973486643e-11, 2.6455521801e-12, 7.53753884395e-13, 4.21420846353e-13, 1.79670053791e-13, 1.39568383435e-13, 9.84848866955e-14, 8.82193555945e-14, 4.38802640057e-14, 7.66013026122e-14, 1.38562962103e-13, 1.54952439768e-13, 1.64166179565e-13, 1.26493216943e-13, 1.97235321608e-13, 5.35108863144e-14], "max": [0.0477142930031, 0.0562478490174, 0.0236635711044, 0.00952427461743, 0.00689522176981, 0.0239000841975, 0.00308308983222, 0.00197148649022, 0.00243782415055, 0.00436967192218, 0.000730132160243, 0.000589489529375, 0.000284493493382, 0.000162531432579, 0.000297552644042, 0.000370329420548, 0.000264207395958, 0.00017612845113, 0.000116695766337, 0.000161625939654, 6.80677112541e-05, 6.8828187068e-05, 7.83331197454e-05, 5.51888733753e-05, 6.03352018516e-05, 2.39724959101e-05, 1.46377888086e-05, 6.67323865855e-06, 4.28179964729e-06, 4.32136675954e-06, 3.47004561263e-06, 9.81932134891e-06, 2.70332679975e-06, 2.1607470444e-06, 3.25092059938e-06, 8.80414063431e-06, 4.0557979446e-06, 2.78785319097e-06, 2.67644077212e-06, 1.62209335031e-06], "mean": [0.00264762877487, 0.00469623180106, 0.00175103812944, 0.000752810330596, 0.000969616696239, 0.00187779508997, 0.000311782408971, 0.000197227709577, 0.000163166638231, 0.000136315924465, 5.24803872395e-05, 2.0412799131e-05, 1.76569537871e-05, 1.20983040688e-05, 1.35046111609e-05, 1.21894536278e-05, 1.01920377347e-05, 8.53843357618e-06, 5.99798931944e-06, 1.01924388218e-05, 4.82001223645e-06, 4.4901075853e-06, 5.55441602046e-06, 3.20718754665e-06, 2.53382677329e-06, 1.04007972368e-06, 5.46519288491e-07, 4.73218676689e-07, 2.72963944781e-07, 2.00930401206e-07, 1.55146196334e-07, 1.16755671797e-07, 9.62717905395e-08, 9.82222161383e-08, 9.23717635715e-08, 9.63735757864e-08, 9.26600662865e-08, 7.73943966692e-08, 7.61775211799e-08, 4.5315236008e-08], "median": [0.00151436659507, 0.0031237739604, 0.00102653901558, 0.000535396975465, 0.000717407674529, 0.000499306770507, 0.000212690210901, 0.000117686737212, 9.20998863876e-05, 5.73625584366e-05, 3.22040796163e-05, 1.09246957436e-05, 9.59202952799e-06, 6.32501723885e-06, 7.40484256312e-06, 5.69068333789e-06, 3.66462359125e-06, 3.36375615007e-06, 2.65668381871e-06, 3.63036656381e-06, 2.44865304921e-06, 2.30913542509e-06, 2.12728036786e-06, 1.3925954363e-06, 9.71099552771e-07, 4.01939814765e-07, 2.24630198886e-07, 1.84142123771e-07, 8.76024728313e-08, 5.56928121398e-08, 3.63424312866e-08, 2.32745644979e-08, 1.9788341632e-08, 2.06105887912e-08, 1.44169680638e-08, 1.03105080029e-08, 7.86822607068e-09, 5.6277338345e-09, 4.13374312558e-09, 2.8725342105e-09], "min": [5.95237835934e-24, 4.64783000847e-24, 1.35452971007e-23, 1.36254453687e-23, 1.24287646747e-23, 5.95738486507e-24, 4.8095756819e-24, 7.41959732304e-24, 1.87330562505e-23, 8.79395946958e-24, 1.4212466745e-23, 1.70542939798e-23, 6.5234927499e-24, 1.84196197247e-23, 1.10923972248e-23, 1.09361956658e-23, 1.36730641684e-23, 1.95089782591e-23, 8.33035617078e-24, 7.39381261549e-24, 1.62439145268e-23, 1.86248608219e-23, 1.4556867639e-23, 6.62157064296e-24, 9.53616950745e-24, 6.53503220723e-24, 9.21464715742e-24, 8.6116797468e-24, 8.70605748778e-24, 1.14784452414e-23, 6.42799995404e-24, 1.32316412716e-23, 1.06476958222e-23, 8.94104021878e-24, 1.00199234692e-23, 8.03689991403e-24, 7.43157617588e-24, 8.5278332989e-24, 7.71945597489e-24, 1.05509522873e-23], "var": [1.39766470966e-05, 2.82743367279e-05, 4.13793213738e-06, 5.40091264156e-07, 8.42328006456e-07, 9.66846255324e-06, 1.04327007477e-07, 5.30364943074e-08, 5.34192956536e-08, 8.32301125797e-08, 4.14841494489e-09, 9.87259052287e-10, 5.78740555479e-10, 2.93721519329e-10, 3.84135390163e-10, 3.98516386557e-10, 3.9295400267e-10, 1.86596862961e-10, 8.41631139781e-11, 2.54882226436e-10, 4.10578064602e-11, 3.47188527927e-11, 7.24275431296e-11, 2.27493093807e-11, 1.73165214806e-11, 2.41150545713e-12, 6.08092623564e-13, 4.50600629942e-13, 1.61300511251e-13, 1.04924153133e-13, 6.53971302567e-14, 4.99525923826e-14, 2.51233072296e-14, 2.99366007515e-14, 4.16234226448e-14, 6.54450452164e-14, 6.31977583872e-14, 4.02483900158e-14, 5.18533614213e-14, 1.50650925247e-14]}, "mfcc": {"mean": [-747.204772949, 202.138793945, 22.209980011, 30.2335090637, 15.3966684341, -4.47309732437, -6.7094373703, 2.96017503738, -2.38284039497, 1.27483332157, 2.48507618904, 3.11540293694, -1.48497641087], "cov": [[11990.5429688, -242.55821228, -2755.60327148, 228.067337036, 152.825241089, 89.7989654541, -16.0759029388, 95.7719421387, -201.746704102, -127.759078979, -330.548370361, -252.376556396, -206.202316284], [-242.55821228, 2061.78051758, -242.119613647, -116.495285034, 81.5713653564, -59.6615180969, 57.5566558838, 80.4322433472, 10.7063436508, -80.3568572998, -2.4247636795, -14.4086151123, -12.7551860809], [-2755.60327148, -242.119613647, 1732.27050781, -182.241500854, 50.1168060303, 172.939544678, 106.764656067, 47.8274841309, 119.148040771, 79.8396377563, 93.2442550659, 105.949752808, 61.4581489563], [228.067337036, -116.495285034, -182.241500854, 347.35345459, 53.7518043518, 53.0368270874, 38.4988212585, 13.5828351974, 2.7985253334, 17.8092575073, 5.36938476562, -4.39300870895, 25.2353286743], [152.825241089, 81.5713653564, 50.1168060303, 53.7518043518, 224.275299072, 83.9568634033, 66.4562988281, 59.8048591614, 13.8996973038, 4.01624202728, 8.14616394043, 15.9676218033, 19.4419937134], [89.7989654541, -59.6615180969, 172.939544678, 53.0368270874, 83.9568634033, 186.691772461, 81.2511672974, 36.4466323853, 25.2255992889, 10.9264831543, 3.6732852459, 16.7765083313, 17.7966709137], [-16.0759029388, 57.5566558838, 106.764656067, 38.4988212585, 66.4562988281, 81.2511672974, 127.364387512, 67.2963409424, 31.626958847, 23.2855796814, 28.0948925018, 20.3130950928, 8.41487503052], [95.7719421387, 80.4322433472, 47.8274841309, 13.5828351974, 59.8048591614, 36.4466323853, 67.2963409424, 108.247253418, 49.4816894531, 22.5681552887, 35.1323471069, 24.9562892914, 5.74465370178], [-201.746704102, 10.7063436508, 119.148040771, 2.7985253334, 13.8996973038, 25.2255992889, 31.626958847, 49.4816894531, 83.1798095703, 42.2296600342, 30.8163337708, 24.4621009827, 10.6195821762], [-127.759078979, -80.3568572998, 79.8396377563, 17.8092575073, 4.01624202728, 10.9264831543, 23.2855796814, 22.5681552887, 42.2296600342, 72.8201522827, 38.09998703, 18.6659736633, 5.98649644852], [-330.548370361, -2.4247636795, 93.2442550659, 5.36938476562, 8.14616394043, 3.6732852459, 28.0948925018, 35.1323471069, 30.8163337708, 38.09998703, 87.2070999146, 42.1823654175, 12.5764551163], [-252.376556396, -14.4086151123, 105.949752808, -4.39300870895, 15.9676218033, 16.7765083313, 20.3130950928, 24.9562892914, 24.4621009827, 18.6659736633, 42.1823654175, 77.2854385376, 20.9980010986], [-206.202316284, -12.7551860809, 61.4581489563, 25.2353286743, 19.4419937134, 17.7966709137, 8.41487503052, 5.74465370178, 10.6195821762, 5.98649644852, 12.5764551163, 20.9980010986, 70.1892318726]], "icov": [[0.00018434174126, 6.86416169629e-05, 0.000317713158438, 0.000130968590383, -5.25375289726e-05, -0.000357996759703, 5.69239964534e-05, -0.000522024289239, 0.000269537005806, -0.000239575078012, 0.000512235448696, 5.63270659768e-05, 0.000240999113885], [6.86416169629e-05, 0.000620953098405, 0.000224792223889, 0.000308191636577, -0.000261287379544, 0.000247095915256, -0.000491245125886, -0.000335522170644, -0.00041081343079, 0.000924656691495, -3.72233298549e-05, 0.000205563657801, 3.14067365252e-05], [0.000317713158438, 0.000224792223889, 0.00141906517092, 0.000895738892723, -0.000143428056617, -0.0012698948849, -0.000370870227925, -0.00019966904074, -0.000486764911329, -0.00045006047003, 0.000428194121923, -0.00030776503263, -4.04596903536e-05], [0.000130968590383, 0.000308191636577, 0.000895738892723, 0.00388159323484, -0.000594353245106, -0.00113790936302, -0.000953143346123, 0.000204339303309, 4.08124324167e-05, -0.000953877926804, -8.89280781848e-05, 0.000649033521768, -0.00129145965911], [-5.25375289726e-05, -0.000261287379544, -0.000143428056617, -0.000594353245106, 0.00644704978913, -0.00192951667123, -0.000528635922819, -0.00303397537209, 0.00176905095577, -0.000223086084588, 0.000699186814018, -0.000443863129476, -0.00108853902202], [-0.000357996759703, 0.000247095915256, -0.0012698948849, -0.00113790936302, -0.00192951667123, 0.0101278284565, -0.00523551786318, 0.00219646119513, -0.00210239901207, 0.00181847275235, 0.0010382165201, -0.000677970936522, -0.000891554052942], [5.69239964534e-05, -0.000491245125886, -0.000370870227925, -0.000953143346123, -0.000528635922819, -0.00523551786318, 0.0165222156793, -0.00793756730855, 0.0025484203361, -0.00284896884114, -0.00110679585487, 0.000265500915702, 0.000864424684551], [-0.000522024289239, -0.000335522170644, -0.00019966904074, 0.000204339303309, -0.00303397537209, 0.00219646119513, -0.00793756730855, 0.0219974946231, -0.0108648883179, 0.00371674401686, -0.00523173669353, -0.00109717668965, 0.000533991493285], [0.000269537005806, -0.00041081343079, -0.000486764911329, 4.08124324167e-05, 0.00176905095577, -0.00210239901207, 0.0025484203361, -0.0108648883179, 0.0250705834478, -0.0119241699576, 0.00229022162966, -0.00164780113846, -0.000938040437177], [-0.000239575078012, 0.000924656691495, -0.00045006047003, -0.000953877926804, -0.000223086084588, 0.00181847275235, -0.00284896884114, 0.00371674401686, -0.0119241699576, 0.0256298929453, -0.00868358742446, 0.00130728934892, 0.000622261490207], [0.000512235448696, -3.72233298549e-05, 0.000428194121923, -8.89280781848e-05, 0.000699186814018, 0.0010382165201, -0.00110679585487, -0.00523173669353, 0.00229022162966, -0.00868358742446, 0.0221895985305, -0.00808024220169, 9.46106229094e-05], [5.63270659768e-05, 0.000205563657801, -0.00030776503263, 0.000649033521768, -0.000443863129476, -0.000677970936522, 0.000265500915702, -0.00109717668965, -0.00164780113846, 0.00130728934892, -0.00808024220169, 0.0197752658278, -0.00373861566186], [0.000240999113885, 3.14067365252e-05, -4.04596903536e-05, -0.00129145965911, -0.00108853902202, -0.000891554052942, 0.000864424684551, 0.000533991493285, -0.000938040437177, 0.000622261490207, 9.46106229094e-05, -0.00373861566186, 0.0170312542468]]}, "spectral_contrast_coeffs": {"dmean": [0.0460948161781, 0.0379437319934, 0.0326467007399, 0.0267498027533, 0.0198474824429, 0.0204340647906], "dmean2": [0.0773460268974, 0.0626211613417, 0.0535914935172, 0.045033313334, 0.0329553447664, 0.0321565680206], "dvar": [0.00158432859462, 0.000930821464863, 0.00069697300205, 0.000453384767752, 0.00029627213371, 0.000492383202072], "dvar2": [0.00430003460497, 0.00257107173093, 0.00187344837468, 0.00125857628882, 0.000743236683775, 0.00108255189843], "max": [-0.332839131355, -0.393638789654, -0.502209246159, -0.595147371292, -0.632373690605, -0.668355166912], "mean": [-0.625167965889, -0.696998298168, -0.759763658047, -0.789040803909, -0.783916532993, -0.808658838272], "median": [-0.630249500275, -0.70984172821, -0.761700689793, -0.788455843925, -0.77555346489, -0.79984998703], "min": [-0.980900168419, -0.974423646927, -0.959787011147, -0.964309751987, -0.952952086926, -0.961593270302], "var": [0.00782535318285, 0.00766149023548, 0.00339404819533, 0.00273344502784, 0.00282662641257, 0.00283167161979]}, "spectral_contrast_valleys": {"dmean": [0.389504849911, 0.292050182819, 0.284489631653, 0.263210684061, 0.254822731018, 0.508548676968], "dmean2": [0.641477167606, 0.476125150919, 0.461076408625, 0.422242462635, 0.378158479929, 0.69523948431], "dvar": [0.189069032669, 0.126350209117, 0.126375645399, 0.136504650116, 0.159946277738, 0.462134301662], "dvar2": [0.363305896521, 0.201040863991, 0.213039204478, 0.234717205167, 0.272