{"lowlevel": {"average_loudness": 0.899913966656, "barkbands_crest": {"dmean": 2.16630029678, "dmean2": 3.50210952759, "dvar": 5.40532207489, "dvar2": 14.2147035599, "max": 24.7723999023, "mean": 13.2434282303, "median": 12.7132749557, "min": 3.4985306263, "var": 16.7245121002}, "barkbands_flatness_db": {"dmean": 0.0351450257003, "dmean2": 0.0506859496236, "dvar": 0.00144724466372, "dvar2": 0.00276012276299, "max": 0.650430738926, "mean": 0.288746207952, "median": 0.282350033522, "min": 0.025871604681, "var": 0.0113160628825}, "barkbands_kurtosis": {"dmean": 3.69800019264, "dmean2": 5.85496520996, "dvar": 34.7270050049, "dvar2": 83.3764801025, "max": 169.55670166, "mean": 7.80905103683, "median": 5.02838897705, "min": -1.96587479115, "var": 112.354545593}, "barkbands_skewness": {"dmean": 0.517328381538, "dmean2": 0.811239361763, "dvar": 0.352782219648, "dvar2": 0.804580926895, "max": 8.58240413666, "mean": 1.85249698162, "median": 1.73423266411, "min": -11.1022834778, "var": 1.66522073746}, "barkbands_spread": {"dmean": 2.42232656479, "dmean2": 3.60064053535, "dvar": 17.1503372192, "dvar2": 31.9447555542, "max": 105.63609314, "mean": 8.12466621399, "median": 5.36036205292, "min": 0.351554602385, "var": 80.8971710205}, "dissonance": {"dmean": 0.0328681282699, "dmean2": 0.0548548139632, "dvar": 0.000825393188279, "dvar2": 0.0022342428565, "max": 0.500000059605, "mean": 0.401376068592, "median": 0.415190845728, "min": 0.142208963633, "var": 0.00360800256021}, "dynamic_complexity": 3.51884579659, "erbbands_crest": {"dmean": 2.4075217247, "dmean2": 3.71562099457, "dvar": 5.36699342728, "dvar2": 11.6977291107, "max": 31.4920291901, "mean": 13.4224700928, "median": 12.5586271286, "min": 2.84744167328, "var": 26.5459022522}, "erbbands_flatness_db": {"dmean": 0.0297529231757, "dmean2": 0.0429839938879, "dvar": 0.00101657526102, "dvar2": 0.00194922147784, "max": 0.487967282534, "mean": 0.241429939866, "median": 0.232363328338, "min": 0.041884072125, "var": 0.00790524482727}, "erbbands_kurtosis": {"dmean": 1.76331663132, "dmean2": 2.65836191177, "dvar": 8.58332443237, "dvar2": 17.698015213, "max": 147.764144897, "mean": 3.58304929733, "median": 1.32439517975, "min": -1.85180556774, "var": 57.6831436157}, "erbbands_skewness": {"dmean": 0.395270198584, "dmean2": 0.58733779192, "dvar": 0.157052338123, "dvar2": 0.32161423564, "max": 9.59674835205, "mean": 1.01096725464, "median": 0.910007655621, "min": -2.94596123695, "var": 1.12487244606}, "erbbands_spread": {"dmean": 5.39949464798, "dmean2": 8.28669929504, "dvar": 52.0896911621, "dvar2": 110.52028656, "max": 143.624420166, "mean": 21.6396579742, "median": 19.5156669617, "min": 1.02580153942, "var": 198.277267456}, "hfc": {"dmean": 4.93513679504, "dmean2": 7.29840183258, "dvar": 85.3667373657, "dvar2": 170.447845459, "max": 112.629997253, "mean": 13.4063796997, "median": 9.52688312531, "min": 1.15662401887e-16, "var": 187.106307983}, "melbands_crest": {"dmean": 2.61663031578, "dmean2": 4.1422457695, "dvar": 8.09639835358, "dvar2": 21.3321342468, "max": 35.2219772339, "mean": 16.3929100037, "median": 15.3955764771, "min": 2.05787539482, "var": 30.109834671}, "melbands_flatness_db": {"dmean": 0.0389761142433, "dmean2": 0.0559143833816, "dvar": 0.00185045914259, "dvar2": 0.00347282085568, "max": 0.82325309515, "mean": 0.412067711353, "median": 0.405281066895, "min": 0.00771531462669, "var": 0.0146513292566}, "melbands_kurtosis": {"dmean": 5.69936609268, "dmean2": 9.12584781647, "dvar": 81.2573623657, "dvar2": 192.71812439, "max": 237.805130005, "mean": 13.909658432, "median": 9.24433231354, "min": -1.47593975067, "var": 319.464111328}, "melbands_skewness": {"dmean": 0.562255859375, "dmean2": 0.882722079754, "dvar": 0.40339666605, "dvar2": 0.914081990719, "max": 12.2036561966, "mean": 2.47407197952, "median": 2.31035113335, "min": -1.34042370319, "var": 2.29114747047}, "melbands_spread": {"dmean": 2.1200530529, "dmean2": 3.13944149017, "dvar": 16.4560623169, "dvar2": 28.6689949036, "max": 147.686843872, "mean": 7.50384044647, "median": 5.21820259094, "min": 0.745765209198, "var": 65.4979934692}, "pitch_salience": {"dmean": 0.0579773895442, "dmean2": 0.0936520472169, "dvar": 0.00419977819547, "dvar2": 0.0105447983369, "max": 0.843118727207, "mean": 0.463723897934, "median": 0.470567435026, "min": 0.0865799486637, "var": 0.0113351456821}, "silence_rate_20dB": {"dmean": 0, "dmean2": 0, "dvar": 0, "dvar2": 0, "max": 1, "mean": 1, "median": 1, "min": 1, "var": 0}, "silence_rate_30dB": {"dmean": 0.0472779385746, "dmean2": 0.0945694223046, "dvar": 0.0450382381678, "dvar2": 0.098239377141, "max": 1, "mean": 0.905457675457, "median": 1, "min": 0, "var": 0.0856018215418}, "silence_rate_60dB": {"dmean": 0.00257879658602, "dmean2": 0.00515833217651, "dvar": 0.0025719224941, "dvar2": 0.00513181323186, "max": 1, "mean": 0.0356682427227, "median": 0, "min": 0, "var": 0.0343966297805}, "spectral_centroid": {"dmean": 87.0308761597, "dmean2": 127.92326355, "dvar": 31065.2714844, "dvar2": 49631.09375, "max": 11371.1689453, "mean": 479.817657471, "median": 385.299835205, "min": 176.60824585, "var": 109206.703125}, "spectral_complexity": {"dmean": 2.08653306961, "dmean2": 3.22596359253, "dvar": 12.071928978, "dvar2": 19.3651561737, "max": 50, "mean": 10.0961179733, "median": 9, "min": 0, "var": 35.885471344}, "spectral_decrease": {"dmean": 3.97188593126e-09, "dmean2": 6.27083407423e-09, "dvar": 4.93933862865e-17, "dvar2": 1.18810029259e-16, "max": 6.28795967185e-16, "mean": -1.37045521598e-08, "median": -1.11289679694e-08, "min": -8.75264092315e-08, "var": 1.28929889222e-16}, "spectral_energy": {"dmean": 0.0152899008244, "dmean2": 0.0240965243429, "dvar": 0.00072021962842, "dvar2": 0.00173495896161, "max": 0.335616737604, "mean": 0.0529401637614, "median": 0.0430570505559, "min": 1.05254572811e-20, "var": 0.00189774169121}, "spectral_energyband_high": {"dmean": 0.000177439869731, "dmean2": 0.000281727378024, "dvar": 2.26468074516e-07, "dvar2": 4.54478509937e-07, "max": 0.00430348981172, "mean": 0.000164109427715, "median": 7.2194607128e-06, "min": 7.78523409386e-21, "var": 2.74709606174e-07}, "spectral_energyband_low": {"dmean": 0.0123334638774, "dmean2": 0.0196766592562, "dvar": 0.000632114417385, "dvar2": 0.00151893147267, "max": 0.297500908375, "mean": 0.0312653928995, "median": 0.0197834521532, "min": 4.10927301187e-23, "var": 0.00135744002182}, "spectral_energyband_middle_high": {"dmean": 0.000948648666963, "dmean2": 0.0013625001302, "dvar": 4.70413988296e-06, "dvar2": 8.87805254024e-06, "max": 0.0243411771953, "mean": 0.00189041148406, "median": 0.000836542749312, "min": 1.56837038821e-21, "var": 9.15105647437e-06}, "spectral_energyband_middle_low": {"dmean": 0.00622752076015, "dmean2": 0.00997124239802, "dvar": 9.09759255592e-05, "dvar2": 0.000247147516347, "max": 0.12133577466, "mean": 0.0207125227898, "median": 0.0188243631274, "min": 2.58646437702e-22, "var": 0.000231830330449}, "spectral_entropy": {"dmean": 0.313162237406, "dmean2": 0.46483695507, "dvar": 0.12540666759, "dvar2": 0.244900241494, "max": 9.80886554718, "mean": 6.15451097488, "median": 6.16890239716, "min": 3.87055301666, "var": 0.768220126629}, "spectral_flux": {"dmean": 0.0274339038879, "dmean2": 0.0421897396445, "dvar": 0.00154404703062, "dvar2": 0.00314691546373, "max": 0.496866822243, "mean": 0.077734850347, "median": 0.061670422554, "min": 1.02593648854e-10, "var": 0.00408604554832}, "spectral_kurtosis": {"dmean": 15.0676803589, "dmean2": 24.5548477173, "dvar": 465.170532227, "dvar2": 1201.57739258, "max": 443.443389893, "mean": 43.2376670837, "median": 20.2116394043, "min": -1.18943178654, "var": 3326.91845703}, "spectral_rms": {"dmean": 0.000891511677764, "dmean2": 0.00138563360088, "dvar": 1.5435533669e-06, "dvar2": 3.65242317457e-06, "max": 0.0180950537324, "mean": 0.00665491772816, "median": 0.00648127123713, "min": 3.2044872398e-12, "var": 7.36102174415e-06}, "spectral_rolloff": {"dmean": 120.367538452, "dmean2": 209.916854858, "dvar": 216718.046875, "dvar2": 507054.5625, "max": 19681.3476562, "mean": 575.643432617, "median": 301.46484375, "min": 64.599609375, "var": 3008851.25}, "spectral_skewness": {"dmean": 0.909127414227, "dmean2": 1.45062708855, "dvar": 0.907119274139, "dvar2": 2.22565627098, "max": 18.0159416199, "mean": 4.46730852127, "median": 3.50440859795, "min": -0.0113736325875, "var": 7.56379556656}, "spectral_spread": {"dmean": 915495.3125, "dmean2": 1362278.125, "dvar": 1214794432510.0, "dvar2": 2346967891970.0, "max": 41335556, "mean": 2902985, "median": 2304077.25, "min": 220951.78125, "var": 5114153664510.0}, "spectral_strongpeak": {"dmean": 0.305715501308, "dmean2": 0.533635854721, "dvar": 0.393708974123, "dvar2": 0.931007146835, "max": 9.63057327271, "mean": 0.618857324123, "median": 0.354166418314, "min": 0, "var": 0.641105175018}, "zerocrossingrate": {"dmean": 0.00565853621811, "dmean2": 0.00679241959006, "dvar": 0.000101961122709, "dvar2": 0.000108578758955, "max": 0.77099609375, "mean": 0.0245564691722, "median": 0.015625, "min": 0.00146484375, "var": 0.00250020506792}, "barkbands": {"dmean": [0.000921762140933, 0.0104336254299, 0.00319851562381, 0.0017052711919, 0.00372791546397, 0.00154964381363, 0.00067631615093, 0.000204811411095, 0.000938594224863, 7.58871246944e-05, 0.000199647067348, 0.000102552359749, 0.000106692736153, 0.000172149389982, 0.000268623407464, 0.000153184155351, 6.76199269947e-05, 3.75970339519e-05, 4.10897591792e-05, 1.62790911418e-05, 2.12340401049e-05, 2.09133995668e-05, 2.39925211645e-05, 2.54807728197e-05, 4.34868998127e-05, 2.54422993748e-05, 1.7143191144e-05], "dmean2": [0.00137130450457, 0.0164517518133, 0.00559436436743, 0.00287926360033, 0.00628534052521, 0.00257609621622, 0.00102318380959, 0.000336644850904, 0.001133164973, 0.000126673883642, 0.00029950440512, 0.000157638452947, 0.000161636780831, 0.000278720748611, 0.000380810088245, 0.000223533221288, 0.000108197127702, 6.42285885988e-05, 5.94506636844e-05, 2.55842041952e-05, 3.4122607758e-05, 3.08612943627e-05, 3.85950115742e-05, 3.97178409912e-05, 7.25239442545e-05, 4.12541958212e-05, 2.6961974072e-05], "dvar": [3.13175496558e-06, 0.000542387948371, 5.93098884565e-05, 2.47179432336e-05, 3.26875087922e-05, 5.16091995451e-06, 1.94254971575e-06, 2.80956356846e-07, 5.4680131143e-06, 3.68418149321e-08, 2.1370887282e-07, 7.39388497095e-08, 1.18287303508e-07, 3.69592981997e-07, 4.44884932449e-07, 1.82754419598e-07, 3.26750679847e-08, 1.72850089797e-08, 1.73594152386e-08, 3.11195158531e-09, 4.20708934357e-09, 3.92865961985e-09, 4.58235227541e-09, 4.29293844917e-09, 1.66511444633e-08, 4.12697342966e-09, 3.28988791765e-09], "dvar2": [6.19747879682e-06, 0.00128482759465, 0.000168195052538, 6.78719516145e-05, 9.58594027907e-05, 1.49328834596e-05, 3.73914554075e-06, 7.29331475213e-07, 7.02337183611e-06, 1.00064212916e-07, 4.72806021889e-07, 1.67274137652e-07, 2.71845863153e-07, 9.37162326409e-07, 8.47862906994e-07, 3.38842511383e-07, 7.79401929663e-08, 4.47326797826e-08, 3.17225321567e-08, 5.96714544443e-09, 8.48733527903e-09, 7.57361551251e-09, 9.48609280016e-09, 9.14524900253e-09, 4.11728429128e-08, 9.39115007981e-09, 7.38782413023e-09], "max": [0.025889294222, 0.271094828844, 0.105979040265, 0.0671596005559, 0.0768456831574, 0.0393276661634, 0.0461299978197, 0.00766023341566, 0.0980731472373, 0.0021277568303, 0.00699593126774, 0.00388193014078, 0.00728260073811, 0.0120087824762, 0.0097465608269, 0.00638552755117, 0.00184216955677, 0.00179509655572, 0.00223079556599, 0.000820451183245, 0.000813753402326, 0.000820299668703, 0.000640184502117, 0.00081548030721, 0.00139193609357, 0.000669981294777, 0.00082008948084], "mean": [0.00216103345156, 0.023501329124, 0.00451663369313, 0.00242275651544, 0.00992725417018, 0.00345952715725, 0.00167242600583, 0.000357418437488, 0.00286265811883, 8.07609394542e-05, 0.00032240053406, 0.000146123347804, 0.000189331680303, 0.000259615277173, 0.000433412351413, 0.000288232491584, 7.61487608543e-05, 3.68764704035e-05, 5.19842360518e-05, 1.90600148926e-05, 2.11702517845e-05, 2.01022903639e-05, 2.17085434997e-05, 2.34780163737e-05, 3.35226322932e-05, 2.10667385545e-05, 1.41829441418e-05], "median": [0.00100569729693, 0.0140638686717, 0.00230414606631, 0.00109618180431, 0.00777897518128, 0.00233425479382, 0.000647826935165, 0.000133332403493, 0.00044465661631, 2.32674574363e-05, 7.23700795788e-05, 3.95513488911e-05, 5.07938566443e-05, 6.89364314894e-05, 7.25507197785e-05, 2.92842341878e-05, 1.30438420456e-05, 5.77785476708e-06, 5.88214561503e-06, 1.96974792743e-06, 1.51538733917e-06, 9.9965109257e-07, 7.66335972457e-07, 7.98423627657e-07, 9.08925642307e-07, 3.79744847123e-07, 9.66005302416e-08], "min": [4.14712918454e-23, 6.32678476116e-24, 4.28174451148e-24, 3.07923713308e-23, 1.17289219895e-23, 3.85470665112e-23, 2.93482478479e-23, 4.04518437421e-23, 3.14047766733e-23, 1.02313132638e-22, 3.96448137925e-23, 2.57488869521e-23, 1.13052552473e-22, 9.01023799298e-23, 1.15594072983e-22, 1.68981944994e-22, 1.71125084436e-22, 2.3609985902e-22, 2.66697716184e-22, 4.46753917758e-22, 4.71710599034e-22, 5.96359255353e-22, 6.44702671109e-22, 8.58598228726e-22, 1.18605421378e-21, 1.8213380119e-21, 2.31143525469e-21], "var": [1.17677109301e-05, 0.000978222116828, 5.28868440597e-05, 2.07649918593e-05, 9.26166030695e-05, 1.12592488222e-05, 7.89699515735e-06, 4.04436207191e-07, 3.74377959815e-05, 3.06620506763e-08, 4.47168957862e-07, 1.01897562388e-07, 1.98998122869e-07, 5.82728432619e-07, 8.92278194442e-07, 4.71171205163e-07, 3.70267621008e-08, 1.62685580563e-08, 2.55187408982e-08, 4.70474992298e-09, 5.59622659324e-09, 5.14699571852e-09, 5.32222088623e-09, 5.11531617065e-09, 1.3920475439e-08, 4.09339717677e-09, 3.2448230769e-09]}, "erbbands": {"dmean": [0.418116778135, 2.1141242981, 3.77538704872, 4.58365297318, 7.36233282089, 16.7431182861, 15.7157049179, 9.06545639038, 8.00807857513, 9.57700824738, 7.37682723999, 25.075756073, 2.12601041794, 4.69713115692, 6.41778469086, 4.31528139114, 5.2281126976, 6.27374887466, 6.9633808136, 22.8497714996, 4.15326976776, 3.65503549576, 2.20228672028, 2.13368296623, 1.45392477512, 0.826051056385, 0.617227554321, 0.964538037777, 0.811322331429, 0.712512493134, 0.668736577034, 0.506738781929, 0.488038986921, 0.594489574432, 0.232439786196, 0.122625298798, 0.0446568280458, 0.0102686975151, 0.00234488490969, 0.000285296468064], "dmean2": [0.624022364616, 3.38699269295, 6.56264257431, 7.81868076324, 12.4288892746, 28.7157783508, 25.1679477692, 15.4712076187, 12.9508647919, 13.5352735519, 10.2438879013, 30.135761261, 3.02415943146, 7.6478395462, 9.59220218658, 6.44192695618, 7.68156814575, 10.4684448242, 10.1454114914, 31.6530914307, 6.22036409378, 5.86963796616, 3.50512313843, 3.13709974289, 2.12811303139, 1.2786231041, 0.95288336277, 1.58432006836, 1.20900440216, 1.0974804163, 1.07806551456, 0.799922287464, 0.765650629997, 1.00188946724, 0.379055649042, 0.198968157172, 0.0720030367374, 0.0163461957127, 0.00364696560428, 0.000456820620457], "dvar": [0.8876080513, 23.8126525879, 72.5622024536, 182.622314453, 241.107955933, 722.798950195, 522.323852539, 211.67741394, 347.834564209, 602.108398438, 265.832061768, 4064.7956543, 18.6829204559, 127.508628845, 205.639038086, 156.373901367, 274.52041626, 465.384979248, 527.114318848, 3594.21240234, 138.418640137, 90.2617263794, 43.0856132507, 56.018737793, 22.0924339294, 8.54865837097, 4.94282102585, 7.70692110062, 5.56494235992, 4.95223760605, 3.40478038788, 1.61504244804, 1.70784187317, 3.0825278759, 0.490169048309, 0.0949944406748, 0.0127691365778, 0.00116735580377, 4.91736500408e-05, 1.09043662633e-06], "dvar2": [1.98211193085, 59.0602302551, 203.596466064, 507.238250732, 695.522583008, 2191.43847656, 1342.51062012, 585.081604004, 710.931091309, 1052.27685547, 521.332580566, 5240.62939453, 37.433883667, 333.182342529, 449.048553467, 340.846191406, 613.051940918, 1238.04345703, 1182.69775391, 6200.62060547, 275.780456543, 207.10333252, 105.22164917, 111.458068848, 39.4706573486, 17.14868927, 8.92803382874, 16.4866847992, 10.6562356949, 10.3360834122, 7.07767152786, 3.45654797554, 3.5999481678, 7.6639752388, 1.1883045435, 0.220178082585, 0.0285648982972, 0.00270418939181, 0.000103293124994, 2.65400012722e-06], "max": [12.133764267, 59.7061309814, 114.184707642, 173.905212402, 283.852081299, 340.993804932, 364.043518066, 301.551391602, 740.319580078, 434.442871094, 480.310119629, 2671.18334961, 127.529273987, 118.147758484, 204.535247803, 175.886230469, 375.936126709, 362.199584961, 472.733642578, 1019.65936279, 128.788360596, 85.7105712891, 91.0929412842, 117.526626587, 62.336566925, 42.5172653198, 32.6229705811, 34.2255477905, 26.7772350311, 27.5755348206, 16.9522285461, 13.8206071854, 20.3008480072, 22.8131866455, 6.03453397751, 2.67048120499, 1.12330913544, 0.724424183369, 0.0658537298441, 0.0166467688978], "mean": [0.944066345692, 4.13195228577, 5.95197629929, 6.7867231369, 13.601603508, 41.1045532227, 46.4608230591, 20.3595542908, 20.3749752045, 21.0866928101, 20.5640201569, 76.7000732422, 5.63999032974, 6.292345047, 10.7019872665, 6.74565124512, 9.71076583862, 9.35337162018, 11.0636920929, 41.3113021851, 6.85368728638, 4.0551199913, 2.53186130524, 2.62437319756, 1.77508890629, 0.955827236176, 0.70032542944, 0.916502833366, 0.771011769772, 0.651835024357, 0.60348045826, 0.472454458475, 0.441502690315, 0.450628101826, 0.186345741153, 0.0988912656903, 0.0372005701065, 0.00872006546706, 0.0020434865728, 0.000271934753982], "median": [0.486839711666, 2.61978936195, 3.79134225845, 4.11299753189, 8.43214607239, 27.0680103302, 31.9727325439, 14.8189096451, 6.85785484314, 6.6063246727, 6.86405754089, 9.74181747437, 2.23262238503, 2.45676136017, 3.11803603172, 2.28308725357, 3.02314281464, 2.86414694786, 2.97093868256, 5.16058158875, 1.24140655994, 0.726902902126, 0.463873565197, 0.301717042923, 0.251503825188, 0.0992576479912, 0.0478952936828, 0.063620954752, 0.040059581399, 0.0258088987321, 0.0212912522256, 0.0170721560717, 0.0132978055626, 0.0119463447481, 0.00415704678744, 0.0019980573561, 0.000649014371447, 0.000123906313092, 4.43325443484e-05, 5.34489445272e-05], "min": [4.79259985276e-22, 6.02218737452e-22, 6.44400556315e-21, 6.52533510804e-20, 4.68345979289e-20, 5.31875227479e-20, 1.35079149792e-19, 2.52406538349e-19, 5.32785171389e-19, 6.83551245736e-19, 7.05273473911e-19, 6.58057952847e-19, 3.77952470356e-18, 1.28467073811e-18, 1.45188840086e-18, 1.38798776796e-18, 4.94606857012e-18, 4.23904586771e-18, 7.28434272568e-18, 7.10306940316e-18, 7.29708875174e-18, 1.01405345151e-17, 1.30064349234e-17, 1.4621292484e-17, 1.48041523389e-17, 2.10326023214e-17, 2.08150505116e-17, 1.7770767777e-17, 2.31265637199e-17, 1.91507101795e-17, 1.6503748763e-17, 1.6800532895e-17, 1.64475120619e-17, 1.36437329176e-17, 8.19933765925e-18, 5.98826733828e-18, 3.31379616929e-18, 1.41748203008e-18, 2.71035059334e-19, 3.64272828804e-20], "var": [1.9048384428, 32.7042312622, 67.900062561, 138.438766479, 303.837493896, 1794.1328125, 2155.89868164, 429.22164917, 1616.66247559, 1989.49389648, 1124.45800781, 28220.5820312, 79.9606018066, 134.415725708, 432.352264404, 219.006195068, 461.617584229, 660.769042969, 900.102233887, 9339.00683594, 241.735168457, 102.065330505, 48.3925552368, 75.5025405884, 32.0854721069, 12.2361030579, 7.60134935379, 9.32329082489, 7.35430383682, 5.66955566406, 3.92094898224, 2.0289516449, 1.94382917881, 2.54058718681, 0.429642319679, 0.0914911106229, 0.0129171460867, 0.00111723376904, 5.38948843314e-05, 9.46167460825e-07]}, "gfcc": {"mean": [-91.9323577881, 170.32434082, -65.0263061523, 10.0433864594, -26.368894577, 3.02181315422, -36.3616256714, -1.40734648705, -7.98511362076, 2.33870458603, -6.19363546371, -3.04370284081, -0.016070086509], "cov": [[19834.9609375, -2922.18164062, -1803.73168945, 1169.98095703, -368.35647583, 1661.25610352, -174.052871704, 1248.78894043, -378.275909424, 200.951843262, -1118.76989746, 36.2355651855, -202.815979004], [-2922.18164062, 3325.55957031, 117.473480225, -190.855361938, 565.875061035, -539.139953613, 166.742050171, -531.814941406, 77.649772644, -215.756729126, 400.241485596, -204.336730957, 197.981674194], [-1803.73168945, 117.473480225, 802.088989258, -11.8348197937, -60.6707458496, -106.073173523, 6.9848575592, -164.556503296, -15.2686185837, 42.111415863, 167.512619019, 111.844657898, 14.1755990982], [1169.98095703, -190.855361938, -11.8348197937, 267.328582764, 3.33587741852, 103.804351807, 2.5274014473, 66.799697876, -24.5532264709, 37.5156555176, -23.7728176117, 23.1893138885, -4.8817191124], [-368.35647583, 565.875061035, -60.6707458496, 3.33587741852, 297.520446777, -63.1065750122, 2.84139609337, -93.9969940186, 46.657749176, -32.8303489685, 56.8953781128, -65.505065918, 50.2548980713], [1661.25610352, -539.139953613, -106.073173523, 103.804351807, -63.1065750122, 351.421264648, 7.28153419495, 145.262481689, -19.2198543549, 84.1206741333, -120.258262634, 42.8479537964, -25.3038158417], [-174.052871704, 166.742050171, 6.9848575592, 2.5274014473, 2.84139609337, 7.28153419495, 185.782287598, 67.3600387573, 26.1818809509, -13.0570068359, 45.71849823, 3.16563653946, 17.7348480225], [1248.78894043, -531.814941406, -164.556503296, 66.799697876, -93.9969940186, 145.262481689, 67.3600387573, 342.753875732, 59.019367218, 1.41760647297, -138.013549805, 21.942440033, -14.9275484085], [-378.275909424, 77.649772644, -15.2686185837, -24.5532264709, 46.657749176, -19.2198543549, 26.1818809509, 59.019367218, 126.802848816, 13.2240486145, 13.8045186996, -21.1644248962, 18.5585632324], [200.951843262, -215.756729126, 42.111415863, 37.5156555176, -32.8303489685, 84.1206741333, -13.0570068359, 1.41760647297, 13.2240486145, 133.443817139, 31.1984786987, 14.8887987137, -32.0389900208], [-1118.76989746, 400.241485596, 167.512619019, -23.7728176117, 56.8953781128, -120.258262634, 45.71849823, -138.013549805, 13.8045186996, 31.1984786987, 206.832611084, 18.6165847778, 7.30515146255], [36.2355651855, -204.336730957, 111.844657898, 23.1893138885, -65.505065918, 42.8479537964, 3.16563653946, 21.942440033, -21.1644248962, 14.8887987137, 18.6165847778, 125.392181396, 13.6876344681], [-202.815979004, 197.981674194, 14.1755990982, -4.8817191124, 50.2548980713, -25.3038158417, 17.7348480225, -14.9275484085, 18.5585632324, -32.0389900208, 7.30515146255, 13.6876344681, 79.8120422363]], "icov": [[0.000186214136193, -0.000120590011647, 0.000232506921748, -0.000489203026518, 5.51447883481e-05, -0.000445612968178, 0.000270026415819, -0.000457245914731, 0.000580782594625, -0.000180813221959, 0.000345705193467, -6.12562071183e-05, 0.000150826323079], [-0.000120590011647, 0.00103823386598, -0.000109611151856, 0.000378219003323, -0.000762836541981, 0.000458257971331, -0.000883510103449, 0.00112766365055, -0.000522752117831, 0.00112724979408, -0.00129640288651, 0.0011376934126, -0.00130881275982], [0.000232506921748, -0.000109611151856, 0.0021775723435, -0.0008393022581, 0.000630111724604, -0.000160022158525, 0.000104558101157, 0.000406446837587, 0.000184624208487, -0.000486102420837, -0.000205496369745, -0.00161294871941, 8.72937453096e-05], [-0.000489203026518, 0.000378219003323, -0.0008393022581, 0.00607657711953, -0.00125463737641, 0.000322806881741, -0.000295782781905, -0.000470161612611, 0.00061097543221, -0.000586508016568, -0.00165193050634, 0.000240080044023, -0.0010579621885], [5.51447883481e-05, -0.000762836541981, 0.000630111724604, -0.00125463737641, 0.00649632373825, -0.00130309467204, 0.00117646134458, 0.000947195338085, -0.00218266341835, 0.00116007716861, -0.00118640658911, 0.00194228533655, -0.00199542730115], [-0.000445612968178, 0.000458257971331, -0.000160022158525, 0.000322806881741, -0.00130309467204, 0.00768130784854, -0.00256223836914, 0.00075306853978, -6.11094437772e-05, -0.00464219553396, 0.00368587253615, -0.00241743633524, -2.7041121939e-05], [0.000270026415819, -0.000883510103449, 0.000104558101157, -0.000295782781905, 0.00117646134458, -0.00256223836914, 0.00942958984524, -0.00498770643026, 0.00164494628552, 0.00151680095587, -0.00459987018257, 0.00149629404768, -0.00134935276583], [-0.000457245914731, 0.00112766365055, 0.000406446837587, -0.000470161612611, 0.000947195338085, 0.00075306853978, -0.00498770643026, 0.0102978460491, -0.00714489025995, 0.00205707899295, 0.00340406526811, -0.00182060257066, 0.00110434391536], [0.000580782594625, -0.000522752117831, 0.000184624208487, 0.00061097543221, -0.00218266341835, -6.11094437772e-05, 0.00164494628552, -0.00714489025995, 0.0153241110966, -0.00457572797313, -0.000926346983761, 0.0024196067825, -0.00329999485984], [-0.000180813221959, 0.00112724979408, -0.000486102420837, -0.000586508016568, 0.00116007716861, -0.00464219553396, 0.00151680095587, 0.00205707899295, -0.00457572797313, 0.0156374275684, -0.00716335419565, 0.00241712736897, 0.00222264765762], [0.000345705193467, -0.00129640288651, -0.000205496369745, -0.00165193050634, -0.00118640658911, 0.00368587253615, -0.00459987018257, 0.00340406526811, -0.000926346983761, -0.00716335419565, 0.0165002103895, -0.00633142143488, 0.00451961532235], [-6.12562071183e-05, 0.0011376934126, -0.00161294871941, 0.000240080044023, 0.00194228533655, -0.00241743633524, 0.00149629404768, -0.00182060257066, 0.0024196067825, 0.00241712736897, -0.00633142143488, 0.0151831405237, -0.00695577310398], [0.000150826323079, -0.00130881275982, 8.72937453096e-05, -0.0010579621885, -0.00199542730115, -2.7041121939e-05, -0.00134935276583, 0.00110434391536, -0.00329999485984, 0.00222264765762, 0.00451961532235, -0.00695577310398, 0.0202722102404]]}, "melbands": {"dmean": [0.00317468796857, 0.00205553020351, 0.000829374825116, 0.000875692814589, 0.000558215833735, 0.000225497264182, 0.000119881449791, 8.79429280758e-05, 9.56971052801e-05, 0.000135761787533, 7.01937779013e-06, 1.80479710252e-05, 2.85393962258e-05, 8.49377738632e-06, 1.50891182784e-05, 9.29870566324e-06, 1.30268936118e-05, 1.24918178699e-05, 2.17395263462e-05, 2.29081852012e-05, 3.35247386829e-06, 4.10425309383e-06, 2.84176849163e-06, 1.68044527982e-06, 1.78703157871e-06, 1.56695000442e-06, 6.39528082047e-07, 5.26330893535e-07, 3.80452235049e-07, 4.33317836723e-07, 6.18578098965e-07, 4.40451600525e-07, 4.1711550125e-07, 3.89332285522e-07, 3.76888664277e-07, 3.79232545811e-07, 3.06014726448e-07, 3.48052850541e-07, 3.34556716552e-07, 6.12082033058e-07], "dmean2": [0.00486848410219, 0.00344744860195, 0.00140804168768, 0.00149460509419, 0.000911189126782, 0.000383885693736, 0.000191780389287, 0.000126396960695, 0.000121743192722, 0.00016425368085, 1.15890743473e-05, 2.98142658721e-05, 4.23544479418e-05, 1.30360040203e-05, 2.22595845116e-05, 1.44449495565e-05, 2.17722772504e-05, 1.88122539839e-05, 3.07950758724e-05, 3.21580409945e-05, 5.34172568223e-06, 6.81595565766e-06, 4.25541065852e-06, 2.97048177345e-06, 2.65223047791e-06, 2.2748115498e-06, 9.56777739702e-07, 8.39537619868e-07, 5.74809178033e-07, 6.7020920369e-07, 1.03163813492e-06, 6.58120541175e-07, 6.10606775808e-07, 6.14185864833e-07, 5.99799022893e-07, 6.18376930106e-07, 4.87365412027e-07, 5.33914203515e-07, 5.52826861622e-07, 1.03887589376e-06], "dvar": [5.06377546117e-05, 1.96303481061e-05, 5.30602255822e-06, 1.96900555238e-06, 6.67662902742e-07, 1.21365644645e-07, 7.20823152278e-08, 5.31303250284e-08, 4.66806788779e-08, 1.18531644944e-07, 2.54613080619e-10, 1.97931226964e-09, 4.37259428665e-09, 3.9962919085e-10, 1.80596626542e-09, 9.55670098612e-10, 2.00012251206e-09, 2.22655316406e-09, 3.05618530483e-09, 3.79014286622e-09, 1.36863034794e-10, 1.28949934064e-10, 5.37316337257e-11, 5.2053462235e-11, 3.92956361894e-11, 2.17834708605e-11, 5.01670796918e-12, 3.49009558233e-12, 2.04007427271e-12, 2.49202091254e-12, 3.03127054707e-12, 1.66168793135e-12, 1.78014634283e-12, 1.49278126752e-12, 1.13040880909e-12, 1.29146368079e-12, 6.40789450581e-13, 9.87539368856e-13, 7.68842400769e-13, 3.84350884453e-12], "dvar2": [0.000115231167001, 5.21155561728e-05, 1.48533554238e-05, 5.89546925767e-06, 1.799782126e-06, 3.45469942431e-07, 1.44995496498e-07, 9.63666906273e-08, 6.95902713232e-08, 1.54653704953e-07, 6.70351718579e-10, 5.27896704128e-09, 9.4985495025e-09, 8.04175837033e-10, 3.87245524536e-09, 2.22594409571e-09, 5.39514699582e-09, 5.17228881947e-09, 5.76182968004e-09, 6.51775255989e-09, 3.13962023046e-10, 3.07311065484e-10, 1.12446156553e-10, 1.40226552592e-10, 7.67902616494e-11, 3.92736433652e-11, 9.01116594537e-12, 7.57036447419e-12, 3.87008480818e-12, 5.32939534517e-12, 7.16457101979e-12, 3.31978628615e-12, 3.40530034726e-12, 3.2874603647e-12, 2.3695615782e-12, 2.94817403997e-12, 1.49895731678e-12, 2.06838214091e-12, 1.8881740789e-12, 9.81808471329e-12], "max": [0.0899970978498, 0.0558048598468, 0.0291247647256, 0.0201180689037, 0.0100584356114, 0.00692575378343, 0.0110742654651, 0.00401491858065, 0.0082692950964, 0.0143627226353, 0.000229871133342, 0.000452400796348, 0.00100584910251, 0.00035734983976, 0.000787325087003, 0.000556853483431, 0.000614637334365, 0.00110925489571, 0.000788714096416, 0.00104590388946, 0.000148363120388, 0.000109604428872, 7.52433406888e-05, 0.000108505926619, 0.000107008607301, 6.3629449869e-05, 3.19183018291e-05, 2.670329377e-05, 2.43508166022e-05, 2.48599535553e-05, 2.35137576965e-05, 1.63989170687e-05, 1.75327968464e-05, 1.45723970491e-05, 1.03835918708e-05, 1.5096320567e-05, 9.10521157493e-06, 1.79152339115e-05, 1.07475907498e-05, 2.86453650915e-05], "mean": [0.007316543255, 0.00395714724436, 0.00129779218696, 0.0019717856776, 0.00175978662446, 0.000509199569933, 0.000298245257, 0.000187618119526, 0.000279445463093, 0.000413489120547, 1.02720414361e-05, 2.26937772823e-05, 4.72067804367e-05, 1.17995778055e-05, 2.60764190898e-05, 1.65551009559e-05, 1.86736506294e-05, 1.8399563487e-05, 3.69940062228e-05, 4.17648880102e-05, 3.4949032397e-06, 4.12829194829e-06, 3.58390866495e-06, 1.58138209372e-06, 2.20370247916e-06, 1.99334999706e-06, 7.10584231456e-07, 5.86326336816e-07, 4.23866680421e-07, 4.31435751125e-07, 5.6218567579e-07, 4.08956026376e-07, 4.06613708037e-07, 3.43941565006e-07, 3.37675913897e-07, 3.31002695475e-07, 2.83969370685e-07, 3.20307634638e-07, 2.68340357934e-07, 4.50215651426e-07], "median": [0.00412902841344, 0.00277796643786, 0.000825346272904, 0.00161466712598, 0.00111854041461, 0.000375176226953, 0.000111528643174, 5.10331701662e-05, 6.12566436757e-05, 5.65196241951e-05, 2.97995097753e-06, 8.57023132994e-06, 1.09916745714e-05, 3.45225726051e-06, 7.74511408963e-06, 4.79338996229e-06, 5.38171752851e-06, 2.86772183244e-06, 6.13173369857e-06, 3.68113728655e-06, 6.3859738475e-07, 6.65250126985e-07, 5.64751530874e-07, 2.10969929526e-07, 2.18386176698e-07, 2.51282500585e-07, 8.3057734912e-08, 5.30283266187e-08, 2.6254378227e-08, 2.60731756185e-08, 3.77857638512e-08, 2.16899529448e-08, 1.55236730137e-08, 1.31918191926e-08, 1.12138929254e-08, 9.76567449129e-09, 1.01100967598e-08, 8.25968893281e-09, 8.75590799865e-09, 9.75290426197e-09], "min": [3.90963211717e-24, 1.81984747973e-24, 1.02680273237e-23, 3.12025490248e-24, 4.12139472743e-24, 6.33552139569e-24, 8.27848698854e-24, 8.22802592301e-24, 5.93273927267e-24, 4.44236408596e-24, 1.899235483e-23, 4.71011570454e-24, 5.25880238514e-24, 3.1430161034e-24, 4.65809703315e-24, 1.32512854859e-23, 7.30799322647e-24, 1.20405015367e-23, 8.27652272488e-24, 1.21699070684e-23, 7.94291344806e-24, 9.93576778785e-24, 1.17553890617e-23, 1.2224780233e-23, 1.22366470676e-23, 8.4140890227e-24, 1.44174696061e-23, 1.32155216879e-23, 1.23449111271e-23, 1.15989492667e-23, 1.02335730348e-23, 1.43244345064e-23, 9.40665274631e-24, 1.05904671189e-23, 7.73392052844e-24, 1.16517698152e-23, 1.05954700748e-23, 1.1270710555e-23, 1.05541874059e-23, 1.24518183458e-23], "var": [0.000101867728517, 2.39320670516e-05, 4.20162541559e-06, 3.68086693925e-06, 2.98428881251e-06, 2.48400084502e-07, 3.27469734884e-07, 1.68583710547e-07, 2.7678251513e-07, 8.16812644189e-07, 3.65084962262e-10, 1.84595250197e-09, 9.54246814899e-09, 6.5623323442e-10, 2.94129409717e-09, 1.74610714776e-09, 2.62639643367e-09, 4.00027966307e-09, 6.52237686083e-09, 1.01204191694e-08, 1.56332669032e-10, 1.30898236694e-10, 8.2154560932e-11, 4.42778279319e-11, 5.35227973053e-11, 3.31990789026e-11, 7.29495023416e-12, 4.70104684347e-12, 3.03005125331e-12, 3.02042332118e-12, 3.22651193957e-12, 2.09783622765e-12, 2.30267302621e-12, 1.58426364475e-12, 1.2733821159e-12, 1.35281510386e-12, 7.39779982065e-13, 1.12636430131e-12, 6.99572019237e-13, 2.96871229856e-12]}, "mfcc": {"mean": [-749.951416016, 202.118743896, 32.3480148315, 23.0530910492, 27.883014679, 10.0051994324, -3.24119448662, -5.14182138443, -0.5940939188, 2.79387378693, 2.96004986763, -1.74599063396, 2.64542603493], "cov": [[12079.4824219, -1530.24206543, -1304.45324707, -338.07232666, -12.3254003525, -60.6112556458, 89.3464279175, 446.200408936, 593.473937988, 514.695007324, 207.358322144, -153.031036377, -90.386505127], [-1530.24206543, 2491.27709961, 96.9589996338, 144.026016235, 156.994110107, 50.6268768311, 71.9222183228, -77.5989608765, -113.035354614, -87.6872634888, -56.0170898438, 25.9833259583, 29.4518852234], [-1304.45324707, 96.9589996338, 755.699951172, 119.952522278, -11.1784305573, 63.441783905, -7.65529823303, -68.4462890625, -110.954147339, -170.477142334, -42.2578926086, 61.0070381165, 45.7331466675], [-338.07232666, 144.026016235, 119.952522278, 230.699539185, 30.4811286926, -23.736240387, 14.2065858841, -11.881901741, -44.3482513428, -26.1768264771, -15.2043762207, 13.4790630341, 26.0216712952], [-12.3254003525, 156.994110107, -11.1784305573, 30.4811286926, 179.602005005, 52.3015403748, -30.7639141083, -15.8518838882, -7.01513624191, 31.7160301208, 0.146780908108, -48.2081794739, -24.7880935669], [-60.6112556458, 50.6268768311, 63.441783905, -23.736240387, 52.3015403748, 165.116714478, 30.5211906433, -49.0256347656, -27.8052597046, -17.8364620209, 10.544295311, 11.6152553558, -28.6972541809], [89.3464279175, 71.9222183228, -7.65529823303, 14.2065858841, -30.7639141083, 30.5211906433, 105.072250366, 26.1728172302, 5.73072576523, -10.6065883636, 18.9074325562, 32.5494270325, 9.25939178467], [446.200408936, -77.5989608765, -68.4462890625, -11.881901741, -15.8518838882, -49.0256347656, 26.1728172302, 150.210296631, 106.107521057, 29.9812717438, -12.3723468781, 14.9588212967, 38.1199569702], [593.473937988, -113.035354614, -110.954147339, -44.3482513428, -7.01513624191, -27.8052597046, 5.73072576523, 106.107521057, 186.409729004, 75.8549880981, 6.95185184479, -10.4241552353, 24.7679271698], [514.695007324, -87.6872634888, -170.477142334, -26.1768264771, 31.7160301208, -17.8364620209, -10.6065883636, 29.9812717438, 75.8549880981, 192.912216187, 58.8724517822, -26.0344486237, -15.5668649673], [207.358322144, -56.0170898438, -42.2578926086, -15.2043762207, 0.146780908108, 10.544295311, 18.9074325562, -12.3723468781, 6.95185184479, 58.8724517822, 126.420913696, 27.2922477722, -12.0465345383], [-153.031036377, 25.9833259583, 61.0070381165, 13.4790630341, -48.2081794739, 11.6152553558, 32.5494270325, 14.9588212967, -10.4241552353, -26.0344486237, 27.2922477722, 112.279075623, 43.0841026306], [-90.386505127, 29.4518852234, 45.7331466675, 26.0216712952, -24.7880935669, -28.6972541809, 9.25939178467, 38.1199569702, 24.7679271698, -15.5668649673, -12.0465345383, 43.0841026306, 91.8861846924]], "icov": [[0.000127779276227, 5.4859341617e-05, 0.000148733379319, -3.56583927896e-06, 2.09134504985e-05, -0.000114920519991, -5.51124940102e-05, -0.000241688001552, -0.000139814728755, -4.41862139269e-05, -0.000137870156323, 0.000138144343509, 5.80163250561e-05], [5.4859341617e-05, 0.000518337532412, 9.07168432605e-05, -5.33948368684e-05, -0.000706362479832, 0.000261279375991, -0.000711824046448, 0.000374084425857, -3.71610731236e-05, 8.43035377329e-05, 0.000289792165859, -0.000258149579167, -0.000151288710185], [0.000148733379319, 9.07168432605e-05, 0.00217638793401, -0.000951597117819, 0.000336532713845, -0.0012003085576, 0.00087758700829, -0.000130658387206, 0.000107348409074, 0.00129769928753, -0.000281068263575, -0.000177348250872, -0.000777599925641], [-3.56583927896e-06, -5.33948368684e-05, -0.000951597117819, 0.00597856845707, -0.00233377399854, 0.00261098076589, -0.00244388799183, 0.00085417018272, 0.00100568553898, -0.000523644324858, 0.000858870567754, -0.000706912949681, -0.00104382936843], [2.09134504985e-05, -0.000706362479832, 0.000336532713845, -0.00233377399854, 0.010228308849, -0.00552678806707, 0.00490280706435, -0.00316839711741, 0.001215314609, -0.00120893504936, -0.00163707055617, 0.00460345624015, -0.000311539595714], [-0.000114920519991, 0.000261279375991, -0.0012003085576, 0.00261098076589, -0.00552678806707, 0.0116474796087, -0.00605528056622, 0.00538545520976, -0.00173349317629, 0.000374380324502, 0.00173637026455, -0.00399487139657, 0.00281535298564], [-5.51124940102e-05, -0.000711824046448, 0.00087758700829, -0.00244388799183, 0.00490280706435, -0.00605528056622, 0.0156505331397, -0.00563258631155, 0.00137126306072, 0.00107277184725, -0.00319092674181, -3.30965963258e-06, 1.56992646225e-05], [-0.000241688001552, 0.000374084425857, -0.000130658387206, 0.00085417018272, -0.00316839711741, 0.00538545520976, -0.00563258631155, 0.0163592752069, -0.00755502283573, 0.000202858951525, 0.00361816817895, -0.00383873330429, -0.00158142065629], [-0.000139814728755, -3.71610731236e-05, 0.000107348409074, 0.00100568553898, 0.001215314609, -0.00173349317629, 0.00137126306072, -0.00755502283573, 0.0118112685159, -0.00287770503201, -0.000528634700458, 0.00250287121162, -0.00259541347623], [-4.41862139269e-05, 8.43035377329e-05, 0.00129769928753, -0.000523644324858, -0.00120893504936, 0.000374380324502, 0.00107277184725, 0.000202858951525, -0.00287770503201, 0.00921365525573, -0.00403130520135, 0.00110912404489, 0.000318496662658], [-0.000137870156323, 0.000289792165859, -0.000281068263575, 0.000858870567754, -0.00163707055617, 0.00173637026455, -0.00319092674181, 0.00361816817895, -0.000528634700458, -0.00403130520135, 0.0122582679614, -0.00545847835019, 0.00221535866149], [0.000138144343509, -0.000258149579167, -0.000177348250872, -0.000706912949681, 0.00460345624015, -0.00399487139657, -3.30965963258e-06, -0.00383873330429, 0.00250287121162, 0.00110912404489, -0.00545847835019, 0.0167203471065, -0.00694810738787], [5.80163250561e-05, -0.000151288710185, -0.000777599925641, -0.00104382936843, -0.000311539595714, 0.00281535298564, 1.56992646225e-05, -0.00158142065629, -0.00259541347623, 0.000318496662658, 0.00221535866149, -0.00694810738787, 0.0174227934331]]}, "spectral_contrast_coeffs": {"dmean": [0.0420728623867, 0.0428103618324, 0.0368688292801, 0.034262586385, 0.0210413429886, 0.0165433175862], "dmean2": [0.0696236938238, 0.0712161585689, 0.0578713268042, 0.0526738353074, 0.0329965986311, 0.027238516137], "dvar": [0.00131092127413, 0.00139388639946, 0.00105287169572, 0.000964199774899, 0.000406341219787, 0.000234552455368], "dvar2": [0.00366619462147, 0.00378448446281, 0.00240890146233, 0.00196163938381, 0.000899752369151, 0.000596179859713], "max": [-0.310960382223, -0.354917645454, -0.5003002882, -0.498747646809, -0.609639644623, -0.704306364059], "mean": [-0.652656257153, -0.639918208122, -0.738640785217, -0.742308437824, -0.80628412962, -0.822439134121], "median": [-0.654736638069, -0.640250623226, -0.742686986923, -0.747275769711, -0.809180378914, -0.820861577988], "min": [-0.953372597694, -0.952189207077, -0.95956081152, -0.958125591278, -0.967176377773, -0.958320260048], "var": [0.0069995499216, 0.00587659608573, 0.00568444700912, 0.00509114237502, 0.0020260210149, 0.00114477879833]}, "spectral_contrast_valleys": {"dmean": [0.31500479579, 0.351636946201, 0.420765042305, 0.411336809397, 0.440108120441, 0.593205869198], "dmean2": [0.522266149521, 0.57081258297, 0.665337085724, 0.62284463644, 0.623708128929, 0.85415160656], "dvar": [0.10859836638, 0.1419557482, 0.198834583163, 0.226727962494, 0.287024348974, 0.389215618372], "dvar2": [0.244342893362, 0.316692650318, 0.413963854313, 0.431394904852, 0.535126209259, 0.725903093815], "max