{"lowlevel": {"average_loudness": 0.896677911282, "barkbands_crest": {"dmean": 2.3431327343, "dmean2": 3.73795175552, "dvar": 4.94895172119, "dvar2": 12.8184289932, "max": 26.9471855164, "mean": 10.7176971436, "median": 9.85869407654, "min": 2.8955514431, "var": 17.9556159973}, "barkbands_flatness_db": {"dmean": 0.019670182839, "dmean2": 0.0291236434132, "dvar": 0.000403564277804, "dvar2": 0.000821954861749, "max": 0.584973394871, "mean": 0.170476555824, "median": 0.162220537663, "min": 0.0408362261951, "var": 0.00333901797421}, "barkbands_kurtosis": {"dmean": 2.9722161293, "dmean2": 4.42481470108, "dvar": 82.3452758789, "dvar2": 121.359214783, "max": 653.189331055, "mean": 5.80273151398, "median": 2.68279981613, "min": -1.92027390003, "var": 378.595489502}, "barkbands_skewness": {"dmean": 0.471655160189, "dmean2": 0.707070708275, "dvar": 0.279395371675, "dvar2": 0.590342998505, "max": 13.5036239624, "mean": 1.65089917183, "median": 1.51975083351, "min": -11.3148059845, "var": 1.57536935806}, "barkbands_spread": {"dmean": 4.37193536758, "dmean2": 6.5135345459, "dvar": 40.148525238, "dvar2": 79.3908233643, "max": 110.431808472, "mean": 17.2919025421, "median": 14.1173381805, "min": 0.10330080241, "var": 164.824249268}, "dissonance": {"dmean": 0.0250377748162, "dmean2": 0.0413141511381, "dvar": 0.000884247070644, "dvar2": 0.00238663423806, "max": 0.499962389469, "mean": 0.44157525897, "median": 0.45328360796, "min": 0.131904318929, "var": 0.00202439678833}, "dynamic_complexity": 3.2055888176, "erbbands_crest": {"dmean": 2.58078980446, "dmean2": 4.00674152374, "dvar": 7.53101921082, "dvar2": 17.5214595795, "max": 34.7169761658, "mean": 11.1622514725, "median": 9.1865272522, "min": 2.70270991325, "var": 41.8399620056}, "erbbands_flatness_db": {"dmean": 0.0174178816378, "dmean2": 0.0242773406208, "dvar": 0.000371295493096, "dvar2": 0.000688074971549, "max": 0.584692239761, "mean": 0.180788561702, "median": 0.172815337777, "min": 0.0618422701955, "var": 0.00329860160127}, "erbbands_kurtosis": {"dmean": 1.38768994808, "dmean2": 1.98340535164, "dvar": 22.509349823, "dvar2": 36.3625984192, "max": 294.418548584, "mean": 2.32116818428, "median": -0.0916576385498, "min": -1.83027839661, "var": 167.866012573}, "erbbands_skewness": {"dmean": 0.355074852705, "dmean2": 0.524647295475, "dvar": 0.175853461027, "dvar2": 0.358166366816, "max": 11.5067338943, "mean": 0.460068047047, "median": 0.348920196295, "min": -3.88863444328, "var": 1.17783892155}, "erbbands_spread": {"dmean": 7.19015741348, "dmean2": 10.4763240814, "dvar": 91.6640548706, "dvar2": 194.269851685, "max": 171.273269653, "mean": 35.3033065796, "median": 33.2049751282, "min": 0.205354303122, "var": 409.134887695}, "hfc": {"dmean": 4.63777446747, "dmean2": 6.80032205582, "dvar": 44.9134407043, "dvar2": 93.0601119995, "max": 196.320755005, "mean": 20.0096893311, "median": 17.774887085, "min": 1.22968828681e-16, "var": 242.183319092}, "melbands_crest": {"dmean": 2.91536045074, "dmean2": 4.60468530655, "dvar": 7.1753320694, "dvar2": 19.2346096039, "max": 31.2087364197, "mean": 15.4076766968, "median": 14.7413606644, "min": 3.21349215508, "var": 24.3551998138}, "melbands_flatness_db": {"dmean": 0.0224998798221, "dmean2": 0.0329613052309, "dvar": 0.000551444652956, "dvar2": 0.00113223842345, "max": 0.608395338058, "mean": 0.232802465558, "median": 0.224550113082, "min": 0.0101234680042, "var": 0.00432751886547}, "melbands_kurtosis": {"dmean": 5.68735599518, "dmean2": 8.62859535217, "dvar": 98.4700241089, "dvar2": 206.239349365, "max": 304.569824219, "mean": 13.0250072479, "median": 7.44751834869, "min": -1.78693592548, "var": 490.133148193}, "melbands_skewness": {"dmean": 0.628209888935, "dmean2": 0.933280587196, "dvar": 0.493557691574, "dvar2": 1.08290803432, "max": 12.6263999939, "mean": 2.49274849892, "median": 2.37456989288, "min": -8.90428352356, "var": 2.78906154633}, "melbands_spread": {"dmean": 4.78866863251, "dmean2": 7.32743453979, "dvar": 51.5135040283, "dvar2": 108.794647217, "max": 162.459701538, "mean": 17.6810493469, "median": 15.3270664215, "min": 0.401834845543, "var": 150.191116333}, "pitch_salience": {"dmean": 0.0633429437876, "dmean2": 0.100730992854, "dvar": 0.00338183832355, "dvar2": 0.00904645957053, "max": 0.871170699596, "mean": 0.497319310904, "median": 0.503708779812, "min": 0.0329895317554, "var": 0.0121467346326}, "silence_rate_20dB": {"dmean": 0, "dmean2": 0, "dvar": 0, "dvar2": 0, "max": 1, "mean": 1, "median": 1, "min": 1, "var": 0}, "silence_rate_30dB": {"dmean": 0, "dmean2": 0, "dvar": 0, "dvar2": 0, "max": 1, "mean": 1, "median": 1, "min": 1, "var": 0}, "silence_rate_60dB": {"dmean": 0.00951199326664, "dmean2": 0.0190259534866, "dvar": 0.00942237954587, "dvar2": 0.0209399070591, "max": 1, "mean": 0.0617181845009, "median": 0, "min": 0, "var": 0.0579139962792}, "spectral_centroid": {"dmean": 199.77293396, "dmean2": 300.421234131, "dvar": 81432.140625, "dvar2": 159565.84375, "max": 10923.0380859, "mean": 1048.4197998, "median": 922.633239746, "min": 177.997558594, "var": 309525.84375}, "spectral_complexity": {"dmean": 2.52626132965, "dmean2": 3.82442355156, "dvar": 7.49133777618, "dvar2": 14.9376401901, "max": 47, "mean": 17.3962574005, "median": 17, "min": 0, "var": 61.6128540039}, "spectral_decrease": {"dmean": 1.79746284523e-09, "dmean2": 2.82888334979e-09, "dvar": 4.32230490508e-18, "dvar2": 1.07410717757e-17, "max": 1.59899491038e-28, "mean": -7.44097272687e-09, "median": -7.24017468201e-09, "min": -2.48252227664e-08, "var": 2.06223918751e-17}, "spectral_energy": {"dmean": 0.00705668283626, "dmean2": 0.0110906613991, "dvar": 6.6181870352e-05, "dvar2": 0.000164376877365, "max": 0.099033229053, "mean": 0.0298989173025, "median": 0.0292438808829, "min": 1.05501289122e-20, "var": 0.000326612702338}, "spectral_energyband_high": {"dmean": 0.000257888517808, "dmean2": 0.000361945072655, "dvar": 4.07074253417e-07, "dvar2": 6.98433439084e-07, "max": 0.0221017561853, "mean": 0.000594747660216, "median": 0.000230195582844, "min": 7.79083695004e-21, "var": 1.52084385263e-06}, "spectral_energyband_low": {"dmean": 0.00307638267986, "dmean2": 0.00469016749412, "dvar": 1.94513668248e-05, "dvar2": 4.915626414e-05, "max": 0.0681936368346, "mean": 0.00712923100218, "median": 0.00490198843181, "min": 1.66589803185e-22, "var": 5.44459981029e-05}, "spectral_energyband_middle_high": {"dmean": 0.00165855779778, "dmean2": 0.00241329311393, "dvar": 6.86819885232e-06, "dvar2": 1.45904477904e-05, "max": 0.0670766532421, "mean": 0.00589503813535, "median": 0.00439240317792, "min": 1.19937563847e-21, "var": 3.5685745388e-05}, "spectral_energyband_middle_low": {"dmean": 0.00581217557192, "dmean2": 0.00916161574423, "dvar": 5.71741220483e-05, "dvar2": 0.000140311152791, "max": 0.0940265879035, "mean": 0.0181963350624, "median": 0.014793199487, "min": 3.20362951689e-22, "var": 0.000203346236958}, "spectral_entropy": {"dmean": 0.175126448274, "dmean2": 0.250317871571, "dvar": 0.0416041351855, "dvar2": 0.0797135606408, "max": 9.80533218384, "mean": 7.07494783401, "median": 7.12382221222, "min": 3.37667632103, "var": 0.325495123863}, "spectral_flux": {"dmean": 0.0205904729664, "dmean2": 0.0325521193445, "dvar": 0.000479010486742, "dvar2": 0.00112268305384, "max": 0.261741667986, "mean": 0.0721844956279, "median": 0.066282145679, "min": 1.02713823558e-10, "var": 0.00179347244557}, "spectral_kurtosis": {"dmean": 2.15989732742, "dmean2": 3.47925591469, "dvar": 7.55665016174, "dvar2": 18.4642333984, "max": 66.4934310913, "mean": 7.1053609848, "median": 5.69578075409, "min": -1.22558546066, "var": 27.8965835571}, "spectral_rms": {"dmean": 0.000625302374829, "dmean2": 0.00096492189914, "dvar": 4.36946521631e-07, "dvar2": 1.03216962088e-06, "max": 0.0098294345662, "mean": 0.00507120462134, "median": 0.00534140598029, "min": 3.20824074772e-12, "var": 3.45249031852e-06}, "spectral_rolloff": {"dmean": 370.80670166, "dmean2": 620.886169434, "dvar": 707995.75, "dvar2": 1448922.625, "max": 19401.4160156, "mean": 1193.83093262, "median": 882.861328125, "min": 86.1328125, "var": 1535730.75}, "spectral_skewness": {"dmean": 0.251456171274, "dmean2": 0.384401500225, "dvar": 0.0733885392547, "dvar2": 0.159488588572, "max": 6.70823526382, "mean": 1.96145319939, "median": 1.84447407722, "min": 0.0327347666025, "var": 0.454689234495}, "spectral_spread": {"dmean": 527384.6875, "dmean2": 745263.4375, "dvar": 720642899968, "dvar2": 1267089801220.0, "max": 41815800, "mean": 4133188.25, "median": 3815785.25, "min": 1071787.625, "var": 2711612817410.0}, "spectral_strongpeak": {"dmean": 0.532326757908, "dmean2": 0.879034698009, "dvar": 0.710917413235, "dvar2": 1.68490481377, "max": 13.228676796, "mean": 1.24865341187, "median": 0.645151674747, "min": 0, "var": 1.96355104446}, "zerocrossingrate": {"dmean": 0.00799383874983, "dmean2": 0.00921377819031, "dvar": 0.00015847494069, "dvar2": 0.000164587574545, "max": 0.513671875, "mean": 0.04855215922, "median": 0.0419921875, "min": 0.005859375, "var": 0.000903530919459}, "barkbands": {"dmean": [1.15273687697e-05, 0.000500380818266, 0.00217360211536, 0.00187507341616, 0.00272934651002, 0.000889691000339, 0.000753857835662, 0.00189106515609, 0.00094313477166, 0.000991473672912, 0.000300102401525, 0.000421752600232, 0.000262712768745, 0.000179672730155, 0.000254539831076, 0.000109179134597, 0.000139435054734, 0.000115853792522, 0.000107515894342, 0.000212023995118, 7.20814350643e-05, 2.8950154956e-05, 3.30569928337e-05, 4.62505558971e-05, 5.46765622857e-05, 2.37146487052e-05, 6.1717440758e-07], "dmean2": [1.83219945029e-05, 0.000712120265234, 0.0032505961135, 0.00311384443194, 0.00431001139805, 0.00133034051396, 0.00115880405065, 0.00285376352258, 0.00143720512278, 0.00145865278319, 0.000456736539491, 0.000615543103777, 0.000402302015573, 0.000277611572528, 0.000392616144381, 0.000163289092598, 0.000213091931073, 0.000181985844392, 0.000170010272996, 0.000327044399455, 0.000106771141873, 4.00589051424e-05, 4.74800654047e-05, 6.78387732478e-05, 7.93640283518e-05, 3.57026001438e-05, 9.66329366747e-07], "dvar": [1.90929849708e-08, 3.03017804981e-06, 1.03115826278e-05, 9.66962579696e-06, 1.7289276002e-05, 3.19976925311e-06, 5.33362253918e-06, 2.3829703423e-05, 1.19144051496e-05, 5.82922712056e-06, 9.2640954108e-07, 1.21903497075e-06, 4.54953209328e-07, 2.44101414637e-07, 2.86858380605e-07, 5.3476988171e-08, 1.24039445382e-07, 7.9586818913e-08, 5.43815836807e-08, 4.00735473249e-07, 2.6310301493e-08, 1.40136435789e-08, 1.28991590742e-08, 3.01412121928e-08, 5.07525008686e-08, 7.72233921253e-09, 5.39146635323e-12], "dvar2": [4.49453949614e-08, 7.14388897904e-06, 2.61756867985e-05, 2.64382870228e-05, 4.25071702921e-05, 7.31290720069e-06, 1.23683275888e-05, 5.47842355445e-05, 2.78518309642e-05, 1.28370529637e-05, 2.03362696993e-06, 2.30435307458e-06, 1.0617090993e-06, 5.10185145686e-07, 6.80629170802e-07, 1.14987621203e-07, 2.97530533544e-07, 1.93339545262e-07, 1.32687873133e-07, 9.7744566574e-07, 5.86380330958e-08, 2.57095074119e-08, 2.29043273237e-08, 5.79213157437e-08, 9.59501491593e-08, 1.71633498525e-08, 1.36857860114e-11], "max": [0.00471729971468, 0.0635144636035, 0.0439466349781, 0.0503399260342, 0.0526680313051, 0.040492258966, 0.0620264783502, 0.0824214369059, 0.0891007259488, 0.0640399605036, 0.0263926759362, 0.0316051542759, 0.0136403562501, 0.0159707628191, 0.0153668457642, 0.00602585822344, 0.0103715704754, 0.0059592560865, 0.0058202049695, 0.0160221066326, 0.00492965476587, 0.00454409234226, 0.00406744610518, 0.00747629022226, 0.00958685111254, 0.00344553287141, 6.35181786492e-05], "mean": [1.22016654132e-05, 0.000944774074014, 0.00445487909019, 0.00344986305572, 0.00556415459141, 0.00195747613907, 0.00129402056336, 0.00392219284549, 0.00158360635396, 0.00217837654054, 0.000587259652093, 0.00083584204549, 0.000490472069941, 0.000318624806823, 0.000509115867317, 0.000245081435423, 0.000315794779453, 0.000227700074902, 0.00020089087775, 0.000335180899128, 0.000149321276695, 5.4093397921e-05, 6.10309616604e-05, 7.98012697487e-05, 9.00730447029e-05, 3.61017700925e-05, 9.70703581515e-07], "median": [2.41686961999e-07, 0.000375382369384, 0.00251428131014, 0.00209409394301, 0.00336895301007, 0.00110907293856, 0.000508675060701, 0.000572701741476, 0.000210017140489, 0.000776046596002, 0.000131159627927, 0.000296467595035, 0.000165031276993, 0.000107373583887, 0.000226369447773, 0.000108156353235, 0.000114427093649, 8.32409787108e-05, 8.08698896435e-05, 9.9145268905e-05, 5.76430866204e-05, 1.45652666106e-05, 1.70873008756e-05, 2.09655299841e-05, 1.61227435456e-05, 5.52587744096e-06, 8.78280275174e-08], "min": [2.02800361514e-23, 9.80524191584e-23, 5.98380594671e-23, 8.53618496931e-24, 1.88764159428e-23, 7.96489000848e-23, 3.19917207413e-23, 7.87981041322e-23, 9.79408805373e-23, 5.14381896622e-23, 6.02042550102e-23, 3.9409244149e-23, 1.12683643249e-22, 8.91473659853e-23, 8.52072771318e-23, 1.3771852904e-22, 1.59193354986e-22, 9.70387581388e-23, 1.50076988064e-22, 4.28710737724e-22, 3.9377790687e-22, 3.05363840738e-22, 5.74878004924e-22, 9.29063273262e-22, 1.18829533606e-21, 1.80103189916e-21, 2.59597266266e-21], "var": [2.54527545707e-08, 4.22450784754e-06, 2.9201280995e-05, 1.7492515326e-05, 3.96574905608e-05, 8.15657404019e-06, 8.62928754941e-06, 8.02130816737e-05, 2.48058513534e-05, 2.07994962693e-05, 3.19213927469e-06, 3.23500194099e-06, 1.11965073302e-06, 6.02440422881e-07, 7.53633457862e-07, 1.84679777249e-07, 4.68357825412e-07, 2.12897305119e-07, 1.3383620967e-07, 5.42702366602e-07, 7.41744017319e-08, 3.66788412975e-08, 3.32315153173e-08, 7.02166147448e-08, 1.37486452445e-07, 2.09844479571e-08, 8.93815056691e-12]}, "erbbands": {"dmean": [0.006414483767, 0.168773129582, 1.95780968666, 4.2624540329, 10.6866607666, 6.75007152557, 6.98351716995, 7.38151931763, 11.7587566376, 15.5713386536, 44.4939308167, 22.7081336975, 21.2358856201, 26.9756031036, 12.3448295593, 17.7072467804, 10.8127212524, 10.3351135254, 12.289853096, 9.15535831451, 6.19377946854, 6.28460073471, 6.5623664856, 5.00963687897, 8.24356555939, 8.20087146759, 3.84527611732, 1.92069149017, 0.998907148838, 1.20925235748, 0.852188289165, 0.933927357197, 0.829463422298, 0.689886510372, 0.350830316544, 0.149409770966, 0.0329056084156, 0.0034717428498, 0.000100600889709, 1.0857851521e-05], "dmean2": [0.00985541101545, 0.238440662622, 2.85942578316, 6.95623588562, 16.9073219299, 10.861123085, 10.4180707932, 11.3555240631, 17.8860874176, 23.8388328552, 66.5386352539, 34.198261261, 31.7365093231, 39.4076728821, 18.382144928, 25.4406738281, 16.485994339, 15.6950511932, 18.7268238068, 13.894698143, 9.25459098816, 9.51552581787, 10.1775074005, 7.87036895752, 12.7224521637, 12.6438093185, 5.79261255264, 2.79271197319, 1.38581871986, 1.67987644672, 1.22812747955, 1.38804340363, 1.23233497143, 1.02682459354, 0.511868953705, 0.224922329187, 0.0492273643613, 0.00523789785802, 0.000145999205415, 1.64286411746e-05], "dvar": [0.00407703919336, 0.1584700495, 8.92429351807, 35.3174858093, 365.213531494, 107.76815033, 119.846244812, 320.769256592, 1255.08459473, 2309.18237305, 13687.0263672, 7073.27783203, 4989.359375, 3548.4440918, 1232.07116699, 2442.81933594, 811.135131836, 694.218200684, 769.871459961, 396.148895264, 178.016143799, 215.214828491, 250.976043701, 111.38948822, 517.668151855, 517.539733887, 71.8040237427, 23.9228305817, 13.2103042603, 25.0093250275, 8.72798347473, 12.9138593674, 9.6899356842, 8.45391559601, 2.14168524742, 0.324977695942, 0.0150589430705, 0.000173784806975, 9.90285045077e-08, 2.56038162894e-10], "dvar2": [0.00979334209114, 0.362962156534, 20.8382511139, 101.668701172, 839.152587891, 296.350708008, 275.2784729, 728.426391602, 2858.91113281, 5569.14257812, 30708.53125, 17124.4199219, 11435.9726562, 7585.14648438, 2694.18359375, 4200.78662109, 1902.84729004, 1464.53088379, 1802.04797363, 929.808105469, 396.417419434, 513.010314941, 586.854492188, 281.402069092, 1227.43981934, 1269.92553711, 162.727386475, 50.3077392578, 24.4997215271, 41.6488876343, 15.906293869, 27.1537723541, 18.9066562653, 16.9203605652, 4.13934469223, 0.700102329254, 0.0328203476965, 0.000398068601498, 2.18776904148e-07, 5.65000990438e-10], "max": [2.79927134514, 12.5838899612, 45.0276145935, 93.6072616577, 265.308776855, 187.476425171, 267.56072998, 371.228607178, 1064.93505859, 1089.46008301, 2267.99707031, 2183.30102539, 1918.83459473, 1934.75561523, 1116.87365723, 1597.70275879, 669.777404785, 937.989685059, 855.749511719, 449.182006836, 324.677459717, 402.9090271, 437.459381104, 360.566650391, 559.010925293, 703.266296387, 200.090286255, 168.861099243, 136.062820435, 188.190567017, 99.4216156006, 138.236495972, 125.777534485, 119.217895508, 63.2956809998, 22.5632019043, 4.39535474777, 0.331563085318, 0.0072289085947, 0.000509969308041], "mean": [0.00849416386336, 0.357992142439, 4.35134363174, 8.9548034668, 18.4699897766, 14.8932237625, 16.3677997589, 14.8059740067, 22.4472293854, 28.5527667999, 94.6031799316, 42.4846382141, 43.0318183899, 63.2316093445, 29.2882118225, 36.7793502808, 21.5651741028, 21.5065727234, 25.6171379089, 19.438331604, 15.439078331, 15.1372585297, 14.3528280258, 10.4544620514, 13.8812980652, 14.0202207565, 8.17656612396, 3.84145665169, 1.93484580517, 2.21856880188, 1.57931256294, 1.56721436977, 1.38089585304, 1.1125844717, 0.56830984354, 0.232943192124, 0.0482562035322, 0.00510008027777, 0.000197137022042, 4.30876280006e-05], "median": [0.00250324257649, 0.157958894968, 2.32814979553, 6.7909822464, 8.05452251434, 9.0565032959, 9.30536365509, 7.41276884079, 9.55143260956, 7.42214107513, 14.0194721222, 6.90259790421, 13.046995163, 24.7739620209, 11.5839262009, 13.3075313568, 8.33050537109, 8.68043136597, 10.7563915253, 9.06126213074, 7.32134151459, 6.02319526672, 5.5341758728, 4.51113510132, 4.97609376907, 4.5444316864, 3.04035425186, 1.50919353962, 0.607092618942, 0.540645956993, 0.464527189732, 0.429716557264, 0.331007838249, 0.20576274395, 0.0963402912021, 0.0371469333768, 0.00706365192309, 0.000622462888714, 4.33286659245e-05, 4.00074204663e-05], "min": [2.5626414845e-21, 2.34659459086e-20, 6.06516290105e-20, 5.81558700061e-20, 1.74793344696e-20, 4.77005332456e-20, 6.14239404066e-19, 4.49349789446e-19, 5.00817329051e-19, 7.74125454859e-19, 1.88865558412e-18, 2.12324379904e-18, 1.35590422374e-18, 3.09759493862e-18, 1.4012297922e-18, 2.10821372052e-18, 5.12706561431e-18, 4.55006536444e-18, 4.20154604823e-18, 5.1346521013e-18, 8.27868330514e-18, 1.02163232844e-17, 5.16491574478e-18, 8.6691026281e-18, 9.12865439793e-18, 1.93261601505e-17, 1.73550185293e-17, 1.38288799269e-17, 9.57649163593e-18, 1.22683846762e-17, 1.85817521932e-17, 1.61800432108e-17, 1.75389239406e-17, 1.50431148917e-17, 7.52759090124e-18, 5.07046371295e-18, 3.66774654661e-18, 1.47112769133e-18, 3.36130813121e-19, 4.31135744109e-20], "var": [0.00416483962908, 0.327468663454, 30.305803299, 69.5694503784, 755.952209473, 298.145263672, 480.381988525, 698.562194824, 2425.30395508, 4511.43701172, 51102.90625, 15294.2314453, 12968.1152344, 16614.2617188, 4371.9609375, 6989.60644531, 1876.79187012, 2100.14233398, 2314.22753906, 943.123962402, 621.39465332, 825.757019043, 870.730895996, 290.676513672, 837.441101074, 790.859069824, 216.361572266, 59.9216651917, 35.5694694519, 66.9329376221, 22.1755466461, 24.2642097473, 24.2409954071, 20.9510726929, 5.76227521896, 0.924676597118, 0.0363852865994, 0.000358975579729, 2.65281329348e-07, 1.17507970021e-09]}, "gfcc": {"mean": [-13.3242664337, 104.421951294, -116.795639038, 20.7013587952, -59.9599342346, 7.71590280533, -43.624370575, 3.43499302864, -40.0301208496, -6.02231359482, -22.710855484, -12.1082010269, -12.3945150375], "cov": [[7815.3984375, -505.159210205, -279.281555176, 126.702583313, -611.69329834, -203.769866943, -355.593933105, 474.665283203, -36.1054840088, 154.36618042, -396.736114502, -251.676956177, -138.907806396], [-505.159210205, 1359.89697266, -164.483718872, -273.56427002, 142.992843628, -188.543197632, 95.4829864502, -93.5784225464, 182.214920044, -111.851119995, 82.030128479, -128.994384766, 75.9681777954], [-279.281555176, -164.483718872, 612.970458984, 79.1701812744, -8.49214935303, 68.5298309326, -18.3571662903, 0.269705891609, -43.6626091003, 62.7336463928, -33.0694351196, 66.3827514648, -23.6131095886], [126.702583313, -273.56427002, 79.1701812744, 430.196746826, 102.221321106, -21.5231838226, -52.7715454102, -5.24111938477, -63.0415229797, 26.6292381287, -24.2819099426, 35.2779502869, 40.7716560364], [-611.69329834, 142.992843628, -8.49214935303, 102.221321106, 291.027526855, 14.0601491928, 12.6834840775, -48.6271018982, 1.98724150658, -17.9684753418, 26.784538269, 33.9994049072, 44.1403923035], [-203.769866943, -188.543197632, 68.5298309326, -21.5231838226, 14.0601491928, 262.389831543, 95.3183135986, -34.5916595459, -29.176940918, 1.2946625948, 33.2299957275, 41.5996513367, -15.6297140121], [-355.593933105, 95.4829864502, -18.3571662903, -52.7715454102, 12.6834840775, 95.3183135986, 202.816253662, -11.9072217941, 4.18540525436, -25.7450218201, 45.9601745605, 14.6930732727, 0.996917545795], [474.665283203, -93.5784225464, 0.269705891609, -5.24111938477, -48.6271018982, -34.5916595459, -11.9072217941, 177.658035278, 40.4429588318, 23.9914855957, -45.760017395, -31.2128887177, -14.3218250275], [-36.1054840088, 182.214920044, -43.6626091003, -63.0415229797, 1.98724150658, -29.176940918, 4.18540525436, 40.4429588318, 162.477905273, 19.2367992401, -11.5276184082, -53.1554260254, -12.1646881104], [154.36618042, -111.851119995, 62.7336463928, 26.6292381287, -17.9684753418, 1.2946625948, -25.7450218201, 23.9914855957, 19.2367992401, 116.74936676, -7.10729646683, -11.2527313232, -27.5006809235], [-396.736114502, 82.030128479, -33.0694351196, -24.2819099426, 26.784538269, 33.2299957275, 45.9601745605, -45.760017395, -11.5276184082, -7.10729646683, 139.59173584, 39.4174308777, -13.5582695007], [-251.676956177, -128.994384766, 66.3827514648, 35.2779502869, 33.9994049072, 41.5996513367, 14.6930732727, -31.2128887177, -53.1554260254, -11.2527313232, 39.4174308777, 136.142120361, 16.9998855591], [-138.907806396, 75.9681777954, -23.6131095886, 40.7716560364, 44.1403923035, -15.6297140121, 0.996917545795, -14.3218250275, -12.1646881104, -27.5006809235, -13.5582695007, 16.9998855591, 105.20664978]], "icov": [[0.000264282774879, -0.000286416354356, 0.000283104047412, -0.00032180105336, 0.000576717196964, -0.00035410723649, 0.000440759817138, -0.000633696210571, 0.000475566426758, -0.000332564261043, 0.00065939722117, -0.000153419256094, 0.000436819944298], [-0.000286416354356, 0.00260425219312, -0.000818919448648, 0.00170534639619, -0.00183937407564, 0.00248546223156, -0.00167114625219, 0.00200034421869, -0.00227144500241, 0.00179795233998, -0.00226255995221, 0.00241954019293, -0.00214943895116], [0.000283104047412, -0.000818919448648, 0.00243189861067, -0.000864656991325, 0.000967974483501, -0.00129251752514, 0.000827735057101, -0.000887850590516, 0.00110539782327, -0.00166032998823, 0.00191041012295, -0.00178094673902, 0.00134697242174], [-0.00032180105336, 0.00170534639619, -0.000864656991325, 0.00425640679896, -0.00254590832628, 0.00190093985293, -0.00074516388122, 0.00126150646247, -0.000355965195922, 0.00027661974309, -0.00129769416526, 0.0013133258326, -0.0023188276682], [0.000576717196964, -0.00183937407564, 0.000967974483501, -0.00254590832628, 0.00626534735784, -0.0020873977337, 0.00146078004036, -0.00114393280819, 0.000840762164444, -0.00103172066156, 0.00161916436628, -0.00213217595592, 0.000565903319512], [-0.00035410723649, 0.00248546223156, -0.00129251752514, 0.00190093985293, -0.0020873977337, 0.00757323903963, -0.00409342022613, 0.00272152479738, -0.00160529371351, 0.00121229316574, -0.00218503782526, 0.00137324223761, -0.00125110242516], [0.000440759817138, -0.00167114625219, 0.000827735057101, -0.00074516388122, 0.00146078004036, -0.00409342022613, 0.00810048356652, -0.002313189907, 0.001216475619, -3.92309573272e-07, 9.88987885648e-05, -0.00117551418953, 0.000993802445009], [-0.000633696210571, 0.00200034421869, -0.000887850590516, 0.00126150646247, -0.00114393280819, 0.00272152479738, -0.002313189907, 0.00924967974424, -0.00356130581349, 0.000725341262296, -0.000447741680546, 0.00162141816691, -0.00134580023587], [0.000475566426758, -0.00227144500241, 0.00110539782327, -0.000355965195922, 0.000840762164444, -0.00160529371351, 0.001216475619, -0.00356130581349, 0.0103773931041, -0.00318692019209, 0.0023128555622, 0.000462363270344, 0.00215677521192], [-0.000332564261043, 0.00179795233998, -0.00166032998823, 0.00027661974309, -0.00103172066156, 0.00121229316574, -3.92309573272e-07, 0.000725341262296, -0.00318692019209, 0.011965203099, -0.0024354911875, 0.00225826678798, 0.000574889883865], [0.00065939722117, -0.00226255995221, 0.00191041012295, -0.00129769416526, 0.00161916436628, -0.00218503782526, 9.88987885648e-05, -0.000447741680546, 0.0023128555622, -0.0024354911875, 0.0124817732722, -0.00483038602397, 0.00439011631534], [-0.000153419256094, 0.00241954019293, -0.00178094673902, 0.0013133258326, -0.00213217595592, 0.00137324223761, -0.00117551418953, 0.00162141816691, 0.000462363270344, 0.00225826678798, -0.00483038602397, 0.0127038946375, -0.0035594268702], [0.000436819944298, -0.00214943895116, 0.00134697242174, -0.0023188276682, 0.000565903319512, -0.00125110242516, 0.000993802445009, -0.00134580023587, 0.00215677521192, 0.000574889883865, 0.00439011631534, -0.0035594268702, 0.0137595413253]]}, "melbands": {"dmean": [8.93719115993e-05, 0.000745903875213, 0.000883686123416, 0.000662728212774, 0.000236895706621, 0.000168821949046, 0.000171932042576, 0.00021885955357, 0.00034650505404, 0.000131598717417, 0.000110954970296, 0.00012125862122, 4.19900243287e-05, 5.11750695296e-05, 2.79054038401e-05, 2.67131053988e-05, 1.95280299522e-05, 2.02295923373e-05, 1.62693831953e-05, 9.30284113565e-06, 8.13475980976e-06, 7.12610835762e-06, 6.8178028414e-06, 6.40343932901e-06, 4.25881353294e-06, 4.4069456635e-06, 1.02078247437e-05, 4.68807866127e-06, 2.84928592009e-06, 1.80573283615e-06, 9.32857233238e-07, 5.2548318763e-07, 6.88181899022e-07, 7.20134380572e-07, 5.03724947976e-07, 5.73109957713e-07, 6.11017867413e-07, 5.93293918882e-07, 6.28511429568e-07, 6.02037630415e-07], "dmean2": [0.000131145396153, 0.00108699733391, 0.00141814246308, 0.00105549523141, 0.000361875223462, 0.00025793738314, 0.000259894382907, 0.000332221330609, 0.000515717081726, 0.000199845904717, 0.000165546909557, 0.000177281282959, 6.31733273622e-05, 7.43200289435e-05, 4.09590938943e-05, 4.0853414248e-05, 2.99193070532e-05, 3.07976770273e-05, 2.51178935287e-05, 1.39646344905e-05, 1.2295502529e-05, 1.09060001705e-05, 1.06336092358e-05, 1.00327415566e-05, 6.79953973304e-06, 6.96620281815e-06, 1.59988267114e-05, 7.35320372769e-06, 4.36043910668e-06, 2.70808891401e-06, 1.37058270866e-06, 7.55815960929e-07, 9.76230353444e-07, 1.03753620806e-06, 7.3983250104e-07, 8.66557854806e-07, 9.2181915079e-07, 8.95014181879e-07, 9.49709829001e-07, 9.0298857458e-07], "dvar": [2.54648625742e-07, 1.29212378397e-06, 1.6568162664e-06, 1.11878034659e-06, 1.31589203534e-07, 1.56100014692e-07, 2.60921041217e-07, 4.0388368916e-07, 8.38692017169e-07, 2.57407151594e-07, 1.30614637328e-07, 7.37631253855e-08, 1.6896022359e-08, 1.75028702643e-08, 5.24874232966e-09, 5.19435472413e-09, 2.85966028635e-09, 2.19335505314e-09, 1.49997503307e-09, 3.82050696635e-10, 4.0218500752e-10, 3.13564868515e-10, 2.57657672975e-10, 3.02375013916e-10, 9.35497027066e-11, 1.06485646689e-10, 1.30403254861e-09, 1.50556470069e-10, 4.67293981288e-11, 1.84900029315e-11, 6.92938718558e-12, 3.11223269378e-12, 1.09024664297e-11, 8.44335018568e-12, 3.4896439037e-12, 3.83079852562e-12, 6.94461632297e-12, 5.01962707511e-12, 6.28013483231e-12, 6.70561696448e-12], "dvar2": [6.09429889664e-07, 2.98454688163e-06, 4.34781259173e-06, 2.79562436845e-06, 3.1705337733e-07, 3.56553385927e-07, 5.92702917857e-07, 9.61045429904e-07, 1.87394095974e-06, 6.29318378742e-07, 2.96276795098e-07, 1.58575886644e-07, 3.68156385377e-08, 3.36890089159e-08, 1.04906918708e-08, 1.16180709497e-08, 6.06228445221e-09, 5.07474418043e-09, 3.58837271008e-09, 8.19543211072e-10, 9.17499187736e-10, 7.4090861224e-10, 6.27026708333e-10, 7.38522132337e-10, 2.40999747936e-10, 2.57061899545e-10, 3.20347570693e-09, 3.67891606068e-10, 1.08873951521e-10, 4.23028452545e-11, 1.46412829777e-11, 6.34668272798e-12, 2.09720036476e-11, 1.52833232181e-11, 6.47929019465e-12, 8.84860153899e-12, 1.50984502678e-11, 1.02668490029e-11, 1.27176246964e-11, 1.39409629674e-11], "max": [0.020833266899, 0.0169694535434, 0.0191865079105, 0.0128019237891, 0.0076269689016, 0.00864459760487, 0.0149813070893, 0.0129154343158, 0.017316127196, 0.0133198574185, 0.00937676988542, 0.00826012250036, 0.00360635039397, 0.00373760797083, 0.00176984700374, 0.00178709952161, 0.00177871400956, 0.00130690273363, 0.000783548457548, 0.000600388098974, 0.00056271487847, 0.000496402266435, 0.00052268372383, 0.000444171222625, 0.00035156312515, 0.000235741099459, 0.00077496067388, 0.000328171852743, 0.000184845906915, 0.000108162101242, 0.000104891412775, 5.78012732149e-05, 0.000127666833578, 0.000109966487798, 6.82614481775e-05, 5.75099984417e-05, 0.00011923754937, 9.09538721316e-05, 8.30848657642e-05, 0.000104824735899], "mean": [0.000149760962813, 0.00162955035921, 0.00185937643982, 0.00127381901257, 0.000565235270187, 0.000346487358911, 0.000322821870213, 0.000401211698772, 0.000731541425921, 0.000229365323321, 0.000219903828111, 0.000275760830846, 9.04585103854e-05, 0.000103644939372, 5.54291837034e-05, 5.03774463141e-05, 3.66062813555e-05, 3.93091286242e-05, 3.06643050862e-05, 2.09699574043e-05, 1.80106198968e-05, 1.58742859639e-05, 1.39467701956e-05, 1.22140609164e-05, 7.76782326284e-06, 7.95447158453e-06, 1.38678360599e-05, 8.09111043054e-06, 5.61128854315e-06, 3.43158467331e-06, 1.72818022293e-06, 9.51948493366e-07, 1.20895867894e-06, 1.24400401091e-06, 8.90355863703e-07, 9.17116949495e-07, 9.62364993029e-07, 9.47378168803e-07, 9.81658104138e-07, 9.28759277485e-07], "median": [5.3915206081e-05, 0.000858483370394, 0.00131437077653, 0.000708327512257, 0.000338957092026, 0.000176908491994, 0.000135139169288, 7.97623360995e-05, 0.000103094163933, 3.28854766849e-05, 6.47527340334e-05, 0.000101225494291, 2.63786005235e-05, 3.91283792851e-05, 2.02558076126e-05, 1.61601765285e-05, 1.31519373099e-05, 1.45088897625e-05, 1.31268106998e-05, 9.93271078187e-06, 7.19915169611e-06, 5.79693914915e-06, 5.12485712534e-06, 4.01854185839e-06, 3.04582113131e-06, 2.99144335258e-06, 3.37921778737e-06, 2.53964367403e-06, 1.85357669125e-06, 1.19089315831e-06, 5.80154789986e-07, 2.75121237792e-07, 2.81244950884e-07, 2.63348340468e-07, 2.34436882351e-07, 2.44704494889e-07, 2.31251590321e-07, 2.16245112483e-07, 1.8854876771e-07, 1.53711411599e-07], "min": [2.60915949506e-23, 3.25970010921e-23, 9.0499535108e-24, 1.27069083524e-24, 1.69943531728e-23, 1.24567069168e-23, 6.62934802262e-24, 9.47140718258e-24, 1.605144351e-23, 1.41435976102e-23, 6.81894837461e-24, 1.25453938152e-23, 6.00062824774e-24, 4.9658151062e-24, 6.83004764755e-24, 1.25757783707e-23, 7.23421501031e-24, 6.71629074957e-24, 6.88809282181e-24, 8.55968829112e-24, 8.92160189721e-24, 1.03539303319e-23, 8.42908921281e-24, 2.628847215e-24, 7.86000416693e-24, 4.35680423218e-24, 1.23586325737e-23, 1.26119563207e-23, 9.70488950014e-24, 1.14341885669e-23, 6.69093439349e-24, 4.31130155188e-24, 7.43892125977e-24, 6.60399284984e-24, 1.07405668388e-23, 1.01552107479e-23, 9.88260960689e-24, 1.24954265767e-23, 1.1384200818e-23, 1.34977067e-23], "var": [2.84031159481e-07, 4.30195268564e-06, 3.49802326127e-06, 2.44343937084e-06, 5.15536726198e-07, 3.64930514252e-07, 4.91900721045e-07, 8.73992348716e-07, 3.05750631924e-06, 5.64570882489e-07, 3.42264655728e-07, 3.3961492818e-07, 6.76470293115e-08, 4.66583465197e-08, 1.41501512729e-08, 1.34199922286e-08, 7.45813277803e-09, 6.19823481429e-09, 2.90298562966e-09, 1.3791300324e-09, 1.27239685455e-09, 1.02228769894e-09, 8.71603400565e-10, 8.1758588788e-10, 1.98367017257e-10, 2.42290548735e-10, 1.4993215558e-09, 2.72597472373e-10, 1.27192145705e-10, 4.24977553148e-11, 1.61980099472e-11, 7.6930397816e-12, 2.50611597447e-11, 2.02470592375e-11, 8.26932706338e-12, 6.42698784817e-12, 1.18494641183e-11, 1.13695060311e-11, 1.45957551601e-11, 1.59491326396e-11]}, "mfcc": {"mean": [-660.036560059, 138.15411377, -0.644488990307, 16.7709732056, 2.35656881332, -3.08782124519, 5.38313007355, -5.38544654846, -3.66153120995, -2.40465092659, -13.1193580627, -5.44523477554, -5.55219459534], "cov": [[7341.26611328, -352.91116333, -267.862762451, 6.57995700836, -169.432067871, -415.604095459, -202.237945557, -87.0717697144, 128.167175293, 435.10836792, 55.1638412476, -263.388061523, -413.036987305], [-352.91116333, 1434.00427246, -213.014450073, -142.720321655, -38.2621154785, -70.1314849854, -69.561378479, -3.43109631538, 15.8292427063, 41.0091323853, 16.7666759491, -17.6899967194, -65.5509567261], [-267.862762451, -213.014450073, 532.502258301, -24.6777610779, -26.5729312897, 81.3491973877, 52.7301139832, 7.50338125229, -3.29857945442, -46.2719764709, 15.4839611053, 20.9960594177, 66.9076843262], [6.57995700836, -142.720321655, -24.6777610779, 374.749603271, 130.111450195, 9.18169784546, 17.1038799286, -26.3845062256, 16.6123313904, -33.1323471069, -51.7470932007, -16.4128112793, 23.9424781799], [-169.432067871, -38.2621154785, -26.5729312897, 130.111450195, 243.189285278, 33.6241569519, -7.73832798004, -18.3348503113, 13.0474243164, -14.0645551682, -25.4395904541, -4.25961923599, 12.7276620865], [-415.604095459, -70.1314849854, 81.3491973877, 9.18169784546, 33.6241569519, 238.090911865, 75.2668304443, 10.5696458817, -2.04169845581, -40.8571510315, 6.72750616074, 12.5968465805, 41.0258407593], [-202.237945557, -69.561378479, 52.7301139832, 17.1038799286, -7.73832798004, 75.2668304443, 181.68006897, 42.2309494019, -11.6943292618, -39.1791610718, -13.7776250839, 20.491859436, 35.8594818115], [-87.0717697144, -3.43109631538, 7.50338125229, -26.3845062256, -18.3348503113, 10.5696458817, 42.2309494019, 141.042892456, 17.9134960175, -18.3491077423, 6.97008609772, 18.3203277588, 22.3819732666], [128.167175293, 15.8292427063, -3.29857945442, 16.6123313904, 13.0474243164, -2.04169845581, -11.6943292618, 17.9134960175, 138.332809448, 41.0513000488, -4.79071998596, -14.7336072922, -20.8107318878], [435.10836792, 41.0091323853, -46.2719764709, -33.1323471069, -14.0645551682, -40.8571510315, -39.1791610718, -18.3491077423, 41.0513000488, 203.446334839, 45.5303039551, -42.1100196838, -60.6235580444], [55.1638412476, 16.7666759491, 15.4839611053, -51.7470932007, -25.4395904541, 6.72750616074, -13.7776250839, 6.97008609772, -4.79071998596, 45.5303039551, 142.203216553, 28.6787147522, -12.753443718], [-263.388061523, -17.6899967194, 20.9960594177, -16.4128112793, -4.25961923599, 12.5968465805, 20.491859436, 18.3203277588, -14.7336072922, -42.1100196838, 28.6787147522, 162.846725464, 67.0912780762], [-413.036987305, -65.5509567261, 66.9076843262, 23.9424781799, 12.7276620865, 41.0258407593, 35.8594818115, 22.3819732666, -20.8107318878, -60.6235580444, -12.753443718, 67.0912780762, 149.184631348]], "icov": [[0.000196592343855, 8.79147701198e-05, 3.19427745126e-05, -5.54614853172e-05, 0.000125558493892, 0.000228597898968, 1.9915165467e-05, 1.38995192174e-05, -5.92114120082e-05, -0.000244274153374, -7.6772448665e-06, 8.83265965967e-05, 0.000349143752828], [8.79147701198e-05, 0.000826838542707, 0.000310451432597, 0.000295780366287, 3.92399088014e-05, 0.000171093910467, 0.000141729018651, 2.62167468463e-05, -0.000138243558467, -4.4182412239e-05, -2.52291829383e-05, 6.00516468694e-05, 0.000265207258053], [3.19427745126e-05, 0.000310451432597, 0.00225910474546, 0.000260609114775, 0.000290941621643, -0.000415335700382, -0.000269999640295, 0.000299012288451, -0.000336709868861, 0.000322985695675, -0.000423101300839, 0.00032543434645, -0.000818968692329], [-5.54614853172e-05, 0.000295780366287, 0.000260609114775, 0.0036965047475, -0.00178729696199, 0.00031141427462, -0.000548845622689, 0.000717989576515, -0.00057004916016, 0.00050454196753, 0.000546117196791, 0.00046074934653, -0.000677678501233], [0.000125558493892, 3.92399088014e-05, 0.000290941621643, -0.00178729696199, 0.00540208956227, -0.000848221417982, 0.000729988270905, 0.000284812995233, -0.000340242986567, -0.000156229536515, 0.00038563774433, -8.01828427939e-05, 3.34875876433e-05], [0.000228597898968, 0.000171093910467, -0.000415335700382, 0.00031141427462, -0.000848221417982, 0.00568337924778, -0.00207348330878, 0.000474850792671, -0.000524976872839, 0.00046822821605, -0.000937230885029, 0.000653716444504, -0.000476100016385], [1.9915165467e-05, 0.000141729018651, -0.000269999640295, -0.000548845622689, 0.000729988270905, -0.00207348330878, 0.00730639183894, -0.00203981809318, 0.00072115927469, 0.00014010729501, 0.000900973798707, -0.000470717670396, -0.000169439328602], [1.38995192174e-05, 2.62167468463e-05, 0.000299012288451, 0.000717989576515, 0.000284812995233, 0.000474850792671, -0.00203981809318, 0.00838429480791, -0.00181607995182, 0.00084174395306, -0.000785765820183, -1.432881254e-05, -0.00109379796777], [-5.92114120082e-05, -0.000138243558467, -0.000336709868861, -0.00057004916016, -0.000340242986567, -0.000524976872839, 0.00072115927469, -0.00181607995182, 0.00837804097682, -0.00186800409574, 0.00100302975625, -0.000251536490396, 0.000898816681001], [-0.000244274153374, -4.4182412239e-05, 0.000322985695675, 0.00050454196753, -0.000156229536515, 0.00046822821605, 0.00014010729501, 0.00084174395306, -0.00186800409574, 0.00716524524614, -0.00238486076705, 0.00128313503228, 0.000673259666655], [-7.6772448665e-06, -2.52291829383e-05, -0.000423101300839, 0.000546117196791, 0.00038563774433, -0.000937230885029, 0.000900973798707, -0.000785765820183, 0.00100302975625, -0.00238486076705, 0.00892489310354, -0.00245370296761, 0.00123316806275], [8.83265965967e-05, 6.00516468694e-05, 0.00032543434645, 0.00046074934653, -8.01828427939e-05, 0.000653716444504, -0.000470717670396, -1.432881254e-05, -0.000251536490396, 0.00128313503228, -0.00245370296761, 0.00850933417678, -0.00355684757233], [0.000349143752828, 0.000265207258053, -0.000818968692329, -0.000677678501233, 3.34875876433e-05, -0.000476100016385, -0.000169439328602, -0.00109379796777, 0.000898816681001, 0.000673259666655, 0.00123316806275, -0.00355684757233, 0.0106992190704]]}, "spectral_contrast_coeffs": {"dmean": [0.0486736521125, 0.0419813841581, 0.0361224301159, 0.0303340349346, 0.0256790742278, 0.0191780552268], "dmean2": [0.0801606401801, 0.0661610066891, 0.0558682046831, 0.0471260584891, 0.0392904132605, 0.0279005076736], "dvar": [0.00163000891916, 0.00144451856613, 0.000995610374957, 0.000662701844703, 0.000550608732738, 0.000323289714288], "dvar2": [0.00446775183082, 0.00349003938027, 0.00228756992146, 0.00148341502063, 0.00120926182717, 0.000660075864289], "max": [-0.2725494802, -0.313278466463, -0.353377044201, -0.492665469646, -0.539421737194, -0.579378128052], "mean": [-0.534439444542, -0.684690415859, -0.70752710104, -0.732019484043, -0.743306875229, -0.764515697956], "median": [-0.534095883369, -0.691615760326, -0.718717575073, -0.736014604568, -0.746630311012, -0.767763614655], "min": [-0.967240333557, -0.960600376129, -0.973128974438, -0.957540512085, -0.963389575481, -0.96158182621], "var": [0.00615056557581, 0.00741495052353, 0.00660452572629, 0.0035844091326, 0.00330032641068, 0.00234150956385]}, "spectral_contrast_valleys": {"dmean": [0.450343191624, 0.295594394207, 0.280479699373, 0.276279479265, 0.289276689291, 0.32813680172], "dmean2": [0.739756286144, 0.468251615763, 0.437666773796, 0.415715694427, 0.403161466122, 0.437966883183], "dvar": [0.168543070555, 0.0920739322901, 0.0830146744847, 0.0873638913035, 0.110567077994, 0.166010856628], "dvar2": [0.406322836876, 0.187244951725, 0.160234615207, 0.153386205435, 0.181563019753, 0.276390731335], "max": [-5.51612567902, -4.85671472549, -5.0