{"lowlevel": {"average_loudness": 0.879936516285, "barkbands_crest": {"dmean": 2.05831933022, "dmean2": 3.24093437195, "dvar": 4.26407766342, "dvar2": 10.9102783203, "max": 24.3184146881, "mean": 8.91555023193, "median": 8.23074245453, "min": 2.43389439583, "var": 11.7489471436}, "barkbands_flatness_db": {"dmean": 0.0208508595824, "dmean2": 0.0318480804563, "dvar": 0.000492618768476, "dvar2": 0.00121653731912, "max": 0.372594773769, "mean": 0.135077536106, "median": 0.127649739385, "min": 0.0243759769946, "var": 0.0024563272018}, "barkbands_kurtosis": {"dmean": 2.76860952377, "dmean2": 4.32794475555, "dvar": 41.9720039368, "dvar2": 104.195297241, "max": 149.668045044, "mean": 4.45439624786, "median": 1.95334243774, "min": -1.87486124039, "var": 88.9404754639}, "barkbands_skewness": {"dmean": 0.438695907593, "dmean2": 0.677889704704, "dvar": 0.324336647987, "dvar2": 0.770900249481, "max": 10.0751857758, "mean": 1.70795989037, "median": 1.52018809319, "min": -2.35887169838, "var": 1.24806773663}, "barkbands_spread": {"dmean": 5.35618782043, "dmean2": 8.36043930054, "dvar": 45.5922393799, "dvar2": 105.449768066, "max": 109.31716156, "mean": 22.151720047, "median": 20.3735351562, "min": 0.866038739681, "var": 139.503250122}, "dissonance": {"dmean": 0.0159085914493, "dmean2": 0.0262739248574, "dvar": 0.000205480493605, "dvar2": 0.00054782506777, "max": 0.500000059605, "mean": 0.457085967064, "median": 0.461306452751, "min": 0.27903547883, "var": 0.000669274071697}, "dynamic_complexity": 3.99562287331, "erbbands_crest": {"dmean": 2.06334900856, "dmean2": 3.10424971581, "dvar": 3.90405774117, "dvar2": 8.41558361053, "max": 31.0480232239, "mean": 8.50860214233, "median": 7.48144006729, "min": 2.33240222931, "var": 16.3474636078}, "erbbands_flatness_db": {"dmean": 0.0175933688879, "dmean2": 0.0244621541351, "dvar": 0.000331859104335, "dvar2": 0.000646451197099, "max": 0.334551930428, "mean": 0.142862334847, "median": 0.140115812421, "min": 0.0466240867972, "var": 0.00201970338821}, "erbbands_kurtosis": {"dmean": 0.524214625359, "dmean2": 0.815804004669, "dvar": 0.801534771919, "dvar2": 1.84948182106, "max": 19.2732601166, "mean": -0.322346568108, "median": -0.672209739685, "min": -1.75335133076, "var": 1.58540380001}, "erbbands_skewness": {"dmean": 0.288093954325, "dmean2": 0.433748394251, "dvar": 0.0837253034115, "dvar2": 0.188123181462, "max": 4.07810544968, "mean": 0.32842323184, "median": 0.29629611969, "min": -2.10655426979, "var": 0.340813457966}, "erbbands_spread": {"dmean": 7.25091552734, "dmean2": 10.5232887268, "dvar": 66.7965011597, "dvar2": 139.446273804, "max": 147.420318604, "mean": 44.0181655884, "median": 40.6868743896, "min": 5.24322223663, "var": 334.107116699}, "hfc": {"dmean": 5.33356666565, "dmean2": 7.87910270691, "dvar": 71.1513290405, "dvar2": 172.557785034, "max": 121.343009949, "mean": 17.3756713867, "median": 15.2923841476, "min": 1.20000560536e-16, "var": 157.491821289}, "melbands_crest": {"dmean": 2.47535347939, "dmean2": 3.92818307877, "dvar": 5.55361461639, "dvar2": 14.145526886, "max": 29.8817310333, "mean": 13.0088949203, "median": 12.3142032623, "min": 1.68880474567, "var": 19.2328109741}, "melbands_flatness_db": {"dmean": 0.0245269667357, "dmean2": 0.0374187156558, "dvar": 0.000754165521357, "dvar2": 0.0018201082712, "max": 0.498956382275, "mean": 0.199938058853, "median": 0.193227574229, "min": 0.00494583975524, "var": 0.00381661159918}, "melbands_kurtosis": {"dmean": 6.47474336624, "dmean2": 10.1218986511, "dvar": 204.700485229, "dvar2": 480.707244873, "max": 337.888336182, "mean": 15.563284874, "median": 7.76272106171, "min": -1.71384334564, "var": 702.85736084}, "melbands_skewness": {"dmean": 0.588208258152, "dmean2": 0.898124396801, "dvar": 0.557990908623, "dvar2": 1.27218961716, "max": 13.7543458939, "mean": 2.8341524601, "median": 2.44067144394, "min": -0.996257841587, "var": 2.87679719925}, "melbands_spread": {"dmean": 5.26606941223, "dmean2": 8.2999753952, "dvar": 66.8901138306, "dvar2": 137.285079956, "max": 205.586044312, "mean": 21.3707141876, "median": 19.2058010101, "min": 0.761117815971, "var": 237.422729492}, "pitch_salience": {"dmean": 0.0605509281158, "dmean2": 0.0982321426272, "dvar": 0.00369864259847, "dvar2": 0.00991898402572, "max": 0.915349304676, "mean": 0.537554681301, "median": 0.540914595127, "min": 0.140457615256, "var": 0.0111772175878}, "silence_rate_20dB": {"dmean": 0, "dmean2": 0, "dvar": 0, "dvar2": 0, "max": 1, "mean": 1, "median": 1, "min": 1, "var": 0}, "silence_rate_30dB": {"dmean": 0.0016064257361, "dmean2": 0.0032132815104, "dvar": 0.0016038226895, "dvar2": 0.00427378155291, "max": 1, "mean": 0.998929202557, "median": 1, "min": 0, "var": 0.00106967031024}, "silence_rate_60dB": {"dmean": 0.0104417670518, "dmean2": 0.020886329934, "dvar": 0.0103310029954, "dvar2": 0.0223297290504, "max": 1, "mean": 0.0777673646808, "median": 0, "min": 0, "var": 0.0717151165009}, "spectral_centroid": {"dmean": 221.421356201, "dmean2": 350.027770996, "dvar": 74065.21875, "dvar2": 157750.921875, "max": 10988.5039062, "mean": 1304.45227051, "median": 1270.77026367, "min": 161.820877075, "var": 287903.65625}, "spectral_complexity": {"dmean": 3.11593031883, "dmean2": 4.7604765892, "dvar": 16.4180774689, "dvar2": 32.804107666, "max": 57, "mean": 18.1722660065, "median": 18, "min": 0, "var": 87.2160263062}, "spectral_decrease": {"dmean": 2.33114438863e-09, "dmean2": 3.74927644486e-09, "dvar": 2.09252260061e-17, "dvar2": 5.32015537732e-17, "max": 6.48776224045e-29, "mean": -6.60123822271e-09, "median": -5.19661202958e-09, "min": -4.85812989837e-08, "var": 2.93757114157e-17}, "spectral_energy": {"dmean": 0.00916547421366, "dmean2": 0.0146500086412, "dvar": 0.000319404527545, "dvar2": 0.000810484052636, "max": 0.18965870142, "mean": 0.0264906138182, "median": 0.0211871210486, "min": 1.06395443899e-20, "var": 0.000456096779089}, "spectral_energyband_high": {"dmean": 0.00031865798519, "dmean2": 0.000461457879283, "dvar": 2.46716211905e-07, "dvar2": 5.6481798083e-07, "max": 0.00713501544669, "mean": 0.000598230981268, "median": 0.0003550076799, "min": 7.95231569187e-21, "var": 4.76254001569e-07}, "spectral_energyband_low": {"dmean": 0.0040593072772, "dmean2": 0.00644657760859, "dvar": 7.80254631536e-05, "dvar2": 0.000180992035894, "max": 0.111885853112, "mean": 0.00869672466069, "median": 0.00592017220333, "min": 3.91761957049e-23, "var": 0.000112845526019}, "spectral_energyband_middle_high": {"dmean": 0.00114017666783, "dmean2": 0.00169092568103, "dvar": 2.98605186799e-06, "dvar2": 7.11810571374e-06, "max": 0.0331861786544, "mean": 0.00404685549438, "median": 0.00341605884023, "min": 1.36381989145e-21, "var": 1.08250515041e-05}, "spectral_energyband_middle_low": {"dmean": 0.00618988182396, "dmean2": 0.0103245619684, "dvar": 0.000207705495995, "dvar2": 0.00056163786212, "max": 0.175902098417, "mean": 0.0147479129955, "median": 0.0107449432835, "min": 2.85278432349e-22, "var": 0.000235786414123}, "spectral_entropy": {"dmean": 0.198278233409, "dmean2": 0.28889644146, "dvar": 0.0483726859093, "dvar2": 0.112786881626, "max": 9.80715179443, "mean": 7.41249370575, "median": 7.43905925751, "min": 5.42613554001, "var": 0.216741666198}, "spectral_flux": {"dmean": 0.0246696081012, "dmean2": 0.038772303611, "dvar": 0.00155018572696, "dvar2": 0.00317834643647, "max": 0.356254637241, "mean": 0.0663660392165, "median": 0.0510652326047, "min": 1.0314817056e-10, "var": 0.00266045122407}, "spectral_kurtosis": {"dmean": 1.52040243149, "dmean2": 2.54386281967, "dvar": 4.30792713165, "dvar2": 11.8187179565, "max": 57.7795143127, "mean": 4.73038101196, "median": 4.13245677948, "min": -1.19534039497, "var": 10.6558208466}, "spectral_rms": {"dmean": 0.000750235107262, "dmean2": 0.0011511601042, "dvar": 1.47322282373e-06, "dvar2": 3.45298030879e-06, "max": 0.0136026795954, "mean": 0.00466129090637, "median": 0.00454646721482, "min": 3.2218073695e-12, "var": 4.11684277424e-06}, "spectral_rolloff": {"dmean": 428.515197754, "dmean2": 717.222961426, "dvar": 535995, "dvar2": 1049370, "max": 18884.6191406, "mean": 1318.39868164, "median": 990.52734375, "min": 86.1328125, "var": 1704919.25}, "spectral_skewness": {"dmean": 0.192963302135, "dmean2": 0.312124013901, "dvar": 0.0434372350574, "dvar2": 0.11142359674, "max": 6.16496229172, "mean": 1.55733942986, "median": 1.51452636719, "min": -0.00233509973623, "var": 0.158428296447}, "spectral_spread": {"dmean": 606755.4375, "dmean2": 869732.875, "dvar": 654615969792, "dvar2": 1244980576260.0, "max": 40159976, "mean": 4766630.5, "median": 4388343, "min": 1299270, "var": 2946115567620.0}, "spectral_strongpeak": {"dmean": 0.362393140793, "dmean2": 0.613468527794, "dvar": 0.297554910183, "dvar2": 0.692571640015, "max": 5.36405467987, "mean": 0.829258203506, "median": 0.453937828541, "min": 0, "var": 0.74598133564}, "zerocrossingrate": {"dmean": 0.00974268186837, "dmean2": 0.0115640088916, "dvar": 0.000161455973284, "dvar2": 0.000177565569174, "max": 0.48828125, "mean": 0.0601791106164, "median": 0.05419921875, "min": 0.00390625, "var": 0.00117209472228}, "barkbands": {"dmean": [7.35638377591e-06, 0.00218522548676, 0.00216062250547, 0.00182020384818, 0.00333496718667, 0.000978018855676, 0.000637154793367, 0.00079860817641, 0.000380127981771, 0.000323395564919, 0.000188449703273, 0.000248470081715, 0.000117608069559, 0.000162287222338, 0.000241768313572, 0.000133108231239, 0.000336426484864, 0.000142059128848, 0.000138398143463, 7.82286806498e-05, 0.000102548881841, 5.53366844542e-05, 4.10348657169e-05, 3.76854877686e-05, 3.89684755646e-05, 4.1099061491e-05, 5.30087845618e-06], "dmean2": [1.00495099105e-05, 0.0034555173479, 0.00357806030661, 0.00316699338146, 0.00567298848182, 0.00157980341464, 0.000980025273748, 0.00113992393017, 0.000523842521943, 0.000439697614638, 0.000281134009128, 0.000356217322405, 0.00017871959426, 0.000252344354521, 0.000395884533646, 0.000215889071114, 0.000535627652425, 0.000235601488384, 0.000226977092098, 0.000124219528516, 0.000158159746206, 8.32174991956e-05, 6.35549440631e-05, 5.36968655069e-05, 5.84515400988e-05, 6.56058764434e-05, 8.10899473436e-06], "dvar": [3.95331739567e-10, 2.70681739494e-05, 2.61810073425e-05, 1.32044924612e-05, 7.98851397121e-05, 4.32568504038e-06, 2.1053178898e-06, 1.86944862435e-06, 9.18840214581e-07, 5.66062738017e-07, 2.00891193458e-07, 1.87473006008e-07, 6.27831653333e-08, 9.67325988199e-08, 1.56964148346e-07, 5.87783404171e-08, 2.08414505209e-07, 4.22704431458e-08, 3.48147253248e-08, 1.47486876045e-08, 2.90023969285e-08, 9.1248981704e-09, 5.06007857837e-09, 3.7612761794e-09, 4.73705652482e-09, 1.14886269387e-08, 1.42674108639e-10], "dvar2": [6.63098465026e-10, 6.4766529249e-05, 7.08867955836e-05, 3.64141815226e-05, 0.000216000669752, 1.14975628094e-05, 5.5390032685e-06, 3.61782576874e-06, 1.55363261456e-06, 1.00037095763e-06, 4.45748980837e-07, 3.91054953752e-07, 1.50246293629e-07, 2.33353134149e-07, 4.07966240346e-07, 1.54285771714e-07, 5.18275896866e-07, 1.09022863626e-07, 8.90787958951e-08, 3.58103484643e-08, 6.8046603019e-08, 2.12828670243e-08, 1.24796954992e-08, 8.2720568173e-09, 1.13649853972e-08, 3.08860919063e-08, 3.58360008335e-10], "max": [0.000207699617022, 0.0559615716338, 0.0799514353275, 0.0436200499535, 0.127245888114, 0.0364538691938, 0.0301960632205, 0.0412780456245, 0.0311012696475, 0.0188818499446, 0.0126246260479, 0.00992408115417, 0.00608041603118, 0.00697139976546, 0.0100576253608, 0.00433591706678, 0.00572362774983, 0.00311859208159, 0.00284619978629, 0.0024490323849, 0.00262739439495, 0.00127117836382, 0.00149731745478, 0.000965666025877, 0.000927300716285, 0.00153669458814, 0.000240434892476], "mean": [8.69619361765e-06, 0.00316603272222, 0.0040601878427, 0.00245847599581, 0.00468937959522, 0.00238246330991, 0.00176982244011, 0.00207361625507, 0.00104978878517, 0.00077381671872, 0.000455769681139, 0.000500753696542, 0.000217910899664, 0.000264207541477, 0.000400930410251, 0.000235843792325, 0.000721565622371, 0.000246704963502, 0.000333091797074, 0.000166973390151, 0.000201619870495, 9.1299370979e-05, 5.66854942008e-05, 5.79057559662e-05, 5.43947207916e-05, 4.62239622721e-05, 6.46259832138e-06], "median": [4.34769390267e-07, 0.0013455171138, 0.00222316151485, 0.00131705391686, 0.00235829222947, 0.00120195979252, 0.000617255631369, 0.000758033827879, 0.000340647646226, 0.000228406919632, 0.000151293643285, 0.000196246721316, 0.000109480788524, 0.000114542155643, 0.000217568172957, 0.000131895983941, 0.000487208017148, 0.000164248340297, 0.000243082613451, 0.000101494755654, 0.000122800687677, 4.59486400359e-05, 2.19048815779e-05, 2.06793138204e-05, 2.06341592275e-05, 1.17138943097e-05, 1.2883092495e-06], "min": [3.84878254238e-24, 1.4083544785e-23, 1.19781941469e-23, 2.07846294517e-23, 1.78094231927e-23, 4.65083896062e-23, 6.10288607808e-23, 6.26732886694e-23, 6.29773535276e-23, 5.67504137079e-23, 7.06692017373e-23, 1.47382466404e-22, 3.9647726267e-23, 6.04119589311e-23, 1.95151364229e-22, 1.48930728993e-22, 7.45986378131e-23, 2.26205574271e-22, 2.44830239456e-22, 1.97286072325e-22, 5.8958459363e-22, 4.825719389e-22, 6.07437942175e-22, 9.97324858894e-22, 1.29914884725e-21, 1.62163629602e-21, 2.53018090586e-21], "var": [6.36338037818e-10, 3.10257964884e-05, 3.09474889946e-05, 1.29211694002e-05, 6.90172091709e-05, 1.2463902749e-05, 7.95279265731e-06, 1.07908927021e-05, 5.35035587745e-06, 2.66601546173e-06, 7.03943442204e-07, 6.24428992069e-07, 1.29121659143e-07, 2.06129357139e-07, 3.19936020787e-07, 9.27039991439e-08, 6.02898865054e-07, 7.66561498722e-08, 1.06973345737e-07, 3.6734547848e-08, 5.71026212981e-08, 1.54245523021e-08, 7.41963601669e-09, 7.88902987381e-09, 7.17174319931e-09, 9.83590275894e-09, 1.56381171901e-10]}, "erbbands": {"dmean": [0.0364754833281, 0.588849425316, 2.07998514175, 4.45917844772, 11.6343946457, 9.13834953308, 7.41793203354, 8.29504203796, 7.96371078491, 10.6613759995, 19.6304798126, 6.89158678055, 11.8685102463, 9.64159107208, 7.19249391556, 11.318939209, 5.32984304428, 8.57210063934, 11.6713733673, 9.04817962646, 11.5765447617, 14.2475528717, 8.35192775726, 6.71177721024, 6.21596670151, 3.93232607841, 4.37378358841, 3.2678937912, 2.03468894958, 1.58233869076, 1.09742474556, 0.878052353859, 0.584213793278, 0.39514657855, 0.3120482862, 0.222860485315, 0.0662623941898, 0.00811673514545, 0.00103870686144, 5.62221612199e-05], "dmean2": [0.0554659254849, 0.940851211548, 3.42499017715, 7.73146104813, 19.8758811951, 15.6761226654, 12.3476648331, 13.5817756653, 12.1281957626, 16.2603969574, 27.5993404388, 9.5808057785, 15.9957065582, 13.4164047241, 10.617313385, 16.0307102203, 7.90791320801, 13.5283546448, 18.9093666077, 14.6911993027, 18.8158226013, 22.3874187469, 13.7350683212, 11.0212898254, 10.1936120987, 6.2506980896, 6.87356901169, 4.93604755402, 3.03830242157, 2.4366300106, 1.68746578693, 1.29848361015, 0.839529812336, 0.582837402821, 0.473068535328, 0.3512172997, 0.108924522996, 0.0127869965509, 0.00160533294547, 8.50872311275e-05], "dvar": [0.0090553984046, 1.90737748146, 24.4839382172, 80.5692825317, 1017.21862793, 572.889709473, 276.461181641, 360.535919189, 269.83392334, 632.318115234, 1230.37475586, 161.173797607, 752.520080566, 525.65246582, 224.914413452, 397.162780762, 124.305107117, 276.175262451, 399.664154053, 331.709136963, 275.020996094, 435.734802246, 138.911560059, 93.6914138794, 73.852355957, 38.0748939514, 52.5837097168, 30.5079364777, 13.5548963547, 7.32172107697, 3.85320901871, 2.08897995949, 0.894288301468, 0.483484953642, 0.343513846397, 0.261631816626, 0.0404913313687, 0.000407526415074, 5.69844860365e-06, 1.18916361203e-08], "dvar2": [0.0195212289691, 4.61691856384, 64.3818588257, 228.385345459, 2724.3984375, 1593.36071777, 753.68548584, 953.408447266, 642.769165039, 1640.41723633, 2296.11645508, 301.098480225, 1285.40344238, 972.165161133, 509.927886963, 801.613525391, 283.368988037, 705.324279785, 1050.56054688, 851.367675781, 705.464172363, 1065.12109375, 344.065368652, 246.063781738, 188.632629395, 93.3693161011, 126.614990234, 70.8760375977, 31.4978542328, 17.8791866302, 9.39291667938, 4.64254140854, 2.00117492676, 1.1297274828, 0.844569206238, 0.682924330235, 0.111502088606, 0.00108198949602, 1.43019842653e-05, 2.92099056054e-08], "max": [1.02216017246, 14.3423261642, 90.3285827637, 102.019233704, 431.750793457, 312.384124756, 333.231689453, 394.031097412, 488.899291992, 526.729003906, 1122.27587891, 361.125305176, 704.831176758, 620.786315918, 389.515289307, 514.817993164, 231.527328491, 416.352020264, 448.399047852, 333.909881592, 294.305541992, 354.683258057, 197.862426758, 126.256668091, 141.954589844, 126.288803101, 135.534332275, 69.9287948608, 62.3202705383, 45.6569366455, 49.2316055298, 24.1695232391, 14.5353517532, 10.3515110016, 9.17647171021, 7.25934171677, 3.22741699219, 0.334961086512, 0.048239517957, 0.00186976708937], "mean": [0.0511178448796, 0.899923443794, 4.16751194, 7.38072156906, 12.6034803391, 14.6384048462, 17.9121627808, 18.0515785217, 24.2808113098, 26.5228919983, 52.3644371033, 21.8013896942, 31.7101230621, 22.4862957001, 18.4563560486, 23.8184394836, 11.3523283005, 14.0986061096, 19.9001178741, 15.595281601, 22.6303787231, 32.3222122192, 17.2701854706, 15.4016561508, 14.8760499954, 8.88192749023, 8.97470760345, 5.80219841003, 3.40278172493, 2.30740022659, 1.56186294556, 1.32135784626, 0.88127809763, 0.553378999233, 0.428409099579, 0.266102313995, 0.0691833049059, 0.00934685673565, 0.00124787259847, 9.02739193407e-05], "median": [0.018418924883, 0.439430505037, 2.40912795067, 4.86198472977, 5.41538715363, 7.18820619583, 8.42523479462, 8.45651721954, 9.98365306854, 9.39487552643, 18.1956005096, 11.6739835739, 8.23739528656, 10.3950891495, 9.42122936249, 9.93287277222, 6.58302640915, 7.32661819458, 10.4014492035, 6.89619398117, 14.889084816, 21.4582252502, 12.3798904419, 11.3078289032, 10.7648067474, 5.67395401001, 5.67148590088, 3.35610866547, 1.68313992023, 1.06155765057, 0.590516507626, 0.474726915359, 0.314755856991, 0.215264230967, 0.151432678103, 0.0746085494757, 0.015607021749, 0.00224119191989, 0.000261455745203, 4.95662934554e-05], "min": [5.26141092727e-22, 2.95042662334e-21, 1.212714875e-20, 4.37298336608e-20, 7.91447767184e-20, 4.8733613976e-20, 2.74182998553e-19, 3.1174436544e-19, 1.007902309e-18, 5.06494011101e-19, 1.90351815857e-18, 1.50548805019e-18, 1.13537880301e-18, 2.97813682327e-18, 3.40479037937e-18, 5.257952057e-18, 2.54678405411e-18, 2.94369653808e-18, 5.94325630525e-18, 1.05742038036e-17, 8.45043164291e-18, 5.28617876822e-18, 1.16349603688e-17, 1.06884614344e-17, 1.38999909898e-17, 8.23405773828e-18, 2.32404003158e-17, 2.0318581671e-17, 1.82630924427e-17, 1.65958553242e-17, 1.64124462213e-17, 1.56038705551e-17, 1.77084347548e-17, 1.40918389893e-17, 1.00626198917e-17, 5.57389079683e-18, 2.94431795752e-18, 1.63162213346e-18, 3.11623881414e-19, 3.67680651369e-20], "var": [0.0111757386476, 2.17353606224, 31.7616462708, 81.2385253906, 761.370788574, 605.567504883, 964.298217773, 958.95513916, 1447.58447266, 2120.28515625, 7297.16894531, 995.93371582, 4505.99169922, 1561.48278809, 742.859802246, 1384.14001465, 297.505004883, 417.620788574, 880.31628418, 600.926330566, 614.203613281, 1180.06750488, 305.23046875, 228.749633789, 223.050323486, 99.0296630859, 109.177970886, 52.2583999634, 22.9920730591, 10.6067838669, 5.92146635056, 4.23440122604, 1.77895128727, 0.74561226368, 0.491947025061, 0.266353309155, 0.0296002440155, 0.00036555659608, 6.02264162808e-06, 1.42079272791e-08]}, "gfcc": {"mean": [-7.03538942337, 90.436340332, -109.729797363, 32.9589157104, -50.312828064, 0.54118335247, -36.8190307617, 9.98881816864, -27.0236797333, 0.652327477932, -20.8452358246, -2.18104147911, -11.9901227951], "cov": [[13439.671875, -257.273040771, -97.0399627686, 367.366577148, -687.317565918, -167.314727783, -433.716522217, 89.4861984253, -322.9737854, -62.6070709229, -277.52142334, 76.5176544189, -183.354110718], [-257.273040771, 1393.17724609, -528.039367676, 52.8675384521, 99.9006958008, -200.3800354, 89.7565002441, -37.3574867249, 59.9419212341, -64.9707489014, 101.972419739, -101.513496399, 98.7456588745], [-97.0399627686, -528.039367676, 968.061523438, 146.239807129, 121.561050415, 202.686676025, -57.2003059387, -42.4890213013, -14.7576436996, 44.9282722473, -38.9097976685, 58.4461250305, -47.1723976135], [367.366577148, 52.8675384521, 146.239807129, 262.841796875, 79.1316299438, 75.4036712646, 28.3977661133, -18.8810195923, 13.0207834244, -10.353222847, -15.7616252899, -29.3057308197, -4.24887228012], [-687.317565918, 99.9006958008, 121.561050415, 79.1316299438, 205.640258789, 76.3369216919, 75.6143875122, 3.16301107407, 30.586933136, -1.07538831234, 6.47133970261, -19.6690559387, 2.30795264244], [-167.314727783, -200.3800354, 202.686676025, 75.4036712646, 76.3369216919, 171.081481934, 48.9976196289, 23.6108989716, -0.243336379528, -5.46382856369, -26.2685699463, 3.53180527687, -14.4176273346], [-433.716522217, 89.7565002441, -57.2003059387, 28.3977661133, 75.6143875122, 48.9976196289, 186.174560547, 68.1115341187, 44.1069526672, -25.5375404358, -3.59931230545, -17.5607471466, 6.40759706497], [89.4861984253, -37.3574867249, -42.4890213013, -18.8810195923, 3.16301107407, 23.6108989716, 68.1115341187, 115.593063354, 23.2139320374, -4.79715871811, -20.3229179382, -4.26261281967, -6.72772216797], [-322.9737854, 59.9419212341, -14.7576436996, 13.0207834244, 30.586933136, -0.243336379528, 44.1069526672, 23.2139320374, 80.7679672241, 17.6641960144, 10.2540836334, -18.1951141357, -3.83235669136], [-62.6070709229, -64.9707489014, 44.9282722473, -10.353222847, -1.07538831234, -5.46382856369, -25.5375404358, -4.79715871811, 17.6641960144, 83.0774688721, 31.6228046417, 1.90499436855, -22.7184486389], [-277.52142334, 101.972419739, -38.9097976685, -15.7616252899, 6.47133970261, -26.2685699463, -3.59931230545, -20.3229179382, 10.2540836334, 31.6228046417, 78.685585022, 17.7351779938, 6.1780872345], [76.5176544189, -101.513496399, 58.4461250305, -29.3057308197, -19.6690559387, 3.53180527687, -17.5607471466, -4.26261281967, -18.1951141357, 1.90499436855, 17.7351779938, 77.8469238281, 16.5647277832], [-183.354110718, 98.7456588745, -47.1723976135, -4.24887228012, 2.30795264244, -14.4176273346, 6.40759706497, -6.72772216797, -3.83235669136, -22.7184486389, 6.1780872345, 16.5647277832, 75.8491287231]], "icov": [[0.000155064713908, -0.000150401494466, 2.6417128538e-05, -0.000465094082756, 0.000503956340253, 5.87028407608e-05, 0.000236035470152, -0.000375858246116, 0.00046622226364, -0.000202229013667, 0.000652789836749, -0.000533694110345, 0.000529938144609], [-0.000150401494466, 0.00199385220185, 0.000405308004702, -0.000198428577278, -0.00171403179411, 0.00196891999803, -0.000430644809967, 0.000417628529249, -0.000709444982931, 0.00197072117589, -0.00322253792547, 0.00271678110585, -0.00199492508546], [2.6417128538e-05, 0.000405308004702, 0.00206165900454, -0.000767503341194, -0.00108183803968, -0.00127481808886, 0.000969546788838, 0.000640034966636, -0.000320598686812, -0.000741147086956, 0.000983584439382, -0.00170336500742, 0.000594560464378], [-0.000465094082756, -0.000198428577278, -0.000767503341194, 0.00679319817573, -0.0018119799206, -0.00236680242233, -0.000930650276132, 0.00245080469176, -0.00188901787624, 0.000764317926951, -0.00107429327909, 0.00300897029229, -0.00149765214883], [0.000503956340253, -0.00171403179411, -0.00108183803968, -0.0018119799206, 0.0103403320536, -0.00315337395296, -0.00186116003897, 2.72370089078e-05, 0.000470399536425, -0.00158591521904, 0.00176595256198, -0.000837657542434, 0.00150881230365], [5.87028407608e-05, 0.00196891999803, -0.00127481808886, -0.00236680242233, -0.00315337395296, 0.0130448564887, -0.00248615047894, -0.00178412441164, 0.00199024542235, 0.00158795795869, -0.000539111846592, 0.0011526820017, -0.000351097085513], [0.000236035470152, -0.000430644809967, 0.000969546788838, -0.000930650276132, -0.00186116003897, -0.00248615047894, 0.0109589649364, -0.00539511907846, -0.00291235977784, 0.00321976467967, -0.000679936667439, -0.000853087869473, 0.000920726801269], [-0.000375858246116, 0.000417628529249, 0.000640034966636, 0.00245080469176, 2.72370089078e-05, -0.00178412441164, -0.00539511907846, 0.0143756596372, -0.00345555879176, -0.00138590182178, 0.00292029883713, -0.000366791995475, -0.000273491052212], [0.00046622226364, -0.000709444982931, -0.000320598686812, -0.00188901787624, 0.000470399536425, 0.00199024542235, -0.00291235977784, -0.00345555879176, 0.0188536699861, -0.0053333202377, 0.000908395915758, 0.00144279259257, 0.0010150220478], [-0.000202229013667, 0.00197072117589, -0.000741147086956, 0.000764317926951, -0.00158591521904, 0.00158795795869, 0.00321976467967, -0.00138590182178, -0.0053333202377, 0.0212557148188, -0.0120328562334, 0.00420296425, 0.00264185993001], [0.000652789836749, -0.00322253792547, 0.000983584439382, -0.00107429327909, 0.00176595256198, -0.000539111846592, -0.000679936667439, 0.00292029883713, 0.000908395915758, -0.0120328562334, 0.0269859377295, -0.0118568623438, 0.00331829534844], [-0.000533694110345, 0.00271678110585, -0.00170336500742, 0.00300897029229, -0.000837657542434, 0.0011526820017, -0.000853087869473, -0.000366791995475, 0.00144279259257, 0.00420296425, -0.0118568623438, 0.0235452577472, -0.00827821716666], [0.000529938144609, -0.00199492508546, 0.000594560464378, -0.00149765214883, 0.00150881230365, -0.000351097085513, 0.000920726801269, -0.000273491052212, 0.0010150220478, 0.00264185993001, 0.00331829534844, -0.00827821716666, 0.0195136163384]]}, "melbands": {"dmean": [0.000480285525555, 0.000948238943238, 0.000933769508265, 0.000830291304737, 0.000254897488048, 0.000181947994861, 0.000127563253045, 0.000120876604342, 0.000142570061143, 4.80813578179e-05, 6.00583771302e-05, 4.01823999709e-05, 2.79871655948e-05, 2.95916343021e-05, 1.66109330166e-05, 1.28093461171e-05, 1.63004860951e-05, 1.81960713235e-05, 1.36558592203e-05, 1.02182630144e-05, 1.69116956386e-05, 1.67482667166e-05, 1.14924496302e-05, 8.85192093847e-06, 5.66641256228e-06, 5.66276776226e-06, 3.14891258313e-06, 2.81469147012e-06, 2.73085129265e-06, 3.04232185044e-06, 1.68521796695e-06, 1.27442956455e-06, 1.02828562376e-06, 8.62449667238e-07, 6.53653387417e-07, 6.27561576039e-07, 5.24693405168e-07, 4.04229041351e-07, 4.11518527699e-07, 3.21016841554e-07], "dmean2": [0.000753303756937, 0.00151599745732, 0.00160963553935, 0.00141946738586, 0.000429320556577, 0.000295160309179, 0.00019588934083, 0.000184304110007, 0.000198302892386, 6.67014974169e-05, 8.09135235613e-05, 5.57783605473e-05, 4.13311172451e-05, 4.27563900303e-05, 2.35587431234e-05, 1.97990739252e-05, 2.58530781139e-05, 2.94088513328e-05, 2.22692342504e-05, 1.6610356397e-05, 2.75460479315e-05, 2.64321661234e-05, 1.83747943083e-05, 1.47583868966e-05, 9.29538055061e-06, 9.34039053391e-06, 5.09871506438e-06, 4.51819914815e-06, 4.38531424152e-06, 4.78077436128e-06, 2.6074071684e-06, 1.95316533791e-06, 1.5897285266e-06, 1.36503172143e-06, 1.02758667708e-06, 9.6547614703e-07, 7.81635208114e-07, 5.97000507696e-07, 6.10421523106e-07, 4.89619708333e-07], "dvar": [1.42592034535e-06, 4.57850956082e-06, 3.69750728169e-06, 5.03098453919e-06, 3.56979256821e-07, 1.64193593832e-07, 7.16660508715e-08, 5.95110485335e-08, 6.47576570145e-08, 1.23301360233e-08, 1.89068742884e-08, 1.02423349801e-08, 4.1317749222e-09, 2.66338107124e-09, 7.755360798e-10, 8.05416511263e-10, 9.84272552351e-10, 1.02870945096e-09, 5.81339754113e-10, 3.7931624508e-10, 5.88766313481e-10, 6.59070353848e-10, 3.51680407018e-10, 1.68721384086e-10, 7.49614884055e-11, 5.84320508645e-11, 2.29861789325e-11, 2.13330169502e-11, 2.25682892513e-11, 2.80761889432e-11, 8.44987101123e-12, 6.17990771404e-12, 3.19698868073e-12, 2.226311583e-12, 1.49438393517e-12, 1.19351913335e-12, 7.75386157191e-13, 4.25820294823e-13, 5.05539349532e-13, 3.86024220402e-13], "dvar2": [3.30932311954e-06, 1.13068963401e-05, 1.01045934571e-05, 1.36530043164e-05, 9.88605506791e-07, 4.29449386274e-07, 1.78304517817e-07, 1.52231578454e-07, 1.18131339377e-07, 2.15349356125e-08, 3.23051665418e-08, 1.87140560826e-08, 8.96881768853e-09, 5.61349056127e-09, 1.63488045324e-09, 2.0939421308e-09, 2.49612663872e-09, 2.66964428342e-09, 1.47285472707e-09, 9.97163573935e-10, 1.49529366666e-09, 1.64836833072e-09, 8.77013128786e-10, 4.64344424023e-10, 1.99078906138e-10, 1.52410001286e-10, 5.69399735695e-11, 5.32341080939e-11, 5.49088899349e-11, 6.79792888647e-11, 2.04705263157e-11, 1.48326472632e-11, 7.631756338e-12, 5.60544969816e-12, 3.69977399411e-12, 2.89759622546e-12, 1.75098434016e-12, 9.82588034375e-13, 1.16621220059e-12, 9.36380096725e-13], "max": [0.0130364280194, 0.0355608761311, 0.0190470330417, 0.0336081534624, 0.0118628712371, 0.00788740627468, 0.00655998196453, 0.00469562644139, 0.00827761273831, 0.00353993754834, 0.00348658277653, 0.00276970956475, 0.00187508366071, 0.00108861469198, 0.000629039423075, 0.000829929427709, 0.000720874173567, 0.000659164448734, 0.000646753818728, 0.000292251526844, 0.000343108666129, 0.000457044603536, 0.000261254899669, 0.000234793202253, 0.00011087605526, 0.000124444675748, 7.40144605516e-05, 0.000115788774565, 0.000105951847218, 9.01104140212e-05, 4.94530140713e-05, 4.20510950789e-05, 2.44800248765e-05, 2.19802950596e-05, 3.27862217091e-05, 1.91053222807e-05, 1.55017132784e-05, 8.87585702003e-06, 9.0595731308e-06, 1.14409704111e-05], "mean": [0.000692072382662, 0.00187481835019, 0.00139864836819, 0.0010407398222, 0.000604088767432, 0.00041368638631, 0.000382694910513, 0.000297130609397, 0.000387678068364, 0.000138724135468, 0.000158184266184, 8.9033623226e-05, 7.04229823896e-05, 5.84824192629e-05, 3.73591719836e-05, 2.25516014325e-05, 2.54475598922e-05, 3.04056156892e-05, 2.29148572544e-05, 1.7017197024e-05, 3.09914867103e-05, 3.61555066775e-05, 2.25549702009e-05, 1.46494976434e-05, 1.17038043754e-05, 1.31485758175e-05, 6.90773413226e-06, 5.62164314033e-06, 5.2599348237e-06, 5.40694918527e-06, 2.70120494861e-06, 2.01350439966e-06, 1.55676480063e-06, 1.14980070975e-06, 9.02701458472e-07, 8.63336424572e-07, 7.72880639488e-07, 5.85970951761e-07, 5.82037273489e-07, 4.27528931368e-07], "median": [0.000284713285509, 0.00113110069651, 0.000890500552487, 0.000496214954183, 0.000298003200442, 0.000190964856301, 0.000157117916388, 0.00012756351498, 0.000136912291055, 5.72777389607e-05, 3.92646688852e-05, 3.43972933479e-05, 2.67627074209e-05, 2.26732736337e-05, 1.95698812604e-05, 1.24473590404e-05, 1.18135549201e-05, 1.46562115333e-05, 1.12145144158e-05, 8.68491224537e-06, 1.82638395927e-05, 2.28989938478e-05, 1.23509244077e-05, 9.1340561994e-06, 7.8614193626e-06, 9.41028156376e-06, 4.29276224168e-06, 3.33138154929e-06, 3.12354086418e-06, 3.01789350488e-06, 1.43599038438e-06, 9.28019403545e-07, 7.22211609627e-07, 4.87329828047e-07, 3.29374842067e-07, 2.95751021895e-07, 2.74452872873e-07, 2.07812234976e-07, 2.1259440075e-07, 1.61714069691e-07], "min": [4.70847724044e-24, 5.31456696253e-24, 9.02251692851e-24, 4.54215893478e-24, 7.20998041444e-24, 8.21332313346e-24, 1.42934575164e-23, 6.06705349141e-24, 1.60042964492e-23, 8.64945592896e-24, 5.1312388436e-24, 1.17398713788e-23, 1.10172669011e-23, 1.44781061885e-23, 1.18319211913e-23, 4.1074137456e-24, 5.04716717591e-24, 7.83982510497e-24, 1.38072020767e-23, 1.27378159227e-23, 8.7294819235e-24, 4.39890692198e-24, 9.43005036076e-24, 1.04749936596e-23, 8.08073060365e-24, 1.08793850589e-23, 7.48102592173e-24, 4.62443121073e-24, 1.29124105625e-23, 1.47162143864e-23, 1.1748644301e-23, 1.08256510095e-23, 7.22706871937e-24, 1.04700703787e-23, 8.5669245122e-24, 9.18366385651e-24, 1.05612161566e-23, 1.13211621542e-23, 1.47568517671e-23, 1.0916015815e-23], "var": [1.65339179148e-06, 6.20963646725e-06, 3.3785222513e-06, 3.91940420741e-06, 1.04293610548e-06, 4.87913439429e-07, 3.41660722825e-07, 2.09055826872e-07, 4.05240228929e-07, 7.32155811534e-08, 1.13303535443e-07, 3.00038962564e-08, 1.52127359598e-08, 8.6789837539e-09, 2.71759947879e-09, 1.15313802951e-09, 1.54954427067e-09, 2.45859821391e-09, 1.14070830559e-09, 6.08656680612e-10, 1.39042588554e-09, 1.76795877938e-09, 7.88970944132e-10, 2.93776447613e-10, 1.64030053429e-10, 1.75997036389e-10, 5.92187132664e-11, 5.05631612968e-11, 4.48970756406e-11, 5.03652015926e-11, 1.26939812828e-11, 9.39263163774e-12, 4.99570523838e-12, 2.86956634669e-12, 2.12626227389e-12, 1.91550161149e-12, 1.50588580234e-12, 7.99544892099e-13, 8.46614933107e-13, 5.05274695781e-13]}, "mfcc": {"mean": [-653.364685059, 122.149993896, -0.0741197243333, 34.4690284729, 4.88232278824, -1.72916579247, -0.941610813141, 1.18030154705, 1.90060186386, -2.40373301506, -2.62433743477, 1.63286066055, -3.33959984779], "cov": [[10685.5058594, 791.457763672, -562.128112793, 221.27053833, -326.763641357, -340.08215332, -249.083175659, -107.250221252, -150.250701904, -294.980987549, -94.5060958862, 7.97926950455, -48.7640838623], [791.457763672, 1087.3302002, -339.021118164, 157.87713623, -32.546962738, -103.457206726, -0.600840210915, -48.1534347534, -6.81546592712, -47.7175331116, -5.20243883133, -23.2331352234, 47.4429969788], [-562.128112793, -339.021118164, 637.884765625, 11.0389862061, 197.056030273, 169.494522095, 41.3938140869, 36.8035736084, 13.2380599976, 21.4667873383, -10.7156667709, 23.9797382355, -31.6747722626], [221.27053833, 157.87713623, 11.0389862061, 184.060424805, 51.1581192017, 47.665763855, 23.0117092133, 11.5253343582, 25.0719585419, 26.5702209473, 7.35003376007, 2.33643293381, -5.14097881317], [-326.763641357, -32.546962738, 197.056030273, 51.1581192017, 192.962356567, 110.397224426, 30.3809700012, -0.133844867349, 2.89482927322, 17.0163002014, 7.93319129944, 1.58540058136, -11.4408006668], [-340.08215332, -103.457206726, 169.494522095, 47.665763855, 110.397224426, 164.77746582, 54.6241455078, 23.2954826355, 16.7952289581, 28.9621315002, 4.52640247345, 3.08491563797, -8.06468296051], [-249.083175659, -0.600840210915, 41.3938140869, 23.0117092133, 30.3809700012, 54.6241455078, 106.70160675, 57.2120704651, 35.5773735046, 23.2456912994, 7.96651315689, 5.68877363205, 6.97190189362], [-107.250221252, -48.1534347534, 36.8035736084, 11.5253343582, -0.133844867349, 23.2954826355, 57.2120704651, 137.06477356, 70.2925109863, 31.2706832886, 8.37040519714, -6.86168718338, -31.4355068207], [-150.250701904, -6.81546592712, 13.2380599976, 25.0719585419, 2.89482927322, 16.7952289581, 35.5773735046, 70.2925109863, 105.32019043, 54.1473579407, 6.92130184174, -13.2780246735, -19.4185600281], [-294.980987549, -47.7175331116, 21.4667873383, 26.5702209473, 17.0163002014, 28.9621315002, 23.2456912994, 31.2706832886, 54.1473579407, 108.018211365, 38.0228424072, -2.81722807884, -16.8080043793], [-94.5060958862, -5.20243883133, -10.7156667709, 7.35003376007, 7.93319129944, 4.52640247345, 7.96651315689, 8.37040519714, 6.92130184174, 38.0228424072, 76.2448425293, 30.3563499451, -0.748356163502], [7.97926950455, -23.2331352234, 23.9797382355, 2.33643293381, 1.58540058136, 3.08491563797, 5.68877363205, -6.86168718338, -13.2780246735, -2.81722807884, 30.3563499451, 119.227287292, 53.26197052], [-48.7640838623, 47.4429969788, -31.6747722626, -5.14097881317, -11.4408006668, -8.06468296051, 6.97190189362, -31.4355068207, -19.4185600281, -16.8080043793, -0.748356163502, 53.26197052, 104.255226135]], "icov": [[0.000123468707898, -3.44554428011e-05, 1.72416876012e-05, -0.000249607022852, 0.000160909577971, 7.69573525758e-05, 0.000188393896678, -5.14892235515e-05, 4.94990672451e-05, 0.00029628694756, 3.16949735861e-05, -0.000101559409813, 0.0001709467615], [-3.44554428011e-05, 0.00154379988089, 0.000692568195518, -0.00143156957347, -0.000764341792092, 0.00112170295324, -0.00064458156703, 0.000435243156971, -0.000387476698961, 0.000846522510983, -0.000284280831693, 0.000556714017875, -0.000623740255833], [1.72416876012e-05, 0.000692568195518, 0.00312310853042, 0.000149840750964, -0.00248514511622, -0.00113486230839, 0.000252331257798, -0.000494474312291, -2.75792153843e-05, 0.000145338344737, 0.0012243995443, -0.00110607570969, 0.000714832916856], [-0.000249607022852, -0.00143156957347, 0.000149840750964, 0.00845125969499, -0.00134069356136, -0.00259632151574, -2.8556698453e-05, 6.48220302537e-05, -0.000982159515843, -0.00219863560051, 0.000674033537507, -0.000987932668068, 0.00064262066735], [0.000160909577971, -0.000764341792092, -0.00248514511622, -0.00134069356136, 0.0110718095675, -0.00489933183417, -8.98828147911e-06, 0.00149273592979, 0.000286186579615, 0.000635648495518, -0.00165976467542, 0.00057075539371, 0.000740935909562], [7.69573525758e-05, 0.00112170295324, -0.00113486230839, -0.00259632151574, -0.00489933183417, 0.0137189086527, -0.00473169703037, 0.000409657455748, 0.000734032713808, -0.00107799377292, 0.000702455581632, 0.000436077389168, -0.000238558466663], [0.000188393896678, -0.00064458156703, 0.000252331257798, -2.8556698453e-05, -8.98828147911e-06, -0.00473169703037, 0.0160242114216, -0.00633746339008, -0.000676810333971, -0.0001379721798, -0.000477133959066, 0.000269198149908, -0.00318206031807], [-5.14892235515e-05, 0.000435243156971, -0.000494474312291, 6.48220302537e-05, 0.00149273592979, 0.000409657455748, -0.00633746339008, 0.0147889489308, -0.00813713017851, 0.0018958033761, -0.000971711822785, -0.00112034613267, 0.00406476436183], [4.94990672451e-05, -0.000387476698961, -2.75792153843e-05, -0.000982159515843, 0.000286186579615, 0.000734032713808, -0.000676810333971, -0.00813713017851, 0.0194830521941, -0.0084221418947, 0.00313092512079, 0.000788948265836, -0.000286917900667], [0.00029628694756, 0.000846522510983, 0.000145338344737, -0.00219863560051, 0.000635648495518, -0.00107799377292, -0.0001379721798, 0.0018958033761, -0.0084221418947, 0.017932171002, -0.00834175013006, 0.00158763013314, 0.000707670755219], [3.16949735861e-05, -0.000284280831693, 0.0012243995443, 0.000674033537507, -0.00165976467542, 0.000702455581632, -0.000477133959066, -0.000971711822785, 0.00313092512079, -0.00834175013006, 0.0200651530176, -0.00660714088008, 0.00291833723895], [-0.000101559409813, 0.000556714017875, -0.00110607570969, -0.000987932668068, 0.00057075539371, 0.000436077389168, 0.000269198149908, -0.00112034613267, 0.000788948265836, 0.00158763013314, -0.00660714088008, 0.0138890566304, -0.00768522499129], [0.0001709467615, -0.000623740255833, 0.000714832916856, 0.00064262066735, 0.000740935909562, -0.000238558466663, -0.00318206031807, 0.00406476436183, -0.000286917900667, 0.000707670755219, 0.00291833723895, -0.00768522499129, 0.0157136209309]]}, "spectral_contrast_coeffs": {"dmean": [0.0487383641303, 0.0401543416083, 0.0367202199996, 0.0310171674937, 0.0258742645383, 0.0175852663815], "dmean2": [0.0796628966928, 0.0655074641109, 0.0566878318787, 0.0491694286466, 0.0413191057742, 0.028513751924], "dvar": [0.00193595467135, 0.00117345433682, 0.00107713439502, 0.000738391594496, 0.000621780345682, 0.000261841429165], "dvar2": [0.00498709594831, 0.00302305491641, 0.00248098908924, 0.0016875974834, 0.00143018842209, 0.000623794679996], "max": [-0.287974625826, -0.403390675783, -0.357462227345, -0.48099693656, -0.530335009098, -0.609454929829], "mean": [-0.625026106834, -0.68619030714, -0.713608264923, -0.754820585251, -0.74519765377, -0.752843439579], "median": [-0.630070865154, -0.684796750546, -0.707650184631, -0.75149333477, -0.742377102375, -0.751387476921], "min": [-0.9409943223, -0.987011432648, -0.948352098465, -0.961167812347, -0.957914471626, -0.958191633224], "var": [0.00716885691509, 0.00731517374516, 0.00871234852821, 0.00426498195156, 0.00364643149078, 0.00197908142582]}, "spectral_contrast_valleys": {"dmean": [0.389656662941, 0.366126775742, 0.362398058176, 0.359806537628, 0.325050234795, 0.41220125556], "dmean2": [0.624515652657, 0.591183781624, 0.561067819595, 0.534146428108, 0.465896219015, 0.556611537933], "dvar": [0.183390036225, 0.164743676782, 0.184273079038, 0.203818038106, 0.179149672389, 0.231776922941], "dvar2": [0.355867594481, 0.334339231253, 0.366354346275, 0.383044034243, 0.340436130762, 0.