{"lowlevel": {"average_loudness": 0.956017076969, "barkbands_crest": {"dmean": 2.71156597137, "dmean2": 4.49058628082, "dvar": 6.13157320023, "dvar2": 15.1293745041, "max": 25.5796318054, "mean": 10.4010305405, "median": 9.54385757446, "min": 2.31197857857, "var": 14.0726556778}, "barkbands_flatness_db": {"dmean": 0.0232546776533, "dmean2": 0.0345934405923, "dvar": 0.000412297231378, "dvar2": 0.000896835059393, "max": 0.449618726969, "mean": 0.15197044611, "median": 0.146485626698, "min": 0.0119869103655, "var": 0.00269593670964}, "barkbands_kurtosis": {"dmean": 4.47626924515, "dmean2": 7.06968450546, "dvar": 47.2547035217, "dvar2": 125.888885498, "max": 224.512069702, "mean": 11.4348688126, "median": 8.81618309021, "min": -1.89456260204, "var": 227.539230347}, "barkbands_skewness": {"dmean": 0.531369149685, "dmean2": 0.824438154697, "dvar": 0.256379634142, "dvar2": 0.615547776222, "max": 12.009929657, "mean": 2.69334197044, "median": 2.62981557846, "min": -5.63513851166, "var": 1.14981770515}, "barkbands_spread": {"dmean": 4.24882411957, "dmean2": 6.35146713257, "dvar": 23.19373703, "dvar2": 53.9184608459, "max": 110.355766296, "mean": 14.925122261, "median": 12.2958431244, "min": 0.429094731808, "var": 97.2495880127}, "dissonance": {"dmean": 0.0187929142267, "dmean2": 0.0300948731601, "dvar": 0.000291944365017, "dvar2": 0.000710893480573, "max": 0.499999046326, "mean": 0.453514873981, "median": 0.458965450525, "min": 0.213220134377, "var": 0.000901230494492}, "dynamic_complexity": 3.91227459908, "erbbands_crest": {"dmean": 1.89752662182, "dmean2": 3.08876633644, "dvar": 2.98869395256, "dvar2": 7.53014373779, "max": 22.6521873474, "mean": 7.22732877731, "median": 6.57095432281, "min": 2.20914912224, "var": 7.74346637726}, "erbbands_flatness_db": {"dmean": 0.0155602023005, "dmean2": 0.0218920148909, "dvar": 0.000235219966271, "dvar2": 0.000457830145024, "max": 0.378584593534, "mean": 0.13067920506, "median": 0.125143766403, "min": 0.0479317083955, "var": 0.00120459264144}, "erbbands_kurtosis": {"dmean": 0.790498197079, "dmean2": 1.21102178097, "dvar": 1.12212705612, "dvar2": 2.37339735031, "max": 44.9201889038, "mean": 0.187795311213, "median": -0.386324882507, "min": -1.78150010109, "var": 4.47517204285}, "erbbands_skewness": {"dmean": 0.33168426156, "dmean2": 0.487576067448, "dvar": 0.0845195129514, "dvar2": 0.177011981606, "max": 4.75223636627, "mean": 0.765555739403, "median": 0.738948822021, "min": -4.38900709152, "var": 0.402158588171}, "erbbands_spread": {"dmean": 9.11184692383, "dmean2": 13.0386333466, "dvar": 71.2110214233, "dvar2": 140.042190552, "max": 144.733261108, "mean": 53.619052887, "median": 52.5250701904, "min": 3.09540510178, "var": 348.531188965}, "hfc": {"dmean": 5.53176403046, "dmean2": 7.47290086746, "dvar": 87.3566818237, "dvar2": 170.278549194, "max": 100.095848083, "mean": 12.6182146072, "median": 8.48041725159, "min": 1.07983485737e-16, "var": 175.422653198}, "melbands_crest": {"dmean": 3.14674901962, "dmean2": 5.19198226929, "dvar": 7.94408988953, "dvar2": 20.1412448883, "max": 30.667432785, "mean": 13.6982288361, "median": 12.8931865692, "min": 1.36110651493, "var": 18.0903625488}, "melbands_flatness_db": {"dmean": 0.0270340815187, "dmean2": 0.0399374514818, "dvar": 0.000565952737816, "dvar2": 0.00120211928152, "max": 0.57718282938, "mean": 0.239831343293, "median": 0.235792189837, "min": 0.00102893752046, "var": 0.00421434175223}, "melbands_kurtosis": {"dmean": 10.420841217, "dmean2": 16.3123531342, "dvar": 126.033843994, "dvar2": 311.329437256, "max": 193.438247681, "mean": 28.8029327393, "median": 24.949432373, "min": -1.91774177551, "var": 343.323120117}, "melbands_skewness": {"dmean": 0.791291892529, "dmean2": 1.2164529562, "dvar": 0.520078599453, "dvar2": 1.20880448818, "max": 11.049074173, "mean": 4.04021787643, "median": 3.97570538521, "min": -2.16468763351, "var": 1.54752016068}, "melbands_spread": {"dmean": 3.46086239815, "dmean2": 5.33565473557, "dvar": 44.5914344788, "dvar2": 109.087387085, "max": 295.351745605, "mean": 11.3392772675, "median": 8.81593799591, "min": 0.494994401932, "var": 143.858200073}, "pitch_salience": {"dmean": 0.0772432237864, "dmean2": 0.12780956924, "dvar": 0.00503828283399, "dvar2": 0.0136777972803, "max": 0.952257454395, "mean": 0.627410948277, "median": 0.644780695438, "min": 0.113759122789, "var": 0.0126180732623}, "silence_rate_20dB": {"dmean": 0, "dmean2": 0, "dvar": 0, "dvar2": 0, "max": 1, "mean": 1, "median": 1, "min": 1, "var": 0}, "silence_rate_30dB": {"dmean": 0.000519818044268, "dmean2": 0.00103977124672, "dvar": 0.000519520544913, "dvar2": 0.00155846623238, "max": 1, "mean": 0.999740123749, "median": 1, "min": 0, "var": 0.000259834807366}, "silence_rate_60dB": {"dmean": 0.0168940871954, "dmean2": 0.0337925665081, "dvar": 0.0166073814034, "dvar2": 0.0396702811122, "max": 1, "mean": 0.0843295231462, "median": 0, "min": 0, "var": 0.0772167667747}, "spectral_centroid": {"dmean": 193.201065063, "dmean2": 288.664459229, "dvar": 58277.8867188, "dvar2": 112568.851562, "max": 11411.1660156, "mean": 885.457092285, "median": 757.953613281, "min": 140.424621582, "var": 420123.78125}, "spectral_complexity": {"dmean": 4.51332044601, "dmean2": 6.41954755783, "dvar": 41.0368537903, "dvar2": 69.4818344116, "max": 59, "mean": 14.6170740128, "median": 12, "min": 0, "var": 99.4979782104}, "spectral_decrease": {"dmean": 3.15657744387e-09, "dmean2": 4.87117901571e-09, "dvar": 1.96870011492e-17, "dvar2": 4.65362018804e-17, "max": 1.37350137508e-28, "mean": -7.17932335803e-09, "median": -5.95402127601e-09, "min": -3.86983920464e-08, "var": 3.27672743499e-17}, "spectral_energy": {"dmean": 0.0123251760378, "dmean2": 0.0189175382257, "dvar": 0.000301589956507, "dvar2": 0.00070638168836, "max": 0.148639902472, "mean": 0.0282410085201, "median": 0.0233434550464, "min": 1.00291109472e-20, "var": 0.000508891127538}, "spectral_energyband_high": {"dmean": 0.000356260716217, "dmean2": 0.000477124267491, "dvar": 4.47566435469e-07, "dvar2": 8.31796342027e-07, "max": 0.00764330802485, "mean": 0.00067288504215, "median": 0.000277334154816, "min": 7.25477544549e-21, "var": 1.01458408608e-06}, "spectral_energyband_low": {"dmean": 0.00683296425268, "dmean2": 0.0111961709335, "dvar": 0.000137027338496, "dvar2": 0.000356413278496, "max": 0.128437533975, "mean": 0.011121135205, "median": 0.00780411763117, "min": 1.90119454017e-23, "var": 0.00015473246458}, "spectral_energyband_middle_high": {"dmean": 0.000912260031328, "dmean2": 0.00130968482699, "dvar": 2.62650087279e-06, "dvar2": 5.79957122682e-06, "max": 0.0202257372439, "mean": 0.00167356210295, "median": 0.00105454772711, "min": 1.25384566356e-21, "var": 3.94884955313e-06}, "spectral_energyband_middle_low": {"dmean": 0.00725954957306, "dmean2": 0.0112318610772, "dvar": 0.00014908684534, "dvar2": 0.000353027513484, "max": 0.113199420273, "mean": 0.0157703272998, "median": 0.0124923111871, "min": 2.04660899426e-22, "var": 0.000222074915655}, "spectral_entropy": {"dmean": 0.181065618992, "dmean2": 0.254986464977, "dvar": 0.030976222828, "dvar2": 0.0579689107835, "max": 9.81655502319, "mean": 7.39549541473, "median": 7.43246269226, "min": 4.97076892853, "var": 0.208338037133}, "spectral_flux": {"dmean": 0.0299824438989, "dmean2": 0.0483105964959, "dvar": 0.00134762411471, "dvar2": 0.00299788382836, "max": 0.341255635023, "mean": 0.0781216919422, "median": 0.065583512187, "min": 6.4194850824e-11, "var": 0.00273435399868}, "spectral_kurtosis": {"dmean": 1.30143928528, "dmean2": 2.10898065567, "dvar": 5.20132398605, "dvar2": 13.1448068619, "max": 64.5945587158, "mean": 3.81709432602, "median": 3.05842494965, "min": -1.25029778481, "var": 13.6352233887}, "spectral_rms": {"dmean": 0.00102474645246, "dmean2": 0.0015132430708, "dvar": 1.43797808505e-06, "dvar2": 3.15246643368e-06, "max": 0.0120421983302, "mean": 0.00479116337374, "median": 0.00477222213522, "min": 3.12801824373e-12, "var": 4.59680495624e-06}, "spectral_rolloff": {"dmean": 240.481826782, "dmean2": 407.838623047, "dvar": 379857.34375, "dvar2": 991140.875, "max": 19595.2148438, "mean": 655.521606445, "median": 387.59765625, "min": 64.599609375, "var": 1600962.75}, "spectral_skewness": {"dmean": 0.205580160022, "dmean2": 0.313390791416, "dvar": 0.0542827732861, "dvar2": 0.121263369918, "max": 6.03656196594, "mean": 1.52666866779, "median": 1.4712228775, "min": -0.248579308391, "var": 0.26803573966}, "spectral_spread": {"dmean": 649604.375, "dmean2": 926919.3125, "dvar": 770026635264, "dvar2": 1785715228670.0, "max": 42298276, "mean": 5118108.5, "median": 4975525, "min": 882811.8125, "var": 4181251325950.0}, "spectral_strongpeak": {"dmean": 0.277783453465, "dmean2": 0.466911554337, "dvar": 0.108850002289, "dvar2": 0.269059747458, "max": 4.54809761047, "mean": 0.474577218294, "median": 0.356897383928, "min": 0, "var": 0.171448230743}, "zerocrossingrate": {"dmean": 0.00886857043952, "dmean2": 0.0112298978493, "dvar": 0.000119035066746, "dvar2": 0.000218810338993, "max": 0.521484375, "mean": 0.0470551252365, "median": 0.0390625, "min": 0.00244140625, "var": 0.00171187066007}, "barkbands": {"dmean": [0.000306239933707, 0.00491820089519, 0.00251301494427, 0.00175521301571, 0.00511923944578, 0.00137923948932, 0.000661524652969, 0.000359117082553, 0.000234132821788, 0.000128679690533, 0.000176862973603, 0.000110750355816, 0.000109386855911, 0.000118059695524, 9.7998403362e-05, 8.89776056283e-05, 0.000109351421997, 0.000122363373521, 0.000119651012938, 0.000120499127661, 0.000102854632132, 8.74817924341e-05, 5.1211387472e-05, 3.71721289412e-05, 5.92203505221e-05, 1.1438756701e-05, 2.15442059925e-06], "dmean2": [0.000462485011667, 0.00820184778422, 0.00423340545967, 0.00301853450947, 0.00823229365051, 0.0021202287171, 0.00101516977884, 0.000528717995621, 0.000340732745826, 0.000193897256395, 0.000279121944914, 0.000179783033673, 0.000165612058481, 0.000189213329577, 0.000156394278747, 0.00014002455282, 0.000165464633028, 0.000187567973626, 0.000182707532076, 0.000182808173122, 0.000151290863869, 0.000127136809169, 7.07088402123e-05, 5.30558027094e-05, 8.55401303852e-05, 1.67421057995e-05, 3.36524021805e-06], "dvar": [1.46249476529e-07, 7.69492762629e-05, 2.12437462324e-05, 5.81391304877e-06, 0.000105977291241, 3.61142679139e-06, 1.10820928967e-06, 2.53350492585e-07, 1.69810348893e-07, 4.82414428404e-08, 1.30896893324e-07, 4.95118115396e-08, 4.8249042095e-08, 4.4586407455e-08, 4.62705820325e-08, 2.99720888108e-08, 5.42773115342e-08, 7.57506839477e-08, 5.16852871613e-08, 6.84732697209e-08, 4.21873096457e-08, 2.71888911385e-08, 1.03305355381e-08, 5.05179142962e-09, 1.06770778885e-08, 6.27927654318e-10, 3.78131935486e-11], "dvar2": [3.59896489499e-07, 0.000205182557693, 5.78818799113e-05, 1.6794723706e-05, 0.000254148122622, 8.45506292535e-06, 2.68686949312e-06, 5.46061528439e-07, 3.54855131945e-07, 1.08292361745e-07, 3.35234489057e-07, 1.26418044033e-07, 1.07152771989e-07, 1.07478612676e-07, 1.19585152447e-07, 6.77779823377e-08, 1.06031649239e-07, 1.68187312966e-07, 1.13319998718e-07, 1.50946760868e-07, 8.5808359529e-08, 5.76498528915e-08, 1.94831510925e-08, 1.07078363953e-08, 2.33945627315e-08, 1.46693934777e-09, 9.40742206357e-11], "max": [0.00453829206526, 0.0851187258959, 0.0457593128085, 0.0351876243949, 0.0948949158192, 0.0320532098413, 0.0153211811557, 0.00712282303721, 0.00883496459574, 0.00488351797685, 0.00516949873418, 0.00326131819747, 0.00344130257145, 0.00244079926051, 0.00461312383413, 0.00271535897627, 0.00402092980221, 0.00316086341627, 0.00330988271162, 0.00269629992545, 0.00238703400828, 0.00210478552617, 0.00120276701637, 0.00101477687713, 0.00216977903619, 0.000521551584825, 0.000177749621798], "mean": [0.000401937024435, 0.00637244898826, 0.003406008007, 0.00324027868919, 0.00780802732334, 0.00267737614922, 0.00099549361039, 0.00056057155598, 0.000382293743314, 0.0001998769294, 0.000256393279415, 0.000155848349095, 0.00016359280562, 0.000154959270731, 0.000137625189382, 0.000116887014883, 0.000147526545334, 0.000148208375322, 0.000177640191396, 0.000164527635206, 0.000180170201929, 0.000153299333761, 7.96636377345e-05, 5.67286224396e-05, 8.43345551402e-05, 1.66496974998e-05, 2.62796947936e-06], "median": [0.000251422694419, 0.00351406726986, 0.00183092872612, 0.00252361828461, 0.00449967198074, 0.00177300022915, 0.000577308528591, 0.000335491960868, 0.000208156634471, 0.000103472397313, 0.000123770281789, 7.12970941095e-05, 7.17721704859e-05, 6.93982292432e-05, 7.12398905307e-05, 5.01080648974e-05, 5.89171395404e-05, 5.08645316586e-05, 7.61348346714e-05, 5.75769954594e-05, 6.92723187967e-05, 6.00436178502e-05, 1.84251293831e-05, 1.210409755e-05, 2.79447885987e-05, 3.2460861803e-06, 4.55644340036e-07], "min": [3.69544809836e-24, 7.23531310469e-24, 4.61155611329e-25, 1.14315884814e-24, 2.24961846702e-23, 8.96917336524e-24, 9.81818333676e-24, 7.15547012589e-24, 4.63249826012e-23, 2.26209682659e-23, 3.10993360417e-23, 3.52921569965e-23, 3.99784009812e-23, 6.53425794025e-23, 3.93249464727e-23, 9.74484167623e-23, 7.07013683296e-23, 7.4201771358e-23, 1.77539268281e-22, 1.82167306952e-22, 2.96241983345e-22, 3.98384273955e-22, 4.15380048655e-22, 6.83510083807e-22, 1.01290578316e-21, 1.46787309347e-21, 2.06569940292e-21], "var": [2.08539290725e-07, 7.91419370216e-05, 2.20970578084e-05, 9.90971057035e-06, 0.000126042985357, 8.95033736015e-06, 1.57987858529e-06, 4.51156239478e-07, 2.96106549058e-07, 8.61282458686e-08, 1.60404951544e-07, 6.207623926e-08, 7.35890424153e-08, 5.71755194301e-08, 5.09301223417e-08, 3.66853463163e-08, 7.95682097987e-08, 8.77524257703e-08, 7.80877869033e-08, 9.13369504474e-08, 8.26714483537e-08, 5.87988751022e-08, 2.19765698972e-08, 9.99275684421e-09, 1.95364879829e-08, 1.08270903354e-09, 3.98628179077e-11]}, "erbbands": {"dmean": [0.0940130054951, 1.28049492836, 2.85046362877, 3.85171437263, 16.7331352234, 14.6490421295, 8.35903358459, 13.4017477036, 10.5582027435, 8.07651424408, 7.24663639069, 5.70968055725, 4.36892271042, 3.52611470222, 8.31119728088, 4.48879909515, 4.93025636673, 5.89309835434, 5.31120443344, 5.06295156479, 4.63366985321, 6.09683561325, 6.41079425812, 6.14254999161, 6.28667831421, 5.74785137177, 4.60640859604, 3.85571217537, 3.54585504532, 2.12009429932, 1.35663020611, 0.934918701649, 0.745661377907, 0.881690323353, 0.186060547829, 0.0622131787241, 0.0186563283205, 0.00383317423984, 0.000392874062527, 2.93842404062e-05], "dmean2": [0.151173681021, 2.16056537628, 4.86807632446, 6.39886331558, 27.311876297, 23.6871891022, 13.1005964279, 20.5489826202, 15.8928890228, 12.3140773773, 10.5125904083, 8.21952056885, 6.48729085922, 5.42667198181, 13.3388462067, 6.94788599014, 7.46931505203, 9.14939975739, 8.63932037354, 7.89611053467, 7.08452367783, 9.12179470062, 9.75864124298, 9.31000423431, 9.72003650665, 8.80683326721, 6.81195926666, 5.69400930405, 5.23879289627, 2.92597746849, 1.86555576324, 1.36186170578, 1.04792976379, 1.2652027607, 0.270742863417, 0.0922534167767, 0.0275295432657, 0.00583453336731, 0.000611230265349, 4.3230735173e-05], "dvar": [0.0260984264314, 5.40401077271, 32.7340545654, 21.8169612885, 1237.97558594, 685.032958984, 127.389556885, 411.481292725, 292.406738281, 134.307266235, 99.8649520874, 113.047874451, 64.4125213623, 31.9800376892, 371.473937988, 66.8203659058, 97.4732208252, 101.341567993, 139.464508057, 123.347938538, 68.4920806885, 180.725463867, 194.870391846, 144.658401489, 151.039779663, 162.002731323, 85.1659545898, 66.097946167, 44.5115623474, 18.5703964233, 7.32242536545, 3.62156462669, 1.52605032921, 2.43415689468, 0.127562314272, 0.0189409125596, 0.00167353486177, 6.65871411911e-05, 1.22176106743e-06, 4.34213065503e-09], "dvar2": [0.067753918469, 14.5703802109, 89.8854293823, 58.2119903564, 3067.55737305, 1670.39733887, 303.102416992, 951.545043945, 676.327331543, 308.359130859, 218.618362427, 226.966796875, 139.179748535, 75.3409729004, 981.893371582, 152.846389771, 218.154083252, 229.649581909, 370.375457764, 291.352874756, 144.932006836, 350.011901855, 422.936218262, 325.76461792, 338.930145264, 357.51864624, 174.623794556, 140.609237671, 96.455657959, 35.0333786011, 14.4692792892, 7.95345497131, 2.99810910225, 5.24251937866, 0.297238081694, 0.044499527663, 0.00384264462627, 0.000161431133165, 3.10933046421e-06, 1.06152846513e-08], "max": [1.56362867355, 22.890422821, 59.5931587219, 57.6944999695, 302.127166748, 293.198242188, 212.781707764, 403.963409424, 373.287994385, 199.294128418, 162.230239868, 249.015701294, 189.854370117, 105.346939087, 276.877716064, 144.543334961, 153.430450439, 135.816879272, 276.223754883, 143.245956421, 100.801528931, 232.314147949, 164.899734497, 152.701568604, 182.708267212, 140.749893188, 144.84564209, 114.349060059, 72.3311920166, 67.9347076416, 30.6845722198, 22.587228775, 21.3628520966, 31.2842693329, 6.05121517181, 2.28942942619, 0.85347276926, 0.193974167109, 0.0352245084941, 0.00236185383983], "mean": [0.13556496799, 1.60785746574, 3.79239249229, 7.64034843445, 24.1640338898, 23.0762214661, 16.4471225739, 25.5382652283, 17.2164325714, 12.8578586578, 11.1630973816, 9.73099994659, 7.12936306, 5.89728879929, 11.2753715515, 7.20044708252, 7.57775306702, 8.81035614014, 7.32577753067, 6.67387771606, 6.63848924637, 8.17676258087, 8.01820755005, 8.47245311737, 8.91135501862, 7.91020107269, 7.72718763351, 6.70683097839, 5.97291278839, 3.56348609924, 2.11528015137, 1.36645925045, 1.1694933176, 1.24493324757, 0.277073413134, 0.0883512571454, 0.0269765276462, 0.00530502153561, 0.000484221294755, 5.54948019271e-05], "median": [0.0757276266813, 0.873915910721, 2.24338293076, 6.66754627228, 13.4700565338, 14.6114463806, 12.1619548798, 15.0381889343, 10.4629116058, 8.03917980194, 6.58957004547, 5.44874477386, 3.75721740723, 3.64346027374, 4.78105068207, 3.66062188148, 3.64642095566, 4.79532432556, 3.89686489105, 3.10916852951, 3.15140247345, 3.19666695595, 2.8562951088, 3.35558342934, 3.67048311234, 2.74102044106, 2.94140672684, 2.61325407028, 2.3674557209, 0.967750906944, 0.499012470245, 0.297977745533, 0.351118355989, 0.416832506657, 0.0776328742504, 0.014255755581, 0.00510891759768, 0.00151290488429, 9.97493698378e-05, 3.35673976224e-05], "min": [2.34695636121e-22, 1.65575729434e-21, 2.66041500031e-21, 7.14686876523e-21, 3.26507865626e-20, 7.95173569609e-20, 6.18638298865e-20, 6.5171964263e-20, 1.36906223744e-19, 2.30780004632e-19, 7.41213179056e-19, 8.47233900444e-19, 6.77016518897e-19, 7.60183687526e-19, 1.77371842441e-18, 1.02616252782e-18, 1.96516131218e-18, 3.25765107842e-18, 2.5790145263e-18, 4.27391856156e-18, 5.60435420443e-18, 4.55121183676e-18, 4.08288243986e-18, 6.05573839289e-18, 1.02684604784e-17, 8.01111767394e-18, 1.12601218198e-17, 1.26509755618e-17, 1.44263359398e-17, 1.35137944239e-17, 1.33079910603e-17, 1.06398248687e-17, 1.11284164683e-17, 1.045228069e-17, 7.79628397961e-18, 4.55536676498e-18, 2.52325490159e-18, 1.11277805732e-18, 2.83218938619e-19, 2.91705372264e-20], "var": [0.0320879071951, 5.25107717514, 28.9123668671, 40.6095428467, 1416.00061035, 819.036315918, 261.786987305, 1077.22583008, 460.624053955, 224.811721802, 170.503707886, 207.923187256, 118.135063171, 55.8893089294, 396.822784424, 115.419616699, 145.342697144, 153.463729858, 142.512786865, 137.18371582, 97.1076278687, 261.725036621, 238.14289856, 194.301147461, 210.069595337, 217.606811523, 156.558563232, 116.441123962, 88.1608428955, 42.5548820496, 15.3467655182, 6.10401535034, 3.56611561775, 4.4887714386, 0.213378340006, 0.0312167946249, 0.0029139907565, 9.3979491794e-05, 1.23944744246e-06, 5.41861844283e-09]}, "gfcc": {"mean": [-36.4198989868, 105.876220703, -89.4713134766, 46.3786201477, -58.5998573303, 5.78669881821, -36.5992736816, 0.326628744602, -25.3711986542, 3.37906980515, -13.7753705978, -2.96981334686, -7.34252262115], "cov": [[25700.5117188, -861.146850586, -938.915710449, 999.885681152, -797.192932129, 337.341400146, -915.08972168, -121.456954956, -831.586608887, 6.90654182434, -235.164230347, 217.727905273, -32.5052108765], [-861.146850586, 1126.57885742, -153.422790527, 13.5571813583, 151.632476807, -114.632659912, 206.395080566, -90.8356018066, 104.784164429, -17.9889030457, 71.9732818604, -79.1961517334, 75.9337081909], [-938.915710449, -153.422790527, 456.620697021, -101.507789612, 109.60987854, 107.032196045, 2.7395157814, 95.9712982178, 6.764960289, 6.62838506699, -0.399497032166, 5.81951618195, -23.0699214935], [999.885681152, 13.5571813583, -101.507789612, 258.521697998, -36.1293563843, 3.3116106987, -1.3339868784, -28.165309906, -1.74047780037, -4.16028881073, -3.45361399651, -8.74778842926, 22.6234798431], [-797.192932129, 151.632476807, 109.60987854, -36.1293563843, 198.286407471, 45.4671669006, 66.633605957, 7.95881032944, 22.8205509186, -3.01765584946, 17.0706176758, -5.37076663971, 4.63827419281], [337.341400146, -114.632659912, 107.032196045, 3.3116106987, 45.4671669006, 163.726119995, 3.4517095089, 36.8674507141, -25.5813827515, 7.59928750992, 2.12539887428, 3.83668804169, 7.12824296951], [-915.08972168, 206.395080566, 2.7395157814, -1.3339868784, 66.633605957, 3.4517095089, 153.334655762, 1.0326769352, 50.6110496521, 4.1351146698, 13.7778205872, -14.2816181183, 11.1271820068], [-121.456954956, -90.8356018066, 95.9712982178, -28.165309906, 7.95881032944, 36.8674507141, 1.0326769352, 103.976119995, 17.7342510223, -3.25163531303, 0.570665955544, -1.31502890587, -6.62500524521], [-831.586608887, 104.784164429, 6.764960289, -1.74047780037, 22.8205509186, -25.5813827515, 50.6110496521, 17.7342510223, 94.9325866699, 21.2741165161, 20.1854324341, -10.8562555313, 9.74097824097], [6.90654182434, -17.9889030457, 6.62838506699, -4.16028881073, -3.01765584946, 7.59928750992, 4.1351146698, -3.25163531303, 21.2741165161, 64.0386047363, 21.165802002, 10.0458402634, 1.69897186756], [-235.164230347, 71.9732818604, -0.399497032166, -3.45361399651, 17.0706176758, 2.12539887428, 13.7778205872, 0.570665955544, 20.1854324341, 21.165802002, 70.1205825806, 12.7714834213, 20.4368953705], [217.727905273, -79.1961517334, 5.81951618195, -8.74778842926, -5.37076663971, 3.83668804169, -14.2816181183, -1.31502890587, -10.8562555313, 10.0458402634, 12.7714834213, 60.2102203369, 6.23908233643], [-32.5052108765, 75.9337081909, -23.0699214935, 22.6234798431, 4.63827419281, 7.12824296951, 11.1271820068, -6.62500524521, 9.74097824097, 1.69897186756, 20.4368953705, 6.23908233643, 66.9028778076]], "icov": [[0.000125051185023, -0.000270635791821, 0.000209013247513, -0.000432095635915, 0.000249746924965, -0.000401226978283, 0.000615898519754, -0.000441400334239, 0.000880653911736, -0.00049327960005, 0.000433911627624, -0.000585978501476, 0.000271805532975], [-0.000270635791821, 0.00265980209224, -7.96077220002e-05, 0.00112659553997, -0.00175080995541, 0.00209955824539, -0.0030336487107, 0.00218141335063, -0.00231244903989, 0.0019325807225, -0.00259468122385, 0.00372640718706, -0.00220778817311], [0.000209013247513, -7.96077220002e-05, 0.00414079707116, 0.000197266039322, -0.00153974501882, -0.00193796062376, 0.00144224462565, -0.00297995912842, 0.0011215301929, -0.0010951438453, 0.000861406908371, -0.00087178737158, 0.001014008536], [-0.000432095635915, 0.00112659553997, 0.000197266039322, 0.00604600133374, -0.000352226255927, 0.000396422954509, -0.00222001853399, 0.00243726186454, -0.00367287616245, 0.00219495035708, -0.00128005375154, 0.00285176257603, -0.00226819957606], [0.000249746924965, -0.00175080995541, -0.00153974501882, -0.000352226255927, 0.00885804276913, -0.00318384030834, -0.000563626585063, 0.000479350244859, 0.000864430330694, 0.000434338231571, 0.000249421776971, -0.00237085903063, 0.00157097936608], [-0.000401226978283, 0.00209955824539, -0.00193796062376, 0.000396422954509, -0.00318384030834, 0.0112594729289, -0.00378457223997, -0.00095641054213, 0.00177796313073, -0.000803846400231, -0.0021818683017, 0.00384394079447, -0.00375483185053], [0.000615898519754, -0.0030336487107, 0.00144224462565, -0.00222001853399, -0.000563626585063, -0.00378457223997, 0.0138310166076, -0.00260907527991, -2.74254070973e-05, -0.002390203299, 0.00340250018053, -0.00382644613273, 0.00225617131218], [-0.000441400334239, 0.00218141335063, -0.00297995912842, 0.00243726186454, 0.000479350244859, -0.00095641054213, -0.00260907527991, 0.0163238421082, -0.00818692706525, 0.00547703634948, -0.00299524283037, 0.00327307474799, -0.000760358874686], [0.000880653911736, -0.00231244903989, 0.0011215301929, -0.00367287616245, 0.000864430330694, 0.00177796313073, -2.74254070973e-05, -0.00818692706525, 0.0242839045823, -0.00993664562702, 0.00117768952623, -0.001313983812, 0.000105105769762], [-0.00049327960005, 0.0019325807225, -0.0010951438453, 0.00219495035708, 0.000434338231571, -0.000803846400231, -0.002390203299, 0.00547703634948, -0.00993664562702, 0.0226972457021, -0.0074011371471, 0.000328164052917, 0.000543056870811], [0.000433911627624, -0.00259468122385, 0.000861406908371, -0.00128005375154, 0.000249421776971, -0.0021818683017, 0.00340250018053, -0.00299524283037, 0.00117768952623, -0.0074011371471, 0.0216778833419, -0.00722011178732, -0.00269386055879], [-0.000585978501476, 0.00372640718706, -0.00087178737158, 0.00285176257603, -0.00237085903063, 0.00384394079447, -0.00382644613273, 0.00327307474799, -0.001313983812, 0.000328164052917, -0.00722011178732, 0.0245895758271, -0.00496833724901], [0.000271805532975, -0.00220778817311, 0.001014008536, -0.00226819957606, 0.00157097936608, -0.00375483185053, 0.00225617131218, -0.000760358874686, 0.000105105769762, 0.000543056870811, -0.00269386055879, -0.00496833724901, 0.0197993032634]]}, "melbands": {"dmean": [0.00115796388127, 0.00154358684085, 0.000958252698183, 0.00128871691413, 0.000318809266901, 0.000286295224214, 0.000157449947437, 8.45012327773e-05, 5.78127837798e-05, 3.52191163984e-05, 2.13411585719e-05, 1.3762603885e-05, 2.45424689638e-05, 1.66736608662e-05, 9.40339759836e-06, 1.20735694509e-05, 1.16093260658e-05, 8.80060179043e-06, 7.16868134987e-06, 7.01642920831e-06, 5.50309596292e-06, 6.53175220577e-06, 6.14172131463e-06, 5.63852336199e-06, 5.07111235493e-06, 4.79930622532e-06, 4.09988797401e-06, 3.9966434997e-06, 3.074477263e-06, 2.7885344025e-06, 2.20928700401e-06, 2.13137172977e-06, 1.71273620708e-06, 1.06478353246e-06, 7.74449063101e-07, 8.18479520603e-07, 5.00598105191e-07, 3.88400934526e-07, 1.05402455119e-06, 6.38194308067e-07], "dmean2": [0.00190498109441, 0.00259660719894, 0.00159166485537, 0.00209926255047, 0.000503394752741, 0.000437648734078, 0.000237296539126, 0.000128168845549, 8.45487302286e-05, 5.06775504618e-05, 3.19382925227e-05, 2.12703616853e-05, 3.93114423787e-05, 2.67684972641e-05, 1.44642590385e-05, 1.81560244528e-05, 1.83575793926e-05, 1.44788391481e-05, 1.13953165055e-05, 1.11127410491e-05, 8.51398090163e-06, 9.90903208731e-06, 9.33858700591e-06, 8.61167609401e-06, 7.81198468758e-06, 7.37053369448e-06, 6.33127501715e-06, 6.18458079771e-06, 4.59909824713e-06, 4.21721233579e-06, 3.34712763106e-06, 3.27200837091e-06, 2.48230549005e-06, 1.51556093897e-06, 1.08121264475e-06, 1.20071399579e-06, 7.51345112349e-07, 5.54882092274e-07, 1.53938879066e-06, 9.17511783882e-07], "dvar": [4.07121615353e-06, 8.67614198796e-06, 1.95965935745e-06, 7.21762216926e-06, 1.81020610057e-07, 1.74315815116e-07, 6.26700469297e-08, 1.44505225563e-08, 6.59898180544e-09, 4.83446616073e-09, 1.57760426944e-09, 4.95461949246e-10, 2.96311020165e-09, 1.19429610645e-09, 2.55842319552e-10, 6.75712985565e-10, 3.80048770232e-10, 3.83815978999e-10, 2.09448694499e-10, 2.15974044204e-10, 9.41984407143e-11, 2.03928748888e-10, 1.94852661783e-10, 1.63196733904e-10, 9.53232909273e-11, 9.43451705648e-11, 7.18040210623e-11, 7.77868533475e-11, 4.0346708613e-11, 3.32137754799e-11, 2.09400309592e-11, 1.67788387351e-11, 1.1132707603e-11, 5.16003212381e-12, 2.68040754522e-12, 2.41994271843e-12, 1.10215504258e-12, 4.9917042071e-13, 3.7343513698e-12, 1.29213686192e-12], "dvar2": [1.07831701825e-05, 2.34487233683e-05, 5.14397106599e-06, 1.7478789232e-05, 4.43123326477e-07, 4.03752608236e-07, 1.46578571503e-07, 3.24937161622e-08, 1.48123930899e-08, 9.66667901281e-09, 3.45088224663e-09, 1.17137211042e-09, 7.79846409671e-09, 3.15982284782e-09, 5.95291649308e-10, 1.4648073865e-09, 8.94487817149e-10, 1.02054353857e-09, 5.06242270326e-10, 5.0984777511e-10, 2.02699704244e-10, 3.93971771873e-10, 4.18276191461e-10, 3.67094493692e-10, 2.20467380463e-10, 2.13714712594e-10, 1.65203392632e-10, 1.72928282804e-10, 8.51313602945e-11, 7.03291244686e-11, 4.64046127913e-11, 3.89833651471e-11, 2.27620405163e-11, 9.99321111972e-12, 5.52891673417e-12, 5.13408326269e-12, 2.52180849987e-12, 1.03558947442e-12, 8.34020526252e-12, 2.8566120823e-12], "max": [0.0191116817296, 0.0322853140533, 0.016545496881, 0.0255971774459, 0.00742697063833, 0.00777445593849, 0.00514861056581, 0.00195488613099, 0.00137247971725, 0.00166572688613, 0.000934326322749, 0.000388048938476, 0.000742564036045, 0.000497061118949, 0.000229979443247, 0.000451628526207, 0.000239601999056, 0.000437151262304, 0.000241902307607, 0.000212120969081, 0.000140835807542, 0.000246766547207, 0.000183322816156, 0.000148160601384, 0.000125512728118, 0.00018014262605, 8.27871990623e-05, 9.96073213173e-05, 9.47212756728e-05, 9.3147980806e-05, 5.80891464779e-05, 5.33507372893e-05, 4.0724673454e-05, 3.54983276338e-05, 2.05651776923e-05, 1.8736705897e-05, 1.28843157654e-05, 1.72687196027e-05, 5.00922724314e-05, 2.04558527912e-05], "mean": [0.0015745467972, 0.00211953977123, 0.001833774033, 0.00187796517275, 0.000646276457701, 0.000544752809219, 0.000253664911725, 0.000134951143991, 8.66024129209e-05, 5.91225762037e-05, 3.36705670634e-05, 2.17195793084e-05, 3.34019096044e-05, 2.40922108787e-05, 1.45659278132e-05, 1.77505844476e-05, 1.632196836e-05, 1.13073347165e-05, 9.81456287263e-06, 8.63355762704e-06, 7.72725979914e-06, 8.70796884556e-06, 7.54692200644e-06, 6.767960258e-06, 6.81836127114e-06, 6.81678147885e-06, 5.31041359864e-06, 5.31176920049e-06, 4.82101813759e-06, 4.54951714346e-06, 3.59756609214e-06, 3.43691181115e-06, 2.75964134744e-06, 1.67689131558e-06, 1.16958005947e-06, 1.160433726e-06, 6.97540997407e-07, 6.06940261605e-07, 1.38304869779e-06, 9.11850861485e-07], "median": [0.000874158344232, 0.00133054563776, 0.00149911665358, 0.00107481027953, 0.00048152951058, 0.000338117824867, 0.000154657085659, 8.47925184644e-05, 4.92378894705e-05, 3.09622737404e-05, 1.73047010321e-05, 1.22033970911e-05, 1.50019268403e-05, 1.24970119941e-05, 7.50030267227e-06, 6.91841523803e-06, 7.87207955e-06, 5.57678595214e-06, 5.01033036926e-06, 3.33432990374e-06, 3.60215130968e-06, 3.403250048e-06, 2.53699454333e-06, 2.3500278985e-06, 2.61599825535e-06, 2.87201123683e-06, 1.93416349248e-06, 1.73377577539e-06, 1.80343340617e-06, 1.58791738158e-06, 1.37754022944e-06, 1.28331510041e-06, 9.81425614555e-07, 3.28657051796e-07, 2.38878783421e-07, 3.0218137681e-07, 1.20485040611e-07, 1.29741437149e-07, 4.30600920254e-07, 3.07796653942e-07], "min": [2.66953370226e-24, 2.94153037858e-24, 1.58232126395e-24, 3.51635892351e-24, 2.26687878307e-24, 1.67926300009e-24, 2.18702239363e-24, 3.07576630287e-24, 5.99761913782e-24, 5.69993064232e-24, 3.22437941438e-24, 2.9093533339e-24, 5.79966080454e-24, 4.28052572138e-24, 3.72981166825e-24, 3.89990033461e-24, 6.13291469952e-24, 4.31867148488e-24, 5.24876373569e-24, 5.102658413e-24, 5.93824354964e-24, 4.09650301042e-24, 3.33467715729e-24, 3.8299358665e-24, 3.87735981754e-24, 6.12650520467e-24, 6.10573213045e-24, 4.73199831162e-24, 6.75053835691e-24, 6.19589064888e-24, 6.52691482851e-24, 7.65845336109e-24, 7.25483741209e-24, 6.61372897113e-24, 6.55713293435e-24, 5.83723779933e-24, 6.27716304364e-24, 7.35829336437e-24, 8.9044891376e-24, 7.73185292401e-24], "var": [4.49361095889e-06, 8.01965325081e-06, 2.94303936244e-06, 8.06012849353e-06, 3.73674765797e-07, 4.35653191744e-07, 9.7277315092e-08, 2.504878438e-08, 1.08507496321e-08, 8.81209416548e-09, 2.83448997607e-09, 8.45350733858e-10, 3.18255399812e-09, 1.31872301967e-09, 4.01047112186e-10, 1.03684749675e-09, 5.68902314146e-10, 3.76976311278e-10, 2.45101938745e-10, 2.42352665714e-10, 1.34269428909e-10, 2.98393920684e-10, 2.42703135367e-10, 1.85535420361e-10, 1.28201213534e-10, 1.28970181756e-10, 9.04372340904e-11, 1.02677505387e-10, 6.68502267431e-11, 6.11148701091e-11, 3.44118379625e-11, 3.05723259209e-11, 2.14975467983e-11, 1.11155503205e-11, 5.36042434399e-12, 4.21566080655e-12, 1.71855910579e-12, 1.14904244973e-12, 6.16339835072e-12, 2.35053903425e-12]}, "mfcc": {"mean": [-673.842773438, 125.627250671, 24.8901977539, 39.5255775452, 5.05602121353, 7.25730657578, 1.48049890995, -5.93861055374, 0.0356014817953, -5.87704896927, 1.35400044918, -3.41771554947, -0.449205517769], "cov": [[12711.2734375, 657.233520508, 155.94631958, 166.911941528, -11.0111293793, 59.8115005493, -37.1158752441, -167.656967163, -179.686630249, -253.590377808, -73.4458007812, -169.13432312, -17.7715702057], [657.233520508, 1285.37023926, -83.2636566162, 162.878570557, -42.3088684082, 36.6426696777, 36.0050201416, -48.3468818665, 22.4178943634, -35.0920410156, 39.6174316406, 3.63444256783, 12.6470861435], [155.94631958, -83.2636566162, 282.724945068, -36.8390274048, 84.6550445557, -19.296585083, 36.1837921143, 14.7834768295, 25.7217617035, 10.7822608948, 12.365447998, -9.74614524841, 21.1518192291], [166.911941528, 162.878570557, -36.8390274048, 213.972869873, -41.6863059998, 36.9074783325, -27.8593387604, 1.59071099758, -4.19986534119, 19.2943744659, 5.58481645584, -3.91933917999, -16.0203495026], [-11.0111293793, -42.3088684082, 84.6550445557, -41.6863059998, 167.570251465, 9.16326332092, 51.0894622803, 14.6224365234, 19.4246711731, -6.84118413925, 8.9217672348, -0.701344251633, 14.9186897278], [59.8115005493, 36.6426696777, -19.296585083, 36.9074783325, 9.16326332092, 129.351928711, 38.9712142944, 5.42637777328, 13.6848907471, 0.0936121121049, 5.27764415741, 2.42758655548, 5.46323490143], [-37.1158752441, 36.0050201416, 36.1837921143, -27.8593387604, 51.0894622803, 38.9712142944, 112.393470764, 26.4721488953, 27.376033783, -5.33456993103, 13.3990316391, -5.15542602539, 17.7154788971], [-167.656967163, -48.3468818665, 14.7834768295, 1.59071099758, 14.6224365234, 5.42637777328, 26.4721488953, 88.2024841309, 15.7332572937, 20.0368442535, -3.98022484779, 3.82608962059, -1.19060993195], [-179.686630249, 22.4178943634, 25.7217617035, -4.19986534119, 19.4246711731, 13.6848907471, 27.376033783, 15.7332572937, 81.4997024536, 11.760928154, 13.7033023834, 2.62572240829, -0.700216829777], [-253.590377808, -35.0920410156, 10.7822608948, 19.2943744659, -6.84118413925, 0.0936121121049, -5.33456993103, 20.0368442535, 11.760928154, 80.0614471436, 13.9864044189, -0.954589128494, -2.03055953979], [-73.4458007812, 39.6174316406, 12.365447998, 5.58481645584, 8.9217672348, 5.27764415741, 13.3990316391, -3.98022484779, 13.7033023834, 13.9864044189, 66.275062561, 8.86545944214, 3.83297538757], [-169.13432312, 3.63444256783, -9.74614524841, -3.91933917999, -0.701344251633, 2.42758655548, -5.15542602539, 3.82608962059, 2.62572240829, -0.954589128494, 8.86545944214, 75.2392654419, 4.7914981842], [-17.7715702057, 12.6470861435, 21.1518192291, -16.0203495026, 14.9186897278, 5.46323490143, 17.7154788971, -1.19060993195, -0.700216829777, -2.03055953979, 3.83297538757, 4.7914981842, 63.7492980957]], "icov": [[9.52350892476e-05, -4.30767940998e-05, -0.000115035414638, -5.63836583751e-05, 9.8365580925e-06, -7.49090249883e-05, 3.69451117876e-05, 6.90461529302e-05, 0.000189536032849, 0.000267485360382, 3.50413574779e-05, 0.000189417623915, 4.84923548356e-05], [-4.30767940998e-05, 0.00100481242407, 0.000307359208819, -0.000859350140672, 0.000160450916155, 0.000292507756967, -0.000726725673303, 0.000570475298446, -0.000449316896265, 0.000427447841503, -0.000456230132841, -0.000141029289807, -0.000332587776938], [-0.000115035414638, 0.000307359208819, 0.00469486787915, -2.37116601056e-05, -0.00193200691137, 0.00120128400158, -0.000687048363034, -4.2734805902e-05, -0.0011487796437, -0.000834144244436, -0.000455866364064, 0.000388798274798, -0.00115843734238], [-5.63836583751e-05, -0.000859350140672, -2.37116601056e-05, 0.00648640748113, 0.000731335079763, -0.00237897667103, 0.00235884031281, -0.00111488578841, 0.000392218236811, -0.00156356953084, -0.00042475562077, 0.00049848027993, 0.00109166069888], [9.8365580925e-06, 0.000160450916155, -0.00193200691137, 0.000731335079763, 0.00811532977968, -0.000268923933618, -0.00253286305815, -0.000300909596262, -0.000411678804085, 0.000910891103558, -0.000428478029789, -0.000175023043994, -0.000318727747072], [-7.49090249883e-05, 0.000292507756967, 0.00120128400158, -0.00237897667103, -0.000268923933618, 0.00997763313353, -0.0043548932299, 0.000861409876961, -0.00106789439451, -0.000155831614393, 0.000285535526928, -0.000776556844357, -0.000616686127614], [3.69451117876e-05, -0.000726725673303, -0.000687048363034, 0.00235884031281, -0.00253286305815, -0.0043548932299, 0.0149791277945, -0.00431586848572, -0.00221768789925, 0.00187845819164, -0.00227234815247, 0.00202911370434, -0.00228244112805], [6.90461529302e-05, 0.000570475298446, -4.2734805902e-05, -0.00111488578841, -0.000300909596262, 0.000861409876961, -0.00431586848572, 0.0143068572506, -0.00133777887095, -0.00341383274645, 0.00266668293625, -0.00135935097933, 0.00092162884539], [0.000189536032849, -0.000449316896265, -0.0011487796437, 0.000392218236811, -0.000411678804085, -0.00106789439451, -0.00221768789925, -0.00133777887095, 0.0149652259424, -0.00123868894298, -0.00173650379293, -0.000171916559339, 0.0016431089025], [0.000267485360382, 0.000427447841503, -0.000834144244436, -0.00156356953084, 0.000910891103558, -0.000155831614393, 0.00187845819164, -0.00341383274645, -0.00123868894298, 0.0158976446837, -0.00363510940224, 0.00139970995951, -0.000305847177515], [3.50413574779e-05, -0.000456230132841, -0.000455866364064, -0.00042475562077, -0.000428478029789, 0.000285535526928, -0.00227234815247, 0.00266668293625, -0.00173650379293, -0.00363510940224, 0.0176213905215, -0.00233930512331, -0.000116665156384], [0.000189417623915, -0.000141029289807, 0.000388798274798, 0.00049848027993, -0.000175023043994, -0.000776556844357, 0.00202911370434, -0.00135935097933, -0.000171916559339, 0.00139970995951, -0.00233930512331, 0.0144139518961, -0.00130473216996], [4.84923548356e-05, -0.000332587776938, -0.00115843734238, 0.00109166069888, -0.000318727747072, -0.000616686127614, -0.00228244112805, 0.00092162884539, 0.0016431089025, -0.000305847177515, -0.000116665156384, -0.00130473216996, 0.017316961661]]}, "spectral_contrast_coeffs": {"dmean": [0.0543829202652, 0.0463565848768, 0.0368582196534, 0.0284437388182, 0.0209215320647, 0.0198383871466], "dmean2": [0.0895941480994, 0.0772620812058, 0.0586558841169, 0.0468219965696, 0.0334952920675, 0.0310604423285], "dvar": [0.00229072733782, 0.00143997860141, 0.000900117971469, 0.000537376326974, 0.000316694029607, 0.000332840485498], "dvar2": [0.00575656769797, 0.00393978739157, 0.00218095397577, 0.00138171308208, 0.000754211680032, 0.000740361807402], "max": [-0.288690418005, -0.449199020863, -0.572894632816, -0.636093497276, -0.671814620495, -0.575423777103], "mean": [-0.629788994789, -0.714831054211, -0.780251204967, -0.799663186073, -0.80146074295, -0.753005206585], "median": [-0.633478879929, -0.712418437004, -0.781764388084, -0.799469530582, -0.802418589592, -0.752413630486], "min": [-0.97957521677, -0.983738124371, -0.974528074265, -0.971372365952, -0.96671807766, -0.964751422405], "var": [0.00732778571546, 0.00483611458912, 0.00316420732997, 0.00197816733271, 0.00172378949355, 0.00215882714838]}, "spectral_contrast_valleys": {"dmean": [0.396206140518, 0.404881566763, 0.399165064096, 0.385746032, 0.342202484608, 0.368355333805], "dmean2": [0.647572278976, 0.624120652676, 0.610406816006, 0.557827830315, 0.466325074434, 0.432732194662], "dvar": [0.131570249796, 0.14490865171, 0.149533927441, 0.15883038938, 0.17239010334, 0.169207036495], "dvar2": [0.291915714741, 0.298255681992, 0.302171587944, 0.289582043886, 0.2