{"lowlevel": {"average_loudness": 0.174118712544, "barkbands_crest": {"dmean": 1.59939479828, "dmean2": 2.26458907127, "dvar": 2.73885273933, "dvar2": 6.46117019653, "max": 26.3055171967, "mean": 15.1471385956, "median": 14.7951898575, "min": 3.51140260696, "var": 23.6215438843}, "barkbands_flatness_db": {"dmean": 0.0146762449294, "dmean2": 0.0202857032418, "dvar": 0.000210676837014, "dvar2": 0.000419921911089, "max": 0.657077729702, "mean": 0.250580489635, "median": 0.23493514955, "min": 0.0333154052496, "var": 0.00706475833431}, "barkbands_kurtosis": {"dmean": 3.09909319878, "dmean2": 4.4328918457, "dvar": 31.450012207, "dvar2": 68.4351882935, "max": 188.576065063, "mean": 9.76801204681, "median": 4.83510017395, "min": -1.8785687685, "var": 260.318572998}, "barkbands_skewness": {"dmean": 0.379645705223, "dmean2": 0.534994840622, "dvar": 0.176055297256, "dvar2": 0.39038836956, "max": 11.913728714, "mean": 1.80171084404, "median": 1.5769598484, "min": -3.67977309227, "var": 3.12863492966}, "barkbands_spread": {"dmean": 1.39429688454, "dmean2": 2.00809979439, "dvar": 3.57323813438, "dvar2": 7.26563644409, "max": 54.7520942688, "mean": 8.06820964813, "median": 6.89080381393, "min": 0.113180853426, "var": 31.6636371613}, "dissonance": {"dmean": 0.0320408865809, "dmean2": 0.053961224854, "dvar": 0.000992517801933, "dvar2": 0.00278044957668, "max": 0.500000119209, "mean": 0.408779501915, "median": 0.414536625147, "min": 0.137468084693, "var": 0.00258562923409}, "dynamic_complexity": 5.79718971252, "erbbands_crest": {"dmean": 1.9802877903, "dmean2": 2.91933107376, "dvar": 3.98533368111, "dvar2": 9.10974979401, "max": 31.5375289917, "mean": 14.7886304855, "median": 13.9020404816, "min": 2.74720072746, "var": 40.3616065979}, "erbbands_flatness_db": {"dmean": 0.0135386958718, "dmean2": 0.0182693190873, "dvar": 0.000188116318895, "dvar2": 0.000345878041117, "max": 0.463443487883, "mean": 0.237771689892, "median": 0.235555425286, "min": 0.0744644552469, "var": 0.00270297122188}, "erbbands_kurtosis": {"dmean": 1.47515130043, "dmean2": 2.17557263374, "dvar": 6.07470846176, "dvar2": 12.8000402451, "max": 89.5690994263, "mean": 2.59721446037, "median": 0.805890321732, "min": -1.62643766403, "var": 25.3232917786}, "erbbands_skewness": {"dmean": 0.349520981312, "dmean2": 0.504666388035, "dvar": 0.121987760067, "dvar2": 0.255056679249, "max": 8.11633300781, "mean": 0.77550637722, "median": 0.758951246738, "min": -4.82024621964, "var": 1.42401111126}, "erbbands_spread": {"dmean": 2.88415050507, "dmean2": 4.26850700378, "dvar": 11.6034450531, "dvar2": 25.3096981049, "max": 87.5162811279, "mean": 19.3433227539, "median": 18.5797863007, "min": 1.34113633633, "var": 85.3087997437}, "hfc": {"dmean": 2.12725710869, "dmean2": 2.73925614357, "dvar": 28.6013145447, "dvar2": 43.5211639404, "max": 201.834259033, "mean": 11.4827861786, "median": 4.1102013588, "min": 1.08302486286e-16, "var": 350.309295654}, "melbands_crest": {"dmean": 1.73883056641, "dmean2": 2.43069934845, "dvar": 3.41229248047, "dvar2": 7.83229827881, "max": 37.2471885681, "mean": 18.7139759064, "median": 18.0608100891, "min": 1.62433755398, "var": 41.0333213806}, "melbands_flatness_db": {"dmean": 0.0153153371066, "dmean2": 0.021057818085, "dvar": 0.000248861411819, "dvar2": 0.000496409076732, "max": 0.842419803143, "mean": 0.336478471756, "median": 0.312718898058, "min": 0.00292733334936, "var": 0.0124442642555}, "melbands_kurtosis": {"dmean": 4.26266813278, "dmean2": 6.11736726761, "dvar": 56.5561981201, "dvar2": 123.417648315, "max": 295.636505127, "mean": 14.5894098282, "median": 7.19895172119, "min": -1.8497376442, "var": 416.259979248}, "melbands_skewness": {"dmean": 0.413275510073, "dmean2": 0.584522902966, "dvar": 0.213034510612, "dvar2": 0.469091147184, "max": 13.4018659592, "mean": 2.26463460922, "median": 1.86766195297, "min": -3.20227694511, "var": 3.59797239304}, "melbands_spread": {"dmean": 1.8602514267, "dmean2": 2.67219138145, "dvar": 7.80011701584, "dvar2": 16.3072509766, "max": 165.934967041, "mean": 11.1664896011, "median": 8.30754184723, "min": 0.176709055901, "var": 155.510543823}, "pitch_salience": {"dmean": 0.0386001169682, "dmean2": 0.0562412664294, "dvar": 0.00145007960964, "dvar2": 0.00348167400807, "max": 0.819593131542, "mean": 0.407894700766, "median": 0.418323785067, "min": 0.038698349148, "var": 0.013280633837}, "silence_rate_20dB": {"dmean": 0, "dmean2": 0, "dvar": 0, "dvar2": 0, "max": 1, "mean": 1, "median": 1, "min": 1, "var": 0}, "silence_rate_30dB": {"dmean": 0.00501808850095, "dmean2": 0.0100367628038, "dvar": 0.00499197049066, "dvar2": 0.0112230591476, "max": 1, "mean": 0.993465185165, "median": 1, "min": 0, "var": 0.00649381568655}, "silence_rate_60dB": {"dmean": 0.0159878637642, "dmean2": 0.0319775938988, "dvar": 0.0157340373844, "dvar2": 0.0367967523634, "max": 1, "mean": 0.134138509631, "median": 0, "min": 0, "var": 0.116134375334}, "spectral_centroid": {"dmean": 62.0254249573, "dmean2": 91.6528396606, "dvar": 9738.56542969, "dvar2": 19038.7441406, "max": 11594.0332031, "mean": 693.423461914, "median": 580.369995117, "min": 97.6627349854, "var": 642240.25}, "spectral_complexity": {"dmean": 1.13245415688, "dmean2": 1.90587615967, "dvar": 1.39026284218, "dvar2": 3.47576928139, "max": 33, "mean": 8.1111497879, "median": 7, "min": 0, "var": 24.1932353973}, "spectral_decrease": {"dmean": 8.19649847994e-10, "dmean2": 1.08503683816e-09, "dvar": 2.0867235682e-18, "dvar2": 4.0902278037e-18, "max": 2.24145913978e-28, "mean": -4.99972285795e-09, "median": -3.48521633775e-09, "min": -4.41929159933e-08, "var": 2.59801101858e-17}, "spectral_energy": {"dmean": 0.00327204656787, "dmean2": 0.00432130647823, "dvar": 3.40116821462e-05, "dvar2": 6.53210736345e-05, "max": 0.172818422318, "mean": 0.0199115965515, "median": 0.0136341964826, "min": 1.00132135698e-20, "var": 0.000426279555541}, "spectral_energyband_high": {"dmean": 1.86855959328e-05, "dmean2": 2.71462176897e-05, "dvar": 4.74312011889e-09, "dvar2": 1.04997228689e-08, "max": 0.00275640119798, "mean": 5.11469806952e-05, "median": 1.24964562929e-05, "min": 7.04108496647e-21, "var": 1.55940114155e-08}, "spectral_energyband_low": {"dmean": 0.000900489336345, "dmean2": 0.00117134652101, "dvar": 6.2844032982e-06, "dvar2": 1.50975010911e-05, "max": 0.101368762553, "mean": 0.00550487078726, "median": 0.00252581015229, "min": 1.47391055521e-23, "var": 7.17836155673e-05}, "spectral_energyband_middle_high": {"dmean": 0.00104945688508, "dmean2": 0.00137645204086, "dvar": 1.13888490887e-05, "dvar2": 1.68833903444e-05, "max": 0.144078567624, "mean": 0.00472452491522, "median": 0.0007966880803, "min": 1.20692043038e-21, "var": 0.000127848761622}, "spectral_energyband_middle_low": {"dmean": 0.00216582859866, "dmean2": 0.00289237289689, "dvar": 1.91860763152e-05, "dvar2": 3.90434579458e-05, "max": 0.12193582207, "mean": 0.00980061013252, "median": 0.0051445979625, "min": 1.50659710149e-22, "var": 0.000167544363649}, "spectral_entropy": {"dmean": 0.129348739982, "dmean2": 0.175516933203, "dvar": 0.0189000796527, "dvar2": 0.034412432462, "max": 9.82440853119, "mean": 6.4663105011, "median": 6.49537754059, "min": 4.60465097427, "var": 0.282503783703}, "spectral_flux": {"dmean": 0.00879789981991, "dmean2": 0.0144788557664, "dvar": 0.000152036183863, "dvar2": 0.000382674188586, "max": 0.274900346994, "mean": 0.0295417755842, "median": 0.0230999104679, "min": 6.34803390409e-11, "var": 0.000554366386496}, "spectral_kurtosis": {"dmean": 5.61984634399, "dmean2": 9.55941486359, "dvar": 86.2430038452, "dvar2": 254.456970215, "max": 312.37789917, "mean": 18.8351707458, "median": 11.0688285828, "min": -1.25586128235, "var": 751.681213379}, "spectral_rms": {"dmean": 0.000317121943226, "dmean2": 0.000415573682403, "dvar": 1.65073132052e-07, "dvar2": 3.35595416345e-07, "max": 0.0129847349599, "mean": 0.00389104289934, "median": 0.00364714325406, "min": 3.12553823968e-12, "var": 4.28571775046e-06}, "spectral_rolloff": {"dmean": 96.8021469116, "dmean2": 170.862487793, "dvar": 64294.9960938, "dvar2": 128838.453125, "max": 19659.8144531, "mean": 753.930480957, "median": 452.197265625, "min": 43.06640625, "var": 1887021.375}, "spectral_skewness": {"dmean": 0.40485611558, "dmean2": 0.677455306053, "dvar": 0.228188186884, "dvar2": 0.660869836807, "max": 15.0553236008, "mean": 2.99470615387, "median": 2.62139749527, "min": -0.109715119004, "var": 2.30106258392}, "spectral_spread": {"dmean": 340942.15625, "dmean2": 478515.40625, "dvar": 211285884928, "dvar2": 408517279744, "max": 47310768, "mean": 3214317.5, "median": 3094744.5, "min": 336597.6875, "var": 8405185986560.0}, "spectral_strongpeak": {"dmean": 0.333183854818, "dmean2": 0.514802277088, "dvar": 0.563887119293, "dvar2": 1.29268467426, "max": 21.0854320526, "mean": 1.60028064251, "median": 0.81036400795, "min": 0, "var": 5.7993683815}, "zerocrossingrate": {"dmean": 0.00297114206478, "dmean2": 0.00375483930111, "dvar": 2.39297023654e-05, "dvar2": 4.03523554269e-05, "max": 0.5283203125, "mean": 0.0289110708982, "median": 0.0244140625, "min": 0.00146484375, "var": 0.00140666170046}, "barkbands": {"dmean": [6.24361127848e-05, 0.000747741549276, 0.000184425793123, 0.000114372538519, 0.000271781696938, 0.000562309462111, 0.000962245161645, 0.000504079274833, 0.000344385945937, 0.000159174174769, 7.28273080313e-05, 0.000361330399755, 0.000328186171828, 0.000478380679851, 7.7414108091e-05, 5.38219428563e-05, 2.67691575573e-05, 1.99505502678e-05, 1.50302621478e-05, 8.92914886208e-06, 5.85975067224e-06, 4.01455372412e-06, 2.98730151371e-06, 2.58721024693e-06, 2.80302492683e-06, 2.20673655349e-06, 1.76576543254e-06], "dmean2": [0.000106046172732, 0.000955721596256, 0.000244961294811, 0.000173006817931, 0.000352379574906, 0.00073495763354, 0.00133765698411, 0.000614428659901, 0.000438521499746, 0.000206305543543, 0.000100377146737, 0.000509835663252, 0.000432230619481, 0.000541429035366, 0.000113884409075, 8.43337911647e-05, 4.26964397775e-05, 3.17119229294e-05, 2.48139258474e-05, 1.46753591252e-05, 9.79819560598e-06, 6.23038340564e-06, 4.42128703071e-06, 3.66722861145e-06, 3.88079934055e-06, 3.36654602506e-06, 2.85648138743e-06], "dvar": [1.12253125906e-07, 5.13910663358e-06, 3.24724254597e-07, 2.05641086382e-07, 4.53848485904e-07, 2.86683189188e-06, 1.00575744e-05, 3.93402524423e-06, 3.42083740179e-06, 3.00834159361e-07, 5.18184286591e-08, 2.0810625756e-06, 2.46519198299e-06, 5.39015945833e-06, 1.18017801753e-07, 2.54920013987e-08, 7.3217520935e-09, 2.6424218369e-09, 2.64055954879e-09, 4.72329175771e-10, 2.85662271615e-10, 2.181978348e-10, 1.44696366e-10, 1.03541390739e-10, 1.46185605288e-10, 1.86246337797e-10, 2.11335088318e-10], "dvar2": [3.46081293401e-07, 1.2119553503e-05, 7.66664868479e-07, 6.01167130299e-07, 9.29466125399e-07, 5.82407710681e-06, 2.25530438911e-05, 5.35248227607e-06, 5.35593335371e-06, 4.29457855944e-07, 8.93432954285e-08, 3.90651621274e-06, 4.34948833572e-06, 5.94320363234e-06, 2.27285880783e-07, 5.66214062303e-08, 1.77181451733e-08, 6.18931927931e-09, 7.28331128741e-09, 1.24679899738e-09, 7.99305843735e-10, 5.39861266802e-10, 3.45449335803e-10, 2.36790226316e-10, 3.32789462654e-10, 4.34102281899e-10, 5.07082043022e-10], "max": [0.0384176746011, 0.0843077674508, 0.027301825583, 0.0226077586412, 0.0356252714992, 0.0677853450179, 0.0963286980987, 0.094547688961, 0.102902680635, 0.0299489591271, 0.00963208917528, 0.0899589955807, 0.128148347139, 0.0886380746961, 0.0149220228195, 0.00513008842245, 0.00257983175106, 0.00139387208037, 0.00202794140205, 0.000894095399417, 0.000688504078425, 0.000645276973955, 0.000590026378632, 0.000537700136192, 0.0004685712629, 0.000452122330898, 0.000414694281062], "mean": [0.000419228046667, 0.00405447278172, 0.000870298768859, 0.000308933638735, 0.00132313556969, 0.00199946109205, 0.00331337773241, 0.00176462507807, 0.00107180781197, 0.000468154496048, 0.000145896803588, 0.00143654586282, 0.00099625356961, 0.00128707510885, 0.000151326777996, 0.000105555795017, 6.00174644205e-05, 3.93133850594e-05, 3.10792711389e-05, 2.04911520996e-05, 1.35898126246e-05, 8.98549114936e-06, 6.36639470031e-06, 5.33183310836e-06, 5.18622118761e-06, 3.31213095706e-06, 1.74633009919e-06], "median": [5.16123418492e-06, 0.00135001167655, 0.000258471991401, 8.32530640764e-05, 0.000410650129197, 0.000331997114699, 0.000137372291647, 7.99652625574e-05, 6.46191328997e-05, 4.83281364723e-05, 2.14806459553e-05, 8.85366316652e-05, 5.25751456735e-05, 2.99351686408e-05, 1.12313528007e-05, 1.2179458281e-05, 5.41678491572e-06, 7.22611730453e-06, 4.53344546258e-06, 4.41512202087e-06, 3.01698605654e-06, 2.19796379497e-06, 1.09014467853e-06, 6.86570444941e-07, 6.32728017536e-07, 2.80829340227e-07, 6.74161455549e-08], "min": [2.70550447764e-25, 3.46405152903e-24, 3.89791319399e-24, 6.02123871801e-25, 7.59935663523e-24, 5.93777575512e-24, 6.09281098325e-24, 3.25549839937e-24, 1.58144034298e-23, 1.15931511391e-23, 1.85807445646e-23, 2.25322861006e-23, 2.02037801232e-23, 3.75877958733e-23, 4.33309651651e-23, 6.57183990486e-23, 6.31693622719e-23, 5.79793643349e-23, 1.1691855151e-22, 1.74102788229e-22, 2.34520748814e-22, 2.57727698737e-22, 3.89685851851e-22, 6.092210455e-22, 9.51815182971e-22, 1.23754994296e-21, 2.07444659556e-21], "var": [4.74753323942e-06, 4.51604610134e-05, 2.94940218737e-06, 5.39412667422e-07, 6.75070486977e-06, 2.13995990634e-05, 6.75364062772e-05, 3.6194891436e-05, 2.19163466681e-05, 2.73243381343e-06, 1.98690287334e-07, 3.06160218315e-05, 1.79266571649e-05, 3.69802692148e-05, 3.68341090962e-07, 6.70411921533e-08, 3.17781889692e-08, 6.52991172245e-09, 7.45919770395e-09, 1.51627510547e-09, 8.72599548174e-10, 4.36233243972e-10, 3.33370303585e-10, 3.51839835044e-10, 3.50571655039e-10, 2.93314400546e-10, 1.92176718983e-10]}, "erbbands": {"dmean": [0.025454333052, 0.154828712344, 0.225317582488, 0.300362884998, 0.516717135906, 0.845614373684, 3.10916137695, 5.0974240303, 13.8912115097, 10.6271333694, 10.6885004044, 7.17072296143, 3.88137745857, 4.52663946152, 5.66844749451, 11.4309387207, 14.2494363785, 21.3997192383, 8.43919944763, 3.67363834381, 2.86517477036, 1.53105378151, 1.14058625698, 0.915782988071, 0.539550304413, 0.414692938328, 0.301160365343, 0.168250843883, 0.137553885579, 0.122344315052, 0.079577177763, 0.0561184100807, 0.0458689518273, 0.0340991355479, 0.0193797256798, 0.00912989024073, 0.00385011080652, 0.00136929238215, 0.000277134007774, 2.5859233574e-05], "dmean2": [0.0305339694023, 0.204641878605, 0.315362155437, 0.423283070326, 0.762588739395, 1.14258694649, 4.07750988007, 6.60459518433, 20.1505374908, 13.0282926559, 13.2568998337, 9.12713623047, 5.01694774628, 5.90354681015, 7.68995428085, 16.4442443848, 19.8428230286, 24.8319950104, 11.2252264023, 5.21701002121, 4.5059132576, 2.44009065628, 1.77889037132, 1.51093959808, 0.875146985054, 0.684253036976, 0.507186591625, 0.277014762163, 0.213437661529, 0.187006771564, 0.117190428078, 0.0821546092629, 0.0648475140333, 0.0471562109888, 0.0277337599546, 0.013550019823, 0.00590422004461, 0.00217562820762, 0.000458480266389, 4.08414671256e-05], "dvar": [0.00749937538058, 0.228628620505, 0.587048113346, 0.769089281559, 3.87623119354, 4.82656002045, 92.9661026001, 243.921966553, 2324.75292969, 1823.25842285, 1713.09326172, 1963.49890137, 108.897865295, 306.93637085, 215.675338745, 2366.11132812, 4587.29443359, 17149.7207031, 620.813781738, 393.148834229, 64.8842315674, 21.832069397, 10.3448076248, 9.08366203308, 2.1103990078, 1.25434863567, 0.765812695026, 0.32667863369, 0.222331270576, 0.266889750957, 0.104174777865, 0.0505126938224, 0.0362807959318, 0.0185362566262, 0.00817049015313, 0.00213147606701, 0.000613783951849, 0.000126035389258, 5.36401694262e-06, 3.5741127391e-08], "dvar2": [0.0133963730186, 0.623601913452, 1.48843312263, 2.28163313866, 10.3659591675, 11.1600294113, 182.098220825, 463.000274658, 5951.50976562, 2440.05297852, 2410.84912109, 2860.32446289, 169.424102783, 431.957366943, 393.32699585, 4502.17578125, 8396.66796875, 20011.234375, 1030.16564941, 726.624816895, 166.913208008, 52.9708251953, 23.169927597, 24.8342285156, 5.20046138763, 3.32225489616, 2.18162965775, 0.904758691788, 0.532605171204, 0.669235706329, 0.246576875448, 0.116764850914, 0.0864668190479, 0.0417387746274, 0.0192975997925, 0.00488786539063, 0.00139741774183, 0.000303788518067, 1.34289211928e-05, 8.5370103875e-08], "max": [4.44208335876, 18.7625026703, 39.2721557617, 34.4716529846, 72.4766311646, 90.8764038086, 478.399505615, 856.610778809, 1514.26428223, 2007.77661133, 1622.40063477, 2722.63891602, 494.55456543, 1097.95874023, 717.20501709, 3267.88012695, 6144.46386719, 5374.06103516, 1643.39709473, 912.100280762, 263.785003662, 137.198303223, 97.3892288208, 101.980987549, 76.3054046631, 53.6414451599, 38.5691871643, 17.7289943695, 16.8222351074, 28.5409297943, 17.6493606567, 12.0572528839, 9.83401966095, 5.18349218369, 3.34645462036, 1.64997291565, 0.745120346546, 0.353100240231, 0.0712985768914, 0.00490349717438], "mean": [0.142544165254, 0.803260147572, 1.13593316078, 1.10402047634, 1.66793298721, 3.76874613762, 12.5612535477, 19.9068393707, 47.3409309387, 38.4259681702, 37.12134552, 22.1786270142, 13.7325553894, 13.4811468124, 18.2829856873, 47.7058906555, 54.424823761, 66.3696746826, 21.3937072754, 7.97004985809, 5.89162921906, 3.61956071854, 2.56736159325, 1.99716794491, 1.33849835396, 0.984210073948, 0.66198182106, 0.382320523262, 0.316371768713, 0.265710473061, 0.169543802738, 0.118825100362, 0.0886192917824, 0.0623502582312, 0.0345995463431, 0.015461393632, 0.00556682422757, 0.00153318862431, 0.000283364759525, 4.43282260676e-05], "median": [0.0267405565828, 0.301327437162, 0.424284338951, 0.447681665421, 0.454022198915, 1.19265151024, 2.29061222076, 3.19974446297, 3.28654909134, 2.36324071884, 2.21581101418, 1.76184904575, 1.63610565662, 1.8401684761, 2.80176877975, 4.22187328339, 3.68847894669, 1.65748667717, 1.49761557579, 1.11074221134, 0.816361665726, 0.505734205246, 0.465728968382, 0.337554603815, 0.250933349133, 0.229809239507, 0.131014630198, 0.0969501584768, 0.0776778608561, 0.0549306795001, 0.027706163004, 0.0170397497714, 0.00991179421544, 0.0075696464628, 0.00401353370398, 0.00155079073738, 0.000444853882072, 8.75264813658e-05, 2.03150902962e-05, 1.68712122104e-05], "min": [5.70161714805e-23, 5.50755572454e-22, 4.09431906163e-21, 3.17657933761e-21, 1.01256115823e-20, 1.93400691796e-20, 4.58770329723e-20, 4.61281436805e-20, 8.42929162064e-20, 1.50413281816e-19, 1.49573939063e-19, 3.72528931422e-19, 4.17764673238e-19, 7.05661576714e-19, 9.97919583176e-19, 1.08304763515e-18, 1.5748536586e-18, 2.13061128996e-18, 2.17339203727e-18, 3.26333401603e-18, 4.2604301409e-18, 4.3196202904e-18, 4.03661616025e-18, 5.887818247e-18, 6.16580635392e-18, 8.83072296645e-18, 9.10649588368e-18, 1.00758564358e-17, 8.83094878675e-18, 1.18062008176e-17, 1.16750744926e-17, 1.08180293512e-17, 1.02644048118e-17, 8.85874867278e-18, 6.73139730161e-18, 3.99133215762e-18, 2.27032685171e-18, 9.56024539511e-19, 2.72318094013e-19, 2.871993705e-20], "var": [0.0946851819754, 1.6506613493, 4.3432841301, 3.53873562813, 11.7416248322, 51.6060829163, 812.640258789, 2153.31982422, 13560.9130859, 13817.3828125, 13903.1523438, 12476.9326172, 1168.72937012, 2697.28393555, 1976.00280762, 36765.3203125, 44794.203125, 137032.8125, 5307.98632812, 1220.99731445, 176.909606934, 87.5271682739, 32.2216491699, 25.0407085419, 8.83900260925, 3.69526004791, 2.04602622986, 0.708778858185, 0.487310439348, 0.517349600792, 0.259944349527, 0.174511939287, 0.0932580456138, 0.0422784499824, 0.0188391339034, 0.00473473453894, 0.000952232803684, 0.000124036552734, 4.66961682832e-06, 3.38647154763e-08]}, "gfcc": {"mean": [-122.391418457, 140.494491577, -108.272109985, 2.90951371193, -43.9344177246, 5.15078449249, -29.216796875, -1.95060241222, -15.6198291779, 6.34090662003, -1.82136726379, -0.160010114312, -7.39396619797], "cov": [[15233.6611328, -2133.06689453, -2672.14892578, -184.879806519, -1216.43127441, 293.986206055, -880.186340332, 154.188156128, -130.540084839, 616.317504883, -45.5383110046, -21.3567962646, -641.733215332], [-2133.06689453, 2293.04272461, 876.20904541, 163.470840454, 908.755554199, 62.9343185425, 588.988220215, -58.4997558594, 123.989616394, -315.181152344, 67.7904663086, -90.7961578369, 277.012512207], [-2672.14892578, 876.20904541, 1696.10632324, 352.904083252, 442.263122559, 155.28112793, 256.829284668, 107.532142639, 88.0107192993, -94.4753265381, 68.9690628052, 158.09715271, 251.941146851], [-184.879806519, 163.470840454, 352.904083252, 384.271484375, 163.253707886, 111.173034668, 91.9181976318, 50.8289222717, 24.9138965607, 24.6630802155, 48.5283889771, 75.5269775391, 86.5398483276], [-1216.43127441, 908.755554199, 442.263122559, 163.253707886, 648.032836914, 125.352668762, 347.438323975, 34.6601600647, 109.978164673, -90.3715515137, 43.5752792358, -51.5188560486, 102.619606018], [293.986206055, 62.9343185425, 155.28112793, 111.173034668, 125.352668762, 239.179412842, 110.735496521, 72.0464553833, 39.6245918274, 51.7331809998, 47.8805847168, 17.8391208649, -6.2543182373], [-880.186340332, 588.988220215, 256.829284668, 91.9181976318, 347.438323975, 110.735496521, 413.555053711, 88.653503418, 92.3430786133, -51.2634315491, 51.8335151672, -38.4695091248, 71.0181655884], [154.188156128, -58.4997558594, 107.532142639, 50.8289222717, 34.6601600647, 72.0464553833, 88.653503418, 188.60369873, 112.598495483, 61.7862281799, 4.80029296875, -18.6468544006, -43.3245429993], [-130.540084839, 123.989616394, 88.0107192993, 24.9138965607, 109.978164673, 39.6245918274, 92.3430786133, 112.598495483, 199.997177124, 90.3243179321, 40.9923171997, -52.5056915283, -35.0745162964], [616.317504883, -315.181152344, -94.4753265381, 24.6630802155, -90.3715515137, 51.7331809998, -51.2634315491, 61.7862281799, 90.3243179321, 205.332962036, 92.9185714722, 26.0500411987, -75.0111846924], [-45.5383110046, 67.7904663086, 68.9690628052, 48.5283889771, 43.5752792358, 47.8805847168, 51.8335151672, 4.80029296875, 40.9923171997, 92.9185714722, 172.24017334, 93.4473342896, 24.4328098297], [-21.3567962646, -90.7961578369, 158.09715271, 75.5269775391, -51.5188560486, 17.8391208649, -38.4695091248, -18.6468544006, -52.5056915283, 26.0500411987, 93.4473342896, 208.00100708, 112.250770569], [-641.733215332, 277.012512207, 251.941146851, 86.5398483276, 102.619606018, -6.2543182373, 71.0181655884, -43.3245429993, -35.0745162964, -75.0111846924, 24.4328098297, 112.250770569, 205.952911377]], "icov": [[0.000163132703165, -0.000263127993094, 0.000315591372782, -0.000107632469735, 0.000200528971618, -0.000404178310419, 0.0003261337406, -0.000399196782382, 0.000296301877825, -0.000537104089744, 0.000398431118811, -0.000337105535436, 0.000204067808227], [-0.000263127993094, 0.00229883356951, -0.000899301667232, 0.000258440210018, -0.00153241679072, 0.000864574452862, -0.00111391174141, 0.00173110025935, -0.00170003052335, 0.0034029702656, -0.00262233684771, 0.00205405545421, -0.00124083040282], [0.000315591372782, -0.000899301667232, 0.00170252041426, -0.000679072167259, 0.000244461843977, -0.00104644650128, 0.000970717577729, -0.00150828983169, 0.000303713430185, -0.00082022981951, 0.00114760885481, -0.00158834771719, 7.25376812625e-05], [-0.000107632469735, 0.000258440210018, -0.000679072167259, 0.00412099715322, -0.00107494031545, -0.000613540119957, 3.91454295823e-06, -0.000582710024901, 0.000835512124468, -0.00117468147073, 0.000103046986624, -4.04020756832e-05, -0.00146659417078], [0.000200528971618, -0.00153241679072, 0.000244461843977, -0.00107494031545, 0.00524809770286, -0.00176481960807, -0.00127326941583, 0.000671526999213, -0.00125214201398, -6.60510850139e-05, 0.000666748848744, -1.33678513521e-05, 0.000441268115537], [-0.000404178310419, 0.000864574452862, -0.00104644650128, -0.000613540119957, -0.00176481960807, 0.0076269749552, -0.00210063392296, -0.000479842972709, 0.00120633572806, -0.000794976309408, -0.00100515724625, 0.000296450481983, 0.000723604112864], [0.0003261337406, -0.00111391174141, 0.000970717577729, 3.91454295823e-06, -0.00127326941583, -0.00210063392296, 0.00740283774212, -0.00480386381969, 0.00136933592148, 0.000503992079757, -0.00253433128819, 0.0021888136398, -0.00214283098467], [-0.000399196782382, 0.00173110025935, -0.00150828983169, -0.000582710024901, 0.000671526999213, -0.000479842972709, -0.00480386381969, 0.0142157422379, -0.00836323853582, 0.00212801690213, 0.00289296475239, -0.00282642175443, 0.0033635168802], [0.000296301877825, -0.00170003052335, 0.000303713430185, 0.000835512124468, -0.00125214201398, 0.00120633572806, 0.00136933592148, -0.00836323853582, 0.015706166625, -0.00951567944139, -0.000497031200211, 0.00442619016394, -0.00222810241394], [-0.000537104089744, 0.0034029702656, -0.00082022981951, -0.00117468147073, -6.60510850139e-05, -0.000794976309408, 0.000503992079757, 0.00212801690213, -0.00951567944139, 0.0206545218825, -0.0108808688819, 0.00176625722088, 0.00175924249925], [0.000398431118811, -0.00262233684771, 0.00114760885481, 0.000103046986624, 0.000666748848744, -0.00100515724625, -0.00253433128819, 0.00289296475239, -0.000497031200211, -0.0108808688819, 0.0189284011722, -0.0116716744378, 0.00450943503529], [-0.000337105535436, 0.00205405545421, -0.00158834771719, -4.04020756832e-05, -1.33678513521e-05, 0.000296450481983, 0.0021888136398, -0.00282642175443, 0.00442619016394, 0.00176625722088, -0.0116716744378, 0.0189450979233, -0.010730762966], [0.000204067808227, -0.00124083040282, 7.25376812625e-05, -0.00146659417078, 0.000441268115537, 0.000723604112864, -0.00214283098467, 0.0033635168802, -0.00222810241394, 0.00175924249925, 0.00450943503529, -0.010730762966, 0.014511294663]]}, "melbands": {"dmean": [0.000213671053643, 0.000143392448081, 5.51673401787e-05, 4.62767275167e-05, 9.41844991758e-05, 0.000115883180115, 0.000202059483854, 0.000117192663311, 8.48775671329e-05, 4.17465053033e-05, 2.02331702894e-05, 2.0652265448e-05, 1.46961101564e-05, 3.0500244975e-05, 4.26704900747e-05, 3.42137391272e-05, 3.8565864088e-05, 1.64559114637e-05, 5.84583040109e-06, 4.00141107093e-06, 3.09187385028e-06, 1.64808250247e-06, 1.43073646086e-06, 9.63909201346e-07, 8.01158705599e-07, 5.63772573514e-07, 3.65879742503e-07, 2.70061065066e-07, 2.48754048471e-07, 1.17530142063e-07, 1.01653562012e-07, 8.72538521435e-08, 8.04412465527e-08, 6.88507668656e-08, 4.81931721197e-08, 4.84202011819e-08, 3.07983114567e-08, 3.73815183252e-08, 2.87573964641e-08, 2.93128312734e-08], "dmean2": [0.000264974689344, 0.000198082314455, 7.97737302491e-05, 6.45295222057e-05, 0.00012303267431, 0.000151081985678, 0.000289685907774, 0.000141243886901, 0.000106585321191, 5.33056299901e-05, 2.62947669398e-05, 2.68722196779e-05, 1.97839999601e-05, 4.24041136284e-05, 6.31603907095e-05, 4.28766325058e-05, 4.50213847216e-05, 2.20172714762e-05, 8.30372755445e-06, 5.97021517024e-06, 4.88735349791e-06, 2.63563947556e-06, 2.25352187044e-06, 1.54980705247e-06, 1.32795014451e-06, 9.30485953177e-07, 5.93634752022e-07, 4.47834025863e-07, 4.18342608555e-07, 1.95897939648e-07, 1.68664513467e-07, 1.36315051691e-07, 1.28298964341e-07, 1.06671414812e-07, 7.37200949175e-08, 7.27900300035e-08, 4.56926940728e-08, 5.49543486272e-08, 4.04995184056e-08, 4.16004795056e-08], "dvar": [4.45845046215e-07, 2.06606571851e-07, 3.13168122545e-08, 1.57244777199e-08, 7.6271028604e-08, 1.09533488057e-07, 4.76321332599e-07, 1.92218763573e-07, 1.1688398871e-07, 5.89932156458e-08, 3.06945047157e-09, 6.22018836438e-09, 1.47726864075e-09, 8.65595861654e-09, 4.87438143182e-08, 3.81975127084e-08, 5.01800556663e-08, 2.93133206597e-09, 9.52990242276e-10, 3.44566070121e-10, 8.67947380634e-11, 2.96380003872e-11, 2.48803026792e-11, 6.30468724103e-12, 7.87931352109e-12, 3.0197381054e-12, 8.69066700115e-13, 5.5183624597e-13, 5.04246492651e-13, 1.71248635389e-13, 1.36543676214e-13, 9.70176020141e-14, 9.22496332253e-14, 7.69501040036e-14, 3.27837597022e-14, 5.74093046322e-14, 1.39762621642e-14, 2.62010600932e-14, 1.1438134714e-14, 1.47171940704e-14], "dvar2": [9.31620945721e-07, 5.69006601836e-07, 8.81380231021e-08, 4.02626696427e-08, 1.47239575199e-07, 2.12638227026e-07, 1.1814328218e-06, 2.63700542291e-07, 1.71293237372e-07, 8.62794848899e-08, 4.77482053896e-09, 8.72698446841e-09, 2.56418086764e-09, 1.63929563257e-08, 9.48350589169e-08, 5.24002743418e-08, 5.87613975256e-08, 4.72150540887e-09, 1.56421253728e-09, 6.55339227329e-10, 2.24117793768e-10, 7.23576268347e-11, 5.81801169741e-11, 1.54075641134e-11, 2.15616084015e-11, 7.98586804324e-12, 2.16857760048e-12, 1.48424675328e-12, 1.42189439476e-12, 4.78988864631e-13, 3.81699690301e-13, 2.30422316427e-13, 2.41228776321e-13, 1.91608502068e-13, 7.98414408047e-14, 1.40711471338e-13, 3.31967356978e-14, 6.49038318207e-14, 2.5386471896e-14, 3.43583228004e-14], "max": [0.0301329195499, 0.019941886887, 0.00815635826439, 0.00390898436308, 0.0123944701627, 0.0165294259787, 0.022619465366, 0.0213926825672, 0.016607740894, 0.0147463819012, 0.00280136265792, 0.00489775696769, 0.00143129716162, 0.00503295706585, 0.0128136985004, 0.00881827902049, 0.00910110212862, 0.0038308815565, 0.00121585885063, 0.000891174946446, 0.000326324574417, 0.000180353163159, 0.000180330869625, 9.13927724469e-05, 9.55489231274e-05, 7.26391517674e-05, 2.52827467193e-05, 3.42924904544e-05, 1.87391524378e-05, 1.94606691366e-05, 1.18981224659e-05, 1.23935851661e-05, 1.51906569954e-05, 1.47124919749e-05, 6.79858703734e-06, 1.64729644894e-05, 7.63623847888e-06, 7.26885718905e-06, 4.91060109198e-06, 4.93685502079e-06], "mean": [0.00122731807642, 0.000768383673858, 0.000199693400646, 0.000174145097844, 0.000404003629228, 0.000448643200798, 0.000690888846293, 0.000427619641414, 0.000286120164674, 0.000127374572912, 6.93960100762e-05, 5.99457271164e-05, 4.05589853472e-05, 0.000110932400275, 0.000175691340701, 0.000116623101349, 0.000115725502837, 3.97248331865e-05, 1.11335602924e-05, 8.10528581496e-06, 5.98809219809e-06, 3.42601333614e-06, 3.19738910548e-06, 1.88413207525e-06, 1.5836460534e-06, 1.19520689168e-06, 8.3147932628e-07, 5.68503935483e-07, 4.88097782636e-07, 2.38405561959e-07, 2.06042784612e-07, 1.80002444949e-07, 1.67659877093e-07, 1.38177583153e-07, 9.7251692921e-08, 9.1898002097e-08, 6.31193870504e-08, 6.70308750728e-08, 5.34290052201e-08, 5.13219120535e-08], "median": [0.000317581405398, 0.000355154421413, 9.11327006179e-05, 5.48527095816e-05, 7.50487088226e-05, 6.50157380733e-05, 3.88412227039e-05, 1.87742571143e-05, 1.49138459165e-05, 8.82732001628e-06, 7.50167964725e-06, 6.89828266331e-06, 6.65902189212e-06, 9.19268859434e-06, 5.79856214245e-06, 3.51053108716e-06, 2.3367454105e-06, 2.03067224902e-06, 8.73278793279e-07, 9.02154624782e-07, 6.18272224528e-07, 3.23583975614e-07, 3.7224992866e-07, 3.57701765097e-07, 2.18768605009e-07, 1.77812736979e-07, 1.59502519637e-07, 1.09058184705e-07, 7.44520605167e-08, 4.78252282221e-08, 5.10602262693e-08, 4.22068424655e-08, 3.2498892466e-08, 2.63681716461e-08, 1.58587152299e-08, 1.19025473921e-08, 8.71076455411e-09, 6.6757039896e-09, 6.62389476602e-09, 6.16483664118e-09], "min": [1.07337779019e-24, 1.92562544408e-24, 7.02473437744e-25, 1.78218785176e-24, 2.23803566179e-24, 9.62374016768e-25, 1.20371960123e-24, 1.3378362103e-24, 1.53563795469e-24, 2.11277263586e-24, 1.69510667972e-24, 2.43722737909e-24, 2.85271588192e-24, 3.24746700649e-24, 2.23709593124e-24, 3.59520044339e-24, 3.03040719525e-24, 2.66060695226e-24, 3.70522326827e-24, 4.71306328331e-24, 3.72746677921e-24, 3.92920691167e-24, 3.19497462414e-24, 3.56549706929e-24, 4.10758532285e-24, 4.52852939049e-24, 4.41890060163e-24, 4.44088576062e-24, 4.01673260683e-24, 4.45445180161e-24, 5.54111874261e-24, 4.54148485313e-24, 4.67618758586e-24, 5.6354254861e-24, 5.50116254333e-24, 4.982756683e-24, 6.3937330196e-24, 5.86737149705e-24, 6.775957033e-24, 6.67603359985e-24], "var": [5.23281642018e-06, 1.31944830173e-06, 1.05431510633e-07, 9.27346519575e-08, 7.96809956682e-07, 9.5988684734e-07, 2.90001662506e-06, 1.64666801084e-06, 8.9538281145e-07, 3.71667766785e-07, 3.28360769686e-08, 5.52194912018e-08, 8.74046879318e-09, 1.02819477377e-07, 7.38026471936e-07, 3.26485519508e-07, 3.96681826942e-07, 2.68365809575e-08, 3.00186919766e-09, 1.00960062532e-09, 2.28305901961e-10, 1.02245836797e-10, 1.07926605153e-10, 1.65643835454e-11, 1.99069597612e-11, 9.99746813113e-12, 3.06936854405e-12, 1.47370407978e-12, 1.24660871903e-12, 3.71675888851e-13, 2.2154804033e-13, 1.78440297477e-13, 1.80977953977e-13, 1.47091133761e-13, 7.91276359756e-14, 1.079941529e-13, 5.82965479275e-14, 5.60730322309e-14, 3.05353107437e-14, 3.05164117446e-14]}, "mfcc": {"mean": [-767.802612305, 172.846221924, 1.9394299984, 8.91734981537, 2.80351948738, 5.72783660889, 1.69784390926, -2.47248840332, -6.85181570053, -0.500982820988, 4.37048387527, 3.50655865669, 4.6722741127], "cov": [[9281.94140625, -1193.19934082, -1765.10888672, -547.663085938, -692.553955078, -263.672973633, -496.313049316, -472.053131104, -364.341644287, 68.6230010986, 319.960418701, 227.794921875, 135.438171387], [-1193.19934082, 1508.93615723, 381.897674561, 176.997558594, 370.813598633, 265.449676514, 367.232208252, 299.067077637, 193.5884552, 54.7064399719, -59.8465080261, -66.7414627075, -42.2908248901], [-1765.10888672, 381.897674561, 1201.21289062, 323.566223145, 352.007141113, 192.024932861, 168.648269653, 211.949081421, 159.407058716, -2.74910235405, -38.4599380493, -2.58752441406, 54.3188667297], [-547.663085938, 176.997558594, 323.566223145, 304.712524414, 171.796966553, 113.157447815, 120.618209839, 99.4273757935, 78.5233840942, 19.7675228119, -15.1159152985, -7.00937461853, 12.0242424011], [-692.553955078, 370.813598633, 352.007141113, 171.796966553, 372.3019104, 156.463256836, 122.226211548, 121.972320557, 95.0741653442, 43.9414901733, 3.49951529503, 1.99352931976, 17.3677272797], [-263.672973633, 265.449676514, 192.024932861, 113.157447815, 156.463256836, 224.087402344, 165.703079224, 100.595802307, 53.6191177368, 15.2570934296, 17.1425094604, 14.4549951553, 21.1790084839], [-496.313049316, 367.232208252, 168.648269653, 120.618209839, 122.226211548, 165.703079224, 278.8828125, 178.926879883, 91.2658309937, 45.3945198059, 15.7879333496, 23.438873291, 13.2584123611], [-472.053131104, 299.067077637, 211.949081421, 99.4273757935, 121.972320557, 100.595802307, 178.926879883, 210.373947144, 132.375152588, 47.9629516602, 5.26217794418, 9.02401542664, 13.3488473892], [-364.341644287, 193.5884552, 159.407058716, 78.5233840942, 95.0741653442, 53.6191177368, 91.2658309937, 132.375152588, 179.089355469, 106.360198975, 29.6847171783, 1.23370754719, -19.7991027832], [68.6230010986, 54.7064399719, -2.74910235405, 19.7675228119, 43.9414901733, 15.2570934296, 45.3945198059, 47.9629516602, 106.360198975, 194.570678711, 140.230651855, 50.5988388062, -14.6673078537], [319.960418701, -59.8465080261, -38.4599380493, -15.1159152985, 3.49951529503, 17.1425094604, 15.7879333496, 5.26217794418, 29.6847171783, 140.230651855, 216.822372437, 126.717834473, 26.06366539], [227.794921875, -66.7414627075, -2.58752441406, -7.00937461853, 1.99352931976, 14.4549951553, 23.438873291, 9.02401542664, 1.23370754719, 50.5988388062, 126.717834473, 189.045547485, 114.956336975], [135.438171387, -42.2908248901, 54.3188667297, 12.0242424011, 17.3677272797, 21.1790084839, 13.2584123611, 13.3488473892, -19.7991027832, -14.6673078537, 26.06366539, 114.956336975, 185.769958496]], "icov": [[0.000181403127499, 1.78639566002e-05, 0.00022778622224, -3.55775409844e-05, 0.000156795198563, -0.000301968771964, 0.000369854038581, -0.000166955258464, 0.000183245821972, -0.000116957184218, -0.000161540796398, 8.33977992443e-06, -0.000159321920364], [1.78639566002e-05, 0.00125733215827, 3.90661734855e-05, 0.000437307404354, -0.000870841904543, -0.000123757912661, -0.00113453273661, -0.000331216928316, -0.000265020760708, 7.97728625912e-06, 0.000306866393657, 0.000300361774862, 0.000177241745405], [0.00022778622224, 3.90661734855e-05, 0.00177388114389, -0.000973092333879, -0.000558059487958, -0.000542735273484, 0.000909107446205, -0.000858292449266, -0.000566635862924, 0.000848349940497, -0.000603253720328, 0.000214773855987, -0.00054371060105], [-3.55775409844e-05, 0.000437307404354, -0.000973092333879, 0.00575875677168, -0.0014657251304, -0.000347659166437, -0.00199025822803, 0.000944597937632, -0.00111433735583, 9.24453888729e-06, 0.000510497367941, 0.000391068926547, -0.000143540863064], [0.000156795198563, -0.000870841904543, -0.000558059487958, -0.0014657251304, 0.00597804086283, -0.00309446291067, 0.00257995026186, -0.00147513544653, 0.00097837659996, -0.00203074072488, 0.000858184474055, -0.000575668760575, -0.000158984170412], [-0.000301968771964, -0.000123757912661, -0.000542735273484, -0.000347659166437, -0.00309446291067, 0.0115210106596, -0.00739340530708, 0.00341943395324, -0.00237045157701, 0.00405178451911, -0.00360143301077, 0.00228678807616, -0.00121157045942], [0.000369854038581, -0.00113453273661, 0.000909107446205, -0.00199025822803, 0.00257995026186, -0.00739340530708, 0.0154381021857, -0.0112705985084, 0.00587834184989, -0.00473802583292, 0.0029686447233, -0.00351106934249, 0.00165342434775], [-0.000166955258464, -0.000331216928316, -0.000858292449266, 0.000944597937632, -0.00147513544653, 0.00341943395324, -0.0112705985084, 0.0211246479303, -0.0132229570299, 0.00621447758749, -0.00320078176446, 0.00248212274164, -0.00273486925289], [0.000183245821972, -0.000265020760708, -0.000566635862924, -0.00111433735583, 0.00097837659996, -0.00237045157701, 0.00587834184989, -0.0132229570299, 0.0216652713716, -0.0139744086191, 0.00722624128684, -0.00338255427778, 0.00303831021301], [-0.000116957184218, 7.97728625912e-06, 0.000848349940497, 9.24453888729e-06, -0.00203074072488, 0.00405178451911, -0.00473802583292, 0.00621447758749, -0.0139744086191, 0.0217340178788, -0.014812248759, 0.0052731228061, -0.00150031875819], [-0.000161540796398, 0.000306866393657, -0.000603253720328, 0.000510497367941, 0.000858184474055, -0.00360143301077, 0.0029686447233, -0.00320078176446, 0.00722624128684, -0.014812248759, 0.0201892014593, -0.0123433806002, 0.00508578401059], [8.33977992443e-06, 0.000300361774862, 0.000214773855987, 0.000391068926547, -0.000575668760575, 0.00228678807616, -0.00351106934249, 0.00248212274164, -0.00338255427778, 0.0052731228061, -0.0123433806002, 0.0183519609272, -0.00972924288362], [-0.000159321920364, 0.000177241745405, -0.00054371060105, -0.000143540863064, -0.000158984170412, -0.00121157045942, 0.00165342434775, -0.00273486925289, 0.00303831021301, -0.00150031875819, 0.00508578401059, -0.00972924288362, 0.0114516606554]]}, "spectral_contrast_coeffs": {"dmean": [0.0299973543733, 0.0329078696668, 0.0310572255403, 0.0265553798527, 0.0178849566728, 0.0121196797118], "dmean2": [0.0478898845613, 0.0505971983075, 0.0487986207008, 0.0426901727915, 0.0298167709261, 0.0203472413123], "dvar": [0.000655352487229, 0.00077850103844, 0.00063727091765, 0.000497521949001, 0.000213600869756, 0.000110179134936], "dvar2": [0.00174546148628, 0.00188502762467, 0.00156311737373, 0.00122978293803, 0.000555640959647, 0.00029852744774], "max": [-0.255525827408, -0.318867683411, -0.413537114859, -0.377564549446, -0.580064177513, -0.636787116528], "mean": [-0.639634311199, -0.649526059628, -0.716117203236, -0.704158306122, -0.773329079151, -0.803686916828], "median": [-0.652103304863, -0.639124333858, -0.729068636894, -0.709237456322, -0.776306927204, -0.804472029209], "min": [-0.980726063251, -0.980118572712, -0.977191984653, -0.973421394825, -0.966111660004, -0.964322447777], "var": [0.0128941638395, 0.013094834052, 0.00741060543805, 0.00924867670983, 0.00303722941317, 0.00128109985963]}, "spectral_contrast_valleys": {"dmean": [0.286359965801, 0.260575562716, 0.2579010427, 0.217479422688, 0.164787247777, 0.191263407469], "dmean2": [0.464659482241, 0.409707337618, 0.419011414051, 0.357298493385, 0.254880547523, 0.252332031727], "dvar": [0.0735797286034, 0.0520274117589, 0.0556767955422, 0.046690735966, 0.0339012295008, 0.046