{"lowlevel": {"average_loudness": 0.964247941971, "barkbands_crest": {"dmean": 2.70733094215, "dmean2": 4.21147060394, "dvar": 6.34886312485, "dvar2": 15.0749330521, "max": 23.4591217041, "mean": 10.9872684479, "median": 10.3497114182, "min": 2.85746073723, "var": 15.9292984009}, "barkbands_flatness_db": {"dmean": 0.0281100925058, "dmean2": 0.0456725731492, "dvar": 0.00102521968074, "dvar2": 0.00288394442759, "max": 0.328666478395, "mean": 0.164838775992, "median": 0.162042245269, "min": 0.0282360967249, "var": 0.00233036233112}, "barkbands_kurtosis": {"dmean": 5.4504108429, "dmean2": 8.91652774811, "dvar": 129.250198364, "dvar2": 336.238220215, "max": 131.164886475, "mean": 6.06514978409, "median": 2.92939090729, "min": -1.61650383472, "var": 120.619194031}, "barkbands_skewness": {"dmean": 0.778508007526, "dmean2": 1.13328921795, "dvar": 0.942205905914, "dvar2": 2.0584435463, "max": 9.94955444336, "mean": 1.66026389599, "median": 1.48784279823, "min": -1.94883716106, "var": 1.96690666676}, "barkbands_spread": {"dmean": 4.53314828873, "dmean2": 7.26398038864, "dvar": 29.1941566467, "dvar2": 78.5364379883, "max": 74.859588623, "mean": 15.4143314362, "median": 13.668390274, "min": 1.19619882107, "var": 80.8822860718}, "dissonance": {"dmean": 0.0301913376898, "dmean2": 0.050487536937, "dvar": 0.000791113532614, "dvar2": 0.00203435798176, "max": 0.499999880791, "mean": 0.429682165384, "median": 0.436954557896, "min": 0.24355866015, "var": 0.00192812993191}, "dynamic_complexity": 3.1849629879, "erbbands_crest": {"dmean": 2.95586490631, "dmean2": 4.5258641243, "dvar": 7.47095346451, "dvar2": 16.9024047852, "max": 30.1917171478, "mean": 12.8283452988, "median": 11.9470567703, "min": 2.85122895241, "var": 27.1958045959}, "erbbands_flatness_db": {"dmean": 0.0239736586809, "dmean2": 0.0347417145967, "dvar": 0.000585193571169, "dvar2": 0.00124026392587, "max": 0.34758529067, "mean": 0.169451490045, "median": 0.163920208812, "min": 0.0515706166625, "var": 0.00221370486543}, "erbbands_kurtosis": {"dmean": 1.37443482876, "dmean2": 2.1366083622, "dvar": 3.4462685585, "dvar2": 7.89274549484, "max": 32.0655822754, "mean": 2.05129265785, "median": 1.21928071976, "min": -1.54130709171, "var": 10.0327558517}, "erbbands_skewness": {"dmean": 0.405983656645, "dmean2": 0.619939982891, "dvar": 0.149740919471, "dvar2": 0.337338715792, "max": 3.84553718567, "mean": 0.413903951645, "median": 0.453344404697, "min": -2.62433505058, "var": 0.674703419209}, "erbbands_spread": {"dmean": 8.32532596588, "dmean2": 12.6710424423, "dvar": 92.6430892944, "dvar2": 213.103820801, "max": 119.976509094, "mean": 28.4209842682, "median": 24.4849853516, "min": 2.45837020874, "var": 267.095916748}, "hfc": {"dmean": 6.08150577545, "dmean2": 9.17916584015, "dvar": 66.5350723267, "dvar2": 150.751190186, "max": 66.7668762207, "mean": 15.9093837738, "median": 13.1914319992, "min": 1.1062983504e-16, "var": 116.942176819}, "melbands_crest": {"dmean": 3.55797839165, "dmean2": 5.72771549225, "dvar": 11.6434726715, "dvar2": 28.768157959, "max": 30.4635601044, "mean": 15.6086797714, "median": 15.0233469009, "min": 2.50869822502, "var": 34.1206016541}, "melbands_flatness_db": {"dmean": 0.0332329645753, "dmean2": 0.0534186698496, "dvar": 0.00156462239102, "dvar2": 0.0040740869008, "max": 0.466352075338, "mean": 0.249172657728, "median": 0.249635785818, "min": 0.0066177919507, "var": 0.00513796787709}, "melbands_kurtosis": {"dmean": 11.0386171341, "dmean2": 17.6703186035, "dvar": 509.577911377, "dvar2": 1246.97900391, "max": 417.363250732, "mean": 12.9886894226, "median": 5.92749881744, "min": -1.8060324192, "var": 538.727966309}, "melbands_skewness": {"dmean": 0.985876977444, "dmean2": 1.44849300385, "dvar": 1.55658197403, "dvar2": 3.29771733284, "max": 17.0743122101, "mean": 2.34522032738, "median": 2.05194568634, "min": -1.78916728497, "var": 3.31197929382}, "melbands_spread": {"dmean": 4.95064687729, "dmean2": 7.56751346588, "dvar": 37.59765625, "dvar2": 78.509765625, "max": 149.747268677, "mean": 17.3988666534, "median": 15.0827636719, "min": 0.810844957829, "var": 158.86781311}, "pitch_salience": {"dmean": 0.0720864236355, "dmean2": 0.118827141821, "dvar": 0.0050580590032, "dvar2": 0.0142314583063, "max": 0.827319741249, "mean": 0.476777672768, "median": 0.47214537859, "min": 0.126968801022, "var": 0.0116483494639}, "silence_rate_20dB": {"dmean": 0, "dmean2": 0, "dvar": 0, "dvar2": 0, "max": 1, "mean": 1, "median": 1, "min": 1, "var": 0}, "silence_rate_30dB": {"dmean": 0.107476636767, "dmean2": 0.215009093285, "dvar": 0.0959296524525, "dvar2": 0.173451676965, "max": 1, "mean": 0.885024666786, "median": 1, "min": 0, "var": 0.10175293684}, "silence_rate_60dB": {"dmean": 0.00415368657559, "dmean2": 0.00830953009427, "dvar": 0.00413634907454, "dvar2": 0.00927880778909, "max": 1, "mean": 0.0412665456533, "median": 0, "min": 0, "var": 0.0395638793707}, "spectral_centroid": {"dmean": 164.928268433, "dmean2": 261.070953369, "dvar": 60423.9296875, "dvar2": 103933.359375, "max": 10872.9970703, "mean": 898.083557129, "median": 740.815002441, "min": 196.791412354, "var": 406404.84375}, "spectral_complexity": {"dmean": 2.07684326172, "dmean2": 3.28641915321, "dvar": 4.86996936798, "dvar2": 10.5243434906, "max": 32, "mean": 12.2237215042, "median": 12, "min": 0, "var": 20.1015644073}, "spectral_decrease": {"dmean": 8.0893780563e-09, "dmean2": 1.33259296931e-08, "dvar": 2.71300788418e-16, "dvar2": 7.0172958029e-16, "max": 1.7553810849e-14, "mean": -1.16215774781e-08, "median": -6.82742262725e-09, "min": -1.13268363577e-07, "var": 2.38105328987e-16}, "spectral_energy": {"dmean": 0.0310117695481, "dmean2": 0.0509873777628, "dvar": 0.00393642531708, "dvar2": 0.0101680140942, "max": 0.432315945625, "mean": 0.0453054457903, "median": 0.0272262468934, "min": 1.01102909695e-20, "var": 0.00347498920746}, "spectral_energyband_high": {"dmean": 0.000195958244149, "dmean2": 0.000312510645017, "dvar": 1.06296226932e-07, "dvar2": 2.70103839739e-07, "max": 0.0036162363831, "mean": 0.000365469139069, "median": 0.000162571945111, "min": 7.18897904388e-21, "var": 2.46680741611e-07}, "spectral_energyband_low": {"dmean": 0.0255745369941, "dmean2": 0.0436147004366, "dvar": 0.00370698072948, "dvar2": 0.00979711674154, "max": 0.377367734909, "mean": 0.0268271807581, "median": 0.00979949533939, "min": 6.0255196492e-23, "var": 0.00291732349433}, "spectral_energyband_middle_high": {"dmean": 0.00177191139665, "dmean2": 0.00264669884928, "dvar": 6.03556327405e-06, "dvar2": 1.31781152959e-05, "max": 0.048952139914, "mean": 0.00502974772826, "median": 0.00399767095223, "min": 1.24969734067e-21, "var": 2.22680246225e-05}, "spectral_energyband_middle_low": {"dmean": 0.00750590628013, "dmean2": 0.0117016555741, "dvar": 0.000232929523918, "dvar2": 0.000564345798921, "max": 0.154801949859, "mean": 0.0146470647305, "median": 0.0096999835223, "min": 5.07687452587e-22, "var": 0.000283510278678}, "spectral_entropy": {"dmean": 0.260713726282, "dmean2": 0.417121738195, "dvar": 0.0740945115685, "dvar2": 0.202927544713, "max": 9.79835700989, "mean": 7.19967603683, "median": 7.19270849228, "min": 5.83754062653, "var": 0.229277089238}, "spectral_flux": {"dmean": 0.0556248053908, "dmean2": 0.0901327207685, "dvar": 0.00795198231936, "dvar2": 0.0148729477078, "max": 0.540721297264, "mean": 0.105520531535, "median": 0.0640682205558, "min": 1.00549943371e-10, "var": 0.0117789106444}, "spectral_kurtosis": {"dmean": 2.75502109528, "dmean2": 4.42974758148, "dvar": 13.4461784363, "dvar2": 34.078453064, "max": 48.443649292, "mean": 7.3521027565, "median": 5.95377349854, "min": -1.23072457314, "var": 32.3385925293}, "spectral_rms": {"dmean": 0.0017026825808, "dmean2": 0.00259049399756, "dvar": 7.62710214985e-06, "dvar2": 1.7945014406e-05, "max": 0.0205370802432, "mean": 0.00578907039016, "median": 0.00515385204926, "min": 3.14065245165e-12, "var": 1.06871630123e-05}, "spectral_rolloff": {"dmean": 267.088409424, "dmean2": 457.929779053, "dvar": 422697.0625, "dvar2": 926837.625, "max": 19530.6152344, "mean": 1230.22644043, "median": 839.794921875, "min": 86.1328125, "var": 5709257.5}, "spectral_skewness": {"dmean": 0.330771416426, "dmean2": 0.528388917446, "dvar": 0.124275736511, "dvar2": 0.329862087965, "max": 5.18689727783, "mean": 2.10753941536, "median": 2.08731460571, "min": 0.0299172401428, "var": 0.429626703262}, "spectral_spread": {"dmean": 868942.875, "dmean2": 1325364, "dvar": 1337318440960.0, "dvar2": 2954746658820.0, "max": 40440752, "mean": 4857522, "median": 4796193.5, "min": 1393337.625, "var": 3030105718780.0}, "spectral_strongpeak": {"dmean": 0.530162274837, "dmean2": 0.894578695297, "dvar": 0.603986084461, "dvar2": 1.41825938225, "max": 8.14060592651, "mean": 0.9717015028, "median": 0.53504472971, "min": 5.91642734804e-09, "var": 1.14016532898}, "zerocrossingrate": {"dmean": 0.00893090758473, "dmean2": 0.0116197243333, "dvar": 0.000157587579452, "dvar2": 0.000214225088712, "max": 0.58056640625, "mean": 0.0521610602736, "median": 0.0390625, "min": 0.0087890625, "var": 0.00336311967112}, "barkbands": {"dmean": [0.000339568621712, 0.0162508934736, 0.0100488942116, 0.00184429110959, 0.00524242501706, 0.00073068815982, 0.000581270724069, 0.000472332263598, 0.000696458853781, 0.000726949307136, 0.000507388089318, 0.00040698601515, 0.000382286292734, 0.000292789685773, 9.62308986345e-05, 5.08344892296e-05, 5.66939088458e-05, 3.96434479626e-05, 3.16658661177e-05, 3.16700097756e-05, 3.16981422657e-05, 3.35976146744e-05, 4.34520661656e-05, 2.61290733761e-05, 7.61387855164e-05, 8.10800611362e-06, 5.30861143488e-06], "dmean2": [0.000301983614918, 0.0278583001345, 0.0178831871599, 0.00309425289743, 0.00831621605903, 0.0011696240399, 0.000872119504493, 0.000639430014417, 0.000916900287848, 0.00101752497721, 0.00080280151451, 0.000595458375756, 0.000617818615865, 0.000459660659544, 0.000142693927046, 7.87839526311e-05, 8.32024597912e-05, 6.63407117827e-05, 5.250639515e-05, 5.10685422341e-05, 4.87435754621e-05, 5.44937574887e-05, 7.33998604119e-05, 3.95535535063e-05, 0.000131083055749, 1.1458742847e-05, 7.5824191299e-06], "dvar": [2.06594208407e-07, 0.00162641424686, 0.000593944394495, 8.88623162609e-06, 0.000165003570146, 2.87918237518e-06, 7.6888301237e-07, 1.74725403213e-06, 1.84563953098e-06, 3.44871364177e-06, 1.41077327953e-06, 6.2382298438e-07, 4.58356964828e-07, 7.95084133642e-07, 5.24539558455e-08, 1.74393903762e-08, 2.06351931098e-08, 1.23975443245e-08, 3.4140332783e-09, 4.02554301004e-09, 3.30133231863e-09, 2.75654454818e-09, 7.80971287639e-09, 1.50959988954e-09, 3.26058149369e-08, 1.8928912604e-10, 1.14917596272e-10], "dvar2": [2.73679575002e-07, 0.00436471682042, 0.00161702185869, 2.29480065173e-05, 0.000404959137086, 7.11879874871e-06, 1.70625082774e-06, 2.99247039948e-06, 3.16177511195e-06, 6.43973271508e-06, 3.40313022207e-06, 1.37436541081e-06, 1.27537907701e-06, 2.17800743485e-06, 9.97826958837e-08, 3.59484957357e-08, 3.34213616782e-08, 2.93007431651e-08, 9.07762398583e-09, 1.03420569886e-08, 8.76560068974e-09, 7.14241732425e-09, 2.05316617041e-08, 3.26011417862e-09, 8.80971811057e-08, 3.53375245732e-10, 1.89466844991e-10], "max": [0.00488355243579, 0.248570024967, 0.153016641736, 0.028839815408, 0.134781718254, 0.0390407592058, 0.0153213450685, 0.044889677316, 0.0328448265791, 0.0485380738974, 0.0288480557501, 0.0138422641903, 0.00765762524679, 0.0231571886688, 0.00585220102221, 0.00330564682372, 0.00429284991696, 0.0026117451489, 0.00141521391924, 0.00162776804063, 0.0015350508038, 0.00112761266064, 0.000983000383712, 0.000870394287631, 0.00143103953451, 0.000137320050271, 0.000107198044134], "mean": [0.000812879181467, 0.0152345374227, 0.00930472183973, 0.00253567053005, 0.00653549749404, 0.00138305290602, 0.00128921971191, 0.00101456593256, 0.00175571278669, 0.0016721818829, 0.000730565981939, 0.000942906423006, 0.000600058876444, 0.000596761121415, 0.000186267992831, 9.42828701227e-05, 0.000107599124021, 5.9059511841e-05, 5.18824199389e-05, 6.22669322183e-05, 6.2743521994e-05, 6.19384954916e-05, 6.27070476185e-05, 5.2076382417e-05, 7.58845199016e-05, 1.22736755657e-05, 8.21389403427e-06], "median": [0.000144948062371, 0.0022962228395, 0.00261857965961, 0.00141693081241, 0.00217577582225, 0.000795049185399, 0.000745752127841, 0.000247350748396, 0.000480106915347, 0.000530194141902, 0.000132384026074, 0.000181462804903, 0.000173984502908, 0.000106819548819, 8.76369304024e-05, 4.72202300443e-05, 4.74006119475e-05, 2.85005535261e-05, 2.48478827416e-05, 2.48794585787e-05, 3.01437539747e-05, 2.18315635721e-05, 1.92054958461e-05, 1.99487676582e-05, 2.07707835216e-05, 4.54022483609e-06, 3.49825972989e-06], "min": [6.36810766196e-24, 4.00233944518e-23, 5.58924004669e-24, 3.23893350365e-23, 8.41811773534e-23, 6.53704924567e-23, 1.34729352054e-22, 6.46158113168e-23, 7.3819003425e-23, 7.52700846612e-23, 6.47988144251e-23, 4.50742341697e-23, 3.37594822992e-23, 1.47067363804e-22, 6.99561030335e-23, 7.28321636762e-23, 1.813352922e-22, 1.70694833388e-22, 2.97452411518e-22, 3.70495100082e-22, 4.33600362672e-22, 4.90441867726e-22, 6.8380664502e-22, 8.69795257306e-22, 1.1644033267e-21, 1.53908777044e-21, 1.93599623079e-21], "var": [1.19145784083e-06, 0.00127148942556, 0.000404592341511, 9.61156911217e-06, 0.000175662280526, 4.45481100542e-06, 2.77880576505e-06, 8.8483966465e-06, 8.84568908077e-06, 1.49913248606e-05, 2.78653760688e-06, 2.82142605101e-06, 8.12840767139e-07, 1.8480137669e-06, 1.28556365553e-07, 4.3733397348e-08, 6.85019259095e-08, 1.58516861859e-08, 6.82379264205e-09, 1.15017044777e-08, 8.10931410911e-09, 1.02574633232e-08, 1.05669455408e-08, 6.82195278046e-09, 2.53359448976e-08, 3.87169796223e-10, 2.1204640821e-10]}, "erbbands": {"dmean": [0.24760620296, 4.52220630646, 13.21854496, 7.03125095367, 10.3034801483, 19.2857379913, 16.6426124573, 3.81259846687, 7.52486038208, 7.44209480286, 11.6890058517, 16.1388721466, 14.8595724106, 23.311126709, 19.4111213684, 17.1034145355, 17.1513710022, 13.0426368713, 9.19917011261, 3.95631885529, 3.21453237534, 2.8137614727, 2.21292448044, 1.75823247433, 1.6562962532, 1.47240805626, 1.41023492813, 1.20251345634, 1.27047288418, 0.747669756413, 1.68689107895, 0.736704528332, 0.396451622248, 1.26776587963, 0.309111475945, 0.0425420477986, 0.0136068640277, 0.0056791654788, 0.000921086000744, 6.71023008181e-05], "dmean2": [0.364971846342, 8.03137016296, 23.9365673065, 11.8014583588, 17.2198390961, 30.4703826904, 25.8599128723, 6.21396255493, 11.7120418549, 10.4732465744, 15.4367370605, 20.3484630585, 20.5345230103, 35.1744537354, 30.1025600433, 25.2123203278, 27.113286972, 20.6462306976, 14.5635652542, 5.89806890488, 4.74244785309, 4.31270837784, 3.56926679611, 2.87908792496, 2.77629876137, 2.35539627075, 2.22995996475, 1.8770904541, 2.05894565582, 1.22157406807, 2.86749410629, 1.16307044029, 0.604453206062, 2.20858240128, 0.517265319824, 0.0641480237246, 0.0191463641822, 0.00816309265792, 0.0012687217677, 9.71460030996e-05], "dvar": [0.222436130047, 139.831710815, 1137.16015625, 176.972335815, 816.522888184, 2305.12792969, 2161.8203125, 59.0944061279, 167.881820679, 151.48336792, 852.242370605, 973.100158691, 1621.77709961, 2464.06176758, 1435.84545898, 1211.49169922, 1023.74310303, 920.166015625, 1054.59057617, 120.146255493, 84.3893890381, 30.1286811829, 32.8827552795, 10.3063688278, 9.04797649384, 11.3927078247, 8.25423240662, 3.4678375721, 3.9241168499, 1.39748573303, 14.1272954941, 1.25953161716, 0.445721149445, 9.62500286102, 0.449748516083, 0.0044809654355, 0.000577191647608, 0.00011389406427, 3.64446214007e-06, 1.19118501729e-08], "dvar2": [0.467949450016, 380.653686523, 3120.39331055, 455.679656982, 2135.69799805, 5667.51660156, 5156.06152344, 147.470809937, 397.692749023, 284.024475098, 1472.05725098, 1398.35302734, 2792.83862305, 5789.31152344, 3363.00878906, 2681.19189453, 2776.73120117, 2383.61035156, 2858.25292969, 194.985031128, 168.181976318, 56.9517593384, 78.3016891479, 25.5061149597, 24.7928543091, 28.3413772583, 22.038022995, 8.88077831268, 10.0700750351, 3.61136031151, 37.1719818115, 2.73148345947, 1.09958767891, 26.0525894165, 1.20451450348, 0.00995960179716, 0.00105978944339, 0.000196723267436, 5.9318813328e-06, 2.27036505152e-08], "max": [3.52227377892, 69.6407012939, 197.444503784, 132.603240967, 284.418365479, 573.842956543, 944.281188965, 128.632064819, 228.9269104, 300.658843994, 871.578369141, 897.743286133, 1238.17919922, 1195.81335449, 873.409973145, 703.420532227, 377.518554688, 477.141265869, 875.14074707, 423.139434814, 227.06451416, 143.393325806, 108.981376648, 55.3478851318, 87.2383117676, 86.436340332, 79.4768829346, 32.2795944214, 41.5156478882, 23.5415039062, 43.6226615906, 18.4185199738, 16.6722736359, 24.4039573669, 5.24771928787, 0.830776631832, 0.332194268703, 0.116874799132, 0.021060699597, 0.00109863653779], "mean": [0.411917686462, 3.49215841293, 11.2350254059, 9.16895198822, 11.4747629166, 24.4468708038, 24.7811527252, 8.50640392303, 16.652349472, 16.7445087433, 27.3165607452, 42.2101516724, 39.6094894409, 46.7920303345, 35.1711921692, 39.0155715942, 28.074174881, 30.2384929657, 17.0882701874, 7.59999084473, 6.38199710846, 5.42149066925, 3.59082579613, 2.90078687668, 2.97174978256, 2.97305464745, 2.80638074875, 2.31526994705, 2.30009460449, 1.43179154396, 2.16570186615, 1.29352390766, 0.765001475811, 1.17878973484, 0.352847278118, 0.0643867850304, 0.0202831253409, 0.00760624092072, 0.00139070278965, 0.000132539193146], "median": [0.0527352690697, 0.557933688164, 2.51635432243, 5.47463035583, 4.49504804611, 6.82696437836, 9.80323123932, 5.56706571579, 7.94656658173, 8.49000644684, 10.8258609772, 12.6025114059, 13.6942634583, 22.2539405823, 15.1831016541, 11.8054361343, 11.719783783, 6.46020650864, 6.8000998497, 3.58585643768, 3.00944328308, 2.87006545067, 1.62887978554, 1.53567266464, 1.43500554562, 1.10878789425, 1.16677808762, 1.09711635113, 0.842403054237, 0.479767054319, 0.6327470541, 0.454704880714, 0.279549509287, 0.28155207634, 0.119358368218, 0.0249823015183, 0.00724278343841, 0.00215281476267, 0.000544746580999, 8.86328489287e-05], "min": [1.53472356472e-21, 7.55676664712e-21, 5.6972266638e-21, 6.39468322276e-20, 2.86219458743e-19, 2.07526962411e-19, 2.07162124062e-19, 6.76673497437e-19, 1.73053949304e-18, 1.5422146626e-18, 1.7134196461e-18, 1.47981060622e-18, 3.09726137803e-18, 2.05256824674e-18, 2.02897395374e-18, 1.94779238047e-18, 1.9943523092e-18, 6.79673381665e-18, 4.4459965308e-18, 2.80944946736e-18, 6.10268875087e-18, 9.31523491126e-18, 1.07896860075e-17, 9.02391596159e-18, 1.78219487502e-17, 1.87410125852e-17, 2.06446446879e-17, 1.37213687812e-17, 1.5197073056e-17, 1.96384522646e-17, 2.10743319289e-17, 1.40855491079e-17, 1.56704255072e-17, 1.45574506843e-17, 8.27496595547e-18, 5.29933011278e-18, 2.70073456702e-18, 1.30532078511e-18, 2.76993861672e-19, 2.89088024172e-20], "var": [0.427197039127, 95.4448623657, 741.018310547, 155.456069946, 665.584289551, 2633.55932617, 2930.9375, 102.957794189, 574.753479004, 597.126098633, 4049.77758789, 5655.31347656, 8042.58642578, 5827.39306641, 3189.25219727, 4750.73242188, 1693.09191895, 3539.77758789, 2052.44287109, 384.366394043, 238.099807739, 88.0167007446, 48.0560646057, 15.3046627045, 23.4060630798, 31.9128189087, 20.0959091187, 9.97940254211, 13.9825611115, 5.21884441376, 14.7629365921, 3.76638102531, 1.81855797768, 7.14849615097, 0.402920871973, 0.00869890116155, 0.00115912675392, 0.00020030826272, 6.76656600263e-06, 1.98885707903e-08]}, "gfcc": {"mean": [-14.1241540909, 102.969100952, -93.2165603638, 12.964840889, -52.4482536316, 19.4216384888, -26.4437389374, 1.32748377323, -21.9687232971, -3.71042275429, -12.7036380768, -5.49963903427, -5.83210086823], "cov": [[8865.00683594, 1429.54162598, 1186.59228516, 555.100769043, -583.624328613, 1043.52380371, -652.336914062, 253.463104248, -664.93170166, -61.9135513306, -251.865951538, 258.570220947, -22.32213974], [1429.54162598, 1924.90197754, 133.819732666, -43.3139152527, 221.414520264, 181.125946045, -6.5187048912, -3.234770298, 12.1277503967, -45.7038154602, 107.783203125, 84.6886825562, 181.466918945], [1186.59228516, 133.819732666, 769.712097168, 44.5022621155, 52.3846931458, 203.290390015, -34.6897201538, 90.3288726807, -106.728355408, 34.8903579712, -95.2738265991, 81.0904541016, -64.1992950439], [555.100769043, -43.3139152527, 44.5022621155, 415.012664795, -26.7913722992, 68.505897522, -18.3779354095, 57.3267288208, -3.01503348351, 21.0431480408, 25.6659908295, 37.2404098511, 49.9986839294], [-583.624328613, 221.414520264, 52.3846931458, -26.7913722992, 353.649017334, -19.0627040863, 154.155990601, -29.0989398956, 78.6420059204, 45.9286346436, 38.4427642822, -1.76296532154, 21.2977657318], [1043.52380371, 181.125946045, 203.290390015, 68.505897522, -19.0627040863, 330.550506592, -62.3497772217, 31.4941711426, -108.754585266, 5.91758441925, -4.38343763351, 36.7427177429, -9.39605426788], [-652.336914062, -6.5187048912, -34.6897201538, -18.3779354095, 154.155990601, -62.3497772217, 228.899414062, 21.8734645844, 74.62084198, 19.2424049377, 33.5379676819, 5.46877527237, 14.6350393295], [253.463104248, -3.234770298, 90.3288726807, 57.3267288208, -29.0989398956, 31.4941711426, 21.8734645844, 145.644165039, 44.2995681763, 3.65428638458, -25.2171916962, 15.1608896255, -7.06535243988], [-664.93170166, 12.1277503967, -106.728355408, -3.01503348351, 78.6420059204, -108.754585266, 74.62084198, 44.2995681763, 184.668838501, 46.5495376587, 29.9931678772, -34.7440719604, 17.5194969177], [-61.9135513306, -45.7038154602, 34.8903579712, 21.0431480408, 45.9286346436, 5.91758441925, 19.2424049377, 3.65428638458, 46.5495376587, 108.44783783, 35.8597640991, 4.35338020325, -11.6850137711], [-251.865951538, 107.783203125, -95.2738265991, 25.6659908295, 38.4427642822, -4.38343763351, 33.5379676819, -25.2171916962, 29.9931678772, 35.8597640991, 118.127449036, 38.5731086731, 36.1873054504], [258.570220947, 84.6886825562, 81.0904541016, 37.2404098511, -1.76296532154, 36.7427177429, 5.46877527237, 15.1608896255, -34.7440719604, 4.35338020325, 38.5731086731, 109.745384216, 47.6917610168], [-22.32213974, 181.466918945, -64.1992950439, 49.9986839294, 21.2977657318, -9.39605426788, 14.6350393295, -7.06535243988, 17.5194969177, -11.6850137711, 36.1873054504, 47.6917610168, 116.540176392]], "icov": [[0.000529647164512, -0.000544731330592, -1.59084756888e-05, -0.000573310826439, 0.000612810719758, -0.000600268889684, 0.000422602141043, -0.000478572881548, 0.00107924884651, -0.000921065220609, 0.00136012164876, -0.000707205967046, 0.000556868093554], [-0.000544731330592, 0.0014245309867, -0.000320073770126, 0.000970701978076, -0.00124788144603, 0.000181502036867, 0.000131026201416, 0.000163332457305, -0.00128944439348, 0.00181488657836, -0.00253622047603, 0.00127867958508, -0.00203907652758], [-1.59084756888e-05, -0.000320073770126, 0.00288911629468, -0.0002217698202, -0.000981713528745, -0.000633666000795, 0.000254000013229, -0.000986395752989, 0.000878910184838, -0.00170003820676, 0.00332307396457, -0.00323730101809, 0.0022090182174], [-0.000573310826439, 0.000970701978076, -0.0002217698202, 0.00371548905969, -0.00081093958579, 0.000211915859836, 6.94274058333e-05, -0.00112799822818, -0.000615706609096, 0.000581811356824, -0.00273011019453, 0.00157245714217, -0.00289420201443], [0.000612810719758, -0.00124788144603, -0.000981713528745, -0.00081093958579, 0.00653567910194, -0.00119313853793, -0.00329901254736, 0.00267634564079, -0.00103562453296, -0.00203270837665, 0.0019784711767, -0.000410148961237, 0.000658914097585], [-0.000600268889684, 0.000181502036867, -0.000633666000795, 0.000211915859836, -0.00119313853793, 0.00598210841417, 0.000362290738849, -0.00186290056445, 0.00283589377068, -0.000311003968818, -0.00300873839296, 0.00216114800423, -0.000703323574271], [0.000422602141043, 0.000131026201416, 0.000254000013229, 6.94274058333e-05, -0.00329901254736, 0.000362290738849, 0.00816453248262, -0.00311663048342, 0.000604575092439, 0.000297522346955, -0.000850618700497, -0.000984847196378, 1.10224164018e-05], [-0.000478572881548, 0.000163332457305, -0.000986395752989, -0.00112799822818, 0.00267634564079, -0.00186290056445, -0.00311663048342, 0.0138652976602, -0.00876954011619, 0.00250193383545, 0.00323359761387, -0.00403736671433, 0.00240456499159], [0.00107924884651, -0.00128944439348, 0.000878910184838, -0.000615706609096, -0.00103562453296, 0.00283589377068, 0.000604575092439, -0.00876954011619, 0.0169080551714, -0.00726074678823, -0.000254929385846, 0.00503418873996, -0.00247759418562], [-0.000921065220609, 0.00181488657836, -0.00170003820676, 0.000581811356824, -0.00203270837665, -0.000311003968818, 0.000297522346955, 0.00250193383545, -0.00726074678823, 0.0163972955197, -0.00775745371357, 0.000852868310176, 0.00106755853631], [0.00136012164876, -0.00253622047603, 0.00332307396457, -0.00273011019453, 0.0019784711767, -0.00300873839296, -0.000850618700497, 0.00323359761387, -0.000254929385846, -0.00775745371357, 0.0220486838371, -0.0113975647837, 0.00398864783347], [-0.000707205967046, 0.00127867958508, -0.00323730101809, 0.00157245714217, -0.000410148961237, 0.00216114800423, -0.000984847196378, -0.00403736671433, 0.00503418873996, 0.000852868310176, -0.0113975647837, 0.0216294340789, -0.0104399835691], [0.000556868093554, -0.00203907652758, 0.0022090182174, -0.00289420201443, 0.000658914097585, -0.000703323574271, 1.10224164018e-05, 0.00240456499159, -0.00247759418562, 0.00106755853631, 0.00398864783347, -0.0104399835691, 0.0178016591817]]}, "melbands": {"dmean": [0.00333085190505, 0.00676187872887, 0.00125697988551, 0.00113209686242, 0.000649796100333, 9.08027359401e-05, 0.000115973336506, 8.61689404701e-05, 0.000101963392808, 9.66660809354e-05, 7.97194807092e-05, 0.00010212995403, 7.91479396867e-05, 4.93059706059e-05, 3.86943938793e-05, 3.49360088876e-05, 2.3733222406e-05, 1.85092958418e-05, 5.7328834373e-06, 4.03471631216e-06, 3.92304309571e-06, 3.12094039145e-06, 2.49988192991e-06, 2.21208142648e-06, 1.37116865062e-06, 1.35238565235e-06, 1.20583308671e-06, 1.06286472601e-06, 8.81434516486e-07, 8.89520379133e-07, 7.68011489072e-07, 9.11705683393e-07, 4.48842769174e-07, 3.98551549097e-07, 1.15087527774e-06, 6.15300052687e-07, 3.91196891769e-07, 2.82060369727e-07, 3.19500401247e-07, 1.47267110151e-06], "dmean2": [0.00541678024456, 0.0121907051653, 0.0021261323709, 0.00180051440839, 0.00101942755282, 0.000148384962813, 0.000177878944669, 0.000119886433822, 0.000133071895107, 0.000125458784169, 0.000109694316052, 0.000151426997036, 0.000124476864585, 7.23938937881e-05, 6.09794988122e-05, 5.54612379347e-05, 3.78053737222e-05, 2.94970213872e-05, 8.71593510965e-06, 6.04996785114e-06, 5.79442485105e-06, 4.84124120703e-06, 3.82133339372e-06, 3.65104597222e-06, 2.25440453505e-06, 2.26096062761e-06, 2.04292587114e-06, 1.70544296907e-06, 1.41994689784e-06, 1.41021200761e-06, 1.2356190382e-06, 1.49324591803e-06, 7.27586211724e-07, 6.59624959098e-07, 1.97150120584e-06, 9.8860300568e-07, 6.21092567599e-07, 4.27229821298e-07, 5.18767478752e-07, 2.58400473285e-06], "dvar": [5.74256155232e-05, 0.000305082678096, 5.2745517678e-06, 1.02301673905e-05, 2.92929894385e-06, 3.41963648509e-08, 3.66707908483e-08, 2.80119820673e-08, 4.4877985772e-08, 3.51490392347e-08, 4.78511807955e-08, 5.11166078354e-08, 3.18550270606e-08, 9.2557073117e-09, 4.18306989047e-09, 3.57626683822e-09, 3.41035577556e-09, 5.63792301733e-09, 2.09703990284e-10, 9.46221781484e-11, 1.39104061603e-10, 3.46184712841e-11, 5.57968393711e-11, 6.12511916187e-11, 5.34978008074e-12, 7.63368708523e-12, 4.78423897721e-12, 7.90404200424e-12, 3.12908661655e-12, 2.82088740387e-12, 1.51240099003e-12, 2.30315939931e-12, 4.86143406347e-13, 4.15294534872e-13, 6.28855734847e-12, 1.12648941824e-12, 3.73403402382e-13, 2.99448129053e-13, 3.03450488478e-13, 1.40879799146e-11], "dvar2": [0.000147059559822, 0.000832811929286, 1.35186410262e-05, 2.52327499766e-05, 7.00657392372e-06, 8.60729372221e-08, 8.50617851711e-08, 4.94535363771e-08, 7.54976881012e-08, 5.66439339877e-08, 7.97966990262e-08, 1.16020196117e-07, 7.58753486707e-08, 2.04576640073e-08, 1.12300684307e-08, 9.32737531656e-09, 9.00799079773e-09, 1.55007775504e-08, 4.52365117587e-10, 1.4888298927e-10, 2.67223521089e-10, 6.40045585976e-11, 1.02675389024e-10, 1.42794623348e-10, 1.38122716389e-11, 2.09766318898e-11, 1.34543799712e-11, 1.94302317291e-11, 8.32203056467e-12, 7.63122377789e-12, 3.95005772882e-12, 6.09165712664e-12, 1.22785267197e-12, 1.08330369415e-12, 1.66281138164e-11, 2.63252527416e-12, 8.46955047328e-13, 7.5581245906e-13, 7.7510610777e-13, 3.81292705742e-11], "max": [0.0484391450882, 0.101522386074, 0.0204221252352, 0.0323350280523, 0.035611756146, 0.00352966482751, 0.00349475210533, 0.00557007035241, 0.0058399788104, 0.00483070453629, 0.00681805750355, 0.00532042095438, 0.00425189360976, 0.00157947069965, 0.000743596232496, 0.000700511795003, 0.00106044928543, 0.00207720184699, 0.000397350842832, 0.000372012204025, 0.000274517311482, 0.000186315766769, 0.000241464033024, 0.000200006223167, 3.26679182763e-05, 8.81561500137e-05, 4.51958003396e-05, 7.24771452951e-05, 4.87593097205e-05, 3.4440177842e-05, 1.90324681171e-05, 3.0955819966e-05, 1.31644192152e-05, 1.49978413901e-05, 2.90126990876e-05, 1.01809755506e-05, 1.40073461807e-05, 1.61897696671e-05, 8.69535597303e-06, 2.94349883916e-05], "mean": [0.00389236211777, 0.00555906258523, 0.00164540344849, 0.00132327654865, 0.000959175871685, 0.000196179098566, 0.000256788160186, 0.000194198219106, 0.000246967130806, 0.000245011557126, 0.000205594536965, 0.000208518598811, 0.000123550795252, 0.000116680421343, 6.60948207951e-05, 6.48030836601e-05, 5.24328424945e-05, 3.1349445635e-05, 1.10538712761e-05, 7.39676033845e-06, 7.50720255382e-06, 5.79231027587e-06, 4.07827246818e-06, 3.19140895044e-06, 2.1700382149e-06, 2.18530612983e-06, 2.12431541513e-06, 1.94442486645e-06, 1.62920173352e-06, 1.65729875334e-06, 1.29864849896e-06, 1.51132519477e-06, 8.32368641568e-07, 7.31510510832e-07, 1.40493625622e-06, 9.01710563994e-07, 7.04949002284e-07, 5.40907592494e-07, 4.87104443891e-07, 1.25069914247e-06], "median": [0.000513051520102, 0.00132732081693, 0.00099163246341, 0.000393174123019, 0.000391246459913, 0.000124732832774, 0.000131251596031, 8.95135672181e-05, 9.78375901468e-05, 6.82395038893e-05, 6.15594908595e-05, 8.74667603057e-05, 3.42826315318e-05, 2.11170736293e-05, 2.35801526287e-05, 1.72235868376e-05, 8.58280782268e-06, 8.95646735444e-06, 5.50866479898e-06, 3.29166459778e-06, 3.10864152198e-06, 3.09328152071e-06, 1.36431742703e-06, 1.36497112635e-06, 1.14128022233e-06, 9.95708774099e-07, 9.47073658608e-07, 6.03508397035e-07, 6.59697093397e-07, 7.20115110653e-07, 5.80840492148e-07, 5.1784201105e-07, 2.87891481321e-07, 2.26715897611e-07, 3.8085127585e-07, 2.85010713696e-07, 2.44491218382e-07, 1.78425196395e-07, 1.73636607315e-07, 2.49124923357e-07], "min": [1.27110972038e-23, 5.14790747452e-24, 1.78545413034e-23, 1.89628545876e-23, 7.84273915715e-24, 1.59479623142e-23, 2.6752598858e-23, 1.51539690799e-23, 1.43670077518e-23, 1.01094528711e-23, 1.50637439027e-23, 7.62357387616e-24, 7.71757848593e-24, 5.24836378321e-24, 4.40629618208e-24, 6.36117120802e-24, 1.31230245913e-23, 7.82050353482e-24, 4.41131649288e-24, 3.26631683782e-24, 8.57776582762e-24, 1.12295217605e-23, 6.78478359767e-24, 1.03132929513e-23, 6.12254906723e-24, 1.28143772401e-23, 1.14635531253e-23, 1.34908972527e-23, 1.30415991575e-23, 1.06691930707e-23, 7.28828353675e-24, 7.36291214497e-24, 1.21659761745e-23, 9.8858037047e-24, 1.3980813007e-23, 8.29643751843e-24, 8.34329427848e-24, 1.15034726425e-23, 9.47784192098e-24, 1.38531153591e-23], "var": [5.7647786889e-05, 0.000201133312657, 4.65485982204e-06, 9.72122779785e-06, 3.93233358409e-06, 5.87110875472e-08, 1.28204135308e-07, 1.31129723968e-07, 2.28167579053e-07, 1.79121798283e-07, 2.47486752869e-07, 1.38850580811e-07, 6.33036094655e-08, 4.42112231269e-08, 8.92790374962e-09, 1.01589696655e-08, 1.12612505987e-08, 1.08021005474e-08, 4.52206772028e-10, 3.2346350598e-10, 4.20847467986e-10, 1.06583623871e-10, 1.56483395686e-10, 7.98871177543e-11, 7.62094380657e-12, 1.75453453849e-11, 1.04218864441e-11, 1.80248437703e-11, 6.91539230394e-12, 6.57114120062e-12, 3.52004406526e-12, 6.58102348658e-12, 1.86302102217e-12, 1.50205596659e-12, 6.38450663865e-12, 1.97262995869e-12, 1.35558014466e-12, 1.18040267231e-12, 6.11469967542e-13, 1.00263521444e-11]}, "mfcc": {"mean": [-668.769104004, 141.784408569, 18.0831279755, 8.5105676651, 1.94305825233, 10.1811637878, 6.55682182312, 3.18639373779, 2.89906215668, 0.408880501986, -1.77864265442, -1.40621614456, -3.64812445641], "cov": [[6887.70703125, 1040.81958008, 1000.92010498, 94.5516967773, 217.651306152, 313.766326904, 206.357757568, 189.0365448, -48.5429039001, -161.320266724, -85.1898574829, -149.332366943, -99.6554107666], [1040.81958008, 1913.98657227, 20.6434516907, -19.9031352997, 177.259963989, 134.409210205, 85.7925186157, 83.5684738159, 50.0288047791, -54.7505531311, 31.9559841156, 16.274520874, -11.8094491959], [1000.92010498, 20.6434516907, 546.446350098, 15.9130954742, 83.263092041, 61.2038230896, 52.9153366089, 71.9203872681, 25.5358734131, -38.1643791199, -7.23921108246, -14.2135515213, 24.2602672577], [94.5516967773, -19.9031352997, 15.9130954742, 289.234100342, 38.3429298401, 13.0330972672, 22.1486663818, 20.2547798157, 52.1926422119, 17.2977905273, -4.20621013641, 18.2387561798, 31.2916164398], [217.651306152, 177.259963989, 83.263092041, 38.3429298401, 169.915298462, 86.3554840088, 36.1706962585, 19.8757820129, 11.8580980301, 10.7655286789, 27.9409236908, -4.21062660217, -6.37671852112], [313.766326904, 134.409210205, 61.2038230896, 13.0330972672, 86.3554840088, 166.06451416, 93.5490341187, 9.6469669342, -11.4907894135, -2.43482232094, 23.0116024017, -2.30274295807, -20.7163906097], [206.357757568, 85.7925186157, 52.9153366089, 22.1486663818, 36.1706962585, 93.5490341187, 142.991989136, 50.4594802856, 1.97486293316, -13.2705631256, 13.7040462494, -3.05755209923, -14.9259023666], [189.0365448, 83.5684738159, 71.9203872681, 20.2547798157, 19.8757820129, 9.6469669342, 50.4594802856, 122.226478577, 48.5550994873, -6.35239028931, -11.6146249771, -2.09483766556, 18.3595485687], [-48.5429039001, 50.0288047791, 25.5358734131, 52.1926422119, 11.8580980301, -11.4907894135, 1.97486293316, 48.5550994873, 117.902015686, 37.8213996887, 9.41769695282, 8.19418144226, 11.6730508804], [-161.320266724, -54.7505531311, -38.1643791199, 17.2977905273, 10.7655286789, -2.43482232094, -13.2705631256, -6.35239028931, 37.8213996887, 118.330612183, 59.4874572754, 2.79399204254, -25.182138443], [-85.1898574829, 31.9559841156, -7.23921108246, -4.20621013641, 27.9409236908, 23.0116024017, 13.7040462494, -11.6146249771, 9.41769695282, 59.4874572754, 118.754074097, 41.8912811279, -27.8318386078], [-149.332366943, 16.274520874, -14.2135515213, 18.2387561798, -4.21062660217, -2.30274295807, -3.05755209923, -2.09483766556, 8.19418144226, 2.79399204254, 41.8912811279, 112.6902771, 63.1523246765], [-99.6554107666, -11.8094491959, 24.2602672577, 31.2916164398, -6.37671852112, -20.7163906097, -14.9259023666, 18.3595485687, 11.6730508804, -25.182138443, -27.8318386078, 63.1523246765, 162.883544922]], "icov": [[0.000254976475844, -0.000138719158713, -0.000454213586636, -0.00016632360348, 0.000215213367483, -0.000354382558726, 0.000175393783138, -0.0002278569591, 0.000326990731992, 1.40389047374e-05, 0.000119576565339, 0.00015368325694, 0.000190238279174], [-0.000138719158713, 0.000719427247532, 0.000433595676441, 0.000263269961579, -0.000721826043446, -9.14590855245e-05, -2.77708859358e-05, -0.00019997288473, -0.000594284269027, 0.000639960926492, -0.000308588292683, -0.000156686917762, -1.82141429832e-05], [-0.000454213586636, 0.000433595676441, 0.00309016718529, 0.000409384025261, -0.00130954652559, 0.000138390823849, -0.000212755956454, -0.000663475540932, -0.00105010543484, 0.00114762270823, -0.000819946930278, 0.00039911546628, -0.000805908173788], [-0.00016632360348, 0.000263269961579, 0.000409384025261, 0.00423202523962, -0.00139405135997, 0.000635982956737, -0.0012522879988, 0.000781062117312, -0.00204743468203, -0.00048901810078, 0.000976723153144, -0.000831377925351, -0.000572787015699], [0.000215213367483, -0.000721826043446, -0.00130954652559, -0.00139405135997, 0.0101440139115, -0.005575761199, 0.0025554287713, -0.0013922638027, 0.000455982109997, -0.00028916404699, -0.00219303718768, 0.00185619259719, -0.000550512573682], [-0.000354382558726, -9.14590855245e-05, 0.000138390823849, 0.000635982956737, -0.005575761199, 0.0143988672644, -0.00902974326164, 0.00366992130876, 0.000481857219711, -0.000953540264163, 0.000620569160674, -0.00106742675416, 0.000343637657352], [0.000175393783138, -2.77708859358e-05, -0.000212755956454, -0.0012522879988, 0.0025554287713, -0.00902974326164, 0.0152047947049, -0.00669291662052, 0.00136278034188, 0.00227780314162, -0.00249858968891, 0.000835070910398, 0.000980636337772], [-0.0002278569591, -0.00019997288473, -0.000663475540932, 0.000781062117312, -0.0013922638027, 0.00366992130876, -0.00669291662052, 0.0141830537468, -0.00548391556367, 0.000108312990051, 0.0016453807475, 0.000182226474863, -0.00138460064773], [0.000326990731992, -0.000594284269027, -0.00105010543484, -0.00204743468203, 0.000455982109997, 0.000481857219711, 0.00136278034188, -0.00548391556367, 0.013749871403, -0.00488624442369, 0.00103100261185, -0.000717862334568, 0.000242534661083], [1.40389047374e-05, 0.000639960926492, 0.00114762270823, -0.00048901810078, -0.00028916404699, -0.000953540264163, 0.00227780314162, 0.000108312990051, -0.00488624442369, 0.0152506325394, -0.00853848829865, 0.0033363471739, -2.63964807345e-06], [0.000119576565339, -0.000308588292683, -0.000819946930278, 0.000976723153144, -0.00219303718768, 0.000620569160674, -0.00249858968891, 0.0016453807475, 0.00103100261185, -0.00853848829865, 0.0181591175497, -0.00957164634019, 0.00498387683183], [0.00015368325694, -0.000156686917762, 0.00039911546628, -0.000831377925351, 0.00185619259719, -0.00106742675416, 0.000835070910398, 0.000182226474863, -0.000717862334568, 0.0033363471739, -0.00957164634019, 0.0171023532748, -0.00752325635403], [0.000190238279174, -1.82141429832e-05, -0.000805908173788, -0.000572787015699, -0.000550512573682, 0.000343637657352, 0.000980636337772, -0.00138460064773, 0.000242534661083, -2.63964807345e-06, 0.00498387683183, -0.00752325635403, 0.0105032594875]]}, "spectral_contrast_coeffs": {"dmean": [0.0546945780516, 0.0417888872325, 0.0440120622516, 0.0329260341823, 0.0234564729035, 0.0197403226048], "dmean2": [0.0888043045998, 0.0660628303885, 0.0682522505522, 0.0520744137466, 0.0385159030557, 0.032538421452], "dvar": [0.00282009853981, 0.00133562332485, 0.00150365522131, 0.00073662266368, 0.000449939077953, 0.000348912086338], "dvar2": [0.00672012753785, 0.00326140900142, 0.00349129410461, 0.00178923318163, 0.00105239124969, 0.000863633467816], "max": [-0.254619926214, -0.438519656658, -0.428086876869, -0.528580605984, -0.611828804016, -0.636747777462], "mean": [-0.63417083025, -0.692479193211, -0.671959042549, -0.754869818687, -0.804716706276, -0.78431892395], "median": [-0.633089184761, -0.688057005405, -0.666496872902, -0.760418355465, -0.811378121376, -0.788903474808], "min": [-0.963697731495, -0.971051633358, -0.962030112743, -0.952172279358, -0.959045529366, -0.962707877159], "var": [0.00827729981393, 0.00493084639311, 0.00686200382188, 0.00403745332733, 0.00162119977176, 0.00118978112005]}, "spectral_contrast_valleys": {"dmean": [0.455471366644, 0.365667402744, 0.388890951872, 0.349383622408, 0.357853353024, 0.459600269794], "dmean2": [0.710436820984, 0.57363653183, 0.595694482327, 0.528863370419, 0.528710246086, 0.63499212265], "dvar": [0.287616372108, 0.177134141326, 0.199155271053, 0.152936428785, 0.173811942339, 0.277734965086], "dvar2": [0.511372089386, 0.340078353882, 0.383063554764, 0.262605249882, 0.311503469944, 0.548239648342], "max": [-4.57386064529, -4.96190547943, -5.496265