{"lowlevel": {"average_loudness": 0.478514492512, "barkbands_crest": {"dmean": 1.70108497143, "dmean2": 3.01766967773, "dvar": 2.41439223289, "dvar2": 7.78141498566, "max": 23.9774112701, "mean": 12.3565292358, "median": 11.5750427246, "min": 4.67130422592, "var": 14.2306804657}, "barkbands_flatness_db": {"dmean": 0.0163021832705, "dmean2": 0.0293559841812, "dvar": 0.000271569064353, "dvar2": 0.000850534706842, "max": 0.554037094116, "mean": 0.430065482855, "median": 0.43248835206, "min": 0.0755194276571, "var": 0.00301715312526}, "barkbands_kurtosis": {"dmean": 5.72936964035, "dmean2": 11.0277776718, "dvar": 506.88067627, "dvar2": 1967.81286621, "max": 562.720275879, "mean": 16.0998249054, "median": 1.95529007912, "min": -1.86380290985, "var": 3841.33740234}, "barkbands_skewness": {"dmean": 0.375894546509, "dmean2": 0.673785209656, "dvar": 0.278829038143, "dvar2": 1.01454496384, "max": 19.2628765106, "mean": 1.4884955883, "median": 0.925206661224, "min": -6.33148336411, "var": 7.57617473602}, "barkbands_spread": {"dmean": 0.55497944355, "dmean2": 0.926605939865, "dvar": 3.06350159645, "dvar2": 6.50090074539, "max": 123.98765564, "mean": 3.39152598381, "median": 2.47647857666, "min": 0.523644387722, "var": 46.2683944702}, "dissonance": {"dmean": 0.0466289892793, "dmean2": 0.0799052119255, "dvar": 0.00188020267524, "dvar2": 0.00506429793313, "max": 0.499729812145, "mean": 0.333848148584, "median": 0.33531036973, "min": 0.0880557671189, "var": 0.00588353164494}, "dynamic_complexity": 5.83986282349, "erbbands_crest": {"dmean": 1.60032343864, "dmean2": 2.74036359787, "dvar": 2.39256429672, "dvar2": 7.14644622803, "max": 27.0679855347, "mean": 12.3820915222, "median": 11.7209377289, "min": 2.83588910103, "var": 16.2022018433}, "erbbands_flatness_db": {"dmean": 0.0126668419689, "dmean2": 0.021994329989, "dvar": 0.000172508749529, "dvar2": 0.00051868672017, "max": 0.520906209946, "mean": 0.397095292807, "median": 0.408943772316, "min": 0.0253084301949, "var": 0.00432591931894}, "erbbands_kurtosis": {"dmean": 1.36246454716, "dmean2": 2.54102087021, "dvar": 15.7096567154, "dvar2": 61.9117393494, "max": 76.1104888916, "mean": 2.82309389114, "median": 0.876335263252, "min": -1.66415858269, "var": 61.1730232239}, "erbbands_skewness": {"dmean": 0.257863283157, "dmean2": 0.451105087996, "dvar": 0.1015759781, "dvar2": 0.37038731575, "max": 7.44950294495, "mean": 0.776526987553, "median": 0.566119849682, "min": -0.871800661087, "var": 1.06887710094}, "erbbands_spread": {"dmean": 1.21654450893, "dmean2": 2.1060256958, "dvar": 4.61291694641, "dvar2": 14.9116029739, "max": 101.675003052, "mean": 8.21145534515, "median": 6.72243213654, "min": 1.48380386829, "var": 52.7401351929}, "hfc": {"dmean": 1.24764382839, "dmean2": 1.92024898529, "dvar": 7.45446491241, "dvar2": 14.9678983688, "max": 100.629936218, "mean": 6.50119304657, "median": 3.31512403488, "min": 1.15271469712e-16, "var": 74.2675018311}, "melbands_crest": {"dmean": 1.75210618973, "dmean2": 3.04626011848, "dvar": 2.73459124565, "dvar2": 8.36639308929, "max": 29.0715351105, "mean": 14.5649595261, "median": 13.4971523285, "min": 2.86809206009, "var": 21.10338974}, "melbands_flatness_db": {"dmean": 0.0184829626232, "dmean2": 0.0335940793157, "dvar": 0.000375328818336, "dvar2": 0.00112902221736, "max": 0.719426453114, "mean": 0.575432181358, "median": 0.575105190277, "min": 0.0125870881602, "var": 0.00445019640028}, "melbands_kurtosis": {"dmean": 2.28928589821, "dmean2": 4.01073646545, "dvar": 44.6992454529, "dvar2": 142.248962402, "max": 467.367034912, "mean": 11.5830307007, "median": 2.22131443024, "min": -1.4868452549, "var": 2621.02172852}, "melbands_skewness": {"dmean": 0.314915090799, "dmean2": 0.56152421236, "dvar": 0.126039549708, "dvar2": 0.440559267998, "max": 14.5680742264, "mean": 1.40805661678, "median": 1.20259141922, "min": -0.611233770847, "var": 2.11990475655}, "melbands_spread": {"dmean": 0.679133117199, "dmean2": 1.10630881786, "dvar": 8.399518013, "dvar2": 10.8902692795, "max": 203.919036865, "mean": 4.64981937408, "median": 3.53592634201, "min": 0.378136754036, "var": 117.596237183}, "pitch_salience": {"dmean": 0.0444585718215, "dmean2": 0.0786924734712, "dvar": 0.00171535031404, "dvar2": 0.00555165670812, "max": 0.870741426945, "mean": 0.569853842258, "median": 0.587958693504, "min": 0.169027194381, "var": 0.0133097916842}, "silence_rate_20dB": {"dmean": 0, "dmean2": 0, "dvar": 0, "dvar2": 0, "max": 1, "mean": 1, "median": 1, "min": 1, "var": 0}, "silence_rate_30dB": {"dmean": 0.00756620429456, "dmean2": 0.0151362260804, "dvar": 0.0075089270249, "dvar2": 0.0169250629842, "max": 1, "mean": 0.979576408863, "median": 1, "min": 0, "var": 0.0200070757419}, "silence_rate_60dB": {"dmean": 0.0191677175462, "dmean2": 0.0380928367376, "dvar": 0.018799463287, "dvar2": 0.0467312932014, "max": 1, "mean": 0.135148763657, "median": 0, "min": 0, "var": 0.116882517934}, "spectral_centroid": {"dmean": 24.870267868, "dmean2": 40.9061813354, "dvar": 29318.9863281, "dvar2": 30720.8339844, "max": 10895.3974609, "mean": 332.092681885, "median": 310.655212402, "min": 130.282852173, "var": 83568.5234375}, "spectral_complexity": {"dmean": 0.751576304436, "dmean2": 1.28506553173, "dvar": 0.952435195446, "dvar2": 2.05847430229, "max": 20, "mean": 7.37544107437, "median": 7, "min": 0, "var": 12.43567276}, "spectral_decrease": {"dmean": 1.27103738645e-09, "dmean2": 2.08069050878e-09, "dvar": 6.95399822189e-18, "dvar2": 1.6880374022e-17, "max": 1.13713292255e-14, "mean": -5.69844882392e-09, "median": -3.11512882156e-09, "min": -6.47718607638e-08, "var": 5.00588067672e-17}, "spectral_energy": {"dmean": 0.00490355165675, "dmean2": 0.00801596045494, "dvar": 0.000103552738437, "dvar2": 0.000250210490776, "max": 0.253340065479, "mean": 0.0220968388021, "median": 0.0120412111282, "min": 1.08606867646e-20, "var": 0.000753204105422}, "spectral_energyband_high": {"dmean": 3.66339030222e-08, "dmean2": 5.25656318473e-08, "dvar": 8.21714929173e-14, "dvar2": 1.42124430714e-13, "max": 1.28915680762e-05, "mean": 1.69575343989e-07, "median": 9.56464205615e-08, "min": 7.84846655869e-21, "var": 3.0062169659e-13}, "spectral_energyband_low": {"dmean": 0.00223634135909, "dmean2": 0.00397584401071, "dvar": 2.85693295154e-05, "dvar2": 8.87826390681e-05, "max": 0.128254413605, "mean": 0.00555251119658, "median": 0.00202444684692, "min": 3.36273575639e-23, "var": 0.000117611765745}, "spectral_energyband_middle_high": {"dmean": 0.000110328910523, "dmean2": 0.000147611077409, "dvar": 1.92291977896e-07, "dvar2": 2.73795507155e-07, "max": 0.0252559706569, "mean": 0.00060402485542, "median": 0.000106811130536, "min": 1.78058321086e-21, "var": 1.97438725991e-06}, "spectral_energyband_middle_low": {"dmean": 0.00392015837133, "dmean2": 0.00621663359925, "dvar": 7.32416010578e-05, "dvar2": 0.000171283667441, "max": 0.201633661985, "mean": 0.0169886406511, "median": 0.00931198894978, "min": 3.66487711927e-22, "var": 0.000435067457147}, "spectral_entropy": {"dmean": 0.100168511271, "dmean2": 0.175954565406, "dvar": 0.0203149113804, "dvar2": 0.0614265166223, "max": 9.80181980133, "mean": 5.11950969696, "median": 5.04904174805, "min": 4.42788171768, "var": 0.214654028416}, "spectral_flux": {"dmean": 0.0117719732225, "dmean2": 0.0190932750702, "dvar": 0.000377020187443, "dvar2": 0.00092320231488, "max": 0.347994148731, "mean": 0.0367628745735, "median": 0.0268851071596, "min": 1.04214616103e-10, "var": 0.00117630709428}, "spectral_kurtosis": {"dmean": 44.8113899231, "dmean2": 77.7794952393, "dvar": 2242.59619141, "dvar2": 6661.49707031, "max": 625.882568359, "mean": 238.806732178, "median": 236.8099823, "min": -1.19126546383, "var": 12066.1347656}, "spectral_rms": {"dmean": 0.000443172437372, "dmean2": 0.000722955330275, "dvar": 4.35099565266e-07, "dvar2": 9.07249386728e-07, "max": 0.0157213564962, "mean": 0.00395864294842, "median": 0.00342746498063, "min": 3.25511774653e-12, "var": 5.88709690419e-06}, "spectral_rolloff": {"dmean": 45.2653656006, "dmean2": 78.6736907959, "dvar": 145554.390625, "dvar2": 216396.59375, "max": 19724.4140625, "mean": 541.455871582, "median": 430.6640625, "min": 107.666015625, "var": 2453863.75}, "spectral_skewness": {"dmean": 1.27286434174, "dmean2": 2.22242236137, "dvar": 1.50068819523, "dvar2": 4.18783330917, "max": 20.6878967285, "mean": 12.2076225281, "median": 12.6836614609, "min": 0.0290637854487, "var": 13.0936985016}, "spectral_spread": {"dmean": 262250.5625, "dmean2": 460305.28125, "dvar": 452631232512, "dvar2": 591679848448, "max": 40475968, "mean": 972311.875, "median": 583775.875, "min": 165746.453125, "var": 2903565139970.0}, "spectral_strongpeak": {"dmean": 0.201283529401, "dmean2": 0.355385869741, "dvar": 0.113801293075, "dvar2": 0.303191512823, "max": 5.94798517227, "mean": 0.641288399696, "median": 0.451056569815, "min": 0, "var": 0.453282773495}, "zerocrossingrate": {"dmean": 0.00176544766873, "dmean2": 0.00238449755125, "dvar": 8.56544429553e-05, "dvar2": 0.000130644373712, "max": 0.7158203125, "mean": 0.0186632759869, "median": 0.0146484375, "min": 0.0048828125, "var": 0.00207374757156}, "barkbands": {"dmean": [3.37484671036e-05, 0.000515812891535, 0.00119468965568, 0.00130411889404, 0.00242279609665, 0.000747056736145, 0.000572547316551, 0.000598353799433, 8.05054150987e-05, 5.85194502492e-05, 5.34308856004e-05, 3.24487846228e-05, 1.18008247227e-05, 5.18761817148e-06, 3.35161917064e-06, 1.42993985719e-06, 1.35260791012e-07, 7.59498334446e-07, 1.33095468868e-07, 8.14713896347e-09, 2.05383354768e-08, 6.34125685295e-09, 3.1394118416e-09, 2.13650008796e-09, 1.49018430928e-09, 1.76675019059e-09, 8.26423462996e-09], "dmean2": [6.22123261564e-05, 0.000754755572416, 0.00220830785111, 0.00224991911091, 0.00390596035868, 0.00110267393757, 0.000892261508852, 0.000891555799171, 0.000103766127722, 7.01141543686e-05, 7.88777688285e-05, 4.82156101498e-05, 1.66792706295e-05, 7.57843781685e-06, 4.70177246825e-06, 1.91827575691e-06, 2.12710716596e-07, 8.67175515396e-07, 1.83710852752e-07, 1.08226272388e-08, 2.68324278352e-08, 1.10093472117e-08, 4.74968553377e-09, 3.6768612599e-09, 2.55343435285e-09, 3.06833980446e-09, 1.42196476816e-08], "dvar": [1.14591509615e-08, 6.67886433803e-06, 6.05447667112e-06, 1.54607914737e-05, 3.1341376598e-05, 3.73194234271e-06, 2.09500672099e-06, 2.40262716034e-06, 5.04441253213e-08, 8.67725731268e-08, 4.36802523041e-08, 1.22778720524e-08, 1.87700743837e-09, 5.18325937726e-10, 2.68540994997e-10, 1.21173168721e-10, 6.73169582143e-13, 2.42353290214e-11, 1.27751119145e-12, 2.79588677581e-15, 3.97540548115e-14, 4.3009825844e-15, 6.50089263749e-16, 1.95911970906e-16, 1.30544833636e-17, 3.69051593374e-18, 4.0166252728e-17], "dvar2": [3.84503486828e-08, 1.54748413479e-05, 2.1084506443e-05, 4.42791861133e-05, 8.60250511323e-05, 9.78986281552e-06, 5.10200698045e-06, 4.95858830618e-06, 9.25544014763e-08, 1.10532674569e-07, 8.75392771604e-08, 2.63357833319e-08, 4.34207914068e-09, 1.14048903654e-09, 5.83442627544e-10, 2.2533662436e-10, 1.53381842817e-12, 3.42774801598e-11, 2.35502134287e-12, 3.71568747653e-15, 5.91211853237e-14, 1.16041963704e-14, 1.09546315788e-15, 5.23050468226e-16, 2.94405524496e-17, 1.12132090986e-17, 1.15893218365e-16], "max": [0.00163984089158, 0.0792372524738, 0.0411951355636, 0.0892468541861, 0.111191511154, 0.0588441938162, 0.0376026108861, 0.0736955925822, 0.00746944220737, 0.0174400210381, 0.00991917029023, 0.00398689508438, 0.00127520388924, 0.000614915508777, 0.000685968901962, 0.000490542850457, 2.78908646578e-05, 0.00023052864708, 4.96686261613e-05, 2.61590207629e-06, 9.79338074103e-06, 2.27940518016e-06, 1.10667315312e-06, 4.26223522254e-07, 1.15375492271e-07, 3.82492366668e-08, 1.01971842525e-07], "mean": [3.33433963533e-05, 0.0019456865266, 0.00259395828471, 0.00222959578969, 0.00735330628231, 0.00322823692113, 0.00155280344188, 0.00221211765893, 0.000283151399344, 0.000262035988271, 0.000191528321011, 0.000139377982123, 3.72931426682e-05, 1.88505582628e-05, 8.58311432239e-06, 3.99897589887e-06, 3.24359433534e-07, 2.22678841055e-06, 3.00970668832e-07, 2.11044657306e-08, 6.22200388989e-08, 1.03947321861e-08, 6.5886736067e-09, 5.5924953557e-09, 6.19879259034e-09, 1.05864383926e-08, 6.6453843317e-08], "median": [3.17852538956e-07, 0.000163506862009, 0.000784432049841, 0.00134457368404, 0.0041211922653, 0.00126685714349, 0.000336867815349, 0.000625351793133, 7.30001193006e-05, 3.71988026018e-05, 2.71346834779e-05, 1.83433003258e-05, 4.64118602395e-06, 1.19068386084e-06, 3.86509810824e-07, 9.92791626686e-08, 2.30482477548e-08, 9.03332519897e-09, 2.94003554835e-09, 1.91862525867e-09, 2.23486207318e-09, 2.52862619732e-09, 3.08597125631e-09, 4.32746505297e-09, 5.72502711904e-09, 1.03804449481e-08, 6.60165397903e-08], "min": [1.90143285505e-24, 8.70696625554e-24, 1.05659706212e-23, 2.26193716114e-23, 1.58020325131e-22, 6.25518735097e-23, 7.22777143666e-23, 4.91073328793e-24, 4.20418749381e-23, 1.85348006744e-22, 1.26164594543e-22, 1.56469424591e-22, 1.41128717935e-22, 2.013517857e-22, 8.04583849695e-23, 2.07856707481e-22, 9.10876482678e-23, 3.15395627098e-22, 1.1081636531e-22, 4.06541196689e-22, 3.74563653356e-22, 5.7819985402e-22, 8.05976435317e-22, 6.24615419941e-22, 1.30110289989e-21, 1.77294370515e-21, 2.32049748682e-21], "var": [1.29066508592e-08, 4.53473803645e-05, 2.40265762841e-05, 1.695883293e-05, 8.97726495168e-05, 3.08369235427e-05, 1.0244673831e-05, 2.71606058959e-05, 3.66449995681e-07, 6.43324653993e-07, 2.93853787525e-07, 1.27952489493e-07, 8.67417071504e-09, 3.26184568245e-09, 1.16329545996e-09, 3.87285731263e-10, 1.69307298216e-12, 1.66175073701e-10, 3.886426337e-12, 1.37009603627e-14, 1.88301400839e-13, 4.99220424453e-15, 1.20565536806e-15, 1.81220647657e-16, 1.74575227508e-17, 4.88715014945e-18, 6.73761240586e-17]}, "erbbands": {"dmean": [0.00443289568648, 0.154997229576, 1.02767860889, 3.25449705124, 3.48382949829, 9.82615280151, 11.7539596558, 7.03454113007, 7.14504098892, 11.3882446289, 6.93043708801, 2.16483187675, 1.88144791126, 1.70495402813, 1.9985524416, 1.15852034092, 0.56547832489, 0.272290855646, 0.193300202489, 0.08789806813, 0.0811815857887, 0.0210270714015, 0.0511677749455, 0.0085408417508, 0.00228427490219, 0.000374620285584, 0.000334185198881, 0.00102886650711, 0.000233948157984, 0.000154556008056, 8.05033196229e-05, 5.89036426391e-05, 2.80829026451e-05, 1.87749210454e-05, 1.16073315439e-05, 6.67754829919e-06, 4.13290490542e-06, 2.76379114439e-06, 2.83678014057e-06, 5.39770644536e-06], "dmean2": [0.00695302523673, 0.232304006815, 1.83847594261, 5.83620214462, 5.69511413574, 15.81549263, 18.3788490295, 10.5603322983, 11.3509140015, 17.6290893555, 10.4255561829, 2.77985572815, 2.26114439964, 2.26444220543, 2.90864992142, 1.74689233303, 0.818485021591, 0.404680669308, 0.265850782394, 0.123406201601, 0.108915172517, 0.0266978610307, 0.0590400546789, 0.0111683839932, 0.00312885153107, 0.00048001925461, 0.000471176492283, 0.00132973771542, 0.000403307873057, 0.000233899772866, 0.000122376077343, 9.87169114524e-05, 4.78632173326e-05, 3.15728138958e-05, 1.98209327209e-05, 1.13691148727e-05, 6.95319795341e-06, 4.73985528515e-06, 4.67760855827e-06, 8.81964842847e-06], "dvar": [0.000536401639692, 0.53909355402, 6.12569475174, 69.4353790283, 65.6871490479, 617.482910156, 713.37677002, 496.579589844, 310.353027344, 963.797119141, 228.787628174, 33.4243888855, 107.380882263, 39.9136543274, 76.6691131592, 17.5637454987, 3.87694382668, 1.18733394146, 0.648853600025, 0.169138222933, 0.403237700462, 0.0240823570639, 0.110179141164, 0.00468766363338, 0.000357614131644, 5.98762972004e-06, 9.96507242235e-06, 9.95198133751e-05, 5.82385428061e-06, 2.31206126955e-06, 3.69476282458e-07, 2.11776338688e-07, 9.38090582991e-09, 2.12342166073e-09, 4.20771806287e-10, 7.51183767966e-11, 1.99297939263e-11, 5.07417241905e-12, 2.10978023246e-11, 1.24666055257e-10], "dvar2": [0.00140382000245, 1.2632008791, 19.247385025, 205.690948486, 181.919036865, 1644.32714844, 1980.42150879, 1370.52197266, 762.852233887, 2077.29345703, 505.570404053, 59.8012008667, 135.263504028, 75.5639038086, 131.65826416, 40.8064498901, 8.65015506744, 2.85620117188, 1.24833846092, 0.348376899958, 0.750784099102, 0.0384133793414, 0.156940549612, 0.0082721374929, 0.000644529878628, 7.29842122382e-06, 1.61794978339e-05, 0.00014480635582, 1.55852721946e-05, 4.88291198053e-06, 6.03377486641e-07, 5.47130071027e-07, 2.28603411756e-08, 4.53652182486e-09, 1.01665664776e-09, 2.02207778299e-10, 5.27479587786e-11, 1.48853967347e-11, 4.90935798958e-11, 2.99102492773e-10], "max": [0.577353775501, 22.4690685272, 48.8546447754, 182.435821533, 174.864608765, 528.875305176, 514.143310547, 716.40222168, 568.843200684, 1462.55187988, 571.912475586, 222.156936646, 655.053649902, 178.544174194, 529.143005371, 105.451187134, 63.437297821, 33.1117477417, 23.5317268372, 15.0735092163, 28.0818061829, 7.34314441681, 15.4697694778, 2.96849966049, 0.823346614838, 0.121201150119, 0.1465382725, 0.488043785095, 0.088937304914, 0.0498379394412, 0.0271887425333, 0.0154913440347, 0.00304076657631, 0.00159120641183, 0.000576884078328, 0.000240286404733, 0.000132696106448, 4.5306442189e-05, 0.00012694785255, 0.000283527682768], "mean": [0.0155758988112, 0.587204933167, 2.75070595741, 5.45924901962, 9.72796440125, 27.2042236328, 36.5253257751, 31.5559024811, 22.3605918884, 44.1247329712, 24.169757843, 7.59295606613, 8.88166046143, 6.54729127884, 8.40894412994, 4.83009910583, 1.91501665115, 0.987014174461, 0.698336601257, 0.260006040335, 0.229920431972, 0.0704849138856, 0.151222422719, 0.0225283559412, 0.00549520086497, 0.00103569438215, 0.000909058144316, 0.00319967581891, 0.000480295449961, 0.000275469588814, 0.00018846472085, 0.000143418932566, 9.78102179943e-05, 7.90093326941e-05, 5.62972782063e-05, 3.78083532269e-05, 2.68405747192e-05, 1.79553917405e-05, 1.89989859791e-05, 2.5562781957e-05], "median": [0.00197263341397, 0.0665836930275, 0.722735583782, 2.98790168762, 6.12952136993, 12.0418109894, 22.4247055054, 10.6467533112, 6.49575805664, 11.8949985504, 9.8831615448, 2.50070858002, 1.28340911865, 1.10408830643, 1.28888165951, 0.730116486549, 0.284727662802, 0.106129661202, 0.0496551021934, 0.0159038044512, 0.00567130884156, 0.00177279184572, 0.000740071060136, 0.00025796101545, 0.000136018454214, 9.80773911579e-05, 9.30755195441e-05, 9.46819491219e-05, 9.43651175476e-05, 9.54109855229e-05, 9.52789996518e-05, 9.21466271393e-05, 8.37207771838e-05, 6.96380375302e-05, 4.99119923916e-05, 3.31903393089e-05, 2.44100046984e-05, 1.76578396349e-05, 1.45357735164e-05, 1.45220874401e-05], "min": [3.55308429562e-22, 1.4058886697e-21, 7.1454793603e-21, 5.96726219815e-20, 1.4977312157e-19, 8.38533046075e-19, 5.28560966796e-19, 4.76591587053e-19, 1.20792150875e-18, 3.08437840188e-19, 3.32592392954e-19, 1.06482422587e-18, 2.11440930331e-18, 6.11876376531e-18, 8.63663248034e-18, 4.62975139516e-18, 5.85060256406e-18, 1.1098233475e-17, 4.81797344841e-18, 7.93542651199e-18, 9.56955241777e-18, 5.45514571118e-18, 1.57332862707e-17, 9.73210829739e-18, 1.05360707773e-17, 1.64605120324e-17, 1.79978090028e-17, 1.48389270118e-17, 2.15572184638e-17, 2.26699418238e-17, 2.30464727843e-17, 1.2990682923e-17, 1.13940862016e-17, 1.19459579452e-17, 1.05207638001e-17, 7.13395136415e-18, 3.17029687663e-18, 1.33965343342e-18, 3.4016236218e-19, 3.25946642967e-20], "var": [0.00272736791521, 3.5798664093, 28.6429767609, 82.521232605, 148.054351807, 1676.13513184, 1941.02856445, 4211.46679688, 1865.39831543, 10112.9912109, 1964.90563965, 220.410598755, 831.524658203, 256.028076172, 600.039123535, 125.181228638, 21.0304737091, 8.02530288696, 3.9696996212, 0.837549269199, 1.30496132374, 0.10914824903, 0.756207406521, 0.0170147400349, 0.00116138893645, 3.17374360748e-05, 3.42187195201e-05, 0.000506203039549, 8.99286078493e-06, 3.60251601705e-06, 7.39964207241e-07, 2.33934599692e-07, 1.09428910378e-08, 3.70539487982e-09, 9.03684016507e-10, 3.07848968539e-10, 1.03105586569e-10, 1.07697383997e-11, 1.69491060076e-10, 9.1948504366e-10]}, "gfcc": {"mean": [-260.023498535, 239.947158813, -21.7210617065, -61.9450759888, -44.7493286133, -11.6311101913, -33.6860198975, -24.61627388, -17.2050971985, -14.1076211929, -10.807682991, -9.62443161011, -10.4676055908], "cov": [[8238.42578125, 3802.61352539, -2344.96264648, -1662.87609863, 563.550170898, -236.937957764, -362.829742432, -212.245040894, 255.757843018, -151.173019409, 115.390800476, -27.4802799225, 60.7080955505], [3802.61352539, 2297.04272461, -692.63079834, -1197.46118164, -31.2069129944, -55.1437339783, -218.103469849, -230.579940796, 26.2862052917, -80.1348571777, 38.4991264343, -59.4273757935, 17.8716144562], [-2344.96264648, -692.63079834, 1408.26013184, 503.051818848, -507.332092285, 40.3456916809, 181.345779419, -0.603396236897, -149.317260742, 64.1373977661, -22.8189964294, -21.3914699554, -8.92264842987], [-1662.87609863, -1197.46118164, 503.051818848, 1206.74255371, 202.37727356, -36.0355911255, 251.468353271, 299.925079346, 67.9234466553, 75.4992294312, 35.521572113, 118.774085999, 20.8995552063], [563.550170898, -31.2069129944, -507.332092285, 202.37727356, 490.713562012, 76.5889587402, 22.4592018127, 145.675094604, 121.861862183, -3.90552353859, 50.2786483765, 95.6936950684, 42.6070976257], [-236.937957764, -55.1437339783, 40.3456916809, -36.0355911255, 76.5889587402, 178.122543335, 48.3991851807, -7.18603277206, -8.63284301758, 8.29317569733, 7.82895326614, 34.5945892334, 37.734588623], [-362.829742432, -218.103469849, 181.345779419, 251.468353271, 22.4592018127, 48.3991851807, 143.704269409, 88.1693344116, 9.72617053986, 24.2463264465, 27.8993282318, 47.0151100159, 31.3675384521], [-212.245040894, -230.579940796, -0.603396236897, 299.925079346, 145.675094604, -7.18603277206, 88.1693344116, 168.705825806, 71.2061309814, 11.5202283859, 23.5243339539, 60.9505271912, 17.1669826508], [255.757843018, 26.2862052917, -149.317260742, 67.9234466553, 121.861862183, -8.63284301758, 9.72617053986, 71.2061309814, 85.6703491211, 20.241815567, 9.63470649719, 17.3885211945, 11.9432411194], [-151.173019409, -80.1348571777, 64.1373977661, 75.4992294312, -3.90552353859, 8.29317569733, 24.2463264465, 11.5202283859, 20.241815567, 45.1902885437, 12.6285514832, -1.98913288116, 0.432826220989], [115.390800476, 38.4991264343, -22.8189964294, 35.521572113, 50.2786483765, 7.82895326614, 27.8993282318, 23.5243339539, 9.63470649719, 12.6285514832, 42.1104202271, 30.4306468964, 8.95406723022], [-27.4802799225, -59.4273757935, -21.3914699554, 118.774085999, 95.6936950684, 34.5945892334, 47.0151100159, 60.9505271912, 17.3885211945, -1.98913288116, 30.4306468964, 71.207611084, 33.1687774658], [60.7080955505, 17.8716144562, -8.92264842987, 20.8995552063, 42.6070976257, 37.734588623, 31.3675384521, 17.1669826508, 11.9432411194, 0.432826220989, 8.95406723022, 33.1687774658, 43.7283439636]], "icov": [[0.00526811508462, -0.0089137647301, 0.00733748124912, -0.00671903416514, 0.00364382681437, -0.000195316286408, -0.00224762689322, 0.00525468681008, -0.00605752691627, 0.00820220541209, -0.00801875256002, 0.00793141778558, -0.00559557415545], [-0.0089137647301, 0.0166572257876, -0.0135012930259, 0.0139443660155, -0.00827084202319, 0.00334557821043, 0.00132799113635, -0.0062638730742, 0.00726163433865, -0.0124602802098, 0.0128563391045, -0.0150281740353, 0.00973262824118], [0.00733748124912, -0.0135012930259, 0.01555719506, -0.0149423750117, 0.0144568709657, -0.00877091754228, 0.00289889425039, 0.00155118247494, -0.00464599113911, 0.012344924733, -0.0178377013654, 0.0174383595586, -0.0119866644964], [-0.00671903416514, 0.0139443660155, -0.0149423750117, 0.0195173416287, -0.0174021720886, 0.0143884662539, -0.00958572980016, -0.00201038713567, 0.00766586093232, -0.0189199820161, 0.0240382291377, -0.0226637553424, 0.0138192139566], [0.00364382681437, -0.00827084202319, 0.0144568709657, -0.0174021720886, 0.0272358432412, -0.0220141112804, 0.0166202094406, -0.00790582876652, -0.00879450794309, 0.0187528915703, -0.0296138338745, 0.0191505681723, -0.0130164166912], [-0.000195316286408, 0.00334557821043, -0.00877091754228, 0.0143884662539, -0.0220141112804, 0.029605217278, -0.0218641385436, 0.0140661243349, 0.00188764906488, -0.0146462759003, 0.0260621663183, -0.0215679705143, 0.00695378286764], [-0.00224762689322, 0.00132799113635, 0.00289889425039, -0.00958572980016, 0.0166202094406, -0.0218641385436, 0.0396700613201, -0.0265514906496, 0.0124310953543, 9.21891114558e-05, -0.0249065440148, 0.0189947970212, -0.0203130375594], [0.00525468681008, -0.0062638730742, 0.00155118247494, -0.00201038713567, -0.00790582876652, 0.0140661243349, -0.0265514906496, 0.0473193898797, -0.0371156558394, 0.0213793702424, 0.00319103267975, -0.0172055643052, 0.0148995257914], [-0.00605752691627, 0.00726163433865, -0.00464599113911, 0.00766586093232, -0.00879450794309, 0.00188764906488, 0.0124310953543, -0.0371156558394, 0.0652302056551, -0.0479022748768, 0.0246386248618, 0.000590993033256, -0.00941126979887], [0.00820220541209, -0.0124602802098, 0.012344924733, -0.0189199820161, 0.0187528915703, -0.0146462759003, 9.21891114558e-05, 0.0213793702424, -0.0479022748768, 0.0788733363152, -0.0552112534642, 0.0343240909278, -0.0112532358617], [-0.00801875256002, 0.0128563391045, -0.0178377013654, 0.0240382291377, -0.0296138338745, 0.0260621663183, -0.0249065440148, 0.00319103267975, 0.0246386248618, -0.0552112534642, 0.0980906635523, -0.0627934485674, 0.0350890532136], [0.00793141778558, -0.0150281740353, 0.0174383595586, -0.0226637553424, 0.0191505681723, -0.0215679705143, 0.0189947970212, -0.0172055643052, 0.000590993033256, 0.0343240909278, -0.0627934485674, 0.0853803753853, -0.0498036146164], [-0.00559557415545, 0.00973262824118, -0.0119866644964, 0.0138192139566, -0.0130164166912, 0.00695378286764, -0.0203130375594, 0.0148995257914, -0.00941126979887, -0.0112532358617, 0.0350890532136, -0.0498036146164, 0.0662861019373]]}, "melbands": {"dmean": [9.10294475034e-05, 0.000443945609732, 0.000553594727535, 0.000397631723899, 0.000473120220704, 0.000143642289913, 0.000117742936709, 0.00014038340305, 4.55979643448e-05, 1.35153049996e-05, 9.44878502196e-06, 6.83820917402e-06, 6.25909660812e-06, 4.56356747236e-06, 1.78216384938e-06, 1.17537774713e-06, 4.97186192661e-07, 3.26314278709e-07, 2.98617948147e-07, 2.16666649067e-08, 1.26618601826e-07, 2.31534276196e-08, 4.43938965589e-08, 2.49084752824e-08, 6.55549570183e-09, 3.99937016837e-09, 4.15764062067e-10, 1.51879869792e-10, 2.08618705644e-10, 5.70240243913e-10, 4.59308951983e-10, 1.5964085609e-10, 1.20899901201e-10, 7.65809221592e-11, 5.22095665312e-11, 4.09077945129e-11, 3.64466026803e-11, 2.13299308771e-11, 1.92365151586e-11, 1.64376342399e-11], "dmean2": [0.000135111113195, 0.000772265542764, 0.000984883168712, 0.000631615694147, 0.000757390458602, 0.00021478018607, 0.000186975492397, 0.000216171916691, 6.83406469761e-05, 1.74071901711e-05, 1.14024333016e-05, 9.02478313947e-06, 9.23934203456e-06, 6.52095332043e-06, 2.76003606814e-06, 1.72114027919e-06, 7.38675566936e-07, 4.41156913666e-07, 4.21075782242e-07, 3.1491712349e-08, 1.71060307252e-07, 3.0106317439e-08, 4.99296781697e-08, 2.99462499243e-08, 8.97906815567e-09, 5.57163826187e-09, 5.34977839806e-10, 2.07923858686e-10, 2.95781843462e-10, 7.39861505394e-10, 5.99587379746e-10, 2.76965950174e-10, 1.94749966154e-10, 1.12871906266e-10, 7.97347743386e-11, 6.46713932406e-11, 6.33038274578e-11, 3.69765468244e-11, 3.26781345039e-11, 2.78656785146e-11], "dvar": [2.14370544427e-07, 1.38069640343e-06, 2.01651778298e-06, 8.90461478775e-07, 1.25054123146e-06, 1.93791194647e-07, 8.4146599022e-08, 1.34384336548e-07, 9.01214392002e-09, 1.42687262006e-09, 2.7117379453e-09, 6.44372277758e-10, 6.30618057773e-10, 2.76877187844e-10, 4.82903196597e-11, 1.92768075807e-11, 4.900574304e-12, 2.22942758005e-12, 2.2182958595e-12, 1.59847670175e-14, 1.06327533583e-12, 2.71992765631e-14, 8.05105019653e-14, 2.69865188274e-14, 3.0579049831e-15, 1.16376164788e-15, 7.40111994866e-18, 8.04625723694e-19, 3.10183568682e-18, 3.02200113582e-17, 1.95101747496e-17, 2.50015981209e-18, 1.59412862124e-18, 4.89568706696e-19, 1.67887575653e-19, 7.14933495899e-20, 8.49769041001e-20, 4.90922727042e-21, 2.70281770023e-21, 1.10070133186e-21], "dvar2": [5.12089627591e-07, 3.94746257371e-06, 5.94715402258e-06, 2.16985245061e-06, 3.6148030631e-06, 5.36902462045e-07, 2.10670322076e-07, 2.82114655192e-07, 2.03410319699e-08, 2.71982014688e-09, 3.46110029525e-09, 1.1557156343e-09, 1.1879642825e-09, 4.77247130704e-10, 1.33419747472e-10, 4.69915911738e-11, 1.20182024055e-11, 4.08540866068e-12, 4.86375219613e-12, 2.76034095348e-14, 1.99145040736e-12, 4.51921486344e-14, 1.12691214867e-13, 4.09683883497e-14, 5.59513500188e-15, 2.18763347518e-15, 9.56271163411e-18, 1.06676313722e-18, 5.20982958409e-18, 4.32154389892e-17, 2.88716507115e-17, 7.3274942567e-18, 3.75063252553e-18, 9.00428386373e-19, 2.7108174334e-19, 1.55149511208e-19, 2.33542917125e-19, 1.28675060944e-20, 6.42376064077e-21, 2.28219030029e-21], "max": [0.013525288552, 0.0294831134379, 0.0333437435329, 0.0193442255259, 0.0228235404938, 0.0139067042619, 0.00864415522665, 0.0178155209869, 0.00330077088438, 0.00131559988949, 0.00328390370123, 0.000773897801992, 0.00135546480305, 0.000791382277384, 0.000155711444677, 9.80338591035e-05, 7.00207965565e-05, 4.39590658061e-05, 5.9961072111e-05, 4.52632320957e-06, 4.55347726529e-05, 7.71242685005e-06, 1.32661089083e-05, 7.46627574699e-06, 2.46324111686e-06, 1.46087722896e-06, 1.38779341796e-07, 4.36034390816e-08, 6.98300439694e-08, 2.69996974112e-07, 2.13669238747e-07, 5.58392763139e-08, 4.39259011387e-08, 2.66541881899e-08, 1.79554628943e-08, 1.14223004388e-08, 8.34334556998e-09, 2.10648654075e-09, 1.95063609709e-09, 1.2330094723e-09], "mean": [0.000339152698871, 0.00126717716921, 0.00106503209099, 0.00124314054847, 0.001399689354, 0.000639240024611, 0.000337210221915, 0.000535266124643, 0.000150844483869, 4.45083678642e-05, 4.38118586317e-05, 2.59386160906e-05, 2.43277463596e-05, 2.2011650799e-05, 6.12279336565e-06, 3.28367559632e-06, 1.74827891897e-06, 1.24867051454e-06, 7.38252310839e-07, 7.23428925653e-08, 3.47276937873e-07, 6.61822454617e-08, 1.29825139084e-07, 7.29750979644e-08, 1.48537528943e-08, 8.9398444203e-09, 1.0891733071e-09, 3.86532111873e-10, 3.53623269556e-10, 1.77182124528e-09, 1.42242173595e-09, 2.40177211452e-10, 1.83317333535e-10, 1.30638042051e-10, 1.05126927996e-10, 9.5439857406e-11, 7.45660061474e-11, 5.90034965331e-11, 5.86725737439e-11, 5.57064012974e-11], "median": [3.09224997181e-05, 0.000297982245684, 0.000669472443406, 0.000574002391659, 0.000837388681248, 0.00022131568403, 8.32655859995e-05, 0.000149885891005, 6.46181724733e-05, 1.16777628136e-05, 6.10749475527e-06, 4.20145988755e-06, 3.75353511117e-06, 2.94852725347e-06, 7.50915660319e-07, 3.62280502486e-07, 1.4859813291e-07, 6.73621727287e-08, 2.90036101802e-08, 5.08654185438e-09, 4.97106089625e-09, 1.68056557559e-09, 6.64189314659e-10, 3.95416394072e-10, 1.63000890563e-10, 9.87953469034e-11, 6.84479556368e-11, 5.92671051125e-11, 5.43745812265e-11, 5.36950969798e-11, 5.29274818417e-11, 5.08704120494e-11, 4.90306614753e-11, 5.00862129549e-11, 5.05828226527e-11, 5.11972027273e-11, 5.18766696267e-11, 5.20540589799e-11, 5.22093063227e-11, 5.09956799011e-11], "min": [2.41992982881e-24, 3.39761129701e-24, 1.09096568073e-23, 3.42181859829e-23, 2.50912183486e-23, 1.21546654869e-23, 1.70168372863e-23, 2.24747773518e-24, 4.27770909352e-24, 5.81017987028e-24, 1.25368559737e-23, 2.63617387898e-23, 2.49540291262e-23, 2.17010538985e-23, 7.61601501097e-24, 1.52283113316e-23, 2.23491867514e-23, 7.68221069611e-24, 8.14289126526e-24, 1.34924528864e-23, 1.08976377225e-23, 4.63083833901e-24, 8.27705126169e-24, 1.85323100827e-23, 6.60067726745e-24, 4.60819960875e-24, 1.05072115278e-23, 1.16815777134e-23, 1.25347710143e-23, 8.7382856112e-24, 8.40481596276e-24, 1.38038573065e-23, 9.72534624113e-24, 1.30367090088e-23, 1.32577778112e-23, 1.04770628418e-23, 7.07520589537e-24, 7.74209707173e-24, 8.5043520652e-24, 1.05817091852e-23], "var": [1.38939367389e-06, 7.26512416804e-06, 2.55976738117e-06, 3.15625379699e-06, 3.04323316414e-06, 1.60880119893e-06, 4.50277383379e-07, 1.51254755565e-06, 6.86241676817e-08, 8.7967171325e-09, 2.06189483265e-08, 4.18530810009e-09, 4.55820892142e-09, 3.25061333406e-09, 2.30189922679e-10, 6.99202362675e-11, 3.16975959369e-11, 1.40811156138e-11, 9.30273393041e-12, 7.19089704774e-14, 3.36675739371e-12, 1.06990777999e-13, 5.52201351051e-13, 1.76592695003e-13, 9.39424336525e-15, 3.42788495106e-15, 3.80401636344e-17, 3.83886539993e-18, 5.93373669717e-18, 1.5546973433e-16, 9.84457491676e-17, 2.45432656153e-18, 2.17858176843e-18, 8.09107129759e-19, 3.14235833445e-19, 1.33779351782e-19, 7.01054180702e-20, 4.365225559e-21, 3.38389511371e-21, 1.70933339487e-21]}, "mfcc": {"mean": [-891.788024902, 249.113845825, 74.6356811523, -10.4050483704, -10.6278104782, -1.0876904726, -6.30266809464, -11.9509525299, -13.3083534241, -11.7853116989, -6.94521522522, -5.16591835022, -6.56751728058], "cov": [[5080.41601562, 3498.21972656, -1193.80163574, -1307.59448242, -74.8209838867, 11.7484397888, -276.292907715, -120.209686279, -43.6702308655, -114.327224731, 84.5736618042, 62.7548828125, -71.9331665039], [3498.21972656, 2854.64624023, -379.972167969, -1138.46411133, -353.741516113, -33.8739318848, -200.867218018, -212.776657104, -132.796798706, -105.445228577, -32.9818916321, -19.6967525482, -32.6992416382], [-1193.80163574, -379.972167969, 935.084350586, 354.74911499, -282.694488525, -128.137268066, 76.5181045532, -32.5445327759, -71.438621521, 0.807496607304, -63.9232139587, -36.208114624, 42.2433776855], [-1307.59448242, -1138.46411133, 354.74911499, 937.172790527, 314.183502197, -63.0839157104, 135.422073364, 265.544311523, 144.092834473, 65.5508117676, 131.400131226, 118.785751343, 42.0965843201], [-74.8209838867, -353.741516113, -282.694488525, 314.183502197, 440.280639648, 156.083648682, 93.7485961914, 212.998352051, 173.713562012, 77.3716430664, 120.793441772, 112.607566833, 45.0952682495], [11.7484397888, -33.8739318848, -128.137268066, -63.0839157104, 156.083648682, 225.046066284, 115.88243103, 54.968875885, 77.4605865479, 62.4469947815, 12.2073736191, 19.7533817291, 57.3380432129], [-276.292907715, -200.867218018, 76.5181045532, 135.422073364, 93.7485961914, 115.88243103, 148.605987549, 115.180473328, 67.6937561035, 39.3463859558, 26.5200939178, 42.1685028076, 64.703414917], [-120.209686279, -212.776657104, -32.5445327759, 265.544311523, 212.998352051, 54.968875885, 115.180473328, 217.204452515, 140.149017334, 41.7901115417, 73.6782531738, 95.9713897705, 67.1195373535], [-43.6702308655, -132.796798706, -71.438621521, 144.092834473, 173.713562012, 77.4605865479, 67.6937561035, 140.149017334, 141.862976074, 72.6346893311, 52.2648277283, 57.0705833435, 51.9549560547], [-114.327224731, -105.445228577, 0.807496607304, 65.5508117676, 77.3716430664, 62.4469947815, 39.3463859558, 41.7901115417, 72.6346893311, 79.1697463989, 46.6199913025, 17.8345890045, 19.3568325043], [84.5736618042, -32.9818916321, -63.9232139587, 131.400131226, 120.793441772, 12.2073736191, 26.5200939178, 73.6782531738, 52.2648277283, 46.6199913025, 95.9967880249, 66.5210571289, 5.9193482399], [62.7548828125, -19.6967525482, -36.208114624, 118.785751343, 112.607566833, 19.7533817291, 42.1685028076, 95.9713897705, 57.0705833435, 17.8345890045, 66.5210571289, 86.1769638062, 43.3628959656], [-71.9331665039, -32.6992416382, 42.2433776855, 42.0965843201, 45.0952682495, 57.3380432129, 64.703414917, 67.1195373535, 51.9549560547, 19.3568325043, 5.9193482399, 43.3628959656, 72.984085083]], "icov": [[2.8884510994, -4.09287071228, 4.08252048492, -3.99654269218, 3.80268287659, -3.52763581276, 3.20181775093, -2.85041022301, 2.42930030823, -1.91227555275, 1.26464796066, -0.675861775875, 0.236767143011], [-4.09287071228, 5.80210065842, -5.78928756714, 5.66951179504, -5.39011764526, 4.99840641022, -4.53754329681, 4.04827928543, -3.46492648125, 2.74203062057, -1.8233230114, 0.976124286652, -0.343124270439], [4.08252048492, -5.78928756714, 5.78424453735, -5.66554450989, 5.38698911667, -4.99098205566, 4.53293275833, -4.05663156509, 3.49080443382, -2.78044915199, 1.85910713673, -0.9995418787, 0.349942326546], [-3.99654269218, 5.66951179504, -5.66554450989, 5.55852079391, -5.28867483139, 4.9096121788, -4.46168470383, 3.99040412903, -3.43484139442, 2.73434329033, -1.83046996593, 0.98431789875, -0.345805794001], [3.80268287659, -5.39011764526, 5.38698911667, -5.28867483139, 5.06224155426, -4.71374464035, 4.2866358757, -3.81903171539, 3.24408864975, -2.54611873627, 1.67763435841, -0.903979957104, 0.319648146629], [-3.52763581276, 4.99840641022, -4.99098205566, 4.9096121788, -4.71374464035, 4.4236164093, -4.03284549713, 3.57779955864, -3.01485300064, 2.32679486275, -1.51239848137, 0.808016896248, -0.286577105522], [3.20181775093, -4.53754329681, 4.53293275833, -4.46168470383, 4.2866358757, -4.03284549713, 3.70969152451, -3.30537223816, 2.80035471916, -2.16915488243, 1.40317845345, -0.740463078022, 0.251152545214], [-2.85041022301, 4.04827928543, -4.05663156509, 3.99040412903, -3.81903171539, 3.57779955864, -3.30537223816, 3.03300404549, -2.65478897095, 2.13985109329, -1.43402516842, 0.767573535442, -0.27671328187], [2.42930030823, -3.46492648125, 3.49080443382, -3.43484139442, 3.24408864975, -3.01485300064, 2.80035471916, -2.65478897095, 2.47818565369, -2.121727705, 1.49656200409, -0.826673209667, 0.29391515255], [-1.91227555275, 2.74203062057, -2.78044915199, 2.73434329033, -2.54611873627, 2.32679486275, -2.16915488243, 2.13985109329, -2.121727705, 1.97331392765, -1.47900426388, 0.856195390224, -0.325412273407], [1.26464796066, -1.8233230114, 1.85910713673, -1.83046996593, 1.67763435841, -1.51239848137, 1.40317845345, -1.43402516842, 1.49656200409, -1.47900426388, 1.19615840912, -0.726418554783, 0.29718580842], [-0.675861775875, 0.976124286652, -0.9995418787, 0.98431789875, -0.903979957104, 0.808016896248, -0.740463078022, 0.767573535442, -0.826673209667, 0.856195390224, -0.726418554783, 0.493718117476, -0.216717213392], [0.236767143011, -0.343124270439, 0.349942326546, -0.345805794001, 0.319648146629, -0.286577105522, 0.251152545214, -0.27671328187, 0.29391515255, -0.325412273407, 0.29718580842, -0.216717213392, 0.131433278322]]}, "spectral_contrast_coeffs": {"dmean": [0.0333009175956, 0.0275809243321, 0.0174571834505, 0.0175826326013, 0.0111656552181, 0.0110743837431], "dmean2": [0.0574253126979, 0.0456160604954, 0.0279755908996, 0.0296006891876, 0.0183263979852, 0.0192672275007], "dvar": [0.000939952326007, 0.000727761595044, 0.000327882473357, 0.000260846805759, 0.000165781835676, 0.00013868874521], "dvar2": [0.00260115880519, 0.00190951488912, 0.000821661262307, 0.000694021233357, 0.000308713904815, 0.00037117357715], "max": [-0.194315522909, -0.378270924091, -0.556896150112, -0.562548100948, -0.587634384632, -0.715654015541], "mean": [-0.50357156992, -0.655202329159, -0.743770897388, -0.734713852406, -0.837874889374, -0.894430041313], "median": [-0.537199139595, -0.658610761166, -0.745058774948, -0.728788018227, -0.8565980196, -0.897487282753], "min": [-0.970899045467, -0.969270586967, -0.964735746384, -0.963938176632, -0.961140632629, -0.959909379482], "var": [0.0177842434496, 0.00740302260965, 0.00398728204891, 0.00468080071732, 0.00551784411073, 0.000655010575429]}, "spectral_contrast_valleys": {"dmean": [0.300664752722, 0.212387517095, 0.186615526676, 0.198994934559, 0.157478958368, 0.247364044189], "dmean2": [0.487698733807, 0.342833787203, 0.295873224735, 0.32099032402, 0.262686342001, 0.431297242641], "dvar": [0.219324588776, 0.161361694336, 0.154352411628, 0.153658136725, 0.086446300149, 0.124236814678], "dvar2": [0.374404847622, 0.217012241483, 0.21000033617, 0.205062612891, 0.106689296663, 0.270327061415], "max": [-5.03249549866, -4.68381643295, -5.92467498779, -7.81788444519, -9.49062633514, -12.0769605637], "mean": [-8.32945251465, -7.40782546997, -8.94479370117, -11.3132715225, -12.5749959946, -14.080