{"lowlevel": {"average_loudness": 0.895886778831, "barkbands_crest": {"dmean": 2.94891524315, "dmean2": 4.58931970596, "dvar": 7.92701292038, "dvar2": 19.4396018982, "max": 26.9253063202, "mean": 16.1156368256, "median": 16.3672866821, "min": 3.19761681557, "var": 22.277179718}, "barkbands_flatness_db": {"dmean": 0.0347132906318, "dmean2": 0.0543000437319, "dvar": 0.00132269924507, "dvar2": 0.00308216223493, "max": 0.906167566776, "mean": 0.197231933475, "median": 0.181021615863, "min": 0.0261221360415, "var": 0.00915900617838}, "barkbands_kurtosis": {"dmean": 11.2401847839, "dmean2": 17.9197177887, "dvar": 2070.60229492, "dvar2": 5720.91992188, "max": 3873.71508789, "mean": 18.583782196, "median": 12.5951404572, "min": -1.88307523727, "var": 1800.41259766}, "barkbands_skewness": {"dmean": 1.0434538126, "dmean2": 1.63775610924, "dvar": 1.37281882763, "dvar2": 3.38668990135, "max": 28.7557067871, "mean": 3.3161239624, "median": 3.09744334221, "min": -9.45621204376, "var": 3.64599466324}, "barkbands_spread": {"dmean": 7.10993385315, "dmean2": 11.2811803818, "dvar": 107.790786743, "dvar2": 238.536392212, "max": 108.254127502, "mean": 15.2493219376, "median": 10.1465988159, "min": 0.00312463101, "var": 213.209335327}, "dissonance": {"dmean": 0.027811108157, "dmean2": 0.0466152913868, "dvar": 0.00126102275681, "dvar2": 0.00323359738104, "max": 0.500000119209, "mean": 0.434768557549, "median": 0.462337970734, "min": 0.0323535911739, "var": 0.00488262716681}, "dynamic_complexity": 3.70049071312, "erbbands_crest": {"dmean": 2.67016124725, "dmean2": 4.26135063171, "dvar": 7.25473976135, "dvar2": 16.9546375275, "max": 33.4791259766, "mean": 10.3178663254, "median": 8.28493881226, "min": 2.21902108192, "var": 39.7410888672}, "erbbands_flatness_db": {"dmean": 0.0182902403176, "dmean2": 0.028149003163, "dvar": 0.00057777937036, "dvar2": 0.00126065814402, "max": 0.710768163204, "mean": 0.131783381104, "median": 0.0887513384223, "min": 0.0276212226599, "var": 0.0102201476693}, "erbbands_kurtosis": {"dmean": 1.95546853542, "dmean2": 3.07630944252, "dvar": 17.9053401947, "dvar2": 43.1390609741, "max": 103.171485901, "mean": 3.27169418335, "median": 0.340320825577, "min": -1.89877068996, "var": 56.4072151184}, "erbbands_skewness": {"dmean": 0.451177418232, "dmean2": 0.717052340508, "dvar": 0.285399079323, "dvar2": 0.71624147892, "max": 6.51782608032, "mean": 0.999952495098, "median": 0.751600682735, "min": -3.04371333122, "var": 1.26907932758}, "erbbands_spread": {"dmean": 10.9624080658, "dmean2": 16.5866794586, "dvar": 164.813079834, "dvar2": 346.61126709, "max": 150.267684937, "mean": 52.8362159729, "median": 52.5846061707, "min": 0.24723406136, "var": 1086.54125977}, "hfc": {"dmean": 16.9711418152, "dmean2": 25.7650680542, "dvar": 1005.14147949, "dvar2": 2381.4465332, "max": 292.099822998, "mean": 34.7491874695, "median": 21.2620124817, "min": 1.25601671779e-16, "var": 1782.96032715}, "melbands_crest": {"dmean": 3.83308601379, "dmean2": 6.44186925888, "dvar": 12.8320360184, "dvar2": 35.5042648315, "max": 34.3309020996, "mean": 21.4148807526, "median": 21.909488678, "min": 1.74391186237, "var": 32.6195907593}, "melbands_flatness_db": {"dmean": 0.0389089435339, "dmean2": 0.0611396022141, "dvar": 0.00172757427208, "dvar2": 0.00406909827143, "max": 1, "mean": 0.296700596809, "median": 0.283109277487, "min": 0.00416939612478, "var": 0.0107062393799}, "melbands_kurtosis": {"dmean": 27.1934928894, "dmean2": 44.0008583069, "dvar": 1585.80847168, "dvar2": 3729.92285156, "max": 497.477172852, "mean": 50.6728096008, "median": 33.2176513672, "min": -1.7796946764, "var": 2989.05517578}, "melbands_skewness": {"dmean": 1.37579572201, "dmean2": 2.20725274086, "dvar": 2.41173553467, "dvar2": 5.76596212387, "max": 16.3873710632, "mean": 4.90989542007, "median": 4.65906381607, "min": -3.03138780594, "var": 8.88662242889}, "melbands_spread": {"dmean": 4.13178873062, "dmean2": 6.85376119614, "dvar": 51.3232040405, "dvar2": 125.906448364, "max": 182.739761353, "mean": 9.04870510101, "median": 6.37464666367, "min": 0.149130880833, "var": 114.034217834}, "pitch_salience": {"dmean": 0.0893340185285, "dmean2": 0.143062859774, "dvar": 0.00729890400544, "dvar2": 0.0185999050736, "max": 0.953831732273, "mean": 0.439523249865, "median": 0.440766423941, "min": 0.0171916726977, "var": 0.0174902509898}, "silence_rate_20dB": {"dmean": 0, "dmean2": 0, "dvar": 0, "dvar2": 0, "max": 1, "mean": 1, "median": 1, "min": 1, "var": 0}, "silence_rate_30dB": {"dmean": 0.121148228645, "dmean2": 0.242316111922, "dvar": 0.106462553144, "dvar2": 0.237943306565, "max": 1, "mean": 0.583394169807, "median": 1, "min": 0, "var": 0.243047103286}, "silence_rate_60dB": {"dmean": 0.0298410635442, "dmean2": 0.0596869662404, "dvar": 0.0289455447346, "dvar2": 0.0661633238196, "max": 1, "mean": 0.112705752254, "median": 0, "min": 0, "var": 0.0999960079789}, "spectral_centroid": {"dmean": 227.202575684, "dmean2": 359.895111084, "dvar": 98938.859375, "dvar2": 218385.8125, "max": 11059.2265625, "mean": 869.557128906, "median": 729.008239746, "min": 169.321884155, "var": 292960.90625}, "spectral_complexity": {"dmean": 3.48734998703, "dmean2": 5.62452363968, "dvar": 17.1628265381, "dvar2": 40.9059448242, "max": 54, "mean": 15.2748718262, "median": 15, "min": 0, "var": 94.1114120483}, "spectral_decrease": {"dmean": 6.69540023424e-09, "dmean2": 1.08958015943e-08, "dvar": 7.27833772531e-17, "dvar2": 1.92396413598e-16, "max": 2.18897152916e-17, "mean": -2.15433928474e-08, "median": -1.87700308629e-08, "min": -7.60398819466e-08, "var": 2.50875568277e-16}, "spectral_energy": {"dmean": 0.0256940778345, "dmean2": 0.0420490987599, "dvar": 0.00106125383172, "dvar2": 0.0028040423058, "max": 0.290240138769, "mean": 0.0844618007541, "median": 0.0744638442993, "min": 1.11337944994e-20, "var": 0.0038034832105}, "spectral_energyband_high": {"dmean": 0.00133949972223, "dmean2": 0.00200490094721, "dvar": 7.17225884728e-06, "dvar2": 1.60324107128e-05, "max": 0.0263467300683, "mean": 0.0022990508005, "median": 0.000839676242322, "min": 8.36424275119e-21, "var": 1.41769696711e-05}, "spectral_energyband_low": {"dmean": 0.0248315278441, "dmean2": 0.0407535582781, "dvar": 0.0011282262858, "dvar2": 0.00300730369054, "max": 0.26052749157, "mean": 0.0640394091606, "median": 0.0480797439814, "min": 4.13414737393e-23, "var": 0.00300373742357}, "spectral_energyband_middle_high": {"dmean": 0.0016832514666, "dmean2": 0.00303435907699, "dvar": 1.70726143551e-05, "dvar2": 4.96932443639e-05, "max": 0.0316748209298, "mean": 0.00266554579139, "median": 0.00176647666376, "min": 1.58991585823e-21, "var": 1.32621371449e-05}, "spectral_energyband_middle_low": {"dmean": 0.00776477856562, "dmean2": 0.0129296751693, "dvar": 0.000203986666747, "dvar2": 0.000574492616579, "max": 0.142374545336, "mean": 0.017763087526, "median": 0.0145259946585, "min": 2.86398614835e-22, "var": 0.000252259895205}, "spectral_entropy": {"dmean": 0.245330438018, "dmean2": 0.387597084045, "dvar": 0.0869726166129, "dvar2": 0.20867215097, "max": 9.80037498474, "mean": 7.44912290573, "median": 7.71032190323, "min": 2.46886730194, "var": 0.791711866856}, "spectral_flux": {"dmean": 0.0396938063204, "dmean2": 0.0645211413503, "dvar": 0.00190107314847, "dvar2": 0.00466929888353, "max": 0.4353274405, "mean": 0.110532432795, "median": 0.0872087329626, "min": 1.05516796689e-10, "var": 0.0067439856939}, "spectral_kurtosis": {"dmean": 8.50557994843, "dmean2": 15.02277565, "dvar": 4285.17041016, "dvar2": 13521.6230469, "max": 2161.97070312, "mean": 13.5113639832, "median": 2.8978562355, "min": -1.21251702309, "var": 5169.90283203}, "spectral_rms": {"dmean": 0.00127093307674, "dmean2": 0.00204849126749, "dvar": 2.05153764909e-06, "dvar2": 5.32677222509e-06, "max": 0.0168273914605, "mean": 0.00816515367478, "median": 0.00852335896343, "min": 3.29579094051e-12, "var": 1.57322556333e-05}, "spectral_rolloff": {"dmean": 383.326477051, "dmean2": 695.882629395, "dvar": 1323201.75, "dvar2": 3427877, "max": 19681.3476562, "mean": 631.131713867, "median": 301.46484375, "min": 64.599609375, "var": 1752175.625}, "spectral_skewness": {"dmean": 0.382637560368, "dmean2": 0.620443224907, "dvar": 1.63021671772, "dvar2": 4.83003807068, "max": 41.1542663574, "mean": 2.08678150177, "median": 1.59089791775, "min": -0.157475888729, "var": 6.02848863602}, "spectral_spread": {"dmean": 841280.375, "dmean2": 1198243.125, "dvar": 1009674354690.0, "dvar2": 2018775662590.0, "max": 41444700, "mean": 6957256.5, "median": 7193154, "min": 65430.1210938, "var": 5403690663940.0}, "spectral_strongpeak": {"dmean": 0.225160032511, "dmean2": 0.370176613331, "dvar": 0.14544826746, "dvar2": 0.340411067009, "max": 14.0249004364, "mean": 0.633950293064, "median": 0.543280959129, "min": 0, "var": 0.226570263505}, "zerocrossingrate": {"dmean": 0.0134475715458, "dmean2": 0.0166975483298, "dvar": 0.000300391024211, "dvar2": 0.000405000435421, "max": 0.6337890625, "mean": 0.0479584597051, "median": 0.0400390625, "min": 0.00244140625, "var": 0.00156855897512}, "barkbands": {"dmean": [0.0024628250394, 0.0221618171781, 0.00555161526427, 0.00375710683875, 0.00316604180261, 0.0014904079726, 0.000604375265539, 0.000526550167706, 0.000559301697649, 0.000539932574611, 0.000410263543017, 0.000199005298782, 0.000238927197643, 0.00033080871799, 0.000192073595827, 8.89419025043e-05, 7.94543593656e-05, 5.91566094954e-05, 5.88245784456e-05, 0.000105249600892, 9.52294140006e-05, 0.000117371921078, 0.000224377232371, 0.000235634928686, 0.000310648727464, 0.000159052331583, 0.000272845383734], "dmean2": [0.00449120439589, 0.0358721539378, 0.00909696612507, 0.00657411385328, 0.00518867466599, 0.00213942117989, 0.000905412947759, 0.000828602293041, 0.000929143454414, 0.000962664140388, 0.00072207255289, 0.000345563428709, 0.000437684298959, 0.000617590267211, 0.000355638301698, 0.00015945553605, 0.00014045064745, 0.00010171453323, 0.0001006093662, 0.000172131447471, 0.000159005605383, 0.000174211585545, 0.000355632742867, 0.000356788455974, 0.00046165168169, 0.000239265034907, 0.000428092957009], "dvar": [1.59776609507e-05, 0.000931239454076, 0.000226880743867, 9.7010670288e-05, 3.03861143038e-05, 6.08922982792e-06, 1.25160988773e-06, 1.19179719604e-06, 9.09265793325e-07, 1.4664263972e-06, 1.06909999431e-06, 1.5115244878e-07, 4.56973197061e-07, 1.11056954211e-06, 3.39312947517e-07, 4.24388915121e-08, 2.91970110311e-08, 1.25903234505e-08, 1.07158815155e-08, 3.58751712781e-08, 3.9272993746e-08, 4.45129124671e-08, 2.15430929984e-07, 2.13656349501e-07, 3.6484436805e-07, 9.97664173497e-08, 3.78081580266e-07], "dvar2": [5.3064115491e-05, 0.00249200174585, 0.00055614503799, 0.000282625260297, 8.10195706435e-05, 1.18126390589e-05, 2.24550194616e-06, 2.52436120718e-06, 2.33898117585e-06, 4.15227441408e-06, 3.10903851641e-06, 4.39974854771e-07, 1.32739091896e-06, 3.2521193134e-06, 9.90596163319e-07, 1.22707660921e-07, 8.29099988664e-08, 3.49330697702e-08, 2.87306676228e-08, 8.43674712314e-08, 1.0481893753e-07, 8.93548062209e-08, 5.15037868354e-07, 4.3790799964e-07, 7.91064053374e-07, 2.1761158564e-07, 9.78007278718e-07], "max": [0.0287538450211, 0.23232921958, 0.1499825418, 0.101807847619, 0.067174077034, 0.080500908196, 0.0513410866261, 0.0372755229473, 0.0147373219952, 0.0184711087495, 0.0204933360219, 0.0108532877639, 0.0063268202357, 0.00903731118888, 0.00620562257245, 0.00249768444337, 0.00332308979705, 0.00205677561462, 0.00173985876609, 0.00223161140457, 0.00594261614606, 0.00333351013251, 0.00470293592662, 0.00792405940592, 0.00767628662288, 0.00305335060693, 0.00431515881792], "mean": [0.00260982988402, 0.0529287010431, 0.00630071666092, 0.00512020615861, 0.00591052090749, 0.00358208827674, 0.00109244906344, 0.000923822575714, 0.000934290350415, 0.000669677741826, 0.00053980643861, 0.000298344122712, 0.000255167513387, 0.000298510945868, 0.000196255510673, 0.000121627177577, 0.000116605719086, 9.85268488876e-05, 0.000103775964817, 0.000194999665837, 0.000188418343896, 0.000261067849351, 0.000346110580722, 0.00041122752009, 0.000454888446257, 0.000243180882535, 0.000260964792687], "median": [0.00106093962677, 0.0368836782873, 0.00129020155873, 0.00194421759807, 0.00322500290349, 0.00143042230047, 0.000696401926689, 0.000470031693112, 0.000430302752648, 0.000250749289989, 0.000186810750165, 0.000166673213243, 0.00011843872926, 0.000110878019768, 9.09636364668e-05, 7.1448230301e-05, 6.47119668429e-05, 5.30604265805e-05, 5.44789800188e-05, 7.95330488472e-05, 9.0015004389e-05, 8.47930277814e-05, 0.000106129773485, 0.000116451708891, 0.000122935103718, 7.21488249837e-05, 2.31826779782e-05], "min": [1.9132988219e-23, 2.78953396099e-23, 4.83852174952e-24, 7.85053546948e-24, 2.69853159805e-23, 6.36906352472e-23, 5.25850040918e-23, 4.52449657577e-23, 5.98282271048e-23, 8.55142449982e-23, 5.89163670072e-23, 8.20033532752e-23, 6.92557018347e-23, 8.61692078088e-23, 4.86569437895e-23, 2.13438750355e-22, 1.79922814661e-22, 3.1233111074e-22, 3.35658421905e-22, 3.76075161337e-22, 5.24532068916e-22, 3.94332103744e-22, 5.34913478428e-22, 8.41536315928e-22, 1.21267767611e-21, 2.20769153858e-21, 2.5362096712e-21], "var": [1.47948949234e-05, 0.00238583539613, 0.00022410992824, 8.6023559561e-05, 6.06202629569e-05, 2.72147972282e-05, 2.59756711785e-06, 2.64299160335e-06, 1.82317910458e-06, 1.42505382428e-06, 1.37910717513e-06, 2.05845637424e-07, 2.95366191949e-07, 6.35427966245e-07, 2.03261620868e-07, 3.44135635544e-08, 2.7868757968e-08, 1.797748439e-08, 1.9254343897e-08, 7.36307512739e-08, 1.22351053733e-07, 1.59354257789e-07, 3.43592887475e-07, 6.10161180248e-07, 7.00972748291e-07, 1.74961613197e-07, 3.49067306615e-07]}, "erbbands": {"dmean": [1.06559753418, 3.87216305733, 6.3001408577, 8.01720714569, 13.6422786713, 9.84029483795, 10.5416269302, 12.5310688019, 8.13288784027, 10.7776212692, 13.5384597778, 12.3228654861, 14.1272354126, 18.0196800232, 12.8650903702, 9.00054645538, 11.1462440491, 18.2222385406, 12.360168457, 6.35123443604, 4.94413566589, 3.92779421806, 3.08554315567, 3.29841470718, 2.72476100922, 5.0109539032, 4.38241291046, 3.78394842148, 3.64399504662, 4.38501405716, 6.6140627861, 6.56612682343, 3.26827812195, 3.22947669029, 2.20116066933, 0.785755097866, 0.314634263515, 0.0811460614204, 0.0507755242288, 0.00420145923272], "dmean2": [1.85693192482, 5.89780330658, 10.3710832596, 13.0979547501, 23.0565605164, 16.161283493, 16.1040725708, 17.7783813477, 12.1803445816, 16.2000274658, 21.5097465515, 20.5964679718, 24.3747825623, 32.0279426575, 22.4244918823, 15.7776641846, 20.4126358032, 34.0663452148, 23.0690326691, 11.4138755798, 8.81369495392, 6.86549329758, 5.31265544891, 5.69564628601, 4.52681112289, 8.13113880157, 7.36176300049, 6.38449478149, 5.55896139145, 6.46945762634, 10.5233678818, 10.3449134827, 4.90681409836, 4.94691514969, 3.26883125305, 1.15820527077, 0.486723393202, 0.120879210532, 0.0787337049842, 0.00695925904438], "dvar": [2.41174149513, 31.2878799438, 257.068756104, 371.210784912, 890.462768555, 341.417785645, 376.634338379, 630.956115723, 176.794342041, 606.952819824, 869.808898926, 511.56036377, 759.513977051, 1455.23291016, 998.34552002, 365.691101074, 983.335083008, 3387.16552734, 1660.21289062, 230.734924316, 143.273864746, 63.8119125366, 33.9813117981, 36.9052085876, 26.2072200775, 81.3002624512, 82.5787734985, 54.8096961975, 43.8470802307, 64.5050811768, 182.0572052, 178.75819397, 45.8596115112, 38.9148101807, 17.7210197449, 2.45536279678, 0.401452600956, 0.0259004104882, 0.0129353264347, 9.98179020826e-05], "dvar2": [7.10768795013, 84.6976852417, 614.799316406, 989.856140137, 2485.32958984, 924.38458252, 804.676513672, 1183.57958984, 359.916351318, 1106.93005371, 1847.15808105, 1329.88256836, 2066.73608398, 4128.54541016, 2857.44287109, 1065.67956543, 2859.66821289, 9913.22949219, 4864.67236328, 665.578918457, 411.742797852, 180.03553772, 95.0883026123, 101.770812988, 66.1760482788, 185.627212524, 212.567398071, 151.150894165, 88.5886459351, 131.05267334, 423.521209717, 397.086853027, 90.7548065186, 88.1362457275, 35.8856506348, 5.33686447144, 0.903000175953, 0.0574413500726, 0.0333219580352, 0.000267839495791], "max": [11.8291330338, 51.0140686035, 151.246398926, 210.709411621, 358.631256104, 361.753509521, 605.373779297, 926.170043945, 352.15725708, 1392.81286621, 1015.8102417, 399.50769043, 324.233947754, 764.16418457, 628.39831543, 551.558776855, 303.013671875, 531.291687012, 387.10067749, 148.024551392, 182.709335327, 164.573272705, 94.7825393677, 105.449905396, 145.976806641, 109.478935242, 276.446990967, 111.977264404, 105.812065125, 143.295730591, 158.174972534, 155.728103638, 154.818130493, 86.2921905518, 53.8341445923, 17.3795394897, 5.18922901154, 1.43534624577, 0.889867842197, 0.0675115212798], "mean": [2.11691093445, 9.61182308197, 8.19730854034, 12.6413574219, 20.7020359039, 18.4233417511, 22.5234146118, 29.7001190186, 16.2034492493, 20.1409816742, 23.7314624786, 20.4443950653, 21.4113273621, 23.3708572388, 18.5933952332, 13.2755765915, 12.4774799347, 16.8504238129, 11.6587209702, 8.00635910034, 7.05429840088, 6.28623104095, 5.32077741623, 5.47872114182, 5.44455909729, 9.41525936127, 8.09777355194, 7.16353845596, 8.13320636749, 9.52893543243, 10.190076828, 10.1823301315, 6.05471324921, 5.01827526093, 3.15655016899, 1.19957637787, 0.440691709518, 0.111581899226, 0.0486057810485, 0.00376116414554], "median": [1.46363222599, 6.63524389267, 3.45341157913, 5.15449476242, 9.57446861267, 8.61381530762, 7.78196144104, 10.6816606522, 9.5689535141, 11.9174966812, 11.5937614441, 10.1966838837, 9.04422664642, 10.0853767395, 8.38653850555, 7.23479652405, 6.18045520782, 6.5902671814, 4.94556570053, 4.56423139572, 4.18209028244, 3.66171312332, 3.02354693413, 2.84613370895, 3.01055669785, 3.91912174225, 3.59375715256, 3.43535280228, 2.86943817139, 2.88169384003, 2.98033571243, 2.75559806824, 1.80429601669, 1.47025716305, 0.804191291332, 0.356192439795, 0.120155960321, 0.0245350450277, 0.00396126322448, 0.000309667026158], "min": [1.06091416654e-21, 5.28115602737e-21, 6.88210715352e-21, 1.67242946694e-20, 2.61909421871e-20, 1.1331543334e-19, 4.30189908315e-19, 4.66170920793e-19, 8.01450022226e-19, 6.55196941904e-19, 1.16824341253e-18, 1.31380724461e-18, 2.43264719165e-18, 2.25967462658e-18, 2.65707721506e-18, 3.63201482569e-18, 2.58485586899e-18, 4.85535911696e-18, 3.01159751982e-18, 5.8204489356e-18, 1.09908753576e-17, 1.17404548482e-17, 1.87752843324e-17, 1.44048838377e-17, 1.63386650194e-17, 1.82390214869e-17, 2.21888403447e-17, 1.88018302126e-17, 1.59863406724e-17, 1.27426950025e-17, 1.59651648487e-17, 1.7502255024e-17, 1.32750254314e-17, 1.15467192226e-17, 8.82688236686e-18, 4.71486703942e-18, 4.77913607788e-18, 2.29991634299e-18, 3.67346748282e-19, 3.13480384901e-20], "var": [4.37232255936, 81.3407821655, 269.234710693, 440.885314941, 1019.65545654, 910.734802246, 1613.38696289, 2587.58886719, 406.183441162, 1236.87402344, 1877.41394043, 893.154846191, 1142.55078125, 1466.96777344, 1331.58642578, 467.186462402, 645.481933594, 1956.10668945, 942.993774414, 171.666641235, 118.778335571, 69.2750320435, 47.6286773682, 55.2073974609, 59.8674583435, 176.638320923, 224.993392944, 117.655799866, 149.048034668, 232.465515137, 307.181396484, 344.374755859, 143.649398804, 86.8013076782, 33.6236152649, 4.59442901611, 0.587654709816, 0.036912869662, 0.0121274590492, 8.2398779341e-05]}, "gfcc": {"mean": [-2.10299682617, 76.2005310059, -59.0465316772, 20.0066661835, -54.4724884033, 15.4951791763, -28.0292453766, 10.4504394531, -14.6978244781, 7.57161283493, -10.1450557709, 2.76342082024, -6.22788143158], "cov": [[24598.8867188, -3263.8815918, 1175.9161377, 2360.26953125, 1517.40661621, 2675.69458008, 1074.98742676, 668.182128906, -185.720581055, 94.5284423828, -162.35206604, 243.899505615, 31.0819206238], [-3263.8815918, 2140.96264648, 124.458259583, -248.85194397, 24.1222019196, -394.00177002, 26.7603645325, -43.286113739, 245.559036255, 78.9868240356, 247.903396606, 57.5085754395, 153.106063843], [1175.9161377, 124.458259583, 1409.38366699, 334.536712646, 454.493927002, 306.916931152, 261.942321777, 135.476852417, 103.629928589, 95.2891082764, 93.2790908813, 104.037879944, 53.8493003845], [2360.26953125, -248.85194397, 334.536712646, 837.281555176, 287.519317627, 355.595672607, 120.353889465, 158.515151978, 86.2908859253, 94.0955047607, 37.4151077271, 22.0272140503, 4.52562189102], [1517.40661621, 24.1222019196, 454.493927002, 287.519317627, 610.580993652, 370.788848877, 281.9168396, 60.2183532715, 44.7006072998, -14.4016113281, 16.4949512482, 3.43111228943, 8.4324464798], [2675.69458008, -394.00177002, 306.916931152, 355.595672607, 370.788848877, 680.012390137, 318.60836792, 147.861434937, -23.8875637054, 50.6397781372, 13.6264028549, 94.418586731, 21.2595844269], [1074.98742676, 26.7603645325, 261.942321777, 120.353889465, 281.9168396, 318.60836792, 344.575653076, 104.507301331, 38.0151443481, 3.78821873665, 49.6509590149, 63.8782081604, 44.8657302856], [668.182128906, -43.286113739, 135.476852417, 158.515151978, 60.2183532715, 147.861434937, 104.507301331, 188.589645386, 53.8735961914, 81.1812438965, 36.1352081299, 77.0255508423, 28.2420406342], [-185.720581055, 245.559036255, 103.629928589, 86.2908859253, 44.7006072998, -23.8875637054, 38.0151443481, 53.8735961914, 156.488754272, 75.339515686, 89.8582839966, 16.0832462311, 33.5505752563], [94.5284423828, 78.9868240356, 95.2891082764, 94.0955047607, -14.4016113281, 50.6397781372, 3.78821873665, 81.1812438965, 75.339515686, 158.377365112, 91.6888275146, 85.611831665, 29.9993858337], [-162.35206604, 247.903396606, 93.2790908813, 37.4151077271, 16.4949512482, 13.6264028549, 49.6509590149, 36.1352081299, 89.8582839966, 91.6888275146, 161.801467896, 84.3284378052, 62.4024200439], [243.899505615, 57.5085754395, 104.037879944, 22.0272140503, 3.43111228943, 94.418586731, 63.8782081604, 77.0255508423, 16.0832462311, 85.611831665, 84.3284378052, 149.91758728, 61.0261764526], [31.0819206238, 153.106063843, 53.8493003845, 4.52562189102, 8.4324464798, 21.2595844269, 44.8657302856, 28.2420406342, 33.5505752563, 29.9993858337, 62.4024200439, 61.0261764526, 82.9445419312]], "icov": [[9.19992962736e-05, 8.91097370186e-05, 9.29908583203e-06, -0.000134770773002, -4.21521544922e-05, -0.00021726754494, 7.64446303947e-06, -2.68756575679e-05, 8.68733422976e-06, 6.60201185383e-05, 4.14923670178e-05, -8.95234006748e-06, -0.000184677555808], [8.91097370186e-05, 0.00091910775518, 1.09480461106e-05, 5.8689940488e-05, -0.000398885691538, 0.000457357848063, -0.000250291428529, 0.000191593033378, -0.000647933513392, -3.65081032214e-05, -0.000517231121194, 5.34250757482e-05, -0.00112167769112], [9.29908583203e-06, 1.09480461106e-05, 0.00104871497024, -0.00017446927086, -0.000728939077817, 0.000201091082999, -0.00023986044107, -2.16958178498e-05, -0.000156647423864, -0.000357661774615, 0.000171978346771, -0.000573358032852, -5.01434369653e-05], [-0.000134770773002, 5.8689940488e-05, -0.00017446927086, 0.002355491044, -0.000578459701501, -0.000729721738026, 0.00122229848057, -0.00126726785675, -0.000859498104546, -0.000337671284797, -0.000587371760048, 0.00120245560538, -2.99091097986e-05], [-4.21521544922e-05, -0.000398885691538, -0.000728939077817, -0.000578459701501, 0.00418523419648, -0.0013461667113, -0.00183370045852, 0.00114642083645, -0.000894987024367, 0.000933843664825, 0.000305663590552, 0.000724569254089, 0.00103917298838], [-0.00021726754494, 0.000457357848063, 0.000201091082999, -0.000729721738026, -0.0013461667113, 0.0056731919758, -0.00352567643858, -3.78812510462e-05, 0.00248410599306, -0.00254132342525, 0.000419965770561, -0.000943144550547, 4.1484439862e-05], [7.64446303947e-06, -0.000250291428529, -0.00023986044107, 0.00122229848057, -0.00183370045852, -0.00352567643858, 0.00915050506592, -0.0032582632266, -0.00200735335238, 0.0047747688368, -0.00217327242717, -0.000824594288133, -0.000875185593031], [-2.68756575679e-05, 0.000191593033378, -2.16958178498e-05, -0.00126726785675, 0.00114642083645, -3.78812510462e-05, -0.0032582632266, 0.0115523803979, -0.00371791003272, -0.00350168789737, 0.00474121980369, -0.00469507044181, 0.000119473457744], [8.68733422976e-06, -0.000647933513392, -0.000156647423864, -0.000859498104546, -0.000894987024367, 0.00248410599306, -0.00200735335238, -0.00371791003272, 0.0167321041226, -0.00608276389539, -0.00644746981561, 0.00799418706447, -0.00245167687535], [6.60201185383e-05, -3.65081032214e-05, -0.000357661774615, -0.000337671284797, 0.000933843664825, -0.00254132342525, 0.0047747688368, -0.00350168789737, -0.00608276389539, 0.0180895328522, -0.0050244173035, -0.00708075799048, 0.00436680344865], [4.14923670178e-05, -0.000517231121194, 0.000171978346771, -0.000587371760048, 0.000305663590552, 0.000419965770561, -0.00217327242717, 0.00474121980369, -0.00644746981561, -0.0050244173035, 0.0180071406066, -0.00664254138246, -0.00395297445357], [-8.95234006748e-06, 5.34250757482e-05, -0.000573358032852, 0.00120245560538, 0.000724569254089, -0.000943144550547, -0.000824594288133, -0.00469507044181, 0.00799418706447, -0.00708075799048, -0.00664254138246, 0.0205591078848, -0.00837737228721], [-0.000184677555808, -0.00112167769112, -5.01434369653e-05, -2.99091097986e-05, 0.00103917298838, 4.1484439862e-05, -0.000875185593031, 0.000119473457744, -0.00245167687535, 0.00436680344865, -0.00395297445357, -0.00837737228721, 0.0230964701623]]}, "melbands": {"dmean": [0.00734964711592, 0.00342138158157, 0.00159269315191, 0.000791965576354, 0.000363863480743, 0.000273530982668, 0.000127804582007, 0.000107601248601, 0.000111956447654, 7.57063826313e-05, 7.1844595368e-05, 7.55212677177e-05, 5.74403529754e-05, 1.99240221264e-05, 2.51563214988e-05, 2.64677073574e-05, 3.45743537764e-05, 2.00444992515e-05, 1.17775098261e-05, 6.65779998599e-06, 5.99571012572e-06, 4.77862658954e-06, 2.74681997325e-06, 3.27422117152e-06, 2.84206998913e-06, 2.09651761907e-06, 2.13542944039e-06, 3.96252653445e-06, 2.99721455121e-06, 2.80403946817e-06, 2.21786035581e-06, 2.0817180939e-06, 2.89207719106e-06, 2.38953043663e-06, 2.9895861644e-06, 6.24103222435e-06, 3.35107438332e-06, 2.30447517424e-06, 2.27719374379e-06, 3.23049357576e-06], "dmean2": [0.0123322857544, 0.00551051646471, 0.00261640897952, 0.00132258981466, 0.000564413843676, 0.000389961991459, 0.000190551756532, 0.000163211821928, 0.000179069771548, 0.000126458267914, 0.000124053171021, 0.000134555913974, 0.000100370743894, 3.47362474713e-05, 4.48856553703e-05, 4.88153345941e-05, 6.46526386845e-05, 3.73078764824e-05, 2.16484713746e-05, 1.18981351989e-05, 1.06776205939e-05, 8.41001838126e-06, 4.72939791507e-06, 5.69312169318e-06, 4.94462710776e-06, 3.54212329512e-06, 3.53729797098e-06, 6.46182024866e-06, 5.12612086823e-06, 4.67014024252e-06, 3.84838085665e-06, 3.35108097715e-06, 4.44679017164e-06, 3.80588812732e-06, 4.73713043903e-06, 1.02308185888e-05, 5.21603124071e-06, 3.44585123457e-06, 3.49071819983e-06, 5.12214501214e-06], "dvar": [0.000108887339593, 4.24684803875e-05, 1.41009959407e-05, 2.14444503399e-06, 3.97848396005e-07, 2.68506369139e-07, 4.16387493374e-08, 5.19535703347e-08, 5.1989513139e-08, 1.75774470534e-08, 1.98692351461e-08, 2.69787765461e-08, 2.24716050212e-08, 1.6171888273e-09, 2.80643064343e-09, 5.82218628864e-09, 1.21652403706e-08, 4.19590318046e-09, 1.20715992757e-09, 2.02167296792e-10, 2.07922068451e-10, 9.84547304794e-11, 2.66713959945e-11, 4.3438225239e-11, 2.77471500637e-11, 1.34517761513e-11, 1.47868991357e-11, 5.33688718218e-11, 3.55178247924e-11, 4.36889517619e-11, 1.87221956688e-11, 1.48513701337e-11, 3.00901907557e-11, 2.15298542883e-11, 3.52237787549e-11, 1.78110845517e-10, 4.7102176326e-11, 2.29553789172e-11, 2.44788338905e-11, 3.95328283997e-11], "dvar2": [0.00029871269362, 0.000101841294963, 3.78586919396e-05, 5.88377679378e-06, 9.08740162231e-07, 5.1162106729e-07, 8.31690840641e-08, 9.61406954048e-08, 1.11676129677e-07, 4.53675639278e-08, 5.41628502049e-08, 7.64006742315e-08, 6.49228439897e-08, 4.70089034366e-09, 8.08923150686e-09, 1.69511693571e-08, 3.56045113392e-08, 1.22933601077e-08, 3.50725315457e-09, 5.82404624527e-10, 5.94777560536e-10, 2.77056821929e-10, 7.42248068564e-11, 1.2285593376e-10, 7.66711485967e-11, 3.50950726813e-11, 3.55302592903e-11, 1.21349083559e-10, 9.32550356381e-11, 1.14857880151e-10, 5.33871627462e-11, 3.25128916845e-11, 6.45549447231e-11, 4.87700921314e-11, 8.41721345402e-11, 4.25148527494e-10, 1.02183206341e-10, 4.77474240701e-11, 5.09310198182e-11, 9.74357816652e-11], "max": [0.0807088017464, 0.0570103302598, 0.0373997166753, 0.0183364022523, 0.0165558885783, 0.0189865361899, 0.00504225399345, 0.0128414500505, 0.00751370331272, 0.00215683924034, 0.00160571327433, 0.00328809465282, 0.00296828267165, 0.00117036094889, 0.00065309467027, 0.000714096298907, 0.000992616405711, 0.000593326753005, 0.000479331501992, 0.000149832048919, 0.000246469484409, 0.00017529829347, 0.000192012288608, 0.000125524325995, 0.000103137739643, 7.84626317909e-05, 0.000109440043161, 7.57164525567e-05, 0.000117091629363, 0.000229481403949, 4.65569792141e-05, 6.10200804658e-05, 9.05207998585e-05, 8.0809200881e-05, 8.51130316732e-05, 0.00011615108815, 0.000129428255605, 0.000109773711301, 0.000102128193248, 7.00022719684e-05], "mean": [0.0168290380388, 0.00696706119925, 0.00253664632328, 0.00139420025516, 0.000777669309173, 0.00065240112599, 0.000257207779214, 0.000205536402063, 0.000191508283024, 0.000125266436953, 0.000105827843072, 9.40463942243e-05, 7.69531179685e-05, 3.04763416352e-05, 3.20908875437e-05, 2.726650564e-05, 3.1194598705e-05, 1.86638808373e-05, 1.24209300338e-05, 9.057736861e-06, 8.11939207779e-06, 6.96093684383e-06, 4.73194859296e-06, 4.98730241816e-06, 4.34364847024e-06, 3.91244066122e-06, 4.05868240705e-06, 7.07757953933e-06, 5.09012897965e-06, 4.97910423292e-06, 3.9112860577e-06, 4.15121166952e-06, 6.02994032306e-06, 4.76530840388e-06, 4.93289326187e-06, 7.80457321525e-06, 5.72309227209e-06, 4.27745635534e-06, 3.83716042052e-06, 4.52343374491e-06], "median": [0.0115532176569, 0.00441168015823, 0.0011844887631, 0.000655143288895, 0.000318609905662, 0.0002485185978, 0.000164168770425, 0.000129600943183, 9.48020606302e-05, 5.83198707318e-05, 4.21080076194e-05, 3.83323967981e-05, 2.78566349152e-05, 1.72785603354e-05, 1.60940144269e-05, 1.23046502267e-05, 1.14278745968e-05, 7.39690085538e-06, 6.06306230111e-06, 5.35528806722e-06, 4.55197368865e-06, 3.76849925487e-06, 2.80402605313e-06, 2.61214449893e-06, 2.11625524571e-06, 2.10484859053e-06, 1.96578571376e-06, 2.58076829596e-06, 2.20673291551e-06, 1.7655040665e-06, 1.98034490495e-06, 1.55675229507e-06, 1.59914543474e-06, 1.48320430071e-06, 1.54164445121e-06, 1.85703038369e-06, 1.56096825776e-06, 1.25644078253e-06, 1.10877772386e-06, 1.22537824154e-06], "min": [8.99686396074e-24, 4.72234699287e-24, 3.18181918525e-24, 3.99060790023e-24, 1.3559105322e-23, 1.06607041385e-23, 1.20600731757e-23, 7.86040964143e-24, 1.00391069887e-23, 7.88484303025e-24, 1.24606141449e-23, 9.27253850381e-24, 8.24867120176e-24, 1.10777804211e-23, 5.37599240577e-24, 8.04182319494e-24, 8.84676187427e-24, 4.68417480253e-24, 5.50511868077e-24, 9.88598514271e-24, 1.340790593e-23, 1.23330190489e-23, 1.28160441032e-23, 1.68903292407e-23, 1.07508748843e-23, 1.27057037618e-23, 1.06190735819e-23, 1.26109749777e-23, 1.3065359648e-23, 1.46438600642e-23, 9.26594126006e-24, 8.89749509681e-24, 7.30236628163e-24, 7.53921703526e-24, 8.87520898738e-24, 9.39833894123e-24, 1.15224084597e-23, 9.19169524939e-24, 8.8569997111e-24, 1.03642612544e-23], "var": [0.000251194112934, 6.34348107269e-05, 1.59575520229e-05, 3.80547203349e-06, 1.5011959249e-06, 1.12090856419e-06, 9.75226228661e-08, 1.07536713756e-07, 1.13065333096e-07, 3.31156506661e-08, 2.91291541998e-08, 2.65513957487e-08, 2.91710762212e-08, 2.2091073415e-09, 2.68365529799e-09, 3.64775476491e-09, 6.98151714218e-09, 2.39380959499e-09, 7.41484096345e-10, 1.73727796038e-10, 1.71252734216e-10, 9.72217167883e-11, 3.95579853596e-11, 5.3490999824e-11, 3.78725280303e-11, 2.70770211808e-11, 4.19437401478e-11, 1.06628497698e-10, 6.68191335595e-11, 1.4494322409e-10, 2.82103975596e-11, 4.02382190068e-11, 9.31278942851e-11, 6.23762777541e-11, 7.38613545326e-11, 2.10015782542e-10, 1.2434352159e-10, 7.51899514873e-11, 6.10190717398e-11, 6.89663673392e-11]}, "mfcc": {"mean": [-659.555175781, 116.782997131, 43.1192703247, 16.8155021667, 5.53333091736, 6.74019145966, 1.92075061798, 3.00552558899, 3.10651493073, 5.68700647354, 2.4187567234, 4.11945962906, 2.27561402321], "cov": [[15190.2226562, -787.144775391, 891.001464844, 697.161376953, 1271.33679199, 1761.51623535, 1537.41394043, 1227.93676758, 818.34777832, 581.085327148, 86.2286529541, 84.6898651123, 31.2334651947], [-787.144775391, 1449.05114746, 171.66343689, 37.0698814392, 18.9253559113, -22.4190235138, 33.9605331421, 39.0420532227, 53.0508728027, 9.23338794708, 95.2911300659, 122.847358704, 150.240615845], [891.001464844, 171.66343689, 786.345825195, 288.227111816, 207.7552948, 195.389801025, 160.718017578, 135.282958984, 103.564163208, 91.0025024414, 79.6437988281, 105.743278503, 119.480445862], [697.161376953, 37.0698814392, 288.227111816, 526.814025879, 254.889938354, 117.483528137, 65.3558654785, 75.1282424927, 78.1134796143, 93.4411315918, 77.3656463623, 69.8794021606, 66.4938201904], [1271.33679199, 18.9253559113, 207.7552948, 254.889938354, 404.518463135, 300.015777588, 219.190811157, 160.105926514, 121.107192993, 102.49974823, 53.2088890076, 55.5009689331, 47.744972229], [1761.51623535, -22.4190235138, 195.389801025, 117.483528137, 300.015777588, 493.132751465, 377.138977051, 270.608337402, 167.893417358, 111.397262573, 43.8700523376, 61.0802268982, 56.6153297424], [1537.41394043, 33.9605331421, 160.718017578, 65.3558654785, 219.190811157, 377.138977051, 428.476715088, 304.989318848, 182.395858765, 92.7168426514, 34.4596710205, 53.6114311218, 59.2334327698], [1227.93676758, 39.0420532227, 135.282958984, 75.1282424927, 160.105926514, 270.608337402, 304.989318848, 294.570373535, 169.892974854, 90.1246032715, 33.3782463074, 42.382648468, 52.9278717041], [818.34777832, 53.0508728027, 103.564163208, 78.1134796143, 121.107192993, 167.893417358, 182.395858765, 169.892974854, 162.586029053, 89.280670166, 41.1242485046, 35.2014389038, 34.8931388855], [581.085327148, 9.23338794708, 91.0025024414, 93.4411315918, 102.49974823, 111.397262573, 92.7168426514, 90.1246032715, 89.280670166, 113.06010437, 57.9134979248, 43.2408943176, 30.5874423981], [86.2286529541, 95.2911300659, 79.6437988281, 77.3656463623, 53.2088890076, 43.8700523376, 34.4596710205, 33.3782463074, 41.1242485046, 57.9134979248, 90.006942749, 69.9338912964, 55.6905975342], [84.6898651123, 122.847358704, 105.743278503, 69.8794021606, 55.5009689331, 61.0802268982, 53.6114311218, 42.382648468, 35.2014389038, 43.2408943176, 69.9338912964, 106.852798462, 87.9758453369], [31.2334651947, 150.240615845, 119.480445862, 66.4938201904, 47.744972229, 56.6153297424, 59.2334327698, 52.9278717041, 34.8931388855, 30.5874423981, 55.6905975342, 87.9758453369, 120.756362915]], "icov": [[0.000140220799949, 5.5713517213e-05, -4.56777015643e-05, -4.1872215661e-05, -7.78643225203e-05, -0.000222213799134, -0.00010174739873, -0.00014667409414, -6.54775358271e-05, -0.000276275881333, 0.000211120408494, 4.62120624434e-06, 0.00020000161021], [5.5713517213e-05, 0.000876553182025, -0.000110562097689, 0.000135674577905, -0.000176119763637, 0.000239631030126, -9.15317068575e-05, -2.74859212368e-06, -0.000588293012697, 0.000616099394392, -0.00056041352218, -0.000160656796652, -0.000677480711602], [-4.56777015643e-05, -0.000110562097689, 0.00186915008817, -0.000745318364352, 5.78345770919e-06, -0.000212439452298, -7.31689360691e-05, 7.19550516806e-05, -5.08128359797e-05, -0.00011490828183, 0.000221697453526, -0.000319973303704, -0.00101329805329], [-4.1872215661e-05, 0.000135674577905, -0.000745318364352, 0.0035767222289, -0.00235908920877, 0.000833982659969, 0.00105406658258, -0.000544822774827, -0.000171280917129, -0.000456056528492, -0.00113445811439, 0.000139721611049, -0.000540125125553], [-7.78643225203e-05, -0.000176119763637, 5.78345770919e-06, -0.00235908920877, 0.00669063255191, -0.00327501026914, -0.000442942720838, 0.00120956311002, -0.000375810166588, -0.00100468436722, 0.000213449326111, 5.75500816922e-05, 0.00033247997635], [-0.000222213799134, 0.000239631030126, -0.000212439452298, 0.000833982659969, -0.00327501026914, 0.00904410984367, -0.00552865117788, -0.000131444292492, 0.00108239555266, -0.00129435188137, 0.000345883774571, -0.00117354851682, 4.50340339739e-05], [-0.00010174739873, -9.15317068575e-05, -7.31689360691e-05, 0.00105406658258, -0.000442942720838, -0.00552865117788, 0.0144630335271, -0.00895768962801, -0.00210416852497, 0.00290261022747, 0.000285629444988, -0.0014151756186, 3.19706714436e-06], [-0.00014667409414, -2.74859212368e-06, 7.19550516806e-05, -0.000544822774827, 0.00120956311002, -0.000131444292492, -0.00895768962801, 0.0179118104279, -0.00801274832338, -0.0010666216258, 0.00147438130807, 0.00186254596338, -0.00305472081527], [-6.54775358271e-05, -0.000588293012697, -5.08128359797e-05, -0.000171280917129, -0.000375810166588, 0.00108239555266, -0.00210416852497, -0.00801274832338, 0.0216087158769, -0.00929491873831, -0.00117387087084, 0.00171710911673, 0.000479559967062], [-0.000276275881333, 0.000616099394392, -0.00011490828183, -0.000456056528492, -0.00100468436722, -0.00129435188137, 0.00290261022747, -0.0010666216258, -0.00929491873831, 0.0242792647332, -0.0113450130448, -0.00102458009496, 0.00223200256005], [0.000211120408494, -0.00056041352218, 0.000221697453526, -0.00113445811439, 0.000213449326111, 0.000345883774571, 0.000285629444988, 0.00147438130807, -0.00117387087084, -0.0113450130448, 0.0311977081001, -0.0157175753266, 0.000291028583888], [4.62120624434e-06, -0.000160656796652, -0.000319973303704, 0.000139721611049, 5.75500816922e-05, -0.00117354851682, -0.0014151756186, 0.00186254596338, 0.00171710911673, -0.00102458009496, -0.0157175753266, 0.0350986383855, -0.0177151430398], [0.00020000161021, -0.000677480711602, -0.00101329805329, -0.000540125125553, 0.00033247997635, 4.50340339739e-05, 3.19706714436e-06, -0.00305472081527, 0.000479559967062, 0.00223200256005, 0.000291028583888, -0.0177151430398, 0.0236251056194]]}, "spectral_contrast_coeffs": {"dmean": [0.0520557872951, 0.0497944764793, 0.0401902236044, 0.0295813940465, 0.0215602796525, 0.0162932667881], "dmean2": [0.0857666432858, 0.0819817706943, 0.0665205493569, 0.0508386418223, 0.0365816056728, 0.0264550708234], "dvar": [0.00239681778476, 0.00193805340677, 0.00114746612962, 0.000682328362018, 0.000438598421169, 0.000235955259996], "dvar2": [0.00586964609101, 0.00513851689175, 0.00289258221164, 0.00197814148851, 0.00122583820485, 0.000630140770227], "max": [-0.201967120171, -0.33202406764, -0.447806209326, -0.551803350449, -0.55538713932, -0.559278786182], "mean": [-0.635950505733, -0.714420437813, -0.76298391819, -0.809989273548, -0.817106723785, -0.806082844734], "median": [-0.647546887398, -0.735129892826, -0.771746218204, -0.817840754986, -0.819528460503, -0.80449616909], "min": [-0.976749837399, -0.977756977081, -0.96890938282, -0.965270578861, -0.964862942696, -0.967127382755], "var": [0.00802296213806, 0.00882554613054, 0.00513395480812, 0.00233862036839, 0.00136422668584, 0.00141040957533]}, "spectral_contrast_valleys": {"dmean": [0.381723225117, 0.437016516924, 0.417461454868, 0.428030133247, 0.360297471285, 0.369612634182], "dmean2": [0.642617940903, 0.743975520134, 0.725336074829, 0.729351758957, 0.591866910458, 0.562822759151], "dvar": [0.16270531714, 0.276530385017, 0.269313335419, 0.308965057135, 0.25387313962, 0.267933219671], "dvar2": [0.394256949425, 0.724691092968, 0.714896440506, 0.788484752178, 0.603561639786, 0.604521870613], "max": [-4.86634874344, -5.04963207245, -5.12247085571, -5.39996194839, -6.03757953644, -7.32508230209], "mean": [-7.18733215332, -6.76731109619, -7.72573184967, -8.22550392151, -8.15622997284, -9.79841041565], "median": [-6.2