{"lowlevel": {"average_loudness": 0.789340078831, "barkbands_crest": {"dmean": 1.48106992245, "dmean2": 2.30996012688, "dvar": 2.59248542786, "dvar2": 6.74433994293, "max": 26.3157272339, "mean": 15.1952800751, "median": 14.727637291, "min": 4.3504076004, "var": 18.5934066772}, "barkbands_flatness_db": {"dmean": 0.0323299393058, "dmean2": 0.0453505143523, "dvar": 0.0013187242439, "dvar2": 0.00268038758077, "max": 0.499051570892, "mean": 0.287526637316, "median": 0.292271703482, "min": 0.0528026595712, "var": 0.00665237987414}, "barkbands_kurtosis": {"dmean": 11.8586978912, "dmean2": 18.4508991241, "dvar": 373.769439697, "dvar2": 924.513122559, "max": 386.118499756, "mean": 34.7068748474, "median": 25.340549469, "min": -1.90487444401, "var": 1077.04541016}, "barkbands_skewness": {"dmean": 0.835043489933, "dmean2": 1.29861342907, "dvar": 1.02318608761, "dvar2": 2.58660101891, "max": 15.2653694153, "mean": 3.90094065666, "median": 3.64368391037, "min": -2.29090046883, "var": 3.78371286392}, "barkbands_spread": {"dmean": 2.58179593086, "dmean2": 4.17578887939, "dvar": 45.7284622192, "dvar2": 119.574798584, "max": 95.1504135132, "mean": 4.58499097824, "median": 2.32909727097, "min": 0.16660785675, "var": 51.6471939087}, "dissonance": {"dmean": 0.0277723446488, "dmean2": 0.0437602996826, "dvar": 0.00067361962283, "dvar2": 0.00152638694271, "max": 0.499999940395, "mean": 0.394194990396, "median": 0.400036662817, "min": 0.116589576006, "var": 0.00278232805431}, "dynamic_complexity": 3.35323405266, "erbbands_crest": {"dmean": 1.77801728249, "dmean2": 2.69901919365, "dvar": 3.88528800011, "dvar2": 9.21161937714, "max": 31.2860012054, "mean": 14.6683187485, "median": 14.1604824066, "min": 2.60868144035, "var": 22.4144287109}, "erbbands_flatness_db": {"dmean": 0.0295321103185, "dmean2": 0.0405409112573, "dvar": 0.00113039498683, "dvar2": 0.00218816427514, "max": 0.429512917995, "mean": 0.259070843458, "median": 0.265636354685, "min": 0.0587456710637, "var": 0.00526487128809}, "erbbands_kurtosis": {"dmean": 3.95995807648, "dmean2": 5.99388694763, "dvar": 40.7173500061, "dvar2": 90.8645019531, "max": 137.608856201, "mean": 10.6897859573, "median": 7.63976860046, "min": -1.91615355015, "var": 140.025848389}, "erbbands_skewness": {"dmean": 0.485726028681, "dmean2": 0.738337993622, "dvar": 0.389601588249, "dvar2": 0.922486066818, "max": 10.1567811966, "mean": 2.49571156502, "median": 2.38060975075, "min": -1.54335379601, "var": 1.40805280209}, "erbbands_spread": {"dmean": 8.50514602661, "dmean2": 13.0774526596, "dvar": 273.634094238, "dvar2": 677.199584961, "max": 166.964492798, "mean": 19.9484272003, "median": 13.062002182, "min": 0.992742478848, "var": 396.302886963}, "hfc": {"dmean": 2.09868049622, "dmean2": 3.34568142891, "dvar": 23.0258693695, "dvar2": 62.7434310913, "max": 79.630821228, "mean": 8.06695556641, "median": 6.54729890823, "min": 1.18878797746e-16, "var": 44.4895019531}, "melbands_crest": {"dmean": 1.57438373566, "dmean2": 2.47477602959, "dvar": 2.95794320107, "dvar2": 8.5845041275, "max": 31.1672077179, "mean": 16.0123081207, "median": 15.5907096863, "min": 2.15810227394, "var": 13.9183578491}, "melbands_flatness_db": {"dmean": 0.0357682257891, "dmean2": 0.0504296459258, "dvar": 0.00162140699103, "dvar2": 0.00333402096294, "max": 0.603326797485, "mean": 0.371261239052, "median": 0.37657687068, "min": 0.00654590083286, "var": 0.00800313521177}, "melbands_kurtosis": {"dmean": 13.6872110367, "dmean2": 21.3738250732, "dvar": 551.952209473, "dvar2": 1345.3215332, "max": 534.44934082, "mean": 37.5922393799, "median": 28.4959335327, "min": -1.32520186901, "var": 1176.94787598}, "melbands_skewness": {"dmean": 0.877561151981, "dmean2": 1.35277628899, "dvar": 1.4056674242, "dvar2": 3.19293999672, "max": 17.6373004913, "mean": 3.65524601936, "median": 3.38483405113, "min": -1.87298882008, "var": 3.83019208908}, "melbands_spread": {"dmean": 1.49550151825, "dmean2": 2.38962006569, "dvar": 17.2941703796, "dvar2": 41.8813209534, "max": 157.909011841, "mean": 4.08619499207, "median": 2.66649985313, "min": 0.417873233557, "var": 32.4291763306}, "pitch_salience": {"dmean": 0.0428684167564, "dmean2": 0.0669039189816, "dvar": 0.0021562599577, "dvar2": 0.00558969238773, "max": 0.905469655991, "mean": 0.58192050457, "median": 0.594308316708, "min": 0.128797829151, "var": 0.0121387457475}, "silence_rate_20dB": {"dmean": 0, "dmean2": 0, "dvar": 0, "dvar2": 0, "max": 1, "mean": 1, "median": 1, "min": 1, "var": 0}, "silence_rate_30dB": {"dmean": 0, "dmean2": 0, "dvar": 0, "dvar2": 0, "max": 1, "mean": 1, "median": 1, "min": 1, "var": 0}, "silence_rate_60dB": {"dmean": 0.00823132134974, "dmean2": 0.016358839348, "dvar": 0.00816444400698, "dvar2": 0.0184160843492, "max": 1, "mean": 0.0635222122073, "median": 0, "min": 0, "var": 0.0594807863235}, "spectral_centroid": {"dmean": 63.9644508362, "dmean2": 95.6084136963, "dvar": 27209.1738281, "dvar2": 45794.3359375, "max": 11293.7177734, "mean": 402.619903564, "median": 329.657958984, "min": 179.220275879, "var": 56675.953125}, "spectral_complexity": {"dmean": 1.27342760563, "dmean2": 2.00791549683, "dvar": 2.92270040512, "dvar2": 6.00967264175, "max": 26, "mean": 7.30938053131, "median": 7, "min": 0, "var": 11.1913013458}, "spectral_decrease": {"dmean": 8.22637957754e-10, "dmean2": 1.18930154613e-09, "dvar": 1.1895901524e-18, "dvar2": 2.69458406558e-18, "max": 3.79752751411e-19, "mean": -6.16376283347e-09, "median": -5.2729243194e-09, "min": -2.8891095738e-08, "var": 2.07967830549e-17}, "spectral_energy": {"dmean": 0.00323459901847, "dmean2": 0.00468955468386, "dvar": 1.83937845577e-05, "dvar2": 4.17650262534e-05, "max": 0.111945956945, "mean": 0.0239951778203, "median": 0.0204906892031, "min": 1.08112263723e-20, "var": 0.000313347671181}, "spectral_energyband_high": {"dmean": 0.000134708636324, "dmean2": 0.000229149387451, "dvar": 2.1553876195e-07, "dvar2": 5.97599864705e-07, "max": 0.00783395860344, "mean": 0.000114768394269, "median": 9.30693022383e-06, "min": 7.62776281592e-21, "var": 1.48232757624e-07}, "spectral_energyband_low": {"dmean": 0.000635179399978, "dmean2": 0.000912172312383, "dvar": 1.2588016034e-06, "dvar2": 2.359469363e-06, "max": 0.021501109004, "mean": 0.00188133120537, "median": 0.0013468201505, "min": 6.88276154204e-23, "var": 4.37791732111e-06}, "spectral_energyband_middle_high": {"dmean": 0.000224498158786, "dmean2": 0.000339476828231, "dvar": 3.47479215179e-07, "dvar2": 8.63601712808e-07, "max": 0.012834536843, "mean": 0.000507128890604, "median": 0.000278172199614, "min": 1.66745596272e-21, "var": 5.28489863427e-07}, "spectral_energyband_middle_low": {"dmean": 0.00290835089982, "dmean2": 0.00429553771392, "dvar": 1.45577032526e-05, "dvar2": 3.39025791618e-05, "max": 0.0977933853865, "mean": 0.0225529186428, "median": 0.0189679842442, "min": 3.41420867802e-22, "var": 0.000292626529699}, "spectral_entropy": {"dmean": 0.361942201853, "dmean2": 0.522947609425, "dvar": 0.187460958958, "dvar2": 0.397466480732, "max": 9.79119873047, "mean": 6.02728223801, "median": 5.92179250717, "min": 4.06658506393, "var": 0.705062329769}, "spectral_flux": {"dmean": 0.0124278729782, "dmean2": 0.0191494170576, "dvar": 0.000242223468376, "dvar2": 0.000491819460876, "max": 0.167189463973, "mean": 0.0325853452086, "median": 0.0264273006469, "min": 1.03977049193e-10, "var": 0.000564819667488}, "spectral_kurtosis": {"dmean": 11.5522689819, "dmean2": 19.0185985565, "dvar": 167.359420776, "dvar2": 420.226531982, "max": 144.342453003, "mean": 24.1940727234, "median": 16.3536720276, "min": -1.36997640133, "var": 508.353607178}, "spectral_rms": {"dmean": 0.00032894971082, "dmean2": 0.000477951427456, "dvar": 1.5157526434e-07, "dvar2": 3.46416328512e-07, "max": 0.0104506248608, "mean": 0.00448843976483, "median": 0.00447111995891, "min": 3.24769725002e-12, "var": 3.2637028653e-06}, "spectral_rolloff": {"dmean": 121.189613342, "dmean2": 226.281585693, "dvar": 639055.0625, "dvar2": 1734959.375, "max": 18776.953125, "mean": 437.952392578, "median": 344.53125, "min": 172.265625, "var": 700575.625}, "spectral_skewness": {"dmean": 0.900927960873, "dmean2": 1.4531378746, "dvar": 0.813892602921, "dvar2": 1.95186257362, "max": 10.4459905624, "mean": 3.49165868759, "median": 3.15409636497, "min": 0.0304533280432, "var": 2.97255420685}, "spectral_spread": {"dmean": 1070878.25, "dmean2": 1659340.375, "dvar": 3067107606530.0, "dvar2": 6710309158910.0, "max": 40737472, "mean": 3339815.5, "median": 2577874, "min": 632499.1875, "var": 5418559995900.0}, "spectral_strongpeak": {"dmean": 0.140772715211, "dmean2": 0.233245894313, "dvar": 0.042513076216, "dvar2": 0.104794830084, "max": 3.20923924446, "mean": 1.008638978, "median": 1.00279974937, "min": 0, "var": 0.316577136517}, "zerocrossingrate": {"dmean": 0.00512277940288, "dmean2": 0.0064824684523, "dvar": 9.93195135379e-05, "dvar2": 0.000125429185573, "max": 0.5146484375, "mean": 0.0223713386804, "median": 0.01708984375, "min": 0.00732421875, "var": 0.000460857758299}, "barkbands": {"dmean": [6.74364264341e-06, 0.000403103156714, 0.000132425513584, 0.000691697001457, 0.00212246994488, 0.000964236794971, 0.000326518173097, 4.77695393784e-05, 0.000124236452393, 7.24329584045e-05, 2.94653455057e-05, 2.07854482142e-05, 3.11851763399e-05, 2.33087284869e-05, 4.11331930081e-05, 2.37384811044e-05, 1.39745643537e-05, 1.38524137583e-05, 2.58087184193e-05, 1.70097973751e-05, 1.15238717626e-05, 9.62546891969e-06, 1.35632790261e-05, 4.85286145704e-05, 4.18951385655e-05, 6.13376050751e-06, 1.76008109065e-06], "dmean2": [1.1194129911e-05, 0.000547761679627, 0.000221431371756, 0.00116775615606, 0.00320941396058, 0.00130911858287, 0.000482501578517, 7.69455291447e-05, 0.00019033276476, 0.000114136091725, 4.37338931079e-05, 3.36686098308e-05, 4.73965519632e-05, 3.66268068319e-05, 7.19987801858e-05, 4.07070656365e-05, 2.23325550905e-05, 2.17636679736e-05, 3.62109167327e-05, 2.38116008404e-05, 1.75140721694e-05, 1.46137326738e-05, 2.16924763663e-05, 8.7941167294e-05, 7.54212596803e-05, 1.03023812699e-05, 2.9152015486e-06], "dvar": [2.5837348927e-10, 8.7987467623e-07, 1.08606499793e-07, 1.05427386643e-06, 9.93689627649e-06, 3.21667994285e-06, 5.79403092615e-07, 1.0060964506e-08, 6.54979785963e-08, 2.77447309571e-08, 3.77947140251e-09, 2.98697111489e-09, 4.77948303157e-09, 2.97668800719e-09, 1.14681171226e-07, 6.18919004935e-09, 7.85395193326e-10, 5.49682033224e-09, 9.0381515605e-09, 3.73973207957e-09, 1.58160884389e-09, 6.8035477252e-10, 1.99477834251e-09, 4.15434300294e-08, 3.29027081136e-08, 6.01922178767e-10, 5.18618446799e-11], "dvar2": [7.12171044359e-10, 1.6486540062e-06, 2.74934620847e-07, 3.10281870952e-06, 2.43983340624e-05, 5.82751954425e-06, 1.29515422032e-06, 2.4868166193e-08, 1.47458138144e-07, 6.57993055597e-08, 8.09017475234e-09, 7.56309503913e-09, 1.0310547971e-08, 7.26952498198e-09, 3.04911225157e-07, 1.68753651053e-08, 2.15722706365e-09, 1.48773056097e-08, 2.03835863744e-08, 6.70591493446e-09, 4.04048616787e-09, 1.58318680388e-09, 5.02125363511e-09, 1.18454380527e-07, 9.32645747298e-08, 1.5547753085e-09, 1.39426886703e-10], "max": [0.000339617516147, 0.0132332518697, 0.00592393288389, 0.0170804224908, 0.0752357020974, 0.0545450374484, 0.0225588213652, 0.00270676892251, 0.00521535519511, 0.00409608427435, 0.00336075364612, 0.00235686032102, 0.00170783884823, 0.00116410991177, 0.00888853985816, 0.00147717748769, 0.000350061280187, 0.00319145619869, 0.00309317698702, 0.00174703611992, 0.00159810599871, 0.00055427022744, 0.000707059749402, 0.00360905309208, 0.00328960665502, 0.00035026774276, 0.000135784532176], "mean": [9.12004179554e-06, 0.000629073823802, 0.000201909133466, 0.00254417350516, 0.0129279615358, 0.00511734141037, 0.00144817668479, 0.00013783929171, 0.000350063666701, 0.000132146422402, 7.65294025769e-05, 3.51878697984e-05, 6.39326826786e-05, 4.16997609136e-05, 3.50120753865e-05, 2.75823931588e-05, 2.4805405701e-05, 1.86700526683e-05, 4.07127517974e-05, 2.7421347113e-05, 1.4651289348e-05, 1.19949527289e-05, 1.23931304188e-05, 3.2116247894e-05, 2.83524805127e-05, 4.90697266287e-06, 1.42065073305e-06], "median": [8.08933691587e-07, 7.77624663897e-05, 9.0285029728e-05, 0.0016499432968, 0.00983671005815, 0.00262817111798, 0.000424484605901, 6.02532563789e-05, 0.000162264812388, 3.30770890287e-05, 3.74140872736e-05, 1.31312372105e-05, 2.47638909059e-05, 1.62599426403e-05, 6.19142792857e-06, 6.21613662588e-06, 9.38756875257e-06, 5.09741448695e-06, 9.68039512372e-06, 4.33095920016e-06, 1.95855159291e-06, 1.50494065565e-06, 5.11481800913e-07, 4.07275337011e-07, 1.90503385511e-07, 4.48498731487e-08, 9.94272841837e-09], "min": [4.57648434352e-25, 2.2352705071e-23, 3.03150978614e-23, 2.81932639748e-23, 5.14811794261e-23, 9.94343204486e-23, 8.22833357877e-23, 5.34101305106e-23, 1.99861570652e-23, 3.9533663291e-23, 8.69469931069e-23, 1.66000795457e-22, 4.50758907776e-23, 1.10629386343e-22, 2.59447794164e-22, 8.91610479888e-23, 1.70117235744e-22, 2.50009079744e-22, 2.3290281403e-22, 3.90004778849e-22, 2.98145245963e-22, 6.35780944572e-22, 5.1223078653e-22, 8.82195797327e-22, 1.26816824739e-21, 1.88910563176e-21, 2.25576999805e-21], "var": [3.67385205591e-10, 1.95345114662e-06, 1.11168425576e-07, 7.19053286957e-06, 0.000132195375045, 4.47518541478e-05, 6.72221085551e-06, 5.00435390904e-08, 2.50925040746e-07, 7.19633490576e-08, 1.91499225366e-08, 5.81684966861e-09, 1.29778117142e-08, 5.53173196138e-09, 7.76486714926e-08, 5.46433742699e-09, 1.39230760254e-09, 4.23926183046e-09, 1.40123086467e-08, 9.78081260428e-09, 1.6438521655e-09, 8.90843787626e-10, 1.81320480852e-09, 2.44709905672e-08, 1.99450713723e-08, 4.8895837379e-10, 3.85974377459e-11]}, "erbbands": {"dmean": [0.00773196807131, 0.105592958629, 0.184926465154, 1.12866008282, 3.20801091194, 11.4386816025, 6.10675764084, 8.26316642761, 5.35969305038, 2.85318040848, 1.05266499519, 3.0389008522, 2.192527771, 1.25707197189, 0.992328464985, 0.839682161808, 1.61796331406, 0.906964719296, 1.49207782745, 2.34731388092, 0.893280684948, 0.784851610661, 0.807648837566, 1.11319351196, 1.25033509731, 0.624803423882, 0.589418888092, 0.383099913597, 0.326602607965, 0.303362458944, 0.450304746628, 0.554930686951, 1.04194068909, 0.661903440952, 0.206515446305, 0.0447756946087, 0.00878524128348, 0.0018229134148, 0.000260895118117, 2.38716838794e-05], "dmean2": [0.010191979818, 0.145791739225, 0.286749362946, 1.89147484303, 5.29788398743, 17.2933979034, 8.72797393799, 10.8894109726, 8.22673416138, 3.79873967171, 1.65499174595, 4.54522228241, 3.47547006607, 1.9276444912, 1.46515595913, 1.33517825603, 2.44937992096, 1.41841840744, 2.48485517502, 4.16099691391, 1.5392563343, 1.26198029518, 1.22827851772, 1.63296163082, 1.6599521637, 0.874584317207, 0.883222103119, 0.598010003567, 0.502664685249, 0.470891267061, 0.734365046024, 0.955178618431, 1.91581070423, 1.20063281059, 0.372441351414, 0.0762456730008, 0.0148841431364, 0.00313050439581, 0.000420805241447, 3.86328538298e-05], "dvar": [0.000300360523397, 0.0644179359078, 0.213733583689, 2.47958183289, 25.8489780426, 299.226074219, 81.9422149658, 240.308227539, 173.541915894, 50.69921875, 3.75751161575, 41.5539970398, 26.222278595, 6.72322034836, 4.07711029053, 4.89411211014, 12.9958982468, 3.6674554348, 74.4473190308, 268.484680176, 8.94607257843, 2.62646842003, 9.31683540344, 35.631893158, 15.4088535309, 3.23269534111, 5.98975086212, 0.83154886961, 0.806030452251, 0.768919765949, 2.56695079803, 4.55912160873, 21.230134964, 8.93974113464, 0.747227728367, 0.0337934605777, 0.00115993025247, 5.78765866521e-05, 9.78841057986e-07, 7.95119436958e-09], "dvar2": [0.000492088671308, 0.122341029346, 0.472009539604, 6.76005411148, 73.583190918, 728.140869141, 171.651901245, 421.012176514, 400.484130859, 83.3302764893, 9.1704120636, 87.1657867432, 58.8794212341, 15.8588886261, 8.58190155029, 12.4387845993, 28.1437797546, 8.66838169098, 183.338897705, 750.16619873, 25.0883560181, 7.27047681808, 23.0551490784, 96.0886993408, 29.5922203064, 6.38750648499, 15.3115406036, 1.96900606155, 1.88905155659, 1.87155425549, 6.65929889679, 12.382440567, 61.0645637512, 25.4949512482, 2.10646009445, 0.0883760750294, 0.00311894668266, 0.000161729971296, 2.54564452007e-06, 2.11404387329e-08], "max": [0.263435989618, 3.73894929886, 9.53999233246, 28.1679039001, 85.9229736328, 429.742553711, 278.067047119, 445.867095947, 397.429046631, 264.300018311, 36.8344726562, 142.554138184, 88.9154205322, 59.853427887, 105.508972168, 91.4191665649, 86.2494125366, 45.2490081787, 283.247589111, 420.099578857, 62.2606735229, 21.2680568695, 117.262489319, 307.115814209, 77.2727661133, 42.1337623596, 106.310646057, 14.3611040115, 22.7409496307, 12.9907035828, 26.7862186432, 48.292263031, 86.0934066772, 56.960975647, 14.7560977936, 2.64141225815, 0.52900069952, 0.148032069206, 0.0154924476519, 0.00166398508009], "mean": [0.0138797117397, 0.154567316175, 0.316820412874, 4.41087055206, 11.4549865723, 72.6586761475, 39.0060958862, 46.0824966431, 23.8226356506, 13.5585765839, 3.40486598015, 8.99360752106, 4.48039674759, 2.93259930611, 2.67439365387, 1.61860311031, 3.39595651627, 1.63428580761, 1.88380002975, 2.19323325157, 1.1601845026, 1.38469529152, 1.20320105553, 1.70016121864, 2.07428050041, 0.999656438828, 0.794646203518, 0.480220407248, 0.407696545124, 0.328087478876, 0.394984662533, 0.426147580147, 0.658588469028, 0.435682475567, 0.142453446984, 0.0345764122903, 0.0070583941415, 0.00138963444624, 0.000231921760133, 4.35521687905e-05], "median": [0.00114510278217, 0.0228688754141, 0.188333287835, 3.1232187748, 9.08089542389, 53.8936233521, 28.7975158691, 24.6032390594, 7.78898429871, 5.41919231415, 2.11771345139, 4.05628442764, 1.51847290993, 1.61024785042, 1.41755902767, 0.796256005764, 1.40559983253, 0.671111166477, 0.549019038677, 0.533245801926, 0.291418790817, 0.523547530174, 0.407551586628, 0.427223235369, 0.437466740608, 0.226136252284, 0.126933962107, 0.0677737295628, 0.0525513924658, 0.0210104044527, 0.0149899637327, 0.0117048248649, 0.0049822665751, 0.00296291429549, 0.000919468002394, 0.000293428718578, 7.39240276744e-05, 1.68305341504e-05, 1.48597810039e-05, 2.63012752839e-05], "min": [3.80555058242e-22, 6.09842582065e-21, 3.04417781186e-20, 7.53175412711e-20, 1.48568772447e-19, 1.24555848512e-19, 3.73693730972e-19, 9.22177549616e-19, 1.67491087306e-18, 7.09030011265e-19, 1.02541599732e-18, 5.01265092256e-19, 9.31642046787e-19, 2.33196545583e-18, 4.12458020095e-18, 6.13887624831e-18, 2.34316713568e-18, 4.78396267675e-18, 1.07628307617e-17, 1.16835133892e-17, 4.98006652047e-18, 1.16890306839e-17, 1.3267700747e-17, 7.59034164968e-18, 1.57488058333e-17, 1.79907316455e-17, 1.14804115975e-17, 1.67887406081e-17, 2.29531817005e-17, 1.40117976845e-17, 1.57549451678e-17, 2.07284810974e-17, 1.30841584681e-17, 1.36870705642e-17, 9.31912100578e-18, 7.90859939036e-18, 3.1968533034e-18, 1.20108517118e-18, 3.11070756078e-19, 3.31281925607e-20], "var": [0.000918669102248, 0.124885223806, 0.262332141399, 19.2928085327, 92.0307159424, 4613.37890625, 1374.51696777, 3361.3046875, 1937.51318359, 645.265197754, 14.641708374, 175.500900269, 65.6494827271, 18.6260662079, 19.9788894653, 9.01079273224, 34.9090614319, 7.60949039459, 62.2273216248, 165.625778198, 7.77726173401, 4.39305591583, 9.66756439209, 30.974111557, 31.7497653961, 7.37124347687, 6.25310659409, 1.08252727985, 1.07131075859, 0.849169313908, 2.12692904472, 3.14966034889, 12.10891819, 5.26022577286, 0.463589936495, 0.0263545662165, 0.000882909633219, 3.80233141186e-05, 8.16390752334e-07, 6.6395475784e-09]}, "gfcc": {"mean": [-119.080589294, 148.79826355, -88.1543884277, 17.453004837, -65.4496307373, -25.8470745087, -50.1932449341, -19.1547603607, -33.7685203552, -14.7769851685, -7.67095994949, -8.09140110016, -3.349214077], "cov": [[9326.44824219, -1523.7833252, -425.2762146, 479.041320801, -508.460266113, 648.346252441, -28.7812824249, 430.017669678, -44.0223426819, 299.615844727, -144.464950562, 62.7948379517, 19.4454650879], [-1523.7833252, 1888.60388184, -359.658905029, -158.693817139, 375.712524414, -544.466125488, 279.258331299, -282.635467529, 121.825218201, -206.149093628, 187.801452637, -132.171966553, 24.2479076385], [-425.2762146, -359.658905029, 836.731262207, -87.6556091309, -54.1547279358, 178.065322876, -175.646835327, 98.7820739746, -21.1810188293, 54.0069732666, 10.3977737427, 105.765083313, -0.132001414895], [479.041320801, -158.693817139, -87.6556091309, 321.866760254, 28.0405006409, 67.6190567017, 52.7316360474, 65.4749908447, 44.8092689514, 33.3172302246, -30.3383312225, 19.3589992523, 27.7019634247], [-508.460266113, 375.712524414, -54.1547279358, 28.0405006409, 233.297698975, -68.682434082, 63.4511909485, -37.6611785889, 40.0139884949, -23.7427635193, 33.1481552124, -19.7351341248, 7.66580295563], [648.346252441, -544.466125488, 178.065322876, 67.6190567017, -68.682434082, 371.552154541, -71.5278396606, 144.175369263, 5.14449167252, 94.8493041992, -47.5623207092, 70.8734054565, 3.1866979599], [-28.7812824249, 279.258331299, -175.646835327, 52.7316360474, 63.4511909485, -71.5278396606, 173.610671997, -11.4796142578, 31.2313995361, -9.25015354156, 32.6962242126, -11.7487983704, 10.4616451263], [430.017669678, -282.635467529, 98.7820739746, 65.4749908447, -37.6611785889, 144.175369263, -11.4796142578, 194.1693573, 20.9705200195, 56.6294059753, -26.1534366608, 32.9245147705, -3.29539084435], [-44.0223426819, 121.825218201, -21.1810188293, 44.8092689514, 40.0139884949, 5.14449167252, 31.2313995361, 20.9705200195, 116.91292572, 26.2265338898, 14.810008049, 16.6328392029, 7.54506540298], [299.615844727, -206.149093628, 54.0069732666, 33.3172302246, -23.7427635193, 94.8493041992, -9.25015354156, 56.6294059753, 26.2265338898, 128.6509552, 19.6008605957, 27.0758724213, 4.02649259567], [-144.464950562, 187.801452637, 10.3977737427, -30.3383312225, 33.1481552124, -47.5623207092, 32.6962242126, -26.1534366608, 14.810008049, 19.6008605957, 96.41355896, 13.340004921, 6.61997699738], [62.7948379517, -132.171966553, 105.765083313, 19.3589992523, -19.7351341248, 70.8734054565, -11.7487983704, 32.9245147705, 16.6328392029, 27.0758724213, 13.340004921, 87.5384597778, 20.6708583832], [19.4454650879, 24.2479076385, -0.132001414895, 27.7019634247, 7.66580295563, 3.1866979599, 10.4616451263, -3.29539084435, 7.54506540298, 4.02649259567, 6.61997699738, 20.6708583832, 68.3080215454]], "icov": [[0.000165970603121, -5.21722831763e-05, 0.000163323158631, -0.000188545018318, 0.000344925763784, -0.00020597857656, 6.95913258824e-05, -0.000197354907868, 0.000175576715264, -0.000219510882744, -7.34286550141e-06, 1.28497431433e-05, -1.085828535e-05], [-5.21722831763e-05, 0.00304112583399, -0.000238284366787, 0.00133501540404, -0.00237076426856, 0.0013833156554, -0.00239433883689, 0.00101890182123, -0.00313854590058, 0.00331443804316, -0.00344104855321, 0.0026680987794, -0.00131178845186], [0.000163323158631, -0.000238284366787, 0.00216306047514, 0.000211692618905, 7.86645614426e-05, -0.000463823147584, 0.00203017238528, -0.00106509879697, 0.000687794876285, -0.000398956792196, -0.000445436802693, -0.00206264201552, 0.000221814465476], [-0.000188545018318, 0.00133501540404, 0.000211692618905, 0.00499179633334, -0.00195426377468, 0.000438962830231, -0.00209555961192, -0.000307407113723, -0.00225279550068, 0.000872475386132, 0.000428296043538, 0.00037013166002, -0.00189537391998], [0.000344925763784, -0.00237076426856, 7.86645614426e-05, -0.00195426377468, 0.00798256881535, -0.00146518694237, 0.00051896867808, -0.000352634262526, 0.000869024835993, -0.00167725607753, 0.000971879169811, -0.000235955682001, 0.000592190015595], [-0.00020597857656, 0.0013833156554, -0.000463823147584, 0.000438962830231, -0.00146518694237, 0.00629389518872, -2.13764687942e-05, -0.00158112123609, -0.000886963563971, -0.00103282020427, 0.000974527734797, -0.00174265634269, -0.000221767739276], [6.95913258824e-05, -0.00239433883689, 0.00203017238528, -0.00209555961192, 0.00051896867808, -2.13764687942e-05, 0.0113431438804, -0.00228183669969, 0.00177511840593, -0.0021027259063, -0.000246496609179, -0.00293516251259, 0.000619301281404], [-0.000197354907868, 0.00101890182123, -0.00106509879697, -0.000307407113723, -0.000352634262526, -0.00158112123609, -0.00228183669969, 0.00891685858369, -0.00218931166455, -0.000190521372133, 0.000487549550598, 0.000818242551759, 0.00066828134004], [0.000175576715264, -0.00313854590058, 0.000687794876285, -0.00225279550068, 0.000869024835993, -0.000886963563971, 0.00177511840593, -0.00218931166455, 0.013993350789, -0.00557657331228, 0.00323360273615, -0.00501017877832, 0.00153126486111], [-0.000219510882744, 0.00331443804316, -0.000398956792196, 0.000872475386132, -0.00167725607753, -0.00103282020427, -0.0021027259063, -0.000190521372133, -0.00557657331228, 0.0156437065452, -0.00845307577401, 0.00355772534385, -0.00148296565749], [-7.34286550141e-06, -0.00344104855321, -0.000445436802693, 0.000428296043538, 0.000971879169811, 0.000974527734797, -0.000246496609179, 0.000487549550598, 0.00323360273615, -0.00845307577401, 0.0196895767003, -0.00682998821139, 0.00125553214457], [1.28497431433e-05, 0.0026680987794, -0.00206264201552, 0.00037013166002, -0.000235955682001, -0.00174265634269, -0.00293516251259, 0.000818242551759, -0.00501017877832, 0.00355772534385, -0.00682998821139, 0.0207680091262, -0.00578712997958], [-1.085828535e-05, -0.00131178845186, 0.000221814465476, -0.00189537391998, 0.000592190015595, -0.000221767739276, 0.000619301281404, 0.00066828134004, 0.00153126486111, -0.00148296565749, 0.00125553214457, -0.00578712997958, 0.0173065401614]]}, "melbands": {"dmean": [9.44499915931e-05, 0.000107489693619, 0.000254161364865, 0.000494914071169, 0.000280199456029, 0.000183535827091, 7.35671055736e-05, 2.51014171226e-05, 1.13339820018e-05, 1.78773643711e-05, 1.13875739771e-05, 5.90482522966e-06, 4.15806334786e-06, 1.94049425772e-06, 3.78613162866e-06, 2.49885147241e-06, 1.67238295035e-06, 2.19367370846e-06, 3.79603898182e-06, 2.42981309384e-06, 8.10089716197e-07, 8.11104428067e-07, 8.34594857224e-07, 6.82381198658e-07, 9.80300114861e-07, 8.47683679694e-07, 9.618098602e-07, 3.204310417e-07, 3.84106527918e-07, 2.89779961804e-07, 2.22019721718e-07, 1.97344050434e-07, 1.74880227632e-07, 1.60915718084e-07, 2.5143853577e-07, 2.80490695559e-07, 3.44056900303e-07, 7.14768532362e-07, 7.66772416227e-07, 4.88393482101e-07], "dmean2": [0.000125627964735, 0.000158685914357, 0.00043039402226, 0.000758390699048, 0.000400803954108, 0.000244096358074, 0.000112792469736, 3.3598025766e-05, 1.72510335688e-05, 2.74065751e-05, 1.801059625e-05, 9.05366596271e-06, 6.07814308751e-06, 3.22588289237e-06, 5.68564610148e-06, 3.81169184038e-06, 2.63657557298e-06, 3.56931172973e-06, 6.77261550663e-06, 4.18399758928e-06, 1.40465760978e-06, 1.312771019e-06, 1.3114425883e-06, 1.04703053694e-06, 1.46504191889e-06, 1.16426167551e-06, 1.28294084334e-06, 4.97963014823e-07, 5.96316738211e-07, 4.32956341001e-07, 3.51027267698e-07, 3.03270837776e-07, 2.79476040532e-07, 2.53508574133e-07, 4.06321589708e-07, 4.72325268674e-07, 5.95552194227e-07, 1.31664762648e-06, 1.41065277148e-06, 8.78246737557e-07], "dvar": [4.43509406978e-08, 7.20730142234e-08, 1.42204484632e-07, 5.38117205906e-07, 1.53821687832e-07, 1.1617711948e-07, 3.08025960294e-08, 4.29625579557e-09, 4.97783148035e-10, 1.40638312107e-09, 7.22631676719e-10, 1.58543844719e-10, 7.54656268032e-11, 3.3114129494e-11, 7.24652074457e-11, 2.9714862515e-11, 1.18878136501e-11, 9.3518345845e-11, 1.12537745789e-09, 1.04045529137e-10, 5.30251927436e-12, 2.90354177333e-12, 2.81540155772e-12, 1.65741188135e-11, 2.87917432951e-11, 6.81345604936e-12, 1.4793340164e-11, 7.06288434855e-13, 3.24448757791e-12, 7.86204326468e-13, 3.04939314901e-13, 3.00154107298e-13, 2.8204665708e-13, 2.20480846579e-13, 7.89541663385e-13, 9.45754108708e-13, 2.07199361835e-12, 9.89282353953e-12, 1.23633603355e-11, 4.71246175762e-12], "dvar2": [8.01619179924e-08, 1.40108539881e-07, 4.19131538365e-07, 1.35754748953e-06, 3.35850756983e-07, 2.05568781553e-07, 7.31966309786e-08, 7.15943793139e-09, 1.09862485775e-09, 3.17370862923e-09, 1.60496216317e-09, 3.61542379368e-10, 1.52779108809e-10, 8.79363318274e-11, 1.51520865299e-10, 6.84738446499e-11, 2.86400087673e-11, 2.23008625455e-10, 3.09295256073e-09, 2.86266205185e-10, 1.51927220804e-11, 8.18961044813e-12, 7.13138402497e-12, 4.36839141249e-11, 7.79812187046e-11, 1.37019232765e-11, 2.61710722538e-11, 1.74528154515e-12, 8.67648314307e-12, 1.7812562406e-12, 7.24075638857e-13, 6.85002889914e-13, 7.18157575508e-13, 5.32480038794e-13, 2.02778050427e-12, 2.49601749859e-12, 5.63648997268e-12, 2.84814533069e-11, 3.55133908392e-11, 1.33505411587e-11], "max": [0.00306015228853, 0.00524415774271, 0.0062740156427, 0.0172488708049, 0.0111189326271, 0.0101267630234, 0.0051352167502, 0.00240733847022, 0.00047248165356, 0.000763623800594, 0.000503997609485, 0.000336563563906, 0.000503764546011, 9.19424273889e-05, 0.000476887624245, 0.000113152331323, 7.67073433963e-05, 0.000321477011312, 0.000919007696211, 0.000234634993831, 4.16119291913e-05, 2.44352831942e-05, 2.7008156394e-05, 0.000178903021151, 0.000276192091405, 5.68048999412e-05, 0.000110129614768, 2.29762390518e-05, 9.2714180937e-05, 1.89995953406e-05, 7.26171083443e-06, 1.43687784657e-05, 9.31512477109e-06, 6.90173101248e-06, 1.46370157381e-05, 1.30726948555e-05, 3.65260530089e-05, 5.88816619711e-05, 6.71830202918e-05, 4.09632375522e-05], "mean": [0.000155939647811, 0.000161496485816, 0.000920772203244, 0.00279263895936, 0.00206569163129, 0.00102715927642, 0.000319790444337, 0.000112825975521, 3.25382425217e-05, 5.04526724399e-05, 2.18422064791e-05, 1.30524113047e-05, 1.13450605568e-05, 2.88125920633e-06, 8.28001066111e-06, 4.96156462759e-06, 2.91441665468e-06, 3.14415933644e-06, 2.99336534226e-06, 2.60474189417e-06, 1.09057725695e-06, 1.40013821692e-06, 1.35920799949e-06, 9.01106716356e-07, 1.4479779793e-06, 1.41757254823e-06, 1.59044566317e-06, 4.55339090877e-07, 5.06938022227e-07, 3.71381332798e-07, 2.68361276312e-07, 2.5201796916e-07, 1.90443415704e-07, 1.68865497585e-07, 2.2639017061e-07, 2.28020141435e-07, 2.61362487208e-07, 4.50342326985e-07, 4.83444466681e-07, 3.29106967456e-07], "median": [1.62650721904e-05, 5.11299476784e-05, 0.000676588097122, 0.00217250874266, 0.00160983658861, 0.000583355023991, 0.00010665137961, 3.72188078472e-05, 1.72140025825e-05, 2.31194753724e-05, 5.41907820661e-06, 6.26226346867e-06, 5.40803239346e-06, 1.10908820261e-06, 3.27902671415e-06, 1.93410050997e-06, 1.12340524083e-06, 9.14161546461e-07, 4.89817637117e-07, 6.06729145147e-07, 2.35584664665e-07, 5.05822072228e-07, 5.02552325088e-07, 2.17864254637e-07, 3.26756406821e-07, 3.86773820082e-07, 2.07495830296e-07, 1.10476740645e-07, 8.28951201015e-08, 4.75145647272e-08, 3.42343291493e-08, 3.31181517765e-08, 1.71298921714e-08, 7.88207010771e-09, 7.75309594303e-09, 8.82500916788e-09, 5.82714143604e-09, 3.42632278105e-09, 2.81683432135e-09, 2.18508255934e-09], "min": [4.71664628954e-24, 1.36334665064e-23, 1.50247221092e-23, 1.00222072215e-23, 1.0575233426e-23, 2.1384831116e-23, 2.33592300549e-23, 8.58017974199e-24, 7.60278975789e-24, 2.84381674205e-24, 4.84850715086e-24, 9.10537493369e-24, 1.31086838889e-23, 1.70048087352e-23, 1.11745839094e-23, 3.67492430419e-24, 9.66455898636e-24, 1.6484652787e-23, 1.88915494504e-23, 9.17404606435e-24, 5.03932234864e-24, 9.09442791091e-24, 2.00166354952e-23, 7.01211595561e-24, 5.27174680373e-24, 1.0859885995e-23, 1.24972346458e-23, 1.17803446765e-23, 6.89454570402e-24, 9.54660140406e-24, 9.57177237783e-24, 1.35931841131e-23, 1.08712416478e-23, 6.56261985637e-24, 8.67235498332e-24, 1.04778051599e-23, 1.38538884428e-23, 9.19490433555e-24, 8.08382057182e-24, 1.31894940112e-23], "var": [1.15477490681e-07, 1.13068672647e-07, 8.17464012925e-07, 6.16151692157e-06, 3.4263755424e-06, 1.63239883477e-06, 3.2799289329e-07, 5.3005553724e-08, 1.86669502078e-09, 5.33677679826e-09, 1.82761505929e-09, 4.69264627156e-10, 4.28869079139e-10, 3.43589046103e-11, 2.40826636411e-10, 7.18297782365e-11, 2.43090009927e-11, 9.73150240946e-11, 7.07528202692e-10, 7.61608762168e-11, 5.55962654386e-12, 4.80819464105e-12, 4.66975243196e-12, 1.34680495922e-11, 2.48115503837e-11, 1.31907002682e-11, 3.82946487021e-11, 1.01213547092e-12, 2.90056672257e-12, 1.08964790316e-12, 3.74868295043e-13, 4.29866022335e-13, 2.87626639086e-13, 2.42976049437e-13, 6.78007129606e-13, 7.34317500469e-13, 1.4018094411e-12, 5.62341666288e-12, 7.07787170887e-12, 2.83750150112e-12]}, "mfcc": {"mean": [-771.183654785, 177.87272644, 24.8270282745, 32.438457489, -1.19741475582, -12.349190712, -10.2956867218, -17.0311832428, -22.2851467133, -15.5358600616, -14.1622447968, -13.0267534256, -11.2171182632], "cov": [[7354.32177734, -1256.05957031, -318.773468018, -24.484992981, -271.705505371, 191.918151855, 110.996437073, 142.748413086, 229.464416504, 268.847412109, 98.4394760132, 64.684135437, -21.8683834076], [-1256.05957031, 1787.88330078, -347.991729736, 247.283508301, -47.1293525696, -117.041351318, 1.16035592556, -75.394493103, -159.452560425, -67.8194503784, 12.9576911926, -22.0835151672, 0.79463416338], [-318.773468018, -347.991729736, 714.098876953, -184.124694824, 159.564025879, 5.314412117, -11.4960718155, 29.5079746246, 17.7737369537, -29.3555393219, 8.53561306, 22.3186969757, 39.1136703491], [-24.484992981, 247.283508301, -184.124694824, 326.454467773, -35.1243743896, 8.5984954834, 15.6908369064, 13.1657209396, 13.0496082306, 14.761636734, -0.840134501457, 16.1600322723, -0.799804508686], [-271.705505371, -47.1293525696, 159.564025879, -35.1243743896, 210.047561646, 35.4470367432, -1.1989222765, 28.3704547882, 33.1968193054, 6.57865428925, -3.2559568882, 24.6895999908, 38.704875946], [191.918151855, -117.041351318, 5.314412117, 8.5984954834, 35.4470367432, 156.570648193, 10.3018255234, 31.1080665588, 34.9745178223, 28.6565761566, 10.0026073456, 14.0103120804, 21.2864322662], [110.996437073, 1.16035592556, -11.4960718155, 15.6908369064, -1.1989222765, 10.3018255234, 116.531211853, 10.4807128906, 3.8765809536, 22.2549800873, 20.1602630615, 0.389035761356, -5.85388231277], [142.748413086, -75.394493103, 29.5079746246, 13.1657209396, 28.3704547882, 31.1080665588, 10.4807128906, 125.890159607, 55.3498649597, 21.1513729095, 11.4830818176, 16.008605957, 20.9149513245], [229.464416504, -159.452560425, 17.7737369537, 13.0496082306, 33.1968193054, 34.9745178223, 3.8765809536, 55.3498649597, 128.743927002, 41.2927017212, 6.37431716919, 22.6188297272, 16.4727497101], [268.847412109, -67.8194503784, -29.3555393219, 14.761636734, 6.57865428925, 28.6565761566, 22.2549800873, 21.1513729095, 41.2927017212, 96.0698623657, 39.1865577698, 14.482583046, 9.58356571198], [98.4394760132, 12.9576911926, 8.53561306, -0.840134501457, -3.2559568882, 10.0026073456, 20.1602630615, 11.4830818176, 6.37431716919, 39.1865577698, 79.6027450562, 30.313337326, 12.1438426971], [64.684135437, -22.0835151672, 22.3186969757, 16.1600322723, 24.6895999908, 14.0103120804, 0.389035761356, 16.008605957, 22.6188297272, 14.482583046, 30.313337326, 90.2456893921, 37.2310791016], [-21.8683834076, 0.79463416338, 39.1136703491, -0.799804508686, 38.704875946, 21.2864322662, -5.85388231277, 20.9149513245, 16.4727497101, 9.58356571198, 12.1438426971, 37.2310791016, 85.1187057495]], "icov": [[0.000192735853489, 0.000122407946037, 8.65182664711e-05, 3.58124889317e-05, 0.000279064639471, -0.000102072815935, -9.38238445087e-05, -9.67027226579e-05, -8.54756799527e-05, -0.000327389832819, 3.33277171194e-06, -0.00011829622963, 2.95640747936e-05], [0.000122407946037, 0.000917428813409, 0.00042525457684, -0.000542824796867, -0.000227197582717, 0.000439669645857, -4.94707928738e-05, 8.40218126541e-06, 0.000775071675889, 0.000357954821084, -0.000683114572894, 0.000263250723947, -0.000397724157665], [8.65182664711e-05, 0.00042525457684, 0.0022258835379, 0.000740628107451, -0.00137459405232, 0.000361911894288, -5.13068007422e-05, -0.00030440671253, 0.000140682677738, 0.00104270095471, -0.000916744058486, 6.9901666393e-06, -0.000408696447266], [3.58124889317e-05, -0.000542824796867, 0.000740628107451, 0.00410971511155, 0.000417081348132, -0.000402881909395, -0.000453293265309, -0.000504486553837, -0.000727592443582, -0.000521516660228, 0.00100169272628, -0.00123785226606, 0.000314490607707], [0.000279064639471, -0.000227197582717, -0.00137459405232, 0.000417081348132, 0.00713488319889, -0.00130103284027, -0.00033420039108, -0.00046445991029, -0.00120242813136, -0.00125296507031, 0.00183051649947, -0.00114870560355, -0.00150339666288], [-0.000102072815935, 0.000439669645857, 0.000361911894288, -0.000402881909395, -0.00130103284027, 0.00771167688072, -0.000281474844087, -0.000772192666773, -0.000292721786536, -0.000879709725268, -0.000290774041787, 0.000311294978019, -0.00130594847724], [-9.38238445087e-05, -4.94707928738e-05, -5.13068007422e-05, -0.000453293265309, -0.00033420039108, -0.000281474844087, 0.00942413881421, -0.000612187723164, 0.000569824245758, -0.00130749482196, -0.00195938721299, 0.000643406878226, 0.00105163594708], [-9.67027226579e-05, 8.40218126541e-06, -0.00030440671253, -0.000504486553837, -0.00046445991029, -0.000772192666773, -0.000612187723164, 0.0104174567387, -0.00387020455673, 0.000530386168975, -0.00103260565083, 0.000471433013445, -0.00145691656508], [-8.54756799527e-05, 0.000775071675889, 0.000140682677738, -0.000727592443582, -0.00120242813136, -0.000292721786536, 0.000569824245758, -0.00387020455673, 0.0124942436814, -0.00411276658997, 0.0020511765033, -0.00177056575194, 3.63414510502e-05], [-0.000327389832819, 0.000357954821084, 0.00104270095471, -0.000521516660228, -0.00125296507031, -0.000879709725268, -0.00130749482196, 0.000530386168975, -0.00411276658997, 0.0174705032259, -0.00833097659051, 0.00191299803555, -0.000821254623588], [3.33277171194e-06, -0.000683114572894, -0.000916744058486, 0.00100169272628, 0.00183051649947, -0.000290774041787, -0.00195938721299, -0.00103260565083, 0.0020511765033, -0.00833097659051, 0.0198453068733, -0.0063460082747, 0.000282699067611], [-0.00011829622963, 0.000263250723947, 6.9901666393e-06, -0.00123785226606, -0.00114870560355, 0.000311294978019, 0.000643406878226, 0.000471433013445, -0.00177056575194, 0.00191299803555, -0.0063460082747, 0.0162744820118, -0.00576063618064], [2.95640747936e-05, -0.000397724157665, -0.000408696447266, 0.000314490607707, -0.00150339666288, -0.00130594847724, 0.00105163594708, -0.00145691656508, 3.63414510502e-05, -0.000821254623588, 0.000282699067611, -0.00576063618064, 0.0159556996077]]}, "spectral_contrast_coeffs": {"dmean": [0.0355739668012, 0.0377775728703, 0.036226850003, 0.0333901159465, 0.0279755052179, 0.0241581331939], "dmean2": [0.0587396472692, 0.0596963055432, 0.0572690591216, 0.0536422282457, 0.0444226153195, 0.0376341231167], "dvar": [0.00114311894868, 0.00126905716024, 0.00110293575563, 0.000900857499801, 0.00078626681352, 0.000575089186896], "dvar2": [0.00279947859235, 0.00316011626273, 0.00269503635354, 0.00217453576624, 0.00185008172411, 0.00122195191216], "max": [-0.183557569981, -0.349852353334, -0.513517081738, -0.520905792713, -0.577506959438, -0.612631976604], "mean": [-0.448324412107, -0.612331628799, -0.739272475243, -0.776495039463, -0.787781119347, -0.802475035191], "median": [-0.437022358179, -0.609204411507, -0.738085508347, -0.781785130501, -0.796695709229, -0.806195020676], "min": [-0.969791889191, -0.966993331909, -0.961644053459, -0.954376637936, -0.962642371655, -0.961395442486], "var": [0.00768334185705, 0.00718782329932, 0.00379280583002, 0.00331147713587, 0.00323845725507, 0.00226330361329]}, "spectral_contrast_valleys": {"dmean": [0.3849593997, 0.33858692646, 0.434293150902, 0.481099396944, 0.477460622787, 0.624061286449], "dmean2": [0.625574052334, 0.537412881851, 0.684814929962, 0.727642595768, 0.697116434574, 0.891358733177], "dvar": [0.180424451828, 0.158185094595, 0.255102515221, 0.275670945644, 0.285088777542, 0.535868883133], "dvar2": [0.349907726049, 0.318747401237, 0.531188428402, 0.5748