{"lowlevel": {"average_loudness": 0.945071518421, "barkbands_crest": {"dmean": 2.84704351425, "dmean2": 4.71640205383, "dvar": 7.08861160278, "dvar2": 19.3388156891, "max": 24.0953464508, "mean": 11.8507814407, "median": 11.1809568405, "min": 4.07839488983, "var": 15.9446678162}, "barkbands_flatness_db": {"dmean": 0.026125472039, "dmean2": 0.0391603074968, "dvar": 0.000769150850829, "dvar2": 0.00151865941007, "max": 0.413472056389, "mean": 0.181208923459, "median": 0.185028225183, "min": 0.035454262048, "var": 0.00306022190489}, "barkbands_kurtosis": {"dmean": 6.06705999374, "dmean2": 9.47841644287, "dvar": 109.51360321, "dvar2": 249.995147705, "max": 163.682434082, "mean": 12.2300186157, "median": 7.78665590286, "min": -1.86663615704, "var": 234.070144653}, "barkbands_skewness": {"dmean": 0.723817288876, "dmean2": 1.11497700214, "dvar": 0.701687574387, "dvar2": 1.5570782423, "max": 10.6617670059, "mean": 2.4305832386, "median": 2.29410362244, "min": -2.23556828499, "var": 2.57676458359}, "barkbands_spread": {"dmean": 5.12930583954, "dmean2": 7.91076517105, "dvar": 82.7223052979, "dvar2": 174.766738892, "max": 121.452392578, "mean": 13.5324697495, "median": 10.0579957962, "min": 0.897075772285, "var": 145.058547974}, "dissonance": {"dmean": 0.0285462476313, "dmean2": 0.0480900481343, "dvar": 0.000808295619208, "dvar2": 0.00218791887164, "max": 0.500000119209, "mean": 0.438624292612, "median": 0.44696521759, "min": 0.160018160939, "var": 0.00159355974756}, "dynamic_complexity": 3.22339057922, "erbbands_crest": {"dmean": 2.91281080246, "dmean2": 4.62941837311, "dvar": 8.53153038025, "dvar2": 20.3535118103, "max": 31.2221813202, "mean": 13.0124397278, "median": 12.030582428, "min": 2.5862057209, "var": 31.2252674103}, "erbbands_flatness_db": {"dmean": 0.0234661716968, "dmean2": 0.0329542458057, "dvar": 0.000836577964947, "dvar2": 0.00143799453508, "max": 0.342765778303, "mean": 0.171703577042, "median": 0.171132221818, "min": 0.0343880280852, "var": 0.00334380683489}, "erbbands_kurtosis": {"dmean": 1.85821580887, "dmean2": 2.93862080574, "dvar": 15.2926712036, "dvar2": 36.7645187378, "max": 94.2957382202, "mean": 2.71183514595, "median": 1.21463489532, "min": -1.74091625214, "var": 28.6505908966}, "erbbands_skewness": {"dmean": 0.444186985493, "dmean2": 0.680380940437, "dvar": 0.283742517233, "dvar2": 0.625607430935, "max": 8.43497085571, "mean": 0.932474732399, "median": 0.941946387291, "min": -4.38462781906, "var": 1.47282350063}, "erbbands_spread": {"dmean": 8.35024738312, "dmean2": 12.5936794281, "dvar": 150.761459351, "dvar2": 316.472076416, "max": 136.358825684, "mean": 31.2261714935, "median": 26.6002235413, "min": 3.39556074142, "var": 321.032775879}, "hfc": {"dmean": 9.17193412781, "dmean2": 13.3135204315, "dvar": 306.800262451, "dvar2": 662.891662598, "max": 192.306518555, "mean": 18.1953144073, "median": 11.978603363, "min": 1.10925462774e-16, "var": 445.908477783}, "melbands_crest": {"dmean": 3.79607009888, "dmean2": 6.22738933563, "dvar": 13.9820585251, "dvar2": 34.2967453003, "max": 36.1563568115, "mean": 15.5071992874, "median": 14.2778530121, "min": 1.60813832283, "var": 34.5325698853}, "melbands_flatness_db": {"dmean": 0.0294876620173, "dmean2": 0.0442714355886, "dvar": 0.00103480671532, "dvar2": 0.00204299739562, "max": 0.58232408762, "mean": 0.269778430462, "median": 0.279522180557, "min": 0.00300348806195, "var": 0.00505192112178}, "melbands_kurtosis": {"dmean": 11.0205774307, "dmean2": 17.5966968536, "dvar": 456.938781738, "dvar2": 1080.0958252, "max": 321.629730225, "mean": 20.904668808, "median": 12.7950735092, "min": -1.82763254642, "var": 760.903808594}, "melbands_skewness": {"dmean": 0.876675784588, "dmean2": 1.36843717098, "dvar": 1.18640816212, "dvar2": 2.7470459938, "max": 14.4715929031, "mean": 2.98535346985, "median": 2.63822984695, "min": -0.565596997738, "var": 3.17803096771}, "melbands_spread": {"dmean": 4.40002441406, "dmean2": 7.12910079956, "dvar": 51.1939315796, "dvar2": 120.998176575, "max": 154.512313843, "mean": 13.659611702, "median": 8.78310012817, "min": 0.660365104675, "var": 301.803985596}, "pitch_salience": {"dmean": 0.0783747956157, "dmean2": 0.125313580036, "dvar": 0.00578077463433, "dvar2": 0.0142202097923, "max": 0.841699182987, "mean": 0.526385068893, "median": 0.526245474815, "min": 0.150709703565, "var": 0.0175218097866}, "silence_rate_20dB": {"dmean": 0, "dmean2": 0, "dvar": 0, "dvar2": 0, "max": 1, "mean": 1, "median": 1, "min": 1, "var": 0}, "silence_rate_30dB": {"dmean": 0.0355497039855, "dmean2": 0.0711150094867, "dvar": 0.0342872664332, "dvar2": 0.0932767912745, "max": 1, "mean": 0.978060543537, "median": 1, "min": 0, "var": 0.0214575789869}, "silence_rate_60dB": {"dmean": 0.0118499016389, "dmean2": 0.0237050037831, "dvar": 0.0117099415511, "dvar2": 0.0262173749506, "max": 1, "mean": 0.0647213682532, "median": 0, "min": 0, "var": 0.060532104224}, "spectral_centroid": {"dmean": 165.856643677, "dmean2": 261.29776001, "dvar": 87086.0546875, "dvar2": 181916.71875, "max": 11733.1875, "mean": 768.696166992, "median": 547.976074219, "min": 185.526489258, "var": 1137946.25}, "spectral_complexity": {"dmean": 2.72284388542, "dmean2": 4.1496925354, "dvar": 15.2969913483, "dvar2": 33.1562347412, "max": 44, "mean": 10.7290477753, "median": 10, "min": 0, "var": 31.9476509094}, "spectral_decrease": {"dmean": 3.70866226618e-09, "dmean2": 5.55152190884e-09, "dvar": 3.43218478146e-17, "dvar2": 8.12114278702e-17, "max": 2.45688119253e-20, "mean": -8.65192095745e-09, "median": -6.77604905519e-09, "min": -5.41914886298e-08, "var": 5.63211264871e-17}, "spectral_energy": {"dmean": 0.0145350210369, "dmean2": 0.0217146426439, "dvar": 0.000505893433001, "dvar2": 0.0011919309618, "max": 0.206368863583, "mean": 0.0343046449125, "median": 0.0271722748876, "min": 9.84582339467e-21, "var": 0.000843052053824}, "spectral_energyband_high": {"dmean": 0.000474247935927, "dmean2": 0.000700332340784, "dvar": 1.72151226252e-06, "dvar2": 3.82637654184e-06, "max": 0.0135949933901, "mean": 0.000531493336894, "median": 9.14393604035e-05, "min": 6.89705779686e-21, "var": 1.92691049961e-06}, "spectral_energyband_low": {"dmean": 0.00885546207428, "dmean2": 0.0130903944373, "dvar": 0.00049151974963, "dvar2": 0.00116719200741, "max": 0.196091890335, "mean": 0.0123663321137, "median": 0.00233499449678, "min": 2.0225082523e-23, "var": 0.000621325976681}, "spectral_energyband_middle_high": {"dmean": 0.00149788113777, "dmean2": 0.00210643094033, "dvar": 1.19907354019e-05, "dvar2": 2.63587407971e-05, "max": 0.0473114959896, "mean": 0.00409560324624, "median": 0.00207767123356, "min": 1.06855508589e-21, "var": 3.08481321554e-05}, "spectral_energyband_middle_low": {"dmean": 0.00702475616708, "dmean2": 0.011146417819, "dvar": 7.79827314545e-05, "dvar2": 0.00020363504882, "max": 0.105391256511, "mean": 0.0183363165706, "median": 0.0149953830987, "min": 1.99360738641e-22, "var": 0.000206585114938}, "spectral_entropy": {"dmean": 0.281978607178, "dmean2": 0.412811666727, "dvar": 0.105498567224, "dvar2": 0.195320993662, "max": 9.81318950653, "mean": 6.9553437233, "median": 6.84864807129, "min": 5.20243597031, "var": 0.448168635368}, "spectral_flux": {"dmean": 0.0358493216336, "dmean2": 0.0546609945595, "dvar": 0.00212225294672, "dvar2": 0.00455694412813, "max": 0.397059381008, "mean": 0.0833735689521, "median": 0.0652278214693, "min": 6.46768125168e-11, "var": 0.00413743825629}, "spectral_kurtosis": {"dmean": 2.07036972046, "dmean2": 3.26367259026, "dvar": 11.0840435028, "dvar2": 27.8697395325, "max": 121.19078064, "mean": 8.09459018707, "median": 7.69481945038, "min": -1.32546567917, "var": 23.4612827301}, "spectral_rms": {"dmean": 0.00110474601388, "dmean2": 0.00159077509306, "dvar": 1.95394409275e-06, "dvar2": 4.23076517109e-06, "max": 0.014189273119, "mean": 0.00524760549888, "median": 0.00514874141663, "min": 3.09930336603e-12, "var": 5.93054619458e-06}, "spectral_rolloff": {"dmean": 440.114776611, "dmean2": 784.131164551, "dvar": 1925325.625, "dvar2": 4552696, "max": 19810.546875, "mean": 1194.56079102, "median": 473.73046875, "min": 64.599609375, "var": 6270317.5}, "spectral_skewness": {"dmean": 0.281883448362, "dmean2": 0.42992079258, "dvar": 0.122538246214, "dvar2": 0.270712763071, "max": 9.79914474487, "mean": 2.38735628128, "median": 2.42785263062, "min": -0.0977038443089, "var": 0.414736419916}, "spectral_spread": {"dmean": 762448.75, "dmean2": 1129527.125, "dvar": 1700842045440.0, "dvar2": 3117722370050.0, "max": 50102648, "mean": 5812616.5, "median": 5164088, "min": 1417480.625, "var": 15380264255500.0}, "spectral_strongpeak": {"dmean": 0.685102283955, "dmean2": 1.19797360897, "dvar": 2.32939743996, "dvar2": 5.95098018646, "max": 16.6304130554, "mean": 1.25812649727, "median": 0.735442698002, "min": 0, "var": 2.94943737984}, "zerocrossingrate": {"dmean": 0.012400329113, "dmean2": 0.0148324538022, "dvar": 0.000340899918228, "dvar2": 0.000447990489192, "max": 0.52978515625, "mean": 0.0556659922004, "median": 0.03955078125, "min": 0.00390625, "var": 0.00418570730835}, "barkbands": {"dmean": [0.000977200223133, 0.0069206613116, 0.00184320821427, 0.000898666214198, 0.00383241218515, 0.00356272421777, 0.00100448541343, 0.000148992927279, 0.000141994110891, 0.00024127967481, 0.00023319668253, 0.000237232525251, 0.000263096328126, 0.000185982848052, 5.7627534261e-05, 0.000156376991072, 0.000336554076057, 0.000115265611385, 6.11969808233e-05, 4.05536557082e-05, 4.40908988821e-05, 3.76317366317e-05, 3.93586269638e-05, 6.8329005444e-05, 9.36604628805e-05, 9.54123897827e-05, 9.96280723484e-05], "dmean2": [0.00165097659919, 0.0108482372016, 0.00264517497271, 0.00143078470137, 0.00638357410207, 0.00579880224541, 0.00161443604156, 0.000225507843425, 0.000223592636758, 0.000355702795787, 0.000329000322381, 0.000325260189129, 0.000386520609027, 0.000256932951743, 8.96657438716e-05, 0.000229206154472, 0.000489481666591, 0.000180629402166, 9.730248712e-05, 6.39699283056e-05, 6.94915506756e-05, 5.55653241463e-05, 5.82540342293e-05, 0.00010588762234, 0.000145260404679, 0.000143682045746, 0.000152254797285], "dvar": [8.17110867501e-06, 0.000412170571508, 1.55640009325e-05, 2.51406936513e-06, 3.53251271008e-05, 2.52054833254e-05, 4.07784045819e-06, 1.7276747144e-07, 8.71484360232e-08, 8.26448285807e-07, 2.83642776822e-07, 8.02097133601e-07, 1.45481487834e-06, 6.80794641994e-07, 5.50880407957e-08, 2.34581830227e-06, 3.82891767003e-06, 2.06014092896e-07, 4.35237090812e-08, 1.69784701853e-08, 1.500339053e-08, 9.46312717076e-09, 1.21321290791e-08, 3.87931748946e-08, 7.74821060645e-08, 8.59854623059e-08, 1.02745325137e-07], "dvar2": [2.13541443372e-05, 0.00103808415588, 2.7507003324e-05, 6.59811348669e-06, 9.84438083833e-05, 6.78390570101e-05, 9.96452581603e-06, 3.33013758791e-07, 2.15011155547e-07, 1.49208824496e-06, 5.26885685304e-07, 1.48171216097e-06, 2.90566458716e-06, 1.23079439618e-06, 1.26648387777e-07, 5.10607105753e-06, 8.88594058779e-06, 4.98084602896e-07, 1.15449680038e-07, 4.37987601742e-08, 3.67057673145e-08, 2.14142463761e-08, 2.75829421525e-08, 9.04890740117e-08, 1.91873269273e-07, 1.9475407953e-07, 2.31052069921e-07], "max": [0.0274669062346, 0.173646330833, 0.0780549868941, 0.0262963287532, 0.0740862041712, 0.0785226896405, 0.0361365117133, 0.0137491198257, 0.00749740283936, 0.0247949026525, 0.00865716394037, 0.0289862975478, 0.0276331491768, 0.0219762530178, 0.012920989655, 0.0408999659121, 0.030935253948, 0.00749896978959, 0.00302790105343, 0.00401176419109, 0.00116197217721, 0.00107962416951, 0.00118576723617, 0.00256451661699, 0.00337387318723, 0.00324525637552, 0.00563287222758], "mean": [0.000836864463054, 0.00691837770864, 0.00374293141067, 0.00158760591876, 0.00670950999483, 0.0071385181509, 0.00204453687184, 0.000301551161101, 0.00023200729629, 0.000587088812608, 0.000652475748211, 0.000774673477281, 0.000874240766279, 0.000521287787706, 0.000101994002762, 0.000185137541848, 0.000358565681381, 0.00011610036745, 6.93365072948e-05, 4.25832040492e-05, 4.61979143438e-05, 4.58615177195e-05, 4.78479669255e-05, 7.56205627113e-05, 0.000101804253063, 0.000104383259895, 8.76324484125e-05], "median": [9.35791649681e-06, 0.000484095508, 0.000828616204672, 0.000557251391001, 0.00449543632567, 0.00466634146869, 0.000677079893649, 8.75937475939e-05, 9.71168774413e-05, 0.00013349702931, 0.000144599733176, 8.05430026958e-05, 9.20424499782e-05, 5.82179673074e-05, 3.49704860128e-05, 3.28143214574e-05, 2.20687143155e-05, 1.66367281054e-05, 1.56321639224e-05, 6.94100617693e-06, 8.51046206662e-06, 9.12894302019e-06, 1.00553861557e-05, 1.3558928913e-05, 2.11227052205e-05, 1.41251011883e-05, 1.10614678306e-06], "min": [3.91817991811e-25, 4.56216484176e-24, 1.44445125468e-24, 1.87596960832e-24, 2.65234536977e-23, 7.52159546036e-24, 9.09999805776e-24, 1.19123424051e-23, 1.55715431338e-23, 2.23947986889e-23, 2.54437539762e-23, 2.29279755753e-23, 2.91471230269e-23, 3.81938429969e-23, 5.25516920735e-23, 5.44113969477e-23, 6.78938249897e-23, 8.80422791421e-23, 1.24037080858e-22, 1.87243746784e-22, 2.48446478819e-22, 3.18636671593e-22, 4.42389964474e-22, 6.04204748424e-22, 8.25383978686e-22, 1.33590749351e-21, 1.91150857465e-21], "var": [6.82658037476e-06, 0.000380881421734, 8.89674483915e-05, 6.24756785328e-06, 5.32348531124e-05, 6.0259244492e-05, 1.19276137411e-05, 7.44267822483e-07, 1.46034537352e-07, 3.71806891053e-06, 1.47291700614e-06, 4.11121391153e-06, 6.87395186105e-06, 3.0265798614e-06, 1.54379847572e-07, 2.77082108369e-06, 4.194259418e-06, 1.99683199753e-07, 3.90088281677e-08, 1.48342094164e-08, 1.43115821416e-08, 1.14028981812e-08, 1.3989321701e-08, 4.02902387009e-08, 7.21881718846e-08, 9.22271325976e-08, 1.01226696358e-07]}, "erbbands": {"dmean": [0.284590244293, 1.35912764072, 2.28458952904, 2.480250597, 4.81491851807, 15.2141294479, 33.9187393188, 22.659450531, 15.7432918549, 9.44326400757, 3.23000812531, 2.89708399773, 6.88242387772, 8.00455951691, 7.63475084305, 10.9430217743, 12.4567947388, 11.3921422958, 3.61122345924, 2.62957644463, 11.671505928, 20.7357330322, 7.21409034729, 4.60456466675, 2.50123715401, 1.97216355801, 1.84518492222, 1.56614005566, 1.29886257648, 1.39397740364, 1.0596139431, 1.09944546223, 1.3978099823, 1.19936275482, 0.547108352184, 0.357475489378, 0.178650602698, 0.0624291747808, 0.0175062939525, 0.00125104130711], "dmean2": [0.414527982473, 2.40836048126, 3.47698402405, 3.74005770683, 8.15099525452, 25.4014186859, 55.5230560303, 36.4721717834, 24.7952671051, 15.3128156662, 4.87996482849, 4.50726795197, 9.98485279083, 11.7885713577, 10.7227296829, 14.7893047333, 18.1153011322, 15.6905698776, 5.45090341568, 3.97746491432, 17.0164012909, 29.7637042999, 10.8889427185, 7.36480569839, 3.88411736488, 3.11161231995, 3.01844286919, 2.43225955963, 1.91586017609, 2.12617564201, 1.52366006374, 1.64106214046, 2.18800234795, 1.89962995052, 0.823357522488, 0.539248228073, 0.271897822618, 0.0917496085167, 0.0269651263952, 0.00197129650041], "dvar": [0.638741195202, 18.1019287109, 25.2624664307, 17.7651252747, 103.504997253, 587.598327637, 3191.35253906, 1336.55957031, 845.986999512, 525.712768555, 63.0988922119, 41.4745292664, 993.097961426, 508.786865234, 278.608642578, 1827.36706543, 3271.79296875, 2667.76416016, 160.19480896, 53.1478843689, 9457.25, 14251.8984375, 630.792480469, 308.195648193, 75.4943084717, 48.6802902222, 29.2750225067, 17.6533470154, 11.2343711853, 14.8609800339, 8.6307258606, 9.01782131195, 16.5091171265, 14.6826467514, 2.30565357208, 1.12678730488, 0.320986628532, 0.0365293808281, 0.00332683720626, 1.56704518304e-05], "dvar2": [1.40119624138, 51.7475967407, 56.058506012, 42.0048522949, 304.271820068, 1622.1739502, 8915.13964844, 3618.43359375, 1883.1262207, 1230.23071289, 132.598190308, 102.209648132, 1630.17590332, 1153.4942627, 511.633544922, 3357.42480469, 6554.69189453, 4999.24902344, 366.436004639, 120.208610535, 20544.8710938, 32674.4472656, 1500.87878418, 816.414733887, 197.588287354, 127.724372864, 75.0916671753, 39.2559280396, 25.0602588654, 35.3138961792, 18.9203491211, 20.5388126373, 39.2555084229, 37.8072128296, 5.32455205917, 2.56143856049, 0.724354326725, 0.0774432122707, 0.007722357288, 3.60992344213e-05], "max": [6.66689920425, 35.9332237244, 78.089630127, 80.634147644, 154.22428894, 351.4815979, 801.907470703, 674.229370117, 657.182800293, 571.770935059, 246.163604736, 224.117630005, 951.509216309, 559.416748047, 306.635070801, 1478.42419434, 1216.24816895, 1462.77819824, 630.212280273, 354.297149658, 2532.39477539, 2053.03271484, 463.348876953, 372.160491943, 201.359436035, 247.438827515, 65.4712677002, 41.8816299438, 36.899055481, 39.6425514221, 37.9239120483, 39.7398071289, 44.3340377808, 59.8575630188, 17.7526569366, 14.265045166, 6.5759396553, 2.73174357414, 1.05100536346, 0.0639554336667], "mean": [0.271646261215, 1.2926337719, 4.09286308289, 5.14826917648, 8.43446445465, 25.8469295502, 57.3741836548, 48.0353240967, 35.5343933105, 18.9115314484, 6.39073610306, 5.52375650406, 17.2661685944, 20.7070884705, 21.7805309296, 39.6671981812, 43.6155509949, 34.3154067993, 8.10327339172, 4.49412202835, 13.1364717484, 22.3038959503, 7.88154172897, 5.05893230438, 2.70104455948, 2.09220266342, 1.83449006081, 1.78615486622, 1.58991670609, 1.57238352299, 1.36283934116, 1.29848361015, 1.4513874054, 1.1899497509, 0.649878799915, 0.400389432907, 0.193844109774, 0.0669387578964, 0.0151076251641, 0.00105460383929], "median": [0.0077733383514, 0.134081557393, 0.909308552742, 1.87316322327, 5.2332983017, 15.4598617554, 33.4591674805, 28.2769184113, 14.7644710541, 6.19263076782, 2.32863044739, 2.45231723785, 4.25404262543, 6.7411236763, 7.12759208679, 4.53757381439, 7.42865085602, 4.80835914612, 2.69681048393, 2.13873386383, 1.78768777847, 1.29348838329, 1.18426060677, 1.09167599678, 0.599689483643, 0.343540668488, 0.319902837276, 0.334201812744, 0.312807828188, 0.265817344189, 0.331913053989, 0.27305534482, 0.223904326558, 0.172977432609, 0.144840285182, 0.072645790875, 0.0259108301252, 0.00444139819592, 0.000210545185837, 4.9878784921e-05], "min": [1.11617204279e-22, 9.51858097005e-22, 2.06273076156e-21, 7.36768559911e-21, 2.72654918081e-20, 6.07411971612e-20, 4.52791558728e-20, 5.78378125982e-20, 9.80501576394e-20, 2.43436824431e-19, 3.52919296683e-19, 4.78869694159e-19, 7.99664190983e-19, 1.182737995e-18, 1.2419966971e-18, 1.18778400354e-18, 1.89263308209e-18, 1.81719834613e-18, 2.80400682573e-18, 3.41592009452e-18, 4.29406744051e-18, 5.08191230621e-18, 5.02863236219e-18, 5.16975020187e-18, 7.61775689673e-18, 8.9021516667e-18, 1.0609420191e-17, 1.00879092845e-17, 1.14607610949e-17, 1.3814490293e-17, 1.23023503665e-17, 1.2100792921e-17, 8.88148125037e-18, 8.96899861354e-18, 6.43203236612e-18, 4.68855401054e-18, 2.47583222348e-18, 9.96378855887e-19, 2.36814157953e-19, 2.87635675962e-20], "var": [0.694563925266, 12.7785167694, 97.8887939453, 62.1077766418, 117.116706848, 959.130554199, 5413.78466797, 3552.49975586, 3500.73120117, 1508.28234863, 189.267059326, 95.0257110596, 4848.75732422, 1380.12255859, 1512.10375977, 10206.7929688, 15962.0742188, 12658.4453125, 536.762573242, 101.413749695, 11260.78125, 16051.7119141, 659.446716309, 295.430664062, 66.9621353149, 40.8566322327, 25.2251987457, 19.7103595734, 13.7049388885, 15.8030233383, 10.6924219131, 10.4088411331, 16.1069564819, 12.2592201233, 2.50079369545, 1.21379005909, 0.339290648699, 0.0425449833274, 0.00312124798074, 1.44008999996e-05]}, "gfcc": {"mean": [-43.5953178406, 88.187461853, -74.714553833, 2.64295482635, -54.1183624268, 5.7395606041, -52.08385849, -6.41040372849, -34.6318817139, 1.8997862339, -7.95349168777, 11.0961503983, -9.34520435333], "cov": [[26271.7597656, 1429.82922363, -390.199310303, 229.745223999, -644.922302246, 280.962524414, -603.073425293, -261.008514404, -841.231811523, -130.024612427, -217.765197754, 226.07270813, -131.68119812], [1429.82922363, 1501.84191895, -146.805831909, 164.555908203, 127.646186829, 243.399795532, -64.1862106323, 36.6842308044, -87.738243103, -73.4322738647, 4.76040887833, 9.02063179016, -6.75855779648], [-390.199310303, -146.805831909, 873.501525879, 229.851272583, 159.90953064, 134.369186401, 232.493804932, 83.3809585571, 163.557250977, 107.372062683, -30.2897224426, -27.3862037659, -3.21783566475], [229.745223999, 164.555908203, 229.851272583, 274.09475708, 134.425842285, 99.1408843994, 103.267555237, 70.2293014526, 54.9070358276, 12.1515769958, -6.84314632416, -20.2147140503, 10.5477714539], [-644.922302246, 127.646186829, 159.90953064, 134.425842285, 347.808441162, 123.523521423, 155.681869507, 29.8244247437, 72.7363510132, -4.05710744858, 45.1280670166, -4.61990976334, 3.49782061577], [280.962524414, 243.399795532, 134.369186401, 99.1408843994, 123.523521423, 242.408966064, 55.742931366, -23.7922801971, -23.3384208679, 40.5563697815, 24.9159965515, 1.48941981792, -42.1106567383], [-603.073425293, -64.1862106323, 232.493804932, 103.267555237, 155.681869507, 55.742931366, 247.470184326, 100.375366211, 95.2186660767, 27.773607254, 44.6852912903, -12.1292924881, 8.44468784332], [-261.008514404, 36.6842308044, 83.3809585571, 70.2293014526, 29.8244247437, -23.7922801971, 100.375366211, 184.377548218, 99.7038116455, -19.4435405731, -37.055896759, 16.5111122131, 45.9830360413], [-841.231811523, -87.738243103, 163.557250977, 54.9070358276, 72.7363510132, -23.3384208679, 95.2186660767, 99.7038116455, 204.083618164, 85.9800491333, -1.62554717064, -54.0939712524, 39.1982421875], [-130.024612427, -73.4322738647, 107.372062683, 12.1515769958, -4.05710744858, 40.5563697815, 27.773607254, -19.4435405731, 85.9800491333, 220.908462524, 78.5752716064, -80.2776641846, -71.4878463745], [-217.765197754, 4.76040887833, -30.2897224426, -6.84314632416, 45.1280670166, 24.9159965515, 44.6852912903, -37.055896759, -1.62554717064, 78.5752716064, 130.419342041, 3.33459043503, -39.7798461914], [226.07270813, 9.02063179016, -27.3862037659, -20.2147140503, -4.61990976334, 1.48941981792, -12.1292924881, 16.5111122131, -54.0939712524, -80.2776641846, 3.33459043503, 115.456466675, 41.5467224121], [-131.68119812, -6.75855779648, -3.21783566475, 10.5477714539, 3.49782061577, -42.1106567383, 8.44468784332, 45.9830360413, 39.1982421875, -71.4878463745, -39.7798461914, 41.5467224121, 112.342735291]], "icov": [[5.26830554008e-05, -4.48256723757e-05, 1.65329056472e-05, -0.000120157455967, 6.42796876491e-05, 3.76498501282e-05, -2.92036147584e-05, 3.26199551637e-05, 0.000257749255979, -0.000225320531172, 0.000210666301427, -0.000153553060954, -3.01650252368e-05], [-4.48256723757e-05, 0.00118929566815, 5.38366439287e-05, -0.000200071008294, -0.000326066132402, -0.00152852549218, 0.00155351299327, -0.00168176100124, 0.000446344405646, 0.00105730781797, -0.00156848982442, 0.00157918164041, -0.00057422259124], [1.65329056472e-05, 5.38366439287e-05, 0.00276059214957, -0.00174852542114, 0.000444380915724, -0.000179640846909, -0.00300880987197, 0.00253557809629, -0.00194805976935, -0.0018827195745, 0.00381956715137, -0.00317577924579, 0.00138163624797], [-0.000120157455967, -0.000200071008294, -0.00174852542114, 0.00722274556756, -0.00177368766163, -0.00153657048941, 0.00110514985863, -0.00360336760059, 0.00162810028996, 0.000910738075618, -0.00200062757358, 0.00390951521695, -0.00215278705582], [6.42796876491e-05, -0.000326066132402, 0.000444380915724, -0.00177368766163, 0.00660424074158, -0.00216140295379, -0.00305570545606, 0.0031928748358, -0.00466353306547, 0.00345552759245, -0.00129629194271, -0.00124453403987, 0.00196930812672], [3.76498501282e-05, -0.00152852549218, -0.000179640846909, -0.00153657048941, -0.00216140295379, 0.0094031188637, -0.00305632967502, 0.00338317709975, 0.00223089405335, -0.00493209157139, 0.00465582218021, -0.00448799924925, 0.00191972369794], [-2.92036147584e-05, 0.00155351299327, -0.00300880987197, 0.00110514985863, -0.00305570545606, -0.00305632967502, 0.0145147982985, -0.00997808948159, 0.00192798464559, 0.00475629977882, -0.0107048135251, 0.00769285205752, -0.00246972125024], [3.26199551637e-05, -0.00168176100124, 0.00253557809629, -0.00360336760059, 0.0031928748358, 0.00338317709975, -0.00997808948159, 0.0184540078044, -0.0101175410673, -0.00133293261752, 0.0099568432197, -0.0113634532318, 0.00512345740572], [0.000257749255979, 0.000446344405646, -0.00194805976935, 0.00162810028996, -0.00466353306547, 0.00223089405335, 0.00192798464559, -0.0101175410673, 0.0218613855541, -0.00975238438696, 1.63427594089e-05, 0.00844370853156, -0.0118524478748], [-0.000225320531172, 0.00105730781797, -0.0018827195745, 0.000910738075618, 0.00345552759245, -0.00493209157139, 0.00475629977882, -0.00133293261752, -0.00975238438696, 0.0191151667386, -0.0131158940494, 0.00795051176101, 0.00587371923029], [0.000210666301427, -0.00156848982442, 0.00381956715137, -0.00200062757358, -0.00129629194271, 0.00465582218021, -0.0107048135251, 0.0099568432197, 1.63427594089e-05, -0.0131158940494, 0.0245095919818, -0.0137953655794, 0.00439327210188], [-0.000153553060954, 0.00157918164041, -0.00317577924579, 0.00390951521695, -0.00124453403987, -0.00448799924925, 0.00769285205752, -0.0113634532318, 0.00844370853156, 0.00795051176101, -0.0137953655794, 0.0246992111206, -0.0100197158754], [-3.01650252368e-05, -0.00057422259124, 0.00138163624797, -0.00215278705582, 0.00196930812672, 0.00191972369794, -0.00246972125024, 0.00512345740572, -0.0118524478748, 0.00587371923029, 0.00439327210188, -0.0100197158754, 0.020954279229]]}, "melbands": {"dmean": [0.00214257324114, 0.00138242018875, 0.000461846706457, 0.000668305787258, 0.00105748861097, 0.000539327389561, 0.000243824280915, 8.68128845468e-05, 2.57455030805e-05, 1.90019491129e-05, 3.42117818946e-05, 3.14691023959e-05, 2.92233089567e-05, 2.5015866413e-05, 2.91015130642e-05, 2.65420167125e-05, 2.13267758227e-05, 5.7552765611e-06, 4.01081433665e-06, 3.11048893309e-06, 1.72201907844e-05, 2.4400296752e-05, 7.59242766435e-06, 6.43460589345e-06, 3.58170359505e-06, 1.7813656541e-06, 1.64063635566e-06, 1.2537375369e-06, 1.22196138364e-06, 1.01282842024e-06, 7.92973878561e-07, 6.49879098091e-07, 9.02040483197e-07, 7.79952870289e-07, 6.54240750464e-07, 5.54919495244e-07, 7.48374134218e-07, 9.48491674535e-07, 1.0884572248e-06, 1.0025469237e-06], "dmean2": [0.0031935388688, 0.00229198066518, 0.00071925559314, 0.00112225080375, 0.00173078919761, 0.000867348804604, 0.000386279454688, 0.000140299540362, 3.93716545659e-05, 2.94324781862e-05, 4.97077307955e-05, 4.68722901132e-05, 4.10447173635e-05, 3.44708969351e-05, 4.12968838646e-05, 3.78048134735e-05, 2.9583396099e-05, 8.79603339854e-06, 6.14736109128e-06, 4.85186137666e-06, 2.51585661317e-05, 3.53019531758e-05, 1.10780310933e-05, 1.01051955426e-05, 5.83747805649e-06, 2.80235781247e-06, 2.59440298578e-06, 1.99179157789e-06, 2.02535989047e-06, 1.62096910117e-06, 1.22258472857e-06, 9.82740743893e-07, 1.36015728458e-06, 1.2182761111e-06, 9.43859731706e-07, 8.51162781146e-07, 1.14347835733e-06, 1.48988840465e-06, 1.71929752923e-06, 1.61934406151e-06], "dvar": [3.7345533201e-05, 1.20310942293e-05, 5.72453870973e-07, 1.3902607634e-06, 2.88479873234e-06, 6.70839710892e-07, 1.98884023916e-07, 4.38865832564e-08, 3.97439281485e-09, 1.63275970522e-09, 2.46272460203e-08, 8.67614247113e-09, 4.41891101488e-09, 8.24545143274e-09, 1.46543088775e-08, 1.50391699094e-08, 9.51463263732e-09, 3.94909327461e-10, 3.34802879864e-10, 3.64365967953e-11, 2.44694167151e-08, 2.21500169317e-08, 9.33344068699e-10, 8.11045119953e-10, 2.38980224498e-10, 4.1117956262e-11, 2.87862962634e-11, 2.17467727853e-11, 1.44020559367e-11, 6.77656455256e-12, 4.55971285035e-12, 2.65184922632e-12, 5.64715635365e-12, 5.03825063267e-12, 3.3768441602e-12, 2.42106096456e-12, 4.34433261934e-12, 7.50668190802e-12, 1.10650455812e-11, 1.06093016317e-11], "dvar2": [8.68254064699e-05, 3.29396389134e-05, 1.48670892486e-06, 3.98937027057e-06, 8.01729220257e-06, 1.77163269655e-06, 4.55209146821e-07, 1.01029257848e-07, 8.70115712814e-09, 3.92802235183e-09, 4.05089473077e-08, 1.97029397242e-08, 7.80684583646e-09, 1.51486947431e-08, 2.9105514443e-08, 2.91315220835e-08, 1.75167151895e-08, 8.87642181979e-10, 7.70352337476e-10, 8.43583744525e-11, 5.3292392721e-08, 5.14221980552e-08, 2.0263624112e-09, 1.96848182199e-09, 6.42145558949e-10, 1.11863546204e-10, 7.53336143466e-11, 5.69124816718e-11, 3.76411853076e-11, 1.62162297479e-11, 9.91747916429e-12, 5.81577754705e-12, 1.30199514364e-11, 1.2323484247e-11, 7.45053411327e-12, 5.61750689368e-12, 1.00463352914e-11, 1.77876238044e-11, 2.70452965578e-11, 2.79253963703e-11], "max": [0.0523648224771, 0.0312399715185, 0.011300586164, 0.0176503639668, 0.0230725500733, 0.0149650722742, 0.00891521573067, 0.00530879665166, 0.00162036973052, 0.00126395549159, 0.00474218279123, 0.00236220052466, 0.00128641340416, 0.0032482475508, 0.00360931456089, 0.00434887548909, 0.00270520965569, 0.000939716701396, 0.0011671660468, 0.000101360186818, 0.00404500681907, 0.00235089217313, 0.0004910340067, 0.000537287618499, 0.000316994817695, 0.000148325125338, 0.000123069636174, 0.000147946120705, 5.98960323259e-05, 2.83916742774e-05, 2.09377521969e-05, 1.91400449694e-05, 2.76195787592e-05, 2.18199365918e-05, 2.47953594226e-05, 1.85996341315e-05, 3.02021599055e-05, 4.1737290303e-05, 3.98718184442e-05, 5.06512187712e-05], "mean": [0.00213151588105, 0.00198358786292, 0.000942320737522, 0.00115449784789, 0.0018505010521, 0.00114631268661, 0.000536816834938, 0.000171021645656, 4.55701556348e-05, 3.56604869012e-05, 8.49061252666e-05, 7.85018637544e-05, 8.17910258775e-05, 8.0828271166e-05, 0.000105135091871, 8.71849188115e-05, 5.97476864641e-05, 1.18564166769e-05, 6.71368070471e-06, 5.24575398231e-06, 1.85458648048e-05, 2.56126459135e-05, 8.88781869435e-06, 6.38848678136e-06, 3.89108936361e-06, 1.97817189473e-06, 1.64402467817e-06, 1.32356672111e-06, 1.15173168069e-06, 1.10653400043e-06, 9.20850936836e-07, 8.0468220176e-07, 1.02254227841e-06, 8.34022216623e-07, 8.35933974486e-07, 6.58866838421e-07, 8.71060933605e-07, 1.0196445146e-06, 1.0442030316e-06, 9.86262421065e-07], "median": [0.000101530800748, 0.000390065775719, 0.000449162267614, 0.000694409071002, 0.00117355526891, 0.00069165090099, 0.000215700216359, 5.19220411661e-05, 1.46539123307e-05, 1.48268236444e-05, 1.91098006326e-05, 2.3643784516e-05, 1.99222486117e-05, 9.57464362727e-06, 1.02475132735e-05, 8.4198636614e-06, 6.22543029749e-06, 3.50142136085e-06, 2.28731551033e-06, 2.28875160246e-06, 1.58152124641e-06, 1.20071808851e-06, 1.0155451946e-06, 8.23608729661e-07, 7.74704346895e-07, 4.50370208682e-07, 2.78694187728e-07, 2.00786558935e-07, 1.57884045393e-07, 2.64353786861e-07, 1.52857268176e-07, 1.63633757211e-07, 1.85738542768e-07, 1.20885943033e-07, 2.32707535019e-07, 1.19620125361e-07, 1.9503772819e-07, 1.86364900401e-07, 1.14616142355e-07, 1.51071844812e-07], "min": [2.04145546851e-24, 9.40479576774e-25, 1.4458386638e-24, 3.89731997059e-24, 1.94294922399e-24, 1.19517160306e-24, 1.65616120848e-24, 2.4126855219e-24, 2.62631536592e-24, 2.79634506493e-24, 4.07152412429e-24, 3.98704777096e-24, 3.90418976578e-24, 1.85478652365e-24, 3.2254948637e-24, 3.70639354342e-24, 2.91682009959e-24, 3.44121479469e-24, 4.32777217872e-24, 2.84113126231e-24, 4.17641698671e-24, 3.54679869926e-24, 2.87774012756e-24, 3.36181200027e-24, 3.38920913951e-24, 4.96484204628e-24, 4.95333098795e-24, 4.94098215934e-24, 6.37878568317e-24, 4.10823731639e-24, 6.43493995785e-24, 5.81866761919e-24, 6.28330117034e-24, 6.50200141783e-24, 6.43415937998e-24, 5.94427872999e-24, 6.78298026164e-24, 5.98023461562e-24, 5.99783923001e-24, 7.18020407071e-24], "var": [3.87395120924e-05, 1.8838327378e-05, 1.58688817464e-06, 1.97660097001e-06, 4.76670584248e-06, 1.89405773199e-06, 7.55784640205e-07, 1.33606249619e-07, 1.01952739584e-08, 3.93549637323e-09, 1.200459252e-07, 2.25909300156e-08, 2.56024641487e-08, 4.62587870231e-08, 8.13810956402e-08, 7.32631235678e-08, 4.14255865167e-08, 1.30430966028e-09, 7.74690422922e-10, 6.5060644372e-11, 2.90140089731e-08, 2.42332554024e-08, 1.20353493838e-09, 7.834536353e-10, 2.25918173058e-10, 3.77470867063e-11, 2.4343740565e-11, 1.83321396258e-11, 1.18116905146e-11, 6.89804246709e-12, 5.3072832587e-12, 3.36471800942e-12, 6.33410945222e-12, 4.94242624258e-12, 3.99509678811e-12, 2.91748678168e-12, 4.70439355874e-12, 7.41488988265e-12, 1.00226302951e-11, 8.46421630701e-12]}, "mfcc": {"mean": [-698.802001953, 137.433288574, 27.915895462, 6.90729188919, 10.6031007767, 1.68356382847, -3.63916802406, -7.683157444, -16.7889957428, -15.2312707901, -6.78598737717, -3.33487963676, -1.72053742409], "cov": [[9754.54785156, 1263.26513672, 336.477386475, 111.862937927, 128.485397339, 120.218772888, 173.837844849, -37.9264831543, -140.493057251, -249.787719727, -90.8422317505, -83.6202087402, -109.315422058], [1263.26513672, 1365.97912598, 78.0323104858, 63.1918754578, 218.918533325, 153.163711548, 109.394996643, 107.218452454, -28.3153572083, -55.545337677, -35.6466178894, 1.40535032749, -27.0975666046], [336.477386475, 78.0323104858, 522.532348633, 163.73298645, 71.5605010986, 113.420120239, 45.1999969482, 42.0570068359, 91.5155944824, 115.903938293, 60.0316467285, -18.9379901886, 18.5809230804], [111.862937927, 63.1918754578, 163.73298645, 221.875732422, 80.5893554688, 33.5507926941, 58.5548324585, 70.8249664307, 99.3883972168, 87.977935791, 45.1612014771, 18.0143928528, 20.649438858], [128.485397339, 218.918533325, 71.5605010986, 80.5893554688, 179.228515625, 127.596496582, 57.7584686279, 53.932094574, 46.6168518066, 20.2797298431, 20.2501754761, 20.319070816, 7.93545913696], [120.218772888, 153.163711548, 113.420120239, 33.5507926941, 127.596496582, 243.043365479, 123.835914612, 10.9208936691, -24.6942710876, 28.5505371094, 71.2972793579, 35.6230125427, 2.37640047073], [173.837844849, 109.394996643, 45.1999969482, 58.5548324585, 57.7584686279, 123.835914612, 180.581680298, 82.1580734253, -6.64832448959, -11.2463378906, 50.9790840149, 54.1554222107, 8.62376976013], [-37.9264831543, 107.218452454, 42.0570068359, 70.8249664307, 53.932094574, 10.9208936691, 82.1580734253, 191.711685181, 109.227462769, -49.7374458313, -52.0081520081, 27.3169441223, 20.2174243927], [-140.493057251, -28.3153572083, 91.5155944824, 99.3883972168, 46.6168518066, -24.6942710876, -6.64832448959, 109.227462769, 206.868148804, 93.8025588989, -26.3682899475, -14.4354085922, 31.7216091156], [-249.787719727, -55.545337677, 115.903938293, 87.977935791, 20.2797298431, 28.5505371094, -11.2463378906, -49.7374458313, 93.8025588989, 241.206359863, 124.140457153, -15.6308498383, 23.1808929443], [-90.8422317505, -35.6466178894, 60.0316467285, 45.1612014771, 20.2501754761, 71.2972793579, 50.9790840149, -52.0081520081, -26.3682899475, 124.140457153, 180.840591431, 54.1547279358, 3.57670640945], [-83.6202087402, 1.40535032749, -18.9379901886, 18.0143928528, 20.319070816, 35.6230125427, 54.1554222107, 27.3169441223, -14.4354085922, -15.6308498383, 54.1547279358, 94.4440689087, 25.582983017], [-109.315422058, -27.0975666046, 18.5809230804, 20.649438858, 7.93545913696, 2.37640047073, 8.62376976013, 20.2174243927, 31.7216091156, 23.1808929443, 3.57670640945, 25.582983017, 64.2216110229]], "icov": [[0.000143612152897, -0.000156982598128, -0.000114064234367, -9.87919338513e-05, 5.5435433751e-05, 0.000141098367749, -0.000375513016479, 0.000631888688076, -0.000452863198007, 0.000605047971476, -0.00022822531173, 0.000254967570072, -1.15197485684e-06], [-0.000156982598128, 0.00126354873646, -4.81570459669e-05, 0.000346994784195, -0.00177354726475, 0.000288488139631, 0.000192353618331, -0.00186041672714, 0.00223582098261, -0.00186447694432, 0.00131345819682, -0.000414868321968, 0.000597345933784], [-0.000114064234367, -4.81570459669e-05, 0.00339093222283, -0.00247845822014, 0.00186979747377, -0.00305928429589, 0.00195688172244, -0.00119793473277, -0.000510286190547, 0.000333051546477, -0.00137576751877, 0.00207031844184, -0.0010184032144], [-9.87919338513e-05, 0.000346994784195, -0.00247845822014, 0.0102903554216, -0.00532329501584, 0.00485082156956, -0.00391444005072, -0.000988182029687, -0.000160310359206, -0.00376105075702, 0.000961463316344, -0.00216080970131, 0.000945587293245], [5.5435433751e-05, -0.00177354726475, 0.00186979747377, -0.00532329501584, 0.0165262259543, -0.0106489639729, 0.00508387759328, -0.000292089971481, -0.00530672026798, 0.00438764132559, -0.00280742836185, 0.000856597092934, -0.000869441777468], [0.000141098367749, 0.000288488139631, -0.00305928429589, 0.00485082156956, -0.0106489639729, 0.0155356740579, -0.0102650281042, 0.00403544912115, 0.00186450418551, -0.0021522087045, 0.00115226872731, -0.00122044235468, 0.00081417610636], [-0.000375513016479, 0.000192353618331, 0.00195688172244, -0.00391444005072, 0.00508387759328, -0.0102650281042, 0.019081370905, -0.0126649625599, 0.00607859296724, -0.00167460984085, -0.00295212282799, -0.0012351537589, -0.000430730695371], [0.000631888688076, -0.00186041672714, -0.00119793473277, -0.000988182029687, -0.000292089971481, 0.00403544912115, -0.0126649625599, 0.0267119873315, -0.0195918045938, 0.0147095443681, -0.00261071952991, -9.43040431594e-05, -0.0013160641538], [-0.000452863198007, 0.00223582098261, -0.000510286190547, -0.000160310359206, -0.00530672026798, 0.00186450418551, 0.00607859296724, -0.0195918045938, 0.0276877395809, -0.020996985957, 0.0128134014085, -0.00486613018438, 0.00143748777919], [0.000605047971476, -0.00186447694432, 0.000333051546477, -0.00376105075702, 0.00438764132559, -0.0021522087045, -0.00167460984085, 0.0147095443681, -0.020996985957, 0.029193630442, -0.0212894137949, 0.0139291826636, -0.00804149731994], [-0.00022822531173, 0.00131345819682, -0.00137576751877, 0.000961463316344, -0.00280742836185, 0.00115226872731, -0.00295212282799, -0.00261071952991, 0.0128134014085, -0.0212894137949, 0.0274479053915, -0.0177131891251, 0.0086600407958], [0.000254967570072, -0.000414868321968, 0.00207031844184, -0.00216080970131, 0.000856597092934, -0.00122044235468, -0.0012351537589, -9.43040431594e-05, -0.00486613018438, 0.0139291826636, -0.0177131891251, 0.0276747383177, -0.0121724577621], [-1.15197485684e-06, 0.000597345933784, -0.0010184032144, 0.000945587293245, -0.000869441777468, 0.00081417610636, -0.000430730695371, -0.0013160641538, 0.00143748777919, -0.00804149731994, 0.0086600407958, -0.0121724577621, 0.0229204352945]]}, "spectral_contrast_coeffs": {"dmean": [0.0551999621093, 0.0529183968902, 0.0371653288603, 0.0310028493404, 0.0228236429393, 0.0130640836433], "dmean2": [0.089628957212, 0.0856191366911, 0.0591015964746, 0.0487361624837, 0.0349022746086, 0.0225844345987], "dvar": [0.00240652565844, 0.00206720991991, 0.00126878847368, 0.000994490459561, 0.000742527598049, 0.000144200777868], "dvar2": [0.0055455151014, 0.00533428508788, 0.00290622143075, 0.00211512483656, 0.00141260505188, 0.000391125387978], "max": [-0.256566166878, -0.332157641649, -0.479163527489, -0.447403252125, -0.525106847286, -0.704087615013], "mean": [-0.579241573811, -0.628803133965, -0.748107373714, -0.752690136433, -0.803579986095, -0.819044530392], "median": [-0.56743055582, -0.619809031487, -0.751462042332, -0.75856590271, -0.816396713257, -0.818470835686], "min": [-0.973068237305, -0.971788942814, -0.973466813564, -0.972799777985, -0.967014312744, -0.964444100857], "var": [0.0133399525657, 0.00976089760661, 0.00681652547792, 0.00659261643887, 0.00322205224074, 0.000672010122798]}, "spectral_contrast_valleys": {"dmean": [0.479530543089, 0.408816248178, 0.398865789175, 0.427890866995, 0.369936853647, 0.310433804989], "dmean2": [0.76542943716, 0.618342876434, 0.606968224049, 0.627106249332, 0.521212399006, 0.390230715275], "dvar": [0.279642343521, 0.181317463517, 0.19878359139, 0.24036487937, 0.227487072349, 0.241970553994], "dvar2": [0.545937180519, 0.340919822454, 0.38634082675, 0.483359754086, 0.412561029196, 0.375685572624], "max": [-4.93808412552, -4.88033390045, -5.72351694107, -6.37795114517, -6.21387052536, -7.84105634689], "mean": [-7.81606674194, -7.35274076462, -8.08410358429, -8.78133583069, -8.78047847748, -10.6303167343], "median": [-