{"lowlevel": {"average_loudness": 0.909759581089, "barkbands_crest": {"dmean": 1.71882271767, "dmean2": 2.69560861588, "dvar": 4.20793914795, "dvar2": 10.0812091827, "max": 26.7500991821, "mean": 15.4218568802, "median": 15.1480493546, "min": 2.56582450867, "var": 42.4644927979}, "barkbands_flatness_db": {"dmean": 0.0178144387901, "dmean2": 0.0255300216377, "dvar": 0.00052789261099, "dvar2": 0.000946497078985, "max": 0.693962991238, "mean": 0.214538857341, "median": 0.159744128585, "min": 0.0263067018241, "var": 0.0183784980327}, "barkbands_kurtosis": {"dmean": 11.1287555695, "dmean2": 16.8051185608, "dvar": 940.136901855, "dvar2": 2049.32910156, "max": 749.748291016, "mean": 31.5768375397, "median": 3.98850870132, "min": -1.94683837891, "var": 4999.64990234}, "barkbands_skewness": {"dmean": 0.684490501881, "dmean2": 1.01656889915, "dvar": 1.21556723118, "dvar2": 2.46919155121, "max": 22.6741962433, "mean": 3.126121521, "median": 1.89827382565, "min": -2.37702059746, "var": 11.8393106461}, "barkbands_spread": {"dmean": 3.83444476128, "dmean2": 5.50063800812, "dvar": 42.8665924072, "dvar2": 73.9924926758, "max": 115.665931702, "mean": 18.3835411072, "median": 17.0301132202, "min": 0.140030220151, "var": 274.875854492}, "dissonance": {"dmean": 0.0224536824971, "dmean2": 0.0374836996198, "dvar": 0.000573766650632, "dvar2": 0.00161611591466, "max": 0.500000059605, "mean": 0.44446888566, "median": 0.459060132504, "min": 0.15844681859, "var": 0.00226565729827}, "dynamic_complexity": 4.90085315704, "erbbands_crest": {"dmean": 2.47808670998, "dmean2": 3.99664783478, "dvar": 6.00812292099, "dvar2": 14.7132568359, "max": 32.6061820984, "mean": 11.0266532898, "median": 9.83421516418, "min": 2.80621552467, "var": 26.675453186}, "erbbands_flatness_db": {"dmean": 0.0151192639023, "dmean2": 0.022242076695, "dvar": 0.000285170797724, "dvar2": 0.000569404917769, "max": 0.533460319042, "mean": 0.173162072897, "median": 0.155518129468, "min": 0.0455994829535, "var": 0.00691770901904}, "erbbands_kurtosis": {"dmean": 1.38671779633, "dmean2": 2.12334465981, "dvar": 5.63040542603, "dvar2": 12.013258934, "max": 55.8774375916, "mean": 2.43232512474, "median": 0.459526777267, "min": -1.88652157784, "var": 29.9769287109}, "erbbands_skewness": {"dmean": 0.361963331699, "dmean2": 0.53507745266, "dvar": 0.156998425722, "dvar2": 0.301498025656, "max": 5.87031602859, "mean": 0.777184784412, "median": 0.573912322521, "min": -3.58106350899, "var": 1.34239959717}, "erbbands_spread": {"dmean": 7.47640991211, "dmean2": 11.2818536758, "dvar": 122.988044739, "dvar2": 260.832489014, "max": 213.339874268, "mean": 36.121887207, "median": 32.6513252258, "min": 1.32338869572, "var": 513.908081055}, "hfc": {"dmean": 5.39539384842, "dmean2": 7.59882545471, "dvar": 218.6277771, "dvar2": 358.559265137, "max": 480.192565918, "mean": 21.4392528534, "median": 12.8685102463, "min": 1.17147356523e-16, "var": 890.215759277}, "melbands_crest": {"dmean": 1.91898739338, "dmean2": 3.02401542664, "dvar": 5.77590990067, "dvar2": 13.9135389328, "max": 37.4576148987, "mean": 19.1332969666, "median": 20.3598918915, "min": 1.90398478508, "var": 40.3531799316}, "melbands_flatness_db": {"dmean": 0.0192699842155, "dmean2": 0.0267694294453, "dvar": 0.000689687905833, "dvar2": 0.00117110298015, "max": 0.828785002232, "mean": 0.291635423899, "median": 0.234287425876, "min": 0.00670731300488, "var": 0.0247517302632}, "melbands_kurtosis": {"dmean": 14.8217096329, "dmean2": 22.3166046143, "dvar": 1607.69970703, "dvar2": 3389.61376953, "max": 868.452697754, "mean": 41.9421043396, "median": 12.2012462616, "min": -1.80799210072, "var": 6967.87548828}, "melbands_skewness": {"dmean": 0.742429375648, "dmean2": 1.1151381731, "dvar": 1.33655393124, "dvar2": 2.72710967064, "max": 21.8981533051, "mean": 3.6642343998, "median": 2.846960783, "min": -1.60479319096, "var": 9.07403850555}, "melbands_spread": {"dmean": 3.95318078995, "dmean2": 5.93751764297, "dvar": 47.9248161316, "dvar2": 98.0924606323, "max": 176.352294922, "mean": 17.9377555847, "median": 13.538646698, "min": 0.297475874424, "var": 327.07824707}, "pitch_salience": {"dmean": 0.0500706396997, "dmean2": 0.0806490331888, "dvar": 0.00389980175532, "dvar2": 0.00971509050578, "max": 0.848780155182, "mean": 0.386810779572, "median": 0.40348315239, "min": 0.0527397207916, "var": 0.0298547390848}, "silence_rate_20dB": {"dmean": 0, "dmean2": 0, "dvar": 0, "dvar2": 0, "max": 1, "mean": 1, "median": 1, "min": 1, "var": 0}, "silence_rate_30dB": {"dmean": 0.00691403541714, "dmean2": 0.0138296643272, "dvar": 0.00686733564362, "dvar2": 0.0170978829265, "max": 1, "mean": 0.993432402611, "median": 1, "min": 0, "var": 0.00652370788157}, "silence_rate_60dB": {"dmean": 0.0126757314429, "dmean2": 0.025354385376, "dvar": 0.0125145986676, "dvar2": 0.027936687693, "max": 1, "mean": 0.105081230402, "median": 0, "min": 0, "var": 0.0940444916487}, "spectral_centroid": {"dmean": 188.641830444, "dmean2": 272.338531494, "dvar": 90835.1953125, "dvar2": 145126.828125, "max": 10886.4130859, "mean": 1144.86987305, "median": 1076.00170898, "min": 102.381889343, "var": 615805.4375}, "spectral_complexity": {"dmean": 2.37681484222, "dmean2": 3.75106596947, "dvar": 10.3448047638, "dvar2": 23.4478530884, "max": 57, "mean": 14.1228256226, "median": 13, "min": 0, "var": 109.652236938}, "spectral_decrease": {"dmean": 1.28441446368e-09, "dmean2": 1.83044002178e-09, "dvar": 4.74901388228e-18, "dvar2": 9.38890030789e-18, "max": 6.24952591003e-29, "mean": -1.01056745194e-08, "median": -9.84668879767e-09, "min": -3.18703854418e-08, "var": 4.95536839631e-17}, "spectral_energy": {"dmean": 0.00514220725745, "dmean2": 0.00734048290178, "dvar": 7.18825758668e-05, "dvar2": 0.00014332770661, "max": 0.122864119709, "mean": 0.0400858260691, "median": 0.039613083005, "min": 1.11158542121e-20, "var": 0.000757806876209}, "spectral_energyband_high": {"dmean": 0.000425238366006, "dmean2": 0.000566959730349, "dvar": 2.44306238528e-06, "dvar2": 3.79197808797e-06, "max": 0.0474503673613, "mean": 0.00105694669764, "median": 0.000283478730125, "min": 7.92834926453e-21, "var": 7.71511713538e-06}, "spectral_energyband_low": {"dmean": 0.00316994544119, "dmean2": 0.00391194503754, "dvar": 5.38678104931e-05, "dvar2": 9.72486450337e-05, "max": 0.108804583549, "mean": 0.025780601427, "median": 0.0210741236806, "min": 2.43672018097e-23, "var": 0.000542047841009}, "spectral_energyband_middle_high": {"dmean": 0.00120878266171, "dmean2": 0.00187251518946, "dvar": 3.89403521694e-06, "dvar2": 9.55338327913e-06, "max": 0.0406786948442, "mean": 0.0044987606816, "median": 0.00183529092465, "min": 1.64643263027e-21, "var": 3.68326291209e-05}, "spectral_energyband_middle_low": {"dmean": 0.00354228913784, "dmean2": 0.00561559991911, "dvar": 4.62091011286e-05, "dvar2": 0.000111277789983, "max": 0.109616339207, "mean": 0.00936762895435, "median": 0.00626130774617, "min": 2.39807126621e-22, "var": 0.000112554691441}, "spectral_entropy": {"dmean": 0.169643104076, "dmean2": 0.247994601727, "dvar": 0.0455464795232, "dvar2": 0.0821236148477, "max": 9.79406166077, "mean": 7.20063924789, "median": 7.48279476166, "min": 3.7016043663, "var": 0.837754786015}, "spectral_flux": {"dmean": 0.0188178624958, "dmean2": 0.0277141351253, "dvar": 0.000820798566565, "dvar2": 0.00161514850333, "max": 0.307102501392, "mean": 0.0631865337491, "median": 0.0533696338534, "min": 1.05431753605e-10, "var": 0.0028010790702}, "spectral_kurtosis": {"dmean": 3.05712080002, "dmean2": 4.9192032814, "dvar": 82.6757507324, "dvar2": 206.546829224, "max": 265.051239014, "mean": 9.77795314789, "median": 4.16737222672, "min": -1.19537425041, "var": 404.193969727}, "spectral_rms": {"dmean": 0.000396675837692, "dmean2": 0.000564843416214, "dvar": 3.71153674905e-07, "dvar2": 7.29215912543e-07, "max": 0.0109483990818, "mean": 0.00569050572813, "median": 0.00621666386724, "min": 3.29313464519e-12, "var": 6.72612623021e-06}, "spectral_rolloff": {"dmean": 299.195526123, "dmean2": 480.213226318, "dvar": 629050.0625, "dvar2": 1163783, "max": 18776.953125, "mean": 1162.95031738, "median": 602.9296875, "min": 43.06640625, "var": 2521424}, "spectral_skewness": {"dmean": 0.287669330835, "dmean2": 0.441783040762, "dvar": 0.268635958433, "dvar2": 0.626726865768, "max": 13.561419487, "mean": 2.06185173988, "median": 1.65413045883, "min": -0.0437106378376, "var": 1.91969656944}, "spectral_spread": {"dmean": 553794.375, "dmean2": 791710.1875, "dvar": 895336316928, "dvar2": 1389903872000.0, "max": 41498428, "mean": 4988023, "median": 4736061.5, "min": 372312.53125, "var": 4939605606400.0}, "spectral_strongpeak": {"dmean": 0.212816298008, "dmean2": 0.354098141193, "dvar": 0.290568381548, "dvar2": 0.733341693878, "max": 8.13816452026, "mean": 0.704659223557, "median": 0.507237315178, "min": 0, "var": 0.514265060425}, "zerocrossingrate": {"dmean": 0.0070540830493, "dmean2": 0.00801159441471, "dvar": 0.000141496944707, "dvar2": 0.000146606675116, "max": 0.51220703125, "mean": 0.0460393130779, "median": 0.03515625, "min": 0.00244140625, "var": 0.00205801404081}, "barkbands": {"dmean": [8.61597873154e-05, 0.00262664235197, 0.00234085414559, 0.00101709924638, 0.000830691598821, 0.00121056020726, 0.000822499685455, 0.00080245512072, 0.000553906313144, 0.000336903845891, 0.000325989502016, 0.000234048493439, 0.000414297071984, 0.000293300719932, 0.000266702991212, 0.000206373719266, 0.000177409528987, 0.00010392726108, 6.83821926941e-05, 6.79433214827e-05, 9.48346278165e-05, 0.000105055187305, 3.83073602279e-05, 8.86769994395e-05, 0.00011252330296, 4.40771727881e-05, 7.52095138523e-06], "dmean2": [0.000151485568495, 0.00281553226523, 0.00323725282215, 0.00174055527896, 0.00140058505349, 0.00191866152454, 0.00124044110999, 0.00125263351947, 0.000853541016113, 0.000516238913406, 0.000506062875502, 0.000367986678611, 0.000667961256113, 0.000491090817377, 0.000439723109594, 0.00032188318437, 0.000273321813438, 0.000163764867466, 0.000108153813926, 0.000107971507532, 0.000145766534843, 0.000156098729349, 6.12161093159e-05, 0.000116017239634, 0.000152107240865, 6.12763833487e-05, 1.07195910459e-05], "dvar": [1.02474011499e-07, 3.02608405036e-05, 6.24820386292e-05, 2.5170023946e-05, 8.62425076775e-06, 5.67365714232e-06, 3.41197937814e-06, 5.78383196626e-06, 2.34159847423e-06, 6.78752257954e-07, 8.9775141987e-07, 3.76936498014e-07, 1.09691154648e-06, 5.20160824635e-07, 4.19698835685e-07, 5.02412888181e-07, 1.52543520926e-07, 6.6518801134e-08, 2.06902139865e-08, 3.16185513327e-08, 6.85636507569e-08, 1.01809327191e-07, 9.07863650923e-09, 1.53453257212e-07, 5.67686413433e-07, 6.26413481086e-08, 6.81831202609e-10], "dvar2": [2.97018459605e-07, 4.38745337306e-05, 0.000123073114082, 6.55706753605e-05, 2.38032243942e-05, 1.43389197547e-05, 6.96990855431e-06, 1.3409582607e-05, 5.36548850505e-06, 1.54632607519e-06, 2.13794396586e-06, 8.44542114464e-07, 2.73152568298e-06, 1.42049304941e-06, 9.98334826363e-07, 1.01101386463e-06, 3.3629413565e-07, 1.41974780377e-07, 4.87998867982e-08, 7.15957071407e-08, 1.52215363869e-07, 2.03539286758e-07, 2.13635189539e-08, 2.38860792479e-07, 1.10184828372e-06, 1.18007264405e-07, 1.18359866352e-09], "max": [0.00592812802643, 0.0842531993985, 0.0880129486322, 0.0692625641823, 0.0582331605256, 0.0377041995525, 0.0453945808113, 0.06546407938, 0.0481078848243, 0.021634561941, 0.0278827343136, 0.0177588239312, 0.0231725890189, 0.0145025169477, 0.0186578277498, 0.0270522013307, 0.0122418077663, 0.0107223913074, 0.00422024494037, 0.00569451693445, 0.00738512119278, 0.00846435781568, 0.00173446489498, 0.0162545647472, 0.0317161381245, 0.00718280347064, 0.00102833879646], "mean": [0.000146519829286, 0.0199214462191, 0.00523397373036, 0.000831938988995, 0.00129215035122, 0.00249632750638, 0.00165511434898, 0.00162553531118, 0.00115746899974, 0.000716778740752, 0.000557905354071, 0.000437780719949, 0.000773112871684, 0.000528853503056, 0.000428914820077, 0.00041628209874, 0.000396648480091, 0.000201580813155, 0.000136545917485, 0.000134840287501, 0.000213388571865, 0.000233431623201, 7.35521753086e-05, 0.000179314432899, 0.00020111304184, 7.82237693784e-05, 1.7004489564e-05], "median": [2.61953900917e-05, 0.0141257308424, 0.000302612723317, 0.000105490558781, 0.000659320445266, 0.00100500090048, 0.000593753298745, 0.000194707434275, 0.00017609144561, 0.000127516308567, 0.000103801939986, 8.99614169612e-05, 0.000107845742605, 9.5521863841e-05, 0.000113647161925, 6.58192948322e-05, 0.000106230043457, 7.35466965125e-05, 5.35392246093e-05, 4.33058412455e-05, 5.47162744624e-05, 5.27994488948e-05, 2.88609517156e-05, 2.72896613751e-05, 2.71718563454e-05, 8.76091235114e-06, 1.0404924069e-06], "min": [1.36278103737e-23, 3.46655971228e-24, 6.11006337125e-24, 4.30696873335e-24, 9.94814974862e-24, 2.11947961017e-23, 4.08919429302e-23, 4.34808140272e-23, 6.80617261448e-23, 6.31148172735e-23, 6.70264945125e-23, 5.56788881631e-23, 1.164383561e-22, 7.50337861102e-23, 8.31743699573e-23, 5.44774088282e-23, 2.3192614112e-22, 1.8418757342e-22, 2.72055810913e-22, 2.69120061899e-22, 4.67832786016e-22, 6.51928788462e-22, 5.93771034277e-22, 8.63846564505e-22, 9.55496500204e-22, 1.58163143033e-21, 2.17925680113e-21], "var": [1.38220073609e-07, 0.000414158101194, 0.00013504231174, 1.84988439287e-05, 7.00827013134e-06, 1.51308495333e-05, 1.05641265691e-05, 1.65555265994e-05, 7.22567938283e-06, 2.89059562419e-06, 2.14451529246e-06, 1.22871756503e-06, 3.05648381982e-06, 1.33418052428e-06, 1.02924627754e-06, 2.45697515311e-06, 6.96712959325e-07, 1.86201901897e-07, 5.80803529715e-08, 7.02663953689e-08, 1.78625668923e-07, 2.96649346865e-07, 1.57728567984e-08, 4.86481610551e-07, 1.04586456473e-06, 1.42290474514e-07, 2.49151366205e-09]}, "erbbands": {"dmean": [0.0598496124148, 0.671403408051, 2.38017201424, 3.1034142971, 2.823533535, 2.72959470749, 4.88770532608, 11.1440610886, 11.8229827881, 11.8222131729, 20.7294960022, 13.8615312576, 9.96365261078, 9.55490398407, 10.4024896622, 11.2071619034, 16.7858734131, 16.7724075317, 12.1149196625, 14.5375967026, 8.19242572784, 8.88031768799, 6.09864902496, 3.17612147331, 3.52663373947, 3.13926148415, 3.48862552643, 4.07322311401, 4.24382305145, 1.89033102989, 1.02087807655, 1.63337981701, 1.69649136066, 1.57697319984, 0.597334325314, 0.241414517164, 0.0760513320565, 0.0121323978528, 0.0012966489885, 7.32388434699e-05], "dmean2": [0.0605193153024, 0.701611757278, 3.05908989906, 4.89052867889, 4.80113887787, 4.5437169075, 7.6761841774, 17.9254436493, 17.9776115417, 17.9068756104, 32.3209686279, 21.2505550385, 15.4605636597, 14.4718494415, 16.2205696106, 17.6310462952, 27.1603984833, 27.3304100037, 19.4418201447, 23.5225887299, 12.6418275833, 13.4094905853, 9.48451900482, 5.06038141251, 5.47285985947, 4.94515037537, 5.47822570801, 6.167719841, 6.36031341553, 2.90778374672, 1.58461248875, 2.25311684608, 2.23084640503, 2.15501093864, 0.826865971088, 0.349647700787, 0.105111174285, 0.0169820208102, 0.00184135476593, 0.000103417216451], "dvar": [0.0173704158515, 1.92334938049, 51.0646057129, 176.956176758, 152.190322876, 58.182800293, 168.621520996, 480.571685791, 742.638000488, 813.190734863, 3925.81103516, 1346.77893066, 620.584777832, 666.83581543, 812.127319336, 823.614562988, 1838.2746582, 1823.93347168, 1107.78771973, 1512.92285156, 625.523132324, 394.556274414, 204.853775024, 50.3588981628, 60.5804634094, 58.8834915161, 93.7575302124, 144.252868652, 162.803161621, 30.4956817627, 6.83432388306, 44.163230896, 67.2488479614, 138.710128784, 10.7116222382, 2.02492070198, 0.172236561775, 0.00332146510482, 1.76803368959e-05, 4.82125592782e-08], "dvar2": [0.0234460271895, 2.56435394287, 93.4089279175, 423.424621582, 390.402648926, 159.34928894, 414.931549072, 1234.81054688, 1521.91259766, 1746.67041016, 9066.94824219, 3129.45825195, 1538.15844727, 1516.11254883, 1886.67224121, 1890.02526855, 4733.74267578, 4915.23730469, 2545.25097656, 3621.57714844, 1293.6204834, 790.129760742, 432.856964111, 121.558891296, 132.551818848, 133.373184204, 217.96635437, 311.90914917, 329.774475098, 63.4802780151, 15.3766584396, 74.3742218018, 112.225852966, 283.026855469, 18.9095783234, 3.84325671196, 0.309978544712, 0.006652305834, 2.97718670481e-05, 8.23316241849e-08], "max": [3.32519507408, 22.0966262817, 94.2130050659, 178.906570435, 224.292297363, 144.941299438, 364.274108887, 408.531066895, 781.533996582, 671.376037598, 1689.0925293, 1049.62036133, 554.837463379, 692.536621094, 887.350524902, 838.601257324, 799.387329102, 858.69744873, 869.455200195, 1170.94042969, 899.790893555, 651.883117676, 669.245056152, 258.098114014, 282.936523438, 226.710861206, 279.600311279, 405.790588379, 333.56338501, 139.435317993, 57.9919891357, 303.407409668, 398.672485352, 530.722473145, 102.159919739, 43.3477325439, 12.3666610718, 1.92105603218, 0.167497143149, 0.009391695261], "mean": [0.413388341665, 4.94383716583, 7.78931713104, 3.93591761589, 3.23368883133, 4.61103582382, 9.87577915192, 21.7467708588, 24.2049064636, 23.1570739746, 44.8236274719, 30.5563602448, 21.2593097687, 21.4622077942, 20.2543201447, 22.2835216522, 32.9295845032, 34.6143264771, 21.1413917542, 26.8270187378, 18.0493507385, 21.4357509613, 14.2563924789, 6.8359336853, 7.39044570923, 6.54889202118, 7.15809106827, 9.49024963379, 9.42501068115, 3.85297036171, 2.06294846535, 3.22059679031, 3.23636484146, 2.78514003754, 1.06396627426, 0.425711125135, 0.130783319473, 0.0226331334561, 0.00278479466215, 0.000221244088607], "median": [0.217617690563, 3.4076499939, 2.55928325653, 0.656084418297, 1.19978380203, 2.16930580139, 3.46219992638, 8.95148563385, 8.50758171082, 7.69648361206, 6.28382349014, 5.76333189011, 4.85329389572, 5.09064435959, 4.80600500107, 4.88443183899, 5.2418513298, 5.56263828278, 5.90318965912, 5.80772161484, 4.73023557663, 5.84805965424, 5.01822566986, 3.29466176033, 2.86153888702, 2.17523241043, 2.01272583008, 2.13067507744, 1.93667840958, 1.20939993858, 0.756364226341, 0.656402647495, 0.401780605316, 0.322967976332, 0.160446226597, 0.0582065246999, 0.0117504587397, 0.00159002875444, 0.000197676185053, 7.79331530794e-05], "min": [2.10382652721e-22, 6.62552637019e-22, 1.00676709731e-20, 1.32853195454e-20, 1.66249845282e-20, 3.02723805764e-20, 1.07979594938e-19, 1.5573523263e-19, 5.30233991284e-19, 4.89549061156e-19, 1.41394314462e-18, 1.65095954823e-18, 1.28958326037e-18, 5.37244874303e-18, 4.42356546054e-18, 2.83353924155e-18, 4.97848164242e-18, 3.56678956644e-18, 4.71612807626e-18, 3.01118289554e-18, 6.88567351689e-18, 1.23845125624e-17, 1.06774202276e-17, 8.97346952475e-18, 1.32851352328e-17, 1.25081942619e-17, 1.32699258629e-17, 2.46659418768e-17, 2.52973652343e-17, 1.76426590068e-17, 1.75121034364e-17, 1.62590058721e-17, 1.72916052092e-17, 1.30469345133e-17, 5.39564412817e-18, 6.05075421611e-18, 3.36297019555e-18, 1.0659064883e-18, 3.2498613118e-19, 3.32735695533e-20], "var": [0.286988288164, 25.5836277008, 150.614135742, 179.86100769, 119.041267395, 63.4111366272, 368.166564941, 1157.5567627, 2417.63256836, 2017.33239746, 11648.4853516, 4360.90234375, 1687.99536133, 2737.72631836, 2012.2767334, 2721.2644043, 5126.27099609, 5821.16992188, 2225.13378906, 5579.99609375, 2565.63916016, 2094.00683594, 785.945983887, 119.160163879, 196.000732422, 142.627685547, 190.166702271, 414.663085938, 482.185058594, 67.8212814331, 13.4717216492, 122.103240967, 197.737060547, 225.784210205, 24.9989471436, 4.48341226578, 0.413995593786, 0.00801542028785, 6.29116257187e-05, 2.27296609978e-07]}, "gfcc": {"mean": [-57.4284439087, 88.9441986084, -95.3398742676, 22.6079769135, -48.0922737122, 13.0480232239, -29.0523662567, 11.3706445694, -9.20897960663, 11.8533000946, -7.50733852386, 5.64091348648, -4.0166053772], "cov": [[30828.0996094, -1512.8963623, 1008.11199951, 1624.31762695, -1028.96398926, 1508.54833984, -790.209472656, 352.056243896, -755.730651855, 47.6004981995, -825.295776367, -382.207305908, -1003.0682373], [-1512.8963623, 2984.73925781, 794.698242188, -48.5735740662, 460.7918396, -200.200897217, 251.001525879, -129.279754639, 316.729827881, -241.526535034, 224.208557129, -143.914154053, 69.4656448364], [1008.11199951, 794.698242188, 2735.69238281, 1090.48425293, 423.735198975, 701.644897461, 176.529647827, 50.4707107544, 79.0406265259, -195.08807373, -34.3183403015, -138.352645874, -58.5142669678], [1624.31762695, -48.5735740662, 1090.48425293, 1156.20300293, 225.495178223, 494.113433838, 53.4950027466, 113.137718201, 40.4432411194, -40.5288963318, -97.9195480347, -47.0756835938, -40.7179641724], [-1028.96398926, 460.7918396, 423.735198975, 225.495178223, 442.395782471, 74.8579177856, 125.818229675, 33.619884491, 105.893203735, -43.6370124817, 62.7387809753, -23.5668449402, 39.3258666992], [1508.54833984, -200.200897217, 701.644897461, 494.113433838, 74.8579177856, 618.094299316, 119.363265991, 132.81312561, -5.55080938339, 22.3766517639, -58.4997940063, 0.393368780613, -84.7493743896], [-790.209472656, 251.001525879, 176.529647827, 53.4950027466, 125.818229675, 119.363265991, 315.876647949, 46.7514915466, 58.4707756042, -4.20084953308, 42.7238998413, 0.14959949255, -8.59807109833], [352.056243896, -129.279754639, 50.4707107544, 113.137718201, 33.619884491, 132.81312561, 46.7514915466, 208.131576538, 70.2983779907, 58.9358329773, 2.1153421402, 34.3706436157, -13.2125015259], [-755.730651855, 316.729827881, 79.0406265259, 40.4432411194, 105.893203735, -5.55080938339, 58.4707756042, 70.2983779907, 217.534133911, 47.5795516968, 68.7321472168, 14.7122564316, 50.8995552063], [47.6004981995, -241.526535034, -195.08807373, -40.5288963318, -43.6370124817, 22.3766517639, -4.20084953308, 58.9358329773, 47.5795516968, 166.122283936, 30.091375351, 50.3022537231, 23.1609420776], [-825.295776367, 224.208557129, -34.3183403015, -97.9195480347, 62.7387809753, -58.4997940063, 42.7238998413, 2.1153421402, 68.7321472168, 30.091375351, 156.620620728, 43.776260376, 60.7803840637], [-382.207305908, -143.914154053, -138.352645874, -47.0756835938, -23.5668449402, 0.393368780613, 0.14959949255, 34.3706436157, 14.7122564316, 50.3022537231, 43.776260376, 141.356018066, 56.8318367004], [-1003.0682373, 69.4656448364, -58.5142669678, -40.7179641724, 39.3258666992, -84.7493743896, -8.59807109833, -13.2125015259, 50.8995552063, 23.1609420776, 60.7803840637, 56.8318367004, 146.849151611]], "icov": [[6.43304083496e-05, -5.86361238675e-05, 2.0060031602e-05, -7.77449531597e-05, 0.000120954791782, -0.000113465510367, 0.000184180476936, -0.000116332877951, 0.000183585667401, -0.000123975492897, 6.4595209551e-05, 5.55343431188e-05, 0.000263724039542], [-5.86361238675e-05, 0.000766858516727, -0.000187443802133, 0.000219743815251, -0.000332370080287, 0.000319397076964, -0.000428781757364, 0.000503692426719, -0.00117894227151, 0.00101599667687, -0.000689270440489, 0.000341099657817, -8.18131084088e-05], [2.0060031602e-05, -0.000187443802133, 0.000896205892786, -0.000504493771587, -0.000155941641424, -0.000838633044623, 0.000168865022715, 0.000183751777513, 5.17276248502e-06, 0.000594286888372, -0.00022405369964, 0.000416420109104, -0.000136843693326], [-7.77449531597e-05, 0.000219743815251, -0.000504493771587, 0.00198863702826, -0.000735455541871, -0.000702430319507, 0.000125398786622, -8.2158461737e-05, -0.000619593891315, 0.000265209295321, 0.000887273461558, 6.26406545052e-05, -0.000711646280251], [0.000120954791782, -0.000332370080287, -0.000155941641424, -0.000735455541871, 0.00389158190228, -1.22364126582e-05, -0.000517451961059, -0.000628105539363, -0.000259591295617, 0.000423350575147, -0.000824796443339, 0.000647502020001, -0.000304673536448], [-0.000113465510367, 0.000319397076964, -0.000838633044623, -0.000702430319507, -1.22364126582e-05, 0.00422416767105, -0.00145921763033, -0.00101194775198, 0.000346286804415, -0.000886083405931, 0.000176167784957, -0.00104445638135, 0.00116060033906], [0.000184180476936, -0.000428781757364, 0.000168865022715, 0.000125398786622, -0.000517451961059, -0.00145921763033, 0.00476196920499, -0.000703778932802, 0.000251516496064, -0.000186387071153, -0.000482330768136, 6.2421306211e-05, 0.00119257264305], [-0.000116332877951, 0.000503692426719, 0.000183751777513, -8.2158461737e-05, -0.000628105539363, -0.00101194775198, -0.000703778932802, 0.00784337706864, -0.00332694384269, -0.000623733154498, 0.000235049985349, -0.00157642492559, 0.00103056023363], [0.000183585667401, -0.00117894227151, 5.17276248502e-06, -0.000619593891315, -0.000259591295617, 0.000346286804415, 0.000251516496064, -0.00332694384269, 0.00941564701498, -0.00348480185494, -0.000791830767412, 0.000793405575678, -0.00106655922718], [-0.000123975492897, 0.00101599667687, 0.000594286888372, 0.000265209295321, 0.000423350575147, -0.000886083405931, -0.000186387071153, -0.000623733154498, -0.00348480185494, 0.0104831326753, -0.00215643108822, -0.000708872219548, -0.000987517647445], [6.4595209551e-05, -0.000689270440489, -0.00022405369964, 0.000887273461558, -0.000824796443339, 0.000176167784957, -0.000482330768136, 0.000235049985349, -0.000791830767412, -0.00215643108822, 0.0108477817848, -0.00248157046735, -0.00167542858981], [5.55343431188e-05, 0.000341099657817, 0.000416420109104, 6.26406545052e-05, 0.000647502020001, -0.00104445638135, 6.2421306211e-05, -0.00157642492559, 0.000793405575678, -0.000708872219548, -0.00248157046735, 0.0110035417601, -0.00390762742609], [0.000263724039542, -8.18131084088e-05, -0.000136843693326, -0.000711646280251, -0.000304673536448, 0.00116060033906, 0.00119257264305, 0.00103056023363, -0.00106655922718, -0.000987517647445, -0.00167542858981, -0.00390762742609, 0.0120430672541]]}, "melbands": {"dmean": [0.000646321976092, 0.000941528996918, 0.000495796557516, 0.00019330525538, 0.000156075402629, 0.000248666183325, 0.000180000672117, 0.000130502667162, 0.000166198471561, 7.6818629168e-05, 5.02720213262e-05, 3.87742256862e-05, 4.49836043117e-05, 2.66097049462e-05, 3.57294338755e-05, 3.70612760889e-05, 3.24726861436e-05, 1.99919122679e-05, 1.86731595022e-05, 1.81701525435e-05, 9.56580242928e-06, 9.30751502892e-06, 9.82245819614e-06, 4.28181601819e-06, 2.62455637312e-06, 2.85351802631e-06, 2.54576616499e-06, 2.08264896173e-06, 2.22202834266e-06, 2.42111809712e-06, 2.48446917794e-06, 2.73100317827e-06, 1.86275724445e-06, 8.79263154729e-07, 5.9466572111e-07, 7.22482070614e-07, 1.13154931114e-06, 1.10953726562e-06, 1.54644033046e-06, 1.3382320958e-06], "dmean2": [0.000653776689433, 0.00112374860328, 0.000754442240577, 0.000328695576172, 0.000244479102548, 0.000395664887037, 0.000273693702184, 0.000200020105694, 0.000258401618339, 0.000118134346849, 7.77811437729e-05, 5.90571034991e-05, 6.99256925145e-05, 4.19743009843e-05, 5.80188752792e-05, 5.85350571782e-05, 5.34014543518e-05, 3.22980849887e-05, 3.08689377562e-05, 2.845250674e-05, 1.49300021803e-05, 1.41980490298e-05, 1.52138691192e-05, 6.95173957865e-06, 4.22622861151e-06, 4.5071956265e-06, 3.97329176849e-06, 3.30417310579e-06, 3.57133467332e-06, 3.78638469556e-06, 3.7695804167e-06, 4.1371226871e-06, 2.88168689622e-06, 1.39933547416e-06, 9.57328779805e-07, 1.07977518837e-06, 1.57102306275e-06, 1.51103267854e-06, 2.1453838599e-06, 1.85015744592e-06], "dvar": [1.65169103639e-06, 5.72968974666e-06, 3.8526386561e-06, 5.33282786819e-07, 1.45170915289e-07, 2.31168129972e-07, 1.54068658276e-07, 9.13102127242e-08, 2.22397574134e-07, 4.07555020843e-08, 1.56101638282e-08, 1.19369554241e-08, 1.77195218498e-08, 5.4526401172e-09, 7.81094655622e-09, 9.67283675379e-09, 7.29280102973e-09, 3.37195915634e-09, 2.07616457359e-09, 4.50951498365e-09, 9.59677559642e-10, 4.73524108813e-10, 5.45369083227e-10, 8.62544480285e-11, 4.00029072367e-11, 3.4686982453e-11, 3.68881696022e-11, 2.9996453238e-11, 3.80532549915e-11, 4.45430359264e-11, 5.70380548348e-11, 6.57743443044e-11, 3.67306046689e-11, 4.86242122955e-12, 2.27791266752e-12, 6.28899276406e-12, 2.29450486389e-11, 2.64494190438e-11, 9.24100934663e-11, 1.03472265478e-10], "dvar2": [2.31600438383e-06, 9.35089337872e-06, 8.89170860319e-06, 1.42405053793e-06, 3.56159603143e-07, 5.84919064295e-07, 3.16583651738e-07, 2.00087598046e-07, 5.07716265474e-07, 9.46410807501e-08, 3.84427103484e-08, 2.695589707e-08, 4.14035596918e-08, 1.20917640345e-08, 2.03439025626e-08, 2.29061054569e-08, 1.98717700073e-08, 7.66341567981e-09, 4.89701834638e-09, 9.09650665903e-09, 2.05690398047e-09, 9.49399669992e-10, 1.16015241858e-09, 2.11306833142e-10, 9.53905218704e-11, 7.99025914877e-11, 8.05057340236e-11, 6.82748024783e-11, 8.89494172762e-11, 1.04354865027e-10, 1.23096297044e-10, 1.35931377265e-10, 7.87616014075e-11, 1.12307949399e-11, 5.73802680717e-12, 1.16467911704e-11, 3.91541486733e-11, 4.86713204462e-11, 1.79690651247e-10, 2.14817302835e-10], "max": [0.0251330509782, 0.0352142862976, 0.0262323301286, 0.0149405989796, 0.0103548420593, 0.00853283889592, 0.0108808008954, 0.00616343319416, 0.0117286127061, 0.00564377801493, 0.00269902334549, 0.00315789808519, 0.00419884454459, 0.00257744034752, 0.00164308329113, 0.00264782877639, 0.00166804366745, 0.00161919905804, 0.00169426633511, 0.00283325789496, 0.00120999361388, 0.000897027086467, 0.000793237413745, 0.000258845335338, 0.000261018023593, 0.000168086422491, 0.00020908631268, 0.00017998398107, 0.000174670727574, 0.000140902993735, 0.000266852381174, 0.000228704040637, 0.000157650996698, 5.28128948645e-05, 3.05263565679e-05, 0.000125179081806, 0.000199611240532, 0.00025341269793, 0.000351515598595, 0.000466983299702], "mean": [0.00481935823336, 0.00520821521059, 0.000690482440405, 0.00027248787228, 0.000325656001223, 0.000499695772305, 0.000369891786249, 0.000252692610957, 0.000363415601896, 0.000165114048286, 0.000102429221442, 8.55361213326e-05, 7.9467681644e-05, 5.0554779591e-05, 6.58527496853e-05, 7.26192010916e-05, 6.23787855147e-05, 3.12653974106e-05, 3.07479203911e-05, 3.54458970833e-05, 1.84571999853e-05, 2.09537702176e-05, 2.13657494896e-05, 8.31372381072e-06, 4.94575260745e-06, 5.41286590305e-06, 5.09293977302e-06, 3.99465579903e-06, 4.07894776799e-06, 5.13595841767e-06, 5.584707651e-06, 5.92623746343e-06, 3.53801965502e-06, 1.58911689141e-06, 1.06374795905e-06, 1.43416457377e-06, 2.14300416701e-06, 2.04591083275e-06, 2.70087889476e-06, 2.23579559133e-06], "median": [0.00332370284013, 0.00331494747661, 0.000147638071212, 0.000136814880534, 0.000136094749905, 0.000200280788704, 0.000142448669067, 7.74540676503e-05, 4.3746054871e-05, 2.94763594866e-05, 1.98175894184e-05, 1.7305070287e-05, 1.62194701261e-05, 1.03388083517e-05, 1.15746934171e-05, 1.06545303424e-05, 9.08921720111e-06, 8.31643501442e-06, 7.61318915465e-06, 5.76947968511e-06, 4.33826062363e-06, 5.47906256543e-06, 5.38790436622e-06, 3.04535547002e-06, 2.13846669794e-06, 1.95988559426e-06, 1.71889291778e-06, 1.14960732844e-06, 1.1133111002e-06, 1.14617841973e-06, 1.13803650947e-06, 1.06966308522e-06, 7.88860290868e-07, 5.70451959447e-07, 3.84592993896e-07, 4.0487330466e-07, 3.62160591294e-07, 2.60244576111e-07, 2.64109075943e-07, 2.57562021488e-07], "min": [1.74363128894e-24, 3.79633354738e-24, 2.64528687905e-24, 2.20804553676e-24, 3.23318527145e-24, 4.06320006402e-24, 8.1396861234e-24, 5.07937597224e-24, 1.31787552477e-23, 9.4787333338e-24, 5.36811562963e-24, 2.15773194878e-23, 1.16700295786e-23, 4.56874591386e-24, 1.15588893323e-23, 1.1337269905e-23, 5.68674207128e-24, 7.38853434717e-24, 6.43911263761e-24, 2.79869665929e-24, 7.67700184755e-24, 1.52384702824e-23, 7.58949192961e-24, 1.06186862512e-23, 5.88694747485e-24, 1.00716632783e-23, 9.07666828535e-24, 6.7466784605e-24, 7.17382060827e-24, 1.06708615115e-23, 1.38871515517e-23, 1.4227926841e-23, 1.15429275207e-23, 8.73648464175e-24, 1.01633139271e-23, 9.73929251308e-24, 1.00273640053e-23, 1.02170787421e-23, 1.31048224148e-23, 9.83593665144e-24], "var": [2.70224536507e-05, 3.2750540413e-05, 4.45203841082e-06, 4.12323089449e-07, 3.29126663701e-07, 6.00733528699e-07, 5.06832293468e-07, 2.25883255212e-07, 6.88456680109e-07, 1.31683862037e-07, 4.29997584206e-08, 5.15863511907e-08, 4.21009005436e-08, 1.77042629446e-08, 2.06372536837e-08, 2.88208799049e-08, 2.08808366153e-08, 5.59360957553e-09, 6.23092644148e-09, 2.13825011031e-08, 2.88141110971e-09, 2.27614038728e-09, 2.27150320775e-09, 2.04523675773e-10, 8.03412614214e-11, 9.75356115318e-11, 1.14923008609e-10, 6.49752057713e-11, 6.78684192179e-11, 1.12392151141e-10, 1.57691651403e-10, 1.96432758948e-10, 7.8852348262e-11, 9.2747060032e-12, 3.37813024082e-12, 1.47411371304e-11, 6.2737821882e-11, 7.43673594927e-11, 1.87174165056e-10, 1.56656673744e-10]}, "mfcc": {"mean": [-700.542053223, 123.007331848, 15.8814163208, 17.8105144501, 8.0597782135, 7.77987527847, -1.562515378, 2.22075223923, 6.62161922455, 0.76183950901, 8.81408882141, 8.25556755066, 3.5911989212], "cov": [[20672.5878906, -934.814575195, -849.137084961, 113.118171692, -203.876907349, 339.734832764, 153.904571533, 10.2425479889, 207.442047119, 95.5692825317, 272.555145264, 64.5524902344, -114.70526123], [-934.814575195, 2319.4284668, 638.323913574, 226.821472168, 304.648345947, 162.118438721, 87.7738647461, 260.231231689, 48.5179138184, 65.0410614014, 146.497131348, 86.8482055664, 79.9769821167], [-849.137084961, 638.323913574, 1831.91247559, 640.882019043, 552.405944824, 513.442810059, 327.841186523, 291.989654541, 211.417282104, 86.6418457031, 42.4985275269, 67.5467376709, 1.60375106335], [113.118171692, 226.821472168, 640.882019043, 812.02947998, 411.117156982, 315.402313232, 194.291320801, 186.42010498, 176.797851562, 19.1336994171, 27.5774021149, 29.9957866669, -17.9331760406], [-203.876907349, 304.648345947, 552.405944824, 411.117156982, 521.102416992, 220.122711182, 113.513435364, 142.322769165, 115.080940247, 60.8241882324, 21.7772312164, 34.7382164001, 27.8237380981], [339.734832764, 162.118438721, 513.442810059, 315.402313232, 220.122711182, 402.816864014, 216.157791138, 156.911270142, 112.745445251, 38.1811943054, 56.3152542114, 26.687204361, -44.4196624756], [153.904571533, 87.7738647461, 327.841186523, 194.291320801, 113.513435364, 216.157791138, 304.354095459, 146.456283569, 67.6889572144, 29.8776741028, 38.0584182739, 24.3244037628, -28.3537044525], [10.2425479889, 260.231231689, 291.989654541, 186.42010498, 142.322769165, 156.911270142, 146.456283569, 245.598403931, 87.7723007202, 40.7088317871, 47.3980712891, 39.8805541992, 17.1290893555], [207.442047119, 48.5179138184, 211.417282104, 176.797851562, 115.080940247, 112.745445251, 67.6889572144, 87.7723007202, 178.012191772, 42.1092147827, 42.5849609375, 40.89478302, 6.75084733963], [95.5692825317, 65.0410614014, 86.6418457031, 19.1336994171, 60.8241882324, 38.1811943054, 29.8776741028, 40.7088317871, 42.1092147827, 144.706008911, 50.0790863037, 22.9206237793, 19.9350624084], [272.555145264, 146.497131348, 42.4985275269, 27.5774021149, 21.7772312164, 56.3152542114, 38.0584182739, 47.3980712891, 42.5849609375, 50.0790863037, 140.618057251, 61.4437789917, 5.18787384033], [64.5524902344, 86.8482055664, 67.5467376709, 29.9957866669, 34.7382164001, 26.687204361, 24.3244037628, 39.8805541992, 40.89478302, 22.9206237793, 61.4437789917, 115.119766235, 42.6628799438], [-114.70526123, 79.9769821167, 1.60375106335, -17.9331760406, 27.8237380981, -44.4196624756, -28.3537044525, 17.1290893555, 6.75084733963, 19.9350624084, 5.18787384033, 42.6628799438, 129.329162598]], "icov": [[5.49512042198e-05, 1.86761953955e-05, 5.09547826368e-05, -1.60764484463e-05, 2.19712492253e-05, -9.52039044932e-05, -2.59391413238e-06, 1.61812276929e-05, -5.11761645612e-05, -1.62530814123e-05, -9.13300755201e-05, 1.00370234577e-05, -2.81214340703e-07], [1.86761953955e-05, 0.000585315108765, -0.000158863738761, 2.96381967928e-05, -0.000180169779924, 8.0482714111e-05, 0.000216234635445, -0.000548292300664, 0.000348089932231, 0.000120089469419, -0.000662688689772, 9.10838425625e-05, -0.000193028594367], [5.09547826368e-05, -0.000158863738761, 0.001164739253, -0.000183933516382, -0.000460608076537, -0.000878996914253, -0.000289272371447, -4.15670547227e-06, -0.000264374015387, -0.000204521624255, 0.00052468793001, -0.000265663926257, -5.02749608131e-05], [-1.60764484463e-05, 2.96381967928e-05, -0.000183933516382, 0.00268664606847, -0.00144503812771, -0.000573244702537, -0.000255379010923, -0.00028772308724, -0.00119353539776, 0.000886641792022, 9.30537134991e-05, 0.000206666343729, 0.000292073003948], [2.19712492253e-05, -0.000180169779924, -0.000460608076537, -0.00144503812771, 0.0040804524906, -0.000686386076268, 0.000514714454766, -0.000221678521484, -0.000123472971609, -0.00110071687959, 0.00065204128623, -0.000103343059891, -0.000851118355058], [-9.52039044932e-05, 8.0482714111e-05, -0.000878996914253, -0.000573244702537, -0.000686386076268, 0.00645360164344, -0.00222297594883, -0.000745898578316, -0.000615303986706, 0.000201344286324, -0.00122071569785, 0.000286412454443, 0.00172844075132], [-2.59391413238e-06, 0.000216234635445, -0.000289272371447, -0.000255379010923, 0.000514714454766, -0.00222297594883, 0.00628562783822, -0.00245120888576, 0.000600255734753, -0.00032982751145, -2.90629941446e-05, -0.000488621240947, 0.000842464156449], [1.61812276929e-05, -0.000548292300664, -4.15670547227e-06, -0.00028772308724, -0.000221678521484, -0.000745898578316, -0.00245120888576, 0.0077463039197, -0.0016120232176, -0.000339272024576, -0.000277515908238, -0.000193387677427, -0.00124691741075], [-5.11761645612e-05, 0.000348089932231, -0.000264374015387, -0.00119353539776, -0.000123472971609, -0.000615303986706, 0.000600255734753, -0.0016120232176, 0.00901522021741, -0.00134342431556, -0.00082633056445, -0.00167204183526, 5.86757996643e-05], [-1.62530814123e-05, 0.000120089469419, -0.000204521624255, 0.000886641792022, -0.00110071687959, 0.000201344286324, -0.00032982751145, -0.000339272024576, -0.00134342431556, 0.00890866387635, -0.00311331264675, 0.00109955470543, -0.0012255187612], [-9.13300755201e-05, -0.000662688689772, 0.00052468793001, 9.30537134991e-05, 0.00065204128623, -0.00122071569785, -2.90629941446e-05, -0.000277515908238, -0.00082633056445, -0.00311331264675, 0.0121190892532, -0.0057980553247, 0.00175557134207], [1.00370234577e-05, 9.10838425625e-05, -0.000265663926257, 0.000206666343729, -0.000103343059891, 0.000286412454443, -0.000488621240947, -0.000193387677427, -0.00167204183526, 0.00109955470543, -0.0057980553247, 0.0139613160864, -0.00443154014647], [-2.81214340703e-07, -0.000193028594367, -5.02749608131e-05, 0.000292073003948, -0.000851118355058, 0.00172844075132, 0.000842464156449, -0.00124691741075, 5.86757996643e-05, -0.0012255187612, 0.00175557134207, -0.00443154014647, 0.0105963479728]]}, "spectral_contrast_coeffs": {"dmean": [0.0408872105181, 0.0449979007244, 0.0354423299432, 0.0295885298401, 0.0220899078995, 0.017954185605], "dmean2": [0.0681578144431, 0.0734373927116, 0.0569948889315, 0.0474150292575, 0.0346414484084, 0.027541898191], "dvar": [0.00166145875119, 0.00145515566692, 0.000836481456645, 0.000636164564639, 0.000403834710596, 0.000337349192705], "dvar2": [0.00410835957155, 0.00362724065781, 0.00203694030643, 0.00152721896302, 0.00088061648421, 0.000744830875192], "max": [-0.263941407204, -0.379793405533, -0.457765936852, -0.484071820974, -0.523173749447, -0.557616889477], "mean": [-0.634891867638, -0.687250137329, -0.75812959671, -0.769637048244, -0.784204721451, -0.773477077484], "median": [-0.630552887917, -0.693093776703, -0.762133002281, -0.7750852108, -0.792332410812, -0.778873682022], "min": [-0.96352493763, -0.968616485596, -0.971809089184, -0.958159685135, -0.958261489868, -0.957954883575], "var": [0.0109164323658, 0.00812206976116, 0.0050402591005, 0.00442076893523, 0.00304665230215, 0.00284394272603]}, "spectral_contrast_valleys": {"dmean": [0.380949139595, 0.337002813816, 0.306006759405, 0.279446780682, 0.267338991165, 0.282274574041], "dmean2": [0.646095275879, 0.552111446857, 0.490251421928, 0.445456832647, 0.400637686253, 0.393368750811], "dvar": [0.183043435216, 0.136137753725, 0.11080263555, 0.115879617631, 0.139777958393, 0.153505653143], "dvar2": [0.419320374727, 0.269794762135, 0.204582631588, 0.198920547962, 0.228500396013, 0.273