{"lowlevel": {"average_loudness": 0.889752626419, "barkbands_crest": {"dmean": 3.35938262939, "dmean2": 5.32313394547, "dvar": 8.70822620392, "dvar2": 20.458360672, "max": 26.4364624023, "mean": 13.1043863297, "median": 12.3026819229, "min": 2.29663038254, "var": 29.7850933075}, "barkbands_flatness_db": {"dmean": 0.033629976213, "dmean2": 0.05032909289, "dvar": 0.00103399541695, "dvar2": 0.0022268104367, "max": 0.611391603947, "mean": 0.177068769932, "median": 0.167638212442, "min": 0.0157542098314, "var": 0.00602282350883}, "barkbands_kurtosis": {"dmean": 11.1033039093, "dmean2": 17.8032283783, "dvar": 709.796691895, "dvar2": 1650.15844727, "max": 954.115539551, "mean": 15.2094945908, "median": 6.20173072815, "min": -1.94151341915, "var": 978.817382812}, "barkbands_skewness": {"dmean": 1.06876003742, "dmean2": 1.63955569267, "dvar": 1.53048801422, "dvar2": 3.32679128647, "max": 26.2404251099, "mean": 2.67228889465, "median": 2.22748637199, "min": -3.84396362305, "var": 4.74728822708}, "barkbands_spread": {"dmean": 6.89982795715, "dmean2": 10.7802257538, "dvar": 81.9283676147, "dvar2": 179.802520752, "max": 121.601928711, "mean": 17.6427497864, "median": 12.0322532654, "min": 0.0895995795727, "var": 329.512695312}, "dissonance": {"dmean": 0.0275279730558, "dmean2": 0.0452239178121, "dvar": 0.000834151927847, "dvar2": 0.00216324767098, "max": 0.500000119209, "mean": 0.451271802187, "median": 0.463581949472, "min": 0.180721223354, "var": 0.00174031720962}, "dynamic_complexity": 3.04819583893, "erbbands_crest": {"dmean": 3.43172454834, "dmean2": 5.63823843002, "dvar": 10.120800972, "dvar2": 25.1422328949, "max": 28.4159088135, "mean": 9.64133453369, "median": 8.76591491699, "min": 2.2124042511, "var": 20.1199169159}, "erbbands_flatness_db": {"dmean": 0.0242398418486, "dmean2": 0.0361855179071, "dvar": 0.000537565501872, "dvar2": 0.00109263812192, "max": 0.370155185461, "mean": 0.155223697424, "median": 0.149155646563, "min": 0.04067312181, "var": 0.00257686921395}, "erbbands_kurtosis": {"dmean": 1.79282820225, "dmean2": 2.87455391884, "dvar": 7.61944389343, "dvar2": 18.5844306946, "max": 56.402256012, "mean": 1.28410565853, "median": 0.249993562698, "min": -1.89932835102, "var": 12.3169488907}, "erbbands_skewness": {"dmean": 0.570544779301, "dmean2": 0.870547890663, "dvar": 0.318282306194, "dvar2": 0.716053664684, "max": 5.86074972153, "mean": 0.589017510414, "median": 0.554769098759, "min": -3.63781452179, "var": 0.950608432293}, "erbbands_spread": {"dmean": 14.2095966339, "dmean2": 21.6274871826, "dvar": 243.829666138, "dvar2": 514.955749512, "max": 186.749771118, "mean": 44.5651550293, "median": 38.6218986511, "min": 3.20591592789, "var": 726.589233398}, "hfc": {"dmean": 7.42566347122, "dmean2": 11.3369512558, "dvar": 62.3493385315, "dvar2": 142.438156128, "max": 100.35018158, "mean": 22.1132545471, "median": 21.8514137268, "min": 1.24310846507e-16, "var": 154.459976196}, "melbands_crest": {"dmean": 4.22320222855, "dmean2": 6.76452350616, "dvar": 13.53074646, "dvar2": 32.2677764893, "max": 38.3204307556, "mean": 18.1028728485, "median": 17.3061828613, "min": 2.25826740265, "var": 48.709903717}, "melbands_flatness_db": {"dmean": 0.0411516465247, "dmean2": 0.0608083158731, "dvar": 0.00151246285532, "dvar2": 0.00318961357698, "max": 0.785976052284, "mean": 0.259161382914, "median": 0.250139087439, "min": 0.00384949496947, "var": 0.010248856619}, "melbands_kurtosis": {"dmean": 25.954410553, "dmean2": 40.4425010681, "dvar": 2861.71337891, "dvar2": 6249.63720703, "max": 1156.80322266, "mean": 39.2839164734, "median": 15.9454689026, "min": -1.81593847275, "var": 5188.359375}, "melbands_skewness": {"dmean": 1.49277198315, "dmean2": 2.25115585327, "dvar": 2.96536540985, "dvar2": 6.15156698227, "max": 29.0997371674, "mean": 4.05101966858, "median": 3.23433160782, "min": -1.8428786993, "var": 9.78588104248}, "melbands_spread": {"dmean": 7.24541282654, "dmean2": 11.2864770889, "dvar": 141.637542725, "dvar2": 313.018157959, "max": 237.808319092, "mean": 16.3766136169, "median": 10.4239273071, "min": 0.159454882145, "var": 361.381744385}, "pitch_salience": {"dmean": 0.0957561060786, "dmean2": 0.154853731394, "dvar": 0.00792219955474, "dvar2": 0.0196557957679, "max": 0.938628673553, "mean": 0.479847431183, "median": 0.498420834541, "min": 0.0364605262876, "var": 0.0245093926787}, "silence_rate_20dB": {"dmean": 0, "dmean2": 0, "dvar": 0, "dvar2": 0, "max": 1, "mean": 1, "median": 1, "min": 1, "var": 0}, "silence_rate_30dB": {"dmean": 0.088289283216, "dmean2": 0.176594763994, "dvar": 0.0805018022656, "dvar2": 0.174750328064, "max": 1, "mean": 0.778838217258, "median": 1, "min": 0, "var": 0.172255441546}, "silence_rate_60dB": {"dmean": 0.0066079297103, "dmean2": 0.0132170720026, "dvar": 0.0065640155226, "dvar2": 0.0167133230716, "max": 1, "mean": 0.0355143621564, "median": 0, "min": 0, "var": 0.0342523157597}, "spectral_centroid": {"dmean": 345.700714111, "dmean2": 529.65814209, "dvar": 164969.15625, "dvar2": 357874.84375, "max": 10892.3886719, "mean": 1141.75927734, "median": 923.796142578, "min": 99.4987945557, "var": 586530.75}, "spectral_complexity": {"dmean": 4.68814229965, "dmean2": 6.96759986877, "dvar": 26.7793693542, "dvar2": 53.7690696716, "max": 60, "mean": 16.7869129181, "median": 15, "min": 0, "var": 102.794647217}, "spectral_decrease": {"dmean": 5.9943019437e-09, "dmean2": 9.26365828491e-09, "dvar": 5.5999386316e-17, "dvar2": 1.36920334825e-16, "max": -3.245373415e-29, "mean": -1.68238187825e-08, "median": -1.12591935775e-08, "min": -8.62430695747e-08, "var": 2.3383064487e-16}, "spectral_energy": {"dmean": 0.0230082701892, "dmean2": 0.0355584658682, "dvar": 0.000807570642792, "dvar2": 0.00197468488477, "max": 0.328060656786, "mean": 0.0655025467277, "median": 0.0449376106262, "min": 1.13978500995e-20, "var": 0.00337565690279}, "spectral_energyband_high": {"dmean": 0.000526265008375, "dmean2": 0.000806362833828, "dvar": 7.46264333884e-07, "dvar2": 1.74179854184e-06, "max": 0.0125149199739, "mean": 0.000887295696884, "median": 0.000510133686475, "min": 8.18603056562e-21, "var": 1.28842816594e-06}, "spectral_energyband_low": {"dmean": 0.0178342517465, "dmean2": 0.0271817930043, "dvar": 0.000828451593406, "dvar2": 0.00199016719125, "max": 0.315255433321, "mean": 0.0434576235712, "median": 0.0156788341701, "min": 6.64608244455e-23, "var": 0.00328870303929}, "spectral_energyband_middle_high": {"dmean": 0.00192267831881, "dmean2": 0.0028767765034, "dvar": 6.03469879934e-06, "dvar2": 1.27629227791e-05, "max": 0.0327034294605, "mean": 0.00434223096818, "median": 0.0029010316357, "min": 1.80990995436e-21, "var": 1.83715474122e-05}, "spectral_energyband_middle_low": {"dmean": 0.0112483473495, "dmean2": 0.0184206236154, "dvar": 0.000212877697777, "dvar2": 0.000553412712179, "max": 0.134116709232, "mean": 0.0198345333338, "median": 0.0158910024911, "min": 3.44719316128e-22, "var": 0.00029937166255}, "spectral_entropy": {"dmean": 0.275652050972, "dmean2": 0.412476301193, "dvar": 0.08066855371, "dvar2": 0.17388112843, "max": 9.79105949402, "mean": 7.45934867859, "median": 7.55074882507, "min": 4.70928764343, "var": 0.351018726826}, "spectral_flux": {"dmean": 0.045846696943, "dmean2": 0.0730113610625, "dvar": 0.00234081503004, "dvar2": 0.00500127021223, "max": 0.525423765182, "mean": 0.13123203814, "median": 0.118410900235, "min": 1.06760711382e-10, "var": 0.00553890969604}, "spectral_kurtosis": {"dmean": 2.24251246452, "dmean2": 3.50296616554, "dvar": 18.5965900421, "dvar2": 52.110710144, "max": 193.500640869, "mean": 5.61323213577, "median": 3.25487518311, "min": -1.23411512375, "var": 137.277709961}, "spectral_rms": {"dmean": 0.0013977792114, "dmean2": 0.00211455835961, "dvar": 2.11449309973e-06, "dvar2": 4.76417744721e-06, "max": 0.0178901981562, "mean": 0.00720011722296, "median": 0.00662129651755, "min": 3.33464440956e-12, "var": 1.20624117699e-05}, "spectral_rolloff": {"dmean": 505.173675537, "dmean2": 849.218444824, "dvar": 1142191.25, "dvar2": 2562727.5, "max": 18626.2207031, "mean": 1166.71411133, "median": 516.796875, "min": 43.06640625, "var": 4625633.5}, "spectral_skewness": {"dmean": 0.344254821539, "dmean2": 0.509780347347, "dvar": 0.138935625553, "dvar2": 0.323716551065, "max": 11.3100624084, "mean": 1.65078675747, "median": 1.443166852, "min": -0.148472175002, "var": 0.962612986565}, "spectral_spread": {"dmean": 813499.125, "dmean2": 1176798, "dvar": 1025387659260.0, "dvar2": 1897739714560.0, "max": 40766424, "mean": 5043193, "median": 4730215, "min": 445764.375, "var": 3497241346050.0}, "spectral_strongpeak": {"dmean": 0.480363249779, "dmean2": 0.805516242981, "dvar": 0.409244924784, "dvar2": 1.04835557938, "max": 8.92249584198, "mean": 0.857338964939, "median": 0.649756848812, "min": 0, "var": 0.632137537003}, "zerocrossingrate": {"dmean": 0.0118714272976, "dmean2": 0.0138025162742, "dvar": 0.000217909851926, "dvar2": 0.000258869695244, "max": 0.5078125, "mean": 0.0491539761424, "median": 0.037109375, "min": 0.00146484375, "var": 0.00236991443671}, "barkbands": {"dmean": [0.00093921716325, 0.0145341474563, 0.00646267831326, 0.00503921648487, 0.00374072371051, 0.00217857561074, 0.00266304146498, 0.00175525841769, 0.00115732336417, 0.000612157105934, 0.000555494334549, 0.00044889099081, 0.00028130292776, 0.000244354043389, 0.00026224766043, 0.000168317288626, 0.000166523721418, 0.000168128099176, 0.000195843793335, 0.000169152583112, 0.000141179480124, 0.000154747933266, 0.000122079713037, 5.99083941779e-05, 4.74657135783e-05, 1.53920700541e-05, 1.99757027985e-06], "dmean2": [0.00134586682543, 0.021150527522, 0.0111505528912, 0.00880188960582, 0.00621749926358, 0.00352994445711, 0.00436250166968, 0.00286477664486, 0.00187629985157, 0.000970749766566, 0.00090166652808, 0.000718263967428, 0.000457934482256, 0.000387426000088, 0.000421615201049, 0.000265581795247, 0.000267939787591, 0.000264745642198, 0.000310841685859, 0.000268036703346, 0.000228954813792, 0.000247115589445, 0.000188666206668, 9.34563940973e-05, 7.35479479772e-05, 2.39915170823e-05, 3.22896880789e-06], "dvar": [3.23751555698e-06, 0.000701218144968, 0.000285725225694, 0.000114926420792, 3.44972722814e-05, 1.46272905113e-05, 2.68579369731e-05, 1.32332388603e-05, 5.65430354982e-06, 2.00151202989e-06, 1.42546309689e-06, 1.14417514396e-06, 4.47776670853e-07, 3.08227043888e-07, 3.81672407457e-07, 1.45967916865e-07, 1.09080097843e-07, 1.24288362713e-07, 1.2079178191e-07, 7.79182656174e-08, 7.2526908923e-08, 9.96649589524e-08, 4.82945914371e-08, 9.59345936025e-09, 1.28832766677e-08, 2.78551448574e-09, 2.83844874688e-11], "dvar2": [7.02946999809e-06, 0.00156343798153, 0.000764304189943, 0.000315855490044, 8.87775750016e-05, 3.4684799175e-05, 6.52410381008e-05, 3.180589556e-05, 1.36408743856e-05, 4.70636132377e-06, 3.67943152924e-06, 2.86191175292e-06, 1.08091285256e-06, 7.17510488357e-07, 8.56095539348e-07, 3.46940595364e-07, 2.6343616355e-07, 2.99243083646e-07, 2.81702199345e-07, 1.78775025006e-07, 1.7798899421e-07, 2.4028869916e-07, 1.09667553261e-07, 2.2125147936e-08, 2.93126944939e-08, 7.03396585422e-09, 7.31561825007e-11], "max": [0.0402455143631, 0.311761409044, 0.159816592932, 0.116936959326, 0.0857598632574, 0.0466655381024, 0.0583701580763, 0.0475675426424, 0.0328827574849, 0.0295942984521, 0.0251803267747, 0.0233091115952, 0.0124522466213, 0.00863955076784, 0.0116197727621, 0.00905587803572, 0.00641911802813, 0.0145667633042, 0.00693662697449, 0.00739028677344, 0.00547882262617, 0.00543789891526, 0.00323757063597, 0.00207794550806, 0.00209883973002, 0.00137156236451, 0.000189116341062], "mean": [0.00204193568788, 0.0318949744105, 0.0066467304714, 0.00555106904358, 0.00470504816622, 0.00287070102058, 0.00294292508624, 0.00210068491288, 0.00139811343979, 0.000810059020296, 0.000847356044687, 0.000599687919021, 0.000345720036421, 0.000315224431688, 0.000402625941206, 0.000229283017688, 0.000242259295192, 0.000248475378612, 0.000280417123577, 0.000271065422567, 0.000189911632333, 0.000200035283342, 0.000183723692317, 9.507194045e-05, 6.44187966827e-05, 2.1880148779e-05, 3.27238285536e-06], "median": [0.000595341494773, 0.00781039567664, 0.00140051089693, 0.0016356180422, 0.0020472521428, 0.000996031565592, 0.000821463414468, 0.000540289969649, 0.000358291261364, 0.000226983131142, 0.000245543633355, 0.000120721204439, 8.37107363623e-05, 6.79864533595e-05, 9.70471519395e-05, 6.34051175439e-05, 7.66506636865e-05, 9.06076747924e-05, 0.00012058759603, 0.000133611829369, 7.55548462621e-05, 7.13265399099e-05, 8.33440863062e-05, 5.33770944458e-05, 2.70373766398e-05, 7.19005765859e-06, 5.9984768086e-07], "min": [1.53459462698e-23, 2.35819728201e-23, 3.03507007318e-23, 1.83772594718e-23, 3.80840588024e-23, 3.52286726263e-23, 7.6789973501e-23, 6.24735490882e-23, 1.03272766152e-22, 8.79355431062e-23, 7.20470198835e-23, 7.44915546784e-23, 1.68206564144e-22, 1.27113726741e-22, 2.65450533404e-22, 1.55611610932e-22, 2.59448652445e-22, 1.94976981793e-22, 3.20068359473e-22, 2.60339623506e-22, 4.54961655756e-22, 6.3930019822e-22, 6.57626408925e-22, 8.01821498619e-22, 1.41242260894e-21, 1.42758247081e-21, 2.93302069145e-21], "var": [9.50619596551e-06, 0.00254243402742, 0.000236853855313, 0.000104475177068, 4.94162704854e-05, 2.30445639318e-05, 3.06654401356e-05, 1.67678354046e-05, 7.46649629946e-06, 2.91917717732e-06, 2.24340351451e-06, 1.85232920558e-06, 5.93159768414e-07, 5.07153515628e-07, 7.15798648798e-07, 2.34208286543e-07, 1.91936777583e-07, 2.16053166469e-07, 1.98961188858e-07, 1.58873362466e-07, 9.91155175711e-08, 1.35228376053e-07, 8.33261140087e-08, 1.54563899457e-08, 1.79194614702e-08, 3.17236659164e-09, 4.63259326733e-11]}, "erbbands": {"dmean": [0.572462558746, 3.12766265869, 6.77732372284, 12.800069809, 16.0010204315, 11.3341093063, 9.75666809082, 20.6662044525, 37.9058761597, 32.3916397095, 39.5973014832, 24.7536029816, 19.80235672, 20.7769908905, 18.1027984619, 16.7886009216, 13.03054142, 11.7750768661, 12.1230583191, 10.5545301437, 9.15044498444, 9.21690940857, 8.61690425873, 9.46592140198, 9.98513031006, 7.8975944519, 6.21160507202, 5.13631868362, 5.01370859146, 5.57594490051, 3.10439324379, 1.65578627586, 0.853502511978, 0.584812045097, 0.311421632767, 0.105746991932, 0.0214013401419, 0.00278429873288, 0.000323491782183, 4.12211629737e-05], "dmean2": [0.793802857399, 4.6722574234, 11.3006105423, 22.0991420746, 27.1565685272, 18.686964035, 16.0525722504, 33.1255989075, 61.8219146729, 52.3780479431, 64.2440490723, 39.613697052, 30.9382019043, 33.2144775391, 29.1506519318, 26.6385116577, 20.9807472229, 18.3550701141, 18.9825801849, 16.4489955902, 14.3888177872, 14.68953228, 13.4283418655, 14.9906206131, 15.8031997681, 12.3609008789, 9.95227813721, 8.31447887421, 8.03919124603, 8.83407688141, 4.79794359207, 2.58254671097, 1.34028565884, 0.924337804317, 0.480636268854, 0.164459809661, 0.0334564335644, 0.0043511656113, 0.000518309883773, 6.60291843815e-05], "dvar": [1.07911920547, 35.4573020935, 275.349456787, 838.581298828, 773.80847168, 449.047454834, 353.33770752, 1588.57617188, 5463.21142578, 4665.94091797, 6366.02587891, 2831.61279297, 2175.99829102, 2074.515625, 1648.68737793, 1593.48461914, 909.522033691, 668.260803223, 687.061828613, 485.50201416, 388.839172363, 338.336669922, 319.515869141, 335.308563232, 324.560699463, 170.100479126, 122.272911072, 115.270233154, 113.619995117, 114.145233154, 30.5988559723, 7.62585687637, 2.12301278114, 1.88375914097, 0.708963692188, 0.144482940435, 0.00394137762487, 5.56003687961e-05, 6.01682700108e-07, 4.84938045275e-09], "dvar2": [2.19114279747, 80.5045623779, 723.039611816, 2267.19018555, 2045.34667969, 1112.16625977, 859.005615234, 3707.21459961, 13186.3671875, 11523.6103516, 15476.5097656, 6793.06542969, 4956.31884766, 5218.84521484, 4242.61376953, 3950.03442383, 2179.20117188, 1576.10046387, 1533.48828125, 1103.59362793, 920.290710449, 805.594665527, 767.773986816, 809.770690918, 746.636230469, 384.166320801, 288.165405273, 289.35949707, 273.599182129, 272.438110352, 68.593536377, 17.3272514343, 4.99024581909, 4.48410558701, 1.62369203568, 0.357017815113, 0.0095754051581, 0.000143726138049, 1.51149674821e-06, 1.24904930843e-08], "max": [13.9453849792, 68.9289398193, 162.135147095, 306.621368408, 303.352081299, 482.089447021, 395.68661499, 585.583862305, 800.344604492, 905.856567383, 1090.37854004, 841.436462402, 942.389099121, 793.541137695, 1019.21453857, 693.224121094, 614.171508789, 499.53729248, 676.104003906, 356.878509521, 426.523681641, 314.30178833, 565.237609863, 484.692077637, 328.809783936, 364.102264404, 246.554244995, 187.504135132, 218.499511719, 155.474990845, 83.4384994507, 62.1225852966, 32.7591362, 41.5877990723, 19.3381271362, 8.8179397583, 1.68107819557, 0.351148784161, 0.0158720556647, 0.00149190693628], "mean": [1.20937919617, 5.90494775772, 8.46686077118, 14.1620388031, 19.3510913849, 13.9793348312, 12.8895654678, 26.3553676605, 42.8945083618, 38.9371414185, 48.730304718, 31.1071834564, 27.2357501984, 31.8938903809, 27.4277267456, 23.4014186859, 17.5158462524, 15.9313774109, 18.843214035, 16.7593898773, 13.2507410049, 13.8061246872, 13.1343126297, 14.0705766678, 14.7982330322, 12.690123558, 9.11978626251, 6.65729522705, 6.51616191864, 7.47238779068, 4.80398464203, 2.6689016819, 1.2705360651, 0.788011550903, 0.408225446939, 0.141342774034, 0.0323171392083, 0.0051902839914, 0.000556626997422, 0.000105335144326], "median": [0.286538183689, 1.30562722683, 2.29811668396, 4.22952795029, 8.61769771576, 4.78536605835, 5.38937520981, 8.29295063019, 13.4579133987, 14.0910596848, 14.9093837738, 8.81428337097, 7.46403837204, 11.8666315079, 8.9753408432, 5.26516914368, 4.49192380905, 4.06879377365, 4.94065570831, 5.14818048477, 4.35730886459, 4.52637815475, 4.87620592117, 6.18411111832, 6.57112455368, 6.20807313919, 4.13489580154, 2.46649384499, 2.34300923347, 2.74332118034, 2.29143691063, 1.43632400036, 0.704375863075, 0.358671933413, 0.151041820645, 0.0466964617372, 0.0107276756316, 0.00144341995474, 0.000138793868246, 7.25798745407e-05], "min": [1.07026286246e-21, 4.30266881349e-21, 2.32894349363e-20, 5.41744429227e-20, 9.28003460219e-20, 8.53972604853e-20, 2.44122479611e-19, 3.21439671852e-19, 1.20614079569e-18, 7.8252671475e-19, 1.9642900842e-18, 2.40724220029e-18, 1.56890757417e-18, 4.04721813416e-18, 2.14901729936e-18, 4.04363396057e-18, 7.48506141004e-18, 6.88688988598e-18, 1.62251179367e-17, 5.85341332379e-18, 1.03028802908e-17, 1.43916439849e-17, 9.15006348655e-18, 1.49404138012e-17, 1.65399197168e-17, 1.38382651181e-17, 1.66229041302e-17, 1.9018033718e-17, 2.62970411287e-17, 2.20698090545e-17, 1.71766055974e-17, 1.27528105942e-17, 1.6375947704e-17, 1.28981313386e-17, 1.10054932934e-17, 4.59427775459e-18, 3.01958063991e-18, 1.70439293426e-18, 3.9475191406e-19, 3.75686370293e-20], "var": [4.39481925964, 91.7278671265, 275.124725342, 729.294372559, 842.158874512, 727.719055176, 497.463165283, 2460.83837891, 6368.00830078, 5459.28271484, 8194.28613281, 3774.10668945, 3411.24707031, 2935.51171875, 2330.8371582, 2708.13964844, 1363.10107422, 1108.33007812, 1308.58422852, 920.688659668, 627.33392334, 616.516540527, 555.058776855, 549.269775391, 557.780151367, 359.413085938, 204.358169556, 140.053283691, 150.04788208, 169.695632935, 54.4017677307, 13.0170145035, 3.04447507858, 2.33274960518, 0.95317274332, 0.169928684831, 0.00485531333834, 8.21296562208e-05, 1.09658913061e-06, 1.05277901952e-08]}, "gfcc": {"mean": [-2.99673318863, 94.5437240601, -92.2853393555, 37.7650146484, -61.1590385437, 15.3027610779, -29.7305488586, 11.805896759, -17.6997203827, 0.68094265461, -10.9678936005, -2.79808950424, -10.8004560471], "cov": [[14255.3447266, 457.184783936, -1065.95532227, 892.059204102, -611.04119873, -12.0562047958, -342.129486084, 117.430831909, -233.186218262, 78.3821105957, -94.1396789551, 22.9901180267, -148.489120483], [457.184783936, 1776.39147949, 158.775360107, -371.560394287, 119.388420105, -90.4239883423, 129.492248535, -40.705657959, 79.1053390503, -96.2037582397, 144.554611206, -155.744247437, 80.3879470825], [-1065.95532227, 158.775360107, 1156.32263184, 219.14956665, 227.581039429, 125.97870636, 99.3478469849, 64.7318954468, 84.8902130127, 33.286315918, -0.0889743641019, 97.6570281982, 20.6960334778], [892.059204102, -371.560394287, 219.14956665, 787.709777832, 141.014373779, 75.7252883911, 29.7485866547, 69.7254943848, 78.9798049927, 28.6849269867, 0.830132722855, 94.1157684326, 28.6356086731], [-611.04119873, 119.388420105, 227.581039429, 141.014373779, 520.97088623, 126.917800903, 150.251647949, 70.0715408325, 111.648475647, 62.2538070679, 48.065864563, 39.7948684692, 41.3792686462], [-12.0562047958, -90.4239883423, 125.97870636, 75.7252883911, 126.917800903, 313.005218506, 172.12789917, 32.5691566467, 28.7097473145, 29.8082618713, -1.92948102951, 19.559173584, 10.5868463516], [-342.129486084, 129.492248535, 99.3478469849, 29.7485866547, 150.251647949, 172.12789917, 373.545806885, 122.815559387, 65.6054000854, 15.7275753021, 80.4703826904, 47.3299293518, 48.847454071], [117.430831909, -40.705657959, 64.7318954468, 69.7254943848, 70.0715408325, 32.5691566467, 122.815559387, 195.08883667, 64.235244751, 27.1719379425, 37.0744056702, 41.2253227234, 26.3151874542], [-233.186218262, 79.1053390503, 84.8902130127, 78.9798049927, 111.648475647, 28.7097473145, 65.6054000854, 64.235244751, 216.654571533, 78.9666061401, 54.2993202209, 25.2032661438, 24.800907135], [78.3821105957, -96.2037582397, 33.286315918, 28.6849269867, 62.2538070679, 29.8082618713, 15.7275753021, 27.1719379425, 78.9666061401, 163.106460571, 49.4398536682, 13.1737365723, -1.11128401756], [-94.1396789551, 144.554611206, -0.0889743641019, 0.830132722855, 48.065864563, -1.92948102951, 80.4703826904, 37.0744056702, 54.2993202209, 49.4398536682, 154.363693237, 47.8651161194, 26.4923992157], [22.9901180267, -155.744247437, 97.6570281982, 94.1157684326, 39.7948684692, 19.559173584, 47.3299293518, 41.2253227234, 25.2032661438, 13.1737365723, 47.8651161194, 168.878723145, 35.7411079407], [-148.489120483, 80.3879470825, 20.6960334778, 28.6356086731, 41.3792686462, 10.5868463516, 48.847454071, 26.3151874542, 24.800907135, -1.11128401756, 26.4923992157, 35.7411079407, 106.741638184]], "icov": [[0.000169951468706, -0.000376399286324, 0.000292411190458, -0.000413242960349, 0.000265158218099, -0.000293295859592, 0.000275728205452, -0.000437696173321, 0.000414054724388, -0.000587382179219, 0.000470484257676, -0.000552100595087, 0.00044785553473], [-0.000376399286324, 0.00200022454374, -0.00100807438139, 0.00139321922325, -0.000845392642077, 0.00110976130236, -0.000946968793869, 0.00147692882456, -0.00152109388728, 0.00254999473691, -0.0025310376659, 0.00281624519266, -0.00185623590369], [0.000292411190458, -0.00100807438139, 0.00164562033024, -0.000992689747363, 0.000217937267735, -0.000840460241307, 0.000558343890589, -0.000957903743256, 0.000712119508535, -0.00137965753675, 0.00158110097982, -0.00193885574117, 0.00116968539078], [-0.000413242960349, 0.00139321922325, -0.000992689747363, 0.00271852128208, -0.000983401201665, 0.000590494018979, -0.000432241067756, 0.00088262592908, -0.00159787083976, 0.00200931285508, -0.00146315258462, 0.00129040388856, -0.00153482751921], [0.000265158218099, -0.000845392642077, 0.000217937267735, -0.000983401201665, 0.00309662800282, -0.00105389941018, -4.01388979299e-06, -0.000804072362371, 6.99259180692e-05, -0.00157424435019, 0.00090559059754, -0.00103739369661, 0.000421219563577], [-0.000293295859592, 0.00110976130236, -0.000840460241307, 0.000590494018979, -0.00105389941018, 0.00575494207442, -0.00338938110508, 0.00193783966824, -0.00064743385883, 0.000324522785377, 0.000286576832877, 0.00142176717054, -0.000721525109839], [0.000275728205452, -0.000946968793869, 0.000558343890589, -0.000432241067756, -4.01388979299e-06, -0.00338938110508, 0.00613002805039, -0.00340720335953, 0.000615014287177, 3.92238980567e-05, -0.00121176464017, -0.00124824128579, 5.31201367266e-05], [-0.000437696173321, 0.00147692882456, -0.000957903743256, 0.00088262592908, -0.000804072362371, 0.00193783966824, -0.00340720335953, 0.00863976683468, -0.00246831565164, 0.00146223162301, -0.00138871162198, 0.00130819366314, -0.00172811886296], [0.000414054724388, -0.00152109388728, 0.000712119508535, -0.00159787083976, 6.99259180692e-05, -0.00064743385883, 0.000615014287177, -0.00246831565164, 0.00804765708745, -0.00455763656646, 0.000970665190835, -0.00178504176438, 0.000815814593807], [-0.000587382179219, 0.00254999473691, -0.00137965753675, 0.00200931285508, -0.00157424435019, 0.000324522785377, 3.92238980567e-05, 0.00146223162301, -0.00455763656646, 0.0117643494159, -0.00571606028825, 0.00376905035228, -0.00147134216968], [0.000470484257676, -0.0025310376659, 0.00158110097982, -0.00146315258462, 0.00090559059754, 0.000286576832877, -0.00121176464017, -0.00138871162198, 0.000970665190835, -0.00571606028825, 0.012822587043, -0.00574095733464, 0.00161879847292], [-0.000552100595087, 0.00281624519266, -0.00193885574117, 0.00129040388856, -0.00103739369661, 0.00142176717054, -0.00124824128579, 0.00130819366314, -0.00178504176438, 0.00376905035228, -0.00574095733464, 0.0116293132305, -0.00436445465311], [0.00044785553473, -0.00185623590369, 0.00116968539078, -0.00153482751921, 0.000421219563577, -0.000721525109839, 5.31201367266e-05, -0.00172811886296, 0.000815814593807, -0.00147134216968, 0.00161879847292, -0.00436445465311, 0.0127390772104]]}, "melbands": {"dmean": [0.0043896753341, 0.00332775968127, 0.00227689021267, 0.000988511368632, 0.000338056648616, 0.000464490847662, 0.000571285723709, 0.000351921567926, 0.000322329142364, 0.000150302192196, 0.000100041143014, 8.47752889968e-05, 6.99183729012e-05, 4.93836669193e-05, 4.03651974921e-05, 2.65888702415e-05, 2.31549365708e-05, 1.97799527086e-05, 2.11369533645e-05, 1.19289852591e-05, 1.10803475764e-05, 1.06951374619e-05, 8.20595960249e-06, 8.29622422316e-06, 8.01304031484e-06, 7.65295771998e-06, 7.15152009434e-06, 5.15352849106e-06, 4.06270646636e-06, 3.91685944123e-06, 2.77460253528e-06, 2.902086635e-06, 3.15334432344e-06, 3.10628774969e-06, 1.93290111383e-06, 1.38492509905e-06, 9.24437301819e-07, 6.31874399915e-07, 5.23000096564e-07, 5.1460551731e-07], "dmean2": [0.0062372838147, 0.00518492097035, 0.00390002946369, 0.00164783385117, 0.000558291969355, 0.000747126643546, 0.000928546709474, 0.000569052412175, 0.000524100731127, 0.000240684661549, 0.000157471236889, 0.000136194808874, 0.000112650785013, 7.91722413851e-05, 6.4796753577e-05, 4.3117084715e-05, 3.67777211068e-05, 3.10804825858e-05, 3.40677761415e-05, 1.87281730177e-05, 1.78227564902e-05, 1.73251883098e-05, 1.31260449052e-05, 1.31268325276e-05, 1.28504070744e-05, 1.22925193864e-05, 1.15292505143e-05, 8.13416772871e-06, 6.4669125095e-06, 6.45682894174e-06, 4.50469906355e-06, 4.72622014058e-06, 5.03160708831e-06, 4.97505698149e-06, 3.01721684082e-06, 2.16323815039e-06, 1.46108607169e-06, 9.98654968498e-07, 8.37702202716e-07, 8.19292040433e-07], "dvar": [6.35293545201e-05, 4.58756221633e-05, 2.21258833335e-05, 2.44361945079e-06, 3.67609317209e-07, 7.10126755621e-07, 1.17463036986e-06, 5.25901270976e-07, 4.1079613311e-07, 1.04217740216e-07, 5.68003919454e-08, 3.59914835713e-08, 2.32178773985e-08, 1.53352033294e-08, 1.07644231306e-08, 4.06912104012e-09, 2.91472623815e-09, 1.93466842546e-09, 2.81063505803e-09, 7.63768215339e-10, 5.71854230635e-10, 4.84780993126e-10, 2.78404133081e-10, 3.61643048841e-10, 2.57421750582e-10, 2.02916211611e-10, 1.73144332205e-10, 7.82789943976e-11, 5.35030179882e-11, 5.81434553282e-11, 3.75363455596e-11, 4.19875800795e-11, 3.91973918601e-11, 3.65019993398e-11, 1.28615581726e-11, 5.22308585271e-12, 2.6943677324e-12, 1.23552307708e-12, 1.03139014256e-12, 1.7584827908e-12], "dvar2": [0.000136535061756, 0.000111583132821, 5.9573980252e-05, 6.32864976069e-06, 8.73104170296e-07, 1.65394510532e-06, 2.8331780868e-06, 1.28324586512e-06, 1.00480770016e-06, 2.48354893984e-07, 1.30173987145e-07, 9.02060932617e-08, 5.91029625241e-08, 3.93101409202e-08, 2.78456369074e-08, 9.81462822125e-09, 7.00685953703e-09, 4.40308456362e-09, 6.29617513681e-09, 1.80383030735e-09, 1.36936384454e-09, 1.2008464223e-09, 6.53017306895e-10, 9.08868369454e-10, 6.30162477755e-10, 4.73791450517e-10, 4.0655243061e-10, 1.76518716311e-10, 1.2337755817e-10, 1.45865514112e-10, 9.52438058976e-11, 1.03601474621e-10, 9.16237780091e-11, 8.85019002528e-11, 2.97453658926e-11, 1.16465318292e-11, 6.4070723553e-12, 2.92355853068e-12, 2.56509158532e-12, 4.19316881564e-12], "max": [0.0942495316267, 0.0733635053039, 0.0472911410034, 0.0208982545882, 0.0110630551353, 0.0114469425753, 0.012625108473, 0.00965015403926, 0.00796501990408, 0.00477169081569, 0.0049438951537, 0.00330760912038, 0.00327868084423, 0.00341009604745, 0.00216265325435, 0.00141478842124, 0.00106045184657, 0.00131300906651, 0.00103016081266, 0.000640249170829, 0.000556368031539, 0.000353955110768, 0.000408646563301, 0.000946257729083, 0.000343167164829, 0.000278427876765, 0.000305131368805, 0.000214279134525, 0.000204462179681, 0.000137531547807, 9.98484101729e-05, 0.000144631587318, 0.000107738524093, 8.64300745889e-05, 5.71460986976e-05, 3.60732701665e-05, 4.45168734586e-05, 3.10177674692e-05, 2.17200467887e-05, 4.68123325845e-05], "mean": [0.00967011135072, 0.00564398430288, 0.00265911221504, 0.00123969803099, 0.000442918011686, 0.000597060716245, 0.000653575465549, 0.000421783304773, 0.000391339330235, 0.000183743381058, 0.000132020606543, 0.000126148835989, 0.000108357708086, 6.32747614873e-05, 5.26250478288e-05, 3.29632675857e-05, 2.94588662655e-05, 2.83715817204e-05, 3.27589332301e-05, 1.64743869391e-05, 1.50217938426e-05, 1.48167400766e-05, 1.18449752335e-05, 1.17673389468e-05, 1.1274467397e-05, 1.06254310595e-05, 1.04213995655e-05, 7.92754781287e-06, 5.82432176088e-06, 4.86482622364e-06, 3.45868033946e-06, 3.56356440534e-06, 4.08416190112e-06, 4.09725817008e-06, 2.87087982542e-06, 2.12804252442e-06, 1.43071633829e-06, 9.15861448902e-07, 6.9742549158e-07, 6.57709904317e-07], "median": [0.00246527581476, 0.00147772231139, 0.000982129015028, 0.000538811145816, 0.000186528108316, 0.000193323139683, 0.000210535072256, 0.000140416654176, 0.000113039539428, 4.45902405772e-05, 3.27057423419e-05, 4.64384720544e-05, 3.25643304677e-05, 1.32955929075e-05, 1.04827522591e-05, 8.25194092613e-06, 6.58777025819e-06, 6.75296405461e-06, 7.51961761125e-06, 4.74884518553e-06, 4.551699476e-06, 4.545003776e-06, 3.83801580028e-06, 4.18046010964e-06, 4.70025406685e-06, 4.30660929851e-06, 4.63794322059e-06, 3.57427825293e-06, 2.44984221354e-06, 1.79094979558e-06, 1.1800922266e-06, 1.19776871088e-06, 1.32904813199e-06, 1.47237949477e-06, 1.29280874717e-06, 1.10042742563e-06, 7.57641259952e-07, 4.96214795476e-07, 3.70451346043e-07, 2.69612030479e-07], "min": [8.4842968544e-24, 1.03278387575e-23, 1.11475851449e-23, 6.27178380113e-24, 7.90813730392e-24, 8.39790317465e-24, 1.75311193763e-23, 8.86066081456e-24, 1.96668088159e-23, 1.30495461423e-23, 7.66689575049e-24, 1.66377280902e-23, 8.15908500192e-24, 7.78788650297e-24, 1.22555678964e-23, 1.82534824626e-23, 1.03025802202e-23, 2.60466393453e-23, 1.36194074273e-23, 5.86055731655e-24, 1.39890913133e-23, 1.56817343805e-23, 1.01617306833e-23, 9.30283944005e-24, 1.1586119233e-23, 1.36175188943e-23, 7.9580059349e-24, 9.9659653833e-24, 8.94674841629e-24, 1.13290894174e-23, 1.12984579484e-23, 1.63734439098e-23, 1.06154424552e-23, 1.32402193451e-23, 9.82288021459e-24, 8.35605962565e-24, 7.19501177876e-24, 1.14991741394e-23, 1.05909451686e-23, 1.15901668783e-23], "var": [0.000250221521128, 7.87645403761e-05, 2.03244708246e-05, 3.39888583767e-06, 5.40576877484e-07, 1.12214240744e-06, 1.37684980928e-06, 6.37894686406e-07, 5.3625643659e-07, 1.43343157788e-07, 8.73098571219e-08, 4.87276849981e-08, 3.66708619026e-08, 2.10881374585e-08, 1.64307341066e-08, 5.37585842508e-09, 4.48627757166e-09, 3.3386176046e-09, 5.31689758887e-09, 1.27035326702e-09, 8.47050984909e-10, 7.83753895117e-10, 4.77612893679e-10, 5.76324377111e-10, 3.88085230618e-10, 3.24326038248e-10, 2.8974686539e-10, 1.57859308958e-10, 9.50395595556e-11, 7.13439932132e-11, 4.39041684952e-11, 5.05134926942e-11, 5.74326870784e-11, 5.23543638997e-11, 2.14439559859e-11, 9.27195386441e-12, 4.01176964912e-12, 1.74544276602e-12, 1.15504719504e-12, 2.14843637672e-12]}, "mfcc": {"mean": [-646.597473145, 120.865959167, 24.4692153931, 26.5018177032, 1.06501471996, 4.4221329689, 1.71413934231, 7.80596876144, -1.19129693508, 8.35042572021, -1.36909198761, 0.661433875561, 2.76351618767], "cov": [[8857.88867188, -98.6494674683, -504.57723999, 547.463500977, -62.8324279785, 111.839073181, -13.716386795, 90.3542327881, -35.6251525879, 105.895927429, 35.5899543762, 59.8653755188, 65.3148498535], [-98.6494674683, 1718.65783691, 91.5118255615, -216.740783691, -6.45319461823, -103.11340332, 126.475395203, -27.6043453217, -15.7168674469, 107.521820068, -0.969296872616, 24.8644275665, -37.9605102539], [-504.57723999, 91.5118255615, 900.286499023, 211.4712677, 107.413650513, 108.004516602, 15.7475833893, 93.1399536133, 62.7475662231, -18.8705844879, 31.3048648834, -13.9109315872, 30.1252746582], [547.463500977, -216.740783691, 211.4712677, 585.195983887, 223.808349609, 76.3100280762, 6.06517219543, 104.856216431, 76.9191894531, -8.59252643585, 45.4854660034, 38.9218063354, 66.8361587524], [-62.8324279785, -6.45319461823, 107.413650513, 223.808349609, 365.922393799, 117.345680237, 3.7444922924, 31.4210224152, 57.6850662231, 23.4499607086, 44.881313324, 13.9109964371, 20.3503646851], [111.839073181, -103.11340332, 108.004516602, 76.3100280762, 117.345680237, 326.347351074, 95.9243011475, 71.6721878052, 70.0752716064, 42.2895851135, 62.3618545532, 12.8903093338, 26.147354126], [-13.716386795, 126.475395203, 15.7475833893, 6.06517219543, 3.7444922924, 95.9243011475, 282.386413574, 112.883636475, 69.1077957153, 32.2006721497, 36.3960037231, 44.000038147, 21.0473461151], [90.3542327881, -27.6043453217, 93.1399536133, 104.856216431, 31.4210224152, 71.6721878052, 112.883636475, 249.704071045, 96.7041244507, 12.229347229, 16.1226558685, 39.4100952148, 70.9001312256], [-35.6251525879, -15.7168674469, 62.7475662231, 76.9191894531, 57.6850662231, 70.0752716064, 69.1077957153, 96.7041244507, 176.635650635, 54.264213562, 37.5799331665, 20.607667923, 10.5621414185], [105.895927429, 107.521820068, -18.8705844879, -8.59252643585, 23.4499607086, 42.2895851135, 32.2006721497, 12.229347229, 54.264213562, 180.239074707, 56.1782493591, 18.9095745087, 15.232843399], [35.5899543762, -0.969296872616, 31.3048648834, 45.4854660034, 44.881313324, 62.3618545532, 36.3960037231, 16.1226558685, 37.5799331665, 56.1782493591, 147.253753662, 64.6246261597, 15.8404188156], [59.8653755188, 24.8644275665, -13.9109315872, 38.9218063354, 13.9109964371, 12.8903093338, 44.000038147, 39.4100952148, 20.607667923, 18.9095745087, 64.6246261597, 144.823776245, 60.4993019104], [65.3148498535, -37.9605102539, 30.1252746582, 66.8361587524, 20.3503646851, 26.147354126, 21.0473461151, 70.9001312256, 10.5621414185, 15.232843399, 15.8404188156, 60.4993019104, 158.693328857]], "icov": [[0.000140285177622, -3.47510213032e-05, 0.00012915742991, -0.000249982986134, 0.000167953359778, -0.000127198465634, 6.56057018205e-05, -6.39404024696e-05, 0.000119815187645, -0.000103176025732, 1.65879828273e-05, -6.0352467699e-06, 3.65749656339e-05], [-3.47510213032e-05, 0.000753351254389, -0.00024885914172, 0.000410631560953, -0.000346726301359, 0.000478156900499, -0.00051129370695, 8.42122171889e-05, 0.000183357260539, -0.000524286704604, 0.000202867930057, -0.000248248892603, 0.000177188048838], [0.00012915742991, -0.00024885914172, 0.00147342530545, -0.00067154399585, 0.000212526560063, -0.000512835744303, 0.000329654605594, -0.000372127076844, -0.000104710423329, 0.000349121459294, -0.000344428815879, 0.00050917948829, -0.000116060851724], [-0.000249982986134, 0.000410631560953, -0.00067154399585, 0.00323221436702, -0.00183697917964, 0.000630455091596, -1.05918770714e-05, -0.000502140785102, -0.000565913622268, 0.00044948598952, -0.000298104161629, -0.000253743113717, -0.000554251659196], [0.000167953359778, -0.000346726301359, 0.000212526560063, -0.00183697917964, 0.004366859328, -0.00147488084622, 0.000637331570033, 0.000356560514774, -0.000478926376672, -8.74376783031e-05, -0.000331941788318, 0.000135412614327, 4.22281264036e-05], [-0.000127198465634, 0.000478156900499, -0.000512835744303, 0.000630455091596, -0.00147488084622, 0.00467639742419, -0.00147621217184, -0.000202613795409, -0.000446317601018, -0.000388775806641, -0.00125236506574, 0.00082976865815, -0.000420814321842], [6.56057018205e-05, -0.00051129370695, 0.000329654605594, -1.05918770714e-05, 0.000637331570033, -0.00147621217184, 0.00534435501322, -0.00202260608785, -0.000640601385385, 7.27582882973e-05, -0.000264732690994, -0.000947154767346, 0.000572072691284], [-6.39404024696e-05, 8.42122171889e-05, -0.000372127076844, -0.000502140785102, 0.000356560514774, -0.000202613795409, -0.00202260608785, 0.00713028060272, -0.00301448674873, 0.000687481078785, 0.000818870437797, -0.00022905303922, -0.0024608951062], [0.000119815187645, 0.000183357260539, -0.000104710423329, -0.000565913622268, -0.000478926376672, -0.000446317601018, -0.000640601385385, -0.00301448674873, 0.008988824673, -0.00240945001133, -0.00043183696107, -0.000279331608908, 0.00160208845045], [-0.000103176025732, -0.000524286704604, 0.000349121459294, 0.00044948598952, -8.74376783031e-05, -0.000388775806641, 7.27582882973e-05, 0.000687481078785, -0.00240945001133, 0.00757941929623, -0.00264514517039, 0.000929797359277, -0.00123767415062], [1.65879828273e-05, 0.000202867930057, -0.000344428815879, -0.000298104161629, -0.000331941788318, -0.00125236506574, -0.000264732690994, 0.000818870437797, -0.00043183696107, -0.00264514517039, 0.0106838047504, -0.00486461818218, 0.00122158264276], [-6.0352467699e-06, -0.000248248892603, 0.00050917948829, -0.000253743113717, 0.000135412614327, 0.00082976865815, -0.000947154767346, -0.00022905303922, -0.000279331608908, 0.000929797359277, -0.00486461818218, 0.0109840994701, -0.00374541408382], [3.65749656339e-05, 0.000177188048838, -0.000116060851724, -0.000554251659196, 4.22281264036e-05, -0.000420814321842, 0.000572072691284, -0.0024608951062, 0.00160208845045, -0.00123767415062, 0.00122158264276, -0.00374541408382, 0.00898988638073]]}, "spectral_contrast_coeffs": {"dmean": [0.0634685084224, 0.0647487342358, 0.0459616966546, 0.0357622206211, 0.0268752668053, 0.0242905225605], "dmean2": [0.102080248296, 0.102764226496, 0.0728369429708, 0.0573284998536, 0.0423317663372, 0.036978520453], "dvar": [0.00282644270919, 0.00295901042409, 0.0014883116819, 0.000962531485129, 0.000577569473535, 0.000490924576297], "dvar2": [0.00688947970048, 0.00685341982171, 0.00346459867433, 0.00227872654796, 0.00132855738048, 0.00111289159395], "max": [-0.188811779022, -0.372018992901, -0.472837299109, -0.540118038654, -0.543474197388, -0.592570066452], "mean": [-0.629643857479, -0.703321874142, -0.766700387001, -0.793742537498, -0.799135625362, -0.7758923769], "median": [-0.638456761837, -0.706482231617, -0.778029799461, -0.802817821503, -0.803799927235, -0.773856520653], "min": [-0.973708629608, -0.989444315434, -0.955719709396, -0.974904835224, -0.956708729267, -0.958235025406], "var": [0.0126007786021, 0.00904144626111, 0.00607625860721, 0.00342371291481, 0.00192101777066, 0.00223563774489]}, "spectral_contrast_valleys": {"dmean": [0.429283946753, 0.469959110022, 0.427550315857, 0.389099746943, 0.387978434563, 0.382339179516], "dmean2": [0.691493749619, 0.75817155838, 0.661849498749, 0.586041092873, 0.559704363346, 0.54197460413], "dvar": [0.148917138577, 0.167705669999, 0.153244584799, 0.157434597611, 0.170472368598, 0.168772533536], "dvar2": [0.339939534664, 0.402944892645, 0.330321103334, 0.322157740593, 0.338174253702, 0.341591894627], "max": [-4.80933666229, -4.71728181839, -4.96986293793, -5.73333406448, -5.68001937866, -8.00504112244], "mean": [-7.052457809