{"lowlevel": {"average_loudness": 0.968310654163, "barkbands_crest": {"dmean": 2.58945441246, "dmean2": 4.30468654633, "dvar": 5.81830024719, "dvar2": 16.1304912567, "max": 23.6703414917, "mean": 8.69917869568, "median": 7.90090465546, "min": 2.31560397148, "var": 11.7762594223}, "barkbands_flatness_db": {"dmean": 0.018557112664, "dmean2": 0.0287221223116, "dvar": 0.000263701862423, "dvar2": 0.000650596572086, "max": 0.296420782804, "mean": 0.0984607860446, "median": 0.0962489247322, "min": 0.0206277053803, "var": 0.000963845464867}, "barkbands_kurtosis": {"dmean": 2.17597436905, "dmean2": 3.51273775101, "dvar": 7.48995161057, "dvar2": 19.1962585449, "max": 35.2190628052, "mean": 3.36390757561, "median": 2.18198776245, "min": -1.86154723167, "var": 17.7373924255}, "barkbands_skewness": {"dmean": 0.474981933832, "dmean2": 0.748659729958, "dvar": 0.215670034289, "dvar2": 0.516778945923, "max": 5.7739443779, "mean": 1.55106461048, "median": 1.50439977646, "min": -2.67157697678, "var": 0.829971551895}, "barkbands_spread": {"dmean": 6.02389669418, "dmean2": 9.29539775848, "dvar": 45.6162109375, "dvar2": 101.859169006, "max": 98.9150238037, "mean": 24.7608203888, "median": 22.5084648132, "min": 3.56767296791, "var": 151.067077637}, "dissonance": {"dmean": 0.0170554760844, "dmean2": 0.0287081543356, "dvar": 0.000274475285551, "dvar2": 0.000727599894162, "max": 0.500000178814, "mean": 0.466312646866, "median": 0.471334695816, "min": 0.287278532982, "var": 0.000529957993422}, "dynamic_complexity": 2.14134454727, "erbbands_crest": {"dmean": 2.54527020454, "dmean2": 4.02753210068, "dvar": 6.5229473114, "dvar2": 14.9692697525, "max": 30.6748123169, "mean": 9.3354473114, "median": 8.09758281708, "min": 2.40589570999, "var": 22.2888069153}, "erbbands_flatness_db": {"dmean": 0.0182915106416, "dmean2": 0.0240736547858, "dvar": 0.000268785574008, "dvar2": 0.000506416079588, "max": 0.3134573102, "mean": 0.119790002704, "median": 0.114531412721, "min": 0.032393462956, "var": 0.00150491797831}, "erbbands_kurtosis": {"dmean": 0.716045260429, "dmean2": 1.11535215378, "dvar": 0.883338868618, "dvar2": 2.02934813499, "max": 19.4280948639, "mean": 0.304621309042, "median": -0.180125951767, "min": -1.7065384388, "var": 2.81888222694}, "erbbands_skewness": {"dmean": 0.304723143578, "dmean2": 0.470601558685, "dvar": 0.0816934406757, "dvar2": 0.186603024602, "max": 4.15184211731, "mean": 0.462055593729, "median": 0.48803550005, "min": -2.68086099625, "var": 0.442610621452}, "erbbands_spread": {"dmean": 8.3817987442, "dmean2": 12.0974817276, "dvar": 71.8157653809, "dvar2": 140.783966064, "max": 122.66733551, "mean": 43.1687393188, "median": 40.2874221802, "min": 6.87326717377, "var": 349.931121826}, "hfc": {"dmean": 8.61116313934, "dmean2": 12.5549097061, "dvar": 119.328582764, "dvar2": 260.401275635, "max": 231.075866699, "mean": 29.7481784821, "median": 26.6953048706, "min": 1.19786367079e-16, "var": 340.508331299}, "melbands_crest": {"dmean": 3.39957785606, "dmean2": 5.77240848541, "dvar": 9.95120716095, "dvar2": 26.6012172699, "max": 31.2595119476, "mean": 12.2349100113, "median": 11.2131586075, "min": 2.3125474453, "var": 20.2499084473}, "melbands_flatness_db": {"dmean": 0.0227304082364, "dmean2": 0.0351593457162, "dvar": 0.000438227580162, "dvar2": 0.000995628652163, "max": 0.346646398306, "mean": 0.175544038415, "median": 0.1735214293, "min": 0.00550998141989, "var": 0.00194275809918}, "melbands_kurtosis": {"dmean": 5.53191709518, "dmean2": 8.91780471802, "dvar": 71.5839996338, "dvar2": 178.85597229, "max": 220.638763428, "mean": 11.1998796463, "median": 8.23077201843, "min": -1.72086155415, "var": 136.618759155}, "melbands_skewness": {"dmean": 0.666960179806, "dmean2": 1.04773211479, "dvar": 0.504195094109, "dvar2": 1.18103599548, "max": 12.6292715073, "mean": 2.51250052452, "median": 2.41623163223, "min": -1.3809748888, "var": 1.58731615543}, "melbands_spread": {"dmean": 6.23498392105, "dmean2": 9.95430088043, "dvar": 61.7260742188, "dvar2": 135.382217407, "max": 180.264511108, "mean": 23.3707084656, "median": 20.5022583008, "min": 2.56312203407, "var": 232.442932129}, "pitch_salience": {"dmean": 0.0713023468852, "dmean2": 0.116449587047, "dvar": 0.00423169787973, "dvar2": 0.0106206964701, "max": 0.922723710537, "mean": 0.582014679909, "median": 0.589772462845, "min": 0.187163725495, "var": 0.0111890407279}, "silence_rate_20dB": {"dmean": 0, "dmean2": 0, "dvar": 0, "dvar2": 0, "max": 1, "mean": 1, "median": 1, "min": 1, "var": 0}, "silence_rate_30dB": {"dmean": 0.00200125086121, "dmean2": 0.00400300230831, "dvar": 0.00199708528817, "dvar2": 0.00573764648288, "max": 1, "mean": 0.998874425888, "median": 1, "min": 0, "var": 0.00112428702414}, "silence_rate_60dB": {"dmean": 0.000750469043851, "dmean2": 0.00150112586562, "dvar": 0.000749819737393, "dvar2": 0.00174871576019, "max": 1, "mean": 0.020635318011, "median": 0, "min": 0, "var": 0.0202090051025}, "spectral_centroid": {"dmean": 219.630615234, "dmean2": 343.818786621, "dvar": 61072.6835938, "dvar2": 126776.273438, "max": 10876.9550781, "mean": 1282.78723145, "median": 1205.49938965, "min": 315.509979248, "var": 274764.4375}, "spectral_complexity": {"dmean": 3.83389616013, "dmean2": 6.00025033951, "dvar": 15.8490791321, "dvar2": 37.0116615295, "max": 49, "mean": 21.5697841644, "median": 21, "min": 0, "var": 49.1958656311}, "spectral_decrease": {"dmean": 3.47728068562e-09, "dmean2": 5.85707349288e-09, "dvar": 2.19944926054e-17, "dvar2": 5.92348271814e-17, "max": -8.7612172155e-29, "mean": -9.1568894689e-09, "median": -8.03660427096e-09, "min": -5.22882963594e-08, "var": 3.0429731422e-17}, "spectral_energy": {"dmean": 0.0136220380664, "dmean2": 0.0228211637586, "dvar": 0.00032971840119, "dvar2": 0.000884885841515, "max": 0.200734749436, "mean": 0.0372584909201, "median": 0.0329454913735, "min": 1.11956407905e-20, "var": 0.000469070888357}, "spectral_energyband_high": {"dmean": 0.000598901358899, "dmean2": 0.000807608477771, "dvar": 1.03656077499e-06, "dvar2": 2.03661124942e-06, "max": 0.0288889240474, "mean": 0.00137717509642, "median": 0.000878165999893, "min": 8.16576302503e-21, "var": 2.93382754535e-06}, "spectral_energyband_low": {"dmean": 0.00797268655151, "dmean2": 0.0136778783053, "dvar": 0.000235238156165, "dvar2": 0.000629778834991, "max": 0.157561838627, "mean": 0.0121744256467, "median": 0.00712520163506, "min": 1.21478331626e-22, "var": 0.000262624846073}, "spectral_energyband_middle_high": {"dmean": 0.00221730303019, "dmean2": 0.0034083542414, "dvar": 9.77245144895e-06, "dvar2": 2.12200902752e-05, "max": 0.0572732314467, "mean": 0.00699170073494, "median": 0.00523250736296, "min": 1.77951530776e-21, "var": 4.02681653213e-05}, "spectral_energyband_middle_low": {"dmean": 0.00713444920257, "dmean2": 0.011680405587, "dvar": 0.000105412706034, "dvar2": 0.000282397610135, "max": 0.101704612374, "mean": 0.0186197794974, "median": 0.0158477313817, "min": 3.54427152024e-22, "var": 0.000149799117935}, "spectral_entropy": {"dmean": 0.162137076259, "dmean2": 0.22053347528, "dvar": 0.0223838742822, "dvar2": 0.0437058284879, "max": 9.80235958099, "mean": 7.6694021225, "median": 7.69106197357, "min": 5.36312627792, "var": 0.121635980904}, "spectral_flux": {"dmean": 0.0319788306952, "dmean2": 0.0495446659625, "dvar": 0.00125996524002, "dvar2": 0.0026516795624, "max": 0.346064925194, "mean": 0.100627459586, "median": 0.0887452885509, "min": 1.05809458417e-10, "var": 0.00277704140171}, "spectral_kurtosis": {"dmean": 0.969755232334, "dmean2": 1.47842156887, "dvar": 1.00890624523, "dvar2": 2.4124519825, "max": 15.7277584076, "mean": 4.12677383423, "median": 3.9003674984, "min": -1.21112525463, "var": 3.69803023338}, "spectral_rms": {"dmean": 0.00101040152367, "dmean2": 0.00164669461083, "dvar": 1.33440050831e-06, "dvar2": 3.43630972566e-06, "max": 0.0139942411333, "mean": 0.00576956663281, "median": 0.0056693861261, "min": 3.30493228271e-12, "var": 3.06191645905e-06}, "spectral_rolloff": {"dmean": 510.802154541, "dmean2": 859.881347656, "dvar": 895011.3125, "dvar2": 1980316.5, "max": 18733.8867188, "mean": 1471.40625, "median": 1033.59375, "min": 86.1328125, "var": 2002867}, "spectral_skewness": {"dmean": 0.163171678782, "dmean2": 0.243917763233, "dvar": 0.024591371417, "dvar2": 0.0538985133171, "max": 3.190751791, "mean": 1.60340499878, "median": 1.61797046661, "min": 0.0499602220953, "var": 0.12127289176}, "spectral_spread": {"dmean": 704883.5, "dmean2": 903588.5, "dvar": 580765286400, "dvar2": 946355109888, "max": 40612904, "mean": 5668880.5, "median": 5566318, "min": 1931191.375, "var": 2528519127040.0}, "spectral_strongpeak": {"dmean": 0.700988769531, "dmean2": 1.19973731041, "dvar": 1.25954842567, "dvar2": 3.02390146255, "max": 15.4214391708, "mean": 1.23459124565, "median": 0.589573800564, "min": 0, "var": 2.41799521446}, "zerocrossingrate": {"dmean": 0.0125624779612, "dmean2": 0.0141767701134, "dvar": 0.000176369780093, "dvar2": 0.00020593557565, "max": 0.4951171875, "mean": 0.074285492301, "median": 0.06591796875, "min": 0.01513671875, "var": 0.00123660126701}, "barkbands": {"dmean": [0.000175248147571, 0.00510830199346, 0.0032866790425, 0.00165822857525, 0.00373080698773, 0.00146164977923, 0.00120584201068, 0.0018273104215, 0.000773380510509, 0.000848891562782, 0.000716512149666, 0.000389778113458, 0.000379210629035, 0.000448449485702, 0.000259835331235, 0.000182829578989, 0.000288143055514, 0.000260507193161, 0.000137280323543, 0.00011145650933, 0.000112062589324, 0.000135601032525, 0.000105114333564, 0.000123271238408, 7.40293326089e-05, 6.63673636154e-05, 7.73388746893e-05], "dmean2": [0.000279850995867, 0.00896583404392, 0.00581000978127, 0.00276756333187, 0.00635289307684, 0.00241568987258, 0.00197144947015, 0.00288235768676, 0.00121774047147, 0.00128351687454, 0.00112061738037, 0.000618757680058, 0.000604201923124, 0.00071128871059, 0.000408799300203, 0.000290175870759, 0.000452688196674, 0.000421982113039, 0.00022320804419, 0.000183893353096, 0.000180053742952, 0.000197715504328, 0.000148925901158, 0.000180798495421, 0.000105043480289, 9.210324788e-05, 0.00011218333384], "dvar": [8.63664340045e-08, 9.74789727479e-05, 6.4183230279e-05, 4.41771544502e-06, 3.60690391972e-05, 4.76161949337e-06, 8.2385213318e-06, 1.51629237735e-05, 3.12725205731e-06, 3.14490716846e-06, 3.72662088921e-06, 6.66681330586e-07, 7.47835940729e-07, 1.07836785901e-06, 4.65400546545e-07, 1.97475742425e-07, 3.29928127485e-07, 2.28798228363e-07, 6.02224901058e-08, 2.90647399481e-08, 3.77267355134e-08, 3.7674414699e-08, 7.08709109176e-08, 1.9669970186e-07, 3.44642785421e-08, 9.05298680465e-09, 1.6294531946e-08], "dvar2": [2.13990830389e-07, 0.000271336815786, 0.000179225564352, 1.21652565213e-05, 0.000100453784398, 1.22947139971e-05, 2.10571415664e-05, 3.65764462913e-05, 7.51590869186e-06, 6.62808452034e-06, 8.13679162093e-06, 1.60234424129e-06, 1.67618793512e-06, 2.64473669631e-06, 1.11087695132e-06, 4.62297236936e-07, 7.14752786735e-07, 5.1863992212e-07, 1.48496695829e-07, 7.566692517e-08, 9.30508221586e-08, 8.10376121763e-08, 1.36849536148e-07, 4.04077752592e-07, 7.72677140048e-08, 2.11029771435e-08, 3.87524679013e-08], "max": [0.00356412143447, 0.12287209928, 0.0681396201253, 0.0265158675611, 0.0662338733673, 0.0356644466519, 0.0595540590584, 0.058286126703, 0.0333657450974, 0.0319435223937, 0.0476031452417, 0.0209323428571, 0.0195223037153, 0.0291077159345, 0.0169384367764, 0.0104992790148, 0.0157229825854, 0.0163195040077, 0.00529641890898, 0.00313990213908, 0.00369829195552, 0.00581208849326, 0.0109707228839, 0.011959371157, 0.00760712241754, 0.00131299044006, 0.00144661962986], "mean": [0.000256143393926, 0.00682936841622, 0.00345082278363, 0.00268480903469, 0.0059840483591, 0.00292574288324, 0.00201066490263, 0.00309961428866, 0.0013844280038, 0.00171282142401, 0.00128786789719, 0.000736910034902, 0.00055368244648, 0.000734030210879, 0.00041741685709, 0.000308450398734, 0.000594059354626, 0.000500349793583, 0.000281178799924, 0.000230151679716, 0.000225223018788, 0.000273974757874, 0.000199826608878, 0.000222283764742, 0.000146219550516, 0.00011202616588, 9.63292259257e-05], "median": [5.86627793382e-05, 0.00303923874162, 0.00169026944786, 0.00198584329337, 0.00436962768435, 0.00209078704938, 0.000907070527319, 0.00106668192893, 0.000525340437889, 0.000648739631288, 0.000390231318306, 0.000318771868479, 0.000193304731511, 0.000320888473652, 0.000182436109753, 0.000146946375025, 0.00024490992655, 0.000301456428133, 0.000182676449185, 0.000150533422129, 0.000139090392622, 0.000163005286595, 0.000102857797174, 9.7164651379e-05, 7.97188549768e-05, 5.82908614888e-05, 2.63149340753e-05], "min": [1.15677758503e-23, 1.09030193316e-23, 8.72665448824e-23, 2.316895996e-23, 6.8782195965e-23, 6.76977646558e-23, 3.88339468235e-23, 8.89123927206e-23, 5.59912265945e-23, 3.9466808907e-23, 1.07160935336e-22, 1.10301914404e-22, 1.08077187811e-22, 1.25996926891e-22, 1.26953518557e-22, 2.12883720444e-22, 1.91220224213e-22, 1.86585470758e-22, 3.78603883368e-22, 4.55417352302e-22, 5.2309465075e-22, 4.75758200163e-22, 5.62693196273e-22, 1.01718496861e-21, 1.00949931769e-21, 2.13248151463e-21, 2.30776039981e-21], "var": [1.56562904863e-07, 0.000114912400022, 4.40715557488e-05, 6.58159342493e-06, 3.61927050108e-05, 8.8000906544e-06, 1.52097754835e-05, 3.10620634991e-05, 5.44768636246e-06, 9.81229823083e-06, 1.1174399333e-05, 1.66769075349e-06, 1.28909664454e-06, 2.05441074286e-06, 7.15832470632e-07, 3.20081596783e-07, 1.21178197787e-06, 5.58689578156e-07, 1.17412881195e-07, 6.20285405262e-08, 7.05183396121e-08, 9.87630812688e-08, 1.38302809205e-07, 3.86989881918e-07, 7.30254967607e-08, 1.90939051237e-08, 2.25413963051e-08]}, "erbbands": {"dmean": [0.133882835507, 1.28870153427, 3.76113009453, 4.47279071808, 7.94788742065, 14.9462089539, 15.9007110596, 10.4047937393, 18.7352199554, 18.4639186859, 42.3304748535, 19.4081611633, 18.1103363037, 29.7174015045, 23.3076210022, 15.0354223251, 14.4217281342, 25.2464160919, 12.493938446, 12.0027360916, 9.34193992615, 13.2033939362, 15.0178985596, 8.05119895935, 7.4382724762, 5.1511297226, 4.93190813065, 3.83734560013, 4.36334133148, 4.52292394638, 3.01634097099, 2.76713085175, 1.89264202118, 1.02679800987, 0.469516932964, 0.262368440628, 0.127798810601, 0.0473787896335, 0.0144081125036, 0.000868665229063], "dmean2": [0.22086673975, 2.28856658936, 6.6410484314, 7.42683315277, 13.1491127014, 25.7256813049, 26.6711425781, 17.2622585297, 30.3087120056, 29.839553833, 66.4832000732, 30.4623374939, 28.3361663818, 43.6998329163, 36.0291671753, 23.7552776337, 22.9016399384, 39.5218925476, 19.2388725281, 19.3104858398, 14.7480611801, 20.8921356201, 24.0672130585, 12.8593101501, 12.1422214508, 8.522108078, 8.0384645462, 5.99738168716, 6.40209388733, 6.64215898514, 4.286195755, 4.07073259354, 2.76491355896, 1.4842133522, 0.673889160156, 0.374039679766, 0.1777574718, 0.0681384727359, 0.0211310051382, 0.00124403159134], "dvar": [0.0583372078836, 6.93544864655, 88.8807754517, 36.0469474792, 117.565185547, 737.500915527, 694.655029297, 283.955627441, 1805.81518555, 1707.39550781, 8113.47265625, 2060.68261719, 1305.19641113, 4934.953125, 3163.3190918, 885.826049805, 844.916870117, 3163.66430664, 610.051574707, 1257.51647949, 476.068145752, 708.185424805, 624.128051758, 240.174331665, 145.665786743, 54.055141449, 92.5432739258, 34.4120025635, 43.8453140259, 53.8745765686, 72.7934341431, 105.667770386, 39.9044532776, 7.45545434952, 1.21064627171, 0.154026106, 0.03555040434, 0.00516440160573, 0.000588982598856, 2.13147836803e-06], "dvar2": [0.161705181003, 19.6099967957, 248.753417969, 95.3512268066, 315.750152588, 2082.78027344, 1819.91320801, 739.879577637, 4518.01416016, 3945.72607422, 19764.4414062, 4977.93505859, 3003.69726562, 9594.85351562, 6793.24658203, 2104.28271484, 1942.11462402, 7525.47705078, 1345.06994629, 2981.34765625, 1082.03430176, 1544.91394043, 1455.79870605, 557.950927734, 378.40145874, 141.742324829, 237.459533691, 79.0397872925, 95.1175231934, 117.207115173, 141.585357666, 222.582015991, 79.9751586914, 16.4063892365, 2.8086810112, 0.367213308811, 0.0832111164927, 0.0123280314729, 0.00141641998198, 4.93562311021e-06], "max": [2.58879470825, 31.3800792694, 82.2674789429, 65.823890686, 118.457481384, 297.106781006, 389.494262695, 334.4324646, 902.582824707, 753.408081055, 1339.6652832, 968.029663086, 1086.71069336, 1488.70117188, 1898.32116699, 649.997619629, 638.691894531, 1627.04431152, 479.088409424, 1367.34594727, 520.456665039, 779.428039551, 609.431152344, 403.175201416, 219.164169312, 132.470581055, 205.152633667, 163.64352417, 191.142471313, 243.04057312, 332.912384033, 308.507537842, 140.924407959, 105.240234375, 39.6125907898, 7.77992630005, 2.28184771538, 0.976468801498, 0.254945099354, 0.0177791453898], "mean": [0.191126823425, 1.53633379936, 3.97660303116, 7.47200679779, 12.6287403107, 21.0366916656, 27.1265926361, 19.7711296082, 32.8050384521, 30.8910923004, 74.4228134155, 37.8809318542, 38.9210205078, 59.3524513245, 48.2808456421, 30.8553657532, 24.2077274323, 44.1516685486, 23.2496776581, 20.4228801727, 18.1518726349, 27.5593662262, 31.4892158508, 17.6185283661, 14.6300001144, 10.9491977692, 10.1026067734, 7.87924909592, 8.62642860413, 8.67667579651, 5.72930669785, 4.8746714592, 3.36400008202, 1.94214069843, 0.900655388832, 0.466081559658, 0.206584185362, 0.0663307607174, 0.0176235735416, 0.00111380871385], "median": [0.0680368989706, 0.697991013527, 1.78110957146, 5.56780433655, 9.36562728882, 13.3261480331, 15.7132883072, 13.2353620529, 16.94789505, 13.1664772034, 27.1847038269, 17.4393615723, 19.1856441498, 21.9861831665, 20.5135707855, 14.8144378662, 10.4768791199, 19.958366394, 10.9342422485, 9.68350982666, 10.0089426041, 12.8542079926, 19.0500717163, 11.4543323517, 10.0857181549, 7.57882785797, 6.40279626846, 4.54140472412, 5.04171228409, 4.85606384277, 3.02134275436, 2.15275096893, 1.50174999237, 0.962430357933, 0.514753103256, 0.272428840399, 0.0976731181145, 0.0266521647573, 0.00473398761824, 0.000287967443001], "min": [4.4981626317e-22, 3.89209965515e-21, 7.40822762732e-20, 1.0837014051e-19, 1.07551974873e-19, 2.49811000683e-19, 3.77128055628e-19, 7.17471906404e-19, 3.65644229636e-19, 1.25136648209e-18, 1.94782422692e-18, 1.21541349036e-18, 1.26430048494e-18, 2.43228199141e-18, 3.94728851231e-18, 4.61088009666e-18, 5.81438115222e-18, 6.23074995817e-18, 5.19659676224e-18, 6.83271658689e-18, 1.40748999847e-17, 1.23113715983e-17, 1.09717178546e-17, 1.80166174356e-17, 1.62934711795e-17, 2.02945024434e-17, 1.80958993886e-17, 2.54380686565e-17, 1.69746924642e-17, 1.58634166703e-17, 1.30047987601e-17, 1.56188524504e-17, 2.16495930316e-17, 1.14073425981e-17, 7.53548054992e-18, 8.15626388321e-18, 4.34689822546e-18, 1.17640758178e-18, 3.43708071875e-19, 3.47394337652e-20], "var": [0.0899242609739, 6.72357654572, 62.6226425171, 48.7635993958, 148.228317261, 660.997497559, 1087.6472168, 538.357116699, 3337.90112305, 3684.55151367, 17078.3125, 3640.39868164, 3668.93115234, 14980.3037109, 10937.8554688, 2493.05322266, 1704.52893066, 6522.32958984, 1584.20361328, 1689.13208008, 864.490905762, 2166.18505859, 1571.16650391, 553.877868652, 249.694717407, 113.379692078, 150.861190796, 84.8150405884, 110.119522095, 118.328895569, 135.12310791, 184.781600952, 85.2396011353, 15.9321517944, 2.41539168358, 0.356784701347, 0.0683271884918, 0.00812470074743, 0.000779804773629, 3.04441550725e-06]}, "gfcc": {"mean": [52.133605957, 70.325340271, -93.241645813, 19.3370666504, -53.2361717224, 5.57763147354, -31.8945465088, 5.03029680252, -22.957654953, -2.18499660492, -15.2347431183, 1.77375566959, -13.4496440887], "cov": [[6741.19970703, -218.731658936, 666.433349609, -409.591949463, -211.55809021, 181.159164429, -30.1586532593, -16.790681839, -5.31654882431, -53.104801178, -83.4645080566, 75.6040496826, -23.3660621643], [-218.731658936, 830.770446777, -256.654632568, 76.1098022461, 82.9712295532, 33.0944595337, 25.9656333923, 72.118637085, -26.0461406708, -18.8775997162, 45.3534545898, -13.9807443619, 18.54545784], [666.433349609, -256.654632568, 652.350036621, -55.8736495972, 66.06690979, 37.51902771, 34.6972351074, -34.1318435669, 41.3195266724, 7.09702444077, -30.4333553314, 36.3834648132, 1.09456288815], [-409.591949463, 76.1098022461, -55.8736495972, 277.473602295, 23.1893215179, 40.3522415161, 5.9500336647, 27.8069934845, 2.84231567383, 11.8495836258, 20.0025558472, -1.98515880108, 26.1028404236], [-211.55809021, 82.9712295532, 66.06690979, 23.1893215179, 242.478363037, 12.729801178, 66.6290054321, 24.5325088501, 24.877954483, -2.488489151, 13.0617837906, 25.894903183, 3.85667109489], [181.159164429, 33.0944595337, 37.51902771, 40.3522415161, 12.729801178, 161.821014404, 58.3793296814, 17.1815605164, -18.0994739532, 5.06650447845, 9.95372867584, -2.87601804733, 14.4308710098], [-30.1586532593, 25.9656333923, 34.6972351074, 5.9500336647, 66.6290054321, 58.3793296814, 144.512817383, 30.6497249603, -12.1325292587, 3.25021123886, 9.55734443665, 2.95577096939, -0.231582179666], [-16.790681839, 72.118637085, -34.1318435669, 27.8069934845, 24.5325088501, 17.1815605164, 30.6497249603, 98.3083496094, 33.5432434082, 0.0907098725438, 6.22882270813, -0.220303654671, 1.59127986431], [-5.31654882431, -26.0461406708, 41.3195266724, 2.84231567383, 24.877954483, -18.0994739532, -12.1325292587, 33.5432434082, 101.467979431, 28.376789093, -11.57929039, -9.05008983612, -7.97439575195], [-53.104801178, -18.8775997162, 7.09702444077, 11.8495836258, -2.488489151, 5.06650447845, 3.25021123886, 0.0907098725438, 28.376789093, 69.7445297241, 20.6614551544, -8.81860923767, -9.87618732452], [-83.4645080566, 45.3534545898, -30.4333553314, 20.0025558472, 13.0617837906, 9.95372867584, 9.55734443665, 6.22882270813, -11.57929039, 20.6614551544, 67.3882446289, 21.6398620605, -0.166531994939], [75.6040496826, -13.9807443619, 36.3834648132, -1.98515880108, 25.894903183, -2.87601804733, 2.95577096939, -0.220303654671, -9.05008983612, -8.81860923767, 21.6398620605, 62.5914382935, 24.515712738], [-23.3660621643, 18.54545784, 1.09456288815, 26.1028404236, 3.85667109489, 14.4308710098, -0.231582179666, 1.59127986431, -7.97439575195, -9.87618732452, -0.166531994939, 24.515712738, 57.7830886841]], "icov": [[0.000210313519347, -6.29845671938e-05, -0.000199088288355, 0.000278691935819, 0.000259748514509, -0.000349092035322, 0.000132028144435, -0.000131205655634, -3.3994340356e-06, 4.87755678478e-05, 0.000257075182162, -0.000458110822365, 0.00026009636349], [-6.29845671938e-05, 0.00167044566479, 0.000576145248488, -0.000118322786875, -0.000855097197928, -9.63059355854e-05, 0.000264270405751, -0.000934384588618, 0.000498016655911, 0.000529225217178, -0.00117988430429, 0.00131758046336, -0.000814374478068], [-0.000199088288355, 0.000576145248488, 0.00233232812025, -1.53177097673e-05, -0.000759221438784, -0.000520253670402, -0.000501331523992, 0.00111143582035, -0.00110577314626, -0.000128837884404, 0.000856978760567, -0.00121798668988, 0.000189908008906], [0.000278691935819, -0.000118322786875, -1.53177097673e-05, 0.00461826426908, -0.000224039933528, -0.00133161153644, 0.000823540845886, -0.00110175216105, 0.000118014475447, -0.000546307070181, -0.000788875797298, 0.000759979186114, -0.00195592921227], [0.000259748514509, -0.000855097197928, -0.000759221438784, -0.000224039933528, 0.00614138320088, 9.28948502406e-05, -0.00275508780032, 0.000579306622967, -0.00241731572896, 0.00118836574256, -1.60315066751e-05, -0.00313496845774, 0.00123451440595], [-0.000349092035322, -9.63059355854e-05, -0.000520253670402, -0.00133161153644, 9.28948502406e-05, 0.00887202005833, -0.0031209201552, -0.000867496302817, 0.00180051242933, -0.000868035131134, -0.00137626309879, 0.00290184444748, -0.00284441327676], [0.000132028144435, 0.000264270405751, -0.000501331523992, 0.000823540845886, -0.00275508780032, -0.0031209201552, 0.0106458412483, -0.00389120238833, 0.00352411181666, -0.00161713617854, 0.000260659318883, 0.00062897359021, 0.000663024140522], [-0.000131205655634, -0.000934384588618, 0.00111143582035, -0.00110175216105, 0.000579306622967, -0.000867496302817, -0.00389120238833, 0.01551321242, -0.0078092366457, 0.00358133786358, -0.00169993797317, -0.000964947801549, 0.000397555792006], [-3.3994340356e-06, 0.000498016655911, -0.00110577314626, 0.000118014475447, -0.00241731572896, 0.00180051242933, 0.00352411181666, -0.0078092366457, 0.0173663906753, -0.00841967109591, 0.00470582395792, 0.00127983675338, 0.000175429551746], [4.87755678478e-05, 0.000529225217178, -0.000128837884404, -0.000546307070181, 0.00118836574256, -0.000868035131134, -0.00161713617854, 0.00358133786358, -0.00841967109591, 0.0219134036452, -0.0100929038599, 0.00477534066886, 0.000659769808408], [0.000257075182162, -0.00117988430429, 0.000856978760567, -0.000788875797298, -1.60315066751e-05, -0.00137626309879, 0.000260659318883, -0.00169993797317, 0.00470582395792, -0.0100929038599, 0.0249010398984, -0.0127193406224, 0.00560799660161], [-0.000458110822365, 0.00131758046336, -0.00121798668988, 0.000759979186114, -0.00313496845774, 0.00290184444748, 0.00062897359021, -0.000964947801549, 0.00127983675338, 0.00477534066886, -0.0127193406224, 0.0292491093278, -0.0128681445494], [0.00026009636349, -0.000814374478068, 0.000189908008906, -0.00195592921227, 0.00123451440595, -0.00284441327676, 0.000663024140522, 0.000397555792006, 0.000175429551746, 0.000659769808408, 0.00560799660161, -0.0128681445494, 0.0247850306332]]}, "melbands": {"dmean": [0.00130047637504, 0.00183964485768, 0.000797461078037, 0.000833538302686, 0.000566659786273, 0.000245490926318, 0.000275717058685, 0.000238203807385, 0.000327941583237, 0.000107045132609, 9.2423739261e-05, 0.000123197431094, 9.84025900834e-05, 4.90710226586e-05, 2.9423243177e-05, 4.05076971219e-05, 4.94700470881e-05, 2.04588595807e-05, 1.87518853636e-05, 1.50651403601e-05, 1.18567468235e-05, 1.37014239954e-05, 1.69614522747e-05, 1.56366313604e-05, 5.97531879976e-06, 6.09327253187e-06, 4.6283357733e-06, 3.36978428095e-06, 3.24557800013e-06, 3.4265958675e-06, 2.25985172619e-06, 2.48194510277e-06, 3.1216068237e-06, 2.33025593843e-06, 1.7744022216e-06, 1.78350319402e-06, 1.70599844296e-06, 1.44126556734e-06, 1.13657790735e-06, 8.25399638416e-07], "dmean2": [0.00224553793669, 0.0032128309831, 0.00131298729684, 0.00142208207399, 0.000957629759796, 0.000404106802307, 0.000445987039711, 0.000382704864023, 0.000513895531185, 0.000168981467141, 0.000143871278851, 0.000181362614967, 0.000153036249685, 7.74744985392e-05, 4.75604065286e-05, 6.317232328e-05, 7.77090026531e-05, 3.16513542202e-05, 2.973824121e-05, 2.41005600401e-05, 1.89570782823e-05, 2.1826937882e-05, 2.68985950242e-05, 2.55380164162e-05, 9.55778614298e-06, 9.98967698251e-06, 7.6173269008e-06, 5.55515316591e-06, 5.39499524166e-06, 5.55338283448e-06, 3.58930856237e-06, 3.78179402105e-06, 4.66463279736e-06, 3.47742115991e-06, 2.58033287537e-06, 2.62834350906e-06, 2.55707686847e-06, 2.12218969864e-06, 1.68134954492e-06, 1.21896130167e-06], "dvar": [5.89667797612e-06, 1.85930621228e-05, 1.01732939584e-06, 1.81017765044e-06, 8.62879744545e-07, 1.48782135057e-07, 3.95749964355e-07, 2.82924560224e-07, 4.5751372113e-07, 6.61567014504e-08, 3.45673853985e-08, 8.59948201537e-08, 6.51784333172e-08, 1.08118829445e-08, 3.76464548424e-09, 8.49304182537e-09, 1.25321735212e-08, 1.68173575066e-09, 3.79528675154e-09, 1.57653712307e-09, 7.71793406962e-10, 8.28070390035e-10, 1.52461332448e-09, 9.61177804015e-10, 1.51172338536e-10, 9.47969480691e-11, 6.36712002566e-11, 2.49177987272e-11, 4.43291826857e-11, 3.97266421148e-11, 1.22307962369e-11, 1.44128780091e-11, 2.13095444068e-11, 1.76776041722e-11, 2.14467905241e-11, 4.68781506668e-11, 4.06813159548e-11, 2.51238370386e-11, 1.27486216028e-11, 4.14249363978e-12], "dvar2": [1.66771042132e-05, 5.17736261827e-05, 2.67621749117e-06, 5.04939634993e-06, 2.30002683566e-06, 3.87374456068e-07, 9.99419739856e-07, 6.51198377e-07, 1.11115389245e-06, 1.60899972457e-07, 7.80963986813e-08, 1.66846049865e-07, 1.43241891237e-07, 2.5803100101e-08, 9.37773769749e-09, 1.84279258519e-08, 3.01253884061e-08, 3.68091956915e-09, 9.1998613172e-09, 3.64240948514e-09, 1.73086955879e-09, 1.78814507645e-09, 3.49206130679e-09, 2.125404297e-09, 3.57321561228e-10, 2.43370240627e-10, 1.64664476499e-10, 6.74934691469e-11, 1.1583752707e-10, 9.87118095597e-11, 2.81672081492e-11, 3.19629531176e-11, 4.78271554305e-11, 3.88466862844e-11, 4.27480169318e-11, 9.79136841051e-11, 8.85797962757e-11, 5.12463092794e-11, 2.80640909817e-11, 9.45009522024e-12], "max": [0.0286288112402, 0.0382316410542, 0.0103461984545, 0.0166999045759, 0.0113652162254, 0.00769861601293, 0.0135941971093, 0.00888568069786, 0.0103334942833, 0.00556290568784, 0.00531003251672, 0.00621426384896, 0.00767098832875, 0.00283909565769, 0.00112469063606, 0.00211772485636, 0.00281843426637, 0.000753759988584, 0.00187067966908, 0.00145533820614, 0.00062209245516, 0.000854557962157, 0.00108125247061, 0.00119209545664, 0.000264182745013, 0.000159017610713, 0.000168969083461, 8.90320370672e-05, 0.000177871377673, 0.000166592595633, 0.000116296199849, 0.000106085331936, 0.000115503520647, 0.000162946482305, 0.000196633875021, 0.000278569787042, 0.000205220174394, 0.000118291281979, 0.000107701933302, 7.99231638666e-05], "mean": [0.00179874617606, 0.00211255811155, 0.00136823463254, 0.00126027292572, 0.000931896967813, 0.000477021560073, 0.000486134667881, 0.000383028527722, 0.000584578257985, 0.00020196539117, 0.000189915459487, 0.000240141846007, 0.000185981014511, 9.47985026869e-05, 5.00682399434e-05, 6.37648117845e-05, 8.34928068798e-05, 3.56965792889e-05, 2.84736761387e-05, 2.54078422586e-05, 2.07542962016e-05, 2.56396197074e-05, 3.5081506212e-05, 2.85010337393e-05, 1.18295392895e-05, 1.11306489998e-05, 8.7204925876e-06, 6.76206263961e-06, 6.05245941188e-06, 6.23655023446e-06, 4.16337388742e-06, 4.59555758425e-06, 5.71739019506e-06, 4.31463149653e-06, 3.22551045429e-06, 3.12084921461e-06, 2.872476216e-06, 2.42194528255e-06, 1.95993402485e-06, 1.53892870003e-06], "median": [0.000771303311922, 0.000998505274765, 0.00110194645822, 0.000900158076547, 0.000564759830013, 0.00032658179407, 0.000250871235039, 0.000145582496771, 0.000225788739044, 8.29298805911e-05, 8.60922809807e-05, 8.2824844867e-05, 6.37812772766e-05, 4.1656781832e-05, 2.18255972868e-05, 2.41356501647e-05, 3.64942570741e-05, 1.56299010996e-05, 1.17887339002e-05, 1.27204984892e-05, 1.04448245111e-05, 1.19774822451e-05, 1.30470116346e-05, 1.55567449838e-05, 6.77478647049e-06, 7.36419951863e-06, 5.75582907913e-06, 4.42999862571e-06, 3.75848890144e-06, 3.45820330949e-06, 2.16264470509e-06, 2.5518656912e-06, 3.24955954056e-06, 2.27473583436e-06, 1.66347422237e-06, 1.44962803006e-06, 1.21876837511e-06, 1.06350489659e-06, 8.87133296601e-07, 7.71776569763e-07], "min": [4.30676402395e-24, 2.72797914455e-23, 1.91270812286e-23, 1.09436251578e-23, 1.43318497989e-23, 1.46177661231e-23, 6.38368963699e-24, 1.63014997952e-23, 1.49136268279e-23, 7.43161404121e-24, 6.21224728532e-24, 9.28454181135e-24, 1.53242778385e-23, 1.29546083101e-23, 1.0275375563e-23, 1.25144452242e-23, 1.1111157126e-23, 8.10895762456e-24, 9.91468784674e-24, 7.11503863792e-24, 1.92831715582e-23, 1.44498476131e-23, 5.63069429282e-24, 1.1728346121e-23, 1.50251165397e-23, 1.39858506727e-23, 1.14986148371e-23, 1.40666884051e-23, 1.32327409437e-23, 9.01850004878e-24, 1.59373600236e-23, 8.7897540521e-24, 9.7754128762e-24, 8.16744692752e-24, 4.86749069411e-24, 1.35201292824e-23, 7.29473326352e-24, 1.2710812425e-23, 1.71630968313e-23, 7.25849930442e-24], "var": [7.66933771956e-06, 1.47060527524e-05, 1.36725157063e-06, 1.80502934199e-06, 1.15726834338e-06, 2.8764921467e-07, 7.36302183668e-07, 5.64574975215e-07, 9.75068701337e-07, 1.1739932404e-07, 9.58480370628e-08, 2.68192138719e-07, 2.1431141306e-07, 2.79370890865e-08, 6.69378374951e-09, 1.65712137346e-08, 2.61137849122e-08, 4.44576642167e-09, 4.68924810093e-09, 2.40062769663e-09, 1.38659894677e-09, 1.91734295107e-09, 5.43445555223e-09, 2.55631982249e-09, 3.18269077759e-10, 1.62656374481e-10, 1.09068136467e-10, 5.30772578666e-11, 6.37578462248e-11, 7.40688829715e-11, 2.81332734886e-11, 3.4532307569e-11, 4.6207964538e-11, 3.53102339035e-11, 3.91928607624e-11, 7.3209729945e-11, 7.00310087698e-11, 4.99925448261e-11, 2.54948770428e-11, 8.57570178064e-12]}, "mfcc": {"mean": [-602.424560547, 113.745330811, 12.3665800095, 18.9605388641, 1.19858169556, 1.89330601692, -0.811119556427, 4.83652639389, -3.23589634895, -1.67785739899, 0.826677262783, -2.39376974106, -3.62662315369], "cov": [[4382.40136719, 339.823760986, 259.105041504, -131.704559326, -43.1423454285, 49.9040565491, -34.1139030457, 55.8167266846, 4.29271221161, -45.7843132019, -13.5042667389, -42.5419540405, -50.9468154907], [339.823760986, 726.229187012, -131.730224609, 21.8446598053, 47.5687141418, -10.701669693, 62.5675544739, 51.2639579773, 0.194074854255, -4.54148340225, 14.8551130295, 20.4463481903, 2.47569799423], [259.105041504, -131.730224609, 406.836700439, -0.521254658699, 19.3582305908, 60.5790977478, -7.99803829193, -0.28271612525, 18.8423442841, 4.87790584564, -2.45097255707, -21.2085056305, -0.569376111031], [-131.704559326, 21.8446598053, -0.521254658699, 174.204345703, 50.9220657349, 10.6257867813, 12.2836122513, 11.89108181, 19.1719074249, 2.32826590538, -1.79865932465, 27.5336227417, 24.8610668182], [-43.1423454285, 47.5687141418, 19.3582305908, 50.9220657349, 143.552566528, 24.323261261, -5.69856929779, 26.1868782043, 22.7070140839, 5.30398654938, 0.322804331779, 16.2678279877, 13.4106283188], [49.9040565491, -10.701669693, 60.5790977478, 10.6257867813, 24.323261261, 122.115997314, 62.8412017822, 11.5175580978, 14.2980203629, 6.87222480774, 3.34770321846, -0.91106235981, 1.21654593945], [-34.1139030457, 62.5675544739, -7.99803829193, 12.2836122513, -5.69856929779, 62.8412017822, 161.145050049, 48.7103614807, 2.70278477669, -2.24542140961, -0.227343350649, 17.3793563843, 2.29648590088], [55.8167266846, 51.2639579773, -0.28271612525, 11.89108181, 26.1868782043, 11.5175580978, 48.7103614807, 93.181640625, 36.6363601685, 1.98177671432, -2.31249809265, 6.46269130707, 6.01050949097], [4.29271221161, 0.194074854255, 18.8423442841, 19.1719074249, 22.7070140839, 14.2980203629, 2.70278477669, 36.6363601685, 82.0915985107, 31.6000785828, -4.65278148651, -0.381586581469, 4.05519008636], [-45.7843132019, -4.54148340225, 4.87790584564, 2.32826590538, 5.30398654938, 6.87222480774, -2.24542140961, 1.98177671432, 31.6000785828, 84.2897872925, 36.1416854858, -10.040594101, -2.39010953903], [-13.5042667389, 14.8551130295, -2.45097255707, -1.79865932465, 0.322804331779, 3.34770321846, -0.227343350649, -2.31249809265, -4.65278148651, 36.1416854858, 76.513710022, 18.3152542114, -7.71193695068], [-42.5419540405, 20.4463481903, -21.2085056305, 27.5336227417, 16.2678279877, -0.91106235981, 17.3793563843, 6.46269130707, -0.381586581469, -10.040594101, 18.3152542114, 89.973236084, 25.2205028534], [-50.9468154907, 2.47569799423, -0.569376111031, 24.8610668182, 13.4106283188, 1.21654593945, 2.29648590088, 6.01050949097, 4.05519008636, -2.39010953903, -7.71193695068, 25.2205028534, 64.1280899048]], "icov": [[0.000273770245258, -0.000192038947716, -0.000213582330616, 0.000162910771905, 0.000194273990928, -0.000213289691601, 0.000289295654511, -0.000285930233076, 4.49577091786e-05, 0.000125600316096, 5.35333747393e-05, -4.26131955464e-05, 0.000164751996635], [-0.000192038947716, 0.00174310116563, 0.00062506046379, -0.000119096934213, -0.00078107236186, 0.000548594922293, -0.000849242962431, -0.000287747941911, 8.84589608177e-05, 0.000143910656334, -0.000498917885125, 0.000170170431375, -8.49782154546e-05], [-0.000213582330616, 0.00062506046379, 0.00308580696583, -7.3073162639e-05, -0.000401417113608, -0.00142318173312, 0.000334865559125, 6.12888397882e-05, -0.000476764893392, 0.000296732963761, -0.000361458485713, 0.000689719978254, -0.000318393111229], [0.000162910771905, -0.000119096934213, -7.3073162639e-05, 0.00704397726804, -0.00208773231134, 0.000177140711457, -0.000638045603409, 0.000699615746271, -0.00139327929355, 0.000248783268034, 0.000147981802002, -0.00116705521941, -0.00163275829982], [0.000194273990928, -0.00078107236186, -0.000401417113608, -0.00208773231134, 0.00947568006814, -0.0029495630879, 0.00309683801606, -0.00322342175059, 6.28671841696e-05, -0.000576727150474, 0.000747077399865, -0.00148557929788, -9.5478426374e-05], [-0.000213289691601, 0.000548594922293, -0.00142318173312, 0.000177140711457, -0.0029495630879, 0.0130978524685, -0.0067430655472, 0.00354436901398, -0.00292048580013, 0.000866002344992, -0.0017238559667, 0.00171902391594, -0.000660732621327], [0.000289295654511, -0.000849242962431, 0.000334865559125, -0.000638045603409, 0.00309683801606, -0.0067430655472, 0.011748444289, -0.0071292091161, 0.0038815040607, -0.00172369088978, 0.00215013069101, -0.00275157322176, 0.00127174775116], [-0.000285930233076, -0.000287747941911, 6.12888397882e-05, 0.000699615746271, -0.00322342175059, 0.00354436901398, -0.0071292091161, 0.0187875349075, -0.00963596533984, 0.00399696314707, -0.00263668689877, 0.0017796306638, -0.00164414313622], [4.49577091786e-05, 8.84589608177e-05, -0.000476764893392, -0.00139327929355, 6.28671841696e-05, -0.00292048580013, 0.0038815040607, -0.00963596533984, 0.0217386130244, -0.0107841715217, 0.00701841339469, -0.00275049940683, 0.00152376969345], [0.000125600316096, 0.000143910656334, 0.000296732963761, 0.000248783268034, -0.000576727150474, 0.000866002344992, -0.00172369088978, 0.00399696314707, -0.0107841715217, 0.0217582136393, -0.0124847795814, 0.00580381322652, -0.00249935011379], [5.35333747393e-05, -0.000498917885125, -0.000361458485713, 0.000147981802002, 0.000747077399865, -0.0017238559667, 0.00215013069101, -0.00263668689877, 0.00701841339469, -0.0124847795814, 0.0217542219907, -0.00747842807323, 0.00469594681635], [-4.26131955464e-05, 0.000170170431375, 0.000689719978254, -0.00116705521941, -0.00148557929788, 0.00171902391594, -0.00275157322176, 0.0017796306638, -0.00275049940683, 0.00580381322652, -0.00747842807323, 0.0161729697138, -0.00624172156677], [0.000164751996635, -8.49782154546e-05, -0.000318393111229, -0.00163275829982, -9.5478426374e-05, -0.000660732621327, 0.00127174775116, -0.00164414313622, 0.00152376969345, -0.00249935011379, 0.00469594681635, -0.00624172156677, 0.0193291567266]]}, "spectral_contrast_coeffs": {"dmean": [0.0544733293355, 0.0461449325085, 0.039050269872, 0.0321371927857, 0.0250156894326, 0.016616795212], "dmean2": [0.0899643674493, 0.0754498615861, 0.0626447498798, 0.0509225688875, 0.0393832288682, 0.0263360161334], "dvar": [0.00211592018604, 0.00152195780538, 0.0010088912677, 0.000748829275835, 0.00052243983373, 0.000206547076232], "dvar2": [0.00548581266776, 0.0038811955601, 0.00248150993139, 0.00172874995042, 0.00118785095401, 0.000497125030961], "max": [-0.309878855944, -0.393155753613, -0.481946766376, -0.49851205945, -0.552874565125, -0.633790969849], "mean": [-0.628892302513, -0.717647492886, -0.744114816189, -0.768708229065, -0.767594277859, -0.770933806896], "median": [-0.630423545837, -0.720435619354, -0.749571204185, -0.77586388588, -0.775637507439, -0.772463202477], "min": [-0.976315438747, -0.97473526001, -0.979020893574, -0.961470663548, -0.969339549541, -0.95348328352], "var": [0.00581352273002, 0.00494650891051, 0.00443582469597, 0.00291223241948, 0.0022976603359, 0.000788557750639]}, "spectral_contrast_valleys": {"dmean": [0.394004195929, 0.365412026644, 0.307888388634, 0.302922815084, 0.277884185314, 0.292624413967], "dmean2": [0.632921338081, 0.596749424934, 0.493209719658, 0.465192317963, 0.40990293026, 0.344999104738], "dvar": [0.141968533397, 0.141808152199, 0.0944217443466, 0.104465529323, 0.11075617373, 0.0919462367892], "dvar2": [0.288247406483, 0.303855538368, 0.188105091453, 0.200606569648, 0.215615272522, 0.138714179397], "max": [-5.17497634888, -4.32269096375, -5.32361459732, -5.86656665802, -5.69048070908, -7.12846374512], "mean":