{"lowlevel": {"average_loudness": 0.898756027222, "barkbands_crest": {"dmean": 1.86857783794, "dmean2": 2.89944171906, "dvar": 4.84165763855, "dvar2": 12.0158987045, "max": 25.3539676666, "mean": 11.5910806656, "median": 10.4835939407, "min": 4.17588329315, "var": 17.8766326904}, "barkbands_flatness_db": {"dmean": 0.0282513592392, "dmean2": 0.0385035872459, "dvar": 0.00129968579859, "dvar2": 0.0024280929938, "max": 0.584784448147, "mean": 0.279849439859, "median": 0.269047647715, "min": 0.0518595576286, "var": 0.00982944760472}, "barkbands_kurtosis": {"dmean": 4.30529212952, "dmean2": 6.60914182663, "dvar": 68.8862686157, "dvar2": 175.297607422, "max": 370.512268066, "mean": 11.4254360199, "median": 7.62393569946, "min": -1.30654108524, "var": 349.133422852}, "barkbands_skewness": {"dmean": 0.504592597485, "dmean2": 0.744418978691, "dvar": 0.583655297756, "dvar2": 1.35504555702, "max": 13.2410583496, "mean": 2.1329305172, "median": 1.93112778664, "min": -2.24146676064, "var": 1.76746749878}, "barkbands_spread": {"dmean": 1.69423687458, "dmean2": 2.63930058479, "dvar": 17.2276363373, "dvar2": 46.5350723267, "max": 86.2113418579, "mean": 5.9804520607, "median": 4.79614305496, "min": 0.342260986567, "var": 25.1681652069}, "dissonance": {"dmean": 0.0280741434544, "dmean2": 0.0468108318746, "dvar": 0.000812337326352, "dvar2": 0.00208141002804, "max": 0.499193549156, "mean": 0.397323817015, "median": 0.405959039927, "min": 0.138880550861, "var": 0.00337736634538}, "dynamic_complexity": 5.41527605057, "erbbands_crest": {"dmean": 2.20968532562, "dmean2": 3.35118865967, "dvar": 8.27062892914, "dvar2": 18.9824180603, "max": 30.9157505035, "mean": 11.4758901596, "median": 10.145532608, "min": 2.27696847916, "var": 24.6182613373}, "erbbands_flatness_db": {"dmean": 0.0256083514541, "dmean2": 0.0347014032304, "dvar": 0.00115024647675, "dvar2": 0.0021843155846, "max": 0.527792990208, "mean": 0.240727633238, "median": 0.237915769219, "min": 0.0381594114006, "var": 0.00706184329465}, "erbbands_kurtosis": {"dmean": 2.25768208504, "dmean2": 3.48712778091, "dvar": 28.6953487396, "dvar2": 66.8528747559, "max": 90.4831314087, "mean": 3.98852038383, "median": 2.05153727531, "min": -1.56477415562, "var": 48.6993293762}, "erbbands_skewness": {"dmean": 0.371880948544, "dmean2": 0.541929602623, "dvar": 0.269071668386, "dvar2": 0.608216404915, "max": 7.5644826889, "mean": 1.37397360802, "median": 1.23776531219, "min": -0.760354995728, "var": 0.944038152695}, "erbbands_spread": {"dmean": 5.42146110535, "dmean2": 8.31513309479, "dvar": 105.878395081, "dvar2": 253.769119263, "max": 129.460876465, "mean": 22.0070018768, "median": 17.8139152527, "min": 1.27335572243, "var": 292.599945068}, "hfc": {"dmean": 3.83461427689, "dmean2": 5.32997131348, "dvar": 87.3923110962, "dvar2": 194.495788574, "max": 114.580802917, "mean": 7.26054239273, "median": 3.34518194199, "min": 1.16949616658e-09, "var": 135.904586792}, "melbands_crest": {"dmean": 2.17762231827, "dmean2": 3.38120651245, "dvar": 5.91696882248, "dvar2": 13.9914703369, "max": 30.798664093, "mean": 14.8704357147, "median": 14.2768039703, "min": 4.04293346405, "var": 20.5791492462}, "melbands_flatness_db": {"dmean": 0.0306557901204, "dmean2": 0.0407315529883, "dvar": 0.00163768499624, "dvar2": 0.0030243692454, "max": 0.737749040127, "mean": 0.385368734598, "median": 0.371899336576, "min": 0.0148587180302, "var": 0.0138549227268}, "melbands_kurtosis": {"dmean": 7.1151061058, "dmean2": 11.0593891144, "dvar": 301.695892334, "dvar2": 768.900146484, "max": 261.27130127, "mean": 17.7673721313, "median": 11.6204566956, "min": -1.15536510944, "var": 504.414337158}, "melbands_skewness": {"dmean": 0.590211510658, "dmean2": 0.870894312859, "dvar": 0.983232498169, "dvar2": 2.2369992733, "max": 11.8423032761, "mean": 2.53911375999, "median": 2.35810279846, "min": -1.51325821877, "var": 2.45412683487}, "melbands_spread": {"dmean": 1.27430891991, "dmean2": 1.85530626774, "dvar": 5.92774868011, "dvar2": 9.16716003418, "max": 135.780487061, "mean": 5.88996458054, "median": 5.25448608398, "min": 0.482404768467, "var": 19.0938034058}, "pitch_salience": {"dmean": 0.055947907269, "dmean2": 0.0873223096132, "dvar": 0.00398580776528, "dvar2": 0.0100717619061, "max": 0.940189123154, "mean": 0.534266352654, "median": 0.546625733376, "min": 0.15592341125, "var": 0.0132755376399}, "silence_rate_20dB": {"dmean": 0, "dmean2": 0, "dvar": 0, "dvar2": 0, "max": 1, "mean": 1, "median": 1, "min": 1, "var": 0}, "silence_rate_30dB": {"dmean": 0.0328036919236, "dmean2": 0.0656185895205, "dvar": 0.0317297913134, "dvar2": 0.0681460499763, "max": 1, "mean": 0.96583533287, "median": 1, "min": 0, "var": 0.0329948626459}, "silence_rate_60dB": {"dmean": 0.020160600543, "dmean2": 0.0401572100818, "dvar": 0.0197534840554, "dvar2": 0.0443567745388, "max": 1, "mean": 0.139391869307, "median": 0, "min": 0, "var": 0.119967073202}, "spectral_centroid": {"dmean": 60.8198509216, "dmean2": 87.7474136353, "dvar": 12331.5546875, "dvar2": 22100.6503906, "max": 3828.45483398, "mean": 432.395080566, "median": 401.230407715, "min": 143.12600708, "var": 47749.546875}, "spectral_complexity": {"dmean": 1.48026657104, "dmean2": 2.18728637695, "dvar": 5.79345083237, "dvar2": 11.0177783966, "max": 38, "mean": 8.08643627167, "median": 8, "min": 0, "var": 19.5630340576}, "spectral_decrease": {"dmean": 3.67376284949e-09, "dmean2": 5.8102069822e-09, "dvar": 1.82810660848e-16, "dvar2": 5.06304785678e-16, "max": 5.46308487114e-21, "mean": -6.26074392329e-09, "median": -3.48380790882e-09, "min": -1.66503099308e-07, "var": 1.43290247581e-16}, "spectral_energy": {"dmean": 0.014201277867, "dmean2": 0.022385166958, "dvar": 0.00267102313228, "dvar2": 0.0073817926459, "max": 0.636408388615, "mean": 0.0242879893631, "median": 0.0134957116097, "min": 8.54577774647e-14, "var": 0.00211812718771}, "spectral_energyband_high": {"dmean": 8.87140922714e-05, "dmean2": 0.000132622386445, "dvar": 8.00351003249e-08, "dvar2": 1.81678146305e-07, "max": 0.00351251941174, "mean": 9.68459789874e-05, "median": 3.77155652131e-06, "min": 5.32025697098e-14, "var": 9.57925863077e-08}, "spectral_energyband_low": {"dmean": 0.00826274044812, "dmean2": 0.0147904558107, "dvar": 0.00235701468773, "dvar2": 0.00673780217767, "max": 0.584728121758, "mean": 0.0104615036398, "median": 0.00451312540099, "min": 1.14676201427e-15, "var": 0.00140270451084}, "spectral_energyband_middle_high": {"dmean": 0.000314400793286, "dmean2": 0.000415390910348, "dvar": 5.5591203818e-07, "dvar2": 1.11515214485e-06, "max": 0.0124409319833, "mean": 0.000706763588823, "median": 0.000277999497484, "min": 8.5462541178e-15, "var": 1.26507131881e-06}, "spectral_energyband_middle_low": {"dmean": 0.00664774561301, "dmean2": 0.00899222586304, "dvar": 0.000257514882833, "dvar2": 0.000534368795343, "max": 0.265668570995, "mean": 0.0137554425746, "median": 0.00644333381206, "min": 1.57815091798e-15, "var": 0.000456204084912}, "spectral_entropy": {"dmean": 0.251142144203, "dmean2": 0.350468218327, "dvar": 0.123817682266, "dvar2": 0.245266899467, "max": 8.81960868835, "mean": 6.13974428177, "median": 6.08135890961, "min": 3.34865546227, "var": 0.661986529827}, "spectral_flux": {"dmean": 0.0297365244478, "dmean2": 0.047224085778, "dvar": 0.00435205595568, "dvar2": 0.00917816162109, "max": 0.702395439148, "mean": 0.0518868006766, "median": 0.0284148268402, "min": 5.73143233851e-06, "var": 0.00627938657999}, "spectral_kurtosis": {"dmean": 13.1646280289, "dmean2": 21.5258693695, "dvar": 360.89151001, "dvar2": 877.676940918, "max": 302.105224609, "mean": 33.7885169983, "median": 17.4212722778, "min": 0.587495088577, "var": 1740.3828125}, "spectral_rms": {"dmean": 0.000916615128517, "dmean2": 0.00129108398687, "dvar": 4.35856281911e-06, "dvar2": 1.06530069388e-05, "max": 0.0249175876379, "mean": 0.00401304708794, "median": 0.00362857384607, "min": 9.13090580923e-09, "var": 7.5910720625e-06}, "spectral_rolloff": {"dmean": 75.7315139771, "dmean2": 126.293251038, "dvar": 160003.59375, "dvar2": 363101.71875, "max": 20779.5410156, "mean": 413.393707275, "median": 387.59765625, "min": 86.1328125, "var": 200362.21875}, "spectral_skewness": {"dmean": 0.793618202209, "dmean2": 1.27576899529, "dvar": 0.869934976101, "dvar2": 2.06186461449, "max": 14.523349762, "mean": 3.89629197121, "median": 3.21822166443, "min": 1.02910804749, "var": 5.02080726624}, "spectral_spread": {"dmean": 685834.9375, "dmean2": 973119.625, "dvar": 1018057326590.0, "dvar2": 2127782346750.0, "max": 13222935, "mean": 2854656.5, "median": 2211134.75, "min": 285608.90625, "var": 4178132598780.0}, "spectral_strongpeak": {"dmean": 0.322168886662, "dmean2": 0.48748677969, "dvar": 0.328798145056, "dvar2": 0.628215610981, "max": 8.24118900299, "mean": 0.686173081398, "median": 0.32746437192, "min": 0, "var": 0.796272695065}, "zerocrossingrate": {"dmean": 0.00454386044294, "dmean2": 0.00572520634159, "dvar": 5.43485148228e-05, "dvar2": 7.69575490267e-05, "max": 0.49658203125, "mean": 0.0244497619569, "median": 0.0185546875, "min": 0.0029296875, "var": 0.000840679684188}, "barkbands": {"dmean": [0.000189843718545, 0.00579176098108, 0.00240582413971, 0.000807623902801, 0.00246903370135, 0.0010022004135, 0.00313075189479, 0.000305202323943, 0.000139410243719, 0.000125796534121, 6.51246446068e-05, 5.39259999641e-05, 2.55826489592e-05, 4.63558535557e-05, 2.48230790021e-05, 1.45333597175e-05, 2.58651780314e-05, 2.60173274e-05, 2.63436031673e-05, 1.16367809824e-05, 1.21946613945e-05, 1.00645047496e-05, 1.8824261133e-05, 1.50931173266e-05, 1.5900362996e-05, 1.25674005176e-05, 4.25919006375e-06], "dmean2": [0.000320784398355, 0.0105104884133, 0.00421860255301, 0.00126991665456, 0.00352718750946, 0.00129513768479, 0.00463764695451, 0.000452234671684, 0.00020667888748, 0.000184342788998, 8.77425409271e-05, 7.89460755186e-05, 3.89873348468e-05, 6.61655503791e-05, 3.73604598281e-05, 2.20929396164e-05, 4.18312811235e-05, 4.04333477491e-05, 3.9209586248e-05, 1.65192341228e-05, 1.84951168194e-05, 1.40876982186e-05, 2.81632455881e-05, 2.32678467e-05, 2.61123404925e-05, 2.13856183109e-05, 7.19696117812e-06], "dvar": [1.1460326732e-06, 0.0012872867519, 0.000145402824273, 4.40333587903e-06, 3.69178451365e-05, 7.06461423761e-06, 0.000107333595224, 1.25497854242e-06, 2.03482642291e-07, 1.69369471337e-07, 2.1432470021e-08, 4.37279403798e-08, 1.35883997388e-08, 2.57123815572e-08, 1.32810331621e-08, 1.44340706054e-09, 7.24747017955e-09, 6.25377749586e-09, 5.28320809323e-09, 1.74067793512e-09, 1.40969591556e-09, 8.11202993667e-10, 4.06205824532e-09, 2.65293809143e-09, 3.8258516355e-09, 4.33833413638e-09, 3.43729322783e-10], "dvar2": [2.93054267786e-06, 0.00370988924988, 0.00041220287676, 1.17367999337e-05, 8.20209679659e-05, 1.31179804157e-05, 0.000220614354475, 3.2355753774e-06, 4.51331231943e-07, 3.99905360382e-07, 3.82216782668e-08, 8.70822702836e-08, 3.00960820709e-08, 5.57467068063e-08, 2.8307546529e-08, 3.33571081867e-09, 1.93487217359e-08, 1.49497765278e-08, 1.21713190637e-08, 3.03440250704e-09, 3.35362893011e-09, 1.6580778972e-09, 9.51828216245e-09, 6.18889695048e-09, 9.52067580329e-09, 1.17239018493e-08, 8.75660710609e-10], "max": [0.0111536290497, 0.41327136755, 0.174920111895, 0.0457673370838, 0.10438247025, 0.0690068602562, 0.21157567203, 0.0299318302423, 0.00997222214937, 0.00673293508589, 0.00255057937466, 0.00894275307655, 0.00443316763267, 0.00297381472774, 0.00329483556561, 0.00045052767382, 0.00146572175436, 0.00247232639231, 0.00124952499755, 0.000867677794304, 0.000619384110905, 0.000424032623414, 0.00097085419111, 0.000677634438034, 0.000912564457394, 0.00110864080489, 0.000210541766137], "mean": [0.000167630598298, 0.00606558192521, 0.00358445360325, 0.00168914336246, 0.00424579996616, 0.00237479293719, 0.00434614298865, 0.000622717372607, 0.000290411233436, 0.000276135775493, 0.000150612133439, 8.38390915305e-05, 4.22066550527e-05, 7.26536818547e-05, 5.30503129994e-05, 2.10321650229e-05, 3.14514909405e-05, 3.34814794769e-05, 3.40558945027e-05, 1.47437785927e-05, 1.41372693179e-05, 1.2015448192e-05, 1.93048963411e-05, 1.65232231666e-05, 1.43023899e-05, 8.84966539161e-06, 2.99017801808e-06], "median": [1.69248050952e-05, 0.00254307175055, 0.00128636218142, 0.000687832478434, 0.00169612595346, 0.000764772121329, 0.000458507827716, 0.000212734550587, 6.51690061204e-05, 6.25429456704e-05, 6.21104045422e-05, 1.7229529476e-05, 9.61797286436e-06, 1.76709290827e-05, 5.93479080635e-06, 3.01343015963e-06, 6.92998855811e-06, 5.64620313526e-06, 5.19937748322e-06, 1.06279003376e-06, 7.6528988302e-07, 6.62350430503e-07, 4.57004887267e-07, 2.75556857332e-07, 9.77107248445e-08, 2.83011107882e-08, 4.09798683876e-09], "min": [6.15932818969e-16, 6.1446268741e-16, 1.73463837564e-16, 1.15117852346e-16, 3.24904792029e-16, 3.15010467823e-16, 1.30079233522e-16, 2.3747802168e-16, 3.21843641427e-16, 2.22126475953e-16, 1.1678382057e-16, 7.70925342878e-16, 1.16217949621e-15, 6.91752114507e-16, 1.27730228517e-15, 5.27147407773e-16, 7.50688349339e-16, 8.03729234859e-16, 1.57601141864e-15, 1.60782428207e-15, 2.45987198201e-15, 2.2122205123e-15, 3.15052634182e-15, 2.43295031033e-15, 5.26088860111e-15, 1.95326983483e-14, 2.08866923729e-14], "var": [8.64115179411e-07, 0.000732793123461, 9.54667048063e-05, 6.64346089252e-06, 5.43179812666e-05, 2.44360326178e-05, 0.00016923811927, 1.64755545029e-06, 5.99845861871e-07, 3.63360186384e-07, 6.17711819473e-08, 1.04918505883e-07, 2.04142551752e-08, 3.68490802316e-08, 5.05106925175e-08, 2.23646923203e-09, 6.45607922678e-09, 8.21167045473e-09, 6.87958756629e-09, 2.87873525018e-09, 1.7054547774e-09, 1.27367782987e-09, 4.37766667361e-09, 3.03944491797e-09, 3.42657435759e-09, 2.94619484364e-09, 2.59103932754e-10]}, "erbbands": {"dmean": [0.125751435757, 1.42128920555, 3.20522856712, 2.17883849144, 9.19315433502, 5.51854848862, 3.43857717514, 10.31432724, 48.1283378601, 20.210735321, 4.85896205902, 3.52259397507, 4.75690364838, 2.17363882065, 2.89142417908, 2.42491745949, 1.30506122112, 2.40478920937, 1.60470604897, 0.814603149891, 0.90544706583, 1.31211364269, 1.38161623478, 1.26197111607, 1.24053299427, 0.571097493172, 0.505818247795, 0.47235122323, 0.35724195838, 0.537757277489, 0.49154111743, 0.362740814686, 0.217135861516, 0.185575574636, 0.110809974372, 0.0570848546922, 0.021305128932, 0.0055681061931, 0.00071556167677, 5.77057435294e-05], "dmean2": [0.227952763438, 2.57610106468, 5.70661067963, 3.44651865959, 13.4866991043, 8.10335636139, 4.87118864059, 13.4812202454, 71.6755447388, 28.3220462799, 7.31924247742, 4.97811794281, 7.23224449158, 3.08116841316, 3.83376932144, 3.44391417503, 1.95614635944, 3.41396260262, 2.38523030281, 1.19403851032, 1.38641524315, 2.12927031517, 2.12459254265, 1.86539661884, 1.86132907867, 0.791773855686, 0.72806173563, 0.722561359406, 0.516101241112, 0.796582698822, 0.725997626781, 0.551219522953, 0.341486096382, 0.303064197302, 0.182365804911, 0.095338627696, 0.0366353653371, 0.00953816901892, 0.00120226549916, 9.50657122303e-05], "dvar": [0.649186551571, 75.2404403687, 297.542724609, 37.6535224915, 602.383117676, 149.8828125, 81.8315505981, 684.171813965, 23291.0488281, 4085.46191406, 344.687225342, 128.058990479, 289.693328857, 60.0324783325, 47.6426925659, 105.540649414, 34.1658935547, 67.7577285767, 49.4201278687, 9.70529556274, 5.71029281616, 20.6014575958, 15.9508905411, 12.2293577194, 13.7670812607, 3.37878990173, 2.5267431736, 2.44861149788, 1.2060136795, 3.20185899734, 2.64368700981, 1.57996881008, 0.527705430984, 0.522010862827, 0.191181838512, 0.0654975026846, 0.0140572534874, 0.000848701223731, 9.7541278592e-06, 5.03365455984e-08], "dvar2": [1.85640442371, 217.0912323, 850.024291992, 98.2013320923, 1415.87683105, 340.732086182, 190.480377197, 1358.49365234, 49589.46875, 8093.08496094, 912.571777344, 272.014770508, 746.563659668, 107.160202026, 84.4578399658, 206.473983765, 74.9412307739, 146.812515259, 106.002616882, 19.6060256958, 13.3267755508, 55.454044342, 38.003200531, 28.1742572784, 33.1695404053, 5.95727205276, 5.23716640472, 6.18572664261, 2.68004989624, 7.4725022316, 6.10794448853, 3.65953445435, 1.25227093697, 1.31885492802, 0.477923870087, 0.171695590019, 0.0384898409247, 0.00224724854343, 2.49888216786e-05, 1.28643904418e-07], "max": [9.18368530273, 100.653877258, 230.775421143, 91.0873336792, 437.526000977, 173.717956543, 166.869155884, 579.304992676, 2960.35498047, 1159.00939941, 501.39755249, 280.781890869, 285.594238281, 269.444793701, 140.228668213, 457.340942383, 230.798049927, 152.168212891, 205.39414978, 83.5353317261, 34.8665962219, 75.8413009644, 118.708145142, 42.3415679932, 66.5301589966, 36.2929840088, 34.1716423035, 19.7565879822, 13.7576465607, 26.6572723389, 24.7066745758, 17.1304950714, 9.27886772156, 10.6049890518, 6.09414100647, 4.12453794479, 2.10577869415, 0.528116047382, 0.0344762131572, 0.0029371404089], "mean": [0.119842164218, 1.53668820858, 4.35589075089, 4.7824678421, 14.2993116379, 10.3469953537, 8.73694515228, 22.9655838013, 68.9568557739, 33.8791122437, 10.0958137512, 8.45093250275, 9.79245090485, 4.69587182999, 6.92446613312, 4.13193702698, 2.2277982235, 3.91324472427, 3.53507184982, 1.38627648354, 1.38626205921, 1.59915566444, 1.84034025669, 1.59931945801, 1.58364105225, 0.740693032742, 0.618397414684, 0.529545783997, 0.402961730957, 0.591511547565, 0.506788671017, 0.377303242683, 0.245832160115, 0.177800536156, 0.0918741673231, 0.0423479862511, 0.0147049147636, 0.0038263713941, 0.000507683900651, 5.80147061555e-05], "median": [0.0404250770807, 0.653587698936, 1.77262794971, 1.93469715118, 5.29414367676, 4.79975795746, 4.70698451996, 7.88390111923, 8.5650177002, 6.1495513916, 3.47024869919, 2.4754652977, 2.52686023712, 1.19715452194, 2.97737240791, 1.04721546173, 0.58619248867, 1.12156271935, 0.66660374403, 0.266316443682, 0.293777227402, 0.364168047905, 0.401582956314, 0.227784454823, 0.220410138369, 0.0638778358698, 0.0393587127328, 0.0272448193282, 0.0217143110931, 0.0171502213925, 0.0136641655117, 0.00711237825453, 0.00355979450978, 0.00149304745719, 0.000652421382256, 0.000224388582865, 5.3541669331e-05, 8.12873440736e-06, 9.71486224444e-06, 1.62172691489e-05], "min": [2.71887784368e-14, 1.05978980203e-13, 2.06525538316e-13, 3.12735026677e-13, 6.17796395638e-13, 1.18562657522e-12, 1.92070990189e-12, 2.71658715488e-12, 2.13880497514e-12, 2.85575534574e-12, 5.39837575683e-12, 6.56870001101e-12, 1.08196489962e-11, 2.72014268748e-12, 1.11749871509e-11, 3.64984813206e-11, 5.55686330284e-11, 3.99554139774e-11, 3.351985009e-11, 7.63570734419e-11, 1.79086693392e-11, 4.15955637989e-11, 3.30521686409e-11, 1.20214282973e-10, 3.95906050998e-11, 8.24815146738e-11, 7.17579190512e-11, 1.2029434393e-10, 7.56787271738e-11, 1.05205268108e-10, 9.24686924253e-11, 5.8292252969e-11, 2.99718479202e-11, 3.31742376625e-11, 4.35127767151e-11, 5.64391970659e-11, 3.96935539992e-11, 1.27334956815e-11, 2.18364128862e-12, 3.89202477755e-13], "var": [0.374944746494, 42.8524971008, 183.374130249, 52.8965568542, 799.486999512, 228.522598267, 145.336227417, 1994.69116211, 35881.671875, 7789.02197266, 472.969329834, 449.520996094, 410.467071533, 247.078857422, 131.508895874, 263.65826416, 51.7411689758, 96.923248291, 191.108642578, 20.9328269958, 8.71162700653, 17.4791164398, 20.8944988251, 15.9083795547, 16.8071975708, 5.82240915298, 3.63930702209, 2.60884833336, 1.61413156986, 3.71495842934, 2.93280076981, 1.71451723576, 0.647598922253, 0.474316567183, 0.164124295115, 0.0488898418844, 0.00920399557799, 0.000591550429817, 7.30765259505e-06, 3.93641919061e-08]}, "gfcc": {"mean": [-158.772201538, 170.860549927, -79.4336090088, 14.05073452, -47.5716171265, -5.05562925339, -29.3552360535, -1.60194885731, -14.9873247147, -8.18387413025, -1.72219312191, -4.82995557785, -8.74994564056], "cov": [[29913.9472656, -1668.87646484, -2537.26098633, 1490.16430664, -1477.90551758, 531.343017578, -1123.44213867, 614.628601074, -19.0890369415, 438.294769287, 80.6896591187, 25.3807258606, -671.944458008], [-1668.87646484, 3124.26513672, -120.375213623, -545.820495605, 855.088745117, -379.454803467, 541.98236084, -310.600402832, 198.901565552, -369.064910889, 78.9668655396, -195.74822998, 287.422851562], [-2537.26098633, -120.375213623, 1721.57836914, 397.177307129, 302.582397461, 370.965881348, 184.919952393, 165.662261963, -19.4944705963, 67.7276153564, -102.349555969, 65.1670455933, -77.7213897705], [1490.16430664, -545.820495605, 397.177307129, 820.65222168, -51.2758903503, 343.363311768, -28.3699073792, 161.356674194, 28.1421089172, 88.5230178833, 13.3802433014, -26.5281848907, -136.51789856], [-1477.90551758, 855.088745117, 302.582397461, -51.2758903503, 586.421569824, 6.88443279266, 251.445175171, -60.9982795715, 52.3980178833, -99.6175231934, -70.8981170654, -70.101890564, 36.2629776001], [531.343017578, -379.454803467, 370.965881348, 343.363311768, 6.88443279266, 370.420806885, 5.73283529282, 108.92755127, -28.2808036804, 41.8445091248, -46.7705307007, -25.0472698212, -75.7476501465], [-1123.44213867, 541.98236084, 184.919952393, -28.3699073792, 251.445175171, 5.73283529282, 251.105499268, -33.971282959, 35.5498504639, -68.3732147217, -15.4312782288, -37.0031814575, 41.5740356445], [614.628601074, -310.600402832, 165.662261963, 161.356674194, -60.9982795715, 108.92755127, -33.971282959, 156.598297119, 13.1504812241, 63.0572624207, 2.09831619263, 36.1709098816, -66.3796005249], [-19.0890369415, 198.901565552, -19.4944705963, 28.1421089172, 52.3980178833, -28.2808036804, 35.5498504639, 13.1504812241, 103.383613586, 5.89930772781, 31.0824012756, -15.8225708008, 11.5007419586], [438.294769287, -369.064910889, 67.7276153564, 88.5230178833, -99.6175231934, 41.8445091248, -68.3732147217, 63.0572624207, 5.89930772781, 124.161506653, 11.6598167419, 47.6131324768, -53.6842918396], [80.6896591187, 78.9668655396, -102.349555969, 13.3802433014, -70.8981170654, -46.7705307007, -15.4312782288, 2.09831619263, 31.0824012756, 11.6598167419, 136.428833008, 22.1114444733, 10.1606216431], [25.3807258606, -195.74822998, 65.1670455933, -26.5281848907, -70.101890564, -25.0472698212, -37.0031814575, 36.1709098816, -15.8225708008, 47.6131324768, 22.1114444733, 110.33997345, -18.9683952332], [-671.944458008, 287.422851562, -77.7213897705, -136.51789856, 36.2629776001, -75.7476501465, 41.5740356445, -66.3796005249, 11.5007419586, -53.6842918396, 10.1606216431, -18.9683952332, 129.646682739]], "icov": [[9.22148101381e-05, -0.000246800773311, 0.000216292479308, -0.000210129102925, 0.000222188216867, -0.000184699703823, 0.000341632199707, -0.000309068796923, 0.000194007021491, -0.000277215789538, 0.00035457406193, -0.000192919716937, 0.000307616690407], [-0.000246800773311, 0.00203063315712, -0.000630917784292, 0.000905453576706, -0.00172814610414, 0.00101827527396, -0.00185091549065, 0.00128923205193, -0.00180716195609, 0.00244116410613, -0.0022693995852, 0.00125095702242, -0.00134180439636], [0.000216292479308, -0.000630917784292, 0.00157120625954, -0.000759297749028, 2.86663816951e-05, -0.0011416246416, 0.000254215265159, -0.00120365538169, 0.000887708039954, -0.00117906020023, 0.00128962099552, -0.0015963583719, 0.000387695763493], [-0.000210129102925, 0.000905453576706, -0.000759297749028, 0.00310046505183, -0.000552736921236, -0.00124070968013, -0.000835989543702, 0.000370890513295, -0.00180984113831, 0.000806879077572, -0.00205707107671, 0.00170530797914, 0.000506218348164], [0.000222188216867, -0.00172814610414, 2.86663816951e-05, -0.000552736921236, 0.0052694408223, -0.00074778025737, -0.00102360744495, -0.000113221605716, -0.000244450522587, -0.000791579834186, 0.00333830108866, -0.000387146516005, 0.00215309183113], [-0.000184699703823, 0.00101827527396, -0.0011416246416, -0.00124070968013, -0.00074778025737, 0.00691787246615, -0.00143319508061, -0.00166099506896, 0.00173535570502, 0.000692997302394, -0.000300498999422, 0.0032719920855, -0.000710172753315], [0.000341632199707, -0.00185091549065, 0.000254215265159, -0.000835989543702, -0.00102360744495, -0.00143319508061, 0.00994031596929, -0.00122762378305, 0.000117549228889, 2.87688344542e-05, 0.0013794641709, -0.00113804067951, 0.00050585862482], [-0.000309068796923, 0.00128923205193, -0.00120365538169, 0.000370890513295, -0.000113221605716, -0.00166099506896, -0.00122762378305, 0.0135459387675, -0.00481143081561, 0.000307780632284, -0.00115899206139, -0.00240814266726, 0.00189212430269], [0.000194007021491, -0.00180716195609, 0.000887708039954, -0.00180984113831, -0.000244450522587, 0.00173535570502, 0.000117549228889, -0.00481143081561, 0.0161837507039, -0.00557578681037, -0.00119373074267, 0.00242617703043, -0.00107647944242], [-0.000277215789538, 0.00244116410613, -0.00117906020023, 0.000806879077572, -0.000791579834186, 0.000692997302394, 2.87688344542e-05, 0.000307780632284, -0.00557578681037, 0.017606947571, -0.00228745141067, -0.00281197275035, 0.00162189360708], [0.00035457406193, -0.0022693995852, 0.00128962099552, -0.00205707107671, 0.00333830108866, -0.000300498999422, 0.0013794641709, -0.00115899206139, -0.00119373074267, -0.00228745141067, 0.0124531574547, -0.00398832280189, 0.000930050795432], [-0.000192919716937, 0.00125095702242, -0.0015963583719, 0.00170530797914, -0.000387146516005, 0.0032719920855, -0.00113804067951, -0.00240814266726, 0.00242617703043, -0.00281197275035, -0.00398832280189, 0.0158533025533, -0.000530140474439], [0.000307616690407, -0.00134180439636, 0.000387695763493, 0.000506218348164, 0.00215309183113, -0.000710172753315, 0.00050585862482, 0.00189212430269, -0.00107647944242, 0.00162189360708, 0.000930050795432, -0.000530140474439, 0.0134538561106]]}, "melbands": {"dmean": [0.00139345892239, 0.00179424881935, 0.000582554086577, 0.000596515601501, 0.000129556938191, 0.000243998889346, 0.000722396420315, 0.000178450340172, 3.19776008837e-05, 2.28104054258e-05, 2.31742487813e-05, 8.59678038978e-06, 9.09407208383e-06, 7.18357023288e-06, 4.3054519665e-06, 2.2352819542e-06, 5.2270793276e-06, 2.73105956694e-06, 1.3036267319e-06, 1.16741375678e-06, 1.07773360014e-06, 1.45746253111e-06, 1.42317821883e-06, 1.26587076466e-06, 9.92544869405e-07, 1.08709912183e-06, 5.05859588884e-07, 3.93491262685e-07, 3.15780567917e-07, 3.58340969342e-07, 2.60438270061e-07, 2.06662818414e-07, 1.9164077969e-07, 3.70165196273e-07, 3.15928190275e-07, 2.19611052898e-07, 2.21887788143e-07, 1.53599614805e-07, 1.48381218423e-07, 1.61780988606e-07], "dmean2": [0.00251860893331, 0.00322868581861, 0.000899402482901, 0.000871139694937, 0.000182452306035, 0.000320794031722, 0.00106226687785, 0.000246316369157, 4.9050180678e-05, 3.27273155563e-05, 3.5307413782e-05, 1.22362325783e-05, 1.2181868442e-05, 9.98982068268e-06, 6.47279875921e-06, 3.34690412274e-06, 7.42492420613e-06, 4.07128391089e-06, 1.94595122593e-06, 1.73463672581e-06, 1.66528161571e-06, 2.40616736846e-06, 2.26749602916e-06, 1.92243942365e-06, 1.5066124206e-06, 1.6361498183e-06, 7.53400627218e-07, 5.50337176719e-07, 4.52833404552e-07, 5.40650944458e-07, 4.15226821815e-07, 3.03300481619e-07, 2.75490947388e-07, 5.65541995456e-07, 4.77740798033e-07, 3.37770586611e-07, 3.39519118597e-07, 2.358654001e-07, 2.43043615455e-07, 2.66739874633e-07], "dvar": [7.6485775935e-05, 0.000105909050035, 2.12804320654e-06, 2.14320971281e-06, 1.12111059991e-07, 4.24982545155e-07, 5.44738259123e-06, 3.07433936086e-07, 1.67966813791e-08, 5.57866197681e-09, 7.04819402841e-09, 1.09196984788e-09, 4.18109491473e-10, 5.46101941445e-10, 2.67288524647e-10, 9.08694161583e-11, 3.43096967503e-10, 1.25742208312e-10, 2.27258715318e-11, 1.31257782421e-11, 8.93362207127e-12, 2.70783413053e-11, 1.75479492048e-11, 2.14073689331e-11, 8.08412625036e-12, 1.18046145775e-11, 2.47564360505e-12, 2.14527245794e-12, 1.08996047864e-12, 1.24783267486e-12, 9.10963145195e-13, 4.33015087545e-13, 3.20787694368e-13, 1.79428704967e-12, 1.189760096e-12, 5.86489624227e-13, 6.09494659604e-13, 2.51398267438e-13, 3.17576585689e-13, 4.121842841e-13], "dvar2": [0.000219286768697, 0.000304121320369, 5.422832146e-06, 4.81378310724e-06, 2.6021180588e-07, 8.51538459301e-07, 1.12923717097e-05, 6.09516689565e-07, 4.52816522056e-08, 1.19135252774e-08, 1.81620869455e-08, 1.93694349448e-09, 7.56764484411e-10, 1.04028086145e-09, 5.7619992111e-10, 2.02426325702e-10, 7.38010041967e-10, 2.71832695242e-10, 4.92901067184e-11, 2.82392113166e-11, 2.12300021313e-11, 7.33721694512e-11, 4.47982519136e-11, 5.06306177539e-11, 1.87984922767e-11, 2.82682280361e-11, 6.19845320904e-12, 3.62614929403e-12, 2.06397312436e-12, 2.95060373703e-12, 2.38714473536e-12, 9.93692975126e-13, 6.72417362676e-13, 4.3850244616e-12, 2.82251630922e-12, 1.33396343017e-12, 1.44367243854e-12, 5.88830416717e-13, 7.94046089731e-13, 1.05661475663e-12], "max": [0.0999661311507, 0.128172829747, 0.0246679224074, 0.024406503886, 0.00678046280518, 0.0150130903348, 0.0473389290273, 0.00955282989889, 0.00356841017492, 0.00193560949992, 0.00140121183358, 0.00116887607146, 0.00036516628461, 0.000945817911997, 0.000574244419113, 0.000307061040075, 0.000349479611032, 0.000316416000715, 0.000110445733299, 7.58551686886e-05, 4.82566683786e-05, 0.000104825543531, 5.33094062121e-05, 0.000200434951694, 3.7353947846e-05, 6.35157848592e-05, 2.70038908639e-05, 3.39158832503e-05, 1.91235067177e-05, 2.07232533285e-05, 1.18609168567e-05, 8.85933513928e-06, 8.04045339464e-06, 2.15983091039e-05, 1.67818234331e-05, 1.6005940779e-05, 8.96250276128e-06, 6.68631628287e-06, 7.15700889486e-06, 1.04111149994e-05], "mean": [0.0013926505344, 0.00229557184502, 0.00114820466843, 0.000963037949987, 0.000331648276187, 0.000533789454494, 0.0010397254955, 0.000308116752421, 6.59549623379e-05, 5.14053717779e-05, 4.6967776143e-05, 1.75002514879e-05, 2.13157491089e-05, 1.35417740239e-05, 6.67784297548e-06, 3.82770986107e-06, 8.11832251202e-06, 5.83918244956e-06, 2.3911027256e-06, 1.74749823145e-06, 1.58030263719e-06, 1.67033351772e-06, 1.80682525297e-06, 1.65012568232e-06, 1.19169669688e-06, 1.3498752196e-06, 6.41153633296e-07, 4.75268791433e-07, 3.84037633694e-07, 3.96766893118e-07, 2.80906931494e-07, 2.25812556209e-07, 2.25769241524e-07, 3.81939543104e-07, 3.15281653229e-07, 2.36015793575e-07, 2.24272767468e-07, 1.77091649789e-07, 1.50739609239e-07, 1.49914853864e-07], "median": [0.000545724935364, 0.000991829903796, 0.000513507984579, 0.00037531516864, 0.000189077138202, 0.00016978115309, 0.000122991463286, 6.23089727014e-05, 1.9954808522e-05, 1.28144783957e-05, 1.16985811474e-05, 3.22173855238e-06, 8.97370227904e-06, 4.23802248406e-06, 1.47044784171e-06, 9.250381936e-07, 1.99473743123e-06, 1.08641279439e-06, 3.54413828063e-07, 2.75210311429e-07, 3.34568795779e-07, 3.10925202029e-07, 4.27984900853e-07, 2.56493279949e-07, 1.36555257768e-07, 1.75225750354e-07, 7.54259730229e-08, 2.48120706203e-08, 2.11986357357e-08, 1.70807048505e-08, 1.36577806842e-08, 1.12555564868e-08, 9.46143252634e-09, 8.55643200737e-09, 8.13108158582e-09, 4.98173680086e-09, 3.38619154938e-09, 2.26036078743e-09, 1.61579838398e-09, 9.89678561325e-10], "min": [2.36319307078e-16, 1.20646039346e-16, 6.20627724073e-17, 6.44549721213e-17, 6.60312739664e-17, 6.07874319563e-17, 3.08881119041e-17, 3.60638074666e-17, 4.25158030096e-17, 4.55036422479e-17, 5.40024134986e-17, 9.91404171004e-18, 2.43148996597e-17, 7.08321177451e-17, 1.41846162285e-16, 9.4211888068e-17, 7.34985906979e-17, 3.71326174623e-17, 1.1930594058e-16, 6.91644488383e-17, 9.72715927578e-18, 3.81605779705e-17, 3.99745387318e-17, 3.86238851404e-17, 1.12142225603e-16, 3.10941526685e-17, 3.42830001044e-17, 5.81934531123e-17, 4.63881200071e-17, 2.95691591825e-17, 9.34674850737e-17, 3.80792594989e-17, 4.59673299208e-17, 6.28282718159e-17, 5.87989228509e-17, 2.64459766524e-17, 4.19684046588e-17, 2.28242788369e-17, 1.66843040927e-17, 3.33802218013e-17], "var": [4.39688010374e-05, 6.27304398222e-05, 2.84499833469e-06, 3.04056720779e-06, 1.93896838141e-07, 1.24804364532e-06, 8.63281911734e-06, 5.9574728084e-07, 2.30556356229e-08, 1.95707059447e-08, 9.83341053029e-09, 4.61703075771e-09, 1.22376075939e-09, 1.39184708203e-09, 5.12546560749e-10, 1.43567477351e-10, 4.95452845417e-10, 4.71176264671e-10, 6.36163413614e-11, 2.36545383975e-11, 1.26856442018e-11, 2.25792665814e-11, 1.80523374027e-11, 3.07808535605e-11, 1.00924190879e-11, 1.40107500254e-11, 3.06152499185e-12, 3.52738433081e-12, 1.68601981335e-12, 1.4462393956e-12, 8.94978644146e-13, 5.39670142342e-13, 4.81407665467e-13, 1.81092640883e-12, 1.22949263617e-12, 6.62341980307e-13, 6.31796698292e-13, 3.27231134984e-13, 3.10778123071e-13, 3.58119648302e-13]}, "mfcc": {"mean": [-792.029541016, 184.427993774, 31.6753520966, 22.5370368958, 8.82087421417, -2.40186238289, -1.91788744926, 3.75956320763, -8.30134963989, -1.36641204357, 1.05700755119, -0.898569524288, -1.01322066784], "cov": [[14098.1474609, 399.422485352, -419.651855469, 620.863830566, -185.469802856, -219.011856079, -365.843841553, -32.2492141724, -411.213043213, 91.1139373779, 225.552871704, 334.79598999, 205.285339355], [399.422485352, 2951.66918945, -171.359085083, 51.7261886597, 247.389923096, 14.980471611, 85.11693573, 125.542434692, 121.420288086, -10.7361278534, 11.1850881577, -105.656227112, -79.4169235229], [-419.651855469, -171.359085083, 863.860595703, 209.363342285, 202.81161499, 205.337966919, 166.303695679, 114.00340271, 93.6998977661, 56.1277351379, 57.7815971375, 78.702583313, 28.0842514038], [620.863830566, 51.7261886597, 209.363342285, 478.563781738, 190.059738159, 167.985931396, 114.790115356, 104.438934326, 46.9051971436, 56.4787940979, 75.185218811, 104.422531128, 58.6123886108], [-185.469802856, 247.389923096, 202.81161499, 190.059738159, 338.418029785, 180.481124878, 144.68951416, 102.23765564, 92.8539505005, 41.7449264526, 49.6236877441, 40.8597183228, 17.6607151031], [-219.011856079, 14.980471611, 205.337966919, 167.985931396, 180.481124878, 263.923553467, 155.629302979, 93.8247375488, 99.2977828979, 47.1702232361, 17.2563610077, 26.7647819519, 0.810299217701], [-365.843841553, 85.11693573, 166.303695679, 114.790115356, 144.68951416, 155.629302979, 194.539871216, 99.392074585, 77.0462493896, 31.3747005463, 23.7137012482, 15.9203224182, -16.3815059662], [-32.2492141724, 125.542434692, 114.00340271, 104.438934326, 102.23765564, 93.8247375488, 99.392074585, 129.048080444, 63.7778053284, 21.4219207764, 37.9344367981, 29.4725666046, -4.67765712738], [-411.213043213, 121.420288086, 93.6998977661, 46.9051971436, 92.8539505005, 99.2977828979, 77.0462493896, 63.7778053284, 158.388000488, 37.5940971375, -8.22146511078, -10.0883102417, -16.803483963], [91.1139373779, -10.7361278534, 56.1277351379, 56.4787940979, 41.7449264526, 47.1702232361, 31.3747005463, 21.4219207764, 37.5940971375, 90.3088912964, 15.5431785583, 0.591040372849, 14.1143655777], [225.552871704, 11.1850881577, 57.7815971375, 75.185218811, 49.6236877441, 17.2563610077, 23.7137012482, 37.9344367981, -8.22146511078, 15.5431785583, 99.6821060181, 66.3471221924, 8.83897304535], [334.79598999, -105.656227112, 78.702583313, 104.422531128, 40.8597183228, 26.7647819519, 15.9203224182, 29.4725666046, -10.0883102417, 0.591040372849, 66.3471221924, 124.882354736, 47.2502555847], [205.285339355, -79.4169235229, 28.0842514038, 58.6123886108, 17.6607151031, 0.810299217701, -16.3815059662, -4.67765712738, -16.803483963, 14.1143655777, 8.83897304535, 47.2502555847, 101.588829041]], "icov": [[9.95904192678e-05, -3.41808154189e-05, 4.31494117947e-05, -0.000150183870574, 6.48622080917e-05, -4.08560808864e-05, 0.000251696881605, -0.000123159858049, 0.000264396134298, -0.000225759809837, 3.12538795697e-05, -0.000225308802328, 4.78928086523e-05], [-3.41808154189e-05, 0.00044474483002, 0.00012870329374, -2.98449704133e-05, -0.00046481192112, 0.00035046931589, -4.96004067827e-05, -0.000356518605258, -0.00031158037018, 0.000308307935484, -0.000208371580811, 0.000632378389128, 8.16143219708e-05], [4.31494117947e-05, 0.00012870329374, 0.00162041129079, -0.000163515083841, -0.000314721895847, -0.000417012983235, -0.000407239276683, -0.000303879292915, -0.00011670517415, -0.000263936875854, -0.00013215461513, -0.000469989056, -0.00011436103523], [-0.000150183870574, -2.98449704133e-05, -0.000163515083841, 0.0039465688169, -0.000824714777991, -0.00124263286125, -0.000322413485264, -0.000896176090464, 0.000307355483528, -0.000772057566792, -0.000285845133476, -0.00146110937931, -0.00102905835956], [6.48622080917e-05, -0.00046481192112, -0.000314721895847, -0.000824714777991, 0.00633086217567, -0.0022473114077, -0.00139951775782, -3.7698293454e-05, -0.000956745177973, 0.000307745154714, -0.00201534805819, 0.000473119551316, -0.0014873953769], [-4.08560808864e-05, 0.00035046931589, -0.000417012983235, -0.00124263286125, -0.0022473114077, 0.0100310053676, -0.00452715251595, -0.000301246909657, -0.00200911820866, -0.00107308046427, 0.00215819990262, -0.000616183620878, 0.000671137357131], [0.000251696881605, -4.96004067827e-05, -0.000407239276683, -0.000322413485264, -0.00139951775782, -0.00452715251595, 0.013743583113, -0.00566607899964, 0.000769600796048, -0.000980329234153, 0.000439458410256, -0.000219018766074, 0.00231305090711], [-0.000123159858049, -0.000356518605258, -0.000303879292915, -0.000896176090464, -3.7698293454e-05, -0.000301246909657, -0.00566607899964, 0.0166399795562, -0.00386219099164, 0.0013046967797, -0.00401016511023, -0.000402354373364, 0.000148653052747], [0.000264396134298, -0.00031158037018, -0.00011670517415, 0.000307355483528, -0.000956745177973, -0.00200911820866, 0.000769600796048, -0.00386219099164, 0.0114796599373, -0.00399346416816, 0.00367744104005, -0.00135084579233, 0.00196767551824], [-0.000225759809837, 0.000308307935484, -0.000263936875854, -0.000772057566792, 0.000307745154714, -0.00107308046427, -0.000980329234153, 0.0013046967797, -0.00399346416816, 0.0155020840466, -0.00494772335514, 0.00528272660449, -0.00376823660918], [3.12538795697e-05, -0.000208371580811, -0.00013215461513, -0.000285845133476, -0.00201534805819, 0.00215819990262, 0.000439458410256, -0.00401016511023, 0.00367744104005, -0.00494772335514, 0.020472323522, -0.0112818870693, 0.0049565625377], [-0.000225308802328, 0.000632378389128, -0.000469989056, -0.00146110937931, 0.000473119551316, -0.000616183620878, -0.000219018766074, -0.000402354373364, -0.00135084579233, 0.00528272660449, -0.0112818870693, 0.0193409956992, -0.00718013616279], [4.78928086523e-05, 8.16143219708e-05, -0.00011436103523, -0.00102905835956, -0.0014873953769, 0.000671137357131, 0.00231305090711, 0.000148653052747, 0.00196767551824, -0.00376823660918, 0.0049565625377, -0.00718013616279, 0.0148263433948]]}, "spectral_contrast_coeffs": {"dmean": [0.0373762398958, 0.0413862429559, 0.0336447358131, 0.0279905740172, 0.0248241703957, 0.0212639346719], "dmean2": [0.0574021041393, 0.0646566450596, 0.0508620478213, 0.0421165972948, 0.0361749827862, 0.031804766506], "dvar": [0.0014091670746, 0.00214935210533, 0.00122710980941, 0.000815505918581, 0.000660125166178, 0.000456410838524], "dvar2": [0.00317653943785, 0.0047958958894, 0.0027264142409, 0.00167659809813, 0.00127060816158, 0.000913034600671], "max": [-0.272257179022, -0.257711261511, -0.367099583149, -0.456376433372, -0.533634781837, -0.62106525898], "mean": [-0.642499804497, -0.657726466656, -0.707120239735, -0.75613874197, -0.771884977818, -0.800008773804], "median": [-0.657428920269, -0.659378886223, -0.712875723839, -0.75934022665, -0.773197770119, -0.797777891159], "min": [-0.990911304951, -0.970540046692, -0.960689544678, -0.964062094688, -0.947090566158, -0.946228563786], "var": [0.00842481385916, 0.0106734968722, 0.00804390851408, 0.00621082168072, 0.00488549517468, 0.00248921616003]}, "spectral_contrast_valleys": {"dmean": [0.303007990122, 0.383383214474, 0.406095296144, 0.411717504263, 0.453599214554, 0.610449612141], "dmean2": [0.482760459185, 0.570614814758, 0.565150380135, 0.562314331532, 0.574167966843, 0.752686440945], "dvar": [0.132118165493, 0.19358932972, 0.217641457915, 0.241435915232, 0.320200026035, 0.497971594334], "dvar2": [0.287423342466, 0.360928297043, 0.380939424038, 0.41998770833, 0