{"lowlevel": {"average_loudness": 0.782914221287, "barkbands_crest": {"dmean": 2.70173621178, "dmean2": 4.30063533783, "dvar": 8.14276790619, "dvar2": 19.6777153015, "max": 26.7209911346, "mean": 12.8265180588, "median": 11.5670185089, "min": 2.2265484333, "var": 34.2064094543}, "barkbands_flatness_db": {"dmean": 0.0271092299372, "dmean2": 0.0425594262779, "dvar": 0.000976250157692, "dvar2": 0.00229316740297, "max": 0.922668993473, "mean": 0.14767460525, "median": 0.133851334453, "min": 0.0141602056101, "var": 0.00561252469197}, "barkbands_kurtosis": {"dmean": 9.29944515228, "dmean2": 15.5206365585, "dvar": 2368.17651367, "dvar2": 5933.19238281, "max": 1788.97753906, "mean": 10.9126386642, "median": 2.7758975029, "min": -1.96246790886, "var": 2615.01660156}, "barkbands_skewness": {"dmean": 0.84823012352, "dmean2": 1.3626512289, "dvar": 1.93403160572, "dvar2": 4.93829107285, "max": 33.6715316772, "mean": 2.05486655235, "median": 1.60449790955, "min": -5.55556440353, "var": 4.60769510269}, "barkbands_spread": {"dmean": 11.655090332, "dmean2": 20.1820087433, "dvar": 264.529510498, "dvar2": 877.752685547, "max": 136.897949219, "mean": 25.7182559967, "median": 20.2616634369, "min": 0.040823109448, "var": 399.902191162}, "dissonance": {"dmean": 0.0234777126461, "dmean2": 0.0392896719277, "dvar": 0.000600569183007, "dvar2": 0.00164908485021, "max": 0.500000059605, "mean": 0.449140459299, "median": 0.456585407257, "min": 0.162628531456, "var": 0.00118263799231}, "dynamic_complexity": 4.96651411057, "erbbands_crest": {"dmean": 3.03602552414, "dmean2": 4.87553215027, "dvar": 8.26885604858, "dvar2": 20.5535392761, "max": 31.2664432526, "mean": 10.5040359497, "median": 9.40778541565, "min": 2.27874565125, "var": 23.7369022369}, "erbbands_flatness_db": {"dmean": 0.0230382829905, "dmean2": 0.036499351263, "dvar": 0.000506754789967, "dvar2": 0.00125657382887, "max": 0.534805297852, "mean": 0.134089723229, "median": 0.128979966044, "min": 0.0340007469058, "var": 0.00240437849425}, "erbbands_kurtosis": {"dmean": 1.43876218796, "dmean2": 2.40670990944, "dvar": 28.3788280487, "dvar2": 70.2125091553, "max": 422.853790283, "mean": 1.55347692966, "median": 0.33206653595, "min": -1.80445146561, "var": 154.239379883}, "erbbands_skewness": {"dmean": 0.424383997917, "dmean2": 0.681491315365, "dvar": 0.239288210869, "dvar2": 0.659767091274, "max": 13.5521011353, "mean": 0.55337613821, "median": 0.501273751259, "min": -4.11552619934, "var": 0.874299049377}, "erbbands_spread": {"dmean": 13.3884220123, "dmean2": 22.4492378235, "dvar": 264.635345459, "dvar2": 791.780456543, "max": 185.323242188, "mean": 41.4697380066, "median": 37.2895812988, "min": 0.412762999535, "var": 485.302337646}, "hfc": {"dmean": 12.2204370499, "dmean2": 21.0844020844, "dvar": 320.034240723, "dvar2": 1037.32080078, "max": 175.283462524, "mean": 22.1051998138, "median": 13.6431856155, "min": 1.18281533639e-16, "var": 508.823974609}, "melbands_crest": {"dmean": 3.01054048538, "dmean2": 4.63280677795, "dvar": 9.66596603394, "dvar2": 23.0046138763, "max": 35.6728477478, "mean": 17.5200824738, "median": 16.1829566956, "min": 2.15203928947, "var": 52.6999778748}, "melbands_flatness_db": {"dmean": 0.0317696481943, "dmean2": 0.0484728291631, "dvar": 0.00134912342764, "dvar2": 0.00292268092744, "max": 1, "mean": 0.229057326913, "median": 0.214374303818, "min": 0.00586833106354, "var": 0.00867062062025}, "melbands_kurtosis": {"dmean": 16.2711906433, "dmean2": 26.5636177063, "dvar": 2222.81982422, "dvar2": 6185.5546875, "max": 973.658325195, "mean": 25.1801109314, "median": 9.35930156708, "min": -1.87535357475, "var": 3206.22387695}, "melbands_skewness": {"dmean": 1.02110111713, "dmean2": 1.58028554916, "dvar": 1.99468803406, "dvar2": 4.81962776184, "max": 26.1899089813, "mean": 3.27605748177, "median": 2.57489204407, "min": -1.9144231081, "var": 6.88498258591}, "melbands_spread": {"dmean": 7.59601593018, "dmean2": 12.1064682007, "dvar": 167.711120605, "dvar2": 467.581481934, "max": 250.361251831, "mean": 21.068775177, "median": 17.4525184631, "min": 0.102266162634, "var": 339.536987305}, "pitch_salience": {"dmean": 0.0736334696412, "dmean2": 0.115093186498, "dvar": 0.00548574980348, "dvar2": 0.0133307930082, "max": 0.858446002007, "mean": 0.463364630938, "median": 0.472010910511, "min": 0.0047010416165, "var": 0.0237642172724}, "silence_rate_20dB": {"dmean": 0, "dmean2": 0, "dvar": 0, "dvar2": 0, "max": 1, "mean": 1, "median": 1, "min": 1, "var": 0}, "silence_rate_30dB": {"dmean": 0.0191699415445, "dmean2": 0.0383435599506, "dvar": 0.0188012495637, "dvar2": 0.0424283631146, "max": 1, "mean": 0.979010939598, "median": 1, "min": 0, "var": 0.020550282672}, "silence_rate_60dB": {"dmean": 0.0164861492813, "dmean2": 0.032879602164, "dvar": 0.0162149537355, "dvar2": 0.0358220897615, "max": 1, "mean": 0.0732221603394, "median": 0, "min": 0, "var": 0.0678606554866}, "spectral_centroid": {"dmean": 292.159759521, "dmean2": 458.410888672, "dvar": 173915.265625, "dvar2": 440219.5, "max": 11528.6435547, "mean": 1310.62561035, "median": 1196.13818359, "min": 49.5363273621, "var": 398277.25}, "spectral_complexity": {"dmean": 2.99894571304, "dmean2": 4.38180589676, "dvar": 16.6949958801, "dvar2": 27.2440776825, "max": 54, "mean": 13.2265672684, "median": 12, "min": 0, "var": 74.1752548218}, "spectral_decrease": {"dmean": 2.12309259062e-09, "dmean2": 3.04341729596e-09, "dvar": 1.08597506869e-17, "dvar2": 2.14151551567e-17, "max": 1.38994205034e-10, "mean": -7.26609439283e-09, "median": -5.36988764566e-09, "min": -4.28978097489e-08, "var": 4.4281433262e-17}, "spectral_energy": {"dmean": 0.00845904462039, "dmean2": 0.0122675271705, "dvar": 0.000158145005116, "dvar2": 0.000309385563014, "max": 0.16406044364, "mean": 0.0294289253652, "median": 0.0221982784569, "min": 1.10391412882e-20, "var": 0.000667203275952}, "spectral_energyband_high": {"dmean": 0.000920269929338, "dmean2": 0.00161466386635, "dvar": 2.24184304898e-06, "dvar2": 7.13560984877e-06, "max": 0.0170944128186, "mean": 0.00103109527845, "median": 0.000391998823034, "min": 7.86305854169e-21, "var": 2.43830186264e-06}, "spectral_energyband_low": {"dmean": 0.00588769186288, "dmean2": 0.00841465871781, "dvar": 0.000142849341501, "dvar2": 0.000284411566099, "max": 0.154165387154, "mean": 0.0142190242186, "median": 0.0065911882557, "min": 5.70075634303e-23, "var": 0.000443196244305}, "spectral_energyband_middle_high": {"dmean": 0.00147015915718, "dmean2": 0.00213121064007, "dvar": 4.0411732698e-06, "dvar2": 8.40419943415e-06, "max": 0.0491148047149, "mean": 0.004252161365, "median": 0.00266929669306, "min": 1.63874960468e-21, "var": 2.67747382168e-05}, "spectral_energyband_middle_low": {"dmean": 0.00340998684987, "dmean2": 0.00502720475197, "dvar": 2.89311992674e-05, "dvar2": 6.42892628093e-05, "max": 0.0996393039823, "mean": 0.0103402249515, "median": 0.00575517257676, "min": 3.25872835879e-22, "var": 0.000156764683197}, "spectral_entropy": {"dmean": 0.273518383503, "dmean2": 0.440075844526, "dvar": 0.0909344851971, "dvar2": 0.238249063492, "max": 9.80410575867, "mean": 7.54832839966, "median": 7.51500034332, "min": 2.73792028427, "var": 0.319196254015}, "spectral_flux": {"dmean": 0.0243939775974, "dmean2": 0.0394027382135, "dvar": 0.000859670981299, "dvar2": 0.00202232226729, "max": 0.301642656326, "mean": 0.069945499301, "median": 0.0639347583055, "min": 1.05067315959e-10, "var": 0.00188932346646}, "spectral_kurtosis": {"dmean": 1.72567665577, "dmean2": 2.81139421463, "dvar": 16.6591835022, "dvar2": 27.5075874329, "max": 381.188201904, "mean": 4.69105243683, "median": 4.02198934555, "min": -1.22119951248, "var": 83.6064224243}, "spectral_rms": {"dmean": 0.000729101069737, "dmean2": 0.00105200568214, "dvar": 7.53100039219e-07, "dvar2": 1.43190061408e-06, "max": 0.0126514416188, "mean": 0.0048380731605, "median": 0.00465369271114, "min": 3.28175182342e-12, "var": 5.30415400135e-06}, "spectral_rolloff": {"dmean": 1411.00561523, "dmean2": 2585.6081543, "dvar": 9043931, "dvar2": 29049460, "max": 18690.8203125, "mean": 1912.16210938, "median": 990.52734375, "min": 64.599609375, "var": 9035025}, "spectral_skewness": {"dmean": 0.262543618679, "dmean2": 0.439926475286, "dvar": 0.126695439219, "dvar2": 0.316208481789, "max": 16.0058784485, "mean": 1.71344041824, "median": 1.68430328369, "min": -0.0511897988617, "var": 0.454442560673}, "spectral_spread": {"dmean": 1590119.5, "dmean2": 2681610, "dvar": 4804675895300.0, "dvar2": 14639237693400.0, "max": 41063920, "mean": 6719461.5, "median": 5773128, "min": 322532, "var": 8921917947900.0}, "spectral_strongpeak": {"dmean": 0.375118046999, "dmean2": 0.622793257236, "dvar": 0.464699327946, "dvar2": 1.17639398575, "max": 8.71537208557, "mean": 0.886676847935, "median": 0.391253650188, "min": 0, "var": 1.31603264809}, "zerocrossingrate": {"dmean": 0.0162376798689, "dmean2": 0.0203030817211, "dvar": 0.00049471820239, "dvar2": 0.000694110873155, "max": 0.50390625, "mean": 0.0673727020621, "median": 0.05419921875, "min": 0.001953125, "var": 0.00279615214095}, "barkbands": {"dmean": [0.000198592300876, 0.00526810111478, 0.000872209318914, 0.00075827841647, 0.00115025567356, 0.000401596334996, 0.000868361559696, 0.00109330634587, 0.000851447402965, 0.00035984168062, 0.000344434636645, 0.000464286655188, 0.00024695074535, 0.000291281816317, 0.00024281500373, 0.000102515004983, 6.5953732701e-05, 0.00015827282914, 0.00011629495566, 6.77143252688e-05, 5.66565540794e-05, 3.897442366e-05, 0.000107310217572, 0.000117760653666, 0.00018247886328, 0.000355713767931, 0.000104810620542], "dmean2": [0.000272807083093, 0.00767181022093, 0.00145703880116, 0.00126774248201, 0.00178999349009, 0.000603023625445, 0.0012789729517, 0.00151076051407, 0.00127926957794, 0.000511180551257, 0.000505845819134, 0.000700838922057, 0.000388703279896, 0.000461297750007, 0.000406648381613, 0.000165066463524, 9.89066757029e-05, 0.00024166944786, 0.000171683976077, 0.000105000210169, 8.07909964351e-05, 6.0550908529e-05, 0.000183035066584, 0.000200897062314, 0.000322890933603, 0.00065587280551, 0.000197237779503], "dvar": [2.10743891671e-07, 0.000129453968839, 4.2856172513e-06, 2.75729030363e-06, 4.56465841125e-06, 8.00719533345e-07, 7.33295610189e-06, 1.10351766125e-05, 5.28506825503e-06, 1.33223238663e-06, 4.29384158451e-07, 1.36613812174e-06, 3.07966530499e-07, 4.26944325227e-07, 2.93300814747e-07, 4.49735360064e-08, 1.5050503066e-08, 9.13146394055e-08, 7.72722046349e-08, 2.86758989887e-08, 1.22053798179e-08, 5.47423661956e-09, 2.87456529691e-08, 3.31206706505e-08, 1.01145474218e-07, 4.18582089878e-07, 3.77129758533e-08], "dvar2": [3.96985029738e-07, 0.000267369934591, 1.09813081508e-05, 7.04823332853e-06, 1.04568825918e-05, 1.77360709586e-06, 1.61151492648e-05, 2.16332828131e-05, 1.24593061628e-05, 2.67221003014e-06, 9.62725493991e-07, 3.00324995806e-06, 7.80094580932e-07, 1.05891376734e-06, 8.1443641875e-07, 1.23364898741e-07, 3.22566506838e-08, 2.13501408552e-07, 1.50516029862e-07, 5.8437155559e-08, 2.20012914554e-08, 1.02473567409e-08, 7.48982813548e-08, 9.23545755427e-08, 3.10202608489e-07, 1.4340830603e-06, 1.28051951265e-07], "max": [0.0101419128478, 0.146904140711, 0.0271878130734, 0.0300743617117, 0.0520065948367, 0.0222141630948, 0.091529622674, 0.0918262973428, 0.0512943342328, 0.0326171033084, 0.0176217369735, 0.0345624424517, 0.0158566907048, 0.0276366602629, 0.0138554545119, 0.00413811765611, 0.00274609960616, 0.00702532054856, 0.0114234825596, 0.00609529670328, 0.00394206028432, 0.00322569301352, 0.00593422260135, 0.00261107040569, 0.00519826263189, 0.00328849558719, 0.00101212353911], "mean": [0.000473512656754, 0.0121854972094, 0.00119362107944, 0.00104407768231, 0.00256024254486, 0.000817683292553, 0.00150989694521, 0.00271057686768, 0.00158998114057, 0.000703007623088, 0.000612066534813, 0.000895816541743, 0.000386671250453, 0.00046793158981, 0.000376355455955, 0.000172233820194, 0.000116408293252, 0.000286636903184, 0.000228117700317, 0.000119393749628, 0.00011606841872, 7.01640674379e-05, 0.000131027845782, 0.00013564551773, 0.000175394423422, 0.000272571342066, 7.82380448072e-05], "median": [7.77149907663e-05, 0.00466053560376, 0.000220432935748, 0.00033162109321, 0.00130418897606, 0.000263022084255, 0.000152736814925, 0.000188753532711, 0.000277553510386, 0.000106729006802, 0.000143786863191, 0.000157701651915, 0.000134915433591, 0.000135386493639, 6.77016287227e-05, 5.56667910132e-05, 3.81308200303e-05, 9.32738621486e-05, 6.91150853527e-05, 4.30315340054e-05, 5.18708839081e-05, 3.60750236723e-05, 5.47318559256e-05, 5.58654719498e-05, 4.95427884744e-05, 3.45808293787e-05, 9.85828592093e-06], "min": [2.76373379176e-23, 2.15602848254e-23, 6.07457883001e-24, 4.4042266055e-24, 3.05588811247e-23, 2.8433213374e-23, 2.71390681263e-23, 1.66439522028e-23, 1.35490962548e-22, 6.69937094533e-23, 5.57417193565e-23, 1.31858844992e-22, 1.22583696148e-22, 1.05276529649e-22, 1.31747697646e-22, 2.12781206392e-22, 1.27941715147e-22, 1.71664097316e-22, 2.10438769131e-22, 3.36701561079e-22, 2.35098119266e-22, 5.47621989746e-22, 5.64141166242e-22, 9.10230676964e-22, 1.33703386067e-21, 1.47574100282e-21, 2.19524848842e-21], "var": [9.35173602556e-07, 0.000371378613636, 4.71249677503e-06, 3.44857085111e-06, 1.60922973009e-05, 2.4011478672e-06, 1.78757400136e-05, 6.32590963505e-05, 1.62930627994e-05, 5.35644267075e-06, 1.02186641016e-06, 4.94248115501e-06, 6.69731036851e-07, 9.58595364864e-07, 6.01220563112e-07, 1.07162676954e-07, 3.94088388589e-08, 2.44250003334e-07, 1.88251760846e-07, 6.37884056687e-08, 3.45794077816e-08, 1.33042536987e-08, 4.46482459893e-08, 4.34455422749e-08, 1.03895153813e-07, 3.09429282197e-07, 2.68725610653e-08]}, "erbbands": {"dmean": [0.194517552853, 1.06198251247, 1.10333800316, 1.64401113987, 3.89317059517, 3.81272649765, 2.36475586891, 4.38805580139, 8.63833522797, 19.0771808624, 20.8725128174, 16.8795509338, 16.2638721466, 14.0888643265, 12.4195251465, 14.0367898941, 10.4112157822, 16.0133743286, 10.573674202, 8.47236633301, 5.21938371658, 4.1202955246, 7.92901706696, 5.98728704453, 5.48172998428, 3.15949726105, 2.3037519455, 2.01928877831, 1.49229502678, 2.2313747406, 3.05975818634, 2.48157596588, 1.80480194092, 1.63262057304, 1.596357584, 1.22854554653, 0.782644331455, 0.163890346885, 0.0198413319886, 0.000525540439412], "dmean2": [0.270130306482, 1.60769331455, 1.76508951187, 2.70309400558, 6.27484750748, 5.85177659988, 3.5316798687, 6.54425764084, 12.6589899063, 27.6887760162, 28.5994739532, 25.3663253784, 23.5611839294, 20.1868724823, 18.400270462, 21.3028907776, 16.1327362061, 25.5921211243, 17.1353378296, 13.6744995117, 8.49459552765, 6.10344791412, 12.0449533463, 8.5590839386, 8.28258991241, 4.82122373581, 3.35607123375, 2.92895269394, 2.34294104576, 3.64703321457, 5.27391576767, 4.21911287308, 3.03534936905, 2.82659959793, 2.88284802437, 2.23975777626, 1.45266222954, 0.303746044636, 0.0377401895821, 0.000990868895315], "dvar": [0.205961734056, 5.18472528458, 6.02449941635, 13.8316898346, 61.978302002, 65.545791626, 32.8520278931, 104.509552002, 786.295837402, 3580.33251953, 3470.40771484, 2942.91552734, 1631.17248535, 743.486999512, 688.65612793, 1145.49633789, 531.349975586, 947.892456055, 650.994750977, 320.619659424, 115.376914978, 54.0386505127, 229.516387939, 155.983718872, 180.849822998, 59.706489563, 21.3456916809, 18.1534881592, 7.46671772003, 13.9081172943, 24.2584133148, 14.3756322861, 8.20092964172, 8.62889480591, 7.78363704681, 4.67136049271, 2.09314393997, 0.0893693864346, 0.00141166313551, 9.31524425596e-07], "dvar2": [0.384025752544, 11.8357172012, 15.33543396, 34.0200805664, 157.898406982, 130.287643433, 63.7509880066, 229.022094727, 1722.67602539, 8611.20605469, 6548.40722656, 7002.04003906, 3591.7175293, 1600.73034668, 1510.60900879, 2611.03881836, 1317.53100586, 2387.75390625, 1632.72705078, 850.680236816, 351.963165283, 115.790130615, 540.482727051, 317.525787354, 350.483764648, 121.331123352, 41.6814231873, 32.9708442688, 14.421462059, 28.2390956879, 65.2721862793, 39.68983078, 22.0313911438, 24.4695587158, 24.974653244, 15.7587976456, 7.17711639404, 0.304159522057, 0.0048385146074, 3.1922782e-06], "max": [6.69798851013, 24.6593589783, 33.0121078491, 72.4107437134, 243.430358887, 283.067016602, 247.89024353, 270.422821045, 896.336547852, 1799.26208496, 1689.42199707, 1464.42932129, 1007.76599121, 470.782897949, 674.703857422, 808.206542969, 758.635009766, 958.225341797, 820.897155762, 484.885925293, 196.226852417, 187.957397461, 342.901641846, 379.828674316, 566.879760742, 248.107727051, 183.643218994, 128.9556427, 104.060600281, 166.452316284, 163.094726562, 49.619972229, 49.3092880249, 69.2612838745, 36.9815292358, 16.295583725, 7.44871711731, 1.32695770264, 0.189381673932, 0.00602136645466], "mean": [0.481155604124, 2.20140647888, 1.80037820339, 2.32399511337, 6.78824615479, 8.24072742462, 6.26933717728, 8.78868675232, 15.7485265732, 38.7113990784, 53.131942749, 32.8979148865, 32.8807144165, 27.505941391, 25.8157672882, 27.8499794006, 18.410238266, 25.8211936951, 17.6389732361, 14.4773206711, 9.56052875519, 7.9970459938, 14.4652996063, 12.0325717926, 10.9287233353, 5.80245494843, 4.4539809227, 4.06756877899, 2.73057150841, 3.30810594559, 3.58636164665, 2.83290457726, 2.15037369728, 1.7117023468, 1.4186975956, 1.01038885117, 0.576265394688, 0.123515993357, 0.0141376862302, 0.000436801929027], "median": [0.139106556773, 0.894981145859, 0.618104100227, 0.949468374252, 2.48550844193, 2.8002884388, 1.85433089733, 2.65832352638, 3.67740631104, 6.21938323975, 5.92528533936, 6.38655471802, 6.95362758636, 7.49705314636, 8.0494146347, 6.03618049622, 6.75520896912, 8.65222358704, 4.48894691467, 4.12015008926, 3.45991802216, 3.18663883209, 4.81484270096, 4.36753034592, 3.13487696648, 2.28631448746, 1.98334646225, 1.6819794178, 1.36841535568, 1.67293000221, 1.47342371941, 1.10848510265, 0.823691964149, 0.533837914467, 0.327607125044, 0.168457180262, 0.062864035368, 0.0134063921869, 0.00164557783864, 0.000128292173031], "min": [5.49818531916e-22, 5.63038376562e-21, 1.1827898392e-20, 9.6396728608e-21, 3.35537059e-20, 1.14166485868e-19, 1.31641697359e-19, 2.99052829904e-19, 4.40903655007e-19, 2.50509347916e-19, 1.3308994844e-18, 2.91908832845e-18, 2.27597339337e-18, 3.31336727615e-18, 2.73971111069e-18, 4.62063503762e-18, 4.54711977427e-18, 6.00185047112e-18, 5.74324692826e-18, 6.86524256935e-18, 1.15168232609e-17, 9.27384113905e-18, 9.5192738986e-18, 1.00512023177e-17, 1.13275039525e-17, 1.49786527066e-17, 8.57445165933e-18, 1.4852754163e-17, 2.01789701272e-17, 1.48821819404e-17, 1.57404248394e-17, 1.63008347413e-17, 1.71392534296e-17, 1.3249976748e-17, 9.52574575971e-18, 5.53202553167e-18, 2.86461414242e-18, 1.09946851447e-18, 2.90529483324e-19, 3.30274833211e-20], "var": [0.696629583836, 11.5827436447, 7.78722953796, 16.2229690552, 130.960830688, 283.537384033, 211.998519897, 307.872344971, 1916.85217285, 8344.20898438, 21379.6738281, 8994.87207031, 5844.82421875, 2255.7668457, 2411.21606445, 3846.59960938, 1310.45922852, 2009.81616211, 1540.09558105, 698.670776367, 322.050994873, 160.525009155, 565.022277832, 428.727630615, 454.636047363, 136.467376709, 52.4779205322, 50.7766265869, 18.5690574646, 29.3351898193, 34.914981842, 18.6020336151, 11.8920087814, 10.118481636, 7.04121303558, 3.73179864883, 1.50020670891, 0.0658473074436, 0.000952939910349, 6.50840718208e-07]}, "gfcc": {"mean": [-14.2670869827, 53.2798423767, -86.6477203369, 10.6959877014, -47.0454750061, 19.6298828125, -26.2779884338, 16.1539878845, -20.767660141, 6.35134601593, -12.6084222794, 3.86387491226, -15.2124481201], "cov": [[15865.9433594, 658.145507812, 551.026184082, 533.449584961, -47.3037071228, -413.301025391, -436.440673828, 91.2176895142, -26.1139316559, 317.325531006, -14.3219833374, -108.791679382, -284.713684082], [658.145507812, 1953.36621094, 130.470550537, 449.742218018, 281.709228516, -111.896125793, 64.5765686035, 35.9318161011, 96.317741394, 3.33277773857, 149.43119812, -50.2448120117, 92.596496582], [551.026184082, 130.470550537, 1096.16845703, 334.870635986, 323.067718506, 264.758880615, 113.247673035, 36.5645103455, 146.47895813, 76.380065918, 5.44351911545, 25.174571991, 16.1804676056], [533.449584961, 449.742218018, 334.870635986, 664.579650879, 412.99597168, 142.563232422, 54.327205658, 18.3893089294, 137.944274902, 89.0984039307, 29.1446609497, -27.8950443268, 89.4579315186], [-47.3037071228, 281.709228516, 323.067718506, 412.99597168, 507.792724609, 232.141647339, 101.038162231, 38.5154838562, 164.301956177, 109.081459045, 28.4648857117, -10.1495141983, 79.2458648682], [-413.301025391, -111.896125793, 264.758880615, 142.563232422, 232.141647339, 397.204498291, 239.538528442, 111.194755554, 114.39239502, 71.6432189941, 44.2437858582, 55.0108833313, 46.4287643433], [-436.440673828, 64.5765686035, 113.247673035, 54.327205658, 101.038162231, 239.538528442, 396.883148193, 242.214584351, 41.1910896301, -4.72600746155, 106.962364197, 92.6639785767, 46.0606956482], [91.2176895142, 35.9318161011, 36.5645103455, 18.3893089294, 38.5154838562, 111.194755554, 242.214584351, 269.937194824, 95.4676132202, 14.4693412781, 68.3893661499, 88.5510406494, 29.4843883514], [-26.1139316559, 96.317741394, 146.47895813, 137.944274902, 164.301956177, 114.39239502, 41.1910896301, 95.4676132202, 251.508010864, 133.010894775, 21.3416614532, 14.0999698639, 73.2102432251], [317.325531006, 3.33277773857, 76.380065918, 89.0984039307, 109.081459045, 71.6432189941, -4.72600746155, 14.4693412781, 133.010894775, 184.626052856, 59.7975234985, -12.6507492065, 20.7888507843], [-14.3219833374, 149.43119812, 5.44351911545, 29.1446609497, 28.4648857117, 44.2437858582, 106.962364197, 68.3893661499, 21.3416614532, 59.7975234985, 160.746353149, 81.6882400513, 23.6803646088], [-108.791679382, -50.2448120117, 25.174571991, -27.8950443268, -10.1495141983, 55.0108833313, 92.6639785767, 88.5510406494, 14.0999698639, -12.6507492065, 81.6882400513, 161.76675415, 71.0614852905], [-284.713684082, 92.596496582, 16.1804676056, 89.4579315186, 79.2458648682, 46.4287643433, 46.0606956482, 29.4843883514, 73.2102432251, 20.7888507843, 23.6803646088, 71.0614852905, 148.593444824]], "icov": [[9.49179229792e-05, -6.11649084021e-05, -6.27382178209e-05, -0.000134133908432, 9.73849746515e-05, 2.8267797461e-05, 0.000252797588473, -0.000385991705116, 0.000362693739589, -0.000482766656205, 0.000262605870375, -0.000187298341189, 0.000181594994501], [-6.11649084021e-05, 0.000985487829894, -6.23134401394e-05, -0.000243080750806, -0.00041711126687, 0.000708648178261, -0.000201560818823, 0.000189850135939, -0.000900812912732, 0.00174241082277, -0.00219174195081, 0.00164572603535, -0.000790040416177], [-6.27382178209e-05, -6.23134401394e-05, 0.00142220722046, -0.00040967433597, -0.000282280758256, -0.000355359632522, -0.000824866758194, 0.00122513761744, -0.000999488984235, 0.00012586163939, 0.000826076662634, -0.00132223975379, 0.00126007606741], [-0.000134133908432, -0.000243080750806, -0.00040967433597, 0.00380976102315, -0.0025698998943, -8.36421895656e-05, 0.000513976381626, -0.000382743397495, 0.000173043707036, 0.000710138992872, -0.00105808582157, 0.00174254004378, -0.00189053395297], [9.73849746515e-05, -0.00041711126687, -0.000282280758256, -0.0025698998943, 0.00587271153927, -0.00212978385389, 5.26478906977e-05, 0.000294101890177, -0.000572823046241, -0.00128594273701, 0.000805442570709, 7.7607233834e-05, -0.000220092639211], [2.8267797461e-05, 0.000708648178261, -0.000355359632522, -8.36421895656e-05, -0.00212978385389, 0.00822281092405, -0.00696843350306, 0.00428873160854, -0.00261681666598, -0.00174631935079, 0.00259362859651, -0.00320344674401, 0.0022295024246], [0.000252797588473, -0.000201560818823, -0.000824866758194, 0.000513976381626, 5.26478906977e-05, -0.00696843350306, 0.0156762264669, -0.013339321129, 0.00632614549249, 0.0025059399195, -0.00699481833726, 0.00643884763122, -0.0051047662273], [-0.000385991705116, 0.000189850135939, 0.00122513761744, -0.000382743397495, 0.000294101890177, 0.00428873160854, -0.013339321129, 0.0182506851852, -0.00997374672443, 0.00160459557083, 0.00341025763191, -0.00763229979202, 0.00605174712837], [0.000362693739589, -0.000900812912732, -0.000999488984235, 0.000173043707036, -0.000572823046241, -0.00261681666598, 0.00632614549249, -0.00997374672443, 0.0151642821729, -0.0093085821718, 0.00323270983063, 0.00131425342988, -0.00491051282734], [-0.000482766656205, 0.00174241082277, 0.00012586163939, 0.000710138992872, -0.00128594273701, -0.00174631935079, 0.0025059399195, 0.00160459557083, -0.0093085821718, 0.0190697256476, -0.0133095700294, 0.00858981441706, -0.00238429009914], [0.000262605870375, -0.00219174195081, 0.000826076662634, -0.00105808582157, 0.000805442570709, 0.00259362859651, -0.00699481833726, 0.00341025763191, 0.00323270983063, -0.0133095700294, 0.0218310803175, -0.0147042851895, 0.00648989900947], [-0.000187298341189, 0.00164572603535, -0.00132223975379, 0.00174254004378, 7.7607233834e-05, -0.00320344674401, 0.00643884763122, -0.00763229979202, 0.00131425342988, 0.00858981441706, -0.0147042851895, 0.0217973664403, -0.0117414742708], [0.000181594994501, -0.000790040416177, 0.00126007606741, -0.00189053395297, -0.000220092639211, 0.0022295024246, -0.0051047662273, 0.00605174712837, -0.00491051282734, -0.00238429009914, 0.00648989900947, -0.0117414742708, 0.0157070681453]]}, "melbands": {"dmean": [0.00160307774786, 0.000796246400569, 0.000347922323272, 0.00027249235427, 0.000101040954178, 9.41863690969e-05, 0.000147002268932, 0.000235014449572, 0.00015212141443, 0.000118936593935, 8.36748076836e-05, 5.86220849073e-05, 4.02282130381e-05, 5.71625787416e-05, 2.42798396357e-05, 3.3033946238e-05, 2.82416294795e-05, 1.63169697771e-05, 2.12533868762e-05, 6.92478351993e-06, 6.01415877099e-06, 3.97375515604e-06, 6.57246346236e-06, 8.4639459601e-06, 4.79389791508e-06, 4.98558301842e-06, 3.16113437293e-06, 2.05214041671e-06, 1.57993190442e-06, 1.55926181833e-06, 1.19433354939e-06, 8.75954981439e-07, 7.76895490162e-07, 1.71100066382e-06, 1.98047587219e-06, 1.46237300669e-06, 1.65929600371e-06, 1.28269914512e-06, 1.23821894249e-06, 1.42288922689e-06], "dmean2": [0.00230775726959, 0.00119982205797, 0.000565058086067, 0.000430571759352, 0.000150950552779, 0.000139923853567, 0.000215193795157, 0.000332824303769, 0.00021037706756, 0.000179239650606, 0.000120777600387, 8.35934406496e-05, 5.98883962084e-05, 8.54909303598e-05, 3.76570496883e-05, 5.23201779288e-05, 4.52320819022e-05, 2.62077792286e-05, 3.56730051863e-05, 1.09108596007e-05, 9.9792259789e-06, 5.9787880673e-06, 1.00031975308e-05, 1.30812386487e-05, 7.00482405591e-06, 7.76132492319e-06, 4.87027909912e-06, 3.17465764965e-06, 2.34805065702e-06, 2.21799200517e-06, 1.7679768689e-06, 1.36851895149e-06, 1.2229809272e-06, 2.85171518044e-06, 3.42249836649e-06, 2.48733954322e-06, 2.86314002551e-06, 2.15723616748e-06, 2.1030816697e-06, 2.49906861427e-06], "dvar": [1.26477107187e-05, 2.63396100308e-06, 4.74353072377e-07, 2.86939553007e-07, 4.89895057854e-08, 4.70693493071e-08, 1.88935203482e-07, 4.5464582854e-07, 1.76654410211e-07, 1.2962141227e-07, 4.40219807274e-08, 1.43912384232e-08, 6.0652398659e-09, 2.45357405504e-08, 4.4513295272e-09, 5.20138643267e-09, 3.32639515932e-09, 2.48978571094e-09, 2.59648769152e-09, 2.65219735063e-10, 1.63679111931e-10, 6.06498046229e-11, 1.92434845836e-10, 2.54485238438e-10, 1.11729597796e-10, 1.62831290118e-10, 7.63459018227e-11, 2.25909950469e-11, 1.01606518338e-11, 1.31139092641e-11, 7.06399262002e-12, 2.71838649681e-12, 2.26342577493e-12, 7.80754454144e-12, 1.07304495151e-11, 5.25823178402e-12, 6.56868266377e-12, 4.22288983296e-12, 4.59344888515e-12, 6.79615088164e-12], "dvar2": [2.53319285548e-05, 6.07515130469e-06, 1.16876083212e-06, 6.5825679485e-07, 9.58449390964e-08, 1.02994405893e-07, 4.17828573518e-07, 1.05124922811e-06, 3.49287375911e-07, 3.01575397543e-07, 9.56270653774e-08, 3.013339267e-08, 1.38186573295e-08, 5.26299253067e-08, 1.07078408362e-08, 1.29148975958e-08, 8.48295833578e-09, 6.01651883869e-09, 7.3809811596e-09, 6.38044728163e-10, 5.11322206798e-10, 1.37144309797e-10, 4.49878134745e-10, 5.90289372937e-10, 2.37933811542e-10, 3.26862842348e-10, 1.63943636444e-10, 4.83127877982e-11, 2.1231346542e-11, 2.50877183611e-11, 1.35147240621e-11, 5.43561549937e-12, 4.84791980865e-12, 1.77290404579e-11, 2.87843446994e-11, 1.3945563454e-11, 1.87167711885e-11, 1.11420378132e-11, 1.20105670201e-11, 1.9799386089e-11], "max": [0.0488852933049, 0.0204860661179, 0.0123889464885, 0.0138775687665, 0.00874061416835, 0.00536693679169, 0.0122502194718, 0.0173902250826, 0.0110263377428, 0.00987705588341, 0.0050133774057, 0.00264045316726, 0.00221254350618, 0.00481818150729, 0.00216177222319, 0.00221812236123, 0.00174793147016, 0.00201083533466, 0.00151256541722, 0.000389313703636, 0.000227594733587, 0.000234887556871, 0.000417417992139, 0.000325742497807, 0.00031795859104, 0.000562377972528, 0.000351190072251, 0.000139227457112, 0.000132364031742, 0.000150828826008, 6.8911955168e-05, 5.65731534152e-05, 6.73923277645e-05, 0.00011346530664, 0.000120674281789, 3.79552548111e-05, 3.35597542289e-05, 3.65053310816e-05, 5.09616547788e-05, 6.51329246466e-05], "mean": [0.00379638676532, 0.00159336638171, 0.000553580990527, 0.000552385812625, 0.000258097541519, 0.000186125849723, 0.000266565039055, 0.000521503970958, 0.000369325804058, 0.000220398098463, 0.000165033590747, 0.000112055728096, 7.95765299699e-05, 0.000111995308544, 3.85113999073e-05, 5.24678871443e-05, 4.38981915067e-05, 2.51289620792e-05, 3.26472145389e-05, 1.09136299216e-05, 1.04318023659e-05, 6.97919540471e-06, 1.09718776002e-05, 1.45908061313e-05, 8.94878030522e-06, 9.23774041439e-06, 5.63355797567e-06, 3.39647363035e-06, 2.80873723568e-06, 2.67526934294e-06, 2.24865812015e-06, 1.51737992837e-06, 1.28152623802e-06, 2.26113456847e-06, 2.27276814257e-06, 1.65963933796e-06, 1.81627967777e-06, 1.525865855e-06, 1.39528867749e-06, 1.43464671964e-06], "median": [0.0012145023793, 0.000801433692686, 0.00025136169279, 0.000240099849179, 7.3923059972e-05, 5.36682418897e-05, 5.08973280375e-05, 6.56839692965e-05, 3.52749011654e-05, 3.38906866091e-05, 3.08172529913e-05, 2.66279457719e-05, 2.56069979514e-05, 2.01385882974e-05, 8.34432285046e-06, 1.66131540027e-05, 1.31952720039e-05, 5.42551242688e-06, 5.82986967856e-06, 3.31620276484e-06, 3.34030346494e-06, 2.22143239625e-06, 3.14021690428e-06, 4.83390431327e-06, 2.932300049e-06, 2.50156426773e-06, 1.51693257067e-06, 1.13714850158e-06, 1.04049490801e-06, 9.0432848765e-07, 7.82555162004e-07, 6.72548594594e-07, 6.43890643914e-07, 9.73578494268e-07, 8.81176902112e-07, 6.63925334266e-07, 6.90188699082e-07, 5.80907226322e-07, 4.72393764994e-07, 4.21240940796e-07], "min": [9.25191373545e-24, 7.50891452131e-24, 2.42145351365e-24, 5.89970375011e-24, 5.6482326429e-24, 6.29267244347e-24, 6.45133445961e-24, 2.46661323667e-24, 1.26384439033e-23, 1.87182824634e-23, 1.02006601801e-23, 1.45271133834e-23, 7.30899981299e-24, 1.35078325186e-23, 1.03638920674e-23, 1.09258718432e-23, 9.54202048879e-24, 9.53726365753e-24, 6.63251766574e-24, 1.34098828155e-23, 1.21189671643e-23, 7.55151932108e-24, 1.15532544988e-23, 5.35788449812e-24, 7.78474841429e-24, 9.26186679349e-24, 8.87898684225e-24, 9.80389706577e-24, 5.13140056008e-24, 5.26146794614e-24, 9.86688366475e-24, 1.40981813102e-23, 6.95764511011e-24, 7.98044744994e-24, 8.49289464941e-24, 1.09844905193e-23, 9.09480498642e-24, 1.1829285607e-23, 1.18971765542e-23, 1.10737067434e-23], "var": [3.86963656638e-05, 5.10661084263e-06, 6.92801904734e-07, 9.45264673646e-07, 2.96819990808e-07, 1.38553673423e-07, 4.7755520427e-07, 1.53354744725e-06, 9.71294070951e-07, 4.06683597021e-07, 1.60901961976e-07, 4.75119179555e-08, 1.64820814774e-08, 8.85851179078e-08, 7.96161803152e-09, 1.21450112189e-08, 6.92996682261e-09, 5.39903544094e-09, 4.79800910114e-09, 5.15641029875e-10, 4.57534704568e-10, 1.55635629384e-10, 4.10080552848e-10, 6.40120123574e-10, 2.67919714192e-10, 3.68685221241e-10, 1.63179775248e-10, 4.81954996745e-11, 2.29822827436e-11, 2.85382203979e-11, 1.88138740698e-11, 6.39143469053e-12, 4.92121751336e-12, 1.39318114337e-11, 1.52085531668e-11, 7.08869638336e-12, 7.88062063523e-12, 6.04872835847e-12, 6.46204357385e-12, 7.38938597811e-12]}, "mfcc": {"mean": [-673.779907227, 105.575248718, 14.7063083649, 7.44456148148, 5.44425296783, 4.55235338211, 9.33222675323, 10.2313756943, 0.357870429754, 7.42559576035, 6.51601886749, 2.43979167938, -1.14165568352], "cov": [[11352.4736328, 1011.64581299, -106.664993286, 405.769256592, 30.6645946503, -341.897277832, -197.370056152, -294.552032471, -415.719970703, 39.7944374084, 51.1042861938, -160.787567139, -49.6444664001], [1011.64581299, 1430.50183105, 75.7003097534, 329.030151367, 104.619102478, -34.9091262817, 59.5512313843, 41.059677124, -24.4145298004, 28.2820320129, 38.9650154114, 30.8320045471, 65.2944412231], [-106.664993286, 75.7003097534, 705.426391602, 124.39730072, 178.710479736, 193.194458008, 68.8687591553, 94.3808364868, 77.3268432617, 75.7007827759, 27.3881855011, 47.1569976807, 60.0063438416], [405.769256592, 329.030151367, 124.39730072, 531.980529785, 302.721740723, 141.426483154, 52.1614456177, -11.7441987991, 74.1775360107, 56.6934623718, 17.1171264648, 11.7015972137, 53.0936508179], [30.6645946503, 104.619102478, 178.710479736, 302.721740723, 439.505126953, 275.897155762, -13.5969581604, -38.2728462219, 115.463386536, 105.757392883, 49.19506073, 7.24603509903, 54.0802879333], [-341.897277832, -34.9091262817, 193.194458008, 141.426483154, 275.897155762, 348.703094482, 110.985717773, 24.8321495056, 122.066413879, 100.238075256, 62.3409690857, 50.9966087341, 24.9694442749], [-197.370056152, 59.5512313843, 68.8687591553, 52.1614456177, -13.5969581604, 110.985717773, 329.263977051, 216.028900146, 67.8013916016, 28.4000339508, 57.6050949097, 84.825088501, 40.2461166382], [-294.552032471, 41.059677124, 94.3808364868, -11.7441987991, -38.2728462219, 24.8321495056, 216.028900146, 328.286102295, 125.563415527, 23.7203044891, 41.5093536377, 63.8899269104, 79.5438308716], [-415.719970703, -24.4145298004, 77.3268432617, 74.1775360107, 115.463386536, 122.066413879, 67.8013916016, 125.563415527, 238.925765991, 105.745018005, 40.2530326843, 34.5337371826, 48.2318496704], [39.7944374084, 28.2820320129, 75.7007827759, 56.6934623718, 105.757392883, 100.238075256, 28.4000339508, 23.7203044891, 105.745018005, 193.017700195, 100.6484375, 35.6657676697, 36.5225067139], [51.1042861938, 38.9650154114, 27.3881855011, 17.1171264648, 49.19506073, 62.3409690857, 57.6050949097, 41.5093536377, 40.2530326843, 100.6484375, 143.884292603, 57.0413894653, 31.3359832764], [-160.787567139, 30.8320045471, 47.1569976807, 11.7015972137, 7.24603509903, 50.9966087341, 84.825088501, 63.8899269104, 34.5337371826, 35.6657676697, 57.0413894653, 142.781036377, 40.9674530029], [-49.6444664001, 65.2944412231, 60.0063438416, 53.0936508179, 54.0802879333, 24.9694442749, 40.2461166382, 79.5438308716, 48.2318496704, 36.5225067139, 31.3359832764, 40.9674530029, 173.020477295]], "icov": [[0.000109728876851, -4.65076409455e-05, -4.28404018749e-06, -7.99612316769e-05, -4.90637139592e-05, 0.000139907817356, -1.55672260007e-05, 2.59704165728e-06, 0.000223937138799, -0.000151214015204, -5.73695433559e-05, 0.000100470912002, 2.87251168629e-05], [-4.65076409455e-05, 0.000910152331926, -5.91642456129e-05, -0.000581868982408, -7.70978731452e-05, 0.00040649244329, -9.25239146454e-05, -0.000158579743584, 0.000251410790952, -7.92080682004e-05, -0.000151940257638, -0.000152188484208, -8.76934354892e-05], [-4.28404018749e-06, -5.91642456129e-05, 0.00187642069068, -0.000193870175281, 7.98957626102e-06, -0.00124312506523, 0.000681603443809, -0.00111057108734, 0.000707247701939, -0.000645823718514, 0.000670728681143, -0.000293795514153, -0.000153998291353], [-7.99612316769e-05, -0.000581868982408, -0.000193870175281, 0.00439302669838, -0.00394748104736, 0.00209284131415, -0.0023105586879, 0.00144030188676, -0.000967731408309, 0.000289123010589, 0.000839336251374, -0.000203440125915, -0.000172167667188], [-4.90637139592e-05, -7.70978731452e-05, 7.98957626102e-06, -0.00394748104736, 0.0102491499856, -0.00756224710494, 0.00424194475636, -0.000813604157884, -0.00034146688995, -0.000220142872422, -0.00113968236838, 0.00132055894937, -0.00146588752978], [0.000139907817356, 0.00040649244329, -0.00124312506523, 0.00209284131415, -0.00756224710494, 0.0114467283711, -0.00581005588174, 0.00341617921367, -0.00221821502782, -0.000271395110758, -0.000201927716262, -0.00111622281838, 0.00114487076644], [-1.55672260007e-05, -9.25239146454e-05, 0.000681603443809, -0.0023105586879, 0.00424194475636, -0.00581005588174, 0.00941582769156, -0.00614335993305, 0.0022226900328, -0.000123344565509, -0.000880080566276, -0.0013254362857, 0.000529454380739], [2.59704165728e-06, -0.000158579743584, -0.00111057108734, 0.00144030188676, -0.000813604157884, 0.00341617921367, -0.00614335993305, 0.00952298287302, -0.00510178040713, 0.0021837039385, -0.00115133344661, 0.00023809542472, -0.00207060249522], [0.000223937138799, 0.000251410790952, 0.000707247701939, -0.000967731408309, -0.00034146688995, -0.00221821502782, 0.0022226900328, -0.00510178040713, 0.00985462870449, -0.00504073454067, 0.00233157142065, -0.000310353614623, 0.00024449636112], [-0.000151214015204, -7.92080682004e-05, -0.000645823718514, 0.000289123010589, -0.000220142872422, -0.000271395110758, -0.000123344565509, 0.0021837039385, -0.00504073454067, 0.0119811017066, -0.00727058527991, 0.000568866962567, -0.000687295629177], [-5.73695433559e-05, -0.000151940257638, 0.000670728681143, 0.000839336251374, -0.00113968236838, -0.000201927716262, -0.000880080566276, -0.00115133344661, 0.00233157142065, -0.00727058527991, 0.013737811707, -0.00335001572967, -0.000140001851832], [0.000100470912002, -0.000152188484208, -0.000293795514153, -0.000203440125915, 0.00132055894937, -0.00111622281838, -0.0013254362857, 0.00023809542472, -0.000310353614623, 0.000568866962567, -0.00335001572967, 0.0100058773533, -0.00159825617447], [2.87251168629e-05, -8.76934354892e-05, -0.000153998291353, -0.000172167667188, -0.00146588752978, 0.00114487076644, 0.000529454380739, -0.00207060249522, 0.00024449636112, -0.000687295629177, -0.000140001851832, -0.00159825617447, 0.00752969039604]]}, "spectral_contrast_coeffs": {"dmean": [0.0538546927273, 0.0558639094234, 0.0459262728691, 0.0389190241694, 0.0276267323643, 0.0205305572599], "dmean2": [0.0867631360888, 0.0883499011397, 0.0723456591368, 0.0614228062332, 0.0443280301988, 0.0329202264547], "dvar": [0.00259817717597, 0.00261363107711, 0.00170780043118, 0.00117572513409, 0.000628654728644, 0.000362062943168], "dvar2": [0.00609192671254, 0.00609406782314, 0.00406991830096, 0.00269343168475, 0.00145905010868, 0.000912025047], "max": [-0.268962025642, -0.350538760424, -0.427019953728, -0.493506252766, -0.592414855957, -0.629622280598], "mean": [-0.63164460659, -0.686972200871, -0.724872767925, -0.754710912704, -0.769665658474, -0.796626806259], "median": [-0.638920545578, -0.697102487087, -0.732888579369, -0.757435619831, -0.773781180382, -0.797009825706], "min": [-0.964506089687, -0.964332997799, -0.962854444981, -0.962437808514, -0.966203927994, -0.958712100983], "var": [0.0110098719597, 0.0114157022908, 0.00704097608104, 0.00435790652409, 0.00273430976085, 0.00147728179581]}, "spectral_contrast_valleys": {"dmean": [0.511047959328, 0.464745938778, 0.400725483894, 0.36781540513, 0.338766992092, 0.49818354845], "dmean2": [0.841411590576, 0.779187560081, 0.654287815094, 0.569280803204, 0.518459558487, 0.782266557217], "dvar": [0.34802827239, 0.265296459198, 0.210519656539, 0.207664266229, 0.199818566442, 0.30039665103], "dvar2": [0.773428678513, 0.668453931808, 0.484356224537, 0.42839640379, 0.408270299435, 0.744906008244], "max": [-5.35084867477, -5.42377853394, -5.20228624344, -5.90820932388, -5.6303768158, -7.66811323166], "mean": [-7.99211120605, -7.6496090889, -7.88755941391, -8.39683437347, -8.300157547,