{"lowlevel": {"average_loudness": 0.927318394184, "barkbands_crest": {"dmean": 2.67239189148, "dmean2": 4.29294204712, "dvar": 7.26041555405, "dvar2": 17.5687713623, "max": 26.8861217499, "mean": 12.8940238953, "median": 12.0473117828, "min": 3.286434412, "var": 23.7920475006}, "barkbands_flatness_db": {"dmean": 0.029987173155, "dmean2": 0.0467913337052, "dvar": 0.00114895019215, "dvar2": 0.00285367225297, "max": 0.762257635593, "mean": 0.225559845567, "median": 0.213951200247, "min": 0.0309923626482, "var": 0.00630956981331}, "barkbands_kurtosis": {"dmean": 19.1752986908, "dmean2": 31.7259635925, "dvar": 41479.6640625, "dvar2": 116958.476562, "max": 9031.74609375, "mean": 23.209318161, "median": 1.96949672699, "min": -1.97372019291, "var": 43139.9101562}, "barkbands_skewness": {"dmean": 0.867922127247, "dmean2": 1.33336412907, "dvar": 5.13268661499, "dvar2": 13.551150322, "max": 79.7421417236, "mean": 1.55947852135, "median": 1.30009520054, "min": -31.7543106079, "var": 15.6360588074}, "barkbands_spread": {"dmean": 3.23141884804, "dmean2": 5.08515834808, "dvar": 19.5445098877, "dvar2": 45.1211204529, "max": 157.455383301, "mean": 13.2486696243, "median": 11.2885246277, "min": 0.049971010536, "var": 83.5199966431}, "dissonance": {"dmean": 0.0295492559671, "dmean2": 0.0499383844435, "dvar": 0.000987460603938, "dvar2": 0.00263798376545, "max": 0.500000059605, "mean": 0.444615960121, "median": 0.457829028368, "min": 0.1155827865, "var": 0.00229376694188}, "dynamic_complexity": 3.4108672142, "erbbands_crest": {"dmean": 2.91229152679, "dmean2": 4.68016386032, "dvar": 7.60160303116, "dvar2": 18.7154560089, "max": 31.9726715088, "mean": 10.9611225128, "median": 9.83386707306, "min": 2.87064123154, "var": 22.8990459442}, "erbbands_flatness_db": {"dmean": 0.02298303321, "dmean2": 0.0340783856809, "dvar": 0.000622364168521, "dvar2": 0.00132314756047, "max": 0.526298820972, "mean": 0.225311264396, "median": 0.223159566522, "min": 0.0213263370097, "var": 0.00466152187437}, "erbbands_kurtosis": {"dmean": 1.52774441242, "dmean2": 2.42235541344, "dvar": 12.6347284317, "dvar2": 32.8563957214, "max": 121.188308716, "mean": 1.77674973011, "median": 0.727290868759, "min": -1.79776740074, "var": 18.5872821808}, "erbbands_skewness": {"dmean": 0.410024255514, "dmean2": 0.630429208279, "dvar": 0.192040473223, "dvar2": 0.46999207139, "max": 8.77253818512, "mean": 0.341582119465, "median": 0.300672233105, "min": -3.62947821617, "var": 0.806080400944}, "erbbands_spread": {"dmean": 5.56237220764, "dmean2": 8.5943145752, "dvar": 56.1331481934, "dvar2": 130.332855225, "max": 152.608383179, "mean": 21.2392292023, "median": 18.6817989349, "min": 0.573625147343, "var": 156.495925903}, "hfc": {"dmean": 5.48774433136, "dmean2": 8.25606250763, "dvar": 65.9206619263, "dvar2": 144.644546509, "max": 138.612487793, "mean": 17.5656337738, "median": 14.4518632889, "min": 1.19079994541e-16, "var": 197.704437256}, "melbands_crest": {"dmean": 3.636105299, "dmean2": 5.93176603317, "dvar": 11.5872325897, "dvar2": 31.1276531219, "max": 39.9642829895, "mean": 19.9108409882, "median": 19.6853866577, "min": 2.41984128952, "var": 46.8918952942}, "melbands_flatness_db": {"dmean": 0.0344875045121, "dmean2": 0.0537043586373, "dvar": 0.00147481856402, "dvar2": 0.00358362542465, "max": 0.860468327999, "mean": 0.317933171988, "median": 0.305840849876, "min": 0.00794893223792, "var": 0.00903209205717}, "melbands_kurtosis": {"dmean": 55.8850784302, "dmean2": 99.4335098267, "dvar": 1497923.5, "dvar2": 4591472.5, "max": 64089.1757812, "mean": 42.8781814575, "median": 4.52143383026, "min": -1.82373404503, "var": 851901.6875}, "melbands_skewness": {"dmean": 1.03635215759, "dmean2": 1.60522544384, "dvar": 17.5292644501, "dvar2": 52.5656051636, "max": 188.5206604, "mean": 2.49516320229, "median": 1.91450667381, "min": -3.05092048645, "var": 18.6797180176}, "melbands_spread": {"dmean": 4.11288738251, "dmean2": 6.44581031799, "dvar": 31.3007316589, "dvar2": 69.1935958862, "max": 176.708831787, "mean": 15.8423118591, "median": 12.0597743988, "min": 0.0041249319911, "var": 241.295669556}, "pitch_salience": {"dmean": 0.0747376233339, "dmean2": 0.121086336672, "dvar": 0.00544076412916, "dvar2": 0.0136826904491, "max": 0.861918032169, "mean": 0.445282846689, "median": 0.453298270702, "min": 0.00894282758236, "var": 0.0185095127672}, "silence_rate_20dB": {"dmean": 0.0190644301474, "dmean2": 0.0381322279572, "dvar": 0.0187028627843, "dvar2": 0.0536318235099, "max": 1, "mean": 0.989409565926, "median": 1, "min": 0, "var": 0.0104789873585}, "silence_rate_30dB": {"dmean": 0.0716681405902, "dmean2": 0.143348932266, "dvar": 0.0665264055133, "dvar2": 0.131616026163, "max": 1, "mean": 0.903980255127, "median": 1, "min": 0, "var": 0.0867978706956}, "silence_rate_60dB": {"dmean": 0.00529567524791, "dmean2": 0.0105922855437, "dvar": 0.00526637397707, "dvar2": 0.0125941103324, "max": 1, "mean": 0.0420086495578, "median": 0, "min": 0, "var": 0.0402489826083}, "spectral_centroid": {"dmean": 147.741195679, "dmean2": 230.649246216, "dvar": 42386.8710938, "dvar2": 90554.9296875, "max": 11218.8779297, "mean": 885.142150879, "median": 757.806762695, "min": 88.1136398315, "var": 281723.34375}, "spectral_complexity": {"dmean": 2.80494260788, "dmean2": 4.37108325958, "dvar": 13.2156963348, "dvar2": 26.3546009064, "max": 56, "mean": 16.7808666229, "median": 16, "min": 0, "var": 65.1420440674}, "spectral_decrease": {"dmean": 6.97389612725e-09, "dmean2": 1.11133164893e-08, "dvar": 2.57557149453e-16, "dvar2": 5.84884614529e-16, "max": 4.07730701754e-15, "mean": -1.42496565658e-08, "median": -1.04687929436e-08, "min": -1.4688878025e-07, "var": 2.96237173687e-16}, "spectral_energy": {"dmean": 0.0267001651227, "dmean2": 0.0424976944923, "dvar": 0.00371723738499, "dvar2": 0.00843224395066, "max": 0.558858513832, "mean": 0.0553748272359, "median": 0.0409566164017, "min": 1.08916406063e-20, "var": 0.00431021023542}, "spectral_energyband_high": {"dmean": 8.71861848282e-05, "dmean2": 0.000140030286275, "dvar": 5.78525636286e-08, "dvar2": 1.28331109295e-07, "max": 0.0112978499383, "mean": 0.000149967061589, "median": 3.36872108164e-05, "min": 8.13390526234e-21, "var": 1.13481561925e-07}, "spectral_energyband_low": {"dmean": 0.0238598957658, "dmean2": 0.0385494939983, "dvar": 0.00367685128003, "dvar2": 0.00844644289464, "max": 0.54082763195, "mean": 0.0354601927102, "median": 0.0208876859397, "min": 1.43243811794e-22, "var": 0.00389155838639}, "spectral_energyband_middle_high": {"dmean": 0.00191338988952, "dmean2": 0.00293919537216, "dvar": 1.05714934762e-05, "dvar2": 2.30306814046e-05, "max": 0.08395627141, "mean": 0.00549598550424, "median": 0.00349684455432, "min": 1.45387221342e-21, "var": 4.11105284002e-05}, "spectral_energyband_middle_low": {"dmean": 0.00557711068541, "dmean2": 0.00889735575765, "dvar": 9.11916213227e-05, "dvar2": 0.000245411676588, "max": 0.147809401155, "mean": 0.0155325019732, "median": 0.0113418437541, "min": 2.68566016486e-22, "var": 0.000192536812392}, "spectral_entropy": {"dmean": 0.213143840432, "dmean2": 0.331097990274, "dvar": 0.0637418627739, "dvar2": 0.157197505236, "max": 9.80173015594, "mean": 6.90077829361, "median": 6.9971113205, "min": 3.61946725845, "var": 0.409251987934}, "spectral_flux": {"dmean": 0.0404877029359, "dmean2": 0.0653350502253, "dvar": 0.00483692064881, "dvar2": 0.0104007311165, "max": 0.641172707081, "mean": 0.102855533361, "median": 0.0760124996305, "min": 1.04363025166e-10, "var": 0.00850140023977}, "spectral_kurtosis": {"dmean": 7.63145685196, "dmean2": 12.6867017746, "dvar": 206.041732788, "dvar2": 524.467834473, "max": 511.42590332, "mean": 19.611164093, "median": 9.70173740387, "min": -1.21528983116, "var": 1224.89819336}, "spectral_rms": {"dmean": 0.00137705553789, "dmean2": 0.00212472584099, "dvar": 5.15027932124e-06, "dvar2": 1.0829790881e-05, "max": 0.0233501140028, "mean": 0.00661206664518, "median": 0.00632120855153, "min": 3.2597531445e-12, "var": 1.03049014797e-05}, "spectral_rolloff": {"dmean": 193.257522583, "dmean2": 328.574279785, "dvar": 129179.398438, "dvar2": 254103.96875, "max": 19853.6132812, "mean": 913.461242676, "median": 602.9296875, "min": 21.533203125, "var": 3843238.75}, "spectral_skewness": {"dmean": 0.562859833241, "dmean2": 0.919481992722, "dvar": 0.47537407279, "dvar2": 1.14960813522, "max": 17.1322612762, "mean": 2.75665664673, "median": 2.19812273979, "min": 0.0138747328892, "var": 3.39009618759}, "spectral_spread": {"dmean": 429650.125, "dmean2": 673985.3125, "dvar": 450068316160, "dvar2": 983360864256, "max": 41973136, "mean": 2815311.5, "median": 2425661.25, "min": 265742.25, "var": 5748748713980.0}, "spectral_strongpeak": {"dmean": 0.362312674522, "dmean2": 0.620743215084, "dvar": 0.609040677547, "dvar2": 1.55759680271, "max": 13.6745204926, "mean": 0.643254518509, "median": 0.364220052958, "min": 0, "var": 0.889219582081}, "zerocrossingrate": {"dmean": 0.00470900489017, "dmean2": 0.00596893532202, "dvar": 8.95520715858e-05, "dvar2": 0.000124295213027, "max": 0.84814453125, "mean": 0.0342005006969, "median": 0.0244140625, "min": 0, "var": 0.00642910925671}, "barkbands": {"dmean": [0.00172721699346, 0.0183821115643, 0.00613270932809, 0.00215063756332, 0.00143283174839, 0.0012825850863, 0.00120225956198, 0.00164416106418, 0.00077882752521, 0.000486239179736, 0.000369413319277, 0.000555118022021, 0.000514570914675, 0.000400173012167, 0.000264246744337, 0.000201620976441, 0.000153091576067, 9.51615002123e-05, 9.87369930954e-05, 4.85119635414e-05, 3.02671014651e-05, 1.79868748091e-05, 1.18789503176e-05, 8.05194031273e-06, 3.7684687868e-06, 1.83156032563e-06, 1.23118275042e-06], "dmean2": [0.00296892854385, 0.0298375934362, 0.0109103629366, 0.00371293327771, 0.00236362311989, 0.00194896606263, 0.00191166810691, 0.00241634342819, 0.00118176522665, 0.000745725177694, 0.000566084112506, 0.000882087100763, 0.000797502638306, 0.000640745973215, 0.000430134561611, 0.000326028035488, 0.000243221758865, 0.000151421336341, 0.000156887006597, 7.87583994679e-05, 4.94647101732e-05, 3.01833752019e-05, 1.94170661416e-05, 1.34797501232e-05, 6.09674498264e-06, 3.0107346447e-06, 1.97855229089e-06], "dvar": [9.88871215668e-06, 0.00272020185366, 0.000523322320078, 3.71958085452e-05, 1.26879886011e-05, 4.2474653128e-06, 4.17590126744e-06, 8.92544539965e-06, 1.62331809861e-06, 9.12856989999e-07, 5.53410075099e-07, 1.76231480964e-06, 2.72693478109e-06, 7.10679501026e-07, 3.25858621864e-07, 2.72929156608e-07, 1.39235382335e-07, 6.56187211234e-08, 1.01949254372e-07, 1.34361108906e-08, 8.03949795625e-09, 3.7702485578e-09, 2.12087192253e-09, 9.98109150885e-10, 1.31543845261e-10, 4.91002100089e-11, 4.04184741232e-11], "dvar2": [2.77180570265e-05, 0.00651952065527, 0.00141989672557, 0.000105484970845, 3.4786073229e-05, 9.94937818177e-06, 1.11578783617e-05, 1.85969256563e-05, 3.69834447156e-06, 2.01450757231e-06, 1.29192858367e-06, 4.5859887905e-06, 5.31471641807e-06, 1.7439107296e-06, 8.52446589761e-07, 6.44614601697e-07, 3.17544674999e-07, 1.50021989498e-07, 2.3835852403e-07, 3.0419649022e-08, 2.01525249821e-08, 8.94898999348e-09, 4.75801087418e-09, 2.24343388311e-09, 3.2532862515e-10, 1.27877014533e-10, 1.0873481282e-10], "max": [0.0608353093266, 0.51171708107, 0.318304926157, 0.0879860520363, 0.0829234719276, 0.0488215871155, 0.0474720820785, 0.0715027078986, 0.0284742452204, 0.0258108526468, 0.025955606252, 0.0315105095506, 0.0585663318634, 0.0159380342811, 0.0155535191298, 0.0197958257049, 0.0150347147137, 0.00964451674372, 0.0109935961664, 0.00234692171216, 0.00411195820197, 0.00298805814236, 0.00223607686348, 0.00121113995556, 0.000240156645305, 0.000219839304918, 0.000261680368567], "mean": [0.00312870484777, 0.026375239715, 0.00494644651189, 0.00262610591017, 0.00234653544612, 0.00273148040287, 0.00235774437897, 0.00335036125034, 0.00161214999389, 0.000823964248411, 0.000724838755559, 0.0010187443113, 0.000973904214334, 0.000701295561157, 0.000525767332874, 0.000326428795233, 0.000307203707052, 0.000162119715242, 0.000151176092913, 7.31165491743e-05, 4.90983366035e-05, 2.74388148682e-05, 1.58740076586e-05, 1.04912587631e-05, 4.86814542455e-06, 2.24323139264e-06, 1.51829772221e-06], "median": [0.00100318412296, 0.0137650873512, 0.000444976903964, 0.000464531505713, 0.000915905868169, 0.00142015528399, 0.00128948525526, 0.00151803274639, 0.000855665770359, 0.000393901544157, 0.000323386746459, 0.000344370026141, 0.000250117038377, 0.000249057309702, 0.000172637053765, 6.41328151687e-05, 6.62719758111e-05, 3.88314510928e-05, 3.13248638122e-05, 1.80732877197e-05, 1.13251253424e-05, 5.02046168549e-06, 2.13346038436e-06, 1.01222190096e-06, 4.65157853569e-07, 2.03904036766e-07, 1.05351517732e-07], "min": [2.30567180694e-24, 1.16355519394e-22, 1.72280516383e-23, 2.13873239165e-23, 4.85535777673e-23, 1.9750376007e-23, 2.92675442218e-23, 3.65699065592e-23, 5.22800904193e-23, 1.1219876516e-22, 6.99821291325e-23, 7.22265520038e-23, 1.99049990553e-22, 1.44682151349e-22, 6.99180546943e-23, 9.58869391756e-23, 1.23233881617e-22, 2.23360903982e-22, 2.27142640053e-22, 3.23095692083e-22, 3.59216408621e-22, 6.03990279232e-22, 5.73206781008e-22, 1.32617307616e-21, 1.26805293486e-21, 1.94359696241e-21, 2.15217572374e-21], "var": [2.39757609961e-05, 0.0026478106156, 0.000367779022781, 3.50935006281e-05, 1.49451961988e-05, 1.36407315949e-05, 1.07827809188e-05, 2.66243914666e-05, 5.04439503857e-06, 1.88416572655e-06, 1.629131134e-06, 3.82804591936e-06, 8.2383339759e-06, 1.64625089383e-06, 1.03630316062e-06, 7.46357954995e-07, 4.96979623676e-07, 1.46482832974e-07, 1.92544248989e-07, 2.09497024173e-08, 1.48072603068e-08, 6.81912615264e-09, 3.24441207233e-09, 1.96561167343e-09, 1.90236673636e-10, 4.5722259312e-11, 3.37072661449e-11]}, "erbbands": {"dmean": [0.637831866741, 3.89714288712, 7.20339202881, 7.07618188858, 5.17491292953, 5.44541835785, 7.0441069603, 11.7789258957, 15.4177074432, 26.5256786346, 30.0113697052, 19.4990463257, 17.6132926941, 11.2765026093, 15.1919231415, 25.4340686798, 23.1689872742, 22.4412479401, 13.3056793213, 11.2633686066, 9.86171627045, 6.46946716309, 5.18557357788, 6.04231929779, 3.59749221802, 2.20201802254, 1.60250735283, 0.947622478008, 0.69168138504, 0.470637530088, 0.321444451809, 0.224775701761, 0.101232156157, 0.0498292781413, 0.023821849376, 0.00857135280967, 0.00310837081634, 0.00115067826118, 0.000172980580828, 4.1893155867e-05], "dmean2": [1.04979741573, 6.40038013458, 12.366312027, 12.4243631363, 8.66866874695, 8.91330337524, 11.3647184372, 17.7078590393, 24.2887229919, 40.2577972412, 44.8231201172, 29.3189163208, 26.9620113373, 17.6210956573, 23.5961227417, 40.3122558594, 35.5554504395, 35.5225982666, 21.3988113403, 18.058889389, 16.0303993225, 10.1631965637, 8.14633464813, 9.63485145569, 5.90095853806, 3.5408821106, 2.58917093277, 1.56715190411, 1.15682792664, 0.78850632906, 0.52717602253, 0.376564174891, 0.168328091502, 0.0824928283691, 0.0386016070843, 0.014199135825, 0.00511092832312, 0.00183240242768, 0.000286149501335, 6.58581848256e-05], "dvar": [2.65367746353, 143.530212402, 640.241516113, 516.239074707, 175.516952515, 189.137283325, 185.345779419, 385.514709473, 879.8515625, 2577.51489258, 3718.41015625, 1036.15661621, 1139.56237793, 697.332214355, 966.55682373, 3280.48730469, 5779.50634766, 2257.80517578, 641.581665039, 594.391113281, 589.429016113, 217.705444336, 202.338943481, 436.723754883, 111.000846863, 29.4161071777, 20.1721801758, 9.15259838104, 5.24026346207, 3.667760849, 1.58405733109, 0.852296233177, 0.126198500395, 0.023956399411, 0.00665029138327, 0.00102197402157, 0.000171913183294, 1.97405570361e-05, 1.73078365151e-06, 1.06185789051e-08], "dvar2": [6.56766223907, 350.585021973, 1681.40063477, 1441.50964355, 491.361907959, 498.14163208, 480.791687012, 857.842956543, 2502.41894531, 5947.86816406, 7698.66992188, 2315.12036133, 2493.63305664, 1654.07116699, 2307.10400391, 8359.15234375, 11050.2148438, 5307.12939453, 1607.33740234, 1422.12878418, 1424.1697998, 466.042053223, 408.217681885, 1055.64282227, 273.889373779, 66.3981704712, 48.6602592468, 22.3513431549, 12.4000673294, 8.29504489899, 3.66808319092, 1.90355610847, 0.289149969816, 0.0591885372996, 0.016883417964, 0.00258386111818, 0.000465159129817, 4.96459906572e-05, 4.9380632845e-06, 2.59658339274e-08], "max": [17.652173996, 128.490356445, 350.350646973, 338.026611328, 278.432006836, 248.084396362, 283.214752197, 617.377685547, 701.295471191, 1352.40063477, 1885.19250488, 821.719360352, 958.832702637, 813.431396484, 868.784790039, 1299.6385498, 3101.37915039, 807.359741211, 619.355163574, 863.422302246, 706.707580566, 451.46081543, 715.140930176, 787.453552246, 188.543991089, 101.921638489, 182.898071289, 144.843719482, 102.804824829, 107.567169189, 55.633731842, 39.3571243286, 14.5690736771, 3.93361449242, 1.45303678513, 1.07588791847, 0.437432438135, 0.111530914903, 0.0719836205244, 0.0026829757262], "mean": [1.02734923363, 4.83084201813, 6.53371906281, 7.34425735474, 7.93033266068, 8.50878238678, 12.3753023148, 24.7495861053, 31.3769798279, 54.5604820251, 63.4240684509, 43.2158317566, 32.7941360474, 21.4774227142, 30.9019165039, 48.6448631287, 46.5866203308, 42.6165237427, 26.9002838135, 23.5264434814, 18.5071754456, 13.7673473358, 10.1727371216, 9.64254760742, 4.91425514221, 3.43733978271, 2.47016572952, 1.58653688431, 1.06880319118, 0.684595108032, 0.42707669735, 0.290621757507, 0.131753981113, 0.066486723721, 0.0285763330758, 0.0103955781087, 0.00381990312599, 0.0013877088204, 0.000219346446102, 8.1203863374e-05], "median": [0.690401732922, 1.67125177383, 0.983842611313, 1.38677299023, 2.19814562798, 3.01569104195, 5.58699893951, 13.2256202698, 17.1674842834, 27.519493103, 28.2497940063, 23.1665477753, 17.1223278046, 10.9003190994, 14.7727470398, 17.3101558685, 13.861205101, 17.0683898926, 11.1024475098, 7.50165700912, 4.69328594208, 3.28389048576, 2.47963237762, 2.06835794449, 1.1805113554, 0.882046163082, 0.610682249069, 0.337796747684, 0.189876928926, 0.102619282901, 0.0589414276183, 0.0282494165003, 0.0127492118627, 0.00640909001231, 0.00283352169208, 0.00104062934406, 0.000354677118594, 9.61764890235e-05, 3.87646323361e-05, 5.00792739331e-05], "min": [3.46322629848e-21, 2.51070060049e-20, 2.67809158343e-20, 4.36619111465e-20, 9.94833579105e-20, 2.05050215636e-19, 1.51915299636e-19, 1.7019210084e-19, 3.54259070781e-19, 3.87124688427e-19, 1.18368387603e-18, 1.28410587715e-18, 3.71059160721e-18, 2.28596263324e-18, 3.1919082109e-18, 2.36315492121e-18, 7.14105105535e-18, 9.8498185801e-18, 5.97520698359e-18, 3.01369070036e-18, 5.45468910748e-18, 8.06578355908e-18, 1.20859475105e-17, 1.05434144868e-17, 1.18471321959e-17, 1.54974239908e-17, 1.5848196547e-17, 1.58370494611e-17, 2.34519898078e-17, 1.6349196683e-17, 1.64170139127e-17, 2.25302310184e-17, 2.5028873988e-17, 1.31417624988e-17, 9.72320535246e-18, 4.52353065116e-18, 3.94693447901e-18, 1.35221148269e-18, 2.86393295918e-19, 3.686702308e-20], "var": [2.65928816795, 131.164718628, 499.901245117, 377.551422119, 200.147994995, 258.042877197, 384.560058594, 1190.60070801, 1938.42614746, 6360.64648438, 11893.4248047, 3658.67236328, 2580.65722656, 1300.59655762, 2725.18212891, 8032.69824219, 17708.078125, 5639.61425781, 1942.86096191, 2137.69140625, 1682.82275391, 841.732971191, 625.143493652, 850.036376953, 135.28414917, 46.9759521484, 31.3554878235, 18.6004085541, 10.1511163712, 5.9967083931, 2.31133294106, 1.57767808437, 0.259003996849, 0.0408987663686, 0.00727313337848, 0.00103973574005, 0.000143863057019, 2.16193839151e-05, 1.07478786049e-06, 1.21494787564e-08]}, "gfcc": {"mean": [-55.8733215332, 157.820007324, -116.763999939, 9.45892238617, -39.5996665955, 5.76751852036, -14.7958946228, 2.46745729446, -2.7401497364, 6.75678157806, -1.08502614498, -4.05247163773, -5.09296321869], "cov": [[18272.296875, 570.037780762, -1936.4864502, 1832.03051758, -601.788452148, 780.44317627, -376.00177002, 717.018432617, -157.282333374, 562.281982422, 29.2277297974, 321.846435547, -131.653579712], [570.037780762, 1850.6307373, -167.386657715, -442.198455811, 62.7648162842, -191.178268433, 17.5872211456, -188.007949829, 51.0348091125, -97.9474639893, -9.91604042053, -165.688278198, 10.0190877914], [-1936.4864502, -167.386657715, 1203.07775879, -134.221893311, -194.739974976, -28.6115570068, 19.3779335022, -70.6331787109, -136.979873657, -104.642021179, -133.621826172, -103.231895447, -41.1068572998], [1832.03051758, -442.198455811, -134.221893311, 793.296813965, 69.8617935181, 214.748306274, 100.541999817, 179.73260498, 33.44008255, 62.5745658875, 79.4726867676, 122.443382263, 45.4910583496], [-601.788452148, 62.7648162842, -194.739974976, 69.8617935181, 582.742675781, 59.8690299988, 88.1128463745, 86.2993011475, 100.823425293, 24.5479736328, 109.244377136, 45.5817260742, 33.8502235413], [780.44317627, -191.178268433, -28.6115570068, 214.748306274, 59.8690299988, 283.011993408, 58.9543571472, 67.1500549316, 28.4182033539, 47.8303184509, 42.914150238, 60.7337875366, 20.597234726], [-376.00177002, 17.5872211456, 19.3779335022, 100.541999817, 88.1128463745, 58.9543571472, 191.375549316, 34.275844574, 46.1583557129, -10.8599510193, 39.9143295288, 22.3566207886, 33.4806442261], [717.018432617, -188.007949829, -70.6331787109, 179.73260498, 86.2993011475, 67.1500549316, 34.275844574, 212.727233887, 31.4092979431, 46.3971214294, 37.9815254211, 54.4616165161, -1.24048042297], [-157.282333374, 51.0348091125, -136.979873657, 33.44008255, 100.823425293, 28.4182033539, 46.1583557129, 31.4092979431, 167.888870239, 45.1406211853, 59.1663627625, 28.0777282715, 31.1637935638], [562.281982422, -97.9474639893, -104.642021179, 62.5745658875, 24.5479736328, 47.8303184509, -10.8599510193, 46.3971214294, 45.1406211853, 137.732192993, 46.9535293579, 38.7321891785, 7.76795721054], [29.2277297974, -9.91604042053, -133.621826172, 79.4726867676, 109.244377136, 42.914150238, 39.9143295288, 37.9815254211, 59.1663627625, 46.9535293579, 134.294952393, 71.4379043579, 31.3826007843], [321.846435547, -165.688278198, -103.231895447, 122.443382263, 45.5817260742, 60.7337875366, 22.3566207886, 54.4616165161, 28.0777282715, 38.7321891785, 71.4379043579, 129.838897705, 52.1705589294], [-131.653579712, 10.0190877914, -41.1068572998, 45.4910583496, 33.8502235413, 20.597234726, 33.4806442261, -1.24048042297, 31.1637935638, 7.76795721054, 31.3826007843, 52.1705589294, 99.669883728]], "icov": [[0.000351171183866, -0.000581315427553, 0.00045429932652, -0.000779275957029, 0.000518473796546, -0.00072021986125, 0.000782609451562, -0.00083706760779, 0.000738134374842, -0.00100834411569, 0.00087768182857, -0.000787421129644, 0.000748385733459], [-0.000581315427553, 0.00176532834303, -0.000549332355149, 0.00157624122221, -0.000888578593731, 0.00133755174465, -0.00150019081775, 0.00164431601297, -0.00137478113174, 0.00203412002884, -0.00197565928102, 0.00251110596582, -0.00176253519021], [0.00045429932652, -0.000549332355149, 0.0016920461785, -0.00080856581917, 0.000867426744662, -0.00107962207403, 0.000501574075315, -0.00105596031062, 0.00149491336197, -0.00091730710119, 0.00146857963409, -0.00033598850132, 0.000786618446], [-0.000779275957029, 0.00157624122221, -0.00080856581917, 0.00381982978433, -0.000965854036622, 0.00066096422961, -0.00237956177443, 0.000789015728515, -0.00135715783108, 0.00235467962921, -0.00223916699179, 0.00146822852548, -0.0020867746789], [0.000518473796546, -0.000888578593731, 0.000867426744662, -0.000965854036622, 0.00308043928817, -0.00130122969858, 0.000655402254779, -0.00204095407389, 0.000511346908752, -0.000985324382782, -0.000218983012019, -0.000581980275456, 0.000840400753077], [-0.00072021986125, 0.00133755174465, -0.00107962207403, 0.00066096422961, -0.00130122969858, 0.00640138331801, -0.00254831742495, 0.00176129385363, -0.00158828124404, 0.000952121452428, -0.0016088912962, 0.00061030179495, -0.00122620677575], [0.000782609451562, -0.00150019081775, 0.000501574075315, -0.00237956177443, 0.000655402254779, -0.00254831742495, 0.00894052628428, -0.00245924829505, 0.000205748074222, -0.000473592284834, 0.000524064060301, -0.000975529314019, 6.584438961e-05], [-0.00083706760779, 0.00164431601297, -0.00105596031062, 0.000789015728515, -0.00204095407389, 0.00176129385363, -0.00245924829505, 0.00896990858018, -0.00225128605962, 0.00117249158211, -0.00136217812542, -8.52960001794e-05, 0.000286392431008], [0.000738134374842, -0.00137478113174, 0.00149491336197, -0.00135715783108, 0.000511346908752, -0.00158828124404, 0.000205748074222, -0.00225128605962, 0.0101147200912, -0.00416523450986, 1.6336038243e-05, -0.00053403392667, -0.000156957597937], [-0.00100834411569, 0.00203412002884, -0.00091730710119, 0.00235467962921, -0.000985324382782, 0.000952121452428, -0.000473592284834, 0.00117249158211, -0.00416523450986, 0.0130524197593, -0.00508606759831, 0.00222758064047, -0.00195735995658], [0.00087768182857, -0.00197565928102, 0.00146857963409, -0.00223916699179, -0.000218983012019, -0.0016088912962, 0.000524064060301, -0.00136217812542, 1.6336038243e-05, -0.00508606759831, 0.0166535470635, -0.00898077338934, 0.00304796406999], [-0.000787421129644, 0.00251110596582, -0.00033598850132, 0.00146822852548, -0.000581980275456, 0.00061030179495, -0.000975529314019, -8.52960001794e-05, -0.00053403392667, 0.00222758064047, -0.00898077338934, 0.0193395074457, -0.00900490116328], [0.000748385733459, -0.00176253519021, 0.000786618446, -0.0020867746789, 0.000840400753077, -0.00122620677575, 6.584438961e-05, 0.000286392431008, -0.000156957597937, -0.00195735995658, 0.00304796406999, -0.00900490116328, 0.0163805242628]]}, "melbands": {"dmean": [0.00538963405415, 0.00406955834478, 0.0011775100138, 0.000356278032996, 0.000230747828027, 0.000259721156908, 0.000238378721406, 0.00030696351314, 0.000231938363868, 0.000122331097373, 8.62945453264e-05, 4.45881923952e-05, 4.63402175228e-05, 6.64349718136e-05, 5.19954664924e-05, 5.29256903974e-05, 4.53935354017e-05, 2.16148273466e-05, 1.98422258109e-05, 1.65613892023e-05, 1.17860017781e-05, 8.14757277112e-06, 5.37639652975e-06, 4.27641043643e-06, 5.38057111044e-06, 2.90172329187e-06, 2.12073177863e-06, 1.4439184497e-06, 1.13640692234e-06, 7.63093680689e-07, 5.4566299923e-07, 4.18901237254e-07, 3.38581713777e-07, 2.41368098841e-07, 1.86511385891e-07, 1.70676415223e-07, 1.31407205117e-07, 8.31547026792e-08, 4.99191621373e-08, 3.89464744899e-08], "dmean2": [0.00878752488643, 0.00674226600677, 0.00204337271862, 0.000585735833738, 0.000372961018002, 0.000392269168515, 0.000373347924324, 0.000461129733594, 0.000347883556969, 0.000183257900062, 0.000132415094413, 6.9972309575e-05, 7.15053247404e-05, 0.0001055277462, 8.13952792669e-05, 8.1207283074e-05, 7.24243436707e-05, 3.4940920159e-05, 3.23451022268e-05, 2.64304580924e-05, 1.93789073819e-05, 1.28893452711e-05, 8.48887248139e-06, 6.82796962792e-06, 8.59186002344e-06, 4.8092142606e-06, 3.48246749127e-06, 2.33739820032e-06, 1.83495819783e-06, 1.2611043303e-06, 9.17467730233e-07, 7.10906249424e-07, 5.71251860038e-07, 4.05423037364e-07, 3.08376229441e-07, 2.84124524796e-07, 2.22515453174e-07, 1.40738819709e-07, 8.20826855374e-08, 6.46631903578e-08], "dvar": [0.00021623900102, 0.000158085938892, 1.25171081891e-05, 8.47537648951e-07, 1.83103793461e-07, 1.79855035753e-07, 1.8484057307e-07, 3.46672379692e-07, 2.28200704555e-07, 4.28162287847e-08, 2.81158030191e-08, 1.1594610605e-08, 9.76251612883e-09, 2.52681591206e-08, 1.4532290038e-08, 3.88353669223e-08, 9.79118208733e-09, 1.67843439147e-09, 2.56951149247e-09, 1.73479297594e-09, 8.3783496807e-10, 3.82605752636e-10, 1.82798803872e-10, 1.32008792786e-10, 3.78980347104e-10, 7.47432185588e-11, 3.05673646117e-11, 1.33101776129e-11, 9.8625474107e-12, 6.56926162773e-12, 3.42793827178e-12, 1.95247984447e-12, 1.76610635838e-12, 1.00686679046e-12, 5.93338854611e-13, 4.04636719097e-13, 3.4231591086e-13, 9.22447543155e-14, 2.96314859314e-14, 1.43541743839e-14], "dvar2": [0.000525382638443, 0.00038965625572, 3.45931839547e-05, 2.327433549e-06, 4.7714536322e-07, 4.09340515262e-07, 5.10330494308e-07, 7.78009905389e-07, 4.78300421491e-07, 9.32827362021e-08, 6.15409092575e-08, 2.77292944162e-08, 2.3039826047e-08, 6.74621745134e-08, 3.42982886536e-08, 7.06754121893e-08, 2.39078037367e-08, 4.17959133969e-09, 6.99942903637e-09, 3.87883147823e-09, 2.08345252162e-09, 8.42054870276e-10, 3.90021126506e-10, 3.00238972573e-10, 9.13171038786e-10, 1.84391085734e-10, 7.55579973588e-11, 3.09874730042e-11, 2.31113860688e-11, 1.79472148948e-11, 8.39563227967e-12, 4.75960156704e-12, 4.34902287794e-12, 2.21753214749e-12, 1.38814144641e-12, 9.47276220138e-13, 7.83012001591e-13, 2.20794709556e-13, 6.57735991323e-14, 3.61927183373e-14], "max": [0.147101253271, 0.142523065209, 0.0504783242941, 0.0219981390983, 0.00777141330764, 0.0119382673874, 0.0101235229522, 0.0161265116185, 0.0144001012668, 0.00544762378559, 0.0048103951849, 0.00319511187263, 0.00403008982539, 0.00429732957855, 0.00348926056176, 0.00797085370868, 0.00182096567005, 0.000821881869342, 0.00135136244353, 0.00176433764864, 0.000787350872997, 0.00072734587593, 0.000533068727236, 0.000436106929556, 0.000783581694122, 0.000157421120093, 0.00011367163097, 6.96867646184e-05, 0.000116117662401, 9.98323375825e-05, 8.09771299828e-05, 4.70707818749e-05, 7.64858486946e-05, 5.48223542864e-05, 3.40352635249e-05, 2.53884973063e-05, 2.32358579524e-05, 1.19552514661e-05, 7.91766433395e-06, 2.62246248894e-06], "mean": [0.0082936109975, 0.00445370888337, 0.00133230816573, 0.000584701425396, 0.000411065731896, 0.000553235644475, 0.000488986959681, 0.000629839138128, 0.000476517656352, 0.00025936201564, 0.000154349167133, 7.95497835497e-05, 9.12819450605e-05, 0.000124672093079, 9.89405016298e-05, 0.000102294434328, 7.87272074376e-05, 4.0324692236e-05, 3.98814045184e-05, 2.95909121633e-05, 2.06095701287e-05, 1.65641886269e-05, 1.00423185359e-05, 7.42979727875e-06, 8.28341762826e-06, 3.70298130292e-06, 2.7455723739e-06, 2.19944649871e-06, 1.60715569564e-06, 1.22241283407e-06, 8.37598861381e-07, 6.25322172709e-07, 4.64415990109e-07, 3.38483971518e-07, 2.48322038487e-07, 2.10024381886e-07, 1.64918276369e-07, 9.78384520067e-08, 7.33629335059e-08, 4.86936606592e-08], "median": [0.00510834297165, 0.00109472172335, 0.000279473897535, 0.00019869042444, 0.00019740202697, 0.00029889648431, 0.000269301090157, 0.000319347396726, 0.000201544331503, 0.000132127825054, 7.6822398114e-05, 3.675210246e-05, 4.20164833486e-05, 4.75019078294e-05, 3.36792945745e-05, 2.61422283074e-05, 2.81464690488e-05, 1.60236122611e-05, 1.11180206659e-05, 6.68202619636e-06, 4.75690376334e-06, 3.4981258068e-06, 2.31501599046e-06, 1.84544694548e-06, 1.5434920897e-06, 7.68869654166e-07, 6.62482307234e-07, 5.15058331985e-07, 3.66208922742e-07, 2.80964343347e-07, 1.56324375666e-07, 1.16993405186e-07, 6.34594954363e-08, 4.88394640286e-08, 3.59244758386e-08, 2.16592273006e-08, 1.41252938235e-08, 9.18114206883e-09, 5.9813540787e-09, 4.73111727572e-09], "min": [3.22339041946e-23, 2.12536624801e-23, 9.62689008927e-24, 1.06358305653e-23, 6.95457565232e-24, 3.58943623675e-24, 5.98494727067e-24, 4.63811163655e-24, 1.02612399644e-23, 7.72593804494e-24, 1.87513373131e-23, 9.04505468458e-24, 1.05021273193e-23, 1.02702747884e-23, 3.29061059826e-24, 2.45025214317e-23, 1.73245309047e-23, 1.02697470404e-23, 3.716519362e-24, 5.79847356888e-24, 6.27288820639e-24, 7.73892663975e-24, 8.7257569223e-24, 1.21103157268e-23, 7.76872428272e-24, 8.80478027462e-24, 8.80166269632e-24, 1.04415861891e-23, 9.36143208378e-24, 9.80475850188e-24, 9.3183997214e-24, 1.33309620151e-23, 1.08286037158e-23, 9.08890588458e-24, 9.19914288519e-24, 9.98404844184e-24, 1.54236727348e-23, 1.90589835998e-23, 1.27323380726e-23, 1.08437025136e-23], "var": [0.000211732316529, 0.000142765056808, 9.89129057416e-06, 1.00919635315e-06, 3.49515090647e-07, 5.67847791899e-07, 4.49747318498e-07, 8.75095793162e-07, 7.01124633906e-07, 1.47787659444e-07, 6.24641742775e-08, 2.04286525474e-08, 2.92297386295e-08, 5.19415799261e-08, 3.27014717527e-08, 1.27110723724e-07, 2.18796927243e-08, 4.4386982978e-09, 7.82574183233e-09, 5.76669556551e-09, 2.15715600937e-09, 1.45536227514e-09, 5.31976851459e-10, 3.08071373967e-10, 7.57377216498e-10, 9.01866081815e-11, 3.61731512799e-11, 2.1026390698e-11, 1.39990848774e-11, 1.08491444994e-11, 6.82877235661e-12, 3.52085114536e-12, 2.71427823793e-12, 1.57895137937e-12, 8.0487033054e-13, 6.31122866641e-13, 6.19866733897e-13, 1.57050506497e-13, 1.00536766412e-13, 1.8417574391e-14]}, "mfcc": {"mean": [-693.857177734, 188.789245605, -10.0642080307, 17.8697509766, -2.04262638092, 10.3068256378, 0.70854985714, 2.21669745445, 3.03467845917, 9.42567157745, 8.38363170624, 8.82151126862, 3.66563725471], "cov": [[9948.25585938, 27.8722782135, -1250.71789551, 773.150512695, 287.197479248, 254.327102661, 74.8318252563, 279.997467041, 95.6064987183, 209.813461304, 155.323364258, 320.26550293, 238.815002441], [27.8722782135, 1886.2611084, -153.271697998, -202.807235718, -36.8112106323, -55.1281929016, -48.033946991, -115.058822632, -5.29360246658, 1.71346139908, 20.1408061981, -39.1487884521, -31.2101478577], [-1250.71789551, -153.271697998, 1232.40075684, -90.2934494019, -243.961364746, -58.7707138062, -10.652879715, -69.3279647827, -51.6459846497, -37.9115715027, -100.821624756, -193.909362793, -134.754959106], [773.150512695, -202.807235718, -90.2934494019, 421.422821045, 108.604850769, 41.449180603, 85.6244354248, 108.82623291, 51.7463264465, 38.7049293518, 28.3302631378, 51.6156768799, 37.5503311157], [287.197479248, -36.8112106323, -243.961364746, 108.604850769, 320.690429688, 74.8491668701, 80.1544113159, 84.0333938599, 34.3940467834, 47.7159385681, 53.8462371826, 64.2433013916, 52.5699043274], [254.327102661, -55.1281929016, -58.7707138062, 41.449180603, 74.8491668701, 232.310760498, 61.9681930542, 54.1553573608, 36.2764167786, 27.1449642181, 22.8287029266, 43.2693710327, 37.9994850159], [74.8318252563, -48.033946991, -10.652879715, 85.6244354248, 80.1544113159, 61.9681930542, 177.045684814, 87.5358581543, 21.4228000641, 19.9299049377, 11.985414505, 18.5309906006, 18.4323387146], [279.997467041, -115.058822632, -69.3279647827, 108.82623291, 84.0333938599, 54.1553573608, 87.5358581543, 187.559005737, 51.8462600708, 22.1381607056, 25.6428432465, 40.1278190613, 43.216129303], [95.6064987183, -5.29360246658, -51.6459846497, 51.7463264465, 34.3940467834, 36.2764167786, 21.4228000641, 51.8462600708, 109.282035828, 37.7809829712, 10.628657341, 26.4243736267, 16.7480735779], [209.813461304, 1.71346139908, -37.9115715027, 38.7049293518, 47.7159385681, 27.1449642181, 19.9299049377, 22.1381607056, 37.7809829712, 105.866523743, 43.4172096252, 15.6910581589, 15.0331506729], [155.323364258, 20.1408061981, -100.821624756, 28.3302631378, 53.8462371826, 22.8287029266, 11.985414505, 25.6428432465, 10.628657341, 43.4172096252, 110.093147278, 55.8386154175, 19.5326461792], [320.26550293, -39.1487884521, -193.909362793, 51.6156768799, 64.2433013916, 43.2693710327, 18.5309906006, 40.1278190613, 26.4243736267, 15.6910581589, 55.8386154175, 135.244644165, 64.8777008057], [238.815002441, -31.2101478577, -134.754959106, 37.5503311157, 52.5699043274, 37.9994850159, 18.4323387146, 43.216129303, 16.7480735779, 15.0331506729, 19.5326461792, 64.8777008057, 104.474571228]], "icov": [[0.000144062840263, -2.81875618384e-05, 0.000121761309856, -0.000252378493315, 9.61848563747e-05, -0.000113131813123, 0.000129191786982, -0.000123894220451, 0.000200379930902, -0.000261964276433, 0.000116678435006, -0.000121064360428, -9.82359324553e-06], [-2.81875618384e-05, 0.000603042950388, 0.00011151189392, 0.000302654050756, 1.30819989863e-06, 0.000112083624117, -0.000174087748746, 0.000368034932762, -0.000296844169497, 8.70107978699e-05, -0.000316458259476, 0.000343596417224, -2.45377373176e-06], [0.000121761309856, 0.00011151189392, 0.00133033213206, -0.00018783294945, 0.000795047031716, -0.000222712042159, -0.000254959391896, -0.000130576270749, 0.000306700647343, -0.000385229563108, 0.000258214160567, 0.00107701518573, 0.000607521098573], [-0.000252378493315, 0.000302654050756, -0.00018783294945, 0.00357377482578, -0.000625920889433, 0.000472850719234, -0.000958848628215, -0.000674650305882, -0.000934872427024, 1.24061589304e-05, -0.000106807303382, -0.000280593696516, 7.40584800951e-05], [9.61848563747e-05, 1.30819989863e-06, 0.000795047031716, -0.000625920889433, 0.0047706165351, -0.000665439583827, -0.00110272329766, -0.000697464449331, 0.000363477389328, -0.00109120050911, -0.000688055763021, -5.78745948587e-06, -0.000413448433392], [-0.000113131813123, 0.000112083624117, -0.000222712042159, 0.000472850719234, -0.000665439583827, 0.00539229763672, -0.00141502497718, -1.09071424959e-05, -0.00115860335063, -0.000142564284033, -0.000151398853632, -0.000685067032464, -0.00087743869517], [0.000129191786982, -0.000174087748746, -0.000254959391896, -0.000958848628215, -0.00110272329766, -0.00141502497718, 0.00848728604615, -0.00328470137902, 0.00110717234202, -0.000803302158602, 0.000793554761913, -0.000292158598313, 0.000570484611671], [-0.000123894220451, 0.000368034932762, -0.000130576270749, -0.000674650305882, -0.000697464449331, -1.09071424959e-05, -0.00328470137902, 0.00925623904914, -0.00331875984557, 0.00145494309254, -0.00149508600589, 0.000685144681484, -0.00225049396977], [0.000200379930902, -0.000296844169497, 0.000306700647343, -0.000934872427024, 0.000363477389328, -0.00115860335063, 0.00110717234202, -0.00331875984557, 0.0129933292046, -0.00487144757062, 0.00267153582536, -0.00238537299447, 0.0012007302139], [-0.000261964276433, 8.70107978699e-05, -0.000385229563108, 1.24061589304e-05, -0.00109120050911, -0.000142564284033, -0.000803302158602, 0.00145494309254, -0.00487144757062, 0.0142047991976, -0.00600598100573, 0.00292647746392, -0.00169319077395], [0.000116678435006, -0.000316458259476, 0.000258214160567, -0.000106807303382, -0.000688055763021, -0.000151398853632, 0.000793554761913, -0.00149508600589, 0.00267153582536, -0.00600598100573, 0.0147695476189, -0.00638258643448, 0.00252806791104], [-0.000121064360428, 0.000343596417224, 0.00107701518573, -0.000280593696516, -5.78745948587e-06, -0.000685067032464, -0.000292158598313, 0.000685144681484, -0.00238537299447, 0.00292647746392, -0.00638258643448, 0.0153701491654, -0.00650050444528], [-9.82359324553e-06, -2.45377373176e-06, 0.000607521098573, 7.40584800951e-05, -0.000413448433392, -0.00087743869517, 0.000570484611671, -0.00225049396977, 0.0012007302139, -0.00169319077395, 0.00252806791104, -0.00650050444528, 0.0153231201693]]}, "spectral_contrast_coeffs": {"dmean": [0.0492268316448, 0.0457306317985, 0.0391529686749, 0.0333093293011, 0.0231986436993, 0.0228627882898], "dmean2": [0.0802676603198, 0.0736222788692, 0.0625971928239, 0.053662262857, 0.0370566770434, 0.0364011377096], "dvar": [0.00193151517306, 0.00133711961098, 0.00106258690357, 0.00088028277969, 0.000456942449091, 0.000503475312144], "dvar2": [0.00496952980757, 0.00348797859624, 0.00265053636394, 0.00210321974009, 0.00105514808092, 0.00125793938059], "max": [-0.296751827002, -0.425581634045, -0.46396151185, -0.455787062645, -0.522589802742, -0.554538726807], "mean": [-0.691001474857, -0.720747768879, -0.741361677647, -0.74408531189, -0.793172895908, -0.758626699448], "median": [-0.707284271717, -0.722889900208, -0.741414189339, -0.746169686317, -0.801868081093, -0.75287014246], "min": [-0.978739380836, -0.98230522871, -0.970639646053, -0.988510072231, -0.964078366756, -0.96197271347], "var": [0.011108093895, 0.0058190766722, 0.00448782043532, 0.00514323543757, 0.00373049755581, 0.00267967279069]}, "spectral_contrast_valleys": {"dmean": [0.380453050137, 0.323299705982, 0.317562252283, 0.356139451265, 0.395775824785, 0.406255722046], "dmean2": [0.608555018902, 0.528079986572, 0.512260973454, 0.557468235493, 0.577773571014, 0.597092151642], "dvar": [0.146482378244, 0.0939095318317, 0.105385646224, 0.176393300295, 0.224445149302, 0.266848295927], "dvar2": [0.321641027927, 0.220684930682, 0.240958154202, 0.39021894335