{"lowlevel": {"average_loudness": 0.965252280235, "barkbands_crest": {"dmean": 2.38568663597, "dmean2": 3.59975719452, "dvar": 6.50658559799, "dvar2": 14.7357578278, "max": 26.0935287476, "mean": 13.6031494141, "median": 13.2636852264, "min": 2.08007025719, "var": 23.4108848572}, "barkbands_flatness_db": {"dmean": 0.0257722809911, "dmean2": 0.0366906486452, "dvar": 0.00102697208058, "dvar2": 0.00209419406019, "max": 0.767269968987, "mean": 0.175788834691, "median": 0.132335826755, "min": 0.0120806265622, "var": 0.0145881269127}, "barkbands_kurtosis": {"dmean": 7.08744049072, "dmean2": 11.1518354416, "dvar": 504.695556641, "dvar2": 1249.67993164, "max": 569.967102051, "mean": 11.9824008942, "median": 3.20149040222, "min": -1.91228473186, "var": 1021.98187256}, "barkbands_skewness": {"dmean": 0.728415191174, "dmean2": 1.08343529701, "dvar": 1.10392856598, "dvar2": 2.53618383408, "max": 20.4036865234, "mean": 2.37563967705, "median": 1.94451451302, "min": -2.2003891468, "var": 3.8438179493}, "barkbands_spread": {"dmean": 9.11757183075, "dmean2": 13.3942775726, "dvar": 164.738479614, "dvar2": 364.510467529, "max": 120.601837158, "mean": 31.7707767487, "median": 29.8037014008, "min": 0.129509225488, "var": 493.460113525}, "dissonance": {"dmean": 0.0256172735244, "dmean2": 0.0417849011719, "dvar": 0.000822151545435, "dvar2": 0.00223646988161, "max": 0.499990522861, "mean": 0.436577856541, "median": 0.449947953224, "min": 0.0866579115391, "var": 0.00278141931631}, "dynamic_complexity": 2.39107990265, "erbbands_crest": {"dmean": 2.59690904617, "dmean2": 4.10083532333, "dvar": 6.45060443878, "dvar2": 13.9651460648, "max": 30.2526760101, "mean": 9.16886997223, "median": 7.63619804382, "min": 2.15158343315, "var": 28.5172252655}, "erbbands_flatness_db": {"dmean": 0.0150348609313, "dmean2": 0.0216609667987, "dvar": 0.000374866387574, "dvar2": 0.000659839948639, "max": 0.513952672482, "mean": 0.129171445966, "median": 0.094374075532, "min": 0.0384859181941, "var": 0.00710885366425}, "erbbands_kurtosis": {"dmean": 1.17700231075, "dmean2": 1.85342383385, "dvar": 11.9769458771, "dvar2": 25.8916053772, "max": 118.630630493, "mean": 0.551282584667, "median": -0.5863468647, "min": -1.87222003937, "var": 33.9744911194}, "erbbands_skewness": {"dmean": 0.447125196457, "dmean2": 0.6676222682, "dvar": 0.246511220932, "dvar2": 0.529081940651, "max": 8.86556625366, "mean": 0.222016453743, "median": 0.162775442004, "min": -3.45810484886, "var": 0.910972774029}, "erbbands_spread": {"dmean": 11.1291408539, "dmean2": 17.4496650696, "dvar": 143.026687622, "dvar2": 340.119232178, "max": 181.721984863, "mean": 57.1866645813, "median": 59.5837211609, "min": 0.929264485836, "var": 661.502441406}, "hfc": {"dmean": 22.6791324615, "dmean2": 34.5961952209, "dvar": 2077.64160156, "dvar2": 4911.484375, "max": 379.661346436, "mean": 47.0804176331, "median": 33.3933448792, "min": 1.18935641598e-16, "var": 2743.82348633}, "melbands_crest": {"dmean": 2.56383109093, "dmean2": 3.7341709137, "dvar": 6.93918895721, "dvar2": 15.732468605, "max": 32.4577636719, "mean": 20.232509613, "median": 20.2618598938, "min": 1.96091508865, "var": 30.8368930817}, "melbands_flatness_db": {"dmean": 0.0292747784406, "dmean2": 0.0407852903008, "dvar": 0.00130327709485, "dvar2": 0.00261380989105, "max": 0.934024453163, "mean": 0.254654675722, "median": 0.213413625956, "min": 0.00602399464697, "var": 0.0169978309423}, "melbands_kurtosis": {"dmean": 16.7445144653, "dmean2": 25.9199409485, "dvar": 1490.61096191, "dvar2": 3707.43139648, "max": 879.996337891, "mean": 35.0450439453, "median": 19.7427768707, "min": -1.80739891529, "var": 2767.99169922}, "melbands_skewness": {"dmean": 1.05165719986, "dmean2": 1.56783390045, "dvar": 1.69833755493, "dvar2": 4.02634811401, "max": 22.4977054596, "mean": 4.33417749405, "median": 3.85213780403, "min": -1.90960526466, "var": 5.68152284622}, "melbands_spread": {"dmean": 6.62803697586, "dmean2": 9.93006896973, "dvar": 83.5243301392, "dvar2": 183.108459473, "max": 184.858230591, "mean": 18.8395881653, "median": 15.4436254501, "min": 0.204990416765, "var": 230.123062134}, "pitch_salience": {"dmean": 0.071068264544, "dmean2": 0.108364403248, "dvar": 0.00514926249161, "dvar2": 0.012221166864, "max": 0.953133583069, "mean": 0.384028971195, "median": 0.402247399092, "min": 0.0221281684935, "var": 0.0210021119565}, "silence_rate_20dB": {"dmean": 0, "dmean2": 0, "dvar": 0, "dvar2": 0, "max": 1, "mean": 1, "median": 1, "min": 1, "var": 0}, "silence_rate_30dB": {"dmean": 0.0658944174647, "dmean2": 0.131801351905, "dvar": 0.0615479275584, "dvar2": 0.132655471563, "max": 1, "mean": 0.940567731857, "median": 1, "min": 0, "var": 0.0559028536081}, "silence_rate_60dB": {"dmean": 0.00341815408319, "dmean2": 0.00683695776388, "dvar": 0.00340623641387, "dvar2": 0.0075489487499, "max": 1, "mean": 0.0318048037589, "median": 0, "min": 0, "var": 0.0307891219854}, "spectral_centroid": {"dmean": 309.296081543, "dmean2": 447.518005371, "dvar": 142045.578125, "dvar2": 300879.78125, "max": 10721.2753906, "mean": 1454.9753418, "median": 1428.53723145, "min": 86.3214874268, "var": 583044.125}, "spectral_complexity": {"dmean": 4.18780851364, "dmean2": 6.31374025345, "dvar": 36.6417160034, "dvar2": 69.7321624756, "max": 64, "mean": 18.55169487, "median": 17, "min": 0, "var": 164.741073608}, "spectral_decrease": {"dmean": 3.43208750309e-09, "dmean2": 4.81492490323e-09, "dvar": 3.29876485e-17, "dvar2": 7.36928259406e-17, "max": 2.84455278702e-29, "mean": -1.22288348336e-08, "median": -1.10987601332e-08, "min": -6.76133922184e-08, "var": 5.93186503559e-17}, "spectral_energy": {"dmean": 0.0141843669116, "dmean2": 0.0200840104371, "dvar": 0.000535037484951, "dvar2": 0.00117310986388, "max": 0.262126296759, "mean": 0.050424721092, "median": 0.0456931218505, "min": 1.06804526717e-20, "var": 0.000981698627584}, "spectral_energyband_high": {"dmean": 0.0021126170177, "dmean2": 0.0031978667248, "dvar": 1.88553658518e-05, "dvar2": 4.39234172518e-05, "max": 0.0355155393481, "mean": 0.00379215320572, "median": 0.00216950569302, "min": 7.65947679136e-21, "var": 2.5224779165e-05}, "spectral_energyband_low": {"dmean": 0.0109408423305, "dmean2": 0.0151307955384, "dvar": 0.000450746621937, "dvar2": 0.00103231100366, "max": 0.244087398052, "mean": 0.0323988609016, "median": 0.0270333215594, "min": 4.71739389302e-23, "var": 0.000719144067261}, "spectral_energyband_middle_high": {"dmean": 0.00214953534305, "dmean2": 0.00335540273227, "dvar": 8.75985006132e-06, "dvar2": 1.84284654097e-05, "max": 0.048071552068, "mean": 0.00489970482886, "median": 0.00356983626261, "min": 1.61172234655e-21, "var": 2.18226687139e-05}, "spectral_energyband_middle_low": {"dmean": 0.00425280118361, "dmean2": 0.00588199170306, "dvar": 2.69815609499e-05, "dvar2": 5.42012057849e-05, "max": 0.123284108937, "mean": 0.00964377261698, "median": 0.00728802150115, "min": 3.5749699477e-22, "var": 8.1220678112e-05}, "spectral_entropy": {"dmean": 0.191813230515, "dmean2": 0.258896887302, "dvar": 0.0837728753686, "dvar2": 0.142735138535, "max": 9.80170917511, "mean": 7.55110788345, "median": 7.90059661865, "min": 3.29249954224, "var": 0.949369311333}, "spectral_flux": {"dmean": 0.0322645567358, "dmean2": 0.051135905087, "dvar": 0.00179862848017, "dvar2": 0.003847458167, "max": 0.421350806952, "mean": 0.0878747031093, "median": 0.071737319231, "min": 1.03346275981e-10, "var": 0.0039245323278}, "spectral_kurtosis": {"dmean": 1.83625483513, "dmean2": 2.92883491516, "dvar": 42.6952819824, "dvar2": 92.5838241577, "max": 323.487182617, "mean": 4.84729814529, "median": 1.92794179916, "min": -1.2462900877, "var": 144.51411438}, "spectral_rms": {"dmean": 0.000903992448002, "dmean2": 0.00123656296637, "dvar": 1.47523076066e-06, "dvar2": 3.00942019749e-06, "max": 0.0159916523844, "mean": 0.00666368985549, "median": 0.0066767251119, "min": 3.22799534498e-12, "var": 4.78988386021e-06}, "spectral_rolloff": {"dmean": 992.047668457, "dmean2": 1612.57641602, "dvar": 3068643, "dvar2": 6845273, "max": 18863.0859375, "mean": 1639.08837891, "median": 904.39453125, "min": 64.599609375, "var": 4658238}, "spectral_skewness": {"dmean": 0.209180414677, "dmean2": 0.32411506772, "dvar": 0.171969234943, "dvar2": 0.34208291769, "max": 16.4799594879, "mean": 1.46992826462, "median": 1.16879487038, "min": 0.0308810919523, "var": 1.02066910267}, "spectral_spread": {"dmean": 653449.6875, "dmean2": 1011612.625, "dvar": 1004046188540.0, "dvar2": 1982544609280.0, "max": 41323172, "mean": 6765451, "median": 7354779, "min": 612250.75, "var": 5833433808900.0}, "spectral_strongpeak": {"dmean": 0.234947934747, "dmean2": 0.382134914398, "dvar": 0.213345363736, "dvar2": 0.510103940964, "max": 6.09833335876, "mean": 0.758737206459, "median": 0.655033230782, "min": 0, "var": 0.269819289446}, "zerocrossingrate": {"dmean": 0.0150336101651, "dmean2": 0.0171590223908, "dvar": 0.000371021858882, "dvar2": 0.000477829831652, "max": 0.51806640625, "mean": 0.0674023255706, "median": 0.06103515625, "min": 0.00341796875, "var": 0.00220361747779}, "barkbands": {"dmean": [0.00028393935645, 0.00907400250435, 0.00311408308335, 0.000467323814519, 0.000849089992698, 0.00254828110337, 0.000997435650788, 0.000293461926049, 0.000477113469969, 0.00037220257218, 0.000962665944826, 0.000358536082786, 0.000576611899305, 0.000238149965298, 0.000197268687771, 0.000153441782459, 0.000199868678465, 0.00022825274209, 0.000194882130018, 0.000285179907223, 0.000231313679251, 0.000261714332737, 0.000377581833163, 0.000404663296649, 0.000401628174586, 0.000268763396889, 0.000207414355827], "dmean2": [0.000446046731668, 0.0129503104836, 0.00468890974298, 0.000818651809823, 0.0013886897359, 0.00330857257359, 0.00126925064251, 0.000461025920231, 0.00076216988964, 0.00059108552523, 0.00144635920878, 0.00058282376267, 0.000924735621084, 0.000399931974243, 0.0003462372988, 0.000280014210148, 0.000366995402146, 0.000408196414355, 0.000329786969814, 0.000461770978291, 0.000340543396305, 0.000399636483053, 0.000594238052145, 0.000623484025709, 0.00062315975083, 0.000429147563409, 0.00033869544859], "dvar": [5.31961120487e-07, 0.000363412982551, 4.88859950565e-05, 2.50055450124e-06, 4.74411990581e-06, 1.22008141261e-05, 3.10262180392e-06, 4.50550032838e-07, 6.53358540603e-07, 4.29309892525e-07, 2.6611442081e-06, 5.94115192598e-07, 1.03381330518e-06, 2.09111234994e-07, 5.89650355209e-08, 5.27655537041e-08, 9.94099309537e-08, 1.10490866234e-07, 1.82268379945e-07, 3.22380202533e-07, 1.75299433636e-07, 2.19488228481e-07, 5.59455315852e-07, 7.64859350966e-07, 7.61841306485e-07, 3.82874304705e-07, 2.69987680213e-07], "dvar2": [1.32335276248e-06, 0.000823632464744, 0.000137260460178, 6.79000095261e-06, 1.21690809465e-05, 1.79171420314e-05, 5.12799397256e-06, 1.01734087821e-06, 1.55925704348e-06, 1.03157151443e-06, 5.53144536752e-06, 1.45912679272e-06, 2.35324500863e-06, 5.06365665842e-07, 1.6284981541e-07, 1.53245508727e-07, 2.89716950874e-07, 3.21244186807e-07, 4.92579090405e-07, 8.22398760647e-07, 3.51133991217e-07, 4.79980030832e-07, 1.32292666422e-06, 1.83620318239e-06, 1.82094845513e-06, 9.34691911425e-07, 7.03153375525e-07], "max": [0.00823115929961, 0.227396965027, 0.093833938241, 0.060227740556, 0.0529093369842, 0.0429402887821, 0.0354612767696, 0.0137818800285, 0.0136000644416, 0.0129231866449, 0.0269994661212, 0.0158618669957, 0.016308804974, 0.00835850182921, 0.00341164227575, 0.0042089256458, 0.00425740284845, 0.00472684763372, 0.00599384261295, 0.00797893106937, 0.00656133051962, 0.00831977743655, 0.00681125000119, 0.00766954477876, 0.00785524398088, 0.00549628725275, 0.00509823812172], "mean": [0.000256794271991, 0.0232087336481, 0.00876191537827, 0.000455158064142, 0.0011052316986, 0.00470490707085, 0.00212849723175, 0.000366031628801, 0.000645471387543, 0.000490571663249, 0.0014117017854, 0.000422477809479, 0.00070937955752, 0.000296339974739, 0.000264786242042, 0.000201952061616, 0.000249567063292, 0.000405227328883, 0.000311929674353, 0.000518221408129, 0.000477065943414, 0.000532379141077, 0.000634360418189, 0.000646058062557, 0.000581795116886, 0.000370456371456, 0.000267680676188], "median": [1.43445731737e-05, 0.0163434576243, 0.00546431867406, 6.72945607221e-05, 0.000226959396969, 0.00224494980648, 0.000527878932189, 4.67733043479e-05, 0.000261023844359, 0.000174346219865, 0.000513919745572, 0.000142531993333, 0.000261011067778, 0.000115175476822, 0.00017587209004, 0.000110536289867, 0.000155250818352, 0.000332174444338, 0.000182468196726, 0.000318277161568, 0.00028130580904, 0.000332332652761, 0.00035231540096, 0.000348428904545, 0.000291058851872, 0.000212978266063, 0.000163587115821], "min": [1.51274945135e-24, 1.68194374666e-23, 9.80696810127e-24, 3.9361054214e-23, 9.49683264287e-23, 3.47658226897e-23, 4.58384131949e-23, 6.59780289497e-23, 7.18470783539e-23, 3.79589643955e-23, 2.83850076618e-23, 1.06274356653e-22, 1.18780010811e-22, 7.79038640318e-23, 6.48559531981e-23, 9.46366577497e-23, 2.01222513486e-22, 2.97651911285e-22, 4.08641384232e-22, 3.70330739334e-22, 3.48212467947e-22, 4.41347557363e-22, 6.16209065699e-22, 8.47212782297e-22, 1.28680606447e-21, 1.85798154758e-21, 2.24828841598e-21], "var": [5.09859717113e-07, 0.000544092326891, 8.88233989826e-05, 2.03181070901e-06, 6.31657167105e-06, 3.98803895223e-05, 1.39272397064e-05, 7.07006847733e-07, 1.04810374069e-06, 6.46243677238e-07, 5.2979580687e-06, 6.90812100856e-07, 1.44356044984e-06, 2.68093742761e-07, 8.801694662e-08, 7.35253351536e-08, 1.10282933008e-07, 1.85214247495e-07, 2.32570641856e-07, 5.10162124101e-07, 4.16895090893e-07, 4.097282158e-07, 7.25072652585e-07, 8.98284611139e-07, 8.68754284511e-07, 3.9636472593e-07, 2.29465072721e-07]}, "erbbands": {"dmean": [0.230135634542, 2.29055285454, 4.5682311058, 1.83342373371, 2.14519023895, 2.87222933769, 11.8856668472, 21.0623130798, 12.8876695633, 12.605717659, 7.96781921387, 10.8168392181, 11.562787056, 32.7941703796, 17.5777854919, 15.8526725769, 25.8192653656, 16.2579936981, 8.7865562439, 8.75234889984, 8.72929286957, 10.652215004, 11.6087341309, 13.030919075, 9.2596206665, 12.5398616791, 11.2754688263, 8.71593952179, 10.3932638168, 10.6156511307, 10.2440271378, 8.52154541016, 6.53002309799, 4.96961402893, 2.68285274506, 1.24996519089, 0.479069381952, 0.140501201153, 0.0325907990336, 0.00266583170742], "dmean2": [0.348608136177, 3.26530194283, 6.6838145256, 3.14506268501, 3.55249643326, 4.669962883, 16.3291282654, 27.1301670074, 17.0964412689, 16.338312149, 12.5750255585, 17.3066673279, 18.2950496674, 48.1330223083, 27.3424911499, 25.8516311646, 41.4727706909, 26.9175682068, 14.8883666992, 15.6261320114, 16.0218868256, 19.4558143616, 20.8228244781, 23.1426258087, 15.042757988, 20.1686515808, 16.8159770966, 13.2401275635, 16.0277462006, 16.9252490997, 15.9254436493, 12.992483139, 10.21185112, 7.72862243652, 4.23433494568, 1.99285984039, 0.764254510403, 0.22780457139, 0.0528841912746, 0.00434193853289], "dvar": [0.400704860687, 21.0160675049, 85.2633590698, 28.8443107605, 50.0058403015, 53.0636558533, 455.343414307, 1247.55786133, 491.034179688, 585.688354492, 252.87298584, 424.699829102, 463.955169678, 3431.18115234, 824.33581543, 1341.33569336, 1905.03344727, 553.699890137, 214.980651855, 150.207397461, 165.301361084, 263.223449707, 303.891296387, 715.164428711, 355.656829834, 596.891296387, 523.891174316, 252.452362061, 344.848632812, 454.863464355, 397.870025635, 322.243408203, 207.69694519, 122.632194519, 33.5970039368, 7.82139635086, 1.18713390827, 0.124254859984, 0.00641501042992, 4.2606574425e-05], "dvar2": [0.878107905388, 53.6338310242, 242.957077026, 82.4524765015, 129.723693848, 135.171035767, 832.841491699, 1677.97058105, 802.443664551, 1110.10009766, 598.123046875, 1036.39404297, 1122.52612305, 7050.20898438, 1953.95556641, 3371.3125, 4373.17919922, 1307.0982666, 555.131591797, 431.696502686, 473.155548096, 761.564147949, 892.697814941, 2016.74523926, 888.33404541, 1524.7355957, 1093.5279541, 533.590393066, 761.463806152, 1124.32910156, 921.049255371, 768.901245117, 507.143157959, 294.551757812, 81.3139648438, 19.1021442413, 2.86281299591, 0.323279500008, 0.0166992936283, 0.000109284817881], "max": [6.70353794098, 53.2134895325, 116.318466187, 80.6744995117, 326.139892578, 158.731231689, 334.515777588, 539.769348145, 334.481445312, 513.081420898, 253.194763184, 374.335998535, 421.892883301, 1073.80163574, 637.567138672, 789.946899414, 686.344543457, 381.603393555, 248.157836914, 176.356063843, 249.831893921, 245.420394897, 289.886138916, 306.26361084, 381.178375244, 314.864990234, 388.270996094, 195.9296875, 341.91217041, 226.537918091, 184.273086548, 187.26600647, 127.107627869, 102.585510254, 57.0092048645, 28.3365325928, 9.51782989502, 3.47707009315, 0.812212944031, 0.062770165503], "mean": [0.322687119246, 6.20964193344, 13.9466867447, 3.19915795326, 2.41420483589, 3.99372768402, 20.9991436005, 39.1324043274, 26.781627655, 25.7815113068, 11.0579814911, 14.7306175232, 15.6932096481, 50.7810554504, 25.1264781952, 18.9132289886, 32.7341499329, 22.4032287598, 12.5771417618, 12.7320299149, 12.403834343, 15.1347293854, 19.643409729, 18.9407138824, 18.2974052429, 23.4118747711, 22.2460708618, 17.7936344147, 20.4957771301, 18.6358966827, 17.7617835999, 14.0523033142, 9.91189193726, 7.10599279404, 3.86363506317, 1.73168957233, 0.652888059616, 0.183460265398, 0.0424115844071, 0.00349639216438], "median": [0.115664318204, 4.69806432724, 11.5847930908, 1.53975021839, 0.503736197948, 0.827369689941, 5.36640834808, 15.3236064911, 9.53379249573, 5.5864315033, 3.31102204323, 5.88622283936, 5.25429677963, 14.9691228867, 10.8998594284, 7.02284622192, 13.3405714035, 13.1054325104, 7.09414339066, 8.28623104095, 8.45823574066, 10.468334198, 14.8980093002, 13.3585090637, 11.2889995575, 14.0241537094, 11.8491230011, 11.0219316483, 11.9847545624, 11.0449075699, 10.1256599426, 7.75375986099, 5.45518779755, 3.43902015686, 1.98512458801, 0.924106836319, 0.385550826788, 0.122010320425, 0.0258106570691, 0.00204638228752], "min": [5.61709606631e-22, 3.60051566195e-21, 8.65256689345e-21, 8.0905928253e-20, 1.6552469546e-19, 3.11997120816e-19, 5.87001587265e-19, 1.58462369561e-19, 6.17390807103e-19, 6.82054255622e-19, 1.72965172145e-18, 1.87221557624e-18, 9.00621016058e-19, 1.46320123311e-18, 2.0107617114e-18, 4.94354277412e-18, 5.22848664281e-18, 4.25199207147e-18, 3.97538328823e-18, 4.98124980234e-18, 5.47275597283e-18, 1.08701384211e-17, 1.66918231645e-17, 1.87696346888e-17, 1.90691733322e-17, 1.85117263912e-17, 1.74234280204e-17, 1.13265154717e-17, 1.60726933653e-17, 1.6648161263e-17, 1.62191175686e-17, 1.65549231188e-17, 1.5461592181e-17, 1.68513796872e-17, 8.13447015561e-18, 5.86186173297e-18, 3.96821287309e-18, 1.20361386232e-18, 3.14765151489e-19, 3.42336289765e-20], "var": [0.41582596302, 31.0833683014, 134.999588013, 23.4340229034, 48.6753349304, 79.738861084, 1338.3215332, 4143.07373047, 1732.42443848, 2280.79516602, 366.87979126, 646.168518066, 691.710693359, 7334.86767578, 1345.67443848, 1366.30065918, 2696.79467773, 825.877502441, 306.344909668, 222.233551025, 233.720718384, 341.371124268, 480.792694092, 650.554992676, 770.229492188, 1044.47729492, 1201.7253418, 494.727233887, 616.368103027, 603.148986816, 545.900085449, 400.87600708, 225.275512695, 134.098358154, 38.2590179443, 8.36332321167, 1.24518930912, 0.106977149844, 0.00556455971673, 3.75562776753e-05]}, "gfcc": {"mean": [24.4187889099, 48.8289794922, -80.284324646, 28.9289970398, -43.2638893127, 20.2279949188, -16.5764865875, 7.1376209259, -14.0554924011, 9.57685852051, -0.643749952316, 5.74787712097, -8.84378433228], "cov": [[16370.8427734, -4425.10742188, 1782.87121582, 1198.87084961, -441.651916504, 289.23425293, -814.968933105, 702.16418457, -13.2392539978, 72.7943344116, -341.09161377, 600.298156738, -49.4099960327], [-4425.10742188, 3110.05175781, -257.975799561, 34.0792922974, 406.88848877, 57.9309768677, 599.319824219, -260.772247314, 106.056365967, -40.8375587463, 144.881439209, -341.353546143, -4.57235145569], [1782.87121582, -257.975799561, 1332.86682129, 664.164672852, 289.678924561, 246.045150757, 76.664100647, 127.748908997, 82.6876144409, -52.3162498474, -73.9887008667, -20.691116333, -45.2073936462], [1198.87084961, 34.0792922974, 664.164672852, 709.463928223, 253.89956665, 164.852325439, 87.1072235107, 61.1460533142, 46.0047492981, -66.2978744507, -68.3632888794, -46.4723815918, -28.4416980743], [-441.651916504, 406.88848877, 289.678924561, 253.89956665, 353.289611816, 156.47756958, 160.271835327, 3.71112823486, 42.4462432861, -36.9912185669, -10.0165109634, -71.1785125732, -17.440568924], [289.23425293, 57.9309768677, 246.045150757, 164.852325439, 156.47756958, 253.484863281, 156.161453247, 51.4332618713, 24.0855941772, 5.39279651642, -5.06578445435, -40.2159347534, -46.0381546021], [-814.968933105, 599.319824219, 76.664100647, 87.1072235107, 160.271835327, 156.161453247, 302.989227295, 5.70020580292, 38.9916725159, -11.3038816452, 30.1701889038, -104.321083069, -26.0532722473], [702.16418457, -260.772247314, 127.748908997, 61.1460533142, 3.71112823486, 51.4332618713, 5.70020580292, 137.274047852, 44.9935379028, 17.9694042206, -11.9054317474, 36.7283172607, -16.8120861053], [-13.2392539978, 106.056365967, 82.6876144409, 46.0047492981, 42.4462432861, 24.0855941772, 38.9916725159, 44.9935379028, 96.5966567993, 60.161365509, 28.3871860504, -18.5532569885, -28.3752288818], [72.7943344116, -40.8375587463, -52.3162498474, -66.2978744507, -36.9912185669, 5.39279651642, -11.3038816452, 17.9694042206, 60.161365509, 122.212898254, 66.5623016357, 3.61200284958, -43.7598724365], [-341.09161377, 144.881439209, -73.9887008667, -68.3632888794, -10.0165109634, -5.06578445435, 30.1701889038, -11.9054317474, 28.3871860504, 66.5623016357, 90.1332931519, 13.1590023041, -15.2297134399], [600.298156738, -341.353546143, -20.691116333, -46.4723815918, -71.1785125732, -40.2159347534, -104.321083069, 36.7283172607, -18.5532569885, 3.61200284958, 13.1590023041, 119.35749054, 48.6026496887], [-49.4099960327, -4.57235145569, -45.2073936462, -28.4416980743, -17.440568924, -46.0381546021, -26.0532722473, -16.8120861053, -28.3752288818, -43.7598724365, -15.2297134399, 48.6026496887, 91.7822494507]], "icov": [[0.000180835369974, 3.75589406758e-05, -9.03080799617e-05, -0.000321910862112, 0.000310848234221, -0.000172307816683, 5.7422392274e-05, -0.00027251872234, 0.000302397500491, -0.00064285780536, 0.000812796759419, -0.000803038070444, 0.000241106041358], [3.75589406758e-05, 0.00118240329903, 0.000229430646868, -0.000119278105558, -0.000464870856376, 0.000577713479288, -0.00129480834585, 0.00132160587236, -0.00171377707738, 0.0015294336481, -0.00208162819035, 0.00184509251267, -0.000891938572749], [-9.03080799617e-05, 0.000229430646868, 0.00174225436058, -0.00100919604301, -0.000459823233541, -0.000747607147787, 0.000346396060195, 7.87161116023e-05, -0.0016360260779, 0.00150692649186, -0.000953231356107, 0.000625052780379, -0.000117885778309], [-0.000321910862112, -0.000119278105558, -0.00100919604301, 0.00371917779557, -0.00154548452701, 5.83016881137e-05, 8.81232554093e-05, 0.000511268910486, -0.00132318551186, 0.00214683148079, -0.000487336685183, 0.00127485825215, 0.000188956662896], [0.000310848234221, -0.000464870856376, -0.000459823233541, -0.00154548452701, 0.00677860621363, -0.00331912701949, 0.000477485737065, 0.00036325090332, -0.00213103019632, 0.0015993291745, 0.000383472826798, -0.000682205718476, -0.00020735655562], [-0.000172307816683, 0.000577713479288, -0.000747607147787, 5.83016881137e-05, -0.00331912701949, 0.0113964211196, -0.00761996535584, 5.13865161338e-05, 0.00387505977415, -0.00488366233185, 0.00431686406955, -0.00380674609914, 0.00411975150928], [5.7422392274e-05, -0.00129480834585, 0.000346396060195, 8.81232554093e-05, 0.000477485737065, -0.00761996535584, 0.014510685578, -0.00637483643368, -7.90216363384e-05, 0.00568900397047, -0.0103236660361, 0.0118204681203, -0.00590034294873], [-0.00027251872234, 0.00132160587236, 7.87161116023e-05, 0.000511268910486, 0.00036325090332, 5.13865161338e-05, -0.00637483643368, 0.0190873537213, -0.0121217034757, 0.002631011419, 0.0065771555528, -0.0111418217421, 0.00639620842412], [0.000302397500491, -0.00171377707738, -0.0016360260779, -0.00132318551186, -0.00213103019632, 0.00387505977415, -7.90216363384e-05, -0.0121217034757, 0.0305790863931, -0.0191279333085, 0.00377977872267, 0.00222999812104, -0.00206216913648], [-0.00064285780536, 0.0015294336481, 0.00150692649186, 0.00214683148079, 0.0015993291745, -0.00488366233185, 0.00568900397047, 0.002631011419, -0.0191279333085, 0.0352623015642, -0.024654455483, 0.00973726157099, 0.00274016964249], [0.000812796759419, -0.00208162819035, -0.000953231356107, -0.000487336685183, 0.000383472826798, 0.00431686406955, -0.0103236660361, 0.0065771555528, 0.00377977872267, -0.024654455483, 0.0440954864025, -0.0281099136919, 0.01184195932], [-0.000803038070444, 0.00184509251267, 0.000625052780379, 0.00127485825215, -0.000682205718476, -0.00380674609914, 0.0118204681203, -0.0111418217421, 0.00222999812104, 0.00973726157099, -0.0281099136919, 0.0425764322281, -0.0222405735403], [0.000241106041358, -0.000891938572749, -0.000117885778309, 0.000188956662896, -0.00020735655562, 0.00411975150928, -0.00590034294873, 0.00639620842412, -0.00206216913648, 0.00274016964249, 0.01184195932, -0.0222405735403, 0.0269162598997]]}, "melbands": {"dmean": [0.00224378402345, 0.00262029794976, 0.000334713113261, 0.000186265067896, 0.000335874588927, 0.000472488842206, 0.000210986545426, 0.000119602053019, 7.1064059739e-05, 6.97636351106e-05, 5.46300507267e-05, 0.000121820732602, 8.20742425276e-05, 3.68174150935e-05, 3.57223434548e-05, 7.59660542826e-05, 2.73607784038e-05, 1.47534283315e-05, 1.50473515532e-05, 1.23826403069e-05, 1.03045686046e-05, 1.32533741635e-05, 1.16307301141e-05, 8.61974604049e-06, 1.16016071843e-05, 6.77706566421e-06, 8.3210388766e-06, 8.41466498969e-06, 9.13059648155e-06, 5.18805973115e-06, 5.30362649442e-06, 6.37343600829e-06, 4.96343091072e-06, 7.0773180596e-06, 6.56071733829e-06, 5.13619079356e-06, 5.63446337765e-06, 4.64691629531e-06, 4.54192650068e-06, 4.32540582551e-06], "dmean2": [0.00326482625678, 0.00375936413184, 0.000562375178561, 0.000307116948534, 0.000464091106551, 0.000610917806625, 0.00027491216315, 0.000157337242854, 0.000113027432235, 0.000111448993266, 8.68206479936e-05, 0.000179029506398, 0.000125469407067, 5.94065750192e-05, 5.9292455262e-05, 0.000121961107652, 4.66495293949e-05, 2.50708726526e-05, 2.64074642473e-05, 2.27668897423e-05, 1.88572375919e-05, 2.45868232014e-05, 2.10426042031e-05, 1.51363001351e-05, 2.07155189855e-05, 1.12099141916e-05, 1.36321696118e-05, 1.36070011649e-05, 1.40091660796e-05, 8.2750175352e-06, 8.16611191112e-06, 9.95780374069e-06, 7.84050189395e-06, 1.14771510198e-05, 1.03907213997e-05, 7.75944954512e-06, 8.82764743437e-06, 7.27088581698e-06, 7.46537125451e-06, 6.7368296186e-06], "dvar": [2.79473460978e-05, 2.48756387009e-05, 9.03787622519e-07, 2.73414855201e-07, 3.35299944254e-07, 5.16570310083e-07, 1.22955668758e-07, 5.15458893346e-08, 2.09150972097e-08, 1.91459879062e-08, 1.17125811272e-08, 4.74234269632e-08, 1.79340222672e-08, 5.83932013853e-09, 5.21113197038e-09, 1.97000940005e-08, 2.30991181738e-09, 8.71993088847e-10, 3.71411235101e-10, 3.0985372601e-10, 2.46392461989e-10, 3.64969721112e-10, 3.18357618045e-10, 1.77529935197e-10, 5.89422510799e-10, 1.94612714832e-10, 2.28919869172e-10, 2.85716783566e-10, 4.12738260236e-10, 8.66811900035e-11, 9.31288865469e-11, 1.22072185693e-10, 8.00240498866e-11, 2.14860157444e-10, 1.6597540009e-10, 8.71156619064e-11, 1.65743849201e-10, 1.02266965729e-10, 1.03656389028e-10, 9.20068812804e-11], "dvar2": [5.99477025389e-05, 6.96111455909e-05, 2.53501002589e-06, 7.20495108908e-07, 6.30104750599e-07, 7.10589176833e-07, 1.96972507638e-07, 9.93647404357e-08, 4.91950196135e-08, 4.67585117292e-08, 2.82293424192e-08, 9.81274368428e-08, 3.97215664805e-08, 1.38561455643e-08, 1.32713218193e-08, 4.48688624033e-08, 5.66489477549e-09, 2.22287743767e-09, 1.04420783131e-09, 9.20510223601e-10, 7.14148240544e-10, 1.10611975135e-09, 9.36268729212e-10, 4.94704721632e-10, 1.66954539083e-09, 5.05217867541e-10, 5.8421972815e-10, 7.37225225311e-10, 9.32502075557e-10, 2.08171230254e-10, 2.03298877732e-10, 2.70363037513e-10, 1.81365908403e-10, 5.46278189351e-10, 3.92376409142e-10, 1.91163182506e-10, 4.13302170266e-10, 2.46919901192e-10, 2.58121218843e-10, 2.21327151051e-10], "max": [0.0649600923061, 0.0595014579594, 0.0250681694597, 0.0152704101056, 0.00869278796017, 0.0104297818616, 0.00569414393976, 0.00456270389259, 0.00240012025461, 0.00259056338109, 0.00211836094968, 0.00399218825623, 0.00250303559005, 0.0017019030638, 0.0010702497093, 0.00225455733016, 0.000836326915305, 0.000453277258202, 0.000259742664639, 0.000244230759563, 0.000298693979857, 0.000317198369885, 0.000248620548518, 0.000175183900865, 0.000278191786492, 0.000222193732043, 0.000256257248111, 0.000202537921723, 0.000354374496965, 0.00012173756113, 0.000128364132252, 0.000223327297135, 0.00012655640603, 0.000145840182086, 0.000126407670905, 0.000134721223731, 0.000138055795105, 9.33306582738e-05, 8.62249289639e-05, 9.42327023949e-05], "mean": [0.00473045278341, 0.00811241101474, 0.000606167886872, 0.000213427614653, 0.000603558961302, 0.00087837933097, 0.000449389248388, 0.000237211439526, 9.23668776522e-05, 9.39785386436e-05, 6.98126750649e-05, 0.000187480181921, 0.000118838281196, 4.60748124169e-05, 4.11858563893e-05, 9.09835362108e-05, 3.43239044014e-05, 1.84564469237e-05, 2.01914499485e-05, 1.55954730872e-05, 1.37369597724e-05, 1.65869605553e-05, 1.73949083546e-05, 1.52708071255e-05, 1.54782428581e-05, 1.12876887215e-05, 1.58338643814e-05, 1.50209962158e-05, 1.56547339429e-05, 1.03271404441e-05, 1.00518591353e-05, 1.21603616208e-05, 9.64049286267e-06, 1.10253695311e-05, 1.07069790829e-05, 9.19084777706e-06, 8.38691448735e-06, 7.08201969246e-06, 6.32792261968e-06, 5.9258395595e-06], "median": [0.00281543121673, 0.00725071039051, 0.000302064145217, 3.21796542266e-05, 0.000177741254447, 0.000388816028135, 0.000144133227877, 4.58874092146e-05, 1.38486147989e-05, 3.73135007976e-05, 1.3080332792e-05, 5.40876062587e-05, 4.8911486374e-05, 1.44048226502e-05, 1.87993791769e-05, 2.92669519695e-05, 1.59363135026e-05, 7.60070679462e-06, 1.26948098114e-05, 9.42693532124e-06, 8.38393043523e-06, 1.04997561721e-05, 1.13754176709e-05, 1.21096609291e-05, 1.04101045508e-05, 6.28906582278e-06, 9.91614979284e-06, 8.73082535691e-06, 7.2007842391e-06, 6.58162070977e-06, 6.12959684076e-06, 7.08216157363e-06, 6.01337660555e-06, 6.20427545073e-06, 6.06222329225e-06, 5.21091669725e-06, 4.55334156868e-06, 3.96260793423e-06, 3.27209295392e-06, 2.77237313639e-06], "min": [5.12445345652e-24, 4.4187578178e-24, 1.6060999771e-23, 1.64356487476e-23, 1.99012977199e-23, 4.04693296329e-24, 9.45454528073e-24, 8.46707917629e-24, 1.48056002156e-23, 1.06055485617e-23, 4.36028389763e-24, 5.95942249279e-24, 4.27269193816e-24, 1.41852163339e-23, 1.12536474936e-23, 9.53953715466e-24, 7.96944520689e-24, 6.52118533176e-24, 5.16066966625e-24, 8.40762272986e-24, 6.03483286216e-24, 1.20115195759e-23, 1.13829441625e-23, 1.52372633252e-23, 1.52235797439e-23, 1.61526559419e-23, 1.0486425043e-23, 1.28225482614e-23, 1.02721838318e-23, 1.02844277419e-23, 5.41451011719e-24, 8.79143432583e-24, 9.40716708362e-24, 8.93452817201e-24, 8.09803426761e-24, 1.16567475275e-23, 9.32281970905e-24, 8.96359059662e-24, 1.33499325421e-23, 1.51616951836e-23], "var": [3.62576683983e-05, 3.53487594111e-05, 7.89543605606e-07, 2.78789542563e-07, 1.0025901247e-06, 1.70961095591e-06, 4.95554786539e-07, 1.8954052905e-07, 3.0687093755e-08, 2.92205974972e-08, 1.71838827612e-08, 1.01317397139e-07, 3.28147109485e-08, 7.70611485734e-09, 5.25276044883e-09, 2.66072568422e-08, 2.85546808421e-09, 1.0925265137e-09, 5.71671321392e-10, 3.92168575392e-10, 3.26697557895e-10, 4.32044344745e-10, 4.45429415574e-10, 2.89053669889e-10, 4.9125697954e-10, 3.17422282903e-10, 4.49798392976e-10, 4.61945676156e-10, 7.56140428049e-10, 1.63795019215e-10, 1.71059458265e-10, 2.18928208895e-10, 1.40453731978e-10, 2.443791558e-10, 2.12606654504e-10, 1.40943687277e-10, 1.74565945033e-10, 1.13219066067e-10, 1.03799108198e-10, 9.98607863067e-11]}, "mfcc": {"mean": [-637.286804199, 86.6635437012, 23.5033378601, 25.6169509888, 9.14776515961, 18.3893508911, 13.5232200623, 8.2886838913, 0.793711602688, 3.23831868172, 6.37527799606, 9.30857753754, 9.00301265717], "cov": [[13742.2998047, -2892.26611328, 874.669189453, 325.832733154, 328.170227051, -451.353027344, -625.083862305, 269.817749023, 42.6430892944, 58.5065803528, -376.200714111, -90.5879058838, -15.7218494415], [-2892.26611328, 2161.08911133, 25.8643836975, 270.351318359, -13.3996305466, 313.5262146, 345.855316162, 0.824310362339, 99.390083313, 57.5085411072, 185.782028198, 64.7983856201, -60.5874137878], [874.669189453, 25.8643836975, 837.599060059, 359.389709473, 267.087158203, 140.749404907, 71.6550674438, 147.163803101, 102.858535767, 93.6760787964, 4.83182525635, -14.3202028275, -20.6202335358], [325.832733154, 270.351318359, 359.389709473, 482.353302002, 227.327713013, 151.547836304, 92.1814880371, 104.823028564, 88.2409973145, 69.6158370972, 13.6076841354, -5.34483718872, -37.8682098389], [328.170227051, -13.3996305466, 267.087158203, 227.327713013, 284.12512207, 129.829788208, 53.7646827698, 89.7316970825, 65.6044006348, 42.7817153931, 12.3109960556, 4.97355651855, 0.828170061111], [-451.353027344, 313.5262146, 140.749404907, 151.547836304, 129.829788208, 239.604187012, 180.148529053, 59.7812271118, 64.5082778931, 54.4870529175, 64.9053649902, 30.7857131958, 3.04278635979], [-625.083862305, 345.855316162, 71.6550674438, 92.1814880371, 53.7646827698, 180.148529053, 227.098678589, 78.5741958618, 64.5529632568, 42.7645797729, 63.7082328796, 22.5004615784, -0.370457172394], [269.817749023, 0.824310362339, 147.163803101, 104.823028564, 89.7316970825, 59.7812271118, 78.5741958618, 138.389984131, 77.5117874146, 29.160238266, -15.7226848602, -12.594742775, -5.95064687729], [42.6430892944, 99.390083313, 102.858535767, 88.2409973145, 65.6044006348, 64.5082778931, 64.5529632568, 77.5117874146, 103.86403656, 54.3481903076, 12.8522148132, -1.09870791435, -8.43601226807], [58.5065803528, 57.5085411072, 93.6760787964, 69.6158370972, 42.7817153931, 54.4870529175, 42.7645797729, 29.160238266, 54.3481903076, 89.7055892944, 59.7139091492, 24.4496173859, 8.77648544312], [-376.200714111, 185.782028198, 4.83182525635, 13.6076841354, 12.3109960556, 64.9053649902, 63.7082328796, -15.7226848602, 12.8522148132, 59.7139091492, 137.411819458, 90.1231079102, 39.3815231323], [-90.5879058838, 64.7983856201, -14.3202028275, -5.34483718872, 4.97355651855, 30.7857131958, 22.5004615784, -12.594742775, -1.09870791435, 24.4496173859, 90.1231079102, 113.511238098, 69.9770584106], [-15.7218494415, -60.5874137878, -20.6202335358, -37.8682098389, 0.828170061111, 3.04278635979, -0.370457172394, -5.95064687729, -8.43601226807, 8.77648544312, 39.3815231323, 69.9770584106, 103.275886536]], "icov": [[0.000135171620059, 0.000142695353134, -7.67631427152e-05, -0.000106587671326, 4.23953752033e-05, 3.52295464836e-05, 0.000242342692218, -0.00025850959355, 9.02963656699e-05, -0.000297280406812, 0.000383065955248, -0.000458495575003, 0.000231709200307], [0.000142695353134, 0.00102849758696, -6.21835497441e-05, -0.000788508914411, 0.000799888861366, -0.000438536517322, -0.000508175173309, 0.000639849400613, -0.00113362947013, 0.00113545183558, -0.000930071866605, -0.000183507610927, 0.000655015988741], [-7.67631427152e-05, -6.21835497441e-05, 0.00218274770305, -0.000793759070802, -0.000860662665218, -0.0003160010383, 0.000369517685613, -0.00111483549699, 0.000615905388258, -0.00129821861628, 3.56839191227e-05, 0.000471512932563, -0.000122559693409], [-0.000106587671326, -0.000788508914411, -0.000793759070802, 0.00491333799437, -0.00267987046391, -0.00028760524583, -2.9991736028e-06, -0.000591997581068, 0.000870570715051, -0.00247750990093, 0.0022013366688, -0.00163223256823, 0.00170831545256], [4.23953752033e-05, 0.000799888861366, -0.000860662665218, -0.00267987046391, 0.0094543164596, -0.00625758804381, 0.00471451599151, -0.00330396136269, -0.00164103356656, 0.00341569678858, -0.00348559813574, 0.00213070050813, -0.00128254794981], [3.52295464836e-05, -0.000438536517322, -0.0003160010383, -0.00028760524583, -0.00625758804381, 0.0175244826823, -0.0131425857544, 0.00556426215917, -0.000587466114666, -0.00333725917153, 0.00317903677933, -0.00319759268314, 0.000576849211939], [0.000242342692218, -0.000508175173309, 0.000369517685613, -2.9991736028e-06, 0.00471451599151, -0.0131425857544, 0.0196849573404, -0.0105963600799, 3.23467320413e-05, 0.00330903683789, -0.00733110820875, 0.00446566659957, -0.000887941336259], [-0.00025850959355, 0.000639849400613, -0.00111483549699, -0.000591997581068, -0.00330396136269, 0.00556426215917, -0.0105963600799, 0.0215469617397, -0.0112656969577, 0.00140158378053, 0.00543669005856, -0.00174345553387, -0.000968735548668], [9.02963656699e-05, -0.00113362947013, 0.000615905388258, 0.000870570715051, -0.00164103356656, -0.000587466114666, 3.23467320413e-05, -0.0112656969577, 0.0267225001007, -0.015794871375, 0.00658702803776, -0.0032127732411, 0.00236252089962], [-0.000297280406812, 0.00113545183558, -0.00129821861628, -0.00247750990093, 0.00341569678858, -0.00333725917153, 0.00330903683789, 0.00140158378053, -0.015794871375, 0.0334047824144, -0.0213689748198, 0.0111034866422, -0.00388711248524], [0.000383065955248, -0.000930071866605, 3.56839191227e-05, 0.0022013366688, -0.00348559813574, 0.00317903677933, -0.00733110820875, 0.00543669005856, 0.00658702803776, -0.0213689748198, 0.035602863878, -0.0252943076193, 0.00646478915587], [-0.000458495575003, -0.000183507610927, 0.000471512932563, -0.00163223256823, 0.00213070050813, -0.00319759268314, 0.00446566659957, -0.00174345553387, -0.0032127732411, 0.0111034866422, -0.0252943076193, 0.036250744015, -0.0168123822659], [0.000231709200307, 0.000655015988741, -0.000122559693409, 0.00170831545256, -0.00128254794981, 0.000576849211939, -0.000887941336259, -0.000968735548668, 0.00236252089962, -0.00388711248524, 0.00646478915587, -0.0168123822659, 0.0200883187354]]}, "spectral_contrast_coeffs": {"dmean": [0.0461936295033, 0.0592472180724, 0.0546456538141, 0.0464488267899, 0.0294892322272, 0.0137079674751], "dmean2": [0.0720183104277, 0.0878336951137, 0.0847513601184, 0.0728918090463, 0.0468003004789, 0.0217671971768], "dvar": [0.0017754038563, 0.002754567191, 0.00222092494369, 0.0017710744869, 0.00106657494325, 0.000228946621064], "dvar2": [0.00419828761369, 0.00569213135168, 0.00497499387711, 0.00365584413521, 0.00205881381407, 0.000547692645341], "max": [-0.278482317924, -0.269991070032, -0.391106128693, -0.458842664957, -0.491202861071, -0.604092895985], "mean": [-0.567982375622, -0.59157961607, -0.67893743515, -0.702310323715, -0.73822003603, -0.773055136204], "median": [-0.567643940449, -0.585987627506, -0.681192457676, -0.702281177044, -0.751873493195, -0.777086853981], "min": [-0.968637764454, -0.987123966217, -0.969820976257, -0.95531719923, -0.960951089859, -0.958185493946], "var": [0.0106739569455, 0.0148365246132, 0.00951706711203, 0.0078412797302, 0.00625335099176, 0.00103644595947]}, "spectral_contrast_valleys": {"dmean": [0.506096959114, 0.47875893116, 0.46062925458, 0.414725929499, 0.37267100811, 0.286834806204], "dmean2": [0.772909641266, 0.75452631712, 0.701039195061, 0.607616305351, 0.514138877392, 0.382352024317], "dvar": [0.271619528532, 0.282438218594, 0.300549000502, 0.273102104664, 0.298215061426, 0.236758247018], "dvar2": [0.55585539341, 0.584796190262, 0.592576920986, 0.508038640022, 0.568361997604, 0.39341956377], "max": [-4.9039311409, -4.57985830307, -5.15807247162, -5.668800354, -5.29421615601, -7.03036832809], "mean": [-8.09011554718, -7.91148376465, -8.33487892151, -8.59481525421, -8.08069610596, -9.46372699738], "median": [-7