{"lowlevel": {"average_loudness": 0.0874127373099, "barkbands_crest": {"dmean": 1.49909758568, "dmean2": 2.23941421509, "dvar": 3.3799932003, "dvar2": 7.92693424225, "max": 26.9275436401, "mean": 15.0021066666, "median": 14.5031013489, "min": 3.7569694519, "var": 24.0307064056}, "barkbands_flatness_db": {"dmean": 0.0169638153166, "dmean2": 0.025732094422, "dvar": 0.000389325694414, "dvar2": 0.000887904316187, "max": 0.590948224068, "mean": 0.362995833158, "median": 0.368452787399, "min": 0.0293192770332, "var": 0.00490298075601}, "barkbands_kurtosis": {"dmean": 4.77116823196, "dmean2": 7.15753793716, "dvar": 270.510803223, "dvar2": 560.809997559, "max": 888.715576172, "mean": 14.7660112381, "median": 7.83831882477, "min": -1.85699129105, "var": 926.700683594}, "barkbands_skewness": {"dmean": 0.430887788534, "dmean2": 0.650171279907, "dvar": 0.388704001904, "dvar2": 0.843979358673, "max": 20.1705760956, "mean": 1.60520100594, "median": 1.34552884102, "min": -5.89354324341, "var": 3.70605611801}, "barkbands_spread": {"dmean": 0.651883363724, "dmean2": 0.970037281513, "dvar": 3.70700192451, "dvar2": 8.77251148224, "max": 98.6944732666, "mean": 3.02135705948, "median": 2.08600759506, "min": 0.0727258101106, "var": 27.7703533173}, "dissonance": {"dmean": 0.0419364720583, "dmean2": 0.0712196454406, "dvar": 0.0017698679585, "dvar2": 0.00463778199628, "max": 0.499639600515, "mean": 0.325963169336, "median": 0.329012513161, "min": 0.0685168802738, "var": 0.00647727726027}, "dynamic_complexity": 8.57541370392, "erbbands_crest": {"dmean": 1.75954580307, "dmean2": 2.54789090157, "dvar": 5.29490566254, "dvar2": 11.9193439484, "max": 34.3214454651, "mean": 18.3242931366, "median": 17.4537734985, "min": 3.06610584259, "var": 42.3286247253}, "erbbands_flatness_db": {"dmean": 0.0148821193725, "dmean2": 0.021779967472, "dvar": 0.000323151703924, "dvar2": 0.000718438299373, "max": 0.574538946152, "mean": 0.367903411388, "median": 0.374876379967, "min": 0.045422770083, "var": 0.0052623488009}, "erbbands_kurtosis": {"dmean": 2.94115543365, "dmean2": 4.31128358841, "dvar": 35.3143081665, "dvar2": 72.1462554932, "max": 197.280273438, "mean": 9.81702613831, "median": 4.94362068176, "min": -1.76142668724, "var": 229.990615845}, "erbbands_skewness": {"dmean": 0.349954396486, "dmean2": 0.517627000809, "dvar": 0.202991068363, "dvar2": 0.432923734188, "max": 9.31975650787, "mean": 1.70292627811, "median": 1.47023963928, "min": -2.84964632988, "var": 2.02184462547}, "erbbands_spread": {"dmean": 1.59848105907, "dmean2": 2.3968706131, "dvar": 10.838186264, "dvar2": 24.8909473419, "max": 110.819229126, "mean": 7.77885961533, "median": 5.97506093979, "min": 0.301775753498, "var": 66.0645904541}, "hfc": {"dmean": 1.35710310936, "dmean2": 1.87162649632, "dvar": 8.87531471252, "dvar2": 18.3182983398, "max": 90.4321212769, "mean": 6.47905302048, "median": 2.35763978958, "min": 1.20342139807e-16, "var": 91.3161087036}, "melbands_crest": {"dmean": 1.81618404388, "dmean2": 2.73951482773, "dvar": 4.91735363007, "dvar2": 11.4525909424, "max": 35.51304245, "mean": 18.2783088684, "median": 17.3378753662, "min": 2.03421974182, "var": 35.5346870422}, "melbands_flatness_db": {"dmean": 0.0176985133439, "dmean2": 0.0268910173327, "dvar": 0.000463083415525, "dvar2": 0.00109334045555, "max": 0.652188062668, "mean": 0.470423489809, "median": 0.481173396111, "min": 0.00580139597878, "var": 0.00631802901626}, "melbands_kurtosis": {"dmean": 3.89863157272, "dmean2": 5.89334487915, "dvar": 65.4037094116, "dvar2": 134.035598755, "max": 246.818145752, "mean": 12.9187345505, "median": 5.7825217247, "min": -1.66782641411, "var": 450.425323486}, "melbands_skewness": {"dmean": 0.398997247219, "dmean2": 0.59394466877, "dvar": 0.31075027585, "dvar2": 0.665618777275, "max": 10.4918375015, "mean": 1.43555879593, "median": 1.17790579796, "min": -3.18252849579, "var": 2.88548731804}, "melbands_spread": {"dmean": 0.839015722275, "dmean2": 1.23688149452, "dvar": 5.06435775757, "dvar2": 9.07756137848, "max": 151.05305481, "mean": 4.37938070297, "median": 3.31689715385, "min": 0.197021737695, "var": 44.8038253784}, "pitch_salience": {"dmean": 0.0425290428102, "dmean2": 0.0646603927016, "dvar": 0.00325555237941, "dvar2": 0.00740038556978, "max": 0.823170363903, "mean": 0.464931488037, "median": 0.48704791069, "min": 0.0257121752948, "var": 0.0237475819886}, "silence_rate_20dB": {"dmean": 0, "dmean2": 0, "dvar": 0, "dvar2": 0, "max": 1, "mean": 1, "median": 1, "min": 1, "var": 0}, "silence_rate_30dB": {"dmean": 0.00326264277101, "dmean2": 0.00652646832168, "dvar": 0.00325215351768, "dvar2": 0.00757141131908, "max": 1, "mean": 0.995469391346, "median": 1, "min": 0, "var": 0.00451029278338}, "silence_rate_60dB": {"dmean": 0.0271886903793, "dmean2": 0.0543872378767, "dvar": 0.0264490600675, "dvar2": 0.0554192736745, "max": 1, "mean": 0.370967745781, "median": 0, "min": 0, "var": 0.233351185918}, "spectral_centroid": {"dmean": 26.0906658173, "dmean2": 37.8887329102, "dvar": 18609.1992188, "dvar2": 21957.6132812, "max": 11125.3359375, "mean": 432.577697754, "median": 394.776855469, "min": 158.413848877, "var": 65144.1132812}, "spectral_complexity": {"dmean": 0.716331362724, "dmean2": 1.1783901453, "dvar": 1.14215445518, "dvar2": 2.35617613792, "max": 30, "mean": 5.60656023026, "median": 5, "min": 0, "var": 14.3246746063}, "spectral_decrease": {"dmean": 7.63386187597e-10, "dmean2": 1.05806086115e-09, "dvar": 2.50169402533e-18, "dvar2": 5.30561709902e-18, "max": 1.48318395216e-18, "mean": -3.66298635868e-09, "median": -1.64687163906e-09, "min": -4.5131496762e-08, "var": 2.50955513628e-17}, "spectral_energy": {"dmean": 0.00300223752856, "dmean2": 0.00415902631357, "dvar": 3.88107473555e-05, "dvar2": 8.22018264444e-05, "max": 0.178538694978, "mean": 0.0144125875086, "median": 0.00643969606608, "min": 1.07970035509e-20, "var": 0.000390263739973}, "spectral_energyband_high": {"dmean": 3.58776532039e-07, "dmean2": 5.52937933662e-07, "dvar": 2.41515141219e-12, "dvar2": 5.38966137345e-12, "max": 7.53209387767e-05, "mean": 9.53771404966e-07, "median": 7.4863336863e-08, "min": 7.80086409159e-21, "var": 1.07962432397e-11}, "spectral_energyband_low": {"dmean": 0.000270726159215, "dmean2": 0.000467193691293, "dvar": 7.80365098763e-07, "dvar2": 2.13918610825e-06, "max": 0.0240755863488, "mean": 0.000843076617457, "median": 0.000261304201558, "min": 8.73956908789e-23, "var": 3.01474142361e-06}, "spectral_energyband_middle_high": {"dmean": 0.00022374461696, "dmean2": 0.000302441971144, "dvar": 6.55054748222e-07, "dvar2": 1.2285415778e-06, "max": 0.0336551778018, "mean": 0.000902862637304, "median": 0.000129176100018, "min": 1.70381555896e-21, "var": 5.26817893842e-06}, "spectral_energyband_middle_low": {"dmean": 0.00284584308974, "dmean2": 0.00394701678306, "dvar": 3.54666335625e-05, "dvar2": 7.68880054238e-05, "max": 0.138555899262, "mean": 0.013013727963, "median": 0.00514107104391, "min": 3.55545516974e-22, "var": 0.000331843650201}, "spectral_entropy": {"dmean": 0.156006008387, "dmean2": 0.234235495329, "dvar": 0.0441527850926, "dvar2": 0.0995112061501, "max": 9.80228996277, "mean": 5.26535081863, "median": 5.20140647888, "min": 3.45314311981, "var": 0.45300167799}, "spectral_flux": {"dmean": 0.0106139872223, "dmean2": 0.0171800479293, "dvar": 0.000346859480487, "dvar2": 0.00087842636276, "max": 0.251817494631, "mean": 0.0234540551901, "median": 0.0139476452023, "min": 1.03908631699e-10, "var": 0.000764196680393}, "spectral_kurtosis": {"dmean": 19.9713535309, "dmean2": 33.8329391479, "dvar": 365.012634277, "dvar2": 981.729309082, "max": 264.362609863, "mean": 83.1869430542, "median": 74.520652771, "min": -1.24716448784, "var": 2733.24023438}, "spectral_rms": {"dmean": 0.000324040011037, "dmean2": 0.000435080379248, "dvar": 2.75964964658e-07, "dvar2": 5.46588580619e-07, "max": 0.0131978821009, "mean": 0.00298119033687, "median": 0.00250651757233, "min": 3.24556028754e-12, "var": 5.17359922014e-06}, "spectral_rolloff": {"dmean": 40.7671394348, "dmean2": 67.1361923218, "dvar": 65287.7617188, "dvar2": 116457.90625, "max": 19013.8183594, "mean": 533.812011719, "median": 452.197265625, "min": 150.732421875, "var": 820760.875}, "spectral_skewness": {"dmean": 1.06472444534, "dmean2": 1.83706450462, "dvar": 0.924393951893, "dvar2": 2.51478910446, "max": 13.3595514297, "mean": 6.76118803024, "median": 6.67733955383, "min": -0.0309221483767, "var": 7.19565582275}, "spectral_spread": {"dmean": 326377.0625, "dmean2": 567934.8125, "dvar": 287410749440, "dvar2": 447214944256, "max": 42613060, "mean": 1462570.75, "median": 1231595, "min": 383304.125, "var": 1646763704320.0}, "spectral_strongpeak": {"dmean": 0.233301222324, "dmean2": 0.350697577, "dvar": 0.159385457635, "dvar2": 0.343401044607, "max": 7.83355665207, "mean": 1.16375172138, "median": 0.721567392349, "min": 0, "var": 1.50144577026}, "zerocrossingrate": {"dmean": 0.00156565080397, "dmean2": 0.00197587488219, "dvar": 2.36859668803e-05, "dvar2": 2.44115162786e-05, "max": 0.50830078125, "mean": 0.0214746408165, "median": 0.01904296875, "min": 0.005859375, "var": 0.000635858916212}, "barkbands": {"dmean": [1.14095212211e-06, 4.76586828881e-05, 0.000159191768034, 0.000187409576029, 0.000314332195558, 0.000970600580331, 0.00157946895342, 0.000424429454142, 0.000176367670065, 0.00010615944484, 0.00011600182188, 3.84803170164e-05, 1.48638464452e-05, 1.28169849631e-05, 1.30773141791e-05, 1.28871952256e-05, 1.4402641682e-05, 5.03559567733e-06, 1.84838461337e-06, 7.3386843269e-07, 1.37024940727e-07, 6.18005273623e-08, 2.41281572499e-08, 1.75944965264e-08, 1.37279538848e-08, 6.27298923916e-09, 1.93702698326e-09], "dmean2": [1.83107022167e-06, 7.62201889302e-05, 0.000286324473564, 0.000294586119708, 0.000464344862849, 0.00134530756623, 0.00209985021502, 0.000630651600659, 0.000271419266937, 0.000141447715578, 0.000158670853125, 5.5771368352e-05, 2.11152982956e-05, 1.82226212928e-05, 1.91822728084e-05, 2.03573272302e-05, 2.25754738494e-05, 7.37178606869e-06, 2.81333836938e-06, 1.12904808702e-06, 2.22263039973e-07, 9.65258522001e-08, 3.63861119013e-08, 2.6457133373e-08, 2.19930207379e-08, 1.07368718361e-08, 3.36843397619e-09], "dvar": [2.12650383413e-11, 4.95159326874e-08, 3.41638781265e-07, 2.78761348227e-07, 6.48571983675e-07, 6.75178443998e-06, 1.97756617126e-05, 3.73665125153e-06, 2.0983311515e-06, 3.09493913164e-07, 2.52138136148e-07, 4.10058582645e-08, 1.16142295781e-08, 3.66757557657e-09, 2.9931115364e-09, 3.31600058523e-09, 4.53301884917e-09, 4.09574540949e-10, 1.50367399088e-10, 8.22363011022e-12, 5.54613755095e-13, 7.98931911296e-14, 1.52704810738e-14, 1.06378486681e-14, 8.69826688568e-15, 1.89925941422e-15, 2.7978616596e-17], "dvar2": [4.90294575772e-11, 1.17336654171e-07, 1.05665765204e-06, 6.62297338749e-07, 1.46873571794e-06, 1.52889879246e-05, 3.92403781007e-05, 7.85503016232e-06, 5.79322068006e-06, 4.44924751264e-07, 5.25237169313e-07, 8.45134664473e-08, 2.25048832903e-08, 6.23797369315e-09, 5.70232527863e-09, 7.20502901785e-09, 1.05517674598e-08, 7.60860929816e-10, 4.16452872187e-10, 1.87966378573e-11, 1.45743963773e-12, 1.92161350309e-13, 2.78305380315e-14, 2.01108576271e-14, 2.02040092284e-14, 5.25785325855e-15, 7.76807695529e-17], "max": [0.000121948833112, 0.00685623660684, 0.0168841499835, 0.0132556250319, 0.0193955637515, 0.0824709236622, 0.107498265803, 0.0708212330937, 0.0790686756372, 0.0359018594027, 0.0227647610009, 0.0092449747026, 0.00670822290704, 0.00296961399727, 0.00287616439164, 0.00199218885973, 0.00283003365621, 0.000910059316084, 0.000630149443168, 0.000101289217127, 2.66305287369e-05, 1.1642514437e-05, 7.22636741557e-06, 5.30153693035e-06, 3.35756885761e-06, 1.39159726587e-06, 2.38491367099e-07], "mean": [1.36827713959e-06, 5.78121289436e-05, 0.000471395789646, 0.000523957423866, 0.0012543653138, 0.00371862365864, 0.00547831598669, 0.00151902483776, 0.00042170486995, 0.000289426068775, 0.000418367009843, 0.000104212173028, 2.77484068647e-05, 2.8969034247e-05, 2.98798313452e-05, 2.32019210671e-05, 2.68811490969e-05, 1.12081897896e-05, 3.7187687667e-06, 1.87448006272e-06, 2.97765211599e-07, 1.4619479316e-07, 6.25415381705e-08, 3.97935551177e-08, 2.84574070974e-08, 1.33836701721e-08, 8.20098033927e-09], "median": [1.72510027596e-07, 3.51895255335e-06, 7.03672267264e-05, 0.000182067800779, 0.000210855883779, 0.000884909997694, 0.000628573237918, 6.67873682687e-05, 1.66018835444e-05, 1.75117129402e-05, 1.25734495668e-05, 5.13049963047e-06, 1.0386474969e-06, 1.393322691e-06, 1.51464382725e-06, 8.94596780654e-07, 5.73966531192e-07, 1.88608311191e-07, 1.0883987045e-07, 4.97465499905e-08, 1.3179480618e-08, 8.11701639236e-09, 5.05917263638e-09, 5.17289500124e-09, 6.18345374903e-09, 8.05555977479e-09, 8.72273275832e-09], "min": [7.23782740161e-25, 5.31127362602e-23, 2.6903571058e-23, 1.19643291277e-23, 3.46808876137e-23, 4.07155536318e-23, 5.08905466446e-23, 6.71372379618e-23, 1.2079438291e-22, 4.81681845053e-23, 6.51934531369e-23, 3.73979833177e-23, 6.36672155446e-23, 1.27296376439e-22, 2.49906136551e-22, 1.83109535039e-22, 2.00937665279e-22, 2.7883085129e-22, 3.6852196332e-22, 2.0064355269e-22, 4.28119331859e-22, 3.53340896868e-22, 6.76219443943e-22, 7.77193791272e-22, 1.1986527642e-21, 1.81249004701e-21, 2.65476872523e-21], "var": [3.03842020988e-11, 5.99777436605e-08, 1.37042627557e-06, 9.77301965577e-07, 5.56702798349e-06, 4.76076711493e-05, 0.000130208267365, 3.72305657947e-05, 8.8048636826e-06, 1.44474563513e-06, 3.14383373734e-06, 1.28599609184e-07, 2.78865730508e-08, 1.40503289003e-08, 1.04647597254e-08, 8.79341666149e-09, 1.12650297979e-08, 1.67020031139e-09, 2.24669949311e-10, 4.96450831833e-11, 1.37729823206e-12, 2.81847380721e-13, 8.11806541044e-14, 4.80761060844e-14, 2.52849702439e-14, 3.15701376716e-15, 2.99642636564e-17]}, "erbbands": {"dmean": [0.00129247223958, 0.0124764163047, 0.122342608869, 0.475722640753, 0.613525629044, 1.01863920689, 3.91039013863, 8.58457756042, 17.7950210571, 23.3358745575, 6.14940690994, 4.83764505386, 2.99929308891, 4.04539108276, 3.5550737381, 1.47864747047, 0.818710386753, 0.534748136997, 0.795653879642, 0.38779810071, 0.989845395088, 0.628991603851, 0.286042869091, 0.156144604087, 0.050778478384, 0.0364574119449, 0.00878061261028, 0.00357659510337, 0.00206831330433, 0.00122928631026, 0.000672746333294, 0.000365929212421, 0.000332585390424, 0.000210133905057, 6.85539343976e-05, 3.67659231415e-05, 9.99022631731e-06, 1.76132812157e-06, 1.51781841851e-06, 3.36247831001e-06], "dmean2": [0.0019801298622, 0.0201529245824, 0.219979017973, 0.787363350391, 0.965380370617, 1.46423768997, 5.32646942139, 12.1829509735, 23.9527587891, 32.4314498901, 8.73897171021, 7.3600320816, 3.95344853401, 5.5586810112, 4.85326194763, 2.09883499146, 1.15268290043, 0.771063804626, 1.16281616688, 0.580961763859, 1.54504656792, 0.958281636238, 0.413300126791, 0.239048197865, 0.0766184702516, 0.0565469413996, 0.0142831094563, 0.00566707318649, 0.00322223384865, 0.00184608076233, 0.00104577490129, 0.000570362491999, 0.000489561003633, 0.000324763241224, 0.000111811117677, 6.1205792008e-05, 1.71950723598e-05, 3.07609161609e-06, 2.14970714296e-06, 4.65522589366e-06], "dvar": [3.85189596273e-05, 0.00273008877411, 0.200249657035, 2.10184931755, 4.83065509796, 7.76406955719, 142.483566284, 580.21295166, 3169.9855957, 5738.38623047, 1210.79907227, 1927.45605469, 455.280487061, 311.49118042, 192.949295044, 43.2736167908, 31.8351383209, 9.12622833252, 13.7331628799, 2.00763750076, 16.7232437134, 6.47935581207, 1.61521422863, 0.650780498981, 0.0490248166025, 0.020709618926, 0.00179367698729, 0.000431257882155, 6.91141976858e-05, 5.29143835593e-05, 7.39826646168e-06, 3.94535436499e-06, 5.56940858587e-06, 1.91939102478e-06, 2.06052376939e-07, 6.64969164177e-08, 5.08174435865e-09, 6.76339748096e-11, 9.28455489574e-12, 4.88452091274e-11], "dvar2": [8.3836777776e-05, 0.00663845427334, 0.621687591076, 5.56682872772, 10.8189096451, 17.6481609344, 268.879730225, 1346.34997559, 6279.33056641, 11818.7832031, 1927.34558105, 5268.32617188, 589.886901855, 676.007629395, 362.687561035, 87.8551483154, 61.5139350891, 16.8213481903, 25.5436878204, 4.14104938507, 36.2218475342, 14.2356948853, 2.87994766235, 1.76442623138, 0.130774378777, 0.0494573935866, 0.00435896916315, 0.00114618428051, 0.000165124904015, 9.35117859626e-05, 1.54125773406e-05, 8.66488608153e-06, 1.0979979379e-05, 4.3783829824e-06, 4.90558079491e-07, 1.75899117494e-07, 1.30142039367e-08, 1.86482496112e-10, 1.91527436272e-11, 1.03167134557e-10], "max": [0.186995565891, 1.54754495621, 11.683385849, 37.27942276, 77.1027069092, 83.9844665527, 442.10269165, 644.323486328, 1588.08288574, 1754.59619141, 1945.49645996, 2444.71313477, 1700.51806641, 515.09161377, 624.878540039, 300.146972656, 345.338348389, 176.777084351, 196.060455322, 72.4404373169, 132.877212524, 81.7606048584, 61.5279121399, 36.0064353943, 10.9047870636, 5.97596788406, 1.64587473869, 0.844659805298, 0.354070067406, 0.404981195927, 0.112364895642, 0.0937446579337, 0.113647349179, 0.0518521033227, 0.0162992011756, 0.0111736739054, 0.00300535466522, 0.000295897189062, 0.000121453202155, 0.000201973016374], "mean": [0.00161218538415, 0.0189046636224, 0.329106539488, 1.48652052879, 1.96788263321, 4.47102928162, 16.0620250702, 32.0533103943, 65.2422409058, 75.5386581421, 30.6411037445, 13.0125494003, 7.8338561058, 13.2913799286, 12.8578901291, 4.37348127365, 1.84908211231, 1.21031188965, 1.94281959534, 0.966739177704, 1.90623211861, 1.32845962048, 0.67409914732, 0.336859941483, 0.135487169027, 0.0946743115783, 0.0201447233558, 0.00900534074754, 0.00527509348467, 0.00307529512793, 0.00168106099591, 0.000875230820384, 0.000704937090632, 0.000422585901106, 0.000145449885167, 7.34530040063e-05, 2.63626116066e-05, 6.94647542332e-06, 8.11822701507e-06, 1.6267040337e-05], "median": [0.000128243555082, 0.00273390626535, 0.0590533614159, 0.583546042442, 0.317379534245, 0.702231645584, 4.40689754486, 7.26363229752, 9.29542922974, 5.94884109497, 1.53111720085, 0.652848601341, 0.730361938477, 1.32072639465, 0.88649725914, 0.41555789113, 0.109478279948, 0.0956697463989, 0.0933847948909, 0.0762249529362, 0.0740399509668, 0.0315100960433, 0.0126286894083, 0.00937169697136, 0.0050784656778, 0.00236113741994, 0.000926655135117, 0.000449314888101, 0.000306630332489, 0.000196291162865, 0.000149908169988, 0.000116705567052, 9.33106202865e-05, 7.19628951629e-05, 5.22380687471e-05, 3.41166960425e-05, 1.80275528692e-05, 6.36749336991e-06, 4.37619655713e-06, 7.28583700038e-06], "min": [5.44980151373e-22, 1.47705441457e-20, 4.32768553402e-20, 2.7737462971e-20, 2.42518692725e-20, 1.63932799295e-19, 2.51491676592e-19, 4.09767878817e-19, 4.96915207909e-19, 9.45754575218e-19, 2.26901659762e-18, 3.08313065163e-18, 1.74725464187e-18, 1.61605221619e-18, 1.95224281896e-18, 1.54674833614e-18, 2.86587125015e-18, 5.56211050414e-18, 7.83025380583e-18, 1.46441574105e-17, 1.06887393671e-17, 1.05671057667e-17, 1.63881420006e-17, 1.53128303653e-17, 1.89710895639e-17, 1.12616008188e-17, 1.46725214337e-17, 1.71165522849e-17, 9.94698417793e-18, 1.61547364471e-17, 2.17241914879e-17, 1.6875111499e-17, 1.36826699634e-17, 9.44428418581e-18, 1.07167038621e-17, 7.60357653949e-18, 3.20455166657e-18, 1.33827690149e-18, 3.05116529083e-19, 4.21738261492e-20], "var": [5.17795269843e-05, 0.00368927884847, 0.640494167805, 7.30927705765, 32.9174194336, 91.1900787354, 1038.15148926, 3813.55517578, 23014.9570312, 34546.5078125, 23173.5976562, 7735.59179688, 2240.67480469, 1672.11657715, 2259.00634766, 163.965042114, 79.3714599609, 26.948431015, 50.2191162109, 10.786195755, 45.8933486938, 24.0354442596, 6.80136108398, 1.24055325985, 0.183863282204, 0.136498659849, 0.00461490591988, 0.00155676598661, 0.000309695315082, 0.000253211765084, 4.08285632147e-05, 1.75206041604e-05, 1.94113054022e-05, 5.71952568862e-06, 5.21154618127e-07, 1.43772538763e-07, 7.15862080725e-09, 9.04333136154e-11, 9.43255126784e-11, 4.93825480508e-10]}, "gfcc": {"mean": [-266.111602783, 195.3203125, -87.9759750366, -36.6957473755, -51.6237411499, -34.5178756714, -41.3308448792, -12.3081464767, -18.4357299805, -12.3760375977, -6.69851636887, -3.58088684082, -7.36535167694], "cov": [[19162.3671875, 2406.88525391, -4977.35351562, -130.148422241, 833.316467285, -1115.40283203, 349.292633057, 102.495895386, 545.193603516, -235.886016846, 658.281860352, 0.91608440876, 479.50769043], [2406.88525391, 1314.69433594, -101.578269958, -465.377105713, 147.180831909, -104.867362976, 26.1363677979, -74.3385391235, 62.7232208252, -41.5155601501, 128.454772949, 34.6983985901, 104.840904236], [-4977.35351562, -101.578269958, 2169.3347168, -28.0142688751, -298.56338501, 412.418670654, -227.8019104, -130.418045044, -182.67326355, 64.3893661499, -198.450408936, 22.4829864502, -84.8665237427], [-130.148422241, -465.377105713, -28.0142688751, 557.184509277, 44.5684776306, 82.7647857666, 17.5788974762, 19.3057098389, -20.6401805878, 2.77635741234, -65.4099960327, -32.8731575012, -38.0676345825], [833.316467285, 147.180831909, -298.56338501, 44.5684776306, 252.306671143, -17.1146316528, 18.5056381226, 22.3785438538, 26.2005004883, -11.16659832, 30.5745677948, 12.3955726624, 37.2162895203], [-1115.40283203, -104.867362976, 412.418670654, 82.7647857666, -17.1146316528, 288.833526611, 26.44572258, -17.7024040222, -79.0088882446, 1.02511870861, -76.2883529663, -6.00417041779, -19.4341754913], [349.292633057, 26.1363677979, -227.8019104, 17.5788974762, 18.5056381226, 26.44572258, 201.359893799, 81.7360076904, 26.9303207397, -15.7705364227, 9.23732662201, -28.2503204346, -10.0413761139], [102.495895386, -74.3385391235, -130.418045044, 19.3057098389, 22.3785438538, -17.7024040222, 81.7360076904, 140.745101929, 81.6383514404, 11.0505399704, -5.51966381073, -21.6252231598, -14.5993947983], [545.193603516, 62.7232208252, -182.67326355, -20.6401805878, 26.2005004883, -79.0088882446, 26.9303207397, 81.6383514404, 170.162033081, 72.1710205078, 38.8059997559, -26.5720443726, -9.23111438751], [-235.886016846, -41.5155601501, 64.3893661499, 2.77635741234, -11.16659832, 1.02511870861, -15.7705364227, 11.0505399704, 72.1710205078, 117.538856506, 48.6169128418, 1.4744720459, -17.622543335], [658.281860352, 128.454772949, -198.450408936, -65.4099960327, 30.5745677948, -76.2883529663, 9.23732662201, -5.51966381073, 38.8059997559, 48.6169128418, 144.421356201, 71.2700881958, 34.3006210327], [0.91608440876, 34.6983985901, 22.4829864502, -32.8731575012, 12.3955726624, -6.00417041779, -28.2503204346, -21.6252231598, -26.5720443726, 1.4744720459, 71.2700881958, 117.71396637, 69.1441116333], [479.50769043, 104.840904236, -84.8665237427, -38.0676345825, 37.2162895203, -19.4341754913, -10.0413761139, -14.5993947983, -9.23111438751, -17.622543335, 34.3006210327, 69.1441116333, 121.572479248]], "icov": [[0.000428810715675, -0.000984330894426, 0.000993538298644, -0.000803312810604, 0.000631133501884, -0.000222903268877, 0.000857049075421, -0.000361229263945, -0.000157296395628, 0.000460078270407, -0.000711787433829, 0.000791833736002, -0.00079664652003], [-0.000984330894426, 0.00430607330054, -0.00298259966075, 0.00320102204569, -0.00304751098156, 0.000617142650299, -0.00310312514193, 0.00324154552072, -0.00204096012749, 0.00182899041101, -0.00099794799462, 0.000220103058382, 0.0005202848115], [0.000993538298644, -0.00298259966075, 0.00375259597786, -0.00198357156478, 0.00287170824595, -0.00181815458927, 0.00342630548403, -0.00174026365858, 0.000931405054871, -0.00123440427706, 0.000984778162092, -0.00026252065436, -0.000680612516589], [-0.000803312810604, 0.00320102204569, -0.00198357156478, 0.00456228014082, -0.00263185170479, -1.26458908198e-05, -0.00228219339624, 0.00202612089925, -0.00071001710603, -0.000126458180603, 0.00130052294116, -0.000962825724855, 0.00141875050031], [0.000631133501884, -0.00304751098156, 0.00287170824595, -0.00263185170479, 0.00750386994332, -0.00191416230518, 0.00336768245324, -0.0031128374394, 0.00101646257099, -0.000635926378891, -0.000117955351016, 0.000100374840258, -0.00141824630555], [-0.000222903268877, 0.000617142650299, -0.00181815458927, -1.26458908198e-05, -0.00191416230518, 0.00749939680099, -0.00399772357196, 0.000949492270593, 0.00271551986225, -0.00329221854918, 0.00387390190735, -0.0019592915196, 0.000392756599467], [0.000857049075421, -0.00310312514193, 0.00342630548403, -0.00228219339624, 0.00336768245324, -0.00399772357196, 0.0119233643636, -0.00777153903618, 0.00218076026067, 0.00165563111659, -0.00436119129881, 0.00453772582114, -0.0015903461026], [-0.000361229263945, 0.00324154552072, -0.00174026365858, 0.00202612089925, -0.0031128374394, 0.000949492270593, -0.00777153903618, 0.0181028880179, -0.010927407071, 0.00433785375208, 0.00222714198753, -0.00300752581097, 0.0015669047134], [-0.000157296395628, -0.00204096012749, 0.000931405054871, -0.00071001710603, 0.00101646257099, 0.00271551986225, 0.00218076026067, -0.010927407071, 0.0193800106645, -0.0131555926055, 0.00243813241832, 0.0021630031988, -0.000554382742848], [0.000460078270407, 0.00182899041101, -0.00123440427706, -0.000126458180603, -0.000635926378891, -0.00329221854918, 0.00165563111659, 0.00433785375208, -0.0131555926055, 0.0245598033071, -0.0150870326906, 0.00740887783468, -0.0013631193433], [-0.000711787433829, -0.00099794799462, 0.000984778162092, 0.00130052294116, -0.000117955351016, 0.00387390190735, -0.00436119129881, 0.00222714198753, 0.00243813241832, -0.0150870326906, 0.0282847136259, -0.0204273238778, 0.00696123857051], [0.000791833736002, 0.000220103058382, -0.00026252065436, -0.000962825724855, 0.000100374840258, -0.0019592915196, 0.00453772582114, -0.00300752581097, 0.0021630031988, 0.00740887783468, -0.0204273238778, 0.0295930635184, -0.0139574324712], [-0.00079664652003, 0.0005202848115, -0.000680612516589, 0.00141875050031, -0.00141824630555, 0.000392756599467, -0.0015903461026, 0.0015669047134, -0.000554382742848, -0.0013631193433, 0.00696123857051, -0.0139574324712, 0.0171764194965]]}, "melbands": {"dmean": [1.24258476717e-05, 4.63830183435e-05, 8.15437670099e-05, 4.91372411489e-05, 0.000117106341349, 0.00019442269695, 0.000290849304292, 0.000214911677176, 4.19222160417e-05, 2.81811608147e-05, 1.40442334668e-05, 1.60366471391e-05, 1.58195616677e-05, 4.50425341114e-06, 2.83827580461e-06, 1.22925496271e-06, 1.04940488654e-06, 1.3537136283e-06, 7.05050240413e-07, 4.81778840822e-07, 1.43570184719e-06, 8.73816304647e-07, 2.75574535635e-07, 2.45027081291e-07, 1.3294352641e-07, 4.45869297039e-08, 3.51128157661e-08, 2.13841477859e-08, 7.09972258761e-09, 3.08585001996e-09, 2.05320471736e-09, 1.44719669581e-09, 8.48705827838e-10, 6.14492734474e-10, 4.33729691052e-10, 3.26515259275e-10, 2.07415237763e-10, 2.40159225839e-10, 2.34490343809e-10, 1.73229292022e-10], "dmean2": [1.96517066797e-05, 8.25887109386e-05, 0.000133513458422, 7.47252197471e-05, 0.000159811606864, 0.000273907062365, 0.000389170309063, 0.000304784072796, 6.05718196311e-05, 4.23823257734e-05, 1.83784759429e-05, 2.20094698307e-05, 2.1650294002e-05, 6.57452073938e-06, 3.96440236727e-06, 1.7210537635e-06, 1.51994004227e-06, 1.98204361368e-06, 1.03649597349e-06, 7.43260329727e-07, 2.22364769797e-06, 1.36206801926e-06, 4.02050858384e-07, 3.71910147123e-07, 2.04624583944e-07, 6.91406967235e-08, 5.31749613231e-08, 3.3611989636e-08, 1.16933236427e-08, 4.86128648447e-09, 3.26916249627e-09, 2.27143548415e-09, 1.2989295195e-09, 9.23244536377e-10, 6.67243815755e-10, 5.20971765727e-10, 3.20100168594e-10, 3.62162161371e-10, 3.41081524136e-10, 2.78672585008e-10], "dvar": [3.61470720023e-09, 2.73002207507e-08, 5.46976224314e-08, 1.99779730536e-08, 1.15773055143e-07, 2.949932707e-07, 7.68604536461e-07, 5.12432734467e-07, 7.49225108621e-08, 6.14086133055e-08, 1.06460902316e-08, 5.11657072266e-09, 4.42874803497e-09, 7.11332992509e-10, 1.4750775601e-10, 7.41825212369e-11, 2.83713087745e-11, 3.96643967671e-11, 7.6531741014e-12, 3.59473388556e-12, 3.63992586072e-11, 1.48873378902e-11, 1.25713859895e-12, 9.58636056821e-13, 5.78124950256e-13, 7.82281140907e-14, 1.76199996976e-14, 7.57465735236e-15, 1.29463003818e-15, 7.6041149348e-16, 8.99436096374e-17, 3.16992452128e-17, 2.62842926211e-17, 1.39116112231e-17, 3.02204894686e-18, 3.42687941045e-18, 1.32081573914e-18, 2.92463871036e-18, 2.26589998787e-18, 1.69134054119e-18], "dvar2": [8.34664692917e-09, 8.24918444664e-08, 1.3970499424e-07, 4.4813425859e-08, 2.20854360578e-07, 6.80247978835e-07, 1.55500629262e-06, 1.10946541554e-06, 1.20338413012e-07, 1.64160013583e-07, 1.37751570151e-08, 1.08691420309e-08, 8.61327187351e-09, 1.48323731075e-09, 2.83583212468e-10, 1.44384157408e-10, 5.25843570076e-11, 7.38089311891e-11, 1.50197285165e-11, 7.5318041734e-12, 7.67067590002e-11, 3.3384565945e-11, 2.33017403116e-12, 1.97616293988e-12, 1.57788907808e-12, 2.25428535431e-13, 4.29722582388e-14, 1.82075678184e-14, 3.08457021556e-15, 2.09013447724e-15, 2.30624757513e-16, 7.67323374974e-17, 5.33485900901e-17, 2.46861068858e-17, 6.32833659094e-18, 7.98509457187e-18, 2.60000754306e-18, 6.05612137752e-18, 4.04389617682e-18, 4.02365506723e-18], "max": [0.00189421395771, 0.00450215768069, 0.00535239651799, 0.00428674509749, 0.0118671637028, 0.0148217761889, 0.0247363913804, 0.016868378967, 0.0150651475415, 0.0138214481995, 0.00819522049278, 0.00219198153354, 0.00317714898847, 0.00127156393137, 0.000569011666812, 0.000472950021503, 0.00029890568112, 0.000314650009386, 0.000146349804709, 7.83756040619e-05, 0.000191715967958, 0.000128074389067, 5.14380189998e-05, 3.85645435017e-05, 3.35845579684e-05, 1.55973411893e-05, 4.01792613047e-06, 3.4186045923e-06, 1.48536253164e-06, 1.30298576551e-06, 4.58976984419e-07, 1.62502260537e-07, 2.89202063186e-07, 1.91725987975e-07, 8.10377187577e-08, 7.68742367541e-08, 7.0720929557e-08, 7.46285095943e-08, 9.31096479917e-08, 5.66784947864e-08], "mean": [1.48391600305e-05, 0.000128604908241, 0.000268523668637, 0.000193515137653, 0.000500127032865, 0.000728644663468, 0.00105249648914, 0.00069223967148, 0.00020948657766, 6.66684354655e-05, 3.61123711627e-05, 5.15890606039e-05, 5.77593091293e-05, 1.18113575809e-05, 7.81411199569e-06, 2.2960714432e-06, 2.25305984713e-06, 3.26908070747e-06, 1.64055143159e-06, 1.02587239326e-06, 2.61539253188e-06, 1.66418874414e-06, 5.65602192637e-07, 5.48501077446e-07, 2.46917181812e-07, 9.73965725848e-08, 9.22963891981e-08, 5.07822086604e-08, 1.31493447242e-08, 6.56494059115e-09, 4.65458516175e-09, 3.34091332377e-09, 1.99319138972e-09, 1.49403556193e-09, 1.02463593166e-09, 6.79835798767e-10, 4.65013916262e-10, 4.68675487308e-10, 4.86032047942e-10, 3.08750219835e-10], "median": [7.57162410991e-07, 1.96578912437e-05, 9.42611222854e-05, 2.29346424021e-05, 0.000126378523419, 0.000166033714777, 0.000144851161167, 5.00858805026e-05, 5.89957016928e-06, 2.53237612924e-06, 2.4906175895e-06, 4.09353833675e-06, 2.42455280386e-06, 9.08936272026e-07, 3.1450039728e-07, 1.07588959963e-07, 1.3345795935e-07, 1.14362343595e-07, 9.77173684191e-08, 7.03333213892e-08, 6.65856703108e-08, 3.08500034407e-08, 1.19956604649e-08, 8.10266165274e-09, 5.77221070941e-09, 3.41214168031e-09, 2.39903563681e-09, 1.12281994813e-09, 5.01935493169e-10, 3.02910585503e-10, 1.90692114876e-10, 1.7479148684e-10, 1.17139867251e-10, 9.37438876525e-11, 8.25148005479e-11, 7.39448363651e-11, 6.45898334817e-11, 6.020598603e-11, 5.67367056115e-11, 5.36867911238e-11], "min": [9.52050036329e-24, 2.26718781933e-23, 4.81318195953e-24, 5.56750022343e-24, 9.53921608827e-24, 8.73814913826e-24, 8.15141254076e-24, 9.80683083948e-24, 2.14716736576e-23, 1.7631861647e-23, 8.23536311829e-24, 6.12710592225e-24, 8.6539287703e-24, 3.18032685763e-24, 4.36699315963e-24, 7.72929070379e-24, 1.12589186622e-23, 1.19335390977e-23, 1.9227042527e-23, 1.78106506603e-23, 1.0976603488e-23, 9.03900491029e-24, 1.81645731054e-23, 1.13136308991e-23, 1.23044283631e-23, 1.39680019059e-23, 9.8278318945e-24, 6.71542221371e-24, 8.09716652061e-24, 8.96524168249e-24, 9.84644112325e-24, 5.03574447001e-24, 6.88310169887e-24, 9.60095549815e-24, 1.29798905132e-23, 1.10298145226e-23, 9.89618669193e-24, 9.61433615683e-24, 8.11719412127e-24, 7.62068033436e-24], "var": [4.45475745181e-09, 9.94331159632e-08, 2.33749076983e-07, 1.83877531867e-07, 8.98551434148e-07, 1.95534471459e-06, 5.46304863747e-06, 3.03560727843e-06, 1.35033769766e-06, 2.39147681214e-07, 5.2298290143e-08, 2.62266723894e-08, 5.74599496872e-08, 1.88466708906e-09, 7.86871734437e-10, 1.8207763075e-10, 8.77676611943e-11, 1.53724408203e-10, 2.99023375505e-11, 1.23635606961e-11, 9.63116253416e-11, 4.71666247726e-11, 4.81322186968e-12, 3.91847188377e-12, 9.02730689679e-13, 1.36142846671e-13, 1.03424145875e-13, 4.33346358743e-14, 2.58217888091e-15, 1.16959315208e-15, 4.18054884593e-16, 1.177506028e-16, 9.10791830347e-17, 6.95009922336e-17, 1.48644538056e-17, 9.50075580623e-18, 6.72964202435e-18, 8.77795215209e-18, 1.00591076828e-17, 3.60344772965e-18]}, "mfcc": {"mean": [-889.01361084, 203.24105835, 24.7605953217, 0.28924420476, -4.85025167465, -21.9981460571, -19.6212444305, -12.9928398132, -13.2399320602, -14.8186788559, -13.4658584595, -5.06956481934, 4.87160396576], "cov": [[9217.12695312, 3925.9140625, -2925.03564453, -165.734115601, 111.996208191, -676.742797852, -115.41796875, 145.843399048, -33.6306915283, -14.0136566162, 56.0113334656, 157.088470459, 331.267791748], [3925.9140625, 2671.45068359, -567.526489258, -380.725769043, -0.521542072296, -238.687850952, -136.28704834, -6.89169788361, -67.25730896, -110.602203369, -73.3071289062, 22.7685680389, 128.742172241], [-2925.03564453, -567.526489258, 1772.91784668, -20.9213199615, -136.333389282, 331.21585083, -11.0543308258, -129.539245605, -24.9250869751, -72.7550354004, -81.4348144531, -87.0708618164, -130.852432251], [-165.734115601, -380.725769043, -20.9213199615, 313.16809082, 65.4267120361, 3.52236127853, 36.4771118164, 1.4286699295, 13.4961118698, 40.643661499, 40.8780860901, 15.2292985916, -20.6067905426], [111.996208191, -0.521542072296, -136.333389282, 65.4267120361, 186.953445435, 57.9531059265, 0.381769925356, 7.69818639755, 2.1306040287, -1.96063995361, -2.45128393173, -6.24619865417, -11.8309984207], [-676.742797852, -238.687850952, 331.21585083, 3.52236127853, 57.9531059265, 235.232162476, 80.4827270508, -8.81728076935, 10.4650783539, -8.50319004059, -19.3054618835, -42.8616943359, -47.6024436951], [-115.41796875, -136.28704834, -11.0543308258, 36.4771118164, 0.381769925356, 80.4827270508, 140.479904175, 72.5797119141, 16.7407608032, 11.5282087326, -0.71068572998, -22.5073795319, -17.6534919739], [145.843399048, -6.89169788361, -129.539245605, 1.4286699295, 7.69818639755, -8.81728076935, 72.5797119141, 117.279785156, 58.672290802, 12.739566803, -4.84520578384, -12.4693803787, -7.64381313324], [-33.6306915283, -67.25730896, -24.9250869751, 13.4961118698, 2.1306040287, 10.4650783539, 16.7407608032, 58.672290802, 110.01423645, 75.8242111206, 17.8924045563, -5.20994997025, -21.1322994232], [-14.0136566162, -110.602203369, -72.7550354004, 40.643661499, -1.96063995361, -8.50319004059, 11.5282087326, 12.739566803, 75.8242111206, 131.079238892, 80.5378570557, 18.1394042969, -7.99252796173], [56.0113334656, -73.3071289062, -81.4348144531, 40.8780860901, -2.45128393173, -19.3054618835, -0.71068572998, -4.84520578384, 17.8924045563, 80.5378570557, 128.432067871, 89.4723052979, 8.4119310379], [157.088470459, 22.7685680389, -87.0708618164, 15.2292985916, -6.24619865417, -42.8616943359, -22.5073795319, -12.4693803787, -5.20994997025, 18.1394042969, 89.4723052979, 137.647186279, 67.0209503174], [331.267791748, 128.742172241, -130.852432251, -20.6067905426, -11.8309984207, -47.6024436951, -17.6534919739, -7.64381313324, -21.1322994232, -7.99252796173, 8.4119310379, 67.0209503174, 133.313781738]], "icov": [[0.00341536430642, -0.00491606257856, 0.00523085286841, -0.00536914961413, 0.00533604016528, -0.00531058339402, 0.0039773164317, -0.00235566427, 0.000864166067913, 0.000104369064502, -0.000476791959954, 0.000417300936533, -0.000502474023961], [-0.00491606257856, 0.00764841679484, -0.00750511651859, 0.00852861255407, -0.00826799683273, 0.00859381631017, -0.00631783576682, 0.00425979821011, -0.00216739345342, 0.000984254176728, -3.7561305362e-05, 3.73804846276e-06, 0.000239819724811], [0.00523085286841, -0.00750511651859, 0.00946100801229, -0.00894628092647, 0.0106932567433, -0.0117802312598, 0.00905955862254, -0.00500778341666, 0.00312965596095, -0.00122220581397, 0.00147121632472, -0.000864789704792, 0.000573110941332], [-0.00536914961413, 0.00852861255407, -0.00894628092647, 0.014284113422, -0.0129130864516, 0.014051550068, -0.0130962030962, 0.0101399468258, -0.00684853503481, 0.00399118755013, -0.00350796757266, 0.00163415737916, -0.000195558997802], [0.00533604016528, -0.00826799683273, 0.0106932567433, -0.0129130864516, 0.0214545913041, -0.0210662614554, 0.0194615498185, -0.0157541241497, 0.0130847916007, -0.00944358948618, 0.00835385080427, -0.00553207984194, 0.00304256821983], [-0.00531058339402, 0.00859381631017, -0.0117802312598, 0.014051550068, -0.0210662614554, 0.0324654988945, -0.0308026466519, 0.0273875854909, -0.0250590126961, 0.0202876608819, -0.0163874328136, 0.0116180405021, -0.00484203128144], [0.0039773164317, -0.00631783576682, 0.00905955862254, -0.0130962030962, 0.0194615498185, -0.0308026466519, 0.0438819676638, -0.0404972620308, 0.0350107066333, -0.0277849715203, 0.0198280736804, -0.012429093942, 0.00618463009596], [-0.00235566427, 0.00425979821011, -0.00500778341666, 0.0101399468258, -0.0157541241497, 0.0273875854909, -0.0404972620308, 0.0553654246032, -0.0505813062191, 0.0412299484015, -0.0296503603458, 0.0203693322837, -0.0093306042254], [0.000864166067913, -0.00216739345342, 0.00312965596095, -0.00684853503481, 0.0130847916007, -0.0250590126961, 0.0350107066333, -0.0505813062191, 0.0695463567972, -0.0612907409668, 0.0471890047193, -0.0318550728261, 0.016294920817], [0.000104369064502, 0.000984254176728, -0.00122220581397, 0.00399118755013, -0.00944358948618, 0.0202876608819, -0.0277849715203, 0.0412299484015, -0.0612907409668, 0.0724747106433, -0.0611935555935, 0.0405428260565, -0.0185931697488], [-0.000476791959954, -3.7561305362e-05, 0.00147121632472, -0.00350796757266, 0.00835385080427, -0.0163874328136, 0.0198280736804, -0.0296503603458, 0.0471890047193, -0.0611935555935, 0.0719789788127, -0.050152298063, 0.0224211234599], [0.000417300936533, 3.73804846276e-06, -0.000864789704792, 0.00163415737916, -0.00553207984194, 0.0116180405021, -0.012429093942, 0.0203693322837, -0.0318550728261, 0.0405428260565, -0.050152298063, 0.0453829243779, -0.0207269303501], [-0.000502474023961, 0.000239819724811, 0.000573110941332, -0.000195558997802, 0.00304256821983, -0.00484203128144, 0.00618463009596, -0.0093306042254, 0.016294920817, -0.0185931697488, 0.0224211234599, -0.0207269303501, 0.0183490496129]]}, "spectral_contrast_coeffs": {"dmean": [0.036755502224, 0.0320899970829, 0.0277631469071, 0.0226857885718, 0.0171278752387, 0.0152938477695], "dmean2": [0.0613286532462, 0.0490950196981, 0.0427009090781, 0.0360031612217, 0.0273163169622, 0.0262319222093], "dvar": [0.000936808006372, 0.00118525861762, 0.000809827412013, 0.000474417669466, 0.000334898650181, 0.000273006415227], "dvar2": [0.00242874352261, 0.00261901365593, 0.00181892036926, 0.00106669741217, 0.000715027330443, 0.000752074003685], "max": [-0.228905886412, -0.293094575405, -0.286859601736, -0.493729263544, -0.542486786842, -0.684320747852], "mean": [-0.551907122135, -0.586653709412, -0.714749932289, -0.775100827217, -0.786612153053, -0.85127723217], "median": [-0.555550098419, -0.587506771088, -0.722633242607, -0.778450489044, -0.79414576292, -0.866091430187], "min": [-0.966646432877, -0.955055356026, -0.967918872833, -0.967119157314, -0.961173295975, -0.959997594357], "var": [0.00863787531853, 0.0106441965327, 0.00793979968876, 0.00495917210355, 0.0062412857078, 0.00232706568204]}, "spectral_contrast_valleys": {"dmean": [0.441331714392, 0.296240568161, 0.298197835684, 0.262356132269, 0.223351851106, 0.256166338921], "dmean2": [0.7253490