{"lowlevel": {"average_loudness": 0.894540250301, "barkbands_crest": {"dmean": 2.14197063446, "dmean2": 3.36084318161, "dvar": 6.61202001572, "dvar2": 15.7058935165, "max": 26.6312999725, "mean": 13.9170618057, "median": 12.7203798294, "min": 3.08074450493, "var": 28.4197864532}, "barkbands_flatness_db": {"dmean": 0.0288751386106, "dmean2": 0.0399544760585, "dvar": 0.000955053954385, "dvar2": 0.00192069448531, "max": 0.569399178028, "mean": 0.227246880531, "median": 0.217622041702, "min": 0.0266379341483, "var": 0.00735206250101}, "barkbands_kurtosis": {"dmean": 13.8062477112, "dmean2": 20.776884079, "dvar": 1500.0970459, "dvar2": 3088.07885742, "max": 2306.56933594, "mean": 38.690536499, "median": 13.6973991394, "min": -1.96031928062, "var": 18803.7480469}, "barkbands_skewness": {"dmean": 1.00799524784, "dmean2": 1.46967577934, "dvar": 1.66673243046, "dvar2": 3.4978928566, "max": 33.8090553284, "mean": 3.65524220467, "median": 2.89198422432, "min": -4.67572212219, "var": 11.2718296051}, "barkbands_spread": {"dmean": 6.32638025284, "dmean2": 9.22864627838, "dvar": 100.798736572, "dvar2": 205.783782959, "max": 124.040283203, "mean": 14.4522924423, "median": 8.26457118988, "min": 0.0455838777125, "var": 276.40927124}, "dissonance": {"dmean": 0.0272102262825, "dmean2": 0.0431582815945, "dvar": 0.000767620629631, "dvar2": 0.00189369847067, "max": 0.500000119209, "mean": 0.423348009586, "median": 0.439619511366, "min": 0.139014855027, "var": 0.00363674783148}, "dynamic_complexity": 5.11472320557, "erbbands_crest": {"dmean": 2.74118971825, "dmean2": 4.29255199432, "dvar": 7.42242288589, "dvar2": 16.7189674377, "max": 31.6114044189, "mean": 12.5187978745, "median": 11.4674930573, "min": 2.14307188988, "var": 33.5130348206}, "erbbands_flatness_db": {"dmean": 0.0229164566845, "dmean2": 0.0309954211116, "dvar": 0.000527876603883, "dvar2": 0.000989171327092, "max": 0.47287222743, "mean": 0.167267784476, "median": 0.155759885907, "min": 0.0512605831027, "var": 0.00433754455298}, "erbbands_kurtosis": {"dmean": 3.90087127686, "dmean2": 5.76610517502, "dvar": 57.4159851074, "dvar2": 113.040901184, "max": 268.976501465, "mean": 8.13828468323, "median": 2.4571647644, "min": -1.94544923306, "var": 489.640563965}, "erbbands_skewness": {"dmean": 0.649598181248, "dmean2": 0.937265455723, "dvar": 0.495879352093, "dvar2": 0.945537626743, "max": 13.4016342163, "mean": 1.72278487682, "median": 1.54082667828, "min": -4.81461381912, "var": 3.36926293373}, "erbbands_spread": {"dmean": 16.3607330322, "dmean2": 22.9334850311, "dvar": 381.732025146, "dvar2": 690.782653809, "max": 185.947967529, "mean": 47.4924659729, "median": 36.9971046448, "min": 0.471370100975, "var": 1241.28723145}, "hfc": {"dmean": 5.59056377411, "dmean2": 8.39824771881, "dvar": 238.733657837, "dvar2": 523.085327148, "max": 221.517608643, "mean": 7.61644124985, "median": 3.03725266457, "min": 1.29760722664e-16, "var": 291.968505859}, "melbands_crest": {"dmean": 2.23346567154, "dmean2": 3.54146742821, "dvar": 8.50793647766, "dvar2": 21.1265335083, "max": 36.5043792725, "mean": 17.7921333313, "median": 16.9943027496, "min": 2.09857869148, "var": 41.4842605591}, "melbands_flatness_db": {"dmean": 0.0339743085206, "dmean2": 0.0458616428077, "dvar": 0.00141978345346, "dvar2": 0.00269468943588, "max": 0.696635663509, "mean": 0.317108362913, "median": 0.315062731504, "min": 0.00445245206356, "var": 0.00976787414402}, "melbands_kurtosis": {"dmean": 26.9642677307, "dmean2": 39.068107605, "dvar": 2297.87719727, "dvar2": 4571.65722656, "max": 989.415405273, "mean": 61.8445549011, "median": 28.1339855194, "min": -1.91598308086, "var": 8325.06933594}, "melbands_skewness": {"dmean": 1.31000220776, "dmean2": 1.8406265974, "dvar": 2.48430728912, "dvar2": 4.6428694725, "max": 26.0082836151, "mean": 4.63369512558, "median": 3.61924242973, "min": -1.71960806847, "var": 12.3921022415}, "melbands_spread": {"dmean": 5.26767921448, "dmean2": 7.92109298706, "dvar": 198.516601562, "dvar2": 400.8515625, "max": 232.739074707, "mean": 12.1964168549, "median": 6.02469682693, "min": 0.308757781982, "var": 525.850402832}, "pitch_salience": {"dmean": 0.0642180889845, "dmean2": 0.103723615408, "dvar": 0.00655812583864, "dvar2": 0.0169041790068, "max": 0.934567153454, "mean": 0.472776383162, "median": 0.479193389416, "min": 0.1050362885, "var": 0.0208655726165}, "silence_rate_20dB": {"dmean": 0, "dmean2": 0, "dvar": 0, "dvar2": 0, "max": 1, "mean": 1, "median": 1, "min": 1, "var": 0}, "silence_rate_30dB": {"dmean": 0.0315178334713, "dmean2": 0.0630443766713, "dvar": 0.0305233001709, "dvar2": 0.0618304349482, "max": 1, "mean": 0.963372468948, "median": 1, "min": 0, "var": 0.0352867804468}, "silence_rate_60dB": {"dmean": 0.0323472507298, "dmean2": 0.0647034421563, "dvar": 0.0313034243882, "dvar2": 0.0690849721432, "max": 1, "mean": 0.185625433922, "median": 0, "min": 0, "var": 0.151184126735}, "spectral_centroid": {"dmean": 210.538452148, "dmean2": 307.833984375, "dvar": 139017.390625, "dvar2": 268609.71875, "max": 10788.7685547, "mean": 751.416381836, "median": 510.466278076, "min": 149.058410645, "var": 476703.625}, "spectral_complexity": {"dmean": 1.98700582981, "dmean2": 2.8552467823, "dvar": 20.0158042908, "dvar2": 29.9506378174, "max": 56, "mean": 6.10407733917, "median": 5, "min": 0, "var": 43.0362167358}, "spectral_decrease": {"dmean": 3.27531135547e-09, "dmean2": 5.53462831121e-09, "dvar": 1.40634243426e-16, "dvar2": 3.74169366442e-16, "max": 1.50513266824e-28, "mean": -5.04499775289e-09, "median": -2.67648836427e-09, "min": -1.09028903239e-07, "var": 1.19958950042e-16}, "spectral_energy": {"dmean": 0.0128029631451, "dmean2": 0.0215495359153, "dvar": 0.00209246063605, "dvar2": 0.00554591231048, "max": 0.419107139111, "mean": 0.019731849432, "median": 0.0105264084414, "min": 1.12016087694e-20, "var": 0.00179562543053}, "spectral_energyband_high": {"dmean": 0.000268810690613, "dmean2": 0.000391782930819, "dvar": 4.84275403778e-07, "dvar2": 9.82897404356e-07, "max": 0.0175497401506, "mean": 0.000312464922899, "median": 6.70907465974e-05, "min": 8.5799696778e-21, "var": 7.69277107793e-07}, "spectral_energyband_low": {"dmean": 0.00698328018188, "dmean2": 0.0122705930844, "dvar": 0.000944660685491, "dvar2": 0.00269143423066, "max": 0.327426612377, "mean": 0.0106183439493, "median": 0.00577656878158, "min": 3.48225323224e-23, "var": 0.000739750918001}, "spectral_energyband_middle_high": {"dmean": 0.000911617651582, "dmean2": 0.00145361246541, "dvar": 1.49972574945e-05, "dvar2": 3.73318362108e-05, "max": 0.0500397570431, "mean": 0.000970456982031, "median": 0.000106086234155, "min": 1.27799273373e-21, "var": 1.32133845909e-05}, "spectral_energyband_middle_low": {"dmean": 0.00830492377281, "dmean2": 0.0143687753007, "dvar": 0.00101747189183, "dvar2": 0.00267037027515, "max": 0.288503229618, "mean": 0.00964309554547, "median": 0.00356012186967, "min": 3.59194774899e-22, "var": 0.000741979572922}, "spectral_entropy": {"dmean": 0.31077593565, "dmean2": 0.413035094738, "dvar": 0.108512915671, "dvar2": 0.192953824997, "max": 9.78704071045, "mean": 7.11297130585, "median": 7.193608284, "min": 3.7169880867, "var": 0.660926163197}, "spectral_flux": {"dmean": 0.0277454704046, "dmean2": 0.0426570698619, "dvar": 0.00408614939079, "dvar2": 0.00826301705092, "max": 0.583134651184, "mean": 0.0537223406136, "median": 0.0257048085332, "min": 1.05837651143e-10, "var": 0.00730836065486}, "spectral_kurtosis": {"dmean": 2.32721829414, "dmean2": 3.40802311897, "dvar": 16.2784252167, "dvar2": 39.0979423523, "max": 85.0858459473, "mean": 4.99410295486, "median": 3.27794790268, "min": -1.17073106766, "var": 42.0188522339}, "spectral_rms": {"dmean": 0.000835532031488, "dmean2": 0.00129584141541, "dvar": 4.35068022853e-06, "dvar2": 1.00971183201e-05, "max": 0.0202209055424, "mean": 0.00352655048482, "median": 0.00320463208482, "min": 3.30581287171e-12, "var": 6.81410710968e-06}, "spectral_rolloff": {"dmean": 460.424926758, "dmean2": 779.866943359, "dvar": 1913666, "dvar2": 4155946.5, "max": 18626.2207031, "mean": 991.282836914, "median": 344.53125, "min": 64.599609375, "var": 4470267.5}, "spectral_skewness": {"dmean": 0.36421918869, "dmean2": 0.491392284632, "dvar": 0.169789656997, "dvar2": 0.34361359477, "max": 7.72168731689, "mean": 1.79633545876, "median": 1.67307853699, "min": -0.00679246429354, "var": 0.755421280861}, "spectral_spread": {"dmean": 1172838.625, "dmean2": 1476560.125, "dvar": 1490519064580.0, "dvar2": 2494896275460.0, "max": 39873280, "mean": 6736905.5, "median": 6305996, "min": 1030867.0625, "var": 6814062608380.0}, "spectral_strongpeak": {"dmean": 0.181509226561, "dmean2": 0.306121587753, "dvar": 0.212200835347, "dvar2": 0.536527752876, "max": 13.2684373856, "mean": 0.438718229532, "median": 0.205608248711, "min": 6.85977319392e-09, "var": 0.292091518641}, "zerocrossingrate": {"dmean": 0.0141407167539, "dmean2": 0.0159904845059, "dvar": 0.000419219431933, "dvar2": 0.000497710134368, "max": 0.4912109375, "mean": 0.0468199290335, "median": 0.02978515625, "min": 0.001953125, "var": 0.00291578285396}, "barkbands": {"dmean": [3.42388448189e-05, 0.00233174604364, 0.00345481140539, 0.00409873668104, 0.00291099632159, 0.000915264361538, 0.000472452986287, 0.00039526715409, 0.000305838882923, 0.000198852285394, 0.000123393416288, 0.000183299256605, 9.67071100604e-05, 8.55225298437e-05, 6.23964369879e-05, 7.35170469852e-05, 9.73996866378e-05, 6.49661888019e-05, 4.31643820775e-05, 2.77156759694e-05, 2.55008289969e-05, 3.98769880121e-05, 5.28474447492e-05, 5.10603458679e-05, 4.20615797339e-05, 5.71107811993e-05, 5.23731432622e-06], "dmean2": [5.15303399879e-05, 0.00358737749048, 0.00604450097308, 0.00753800803795, 0.0050184992142, 0.00151811505202, 0.00078476627823, 0.000662776117679, 0.0004959119251, 0.000324620021274, 0.000210942846024, 0.00030404352583, 0.000150443098391, 0.000144759847899, 9.43810591707e-05, 0.000123330348288, 0.000163541568327, 0.000105825725768, 6.50744550512e-05, 3.9419024688e-05, 3.54994772351e-05, 5.75670055696e-05, 8.00574634923e-05, 8.01146234153e-05, 6.63927930873e-05, 8.77884376678e-05, 8.20594686957e-06], "dvar": [6.73867139867e-09, 8.13126025605e-05, 0.000293739605695, 0.000472992309369, 0.000199459143914, 7.31143745725e-06, 4.40663598056e-06, 1.75044806383e-06, 1.27093392166e-06, 3.78683381541e-07, 2.32961866686e-07, 8.87251474069e-07, 1.94780383822e-07, 1.77002476676e-07, 6.33569854358e-08, 1.57200275908e-07, 3.42260221942e-07, 1.27104812009e-07, 4.17464249836e-08, 8.34707858388e-09, 7.19633286295e-09, 8.99979557545e-09, 1.69896150481e-08, 2.44973570318e-08, 1.24117489619e-08, 4.77440842417e-08, 2.12911399622e-09], "dvar2": [1.76874230817e-08, 0.000190470789676, 0.000815327744931, 0.00132171798032, 0.000531923666131, 1.8919006834e-05, 1.05944327515e-05, 4.82252289657e-06, 2.95434733744e-06, 9.60082502388e-07, 6.22541620032e-07, 2.27504779104e-06, 4.51958129588e-07, 4.66421880674e-07, 1.2990288667e-07, 4.19945592967e-07, 9.42486167332e-07, 3.21242026757e-07, 1.00322331775e-07, 1.55445825101e-08, 1.38852902509e-08, 1.80722672383e-08, 4.1175880483e-08, 5.63630919714e-08, 2.85701400315e-08, 1.0720442134e-07, 4.20056212036e-09], "max": [0.00149019691162, 0.136758685112, 0.186749190092, 0.239891692996, 0.21235319972, 0.0488203205168, 0.0587565898895, 0.0178022440523, 0.0165981575847, 0.011041438207, 0.00603471184149, 0.0132764801383, 0.00588858546689, 0.00598052050918, 0.00329435011372, 0.00510118389502, 0.00792724546045, 0.00463950959966, 0.00316126295365, 0.00121954001952, 0.00177472853102, 0.00149685575161, 0.00242377165705, 0.00296543072909, 0.00314076477662, 0.0084191178903, 0.00284132175148], "mean": [0.000156744048581, 0.00515074841678, 0.00352686434053, 0.00299921538681, 0.00322423200123, 0.00188922858797, 0.000540481705684, 0.000595129560679, 0.000329953298206, 0.000257507897913, 0.000101743142295, 0.000148441569763, 8.59872161527e-05, 7.74247018853e-05, 6.93673282512e-05, 6.71017623972e-05, 8.25422248454e-05, 5.71561322431e-05, 4.32474407717e-05, 3.54746225639e-05, 3.48106514139e-05, 4.82635769004e-05, 5.69838593947e-05, 5.02381080878e-05, 3.99350101361e-05, 5.63169196539e-05, 6.71325415169e-06], "median": [4.1441693611e-05, 0.00314492266625, 0.000517614360433, 0.000260836066445, 0.000667393440381, 0.00064190645935, 4.03335980081e-05, 5.43767382624e-05, 2.16945736611e-05, 1.38774539664e-05, 8.16443116491e-06, 5.17237958775e-06, 5.82840675634e-06, 5.42276438864e-06, 5.89364708503e-06, 5.41054487257e-06, 5.64372794543e-06, 3.26799909089e-06, 3.38799759447e-06, 2.76501805274e-06, 4.80079233967e-06, 1.10754053821e-05, 1.44003906826e-05, 6.93397760188e-06, 5.34015225639e-06, 5.74261093789e-06, 4.36932452885e-07], "min": [1.32188692192e-24, 1.14050448897e-23, 2.07898264674e-23, 2.33550601362e-23, 8.96962238487e-23, 7.23204075188e-23, 2.2345837248e-23, 8.75409359488e-23, 5.35259731568e-23, 3.08678022106e-23, 3.90791879017e-23, 1.41455861708e-22, 1.28555676123e-22, 1.02180054959e-22, 1.05927333585e-22, 1.2981813125e-22, 1.44325472624e-22, 1.40371815363e-22, 2.30293968975e-22, 2.27983275477e-22, 5.60314496654e-22, 4.33500448705e-22, 7.59164040806e-22, 8.12503407338e-22, 1.12961458602e-21, 2.10453024163e-21, 2.91738645281e-21], "var": [4.08357792026e-08, 8.36406979943e-05, 0.000195817963686, 0.000290050607873, 0.00014302515774, 1.10701057565e-05, 6.65006336931e-06, 1.93798837245e-06, 1.41508610341e-06, 4.88280363697e-07, 1.84069889997e-07, 6.8626434313e-07, 1.89774752357e-07, 1.46321667671e-07, 8.13590546045e-08, 1.2347744871e-07, 2.42211797286e-07, 1.04692290392e-07, 4.0061145512e-08, 1.30174351298e-08, 1.03700275034e-08, 1.35854385519e-08, 1.8684538361e-08, 2.65959378964e-08, 1.7910171124e-08, 6.56167813418e-08, 6.91461510272e-09]}, "erbbands": {"dmean": [0.0465369932353, 0.603335022926, 2.96291685104, 10.742102623, 10.4381351471, 10.8875255585, 7.72348451614, 6.62672805786, 6.48950719833, 7.02910661697, 9.05854129791, 7.25027227402, 5.86047315598, 5.27047872543, 5.93270635605, 7.55009269714, 4.58524942398, 4.22811126709, 4.07365655899, 2.95644235611, 5.05164146423, 4.85575056076, 3.11213803291, 2.71646428108, 2.11228680611, 1.32158899307, 1.01695358753, 1.06496930122, 1.2551856041, 1.4437251091, 1.68721163273, 1.43510210514, 0.644375920296, 0.439668238163, 0.353767484426, 0.362605720758, 0.0646710917354, 0.0106926904991, 0.00101571902633, 4.02207660954e-05], "dmean2": [0.0708797872066, 0.93072271347, 4.92776632309, 19.980134964, 18.1979942322, 18.6762161255, 13.0778121948, 11.0240297318, 10.7367839813, 12.1332798004, 14.7331666946, 11.5741682053, 9.62320518494, 8.65661811829, 10.2053546906, 12.5624341965, 7.22467756271, 7.12691688538, 6.55235671997, 4.48665428162, 8.66685676575, 8.06556510925, 4.93724727631, 4.2367181778, 3.24113845825, 1.88119781017, 1.44777286053, 1.44543337822, 1.77317130566, 2.12247443199, 2.58626961708, 2.22957730293, 1.01737308502, 0.685119867325, 0.559515655041, 0.555697202682, 0.101562455297, 0.0167773589492, 0.00159167835955, 6.19263591943e-05], "dvar": [0.0292890574783, 5.21367073059, 182.251480103, 3423.07641602, 1924.78723145, 3015.82446289, 531.18359375, 298.021972656, 844.253051758, 671.547668457, 879.96496582, 725.078186035, 408.195495605, 246.537033081, 661.75994873, 1628.09790039, 424.892730713, 371.300994873, 381.749908447, 177.407699585, 881.26739502, 828.435058594, 258.936981201, 209.11479187, 99.4290466309, 19.8207740784, 15.6946868896, 9.54666137695, 9.15538215637, 13.3109359741, 18.5399398804, 23.8846492767, 2.7847328186, 1.28575909138, 0.884853899479, 1.72338438034, 0.0993396267295, 0.00473311636597, 7.73566644057e-05, 6.56646079733e-08], "dvar2": [0.0720324218273, 12.0156393051, 483.676208496, 9806.34570312, 4921.296875, 8104.44970703, 1376.27453613, 747.854064941, 1902.01708984, 1852.3137207, 2276.56982422, 1649.57458496, 1047.15209961, 633.02355957, 1767.3894043, 4215.18554688, 993.155395508, 978.741577148, 881.277954102, 400.195465088, 2392.890625, 2263.62939453, 642.843383789, 504.943756104, 238.33631897, 37.543346405, 33.8870735168, 16.931224823, 17.6140117645, 32.3865127563, 44.6790542603, 55.3531265259, 6.61465883255, 2.92464756966, 2.07411670685, 3.94188547134, 0.228917658329, 0.00893516838551, 0.000154102322995, 1.25700765352e-07], "max": [2.23653936386, 35.8882331848, 149.031768799, 607.936889648, 439.904174805, 831.578857422, 313.759552002, 290.850769043, 795.475585938, 393.286895752, 345.831512451, 425.375518799, 479.715545654, 243.630065918, 308.683197021, 591.243286133, 263.053894043, 274.035888672, 273.568450928, 196.401992798, 388.909454346, 395.508361816, 216.845809937, 215.731048584, 157.479385376, 59.7041740417, 115.99659729, 45.1786727905, 47.2935562134, 109.489875793, 69.6118621826, 99.4094467163, 31.8488235474, 34.0151176453, 23.9923248291, 28.4760341644, 16.9405174255, 4.08011102676, 0.547225058079, 0.0153008401394], "mean": [0.147461235523, 1.18268764019, 3.57767820358, 8.23832130432, 9.84589099884, 11.5101394653, 12.6093330383, 14.6767721176, 7.17764234543, 9.91921520233, 12.8308057785, 8.48815155029, 6.40889501572, 7.25826025009, 4.92348051071, 6.15769433975, 4.05139255524, 3.9942984581, 3.98667263985, 3.39753389359, 4.36775779724, 4.27517366409, 2.94753313065, 2.60816311836, 2.17705583572, 1.71841526031, 1.35052883625, 1.43542850018, 1.56407725811, 1.69641041756, 1.7473949194, 1.42157912254, 0.619657099247, 0.422116935253, 0.331129699945, 0.339311152697, 0.0673000141978, 0.0129185123369, 0.00123907031957, 5.72173630644e-05], "median": [0.126591533422, 0.666413486004, 0.786964714527, 1.14806938171, 1.284932971, 2.2540640831, 4.87118053436, 4.28726053238, 1.19798636436, 1.15556895733, 1.38045907021, 0.799410641193, 0.503406941891, 0.515808463097, 0.420294195414, 0.238383680582, 0.287856400013, 0.33545511961, 0.294562041759, 0.317670971155, 0.319110989571, 0.309291154146, 0.22777569294, 0.161538824439, 0.165303662419, 0.135757863522, 0.159001544118, 0.237189233303, 0.381328761578, 0.458635061979, 0.370771169662, 0.193243041635, 0.09108543396, 0.0586517415941, 0.0404873266816, 0.0316907316446, 0.00823082309216, 0.00142761366442, 7.60207985877e-05, 1.70734710991e-05], "min": [5.86691430483e-22, 1.83698497329e-21, 1.729068236e-20, 4.21330390365e-20, 1.60125286936e-19, 2.67726362733e-19, 6.21708896696e-19, 6.29091276868e-19, 3.75930711692e-19, 1.27134733998e-18, 1.41603063829e-18, 1.1882635615e-18, 1.14777627584e-18, 1.11886238432e-18, 2.68177682815e-18, 6.1762391694e-18, 6.23497106084e-18, 4.16270578256e-18, 6.55073154325e-18, 6.88877751213e-18, 6.43626339495e-18, 8.29959608539e-18, 8.11919957432e-18, 1.10097921511e-17, 1.1621057117e-17, 1.18295264837e-17, 1.91125920426e-17, 1.89763669762e-17, 1.51266766772e-17, 1.80945626647e-17, 2.2892061325e-17, 1.67298436942e-17, 1.43202086672e-17, 1.04920366446e-17, 9.29406984093e-18, 7.37800438644e-18, 3.85842243115e-18, 1.42319857189e-18, 4.25985064918e-19, 4.34270790943e-20], "var": [0.033806104213, 5.70780277252, 144.563400269, 1988.79931641, 1439.01049805, 2167.92749023, 527.848693848, 612.272888184, 1086.35058594, 846.57019043, 1036.03540039, 843.601318359, 417.333526611, 388.279632568, 485.992431641, 1237.38708496, 407.095001221, 329.343475342, 368.318267822, 216.75201416, 631.299072266, 601.567565918, 224.54699707, 194.030426025, 95.7336730957, 30.4885025024, 19.5665168762, 15.0953474045, 14.2620010376, 15.5493268967, 19.8881874084, 24.5589828491, 3.29798865318, 1.92755162716, 1.14377486706, 1.88730013371, 0.159752294421, 0.0148220462725, 0.00022419502784, 1.74434575229e-07]}, "gfcc": {"mean": [-108.274299622, 78.2569351196, -50.7345962524, 36.9792251587, -65.943397522, 7.84313344955, -45.1988296509, 2.47375893593, -18.2455482483, 5.43963193893, -18.6412601471, 11.8511161804, -8.70939159393], "cov": [[12380.2851562, 931.310180664, -783.850891113, -62.9048271179, 921.3203125, 1263.64001465, 972.09197998, 1013.57452393, 37.8823204041, 165.007385254, -354.740570068, -91.5988388062, -343.653778076], [931.310180664, 2559.34838867, -27.4351215363, -45.9724311829, 677.946166992, 256.09072876, 608.20526123, 184.277191162, 172.488143921, -114.558143616, 29.4017066956, -107.975990295, -0.11681881547], [-783.850891113, -27.4351215363, 1728.12915039, 693.497619629, 92.0319290161, 220.930175781, -90.6141052246, -70.6636276245, 42.7073516846, -25.090877533, 68.5836257935, 42.8874092102, -36.8723564148], [-62.9048271179, -45.9724311829, 693.497619629, 885.117004395, 361.432373047, 170.925811768, 64.1255264282, 7.61918020248, 21.1433200836, 81.7398834229, 78.1552124023, 35.9907646179, 26.863653183], [921.3203125, 677.946166992, 92.0319290161, 361.432373047, 764.034057617, 379.92779541, 339.79284668, 146.113510132, 42.3400344849, 23.6658420563, 48.7513275146, 33.5426139832, -16.6938056946], [1263.64001465, 256.09072876, 220.930175781, 170.925811768, 379.92779541, 589.77355957, 313.700164795, 221.046951294, 61.2903594971, 53.6912574768, 22.2110691071, 50.5471420288, -30.7206096649], [972.09197998, 608.20526123, -90.6141052246, 64.1255264282, 339.79284668, 313.700164795, 439.948547363, 222.993942261, 82.8513412476, 24.3873500824, 4.6955332756, -0.284606277943, 14.4995985031], [1013.57452393, 184.277191162, -70.6636276245, 7.61918020248, 146.113510132, 221.046951294, 222.993942261, 278.737762451, 123.291374207, 62.724647522, -24.1711902618, 11.1834926605, -4.80451869965], [37.8823204041, 172.488143921, 42.7073516846, 21.1433200836, 42.3400344849, 61.2903594971, 82.8513412476, 123.291374207, 215.881362915, 73.3128890991, 9.36806488037, 3.33741307259, 7.72629165649], [165.007385254, -114.558143616, -25.090877533, 81.7398834229, 23.6658420563, 53.6912574768, 24.3873500824, 62.724647522, 73.3128890991, 163.876922607, 50.8641738892, 26.7671585083, 20.1435661316], [-354.740570068, 29.4017066956, 68.5836257935, 78.1552124023, 48.7513275146, 22.2110691071, 4.6955332756, -24.1711902618, 9.36806488037, 50.8641738892, 131.752166748, 57.5017738342, 48.7715568542], [-91.5988388062, -107.975990295, 42.8874092102, 35.9907646179, 33.5426139832, 50.5471420288, -0.284606277943, 11.1834926605, 3.33741307259, 26.7671585083, 57.5017738342, 139.31010437, 53.4979438782], [-343.653778076, -0.11681881547, -36.8723564148, 26.863653183, -16.6938056946, -30.7206096649, 14.4995985031, -4.80451869965, 7.72629165649, 20.1435661316, 48.7715568542, 53.4979438782, 117.163345337]], "icov": [[0.000171844207216, -7.38460730645e-05, 9.0833302238e-05, -5.89834889979e-05, 2.45304527198e-05, -0.000214111278183, 7.81395792728e-05, -0.000540354114491, 0.000406481238315, -0.000243527698331, 0.000362131773727, -9.60790930549e-05, 0.000369791465346], [-7.38460730645e-05, 0.00101449876092, -0.000304653920466, 0.000595389050432, -0.000877763784956, 0.000652384769637, -0.00134579953738, 0.000620561419055, -0.000903902691789, 0.000855491438415, -0.000764950353187, 0.000927383836824, -0.000402491510613], [9.0833302238e-05, -0.000304653920466, 0.0013516144827, -0.00132584350649, 0.000870307907462, -0.00113515683915, 0.000802848022431, 5.46032679267e-05, -0.00041339820018, 0.000880697509274, -0.000188427031389, -0.000476178422105, 0.000896435056347], [-5.89834889979e-05, 0.000595389050432, -0.00132584350649, 0.0030148990918, -0.00202585430816, 0.000915216980502, -0.000575876270887, 0.000350298214471, 0.000143389610457, -0.00130065646954, -0.000134424990392, 0.00103595701512, -0.00144688761793], [2.45304527198e-05, -0.000877763784956, 0.000870307907462, -0.00202585430816, 0.00402115657926, -0.00163716252428, -0.000549953256268, 0.00021267835109, 0.000310852134135, 0.000453352025943, -0.000364156789146, -0.00140821863897, 0.00172607507557], [-0.000214111278183, 0.000652384769637, -0.00113515683915, 0.000915216980502, -0.00163716252428, 0.00506054563448, -0.00266087357886, -0.001066041179, 0.000329751434037, -0.000436509144492, -0.000881732848939, -0.000820222019684, 0.000979617005214], [7.81395792728e-05, -0.00134579953738, 0.000802848022431, -0.000575876270887, -0.000549953256268, -0.00266087357886, 0.00847460888326, -0.00404504174367, 0.000831588055007, 0.000285618676571, 0.00019353890093, 0.000964318809565, -0.00200297567062], [-0.000540354114491, 0.000620561419055, 5.46032679267e-05, 0.000350298214471, 0.00021267835109, -0.001066041179, -0.00404504174367, 0.0117403706536, -0.00509010301903, -0.000846623093821, 0.00191901426297, -0.000765244825743, -0.000882806431036], [0.000406481238315, -0.000903902691789, -0.00041339820018, 0.000143389610457, 0.000310852134135, 0.000329751434037, 0.000831588055007, -0.00509010301903, 0.00904867704958, -0.0039096204564, 0.00104650447611, -0.000257017934928, 0.000604675791692], [-0.000243527698331, 0.000855491438415, 0.000880697509274, -0.00130065646954, 0.000453352025943, -0.000436509144492, 0.000285618676571, -0.000846623093821, -0.0039096204564, 0.0113340336829, -0.00518210511655, 0.000800950860139, -0.000157361384481], [0.000362131773727, -0.000764950353187, -0.000188427031389, -0.000134424990392, -0.000364156789146, -0.000881732848939, 0.00019353890093, 0.00191901426297, 0.00104650447611, -0.00518210511655, 0.0140812853351, -0.00390870589763, -0.00245032971725], [-9.60790930549e-05, 0.000927383836824, -0.000476178422105, 0.00103595701512, -0.00140821863897, -0.000820222019684, 0.000964318809565, -0.000765244825743, -0.000257017934928, 0.000800950860139, -0.00390870589763, 0.0118525074795, -0.00514035718516], [0.000369791465346, -0.000402491510613, 0.000896435056347, -0.00144688761793, 0.00172607507557, 0.000979617005214, -0.00200297567062, -0.000882806431036, 0.000604675791692, -0.000157361384481, -0.00245032971725, -0.00514035718516, 0.0143019855022]]}, "melbands": {"dmean": [0.000546684022993, 0.00120391766541, 0.00179613288492, 0.000775772088673, 0.000294390192721, 0.000152237393195, 0.000100097400718, 7.82120696385e-05, 7.32469779905e-05, 4.30511936429e-05, 2.92403055937e-05, 2.18957320612e-05, 1.78864083864e-05, 2.10017369682e-05, 1.63395834534e-05, 8.36464550957e-06, 8.11238805909e-06, 7.15448322808e-06, 3.90893455915e-06, 4.44528086518e-06, 6.4137057052e-06, 5.77595392315e-06, 2.92993581752e-06, 3.38757763529e-06, 2.06631375477e-06, 1.61289699463e-06, 1.2959999367e-06, 8.48652916829e-07, 6.35669323401e-07, 6.68077177579e-07, 6.36209790628e-07, 6.21869730821e-07, 1.00992178886e-06, 7.26741745893e-07, 9.99721692097e-07, 9.58209170676e-07, 8.00543659807e-07, 4.49322413942e-07, 3.86790674156e-07, 3.6959386307e-07], "dmean2": [0.000838871346787, 0.00200030580163, 0.00327425496653, 0.00134399556555, 0.000501595786773, 0.000251667428529, 0.00016637792578, 0.000135249545565, 0.000117729403428, 6.86054263497e-05, 4.81128699903e-05, 3.5820841731e-05, 3.05710091197e-05, 3.58593315468e-05, 2.64831523964e-05, 1.33171633934e-05, 1.38903742481e-05, 1.16349110613e-05, 6.05625882599e-06, 7.21250489732e-06, 1.10930895971e-05, 9.80031018116e-06, 4.61306581201e-06, 5.5457662711e-06, 3.25235691889e-06, 2.48307424044e-06, 1.98988027478e-06, 1.22895130517e-06, 9.36190474476e-07, 9.4939656492e-07, 8.62093486376e-07, 8.76347769463e-07, 1.52657867147e-06, 1.08381220798e-06, 1.57011072588e-06, 1.45151261677e-06, 1.2713455817e-06, 7.17016462204e-07, 6.16942429588e-07, 5.72590806769e-07], "dvar": [4.57740134152e-06, 2.50510820479e-05, 8.42947411002e-05, 1.49964153024e-05, 7.96853839802e-07, 1.71362344759e-07, 2.06775496281e-07, 7.87334428765e-08, 5.91303823683e-08, 2.44681643835e-08, 1.02850199468e-08, 4.29694635429e-09, 5.05986763599e-09, 1.24645938016e-08, 6.78963330003e-09, 1.42466571873e-09, 1.3891527928e-09, 1.27479793388e-09, 2.40262837403e-10, 5.38174393938e-10, 1.44912681854e-09, 1.30448385427e-09, 1.8686913128e-10, 3.85538601044e-10, 1.19499590778e-10, 6.01624028373e-11, 2.89575776552e-11, 7.34336723374e-12, 7.15175444907e-12, 5.93030832774e-12, 2.79398617957e-12, 2.89455265312e-12, 5.5610945536e-12, 4.06448572715e-12, 6.52729433004e-12, 5.94681205321e-12, 8.62842089444e-12, 1.46913015607e-12, 1.01926507599e-12, 9.6950507518e-13], "dvar2": [1.10256178232e-05, 6.57418058836e-05, 0.000235134590184, 4.00028984586e-05, 2.01686930268e-06, 4.26235146733e-07, 4.7197320896e-07, 2.2115101217e-07, 1.49488045054e-07, 5.56403421115e-08, 2.63833843661e-08, 1.09097841872e-08, 1.32254704965e-08, 3.33580914003e-08, 1.66477160946e-08, 3.41554251548e-09, 3.719209829e-09, 2.99526892178e-09, 4.54031812147e-10, 1.39736988647e-09, 3.95870136671e-09, 3.64042396228e-09, 4.67270389048e-10, 9.81074554929e-10, 2.87292439838e-10, 1.50162507428e-10, 6.64006766238e-11, 1.32476338927e-11, 1.67717957578e-11, 1.2175753461e-11, 5.05605323234e-12, 5.68418836305e-12, 1.22210011208e-11, 1.05203849105e-11, 1.61681466826e-11, 1.33676117051e-11, 2.05331151387e-11, 3.6292600869e-12, 2.45076788724e-12, 2.1663317841e-12], "max": [0.0309257283807, 0.0559925884008, 0.0944397076964, 0.0582611113787, 0.00922723207623, 0.00726541038603, 0.0128672961146, 0.00353823485784, 0.00310940854251, 0.00242696423084, 0.00233982386999, 0.000976105220616, 0.000991347245872, 0.00160401326139, 0.00107482308522, 0.000537228770554, 0.000526576477569, 0.000500716152601, 0.000198240988539, 0.000341461884091, 0.000505985692143, 0.000522567366716, 0.000204816737096, 0.000254252954619, 0.000167429752764, 0.000123731457279, 6.86741550453e-05, 3.64385196008e-05, 9.3228998594e-05, 3.62897008017e-05, 2.33347600442e-05, 3.03776596411e-05, 4.0676608478e-05, 7.60488765081e-05, 4.35431429651e-05, 4.35781403212e-05, 5.65258451388e-05, 2.34628896578e-05, 2.82198816421e-05, 3.31716255459e-05], "mean": [0.00139787106309, 0.00179095356725, 0.00144807330798, 0.000814117025584, 0.000452796957688, 0.000333450501785, 0.000107976782601, 0.000111883673526, 0.000101117781014, 4.74725384265e-05, 3.1581876101e-05, 3.08600538119e-05, 1.51177637235e-05, 1.66696954693e-05, 1.33949115479e-05, 7.35471439839e-06, 7.53458971303e-06, 6.58769022266e-06, 4.73899035569e-06, 4.37834023614e-06, 5.40421206097e-06, 4.77802950627e-06, 2.97782275993e-06, 2.84231055048e-06, 1.99766986952e-06, 1.61131163168e-06, 1.37219535645e-06, 1.12164832444e-06, 8.11640006759e-07, 8.63913044213e-07, 8.09517416656e-07, 7.58142789437e-07, 1.17054321436e-06, 8.47323917696e-07, 1.01091404758e-06, 9.88112560663e-07, 7.62989714076e-07, 4.16532657255e-07, 3.70279963136e-07, 3.52807802528e-07], "median": [0.00098951975815, 0.000751320738345, 0.000219170469791, 0.000135888403747, 0.000179284164915, 0.000100277175079, 1.04654363895e-05, 1.24092593978e-05, 1.00472971098e-05, 3.416573918e-06, 2.13918269765e-06, 1.94957465283e-06, 1.29047396058e-06, 6.52182222893e-07, 5.12271867592e-07, 5.80018649998e-07, 5.70363340557e-07, 4.20846646421e-07, 4.11372525377e-07, 3.79028676889e-07, 3.41441023011e-07, 3.09966736722e-07, 2.32548586609e-07, 1.44991858519e-07, 1.18559100315e-07, 1.21200685044e-07, 8.889149683e-08, 8.9147327742e-08, 8.9626318811e-08, 1.11435902284e-07, 1.32155136612e-07, 1.7645371031e-07, 2.45666285537e-07, 2.51811343333e-07, 2.26891472721e-07, 1.49076910816e-07, 9.05635673121e-08, 5.99085296926e-08, 5.35871187424e-08, 4.57246365215e-08], "min": [3.79107933932e-24, 6.82823957835e-24, 1.2821597684e-23, 1.25838326406e-23, 2.06286290523e-23, 1.32710638065e-23, 5.71467681922e-24, 1.5851538268e-23, 1.06348239788e-23, 7.82450384847e-24, 5.80832210285e-24, 4.20389498419e-24, 7.48646432881e-24, 1.51706172005e-23, 1.38207121086e-23, 1.29802841548e-23, 6.88244063343e-24, 1.1838751149e-23, 6.41820230159e-24, 1.02843386006e-23, 6.70973610431e-24, 7.42027337683e-24, 9.35145693763e-24, 6.29916437429e-24, 9.37321608798e-24, 8.59191956998e-24, 7.21056732695e-24, 8.03533796944e-24, 9.63826783011e-24, 1.51088288812e-23, 1.03102613588e-23, 8.95778694694e-24, 7.70064795318e-24, 1.06259137948e-23, 1.24479190064e-23, 1.31860522111e-23, 9.11991679562e-24, 1.01703710768e-23, 9.78864207359e-24, 8.30210153973e-24], "var": [4.71597923024e-06, 2.29445467994e-05, 5.23219350725e-05, 1.06683128251e-05, 7.60978537073e-07, 3.29304043589e-07, 2.83974799231e-07, 8.89900277912e-08, 6.85317260718e-08, 2.86561210316e-08, 1.05197175415e-08, 7.26638926807e-09, 4.15528766951e-09, 8.8916864982e-09, 5.65500268834e-09, 1.34641331417e-09, 1.25310617438e-09, 1.15239762177e-09, 3.46417533548e-10, 4.85393836236e-10, 1.02095543131e-09, 8.91384077661e-10, 1.72984071511e-10, 3.06850322929e-10, 1.12737416624e-10, 5.45434392096e-11, 3.18409049127e-11, 1.17426268362e-11, 7.88024853704e-12, 7.60063019467e-12, 4.43359671892e-12, 4.2435833493e-12, 7.27660900285e-12, 4.0956522028e-12, 6.61888903061e-12, 7.03753982173e-12, 8.36053708902e-12, 1.49537532964e-12, 1.48789867146e-12, 1.4638565967e-12]}, "mfcc": {"mean": [-772.004150391, 113.919593811, 57.6113510132, 31.9730014801, 8.47670936584, 9.27976226807, -14.5827350616, 2.46148514748, -4.63360500336, -1.51563084126, -4.3985915184, -4.51310014725, -0.757000923157], "cov": [[10383.1542969, 1561.88549805, -1541.52197266, -295.154205322, -85.1359863281, 322.632232666, 745.617553711, 759.538024902, 801.056762695, 535.135375977, 403.188079834, 337.433288574, 94.8144378662], [1561.88549805, 2322.98364258, -273.829681396, -9.02043914795, 113.653366089, 241.613250732, 373.069763184, 429.469940186, 335.075714111, 159.768585205, 178.869857788, 157.38243103, 60.8434448242], [-1541.52197266, -273.829681396, 1527.57165527, 378.83215332, 288.750854492, 146.444458008, -70.0432281494, -8.78657722473, -105.535072327, -25.1093082428, -19.359287262, -31.9407119751, 37.5246391296], [-295.154205322, -9.02043914795, 378.83215332, 710.403320312, 321.922027588, 223.69859314, 139.577941895, 30.5191440582, 43.4185752869, 16.3524188995, -11.285618782, 62.4095344543, 68.0906982422], [-85.1359863281, 113.653366089, 288.750854492, 321.922027588, 459.756530762, 292.212921143, 182.870559692, 144.6222229, 36.5094413757, 29.356967926, 55.8858985901, 56.2569732666, 65.1171798706], [322.632232666, 241.613250732, 146.444458008, 223.69859314, 292.212921143, 414.243621826, 298.022033691, 208.972732544, 105.102279663, 76.5171737671, 72.3019943237, 87.0132675171, 78.8203964233], [745.617553711, 373.069763184, -70.0432281494, 139.577941895, 182.870559692, 298.022033691, 430.525909424, 237.126724243, 135.799575806, 74.8496780396, 51.403301239, 99.6643295288, 60.0204315186], [759.538024902, 429.469940186, -8.78657722473, 30.5191440582, 144.6222229, 208.972732544, 237.126724243, 341.424041748, 199.622909546, 101.917991638, 96.0782623291, 70.1782226562, 58.9301376343], [801.056762695, 335.075714111, -105.535072327, 43.4185752869, 36.5094413757, 105.102279663, 135.799575806, 199.622909546, 263.038543701, 157.820465088, 101.995063782, 67.4608612061, 36.1189079285], [535.135375977, 159.768585205, -25.1093082428, 16.3524188995, 29.356967926, 76.5171737671, 74.8496780396, 101.917991638, 157.820465088, 200.476394653, 115.614112854, 55.9843482971, 16.7795085907], [403.188079834, 178.869857788, -19.359287262, -11.285618782, 55.8858985901, 72.3019943237, 51.403301239, 96.0782623291, 101.995063782, 115.614112854, 153.692062378, 67.4919509888, 28.6127929688], [337.433288574, 157.38243103, -31.9407119751, 62.4095344543, 56.2569732666, 87.0132675171, 99.6643295288, 70.1782226562, 67.4608612061, 55.9843482971, 67.4919509888, 116.044403076, 59.932926178], [94.8144378662, 60.8434448242, 37.5246391296, 68.0906982422, 65.1171798706, 78.8203964233, 60.0204315186, 58.9301376343, 36.1189079285, 16.7795085907, 28.6127929688, 59.932926178, 94.4024200439]], "icov": [[0.000158151218784, -1.07662117443e-05, 0.000114221060358, 1.81790983333e-05, 4.07937222917e-05, 5.50143777218e-05, -0.000132053057314, -0.000131570050144, -0.000168849233887, -0.000113151800178, -5.32905105501e-05, -0.000147086189827, 7.58473834139e-05], [-1.07662117443e-05, 0.000618292891886, 3.00034971588e-05, 2.23843580898e-05, 2.58749514614e-05, 7.9254314187e-05, -0.000195862638066, -0.000458128430182, -0.000380448211217, 0.000355596974259, -0.000284659239696, -0.000392103305785, 0.000328303925926], [0.000114221060358, 3.00034971588e-05, 0.00101616536267, -0.000438004994066, -0.000199881716981, -0.00025163742248, 0.000515716266818, -0.000629495654721, 0.0006999031757, -0.000544325739611, 1.86180459423e-05, 0.000302466389257, -0.000177712383447], [1.81790983333e-05, 2.23843580898e-05, -0.000438004994066, 0.0028081482742, -0.00178818346467, -0.000272844714345, -0.000366291293176, 0.00174804939888, -0.00188960146625, 0.00020058148948, 0.00153375603259, -0.00108411815017, -0.000370382564142], [4.07937222917e-05, 2.58749514614e-05, -0.000199881716981, -0.00178818346467, 0.0056811911054, -0.00268886215053, 0.000251928664511, -0.00166285189334, 0.00178181729279, 0.000483002368128, -0.00199624081142, 0.00076475267997, -0.00013236340601], [5.50143777218e-05, 7.9254314187e-05, -0.00025163742248, -0.000272844714345, -0.00268886215053, 0.00811056699604, -0.00380061822943, -0.000974358525127, 0.000497224275023, -0.00095366651658, -0.000691283785272, 0.000357095676009, -0.00173989206087], [-0.000132053057314, -0.000195862638066, 0.000515716266818, -0.000366291293176, 0.000251928664511, -0.00380061822943, 0.00699816877022, -0.00269397953525, 0.000764403375797, -0.000649574911222, 0.00274946773425, -0.00320959417149, 0.00157720351126], [-0.000131570050144, -0.000458128430182, -0.000629495654721, 0.00174804939888, -0.00166285189334, -0.000974358525127, -0.00269397953525, 0.0101775014773, -0.00639006262645, 0.00251140119508, -0.00167227408383, 0.00216217571869, -0.00213044020347], [-0.000168849233887, -0.000380448211217, 0.0006999031757, -0.00188960146625, 0.00178181729279, 0.000497224275023, 0.000764403375797, -0.00639006262645, 0.0139317400753, -0.00754085043445, 0.000286153372144, -0.00010306169861, -0.000653070455883], [-0.000113151800178, 0.000355596974259, -0.000544325739611, 0.00020058148948, 0.000483002368128, -0.00095366651658, -0.000649574911222, 0.00251140119508, -0.00754085043445, 0.0141317751259, -0.00717121642083, -0.000133252047817, 0.00189598428551], [-5.32905105501e-05, -0.000284659239696, 1.86180459423e-05, 0.00153375603259, -0.00199624081142, -0.000691283785272, 0.00274946773425, -0.00167227408383, 0.000286153372144, -0.00717121642083, 0.0162876844406, -0.00679538538679, 0.000915911339689], [-0.000147086189827, -0.000392103305785, 0.000302466389257, -0.00108411815017, 0.00076475267997, 0.000357095676009, -0.00320959417149, 0.00216217571869, -0.00010306169861, -0.000133252047817, -0.00679538538679, 0.0201673526317, -0.00975340418518], [7.58473834139e-05, 0.000328303925926, -0.000177712383447, -0.000370382564142, -0.00013236340601, -0.00173989206087, 0.00157720351126, -0.00213044020347, -0.000653070455883, 0.00189598428551, 0.000915911339689, -0.00975340418518, 0.0183414816856]]}, "spectral_contrast_coeffs": {"dmean": [0.0443094819784, 0.0416073128581, 0.0328368842602, 0.0252572409809, 0.0197420511395, 0.019048858434], "dmean2": [0.0725745335221, 0.0674799233675, 0.0526375174522, 0.0404052101076, 0.0309234391898, 0.0277356859297], "dvar": [0.0031725843437, 0.0014155455865, 0.000834175327327, 0.000430785759818, 0.000320135208312, 0.000284845533315], "dvar2": [0.00696138013154, 0.00356392841786, 0.00199666246772, 0.00105452421121, 0.000701331591699, 0.000603430729825], "max": [-0.277781367302, -0.317204594612, -0.474866181612, -0.566774249077, -0.60623306036, -0.632394075394], "mean": [-0.664198577404, -0.658446669579, -0.79612237215, -0.83183580637, -0.836728990078, -0.804015755653], "median": [-0.689830899239, -0.664560139179, -0.808778226376, -0.840867221355, -0.846102118492, -0.813412547112], "min": [-0.961021661758, -0.971843659878, -0.980821967125, -0.953445732594, -0.955402135849, -0.959289968014], "var": [0.012920239009, 0.00973549019545, 0.00547947594896, 0.00229152408428, 0.00176630378701, 0.00182989914902]}, "spectral_contrast_valleys": {"dmean": [0.32560762763, 0.430079370737, 0.441822260618, 0.401142150164, 0.372181504965, 0.468679577112], "dmean2": [0.528904259205, 0.667548894882, 0.674506485462, 0.591959297657, 0.486013740301, 0.551547169685], "dvar": [0.177288353443, 0.26849809289, 0.329229861498, 0.263196349144, 0.220161810517, 0.241652429104], "dvar2": [0.337514638901, 0.511151134968, 0.623329281807, 0.458773732185, 0.348480522633, 0.369445353746], "max": [-