{"lowlevel": {"average_loudness": 0.364880383015, "barkbands_crest": {"dmean": 2.35279011726, "dmean2": 3.691593647, "dvar": 5.56846094131, "dvar2": 13.2160282135, "max": 26.6953620911, "mean": 13.39245224, "median": 12.4238414764, "min": 3.47007346153, "var": 27.7647571564}, "barkbands_flatness_db": {"dmean": 0.0220002885908, "dmean2": 0.0352294109762, "dvar": 0.00050314568216, "dvar2": 0.00124926993158, "max": 0.701628029346, "mean": 0.369228214025, "median": 0.36710703373, "min": 0.0343374796212, "var": 0.0056214700453}, "barkbands_kurtosis": {"dmean": 3.35770869255, "dmean2": 5.258497715, "dvar": 98.2565460205, "dvar2": 254.74118042, "max": 239.674560547, "mean": 5.7081580162, "median": 2.17565059662, "min": -1.73342812061, "var": 184.859191895}, "barkbands_skewness": {"dmean": 0.502579569817, "dmean2": 0.764764785767, "dvar": 0.388309687376, "dvar2": 0.96522462368, "max": 14.3704042435, "mean": 0.751215875149, "median": 0.802489876747, "min": -6.34525156021, "var": 2.13507270813}, "barkbands_spread": {"dmean": 1.62158846855, "dmean2": 2.53122615814, "dvar": 15.6690263748, "dvar2": 38.9572143555, "max": 125.361740112, "mean": 7.283182621, "median": 4.96342039108, "min": 0.0650770664215, "var": 163.114517212}, "dissonance": {"dmean": 0.050017748028, "dmean2": 0.0861780866981, "dvar": 0.00244393665344, "dvar2": 0.00691105332226, "max": 0.499701619148, "mean": 0.356709569693, "median": 0.373389840126, "min": 0.0441496409476, "var": 0.00782203767449}, "dynamic_complexity": 7.20417642593, "erbbands_crest": {"dmean": 2.83234930038, "dmean2": 4.38212776184, "dvar": 7.84358310699, "dvar2": 18.8986740112, "max": 32.3598518372, "mean": 14.8907384872, "median": 13.5121393204, "min": 2.51011824608, "var": 43.1584510803}, "erbbands_flatness_db": {"dmean": 0.0185189731419, "dmean2": 0.0286791976541, "dvar": 0.000348901055986, "dvar2": 0.000791837985162, "max": 0.641504347324, "mean": 0.386168152094, "median": 0.384045183659, "min": 0.0338782034814, "var": 0.00604985654354}, "erbbands_kurtosis": {"dmean": 2.62053084373, "dmean2": 3.95990085602, "dvar": 29.0910129547, "dvar2": 67.06275177, "max": 139.484909058, "mean": 5.08504247665, "median": 1.19699120522, "min": -1.71862852573, "var": 114.157798767}, "erbbands_skewness": {"dmean": 0.422932714224, "dmean2": 0.644411861897, "dvar": 0.209912285209, "dvar2": 0.496844768524, "max": 8.24579238892, "mean": 0.620467305183, "median": 0.509826004505, "min": -3.67627477646, "var": 1.44527053833}, "erbbands_spread": {"dmean": 2.41103076935, "dmean2": 3.63789725304, "dvar": 9.07875061035, "dvar2": 20.6202754974, "max": 96.9386138916, "mean": 11.8794221878, "median": 9.95358085632, "min": 0.361562490463, "var": 102.291992188}, "hfc": {"dmean": 2.59086918831, "dmean2": 3.70894932747, "dvar": 31.6809501648, "dvar2": 63.7791976929, "max": 119.852523804, "mean": 8.37721061707, "median": 4.34878253937, "min": 1.22482115608e-16, "var": 138.110839844}, "melbands_crest": {"dmean": 2.58626890182, "dmean2": 4.06749677658, "dvar": 6.57400465012, "dvar2": 16.3359584808, "max": 39.5598640442, "mean": 15.9319763184, "median": 15.0745105743, "min": 2.5300142765, "var": 34.8852996826}, "melbands_flatness_db": {"dmean": 0.0230559911579, "dmean2": 0.0370153300464, "dvar": 0.000604713684879, "dvar2": 0.00144451088272, "max": 0.80541652441, "mean": 0.483384519815, "median": 0.487943381071, "min": 0.00690322555602, "var": 0.00926195923239}, "melbands_kurtosis": {"dmean": 3.07165932655, "dmean2": 5.01254320145, "dvar": 197.879425049, "dvar2": 613.089538574, "max": 533.184753418, "mean": 5.3749294281, "median": 2.85310387611, "min": -1.8064905405, "var": 188.793685913}, "melbands_skewness": {"dmean": 0.491964876652, "dmean2": 0.760603606701, "dvar": 0.417970091105, "dvar2": 1.14642560482, "max": 18.6100406647, "mean": 0.969272494316, "median": 0.925774395466, "min": -3.45883178711, "var": 2.15000796318}, "melbands_spread": {"dmean": 2.08677053452, "dmean2": 3.26393175125, "dvar": 15.7160224915, "dvar2": 36.3290557861, "max": 145.230743408, "mean": 9.77166557312, "median": 7.27570009232, "min": 0.364910185337, "var": 201.590530396}, "pitch_salience": {"dmean": 0.063153244555, "dmean2": 0.0986322686076, "dvar": 0.00363684771582, "dvar2": 0.0089990766719, "max": 0.862784326077, "mean": 0.47690269351, "median": 0.489787429571, "min": 0.0377212651074, "var": 0.0175416618586}, "silence_rate_20dB": {"dmean": 0, "dmean2": 0, "dvar": 0, "dvar2": 0, "max": 1, "mean": 1, "median": 1, "min": 1, "var": 0}, "silence_rate_30dB": {"dmean": 0.00844079721719, "dmean2": 0.0168855525553, "dvar": 0.008369830437, "dvar2": 0.0203519109637, "max": 1, "mean": 0.989451467991, "median": 1, "min": 0, "var": 0.0104370024055}, "silence_rate_60dB": {"dmean": 0.030949588865, "dmean2": 0.0619136951864, "dvar": 0.0299940276891, "dvar2": 0.0716818794608, "max": 1, "mean": 0.238631039858, "median": 0, "min": 0, "var": 0.181689992547}, "spectral_centroid": {"dmean": 50.3878326416, "dmean2": 75.2192077637, "dvar": 21937.8457031, "dvar2": 31054.9628906, "max": 10891.0986328, "mean": 581.289306641, "median": 511.555725098, "min": 169.288208008, "var": 219712.1875}, "spectral_complexity": {"dmean": 1.10527551174, "dmean2": 1.85225141048, "dvar": 1.51834523678, "dvar2": 3.56964039803, "max": 26, "mean": 8.58954524994, "median": 8, "min": 0, "var": 24.3348484039}, "spectral_decrease": {"dmean": 1.25085530822e-09, "dmean2": 1.79872738926e-09, "dvar": 5.71254694701e-18, "dvar2": 1.15752801148e-17, "max": 4.29613468728e-30, "mean": -4.41647252103e-09, "median": -2.55691245954e-09, "min": -4.98064203214e-08, "var": 3.04681820856e-17}, "spectral_energy": {"dmean": 0.0049463994801, "dmean2": 0.00711208954453, "dvar": 9.01481107576e-05, "dvar2": 0.000182670337381, "max": 0.198851644993, "mean": 0.0174286365509, "median": 0.0100549608469, "min": 1.1093260226e-20, "var": 0.000476715154946}, "spectral_energyband_high": {"dmean": 3.98034643467e-07, "dmean2": 5.35029016646e-07, "dvar": 1.42974113451e-11, "dvar2": 3.08289019313e-11, "max": 0.000189886632143, "mean": 8.18909882128e-07, "median": 1.77230354836e-08, "min": 8.33772046501e-21, "var": 2.52827828118e-11}, "spectral_energyband_low": {"dmean": 0.000704994192347, "dmean2": 0.00105905195232, "dvar": 4.36593973063e-06, "dvar2": 7.84775147622e-06, "max": 0.0927898213267, "mean": 0.00251065008342, "median": 0.000677597301546, "min": 1.29468293527e-22, "var": 3.55107076757e-05}, "spectral_energyband_middle_high": {"dmean": 0.000579986837693, "dmean2": 0.000831744866446, "dvar": 5.12639462613e-06, "dvar2": 9.77196759777e-06, "max": 0.0738414078951, "mean": 0.00148068170529, "median": 0.000426927290391, "min": 1.43368201906e-21, "var": 1.27550292746e-05}, "spectral_energyband_middle_low": {"dmean": 0.00448219431564, "dmean2": 0.00651504239067, "dvar": 8.04721785244e-05, "dvar2": 0.0001669999765, "max": 0.185949519277, "mean": 0.01372392755, "median": 0.00690320227295, "min": 3.2877776252e-22, "var": 0.000366667809431}, "spectral_entropy": {"dmean": 0.156419917941, "dmean2": 0.239101916552, "dvar": 0.0328877456486, "dvar2": 0.0731396377087, "max": 9.79953193665, "mean": 5.6288433075, "median": 5.62848949432, "min": 3.41987466812, "var": 0.52632778883}, "spectral_flux": {"dmean": 0.0153913525864, "dmean2": 0.0257316678762, "dvar": 0.000546457595192, "dvar2": 0.00143509963527, "max": 0.313257366419, "mean": 0.0373140946031, "median": 0.0307660251856, "min": 1.05324547695e-10, "var": 0.00103518459946}, "spectral_kurtosis": {"dmean": 38.0412445068, "dmean2": 66.1237030029, "dvar": 1890.53308105, "dvar2": 5449.05517578, "max": 734.034484863, "mean": 123.568275452, "median": 106.947257996, "min": -1.21454942226, "var": 8255.24414062}, "spectral_rms": {"dmean": 0.000504122930579, "dmean2": 0.000717638991773, "dvar": 5.08638152041e-07, "dvar2": 1.00138208836e-06, "max": 0.0139284459874, "mean": 0.00344014540315, "median": 0.003132046666, "min": 3.2897861952e-12, "var": 5.16895352121e-06}, "spectral_rolloff": {"dmean": 135.484146118, "dmean2": 232.436721802, "dvar": 378772.4375, "dvar2": 961478.375, "max": 18540.0878906, "mean": 838.609130859, "median": 581.396484375, "min": 21.533203125, "var": 2771462.5}, "spectral_skewness": {"dmean": 1.74017047882, "dmean2": 3.05262756348, "dvar": 2.363925457, "dvar2": 6.54719638824, "max": 22.1619606018, "mean": 7.54560041428, "median": 7.14528226852, "min": 0.0308365114033, "var": 13.6066989899}, "spectral_spread": {"dmean": 280699.4375, "dmean2": 487217.84375, "dvar": 287563448320, "dvar2": 395444158464, "max": 39679544, "mean": 1170876.125, "median": 839241.5, "min": 107950.304688, "var": 2629396594690.0}, "spectral_strongpeak": {"dmean": 0.407332897186, "dmean2": 0.62190258503, "dvar": 0.421650588512, "dvar2": 0.858295500278, "max": 11.4942359924, "mean": 1.27102100849, "median": 0.806353867054, "min": 0, "var": 2.00287222862}, "zerocrossingrate": {"dmean": 0.00284416670911, "dmean2": 0.00372520578094, "dvar": 5.89289811614e-05, "dvar2": 8.53284291225e-05, "max": 0.50390625, "mean": 0.0292476583272, "median": 0.02392578125, "min": 0.00146484375, "var": 0.00166229659226}, "barkbands": {"dmean": [5.98450878897e-06, 0.000316833291436, 0.000361448503099, 0.000428694533184, 0.000577595958021, 0.00123664457351, 0.000551022298168, 0.00242196442559, 0.000757994945161, 0.000106662031612, 0.000164341603522, 0.000259836000623, 7.74655636633e-05, 3.73075563402e-05, 3.9148832002e-05, 2.73237892543e-05, 3.97887961299e-05, 5.7598776948e-06, 2.67799532594e-06, 6.60750629322e-07, 2.15186503283e-07, 2.30625296638e-08, 1.13762315124e-08, 4.92967222598e-09, 1.42920097979e-09, 9.9261965314e-10, 9.77217307074e-10], "dmean2": [1.07482928797e-05, 0.000465350080049, 0.000566684408113, 0.000654428557027, 0.000868588977028, 0.00174023769796, 0.000796428648755, 0.00360996089876, 0.00115205242764, 0.000171414998476, 0.000265113485511, 0.000355951488018, 0.000108332948002, 5.35459985258e-05, 5.85284833505e-05, 3.81690224458e-05, 4.90706006531e-05, 8.49268872116e-06, 3.90807736039e-06, 8.54996528687e-07, 2.88372177693e-07, 3.00449443102e-08, 1.751134171e-08, 7.80818876223e-09, 2.67678390564e-09, 1.83516946084e-09, 1.79993264737e-09], "dvar": [2.6672716813e-10, 1.67464042988e-06, 1.09497227641e-06, 1.45772969518e-06, 1.97657118406e-06, 1.56095557031e-05, 2.41176394411e-06, 5.84431400057e-05, 6.22975858278e-06, 9.40997040288e-08, 4.52755699598e-07, 3.8335329009e-06, 6.72850219985e-08, 2.40185453748e-08, 2.10457695715e-08, 1.2495499746e-08, 7.70424364305e-08, 8.75879258011e-10, 3.65781599454e-10, 4.43913343584e-11, 3.24729501101e-12, 5.06182620233e-14, 1.17513852856e-14, 1.54678984075e-15, 1.73931637978e-16, 5.53027645826e-17, 3.24880049402e-17], "dvar2": [8.6233209462e-10, 2.66531355919e-06, 2.23961933443e-06, 2.91933474728e-06, 5.48230218556e-06, 3.41859049513e-05, 5.0624821597e-06, 0.000117583724204, 1.53801465785e-05, 2.12138772326e-07, 1.19159403766e-06, 7.06264972905e-06, 1.25491951053e-07, 4.70962326915e-08, 4.05367082124e-08, 2.51448994959e-08, 1.12369995975e-07, 1.78946879537e-09, 8.68040417323e-10, 7.96857579921e-11, 5.50570439933e-12, 6.38574750803e-14, 2.8889417307e-14, 3.60084124383e-15, 5.43402393548e-16, 1.67588552344e-16, 9.98506393374e-17], "max": [0.000540207955055, 0.0628425627947, 0.0326525531709, 0.0275462139398, 0.0280466116965, 0.0922590047121, 0.0362101197243, 0.176565364003, 0.0547341518104, 0.00924744922668, 0.0167165640742, 0.0708419084549, 0.00640895683318, 0.00630231341347, 0.0070846513845, 0.00289006577805, 0.0104498537257, 0.00118485454004, 0.000727090460714, 0.000354939576937, 8.57330378494e-05, 1.55305478984e-05, 3.56158648174e-06, 1.63563197475e-06, 4.26107078511e-07, 2.46309639351e-07, 1.93473994159e-07], "mean": [5.81827271162e-06, 0.00081826391397, 0.00141535582952, 0.00100392394233, 0.00182433077134, 0.00260664778762, 0.00119709060527, 0.00553083093837, 0.00151246436872, 0.000206653363421, 0.000294506142382, 0.000463002739707, 0.000184827833436, 8.95870325621e-05, 0.000103123595181, 7.10785679985e-05, 8.06466050562e-05, 1.36300805025e-05, 4.67601057608e-06, 1.71889291778e-06, 4.08080381931e-07, 4.31457998218e-08, 1.5610222448e-08, 6.86818824036e-09, 1.71273373262e-09, 1.42129463754e-09, 1.4599796927e-09], "median": [2.26798397307e-06, 0.000110424982267, 0.000232838792726, 0.000219392881263, 0.000707165338099, 0.000478817441035, 0.000264223286649, 0.000515918422025, 0.000450892548542, 6.15936587565e-05, 2.5488790925e-05, 5.19016175531e-05, 3.1426170608e-05, 1.58027651196e-05, 1.02769154182e-05, 5.17068656336e-06, 1.72410295818e-06, 5.27115162186e-07, 2.01523448595e-07, 2.23001404009e-08, 4.58071536258e-09, 9.3739016549e-10, 6.63682553359e-10, 7.83259512804e-10, 9.25232945814e-10, 9.65164725919e-10, 1.14303055909e-09], "min": [2.64019375638e-23, 6.31524932703e-23, 2.23661330613e-23, 4.14455276482e-23, 2.62783972129e-23, 2.54650121999e-23, 3.88021746616e-23, 3.21857868348e-23, 9.83187575327e-23, 1.43128877916e-22, 3.4830140097e-23, 5.80728159532e-23, 4.79966451237e-23, 1.0214236634e-22, 1.54802845488e-22, 2.24813771199e-22, 1.22078332919e-22, 1.35952932116e-22, 3.00753990044e-22, 3.7430818864e-22, 4.25598864469e-22, 6.06067974773e-22, 5.5889828307e-22, 1.01053753437e-21, 1.11903915459e-21, 2.32111565085e-21, 2.23421463256e-21], "var": [1.97961924631e-10, 1.20290642371e-05, 1.00795286926e-05, 5.50003005628e-06, 9.97750612441e-06, 4.40218427684e-05, 8.69491213962e-06, 0.000248182332143, 1.14471404231e-05, 2.14150986722e-07, 7.2221581604e-07, 7.85107386037e-06, 2.28982941053e-07, 5.92399196364e-08, 9.36161583809e-08, 4.23080948053e-08, 2.36046503233e-07, 2.32082109086e-09, 4.84760231956e-10, 1.16518614202e-10, 7.63474439919e-12, 2.12683901523e-13, 1.34339544019e-14, 2.46910951158e-15, 9.59820148742e-17, 3.35000604197e-17, 1.89571912752e-17]}, "erbbands": {"dmean": [0.00309411436319, 0.0914276987314, 0.375099688768, 0.831976771355, 2.12684702873, 1.70414912701, 1.95856118202, 14.6944446564, 7.13331604004, 23.1600856781, 49.798664093, 14.3230905533, 5.95362567902, 7.0518155098, 6.66190004349, 6.71028804779, 3.35894274712, 2.23152256012, 1.7924721241, 1.45337378979, 2.48126721382, 1.74691128731, 0.443005383015, 0.135948032141, 0.0962198004127, 0.0359383039176, 0.0135936848819, 0.00378753151745, 0.00105036818422, 0.000544563576113, 0.000293830089504, 0.000146937614772, 5.8860907302e-05, 1.98760735657e-05, 1.07005325845e-05, 5.51019275008e-06, 2.72220995612e-06, 8.00715213245e-07, 2.42067835643e-06, 5.58225656278e-06], "dmean2": [0.00468885339797, 0.134518757463, 0.582337141037, 1.29054307938, 3.14169836044, 2.55985379219, 2.8544716835, 21.0832672119, 9.53192520142, 34.5537719727, 74.1570281982, 22.0201091766, 8.96239185333, 11.5031003952, 9.65266704559, 9.34059619904, 4.6574177742, 3.21768593788, 2.6115963459, 2.18008351326, 3.16325378418, 2.27437257767, 0.629699468613, 0.195793360472, 0.138686969876, 0.0483107678592, 0.0178314801306, 0.00513677764684, 0.00146119564306, 0.000804858864285, 0.00046225785627, 0.000234330873354, 9.43155318964e-05, 3.53696341335e-05, 1.88716185221e-05, 9.25012955122e-06, 4.39966470367e-06, 1.3592467667e-06, 3.47501645592e-06, 8.02298018243e-06], "dvar": [0.00015757024812, 0.133445441723, 1.411267519, 3.48971366882, 47.2842941284, 18.7846412659, 19.4404792786, 2343.54125977, 239.85597229, 3775.78735352, 20270.3964844, 2071.61206055, 182.014846802, 747.180969238, 1514.10742188, 2171.44238281, 123.245033264, 77.205291748, 63.2095756531, 19.7962856293, 109.237686157, 145.288162231, 4.98656702042, 0.526169002056, 0.548332989216, 0.201002597809, 0.0116161936894, 0.00153014727402, 9.63641214184e-05, 2.56905677816e-05, 9.61379373621e-06, 1.45980300204e-06, 1.98352253733e-07, 2.91155064502e-08, 7.05829306114e-09, 1.18263943083e-09, 1.88906418286e-10, 2.08114202954e-11, 2.29916242295e-11, 1.16104889591e-10], "dvar2": [0.000308480026433, 0.212029486895, 2.76383829117, 7.44721364975, 107.929145813, 49.8737373352, 46.2469444275, 5482.33251953, 402.396209717, 7981.33203125, 40834.5585938, 5225.09716797, 383.535308838, 1986.60925293, 2757.3190918, 4084.91748047, 226.501037598, 149.688095093, 121.837272644, 38.5797615051, 172.678039551, 260.982269287, 9.86186408997, 1.14036369324, 1.25737690926, 0.372180551291, 0.0191927589476, 0.00299158063717, 0.000147023354657, 5.56011218578e-05, 2.48580945481e-05, 3.54470489583e-06, 4.8664935548e-07, 8.93571439065e-08, 2.20890363778e-08, 3.59422025475e-09, 5.61444335467e-10, 6.31192875744e-11, 4.883107807e-11, 2.35360120282e-10], "max": [0.49051836133, 18.177734375, 51.3681297302, 45.9656600952, 147.27796936, 119.2032547, 142.218170166, 1164.89147949, 347.943603516, 1518.70751953, 3203.18945312, 1065.27453613, 428.835021973, 734.368408203, 1357.4732666, 1680.86108398, 284.91229248, 367.271514893, 451.380889893, 105.606582642, 340.979736328, 502.546386719, 84.1963882446, 24.4370498657, 27.9281730652, 24.693731308, 5.41558027267, 1.82082140446, 0.599938035011, 0.190450936556, 0.112749055028, 0.0469276681542, 0.0132238836959, 0.00526096438989, 0.00280428584665, 0.00113857723773, 0.000456252950244, 0.000155842833919, 0.000106298532046, 0.000226938529522], "mean": [0.00766803324223, 0.253470957279, 1.4544878006, 2.32604169846, 6.44088459015, 5.187748909, 5.19842243195, 29.6902427673, 17.8536510468, 53.5658721924, 112.840950012, 29.3960208893, 15.0608911514, 13.1345643997, 12.7270269394, 12.9242429733, 8.55561542511, 5.59247303009, 5.01419448853, 3.90142893791, 6.02869606018, 3.89970898628, 1.09218251705, 0.302208900452, 0.193947926164, 0.085821531713, 0.0279877521098, 0.00773721560836, 0.00218832213432, 0.00091460387921, 0.000405582366511, 0.000217209817492, 8.82505773916e-05, 3.37933488481e-05, 2.20863003051e-05, 1.43807128552e-05, 7.96940639702e-06, 2.03517106456e-06, 8.5689853222e-06, 1.96492965188e-05], "median": [0.00143153755926, 0.0406972765923, 0.282119125128, 0.779336392879, 1.14278388023, 1.81159389019, 2.32048654556, 4.13229942322, 6.97371101379, 11.5235624313, 16.3535766602, 11.5206432343, 5.41512870789, 2.20532226562, 2.13042593002, 1.94793629646, 1.72149991989, 1.34088540077, 0.711678981781, 0.480669796467, 0.508684158325, 0.196684345603, 0.058960981667, 0.0214020870626, 0.00702739134431, 0.00147615140304, 0.000494693638757, 0.000116486291518, 5.04891359014e-05, 3.43173524016e-05, 2.62074427155e-05, 2.35005045397e-05, 2.01798320631e-05, 1.71438987309e-05, 1.31705292006e-05, 8.9562154244e-06, 4.99964698975e-06, 1.32040258904e-06, 4.99596171721e-06, 1.13219957711e-05], "min": [4.06130696193e-21, 5.70126886281e-21, 1.94375472449e-20, 8.87911373021e-20, 7.95254155095e-20, 1.07022029982e-19, 1.22303125511e-19, 2.75642403647e-19, 5.71278744977e-19, 3.66817688732e-19, 1.21925377975e-18, 1.78452553912e-18, 4.84797322128e-18, 3.01400626977e-18, 1.402330356e-18, 2.45945570171e-18, 2.51500005267e-18, 4.36479345084e-18, 5.70548571971e-18, 1.01934385055e-17, 1.19421065923e-17, 6.70647104103e-18, 6.77353925869e-18, 1.60034831634e-17, 1.20218658285e-17, 1.75602966332e-17, 2.3184494487e-17, 1.34097698444e-17, 2.0445375224e-17, 1.91778681734e-17, 1.85703288289e-17, 1.81028046923e-17, 1.86996998767e-17, 1.33861290225e-17, 7.43855566164e-18, 8.05525851297e-18, 4.5651365952e-18, 1.50314040822e-18, 2.88512144907e-19, 3.40538335155e-20], "var": [0.000648712797556, 1.00708186626, 13.5328130722, 15.7448778152, 240.521575928, 93.904624939, 70.1744537354, 6099.97021484, 929.957092285, 14354.3662109, 83913.8828125, 3737.06542969, 911.767089844, 1149.10754395, 3348.95092773, 4405.43603516, 446.347747803, 194.530639648, 264.901397705, 81.6292724609, 364.229095459, 412.829589844, 14.1746339798, 1.05610191822, 0.870474517345, 0.433692038059, 0.0276484321803, 0.0030313860625, 0.000312900607241, 5.11807447765e-05, 9.96255130303e-06, 2.12238933273e-06, 2.69134829978e-07, 1.90910647291e-08, 4.39088898574e-09, 9.21229037498e-10, 1.85337134528e-10, 1.59881032025e-11, 1.14033629761e-10, 6.08592287676e-10]}, "gfcc": {"mean": [-259.778167725, 241.192306519, -108.093360901, -54.2487297058, -19.9289264679, -28.5161895752, -28.4712085724, -1.24668478966, -4.14649343491, -10.7185554504, -7.874751091, -17.4616947174, -8.4031162262], "cov": [[25573.6054688, 6681.72265625, -5415.59765625, -655.592407227, 2028.52783203, -1722.08239746, -42.342792511, -864.971496582, -277.344360352, -973.515197754, -83.3003768921, -810.197509766, 122.762718201], [6681.72265625, 3238.58422852, -491.168273926, -861.513916016, 475.777648926, -274.494720459, -173.061904907, -282.501953125, -112.591789246, -394.572570801, -98.9298095703, -283.535949707, 26.6041412354], [-5415.59765625, -491.168273926, 2196.36499023, -183.158615112, -647.03717041, 552.531677246, -47.0488128662, 139.830734253, 103.955062866, 168.51133728, -74.75365448, 71.8676147461, -67.5600814819], [-655.592407227, -861.513916016, -183.158615112, 809.76574707, 92.7063140869, -7.3239068985, 173.789291382, 96.2071838379, 12.2480888367, 112.908500671, 45.7479171753, 97.5837249756, 22.4816017151], [2028.52783203, 475.777648926, -647.03717041, 92.7063140869, 540.451782227, -64.8470611572, -30.5354595184, -53.3877029419, -81.9185409546, -124.223358154, 28.4676933289, -7.13506221771, 51.3728294373], [-1722.08239746, -274.494720459, 552.531677246, -7.3239068985, -64.8470611572, 379.529754639, 54.1632614136, 9.42392063141, 20.2921447754, 43.9940795898, -24.569519043, 53.5702667236, 3.58766770363], [-42.342792511, -173.061904907, -47.0488128662, 173.789291382, -30.5354595184, 54.1632614136, 224.269989014, 84.3577346802, 20.0173358917, 65.3429412842, -5.21222352982, -21.180847168, 1.02413380146], [-864.971496582, -282.501953125, 139.830734253, 96.2071838379, -53.3877029419, 9.42392063141, 84.3577346802, 193.663970947, 58.2804450989, 35.0169334412, 12.4422216415, 27.0889530182, -10.3320093155], [-277.344360352, -112.591789246, 103.955062866, 12.2480888367, -81.9185409546, 20.2921447754, 20.0173358917, 58.2804450989, 129.412948608, 71.5158081055, -15.6869907379, -8.69222450256, -6.78951215744], [-973.515197754, -394.572570801, 168.51133728, 112.908500671, -124.223358154, 43.9940795898, 65.3429412842, 35.0169334412, 71.5158081055, 181.128707886, 35.4904747009, 0.17071865499, -16.7021389008], [-83.3003768921, -98.9298095703, -74.75365448, 45.7479171753, 28.4676933289, -24.569519043, -5.21222352982, 12.4422216415, -15.6869907379, 35.4904747009, 111.518585205, 62.3215065002, -15.5353460312], [-810.197509766, -283.535949707, 71.8676147461, 97.5837249756, -7.13506221771, 53.5702667236, -21.180847168, 27.0889530182, -8.69222450256, 0.17071865499, 62.3215065002, 163.173294067, 50.3842811584], [122.762718201, 26.6041412354, -67.5600814819, 22.4816017151, 51.3728294373, 3.58766770363, 1.02413380146, -10.3320093155, -6.78951215744, -16.7021389008, -15.5353460312, 50.3842811584, 92.2480010986]], "icov": [[0.000762138573918, -0.00122035504319, 0.00115221110173, -0.000751631334424, 0.000164307421073, 0.000597879115958, -0.00098698749207, 0.00172819523141, -0.002002928406, 0.00184322870336, -0.00138224347029, 0.00155758450273, -0.000442700082203], [-0.00122035504319, 0.00337338191457, -0.00305339042097, 0.00244570849463, -0.00218677544035, 0.00125010241754, -0.000966208521277, -2.34696162806e-05, 0.00100431591272, 0.000152443768457, 0.000396543095121, -0.000942014507018, -0.000320999359246], [0.00115221110173, -0.00305339042097, 0.00458831340075, -0.00230694212951, 0.00370775489137, -0.00365412374958, 0.00299730780534, -0.00173446594272, 2.95880508929e-05, -0.000603007094469, -8.42235021992e-05, 0.00185122259427, -1.27371204144e-05], [-0.000751631334424, 0.00244570849463, -0.00230694212951, 0.0042258631438, -0.00325814099051, 0.00257187988609, -0.00327580957673, 0.000757105357479, 0.000730550382286, -0.00165835570078, 0.00264791655354, -0.00406760536134, 0.00183219998144], [0.000164307421073, -0.00218677544035, 0.00370775489137, -0.00325814099051, 0.00805120915174, -0.00642471015453, 0.00645918119699, -0.00521121639758, 0.00344054843299, -0.000747887592297, -0.00226754136384, 0.00352053181268, -0.00315463053994], [0.000597879115958, 0.00125010241754, -0.00365412374958, 0.00257187988609, -0.00642471015453, 0.0118892891333, -0.0100939832628, 0.00939594767988, -0.00632144697011, 0.0048974622041, 0.000157372225658, -0.00279919267632, 0.00179763208143], [-0.00098698749207, -0.000966208521277, 0.00299730780534, -0.00327580957673, 0.00645918119699, -0.0100939832628, 0.0172112733126, -0.0133442748338, 0.00964398309588, -0.00951102375984, 0.00319452304393, 0.00198377692141, -0.00186234735884], [0.00172819523141, -2.34696162806e-05, -0.00173446594272, 0.000757105357479, -0.00521121639758, 0.00939594767988, -0.0133442748338, 0.0197475925088, -0.0141815226525, 0.0124737815931, -0.00701289298013, 0.00249359151348, -0.000179553448106], [-0.002002928406, 0.00100431591272, 2.95880508929e-05, 0.000730550382286, 0.00344054843299, -0.00632144697011, 0.00964398309588, -0.0141815226525, 0.0227764248848, -0.016919683665, 0.0119777079672, -0.00721985427663, 0.00342728407122], [0.00184322870336, 0.000152443768457, -0.000603007094469, -0.00165835570078, -0.000747887592297, 0.0048974622041, -0.00951102375984, 0.0124737815931, -0.016919683665, 0.0262537766248, -0.0188571233302, 0.0146122705191, -0.00845421571285], [-0.00138224347029, 0.000396543095121, -8.42235021992e-05, 0.00264791655354, -0.00226754136384, 0.000157372225658, 0.00319452304393, -0.00701289298013, 0.0119777079672, -0.0188571233302, 0.0314260274172, -0.0227803885937, 0.0166558772326], [0.00155758450273, -0.000942014507018, 0.00185122259427, -0.00406760536134, 0.00352053181268, -0.00279919267632, 0.00198377692141, 0.00249359151348, -0.00721985427663, 0.0146122705191, -0.0227803885937, 0.0287668146193, -0.0184825826436], [-0.000442700082203, -0.000320999359246, -1.27371204144e-05, 0.00183219998144, -0.00315463053994, 0.00179763208143, -0.00186234735884, -0.000179553448106, 0.00342728407122, -0.00845421571285, 0.0166558772326, -0.0184825826436, 0.0243750903755]]}, "melbands": {"dmean": [5.8093755797e-05, 0.000172480024048, 0.000192793842871, 0.00013479408517, 6.86134007992e-05, 0.000293936987873, 0.000122624769574, 0.000363761617336, 0.000365698768292, 8.34583843243e-05, 2.88759019895e-05, 2.73752229987e-05, 1.98050220206e-05, 3.61819147656e-05, 3.94371591028e-06, 9.98699488264e-06, 3.32468948727e-06, 2.84449743049e-06, 3.2337184166e-06, 9.41212192629e-07, 3.67711004401e-06, 2.30581645155e-06, 4.36524288716e-07, 2.77945161997e-07, 1.03699001386e-07, 1.16136007478e-07, 3.4199167942e-08, 1.96025844446e-08, 8.63445848154e-09, 3.86730514279e-09, 2.42870101808e-09, 5.39926825471e-10, 4.11965128677e-10, 2.75484524082e-10, 1.70433209212e-10, 1.10626299787e-10, 1.01251784734e-10, 4.96412112805e-11, 1.96550987291e-11, 1.41802906223e-11], "dmean2": [8.50904834806e-05, 0.00026141514536, 0.000289611227345, 0.000202262381208, 0.000102068748674, 0.000418228504714, 0.000165318400832, 0.000539675820619, 0.000547573843505, 0.000128064435557, 4.32711567555e-05, 4.47419733973e-05, 3.05108060275e-05, 4.94587948197e-05, 5.951973435e-06, 1.36679345815e-05, 4.96791744808e-06, 4.12649524151e-06, 4.86233329866e-06, 1.42641260936e-06, 4.6219424803e-06, 2.94676283374e-06, 6.55433268548e-07, 4.01005195272e-07, 1.52377737095e-07, 1.72168654444e-07, 4.28415773968e-08, 2.72848694749e-08, 1.11235545219e-08, 5.33636868028e-09, 3.41505246304e-09, 7.55935258834e-10, 5.3639859221e-10, 4.21351648017e-10, 2.6831670219e-10, 1.82603723808e-10, 1.58593541078e-10, 8.03756575185e-11, 3.41202413545e-11, 2.64884763429e-11], "dvar": [5.58324764199e-08, 3.24724879874e-07, 2.59589114648e-07, 1.23244916495e-07, 2.56171759361e-08, 9.14837698929e-07, 7.31290228373e-08, 1.12234533844e-06, 1.0004342812e-06, 6.81785650158e-08, 4.54863657851e-09, 1.06565929414e-08, 6.35495700507e-09, 7.74082451471e-08, 1.21233675876e-10, 1.22909515898e-09, 2.06501885036e-10, 1.89179588661e-10, 1.14258297268e-10, 1.14381785293e-11, 2.86799473059e-10, 2.67993849334e-10, 4.92914346492e-12, 1.87394110646e-12, 3.07586069245e-13, 1.00444164704e-12, 4.04694181812e-14, 8.24574647928e-14, 4.52207046562e-15, 1.00013997582e-15, 7.34027846541e-16, 1.53494645403e-17, 2.84937482855e-17, 7.44226639387e-18, 3.25875474415e-18, 2.14535020091e-18, 8.17521572841e-19, 1.68343662364e-19, 2.88064646658e-20, 1.82827158681e-20], "dvar2": [9.34630861593e-08, 5.77881735353e-07, 5.20025253081e-07, 3.37764021197e-07, 6.26054443842e-08, 2.07708626476e-06, 1.27672223016e-07, 2.30819796343e-06, 2.07228163163e-06, 1.70255518128e-07, 9.44880795828e-09, 2.82649175176e-08, 1.36253941463e-08, 1.43602790104e-07, 2.51372117566e-10, 2.2459696325e-09, 4.10701334053e-10, 3.63197694142e-10, 2.15798989789e-10, 2.2742814576e-11, 4.25991381059e-10, 4.52745341217e-10, 1.03536250753e-11, 3.80300521977e-12, 6.85564235589e-13, 2.43578226165e-12, 6.44195932492e-14, 1.53850334707e-13, 7.42698054614e-15, 1.83536856604e-15, 1.48639183881e-15, 2.30452717181e-17, 3.47469061529e-17, 1.76902086572e-17, 8.33430044799e-18, 5.90934065936e-18, 1.87773225054e-18, 3.89819849658e-19, 8.19654755319e-20, 5.70023601795e-20], "max": [0.00995475612581, 0.0272729583085, 0.0107356756926, 0.0071341637522, 0.00488187419251, 0.0226262863725, 0.00516166724265, 0.0266984179616, 0.0209317989647, 0.00679383752868, 0.0021680991631, 0.00275400304236, 0.00211173435673, 0.0101153589785, 0.000230175923207, 0.000864986446686, 0.000633431016468, 0.000744544435292, 0.00028817760176, 0.000137549854117, 0.000621497689281, 0.000622197287157, 8.02884242148e-05, 5.28042546648e-05, 1.5795998479e-05, 4.02678597311e-05, 7.90004924056e-06, 1.60084655363e-05, 3.61269349014e-06, 1.28365479668e-06, 1.08181006908e-06, 2.14775567997e-07, 3.86196404634e-07, 9.45078397763e-08, 7.09556715606e-08, 6.88750105837e-08, 4.41957155317e-08, 1.17911955755e-08, 5.58411006324e-09, 4.3465480104e-09], "mean": [0.000147421480506, 0.000633045448922, 0.000580639927648, 0.000415622344008, 0.000184031858225, 0.000602512445766, 0.000296022975817, 0.000841112458147, 0.000809826306067, 0.000168216298334, 7.10568783688e-05, 4.97496694152e-05, 3.7584664824e-05, 6.25864922768e-05, 1.14456024676e-05, 2.33188093262e-05, 7.71201666794e-06, 7.46272326069e-06, 7.86556938692e-06, 2.7959538329e-06, 8.42498047859e-06, 4.82862196804e-06, 1.01164562238e-06, 6.60228010929e-07, 2.04304996032e-07, 1.9343526958e-07, 9.33643349299e-08, 4.21293293584e-08, 1.73116951885e-08, 6.80429934619e-09, 4.57803617238e-09, 1.03386388339e-09, 8.21330281564e-10, 3.80426273816e-10, 2.1872555156e-10, 1.40370451374e-10, 1.3769352325e-10, 6.35261634963e-11, 2.45376809149e-11, 1.61303539969e-11], "median": [2.15265172301e-05, 0.000126100305351, 0.000166949699633, 0.000139468320413, 8.39940912556e-05, 9.05315609998e-05, 0.000103432743344, 0.000128046769532, 0.000124038691865, 5.18655215274e-05, 2.06505683309e-05, 7.01073577147e-06, 5.31662408321e-06, 6.00976818532e-06, 2.09563404496e-06, 3.31568344336e-06, 1.68379801835e-06, 7.30421675144e-07, 7.21178025742e-07, 2.65806249899e-07, 5.107127663e-07, 1.08960733769e-07, 6.71097097893e-08, 2.64671005112e-08, 1.11786224721e-08, 3.69726493865e-09, 1.84439707951e-09, 4.36282843186e-10, 1.81056752924e-10, 8.90624518579e-11, 3.35362883297e-11, 2.11077232082e-11, 1.61403113097e-11, 1.23471424057e-11, 1.05110850579e-11, 9.49582773524e-12, 9.91405568751e-12, 9.11305406137e-12, 8.63651511418e-12, 8.31224325482e-12], "min": [2.65049186219e-23, 8.62649534346e-24, 1.58846846255e-23, 6.05494289879e-24, 4.77724973972e-24, 6.61281389248e-24, 8.49050913403e-24, 4.11881830771e-24, 1.11654173456e-23, 1.26461226754e-23, 2.4367143434e-23, 1.2524757214e-23, 3.93141966651e-24, 6.84268046608e-24, 5.81516271019e-24, 5.46124026506e-24, 7.99768958274e-24, 7.12918764711e-24, 1.59171020756e-23, 1.30643680499e-23, 1.39175463624e-23, 7.40423820121e-24, 4.574135806e-24, 7.32121295752e-24, 1.37030897921e-23, 1.09632938268e-23, 7.97729358404e-24, 1.22964679677e-23, 1.42163700287e-23, 1.10094059021e-23, 6.60925336878e-24, 1.21809692649e-23, 1.14196829926e-23, 9.43260548123e-24, 1.24352254455e-23, 7.67171174632e-24, 1.1467110888e-23, 1.41642752323e-23, 1.11562523596e-23, 1.11948694675e-23], "var": [3.33329353452e-07, 3.00254373542e-06, 1.29705028939e-06, 5.91618515955e-07, 9.28220345031e-08, 2.46222043643e-06, 2.89214511895e-07, 4.5670453801e-06, 3.83359702028e-06, 1.35970992687e-07, 2.29996288681e-08, 1.63844067202e-08, 1.34560256271e-08, 1.57043302806e-07, 6.23743723338e-10, 4.15712664292e-09, 4.6196446668e-10, 7.43887396126e-10, 4.14603879006e-10, 5.67469023161e-11, 9.46574707505e-10, 7.83317855024e-10, 1.25607397747e-11, 5.34286807505e-12, 5.47563188368e-13, 1.17484830458e-12, 1.84285692175e-13, 1.68163619423e-13, 1.06820925871e-14, 2.1844050091e-15, 1.3124134949e-15, 5.18980858726e-17, 1.24317583066e-16, 9.02303087834e-18, 3.22450739884e-18, 2.09224086289e-18, 1.35211635692e-18, 2.26755383211e-19, 3.23276238994e-20, 9.96324588315e-21]}, "mfcc": {"mean": [-852.193359375, 233.362289429, 9.52779197693, -14.5143175125, 4.39727020264, -13.7439699173, -14.379491806, -3.88797092438, 0.108987227082, 1.875254035, 2.11355638504, 1.52057027817, -1.8379099369], "cov": [[9678.02929688, 5169.76660156, -2959.40820312, -296.004119873, 842.375732422, -443.297027588, -100.315299988, 90.4769515991, -176.295974731, -175.687927246, -200.390640259, -43.4319534302, 15.7627677917], [5169.76660156, 3618.59741211, -853.784851074, -531.605957031, 327.597198486, -124.149047852, -139.13949585, 14.9964027405, -65.0143890381, -98.6497802734, -111.652503967, -78.6532058716, -73.1539306641], [-2959.40820312, -853.784851074, 1769.08166504, -29.3518810272, -456.461181641, 225.324493408, -16.7244586945, -85.2790679932, 109.421401978, 104.4871521, 88.7413101196, -10.7990694046, -74.8153305054], [-296.004119873, -531.605957031, -29.3518810272, 487.284332275, 94.4857025146, -72.2773895264, 81.3134765625, 36.6002349854, 15.6131095886, 54.6176795959, 26.4495162964, 31.7078590393, 58.2240486145], [842.375732422, 327.597198486, -456.461181641, 94.4857025146, 362.296508789, 35.8076210022, 19.921962738, 80.9373550415, -21.4272727966, -62.9588661194, -56.7001953125, -16.1846981049, 31.4683074951], [-443.297027588, -124.149047852, 225.324493408, -72.2773895264, 35.8076210022, 262.623901367, 80.673538208, -18.964263916, 30.9278945923, -13.7353534698, -9.87214851379, 7.41333341599, -22.9559402466], [-100.315299988, -139.13949585, -16.7244586945, 81.3134765625, 19.921962738, 80.673538208, 168.349624634, 72.4980163574, 6.31192541122, 26.1896018982, 14.032658577, 9.12391471863, 22.5983123779], [90.4769515991, 14.9964027405, -85.2790679932, 36.6002349854, 80.9373550415, -18.964263916, 72.4980163574, 170.945587158, 58.3231048584, -9.69595241547, -16.898311615, -16.8456878662, 22.2940120697], [-176.295974731, -65.0143890381, 109.421401978, 15.6131095886, -21.4272727966, 30.9278945923, 6.31192541122, 58.3231048584, 140.448562622, 60.1328277588, -5.91891622543, -1.66555404663, -9.927942276], [-175.687927246, -98.6497802734, 104.4871521, 54.6176795959, -62.9588661194, -13.7353534698, 26.1896018982, -9.69595241547, 60.1328277588, 138.455581665, 77.5528717041, -2.44987630844, -5.57518386841], [-200.390640259, -111.652503967, 88.7413101196, 26.4495162964, -56.7001953125, -9.87214851379, 14.032658577, -16.898311615, -5.91891622543, 77.5528717041, 134.587432861, 57.5196304321, -21.8759002686], [-43.4319534302, -78.6532058716, -10.7990694046, 31.7078590393, -16.1846981049, 7.41333341599, 9.12391471863, -16.8456878662, -1.66555404663, -2.44987630844, 57.5196304321, 112.381980896, 35.536819458], [15.7627677917, -73.1539306641, -74.8153305054, 58.2240486145, 31.4683074951, -22.9559402466, 22.5983123779, 22.2940120697, -9.927942276, -5.57518386841, -21.8759002686, 35.536819458, 116.13420105]], "icov": [[0.111649148166, -0.157578736544, 0.158831834793, -0.157311886549, 0.155653133988, -0.149522989988, 0.13846437633, -0.123636826873, 0.105592392385, -0.090848185122, 0.0674667358398, -0.0474317707121, 0.0237225107849], [-0.157578736544, 0.222929880023, -0.224384248257, 0.223209619522, -0.221146613359, 0.212664827704, -0.196810722351, 0.175814554095, -0.14990323782, 0.128479227424, -0.0951267853379, 0.0667871981859, -0.0331408903003], [0.158831834793, -0.224384248257, 0.228075519204, -0.226215943694, 0.226292490959, -0.218865603209, 0.203221216798, -0.181553095579, 0.154552236199, -0.132857516408, 0.0977071449161, -0.068040266633, 0.0342307798564], [-0.157311886549, 0.223209619522, -0.226215943694, 0.229746326804, -0.228778898716, 0.223278999329, -0.208945512772, 0.187078222632, -0.159796431661, 0.135667398572, -0.100353255868, 0.0693251788616, -0.0353546701372], [0.155653133988, -0.221146613359, 0.226292490959, -0.228778898716, 0.23554174602, -0.229475662112, 0.215673804283, -0.196127697825, 0.167427733541, -0.14233404398, 0.105363771319, -0.0720885321498, 0.0359359309077], [-0.149522989988, 0.212664827704, -0.218865603209, 0.223278999329, -0.229475662112, 0.234610289335, -0.222571820021, 0.203011453152, -0.176592424512, 0.153182193637, -0.111638754606, 0.0769092142582, -0.0380965732038], [0.13846437633, -0.196810722351, 0.203221216798, -0.208945512772, 0.215673804283, -0.222571820021, 0.222461521626, -0.20258526504, 0.178029239178, -0.15787884593, 0.116054840386, -0.0814434215426, 0.0404954738915], [-0.123636826873, 0.175814554095, -0.181553095579, 0.187078222632, -0.196127697825, 0.203011453152, -0.20258526504, 0.197680205107, -0.175248578191, 0.157255455852, -0.119092456996, 0.0853204652667, -0.0444511473179], [0.105592392385, -0.14990323782, 0.154552236199, -0.159796431661, 0.167427733541, -0.176592424512, 0.178029239178, -0.175248578191, 0.170378103852, -0.154774859548, 0.120236113667, -0.0859828740358, 0.0457418225706], [-0.090848185122, 0.128479227424, -0.132857516408, 0.135667398572, -0.14233404398, 0.153182193637, -0.15787884593, 0.157255455852, -0.154774859548, 0.157666668296, -0.123524881899, 0.0888015329838, -0.0470682159066], [0.0674667358398, -0.0951267853379, 0.0977071449161, -0.100353255868, 0.105363771319, -0.111638754606, 0.116054840386, -0.119092456996, 0.120236113667, -0.123524881899, 0.110464379191, -0.0785965546966, 0.0430469252169], [-0.0474317707121, 0.0667871981859, -0.068040266633, 0.0693251788616, -0.0720885321498, 0.0769092142582, -0.0814434215426, 0.0853204652667, -0.0859828740358, 0.0888015329838, -0.0785965546966, 0.0668717548251, -0.0342310667038], [0.0237225107849, -0.0331408903003, 0.0342307798564, -0.0353546701372, 0.0359359309077, -0.0380965732038, 0.0404954738915, -0.0444511473179, 0.0457418225706, -0.0470682159066, 0.0430469252169, -0.0342310667038, 0.0279116872698]]}, "spectral_contrast_coeffs": {"dmean": [0.0377830080688, 0.043718084693, 0.0331809818745, 0.0222864672542, 0.0167181696743, 0.0275788344443], "dmean2": [0.061998270452, 0.0695618838072, 0.0552720986307, 0.0365580394864, 0.0264408085495, 0.0482505857944], "dvar": [0.000983901554719, 0.00142778665759, 0.000824111630209, 0.00049502501497, 0.000305758992909, 0.000764733646065], "dvar2": [0.00258017051965, 0.0035095969215, 0.00214851670898, 0.00120108609553, 0.000738710456062, 0.00214402028359], "max": [-0.328629910946, -0.341550767422, -0.469233572483, -0.551488220692, -0.510674118996, -0.576757490635], "mean": [-0.5992218256, -0.664665937424, -0.719624996185, -0.733893334866, -0.713269174099, -0.881699800491], "median": [-0.595629453659, -0.670837044716, -0.722739458084, -0.7275172472, -0.689195930958, -0.899828135967], "min": [-0.963325083256, -0.960861504078, -0.963269650936, -0.96107262373, -0.963503956795, -0.966599404812], "var": [0.00924868881702, 0.0107169244438, 0.0057973312214, 0.00514519074932, 0.00924870744348, 0.00305234850384]}, "spectral_contrast_valleys": {"dmean": [0.375707507133, 0.31244507432, 0.285516679287, 0.247559741139, 0.214155033231, 0.590344667435], "dmean2": [0.61525863409, 0.512944102287, 0.473520815372, 0.410210847855, 0.35296395421, 1.04489731789], "dvar": [0.130373060703, 0.116779506207, 0.114917717874, 0.126015737653, 0.135141938925, 0.294780641794], "dvar2": [0.290331304073, 0.236745864153, 0.230681076646, 0.249260395765, 0.260766297579, 0.830290019512], "max": [-5.86218738556, -4.772