{"lowlevel": {"average_loudness": 0.90069437027, "barkbands_crest": {"dmean": 1.9123415947, "dmean2": 2.89572167397, "dvar": 2.90771198273, "dvar2": 6.55433654785, "max": 23.6131305695, "mean": 9.23092651367, "median": 8.4245557785, "min": 2.35976648331, "var": 12.1228895187}, "barkbands_flatness_db": {"dmean": 0.0173812769353, "dmean2": 0.0233177877963, "dvar": 0.000271990487818, "dvar2": 0.000420204130933, "max": 0.398160248995, "mean": 0.162464380264, "median": 0.163177654147, "min": 0.00892860535532, "var": 0.00253827520646}, "barkbands_kurtosis": {"dmean": 2.08031058311, "dmean2": 2.97485876083, "dvar": 8.22098255157, "dvar2": 15.0759191513, "max": 75.919883728, "mean": 4.58405160904, "median": 3.22274684906, "min": -1.51324975491, "var": 33.9836578369}, "barkbands_skewness": {"dmean": 0.349913209677, "dmean2": 0.498073935509, "dvar": 0.110441848636, "dvar2": 0.21012263, "max": 7.44200277328, "mean": 1.62832784653, "median": 1.6016510725, "min": -2.31044578552, "var": 1.09870696068}, "barkbands_spread": {"dmean": 3.30137848854, "dmean2": 4.67843389511, "dvar": 11.5290327072, "dvar2": 22.6047801971, "max": 71.3746948242, "mean": 14.5698137283, "median": 12.4803781509, "min": 0.990122616291, "var": 68.1406173706}, "dissonance": {"dmean": 0.017444582656, "dmean2": 0.0288476776332, "dvar": 0.000229517259868, "dvar2": 0.000616365112364, "max": 0.499999850988, "mean": 0.461980640888, "median": 0.465787112713, "min": 0.337830752134, "var": 0.000606946006883}, "dynamic_complexity": 3.05218815804, "erbbands_crest": {"dmean": 2.35777401924, "dmean2": 3.5748500824, "dvar": 4.71913814545, "dvar2": 9.72268199921, "max": 27.6717433929, "mean": 8.49677467346, "median": 7.51120090485, "min": 2.57187008858, "var": 15.6693925858}, "erbbands_flatness_db": {"dmean": 0.0133161274716, "dmean2": 0.0185192730278, "dvar": 0.00014077918604, "dvar2": 0.000262281973846, "max": 0.292205482721, "mean": 0.175582885742, "median": 0.181051954627, "min": 0.0630262643099, "var": 0.0013077147305}, "erbbands_kurtosis": {"dmean": 0.645953834057, "dmean2": 0.992580413818, "dvar": 0.542303264141, "dvar2": 1.1525529623, "max": 18.5674171448, "mean": -0.136133417487, "median": -0.45018696785, "min": -1.53133785725, "var": 1.37229287624}, "erbbands_skewness": {"dmean": 0.325315535069, "dmean2": 0.47543400526, "dvar": 0.0738901644945, "dvar2": 0.156386658549, "max": 3.77630066872, "mean": 0.52971303463, "median": 0.5407345891, "min": -1.53670024872, "var": 0.341022759676}, "erbbands_spread": {"dmean": 5.13541698456, "dmean2": 7.59954357147, "dvar": 17.558713913, "dvar2": 37.8354034424, "max": 85.8893814087, "mean": 33.4239120483, "median": 32.8748817444, "min": 7.97457075119, "var": 98.1355438232}, "hfc": {"dmean": 3.45871353149, "dmean2": 4.54574108124, "dvar": 15.3773326874, "dvar2": 27.1701011658, "max": 69.4337844849, "mean": 14.7660694122, "median": 13.0422525406, "min": 1.07411288512e-16, "var": 100.140510559}, "melbands_crest": {"dmean": 2.31439375877, "dmean2": 3.52872824669, "dvar": 4.83557271957, "dvar2": 10.6297197342, "max": 30.3177394867, "mean": 12.6912488937, "median": 11.9150447845, "min": 1.00122022629, "var": 24.5785331726}, "melbands_flatness_db": {"dmean": 0.0196293909103, "dmean2": 0.0258392505348, "dvar": 0.000387306296034, "dvar2": 0.000580014078878, "max": 0.513962984085, "mean": 0.226927578449, "median": 0.229004517198, "min": -9.49151583995e-08, "var": 0.00538819143549}, "melbands_kurtosis": {"dmean": 3.7741317749, "dmean2": 5.41177368164, "dvar": 33.641078949, "dvar2": 63.4216117859, "max": 117.557991028, "mean": 10.4761571884, "median": 7.71837806702, "min": -1.39343512058, "var": 125.713516235}, "melbands_skewness": {"dmean": 0.44028955698, "dmean2": 0.639887571335, "dvar": 0.190209195018, "dvar2": 0.353480041027, "max": 9.19113826752, "mean": 2.39723491669, "median": 2.25349926949, "min": -0.423981755972, "var": 1.22874796391}, "melbands_spread": {"dmean": 3.91293334961, "dmean2": 5.76702070236, "dvar": 23.3098487854, "dvar2": 53.4939689636, "max": 160.474060059, "mean": 18.9444885254, "median": 12.9401187897, "min": 0.826803505421, "var": 577.557373047}, "pitch_salience": {"dmean": 0.0545377880335, "dmean2": 0.083991959691, "dvar": 0.00233360007405, "dvar2": 0.00511409947649, "max": 0.996060967445, "mean": 0.582025706768, "median": 0.591198503971, "min": 0.100207932293, "var": 0.0132356677204}, "silence_rate_20dB": {"dmean": 0, "dmean2": 0, "dvar": 0, "dvar2": 0, "max": 1, "mean": 1, "median": 1, "min": 1, "var": 0}, "silence_rate_30dB": {"dmean": 0.0154666667804, "dmean2": 0.0309415850788, "dvar": 0.015227811411, "dvar2": 0.0326500087976, "max": 1, "mean": 0.966142356396, "median": 1, "min": 0, "var": 0.0327108204365}, "silence_rate_60dB": {"dmean": 0.000533333339263, "dmean2": 0.00106695119757, "dvar": 0.000533059064765, "dvar2": 0.00106586527545, "max": 1, "mean": 0.0749133527279, "median": 0, "min": 0, "var": 0.0693044215441}, "spectral_centroid": {"dmean": 173.667694092, "dmean2": 246.059646606, "dvar": 58128.0585938, "dvar2": 103853.28125, "max": 11732.453125, "mean": 1278.19897461, "median": 823.308959961, "min": 177.34677124, "var": 3757884.75}, "spectral_complexity": {"dmean": 3.07093334198, "dmean2": 4.37183237076, "dvar": 9.64559459686, "dvar2": 17.3305606842, "max": 43, "mean": 18.6558246613, "median": 19, "min": 0, "var": 66.8558197021}, "spectral_decrease": {"dmean": 2.05747618942e-09, "dmean2": 2.72761879749e-09, "dvar": 1.23529854005e-17, "dvar2": 1.93243155378e-17, "max": 1.99658075847e-28, "mean": -8.4064959438e-09, "median": -6.57673160376e-09, "min": -7.11729981617e-08, "var": 6.41662728526e-17}, "spectral_energy": {"dmean": 0.00801446568221, "dmean2": 0.0106082195416, "dvar": 0.000180255316081, "dvar2": 0.00028233093326, "max": 0.272045820951, "mean": 0.0330672599375, "median": 0.0260209720582, "min": 1.01538867805e-20, "var": 0.000949219625909}, "spectral_energyband_high": {"dmean": 6.64136678097e-05, "dmean2": 8.98403450265e-05, "dvar": 1.542058925e-08, "dvar2": 3.21670334813e-08, "max": 0.00240140478127, "mean": 0.000174707398401, "median": 8.09940538602e-05, "min": 7.16372257021e-21, "var": 7.1434236304e-08}, "spectral_energyband_low": {"dmean": 0.00427599437535, "dmean2": 0.00553831132129, "dvar": 0.000167256133864, "dvar2": 0.000257736595813, "max": 0.260368019342, "mean": 0.0131331272423, "median": 0.00569107010961, "min": 1.0706458071e-23, "var": 0.00070647650864}, "spectral_energyband_middle_high": {"dmean": 0.00111503794324, "dmean2": 0.00155440100934, "dvar": 1.87074715541e-06, "dvar2": 3.85605744668e-06, "max": 0.0190255567431, "mean": 0.00337265455164, "median": 0.00281012780033, "min": 1.19062319517e-21, "var": 7.09234609531e-06}, "spectral_energyband_middle_low": {"dmean": 0.00496961176395, "dmean2": 0.00695960735902, "dvar": 3.40485530614e-05, "dvar2": 6.94979826221e-05, "max": 0.125732898712, "mean": 0.0187643952668, "median": 0.0160471443087, "min": 1.46023757624e-22, "var": 0.000204797019251}, "spectral_entropy": {"dmean": 0.128412500024, "dmean2": 0.173031970859, "dvar": 0.0145996659994, "dvar2": 0.0238671898842, "max": 9.82494735718, "mean": 7.36694812775, "median": 7.28059482574, "min": 5.59805488586, "var": 0.338533461094}, "spectral_flux": {"dmean": 0.0158782657236, "dmean2": 0.0259723458439, "dvar": 0.000411042390624, "dvar2": 0.00103848031722, "max": 0.298678129911, "mean": 0.0653013363481, "median": 0.0631710514426, "min": 6.24080301326e-11, "var": 0.00117866764776}, "spectral_kurtosis": {"dmean": 2.33538079262, "dmean2": 4.04343366623, "dvar": 6.72789144516, "dvar2": 19.5061416626, "max": 51.0029830933, "mean": 6.89959192276, "median": 6.1794500351, "min": -1.26057493687, "var": 18.0796909332}, "spectral_rms": {"dmean": 0.000606587564107, "dmean2": 0.000790670746937, "dvar": 5.16031263942e-07, "dvar2": 8.04520880138e-07, "max": 0.0162914264947, "mean": 0.005154191982, "median": 0.00503848353401, "min": 3.14741657216e-12, "var": 5.69515759707e-06}, "spectral_rolloff": {"dmean": 261.74130249, "dmean2": 421.285705566, "dvar": 211338.125, "dvar2": 438630.96875, "max": 19724.4140625, "mean": 1526.46557617, "median": 645.99609375, "min": 86.1328125, "var": 12373779}, "spectral_skewness": {"dmean": 0.234568804502, "dmean2": 0.388203203678, "dvar": 0.0502126142383, "dvar2": 0.135932609439, "max": 5.25658416748, "mean": 1.75598013401, "median": 1.75917482376, "min": -0.0882075354457, "var": 0.325173854828}, "spectral_spread": {"dmean": 275835.4375, "dmean2": 431653.71875, "dvar": 597105246208, "dvar2": 1173232943100.0, "max": 43071956, "mean": 4538971.5, "median": 2955079, "min": 1124395.25, "var": 50388510179300.0}, "spectral_strongpeak": {"dmean": 0.382123500109, "dmean2": 0.609396576881, "dvar": 0.245399564505, "dvar2": 0.540931344032, "max": 5.74623727798, "mean": 0.920468270779, "median": 0.68703186512, "min": 0, "var": 0.646265089512}, "zerocrossingrate": {"dmean": 0.00605833344162, "dmean2": 0.00730937113985, "dvar": 8.22064466774e-05, "dvar2": 0.000152868698933, "max": 0.525390625, "mean": 0.0560381822288, "median": 0.03515625, "min": 0.0029296875, "var": 0.0086296601221}, "barkbands": {"dmean": [4.04469847126e-06, 0.00249385042116, 0.00179596582893, 0.000932516006287, 0.00205052900128, 0.00173620774876, 0.0015255062608, 0.00156779703684, 0.000426703336416, 0.000504060648382, 0.000278607971268, 0.000118633251986, 0.000203275470994, 0.000157340371516, 0.00023675931152, 0.00020521976694, 0.000255262188148, 0.000137972980156, 0.000108058455226, 5.12194346811e-05, 2.34446888498e-05, 1.30087319121e-05, 9.12252835406e-06, 5.67531151319e-06, 6.50780020806e-06, 2.38504071604e-06, 9.98447035272e-07], "dmean2": [6.65006564304e-06, 0.00308232498355, 0.00263234903105, 0.00140073930379, 0.00302569544874, 0.0025866581127, 0.00204760837369, 0.00218091811985, 0.000640845275484, 0.000773996696807, 0.000433805485955, 0.000192919556866, 0.000339102785802, 0.000254375161603, 0.000388381187804, 0.000327906076564, 0.000406694336561, 0.000215309148189, 0.000162994940183, 7.65809163568e-05, 3.47512141161e-05, 1.8729155272e-05, 1.4652576283e-05, 8.89383045433e-06, 9.86336453934e-06, 3.73697071154e-06, 1.4582226413e-06], "dvar": [1.19523335673e-09, 7.73870706325e-05, 3.32811869157e-05, 7.05753700458e-06, 7.81934340921e-06, 6.9033580985e-06, 7.83162977314e-06, 6.43100383968e-06, 1.18253285564e-06, 6.60038722344e-07, 2.05402045594e-07, 4.12818579321e-08, 1.02837852012e-07, 5.25520782446e-08, 1.06524659316e-07, 1.1733671812e-07, 1.87869289903e-07, 8.13558287405e-08, 3.97163475441e-08, 6.87896672957e-09, 1.50715528946e-09, 5.5783622166e-10, 7.24818205455e-10, 1.78176390309e-10, 3.48353568214e-10, 6.37287722594e-11, 1.61970055423e-11], "dvar2": [3.28562088647e-09, 0.00011058247037, 5.90984673181e-05, 1.3426492842e-05, 2.03588097065e-05, 1.64478406077e-05, 1.34485753733e-05, 1.12959914986e-05, 2.33731680055e-06, 1.49030358898e-06, 4.61016355757e-07, 1.07784195791e-07, 2.72119194733e-07, 1.2501072888e-07, 2.7999541885e-07, 3.00843225887e-07, 4.80175572193e-07, 1.92495704709e-07, 9.2983874822e-08, 1.56743205082e-08, 3.41447736751e-09, 1.24670973545e-09, 1.97015093129e-09, 4.72987427003e-10, 7.88273946117e-10, 1.6144738324e-10, 3.27409904743e-11], "max": [0.000898029305972, 0.208253592253, 0.141152322292, 0.111424930394, 0.0396259501576, 0.0506517626345, 0.0725442916155, 0.0663489028811, 0.0340643338859, 0.0165921729058, 0.00825745705515, 0.00410589296371, 0.00449174409732, 0.00375402485952, 0.00438853027299, 0.00671912590042, 0.00681835552678, 0.00458165071905, 0.00418637879193, 0.00158357154578, 0.000576871912926, 0.000606837507803, 0.000498171604704, 0.000357934797648, 0.000312905816827, 0.000257166684605, 8.67656563059e-05], "mean": [5.14491148351e-06, 0.00675250310451, 0.0042772507295, 0.00270883482881, 0.0046532987617, 0.00386376143433, 0.00325655727647, 0.00289689842612, 0.000841725384817, 0.000786263321061, 0.000436713802628, 0.000195249769604, 0.000337183737429, 0.000252984114923, 0.000390806962969, 0.000345203035977, 0.000402595323976, 0.000225984360441, 0.000205905293114, 9.94171859929e-05, 4.99656380271e-05, 3.04212317133e-05, 1.97391273105e-05, 1.31623564812e-05, 1.39437188409e-05, 4.08861433243e-06, 1.72470743109e-06], "median": [7.33548802145e-07, 0.00184640241787, 0.00216541462578, 0.000937886186875, 0.00334605993703, 0.00236675073393, 0.00125827803276, 0.00138673838228, 0.000371699308744, 0.00043698240188, 0.000235528452322, 0.00010887622193, 0.000223028662731, 0.000162693322636, 0.000261138018686, 0.000225462557864, 0.000251855875831, 0.000125442675198, 0.000114824608318, 5.41637928109e-05, 2.53276539297e-05, 1.33687153721e-05, 6.65507786834e-06, 3.8058908558e-06, 2.13837438423e-06, 6.61137733005e-07, 5.75870906516e-08], "min": [1.55250550183e-25, 2.42000141794e-24, 1.11568795041e-24, 8.47408288062e-25, 7.38052662012e-24, 6.38192771616e-24, 5.90255706001e-24, 5.2522493176e-24, 1.34475051697e-23, 8.99147446303e-24, 1.32332316152e-23, 1.84978983923e-23, 1.53285613532e-23, 3.09432583339e-23, 4.81040185592e-23, 3.96369346498e-23, 6.72844330959e-23, 9.21919778044e-23, 1.08943306598e-22, 1.4396951334e-22, 2.13612779382e-22, 2.79756910884e-22, 3.39607169296e-22, 5.70146404593e-22, 7.94843373891e-22, 1.33791072058e-21, 1.87878425141e-21], "var": [9.3314256322e-10, 0.000339723774232, 7.84729854786e-05, 3.86874198739e-05, 2.20704987441e-05, 2.35243824136e-05, 2.99616185657e-05, 2.03152449103e-05, 3.58774991582e-06, 1.216941655e-06, 3.81508129976e-07, 7.57710978405e-08, 1.73152557181e-07, 9.2422716591e-08, 1.76034660626e-07, 1.70913878605e-07, 2.65692477797e-07, 1.12288162768e-07, 8.20158305714e-08, 1.6099438227e-08, 4.85322626531e-09, 2.38795694329e-09, 1.78543424489e-09, 9.80802106199e-10, 1.17174281389e-09, 1.36049990718e-10, 3.87412463221e-11]}, "erbbands": {"dmean": [0.0285015497357, 0.696172714233, 2.1137509346, 2.76008343697, 3.78474211693, 8.42169952393, 9.02384281158, 16.4923725128, 20.7314586639, 38.1003036499, 17.7196941376, 11.424279213, 17.5005149841, 7.48142623901, 10.7981214523, 5.69194173813, 9.05870723724, 8.16061210632, 8.9735584259, 13.7727870941, 10.221704483, 11.7538051605, 8.97203445435, 5.79784440994, 4.72518587112, 2.47048568726, 1.25054430962, 0.742255270481, 0.468374580145, 0.323146313429, 0.266819357872, 0.141979530454, 0.096539311111, 0.0882405415177, 0.0395485349, 0.0123032117262, 0.00417808908969, 0.0010266804602, 0.000193930289242, 1.59329356393e-05], "dmean2": [0.0311468541622, 0.875212490559, 2.97934556007, 4.01873636246, 5.65938997269, 12.9974536896, 12.4840536118, 25.0542812347, 28.3717365265, 53.967464447, 24.1704998016, 16.8623275757, 26.7382106781, 11.6091747284, 16.7961902618, 9.23616886139, 15.1405448914, 13.2206411362, 14.7311172485, 22.4223480225, 15.8683538437, 18.5620193481, 13.9892292023, 8.98249721527, 7.09386062622, 3.6496014595, 1.87205350399, 1.06662213802, 0.67768996954, 0.492188930511, 0.428560465574, 0.22115945816, 0.148420497775, 0.132679849863, 0.0613056533039, 0.0192844197154, 0.00665174610913, 0.00162145053037, 0.000282551540295, 2.20690762944e-05], "dvar": [0.0123099666089, 6.01873159409, 55.2669754028, 58.8023796082, 40.0863075256, 193.564865112, 159.305023193, 704.091003418, 1382.40759277, 4571.15234375, 875.542663574, 942.908203125, 807.530883789, 249.066116333, 294.99609375, 99.0747528076, 232.053390503, 144.832336426, 189.083374023, 443.20489502, 293.675872803, 405.921844482, 332.03024292, 118.256248474, 90.5466690063, 15.1304759979, 4.13014125824, 1.60771965981, 0.687532663345, 0.494229584932, 0.793980896473, 0.142797872424, 0.0492724664509, 0.0692787989974, 0.0153882922605, 0.00108513759915, 0.000385459221434, 2.38051634369e-05, 6.80737457515e-07, 1.62827806793e-09], "dvar2": [0.014103429392, 8.77632427216, 89.9691925049, 115.718780518, 88.6542434692, 546.984436035, 285.371459961, 1743.98901367, 2526.34057617, 8478.85253906, 1406.74926758, 1861.62255859, 1748.5682373, 617.898193359, 686.724304199, 258.062286377, 627.253723145, 350.532287598, 497.281738281, 1147.11157227, 730.903198242, 1017.72143555, 777.377380371, 288.131774902, 207.627105713, 33.0444717407, 9.4625453949, 3.35044503212, 1.48427844048, 1.30002999306, 2.19269633293, 0.389597654343, 0.124867193401, 0.157290711999, 0.0348650887609, 0.00277980486862, 0.000977008254267, 6.02662294114e-05, 1.28637407215e-06, 2.93209878599e-09], "max": [3.93905735016, 53.9361000061, 173.919387817, 283.904663086, 144.435180664, 225.31086731, 297.412872314, 439.657318115, 875.846801758, 1660.95544434, 946.596191406, 996.557250977, 616.226318359, 313.694030762, 252.646530151, 205.134124756, 194.826141357, 196.946182251, 265.649749756, 305.420959473, 265.151062012, 290.166595459, 275.890655518, 216.117523193, 261.452026367, 63.8322563171, 31.6327171326, 21.1645793915, 22.0775623322, 17.3350925446, 16.4879322052, 10.0372657776, 4.62977075577, 5.43746471405, 3.08148097992, 0.776644468307, 0.860265493393, 0.115744888783, 0.0169948115945, 0.000875186524354], "mean": [0.0829591304064, 1.87113070488, 5.12108564377, 8.78767204285, 9.32260417938, 16.3125991821, 22.2051086426, 34.866985321, 46.9276313782, 70.3590774536, 36.155544281, 23.9964447021, 29.2300357819, 13.25644207, 17.4821624756, 10.5688371658, 15.7067928314, 14.1055784225, 15.4949598312, 23.1707382202, 18.8329467773, 19.6491641998, 15.0944795609, 11.1117315292, 8.98082065582, 4.99306249619, 2.6715836525, 1.60802781582, 1.10574042797, 0.781167030334, 0.547971308231, 0.313698500395, 0.208471462131, 0.180644348264, 0.0827683955431, 0.023167392239, 0.00662010908127, 0.0015889237402, 0.000345321372151, 5.34988212166e-05], "median": [0.0186370201409, 0.523484647274, 2.06145429611, 3.70379853249, 5.31660556793, 10.6282711029, 14.5996408463, 20.8371067047, 20.1031494141, 33.6034736633, 19.6404685974, 11.2504425049, 16.8044719696, 7.444439888, 10.0823545456, 6.96434116364, 10.4060239792, 9.51174163818, 10.6855955124, 14.9339132309, 12.5772371292, 12.471113205, 9.18186664581, 6.67998361588, 4.64667987823, 2.80115962029, 1.4343842268, 0.730897605419, 0.4944024086, 0.309827536345, 0.175335869193, 0.0881908908486, 0.0559560246766, 0.0295199062675, 0.0122457789257, 0.004247487057, 0.000968376582023, 0.000136519345688, 2.76888440567e-05, 3.20341569022e-05], "min": [8.54501074511e-23, 5.8834054105e-22, 1.71078903888e-21, 5.79309318094e-21, 1.00497193767e-20, 2.66996970379e-20, 2.98417135141e-20, 7.67263138648e-20, 1.10457110733e-19, 2.94493643012e-19, 2.03978861646e-19, 3.23898828114e-19, 3.21229981566e-19, 3.56335836956e-19, 7.89826997247e-19, 1.10689049592e-18, 1.07193756554e-18, 1.94916570708e-18, 2.10421347508e-18, 3.01363279772e-18, 2.62113993976e-18, 4.65203853599e-18, 4.72335970277e-18, 6.38657258761e-18, 7.41611425162e-18, 7.74957309042e-18, 8.4492628367e-18, 1.12915282133e-17, 9.22250961896e-18, 1.11853968048e-17, 1.0594833688e-17, 1.16386462856e-17, 9.39277316752e-18, 7.19248928174e-18, 6.34036338346e-18, 3.79909538326e-18, 2.26978835713e-18, 9.57663080907e-19, 2.55201193898e-19, 2.68565430836e-20], "var": [0.0602047853172, 25.6631469727, 149.536239624, 326.00567627, 143.947998047, 371.052825928, 676.184509277, 2113.8527832, 5742.15722656, 12812.2431641, 3046.75708008, 2914.95874023, 1614.43444824, 383.920532227, 532.371459961, 178.788513184, 372.460754395, 257.50604248, 295.760559082, 771.697692871, 465.53125, 590.243774414, 457.191802979, 211.972610474, 184.061843872, 38.2000770569, 12.5523252487, 5.58836269379, 3.01642155647, 2.11913084984, 1.45989859104, 0.588214874268, 0.21468167007, 0.205436661839, 0.0486023910344, 0.00328570441343, 0.000577008002438, 3.42452913173e-05, 1.6461483483e-06, 5.9544373876e-09]}, "gfcc": {"mean": [-67.9695968628, 131.380340576, -120.475257874, 26.0834884644, -47.7809715271, -6.87282037735, -37.8604507446, 4.98945331573, -16.1283016205, -1.55853366852, -11.1514377594, -5.62805604935, -8.74798107147], "cov": [[60482.1015625, 5800.875, -5407.61328125, 1270.91516113, -2427.02709961, -277.75982666, -1993.96826172, 480.935913086, -679.224609375, 107.419639587, -700.48651123, -358.592193604, -497.134033203], [5800.875, 1662.43334961, -713.526733398, 96.1801834106, -109.580451965, -116.459442139, -155.851379395, -75.5689926147, 15.4950580597, -93.5979309082, -2.54616069794, -121.180236816, 10.9709730148], [-5407.61328125, -713.526733398, 898.501525879, -129.262145996, 330.486663818, 113.477996826, 244.537384033, 3.53974843025, 93.2993927002, 31.8009796143, 62.781463623, 33.9512290955, 46.6537322998], [1270.91516113, 96.1801834106, -129.262145996, 165.685073853, -36.6106262207, 20.9550209045, -17.2860412598, 26.901052475, -13.7408447266, 6.47540330887, -8.34904956818, -2.41870737076, -8.58394908905], [-2427.02709961, -109.580451965, 330.486663818, -36.6106262207, 266.669036865, 54.079372406, 136.128875732, -9.23969554901, 59.962059021, -8.00822067261, 39.1398696899, 6.20187282562, 34.7501449585], [-277.75982666, -116.459442139, 113.477996826, 20.9550209045, 54.079372406, 91.626083374, 56.4752120972, 30.2873477936, 10.6984539032, 17.0490474701, 3.15077137947, 10.3824853897, -1.13715136051], [-1993.96826172, -155.851379395, 244.537384033, -17.2860412598, 136.128875732, 56.4752120972, 155.481460571, 23.8284168243, 55.6775932312, 10.5199480057, 39.3708190918, 10.120631218, 24.6179981232], [480.935913086, -75.5689926147, 3.53974843025, 26.901052475, -9.23969554901, 30.2873477936, 23.8284168243, 78.7869415283, 25.143075943, 34.1686058044, -4.37973690033, 13.0674657822, -11.8068704605], [-679.224609375, 15.4950580597, 93.2993927002, -13.7408447266, 59.962059021, 10.6984539032, 55.6775932312, 25.143075943, 82.4901733398, 27.8259620667, 29.6329517365, -3.94889903069, 8.02766418457], [107.419639587, -93.5979309082, 31.8009796143, 6.47540330887, -8.00822067261, 17.0490474701, 10.5199480057, 34.1686058044, 27.8259620667, 62.2813262939, 18.3322563171, 15.0139856339, -8.11396980286], [-700.48651123, -2.54616069794, 62.781463623, -8.34904956818, 39.1398696899, 3.15077137947, 39.3708190918, -4.37973690033, 29.6329517365, 18.3322563171, 57.3826370239, 14.7443199158, 11.394194603], [-358.592193604, -121.180236816, 33.9512290955, -2.41870737076, 6.20187282562, 10.3824853897, 10.120631218, 13.0674657822, -3.94889903069, 15.0139856339, 14.7443199158, 51.0221710205, 12.3983612061], [-497.134033203, 10.9709730148, 46.6537322998, -8.58394908905, 34.7501449585, -1.13715136051, 24.6179981232, -11.8068704605, 8.02766418457, -8.11396980286, 11.394194603, 12.3983612061, 44.6758117676]], "icov": [[0.000133867084514, -0.000475497654406, 1.31545275508e-05, -0.000199435889954, 0.000264759379206, -0.000497470144182, 0.000945843697991, -0.00117791513912, 0.000850368349347, -0.000815600680653, 0.000453578861197, 0.000139514246257, 4.79086775158e-05], [-0.000475497654406, 0.00341030349955, 0.00164478330407, 0.000589690520428, -0.00187526072841, 0.00116919493303, -0.00215684529394, 0.00448393588886, -0.0050432276912, 0.00479760952294, -0.0035585667938, 0.0026541184634, -0.00192244851496], [1.31545275508e-05, 0.00164478330407, 0.00467709079385, 0.00153864070307, -0.00301823206246, -0.00190129398834, -0.00136295089033, 0.00167767808307, -0.00178990419954, -0.000370804744307, -0.000622443913016, 0.00207252404653, -0.00151450757403], [-0.000199435889954, 0.000589690520428, 0.00153864070307, 0.0084025785327, -0.000955218216404, -0.00221202103421, -0.00142129906453, -0.000928491004743, 0.000736274349038, 0.000626864959486, -0.0018621457275, 0.00110884814057, -0.000983099802397], [0.000264759379206, -0.00187526072841, -0.00301823206246, -0.000955218216404, 0.0109346080571, -0.00270092231221, -0.00225908588618, 0.000245644332608, -0.00139956339262, 0.00140918744728, 0.00137063360307, -0.00189329567365, -0.000206011274713], [-0.000497470144182, 0.00116919493303, -0.00190129398834, -0.00221202103421, -0.00270092231221, 0.0214188601822, -0.00957619212568, 0.000379217235604, 0.00227178679779, -0.00167503044941, 0.0024015258532, -0.00257795583457, 0.00315129640512], [0.000945843697991, -0.00215684529394, -0.00136295089033, -0.00142129906453, -0.00225908588618, -0.00957619212568, 0.0280455388129, -0.015643754974, 0.00110877456609, 0.00154676486272, -0.00714565161616, 0.0061021274887, -0.00565949641168], [-0.00117791513912, 0.00448393588886, 0.00167767808307, -0.000928491004743, 0.000245644332608, 0.000379217235604, -0.015643754974, 0.0385506041348, -0.0174520201981, -0.00199326989241, 0.00845288857818, -0.0103246150538, 0.00597146665677], [0.000850368349347, -0.0050432276912, -0.00178990419954, 0.000736274349038, -0.00139956339262, 0.00227178679779, 0.00110877456609, -0.0174520201981, 0.0349126979709, -0.0164233334363, -0.00353922718205, 0.00822616741061, -0.00200151512399], [-0.000815600680653, 0.00479760952294, -0.000370804744307, 0.000626864959486, 0.00140918744728, -0.00167503044941, 0.00154676486272, -0.00199326989241, -0.0164233334363, 0.0389926731586, -0.0150929084048, -0.00264306669123, 0.00235169637017], [0.000453578861197, -0.0035585667938, -0.000622443913016, -0.0018621457275, 0.00137063360307, 0.0024015258532, -0.00714565161616, 0.00845288857818, -0.00353922718205, -0.0150929084048, 0.0371720418334, -0.0137956961989, 0.00362269999459], [0.000139514246257, 0.0026541184634, 0.00207252404653, 0.00110884814057, -0.00189329567365, -0.00257795583457, 0.0061021274887, -0.0103246150538, 0.00822616741061, -0.00264306669123, -0.0137956961989, 0.036631308496, -0.0143401185051], [4.79086775158e-05, -0.00192244851496, -0.00151450757403, -0.000983099802397, -0.000206011274713, 0.00315129640512, -0.00565949641168, 0.00597146665677, -0.00200151512399, 0.00235169637017, 0.00362269999459, -0.0143401185051, 0.0335609838367]]}, "melbands": {"dmean": [0.000483861891553, 0.00106015696656, 0.000452152831713, 0.000417356670368, 0.000346427957993, 0.000360960519174, 0.000316422985634, 0.000421418342739, 0.000119246913528, 6.99277952663e-05, 8.70021103765e-05, 2.98658196698e-05, 3.96505747631e-05, 1.68558908626e-05, 1.92878997041e-05, 1.69799532159e-05, 1.69154809555e-05, 1.4636774722e-05, 1.53438741108e-05, 1.97085446416e-05, 1.23676509247e-05, 1.28104593387e-05, 1.29544805532e-05, 6.64461549604e-06, 5.0311277846e-06, 3.99333157475e-06, 2.54030533142e-06, 1.59456180882e-06, 9.18273087791e-07, 5.80113578508e-07, 4.48305627287e-07, 3.14253441047e-07, 2.40706071963e-07, 1.78699394837e-07, 1.70856694126e-07, 1.29031064944e-07, 8.02457336135e-08, 6.68128663506e-08, 8.65617479917e-08, 7.35423881792e-08], "dmean2": [0.00056952558225, 0.00143525528256, 0.000653381110169, 0.000651909620501, 0.00047793451813, 0.000542446272448, 0.000431595457485, 0.00059639418032, 0.000163565244293, 0.000104340360849, 0.000132923523779, 4.676779281e-05, 6.1509963416e-05, 2.7189607863e-05, 3.22024097841e-05, 2.80775220745e-05, 2.76171340374e-05, 2.42205787799e-05, 2.48403684964e-05, 3.21706247632e-05, 1.96333312488e-05, 2.04305015359e-05, 2.1209825718e-05, 1.05407125375e-05, 8.0070904005e-06, 6.05773357165e-06, 3.88735088563e-06, 2.41158295466e-06, 1.42570013395e-06, 8.8085863581e-07, 6.61725323425e-07, 4.68376327944e-07, 3.77983752742e-07, 2.83941119505e-07, 2.82473536117e-07, 2.06778324241e-07, 1.29253663772e-07, 1.05028981068e-07, 1.32127766506e-07, 1.1204802064e-07], "dvar": [2.99506723422e-06, 1.32482628032e-05, 1.28632689211e-06, 4.21505944814e-07, 2.12682195411e-07, 3.24326094869e-07, 3.1790847288e-07, 5.28562793534e-07, 4.33793694299e-08, 3.77510680494e-08, 2.00054071087e-08, 4.72264760631e-09, 4.1936747408e-09, 6.98887059336e-10, 8.05814803773e-10, 8.01135879858e-10, 6.27074947523e-10, 4.8333315128e-10, 4.24570961721e-10, 9.6584706899e-10, 4.86754470064e-10, 4.94542906626e-10, 6.54823473223e-10, 2.11620554413e-10, 9.96616608684e-11, 7.43223260713e-11, 1.90064994993e-11, 6.67826818151e-12, 2.27951403413e-12, 1.04050871651e-12, 6.49314207003e-13, 3.17575474381e-13, 2.65842577986e-13, 1.81451655459e-13, 3.48330441097e-13, 1.72312346141e-13, 4.96883248793e-14, 2.56258518772e-14, 6.91905368178e-14, 4.48279346315e-14], "dvar2": [3.98431393478e-06, 2.08365836443e-05, 2.50034713645e-06, 1.24259577206e-06, 3.96107907363e-07, 7.92027890384e-07, 5.73758313749e-07, 9.77256149781e-07, 6.95140158768e-08, 7.35873797453e-08, 4.34978737474e-08, 1.1802642419e-08, 9.45238909367e-09, 1.77062087214e-09, 2.19140749991e-09, 1.95417926285e-09, 1.49685219775e-09, 1.26648891374e-09, 1.10348030713e-09, 2.52001286505e-09, 1.21362209171e-09, 1.26143384627e-09, 1.65836055999e-09, 4.91464868801e-10, 2.50924558909e-10, 1.72767744555e-10, 4.48695108846e-11, 1.48935256489e-11, 5.5861439606e-12, 2.40610547979e-12, 1.41480414623e-12, 7.1063754924e-13, 7.2459632695e-13, 4.99974844512e-13, 9.73569098603e-13, 4.66809642156e-13, 1.41368118383e-13, 6.82017986466e-14, 1.63081841868e-13, 1.01471091187e-13], "max": [0.0511477850378, 0.0803698822856, 0.0405718497932, 0.0102620366961, 0.00868333783001, 0.00964344851673, 0.0134239224717, 0.0183327831328, 0.00697380583733, 0.00666738720611, 0.00310446624644, 0.00134915870149, 0.00121132528875, 0.00046087303781, 0.000352227303665, 0.000609576003626, 0.000449508952443, 0.000401662575314, 0.000249052653089, 0.000562005501706, 0.000382989848731, 0.000305661145831, 0.000423535879236, 0.00034789761412, 0.000211070626392, 0.000245709554292, 7.76315573603e-05, 3.61202364729e-05, 2.61814966507e-05, 1.6217421944e-05, 1.13593805509e-05, 1.42184071592e-05, 1.25999704323e-05, 1.1834675206e-05, 1.09732000055e-05, 8.6610289145e-06, 6.54540917822e-06, 3.35159893439e-06, 6.3761299316e-06, 4.156192972e-06], "mean": [0.0013496291358, 0.00278375553899, 0.00143632222898, 0.000907573150471, 0.000822392874397, 0.000773013976868, 0.000706181512214, 0.000772454135586, 0.000241886897129, 0.000142793447594, 0.000141501077451, 4.93006591569e-05, 6.2582679675e-05, 2.76484970527e-05, 3.27765847032e-05, 2.90525040327e-05, 2.65306571237e-05, 2.33930895774e-05, 2.62951143668e-05, 3.14682474709e-05, 2.0692088583e-05, 2.04984735319e-05, 1.90100399777e-05, 1.06320994746e-05, 8.74480883795e-06, 6.97720179232e-06, 4.81706683786e-06, 2.96891266771e-06, 1.82626172318e-06, 1.1138906757e-06, 8.88545969246e-07, 6.65914910769e-07, 5.00590090269e-07, 3.9988637468e-07, 3.27301165726e-07, 2.48180725748e-07, 1.70754461237e-07, 1.32116909413e-07, 1.70552652889e-07, 1.44625388998e-07], "median": [0.000352971255779, 0.00103502906859, 0.000724199227989, 0.000613344716839, 0.000565546972211, 0.000456931797089, 0.000288085953798, 0.000370926223695, 0.000131248074467, 6.23717860435e-05, 8.04126029834e-05, 2.46718118433e-05, 3.38926838594e-05, 1.68084297911e-05, 2.31333797274e-05, 1.83834781637e-05, 1.65508627106e-05, 1.57819031301e-05, 1.7970252884e-05, 2.0335555746e-05, 1.29351210489e-05, 1.21299945022e-05, 1.0776732779e-05, 5.87883823755e-06, 4.93436027682e-06, 3.42265639119e-06, 2.57818851424e-06, 1.58574709985e-06, 9.67559572018e-07, 5.29328588073e-07, 3.68580231225e-07, 2.83705958282e-07, 1.99341030793e-07, 1.4849837271e-07, 1.0467670819e-07, 7.25834823356e-08, 4.47579715512e-08, 3.7073601078e-08, 3.4555654338e-08, 2.04453094454e-08], "min": [1.21332161616e-24, 1.09483579288e-24, 1.17680554068e-24, 1.11715365397e-24, 1.66096714633e-24, 1.63126416666e-24, 1.59058044041e-24, 3.30157675092e-24, 1.72965563193e-24, 1.77582549134e-24, 1.45031377311e-24, 1.19558476896e-24, 2.40222897339e-24, 2.63364210879e-24, 2.48968051562e-24, 2.65961259309e-24, 2.73077751028e-24, 2.22831748708e-24, 3.56408343055e-24, 3.15707676017e-24, 2.61147787837e-24, 3.41221508452e-24, 4.42376432354e-24, 3.79811400644e-24, 3.43262291614e-24, 4.60798188314e-24, 4.16614641215e-24, 4.87701697841e-24, 4.51854675016e-24, 4.72399216229e-24, 5.37159529509e-24, 4.27650489735e-24, 4.93659530384e-24, 5.36306810313e-24, 4.99281702613e-24, 5.91441048397e-24, 6.66607817523e-24, 5.74745911743e-24, 5.91767439596e-24, 5.62290231923e-24], "var": [1.37827992148e-05, 4.4274933316e-05, 6.65511606712e-06, 9.99295480142e-07, 7.93837955371e-07, 1.04760408703e-06, 1.30786986574e-06, 1.4992931483e-06, 1.48122978771e-07, 1.23976107602e-07, 3.94299703999e-08, 6.95461555011e-09, 7.77214115288e-09, 1.23177568145e-09, 1.23899224214e-09, 1.6478813869e-09, 1.0861944677e-09, 7.28826721197e-10, 7.5801909194e-10, 1.42003309112e-09, 7.06106284554e-10, 7.13123560203e-10, 7.55056794866e-10, 2.91326518465e-10, 1.52694676347e-10, 1.32237082395e-10, 4.51147140479e-11, 1.52672440662e-11, 6.06550183344e-12, 2.70504603959e-12, 1.88604405531e-12, 1.09976741255e-12, 8.22775062057e-13, 6.60068354141e-13, 5.43901891841e-13, 3.47052546206e-13, 2.12162657776e-13, 8.81024786003e-14, 1.92599625484e-13, 1.31230895833e-13]}, "mfcc": {"mean": [-677.83203125, 155.684799194, -13.5284843445, 31.1489257812, 5.91061162949, -4.77093553543, -8.36123561859, -1.72083032131, -2.33494639397, 1.0726121664, -0.903706014156, -0.241942837834, 1.10770654678], "cov": [[16329.59375, 3769.64575195, -519.18182373, 793.466003418, 74.3248977661, -241.478622437, -301.22946167, -73.9530410767, 3.07389259338, 17.4371871948, 11.637799263, -24.8360996246, 57.8181419373], [3769.64575195, 2264.07910156, -232.120147705, 307.288574219, 121.384399414, 3.31707072258, -98.4522323608, -9.30056476593, -16.4396305084, 35.3657341003, -22.2068519592, 7.22626304626, -19.7395000458], [-519.18182373, -232.120147705, 210.823806763, -28.7718315125, 15.978512764, 34.9568405151, 54.3551254272, 15.0970678329, 29.0572109222, 9.70360946655, 28.0440979004, 8.1838312149, 28.704158783], [793.466003418, 307.288574219, -28.7718315125, 139.370956421, 37.6703262329, 7.80165290833, 0.0824444368482, 10.0770835876, 9.40080356598, 8.93850040436, 5.94930505753, 2.33968901634, 13.3054666519], [74.3248977661, 121.384399414, 15.978512764, 37.6703262329, 87.2950820923, 38.2186851501, 24.9168720245, 18.6876220703, 19.5436382294, 8.57938480377, 10.1206188202, 4.87678813934, 7.40951251984], [-241.478622437, 3.31707072258, 34.9568405151, 7.80165290833, 38.2186851501, 71.1302185059, 43.6528320312, 21.8743953705, 16.6676044464, 9.12510585785, 10.9533662796, 5.15641117096, 9.95832824707], [-301.22946167, -98.4522323608, 54.3551254272, 0.0824444368482, 24.9168720245, 43.6528320312, 84.4312133789, 32.6357078552, 29.5273609161, 3.47951030731, 18.6492118835, 1.97520363331, 21.4092063904], [-73.9530410767, -9.30056476593, 15.0970678329, 10.0770835876, 18.6876220703, 21.8743953705, 32.6357078552, 59.3845901489, 28.1462783813, 14.2161617279, 10.7769975662, 10.2220230103, 10.5303936005], [3.07389259338, -16.4396305084, 29.0572109222, 9.40080356598, 19.5436382294, 16.6676044464, 29.5273609161, 28.1462783813, 69.4969787598, 22.1947650909, 24.3439712524, 4.02981996536, 21.6674575806], [17.4371871948, 35.3657341003, 9.70360946655, 8.93850040436, 8.57938480377, 9.12510585785, 3.47951030731, 14.2161617279, 22.1947650909, 52.3683509827, 23.1853847504, 16.0566539764, 8.06003665924], [11.637799263, -22.2068519592, 28.0440979004, 5.94930505753, 10.1206188202, 10.9533662796, 18.6492118835, 10.7769975662, 24.3439712524, 23.1853847504, 59.212097168, 25.6421279907, 21.9970779419], [-24.8360996246, 7.22626304626, 8.1838312149, 2.33968901634, 4.87678813934, 5.15641117096, 1.97520363331, 10.2220230103, 4.02981996536, 16.0566539764, 25.6421279907, 53.4979362488, 21.9362659454], [57.8181419373, -19.7395000458, 28.704158783, 13.3054666519, 7.40951251984, 9.95832824707, 21.4092063904, 10.5303936005, 21.6674575806, 8.06003665924, 21.9970779419, 21.9362659454, 59.6989364624]], "icov": [[0.000127907522256, -0.000166040859767, 2.8993232263e-05, -0.000385788735002, 0.000121246870549, 0.000370841764379, 0.000147511847899, -7.97250686446e-06, -0.000104785125586, 0.000151758635184, -0.000221001857426, 0.000197369969101, -0.000208688579733], [-0.000166040859767, 0.000980103272013, 0.000471205712529, -0.000889838440344, -0.00083974620793, -0.00077583984239, 0.000583552347962, 0.000170605271705, 0.000166369529325, -0.000597192149144, 0.000519814027939, -0.000403324142098, 0.000427829072578], [2.8993232263e-05, 0.000471205712529, 0.00668895989656, 0.000668748980388, -0.000806414580438, -0.00116617477033, -0.00229739956558, 0.00111778255086, -0.000607135181781, -0.000550952099729, -0.00129894004203, 0.000495413027238, -0.00172481662594], [-0.000385788735002, -0.000889838440344, 0.000668748980388, 0.0127358110622, -0.00345148285851, 4.68914877274e-05, -0.000896514335182, -0.00126175640617, 0.000772919913288, -0.000768217258155, -0.000357858312782, 0.00129049504176, -0.00263515627012], [0.000121246870549, -0.00083974620793, -0.000806414580438, -0.00345148285851, 0.0183004457504, -0.0076435636729, -0.000407932617236, -0.000918907404412, -0.00278163282201, 0.00134066783357, -0.000594165525399, -0.000782670744229, 0.00140903971624], [0.000370841764379, -0.00077583984239, -0.00116617477033, 4.68914877274e-05, -0.0076435636729, 0.0267567373812, -0.0105501161888, -0.00120328424964, 0.00157527171541, -0.00257814233191, 0.00060696923174, -0.000508960860316, 0.00015542015899], [0.000147511847899, 0.000583552347962, -0.00229739956558, -0.000896514335182, -0.000407932617236, -0.0105501161888, 0.0261528547853, -0.00846790708601, -0.00268653756939, 0.00497450307012, -0.00456800684333, 0.00483498163521, -0.00451024109498], [-7.97250686446e-06, 0.000170605271705, 0.00111778255086, -0.00126175640617, -0.000918907404412, -0.00120328424964, -0.00846790708601, 0.0264483485371, -0.00753260776401, -0.00349999847822, 0.00406852457672, -0.00600303662941, 0.00240731285885], [-0.000104785125586, 0.000166369529325, -0.000607135181781, 0.000772919913288, -0.00278163282201, 0.00157527171541, -0.00268653756939, -0.00753260776401, 0.0247942432761, -0.00694459630176, -0.00559659069404, 0.0069470112212, -0.00590111268684], [0.000151758635184, -0.000597192149144, -0.000550952099729, -0.000768217258155, 0.00134066783357, -0.00257814233191, 0.00497450307012, -0.00349999847822, -0.00694459630176, 0.0278043989092, -0.00766739295796, -0.00422285497189, 0.00233222078532], [-0.000221001857426, 0.000519814027939, -0.00129894004203, -0.000357858312782, -0.000594165525399, 0.00060696923174, -0.00456800684333, 0.00406852457672, -0.00559659069404, -0.00766739295796, 0.0292106419802, -0.0111934104934, -0.00160046829842], [0.000197369969101, -0.000403324142098, 0.000495413027238, 0.00129049504176, -0.000782670744229, -0.000508960860316, 0.00483498163521, -0.00600303662941, 0.0069470112212, -0.00422285497189, -0.0111934104934, 0.0300990734249, -0.0102300299332], [-0.000208688579733, 0.000427829072578, -0.00172481662594, -0.00263515627012, 0.00140903971624, 0.00015542015899, -0.00451024109498, 0.00240731285885, -0.00590111268684, 0.00233222078532, -0.00160046829842, -0.0102300299332, 0.0256785787642]]}, "spectral_contrast_coeffs": {"dmean": [0.0405602008104, 0.0425419695675, 0.0351952910423, 0.0268928781152, 0.0198118630797, 0.0127691365778], "dmean2": [0.0652493387461, 0.0683130919933, 0.057491697371, 0.0448854453862, 0.033264297992, 0.0207719095051], "dvar": [0.00117312732618, 0.0012041637674, 0.000799978908617, 0.000468757440103, 0.000267420255113, 0.000111799134174], "dvar2": [0.00288816937245, 0.00304376007989, 0.00206063105725, 0.00128073908854, 0.000740111863706, 0.000274588557659], "max": [-0.297219514847, -0.452927678823, -0.530222892761, -0.633337140083, -0.662470698357, -0.688313364983], "mean": [-0.620737552643, -0.709378242493, -0.767354547977, -0.791208863258, -0.792810320854, -0.77167147398], "median": [-0.613294422626, -0.703720510006, -0.765751183033, -0.787409484386, -0.788072407246, -0.764531135559], "min": [-0.986854851246, -0.994922637939, -0.997395038605, -0.988417327404, -0.989185869694, -0.96380007267], "var": [0.0108230467886, 0.00754433032125, 0.00432257633656, 0.00269687711261, 0.00212413351983, 0.00217352434993]}, "spectral_contrast_valleys": {"dmean": [0.334545373917, 0.287907510996, 0.26770222187, 0.23470339179, 0.232725292444, 0.230140641332], "dmean2": [0.548360645771, 0.475803285837, 0.435414195061, 0.355492025614, 0.318636000156, 0.29631704092], "dvar": [0.121115788817, 0.101291380823, 0.091134428978, 0.0808541998267, 0.0945757701993, 0.101039767265], "dvar2": [0.242176190019, 0.190012007952, 0.149640679359, 0.114628188312, 0.117292582989, 0.144344583154], "max": [-5.17039871216,