{"lowlevel": {"average_loudness": 0.97452121973, "barkbands_crest": {"dmean": 1.99308311939, "dmean2": 3.30962300301, "dvar": 4.21334934235, "dvar2": 11.6343173981, "max": 24.8007125854, "mean": 11.1826696396, "median": 10.6635723114, "min": 3.44191169739, "var": 13.0866918564}, "barkbands_flatness_db": {"dmean": 0.0190937574953, "dmean2": 0.0301938410848, "dvar": 0.000457139831269, "dvar2": 0.00112627574708, "max": 0.603937387466, "mean": 0.157048970461, "median": 0.141443789005, "min": 0.023213237524, "var": 0.00462132459506}, "barkbands_kurtosis": {"dmean": 4.61861276627, "dmean2": 7.3250412941, "dvar": 105.027328491, "dvar2": 232.139648438, "max": 579.437866211, "mean": 11.3564863205, "median": 5.41323709488, "min": -1.85670053959, "var": 406.463195801}, "barkbands_skewness": {"dmean": 0.537729501724, "dmean2": 0.840950250626, "dvar": 0.424214243889, "dvar2": 1.0460973978, "max": 19.4001731873, "mean": 2.48882889748, "median": 2.35110807419, "min": -2.61671042442, "var": 2.87143492699}, "barkbands_spread": {"dmean": 4.47053575516, "dmean2": 7.18625164032, "dvar": 33.7629051208, "dvar2": 84.5839309692, "max": 132.092803955, "mean": 18.6352863312, "median": 18.2593402863, "min": 0.262561619282, "var": 110.115356445}, "dissonance": {"dmean": 0.0141800250858, "dmean2": 0.0234718956053, "dvar": 0.000202948838705, "dvar2": 0.000548360636458, "max": 0.499999910593, "mean": 0.461317241192, "median": 0.468599051237, "min": 0.297483623028, "var": 0.000767103454564}, "dynamic_complexity": 2.39601230621, "erbbands_crest": {"dmean": 1.71504163742, "dmean2": 2.6110765934, "dvar": 3.46399974823, "dvar2": 7.66195011139, "max": 28.2640914917, "mean": 9.09288215637, "median": 7.31009483337, "min": 2.13714909554, "var": 28.9929904938}, "erbbands_flatness_db": {"dmean": 0.012403966859, "dmean2": 0.0168281067163, "dvar": 0.000183209442184, "dvar2": 0.000326776615111, "max": 0.33664470911, "mean": 0.129739239812, "median": 0.121646419168, "min": 0.0366325564682, "var": 0.00174542993773}, "erbbands_kurtosis": {"dmean": 0.649662494659, "dmean2": 0.985812246799, "dvar": 2.11791729927, "dvar2": 4.54230356216, "max": 108.167182922, "mean": 0.726307928562, "median": -0.425988793373, "min": -1.80782139301, "var": 35.4197273254}, "erbbands_skewness": {"dmean": 0.250673979521, "dmean2": 0.377405464649, "dvar": 0.0752080380917, "dvar2": 0.164541855454, "max": 8.18394184113, "mean": 0.267863422632, "median": 0.143555283546, "min": -2.25752997398, "var": 0.844670295715}, "erbbands_spread": {"dmean": 8.23740959167, "dmean2": 12.0210208893, "dvar": 92.4159317017, "dvar2": 188.672546387, "max": 158.385696411, "mean": 52.7836074829, "median": 52.1189727783, "min": 2.87157702446, "var": 674.631408691}, "hfc": {"dmean": 5.47724199295, "dmean2": 8.22754573822, "dvar": 68.7728271484, "dvar2": 169.709747314, "max": 105.289627075, "mean": 23.8771686554, "median": 21.850730896, "min": 1.08503233095e-16, "var": 226.698944092}, "melbands_crest": {"dmean": 2.59512591362, "dmean2": 4.20606088638, "dvar": 6.75021505356, "dvar2": 16.5895576477, "max": 38.9781913757, "mean": 16.7146663666, "median": 16.3044242859, "min": 1.1854339838, "var": 28.3278160095}, "melbands_flatness_db": {"dmean": 0.0222863908857, "dmean2": 0.0355918221176, "dvar": 0.00065552565502, "dvar2": 0.00162758119404, "max": 0.708805978298, "mean": 0.23998439312, "median": 0.22487026453, "min": 0.000243534566835, "var": 0.00763187231496}, "melbands_kurtosis": {"dmean": 13.9116544724, "dmean2": 22.0028629303, "dvar": 3249.28222656, "dvar2": 7104.02880859, "max": 5197.55175781, "mean": 37.4534072876, "median": 23.945734024, "min": -1.58418393135, "var": 8054.33642578}, "melbands_skewness": {"dmean": 0.822800576687, "dmean2": 1.25857698917, "dvar": 1.10198223591, "dvar2": 2.55810022354, "max": 44.8027534485, "mean": 4.37309217453, "median": 4.16078567505, "min": -0.426970094442, "var": 6.79041910172}, "melbands_spread": {"dmean": 3.82219719887, "dmean2": 6.204662323, "dvar": 30.9398269653, "dvar2": 81.3215332031, "max": 184.504196167, "mean": 17.0686950684, "median": 12.4619045258, "min": 0.0367459952831, "var": 498.321014404}, "pitch_salience": {"dmean": 0.0606193393469, "dmean2": 0.10005389899, "dvar": 0.0037837040145, "dvar2": 0.0103983692825, "max": 0.991013169289, "mean": 0.489268809557, "median": 0.481451779604, "min": 0.030436867848, "var": 0.0104451533407}, "silence_rate_20dB": {"dmean": 0, "dmean2": 0, "dvar": 0, "dvar2": 0, "max": 1, "mean": 1, "median": 1, "min": 1, "var": 0}, "silence_rate_30dB": {"dmean": 0.0232609175146, "dmean2": 0.0465252362192, "dvar": 0.0227209143341, "dvar2": 0.0626340433955, "max": 1, "mean": 0.985664129257, "median": 1, "min": 0, "var": 0.014126800932}, "silence_rate_60dB": {"dmean": 0.000438885239419, "dmean2": 0.000877834681887, "dvar": 0.000438606686657, "dvar2": 0.000877246435266, "max": 1, "mean": 0.0452750138938, "median": 0, "min": 0, "var": 0.0432241968811}, "spectral_centroid": {"dmean": 204.185592651, "dmean2": 330.101135254, "dvar": 67099.5390625, "dvar2": 168189.140625, "max": 11667.7197266, "mean": 1307.2980957, "median": 1192.27905273, "min": 123.040359497, "var": 1099916.25}, "spectral_complexity": {"dmean": 3.28885960579, "dmean2": 5.27417707443, "dvar": 16.5954990387, "dvar2": 39.8206138611, "max": 53, "mean": 18.9112052917, "median": 19, "min": 0, "var": 82.2551116943}, "spectral_decrease": {"dmean": 3.53949980436e-09, "dmean2": 5.73707037432e-09, "dvar": 2.36025366793e-17, "dvar2": 6.03837611999e-17, "max": 3.05252455537e-18, "mean": -1.34280115915e-08, "median": -1.29220687484e-08, "min": -5.33886961307e-08, "var": 4.0713697401e-17}, "spectral_energy": {"dmean": 0.0136059299111, "dmean2": 0.0219810884446, "dvar": 0.00034682507976, "dvar2": 0.000883031170815, "max": 0.203420236707, "mean": 0.0528459735215, "median": 0.0508931688964, "min": 9.89664491915e-21, "var": 0.000615070690401}, "spectral_energyband_high": {"dmean": 0.000490440928843, "dmean2": 0.000769249512814, "dvar": 8.74470288181e-07, "dvar2": 2.24584459829e-06, "max": 0.0125640528277, "mean": 0.00107105902862, "median": 0.000728345592506, "min": 7.11745296249e-21, "var": 1.42717124163e-06}, "spectral_energyband_low": {"dmean": 0.0117126982659, "dmean2": 0.0193031001836, "dvar": 0.000287641887553, "dvar2": 0.00075077242218, "max": 0.196856558323, "mean": 0.0333692356944, "median": 0.0292822048068, "min": 1.24341360286e-23, "var": 0.000454633263871}, "spectral_energyband_middle_high": {"dmean": 0.00131431780756, "dmean2": 0.00185949716251, "dvar": 4.13412044509e-06, "dvar2": 7.44872568248e-06, "max": 0.0624923333526, "mean": 0.00632696552202, "median": 0.00364383123815, "min": 1.13820870178e-21, "var": 5.62245222682e-05}, "spectral_energyband_middle_low": {"dmean": 0.00500265602022, "dmean2": 0.00796015094966, "dvar": 8.97004792932e-05, "dvar2": 0.000220403249841, "max": 0.134969070554, "mean": 0.0151601536199, "median": 0.0123776597902, "min": 1.38624456903e-22, "var": 0.000145063953823}, "spectral_entropy": {"dmean": 0.145802289248, "dmean2": 0.206268623471, "dvar": 0.0312941037118, "dvar2": 0.063381806016, "max": 9.82424449921, "mean": 7.538169384, "median": 7.59958267212, "min": 4.35747718811, "var": 0.344147890806}, "spectral_flux": {"dmean": 0.0326236523688, "dmean2": 0.050145085901, "dvar": 0.00152680219617, "dvar2": 0.00294477795251, "max": 0.418123364449, "mean": 0.086600869894, "median": 0.0716772675514, "min": 6.34530344934e-11, "var": 0.00321029988118}, "spectral_kurtosis": {"dmean": 0.985411167145, "dmean2": 1.60326743126, "dvar": 2.68313765526, "dvar2": 6.8132314682, "max": 40.4335708618, "mean": 3.39152383804, "median": 2.51383924484, "min": -1.26829838753, "var": 13.8672962189}, "spectral_rms": {"dmean": 0.000863522640429, "dmean2": 0.00137376820203, "dvar": 1.16374974368e-06, "dvar2": 2.85940336653e-06, "max": 0.0140875391662, "mean": 0.00688332598656, "median": 0.00704640848562, "min": 3.10729198448e-12, "var": 4.17658702645e-06}, "spectral_rolloff": {"dmean": 233.692672729, "dmean2": 407.175598145, "dvar": 275694.375, "dvar2": 650482.1875, "max": 19552.1484375, "mean": 1104.66467285, "median": 430.6640625, "min": 43.06640625, "var": 8548353}, "spectral_skewness": {"dmean": 0.155115395784, "dmean2": 0.242450013757, "dvar": 0.0383017919958, "dvar2": 0.0868942812085, "max": 5.14706468582, "mean": 1.37221765518, "median": 1.26890444756, "min": -0.059401191771, "var": 0.309076070786}, "spectral_spread": {"dmean": 464015.5, "dmean2": 643164.375, "dvar": 383275827200, "dvar2": 711670300672, "max": 43216368, "mean": 5560951, "median": 5164431, "min": 1309159.125, "var": 11194649804800.0}, "spectral_strongpeak": {"dmean": 0.401000738144, "dmean2": 0.718477845192, "dvar": 0.736633062363, "dvar2": 1.75667071342, "max": 12.3722372055, "mean": 0.813925981522, "median": 0.477209866047, "min": 0, "var": 1.6088218689}, "zerocrossingrate": {"dmean": 0.00771217234433, "dmean2": 0.00998504832387, "dvar": 7.5299947639e-05, "dvar2": 0.000116756833449, "max": 0.5556640625, "mean": 0.0546306073666, "median": 0.04296875, "min": 0.00146484375, "var": 0.00592845398933}, "barkbands": {"dmean": [0.00145171582699, 0.00853202026337, 0.00451395381242, 0.00250088307075, 0.00269082933664, 0.000624907435849, 0.000405304745072, 0.000249913951848, 0.000319287064485, 0.00077888451051, 0.000252241559792, 0.000194560809177, 0.00018530205125, 0.000335186428856, 0.000212479397305, 0.000130647997139, 0.000144631325384, 0.000130014072056, 0.000168946295162, 0.000150113250129, 0.00015901956067, 0.000125923266751, 7.89713158156e-05, 7.00245436747e-05, 4.20678370574e-05, 2.3068212613e-05, 5.92967353441e-06], "dmean2": [0.00195555598475, 0.0143530480564, 0.00762735446915, 0.00412174221128, 0.00454993965104, 0.000972698675469, 0.000576838618144, 0.000350721355062, 0.000443605938926, 0.00100210832898, 0.000359186786227, 0.000279420870356, 0.000269700249191, 0.000475600798381, 0.000334043375915, 0.000214011481148, 0.00023641520238, 0.000208644269151, 0.000281109358184, 0.000249824573984, 0.000273775367532, 0.000206651806366, 0.000123041972984, 0.000102823381894, 6.12990988884e-05, 3.45005864801e-05, 9.66423067439e-06], "dvar": [4.24379140895e-06, 0.000171498773852, 5.78834005864e-05, 2.2355301553e-05, 3.79314442398e-05, 1.42372959999e-06, 8.27678491078e-07, 4.23659315629e-07, 9.39272752021e-07, 2.98934651255e-06, 7.77641162131e-07, 3.805245683e-07, 2.31564001751e-07, 8.06260459285e-07, 1.87218958558e-07, 6.2427339742e-08, 4.8985999257e-08, 4.91004001901e-08, 5.57247545885e-08, 5.74452521107e-08, 1.32540080244e-07, 5.78725689593e-08, 1.8609201291e-08, 1.66792357703e-08, 5.63999646985e-09, 2.36484032357e-09, 2.14210024718e-10], "dvar2": [7.35971298127e-06, 0.000460299139377, 0.00016125064576, 5.58945212106e-05, 0.000103714221041, 3.47351010532e-06, 1.66517497746e-06, 8.16006149762e-07, 1.69336590261e-06, 4.80866310681e-06, 1.544459451e-06, 6.98532858223e-07, 4.6574777457e-07, 1.51494748479e-06, 4.25285691108e-07, 1.4947086413e-07, 1.17355313023e-07, 1.19930504638e-07, 1.52895552219e-07, 1.52083600824e-07, 3.70615026668e-07, 1.53509276402e-07, 4.48958346055e-08, 3.40020349654e-08, 1.22916894441e-08, 5.13417752757e-09, 5.58217694291e-10], "max": [0.0286254771054, 0.136534661055, 0.108510971069, 0.0547117739916, 0.0939038321376, 0.0386191755533, 0.0301923379302, 0.0238644070923, 0.0350944623351, 0.047202270478, 0.0520057864487, 0.0236094258726, 0.02013316378, 0.0329502597451, 0.0117555856705, 0.00838844198734, 0.0102267824113, 0.00661273766309, 0.00575641402975, 0.00490723317489, 0.00475693540648, 0.00367446872406, 0.00258263619617, 0.00382070522755, 0.00150173087604, 0.00264334329404, 0.000248892145464], "mean": [0.00231660716236, 0.0157471895218, 0.0129489712417, 0.0045213131234, 0.00507639395073, 0.00152842549141, 0.00101077242289, 0.000573607336264, 0.000901741033886, 0.0029421329964, 0.000638567726128, 0.000454175111372, 0.000423032994149, 0.000820592162199, 0.000434095651144, 0.00027018703986, 0.000305812631268, 0.000293420656817, 0.000397027615691, 0.000321588711813, 0.000258294661762, 0.000228899749345, 0.000160127499839, 0.000147304104757, 8.41806686367e-05, 3.62429454981e-05, 5.45805141883e-06], "median": [0.000859303050674, 0.0107061993331, 0.0115780187771, 0.00327737117186, 0.0028773676604, 0.000867626105901, 0.000363308936357, 0.000186186109204, 0.000222415910685, 0.000285206537228, 0.000121950244647, 8.41268629301e-05, 0.00012268521823, 0.000145972167957, 0.000245218223426, 0.000171353196492, 0.00021782546537, 0.000200686918106, 0.000300303829135, 0.000235483137658, 0.000157090573339, 0.000154256500537, 9.4442468253e-05, 8.28323245514e-05, 4.38450224465e-05, 1.3131839296e-05, 5.29802662186e-07], "min": [7.1609458806e-26, 1.22394096585e-24, 2.53667197367e-25, 9.10671481394e-25, 3.39184314607e-24, 6.01783290966e-24, 9.09174736156e-24, 7.6251066329e-24, 1.55178485274e-23, 2.1496166211e-23, 1.52324859835e-23, 2.48186574395e-23, 2.66187228515e-23, 3.92612222887e-23, 4.56047999264e-23, 4.28372392126e-23, 6.66635427655e-23, 8.16623066177e-23, 1.37726657463e-22, 1.45453922372e-22, 2.74570472287e-22, 2.97109503149e-22, 3.92287628713e-22, 5.93993177508e-22, 8.48249787289e-22, 1.31936539587e-21, 2.03870576919e-21], "var": [1.05084573079e-05, 0.000238923748839, 9.32707334869e-05, 2.60155920841e-05, 4.24171885243e-05, 4.18512308897e-06, 4.24270001531e-06, 1.91507706404e-06, 5.10266454512e-06, 3.30587390636e-05, 4.525220902e-06, 2.16569242184e-06, 8.7681542027e-07, 5.74198747927e-06, 4.9341048225e-07, 1.66022644521e-07, 1.245914234e-07, 1.28699696234e-07, 1.48233255004e-07, 1.09976248552e-07, 1.30345867433e-07, 7.22136519471e-08, 3.88935532669e-08, 4.21358841152e-08, 1.2847441333e-08, 5.23057108737e-09, 1.83485185379e-10]}, "erbbands": {"dmean": [0.339366257191, 1.79970085621, 4.8244600296, 6.24191045761, 10.1684780121, 8.23786258698, 5.2026925087, 5.49963188171, 7.18419408798, 5.61373090744, 3.61711025238, 8.51397609711, 21.5069179535, 14.9625253677, 9.98415851593, 8.91305923462, 8.91243553162, 17.2983875275, 10.3494358063, 9.49510574341, 6.98480653763, 5.96311473846, 6.77666187286, 8.02083683014, 8.68798732758, 7.62996196747, 6.31935596466, 6.46685743332, 4.5705332756, 3.0939745903, 2.29506993294, 1.62445282936, 1.11552345753, 0.564800560474, 0.263952046633, 0.113636448979, 0.039383880794, 0.00870693754405, 0.0011449563317, 4.72929386888e-05], "dmean2": [0.530543982983, 3.15706944466, 8.30131149292, 10.2087211609, 17.0116691589, 14.2521924973, 8.74592685699, 8.56809425354, 9.97640323639, 8.08232879639, 5.15514135361, 11.7388362885, 28.1515884399, 19.1224536896, 14.0669164658, 12.468708992, 12.7627906799, 24.3877277374, 15.7857522964, 15.1861143112, 11.4223470688, 9.70725154877, 10.8761863708, 13.0572443008, 14.6764221191, 12.790186882, 10.6202039719, 11.2318058014, 7.465736866, 5.04432535172, 3.54575538635, 2.46017432213, 1.65448153019, 0.828705608845, 0.388912439346, 0.169311061502, 0.0593613609672, 0.0136889880523, 0.00186321872752, 7.50271428842e-05], "dvar": [0.232873380184, 10.4795818329, 73.2825164795, 96.2449951172, 624.177246094, 341.961334229, 117.897956848, 117.740013123, 255.481307983, 185.862365723, 78.9835128784, 698.178833008, 2973.35522461, 1781.84716797, 728.320739746, 859.352844238, 501.136016846, 2293.30297852, 472.995361328, 391.117156982, 172.687973022, 79.7175979614, 134.168624878, 148.656860352, 189.201583862, 151.032028198, 175.858398438, 217.201873779, 76.1805953979, 31.3178081512, 15.0720443726, 8.8166847229, 4.52209234238, 1.01123225689, 0.23329693079, 0.0587020069361, 0.00702530611306, 0.000403323705541, 8.66008304001e-06, 9.95768978385e-09], "dvar2": [0.50973367691, 29.994802475, 207.330718994, 250.998916626, 1595.34570312, 970.778564453, 321.927337646, 283.914459229, 518.973693848, 379.406524658, 153.030715942, 1253.60107422, 5017.91943359, 2640.78686523, 1411.63598633, 1497.4666748, 990.472839355, 4194.96289062, 1040.00793457, 908.211853027, 423.940551758, 194.890106201, 334.965057373, 379.569671631, 528.627807617, 408.674468994, 475.224578857, 617.065124512, 200.936828613, 81.4462814331, 34.7883720398, 19.7841777802, 9.16383647919, 2.17312550545, 0.503709375858, 0.117429852486, 0.0158980321139, 0.00104620389175, 2.27076088777e-05, 2.57744048326e-08], "max": [5.21903324127, 33.5743980408, 142.363449097, 185.252960205, 343.253204346, 246.039398193, 211.681213379, 310.025482178, 518.875427246, 392.478881836, 658.149719238, 1014.65698242, 1422.71533203, 1735.25244141, 1572.17041016, 1212.5255127, 990.219909668, 1924.17614746, 656.584228516, 671.239318848, 545.283996582, 320.276916504, 438.419250488, 285.174987793, 425.402954102, 263.028045654, 190.258880615, 200.618804932, 151.801818848, 90.7970962524, 85.765335083, 63.0272903442, 81.6333618164, 24.9717960358, 9.27447223663, 14.1421175003, 3.95231795311, 0.259865909815, 0.0557086393237, 0.00185075914487], "mean": [0.583939254284, 3.09347653389, 13.1069402695, 16.3858222961, 16.7761516571, 16.0537757874, 11.2290620804, 13.6233634949, 18.2762527466, 13.2562398911, 9.74507331848, 26.2662601471, 75.1017074585, 60.4384460449, 27.7177829742, 23.190164566, 22.1607761383, 43.8325767517, 24.1200866699, 19.8984241486, 16.3495998383, 13.6971158981, 16.8244247437, 18.5072841644, 19.6004199982, 16.1081676483, 11.4949474335, 10.3824138641, 8.14860630035, 5.89113855362, 4.70211458206, 3.35982775688, 2.25593233109, 1.12651014328, 0.513883531094, 0.201508015394, 0.0569527819753, 0.00955152790993, 0.00107599026524, 9.55978030106e-05], "median": [0.289638578892, 2.20326852798, 11.1257457733, 13.4032173157, 8.75424957275, 8.31604576111, 6.71862888336, 7.58483886719, 6.61967325211, 5.26489925385, 4.47339344025, 6.99134969711, 10.06001091, 7.16435337067, 8.54637527466, 5.55746841431, 7.76146459579, 8.39889144897, 9.73622131348, 12.7900295258, 11.367433548, 10.2710075378, 12.2033233643, 13.5372257233, 14.5400371552, 11.9170341492, 7.40981340408, 6.74869823456, 5.33162260056, 3.76837778091, 2.84424567223, 1.96895873547, 1.19305372238, 0.583138763905, 0.269008755684, 0.0839063227177, 0.0187072809786, 0.00165679352358, 0.00012951696408, 6.9503665145e-05], "min": [2.76014920781e-23, 5.05814027844e-22, 1.97351339521e-21, 5.82255341233e-21, 1.08189593801e-20, 1.99129079097e-20, 2.96871987606e-20, 6.3994175393e-20, 1.19675418274e-19, 1.3016307324e-19, 2.58835127576e-19, 3.7432057878e-19, 4.48940283344e-19, 1.00077490725e-18, 8.76373767365e-19, 1.17314301009e-18, 1.58092899001e-18, 2.18429055543e-18, 2.15596272138e-18, 2.92043497849e-18, 3.49592707131e-18, 4.28835038171e-18, 4.61617694771e-18, 6.42975389712e-18, 6.48086207845e-18, 7.29168808952e-18, 1.05437776191e-17, 1.00702225087e-17, 1.00727379649e-17, 1.038517649e-17, 9.99967723731e-18, 1.09860429685e-17, 9.39881324035e-18, 7.77499979527e-18, 5.90909829544e-18, 4.14104068155e-18, 2.20304604864e-18, 9.54116233838e-19, 2.56374161856e-19, 2.83427943895e-20], "var": [0.480248689651, 9.68076610565, 98.1544494629, 171.595703125, 614.085571289, 474.223266602, 218.116210938, 363.038482666, 1165.33764648, 630.293518066, 654.06060791, 3970.38623047, 23895.8242188, 28727.0292969, 4544.74560547, 5345.21142578, 1988.61279297, 17285.3769531, 1739.40649414, 853.671447754, 527.495056152, 222.597442627, 361.191589355, 387.936737061, 405.728118896, 273.844543457, 217.32649231, 197.321655273, 95.2451171875, 48.0967025757, 33.8506164551, 20.2689914703, 10.9815006256, 2.34865355492, 0.510876536369, 0.153656244278, 0.0133804464713, 0.000394426751882, 7.25644349586e-06, 9.73467528809e-09]}, "gfcc": {"mean": [-2.81980514526, 89.7490005493, -91.4756546021, 55.718547821, -45.8680610657, 21.7816028595, -29.3808326721, 10.1367540359, -22.1227455139, -0.766322493553, -15.7178554535, -3.22588968277, -8.79372787476], "cov": [[38947.265625, 2364.47167969, -2854.60375977, 876.097412109, -1670.06530762, 540.032165527, -785.522277832, 289.444366455, -892.610168457, 25.2820987701, -494.509918213, -35.9121055603, -190.031921387], [2364.47167969, 1484.53613281, -278.501464844, 24.1965847015, 1.86364412308, -49.2664527893, 29.9558963776, -77.1978530884, 51.7986602783, -168.415512085, 54.807762146, -104.478546143, 52.5536842346], [-2854.60375977, -278.501464844, 727.093383789, 66.1925964355, 171.635848999, -82.0869750977, -8.13467788696, -39.4430885315, 99.9552078247, 8.34519767761, -3.19782757759, 23.7009162903, -19.7216873169], [876.097412109, 24.1965847015, 66.1925964355, 412.584228516, 30.8937034607, -60.3864173889, -87.8432922363, -5.25286197662, 65.1433868408, 27.8947296143, -21.3269882202, -4.86673355103, -1.31647634506], [-1670.06530762, 1.86364412308, 171.635848999, 30.8937034607, 214.250671387, -24.6492137909, 33.0920753479, -25.0423660278, 82.8480987549, -1.967233181, 16.8084602356, -11.3212184906, 7.07172870636], [540.032165527, -49.2664527893, -82.0869750977, -60.3864173889, -24.6492137909, 150.576553345, 42.7974357605, 15.9287652969, -65.4921798706, -5.17024517059, -8.25210380554, 0.0540841296315, -0.188093408942], [-785.522277832, 29.9558963776, -8.13467788696, -87.8432922363, 33.0920753479, 42.7974357605, 133.29359436, 12.6487579346, 5.38129663467, -27.8371810913, 16.2663326263, -4.52645492554, 15.7340040207], [289.444366455, -77.1978530884, -39.4430885315, -5.25286197662, -25.0423660278, 15.9287652969, 12.6487579346, 88.0629196167, 7.97686433792, 26.8363800049, -8.4858455658, 11.0653295517, -5.54778385162], [-892.610168457, 51.7986602783, 99.9552078247, 65.1433868408, 82.8480987549, -65.4921798706, 5.38129663467, 7.97686433792, 138.228149414, 20.1836910248, 17.6489677429, -15.3186378479, 7.35975980759], [25.2820987701, -168.415512085, 8.34519767761, 27.8947296143, -1.967233181, -5.17024517059, -27.8371810913, 26.8363800049, 20.1836910248, 99.5131759644, 16.448343277, 12.5595693588, -20.6662902832], [-494.509918213, 54.807762146, -3.19782757759, -21.3269882202, 16.8084602356, -8.25210380554, 16.2663326263, -8.4858455658, 17.6489677429, 16.448343277, 70.4664230347, 14.206990242, 5.87066364288], [-35.9121055603, -104.478546143, 23.7009162903, -4.86673355103, -11.3212184906, 0.0540841296315, -4.52645492554, 11.0653295517, -15.3186378479, 12.5595693588, 14.206990242, 67.3622970581, 16.256696701], [-190.031921387, 52.5536842346, -19.7216873169, -1.31647634506, 7.07172870636, -0.188093408942, 15.7340040207, -5.54778385162, 7.35975980759, -20.6662902832, 5.87066364288, 16.256696701, 55.2090492249]], "icov": [[0.000118825337267, -0.000314480595989, 0.000220045520109, -0.000256762083154, 0.000460669078166, -0.000384513667086, 0.000364279316273, -0.000151920277858, 0.000242097987211, -0.000392950867536, 0.000857152801473, -0.000565741036553, 0.000497515022289], [-0.000314480595989, 0.00210007815622, -8.43621091917e-05, 0.00049645564286, -0.00108983030077, 0.00123022147454, -0.000620889593847, 0.000615235243458, -0.00129222183023, 0.00335529306903, -0.00402559433132, 0.00319237192161, -0.00180097913835], [0.000220045520109, -8.43621091917e-05, 0.0026419442147, -0.000534488470294, -0.000403792771976, -0.000167039223015, 0.000699278665707, 0.000782002753112, -0.000810672587249, 0.000338982994435, 0.00197942228988, -0.0023810940329, 0.00242477050051], [-0.000256762083154, 0.00049645564286, -0.000534488470294, 0.00378296896815, -0.00127890240401, 0.000838271982502, 0.00122628302779, 0.000438975141151, -0.00193844654132, 0.000194922395167, -0.000508123019245, 0.000873331329785, -0.00146753666922], [0.000460669078166, -0.00108983030077, -0.000403792771976, -0.00127890240401, 0.00961790140718, -0.00251757819206, -0.000375553994672, 0.00176664616447, -0.00315298954956, -0.00138342066202, 0.00266906060278, -0.00148787931539, 0.00154910178389], [-0.000384513667086, 0.00123022147454, -0.000167039223015, 0.000838271982502, -0.00251757819206, 0.0116341514513, -0.00453242147341, -0.0010832848493, 0.00483310362324, -4.21116374127e-06, -0.00222775526345, 0.00341303297319, -0.00240326137282], [0.000364279316273, -0.000620889593847, 0.000699278665707, 0.00122628302779, -0.000375553994672, -0.00453242147341, 0.0134213147685, -0.00357589637861, -0.0010424205102, 0.00317140575498, -0.000961347075645, 2.43050999416e-05, -0.00060649815714], [-0.000151920277858, 0.000615235243458, 0.000782002753112, 0.000438975141151, 0.00176664616447, -0.0010832848493, -0.00357589637861, 0.0163177587092, -0.00480188941583, -0.00331465178169, 0.00342631572857, -0.00360134802759, 0.00170554954093], [0.000242097987211, -0.00129222183023, -0.000810672587249, -0.00193844654132, -0.00315298954956, 0.00483310362324, -0.0010424205102, -0.00480188941583, 0.0166884604841, -0.00493222754449, -0.000515831168741, 0.00406275736168, -0.00324996118434], [-0.000392950867536, 0.00335529306903, 0.000338982994435, 0.000194922395167, -0.00138342066202, -4.21116374127e-06, 0.00317140575498, -0.00331465178169, -0.00493222754449, 0.0207139533013, -0.0103427255526, 0.00176475592889, 0.00351102510467], [0.000857152801473, -0.00402559433132, 0.00197942228988, -0.000508123019245, 0.00266906060278, -0.00222775526345, -0.000961347075645, 0.00342631572857, -0.000515831168741, -0.0103427255526, 0.0275552738458, -0.0117789255455, 0.00448159407824], [-0.000565741036553, 0.00319237192161, -0.0023810940329, 0.000873331329785, -0.00148787931539, 0.00341303297319, 2.43050999416e-05, -0.00360134802759, 0.00406275736168, 0.00176475592889, -0.0117789255455, 0.0268349274993, -0.0125127034262], [0.000497515022289, -0.00180097913835, 0.00242477050051, -0.00146753666922, 0.00154910178389, -0.00240326137282, -0.00060649815714, 0.00170554954093, -0.00324996118434, 0.00351102510467, 0.00448159407824, -0.0125127034262, 0.027464017272]]}, "melbands": {"dmean": [0.00254205940291, 0.00232287519611, 0.00118524522986, 0.000658411066979, 0.000219135647058, 0.000125285034301, 0.000102959813375, 6.17067271378e-05, 3.05737412418e-05, 5.50562217541e-05, 0.000108107284177, 6.21788785793e-05, 3.61497586709e-05, 2.41263460339e-05, 2.1872258003e-05, 1.67636153492e-05, 3.75686504412e-05, 1.72057225427e-05, 1.31869946927e-05, 1.24428261188e-05, 8.7305006673e-06, 6.62824095343e-06, 8.1006610344e-06, 6.94057507644e-06, 7.10069662091e-06, 7.03974455973e-06, 5.19872082805e-06, 5.2041964409e-06, 4.26498809247e-06, 3.85727435059e-06, 4.06732851843e-06, 2.77801177617e-06, 2.34285585066e-06, 1.54865961122e-06, 1.4213637769e-06, 1.30649118546e-06, 9.36962294418e-07, 8.37571064949e-07, 7.08394964022e-07, 4.30190254974e-07], "dmean2": [0.00413898844272, 0.00402751704678, 0.00194809772074, 0.00110634346493, 0.000368621345842, 0.000192394596525, 0.000142308301292, 8.84332475835e-05, 4.33896420873e-05, 7.57448142394e-05, 0.000141712094774, 7.94725419837e-05, 5.11738217028e-05, 3.41412778653e-05, 3.13599775836e-05, 2.4124614356e-05, 5.30092911504e-05, 2.62524990831e-05, 2.08678811759e-05, 2.02292412723e-05, 1.4299814211e-05, 1.08610756797e-05, 1.31813385451e-05, 1.10997907541e-05, 1.16050459837e-05, 1.19012693176e-05, 8.71701013239e-06, 8.72289456311e-06, 7.10340009391e-06, 6.59501847622e-06, 7.12561768523e-06, 4.58717931906e-06, 3.86239116779e-06, 2.51362575909e-06, 2.23122810894e-06, 2.0491804662e-06, 1.42489147947e-06, 1.25290284814e-06, 1.07592165932e-06, 6.46538296678e-07], "dvar": [1.32667464641e-05, 1.76146240847e-05, 4.29602050644e-06, 2.31326475841e-06, 2.0532831968e-07, 5.90024242797e-08, 5.05561033037e-08, 2.45158844336e-08, 5.65869084923e-09, 2.88988726282e-08, 7.43105275092e-08, 3.41553345606e-08, 1.53289931859e-08, 4.59959093035e-09, 3.07610759087e-09, 2.13712536556e-09, 1.10497326844e-08, 1.44445932992e-09, 8.10047640076e-10, 5.31268251613e-10, 2.6258226149e-10, 1.13149968561e-10, 1.63176264167e-10, 1.43797571073e-10, 1.22292079241e-10, 1.25253321603e-10, 6.76010011857e-11, 7.38452493598e-11, 7.28107990566e-11, 7.83924591907e-11, 8.17276385456e-11, 2.68632442679e-11, 1.9490475206e-11, 7.42016344202e-12, 5.49189730151e-12, 6.19290773177e-12, 3.10695826705e-12, 2.37716248595e-12, 2.12192698308e-12, 5.58355878894e-13], "dvar2": [3.21680454363e-05, 4.99917514389e-05, 1.09355460154e-05, 6.18562899035e-06, 5.6208176602e-07, 1.39189779702e-07, 1.00881251797e-07, 4.91342575515e-08, 1.09936060255e-08, 5.11670670278e-08, 1.25979113363e-07, 4.9969020921e-08, 2.98814804012e-08, 8.28586799173e-09, 6.15354656119e-09, 3.94155286187e-09, 2.035028146e-08, 3.19196580278e-09, 1.88397208944e-09, 1.24178645144e-09, 6.32448926563e-10, 2.79077511101e-10, 4.0386857747e-10, 3.40607292371e-10, 3.15725057209e-10, 3.47540579648e-10, 1.81634970953e-10, 2.00161054398e-10, 1.95647456569e-10, 2.19557497183e-10, 2.3285939843e-10, 7.14803771729e-11, 5.1370109555e-11, 1.91933430954e-11, 1.28403711275e-11, 1.54880327313e-11, 6.77211325212e-12, 4.97923403897e-12, 4.4709353407e-12, 1.28285685026e-12], "max": [0.0401563122869, 0.0600774548948, 0.026122873649, 0.0242299754173, 0.0103755006567, 0.00701337214559, 0.00726832170039, 0.00485128397122, 0.00501750363037, 0.00688552716747, 0.00706382188946, 0.007738487795, 0.00753267481923, 0.0027075894177, 0.00216584536247, 0.00272655184381, 0.00327298464254, 0.00112094252836, 0.00101344578434, 0.000798549503088, 0.000640584970824, 0.000497835164424, 0.000394338771002, 0.000401747733122, 0.000246619660174, 0.000257474195678, 0.000266194780124, 0.000175919514732, 0.000132511864649, 0.000167770558619, 0.000141992655699, 9.40832323977e-05, 6.80288285366e-05, 4.4607611926e-05, 5.35392973688e-05, 4.30643667642e-05, 4.36720983998e-05, 4.7174104111e-05, 6.5446307417e-05, 1.50052765093e-05], "mean": [0.0046939458698, 0.0060179810971, 0.0029446259141, 0.00121547817253, 0.000475260341773, 0.00030939449789, 0.000262425106484, 0.000141991404234, 8.29728451208e-05, 0.00016799243167, 0.000373043323634, 0.000249208154855, 9.5013754617e-05, 5.91529351368e-05, 5.14131206728e-05, 3.97586518375e-05, 9.15554483072e-05, 3.81499012292e-05, 2.66891347565e-05, 2.42041096499e-05, 1.90414903045e-05, 1.36732378451e-05, 1.67176658579e-05, 1.54739100253e-05, 1.45069070641e-05, 1.45363337651e-05, 1.16994615382e-05, 1.0318574823e-05, 7.48973434384e-06, 6.19629054199e-06, 6.02872933086e-06, 4.74445278087e-06, 3.97443272959e-06, 2.89769513984e-06, 2.76733044302e-06, 2.44758393819e-06, 1.87225123227e-06, 1.64880043485e-06, 1.29388104142e-06, 8.29099349176e-07], "median": [0.00285056349821, 0.00519316177815, 0.00246952124871, 0.000652292510495, 0.000284428999294, 0.000167525518918, 9.20986349229e-05, 5.21663641848e-05, 3.39670805261e-05, 4.02537407354e-05, 4.34590110672e-05, 2.29493380175e-05, 2.34162253037e-05, 1.44543655551e-05, 1.56879705173e-05, 1.20340109788e-05, 1.43267225212e-05, 1.3723196389e-05, 1.6295351088e-05, 1.48816161527e-05, 1.21756584122e-05, 9.7441716207e-06, 1.09396387415e-05, 1.09103402792e-05, 9.80455297395e-06, 1.00512952486e-05, 9.07945832296e-06, 7.27552105673e-06, 4.53987377114e-06, 3.7010588585e-06, 3.77758487957e-06, 3.05241428578e-06, 2.49623872151e-06, 1.77828792403e-06, 1.66350264408e-06, 1.42655198943e-06, 1.04718469629e-06, 8.75995851857e-07, 6.17288378635e-07, 4.45725817144e-07], "min": [4.22314812065e-25, 1.35588406592e-24, 1.05315721442e-24, 1.01179230678e-24, 8.32829251065e-25, 1.30584395629e-24, 2.03171441684e-24, 1.30204854926e-24, 1.54249660723e-24, 1.96805748331e-24, 2.13078943008e-24, 3.92125322159e-24, 2.23080338501e-24, 2.91600027589e-24, 2.77675902916e-24, 2.29954768252e-24, 3.30621545026e-24, 2.06434407046e-24, 3.78082335869e-24, 3.15135199658e-24, 3.86536794849e-24, 3.80496447454e-24, 3.66494955247e-24, 3.38836624163e-24, 4.73345375999e-24, 4.19357707798e-24, 4.29124081906e-24, 4.25034114213e-24, 5.57089429747e-24, 4.60605627367e-24, 5.14687248902e-24, 5.1583803919e-24, 5.19699868309e-24, 4.90523650514e-24, 5.16962363195e-24, 4.6812899382e-24, 6.10199845179e-24, 5.37454642373e-24, 6.20638249892e-24, 6.30894467179e-24], "var": [2.39337623498e-05, 1.89164948097e-05, 5.67338020119e-06, 2.6308212e-06, 4.21279281682e-07, 1.86454400364e-07, 2.49980587341e-07, 8.16718142005e-08, 4.37498215433e-08, 1.64929758739e-07, 5.89395426687e-07, 5.67771678561e-07, 9.34565989041e-08, 2.76335203608e-08, 1.25399717277e-08, 1.3746841887e-08, 7.92201504396e-08, 5.01938846043e-09, 1.72225300688e-09, 1.20711063367e-09, 7.65063734587e-10, 2.57965176997e-10, 4.41497810533e-10, 3.3162866897e-10, 2.89269080911e-10, 2.66654698322e-10, 1.355176249e-10, 1.25915319837e-10, 9.54194223635e-11, 7.79035724818e-11, 7.07031030944e-11, 3.30878484334e-11, 2.47735755521e-11, 1.21154770244e-11, 1.18781538425e-11, 1.09541464441e-11, 7.0750553853e-12, 5.60095719804e-12, 4.45518882203e-12, 1.18121159555e-12]}, "mfcc": {"mean": [-632.307373047, 109.439483643, 19.1541557312, 39.9672584534, 14.2644720078, 14.9248361588, 7.38790225983, 9.81057739258, 3.49800753593, 6.1509437561, -1.41862976551, -3.50910282135, -2.61579370499], "cov": [[13541.734375, 888.801025391, -279.74395752, 224.932250977, -180.937896729, 98.427444458, 218.506195068, 43.1115951538, -44.2739868164, 58.4496955872, -104.166595459, -153.065658569, -153.330780029], [888.801025391, 1228.54577637, -55.2488937378, 32.8110122681, 19.8490219116, 41.0904159546, 31.8369445801, 101.805656433, -14.4866504669, 23.5779857635, -10.6690015793, -60.5259170532, -15.1044206619], [-279.74395752, -55.2488937378, 377.485626221, 116.5989151, 81.0958862305, 16.0604305267, -43.4297790527, -8.79840278625, 15.489408493, -21.162727356, -2.08292555809, 38.0715827942, 18.8936386108], [224.932250977, 32.8110122681, 116.5989151, 369.694549561, 140.515151978, 24.8006668091, -97.8856887817, -16.9404010773, 39.3814277649, 6.43811035156, 9.8154592514, 48.7175712585, 42.5936470032], [-180.937896729, 19.8490219116, 81.0958862305, 140.515151978, 164.336624146, 33.0311203003, -55.6364555359, -13.0343990326, 20.1951408386, 13.5060586929, 13.6722421646, 18.9814224243, 13.2285051346], [98.427444458, 41.0904159546, 16.0604305267, 24.8006668091, 33.0311203003, 97.7712783813, 31.4855937958, 9.93561553955, 5.54749679565, 4.60873889923, -3.12772393227, -2.34585666656, -3.70083141327], [218.506195068, 31.8369445801, -43.4297790527, -97.8856887817, -55.6364555359, 31.4855937958, 118.421806335, 37.9581680298, -13.6229991913, -0.575926601887, -5.99032402039, -19.9980182648, -16.1565265656], [43.1115951538, 101.805656433, -8.79840278625, -16.9404010773, -13.0343990326, 9.93561553955, 37.9581680298, 85.0537109375, 26.0307502747, -5.20492076874, -12.1956825256, -9.28846168518, -2.86750864983], [-44.2739868164, -14.4866504669, 15.489408493, 39.3814277649, 20.1951408386, 5.54749679565, -13.6229991913, 26.0307502747, 72.5212554932, 24.810552597, 2.02466249466, 0.804474890232, -0.00912796892226], [58.4496955872, 23.5779857635, -21.162727356, 6.43811035156, 13.5060586929, 4.60873889923, -0.575926601887, -5.20492076874, 24.810552597, 77.5826950073, 32.0989074707, -9.24184322357, -17.0161190033], [-104.166595459, -10.6690015793, -2.08292555809, 9.8154592514, 13.6722421646, -3.12772393227, -5.99032402039, -12.1956825256, 2.02466249466, 32.0989074707, 67.1286239624, 28.520904541, -5.97006988525], [-153.065658569, -60.5259170532, 38.0715827942, 48.7175712585, 18.9814224243, -2.34585666656, -19.9980182648, -9.28846168518, 0.804474890232, -9.24184322357, 28.520904541, 76.7668304443, 37.1804885864], [-153.330780029, -15.1044206619, 18.8936386108, 42.5936470032, 13.2285051346, -3.70083141327, -16.1565265656, -2.86750864983, -0.00912796892226, -17.0161190033, -5.97006988525, 37.1804885864, 69.6900405884]], "icov": [[9.307621076e-05, -6.3012506871e-05, 5.40949658898e-05, -0.000221364112804, 0.000170950981556, 5.00403211845e-06, -0.000244743045187, 0.000142906224937, 3.58877041435e-05, -9.95728041744e-05, 0.000234612438362, -6.37625926174e-05, 0.000258521526121], [-6.3012506871e-05, 0.00109630206134, 5.50979275431e-05, -0.000111747562187, -0.00014995514357, -0.000395808194298, 0.000653027091175, -0.00196985900402, 0.00131938245613, -0.000546251772903, -0.000484123418573, 0.00109559297562, -0.000529072189238], [5.40949658898e-05, 5.50979275431e-05, 0.00327643146738, -0.000564279267564, -0.00103670684621, -0.000130505213747, -2.00229387701e-05, 0.000170380139025, -0.000436079251813, 0.000921133672819, 0.000756898312829, -0.00141201389488, 0.000822815694846], [-0.000221364112804, -0.000111747562187, -0.000564279267564, 0.00562079623342, -0.00301151769236, -0.0010544109391, 0.00313767814077, -0.000163905308, -0.00153283483814, 7.18185910955e-05, 9.55926952884e-05, -0.00147157383617, -0.00174668361433], [0.000170950981556, -0.00014995514357, -0.00103670684621, -0.00301151769236, 0.0114676654339, -0.00414156354964, 0.00350878736936, -0.000184728982276, 0.000226475371164, -0.00121861766092, -0.00146326655522, 0.001015949063, -9.04692788026e-05], [5.00403211845e-06, -0.000395808194298, -0.000130505213747, -0.0010544109391, -0.00414156354964, 0.014403517358, -0.00725849205628, 0.0018081672024, -0.00144103716593, -0.000111646055302, 0.00198857416399, -0.00114312721416, 0.00130049232394], [-0.000244743045187, 0.000653027091175, -2.00229387701e-05, 0.00313767814077, 0.00350878736936, -0.00725849205628, 0.0182314887643, -0.00853999238461, 0.0050018299371, -0.00181606214028, -0.00167590170167, 0.00142744905315, -0.000833325728308], [0.000142906224937, -0.00196985900402, 0.000170380139025, -0.000163905308, -0.000184728982276, 0.0018081672024, -0.00853999238461, 0.0215297099203, -0.0113424677402, 0.0047678318806, 0.00188532634638, -0.00124275800772, 0.000965766957961], [3.58877041435e-05, 0.00131938245613, -0.000436079251813, -0.00153283483814, 0.000226475371164, -0.00144103716593, 0.0050018299371, -0.0113424677402, 0.0233323369175, -0.00979476328939, 0.0029073941987, -0.00040681916289, 7.0959351433e-05], [-9.95728041744e-05, -0.000546251772903, 0.000921133672819, 7.18185910955e-05, -0.00121861766092, -0.000111646055302, -0.00181606214028, 0.0047678318806, -0.00979476328939, 0.0233015008271, -0.0130255054682, 0.0068879481405, 0.000267012568656], [0.000234612438362, -0.000484123418573, 0.000756898312829, 9.55926952884e-05, -0.00146326655522, 0.00198857416399, -0.00167590170167, 0.00188532634638, 0.0029073941987, -0.0130255054682, 0.0299533847719, -0.0170873701572, 0.00872230622917], [-6.37625926174e-05, 0.00109559297562, -0.00141201389488, -0.00147157383617, 0.001015949063, -0.00114312721416, 0.00142744905315, -0.00124275800772, -0.00040681916289, 0.0068879481405, -0.0170873701572, 0.0292989108711, -0.0140077387914], [0.000258521526121, -0.000529072189238, 0.000822815694846, -0.00174668361433, -9.04692788026e-05, 0.00130049232394, -0.000833325728308, 0.000965766957961, 7.0959351433e-05, 0.000267012568656, 0.00872230622917, -0.0140077387914, 0.0238663442433]]}, "spectral_contrast_coeffs": {"dmean": [0.0429583787918, 0.0395659655333, 0.0339740514755, 0.0286998152733, 0.0222496502101, 0.0165874306113], "dmean2": [0.0713351219893, 0.0639387220144, 0.0540015548468, 0.0464069992304, 0.0349757857621, 0.0270263999701], "dvar": [0.0014588215854, 0.0011085110018, 0.000844020338263, 0.000567295879591, 0.000363591359928, 0.000311788375257], "dvar2": [0.00386184710078, 0.00282669463195, 0.00199301657267, 0.00140209449455, 0.000814744562376, 0.000776487984695], "max": [-0.332063019276, -0.467888355255, -0.473968952894, -0.531631469727, -0.57618945837, -0.617092251778], "mean": [-0.642038345337, -0.705062627792, -0.722810864449, -0.753880560398, -0.770036399364, -0.765261769295], "median": [-0.63462895155, -0.703160762787, -0.727769851685, -0.7488322258, -0.768637001514, -0.76177072525], "min": [-0.975815236568, -0.985958218575, -0.984323918819, -0.982274532318, -0.987080693245, -0.965471982956], "var": [0.00663358811289, 0.00587869854644, 0.0086323376745, 0.00396910542622, 0.00300568551756, 0.00193615164608]}, "spectral_contrast_valleys": {"dmean": [0.320999085903, 0.335823237896, 0.312184542418, 0.273612111807, 0.262616157532, 0.260621398687], "dmean2": [0.535771787167, 0.552969813347, 0.504906892776, 0.429930567741, 0.38558024168, 0.343531727791], "dvar": [0.0871831253171, 0.0935255214572, 0.0880329161882, 0.0774777382612, 0.0978210791945, 0.117241509259], "dvar2": [0.206707701087, 0.220859199762, 0.198840335011, 0.161138623953, 0.18804295361, 0.213773205876], "max": [-4.9242682457, -5.21852970123, -5.27431869507, -5.84086