{"lowlevel": {"average_loudness": 0.914682030678, "barkbands_crest": {"dmean": 3.36045694351, "dmean2": 5.12092971802, "dvar": 13.1315994263, "dvar2": 26.5976848602, "max": 26.5130634308, "mean": 16.5670757294, "median": 17.4152107239, "min": 2.3167488575, "var": 41.6066932678}, "barkbands_flatness_db": {"dmean": 0.0492228791118, "dmean2": 0.0685868114233, "dvar": 0.00275144143961, "dvar2": 0.00571315223351, "max": 0.6623442173, "mean": 0.233523517847, "median": 0.216898053885, "min": 0.0241054221988, "var": 0.0117482915521}, "barkbands_kurtosis": {"dmean": 21.7374401093, "dmean2": 31.7347068787, "dvar": 2002.50769043, "dvar2": 4193.37695312, "max": 676.000854492, "mean": 31.7889347076, "median": 9.39304161072, "min": -1.90556967258, "var": 3919.46801758}, "barkbands_skewness": {"dmean": 1.53825867176, "dmean2": 2.15198683739, "dvar": 3.29726862907, "dvar2": 6.56500911713, "max": 23.2644710541, "mean": 3.68981695175, "median": 2.88078665733, "min": -2.50486469269, "var": 11.0304050446}, "barkbands_spread": {"dmean": 7.89784669876, "dmean2": 12.0508232117, "dvar": 119.643005371, "dvar2": 251.606445312, "max": 109.078102112, "mean": 14.9087753296, "median": 9.97605895996, "min": 0.131501317024, "var": 245.739074707}, "dissonance": {"dmean": 0.0281252264977, "dmean2": 0.0467349179089, "dvar": 0.000969573913608, "dvar2": 0.00256195757538, "max": 0.500000178814, "mean": 0.450570911169, "median": 0.464274615049, "min": 0.185200154781, "var": 0.00213793246076}, "dynamic_complexity": 3.34879779816, "erbbands_crest": {"dmean": 3.35493278503, "dmean2": 5.27979707718, "dvar": 10.5087366104, "dvar2": 24.0467586517, "max": 33.6864280701, "mean": 10.4503898621, "median": 9.10082244873, "min": 2.39472103119, "var": 28.9483261108}, "erbbands_flatness_db": {"dmean": 0.0275806188583, "dmean2": 0.0387208275497, "dvar": 0.00110170943663, "dvar2": 0.00197235262021, "max": 0.545350670815, "mean": 0.183204784989, "median": 0.160502612591, "min": 0.0570832006633, "var": 0.00653529912233}, "erbbands_kurtosis": {"dmean": 1.63448691368, "dmean2": 2.58442544937, "dvar": 9.19728279114, "dvar2": 21.5799541473, "max": 47.7924003601, "mean": 0.979994297028, "median": 0.000730633735657, "min": -1.88506829739, "var": 11.8537569046}, "erbbands_skewness": {"dmean": 0.529407083988, "dmean2": 0.778989970684, "dvar": 0.323506832123, "dvar2": 0.694285154343, "max": 6.10090970993, "mean": 0.492715865374, "median": 0.40375483036, "min": -5.24808645248, "var": 0.870809614658}, "erbbands_spread": {"dmean": 12.607583046, "dmean2": 17.8060054779, "dvar": 171.638168335, "dvar2": 343.862640381, "max": 173.050735474, "mean": 44.2294387817, "median": 39.8714027405, "min": 1.01048862934, "var": 702.761901855}, "hfc": {"dmean": 10.6478023529, "dmean2": 16.2759552002, "dvar": 436.821044922, "dvar2": 1118.22094727, "max": 240.343460083, "mean": 17.3501319885, "median": 9.60327339172, "min": 1.21904770011e-16, "var": 511.081634521}, "melbands_crest": {"dmean": 4.17859745026, "dmean2": 6.39412403107, "dvar": 20.9935913086, "dvar2": 45.5972099304, "max": 37.3099021912, "mean": 22.2751274109, "median": 22.8422889709, "min": 2.17518258095, "var": 64.2214279175}, "melbands_flatness_db": {"dmean": 0.0573728047311, "dmean2": 0.0777614787221, "dvar": 0.00368341919966, "dvar2": 0.00745875993744, "max": 0.841327667236, "mean": 0.302892118692, "median": 0.288450360298, "min": 0.00598369631916, "var": 0.0185826309025}, "melbands_kurtosis": {"dmean": 39.1293830872, "dmean2": 57.8737792969, "dvar": 4455.05957031, "dvar2": 9686.09472656, "max": 1025.98376465, "mean": 65.290687561, "median": 26.8085231781, "min": -1.74998557568, "var": 9980.1953125}, "melbands_skewness": {"dmean": 1.84959590435, "dmean2": 2.62676167488, "dvar": 4.05724096298, "dvar2": 8.43341350555, "max": 24.9100036621, "mean": 5.23263072968, "median": 4.3868637085, "min": -1.89635336399, "var": 14.4073047638}, "melbands_spread": {"dmean": 8.34788703918, "dmean2": 12.8188648224, "dvar": 167.16317749, "dvar2": 373.298614502, "max": 140.966918945, "mean": 14.0735559464, "median": 7.49642276764, "min": 0.22911053896, "var": 303.880950928}, "pitch_salience": {"dmean": 0.101660020649, "dmean2": 0.147987604141, "dvar": 0.0118542853743, "dvar2": 0.0246626529843, "max": 0.915927827358, "mean": 0.371474117041, "median": 0.357193410397, "min": 0.0243260134012, "var": 0.0387399233878}, "silence_rate_20dB": {"dmean": 0.0102818645537, "dmean2": 0.0205673761666, "dvar": 0.010175941512, "dvar2": 0.022626247257, "max": 1, "mean": 0.987947523594, "median": 1, "min": 0, "var": 0.0119070066139}, "silence_rate_30dB": {"dmean": 0.0836731046438, "dmean2": 0.167375892401, "dvar": 0.0766678825021, "dvar2": 0.1503534168, "max": 1, "mean": 0.83250617981, "median": 1, "min": 0, "var": 0.139444768429}, "silence_rate_60dB": {"dmean": 0.0521184168756, "dmean2": 0.104255318642, "dvar": 0.0494019277394, "dvar2": 0.101893119514, "max": 1, "mean": 0.0926976278424, "median": 0, "min": 0, "var": 0.0841092169285}, "spectral_centroid": {"dmean": 359.642242432, "dmean2": 528.416564941, "dvar": 214386.5625, "dvar2": 404931.3125, "max": 11274.6611328, "mean": 1127.85046387, "median": 960.797424316, "min": 97.6025619507, "var": 561472.875}, "spectral_complexity": {"dmean": 4.85800409317, "dmean2": 7.49326229095, "dvar": 41.560634613, "dvar2": 95.2175750732, "max": 51, "mean": 12.7235021591, "median": 11, "min": 0, "var": 83.8865509033}, "spectral_decrease": {"dmean": 6.12137895928e-09, "dmean2": 8.37301872281e-09, "dvar": 8.75671726771e-17, "dvar2": 1.6484953896e-16, "max": 3.90244413784e-29, "mean": -1.51650105806e-08, "median": -1.01009405284e-08, "min": -1.16458394928e-07, "var": 3.20398073823e-16}, "spectral_energy": {"dmean": 0.0236243754625, "dmean2": 0.0323857478797, "dvar": 0.00126671092585, "dvar2": 0.00237749610096, "max": 0.447043836117, "mean": 0.0588099472225, "median": 0.0396795943379, "min": 1.09098377719e-20, "var": 0.00465580029413}, "spectral_energyband_high": {"dmean": 0.000866099260747, "dmean2": 0.00136774673592, "dvar": 4.4722896746e-06, "dvar2": 1.14811628009e-05, "max": 0.0266453977674, "mean": 0.000982621568255, "median": 0.000157963717356, "min": 7.64691075463e-21, "var": 4.63211199531e-06}, "spectral_energyband_low": {"dmean": 0.021571693942, "dmean2": 0.0299694035202, "dvar": 0.00127170828637, "dvar2": 0.00246100267395, "max": 0.426313698292, "mean": 0.0472271852195, "median": 0.0255807563663, "min": 1.1795276709e-22, "var": 0.00431351317093}, "spectral_energyband_middle_high": {"dmean": 0.00209276215173, "dmean2": 0.00332932174206, "dvar": 1.80633942364e-05, "dvar2": 4.63798278361e-05, "max": 0.056944064796, "mean": 0.00305092683993, "median": 0.00146036921069, "min": 1.56775383977e-21, "var": 2.16176958929e-05}, "spectral_energyband_middle_low": {"dmean": 0.00757498061284, "dmean2": 0.0116971852258, "dvar": 0.000321155035635, "dvar2": 0.000716536771506, "max": 0.219123989344, "mean": 0.0091357100755, "median": 0.0032151134219, "min": 2.68895091391e-22, "var": 0.000347363355104}, "spectral_entropy": {"dmean": 0.301678538322, "dmean2": 0.435692310333, "dvar": 0.14184114337, "dvar2": 0.283216834068, "max": 9.81116962433, "mean": 7.37931251526, "median": 7.56804418564, "min": 4.24784660339, "var": 0.632768988609}, "spectral_flux": {"dmean": 0.0526488535106, "dmean2": 0.0765382274985, "dvar": 0.00347016938031, "dvar2": 0.00636833207682, "max": 0.544323325157, "mean": 0.10556410253, "median": 0.072178080678, "min": 1.05599751166e-10, "var": 0.00876917596906}, "spectral_kurtosis": {"dmean": 5.29539489746, "dmean2": 8.52244186401, "dvar": 304.468353271, "dvar2": 717.092163086, "max": 289.269744873, "mean": 9.68945884705, "median": 2.88404154778, "min": -1.33059024811, "var": 789.380249023}, "spectral_rms": {"dmean": 0.00149850721937, "dmean2": 0.00199526036158, "dvar": 3.30751140609e-06, "dvar2": 5.52764549866e-06, "max": 0.0208839736879, "mean": 0.00643644900993, "median": 0.00622188020498, "min": 3.26247514247e-12, "var": 1.59477694979e-05}, "spectral_rolloff": {"dmean": 621.730651855, "dmean2": 1022.60107422, "dvar": 1584094.75, "dvar2": 3258650.25, "max": 19121.484375, "mean": 1028.63171387, "median": 322.998046875, "min": 43.06640625, "var": 2752514.25}, "spectral_skewness": {"dmean": 0.454195171595, "dmean2": 0.702496051788, "dvar": 0.682598352432, "dvar2": 1.58227646351, "max": 13.1763439178, "mean": 1.80251276493, "median": 1.43593096733, "min": -0.0978693962097, "var": 2.39883303642}, "spectral_spread": {"dmean": 768582.6875, "dmean2": 1097982.375, "dvar": 1272502419460.0, "dvar2": 2133887680510.0, "max": 40886748, "mean": 4943867.5, "median": 4927779, "min": 250992.5, "var": 5616813735940.0}, "spectral_strongpeak": {"dmean": 0.326298028231, "dmean2": 0.5269318223, "dvar": 0.311714887619, "dvar2": 0.761212348938, "max": 7.0045170784, "mean": 0.729139149189, "median": 0.549770832062, "min": 0, "var": 0.475681960583}, "zerocrossingrate": {"dmean": 0.0137092685327, "dmean2": 0.0154517637566, "dvar": 0.000348074681824, "dvar2": 0.000438218179625, "max": 0.51123046875, "mean": 0.0406973175704, "median": 0.029296875, "min": 0.001953125, "var": 0.00160753598902}, "barkbands": {"dmean": [0.00104307534639, 0.0161380693316, 0.0075721363537, 0.00385181605816, 0.00306476955302, 0.000831476179883, 0.000789140700363, 0.000648490560707, 0.000488225574372, 0.000717295799404, 0.000373151036911, 0.000222343092901, 0.000243089714786, 0.00020530699112, 0.000305458990624, 0.000181803086889, 0.00012748510926, 0.000124425903778, 0.000138351475471, 0.0001348638325, 0.000167615726241, 0.000172837782884, 0.000188451391296, 0.00016872213746, 9.66634834185e-05, 3.43065548805e-05, 2.33092941926e-06], "dmean2": [0.00168107938953, 0.0221365373582, 0.0119857639074, 0.00683738104999, 0.00518817733973, 0.00147235800978, 0.00132793292869, 0.00101764465217, 0.00076069770148, 0.00114174443297, 0.000589765491895, 0.000362394581316, 0.000384485087125, 0.000335758755682, 0.000511865015142, 0.000319570041029, 0.000215663749259, 0.00021340449166, 0.00023623566085, 0.000228531673201, 0.000279882602626, 0.000285855261609, 0.000304122833768, 0.000269379379461, 0.00014821451623, 5.62557252124e-05, 3.77053106604e-06], "dvar": [4.95392669109e-06, 0.000893151096534, 0.000492754625157, 0.00014286248188, 9.7736796306e-05, 5.59248883292e-06, 3.42572502632e-06, 1.85056399005e-06, 1.17151137147e-06, 4.03275134886e-06, 1.22190238017e-06, 5.19210402672e-07, 6.12374492448e-07, 2.07559992305e-07, 1.22561016269e-06, 9.10757478323e-07, 1.01671986386e-07, 1.486405381e-07, 2.27386962592e-07, 1.63918656426e-07, 2.72351940112e-07, 1.85668966424e-07, 2.17821380488e-07, 1.8601323859e-07, 6.37975077211e-08, 1.2406328409e-08, 2.34429586854e-10], "dvar2": [1.21540078908e-05, 0.00164178072009, 0.00116558349691, 0.000382043916034, 0.000231918500504, 1.5853505829e-05, 8.93997366802e-06, 4.18682157033e-06, 2.58497220784e-06, 9.47936678131e-06, 2.73397495221e-06, 1.24160783344e-06, 1.35046809646e-06, 4.96031020703e-07, 3.32236413669e-06, 2.6455504667e-06, 2.82273418861e-07, 4.26433729217e-07, 6.53631843761e-07, 4.63126212935e-07, 7.75504474859e-07, 4.80138794501e-07, 5.31403259174e-07, 4.6182461233e-07, 1.50721589876e-07, 3.26158478003e-08, 4.65403549033e-10], "max": [0.0252810269594, 0.410203963518, 0.169241964817, 0.0872153863311, 0.167859017849, 0.036279566586, 0.0267525799572, 0.0191069860011, 0.0141667108983, 0.0426559634507, 0.0234755054116, 0.0217741765082, 0.0251156762242, 0.0120141003281, 0.0218165889382, 0.0276997964829, 0.00465374486521, 0.00677409674972, 0.00916449632496, 0.00588830839843, 0.00787658430636, 0.00601927563548, 0.00885282177478, 0.00579730048776, 0.00439233938232, 0.00243325019255, 0.000962727121077], "mean": [0.00164751417469, 0.037324808538, 0.00675729988143, 0.0029321347829, 0.00278255506419, 0.000777205801569, 0.000929427624214, 0.000918064906728, 0.000612893083598, 0.000883267843165, 0.000441337004304, 0.000265963375568, 0.000298285827739, 0.000281015207293, 0.000335708347848, 0.00018512585666, 0.00013203479466, 0.000117148680147, 0.000146103222505, 0.000145101832459, 0.000176741174073, 0.000195642089238, 0.000212154758628, 0.000177318317583, 0.000100847319118, 3.19628888974e-05, 2.1583734906e-06], "median": [0.000348377914634, 0.0163279175758, 0.000504903902765, 0.000295738631394, 0.000423963007051, 0.000195252359845, 0.000260852626525, 0.000233603335801, 0.000178115951712, 0.000160777330166, 9.63655475061e-05, 6.95206545061e-05, 7.49318569433e-05, 7.69557082094e-05, 8.04310839158e-05, 4.31191801908e-05, 3.85753701266e-05, 2.56023449765e-05, 4.07694315072e-05, 3.36177909048e-05, 2.77063518297e-05, 2.84826528514e-05, 2.89868221444e-05, 2.19166613533e-05, 9.09953269002e-06, 1.14658018902e-06, 1.62138960036e-08], "min": [6.481656064e-23, 4.19232744342e-23, 4.40565483817e-24, 1.14570016355e-23, 1.95376186431e-23, 7.57538331009e-23, 2.40087023936e-23, 2.73310232281e-23, 3.30178078979e-23, 6.43484190244e-23, 6.53666869917e-23, 1.19998769355e-22, 8.46222578845e-23, 4.37502636689e-23, 1.18334462172e-22, 1.38732436184e-22, 1.65868102742e-22, 1.5482512292e-22, 2.38839541389e-22, 3.13124616459e-22, 4.70940569817e-22, 3.47709995105e-22, 5.01907992538e-22, 8.31091747056e-22, 1.17956278467e-21, 1.58482514317e-21, 2.52393423821e-21], "var": [8.93956075743e-06, 0.0033860001713, 0.00048279191833, 9.9019263871e-05, 9.73127462203e-05, 3.78356867259e-06, 3.79429002351e-06, 3.42072394233e-06, 1.7959350771e-06, 5.73646775592e-06, 1.68011320056e-06, 6.19897662091e-07, 8.51283800785e-07, 3.6412941995e-07, 1.05927870209e-06, 5.66789253753e-07, 8.02057229521e-08, 9.8863559117e-08, 1.63187678481e-07, 1.26457194938e-07, 2.1121141458e-07, 1.91124883031e-07, 2.42094529312e-07, 1.88729103456e-07, 6.99809561411e-08, 1.08552828948e-08, 4.62738042328e-10]}, "erbbands": {"dmean": [0.674909889698, 2.98287510872, 7.3772354126, 10.2067155838, 12.4286146164, 8.75269699097, 7.9004483223, 6.8453836441, 10.5049314499, 14.5330657959, 10.5999755859, 12.7120771408, 12.6612014771, 22.7194709778, 16.1032085419, 10.1839895248, 11.8230342865, 10.3943023682, 14.9075641632, 12.6242704391, 8.80741691589, 6.93774938583, 6.34475421906, 7.19070529938, 6.63795185089, 6.69201517105, 6.56426811218, 6.87973308563, 6.25400447845, 6.11754322052, 5.24768877029, 3.88288378716, 2.54332304001, 1.28720843792, 0.605368494987, 0.215083763003, 0.0498566552997, 0.00640233280137, 0.000378977420041, 3.59386285709e-05], "dmean2": [0.89598685503, 4.21353816986, 11.2448167801, 16.1185970306, 21.935749054, 15.087228775, 14.2323884964, 11.9968585968, 17.5231761932, 23.5394611359, 17.1448764801, 19.6676979065, 20.122631073, 36.0364074707, 24.897108078, 16.1884078979, 18.5803794861, 16.5567684174, 24.6393222809, 21.6658325195, 15.3669538498, 11.8117961884, 10.716126442, 12.3504686356, 11.2365226746, 11.2837724686, 11.0002117157, 11.3783626556, 10.4033145905, 9.98770332336, 8.54600811005, 6.25411605835, 4.10585308075, 1.99031805992, 0.959592103958, 0.349658578634, 0.0817632451653, 0.0105436164886, 0.000623528903816, 5.08713710587e-05], "dvar": [1.6144810915, 35.0769081116, 396.065979004, 806.102172852, 1705.63391113, 937.034729004, 508.490081787, 395.550750732, 647.09185791, 927.975952148, 549.979064941, 857.417297363, 1174.34289551, 4436.0703125, 2401.10424805, 1212.93481445, 1454.86071777, 519.08392334, 1796.9005127, 4570.34521484, 1672.46801758, 328.137420654, 251.806396484, 1074.61010742, 313.651916504, 424.346313477, 362.761291504, 439.285308838, 264.460723877, 208.595703125, 175.507904053, 94.1140518188, 45.4401016235, 11.1585245132, 2.74026370049, 0.435513585806, 0.0321843288839, 0.000667123880703, 6.17567138761e-06, 1.41619160843e-08], "dvar2": [2.66810250282, 75.9539260864, 903.649047852, 1861.86682129, 4207.59765625, 2239.79785156, 1416.1574707, 1114.0916748, 1642.87963867, 2332.39916992, 1305.62231445, 1886.05566406, 2621.45117188, 10596.8720703, 5238.49755859, 2823.23608398, 3192.94506836, 1191.46081543, 4539.69921875, 12999.7705078, 4845.80224609, 920.714782715, 702.070739746, 3135.87084961, 875.780761719, 1196.02087402, 1021.940979, 1243.78417969, 685.658630371, 520.043334961, 431.371673584, 233.921768188, 112.365890503, 26.3044109344, 6.70471715927, 1.15249156952, 0.0838015973568, 0.00151255470701, 1.31779288495e-05, 2.72382880695e-08], "max": [19.3339557648, 83.147857666, 174.76260376, 196.365188599, 556.38293457, 491.051635742, 219.311416626, 325.880065918, 348.585968018, 332.732421875, 502.787536621, 402.845306396, 702.459106445, 1447.5357666, 1187.40734863, 1099.51293945, 1242.95483398, 675.307373047, 842.205200195, 1588.93334961, 1176.51452637, 257.414306641, 236.414169312, 674.79486084, 322.736755371, 326.139801025, 303.07043457, 282.990203857, 242.393600464, 207.726776123, 276.27520752, 131.49269104, 95.2775650024, 60.7152748108, 24.494594574, 15.1458473206, 3.73644828796, 1.04616105556, 0.141516268253, 0.00784644857049], "mean": [1.51140785217, 6.64115095139, 8.22065162659, 9.18532085419, 10.3220081329, 8.35785007477, 6.80734634399, 6.68368721008, 12.036067009, 20.2872486115, 14.1687469482, 16.4722213745, 15.4235973358, 27.8088645935, 20.5853004456, 12.9660329819, 14.8229618073, 14.7940340042, 18.0788822174, 13.3610601425, 9.21347522736, 7.09252738953, 6.35650777817, 7.07296466827, 7.37675237656, 7.30381631851, 7.05836820602, 7.17313528061, 6.90610408783, 6.82305145264, 5.98036623001, 4.21057462692, 2.63955140114, 1.35261547565, 0.607304155827, 0.202977120876, 0.0466413535178, 0.00616843998432, 0.000377865682822, 7.84896037658e-05], "median": [0.391746938229, 3.17084860802, 1.48897457123, 0.954098522663, 1.1068379879, 1.34234178066, 1.76762223244, 1.76983094215, 3.14352083206, 6.21149492264, 4.61806678772, 4.84629440308, 3.93135261536, 5.76599121094, 5.57300329208, 3.46600008011, 4.05894041061, 4.08571147919, 5.52939414978, 3.27465844154, 2.38451695442, 2.11500549316, 1.74978351593, 1.87996768951, 2.09301686287, 1.70745527744, 1.26195812225, 1.08344483376, 1.03789710999, 0.891820192337, 0.846154868603, 0.571331977844, 0.316791921854, 0.141186907887, 0.0419689528644, 0.00973182544112, 0.00135810510255, 0.000116145733045, 3.31837218255e-05, 5.1063936553e-05], "min": [1.33286261664e-21, 7.93622363622e-21, 5.91582125757e-21, 3.28558788869e-20, 5.45916133701e-20, 7.51875446679e-20, 2.12863854175e-19, 7.96441443617e-19, 4.77600902497e-19, 4.3712757551e-19, 5.4659050562e-19, 6.60501340979e-19, 1.40466951938e-18, 1.66985504176e-18, 3.31182665226e-18, 4.76555129068e-18, 4.35152878253e-18, 2.1795003525e-18, 3.23396165965e-18, 7.54453735045e-18, 7.63210682599e-18, 7.92804392502e-18, 7.59597392248e-18, 1.18194969188e-17, 1.34648931604e-17, 1.51413922203e-17, 1.495196786e-17, 2.06365283918e-17, 1.40016448697e-17, 1.44976670327e-17, 1.17918699135e-17, 1.89016858018e-17, 1.28650623121e-17, 1.15355274689e-17, 9.71667807024e-18, 4.54850654257e-18, 3.11700038899e-18, 1.40581257959e-18, 3.22381158485e-19, 3.56354480831e-20], "var": [6.78981733322, 100.378768921, 466.932159424, 759.43927002, 1466.75561523, 871.122680664, 335.846862793, 283.222198486, 735.173339844, 1384.31555176, 858.364074707, 1298.50634766, 1648.28942871, 6035.80126953, 3439.79785156, 1529.33569336, 2040.53344727, 983.75604248, 1969.07055664, 3213.55932617, 1045.40698242, 246.156951904, 193.762008667, 650.097961426, 274.823059082, 327.395874023, 296.460662842, 348.580657959, 260.364440918, 235.432220459, 188.903396606, 97.0127639771, 45.8053398132, 12.511592865, 2.70572900772, 0.365898609161, 0.0292754657567, 0.00107856141403, 1.10519349619e-05, 2.62518504712e-08]}, "gfcc": {"mean": [-55.5684700012, 100.519096375, -110.765693665, 33.9944839478, -60.7006454468, 24.8872241974, -23.0843982697, 10.9531440735, -9.35253143311, 2.6804254055, -5.60475301743, -3.96401023865, -3.41092514992], "cov": [[10897.7480469, -2811.69555664, 1003.05627441, 1676.68273926, -239.157287598, 1098.7331543, -690.944274902, 326.249481201, -687.37890625, 477.587982178, -428.423858643, 394.533325195, -418.444549561], [-2811.69555664, 3673.88134766, 691.639038086, -356.338745117, 1387.63378906, -286.022491455, 657.949584961, -205.851730347, 541.133972168, -154.006561279, 445.285980225, -147.93838501, 346.414093018], [1003.05627441, 691.639038086, 3073.01977539, 1089.08532715, 592.480041504, 743.532287598, 188.438156128, 184.078155518, -154.94329834, -93.3572540283, -14.2767047882, 104.230003357, 10.0996265411], [1676.68273926, -356.338745117, 1089.08532715, 1133.31542969, 148.489044189, 441.524108887, 83.4691543579, 154.78427124, -102.913887024, 3.73983478546, -5.71896028519, 80.7609100342, -3.88607788086], [-239.157287598, 1387.63378906, 592.480041504, 148.489044189, 1119.43823242, 189.739059448, 411.541229248, 29.2712955475, 285.961761475, 52.2966003418, 165.497558594, -1.96884596348, 108.462852478], [1098.7331543, -286.022491455, 743.532287598, 441.524108887, 189.739059448, 641.974365234, 118.726242065, 158.832504272, -20.1759910583, 80.7481918335, 13.2424058914, 84.4560623169, -14.1271781921], [-690.944274902, 657.949584961, 188.438156128, 83.4691543579, 411.541229248, 118.726242065, 460.107299805, 130.253890991, 224.141616821, -18.2324562073, 146.959320068, -20.9817790985, 85.7796401978], [326.249481201, -205.851730347, 184.078155518, 154.78427124, 29.2712955475, 158.832504272, 130.253890991, 254.187850952, 105.533538818, 63.437587738, 9.60282802582, 40.1665534973, 14.4223337173], [-687.37890625, 541.133972168, -154.94329834, -102.913887024, 285.961761475, -20.1759910583, 224.141616821, 105.533538818, 369.03314209, 110.891830444, 160.47668457, -31.9072113037, 91.1562271118], [477.587982178, -154.006561279, -93.3572540283, 3.73983478546, 52.2966003418, 80.7481918335, -18.2324562073, 63.437587738, 110.891830444, 241.598678589, 96.8494262695, 63.0329742432, -23.4422092438], [-428.423858643, 445.285980225, -14.2767047882, -5.71896028519, 165.497558594, 13.2424058914, 146.959320068, 9.60282802582, 160.47668457, 96.8494262695, 242.132019043, 44.7188491821, 86.1072692871], [394.533325195, -147.93838501, 104.230003357, 80.7609100342, -1.96884596348, 84.4560623169, -20.9817790985, 40.1665534973, -31.9072113037, 63.0329742432, 44.7188491821, 133.670196533, 42.4772872925], [-418.444549561, 346.414093018, 10.0996265411, -3.88607788086, 108.462852478, -14.1271781921, 85.7796401978, 14.4223337173, 91.1562271118, -23.4422092438, 86.1072692871, 42.4772872925, 182.762664795]], "icov": [[0.000249617442023, -0.000140258242027, 0.000185119177331, -0.000382367172278, -8.25731403893e-05, -0.000269229407422, 0.000372466718545, -0.000373592280084, 0.000433972978499, -0.000530078250449, 0.000448638864327, -0.000353849114617, 0.000288284063572], [-0.000140258242027, 0.00198946218006, -0.000887216534466, 0.0010169633897, -0.00149989523925, 0.00121922255494, -0.000606430578046, 0.00148626416922, -0.00101641309448, 0.00153245346155, -0.00240824744105, 0.00164894526824, -0.00141474744305], [0.000185119177331, -0.000887216534466, 0.00114377646241, -0.000986991915852, 0.000131341439555, -0.0010684748413, 0.0008280078182, -0.00124552717898, 0.00096146564465, -0.000211596838199, 0.000812319281977, -0.000865394831635, 0.000882156717125], [-0.000382367172278, 0.0010169633897, -0.000986991915852, 0.0024818002712, -0.000540726876352, 0.000399704935262, -0.000742160307709, 0.000455052417237, -0.000311701762257, 0.00123327423353, -0.00189785892144, 0.0013509929413, -0.00113767886069], [-8.25731403893e-05, -0.00149989523925, 0.000131341439555, -0.000540726876352, 0.0033339089714, -0.000887311471161, -0.00169467751402, 0.00114238925744, -0.00098900438752, -0.00173526373692, 0.002802077448, -0.00175377191044, 0.000651385344099], [-0.000269229407422, 0.00121922255494, -0.0010684748413, 0.000399704935262, -0.000887311471161, 0.00391695322469, -0.00151629094034, 0.000359381461749, -3.62217870133e-05, -0.000246074079769, -0.00112813047599, 0.000701892771758, -0.000992272165604], [0.000372466718545, -0.000606430578046, 0.0008280078182, -0.000742160307709, -0.00169467751402, -0.00151629094034, 0.00765047129244, -0.00462329480797, -0.000354875257472, 0.00334440707229, -0.00316603202373, 0.000445198238594, 0.00159745814744], [-0.000373592280084, 0.00148626416922, -0.00124552717898, 0.000455052417237, 0.00114238925744, 0.000359381461749, -0.00462329480797, 0.0110109178349, -0.00555457687005, -0.000378058408387, 0.00274607888423, -0.00257588503882, -0.00091627065558], [0.000433972978499, -0.00101641309448, 0.00096146564465, -0.000311701762257, -0.00098900438752, -3.62217870133e-05, -0.000354875257472, -0.00555457687005, 0.0116104166955, -0.006053336896, -0.00140131812077, 0.00576539197937, -0.00319769140333], [-0.000530078250449, 0.00153245346155, -0.000211596838199, 0.00123327423353, -0.00173526373692, -0.000246074079769, 0.00334440707229, -0.000378058408387, -0.006053336896, 0.0137460036203, -0.00689969584346, -0.00351749267429, 0.00424116756767], [0.000448638864327, -0.00240824744105, 0.000812319281977, -0.00189785892144, 0.002802077448, -0.00112813047599, -0.00316603202373, 0.00274607888423, -0.00140131812077, -0.00689969584346, 0.014254196547, -0.00572022143751, -0.000546588969883], [-0.000353849114617, 0.00164894526824, -0.000865394831635, 0.0013509929413, -0.00175377191044, 0.000701892771758, 0.000445198238594, -0.00257588503882, 0.00576539197937, -0.00351749267429, -0.00572022143751, 0.0179379265755, -0.00757052190602], [0.000288284063572, -0.00141474744305, 0.000882156717125, -0.00113767886069, 0.000651385344099, -0.000992272165604, 0.00159745814744, -0.00091627065558, -0.00319769140333, 0.00424116756767, -0.000546588969883, -0.00757052190602, 0.0117554496974]]}, "melbands": {"dmean": [0.00511755282059, 0.00345194293186, 0.00175053230487, 0.000779708323535, 0.000295243575238, 0.000153374639922, 0.000159946896019, 0.000160677896929, 8.4698520368e-05, 7.55236105761e-05, 6.47328561172e-05, 9.76347291726e-05, 5.19003151567e-05, 3.15522156598e-05, 2.71943335974e-05, 1.98596007976e-05, 2.07399953069e-05, 2.34774597629e-05, 1.86355136975e-05, 1.56787773449e-05, 9.19448939385e-06, 6.92981393513e-06, 7.37600021239e-06, 5.350003903e-06, 5.96500467509e-06, 5.61352726436e-06, 3.88438502341e-06, 4.64434879177e-06, 4.16715556639e-06, 3.89740034734e-06, 4.22806033384e-06, 3.61799857274e-06, 3.33819002662e-06, 3.56238501809e-06, 3.15554643748e-06, 2.56926682596e-06, 2.35891820921e-06, 1.8944878093e-06, 1.3371723071e-06, 1.01625312254e-06], "dmean2": [0.00687170308083, 0.00511661218479, 0.00271508237347, 0.00130984990392, 0.000528706412297, 0.0002702200145, 0.000267643656116, 0.000258515647147, 0.000136607326567, 0.0001173620185, 0.000103035075881, 0.000155503294081, 8.14365339465e-05, 4.97925902891e-05, 4.30131840403e-05, 3.1443520129e-05, 3.31934643327e-05, 3.88530315831e-05, 3.1794566894e-05, 2.72200031759e-05, 1.60122563102e-05, 1.19202722999e-05, 1.24321659314e-05, 9.15580312721e-06, 1.03080392364e-05, 9.61748719419e-06, 6.55400708638e-06, 7.87561202742e-06, 7.026953881e-06, 6.49628418614e-06, 7.03267960489e-06, 6.00745852353e-06, 5.51247740077e-06, 5.80950290896e-06, 5.17907710673e-06, 4.12922190662e-06, 3.84197119274e-06, 3.08815128847e-06, 2.12308782466e-06, 1.58246348292e-06], "dvar": [9.01193925529e-05, 5.76853672101e-05, 2.22732978727e-05, 6.7060350375e-06, 7.35128423912e-07, 1.95146398596e-07, 1.45718487943e-07, 1.14368567949e-07, 3.42147892241e-08, 3.0337989898e-08, 3.09674419441e-08, 8.82147546122e-08, 2.42401121398e-08, 8.80474360088e-09, 7.57330465007e-09, 2.85518009235e-09, 2.41065456486e-09, 4.01414990137e-09, 7.35730809609e-09, 7.10832948059e-09, 1.62284652383e-09, 3.98163862991e-10, 2.63881083651e-10, 2.81562662074e-10, 8.57772963769e-10, 2.82454087897e-10, 1.20967694195e-10, 2.07524816775e-10, 1.32017646814e-10, 1.37676550716e-10, 1.60119514869e-10, 9.46276251801e-11, 6.28360141697e-11, 7.37270314244e-11, 6.61579957484e-11, 4.13793929677e-11, 3.65732132079e-11, 2.60724011825e-11, 1.24412520217e-11, 7.03321689083e-12], "dvar2": [0.000158611292136, 0.000127888983116, 4.88051082357e-05, 1.58293296408e-05, 2.02529804483e-06, 5.52506890017e-07, 3.69974628711e-07, 2.79061879382e-07, 8.04327413562e-08, 6.74884077512e-08, 6.96054556215e-08, 2.10350890484e-07, 5.41501492535e-08, 2.02033856311e-08, 1.70601435201e-08, 6.44581099607e-09, 5.51771428547e-09, 1.00095087774e-08, 2.05981454116e-08, 2.04918126911e-08, 4.70252858875e-09, 1.1292723423e-09, 7.10600966958e-10, 8.05461974895e-10, 2.50292320203e-09, 7.97548749265e-10, 3.41910583179e-10, 5.83438242163e-10, 3.70455804921e-10, 3.86718629342e-10, 4.55608745176e-10, 2.46753284472e-10, 1.64452063078e-10, 1.81280448985e-10, 1.6475304454e-10, 9.92127630051e-11, 9.428472586e-11, 6.44182970855e-11, 3.03695298076e-11, 1.63024940769e-11], "max": [0.138558372855, 0.0681774839759, 0.0350622832775, 0.0467402264476, 0.0107203591615, 0.00704108923674, 0.00516690826043, 0.003543227911, 0.00378114101477, 0.00223292317241, 0.00345899607055, 0.00656382925808, 0.00322701688856, 0.00241255853325, 0.00250659557059, 0.00157054199371, 0.00154233421199, 0.00133495312184, 0.00188414030708, 0.00224442477338, 0.00115979684051, 0.000320119113894, 0.000197018438485, 0.000290551135549, 0.000603918277193, 0.000307769369101, 0.000185993791092, 0.0002378696081, 0.000160890675033, 0.000188963036635, 0.000168010912603, 0.000140617732541, 0.000116480950965, 0.000121097065858, 0.00016458616301, 0.00013050257985, 8.23141817818e-05, 7.43541895645e-05, 5.74467085244e-05, 5.137309563e-05], "mean": [0.0116942422464, 0.00575679121539, 0.00167766376399, 0.000701233686414, 0.000256867147982, 0.000146242411574, 0.000184847740456, 0.000227318843827, 0.000112422610982, 9.49518143898e-05, 7.80368209234e-05, 0.000118036885397, 6.3271880208e-05, 4.02661462431e-05, 3.34194337483e-05, 2.50263492489e-05, 2.86710655928e-05, 2.85250825982e-05, 1.93810465134e-05, 1.643268115e-05, 9.30479382077e-06, 6.8899598773e-06, 7.36920083e-06, 5.16575300935e-06, 5.64250876778e-06, 5.87791510043e-06, 4.33486911788e-06, 4.9547920753e-06, 4.40147641712e-06, 4.07834750149e-06, 4.27858594776e-06, 3.92043602915e-06, 3.6667479435e-06, 3.86324154533e-06, 3.51471408067e-06, 3.00023475575e-06, 2.40456301981e-06, 1.95852771867e-06, 1.3793708149e-06, 1.0624027027e-06], "median": [0.0044377008453, 0.00237930449657, 0.000175373628736, 9.19205194805e-05, 6.77536590956e-05, 3.73394068447e-05, 4.76597997476e-05, 6.61595113343e-05, 3.65363011952e-05, 2.74653139059e-05, 1.75727873284e-05, 2.06892091228e-05, 1.51644399011e-05, 1.13212945507e-05, 7.98940163804e-06, 6.780062904e-06, 6.51947857477e-06, 8.6602904048e-06, 4.91713399242e-06, 3.70547240891e-06, 2.27522218665e-06, 1.96914857042e-06, 1.91516960513e-06, 1.21271045828e-06, 1.27457428789e-06, 1.46645982113e-06, 1.20235199574e-06, 1.08300923785e-06, 7.92762193669e-07, 6.38733126834e-07, 6.25477582616e-07, 5.96143252096e-07, 4.90760612593e-07, 4.82683390146e-07, 4.89679791826e-07, 4.30860296774e-07, 3.09795325393e-07, 2.16633594619e-07, 1.62495751965e-07, 1.02036189276e-07], "min": [1.53301879844e-23, 5.45458819548e-24, 5.20897635264e-24, 4.65166663349e-24, 6.96001327054e-24, 1.63584555526e-23, 7.39842429634e-24, 5.38238494012e-24, 4.10086383351e-24, 4.63761307646e-24, 7.46489687166e-24, 6.24599514927e-24, 9.37443330036e-24, 1.21213944893e-23, 9.45519530211e-24, 7.37305058532e-24, 3.48116941625e-24, 4.80757473621e-24, 9.64567838945e-24, 9.15736244507e-24, 7.52425628819e-24, 8.65385698396e-24, 8.61727355948e-24, 5.80810753269e-24, 8.11086745681e-24, 1.06353627708e-23, 1.01945536078e-23, 9.56439810608e-24, 8.96774947131e-24, 9.84491941056e-24, 1.2764032926e-23, 8.08591578638e-24, 5.85763222032e-24, 9.6823028347e-24, 6.5365188156e-24, 6.7034023401e-24, 1.01320568915e-23, 8.45166088989e-24, 9.16932473184e-24, 1.00194722408e-23], "var": [0.000364075152902, 9.57962984103e-05, 2.29901324929e-05, 6.6451125349e-06, 4.92300955557e-07, 1.35916820909e-07, 1.67742783219e-07, 1.82177089414e-07, 5.31664063885e-08, 4.34737472688e-08, 4.37181739699e-08, 1.2144104744e-07, 3.32821734617e-08, 1.14146656571e-08, 1.03089385917e-08, 3.97032584587e-09, 4.55706539171e-09, 4.57896298656e-09, 5.39044453518e-09, 4.77603334659e-09, 1.00458119601e-09, 2.82050049982e-10, 2.30259949996e-10, 1.88330101514e-10, 5.12258679919e-10, 2.27213609039e-10, 9.66841051664e-11, 1.59453464321e-10, 1.09949598037e-10, 1.12696844912e-10, 1.25156190967e-10, 8.94840035404e-11, 6.58300358669e-11, 8.22294732306e-11, 6.82422590659e-11, 4.65765308266e-11, 3.4475998445e-11, 2.58934089448e-11, 1.31945808446e-11, 7.92682499501e-12]}, "mfcc": {"mean": [-694.50769043, 119.74230957, 14.6020069122, 15.3581132889, -0.449415415525, 11.710278511, 2.85724592209, 9.25854110718, 5.45926570892, 10.58735466, 3.60947203636, 4.1610121727, 3.56776428223], "cov": [[9485.06152344, -2467.24633789, 157.310745239, 540.65447998, 369.393829346, 504.52734375, 97.5211029053, -41.001335144, -248.322357178, -43.3647689819, -10.7368898392, -40.1546669006, -159.383682251], [-2467.24633789, 3149.8425293, 10.1726007462, 143.644561768, 562.244934082, 288.470947266, 248.624221802, 112.472259521, 218.181945801, 144.196380615, 156.842956543, 110.268203735, 202.216156006], [157.310745239, 10.1726007462, 2394.47485352, 676.951843262, 582.954284668, 459.570983887, 417.972137451, 375.865234375, 89.1854782104, -62.9807548523, -61.1485786438, -20.2504730225, -52.4731941223], [540.65447998, 143.644561768, 676.951843262, 774.306091309, 363.065551758, 249.633911133, 251.734664917, 201.779708862, 94.6094665527, 31.919708252, 23.5535011292, 41.629447937, 17.3795890808], [369.393829346, 562.244934082, 582.954284668, 363.065551758, 614.620605469, 419.420440674, 257.293487549, 182.799865723, 140.65461731, 78.1748275757, 82.8370285034, 64.982635498, 64.6806488037], [504.52734375, 288.470947266, 459.570983887, 249.633911133, 419.420440674, 472.342926025, 277.00402832, 164.70892334, 88.617401123, 69.0575256348, 86.5958023071, 73.1586074829, 59.149772644], [97.5211029053, 248.624221802, 417.972137451, 251.734664917, 257.293487549, 277.00402832, 335.173828125, 228.727554321, 103.250762939, 58.4651107788, 67.3341903687, 57.0488204956, 45.5222816467], [-41.001335144, 112.472259521, 375.865234375, 201.779708862, 182.799865723, 164.70892334, 228.727554321, 293.10949707, 178.706680298, 86.8421173096, 48.9203033447, 30.3098583221, 24.9566841125], [-248.322357178, 218.181945801, 89.1854782104, 94.6094665527, 140.65461731, 88.617401123, 103.250762939, 178.706680298, 228.814834595, 149.740509033, 74.065284729, 26.6231765747, 35.282535553], [-43.3647689819, 144.196380615, -62.9807548523, 31.919708252, 78.1748275757, 69.0575256348, 58.4651107788, 86.8421173096, 149.740509033, 204.785385132, 134.725418091, 55.8748512268, 45.6690330505], [-10.7368898392, 156.842956543, -61.1485786438, 23.5535011292, 82.8370285034, 86.5958023071, 67.3341903687, 48.9203033447, 74.065284729, 134.725418091, 212.161102295, 141.913314819, 60.1185455322], [-40.1546669006, 110.268203735, -20.2504730225, 41.629447937, 64.982635498, 73.1586074829, 57.0488204956, 30.3098583221, 26.6231765747, 55.8748512268, 141.913314819, 186.323410034, 114.093338013], [-159.383682251, 202.216156006, -52.4731941223, 17.3795890808, 64.6806488037, 59.149772644, 45.5222816467, 24.9566841125, 35.282535553, 45.6690330505, 60.1185455322, 114.093338013, 162.48651123]], "icov": [[0.000194691339857, 0.000194890570128, 0.000112298141175, -0.000122348166769, -0.000285160727799, -0.000210516809602, 9.01660314412e-05, -0.000109218686703, 0.000451789383078, -0.000217680542846, 6.41385668132e-06, 8.49955176818e-05, 8.0469159002e-05], [0.000194890570128, 0.000666120671667, 0.000173904860276, -1.80827773875e-05, -0.00088904396398, 0.000179217560799, -0.000468822283437, 0.000451082305517, -0.000103505153675, 0.000150456529809, -0.000407880317653, 0.000562903645914, -0.000493163592182], [0.000112298141175, 0.000173904860276, 0.000851529999636, -0.000328545545926, -0.000704727775883, -0.000187445650226, 1.5803892893e-05, -0.000986749655567, 0.000822437868919, 3.85316088796e-05, 0.000390893081203, -0.000155145738972, 0.000474652129924], [-0.000122348166769, -1.80827773875e-05, -0.000328545545926, 0.00231345836073, -0.00107548944652, 0.000871177588124, -0.0011225133203, -5.31318437424e-05, -6.14203963778e-05, -0.000430993793998, 0.000983471283689, -0.0011276374571, 0.000544965208974], [-0.000285160727799, -0.00088904396398, -0.000704727775883, -0.00107548944652, 0.00687216687948, -0.00440367590636, 0.00104593217839, 0.00092930853134, -0.00320216664113, 0.00176542426925, -0.00119131116662, 0.000799887347966, -0.000775884196628], [-0.000210516809602, 0.000179217560799, -0.000187445650226, 0.000871177588124, -0.00440367590636, 0.00837306678295, -0.00486968411133, 0.00134089542553, 0.000683174468577, -0.0010842155898, 0.000173553053173, -0.000641352555249, -0.00017747018137], [9.01660314412e-05, -0.000468822283437, 1.5803892893e-05, -0.0011225133203, 0.00104593217839, -0.00486968411133, 0.0125618558377, -0.00913528259844, 0.0043186894618, -1.52681186592e-05, -0.00175117258914, 0.00106990814675, -0.000999620184302], [-0.000109218686703, 0.000451082305517, -0.000986749655567, -5.31318437424e-05, 0.00092930853134, 0.00134089542553, -0.00913528259844, 0.0169883500785, -0.0123514188454, 0.00285392208025, 0.00042782005039, -0.00090694060782, 0.00046893270337], [0.000451789383078, -0.000103505153675, 0.000822437868919, -6.14203963778e-05, -0.00320216664113, 0.000683174468577, 0.0043186894618, -0.0123514188454, 0.0207582619041, -0.0117840906605, 0.00304014398716, -0.000167923557456, 0.000354970834451], [-0.000217680542846, 0.000150456529809, 3.85316088796e-05, -0.000430993793998, 0.00176542426925, -0.0010842155898, -1.52681186592e-05, 0.00285392208025, -0.0117840906605, 0.0196807645261, -0.0136625990272, 0.00858177803457, -0.0050279321149], [6.41385668132e-06, -0.000407880317653, 0.000390893081203, 0.000983471283689, -0.00119131116662, 0.000173553053173, -0.00175117258914, 0.00042782005039, 0.00304014398716, -0.0136625990272, 0.0236720200628, -0.0191412027925, 0.0092327715829], [8.49955176818e-05, 0.000562903645914, -0.000155145738972, -0.0011276374571, 0.000799887347966, -0.000641352555249, 0.00106990814675, -0.00090694060782, -0.000167923557456, 0.00858177803457, -0.0191412027925, 0.0258099064231, -0.0142085030675], [8.0469159002e-05, -0.000493163592182, 0.000474652129924, 0.000544965208974, -0.000775884196628, -0.00017747018137, -0.000999620184302, 0.00046893270337, 0.000354970834451, -0.0050279321149, 0.0092327715829, -0.0142085030675, 0.0154203670099]]}, "spectral_contrast_coeffs": {"dmean": [0.0576463751495, 0.0547117963433, 0.0488533824682, 0.037129227072, 0.026582447812, 0.0230111144483], "dmean2": [0.0858060717583, 0.0863109454513, 0.0776764824986, 0.0583527423441, 0.041332308203, 0.0365460291505], "dvar": [0.00343971000984, 0.0024042641744, 0.00189244130161, 0.00117570080329, 0.00068493001163, 0.000578820356168], "dvar2": [0.00674923043698, 0.00566532323137, 0.00441665668041, 0.00265432382002, 0.00140083779115, 0.00139023095835], "max": [-0.253727436066, -0.35520195961, -0.406163156033, -0.505495131016, -0.508510768414, -0.573901057243], "mean": [-0.657069206238, -0.727377891541, -0.760439276695, -0.78860270977, -0.807759642601, -0.777643203735], "median": [-0.686278760433, -0.738338410854, -0.77634036541, -0.803469419479, -0.818221747875, -0.777474403381], "min": [-0.960671901703, -0.963627338409, -0.9670612216, -0.958249270916, -0.960680067539, -0.959588885307], "var": [0.016580004245, 0.00737918308005, 0.00664028851315, 0.00430878158659, 0.00242377095856, 0.00213606236503]}, "spectral_contrast_valleys": {"dmean": [0.606326043606, 0.56965726614, 0.56137496233, 0.544443786144, 0.539637923241, 0.582463800907], "dmean2": [0.836645245552, 0.897571325302, 0.880060017109, 0.811616420746, 0.757124304771, 0.781323671341], "dvar": [0.616288423538, 0.436391353607, 0.409729391336, 0.438732564449, 0.444634050131, 0.561910629272], "dvar2": [0.927069842815, 0.89794677496, 0.869317948818, 0.874504506588, 0.844382882118, 1.00178229809], "max": [-4.74980401993, -4.3276591301, -5.05725431442, -5.54590415955, -5.10787248611, -7.26245260239], "mea