{"lowlevel": {"average_loudness": 0.946691036224, "barkbands_crest": {"dmean": 2.466360569, "dmean2": 3.88496112823, "dvar": 6.22773933411, "dvar2": 15.7424430847, "max": 25.7656822205, "mean": 12.9853487015, "median": 12.2510604858, "min": 2.7545645237, "var": 22.4834537506}, "barkbands_flatness_db": {"dmean": 0.0332947969437, "dmean2": 0.0449817217886, "dvar": 0.00115621532314, "dvar2": 0.00218523084186, "max": 0.72074764967, "mean": 0.208242401481, "median": 0.194917663932, "min": 0.0290619041771, "var": 0.00892268586904}, "barkbands_kurtosis": {"dmean": 8.20857715607, "dmean2": 12.6125202179, "dvar": 308.813415527, "dvar2": 781.773681641, "max": 612.251586914, "mean": 19.8524742126, "median": 10.8985805511, "min": -1.84032666683, "var": 1549.74938965}, "barkbands_skewness": {"dmean": 0.753440022469, "dmean2": 1.13598406315, "dvar": 0.765357613564, "dvar2": 1.79470455647, "max": 21.0816860199, "mean": 2.96327614784, "median": 2.64420485497, "min": -2.10504817963, "var": 3.76432347298}, "barkbands_spread": {"dmean": 4.16496610641, "dmean2": 6.24217939377, "dvar": 41.0356674194, "dvar2": 92.2764358521, "max": 91.8660202026, "mean": 11.6748781204, "median": 8.12314796448, "min": 0.0707845240831, "var": 127.512893677}, "dissonance": {"dmean": 0.0269280746579, "dmean2": 0.0427374988794, "dvar": 0.0006732759648, "dvar2": 0.0015091910027, "max": 0.499999970198, "mean": 0.427816987038, "median": 0.438048690557, "min": 0.202476844192, "var": 0.00250953203067}, "dynamic_complexity": 3.62919831276, "erbbands_crest": {"dmean": 2.70042991638, "dmean2": 4.16072559357, "dvar": 7.95609331131, "dvar2": 17.1457099915, "max": 30.0550899506, "mean": 10.981883049, "median": 10.1173000336, "min": 2.37741422653, "var": 26.413022995}, "erbbands_flatness_db": {"dmean": 0.0255083758384, "dmean2": 0.0339447371662, "dvar": 0.000787701341324, "dvar2": 0.00141005159821, "max": 0.4568798244, "mean": 0.163118466735, "median": 0.148051023483, "min": 0.0460240468383, "var": 0.00537295360118}, "erbbands_kurtosis": {"dmean": 2.91986584663, "dmean2": 4.33150053024, "dvar": 44.3691978455, "dvar2": 89.1578216553, "max": 186.883712769, "mean": 5.20022678375, "median": 1.74089789391, "min": -1.84469938278, "var": 215.481781006}, "erbbands_skewness": {"dmean": 0.489985585213, "dmean2": 0.713897585869, "dvar": 0.307209223509, "dvar2": 0.576940894127, "max": 10.4208545685, "mean": 1.4446542263, "median": 1.25554871559, "min": -1.62084317207, "var": 1.71667170525}, "erbbands_spread": {"dmean": 10.2491569519, "dmean2": 14.9312448502, "dvar": 159.022964478, "dvar2": 319.472900391, "max": 154.523193359, "mean": 39.0774078369, "median": 30.4591274261, "min": 0.801205277443, "var": 806.338378906}, "hfc": {"dmean": 6.74372959137, "dmean2": 9.51425075531, "dvar": 178.636703491, "dvar2": 407.465301514, "max": 162.296081543, "mean": 13.0090990067, "median": 8.1656999588, "min": 1.18852036799e-16, "var": 266.524505615}, "melbands_crest": {"dmean": 2.6853055954, "dmean2": 4.26344537735, "dvar": 7.38206100464, "dvar2": 19.0717010498, "max": 35.1359176636, "mean": 16.5895767212, "median": 16.4229373932, "min": 1.53784418106, "var": 23.9285945892}, "melbands_flatness_db": {"dmean": 0.036688786, "dmean2": 0.0493382699788, "dvar": 0.00137903960422, "dvar2": 0.00267439172603, "max": 0.890774548054, "mean": 0.305218845606, "median": 0.293993115425, "min": 0.00355330156162, "var": 0.0120681030676}, "melbands_kurtosis": {"dmean": 13.6986341476, "dmean2": 21.1404933929, "dvar": 1033.81604004, "dvar2": 2685.43945312, "max": 1298.40795898, "mean": 33.8650512695, "median": 18.7055416107, "min": -1.24452495575, "var": 2825.60375977}, "melbands_skewness": {"dmean": 0.921694040298, "dmean2": 1.38177275658, "dvar": 1.25081241131, "dvar2": 2.81314897537, "max": 25.0283489227, "mean": 3.59946608543, "median": 3.09571003914, "min": -1.1379404068, "var": 5.70315504074}, "melbands_spread": {"dmean": 3.08749079704, "dmean2": 4.67533349991, "dvar": 26.3839817047, "dvar2": 56.7960014343, "max": 138.161254883, "mean": 9.30428123474, "median": 6.33783245087, "min": 0.223577305675, "var": 146.271774292}, "pitch_salience": {"dmean": 0.0672182962298, "dmean2": 0.105147056282, "dvar": 0.00493834167719, "dvar2": 0.0123216789216, "max": 0.955958783627, "mean": 0.480708420277, "median": 0.476860910654, "min": 0.041429400444, "var": 0.0174158625305}, "silence_rate_20dB": {"dmean": 0, "dmean2": 0, "dvar": 0, "dvar2": 0, "max": 1, "mean": 1, "median": 1, "min": 1, "var": 0}, "silence_rate_30dB": {"dmean": 0.0467897988856, "dmean2": 0.0935960561037, "dvar": 0.044598184526, "dvar2": 0.101022772491, "max": 1, "mean": 0.95673584938, "median": 1, "min": 0, "var": 0.0413933768868}, "silence_rate_60dB": {"dmean": 0.0249780118465, "dmean2": 0.0499648116529, "dvar": 0.024355718866, "dvar2": 0.0527514703572, "max": 1, "mean": 0.0735138952732, "median": 0, "min": 0, "var": 0.0681070908904}, "spectral_centroid": {"dmean": 150.222808838, "dmean2": 220.619262695, "dvar": 56422.46875, "dvar2": 108264.195312, "max": 11531.3496094, "mean": 713.30670166, "median": 560.499206543, "min": 81.816116333, "var": 328207.65625}, "spectral_complexity": {"dmean": 3.53878617287, "dmean2": 5.11928224564, "dvar": 25.1400337219, "dvar2": 44.1165313721, "max": 49, "mean": 10.6408720016, "median": 8, "min": 0, "var": 59.3774795532}, "spectral_decrease": {"dmean": 3.82997011883e-09, "dmean2": 6.05195316083e-09, "dvar": 6.33034771516e-17, "dvar2": 1.63097821885e-16, "max": 2.75314271438e-19, "mean": -8.98296903529e-09, "median": -7.26131865747e-09, "min": -9.33062693775e-08, "var": 7.92231040533e-17}, "spectral_energy": {"dmean": 0.0149542437866, "dmean2": 0.0235138665885, "dvar": 0.000942047976423, "dvar2": 0.00241804472171, "max": 0.358579546213, "mean": 0.0350837484002, "median": 0.028203740716, "min": 1.04705087392e-20, "var": 0.00119584659114}, "spectral_energyband_high": {"dmean": 0.000362862250768, "dmean2": 0.000538577849511, "dvar": 1.08287770217e-06, "dvar2": 2.57617921307e-06, "max": 0.0133509524167, "mean": 0.000515198393259, "median": 0.000147243175888, "min": 7.65601539592e-21, "var": 1.32968193611e-06}, "spectral_energyband_low": {"dmean": 0.00926065258682, "dmean2": 0.0157825984061, "dvar": 0.000676134834066, "dvar2": 0.00183028227184, "max": 0.310554146767, "mean": 0.0187327098101, "median": 0.0164411775768, "min": 2.05173838874e-23, "var": 0.00058420636924}, "spectral_energyband_middle_high": {"dmean": 0.000972408917733, "dmean2": 0.00142073747702, "dvar": 3.49466267835e-06, "dvar2": 7.18595856597e-06, "max": 0.0271430183202, "mean": 0.00141091202386, "median": 0.000508001539856, "min": 1.1749632081e-21, "var": 5.2719933592e-06}, "spectral_energyband_middle_low": {"dmean": 0.00729340035468, "dmean2": 0.0105551583692, "dvar": 0.00018385706062, "dvar2": 0.000423536344897, "max": 0.183096840978, "mean": 0.0156002128497, "median": 0.00984485074878, "min": 2.08411371361e-22, "var": 0.000343042687746}, "spectral_entropy": {"dmean": 0.301486551762, "dmean2": 0.400571882725, "dvar": 0.117168262601, "dvar2": 0.21146003902, "max": 9.80838871002, "mean": 7.02149534225, "median": 7.18608283997, "min": 3.54178857803, "var": 0.713949561119}, "spectral_flux": {"dmean": 0.0345045700669, "dmean2": 0.0515609793365, "dvar": 0.00240969588049, "dvar2": 0.00488667050377, "max": 0.489324748516, "mean": 0.0735001564026, "median": 0.0513867251575, "min": 6.86550191697e-11, "var": 0.00469747371972}, "spectral_kurtosis": {"dmean": 3.52659487724, "dmean2": 5.30988502502, "dvar": 33.5668258667, "dvar2": 79.6194992065, "max": 102.085792542, "mean": 8.37572383881, "median": 4.89548397064, "min": -1.23003268242, "var": 106.361656189}, "spectral_rms": {"dmean": 0.00103268504608, "dmean2": 0.00152654387057, "dvar": 2.5919964628e-06, "dvar2": 6.13907650404e-06, "max": 0.0187038425356, "mean": 0.00527654029429, "median": 0.00524555472657, "min": 3.19611177801e-12, "var": 6.38611527393e-06}, "spectral_rolloff": {"dmean": 265.794403076, "dmean2": 456.658813477, "dvar": 741749, "dvar2": 1857568.625, "max": 19659.8144531, "mean": 766.496765137, "median": 366.064453125, "min": 64.599609375, "var": 3294771.75}, "spectral_skewness": {"dmean": 0.382131695747, "dmean2": 0.545856356621, "dvar": 0.220286920667, "dvar2": 0.484296441078, "max": 8.66389369965, "mean": 2.19825029373, "median": 1.97152900696, "min": -0.0453811623156, "var": 1.07847738266}, "spectral_spread": {"dmean": 918823.3125, "dmean2": 1237700.625, "dvar": 1333183905790.0, "dvar2": 2436668063740.0, "max": 41557912, "mean": 5408907.5, "median": 5468295, "min": 934828.5, "var": 4934927384580.0}, "spectral_strongpeak": {"dmean": 0.297026306391, "dmean2": 0.502072513103, "dvar": 0.25273129344, "dvar2": 0.575769543648, "max": 5.26224088669, "mean": 0.628455758095, "median": 0.40538790822, "min": 0, "var": 0.401916354895}, "zerocrossingrate": {"dmean": 0.0100042261183, "dmean2": 0.0115445358679, "dvar": 0.000162404481671, "dvar2": 0.000185854849406, "max": 0.52587890625, "mean": 0.0420715361834, "median": 0.02978515625, "min": 0.001953125, "var": 0.00249990308657}, "barkbands": {"dmean": [0.000124431986478, 0.00740964105353, 0.00226578488946, 0.00163705903105, 0.00328682875261, 0.00236785714515, 0.000748364080209, 0.000826631498057, 0.000519354245625, 0.000387166393921, 0.000157053320436, 0.000132555171149, 0.000130531596369, 8.6874992121e-05, 0.000122426878079, 0.000102357611468, 5.52877027076e-05, 3.70750967704e-05, 4.33833884017e-05, 4.82302493765e-05, 4.71998173452e-05, 6.69874498271e-05, 7.23434277461e-05, 3.16808036587e-05, 5.72961325815e-05, 9.36825090321e-05, 9.25429503695e-06], "dmean2": [0.000184579563211, 0.0125079993159, 0.00397149845958, 0.0027685018722, 0.00495946966112, 0.00349122541957, 0.00113687897101, 0.0013316150289, 0.000755732762627, 0.000589713687077, 0.000252129946603, 0.000207063509151, 0.000217475375393, 0.000130114276544, 0.000184874632396, 0.000164236669661, 8.96195342648e-05, 5.82190514251e-05, 7.14032939868e-05, 7.62020063121e-05, 7.24592027836e-05, 0.000103971695353, 0.000108869215182, 4.87459510623e-05, 8.65619003889e-05, 0.00014815517352, 1.33998137244e-05], "dvar": [9.63493675954e-08, 0.000424708152423, 4.31872795161e-05, 2.07101693377e-05, 6.20135324425e-05, 2.31055000768e-05, 2.44589250542e-06, 5.13747863806e-06, 1.45365822846e-06, 2.23805182031e-06, 1.14768205606e-07, 9.64704724993e-08, 1.1461049354e-07, 3.06983167775e-08, 5.70577185499e-08, 8.26639663387e-08, 2.29879582037e-08, 6.70132571656e-09, 1.34905651095e-08, 2.54144545409e-08, 8.9820177962e-09, 3.76545443714e-08, 3.34911973709e-08, 9.53706447149e-09, 2.33170318609e-08, 1.57874126216e-07, 3.45164646864e-10], "dvar2": [2.0778603016e-07, 0.00114448764361, 0.000124632410007, 5.64607762499e-05, 0.000130187763716, 5.12515725859e-05, 5.57329440198e-06, 1.27813609652e-05, 2.97328347187e-06, 4.9201503316e-06, 2.60147544395e-07, 2.09519782857e-07, 2.99740150922e-07, 6.90929553571e-08, 1.22039651274e-07, 1.84107264545e-07, 5.92349387318e-08, 1.54252894902e-08, 3.59457068555e-08, 6.01617102802e-08, 2.03534362697e-08, 9.55732133434e-08, 7.53389102215e-08, 2.50708040994e-08, 5.76095260385e-08, 3.78900296027e-07, 7.8158995942e-10], "max": [0.00655936356634, 0.249831914902, 0.0834544599056, 0.0548795051873, 0.123235657811, 0.0847744941711, 0.0282298531383, 0.0400704741478, 0.0238247644156, 0.03933333233, 0.00536031182855, 0.00596882076934, 0.00712265260518, 0.00258903601207, 0.00374853424728, 0.00896268244833, 0.00383360730484, 0.00150520994794, 0.00244332267903, 0.00462776655331, 0.00299597484991, 0.00251593836583, 0.00231599621475, 0.00140558730345, 0.00186049973127, 0.00641010375693, 0.000210924816201], "mean": [0.000193208907149, 0.012771319598, 0.00471854535863, 0.00203840900213, 0.00506006926298, 0.00509305717424, 0.00116173794959, 0.00112024124246, 0.000882142805494, 0.000477731635328, 0.000182242845767, 0.000145834026625, 0.000138895062264, 0.000108844666102, 0.000152428256115, 0.000110758730443, 6.26654873486e-05, 4.82825344079e-05, 6.16344696027e-05, 6.88379586791e-05, 8.28961274237e-05, 8.83295870153e-05, 9.32165276026e-05, 4.94100822834e-05, 7.10055683157e-05, 8.8752618467e-05, 1.32477543957e-05], "median": [5.87493777857e-05, 0.00851967930794, 0.00285222288221, 0.000868005910888, 0.00160978094209, 0.00256612338126, 0.000404725258704, 0.000263250083663, 0.000280422333162, 0.000109911612526, 4.10180800827e-05, 1.80246061063e-05, 2.64054069703e-05, 2.45706578426e-05, 4.00679309678e-05, 1.98474153876e-05, 1.89178354049e-05, 1.46172424138e-05, 1.70663897734e-05, 1.44196965266e-05, 2.357066478e-05, 2.54926690104e-05, 2.10940597754e-05, 1.20145559777e-05, 2.00301801669e-05, 1.14380136438e-05, 2.59087255472e-06], "min": [4.50306772148e-24, 1.13262439961e-23, 4.68352557e-24, 8.8925173845e-25, 2.75898043149e-23, 3.3018164463e-23, 4.56715280927e-23, 2.70106825917e-23, 3.24350195492e-23, 4.15029819656e-23, 1.93362145654e-23, 6.16909359613e-23, 1.09593416336e-22, 6.72460629014e-23, 5.91082747774e-23, 1.04706864791e-22, 1.11237162649e-22, 1.05396108341e-22, 1.87602243045e-22, 2.97308952429e-22, 3.61622573221e-22, 3.9948148481e-22, 3.98744751834e-22, 9.04687698482e-22, 9.62089408375e-22, 1.47394043095e-21, 2.34281641918e-21], "var": [1.48131320543e-07, 0.0003687570279, 4.24858844781e-05, 1.907265505e-05, 0.000101663026726, 5.37134073966e-05, 4.11631617681e-06, 6.41887982056e-06, 3.5097602904e-06, 2.62166508946e-06, 1.44958463011e-07, 1.31394131131e-07, 1.12718673506e-07, 4.1194418543e-08, 7.98064831997e-08, 9.11232405088e-08, 2.08656540934e-08, 9.51353396061e-09, 1.84587296559e-08, 3.15130002093e-08, 2.39509070354e-08, 4.05690308014e-08, 4.66726177706e-08, 1.20434835438e-08, 2.59041854633e-08, 1.43580194845e-07, 5.96735549863e-10]}, "erbbands": {"dmean": [0.194848030806, 1.73409020901, 2.80202364922, 3.85270476341, 5.66813898087, 11.8329248428, 21.7395915985, 19.4742202759, 11.2000627518, 17.3919353485, 11.2526912689, 13.9932851791, 12.3564872742, 7.67542266846, 6.52941942215, 5.70322084427, 6.36742401123, 4.54037570953, 6.09585618973, 5.94318199158, 4.63574647903, 2.75541543961, 2.30340051651, 2.09101009369, 2.30299782753, 2.40600275993, 1.94207084179, 2.136926651, 2.31213784218, 1.38581836224, 2.28881907463, 1.32177066803, 0.358490496874, 0.515780389309, 0.517450034618, 0.71148788929, 0.0752089172602, 0.0114072859287, 0.00131416425575, 0.000128660438349], "dmean2": [0.318074852228, 2.9814350605, 4.94549322128, 6.66535949707, 9.54086971283, 17.2114028931, 32.5406417847, 28.1536598206, 16.2241458893, 27.4868659973, 17.5499343872, 20.078918457, 18.8118419647, 11.8607368469, 10.2931079865, 8.78931045532, 10.4803619385, 6.88039827347, 9.30401992798, 9.16080188751, 7.35965538025, 4.42586326599, 3.59454751015, 3.35584425926, 3.78483629227, 3.72725248337, 3.0842871666, 3.26449251175, 3.57783007622, 2.18914175034, 3.49643778801, 2.0318543911, 0.527419865131, 0.787952244282, 0.787163317204, 1.14152216911, 0.11453320086, 0.0172472000122, 0.00185731914826, 0.00018655488384], "dvar": [0.274535804987, 24.2165985107, 68.2978591919, 103.8358078, 319.030273438, 875.745178223, 2866.5456543, 1362.97546387, 499.567993164, 1897.89941406, 743.401489258, 1092.98291016, 3119.22924805, 325.917144775, 210.216186523, 195.986740112, 283.767578125, 78.2498321533, 137.94833374, 185.818405151, 149.111572266, 52.0219230652, 25.2651748657, 23.9079627991, 39.1967391968, 91.4490432739, 21.3635597229, 23.4225597382, 39.1198043823, 15.0055913925, 33.4164237976, 20.7355155945, 0.556991457939, 2.72726154327, 1.82629156113, 9.21840763092, 0.0881780385971, 0.00108528533019, 6.43732801109e-06, 7.22138935316e-08], "dvar2": [0.68444031477, 67.2847061157, 194.551086426, 295.473114014, 882.278869629, 1692.16796875, 6743.51025391, 2885.31176758, 1097.59899902, 4594.01708984, 1728.12878418, 2149.07275391, 6863.6328125, 724.889404297, 456.240936279, 427.319152832, 744.358520508, 175.625, 314.955963135, 406.755187988, 340.131439209, 134.023849487, 60.0376548767, 61.7105255127, 103.675331116, 209.135467529, 50.2540092468, 55.8334083557, 97.6039886475, 39.710105896, 77.1468658447, 52.6227798462, 1.27211272717, 6.91643619537, 4.44616603851, 22.0321922302, 0.216790661216, 0.00276495842263, 1.38605064421e-05, 1.6758201582e-07], "max": [5.96238470078, 61.160785675, 98.435043335, 107.473236084, 237.686065674, 490.130187988, 1113.02978516, 667.901977539, 431.242950439, 749.407714844, 785.723388672, 722.379882812, 1544.25769043, 568.312561035, 260.683990479, 302.707672119, 360.925628662, 132.61239624, 211.279815674, 225.910308838, 322.942718506, 150.941574097, 74.3161392212, 68.0907974243, 128.425247192, 303.238128662, 182.991699219, 72.751121521, 74.94165802, 59.6902389526, 71.286026001, 63.7665290833, 11.4628324509, 23.0773696899, 15.2067527771, 49.6299324036, 4.4782037735, 0.423055529594, 0.0308602917939, 0.00264744157903], "mean": [0.317110002041, 3.01984143257, 6.00634908676, 6.07722091675, 6.74425888062, 19.2333068848, 36.9879570007, 44.0776863098, 20.852273941, 23.6522140503, 17.8860931396, 24.5200443268, 16.0151844025, 10.0739917755, 7.88889217377, 6.55112838745, 6.90213346481, 6.04422807693, 7.61570692062, 6.95740032196, 5.01195192337, 3.16962885857, 3.04694771767, 2.90172886848, 3.30307745934, 3.50289082527, 3.44092011452, 3.21194076538, 3.09737420082, 2.06073451042, 2.85211086273, 1.6744594574, 0.640158176422, 0.689062356949, 0.596846997738, 0.631391406059, 0.0838819816709, 0.0147990668193, 0.00203007343225, 0.000194777705474], "median": [0.142512500286, 2.10181951523, 3.81264090538, 3.77845644951, 2.08188533783, 5.76024150848, 12.8384990692, 22.4658889771, 9.64043045044, 7.01793670654, 5.07536363602, 8.0977640152, 4.54456806183, 2.50774478912, 1.96499943733, 1.04278898239, 1.38527274132, 1.56984627247, 2.11091423035, 1.62290263176, 1.06956231594, 0.965215086937, 0.988252520561, 0.966199696064, 0.8653819561, 0.812208175659, 0.765083551407, 1.06069290638, 0.918639957905, 0.615198671818, 0.652294754982, 0.334437400103, 0.166363567114, 0.182898521423, 0.146184518933, 0.0645195841789, 0.0158624090254, 0.00340167619288, 0.00042258008034, 6.68206048431e-05], "min": [5.59896564457e-22, 1.40256813327e-21, 4.34185326383e-21, 5.03523700841e-21, 5.85931965185e-20, 7.25938940079e-20, 1.43968329922e-19, 3.32461620869e-19, 7.16520390206e-19, 3.66642248894e-19, 7.2442999462e-19, 7.51557848098e-19, 7.17938591366e-19, 1.65192062871e-18, 1.26742939901e-18, 3.04259590648e-18, 3.5827740046e-18, 4.28045122045e-18, 3.57484837356e-18, 3.43781866726e-18, 7.85825304238e-18, 6.62688923507e-18, 7.70749027676e-18, 7.98392576567e-18, 9.68248076936e-18, 1.33291263521e-17, 1.52253543612e-17, 1.36934927945e-17, 1.17086720875e-17, 1.54982892217e-17, 1.27989755442e-17, 1.64375081395e-17, 1.61740974365e-17, 8.25906175383e-18, 9.37637844778e-18, 5.26983243855e-18, 2.67731977222e-18, 1.17461621876e-18, 2.9993874034e-19, 3.44543311036e-20], "var": [0.281173050404, 19.5691108704, 62.5657043457, 88.2592697144, 272.338867188, 1602.78637695, 4671.20605469, 3849.00732422, 1014.44995117, 2232.38330078, 1660.76928711, 2765.81640625, 3587.89306641, 484.09777832, 277.022705078, 271.840942383, 268.56552124, 110.693214417, 185.350006104, 224.581039429, 158.364990234, 47.6950340271, 32.8932647705, 29.6053104401, 54.7854042053, 112.020652771, 55.7501525879, 34.1874465942, 45.8887023926, 18.4725704193, 43.6471748352, 21.979259491, 1.33241987228, 3.00295376778, 1.95826816559, 8.24952220917, 0.083793528378, 0.00121407548431, 1.31485203383e-05, 1.0235266501e-07]}, "gfcc": {"mean": [-48.600566864, 93.7122879028, -69.1546630859, 22.6729888916, -57.8419036865, 3.33416032791, -35.9288063049, 3.69051361084, -15.9644355774, 8.88166809082, -15.1318063736, 4.89160060883, -5.7296037674], "cov": [[16319.6396484, 103.241600037, 538.976867676, 321.672363281, -538.892028809, 570.895996094, -188.866470337, 367.474761963, -190.064971924, 333.973022461, -270.530761719, 71.0671081543, -302.91217041], [103.241600037, 2384.57543945, 455.062744141, 300.245330811, 561.698059082, 42.6427230835, 228.432998657, -35.0516052246, 216.40562439, -71.9097213745, 128.320159912, -68.5436553955, 104.121032715], [538.976867676, 455.062744141, 1563.05078125, 1026.1159668, 687.348876953, 457.875244141, 360.852203369, 160.49949646, 67.1379013062, 33.0754013062, 30.4734668732, -66.7459945679, -74.2595825195], [321.672363281, 300.245330811, 1026.1159668, 1249.66918945, 636.269226074, 338.426177979, 371.222045898, 137.545089722, 59.6479454041, 10.1570959091, 86.0357284546, -103.482147217, -51.1454582214], [-538.892028809, 561.698059082, 687.348876953, 636.269226074, 765.593200684, 343.543243408, 324.247467041, 73.6303253174, 102.192840576, -16.4133815765, 56.0211677551, -87.0166854858, -17.8126945496], [570.895996094, 42.6427230835, 457.875244141, 338.426177979, 343.543243408, 419.069915771, 202.559280396, 113.530715942, 38.7209625244, 50.6057510376, -17.6918983459, -2.17597603798, -46.2107315063], [-188.866470337, 228.432998657, 360.852203369, 371.222045898, 324.247467041, 202.559280396, 291.903533936, 113.551139832, 73.6697921753, 7.15642309189, 42.6878509521, -51.0921707153, -5.91837024689], [367.474761963, -35.0516052246, 160.49949646, 137.545089722, 73.6303253174, 113.530715942, 113.551139832, 147.634689331, 53.8320426941, 41.5126152039, -6.10352706909, -14.1273174286, -28.6340732574], [-190.064971924, 216.40562439, 67.1379013062, 59.6479454041, 102.192840576, 38.7209625244, 73.6697921753, 53.8320426941, 117.516677856, 30.0697784424, 19.5527038574, -14.4240665436, 11.8101501465], [333.973022461, -71.9097213745, 33.0754013062, 10.1570959091, -16.4133815765, 50.6057510376, 7.15642309189, 41.5126152039, 30.0697784424, 86.9731292725, 20.435338974, 19.0649528503, -10.8779802322], [-270.530761719, 128.320159912, 30.4734668732, 86.0357284546, 56.0211677551, -17.6918983459, 42.6878509521, -6.10352706909, 19.5527038574, 20.435338974, 95.0701522827, 23.4372711182, 25.7012233734], [71.0671081543, -68.5436553955, -66.7459945679, -103.482147217, -87.0166854858, -2.17597603798, -51.0921707153, -14.1273174286, -14.4240665436, 19.0649528503, 23.4372711182, 102.988586426, 41.5331077576], [-302.91217041, 104.121032715, -74.2595825195, -51.1454582214, -17.8126945496, -46.2107315063, -5.91837024689, -28.6340732574, 11.8101501465, -10.8779802322, 25.7012233734, 41.5331077576, 93.4111404419]], "icov": [[0.000108459855255, -0.000139406998642, 3.85255807487e-05, -0.000134491972858, 0.00020037475042, -0.000186548408237, 0.000170225757756, -0.00029913338949, 0.000430373678682, -0.000449651153758, 0.000339442369295, -6.67105996399e-05, 0.00015859476116], [-0.000139406998642, 0.000911939830985, -0.000315705110552, 0.000416596012656, -0.000553555262741, 0.0002619336301, -0.000120790362416, 0.00081351341214, -0.00185493892059, 0.00146049621981, -0.00129981408827, 0.00055949029047, -0.000712231732905], [3.85255807487e-05, -0.000315705110552, 0.0018474846147, -0.00123641139362, -0.000519222929142, -0.000262412213488, -0.00011410015577, -0.000380881741876, 0.000763677177019, -0.000954550807364, 0.00146735890303, -0.00122797023505, 0.000850297801662], [-0.000134491972858, 0.000416596012656, -0.00123641139362, 0.00268303789198, -0.000845411908813, 8.42754961923e-05, -0.000639331177808, -0.000258345709881, 4.19083480665e-05, 0.00113123597112, -0.00274078990333, 0.00186207145452, -0.000600968080107], [0.00020037475042, -0.000553555262741, -0.000519222929142, -0.000845411908813, 0.00567847536877, -0.00384709145874, -0.000866258516908, 0.00168074003886, -0.001666762284, 0.00208451715298, -0.00205138418823, 0.0027405815199, -0.000169505074155], [-0.000186548408237, 0.0002619336301, -0.000262412213488, 8.42754961923e-05, -0.00384709145874, 0.00928389839828, -0.00479690963402, 0.000303220876958, 0.00152618903667, -0.00518408045173, 0.00697889737785, -0.00674788933247, 0.00287227076478], [0.000170225757756, -0.000120790362416, -0.00011410015577, -0.000639331177808, -0.000866258516908, -0.00479690963402, 0.0142558040097, -0.00810532271862, -0.000762076117098, 0.004738307558, -0.00741250021383, 0.00657282909378, -0.00410854956135], [-0.00029913338949, 0.00081351341214, -0.000380881741876, -0.000258345709881, 0.00168074003886, 0.000303220876958, -0.00810532271862, 0.0174239333719, -0.00663282163441, -0.00312969135121, 0.00396282784641, -0.00263984268531, 0.00353456102312], [0.000430373678682, -0.00185493892059, 0.000763677177019, 4.19083480665e-05, -0.001666762284, 0.00152618903667, -0.000762076117098, -0.00663282163441, 0.0187754388899, -0.00914677977562, 0.00312528223731, 0.000851973134559, -0.00222873548046], [-0.000449651153758, 0.00146049621981, -0.000954550807364, 0.00113123597112, 0.00208451715298, -0.00518408045173, 0.004738307558, -0.00312969135121, -0.00914677977562, 0.0249030031264, -0.01263304241, 0.00214477186091, 0.000526946270838], [0.000339442369295, -0.00129981408827, 0.00146735890303, -0.00274078990333, -0.00205138418823, 0.00697889737785, -0.00741250021383, 0.00396282784641, 0.00312528223731, -0.01263304241, 0.0256615933031, -0.0115924039856, 0.00224929442629], [-6.67105996399e-05, 0.00055949029047, -0.00122797023505, 0.00186207145452, 0.0027405815199, -0.00674788933247, 0.00657282909378, -0.00263984268531, 0.000851973134559, 0.00214477186091, -0.0115924039856, 0.0230378359556, -0.0109166428447], [0.00015859476116, -0.000712231732905, 0.000850297801662, -0.000600968080107, -0.000169505074155, 0.00287227076478, -0.00410854956135, 0.00353456102312, -0.00222873548046, 0.000526946270838, 0.00224929442629, -0.0109166428447, 0.0191503297538]]}, "melbands": {"dmean": [0.0019216289511, 0.00173713464756, 0.000744627905078, 0.000513124279678, 0.000788147910498, 0.000428654719144, 0.000165207558894, 0.000200315262191, 8.64274261403e-05, 8.31852157717e-05, 6.07324291195e-05, 3.15119759762e-05, 2.1719994038e-05, 1.51492840814e-05, 1.591495311e-05, 1.18253292385e-05, 8.35883474792e-06, 9.46075488173e-06, 8.57501163409e-06, 8.45243630465e-06, 4.72903275295e-06, 2.77395338344e-06, 3.03499064103e-06, 1.71598651377e-06, 1.78589925781e-06, 1.55217367137e-06, 1.93618780031e-06, 1.52403526954e-06, 1.22180847484e-06, 1.12074258141e-06, 1.46296429193e-06, 1.5174013015e-06, 1.14491660952e-06, 5.96620395754e-07, 1.19802234622e-06, 1.64347522968e-06, 5.4538202221e-07, 2.364245546e-07, 2.50240532296e-07, 5.2592378097e-07], "dmean2": [0.00320348353125, 0.00304350885563, 0.00127812917344, 0.000787395169027, 0.00115772837307, 0.000622673600446, 0.000241589805228, 0.000318545207847, 0.000132404413307, 0.000120790602523, 9.31191825657e-05, 4.88407749799e-05, 3.46256092598e-05, 2.34100261878e-05, 2.61574714386e-05, 1.8943908799e-05, 1.27181892822e-05, 1.46820584632e-05, 1.3073817172e-05, 1.34369111038e-05, 7.57700581744e-06, 4.50726020063e-06, 4.94909545523e-06, 2.67759969574e-06, 2.9139569051e-06, 2.57687975136e-06, 3.12444785777e-06, 2.38973439082e-06, 1.97848839889e-06, 1.77569211246e-06, 2.25826693168e-06, 2.36502000917e-06, 1.85517490081e-06, 9.36964340781e-07, 1.89521108496e-06, 2.48672949965e-06, 8.71292911597e-07, 3.49358600715e-07, 3.8732179064e-07, 8.08505319583e-07], "dvar": [2.82074688585e-05, 2.54992210103e-05, 4.01564011554e-06, 1.4178596075e-06, 3.66637414118e-06, 6.71961913667e-07, 1.11696600413e-07, 2.76641145547e-07, 4.03893061218e-08, 3.69161057279e-08, 7.76233832767e-08, 5.64094060351e-09, 2.20643725513e-09, 1.15565279568e-09, 1.6988140894e-09, 8.28463908586e-10, 2.81705825333e-10, 3.42738365466e-10, 3.20222376393e-10, 5.63521007635e-10, 1.54204565783e-10, 5.92601939742e-11, 6.50988013495e-11, 1.75352631721e-11, 1.87041077071e-11, 2.06539854664e-11, 2.70449964507e-11, 3.65444723094e-11, 1.00903851247e-11, 4.73265177048e-12, 1.21002426828e-11, 1.8301762883e-11, 1.21986873727e-11, 1.88412588482e-12, 7.71322589133e-12, 2.7105468911e-11, 4.37064750711e-12, 2.23891096092e-13, 2.65299690853e-13, 3.20925989776e-12], "dvar2": [7.41111216485e-05, 7.19533127267e-05, 1.12781599455e-05, 3.37905680681e-06, 7.91222919361e-06, 1.4203575347e-06, 2.45822718625e-07, 6.79951767779e-07, 9.08071555727e-08, 7.5131588062e-08, 1.705219006e-07, 1.25261845341e-08, 4.92437024491e-09, 2.47596987357e-09, 4.31569535664e-09, 2.08168371429e-09, 6.38887387439e-10, 8.1692769216e-10, 6.8481742499e-10, 1.23657128981e-09, 3.65920488354e-10, 1.52788018348e-10, 1.70344890971e-10, 3.75804873332e-11, 4.91361049071e-11, 5.40293747242e-11, 6.76090086693e-11, 8.36548538774e-11, 2.52771206743e-11, 1.08354592659e-11, 2.89216740834e-11, 4.52010269492e-11, 3.27065631522e-11, 4.7553996331e-12, 1.83456166925e-11, 6.31054861144e-11, 1.18607285451e-11, 4.91587239665e-13, 6.34481182871e-13, 8.03231786639e-12], "max": [0.0603939965367, 0.0618887767196, 0.021059544757, 0.0156034752727, 0.0318225957453, 0.0150389969349, 0.00657521933317, 0.00917023140937, 0.0061607719399, 0.00398063007742, 0.00767765427008, 0.00242126150988, 0.0007691893843, 0.00062851869734, 0.000625821412541, 0.000527256750502, 0.000267479801551, 0.000310162315145, 0.000270029646344, 0.000756525085308, 0.000238168737269, 0.000224219780648, 0.000182521165698, 9.34495619731e-05, 6.44408646622e-05, 0.0001096832857, 0.000119707452541, 0.000190763152204, 0.000109586086182, 6.60491132294e-05, 4.52935382782e-05, 5.53272657271e-05, 5.53706922801e-05, 2.13818875636e-05, 3.762653796e-05, 7.0543937909e-05, 3.14577082463e-05, 9.3579874374e-06, 7.71828672441e-06, 2.51877518167e-05], "mean": [0.00327063165605, 0.00355220562778, 0.00111656857189, 0.000785634561908, 0.0013556642225, 0.000960945209954, 0.000295008911053, 0.00026454651379, 0.000141621072544, 0.000143874771311, 7.51641928218e-05, 4.0543040086e-05, 2.56670737144e-05, 1.75654167833e-05, 1.61983243743e-05, 1.37850538522e-05, 1.07603636934e-05, 1.13995438369e-05, 1.01854320746e-05, 9.51864240051e-06, 4.8682322813e-06, 3.04393370243e-06, 3.59220257451e-06, 2.24690984396e-06, 2.35394759329e-06, 2.12931013266e-06, 2.64595064436e-06, 2.13338262256e-06, 2.03258809961e-06, 1.93933351511e-06, 1.94055087377e-06, 1.9159765543e-06, 1.45882540892e-06, 9.42422389016e-07, 1.51630513301e-06, 1.84849591278e-06, 7.29746034267e-07, 4.2576988335e-07, 4.17739727254e-07, 6.50099082122e-07], "median": [0.00187830254436, 0.00308678718284, 0.000640875077806, 0.000252281752182, 0.000481307681184, 0.000492082443088, 0.000125866266899, 7.10678068572e-05, 3.88713742723e-05, 4.67689751531e-05, 1.85820226761e-05, 8.93836477189e-06, 5.98042788624e-06, 3.01092586596e-06, 2.69217616733e-06, 2.58264435615e-06, 2.44258990278e-06, 3.23799395119e-06, 2.41463021666e-06, 1.81168798008e-06, 1.02842898286e-06, 8.21749779334e-07, 1.07205607947e-06, 6.81786445966e-07, 7.12153223503e-07, 5.3432910363e-07, 5.34712796707e-07, 4.94092887493e-07, 3.80857585469e-07, 5.10997438141e-07, 6.24698714091e-07, 5.23280903053e-07, 4.14284812678e-07, 2.52546328738e-07, 3.61491458989e-07, 2.99052032915e-07, 1.59349042406e-07, 9.91848452259e-08, 1.17204038474e-07, 1.56363711312e-07], "min": [4.74752506638e-24, 1.96145136487e-24, 1.76577382569e-24, 5.02485779508e-24, 5.52819286224e-24, 8.8881991599e-24, 9.89173751643e-24, 3.60465139146e-24, 5.4138561515e-24, 4.38801748605e-24, 3.8711526655e-24, 5.77049740574e-24, 3.46930218722e-24, 5.99297393038e-24, 1.04964869638e-23, 7.50013765488e-24, 7.54894605681e-24, 5.90686700156e-24, 5.00644104839e-24, 4.89120503622e-24, 9.82979694701e-24, 6.67693763445e-24, 6.19107031432e-24, 5.23099503823e-24, 5.56974137726e-24, 4.51045461499e-24, 8.03698274443e-24, 9.24152364846e-24, 1.01379552044e-23, 7.90694454623e-24, 6.79143132851e-24, 5.55333662031e-24, 9.26571801243e-24, 7.96357687062e-24, 7.32428872619e-24, 7.42552324616e-24, 1.059093728e-23, 1.16788711316e-23, 8.0877475214e-24, 6.45227123194e-24], "var": [2.61256736849e-05, 2.05571377592e-05, 3.49801553057e-06, 2.08198321161e-06, 6.3169150053e-06, 1.81649591013e-06, 2.21779970389e-07, 3.09986518232e-07, 1.01810613273e-07, 8.89316140729e-08, 8.89423787953e-08, 8.54541237771e-09, 2.82853274136e-09, 1.6138859138e-09, 1.62021429606e-09, 1.06841824277e-09, 3.82765902307e-10, 4.24751817052e-10, 4.20393414524e-10, 6.47896125638e-10, 1.52112239471e-10, 5.28225865826e-11, 6.12745756912e-11, 2.79674946396e-11, 2.14933695841e-11, 2.7094302496e-11, 3.53553540611e-11, 4.40729605589e-11, 2.24088438777e-11, 1.26618888985e-11, 1.49535193256e-11, 2.05459625008e-11, 1.18685243924e-11, 3.47529557215e-12, 1.02241123554e-11, 3.17906707903e-11, 4.04778901369e-12, 5.96956728841e-13, 5.75452554531e-13, 3.40544389563e-12]}, "mfcc": {"mean": [-708.319763184, 135.574371338, 34.6458091736, 26.2653465271, 1.9175927639, 5.83159923553, -9.82255363464, -2.71540927887, 0.120428360999, 1.61542129517, -0.144042283297, -2.68764424324, -0.720186829567], "cov": [[10715.0927734, -137.394165039, 455.603118896, 6.08930921555, -71.5632553101, 151.017272949, 93.4050445557, 23.1215591431, 110.821121216, 160.934921265, 70.0332336426, 67.1976394653, 79.8566055298], [-137.394165039, 1960.66784668, 77.1930770874, 109.606269836, 215.98374939, 121.877662659, -9.8918056488, 90.2803344727, 68.5832366943, 7.64403533936, 90.6940994263, -27.6007347107, -1.30596828461], [455.603118896, 77.1930770874, 1063.52124023, 730.207824707, 480.256347656, 423.387390137, 382.910247803, 257.288208008, 162.518798828, 182.825897217, 75.5936050415, 103.228851318, 16.3592834473], [6.08930921555, 109.606269836, 730.207824707, 946.088195801, 496.268341064, 364.235748291, 393.065338135, 225.746246338, 138.827392578, 177.681381226, 88.9408874512, 82.0189666748, 38.5190811157], [-71.5632553101, 215.98374939, 480.256347656, 496.268341064, 529.605773926, 403.408721924, 333.592712402, 217.318649292, 154.973388672, 135.254714966, 71.6739120483, 64.210144043, 39.8539123535], [151.017272949, 121.877662659, 423.387390137, 364.235748291, 403.408721924, 438.918060303, 321.85067749, 211.799697876, 147.532058716, 121.294647217, 58.8633079529, 65.9717483521, 42.2147712708], [93.4050445557, -9.8918056488, 382.910247803, 393.065338135, 333.592712402, 321.85067749, 391.66583252, 205.920974731, 144.184570312, 130.16545105, 69.0046234131, 72.1682891846, 47.2212715149], [23.1215591431, 90.2803344727, 257.288208008, 225.746246338, 217.318649292, 211.799697876, 205.920974731, 203.222244263, 126.647155762, 90.241645813, 52.1199150085, 51.3684158325, 23.0991840363], [110.821121216, 68.5832366943, 162.518798828, 138.827392578, 154.973388672, 147.532058716, 144.184570312, 126.647155762, 162.200622559, 109.007263184, 49.6340408325, 37.2717971802, 18.0286045074], [160.934921265, 7.64403533936, 182.825897217, 177.681381226, 135.254714966, 121.294647217, 130.16545105, 90.241645813, 109.007263184, 155.536132812, 64.7228317261, 42.56665802, 14.1781549454], [70.0332336426, 90.6940994263, 75.5936050415, 88.9408874512, 71.6739120483, 58.8633079529, 69.0046234131, 52.1199150085, 49.6340408325, 64.7228317261, 101.330741882, 49.8434295654, 16.6872768402], [67.1976394653, -27.6007347107, 103.228851318, 82.0189666748, 64.210144043, 65.9717483521, 72.1682891846, 51.3684158325, 37.2717971802, 42.56665802, 49.8434295654, 106.776916504, 36.016658783], [79.8566055298, -1.30596828461, 16.3592834473, 38.5190811157, 39.8539123535, 42.2147712708, 47.2212715149, 23.0991840363, 18.0286045074, 14.1781549454, 16.6872768402, 36.016658783, 74.9030456543]], "icov": [[0.00010319017747, -1.40380279845e-06, -0.000102347818029, 4.37037597294e-05, 0.00016163494729, -0.000118185060273, -2.99024463857e-07, 0.000115172835649, -6.30473077763e-05, -8.60873842612e-05, -5.16450563737e-05, 5.04214585817e-05, -0.000146152029629], [-1.40380279845e-06, 0.000641860591713, 2.02279716177e-05, -2.12664181163e-05, -0.000471771025332, -6.41044971417e-05, 0.000640394515358, -0.000324020889821, -0.000249476463068, 0.000497123983223, -0.000924867519643, 0.000563005916774, -9.61724363151e-05], [-0.000102347818029, 2.02279716177e-05, 0.00262994877994, -0.00146116758697, -0.000143958910485, -0.000966710329521, 0.000218798493734, -0.000827826792374, 0.000381829595426, -0.000559412525035, 0.000838627165649, -0.00120027258527, 0.00142955814954], [4.37037597294e-05, -2.12664181163e-05, -0.00146116758697, 0.00335029698908, -0.00210267910734, 0.00154761713929, -0.00149040331598, -2.0536912416e-05, 0.00135058781598, -0.00117091601714, -0.000291709788144, 0.000433510023868, -0.000505149539094], [0.00016163494729, -0.000471771025332, -0.000143958910485, -0.00210267910734, 0.0092999516055, -0.00587932160124, -0.000582708860748, 0.00014005691628, -0.00122257973999, 0.000206637603696, -0.000294368364848, 0.000475454202387, -0.000286236667307], [-0.000118185060273, -6.41044971417e-05, -0.000966710329521, 0.00154761713929, -0.00587932160124, 0.0109706390649, -0.00346604175866, -0.0022217312362, 0.000124753220007, -0.00015710167645, 0.00108142802492, -0.00025614691549, -0.000762375013437], [-2.99024463857e-07, 0.000640394515358, 0.000218798493734, -0.00149040331598, -0.000582708860748, -0.00346604175866, 0.00987258926034, -0.00363595061935, -0.000586316804402, -0.000594204990193, -0.000976687646471, 0.000140087548061, -0.0017052651383], [0.000115172835649, -0.000324020889821, -0.000827826792374, -2.0536912416e-05, 0.00014005691628, -0.0022217312362, -0.00363595061935, 0.0162615068257, -0.00758116180077, 0.0021322532557, -0.000909522816073, -0.0014851562446, 0.000855801452417], [-6.30473077763e-05, -0.000249476463068, 0.000381829595426, 0.00135058781598, -0.00122257973999, 0.000124753220007, -0.000586316804402, -0.00758116180077, 0.0181588940322, -0.00915178563446, 0.000717349234037, 0.000383333797799, -0.000409844418755], [-8.60873842612e-05, 0.000497123983223, -0.000559412525035, -0.00117091601714, 0.000206637603696, -0.00015710167645, -0.000594204990193, 0.0021322532557, -0.00915178563446, 0.0164624582976, -0.00589269213378, 5.22303198522e-05, 0.000894743716344], [-5.16450563737e-05, -0.000924867519643, 0.000838627165649, -0.000291709788144, -0.000294368364848, 0.00108142802492, -0.000976687646471, -0.000909522816073, 0.000717349234037, -0.00589269213378, 0.0175862479955, -0.00649932958186, 0.00059910537675], [5.04214585817e-05, 0.000563005916774, -0.00120027258527, 0.000433510023868, 0.000475454202387, -0.00025614691549, 0.000140087548061, -0.0014851562446, 0.000383333797799, 5.22303198522e-05, -0.00649932958186, 0.015680802986, -0.00593786640093], [-0.000146152029629, -9.61724363151e-05, 0.00142955814954, -0.000505149539094, -0.000286236667307, -0.000762375013437, -0.0017052651383, 0.000855801452417, -0.000409844418755, 0.000894743716344, 0.00059910537675, -0.00593786640093, 0.0174963828176]]}, "spectral_contrast_coeffs": {"dmean": [0.048624522984, 0.0531796216965, 0.0438504517078, 0.0307449139655, 0.0217778161168, 0.0186451356858], "dmean2": [0.0772909000516, 0.0825108066201, 0.0685914009809, 0.0488707125187, 0.034796167165, 0.0287377815694], "dvar": [0.00210839812644, 0.00239543477073, 0.00172836449929, 0.000721701537259, 0.000385880703107, 0.000282352382783], "dvar2": [0.00521404109895, 0.00519130658358, 0.00381724280305, 0.0017457169015, 0.000874937220942, 0.000669009867124], "max": [-0.225441887975, -0.333703994751, -0.42967531085, -0.579671382904, -0.634035825729, -0.664714992046], "mean": [-0.621414244175, -0.657361030579, -0.752151310444, -0.801382124424, -0.807181358337, -0.780123472214], "median": [-0.634539604187, -0.657049417496, -0.75648611784, -0.811391949654, -0.810032427311, -0.780183076859], "min": [-0.968450665474, -0.988285064697, -0.965710222721, -0.965260624886, -0.961183786392, -0.962658941746], "var": [0.00856276042759, 0.0104298293591, 0.00789019651711, 0.00311969034374, 0.00164219748694, 0.000995398499072]}, "spectral_contrast_valleys": {"dmean": [0.418655484915, 0.499319404364, 0.560325980186, 0.514782965183, 0.432444691658, 0.485946089029], "dmean2": [0.660400986671, 0.732404947281, 0.815160810947, 0.706511855125, 0.560617685318, 0.582219779491], "dvar": [0.257683247328, 0.235878899693, 0.374747008085, 0.335576683283, 0.242077499628, 0.303702354431], "dvar2": [0.48790460825, 0.429217904806, 0.699683606625, 0.577545940876, 0.438733965158, 0.55311280489], "max": [-4.61434698105, -4.49430036545, -5.32035255432, -5.88036346436, -6.05367231369, -8.24435806274], "mean": [