{"lowlevel": {"average_loudness": 0.922473073006, "barkbands_crest": {"dmean": 2.71215105057, "dmean2": 4.44783306122, "dvar": 5.72664356232, "dvar2": 14.9573364258, "max": 24.7479476929, "mean": 11.5850925446, "median": 11.0179748535, "min": 3.43540501595, "var": 15.4165878296}, "barkbands_flatness_db": {"dmean": 0.0269396528602, "dmean2": 0.0395823419094, "dvar": 0.000638937694021, "dvar2": 0.00144262530375, "max": 0.392911076546, "mean": 0.167609751225, "median": 0.161623552442, "min": 0.0380185507238, "var": 0.00310901761986}, "barkbands_kurtosis": {"dmean": 5.7225561142, "dmean2": 8.99720191956, "dvar": 122.336868286, "dvar2": 305.843780518, "max": 232.799377441, "mean": 10.0985155106, "median": 5.0046620369, "min": -1.7831261158, "var": 310.586395264}, "barkbands_skewness": {"dmean": 0.710867643356, "dmean2": 1.0691344738, "dvar": 0.617978453636, "dvar2": 1.46357607841, "max": 13.0925540924, "mean": 2.18620896339, "median": 1.91732192039, "min": -3.19196724892, "var": 2.98860216141}, "barkbands_spread": {"dmean": 4.38756465912, "dmean2": 6.78838157654, "dvar": 31.102104187, "dvar2": 74.4045181274, "max": 78.1482086182, "mean": 13.6431322098, "median": 12.2207841873, "min": 1.09830403328, "var": 66.8565673828}, "dissonance": {"dmean": 0.0259535349905, "dmean2": 0.0422857664526, "dvar": 0.0005687205703, "dvar2": 0.00142828002572, "max": 0.499999940395, "mean": 0.432165145874, "median": 0.442658662796, "min": 0.123125255108, "var": 0.0024109124206}, "dynamic_complexity": 3.84216213226, "erbbands_crest": {"dmean": 2.69920372963, "dmean2": 4.30830764771, "dvar": 6.53542852402, "dvar2": 16.0562095642, "max": 29.7404880524, "mean": 9.56480503082, "median": 8.63253593445, "min": 1.94953477383, "var": 17.1355495453}, "erbbands_flatness_db": {"dmean": 0.0244256909937, "dmean2": 0.0321922451258, "dvar": 0.000620476377662, "dvar2": 0.00113442749716, "max": 0.454697728157, "mean": 0.158142462373, "median": 0.150715872645, "min": 0.0262618046254, "var": 0.00365067319945}, "erbbands_kurtosis": {"dmean": 1.11988556385, "dmean2": 1.74992609024, "dvar": 2.07137537003, "dvar2": 4.90430164337, "max": 21.7077980042, "mean": 1.03239989281, "median": 0.312233924866, "min": -1.74315369129, "var": 5.91315507889}, "erbbands_skewness": {"dmean": 0.391612946987, "dmean2": 0.593917012215, "dvar": 0.120487496257, "dvar2": 0.276497006416, "max": 4.2472114563, "mean": 0.643253803253, "median": 0.68018746376, "min": -3.34840202332, "var": 0.605109453201}, "erbbands_spread": {"dmean": 9.34272861481, "dmean2": 13.2837133408, "dvar": 125.183021545, "dvar2": 246.247848511, "max": 134.147186279, "mean": 36.1114196777, "median": 30.9910316467, "min": 1.42851436138, "var": 418.354095459}, "hfc": {"dmean": 5.88117456436, "dmean2": 8.08459854126, "dvar": 85.8221664429, "dvar2": 173.170059204, "max": 134.33744812, "mean": 13.357301712, "median": 8.74627685547, "min": 1.05502195363e-16, "var": 204.61026001}, "melbands_crest": {"dmean": 3.14616465569, "dmean2": 5.03580236435, "dvar": 8.11501693726, "dvar2": 20.6574954987, "max": 35.6841583252, "mean": 14.8906764984, "median": 14.0370559692, "min": 1.66353476048, "var": 31.4862651825}, "melbands_flatness_db": {"dmean": 0.0306849256158, "dmean2": 0.0452620647848, "dvar": 0.000841267290525, "dvar2": 0.00189747533295, "max": 0.518689095974, "mean": 0.254678606987, "median": 0.248343110085, "min": 0.00399196753278, "var": 0.00501172477379}, "melbands_kurtosis": {"dmean": 12.3498067856, "dmean2": 18.9408302307, "dvar": 570.559692383, "dvar2": 1381.15441895, "max": 601.501464844, "mean": 21.9962692261, "median": 9.42440032959, "min": -1.77451097965, "var": 1403.4387207}, "melbands_skewness": {"dmean": 0.912799358368, "dmean2": 1.33834588528, "dvar": 1.10447716713, "dvar2": 2.43347835541, "max": 17.5845947266, "mean": 2.96738290787, "median": 2.45776939392, "min": -2.33010077477, "var": 4.84375476837}, "melbands_spread": {"dmean": 4.22065067291, "dmean2": 6.52105998993, "dvar": 25.7727947235, "dvar2": 58.6677703857, "max": 164.02557373, "mean": 14.0404586792, "median": 11.211689949, "min": 0.524372220039, "var": 189.119842529}, "pitch_salience": {"dmean": 0.07785307616, "dmean2": 0.124325476587, "dvar": 0.00533264968544, "dvar2": 0.0130415875465, "max": 0.977619588375, "mean": 0.490935444832, "median": 0.495875716209, "min": 0.112077347934, "var": 0.0157401245087}, "silence_rate_20dB": {"dmean": 0, "dmean2": 0, "dvar": 0, "dvar2": 0, "max": 1, "mean": 1, "median": 1, "min": 1, "var": 0}, "silence_rate_30dB": {"dmean": 0.0600525811315, "dmean2": 0.120121784508, "dvar": 0.0564433597028, "dvar2": 0.140279650688, "max": 1, "mean": 0.953652441502, "median": 1, "min": 0, "var": 0.0441983751953}, "silence_rate_60dB": {"dmean": 0.0315483585, "dmean2": 0.0631054490805, "dvar": 0.0305500589311, "dvar2": 0.0674194023013, "max": 1, "mean": 0.107775315642, "median": 0, "min": 0, "var": 0.0961635559797}, "spectral_centroid": {"dmean": 169.303222656, "dmean2": 257.724822998, "dvar": 61697.5273438, "dvar2": 130033.273438, "max": 11666.9023438, "mean": 847.394287109, "median": 701.722900391, "min": 204.623336792, "var": 831590.9375}, "spectral_complexity": {"dmean": 2.79867172241, "dmean2": 4.01632976532, "dvar": 12.9512434006, "dvar2": 25.7613601685, "max": 51, "mean": 12.1122026443, "median": 11, "min": 0, "var": 41.8153610229}, "spectral_decrease": {"dmean": 4.17005585618e-09, "dmean2": 6.39413588743e-09, "dvar": 6.09230366372e-17, "dvar2": 1.43104442963e-16, "max": 1.87579702497e-28, "mean": -7.60456675408e-09, "median": -4.56061677312e-09, "min": -7.38759524666e-08, "var": 8.59443501944e-17}, "spectral_energy": {"dmean": 0.0161855369806, "dmean2": 0.0247235633433, "dvar": 0.000905569060706, "dvar2": 0.00211785291322, "max": 0.285335868597, "mean": 0.0299129113555, "median": 0.0182310324162, "min": 1.00213900563e-20, "var": 0.0012975562131}, "spectral_energyband_high": {"dmean": 0.000276325532468, "dmean2": 0.000380692828912, "dvar": 2.80618536408e-07, "dvar2": 6.02077363965e-07, "max": 0.00649636751041, "mean": 0.000361520127626, "median": 0.000114813577966, "min": 7.12843653162e-21, "var": 4.08837308896e-07}, "spectral_energyband_low": {"dmean": 0.0106483157724, "dmean2": 0.0170667301863, "dvar": 0.000619756872766, "dvar2": 0.00153914827388, "max": 0.214685931802, "mean": 0.0138446651399, "median": 0.00345542677678, "min": 1.32039774974e-23, "var": 0.000689799839165}, "spectral_energyband_middle_high": {"dmean": 0.00145984091796, "dmean2": 0.00203081569634, "dvar": 7.86295640864e-06, "dvar2": 1.48031704157e-05, "max": 0.109603196383, "mean": 0.00326419947669, "median": 0.00131798046641, "min": 1.26260891109e-21, "var": 2.52500394708e-05}, "spectral_energyband_middle_low": {"dmean": 0.00697440002114, "dmean2": 0.0108630480245, "dvar": 0.000209492180147, "dvar2": 0.00050914863823, "max": 0.156317025423, "mean": 0.0127156935632, "median": 0.00732618756592, "min": 1.84274802503e-22, "var": 0.000274333491689}, "spectral_entropy": {"dmean": 0.233363941312, "dmean2": 0.325717955828, "dvar": 0.055592648685, "dvar2": 0.108692698181, "max": 9.82132720947, "mean": 7.23438215256, "median": 7.27628660202, "min": 4.80397987366, "var": 0.296153396368}, "spectral_flux": {"dmean": 0.0364104323089, "dmean2": 0.0575033985078, "dvar": 0.00311330729164, "dvar2": 0.00708240875974, "max": 0.453381359577, "mean": 0.0799105763435, "median": 0.0572581142187, "min": 6.17186232676e-11, "var": 0.00495498813689}, "spectral_kurtosis": {"dmean": 2.54832816124, "dmean2": 3.99410033226, "dvar": 14.4730434418, "dvar2": 37.6691513062, "max": 102.585426331, "mean": 7.76289749146, "median": 5.90129613876, "min": -1.24075973034, "var": 68.8947601318}, "spectral_rms": {"dmean": 0.00120001507457, "dmean2": 0.00173504906707, "dvar": 3.18712022818e-06, "dvar2": 6.77185380482e-06, "max": 0.0166846178472, "mean": 0.00463388906792, "median": 0.0042173890397, "min": 3.1268141288e-12, "var": 7.71039412939e-06}, "spectral_rolloff": {"dmean": 272.897583008, "dmean2": 468.482421875, "dvar": 366113.875, "dvar2": 921466.0625, "max": 19724.4140625, "mean": 934.854736328, "median": 710.595703125, "min": 43.06640625, "var": 2858520}, "spectral_skewness": {"dmean": 0.287075519562, "dmean2": 0.436687916517, "dvar": 0.10661996156, "dvar2": 0.245835974813, "max": 8.22944831848, "mean": 2.11320066452, "median": 2.00301170349, "min": -0.055129121989, "var": 0.576395750046}, "spectral_spread": {"dmean": 905270.25, "dmean2": 1222773.5, "dvar": 1443618881540.0, "dvar2": 2930980945920.0, "max": 42890080, "mean": 5112599, "median": 4608330, "min": 810431.625, "var": 12273813815300.0}, "spectral_strongpeak": {"dmean": 0.464870244265, "dmean2": 0.792038798332, "dvar": 0.725006222725, "dvar2": 1.77878117561, "max": 10.3639497757, "mean": 0.805324792862, "median": 0.509874463081, "min": 0, "var": 1.13095855713}, "zerocrossingrate": {"dmean": 0.00935659557581, "dmean2": 0.0112869599834, "dvar": 0.000102629186586, "dvar2": 0.000146054415382, "max": 0.5322265625, "mean": 0.0460486784577, "median": 0.03955078125, "min": 0.0009765625, "var": 0.00204894295894}, "barkbands": {"dmean": [0.000142132033943, 0.00809951405972, 0.00287042721175, 0.00127301679458, 0.00438856333494, 0.00195926590823, 0.000382349448046, 0.000162103548064, 0.000570972566493, 0.000146463731653, 0.000364702777006, 0.000305119057884, 0.000273891229881, 0.000447769940365, 0.000210195052205, 0.000153188608238, 6.80880548316e-05, 6.53556344332e-05, 4.99977395521e-05, 3.99438831664e-05, 4.63185206172e-05, 4.70201957796e-05, 5.21368929185e-05, 2.39538439928e-05, 5.98170154262e-05, 3.68403634639e-05, 1.65601504705e-05], "dmean2": [0.000239763656282, 0.0132960490882, 0.00455233221874, 0.00207772036083, 0.00707249063998, 0.00301446346566, 0.000581155531108, 0.000244642054895, 0.00081255013356, 0.000220136353164, 0.000494266510941, 0.00045190990204, 0.000407745072152, 0.000716994691174, 0.000325909815729, 0.000240838344325, 0.000104139420728, 9.79957039817e-05, 7.47493832023e-05, 6.05477034696e-05, 6.53234965284e-05, 6.8894616561e-05, 7.80476693762e-05, 3.29509966832e-05, 8.786804392e-05, 5.72340031795e-05, 2.56029998127e-05], "dvar": [1.7674683761e-07, 0.000386473140679, 4.57647329313e-05, 1.36499947985e-05, 0.000100139877759, 1.35873879117e-05, 7.02087788795e-07, 9.52235055252e-08, 1.04540777102e-06, 2.13188613429e-07, 3.38725385518e-06, 5.49008802864e-07, 5.60665796456e-07, 1.3886343595e-06, 2.95923456406e-07, 1.32609585535e-07, 2.09315977884e-08, 2.35489672207e-08, 1.29336186205e-08, 1.00397441472e-08, 9.04772790022e-09, 1.33559714399e-08, 1.41562379596e-08, 2.16713380574e-09, 1.28750983208e-08, 5.3734008354e-09, 1.3135390553e-09], "dvar2": [4.68161545086e-07, 0.000977986259386, 0.000114990441944, 3.20508188452e-05, 0.000252905621892, 2.85551923298e-05, 1.46985462379e-06, 1.93727004216e-07, 1.87231432847e-06, 3.81159281915e-07, 5.88858529227e-06, 1.01889293092e-06, 1.20226582112e-06, 3.89881779483e-06, 7.34951242976e-07, 3.27448987036e-07, 4.57163302769e-08, 5.07333695055e-08, 2.79271077375e-08, 2.11698480967e-08, 1.90815967471e-08, 3.10579117979e-08, 3.28880176426e-08, 4.1661367689e-09, 2.91184143464e-08, 1.28587585024e-08, 3.21228998956e-09], "max": [0.00403719581664, 0.184415847063, 0.0715015232563, 0.0530872531235, 0.107382297516, 0.109414696693, 0.0273471958935, 0.0077004795894, 0.0278606303036, 0.0167960375547, 0.101020283997, 0.0157742761075, 0.0234023611993, 0.0264546591789, 0.0154807679355, 0.0105249555781, 0.0031536698807, 0.00403752038255, 0.00175278657116, 0.00211568875238, 0.00182475848123, 0.00207742070779, 0.00169420533348, 0.00062537426129, 0.000969859072939, 0.000646051194053, 0.000303507462377], "mean": [0.000182336691068, 0.0098053496331, 0.00359879527241, 0.00108903308865, 0.00505760405213, 0.00392997870222, 0.00100255839061, 0.000391755631426, 0.00119602063205, 0.000233318496612, 0.000577145954594, 0.000488417514134, 0.000427199091064, 0.000643991690595, 0.000385573512176, 0.000245684088441, 0.000104520273453, 8.63659515744e-05, 6.83801772539e-05, 5.98545666435e-05, 6.73624235787e-05, 6.4139123424e-05, 5.84878689551e-05, 3.36545672326e-05, 6.29950955044e-05, 3.66422573279e-05, 1.57995073096e-05], "median": [7.8967987065e-06, 0.00200993660837, 0.000606661196798, 0.000115179776913, 0.00139164039865, 0.00210771337152, 0.000431423773989, 0.000171007210156, 0.000666916486807, 5.71991622564e-05, 7.93929066276e-05, 0.000143711193232, 9.8422926385e-05, 9.47698790696e-05, 6.68719076202e-05, 7.06331775291e-05, 3.12156262225e-05, 2.70324162557e-05, 2.19929752348e-05, 1.78991685971e-05, 2.41473135247e-05, 1.97179797397e-05, 1.39686253533e-05, 7.25095378584e-06, 1.08893382276e-05, 6.40929556539e-06, 2.37142489823e-06], "min": [6.42346459548e-25, 3.40304930966e-24, 1.11139063063e-24, 1.85541051263e-24, 6.16485607201e-24, 1.19463746535e-23, 3.55253056259e-24, 6.76877997648e-24, 2.05253782038e-23, 2.03194728858e-23, 1.29572864929e-23, 2.73643510237e-23, 2.16594903951e-23, 2.73779257421e-23, 3.40806780608e-23, 4.37844213461e-23, 7.29567405903e-23, 1.09533185229e-22, 1.33599665373e-22, 2.01473005222e-22, 1.81138417762e-22, 3.82252257769e-22, 3.84637041084e-22, 6.36809013347e-22, 8.83313682649e-22, 1.17843288342e-21, 1.8822070747e-21], "var": [2.10388463984e-07, 0.000393949361751, 5.54511498194e-05, 1.25112792375e-05, 9.95827285806e-05, 3.33627031068e-05, 3.00728356706e-06, 3.99009110197e-07, 2.86893327939e-06, 5.52084827632e-07, 7.9601231846e-06, 1.34994513701e-06, 1.13525902634e-06, 2.28339058594e-06, 1.26903989894e-06, 2.75619953527e-07, 5.33866781893e-08, 3.44330004509e-08, 2.02000087768e-08, 2.03012291422e-08, 1.38065914257e-08, 1.7005095998e-08, 1.62869042697e-08, 3.93205823457e-09, 1.57051758265e-08, 5.78009196062e-09, 1.32505895145e-09]}, "erbbands": {"dmean": [0.189898774028, 1.95611298084, 4.00064229965, 2.85427427292, 12.5269508362, 14.6291427612, 14.0756940842, 16.5605258942, 7.51859760284, 4.57554674149, 5.09375762939, 8.92681121826, 11.0286512375, 7.90485811234, 11.783288002, 10.5711698532, 13.3604831696, 22.6922836304, 9.23105812073, 12.2651281357, 8.29881572723, 4.15395593643, 3.35469436646, 3.117146492, 2.12324571609, 1.79125154018, 1.61045789719, 1.93003237247, 1.85876011848, 1.29129064083, 1.71570813656, 0.604205131531, 0.381436944008, 0.311372041702, 0.570780873299, 0.273273617029, 0.0503797866404, 0.0120416935533, 0.00249890331179, 0.000229514407692], "dmean2": [0.318744987249, 3.2253537178, 6.22814846039, 4.67015266418, 21.0096416473, 23.0360145569, 22.8132286072, 24.6951656342, 11.0791101456, 6.97879076004, 7.50272321701, 13.2195663452, 15.6924409866, 10.901008606, 15.993106842, 15.5169401169, 19.7165679932, 36.0512390137, 14.1182546616, 18.9928245544, 12.9342327118, 6.1978354454, 4.9678902626, 4.73892688751, 3.00333762169, 2.68926763535, 2.28792905807, 2.807898283, 2.7125389576, 1.83748650551, 2.65428209305, 0.858967602253, 0.537049591541, 0.428058475256, 0.869418084621, 0.425000458956, 0.0773200020194, 0.0182635542005, 0.00385211547837, 0.00035535756615], "dvar": [0.265313714743, 21.9189167023, 79.7367324829, 53.4957313538, 1623.91259766, 720.190673828, 691.382385254, 1323.98974609, 277.729705811, 73.9325332642, 65.4817428589, 225.310745239, 478.562683105, 649.213928223, 3249.56030273, 673.09161377, 1419.77001953, 3971.12084961, 539.758666992, 1646.98168945, 297.636291504, 73.3209991455, 65.9065093994, 40.5107269287, 37.0492782593, 19.5023612976, 9.02923583984, 20.2704677582, 23.5327415466, 7.74806022644, 16.6881408691, 1.30002307892, 0.646095454693, 0.379157960415, 1.28270459175, 0.278514862061, 0.0134350443259, 0.000705334066879, 3.38774698321e-05, 2.32169028891e-07], "dvar2": [0.668141067028, 56.0020103455, 193.827346802, 135.419769287, 4158.76953125, 1762.53649902, 1754.92919922, 2336.01831055, 522.84777832, 189.142883301, 130.059234619, 454.60534668, 816.970153809, 1107.51696777, 5632.57714844, 1202.49182129, 3082.27075195, 10998.5996094, 1247.44482422, 4243.60009766, 733.173339844, 156.249313354, 139.992141724, 92.3582458496, 61.6869087219, 39.2750358582, 17.9212303162, 45.9339141846, 55.0019073486, 16.0268211365, 41.3595924377, 2.87355923653, 1.19855129719, 0.756502628326, 3.01984667778, 0.659754276276, 0.0335255078971, 0.00168448442128, 8.22889851406e-05, 5.80658877425e-07], "max": [4.36274194717, 44.4802856445, 90.8733291626, 120.451591492, 428.105560303, 364.87890625, 601.807373047, 1294.91479492, 498.425048828, 178.373138428, 229.390914917, 373.022705078, 526.313903809, 1101.78430176, 3199.19848633, 568.364013672, 1192.59875488, 1521.0357666, 540.101318359, 1185.21643066, 409.573791504, 235.57258606, 211.096939087, 92.6215057373, 144.626205444, 136.411300659, 39.0622253418, 102.289352417, 99.3301773071, 39.049533844, 41.3383750916, 11.6452713013, 10.2963047028, 6.36586475372, 9.79354763031, 4.30065727234, 1.05467987061, 0.226892784238, 0.0498877689242, 0.00425564311445], "mean": [0.198159366846, 2.42521452904, 5.339220047, 2.85315012932, 10.5655355453, 19.2924175262, 23.0114479065, 33.4063987732, 16.8402919769, 14.9052305222, 12.2365121841, 18.2075271606, 20.8811092377, 13.708562851, 19.3854885101, 17.5474395752, 20.9864139557, 33.9797210693, 14.9094543457, 23.3348903656, 14.2921037674, 7.13080978394, 4.72282981873, 4.33328676224, 3.20449948311, 2.78221487999, 2.44194865227, 2.64446592331, 2.5471265316, 1.72615766525, 1.79222941399, 0.813533902168, 0.527629733086, 0.397639632225, 0.567082345486, 0.26513260603, 0.0519307032228, 0.012287418358, 0.00240554637276, 0.0002329195122], "median": [0.0362467616796, 0.471377134323, 0.895348906517, 0.619735836983, 1.4015622139, 5.70897340775, 12.7018699646, 15.3726892471, 6.57975673676, 7.10934734344, 6.27312994003, 10.1918411255, 9.91186523438, 3.43658304214, 4.54796695709, 5.34474086761, 5.22906208038, 5.86979627609, 3.30267000198, 4.02799797058, 4.34632778168, 2.25550293922, 1.62191724777, 1.37335848808, 1.11140441895, 0.832136154175, 0.914540231228, 0.874047577381, 0.782090187073, 0.486908853054, 0.402964413166, 0.19193777442, 0.109274432063, 0.0727030336857, 0.0957529991865, 0.0468700230122, 0.00851169694215, 0.00178274721839, 0.000354445190169, 5.61285341973e-05], "min": [8.20613945051e-23, 9.0116329515e-22, 1.80640695755e-21, 6.16246607905e-21, 1.41882073789e-20, 1.73616454093e-20, 4.63680551387e-20, 8.3067803558e-20, 6.74790679266e-20, 2.04580415822e-19, 3.77869778144e-19, 3.50253836406e-19, 9.93948392452e-19, 7.95550931989e-19, 1.25675690795e-18, 1.34252974721e-18, 1.43285414779e-18, 1.6540117413e-18, 1.80762248977e-18, 3.30552684471e-18, 4.30965110966e-18, 3.9083266511e-18, 5.52348447825e-18, 8.08569958669e-18, 8.49376101775e-18, 9.38589185201e-18, 8.63971041939e-18, 9.22326235331e-18, 1.23809027462e-17, 1.23349710611e-17, 1.07450223903e-17, 1.13065051455e-17, 9.92269071052e-18, 8.38520100698e-18, 6.41485637429e-18, 4.14610592203e-18, 2.1395142349e-18, 8.00312597185e-19, 2.39400002096e-19, 2.64983690316e-20], "var": [0.249934270978, 22.580039978, 103.513473511, 48.3065376282, 1262.05224609, 1035.24182129, 1000.30010986, 3596.05444336, 1020.23968506, 358.62802124, 254.036712646, 583.563842773, 1232.62060547, 1645.33312988, 7580.14160156, 1672.72583008, 2758.10766602, 7203.56787109, 1115.72839355, 6194.80322266, 832.191162109, 245.967956543, 90.7690582275, 65.1726989746, 63.7879638672, 52.0114974976, 15.9327993393, 26.2293300629, 28.8002490997, 11.826300621, 16.4154338837, 2.1009657383, 1.11666500568, 0.608940601349, 1.40459573269, 0.293401390314, 0.0138068115339, 0.000766977202147, 3.43951032846e-05, 2.2651386189e-07]}, "gfcc": {"mean": [-52.5687904358, 98.7102203369, -91.666053772, 9.74519538879, -52.0196113586, 3.93515920639, -36.6201667786, 0.107967026532, -18.0399456024, 8.00949382782, -15.3623037338, 7.34770107269, -5.23643064499], "cov": [[29148.8378906, -486.956420898, -1076.90698242, 882.419006348, -312.279632568, 591.107910156, -991.362854004, -585.889770508, -771.120727539, 58.8188476562, -281.42074585, 205.174087524, -29.4107723236], [-486.956420898, 1369.94616699, -332.057037354, -76.604019165, 79.6259994507, -120.916786194, 173.600921631, 50.4164810181, 151.276855469, 13.7365474701, 48.3525276184, -15.6331453323, 32.994682312], [-1076.90698242, -332.057037354, 1126.87548828, 401.389648438, 191.431259155, 291.068908691, 172.984512329, 162.197357178, 38.2644958496, 25.084980011, -36.9063568115, 17.6400928497, -33.8295593262], [882.419006348, -76.604019165, 401.389648438, 546.561096191, 215.243026733, 236.214294434, 87.4726104736, 36.1203994751, -14.3650150299, -14.7314462662, -22.0164318085, 16.9127216339, 5.55210065842], [-312.279632568, 79.6259994507, 191.431259155, 215.243026733, 360.832397461, 183.532943726, 119.369064331, 56.8271064758, 50.2633743286, 25.9146080017, 31.0626945496, 17.6471252441, 0.866153419018], [591.107910156, -120.916786194, 291.068908691, 236.214294434, 183.532943726, 281.813598633, 92.1964263916, 74.7762069702, 10.3962202072, 38.7888908386, 10.6075229645, 29.5034103394, -25.0628700256], [-991.362854004, 173.600921631, 172.984512329, 87.4726104736, 119.369064331, 92.1964263916, 201.138839722, 119.399162292, 69.7744064331, 16.9712333679, 30.1430168152, -2.21230697632, -3.5830821991], [-585.889770508, 50.4164810181, 162.197357178, 36.1203994751, 56.8271064758, 74.7762069702, 119.399162292, 179.916305542, 82.4016723633, 28.4655990601, 5.80728530884, 7.84766578674, -4.91598510742], [-771.120727539, 151.276855469, 38.2644958496, -14.3650150299, 50.2633743286, 10.3962202072, 69.7744064331, 82.4016723633, 155.558822632, 49.9842262268, 22.9020309448, -0.526501119137, 9.63969326019], [58.8188476562, 13.7365474701, 25.084980011, -14.7314462662, 25.9146080017, 38.7888908386, 16.9712333679, 28.4655990601, 49.9842262268, 100.939552307, 48.5743522644, 7.99635839462, -10.4809646606], [-281.42074585, 48.3525276184, -36.9063568115, -22.0164318085, 31.0626945496, 10.6075229645, 30.1430168152, 5.80728530884, 22.9020309448, 48.5743522644, 97.6275253296, 18.5251579285, -2.63229370117], [205.174087524, -15.6331453323, 17.6400928497, 16.9127216339, 17.6471252441, 29.5034103394, -2.21230697632, 7.84766578674, -0.526501119137, 7.99635839462, 18.5251579285, 85.5593719482, 32.8518943787], [-29.4107723236, 32.994682312, -33.8295593262, 5.55210065842, 0.866153419018, -25.0628700256, -3.5830821991, -4.91598510742, 9.63969326019, -10.4809646606, -2.63229370117, 32.8518943787, 75.9789276123]], "icov": [[7.67371820984e-05, -8.02178619779e-05, 0.000137526221806, -0.000187842495507, 0.000141301192343, -0.000356866483344, 0.000427745777415, -8.75350524439e-05, 0.000298941420624, -0.000292817363515, 0.000232492704527, -0.000101158155303, 8.15211478766e-06], [-8.02178619779e-05, 0.00126755307429, 0.000344492815202, -4.93645420647e-05, -0.000384241371648, 0.00122957467102, -0.00207473477349, 0.000570695323404, -0.00111872435082, 0.000139497613418, 8.98016514839e-05, -0.000193661107915, 0.000172576154], [0.000137526221806, 0.000344492815202, 0.0019634810742, -0.00121369282715, 0.000356007105438, -0.000875762314536, -0.000465435616206, -0.00058663089294, 0.000287721224595, -0.00101565755904, 0.00142934173346, -0.000626700290013, 0.000657598837279], [-0.000187842495507, -4.93645420647e-05, -0.00121369282715, 0.00429977755994, -0.00121155043598, -0.00167835329194, -0.000853164470755, 0.00104213750456, -0.000320710329106, 0.00194001651835, -0.000369897024939, 0.0010560262017, -0.00157961505465], [0.000141301192343, -0.000384241371648, 0.000356007105438, -0.00121155043598, 0.00549055682495, -0.00346281053498, -0.000640655402094, 0.00096231646603, -0.000781342561822, 9.64215578279e-05, -0.000672172289342, 9.79720352916e-05, -0.000657418335322], [-0.000356866483344, 0.00122957467102, -0.000875762314536, -0.00167835329194, -0.00346281053498, 0.0120096029714, -0.00412123650312, -0.00104565522633, 0.000281430984614, -0.0025484636426, 0.000702281948179, -0.0032287274953, 0.00383276073262], [0.000427745777415, -0.00207473477349, -0.000465435616206, -0.000853164470755, -0.000640655402094, -0.00412123650312, 0.0161218140274, -0.00710851047188, 0.00120938289911, 0.00195563700981, -0.00379934231751, 0.00262001226656, -0.00127827806864], [-8.75350524439e-05, 0.000570695323404, -0.00058663089294, 0.00104213750456, 0.00096231646603, -0.00104565522633, -0.00710851047188, 0.0125389639288, -0.00469185132533, -0.000547289149836, 0.00247185211629, -0.0017944079591, 0.000882385182194], [0.000298941420624, -0.00111872435082, 0.000287721224595, -0.000320710329106, -0.000781342561822, 0.000281430984614, 0.00120938289911, -0.00469185132533, 0.0130552547053, -0.00640404364094, 0.00148279569112, 0.000825233815704, -0.0022369348444], [-0.000292817363515, 0.000139497613418, -0.00101565755904, 0.00194001651835, 9.64215578279e-05, -0.0025484636426, 0.00195563700981, -0.000547289149836, -0.00640404364094, 0.0190619137138, -0.00939645059407, 0.00135068688542, 0.000979610485956], [0.000232492704527, 8.98016514839e-05, 0.00142934173346, -0.000369897024939, -0.000672172289342, 0.000702281948179, -0.00379934231751, 0.00247185211629, 0.00148279569112, -0.00939645059407, 0.0178304556757, -0.00502478238195, 0.00224055815488], [-0.000101158155303, -0.000193661107915, -0.000626700290013, 0.0010560262017, 9.79720352916e-05, -0.0032287274953, 0.00262001226656, -0.0017944079591, 0.000825233815704, 0.00135068688542, -0.00502478238195, 0.0175894591957, -0.00906779523939], [8.15211478766e-06, 0.000172576154, 0.000657598837279, -0.00157961505465, -0.000657418335322, 0.00383276073262, -0.00127827806864, 0.000882385182194, -0.0022369348444, 0.000979610485956, 0.00224055815488, -0.00906779523939, 0.019183896482]]}, "melbands": {"dmean": [0.00199994188733, 0.00228390609846, 0.000812430283986, 0.00100722070783, 0.000493108062074, 0.000360193575034, 0.000108505169919, 4.44459656137e-05, 4.9782142014e-05, 6.75239862176e-05, 5.65157606616e-05, 3.01575037156e-05, 5.00240457768e-05, 2.44204820774e-05, 4.46326048404e-05, 3.56548407581e-05, 3.9849535824e-05, 1.59369628818e-05, 1.81401337613e-05, 1.19635378724e-05, 1.00524848676e-05, 4.57145233668e-06, 2.85465080196e-06, 3.43977308148e-06, 2.61203217633e-06, 1.61244690844e-06, 1.64337063779e-06, 1.134866352e-06, 1.03713750832e-06, 9.45565204802e-07, 1.26920576804e-06, 1.11891711185e-06, 9.00165844087e-07, 6.80011396526e-07, 1.11897304578e-06, 5.61661977372e-07, 3.38069696681e-07, 2.62906297621e-07, 2.7152458415e-07, 2.53187408816e-07], "dmean2": [0.00333506427705, 0.00361592695117, 0.00132867507637, 0.00164193974342, 0.000792099221144, 0.000541189510841, 0.000159838091349, 6.72317182762e-05, 7.36818183213e-05, 9.79483229457e-05, 8.03489092505e-05, 4.20581527578e-05, 6.7636698077e-05, 3.56455529982e-05, 6.43981620669e-05, 5.56809573027e-05, 6.34564130451e-05, 2.44856328209e-05, 2.84979341814e-05, 1.86191737157e-05, 1.57642152772e-05, 7.01091312294e-06, 4.3177428779e-06, 5.23594917468e-06, 4.07806601288e-06, 2.34778531194e-06, 2.41511452259e-06, 1.78483810487e-06, 1.5117369685e-06, 1.38150699058e-06, 1.89244951798e-06, 1.69577856468e-06, 1.34510946737e-06, 9.72380007624e-07, 1.76608205038e-06, 8.35529249343e-07, 4.9696836868e-07, 3.81819518225e-07, 3.75384360041e-07, 3.61845422958e-07], "dvar": [2.59000808001e-05, 2.63336369244e-05, 4.79206619275e-06, 5.99202758167e-06, 8.0530918467e-07, 5.64530068914e-07, 5.29121280124e-08, 6.86617251944e-09, 6.24858209619e-09, 1.50255861087e-08, 1.29447670361e-08, 8.17262790775e-09, 7.32925187208e-08, 4.29543423053e-09, 1.62834918882e-08, 7.95179477819e-09, 1.18208340893e-08, 2.46957010397e-09, 2.14021378397e-09, 1.67111713356e-09, 4.79311534907e-10, 1.00110392198e-10, 4.28667136509e-11, 7.57787235739e-11, 3.02113438433e-11, 1.39024026666e-11, 2.68984990531e-11, 9.42339956067e-12, 3.98080787084e-12, 3.85829215799e-12, 1.05795858185e-11, 1.05075999984e-11, 4.7283531257e-12, 2.66693069538e-12, 7.81429435048e-12, 1.45131400387e-12, 4.55608749513e-13, 3.16272534421e-13, 3.13814864936e-13, 2.77951761e-13], "dvar2": [6.6203152528e-05, 6.46873813821e-05, 1.17449653771e-05, 1.53029777721e-05, 1.99567261916e-06, 1.03587080957e-06, 9.98367681859e-08, 1.69687748297e-08, 1.25696137943e-08, 2.81393575108e-08, 2.2107689901e-08, 1.40234437396e-08, 1.27268833694e-07, 8.51622772302e-09, 2.88894277389e-08, 2.02714360853e-08, 3.27797486932e-08, 5.62214275135e-09, 5.50960921331e-09, 4.29416813219e-09, 1.17317000559e-09, 2.21183085736e-10, 8.95384669186e-11, 1.61961527523e-10, 7.13137604524e-11, 2.76383759629e-11, 4.37034991529e-11, 2.03088813128e-11, 8.17343935589e-12, 8.27552002619e-12, 2.52176526189e-11, 2.59033419714e-11, 1.09882346278e-11, 5.14132703425e-12, 1.92316353814e-11, 3.41936201576e-12, 1.02553013824e-12, 6.18459331057e-13, 5.56441882588e-13, 5.94590457599e-13], "max": [0.0464138276875, 0.045466542244, 0.02530827187, 0.0241826232523, 0.021887762472, 0.0260332487524, 0.0064320107922, 0.00169012183324, 0.002395901829, 0.0033597163856, 0.00268919602968, 0.00342663004994, 0.0151772303507, 0.00168889586348, 0.00297233834863, 0.00177241512574, 0.00263113109395, 0.00120144907851, 0.0010015105363, 0.00129461719189, 0.000521181151271, 0.000251867051702, 0.000165614925209, 0.000301494816085, 7.88934557931e-05, 6.46252883598e-05, 0.000133750480018, 8.34866659716e-05, 3.03932829411e-05, 3.14461358357e-05, 8.67577255121e-05, 6.89090084052e-05, 3.41479790222e-05, 3.28089226969e-05, 3.6710222048e-05, 2.08661895158e-05, 8.86798989086e-06, 7.63919069868e-06, 5.9290059653e-06, 5.74612749915e-06], "mean": [0.0022551191505, 0.00308349612169, 0.000757762871217, 0.00107805908192, 0.000827131851111, 0.00074065476656, 0.000256400177022, 0.000141600554343, 0.000109847649583, 0.000134690213599, 0.000104958584416, 5.06898541062e-05, 8.04889496067e-05, 3.90392451664e-05, 6.14603122813e-05, 5.46732226212e-05, 5.90435374761e-05, 2.2348267521e-05, 3.16605110129e-05, 2.09540103242e-05, 1.61003918038e-05, 7.06313358023e-06, 4.08712776334e-06, 4.56934640169e-06, 3.451078328e-06, 2.28733642871e-06, 2.47151569965e-06, 1.62547826221e-06, 1.48455433191e-06, 1.37316874316e-06, 1.6311237232e-06, 1.47820230723e-06, 1.17677825529e-06, 8.79274580257e-07, 1.11033739358e-06, 6.80394236952e-07, 4.53722520888e-07, 3.54666269686e-07, 3.5931026332e-07, 3.13176968803e-07], "median": [0.000472539890325, 0.000603001273703, 0.000137267517857, 0.000238090811763, 0.000447953178082, 0.000362633902114, 0.000111703346192, 6.42799568595e-05, 5.40936925972e-05, 7.39743481972e-05, 4.77149951621e-05, 1.07648556877e-05, 1.3779929759e-05, 1.31919705382e-05, 1.07985233626e-05, 1.02456851891e-05, 9.31063914322e-06, 3.35468212143e-06, 5.49470223632e-06, 4.26427459388e-06, 4.35819129052e-06, 1.94290623767e-06, 1.28039732772e-06, 1.4028332771e-06, 1.02595220142e-06, 7.922160421e-07, 7.0844248512e-07, 4.45578706376e-07, 5.27352881363e-07, 4.66961239454e-07, 4.81135316477e-07, 4.49293310112e-07, 3.31244820018e-07, 2.10126103184e-07, 2.16198273506e-07, 1.71591779008e-07, 9.18194302812e-08, 7.10016720973e-08, 6.56524861142e-08, 5.24576400096e-08], "min": [1.10652966973e-24, 1.11591247994e-24, 1.44178608812e-24, 1.93488647389e-24, 1.42883900712e-24, 2.07002781329e-24, 8.74702185129e-25, 2.22561307468e-24, 2.33853930213e-24, 2.65247596569e-24, 4.80373416689e-24, 2.53837472993e-24, 3.04388843369e-24, 3.21397966385e-24, 3.12241914238e-24, 2.65295736806e-24, 2.69783329837e-24, 2.73708977803e-24, 3.53712687013e-24, 4.51670712653e-24, 4.45078202068e-24, 3.91159756411e-24, 4.3498685671e-24, 4.26888686758e-24, 6.18458587768e-24, 5.33167617227e-24, 5.63735464545e-24, 5.58863577923e-24, 4.83757827188e-24, 3.35478048859e-24, 4.59240266912e-24, 6.37953628432e-24, 4.1471163261e-24, 6.40629365737e-24, 5.48475502536e-24, 5.90817729953e-24, 6.47090057664e-24, 6.23072359101e-24, 6.94742857252e-24, 6.43376021637e-24], "var": [2.47256321018e-05, 3.21763218381e-05, 4.25309463026e-06, 5.49573860553e-06, 1.25130395645e-06, 1.52809866449e-06, 1.98365327719e-07, 3.39203047872e-08, 2.16953477405e-08, 3.80145799284e-08, 3.3238119812e-08, 2.10216750673e-08, 1.70881321537e-07, 8.85669138029e-09, 3.5435117951e-08, 1.64341482645e-08, 2.14489634942e-08, 4.56300686125e-09, 7.33275395959e-09, 5.1029749315e-09, 1.28615229578e-09, 2.90905188827e-10, 6.552688947e-11, 1.16706366793e-10, 4.59021431976e-11, 2.26355496846e-11, 5.23438757616e-11, 2.06373199779e-11, 6.48215509047e-12, 5.99344966018e-12, 1.19438382795e-11, 1.12160194327e-11, 6.02556546325e-12, 4.10466712703e-12, 7.50729513277e-12, 1.78379956205e-12, 7.3118876405e-13, 5.180751661e-13, 5.49811552623e-13, 4.06274216743e-13]}, "mfcc": {"mean": [-698.131713867, 142.26852417, 10.2174777985, 16.5605106354, -0.677884757519, 7.23954916, -9.9335565567, -2.70533514023, -2.55231738091, -1.96449041367, 0.263951718807, -1.3424847126, -1.55536794662], "cov": [[12156.0683594, 850.00970459, -76.0100860596, 260.560333252, 516.419799805, 563.345092773, 169.09324646, -73.2215423584, -149.466140747, -144.671264648, -211.539978027, -153.023132324, 29.1664352417], [850.00970459, 1579.22875977, -271.428161621, 76.4032897949, -76.4759674072, 18.0892047882, -68.1377105713, 5.80679750443, 5.54108667374, 5.44746732712, 87.6524658203, 29.3625335693, 14.8242473602], [-76.0100860596, -271.428161621, 865.127563477, 207.022506714, 156.441223145, 128.048828125, 120.441589355, 126.540611267, 128.240066528, 69.7200469971, 29.4239807129, 62.750087738, 18.720375061], [260.560333252, 76.4032897949, 207.022506714, 298.556793213, 159.312789917, 154.50189209, 108.733482361, 105.439163208, 79.0760803223, 20.9581546783, 4.02064561844, -2.61828565598, 25.5168399811], [516.419799805, -76.4759674072, 156.441223145, 159.312789917, 260.684539795, 183.308029175, 124.708747864, 94.3160858154, 66.5231933594, 32.5875511169, -1.62472760677, 19.5412406921, 32.955291748], [563.345092773, 18.0892047882, 128.048828125, 154.50189209, 183.308029175, 250.373046875, 135.641418457, 97.0305633545, 51.8015823364, 5.4045920372, 13.4729194641, 23.1842021942, 40.5956726074], [169.09324646, -68.1377105713, 120.441589355, 108.733482361, 124.708747864, 135.641418457, 204.179870605, 105.056610107, 39.7549209595, 27.8349971771, 27.3701400757, 30.2444190979, 17.1713123322], [-73.2215423584, 5.80679750443, 126.540611267, 105.439163208, 94.3160858154, 97.0305633545, 105.056610107, 179.312133789, 88.9605178833, 32.3697471619, 15.2668876648, 35.8635101318, 36.5174560547], [-149.466140747, 5.54108667374, 128.240066528, 79.0760803223, 66.5231933594, 51.8015823364, 39.7549209595, 88.9605178833, 134.007354736, 62.3321800232, 17.8637580872, 12.7007741928, 32.6742935181], [-144.671264648, 5.44746732712, 69.7200469971, 20.9581546783, 32.5875511169, 5.4045920372, 27.8349971771, 32.3697471619, 62.3321800232, 120.169685364, 68.0986480713, 23.7020835876, 2.82509064674], [-211.539978027, 87.6524658203, 29.4239807129, 4.02064561844, -1.62472760677, 13.4729194641, 27.3701400757, 15.2668876648, 17.8637580872, 68.0986480713, 134.354858398, 62.4626541138, -12.8386869431], [-153.023132324, 29.3625335693, 62.750087738, -2.61828565598, 19.5412406921, 23.1842021942, 30.2444190979, 35.8635101318, 12.7007741928, 23.7020835876, 62.4626541138, 108.017539978, 30.4023303986], [29.1664352417, 14.8242473602, 18.720375061, 25.5168399811, 32.955291748, 40.5956726074, 17.1713123322, 36.5174560547, 32.6742935181, 2.82509064674, -12.8386869431, 30.4023303986, 93.5132827759]], "icov": [[0.000115427399578, -9.33964474825e-05, -2.43789563683e-05, 8.70172225405e-05, -0.000220155154238, -0.000248191849096, -5.60063472221e-06, 0.000130180153064, 0.000218914530706, -7.57579182391e-05, 0.000205275107874, 0.0001264600578, 8.32980367704e-06], [-9.33964474825e-05, 0.000893521821126, 0.000388024083804, -0.000732290151063, 0.000695541501045, -0.000174202068592, 0.000541972345673, -0.000246223702561, -0.00027271694853, 0.000133338209707, -0.000732678628992, -0.000332131283358, -6.45869149594e-05], [-2.43789563683e-05, 0.000388024083804, 0.00180060986895, -0.00115964654833, 0.000209089135751, -0.000131967943162, -1.631698251e-05, 9.2380134447e-05, -0.00114684947766, -0.000360844016541, 0.000498514564242, -0.00156040361617, 0.000839953718241], [8.70172225405e-05, -0.000732290151063, -0.00115964654833, 0.00714907795191, -0.00244188867509, -0.00134201068431, -0.00079014361836, -0.00102488475386, -0.000923052837607, 0.00110780668911, -0.000784406904131, 0.00289227394387, -0.000400161225116], [-0.000220155154238, 0.000695541501045, 0.000209089135751, -0.00244188867509, 0.0108167026192, -0.00540382834151, -0.00096447893884, 8.69119467097e-05, -0.000967145548202, -0.00327903451398, 0.00311016989872, -0.00246293004602, 0.000924692256376], [-0.000248191849096, -0.000174202068592, -0.000131967943162, -0.00134201068431, -0.00540382834151, 0.012076811865, -0.00330098392442, -0.000737919472158, -0.000782731745858, 0.00415954831988, -0.00361101748422, 0.00132950895932, -0.00272660213523], [-5.60063472221e-06, 0.000541972345673, -1.631698251e-05, -0.00079014361836, -0.00096447893884, -0.00330098392442, 0.0103532839566, -0.00440400186926, 0.00272092921659, -0.00148533191532, -0.0009843633743, -0.000370159221347, 0.00080563739175], [0.000130180153064, -0.000246223702561, 9.2380134447e-05, -0.00102488475386, 8.69119467097e-05, -0.000737919472158, -0.00440400186926, 0.0126719996333, -0.00654055597261, 0.000935309974011, 0.00171550246887, -0.00305768474936, -0.000103810918517], [0.000218914530706, -0.00027271694853, -0.00114684947766, -0.000923052837607, -0.000967145548202, -0.000782731745858, 0.00272092921659, -0.00654055597261, 0.0177158899605, -0.00765456818044, 0.000913458585273, 0.0028538829647, -0.00356970750727], [-7.57579182391e-05, 0.000133338209707, -0.000360844016541, 0.00110780668911, -0.00327903451398, 0.00415954831988, -0.00148533191532, 0.000935309974011, -0.00765456818044, 0.0181836951524, -0.0101363379508, 0.00301243062131, -0.00121600879356], [0.000205275107874, -0.000732678628992, 0.000498514564242, -0.000784406904131, 0.00311016989872, -0.00361101748422, -0.0009843633743, 0.00171550246887, 0.000913458585273, -0.0101363379508, 0.0190799683332, -0.0105583304539, 0.00618798378855], [0.0001264600578, -0.000332131283358, -0.00156040361617, 0.00289227394387, -0.00246293004602, 0.00132950895932, -0.000370159221347, -0.00305768474936, 0.0028538829647, 0.00301243062131, -0.0105583304539, 0.0190418940037, -0.00763932010159], [8.32980367704e-06, -6.45869149594e-05, 0.000839953718241, -0.000400161225116, 0.000924692256376, -0.00272660213523, 0.00080563739175, -0.000103810918517, -0.00356970750727, -0.00121600879356, 0.00618798378855, -0.00763932010159, 0.0160099677742]]}, "spectral_contrast_coeffs": {"dmean": [0.0556542500854, 0.0447703078389, 0.0404549278319, 0.0339382179081, 0.0220982432365, 0.0172200035304], "dmean2": [0.0897730886936, 0.0717936307192, 0.0618869327009, 0.0536178685725, 0.0348550267518, 0.0268961489201], "dvar": [0.00245865387842, 0.0014276097063, 0.00112806167454, 0.000793070299551, 0.000403176178224, 0.000271558208624], "dvar2": [0.00566850649193, 0.00365364085883, 0.00253029726446, 0.00183277658653, 0.000888641749043, 0.00065385713242], "max": [-0.228289291263, -0.415800571442, -0.486229270697, -0.539786159992, -0.596729159355, -0.651611983776], "mean": [-0.628702819347, -0.669772744179, -0.728209674358, -0.770314693451, -0.810219764709, -0.775168597698], "median": [-0.636660933495, -0.662782430649, -0.724966049194, -0.774787902832, -0.813730478287, -0.774490058422], "min": [-0.981599092484, -0.985493957996, -0.986580848694, -0.989235699177, -0.989839911461, -0.971164226532], "var": [0.0125213321298, 0.00606577750295, 0.00534754106775, 0.00430189957842, 0.00186601479072, 0.00147017335985]}, "spectral_contrast_valleys": {"dmean": [0.477292954922, 0.36840480566, 0.375795572996, 0.36997744441, 0.355419009924, 0.519577920437], "dmean2": [0.742858827114, 0.577991127968, 0.564014852047, 0.52514564991, 0.458899915218, 0.576943397522], "dvar": [0.27900698781, 0.13251504302, 0.144178792834, 0.157315984368, 0.17882783711, 0.305451273918], "dvar2": [0.478577524424, 0.260736703873, 0.261075228453, 0.261324197054, 0.28386849165, 0.562001287937], "max": [-4.54192018509, -4.99488782883, -5.80206823349, -5.90064382553, -5.97