{"lowlevel": {"average_loudness": 0.733937501907, "barkbands_crest": {"dmean": 2.36339449883, "dmean2": 3.64183568954, "dvar": 5.53785419464, "dvar2": 12.7506170273, "max": 25.8450679779, "mean": 12.2476034164, "median": 11.6645288467, "min": 3.16768407822, "var": 16.6351642609}, "barkbands_flatness_db": {"dmean": 0.0394577048719, "dmean2": 0.0586923733354, "dvar": 0.00167907320429, "dvar2": 0.00372621417046, "max": 0.6000623703, "mean": 0.301148086786, "median": 0.275435864925, "min": 0.0298038292676, "var": 0.0129827735946}, "barkbands_kurtosis": {"dmean": 6.69953680038, "dmean2": 9.88710784912, "dvar": 265.121704102, "dvar2": 589.573791504, "max": 405.122467041, "mean": 9.40841007233, "median": 3.10464954376, "min": -1.88602185249, "var": 383.98449707}, "barkbands_skewness": {"dmean": 0.848260760307, "dmean2": 1.15586733818, "dvar": 1.00358843803, "dvar2": 1.95443701744, "max": 18.0844135284, "mean": 1.84352099895, "median": 1.65978741646, "min": -4.20467376709, "var": 3.78269791603}, "barkbands_spread": {"dmean": 4.68288850784, "dmean2": 7.23104858398, "dvar": 43.1165428162, "dvar2": 103.477470398, "max": 102.501014709, "mean": 11.2434091568, "median": 8.70079994202, "min": 0.29073870182, "var": 94.0599594116}, "dissonance": {"dmean": 0.0431852303445, "dmean2": 0.0727076381445, "dvar": 0.00222241342999, "dvar2": 0.00601670984179, "max": 0.499999970198, "mean": 0.40173599124, "median": 0.430180042982, "min": 0.0218168552965, "var": 0.00748079409823}, "dynamic_complexity": 4.55133247375, "erbbands_crest": {"dmean": 3.32818508148, "dmean2": 4.92115974426, "dvar": 9.12101650238, "dvar2": 19.1064929962, "max": 33.6450767517, "mean": 11.8367300034, "median": 10.6108484268, "min": 2.53901863098, "var": 30.9401187897}, "erbbands_flatness_db": {"dmean": 0.027816189453, "dmean2": 0.0406325049698, "dvar": 0.000796115491539, "dvar2": 0.00161629077047, "max": 0.621791541576, "mean": 0.270290970802, "median": 0.239195421338, "min": 0.0460756793618, "var": 0.0120524968952}, "erbbands_kurtosis": {"dmean": 2.46515154839, "dmean2": 3.63006567955, "dvar": 29.9415149689, "dvar2": 57.7476387024, "max": 246.156677246, "mean": 2.80481696129, "median": 0.850611448288, "min": -1.84087276459, "var": 85.0764312744}, "erbbands_skewness": {"dmean": 0.564061105251, "dmean2": 0.841563224792, "dvar": 0.327121049166, "dvar2": 0.749307632446, "max": 10.7641172409, "mean": 0.398060202599, "median": 0.343415647745, "min": -4.14414691925, "var": 1.25469589233}, "erbbands_spread": {"dmean": 11.7325677872, "dmean2": 17.5683422089, "dvar": 234.55581665, "dvar2": 489.506225586, "max": 151.125671387, "mean": 30.5057601929, "median": 23.8221111298, "min": 0.465317875147, "var": 667.749267578}, "hfc": {"dmean": 9.82500839233, "dmean2": 14.9539413452, "dvar": 298.430541992, "dvar2": 709.123779297, "max": 238.508544922, "mean": 14.6823940277, "median": 7.89981508255, "min": 1.21656430538e-16, "var": 381.357330322}, "melbands_crest": {"dmean": 2.61171174049, "dmean2": 4.00237607956, "dvar": 6.67687892914, "dvar2": 15.2977018356, "max": 31.9159927368, "mean": 15.5736303329, "median": 15.1116085052, "min": 1.78563141823, "var": 22.6105155945}, "melbands_flatness_db": {"dmean": 0.0476505681872, "dmean2": 0.0685531198978, "dvar": 0.00245031039231, "dvar2": 0.00541156157851, "max": 0.768730401993, "mean": 0.380991786718, "median": 0.350679546595, "min": 0.0065826526843, "var": 0.0236128624529}, "melbands_kurtosis": {"dmean": 13.7355089188, "dmean2": 19.7153301239, "dvar": 800.98638916, "dvar2": 1498.18151855, "max": 651.184265137, "mean": 22.9441604614, "median": 9.09347438812, "min": -1.86696374416, "var": 1688.37060547}, "melbands_skewness": {"dmean": 1.05668735504, "dmean2": 1.47769403458, "dvar": 1.51169371605, "dvar2": 2.83055782318, "max": 19.0283107758, "mean": 2.85922026634, "median": 2.52826857567, "min": -3.04528546333, "var": 6.13134717941}, "melbands_spread": {"dmean": 5.4660077095, "dmean2": 8.15254878998, "dvar": 110.083106995, "dvar2": 235.91242981, "max": 187.708892822, "mean": 12.3427200317, "median": 7.89450216293, "min": 0.427546441555, "var": 281.309082031}, "pitch_salience": {"dmean": 0.0701834261417, "dmean2": 0.108414649963, "dvar": 0.00479223299772, "dvar2": 0.0116098038852, "max": 0.919073343277, "mean": 0.495233237743, "median": 0.491668105125, "min": 0.0612461380661, "var": 0.0131453368813}, "silence_rate_20dB": {"dmean": 0, "dmean2": 0, "dvar": 0, "dvar2": 0, "max": 1, "mean": 1, "median": 1, "min": 1, "var": 0}, "silence_rate_30dB": {"dmean": 0.0485741905868, "dmean2": 0.0971601232886, "dvar": 0.0462141260505, "dvar2": 0.100290887058, "max": 1, "mean": 0.937054514885, "median": 1, "min": 0, "var": 0.0589871965349}, "silence_rate_60dB": {"dmean": 0.017883034423, "dmean2": 0.035770393908, "dvar": 0.0175638440996, "dvar2": 0.0405352562666, "max": 1, "mean": 0.0830010846257, "median": 0, "min": 0, "var": 0.0761143490672}, "spectral_centroid": {"dmean": 250.530258179, "dmean2": 382.161071777, "dvar": 145416.078125, "dvar2": 304447.28125, "max": 11167.2294922, "mean": 791.887329102, "median": 610.120300293, "min": 151.943710327, "var": 475736.78125}, "spectral_complexity": {"dmean": 3.72667956352, "dmean2": 5.8960723877, "dvar": 34.5499649048, "dvar2": 75.5604095459, "max": 63, "mean": 11.0907335281, "median": 10, "min": 0, "var": 63.6952934265}, "spectral_decrease": {"dmean": 4.23143475814e-09, "dmean2": 6.42015063335e-09, "dvar": 8.66103497015e-17, "dvar2": 1.81565443006e-16, "max": 8.08653140081e-21, "mean": -1.10218127958e-08, "median": -7.36213312535e-09, "min": -1.13875181285e-07, "var": 1.57113190006e-16}, "spectral_energy": {"dmean": 0.0167327933013, "dmean2": 0.0253242347389, "dvar": 0.00128309649881, "dvar2": 0.00268843071535, "max": 0.432839363813, "mean": 0.0429306179285, "median": 0.0286854747683, "min": 1.08314389829e-20, "var": 0.00234038359486}, "spectral_energyband_high": {"dmean": 0.000567333016079, "dmean2": 0.000928740133531, "dvar": 2.42228520619e-06, "dvar2": 6.05110517427e-06, "max": 0.0316661261022, "mean": 0.000569398398511, "median": 4.93368206662e-05, "min": 7.57253154637e-21, "var": 2.55215127254e-06}, "spectral_energyband_low": {"dmean": 0.0111661646515, "dmean2": 0.0171914603561, "dvar": 0.00111860968173, "dvar2": 0.0023872803431, "max": 0.425476908684, "mean": 0.0288019888103, "median": 0.014878119342, "min": 2.1638926369e-23, "var": 0.00175919814501}, "spectral_energyband_middle_high": {"dmean": 0.00441135745496, "dmean2": 0.0065340930596, "dvar": 8.38302730699e-05, "dvar2": 0.000194307009224, "max": 0.16264693439, "mean": 0.00503641599789, "median": 0.00104830192868, "min": 1.38571796336e-21, "var": 0.000109377098852}, "spectral_energyband_middle_low": {"dmean": 0.00513866217807, "dmean2": 0.00833547115326, "dvar": 0.000103952304926, "dvar2": 0.000275094789686, "max": 0.160837963223, "mean": 0.0114239575341, "median": 0.00821537151933, "min": 2.13989993734e-22, "var": 0.000169812206877}, "spectral_entropy": {"dmean": 0.33743467927, "dmean2": 0.48618260026, "dvar": 0.129833981395, "dvar2": 0.277164816856, "max": 9.80529022217, "mean": 6.59902906418, "median": 6.75927686691, "min": 3.20742964745, "var": 1.08998036385}, "spectral_flux": {"dmean": 0.0379606038332, "dmean2": 0.0556307658553, "dvar": 0.00296597438864, "dvar2": 0.00560065777972, "max": 0.543605864048, "mean": 0.0791306197643, "median": 0.0524135380983, "min": 6.92085208587e-11, "var": 0.00645260931924}, "spectral_kurtosis": {"dmean": 27.0523319244, "dmean2": 46.3350715637, "dvar": 3573.28125, "dvar2": 10791.4033203, "max": 854.969726562, "mean": 66.4449310303, "median": 5.42685890198, "min": -1.23351848125, "var": 18065.5996094}, "spectral_rms": {"dmean": 0.00101704976987, "dmean2": 0.00150382821448, "dvar": 2.64172217612e-06, "dvar2": 5.30802799403e-06, "max": 0.0205495096743, "mean": 0.0056259133853, "median": 0.00529016321525, "min": 3.25073171506e-12, "var": 1.02326939668e-05}, "spectral_rolloff": {"dmean": 282.688934326, "dmean2": 475.393188477, "dvar": 513723.9375, "dvar2": 1113091.125, "max": 20779.5410156, "mean": 722.681091309, "median": 409.130859375, "min": 21.533203125, "var": 1293634.375}, "spectral_skewness": {"dmean": 1.03038489819, "dmean2": 1.65211164951, "dvar": 1.99621665478, "dvar2": 5.52054405212, "max": 23.1190395355, "mean": 4.10845470428, "median": 1.87983632088, "min": -0.643329024315, "var": 27.107635498}, "spectral_spread": {"dmean": 647415.0625, "dmean2": 932698.625, "dvar": 643288858624, "dvar2": 1105726144510.0, "max": 41216928, "mean": 3031845.5, "median": 3061041.25, "min": 122110.4375, "var": 3390522261500.0}, "spectral_strongpeak": {"dmean": 0.511898815632, "dmean2": 0.856766104698, "dvar": 1.10934329033, "dvar2": 2.65334796906, "max": 13.6069736481, "mean": 0.761982440948, "median": 0.333534747362, "min": 0, "var": 1.40975964069}, "zerocrossingrate": {"dmean": 0.0076258839108, "dmean2": 0.00923538953066, "dvar": 0.000130716493004, "dvar2": 0.000148609280586, "max": 0.5146484375, "mean": 0.0312139559537, "median": 0.0234375, "min": 0, "var": 0.00111844413914}, "barkbands": {"dmean": [0.000293949386105, 0.00908484496176, 0.00379416975193, 0.00175199378282, 0.001402041642, 0.000749682832975, 0.000411080312915, 0.000425282894867, 0.00126591778826, 0.00203236844391, 0.0014974110527, 0.000856609607581, 0.000233035854762, 0.0002141543373, 0.000118468989967, 9.81603297987e-05, 0.000101784178696, 5.68862742512e-05, 6.05901805102e-05, 0.000116095048725, 0.00020045900601, 0.000143071360071, 0.000121306933579, 5.24893548572e-05, 5.53105564904e-07, 2.25742724069e-07, 3.23126947421e-08], "dmean2": [0.000504227587953, 0.014584813267, 0.00666357157752, 0.00303922174498, 0.00225349375978, 0.00112865236588, 0.000679468212184, 0.000694863905665, 0.0020927451551, 0.0029408314731, 0.00226004421711, 0.0014334161533, 0.000380600366043, 0.000360536738299, 0.000205910298973, 0.000176438945346, 0.0001855372102, 9.95046648313e-05, 0.000107810323243, 0.000198833935428, 0.000337693461915, 0.000235011626501, 0.000204251453397, 8.85784538696e-05, 9.51935135163e-07, 4.11548569446e-07, 5.95411826509e-08], "dvar": [1.18336390642e-06, 0.000910487957299, 0.000190081278561, 3.5909590224e-05, 1.10434184535e-05, 1.83527254194e-06, 6.40781365746e-07, 1.4989606143e-06, 1.31427732413e-05, 2.97005717584e-05, 2.81413322227e-05, 6.06026105743e-06, 4.3474432232e-07, 2.57388762748e-07, 1.03639727911e-07, 6.09476842328e-08, 7.26419173702e-08, 2.90614323717e-08, 5.86693040816e-08, 1.00057391705e-07, 4.68000138198e-07, 1.55097822585e-07, 1.31327055897e-07, 2.70610946984e-08, 4.99814903007e-12, 1.90018942421e-12, 3.59853274024e-14], "dvar2": [3.1855151974e-06, 0.00216031470336, 0.000559846113902, 9.65848885244e-05, 3.0433118809e-05, 4.5936776587e-06, 1.73562682448e-06, 3.92084257328e-06, 3.45381413354e-05, 6.64202816552e-05, 6.65570842102e-05, 1.57757276611e-05, 1.05797550987e-06, 6.60797240926e-07, 2.8328312851e-07, 1.70826226054e-07, 2.06041789852e-07, 7.80438966785e-08, 1.64805229019e-07, 2.56849801872e-07, 1.27606256228e-06, 3.89799964751e-07, 3.32839135808e-07, 7.20756077044e-08, 1.3364597623e-11, 5.30947508182e-12, 1.01237113582e-13], "max": [0.0140241570771, 0.397475242615, 0.189833953977, 0.132882878184, 0.0562996007502, 0.0241465903819, 0.0104591269046, 0.0132973510772, 0.0782136917114, 0.13221167028, 0.143285542727, 0.050295971334, 0.0162890143692, 0.0079099945724, 0.0066035259515, 0.00424734549597, 0.00573989516124, 0.00424469076097, 0.00490577658638, 0.00722376909107, 0.011676219292, 0.00830793939531, 0.00843258854002, 0.00204397574998, 4.20360338467e-05, 2.54425940511e-05, 3.33471416525e-06], "mean": [0.000486041273689, 0.0178686138242, 0.0080182692036, 0.00351451756433, 0.00274558109231, 0.00152484455612, 0.000620308273938, 0.000560835294891, 0.00155430636369, 0.00248526199721, 0.0014496933436, 0.000697083538398, 0.000214315950871, 0.00019575614715, 0.000108464351797, 8.56381593621e-05, 9.50153626036e-05, 4.97964538226e-05, 5.11475773237e-05, 0.000106394007162, 0.00019442923076, 0.000147128201206, 0.000108729946078, 4.79143855046e-05, 4.35335778093e-07, 1.40943029692e-07, 1.98285583508e-08], "median": [0.000386297673685, 0.00786346383393, 0.00375013542362, 0.00145230384078, 0.00165397487581, 0.000935769057833, 0.00029448166606, 0.000146530830534, 0.00024400188704, 0.000257203471847, 8.81878077053e-05, 7.03003679519e-05, 2.73610803561e-05, 2.05020896829e-05, 2.10837024497e-05, 1.39839976327e-05, 1.97946774279e-05, 8.56047790876e-06, 5.63604453419e-06, 1.06320203486e-05, 1.92237712326e-05, 1.00538800325e-05, 5.5757213886e-06, 2.70834698313e-06, 1.69837228725e-08, 7.63724750108e-10, 4.62874488738e-10], "min": [1.95645846699e-24, 1.36761722803e-23, 3.51004014765e-24, 2.48194829824e-24, 4.90259981645e-23, 2.43805982456e-23, 9.45589502174e-24, 1.62190196544e-23, 7.33628398734e-23, 3.73544729056e-23, 5.34788434509e-23, 4.16252143852e-23, 6.00387961685e-23, 9.07479584511e-23, 1.46012044618e-22, 7.67349299424e-23, 6.86709665773e-23, 1.76848869838e-22, 2.70616600456e-22, 2.32898598357e-22, 4.02688551489e-22, 4.81751523559e-22, 5.06599859523e-22, 7.79945641032e-22, 1.07176707506e-21, 1.52866127595e-21, 2.24074261432e-21], "var": [9.0032119715e-07, 0.00100597064011, 0.000171770065208, 6.95874769008e-05, 1.36890994327e-05, 3.42431508216e-06, 8.49246021062e-07, 1.42967144257e-06, 1.32762661451e-05, 4.60090814158e-05, 2.96915623039e-05, 4.7678881856e-06, 4.11576394299e-07, 2.46516918878e-07, 8.15010849919e-08, 4.36234834922e-08, 5.04620061292e-08, 2.25250165187e-08, 4.08344789093e-08, 9.6601766586e-08, 3.85804753478e-07, 1.85137807307e-07, 1.18546111594e-07, 2.32595382954e-08, 3.61261910144e-12, 1.1518722174e-12, 2.14314345079e-14]}, "erbbands": {"dmean": [0.258999764919, 2.17067837715, 4.35587358475, 5.48711919785, 4.02224206924, 6.03254985809, 5.46998262405, 5.77440595627, 7.01896333694, 4.74700546265, 17.0897636414, 29.2279663086, 61.0637359619, 67.8105621338, 24.7549514771, 38.6448516846, 13.8988170624, 9.61825752258, 7.99803543091, 5.51167964935, 5.69046020508, 5.72731399536, 3.49450707436, 2.93313598633, 3.20574975014, 5.25077724457, 7.74701547623, 7.72526502609, 5.63173484802, 3.17326164246, 3.84690332413, 1.98707997799, 0.406729459763, 0.0237655993551, 0.00311616295949, 0.00125942868181, 0.000393739785068, 7.55128348828e-05, 1.41926175274e-05, 1.96694254555e-05], "dmean2": [0.413861423731, 3.60976314545, 7.62950372696, 9.40437602997, 6.73769903183, 9.7558889389, 8.37261581421, 8.74515533447, 11.4287414551, 7.32444906235, 27.0413990021, 49.108291626, 90.1212158203, 98.7825775146, 39.5202980042, 64.984588623, 22.0219097137, 15.9588327408, 13.6197900772, 9.51765537262, 10.2884635925, 10.4194126129, 6.23355007172, 5.20152759552, 5.54647159576, 9.02568340302, 13.0370616913, 12.9291257858, 9.26301002502, 5.22541666031, 6.54576253891, 3.3498237133, 0.673109233379, 0.0396700948477, 0.00546716852114, 0.00227495306171, 0.000710314372554, 0.000135258756927, 2.24958657782e-05, 2.96212092508e-05], "dvar": [0.804965734482, 53.3651199341, 224.345443726, 349.897888184, 157.846237183, 189.651748657, 116.448783875, 113.094734192, 158.874938965, 114.389320374, 2673.60131836, 8584.02050781, 24958.1972656, 40587.0039062, 6615.17285156, 13230.9941406, 1266.78186035, 532.852416992, 367.631347656, 193.771820068, 221.461120605, 226.988922119, 105.382949829, 107.449813843, 146.156921387, 233.895385742, 580.665649414, 732.715393066, 236.024200439, 81.6220932007, 136.176696777, 37.3240699768, 1.52550697327, 0.00559955323115, 0.000210446174606, 5.39686407137e-05, 5.36089237357e-06, 1.81725596349e-07, 1.92060545245e-09, 1.62492364009e-09], "dvar2": [1.82744455338, 137.195709229, 644.597229004, 998.883422852, 448.225952148, 501.247589111, 307.254486084, 269.356536865, 420.505187988, 282.437011719, 6760.06787109, 23342.1054688, 58323.875, 95637.1328125, 16965.0039062, 34733.1132812, 2983.33374023, 1334.57836914, 965.694213867, 520.721862793, 625.005249023, 641.874816895, 288.715209961, 300.944793701, 399.826690674, 605.032470703, 1544.8034668, 1974.56347656, 592.000061035, 203.668579102, 355.589630127, 98.2838439941, 3.93495726585, 0.0145211713389, 0.000561490363907, 0.000150164007209, 1.49504594447e-05, 5.04182935401e-07, 4.97248375808e-09, 3.40794192866e-09], "max": [9.53182506561, 96.2633972168, 193.162918091, 261.533996582, 304.668334961, 211.245452881, 141.476119995, 293.961914062, 178.534545898, 150.89515686, 733.396911621, 2081.00317383, 3314.39941406, 5564.81640625, 1887.45654297, 2452.51464844, 989.881713867, 377.54296875, 251.97883606, 337.10333252, 223.807983398, 332.152099609, 235.028213501, 190.230865479, 249.318862915, 321.890930176, 441.726257324, 620.166687012, 299.740966797, 203.447860718, 257.841064453, 84.6760253906, 14.2185688019, 0.824631154537, 0.289234429598, 0.151141449809, 0.0477774292231, 0.00723381061107, 0.00090473878663, 0.000467496458441], "mean": [0.442239642143, 4.19045257568, 9.12675952911, 12.6130180359, 8.39207077026, 10.1170024872, 11.0424757004, 11.3052492142, 11.2093582153, 7.51023054123, 23.8336868286, 32.8935165405, 72.8260726929, 73.8848495483, 22.8004207611, 30.9277591705, 13.6170873642, 9.30766868591, 7.311398983, 5.42043590546, 5.1044626236, 5.40939044952, 3.04135990143, 2.55418229103, 2.93351912498, 4.88076782227, 7.23481369019, 7.70579528809, 5.7928943634, 3.27952241898, 3.2730820179, 1.77330064774, 0.391108959913, 0.0213491525501, 0.00234069442376, 0.000837107305415, 0.000261884357315, 5.03938208567e-05, 2.48948163062e-05, 4.86041426484e-05], "median": [0.248707026243, 1.60839748383, 4.41536235809, 5.18519496918, 5.00302553177, 5.72283983231, 6.65707731247, 6.43467998505, 5.55216741562, 3.3514649868, 4.0786614418, 6.40139865875, 9.38477897644, 7.48897981644, 2.92861890793, 3.21583151817, 2.04624772072, 1.31274163723, 1.07416081429, 1.27458250523, 1.19904720783, 1.08146679401, 0.579795062542, 0.354363620281, 0.344653725624, 0.479724884033, 0.65954631567, 0.751585125923, 0.402274012566, 0.210683628917, 0.163729265332, 0.0978823676705, 0.0247738454491, 0.00124934199266, 0.000104424587335, 3.25782857544e-05, 1.55793240992e-05, 2.53223288382e-06, 1.50495343405e-05, 3.26233785017e-05], "min": [2.26948517161e-22, 2.03622341956e-21, 5.88378901147e-21, 9.19522726365e-21, 5.99352776753e-20, 2.26009162901e-19, 1.14645294195e-19, 2.59528382478e-19, 1.59482399579e-19, 2.08900844785e-19, 6.39622837029e-19, 1.89243972863e-18, 1.85066483294e-18, 7.83857751754e-19, 3.02470336945e-18, 2.47059844495e-18, 2.77127942479e-18, 4.35061433437e-18, 7.01189507451e-18, 4.78862383951e-18, 4.56179933501e-18, 4.05730229301e-18, 9.06592267464e-18, 1.12949188267e-17, 1.32320203113e-17, 1.20626375609e-17, 1.42917817782e-17, 1.5369477348e-17, 1.92728599406e-17, 1.39789040203e-17, 1.57079315305e-17, 1.53945723534e-17, 1.19452374709e-17, 1.08079915145e-17, 8.20060820867e-18, 4.21350914783e-18, 3.23726066273e-18, 1.18964216138e-18, 3.19018643446e-19, 3.35942668306e-20], "var": [0.806504487991, 55.290725708, 206.281738281, 539.808105469, 216.531967163, 217.988388062, 187.853149414, 235.151245117, 261.121582031, 149.932037354, 3289.18188477, 6933.60107422, 33184.5585938, 46101.4257812, 5590.28955078, 10002.4599609, 1314.06604004, 536.665771484, 323.141326904, 164.977264404, 148.28175354, 163.728912354, 77.5102462769, 78.0260009766, 110.33190918, 232.544723511, 494.464263916, 633.024108887, 290.736877441, 89.8916854858, 111.97505188, 31.8655414581, 1.45186781883, 0.00483421608806, 0.000146588819916, 3.32574163622e-05, 3.27968132297e-06, 1.12772745808e-07, 1.75114389656e-09, 2.95824076346e-09]}, "gfcc": {"mean": [-127.921333313, 187.284103394, -105.387565613, 32.1932983398, -59.0254745483, 8.94489479065, -6.25674343109, -17.741443634, 3.62721180916, -21.6979064941, -0.444101452827, -10.4737167358, 6.17152023315], "cov": [[25405.8769531, -3457.53955078, -4716.47705078, 5707.05273438, -1061.61193848, 2768.78466797, 1331.53979492, -137.843444824, 940.589599609, -822.098205566, -219.755355835, -601.090820312, 59.8855628967], [-3457.53955078, 3740.21386719, 1813.56567383, -2231.00292969, 1306.03027344, -766.11328125, 92.8848266602, 139.783721924, -148.258255005, 84.8519439697, 17.6969280243, 79.6243209839, -63.1679763794], [-4716.47705078, 1813.56567383, 2578.35888672, -1225.56262207, 475.039489746, -498.845947266, -145.21546936, 115.02872467, -207.516143799, 249.250091553, 52.5580596924, 29.4539394379, -65.338508606], [5707.05273438, -2231.00292969, -1225.56262207, 3028.7902832, -518.33996582, 834.734924316, 262.478393555, -73.6537704468, 440.36328125, -210.582061768, 18.5585956573, -141.554733276, 58.329334259], [-1061.61193848, 1306.03027344, 475.039489746, -518.33996582, 903.62890625, -234.926834106, 11.5626535416, 69.9983673096, -8.40555095673, 24.1716785431, 1.9823127985, 60.8756103516, -51.3183288574], [2768.78466797, -766.11328125, -498.845947266, 834.734924316, -234.926834106, 652.196228027, 209.354171753, -66.6298599243, 91.5656280518, -112.82926178, -8.50255775452, -108.605476379, 24.5478401184], [1331.53979492, 92.8848266602, -145.21546936, 262.478393555, 11.5626535416, 209.354171753, 325.38369751, -2.62208771706, 52.3236160278, -51.408657074, -24.5476055145, -30.4095344543, 14.3089389801], [-137.843444824, 139.783721924, 115.02872467, -73.6537704468, 69.9983673096, -66.6298599243, -2.62208771706, 133.981903076, 42.284992218, 10.6821193695, 8.20088100433, 17.5469837189, -15.1020450592], [940.589599609, -148.258255005, -207.516143799, 440.36328125, -8.40555095673, 91.5656280518, 52.3236160278, 42.284992218, 188.381256104, -28.7723503113, 16.509223938, -16.3886299133, 15.8514585495], [-822.098205566, 84.8519439697, 249.250091553, -210.582061768, 24.1716785431, -112.82926178, -51.408657074, 10.6821193695, -28.7723503113, 143.185974121, 17.7563304901, 13.3638134003, -24.3045940399], [-219.755355835, 17.6969280243, 52.5580596924, 18.5585956573, 1.9823127985, -8.50255775452, -24.5476055145, 8.20088100433, 16.509223938, 17.7563304901, 79.2503356934, 30.5708255768, 15.1658058167], [-601.090820312, 79.6243209839, 29.4539394379, -141.554733276, 60.8756103516, -108.605476379, -30.4095344543, 17.5469837189, -16.3886299133, 13.3638134003, 30.5708255768, 119.842979431, 23.1220188141], [59.8855628967, -63.1679763794, -65.338508606, 58.329334259, -51.3183288574, 24.5478401184, 14.3089389801, -15.1020450592, 15.8514585495, -24.3045940399, 15.1658058167, 23.1220188141, 70.7915725708]], "icov": [[0.000208232508157, -0.000582963635679, 0.00043698985246, -0.000519672990777, 0.000448731851066, -0.000687843596097, 0.000237565021962, -0.000528284930624, 0.000468616315629, -0.000413491477957, 0.000569812604226, -7.57276648073e-05, 0.000194045205717], [-0.000582963635679, 0.00440392596647, -0.00231196521781, 0.00320458249189, -0.00360001903027, 0.00344092631713, -0.0032948506996, 0.00291506154463, -0.00408280361444, 0.00401400355622, -0.00346214487217, 0.00216912245378, -0.00054101832211], [0.00043698985246, -0.00231196521781, 0.00197341805324, -0.00172645179555, 0.00161983573344, -0.00184973538853, 0.00147011189256, -0.00217842217535, 0.0026819196064, -0.002720143646, 0.00141415838152, -0.00031962164212, 0.000132084402139], [-0.000519672990777, 0.00320458249189, -0.00172645179555, 0.00323810335249, -0.00234795943834, 0.00202909810469, -0.00220931647345, 0.00277187069878, -0.00461813481525, 0.00315617676824, -0.0026981018018, 0.00129430380184, -5.72952085349e-05], [0.000448731851066, -0.00360001903027, 0.00161983573344, -0.00234795943834, 0.00449552526698, -0.00250123930164, 0.00232534413226, -0.00219469866715, 0.00243526347913, -0.00259845587425, 0.00282403314486, -0.00262020644732, 0.00183917570394], [-0.000687843596097, 0.00344092631713, -0.00184973538853, 0.00202909810469, -0.00250123930164, 0.00666397297755, -0.0037741670385, 0.00307166599669, -0.00228999811225, 0.00390258780681, -0.00422616256401, 0.00350523227826, -0.000819641398266], [0.000237565021962, -0.0032948506996, 0.00147011189256, -0.00220931647345, 0.00232534413226, -0.0037741670385, 0.00703578535467, -0.00232713273726, 0.00254481937736, -0.00304070021957, 0.00404774583876, -0.00229142303579, -0.000620393489953], [-0.000528284930624, 0.00291506154463, -0.00217842217535, 0.00277187069878, -0.00219469866715, 0.00307166599669, -0.00232713273726, 0.0124339107424, -0.00720183877274, 0.00352668855339, -0.00255054864101, -0.000551592907868, 0.00277029676363], [0.000468616315629, -0.00408280361444, 0.0026819196064, -0.00461813481525, 0.00243526347913, -0.00228999811225, 0.00254481937736, -0.00720183877274, 0.0150504242629, -0.00465846993029, 0.00107973627746, 0.000119679607451, -0.002490185434], [-0.000413491477957, 0.00401400355622, -0.002720143646, 0.00315617676824, -0.00259845587425, 0.00390258780681, -0.00304070021957, 0.00352668855339, -0.00465846993029, 0.0138821564615, -0.00524590956047, 0.00173765781801, 0.0033158713486], [0.000569812604226, -0.00346214487217, 0.00141415838152, -0.0026981018018, 0.00282403314486, -0.00422616256401, 0.00404774583876, -0.00255054864101, 0.00107973627746, -0.00524590956047, 0.0193406008184, -0.0060343653895, -0.00210782955401], [-7.57276648073e-05, 0.00216912245378, -0.00031962164212, 0.00129430380184, -0.00262020644732, 0.00350523227826, -0.00229142303579, -0.000551592907868, 0.000119679607451, 0.00173765781801, -0.0060343653895, 0.0144625883549, -0.00499255070463], [0.000194045205717, -0.00054101832211, 0.000132084402139, -5.72952085349e-05, 0.00183917570394, -0.000819641398266, -0.000620393489953, 0.00277029676363, -0.002490185434, 0.0033158713486, -0.00210782955401, -0.00499255070463, 0.0197603125125]]}, "melbands": {"dmean": [0.00239836983383, 0.00237320177257, 0.000880887149833, 0.000334007519996, 0.000203423376661, 0.000138919014717, 9.80450568022e-05, 5.23028284078e-05, 0.000178266112925, 0.000177666763193, 0.000311737472657, 0.000275570171652, 0.000122072597151, 7.48960155761e-05, 8.88739596121e-05, 1.62015239766e-05, 1.94179174287e-05, 1.44595232996e-05, 9.1888159659e-06, 6.58320959701e-06, 6.75061210131e-06, 6.53389452054e-06, 3.79662628802e-06, 2.48426931648e-06, 2.41316820393e-06, 2.30645150623e-06, 2.59572107097e-06, 3.89224987885e-06, 4.89096510137e-06, 5.12977021572e-06, 4.20773858423e-06, 3.37049414156e-06, 2.40219424086e-06, 1.60065405908e-06, 2.39698101723e-06, 1.54411418407e-06, 1.1735650105e-06, 3.23513035028e-07, 3.92211667588e-08, 4.7623562871e-09], "dmean2": [0.00384552986361, 0.00398791767657, 0.00151802238543, 0.000542626425158, 0.000315745419357, 0.000211029866477, 0.000158968861797, 8.08178301668e-05, 0.000281082116999, 0.000298461294733, 0.000458044814877, 0.000397316471208, 0.000188841106137, 0.00012951597455, 0.000143623969052, 2.6786205126e-05, 3.26111730828e-05, 2.47179650614e-05, 1.57687300089e-05, 1.15781804197e-05, 1.23642530525e-05, 1.18860307339e-05, 6.8697804636e-06, 4.36983555119e-06, 4.32216802437e-06, 4.04841193813e-06, 4.50543302577e-06, 6.744572147e-06, 8.34115235193e-06, 8.72803593666e-06, 6.96803544997e-06, 5.58176725463e-06, 4.00754743168e-06, 2.65704693447e-06, 4.13035468227e-06, 2.55318673226e-06, 2.02536807592e-06, 5.273594752e-07, 6.64007302476e-08, 8.12211276013e-09], "dvar": [6.55912590446e-05, 5.86776513956e-05, 9.02908504941e-06, 6.59510362766e-07, 1.71966831886e-07, 5.87253374817e-08, 3.20954605115e-08, 1.48421310797e-08, 2.90339443154e-07, 2.96199146987e-07, 6.90565855166e-07, 6.28210102604e-07, 1.72510453922e-07, 6.14012947153e-08, 6.4256511223e-08, 3.0276092744e-09, 2.43853048865e-09, 1.26263832723e-09, 6.06665329084e-10, 2.45096914986e-10, 3.45851736139e-10, 2.85763968044e-10, 1.16107186365e-10, 6.10991188199e-11, 7.58840004722e-11, 8.30679067199e-11, 8.9626077393e-11, 1.17336820815e-10, 2.38180836165e-10, 2.36738906256e-10, 2.63514821075e-10, 8.91796844704e-11, 4.08739014857e-11, 2.39117007445e-11, 5.82330433874e-11, 1.86820368203e-11, 1.48352805734e-11, 9.04983499164e-13, 1.70806599387e-14, 3.73501428023e-16], "dvar2": [0.000148706691107, 0.000156119393068, 2.57958727161e-05, 1.83610393378e-06, 4.51032036608e-07, 1.43692190591e-07, 8.53013091273e-08, 3.62840637536e-08, 7.26854693767e-07, 7.98738710728e-07, 1.59677347256e-06, 1.46491163378e-06, 4.18038553107e-07, 1.63790957686e-07, 1.57578782023e-07, 7.09320602255e-09, 6.24746121503e-09, 3.28079785561e-09, 1.63476510107e-09, 6.68661959136e-10, 9.82789183368e-10, 8.08894728976e-10, 3.19835630203e-10, 1.66991837025e-10, 2.14640000218e-10, 2.28348645548e-10, 2.46498904621e-10, 2.98776198226e-10, 6.32964125558e-10, 6.40261954565e-10, 7.03168245852e-10, 2.26947807769e-10, 1.03165372078e-10, 5.86366163957e-11, 1.54577073364e-10, 4.63514296389e-11, 4.03124894577e-11, 2.28080813784e-12, 4.54613052119e-14, 1.00386734431e-15], "max": [0.0985150039196, 0.0890169218183, 0.046918682754, 0.0156568270177, 0.00629542721435, 0.00572099583223, 0.0024101852905, 0.0018311800668, 0.00784410815686, 0.0143314665183, 0.016487872228, 0.0206908602268, 0.0100833503529, 0.00522027770057, 0.00704935751855, 0.00185532262549, 0.0008675850695, 0.000509286706802, 0.000510137411766, 0.000293113233056, 0.000273746671155, 0.000360770500265, 0.000252472353168, 0.000145124591654, 0.000160464085639, 0.000203127376153, 0.00020894347108, 0.000294120807666, 0.000305387016851, 0.000235603059991, 0.000422095850809, 0.000179389957339, 0.000114701964776, 0.00012611351849, 0.000194013700821, 5.55097722099e-05, 4.97758555866e-05, 1.06443103505e-05, 1.68516214671e-06, 4.31192518136e-07], "mean": [0.00452911993489, 0.00532104680315, 0.00204257061705, 0.000643067702185, 0.000408342399169, 0.00027361192042, 0.000157803980983, 7.55681176088e-05, 0.000245942181209, 0.000195809785509, 0.000372489274014, 0.000308897288051, 0.000115165632451, 5.6061820942e-05, 7.88578690845e-05, 1.53758446686e-05, 1.81461873581e-05, 1.26369404825e-05, 8.88271006261e-06, 6.0259330894e-06, 5.77919081479e-06, 6.28080033493e-06, 3.15514625981e-06, 2.20697347686e-06, 2.04874936571e-06, 1.96344808501e-06, 2.41211523644e-06, 3.50611480826e-06, 4.25745247412e-06, 5.03434739585e-06, 4.20301375925e-06, 3.46866795553e-06, 2.36600976677e-06, 1.65049061707e-06, 2.00936278816e-06, 1.37981214721e-06, 1.01602813629e-06, 3.26444450138e-07, 3.31055787228e-08, 3.86520060403e-09], "median": [0.0024078534916, 0.00246613053605, 0.00092712638434, 0.000396940362407, 0.000244856986683, 0.000166740035638, 7.98318360467e-05, 2.65575799858e-05, 3.43556966982e-05, 3.35788718075e-05, 3.76451935153e-05, 2.75104212051e-05, 8.56782116898e-06, 5.72785756958e-06, 7.97251959739e-06, 1.74927424723e-06, 2.11127007788e-06, 1.27774228531e-06, 1.8367499024e-06, 1.16210514989e-06, 1.20944309856e-06, 1.25011922592e-06, 5.10045140345e-07, 3.75649847228e-07, 2.43002773459e-07, 2.0076470264e-07, 2.69360498351e-07, 2.6895347105e-07, 3.22445941947e-07, 5.45783848338e-07, 3.55175188815e-07, 2.30804715784e-07, 1.54012312237e-07, 9.69850120214e-08, 9.52089109774e-08, 7.08624412482e-08, 5.23307512879e-08, 2.11569179953e-08, 1.68900859965e-09, 1.65198091318e-10], "min": [3.09619484209e-24, 3.91635123993e-24, 2.2850511801e-24, 1.15265799562e-23, 4.142392627e-24, 5.42429159799e-24, 2.2293668693e-24, 2.34977386471e-24, 6.48047734803e-24, 1.18197506453e-23, 8.76099928324e-24, 2.75993321769e-24, 8.2943115383e-24, 5.66468236493e-24, 3.28599793133e-24, 5.73601195684e-24, 7.87914508793e-24, 1.10582837238e-23, 9.52746600508e-24, 3.97591891574e-24, 5.62534147715e-24, 3.97227832267e-24, 4.47795196798e-24, 1.02079232224e-23, 8.53004842032e-24, 1.08365798884e-23, 7.51874688363e-24, 7.47931646015e-24, 9.00559822868e-24, 8.82148519315e-24, 7.53179779845e-24, 1.01291286398e-23, 1.05960696091e-23, 7.30498372212e-24, 7.83744826706e-24, 1.11506049044e-23, 7.99839561325e-24, 8.79256634122e-24, 6.82149797306e-24, 1.00252364474e-23], "var": [7.0800044341e-05, 6.6981985583e-05, 1.34234132929e-05, 7.91323941485e-07, 2.69951783594e-07, 1.175736557e-07, 5.06770305719e-08, 1.92037266089e-08, 3.76779041744e-07, 2.47172096124e-07, 9.54452048063e-07, 7.60506736697e-07, 1.71061799392e-07, 4.28288089438e-08, 6.07264851737e-08, 3.08330783128e-09, 2.34605734839e-09, 1.14323195355e-09, 5.35572863836e-10, 1.98768224102e-10, 2.20252066585e-10, 2.11847830944e-10, 8.25389548376e-11, 4.61188726097e-11, 5.37187516692e-11, 5.99811450508e-11, 6.8930999797e-11, 1.25340057777e-10, 1.9234762394e-10, 2.05487848959e-10, 2.30616706287e-10, 1.10759200422e-10, 4.50677932473e-11, 2.61385305761e-11, 4.62750220087e-11, 1.72283905892e-11, 1.17791896029e-11, 9.51332112045e-13, 1.33281083178e-14, 2.70152847016e-16]}, "mfcc": {"mean": [-743.409301758, 173.868026733, 28.3962116241, 28.3523254395, -13.5410470963, 22.9167709351, -5.3570971489, 14.5513963699, 2.72748112679, 4.55286359787, -11.3036184311, 5.70684194565, -7.29324531555], "cov": [[15062.3984375, -1939.15710449, -2242.69384766, 1428.21948242, -367.837799072, 2078.890625, -31.7809886932, 1209.91638184, 276.745849609, 865.740112305, -416.378723145, 538.945617676, -508.965332031], [-1939.15710449, 3838.953125, 793.023986816, -577.410217285, 379.738342285, -443.555236816, 372.453613281, -94.5972213745, 182.809249878, -237.617858887, 266.582427979, -163.757247925, 157.198883057], [-2242.69384766, 793.023986816, 1829.44958496, 0.0935810059309, -82.3721694946, -220.020523071, 88.0236968994, -195.619155884, -72.9037094116, 8.09865665436, 94.1285629272, -56.9349327087, 49.3114547729], [1428.21948242, -577.410217285, 0.0935810059309, 887.371276855, 195.46937561, 296.203094482, -33.5168495178, 166.088058472, 87.0805664062, 123.850524902, 3.72244977951, 149.881790161, -10.2353038788], [-367.837799072, 379.738342285, -82.3721694946, 195.46937561, 512.434997559, 17.954618454, 44.7749977112, 42.8932647705, 48.2887649536, -34.3397369385, 76.3236160278, 17.3463554382, 47.4148864746], [2078.890625, -443.555236816, -220.020523071, 296.203094482, 17.954618454, 562.555908203, 82.2194595337, 193.481048584, 55.2466049194, 161.532241821, -80.5776519775, 91.1993713379, -96.790397644], [-31.7809886932, 372.453613281, 88.0236968994, -33.5168495178, 44.7749977112, 82.2194595337, 194.42980957, 42.1449890137, 37.4138565063, -10.3611555099, 24.8753890991, -17.3907299042, 0.846489787102], [1209.91638184, -94.5972213745, -195.619155884, 166.088058472, 42.8932647705, 193.481048584, 42.1449890137, 234.121276855, 79.0984420776, 62.5282707214, -41.136302948, 66.5411376953, -25.6453132629], [276.745849609, 182.809249878, -72.9037094116, 87.0805664062, 48.2887649536, 55.2466049194, 37.4138565063, 79.0984420776, 124.869026184, 22.1528015137, 18.3165512085, 29.2823963165, 2.59304332733], [865.740112305, -237.617858887, 8.09865665436, 123.850524902, -34.3397369385, 161.532241821, -10.3611555099, 62.5282707214, 22.1528015137, 174.367919922, 6.25036525726, 28.8776702881, -52.6545906067], [-416.378723145, 266.582427979, 94.1285629272, 3.72244977951, 76.3236160278, -80.5776519775, 24.8753890991, -41.136302948, 18.3165512085, 6.25036525726, 110.301765442, 6.31637525558, 25.8291549683], [538.945617676, -163.757247925, -56.9349327087, 149.881790161, 17.3463554382, 91.1993713379, -17.3907299042, 66.5411376953, 29.2823963165, 28.8776702881, 6.31637525558, 108.801925659, 16.7192153931], [-508.965332031, 157.198883057, 49.3114547729, -10.2353038788, 47.4148864746, -96.790397644, 0.846489787102, -25.6453132629, 2.59304332733, -52.6545906067, 25.8291549683, 16.7192153931, 99.7452697754]], "icov": [[0.00041788208182, -0.000357639801223, 0.000469648977742, -0.000447143946076, 0.000606900954153, -0.000677230767906, 0.000434353773016, -0.000904674467165, 0.000963114434853, -0.000962386955507, 0.000479494570754, -0.00079388282029, 0.000711764150765], [-0.000357639801223, 0.000954138464294, -0.000676094903611, 0.000842689129058, -0.000876848062035, 0.000614542921539, -0.000879597908352, 0.000476382410852, -0.00187997578178, 0.00136310618836, -0.00130927946884, 0.00123881315812, -0.000864983943757], [0.000469648977742, -0.000676094903611, 0.00137655134313, -0.000980153912678, 0.00100799719803, -0.000303355802316, -0.000153682922246, -0.000301265215967, 0.00187691987958, -0.00189750210848, 0.000961218844168, -0.00118984712753, 0.000731255160645], [-0.000447143946076, 0.000842689129058, -0.000980153912678, 0.00282898149453, -0.00165766791906, -4.88241421408e-05, 0.000206617987715, 0.000403154932428, -0.00237832451239, 0.00107069476508, -0.00118158268742, -0.000254367303569, -0.00101668469142], [0.000606900954153, -0.000876848062035, 0.00100799719803, -0.00165766791906, 0.00402675243095, -0.0017492385814, 0.00115799892228, -0.00206680013798, 0.0020730108954, -0.000121958415548, -0.00183725741226, 0.000346102868207, -4.30275395047e-05], [-0.000677230767906, 0.000614542921539, -0.000303355802316, -4.88241421408e-05, -0.0017492385814, 0.00716308224946, -0.00491284346208, 0.00176088465378, -0.00122787430882, -0.00256074080244, 0.00447311671451, -0.00295865675434, 0.00201533525251], [0.000434353773016, -0.000879597908352, -0.000153682922246, 0.000206617987715, 0.00115799892228, -0.00491284346208, 0.0105597190559, -0.00358449132182, 0.000303150591208, 0.00248323823325, -0.00443313736469, 0.00361002772115, -0.000783349678386], [-0.000904674467165, 0.000476382410852, -0.000301265215967, 0.000403154932428, -0.00206680013798, 0.00176088465378, -0.00358449132182, 0.0118829142302, -0.00543567957357, -0.000736718880944, 0.00484440894797, -0.00306464568712, -0.000388274725992], [0.000963114434853, -0.00187997578178, 0.00187691987958, -0.00237832451239, 0.0020730108954, -0.00122787430882, 0.000303150591208, -0.00543567957357, 0.0157516524196, -0.00326386210509, -0.000406149454648, -0.00286266952753, 0.00158083834685], [-0.000962386955507, 0.00136310618836, -0.00189750210848, 0.00107069476508, -0.000121958415548, -0.00256074080244, 0.00248323823325, -0.000736718880944, -0.00326386210509, 0.0145577024668, -0.00865353830159, 0.00479538552463, 0.000558331201319], [0.000479494570754, -0.00130927946884, 0.000961218844168, -0.00118158268742, -0.00183725741226, 0.00447311671451, -0.00443313736469, 0.00484440894797, -0.000406149454648, -0.00865353830159, 0.0212321672589, -0.00844141468406, 0.00177007948514], [-0.00079388282029, 0.00123881315812, -0.00118984712753, -0.000254367303569, 0.000346102868207, -0.00295865675434, 0.00361002772115, -0.00306464568712, -0.00286266952753, 0.00479538552463, -0.00844141468406, 0.0208076126873, -0.00799124781042], [0.000711764150765, -0.000864983943757, 0.000731255160645, -0.00101668469142, -4.30275395047e-05, 0.00201533525251, -0.000783349678386, -0.000388274725992, 0.00158083834685, 0.000558331201319, 0.00177007948514, -0.00799124781042, 0.0175724681467]]}, "spectral_contrast_coeffs": {"dmean": [0.0408166721463, 0.0479673482478, 0.0566386207938, 0.0377746522427, 0.0278135538101, 0.0335224978626], "dmean2": [0.0659130439162, 0.0757914483547, 0.0833157077432, 0.0589983873069, 0.0448894947767, 0.0532488785684], "dvar": [0.00134373654146, 0.001673623221, 0.00271426816471, 0.00114461500198, 0.000742476666346, 0.00114454294089], "dvar2": [0.00353555753827, 0.00394706008956, 0.00561029510573, 0.00257604476064, 0.00186671933625, 0.00280759413727], "max": [-0.306579500437, -0.406150341034, -0.357751518488, -0.470083296299, -0.568752229214, -0.460124254227], "mean": [-0.664661228657, -0.703236997128, -0.709482967854, -0.779629945755, -0.815224051476, -0.714875817299], "median": [-0.672324538231, -0.707418560982, -0.716383814812, -0.787664175034, -0.825164318085, -0.682298958302], "min": [-0.956671535969, -0.97151184082, -0.967707395554, -0.962589204311, -0.968016684055, -0.964860856533], "var": [0.00562291219831, 0.00553146237507, 0.00841588433832, 0.00381536735222, 0.00269555486739, 0.0122261270881]}, "spectral_contrast_valleys": {"dmean": [0.301224321127, 0.421950906515, 0.554144442081, 0.552282512188, 0.537171661854, 0.714913070202], "dmean2": [0.486081391573, 0.656586527824, 0.861880898476, 0.830988228321, 0.759562253952, 1.03007388115], "dvar": [0.107719905674, 0.186413511634, 0.313837319613, 0.365947842598, 0.378900885582, 0.482156842947], "dvar2": [0.209847733378, 0.395974546671, 0.68752104044, 0.742790520191, 0.811926484108, 1.14889121056], "max": [-4.88609170914, -4.41312646