{"lowlevel": {"average_loudness": 0.482828944921, "barkbands_crest": {"dmean": 1.99748718739, "dmean2": 3.07507157326, "dvar": 5.95884990692, "dvar2": 14.0993127823, "max": 26.9059638977, "mean": 16.8703117371, "median": 16.3436737061, "min": 2.33642292023, "var": 24.9767456055}, "barkbands_flatness_db": {"dmean": 0.038439810276, "dmean2": 0.0559951066971, "dvar": 0.00179200724233, "dvar2": 0.00375279621221, "max": 0.624485135078, "mean": 0.357888907194, "median": 0.375404000282, "min": 0.0138578908518, "var": 0.011130226776}, "barkbands_kurtosis": {"dmean": 25.0337944031, "dmean2": 36.9525260925, "dvar": 5629.59033203, "dvar2": 13586.9091797, "max": 2964.44018555, "mean": 61.5313720703, "median": 34.5012435913, "min": -1.70066440105, "var": 12765.4160156}, "barkbands_skewness": {"dmean": 1.05926835537, "dmean2": 1.55217301846, "dvar": 2.69653820992, "dvar2": 5.90886163712, "max": 50.0173377991, "mean": 4.53008413315, "median": 3.92693901062, "min": -2.31254553795, "var": 11.5793418884}, "barkbands_spread": {"dmean": 1.13474464417, "dmean2": 1.72464931011, "dvar": 10.6808795929, "dvar2": 24.6354675293, "max": 99.2457809448, "mean": 4.07512283325, "median": 1.15799534321, "min": 0.052473668009, "var": 120.765090942}, "dissonance": {"dmean": 0.0441365279257, "dmean2": 0.0722911581397, "dvar": 0.00201684655622, "dvar2": 0.00504172407091, "max": 0.499999940395, "mean": 0.322268158197, "median": 0.316143453121, "min": 0.109426431358, "var": 0.00721551384777}, "dynamic_complexity": 5.62952804565, "erbbands_crest": {"dmean": 2.55111217499, "dmean2": 3.91961574554, "dvar": 10.0513687134, "dvar2": 24.7141132355, "max": 33.3322181702, "mean": 19.1420249939, "median": 18.9312782288, "min": 2.258238554, "var": 42.0390701294}, "erbbands_flatness_db": {"dmean": 0.0307801775634, "dmean2": 0.043717995286, "dvar": 0.00122132140677, "dvar2": 0.00257545919158, "max": 0.533971250057, "mean": 0.345691651106, "median": 0.363152891397, "min": 0.0398685485125, "var": 0.00786550715566}, "erbbands_kurtosis": {"dmean": 9.3423576355, "dmean2": 13.8634262085, "dvar": 306.929412842, "dvar2": 682.122070312, "max": 322.562835693, "mean": 23.6432209015, "median": 14.5374622345, "min": -1.6937930584, "var": 937.898132324}, "erbbands_skewness": {"dmean": 0.687273800373, "dmean2": 0.996175229549, "dvar": 0.837569832802, "dvar2": 1.84799313545, "max": 14.4016609192, "mean": 3.24708271027, "median": 2.9846560955, "min": -1.60484838486, "var": 3.93569922447}, "erbbands_spread": {"dmean": 3.02347445488, "dmean2": 4.53447198868, "dvar": 37.1520004272, "dvar2": 82.3883972168, "max": 102.040275574, "mean": 9.18690395355, "median": 4.57811164856, "min": 0.446674108505, "var": 156.432449341}, "hfc": {"dmean": 2.64326357841, "dmean2": 3.50622797012, "dvar": 40.6277122498, "dvar2": 89.340423584, "max": 155.788101196, "mean": 5.99001598358, "median": 2.9934296608, "min": 1.06217845559e-16, "var": 87.0300827026}, "melbands_crest": {"dmean": 2.6682946682, "dmean2": 4.13157749176, "dvar": 10.856760025, "dvar2": 26.6091747284, "max": 34.5857048035, "mean": 22.0738582611, "median": 21.6735630035, "min": 1.7172794342, "var": 46.1640853882}, "melbands_flatness_db": {"dmean": 0.0407865419984, "dmean2": 0.0576279200613, "dvar": 0.00206572702155, "dvar2": 0.0043025072664, "max": 0.70046967268, "mean": 0.429543823004, "median": 0.451780796051, "min": 0.00297111598775, "var": 0.0148223629221}, "melbands_kurtosis": {"dmean": 20.4938392639, "dmean2": 31.3842716217, "dvar": 1559.96813965, "dvar2": 3690.13696289, "max": 843.868591309, "mean": 50.2190742493, "median": 30.4116477966, "min": -1.40052866936, "var": 4632.51074219}, "melbands_skewness": {"dmean": 0.941884994507, "dmean2": 1.40830862522, "dvar": 1.64028596878, "dvar2": 3.81323337555, "max": 19.67029953, "mean": 3.90145969391, "median": 3.43826508522, "min": -1.24809992313, "var": 5.91985225677}, "melbands_spread": {"dmean": 1.30469214916, "dmean2": 2.0174164772, "dvar": 16.44115448, "dvar2": 39.4825630188, "max": 170.107208252, "mean": 6.04638433456, "median": 1.5692794323, "min": 0.182993471622, "var": 427.625061035}, "pitch_salience": {"dmean": 0.0684843733907, "dmean2": 0.10865534097, "dvar": 0.00827259011567, "dvar2": 0.0205113850534, "max": 0.879187226295, "mean": 0.409708023071, "median": 0.421854943037, "min": 0.0240252744406, "var": 0.0258601848036}, "silence_rate_20dB": {"dmean": 0.000297619058983, "dmean2": 0.000595326710027, "dvar": 0.000297547376249, "dvar2": 0.000892703246791, "max": 1, "mean": 0.999851226807, "median": 1, "min": 0, "var": 0.000148753024405}, "silence_rate_30dB": {"dmean": 0.0110119050369, "dmean2": 0.0220270864666, "dvar": 0.0108910705894, "dvar2": 0.0251152925193, "max": 1, "mean": 0.986014008522, "median": 1, "min": 0, "var": 0.0137911541387}, "silence_rate_60dB": {"dmean": 0.0693452358246, "dmean2": 0.138711124659, "dvar": 0.0645420104265, "dvar2": 0.128986537457, "max": 1, "mean": 0.277190893888, "median": 0, "min": 0, "var": 0.200359851122}, "spectral_centroid": {"dmean": 57.0486450195, "dmean2": 87.3508987427, "dvar": 37222.5664062, "dvar2": 69286.15625, "max": 11554.4941406, "mean": 608.013244629, "median": 409.002258301, "min": 260.970184326, "var": 1309834.625}, "spectral_complexity": {"dmean": 0.743452370167, "dmean2": 1.15046882629, "dvar": 1.41812062263, "dvar2": 2.7196366787, "max": 27, "mean": 3.94941234589, "median": 4, "min": 0, "var": 5.56958246231}, "spectral_decrease": {"dmean": 1.67350788782e-09, "dmean2": 2.24624430167e-09, "dvar": 1.60148602055e-17, "dvar2": 3.56202335175e-17, "max": 3.72267154608e-19, "mean": -4.02352107187e-09, "median": -1.99737359985e-09, "min": -1.20885431443e-07, "var": 3.92977395546e-17}, "spectral_energy": {"dmean": 0.00655328389257, "dmean2": 0.00878995843232, "dvar": 0.000245184317464, "dvar2": 0.000545106420759, "max": 0.470378935337, "mean": 0.0157289039344, "median": 0.00779527658597, "min": 9.79769505396e-21, "var": 0.000599190010689}, "spectral_energyband_high": {"dmean": 1.55188081408e-05, "dmean2": 2.5241422918e-05, "dvar": 9.35246813327e-09, "dvar2": 2.42589912602e-08, "max": 0.00312697305344, "mean": 1.3334817595e-05, "median": 9.14915972317e-07, "min": 6.99706021707e-21, "var": 7.62101937113e-09}, "spectral_energyband_low": {"dmean": 8.18039461592e-06, "dmean2": 1.43981396832e-05, "dvar": 5.56220236536e-10, "dvar2": 1.50033363511e-09, "max": 0.000465381250251, "mean": 6.50962192594e-06, "median": 8.3485781488e-07, "min": 2.05873148289e-23, "var": 3.97012533959e-10}, "spectral_energyband_middle_high": {"dmean": 9.7759111668e-05, "dmean2": 0.000124113532365, "dvar": 8.06932050068e-08, "dvar2": 1.64292600857e-07, "max": 0.00702373171225, "mean": 0.000213351726416, "median": 6.14208038314e-05, "min": 1.13802664531e-21, "var": 1.990666334e-07}, "spectral_energyband_middle_low": {"dmean": 0.00647442461923, "dmean2": 0.00870550051332, "dvar": 0.000241284637013, "dvar2": 0.000536957755685, "max": 0.467154681683, "mean": 0.0155243240297, "median": 0.00767021160573, "min": 1.23262507801e-22, "var": 0.000589016650338}, "spectral_entropy": {"dmean": 0.394189119339, "dmean2": 0.585729241371, "dvar": 0.214477971196, "dvar2": 0.470785319805, "max": 9.82008934021, "mean": 5.37327480316, "median": 5.09185266495, "min": 2.92143130302, "var": 1.243891716}, "spectral_flux": {"dmean": 0.0225369893014, "dmean2": 0.0345474518836, "dvar": 0.00131020450499, "dvar2": 0.0030307834968, "max": 0.460237592459, "mean": 0.035114031285, "median": 0.0182207617909, "min": 6.15526171699e-11, "var": 0.00199494790286}, "spectral_kurtosis": {"dmean": 13.5754289627, "dmean2": 19.9650230408, "dvar": 215.811767578, "dvar2": 422.198638916, "max": 174.272521973, "mean": 37.8776741028, "median": 29.7065238953, "min": -1.24232196808, "var": 961.027893066}, "spectral_rms": {"dmean": 0.000667041691486, "dmean2": 0.000842667999677, "dvar": 1.13316752959e-06, "dvar2": 2.248319106e-06, "max": 0.0214220974594, "mean": 0.00316681154072, "median": 0.00275774323381, "min": 3.091719155e-12, "var": 5.31661407877e-06}, "spectral_rolloff": {"dmean": 93.2102279663, "dmean2": 158.088851929, "dvar": 198269.890625, "dvar2": 509792.625, "max": 19616.7480469, "mean": 988.17779541, "median": 452.197265625, "min": 279.931640625, "var": 8472985}, "spectral_skewness": {"dmean": 0.950449705124, "dmean2": 1.38428425789, "dvar": 0.862023711205, "dvar2": 1.71225309372, "max": 11.5333919525, "mean": 4.63410520554, "median": 4.40010118484, "min": -0.0893575921655, "var": 4.6257557869}, "spectral_spread": {"dmean": 637433.4375, "dmean2": 993843.875, "dvar": 689035739136, "dvar2": 1371193344000.0, "max": 42730464, "mean": 3125821.25, "median": 2278871.25, "min": 486701.90625, "var": 16689553997800.0}, "spectral_strongpeak": {"dmean": 0.27629879117, "dmean2": 0.382437229156, "dvar": 0.231495827436, "dvar2": 0.492879480124, "max": 8.2071685791, "mean": 1.08591330051, "median": 0.91489470005, "min": 0, "var": 0.731347084045}, "zerocrossingrate": {"dmean": 0.00304231187329, "dmean2": 0.0038549436722, "dvar": 5.343130033e-05, "dvar2": 8.20964050945e-05, "max": 0.5302734375, "mean": 0.0350583158433, "median": 0.01904296875, "min": 0.01171875, "var": 0.00591963203624}, "barkbands": {"dmean": [6.4079523554e-07, 2.27151190302e-06, 4.10396751249e-06, 4.01227316615e-06, 0.00245383754373, 0.00147872557864, 0.00298622250557, 0.000445234210929, 8.44152891659e-05, 4.41352603957e-05, 4.69915221402e-06, 1.0499164091e-05, 6.84528095007e-06, 8.48417585075e-06, 9.60118268267e-06, 9.48755496211e-06, 1.55648031068e-05, 1.12385023385e-05, 4.54257224192e-06, 3.59621094503e-06, 4.73138288726e-06, 4.53839857073e-06, 1.31003889692e-06, 1.50552466494e-06, 1.43286399634e-06, 8.35355180584e-08, 1.41499381101e-08], "dmean2": [1.12914062811e-06, 3.97098347094e-06, 7.35120829631e-06, 7.32598437025e-06, 0.00368240429088, 0.00196052412502, 0.00419786758721, 0.000606472196523, 0.000113332855108, 5.69224757783e-05, 7.13422014087e-06, 1.30086064019e-05, 8.86726411409e-06, 1.12876441563e-05, 1.29166419356e-05, 1.34597767101e-05, 2.3125550797e-05, 1.66542413353e-05, 6.54053974358e-06, 6.05295144851e-06, 7.64155083743e-06, 7.21528067515e-06, 2.26041765927e-06, 2.70194777841e-06, 2.61603145191e-06, 1.51613747335e-07, 2.48534384184e-08], "dvar": [1.18410576483e-12, 3.53226545236e-11, 2.22347543155e-10, 1.42726414021e-10, 6.90493325237e-05, 1.63760741998e-05, 9.47441658354e-05, 3.07585560222e-06, 3.58322097327e-07, 2.80961316435e-08, 5.31486965549e-10, 2.2637431929e-09, 1.37405675726e-09, 1.58632063041e-09, 2.30035346327e-09, 2.24805818405e-09, 4.68081795546e-09, 3.22485460558e-09, 1.69948977113e-09, 6.51495801751e-10, 1.43712231004e-09, 1.26859422966e-09, 1.1249165488e-10, 1.88303928006e-10, 8.99514907005e-11, 2.99150027666e-13, 2.28546599235e-15], "dvar2": [3.28869527097e-12, 9.40220679091e-11, 6.18535056507e-10, 3.92960358697e-10, 0.000153760614921, 3.31815026584e-05, 0.000212756189285, 6.56680185784e-06, 7.12710686912e-07, 5.63099717965e-08, 1.22469501207e-09, 3.91218168971e-09, 2.72655320543e-09, 2.71683653352e-09, 4.4120782583e-09, 4.08034850352e-09, 1.12459073165e-08, 6.90068580056e-09, 3.14166848092e-09, 1.80429315932e-09, 3.63204732956e-09, 2.99889268973e-09, 3.02060737534e-10, 5.38723787802e-10, 2.61093147103e-10, 8.67118280391e-13, 6.71889996575e-15], "max": [1.2864898963e-05, 0.00015145825455, 0.000349074893165, 0.00023620724096, 0.312371432781, 0.113901287317, 0.24306447804, 0.037466622889, 0.0381695479155, 0.00708486512303, 0.000883467902895, 0.00208406127058, 0.00224992702715, 0.00151831377298, 0.00191148498561, 0.00215037725866, 0.00197869795375, 0.00224481476471, 0.00269009056501, 0.00100804003887, 0.00219129212201, 0.00122879177798, 0.000371029891539, 0.000660547288135, 0.00032295883284, 1.6927750039e-05, 2.05874835046e-06], "mean": [6.32587727978e-07, 1.85962130672e-06, 2.87993543679e-06, 2.72132001555e-06, 0.00524789048359, 0.00467929523438, 0.00467112008482, 0.00066319789039, 0.000202502633329, 0.000116413175419, 6.5072686084e-06, 2.3194046662e-05, 1.5463501768e-05, 1.39107060022e-05, 1.67079178937e-05, 1.38481827889e-05, 1.82088824658e-05, 1.29793434098e-05, 5.37761525266e-06, 3.00933584185e-06, 4.08522600992e-06, 4.0029694901e-06, 9.77250465439e-07, 1.03020920506e-06, 9.84045072983e-07, 1.13278169067e-07, 8.0668684177e-08], "median": [2.40440385824e-07, 3.59742614364e-07, 1.3786228692e-07, 1.04924779976e-07, 0.00105308240745, 0.00206352863461, 0.000825674389489, 4.75462002214e-05, 1.95566717593e-05, 2.3082451662e-05, 5.56993597911e-07, 2.09341624213e-06, 1.72807540366e-06, 1.01693456145e-06, 1.63251786489e-06, 1.02844023786e-06, 1.29865111376e-06, 6.35996855181e-07, 2.52473284945e-07, 1.7335638347e-07, 2.14997626813e-07, 1.22127516988e-07, 5.28482573259e-08, 6.15979587337e-08, 7.11980163715e-08, 6.99859086239e-08, 8.1826897258e-08], "min": [3.92787403256e-25, 2.97554113044e-24, 6.48790319156e-25, 2.19747144797e-24, 7.51597640413e-24, 1.16802792483e-23, 6.40962777798e-24, 1.49451055335e-23, 1.76974238769e-23, 2.83032564285e-23, 1.67293195745e-23, 2.0653998819e-23, 3.24316337582e-23, 2.97935913833e-23, 4.44790070622e-23, 5.70336778817e-23, 7.65747028263e-23, 9.72986530971e-23, 1.42887802023e-22, 1.71885218183e-22, 2.58812590741e-22, 3.13159704992e-22, 3.97600865656e-22, 5.9629806499e-22, 8.64553787773e-22, 1.22263878053e-21, 1.99964046839e-21], "var": [1.26869597727e-12, 2.62307450066e-11, 1.42096862055e-10, 9.50708539671e-11, 0.000198411027668, 5.58751198696e-05, 0.000149442086695, 4.99809766552e-06, 9.86060172181e-07, 9.55616954457e-08, 7.27620186325e-10, 7.12125558522e-09, 4.07163769367e-09, 3.7054181945e-09, 5.19638820862e-09, 5.94963101008e-09, 5.70592195714e-09, 4.93283947023e-09, 3.24577653643e-09, 4.37651054286e-10, 1.23424159781e-09, 1.26490729002e-09, 7.78131517554e-11, 1.11052111951e-10, 5.19650607267e-11, 1.75809684194e-13, 1.73395659352e-15]}, "erbbands": {"dmean": [5.82506909268e-05, 0.000598059443291, 0.00382530177012, 0.0123754283413, 0.166729778051, 7.27906799316, 23.8366374969, 9.95599460602, 34.6359138489, 37.6070327759, 6.25428199768, 2.10977745056, 1.6832395792, 0.934394180775, 0.223438084126, 0.489550858736, 0.357971340418, 0.411404252052, 0.492316097021, 0.410074174404, 0.703036129475, 0.76221293211, 0.457784503698, 0.583164095879, 0.15144790709, 0.196186944842, 0.223230466247, 0.163218304515, 0.157912030816, 0.090958379209, 0.0294834133238, 0.0251694694161, 0.0312424004078, 0.021487923339, 0.00547502329573, 0.000717938994057, 0.000137113209348, 2.27744676522e-05, 4.77441244584e-06, 7.34646027922e-06], "dmean2": [9.93721478153e-05, 0.00105197739322, 0.00678174756467, 0.020869417116, 0.235267668962, 10.5316476822, 35.2118492126, 12.9478521347, 48.3376121521, 52.4392662048, 8.20794200897, 2.71160626411, 2.16309404373, 1.29735124111, 0.303034842014, 0.594989776611, 0.447900027037, 0.536951720715, 0.653293192387, 0.574759185314, 0.988507211208, 1.13784992695, 0.652608156204, 0.831565797329, 0.226834893227, 0.322282075882, 0.361223876476, 0.262388974428, 0.251056492329, 0.148324683309, 0.0504192113876, 0.0447861589491, 0.0560186877847, 0.0391304530203, 0.0101674133912, 0.00132361240685, 0.000249733770033, 4.06305371143e-05, 7.47630429032e-06, 9.87842850009e-06], "dvar": [1.49266785598e-08, 2.92470167551e-06, 0.000172816115082, 0.00117843551561, 0.268860846758, 630.604187012, 5908.60791016, 619.214355469, 12912.4169922, 27638.9902344, 483.197357178, 246.523544312, 35.1624679565, 16.313123703, 0.93318605423, 4.48202848434, 3.22511577606, 4.30219888687, 5.38752222061, 6.74857854843, 10.9211759567, 10.7485837936, 5.56033658981, 13.2355165482, 1.0120139122, 1.5830988884, 4.72429561615, 0.705405414104, 1.6075963974, 0.891127645969, 0.0405104458332, 0.0301183722913, 0.0783078223467, 0.0183596797287, 0.00213012914173, 2.81566135527e-05, 8.41069436319e-07, 1.53814774251e-08, 2.00386873761e-10, 3.07630670937e-10], "dvar2": [3.949336147e-08, 7.80078062235e-06, 0.000475860695587, 0.00307573587634, 0.464329838753, 1225.86645508, 14252.0996094, 1197.65942383, 29434.7128906, 60634.046875, 995.184387207, 471.839660645, 68.5791702271, 36.9697036743, 2.08023428917, 7.16182088852, 6.17168140411, 6.98678398132, 10.1965417862, 13.6419811249, 20.1603469849, 26.2334442139, 12.4490146637, 24.1565608978, 2.23458504677, 4.25085067749, 11.9481010437, 1.76860761642, 3.72450327873, 2.2476773262, 0.108911372721, 0.0852375328541, 0.223476499319, 0.0530257746577, 0.00634125852957, 8.3165934484e-05, 2.46941613113e-06, 4.46207124583e-08, 5.45728073842e-10, 6.84617418312e-10], "max": [0.00238312594593, 0.0438302867115, 0.259387105703, 0.743190586567, 18.4638233185, 931.557434082, 2130.65283203, 740.012390137, 3496.56298828, 4321.09960938, 631.519165039, 1000.49853516, 269.702209473, 215.437957764, 36.590423584, 107.474861145, 106.324485779, 90.7143096924, 110.552215576, 141.277236938, 145.773529053, 107.567497253, 87.2628097534, 187.990829468, 62.9527168274, 49.2800102234, 134.354293823, 27.7365245819, 57.853931427, 37.5699768066, 6.25884008408, 6.47956943512, 12.9104614258, 4.93577289581, 1.72779393196, 0.175671055913, 0.030546752736, 0.00422083865851, 0.000650653906632, 0.00052168907132], "mean": [6.09497656114e-05, 0.000502101669554, 0.00313680572435, 0.0150979300961, 0.364936649799, 16.1874694824, 58.01953125, 31.5906867981, 64.4636611938, 48.2391281128, 10.9231987, 5.29653453827, 4.34708452225, 2.26431798935, 0.482390940189, 1.10185217857, 0.848613262177, 0.734427690506, 0.911203503609, 0.594793558121, 1.01699650288, 0.895336210728, 0.562737464905, 0.724175512791, 0.170184761286, 0.174349859357, 0.191610723734, 0.145717695355, 0.137650921941, 0.0732812508941, 0.0225075930357, 0.017901757732, 0.0212770625949, 0.014782753773, 0.00375751941465, 0.000667033018544, 0.000203577568755, 6.02390391578e-05, 2.00413105631e-05, 1.85962817341e-05], "median": [2.40258559643e-05, 9.96325470624e-05, 0.000461806397652, 0.00310747907497, 0.060912899673, 2.67058038712, 17.6297416687, 14.892373085, 17.5885505676, 5.21354866028, 1.60920035839, 0.800230562687, 1.16390311718, 0.553860783577, 0.140133410692, 0.156256392598, 0.139405220747, 0.0773484185338, 0.0949541926384, 0.0676307305694, 0.0948894321918, 0.0710603296757, 0.0399000197649, 0.0298502929509, 0.0112759079784, 0.0103729693219, 0.00925834849477, 0.00791142415255, 0.00467840209603, 0.00244531780481, 0.0014352631988, 0.00120927521493, 0.001123044407, 0.000861048174556, 0.000473525084089, 0.000265713199042, 0.000136746428325, 5.26760959474e-05, 1.6954705643e-05, 9.77842137218e-06], "min": [9.81646835316e-23, 7.50496415833e-22, 1.41557088339e-21, 7.79954011793e-21, 1.16124243047e-20, 1.80501714872e-20, 2.26133472637e-20, 9.56888801079e-20, 1.06415713055e-19, 1.46500278079e-19, 3.91298486702e-19, 4.63387561429e-19, 6.06717333768e-19, 9.04464820967e-19, 9.21438773932e-19, 8.86032134992e-19, 1.62376257348e-18, 1.6788517683e-18, 2.6574213222e-18, 2.49810220032e-18, 4.56696631871e-18, 4.80781980639e-18, 5.71129500915e-18, 6.96850448829e-18, 8.61151431385e-18, 8.95580260123e-18, 9.96004205108e-18, 9.01628108454e-18, 1.10366366435e-17, 1.25390621608e-17, 1.13800439835e-17, 1.23896534899e-17, 9.61614419295e-18, 6.91830331051e-18, 7.15723732558e-18, 3.94319810418e-18, 2.37900804444e-18, 1.02404422167e-18, 2.60732447257e-19, 2.74921489894e-20], "var": [1.29103181479e-08, 2.13456291931e-06, 0.000115916482173, 0.00128271488938, 1.07383322716, 2135.63793945, 14598.7314453, 2282.32885742, 23338.8027344, 35733.4257812, 974.61138916, 708.367553711, 120.596672058, 39.3521499634, 1.7476670742, 15.1383285522, 10.0874404907, 10.7587518692, 15.0225305557, 9.63331222534, 28.0973796844, 12.7244262695, 7.71430015564, 26.175786972, 1.29199874401, 1.18593978882, 4.04330682755, 0.636704862118, 1.66092717648, 0.725916624069, 0.0281395129859, 0.0186150465161, 0.0463876798749, 0.0107601331547, 0.00114420999307, 1.55760117195e-05, 4.70167549338e-07, 9.08341224459e-09, 2.4901200546e-10, 7.47012562918e-10]}, "gfcc": {"mean": [-242.581726074, 111.158210754, -102.073196411, -36.5039749146, -89.9289016724, -50.0515518188, -60.5486869812, -15.3723754883, -16.3596630096, 2.56065940857, -1.390224576, 10.8689126968, 8.42811203003], "cov": [[23309.0722656, 4279.28662109, -2754.61181641, -519.674560547, -1964.48632812, -1707.00341797, -1404.25817871, -585.579162598, -167.188858032, -335.687316895, -95.4780807495, -179.678268433, 320.902984619], [4279.28662109, 1631.82189941, -244.336853027, -670.71105957, -383.067199707, -579.650085449, -307.771697998, -290.755249023, -84.7355651855, -172.115341187, -25.9160366058, -9.90086746216, 151.612991333], [-2754.61181641, -244.336853027, 1023.0715332, 124.218185425, 96.4659805298, 148.360717773, 66.9798278809, -44.052280426, -99.3821716309, -70.7824249268, -61.8999938965, 10.9478397369, 52.4033851624], [-519.674560547, -670.71105957, 124.218185425, 975.846130371, 200.701446533, 183.988586426, -3.03993034363, 43.3382072449, -51.6132736206, -74.0796127319, -110.228866577, -104.062049866, -27.4891700745], [-1964.48632812, -383.067199707, 96.4659805298, 200.701446533, 447.634887695, 169.594497681, 66.6297912598, 11.3669805527, -12.6557264328, -17.637550354, -22.305185318, -7.76132631302, -51.3526611328], [-1707.00341797, -579.650085449, 148.360717773, 183.988586426, 169.594497681, 387.35144043, 156.30279541, 112.383583069, 24.1429138184, 69.7737731934, 8.87564945221, -8.26095294952, -71.1062774658], [-1404.25817871, -307.771697998, 66.9798278809, -3.03993034363, 66.6297912598, 156.30279541, 232.269271851, 120.758224487, 56.7324714661, 69.00050354, 30.0893535614, 3.72504067421, -50.1796379089], [-585.579162598, -290.755249023, -44.052280426, 43.3382072449, 11.3669805527, 112.383583069, 120.758224487, 210.415924072, 94.7068557739, 69.1096343994, 37.8087463379, 6.93003702164, -62.2872200012], [-167.188858032, -84.7355651855, -99.3821716309, -51.6132736206, -12.6557264328, 24.1429138184, 56.7324714661, 94.7068557739, 145.922103882, 98.0353622437, 32.5136642456, -11.3985157013, -43.5378684998], [-335.687316895, -172.115341187, -70.7824249268, -74.0796127319, -17.637550354, 69.7737731934, 69.00050354, 69.1096343994, 98.0353622437, 178.771087646, 78.8972167969, 4.12750434875, -55.7189826965], [-95.4780807495, -25.9160366058, -61.8999938965, -110.228866577, -22.305185318, 8.87564945221, 30.0893535614, 37.8087463379, 32.5136642456, 78.8972167969, 120.502967834, 46.4416847229, -36.3630828857], [-179.678268433, -9.90086746216, 10.9478397369, -104.062049866, -7.76132631302, -8.26095294952, 3.72504067421, 6.93003702164, -11.3985157013, 4.12750434875, 46.4416847229, 115.060630798, 30.1180267334], [320.902984619, 151.612991333, 52.4033851624, -27.4891700745, -51.3526611328, -71.1062774658, -50.1796379089, -62.2872200012, -43.5378684998, -55.7189826965, -36.3630828857, 30.1180267334, 117.088996887]], "icov": [[0.000748170190491, -0.00210515176877, 0.00150861707516, -0.00141800171696, 0.00192848371807, -0.000875803118106, 0.00197868398391, -0.00107201060746, 0.00115553382784, -0.00123603653628, 0.000793125422206, -0.000668148044497, 0.000518574030139], [-0.00210515176877, 0.00883902702481, -0.00402284553275, 0.00564123224467, -0.00460346415639, 0.00431287335232, -0.00468926364556, 0.00458527216688, -0.00393918901682, 0.00600816495717, -0.00321824802086, 0.00409655133262, -0.00217995117418], [0.00150861707516, -0.00402284553275, 0.00426892749965, -0.00275656115264, 0.0039304071106, -0.00211630854756, 0.00356083642691, -0.00173903093673, 0.00285797892138, -0.00218013883568, 0.00184540997725, -0.00129829882644, 0.000488452671561], [-0.00141800171696, 0.00564123224467, -0.00275656115264, 0.00515495613217, -0.00366036919877, 0.00209512305446, -0.0025417576544, 0.00195662002079, -0.00184233870823, 0.00390690471977, -0.00138520193286, 0.0037099076435, -0.0015661411453], [0.00192848371807, -0.00460346415639, 0.0039304071106, -0.00366036919877, 0.008360828273, -0.00289273587987, 0.00471089826897, -0.000986121827736, 0.00206623831764, -0.00141588924453, 0.00212896359153, -0.0021337622311, 0.00276607670821], [-0.000875803118106, 0.00431287335232, -0.00211630854756, 0.00209512305446, -0.00289273587987, 0.00750334654003, -0.00367885199375, 0.000706930237357, 0.000167618462001, 0.000510957324877, -0.000273587793345, 0.00158812780865, 0.00015422225988], [0.00197868398391, -0.00468926364556, 0.00356083642691, -0.0025417576544, 0.00471089826897, -0.00367885199375, 0.0135217858478, -0.0058896751143, 0.00287669105455, -0.00347410910763, 0.00168664753437, -0.000520453089848, 0.00102647941094], [-0.00107201060746, 0.00458527216688, -0.00173903093673, 0.00195662002079, -0.000986121827736, 0.000706930237357, -0.0058896751143, 0.013240525499, -0.00820784922689, 0.00547650037333, -0.0026662631426, -0.000308774819132, 0.0015601926716], [0.00115553382784, -0.00393918901682, 0.00285797892138, -0.00184233870823, 0.00206623831764, 0.000167618462001, 0.00287669105455, -0.00820784922689, 0.0179614126682, -0.0104906577617, 0.00435294024646, 0.000194704523892, 0.00108493224252], [-0.00123603653628, 0.00600816495717, -0.00218013883568, 0.00390690471977, -0.00141588924453, 0.000510957324877, -0.00347410910763, 0.00547650037333, -0.0104906577617, 0.0183020979166, -0.00936820916831, 0.00429141102359, -0.000590039649978], [0.000793125422206, -0.00321824802086, 0.00184540997725, -0.00138520193286, 0.00212896359153, -0.000273587793345, 0.00168664753437, -0.0026662631426, 0.00435294024646, -0.00936820916831, 0.0189468450844, -0.00874191150069, 0.00620766263455], [-0.000668148044497, 0.00409655133262, -0.00129829882644, 0.0037099076435, -0.0021337622311, 0.00158812780865, -0.000520453089848, -0.000308774819132, 0.000194704523892, 0.00429141102359, -0.00874191150069, 0.0167888682336, -0.00729872053489], [0.000518574030139, -0.00217995117418, 0.000488452671561, -0.0015661411453, 0.00276607670821, 0.00015422225988, 0.00102647941094, 0.0015601926716, 0.00108493224252, -0.000590039649978, 0.00620766263455, -0.00729872053489, 0.0158602483571]]}, "melbands": {"dmean": [5.71162274809e-07, 1.57363399467e-06, 2.16581133827e-06, 0.00016255780065, 0.000798509921879, 0.000227707903832, 0.000557025836315, 0.00033935304964, 3.26336157741e-05, 1.18929792734e-05, 8.17841100798e-06, 3.93534855903e-06, 6.81070559949e-07, 1.18714956443e-06, 1.00519287116e-06, 6.56993222492e-07, 7.93978983893e-07, 7.80353218488e-07, 5.25382631622e-07, 5.64381593904e-07, 8.8739216153e-07, 9.30654664444e-07, 4.93325046591e-07, 5.24476263308e-07, 4.86644751163e-07, 1.10744466042e-07, 7.11252994279e-08, 1.4682510141e-07, 1.64778214184e-07, 9.60937995842e-08, 9.31493104872e-08, 8.40861886786e-08, 9.29335968181e-08, 3.80867675176e-08, 1.59528177335e-08, 1.41979716872e-08, 1.63879327886e-08, 2.16814921572e-08, 2.53855301224e-08, 1.5134556719e-08], "dmean2": [9.83839981927e-07, 2.81015991277e-06, 3.90502646042e-06, 0.000226116069825, 0.00118132203352, 0.000298472004943, 0.000777004635893, 0.000473500724183, 4.24902827945e-05, 1.56362984853e-05, 1.0576758541e-05, 5.48855814486e-06, 9.84702069218e-07, 1.46290210523e-06, 1.25462679534e-06, 8.45571037189e-07, 1.05582910237e-06, 1.04860009742e-06, 7.2387246064e-07, 7.95246819507e-07, 1.28281624256e-06, 1.43164845667e-06, 6.992374324e-07, 7.65151355608e-07, 6.95598430411e-07, 1.70225391116e-07, 1.12086247839e-07, 2.47537798259e-07, 2.68593453256e-07, 1.56284613695e-07, 1.49965245555e-07, 1.35148795266e-07, 1.48732041794e-07, 6.39763371169e-08, 2.76457949866e-08, 2.51837306564e-08, 2.94311774951e-08, 3.92599872612e-08, 4.57863968961e-08, 2.77632548062e-08], "dvar": [1.68991394229e-12, 2.75598103366e-11, 3.4649116909e-11, 3.40028805113e-07, 6.64540675643e-06, 3.31773719608e-07, 3.22107166539e-06, 2.29397619478e-06, 1.70424367951e-08, 7.62117657871e-09, 8.56044901631e-10, 3.07817188405e-10, 1.18009456374e-11, 3.05105177234e-11, 2.07833160404e-11, 1.04930760261e-11, 1.58925216737e-11, 1.31641858872e-11, 6.69754095933e-12, 8.12894022928e-12, 1.66065182439e-11, 1.70799849958e-11, 1.01565500801e-11, 8.39743205527e-12, 1.0663247195e-11, 7.00933994006e-13, 1.54157326552e-13, 1.15234568849e-12, 3.23972706301e-12, 2.91310243072e-13, 2.23098923775e-13, 3.41168337071e-13, 1.22879050685e-12, 1.45366181657e-13, 1.40607638651e-14, 9.06147122533e-15, 2.0566388558e-14, 7.3215196926e-14, 3.36166912449e-14, 8.84095297378e-15], "dvar2": [4.48493759492e-12, 7.54738979647e-11, 9.3636265408e-11, 5.68481027585e-07, 1.57693830261e-05, 6.42129123207e-07, 7.33272781872e-06, 5.0217390708e-06, 3.34803864632e-08, 1.49748284883e-08, 1.66668101542e-09, 6.93231250182e-10, 2.68662227881e-11, 5.53673287773e-11, 4.09180987704e-11, 1.82836419615e-11, 2.65884259054e-11, 2.51869150536e-11, 1.30822601016e-11, 1.62434544981e-11, 3.25739470119e-11, 4.26903165596e-11, 2.27195796898e-11, 1.77708819882e-11, 1.9129307513e-11, 1.6166469205e-12, 3.31198691519e-13, 3.24769052797e-12, 8.27926876362e-12, 7.28391847706e-13, 5.45162710548e-13, 7.74869263805e-13, 3.01644711813e-12, 3.7659385701e-13, 3.80427772075e-14, 2.52091133612e-14, 5.86886225382e-14, 2.09759415241e-13, 9.62140252452e-14, 2.59515326573e-14], "max": [2.77071667369e-05, 9.60881079664e-05, 9.08271977096e-05, 0.0209353771061, 0.0816028863192, 0.0165103953332, 0.054796770215, 0.0393566116691, 0.00515001174062, 0.00553662749007, 0.00134477752727, 0.000939469668083, 0.000138701579999, 0.000246336392593, 0.000249239208642, 0.00013002709602, 0.000153937726282, 0.000165948484209, 0.000123833000544, 0.000126034196001, 0.000165225515957, 0.000127407824039, 0.000123929130496, 0.000115340953926, 0.000182289164513, 5.06441501784e-05, 1.71914380189e-05, 4.75354354421e-05, 0.000111691173515, 1.66580484802e-05, 1.42237968248e-05, 2.78944280581e-05, 4.84465490445e-05, 1.51062695295e-05, 4.16356033384e-06, 3.94028393202e-06, 6.86535850036e-06, 1.43898487295e-05, 8.29280361359e-06, 3.01786849377e-06], "mean": [5.18726324117e-07, 1.14957356345e-06, 1.53133737513e-06, 0.00034630697337, 0.00189949944615, 0.000726681551896, 0.000996320392005, 0.000429287349107, 6.47109045531e-05, 2.97199167107e-05, 2.0917828806e-05, 9.41986945691e-06, 1.16461683319e-06, 2.69711472356e-06, 2.29318675338e-06, 1.41276109389e-06, 1.33728860874e-06, 1.40077054311e-06, 8.64956859914e-07, 8.07006870218e-07, 1.21448579193e-06, 1.01935108887e-06, 6.1680862018e-07, 6.14683017375e-07, 6.01531382927e-07, 1.19278325883e-07, 7.30723499487e-08, 1.21179937196e-07, 1.37023334901e-07, 8.18482774889e-08, 8.45542871275e-08, 7.4225596336e-08, 7.6672506566e-08, 2.90934565328e-08, 1.20523262481e-08, 1.01968495869e-08, 1.13368967547e-08, 1.44041418793e-08, 1.7348664727e-08, 1.03653006178e-08], "median": [1.44367149346e-07, 8.02034350045e-08, 6.55027179164e-08, 2.16634252865e-05, 0.000555175996851, 0.000338948768331, 0.000259666383499, 4.25806974818e-05, 6.58823500999e-06, 3.73592229153e-06, 5.06530113853e-06, 1.88479305052e-06, 2.17980201001e-07, 2.70875972319e-07, 3.73753948679e-07, 1.71044433728e-07, 8.59880771031e-08, 1.2248668213e-07, 1.00029673433e-07, 7.46538049157e-08, 9.67243423133e-08, 6.2682737223e-08, 3.58343932305e-08, 2.77001337423e-08, 2.16867146463e-08, 7.28910443115e-09, 5.05288078045e-09, 6.23879303774e-09, 5.19084775163e-09, 4.94015139907e-09, 4.03498878754e-09, 2.65450927905e-09, 1.75400882707e-09, 1.10454612123e-09, 7.96765986522e-10, 7.34581062645e-10, 7.20807635801e-10, 7.35369432014e-10, 8.11432587788e-10, 6.82404410757e-10], "min": [1.30780003552e-24, 9.97502387308e-25, 1.50608239341e-24, 1.11773011407e-24, 6.54993033846e-25, 2.16780298097e-24, 1.7086208531e-24, 1.12672776295e-24, 2.68480249951e-24, 2.80000163244e-24, 2.43601844976e-24, 3.57218305989e-24, 2.68415819737e-24, 3.07060616648e-24, 1.45227685347e-24, 2.75601060684e-24, 2.69280233795e-24, 2.73469242974e-24, 2.2048352673e-24, 3.77031928131e-24, 5.47688653226e-24, 3.25644148258e-24, 4.19240601396e-24, 4.70047897972e-24, 4.86057198955e-24, 3.87922034598e-24, 4.92472728595e-24, 4.75817389974e-24, 5.23492277667e-24, 4.95545933467e-24, 4.12939141042e-24, 5.82944740346e-24, 5.29147503168e-24, 6.66617520512e-24, 6.29315167647e-24, 5.38758550564e-24, 6.56200612259e-24, 6.5027082372e-24, 6.05732999189e-24, 5.66726903983e-24], "var": [1.34907189586e-12, 1.83440172774e-11, 2.44324404458e-11, 1.34224171688e-06, 1.69477425516e-05, 1.21868333736e-06, 5.62577997698e-06, 2.97398969451e-06, 4.27414228454e-08, 2.11044692833e-08, 2.9541007418e-09, 7.55267071106e-10, 1.71295321677e-11, 9.15361328402e-11, 5.87412340991e-11, 2.90674862652e-11, 3.90842705422e-11, 3.45389619683e-11, 1.2723476786e-11, 1.41329890499e-11, 3.86451218248e-11, 1.83423311262e-11, 1.47078894203e-11, 1.25002916004e-11, 2.15314346214e-11, 8.07687792516e-13, 1.93195394578e-13, 7.27118126993e-13, 2.69899987776e-12, 2.53950343827e-13, 2.17714857102e-13, 3.73410856272e-13, 1.05679527629e-12, 1.11084847375e-13, 9.48901364656e-15, 5.77393306913e-15, 1.23338169986e-14, 4.27107893324e-14, 1.96130631403e-14, 5.10161718439e-15]}, "mfcc": {"mean": [-891.198974609, 156.445846558, 7.89649009705, -5.34754276276, -26.7435340881, -41.7563552856, -44.0729560852, -33.4734725952, -19.7035217285, -21.8211898804, -8.99078178406, -1.69290709496, -0.104924418032], "cov": [[8619.45019531, 1759.98022461, -918.775695801, 460.000152588, -348.013244629, -556.178405762, -668.544250488, -428.784423828, -69.1771240234, -415.350372314, -49.454120636, -79.5312347412, -210.472671509], [1759.98022461, 1877.39782715, -64.9261169434, -391.210662842, -378.059570312, -468.746368408, -426.074035645, -305.988983154, -205.213897705, -188.347808838, -154.807830811, -46.8011169434, -26.7246017456], [-918.775695801, -64.9261169434, 744.793701172, 42.1323204041, -27.8616924286, 55.7118148804, 77.9517745972, 25.0146694183, 17.9045543671, 27.4140548706, -59.7091751099, -21.5446968079, -16.31590271], [460.000152588, -391.210662842, 42.1323204041, 503.483123779, 187.68901062, 96.4591140747, 58.2961578369, 40.2125587463, 51.8941650391, -38.0492248535, -14.4259548187, -65.0265731812, -80.4640197754], [-348.013244629, -378.059570312, -27.8616924286, 187.68901062, 329.934265137, 175.343551636, 102.853561401, 85.5936660767, 17.0621433258, 10.4674930573, -1.33827292919, -60.9448013306, -35.0936851501], [-556.178405762, -468.746368408, 55.7118148804, 96.4591140747, 175.343551636, 277.444671631, 167.418365479, 70.9118423462, 56.5231628418, 51.4060554504, 21.0189857483, -10.2930374146, 2.54839968681], [-668.544250488, -426.074035645, 77.9517745972, 58.2961578369, 102.853561401, 167.418365479, 233.540237427, 127.759254456, 52.8641777039, 61.8011550903, 41.2888870239, 33.9744491577, 17.9668140411], [-428.784423828, -305.988983154, 25.0146694183, 40.2125587463, 85.5936660767, 70.9118423462, 127.759254456, 187.953048706, 72.5192184448, 27.3123703003, 43.8029403687, 27.8395767212, 7.17933225632], [-69.1771240234, -205.213897705, 17.9045543671, 51.8941650391, 17.0621433258, 56.5231628418, 52.8641777039, 72.5192184448, 152.385131836, 63.6329269409, 30.0768089294, 42.9630050659, 5.26713848114], [-415.350372314, -188.347808838, 27.4140548706, -38.0492248535, 10.4674930573, 51.4060554504, 61.8011550903, 27.3123703003, 63.6329269409, 165.396728516, 92.773223877, 51.4483947754, 46.1966667175], [-49.454120636, -154.807830811, -59.7091751099, -14.4259548187, -1.33827292919, 21.0189857483, 41.2888870239, 43.8029403687, 30.0768089294, 92.773223877, 184.516906738, 114.820747375, 46.6193656921], [-79.5312347412, -46.8011169434, -21.5446968079, -65.0265731812, -60.9448013306, -10.2930374146, 33.9744491577, 27.8395767212, 42.9630050659, 51.4483947754, 114.820747375, 202.394515991, 101.118911743], [-210.472671509, -26.7246017456, -16.31590271, -80.4640197754, -35.0936851501, 2.54839968681, 17.9668140411, 7.17933225632, 5.26713848114, 46.1966667175, 46.6193656921, 101.118911743, 148.498016357]], "icov": [[0.000290151569061, -0.000304401124595, 0.000315946992487, -0.000556137005333, 0.000273345649475, -9.16246208362e-05, 0.000155643472681, 0.000232451478951, -0.00043769745389, 0.000491291866638, -0.000461206538603, 0.00012299104128, 4.96616557939e-05], [-0.000304401124595, 0.00181090133265, -0.000467918202048, 0.001416259096, -0.000314322009217, 0.00145818293095, 0.000567471433897, 0.000799438508693, 0.000594435201492, 0.00026831147261, 0.000800133275334, -0.000293580727885, 0.00024800223764], [0.000315946992487, -0.000467918202048, 0.00194555451162, -0.00103173207026, 0.00103715062141, -0.000665303028654, -0.000157485977979, -0.00030988137587, 0.000118287098303, -0.000554175581783, 0.000768728903495, -0.000301644206047, 0.000441143347416], [-0.000556137005333, 0.001416259096, -0.00103173207026, 0.00472333561629, -0.00254990463145, 0.00165941636078, -0.000995148788206, 0.0016649258323, -0.00140146212652, 0.00164366397075, -0.000424254714744, 0.000599442340899, 0.000584841822274], [0.000273345649475, -0.000314322009217, 0.00103715062141, -0.00254990463145, 0.00723999459296, -0.00445397337899, 0.00191700598225, -0.00342074036598, 0.00246191653423, -0.00127181748394, 0.000600671453867, 0.000661723024677, 0.000453162472695], [-9.16246208362e-05, 0.00145818293095, -0.000665303028654, 0.00165941636078, -0.00445397337899, 0.0114511838183, -0.00663855392486, 0.00531679252163, -0.0037157793995, 0.00221352279186, -0.00148743658792, 0.00208370597102, -0.00125306239352], [0.000155643472681, 0.000567471433897, -0.000157485977979, -0.000995148788206, 0.00191700598225, -0.00663855392486, 0.0141569338739, -0.00773722585291, 0.00415946589783, -0.00376327265985, 0.00284691620618, -0.00351670221426, 0.00151848758105], [0.000232451478951, 0.000799438508693, -0.00030988137587, 0.0016649258323, -0.00342074036598, 0.00531679252163, -0.00773722585291, 0.0143779637292, -0.00739684468135, 0.00602740840986, -0.00473251752555, 0.00270492816344, -0.00128611142281], [-0.00043769745389, 0.000594435201492, 0.000118287098303, -0.00140146212652, 0.00246191653423, -0.0037157793995, 0.00415946589783, -0.00739684468135, 0.0145211694762, -0.00821336731315, 0.00602303026244, -0.00561861600727, 0.00321531645022], [0.000491291866638, 0.00026831147261, -0.000554175581783, 0.00164366397075, -0.00127181748394, 0.00221352279186, -0.00376327265985, 0.00602740840986, -0.00821336731315, 0.0157371945679, -0.00942210573703, 0.0052563175559, -0.00382597697899], [-0.000461206538603, 0.000800133275334, 0.000768728903495, -0.000424254714744, 0.000600671453867, -0.00148743658792, 0.00284691620618, -0.00473251752555, 0.00602303026244, -0.00942210573703, 0.0154046416283, -0.0091470927, 0.00350677431561], [0.00012299104128, -0.000293580727885, -0.000301644206047, 0.000599442340899, 0.000661723024677, 0.00208370597102, -0.00351670221426, 0.00270492816344, -0.00561861600727, 0.0052563175559, -0.0091470927, 0.0144285224378, -0.00756081659347], [4.96616557939e-05, 0.00024800223764, 0.000441143347416, 0.000584841822274, 0.000453162472695, -0.00125306239352, 0.00151848758105, -0.00128611142281, 0.00321531645022, -0.00382597697899, 0.00350677431561, -0.00756081659347, 0.0123453084379]]}, "spectral_contrast_coeffs": {"dmean": [0.0600902140141, 0.0505808368325, 0.0411744080484, 0.0347075723112, 0.0290990304202, 0.0220583286136], "dmean2": [0.0923532396555, 0.0806569382548, 0.0627302750945, 0.0512615479529, 0.0388166643679, 0.0308674089611], "dvar": [0.00325960596092, 0.0033489856869, 0.00154818990268, 0.0011217626743, 0.000696973060258, 0.000412438879721], "dvar2": [0.00693209515885, 0.00796684250236, 0.00325464992784, 0.00213332124986, 0.00129888695665, 0.00085637846496], "max": [-0.129505515099, -0.25877571106, -0.382146477699, -0.464905738831, -0.525780260563, -0.605927169323], "mean": [-0.508795976639, -0.558881223202, -0.6804022789, -0.774552345276, -0.811149001122, -0.831639230251], "median": [-0.478302657604, -0.545038461685, -0.671912193298, -0.778886258602, -0.819882929325, -0.837199091911], "min": [-0.979276359081, -0.980329930782, -0.974488258362, -0.974844932556, -0.967068076134, -0.964819788933], "var": [0.0275895297527, 0.0148476520553, 0.0108314100653, 0.00646665273234, 0.00454334495589, 0.0018587175291]}, "spectral_contrast_valleys": {"dmean": [0.637266695499, 0.555801272392, 0.540263831615, 0.519064664841, 0.48264771699