{"lowlevel": {"average_loudness": 0.592807590961, "barkbands_crest": {"dmean": 2.09644627571, "dmean2": 3.0636382103, "dvar": 6.41036367416, "dvar2": 15.0691051483, "max": 26.9967365265, "mean": 16.2742290497, "median": 15.8432636261, "min": 2.39223408699, "var": 30.2720775604}, "barkbands_flatness_db": {"dmean": 0.0463852807879, "dmean2": 0.0676931962371, "dvar": 0.00325872842222, "dvar2": 0.0074742292054, "max": 0.831385493279, "mean": 0.446188390255, "median": 0.442320197821, "min": 0.0099941957742, "var": 0.0134887490422}, "barkbands_kurtosis": {"dmean": 37.2678794861, "dmean2": 55.667591095, "dvar": 162644.90625, "dvar2": 344922.8125, "max": 20427.625, "mean": 64.3681335449, "median": 5.39502906799, "min": -1.95198714733, "var": 417054.875}, "barkbands_skewness": {"dmean": 1.02821290493, "dmean2": 1.44335877895, "dvar": 6.07432699203, "dvar2": 12.524066925, "max": 113.139427185, "mean": 1.63258111477, "median": 1.02952575684, "min": -15.9479227066, "var": 30.7680263519}, "barkbands_spread": {"dmean": 1.28714799881, "dmean2": 1.93293166161, "dvar": 6.77045440674, "dvar2": 15.3831892014, "max": 58.5525131226, "mean": 3.87724423409, "median": 2.43235635757, "min": 0.00300469202921, "var": 17.1718959808}, "dissonance": {"dmean": 0.0677431374788, "dmean2": 0.114819176495, "dvar": 0.00410228269175, "dvar2": 0.0110683050007, "max": 0.499759167433, "mean": 0.269236207008, "median": 0.268762290478, "min": 0.0154085652903, "var": 0.0118863163516}, "dynamic_complexity": 7.398001194, "erbbands_crest": {"dmean": 2.36809706688, "dmean2": 3.42934942245, "dvar": 7.38237142563, "dvar2": 16.7010555267, "max": 33.9979858398, "mean": 17.6265869141, "median": 16.8562679291, "min": 2.88068008423, "var": 39.6328239441}, "erbbands_flatness_db": {"dmean": 0.0381348915398, "dmean2": 0.0543044283986, "dvar": 0.00239439820871, "dvar2": 0.00526093645021, "max": 0.726684629917, "mean": 0.423273831606, "median": 0.419449627399, "min": 0.0706899389625, "var": 0.0107214879245}, "erbbands_kurtosis": {"dmean": 5.33709573746, "dmean2": 7.77827167511, "dvar": 192.098937988, "dvar2": 420.168273926, "max": 385.308532715, "mean": 9.37114048004, "median": 3.01168894768, "min": -1.93115389347, "var": 417.180908203}, "erbbands_skewness": {"dmean": 0.62884581089, "dmean2": 0.881176710129, "dvar": 0.812520682812, "dvar2": 1.71068382263, "max": 14.8598155975, "mean": 0.543539583683, "median": 0.367260932922, "min": -6.29706954956, "var": 3.45550084114}, "erbbands_spread": {"dmean": 2.75407099724, "dmean2": 4.184694767, "dvar": 38.6158828735, "dvar2": 88.0840911865, "max": 95.4140777588, "mean": 8.91484737396, "median": 5.43853092194, "min": 0.169269829988, "var": 97.4092102051}, "hfc": {"dmean": 1.64433383942, "dmean2": 2.11679530144, "dvar": 13.5092830658, "dvar2": 25.4518051147, "max": 37.7026062012, "mean": 4.32085418701, "median": 2.05599784851, "min": 3.24046178779e-10, "var": 37.6708183289}, "melbands_crest": {"dmean": 2.30674910545, "dmean2": 3.33104491234, "dvar": 7.9411277771, "dvar2": 18.079410553, "max": 34.6005210876, "mean": 18.9003143311, "median": 18.8286514282, "min": 3.64440655708, "var": 36.2323417664}, "melbands_flatness_db": {"dmean": 0.0504318550229, "dmean2": 0.0734210982919, "dvar": 0.00391717208549, "dvar2": 0.00878564734012, "max": 1, "mean": 0.541139304638, "median": 0.53520655632, "min": 0.0204554814845, "var": 0.0179993323982}, "melbands_kurtosis": {"dmean": 6.96155786514, "dmean2": 10.4430465698, "dvar": 416.449432373, "dvar2": 958.34173584, "max": 802.537658691, "mean": 11.8538551331, "median": 4.65724754333, "min": -1.90192723274, "var": 657.496948242}, "melbands_skewness": {"dmean": 0.725644886494, "dmean2": 1.00952887535, "dvar": 1.20018899441, "dvar2": 2.48360514641, "max": 17.7295093536, "mean": 1.29702198505, "median": 1.08657002449, "min": -6.3947019577, "var": 4.46990966797}, "melbands_spread": {"dmean": 1.92954945564, "dmean2": 2.79865694046, "dvar": 14.3006982803, "dvar2": 29.3350582123, "max": 113.052955627, "mean": 6.03339910507, "median": 3.88659715652, "min": 0.146808326244, "var": 41.2523841858}, "pitch_salience": {"dmean": 0.0580418556929, "dmean2": 0.0867700055242, "dvar": 0.00522932596505, "dvar2": 0.0126103386283, "max": 0.933262765408, "mean": 0.405547231436, "median": 0.414927095175, "min": 0.00757256383076, "var": 0.0180705413222}, "silence_rate_20dB": {"dmean": 0, "dmean2": 0, "dvar": 0, "dvar2": 0, "max": 1, "mean": 1, "median": 1, "min": 1, "var": 0}, "silence_rate_30dB": {"dmean": 0.0115826046094, "dmean2": 0.023167649284, "dvar": 0.0114504517987, "dvar2": 0.0279028192163, "max": 1, "mean": 0.990524291992, "median": 1, "min": 0, "var": 0.00938708335161}, "silence_rate_60dB": {"dmean": 0.0718121528625, "dmean2": 0.143534123898, "dvar": 0.0666493400931, "dvar2": 0.127999380231, "max": 1, "mean": 0.433354377747, "median": 0, "min": 0, "var": 0.245533540845}, "spectral_centroid": {"dmean": 62.450088501, "dmean2": 87.8489990234, "dvar": 28302.5957031, "dvar2": 43793.1523438, "max": 11250.2480469, "mean": 561.653625488, "median": 487.640258789, "min": 116.785079956, "var": 110935.25}, "spectral_complexity": {"dmean": 0.68800675869, "dmean2": 1.13089716434, "dvar": 1.23878824711, "dvar2": 2.45446395874, "max": 17, "mean": 4.17803764343, "median": 4, "min": 0, "var": 7.69667482376}, "spectral_decrease": {"dmean": 1.56418666908e-09, "dmean2": 1.90812743384e-09, "dvar": 1.23346848566e-17, "dvar2": 2.08450904027e-17, "max": -1.42732094764e-21, "mean": -3.69766772756e-09, "median": -1.02435215865e-09, "min": -3.42584769442e-08, "var": 3.7840631127e-17}, "spectral_energy": {"dmean": 0.00604832079262, "dmean2": 0.00738665275276, "dvar": 0.000183852069313, "dvar2": 0.000311323208734, "max": 0.13234500587, "mean": 0.014347711578, "median": 0.00408917758614, "min": 3.47789491976e-14, "var": 0.000563065579627}, "spectral_energyband_high": {"dmean": 5.52059464098e-06, "dmean2": 9.16089538805e-06, "dvar": 8.1502254945e-10, "dvar2": 2.28379004596e-09, "max": 0.000595488934778, "mean": 4.91931450597e-06, "median": 1.0427808661e-07, "min": 2.56997046799e-14, "var": 5.55772705635e-10}, "spectral_energyband_low": {"dmean": 0.00200556614436, "dmean2": 0.00250446610153, "dvar": 4.35144684161e-05, "dvar2": 7.55883011152e-05, "max": 0.105842538178, "mean": 0.00432160776109, "median": 4.71630992251e-05, "min": 4.69212577643e-16, "var": 0.000136011003633}, "spectral_energyband_middle_high": {"dmean": 0.000286496651825, "dmean2": 0.000412717432482, "dvar": 7.22173012946e-07, "dvar2": 1.79156927516e-06, "max": 0.0192540269345, "mean": 0.000846109644044, "median": 0.000242846406763, "min": 7.49949757785e-15, "var": 2.25208714255e-06}, "spectral_energyband_middle_low": {"dmean": 0.00438246550038, "dmean2": 0.00541549036279, "dvar": 0.000145185360452, "dvar2": 0.000241040703258, "max": 0.132270440459, "mean": 0.00993418972939, "median": 0.00204130378552, "min": 8.88816870784e-16, "var": 0.000453321816167}, "spectral_entropy": {"dmean": 0.349972605705, "dmean2": 0.525988996029, "dvar": 0.264779508114, "dvar2": 0.609366297722, "max": 9.77883625031, "mean": 4.84165716171, "median": 4.90560817719, "min": 2.40249061584, "var": 0.708787500858}, "spectral_flux": {"dmean": 0.0211430285126, "dmean2": 0.0335071608424, "dvar": 0.00188599550165, "dvar2": 0.00470875715837, "max": 0.308539330959, "mean": 0.0308492463082, "median": 0.0136635098606, "min": 2.97235624203e-06, "var": 0.00209150114097}, "spectral_kurtosis": {"dmean": 66.7772750854, "dmean2": 111.38470459, "dvar": 17767.8730469, "dvar2": 54799.9765625, "max": 3772.81738281, "mean": 136.166107178, "median": 98.3431015015, "min": -1.24499773979, "var": 22185.8027344}, "spectral_rms": {"dmean": 0.00063382886583, "dmean2": 0.000743592507206, "dvar": 1.43756960824e-06, "dvar2": 2.34651110986e-06, "max": 0.0113629698753, "mean": 0.00278278510086, "median": 0.00199735863134, "min": 5.82500492285e-09, "var": 6.2538988459e-06}, "spectral_rolloff": {"dmean": 88.6873474121, "dmean2": 154.102493286, "dvar": 88760.28125, "dvar2": 152621.140625, "max": 14922.5097656, "mean": 685.587463379, "median": 667.529296875, "min": 86.1328125, "var": 222915.203125}, "spectral_skewness": {"dmean": 2.21172142029, "dmean2": 3.54595518112, "dvar": 7.32712888718, "dvar2": 20.094669342, "max": 51.7014808655, "mean": 8.67728614807, "median": 7.87543296814, "min": -0.0266540274024, "var": 20.2173156738}, "spectral_spread": {"dmean": 673510.375, "dmean2": 1097051.75, "dvar": 1135937716220.0, "dvar2": 2690820866050.0, "max": 40668760, "mean": 1485478.375, "median": 1192095, "min": 48531.9140625, "var": 1622469509120.0}, "spectral_strongpeak": {"dmean": 0.250422567129, "dmean2": 0.35620957613, "dvar": 0.168452769518, "dvar2": 0.370990931988, "max": 6.80296802521, "mean": 0.87489515543, "median": 0.671658933163, "min": 2.23238203034e-07, "var": 0.576445281506}, "zerocrossingrate": {"dmean": 0.00308439298533, "dmean2": 0.00337631884031, "dvar": 3.54255898856e-05, "dvar2": 3.53876457666e-05, "max": 0.58203125, "mean": 0.0263971593231, "median": 0.02392578125, "min": 0.0029296875, "var": 0.000289141898975}, "barkbands": {"dmean": [3.79291395802e-06, 0.000894344877452, 0.000891647010576, 0.000797083426733, 0.00204983749427, 0.0011372177396, 0.000630814465694, 0.00017516281514, 0.000255529477727, 0.000156280657393, 7.5837931945e-05, 6.00638086325e-05, 1.91125873243e-05, 2.27969758271e-05, 3.7034108118e-06, 2.63645256382e-06, 2.44699253926e-06, 1.13826956749e-06, 2.77748017652e-06, 1.16713522402e-06, 7.87518956713e-07, 1.98645079763e-06, 9.56666326601e-07, 6.37635366729e-07, 1.94769739892e-07, 2.17948681325e-07, 7.34361194077e-08], "dmean2": [6.67760878059e-06, 0.00109269516543, 0.00119755160995, 0.000949591689277, 0.00241212220863, 0.00158314872533, 0.000846920011099, 0.000246871699346, 0.000345291336998, 0.000230790668866, 0.000112055298814, 8.03668299341e-05, 2.24837785936e-05, 3.3680593333e-05, 5.52352412342e-06, 4.53986513094e-06, 3.97565418098e-06, 2.05138394449e-06, 5.36369725523e-06, 2.18131231122e-06, 1.26037605241e-06, 3.23060817209e-06, 1.6492232362e-06, 1.02052308648e-06, 3.12051923856e-07, 3.22962364407e-07, 1.04165891912e-07], "dvar": [2.47177833756e-10, 1.8613636712e-05, 1.05819035525e-05, 9.21108403418e-06, 4.12639674323e-05, 2.01087514142e-05, 6.41550104774e-06, 8.98153189155e-07, 7.78760181674e-07, 4.22426381874e-07, 1.53806141157e-07, 1.1231853847e-07, 6.01154725999e-09, 6.30513641298e-09, 8.11336497986e-10, 1.78456902034e-10, 3.00553859578e-10, 7.91628845809e-11, 7.32192362296e-10, 7.31656193964e-11, 3.14059785123e-11, 1.52560464262e-10, 4.75341779826e-11, 6.78483918354e-12, 4.1808069051e-13, 6.57361209737e-13, 7.04221294993e-14], "dvar2": [6.76180111903e-10, 2.9711976822e-05, 2.06589120353e-05, 1.25790656966e-05, 6.16287798039e-05, 3.80824385502e-05, 1.22741639643e-05, 1.92338143279e-06, 1.56392843564e-06, 1.08990286662e-06, 3.73096895601e-07, 2.22265924776e-07, 7.42108285934e-09, 1.50575676372e-08, 1.5248489138e-09, 5.08166675406e-10, 6.93433532817e-10, 2.23291385382e-10, 2.17774664968e-09, 2.12752315765e-10, 7.08444899966e-11, 4.16833567662e-10, 1.31773841838e-10, 1.74587740098e-11, 1.08005748442e-12, 1.41664490468e-12, 1.38741503095e-13], "max": [0.000288025999907, 0.0889202356339, 0.0559292584658, 0.0655033662915, 0.0883869826794, 0.0677976757288, 0.0486675947905, 0.0223810505122, 0.0239558387548, 0.0183484945446, 0.0144823594019, 0.0107925990596, 0.00388850341551, 0.00248055974953, 0.00260137417354, 0.000325693981722, 0.00108037539758, 0.000301310414216, 0.000537633430213, 0.000139367009979, 0.000177680922206, 0.000281689077383, 0.00015265084221, 4.62849820906e-05, 1.03172733361e-05, 2.15520285565e-05, 5.52373239771e-06], "mean": [2.92158529192e-06, 0.00176209758501, 0.00181170844007, 0.00196002214216, 0.00399580039084, 0.00162137602456, 0.00109732733108, 0.000362303253496, 0.000871373689733, 0.000412012421293, 0.000170473111211, 0.000149098414113, 4.48157588835e-05, 6.28775742371e-05, 7.92273112893e-06, 4.54102382719e-06, 3.35023219122e-06, 9.06642810605e-07, 1.61379932706e-06, 7.40227619644e-07, 7.62118190778e-07, 1.82400435733e-06, 7.35319190426e-07, 5.79494837893e-07, 1.80757993462e-07, 2.31147467389e-07, 8.77327295257e-08], "median": [1.2062241872e-08, 5.71337159272e-06, 7.10597578291e-06, 1.47234077303e-05, 0.000166933896253, 4.85964992549e-05, 3.63466024282e-05, 7.26076723367e-06, 0.000131607579533, 1.76309513336e-05, 1.96915084416e-06, 2.78461084235e-06, 1.28947795019e-06, 5.22122718394e-07, 1.12251370865e-07, 3.96488744059e-08, 4.31758024888e-08, 1.19729497428e-08, 1.10215143678e-08, 9.74981517743e-09, 6.7170544682e-09, 7.5005832656e-09, 5.38135180861e-09, 7.0218129089e-09, 2.85137935485e-09, 1.82211201682e-09, 5.79693570923e-10], "min": [2.01152259348e-16, 2.36977081101e-16, 9.58123435869e-17, 6.9261156178e-17, 9.67820970498e-17, 1.01625987308e-16, 9.52027842673e-17, 7.39298826693e-17, 2.81442260956e-16, 8.04196055892e-16, 1.06181837394e-15, 5.14334234501e-16, 6.7091314524e-16, 1.37993906734e-15, 8.16800064966e-16, 3.51049549207e-16, 2.6432989255e-16, 3.60838020764e-16, 7.00215032441e-16, 1.42266510326e-15, 9.36645327305e-16, 8.57850722661e-16, 1.0974278508e-15, 2.89850481737e-15, 6.59261963529e-15, 8.76995297807e-15, 3.98663256405e-15], "var": [1.76986161837e-10, 6.10962015344e-05, 2.93824941764e-05, 4.4394073484e-05, 0.000125720893266, 3.67505417671e-05, 1.65226974786e-05, 2.39174687522e-06, 4.02219120588e-06, 1.16997273381e-06, 4.0305221205e-07, 4.07826405535e-07, 3.62330077053e-08, 2.60968846533e-08, 5.35808908353e-09, 2.27827173793e-10, 5.32181021473e-10, 5.2088191399e-11, 3.86553955511e-10, 4.04701341883e-11, 4.23202792255e-11, 1.23113838568e-10, 3.06485045676e-11, 5.89411418978e-12, 3.86253827317e-13, 7.84956897659e-13, 1.22798676067e-13]}, "erbbands": {"dmean": [0.0108804814517, 0.255175471306, 1.00867259502, 1.68516170979, 4.28955125809, 8.06191539764, 9.80585193634, 8.43343067169, 10.409157753, 5.0845580101, 3.46054673195, 5.43313980103, 5.06513357162, 3.75442743301, 3.23453593254, 1.61147725582, 0.931550443172, 0.699559569359, 0.830559492111, 0.244836851954, 0.1426987499, 0.113785147667, 0.0757464766502, 0.152835443616, 0.0788913816214, 0.0580121390522, 0.0373109616339, 0.0322522558272, 0.0778466314077, 0.0539089031518, 0.0186429414898, 0.0132031813264, 0.0111509524286, 0.00279311439954, 0.00114352884702, 0.00125498813577, 0.000329417438479, 8.96072524483e-05, 1.39510220833e-05, 6.85186341798e-06], "dmean2": [0.0136144394055, 0.310965061188, 1.29446029663, 2.07941365242, 4.89147043228, 9.47394752502, 12.702038765, 11.8160524368, 14.0871334076, 7.14324522018, 4.79689836502, 7.07369565964, 7.60677099228, 5.51393222809, 4.62733221054, 2.12064743042, 1.1163905859, 0.903454303741, 1.28330779076, 0.372926443815, 0.246787637472, 0.185988485813, 0.125582978129, 0.292359620333, 0.150790244341, 0.107527405024, 0.0669882968068, 0.0502762235701, 0.121909253299, 0.094838321209, 0.0319184549153, 0.0211356636137, 0.017431024462, 0.00458693411201, 0.00179459387437, 0.00186912470963, 0.000483329989947, 0.000126350889332, 1.93563482753e-05, 8.44755413709e-06], "dvar": [0.00364781823009, 1.40514552593, 14.027888298, 31.215669632, 237.326766968, 895.547546387, 1366.69299316, 1201.37963867, 2098.12084961, 500.366851807, 227.88470459, 318.688232422, 480.969207764, 209.786453247, 197.113861084, 60.1695518494, 12.4144115448, 10.7582883835, 8.87473201752, 4.02435684204, 0.696505904198, 0.465921342373, 0.289935410023, 2.23684072495, 0.498956948519, 0.175462156534, 0.0691401511431, 0.0685357451439, 0.221421509981, 0.167132213712, 0.0150725953281, 0.00302344257943, 0.00197502435185, 0.000131443681312, 1.46798229252e-05, 4.3183692469e-05, 7.86345367487e-07, 1.20874375398e-07, 1.54108714678e-09, 2.23428858748e-10], "dvar2": [0.00551018724218, 2.26085233688, 24.9766864777, 51.0543251038, 317.304931641, 1298.5111084, 2417.54589844, 2364.54248047, 4129.47460938, 1093.70043945, 472.54586792, 589.319641113, 1215.11621094, 553.836669922, 469.581817627, 114.202148438, 16.2075805664, 14.5834693909, 23.3012905121, 8.65641498566, 1.96904349327, 1.08096671104, 0.710743904114, 6.64796686172, 1.47612071037, 0.508385241032, 0.195603683591, 0.145849049091, 0.580201506615, 0.47615891695, 0.0410649701953, 0.00767188705504, 0.00497786700726, 0.000353704788722, 3.62131868314e-05, 9.28042936721e-05, 1.75340005626e-06, 2.35440722918e-07, 3.36897865161e-09, 3.75080883019e-10], "max": [1.3496735096, 24.5775241852, 58.9494667053, 114.100799561, 288.437194824, 522.571533203, 613.951660156, 650.108520508, 707.11114502, 691.391967773, 592.12310791, 534.850158691, 510.348724365, 570.036132812, 409.290802002, 245.944076538, 181.027084351, 194.759475708, 87.8082809448, 177.672302246, 23.0478019714, 40.5365447998, 26.3715362549, 35.9398155212, 12.8729925156, 7.94993925095, 5.17201375961, 9.6931552887, 9.46982192993, 9.66627025604, 2.90228009224, 0.820230484009, 0.823440313339, 0.217895105481, 0.0744525939226, 0.18515856564, 0.0141901168972, 0.00848222430795, 0.000627347733825, 0.000147472237586], "mean": [0.0208761952817, 0.511790692806, 2.10768294334, 4.13402605057, 9.99140167236, 14.7181444168, 15.7138557434, 11.9201488495, 16.5064544678, 10.3905801773, 9.87956142426, 19.4830532074, 13.3687705994, 10.1825532913, 7.88614940643, 4.11321115494, 2.27051639557, 1.78073835373, 2.42462086678, 0.593651533127, 0.224147289991, 0.176530525088, 0.0834570005536, 0.0952281281352, 0.0466957986355, 0.0382011458278, 0.0264024827629, 0.0331076346338, 0.0772008523345, 0.0412728488445, 0.0145691651851, 0.0120941093192, 0.0106840217486, 0.00247500604019, 0.00108882668428, 0.0012933074031, 0.000369186280295, 0.000109588225314, 1.93984888028e-05, 1.62582327903e-05], "median": [0.000120344760944, 0.003460183274, 0.0153199648485, 0.0740659981966, 0.322016358376, 0.584929704666, 0.555129528046, 0.477206885815, 0.560554742813, 0.782550930977, 1.1699539423, 3.03626132011, 2.06063985825, 1.37118315697, 0.830824315548, 0.37477606535, 0.148832499981, 0.0812535881996, 0.0274591594934, 0.0124523676932, 0.00432659173384, 0.00447124894708, 0.00290786102414, 0.00110359303653, 0.000747107900679, 0.0006505001802, 0.000434023328125, 0.000348334084265, 0.000340473867254, 0.000377001357265, 0.000188618490938, 0.000179067981662, 0.000117691131891, 6.19871425442e-05, 2.68123967544e-05, 1.55304223881e-05, 8.26043560664e-06, 1.35994832817e-06, 3.26104304804e-06, 5.12483802595e-06], "min": [9.72750847835e-15, 4.36918195037e-14, 1.06498550213e-13, 1.8818230123e-13, 2.61861821289e-13, 3.08082145949e-13, 6.40585891623e-13, 8.51296843348e-13, 1.31622512368e-12, 1.07318407633e-12, 2.59648162346e-12, 5.60964295848e-12, 1.65732271656e-11, 4.01513648718e-11, 3.39520841997e-11, 2.22986212828e-11, 3.01810486325e-11, 7.88303311516e-11, 4.67899607948e-11, 2.48772009936e-11, 2.30578993399e-11, 1.33287296131e-11, 2.20100881965e-11, 2.51627503556e-11, 4.73222468156e-11, 5.04239323906e-11, 4.65083145607e-11, 4.17710241396e-11, 3.41797493086e-11, 3.11030194655e-11, 3.51604578785e-11, 1.73471809833e-11, 7.40922878606e-11, 5.87007872865e-11, 5.60959785567e-11, 3.69627314867e-11, 1.50472672517e-11, 4.77907990959e-12, 5.65099182726e-13, 4.47178542297e-14], "var": [0.012358032167, 4.59311723709, 42.9037284851, 130.823516846, 953.24017334, 2627.75927734, 2874.75341797, 2093.39453125, 4441.13085938, 1619.25073242, 1049.10595703, 2041.90588379, 1137.30285645, 556.138061523, 512.718566895, 228.054016113, 71.8480911255, 62.187374115, 36.3787918091, 24.625711441, 0.714345693588, 0.883200109005, 0.366926640272, 1.21076142788, 0.264431089163, 0.098765745759, 0.0430450364947, 0.105610899627, 0.214731812477, 0.100464887917, 0.0102045862004, 0.00276101380587, 0.00183324120007, 0.000100668446976, 1.47375967572e-05, 5.02685434185e-05, 1.06878678707e-06, 2.20400721673e-07, 2.25735785619e-09, 6.91425749988e-10]}, "gfcc": {"mean": [-314.284973145, 178.720855713, -76.0934295654, -50.412612915, -65.8129653931, -8.20303630829, -27.1321239471, -14.488535881, -16.3368358612, -19.5418548584, -15.9960680008, -9.72801399231, -5.10567235947], "cov": [[23555.421875, 292.014801025, -1034.79272461, 1180.72216797, 280.794921875, 2331.58862305, 41.712146759, -4.33776807785, -116.367233276, -72.5126876831, -607.187133789, -375.533721924, -84.5721206665], [292.014801025, 3453.12011719, 2130.83178711, 238.418426514, 722.586425781, -382.71206665, 387.3722229, -237.316619873, -109.996238708, -308.155883789, 273.473327637, -239.947006226, -2.55268287659], [-1034.79272461, 2130.83178711, 4798.3984375, 1890.40856934, 44.6399421692, -1086, -239.012268066, -154.874008179, -123.451087952, -24.6175823212, 211.162521362, 104.152374268, 53.4498519897], [1180.72216797, 238.418426514, 1890.40856934, 2277.03515625, 237.005844116, -330.091552734, -395.388397217, -163.706787109, -31.9944057465, -5.99977397919, 87.2500915527, 158.022460938, 57.7401885986], [280.794921875, 722.586425781, 44.6399421692, 237.005844116, 952.626525879, 538.964172363, 131.134750366, -92.8722000122, -5.81657218933, -96.4369506836, -19.5029220581, -133.862808228, -49.2849960327], [2331.58862305, -382.71206665, -1086, -330.091552734, 538.964172363, 1409.65905762, 418.493286133, 32.7803268433, -87.1513137817, -8.46848869324, -222.227630615, -133.700714111, -44.0723953247], [41.712146759, 387.3722229, -239.012268066, -395.388397217, 131.134750366, 418.493286133, 694.629211426, 169.433410645, -64.2274093628, -140.200866699, -19.5910739899, -34.0197753906, -32.9489822388], [-4.33776807785, -237.316619873, -154.874008179, -163.706787109, -92.8722000122, 32.7803268433, 169.433410645, 458.548553467, 230.344818115, -15.3927211761, -123.968276978, -28.663187027, -8.75362205505], [-116.367233276, -109.996238708, -123.451087952, -31.9944057465, -5.81657218933, -87.1513137817, -64.2274093628, 230.344818115, 408.476593018, 130.821594238, -74.2326126099, -70.9867630005, 0.405479729176], [-72.5126876831, -308.155883789, -24.6175823212, -5.99977397919, -96.4369506836, -8.46848869324, -140.200866699, -15.3927211761, 130.821594238, 334.334747314, 51.2975463867, -71.1440124512, -9.85347080231], [-607.187133789, 273.473327637, 211.162521362, 87.2500915527, -19.5029220581, -222.227630615, -19.5910739899, -123.968276978, -74.2326126099, 51.2975463867, 338.499267578, 60.1504669189, 5.92911958694], [-375.533721924, -239.947006226, 104.152374268, 158.022460938, -133.862808228, -133.700714111, -34.0197753906, -28.663187027, -70.9867630005, -71.1440124512, 60.1504669189, 309.868560791, 35.5710296631], [-84.5721206665, -2.55268287659, 53.4498519897, 57.7401885986, -49.2849960327, -44.0723953247, -32.9489822388, -8.75362205505, 0.405479729176, -9.85347080231, 5.92911958694, 35.5710296631, 204.233398438]], "icov": [[8.59170904732e-05, -0.000190090227989, 9.38267621677e-05, -0.000153022629092, 0.000288443261525, -0.000310157251079, 0.000212907703826, -0.000121338794997, 5.12710794283e-05, -2.72325014521e-05, 8.59490319272e-05, -1.42800299727e-05, 8.23087611934e-05], [-0.000190090227989, 0.00162978912704, -0.000812278827652, 0.000738997943699, -0.00142478127964, 0.00110192853026, -0.00126918242313, 0.00121938541997, -0.00084550131578, 0.00123714481015, -0.000882856897078, 0.00107031187508, -0.000412636552937], [9.38267621677e-05, -0.000812278827652, 0.000829305034131, -0.000698475167155, 0.000540256034583, -9.5322728157e-05, 0.000344277097611, -0.000657832948491, 0.000731408945285, -0.000879710773006, 0.000603644817602, -0.000438728224253, 0.000161277377629], [-0.000153022629092, 0.000738997943699, -0.000698475167155, 0.00123006151989, -0.00097906740848, 0.000497375556733, -0.000142144330312, 0.000506274984218, -0.00043965189252, 0.000541164423339, -0.000472845364129, -3.27701163769e-05, -0.000302841479424], [0.000288443261525, -0.00142478127964, 0.000540256034583, -0.00097906740848, 0.00352697400376, -0.00242190505378, 0.00135932827834, -0.000239284068812, -0.000491270038765, 0.000526447372977, -2.98591730825e-05, 9.36996002565e-05, 0.00078549538739], [-0.000310157251079, 0.00110192853026, -9.5322728157e-05, 0.000497375556733, -0.00242190505378, 0.00329098664224, -0.00212854752317, 0.000643230101559, 0.000678100564983, -0.000875206664205, 0.000854509999044, 0.000306081899907, -0.000542120309547], [0.000212907703826, -0.00126918242313, 0.000344277097611, -0.000142144330312, 0.00135932827834, -0.00212854752317, 0.00387763371691, -0.0021902283188, 0.000930412497837, 0.000361305719707, -0.000428500410635, -0.000559730222449, 0.000548302719835], [-0.000121338794997, 0.00121938541997, -0.000657832948491, 0.000506274984218, -0.000239284068812, 0.000643230101559, -0.0021902283188, 0.00542957661673, -0.00357741164044, 0.0018814514624, 0.000138492658152, 0.000791892467532, -8.96153360372e-05], [5.12710794283e-05, -0.00084550131578, 0.000731408945285, -0.00043965189252, -0.000491270038765, 0.000678100564983, 0.000930412497837, -0.00357741164044, 0.00596841238439, -0.00327607546933, 0.00147459004074, -0.000413942150772, -0.000172526415554], [-2.72325014521e-05, 0.00123714481015, -0.000879710773006, 0.000541164423339, 0.000526447372977, -0.000875206664205, 0.000361305719707, 0.0018814514624, -0.00327607546933, 0.00660406192765, -0.00259691150859, 0.0022590321023, 0.000165588469827], [8.59490319272e-05, -0.000882856897078, 0.000603644817602, -0.000472845364129, -2.98591730825e-05, 0.000854509999044, -0.000428500410635, 0.000138492658152, 0.00147459004074, -0.00259691150859, 0.00513130798936, -0.00148515764158, 9.57384327194e-05], [-1.42800299727e-05, 0.00107031187508, -0.000438728224253, -3.27701163769e-05, 9.36996002565e-05, 0.000306081899907, -0.000559730222449, 0.000791892467532, -0.000413942150772, 0.0022590321023, -0.00148515764158, 0.00516623770818, -0.000583018525504], [8.23087611934e-05, -0.000412636552937, 0.000161277377629, -0.000302841479424, 0.00078549538739, -0.000542120309547, 0.000548302719835, -8.96153360372e-05, -0.000172526415554, 0.000165588469827, 9.57384327194e-05, -0.000583018525504, 0.00523297488689]]}, "melbands": {"dmean": [0.000176439338247, 0.000474201980978, 0.000374426686903, 0.000429506064393, 0.000360970967449, 0.0002044767607, 0.000141512515256, 5.17051485076e-05, 3.07667942252e-05, 3.33464813593e-05, 2.63044858002e-05, 1.70584553416e-05, 1.19893575175e-05, 7.35838375476e-06, 2.86054387288e-06, 1.53839766881e-06, 1.32249124363e-06, 1.81812617939e-06, 2.39082993403e-07, 2.35303147633e-07, 1.80784638815e-07, 1.09300906104e-07, 1.2181330078e-07, 5.16791374139e-08, 1.37030255587e-07, 9.58370520721e-08, 2.5011523519e-08, 4.3261863425e-08, 2.76985758774e-08, 1.18975265195e-08, 2.18902282967e-08, 3.52541533744e-08, 5.30492449968e-08, 2.50737919316e-08, 1.07342597033e-08, 9.23803877839e-09, 8.2007689528e-09, 1.03781170324e-08, 3.64500274408e-09, 1.86681736736e-09], "dmean2": [0.000216494998313, 0.000599006772973, 0.000437547598267, 0.000494688400067, 0.000453550659586, 0.000285233225441, 0.000191780898604, 7.34308850951e-05, 4.22043885919e-05, 4.42205418949e-05, 3.94473572669e-05, 2.48353881034e-05, 1.71571136889e-05, 1.0125546396e-05, 3.38162999469e-06, 1.81408438493e-06, 1.77889512543e-06, 2.81773691313e-06, 3.58706984116e-07, 3.6890935462e-07, 3.2264583183e-07, 1.83341413162e-07, 1.92506078633e-07, 9.37760447073e-08, 2.63399329015e-07, 1.84640029488e-07, 4.68012011368e-08, 8.03378270575e-08, 5.12225994953e-08, 1.98988718836e-08, 3.30396723314e-08, 5.59554784729e-08, 8.60865938535e-08, 4.57948878818e-08, 1.87926545436e-08, 1.45281946473e-08, 1.32185027368e-08, 1.60174984387e-08, 5.96241012119e-09, 3.14191361817e-09], "dvar": [7.90655235505e-07, 3.13948703479e-06, 1.3828430383e-06, 1.96770974981e-06, 1.40711017593e-06, 5.98799772433e-07, 3.58254681032e-07, 5.93739422072e-08, 1.58424366958e-08, 1.21742171899e-08, 1.28746586725e-08, 4.27790336488e-09, 3.0180236088e-09, 2.12525219645e-09, 1.22666238278e-10, 4.37628683292e-11, 3.42092743022e-11, 4.5794333603e-11, 3.45354365765e-12, 3.32063781854e-12, 1.62850787543e-12, 3.3614257211e-13, 1.48352814408e-12, 1.5536382673e-13, 1.8825973766e-12, 8.85879097943e-13, 3.40166398738e-14, 1.13486734658e-13, 4.86405620642e-14, 8.53645309957e-15, 5.16129023201e-14, 5.26357657547e-14, 1.00992653097e-13, 5.11261802479e-14, 6.40290119576e-15, 2.36823445206e-15, 1.1677373029e-15, 2.00639383546e-15, 2.79883852682e-16, 9.00714983776e-17], "dvar2": [1.23312929645e-06, 5.43949136045e-06, 1.97208441932e-06, 2.84310112875e-06, 2.4013725124e-06, 1.17525814858e-06, 7.05171828486e-07, 1.30768412987e-07, 3.26117230998e-08, 2.33336319155e-08, 3.23400328739e-08, 1.10345839133e-08, 6.98994195858e-09, 4.21501811232e-09, 1.41284775546e-10, 5.2501170078e-11, 5.2517361987e-11, 1.21374063577e-10, 6.93945118382e-12, 7.71241664282e-12, 4.68577954216e-12, 8.37068587188e-13, 3.45783796561e-12, 4.44791176547e-13, 5.60220403054e-12, 2.62907230708e-12, 9.98652861252e-14, 3.28814151471e-13, 1.41743997724e-13, 2.00410655004e-14, 1.05347588292e-13, 1.41166036651e-13, 2.74428917091e-13, 1.45495987762e-13, 1.74385195005e-14, 5.16042922302e-15, 3.03588974977e-15, 4.86756249931e-15, 7.54158484505e-16, 2.34193598487e-16], "max": [0.0168150067329, 0.0315453447402, 0.021396400407, 0.023107200861, 0.0158331338316, 0.0129164373502, 0.00921063125134, 0.00623987847939, 0.00618444010615, 0.00291134859435, 0.00257898075506, 0.00260049873032, 0.00199270434678, 0.0015021301806, 0.000556000159122, 0.000355237076292, 0.000323229207424, 0.000212558254134, 0.000169235398062, 0.000144366480527, 3.65571577277e-05, 2.61394197878e-05, 7.75860098656e-05, 1.02541871456e-05, 3.29944850819e-05, 1.74640426849e-05, 3.18322713611e-06, 7.20481921235e-06, 4.78893616673e-06, 3.09178540192e-06, 8.8642573246e-06, 4.99917769048e-06, 6.98689791534e-06, 5.00435271533e-06, 1.90185483007e-06, 1.14543115615e-06, 5.72044882574e-07, 9.88879378383e-07, 2.53862936006e-07, 2.62579703758e-07], "mean": [0.000343997846358, 0.000975213304628, 0.000933225324843, 0.000877246202435, 0.000596269732341, 0.000289168878226, 0.00022878627351, 0.000105052633444, 9.77501331363e-05, 0.000115086579171, 6.81572928443e-05, 4.68995167466e-05, 2.87127968477e-05, 1.8303779143e-05, 6.68368375045e-06, 3.62077116733e-06, 3.29804174726e-06, 5.2660889196e-06, 5.30170098045e-07, 5.01755096138e-07, 2.40975765564e-07, 1.5559420774e-07, 1.66083566455e-07, 4.05123223857e-08, 8.3230965231e-08, 5.52942367449e-08, 1.6089362731e-08, 2.80661822671e-08, 1.77894428077e-08, 9.99535476609e-09, 2.39751205555e-08, 3.37639107784e-08, 4.95748011531e-08, 1.68209144391e-08, 7.88836551635e-09, 8.75492833785e-09, 7.32751903598e-09, 1.00452446361e-08, 3.31848393209e-09, 1.53282708748e-09], "median": [1.10168878109e-06, 6.07482797932e-06, 1.20295708257e-05, 3.73657712771e-05, 2.33980790654e-05, 1.05449635157e-05, 7.25632799004e-06, 5.33383172296e-06, 9.39039273362e-06, 1.72980562638e-05, 5.48166826775e-06, 4.79187201563e-06, 1.37200163408e-06, 3.77206447411e-07, 2.25874828175e-07, 1.10326745073e-07, 3.95296879674e-08, 2.53270862061e-08, 4.66674832111e-09, 3.87191523288e-09, 1.0262908301e-09, 2.19191242934e-09, 2.31281194196e-09, 4.86465090432e-10, 5.01967134525e-10, 3.54125007096e-10, 3.11824066568e-10, 3.01621005949e-10, 1.93723564967e-10, 1.20306736795e-10, 1.29861982279e-10, 1.22102480904e-10, 1.32546668086e-10, 9.32272523069e-11, 5.622267929e-11, 5.04833605475e-11, 7.11858905156e-11, 6.60103152694e-11, 4.63391061634e-11, 1.93939239668e-11], "min": [8.59862253857e-17, 5.73919018639e-17, 3.52854007317e-17, 1.99024668095e-17, 2.07535711397e-17, 1.94333395969e-17, 2.02069222145e-17, 1.1085620625e-17, 2.39498747816e-17, 3.87197619908e-17, 8.27345320757e-17, 1.58098448142e-16, 1.31672052509e-16, 5.85182703952e-17, 5.77969358139e-17, 8.47011771431e-17, 1.53085667456e-16, 6.8902841389e-17, 5.72453254593e-17, 2.02346989394e-17, 2.88990502421e-17, 1.31897307025e-17, 1.83027838772e-17, 1.66980749956e-17, 2.07507256384e-17, 2.62113981568e-17, 4.46619264176e-17, 3.23232768843e-17, 3.72328485914e-17, 1.68390927464e-17, 2.49669396668e-17, 1.85100769931e-17, 1.79931949894e-17, 1.64611572332e-17, 2.03270106414e-17, 1.23556183164e-17, 8.4483670001e-18, 4.72776667291e-17, 6.61394559556e-17, 4.19513151073e-17], "var": [2.6225163765e-06, 9.82037181529e-06, 6.28334282737e-06, 6.28251746093e-06, 3.28533565153e-06, 1.05625485958e-06, 7.92018056472e-07, 1.64433117789e-07, 8.44501784059e-08, 6.82709497823e-08, 3.20021804612e-08, 1.2319381959e-08, 8.48722603308e-09, 7.58558638125e-09, 7.61847751551e-10, 2.66526772874e-10, 1.85702259126e-10, 1.84827181338e-10, 2.23876941291e-11, 1.71794366927e-11, 1.29330086137e-12, 5.54969644458e-13, 2.46620389041e-12, 1.00790110578e-13, 1.0135640157e-12, 4.67286636902e-13, 1.82591419605e-14, 6.37759905108e-14, 2.68226958792e-14, 8.83604780598e-15, 8.53236887611e-14, 4.71034208816e-14, 8.29839262627e-14, 3.00625681033e-14, 4.29099013673e-15, 2.95701785337e-15, 9.85577361876e-16, 1.99984881187e-15, 2.23831473867e-16, 7.07344574932e-17]}, "mfcc": {"mean": [-931.478637695, 178.203887939, 46.8558235168, -17.4691619873, -20.8679542542, -8.67000961304, -7.51160955429, -4.12219285965, -6.26311016083, -7.50947475433, -7.38797473907, -11.0391616821, -12.2837791443], "cov": [[7635.98681641, 3935.0090332, -58.9022979736, -615.776916504, 133.858779907, 607.695800781, 280.891021729, 276.69140625, 158.325302124, 169.004318237, 93.9978408813, -152.468978882, -291.682647705], [3935.0090332, 3693.46704102, 1077.75, -65.2710418701, 95.0659942627, 348.04095459, 339.277923584, 181.907730103, 94.5686798096, 35.5090484619, 45.2314491272, -82.2432403564, -204.306304932], [-58.9022979736, 1077.75, 2278.2722168, 1682.63867188, 395.941589355, -188.418930054, -109.538391113, -97.7981109619, -173.421203613, -173.308792114, -71.1117706299, 13.1879243851, 73.2601394653], [-615.776916504, -65.2710418701, 1682.63867188, 2100.94824219, 831.40826416, -142.301055908, -341.069030762, -191.491439819, -236.003845215, -234.118988037, -108.898162842, 12.5324249268, 181.916503906], [133.858779907, 95.0659942627, 395.941589355, 831.40826416, 881.056945801, 379.775909424, -25.0619297028, -84.2062530518, -56.4999160767, -31.1652164459, -80.6124343872, -9.15236759186, 38.8696594238], [607.695800781, 348.04095459, -188.418930054, -142.301055908, 379.775909424, 704.860839844, 461.190856934, 170.43031311, 62.6707763672, 17.8185691833, -28.588218689, -37.3033676147, -4.85653400421], [280.891021729, 339.277923584, -109.538391113, -341.069030762, -25.0619297028, 461.190856934, 684.496887207, 369.486694336, 106.166297913, 0.32602968812, -45.283115387, 38.1414222717, 3.36120462418], [276.69140625, 181.907730103, -97.7981109619, -191.491439819, -84.2062530518, 170.43031311, 369.486694336, 501.116577148, 274.52645874, 26.9274845123, -18.9985923767, -10.460934639, 25.3329486847], [158.325302124, 94.5686798096, -173.421203613, -236.003845215, -56.4999160767, 62.6707763672, 106.166297913, 274.52645874, 430.292388916, 257.458129883, 77.1412734985, -46.7492141724, -52.5581741333], [169.004318237, 35.5090484619, -173.308792114, -234.118988037, -31.1652164459, 17.8185691833, 0.32602968812, 26.9274845123, 257.458129883, 416.897094727, 193.188354492, 17.828868866, -104.941299438], [93.9978408813, 45.2314491272, -71.1117706299, -108.898162842, -80.6124343872, -28.588218689, -45.283115387, -18.9985923767, 77.1412734985, 193.188354492, 368.249481201, 113.799308777, -79.6390075684], [-152.468978882, -82.2432403564, 13.1879243851, 12.5324249268, -9.15236759186, -37.3033676147, 38.1414222717, -10.460934639, -46.7492141724, 17.828868866, 113.799308777, 288.655639648, 111.548606873], [-291.682647705, -204.306304932, 73.2601394653, 181.916503906, 38.8696594238, -4.85653400421, 3.36120462418, 25.3329486847, -52.5581741333, -104.941299438, -79.6390075684, 111.548606873, 348.495666504]], "icov": [[0.000518978980836, -0.000780743372161, 0.0007651388878, -0.000727502803784, 0.000638565979898, -0.000674752402119, 0.000648546440061, -0.000523669121321, 0.000502669194248, -0.000519284396432, 0.000313770258799, -0.000213198640267, 0.000206145195989], [-0.000780743372161, 0.00174112676177, -0.00202310131863, 0.00202237279154, -0.00146057968959, 0.000839414133225, -0.000691216089763, 0.000456401146948, -0.000645733438432, 0.000914256961551, -0.00065403082408, 0.000443456170615, -0.000228510078159], [0.0007651388878, -0.00202310131863, 0.00398794561625, -0.00431747315452, 0.00283485790715, -0.000930879672524, -0.000177935929969, 0.000264422647888, 0.000265331531409, -0.00107654801104, 0.000957848969847, -0.000695438997354, 0.000680423399899], [-0.000727502803784, 0.00202237279154, -0.00431747315452, 0.0062665627338, -0.00550895975903, 0.00313181895763, -0.000551982957404, -0.000461920164526, 8.89431030373e-05, 0.00167076778598, -0.00181651650928, 0.00161211402155, -0.00150446081534], [0.000638565979898, -0.00146057968959, 0.00283485790715, -0.00550895975903, 0.0082770306617, -0.00694363564253, 0.00369238085113, -0.000450025079772, 0.000310450006509, -0.0020559343975, 0.00295411376283, -0.0028491737321, 0.00194990122691], [-0.000674752402119, 0.000839414133225, -0.000930879672524, 0.00313181895763, -0.00694363564253, 0.00997161213309, -0.00728550832719, 0.00259312591515, -0.00134187657386, 0.00200894894078, -0.00305081135593, 0.00361352600157, -0.00216783350334], [0.000648546440061, -0.000691216089763, -0.000177935929969, -0.000551982957404, 0.00369238085113, -0.00728550832719, 0.00923394225538, -0.00579340104014, 0.00330183259211, -0.00235299533233, 0.002659303369, -0.00308968196623, 0.00166793784592], [-0.000523669121321, 0.000456401146948, 0.000264422647888, -0.000461920164526, -0.000450025079772, 0.00259312591515, -0.00579340104014, 0.00884066801518, -0.0067914291285, 0.00378429074772, -0.00112844409887, 0.000709965301212, -0.000855454767589], [0.000502669194248, -0.000645733438432, 0.000265331531409, 8.89431030373e-05, 0.000310450006509, -0.00134187657386, 0.00330183259211, -0.0067914291285, 0.00962500460446, -0.00584777537733, 0.000838803767692, 0.000821273890324, -3.20579929394e-05], [-0.000519284396432, 0.000914256961551, -0.00107654801104, 0.00167076778598, -0.0020559343975, 0.00200894894078, -0.00235299533233, 0.00378429074772, -0.00584777537733, 0.00748267397285, -0.00285152671859, 0.000286060065264, 8.85304179974e-05], [0.000313770258799, -0.00065403082408, 0.000957848969847, -0.00181651650928, 0.00295411376283, -0.00305081135593, 0.002659303369, -0.00112844409887, 0.000838803767692, -0.00285152671859, 0.00587243540213, -0.00346588878892, 0.00202963943593], [-0.000213198640267, 0.000443456170615, -0.000695438997354, 0.00161211402155, -0.0028491737321, 0.00361352600157, -0.00308968196623, 0.000709965301212, 0.000821273890324, 0.000286060065264, -0.00346588878892, 0.00691595813259, -0.00306320516393], [0.000206145195989, -0.000228510078159, 0.000680423399899, -0.00150446081534, 0.00194990122691, -0.00216783350334, 0.00166793784592, -0.000855454767589, -3.20579929394e-05, 8.85304179974e-05, 0.00202963943593, -0.00306320516393, 0.00481488462538]]}, "spectral_contrast_coeffs": {"dmean": [0.0468504726887, 0.0453284867108, 0.0418937429786, 0.0345306843519, 0.026695869863, 0.031100416556], "dmean2": [0.0713620483875, 0.0716801956296, 0.0652297437191, 0.0557526648045, 0.0422469712794, 0.0512221343815], "dvar": [0.00293405004777, 0.00251205894165, 0.00191155832727, 0.00141825934406, 0.000792509934399, 0.000871651514899], "dvar2": [0.00632677506655, 0.00593891460449, 0.00449350010604, 0.00338405906223, 0.00189643981867, 0.00212268834002], "max": [-0.20254650712, -0.285496681929, -0.387096107006, -0.449350684881, -0.491298437119, -0.597048401833], "mean": [-0.555029809475, -0.650396704674, -0.651104152203, -0.741844058037, -0.814491093159, -0.847932517529], "median": [-0.54887509346, -0.651627540588, -0.632182002068, -0.742075502872, -0.822773337364, -0.856968581676], "min": [-0.978896737099, -0.977071046829, -0.969330310822, -0.97636449337, -0.966588616371, -0.967333137989], "var": [0.0160236228257, 0.0146518107504, 0.0151975676417, 0.015529747121, 0.00491267535836, 0.00465554557741]}, "spectral_contrast_valleys": {"dmean": [0.584092915058, 0.543056726456, 0.563257873058, 0