{"lowlevel": {"average_loudness": 0.963359951973, "barkbands_crest": {"dmean": 3.89823865891, "dmean2": 6.25382041931, "dvar": 11.77348423, "dvar2": 28.208442688, "max": 26.8671894073, "mean": 16.7478351593, "median": 17.2061481476, "min": 1.37037611008, "var": 24.0397472382}, "barkbands_flatness_db": {"dmean": 0.0839793682098, "dmean2": 0.122413054109, "dvar": 0.00644982932135, "dvar2": 0.0137594090775, "max": 1, "mean": 0.276408523321, "median": 0.242851376534, "min": 0.00847661867738, "var": 0.0236266572028}, "barkbands_kurtosis": {"dmean": 74.760848999, "dmean2": 116.011581421, "dvar": 16202.6503906, "dvar2": 38052.0273438, "max": 3620.74365234, "mean": 94.0760879517, "median": 33.7995376587, "min": -1.94662845135, "var": 22192.5449219}, "barkbands_skewness": {"dmean": 2.8906288147, "dmean2": 4.42027997971, "dvar": 8.92724704742, "dvar2": 20.7446422577, "max": 49.5368270874, "mean": 5.96959638596, "median": 4.89293575287, "min": -8.5156545639, "var": 19.6993751526}, "barkbands_spread": {"dmean": 10.4394884109, "dmean2": 17.1035480499, "dvar": 239.933456421, "dvar2": 576.510620117, "max": 137.098815918, "mean": 13.8559064865, "median": 5.7594203949, "min": 0.00508720241487, "var": 370.965515137}, "dissonance": {"dmean": 0.0231053009629, "dmean2": 0.0386841371655, "dvar": 0.000661878904793, "dvar2": 0.00169211020693, "max": 0.500000119209, "mean": 0.462895274162, "median": 0.473694503307, "min": 0.0221511870623, "var": 0.00134539487772}, "dynamic_complexity": 2.54513335228, "erbbands_crest": {"dmean": 3.24726200104, "dmean2": 5.22626018524, "dvar": 9.78098773956, "dvar2": 21.6634616852, "max": 30.7828063965, "mean": 8.39276218414, "median": 6.93411540985, "min": 1.8538030386, "var": 23.5490818024}, "erbbands_flatness_db": {"dmean": 0.0337108038366, "dmean2": 0.0507224835455, "dvar": 0.00145770004019, "dvar2": 0.00324726873077, "max": 0.583826720715, "mean": 0.118021145463, "median": 0.0970229357481, "min": 0.0203367583454, "var": 0.00668851751834}, "erbbands_kurtosis": {"dmean": 6.3979473114, "dmean2": 10.5727329254, "dvar": 566.15637207, "dvar2": 1289.14196777, "max": 521.42364502, "mean": 7.94712924957, "median": -0.310355424881, "min": -1.92949843407, "var": 1508.8359375}, "erbbands_skewness": {"dmean": 0.960735678673, "dmean2": 1.50390839577, "dvar": 1.3486995697, "dvar2": 3.07337784767, "max": 16.2777175903, "mean": 1.05357205868, "median": 0.66284263134, "min": -4.28946495056, "var": 3.4685151577}, "erbbands_spread": {"dmean": 28.6563796997, "dmean2": 44.179473877, "dvar": 722.49798584, "dvar2": 1730.28686523, "max": 238.039520264, "mean": 75.9914779663, "median": 70.7783432007, "min": 0.352349787951, "var": 1997.7019043}, "hfc": {"dmean": 31.299200058, "dmean2": 51.1865768433, "dvar": 3729.4152832, "dvar2": 10156.5898438, "max": 779.727111816, "mean": 37.665687561, "median": 19.7240371704, "min": 1.13024939813e-16, "var": 3152.34863281}, "melbands_crest": {"dmean": 5.21469640732, "dmean2": 8.52159309387, "dvar": 25.8358345032, "dvar2": 61.8832244873, "max": 39.7693405151, "mean": 26.5766201019, "median": 27.3687381744, "min": 1.66438257694, "var": 64.6324539185}, "melbands_flatness_db": {"dmean": 0.0943583622575, "dmean2": 0.13850235939, "dvar": 0.00811460334808, "dvar2": 0.0176595114172, "max": 1, "mean": 0.38950240612, "median": 0.361500680447, "min": 0.00448167044669, "var": 0.0280048083514}, "melbands_kurtosis": {"dmean": 245.818374634, "dmean2": 384.514678955, "dvar": 182338.03125, "dvar2": 423305.71875, "max": 7145.35742188, "mean": 319.107513428, "median": 115.507400513, "min": -1.86581110954, "var": 279598.40625}, "melbands_skewness": {"dmean": 4.69558382034, "dmean2": 7.30025529861, "dvar": 28.108259201, "dvar2": 65.7527923584, "max": 65.7487182617, "mean": 10.5107145309, "median": 8.13370895386, "min": -2.73599863052, "var": 63.5480155945}, "melbands_spread": {"dmean": 5.71202230453, "dmean2": 9.72583580017, "dvar": 176.930145264, "dvar2": 442.3800354, "max": 261.04083252, "mean": 6.8104801178, "median": 2.40835809708, "min": 0.0261949840933, "var": 258.892120361}, "pitch_salience": {"dmean": 0.139754354954, "dmean2": 0.220043882728, "dvar": 0.0168216787279, "dvar2": 0.0378191433847, "max": 0.98414170742, "mean": 0.329674214125, "median": 0.306237101555, "min": 0.00259343464859, "var": 0.0390760935843}, "silence_rate_20dB": {"dmean": 0.0543163865805, "dmean2": 0.108638100326, "dvar": 0.0513570085168, "dvar2": 0.120165504515, "max": 1, "mean": 0.949460804462, "median": 1, "min": 0, "var": 0.0479908064008}, "silence_rate_30dB": {"dmean": 0.199715673923, "dmean2": 0.399450927973, "dvar": 0.159801676869, "dvar2": 0.297991454601, "max": 1, "mean": 0.380637258291, "median": 0, "min": 0, "var": 0.235737383366}, "silence_rate_60dB": {"dmean": 0.00705916946754, "dmean2": 0.0141190309078, "dvar": 0.00701182894409, "dvar2": 0.0156838800758, "max": 1, "mean": 0.0259313732386, "median": 0, "min": 0, "var": 0.0252580828965}, "spectral_centroid": {"dmean": 475.84664917, "dmean2": 776.44342041, "dvar": 296057.78125, "dvar2": 693909.5, "max": 11316.7666016, "mean": 930.465759277, "median": 676.828613281, "min": 38.6925621033, "var": 626770.5625}, "spectral_complexity": {"dmean": 7.56870412827, "dmean2": 11.9286203384, "dvar": 98.8135604858, "dvar2": 231.918075562, "max": 67, "mean": 11.9387254715, "median": 8, "min": 0, "var": 132.725769043}, "spectral_decrease": {"dmean": 2.03371737229e-08, "dmean2": 3.29031806245e-08, "dvar": 4.31979391561e-16, "dvar2": 1.16430554891e-15, "max": 2.15621720479e-09, "mean": -3.67178785154e-08, "median": -2.9928497014e-08, "min": -1.71407648963e-07, "var": 8.20890863524e-16}, "spectral_energy": {"dmean": 0.0778304636478, "dmean2": 0.126156151295, "dvar": 0.00620503211394, "dvar2": 0.0167299695313, "max": 0.649936497211, "mean": 0.14199770987, "median": 0.117450788617, "min": 1.02298419941e-20, "var": 0.011722589843}, "spectral_energyband_high": {"dmean": 0.00239970698021, "dmean2": 0.003937932197, "dvar": 3.07015143335e-05, "dvar2": 8.52484299685e-05, "max": 0.075467698276, "mean": 0.00237987958826, "median": 0.000646713480819, "min": 7.28402968952e-21, "var": 2.33811952057e-05}, "spectral_energyband_low": {"dmean": 0.0733832940459, "dmean2": 0.117296271026, "dvar": 0.00622121244669, "dvar2": 0.0162959489971, "max": 0.648730993271, "mean": 0.125451147556, "median": 0.0960928350687, "min": 3.39273992315e-23, "var": 0.0117239644751}, "spectral_energyband_middle_high": {"dmean": 0.00243213167414, "dmean2": 0.00427957670763, "dvar": 2.19859994104e-05, "dvar2": 5.99912054895e-05, "max": 0.0623981617391, "mean": 0.00211097369902, "median": 0.000445061217761, "min": 1.34061268909e-21, "var": 2.14909450733e-05}, "spectral_energyband_middle_low": {"dmean": 0.0107001289725, "dmean2": 0.0183699894696, "dvar": 0.000276039470918, "dvar2": 0.000726459897123, "max": 0.15280726552, "mean": 0.0114748887718, "median": 0.00568319670856, "min": 1.94783868643e-22, "var": 0.000242536727455}, "spectral_entropy": {"dmean": 0.483150601387, "dmean2": 0.753169178963, "dvar": 0.304957062006, "dvar2": 0.675380289555, "max": 9.80867671967, "mean": 7.48448753357, "median": 7.74884843826, "min": 2.12310600281, "var": 1.06430518627}, "spectral_flux": {"dmean": 0.0835016965866, "dmean2": 0.136943951249, "dvar": 0.00545293139294, "dvar2": 0.0133450785652, "max": 0.66041713953, "mean": 0.19349616766, "median": 0.180079966784, "min": 6.6450435432e-11, "var": 0.0102538131177}, "spectral_kurtosis": {"dmean": 7.06635046005, "dmean2": 11.7476482391, "dvar": 1608.99865723, "dvar2": 4511.42675781, "max": 1368.19616699, "mean": 10.4682121277, "median": 2.25794887543, "min": -1.26560163498, "var": 2545.97363281}, "spectral_rms": {"dmean": 0.00319771794602, "dmean2": 0.00509335333481, "dvar": 7.67995152273e-06, "dvar2": 2.02016271942e-05, "max": 0.0251810327172, "mean": 0.0108592407778, "median": 0.0107044912875, "min": 3.15916672163e-12, "var": 2.061089981e-05}, "spectral_rolloff": {"dmean": 612.661437988, "dmean2": 1129.68322754, "dvar": 3754907.75, "dvar2": 9602952, "max": 18820.0195312, "mean": 628.448303223, "median": 107.666015625, "min": 21.533203125, "var": 4128982.75}, "spectral_skewness": {"dmean": 0.591482162476, "dmean2": 0.932683944702, "dvar": 1.45963990688, "dvar2": 3.48832607269, "max": 33.4782066345, "mean": 1.8525428772, "median": 1.35973072052, "min": 0.00110735010821, "var": 5.00722646713}, "spectral_spread": {"dmean": 1764068.875, "dmean2": 2593794.75, "dvar": 3449951354880.0, "dvar2": 6682249265150.0, "max": 48878740, "mean": 7803065.5, "median": 7097430, "min": 114745.945312, "var": 13821674520600.0}, "spectral_strongpeak": {"dmean": 0.294383853674, "dmean2": 0.486066907644, "dvar": 0.207706406713, "dvar2": 0.542378127575, "max": 18.7849998474, "mean": 0.542334973812, "median": 0.462571412325, "min": 0, "var": 0.259983211756}, "zerocrossingrate": {"dmean": 0.0173679869622, "dmean2": 0.0217170491815, "dvar": 0.000550581840798, "dvar2": 0.000688905769493, "max": 0.59619140625, "mean": 0.0406359881163, "median": 0.02490234375, "min": 0, "var": 0.00254780659452}, "barkbands": {"dmean": [0.0145254861563, 0.0632231160998, 0.00613184878603, 0.00396859366447, 0.00463887257501, 0.00149068050086, 0.00110831100028, 0.000563541892916, 0.000535430968739, 0.000329597882228, 0.000314050907036, 0.00030417504604, 0.000220333997277, 0.000195518543478, 0.000235850660829, 0.000274494144833, 0.000283729255898, 0.000182661562576, 0.000239730317844, 0.000307173584588, 0.00028521209606, 0.000276658858638, 0.000248879572609, 0.00029666829505, 0.000411196175264, 0.000498249544762, 0.000320100138197], "dmean2": [0.0226392950863, 0.101739160717, 0.010276382789, 0.00692846439779, 0.00819548591971, 0.00265170680359, 0.0020078017842, 0.00100191123784, 0.000939054298215, 0.000586269015912, 0.00055983994389, 0.000530832156073, 0.000387093983591, 0.00035015802132, 0.000431634311099, 0.000498186040204, 0.000516658939887, 0.000330231705448, 0.000423640245572, 0.00053359370213, 0.00049053854309, 0.000482077448396, 0.000435044697952, 0.000518534798175, 0.000678088807035, 0.00082476483658, 0.000489275495056], "dvar": [0.000319192040479, 0.00514210108668, 8.58765924932e-05, 5.09459096065e-05, 6.13617667113e-05, 8.13713722891e-06, 7.59643216952e-06, 1.09168036033e-06, 1.05032825104e-06, 5.43444343748e-07, 6.17628188593e-07, 6.31723537481e-07, 2.88203352738e-07, 1.77465281581e-07, 3.04882092905e-07, 6.17494777089e-07, 5.92544779465e-07, 2.0867588546e-07, 3.74192353547e-07, 4.70488600968e-07, 4.18726585849e-07, 4.49185165508e-07, 4.44698741831e-07, 6.92924515988e-07, 1.06777736164e-06, 1.63376921591e-06, 6.50336289709e-07], "dvar2": [0.000762821640819, 0.0136406766251, 0.000217672306462, 0.000137911789352, 0.000166093435837, 2.25091007451e-05, 2.15460422623e-05, 2.95664472105e-06, 2.83182339444e-06, 1.5587982034e-06, 1.7024257204e-06, 1.67724772382e-06, 7.34108311917e-07, 4.90080083182e-07, 8.54673942285e-07, 1.62789979186e-06, 1.68173664861e-06, 5.91481068568e-07, 1.04381422261e-06, 1.27014072859e-06, 1.15518025723e-06, 1.25166388898e-06, 1.26318707316e-06, 1.98880661628e-06, 3.02551006826e-06, 4.46947706223e-06, 1.50335813487e-06], "max": [0.173304408789, 0.601748883724, 0.124212950468, 0.0759935081005, 0.0915157571435, 0.0335890613496, 0.053676597774, 0.0123948976398, 0.0116784544662, 0.0204932503402, 0.0146137941629, 0.0283474866301, 0.00962873268872, 0.00497974967584, 0.00688417162746, 0.0277056116611, 0.0290186759084, 0.00578411435708, 0.017966626212, 0.00838330481201, 0.00852307770401, 0.00925749912858, 0.00908928271383, 0.0131587600335, 0.0145256249234, 0.0136898448691, 0.0113692497835], "mean": [0.024306576699, 0.0950728058815, 0.0067102946341, 0.00381745165214, 0.00429232558236, 0.00142532004975, 0.000924511696212, 0.000475967244711, 0.000446527148597, 0.000279958650935, 0.000247776217293, 0.000267511029961, 0.000163945471286, 0.000144737088704, 0.000161836855114, 0.000206375465496, 0.000224286108278, 0.000139439420309, 0.000209241494304, 0.000248578347964, 0.000239112850977, 0.000257838226389, 0.000219064735575, 0.000271572178463, 0.000436530448496, 0.000484631047584, 0.000323596468661], "median": [0.0133604668081, 0.0671442747116, 0.00300903059542, 0.00127179198898, 0.00168727617711, 0.000458685564809, 0.00025457618176, 0.000113478912681, 0.000103165206383, 6.33767631371e-05, 3.70190755348e-05, 3.78092227038e-05, 1.87333571375e-05, 1.96194250748e-05, 1.40907841342e-05, 1.52349639393e-05, 1.68360420503e-05, 1.95532338694e-05, 3.41847044183e-05, 5.72890421608e-05, 5.91201060161e-05, 7.25244608475e-05, 5.60241678613e-05, 6.6754866566e-05, 7.63429852668e-05, 4.6599227062e-05, 1.20494587463e-05], "min": [5.88566360372e-24, 6.44063987232e-24, 2.75774333982e-24, 3.65562797759e-24, 3.02027546022e-23, 1.98330044537e-23, 1.61235990393e-23, 2.5594404321e-23, 2.07726087893e-23, 7.16030615878e-23, 5.45045582652e-23, 4.21678465583e-23, 6.64547912373e-23, 5.09956670934e-23, 1.31436141765e-22, 7.24260833257e-23, 9.2182656624e-23, 1.10480600865e-22, 2.23183467076e-22, 2.47432925085e-22, 3.58684728992e-22, 5.16711465984e-22, 5.06305974126e-22, 7.6769666328e-22, 8.65751745633e-22, 1.70895777086e-21, 2.12090462113e-21], "var": [0.000738887814805, 0.00840306375176, 0.000100066885352, 4.34724825027e-05, 4.63713695353e-05, 6.27299141343e-06, 4.8684291869e-06, 8.29838427308e-07, 8.21686114705e-07, 4.09407306279e-07, 4.69860907515e-07, 7.85463498687e-07, 2.38608976133e-07, 1.19931840459e-07, 2.04095570666e-07, 6.43077498808e-07, 6.97572374975e-07, 1.47012798379e-07, 4.75979788916e-07, 3.37729602506e-07, 3.04049251554e-07, 3.21755123878e-07, 2.85717817405e-07, 4.43402313977e-07, 8.150457802e-07, 1.38032419272e-06, 7.74090949562e-07]}, "erbbands": {"dmean": [3.2507724762, 9.97070789337, 8.73034095764, 9.99682426453, 13.2460165024, 17.6483135223, 13.9749898911, 12.0011968613, 14.0436849594, 16.1262397766, 12.2108917236, 13.1838645935, 10.3906431198, 11.6587209702, 12.425579071, 11.6643695831, 9.73483371735, 9.84830284119, 10.8193511963, 12.7923603058, 17.6455745697, 14.6343927383, 10.4632940292, 10.8566646576, 12.2873220444, 14.3604221344, 12.8593835831, 11.3558731079, 10.0942840576, 7.85896730423, 7.16958856583, 5.76482248306, 5.27627229691, 4.29357051849, 3.22844862938, 2.00789451599, 0.9014351964, 0.317286938429, 0.0624675005674, 0.00235275062732], "dmean2": [5.24577665329, 16.201379776, 14.3547725677, 17.1632080078, 23.3185997009, 31.3849143982, 25.2363681793, 21.3409481049, 25.4883785248, 29.0178012848, 21.6853981018, 23.1347332001, 18.3835964203, 20.7740955353, 21.9991168976, 20.0829257965, 16.9226322174, 17.5757884979, 19.7137756348, 23.5375728607, 32.2353553772, 26.7469577789, 19.0270347595, 19.2196712494, 21.674571991, 24.8632659912, 22.0066280365, 19.6495819092, 17.5109004974, 13.8290567398, 12.5235176086, 10.1630687714, 9.09484958649, 7.24847173691, 5.27913665771, 3.32816433907, 1.49857342243, 0.498400866985, 0.095975369215, 0.00361439259723], "dvar": [15.4620952606, 137.277114868, 139.380279541, 301.937591553, 536.592102051, 965.522155762, 633.867858887, 510.865478516, 1129.98327637, 1269.6027832, 522.290405273, 649.455932617, 405.220550537, 1017.88909912, 792.944580078, 1007.25799561, 477.997711182, 445.164855957, 599.859558105, 905.741149902, 2366.8527832, 1237.8503418, 653.277099609, 613.37512207, 1202.1920166, 998.822692871, 756.505493164, 680.661499023, 554.900512695, 446.81338501, 371.992462158, 277.736236572, 206.688735962, 120.060073853, 61.3363952637, 25.7636070251, 5.73660326004, 0.592079818249, 0.0251233018935, 4.39772302343e-05], "dvar2": [39.0710411072, 379.471160889, 347.452667236, 816.184020996, 1448.83935547, 2652.07202148, 1776.11157227, 1407.7076416, 3202.62084961, 3535.13330078, 1419.54016113, 1756.76281738, 1139.89587402, 2897.8359375, 2172.91918945, 2602.20922852, 1199.33154297, 1233.24230957, 1669.81347656, 2550.65966797, 6358.4296875, 3492.82592773, 1845.99902344, 1705.78295898, 3351.37133789, 2693.70922852, 2027.91271973, 1887.64367676, 1540.19396973, 1265.66992188, 1057.68579102, 799.138000488, 590.381164551, 341.967773438, 171.29598999, 72.0635223389, 15.515206337, 1.47060453892, 0.0592788606882, 0.00010345687042], "max": [32.8590965271, 108.372169495, 129.069900513, 214.635787964, 235.686309814, 397.099273682, 270.885955811, 288.588623047, 643.290710449, 493.821411133, 319.708374023, 284.135345459, 367.152313232, 887.612915039, 541.176208496, 1460.79296875, 341.225128174, 252.548233032, 380.768035889, 272.506164551, 1843.78222656, 821.436035156, 299.770355225, 343.525482178, 1201.98803711, 361.226989746, 316.679443359, 359.103637695, 321.020294189, 301.717651367, 258.060791016, 279.881195068, 213.283508301, 151.576583862, 106.114570618, 61.5812911987, 26.2778282166, 9.57938098907, 2.35358071327, 0.109580047429], "mean": [4.66208124161, 13.4021673203, 11.5380649567, 10.5165805817, 12.3018627167, 16.0591468811, 13.0517015457, 11.3444862366, 11.8759975433, 13.6928825378, 10.2872800827, 10.8712530136, 9.23634815216, 9.34651470184, 10.1671228409, 10.663277626, 7.6285161972, 7.34153795242, 7.82386112213, 8.68115615845, 14.7807731628, 11.1767206192, 7.90033102036, 9.0191488266, 10.8127622604, 11.7500209808, 10.5326700211, 9.69466209412, 9.53342342377, 7.04695367813, 6.41447734833, 5.28159046173, 4.8230471611, 4.3470788002, 3.47086548805, 2.01427578926, 0.863663077354, 0.320109665394, 0.0617887713015, 0.00236934539862], "median": [2.91025447845, 8.4808177948, 5.86934900284, 4.322514534, 4.57676506042, 5.77615976334, 4.81751060486, 3.2902109623, 3.50386619568, 2.94587731361, 2.4257349968, 2.51610898972, 2.33388137817, 1.72101759911, 1.6888821125, 1.57094979286, 0.95833414793, 1.12733125687, 0.828475117683, 0.805630683899, 0.959766626358, 0.97936975956, 1.03219103813, 1.43901252747, 2.17102909088, 2.72589683533, 2.30763578415, 2.39576363564, 2.60347557068, 2.07408618927, 1.57164025307, 1.35396766663, 1.10465049744, 0.784260630608, 0.594109177589, 0.255781769753, 0.0712888836861, 0.0179089996964, 0.00215713027865, 0.000309460738208], "min": [4.59381649719e-22, 1.72123481944e-21, 5.52895882094e-21, 1.08594459937e-20, 3.48897770727e-20, 1.07513943952e-19, 5.42791265066e-20, 2.29400525864e-19, 1.52890480955e-19, 2.53219062355e-19, 9.28575067871e-19, 5.78228716484e-19, 1.82872076527e-18, 1.7931873609e-18, 1.67526366559e-18, 1.99882549516e-18, 2.32579406807e-18, 2.82113339352e-18, 5.08102184629e-18, 5.73804520298e-18, 5.26857760556e-18, 5.13899273156e-18, 6.66219950747e-18, 1.19722523625e-17, 7.94397294208e-18, 1.15023500817e-17, 1.08665484572e-17, 1.44585116112e-17, 1.88181256706e-17, 1.78964975758e-17, 1.28407233497e-17, 1.46658692472e-17, 1.32607698007e-17, 8.85510494218e-18, 6.66214863586e-18, 5.78265339906e-18, 3.05266104018e-18, 1.20221468631e-18, 2.9164496223e-19, 3.04912473966e-20], "var": [26.5774230957, 201.977005005, 210.09664917, 270.399719238, 411.868225098, 719.79486084, 465.306121826, 400.928710938, 725.824279785, 910.348449707, 396.136505127, 496.169494629, 341.569610596, 710.406494141, 613.625854492, 1530.7512207, 425.367340088, 307.127655029, 429.228820801, 561.662841797, 3768.34350586, 1220.95275879, 464.613983154, 514.266113281, 1553.66931152, 727.806640625, 584.182983398, 478.733581543, 410.788299561, 291.975097656, 241.354141235, 175.962585449, 134.03012085, 85.9203414917, 50.7252006531, 20.4144763947, 4.93652439117, 0.632775783539, 0.0289790518582, 4.82617324451e-05]}, "gfcc": {"mean": [-21.3393058777, 70.3119049072, -29.9107894897, 48.3563995361, -36.1084632874, 21.5171489716, -17.3225917816, 13.1840085983, -16.0892791748, 10.3196001053, -9.44490909576, 4.21637392044, -4.67064714432], "cov": [[19071.5585938, -2380.7277832, -1789.93127441, -745.359008789, -1441.12304688, -268.578857422, -729.553894043, 138.106277466, -719.622253418, 181.059051514, -627.83190918, 277.760253906, -420.554931641], [-2380.7277832, 2272.24731445, -45.4495391846, 128.488464355, 289.145385742, -53.1677207947, 188.181488037, -145.006896973, 149.817123413, -154.017028809, 169.882217407, -113.976516724, 201.568618774], [-1789.93127441, -45.4495391846, 1978.52502441, 21.6569805145, 220.341369629, 134.922927856, 219.30128479, 42.4451789856, 55.3753013611, 49.4020652771, 12.0407123566, -27.4025192261, 21.6622047424], [-745.359008789, 128.488464355, 21.6569805145, 585.068603516, 80.8738479614, 81.5025939941, 71.7387771606, -27.6558437347, 82.4860229492, 6.63106203079, 46.7120552063, -40.7167358398, 60.7657661438], [-1441.12304688, 289.145385742, 220.341369629, 80.8738479614, 434.520751953, 79.0997085571, 108.461784363, 9.36912631989, 114.763214111, -11.1194353104, 56.6955718994, -35.7689743042, 59.5816955566], [-268.578857422, -53.1677207947, 134.922927856, 81.5025939941, 79.0997085571, 179.288909912, 43.0734519958, 22.468460083, 38.1628799438, 18.6863307953, 21.3486766815, 6.15809106827, 16.7935943604], [-729.553894043, 188.181488037, 219.30128479, 71.7387771606, 108.461784363, 43.0734519958, 224.871414185, 64.4817276001, 74.4257965088, -4.77033185959, 60.7961845398, -20.4176883698, 45.5620155334], [138.106277466, -145.006896973, 42.4451789856, -27.6558437347, 9.36912631989, 22.468460083, 64.4817276001, 136.020828247, 35.6950836182, 25.859582901, 1.04946422577, 7.35657596588, -14.890879631], [-719.622253418, 149.817123413, 55.3753013611, 82.4860229492, 114.763214111, 38.1628799438, 74.4257965088, 35.6950836182, 158.466339111, 23.7043704987, 48.7446937561, -25.780828476, 36.9389076233], [181.059051514, -154.017028809, 49.4020652771, 6.63106203079, -11.1194353104, 18.6863307953, -4.77033185959, 25.859582901, 23.7043704987, 89.8671875, 19.3434848785, 18.4132499695, -9.69973373413], [-627.83190918, 169.882217407, 12.0407123566, 46.7120552063, 56.6955718994, 21.3486766815, 60.7961845398, 1.04946422577, 48.7446937561, 19.3434848785, 101.241111755, 14.173910141, 45.090637207], [277.760253906, -113.976516724, -27.4025192261, -40.7167358398, -35.7689743042, 6.15809106827, -20.4176883698, 7.35657596588, -25.780828476, 18.4132499695, 14.173910141, 72.9391098022, 8.77812671661], [-420.554931641, 201.568618774, 21.6622047424, 60.7657661438, 59.5816955566, 16.7935943604, 45.5620155334, -14.890879631, 36.9389076233, -9.69973373413, 45.090637207, 8.77812671661, 82.0092391968]], "icov": [[0.000105274688394, -5.20970479556e-06, 8.1361780758e-05, 2.97647602565e-05, 0.000170020459336, -3.87040345231e-05, -3.46984343196e-05, -0.000106683350168, 0.000211693099118, -0.00035230407957, 0.000588684168179, -0.000219531095354, -4.37645794591e-05], [-5.20970479556e-06, 0.000863855704665, 3.62904211215e-05, 0.000171659572516, -0.000132460001623, 0.000329424074152, -0.000241927831667, 0.000694344111253, -0.000298463797662, 0.00108627357986, -0.00109628145583, 0.00123408157378, -0.00126390194055], [8.1361780758e-05, 3.62904211215e-05, 0.000708188628778, 0.000138214643812, -0.000105070575955, -0.000338940211805, -0.000854540150613, 0.000290342228254, 0.000355157244485, -0.000878646445926, 0.000975470466074, -3.33134194079e-05, -8.48823765409e-05], [2.97647602565e-05, 0.000171659572516, 0.000138214643812, 0.00223400723189, 0.000210317331948, -0.000874760036822, -0.000478585541714, 0.000882397755049, -0.000484314979985, -0.000411510060076, -5.10588797624e-05, 0.00152802816592, -0.00147467257921], [0.000170020459336, -0.000132460001623, -0.000105070575955, 0.000210317331948, 0.00371056073345, -0.00108542770613, -0.000351631490048, 3.32337403961e-05, -0.00131592259277, 0.000160609401064, 0.000489824451506, 0.000542669382412, -0.000918459554669], [-3.87040345231e-05, 0.000329424074152, -0.000338940211805, -0.000874760036822, -0.00108542770613, 0.00712189311162, -0.000220482863369, -0.000462444149889, -0.000582628475968, -0.000122309284052, -0.00053616927471, -0.00114455528092, -0.000236481049797], [-3.46984343196e-05, -0.000241927831667, -0.000854540150613, -0.000478585541714, -0.000351631490048, -0.000220482863369, 0.00919849798083, -0.00504735903814, -0.000368146720575, 0.00241229706444, -0.00439782487229, 0.00246720388532, -0.00212417589501], [-0.000106683350168, 0.000694344111253, 0.000290342228254, 0.000882397755049, 3.32337403961e-05, -0.000462444149889, -0.00504735903814, 0.0122559722513, -0.0032630735077, -0.00128734169994, 0.00156813953072, -0.00196866132319, 0.0027819192037], [0.000211693099118, -0.000298463797662, 0.000355157244485, -0.000484314979985, -0.00131592259277, -0.000582628475968, -0.000368146720575, -0.0032630735077, 0.0120466072112, -0.00433343369514, -0.0011059937533, 0.00414870027453, -0.00300296558999], [-0.00035230407957, 0.00108627357986, -0.000878646445926, -0.000411510060076, 0.000160609401064, -0.000122309284052, 0.00241229706444, -0.00128734169994, -0.00433343369514, 0.0181884076446, -0.00765947438776, -0.0016082044458, 0.00288145267405], [0.000588684168179, -0.00109628145583, 0.000975470466074, -5.10588797624e-05, 0.000489824451506, -0.00053616927471, -0.00439782487229, 0.00156813953072, -0.0011059937533, -0.00765947438776, 0.022534923628, -0.00706772087142, -0.00406597182155], [-0.000219531095354, 0.00123408157378, -3.33134194079e-05, 0.00152802816592, 0.000542669382412, -0.00114455528092, 0.00246720388532, -0.00196866132319, 0.00414870027453, -0.0016082044458, -0.00706772087142, 0.0227488204837, -0.0077783507295], [-4.37645794591e-05, -0.00126390194055, -8.48823765409e-05, -0.00147467257921, -0.000918459554669, -0.000236481049797, -0.00212417589501, 0.0027819192037, -0.00300296558999, 0.00288145267405, -0.00406597182155, -0.0077783507295, 0.0233534630388]]}, "melbands": {"dmean": [0.0220439936966, 0.00707375817001, 0.00177719094791, 0.00110292888712, 0.000553099671379, 0.000271582306596, 0.000219186884351, 0.000163592485478, 9.64130595094e-05, 8.05774543551e-05, 5.13112572662e-05, 4.70706327178e-05, 4.30351210525e-05, 3.72987669834e-05, 2.23545066547e-05, 2.28881817748e-05, 1.77684160008e-05, 1.72357449628e-05, 1.81840059668e-05, 1.60730396601e-05, 2.20876208914e-05, 1.68837104866e-05, 1.03221163954e-05, 8.42163808557e-06, 8.85386452865e-06, 9.55068662734e-06, 8.18374155642e-06, 1.02052299553e-05, 8.6357094915e-06, 6.86831981511e-06, 6.68277880322e-06, 6.10086499364e-06, 4.79672507936e-06, 4.28939756603e-06, 4.28089106208e-06, 3.69582221538e-06, 3.50987716047e-06, 3.81746167477e-06, 3.55472798219e-06, 3.61307570529e-06], "dmean2": [0.0354730300605, 0.0115655483678, 0.00305274664424, 0.00194848072715, 0.00099590991158, 0.000482415634906, 0.00039734665188, 0.000293581862934, 0.000171573163243, 0.000141722950502, 9.10700837267e-05, 8.39126223582e-05, 7.64531941968e-05, 6.58077842672e-05, 3.82873913622e-05, 4.05718346883e-05, 3.17716294376e-05, 3.14209282806e-05, 3.33089737978e-05, 2.97126789519e-05, 4.0188748244e-05, 3.09782153636e-05, 1.87850746443e-05, 1.51909662236e-05, 1.56677160703e-05, 1.68240276253e-05, 1.44775976878e-05, 1.77213223651e-05, 1.48847393575e-05, 1.18097177619e-05, 1.16578457892e-05, 1.0628169548e-05, 8.44110036269e-06, 7.55947985454e-06, 7.51799871068e-06, 6.47841261525e-06, 6.22851757726e-06, 6.6505617724e-06, 6.08864911555e-06, 6.11685072727e-06], "dvar": [0.000651053327601, 6.99802258168e-05, 8.87444639375e-06, 3.76552179659e-06, 8.81758523974e-07, 2.60650949713e-07, 2.82937719476e-07, 1.19362596251e-07, 3.34473746477e-08, 2.48105340717e-08, 1.01585104773e-08, 1.72052914138e-08, 1.02919992528e-08, 9.57331547369e-09, 2.85718115833e-09, 3.78604125828e-09, 1.47415224472e-09, 1.50126455711e-09, 1.89983628829e-09, 1.43185729939e-09, 4.6493684458e-09, 1.90686644252e-09, 6.24035823016e-10, 4.49235010302e-10, 4.06371575279e-10, 8.33088320551e-10, 3.46660200545e-10, 5.6769894341e-10, 3.43207851028e-10, 2.36273584031e-10, 2.47220299787e-10, 1.83562956502e-10, 1.63649663265e-10, 1.29328964205e-10, 1.26959734392e-10, 1.08760715711e-10, 1.04853840888e-10, 1.06777302278e-10, 9.05086214309e-11, 8.4452916882e-11], "dvar2": [0.00167074799538, 0.000179659808055, 2.38354277826e-05, 1.02060666904e-05, 2.46225772571e-06, 7.18049648185e-07, 8.00910754606e-07, 3.30444976271e-07, 9.12834678957e-08, 6.73276119301e-08, 2.87439867463e-08, 4.90379612472e-08, 2.80665375385e-08, 2.59086760934e-08, 7.2054922029e-09, 9.70769153952e-09, 4.09706268911e-09, 4.16887147026e-09, 5.34277688757e-09, 4.0235406118e-09, 1.24680816782e-08, 5.4680864281e-09, 1.75622794085e-09, 1.2657549453e-09, 1.12468101499e-09, 2.29112329109e-09, 9.74471725534e-10, 1.52757029248e-09, 9.11814679316e-10, 6.4499727781e-10, 6.86665946326e-10, 5.06033326353e-10, 4.62104715604e-10, 3.66286362352e-10, 3.5982755664e-10, 3.11470543801e-10, 3.01980607187e-10, 3.04242964155e-10, 2.58092269778e-10, 2.40645114946e-10], "max": [0.210507944226, 0.0913290902972, 0.0323715955019, 0.0218671150506, 0.0105754565448, 0.00649327132851, 0.0103997783735, 0.00429843598977, 0.002637763042, 0.00165720086079, 0.00192976125982, 0.0037571110297, 0.0014133756049, 0.00282196002081, 0.00191865267698, 0.00125852948986, 0.000487233832246, 0.000584485125728, 0.000412458670326, 0.000320945167914, 0.00300311716273, 0.001335978508, 0.000317278638249, 0.000319150596624, 0.000292488868581, 0.00102956045885, 0.00028613145696, 0.000323675718391, 0.000198319161427, 0.000192080187844, 0.000218225759454, 0.000175446140929, 0.000192437481019, 0.000157204383868, 0.000146423029946, 0.000155843474204, 0.000174465982127, 0.000152736480231, 0.000136259768624, 0.00012507775682], "mean": [0.0338178239763, 0.0100473575294, 0.00188862590585, 0.00101778877433, 0.000526466115844, 0.000259008549619, 0.000183927244507, 0.000139495852636, 8.02857393865e-05, 6.63018363412e-05, 4.50475454272e-05, 3.73604125343e-05, 3.4492535633e-05, 3.21789593727e-05, 1.9161911041e-05, 1.69141239894e-05, 1.31240703922e-05, 1.24658963614e-05, 1.22136716527e-05, 1.07622709038e-05, 1.97425106307e-05, 1.31306696858e-05, 7.30829697204e-06, 6.57846749164e-06, 7.15963551556e-06, 8.58974544826e-06, 6.86593375576e-06, 8.09709399618e-06, 6.91133618602e-06, 5.69217854718e-06, 5.65182062928e-06, 5.64567653782e-06, 4.43475028078e-06, 3.72550698557e-06, 3.8449989006e-06, 3.26707345266e-06, 3.17574790643e-06, 3.35056984113e-06, 3.42503949469e-06, 3.67528309653e-06], "median": [0.0231806337833, 0.00608340511099, 0.000788043311331, 0.000381943827961, 0.000205424556043, 7.51341794967e-05, 5.51769990125e-05, 3.00048122881e-05, 1.78487389348e-05, 1.49031366163e-05, 1.11755416583e-05, 6.87649526299e-06, 5.38842505193e-06, 4.4928369789e-06, 2.9225234357e-06, 1.81168502422e-06, 1.99609962692e-06, 1.22970232042e-06, 1.07676316929e-06, 1.04557398117e-06, 1.12498332783e-06, 9.88418037196e-07, 8.36804815663e-07, 8.78621335687e-07, 1.11633107736e-06, 1.33757885123e-06, 1.69575355358e-06, 1.71856504494e-06, 1.3615995158e-06, 1.33119215207e-06, 1.31487354338e-06, 1.52105735651e-06, 1.22459459817e-06, 1.07259825199e-06, 8.93575531791e-07, 7.71982968217e-07, 8.31532815937e-07, 7.61581532061e-07, 6.99449969943e-07, 6.21840854365e-07], "min": [4.60319113086e-24, 4.62602983736e-24, 1.77753376963e-24, 5.24221185144e-24, 2.7493914722e-24, 4.701467028e-24, 2.6946668107e-24, 2.26937572505e-24, 6.8698701349e-24, 3.4835584815e-24, 9.49618057044e-24, 7.28221877411e-24, 5.36541733091e-24, 5.41380645326e-24, 5.3814521121e-24, 5.36955214534e-24, 4.62887131434e-24, 7.53853782602e-24, 9.52833217436e-24, 4.28447042034e-24, 7.02369564484e-24, 5.39496569383e-24, 5.39166786082e-24, 5.35363490443e-24, 9.01233115651e-24, 5.38420957539e-24, 6.15490183067e-24, 7.84735320459e-24, 5.0330256609e-24, 1.01708514931e-23, 6.97555304151e-24, 1.09861534381e-23, 8.95774040414e-24, 9.85200969238e-24, 6.29091446694e-24, 6.2067915233e-24, 8.67660063271e-24, 8.63014698059e-24, 8.79775073509e-24, 6.73908094112e-24], "var": [0.00114007224329, 0.000117913856229, 8.02107842901e-06, 2.79345317722e-06, 6.76820832268e-07, 2.06525157864e-07, 1.80966424068e-07, 8.68654908004e-08, 2.53237075754e-08, 1.8728121276e-08, 8.37827229816e-09, 1.18126912696e-08, 8.02717803339e-09, 1.03189146117e-08, 3.63064978082e-09, 3.08561842743e-09, 9.91207116385e-10, 1.08345266092e-09, 1.18805010274e-09, 8.90568008227e-10, 8.97685836776e-09, 2.1714754439e-09, 3.91540411204e-10, 3.69999558769e-10, 3.18264081756e-10, 1.29134580806e-09, 2.59723409446e-10, 4.03243605174e-10, 2.63307181614e-10, 1.78270329054e-10, 1.72567224399e-10, 1.38694625229e-10, 1.10656338259e-10, 8.38105695955e-11, 8.37202529524e-11, 6.89303059076e-11, 6.57947724081e-11, 6.91020782262e-11, 6.0246925504e-11, 6.11974429465e-11]}, "mfcc": {"mean": [-689.905578613, 110.612327576, 61.5450439453, 44.4763336182, 17.5997695923, 20.44572258, 15.9553432465, 9.9059753418, 9.77097702026, 7.30512475967, 5.54210042953, 5.31584692001, 6.04516792297], "cov": [[15341.7421875, -941.456359863, -1468.33081055, -985.44342041, -846.081298828, -743.365234375, -477.526641846, -343.640716553, -238.186752319, -317.520080566, -315.455810547, -235.191680908, -128.573379517], [-941.456359863, 1681.52148438, 40.2711486816, 116.395591736, 4.72047233582, 53.1937217712, 50.29737854, 27.6530952454, 6.35493278503, -14.2979803085, -35.3736839294, 14.4894676208, -47.7290077209], [-1468.33081055, 40.2711486816, 1212.20458984, 172.831207275, 97.2950592041, 133.194290161, 142.464538574, 57.8711166382, 61.428188324, 64.6115036011, 87.4868469238, -45.5987854004, 9.72840881348], [-985.44342041, 116.395591736, 172.831207275, 443.906677246, 117.838867188, 151.092788696, 68.6110687256, 54.5679092407, 55.1810264587, 69.5117874146, 25.6870555878, 39.8176116943, 8.22721672058], [-846.081298828, 4.72047233582, 97.2950592041, 117.838867188, 281.291595459, 143.869094849, 42.7393913269, 33.4722595215, 55.4912071228, 41.6273117065, 37.2110595703, 21.6222820282, 17.9698257446], [-743.365234375, 53.1937217712, 133.194290161, 151.092788696, 143.869094849, 223.199890137, 59.8041152954, 39.2548408508, 38.2833595276, 39.697052002, 27.1155605316, 26.9029636383, 10.281829834], [-477.526641846, 50.29737854, 142.464538574, 68.6110687256, 42.7393913269, 59.8041152954, 153.80140686, 69.8667068481, 36.0708351135, 32.5311317444, 35.0081787109, 8.43824005127, 11.7687263489], [-343.640716553, 27.6530952454, 57.8711166382, 54.5679092407, 33.4722595215, 39.2548408508, 69.8667068481, 121.013763428, 60.5896110535, 38.3076133728, 33.6080703735, 19.3987293243, 11.5196504593], [-238.186752319, 6.35493278503, 61.428188324, 55.1810264587, 55.4912071228, 38.2833595276, 36.0708351135, 60.5896110535, 99.2870941162, 60.049156189, 38.0274658203, 17.5846748352, 10.583612442], [-317.520080566, -14.2979803085, 64.6115036011, 69.5117874146, 41.6273117065, 39.697052002, 32.5311317444, 38.3076133728, 60.049156189, 99.7308349609, 64.2881164551, 26.9052810669, 2.23415541649], [-315.455810547, -35.3736839294, 87.4868469238, 25.6870555878, 37.2110595703, 27.1155605316, 35.0081787109, 33.6080703735, 38.0274658203, 64.2881164551, 97.2829742432, 35.4368743896, 9.6317281723], [-235.191680908, 14.4894676208, -45.5987854004, 39.8176116943, 21.6222820282, 26.9029636383, 8.43824005127, 19.3987293243, 17.5846748352, 26.9052810669, 35.4368743896, 66.748085022, 28.0189838409], [-128.573379517, -47.7290077209, 9.72840881348, 8.22721672058, 17.9698257446, 10.281829834, 11.7687263489, 11.5196504593, 10.583612442, 2.23415541649, 9.6317281723, 28.0189838409, 61.7667121887]], "icov": [[0.000102250312921, 4.56415400549e-05, 8.82562962943e-05, 7.53628628445e-05, 0.000197920686333, 4.42944401584e-05, 6.60348814563e-05, 0.000112614827231, -0.000183654206921, 9.18779769563e-05, 2.40725621552e-05, 0.00022019019525, 5.01419744978e-05], [4.56415400549e-05, 0.00067683076486, -1.21060484162e-05, -7.10818931111e-05, 0.000129072359414, -1.37007255034e-05, -0.000229542478337, 1.72804884642e-05, -0.000225898707868, 0.00028767195181, 0.000506080570631, -0.000660270801745, 0.000883533386514], [8.82562962943e-05, -1.21060484162e-05, 0.00127064960543, -0.000327011599438, 0.000322265346767, -0.000445154582849, -0.000514764280524, 0.000345916225342, -0.00039421688416, 0.000401764176786, -0.00168492039666, 0.00260243541561, -0.000833077006973], [7.53628628445e-05, -7.10818931111e-05, -0.000327011599438, 0.00353746348992, -0.000276385428151, -0.00131434306968, -0.000348063767888, -0.000241003683186, 7.70868427935e-05, -0.00222181086428, 0.00235102046281, -0.00198304653168, 0.000692838919349], [0.000197920686333, 0.000129072359414, 0.000322265346767, -0.000276385428151, 0.0062123904936, -0.00331231369637, 0.000254708953435, 0.00100387295242, -0.00274271098897, 0.00116044154856, -0.00158993527293, 0.00158781860955, -0.00103833060712], [4.42944401584e-05, -1.37007255034e-05, -0.000445154582849, -0.00131434306968, -0.00331231369637, 0.00843729823828, -0.00135203066748, -0.000265203561867, 0.000577001657803, -0.00070723972749, 0.00142959959339, -0.00249918387271, 0.00103050924372], [6.60348814563e-05, -0.000229542478337, -0.000514764280524, -0.000348063767888, 0.000254708953435, -0.00135203066748, 0.0104608247057, -0.00515699060634, 0.00105946871918, -0.000200203168788, -0.00198822841048, 0.00235950248316, -0.0017274703132], [0.000112614827231, 1.72804884642e-05, 0.000345916225342, -0.000241003683186, 0.00100387295242, -0.000265203561867, -0.00515699060634, 0.015358091332, -0.00821293611079, 0.0018245606916, -0.00118300190661, -0.00128648115788, 0.000205074466066], [-0.000183654206921, -0.000225898707868, -0.00039421688416, 7.70868427935e-05, -0.00274271098897, 0.000577001657803, 0.00105946871918, -0.00821293611079, 0.0220436509699, -0.0112833725289, 0.00178211706225, 0.000840143475216, -0.00250129215419], [9.18779769563e-05, 0.00028767195181, 0.000401764176786, -0.00222181086428, 0.00116044154856, -0.00070723972749, -0.000200203168788, 0.0018245606916, -0.0112833725289, 0.0262217372656, -0.0131383985281, -0.000842500012368, 0.0035400565248], [2.40725621552e-05, 0.000506080570631, -0.00168492039666, 0.00235102046281, -0.00158993527293, 0.00142959959339, -0.00198822841048, -0.00118300190661, 0.00178211706225, -0.0131383985281, 0.0246585216373, -0.0114599037915, 0.00274064065889], [0.00022019019525, -0.000660270801745, 0.00260243541561, -0.00198304653168, 0.00158781860955, -0.00249918387271, 0.00235950248316, -0.00128648115788, 0.000840143475216, -0.000842500012368, -0.0114599037915, 0.0310288444161, -0.0128551237285], [5.01419744978e-05, 0.000883533386514, -0.000833077006973, 0.000692838919349, -0.00103833060712, 0.00103050924372, -0.0017274703132, 0.000205074466066, -0.00250129215419, 0.0035400565248, 0.00274064065889, -0.0128551237285, 0.0231420174241]]}, "spectral_contrast_coeffs": {"dmean": [0.0601648464799, 0.0535066463053, 0.0378727056086, 0.031537771225, 0.0278094150126, 0.0283952429891], "dmean2": [0.101120583713, 0.0897587090731, 0.063669629395, 0.0520747825503, 0.0447213351727, 0.0445752553642], "dvar": [0.00249398942105, 0.00194324215408, 0.000981237739325, 0.000822260044515, 0.000664728228003, 0.000708664476406], "dvar2": [0.00658298330382, 0.00519697926939, 0.00268689519726, 0.00194361933973, 0.00162553414702, 0.00165296171326], "max": [-0.377495974302, -0.474919766188, -0.483600229025, -0.568067371845, -0.548234581947, -0.598190784454], "mean": [-0.708386361599, -0.777601897717, -0.830494523048, -0.8434060812, -0.828783631325, -0.798969626427], "median": [-0.712758541107, -0.786055624485, -0.833448529243, -0.850413441658, -0.832963764668, -0.800373077393], "min": [-0.969653308392, -0.987356126308, -0.975645303726, -0.993254005909, -0.966680705547, -0.96465575695], "var": [0.00571011425927, 0.00503364764154, 0.0024396723602, 0.00225688307546, 0.00186009390745, 0.00211878027767]}, "spectral_contrast_valleys": {"dmean": [0.485858142376, 0.746149003506, 0.819646954536, 0.886893689632, 0.831554532051, 0.759813785553], "dmean2": [0.776225030422, 1.14594447613, 1.22609317303, 1.30670678616, 1.17219543457, 1.0693038702], "dvar": [0.215594187379, 0.506355762482, 0.626693189144, 0.804323494434, 0.723979234695, 0.685244679451], "dvar2": [0.455997139215, 1.05628013611, 1.37225747108, 1.75763404369, 1.63056528568, 1.46845340729], "max": [-4.43255329132, -4.33160161972, -4.80453395844, -4.88658237457, -4.55224227905, -6.31963062286], "mean": [-6.27505874634, -7.15702295303, -7.97430515289, -8.59696960449, -8.18572235107, -9.89486503601],