{"lowlevel": {"average_loudness": 0.958738744259, "barkbands_crest": {"dmean": 2.78230285645, "dmean2": 4.44763660431, "dvar": 8.09634494781, "dvar2": 19.1006355286, "max": 26.3471050262, "mean": 13.2998971939, "median": 13.0199069977, "min": 2.76032114029, "var": 24.8666877747}, "barkbands_flatness_db": {"dmean": 0.029249528423, "dmean2": 0.0399479195476, "dvar": 0.000755726825446, "dvar2": 0.00138426036574, "max": 0.468906015158, "mean": 0.204456597567, "median": 0.190347194672, "min": 0.0281704291701, "var": 0.00756218237802}, "barkbands_kurtosis": {"dmean": 6.42467975616, "dmean2": 9.21164608002, "dvar": 222.466308594, "dvar2": 495.904998779, "max": 536.334594727, "mean": 12.4703369141, "median": 5.72521495819, "min": -1.69997012615, "var": 536.594543457}, "barkbands_skewness": {"dmean": 0.688706874847, "dmean2": 0.9623888731, "dvar": 0.625600934029, "dvar2": 1.14612722397, "max": 16.7124423981, "mean": 2.5393280983, "median": 2.22523403168, "min": -6.10791492462, "var": 3.58952236176}, "barkbands_spread": {"dmean": 4.14720487595, "dmean2": 6.26154613495, "dvar": 28.2268714905, "dvar2": 61.8488502502, "max": 95.1857833862, "mean": 13.8814401627, "median": 11.9742298126, "min": 0.338645458221, "var": 93.4958343506}, "dissonance": {"dmean": 0.0168338362128, "dmean2": 0.027695376426, "dvar": 0.000260124215856, "dvar2": 0.000702776364051, "max": 0.499994635582, "mean": 0.457774400711, "median": 0.466030806303, "min": 0.289423853159, "var": 0.00100099586416}, "dynamic_complexity": 3.36957383156, "erbbands_crest": {"dmean": 2.07809400558, "dmean2": 3.32028269768, "dvar": 3.73574447632, "dvar2": 9.18433475494, "max": 26.2561798096, "mean": 8.77962589264, "median": 8.00898361206, "min": 2.02160739899, "var": 12.9074134827}, "erbbands_flatness_db": {"dmean": 0.0185005124658, "dmean2": 0.0263153128326, "dvar": 0.000413553934777, "dvar2": 0.000806570926215, "max": 0.381726861, "mean": 0.169728308916, "median": 0.161019578576, "min": 0.0259656589478, "var": 0.003662873758}, "erbbands_kurtosis": {"dmean": 0.731843233109, "dmean2": 1.13998496532, "dvar": 1.37402057648, "dvar2": 3.54937267303, "max": 21.8232688904, "mean": 0.319905877113, "median": -0.410618066788, "min": -1.7848367691, "var": 5.11464500427}, "erbbands_skewness": {"dmean": 0.304586112499, "dmean2": 0.471782565117, "dvar": 0.0777549669147, "dvar2": 0.194144546986, "max": 3.90212702751, "mean": 0.249335020781, "median": 0.154054015875, "min": -2.47715044022, "var": 0.67721170187}, "erbbands_spread": {"dmean": 7.79351186752, "dmean2": 11.3610525131, "dvar": 89.9436264038, "dvar2": 184.482666016, "max": 130.332427979, "mean": 41.356918335, "median": 37.4782333374, "min": 4.68021965027, "var": 450.842193604}, "hfc": {"dmean": 4.71291828156, "dmean2": 6.83626508713, "dvar": 78.336730957, "dvar2": 184.624847412, "max": 105.15864563, "mean": 13.3700361252, "median": 9.86595344543, "min": 1.14813476351e-16, "var": 149.973388672}, "melbands_crest": {"dmean": 2.99370241165, "dmean2": 4.7074804306, "dvar": 8.51673412323, "dvar2": 20.8196544647, "max": 31.3234653473, "mean": 16.569890976, "median": 16.2936210632, "min": 1.99666452408, "var": 27.8819332123}, "melbands_flatness_db": {"dmean": 0.0340373925865, "dmean2": 0.0454229041934, "dvar": 0.00108669721521, "dvar2": 0.00190326466691, "max": 0.626206219196, "mean": 0.290104568005, "median": 0.2765609622, "min": 0.00470321858302, "var": 0.0115334419534}, "melbands_kurtosis": {"dmean": 13.4853992462, "dmean2": 18.8131790161, "dvar": 541.124938965, "dvar2": 929.065795898, "max": 592.988708496, "mean": 30.9529705048, "median": 16.0026378632, "min": -1.72816383839, "var": 2126.38525391}, "melbands_skewness": {"dmean": 0.890167951584, "dmean2": 1.23705244064, "dvar": 1.00849485397, "dvar2": 1.64424157143, "max": 18.4909343719, "mean": 3.90708899498, "median": 3.38284015656, "min": -2.42092251778, "var": 5.83781194687}, "melbands_spread": {"dmean": 4.26915597916, "dmean2": 6.49190378189, "dvar": 39.8367156982, "dvar2": 84.8804321289, "max": 228.030410767, "mean": 13.5477838516, "median": 9.30742931366, "min": 0.36919733882, "var": 281.567626953}, "pitch_salience": {"dmean": 0.0775791183114, "dmean2": 0.116727627814, "dvar": 0.00583068840206, "dvar2": 0.0120478123426, "max": 0.842387259007, "mean": 0.478257477283, "median": 0.484528362751, "min": 0.0610595196486, "var": 0.0254404395819}, "silence_rate_20dB": {"dmean": 0, "dmean2": 0, "dvar": 0, "dvar2": 0, "max": 1, "mean": 1, "median": 1, "min": 1, "var": 0}, "silence_rate_30dB": {"dmean": 0.0603829175234, "dmean2": 0.120795480907, "dvar": 0.056737318635, "dvar2": 0.106692619622, "max": 1, "mean": 0.879754602909, "median": 1, "min": 0, "var": 0.105790480971}, "silence_rate_60dB": {"dmean": 0.00343642616645, "dmean2": 0.00687453942373, "dvar": 0.00342454505153, "dvar2": 0.00879145879298, "max": 1, "mean": 0.0586503073573, "median": 0, "min": 0, "var": 0.0552113726735}, "spectral_centroid": {"dmean": 184.313522339, "dmean2": 281.540985107, "dvar": 82058.203125, "dvar2": 168641.75, "max": 11446.1083984, "mean": 917.862182617, "median": 785.481628418, "min": 122.149520874, "var": 546266.0625}, "spectral_complexity": {"dmean": 3.04123711586, "dmean2": 4.558801651, "dvar": 15.827665329, "dvar2": 29.9311599731, "max": 49, "mean": 14.709692955, "median": 14, "min": 0, "var": 56.9461250305}, "spectral_decrease": {"dmean": 4.04580191571e-09, "dmean2": 5.46383960298e-09, "dvar": 3.4288237812e-17, "dvar2": 6.32092645886e-17, "max": 2.40112877498e-11, "mean": -1.11752394005e-08, "median": -7.46537409668e-09, "min": -5.911116574e-08, "var": 1.29660931595e-16}, "spectral_energy": {"dmean": 0.015521033667, "dmean2": 0.0210949741304, "dvar": 0.000505799253006, "dvar2": 0.000938893528655, "max": 0.225716158748, "mean": 0.0433905869722, "median": 0.0289849694818, "min": 1.05814551467e-20, "var": 0.00190855830442}, "spectral_energyband_high": {"dmean": 0.000321806321153, "dmean2": 0.000476257991977, "dvar": 6.48473076126e-07, "dvar2": 1.5078268234e-06, "max": 0.00779019715264, "mean": 0.000437523412984, "median": 0.000118516130897, "min": 7.45098769511e-21, "var": 8.20265597667e-07}, "spectral_energyband_low": {"dmean": 0.0136772766709, "dmean2": 0.0174340382218, "dvar": 0.000484828633489, "dvar2": 0.00073219218757, "max": 0.216700136662, "mean": 0.0300558544695, "median": 0.0175049249083, "min": 4.96251506438e-23, "var": 0.00163122615777}, "spectral_energyband_middle_high": {"dmean": 0.000891724717803, "dmean2": 0.00132717739325, "dvar": 1.75701541139e-06, "dvar2": 3.89223851016e-06, "max": 0.0250953491777, "mean": 0.00294515816495, "median": 0.00219068396837, "min": 1.35954797615e-21, "var": 8.49324169394e-06}, "spectral_energyband_middle_low": {"dmean": 0.0065359827131, "dmean2": 0.0101703284308, "dvar": 0.000218794084503, "dvar2": 0.000464118464151, "max": 0.138159692287, "mean": 0.0127208167687, "median": 0.00794747192413, "min": 3.10152289542e-22, "var": 0.000263060093857}, "spectral_entropy": {"dmean": 0.201271191239, "dmean2": 0.285209178925, "dvar": 0.0539659745991, "dvar2": 0.10671427846, "max": 9.80626869202, "mean": 7.19349050522, "median": 7.2860326767, "min": 5.09615421295, "var": 0.443839639425}, "spectral_flux": {"dmean": 0.0345982797444, "dmean2": 0.0552716888487, "dvar": 0.00190864666365, "dvar2": 0.00431323098019, "max": 0.386010676622, "mean": 0.0885712727904, "median": 0.059106387198, "min": 6.48555653626e-11, "var": 0.00584876956418}, "spectral_kurtosis": {"dmean": 4.01098632812, "dmean2": 6.75749540329, "dvar": 51.3282585144, "dvar2": 150.868453979, "max": 138.311813354, "mean": 10.1815795898, "median": 5.10796928406, "min": -1.21311867237, "var": 260.820892334}, "spectral_rms": {"dmean": 0.00105001707561, "dmean2": 0.00144623487722, "dvar": 1.72682484845e-06, "dvar2": 2.88247315439e-06, "max": 0.0148395039141, "mean": 0.00579875148833, "median": 0.00531770801172, "min": 3.21300017841e-12, "var": 8.70682561072e-06}, "spectral_rolloff": {"dmean": 274.441955566, "dmean2": 449.916015625, "dvar": 285159.40625, "dvar2": 614217.25, "max": 19961.2792969, "mean": 891.35949707, "median": 387.59765625, "min": 64.599609375, "var": 4001055.75}, "spectral_skewness": {"dmean": 0.369724214077, "dmean2": 0.59676939249, "dvar": 0.231575891376, "dvar2": 0.660018146038, "max": 9.64783668518, "mean": 2.06746530533, "median": 1.8011661768, "min": -0.0313862487674, "var": 1.41295611858}, "spectral_spread": {"dmean": 630727.1875, "dmean2": 884504.75, "dvar": 1113237225470.0, "dvar2": 2209796849660.0, "max": 50834128, "mean": 4187551.75, "median": 3979085.25, "min": 587766, "var": 5820015181820.0}, "spectral_strongpeak": {"dmean": 0.243837058544, "dmean2": 0.409483850002, "dvar": 0.19938364625, "dvar2": 0.519223928452, "max": 6.3048415184, "mean": 0.589172065258, "median": 0.447664886713, "min": 0, "var": 0.305897921324}, "zerocrossingrate": {"dmean": 0.00788057688624, "dmean2": 0.0087438672781, "dvar": 8.38135820231e-05, "dvar2": 9.12397517823e-05, "max": 0.74267578125, "mean": 0.0415239185095, "median": 0.029296875, "min": 0.00244140625, "var": 0.00446793716401}, "barkbands": {"dmean": [7.42185438867e-05, 0.0101970527321, 0.00612014671788, 0.00397295597941, 0.00416820449755, 0.000747202022467, 0.000408662832342, 0.000159549963428, 0.00019553983293, 0.000264275498921, 9.34858326218e-05, 0.000166464436916, 9.6962612588e-05, 0.000121947261505, 0.000254375772784, 0.000215878128074, 0.000100098426628, 5.60103908356e-05, 5.30911311216e-05, 7.21483447705e-05, 6.87135834596e-05, 7.75933585828e-05, 6.35266187601e-05, 4.7127421567e-05, 1.9361043087e-05, 8.92306616151e-06, 2.79205505649e-06], "dmean2": [0.000105563980469, 0.0142906811088, 0.00835290923715, 0.00675555272028, 0.0074601015076, 0.00113160011824, 0.000616554461885, 0.00025555017055, 0.000289398623863, 0.000378254218958, 0.000149745625095, 0.000256987899775, 0.00015096149582, 0.000191944840481, 0.000413683679653, 0.000343499035807, 0.000159441653523, 8.78872378962e-05, 8.57756094774e-05, 0.000118175907119, 0.000102696365502, 0.000116580558824, 0.000101750563772, 7.33463893994e-05, 3.01386771753e-05, 1.37170418384e-05, 4.61507124783e-06], "dvar": [1.87368556226e-08, 0.000343008869095, 0.000236556152231, 0.000122366269352, 0.000158935130457, 9.2188599865e-07, 2.70989772844e-07, 6.61141683622e-08, 1.30615617877e-07, 3.28689196749e-07, 2.4676696242e-08, 8.11393050526e-08, 2.66753641398e-08, 4.69037431117e-08, 2.08795142953e-07, 1.80977892228e-07, 3.30457758935e-08, 1.58757185176e-08, 2.00901020264e-08, 2.89886727955e-08, 2.84722077026e-08, 4.52191635247e-08, 3.14320054429e-08, 1.53288475246e-08, 1.7017426357e-09, 4.63772714676e-10, 4.17160472832e-11], "dvar2": [3.57744340818e-08, 0.000602534157224, 0.000424725556513, 0.000326967565343, 0.000453147193184, 2.27173768508e-06, 6.36502875295e-07, 1.82401663551e-07, 3.12688825943e-07, 5.86098224176e-07, 6.25198524062e-08, 1.92768126794e-07, 6.17202076114e-08, 1.12219787241e-07, 5.42091640909e-07, 4.3108269665e-07, 8.18510486056e-08, 3.92478263223e-08, 5.13577624872e-08, 7.44216066551e-08, 5.76347503056e-08, 9.48359399899e-08, 7.8568184847e-08, 3.76291708903e-08, 4.12653111681e-09, 1.06261499599e-09, 1.07785023962e-10], "max": [0.002138531534, 0.16545727849, 0.124426722527, 0.118252441287, 0.114449769258, 0.011980811134, 0.0103869475424, 0.00398638751358, 0.0076898871921, 0.0211918652058, 0.00267991283908, 0.00697238137946, 0.00328338472173, 0.00326807447709, 0.00880687031895, 0.00716795027256, 0.00268567609601, 0.00298037170433, 0.00239682756364, 0.00159586698283, 0.00199518632144, 0.00256523955613, 0.00167798879556, 0.00122736382764, 0.000378332420951, 0.000226902149734, 0.000156939175213], "mean": [0.000160797048011, 0.0196521542966, 0.00755451666191, 0.00420201104134, 0.00481529068202, 0.00189321988728, 0.000914817850571, 0.000292447628453, 0.00044497725321, 0.000671447021887, 0.000170052837348, 0.00037446024362, 0.000184016433195, 0.000223988827202, 0.000515190535225, 0.000462876341771, 0.000205139440368, 9.8506352515e-05, 8.74053002917e-05, 9.84380894806e-05, 9.35099378694e-05, 9.93535868474e-05, 7.65602235333e-05, 5.58765423193e-05, 2.79128289549e-05, 1.18149555419e-05, 3.88358830605e-06], "median": [4.02454243158e-05, 0.0114813586697, 0.00191780331079, 0.001108609722, 0.00247449381277, 0.00144790718332, 0.000678666401654, 0.000169100807398, 0.000189821294043, 0.000229954559472, 7.40127725294e-05, 0.000170574247022, 7.32270200388e-05, 0.00010303518502, 0.000256356957834, 0.00014432783064, 8.07468604762e-05, 4.50705520052e-05, 3.65243358829e-05, 2.94491346722e-05, 2.28902244999e-05, 1.86649194802e-05, 1.25097812997e-05, 1.12005245683e-05, 5.08012954015e-06, 9.74486511041e-07, 1.44370844168e-07], "min": [1.3697337024e-24, 2.26299975678e-23, 1.72433200411e-24, 1.27555061285e-23, 5.73498975088e-23, 1.56502698744e-23, 1.80942319562e-23, 2.22670048e-23, 5.94805540158e-23, 5.91777134697e-23, 5.44238357064e-23, 3.35761352476e-23, 8.36482103041e-23, 7.40271932843e-23, 1.20685595836e-22, 7.29394992464e-23, 9.51606444065e-23, 1.50230165919e-22, 1.57691742475e-22, 2.23819225857e-22, 2.88816038058e-22, 3.95277146486e-22, 6.38678298148e-22, 6.79377512893e-22, 1.12622680078e-21, 1.58893822607e-21, 2.07441650525e-21], "var": [6.89565169409e-08, 0.000788217817899, 0.000338572455803, 9.5176132163e-05, 9.99967596726e-05, 3.06904507852e-06, 7.61532021443e-07, 1.26064279016e-07, 5.72827332235e-07, 2.31989270105e-06, 7.01852798102e-08, 3.62281213029e-07, 7.84020173228e-08, 1.0107807924e-07, 4.86275496314e-07, 6.13010115558e-07, 9.86653461155e-08, 2.73564921827e-08, 2.84477383872e-08, 3.47522863819e-08, 4.32454747568e-08, 6.21528783995e-08, 3.61347325395e-08, 1.61142299504e-08, 2.68052335883e-09, 7.51594009252e-10, 1.50075854521e-10]}, "erbbands": {"dmean": [0.177568018436, 2.73009777069, 7.24871110916, 10.3266572952, 10.1967992783, 17.0563411713, 6.37913990021, 6.82506847382, 6.81870079041, 5.54155683517, 3.46273469925, 4.63060998917, 5.78459501266, 7.99531269073, 3.67606902122, 7.01299333572, 5.28923845291, 6.57665920258, 11.8916225433, 15.2040081024, 9.07874202728, 4.35075283051, 3.35666847229, 2.73370981216, 2.5031235218, 3.41646027565, 3.17996501923, 2.93993926048, 2.46162819862, 2.33327937126, 1.9606128931, 1.11264610291, 0.698534369469, 0.305238127708, 0.111751683056, 0.0477458871901, 0.0147607000545, 0.00312984967604, 0.000423344201408, 4.08272608183e-05], "dmean2": [0.247005239129, 3.71760296822, 9.94720649719, 16.0334320068, 16.3994579315, 30.7932224274, 10.4632482529, 10.4908924103, 11.1277589798, 7.4655380249, 5.50386238098, 6.90606117249, 8.69040107727, 11.3286552429, 5.84573316574, 10.8114242554, 8.06881523132, 10.2630720139, 19.3702316284, 23.939661026, 14.6734981537, 6.90278530121, 5.26067018509, 4.37206935883, 4.03017473221, 5.42995357513, 4.94544363022, 4.45545482635, 3.72284126282, 3.43353486061, 3.19215774536, 1.70893406868, 1.11463189125, 0.485692828894, 0.174533575773, 0.0737160295248, 0.0227179192007, 0.00492147030309, 0.000694986549206, 6.61390367895e-05], "dvar": [0.0881556943059, 25.3428173065, 295.957977295, 723.000427246, 645.348876953, 2619.91210938, 208.260543823, 82.5605545044, 95.3069534302, 53.9528274536, 41.3903846741, 77.8183898926, 88.8011932373, 437.218353271, 33.613986969, 139.639907837, 72.9433059692, 133.372116089, 515.76550293, 937.963256836, 262.260681152, 53.4897079468, 60.4797554016, 54.2059860229, 40.6332435608, 61.7527313232, 61.2179718018, 58.2820854187, 45.7261619568, 36.1918830872, 33.047706604, 8.36434555054, 3.4425342083, 0.47682762146, 0.0557235069573, 0.0115046221763, 0.0012729660375, 5.54074031243e-05, 1.00260001545e-06, 7.02403868402e-09], "dvar2": [0.17742882669, 43.3845405579, 489.995056152, 1773.29455566, 1547.92553711, 7556.43847656, 610.950195312, 201.410568237, 254.946075439, 96.1585922241, 114.720283508, 180.453933716, 216.856872559, 746.525390625, 88.3562469482, 331.497192383, 167.968826294, 319.936004639, 1328.37207031, 2312.29321289, 651.430969238, 130.616897583, 148.369338989, 133.110778809, 102.895896912, 151.112915039, 136.701431274, 128.429473877, 100.19985199, 71.2398147583, 85.2372665405, 20.3432273865, 8.78902435303, 1.20368170738, 0.134157583117, 0.0270557273179, 0.0028866364155, 0.00012961452012, 2.58298655353e-06, 1.88748305874e-08], "max": [3.18402719498, 46.6078071594, 148.846557617, 280.465423584, 249.675186157, 492.304626465, 146.486907959, 102.073364258, 151.135406494, 165.103179932, 110.905235291, 222.367706299, 165.030807495, 785.161437988, 95.160736084, 256.273071289, 171.899673462, 178.751678467, 492.088684082, 613.691772461, 270.986816406, 103.358955383, 201.859237671, 182.77281189, 96.3596496582, 85.9586639404, 87.9458312988, 93.2570571899, 87.7653503418, 68.4125442505, 55.5081787109, 28.7079257965, 17.6646938324, 6.0233039856, 2.14424014091, 1.17405617237, 0.605942428112, 0.172626152635, 0.0264188926667, 0.00160863075871], "mean": [0.330526590347, 5.12000370026, 10.5749740601, 12.1184177399, 12.3614149094, 20.0020599365, 12.2684574127, 15.8789196014, 14.3952665329, 11.7577772141, 6.81966400146, 10.8626155853, 12.9795675278, 21.6008987427, 7.84553575516, 15.7567873001, 11.7224149704, 12.9705514908, 22.9253978729, 30.0711669922, 20.0031261444, 9.91421604156, 6.34832286835, 4.41255760193, 4.28025627136, 5.06718587875, 4.37104606628, 3.61172103882, 3.23722863197, 3.07839655876, 2.15491700172, 1.34510374069, 0.795496702194, 0.411652684212, 0.151764988899, 0.0620315149426, 0.0201367549598, 0.0045272433199, 0.000628995767329, 8.2666236267e-05], "median": [0.186402618885, 2.79715895653, 3.98564195633, 3.297301054, 4.53809261322, 9.91861820221, 8.67552089691, 11.3334255219, 10.0326557159, 7.5001783371, 3.99731421471, 4.49198436737, 7.25326728821, 5.3525519371, 4.79759931564, 7.6563744545, 5.35040712357, 6.72525691986, 10.8413076401, 10.7448263168, 8.84203147888, 5.07642316818, 3.08151626587, 1.91707336903, 1.68908321857, 1.50441026688, 1.16679513454, 0.771455764771, 0.596901714802, 0.525771975517, 0.349451899529, 0.263046592474, 0.155817851424, 0.0792139619589, 0.0251456536353, 0.0064446288161, 0.00134163105395, 0.000208074838156, 5.49979667994e-05, 3.84114573535e-05], "min": [1.13376674593e-21, 1.35581243577e-21, 2.14367187892e-21, 2.40196787053e-20, 7.8039495399e-20, 1.3980810258e-19, 1.06531117675e-19, 1.39755124246e-19, 2.51650107528e-19, 4.51743805235e-19, 5.56366177798e-19, 1.08714362674e-18, 3.12857781564e-18, 1.68773703224e-18, 2.75164732693e-18, 1.61527011692e-18, 3.09973340729e-18, 4.76769865155e-18, 3.95335919083e-18, 5.59480895375e-18, 4.95289735966e-18, 5.94274965712e-18, 8.92892419441e-18, 8.68312499384e-18, 7.82363470657e-18, 1.06886946993e-17, 1.0673657383e-17, 1.1596655289e-17, 1.3168913048e-17, 1.25068467847e-17, 2.02276215821e-17, 1.26355105931e-17, 1.18534104967e-17, 1.12418005964e-17, 8.28420308137e-18, 6.07987097367e-18, 3.03964142413e-18, 9.55517581193e-19, 2.71960441795e-19, 3.37735679219e-20], "var": [0.180505186319, 59.2025108337, 488.416931152, 711.808898926, 614.684020996, 1632.50793457, 185.141082764, 248.318145752, 216.018203735, 188.440307617, 69.8016281128, 411.6690979, 266.953155518, 3318.05883789, 86.8605270386, 574.413757324, 261.050048828, 301.620330811, 1066.28125, 2739.51196289, 909.487182617, 164.769500732, 115.273468018, 87.946975708, 60.8549995422, 92.8584442139, 82.3984069824, 76.1481552124, 63.2594985962, 57.1925392151, 32.6996536255, 9.34713077545, 3.3171081543, 0.629968523979, 0.0824092626572, 0.0174723733217, 0.00249277614057, 0.00016751459043, 4.0171321416e-06, 1.5552009458e-08]}, "gfcc": {"mean": [-45.7475395203, 129.348098755, -99.0478057861, 35.7379074097, -38.1161499023, 13.734038353, -34.4448318481, -1.28114628792, -11.4091768265, 0.743330299854, -10.0502719879, -3.79625558853, -0.132105842233], "cov": [[18495.1953125, -1818.72766113, -1490.88781738, 1051.91430664, -1106.73181152, 548.087585449, -603.994018555, 320.041046143, -275.629119873, 33.3304367065, -427.853607178, 120.921363831, -226.413955688], [-1818.72766113, 4062.54321289, -345.503326416, -326.475921631, 937.044677734, -377.66217041, 466.334838867, -174.824371338, 365.046936035, -147.017578125, 385.22479248, -124.521659851, 341.930603027], [-1490.88781738, -345.503326416, 952.355224609, 90.9660949707, -131.548919678, 148.144790649, 1.87502455711, -1.51786506176, -13.1130552292, 88.1933288574, -0.0700270086527, -10.3904132843, -79.8320922852], [1051.91430664, -326.475921631, 90.9660949707, 472.047515869, -187.144424438, 142.232131958, 1.67732226849, 9.82056427002, -10.0978250504, 8.47354125977, -6.02174377441, -36.3430595398, -24.1104793549], [-1106.73181152, 937.044677734, -131.548919678, -187.144424438, 561.221923828, -124.667793274, 193.784515381, 1.27520895004, 116.995079041, -36.1914558411, 74.5331268311, 10.8415126801, 102.081550598], [548.087585449, -377.66217041, 148.144790649, 142.232131958, -124.667793274, 274.242218018, -22.2396507263, 62.6500511169, -43.365524292, 29.6155261993, -29.8400878906, 14.9978084564, -46.8092422485], [-603.994018555, 466.334838867, 1.87502455711, 1.67732226849, 193.784515381, -22.2396507263, 217.004745483, 1.27616381645, 55.657169342, 2.22703504562, 67.6020889282, -25.5531139374, 39.6308441162], [320.041046143, -174.824371338, -1.51786506176, 9.82056427002, 1.27520895004, 62.6500511169, 1.27616381645, 141.66267395, 19.7362194061, 3.22799038887, -21.2641925812, 50.2575378418, -10.4485502243], [-275.629119873, 365.046936035, -13.1130552292, -10.0978250504, 116.995079041, -43.365524292, 55.657169342, 19.7362194061, 122.900787354, 2.80019450188, 48.6232299805, -0.0274246428162, 48.5786476135], [33.3304367065, -147.017578125, 88.1933288574, 8.47354125977, -36.1914558411, 29.6155261993, 2.22703504562, 3.22799038887, 2.80019450188, 122.445755005, 18.2130966187, 2.62319922447, -8.53175544739], [-427.853607178, 385.22479248, -0.0700270086527, -6.02174377441, 74.5331268311, -29.8400878906, 67.6020889282, -21.2641925812, 48.6232299805, 18.2130966187, 133.147857666, -19.3931598663, 31.572675705], [120.921363831, -124.521659851, -10.3904132843, -36.3430595398, 10.8415126801, 14.9978084564, -25.5531139374, 50.2575378418, -0.0274246428162, 2.62319922447, -19.3931598663, 108.145233154, 14.8109207153], [-226.413955688, 341.930603027, -79.8320922852, -24.1104793549, 102.081550598, -46.8092422485, 39.6308441162, -10.4485502243, 48.5786476135, -8.53175544739, 31.572675705, 14.8109207153, 113.671272278]], "icov": [[0.000115607916086, -9.96261514956e-05, 0.000251432968071, -0.0002705907973, 0.000141259166412, -0.000101244237158, 0.000214995918213, -0.000218068787945, 0.000108686057501, -0.000276117265457, 0.000323203217704, -0.000127642109874, 0.000245279632509], [-9.96261514956e-05, 0.000858187384438, -0.000183871437912, 0.000510623329319, -0.000632143637631, 2.89156796498e-05, -0.000590945128351, 0.000840180146042, -0.00103906926233, 0.00108936696779, -0.00139605184086, 0.000657737080473, -0.00111001229379], [0.000251432968071, -0.000183871437912, 0.00184250832535, -0.000541533867363, 0.00047879779595, -0.000851784134284, 0.000155428395374, 7.4176947237e-05, -0.000352359405952, -0.00123130111024, 0.00070770754246, -0.000450236635515, 0.00132520322222], [-0.0002705907973, 0.000510623329319, -0.000541533867363, 0.00383279938251, 0.000829537282698, -0.00125873356592, -0.00162994477432, 0.00100322603248, -0.00162295112386, 0.00143282534555, -0.00102618848905, 0.00132983585354, -0.00133224669844], [0.000141259166412, -0.000632143637631, 0.00047879779595, 0.000829537282698, 0.00451837200671, 9.62172271102e-05, -0.00248112599365, -0.000460580253275, -0.00119648477994, 1.10573782877e-05, 0.00131798931397, -0.00113554135896, -0.000206223339774], [-0.000101244237158, 2.89156796498e-05, -0.000851784134284, -0.00125873356592, 9.62172271102e-05, 0.00602481979877, -0.000312821677653, -0.00254837120883, 0.00205673510209, -0.000593642354943, -0.000170219762367, -0.000144105841173, 0.000258091808064], [0.000214995918213, -0.000590945128351, 0.000155428395374, -0.00162994477432, -0.00248112599365, -0.000312821677653, 0.00893686618656, -0.00183209707029, 0.000974828202743, -0.0013860410545, -0.00121759262402, 0.00156249245629, 0.000398387055611], [-0.000218068787945, 0.000840180146042, 7.4176947237e-05, 0.00100322603248, -0.000460580253275, -0.00254837120883, -0.00183209707029, 0.011925750412, -0.00499731395394, 0.00139866792597, 0.00019183466793, -0.00417604763061, 0.0011338556651], [0.000108686057501, -0.00103906926233, -0.000352359405952, -0.00162295112386, -0.00119648477994, 0.00205673510209, 0.000974828202743, -0.00499731395394, 0.0150942672044, -0.00195479672402, -0.00146877241787, 0.00060619256692, -0.00239584664814], [-0.000276117265457, 0.00108936696779, -0.00123130111024, 0.00143282534555, 1.10573782877e-05, -0.000593642354943, -0.0013860410545, 0.00139866792597, -0.00195479672402, 0.0109458593652, -0.00358844548464, 0.000314653181704, -0.00141762581188], [0.000323203217704, -0.00139605184086, 0.00070770754246, -0.00102618848905, 0.00131798931397, -0.000170219762367, -0.00121759262402, 0.00019183466793, -0.00146877241787, -0.00358844548464, 0.013121586293, -0.00043956519221, 0.00108203978743], [-0.000127642109874, 0.000657737080473, -0.000450236635515, 0.00132983585354, -0.00113554135896, -0.000144105841173, 0.00156249245629, -0.00417604763061, 0.00060619256692, 0.000314653181704, -0.00043956519221, 0.0134699381888, -0.00410351995379], [0.000245279632509, -0.00111001229379, 0.00132520322222, -0.00133224669844, -0.000206223339774, 0.000258091808064, 0.000398387055611, 0.0011338556651, -0.00239584664814, -0.00141762581188, 0.00108203978743, -0.00410351995379, 0.014681388624]]}, "melbands": {"dmean": [0.00216757971793, 0.0035532489419, 0.00162171549164, 0.00104894675314, 0.000306025060127, 0.000151292479131, 9.72093403107e-05, 5.30270881427e-05, 2.87943894364e-05, 2.84743600787e-05, 2.91959077003e-05, 3.44223444699e-05, 1.29833651954e-05, 1.48036797327e-05, 1.86780143849e-05, 9.2640539151e-06, 1.33348294185e-05, 1.77434649231e-05, 1.65402361745e-05, 1.92214902199e-05, 1.1092515706e-05, 5.27969768882e-06, 3.81096651836e-06, 2.77178151009e-06, 2.31399189943e-06, 1.66457209616e-06, 1.8584571535e-06, 2.61460968431e-06, 2.15922091229e-06, 1.68310066329e-06, 1.83349845884e-06, 1.49423271978e-06, 1.35283346481e-06, 1.23191728107e-06, 1.12669158625e-06, 8.77227080309e-07, 6.6489621986e-07, 5.16488341873e-07, 3.83800397685e-07, 2.24482405997e-07], "dmean2": [0.00306643755175, 0.00468609621748, 0.00242253951728, 0.00182613241486, 0.000528026372194, 0.000232604681514, 0.000156094291015, 7.27833903511e-05, 4.52059648524e-05, 4.24658246629e-05, 4.38806055172e-05, 4.85886303068e-05, 2.06040404009e-05, 2.34362705669e-05, 2.82381297438e-05, 1.43968109114e-05, 2.09999216167e-05, 2.90514835797e-05, 2.6063516998e-05, 3.080407987e-05, 1.79423223017e-05, 8.44672558742e-06, 6.02176442044e-06, 4.46202784588e-06, 3.73318334823e-06, 2.68179996965e-06, 2.9338409604e-06, 4.25874850407e-06, 3.50806317329e-06, 2.56936300502e-06, 2.8373162877e-06, 2.33799710259e-06, 2.04031334761e-06, 1.83876329629e-06, 1.8302467879e-06, 1.44934074342e-06, 1.03662625861e-06, 8.25169479413e-07, 6.30973488569e-07, 3.5266916143e-07], "dvar": [1.41562086355e-05, 5.32114499947e-05, 1.55417565111e-05, 9.38132416195e-06, 6.69780490625e-07, 3.95248633822e-08, 1.84062542985e-08, 4.85449502818e-09, 2.84886936264e-09, 2.93000090856e-09, 2.24962248829e-09, 8.47366532497e-09, 4.29459301454e-10, 5.02405006486e-10, 1.32651856166e-09, 2.78023853939e-10, 6.06639294354e-10, 1.13366127596e-09, 8.96822172081e-10, 1.51753409838e-09, 3.85259629754e-10, 8.04219676964e-11, 1.00035361938e-10, 4.16184968433e-11, 4.36699912343e-11, 1.50451977265e-11, 1.92919291653e-11, 3.97161678545e-11, 2.89382146718e-11, 1.96777160538e-11, 2.3027448004e-11, 1.76165141502e-11, 1.25466676978e-11, 9.96958678806e-12, 1.03627540576e-11, 6.43078472418e-12, 2.91448657742e-12, 1.882416098e-12, 9.57618966763e-13, 2.18244584731e-13], "dvar2": [2.36161959037e-05, 8.24016606202e-05, 3.54058611265e-05, 2.605337977e-05, 1.97289386961e-06, 9.77397647262e-08, 4.78221302558e-08, 9.10952469013e-09, 7.73626229744e-09, 7.0336003688e-09, 5.45954170761e-09, 1.44313361261e-08, 1.11111064793e-09, 1.22073540165e-09, 3.11879011505e-09, 6.46418363281e-10, 1.44148637471e-09, 2.93442936616e-09, 2.18740536795e-09, 3.78104747512e-09, 9.41166922175e-10, 2.00844063603e-10, 2.53210119538e-10, 1.02955845238e-10, 1.06692203683e-10, 3.82624626427e-11, 4.71110997435e-11, 9.89583900934e-11, 6.8227402894e-11, 4.13303627433e-11, 5.27485000124e-11, 4.16442297313e-11, 2.33720404141e-11, 2.04638112011e-11, 2.63434725423e-11, 1.66357604775e-11, 7.08234556071e-12, 4.68460730277e-12, 2.5498902035e-12, 5.35778452854e-13], "max": [0.034389488399, 0.066227376461, 0.0431798696518, 0.0295770987868, 0.00836987886578, 0.00227872747928, 0.00229519838467, 0.00152773282025, 0.000903335749172, 0.00120946252719, 0.000814323488157, 0.00348766031675, 0.000259812746663, 0.000404923659516, 0.00102150801104, 0.000416171213146, 0.000324859283864, 0.000685299106408, 0.000595548423007, 0.000708840030711, 0.000375217758119, 0.000117701456475, 0.000278090825304, 0.00015495592379, 0.000182995921932, 5.00111891597e-05, 6.25487664365e-05, 7.31052205083e-05, 5.7645549532e-05, 7.15792775736e-05, 5.42177440366e-05, 5.44704744243e-05, 4.24538848165e-05, 3.53663854185e-05, 3.31415940309e-05, 2.21685259021e-05, 1.77333095053e-05, 1.33500834636e-05, 7.9452756836e-06, 4.71493058285e-06], "mean": [0.00435825344175, 0.00631874380633, 0.00205084518529, 0.00121635408141, 0.000521533715073, 0.000361982092727, 0.000214467509068, 0.000110378183308, 5.7527959143e-05, 6.51574591757e-05, 6.40850266791e-05, 9.1380381491e-05, 2.50384800893e-05, 3.08194285026e-05, 4.37391026935e-05, 1.74146698555e-05, 2.42825772148e-05, 3.25548026012e-05, 3.48096364178e-05, 3.63622239092e-05, 2.24617979256e-05, 1.07663190647e-05, 7.17850070941e-06, 4.47013326266e-06, 3.51119660991e-06, 2.73206433121e-06, 2.95245422421e-06, 3.6819574234e-06, 2.7534081255e-06, 2.24290761253e-06, 2.1143007416e-06, 1.85991882518e-06, 1.78129744199e-06, 1.62850585639e-06, 1.25421217945e-06, 9.6632209079e-07, 7.8428922734e-07, 5.74582429635e-07, 4.55774284092e-07, 3.10188539743e-07], "median": [0.00264802016318, 0.00324103049934, 0.000591681455262, 0.000582413747907, 0.000346976186847, 0.000257106818026, 0.000151569591253, 6.91381865181e-05, 2.94552410196e-05, 2.87416532956e-05, 3.42999992426e-05, 1.97533936444e-05, 1.3705096535e-05, 1.64913726621e-05, 1.73231564986e-05, 7.15230908099e-06, 1.03430475065e-05, 1.45254543895e-05, 1.68488732015e-05, 1.15412231025e-05, 8.63282275532e-06, 4.64602135253e-06, 3.03902606902e-06, 1.86224974641e-06, 1.35581001359e-06, 1.23215306758e-06, 9.84283019534e-07, 8.93846674899e-07, 7.26027622022e-07, 4.80118046653e-07, 4.29713139738e-07, 3.48043755594e-07, 2.99449936847e-07, 2.67157560074e-07, 1.9763028547e-07, 1.58771314318e-07, 1.49932276372e-07, 1.04796349376e-07, 9.21436864587e-08, 5.53954713212e-08], "min": [9.52416777764e-24, 1.18411709798e-24, 8.47659047222e-24, 1.30262913117e-23, 3.7661343742e-24, 3.36457695775e-24, 3.60301411065e-24, 5.26585519606e-24, 4.23226794436e-24, 8.90719650822e-24, 1.53638975886e-23, 6.66018222883e-24, 9.22950456371e-24, 4.81107412319e-24, 5.92461163877e-24, 8.04997370582e-24, 8.32470161581e-24, 4.49639356379e-24, 8.95205113929e-24, 3.70518776953e-24, 5.28191600966e-24, 4.77765324208e-24, 7.6092647282e-24, 5.67088281164e-24, 6.96064514813e-24, 5.24966382598e-24, 6.21201062705e-24, 7.16863227009e-24, 6.07837916742e-24, 8.50950490463e-24, 5.35246384041e-24, 6.69749377192e-24, 6.68210388452e-24, 6.70322800184e-24, 1.03537504716e-23, 9.65471084682e-24, 6.51739722169e-24, 8.12224440879e-24, 9.17841477605e-24, 8.82404899109e-24], "var": [3.45819607901e-05, 0.00011621327576, 1.78271257028e-05, 6.36174809188e-06, 4.82425321024e-07, 1.25133496454e-07, 4.54196040778e-08, 1.65055649148e-08, 6.04820993289e-09, 1.2901010038e-08, 6.88417234329e-09, 6.43637250164e-08, 1.04806963108e-09, 1.61187951875e-09, 6.52024745307e-09, 7.88991039169e-10, 1.33741007158e-09, 2.26951679672e-09, 2.46345677191e-09, 4.14789402825e-09, 1.32267896635e-09, 2.34294084134e-10, 1.97585628414e-10, 6.44074099609e-11, 7.53058379543e-11, 2.0344951418e-11, 2.97423925766e-11, 6.08460157259e-11, 3.41847071483e-11, 2.82684518155e-11, 2.76541723548e-11, 2.16040709627e-11, 2.00995539656e-11, 1.56801169271e-11, 1.08212275945e-11, 6.11512446583e-12, 3.16419872075e-12, 1.8577817236e-12, 9.38482581578e-13, 3.40101048452e-13]}, "mfcc": {"mean": [-685.342834473, 150.419494629, 11.1863546371, 28.1853408813, 19.3641967773, 15.3940181732, -2.55855035782, 0.555936396122, 4.1355304718, 4.29651927948, -4.70348119736, -0.327388525009, 3.11622881889], "cov": [[10336.8808594, -390.789520264, -434.685424805, 215.996139526, -211.594436646, 206.132736206, -162.262390137, 151.577209473, 126.257324219, -23.9169311523, -185.559570312, -84.0898590088, -82.4719085693], [-390.789520264, 3372.2277832, -553.748962402, 74.7723617554, 354.02355957, -44.255695343, 100.640937805, 52.7898712158, 71.2913894653, 49.6468009949, 16.5636997223, 65.7695999146, 100.276527405], [-434.685424805, -553.748962402, 971.386230469, 67.0525894165, -76.7353439331, 131.475921631, -10.4278478622, -59.1588020325, -79.043762207, 41.8192062378, 82.2096786499, 13.4211292267, -47.2259101868], [215.996139526, 74.7723617554, 67.0525894165, 279.300506592, 15.7610559464, 56.4222831726, 33.4293403625, 20.9062747955, 24.8100147247, 41.0451812744, 11.4152669907, 7.63740301132, 3.42597484589], [-211.594436646, 354.02355957, -76.7353439331, 15.7610559464, 189.638519287, 13.1693248749, 15.3650169373, 50.7278251648, 44.0258522034, 0.0885210111737, -9.47334289551, 14.4188528061, 48.2923202515], [206.132736206, -44.255695343, 131.475921631, 56.4222831726, 13.1693248749, 149.015197754, 59.1071205139, -2.21423602104, 6.50549840927, 26.2198619843, 22.6650180817, 4.00207042694, 3.28994178772], [-162.262390137, 100.640937805, -10.4278478622, 33.4293403625, 15.3650169373, 59.1071205139, 154.358322144, 27.946187973, 2.81447267532, 36.4490394592, 35.2670097351, 10.3883905411, 10.3535757065], [151.577209473, 52.7898712158, -59.1588020325, 20.9062747955, 50.7278251648, -2.21423602104, 27.946187973, 156.364715576, 58.0235481262, -31.484041214, 8.33299446106, 23.5970191956, 17.6896190643], [126.257324219, 71.2913894653, -79.043762207, 24.8100147247, 44.0258522034, 6.50549840927, 2.81447267532, 58.0235481262, 116.711708069, 12.0171432495, -24.0354804993, 4.52321434021, 28.0365638733], [-23.9169311523, 49.6468009949, 41.8192062378, 41.0451812744, 0.0885210111737, 26.2198619843, 36.4490394592, -31.484041214, 12.0171432495, 112.217208862, 26.340719223, -17.3909873962, 2.12362289429], [-185.559570312, 16.5636997223, 82.2096786499, 11.4152669907, -9.47334289551, 22.6650180817, 35.2670097351, 8.33299446106, -24.0354804993, 26.340719223, 102.914047241, 36.6178970337, -17.4553127289], [-84.0898590088, 65.7695999146, 13.4211292267, 7.63740301132, 14.4188528061, 4.00207042694, 10.3883905411, 23.5970191956, 4.52321434021, -17.3909873962, 36.6178970337, 85.9550628662, 22.9405422211], [-82.4719085693, 100.276527405, -47.2259101868, 3.42597484589, 48.2923202515, 3.28994178772, 10.3535757065, 17.6896190643, 28.0365638733, 2.12362289429, -17.4553127289, 22.9405422211, 83.0759048462]], "icov": [[0.000131624590722, -5.18794286108e-06, 0.000123273523059, -6.48852656013e-05, 0.000260065193288, -0.000445251906058, 0.000329687958583, -0.000303365639411, 6.87922001816e-05, -0.000168333324837, 0.000289198796963, -6.35298492853e-05, 0.000159041039296], [-5.18794286108e-06, 0.000423436198616, 0.000198604597244, -0.000119323296531, -0.000780160131399, 0.000207317090826, -0.000206768905628, 0.000232299382333, 6.51115551591e-05, -0.000149837476783, -0.000135934489663, -0.000255420658505, 4.69944534416e-05], [0.000123273523059, 0.000198604597244, 0.00163754075766, -0.000271804776276, 0.000253368576523, -0.0017767844256, 0.00111493223812, -0.00027356663486, 0.000921578961425, -0.000653107184917, -0.00045417691581, -0.000370838009985, 0.000379782315576], [-6.48852656013e-05, -0.000119323296531, -0.000271804776276, 0.0042636138387, 1.86595298146e-05, -0.00107819866389, -0.000139693933306, -0.000748243706767, -0.000295659468975, -0.00158264697529, 0.000672431895509, -0.000749444821849, 0.000446336751338], [0.000260065193288, -0.000780160131399, 0.000253368576523, 1.86595298146e-05, 0.00878542475402, -0.00211343122646, 0.00130254367832, -0.00256777228788, -0.000712649314664, -0.000295029341942, 0.000638087920379, 0.00050297298003, -0.00305251870304], [-0.000445251906058, 0.000207317090826, -0.0017767844256, -0.00107819866389, -0.00211343122646, 0.0117491129786, -0.00513825565577, 0.00268324767239, -0.00203272351064, 0.0013175123604, -0.00176151492633, 0.000798712659162, -0.000763902789913], [0.000329687958583, -0.000206768905628, 0.00111493223812, -0.000139693933306, 0.00130254367832, -0.00513825565577, 0.0106120882556, -0.0035452125594, 0.0021808098536, -0.00344823952764, -0.0010221543489, -0.000152896842337, -0.000725308898836], [-0.000303365639411, 0.000232299382333, -0.00027356663486, -0.000748243706767, -0.00256777228788, 0.00268324767239, -0.0035452125594, 0.0116897113621, -0.00605297321454, 0.00564847560599, -0.00390838133171, 0.000392488174839, -0.000398320175009], [6.87922001816e-05, 6.51115551591e-05, 0.000921578961425, -0.000295659468975, -0.000712649314664, -0.00203272351064, 0.0021808098536, -0.00605297321454, 0.0143201835454, -0.00509935477749, 0.00469293817878, -0.00196947786026, -0.00113491166849], [-0.000168333324837, -0.000149837476783, -0.000653107184917, -0.00158264697529, -0.000295029341942, 0.0013175123604, -0.00344823952764, 0.00564847560599, -0.00509935477749, 0.0153328683227, -0.00693146605045, 0.00610680691898, -0.00275965617038], [0.000289198796963, -0.000135934489663, -0.00045417691581, 0.000672431895509, 0.000638087920379, -0.00176151492633, -0.0010221543489, -0.00390838133171, 0.00469293817878, -0.00693146605045, 0.0190779063851, -0.00984721444547, 0.00614483375102], [-6.35298492853e-05, -0.000255420658505, -0.000370838009985, -0.000749444821849, 0.00050297298003, 0.000798712659162, -0.000152896842337, 0.000392488174839, -0.00196947786026, 0.00610680691898, -0.00984721444547, 0.0191275905818, -0.00716554746032], [0.000159041039296, 4.69944534416e-05, 0.000379782315576, 0.000446336751338, -0.00305251870304, -0.000763902789913, -0.000725308898836, -0.000398320175009, -0.00113491166849, -0.00275965617038, 0.00614483375102, -0.00716554746032, 0.0180390868336]]}, "spectral_contrast_coeffs": {"dmean": [0.0448880791664, 0.0400468483567, 0.0340718142688, 0.0309044960886, 0.0216318927705, 0.0182501487434], "dmean2": [0.0703718364239, 0.0654122307897, 0.0543200969696, 0.0499815754592, 0.0347841270268, 0.0289909560233], "dvar": [0.00154598732479, 0.00109003833495, 0.000752967840526, 0.000683232501615, 0.000373663031496, 0.000320922437822], "dvar2": [0.00356465787627, 0.00290501140989, 0.0018655192107, 0.00162489304785, 0.000907542300411, 0.000802356225904], "max": [-0.365852922201, -0.508502304554, -0.493370890617, -0.576404511929, -0.630273222923, -0.586922943592], "mean": [-0.652015388012, -0.716191887856, -0.767206311226, -0.760164499283, -0.790398895741, -0.783018112183], "median": [-0.657559752464, -0.715915560722, -0.768692493439, -0.760500729084, -0.795397162437, -0.785617947578], "min": [-0.968268036842, -0.978735208511, -0.982878863811, -0.972438395023, -0.962807476521, -0.964790940285], "var": [0.00673956144601, 0.00498951412737, 0.00419712951407, 0.00416404521093, 0.00248921778984, 0.00202078931034]}, "spectral_contrast_valleys": {"dmean": [0.382716238499, 0.339947551489, 0.349416464567, 0.323222070932, 0.32518696785, 0.438009142876], "dmean2": [0.602374732494, 0.556443750858, 0.542779505253, 0.485614150763, 0.457474440336, 0.57845723629], "dvar": [0.184731423855, 0.161441773176, 0.16728001833, 0.160548835993, 0.207547366619, 0.340279132128], "dvar2": [0.337301164865, 0.296230435371, 0.284855037928, 0.258516103029, 0.35