{"lowlevel": {"average_loudness": 0.719760000706, "barkbands_crest": {"dmean": 2.07627725601, "dmean2": 3.26680326462, "dvar": 4.02603340149, "dvar2": 10.5802974701, "max": 25.8482341766, "mean": 12.8807229996, "median": 12.2850656509, "min": 3.06925868988, "var": 18.0475196838}, "barkbands_flatness_db": {"dmean": 0.0195695459843, "dmean2": 0.0291905254126, "dvar": 0.00041235840763, "dvar2": 0.000855649414007, "max": 0.469312041998, "mean": 0.269148379564, "median": 0.271070599556, "min": 0.0262949764729, "var": 0.00530817452818}, "barkbands_kurtosis": {"dmean": 6.68463182449, "dmean2": 10.020570755, "dvar": 111.615272522, "dvar2": 249.548278809, "max": 264.66506958, "mean": 18.5860080719, "median": 12.7882347107, "min": -1.91205382347, "var": 419.195373535}, "barkbands_skewness": {"dmean": 0.630190193653, "dmean2": 0.931835591793, "dvar": 0.483026236296, "dvar2": 1.04251420498, "max": 14.5063972473, "mean": 2.8653523922, "median": 2.59554624557, "min": -2.46921825409, "var": 2.96247506142}, "barkbands_spread": {"dmean": 1.94328176975, "dmean2": 2.87439966202, "dvar": 17.4083747864, "dvar2": 32.1113739014, "max": 97.0350723267, "mean": 7.4345164299, "median": 4.23454761505, "min": 0.388614714146, "var": 101.036254883}, "dissonance": {"dmean": 0.0311692394316, "dmean2": 0.0515803396702, "dvar": 0.000860632339027, "dvar2": 0.0022825053893, "max": 0.5, "mean": 0.39289227128, "median": 0.398891329765, "min": 0.148877218366, "var": 0.00327782682143}, "dynamic_complexity": 4.14998102188, "erbbands_crest": {"dmean": 2.36127638817, "dmean2": 3.62261915207, "dvar": 5.57700061798, "dvar2": 13.5673599243, "max": 32.1856460571, "mean": 12.5473480225, "median": 11.7928657532, "min": 2.26366949081, "var": 20.3792324066}, "erbbands_flatness_db": {"dmean": 0.0169388111681, "dmean2": 0.0244939941913, "dvar": 0.00035772024421, "dvar2": 0.000702605000697, "max": 0.445148974657, "mean": 0.243317514658, "median": 0.246582567692, "min": 0.0408212170005, "var": 0.00364447408356}, "erbbands_kurtosis": {"dmean": 2.07736754417, "dmean2": 3.1383562088, "dvar": 9.0400724411, "dvar2": 19.5427913666, "max": 93.0701980591, "mean": 4.77999067307, "median": 2.80328798294, "min": -1.89734876156, "var": 43.4404907227}, "erbbands_skewness": {"dmean": 0.414071530104, "dmean2": 0.60697889328, "dvar": 0.181359946728, "dvar2": 0.379890143871, "max": 7.84453058243, "mean": 1.49947655201, "median": 1.52710187435, "min": -3.90484595299, "var": 1.46759033203}, "erbbands_spread": {"dmean": 4.98335695267, "dmean2": 7.41389417648, "dvar": 50.9975318909, "dvar2": 100.321517944, "max": 149.375274658, "mean": 23.2438602448, "median": 19.6569328308, "min": 1.77539980412, "var": 265.36618042}, "hfc": {"dmean": 2.28727054596, "dmean2": 3.09674549103, "dvar": 18.4289131165, "dvar2": 31.4958610535, "max": 169.236480713, "mean": 8.8560667038, "median": 5.59796237946, "min": 1.16054088451e-16, "var": 117.254882812}, "melbands_crest": {"dmean": 2.41528701782, "dmean2": 3.83462762833, "dvar": 5.36050319672, "dvar2": 14.2001714706, "max": 35.3804855347, "mean": 15.3902111053, "median": 14.809299469, "min": 2.02436804771, "var": 21.9723682404}, "melbands_flatness_db": {"dmean": 0.021524220705, "dmean2": 0.0315822139382, "dvar": 0.000542242778465, "dvar2": 0.00108474423178, "max": 0.607557237148, "mean": 0.35740801692, "median": 0.359602361917, "min": 0.00473049329594, "var": 0.00746465986595}, "melbands_kurtosis": {"dmean": 8.88858699799, "dmean2": 13.3701076508, "dvar": 185.284042358, "dvar2": 423.164733887, "max": 311.640533447, "mean": 25.4671478271, "median": 16.3613643646, "min": -1.8326151371, "var": 793.794799805}, "melbands_skewness": {"dmean": 0.669219732285, "dmean2": 1.00299334526, "dvar": 0.544018268585, "dvar2": 1.20104110241, "max": 13.9740457535, "mean": 3.12134218216, "median": 2.7354490757, "min": -1.85161209106, "var": 3.38181781769}, "melbands_spread": {"dmean": 2.27381539345, "dmean2": 3.2637090683, "dvar": 34.5222129822, "dvar2": 50.959022522, "max": 279.582794189, "mean": 8.16268157959, "median": 4.33565998077, "min": 0.527495801449, "var": 192.892410278}, "pitch_salience": {"dmean": 0.0593548752367, "dmean2": 0.0957859456539, "dvar": 0.00328044826165, "dvar2": 0.00902545265853, "max": 0.947533726692, "mean": 0.540776252747, "median": 0.54865270853, "min": 0.115128435194, "var": 0.0128787755966}, "silence_rate_20dB": {"dmean": 0, "dmean2": 0, "dvar": 0, "dvar2": 0, "max": 1, "mean": 1, "median": 1, "min": 1, "var": 0}, "silence_rate_30dB": {"dmean": 0.00377577682957, "dmean2": 0.00755210220814, "dvar": 0.00376197649166, "dvar2": 0.00981915649027, "max": 1, "mean": 0.997168362141, "median": 1, "min": 0, "var": 0.00282340636477}, "silence_rate_60dB": {"dmean": 0.016410106793, "dmean2": 0.0328225977719, "dvar": 0.0161416642368, "dvar2": 0.0385712347925, "max": 1, "mean": 0.0829158499837, "median": 0, "min": 0, "var": 0.0760607048869}, "spectral_centroid": {"dmean": 84.2519683838, "dmean2": 123.959442139, "dvar": 32269.3378906, "dvar2": 51583.6796875, "max": 11367.3164062, "mean": 522.177978516, "median": 394.18572998, "min": 184.943496704, "var": 201321.328125}, "spectral_complexity": {"dmean": 1.16555333138, "dmean2": 1.89659428596, "dvar": 1.84884619713, "dvar2": 4.08071613312, "max": 28, "mean": 7.81354808807, "median": 7, "min": 0, "var": 13.576789856}, "spectral_decrease": {"dmean": 1.57921908883e-09, "dmean2": 2.25361596051e-09, "dvar": 6.07671486605e-18, "dvar2": 1.21317245128e-17, "max": 1.00778756109e-28, "mean": -5.77231906718e-09, "median": -4.33558566826e-09, "min": -4.03016464645e-08, "var": 2.62694695446e-17}, "spectral_energy": {"dmean": 0.00612814724445, "dmean2": 0.00873957853764, "dvar": 9.06523564481e-05, "dvar2": 0.000180893897777, "max": 0.155080422759, "mean": 0.0225893221796, "median": 0.0170117095113, "min": 1.05639357198e-20, "var": 0.000397574505769}, "spectral_energyband_high": {"dmean": 6.21579165454e-05, "dmean2": 7.80553236837e-05, "dvar": 1.35792149081e-07, "dvar2": 1.93089846334e-07, "max": 0.020158059895, "mean": 0.000153293673065, "median": 1.62255510077e-05, "min": 7.40515752709e-21, "var": 7.94392690295e-07}, "spectral_energyband_low": {"dmean": 0.00162993080448, "dmean2": 0.00263806153089, "dvar": 6.53786628391e-06, "dvar2": 1.72651052708e-05, "max": 0.0623204186559, "mean": 0.00355597259477, "median": 0.00255058752373, "min": 2.89398072256e-23, "var": 1.38904570122e-05}, "spectral_energyband_middle_high": {"dmean": 0.00053319206927, "dmean2": 0.00072917365469, "dvar": 1.68980113813e-06, "dvar2": 3.43013380188e-06, "max": 0.0395819582045, "mean": 0.0013680459233, "median": 0.000417000730522, "min": 1.44593917572e-21, "var": 6.49222738502e-06}, "spectral_energyband_middle_low": {"dmean": 0.00558240013197, "dmean2": 0.00787417311221, "dvar": 8.58594721649e-05, "dvar2": 0.000175036402652, "max": 0.153122931719, "mean": 0.0189855825156, "median": 0.0131731275469, "min": 3.22090923103e-22, "var": 0.000353506708052}, "spectral_entropy": {"dmean": 0.1772159338, "dmean2": 0.263494163752, "dvar": 0.042191747576, "dvar2": 0.0852367430925, "max": 9.81720733643, "mean": 6.08924150467, "median": 6.0453748703, "min": 4.37083101273, "var": 0.465353608131}, "spectral_flux": {"dmean": 0.0185182336718, "dmean2": 0.0298517234623, "dvar": 0.000614466436673, "dvar2": 0.00148290977813, "max": 0.303211569786, "mean": 0.0485863052309, "median": 0.040388405323, "min": 6.86932316585e-11, "var": 0.00142021861393}, "spectral_kurtosis": {"dmean": 7.51046943665, "dmean2": 12.3379421234, "dvar": 108.21673584, "dvar2": 264.200836182, "max": 192.025604248, "mean": 22.1289329529, "median": 14.6353912354, "min": -1.22952950001, "var": 497.631347656}, "spectral_rms": {"dmean": 0.00058558821911, "dmean2": 0.000834264967125, "dvar": 5.37918992904e-07, "dvar2": 1.05631056613e-06, "max": 0.0123003246263, "mean": 0.00424186419696, "median": 0.00407391600311, "min": 3.21033932944e-12, "var": 4.04491674999e-06}, "spectral_rolloff": {"dmean": 137.973602295, "dmean2": 232.455627441, "dvar": 267679.875, "dvar2": 473976.5625, "max": 19487.5488281, "mean": 642.329772949, "median": 387.59765625, "min": 64.599609375, "var": 1207362.5}, "spectral_skewness": {"dmean": 0.541439056396, "dmean2": 0.874659121037, "dvar": 0.374990314245, "dvar2": 0.908469974995, "max": 11.6526136398, "mean": 3.32408094406, "median": 2.96728920937, "min": -0.0241226889193, "var": 2.27375626564}, "spectral_spread": {"dmean": 422059.375, "dmean2": 629877.5625, "dvar": 421374754816, "dvar2": 685659848704, "max": 41186428, "mean": 3008726.75, "median": 2597125.25, "min": 536710.375, "var": 3501641957380.0}, "spectral_strongpeak": {"dmean": 0.327406406403, "dmean2": 0.537644147873, "dvar": 0.321505427361, "dvar2": 0.764191389084, "max": 13.1675901413, "mean": 0.900783598423, "median": 0.675336658955, "min": 0, "var": 0.707828521729}, "zerocrossingrate": {"dmean": 0.00478119961917, "dmean2": 0.00555050745606, "dvar": 8.55269609019e-05, "dvar2": 7.32679473003e-05, "max": 0.505859375, "mean": 0.0290157757699, "median": 0.02099609375, "min": 0.0048828125, "var": 0.00108590128366}, "barkbands": {"dmean": [2.5600115805e-07, 0.000152332417201, 0.000948209373746, 0.0016063436633, 0.0034549809061, 0.00144753896166, 0.000645566673484, 0.000268193660304, 0.000183108932106, 0.000162855751114, 0.000160597570357, 5.82930406381e-05, 7.63374264352e-05, 9.84207945294e-05, 0.000108686115709, 5.26169278601e-05, 4.25590915256e-05, 2.56245421042e-05, 6.65646666675e-06, 1.09747352326e-05, 1.59104365594e-05, 8.02954491519e-06, 1.64711091202e-05, 7.95439245849e-06, 1.34364845508e-05, 8.25171719043e-06, 9.28242968712e-07], "dmean2": [4.39878277803e-07, 0.000227964002988, 0.00158302171621, 0.00246937363409, 0.00501743191853, 0.0021351040341, 0.000825987139251, 0.000397458759835, 0.000264445785433, 0.000245122733759, 0.000202877781703, 8.91036324902e-05, 0.000114592832688, 0.000140153497341, 0.000151593907503, 8.20818240754e-05, 6.21716244495e-05, 3.71625901607e-05, 1.06971356217e-05, 1.73496191564e-05, 2.23409151658e-05, 1.14441445476e-05, 2.30363402807e-05, 1.11317904157e-05, 1.81950090337e-05, 1.09707107185e-05, 1.21646814932e-06], "dvar": [2.0789676404e-12, 1.60374256097e-07, 2.61621448772e-06, 1.15019811346e-05, 4.39504838141e-05, 1.2760626305e-05, 6.14283771938e-06, 1.29009004013e-06, 4.83237215576e-07, 4.77870571558e-07, 3.08681165961e-07, 1.32221572358e-07, 1.85162335242e-07, 3.03106418187e-07, 4.02330272209e-07, 9.43512930007e-08, 2.68417519322e-08, 2.12629220897e-08, 9.1769031263e-10, 8.47817926974e-10, 8.72824656994e-09, 3.55263995999e-09, 2.00017389318e-08, 4.60824045589e-09, 1.50088261819e-08, 2.65795296883e-09, 5.42266544168e-11], "dvar2": [4.92399914245e-12, 3.26501748305e-07, 7.30196825316e-06, 2.6954594432e-05, 9.41914258874e-05, 2.85391124635e-05, 1.14807553473e-05, 2.70067334895e-06, 1.00684871995e-06, 1.23476570479e-06, 5.34146806785e-07, 3.31341084348e-07, 4.34972491803e-07, 6.22997845312e-07, 7.45199088215e-07, 2.44539336336e-07, 5.42742917276e-08, 4.45048513598e-08, 2.4844057922e-09, 2.02938621463e-09, 1.87264674878e-08, 7.8898452216e-09, 3.65326116025e-08, 9.30636634422e-09, 2.99716695906e-08, 4.55160531487e-09, 7.79477801749e-11], "max": [0.000111053421278, 0.0158860255033, 0.0459068752825, 0.0663444772363, 0.116579681635, 0.0977869406343, 0.123154118657, 0.0346220806241, 0.0237673148513, 0.0291445534676, 0.0225998032838, 0.0110979853198, 0.0140700200573, 0.021137861535, 0.0333647951484, 0.0144059117883, 0.00850095879287, 0.00862685311586, 0.0024081596639, 0.00122359686065, 0.00497220922261, 0.00324861169793, 0.0103399865329, 0.00363152753562, 0.00760647282004, 0.00287354388274, 0.00065325392643], "mean": [2.4372337748e-07, 0.000225591909839, 0.00194681901485, 0.00328510114923, 0.00885364599526, 0.00388613622636, 0.00175788521301, 0.000631409522612, 0.000391125562601, 0.000314959092066, 0.000325796339894, 9.4839335361e-05, 0.000118052121252, 0.000154701760039, 0.000203781572054, 8.806202095e-05, 8.63877576194e-05, 5.17255357408e-05, 1.12411998998e-05, 1.99011210498e-05, 3.1432355172e-05, 1.59374230861e-05, 3.34822470904e-05, 1.65634810401e-05, 2.67213854386e-05, 1.59310038725e-05, 1.90878745343e-06], "median": [6.0657406209e-08, 6.45652617095e-05, 0.00122482678853, 0.00129234278575, 0.00468276860192, 0.00197135633789, 0.000404254213208, 0.000114275513624, 4.96523352922e-05, 7.04484627931e-05, 2.07234825211e-05, 6.36856339042e-06, 9.4178622021e-06, 8.46610146255e-06, 1.77332840394e-05, 1.48511835505e-05, 1.67829130078e-05, 9.42433598539e-06, 2.96395251098e-06, 4.14177793573e-06, 3.57234262083e-06, 1.43468184888e-06, 7.26160806153e-07, 2.86586015363e-07, 3.9502796767e-07, 2.03986630254e-07, 4.88128293341e-08], "min": [3.88573081503e-24, 1.67354663787e-23, 1.69586043632e-24, 3.12726866479e-24, 2.53765950919e-23, 2.23296403559e-23, 3.17173328303e-23, 3.32222522455e-23, 4.51902692979e-23, 3.32044681653e-23, 2.90038059331e-23, 6.36311803785e-23, 7.85573311621e-23, 6.55714437283e-23, 6.58855996952e-23, 8.81399906093e-23, 7.95909976943e-23, 1.39317909815e-22, 2.01888779096e-22, 2.19017423216e-22, 3.61814373706e-22, 4.38227858607e-22, 3.8456396101e-22, 7.15347550687e-22, 1.01167208044e-21, 1.53439640832e-21, 2.13559273156e-21], "var": [1.88653563257e-12, 2.4674989163e-07, 5.22420350535e-06, 2.91717333312e-05, 0.000136582180858, 3.84143750125e-05, 2.42212772719e-05, 3.31475507664e-06, 1.93039954866e-06, 1.17735430649e-06, 9.57359588938e-07, 1.92683970113e-07, 2.65151584244e-07, 5.97653297518e-07, 1.24068208152e-06, 1.59570774372e-07, 8.33057569594e-08, 5.06817343648e-08, 1.45966005949e-09, 2.28201146868e-09, 2.34904327101e-08, 1.05970814346e-08, 8.16900254108e-08, 1.84932122949e-08, 4.57386413188e-08, 1.08377999908e-08, 2.78416151245e-10]}, "erbbands": {"dmean": [0.000787499244325, 0.0596563667059, 0.828019797802, 3.20747995377, 10.8782491684, 10.2221889496, 9.21310329437, 12.1942424774, 11.6802797318, 8.02122592926, 4.92984056473, 4.22808074951, 5.37079524994, 3.80947899818, 5.55242156982, 3.0104906559, 3.43570828438, 4.8410949707, 5.1987247467, 4.63119411469, 2.24527573586, 2.19694232941, 1.51794922352, 0.588068544865, 0.214053407311, 0.595842957497, 0.519042551517, 0.695120692253, 0.334366112947, 0.153938263655, 0.541689872742, 0.292907595634, 0.115423962474, 0.20347584784, 0.0584133639932, 0.0559003092349, 0.00872698798776, 0.0015031513758, 0.00022583451937, 1.48353101395e-05], "dmean2": [0.00120045524091, 0.0911298170686, 1.34348928928, 5.05604171753, 15.7299394608, 15.2248020172, 13.7298192978, 17.9511013031, 15.213727951, 11.2585134506, 7.02631187439, 6.06844043732, 7.9915933609, 5.41066789627, 7.08814001083, 4.52806758881, 5.15995693207, 6.95523500443, 7.27519273758, 6.4659910202, 3.38965511322, 3.15938830376, 2.13400793076, 0.911418020725, 0.344162106514, 0.943172991276, 0.752649605274, 0.963252544403, 0.472506642342, 0.219437360764, 0.744573414326, 0.408747404814, 0.153922870755, 0.275949418545, 0.0796764045954, 0.0770585238934, 0.0114184906706, 0.00197353237309, 0.000302842992824, 1.94379990717e-05], "dvar": [3.69102281184e-06, 0.0207546297461, 2.26473450661, 32.0848655701, 620.922424316, 370.022247314, 553.677246094, 843.459472656, 1196.92602539, 2116.66796875, 498.316589355, 238.002639771, 654.026489258, 253.753097534, 375.142486572, 306.071533203, 358.438201904, 748.411193848, 997.390136719, 612.882751465, 107.304206848, 75.3652954102, 58.2939834595, 7.4620475769, 0.741033494473, 2.63507652283, 5.5987701416, 22.7447795868, 5.85009622574, 1.43297600746, 22.4463539124, 6.65651369095, 0.992070138454, 3.72666978836, 0.28675571084, 0.157056257129, 0.00260265730321, 8.52877201396e-05, 3.51276639776e-06, 4.33475566552e-09], "dvar2": [7.81273502071e-06, 0.0427304767072, 5.54110383987, 77.5477905273, 1309.13195801, 836.244995117, 1215.14599609, 1815.27770996, 2168.49731445, 4333.55615234, 952.507873535, 485.375274658, 1786.09118652, 595.486206055, 723.542907715, 759.021789551, 854.004516602, 1572.80200195, 1893.19702148, 1243.96118164, 264.966064453, 156.534927368, 113.285385132, 19.1812477112, 1.8820887804, 6.44943857193, 10.9794521332, 47.1418533325, 12.6027679443, 2.72066783905, 41.1817321777, 12.9241943359, 1.78086400032, 7.38498020172, 0.659494519234, 0.305215746164, 0.00435472093523, 0.000136805800139, 5.50604727323e-06, 5.98823568509e-09], "max": [0.0745086297393, 5.7671084404, 52.2715950012, 106.331459045, 544.097961426, 471.027160645, 871.390991211, 1017.84155273, 1115.76208496, 2598.26342773, 841.47857666, 580.723266602, 1073.29626465, 505.673339844, 631.076599121, 552.199035645, 670.370300293, 1141.91101074, 1783.41906738, 1505.2598877, 438.633666992, 424.570831299, 461.517211914, 169.092697144, 31.8901729584, 63.2230148315, 154.312469482, 315.271972656, 130.978393555, 82.1006546021, 339.402069092, 138.196151733, 65.0153503418, 110.940124512, 35.6928062439, 22.1145401001, 2.84255003929, 0.545917868614, 0.160473272204, 0.00554546387866], "mean": [0.00144073006231, 0.103374928236, 1.75500881672, 7.09835004807, 21.2675094604, 29.0658855438, 26.9667053223, 32.8213272095, 33.6606636047, 19.311384201, 11.6195554733, 9.77018070221, 10.6537389755, 8.02865505219, 11.7743206024, 5.35642671585, 5.72700452805, 8.21475696564, 9.55964565277, 8.516248703, 4.53179550171, 4.68395376205, 3.39292097092, 1.1920119524, 0.384086430073, 1.06484866142, 1.02802908421, 1.43854033947, 0.668874740601, 0.329244852066, 1.09327816963, 0.588132202625, 0.245328441262, 0.390401124954, 0.111869879067, 0.102086767554, 0.017256366089, 0.00299205561168, 0.00045557579142, 4.45510813734e-05], "median": [0.000756917288527, 0.047014515847, 1.14228248596, 4.18019628525, 7.31094074249, 15.7828550339, 15.9978227615, 15.6129150391, 9.16160488129, 4.2574095726, 1.87474417686, 1.53615057468, 2.22209906578, 1.70581817627, 0.854909896851, 0.489980250597, 0.597189307213, 0.586537063122, 0.71534961462, 0.964344859123, 0.971708953381, 0.846467792988, 0.68622893095, 0.373721092939, 0.0966534540057, 0.220152795315, 0.221829101443, 0.135364070535, 0.0603067427874, 0.0203075818717, 0.0209439042956, 0.00942926947027, 0.00499144336209, 0.00538365356624, 0.00176047731657, 0.00114441046026, 0.000290640280582, 6.74416223774e-05, 2.21116242756e-05, 2.18800814764e-05], "min": [2.30433944454e-22, 3.27213364255e-21, 2.78505795159e-21, 9.28123466031e-21, 4.52594780215e-20, 7.78407200204e-20, 1.30604128527e-19, 1.64020092699e-19, 5.57154222428e-19, 2.92154763981e-19, 8.89896102428e-19, 1.14861669134e-18, 1.56113993463e-18, 1.23450182036e-18, 1.50331122101e-18, 2.36848982257e-18, 3.57915178069e-18, 3.62101456431e-18, 4.0981166252e-18, 4.61389186127e-18, 5.96818339301e-18, 5.75205846974e-18, 7.25724098009e-18, 9.6214712361e-18, 1.14703588715e-17, 1.05943828746e-17, 1.29595784504e-17, 1.14650053586e-17, 1.7520189954e-17, 1.39588994843e-17, 1.0071991848e-17, 1.22397543008e-17, 9.98779644217e-18, 9.61655447454e-18, 6.90439426851e-18, 5.17079989407e-18, 2.98086031544e-18, 1.16053574358e-18, 2.87060417082e-19, 3.1736496723e-20], "var": [5.79023026148e-06, 0.034843351692, 4.63987064362, 83.3329315186, 1473.54943848, 1439.00878906, 1305.25463867, 2905.96923828, 5341.46630859, 7153.70703125, 1478.46142578, 1064.97070312, 1561.57519531, 692.817443848, 1103.60681152, 474.917541504, 501.457122803, 1538.18286133, 2581.41870117, 1885.45666504, 226.688598633, 263.101776123, 181.015808105, 13.6439027786, 1.34363162518, 6.89413833618, 13.1952533722, 68.4215698242, 18.8263034821, 5.62182712555, 91.1682357788, 25.4537372589, 3.99766874313, 11.5202217102, 0.671987831593, 0.491821914911, 0.0118475994095, 0.000420619733632, 1.6424279238e-05, 2.36885906446e-08]}, "gfcc": {"mean": [-114.02406311, 141.719802856, -89.7798614502, 11.6908321381, -53.6353340149, -23.6954612732, -49.7180747986, -15.0664920807, -28.1501197815, -10.6679430008, -25.4287548065, -3.78617215157, -4.24592351913], "cov": [[8070.80957031, -1151.09216309, -337.326812744, 314.014129639, -814.837280273, 397.217285156, -934.369445801, 26.5932273865, -102.783241272, 49.141494751, -461.481964111, -221.305953979, -297.422698975], [-1151.09216309, 2246.67431641, -161.048171997, -222.570632935, 477.160095215, -303.521728516, 423.878692627, -252.403030396, -17.3145370483, -218.92640686, 112.853981018, -106.762527466, 117.078544617], [-337.326812744, -161.048171997, 881.914123535, 101.346000671, 52.424571991, 82.039276123, -238.238189697, 69.7590713501, 115.757453918, 21.4678173065, -179.658599854, -38.3049888611, -4.90504360199], [314.014129639, -222.570632935, 101.346000671, 447.456359863, 26.2182636261, -8.7835226059, -36.169216156, 15.9259405136, -33.1434402466, -25.8347206116, -49.6324119568, 7.91951274872, 28.578666687], [-814.837280273, 477.160095215, 52.424571991, 26.2182636261, 421.462921143, 6.51132202148, 107.107635498, -40.298374176, 7.45219707489, -7.61479663849, 19.8585338593, -19.0642108917, 15.6558027267], [397.217285156, -303.521728516, 82.039276123, -8.7835226059, 6.51132202148, 365.990234375, -34.6337585449, 38.3757820129, -16.2974529266, 16.5728855133, -32.301574707, -26.6858711243, -99.383430481], [-934.369445801, 423.878692627, -238.238189697, -36.169216156, 107.107635498, -34.6337585449, 545.16595459, -20.2774085999, -147.055252075, -74.5812225342, 179.145645142, 94.4766921997, 65.6255569458], [26.5932273865, -252.403030396, 69.7590713501, 15.9259405136, -40.298374176, 38.3757820129, -20.2774085999, 165.556335449, 27.3839931488, 4.6661028862, -35.3127784729, 19.9149570465, 0.394163370132], [-102.783241272, -17.3145370483, 115.757453918, -33.1434402466, 7.45219707489, -16.2974529266, -147.055252075, 27.3839931488, 221.844360352, 23.7497768402, -89.7698974609, -52.3505249023, 1.07096171379], [49.141494751, -218.92640686, 21.4678173065, -25.8347206116, -7.61479663849, 16.5728855133, -74.5812225342, 4.6661028862, 23.7497768402, 141.963806152, 8.40596485138, -6.62325048447, -30.3195972443], [-461.481964111, 112.853981018, -179.658599854, -49.6324119568, 19.8585338593, -32.301574707, 179.145645142, -35.3127784729, -89.7698974609, 8.40596485138, 226.825805664, 75.8562316895, -12.6386785507], [-221.305953979, -106.762527466, -38.3049888611, 7.91951274872, -19.0642108917, -26.6858711243, 94.4766921997, 19.9149570465, -52.3505249023, -6.62325048447, 75.8562316895, 148.361953735, 36.3569374084], [-297.422698975, 117.078544617, -4.90504360199, 28.578666687, 15.6558027267, -99.383430481, 65.6255569458, 0.394163370132, 1.07096171379, -30.3195972443, -12.6386785507, 36.3569374084, 150.588653564]], "icov": [[0.000334063428454, -0.000259792112047, 0.000371936243027, -0.000362470251275, 0.000685028731823, -0.000425129721407, 0.000602982414421, -0.000131570515805, 0.000515177031048, -0.00028870740789, 0.000715583038982, -0.000217960623559, 0.000379350443836], [-0.000259792112047, 0.00173425849061, -0.000461435120087, 0.00112263974734, -0.00186006294098, 0.00140469893813, -0.00122123258188, 0.00148567580618, -0.000582053384278, 0.00221091369167, -0.000870138464961, 0.00172966532409, -0.000482119736262], [0.000371936243027, -0.000461435120087, 0.00196048780344, -0.000704477890395, 0.000547238625586, -0.000848372175824, 0.00119102664758, -0.000638431985863, 0.000319875602145, -0.000599058286753, 0.00161998451222, -0.000820834364276, 0.000367994012777], [-0.000362470251275, 0.00112263974734, -0.000704477890395, 0.00335691915825, -0.00173679203726, 0.00117183546536, -0.000746809935663, 0.000683739606757, 0.00019679054094, 0.00177860690746, -0.000425495993113, 0.00085371726891, -0.000856265192851], [0.000685028731823, -0.00186006294098, 0.000547238625586, -0.00173679203726, 0.00535084307194, -0.00198311428539, 0.000979434465989, -0.00071119441418, 0.000653075345326, -0.00254112831317, 0.00150266860146, -0.00111139181536, 0.000734670902602], [-0.000425129721407, 0.00140469893813, -0.000848372175824, 0.00117183546536, -0.00198311428539, 0.00495851039886, -0.00159900914878, 0.000379401637474, -9.75121365627e-05, 0.00163196097128, -0.000224838790018, 0.00136952509638, 0.00197242386639], [0.000602982414421, -0.00122123258188, 0.00119102664758, -0.000746809935663, 0.000979434465989, -0.00159900914878, 0.00509727187455, -0.00146020913962, 0.00226324144751, -1.96096862055e-05, -0.000571492651943, -0.00157186680008, -0.000742233823985], [-0.000131570515805, 0.00148567580618, -0.000638431985863, 0.000683739606757, -0.00071119441418, 0.000379401637474, -0.00146020913962, 0.00846702232957, -0.0014310060069, 0.00157817604486, 0.000693097419571, -0.000306273053866, -0.000166927056853], [0.000515177031048, -0.000582053384278, 0.000319875602145, 0.00019679054094, 0.000653075345326, -9.75121365627e-05, 0.00226324144751, -0.0014310060069, 0.00741736404598, -0.00113646418322, 0.00234105717391, 0.000583426386584, 0.000102356876596], [-0.00028870740789, 0.00221091369167, -0.000599058286753, 0.00177860690746, -0.00254112831317, 0.00163196097128, -1.96096862055e-05, 0.00157817604486, -0.00113646418322, 0.011065416038, -0.0025853284169, 0.00203771819361, 0.000226488133194], [0.000715583038982, -0.000870138464961, 0.00161998451222, -0.000425495993113, 0.00150266860146, -0.000224838790018, -0.000571492651943, 0.000693097419571, 0.00234105717391, -0.0025853284169, 0.0105153452605, -0.00422541983426, 0.00353148835711], [-0.000217960623559, 0.00172966532409, -0.000820834364276, 0.00085371726891, -0.00111139181536, 0.00136952509638, -0.00157186680008, -0.000306273053866, 0.000583426386584, 0.00203771819361, -0.00422541983426, 0.0117512475699, -0.00304444832727], [0.000379350443836, -0.000482119736262, 0.000367994012777, -0.000856265192851, 0.000734670902602, 0.00197242386639, -0.000742233823985, -0.000166927056853, 0.000102356876596, 0.000226488133194, 0.00353148835711, -0.00304444832727, 0.0105647174641]]}, "melbands": {"dmean": [2.12840750464e-05, 0.000310848728986, 0.000749712053221, 0.00079426827142, 0.000354340358172, 0.000282874185359, 0.000168421305716, 8.06237731013e-05, 3.91827015847e-05, 2.54765000136e-05, 2.68755302386e-05, 1.50519963427e-05, 2.20133460971e-05, 8.52451103128e-06, 6.90570504958e-06, 7.27744327378e-06, 9.87045405054e-06, 8.40760640131e-06, 7.37527034289e-06, 5.12778433404e-06, 2.40743634095e-06, 2.42561168307e-06, 2.21038612835e-06, 9.52340826643e-07, 4.6405637022e-07, 1.72379088781e-07, 1.97547876724e-07, 4.4036920599e-07, 3.06146375806e-07, 4.36798330838e-07, 4.34581636455e-07, 2.52343966167e-07, 4.51603376916e-08, 1.12296973498e-07, 3.25006936919e-07, 3.60035215863e-07, 1.15747376128e-07, 3.95968839939e-08, 1.97504931521e-07, 1.66112471334e-07], "dmean2": [3.18123966281e-05, 0.000505551637616, 0.00114056083839, 0.0011601006845, 0.00052650901489, 0.000412173598306, 0.000221105845412, 0.000115288843517, 5.56340855837e-05, 3.68733526557e-05, 3.99507407565e-05, 2.15845102502e-05, 2.77932940662e-05, 1.2402196262e-05, 1.06990282802e-05, 1.0894497791e-05, 1.42010985655e-05, 1.17960298667e-05, 9.97438655759e-06, 7.76160868554e-06, 3.67774532606e-06, 3.55620636583e-06, 3.07655818688e-06, 1.40320571518e-06, 7.36285073799e-07, 2.76021552281e-07, 3.23062778307e-07, 6.96546010204e-07, 4.49740070962e-07, 6.28314865025e-07, 6.1272618268e-07, 3.63240360457e-07, 6.67867467996e-08, 1.65831608001e-07, 4.56331122223e-07, 5.20202377174e-07, 1.64324333696e-07, 5.49457617183e-08, 2.7156582405e-07, 2.32814230117e-07], "dvar": [3.13321990575e-09, 3.31029269773e-07, 2.03726426662e-06, 2.71680210062e-06, 5.33306717898e-07, 4.37936279241e-07, 2.42959572461e-07, 1.88710814086e-07, 3.00474738424e-08, 9.47723144407e-09, 1.59204098793e-08, 4.57628246409e-09, 5.72730574078e-09, 2.00310812382e-09, 1.27652599602e-09, 1.9165271592e-09, 3.76000652835e-09, 2.55389420722e-09, 1.97552396664e-09, 9.4144636531e-10, 1.02277006309e-10, 9.46631523169e-11, 1.13717132932e-10, 3.57527306372e-11, 4.99793826117e-12, 8.06004243382e-13, 3.64579894052e-13, 1.49816975232e-12, 1.91615972221e-12, 6.20537649043e-12, 1.10252024524e-11, 3.5792625374e-12, 8.11107027355e-14, 8.39507554185e-13, 9.61670847122e-12, 1.04197301828e-11, 1.13099026672e-12, 1.01519351736e-13, 3.74547181464e-12, 2.37867386378e-12], "dvar2": [6.38242303452e-09, 8.0707422967e-07, 4.56264024251e-06, 5.99164013693e-06, 1.18799925986e-06, 9.41364021401e-07, 4.42222670927e-07, 3.91325869487e-07, 5.68359794784e-08, 1.97073877217e-08, 4.30773496873e-08, 1.10547206944e-08, 9.66139346303e-09, 4.98058749798e-09, 3.31809890675e-09, 4.10868361556e-09, 7.85638221146e-09, 4.98763652601e-09, 3.34279159908e-09, 2.39115216516e-09, 2.43608244688e-10, 2.03659270004e-10, 1.81429829493e-10, 8.45717107456e-11, 1.31826103852e-11, 1.97687764596e-12, 9.89182477248e-13, 3.49054747779e-12, 3.80401266042e-12, 1.43246326259e-11, 2.28659452484e-11, 8.05533677956e-12, 1.87187410212e-13, 1.67497352793e-12, 2.08247794009e-11, 2.0677964549e-11, 2.40174590285e-12, 1.9824583869e-13, 7.67264550505e-12, 4.70912284861e-12], "max": [0.00223540142179, 0.0202072728425, 0.0248103924096, 0.0309728328139, 0.0231052935123, 0.0214654225856, 0.0146449292079, 0.0240802783519, 0.00754443043843, 0.00408156169578, 0.00544806476682, 0.00228247372434, 0.00318102771416, 0.00132897763979, 0.00141539541073, 0.00157691200729, 0.00262253265828, 0.00237934733741, 0.00262282206677, 0.00136258127168, 0.000412895460613, 0.000342207844369, 0.000943789666053, 0.000504443130922, 0.000157539310749, 4.68790567538e-05, 1.61294374266e-05, 5.86495443713e-05, 0.000108152395114, 0.000113996116852, 0.00022441270994, 0.00010368135554, 1.64160846907e-05, 5.39588654647e-05, 0.000215180305531, 0.00018951218226, 6.36218683212e-05, 1.99669830181e-05, 0.000125499616843, 9.04200933292e-05], "mean": [3.14865537803e-05, 0.000631096947473, 0.00163476297166, 0.00189469917677, 0.00109311728738, 0.000771155115217, 0.00047817765153, 0.000190353544895, 8.96210622159e-05, 5.64184301766e-05, 5.18086926604e-05, 3.03580527543e-05, 4.49450344604e-05, 1.53607743414e-05, 1.13915457405e-05, 1.18406524052e-05, 1.57539107022e-05, 1.44067871588e-05, 1.345489909e-05, 8.66067512106e-06, 4.72077545055e-06, 4.75613478557e-06, 4.67690369987e-06, 2.02974069907e-06, 8.42021449898e-07, 2.77340745924e-07, 3.20777786555e-07, 7.79179345045e-07, 5.65124366858e-07, 8.08462459645e-07, 8.56731560361e-07, 4.73884142593e-07, 9.07041055598e-08, 2.12024573898e-07, 6.13106521996e-07, 6.83758173636e-07, 2.16075676462e-07, 7.91566634462e-08, 3.71933396082e-07, 3.08807301508e-07], "median": [9.16784574656e-06, 0.000389269232983, 0.000880906241946, 0.000889867544174, 0.000675381801557, 0.000367048371118, 0.000119525109767, 3.643864693e-05, 1.44229452417e-05, 8.27442090667e-06, 9.948652405e-06, 5.69785242988e-06, 2.91919627671e-06, 9.61256887422e-07, 9.54109168561e-07, 9.75439093054e-07, 8.82581332462e-07, 9.58307509791e-07, 1.20723439068e-06, 1.22117842238e-06, 1.03780496374e-06, 8.11639097265e-07, 7.12224675681e-07, 4.5030981255e-07, 2.32150682677e-07, 4.32523563632e-08, 3.65672505609e-08, 1.49207110667e-07, 1.22731805163e-07, 8.53673824963e-08, 6.596174984e-08, 3.80265134936e-08, 9.04131081114e-09, 9.19325682247e-09, 1.16792238103e-08, 9.23946519293e-09, 3.29279203903e-09, 1.96658711538e-09, 5.45355849368e-09, 3.93808319288e-09], "min": [3.52614829291e-24, 2.59378096725e-24, 3.80479802489e-24, 4.87912994234e-24, 4.89874654647e-24, 4.35701249146e-24, 8.22556941015e-24, 4.13571097513e-24, 6.67414112254e-24, 7.29924712561e-24, 7.28889253737e-24, 4.83383354916e-24, 3.8738414979e-24, 7.9155470744e-24, 5.33878380903e-24, 6.38017605052e-24, 6.99160557208e-24, 6.58309474117e-24, 6.14491800706e-24, 6.10527104125e-24, 6.50401971846e-24, 4.80639223371e-24, 5.12906079864e-24, 7.00164934912e-24, 6.85659912789e-24, 6.71313293937e-24, 8.09206890144e-24, 7.28461454468e-24, 7.12169425737e-24, 7.03237942568e-24, 5.90906752906e-24, 9.17639844757e-24, 1.01293747644e-23, 7.60362279501e-24, 5.51801773986e-24, 6.19942277358e-24, 7.20392511813e-24, 6.14194321258e-24, 6.65921508536e-24, 8.1805065198e-24], "var": [4.79973483181e-09, 6.56468728266e-07, 5.10237123308e-06, 7.69351208874e-06, 1.73802118297e-06, 1.57940587542e-06, 1.10876658255e-06, 6.13927852555e-07, 9.2728924983e-08, 4.02233979457e-08, 3.85422502802e-08, 1.20002425774e-08, 1.8233588861e-08, 3.16406101319e-09, 1.66049085593e-09, 3.19954174266e-09, 7.19246706637e-09, 6.12222050833e-09, 6.60080878845e-09, 1.74611514137e-09, 2.24176316399e-10, 2.70012928683e-10, 5.31292509987e-10, 6.46610195942e-11, 8.40764090293e-12, 1.39871989858e-12, 7.86839343681e-13, 4.11191697011e-12, 3.77984709504e-12, 1.41310409554e-11, 3.18937549981e-11, 1.03351971079e-11, 2.66429944513e-13, 2.71079729844e-12, 3.06899679281e-11, 3.73002635723e-11, 3.42902182343e-12, 3.92486688766e-13, 1.07664059959e-11, 7.41357149281e-12]}, "mfcc": {"mean": [-772.144287109, 178.745178223, 16.1574668884, 28.3805923462, 6.9169960022, -8.10889434814, -20.6181526184, -14.2539262772, -1.56988489628, -19.3763999939, -17.9037761688, -5.89889860153, -13.6878509521], "cov": [[6589.10449219, -734.581604004, -158.201248169, -111.292655945, -69.4799880981, 40.1972427368, -392.025970459, -213.258331299, 43.6067504883, -107.238998413, 7.20232248306, 33.6094741821, -303.091247559], [-734.581604004, 1861.53442383, -169.560180664, 3.02286887169, 27.455083847, 42.1990776062, 135.617126465, 27.2467689514, -27.5307636261, -50.3103637695, -61.9042434692, -91.740562439, 28.2446403503], [-158.201248169, -169.560180664, 689.224304199, 36.4401855469, 190.265960693, 28.04870224, -148.479064941, 4.69628095627, 109.047874451, 37.5488357544, 4.3866481781, -28.3082008362, -95.7428131104], [-111.292655945, 3.02286887169, 36.4401855469, 463.63494873, 51.987865448, -19.2522563934, 42.6385498047, 24.6431522369, 44.0620155334, -30.9158363342, -80.3727416992, -42.3325004578, 25.2331314087], [-69.4799880981, 27.455083847, 190.265960693, 51.987865448, 435.799499512, 93.0028152466, -153.284103394, -53.3441886902, 85.6207733154, 66.6595535278, 27.156080246, -23.5957717896, -94.2964248657], [40.1972427368, 42.1990776062, 28.04870224, -19.2522563934, 93.0028152466, 255.192886353, 100.524581909, 36.508140564, -0.278190255165, 19.6861820221, 31.7877979279, 6.82164716721, 10.6683673859], [-392.025970459, 135.617126465, -148.479064941, 42.6385498047, -153.284103394, 100.524581909, 443.13885498, 151.901397705, -98.1612243652, -39.5280723572, -15.6637849808, 25.6706924438, 159.7059021], [-213.258331299, 27.2467689514, 4.69628095627, 24.6431522369, -53.3441886902, 36.508140564, 151.901397705, 233.287521362, 15.6449661255, -11.7603235245, -12.3834037781, -1.5267560482, 67.8679580688], [43.6067504883, -27.5307636261, 109.047874451, 44.0620155334, 85.6207733154, -0.278190255165, -98.1612243652, 15.6449661255, 227.767593384, 48.607219696, -34.1023674011, -35.4647750854, -65.128578186], [-107.238998413, -50.3103637695, 37.5488357544, -30.9158363342, 66.6595535278, 19.6861820221, -39.5280723572, -11.7603235245, 48.607219696, 166.907806396, 36.206111908, -26.1229572296, -38.6855659485], [7.20232248306, -61.9042434692, 4.3866481781, -80.3727416992, 27.156080246, 31.7877979279, -15.6637849808, -12.3834037781, -34.1023674011, 36.206111908, 182.549102783, 53.7026634216, -45.6553153992], [33.6094741821, -91.740562439, -28.3082008362, -42.3325004578, -23.5957717896, 6.82164716721, 25.6706924438, -1.5267560482, -35.4647750854, -26.1229572296, 53.7026634216, 129.534011841, 24.0148124695], [-303.091247559, 28.2446403503, -95.7428131104, 25.2331314087, -94.2964248657, 10.6683673859, 159.7059021, 67.8679580688, -65.128578186, -38.6855659485, -45.6553153992, 24.0148124695, 212.905380249]], "icov": [[0.000193717307411, 7.86236851127e-05, 0.000104788327008, 9.90633452602e-06, 0.000114797432616, -0.000208447803743, 0.000172029831447, 4.19489660999e-05, 1.46339220919e-06, 0.000189486687304, 0.000100788267446, -2.70308009931e-05, 0.000289706455078], [7.86236851127e-05, 0.000639558245894, 0.000205458854907, 0.000108985725092, -0.000169122693478, -6.38562050881e-05, -0.000193915519048, 5.0700018619e-05, -5.69264466321e-06, 0.00035390057019, 0.00010473029397, 0.000515638268553, 0.000191014274606], [0.000104788327008, 0.000205458854907, 0.00189969316125, -4.44101060566e-05, -0.000517903885338, -0.000246138835791, 0.000458195543615, -0.000446354475571, -0.000337510835379, 0.000224770061322, 0.000100970588392, 0.000159091476235, 0.000504303781781], [9.90633452602e-06, 0.000108985725092, -4.44101060566e-05, 0.00259494036436, -0.000684515805915, 0.000544449838344, -0.000695322931278, 7.21236065147e-05, -0.000481272931211, 0.000638766621705, 0.00070484081516, 0.000623483792879, -0.000110078646685], [0.000114797432616, -0.000169122693478, -0.000517903885338, -0.000684515805915, 0.00384623720311, -0.00192513281945, 0.00142918573692, 0.000306423025904, -0.000295509846183, -0.000742066884413, -0.000190341394045, -0.000193591971765, 0.000420102704084], [-0.000208447803743, -6.38562050881e-05, -0.000246138835791, 0.000544449838344, -0.00192513281945, 0.00577238714322, -0.00232501723804, -4.46530102636e-05, -0.000322423147736, -0.000208043798921, -0.000803053902928, 0.000173773179995, -0.000175331239006], [0.000172029831447, -0.000193915519048, 0.000458195543615, -0.000695322931278, 0.00142918573692, -0.00232501723804, 0.0053127524443, -0.00217164051719, 0.00131455285009, -0.000216274464037, 0.000152784778038, -0.000467017496703, -0.0015361327678], [4.19489660999e-05, 5.0700018619e-05, -0.000446354475571, 7.21236065147e-05, 0.000306423025904, -4.46530102636e-05, -0.00217164051719, 0.00619945162907, -0.00164039735682, 0.000417744508013, -0.000539421045687, 0.00055111257825, -0.000969259126578], [1.46339220919e-06, -5.69264466321e-06, -0.000337510835379, -0.000481272931211, -0.000295509846183, -0.000322423147736, 0.00131455285009, -0.00164039735682, 0.00643302500248, -0.00162231130525, 0.00180874625221, -0.000128521147417, 0.00140567566268], [0.000189486687304, 0.00035390057019, 0.000224770061322, 0.000638766621705, -0.000742066884413, -0.000208043798921, -0.000216274464037, 0.000417744508013, -0.00162231130525, 0.00789097137749, -0.00194315891713, 0.00229473947547, 0.000221021473408], [0.000100788267446, 0.00010473029397, 0.000100970588392, 0.00070484081516, -0.000190341394045, -0.000803053902928, 0.000152784778038, -0.000539421045687, 0.00180874625221, -0.00194315891713, 0.00835487432778, -0.00355200911872, 0.00249722902663], [-2.70308009931e-05, 0.000515638268553, 0.000159091476235, 0.000623483792879, -0.000193591971765, 0.000173773179995, -0.000467017496703, 0.00055111257825, -0.000128521147417, 0.00229473947547, -0.00355200911872, 0.0105834398419, -0.00160685589071], [0.000289706455078, 0.000191014274606, 0.000504303781781, -0.000110078646685, 0.000420102704084, -0.000175331239006, -0.0015361327678, -0.000969259126578, 0.00140567566268, 0.000221021473408, 0.00249722902663, -0.00160685589071, 0.00816686451435]]}, "spectral_contrast_coeffs": {"dmean": [0.0450221188366, 0.0372571535408, 0.0311154071242, 0.0259764995426, 0.0216373857111, 0.0176125783473], "dmean2": [0.074071444571, 0.0602830946445, 0.0480922758579, 0.0406797006726, 0.0338809154928, 0.0268262401223], "dvar": [0.00149369216524, 0.00110589922406, 0.000713609508239, 0.000547680654563, 0.00039844668936, 0.000270795630058], "dvar2": [0.00403431337327, 0.00279766484164, 0.00163102825172, 0.00119957118295, 0.000897591991816, 0.00058843154693], "max": [-0.227100774646, -0.297981709242, -0.443453997374, -0.491192996502, -0.550462961197, -0.549841940403], "mean": [-0.483219057322, -0.6228774786, -0.717572808266, -0.749301731586, -0.723674595356, -0.753862202168], "median": [-0.474994599819, -0.622588574886, -0.720034718513, -0.755253016949, -0.721832156181, -0.754924654961], "min": [-0.972325980663, -0.982092261314, -0.965389370918, -0.976458489895, -0.966727137566, -0.961948752403], "var": [0.0105307921767, 0.00820360146463, 0.00560072623193, 0.00454261247069, 0.00349481543526, 0.00301695684902]}, "spectral_contrast_valleys": {"dmean": [0.459897041321, 0.292478740215, 0.26446339488, 0.250568896532, 0.263771802187, 0.281717628241], "dmean2": [0.751344680786, 0.478252291679, 0.427811473608, 0.393795788288, 0.386532872915, 0.406483083963], "dvar": [0.174923792481, 0.0832554996014, 0.0