{"lowlevel": {"average_loudness": 0.910577297211, "barkbands_crest": {"dmean": 2.20121598244, "dmean2": 3.35716462135, "dvar": 4.4763174057, "dvar2": 10.2976741791, "max": 24.792175293, "mean": 13.311583519, "median": 13.0736579895, "min": 2.09079146385, "var": 18.8515491486}, "barkbands_flatness_db": {"dmean": 0.0249581560493, "dmean2": 0.0364104919136, "dvar": 0.000766825163737, "dvar2": 0.00154440070037, "max": 0.583996117115, "mean": 0.286815881729, "median": 0.28588578105, "min": 0.0106639144942, "var": 0.0127245802432}, "barkbands_kurtosis": {"dmean": 4.35522413254, "dmean2": 6.95315027237, "dvar": 43.516368866, "dvar2": 113.108001709, "max": 107.692245483, "mean": 8.43292331696, "median": 4.95605611801, "min": -1.6496475935, "var": 127.106613159}, "barkbands_skewness": {"dmean": 0.574854195118, "dmean2": 0.882917761803, "dvar": 0.339841187, "dvar2": 0.821871221066, "max": 8.94656276703, "mean": 1.89434230328, "median": 1.79070615768, "min": -2.71210861206, "var": 2.45426607132}, "barkbands_spread": {"dmean": 2.5705473423, "dmean2": 3.75778627396, "dvar": 24.6281776428, "dvar2": 48.4396820068, "max": 90.6540679932, "mean": 8.30530261993, "median": 4.90975475311, "min": 0.250792324543, "var": 119.681655884}, "dissonance": {"dmean": 0.0377589017153, "dmean2": 0.0637851431966, "dvar": 0.00132449890953, "dvar2": 0.00369891547598, "max": 0.500000059605, "mean": 0.397817820311, "median": 0.425104409456, "min": 0.0955796316266, "var": 0.00686751399189}, "dynamic_complexity": 3.87280535698, "erbbands_crest": {"dmean": 2.94231915474, "dmean2": 4.5744395256, "dvar": 7.42740869522, "dvar2": 16.0267162323, "max": 30.7155246735, "mean": 11.3443861008, "median": 10.0482311249, "min": 2.42228770256, "var": 30.4809017181}, "erbbands_flatness_db": {"dmean": 0.0214792583138, "dmean2": 0.0313471928239, "dvar": 0.00051433237968, "dvar2": 0.00104421202559, "max": 0.486418694258, "mean": 0.244736909866, "median": 0.235074326396, "min": 0.0332457982004, "var": 0.00947292894125}, "erbbands_kurtosis": {"dmean": 2.00437641144, "dmean2": 3.11608099937, "dvar": 12.8340950012, "dvar2": 29.8830928802, "max": 79.8743972778, "mean": 3.19836568832, "median": 0.948833823204, "min": -1.55727350712, "var": 37.9198074341}, "erbbands_skewness": {"dmean": 0.435446977615, "dmean2": 0.648623645306, "dvar": 0.182852998376, "dvar2": 0.405289828777, "max": 5.86106300354, "mean": 0.53843742609, "median": 0.442959427834, "min": -2.17263579369, "var": 0.861049234867}, "erbbands_spread": {"dmean": 5.3414683342, "dmean2": 8.29258537292, "dvar": 58.825340271, "dvar2": 136.799926758, "max": 105.41204834, "mean": 20.7973270416, "median": 18.9108753204, "min": 0.799169182777, "var": 251.382858276}, "hfc": {"dmean": 5.52680921555, "dmean2": 8.10442066193, "dvar": 143.519363403, "dvar2": 320.742980957, "max": 172.456817627, "mean": 16.8252010345, "median": 13.0172815323, "min": 1.19871811528e-16, "var": 291.975585938}, "melbands_crest": {"dmean": 2.91257548332, "dmean2": 4.47577953339, "dvar": 9.72321796417, "dvar2": 22.6593818665, "max": 38.8267822266, "mean": 19.8921108246, "median": 18.6488800049, "min": 2.45625305176, "var": 60.8533821106}, "melbands_flatness_db": {"dmean": 0.0286490432918, "dmean2": 0.0416044928133, "dvar": 0.00105644820724, "dvar2": 0.00215356820263, "max": 0.74955946207, "mean": 0.396332323551, "median": 0.394200384617, "min": 0.00613658363, "var": 0.0172000825405}, "melbands_kurtosis": {"dmean": 7.71321201324, "dmean2": 12.4526939392, "dvar": 194.696578979, "dvar2": 525.559753418, "max": 332.571777344, "mean": 15.4670009613, "median": 8.8497800827, "min": -1.62584912777, "var": 518.399291992}, "melbands_skewness": {"dmean": 0.722326636314, "dmean2": 1.12361216545, "dvar": 0.639333844185, "dvar2": 1.59225416183, "max": 15.86789608, "mean": 2.63195157051, "median": 2.40637326241, "min": -2.35781145096, "var": 4.26908111572}, "melbands_spread": {"dmean": 2.30784845352, "dmean2": 3.33341693878, "dvar": 16.1493835449, "dvar2": 29.6293106079, "max": 133.277999878, "mean": 7.79737615585, "median": 5.10086107254, "min": 0.482138454914, "var": 87.2571182251}, "pitch_salience": {"dmean": 0.0684549808502, "dmean2": 0.105855822563, "dvar": 0.00465378910303, "dvar2": 0.0108176339418, "max": 0.852091729641, "mean": 0.469603508711, "median": 0.485445380211, "min": 0.0551111772656, "var": 0.0259697884321}, "silence_rate_20dB": {"dmean": 0, "dmean2": 0, "dvar": 0, "dvar2": 0, "max": 1, "mean": 1, "median": 1, "min": 1, "var": 0}, "silence_rate_30dB": {"dmean": 0.0643465444446, "dmean2": 0.128706619143, "dvar": 0.0602103956044, "dvar2": 0.134227216244, "max": 1, "mean": 0.777964651585, "median": 1, "min": 0, "var": 0.172742247581}, "silence_rate_60dB": {"dmean": 0.00231311121024, "dmean2": 0.00462670857087, "dvar": 0.00230812910013, "dvar2": 0.00544790690765, "max": 1, "mean": 0.0452060550451, "median": 0, "min": 0, "var": 0.0431633740664}, "spectral_centroid": {"dmean": 113.398445129, "dmean2": 168.085891724, "dvar": 46509.8320312, "dvar2": 82804.125, "max": 11160.3222656, "mean": 582.214355469, "median": 429.343078613, "min": 148.141082764, "var": 196740.5}, "spectral_complexity": {"dmean": 2.32951331139, "dmean2": 3.65236592293, "dvar": 9.7388420105, "dvar2": 19.0270881653, "max": 57, "mean": 13.7487382889, "median": 14, "min": 0, "var": 73.6981735229}, "spectral_decrease": {"dmean": 3.28823146489e-09, "dmean2": 5.2461230915e-09, "dvar": 1.81190455565e-17, "dvar2": 5.2080929184e-17, "max": 6.04711909882e-29, "mean": -1.82783939096e-08, "median": -1.84543456072e-08, "min": -6.30045349226e-08, "var": 1.48335665506e-16}, "spectral_energy": {"dmean": 0.0125802336261, "dmean2": 0.0201140772551, "dvar": 0.000261573673924, "dvar2": 0.000751865620259, "max": 0.239360868931, "mean": 0.0705129429698, "median": 0.0717004835606, "min": 1.06444961645e-20, "var": 0.00215090508573}, "spectral_energyband_high": {"dmean": 0.000303679000353, "dmean2": 0.000464658107376, "dvar": 1.29300906337e-06, "dvar2": 2.8793506317e-06, "max": 0.0189967639744, "mean": 0.000392545189243, "median": 8.52225548442e-06, "min": 7.45176963928e-21, "var": 1.91738536159e-06}, "spectral_energyband_low": {"dmean": 0.011013657786, "dmean2": 0.0176323615015, "dvar": 0.000319693208439, "dvar2": 0.000916735734791, "max": 0.231722682714, "mean": 0.0468944609165, "median": 0.0397249013186, "min": 1.14631536461e-22, "var": 0.0020109124016}, "spectral_energyband_middle_high": {"dmean": 0.00131332699675, "dmean2": 0.00188278197311, "dvar": 5.99018358116e-06, "dvar2": 1.13895675895e-05, "max": 0.0406600609422, "mean": 0.00354041368701, "median": 0.00192091078497, "min": 1.58357074074e-21, "var": 2.4879913326e-05}, "spectral_energyband_middle_low": {"dmean": 0.00719732325524, "dmean2": 0.0110768787563, "dvar": 9.66181032709e-05, "dvar2": 0.000245940143941, "max": 0.120115458965, "mean": 0.020094435662, "median": 0.0171788483858, "min": 3.83871580949e-22, "var": 0.000215124513488}, "spectral_entropy": {"dmean": 0.207677170634, "dmean2": 0.312866836786, "dvar": 0.0509944632649, "dvar2": 0.11391864717, "max": 9.80456447601, "mean": 6.4255399704, "median": 6.58153581619, "min": 4.1234087944, "var": 1.025867939}, "spectral_flux": {"dmean": 0.0280637666583, "dmean2": 0.0436880774796, "dvar": 0.000952131580561, "dvar2": 0.0019897306338, "max": 0.407374382019, "mean": 0.094553694129, "median": 0.0825016051531, "min": 1.03172165256e-10, "var": 0.0038218125701}, "spectral_kurtosis": {"dmean": 12.2124958038, "dmean2": 20.2392349243, "dvar": 245.986724854, "dvar2": 655.350769043, "max": 287.939056396, "mean": 37.6821136475, "median": 17.4698295593, "min": -1.23931598663, "var": 1854.20202637}, "spectral_rms": {"dmean": 0.000711038708687, "dmean2": 0.00110856059473, "dvar": 5.87704391819e-07, "dvar2": 1.58740533607e-06, "max": 0.0152814527974, "mean": 0.00766887469217, "median": 0.00836371257901, "min": 3.22255698688e-12, "var": 9.98119776341e-06}, "spectral_rolloff": {"dmean": 159.182388306, "dmean2": 247.4322052, "dvar": 230424.25, "dvar2": 451722.625, "max": 19207.6171875, "mean": 548.239135742, "median": 344.53125, "min": 43.06640625, "var": 1384322.625}, "spectral_skewness": {"dmean": 0.750283777714, "dmean2": 1.23411786556, "dvar": 0.613854885101, "dvar2": 1.66163778305, "max": 13.701300621, "mean": 4.14076900482, "median": 3.13413333893, "min": -0.029440773651, "var": 7.0695848465}, "spectral_spread": {"dmean": 543370.6875, "dmean2": 832688, "dvar": 781413908480, "dvar2": 1371769012220.0, "max": 41252736, "mean": 2654599, "median": 2067264.25, "min": 379154.34375, "var": 3597336576000.0}, "spectral_strongpeak": {"dmean": 0.288031667471, "dmean2": 0.47900184989, "dvar": 0.25788885355, "dvar2": 0.649911880493, "max": 7.67843818665, "mean": 0.701938450336, "median": 0.537237465382, "min": 0, "var": 0.47942724824}, "zerocrossingrate": {"dmean": 0.00482916366309, "dmean2": 0.00557123264298, "dvar": 9.233259334e-05, "dvar2": 0.000101930410892, "max": 0.5107421875, "mean": 0.0223982091993, "median": 0.0146484375, "min": 0.00146484375, "var": 0.00100863783155}, "barkbands": {"dmean": [0.00273871188983, 0.00926048588008, 0.00346361799166, 0.00133640808053, 0.00421603070572, 0.0023638040293, 0.00186791364104, 0.00119177543093, 0.000517851673067, 0.00059001572663, 0.000372422102373, 0.000396321207518, 0.000227027936489, 0.000139138006489, 0.00010046317766, 9.38436714932e-05, 9.53561393544e-05, 6.46322660032e-05, 5.38522726856e-05, 3.4494081774e-05, 5.75564990868e-05, 5.79281550017e-05, 6.09463168075e-05, 4.53909815405e-05, 3.90820241591e-05, 3.05783214571e-05, 1.72887012013e-05], "dmean2": [0.00368750304915, 0.013745225966, 0.00552072515711, 0.00211673160084, 0.00687482720241, 0.00359018333256, 0.00283588003367, 0.00183078309055, 0.000841547385789, 0.00086959922919, 0.000533299986273, 0.00059207942104, 0.000376220588805, 0.00022150206496, 0.00017224457406, 0.00016319671704, 0.000155810193974, 0.000102942918602, 8.13655206002e-05, 4.80942908325e-05, 9.50920148171e-05, 8.95050980034e-05, 9.62443227763e-05, 7.33648921596e-05, 6.30863360129e-05, 4.77622597828e-05, 2.68834901362e-05], "dvar": [4.60310693597e-05, 0.000275134283584, 0.000110422733997, 7.15265059625e-06, 5.30675752088e-05, 1.3501844478e-05, 9.42309452512e-06, 6.90422393745e-06, 1.46506522469e-06, 1.56348426117e-06, 1.23819609144e-06, 1.34551351039e-06, 1.83698830369e-07, 8.2544559632e-08, 1.01016169651e-07, 1.03866568679e-07, 8.20049734784e-08, 4.37535447873e-08, 3.29541087751e-08, 1.70211507111e-08, 7.32036298245e-08, 6.04969869755e-08, 4.84369273579e-08, 3.10125614078e-08, 5.44842855277e-08, 3.57147769137e-08, 1.30802559895e-08], "dvar2": [8.19541019155e-05, 0.000664533348754, 0.000280025909888, 1.78712780325e-05, 0.000146392470924, 2.98427330563e-05, 2.08309793379e-05, 1.47383198055e-05, 2.93058474199e-06, 2.99534599435e-06, 1.7847056597e-06, 2.6826805879e-06, 4.58263485825e-07, 1.96426100274e-07, 2.54136807598e-07, 2.8234239835e-07, 1.91379356806e-07, 1.02316867867e-07, 6.2261989342e-08, 2.8375506389e-08, 1.88783545241e-07, 1.37569401204e-07, 1.11179851103e-07, 6.96478750228e-08, 1.39321329584e-07, 8.54346353663e-08, 3.30362226464e-08], "max": [0.109612971544, 0.212428808212, 0.140325605869, 0.0364870466292, 0.096045345068, 0.0710895210505, 0.0441671572626, 0.0424336753786, 0.0576259382069, 0.0289789922535, 0.0337908565998, 0.0358529575169, 0.0122690023854, 0.00660043023527, 0.0139647563919, 0.00410364102572, 0.00353038869798, 0.00357008632272, 0.00343671999872, 0.00269464449957, 0.00511176418513, 0.0070787332952, 0.00413352996111, 0.00347710424103, 0.00492718676105, 0.00342395761982, 0.0020976960659], "mean": [0.00788108538836, 0.032947383821, 0.00579581037164, 0.00219435174949, 0.0076255844906, 0.00425142981112, 0.00304695987143, 0.00174409186002, 0.000946451968048, 0.00115667073987, 0.000698283314705, 0.000670436944347, 0.000344701256836, 0.000238569016801, 0.000158107694006, 0.000114740054414, 0.000122311728774, 8.23072259664e-05, 8.02943541203e-05, 4.951675146e-05, 8.2316044427e-05, 8.06291282061e-05, 7.61304836487e-05, 4.74705957458e-05, 3.53481773345e-05, 2.68508956651e-05, 1.51002450366e-05], "median": [0.00113804661669, 0.0267225205898, 0.00224052998237, 0.00100749940611, 0.0047146435827, 0.002503963653, 0.00161185138859, 0.000594338984229, 0.000353040843038, 0.000297763705021, 0.000203017261811, 0.000220767047722, 0.000170090454048, 0.000116629948025, 4.75476808788e-05, 3.22581981891e-05, 2.42753703787e-05, 1.2876233086e-05, 9.22154868022e-06, 3.30817442773e-06, 2.38353231907e-06, 1.59670776156e-06, 1.04164359982e-06, 4.16478940224e-07, 1.76362675575e-07, 5.8962243088e-08, 2.30104237886e-08], "min": [1.77702862255e-23, 5.04151538196e-23, 3.11752213054e-23, 2.64238868297e-23, 4.17044696626e-23, 3.57184858287e-23, 6.56531444745e-23, 1.53367408941e-22, 5.53213322246e-23, 4.93358059301e-23, 5.66972444829e-23, 7.9376042564e-23, 8.4040274174e-23, 2.23607533455e-22, 1.7645148589e-22, 2.06127511755e-22, 1.12446732542e-22, 1.9977833005e-22, 2.43465270276e-22, 3.24133176702e-22, 3.05282076883e-22, 6.52771418127e-22, 5.74221925086e-22, 6.48277561539e-22, 1.17161490377e-21, 1.59016364891e-21, 2.72439871316e-21], "var": [0.000329117960064, 0.001151415403, 0.000118509909953, 1.13918649731e-05, 7.53979329602e-05, 3.04091627186e-05, 1.79680937435e-05, 1.18861225928e-05, 8.40505890665e-06, 6.31258717476e-06, 4.22658195021e-06, 2.70922714662e-06, 3.22813946241e-07, 1.57249047561e-07, 2.42788132709e-07, 9.1079002118e-08, 1.08907705965e-07, 6.26670768611e-08, 6.45123279241e-08, 4.07454763263e-08, 1.13358915144e-07, 9.26621837039e-08, 6.81526373114e-08, 3.77126774254e-08, 4.62379858845e-08, 3.07062109073e-08, 1.05173398879e-08]}, "erbbands": {"dmean": [0.472629696131, 1.4600675106, 3.51228713989, 3.99447393417, 9.14569282532, 16.7539749146, 15.4331321716, 19.8463783264, 25.6953125, 31.778181076, 13.4090251923, 13.3270931244, 11.9588479996, 18.3936252594, 16.3951683044, 17.152217865, 10.7626876831, 6.8935713768, 5.20318126678, 5.7076921463, 5.25233793259, 4.62085342407, 3.6282377243, 2.47705030441, 2.3912768364, 1.53815484047, 1.85137629509, 2.57534265518, 2.02273368835, 2.01502013206, 1.79243421555, 1.14311659336, 0.681000471115, 0.489305198193, 0.253099381924, 0.122475512326, 0.0554380491376, 0.0152394790202, 0.00323666399345, 0.000204667245271], "dmean2": [0.730253815651, 2.16410684586, 5.33839941025, 6.42999219894, 15.5431718826, 27.1203842163, 23.653793335, 30.3527240753, 38.6391410828, 48.545539856, 20.9922294617, 21.7187709808, 19.546497345, 26.0810165405, 23.224697113, 24.9307365417, 17.4907588959, 11.0704097748, 8.65829658508, 9.68514347076, 8.84463882446, 7.54855108261, 5.80664825439, 3.78581142426, 3.46406793594, 2.30823397636, 2.7797305584, 4.31158733368, 3.14945578575, 3.14127111435, 2.88720464706, 1.89984965324, 1.09429788589, 0.792801499367, 0.411738336086, 0.195420295, 0.085180349648, 0.0242180656642, 0.00507436646149, 0.000315781100653], "dvar": [1.02171635628, 8.79002475739, 86.9269332886, 89.8420944214, 388.473144531, 717.714355469, 544.474609375, 962.686767578, 1940.32885742, 3525.71728516, 626.899108887, 1037.10498047, 659.823852539, 1745.9050293, 2501.86254883, 3203.39501953, 376.766906738, 222.865783691, 226.141418457, 318.441223145, 296.045806885, 190.908004761, 129.508911133, 47.5321083069, 86.3046417236, 35.6786499023, 60.7857170105, 146.928390503, 64.3034744263, 68.7109985352, 42.9252319336, 17.797952652, 9.20283985138, 8.7795009613, 2.21782565117, 0.521712839603, 0.122160710394, 0.0105500929058, 0.000494839274324, 1.53406722347e-06], "dvar2": [2.58122587204, 16.0217857361, 205.189727783, 212.45149231, 1103.41760254, 1918.33752441, 1259.28344727, 2114.06469727, 4182.54052734, 7695.76611328, 1460.87255859, 2014.00341797, 1633.00830078, 3249.29516602, 3403.86157227, 6161.30175781, 920.586730957, 546.069213867, 511.844696045, 852.275634766, 759.301330566, 428.68536377, 314.17199707, 96.0318908691, 149.848770142, 65.8098602295, 119.455757141, 391.884277344, 147.880508423, 156.07850647, 101.857009888, 41.2295150757, 21.1275596619, 22.3164825439, 5.75063657761, 1.28122735023, 0.284767538309, 0.0264970157295, 0.00124537816737, 3.91652747567e-06], "max": [11.5748109818, 37.4519309998, 115.478591919, 136.505981445, 216.566802979, 350.060394287, 446.897918701, 559.671447754, 649.165771484, 948.91015625, 584.627319336, 1494.31323242, 755.020141602, 1075.99279785, 1660.33190918, 1822.65283203, 564.555419922, 280.4894104, 916.905212402, 344.492126465, 293.343841553, 183.947052002, 180.522460938, 131.228271484, 201.47958374, 119.881034851, 156.960632324, 241.150360107, 217.148468018, 214.665435791, 129.093612671, 79.4306793213, 61.4270744324, 72.4512863159, 25.0701522827, 12.6679019928, 6.97191810608, 1.85656809807, 0.431088447571, 0.0219953693449], "mean": [1.64853739738, 4.67975902557, 7.03175020218, 6.95076465607, 14.0559949875, 29.8412570953, 29.5375938416, 35.4882049561, 43.9538040161, 49.1421432495, 24.0670642853, 24.1765327454, 22.0375976562, 37.1580085754, 33.3514213562, 31.0811634064, 18.0506000519, 11.6489620209, 9.77566146851, 7.91040277481, 6.8828125, 6.18054771423, 4.71036863327, 3.96959352493, 3.45828461647, 2.3794670105, 2.91869211197, 3.45001864433, 2.75675392151, 2.8648211956, 2.08449554443, 1.20634269714, 0.683902621269, 0.45525726676, 0.22085852921, 0.108575984836, 0.0491431429982, 0.0130653688684, 0.0027694015298, 0.000250557641266], "median": [0.976692914963, 3.21568250656, 3.08909702301, 3.73763465881, 8.03929901123, 17.9670906067, 18.1876182556, 21.1095924377, 23.3736877441, 23.0827217102, 10.4965724945, 9.64965820312, 7.04918193817, 11.5360164642, 12.7690410614, 10.4637260437, 9.79979324341, 5.64365291595, 4.28835105896, 2.50213336945, 2.10827255249, 1.32486581802, 0.855880141258, 0.616516470909, 0.358139961958, 0.158860146999, 0.100712120533, 0.0865899026394, 0.0577423125505, 0.0454967468977, 0.0257776752114, 0.0120591735467, 0.00540054962039, 0.00250554247759, 0.00103882548865, 0.000369174784282, 0.000111176908831, 2.34517756326e-05, 4.42896889581e-05, 8.7718712166e-05], "min": [3.00138688635e-21, 5.67381478674e-21, 2.58274577002e-20, 7.9268291586e-20, 4.13459605277e-20, 1.74983105099e-19, 2.31949301976e-19, 3.50855274259e-19, 9.74039912867e-19, 1.08770817751e-18, 3.70182680144e-18, 1.81821805303e-18, 9.64382889408e-19, 2.01308091904e-18, 2.1824488378e-18, 3.47719887506e-18, 4.9221936561e-18, 1.22542034918e-17, 5.76399179085e-18, 9.48871288369e-18, 1.34445693328e-17, 7.46148676258e-18, 1.20592651455e-17, 9.75022107126e-18, 1.40520499475e-17, 1.68379495828e-17, 1.33581132423e-17, 1.04251326223e-17, 1.98691545918e-17, 2.20234770141e-17, 1.61127173264e-17, 1.05001727931e-17, 1.39592899136e-17, 1.21643452075e-17, 8.56745536571e-18, 4.84694089987e-18, 3.02639247226e-18, 1.43907309843e-18, 3.36556268299e-19, 4.07564392449e-20], "var": [3.90569519997, 27.5654659271, 128.757049561, 113.680839539, 375.086273193, 1186.10791016, 1346.31286621, 2043.39379883, 3823.71118164, 6172.10058594, 1964.5847168, 5030.75439453, 1549.3001709, 7319.81494141, 9115.20507812, 6608.06884766, 781.761901855, 381.843994141, 817.594177246, 352.186981201, 312.722137451, 256.457183838, 171.566146851, 106.667221069, 170.437194824, 89.8545684814, 136.575958252, 202.05847168, 101.702056885, 108.40977478, 54.2704429626, 21.483751297, 10.0809774399, 7.75095844269, 1.75573408604, 0.437038093805, 0.109099440277, 0.00836846418679, 0.000392771529732, 1.26474355966e-06]}, "gfcc": {"mean": [-87.9482498169, 172.727233887, -73.9151535034, 12.4345321655, -46.351360321, 1.71012687683, -24.4119548798, -6.29503297806, -8.49631500244, -2.1913561821, -0.359417825937, 1.07548499107, -4.9827466011], "cov": [[22093.4941406, -1444.37255859, -3499.77905273, 644.880065918, 282.632263184, 1773.94213867, 449.226379395, 761.829162598, 135.005661011, -17.3273601532, 36.2207069397, 684.298156738, 502.512237549], [-1444.37255859, 3075.24682617, 632.312927246, -478.301452637, 442.571014404, -588.218017578, 108.744308472, -285.926971436, 258.685852051, -39.9526329041, 332.603424072, -231.611816406, 124.184089661], [-3499.77905273, 632.312927246, 1521.48046875, -140.842773438, -265.506164551, -569.143859863, -217.752243042, -177.667236328, -1.0150822401, 22.6067390442, -22.494852066, -206.182388306, -162.87020874], [644.880065918, -478.301452637, -140.842773438, 310.208587646, -136.092330933, 99.7466583252, -11.6998252869, 30.7278423309, -39.6765022278, -18.4136486053, -45.9339752197, 40.1412620544, -6.00421285629], [282.632263184, 442.571014404, -265.506164551, -136.092330933, 653.581359863, 201.773635864, 204.320556641, 75.9113845825, 90.7797393799, 18.7800121307, 124.604644775, 66.8875579834, 174.279220581], [1773.94213867, -588.218017578, -569.143859863, 99.7466583252, 201.773635864, 507.064880371, 134.081008911, 171.541122437, 15.2317247391, 1.75960624218, -21.9654445648, 162.503646851, 97.4074020386], [449.226379395, 108.744308472, -217.752243042, -11.6998252869, 204.320556641, 134.081008911, 208.493179321, 65.9279556274, 47.0427284241, 6.58117818832, 45.3594017029, 46.9065322876, 79.5737762451], [761.829162598, -285.926971436, -177.667236328, 30.7278423309, 75.9113845825, 171.541122437, 65.9279556274, 169.313018799, 39.8291320801, 11.1267213821, -10.9203214645, 61.3424720764, 33.5945663452], [135.005661011, 258.685852051, -1.0150822401, -39.6765022278, 90.7797393799, 15.2317247391, 47.0427284241, 39.8291320801, 144.324249268, 38.3384094238, 45.6810493469, 1.29848885536, 43.6802558899], [-17.3273601532, -39.9526329041, 22.6067390442, -18.4136486053, 18.7800121307, 1.75960624218, 6.58117818832, 11.1267213821, 38.3384094238, 98.3490524292, 31.7358551025, 2.11616492271, -0.500527918339], [36.2207069397, 332.603424072, -22.494852066, -45.9339752197, 124.604644775, -21.9654445648, 45.3594017029, -10.9203214645, 45.6810493469, 31.7358551025, 122.513298035, 17.002204895, 47.1204528809], [684.298156738, -231.611816406, -206.182388306, 40.1412620544, 66.8875579834, 162.503646851, 46.9065322876, 61.3424720764, 1.29848885536, 2.11616492271, 17.002204895, 127.490653992, 64.5658569336], [502.512237549, 124.184089661, -162.87020874, -6.00421285629, 174.279220581, 97.4074020386, 79.5737762451, 33.5945663452, 43.6802558899, -0.500527918339, 47.1204528809, 64.5658569336, 145.811340332]], "icov": [[9.51822075876e-05, -0.000138206203701, 0.000176466492121, -0.00012170195987, 0.000160905139637, -0.000203105912078, 0.000135746013257, -0.000323962070979, 0.000138903094921, -0.000188430494745, 0.000105820014141, -0.0001210582559, -9.71485278569e-05], [-0.000138206203701, 0.00173469586298, -0.000446001358796, 0.00114234292414, -0.00054993230151, 0.000952658127062, -0.000853499805089, 0.00212380173616, -0.00235696160235, 0.00272439233959, -0.00293539860286, 0.00186011532787, -0.000614528893493], [0.000176466492121, -0.000446001358796, 0.00158584967721, -0.000215527659748, 0.000177725305548, 0.000828695890959, 0.000799962203018, -0.000896627956536, 0.000198820285732, -0.000969435030129, 0.00107507419307, -0.000427164777648, 0.000317030906444], [-0.00012170195987, 0.00114234292414, -0.000215527659748, 0.00513473851606, 0.00106526806485, -0.000356306205504, -0.000775832042564, 0.00127315020654, -0.000894637370948, 0.00208459096029, -0.00186267122626, 0.00111332454253, -0.00110382901039], [0.000160905139637, -0.00054993230151, 0.000177725305548, 0.00106526806485, 0.00406323373318, -0.00211819447577, -0.00117760372814, -0.0010653528152, 0.000906789733563, -0.000430321641034, -0.00166355655529, 0.00116424565203, -0.0026482292451], [-0.000203105912078, 0.000952658127062, 0.000828695890959, -0.000356306205504, -0.00211819447577, 0.00755710853264, -0.00117186119314, -0.00112148676999, -0.00131011812482, 0.000528780568857, 0.00197393191047, -0.00386423687451, 0.000648297951557], [0.000135746013257, -0.000853499805089, 0.000799962203018, -0.000775832042564, -0.00117760372814, -0.00117186119314, 0.00877608638257, -0.00255754520185, 0.000408806139603, -0.000907020061277, 0.000127996085212, -0.000128066967591, -0.000999314012006], [-0.000323962070979, 0.00212380173616, -0.000896627956536, 0.00127315020654, -0.0010653528152, -0.00112148676999, -0.00255754520185, 0.0133247012272, -0.00583369378, 0.00281037157401, -0.00122336542699, 6.52946891933e-06, 0.000856562750414], [0.000138903094921, -0.00235696160235, 0.000198820285732, -0.000894637370948, 0.000906789733563, -0.00131011812482, 0.000408806139603, -0.00583369378, 0.0136959804222, -0.00653502903879, 0.00160001241602, 0.000261778885033, -0.00213201856241], [-0.000188430494745, 0.00272439233959, -0.000969435030129, 0.00208459096029, -0.000430321641034, 0.000528780568857, -0.000907020061277, 0.00281037157401, -0.00653502903879, 0.0168166328222, -0.00822566170245, 0.00275114760734, 0.000796049891505], [0.000105820014141, -0.00293539860286, 0.00107507419307, -0.00186267122626, -0.00166355655529, 0.00197393191047, 0.000127996085212, -0.00122336542699, 0.00160001241602, -0.00822566170245, 0.0198579337448, -0.00747095560655, 0.000524488452356], [-0.0001210582559, 0.00186011532787, -0.000427164777648, 0.00111332454253, 0.00116424565203, -0.00386423687451, -0.000128066967591, 6.52946891933e-06, 0.000261778885033, 0.00275114760734, -0.00747095560655, 0.019494028762, -0.00662671215832], [-9.71485278569e-05, -0.000614528893493, 0.000317030906444, -0.00110382901039, -0.0026482292451, 0.000648297951557, -0.000999314012006, 0.000856562750414, -0.00213201856241, 0.000796049891505, 0.000524488452356, -0.00662671215832, 0.0145114688203]]}, "melbands": {"dmean": [0.00318007729948, 0.00164177105762, 0.000723406963516, 0.00101819785777, 0.000554339203518, 0.000446352612926, 0.000392061978346, 0.000343341031112, 9.82996061794e-05, 7.79789552325e-05, 6.04731067142e-05, 7.93159997556e-05, 5.43764763279e-05, 4.9209480494e-05, 3.37202691298e-05, 1.69217710209e-05, 1.40375250339e-05, 9.57960219239e-06, 7.14722955308e-06, 7.3365768003e-06, 6.86587509335e-06, 5.48541765966e-06, 4.87217448608e-06, 2.39076712205e-06, 2.03305012292e-06, 2.39532869273e-06, 1.17420302104e-06, 1.03519153072e-06, 1.17226466045e-06, 1.58224838742e-06, 1.42562180372e-06, 1.30416196953e-06, 1.09393999992e-06, 1.14947874863e-06, 1.13480314212e-06, 8.09736832252e-07, 6.65331469918e-07, 4.97815108247e-07, 4.40379380962e-07, 3.95637187012e-07], "dmean2": [0.00471497420222, 0.00231794663705, 0.0011505439179, 0.0016755462857, 0.000852036580909, 0.000679864431731, 0.000588314549532, 0.000522231392097, 0.000156313632033, 0.000126936414745, 9.86172235571e-05, 0.00011285248911, 7.87391472841e-05, 7.16124704923e-05, 5.19151435583e-05, 2.81595603155e-05, 2.2488686227e-05, 1.58121220011e-05, 1.22712608572e-05, 1.2467769011e-05, 1.14902850328e-05, 9.07813227968e-06, 8.12679991213e-06, 3.77618698622e-06, 3.19542186844e-06, 3.60325316251e-06, 1.69004704276e-06, 1.59994431215e-06, 1.62685103078e-06, 2.76712694358e-06, 2.3108550522e-06, 2.1045889298e-06, 1.71529950421e-06, 1.81631253326e-06, 1.81845791758e-06, 1.34028289267e-06, 1.10318330826e-06, 7.92501396063e-07, 7.23897869648e-07, 6.47747299354e-07], "dvar": [3.64657134924e-05, 1.20095846796e-05, 2.57799229075e-06, 3.37157189279e-06, 6.37812320292e-07, 4.75704894143e-07, 4.41017419917e-07, 4.565276015e-07, 3.62537093679e-08, 3.49295561364e-08, 1.68876486129e-08, 3.39066943411e-08, 2.30476420171e-08, 1.78469843348e-08, 7.55813367448e-09, 1.15075082796e-09, 8.9985896512e-10, 6.86216694579e-10, 5.01468755409e-10, 5.92153104328e-10, 5.52832613021e-10, 3.38333222549e-10, 2.67910110763e-10, 5.68170267778e-11, 3.14828996206e-11, 8.61226367999e-11, 2.06377536588e-11, 1.69040944437e-11, 2.19971593024e-11, 5.81244843922e-11, 4.10890314828e-11, 2.662054778e-11, 2.52532196543e-11, 1.96072671987e-11, 1.72670940046e-11, 9.43661902092e-12, 6.51575625052e-12, 4.86555847695e-12, 5.78434826079e-12, 6.07531169469e-12], "dvar2": [8.87998758117e-05, 2.48372816714e-05, 5.81952053835e-06, 9.4170900411e-06, 1.49913864789e-06, 1.03705599486e-06, 9.50937078414e-07, 9.85103383755e-07, 9.09976876073e-08, 6.75611389056e-08, 4.16180263585e-08, 6.21514359977e-08, 3.38762866647e-08, 3.29694138657e-08, 1.61580580027e-08, 2.98289348777e-09, 2.15046758179e-09, 1.54977730649e-09, 1.32575717071e-09, 1.59870539029e-09, 1.39884248629e-09, 8.02074962003e-10, 7.05639990883e-10, 1.16844992015e-10, 6.97163715646e-11, 1.58892662916e-10, 4.15230350104e-11, 3.14980055927e-11, 3.76229533638e-11, 1.59793012156e-10, 1.05300684838e-10, 6.66437113828e-11, 5.55556989301e-11, 4.52141032947e-11, 4.12363754254e-11, 2.26845972562e-11, 1.55557407233e-11, 1.09713037266e-11, 1.45937567586e-11, 1.54607802255e-11], "max": [0.0738682001829, 0.0470027253032, 0.0209460426122, 0.023342628032, 0.0126233287156, 0.0128538915887, 0.0098881283775, 0.0106757851318, 0.00727368053049, 0.00800384674221, 0.00374030554667, 0.00477501563728, 0.00446824869141, 0.0039833849296, 0.0026291590184, 0.000670346315019, 0.000591390940826, 0.00157699675765, 0.000496586028021, 0.000369036191842, 0.000437911367044, 0.000242986250669, 0.000264786067419, 0.000213912760955, 0.000113141955808, 0.000187438956345, 0.000102593832707, 7.63855787227e-05, 0.000104893202661, 0.000132030661916, 0.000130899483338, 0.00013520680659, 0.000131568478537, 0.000104186998215, 8.29031559988e-05, 6.5891930717e-05, 5.10516692884e-05, 4.62575117126e-05, 5.81652820983e-05, 5.94553130213e-05], "mean": [0.0118499649689, 0.00438445853069, 0.00133333180565, 0.00174031045754, 0.00112272670958, 0.000796095700935, 0.000659425044432, 0.000520358327776, 0.000185849406989, 0.000138712697662, 0.000108712571091, 0.000154444904183, 0.000104295446363, 8.88421709533e-05, 5.86538662901e-05, 2.57030696957e-05, 2.28422213695e-05, 1.69650556927e-05, 1.06237157524e-05, 8.96604797163e-06, 8.475550203e-06, 6.76975469105e-06, 5.69664598515e-06, 3.30342345478e-06, 3.14316002914e-06, 3.22898290506e-06, 1.56855082878e-06, 1.56361511472e-06, 1.7615144543e-06, 1.92592756321e-06, 1.97369331545e-06, 1.60792694714e-06, 1.49833931573e-06, 1.6039248294e-06, 1.30981061375e-06, 8.3781583271e-07, 6.81811229697e-07, 4.92007302455e-07, 4.12223215562e-07, 3.68569544662e-07], "median": [0.00818636082113, 0.00254887668416, 0.000765166245401, 0.00103733863216, 0.00072841194924, 0.000472988496767, 0.000347644789144, 0.000229923258303, 7.70691694925e-05, 5.35667713848e-05, 3.19323444273e-05, 4.21683944296e-05, 3.58917677659e-05, 2.90611915261e-05, 2.71448552667e-05, 1.32646291604e-05, 1.03049442259e-05, 7.27742917661e-06, 3.10525501845e-06, 2.313422101e-06, 2.50351558861e-06, 1.38194604915e-06, 9.82517917691e-07, 6.00602220402e-07, 4.38657991708e-07, 2.95815397067e-07, 1.58414252382e-07, 7.68329542211e-08, 5.85691566357e-08, 5.45345670844e-08, 4.79777142459e-08, 3.18956949741e-08, 2.59761101518e-08, 2.34324701864e-08, 1.50962495837e-08, 9.28910015574e-09, 5.98802518681e-09, 3.54891671606e-09, 2.76418909984e-09, 1.74278580456e-09], "min": [1.99128718871e-23, 1.11835611465e-23, 1.2464708333e-23, 5.89630533733e-24, 9.46334896843e-24, 8.71959197433e-24, 1.45755336657e-23, 1.66148037923e-23, 2.67144495446e-23, 9.90292435292e-24, 4.81413095919e-24, 8.35773122191e-24, 8.066816675e-24, 5.71867476629e-24, 1.31735732204e-23, 1.14121556819e-23, 2.36005441836e-23, 6.46092819151e-24, 1.54762203374e-23, 9.74852218567e-24, 1.72281904778e-23, 7.51645760928e-24, 6.27563778108e-24, 1.19881629822e-23, 6.86640545781e-24, 1.14020787727e-23, 9.26772329685e-24, 1.13853399331e-23, 7.0333031818e-24, 9.00473048168e-24, 4.85000638101e-24, 9.72713537767e-24, 1.63831106113e-23, 1.02459045084e-23, 9.12206249728e-24, 8.92303525748e-24, 5.32207928493e-24, 1.03164436617e-23, 8.41599254406e-24, 1.14927536005e-23], "var": [0.000177441921551, 2.97680617223e-05, 3.52290862793e-06, 4.42385953647e-06, 1.58781244863e-06, 1.0314024621e-06, 8.70950998433e-07, 7.89142745816e-07, 1.76580499556e-07, 1.55708249849e-07, 4.04713667024e-08, 1.41537626064e-07, 7.85316203178e-08, 4.25084252242e-08, 1.60933488758e-08, 1.62071422949e-09, 1.5909655815e-09, 2.2190529414e-09, 7.43457240215e-10, 5.49594314503e-10, 5.81671433242e-10, 3.93125559883e-10, 2.83992968031e-10, 9.63149698885e-11, 6.54166304459e-11, 1.49057668986e-10, 3.85629583821e-11, 4.08950685815e-11, 5.24194576634e-11, 6.6719366143e-11, 6.4450111914e-11, 3.51480719529e-11, 3.75134541486e-11, 3.12364301092e-11, 2.18154262016e-11, 1.07348088751e-11, 7.39430999069e-12, 5.44953101742e-12, 5.11021216662e-12, 5.43531192276e-12]}, "mfcc": {"mean": [-739.02935791, 202.578262329, 30.4547481537, 22.2958469391, 5.42766904831, 9.17630290985, -3.2114546299, 3.10233426094, -5.68405103683, -2.32328271866, 3.2543721199, 4.64024019241, 3.494181633], "cov": [[17358.4667969, -1340.74609375, -3074.05224609, -752.960388184, -200.339508057, 1015.46618652, 472.675628662, 1278.55981445, 512.575256348, 239.816818237, -17.2374324799, -55.1644020081, -66.2383804321], [-1340.74609375, 3661.56738281, 310.473358154, 152.805862427, 286.332519531, -112.917045593, 36.9214668274, -232.433792114, -90.1513061523, -15.5932683945, 99.247543335, 96.3890457153, 119.081771851], [-3074.05224609, 310.473358154, 1563.07226562, 288.363739014, -83.9710235596, -363.443603516, -301.899139404, -385.682403564, -215.351974487, -97.1001968384, -3.85300159454, 6.90134716034, -23.8413619995], [-752.960388184, 152.805862427, 288.363739014, 262.146362305, -39.568611145, -79.3165969849, -49.6179275513, -116.721969604, -72.9875259399, -26.7374706268, -6.2236456871, -11.2727556229, 3.71795988083], [-200.339508057, 286.332519531, -83.9710235596, -39.568611145, 272.83203125, 53.7733268738, 78.6442642212, 33.5565376282, 51.7499694824, 31.1352062225, 2.14666247368, 20.519777298, 32.8931312561], [1015.46618652, -112.917045593, -363.443603516, -79.3165969849, 53.7733268738, 226.683242798, 108.63835144, 140.581390381, 86.5645599365, 24.5037899017, 2.73115944862, 13.6398820877, 14.6806774139], [472.675628662, 36.9214668274, -301.899139404, -49.6179275513, 78.6442642212, 108.63835144, 192.414260864, 108.29940033, 68.2963485718, 32.0299377441, -1.55966377258, -1.43097805977, 19.8193206787], [1278.55981445, -232.433792114, -385.682403564, -116.721969604, 33.5565376282, 140.581390381, 108.29940033, 273.47354126, 117.675361633, 40.8306770325, 3.48244667053, -16.1165008545, -8.06953430176], [512.575256348, -90.1513061523, -215.351974487, -72.9875259399, 51.7499694824, 86.5645599365, 68.2963485718, 117.675361633, 157.669113159, 58.1585197449, 6.12398433685, 10.7875509262, -2.28500318527], [239.816818237, -15.5932683945, -97.1001968384, -26.7374706268, 31.1352062225, 24.5037899017, 32.0299377441, 40.8306770325, 58.1585197449, 94.9738540649, 24.4082965851, 14.5706233978, 9.52289772034], [-17.2374324799, 99.247543335, -3.85300159454, -6.2236456871, 2.14666247368, 2.73115944862, -1.55966377258, 3.48244667053, 6.12398433685, 24.4082965851, 79.2486953735, 36.3986091614, 3.38801145554], [-55.1644020081, 96.3890457153, 6.90134716034, -11.2727556229, 20.519777298, 13.6398820877, -1.43097805977, -16.1165008545, 10.7875509262, 14.5706233978, 36.3986091614, 81.2957229614, 29.3981800079], [-66.2383804321, 119.081771851, -23.8413619995, 3.71795988083, 32.8931312561, 14.6806774139, 19.8193206787, -8.06953430176, -2.28500318527, 9.52289772034, 3.38801145554, 29.3981800079, 92.3278503418]], "icov": [[0.000120129006973, -1.97670306079e-05, 0.000137182578328, 5.0542941608e-05, 0.000187484620255, -0.000254505954217, 0.000179890615982, -0.00036704147351, 0.000149157625856, -0.000180620307219, 0.000153049695655, -6.01955471211e-05, 8.39173299028e-05], [-1.97670306079e-05, 0.000359300349373, -1.44428386193e-05, -0.000139703930472, -0.000421021948569, 0.00020733968995, -0.000213779276237, 0.000306390953483, 8.33746071294e-07, 0.000248420779826, -0.000527349067852, -3.61035490641e-05, -0.000280759093584], [0.000137182578328, -1.44428386193e-05, 0.00158212147653, -0.000704425794538, -0.000132840228616, 0.000867236405611, 0.00127290887758, 0.000215612875763, 0.000166517871548, 0.000261965149548, 0.000142251970829, -0.000414469017414, 0.000312838616082], [5.0542941608e-05, -0.000139703930472, -0.000704425794538, 0.00542124314234, 0.000747052719817, -0.000364145787898, -0.000684259633999, 0.00111441954505, 0.000761911040172, -0.000353858486051, 1.67741600308e-05, 0.00122202874627, -0.000482091505546], [0.000187484620255, -0.000421021948569, -0.000132840228616, 0.000747052719817, 0.00528798159212, -0.000979534583166, -0.00132141506765, -0.000334471493261, -0.000674929236993, -0.00109932734631, 0.00115524150897, -0.000517311738804, -0.000641591788735], [-0.000254505954217, 0.00020733968995, 0.000867236405611, -0.000364145787898, -0.000979534583166, 0.00951140187681, -0.00211968994699, -0.00117824005429, -0.00175703142304, 0.00203085318208, -0.000135035385028, -0.00200369092636, -0.000632760638837], [0.000179890615982, -0.000213779276237, 0.00127290887758, -0.000684259633999, -0.00132141506765, -0.00211968994699, 0.00975906848907, -0.00184749707114, -0.000295387202641, -0.000925780390389, 0.000618393125478, 0.000927260145545, -0.00091729091946], [-0.00036704147351, 0.000306390953483, 0.000215612875763, 0.00111441954505, -0.000334471493261, -0.00117824005429, -0.00184749707114, 0.00949618965387, -0.00381123158149, 0.000902516127098, -0.00213323207572, 0.0030224553775, -0.000186141580343], [0.000149157625856, 8.33746071294e-07, 0.000166517871548, 0.000761911040172, -0.000674929236993, -0.00175703142304, -0.000295387202641, -0.00381123158149, 0.0128639535978, -0.005841484759, 0.00219262531027, -0.00246674451046, 0.00199423660524], [-0.000180620307219, 0.000248420779826, 0.000261965149548, -0.000353858486051, -0.00109932734631, 0.00203085318208, -0.000925780390389, 0.000902516127098, -0.005841484759, 0.0159389879555, -0.005040013697, 0.000422304845415, -0.00175982050132], [0.000153049695655, -0.000527349067852, 0.000142251970829, 1.67741600308e-05, 0.00115524150897, -0.000135035385028, 0.000618393125478, -0.00213323207572, 0.00219262531027, -0.005040013697, 0.0186647847295, -0.00871120672673, 0.00277965911664], [-6.01955471211e-05, -3.61035490641e-05, -0.000414469017414, 0.00122202874627, -0.000517311738804, -0.00200369092636, 0.000927260145545, 0.0030224553775, -0.00246674451046, 0.000422304845415, -0.00871120672673, 0.019792644307, -0.00567197659984], [8.39173299028e-05, -0.000280759093584, 0.000312838616082, -0.000482091505546, -0.000641591788735, -0.000632760638837, -0.00091729091946, -0.000186141580343, 0.00199423660524, -0.00175982050132, 0.00277965911664, -0.00567197659984, 0.0137981958687]]}, "spectral_contrast_coeffs": {"dmean": [0.0488378442824, 0.0493330992758, 0.0360976830125, 0.0296993628144, 0.0207001324743, 0.0174513440579], "dmean2": [0.0775526016951, 0.0803733542562, 0.0587637238204, 0.048587962985, 0.0335004627705, 0.0282906163484], "dvar": [0.00172935880255, 0.00150800775737, 0.000836586463265, 0.000611827184912, 0.000347832334228, 0.000322480686009], "dvar2": [0.00432956218719, 0.00396674545482, 0.00215443852358, 0.00155613105744, 0.000854111800436, 0.00077064265497], "max": [-0.313041001558, -0.355776041746, -0.496846139431, -0.544364452362, -0.643233239651, -0.582141280174], "mean": [-0.66130977869, -0.681263446808, -0.782009482384, -0.799754738808, -0.816594839096, -0.787520825863], "median": [-0.666008174419, -0.688544869423, -0.783889532089, -0.803943097591, -0.812713742256, -0.787595570087], "min": [-0.969053149223, -0.955807566643, -0.971037268639, -0.958305478096, -0.962362170219, -0.962662339211], "var": [0.00913496781141, 0.00891423411667, 0.00331626855768, 0.00309677794576, 0.00280896876939, 0.00270418007858]}, "spectral_contrast_valleys": {"dmean": [0.305888861418, 0.353027284145, 0.332536309958, 0.31521615386, 0.297475934029, 0.349533975124], "dmean2": [0.503532469273, 0.584881782532, 0.549944579601, 0.519158542156, 0.464047551155, 0.513516783714], "dvar": [0.0754510089755, 0.0990098491311, 0.101686693728, 0.122420378029, 0.139319553971, 0.260854512453], "dvar2": [0.1767706424, 0.234017312527, 0.245496869087, 0.285402446985, 0.287280529737, 0.502335429192], "max": [-4.99070215225, -4.58073568344, -5.15741539001, -5.69662380219, -5