{"lowlevel": {"average_loudness": 0.856911420822, "barkbands_crest": {"dmean": 2.49031305313, "dmean2": 3.83834314346, "dvar": 5.59017324448, "dvar2": 12.5618524551, "max": 25.9977970123, "mean": 11.1673765182, "median": 10.1256856918, "min": 2.67090129852, "var": 26.7453384399}, "barkbands_flatness_db": {"dmean": 0.0256132539362, "dmean2": 0.0360209979117, "dvar": 0.00105935579631, "dvar2": 0.00198151380755, "max": 0.750507116318, "mean": 0.207623884082, "median": 0.161735624075, "min": 0.0278514903039, "var": 0.0159017592669}, "barkbands_kurtosis": {"dmean": 6.76702594757, "dmean2": 9.88074493408, "dvar": 306.25491333, "dvar2": 650.711975098, "max": 318.535858154, "mean": 9.96638679504, "median": 0.55967104435, "min": -1.94251060486, "var": 730.635803223}, "barkbands_skewness": {"dmean": 0.739289104939, "dmean2": 1.05706858635, "dvar": 0.942584276199, "dvar2": 1.91092693806, "max": 15.6378202438, "mean": 1.51430618763, "median": 0.898032069206, "min": -6.01335573196, "var": 5.60272598267}, "barkbands_spread": {"dmean": 7.2144947052, "dmean2": 10.5467061996, "dvar": 77.4493484497, "dvar2": 162.017807007, "max": 110.287498474, "mean": 26.3220481873, "median": 25.0000572205, "min": 0.107468038797, "var": 327.965606689}, "dissonance": {"dmean": 0.0153846293688, "dmean2": 0.0256436727941, "dvar": 0.000397369498387, "dvar2": 0.000994878821075, "max": 0.500000178814, "mean": 0.473155736923, "median": 0.481687128544, "min": 0.116497166455, "var": 0.00091404770501}, "dynamic_complexity": 3.44490742683, "erbbands_crest": {"dmean": 2.44422721863, "dmean2": 3.7618060112, "dvar": 5.27050590515, "dvar2": 11.087635994, "max": 28.926361084, "mean": 9.40760040283, "median": 8.28718662262, "min": 2.63422584534, "var": 18.5316162109}, "erbbands_flatness_db": {"dmean": 0.0183254182339, "dmean2": 0.0262658707798, "dvar": 0.00050552515313, "dvar2": 0.00103863072582, "max": 0.517810285091, "mean": 0.208554431796, "median": 0.197946354747, "min": 0.0979243516922, "var": 0.00437840726227}, "erbbands_kurtosis": {"dmean": 2.32993388176, "dmean2": 3.56587839127, "dvar": 46.6222953796, "dvar2": 112.267471313, "max": 198.855682373, "mean": 2.95950317383, "median": 0.0351217985153, "min": -1.89610278606, "var": 102.070381165}, "erbbands_skewness": {"dmean": 0.477018505335, "dmean2": 0.691022515297, "dvar": 0.348920851946, "dvar2": 0.726594150066, "max": 10.6944131851, "mean": -0.14866514504, "median": -0.240986943245, "min": -4.40745639801, "var": 2.16498708725}, "erbbands_spread": {"dmean": 10.3602657318, "dmean2": 15.5551052094, "dvar": 211.003326416, "dvar2": 457.825561523, "max": 165.623123169, "mean": 40.7112579346, "median": 35.2832489014, "min": 0.719729244709, "var": 689.120178223}, "hfc": {"dmean": 7.69455289841, "dmean2": 9.93582248688, "dvar": 192.544326782, "dvar2": 360.347900391, "max": 210.139190674, "mean": 22.9414978027, "median": 12.8403835297, "min": 1.2142864485e-16, "var": 864.969360352}, "melbands_crest": {"dmean": 3.54103732109, "dmean2": 5.42807865143, "dvar": 10.9987535477, "dvar2": 23.751291275, "max": 38.0677909851, "mean": 17.154258728, "median": 15.9792137146, "min": 1.79556024075, "var": 64.9907531738}, "melbands_flatness_db": {"dmean": 0.0307034030557, "dmean2": 0.0416188277304, "dvar": 0.00152091693599, "dvar2": 0.00272773113102, "max": 0.930255174637, "mean": 0.246377468109, "median": 0.194328159094, "min": 0.0039122258313, "var": 0.0279419049621}, "melbands_kurtosis": {"dmean": 19.5109443665, "dmean2": 27.7796363831, "dvar": 2481.60961914, "dvar2": 4755.37597656, "max": 1091.01538086, "mean": 34.8068580627, "median": 4.31475162506, "min": -1.86834299564, "var": 6948.0234375}, "melbands_skewness": {"dmean": 1.07437098026, "dmean2": 1.51539433002, "dvar": 2.41561031342, "dvar2": 4.69188928604, "max": 28.2057056427, "mean": 3.33983302116, "median": 1.82483673096, "min": -2.42684268951, "var": 14.2665987015}, "melbands_spread": {"dmean": 10.1816005707, "dmean2": 15.3213176727, "dvar": 256.88470459, "dvar2": 563.169616699, "max": 258.985717773, "mean": 35.5900001526, "median": 28.7542896271, "min": 0.160787463188, "var": 1165.93530273}, "pitch_salience": {"dmean": 0.073947660625, "dmean2": 0.112273134291, "dvar": 0.00521831167862, "dvar2": 0.0116176716983, "max": 0.878668069839, "mean": 0.481827229261, "median": 0.494080901146, "min": 0.0704663991928, "var": 0.0180167648941}, "silence_rate_20dB": {"dmean": 0, "dmean2": 0, "dvar": 0, "dvar2": 0, "max": 1, "mean": 1, "median": 1, "min": 1, "var": 0}, "silence_rate_30dB": {"dmean": 0.0275548826903, "dmean2": 0.0551181100309, "dvar": 0.0267977993935, "dvar2": 0.0702572464943, "max": 1, "mean": 0.97865575552, "median": 1, "min": 0, "var": 0.0208895932883}, "silence_rate_60dB": {"dmean": 0.0121120363474, "dmean2": 0.0242277402431, "dvar": 0.011964331381, "dvar2": 0.0290908198804, "max": 1, "mean": 0.0590372383595, "median": 0, "min": 0, "var": 0.055552482605}, "spectral_centroid": {"dmean": 318.698699951, "dmean2": 456.59197998, "dvar": 158164.171875, "dvar2": 295998.8125, "max": 11138.5009766, "mean": 1995.05541992, "median": 2020.40649414, "min": 94.8018188477, "var": 1069715.875}, "spectral_complexity": {"dmean": 3.17032551765, "dmean2": 4.50121116638, "dvar": 17.71052742, "dvar2": 25.7603797913, "max": 64, "mean": 15.4370269775, "median": 15, "min": 0, "var": 112.551826477}, "spectral_decrease": {"dmean": 2.30835972559e-09, "dmean2": 3.54829521321e-09, "dvar": 2.29441091835e-17, "dvar2": 6.13027720953e-17, "max": 2.93849546627e-16, "mean": -6.64074217838e-09, "median": -3.89377774468e-09, "min": -6.81595935248e-08, "var": 5.28899647626e-17}, "spectral_energy": {"dmean": 0.00909427367151, "dmean2": 0.0138483848423, "dvar": 0.000334099982865, "dvar2": 0.000885101384483, "max": 0.259946793318, "mean": 0.0271446164697, "median": 0.0173793882132, "min": 1.06205838593e-20, "var": 0.000793662911747}, "spectral_energyband_high": {"dmean": 0.000855506805237, "dmean2": 0.00110555812716, "dvar": 3.62049604519e-06, "dvar2": 6.88194540999e-06, "max": 0.0299496445805, "mean": 0.00207652105018, "median": 0.000466001045424, "min": 7.91101401458e-21, "var": 1.58160182764e-05}, "spectral_energyband_low": {"dmean": 0.00647259270772, "dmean2": 0.0101138902828, "dvar": 0.000215450694668, "dvar2": 0.000587750109844, "max": 0.221812233329, "mean": 0.0163161363453, "median": 0.00336378626525, "min": 6.5991893969e-23, "var": 0.00060246954672}, "spectral_energyband_middle_high": {"dmean": 0.00137057306711, "dmean2": 0.00198213243857, "dvar": 6.14318150838e-06, "dvar2": 1.47048640429e-05, "max": 0.0388159789145, "mean": 0.00390148977749, "median": 0.00293278926983, "min": 1.35318145212e-21, "var": 1.60485342349e-05}, "spectral_energyband_middle_low": {"dmean": 0.00360757415183, "dmean2": 0.00549176381901, "dvar": 8.16001920612e-05, "dvar2": 0.000190546357771, "max": 0.125781387091, "mean": 0.00590668385848, "median": 0.00316613959149, "min": 2.72411744954e-22, "var": 0.000105312654341}, "spectral_entropy": {"dmean": 0.210485696793, "dmean2": 0.287696361542, "dvar": 0.0991734266281, "dvar2": 0.172174841166, "max": 9.81395721436, "mean": 7.23511600494, "median": 7.45863628387, "min": 3.51822662354, "var": 0.828362166882}, "spectral_flux": {"dmean": 0.0223339032382, "dmean2": 0.0349873974919, "dvar": 0.00116417254321, "dvar2": 0.00238156341948, "max": 0.407895505428, "mean": 0.069010168314, "median": 0.0556326955557, "min": 1.03056216338e-10, "var": 0.00265952665359}, "spectral_kurtosis": {"dmean": 4.49944925308, "dmean2": 7.49991559982, "dvar": 379.945770264, "dvar2": 984.70111084, "max": 651.58795166, "mean": 10.1760168076, "median": 2.38830900192, "min": -1.20910680294, "var": 1315.04907227}, "spectral_rms": {"dmean": 0.000732799351681, "dmean2": 0.0010681769345, "dvar": 1.04755838493e-06, "dvar2": 2.55658119386e-06, "max": 0.0159250311553, "mean": 0.00457628676668, "median": 0.00411770585924, "min": 3.21893531795e-12, "var": 5.5401433201e-06}, "spectral_rolloff": {"dmean": 605.49786377, "dmean2": 979.993164062, "dvar": 1242586.625, "dvar2": 2383816.75, "max": 19767.4804688, "mean": 2391.64257812, "median": 1873.38867188, "min": 43.06640625, "var": 8009603.5}, "spectral_skewness": {"dmean": 0.357800573111, "dmean2": 0.564584612846, "dvar": 0.59014326334, "dvar2": 1.33283078671, "max": 21.3248691559, "mean": 1.50291240215, "median": 1.07883882523, "min": -0.16224437952, "var": 3.78390336037}, "spectral_spread": {"dmean": 492837.3125, "dmean2": 718886.4375, "dvar": 599709122560, "dvar2": 983158095872, "max": 39684380, "mean": 4023322.25, "median": 3898709, "min": 140693.578125, "var": 2385648287740.0}, "spectral_strongpeak": {"dmean": 0.731046140194, "dmean2": 1.22952628136, "dvar": 2.22239756584, "dvar2": 5.70311975479, "max": 28.4680938721, "mean": 1.26623213291, "median": 0.479198276997, "min": 3.75088538007e-09, "var": 4.4415102005}, "zerocrossingrate": {"dmean": 0.0127472085878, "dmean2": 0.0138432616368, "dvar": 0.000265572889475, "dvar2": 0.000285449030343, "max": 0.7978515625, "mean": 0.0830293223262, "median": 0.06884765625, "min": 0.00146484375, "var": 0.00661240098998}, "barkbands": {"dmean": [0.000552217417862, 0.00469796126708, 0.00213626609184, 0.00181807985064, 0.00124456908088, 0.000628482433967, 0.000287876202492, 0.000193652769667, 0.000151055777678, 0.000403656216804, 0.000160957424669, 8.27347903396e-05, 0.000374036491849, 0.000103269652755, 0.000115358678158, 0.000368854525732, 0.000115130555059, 8.79879589775e-05, 0.000215539796045, 0.000288241542876, 0.000253650418017, 0.000279021274764, 0.000152439562953, 0.000139550858876, 5.77815189899e-05, 6.96539109413e-06, 5.29134126737e-07], "dmean2": [0.000586617621593, 0.00696462253109, 0.00363502558321, 0.002811772516, 0.00200633774512, 0.00101420341525, 0.000493432511576, 0.000338918005582, 0.000247556454269, 0.00060779589694, 0.000263740075752, 0.000128454033984, 0.000539971690159, 0.000171829160536, 0.000186030796613, 0.000538246065844, 0.000164413329912, 0.00013618657249, 0.000319835351547, 0.000431482883869, 0.000364177656593, 0.000401667464757, 0.000208141893381, 0.00019489027909, 8.29000855447e-05, 1.05039171103e-05, 8.72675400387e-07], "dvar": [1.31121157665e-06, 9.88101455732e-05, 5.38505773875e-05, 3.89420747524e-05, 1.21726789075e-05, 1.6007116983e-06, 6.71026668897e-07, 3.90315989307e-07, 8.83605366653e-08, 5.47163494957e-07, 1.42860884011e-07, 3.49706397174e-08, 7.76562160354e-07, 1.0238009196e-07, 9.13293547455e-08, 9.22373544654e-07, 6.14418951272e-08, 4.22488781737e-08, 1.50918324948e-07, 3.78002368961e-07, 4.12502430436e-07, 4.10841437315e-07, 1.32226290361e-07, 1.51123757064e-07, 2.71466866764e-08, 2.62646349114e-09, 2.0334506648e-11], "dvar2": [1.68267104073e-06, 0.000240018242039, 0.000146626960486, 8.83348620846e-05, 3.11202638841e-05, 4.14269379689e-06, 1.80744939371e-06, 1.06763945951e-06, 2.21063515937e-07, 1.09707445972e-06, 3.65901229316e-07, 8.28707413802e-08, 1.3634695506e-06, 2.86181631282e-07, 2.46231877554e-07, 1.81184680059e-06, 1.24160195014e-07, 1.03865112067e-07, 3.39527133519e-07, 9.37313018312e-07, 8.85486088009e-07, 9.67484993453e-07, 2.58765254557e-07, 3.20601685644e-07, 6.27935250463e-08, 7.13084657988e-09, 5.08149321232e-11], "max": [0.0162642784417, 0.130055695772, 0.100404605269, 0.0953229218721, 0.0559815615416, 0.0185952167958, 0.012129701674, 0.01137238089, 0.00493863457814, 0.0107565121725, 0.00522880349308, 0.00319793983363, 0.025271717459, 0.00502131925896, 0.00533438427374, 0.0317676737905, 0.00666127447039, 0.00344926235266, 0.0071925339289, 0.0150362402201, 0.0137567203492, 0.00922763254493, 0.00611762376502, 0.00918092299253, 0.00201812642626, 0.00181991816498, 0.000148904058733], "mean": [0.00144652242307, 0.0104921534657, 0.00335048185661, 0.00227957125753, 0.00176154926885, 0.0010599042289, 0.000316421093885, 0.000213145453017, 0.000233320213738, 0.000621264392976, 0.000251821853453, 0.00016210800095, 0.000707593688276, 0.000137339986395, 0.000197040120838, 0.000650650530588, 0.000221181573579, 0.000158751194249, 0.000468481739517, 0.000649008026812, 0.000508808938321, 0.00058910244843, 0.000310583971441, 0.00025967558031, 8.49633433972e-05, 1.22709407151e-05, 8.85486315383e-07], "median": [0.00023482562392, 0.00235842796974, 4.4188935135e-05, 4.17560368078e-05, 0.000822250731289, 0.000408794730902, 0.00010952402954, 6.65438928991e-05, 9.10192975425e-05, 0.00021389577887, 8.33114099805e-05, 4.31954831583e-05, 0.000177998706931, 4.66898709419e-05, 8.77902202774e-05, 0.000104023856693, 8.74011893757e-05, 7.39677489037e-05, 0.000250559300184, 0.000172798216227, 0.000102695499663, 0.000143451004988, 5.41337540199e-05, 1.4695659047e-05, 4.88327805215e-06, 2.75733867738e-07, 5.57457235928e-09], "min": [6.29182284027e-24, 4.75477485587e-23, 5.16283114513e-24, 1.26204302646e-23, 2.75733234329e-23, 3.07725456786e-23, 5.45865303795e-23, 8.22478244251e-23, 6.02185554807e-23, 3.86937536188e-23, 1.1056748916e-22, 6.25138441032e-23, 6.92476302099e-23, 1.2857329612e-22, 8.74975927752e-23, 1.10669346881e-22, 1.67942365161e-22, 1.68149501102e-22, 2.25720973862e-22, 2.72450948185e-22, 4.05878553528e-22, 4.58288351613e-22, 6.9311853585e-22, 9.15670358844e-22, 1.41908276593e-21, 1.63871749489e-21, 2.50024286458e-21], "var": [7.93453364167e-06, 0.000321629951941, 5.66373237234e-05, 4.83731346321e-05, 1.29565787574e-05, 2.96818825518e-06, 5.53192649022e-07, 2.9020603165e-07, 1.34922032657e-07, 1.19624792205e-06, 2.2884489681e-07, 1.07854617681e-07, 2.58986801782e-06, 9.85412782484e-08, 1.17246749198e-07, 2.26627912525e-06, 1.87871620483e-07, 7.64665202269e-08, 4.49611633258e-07, 1.29498005208e-06, 1.06839968339e-06, 1.18138359539e-06, 4.38744251596e-07, 4.79670973164e-07, 4.50692212439e-08, 4.23779278336e-09, 3.74219995269e-11]}, "erbbands": {"dmean": [0.222783923149, 0.863613307476, 2.29712939262, 4.43573570251, 4.12119054794, 4.49014854431, 6.45516824722, 5.16726398468, 4.17900848389, 4.71671152115, 3.51034379005, 2.73509025574, 5.76334619522, 13.6483421326, 5.51798009872, 4.56340503693, 16.0645656586, 7.48996543884, 6.01762151718, 12.9807338715, 12.5727529526, 5.67583703995, 5.64293336868, 7.66256809235, 14.0694169998, 12.5066127777, 10.7637052536, 9.48167800903, 11.6012620926, 6.51281929016, 4.35635948181, 3.26190781593, 1.9617164135, 0.945732593536, 0.261842131615, 0.0608158223331, 0.0067486949265, 0.000839806278236, 0.000100855948403, 1.38831401273e-05], "dmean2": [0.293765574694, 1.40831577778, 3.91836857796, 7.08479309082, 5.93895673752, 7.69688987732, 9.93676185608, 8.80072689056, 7.29806613922, 8.02335453033, 6.11981773376, 4.5220952034, 9.3940076828, 20.5388259888, 8.77008247375, 6.60084867477, 22.8451976776, 12.1763029099, 9.92976665497, 18.9527988434, 18.6294822693, 8.25355529785, 8.5376329422, 11.3146924973, 20.6715393066, 18.4431762695, 15.5523443222, 13.2970952988, 17.1786136627, 9.19581985474, 5.90532827377, 4.51891231537, 2.82997870445, 1.37760007381, 0.364865034819, 0.0917499884963, 0.0100530898198, 0.00130265846383, 0.000162179683684, 2.0379498892e-05], "dvar": [0.219138532877, 4.67399263382, 59.9809799194, 217.671722412, 180.82244873, 242.524551392, 135.582672119, 145.245422363, 154.770477295, 239.745193481, 79.4114227295, 32.130607605, 134.763687134, 608.35546875, 191.072021484, 85.0898590088, 1671.04296875, 373.777832031, 279.664550781, 763.845031738, 1203.11022949, 159.339401245, 136.197921753, 193.192443848, 622.905517578, 895.262695312, 813.676452637, 505.634429932, 850.303100586, 201.103408813, 115.973953247, 89.0843276978, 31.5883903503, 7.71323060989, 0.586501419544, 0.186305522919, 0.00182275834959, 4.06546678278e-05, 6.7250431357e-07, 1.02727415463e-09], "dvar2": [0.409257292747, 12.7564697266, 165.247024536, 552.179199219, 368.356842041, 666.168884277, 287.42565918, 404.073730469, 412.129699707, 655.356933594, 215.148071289, 83.6383895874, 342.141784668, 1276.47363281, 441.393066406, 174.256790161, 2756.97143555, 1054.76599121, 779.817382812, 1549.52770996, 2500.78491211, 358.377807617, 330.570220947, 434.182403564, 1388.83190918, 2222.70581055, 1644.61535645, 1093.08886719, 2290.02172852, 392.204559326, 233.091049194, 188.983947754, 71.5254898071, 18.2501144409, 1.34638774395, 0.524014234543, 0.00392776355147, 9.07244175323e-05, 1.67367693393e-06, 2.3535493554e-09], "max": [5.97044849396, 31.7997093201, 96.8307113647, 204.510360718, 222.280471802, 289.580566406, 290.653839111, 183.109985352, 198.711853027, 261.061767578, 126.186126709, 102.678260803, 160.674621582, 331.352020264, 269.411895752, 184.183380127, 1230.17602539, 323.821014404, 271.148956299, 705.972595215, 1103.58435059, 276.046936035, 216.765319824, 245.262481689, 431.467010498, 718.021057129, 613.965209961, 416.126708984, 462.073852539, 278.192077637, 210.532821655, 276.749389648, 81.1560897827, 34.2290763855, 11.6614246368, 16.0109672546, 1.01129031181, 0.188194662333, 0.0275782868266, 0.000902346684597], "mean": [0.488118559122, 1.60987007618, 3.71772885323, 5.8590836525, 6.11796426773, 5.51884460449, 11.0963954926, 7.20874834061, 4.69673252106, 5.22856330872, 4.35815620422, 4.32877445221, 9.62495517731, 21.3539352417, 10.4442386627, 9.96144580841, 31.2199287415, 12.5466718674, 9.56460475922, 24.6369132996, 22.4793281555, 11.3987760544, 11.761054039, 16.5638904572, 30.503238678, 28.8585472107, 22.2257976532, 18.8682250977, 23.1366271973, 14.2592821121, 9.01892948151, 6.16812467575, 3.25213527679, 1.42416739464, 0.384041726589, 0.103021293879, 0.0124410325661, 0.00164446700364, 0.000189556580153, 4.14738060499e-05], "median": [0.105574347079, 0.270633459091, 0.0663013905287, 0.152319997549, 0.464321136475, 2.34314060211, 3.53205156326, 2.7776889801, 1.66358327866, 1.76471781731, 1.65804290771, 1.98571228981, 4.13719272614, 8.26173591614, 3.3651432991, 3.08520078659, 7.3536438942, 5.63087129593, 4.64140939713, 7.15347385406, 5.58722639084, 5.49995613098, 6.22558546066, 9.11022567749, 13.8693389893, 7.90801811218, 4.1353020668, 4.50739574432, 4.55376672745, 4.71200275421, 1.277364254, 0.466080844402, 0.182486459613, 0.0801493525505, 0.0214384421706, 0.00339255225845, 0.00032695083064, 3.08639355353e-05, 1.65438086697e-05, 2.40292592935e-05], "min": [1.77856049577e-21, 9.19415936055e-21, 6.94242025241e-21, 2.99133486476e-20, 3.82604346712e-20, 1.29036698815e-19, 1.31305513063e-19, 3.19579833793e-19, 6.13739476783e-19, 1.06582687217e-18, 1.98581973439e-18, 1.30014976891e-18, 9.06717647365e-19, 2.43252931841e-18, 4.52337555479e-18, 2.79135282351e-18, 3.06326135973e-18, 5.28510798292e-18, 6.96151646648e-18, 3.80163937723e-18, 7.23111778917e-18, 9.65988219502e-18, 9.86296661593e-18, 1.21684935182e-17, 1.15839746102e-17, 1.22670595328e-17, 1.19767183107e-17, 1.86869497147e-17, 1.7450058273e-17, 1.65896547783e-17, 2.01996860385e-17, 1.56113184893e-17, 1.8460444502e-17, 1.28124908482e-17, 1.04248398004e-17, 6.93795505391e-18, 2.71247991134e-18, 1.42543992116e-18, 3.38335585496e-19, 3.73604589336e-20], "var": [0.868856787682, 8.1218919754, 61.906539917, 230.125946045, 301.59854126, 189.811264038, 411.709747314, 155.873748779, 127.714424133, 178.245193481, 69.0965423584, 45.384059906, 204.051651001, 1283.53259277, 473.08682251, 311.597198486, 5897.6875, 426.641601562, 290.518463135, 1980.7635498, 2665.74902344, 399.316375732, 300.857757568, 511.030944824, 2003.57275391, 3460.71386719, 2279.82543945, 1298.5402832, 2212.09301758, 587.638000488, 449.246704102, 312.10723877, 61.3056030273, 12.466085434, 1.01267492771, 0.261283844709, 0.00432766554877, 0.000105130580778, 1.34437902943e-06, 2.8607447522e-09]}, "gfcc": {"mean": [-78.6926956177, 84.3486404419, -132.508392334, 69.0297088623, -55.2458953857, 14.8015394211, -26.8030796051, -2.56922793388, -13.8411607742, -1.89174067974, 3.5420563221, 4.09371566772, 8.40331268311], "cov": [[25589.5136719, -1123.60791016, -1702.40405273, 1910.3927002, -3540.81713867, 1754.91894531, -787.56640625, 30.64336586, -686.702270508, 674.649047852, -352.758972168, 113.775665283, -22.5407447815], [-1123.60791016, 3498.1159668, 443.872558594, -248.814880371, 1147.89501953, -240.783248901, 317.759552002, -526.43157959, 313.762176514, -374.903900146, 20.8274555206, -150.552246094, 103.202072144], [-1702.40405273, 443.872558594, 3559.8269043, 1779.8380127, 1363.68579102, 354.932922363, 40.3586959839, -231.914886475, -466.725952148, -440.465911865, -315.948974609, -534.709411621, -314.740966797], [1910.3927002, -248.814880371, 1779.8380127, 1958.80480957, 487.253448486, 478.831237793, -7.11045885086, -70.6815490723, -421.277252197, -243.716156006, -165.757705688, -351.306854248, -251.425735474], [-3540.81713867, 1147.89501953, 1363.68579102, 487.253448486, 1450.76062012, -45.4908294678, 235.456512451, -213.192077637, -5.37223529816, -340.091430664, -73.651725769, -235.502059937, -155.413192749], [1754.91894531, -240.783248901, 354.932922363, 478.831237793, -45.4908294678, 457.194213867, -20.898475647, 0.437624633312, -114.531715393, 42.2753868103, -63.3775215149, -79.6014022827, -80.5357437134], [-787.56640625, 317.759552002, 40.3586959839, -7.11045885086, 235.456512451, -20.898475647, 193.07093811, -25.701915741, 77.9074783325, -33.9512329102, 31.4137096405, -2.97500443459, -5.06739044189], [30.64336586, -526.43157959, -231.914886475, -70.6815490723, -213.192077637, 0.437624633312, -25.701915741, 203.082641602, 26.610956192, 85.0377578735, 23.5794277191, 47.1736030579, 17.1223049164], [-686.702270508, 313.762176514, -466.725952148, -421.277252197, -5.37223529816, -114.531715393, 77.9074783325, 26.610956192, 267.512878418, 80.9531402588, 53.5249557495, 93.6848907471, 84.0731735229], [674.649047852, -374.903900146, -440.465911865, -243.716156006, -340.091430664, 42.2753868103, -33.9512329102, 85.0377578735, 80.9531402588, 220.665985107, 41.7947235107, 93.7138214111, 25.3456707001], [-352.758972168, 20.8274555206, -315.948974609, -165.757705688, -73.651725769, -63.3775215149, 31.4137096405, 23.5794277191, 53.5249557495, 41.7947235107, 160.895401001, 74.6708450317, 42.5470428467], [113.775665283, -150.552246094, -534.709411621, -351.306854248, -235.502059937, -79.6014022827, -2.97500443459, 47.1736030579, 93.6848907471, 93.7138214111, 74.6708450317, 196.021591187, 102.546478271], [-22.5407447815, 103.202072144, -314.740966797, -251.425735474, -155.413192749, -80.5357437134, -5.06739044189, 17.1223049164, 84.0731735229, 25.3456707001, 42.5470428467, 102.546478271, 161.951309204]], "icov": [[0.000272304372629, -0.000502078677528, 0.000207896155189, -0.000507172953803, 0.000785446318332, -0.000575244019274, 0.000353608833393, -0.000252925092354, 0.000639417557977, -0.000484318821691, 0.000773107574787, -0.000730674655642, 0.00048339436762], [-0.000502078677528, 0.00191971228924, -0.000334034848493, 0.00105125829577, -0.00170327618252, 0.000927917135414, -0.000955706113018, 0.0024882487487, -0.00255344435573, 0.00183567893691, -0.00178989651613, 0.00242331251502, -0.00180228764657], [0.000207896155189, -0.000334034848493, 0.00118085020222, -0.000844775466248, -0.00026557786623, -0.000430110289017, 0.000505030271597, -8.11071658973e-05, 0.00130407058168, -0.000808286946267, 0.00128946744371, 0.00028718606336, -0.000290250725811], [-0.000507172953803, 0.00105125829577, -0.000844775466248, 0.00243766745552, -0.00127669039648, 9.38134107855e-05, -0.00104788329918, 0.000311329960823, -0.000582568463869, 0.0018650800921, -0.00183448963799, 0.00198115222156, -0.000603999418672], [0.000785446318332, -0.00170327618252, -0.00026557786623, -0.00127669039648, 0.00479253102094, -0.00148063630331, -0.000303207227262, -0.000587980845012, 0.000345899461536, 0.000823708949611, 0.00179556035437, -0.00251893186942, 0.00342675903812], [-0.000575244019274, 0.000927917135414, -0.000430110289017, 9.38134107855e-05, -0.00148063630331, 0.00496208621189, -0.00123914063442, 0.000732994172722, -0.000554206606466, -0.00142779992893, -0.000756382301915, 0.00175284664147, -0.000831203302369], [0.000353608833393, -0.000955706113018, 0.000505030271597, -0.00104788329918, -0.000303207227262, -0.00123914063442, 0.00880646146834, -0.000917439407203, -0.00145820737816, -0.000165899400599, -0.000436574744526, -0.00180454354268, 0.0015185601078], [-0.000252925092354, 0.0024882487487, -8.11071658973e-05, 0.000311329960823, -0.000587980845012, 0.000732994172722, -0.000917439407203, 0.010641746223, -0.00389905599877, 0.000781716720667, -0.00165023794398, 0.00253194314428, -0.00191655836534], [0.000639417557977, -0.00255344435573, 0.00130407058168, -0.000582568463869, 0.000345899461536, -0.000554206606466, -0.00145820737816, -0.00389905599877, 0.0128660909832, -0.00665558688343, 0.00333549501374, -0.00226437300444, -0.00131097377744], [-0.000484318821691, 0.00183567893691, -0.000808286946267, 0.0018650800921, 0.000823708949611, -0.00142779992893, -0.000165899400599, 0.000781716720667, -0.00665558688343, 0.0137277981266, -0.00301673519425, -0.000486111151986, 0.00248707085848], [0.000773107574787, -0.00178989651613, 0.00128946744371, -0.00183448963799, 0.00179556035437, -0.000756382301915, -0.000436574744526, -0.00165023794398, 0.00333549501374, -0.00301673519425, 0.0110056474805, -0.00417030369863, 0.000903771957383], [-0.000730674655642, 0.00242331251502, 0.00028718606336, 0.00198115222156, -0.00251893186942, 0.00175284664147, -0.00180454354268, 0.00253194314428, -0.00226437300444, -0.000486111151986, -0.00417030369863, 0.0155260656029, -0.00736566958949], [0.00048339436762, -0.00180228764657, -0.000290250725811, -0.000603999418672, 0.00342675903812, -0.000831203302369, 0.0015185601078, -0.00191655836534, -0.00131097377744, 0.00248707085848, 0.000903771957383, -0.00736566958949, 0.0137316947803]]}, "melbands": {"dmean": [0.00152591813821, 0.00109339761548, 0.000752918364014, 0.000279918021988, 0.000217413777136, 0.000112438086944, 6.16130055278e-05, 4.99567104271e-05, 2.74446047115e-05, 1.91961225937e-05, 3.25003384205e-05, 6.13785377936e-05, 1.87786208699e-05, 1.07053401734e-05, 2.38450884353e-05, 3.60682934115e-05, 1.19720343719e-05, 9.98653013085e-06, 8.36845720187e-06, 3.20926483255e-05, 1.04101873148e-05, 5.69502935832e-06, 7.05939692125e-06, 4.37209882875e-06, 6.93848096489e-06, 8.93760352483e-06, 1.19142159747e-05, 8.62572142069e-06, 7.66479843151e-06, 6.65756624585e-06, 5.36802645001e-06, 7.39657980375e-06, 5.13178565598e-06, 3.3670760331e-06, 2.84050997834e-06, 2.52503400588e-06, 1.73121998159e-06, 1.49811376104e-06, 1.12185557555e-06, 7.30634951651e-07], "dmean2": [0.00213887775317, 0.00185181223787, 0.00116222607903, 0.000442208925961, 0.000342529674526, 0.00018967106007, 0.00010672667122, 8.5623243649e-05, 4.75938759337e-05, 3.17247177009e-05, 5.25642935827e-05, 9.19611702557e-05, 3.05207831843e-05, 1.64193934324e-05, 3.25389992213e-05, 5.40339788131e-05, 1.98226534849e-05, 1.66885602084e-05, 1.26901959447e-05, 4.66447309009e-05, 1.58424008987e-05, 8.43803627504e-06, 1.03629881778e-05, 6.78043898006e-06, 1.03154234239e-05, 1.32148697958e-05, 1.781163337e-05, 1.29506588564e-05, 1.13918113129e-05, 1.0068638403e-05, 7.69100006437e-06, 1.11661302071e-05, 7.71860140958e-06, 4.83549001729e-06, 4.04531238019e-06, 3.47119680555e-06, 2.47836806011e-06, 2.21906634579e-06, 1.65156620824e-06, 1.08138056021e-06], "dvar": [9.9850440165e-06, 1.18676289276e-05, 6.07245738138e-06, 9.14121017104e-07, 1.59769200536e-07, 6.64685941842e-08, 3.29748104377e-08, 2.86171459862e-08, 4.21575219178e-09, 1.44187750628e-09, 4.01901845137e-09, 1.22675274383e-08, 1.99696037484e-09, 6.60356269666e-10, 5.13523090717e-09, 6.12179196224e-09, 1.13241416244e-09, 8.16064660292e-10, 4.58578008899e-10, 6.67573196722e-09, 9.46627776166e-10, 1.90222462781e-10, 2.03381811392e-10, 1.06835387759e-10, 1.57918733645e-10, 2.87494583695e-10, 5.14400300133e-10, 4.6999582004e-10, 3.99608346413e-10, 2.73818551166e-10, 1.56511012483e-10, 3.20174275981e-10, 1.53326920604e-10, 5.17129290778e-11, 5.45838964305e-11, 5.6707236129e-11, 2.10887557417e-11, 1.93504014895e-11, 1.10219290292e-11, 4.85481533447e-12], "dvar2": [2.11376191146e-05, 3.30984003085e-05, 1.43700117405e-05, 2.29550209951e-06, 3.74047601781e-07, 1.8253533085e-07, 8.78102071056e-08, 7.87398661828e-08, 1.14592628719e-08, 3.71634412133e-09, 9.96512916629e-09, 2.49841551891e-08, 4.97681851286e-09, 1.49067336253e-09, 7.43497041711e-09, 1.29775852287e-08, 3.1993239169e-09, 2.31994246036e-09, 1.16269061046e-09, 1.27014478934e-08, 2.18699880428e-09, 4.40398800761e-10, 4.22962193047e-10, 2.64304467201e-10, 3.60779545128e-10, 6.41286912462e-10, 1.20110965618e-09, 1.15665799161e-09, 8.18758005838e-10, 6.41941111379e-10, 3.39698186247e-10, 8.566784504e-10, 3.47687295621e-10, 1.05118191929e-10, 1.11776761458e-10, 1.20621887478e-10, 4.48142183085e-11, 4.51034522231e-11, 2.64165911368e-11, 1.16057970526e-11], "max": [0.042331174016, 0.0467312857509, 0.0355679951608, 0.0144840432331, 0.00819909665734, 0.00401793560013, 0.00288821780123, 0.00291246245615, 0.000747139158193, 0.000750221661292, 0.000817594700493, 0.00151388952509, 0.000697034935001, 0.000413213769207, 0.00244358344935, 0.00150761008263, 0.000572744058445, 0.000489655707497, 0.000439410330728, 0.0027617206797, 0.000781980517786, 0.000261411711108, 0.000431699183537, 0.000169018821907, 0.000224942355999, 0.000332862895448, 0.000483151117805, 0.000470814295113, 0.000377275282517, 0.000284823065158, 0.00023889701697, 0.0002648573427, 0.000231180471019, 0.000123048142996, 0.000161072894116, 0.000225389070692, 0.000110544118797, 6.83091202518e-05, 5.19607892784e-05, 3.25828114001e-05], "mean": [0.00348415784538, 0.00198795017786, 0.00108976813499, 0.000378002645448, 0.000358732126188, 0.000163954842719, 7.09037485649e-05, 5.50335062144e-05, 3.40500337188e-05, 2.94099681923e-05, 5.36805819138e-05, 9.40111931413e-05, 3.11977273668e-05, 2.18793047679e-05, 4.81685128761e-05, 6.56237680232e-05, 1.76936064236e-05, 1.43365177792e-05, 1.53401506395e-05, 5.74481309741e-05, 1.73747339431e-05, 1.03195488919e-05, 1.41820310091e-05, 7.90380090621e-06, 1.3608188965e-05, 1.84660184459e-05, 2.42416153924e-05, 1.86401084648e-05, 1.44453088069e-05, 1.16208511827e-05, 1.0195066352e-05, 1.42482758747e-05, 9.83575409919e-06, 7.12785231372e-06, 5.6172702898e-06, 4.61311583422e-06, 3.13650571115e-06, 2.3760858312e-06, 1.71949182004e-06, 1.04158107206e-06], "median": [0.000805394724011, 0.000140673932037, 3.70025154552e-05, 7.27937440388e-05, 0.000134980131406, 6.4903870225e-05, 2.53960206464e-05, 1.85591416084e-05, 1.3094150745e-05, 1.17627259897e-05, 2.20331221499e-05, 3.34694559569e-05, 1.05757471829e-05, 4.07444622397e-06, 9.1066413006e-06, 1.95727534447e-05, 6.16743182036e-06, 6.20222999714e-06, 6.84522819938e-06, 7.89207024354e-06, 4.69791575597e-06, 4.3958052629e-06, 5.24090955878e-06, 4.17662477048e-06, 6.36797813058e-06, 8.98589496501e-06, 7.48983438825e-06, 3.44879663317e-06, 2.4479950298e-06, 2.00553358809e-06, 2.32930324273e-06, 2.36012101595e-06, 2.87181728709e-06, 2.18623381443e-06, 6.10408847024e-07, 4.0442355953e-07, 2.06901276556e-07, 1.27167041342e-07, 9.22370375633e-08, 5.59346737816e-08], "min": [1.53223435515e-23, 6.39455185722e-24, 4.76086628201e-24, 6.25033664527e-24, 4.84064930738e-24, 6.57814858329e-24, 9.94334874115e-24, 1.23883284536e-23, 1.66305384119e-23, 8.11970822098e-24, 4.22551056185e-24, 9.02761139224e-24, 1.54210442503e-23, 7.87048023975e-24, 5.78616221116e-24, 8.22117703263e-24, 1.02693320996e-23, 1.2989028678e-23, 5.3342695525e-24, 5.39917032246e-24, 8.56155552488e-24, 8.64433069966e-24, 1.09603726749e-23, 7.73968867938e-24, 1.01640877997e-23, 8.00682695861e-24, 1.06205053645e-23, 7.03795667228e-24, 6.22644599275e-24, 9.65272922823e-24, 1.15124001814e-23, 9.85347855139e-24, 8.32428667497e-24, 9.94141445421e-24, 1.24095835218e-23, 1.05675081111e-23, 8.77076380353e-24, 1.34127022043e-23, 1.20845049868e-23, 1.02175741467e-23], "var": [3.87092950405e-05, 1.36791868499e-05, 7.70089354774e-06, 1.02560113646e-06, 3.66460938039e-07, 7.65439551742e-08, 2.76391869392e-08, 2.07435970623e-08, 3.82375864305e-09, 2.16100204398e-09, 6.59707088957e-09, 2.64422510554e-08, 3.68528274564e-09, 2.15120365965e-09, 2.03592467329e-08, 1.636118796e-08, 1.18474885458e-09, 7.70861041666e-10, 6.97877977629e-10, 1.72557950151e-08, 1.66891123143e-09, 3.75676934006e-10, 7.13684278342e-10, 1.80296777508e-10, 3.90817045393e-10, 8.42701852743e-10, 1.51709977914e-09, 2.02808569938e-09, 1.00694752536e-09, 6.2496280373e-10, 3.685204919e-10, 8.42052427785e-10, 3.57309681842e-10, 1.54135537667e-10, 1.96651653295e-10, 1.99366800846e-10, 6.43490885577e-11, 3.45753009556e-11, 1.7769308594e-11, 7.34954458403e-12]}, "mfcc": {"mean": [-697.773864746, 85.6063690186, 1.88556993008, 45.2879066467, 3.35444617271, 19.4018039703, 2.08485913277, 6.88790798187, -4.82145118713, 1.12800705433, -1.07781934738, -5.00424766541, 5.32125377655], "cov": [[16065.8066406, -1645.42297363, -1627.86779785, -872.658752441, -1935.84960938, -212.885101318, -607.926940918, -265.442687988, -217.211196899, 211.736358643, 117.680854797, 86.9092636108, 319.949707031], [-1645.42297363, 3260.59887695, -564.23651123, -144.989379883, 299.052978516, 263.392028809, -150.086029053, 109.939041138, 88.2580795288, -23.6257286072, -1.63863420486, -107.237388611, 96.0694580078], [-1627.86779785, -564.23651123, 2137.17358398, 1271.19421387, 1084.20910645, 539.164428711, 652.437011719, 99.0081787109, 53.4133033752, -58.3914604187, -107.860038757, -10.1628074646, -281.709259033], [-872.658752441, -144.989379883, 1271.19421387, 1447.72607422, 957.21307373, 510.943603516, 556.533813477, 216.483947754, 5.85363101959, -69.669593811, -44.9538650513, -32.7052879333, -189.227554321], [-1935.84960938, 299.052978516, 1084.20910645, 957.21307373, 1077.5559082, 480.718170166, 478.290924072, 178.289474487, 52.8077316284, -62.1000137329, -64.1050033569, -24.0692310333, -162.194259644], [-212.885101318, 263.392028809, 539.164428711, 510.943603516, 480.718170166, 494.176757812, 268.6300354, 102.034576416, 42.2785949707, -16.5880451202, -13.3636474609, 22.6192588806, -27.3309383392], [-607.926940918, -150.086029053, 652.437011719, 556.533813477, 478.290924072, 268.6300354, 373.52041626, 105.295028687, -10.0400524139, -27.9212474823, -27.5652294159, -11.6048402786, -91.1623306274], [-265.442687988, 109.939041138, 99.0081787109, 216.483947754, 178.289474487, 102.034576416, 105.295028687, 135.566268921, 16.7097396851, -0.912417590618, 1.89010632038, -10.075304985, -11.4282655716], [-217.211196899, 88.2580795288, 53.4133033752, 5.85363101959, 52.8077316284, 42.2785949707, -10.0400524139, 16.7097396851, 151.023208618, 30.5150928497, -8.55658912659, 28.3557395935, -3.61880064011], [211.736358643, -23.6257286072, -58.3914604187, -69.669593811, -62.1000137329, -16.5880451202, -27.9212474823, -0.912417590618, 30.5150928497, 87.1316146851, 37.1358108521, 16.681427002, 24.3955478668], [117.680854797, -1.63863420486, -107.860038757, -44.9538650513, -64.1050033569, -13.3636474609, -27.5652294159, 1.89010632038, -8.55658912659, 37.1358108521, 116.684570312, 40.4362792969, 26.0831718445], [86.9092636108, -107.237388611, -10.1628074646, -32.7052879333, -24.0692310333, 22.6192588806, -11.6048402786, -10.075304985, 28.3557395935, 16.681427002, 40.4362792969, 98.5287399292, 29.6066932678], [319.949707031, 96.0694580078, -281.709259033, -189.227554321, -162.194259644, -27.3309383392, -91.1623306274, -11.4282655716, -3.61880064011, 24.3955478668, 26.0831718445, 29.6066932678, 124.666435242]], "icov": [[0.000106482904812, 4.90291022288e-05, 6.67205822538e-05, -0.00012960586173, 0.000303979439195, -0.00028145260876, 7.25152640371e-05, 6.93710462656e-05, 0.000128420055262, -0.000232762700762, 0.000122083089082, 1.30918406285e-05, 5.67708266317e-05], [4.90291022288e-05, 0.000556490966119, 0.000278601626633, 0.000117999472423, -0.000456088164356, -0.000653686758596, 0.000702908786479, -0.000124261365272, -0.000165910183568, 0.000114694266813, -0.000220814574277, 0.000911383482162, -0.000177587498911], [6.67205822538e-05, 0.000278601626633, 0.00191524263937, -0.00070782576222, -0.000605658162385, -0.000561933033168, -0.00109125406016, 0.0018276812043, -0.00034581113141, -0.000772859551944, 0.000748310412746, -0.000241397574428, 0.00136792415287], [-0.00012960586173, 0.000117999472423, -0.00070782576222, 0.00275746174157, -0.00122361525428, -0.000324724329403, -0.000570056028664, -0.00186663703062, 0.000219554858631, 0.00100507377647, -0.000881648389623, 0.000602646323387, 0.000427608640166], [0.000303979439195, -0.000456088164356, -0.000605658162385, -0.00122361525428, 0.00502721359953, -0.00135354476515, -0.00170176150277, -0.000828536751214, -0.000261132867308, 5.84619119763e-05, 0.000768872385379, -0.000599828839768, 0.00123141508084], [-0.00028145260876, -0.000653686758596, -0.000561933033168, -0.000324724329403, -0.00135354476515, 0.00585870631039, -0.00236258399673, -7.81143680797e-05, -0.0010465400992, 0.000716941489372, -0.00019811297534, -0.00157775671687, -0.00250252569094], [7.25152640371e-05, 0.000702908786479, -0.00109125406016, -0.000570056028664, -0.00170176150277, -0.00236258399673, 0.0109530556947, -0.00341407256201, 0.00254163518548, -0.00068512337748, 0.000163523378433, 0.000495414598845, 0.000961481302511], [6.93710462656e-05, -0.000124261365272, 0.0018276812043, -0.00186663703062, -0.000828536751214, -7.81143680797e-05, -0.00341407256201, 0.0133084878325, -0.00193559192121, -0.00101692567114, -0.000654868606944, 0.00151663285214, -0.00123754364904], [0.000128420055262, -0.000165910183568, -0.00034581113141, 0.000219554858631, -0.000261132867308, -0.0010465400992, 0.00254163518548, -0.00193559192121, 0.00961443223059, -0.00445937970653, 0.00302035198547, -0.00379619910382, 0.00188339862507], [-0.000232762700762, 0.000114694266813, -0.000772859551944, 0.00100507377647, 5.84619119763e-05, 0.000716941489372, -0.00068512337748, -0.00101692567114, -0.00445937970653, 0.0167499966919, -0.00583402113989, 0.00190579006448, -0.00271203625016], [0.000122083089082, -0.000220814574277, 0.000748310412746, -0.000881648389623, 0.000768872385379, -0.00019811297534, 0.000163523378433, -0.000654868606944, 0.00302035198547, -0.00583402113989, 0.0131482826546, -0.00599439674988, 0.00112798344344], [1.30918406285e-05, 0.000911383482162, -0.000241397574428, 0.000602646323387, -0.000599828839768, -0.00157775671687, 0.000495414598845, 0.00151663285214, -0.00379619910382, 0.00190579006448, -0.00599439674988, 0.0161852315068, -0.00406440580264], [5.67708266317e-05, -0.000177587498911, 0.00136792415287, 0.000427608640166, 0.00123141508084, -0.00250252569094, 0.000961481302511, -0.00123754364904, 0.00188339862507, -0.00271203625016, 0.00112798344344, -0.00406440580264, 0.0147104440257]]}, "spectral_contrast_coeffs": {"dmean": [0.0525704734027, 0.0459547862411, 0.0374684557319, 0.0286624990404, 0.0247569661587, 0.0203692708164], "dmean2": [0.0840921998024, 0.0764034986496, 0.0593775473535, 0.0452761687338, 0.037212960422, 0.0305299665779], "dvar": [0.00208147685044, 0.0012895388063, 0.00095320539549, 0.000620480219368, 0.000623572326731, 0.000545061135199], "dvar2": [0.00503519084305, 0.00350674055517, 0.00224435911514, 0.00141976587474, 0.00114108482376, 0.00106203940231], "max": [-0.319470107555, -0.477764934301, -0.509683489799, -0.502603471279, -0.477455228567, -0.542669713497], "mean": [-0.665577888489, -0.752239704132, -0.776013433933, -0.770280063152, -0.737226784229, -0.718940973282], "median": [-0.658952116966, -0.762814760208, -0.775091230869, -0.774370253086, -0.737056076527, -0.703853964806], "min": [-0.97044223547, -0.956849575043, -0.96342843771, -0.962956190109, -0.957725167274, -0.960897326469], "var": [0.00861738156527, 0.0052922940813, 0.00518963672221, 0.0053695323877, 0.00532778725028, 0.00397714180872]}, "spectral_contrast_valleys": {"dmean": [0.365718215704, 0.448304384947, 0.366851478815, 0.315329223871, 0.331131964922, 0.488903552294], "dmean2": [0.589843988419, 0.71862578392, 0.571243643761, 0.473698586226, 0.427752673626, 0.598748922348], "dvar": [0.148050397635, 0.269635140896, 0.225283280015, 0.20042809844, 0.220084264874, 0.410346597433], "dvar2": [0.293585300446, 0.51003468036