{"lowlevel": {"average_loudness": 0.981277883053, "barkbands_crest": {"dmean": 2.39482522011, "dmean2": 3.86295747757, "dvar": 5.26134443283, "dvar2": 13.2145471573, "max": 25.0104942322, "mean": 10.9019088745, "median": 10.019900322, "min": 3.93120622635, "var": 12.4916200638}, "barkbands_flatness_db": {"dmean": 0.0321598500013, "dmean2": 0.0436992049217, "dvar": 0.000864090223331, "dvar2": 0.00183011882473, "max": 0.399606794119, "mean": 0.183851763606, "median": 0.181176766753, "min": 0.0303736068308, "var": 0.00387961952947}, "barkbands_kurtosis": {"dmean": 7.33354949951, "dmean2": 11.3628225327, "dvar": 77.8888015747, "dvar2": 199.427368164, "max": 115.073898315, "mean": 14.8075704575, "median": 11.7627792358, "min": -1.68236553669, "var": 154.106307983}, "barkbands_skewness": {"dmean": 0.75852560997, "dmean2": 1.16038477421, "dvar": 0.563691020012, "dvar2": 1.46402907372, "max": 8.42010498047, "mean": 3.03329324722, "median": 2.8897857666, "min": -0.883796095848, "var": 1.4866964817}, "barkbands_spread": {"dmean": 6.08873748779, "dmean2": 8.83596134186, "dvar": 71.4977416992, "dvar2": 161.230865479, "max": 90.2026748657, "mean": 13.6000165939, "median": 9.64580440521, "min": 0.959906578064, "var": 148.634307861}, "dissonance": {"dmean": 0.0226991474628, "dmean2": 0.0364065356553, "dvar": 0.000364450854249, "dvar2": 0.000894004828297, "max": 0.49896812439, "mean": 0.433377563953, "median": 0.43804371357, "min": 0.292634874582, "var": 0.0012026586337}, "dynamic_complexity": 2.01470518112, "erbbands_crest": {"dmean": 2.31991100311, "dmean2": 3.5446331501, "dvar": 5.0579867363, "dvar2": 11.9069738388, "max": 30.5303783417, "mean": 10.5699462891, "median": 9.59195995331, "min": 2.52720022202, "var": 18.9070320129}, "erbbands_flatness_db": {"dmean": 0.0319409631193, "dmean2": 0.0418660193682, "dvar": 0.00098002445884, "dvar2": 0.00214181421325, "max": 0.390330672264, "mean": 0.14502890408, "median": 0.135402858257, "min": 0.0391452386975, "var": 0.00363375106826}, "erbbands_kurtosis": {"dmean": 1.20205032825, "dmean2": 1.77575922012, "dvar": 2.13463973999, "dvar2": 5.18321228027, "max": 15.9793148041, "mean": 1.28256905079, "median": 0.678225278854, "min": -1.76737058163, "var": 4.88180494308}, "erbbands_skewness": {"dmean": 0.35354962945, "dmean2": 0.530742228031, "dvar": 0.125181630254, "dvar2": 0.308648020029, "max": 3.6351723671, "mean": 1.13257920742, "median": 1.07825016975, "min": -2.39358091354, "var": 0.368547052145}, "erbbands_spread": {"dmean": 11.7270698547, "dmean2": 17.1141166687, "dvar": 184.229751587, "dvar2": 453.033111572, "max": 143.351791382, "mean": 42.5581626892, "median": 37.4450836182, "min": 6.35279560089, "var": 472.017242432}, "hfc": {"dmean": 9.29671382904, "dmean2": 12.2873182297, "dvar": 136.039810181, "dvar2": 305.226257324, "max": 90.6892089844, "mean": 20.3347682953, "median": 14.7975282669, "min": 6.44798410576e-06, "var": 304.114196777}, "melbands_crest": {"dmean": 3.22408461571, "dmean2": 5.13265132904, "dvar": 9.28748416901, "dvar2": 22.1192378998, "max": 32.6302757263, "mean": 16.0666122437, "median": 14.8438224792, "min": 6.87547683716, "var": 24.9133338928}, "melbands_flatness_db": {"dmean": 0.0347462110221, "dmean2": 0.0471550226212, "dvar": 0.00103183253668, "dvar2": 0.00213972711936, "max": 0.54221367836, "mean": 0.29400190711, "median": 0.294560074806, "min": 0.0849531665444, "var": 0.00538344122469}, "melbands_kurtosis": {"dmean": 15.649977684, "dmean2": 24.651014328, "dvar": 426.893096924, "dvar2": 1048.78881836, "max": 250.198959351, "mean": 34.0785560608, "median": 25.634557724, "min": -1.25907671452, "var": 841.819946289}, "melbands_skewness": {"dmean": 0.988336920738, "dmean2": 1.49194633961, "dvar": 1.05447995663, "dvar2": 2.4781358242, "max": 11.0691165924, "mean": 4.02896928787, "median": 3.80048894882, "min": -0.172429338098, "var": 3.0522646904}, "melbands_spread": {"dmean": 2.5492079258, "dmean2": 3.81493139267, "dvar": 12.5328617096, "dvar2": 24.7506122589, "max": 70.71875, "mean": 7.73279762268, "median": 6.03263235092, "min": 0.808606266975, "var": 33.693271637}, "pitch_salience": {"dmean": 0.0707128867507, "dmean2": 0.113969527185, "dvar": 0.0048038912937, "dvar2": 0.0113222552463, "max": 0.781913995743, "mean": 0.542968690395, "median": 0.564850926399, "min": 0.142238020897, "var": 0.013474275358}, "silence_rate_20dB": {"dmean": 0, "dmean2": 0, "dvar": 0, "dvar2": 0, "max": 1, "mean": 1, "median": 1, "min": 1, "var": 0}, "silence_rate_30dB": {"dmean": 0.065359480679, "dmean2": 0.130766436458, "dvar": 0.0610879957676, "dvar2": 0.144176408648, "max": 1, "mean": 0.945553541183, "median": 1, "min": 0, "var": 0.0514828152955}, "silence_rate_60dB": {"dmean": 0.0181554108858, "dmean2": 0.0359607711434, "dvar": 0.017825089395, "dvar2": 0.0433832146227, "max": 1, "mean": 0.0166969150305, "median": 0, "min": 0, "var": 0.016417875886}, "spectral_centroid": {"dmean": 122.301315308, "dmean2": 184.540100098, "dvar": 28392.34375, "dvar2": 61193.4492188, "max": 2966.03710938, "mean": 533.400817871, "median": 457.363342285, "min": 181.889480591, "var": 88064.7109375}, "spectral_complexity": {"dmean": 2.28503990173, "dmean2": 3.37849617004, "dvar": 5.2807559967, "dvar2": 10.2505598068, "max": 30, "mean": 11.0990924835, "median": 10, "min": 0, "var": 18.8283119202}, "spectral_decrease": {"dmean": 4.7386872204e-09, "dmean2": 7.30148208561e-09, "dvar": 3.71032525505e-17, "dvar2": 9.09478929278e-17, "max": -4.5711768831e-16, "mean": -1.23313208533e-08, "median": -1.14227844961e-08, "min": -5.54066055258e-08, "var": 8.16689315408e-17}, "spectral_energy": {"dmean": 0.0182737894356, "dmean2": 0.0280065685511, "dvar": 0.000544986396562, "dvar2": 0.00133131397888, "max": 0.214482173324, "mean": 0.0483855977654, "median": 0.0447132736444, "min": 2.31012142748e-09, "var": 0.00122222153004}, "spectral_energyband_high": {"dmean": 0.000588139984757, "dmean2": 0.00083022529725, "dvar": 7.25105223864e-07, "dvar2": 1.70229236574e-06, "max": 0.00556700769812, "mean": 0.000786076008808, "median": 0.000255353312241, "min": 4.79074613313e-10, "var": 1.19247545172e-06}, "spectral_energyband_low": {"dmean": 0.0119312582538, "dmean2": 0.0193140972406, "dvar": 0.000371480127797, "dvar2": 0.000959736818913, "max": 0.190289646387, "mean": 0.0247127003968, "median": 0.0192815698683, "min": 3.09249570396e-10, "var": 0.000644140818622}, "spectral_energyband_middle_high": {"dmean": 0.000573565601371, "dmean2": 0.000759017013479, "dvar": 7.84023711731e-07, "dvar2": 1.65958044818e-06, "max": 0.0171194076538, "mean": 0.00156495394185, "median": 0.0012007051846, "min": 8.06756661476e-10, "var": 1.86081649645e-06}, "spectral_energyband_middle_low": {"dmean": 0.011133082211, "dmean2": 0.0170390773565, "dvar": 0.00017956958618, "dvar2": 0.000426012557, "max": 0.163345739245, "mean": 0.0264856517315, "median": 0.0228985082358, "min": 7.17489512247e-10, "var": 0.000371638307115}, "spectral_entropy": {"dmean": 0.359621912241, "dmean2": 0.498439013958, "dvar": 0.116826377809, "dvar2": 0.25652089715, "max": 8.66174316406, "mean": 6.95020914078, "median": 7.01218557358, "min": 4.86214828491, "var": 0.447929233313}, "spectral_flux": {"dmean": 0.0365668833256, "dmean2": 0.0552954748273, "dvar": 0.00152515468653, "dvar2": 0.00313848746009, "max": 0.341608941555, "mean": 0.0923057943583, "median": 0.0742647349834, "min": 4.80637208966e-05, "var": 0.00362628139555}, "spectral_kurtosis": {"dmean": 3.99882340431, "dmean2": 5.88716363907, "dvar": 36.2235031128, "dvar2": 86.8443603516, "max": 93.7869720459, "mean": 8.64910697937, "median": 5.71634960175, "min": -0.415997266769, "var": 75.6331863403}, "spectral_rms": {"dmean": 0.00125603680499, "dmean2": 0.00181945587974, "dvar": 1.85978706213e-06, "dvar2": 3.99229111281e-06, "max": 0.0144655071199, "mean": 0.00636708922684, "median": 0.00660474877805, "min": 1.50125845266e-06, "var": 6.66566347718e-06}, "spectral_rolloff": {"dmean": 292.098754883, "dmean2": 493.519927979, "dvar": 1054255.25, "dvar2": 2548906.75, "max": 15008.6425781, "mean": 597.958129883, "median": 366.064453125, "min": 129.19921875, "var": 1160702.625}, "spectral_skewness": {"dmean": 0.417485386133, "dmean2": 0.60337895155, "dvar": 0.21472927928, "dvar2": 0.508268296719, "max": 7.61267852783, "mean": 2.31710362434, "median": 2.1399435997, "min": 0.692084670067, "var": 0.698949456215}, "spectral_spread": {"dmean": 1628629.25, "dmean2": 2149814, "dvar": 2906149093380.0, "dvar2": 6466179694590.0, "max": 14689655, "mean": 6132619, "median": 6080339, "min": 888200.875, "var": 8564981628930.0}, "spectral_strongpeak": {"dmean": 0.356651812792, "dmean2": 0.602451205254, "dvar": 0.133251518011, "dvar2": 0.345011532307, "max": 3.694460392, "mean": 0.769046962261, "median": 0.654165863991, "min": 0, "var": 0.271209210157}, "zerocrossingrate": {"dmean": 0.0170669723302, "dmean2": 0.0182529930025, "dvar": 0.00033652302227, "dvar2": 0.000401103403419, "max": 0.28369140625, "mean": 0.0533679872751, "median": 0.0400390625, "min": 0.005859375, "var": 0.00155873340555}, "barkbands": {"dmean": [0.000460889248643, 0.00565406028181, 0.00561641249806, 0.00647164415568, 0.00523767294362, 0.00106823409442, 0.000671648536809, 0.000761557312217, 0.00015995495778, 0.000224228017032, 7.69846665207e-05, 6.09921844443e-05, 9.08337242436e-05, 0.000130527230795, 0.000108386091597, 8.54813479236e-05, 6.14700038568e-05, 4.77174617117e-05, 2.33550435951e-05, 2.59427652054e-05, 3.41654122167e-05, 3.98738593503e-05, 4.93657062179e-05, 6.2530831201e-05, 8.01349378889e-05, 0.000143971890793, 0.000210114798392], "dmean2": [0.000780342787039, 0.00952120218426, 0.00937096774578, 0.0103188483045, 0.00837934203446, 0.00166573130991, 0.000994508853182, 0.00115382601507, 0.000239512024564, 0.0003169128031, 0.000120852520922, 9.67573942035e-05, 0.000139214651426, 0.000192674036953, 0.000160156341735, 0.000130081112729, 9.28375884541e-05, 7.87579410826e-05, 3.65960513591e-05, 4.10478314734e-05, 5.17521766596e-05, 6.01270839979e-05, 7.67649180489e-05, 9.27410801523e-05, 0.00011673058907, 0.000205779229873, 0.000293203716865], "dvar": [7.87531234892e-07, 0.000151341038872, 8.45428439789e-05, 7.19213057891e-05, 6.60248406348e-05, 2.73487057711e-06, 1.6393637452e-06, 3.20803633258e-06, 8.88689797307e-08, 3.83998383313e-07, 1.60628914614e-08, 1.02372794686e-08, 2.63717829796e-08, 6.12619643903e-08, 4.74433292652e-08, 3.99779764848e-08, 1.48318912707e-08, 1.72376942942e-07, 3.24391669082e-09, 4.71294869797e-09, 5.68812108526e-09, 4.02419253476e-09, 6.42090780545e-09, 8.00139954293e-09, 1.45235805604e-08, 4.97704348845e-08, 1.35758256192e-07], "dvar2": [2.08445862881e-06, 0.000417864415795, 0.000227640164667, 0.000181075520231, 0.000164258788573, 6.03752641837e-06, 3.28219084622e-06, 6.42892564429e-06, 1.73502272105e-07, 7.62577201385e-07, 3.78221294284e-08, 2.47469280623e-08, 5.74810528065e-08, 1.22096977861e-07, 9.98619640313e-08, 9.32135932885e-08, 3.60328762383e-08, 4.89691387884e-07, 9.03030095145e-09, 1.26337846851e-08, 1.46467407092e-08, 1.06307842529e-08, 1.68686966617e-08, 2.10067909734e-08, 3.69040016324e-08, 1.1645644804e-07, 3.07209433004e-07], "max": [0.0115200355649, 0.121870532632, 0.101456254721, 0.0924040675163, 0.0917775854468, 0.018090987578, 0.0185147337615, 0.0224904604256, 0.00599629338831, 0.0157463829964, 0.00181136967149, 0.00163150741719, 0.00300982920453, 0.00416322425008, 0.00396553939208, 0.00293573364615, 0.00258125644177, 0.0164020191878, 0.00143049645703, 0.00162291852757, 0.00144393357914, 0.000872247153893, 0.000983701320365, 0.00130845047534, 0.00132921524346, 0.00144309655298, 0.00203963951208], "mean": [0.000473675463581, 0.00950734317303, 0.00977439712733, 0.0102751227096, 0.00968569610268, 0.00229680514894, 0.00157826126087, 0.00181550672278, 0.000421770091634, 0.000481201481307, 0.000120113167213, 0.000102812969999, 0.000171944542672, 0.000299361825455, 0.000201078437385, 0.000146612510434, 0.000125897291582, 6.14760865574e-05, 3.83369042538e-05, 4.50466250186e-05, 5.91376883676e-05, 5.83854962315e-05, 6.13248339505e-05, 8.49470598041e-05, 0.000107902116724, 0.000164353870787, 0.000227016076678], "median": [0.000139386786032, 0.00714662391692, 0.00531633105129, 0.00692180125043, 0.00676407758147, 0.00162296800409, 0.000612142495811, 0.000166742524016, 0.000133487657877, 8.84308683453e-05, 6.83053585817e-05, 4.86329299747e-05, 8.98934085853e-05, 0.000160256473464, 9.91904380498e-05, 6.67907734169e-05, 5.42321213288e-05, 2.56612765952e-05, 2.07490502362e-05, 1.93204559764e-05, 2.14724404941e-05, 2.23942515731e-05, 2.23218557949e-05, 3.39678153978e-05, 3.716923311e-05, 3.0935392715e-05, 1.81069262908e-05], "min": [1.63386890822e-11, 1.91605370459e-10, 9.89374138172e-11, 1.49544144429e-11, 5.26309884563e-10, 7.69928565347e-11, 1.18580813571e-11, 7.0377884076e-11, 1.61914162633e-11, 8.98737334554e-12, 1.24258464629e-10, 7.27980800641e-11, 1.29326979681e-10, 1.45481725625e-11, 6.88658297054e-11, 4.49562227722e-11, 6.17861664609e-11, 1.42782133339e-10, 1.05443126452e-10, 4.07439464112e-11, 4.43595715716e-11, 4.89451743024e-11, 8.16713571772e-11, 1.05019389018e-10, 8.78311659513e-11, 6.88777368474e-11, 3.43206747744e-11], "var": [7.1547844982e-07, 0.000159933260875, 0.000140239455504, 0.000125221413327, 0.000106850944576, 5.8159503169e-06, 6.62974434817e-06, 1.00483330243e-05, 4.11750761486e-07, 8.43853229071e-07, 2.40462529888e-08, 1.95110470003e-08, 6.49038796041e-08, 1.51253388481e-07, 8.91874449849e-08, 5.66018059089e-08, 3.18883053296e-08, 1.06667151556e-07, 3.42030759271e-09, 6.64945609685e-09, 1.2738820665e-08, 8.60056914576e-09, 8.64276117341e-09, 1.25385151151e-08, 2.12344950512e-08, 7.00786415564e-08, 1.78377646876e-07]}, "erbbands": {"dmean": [0.152560070157, 1.38553369045, 5.55042266846, 13.6601495743, 24.5882263184, 14.2168369293, 5.8314948082, 10.2071170807, 10.7107315063, 16.2983570099, 8.34375667572, 4.47828769684, 8.40626621246, 2.83745932579, 2.48516893387, 2.79330015182, 4.38524055481, 6.31311845779, 5.78408527374, 5.23853969574, 3.90610027313, 2.545617342, 2.60835361481, 1.53925895691, 1.44325840473, 1.0696079731, 1.61226201057, 1.14403271675, 1.53992486, 1.41739487648, 1.31019341946, 1.17433214188, 1.13835668564, 0.844058334827, 0.618885099888, 0.467780888081, 0.303904414177, 0.142420366406, 0.034612622112, 0.0022884812206], "dmean2": [0.257001399994, 2.33588957787, 9.24558830261, 21.8310832977, 39.3465919495, 22.7308940887, 8.88210773468, 16.1883831024, 15.9218759537, 23.9432582855, 12.9180278778, 6.66844558716, 11.8345928192, 4.31526184082, 3.86141848564, 4.37144470215, 6.66151332855, 9.1801404953, 8.50133705139, 7.68789958954, 5.8952922821, 3.79129362106, 4.18535900116, 2.40981626511, 2.3763885498, 1.67825293541, 2.47388982773, 1.75828325748, 2.38338899612, 2.0801179409, 2.09276604652, 1.86813139915, 1.64835178852, 1.23282074928, 0.940584242344, 0.693141818047, 0.445443093777, 0.200915142894, 0.047792583704, 0.0032517448999], "dvar": [0.10088276118, 9.13401603699, 92.5256500244, 307.543731689, 1090.7956543, 609.95123291, 69.3807220459, 274.566101074, 512.384094238, 1200.8190918, 499.293945312, 72.8688430786, 570.740905762, 22.4694461823, 17.2102985382, 20.3765068054, 61.0392608643, 158.823684692, 154.727783203, 77.8185577393, 57.688747406, 19.8485946655, 299.002990723, 76.0218963623, 33.952545166, 5.59325122833, 15.092215538, 3.33717179298, 6.34656620026, 4.40112495422, 5.56733751297, 5.14669513702, 2.41352415085, 1.60970199108, 0.911552131176, 0.496123611927, 0.236432641745, 0.0589603669941, 0.00365471863188, 1.72962663783e-05], "dvar2": [0.280288636684, 25.1215686798, 250.735748291, 794.725463867, 2846.5456543, 1466.81054688, 148.854309082, 611.459899902, 1083.75158691, 2425.50708008, 998.653076172, 140.464859009, 1140.9395752, 49.1486167908, 40.6990966797, 49.3259391785, 129.607116699, 313.34552002, 324.243469238, 173.776901245, 134.660797119, 47.1662521362, 850.788024902, 209.516845703, 97.2829208374, 14.6888446808, 38.7126655579, 8.01962089539, 17.0301799774, 10.860584259, 15.0548648834, 14.1103525162, 5.70065498352, 3.91463828087, 2.32979393005, 1.25183820724, 0.537730455399, 0.130904406309, 0.00821274891496, 4.1324954509e-05], "max": [3.24149012566, 31.4238204956, 111.918373108, 155.497528076, 390.345031738, 289.51473999, 118.035560608, 178.590957642, 308.732025146, 459.913543701, 401.001800537, 166.989059448, 599.940307617, 93.0410614014, 61.9249763489, 75.8478317261, 159.524475098, 209.606140137, 232.07333374, 139.156906128, 111.033882141, 83.7756958008, 684.198181152, 342.369995117, 163.579696655, 44.9059448242, 79.604927063, 33.4878387451, 31.2292995453, 24.3803310394, 42.0695533752, 49.7052574158, 11.3953523636, 13.7904996872, 10.6380252838, 5.14091348648, 3.88353419304, 1.39950478077, 0.329871207476, 0.0256697069854], "mean": [0.233872160316, 2.3291323185, 9.42622852325, 25.5380725861, 40.9723205566, 25.692817688, 14.5774059296, 20.8953456879, 24.5461177826, 40.9243392944, 21.0455188751, 12.8469486237, 18.8732395172, 4.89297676086, 4.27293872833, 5.35046577454, 9.03458213806, 14.7827711105, 11.1069288254, 11.3037691116, 7.56522941589, 5.24124765396, 3.70137953758, 2.36492872238, 2.21487474442, 1.89052557945, 2.93207120895, 1.80747330189, 2.14742875099, 1.98196196556, 1.61192774773, 1.48850047588, 1.52711951733, 1.11913776398, 0.83714979887, 0.548170387745, 0.340549707413, 0.152421802282, 0.0381043963134, 0.00248946249485], "median": [0.145972728729, 1.60775327682, 5.71442365646, 19.0290584564, 30.4859199524, 16.7460765839, 9.27725791931, 13.8561372757, 8.9607925415, 7.25440263748, 5.2822971344, 4.88789606094, 4.33276081085, 2.82074928284, 2.72424507141, 2.92006278038, 4.76497459412, 7.21186113358, 6.11219024658, 6.81934738159, 4.35069656372, 2.74708938599, 1.72806084156, 1.12170064449, 1.10069859028, 0.845584392548, 1.09052407742, 0.672731995583, 0.843573868275, 0.73927372694, 0.582140743732, 0.589295089245, 0.569976389408, 0.377663910389, 0.266793340445, 0.141727983952, 0.0523867942393, 0.0148230427876, 0.00317167420872, 0.00023103512649], "min": [5.34495203652e-09, 4.3342875955e-08, 1.1928759136e-07, 7.60932579169e-08, 5.69976748466e-07, 2.16703506339e-06, 1.95918778445e-06, 2.74712647297e-07, 1.5546584109e-07, 7.41618407574e-07, 1.25794429096e-06, 3.50117943526e-07, 2.87602688331e-07, 9.63651473285e-07, 6.61358262732e-06, 2.6210532269e-06, 4.07482139053e-06, 3.24384313899e-06, 2.35086099565e-06, 2.7490946195e-06, 3.24163238474e-06, 3.31123396791e-06, 5.80164305575e-06, 6.79944741933e-06, 4.11753717344e-06, 2.6829759463e-06, 6.46751914246e-07, 2.75749994216e-06, 2.11060364563e-06, 4.20954620495e-07, 3.29468548443e-06, 1.73932357939e-06, 2.317326107e-06, 1.28972874336e-06, 4.96928123539e-07, 4.0170397142e-07, 8.27865918041e-08, 2.47988385382e-08, 3.55271234653e-09, 4.83348860936e-10], "var": [0.102334842086, 9.84954833984, 133.567123413, 605.417907715, 1769.94921875, 908.931518555, 242.984893799, 540.088867188, 1502.87670898, 4173.85302734, 1743.39367676, 321.26272583, 1243.23535156, 39.5124588013, 25.6799678802, 42.1700057983, 168.117950439, 395.266571045, 273.936309814, 171.517471313, 90.4729385376, 43.1375236511, 191.604721069, 54.4071578979, 26.0971698761, 9.56549549103, 36.0726776123, 7.78322029114, 11.8359136581, 8.25059223175, 6.72256612778, 6.01415109634, 4.13934659958, 2.42025518417, 1.27714192867, 0.661328673363, 0.325444757938, 0.0781572759151, 0.00490876054391, 2.13338207686e-05]}, "gfcc": {"mean": [-1.65653443336, 94.0183639526, -61.2901878357, 15.1395244598, -35.2155990601, 6.01110601425, -43.162109375, -4.12281513214, -18.1441249847, 1.39042174816, -21.6041221619, -9.25336074829, -13.6376533508], "cov": [[4663.27539062, -2162.62866211, 1260.2689209, 130.779647827, -37.3311462402, 99.8175964355, 44.2006835938, 39.7288131714, -78.7461853027, 42.8472862244, -198.071853638, 155.85899353, -116.217559814], [-2162.62866211, 2594.43383789, -807.036315918, 236.890228271, 336.525115967, 17.8964958191, 41.5702056885, -92.1159591675, 27.4970359802, -190.791946411, 172.59715271, -61.491153717, 194.907119751], [1260.2689209, -807.036315918, 1109.98815918, 60.8618354797, 161.495544434, 115.642791748, 55.4414558411, -4.9123044014, -48.0442657471, 47.0230445862, -84.1853866577, 68.7323684692, -69.637298584], [130.779647827, 236.890228271, 60.8618354797, 416.079650879, 40.7145462036, 129.225021362, 82.8166275024, 14.1198720932, -54.6009216309, -49.1609306335, 28.6404895782, -0.842188239098, 2.23725771904], [-37.3311462402, 336.525115967, 161.495544434, 40.7145462036, 260.204620361, 34.2471847534, 39.7336769104, 0.328631699085, 32.8164100647, -28.2258930206, 4.92286872864, 13.298784256, 27.9129905701], [99.8175964355, 17.8964958191, 115.642791748, 129.225021362, 34.2471847534, 164.036468506, 43.8299064636, 24.7738857269, -51.9121055603, -22.052280426, -5.75175189972, 34.427280426, 11.3002767563], [44.2006835938, 41.5702056885, 55.4414558411, 82.8166275024, 39.7336769104, 43.8299064636, 94.7975311279, 22.656955719, -1.94561374187, -19.450428009, -0.48375210166, 2.81278657913, 25.8838443756], [39.7288131714, -92.1159591675, -4.9123044014, 14.1198720932, 0.328631699085, 24.7738857269, 22.656955719, 95.2804870605, 40.5544815063, 26.9189414978, -13.3754386902, -10.3480405807, -19.2288036346], [-78.7461853027, 27.4970359802, -48.0442657471, -54.6009216309, 32.8164100647, -51.9121055603, -1.94561374187, 40.5544815063, 119.047180176, 57.2270011902, 9.45084857941, -43.2033081055, -27.8498210907], [42.8472862244, -190.791946411, 47.0230445862, -49.1609306335, -28.2258930206, -22.052280426, -19.450428009, 26.9189414978, 57.2270011902, 136.776550293, 34.9157676697, -30.4881248474, -72.4295654297], [-198.071853638, 172.59715271, -84.1853866577, 28.6404895782, 4.92286872864, -5.75175189972, -0.48375210166, -13.3754386902, 9.45084857941, 34.9157676697, 99.0461730957, 13.6298704147, -16.3507442474], [155.85899353, -61.491153717, 68.7323684692, -0.842188239098, 13.298784256, 34.427280426, 2.81278657913, -10.3480405807, -43.2033081055, -30.4881248474, 13.6298704147, 120.592941284, 70.5334777832], [-116.217559814, 194.907119751, -69.637298584, 2.23725771904, 27.9129905701, 11.3002767563, 25.8838443756, -19.2288036346, -27.8498210907, -72.4295654297, -16.3507442474, 70.5334777832, 151.775115967]], "icov": [[0.000475640175864, 0.000395954266423, -0.000168491460499, -0.000431078922702, -0.000240978930378, 0.000174538974534, 5.33414495294e-05, 0.00025599237415, -0.000274466321571, 0.00025482030469, 0.000333911855705, -0.000498205772601, 0.00017817816115], [0.000395954266423, 0.00179435766768, 0.000788560020737, -0.000785642652772, -0.00239950092509, -0.000524849223439, 0.000971479224972, 0.000896723940969, -0.000246481271461, 0.00140727579128, -0.00224661477841, 0.00194338918664, -0.00171822484117], [-0.000168491460499, 0.000788560020737, 0.002576749539, -0.000340558937751, -0.00269979261793, -0.000704466889147, -0.0010228928877, 0.00187164614908, 0.000794777122792, -0.00143568299245, 0.00169678742532, -0.00112309423275, 0.00117157562636], [-0.000431078922702, -0.000785642652772, -0.000340558937751, 0.00461026607081, 0.00100993411615, -0.00242916168645, -0.00230204523541, -0.000922647479456, 0.00109285279177, 0.00119894964155, -0.00209090020508, 0.00154622714035, 0.000554302590899], [-0.000240978930378, -0.00239950092509, -0.00269979261793, 0.00100993411615, 0.00944662000984, -0.000694056216162, -0.00175795343239, -0.000358176912414, -0.00430460786447, 0.00137913587969, 0.000975483679213, -0.00221342756413, 0.00121404125821], [0.000174538974534, -0.000524849223439, -0.000704466889147, -0.00242916168645, -0.000694056216162, 0.0120633561164, -0.00211517699063, -0.00447395630181, 0.00565009005368, -0.0019829669036, 0.00236207293347, -0.0034187589772, 0.0014773174189], [5.33414495294e-05, 0.000971479224972, -0.0010228928877, -0.00230204523541, -0.00175795343239, -0.00211517699063, 0.0177495665848, -0.00447335420176, -0.000640291720629, 0.00288559542969, -0.00528513640165, 0.00613604299724, -0.00691644754261], [0.00025599237415, 0.000896723940969, 0.00187164614908, -0.000922647479456, -0.000358176912414, -0.00447395630181, -0.00447335420176, 0.0188383702189, -0.00817232113332, -0.00203745113686, 0.00571589870378, -0.00403656344861, 0.00348514225334], [-0.000274466321571, -0.000246481271461, 0.000794777122792, 0.00109285279177, -0.00430460786447, 0.00565009005368, -0.000640291720629, -0.00817232113332, 0.02007400617, -0.00675400719047, -0.000807224947494, 0.00463436404243, -0.00188060069922], [0.00025482030469, 0.00140727579128, -0.00143568299245, 0.00119894964155, 0.00137913587969, -0.0019829669036, 0.00288559542969, -0.00203745113686, -0.00675400719047, 0.0177601855248, -0.00989742670208, 0.00385401491076, 0.0012341189431], [0.000333911855705, -0.00224661477841, 0.00169678742532, -0.00209090020508, 0.000975483679213, 0.00236207293347, -0.00528513640165, 0.00571589870378, -0.000807224947494, -0.00989742670208, 0.0245791934431, -0.013800419867, 0.0094102807343], [-0.000498205772601, 0.00194338918664, -0.00112309423275, 0.00154622714035, -0.00221342756413, -0.0034187589772, 0.00613604299724, -0.00403656344861, 0.00463436404243, 0.00385401491076, -0.013800419867, 0.0237869080156, -0.0141629623249], [0.00017817816115, -0.00171822484117, 0.00117157562636, 0.000554302590899, 0.00121404125821, 0.0014773174189, -0.00691644754261, 0.00348514225334, -0.00188060069922, 0.0012341189431, 0.0094102807343, -0.0141629623249, 0.0185883250087]]}, "melbands": {"dmean": [0.00143490917981, 0.00245375512168, 0.0026427465491, 0.00141816760879, 0.000260643399088, 0.000227871045354, 0.000153544693603, 0.000187304322026, 5.68769755773e-05, 2.57966748904e-05, 4.16577895521e-05, 1.06626130219e-05, 9.26174379856e-06, 6.49579624223e-06, 9.21924129216e-06, 8.41804103402e-06, 1.36063554237e-05, 9.68805852608e-06, 6.24290669293e-06, 8.45839258545e-06, 4.26619544669e-06, 3.21480638377e-06, 2.13975545194e-06, 2.66676738647e-06, 1.18062894217e-06, 8.31058059703e-07, 1.23651682316e-06, 6.78962408074e-07, 1.03026786746e-06, 9.5765540209e-07, 6.52209735108e-07, 9.76285832621e-07, 7.03988916939e-07, 8.87634598712e-07, 7.17818238627e-07, 8.58914461332e-07, 6.72755732012e-07, 7.95066000592e-07, 8.22433094072e-07, 7.06115599769e-07], "dmean2": [0.00240600644611, 0.00407637702301, 0.00419194158167, 0.00226395763457, 0.000400016229833, 0.000357450480806, 0.000226695556194, 0.000278130697552, 8.86200141395e-05, 3.84701306757e-05, 5.8840472775e-05, 1.65512628882e-05, 1.43563920574e-05, 1.02190879261e-05, 1.45765525303e-05, 1.27537823573e-05, 1.99886453629e-05, 1.44181794894e-05, 9.17850775295e-06, 1.27217190311e-05, 6.55540316075e-06, 4.85141345052e-06, 3.31684896082e-06, 4.46712692792e-06, 1.84285238447e-06, 1.34328377044e-06, 2.07780090022e-06, 1.1004639191e-06, 1.56403621077e-06, 1.53105611389e-06, 1.02589172002e-06, 1.58965224273e-06, 1.05328888367e-06, 1.31889464683e-06, 1.16703620279e-06, 1.38873008382e-06, 1.08530423404e-06, 1.20055619846e-06, 1.25369774651e-06, 1.05608455669e-06], "dvar": [9.36274318519e-06, 1.99474998226e-05, 1.05773906398e-05, 4.74140824736e-06, 1.40104120305e-07, 1.36464876732e-07, 9.93734659005e-08, 1.71397729787e-07, 2.54270933198e-08, 2.31970065379e-09, 1.4221999578e-08, 3.26348087443e-10, 2.18184526002e-10, 1.00660584035e-10, 2.38729425117e-10, 2.58220528293e-10, 7.63802521231e-10, 3.4706448826e-10, 1.15784361265e-10, 3.15269976792e-10, 5.80187287103e-11, 4.25687020356e-11, 1.36005399651e-11, 1.00102881539e-09, 1.54501446359e-11, 5.23324656179e-12, 2.85841055686e-11, 1.61658804832e-12, 4.65808424818e-12, 7.3872279821e-12, 9.07245958047e-13, 2.53926415485e-12, 1.6210701401e-12, 1.75154910107e-12, 2.20251551372e-12, 2.08654903251e-12, 1.75018278949e-12, 1.18979598309e-12, 1.50030270325e-12, 1.24828912398e-12], "dvar2": [2.58782474702e-05, 5.3163679695e-05, 2.66391252808e-05, 1.18906555144e-05, 3.00414569665e-07, 3.00991814584e-07, 2.04262349257e-07, 3.46712710098e-07, 5.11006277293e-08, 4.50372494853e-09, 2.84141083995e-08, 7.24277082753e-10, 5.16852671772e-10, 2.37573127837e-10, 5.52901224804e-10, 5.65593016866e-10, 1.51400836312e-09, 7.2743477908e-10, 2.46428766282e-10, 7.40679351185e-10, 1.37631836483e-10, 1.02493319387e-10, 3.40003268595e-11, 2.87523649334e-09, 3.93243701491e-11, 1.47607533835e-11, 8.16662432124e-11, 4.16941784917e-12, 1.16505286321e-11, 1.91985368575e-11, 2.27008147523e-12, 6.9890447596e-12, 4.09759856254e-12, 4.28151568019e-12, 5.97837578054e-12, 5.67736352722e-12, 4.79173384998e-12, 2.60195749495e-12, 3.6232924213e-12, 3.07561636749e-12], "max": [0.0287404339761, 0.0489906221628, 0.0346737839282, 0.0256026219577, 0.00366086210124, 0.00425352249295, 0.00436444301158, 0.00558382179588, 0.00303323287517, 0.000967684783973, 0.00299639627337, 0.000378127500881, 0.000215463805944, 0.000117416449939, 0.000281526037725, 0.00026382796932, 0.00047778346925, 0.000330699665938, 0.000188749705558, 0.000271587952739, 0.000131970140501, 0.000134996007546, 5.11651523993e-05, 0.00124514556956, 0.000141494878335, 5.88232214795e-05, 0.000147588798427, 1.95017455553e-05, 4.53464599559e-05, 6.45872351015e-05, 1.10345008579e-05, 1.83201045729e-05, 2.16399039346e-05, 1.30050557345e-05, 3.15361576213e-05, 1.78069276444e-05, 2.89408490062e-05, 8.31714532978e-06, 8.7753205662e-06, 1.40577512866e-05], "mean": [0.0023887953721, 0.00442508002743, 0.00504582934082, 0.00248627923429, 0.00062206533039, 0.000472407060442, 0.000358075165423, 0.000461577117676, 0.000143884710269, 7.16304202797e-05, 9.11059687496e-05, 1.67969410541e-05, 1.51181393448e-05, 1.13338001029e-05, 1.80414954229e-05, 1.64850662259e-05, 3.05721041514e-05, 1.86089291674e-05, 1.21657258205e-05, 1.58300299518e-05, 8.25911047286e-06, 6.69689552524e-06, 3.18941397381e-06, 3.19861464959e-06, 1.79102812581e-06, 1.29677573568e-06, 1.70480984707e-06, 1.12129919216e-06, 1.90736614059e-06, 1.483745109e-06, 9.19077024264e-07, 1.24870553009e-06, 1.08567292045e-06, 1.14647355076e-06, 8.41880876123e-07, 1.05690412511e-06, 8.05952709015e-07, 1.06644688458e-06, 1.08053006898e-06, 8.92776711225e-07], "median": [0.00170796585735, 0.00305185955949, 0.0040665268898, 0.00184301310219, 0.000370639842004, 0.000315102515742, 0.000119057796837, 6.94426416885e-05, 3.85226812796e-05, 2.97694386973e-05, 1.69659488165e-05, 9.27339988266e-06, 9.12678569875e-06, 6.2092672124e-06, 1.0525853213e-05, 8.35542505229e-06, 1.42740036608e-05, 1.06091029011e-05, 6.95246581017e-06, 8.41686687636e-06, 4.33118384535e-06, 2.87238844976e-06, 1.50444122937e-06, 1.16637465908e-06, 8.264461826e-07, 7.24282585907e-07, 6.60593286739e-07, 4.72916724448e-07, 7.9198792946e-07, 4.83417068153e-07, 3.47452186134e-07, 4.88999205572e-07, 3.79553057428e-07, 4.00160161007e-07, 3.23516758272e-07, 3.32509813461e-07, 3.20577214552e-07, 3.69730145167e-07, 3.57052130084e-07, 2.99024264905e-07], "min": [5.12356372606e-11, 6.25249366171e-11, 2.15577122126e-11, 9.97759583288e-11, 8.03325531096e-11, 7.28591839638e-12, 2.13649519083e-12, 1.05779248208e-11, 9.0415530965e-12, 2.00651908283e-12, 1.3544027011e-12, 2.37976934166e-12, 2.05354396682e-11, 1.00215669097e-11, 6.41926962974e-12, 1.30376586263e-11, 4.54650856893e-12, 2.8964708236e-12, 5.42359256464e-12, 2.54831919455e-12, 3.89471658049e-12, 3.39599529053e-12, 2.40494863607e-12, 9.364516107e-12, 5.06413617637e-12, 3.96593652016e-12, 2.25428378221e-12, 1.55515173222e-12, 8.73696189181e-14, 9.62252955268e-13, 2.02309761825e-12, 1.38143489703e-12, 4.45336448924e-13, 5.47761028159e-14, 1.8090063952e-12, 1.49675942213e-12, 9.97192562899e-13, 1.51470643753e-12, 1.55111015178e-12, 9.19221296303e-13], "var": [9.85702354228e-06, 2.85594742309e-05, 2.13698913285e-05, 7.00683585819e-06, 4.46478907179e-07, 2.75767121138e-07, 3.27167413161e-07, 5.61323531656e-07, 8.92784370876e-08, 1.02207629027e-08, 3.09744976335e-08, 5.33694644034e-10, 3.38882921724e-10, 1.92671642529e-10, 5.88755044717e-10, 5.92334847838e-10, 1.8454777706e-09, 6.40363650994e-10, 2.31142160967e-10, 4.70212202508e-10, 1.06970377001e-10, 9.30332130777e-11, 2.02745372574e-11, 5.90837989645e-10, 1.49095076563e-11, 4.74577191781e-12, 2.17959157667e-11, 3.1258563446e-12, 1.31375795659e-11, 1.12761674997e-11, 1.75095799405e-12, 3.94993152769e-12, 3.46506937726e-12, 2.76354698674e-12, 2.22818703592e-12, 3.25849872258e-12, 1.79397078789e-12, 2.07808401563e-12, 2.23543427692e-12, 1.69002604879e-12]}, "mfcc": {"mean": [-673.419616699, 144.512619019, 29.6812496185, 22.3545322418, 24.7088127136, 11.2542552948, -6.19766283035, -7.60199975967, 1.3151512146, 1.70228052139, -2.11862826347, -2.99281954765, -5.40034198761], "cov": [[3845.71777344, -1472.17480469, 674.448852539, 77.1290588379, -47.644569397, 75.0326766968, 63.3081245422, 118.408042908, 51.1286582947, -50.4661636353, -23.2381629944, -54.4059944153, 1.72122716904], [-1472.17480469, 1728.98352051, -484.391143799, 127.836112976, 225.926681519, 85.046836853, 39.4354705811, 39.6185302734, -13.8476915359, -52.3524093628, -51.0136795044, 6.93348121643, -34.6282081604], [674.448852539, -484.391143799, 652.700622559, 79.2241744995, 77.626159668, 114.076255798, 104.247512817, 42.9715843201, 10.6574811935, -2.9750585556, 58.7102661133, -28.1740169525, 1.52018868923], [77.1290588379, 127.836112976, 79.2241744995, 223.502639771, 62.3384666443, 73.165512085, 72.3691253662, 54.6369819641, 9.62884140015, 10.5134954453, 13.5521688461, 17.2254753113, -8.36757183075], [-47.644569397, 225.926681519, 77.626159668, 62.3384666443, 181.723098755, 72.6522293091, 40.5540351868, 47.0994796753, 27.5127830505, -14.0316457748, 11.0678014755, 1.74401462078, 12.2101516724], [75.0326766968, 85.046836853, 114.076255798, 73.165512085, 72.6522293091, 140.936630249, 94.9226837158, 52.8605041504, 0.599175333977, -30.6650295258, -12.9680900574, -6.10713529587, -12.3244256973], [63.3081245422, 39.4354705811, 104.247512817, 72.3691253662, 40.5540351868, 94.9226837158, 138.163574219, 69.4087142944, -6.53058338165, -16.8767547607, -8.42307376862, -3.91817903519, -11.6006727219], [118.408042908, 39.6185302734, 42.9715843201, 54.6369819641, 47.0994796753, 52.8605041504, 69.4087142944, 128.551635742, 39.576171875, -25.3452224731, -39.5600700378, -17.2155513763, -13.0480365753], [51.1286582947, -13.8476915359, 10.6574811935, 9.62884140015, 27.5127830505, 0.599175333977, -6.53058338165, 39.576171875, 117.855865479, 28.0057964325, -27.7569561005, -28.2827701569, -3.93716692924], [-50.4661636353, -52.3524093628, -2.9750585556, 10.5134954453, -14.0316457748, -30.6650295258, -16.8767547607, -25.3452224731, 28.0057964325, 134.742340088, 67.7715682983, 26.4373207092, 9.00945472717], [-23.2381629944, -51.0136795044, 58.7102661133, 13.5521688461, 11.0678014755, -12.9680900574, -8.42307376862, -39.5600700378, -27.7569561005, 67.7715682983, 137.803924561, 55.7353439331, 25.7093486786], [-54.4059944153, 6.93348121643, -28.1740169525, 17.2254753113, 1.74401462078, -6.10713529587, -3.91817903519, -17.2155513763, -28.2827701569, 26.4373207092, 55.7353439331, 81.0260391235, 33.6941452026], [1.72122716904, -34.6282081604, 1.52018868923, -8.36757183075, 12.2101516724, -12.3244256973, -11.6006727219, -13.0480365753, -3.93716692924, 9.00945472717, 25.7093486786, 33.6941452026, 56.7328109741]], "icov": [[0.000456734269392, 0.000428229395766, -8.98560829228e-05, -0.000288957351586, -0.000176700224984, -0.000191085331608, 0.000282812106889, -0.00034563394729, 6.119273894e-05, 0.000187278725207, 8.15607854747e-05, 0.000111856534204, 5.32804224349e-05], [0.000428229395766, 0.001722250483, 0.00133297359571, -0.000836503750179, -0.00220275484025, -0.000565370661207, -0.000153301385581, 0.000173939479282, 0.000468965474283, 0.000356710777851, -8.15855964902e-05, 0.000529414566699, 0.000937495089602], [-8.98560829228e-05, 0.00133297359571, 0.00373440491967, -0.000778239511419, -0.00208419840783, -0.00160349986982, -0.00135648320429, 0.000651720503811, 9.96734815999e-05, 0.000590793555602, -0.00227268738672, 0.00273674586788, -0.000108145504782], [-0.000288957351586, -0.000836503750179, -0.000778239511419, 0.00674503715709, -0.000101781821286, -0.00104272493627, -0.00134492944926, -0.0011765829986, -0.000394992850488, -0.00115413742606, 8.59289939399e-05, -0.00264155887999, 0.0014494236093], [-0.000176700224984, -0.00220275484025, -0.00208419840783, -0.000101781821286, 0.0116415256634, -0.00376366334967, 0.00223549525253, -0.00240918248892, -0.00254074367695, 0.00105608336162, -0.00222851405852, 0.000551713455934, -0.004380219616], [-0.000191085331608, -0.000565370661207, -0.00160349986982, -0.00104272493627, -0.00376366334967, 0.0178466290236, -0.00941254664212, 0.00153323891573, -0.000578323437367, 0.00208943267353, 0.00165364716668, -0.00236646202393, 0.00294894678518], [0.000282812106889, -0.000153301385581, -0.00135648320429, -0.00134492944926, 0.00223549525253, -0.00941254664212, 0.0184014532715, -0.00753381289542, 0.00375946913846, -0.00182023388334, 0.000108116983029, 0.000648558256216, -0.000644256419037], [-0.00034563394729, 0.000173939479282, 0.000651720503811, -0.0011765829986, -0.00240918248892, 0.00153323891573, -0.00753381289542, 0.0153377624229, -0.00509192794561, 0.00215912796557, 0.00231827306561, -0.00160412036348, 0.00197016936727], [6.119273894e-05, 0.000468965474283, 9.96734815999e-05, -0.000394992850488, -0.00254074367695, -0.000578323437367, 0.00375946913846, -0.00509192794561, 0.0144364908338, -0.00621758028865, 0.00354238972068, 0.00478247832507, -0.00221410929225], [0.000187278725207, 0.000356710777851, 0.000590793555602, -0.00115413742606, 0.00105608336162, 0.00208943267353, -0.00182023388334, 0.00215912796557, -0.00621758028865, 0.0134640466422, -0.00697268918157, -0.00148432643618, 0.00184866681229], [8.15607854747e-05, -8.15855964902e-05, -0.00227268738672, 8.59289939399e-05, -0.00222851405852, 0.00165364716668, 0.000108116983029, 0.00231827306561, 0.00354238972068, -0.00697268918157, 0.016570430249, -0.00795692112297, -1.48750896187e-05], [0.000111856534204, 0.000529414566699, 0.00273674586788, -0.00264155887999, 0.000551713455934, -0.00236646202393, 0.000648558256216, -0.00160412036348, 0.00478247832507, -0.00148432643618, -0.00795692112297, 0.026157733053, -0.0123742343858], [5.32804224349e-05, 0.000937495089602, -0.000108145504782, 0.0014494236093, -0.004380219616, 0.00294894678518, -0.000644256419037, 0.00197016936727, -0.00221410929225, 0.00184866681229, -1.48750896187e-05, -0.0123742343858, 0.0272271689028]]}, "spectral_contrast_coeffs": {"dmean": [0.0553922913969, 0.0509957969189, 0.0410861857235, 0.0389250479639, 0.0252201296389, 0.0210733283311], "dmean2": [0.0864363759756, 0.0789207741618, 0.0625054389238, 0.0577252022922, 0.0386252067983, 0.0331290066242], "dvar": [0.00225586793385, 0.00191502959933, 0.0012397505343, 0.00113189127296, 0.00053153646877, 0.000403559446568], "dvar2": [0.00563340168446, 0.00473969755694, 0.0026669704821, 0.00250581442378, 0.00116400502156, 0.000949058739934], "max": [-0.305009275675, -0.40694001317, -0.503899812698, -0.523233175278, -0.586615741253, -0.669185042381], "mean": [-0.583166241646, -0.643155932426, -0.751611769199, -0.734675824642, -0.793979167938, -0.813398778439], "median": [-0.587563097477, -0.641029059887, -0.762472391129, -0.735363006592, -0.800928115845, -0.82082682848], "min": [-0.848322629929, -0.883471488953, -0.92913711071, -0.901044487953, -0.888733267784, -0.902203917503], "var": [0.00610165391117, 0.00640040915459, 0.00576505251229, 0.00365147297271, 0.00164461415261, 0.00106433336623]}, "spectral_contrast_valleys": {"dmean": [0.451542705297, 0.45023971796, 0.434478610754, 0.447808742523, 0.415035486221, 0.638953030109], "dmean2": [0.67964720726, 0.663905799389, 0.610733509064, 0.616833865643, 0.543636679649, 0.765817344189], "dvar": [0.246974170208, 0.165959507227, 0.140271320939, 0.167522937059, 0.157533586025, 0.380880117416], "dvar2": [0.423063904047, 0.334430277348, 0.272050708532, 0.311865538359, 0.28812071681, 0.833217382431], "max": [-4.88064861298, -4.98461532593, -6.13581323624, -6.61025333405, -6.73773908615, -8.15261745453], "mean": [-6.77349901199, -7.14943695068,