{"lowlevel": {"average_loudness": 0.898607850075, "barkbands_crest": {"dmean": 2.15058493614, "dmean2": 3.24771761894, "dvar": 4.89478349686, "dvar2": 11.6176557541, "max": 25.313835144, "mean": 12.5265817642, "median": 11.8566455841, "min": 2.92303538322, "var": 17.8170051575}, "barkbands_flatness_db": {"dmean": 0.0220625977963, "dmean2": 0.0315537974238, "dvar": 0.000546017487068, "dvar2": 0.00108881515916, "max": 0.484150528908, "mean": 0.21740296483, "median": 0.212556481361, "min": 0.0314431115985, "var": 0.00403519626707}, "barkbands_kurtosis": {"dmean": 5.75532484055, "dmean2": 8.44561576843, "dvar": 73.561668396, "dvar2": 151.473739624, "max": 208.193984985, "mean": 12.579076767, "median": 8.79487228394, "min": -1.9380273819, "var": 208.656173706}, "barkbands_skewness": {"dmean": 0.691901087761, "dmean2": 0.961280763149, "dvar": 0.540934324265, "dvar2": 1.04364919662, "max": 11.091094017, "mean": 2.59750413895, "median": 2.62069225311, "min": -3.90642237663, "var": 2.75458145142}, "barkbands_spread": {"dmean": 4.16217041016, "dmean2": 6.2214217186, "dvar": 58.7345619202, "dvar2": 120.044960022, "max": 84.905090332, "mean": 11.4984884262, "median": 7.52775382996, "min": 0.514246404171, "var": 162.467910767}, "dissonance": {"dmean": 0.0278756152838, "dmean2": 0.0454862080514, "dvar": 0.000797337852418, "dvar2": 0.00213088700548, "max": 0.499608635902, "mean": 0.414028167725, "median": 0.426132798195, "min": 0.118211902678, "var": 0.0031922890339}, "dynamic_complexity": 3.37448167801, "erbbands_crest": {"dmean": 2.61694526672, "dmean2": 3.98562455177, "dvar": 6.60715198517, "dvar2": 15.6134910583, "max": 33.6996879578, "mean": 11.9077196121, "median": 10.7352523804, "min": 2.95229363441, "var": 26.4628162384}, "erbbands_flatness_db": {"dmean": 0.0191020481288, "dmean2": 0.027326637879, "dvar": 0.000445908342954, "dvar2": 0.000922903534956, "max": 0.45960393548, "mean": 0.215433821082, "median": 0.208263486624, "min": 0.0528684519231, "var": 0.00305929710157}, "erbbands_kurtosis": {"dmean": 1.6652764082, "dmean2": 2.49290299416, "dvar": 6.7038064003, "dvar2": 15.0711965561, "max": 42.8100967407, "mean": 1.90505647659, "median": 0.765445351601, "min": -1.85820758343, "var": 15.3714456558}, "erbbands_skewness": {"dmean": 0.47430562973, "dmean2": 0.663039088249, "dvar": 0.272088974714, "dvar2": 0.494651317596, "max": 4.93550825119, "mean": 0.831371128559, "median": 0.957176089287, "min": -5.04359722137, "var": 1.31373238564}, "erbbands_spread": {"dmean": 8.38966369629, "dmean2": 12.630771637, "dvar": 130.907958984, "dvar2": 305.222137451, "max": 131.488143921, "mean": 33.183467865, "median": 28.2407188416, "min": 0.85456687212, "var": 398.86706543}, "hfc": {"dmean": 6.31116104126, "dmean2": 8.66414070129, "dvar": 308.776275635, "dvar2": 518.739562988, "max": 334.086120605, "mean": 16.3206157684, "median": 9.8231678009, "min": 1.17583194679e-16, "var": 805.274536133}, "melbands_crest": {"dmean": 2.53433442116, "dmean2": 3.79648280144, "dvar": 6.88316965103, "dvar2": 17.3056468964, "max": 32.1374397278, "mean": 16.367269516, "median": 15.7596607208, "min": 1.49899816513, "var": 30.3750400543}, "melbands_flatness_db": {"dmean": 0.0259781051427, "dmean2": 0.0355692468584, "dvar": 0.000818535394501, "dvar2": 0.00150811811909, "max": 0.604637026787, "mean": 0.28271239996, "median": 0.278469949961, "min": 0.00388808920979, "var": 0.00711420550942}, "melbands_kurtosis": {"dmean": 9.55444908142, "dmean2": 14.1117067337, "dvar": 200.5884552, "dvar2": 431.462005615, "max": 233.459335327, "mean": 23.0211238861, "median": 16.87525177, "min": -1.90111100674, "var": 568.686340332}, "melbands_skewness": {"dmean": 0.784842371941, "dmean2": 1.1174621582, "dvar": 0.726209163666, "dvar2": 1.56738758087, "max": 11.7103414536, "mean": 3.38099765778, "median": 3.28062295914, "min": -2.90992093086, "var": 3.4671652317}, "melbands_spread": {"dmean": 6.10403585434, "dmean2": 8.71430683136, "dvar": 251.32925415, "dvar2": 451.223388672, "max": 219.552749634, "mean": 14.8670072556, "median": 7.75384998322, "min": 0.477103710175, "var": 677.684997559}, "pitch_salience": {"dmean": 0.0604911744595, "dmean2": 0.0909430012107, "dvar": 0.00381456478499, "dvar2": 0.00867082737386, "max": 0.850663304329, "mean": 0.510333061218, "median": 0.519905805588, "min": 0.0861666947603, "var": 0.0173097066581}, "silence_rate_20dB": {"dmean": 0, "dmean2": 0, "dvar": 0, "dvar2": 0, "max": 1, "mean": 1, "median": 1, "min": 1, "var": 0}, "silence_rate_30dB": {"dmean": 0.000804397393949, "dmean2": 0.00160901050549, "dvar": 0.000803699018434, "dvar2": 0.00241069402546, "max": 1, "mean": 0.999597847462, "median": 1, "min": 0, "var": 0.000402001693146}, "silence_rate_60dB": {"dmean": 0.0120659610257, "dmean2": 0.0241351574659, "dvar": 0.0119197871536, "dvar2": 0.0243548732251, "max": 1, "mean": 0.0916890054941, "median": 0, "min": 0, "var": 0.083271369338}, "spectral_centroid": {"dmean": 204.762237549, "dmean2": 285.585784912, "dvar": 155538.40625, "dvar2": 244870.828125, "max": 11421.2333984, "mean": 803.433349609, "median": 575.774047852, "min": 159.530548096, "var": 574348.5625}, "spectral_complexity": {"dmean": 2.12414526939, "dmean2": 3.23866987228, "dvar": 6.76475334167, "dvar2": 12.8491363525, "max": 44, "mean": 11.279624939, "median": 11, "min": 0, "var": 34.5938262939}, "spectral_decrease": {"dmean": 1.58900614888e-09, "dmean2": 2.23899165874e-09, "dvar": 4.59059804163e-18, "dvar2": 9.35965368298e-18, "max": 3.52017359622e-19, "mean": -6.33014973772e-09, "median": -5.74629677175e-09, "min": -3.26098117398e-08, "var": 1.97558374654e-17}, "spectral_energy": {"dmean": 0.00639276299626, "dmean2": 0.00901802908629, "dvar": 7.07889266778e-05, "dvar2": 0.000144561330671, "max": 0.126295030117, "mean": 0.0253717470914, "median": 0.0232867076993, "min": 1.08293831483e-20, "var": 0.00030731887091}, "spectral_energyband_high": {"dmean": 0.000689810141921, "dmean2": 0.000931313843466, "dvar": 7.82899132901e-06, "dvar2": 1.26759241539e-05, "max": 0.0632352158427, "mean": 0.00103756273165, "median": 8.01142959972e-05, "min": 7.7194554637e-21, "var": 1.94320746232e-05}, "spectral_energyband_low": {"dmean": 0.00108505727258, "dmean2": 0.00161161692813, "dvar": 6.19328284301e-06, "dvar2": 1.36265198307e-05, "max": 0.0540297478437, "mean": 0.00296924985014, "median": 0.00113544659689, "min": 9.7527574221e-23, "var": 2.37725816987e-05}, "spectral_energyband_middle_high": {"dmean": 0.000989876454696, "dmean2": 0.00139679503627, "dvar": 3.76682010028e-06, "dvar2": 7.03987689121e-06, "max": 0.0495505593717, "mean": 0.00234687305056, "median": 0.00116317230277, "min": 1.7210209561e-21, "var": 1.37599163281e-05}, "spectral_energyband_middle_low": {"dmean": 0.00571331428364, "dmean2": 0.0080146305263, "dvar": 6.71338711982e-05, "dvar2": 0.000136980612297, "max": 0.123034738004, "mean": 0.0205759536475, "median": 0.0176851563156, "min": 2.74249525806e-22, "var": 0.000260401662672}, "spectral_entropy": {"dmean": 0.225078314543, "dmean2": 0.313630610704, "dvar": 0.0691551938653, "dvar2": 0.131334036589, "max": 9.79576873779, "mean": 6.68467330933, "median": 6.72377490997, "min": 4.06831121445, "var": 0.577765226364}, "spectral_flux": {"dmean": 0.0207828450948, "dmean2": 0.0327169410884, "dvar": 0.000649102381431, "dvar2": 0.00154160684906, "max": 0.294626295567, "mean": 0.0580129213631, "median": 0.0485266149044, "min": 1.04064319661e-10, "var": 0.00179473555181}, "spectral_kurtosis": {"dmean": 4.03822803497, "dmean2": 6.73899364471, "dvar": 27.7626342773, "dvar2": 72.9930496216, "max": 86.1518936157, "mean": 10.9423179626, "median": 6.04353284836, "min": -1.18509745598, "var": 161.657455444}, "spectral_rms": {"dmean": 0.000591862830333, "dmean2": 0.000819122593384, "dvar": 4.9190680329e-07, "dvar2": 9.64571427176e-07, "max": 0.0111002102494, "mean": 0.00460330722854, "median": 0.00476641766727, "min": 3.25042336796e-12, "var": 3.56244777322e-06}, "spectral_rolloff": {"dmean": 354.293762207, "dmean2": 569.772705078, "dvar": 924896.5, "dvar2": 1713504.75, "max": 19207.6171875, "mean": 1014.83117676, "median": 495.263671875, "min": 150.732421875, "var": 2788063}, "spectral_skewness": {"dmean": 0.408548772335, "dmean2": 0.644723773003, "dvar": 0.180641740561, "dvar2": 0.421931296587, "max": 7.75005197525, "mean": 2.21943283081, "median": 1.93587696552, "min": -0.468691587448, "var": 1.62707424164}, "spectral_spread": {"dmean": 531302.625, "dmean2": 785878.875, "dvar": 642786000896, "dvar2": 1217296465920.0, "max": 40585928, "mean": 3687278.75, "median": 3515268.5, "min": 1043340, "var": 2337702412290.0}, "spectral_strongpeak": {"dmean": 0.392560064793, "dmean2": 0.640390098095, "dvar": 0.638223588467, "dvar2": 1.56916880608, "max": 18.5706710815, "mean": 1.05590808392, "median": 0.799963593483, "min": 0, "var": 1.1105465889}, "zerocrossingrate": {"dmean": 0.00965466722846, "dmean2": 0.0104974573478, "dvar": 0.000291426462354, "dvar2": 0.000273506826488, "max": 0.5166015625, "mean": 0.0412345677614, "median": 0.029296875, "min": 0.00634765625, "var": 0.00206344528124}, "barkbands": {"dmean": [2.92955519399e-06, 6.98796211509e-05, 0.000539808534086, 0.00139623344876, 0.00404967134818, 0.00129013764672, 0.000776248634793, 0.000620553852059, 0.000230784309679, 0.00019555054314, 0.000198861904209, 0.000309051771183, 0.000157058035256, 0.00017468034639, 5.89741976e-05, 6.02524960414e-05, 9.17965153349e-05, 9.57079246291e-05, 9.3726295745e-05, 0.000178241112735, 0.000240943569224, 0.000194751381059, 0.000115158261906, 0.000104368700704, 3.61672973668e-05, 5.59766067454e-06, 1.96159066945e-06], "dmean2": [4.84530983158e-06, 0.000110021239379, 0.000833634636365, 0.00198756484315, 0.00587145006284, 0.00183573970571, 0.00108282489236, 0.000861493404955, 0.000317761703627, 0.000278958468698, 0.000293978926493, 0.000430513435276, 0.000234813021962, 0.00026783393696, 9.09822556423e-05, 9.02097963262e-05, 0.000135612252052, 0.00014676018327, 0.000142747783684, 0.00026354813599, 0.000344595697243, 0.000269207346719, 0.000164557553944, 0.000150626263348, 5.38101630809e-05, 9.23154675547e-06, 3.45551211467e-06], "dvar": [1.7853001022e-10, 3.49848257031e-08, 2.0219340513e-06, 7.44769431549e-06, 5.03083610965e-05, 7.35767753213e-06, 4.15458680436e-06, 3.20923231811e-06, 4.14029813101e-07, 2.44067393851e-07, 6.13113058989e-07, 1.70214354966e-06, 4.33522359344e-07, 3.58847245252e-07, 3.04378779958e-08, 4.74859476185e-08, 8.33944753253e-08, 1.10296255684e-07, 1.47558452568e-07, 7.04605383817e-07, 1.27832481667e-06, 8.38569064854e-07, 2.75837322761e-07, 2.56902382034e-07, 3.34830190241e-08, 1.01692743115e-09, 3.15775183779e-10], "dvar2": [4.75236572317e-10, 7.20489836681e-08, 4.51341338703e-06, 1.6795240299e-05, 0.000104980368633, 1.76387547981e-05, 8.26279392641e-06, 6.38541314402e-06, 7.45862848817e-07, 5.07585639298e-07, 1.41919895214e-06, 2.76077003036e-06, 9.29200211885e-07, 7.27063934391e-07, 6.31486543057e-08, 1.03290688003e-07, 1.80625690405e-07, 2.70322004781e-07, 3.24602467572e-07, 1.5280286334e-06, 2.35765742218e-06, 1.51237816226e-06, 5.5281236655e-07, 5.31994771791e-07, 7.14487171649e-08, 2.86953349971e-09, 9.08277564271e-10], "max": [0.000512776721735, 0.00567395379767, 0.038440734148, 0.0542836487293, 0.114975340664, 0.0554635263979, 0.0539163723588, 0.0409881286323, 0.0278294365853, 0.0150270238519, 0.0289950054139, 0.0493163540959, 0.0202840771526, 0.0184677969664, 0.00518069043756, 0.00800347700715, 0.00822546705604, 0.0132354488596, 0.014243981801, 0.0294575169683, 0.0259907990694, 0.0281769949943, 0.0153275113553, 0.0161703210324, 0.00754361739382, 0.00088253733702, 0.000482614472276], "mean": [3.5129967273e-06, 0.000162716096384, 0.00134494272061, 0.0034020866733, 0.00981526728719, 0.00364816421643, 0.00184505840298, 0.00122974056285, 0.000452095962828, 0.00036995584378, 0.000339065067237, 0.000566133472603, 0.000210750527913, 0.00023886791314, 8.8623004558e-05, 8.41856672196e-05, 0.00014425595873, 0.000145347818034, 0.000140329953865, 0.000214277606574, 0.000308307848172, 0.000277275888948, 0.000157763337484, 0.000132606845, 4.36822374468e-05, 5.29613089384e-06, 1.48086792251e-06], "median": [6.69122982799e-07, 6.74532493576e-05, 0.00042935059173, 0.00130783137865, 0.00593062769622, 0.00219198176637, 0.00079607043881, 0.000309114868287, 0.000143916258821, 0.00013314759417, 8.01768910605e-05, 6.99170850567e-05, 3.28760725097e-05, 4.84983720526e-05, 2.97363985737e-05, 1.48641338455e-05, 3.94060261897e-05, 3.32805284415e-05, 4.79282753076e-05, 2.63025867753e-05, 1.94088206626e-05, 1.23751760839e-05, 1.14534668683e-05, 5.80349751544e-06, 1.83974793799e-06, 2.97018175388e-07, 1.03050965095e-07], "min": [1.52400984913e-23, 4.5132284866e-23, 1.59324753969e-23, 3.97756921276e-23, 2.66042109663e-23, 3.62941523411e-23, 4.83061184123e-23, 8.62877136494e-23, 3.45773354204e-23, 6.87240663826e-23, 8.05995027191e-23, 1.08968575391e-22, 9.78635406142e-23, 1.21779386191e-22, 1.06490479297e-22, 1.02321791175e-22, 1.30461059199e-22, 4.32772879137e-22, 4.03449265837e-22, 2.79146622844e-22, 3.0508424319e-22, 6.30706789281e-22, 7.89568431411e-22, 8.46669036252e-22, 1.17552724996e-21, 1.52027496508e-21, 2.5345587431e-21], "var": [1.59960697466e-10, 1.16650831217e-07, 6.42698887532e-06, 2.50630491792e-05, 0.0001408787939, 2.00361100724e-05, 1.07310288513e-05, 8.92827483767e-06, 1.0994377817e-06, 5.78491096803e-07, 1.58539694439e-06, 7.13161534804e-06, 7.28047439225e-07, 6.44107956305e-07, 4.99511934038e-08, 8.44339282935e-08, 1.4698687778e-07, 1.45227204484e-07, 1.91541744243e-07, 8.62740648699e-07, 2.34245112551e-06, 1.80992401511e-06, 5.35550498171e-07, 4.48694009947e-07, 5.720332652e-08, 7.02228886151e-10, 1.83569048851e-10]}, "erbbands": {"dmean": [0.000797472312115, 0.0246424619108, 0.409516096115, 2.66840267181, 12.2697029114, 12.9775218964, 10.2292308807, 10.8307218552, 11.4373960495, 14.0476083755, 10.7104110718, 5.19808387756, 5.76240777969, 5.99147748947, 8.06113052368, 14.6387910843, 7.14775419235, 9.75438213348, 4.09202861786, 2.88495373726, 3.32673668861, 4.64371442795, 5.65979528427, 3.03524327278, 6.37954044342, 8.64636707306, 8.49691867828, 9.85783863068, 7.43287658691, 4.79621601105, 3.06836843491, 2.5229973793, 1.57740116119, 0.652594983578, 0.121358923614, 0.0309995263815, 0.00956356991082, 0.00290857581422, 0.000329862756189, 1.81185168913e-05], "dmean2": [0.00124263041653, 0.0384676642716, 0.636863291264, 3.82123231888, 17.3594741821, 19.4472122192, 14.3910903931, 15.7417325974, 15.7276096344, 19.5328464508, 14.9016494751, 7.00311470032, 8.01693058014, 8.4981508255, 11.686668396, 20.0436534882, 10.3404808044, 14.9036359787, 6.23832035065, 4.32517433167, 4.86874485016, 6.67759227753, 8.56764507294, 4.60161113739, 9.62836360931, 12.9258317947, 12.2208995819, 14.1927547455, 10.2392644882, 7.00351810455, 4.42541742325, 3.68455338478, 2.26655316353, 0.955331861973, 0.182173475623, 0.0485102385283, 0.0159538835287, 0.00511321146041, 0.00057940161787, 2.88211831503e-05], "dvar": [2.72705119642e-06, 0.00424964400008, 1.11334693432, 30.9907722473, 623.539733887, 614.326293945, 504.310974121, 643.435791016, 633.733337402, 1773.52233887, 1261.37573242, 161.154220581, 167.625366211, 514.554443359, 994.978820801, 4062.38623047, 765.804748535, 1152.08996582, 174.150726318, 69.5442810059, 134.338317871, 246.746871948, 452.292358398, 122.265083313, 762.938415527, 1784.53259277, 1525.0222168, 2456.50048828, 1220.11950684, 476.875366211, 213.001541138, 176.399276733, 56.1970252991, 12.0132980347, 0.265356332064, 0.0185595862567, 0.00339451967739, 0.000704595993739, 8.92001935426e-06, 1.12328208957e-08], "dvar2": [6.72067153573e-06, 0.00825210660696, 2.40886831284, 68.7772674561, 1188.51623535, 1380.85412598, 1104.33105469, 1590.24658203, 1307.3125, 3649.5402832, 2462.93554688, 299.609069824, 327.024169922, 962.451171875, 2425.89453125, 6342.41503906, 1507.89379883, 2423.22900391, 353.862518311, 132.291015625, 289.749053955, 544.242675781, 1132.44067383, 233.522674561, 1719.14489746, 3978.44311523, 2896.94946289, 4628.79248047, 2228.81030273, 973.512329102, 428.4503479, 363.73626709, 116.254325867, 25.8456840515, 0.590918362141, 0.0481013171375, 0.00969070661813, 0.00203804764897, 2.57894516835e-05, 3.21008819526e-08], "max": [0.0477074384689, 2.35423588753, 37.1599960327, 124.346488953, 436.213195801, 471.601379395, 541.179138184, 530.165161133, 650.621826172, 1011.31298828, 1088.3581543, 428.063354492, 504.176086426, 1121.39050293, 1166.31005859, 2507.82397461, 995.605407715, 982.998840332, 426.834320068, 333.02746582, 448.858123779, 584.686157227, 898.619995117, 572.728149414, 990.251708984, 1483.32727051, 790.403808594, 1402.80578613, 1266.08666992, 485.145202637, 458.499664307, 648.108642578, 179.281311035, 149.753204346, 12.5074834824, 3.28804373741, 1.81147122383, 0.794032633305, 0.0786454305053, 0.00415570521727], "mean": [0.00282135256566, 0.0606082044542, 1.0155339241, 7.41581821442, 26.5896549225, 30.2208137512, 28.796792984, 27.5204715729, 30.6759243011, 30.1101779938, 21.5554866791, 10.949016571, 12.6904649734, 11.0565233231, 14.5376138687, 28.2001609802, 10.8871107101, 13.8290567398, 6.27755880356, 4.52404975891, 5.24852323532, 7.62805604935, 8.73220539093, 5.30861091614, 9.13503456116, 10.4507770538, 10.8853816986, 12.9042863846, 10.4581508636, 6.61980772018, 4.10845422745, 3.15113329887, 1.98858869076, 0.798001885414, 0.142970442772, 0.0324983894825, 0.00888572260737, 0.00223284959793, 0.000264695321675, 3.98117881559e-05], "median": [0.00107306544669, 0.0329823233187, 0.419500172138, 3.29087710381, 12.1686477661, 14.1222724915, 14.9921503067, 14.8733921051, 14.5673751831, 9.08068466187, 6.41344547272, 4.27183580399, 5.19522809982, 3.35312223434, 4.48343372345, 3.62484502792, 2.18388581276, 2.79662108421, 2.07713890076, 1.49677371979, 1.46981549263, 1.99803578854, 1.9157936573, 1.85980010033, 2.69281482697, 1.41963458061, 0.950209617615, 0.588526189327, 0.481349468231, 0.381269842386, 0.292162597179, 0.166053324938, 0.0761124119163, 0.0311928987503, 0.0081590982154, 0.00190033682156, 0.000528465432581, 0.000114931310236, 2.86179129034e-05, 2.94344445138e-05], "min": [1.91607200246e-21, 7.84004207958e-21, 1.76183589737e-20, 9.20726726521e-20, 9.16175035953e-20, 6.92160761271e-20, 2.08795986718e-19, 3.85916668691e-19, 4.48093198698e-19, 1.67185247615e-18, 1.44420482355e-18, 6.53280054232e-19, 1.26329194498e-18, 3.10698571331e-18, 2.96477826997e-18, 4.92379549135e-18, 4.80341961912e-18, 5.1212079348e-18, 4.9654820855e-18, 5.49144984108e-18, 6.99390555055e-18, 9.68901136029e-18, 2.13860168925e-17, 2.26445721945e-17, 1.30316143012e-17, 1.23826629865e-17, 1.47145786047e-17, 1.18913896674e-17, 2.25947792303e-17, 2.57300518322e-17, 2.16135825508e-17, 1.9167763335e-17, 1.39742436847e-17, 1.32767666465e-17, 8.31819027838e-18, 5.73138722623e-18, 2.86080125338e-18, 1.40267632429e-18, 3.11466562001e-19, 3.54228885151e-20], "var": [1.55072393682e-05, 0.0154925473034, 3.80069327354, 115.280708313, 1621.98986816, 1830.8182373, 1804.83483887, 1392.90966797, 2066.11328125, 4701.09863281, 3293.47094727, 476.291687012, 484.694091797, 1254.65063477, 2256.34790039, 18141.8222656, 1466.60571289, 2050.00366211, 298.147735596, 137.096939087, 251.762481689, 426.699859619, 561.034179688, 192.825653076, 944.236083984, 2087.28344727, 2556.28076172, 4596.42724609, 2595.78613281, 898.291809082, 386.38861084, 295.770721436, 98.1915740967, 20.0797748566, 0.398076742887, 0.018158769235, 0.00222853547893, 0.000401754223276, 5.13140730618e-06, 7.63810170668e-09]}, "gfcc": {"mean": [-67.2430648804, 117.292404175, -112.025169373, 18.9512939453, -73.7562179565, -13.4156484604, -45.4112014771, -16.7595233917, -33.0584335327, -14.5041790009, -13.4423332214, -9.59134101868, -13.5311431885], "cov": [[10691.4394531, -933.024841309, -458.495819092, 2015.83190918, -1149.16516113, 57.1427879333, -395.907684326, 259.684112549, 153.244277954, -49.9323425293, 48.0183448792, -51.9995002747, -60.2587089539], [-933.024841309, 1860.26574707, -94.6114425659, -656.691040039, 595.67010498, -215.120727539, 147.002716064, -129.037490845, 43.6001472473, -181.99949646, 60.2671737671, -149.263626099, -73.1995697021], [-458.495819092, -94.6114425659, 611.802368164, 38.1455497742, 46.5246543884, 97.704498291, 36.5091819763, 51.481590271, -25.753068924, 38.5987739563, -73.3397521973, 19.4905052185, 0.310704648495], [2015.83190918, -656.691040039, 38.1455497742, 1026.97607422, -295.551391602, 57.2603149414, -70.2039642334, 105.045539856, 97.8349761963, -14.6569252014, -22.5886116028, -1.60855424404, 54.363407135], [-1149.16516113, 595.67010498, 46.5246543884, -295.551391602, 519.611022949, -50.3904075623, 52.2671852112, -41.1377487183, -4.58065509796, -31.3673229218, -32.3140830994, -42.4467582703, -43.8102874756], [57.1427879333, -215.120727539, 97.704498291, 57.2603149414, -50.3904075623, 258.36026001, 65.1226043701, 23.7338600159, 1.52233469486, 39.3446922302, -15.7160682678, -20.5458145142, -32.6481361389], [-395.907684326, 147.002716064, 36.5091819763, -70.2039642334, 52.2671852112, 65.1226043701, 210.641677856, 23.9629001617, -19.104932785, -15.7180318832, -14.1618776321, -30.73021698, -34.18800354], [259.684112549, -129.037490845, 51.481590271, 105.045539856, -41.1377487183, 23.7338600159, 23.9629001617, 155.363555908, 48.7014732361, 6.10608625412, -19.1941623688, 18.7662010193, -0.343950808048], [153.244277954, 43.6001472473, -25.753068924, 97.8349761963, -4.58065509796, 1.52233469486, -19.104932785, 48.7014732361, 151.007354736, 19.3087539673, -3.14187955856, -10.2576436996, 13.2989320755], [-49.9323425293, -181.99949646, 38.5987739563, -14.6569252014, -31.3673229218, 39.3446922302, -15.7180318832, 6.10608625412, 19.3087539673, 141.880844116, 11.2744522095, 4.35160636902, 5.43886613846], [48.0183448792, 60.2671737671, -73.3397521973, -22.5886116028, -32.3140830994, -15.7160682678, -14.1618776321, -19.1941623688, -3.14187955856, 11.2744522095, 106.976722717, 24.8082714081, -3.89120650291], [-51.9995002747, -149.263626099, 19.4905052185, -1.60855424404, -42.4467582703, -20.5458145142, -30.73021698, 18.7662010193, -10.2576436996, 4.35160636902, 24.8082714081, 130.708328247, 43.800819397], [-60.2587089539, -73.1995697021, 0.310704648495, 54.363407135, -43.8102874756, -32.6481361389, -34.18800354, -0.343950808048, 13.2989320755, 5.43886613846, -3.89120650291, 43.800819397, 110.828125]], "icov": [[0.000309513852699, -0.000565793015994, 0.000335607852321, -0.000732773100026, 0.000778758141678, -0.000311378156766, 0.000755141198169, -0.000516030355357, 0.000663026876282, -0.000577341241296, 0.000658810720779, -0.000428882252891, 0.000741953728721], [-0.000565793015994, 0.00315315136686, -0.00102977431379, 0.00225814757869, -0.00286581227556, 0.0018175712321, -0.00249974243343, 0.001760930405, -0.00313211092725, 0.00355762150139, -0.00359152932651, 0.00299227098003, -0.00180033314973], [0.000335607852321, -0.00102977431379, 0.00251325918362, -0.00111445295624, 0.000757678295486, -0.00122741505038, 0.000988066545688, -0.00125148182269, 0.00176969659515, -0.00175508612301, 0.0024932725355, -0.00152480963152, 0.000844731926918], [-0.000732773100026, 0.00225814757869, -0.00111445295624, 0.00352490507066, -0.00174751644954, 0.00100756704342, -0.00182719179429, 0.000979906180874, -0.00304967048578, 0.00302523653954, -0.00247653061524, 0.00246158894151, -0.00242977961898], [0.000778758141678, -0.00286581227556, 0.000757678295486, -0.00174751644954, 0.00562229333445, -0.000985114485957, 0.00222257268615, -0.00127665116452, 0.00219067046419, -0.00262927915901, 0.00398492766544, -0.00217796792276, 0.00286645907909], [-0.000311378156766, 0.0018175712321, -0.00122741505038, 0.00100756704342, -0.000985114485957, 0.00616335310042, -0.00298482272774, 0.00116132735275, -0.00194299768191, 0.000672349066008, -0.00164942187257, 0.00192079879344, 0.000432553555584], [0.000755141198169, -0.00249974243343, 0.000988066545688, -0.00182719179429, 0.00222257268615, -0.00298482272774, 0.00849454756826, -0.00327107287012, 0.00353625882417, -0.00175841001328, 0.00273982435465, -0.000997950322926, 0.00241514388472], [-0.000516030355357, 0.001760930405, -0.00125148182269, 0.000979906180874, -0.00127665116452, 0.00116132735275, -0.00327107287012, 0.00999000109732, -0.00482278130949, 0.001833983697, -0.000411365705077, -0.000812718644738, 6.0194528487e-05], [0.000663026876282, -0.00313211092725, 0.00176969659515, -0.00304967048578, 0.00219067046419, -0.00194299768191, 0.00353625882417, -0.00482278130949, 0.0117446584627, -0.00479409657419, 0.0032223968301, -0.00143563922029, 0.000658734352328], [-0.000577341241296, 0.00355762150139, -0.00175508612301, 0.00302523653954, -0.00262927915901, 0.000672349066008, -0.00175841001328, 0.001833983697, -0.00479409657419, 0.0122119477019, -0.00530420942232, 0.00377681967802, -0.00252413307317], [0.000658810720779, -0.00359152932651, 0.0024932725355, -0.00247653061524, 0.00398492766544, -0.00164942187257, 0.00273982435465, -0.000411365705077, 0.0032223968301, -0.00530420942232, 0.0158110428602, -0.00645065726712, 0.0041052675806], [-0.000428882252891, 0.00299227098003, -0.00152480963152, 0.00246158894151, -0.00217796792276, 0.00192079879344, -0.000997950322926, -0.000812718644738, -0.00143563922029, 0.00377681967802, -0.00645065726712, 0.0135086299852, -0.00564388278872], [0.000741953728721, -0.00180033314973, 0.000844731926918, -0.00242977961898, 0.00286645907909, 0.000432553555584, 0.00241514388472, 6.0194528487e-05, 0.000658734352328, -0.00252413307317, 0.0041052675806, -0.00564388278872, 0.0138520384207]]}, "melbands": {"dmean": [1.24654134197e-05, 0.000151689833729, 0.000691548979376, 0.000951756723225, 0.000397252821131, 0.000246994371992, 0.000173034903128, 0.000151741900481, 7.83172436059e-05, 3.13765267492e-05, 2.92005643132e-05, 2.39728506131e-05, 2.72614088317e-05, 3.63489198207e-05, 2.38664197241e-05, 1.54086592374e-05, 1.95037227968e-05, 7.32367016099e-06, 3.70747920897e-06, 4.28359726357e-06, 4.32715887655e-06, 4.6656982704e-06, 6.95558856023e-06, 3.97122767026e-06, 2.35371771851e-06, 4.09459835282e-06, 5.68134873902e-06, 5.94367338635e-06, 5.00367286804e-06, 6.46941953164e-06, 5.65020263821e-06, 4.59965576738e-06, 3.4196859815e-06, 2.42537271333e-06, 1.76629373527e-06, 1.89515617421e-06, 1.46833133385e-06, 1.20087736377e-06, 8.99187057257e-07, 4.37905526951e-07], "dmean2": [1.95185784833e-05, 0.000237005733652, 0.000968421169091, 0.00139137299266, 0.000561584369279, 0.000353295268724, 0.000238001928665, 0.000210436090128, 0.000108517080662, 4.27660306741e-05, 4.09460844821e-05, 3.40694241459e-05, 3.95649512939e-05, 5.08921257278e-05, 3.32275267283e-05, 2.33664959524e-05, 2.99329421978e-05, 1.13426149255e-05, 5.73225861444e-06, 6.4564319473e-06, 6.40138750896e-06, 6.8101639954e-06, 1.05896060631e-05, 6.07466972724e-06, 3.67233724319e-06, 6.19290631221e-06, 8.67684866535e-06, 8.96462915989e-06, 7.27410861145e-06, 9.4038714451e-06, 8.23510436021e-06, 6.41929364065e-06, 4.97278506373e-06, 3.64533002539e-06, 2.62412618213e-06, 2.78614425042e-06, 2.23069309868e-06, 1.73739510956e-06, 1.34035371957e-06, 6.53896790936e-07], "dvar": [9.07774133641e-10, 1.5921378349e-07, 1.43704039601e-06, 3.04906120618e-06, 6.14860709902e-07, 2.94156279779e-07, 1.49183804865e-07, 1.90582852611e-07, 7.36411749358e-08, 5.57141222046e-09, 4.48756720672e-09, 8.20275580793e-09, 1.09348849975e-08, 2.24970992946e-08, 7.68484387237e-09, 3.81816622763e-09, 4.87148898998e-09, 6.86435797093e-10, 9.7280267175e-11, 2.11823281138e-10, 2.25300833545e-10, 2.5270655013e-10, 7.64639740414e-10, 1.39818892575e-10, 9.56803733465e-11, 2.98768926266e-10, 8.06073097159e-10, 9.69734403888e-10, 5.75470171515e-10, 9.84228920586e-10, 8.49864290053e-10, 4.98808327976e-10, 2.48679854487e-10, 1.28714733316e-10, 7.35980096311e-11, 1.24883950403e-10, 5.53049273044e-11, 3.47482320695e-11, 2.03187033171e-11, 5.96958637036e-12], "dvar2": [2.04016603611e-09, 3.43489659826e-07, 2.89695162792e-06, 6.47489514449e-06, 1.33076832753e-06, 7.18284695722e-07, 3.02383682538e-07, 3.89335980344e-07, 1.37385598009e-07, 1.05439426079e-08, 8.80334471987e-09, 1.54354555804e-08, 2.56410075394e-08, 3.72799675574e-08, 1.28258639265e-08, 8.78747208333e-09, 1.0060576372e-08, 1.43015843612e-09, 1.93755636535e-10, 4.39373704086e-10, 4.73333150453e-10, 5.41547195976e-10, 1.91205473676e-09, 3.26935867268e-10, 1.88797269485e-10, 6.68396171744e-10, 1.89897120251e-09, 2.22836105124e-09, 1.18121445958e-09, 1.9118144845e-09, 1.60581270503e-09, 9.40990396714e-10, 4.94448926247e-10, 2.79300332862e-10, 1.54044513256e-10, 2.53996240707e-10, 1.23632590276e-10, 7.36213381924e-11, 4.51773618515e-11, 1.29462343623e-11], "max": [0.000854983576573, 0.0135722188279, 0.0196563377976, 0.0303745958954, 0.0155926095322, 0.0111214173958, 0.00936815515161, 0.00897954124957, 0.00892565585673, 0.00216768099926, 0.00261593703181, 0.004265175201, 0.00417850725353, 0.00563467899337, 0.00264054094441, 0.00161051517352, 0.00225885026157, 0.000897235004231, 0.000472471932881, 0.00054315594025, 0.000640747719444, 0.000698506715707, 0.001252847258, 0.000361824029824, 0.000536603445653, 0.000726143538486, 0.00124033191241, 0.00132741651032, 0.000615108932834, 0.000744636228774, 0.000849068514071, 0.000805821269751, 0.000438034447143, 0.000236423336901, 0.000263857626123, 0.000685554055963, 0.000231164798606, 0.000143051933264, 0.000150153398863, 0.000109137770778], "mean": [3.45835069311e-05, 0.00037568830885, 0.00184386910405, 0.00210858951323, 0.00110128137749, 0.000656250922475, 0.000454729306512, 0.000315647252137, 0.000155749061378, 6.38361962046e-05, 6.18597841822e-05, 4.19570642407e-05, 4.7296154662e-05, 6.71378729749e-05, 4.21840341005e-05, 2.0895673515e-05, 2.65918315563e-05, 1.03110642158e-05, 5.83345718042e-06, 5.85789166507e-06, 6.52175731375e-06, 7.52728919906e-06, 9.75002240011e-06, 6.14091322859e-06, 3.78259528588e-06, 6.01766714681e-06, 7.20509933672e-06, 6.791908163e-06, 6.08252867096e-06, 7.84653184382e-06, 7.36413858249e-06, 6.29944133834e-06, 4.56938550997e-06, 3.29392105414e-06, 2.28748558584e-06, 2.29264787777e-06, 1.75560342086e-06, 1.48023855218e-06, 1.07870414467e-06, 5.25873190327e-07], "median": [1.36396847665e-05, 0.000148616862134, 0.000951037858613, 0.00117668346502, 0.000580694759265, 0.000366931257304, 0.000214270025026, 8.62849483383e-05, 4.30004583905e-05, 2.35485349549e-05, 2.41721136263e-05, 1.09027860162e-05, 1.22879282571e-05, 1.0250509149e-05, 5.68449695493e-06, 3.5015245885e-06, 4.98843019159e-06, 3.07984601022e-06, 2.14177089219e-06, 1.27569819597e-06, 1.6551769022e-06, 1.94772133e-06, 1.33461298901e-06, 1.60806803251e-06, 1.20662889458e-06, 1.81177745162e-06, 1.40254223879e-06, 6.94365439813e-07, 5.28179953108e-07, 4.34396270066e-07, 2.41610877083e-07, 2.58773383166e-07, 2.16165659594e-07, 1.98549329866e-07, 1.56465816303e-07, 1.42091963085e-07, 7.34224983034e-08, 5.28153663026e-08, 3.47978499349e-08, 1.91328570764e-08], "min": [1.54526113083e-23, 9.33444120791e-24, 1.58456091895e-23, 4.54518263863e-24, 6.6041983481e-24, 7.98728687398e-24, 7.29424259203e-24, 1.92678944779e-23, 1.08737265596e-23, 3.88155064109e-24, 6.81681845017e-24, 1.26437639813e-23, 1.05154251476e-23, 7.35015153097e-24, 2.07168063465e-23, 5.77711752646e-24, 1.03347917775e-23, 7.23873676102e-24, 1.04958700746e-23, 6.21969373783e-24, 7.55043858164e-24, 7.39403507426e-24, 1.81555217154e-23, 2.00009639844e-23, 1.84186304931e-23, 1.40602165903e-23, 5.71270032823e-24, 9.38930727273e-24, 1.01648632499e-23, 7.36808233934e-24, 6.61114821268e-24, 1.05038565024e-23, 1.65880014542e-23, 1.3573277997e-23, 1.21701539819e-23, 1.08992036114e-23, 1.24507604833e-23, 9.38645554055e-24, 1.07701262458e-23, 1.10319823124e-23], "var": [3.39493388957e-09, 5.34352579962e-07, 5.32155627297e-06, 7.39092411095e-06, 2.32755337493e-06, 7.29356770535e-07, 4.66712663183e-07, 5.313494853e-07, 2.05923456065e-07, 1.61613602501e-08, 1.22407923797e-08, 1.91894766743e-08, 2.79590786079e-08, 9.21689604638e-08, 2.73116107508e-08, 5.69326585875e-09, 8.7359035561e-09, 1.0732207345e-09, 1.71890529588e-10, 3.35913796778e-10, 4.32167662767e-10, 4.49102421918e-10, 9.10672204313e-10, 2.09036024601e-10, 1.33863045648e-10, 3.91284338264e-10, 8.60757964904e-10, 1.07400599525e-09, 8.51518133782e-10, 1.61478141969e-09, 1.61927571352e-09, 1.01005059872e-09, 4.61067961588e-10, 2.2324490867e-10, 1.17876652883e-10, 1.99999364292e-10, 8.45555500617e-11, 5.68711258642e-11, 3.30224979306e-11, 9.43877788429e-12]}, "mfcc": {"mean": [-711.656860352, 144.365615845, 10.1771879196, 23.026216507, -11.3817214966, -6.58379936218, -11.8892612457, -10.0931663513, -21.3056030273, -10.8250837326, -12.9412565231, -10.1687936783, -9.72857952118], "cov": [[9381.84082031, -2138.06420898, 476.153869629, 1129.25402832, -248.288665771, 75.6893539429, -343.482513428, 213.43800354, -46.2566413879, 74.8447875977, 99.200958252, 226.253646851, 45.7220458984], [-2138.06420898, 2539.74389648, -522.600097656, -356.507080078, 188.216567993, -99.9323043823, 117.666213989, -0.136989295483, -117.913635254, 25.0374279022, -13.7884950638, -110.384101868, -43.9101028442], [476.153869629, -522.600097656, 624.169250488, 99.8918914795, -42.9230461121, 76.5566329956, 20.9237442017, 28.3815860748, 88.4127044678, 4.18499994278, -5.74631690979, 46.6420936584, 33.7041778564], [1129.25402832, -356.507080078, 99.8918914795, 520.373474121, 72.1745681763, 4.06247901917, -52.0886955261, 58.4470062256, 57.7394714355, -2.42002487183, -20.4797401428, 20.9714012146, 15.2203683853], [-248.288665771, 188.216567993, -42.9230461121, 72.1745681763, 267.515380859, 17.8608894348, -25.8644771576, -3.23715686798, 28.7885684967, 9.14598369598, -4.40775680542, -5.55246019363, 22.6344642639], [75.6893539429, -99.9323043823, 76.5566329956, 4.06247901917, 17.8608894348, 170.259567261, 43.9761428833, -10.5859031677, 30.9756984711, 17.6100654602, 32.2487487793, 14.3034744263, -16.2085971832], [-343.482513428, 117.666213989, 20.9237442017, -52.0886955261, -25.8644771576, 43.9761428833, 180.891738892, 24.9168376923, 4.62445068359, 8.61807441711, 11.1567745209, -1.95561015606, -14.0212087631], [213.43800354, -0.136989295483, 28.3815860748, 58.4470062256, -3.23715686798, -10.5859031677, 24.9168376923, 175.667999268, 41.8762130737, -4.88281202316, 5.15309619904, 27.9567070007, 23.945318222], [-46.2566413879, -117.913635254, 88.4127044678, 57.7394714355, 28.7885684967, 30.9756984711, 4.62445068359, 41.8762130737, 170.963745117, 41.5936965942, 5.67790222168, 11.2320718765, 1.91036641598], [74.8447875977, 25.0374279022, 4.18499994278, -2.42002487183, 9.14598369598, 17.6100654602, 8.61807441711, -4.88281202316, 41.5936965942, 146.27734375, 54.681602478, -20.9604091644, -25.3967075348], [99.200958252, -13.7884950638, -5.74631690979, -20.4797401428, -4.40775680542, 32.2487487793, 11.1567745209, 5.15309619904, 5.67790222168, 54.681602478, 123.058998108, 24.5095939636, -18.279914856], [226.253646851, -110.384101868, 46.6420936584, 20.9714012146, -5.55246019363, 14.3034744263, -1.95561015606, 27.9567070007, 11.2320718765, -20.9604091644, 24.5095939636, 123.554039001, 57.2669868469], [45.7220458984, -43.9101028442, 33.7041778564, 15.2203683853, 22.6344642639, -16.2085971832, -14.0212087631, 23.945318222, 1.91036641598, -25.3967075348, -18.279914856, 57.2669868469, 155.87739563]], "icov": [[0.000212520040805, 8.75887126313e-05, -2.7758997021e-05, -0.000403646321502, 0.000237788815866, -0.000159700764925, 0.000347419438185, -0.000242968089879, 0.000391231238609, -0.000275070691714, -3.88652297261e-05, -0.000245101633482, 6.10694987699e-05], [8.75887126313e-05, 0.000655478273984, 0.00034383952152, 0.000211329286685, -0.00046840912546, 0.000227123877266, -0.000312111573294, -0.00032363756327, 0.000405698723625, -0.000275645201327, 0.00011063083366, 0.00013240010594, 9.16981516639e-05], [-2.7758997021e-05, 0.00034383952152, 0.00217696325853, -6.39903082629e-05, 0.000219354536966, -0.000635682197753, -0.000391161651351, -2.25840267376e-05, -0.000761351606343, -5.62318418815e-05, 0.000415348331444, -0.000228060962399, -0.000356463424396], [-0.000403646321502, 0.000211329286685, -6.39903082629e-05, 0.00327870273031, -0.00138749461621, 0.000430109910667, -0.000210174461245, -0.000427944207331, -0.000903200125322, 0.000365278829122, 0.000612614036072, 0.000309975410346, 0.000193198240595], [0.000237788815866, -0.00046840912546, 0.000219354536966, -0.00138749461621, 0.00506139965728, -0.00125469523482, 0.00128856580704, 0.000212352111703, -0.000545696821064, -0.000261056818999, -0.000113143592898, 0.000132036395371, -0.000993400346488], [-0.000159700764925, 0.000227123877266, -0.000635682197753, 0.000430109910667, -0.00125469523482, 0.00776097131893, -0.00231561879627, 0.00122327695135, -0.00115400343202, 0.000398915930418, -0.00161324965302, -0.000521635927726, 0.000880859268364], [0.000347419438185, -0.000312111573294, -0.000391161651351, -0.000210174461245, 0.00128856580704, -0.00231561879627, 0.0073869060725, -0.00165236776229, 0.000716068490874, -0.000592183729168, 2.88338651444e-05, -0.000273590208963, 0.000404300633818], [-0.000242968089879, -0.00032363756327, -2.25840267376e-05, -0.000427944207331, 0.000212352111703, 0.00122327695135, -0.00165236776229, 0.00725731067359, -0.00230003590696, 0.00104323436972, -0.00071869965177, -0.000673714210279, -0.000778949062806], [0.000391231238609, 0.000405698723625, -0.000761351606343, -0.000903200125322, -0.000545696821064, -0.00115400343202, 0.000716068490874, -0.00230003590696, 0.00856579747051, -0.00313078565523, 0.00114507158287, -0.00105847558007, 0.000537398154847], [-0.000275070691714, -0.000275645201327, -5.62318418815e-05, 0.000365278829122, -0.000261056818999, 0.000398915930418, -0.000592183729168, 0.00104323436972, -0.00313078565523, 0.0101658608764, -0.00482554454356, 0.00292662577704, -0.000101037381683], [-3.88652297261e-05, 0.00011063083366, 0.000415348331444, 0.000612614036072, -0.000113143592898, -0.00161324965302, 2.88338651444e-05, -0.00071869965177, 0.00114507158287, -0.00482554454356, 0.0118844239041, -0.00389765249565, 0.00188000616618], [-0.000245101633482, 0.00013240010594, -0.000228060962399, 0.000309975410346, 0.000132036395371, -0.000521635927726, -0.000273590208963, -0.000673714210279, -0.00105847558007, 0.00292662577704, -0.00389765249565, 0.0122902207077, -0.00434881774709], [6.10694987699e-05, 9.16981516639e-05, -0.000356463424396, 0.000193198240595, -0.000993400346488, 0.000880859268364, 0.000404300633818, -0.000778949062806, 0.000537398154847, -0.000101037381683, 0.00188000616618, -0.00434881774709, 0.00866840872914]]}, "spectral_contrast_coeffs": {"dmean": [0.0413262471557, 0.0394877195358, 0.0361014902592, 0.0330679565668, 0.0275409147143, 0.0209379531443], "dmean2": [0.0655235648155, 0.0616855286062, 0.0552295818925, 0.051591347903, 0.0417580716312, 0.0303108450025], "dvar": [0.00127495033666, 0.00136738771107, 0.000937487464398, 0.000742943782825, 0.000660526624415, 0.000413949397625], "dvar2": [0.00302791874856, 0.00320767378435, 0.00213907286525, 0.00170195428655, 0.00141532695852, 0.000798669003416], "max": [-0.198009878397, -0.375285327435, -0.431605398655, -0.520736038685, -0.528848052025, -0.525035440922], "mean": [-0.45112991333, -0.62674921751, -0.713552355766, -0.744150102139, -0.758964896202, -0.755220830441], "median": [-0.444312870502, -0.626060366631, -0.717913150787, -0.748851120472, -0.761069417, -0.751666426659], "min": [-0.958156526089, -0.968622267246, -0.963302373886, -0.961274683475, -0.954957127571, -0.96063375473], "var": [0.00908687710762, 0.00649723270908, 0.00505163008347, 0.00382051919587, 0.0032598960679, 0.00328694167547]}, "spectral_contrast_valleys": {"dmean": [0.395723164082, 0.332601338625, 0.312946647406, 0.311322689056, 0.336372286081, 0.383526027203], "dmean2": [0.659334421158, 0.52454161644, 0.489192545414, 0.464993715286, 0.466158986092, 0.504521965981], "dvar": [0.136935397983, 0.115798130631, 0.108202792704, 0.108042612672, 0.141792416573, 0.223465844989], "dvar2": [0.323656767607, 0.23