{"lowlevel": {"average_loudness": 0.0283378511667, "barkbands_crest": {"dmean": 1.57292222977, "dmean2": 2.4696252346, "dvar": 2.90986227989, "dvar2": 7.31875228882, "max": 26.7396717072, "mean": 13.2038211823, "median": 12.5608034134, "min": 3.85505485535, "var": 18.7037982941}, "barkbands_flatness_db": {"dmean": 0.0186673831195, "dmean2": 0.0305771734565, "dvar": 0.000299263745546, "dvar2": 0.000764623808209, "max": 0.567769706249, "mean": 0.369042873383, "median": 0.368712723255, "min": 0.0445133820176, "var": 0.00227118236944}, "barkbands_kurtosis": {"dmean": 2.29588603973, "dmean2": 3.50598883629, "dvar": 17.5677757263, "dvar2": 40.8091468811, "max": 208.793441772, "mean": 8.59317684174, "median": 5.13562107086, "min": -1.77478957176, "var": 121.238395691}, "barkbands_skewness": {"dmean": 0.345851570368, "dmean2": 0.529096841812, "dvar": 0.169773623347, "dvar2": 0.402574539185, "max": 9.06068611145, "mean": 1.56239140034, "median": 1.46612226963, "min": -9.03498363495, "var": 1.74156427383}, "barkbands_spread": {"dmean": 0.663118124008, "dmean2": 1.00942969322, "dvar": 1.15135872364, "dvar2": 2.50161290169, "max": 116.527954102, "mean": 4.15499258041, "median": 3.59724450111, "min": 0.193359151483, "var": 17.7476043701}, "dissonance": {"dmean": 0.0341767407954, "dmean2": 0.0581501573324, "dvar": 0.00131215935107, "dvar2": 0.0035209779162, "max": 0.500000059605, "mean": 0.372521609068, "median": 0.376226842403, "min": 0.0660763084888, "var": 0.0041630375199}, "dynamic_complexity": 4.34638023376, "erbbands_crest": {"dmean": 1.80091142654, "dmean2": 2.7247812748, "dvar": 3.84412837029, "dvar2": 8.6903295517, "max": 34.774810791, "mean": 15.462387085, "median": 14.6844873428, "min": 2.47190928459, "var": 35.1356735229}, "erbbands_flatness_db": {"dmean": 0.0124584222212, "dmean2": 0.0194013677537, "dvar": 0.000166332887602, "dvar2": 0.000369955407223, "max": 0.609140336514, "mean": 0.399355620146, "median": 0.397325009108, "min": 0.0317571684718, "var": 0.00235898024403}, "erbbands_kurtosis": {"dmean": 1.57429015636, "dmean2": 2.3618581295, "dvar": 8.49248886108, "dvar2": 18.7635593414, "max": 122.622665405, "mean": 4.94556617737, "median": 2.16437244415, "min": -1.76932883263, "var": 59.291431427}, "erbbands_skewness": {"dmean": 0.260515034199, "dmean2": 0.394574463367, "dvar": 0.104704283178, "dvar2": 0.23573102057, "max": 7.97786903381, "mean": 1.3285535574, "median": 1.11197137833, "min": -5.93489694595, "var": 1.356077075}, "erbbands_spread": {"dmean": 1.49910438061, "dmean2": 2.2422106266, "dvar": 3.18390774727, "dvar2": 6.93353891373, "max": 95.6266403198, "mean": 10.1352033615, "median": 9.3403968811, "min": 0.264673441648, "var": 40.8550071716}, "hfc": {"dmean": 1.6107057333, "dmean2": 2.32539629936, "dvar": 9.95317840576, "dvar2": 20.6719093323, "max": 119.783592224, "mean": 8.75755691528, "median": 5.76174974442, "min": 1.17185195073e-16, "var": 93.477684021}, "melbands_crest": {"dmean": 1.94451260567, "dmean2": 3.06042814255, "dvar": 4.55549097061, "dvar2": 11.162861824, "max": 34.6748123169, "mean": 15.8025608063, "median": 14.8095531464, "min": 1.77400553226, "var": 29.5337505341}, "melbands_flatness_db": {"dmean": 0.0197737719864, "dmean2": 0.0320291519165, "dvar": 0.000387868291, "dvar2": 0.000938221171964, "max": 0.675898492336, "mean": 0.472020864487, "median": 0.475451856852, "min": 0.00301319779828, "var": 0.00301979086362}, "melbands_kurtosis": {"dmean": 2.53418564796, "dmean2": 3.91045117378, "dvar": 21.3972949982, "dvar2": 50.4816017151, "max": 189.020690918, "mean": 9.03495311737, "median": 5.25899505615, "min": -1.7571696043, "var": 145.330688477}, "melbands_skewness": {"dmean": 0.363655924797, "dmean2": 0.555047512054, "dvar": 0.181798160076, "dvar2": 0.429752588272, "max": 9.97741317749, "mean": 1.45150625706, "median": 1.37812197208, "min": -6.58585691452, "var": 1.6875988245}, "melbands_spread": {"dmean": 1.00389754772, "dmean2": 1.53870797157, "dvar": 3.20403218269, "dvar2": 7.1908326149, "max": 134.556762695, "mean": 6.35772132874, "median": 5.59372615814, "min": 0.305729299784, "var": 28.1721248627}, "pitch_salience": {"dmean": 0.0442451760173, "dmean2": 0.0701342299581, "dvar": 0.00238820328377, "dvar2": 0.00582723226398, "max": 0.956369936466, "mean": 0.507576167583, "median": 0.515058994293, "min": 0.0779926925898, "var": 0.0150800766423}, "silence_rate_20dB": {"dmean": 0, "dmean2": 0, "dvar": 0, "dvar2": 0, "max": 1, "mean": 1, "median": 1, "min": 1, "var": 0}, "silence_rate_30dB": {"dmean": 0.00286020734347, "dmean2": 0.00572067033499, "dvar": 0.00285165454261, "dvar2": 0.00684845121577, "max": 1, "mean": 0.991732597351, "median": 1, "min": 0, "var": 0.00819425843656}, "silence_rate_60dB": {"dmean": 0.0231498032808, "dmean2": 0.0463016778231, "dvar": 0.0226188339293, "dvar2": 0.0486230030656, "max": 1, "mean": 0.140054523945, "median": 0, "min": 0, "var": 0.120444662869}, "spectral_centroid": {"dmean": 29.7138061523, "dmean2": 45.2371940613, "dvar": 5284.140625, "dvar2": 8385.40917969, "max": 11232.9707031, "mean": 515.185058594, "median": 479.890838623, "min": 210.204483032, "var": 49529.9804688}, "spectral_complexity": {"dmean": 1.12710046768, "dmean2": 1.83410060406, "dvar": 1.55714428425, "dvar2": 3.27333807945, "max": 32, "mean": 9.36019134521, "median": 9, "min": 0, "var": 18.7191810608}, "spectral_decrease": {"dmean": 8.94825824549e-10, "dmean2": 1.31421351579e-09, "dvar": 2.57105125854e-18, "dvar2": 5.81517400484e-18, "max": 2.90631231709e-17, "mean": -4.85950968354e-09, "median": -3.36499805798e-09, "min": -6.74590552308e-08, "var": 2.70404515063e-17}, "spectral_energy": {"dmean": 0.00351892760955, "dmean2": 0.00516436155885, "dvar": 3.98943629989e-05, "dvar2": 8.99064034456e-05, "max": 0.265470325947, "mean": 0.019135279581, "median": 0.0132156061009, "min": 1.06906324862e-20, "var": 0.000419396528741}, "spectral_energyband_high": {"dmean": 5.71693988149e-07, "dmean2": 7.95872665549e-07, "dvar": 1.22249103202e-11, "dvar2": 2.38526438184e-11, "max": 0.000219286972424, "mean": 1.08113590613e-06, "median": 1.00158011662e-07, "min": 7.78166606968e-21, "var": 2.63239118004e-11}, "spectral_energyband_low": {"dmean": 0.000395703915274, "dmean2": 0.000574987672735, "dvar": 1.16047533538e-06, "dvar2": 2.39456949203e-06, "max": 0.0387645922601, "mean": 0.0011820824584, "median": 0.000237737724092, "min": 3.94560646214e-23, "var": 6.67484209771e-06}, "spectral_energyband_middle_high": {"dmean": 0.000332347815856, "dmean2": 0.000468113052193, "dvar": 1.50451899117e-06, "dvar2": 2.72417491942e-06, "max": 0.0514821372926, "mean": 0.00116297078785, "median": 0.000637112301774, "min": 1.73316492068e-21, "var": 4.45945624961e-06}, "spectral_energyband_middle_low": {"dmean": 0.00324643938802, "dmean2": 0.00482095265761, "dvar": 3.5454861063e-05, "dvar2": 8.25580718811e-05, "max": 0.238631248474, "mean": 0.0173077061772, "median": 0.0118249040097, "min": 3.62701457261e-22, "var": 0.000357578857802}, "spectral_entropy": {"dmean": 0.133903712034, "dmean2": 0.216090083122, "dvar": 0.0313962697983, "dvar2": 0.0775206312537, "max": 9.80661010742, "mean": 5.6609916687, "median": 5.68687009811, "min": 3.62822198868, "var": 0.204732984304}, "spectral_flux": {"dmean": 0.0126779386774, "dmean2": 0.0207682382315, "dvar": 0.000364529783837, "dvar2": 0.000900458893739, "max": 0.277077764273, "mean": 0.030435251072, "median": 0.0236446987838, "min": 1.03395514373e-10, "var": 0.000644915679004}, "spectral_kurtosis": {"dmean": 30.7979049683, "dmean2": 53.7666130066, "dvar": 786.848388672, "dvar2": 2155.89404297, "max": 353.795349121, "mean": 86.2723693848, "median": 81.7818450928, "min": -1.21003973484, "var": 2359.76074219}, "spectral_rms": {"dmean": 0.000372086971765, "dmean2": 0.00054131669458, "dvar": 2.46665706527e-07, "dvar2": 5.25470511548e-07, "max": 0.0160933360457, "mean": 0.00381907820702, "median": 0.00359072047286, "min": 3.22953317734e-12, "var": 4.08328014601e-06}, "spectral_rolloff": {"dmean": 43.9751014709, "dmean2": 77.5478286743, "dvar": 56682.1953125, "dvar2": 135821.84375, "max": 20348.8769531, "mean": 639.522705078, "median": 581.396484375, "min": 172.265625, "var": 579094.0625}, "spectral_skewness": {"dmean": 1.74664449692, "dmean2": 3.06123185158, "dvar": 2.05031943321, "dvar2": 5.70052814484, "max": 15.2612390518, "mean": 6.07107877731, "median": 5.93785381317, "min": -0.0161400530487, "var": 5.59209823608}, "spectral_spread": {"dmean": 248574.421875, "dmean2": 434843.8125, "dvar": 93226737664, "dvar2": 190156537856, "max": 40851436, "mean": 956775.125, "median": 896445.125, "min": 252114.140625, "var": 372489551872}, "spectral_strongpeak": {"dmean": 0.290928393602, "dmean2": 0.466755628586, "dvar": 0.213714808226, "dvar2": 0.476564586163, "max": 11.0890960693, "mean": 1.40797042847, "median": 1.16875755787, "min": 0, "var": 1.1924277544}, "zerocrossingrate": {"dmean": 0.00178939721081, "dmean2": 0.00235492317006, "dvar": 1.53951277753e-05, "dvar2": 2.46425715886e-05, "max": 0.53466796875, "mean": 0.0248861741275, "median": 0.0224609375, "min": 0.00732421875, "var": 0.000387491454603}, "barkbands": {"dmean": [2.04564048545e-06, 7.96781750978e-05, 0.000202869108762, 0.000356674165232, 0.000835137499962, 0.000933990580961, 0.00111211161129, 0.000931188056711, 0.000333872827468, 0.000105420702312, 0.000101680285297, 0.000102415855508, 5.75698613829e-05, 5.17536936968e-05, 2.29735123867e-05, 1.73493062903e-05, 1.8835411538e-05, 6.72299620419e-06, 3.09433767143e-06, 8.28975998957e-07, 1.98580693223e-07, 5.09917903457e-08, 6.54578435899e-09, 2.41405251344e-09, 7.35397520657e-10, 6.61522669976e-10, 7.04463543055e-10], "dmean2": [2.9376508337e-06, 0.000123122896184, 0.000298565311823, 0.000527800584678, 0.00129897601437, 0.00143346947152, 0.00170555722434, 0.00131604657508, 0.000452389940619, 0.00015450277715, 0.000139790179674, 0.000145303827594, 8.4455277829e-05, 7.71921841078e-05, 3.43547835655e-05, 2.6310881367e-05, 2.62537541857e-05, 1.0124257642e-05, 4.84844940729e-06, 1.19150797673e-06, 2.77971452078e-07, 7.79363631409e-08, 9.70369651299e-09, 3.60035912195e-09, 1.31826483063e-09, 1.19944076893e-09, 1.27827848306e-09], "dvar": [3.96455195062e-11, 8.59247180074e-08, 2.79161952221e-07, 9.83444920166e-07, 4.66246865471e-06, 5.04418221681e-06, 1.01774312498e-05, 7.65456024965e-06, 9.29653310777e-07, 2.73042303434e-07, 2.935158534e-07, 6.72834914894e-07, 3.12962207261e-08, 2.33680790274e-08, 5.05873165579e-09, 5.48752687735e-09, 6.47168452161e-09, 5.79643222309e-10, 7.43480943477e-10, 1.92019265072e-11, 3.0165306017e-12, 2.41096856021e-13, 4.40363704838e-15, 1.44008232412e-15, 5.00257245058e-18, 1.6040498255e-18, 1.81150113966e-18], "dvar2": [7.80917691623e-11, 2.03507681817e-07, 5.88106559007e-07, 2.08750111597e-06, 1.22608298625e-05, 1.29770642161e-05, 2.49814765994e-05, 1.53427117766e-05, 1.54852648393e-06, 4.86466660732e-07, 4.69183362384e-07, 1.23868449009e-06, 6.87932271148e-08, 5.04134654022e-08, 1.04674331425e-08, 1.19646701435e-08, 1.35363196208e-08, 1.46264667045e-09, 2.12106998632e-09, 4.00869198947e-11, 5.67916243546e-12, 5.57394950508e-13, 9.93562362646e-15, 3.04854463376e-15, 1.44255567356e-17, 4.94643377036e-18, 5.58966719906e-18], "max": [0.000291363103315, 0.0126842744648, 0.0242709629238, 0.032452814281, 0.110755309463, 0.0702616870403, 0.160657539964, 0.122398875654, 0.0630550011992, 0.0334880910814, 0.0351931676269, 0.0460245907307, 0.0075772209093, 0.0112163387239, 0.00613020220771, 0.00536852283403, 0.00607121456414, 0.00183408835437, 0.00284845940769, 0.00026876226184, 0.000207896446227, 3.19905702781e-05, 4.49504977951e-06, 3.87064255847e-06, 1.85228714145e-07, 2.49995970591e-08, 2.65650914599e-08], "mean": [2.67952395916e-06, 0.000218534099986, 0.000533524435014, 0.000859885069076, 0.00282792700455, 0.00345862167887, 0.00541470153257, 0.00352708809078, 0.00102807208896, 0.000324899156112, 0.000225899202633, 0.000253414298641, 0.000166453464772, 0.000130268628709, 6.31724178675e-05, 3.74614828615e-05, 3.84194900107e-05, 1.54366025527e-05, 6.53898814562e-06, 1.75855541329e-06, 3.68907535631e-07, 6.67017943101e-08, 9.15710174354e-09, 3.20607096427e-09, 7.92089394075e-10, 7.35263461227e-10, 7.74501185408e-10], "median": [5.81609981509e-07, 2.03535637411e-05, 9.74880967988e-05, 0.000217031745706, 0.00127298152074, 0.00116381933913, 0.00131967943162, 0.00102938059717, 0.000254599086475, 0.000111206711153, 8.33383382997e-05, 6.01896208536e-05, 6.97047289577e-05, 4.36083537352e-05, 2.14331666939e-05, 1.11011095214e-05, 8.82215408637e-06, 3.39267171512e-06, 9.63139086707e-07, 1.70346922346e-07, 1.89347186819e-08, 2.85641843512e-09, 8.83453699085e-10, 4.16413070692e-10, 3.30714122754e-10, 3.49586470882e-10, 3.7616679216e-10], "min": [2.42020454962e-24, 2.16803589215e-23, 7.98816724275e-24, 3.0435702072e-23, 5.54647155828e-23, 5.6222123026e-23, 3.46288890583e-23, 8.79035342861e-23, 6.71168096198e-23, 7.88427410376e-23, 5.23585252814e-23, 1.62130946779e-22, 1.62190887586e-22, 1.1098210183e-22, 1.13129532676e-22, 1.81002948256e-22, 1.40059754611e-22, 2.13576933542e-22, 4.06341293024e-22, 2.69184710628e-22, 3.31690236982e-22, 6.3424361244e-22, 5.9890935867e-22, 7.32795285888e-22, 1.15165472863e-21, 1.66227830888e-21, 2.64392631802e-21], "var": [7.12414294224e-11, 3.65142795999e-07, 1.37609481499e-06, 3.8277562453e-06, 1.92280331248e-05, 3.18347665598e-05, 9.86493032542e-05, 4.65506855107e-05, 5.93045842834e-06, 1.08527638076e-06, 6.01844419634e-07, 1.59955550316e-06, 9.9364463324e-08, 7.63169722973e-08, 1.93438847162e-08, 1.15354739094e-08, 1.20769945156e-08, 1.33118704948e-09, 1.07567543761e-09, 4.97283464407e-11, 7.5758817622e-12, 2.99528468434e-13, 5.58105180858e-15, 2.24173219897e-15, 4.11553911686e-18, 1.39025145111e-18, 1.44623462137e-18]}, "erbbands": {"dmean": [0.00072801677743, 0.0243176054209, 0.185143172741, 0.734377622604, 2.5212032795, 2.66617250443, 2.95729494095, 8.81977081299, 16.1627693176, 20.7323684692, 15.387169838, 7.24627685547, 3.96751403809, 3.10733222961, 3.19060564041, 4.30644893646, 2.85229897499, 3.15312123299, 1.10846889019, 1.04315769672, 0.973502993584, 0.873872935772, 0.3972645998, 0.25832593441, 0.0755683109164, 0.0343669243157, 0.0160723756999, 0.00500383414328, 0.00192748371046, 0.000550184515305, 0.00015076235286, 8.76846897881e-05, 1.98182715394e-05, 9.66485913523e-06, 5.68112182009e-06, 3.36996049555e-06, 1.73525586433e-06, 5.12617361892e-07, 1.67074995261e-06, 3.94494963984e-06], "dmean2": [0.00113160000183, 0.0373138785362, 0.272337913513, 1.07793152332, 3.85470628738, 4.17716312408, 4.63505458832, 13.5770359039, 24.8391628265, 30.5162906647, 20.9909744263, 9.79948139191, 5.79008626938, 4.40161705017, 4.36336135864, 6.05832386017, 4.11314344406, 4.61170434952, 1.67065811157, 1.56288325787, 1.43087589741, 1.21582090855, 0.590270757675, 0.40697786212, 0.114172920585, 0.0484681613743, 0.0218843445182, 0.00737375626341, 0.00293176504783, 0.000807643809821, 0.000230280973483, 0.00012742470426, 3.1814986869e-05, 1.6521598809e-05, 9.65328763414e-06, 5.55728001927e-06, 2.79537789538e-06, 8.6356516249e-07, 2.43770500674e-06, 5.78278149987e-06], "dvar": [5.8033338064e-06, 0.00769838830456, 0.260542273521, 4.82835006714, 35.4640007019, 65.1640014648, 52.0916824341, 485.272796631, 2526.05297852, 3452.45751953, 1287.19470215, 385.211883545, 305.176483154, 374.572143555, 246.710205078, 1158.15368652, 183.090774536, 72.0715484619, 9.54004669189, 10.8840904236, 9.86188220978, 21.3896903992, 2.53686141968, 1.94188523293, 0.358009696007, 0.0301683880389, 0.0150709915906, 0.00141452916432, 0.00025792120141, 3.15445504384e-05, 2.86814679384e-06, 2.15137583837e-06, 2.38627873017e-08, 1.10262310393e-09, 2.24933113802e-10, 3.42656111818e-11, 8.4845802259e-12, 8.12167065371e-13, 9.0700866956e-12, 5.03765605619e-11], "dvar2": [1.41998034451e-05, 0.0175596773624, 0.512166976929, 9.98436355591, 89.6265258789, 166.169677734, 129.215927124, 1299.00415039, 6736.20800781, 7237.98291016, 2432.57299805, 607.975341797, 570.657714844, 561.114196777, 497.267120361, 2059.44384766, 349.735870361, 153.336074829, 20.7521095276, 22.7743473053, 20.699131012, 47.149394989, 6.39074993134, 5.33097028732, 1.00456154346, 0.0610091015697, 0.0274666603655, 0.00334162800573, 0.000594577926677, 7.1121743531e-05, 6.33983017906e-06, 4.73623686048e-06, 4.61456401979e-08, 2.94183699623e-09, 6.467509861e-10, 9.29481214218e-11, 2.17086505022e-11, 2.26699323376e-12, 2.00485825858e-11, 1.12945194863e-10], "max": [0.099571198225, 3.64548993111, 19.2724666595, 69.3094558716, 217.956710815, 467.160369873, 220.162384033, 663.277038574, 1910.50915527, 2403.95678711, 1446.26879883, 1559.19177246, 838.465148926, 1305.9453125, 968.653808594, 2299.42602539, 765.819091797, 625.839050293, 192.287460327, 212.540924072, 170.349090576, 415.231323242, 128.278839111, 118.789428711, 61.9109954834, 9.05541706085, 13.4514598846, 2.18301796913, 0.872081458569, 0.351543754339, 0.128252416849, 0.154453709722, 0.0187548696995, 0.00253317481838, 0.00135602802038, 0.000207988719922, 0.000105877821625, 2.53013295151e-05, 0.000126179977087, 0.00029782258207], "mean": [0.00179030525032, 0.0695563331246, 0.518499553204, 2.06680083275, 8.12258720398, 7.75309181213, 8.60440921783, 33.1151123047, 76.5023651123, 84.4433288574, 66.7327575684, 24.86186409, 13.0244646072, 7.86653375626, 7.67381286621, 11.2363796234, 8.17715263367, 9.08166408539, 3.14379310608, 2.88020396233, 2.21013641357, 1.85057783127, 0.931872904301, 0.593747019768, 0.181856185198, 0.0737734735012, 0.0308847483248, 0.00881236791611, 0.00273204199038, 0.000796168693341, 0.000239029235672, 0.000132446613861, 3.52509014192e-05, 2.20794772758e-05, 1.6548377971e-05, 1.22003548313e-05, 7.121323506e-06, 1.58787815963e-06, 9.21287755773e-06, 2.14948850044e-05], "median": [0.000363889092114, 0.00873352400959, 0.100915543735, 0.577517688274, 2.75120639801, 3.14488005638, 4.45699071884, 10.4967384338, 14.6923027039, 24.2834396362, 22.17993927, 9.67815876007, 4.78583335876, 3.42557501793, 2.9521677494, 3.09690022469, 3.70330739021, 3.21042275429, 1.47657096386, 1.0010163784, 0.74612390995, 0.450367093086, 0.239424318075, 0.132674500346, 0.0290545318276, 0.00922378711402, 0.00218632048927, 0.000595112447627, 0.000166952042491, 6.26648688922e-05, 3.19305836456e-05, 2.07649190997e-05, 1.56274581968e-05, 1.31641309054e-05, 1.09446673378e-05, 8.29439886729e-06, 4.88244404551e-06, 1.05860431177e-06, 6.36680579191e-06, 1.48323397298e-05], "min": [7.20705948339e-22, 4.0352927779e-21, 1.25885588199e-20, 4.70809911227e-20, 1.97472452819e-19, 1.32030239602e-19, 4.49188127335e-19, 3.17179872643e-19, 4.52801769239e-19, 1.20647435627e-18, 1.54309633373e-18, 1.45153757288e-18, 2.98192696484e-18, 1.99448941439e-18, 4.02052129348e-18, 5.73772508408e-18, 6.77348673272e-18, 5.17208946864e-18, 6.56209700487e-18, 6.55057975561e-18, 1.02892872318e-17, 7.70344536356e-18, 8.94419229415e-18, 1.24739274779e-17, 2.55997229093e-17, 1.36920535003e-17, 1.20880253882e-17, 1.77949727361e-17, 2.03835964128e-17, 1.95990288367e-17, 1.60596569988e-17, 1.70574651194e-17, 1.1846418339e-17, 1.18260506708e-17, 8.81804394202e-18, 5.92628049113e-18, 3.22973766186e-18, 1.58491300203e-18, 3.74645970953e-19, 3.42401721044e-20], "var": [1.91942053789e-05, 0.034847535193, 1.36577749252, 23.1446018219, 184.71105957, 202.646133423, 153.787979126, 2790.17504883, 19599.4589844, 24460.7695312, 12685.7871094, 2239.38671875, 1316.17749023, 822.240600586, 483.536804199, 2753.3293457, 505.37890625, 289.91015625, 29.1703090668, 43.5437049866, 23.2286872864, 35.0031509399, 4.98694992065, 3.90358543396, 0.555073678493, 0.071742027998, 0.0375976040959, 0.00230835052207, 0.000325213477481, 4.08060841437e-05, 4.08050391343e-06, 3.19198852594e-06, 4.12482030754e-08, 1.57440771531e-09, 4.3364858926e-10, 1.74101497108e-10, 5.73372252455e-11, 3.01415034425e-12, 9.66786858903e-11, 5.29278787464e-10]}, "gfcc": {"mean": [-215.608856201, 245.06086731, -144.037139893, -55.0126876831, -19.2545948029, -50.2718009949, -30.6710567474, -12.2923059464, -11.9591693878, -10.3491744995, -4.51974105835, -18.2410430908, -10.7059726715], "cov": [[7519.07128906, 666.9140625, -1031.77819824, 846.372619629, 118.27053833, -723.483642578, 230.198913574, -224.391784668, 0.890834331512, 106.391189575, 126.772857666, -97.3398361206, -82.1265716553], [666.9140625, 789.613037109, 300.046569824, -39.5906143188, 229.931381226, 12.9629077911, -83.3973312378, -73.2576217651, -121.797279358, -95.3673248291, -28.0477542877, -118.187072754, -25.6516971588], [-1031.77819824, 300.046569824, 695.656738281, -80.7205810547, 47.3776931763, 147.380187988, -130.875839233, 5.26691865921, -54.0470046997, -67.6293487549, -12.3687038422, -47.4170761108, -48.3586654663], [846.372619629, -39.5906143188, -80.7205810547, 478.611419678, 91.3638305664, 5.21601581573, 138.532089233, -65.0823669434, -32.7352256775, 7.72687673569, -38.010509491, -10.010591507, 0.130065098405], [118.27053833, 229.931381226, 47.3776931763, 91.3638305664, 247.741958618, 101.69317627, 19.452003479, -14.3848085403, -64.103729248, -43.8203811646, -25.1203994751, -51.7156219482, -5.95049715042], [-723.483642578, 12.9629077911, 147.380187988, 5.21601581573, 101.69317627, 299.967559814, 86.1314315796, 0.299154043198, -21.4285678864, -55.4782562256, -72.7147903442, -10.9198122025, 14.0725898743], [230.198913574, -83.3973312378, -130.875839233, 138.532089233, 19.452003479, 86.1314315796, 197.963821411, 38.2861938477, 15.2640304565, 13.3993988037, -51.006362915, -12.2100019455, 20.8976840973], [-224.391784668, -73.2576217651, 5.26691865921, -65.0823669434, -14.3848085403, 0.299154043198, 38.2861938477, 145.103240967, 89.4136657715, 24.4578227997, 13.1807489395, -0.74377733469, -7.34125566483], [0.890834331512, -121.797279358, -54.0470046997, -32.7352256775, -64.103729248, -21.4285678864, 15.2640304565, 89.4136657715, 148.048583984, 73.1460571289, 21.6814155579, 30.2267799377, 0.78391879797], [106.391189575, -95.3673248291, -67.6293487549, 7.72687673569, -43.8203811646, -55.4782562256, 13.3993988037, 24.4578227997, 73.1460571289, 123.373703003, 58.2919578552, 6.41411352158, 3.73141241074], [126.772857666, -28.0477542877, -12.3687038422, -38.010509491, -25.1203994751, -72.7147903442, -51.006362915, 13.1807489395, 21.6814155579, 58.2919578552, 130.340835571, 68.7976989746, -18.3810024261], [-97.3398361206, -118.187072754, -47.4170761108, -10.010591507, -51.7156219482, -10.9198122025, -12.2100019455, -0.74377733469, 30.2267799377, 6.41411352158, 68.7976989746, 158.713562012, 42.1739807129], [-82.1265716553, -25.6516971588, -48.3586654663, 0.130065098405, -5.95049715042, 14.0725898743, 20.8976840973, -7.34125566483, 0.78391879797, 3.73141241074, -18.3810024261, 42.1739807129, 86.5695800781]], "icov": [[0.000684875878505, -0.0010437379824, 0.000825985567644, -0.00088460900588, 0.000250980752753, 0.00135796272662, -0.00143746624235, 0.00173561298288, -0.0021761842072, 0.0018105795607, -0.00202624197118, 0.0011088376632, 6.51227892376e-05], [-0.0010437379824, 0.00614813156426, -0.00451878085732, 0.00416018906981, -0.00624893186614, 0.00290103349835, -0.00347914546728, 0.00461629405618, -0.00225151889026, 0.0031767655164, -0.000866693910211, 0.00216823723167, -0.00272553553805], [0.000825985567644, -0.00451878085732, 0.00627838680521, -0.00432325107977, 0.00582559173927, -0.00500565161929, 0.00685306498781, -0.00628365948796, 0.00396638922393, -0.00284704426304, 0.000603492779192, -0.000792945967987, 0.00258648418821], [-0.00088460900588, 0.00416018906981, -0.00432325107977, 0.00749924592674, -0.00675226096064, 0.00445495313033, -0.00750495260581, 0.00700764451176, -0.00294216535985, 0.00134855124634, 0.00128870364279, -0.000691450142767, -0.00023615398095], [0.000250980752753, -0.00624893186614, 0.00582559173927, -0.00675226096064, 0.015298416838, -0.0103042107075, 0.0107477949932, -0.0123855210841, 0.00973905622959, -0.00563407642767, 0.00107205531094, -0.0006066999631, 0.00141047500074], [0.00135796272662, 0.00290103349835, -0.00500565161929, 0.00445495313033, -0.0103042107075, 0.0172916110605, -0.0172377135605, 0.0165499169379, -0.014406112954, 0.0118887303397, -0.00576032977551, 0.00365212443285, -0.0019938419573], [-0.00143746624235, -0.00347914546728, 0.00685306498781, -0.00750495260581, 0.0107477949932, -0.0172377135605, 0.0290234871209, -0.0252247545868, 0.0210731159896, -0.0186932981014, 0.015261230059, -0.00833953544497, 0.00375849055126], [0.00173561298288, 0.00461629405618, -0.00628365948796, 0.00700764451176, -0.0123855210841, 0.0165499169379, -0.0252247545868, 0.037960935384, -0.032226074487, 0.0244649928063, -0.019981559366, 0.0139559376985, -0.00654375739396], [-0.0021761842072, -0.00225151889026, 0.00396638922393, -0.00294216535985, 0.00973905622959, -0.014406112954, 0.0210731159896, -0.032226074487, 0.0408905185759, -0.031830932945, 0.025009451434, -0.0183390583843, 0.00992597918957], [0.0018105795607, 0.0031767655164, -0.00284704426304, 0.00134855124634, -0.00563407642767, 0.0118887303397, -0.0186932981014, 0.0244649928063, -0.031830932945, 0.0411509871483, -0.0320475809276, 0.0223371442407, -0.0138381207362], [-0.00202624197118, -0.000866693910211, 0.000603492779192, 0.00128870364279, 0.00107205531094, -0.00576032977551, 0.015261230059, -0.019981559366, 0.025009451434, -0.0320475809276, 0.0412954352796, -0.0263596680015, 0.0165522918105], [0.0011088376632, 0.00216823723167, -0.000792945967987, -0.000691450142767, -0.0006066999631, 0.00365212443285, -0.00833953544497, 0.0139559376985, -0.0183390583843, 0.0223371442407, -0.0263596680015, 0.0258386973292, -0.0151676423848], [6.51227892376e-05, -0.00272553553805, 0.00258648418821, -0.00023615398095, 0.00141047500074, -0.0019938419573, 0.00375849055126, -0.00654375739396, 0.00992597918957, -0.0138381207362, 0.0165522918105, -0.0151676423848, 0.0226198844612]]}, "melbands": {"dmean": [1.35556538226e-05, 7.3754839832e-05, 0.00016764755128, 0.000198846930289, 0.000100002689578, 0.000211765131098, 0.000237724525505, 0.000224610659643, 0.000122159384773, 4.01289144065e-05, 1.94093518076e-05, 1.22033770822e-05, 1.1348539374e-05, 9.06768764253e-06, 1.13330843305e-05, 6.3273773776e-06, 5.94894027017e-06, 1.72881641447e-06, 1.94984409063e-06, 1.46608920204e-06, 1.17382683129e-06, 1.13391843115e-06, 3.99445895027e-07, 3.46844160504e-07, 2.26012204507e-07, 7.2408013807e-08, 3.8590073359e-08, 2.01769463359e-08, 1.31391422187e-08, 3.91833321345e-09, 2.74138245437e-09, 1.23813448383e-09, 5.49210732448e-10, 2.22443133358e-10, 9.88312279238e-11, 5.26869936568e-11, 4.94543850316e-11, 1.26182545315e-11, 8.69479748616e-12, 7.21273778551e-12], "dmean2": [2.11195565498e-05, 0.000109094675281, 0.000248089374509, 0.000311220588628, 0.000156026726472, 0.000325267057633, 0.000363311439287, 0.000328781577991, 0.000165970108355, 5.47244526388e-05, 2.85222886305e-05, 1.73640110006e-05, 1.5549838281e-05, 1.28871179186e-05, 1.58523853315e-05, 9.20832644624e-06, 8.76414196682e-06, 2.64447135123e-06, 2.91321634904e-06, 2.21307232096e-06, 1.69741974787e-06, 1.58197531164e-06, 5.85143311582e-07, 5.28385953658e-07, 3.59139392003e-07, 1.10436332079e-07, 5.79574361836e-08, 2.84331527212e-08, 1.80122032845e-08, 5.71611380451e-09, 4.15598488956e-09, 1.90570670355e-09, 8.29966539939e-10, 3.23860771534e-10, 1.52202792036e-10, 7.9931609942e-11, 7.12148603976e-11, 2.06781414908e-11, 1.52662691516e-11, 1.28149713063e-11], "dvar": [2.34300379098e-09, 4.36550173788e-08, 1.55311852268e-07, 3.0720804034e-07, 5.54654029372e-08, 2.86702288577e-07, 4.89441504214e-07, 4.5540332394e-07, 8.26659771747e-08, 1.20744125809e-08, 7.76407915737e-09, 5.67585711764e-09, 2.56328291925e-09, 3.79477471668e-09, 1.15755929286e-08, 2.68211425292e-10, 3.12963210902e-10, 3.36257792444e-11, 5.26233674691e-11, 4.26807443554e-11, 1.33867040716e-11, 3.51611517679e-11, 2.05162124269e-12, 1.39744715365e-12, 1.78576240167e-12, 9.06806964587e-13, 3.92930351071e-14, 1.20363686737e-14, 1.0751041069e-14, 7.67553728231e-16, 5.36032359873e-16, 1.27097505494e-16, 3.90688090482e-17, 5.01691493522e-18, 1.82176603747e-18, 4.71175621993e-19, 9.1144736271e-19, 1.20136190187e-20, 8.44528938658e-22, 7.59837488206e-22], "dvar2": [5.82091175261e-09, 8.75523014088e-08, 3.38027092539e-07, 8.20409013613e-07, 1.37534428291e-07, 7.69730547745e-07, 1.26381280552e-06, 9.42739461607e-07, 1.53217271759e-07, 1.9533267448e-08, 1.45699212695e-08, 8.5338065503e-09, 4.62191129813e-09, 6.80162504096e-09, 2.16266862196e-08, 5.82486670009e-10, 6.74523437105e-10, 7.5818219758e-11, 1.09802424098e-10, 9.32477914328e-11, 2.64982064069e-11, 7.80075101736e-11, 4.72608020427e-12, 3.47750344146e-12, 4.91805554614e-12, 2.68492736724e-12, 8.50713271529e-14, 2.38693579604e-14, 2.02063555097e-14, 1.67217337507e-15, 1.28866194991e-15, 2.87359130199e-16, 8.96702099013e-17, 1.11272203652e-17, 4.12264335755e-18, 1.11374978775e-18, 1.95105581478e-18, 2.11133553892e-20, 2.20402052072e-21, 2.09341318461e-21], "max": [0.00203289440833, 0.00756630767137, 0.0112226344645, 0.0267976522446, 0.00979109667242, 0.0178298987448, 0.0259852577001, 0.02931009233, 0.0155268451199, 0.00836489163339, 0.00414619548246, 0.00504913460463, 0.00249271304347, 0.00510626425967, 0.00639597326517, 0.00059686723398, 0.00142741808668, 0.000451018742751, 0.000670936657116, 0.000492121500429, 0.000165660923813, 0.000539526401553, 8.7364562205e-05, 8.23812879389e-05, 0.000112041583634, 0.000108788357466, 1.25995329654e-05, 5.48036769032e-06, 1.07342211777e-05, 1.58024522534e-06, 1.35671314183e-06, 7.47895001041e-07, 4.57250251884e-07, 1.40928676728e-07, 1.1718493198e-07, 5.46852163552e-08, 9.44177216411e-08, 1.60060515952e-08, 1.99884753194e-09, 2.21036811077e-09], "mean": [3.60635858669e-05, 0.00021109257068, 0.000512512400746, 0.000626791093964, 0.000295287318295, 0.000813304213807, 0.00115882628597, 0.000883141648956, 0.000501480186358, 0.000127329811221, 6.08239388384e-05, 3.00354058709e-05, 2.62256035057e-05, 2.31151643675e-05, 2.86204285658e-05, 1.7959087927e-05, 1.62717751664e-05, 4.18537183577e-06, 5.21381434737e-06, 3.21703828376e-06, 2.49802792496e-06, 2.28737894759e-06, 8.24321432447e-07, 8.3155697439e-07, 4.65809250727e-07, 1.50954150513e-07, 8.4714507409e-08, 3.93434902435e-08, 2.39287718529e-08, 6.86504453284e-09, 4.46441461577e-09, 1.61643554097e-09, 7.27692683888e-10, 3.04980846133e-10, 1.43576192602e-10, 7.07136432743e-11, 6.66461885679e-11, 1.41994454389e-11, 9.65629659566e-12, 7.7454345021e-12], "median": [4.33742752648e-06, 3.98151460104e-05, 0.00019096059259, 0.00024472430232, 0.000143976096297, 0.000244848633884, 0.000243064321694, 0.0002526762255, 0.000153283355758, 4.10902539443e-05, 1.92840852833e-05, 1.22874662338e-05, 1.00422885225e-05, 6.41208953311e-06, 8.09386710898e-06, 7.15689384378e-06, 5.18624437973e-06, 1.83984570867e-06, 1.4566351183e-06, 8.77871912053e-07, 7.15471571766e-07, 4.87760075885e-07, 1.91343715983e-07, 1.75566455596e-07, 8.83299406951e-08, 1.64675526548e-08, 8.44494785213e-09, 4.2338359485e-09, 1.21088328253e-09, 3.92023830065e-10, 2.12318745918e-10, 7.17226417146e-11, 3.60390779719e-11, 2.05707239437e-11, 1.25210068008e-11, 7.97897165006e-12, 5.68701682968e-12, 4.08409027083e-12, 3.50450094291e-12, 3.01453263393e-12], "min": [5.54091639978e-24, 6.30363484904e-24, 1.33395227336e-23, 1.32112326512e-23, 1.24475868959e-23, 8.04299544225e-24, 6.78177093787e-24, 1.58607395416e-23, 1.04003248195e-23, 1.00120719366e-23, 1.53409748684e-23, 7.86856409661e-24, 1.0110729248e-23, 1.89233973428e-23, 1.45011077948e-23, 1.41474835391e-23, 9.77281121294e-24, 1.08661960934e-23, 8.65230766114e-24, 1.13460089061e-23, 1.19882118916e-23, 8.32099318069e-24, 6.4155821001e-24, 1.07745067904e-23, 9.34248522256e-24, 1.45313874317e-23, 1.64394699898e-23, 8.19720276086e-24, 6.44247476279e-24, 9.54297027732e-24, 1.15787512721e-23, 1.27956141835e-23, 9.47135985092e-24, 1.12724547264e-23, 7.36545069936e-24, 1.28758997133e-23, 8.8821840955e-24, 7.48639569791e-24, 9.90730805298e-24, 9.58068571719e-24], "var": [9.142463675e-09, 2.32367128206e-07, 7.77014463438e-07, 1.1433680811e-06, 1.84121958569e-07, 1.73404714587e-06, 4.20787591793e-06, 2.90362186206e-06, 7.7622524941e-07, 6.75743052625e-08, 3.31255947117e-08, 1.29764972101e-08, 5.33502042543e-09, 8.19955658926e-09, 2.97647222425e-08, 9.9144170651e-10, 1.17513321296e-09, 7.93652782383e-11, 1.82375087254e-10, 9.54374287931e-11, 3.20982199153e-11, 5.59408804002e-11, 4.01606916126e-12, 4.17220511612e-12, 3.31547679935e-12, 9.82891610983e-13, 1.22862210314e-13, 2.35981583395e-14, 2.48480554031e-14, 1.50723848431e-15, 8.07529501116e-16, 1.58595510898e-16, 4.53677298558e-17, 6.31488456623e-18, 2.37670765516e-18, 6.00239889186e-19, 1.39054644439e-18, 2.16195059136e-20, 9.25618538569e-22, 6.97174063453e-22]}, "mfcc": {"mean": [-819.77532959, 240.719085693, -16.3882522583, -18.8826732635, 5.62859249115, -22.8810787201, -19.9499435425, -11.1801662445, -12.7794370651, -5.84702777863, 1.78537023067, 0.59826374054, -4.52400302887], "cov": [[3969.76879883, 1619.02770996, -1170.31323242, 714.020568848, 269.553192139, -343.439300537, 182.237503052, -125.673156738, -217.971664429, 57.5601577759, 62.3816642761, 25.024930954, 9.42970752716], [1619.02770996, 1030.49975586, -191.962051392, 190.037857056, 223.604370117, -63.5085525513, 37.382724762, -35.9985046387, -142.904830933, -8.21123313904, 39.1917610168, -41.403175354, -54.377822876], [-1170.31323242, -191.962051392, 712.840332031, -148.624801636, -2.90103173256, 211.885925293, -48.0367736816, 34.3017921448, 45.3563652039, -30.9619235992, -14.970199585, -60.1049766541, -64.7424621582], [714.020568848, 190.037857056, -148.624801636, 382.078033447, 93.6093444824, -54.5902748108, 94.6965713501, -30.4582290649, -32.0993652344, 39.3316001892, 11.0659723282, -0.427322506905, 11.2221240997], [269.553192139, 223.604370117, -2.90103173256, 93.6093444824, 208.363540649, 74.2358856201, 42.3036651611, 30.6695613861, -48.257183075, -9.56277751923, 10.9274530411, -36.7606430054, -22.7139854431], [-343.439300537, -63.5085525513, 211.885925293, -54.5902748108, 74.2358856201, 277.504547119, 114.013153076, 40.1134719849, 61.825138092, 1.55204093456, -41.8037376404, -59.2618598938, -59.3228683472], [182.237503052, 37.382724762, -48.0367736816, 94.6965713501, 42.3036651611, 114.013153076, 196.214889526, 63.4413833618, 25.729511261, 39.3473167419, -25.731595993, -38.8376121521, -18.0939350128], [-125.673156738, -35.9985046387, 34.3017921448, -30.4582290649, 30.6695613861, 40.1134719849, 63.4413833618, 146.797317505, 70.8932266235, -17.2364864349, -1.29337596893, -1.16036832333, -7.62053442001], [-217.971664429, -142.904830933, 45.3563652039, -32.0993652344, -48.257183075, 61.825138092, 25.729511261, 70.8932266235, 183.136444092, 74.5043334961, -20.1409034729, 15.2185630798, -5.48972845078], [57.5601577759, -8.21123313904, -30.9619235992, 39.3316001892, -9.56277751923, 1.55204093456, 39.3473167419, -17.2364864349, 74.5043334961, 170.100921631, 45.3514022827, -16.7603492737, 11.3488235474], [62.3816642761, 39.1917610168, -14.970199585, 11.0659723282, 10.9274530411, -41.8037376404, -25.731595993, -1.29337596893, -20.1409034729, 45.3514022827, 111.677970886, 52.858089447, 8.56408786774], [25.024930954, -41.403175354, -60.1049766541, -0.427322506905, -36.7606430054, -59.2618598938, -38.8376121521, -1.16036832333, 15.2185630798, -16.7603492737, 52.858089447, 140.249191284, 77.9189834595], [9.42970752716, -54.377822876, -64.7424621582, 11.2221240997, -22.7139854431, -59.3228683472, -18.0939350128, -7.62053442001, -5.48972845078, 11.3488235474, 8.56408786774, 77.9189834595, 145.369003296]], "icov": [[0.878234148026, -1.23288500309, 1.20865464211, -1.17173588276, 1.10587978363, -1.01871466637, 0.908678293228, -0.777573764324, 0.634608387947, -0.473313868046, 0.324905574322, -0.198535308242, 0.0882029831409], [-1.23288500309, 1.73241972923, -1.6970063448, 1.6457542181, -1.5556178093, 1.43289256096, -1.27848505974, 1.09462082386, -0.892989993095, 0.666484415531, -0.457740426064, 0.279616981745, -0.123560808599], [1.20865464211, -1.6970063448, 1.66737520695, -1.61615610123, 1.52819216251, -1.41231477261, 1.26216924191, -1.08128428459, 0.883845210075, -0.659898221493, 0.453081071377, -0.276837021112, 0.123603396118], [-1.17173588276, 1.6457542181, -1.61615610123, 1.57511329651, -1.49002587795, 1.37867712975, -1.2368144989, 1.06286478043, -0.870801448822, 0.651503264904, -0.449069738388, 0.27537637949, -0.123068906367], [1.10587978363, -1.5556178093, 1.52819216251, -1.49002587795, 1.42222034931, -1.31531000137, 1.18126678467, -1.02073776722, 0.839827060699, -0.628834187984, 0.433189928532, -0.266116797924, 0.11890502274], [-1.01871466637, 1.43289256096, -1.41231477261, 1.37867712975, -1.31531000137, 1.23098611832, -1.10939466953, 0.959029436111, -0.79356366396, 0.597188472748, -0.412939012051, 0.256248176098, -0.113944217563], [0.908678293228, -1.27848505974, 1.26216924191, -1.2368144989, 1.18126678467, -1.10939466953, 1.01346039772, -0.878756046295, 0.729117870331, -0.553793251514, 0.386822730303, -0.239740163088, 0.108830697834], [-0.777573764324, 1.09462082386, -1.08128428459, 1.06286478043, -1.02073776722, 0.959029436111, -0.878756046295, 0.778693258762, -0.648978412151, 0.495057612658, -0.348922878504, 0.219543009996, -0.100677318871], [0.634608387947, -0.892989993095, 0.883845210075, -0.870801448822, 0.839827060699, -0.79356366396, 0.729117870331, -0.648978412151, 0.555553138256, -0.424967586994, 0.303028017282, -0.194988623261, 0.0905888155103], [-0.473313868046, 0.666484415531, -0.659898221493, 0.651503264904, -0.628834187984, 0.597188472748, -0.553793251514, 0.495057612658, -0.424967586994, 0.335540801287, -0.240621730685, 0.156456246972, -0.0736384764314], [0.324905574322, -0.457740426064, 0.453081071377, -0.449069738388, 0.433189928532, -0.412939012051, 0.386822730303, -0.348922878504, 0.303028017282, -0.240621730685, 0.186574786901, -0.120696462691, 0.0571121387184], [-0.198535308242, 0.279616981745, -0.276837021112, 0.27537637949, -0.266116797924, 0.256248176098, -0.239740163088, 0.219543009996, -0.194988623261, 0.156456246972, -0.120696462691, 0.0907941535115, -0.0435532405972], [0.0882029831409, -0.123560808599, 0.123603396118, -0.123068906367, 0.11890502274, -0.113944217563, 0.108830697834, -0.100677318871, 0.0905888155103, -0.0736384764314, 0.0571121387184, -0.0435532405972, 0.028985446319]]}, "spectral_contrast_coeffs": {"dmean": [0.0395626276731, 0.0337633304298, 0.0271417796612, 0.0249689891934, 0.0194711126387, 0.0464463531971], "dmean2": [0.0657672286034, 0.0560805052519, 0.0435928180814, 0.0406268648803, 0.0314098522067, 0.0808527171612], "dvar": [0.00113493786193, 0.0010322657181, 0.0007377412403, 0.000675226910971, 0.000456420035334, 0.00143013591878], "dvar2": [0.00302779953927, 0.00269322050735, 0.00174150650855, 0.00167360855266, 0.00110583507922, 0.0039219725877], "max": [-0.291271597147, -0.334426403046, -0.427221119404, -0.410064429045, -0.539617300034, -0.597538590431], "mean": [-0.553677558899, -0.628277719021, -0.715436637402, -0.710864126682, -0.698160231113, -0.847742140293], "median": [-0.547182738781, -0.627373933792, -0.722019374371, -0.709937930107, -0.695752739906, -0.856408834457], "min": [-0.963506340981, -0.983186006546, -0.960790395737, -0.961511194706, -0.958434939384, -0.962567746639], "var": [0.0108082443476, 0.00956020969898, 0.00440080091357, 0.00286908680573, 0.00231260270812, 0.0039788079448]}, "spectral_contrast_valleys": {"dmean": [0.408117502928, 0.281220167875, 0.271305143833, 0.278744965792, 0.269497275352, 0.830220401287], "dmean2": [0.673622310162, 0.468990713358, 0.441631495953, 0.461405456066, 0.437260270119, 1.46103513241], "dvar": [0.13938626647, 0.0847167670727, 0.103187263012, 0.128648683429, 0.16580092907, 0.401344180107], "dvar2": [0.335830360651, 0.200647458434, 0.233655795455, 0.299896866083, 0.382156163454, 1.16988563538], "max": [-5.77771568298, -4.28907060623, -5.94264221191, -6.58354377747, -7.35205507278, -12.0311565399], "mean": [-8.88775444031, -7.0165348053, -8.37715816498, -9.424