{"lowlevel": {"average_loudness": 0.199175521731, "barkbands_crest": {"dmean": 1.97780799866, "dmean2": 2.92036867142, "dvar": 3.58350300789, "dvar2": 8.64200115204, "max": 26.9533100128, "mean": 14.8515014648, "median": 14.2355480194, "min": 4.52031469345, "var": 25.0593738556}, "barkbands_flatness_db": {"dmean": 0.0202466789633, "dmean2": 0.0319100469351, "dvar": 0.000340898317518, "dvar2": 0.000845716276672, "max": 0.68464243412, "mean": 0.411978602409, "median": 0.415395826101, "min": 0.0459056422114, "var": 0.00684742582962}, "barkbands_kurtosis": {"dmean": 4.1004781723, "dmean2": 5.74122238159, "dvar": 409.498840332, "dvar2": 576.851196289, "max": 1996.41662598, "mean": 9.81400966644, "median": 2.7262468338, "min": -1.75340759754, "var": 1730.83483887}, "barkbands_skewness": {"dmean": 0.478255391121, "dmean2": 0.703474342823, "dvar": 0.346343308687, "dvar2": 0.804793596268, "max": 11.0907888412, "mean": 0.411666601896, "median": 0.563627421856, "min": -22.3341350555, "var": 2.93758869171}, "barkbands_spread": {"dmean": 0.645955562592, "dmean2": 0.974511921406, "dvar": 1.09479951859, "dvar2": 2.75743103027, "max": 75.9971466064, "mean": 3.56723427773, "median": 2.73021841049, "min": 0.0146542564034, "var": 25.0742168427}, "dissonance": {"dmean": 0.0495238788426, "dmean2": 0.0838187038898, "dvar": 0.00247547635809, "dvar2": 0.00651483330876, "max": 0.499915659428, "mean": 0.330311745405, "median": 0.331689476967, "min": 0.0609962418675, "var": 0.00707039656118}, "dynamic_complexity": 6.79079437256, "erbbands_crest": {"dmean": 2.5778362751, "dmean2": 3.82211041451, "dvar": 6.60706758499, "dvar2": 15.6238994598, "max": 34.6045951843, "mean": 18.3484306335, "median": 17.4651641846, "min": 2.45881724358, "var": 49.6891212463}, "erbbands_flatness_db": {"dmean": 0.0160116311163, "dmean2": 0.0239222981036, "dvar": 0.000242233858444, "dvar2": 0.000538351770956, "max": 0.660204231739, "mean": 0.441374123096, "median": 0.44336605072, "min": 0.0648794844747, "var": 0.00680783158168}, "erbbands_kurtosis": {"dmean": 2.66484260559, "dmean2": 3.95728373528, "dvar": 21.7127094269, "dvar2": 47.4915428162, "max": 115.495124817, "mean": 6.8702454567, "median": 2.05481672287, "min": -1.79658353329, "var": 164.753890991}, "erbbands_skewness": {"dmean": 0.398136019707, "dmean2": 0.577959656715, "dvar": 0.174930974841, "dvar2": 0.413429200649, "max": 6.94640684128, "mean": 0.541426360607, "median": 0.456954091787, "min": -5.48401451111, "var": 1.80667769909}, "erbbands_spread": {"dmean": 1.19297039509, "dmean2": 1.7675794363, "dvar": 2.53760480881, "dvar2": 6.1839799881, "max": 84.1089401245, "mean": 6.53293800354, "median": 5.19174289703, "min": 0.193731352687, "var": 46.6938400269}, "hfc": {"dmean": 2.13086509705, "dmean2": 2.77835083008, "dvar": 21.6259860992, "dvar2": 34.6052322388, "max": 165.738327026, "mean": 9.3717880249, "median": 5.07658052444, "min": 1.1028522498e-16, "var": 192.792770386}, "melbands_crest": {"dmean": 2.40624380112, "dmean2": 3.62681126595, "dvar": 5.58710861206, "dvar2": 13.4374389648, "max": 35.611530304, "mean": 17.4702739716, "median": 16.3712711334, "min": 1.53643965721, "var": 44.6452178955}, "melbands_flatness_db": {"dmean": 0.0202467609197, "dmean2": 0.0321280620992, "dvar": 0.000384993851185, "dvar2": 0.000920645543374, "max": 0.755384206772, "mean": 0.484536379576, "median": 0.490863710642, "min": 0.00311453035101, "var": 0.0101032145321}, "melbands_kurtosis": {"dmean": 2.42294740677, "dmean2": 3.62259936333, "dvar": 22.2079429626, "dvar2": 51.7387123108, "max": 202.201126099, "mean": 5.83961629868, "median": 2.2312746048, "min": -1.7510997057, "var": 137.472885132}, "melbands_skewness": {"dmean": 0.42002671957, "dmean2": 0.630454301834, "dvar": 0.212867110968, "dvar2": 0.548355877399, "max": 11.5878076553, "mean": 0.369819521904, "median": 0.442895799875, "min": -7.41148614883, "var": 1.89732325077}, "melbands_spread": {"dmean": 1.2534083128, "dmean2": 1.89576494694, "dvar": 7.24532032013, "dvar2": 17.639919281, "max": 170.956695557, "mean": 8.21229457855, "median": 5.23409986496, "min": 0.228654623032, "var": 350.815093994}, "pitch_salience": {"dmean": 0.047971945256, "dmean2": 0.071987554431, "dvar": 0.00225234520622, "dvar2": 0.00513711106032, "max": 0.824945747852, "mean": 0.473077565432, "median": 0.483166098595, "min": 0.0302723869681, "var": 0.0184004288167}, "silence_rate_20dB": {"dmean": 0, "dmean2": 0, "dvar": 0, "dvar2": 0, "max": 1, "mean": 1, "median": 1, "min": 1, "var": 0}, "silence_rate_30dB": {"dmean": 0.0053050396964, "dmean2": 0.01061135903, "dvar": 0.00527660688385, "dvar2": 0.010982286185, "max": 1, "mean": 0.988547325134, "median": 1, "min": 0, "var": 0.0113206468523}, "silence_rate_60dB": {"dmean": 0.0243549551815, "dmean2": 0.0487157851458, "dvar": 0.0237629003823, "dvar2": 0.0523767098784, "max": 1, "mean": 0.309342980385, "median": 0, "min": 0, "var": 0.213661000133}, "spectral_centroid": {"dmean": 38.9965133667, "dmean2": 58.5030975342, "dvar": 22931.1699219, "dvar2": 36643.09375, "max": 11926.0849609, "mean": 745.856811523, "median": 581.387023926, "min": 264.706085205, "var": 1260989.75}, "spectral_complexity": {"dmean": 0.811912238598, "dmean2": 1.38261187077, "dvar": 1.02244842052, "dvar2": 2.21572113037, "max": 22, "mean": 6.29355049133, "median": 6, "min": 0, "var": 15.0007534027}, "spectral_decrease": {"dmean": 8.96222873692e-10, "dmean2": 1.21658116914e-09, "dvar": 3.41944202277e-18, "dvar2": 6.24592541369e-18, "max": 7.64107180947e-18, "mean": -4.06426359234e-09, "median": -2.252597886e-09, "min": -7.04061235979e-08, "var": 3.19725887005e-17}, "spectral_energy": {"dmean": 0.00357216224074, "dmean2": 0.00483885081485, "dvar": 5.44911963516e-05, "dvar2": 9.86679515336e-05, "max": 0.280650049448, "mean": 0.0161895342171, "median": 0.00903217308223, "min": 1.00690248352e-20, "var": 0.000508939672727}, "spectral_energyband_high": {"dmean": 8.61737873947e-07, "dmean2": 1.12212342174e-06, "dvar": 7.68659302874e-11, "dvar2": 1.46251497024e-10, "max": 0.000578504987061, "mean": 1.81259338206e-06, "median": 5.56879804492e-08, "min": 6.96503120214e-21, "var": 2.04459740805e-10}, "spectral_energyband_low": {"dmean": 6.12883377471e-05, "dmean2": 9.82030614978e-05, "dvar": 6.96930158028e-08, "dvar2": 1.41910959428e-07, "max": 0.0149692995474, "mean": 0.000155424248078, "median": 1.57294452947e-05, "min": 1.70521230346e-23, "var": 4.57692181044e-07}, "spectral_energyband_middle_high": {"dmean": 0.000837343570311, "dmean2": 0.0011286145309, "dvar": 8.20474542707e-06, "dvar2": 1.37769284265e-05, "max": 0.169829964638, "mean": 0.00292446254753, "median": 0.000603910593782, "min": 1.20282542187e-21, "var": 5.91967618675e-05}, "spectral_energyband_middle_low": {"dmean": 0.00316701014526, "dmean2": 0.00429432792589, "dvar": 4.46960075351e-05, "dvar2": 8.38488776935e-05, "max": 0.265263050795, "mean": 0.0134037649259, "median": 0.00641893781722, "min": 1.60807010988e-22, "var": 0.000384731771192}, "spectral_entropy": {"dmean": 0.137289166451, "dmean2": 0.204492807388, "dvar": 0.0256700124592, "dvar2": 0.0576654709876, "max": 9.83327007294, "mean": 5.38952064514, "median": 5.36673974991, "min": 2.9203555584, "var": 0.598120689392}, "spectral_flux": {"dmean": 0.0106520634145, "dmean2": 0.0176182128489, "dvar": 0.000304094137391, "dvar2": 0.000778874265961, "max": 0.308930009604, "mean": 0.0278884060681, "median": 0.0214919149876, "min": 6.40915237549e-11, "var": 0.000697149254847}, "spectral_kurtosis": {"dmean": 34.0579376221, "dmean2": 58.6819076538, "dvar": 1166.71325684, "dvar2": 3302.91723633, "max": 529.307373047, "mean": 120.96950531, "median": 116.1301651, "min": -1.26883852482, "var": 5401.39941406}, "spectral_rms": {"dmean": 0.000373863353161, "dmean2": 0.000504546624143, "dvar": 2.82370905325e-07, "dvar2": 5.31152181793e-07, "max": 0.0165470521897, "mean": 0.00321166380309, "median": 0.00296848034486, "min": 3.13423657687e-12, "var": 5.47994659428e-06}, "spectral_rolloff": {"dmean": 61.2418785095, "dmean2": 105.584144592, "dvar": 63014.6289062, "dvar2": 95892.4453125, "max": 19487.5488281, "mean": 1173.9005127, "median": 710.595703125, "min": 236.865234375, "var": 7099056.5}, "spectral_skewness": {"dmean": 1.62537884712, "dmean2": 2.856569767, "dvar": 2.24238324165, "dvar2": 6.29303789139, "max": 18.5560073853, "mean": 7.80262613297, "median": 7.87247371674, "min": -0.103586792946, "var": 10.0172252655}, "spectral_spread": {"dmean": 321957.5625, "dmean2": 570910.125, "dvar": 384800620544, "dvar2": 656720658432, "max": 43102248, "mean": 1493662.5, "median": 884708.75, "min": 154645.328125, "var": 17630953996300.0}, "spectral_strongpeak": {"dmean": 0.356709718704, "dmean2": 0.512505292892, "dvar": 0.29573944211, "dvar2": 0.59215015173, "max": 14.9176206589, "mean": 1.57518959045, "median": 1.12917232513, "min": 0, "var": 2.30199861526}, "zerocrossingrate": {"dmean": 0.00195642188191, "dmean2": 0.00253402255476, "dvar": 3.40965816576e-05, "dvar2": 4.58606991742e-05, "max": 0.52490234375, "mean": 0.0396442003548, "median": 0.02783203125, "min": 0.009765625, "var": 0.00492779677734}, "barkbands": {"dmean": [6.33947561113e-09, 1.27109151435e-05, 3.98350930482e-05, 4.52515305369e-05, 0.00023869657889, 0.000912896357477, 0.000855390389916, 0.000639371341094, 0.00134943833109, 0.000716950045899, 0.000249448756222, 4.7384910431e-05, 4.92011786264e-05, 2.20462425204e-05, 2.00116810447e-05, 6.85359827912e-06, 3.22088203575e-06, 5.37396226719e-06, 1.13854184747e-06, 7.40081190997e-07, 3.99767515091e-07, 3.2329584343e-08, 3.17429127428e-09, 8.02276078904e-10, 7.07946257172e-10, 6.93492763215e-10, 7.42271910603e-10], "dmean2": [1.08658229081e-08, 2.13700277527e-05, 6.3725245127e-05, 7.4542760558e-05, 0.000322120613419, 0.00150748318993, 0.00112587132026, 0.000877799349837, 0.00160381780006, 0.000927808054257, 0.000350549147697, 6.56192642055e-05, 7.29732419131e-05, 2.92386266665e-05, 3.04781806335e-05, 1.09907050501e-05, 4.68977850687e-06, 7.49989430915e-06, 1.53433074956e-06, 8.97737891137e-07, 6.80078358073e-07, 4.28351079051e-08, 4.67208405297e-09, 1.45787115713e-09, 1.30065436199e-09, 1.27380594961e-09, 1.36199584944e-09], "dvar": [2.0360730229e-15, 3.02182012746e-09, 3.83603335763e-08, 3.23461541996e-08, 9.65507751971e-07, 1.08320782601e-05, 4.9126238082e-06, 4.71072098662e-06, 1.94390122488e-05, 8.15936255094e-06, 7.12988878604e-07, 3.27761178198e-08, 2.72093156894e-08, 7.47257811184e-09, 1.43051099855e-08, 8.49093240163e-10, 2.61563326553e-10, 1.29887445244e-09, 1.07652907422e-10, 3.49991320647e-11, 3.11999176494e-11, 1.16165933752e-13, 1.29186479324e-15, 4.38160382883e-18, 2.43771491367e-18, 2.31932696325e-18, 2.64158412219e-18], "dvar2": [3.38181059389e-15, 7.2700796494e-09, 7.16036652193e-08, 7.61825162954e-08, 1.31842296014e-06, 3.30655202561e-05, 8.33376725495e-06, 9.42057249631e-06, 2.72259676422e-05, 1.28857745949e-05, 1.52615075422e-06, 7.35633136628e-08, 6.31590424405e-08, 1.2051399878e-08, 3.16829904534e-08, 2.42182141008e-09, 5.43521172514e-10, 2.62786747918e-09, 2.51738463408e-10, 5.26974401616e-11, 7.49264678079e-11, 2.0531711368e-13, 2.90705413267e-15, 1.35076476448e-17, 8.12911664268e-18, 7.73324123641e-18, 8.81991419738e-18], "max": [4.42485134045e-06, 0.00204527564347, 0.0125893680379, 0.0100333411247, 0.0820519179106, 0.091429412365, 0.127465352416, 0.0771430209279, 0.228313177824, 0.16500377655, 0.0282301623374, 0.00578314531595, 0.00478614075109, 0.00333979027346, 0.0039816708304, 0.00062094052555, 0.000742004544009, 0.00132934446447, 0.000539132626727, 0.000381782039767, 0.000220274159801, 2.71413227892e-05, 1.89464390132e-06, 7.72981252339e-08, 2.92457595918e-08, 2.85253154431e-08, 3.03098204313e-08], "mean": [7.98330646035e-09, 1.91237486433e-05, 9.02994288481e-05, 0.000125876613311, 0.00123743433505, 0.00248430110514, 0.00335237313993, 0.00178659579251, 0.0037205577828, 0.00230119656771, 0.000736574991606, 0.000122554905829, 9.39794699661e-05, 4.38018978457e-05, 3.55801348633e-05, 1.68794795172e-05, 8.58679777593e-06, 9.24321648199e-06, 2.22015046347e-06, 1.70638224972e-06, 5.79097218179e-07, 5.55317463125e-08, 4.41884617786e-09, 8.87688644813e-10, 7.80591591365e-10, 8.55372384034e-10, 9.63755408812e-10], "median": [1.04205311047e-09, 1.51422250383e-06, 7.61104865887e-06, 9.28964436753e-06, 8.70825097081e-05, 0.000136383765494, 0.000688762636855, 0.000119155396533, 0.000744094548281, 0.000137655908475, 8.21282228571e-05, 1.05599747258e-05, 6.90353454047e-06, 4.21976255893e-06, 1.32551417664e-06, 1.53169321493e-06, 7.8565409467e-07, 5.11670805281e-07, 1.98784533723e-07, 5.05038713072e-08, 1.49621950385e-08, 2.54512855236e-09, 7.60095486552e-10, 3.44241912753e-10, 3.26172089338e-10, 4.19278278763e-10, 5.0558762732e-10], "min": [2.0349169949e-25, 2.9695710311e-24, 8.97166084089e-25, 1.3829242456e-24, 2.7712107732e-24, 9.27583673126e-24, 5.27042151741e-24, 7.57726143014e-24, 1.62140009213e-23, 1.61556204812e-23, 1.2789554154e-23, 2.22642721858e-23, 2.51541868037e-23, 3.33959310179e-23, 5.72840434004e-23, 3.17246881694e-23, 6.4992356715e-23, 7.53720622881e-23, 1.22503825559e-22, 1.4942797642e-22, 1.86990730693e-22, 3.08831925713e-22, 3.72831112859e-22, 5.17102438071e-22, 7.52687151987e-22, 1.29109050057e-21, 1.90789107311e-21], "var": [9.2144707866e-15, 8.52732817691e-09, 2.38324133761e-07, 3.92873118926e-07, 9.65302297118e-06, 3.86110623367e-05, 5.48303614778e-05, 2.96731323033e-05, 0.00011943490972, 5.82912143727e-05, 3.1638346627e-06, 1.30991665515e-07, 7.75678259402e-08, 1.84764115119e-08, 2.56634269391e-08, 2.26674989889e-09, 7.81011699758e-10, 2.46469644694e-09, 1.48568601865e-10, 1.23234381033e-10, 3.73851401225e-11, 2.64498899128e-13, 1.48437261814e-15, 3.93989351763e-18, 1.92768816927e-18, 1.82765763139e-18, 2.03466909226e-18]}, "erbbands": {"dmean": [6.35746109765e-05, 0.00438161706552, 0.0400276817381, 0.0937347263098, 0.592640161514, 0.880659878254, 2.72728824615, 9.35466480255, 9.40511035919, 18.3763389587, 11.4327955246, 38.4655456543, 14.7929449081, 21.0818634033, 9.74183940887, 2.47684860229, 2.50587940216, 0.915996074677, 1.57250201702, 0.377368241549, 0.258110672235, 0.158689424396, 0.313380151987, 0.0936357676983, 0.0586681962013, 0.0446153432131, 0.0229099150747, 0.00726620666683, 0.00184004683979, 0.000223311639274, 6.8421693868e-05, 2.01112798095e-05, 1.35362033689e-05, 8.75195200933e-06, 5.79753714192e-06, 3.58348961527e-06, 1.8632474621e-06, 5.68862674299e-07, 1.7532036054e-06, 4.06350545745e-06], "dmean2": [0.000106901097752, 0.00718822143972, 0.0625867918134, 0.155364558101, 0.898344218731, 1.10658466816, 4.28057479858, 15.9079122543, 11.6467905045, 26.860244751, 14.2091779709, 45.5926475525, 17.4569835663, 28.7133388519, 13.6738300323, 3.3405790329, 3.74998188019, 1.24300324917, 2.29058098793, 0.611226499081, 0.403804510832, 0.231083318591, 0.431871145964, 0.118817903101, 0.0804176777601, 0.0531328395009, 0.0381281450391, 0.0108465394005, 0.00242242473178, 0.000322362815496, 0.000100045515865, 3.44785294146e-05, 2.404272891e-05, 1.53334221977e-05, 9.88547981251e-06, 5.8620753407e-06, 2.94938286061e-06, 9.4220996516e-07, 2.3584734663e-06, 5.49097694602e-06], "dvar": [8.12238596382e-08, 0.000382917467505, 0.0383899472654, 0.116003520787, 5.1112370491, 13.9299430847, 95.4880905151, 1177.19665527, 897.6171875, 2290.55444336, 1453.24731445, 15672.5507812, 2440.4921875, 9839.9921875, 845.627868652, 81.688117981, 70.7645339966, 15.4656085968, 51.2612266541, 1.91482043266, 0.991906106472, 0.446152806282, 5.3518781662, 0.467349737883, 0.484470844269, 0.13248616457, 0.0852413251996, 0.00654368568212, 0.0004275891406, 3.98972542826e-06, 3.43475534237e-07, 3.48402262595e-09, 1.53876722475e-09, 3.47892215036e-10, 1.43437928202e-10, 5.16682668872e-11, 1.35265678866e-11, 1.33339628401e-12, 1.32113929172e-11, 7.08281211459e-11], "dvar2": [1.97121948986e-07, 0.000844166963361, 0.0674779862165, 0.286163240671, 9.76852035522, 17.0534114838, 242.338272095, 3812.31030273, 1432.17504883, 5164.82666016, 2550.82177734, 21845.8242188, 2958.70410156, 16827.9960938, 1836.19262695, 181.142654419, 167.858108521, 25.0764083862, 111.173057556, 4.98422336578, 2.62480068207, 0.895361185074, 10.6448192596, 0.885761678219, 1.1616268158, 0.199569270015, 0.206536471844, 0.0140362055972, 0.000764357449953, 7.73028932599e-06, 7.27005783574e-07, 7.98066679408e-09, 4.58966420425e-09, 1.06923059295e-09, 4.18409140668e-10, 1.37741804074e-10, 3.32001579006e-11, 3.60179486063e-12, 2.32031251851e-11, 1.26938751177e-10], "max": [0.0103551549837, 0.913483798504, 12.8815336227, 13.8259572983, 158.488494873, 322.519256592, 367.848693848, 927.515380859, 1614.55078125, 1372.71655273, 2108.80810547, 6562.14648438, 2454.34155273, 6094.23828125, 930.475646973, 293.54901123, 241.000473022, 172.019470215, 239.533721924, 39.5498962402, 24.683506012, 22.6507434845, 94.8126449585, 34.7138366699, 35.8953971863, 24.1673336029, 11.2282991409, 5.34829616547, 1.67579472065, 0.077870324254, 0.0268981829286, 0.0027266824618, 0.00173977552913, 0.000474439264508, 0.000339233170962, 0.000222335089347, 0.000119425974844, 3.57318931492e-05, 0.000137840499519, 0.000319461774779], "mean": [0.000116114322736, 0.00781985837966, 0.0970915406942, 0.278839051723, 2.51045584679, 5.12845087051, 8.41422843933, 24.1172523499, 37.0906143188, 60.6974220276, 35.0530815125, 105.637283325, 51.9686508179, 65.4327087402, 30.0770339966, 7.2841668129, 4.96589136124, 1.87375974655, 3.16426253319, 0.895930945873, 0.746912837029, 0.452307730913, 0.556236922741, 0.202030912042, 0.109328538179, 0.102814055979, 0.0338787660003, 0.0134925441816, 0.00327679375187, 0.000399128068238, 0.00011372926383, 3.69387889805e-05, 2.50932753261e-05, 1.97543740796e-05, 1.57801132445e-05, 1.16147994049e-05, 6.7281439442e-06, 1.76003027264e-06, 8.03678904049e-06, 1.84194013855e-05], "median": [1.26858849399e-05, 0.000657458556816, 0.008474573493, 0.0282955858856, 0.16905644536, 0.371746569872, 0.477458119392, 1.72547566891, 8.58964920044, 10.2187137604, 7.92008876801, 22.0311546326, 9.24834251404, 4.2927904129, 5.04626226425, 1.18465471268, 0.607475221157, 0.369040757418, 0.253655016422, 0.101049304008, 0.0789948403835, 0.0497019067407, 0.0371069796383, 0.0139953242615, 0.00760710425675, 0.00299800327048, 0.00115001329686, 0.000381763005862, 0.000133017543703, 5.44630820514e-05, 2.91073629342e-05, 1.72264026332e-05, 1.29834943436e-05, 1.0957923223e-05, 9.02612009668e-06, 6.76089894114e-06, 3.94618473365e-06, 1.03529009721e-06, 4.54665996585e-06, 1.03211814348e-05], "min": [9.98281008799e-23, 2.94692206143e-22, 1.30663921407e-21, 7.24028928346e-21, 8.07146201182e-21, 8.77104597592e-21, 5.95781165965e-20, 8.37797152598e-20, 1.45296394245e-19, 1.80838794203e-19, 2.28414345628e-19, 3.8585780962e-19, 3.76352108515e-19, 9.08141948982e-19, 7.6997828146e-19, 1.37063672404e-18, 1.37914934312e-18, 1.4684878478e-18, 1.98388371816e-18, 3.26387064945e-18, 3.32027733619e-18, 4.9509332193e-18, 4.89698946283e-18, 4.35741996286e-18, 6.51796526483e-18, 8.31523476205e-18, 8.89108150856e-18, 1.04302222646e-17, 1.15140960464e-17, 1.06757013463e-17, 9.97685532421e-18, 9.66024036423e-18, 9.75479372569e-18, 7.86425423773e-18, 5.86174799564e-18, 4.33254788261e-18, 2.35324550427e-18, 9.73120605014e-19, 2.4320903957e-19, 2.75206285594e-20], "var": [2.38914736883e-07, 0.00150290154852, 0.260440587997, 1.08192789555, 37.8577270508, 161.922348022, 525.00793457, 3342.75219727, 8889.50390625, 14849.7822266, 10068.9404297, 95448.875, 18432.375, 65405.0585938, 4030.74707031, 357.835693359, 199.880523682, 35.093460083, 99.2483291626, 5.17414236069, 3.75064206123, 1.77666854858, 9.79459762573, 1.15362858772, 0.595239758492, 0.46126806736, 0.0975973904133, 0.0140037573874, 0.000957474811003, 6.8969284257e-06, 5.02354453147e-07, 7.86276466158e-09, 1.99539496037e-09, 7.97405863562e-10, 4.67074545707e-10, 2.41786729527e-10, 7.92898594004e-11, 5.54385573906e-12, 1.24716459382e-10, 6.61034116334e-10]}, "gfcc": {"mean": [-287.192810059, 214.408279419, -136.646835327, -76.000328064, -51.80626297, -47.2392501831, -18.5255794525, -8.1993932724, -19.0024471283, -17.4469280243, -12.3978681564, -14.9645118713, -4.95946407318], "cov": [[21810.2675781, 5507.48828125, -3505.04174805, -1079.94335938, 152.23840332, -1678.0300293, 225.108093262, -659.839660645, -242.472427368, -302.831237793, -40.4921379089, -435.23425293, 369.597381592], [5507.48828125, 2403.6640625, -440.100799561, -518.606811523, 80.2609024048, -410.827667236, -142.760498047, -219.840927124, -83.8921585083, -145.957260132, 25.2243232727, -132.332382202, 61.4831809998], [-3505.04174805, -440.100799561, 1325.10302734, 158.850753784, -151.425415039, 260.04864502, -119.489700317, 137.675369263, 118.129707336, 51.0055160522, 21.9378261566, 23.600276947, -119.120040894], [-1079.94335938, -518.606811523, 158.850753784, 751.850097656, 38.2863349915, -54.1242485046, 91.9496307373, -77.0891952515, -47.6828308105, 72.824760437, -31.977935791, 64.8641586304, 9.11809825897], [152.23840332, 80.2609024048, -151.425415039, 38.2863349915, 355.25201416, 50.5731735229, -113.387779236, -61.4736404419, -12.3943071365, -10.3327045441, 4.85443496704, -10.550994873, 62.3237266541], [-1678.0300293, -410.827667236, 260.04864502, -54.1242485046, 50.5731735229, 353.684204102, -7.47242069244, 7.9750752449, -9.65590190887, -6.21195030212, -15.8332853317, 56.2996559143, -10.8405342102], [225.108093262, -142.760498047, -119.489700317, 91.9496307373, -113.387779236, -7.47242069244, 333.179962158, 80.6694793701, -19.268611908, -7.29185724258, -8.35634994507, -17.1288051605, -12.8520383835], [-659.839660645, -219.840927124, 137.675369263, -77.0891952515, -61.4736404419, 7.9750752449, 80.6694793701, 256.317230225, 116.873893738, -12.6231575012, -10.773973465, -60.9748039246, -70.7392501831], [-242.472427368, -83.8921585083, 118.129707336, -47.6828308105, -12.3943071365, -9.65590190887, -19.268611908, 116.873893738, 186.08505249, 56.5249481201, -24.2452640533, -61.7163009644, -51.0561599731], [-302.831237793, -145.957260132, 51.0055160522, 72.824760437, -10.3327045441, -6.21195030212, -7.29185724258, -12.6231575012, 56.5249481201, 109.182937622, 40.8396224976, -18.05235672, -45.9831085205], [-40.4921379089, 25.2243232727, 21.9378261566, -31.977935791, 4.85443496704, -15.8332853317, -8.35634994507, -10.773973465, -24.2452640533, 40.8396224976, 133.05027771, 44.7127418518, -51.6135215759], [-435.23425293, -132.332382202, 23.600276947, 64.8641586304, -10.550994873, 56.2996559143, -17.1288051605, -60.9748039246, -61.7163009644, -18.05235672, 44.7127418518, 157.070404053, 68.8337402344], [369.597381592, 61.4831809998, -119.120040894, 9.11809825897, 62.3237266541, -10.8405342102, -12.8520383835, -70.7392501831, -51.0561599731, -45.9831085205, -51.6135215759, 68.8337402344, 182.295822144]], "icov": [[0.000339199381415, -0.000555710634217, 0.000666460196953, -0.000190038859728, 0.000428488187026, 0.000166649697348, -0.000189824684639, 0.000554947357159, -0.000811478763353, 0.000729899620637, -0.00079832051415, 0.000862382294144, -0.00058472721139], [-0.000555710634217, 0.00210935832001, -0.00153091002721, 0.00138121435884, -0.00136199092958, 0.00155720568728, -0.000304885033984, 0.00132060132455, 0.000647256732918, 0.000913249852601, 0.00098404660821, -0.000802554597612, 0.00138830230571], [0.000666460196953, -0.00153091002721, 0.00347164901905, -0.00274642999284, 0.00373071897775, -0.00327971042134, 0.00196353346109, -8.89800212462e-05, -0.00360299367458, 0.00378253404051, -0.00597865972668, 0.00499988719821, -0.00343123381026], [-0.000190038859728, 0.00138121435884, -0.00274642999284, 0.00607366487384, -0.00552735151723, 0.0064365756698, -0.00376568594947, 0.00114226154983, 0.00492450036108, -0.00718382839113, 0.0109310504049, -0.0088576823473, 0.00627791183069], [0.000428488187026, -0.00136199092958, 0.00373071897775, -0.00552735151723, 0.0100401360542, -0.00738817593083, 0.00487014092505, 0.000530086748768, -0.00635922467336, 0.00896739028394, -0.014108767733, 0.0124089187011, -0.0092171728611], [0.000166649697348, 0.00155720568728, -0.00327971042134, 0.0064365756698, -0.00738817593083, 0.0123268160969, -0.00506085716188, 0.00268745631911, 0.00470538111404, -0.00588569976389, 0.0130590796471, -0.0109972814098, 0.00830000080168], [-0.000189824684639, -0.000304885033984, 0.00196353346109, -0.00376568594947, 0.00487014092505, -0.00506085716188, 0.00717915641144, -0.00365773309022, -0.000374141731299, 0.00259801093489, -0.0064083612524, 0.00588864227757, -0.00440746871755], [0.000554947357159, 0.00132060132455, -8.89800212462e-05, 0.00114226154983, 0.000530086748768, 0.00268745631911, -0.00365773309022, 0.0146554755047, -0.0106465443969, 0.013103807345, -0.0063390978612, 0.00562680093572, 0.000126022277982], [-0.000811478763353, 0.000647256732918, -0.00360299367458, 0.00492450036108, -0.00635922467336, 0.00470538111404, -0.000374141731299, -0.0106465443969, 0.0217883158475, -0.0217549577355, 0.0191031135619, -0.0122692165896, 0.00777866831049], [0.000729899620637, 0.000913249852601, 0.00378253404051, -0.00718382839113, 0.00896739028394, -0.00588569976389, 0.00259801093489, 0.013103807345, -0.0217549577355, 0.039338003844, -0.029330059886, 0.0219130143523, -0.00985324475914], [-0.00079832051415, 0.00098404660821, -0.00597865972668, 0.0109310504049, -0.014108767733, 0.0130590796471, -0.0064083612524, -0.0063390978612, 0.0191031135619, -0.029330059886, 0.0432794578373, -0.0314371809363, 0.0215978045017], [0.000862382294144, -0.000802554597612, 0.00499988719821, -0.0088576823473, 0.0124089187011, -0.0109972814098, 0.00588864227757, 0.00562680093572, -0.0122692165896, 0.0219130143523, -0.0314371809363, 0.033849414438, -0.0196563154459], [-0.00058472721139, 0.00138830230571, -0.00343123381026, 0.00627791183069, -0.0092171728611, 0.00830000080168, -0.00440746871755, 0.000126022277982, 0.00777866831049, -0.00985324475914, 0.0215978045017, -0.0196563154459, 0.0202599409968]]}, "melbands": {"dmean": [1.83953125088e-06, 1.54036933964e-05, 2.38459706452e-05, 6.6134314693e-05, 8.61855514813e-05, 0.00019484879158, 0.000149664148921, 0.000191615166841, 0.000113716640044, 0.000229497789405, 7.0198380854e-05, 9.0879140771e-05, 3.72422655346e-05, 8.40961183712e-06, 5.12247106599e-06, 4.05962509831e-06, 1.77763115516e-06, 2.66596180154e-06, 9.53342407684e-07, 6.05624677519e-07, 2.35574219687e-07, 1.67400557416e-07, 2.87997579562e-07, 2.32927789057e-07, 6.78781191255e-08, 4.06157099064e-08, 2.71473936664e-08, 3.36445324933e-08, 1.83596338132e-08, 9.71439906294e-09, 2.20299822828e-09, 1.27201860156e-09, 2.07038497457e-10, 9.31958815675e-11, 4.76593244036e-11, 1.52734734582e-11, 1.02984183681e-11, 9.30189692633e-12, 7.75383316581e-12, 6.57422553896e-12], "dmean2": [3.11088547278e-06, 2.44181974267e-05, 3.95062634198e-05, 8.70951844263e-05, 0.000136406568345, 0.000327617075527, 0.000185327153304, 0.000279239058727, 0.0001392664999, 0.000270305026788, 8.40384673211e-05, 0.000123503836221, 5.28686650796e-05, 1.13656797112e-05, 7.36656920708e-06, 6.05144759902e-06, 2.37830522565e-06, 3.82225243811e-06, 1.47619891777e-06, 9.80103322945e-07, 3.65134667391e-07, 2.36152828847e-07, 4.31604206597e-07, 3.06941103645e-07, 8.42174543436e-08, 5.83429766721e-08, 3.5778885632e-08, 3.98045933991e-08, 3.06709928566e-08, 1.54557078247e-08, 2.98037727831e-09, 1.68770331044e-09, 2.97695090801e-10, 1.37085495733e-10, 6.99202223897e-11, 2.54413278639e-11, 1.85811106085e-11, 1.69604781608e-11, 1.42114939608e-11, 1.205921734e-11], "dvar": [6.39514760592e-11, 5.64868996022e-09, 7.59787344151e-09, 7.75536719289e-08, 9.31785422154e-08, 4.99312193369e-07, 2.12266215271e-07, 2.77580539887e-07, 1.11103894085e-07, 6.394481602e-07, 5.8623339072e-08, 1.94271763121e-07, 1.60447761743e-08, 6.32351004892e-10, 3.08608610888e-10, 1.55778098754e-10, 8.04594862958e-11, 1.13286789671e-10, 2.93976856747e-11, 6.84772854739e-12, 9.14861936208e-13, 5.00145985825e-13, 2.37662819112e-12, 3.43951841834e-12, 2.33570514275e-13, 2.65393908022e-13, 5.27906169299e-14, 8.87750159842e-14, 5.19726880348e-14, 1.15099249915e-14, 6.67143795686e-16, 2.21918767593e-16, 3.16645669063e-18, 1.20878911782e-18, 2.18779216606e-19, 3.70674657445e-21, 5.58886519576e-22, 7.6663840322e-22, 3.62240055673e-22, 2.06984429268e-22], "dvar2": [1.57424032143e-10, 1.04069153295e-08, 2.01585432791e-08, 1.01273251119e-07, 2.46690575523e-07, 1.58500722591e-06, 3.35280304853e-07, 6.22390757599e-07, 1.96903243932e-07, 8.49266029945e-07, 7.30403684202e-08, 3.27141037815e-07, 3.48399140648e-08, 1.3489607209e-09, 7.35504934735e-10, 3.59272445127e-10, 1.29846092212e-10, 2.39359976284e-10, 6.6114592967e-11, 1.96942878672e-11, 2.19111230895e-12, 1.00750473502e-12, 4.97859782914e-12, 6.85735105851e-12, 4.38920980724e-13, 6.43002578266e-13, 1.19911215289e-13, 1.31737692586e-13, 1.28844499089e-13, 2.63348286185e-14, 1.23595553652e-15, 3.93362577161e-16, 5.58095367849e-18, 2.7255030429e-18, 4.80018699729e-19, 6.47049634538e-21, 1.70471443126e-21, 2.34449218694e-21, 1.17232313678e-21, 6.90282877508e-22], "max": [0.000275139842415, 0.00472300779074, 0.00360073987395, 0.0235263966024, 0.0112372357398, 0.0188532173634, 0.0260494891554, 0.0171584635973, 0.0156105840579, 0.0442591011524, 0.0120587823913, 0.0271249506623, 0.00435181614012, 0.000571081356611, 0.000428564380854, 0.00032013177406, 0.000394337257603, 0.000342903018463, 0.0001824094943, 5.59315376449e-05, 4.12024674006e-05, 2.29943852901e-05, 4.96265420225e-05, 6.90682791173e-05, 2.60117158177e-05, 2.64945028903e-05, 1.14069716801e-05, 2.0717157895e-05, 8.1753860286e-06, 5.22831896888e-06, 2.16056491809e-06, 1.22160508909e-06, 8.66146976364e-08, 5.79172443338e-08, 2.2987128645e-08, 3.65674868164e-09, 5.67005387087e-10, 1.19414456101e-09, 5.88144200009e-10, 2.68162492212e-10], "mean": [2.73877458312e-06, 3.47368259099e-05, 7.18438968761e-05, 0.00035642326111, 0.000274036690826, 0.000509686535224, 0.000596915080678, 0.000613807467744, 0.000315478537232, 0.000635816249996, 0.000241113099037, 0.000277066195849, 0.000109016909846, 2.53045272984e-05, 1.15910688692e-05, 7.90768717707e-06, 3.31691103383e-06, 5.52019992028e-06, 1.73168712081e-06, 1.42389842495e-06, 6.75623539337e-07, 4.80135270209e-07, 5.23200242242e-07, 4.01794522986e-07, 1.45828224163e-07, 7.01415601156e-08, 5.47207719137e-08, 7.71855113157e-08, 1.81479897776e-08, 1.66653926215e-08, 4.01953936802e-09, 2.14311102198e-09, 3.34738903263e-10, 1.31002111936e-10, 6.77119194048e-11, 2.21007812745e-11, 1.18647999411e-11, 9.76764155669e-12, 8.10329234269e-12, 7.08683372402e-12], "median": [2.28920271184e-07, 2.89950116894e-06, 6.43690646029e-06, 2.41784946411e-05, 1.58335678861e-05, 3.15663164656e-05, 0.000131153225084, 9.2593501904e-05, 6.62250313326e-05, 0.000122898840345, 2.97376573144e-05, 1.06469988168e-05, 1.36756252687e-05, 3.1621357266e-06, 9.82141614259e-07, 6.60277805764e-07, 4.10121714367e-07, 4.49035525207e-07, 8.02001665079e-08, 1.2188080234e-07, 5.40877209687e-08, 3.70117128057e-08, 4.7617479737e-08, 1.19822809452e-08, 8.68894733941e-09, 5.43355049842e-09, 2.55974508256e-09, 1.49802292793e-09, 5.94756743855e-10, 2.55107296399e-10, 1.42402062364e-10, 6.51762810389e-11, 3.10145693849e-11, 1.76514358685e-11, 1.1633628956e-11, 6.5893900579e-12, 4.63100348e-12, 3.58761674882e-12, 3.14885314004e-12, 2.91535610757e-12], "min": [1.50827858217e-24, 9.18774167574e-25, 1.21377964853e-24, 4.573783481e-25, 1.84714680021e-24, 1.72896774522e-24, 2.04903464688e-24, 1.90677600718e-24, 1.56602438372e-24, 2.33989259301e-24, 1.51672363398e-24, 3.16600883499e-24, 1.99204694065e-24, 2.83405971594e-24, 2.30499358378e-24, 2.36662018656e-24, 2.0122297497e-24, 2.55201374055e-24, 3.78919080631e-24, 2.85526252214e-24, 4.08425673373e-24, 3.50816502528e-24, 4.12552678085e-24, 3.36308877165e-24, 3.31508106354e-24, 3.96117668315e-24, 5.37875499666e-24, 4.52094646503e-24, 4.06883055873e-24, 4.25992737985e-24, 5.38688420829e-24, 5.73232560983e-24, 6.47495334954e-24, 5.09287732664e-24, 5.39522404578e-24, 5.0396016054e-24, 5.73212090042e-24, 6.88714776645e-24, 6.40128320733e-24, 5.3813602098e-24], "var": [1.64627464438e-10, 3.4606539856e-08, 6.02648384529e-08, 7.98960911652e-07, 5.04251659095e-07, 1.53653593316e-06, 2.18048717215e-06, 1.68219082752e-06, 6.94365041909e-07, 3.98145766667e-06, 4.39051831336e-07, 1.31706281081e-06, 6.84920777871e-08, 3.34575034344e-09, 1.0416669749e-09, 4.62289206915e-10, 1.751209594e-10, 2.37206254639e-10, 5.4956591361e-11, 1.66888065867e-11, 3.45468163625e-12, 2.31011737517e-12, 4.99390719749e-12, 6.59853508639e-12, 6.07302999122e-13, 2.8997689124e-13, 9.35131556608e-14, 3.05759974631e-13, 4.37500276079e-14, 2.4304466927e-14, 1.28942216198e-15, 5.04694417226e-16, 6.54652657061e-18, 1.3595453694e-18, 2.78199012126e-19, 9.83531076919e-21, 6.17281159224e-22, 6.00120897559e-22, 2.73108163983e-22, 1.64426102873e-22]}, "mfcc": {"mean": [-880.289733887, 210.711273193, 3.08888506889, -34.4988098145, -28.6362838745, -33.5750923157, -17.5999679565, -5.69639158249, -5.08950710297, -6.48113870621, -7.35943317413, -7.02711343765, -7.05715036392], "cov": [[7528.91455078, 4204.87646484, -1943.82019043, -259.421661377, 209.621368408, -348.508544922, -107.394973755, -323.533691406, -185.205978394, -141.374237061, -260.898620605, -162.571014404, -158.217956543], [4204.87646484, 2943.97753906, -558.057678223, -370.357391357, 71.0934448242, -202.666015625, -177.999832153, -152.569580078, -123.209121704, -89.6458129883, -93.2032165527, -48.2580986023, -48.3009300232], [-1943.82019043, -558.057678223, 1204.4822998, 135.013565063, -152.393753052, 33.5574798584, -57.1121406555, 76.717338562, 26.1023006439, 23.7007331848, 124.235412598, 104.523254395, 68.8029098511], [-259.421661377, -370.357391357, 135.013565063, 503.038879395, 95.5979003906, -29.5579090118, 32.4843826294, -56.6564559937, -12.1924409866, 9.21756458282, 3.70425081253, 19.3912086487, -22.7545967102], [209.621368408, 71.0934448242, -152.393753052, 95.5979003906, 322.983093262, 136.443572998, -55.9460601807, -69.4274215698, -43.0070533752, -28.3615570068, -32.0041885376, -19.1534519196, -19.6834697723], [-348.508544922, -202.666015625, 33.5574798584, -29.5579090118, 136.443572998, 242.075469971, 65.5138092041, -29.3999118805, -34.519077301, -54.2900352478, -39.2010917664, -20.1251468658, -10.3243083954], [-107.394973755, -177.999832153, -57.1121406555, 32.4843826294, -55.9460601807, 65.5138092041, 189.286651611, 73.3581466675, -23.9956989288, -33.059261322, -25.8045310974, -24.7094326019, -13.216958046], [-323.533691406, -152.569580078, 76.717338562, -56.6564559937, -69.4274215698, -29.3999118805, 73.3581466675, 176.090515137, 87.3030700684, 10.9794244766, 4.88200139999, -12.3131799698, 10.4806070328], [-185.205978394, -123.209121704, 26.1023006439, -12.1924409866, -43.0070533752, -34.519077301, -23.9956989288, 87.3030700684, 179.529434204, 104.060394287, -8.41732311249, -43.9732894897, -14.530043602], [-141.374237061, -89.6458129883, 23.7007331848, 9.21756458282, -28.3615570068, -54.2900352478, -33.059261322, 10.9794244766, 104.060394287, 195.333404541, 111.325996399, -18.708108902, -33.1147613525], [-260.898620605, -93.2032165527, 124.235412598, 3.70425081253, -32.0041885376, -39.2010917664, -25.8045310974, 4.88200139999, -8.41732311249, 111.325996399, 219.071731567, 123.65776825, -4.07909250259], [-162.571014404, -48.2580986023, 104.523254395, 19.3912086487, -19.1534519196, -20.1251468658, -24.7094326019, -12.3131799698, -43.9732894897, -18.708108902, 123.65776825, 198.507781982, 95.6341629028], [-158.217956543, -48.3009300232, 68.8029098511, -22.7545967102, -19.6834697723, -10.3243083954, -13.216958046, 10.4806070328, -14.530043602, -33.1147613525, -4.07909250259, 95.6341629028, 174.523132324]], "icov": [[7.04270648956, -9.80605220795, 9.36466789246, -8.64417457581, 7.71500253677, -6.60913896561, 5.40611553192, -4.18193674088, 3.0062687397, -1.98846530914, 1.17347633839, -0.564163923264, 0.20116917789], [-9.80605220795, 13.6545810699, -13.0406904221, 12.0397453308, -10.7479820251, 9.21045780182, -7.53595638275, 5.83232545853, -4.194211483, 2.77612352371, -1.63923704624, 0.788720846176, -0.281274676323], [9.36466789246, -13.0406904221, 12.4604854584, -11.5088453293, 10.2827548981, -8.81997203827, 7.22648096085, -5.60019159317, 4.03390979767, -2.6745467186, 1.58312857151, -0.763844490051, 0.273220777512], [-8.64417457581, 12.0397453308, -11.5088453293, 10.6410932541, -9.51734924316, 8.17576503754, -6.7105884552, 5.21194601059, -3.76291227341, 2.50227618217, -1.48667562008, 0.719462156296, -0.258318781853], [7.71500253677, -10.7479820251, 10.2827548981, -9.51734924316, 8.5333366394, -7.34559202194, 6.04632139206, -4.71002006531, 3.41521930695, -2.28246474266, 1.36563968658, -0.665706455708, 0.241502359509], [-6.60913896561, 9.21045780182, -8.81997203827, 8.17576503754, -7.34559202194, 6.34600830078, -5.23897743225, 4.09891986847, -2.98495054245, 2.00810241699, -1.210044384, 0.595173418522, -0.217360123992], [5.40611553192, -7.53595638275, 7.22648096085, -6.7105884552, 6.04632139206, -5.23897743225, 4.35327291489, -3.4218480587, 2.50787591934, -1.69731354713, 1.03422534466, -0.512770414352, 0.190608337522], [-4.18193674088, 5.83232545853, -5.60019159317, 5.21194601059, -4.71002006531, 4.09891986847, -3.4218480587, 2.71751904488, -2.00680708885, 1.37425923347, -0.850228726864, 0.429074466228, -0.162140473723], [3.0062687397, -4.194211483, 4.03390979767, -3.76291227341, 3.41521930695, -2.98495054245, 2.50787591934, -2.00680708885, 1.50693488121, -1.04643285275, 0.659554481506, -0.337848812342, 0.130193084478], [-1.98846530914, 2.77612352371, -2.6745467186, 2.50227618217, -2.28246474266, 2.00810241699, -1.69731354713, 1.37425923347, -1.04643285275, 0.751750171185, -0.487732201815, 0.259274452925, -0.101380959153], [1.17347633839, -1.63923704624, 1.58312857151, -1.48667562008, 1.36563968658, -1.210044384, 1.03422534466, -0.850228726864, 0.659554481506, -0.487732201815, 0.335717082024, -0.186586946249, 0.0764907598495], [-0.564163923264, 0.788720846176, -0.763844490051, 0.719462156296, -0.665706455708, 0.595173418522, -0.512770414352, 0.429074466228, -0.337848812342, 0.259274452925, -0.186586946249, 0.115002281964, -0.0490158610046], [0.20116917789, -0.281274676323, 0.273220777512, -0.258318781853, 0.241502359509, -0.217360123992, 0.190608337522, -0.162140473723, 0.130193084478, -0.101380959153, 0.0764907598495, -0.0490158610046, 0.0276676025242]]}, "spectral_contrast_coeffs": {"dmean": [0.0358867384493, 0.035062469542, 0.0290969591588, 0.0246392842382, 0.01568149589, 0.0393601767719], "dmean2": [0.0612510032952, 0.0575614385307, 0.0440294630826, 0.0398478582501, 0.0252988375723, 0.0700389668345], "dvar": [0.000851670105476, 0.000961475132499, 0.000708818144631, 0.000575485348236, 0.000288308772724, 0.00134324771352], "dvar2": [0.00238818163052, 0.0025267158635, 0.00165382167324, 0.00144015287515, 0.000662083853967, 0.00396255264059], "max": [-0.234921678901, -0.346950024366, -0.308034688234, -0.507814645767, -0.563781023026, -0.534528255463], "mean": [-0.58219230175, -0.620842516422, -0.628440916538, -0.722715616226, -0.772388696671, -0.847696423531], "median": [-0.589798152447, -0.616484284401, -0.631707787514, -0.715772390366, -0.770070135593, -0.859337210655], "min": [-0.97635614872, -0.978682458401, -0.979375660419, -0.972057580948, -0.967931866646, -0.965642809868], "var": [0.0103944633156, 0.00911500304937, 0.0105373430997, 0.00592788960785, 0.00387549283914, 0.00453667948022]}, "spectral_contrast_valleys": {"dmean": [0.427443891764, 0.290475279093, 0.238158345222, 0.21543712914, 0.181090131402, 0.711113870144], "dmean2": [0.738747596741, 0.49111148715, 0.392676025629, 0.363310873508, 0.30239957571, 1.27013027668], "dvar": [0.164304345846, 0.12010666728, 0.113824166358, 0.126979649067, 0.111418962479, 0.406028836966], "dvar2": [0.387177050114, 0.233034461737, 0.206211924553, 0.249445572495, 0.220071271062, 1.19642829895], "max": [-7.01195764542, -4.60368013382, -5.69129705429, -7.34054088593, -7.51507472992, -11.8549356461], "mean": [-10.459