{"lowlevel": {"average_loudness": 0.811265587807, "barkbands_crest": {"dmean": 2.79146265984, "dmean2": 4.2912311554, "dvar": 8.62561321259, "dvar2": 19.0450897217, "max": 26.986946106, "mean": 16.9497280121, "median": 16.6072692871, "min": 3.45318818092, "var": 36.5885238647}, "barkbands_flatness_db": {"dmean": 0.0773602426052, "dmean2": 0.118476741016, "dvar": 0.00823404546827, "dvar2": 0.0165281109512, "max": 0.795576095581, "mean": 0.38455092907, "median": 0.370893061161, "min": 0.0250266566873, "var": 0.0318525619805}, "barkbands_kurtosis": {"dmean": 136.054595947, "dmean2": 220.494842529, "dvar": 1035184.125, "dvar2": 3267598.75, "max": 23001.859375, "mean": 163.274246216, "median": 24.4178123474, "min": -1.87759816647, "var": 1177137.625}, "barkbands_skewness": {"dmean": 2.71099424362, "dmean2": 4.37001657486, "dvar": 38.1046676636, "dvar2": 111.350158691, "max": 132.257141113, "mean": 4.89751148224, "median": 3.31297063828, "min": -3.08081436157, "var": 60.4667892456}, "barkbands_spread": {"dmean": 6.78833532333, "dmean2": 11.9865550995, "dvar": 189.061477661, "dvar2": 469.883056641, "max": 121.673965454, "mean": 9.09104061127, "median": 2.12758564949, "min": 0.00315406057052, "var": 343.951202393}, "dissonance": {"dmean": 0.0613718889654, "dmean2": 0.100532367826, "dvar": 0.00373528664932, "dvar2": 0.009217931889, "max": 0.499999582767, "mean": 0.350815415382, "median": 0.375227212906, "min": 0.0285105481744, "var": 0.0123795494437}, "dynamic_complexity": 7.92091464996, "erbbands_crest": {"dmean": 3.27874755859, "dmean2": 5.26412057877, "dvar": 10.6471757889, "dvar2": 25.5663223267, "max": 33.3257522583, "mean": 17.2491760254, "median": 16.7933502197, "min": 2.5185379982, "var": 56.3979530334}, "erbbands_flatness_db": {"dmean": 0.0650501921773, "dmean2": 0.101642481983, "dvar": 0.00643175886944, "dvar2": 0.0128563335165, "max": 0.697145104408, "mean": 0.3354588449, "median": 0.30650433898, "min": 0.0603513196111, "var": 0.0256641916931}, "erbbands_kurtosis": {"dmean": 15.5555171967, "dmean2": 26.8490428925, "dvar": 1663.60253906, "dvar2": 4801.72167969, "max": 469.30871582, "mean": 20.7869091034, "median": 9.8812084198, "min": -1.77932369709, "var": 1434.38977051}, "erbbands_skewness": {"dmean": 1.24046933651, "dmean2": 2.05648732185, "dvar": 3.23743510246, "dvar2": 8.40463924408, "max": 17.2144050598, "mean": 2.55799078941, "median": 2.20777225494, "min": -3.31909918785, "var": 5.14336061478}, "erbbands_spread": {"dmean": 10.5953531265, "dmean2": 18.3898200989, "dvar": 334.505615234, "dvar2": 849.533203125, "max": 129.018615723, "mean": 16.6277675629, "median": 9.31223297119, "min": 0.202982440591, "var": 410.369812012}, "hfc": {"dmean": 5.1932015419, "dmean2": 8.74931716919, "dvar": 139.646820068, "dvar2": 380.063293457, "max": 132.631668091, "mean": 7.92395591736, "median": 3.21568632126, "min": 1.87825883319e-13, "var": 145.644363403}, "melbands_crest": {"dmean": 3.30112957954, "dmean2": 5.21761131287, "dvar": 11.8746948242, "dvar2": 29.5363063812, "max": 34.9118156433, "mean": 21.2297592163, "median": 21.2006378174, "min": 1.01413691044, "var": 52.2474441528}, "melbands_flatness_db": {"dmean": 0.0873364880681, "dmean2": 0.133836880326, "dvar": 0.0110071683303, "dvar2": 0.0225128158927, "max": 0.87608808279, "mean": 0.473110049963, "median": 0.472901135683, "min": 2.25674539251e-05, "var": 0.0372977554798}, "melbands_kurtosis": {"dmean": 43.6183395386, "dmean2": 75.0292358398, "dvar": 9780.95800781, "dvar2": 26436.8359375, "max": 1200.80029297, "mean": 53.4273796082, "median": 20.8640785217, "min": -1.66516208649, "var": 9297.9765625}, "melbands_skewness": {"dmean": 1.87239217758, "dmean2": 3.1311173439, "dvar": 8.4067697525, "dvar2": 21.125371933, "max": 23.3330402374, "mean": 3.67534303665, "median": 2.70170974731, "min": -1.22800087929, "var": 11.4482603073}, "melbands_spread": {"dmean": 5.51621007919, "dmean2": 9.376953125, "dvar": 227.332092285, "dvar2": 564.794311523, "max": 209.50617981, "mean": 8.90931606293, "median": 1.88352036476, "min": 0.123217731714, "var": 680.426818848}, "pitch_salience": {"dmean": 0.0899136289954, "dmean2": 0.139322444797, "dvar": 0.00972149707377, "dvar2": 0.023614153266, "max": 0.996486008167, "mean": 0.417636990547, "median": 0.430382877588, "min": 0.0135727720335, "var": 0.0438548512757}, "silence_rate_20dB": {"dmean": 0, "dmean2": 0, "dvar": 0, "dvar2": 0, "max": 1, "mean": 1, "median": 1, "min": 1, "var": 0}, "silence_rate_30dB": {"dmean": 0.0287320427597, "dmean2": 0.0575000010431, "dvar": 0.0279059782624, "dvar2": 0.0729426071048, "max": 1, "mean": 0.98002499342, "median": 1, "min": 0, "var": 0.0195757914335}, "silence_rate_60dB": {"dmean": 0.072454713285, "dmean2": 0.144999995828, "dvar": 0.0672046840191, "dvar2": 0.138975739479, "max": 1, "mean": 0.30274656415, "median": 0, "min": 0, "var": 0.211093083024}, "spectral_centroid": {"dmean": 236.21862793, "dmean2": 402.402069092, "dvar": 303803.75, "dvar2": 707640.8125, "max": 9428.4765625, "mean": 586.839233398, "median": 386.053222656, "min": 92.9505691528, "var": 528052.5}, "spectral_complexity": {"dmean": 1.47407865524, "dmean2": 2.54187488556, "dvar": 10.8590288162, "dvar2": 28.5219745636, "max": 48, "mean": 4.20162296295, "median": 3, "min": 0, "var": 15.3358249664}, "spectral_decrease": {"dmean": 2.23195684157e-09, "dmean2": 3.01916736056e-09, "dvar": 1.68191163346e-17, "dvar2": 3.18700811703e-17, "max": 1.11834368155e-10, "mean": -5.49962342333e-09, "median": -1.97808924796e-09, "min": -3.36307230953e-08, "var": 5.32738162715e-17}, "spectral_energy": {"dmean": 0.00869633443654, "dmean2": 0.0117870541289, "dvar": 0.000243643298745, "dvar2": 0.000460749462945, "max": 0.128480255604, "mean": 0.0214755553752, "median": 0.00791883468628, "min": 2.19863564569e-17, "var": 0.000790788442828}, "spectral_energyband_high": {"dmean": 0.000376337586204, "dmean2": 0.00070910458453, "dvar": 2.40625240622e-06, "dvar2": 6.80400762576e-06, "max": 0.0237228982151, "mean": 0.000232343067182, "median": 1.98595034817e-06, "min": 1.58543342271e-17, "var": 1.41350949434e-06}, "spectral_energyband_low": {"dmean": 0.00451864115894, "dmean2": 0.00679470319301, "dvar": 0.000214541971218, "dvar2": 0.000440897565568, "max": 0.12692207098, "mean": 0.00685838144273, "median": 4.49646449852e-06, "min": 2.07827810585e-19, "var": 0.000406885053962}, "spectral_energyband_middle_high": {"dmean": 0.000474585802294, "dmean2": 0.000798697175924, "dvar": 1.91063418242e-06, "dvar2": 4.48138780484e-06, "max": 0.0190282016993, "mean": 0.000443898461526, "median": 8.494262147e-05, "min": 4.47078878812e-18, "var": 2.01038005798e-06}, "spectral_energyband_middle_low": {"dmean": 0.0045653260313, "dmean2": 0.00560950580984, "dvar": 6.82571480866e-05, "dvar2": 0.00010831518739, "max": 0.127771601081, "mean": 0.0144916046411, "median": 0.00410932209343, "min": 9.1949241795e-19, "var": 0.000435615482274}, "spectral_entropy": {"dmean": 0.72201615572, "dmean2": 1.16012108326, "dvar": 0.903107583523, "dvar2": 1.96968948841, "max": 9.97696590424, "mean": 5.54678678513, "median": 5.63172864914, "min": 2.4915728569, "var": 2.48460316658}, "spectral_flux": {"dmean": 0.0247875135392, "dmean2": 0.0406448617578, "dvar": 0.00132993725128, "dvar2": 0.00315383635461, "max": 0.300483644009, "mean": 0.0492117553949, "median": 0.0334781333804, "min": 1.53200289787e-06, "var": 0.00276817148551}, "spectral_kurtosis": {"dmean": 48.1441040039, "dmean2": 76.6488647461, "dvar": 7294.69970703, "dvar2": 16912.4667969, "max": 821.067504883, "mean": 75.351348877, "median": 20.8849525452, "min": -1.11505031586, "var": 12094.5664062}, "spectral_rms": {"dmean": 0.000791601778474, "dmean2": 0.00106268981472, "dvar": 1.22040205497e-06, "dvar2": 2.16662965613e-06, "max": 0.0111958291382, "mean": 0.00360532966442, "median": 0.00277950940654, "min": 1.4645853974e-10, "var": 7.9533938333e-06}, "spectral_rolloff": {"dmean": 611.850646973, "dmean2": 1134.38439941, "dvar": 5043893, "dvar2": 13299642, "max": 18367.8222656, "mean": 1134.43261719, "median": 409.130859375, "min": 64.599609375, "var": 9425058}, "spectral_skewness": {"dmean": 2.16554355621, "dmean2": 3.41014456749, "dvar": 9.36597442627, "dvar2": 18.8588943481, "max": 24.3389511108, "mean": 5.84469509125, "median": 3.89744949341, "min": 0.0279971659184, "var": 22.1952342987}, "spectral_spread": {"dmean": 1587941, "dmean2": 2630448.75, "dvar": 4326038700030.0, "dvar2": 9145026609150.0, "max": 38636616, "mean": 3815627.25, "median": 3013105.5, "min": 145720, "var": 10412306202600.0}, "spectral_strongpeak": {"dmean": 0.30828204751, "dmean2": 0.451289087534, "dvar": 0.252978950739, "dvar2": 0.572749316692, "max": 6.13626384735, "mean": 0.894202709198, "median": 0.47789555788, "min": 0, "var": 1.19138944149}, "zerocrossingrate": {"dmean": 0.0106692956761, "dmean2": 0.0155917359516, "dvar": 0.000365233805496, "dvar2": 0.000566710950807, "max": 0.70751953125, "mean": 0.0416069254279, "median": 0.02001953125, "min": 0.00244140625, "var": 0.00672310218215}, "barkbands": {"dmean": [2.37108033616e-05, 0.0036789001897, 0.00161511031911, 0.000585539848544, 0.00163284863811, 0.0011537829414, 0.00204480113462, 0.000147055689013, 0.000143279088661, 8.28997362987e-05, 2.54406477325e-05, 0.000162898446433, 9.8546348454e-05, 3.36770135618e-05, 1.54352619575e-05, 2.17575761781e-05, 2.05351698241e-05, 2.62833636953e-05, 3.32961790264e-05, 4.16693983425e-05, 0.000127200983115, 5.25817013113e-05, 3.7185884139e-05, 2.12237864616e-05, 1.56108944793e-05, 2.82504024653e-05, 8.03272705525e-05], "dmean2": [3.84350460081e-05, 0.00525516038761, 0.00265875319019, 0.000863420718815, 0.00188563775737, 0.00123126537073, 0.00259308121167, 0.000219380002818, 0.000222956761718, 0.00013190273603, 4.65668636025e-05, 0.000254502578173, 0.000174458880792, 6.2937659095e-05, 2.83765530185e-05, 3.99636337534e-05, 3.8154055801e-05, 4.81529350509e-05, 6.28862981102e-05, 7.67698584241e-05, 0.000239900022279, 9.90023254417e-05, 6.88739746693e-05, 4.0397990233e-05, 2.93668545055e-05, 5.39956854482e-05, 0.000154655979713], "dvar": [4.70447769629e-09, 0.000153907501954, 4.98619920108e-05, 3.20131334774e-06, 1.53379187395e-05, 1.03773927549e-05, 5.1425107813e-05, 1.28507352315e-07, 2.05148950272e-07, 9.9467463599e-08, 1.0930929939e-08, 8.50140963848e-07, 1.67590982869e-07, 1.42342191367e-08, 4.0070573526e-09, 9.85359083217e-09, 4.47005454873e-09, 7.064007157e-09, 1.14300862109e-08, 6.30540952784e-08, 1.08002313937e-06, 9.17425921898e-08, 6.36082688743e-08, 5.00768626566e-09, 1.52077184179e-09, 7.32433136363e-09, 8.18973404648e-08], "dvar2": [1.291167262e-08, 0.000305768917315, 0.000130615415401, 6.39806512481e-06, 2.15058607864e-05, 1.25425667648e-05, 8.13061487861e-05, 2.79265890413e-07, 4.22571531544e-07, 2.20675985929e-07, 3.13418766495e-08, 1.78484583557e-06, 4.08203817415e-07, 4.07308249351e-08, 1.12768665517e-08, 2.07908836813e-08, 1.24333823237e-08, 1.90280839973e-08, 3.25411875224e-08, 1.65584481238e-07, 3.14515773425e-06, 2.66362633283e-07, 1.78598114076e-07, 1.42738265652e-08, 4.20757295672e-09, 2.09494555037e-08, 2.36395578668e-07], "max": [0.00101032224484, 0.121994748712, 0.0707942545414, 0.0368922352791, 0.0939031839371, 0.0724385380745, 0.125222817063, 0.00573765393347, 0.0107179805636, 0.00464821746573, 0.00156257045455, 0.0185883622617, 0.00859593506902, 0.000939391786233, 0.000751527259126, 0.00283675314859, 0.000677392643411, 0.000861511274707, 0.00144225347321, 0.00636437814683, 0.0210006628186, 0.00499960500747, 0.0061878436245, 0.00119145284407, 0.000291638280032, 0.000755181303248, 0.00321492459625], "mean": [2.71483022516e-05, 0.00485016731545, 0.00143540394492, 0.00111601676326, 0.00514200655743, 0.00341862509958, 0.00444184755906, 0.000207082106499, 0.000153937959112, 8.48923882586e-05, 2.07402790693e-05, 0.000159216026077, 8.02312861197e-05, 2.18713066715e-05, 1.06224943011e-05, 1.55547259055e-05, 1.27949351736e-05, 1.69423001353e-05, 1.93512096303e-05, 2.55968952843e-05, 7.56480949349e-05, 3.08279923047e-05, 2.30471850955e-05, 1.30078706206e-05, 1.06973257061e-05, 1.81559516932e-05, 4.41452102677e-05], "median": [1.49145080286e-07, 8.36113258629e-07, 6.74500540754e-07, 1.62718060892e-06, 0.000590369512793, 0.000703650643118, 0.000149521249114, 1.11355439003e-05, 5.51739776711e-06, 7.05676347934e-06, 1.18683556138e-06, 7.26541384211e-06, 2.77789331449e-06, 4.45006804739e-07, 3.43889894339e-07, 1.88764701647e-07, 1.65992190659e-07, 3.18071045058e-07, 2.49513220751e-07, 2.49980359968e-07, 2.63432468728e-07, 1.52222241923e-07, 1.34817369712e-07, 6.84309000576e-08, 3.87480838526e-08, 2.77491700729e-08, 3.04148173313e-08], "min": [5.98851621625e-20, 8.8146485724e-20, 5.97504480449e-20, 5.953753951e-20, 1.47099092219e-19, 1.49824859132e-19, 1.49547120317e-19, 1.47371208791e-19, 2.07436825574e-19, 2.07883968394e-19, 2.08152401427e-19, 2.67587629035e-19, 2.96573356018e-19, 3.27095545139e-19, 3.87539933095e-19, 4.46380469541e-19, 5.07216966956e-19, 6.26530635884e-19, 7.76564396895e-19, 9.58273436801e-19, 1.25644609483e-18, 1.52016151048e-18, 1.79188786016e-18, 2.34949444698e-18, 2.96087211632e-18, 3.18624471204e-18, 2.39843789665e-18], "var": [7.6869497434e-09, 0.000269041891443, 3.90658315155e-05, 1.19439573609e-05, 0.000122303361422, 7.29479215806e-05, 0.000226513773669, 2.44021833851e-07, 3.10346706556e-07, 1.16071468881e-07, 6.76384681597e-09, 1.01633327176e-06, 1.6271945924e-07, 8.26710611079e-09, 2.46053777353e-09, 1.12974891664e-08, 2.75032085995e-09, 4.77269646026e-09, 6.51759357595e-09, 4.37733724823e-08, 5.92104356656e-07, 5.06649762144e-08, 3.86580616407e-08, 2.83934076251e-09, 9.54228362993e-10, 4.13034406677e-09, 4.46702337342e-08]}, "erbbands": {"dmean": [0.0670719817281, 0.972605407238, 1.96579086781, 1.76673102379, 3.18572854996, 4.83229827881, 8.10255527496, 12.2601413727, 34.2153434753, 8.37357234955, 3.06574416161, 2.91341924667, 2.88581943512, 2.41281485558, 2.97980761528, 5.46861314774, 4.77773237228, 1.80253612995, 1.22590553761, 0.800060749054, 1.34191250801, 1.20714092255, 1.31005430222, 1.58691906929, 1.73907923698, 1.72575128078, 4.46190357208, 4.46963691711, 2.25796055794, 1.78756058216, 0.747373819351, 0.36101603508, 0.413669496775, 0.173531293869, 0.128681108356, 0.0945513769984, 0.053622212261, 0.0423606820405, 0.0170600675046, 0.000660299381707], "dmean2": [0.0753930658102, 1.45746719837, 3.04420685768, 2.81478476524, 3.85274481773, 6.05039358139, 9.41209888458, 13.0296726227, 44.0482406616, 10.7623462677, 4.58863162994, 4.65071392059, 4.50074195862, 3.79971599579, 4.57031106949, 8.87611103058, 8.33702754974, 3.33745455742, 2.2711212635, 1.46724903584, 2.46543741226, 2.23681497574, 2.39143323898, 2.95506429672, 3.31442141533, 3.24415183067, 8.39762687683, 8.42155838013, 4.22050142288, 3.29203772545, 1.40564334393, 0.681024730206, 0.791111171246, 0.329093247652, 0.241327762604, 0.179866597056, 0.102605730295, 0.0812939554453, 0.0328712239861, 0.00127151387278], "dvar": [0.0522811226547, 11.0945138931, 63.9742202759, 32.8825645447, 112.550231934, 164.410324097, 464.142028809, 1404.4786377, 14595.6152344, 596.860778809, 49.9594497681, 59.1170768738, 135.287033081, 85.5859527588, 255.654266357, 640.635681152, 397.661376953, 42.0060424805, 20.7638015747, 9.7974023819, 29.3192615509, 16.3378372192, 18.9786281586, 23.8162631989, 34.6809463501, 54.8637733459, 2123.76269531, 1494.26062012, 217.353881836, 206.951965332, 8.41307353973, 0.947001814842, 2.83658504486, 0.210331812501, 0.116433501244, 0.0791391208768, 0.0299418177456, 0.0191517695785, 0.003879631171, 5.74827845412e-06], "dvar2": [0.0774512588978, 23.2796535492, 151.987503052, 85.7998428345, 186.829711914, 279.772338867, 575.257995605, 1710.78942871, 24224.3105469, 803.930847168, 106.100791931, 138.387176514, 284.245727539, 194.750854492, 522.860839844, 1386.81884766, 964.956787109, 119.913116455, 58.6323471069, 26.1860694885, 65.6500549316, 45.8155899048, 51.0438461304, 65.8438796997, 99.776008606, 150.632247925, 6137.89794922, 4330.11914062, 628.219055176, 568.548461914, 23.8495731354, 2.66769695282, 8.20444965363, 0.58956605196, 0.319389134645, 0.224507331848, 0.0861781984568, 0.055100530386, 0.0112083181739, 1.66138634086e-05], "max": [3.54972934723, 30.0475978851, 77.4332275391, 70.7673950195, 303.471710205, 240.163879395, 545.830322266, 856.231445312, 2120.95336914, 516.83026123, 94.1105575562, 109.447135925, 279.244140625, 150.473358154, 316.759399414, 490.405761719, 438.410644531, 59.7843971252, 47.2248725891, 37.8677749634, 139.517883301, 46.8832435608, 50.2230911255, 44.939907074, 70.2619400024, 160.137832642, 1132.40808105, 698.258789062, 255.383712769, 359.018371582, 43.1673851013, 8.88098716736, 31.2645549774, 3.91435050964, 2.62352228165, 2.40064668655, 1.52837657928, 1.31021845341, 0.706743717194, 0.0287601966411], "mean": [0.108264528215, 1.18003630638, 1.97047138214, 2.8715763092, 8.78001213074, 14.8978233337, 26.7173748016, 35.3637695312, 77.239654541, 18.7419986725, 4.66531562805, 3.28896284103, 2.89431524277, 2.47526216507, 3.07954072952, 5.1274023056, 4.03502035141, 1.20345878601, 0.834813773632, 0.588241696358, 0.940675914288, 0.749446392059, 0.857280552387, 0.963158786297, 0.986417293549, 1.03390538692, 2.74644422531, 2.68055963516, 1.32128918171, 1.16605019569, 0.436873912811, 0.222787857056, 0.249861508608, 0.107068434358, 0.0925026535988, 0.0670658424497, 0.0335834622383, 0.0239404868335, 0.00933288689703, 0.000382675352739], "median": [5.02567309013e-05, 0.000354018062353, 0.00223663169891, 0.0168582517654, 0.241342008114, 2.50605010986, 4.87188911438, 4.87673902512, 2.91069746017, 1.71734976768, 0.901661753654, 0.297485768795, 0.221963569522, 0.302260160446, 0.345167338848, 0.431792855263, 0.218726724386, 0.0674608945847, 0.031828738749, 0.0145509326831, 0.0126587757841, 0.0127168186009, 0.0183282215148, 0.0174011699855, 0.0117357075214, 0.0138527182862, 0.011765325442, 0.00803685188293, 0.00502711627632, 0.00471144169569, 0.00372873852029, 0.00179522368126, 0.000991952605546, 0.000610277114902, 0.00026468600845, 0.000129053907585, 5.61218621442e-05, 2.76021492027e-05, 2.29597899306e-05, 2.23991482926e-05], "min": [3.23052658537e-18, 1.79403348395e-17, 6.1684611901e-17, 1.49188826207e-16, 2.98815462569e-16, 5.30016678943e-16, 8.71597908576e-16, 1.32743033027e-15, 1.90511431771e-15, 2.6429026729e-15, 3.55954838765e-15, 4.64680580798e-15, 5.95011761623e-15, 7.46973707525e-15, 9.22154181764e-15, 1.12336897597e-14, 1.35132959781e-14, 1.60847541747e-14, 1.89418030821e-14, 2.20903651545e-14, 2.55312670961e-14, 2.92421794244e-14, 3.31650532774e-14, 3.72171233718e-14, 4.13042403015e-14, 4.52437498816e-14, 4.87714828647e-14, 5.15849671735e-14, 5.32733816642e-14, 5.33730164557e-14, 5.14187454279e-14, 4.70839560645e-14, 4.03177078041e-14, 3.15479386321e-14, 2.18539802818e-14, 1.2793371336e-14, 5.90262363184e-15, 1.92204438875e-15, 3.65263873792e-16, 2.87795524221e-17], "var": [0.133389234543, 16.9818992615, 63.3845787048, 63.3110961914, 719.351074219, 994.149719238, 4603.87695312, 9198.11132812, 63086.5820312, 2941.64160156, 94.5909805298, 79.9000396729, 186.697723389, 94.6012878418, 317.714355469, 741.274414062, 393.179107666, 24.6484642029, 12.5831737518, 7.11768293381, 30.7872333527, 9.84712982178, 12.9384012222, 14.6453104019, 19.1094341278, 34.1466178894, 1185.25048828, 835.766479492, 122.065795898, 132.736038208, 4.90598678589, 0.551802039146, 1.55522155762, 0.123409800231, 0.076143912971, 0.0471282601357, 0.0166140049696, 0.0105117419735, 0.0021127818618, 3.13448549605e-06]}, "gfcc": {"mean": [-262.442718506, 116.196075439, -58.8836174011, -23.1489696503, -72.9971160889, -27.9914779663, -40.0309562683, -23.4845790863, -29.495639801, -1.9700807333, 1.31160998344, 6.32779073715, -4.49357891083], "cov": [[44174.6171875, -1825.91552734, -2157.40966797, 2557.19702148, 1176.77185059, 2137.81445312, -19.1504096985, 990.191467285, -307.165100098, 249.349227905, -542.600341797, -391.469055176, -750.524536133], [-1825.91552734, 5501.41845703, 549.334594727, -837.805847168, 285.710540771, -350.014801025, 229.756973267, -588.631835938, 41.7171020508, -404.186920166, 143.539764404, -320.304046631, 278.895751953], [-2157.40966797, 549.334594727, 1544.53735352, -153.975646973, 324.792480469, -67.7243423462, 106.846969604, 164.814819336, -18.3715419769, -34.7709579468, -54.9249992371, -11.1448688507, 4.91027832031], [2557.19702148, -837.805847168, -153.975646973, 1615.58984375, 794.724243164, 739.560180664, 515.269104004, 164.187789917, -58.6835021973, -358.146362305, -515.218322754, -79.8564834595, -19.8291244507], [1176.77185059, 285.710540771, 324.792480469, 794.724243164, 1198.24536133, 747.351867676, 491.69128418, 209.532836914, -1.49517738819, -228.694351196, -390.845458984, -168.255310059, -63.352016449], [2137.81445312, -350.014801025, -67.7243423462, 739.560180664, 747.351867676, 1134.54577637, 355.560241699, 388.97946167, -113.885444641, -153.135681152, -336.548187256, -50.7205505371, -142.833526611], [-19.1504096985, 229.756973267, 106.846969604, 515.269104004, 491.69128418, 355.560241699, 516.630859375, 162.064712524, 102.396484375, -187.553466797, -255.049926758, -96.6332550049, 43.5581474304], [990.191467285, -588.631835938, 164.814819336, 164.187789917, 209.532836914, 388.97946167, 162.064712524, 868.380126953, 301.983764648, 214.318283081, -253.564041138, -167.048934937, -132.488601685], [-307.165100098, 41.7171020508, -18.3715419769, -58.6835021973, -1.49517738819, -113.885444641, 102.396484375, 301.983764648, 566.768249512, 355.800079346, 60.3474006653, -106.759819031, -10.0035686493], [249.349227905, -404.186920166, -34.7709579468, -358.146362305, -228.694351196, -153.135681152, -187.553466797, 214.318283081, 355.800079346, 654.34197998, 394.309417725, 88.7503204346, -93.5148849487], [-542.600341797, 143.539764404, -54.9249992371, -515.218322754, -390.845458984, -336.548187256, -255.049926758, -253.564041138, 60.3474006653, 394.309417725, 616.99017334, 239.416229248, 13.7521095276], [-391.469055176, -320.304046631, -11.1448688507, -79.8564834595, -168.255310059, -50.7205505371, -96.6332550049, -167.048934937, -106.759819031, 88.7503204346, 239.416229248, 320.629302979, 64.1032867432], [-750.524536133, 278.895751953, 4.91027832031, -19.8291244507, -63.352016449, -142.833526611, 43.5581474304, -132.488601685, -10.0035686493, -93.5148849487, 13.7521095276, 64.1032867432, 193.488586426]], "icov": [[3.2184572774e-05, -1.96897799469e-05, 4.64493095933e-05, -7.66503508203e-05, -1.18431316878e-05, -6.0187244344e-06, 6.59314682707e-05, -4.96735046909e-05, 7.5200900028e-05, -6.77057614666e-05, -7.03797741153e-06, 2.81420125248e-05, 4.93533152621e-05], [-1.96897799469e-05, 0.000405338971177, -0.000127829407575, 0.000385802646633, -0.00016481502098, -0.000183154465049, -0.000166297249962, 0.000267633091426, -0.0003362254065, 0.00057803071104, -0.000558347150218, 0.000694255169947, -0.000514664803632], [4.64493095933e-05, -0.000127829407575, 0.000997920753434, 6.45094769425e-05, -0.000627175148111, 0.000621334183961, -6.64959006826e-05, -0.000640577927697, 0.000504278636072, -8.88023278094e-05, 7.01390672475e-05, -0.000530574063305, 0.000329324102495], [-7.66503508203e-05, 0.000385802646633, 6.45094769425e-05, 0.00187132740393, -0.000530303746928, -0.000370288209524, -0.000944523140788, 0.000581114902161, -0.00051778688794, 0.000518366636243, 0.000533808663022, -0.000225275856792, -0.000239259912632], [-1.18431316878e-05, -0.00016481502098, -0.000627175148111, -0.000530303746928, 0.00264744274318, -0.00126642477699, -0.00102645531297, 0.000800739217084, 1.81727791642e-05, -0.000840861466713, 0.000704275327735, 0.000637137854937, 0.000197917906917], [-6.0187244344e-06, -0.000183154465049, 0.000621334183961, -0.000370288209524, -0.00126642477699, 0.00296347471885, -0.00068547250703, -0.00143438286614, 0.00136625533924, -0.000243707603659, 0.000247599382419, -0.00137779151555, 0.00152378494386], [6.59314682707e-05, -0.000166297249962, -6.64959006826e-05, -0.000944523140788, -0.00102645531297, -0.00068547250703, 0.00549427652732, -0.00069508003071, -0.0021095671691, 0.00212827371433, -0.00081289303489, -0.000134592002723, -0.00113266671542], [-4.96735046909e-05, 0.000267633091426, -0.000640577927697, 0.000581114902161, 0.000800739217084, -0.00143438286614, -0.00069508003071, 0.0035799278412, -0.00102243362926, -0.00186010240577, 0.00226043560542, 0.000669895031024, -2.60039141722e-05], [7.5200900028e-05, -0.0003362254065, 0.000504278636072, -0.00051778688794, 1.81727791642e-05, 0.00136625533924, -0.0021095671691, -0.00102243362926, 0.00616235751659, -0.0048541422002, 0.00119274295866, 0.0014232697431, -0.0010839557508], [-6.77057614666e-05, 0.00057803071104, -8.88023278094e-05, 0.000518366636243, -0.000840861466713, -0.000243707603659, 0.00212827371433, -0.00186010240577, -0.0048541422002, 0.00945615116507, -0.00574785517529, -0.000454344030004, 0.00162989471573], [-7.03797741153e-06, -0.000558347150218, 7.01390672475e-05, 0.000533808663022, 0.000704275327735, 0.000247599382419, -0.00081289303489, 0.00226043560542, 0.00119274295866, -0.00574785517529, 0.00823221728206, -0.00340889114887, 0.00080255017383], [2.81420125248e-05, 0.000694255169947, -0.000530574063305, -0.000225275856792, 0.000637137854937, -0.00137779151555, -0.000134592002723, 0.000669895031024, 0.0014232697431, -0.000454344030004, -0.00340889114887, 0.00810374971479, -0.00380915380083], [4.93533152621e-05, -0.000514664803632, 0.000329324102495, -0.000239259912632, 0.000197917906917, 0.00152378494386, -0.00113266671542, -2.60039141722e-05, -0.0010839557508, 0.00162989471573, 0.00080255017383, -0.00380915380083, 0.00943215098232]]}, "melbands": {"dmean": [0.000834550126456, 0.00105832214467, 0.000333487958414, 0.000286689843051, 0.000281645479845, 0.00027348761796, 0.000479420967167, 6.73422400723e-05, 2.20903111767e-05, 1.93493833649e-05, 1.45032508954e-05, 1.03890142782e-05, 6.01447709414e-06, 2.02069495572e-05, 1.28199935716e-05, 7.06240689397e-06, 3.10530322167e-06, 2.26194060815e-06, 1.03820059394e-06, 1.20646848245e-06, 1.62439539508e-06, 1.23251368223e-06, 1.10796179342e-06, 1.34370361593e-06, 1.25555129671e-06, 1.33129969981e-06, 1.14081194624e-06, 1.09296524897e-06, 2.55723693954e-06, 2.27685359278e-06, 3.27148859469e-06, 1.43967224631e-06, 7.6330019283e-07, 1.00770205336e-06, 4.58834563233e-07, 2.32457054494e-07, 2.0879575402e-07, 3.23677141978e-07, 1.76117580963e-07, 1.43389968343e-07], "dmean2": [0.00108863529749, 0.00173742661718, 0.000512724684086, 0.000341900886269, 0.000326236884575, 0.000290160911391, 0.000618331076112, 8.43613161123e-05, 3.37407582265e-05, 3.07013069687e-05, 2.25204839808e-05, 1.63445529324e-05, 9.66420975601e-06, 3.0489421988e-05, 2.31215308304e-05, 1.25416636365e-05, 5.82412167205e-06, 4.19235266236e-06, 1.91076901501e-06, 2.1821779228e-06, 3.00723263535e-06, 2.29839361054e-06, 2.06516074286e-06, 2.46497097578e-06, 2.34615140471e-06, 2.5348285817e-06, 2.16823264054e-06, 2.04547450267e-06, 4.79419077237e-06, 4.34601133747e-06, 6.14598320681e-06, 2.71379622063e-06, 1.42735257214e-06, 1.85770375083e-06, 8.76766989677e-07, 4.38853248852e-07, 3.95992742597e-07, 6.19282729986e-07, 3.37389280958e-07, 2.72650680699e-07], "dvar": [7.64439664636e-06, 1.56195528689e-05, 9.93979938357e-07, 7.50303456698e-07, 5.59280977086e-07, 6.22915308668e-07, 2.83995700556e-06, 3.3801796917e-08, 2.64627986191e-09, 3.16492632102e-09, 3.47322193228e-09, 1.68798908184e-09, 6.41508957067e-10, 1.77411028091e-08, 2.41010189583e-09, 8.08762390392e-10, 1.27992283439e-10, 7.04854855038e-11, 1.84321152091e-11, 3.86078079229e-11, 3.48622485047e-11, 1.71322053766e-11, 1.63581422713e-11, 1.93664459469e-11, 1.59478454748e-11, 2.37313311363e-11, 1.70196339661e-11, 2.83799112683e-11, 6.18771534011e-10, 7.31605886983e-10, 1.20863896669e-09, 1.06634243102e-10, 1.28320470569e-11, 8.54101928072e-11, 3.3597879253e-12, 5.95882609748e-13, 3.21603095717e-13, 1.42911225388e-12, 6.50002838012e-13, 1.50446644617e-13], "dvar2": [1.38118521136e-05, 3.34888682119e-05, 2.39486189457e-06, 1.08182325675e-06, 6.93686843078e-07, 7.42587133118e-07, 4.67745076094e-06, 4.39221565784e-08, 5.67520652694e-09, 6.96049129445e-09, 7.26311855104e-09, 3.77827946707e-09, 1.38593181376e-09, 3.69124890653e-08, 6.28232310618e-09, 2.02179939457e-09, 3.67835706339e-10, 1.98981067734e-10, 5.19177617564e-11, 7.85952344873e-11, 8.38402472447e-11, 4.78268050164e-11, 4.62321153583e-11, 5.07035108344e-11, 4.41043694621e-11, 6.86826984175e-11, 4.8858316698e-11, 7.69124069988e-11, 1.7430125121e-09, 2.13781037317e-09, 3.50889828304e-09, 3.09443276558e-10, 3.55262277929e-11, 2.35831271178e-10, 9.67916632261e-12, 1.70316722965e-12, 9.08531496563e-13, 4.11283637355e-12, 1.89274290685e-12, 4.25349751081e-13], "max": [0.0346264541149, 0.0315387323499, 0.0141038009897, 0.0251326654106, 0.0181848891079, 0.0171584822237, 0.0294068921357, 0.00386539869942, 0.000630231923424, 0.00111509626731, 0.00138290773612, 0.000659627141431, 0.000432019820437, 0.00274705514312, 0.000764669443015, 0.000571555050556, 8.48680356285e-05, 8.76181075e-05, 5.47357522009e-05, 0.000186908189789, 0.000125629434478, 4.49240105809e-05, 6.02316467848e-05, 5.03626870341e-05, 3.34961987392e-05, 7.48834208935e-05, 6.30713257124e-05, 0.00012823328143, 0.000496434513479, 0.000715902831871, 0.000650413276162, 0.000184908698429, 6.47964843665e-05, 0.000234478196944, 3.32497547788e-05, 1.08217418529e-05, 6.08669688518e-06, 2.05092383112e-05, 1.54687368195e-05, 4.03115927838e-06], "mean": [0.0011999621056, 0.00127007788979, 0.000628900364973, 0.000866263988428, 0.000926607695874, 0.000775389140472, 0.0010945746908, 0.000137288254336, 3.12152224069e-05, 2.04399493668e-05, 1.4488369743e-05, 1.0664133697e-05, 6.01377996645e-06, 2.05569340324e-05, 1.02128869912e-05, 5.68681298319e-06, 1.95743245968e-06, 1.52832888034e-06, 7.20350612937e-07, 9.23664799757e-07, 1.10345001758e-06, 7.60965974678e-07, 6.91068919423e-07, 8.83980931121e-07, 7.50959145535e-07, 7.56971076044e-07, 6.40202358682e-07, 6.58693124933e-07, 1.61617458616e-06, 1.37284200719e-06, 1.94625954464e-06, 8.26927362141e-07, 4.67313014951e-07, 6.6660425091e-07, 2.59049528495e-07, 1.37316746418e-07, 1.30797047859e-07, 1.95782860146e-07, 1.063586339e-07, 8.67871108312e-08], "median": [2.49657034601e-07, 3.65955969528e-07, 2.33749665313e-06, 8.55940888869e-05, 0.000182944611879, 0.000110747008875, 3.67434004147e-05, 1.52356851686e-05, 1.8023076791e-06, 7.7613879057e-07, 9.48548631641e-07, 9.9986141322e-07, 6.91750642545e-07, 9.23215054627e-07, 5.34392768259e-07, 2.36060301972e-07, 4.16822558691e-08, 4.50909283245e-08, 2.07607513403e-08, 1.35010456148e-08, 1.13981011296e-08, 8.7139708782e-09, 1.37188944649e-08, 1.51665666692e-08, 1.26092842834e-08, 8.5351894441e-09, 6.95721258381e-09, 7.19278858696e-09, 7.03080038633e-09, 4.34362634749e-09, 4.07302547245e-09, 2.49926723761e-09, 2.63200505835e-09, 2.32388952526e-09, 2.15907380863e-09, 1.18018550488e-09, 8.92108831252e-10, 7.45766615129e-10, 4.86428008983e-10, 4.32621549695e-10], "min": [2.95267838829e-20, 2.96718700699e-20, 2.9684184075e-20, 2.96767879171e-20, 2.96499013161e-20, 2.97570922912e-20, 2.9730018282e-20, 2.95351817048e-20, 2.97550437267e-20, 2.96631071253e-20, 2.96776247913e-20, 2.97006178274e-20, 2.97046891069e-20, 2.96749396855e-20, 2.97140368941e-20, 2.97054355082e-20, 2.97624075729e-20, 2.97597515476e-20, 2.97413952466e-20, 2.97893426416e-20, 2.97827445837e-20, 2.98215897608e-20, 2.98424825336e-20, 2.98507995762e-20, 2.98756246881e-20, 2.98835442962e-20, 2.99239372057e-20, 2.99340572435e-20, 2.99346582419e-20, 2.99279826359e-20, 2.99044435313e-20, 2.98493584724e-20, 2.97589696035e-20, 2.96079315935e-20, 2.93915495463e-20, 2.90797832347e-20, 2.86565640291e-20, 2.80875930147e-20, 2.73391884308e-20, 2.6361948854e-20], "var": [1.59668143169e-05, 2.05316719075e-05, 2.90341586151e-06, 5.07843742525e-06, 5.54396137886e-06, 4.10741677115e-06, 1.23758900372e-05, 1.54520705564e-07, 5.04666797241e-09, 4.49388215529e-09, 4.81625583859e-09, 1.91415061579e-09, 7.51953221911e-10, 2.14262332321e-08, 1.9514241334e-09, 7.46032180476e-10, 7.29155694157e-11, 4.28483741544e-11, 1.13126417955e-11, 4.64102575815e-11, 3.22187172774e-11, 1.0343160356e-11, 9.72256910398e-12, 1.38431618599e-11, 9.77387788759e-12, 1.29767412094e-11, 9.21579826341e-12, 1.83434101242e-11, 3.69746150364e-10, 3.95403570996e-10, 6.73732625245e-10, 5.91300688968e-11, 8.0406757641e-12, 5.41190668668e-11, 1.8609768674e-12, 3.36498624104e-13, 1.85563004307e-13, 7.92212107546e-13, 3.50848636168e-13, 8.6355971202e-14]}, "mfcc": {"mean": [-892.322265625, 137.391845703, 40.7706871033, 4.36787080765, -15.3695249557, -13.2578115463, -13.4159355164, -21.1310539246, -27.1974773407, -21.3517169952, -11.0683279037, -1.83605349064, -0.646717190742], "cov": [[16437.9277344, 1725.09008789, -755.905700684, 315.821258545, 464.533843994, 668.198913574, 912.418518066, 972.73425293, 752.069335938, 806.756164551, 581.589294434, 320.573730469, -319.380004883], [1725.09008789, 4497.02539062, 929.825439453, -317.2215271, 183.471893311, 77.6755142212, 269.487121582, 102.109207153, 119.368812561, 207.287338257, 127.8254776, 23.504989624, -124.464637756], [-755.905700684, 929.825439453, 894.2421875, 71.1296615601, -8.37645626068, -184.947174072, -28.9627094269, -86.2336349487, -123.363815308, -73.741645813, -94.2842559814, -38.6684265137, 2.90218830109], [315.821258545, -317.2215271, 71.1296615601, 774.354064941, 309.629486084, 343.322753906, 184.642456055, 292.48324585, 354.365264893, 84.6357192993, -47.9661865234, -144.311233521, -95.6427459717], [464.533843994, 183.471893311, -8.37645626068, 309.629486084, 570.055908203, 425.574554443, 383.144256592, 390.532104492, 372.453491211, 265.014556885, 86.8653182983, -50.6978797913, -148.554275513], [668.198913574, 77.6755142212, -184.947174072, 343.322753906, 425.574554443, 723.555908203, 476.033111572, 471.944641113, 314.253662109, 29.3274612427, 6.76300191879, -94.2764663696, -159.166915894], [912.418518066, 269.487121582, -28.9627094269, 184.642456055, 383.144256592, 476.033111572, 597.872009277, 523.355529785, 324.002532959, 115.818061829, -23.2437324524, -88.5760498047, -234.240615845], [972.73425293, 102.109207153, -86.2336349487, 292.48324585, 390.532104492, 471.944641113, 523.355529785, 700.959777832, 565.258850098, 210.450622559, -15.7850961685, -155.160568237, -289.911651611], [752.069335938, 119.368812561, -123.363815308, 354.365264893, 372.453491211, 314.253662109, 324.002532959, 565.258850098, 812.274291992, 515.825195312, 124.563835144, -111.178924561, -243.189941406], [806.756164551, 207.287338257, -73.741645813, 84.6357192993, 265.014556885, 29.3274612427, 115.818061829, 210.450622559, 515.825195312, 717.470458984, 376.986694336, 123.812675476, -22.8303909302], [581.589294434, 127.8254776, -94.2842559814, -47.9661865234, 86.8653182983, 6.76300191879, -23.2437324524, -15.7850961685, 124.563835144, 376.986694336, 428.067138672, 291.539520264, 172.685562134], [320.573730469, 23.504989624, -38.6684265137, -144.311233521, -50.6978797913, -94.2764663696, -88.5760498047, -155.160568237, -111.178924561, 123.812675476, 291.539520264, 373.746612549, 270.452423096], [-319.380004883, -124.464637756, 2.90218830109, -95.6427459717, -148.554275513, -159.166915894, -234.240615845, -289.911651611, -243.189941406, -22.8303909302, 172.685562134, 270.452423096, 373.00402832]], "icov": [[9.43806226132e-05, -7.98011751613e-05, 0.00018264343089, -0.000185256940313, 0.000122448560433, 5.79053485126e-05, -2.04290663532e-05, -0.0002458600502, 0.00026842567604, -0.000190547216334, 5.8105430071e-05, -0.000241444358835, 0.000186323930393], [-7.98011751613e-05, 0.000453266809927, -0.000686996907461, 0.000573920086026, -9.49465829763e-05, -0.000322320789564, -0.000218627377762, 0.000603595632128, -0.000630039721727, 0.000324249267578, -0.000403623038437, 0.000376860116376, -8.54014870129e-05], [0.00018264343089, -0.000686996907461, 0.00250151846558, -0.0013621787075, -0.000202549024834, 0.00152803608216, -0.00031611128361, -0.000983965699561, 0.00139135867357, -0.000482680130517, 0.000649650814012, -0.000532850855961, 0.000129670501337], [-0.000185256940313, 0.000573920086026, -0.0013621787075, 0.00325676403008, -0.00107916200068, -0.001226913766, 0.000330414623022, 0.00120740721468, -0.00248075998388, 0.00126448960509, -0.000450446357718, 0.00156935956329, -0.00139820016921], [0.000122448560433, -9.49465829763e-05, -0.000202549024834, -0.00107916200068, 0.00543182063848, -0.00218016840518, -0.00105172058102, -0.000454785331385, 0.00117481488269, -0.00273246900178, 0.000786725664511, -0.000692012952641, 0.00075331737753], [5.79053485126e-05, -0.000322320789564, 0.00152803608216, -0.001226913766, -0.00218016840518, 0.00641369866207, -0.00347793288529, -0.000186746634427, -0.00112724700011, 0.00381564022973, -0.00373304728419, 0.00233875634149, -0.00131404248532], [-2.04290663532e-05, -0.000218627377762, -0.00031611128361, 0.000330414623022, -0.00105172058102, -0.00347793288529, 0.0100108785555, -0.00665349233896, 0.0041947090067, -0.00358918588609, 0.00433633290231, -0.00425866199657, 0.00280456757173], [-0.0002458600502, 0.000603595632128, -0.000983965699561, 0.00120740721468, -0.000454785331385, -0.000186746634427, -0.00665349233896, 0.0119217569008, -0.0080735636875, 0.00451865838841, -0.00284044607542, 0.00222908938304, -0.000153382919962], [0.00026842567604, -0.000630039721727, 0.00139135867357, -0.00248075998388, 0.00117481488269, -0.00112724700011, 0.0041947090067, -0.0080735636875, 0.0109440488741, -0.00790872983634, 0.00408334191889, -0.00240633101203, 0.00222423579544], [-0.000190547216334, 0.000324249267578, -0.000482680130517, 0.00126448960509, -0.00273246900178, 0.00381564022973, -0.00358918588609, 0.00451865838841, -0.00790872983634, 0.0113018760458, -0.00946113746613, 0.00430100504309, -0.00113186403178], [5.8105430071e-05, -0.000403623038437, 0.000649650814012, -0.000450446357718, 0.000786725664511, -0.00373304728419, 0.00433633290231, -0.00284044607542, 0.00408334191889, -0.00946113746613, 0.0160474497825, -0.00992202479392, 0.000878310471307], [-0.000241444358835, 0.000376860116376, -0.000532850855961, 0.00156935956329, -0.000692012952641, 0.00233875634149, -0.00425866199657, 0.00222908938304, -0.00240633101203, 0.00430100504309, -0.00992202479392, 0.0146533185616, -0.00723064783961], [0.000186323930393, -8.54014870129e-05, 0.000129670501337, -0.00139820016921, 0.00075331737753, -0.00131404248532, 0.00280456757173, -0.000153382919962, 0.00222423579544, -0.00113186403178, 0.000878310471307, -0.00723064783961, 0.0100507028401]]}, "spectral_contrast_coeffs": {"dmean": [0.0522204972804, 0.0503258742392, 0.0449350737035, 0.0338756926358, 0.0234832335263, 0.0312619768083], "dmean2": [0.0854603201151, 0.0813399255276, 0.0734535232186, 0.0552656985819, 0.0392668321729, 0.0502365455031], "dvar": [0.0023017139174, 0.00261362479068, 0.00194391189143, 0.00111418904271, 0.000599881517701, 0.00120566028636], "dvar2": [0.00549765862525, 0.00646530790254, 0.0046294410713, 0.00261316634715, 0.00143171544187, 0.00270061334595], "max": [-0.176939189434, -0.215358301997, -0.351222753525, -0.562882006168, -0.699766337872, -0.549368441105], "mean": [-0.52775734663, -0.629074633121, -0.771922647953, -0.816509723663, -0.852962553501, -0.832145035267], "median": [-0.536883831024, -0.676423966885, -0.784357786179, -0.827521443367, -0.853313148022, -0.84650850296], "min": [-0.989677488804, -0.993183374405, -0.991515576839, -0.992675065994, -0.990414381027, -0.991515755653], "var": [0.0283028464764, 0.0324567630887, 0.00736705446616, 0.0047088698484, 0.00165768421721, 0.00475815404207]}, "spectral_contrast_valleys": {"dmean": [0.613533914089, 0.574858129025, 0.631090462208, 0.722746312618, 0.938865661621, 1.08177042007], "dmean2": [0.981763124466, 0.905371725559, 1.01439917088, 1.13736331463, 1.48426365852, 1.68051087856], "dvar": [0.344638615847, 0.415185987949, 0.575311362743, 0.811531424522, 1.4847394228, 1.64734184742], "dvar2": [0.71279245615, 0.892