{"lowlevel": {"average_loudness": 0.958544194698, "barkbands_crest": {"dmean": 3.4585518837, "dmean2": 5.43470478058, "dvar": 14.4084663391, "dvar2": 33.0429458618, "max": 26.9354400635, "mean": 18.9732093811, "median": 20.9426345825, "min": 2.03929185867, "var": 37.091053009}, "barkbands_flatness_db": {"dmean": 0.0733024701476, "dmean2": 0.100801333785, "dvar": 0.00581703288481, "dvar2": 0.0113427108154, "max": 1, "mean": 0.273458629847, "median": 0.251981645823, "min": 0.00671419547871, "var": 0.0253662653267}, "barkbands_kurtosis": {"dmean": 142.98336792, "dmean2": 237.904067993, "dvar": 92570.7734375, "dvar2": 257404.9375, "max": 6733.24902344, "mean": 162.612258911, "median": 34.8037757874, "min": -1.96883022785, "var": 106192.484375}, "barkbands_skewness": {"dmean": 4.14806556702, "dmean2": 6.30228471756, "dvar": 26.0244998932, "dvar2": 69.7707138062, "max": 69.849029541, "mean": 7.29115390778, "median": 5.14198684692, "min": -14.7796678543, "var": 51.9987220764}, "barkbands_spread": {"dmean": 14.6176691055, "dmean2": 22.4077186584, "dvar": 377.605651855, "dvar2": 836.376953125, "max": 138.617919922, "mean": 20.4291934967, "median": 7.55957221985, "min": 0.0298527441919, "var": 688.234436035}, "dissonance": {"dmean": 0.014832181856, "dmean2": 0.0248402766883, "dvar": 0.000407587271184, "dvar2": 0.00104602181818, "max": 0.500000119209, "mean": 0.477722853422, "median": 0.487010151148, "min": 0.0882420316339, "var": 0.000784295436461}, "dynamic_complexity": 3.65172791481, "erbbands_crest": {"dmean": 3.32867431641, "dmean2": 5.29566574097, "dvar": 13.4285898209, "dvar2": 30.924243927, "max": 27.7625217438, "mean": 9.24344444275, "median": 7.17792654037, "min": 1.98970842361, "var": 34.9358482361}, "erbbands_flatness_db": {"dmean": 0.0332598425448, "dmean2": 0.0481335408986, "dvar": 0.00172253255732, "dvar2": 0.0034636836499, "max": 0.593508601189, "mean": 0.125037446618, "median": 0.101462103426, "min": 0.0215695276856, "var": 0.00582118937746}, "erbbands_kurtosis": {"dmean": 8.40850639343, "dmean2": 13.5818452835, "dvar": 882.000610352, "dvar2": 2119.30517578, "max": 557.705444336, "mean": 7.59798812866, "median": 0.0676529407501, "min": -1.96228849888, "var": 1084.02844238}, "erbbands_skewness": {"dmean": 1.13721060753, "dmean2": 1.67386627197, "dvar": 2.3104994297, "dvar2": 4.88225126266, "max": 19.0589199066, "mean": 0.568934381008, "median": -0.00760673684999, "min": -4.69478130341, "var": 5.61190080643}, "erbbands_spread": {"dmean": 32.3525619507, "dmean2": 50.064617157, "dvar": 1107.82043457, "dvar2": 2550.58154297, "max": 234.733184814, "mean": 75.8949203491, "median": 68.3709106445, "min": 0.386388987303, "var": 2324.35644531}, "hfc": {"dmean": 32.8244628906, "dmean2": 49.5404319763, "dvar": 2459.32495117, "dvar2": 5871.83251953, "max": 475.904602051, "mean": 41.090423584, "median": 18.1561374664, "min": 1.15295054286e-16, "var": 3128.23754883}, "melbands_crest": {"dmean": 3.85999011993, "dmean2": 5.92115259171, "dvar": 18.2986240387, "dvar2": 39.651424408, "max": 39.9415130615, "mean": 27.1896514893, "median": 28.7758846283, "min": 1.00159955025, "var": 64.2615814209}, "melbands_flatness_db": {"dmean": 0.084006331861, "dmean2": 0.114790476859, "dvar": 0.00713388156146, "dvar2": 0.0141754914075, "max": 1, "mean": 0.372491180897, "median": 0.355843991041, "min": -8.62865601192e-09, "var": 0.0350408405066}, "melbands_kurtosis": {"dmean": 239.078018188, "dmean2": 361.386138916, "dvar": 150956.359375, "dvar2": 351123.71875, "max": 13292.5761719, "mean": 358.26763916, "median": 132.671112061, "min": -1.82447874546, "var": 323878.125}, "melbands_skewness": {"dmean": 4.97170686722, "dmean2": 7.46414804459, "dvar": 29.9749107361, "dvar2": 66.9417419434, "max": 100.648635864, "mean": 11.4384269714, "median": 8.99965953827, "min": -1.9766228199, "var": 79.4000473022}, "melbands_spread": {"dmean": 10.5284547806, "dmean2": 16.682559967, "dvar": 451.021087646, "dvar2": 1070.68518066, "max": 264.705413818, "mean": 14.4938192368, "median": 2.71594977379, "min": 0.0188328567892, "var": 875.067932129}, "pitch_salience": {"dmean": 0.116125680506, "dmean2": 0.178030997515, "dvar": 0.0161301270127, "dvar2": 0.0385098382831, "max": 0.9960283041, "mean": 0.281195104122, "median": 0.239722013474, "min": 0.00266635557637, "var": 0.0445747487247}, "silence_rate_20dB": {"dmean": 0.0109388148412, "dmean2": 0.0218789447099, "dvar": 0.0108210844919, "dvar2": 0.0319847166538, "max": 1, "mean": 0.994350612164, "median": 1, "min": 0, "var": 0.00561625836417}, "silence_rate_30dB": {"dmean": 0.140281289816, "dmean2": 0.280579417944, "dvar": 0.12059007585, "dvar2": 0.242573425174, "max": 1, "mean": 0.386561691761, "median": 0, "min": 0, "var": 0.237111598253}, "silence_rate_60dB": {"dmean": 0.0251232124865, "dmean2": 0.0502494424582, "dvar": 0.0244981031865, "dvar2": 0.0514361560345, "max": 1, "mean": 0.0872648581862, "median": 0, "min": 0, "var": 0.0796599835157}, "spectral_centroid": {"dmean": 631.03125, "dmean2": 950.921264648, "dvar": 501714.09375, "dvar2": 1129962.75, "max": 11249.0234375, "mean": 1515.10400391, "median": 1303.22302246, "min": 32.2060661316, "var": 1428403.875}, "spectral_complexity": {"dmean": 6.93556928635, "dmean2": 10.0525331497, "dvar": 92.7001342773, "dvar2": 159.34588623, "max": 67, "mean": 12.0564336777, "median": 5, "min": 0, "var": 227.098922729}, "spectral_decrease": {"dmean": 1.39854625658e-08, "dmean2": 2.21544613765e-08, "dvar": 2.98590072396e-16, "dvar2": 8.99222035266e-16, "max": 1.57327886829e-10, "mean": -3.05572029902e-08, "median": -2.92131030477e-08, "min": -1.25445211552e-07, "var": 5.13668837181e-16}, "spectral_energy": {"dmean": 0.0533185526729, "dmean2": 0.0846038013697, "dvar": 0.00423911446705, "dvar2": 0.0128835309297, "max": 0.476329237223, "mean": 0.119057014585, "median": 0.115895390511, "min": 1.03154971927e-20, "var": 0.00732359755784}, "spectral_energyband_high": {"dmean": 0.00341188325547, "dmean2": 0.00524792075157, "dvar": 3.33042844431e-05, "dvar2": 8.16097526695e-05, "max": 0.0535881817341, "mean": 0.00338088278659, "median": 0.000728654849809, "min": 7.37964740625e-21, "var": 3.49705806002e-05}, "spectral_energyband_low": {"dmean": 0.0534990504384, "dmean2": 0.0841807872057, "dvar": 0.00439302204177, "dvar2": 0.0131295649335, "max": 0.475221008062, "mean": 0.109050035477, "median": 0.100182116032, "min": 1.25809960545e-22, "var": 0.00748053193092}, "spectral_energyband_middle_high": {"dmean": 0.00172580662183, "dmean2": 0.00255947676487, "dvar": 1.38488821904e-05, "dvar2": 2.39370747295e-05, "max": 0.106855466962, "mean": 0.00264470931143, "median": 0.000396224408178, "min": 1.53377440728e-21, "var": 5.90545059822e-05}, "spectral_energyband_middle_low": {"dmean": 0.00403033522889, "dmean2": 0.00679960334674, "dvar": 7.60274342611e-05, "dvar2": 0.000204329597182, "max": 0.113641127944, "mean": 0.00476681673899, "median": 0.00191245623864, "min": 2.04840482033e-22, "var": 6.74511829857e-05}, "spectral_entropy": {"dmean": 0.431266456842, "dmean2": 0.624550938606, "dvar": 0.38149663806, "dvar2": 0.788241147995, "max": 9.80461788177, "mean": 7.73590183258, "median": 8.13959789276, "min": 2.33272457123, "var": 1.07988190651}, "spectral_flux": {"dmean": 0.0646284297109, "dmean2": 0.101719357073, "dvar": 0.00470086792484, "dvar2": 0.0121362609789, "max": 0.599566459656, "mean": 0.145573765039, "median": 0.125783860683, "min": 1.01565235389e-10, "var": 0.0106825595722}, "spectral_kurtosis": {"dmean": 5.7567448616, "dmean2": 9.60822296143, "dvar": 2096.68823242, "dvar2": 5701.83154297, "max": 2029.4005127, "mean": 7.13261795044, "median": 1.60505914688, "min": -1.20864391327, "var": 1939.29260254}, "spectral_rms": {"dmean": 0.00236895540729, "dmean2": 0.00362495426089, "dvar": 6.28349471299e-06, "dvar2": 1.86783818208e-05, "max": 0.0215571671724, "mean": 0.00976107828319, "median": 0.0106333754957, "min": 3.17236493151e-12, "var": 2.08743858821e-05}, "spectral_rolloff": {"dmean": 1036.85913086, "dmean2": 1763.17260742, "dvar": 4884563.5, "dvar2": 10617909, "max": 21016.40625, "mean": 1440.28881836, "median": 86.1328125, "min": 21.533203125, "var": 10657406}, "spectral_skewness": {"dmean": 0.489984601736, "dmean2": 0.740599036217, "dvar": 1.67277312279, "dvar2": 3.91918253899, "max": 39.9829444885, "mean": 1.51991271973, "median": 1.11731469631, "min": -0.0194519478828, "var": 3.30741262436}, "spectral_spread": {"dmean": 1395415.375, "dmean2": 2065349.125, "dvar": 2367812534270.0, "dvar2": 4486223888380.0, "max": 40124400, "mean": 7738826.5, "median": 7642755, "min": 95258.0234375, "var": 7807540658180.0}, "spectral_strongpeak": {"dmean": 0.250865787268, "dmean2": 0.391730248928, "dvar": 0.272072345018, "dvar2": 0.762752234936, "max": 11.1191959381, "mean": 0.676110982895, "median": 0.654903769493, "min": 0, "var": 0.401687294245}, "zerocrossingrate": {"dmean": 0.0247894451022, "dmean2": 0.0293631460518, "dvar": 0.00111004710197, "dvar2": 0.00167603907175, "max": 0.85546875, "mean": 0.0583483614028, "median": 0.029296875, "min": 0, "var": 0.00746837211773}, "barkbands": {"dmean": [0.00432273279876, 0.0505617409945, 0.00618691090494, 0.00210606725886, 0.00147402589209, 0.0004806429788, 0.000299408216961, 0.000225261319429, 0.000218216737267, 0.000162874304806, 0.000159176721354, 0.000182217292604, 0.000240764871705, 0.000189593672985, 0.000349269947037, 0.000192200808669, 0.000195729371626, 0.000257962237811, 0.000256584404269, 0.00029980627005, 0.000474524800666, 0.000488902500365, 0.000739093346056, 0.00070195941953, 0.000545128714293, 0.000338429730618, 0.000136595554068], "dmean2": [0.00628021871671, 0.0792988836765, 0.0103167556226, 0.00365475937724, 0.00255520502105, 0.000849473522976, 0.000516694912221, 0.000352976523573, 0.000355267315172, 0.000266014510999, 0.00026821353822, 0.000299352948787, 0.000370918831322, 0.000308135495288, 0.000582296750508, 0.000294445664622, 0.000309818598907, 0.000395283452235, 0.0003911620297, 0.00046988792019, 0.000777820299845, 0.000774810789153, 0.0012138185557, 0.00111644854769, 0.000857326143887, 0.000498929002788, 0.000203126925044], "dvar": [5.26580734004e-05, 0.00412976648659, 0.00021081865998, 2.13425355469e-05, 1.03115025922e-05, 1.23174015698e-06, 5.54099528927e-07, 3.57751076763e-07, 3.53160231725e-07, 1.61147468702e-07, 2.16218609239e-07, 5.56578186206e-07, 1.45931392126e-06, 3.5347986227e-07, 3.33418574883e-06, 2.30562051229e-07, 2.18591353018e-07, 3.84169311474e-07, 3.49389864596e-07, 3.54641770173e-07, 1.14579097499e-06, 7.92921980519e-07, 2.3667168989e-06, 1.54894496518e-06, 9.21482751437e-07, 3.77037196131e-07, 8.93041658401e-08], "dvar2": [0.00011949542386, 0.0123010855168, 0.000519892491866, 5.9011279518e-05, 2.74506110145e-05, 3.4409761156e-06, 1.45781632455e-06, 7.34202444619e-07, 8.36972390061e-07, 4.05733203479e-07, 5.0071912483e-07, 1.46618856434e-06, 3.56150007974e-06, 7.52271205329e-07, 8.58646762936e-06, 5.28724456217e-07, 5.02038517425e-07, 8.06192190339e-07, 7.46991929645e-07, 8.03554144113e-07, 3.04114109895e-06, 1.94459153136e-06, 6.27538702247e-06, 3.87090040022e-06, 2.21394611799e-06, 8.20642299004e-07, 2.01369317665e-07], "max": [0.135254025459, 0.470157176256, 0.202702999115, 0.0577903613448, 0.0497362166643, 0.0147341294214, 0.0120589341968, 0.0126788178459, 0.0109993675724, 0.00957168918103, 0.0095162698999, 0.0178352221847, 0.0340629555285, 0.0150832142681, 0.0492132939398, 0.0100499084219, 0.00901028607041, 0.0114982575178, 0.0122636882588, 0.0105225089937, 0.0122204404324, 0.00849358551204, 0.0140170529485, 0.0121163176373, 0.0120732188225, 0.00606854679063, 0.00457944208756], "mean": [0.00956962350756, 0.0921386629343, 0.00658254604787, 0.00204877881333, 0.00156297069043, 0.000412995897932, 0.000245035218541, 0.000239315384533, 0.00022072417778, 0.00016790124937, 0.000163996708579, 0.000188238700503, 0.000271001365036, 0.000194316889974, 0.000461247691419, 0.000228135511861, 0.000233324375586, 0.00027182669146, 0.000318698264891, 0.00031965287053, 0.000442061311333, 0.000478437345009, 0.000633581308648, 0.000685117207468, 0.000522169808391, 0.00032907287823, 0.000127375300508], "median": [0.00458227936178, 0.0805466622114, 0.00172130158171, 0.000571922049858, 0.000485392927658, 8.15292660263e-05, 2.6730240279e-05, 2.89956697088e-05, 1.95290649572e-05, 1.77188649104e-05, 1.38597188197e-05, 1.65172350535e-05, 2.02382634598e-05, 2.0301731638e-05, 2.37932945311e-05, 2.80934727925e-05, 2.5855806598e-05, 3.0712246371e-05, 4.27166996815e-05, 5.48890602659e-05, 7.18017181498e-05, 9.3182476121e-05, 9.15303317015e-05, 0.00014267404913, 9.92898712866e-05, 4.42881282652e-05, 9.3908593044e-06], "min": [2.27412238e-23, 7.13659426215e-23, 2.75353382026e-23, 8.43215945946e-24, 2.58606101666e-23, 4.37082836469e-23, 4.30048626887e-23, 3.51460568014e-23, 4.25408357715e-23, 3.40155370827e-23, 1.02274427967e-22, 5.23211616735e-23, 6.8768425609e-23, 1.01314870183e-22, 1.47302280271e-22, 1.71646742376e-22, 1.76735867091e-22, 2.12555099924e-22, 3.13018972206e-22, 2.80883303282e-22, 4.31963419495e-22, 5.14911701917e-22, 5.3743879258e-22, 9.3244439421e-22, 1.11312580276e-21, 1.70648935567e-21, 2.21680950847e-21], "var": [0.000201607617782, 0.00639646872878, 0.000235697225435, 1.68377773662e-05, 9.83626432571e-06, 9.16577562293e-07, 4.35351637407e-07, 6.2437197812e-07, 4.56638133528e-07, 1.84424976624e-07, 2.85989017357e-07, 6.335773719e-07, 2.11955239138e-06, 5.09882056576e-07, 6.33184527032e-06, 4.60186754481e-07, 4.00227605724e-07, 5.27738677647e-07, 6.76955096424e-07, 4.3365679403e-07, 9.44465114117e-07, 7.95696337264e-07, 1.95668712877e-06, 1.54718304657e-06, 1.02790636447e-06, 4.4307682856e-07, 9.58797414796e-08]}, "erbbands": {"dmean": [2.17796444893, 9.20150756836, 7.95886039734, 7.25943946838, 5.17661857605, 4.86500787735, 5.9745965004, 3.59936833382, 4.04365205765, 4.27608013153, 5.42642688751, 5.41208410263, 3.80051112175, 6.34349775314, 5.27785873413, 7.87659311295, 10.1673536301, 9.15946578979, 12.556555748, 16.8975734711, 10.032793045, 10.5591306686, 12.6496839523, 14.2496519089, 12.8361673355, 14.9490375519, 15.701133728, 19.7105560303, 15.7153177261, 21.7483654022, 20.9751224518, 15.1233510971, 11.6571941376, 6.8367099762, 3.43576717377, 1.59666287899, 0.598506033421, 0.158302143216, 0.0227572675794, 0.0013075202005], "dmean2": [3.27371072769, 15.0308456421, 13.1957387924, 12.3992061615, 9.07325935364, 8.42796707153, 10.3591709137, 6.45072937012, 7.08709955215, 7.32190513611, 8.38582420349, 8.85475826263, 6.24792432785, 10.0532197952, 8.36939334869, 12.8860702515, 15.4466085434, 14.469119072, 19.7760372162, 26.8457660675, 15.1362390518, 16.5775279999, 19.3572978973, 21.850605011, 19.802324295, 23.7165851593, 25.4136161804, 32.3169670105, 24.6256713867, 35.1552085876, 34.293598175, 24.075712204, 18.6640262604, 10.8208799362, 5.37096214294, 2.42011213303, 0.881129860878, 0.231989711523, 0.0337816812098, 0.00203014095314], "dvar": [6.00719165802, 187.051361084, 231.870910645, 235.601959229, 159.61857605, 105.911636353, 212.373291016, 86.4779586792, 114.696853638, 130.369293213, 202.117126465, 235.694259644, 77.554725647, 346.586364746, 140.770935059, 1296.79711914, 2176.6706543, 584.898071289, 2111.72802734, 5796.75830078, 566.989135742, 597.131469727, 792.530761719, 1298.50158691, 762.821899414, 893.489868164, 1060.69250488, 1798.86877441, 840.882507324, 1871.60229492, 1790.56835938, 764.726867676, 418.41192627, 146.438644409, 38.7310295105, 10.1724843979, 1.13665127754, 0.0851506516337, 0.00236538308673, 1.25221331473e-05], "dvar2": [16.7142353058, 560.943359375, 584.960693359, 637.098999023, 424.080352783, 290.449676514, 583.747131348, 246.763397217, 310.575653076, 341.36907959, 372.939605713, 556.506469727, 187.03742981, 793.205322266, 342.023986816, 3407.71655273, 5187.13720703, 1263.4543457, 5086.39111328, 16123.2509766, 1228.87255859, 1306.1484375, 1664.18078613, 2893.54736328, 1682.89343262, 2076.06884766, 2620.89208984, 4735.64892578, 2086.78930664, 4811.92333984, 4760.76171875, 1902.08703613, 1056.91003418, 351.388946533, 94.6872329712, 24.3075809479, 2.35324025154, 0.183720871806, 0.00524582434446, 3.02307944366e-05], "max": [19.0983867645, 101.780326843, 216.388031006, 160.909576416, 220.28805542, 116.20980072, 221.483444214, 153.820999146, 138.39289856, 266.418334961, 332.694366455, 325.660247803, 127.326721191, 522.922546387, 237.924285889, 892.526489258, 1356.15429688, 581.247070312, 1573.63562012, 1929.65197754, 648.666809082, 542.367614746, 561.170532227, 746.520751953, 637.449279785, 377.574462891, 445.184570312, 483.245819092, 294.651031494, 419.659118652, 335.718719482, 339.003814697, 196.944046021, 133.879089355, 97.4253387451, 47.0874252319, 11.1300163269, 2.85749697685, 0.754686236382, 0.0566676706076], "mean": [4.20108270645, 14.3580179214, 10.1226177216, 7.7702870369, 5.48240327835, 4.77761936188, 5.1313867569, 2.8987596035, 3.32640218735, 3.70133805275, 6.1123919487, 5.54408836365, 3.90808582306, 7.37056064606, 5.80586862564, 8.48344421387, 12.1239366531, 10.742398262, 16.9215335846, 21.2290287018, 12.6082496643, 12.6722078323, 14.0269832611, 16.8021335602, 15.4330806732, 15.4876737595, 16.1924819946, 17.8846378326, 15.4091806412, 19.7801532745, 18.0777339935, 14.6589431763, 11.107380867, 6.44455337524, 3.34243559837, 1.51571416855, 0.584100544453, 0.15167863667, 0.0214771814644, 0.00126543361694], "median": [3.53699302673, 10.5653982162, 4.12692117691, 2.55091667175, 1.61215031147, 1.46824502945, 0.921622693539, 0.531562030315, 0.379736453295, 0.471417993307, 0.687241911888, 0.514449954033, 0.467757791281, 0.615196108818, 0.610577106476, 0.810007989407, 0.976006448269, 1.11749732494, 1.30360841751, 1.45477342606, 1.59332001209, 1.48356866837, 1.59323680401, 1.97755336761, 2.37967610359, 2.5289888382, 2.80316853523, 2.91309833527, 3.18990254402, 3.27319979668, 2.56674313545, 2.53578090668, 2.44709897041, 1.24010205269, 0.627545833588, 0.235725566745, 0.0712547674775, 0.0167837422341, 0.00151832378469, 0.00025484818616], "min": [4.18926105904e-21, 7.8802605057e-21, 3.04221778154e-20, 2.89496606158e-20, 1.75591880949e-20, 8.22906802973e-20, 4.238675084e-19, 2.87887597695e-19, 4.3443835964e-19, 9.20441607703e-19, 5.45774078355e-19, 8.33633810403e-19, 1.01606895979e-18, 3.64280953268e-18, 2.65320021953e-18, 1.8953547131e-18, 3.11548913001e-18, 5.52977022373e-18, 5.70429127091e-18, 8.71050798084e-18, 8.79771763282e-18, 1.08035718884e-17, 1.06767700636e-17, 1.23322546e-17, 1.81685920208e-17, 1.12062814609e-17, 1.72404589776e-17, 1.5648999875e-17, 1.85153461336e-17, 1.5328414448e-17, 1.68679414974e-17, 2.21445580578e-17, 1.40387290309e-17, 1.05296659178e-17, 8.02067574592e-18, 6.03847306556e-18, 3.55181925171e-18, 1.28266213678e-18, 2.64132262972e-19, 3.43231551219e-20], "var": [13.1863574982, 236.704360962, 291.753723145, 214.146072388, 164.003097534, 88.5912704468, 159.297210693, 56.7931137085, 84.3793640137, 107.111839294, 414.426147461, 311.694061279, 85.469871521, 532.499572754, 206.872512817, 1442.3380127, 3685.68286133, 1378.08044434, 5746.76855469, 10094.7978516, 1503.05200195, 1061.1673584, 1192.27148438, 2460.55053711, 1120.55651855, 1029.05786133, 1114.94909668, 1479.96472168, 830.833984375, 1694.5994873, 1490.05053711, 766.535766602, 403.507080078, 155.946746826, 43.6320610046, 10.4772338867, 1.3908957243, 0.100142359734, 0.0026353218127, 1.14023341666e-05]}, "gfcc": {"mean": [-43.8643455505, 38.0147171021, -42.7018203735, 62.0546264648, -23.5782337189, 35.9360275269, -18.1207923889, 16.4743518829, -12.7443494797, 8.77889728546, -8.58542442322, 4.07577133179, -5.38933801651], "cov": [[25609.7910156, -1867.9083252, -1415.57470703, 861.329772949, -1761.09008789, 374.501861572, -988.065917969, 458.333740234, -503.264526367, 284.378936768, -661.825134277, 160.396530151, -517.401000977], [-1867.9083252, 2447.78833008, 603.959350586, -7.994140625, 486.779022217, 20.5909996033, 321.765960693, -67.7430877686, 59.0014762878, -179.621520996, 117.615409851, -121.677764893, 135.761032104], [-1415.57470703, 603.959350586, 2013.89660645, 516.05871582, 362.404998779, 55.3855133057, 188.80140686, -42.7996025085, 51.7999572754, -61.974407196, -80.9283981323, -15.2481431961, -24.4510746002], [861.329772949, -7.994140625, 516.05871582, 834.342285156, 147.359863281, 209.699050903, -9.97790145874, 13.2864332199, 22.4701957703, 13.553024292, -1.35358214378, -9.75383472443, -7.62657690048], [-1761.09008789, 486.779022217, 362.404998779, 147.359863281, 652.63494873, 100.577804565, 209.029434204, -50.0213050842, 72.7997589111, -3.02763915062, 122.33165741, -12.8755750656, 72.9526290894], [374.501861572, 20.5909996033, 55.3855133057, 209.699050903, 100.577804565, 271.675750732, 91.4122924805, 91.8290405273, 48.5005531311, 45.0530662537, 24.2942218781, 18.0758476257, 5.93847179413], [-988.065917969, 321.765960693, 188.80140686, -9.97790145874, 209.029434204, 91.4122924805, 257.542877197, 65.3502655029, 93.6803283691, 5.6412115097, 68.3898696899, -12.8888206482, 38.8415298462], [458.333740234, -67.7430877686, -42.7996025085, 13.2864332199, -50.0213050842, 91.8290405273, 65.3502655029, 149.682830811, 53.6188964844, 47.4363098145, -1.95487225056, 20.8834285736, -8.24911594391], [-503.264526367, 59.0014762878, 51.7999572754, 22.4701957703, 72.7997589111, 48.5005531311, 93.6803283691, 53.6188964844, 136.648300171, 37.2235107422, 66.8743743896, 1.56552481651, 29.9250888824], [284.378936768, -179.621520996, -61.974407196, 13.553024292, -3.02763915062, 45.0530662537, 5.6412115097, 47.4363098145, 37.2235107422, 109.996864319, 37.4236526489, 38.1780281067, -4.04251432419], [-661.825134277, 117.615409851, -80.9283981323, -1.35358214378, 122.33165741, 24.2942218781, 68.3898696899, -1.95487225056, 66.8743743896, 37.4236526489, 121.044334412, 14.768535614, 53.285949707], [160.396530151, -121.677764893, -15.2481431961, -9.75383472443, -12.8755750656, 18.0758476257, -12.8888206482, 20.8834285736, 1.56552481651, 38.1780281067, 14.768535614, 61.702419281, 17.3134288788], [-517.401000977, 135.761032104, -24.4510746002, -7.62657690048, 72.9526290894, 5.93847179413, 38.8415298462, -8.24911594391, 29.9250888824, -4.04251432419, 53.285949707, 17.3134288788, 73.9022293091]], "icov": [[7.59135800763e-05, -5.63114554097e-05, 7.93634389993e-05, -0.000128178289742, 8.95267730812e-05, -4.43352619186e-05, 0.000117522213259, -0.000137327631819, 8.71731317602e-05, -0.000181472729309, 0.000277988641756, -0.000246452487772, 0.000298122235108], [-5.63114554097e-05, 0.000793317332864, -0.000329436763423, 0.000312391115585, -0.000191422164789, -0.000129633102915, -0.00032140588155, -0.000266409828328, 0.000571858487092, 0.000907079607714, -0.00109691813122, 0.00177877722308, -0.00139754125848], [7.93634389993e-05, -0.000329436763423, 0.00114753399976, -0.00092402275186, -0.000229337078054, 0.000657515716739, -0.00104227871634, 0.000870279327501, -0.00103457213845, -0.000249666132731, 0.00253541884013, -0.00228333333507, 0.00137571024243], [-0.000128178289742, 0.000312391115585, -0.00092402275186, 0.0025129225105, -0.000369409041014, -0.00204889080487, 0.0016877426533, -0.000205451709917, 0.000159875155077, 0.000443280761829, -0.00173841475043, 0.00256183068268, -0.00128554215189], [8.95267730812e-05, -0.000191422164789, -0.000229337078054, -0.000369409041014, 0.00326278503053, -0.00089666841086, -0.00186857406516, 0.00201405189, 0.000605665496551, -0.000607822556049, -0.00155272928532, -5.89067021792e-05, -0.000222599934204], [-4.43352619186e-05, -0.000129633102915, 0.000657515716739, -0.00204889080487, -0.00089666841086, 0.00739627983421, -0.00227010250092, -0.00278194434941, 7.30914098312e-06, -0.000832248013467, 0.00115372182336, -0.00215499312617, 0.000731756095774], [0.000117522213259, -0.00032140588155, -0.00104227871634, 0.0016877426533, -0.00186857406516, -0.00227010250092, 0.0110090598464, -0.00552173843607, -0.00145941996016, 0.00136174738873, -0.00335196312517, 0.00377246714197, -0.000934425392188], [-0.000137327631819, -0.000266409828328, 0.000870279327501, -0.000205451709917, 0.00201405189, -0.00278194434941, -0.00552173843607, 0.0159518867731, -0.00557131273672, -0.00331530836411, 0.00597408041358, -0.00500372936949, 0.00165212654974], [8.71731317602e-05, 0.000571858487092, -0.00103457213845, 0.000159875155077, 0.000605665496551, 7.30914098312e-06, -0.00145941996016, -0.00557131273672, 0.0158338900656, -0.00244312291034, -0.00782707240433, 0.00637316098437, -0.00361403846182], [-0.000181472729309, 0.000907079607714, -0.000249666132731, 0.000443280761829, -0.000607822556049, -0.000832248013467, 0.00136174738873, -0.00331530836411, -0.00244312291034, 0.0193294882774, -0.00873357523233, -0.00792553741485, 0.00680798431858], [0.000277988641756, -0.00109691813122, 0.00253541884013, -0.00173841475043, -0.00155272928532, 0.00115372182336, -0.00335196312517, 0.00597408041358, -0.00782707240433, -0.00873357523233, 0.0264330022037, -0.0047437758185, -0.00676664104685], [-0.000246452487772, 0.00177877722308, -0.00228333333507, 0.00256183068268, -5.89067021792e-05, -0.00215499312617, 0.00377246714197, -0.00500372936949, 0.00637316098437, -0.00792553741485, -0.0047437758185, 0.0334457531571, -0.0152234369889], [0.000298122235108, -0.00139754125848, 0.00137571024243, -0.00128554215189, -0.000222599934204, 0.000731756095774, -0.000934425392188, 0.00165212654974, -0.00361403846182, 0.00680798431858, -0.00676664104685, -0.0152234369889, 0.0296261571348]]}, "melbands": {"dmean": [0.0164866875857, 0.00620142417029, 0.00118821847718, 0.000333639211021, 0.000217889872147, 8.24914532132e-05, 6.17765253992e-05, 4.5630538807e-05, 4.51857413282e-05, 3.14910794259e-05, 1.88402918866e-05, 2.57264400716e-05, 1.95673856069e-05, 1.92945626623e-05, 1.77108922799e-05, 2.8047052183e-05, 1.6850512111e-05, 1.94016683963e-05, 3.4018412407e-05, 1.52729262481e-05, 1.19110090964e-05, 1.12903026093e-05, 1.14990343718e-05, 1.20379600048e-05, 1.19276965052e-05, 9.42607948673e-06, 1.0147692592e-05, 9.85000224318e-06, 8.23108439363e-06, 1.2538836927e-05, 1.13765618153e-05, 8.22632864583e-06, 1.09292750494e-05, 1.27807261379e-05, 1.26160912259e-05, 1.07094747364e-05, 8.63854438649e-06, 8.86122688826e-06, 6.57699865769e-06, 5.57178827876e-06], "dmean2": [0.0254946760833, 0.0101635949686, 0.00203058961779, 0.000584429595619, 0.000373817776563, 0.000147526341607, 0.000107295614725, 7.80768823461e-05, 7.13365952834e-05, 5.18477136211e-05, 3.10144132527e-05, 4.12752524426e-05, 3.25013970723e-05, 3.18790407619e-05, 2.83065837721e-05, 4.34676658188e-05, 2.66482365987e-05, 3.21438637911e-05, 5.75391968596e-05, 2.31867488765e-05, 1.81044269993e-05, 1.76824760274e-05, 1.7977978132e-05, 1.85124044947e-05, 1.84698892554e-05, 1.4744060536e-05, 1.58356415341e-05, 1.57511567522e-05, 1.31449005494e-05, 2.09385161725e-05, 1.87930309039e-05, 1.28933543238e-05, 1.75268251041e-05, 2.09772388189e-05, 2.09275549423e-05, 1.73623066075e-05, 1.37831575557e-05, 1.43261449921e-05, 1.04834716694e-05, 8.90928549779e-06], "dvar": [0.000392133340938, 8.51030054037e-05, 6.5711865318e-06, 5.97604525865e-07, 2.61587871364e-07, 4.31775006859e-08, 2.50254785783e-08, 1.46465737316e-08, 1.45041276767e-08, 7.72860708764e-09, 1.94309879298e-09, 5.55540857761e-09, 2.35668018433e-09, 6.05602457071e-09, 4.70819427889e-09, 2.26643166457e-08, 2.07737538283e-09, 5.23383114626e-09, 4.6154088551e-08, 1.81436876634e-09, 1.02638819666e-09, 8.17555467769e-10, 5.28771193498e-10, 9.72282809819e-10, 9.79599068529e-10, 4.47487685795e-10, 4.47463704978e-10, 4.04126815345e-10, 2.50194365226e-10, 9.76674741082e-10, 5.15417764024e-10, 2.28570273819e-10, 4.43050263144e-10, 7.62510499186e-10, 6.66283916928e-10, 4.56351317846e-10, 2.58152943466e-10, 2.5327095976e-10, 1.30655167241e-10, 1.11425507709e-10], "dvar2": [0.00114792550448, 0.00024059820862, 1.77460260602e-05, 1.65219728387e-06, 7.04820593e-07, 1.22787554346e-07, 6.69987514357e-08, 3.75140167819e-08, 2.76395262233e-08, 1.83427673051e-08, 4.68887018101e-09, 1.28463399918e-08, 5.67238522819e-09, 1.58083839352e-08, 1.30292105993e-08, 5.32230401973e-08, 4.57664617315e-09, 1.38174618414e-08, 1.27002152794e-07, 3.56387075406e-09, 2.22529572547e-09, 1.87583815148e-09, 1.1670296951e-09, 2.02439354169e-09, 2.21756746299e-09, 1.03349218072e-09, 9.86350778831e-10, 9.54997636526e-10, 5.58314006138e-10, 2.66373034741e-09, 1.33104471889e-09, 5.69316982446e-10, 1.10201059389e-09, 2.01377314824e-09, 1.79475279083e-09, 1.18713183728e-09, 6.33571972664e-10, 6.46037223717e-10, 3.26443816423e-10, 2.6608176773e-10], "max": [0.138522997499, 0.0927810072899, 0.028646454215, 0.0124217504635, 0.00747423572466, 0.0031639651861, 0.00188494822942, 0.00244475342333, 0.00312838936225, 0.00183330243453, 0.000625950575341, 0.00211510714144, 0.000929391419049, 0.00189950712956, 0.00181836402044, 0.00456812838092, 0.000972364505287, 0.00218676542863, 0.00543347932398, 0.00105364294723, 0.000911565672141, 0.000718798255548, 0.000322186300764, 0.000670991314109, 0.000713156943675, 0.000512485858053, 0.000396267307224, 0.000237316489802, 0.000314120727126, 0.00040340074338, 0.000247719843173, 0.000162816126249, 0.000212407045183, 0.000282807130134, 0.000218459201278, 0.000167967213201, 0.00020772559219, 0.000156425609021, 0.000134834263008, 0.000134238696774], "mean": [0.0307889338583, 0.00974642019719, 0.00129113346338, 0.000349715148332, 0.000191492596059, 6.70688750688e-05, 5.11601065227e-05, 4.14266651205e-05, 5.11068574269e-05, 3.18416059599e-05, 1.86364359251e-05, 2.95884128718e-05, 2.05419582926e-05, 1.97263198061e-05, 2.09715381061e-05, 3.05677713186e-05, 1.81309023901e-05, 2.22303915507e-05, 4.03804951929e-05, 1.84511864063e-05, 1.41116970553e-05, 1.33795192596e-05, 1.25739761643e-05, 1.26539353005e-05, 1.38524874274e-05, 1.12347897812e-05, 1.11059998744e-05, 9.9424896689e-06, 9.03023010324e-06, 1.14453669084e-05, 1.01265432022e-05, 8.14930172055e-06, 1.02146914287e-05, 1.12332845674e-05, 1.05805038402e-05, 9.6517151178e-06, 8.46949933475e-06, 8.285007425e-06, 6.18261128693e-06, 5.20700541529e-06], "median": [0.0269054118544, 0.00631461013108, 0.000409802043578, 0.000117975854664, 3.82266298402e-05, 1.17041108751e-05, 5.66700236959e-06, 5.2669724937e-06, 5.38089989277e-06, 2.92360891763e-06, 2.20266861106e-06, 2.46114814217e-06, 1.99242231247e-06, 1.9622129912e-06, 1.8226909333e-06, 2.14151191358e-06, 1.88730336959e-06, 1.92913012143e-06, 1.74532874553e-06, 1.96583641809e-06, 1.78698201125e-06, 1.50839764501e-06, 1.32063382807e-06, 1.45113131111e-06, 1.54120846219e-06, 1.603317628e-06, 1.8601008378e-06, 1.54972076416e-06, 1.60268598393e-06, 1.88789499589e-06, 1.59609635375e-06, 1.68223084529e-06, 1.88860212802e-06, 1.73000739778e-06, 1.47804280459e-06, 1.48916444687e-06, 1.47694186126e-06, 1.68562246472e-06, 1.43416502851e-06, 9.10073651994e-07], "min": [2.7506128261e-23, 1.33466556139e-23, 4.82836319322e-24, 2.33828351398e-24, 1.27202811225e-23, 6.77687053393e-24, 7.17729475169e-24, 1.03309224148e-23, 3.95032195709e-24, 5.88449963946e-24, 4.66563026037e-24, 1.34746530289e-23, 1.08954691439e-23, 5.8612534863e-24, 4.69676502258e-24, 9.40361957613e-24, 9.92926047425e-24, 7.53813077379e-24, 1.2105771888e-23, 1.15718574167e-23, 1.02573335252e-23, 9.66620297249e-24, 1.46166680288e-23, 6.47535448531e-24, 9.79189139165e-24, 1.38561335409e-23, 1.1802834312e-23, 6.09411181489e-24, 1.03142782385e-23, 1.04236751023e-23, 9.16292785876e-24, 9.40678685267e-24, 1.12376541276e-23, 7.60011157512e-24, 9.50815784557e-24, 1.17009174273e-23, 1.45300290133e-23, 1.03843298758e-23, 9.33190344238e-24, 8.29169488667e-24], "var": [0.00068314227974, 0.000126136772451, 5.97789357926e-06, 5.33210084086e-07, 2.06757064802e-07, 2.90778796597e-08, 1.90496436403e-08, 1.34102933202e-08, 2.91654291829e-08, 9.79860814709e-09, 2.07662331775e-09, 8.38590619168e-09, 3.20858628555e-09, 6.1047384925e-09, 7.26912396942e-09, 3.12683496873e-08, 3.57060203626e-09, 8.77373373953e-09, 6.17205770936e-08, 3.57401996887e-09, 2.18016316111e-09, 1.42400724545e-09, 7.52469031529e-10, 1.31817312621e-09, 1.84505954959e-09, 7.04753477798e-10, 5.61357016426e-10, 4.4216430517e-10, 3.31668581488e-10, 7.45288053494e-10, 4.39885544656e-10, 2.28508378886e-10, 4.1542591589e-10, 6.38856190172e-10, 5.30553212474e-10, 3.99477784185e-10, 2.62423999198e-10, 2.37354941257e-10, 1.25510560278e-10, 1.19988755043e-10]}, "mfcc": {"mean": [-704.129333496, 74.0545654297, 49.6484375, 43.7397270203, 32.6163635254, 29.1018714905, 19.9017658234, 16.7388248444, 12.6608295441, 11.7631206512, 6.93841600418, 6.61420059204, 4.97623538971], "cov": [[19102.1132812, -2001.04333496, -994.744934082, -476.078765869, -681.142028809, -518.854919434, -586.922851562, -282.076934814, -250.052825928, -51.7967071533, -173.285079956, -125.459793091, -163.544937134], [-2001.04333496, 2074.50268555, 313.898742676, 119.969711304, 141.768234253, 111.76374054, 262.728790283, 117.941848755, 101.280502319, -0.417546093464, 1.87105739117, -26.2997322083, 5.02480792999], [-994.744934082, 313.898742676, 1307.87158203, 525.010986328, 215.828460693, 186.838150024, 53.4540367126, 111.688163757, 87.4496536255, 17.4707107544, 7.69765472412, -10.6424665451, -40.4929924011], [-476.078765869, 119.969711304, 525.010986328, 551.053771973, 304.936950684, 218.886856079, 111.201179504, 58.2966537476, 27.1986789703, 17.4686832428, 15.1784954071, -1.49371445179, -10.2507362366], [-681.142028809, 141.768234253, 215.828460693, 304.936950684, 366.853393555, 235.895477295, 129.937744141, 59.3907318115, 27.7411212921, 22.6152553558, 23.2850646973, 13.4349813461, 24.2524528503], [-518.854919434, 111.76374054, 186.838150024, 218.886856079, 235.895477295, 257.618743896, 145.83164978, 78.4292526245, 46.7072143555, 41.8295402527, 41.3424453735, 32.7302055359, 28.130859375], [-586.922851562, 262.728790283, 53.4540367126, 111.201179504, 129.937744141, 145.83164978, 187.302047729, 93.1800689697, 60.7082176208, 44.6705818176, 43.7481803894, 27.4319133759, 28.3986988068], [-282.076934814, 117.941848755, 111.688163757, 58.2966537476, 59.3907318115, 78.4292526245, 93.1800689697, 132.988601685, 81.1914749146, 57.8190193176, 34.1691398621, 28.3605079651, 18.7449474335], [-250.052825928, 101.280502319, 87.4496536255, 27.1986789703, 27.7411212921, 46.7072143555, 60.7082176208, 81.1914749146, 98.6711502075, 58.7511367798, 41.9450645447, 32.6754112244, 22.1111087799], [-51.7967071533, -0.417546093464, 17.4707107544, 17.4686832428, 22.6152553558, 41.8295402527, 44.6705818176, 57.8190193176, 58.7511367798, 89.7535858154, 55.6110839844, 38.9233665466, 26.4856090546], [-173.285079956, 1.87105739117, 7.69765472412, 15.1784954071, 23.2850646973, 41.3424453735, 43.7481803894, 34.1691398621, 41.9450645447, 55.6110839844, 87.9928817749, 56.0729255676, 36.2276344299], [-125.459793091, -26.2997322083, -10.6424665451, -1.49371445179, 13.4349813461, 32.7302055359, 27.4319133759, 28.3605079651, 32.6754112244, 38.9233665466, 56.0729255676, 73.3332977295, 43.943031311], [-163.544937134, 5.02480792999, -40.4929924011, -10.2507362366, 24.2524528503, 28.130859375, 28.3986988068, 18.7449474335, 22.1111087799, 26.4856090546, 36.2276344299, 43.943031311, 63.6477775574]], "icov": [[6.57428827253e-05, 3.58610595868e-05, 5.73213546886e-05, -7.28074664949e-05, 0.000117171926831, -5.07423974341e-05, 0.000140819334774, -4.67123973067e-05, 5.57195817237e-05, -0.000127178675029, 7.45818542782e-05, 3.08363269141e-05, 8.93696051207e-05], [3.58610595868e-05, 0.00071888207458, -0.000230697594816, 0.00023402228544, -0.000190299178939, 0.000600537343416, -0.0014809431741, 0.000322428881191, -0.000524472212419, 0.000393051624997, 0.000179784416105, 0.000417919101892, -7.30095198378e-05], [5.73213546886e-05, -0.000230697594816, 0.00171144225169, -0.00182432483416, 0.000798908877186, -0.000941331265494, 0.00201519369148, -0.00115979532711, -0.00122096331324, 0.000761248113122, -0.000333658827003, 0.000176770510734, 0.000689820270054], [-7.28074664949e-05, 0.00023402228544, -0.00182432483416, 0.00561232212931, -0.00344324018806, -2.38334268943e-05, -0.00183935556561, 0.00104208185803, 0.00105374387931, -0.000623510975856, -0.000111289278721, -0.000196970780962, 0.00146675552242], [0.000117171926831, -0.000190299178939, 0.000798908877186, -0.00344324018806, 0.00929809547961, -0.00648502912372, 0.00103809637949, -0.000359080324415, 0.000368395383703, 0.000440644449554, 0.0002641355386, 0.00213918671943, -0.00270293769427], [-5.07423974341e-05, 0.000600537343416, -0.000941331265494, -2.38334268943e-05, -0.00648502912372, 0.0145929502323, -0.00734396232292, -2.37018848566e-05, 0.00084993179189, -0.000998087693006, 0.000488468678668, -0.00310584204271, 0.000510891492013], [0.000140819334774, -0.0014809431741, 0.00201519369148, -0.00183935556561, 0.00103809637949, -0.00734396232292, 0.0176400914788, -0.00718030752614, -0.000836465333123, 0.0012380683329, -0.00395748438314, 0.00276409531944, -0.00132157909684], [-4.67123973067e-05, 0.000322428881191, -0.00115979532711, 0.00104208185803, -0.000359080324415, -2.37018848566e-05, -0.00718030752614, 0.0206697136164, -0.0108157284558, -0.00479270750657, 0.00455050775781, -0.00219211215153, 0.0012231732253], [5.57195817237e-05, -0.000524472212419, -0.00122096331324, 0.00105374387931, 0.000368395383703, 0.00084993179189, -0.000836465333123, -0.0108157284558, 0.0272814910859, -0.00873742252588, -0.00179231131915, -0.0017539744731, -0.000990477856249], [-0.000127178675029, 0.000393051624997, 0.000761248113122, -0.000623510975856, 0.000440644449554, -0.000998087693006, 0.0012380683329, -0.00479270750657, -0.00873742252588, 0.0265566688031, -0.0113899745047, 0.00086510705296, -0.000971437839326], [7.45818542782e-05, 0.000179784416105, -0.000333658827003, -0.000111289278721, 0.0002641355386, 0.000488468678668, -0.00395748438314, 0.00455050775781, -0.00179231131915, -0.0113899745047, 0.0300734974444, -0.0162807814777, -0.000458469148725], [3.08363269141e-05, 0.000417919101892, 0.000176770510734, -0.000196970780962, 0.00213918671943, -0.00310584204271, 0.00276409531944, -0.00219211215153, -0.0017539744731, 0.00086510705296, -0.0162807814777, 0.0369774289429, -0.0159165151417], [8.93696051207e-05, -7.30095198378e-05, 0.000689820270054, 0.00146675552242, -0.00270293769427, 0.000510891492013, -0.00132157909684, 0.0012231732253, -0.000990477856249, -0.000971437839326, -0.000458469148725, -0.0159165151417, 0.0296537261456]]}, "spectral_contrast_coeffs": {"dmean": [0.0595237165689, 0.0529545880854, 0.0372704453766, 0.0317851603031, 0.0225879624486, 0.0218354985118], "dmean2": [0.0979839041829, 0.0872029736638, 0.0611495487392, 0.0517517589033, 0.0371624603868, 0.0347559861839], "dvar": [0.00268481485546, 0.00185699691065, 0.00101689191069, 0.000729180988856, 0.000410525914049, 0.000425207894295], "dvar2": [0.00720916641876, 0.00500989472494, 0.00251199491322, 0.00178530951962, 0.00101922871545, 0.00103905482683], "max": [-0.340810775757, -0.490504413843, -0.576989471912, -0.630370557308, -0.672078490257, -0.674755930901], "mean": [-0.692732393742, -0.794079363346, -0.834202349186, -0.835016727448, -0.832822918892, -0.805640697479], "median": [-0.698387563229, -0.800726890564, -0.842694759369, -0.839174747467, -0.834691405296, -0.802928030491], "min": [-0.996886432171, -0.989414036274, -0.994475901127, -0.982714891434, -0.984556913376, -0.966192603111], "var": [0.00666042137891, 0.00410522753373, 0.00272750388831, 0.00176782230847, 0.00108978513163, 0.00159624067601]}, "spectral_contrast_valleys": {"dmean": [0.550887227058, 0.704373598099, 0.647766649723, 0.639901518822, 0.659546136856, 0.75513368845], "dmean2": [0.836684942245, 1.03534936905, 0.924470484257, 0.908376693726, 0.884889245033, 0.967113852501], "dvar": [0.401405036449, 0.65952193737, 0.562847316265, 0.588294446468, 0.638669967651, 0.748973250389], "dvar2": [0.761248230934, 1.20682799816, 1.00019907951, 1.08813929558, 1.18576025963, 1.4603574276], "max": [-4.85998392105, -4.6368227005, -5.15487861633, -4.91729450226, -4.83974885941, -6.90855360031], "mean": [-7.01821422577, -8.09316158295, -8.53185939789, -8.55967140198, -