{"lowlevel": {"average_loudness": 0.927375495434, "barkbands_crest": {"dmean": 2.09085655212, "dmean2": 3.33902478218, "dvar": 4.80170345306, "dvar2": 11.602891922, "max": 26.3572902679, "mean": 10.9414625168, "median": 10.0354156494, "min": 2.51163077354, "var": 16.880355835}, "barkbands_flatness_db": {"dmean": 0.0245788078755, "dmean2": 0.0360196642578, "dvar": 0.000837292929646, "dvar2": 0.00167962291744, "max": 0.417172372341, "mean": 0.157158240676, "median": 0.154030814767, "min": 0.0276950392872, "var": 0.00318081909791}, "barkbands_kurtosis": {"dmean": 3.33393788338, "dmean2": 5.15227460861, "dvar": 28.6151599884, "dvar2": 60.6314315796, "max": 154.145553589, "mean": 8.21258640289, "median": 4.85111856461, "min": -1.8019067049, "var": 106.980484009}, "barkbands_skewness": {"dmean": 0.495034694672, "dmean2": 0.77498370409, "dvar": 0.356652915478, "dvar2": 0.833978295326, "max": 7.98694181442, "mean": 2.26892352104, "median": 2.18452978134, "min": -11.1930198669, "var": 1.71970903873}, "barkbands_spread": {"dmean": 7.7190823555, "dmean2": 12.3639812469, "dvar": 148.581619263, "dvar2": 358.530700684, "max": 107.95565033, "mean": 21.6109848022, "median": 19.0762271881, "min": 0.722900390625, "var": 218.160980225}, "dissonance": {"dmean": 0.0170244518667, "dmean2": 0.0279632676393, "dvar": 0.000238412438193, "dvar2": 0.00060588400811, "max": 0.500000119209, "mean": 0.453153580427, "median": 0.456826925278, "min": 0.217179343104, "var": 0.000666272360831}, "dynamic_complexity": 3.11035823822, "erbbands_crest": {"dmean": 1.97008132935, "dmean2": 2.95270037651, "dvar": 4.65746593475, "dvar2": 9.82735919952, "max": 27.1184940338, "mean": 9.55294704437, "median": 8.71271038055, "min": 2.69958496094, "var": 17.6256332397}, "erbbands_flatness_db": {"dmean": 0.0171977393329, "dmean2": 0.0230394676328, "dvar": 0.000433039735071, "dvar2": 0.000834097503684, "max": 0.353172272444, "mean": 0.134977415204, "median": 0.13494963944, "min": 0.0394706726074, "var": 0.00153638364282}, "erbbands_kurtosis": {"dmean": 0.458553791046, "dmean2": 0.688131988049, "dvar": 0.423728227615, "dvar2": 0.884372770786, "max": 11.5769605637, "mean": -0.30857360363, "median": -0.69516825676, "min": -1.70653784275, "var": 1.80340409279}, "erbbands_skewness": {"dmean": 0.298225879669, "dmean2": 0.450607657433, "dvar": 0.134168311954, "dvar2": 0.308985352516, "max": 3.25658941269, "mean": 0.39672228694, "median": 0.358819484711, "min": -1.65796470642, "var": 0.41796964407}, "erbbands_spread": {"dmean": 7.91400098801, "dmean2": 11.7837543488, "dvar": 100.068634033, "dvar2": 222.393280029, "max": 146.008407593, "mean": 55.351398468, "median": 54.26720047, "min": 5.22610902786, "var": 326.959411621}, "hfc": {"dmean": 10.0615615845, "dmean2": 14.5441894531, "dvar": 353.611999512, "dvar2": 850.264038086, "max": 188.021759033, "mean": 24.2939167023, "median": 17.3199539185, "min": 1.07663651391e-16, "var": 564.67767334}, "melbands_crest": {"dmean": 2.18110442162, "dmean2": 3.41153025627, "dvar": 4.12820100784, "dvar2": 10.2261571884, "max": 29.0786132812, "mean": 13.9127864838, "median": 13.4610271454, "min": 1.63252830505, "var": 15.1904459}, "melbands_flatness_db": {"dmean": 0.0290390718728, "dmean2": 0.0426482744515, "dvar": 0.001223105588, "dvar2": 0.00250547891483, "max": 0.49067696929, "mean": 0.23446765542, "median": 0.229549601674, "min": 0.00357870012522, "var": 0.00516428332776}, "melbands_kurtosis": {"dmean": 7.83121585846, "dmean2": 12.3499288559, "dvar": 136.910293579, "dvar2": 340.493682861, "max": 166.251876831, "mean": 24.3035640717, "median": 18.5267333984, "min": -1.31457293034, "var": 445.647949219}, "melbands_skewness": {"dmean": 0.62829720974, "dmean2": 0.966111123562, "dvar": 0.53881752491, "dvar2": 1.3050853014, "max": 11.0199546814, "mean": 3.77904367447, "median": 3.55964827538, "min": -0.531019508839, "var": 2.19350218773}, "melbands_spread": {"dmean": 5.74232721329, "dmean2": 9.48025035858, "dvar": 85.9557952881, "dvar2": 221.875961304, "max": 147.018875122, "mean": 16.9007072449, "median": 14.0276536942, "min": 1.1724845171, "var": 222.742675781}, "pitch_salience": {"dmean": 0.0576144568622, "dmean2": 0.0928307399154, "dvar": 0.0032451194711, "dvar2": 0.00839938316494, "max": 0.853776574135, "mean": 0.50131547451, "median": 0.502236843109, "min": 0.15414352715, "var": 0.00916673988104}, "silence_rate_20dB": {"dmean": 0, "dmean2": 0, "dvar": 0, "dvar2": 0, "max": 1, "mean": 1, "median": 1, "min": 1, "var": 0}, "silence_rate_30dB": {"dmean": 0.0289755873382, "dmean2": 0.0579577870667, "dvar": 0.0281356722116, "dvar2": 0.0650936439633, "max": 1, "mean": 0.968290150166, "median": 1, "min": 0, "var": 0.0307056065649}, "silence_rate_60dB": {"dmean": 0.00593201024458, "dmean2": 0.0118653737009, "dvar": 0.00589684024453, "dvar2": 0.0137782841921, "max": 1, "mean": 0.0723166391253, "median": 0, "min": 0, "var": 0.067086301744}, "spectral_centroid": {"dmean": 291.550170898, "dmean2": 468.850799561, "dvar": 171256.640625, "dvar2": 397353.34375, "max": 11445.3525391, "mean": 1176.57824707, "median": 1054.46520996, "min": 196.03086853, "var": 421812.40625}, "spectral_complexity": {"dmean": 3.31827521324, "dmean2": 5.36269235611, "dvar": 21.5609283447, "dvar2": 51.0043563843, "max": 46, "mean": 16.1109848022, "median": 16, "min": 0, "var": 64.6831741333}, "spectral_decrease": {"dmean": 2.65349320294e-09, "dmean2": 3.87250675971e-09, "dvar": 1.87468392455e-17, "dvar2": 4.01620374156e-17, "max": 7.72606398346e-14, "mean": -1.02621244835e-08, "median": -9.12522768459e-09, "min": -7.68565868725e-08, "var": 5.77918933209e-17}, "spectral_energy": {"dmean": 0.0104453219101, "dmean2": 0.0150203639641, "dvar": 0.000272593140835, "dvar2": 0.00057966489112, "max": 0.295815587044, "mean": 0.0409351624548, "median": 0.036621414125, "min": 1.02177057035e-20, "var": 0.000883114465978}, "spectral_energyband_high": {"dmean": 0.0010559828952, "dmean2": 0.00160100951325, "dvar": 4.69713768325e-06, "dvar2": 1.19004362205e-05, "max": 0.0218937210739, "mean": 0.00171887443867, "median": 0.000910621718504, "min": 7.4987177936e-21, "var": 5.53653671886e-06}, "spectral_energyband_low": {"dmean": 0.00621809670702, "dmean2": 0.00929437670857, "dvar": 0.000206895740121, "dvar2": 0.00045615909039, "max": 0.22120244801, "mean": 0.0195762999356, "median": 0.0119766229764, "min": 5.31048792056e-23, "var": 0.000523229246028}, "spectral_energyband_middle_high": {"dmean": 0.0011011629831, "dmean2": 0.00158753222786, "dvar": 3.6797212033e-06, "dvar2": 7.4803760981e-06, "max": 0.0313495360315, "mean": 0.00340947671793, "median": 0.002404472325, "min": 1.59726233683e-21, "var": 1.31602955662e-05}, "spectral_energyband_middle_low": {"dmean": 0.0058908732608, "dmean2": 0.00893100351095, "dvar": 7.6350166637e-05, "dvar2": 0.000182239135029, "max": 0.136892795563, "mean": 0.0188337638974, "median": 0.0162503030151, "min": 4.49925365789e-22, "var": 0.000201077200472}, "spectral_entropy": {"dmean": 0.245932996273, "dmean2": 0.353117972612, "dvar": 0.0994883403182, "dvar2": 0.199369430542, "max": 9.80639362335, "mean": 7.29408407211, "median": 7.22950220108, "min": 5.159968853, "var": 0.262890726328}, "spectral_flux": {"dmean": 0.0243118274957, "dmean2": 0.0353018864989, "dvar": 0.000856655766256, "dvar2": 0.00174786266871, "max": 0.33133739233, "mean": 0.0668148174882, "median": 0.054458770901, "min": 1.01082670012e-10, "var": 0.00232768966816}, "spectral_kurtosis": {"dmean": 1.42748129368, "dmean2": 2.35419249535, "dvar": 3.16161561012, "dvar2": 7.97527980804, "max": 46.0125541687, "mean": 4.02607297897, "median": 3.61638307571, "min": -1.18529391289, "var": 6.87539577484}, "spectral_rms": {"dmean": 0.000724870886188, "dmean2": 0.00101244647522, "dvar": 8.02773968189e-07, "dvar2": 1.55838984028e-06, "max": 0.016988247633, "mean": 0.00583206769079, "median": 0.00597730791196, "min": 3.15729213607e-12, "var": 5.92392007093e-06}, "spectral_rolloff": {"dmean": 665.146484375, "dmean2": 1194.42248535, "dvar": 1904148.125, "dvar2": 4926823, "max": 20327.34375, "mean": 1209.87597656, "median": 581.396484375, "min": 86.1328125, "var": 5048408.5}, "spectral_skewness": {"dmean": 0.212996989489, "dmean2": 0.340790510178, "dvar": 0.0575686469674, "dvar2": 0.128965064883, "max": 4.76752519608, "mean": 1.5181555748, "median": 1.49858486652, "min": -0.0432255119085, "var": 0.175133019686}, "spectral_spread": {"dmean": 683559.6875, "dmean2": 927332.8125, "dvar": 943085125632, "dvar2": 1830335414270.0, "max": 40008168, "mean": 5141610, "median": 4754841.5, "min": 1075470.625, "var": 2581526478850.0}, "spectral_strongpeak": {"dmean": 0.252219796181, "dmean2": 0.43664431572, "dvar": 0.225594893098, "dvar2": 0.548806011677, "max": 7.47942018509, "mean": 0.675084471703, "median": 0.509441137314, "min": 0, "var": 0.387645095587}, "zerocrossingrate": {"dmean": 0.012691302225, "dmean2": 0.0155557552353, "dvar": 0.000271292083198, "dvar2": 0.000371039001038, "max": 0.84716796875, "mean": 0.0619723424315, "median": 0.052734375, "min": 0.0029296875, "var": 0.00536527903751}, "barkbands": {"dmean": [1.60872659762e-05, 0.00500548444688, 0.00134906184394, 0.00218140520155, 0.00377044756897, 0.00113782472908, 0.000244212104008, 0.000255468446994, 0.000354078278178, 0.000481172522996, 3.85046841984e-05, 0.000218143919483, 4.20629403379e-05, 0.000110964043415, 0.000239503380726, 0.000175792214577, 0.000133398367325, 0.000135439971928, 0.000101352692582, 0.000133366032969, 0.00027592520928, 0.000213791267015, 0.000174358894583, 0.000147890939843, 0.00016109792341, 6.89633598085e-05, 5.87539834669e-05], "dmean2": [2.39071068791e-05, 0.00765412440524, 0.00222917017527, 0.00321876257658, 0.00614019716159, 0.00140576902777, 0.000336238910677, 0.00038445458631, 0.000442176416982, 0.000697422248777, 6.34420721326e-05, 0.0003268973378, 7.07152285031e-05, 0.000171925785253, 0.000358908582712, 0.000279975385638, 0.000218334142119, 0.000210809885175, 0.000157506947289, 0.000203615636565, 0.000437246955698, 0.000352719885996, 0.000274296820862, 0.000246290408541, 0.00025279566762, 0.000105604958662, 8.35070022731e-05], "dvar": [1.24276755553e-09, 0.000166842743056, 6.71280486131e-06, 9.7502988865e-06, 4.45629957539e-05, 2.12506529351e-06, 3.14950312941e-07, 3.44123861851e-07, 5.43282794752e-07, 1.71843703356e-06, 4.84873963202e-09, 1.06156974766e-07, 4.59475968384e-09, 1.06307936676e-07, 2.35013018823e-07, 2.16557126009e-07, 4.56672601956e-08, 8.91868197073e-08, 4.56594726472e-08, 7.78968285431e-08, 3.46385689909e-07, 2.78602726667e-07, 2.13934455928e-07, 1.38161453833e-07, 1.84940461168e-07, 2.87269283916e-08, 2.92566113558e-08], "dvar2": [2.36169772627e-09, 0.000367729371646, 1.75012191903e-05, 2.19953653868e-05, 0.000114132228191, 3.32583090312e-06, 5.19682203048e-07, 7.11969562417e-07, 8.41281348585e-07, 3.38864424521e-06, 1.28112347397e-08, 2.40553191588e-07, 1.30829098666e-08, 2.91504449024e-07, 5.48188381799e-07, 5.35863421192e-07, 1.18957039774e-07, 2.04989021313e-07, 9.77662679702e-08, 1.73107707724e-07, 9.15655107292e-07, 7.28271345452e-07, 5.53885001864e-07, 3.79734046874e-07, 4.55445956504e-07, 6.81102534372e-08, 6.6862369863e-08], "max": [0.000536000938155, 0.195598065853, 0.0463339909911, 0.0557006970048, 0.0904389545321, 0.0348504297435, 0.015108242631, 0.0147670805454, 0.0164252128452, 0.022654088214, 0.000941977661569, 0.00484506506473, 0.00095855287509, 0.0113725084811, 0.0110531300306, 0.0108919236809, 0.0025704994332, 0.00530233699828, 0.00283906259574, 0.0050932993181, 0.00587926059961, 0.00715417647734, 0.00707398308441, 0.00285377982073, 0.00633902195841, 0.00174872146454, 0.00165504589677], "mean": [3.12983502226e-05, 0.0141524011269, 0.00282921246253, 0.00511812139302, 0.00704594422132, 0.00386184128001, 0.000903594773263, 0.000873941346072, 0.000985679100268, 0.00101385090966, 7.07397339283e-05, 0.000434725166997, 7.59898030083e-05, 0.000214769839658, 0.000584134599194, 0.000285445654299, 0.000224869290832, 0.000225534691708, 0.000176916801138, 0.000252364989137, 0.000555048347451, 0.000297137332382, 0.000294063938782, 0.000130328335217, 0.000162476120749, 6.79415315972e-05, 6.69713263051e-05], "median": [3.91783805753e-06, 0.00772106926888, 0.00156336324289, 0.00307288998738, 0.00485710939392, 0.00250381533988, 0.00028207001742, 0.00023390489514, 0.000393248221371, 0.00030024437001, 3.76953248633e-05, 0.000254257960478, 4.62325333501e-05, 0.000125511229271, 0.000167345860973, 0.000138305316796, 0.00012284789409, 9.04103580979e-05, 8.2674130681e-05, 9.26385982893e-05, 0.000163183605764, 6.21793442406e-05, 4.08089981647e-05, 1.91672988876e-05, 2.09591689782e-05, 7.2284565249e-06, 1.90162700164e-06], "min": [2.89363015277e-24, 2.6263492475e-23, 3.34468306901e-24, 4.05778595385e-23, 4.71850460917e-23, 6.49264142542e-23, 4.6142512763e-23, 1.3489839548e-22, 8.75462118505e-23, 1.2287036189e-22, 6.66941063924e-23, 1.15129654791e-22, 7.36527746551e-23, 7.2392932235e-23, 1.10542005798e-22, 1.20801438482e-22, 2.08382013113e-22, 2.99104223145e-22, 1.77738578721e-22, 4.37247247704e-22, 4.56790500392e-22, 4.41472462443e-22, 5.79140125732e-22, 6.68991912951e-22, 1.43317735003e-21, 1.89103262332e-21, 2.00723897858e-21], "var": [3.3808795763e-09, 0.000338810001267, 1.30095286295e-05, 3.82309008273e-05, 6.66612831992e-05, 1.69676823134e-05, 2.99622706734e-06, 2.80062272395e-06, 2.44811144512e-06, 5.00371515955e-06, 7.88259679751e-09, 2.56830219314e-07, 7.99354893388e-09, 1.12387688489e-07, 1.1679265981e-06, 2.34290411072e-07, 7.47154658143e-08, 1.65963029986e-07, 7.60823226642e-08, 1.92005515487e-07, 6.31499119663e-07, 2.9540859714e-07, 3.57231243697e-07, 1.01740774028e-07, 1.88413181945e-07, 3.02448839307e-08, 3.78964628567e-08]}, "erbbands": {"dmean": [0.103312030435, 1.26349914074, 1.87885081768, 4.04281425476, 15.5752696991, 7.50480794907, 14.7508897781, 4.64292097092, 2.29536938667, 5.10856437683, 5.63078212738, 5.20864486694, 9.23038387299, 17.3013572693, 3.96550226212, 7.73655605316, 1.8415671587, 5.86159229279, 13.3254718781, 7.06589508057, 9.72247314453, 6.69906425476, 7.20391178131, 5.84353542328, 5.1301817894, 6.59650230408, 10.9487915039, 10.2881288528, 8.0185546875, 5.805727005, 4.57329654694, 2.39495825768, 3.05379199982, 2.20258617401, 1.04903888702, 0.370251536369, 0.110927030444, 0.0413135699928, 0.00961814448237, 0.000634858559351], "dmean2": [0.147547841072, 1.97001564503, 3.12480568886, 5.8771739006, 25.1274204254, 12.5122013092, 18.0648593903, 6.28151226044, 3.31816291809, 7.05327558517, 8.24663925171, 6.81361532211, 12.1904983521, 24.740278244, 5.80124521255, 11.7550945282, 2.89514040947, 9.13106060028, 20.2072639465, 10.7210845947, 15.3138637543, 11.0659809113, 11.075138092, 9.11837768555, 8.09244823456, 9.90363883972, 16.2803859711, 16.9731578827, 13.2153205872, 9.44528579712, 7.15403795242, 3.72445511818, 5.252805233, 3.68087935448, 1.61603713036, 0.566785573959, 0.167778775096, 0.0619370080531, 0.0141411460936, 0.000879918516148], "dvar": [0.0851044803858, 10.3534011841, 13.3861351013, 41.450340271, 868.788513184, 136.976135254, 396.861236572, 53.3018684387, 18.9010982513, 159.641616821, 170.160324097, 94.4858016968, 359.917938232, 2200.66210938, 38.2626304626, 157.828582764, 7.29273891449, 103.566101074, 1015.28381348, 141.858078003, 654.383972168, 127.859359741, 241.43019104, 191.455688477, 110.787063599, 195.049880981, 485.659484863, 634.99395752, 407.768890381, 255.31652832, 125.547981262, 25.9164237976, 72.0420379639, 35.3447875977, 12.6748971939, 0.812730967999, 0.0743013471365, 0.0130408247933, 0.000819138425868, 3.25975724991e-06], "dvar2": [0.162771075964, 23.7377872467, 34.6678276062, 90.8035430908, 2159.29052734, 371.143768311, 670.497619629, 97.1595993042, 38.1828918457, 267.093353271, 332.95098877, 155.775161743, 656.372924805, 4118.99121094, 83.5014266968, 356.103790283, 18.7683105469, 264.488830566, 2446.27954102, 318.466491699, 1645.70471191, 345.197021484, 509.188415527, 438.08392334, 230.518005371, 439.162872314, 1134.85986328, 1756.61242676, 1065.58947754, 693.66003418, 314.113128662, 63.5424995422, 202.596755981, 94.1095504761, 29.9421024323, 1.9331817627, 0.17204362154, 0.0307480730116, 0.00191807374358, 6.95766311765e-06], "max": [4.12713527679, 48.3441505432, 65.7940979004, 140.85597229, 444.820648193, 143.980651855, 534.955993652, 178.087203979, 136.386657715, 337.95501709, 289.921203613, 190.591125488, 415.816192627, 849.564086914, 117.457069397, 188.581756592, 32.3107414246, 162.032485962, 650.791931152, 206.921539307, 571.033203125, 140.0521698, 298.156066895, 239.881515503, 189.573425293, 211.943756104, 326.840332031, 299.950042725, 293.951751709, 230.070678711, 174.046615601, 65.82762146, 65.7041168213, 84.5740127563, 89.7514038086, 8.93229961395, 3.1833460331, 1.12068474293, 0.278615415096, 0.0184518899769], "mean": [0.28881072998, 3.55098176003, 4.11252355576, 11.5189409256, 24.9584712982, 14.8314180374, 45.7166290283, 17.1556510925, 8.10991191864, 20.3224334717, 18.3326282501, 14.9533319473, 25.3150100708, 37.4425811768, 8.85851573944, 15.6601514816, 4.58401155472, 12.1555700302, 31.3811817169, 15.8732728958, 16.4597206116, 11.9511117935, 12.5445098877, 9.69278430939, 9.82504558563, 13.9238786697, 28.6384372711, 13.4651269913, 9.82626438141, 7.86821651459, 8.73535728455, 3.12042164803, 2.45190572739, 1.93791842461, 1.18161928654, 0.378071963787, 0.110043846071, 0.0413870587945, 0.0109207015485, 0.000828160089441], "median": [0.1353148669, 2.00709104538, 2.67145586014, 7.13405323029, 12.7686376572, 10.9795637131, 27.2936325073, 9.92149543762, 4.68696975708, 5.24662923813, 5.14166402817, 7.62266159058, 11.4002475739, 11.3467721939, 5.62872695923, 8.56324386597, 3.09895682335, 7.41494417191, 7.34664821625, 9.16927146912, 8.33571243286, 7.12964582443, 5.34272432327, 4.38916254044, 4.96439123154, 6.53475379944, 7.92865562439, 5.54272270203, 2.2690012455, 1.85231721401, 1.20948064327, 0.552826464176, 0.273051679134, 0.199619457126, 0.137635156512, 0.049474298954, 0.00895399600267, 0.00201532943174, 0.000314953649649, 7.8334895079e-05], "min": [3.40579878968e-22, 7.03353613558e-21, 8.1486886924e-21, 7.89001445146e-20, 6.49464218367e-20, 1.98478162272e-19, 5.19543147155e-19, 4.31501015436e-19, 5.41881728284e-19, 2.06341051661e-18, 2.31166272128e-18, 2.09938087914e-18, 2.89169086579e-18, 3.93065639173e-18, 3.0698672241e-18, 4.32676423576e-18, 4.17775054354e-18, 3.54886166743e-18, 4.71494272644e-18, 7.15680388294e-18, 6.22922298276e-18, 1.31884791782e-17, 1.77532348567e-17, 1.0604103074e-17, 9.54509351424e-18, 2.27260924982e-17, 2.30356896578e-17, 1.51362008347e-17, 1.41534076966e-17, 1.59775742123e-17, 1.59408143058e-17, 1.29642545024e-17, 1.29542762227e-17, 1.34255152274e-17, 1.06990518278e-17, 6.57217620063e-18, 3.62932193921e-18, 1.19078563518e-18, 2.67182724125e-19, 3.26892601546e-20], "var": [0.168846160173, 20.8638763428, 22.5176486969, 214.768585205, 1319.29711914, 230.095489502, 3022.61254883, 444.829956055, 127.030487061, 1608.15917969, 1212.01196289, 401.306243896, 1415.12414551, 6805.31591797, 97.3061447144, 383.166778564, 21.4038887024, 215.274627686, 4141.22998047, 342.942077637, 705.581726074, 198.570327759, 566.674255371, 264.422454834, 210.797637939, 483.47177124, 1814.3536377, 560.298156738, 371.274993896, 241.05796814, 314.625579834, 33.3478851318, 47.1705627441, 28.4503555298, 15.0209445953, 0.87238162756, 0.0818060413003, 0.0144200846553, 0.00100675842259, 4.93062316309e-06]}, "gfcc": {"mean": [-1.79375731945, 91.5939407349, -91.3534698486, 41.2935142517, -49.5103645325, 7.42450141907, -28.1037101746, -2.53877806664, -23.2923107147, -2.1125202179, -21.098028183, -2.06328749657, -0.202468812466], "cov": [[18554.1171875, -141.17175293, 100.393241882, 461.354888916, -573.256347656, 190.819091797, -323.590362549, 226.24130249, -146.224319458, 0.485659360886, -352.027770996, 92.7918777466, -154.598617554], [-141.17175293, 1698.19946289, -440.52734375, 239.226379395, 3.75948262215, -120.999984741, 51.7191085815, -217.321762085, 29.9697589874, -15.9147491455, 82.9252548218, -67.7686309814, 109.092025757], [100.393241882, -440.52734375, 654.601501465, -70.1324386597, 223.020675659, 146.937408447, 53.6260223389, 112.59337616, -33.5629234314, 79.4693145752, 58.3666381836, 34.7954978943, 5.76149463654], [461.354888916, 239.226379395, -70.1324386597, 328.426422119, -39.5304908752, 39.3690223694, -0.579937279224, -22.0400905609, 98.7780075073, -11.2601137161, 47.1072921753, 6.76545476913, -0.709199905396], [-573.256347656, 3.75948262215, 223.020675659, -39.5304908752, 280.111938477, 53.1489677429, 71.4848709106, -4.54555940628, -12.507068634, 64.0105438232, 40.2587165833, -18.5236587524, 73.3681945801], [190.819091797, -120.999984741, 146.937408447, 39.3690223694, 53.1489677429, 202.233596802, 19.3020763397, 91.3021087646, 22.4414348602, 61.3621177673, 26.0916423798, 8.3735332489, -7.01334810257], [-323.590362549, 51.7191085815, 53.6260223389, -0.579937279224, 71.4848709106, 19.3020763397, 153.0546875, 21.3792114258, 3.36387872696, 13.4360256195, 23.824640274, 12.0001277924, 41.4095840454], [226.24130249, -217.321762085, 112.59337616, -22.0400905609, -4.54555940628, 91.3021087646, 21.3792114258, 153.729873657, 18.9423351288, 16.3902626038, 7.67249107361, 12.7454271317, -24.1174068451], [-146.224319458, 29.9697589874, -33.5629234314, 98.7780075073, -12.507068634, 22.4414348602, 3.36387872696, 18.9423351288, 228.548431396, 0.266800910234, 46.742816925, 13.0663719177, -45.9557304382], [0.485659360886, -15.9147491455, 79.4693145752, -11.2601137161, 64.0105438232, 61.3621177673, 13.4360256195, 16.3902626038, 0.266800910234, 197.311645508, 31.9935016632, 14.0077486038, 30.6844730377], [-352.027770996, 82.9252548218, 58.3666381836, 47.1072921753, 40.2587165833, 26.0916423798, 23.824640274, 7.67249107361, 46.742816925, 31.9935016632, 132.140090942, 23.3184261322, -6.15984249115], [92.7918777466, -67.7686309814, 34.7954978943, 6.76545476913, -18.5236587524, 8.3735332489, 12.0001277924, 12.7454271317, 13.0663719177, 14.0077486038, 23.3184261322, 88.4278411865, -2.96035170555], [-154.598617554, 109.092025757, 5.76149463654, -0.709199905396, 73.3681945801, -7.01334810257, 41.4095840454, -24.1174068451, -45.9557304382, 30.6844730377, -6.15984249115, -2.96035170555, 129.346603394]], "icov": [[7.16049180483e-05, -3.83311707992e-05, -9.19808735489e-05, -0.000143419849337, 0.000133122681291, -5.67928600503e-06, 0.000112385016109, -0.000123926540255, 7.56200024625e-05, -5.40977162018e-05, 0.000259044725681, -9.60174074862e-05, 3.61589482054e-05], [-3.83311707992e-05, 0.00107927119825, 0.000702780031133, -0.000454256893136, -0.000248840020504, 1.23415729831e-05, -0.000475096516311, 0.000949636567384, 0.00010998370999, 6.16848808477e-07, -0.00101650925353, 0.000734445231501, -0.00051156419795], [-9.19808735489e-05, 0.000702780031133, 0.00354445423, -9.166739801e-06, -0.0029564043507, -0.00073076528497, -4.44985562353e-05, -0.000953915761784, 0.000835537794046, 3.65349078493e-05, -0.00124021421652, -0.000940197031014, 0.000820708228275], [-0.000143419849337, -0.000454256893136, -9.166739801e-06, 0.0048295087181, 0.00104094541166, -0.00187824049499, -0.00010953148012, 0.00147719378583, -0.00193905748893, 0.000761607196182, -0.00139910215512, 0.000133124965942, -0.00107638374902], [0.000133122681291, -0.000248840020504, -0.0029564043507, 0.00104094541166, 0.00842738710344, -0.00130300631281, -0.00178669928573, 0.00249896617606, -0.00105679652188, -0.0007149213925, -0.000813448685221, 0.00289153819904, -0.00348495133221], [-5.67928600503e-06, 1.23415729831e-05, -0.00073076528497, -0.00187824049499, -0.00130300631281, 0.00888634379953, 0.000284134177491, -0.0047896578908, 0.000255956343608, -0.00195222452749, 0.000218974906602, 0.000224886156502, 0.000811589532532], [0.000112385016109, -0.000475096516311, -4.44985562353e-05, -0.00010953148012, -0.00178669928573, 0.000284134177491, 0.00871740560979, -0.00243625161238, -0.000128475716338, 0.000517016160302, -0.000140003408887, -0.00177862728015, -0.00189548381604], [-0.000123926540255, 0.000949636567384, -0.000953915761784, 0.00147719378583, 0.00249896617606, -0.0047896578908, -0.00243625161238, 0.012249336578, -0.00122964114416, 0.000474110885989, -0.000983669655398, 0.00102541293018, -8.44506139401e-05], [7.56200024625e-05, 0.00010998370999, 0.000835537794046, -0.00193905748893, -0.00105679652188, 0.000255956343608, -0.000128475716338, -0.00122964114416, 0.0061621107161, -0.000247730029514, -0.00105025549419, -0.000735192385036, 0.0025562166702], [-5.40977162018e-05, 6.16848808477e-07, 3.65349078493e-05, 0.000761607196182, -0.0007149213925, -0.00195222452749, 0.000517016160302, 0.000474110885989, -0.000247730029514, 0.0063711469993, -0.00133604323491, -0.000790051883087, -0.00152121402789], [0.000259044725681, -0.00101650925353, -0.00124021421652, -0.00139910215512, -0.000813448685221, 0.000218974906602, -0.000140003408887, -0.000983669655398, -0.00105025549419, -0.00133604323491, 0.0115637490526, -0.00310264388099, 0.00197269697674], [-9.60174074862e-05, 0.000734445231501, -0.000940197031014, 0.000133124965942, 0.00289153819904, 0.000224886156502, -0.00177862728015, 0.00102541293018, -0.000735192385036, -0.000790051883087, -0.00310264388099, 0.0140131171793, -0.00145975360647], [3.61589482054e-05, -0.00051156419795, 0.000820708228275, -0.00107638374902, -0.00348495133221, 0.000811589532532, -0.00189548381604, -8.44506139401e-05, 0.0025562166702, -0.00152121402789, 0.00197269697674, -0.00145975360647, 0.0121048204601]]}, "melbands": {"dmean": [0.00121410749853, 0.00122292537708, 0.00102361524478, 0.000912400893867, 0.000421318691224, 0.000123307065223, 3.8816833694e-05, 5.54592188564e-05, 4.01372781198e-05, 4.31026928709e-05, 4.86241806357e-05, 7.65803342802e-05, 8.21386947791e-06, 2.79529031104e-05, 7.3086989687e-06, 7.63966454542e-06, 1.02783415059e-05, 1.98260859179e-05, 1.22719675346e-05, 1.20174145195e-05, 1.18105372167e-05, 8.07497144706e-06, 6.0389807004e-06, 7.40071982364e-06, 4.734473805e-06, 3.55683687303e-06, 4.55025974588e-06, 4.47100501333e-06, 6.29171972832e-06, 7.29467865312e-06, 5.94245011598e-06, 4.5940992095e-06, 4.24581776315e-06, 3.36803805112e-06, 3.10986683871e-06, 1.82445069186e-06, 1.34386687023e-06, 2.13356906897e-06, 1.98389989237e-06, 1.78622315161e-06], "dmean2": [0.00180471432395, 0.00197370396927, 0.00156584428623, 0.00149430090096, 0.000530596531462, 0.000162132564583, 5.51944540348e-05, 7.81374765211e-05, 5.85871493968e-05, 5.49355245312e-05, 6.45158143016e-05, 0.000109795524622, 1.25000897242e-05, 4.20390351792e-05, 1.12399175123e-05, 1.22448736875e-05, 1.59084102052e-05, 3.03445758618e-05, 1.83899283002e-05, 1.90431128431e-05, 1.88389130926e-05, 1.34772026286e-05, 9.48144952417e-06, 1.17950949061e-05, 7.47803096601e-06, 5.53106974621e-06, 7.05636102794e-06, 6.82245990902e-06, 9.3123771876e-06, 1.12262578114e-05, 1.0185706742e-05, 7.50595700083e-06, 7.13845338396e-06, 5.43794340047e-06, 4.90915272167e-06, 2.83389113065e-06, 2.10389134736e-06, 3.70340353584e-06, 3.34738342644e-06, 3.0180522117e-06], "dvar": [1.08774393084e-05, 7.22007598597e-06, 2.4802372991e-06, 2.89151626021e-06, 3.19943580962e-07, 3.12887351583e-08, 5.62734481235e-09, 1.55542068114e-08, 8.2022673098e-09, 7.54679518877e-09, 1.01162731525e-08, 4.37580993662e-08, 1.6434496819e-10, 1.77647863087e-09, 1.78525666472e-10, 1.74522077345e-10, 3.32064015174e-10, 2.69237521167e-09, 4.73489414343e-10, 6.97501612024e-10, 9.7591323911e-10, 1.7970355759e-10, 1.70740338534e-10, 2.98226637829e-10, 1.28417929068e-10, 5.18145665263e-11, 1.06621565743e-10, 9.69095637071e-11, 1.7329417068e-10, 2.38075253955e-10, 2.32891844698e-10, 1.28936833432e-10, 1.35546893154e-10, 1.14470613544e-10, 7.09024922108e-11, 2.09979967442e-11, 8.31286515318e-12, 3.66873961766e-11, 2.53523157329e-11, 2.59575850398e-11], "dvar2": [2.25915537158e-05, 1.77007768798e-05, 5.83941846344e-06, 7.41337544241e-06, 5.77126911594e-07, 5.48308953796e-08, 1.06060156213e-08, 2.79741509956e-08, 1.57974717752e-08, 1.19623893013e-08, 1.89014546237e-08, 8.27187065511e-08, 3.84157539113e-10, 4.07940925484e-09, 3.7401887143e-10, 4.67638094914e-10, 8.4132067979e-10, 6.7401888515e-09, 1.09160702699e-09, 1.65894931126e-09, 2.53989806964e-09, 4.91786056322e-10, 3.52091356071e-10, 7.42467420878e-10, 2.90121732194e-10, 1.11590965635e-10, 2.14027198742e-10, 2.17419401927e-10, 3.92792909309e-10, 5.75376635226e-10, 6.48911036016e-10, 3.33847255396e-10, 3.56268875512e-10, 3.10655723368e-10, 1.76220205095e-10, 4.91724647111e-11, 2.06354759669e-11, 1.03823567799e-10, 6.75430197883e-11, 7.00566757383e-11], "max": [0.0486783236265, 0.0474181771278, 0.0243154708296, 0.0231167059392, 0.0147723890841, 0.00405849469826, 0.00227855984122, 0.00306493323296, 0.001909251092, 0.00185099698137, 0.00219294708222, 0.00375812780112, 0.000218856323045, 0.000663971644826, 0.000225105963182, 0.00019008135132, 0.000362261664122, 0.0012106266804, 0.000486994948005, 0.000571417913307, 0.000663458195049, 0.00017474796914, 0.000286233203951, 0.000380098703317, 0.000176349567482, 0.000115936367365, 0.000252365804045, 0.000169163293322, 0.000211952632526, 0.00018934882246, 0.000191263796296, 0.000196798937395, 0.000159412622452, 0.000202058290597, 0.000132857981953, 7.93282233644e-05, 3.01343570754e-05, 4.84985757794e-05, 4.17482406192e-05, 7.91071724962e-05], "mean": [0.00351591710933, 0.00320383370854, 0.0024258098565, 0.00142410676926, 0.00131822796538, 0.000444848235929, 0.000137648472446, 0.000221144669922, 0.000125250880956, 0.000119052907394, 0.000131037915708, 0.000162144802744, 1.75174864125e-05, 5.53214267711e-05, 1.47694690895e-05, 1.42899734783e-05, 2.01682214538e-05, 4.43980679847e-05, 3.04717577819e-05, 2.04080952244e-05, 1.88950652955e-05, 1.36184062285e-05, 9.36519154493e-06, 1.16035880637e-05, 7.43070950193e-06, 6.3793645495e-06, 8.54843347042e-06, 8.33543799672e-06, 1.7435177142e-05, 1.23268082461e-05, 6.99538213667e-06, 5.68125187783e-06, 5.41410418009e-06, 4.19616299041e-06, 5.71394502913e-06, 3.31759292749e-06, 1.43312252021e-06, 1.71034730556e-06, 1.59934131716e-06, 1.59848968906e-06], "median": [0.00180996360723, 0.00204281089827, 0.00158749963157, 0.000807942880783, 0.000821183610242, 0.000278688938124, 6.99511001585e-05, 5.96023492108e-05, 3.34891628881e-05, 5.10133613716e-05, 5.8907608036e-05, 4.57637870568e-05, 1.16391038318e-05, 3.27816815116e-05, 6.45866748528e-06, 8.82245331013e-06, 1.18955904327e-05, 1.01630021163e-05, 1.15191305667e-05, 1.06039979073e-05, 8.5055226009e-06, 7.59287013352e-06, 3.38476411343e-06, 4.78760966871e-06, 3.10660470859e-06, 2.95323479804e-06, 3.35179424837e-06, 2.64710979536e-06, 4.24159043177e-06, 3.55963879883e-06, 1.99789542421e-06, 1.01385978724e-06, 7.55117355311e-07, 7.87909925748e-07, 6.74825002989e-07, 4.06435873401e-07, 2.6500984518e-07, 1.88395119949e-07, 1.06607899397e-07, 1.55487555276e-07], "min": [5.695670399e-24, 6.32105684213e-24, 1.34175631652e-23, 6.96850614705e-24, 1.66907095663e-23, 1.05077621528e-23, 8.53793229621e-24, 2.64969637485e-23, 1.78070692318e-23, 1.2787279868e-23, 1.50208535353e-23, 1.68984781738e-23, 9.19059557728e-24, 1.56523540449e-23, 6.02932819077e-24, 8.53100294202e-24, 6.23447068031e-24, 6.80229709862e-24, 9.11609318681e-24, 9.98512918128e-24, 6.34989641353e-24, 1.44252872177e-23, 1.37401552106e-23, 1.39543246355e-23, 8.14816164497e-24, 6.32899436056e-24, 1.04662341481e-23, 1.51405032243e-23, 1.52432286913e-23, 1.14328309373e-23, 8.37587265615e-24, 8.00026836904e-24, 7.58218234446e-24, 9.9009293237e-24, 9.99547351433e-24, 7.91753737047e-24, 7.77888481118e-24, 8.55549707313e-24, 1.04126144835e-23, 1.22188716648e-23], "var": [2.20708370762e-05, 1.40737874972e-05, 7.35192998036e-06, 3.93683194488e-06, 2.32084880736e-06, 2.56286881495e-07, 4.26781276985e-08, 1.56995440648e-07, 5.85398893804e-08, 3.29580593927e-08, 3.821562089e-08, 1.33562394922e-07, 3.54142021264e-10, 4.1420231689e-09, 4.49662973523e-10, 3.10869385789e-10, 6.4402760902e-10, 8.68931948617e-09, 2.42366082759e-09, 9.44107791945e-10, 9.9833408207e-10, 2.74773870323e-10, 4.13683864942e-10, 4.13703127311e-10, 1.75025938187e-10, 9.9232455586e-11, 3.00846014767e-10, 2.37757452615e-10, 7.73956621014e-10, 3.805573634e-10, 1.9569657006e-10, 1.32982402867e-10, 1.55791990419e-10, 1.06362113561e-10, 1.59976892844e-10, 6.26747195809e-11, 8.64243052123e-12, 2.35614115024e-11, 1.94281292443e-11, 2.03644861391e-11]}, "mfcc": {"mean": [-650.013366699, 124.270874023, 16.2780227661, 38.0050125122, 3.56664562225, 14.2550735474, 0.0863712355494, 1.14048242569, 5.68179607391, 0.504897534847, -10.4645586014, -5.7585515976, -4.86390304565], "cov": [[10450.8203125, -306.24105835, 189.705154419, 219.270492554, -104.956176758, -15.8962287903, -179.416519165, 172.329589844, 175.087478638, 59.4927902222, -9.66706562042, 19.5292930603, -67.4293899536], [-306.24105835, 1203.6776123, -183.891525269, 195.353118896, -48.9922561646, 125.832519531, 51.3198623657, -97.6175384521, -30.1347961426, 3.80662941933, -72.3996505737, -6.72902822495, 23.3683261871], [189.705154419, -183.891525269, 342.713623047, -1.38811826706, 125.943405151, 28.2019119263, 84.0655288696, 58.3172187805, 15.7333574295, 50.3117332458, 58.2056999207, 23.5125617981, 31.9430141449], [219.270492554, 195.353118896, -1.38811826706, 218.407073975, 4.91442966461, 63.2149658203, -19.7271385193, 14.9341344833, -12.2414731979, -0.897799134254, -32.3525733948, 43.4081802368, 12.2665777206], [-104.956176758, -48.9922561646, 125.943405151, 4.91442966461, 212.96635437, 56.7982177734, 57.299079895, -6.47486352921, 23.5981464386, 61.7961883545, 38.4536552429, 11.1810464859, 23.7396259308], [-15.8962287903, 125.832519531, 28.2019119263, 63.2149658203, 56.7982177734, 159.801437378, 41.3540000916, -25.126241684, 27.7852134705, 20.6060123444, 29.1358985901, 16.3505363464, 23.2892494202], [-179.416519165, 51.3198623657, 84.0655288696, -19.7271385193, 57.299079895, 41.3540000916, 246.108856201, -32.3769645691, 46.8777236938, -2.8157479763, 5.20066070557, -6.06249427795, -30.4132843018], [172.329589844, -97.6175384521, 58.3172187805, 14.9341344833, -6.47486352921, -25.126241684, -32.3769645691, 193.572402954, -18.916223526, 55.0077896118, -15.4800577164, 25.740272522, 30.5674915314], [175.087478638, -30.1347961426, 15.7333574295, -12.2414731979, 23.5981464386, 27.7852134705, 46.8777236938, -18.916223526, 160.49597168, -11.7183618546, 5.39329910278, -6.07462406158, -51.4559745789], [59.4927902222, 3.80662941933, 50.3117332458, -0.897799134254, 61.7961883545, 20.6060123444, -2.8157479763, 55.0077896118, -11.7183618546, 171.928543091, 31.956861496, 25.8845729828, 53.164768219], [-9.66706562042, -72.3996505737, 58.2056999207, -32.3525733948, 38.4536552429, 29.1358985901, 5.20066070557, -15.4800577164, 5.39329910278, 31.956861496, 156.781463623, -3.95927667618, 33.1165542603], [19.5292930603, -6.72902822495, 23.5125617981, 43.4081802368, 11.1810464859, 16.3505363464, -6.06249427795, 25.740272522, -6.07462406158, 25.8845729828, -3.95927667618, 125.308036804, 41.2913818359], [-67.4293899536, 23.3683261871, 31.9430141449, 12.2665777206, 23.7396259308, 23.2892494202, -30.4132843018, 30.5674915314, -51.4559745789, 53.164768219, 33.1165542603, 41.2913818359, 127.504592896]], "icov": [[0.000108209984319, 3.03398774122e-05, -9.93846770143e-05, -0.000155854315381, 0.000124146652524, 1.94821568584e-05, 9.46629734244e-05, -2.28785011132e-05, -0.000154615714564, -8.04161900305e-05, -1.68428425695e-06, 4.57467103843e-05, 4.97053115396e-05], [3.03398774122e-05, 0.00131446623709, 0.000639613892417, -0.00112195406109, 0.000369141838746, -0.000622262246907, -0.000564049230888, 0.00056542060338, 0.000148063831148, -0.0004698044213, 0.000457574089523, 0.000535607570782, -0.000538980821148], [-9.93846770143e-05, 0.000639613892417, 0.00504047330469, -0.000583332846873, -0.0022657874506, 0.000139300187584, -0.00175616203342, -0.00142397521995, 0.000153686793055, 0.000245177216129, -0.00115412357263, -0.000133271620143, -0.000754814012907], [-0.000155854315381, -0.00112195406109, -0.000583332846873, 0.00729968538508, -0.000376821088139, -0.00264217960648, 0.00120364327449, -0.00091079849517, 0.000905489781871, 0.000918379810173, 0.00115101085976, -0.0022867245134, 0.0010493719019], [0.000124146652524, 0.000369141838746, -0.0022657874506, -0.000376821088139, 0.0075656613335, -0.00166054721922, -0.000484096672153, 0.00137290265411, -0.000686159357429, -0.00236532907002, 0.000146310296259, 0.000384484097594, -0.000401200755732], [1.94821568584e-05, -0.000622262246907, 0.000139300187584, -0.00264217960648, -0.00166054721922, 0.00970625504851, -0.00107526907232, 0.000872312521096, -0.00192645110656, -0.000155793793965, -0.00166527170222, 4.58315389551e-06, -0.00186712970026], [9.46629734244e-05, -0.000564049230888, -0.00175616203342, 0.00120364327449, -0.000484096672153, -0.00107526907232, 0.00564322713763, 0.000579333747737, -0.000776764296461, 0.000127890423755, 0.0004881520872, -0.000370033521904, 0.00159755896311], [-2.28785011132e-05, 0.00056542060338, -0.00142397521995, -0.00091079849517, 0.00137290265411, 0.000872312521096, 0.000579333747737, 0.00721943750978, -2.6203408197e-05, -0.0024322278332, 0.0014982833527, -0.000196356879314, -0.00100086710881], [-0.000154615714564, 0.000148063831148, 0.000153686793055, 0.000905489781871, -0.000686159357429, -0.00192645110656, -0.000776764296461, -2.6203408197e-05, 0.00833944696933, 8.86437337613e-05, -0.000390025699744, -0.000904973014258, 0.00378900230862], [-8.04161900305e-05, -0.0004698044213, 0.000245177216129, 0.000918379810173, -0.00236532907002, -0.000155793793965, 0.000127890423755, -0.0024322278332, 8.86437337613e-05, 0.00835878308862, -0.00107248232234, -0.000753044034354, -0.00195086549502], [-1.68428425695e-06, 0.000457574089523, -0.00115412357263, 0.00115101085976, 0.000146310296259, -0.00166527170222, 0.0004881520872, 0.0014982833527, -0.000390025699744, -0.00107248232234, 0.00834705960006, 0.000902165542357, -0.00204251753166], [4.57467103843e-05, 0.000535607570782, -0.000133271620143, -0.0022867245134, 0.000384484097594, 4.58315389551e-06, -0.000370033521904, -0.000196356879314, -0.000904973014258, -0.000753044034354, 0.000902165542357, 0.0100966850296, -0.00348947290331], [4.97053115396e-05, -0.000538980821148, -0.000754814012907, 0.0010493719019, -0.000401200755732, -0.00186712970026, 0.00159755896311, -0.00100086710881, 0.00378900230862, -0.00195086549502, -0.00204251753166, -0.00348947290331, 0.0130958836526]]}, "spectral_contrast_coeffs": {"dmean": [0.0442181229591, 0.0358114801347, 0.0344199724495, 0.0309263654053, 0.0228532552719, 0.0200204886496], "dmean2": [0.0727780237794, 0.0560116581619, 0.053138744086, 0.049248110503, 0.0360958762467, 0.0309558883309], "dvar": [0.00141435489058, 0.00102695845999, 0.000990039552562, 0.000741021707654, 0.000516040599905, 0.000392928021029], "dvar2": [0.00378359737806, 0.0025006455835, 0.00226041814312, 0.00176541809924, 0.00109124055598, 0.000904594315216], "max": [-0.275742053986, -0.422818601131, -0.489574462175, -0.536988854408, -0.568783402443, -0.580579936504], "mean": [-0.617775797844, -0.66997474432, -0.711818635464, -0.734922528267, -0.758008182049, -0.735214412212], "median": [-0.628601074219, -0.667031764984, -0.712024331093, -0.732905983925, -0.757619976997, -0.739123046398], "min": [-0.948663830757, -0.960113704205, -0.96913921833, -0.960592925549, -0.960596323013, -0.963809609413], "var": [0.00887194462121, 0.00586328143254, 0.0050384150818, 0.00308902398683, 0.00278054433875, 0.00235306774266]}, "spectral_contrast_valleys": {"dmean": [0.332381397486, 0.2868668437, 0.313202172518, 0.325877517462, 0.348443508148, 0.530137896538], "dmean2": [0.534070014954, 0.457863271236, 0.489441037178, 0.491825222969, 0.500458717346, 0.674847722054], "dvar": [0.0979334041476, 0.0812783762813, 0.104696840048, 0.122400984168, 0.187943831086, 0.416919440031], "dvar2": [0.215722501278, 0.166558772326, 0.210073977709, 0.238173484802, 0.38010686636, 0.867588460445], "max": [-5.01779508591, -5.472448349, -5.904