{"lowlevel": {"average_loudness": 0.250671476126, "barkbands_crest": {"dmean": 1.22690629959, "dmean2": 1.90544855595, "dvar": 2.85216712952, "dvar2": 9.96710681915, "max": 26.1559429169, "mean": 15.9345245361, "median": 17.1169910431, "min": 4.43795824051, "var": 18.5560054779}, "barkbands_flatness_db": {"dmean": 0.0132817160338, "dmean2": 0.0209785718471, "dvar": 0.000232864404097, "dvar2": 0.000826021831017, "max": 0.487296164036, "mean": 0.284690231085, "median": 0.279844462872, "min": 0.0594047494233, "var": 0.00589368678629}, "barkbands_kurtosis": {"dmean": 4.90268659592, "dmean2": 7.47168684006, "dvar": 40.0842819214, "dvar2": 114.706001282, "max": 134.107589722, "mean": 16.5430488586, "median": 12.1955003738, "min": -1.60948717594, "var": 254.015335083}, "barkbands_skewness": {"dmean": 0.48133829236, "dmean2": 0.708557665348, "dvar": 0.235018566251, "dvar2": 0.728796362877, "max": 10.0972595215, "mean": 3.29851794243, "median": 3.13466453552, "min": -1.91326999664, "var": 2.3931221962}, "barkbands_spread": {"dmean": 1.39560782909, "dmean2": 2.10011482239, "dvar": 3.33858656883, "dvar2": 7.42931365967, "max": 68.6381607056, "mean": 7.40098428726, "median": 5.87404680252, "min": 0.67868989706, "var": 32.8437957764}, "dissonance": {"dmean": 0.0222546029836, "dmean2": 0.0373364947736, "dvar": 0.000375257688574, "dvar2": 0.00105431675911, "max": 0.499336361885, "mean": 0.427472740412, "median": 0.433856070042, "min": 0.267777144909, "var": 0.00126647145953}, "dynamic_complexity": 5.16982412338, "erbbands_crest": {"dmean": 1.89353179932, "dmean2": 2.8443403244, "dvar": 2.82837200165, "dvar2": 6.21181344986, "max": 29.0864543915, "mean": 9.86424350739, "median": 9.03623580933, "min": 3.3408010006, "var": 13.9705734253}, "erbbands_flatness_db": {"dmean": 0.00848773308098, "dmean2": 0.0124494498596, "dvar": 5.03818228026e-05, "dvar2": 0.000116936105769, "max": 0.396560132504, "mean": 0.215823248029, "median": 0.202383413911, "min": 0.08907199651, "var": 0.00202801614068}, "erbbands_kurtosis": {"dmean": 0.465129643679, "dmean2": 0.727194011211, "dvar": 0.264539331198, "dvar2": 0.638601839542, "max": 9.24080657959, "mean": -0.271049022675, "median": -0.542093038559, "min": -1.7247992754, "var": 0.973062574863}, "erbbands_skewness": {"dmean": 0.24498540163, "dmean2": 0.370413273573, "dvar": 0.0385432839394, "dvar2": 0.088354639709, "max": 2.99454498291, "mean": 0.35918790102, "median": 0.346583396196, "min": -1.29438877106, "var": 0.254205405712}, "erbbands_spread": {"dmean": 4.534096241, "dmean2": 6.62395334244, "dvar": 14.6682453156, "dvar2": 29.9346637726, "max": 85.2218322754, "mean": 34.4969749451, "median": 34.69764328, "min": 7.99908256531, "var": 161.199462891}, "hfc": {"dmean": 1.70362830162, "dmean2": 2.42836785316, "dvar": 3.53519797325, "dvar2": 7.70216417313, "max": 87.5173187256, "mean": 15.70520401, "median": 15.2480077744, "min": 1.2195714047e-16, "var": 125.395195007}, "melbands_crest": {"dmean": 1.25514125824, "dmean2": 1.86600279808, "dvar": 2.84218716621, "dvar2": 8.62126541138, "max": 32.4711914062, "mean": 21.3149852753, "median": 22.7036857605, "min": 2.00615143776, "var": 20.8584938049}, "melbands_flatness_db": {"dmean": 0.0142457298934, "dmean2": 0.022263430059, "dvar": 0.000294818659313, "dvar2": 0.000996263697743, "max": 0.654454946518, "mean": 0.383587896824, "median": 0.375539451838, "min": 0.00395106710494, "var": 0.00877534691244}, "melbands_kurtosis": {"dmean": 8.80428123474, "dmean2": 12.5113315582, "dvar": 106.830055237, "dvar2": 230.469406128, "max": 232.98387146, "mean": 34.9895133972, "median": 26.3092403412, "min": -1.23866045475, "var": 913.083618164}, "melbands_skewness": {"dmean": 0.577761471272, "dmean2": 0.799992322922, "dvar": 0.252250373363, "dvar2": 0.582752525806, "max": 11.6837797165, "mean": 4.54058265686, "median": 4.27914047241, "min": -0.0564618445933, "var": 3.68421506882}, "melbands_spread": {"dmean": 1.32038414478, "dmean2": 1.89565205574, "dvar": 8.02662467957, "dvar2": 10.559343338, "max": 140.541595459, "mean": 6.39529418945, "median": 4.34649991989, "min": 0.684265077114, "var": 38.905506134}, "pitch_salience": {"dmean": 0.0417972430587, "dmean2": 0.0636868402362, "dvar": 0.002300320426, "dvar2": 0.00785090774298, "max": 0.84222561121, "mean": 0.340829581022, "median": 0.329494893551, "min": 0.0616475120187, "var": 0.0170914269984}, "silence_rate_20dB": {"dmean": 0.00200080033392, "dmean2": 0.00400240160525, "dvar": 0.00199674768373, "dvar2": 0.0043864636682, "max": 1, "mean": 0.973994791508, "median": 1, "min": 0, "var": 0.0253296010196}, "silence_rate_30dB": {"dmean": 0.0272108837962, "dmean2": 0.0544326603413, "dvar": 0.0264712329954, "dvar2": 0.0554704479873, "max": 1, "mean": 0.611522316933, "median": 1, "min": 0, "var": 0.237560912967}, "silence_rate_60dB": {"dmean": 0.00840336177498, "dmean2": 0.0168100856245, "dvar": 0.0083328653127, "dvar2": 0.0193289034069, "max": 1, "mean": 0.110422082245, "median": 0, "min": 0, "var": 0.0982281565666}, "spectral_centroid": {"dmean": 82.3890151978, "dmean2": 127.111930847, "dvar": 26704.0976562, "dvar2": 34499.6054688, "max": 11300.6054688, "mean": 598.788391113, "median": 564.555603027, "min": 160.659713745, "var": 107770.429688}, "spectral_complexity": {"dmean": 1.49819922447, "dmean2": 2.54952979088, "dvar": 1.88380181789, "dvar2": 4.98396062851, "max": 27, "mean": 12.8503704071, "median": 14, "min": 0, "var": 33.7961006165}, "spectral_decrease": {"dmean": 1.84508219814e-09, "dmean2": 2.25894192241e-09, "dvar": 4.91185431203e-18, "dvar2": 8.26358891333e-18, "max": 3.09646622931e-29, "mean": -2.37717134866e-08, "median": -1.79011774293e-08, "min": -1.67330284739e-07, "var": 5.62494727937e-16}, "spectral_energy": {"dmean": 0.00705464603379, "dmean2": 0.00865807756782, "dvar": 7.14297129889e-05, "dvar2": 0.000120102056826, "max": 0.638308465481, "mean": 0.0911441296339, "median": 0.0690176188946, "min": 1.09450010259e-20, "var": 0.00818009581417}, "spectral_energyband_high": {"dmean": 3.1301384297e-05, "dmean2": 5.40019100299e-05, "dvar": 3.16436943315e-09, "dvar2": 9.39336963768e-09, "max": 0.00132379680872, "mean": 7.7191296441e-05, "median": 5.26808616996e-05, "min": 7.94208660193e-21, "var": 1.10739746262e-08}, "spectral_energyband_low": {"dmean": 0.00645224424079, "dmean2": 0.00785078015178, "dvar": 6.71598536428e-05, "dvar2": 0.000113953115942, "max": 0.600194334984, "mean": 0.0765299871564, "median": 0.0506714470685, "min": 6.83399920959e-23, "var": 0.00744253024459}, "spectral_energyband_middle_high": {"dmean": 0.000774432555772, "dmean2": 0.00117546110414, "dvar": 8.93792957868e-07, "dvar2": 2.06610206988e-06, "max": 0.0189608186483, "mean": 0.00272419280373, "median": 0.00251985364594, "min": 1.5505478368e-21, "var": 4.51936193713e-06}, "spectral_energyband_middle_low": {"dmean": 0.00219858763739, "dmean2": 0.00249838782474, "dvar": 6.42394252282e-06, "dvar2": 1.07040068542e-05, "max": 0.110444493592, "mean": 0.0128167141229, "median": 0.010781836696, "min": 3.42571342546e-22, "var": 0.000124489160953}, "spectral_entropy": {"dmean": 0.0784543827176, "dmean2": 0.117366492748, "dvar": 0.00575115438551, "dvar2": 0.0125419395044, "max": 9.79816913605, "mean": 6.4832201004, "median": 6.56948661804, "min": 5.00631713867, "var": 0.177174299955}, "spectral_flux": {"dmean": 0.00808002986014, "dmean2": 0.0137754576281, "dvar": 6.34669995634e-05, "dvar2": 0.000181679293746, "max": 0.156590953469, "mean": 0.0427838377655, "median": 0.0427650362253, "min": 1.04618355645e-10, "var": 0.000415367278038}, "spectral_kurtosis": {"dmean": 4.03747415543, "dmean2": 6.96283721924, "dvar": 27.5901489258, "dvar2": 80.2483291626, "max": 125.587722778, "mean": 13.055560112, "median": 7.80890464783, "min": -1.14025866985, "var": 273.850463867}, "spectral_rms": {"dmean": 0.000391066248994, "dmean2": 0.000496243941598, "dvar": 1.41049852687e-07, "dvar2": 3.4105593727e-07, "max": 0.0249547585845, "mean": 0.00819594599307, "median": 0.00820574630052, "min": 3.26772853568e-12, "var": 2.17476645048e-05}, "spectral_rolloff": {"dmean": 78.5406265259, "dmean2": 127.38520813, "dvar": 112710.375, "dvar2": 147545.140625, "max": 18992.2851562, "mean": 346.045806885, "median": 172.265625, "min": 86.1328125, "var": 280756.0625}, "spectral_skewness": {"dmean": 0.308370262384, "dmean2": 0.52722120285, "dvar": 0.0867902263999, "dvar2": 0.24598506093, "max": 8.87184810638, "mean": 2.34828948975, "median": 1.94254505634, "min": -0.0154055049643, "var": 1.69183778763}, "spectral_spread": {"dmean": 158868.015625, "dmean2": 252669.84375, "dvar": 280339415040, "dvar2": 250686586880, "max": 38868168, "mean": 2402499.75, "median": 2471215.5, "min": 684566.5, "var": 759164960768}, "spectral_strongpeak": {"dmean": 0.124617472291, "dmean2": 0.207447692752, "dvar": 0.0514176674187, "dvar2": 0.132634237409, "max": 3.36521244049, "mean": 0.740608692169, "median": 0.784048199654, "min": 0, "var": 0.197961911559}, "zerocrossingrate": {"dmean": 0.00259683956392, "dmean2": 0.00316674378701, "dvar": 6.06362409599e-05, "dvar2": 6.73444883432e-05, "max": 0.5712890625, "mean": 0.0169184226543, "median": 0.0126953125, "min": 0.001953125, "var": 0.000332487630658}, "barkbands": {"dmean": [0.000258179410594, 0.00509053189307, 0.00180589815136, 0.00073666399112, 0.000406479724916, 0.00146264990326, 0.000140268879477, 0.00027424399741, 0.000682414858602, 0.00012237970077, 0.000330956885591, 0.000137256385642, 0.000260550878011, 0.000116557537694, 8.86752677616e-05, 0.000352995586582, 6.21719882474e-05, 0.00010822549666, 3.91287539969e-05, 3.62185674021e-05, 7.11053098712e-06, 4.41336169388e-06, 1.76740581992e-06, 7.14170425908e-07, 2.08426214954e-07, 7.87563436688e-08, 3.59055185584e-08], "dmean2": [0.000458595342934, 0.00635252194479, 0.00234078639187, 0.000952067843173, 0.000553435878828, 0.00142885942478, 0.000226937059779, 0.000354084651917, 0.000812441459857, 0.000169657665538, 0.000492892577313, 0.000206409298698, 0.000420132622821, 0.000172658546944, 0.000143350698636, 0.00057693925919, 0.00010533866589, 0.000187658370123, 6.77211282891e-05, 6.27447516308e-05, 1.20580498333e-05, 7.56010513214e-06, 3.01725799545e-06, 1.20634251743e-06, 3.47572068904e-07, 1.27244504711e-07, 5.85407740061e-08], "dvar": [4.47473837539e-07, 4.16973198298e-05, 5.77532273383e-06, 1.86454190043e-06, 5.05596290168e-07, 2.92709046334e-06, 1.10159433575e-07, 2.41920645294e-07, 8.51836375659e-07, 8.11950187085e-08, 2.61468500184e-07, 8.81819843812e-08, 1.47294770159e-07, 6.19025115611e-08, 2.21495515262e-08, 3.51887422312e-07, 6.88507517665e-09, 2.40862618739e-08, 3.59043839104e-09, 3.56292351178e-09, 1.42584055673e-10, 7.33599847536e-11, 2.09963192666e-11, 5.9743165276e-12, 3.13240671465e-13, 5.70379247306e-14, 1.89003509837e-14], "dvar2": [1.28815884182e-06, 7.61376213632e-05, 1.1351366993e-05, 3.50811114913e-06, 1.15666227885e-06, 3.82999769499e-06, 2.87423802092e-07, 3.80625436947e-07, 1.16738260658e-06, 1.46790611666e-07, 5.52276105736e-07, 1.81904695751e-07, 3.59558640639e-07, 1.36129088446e-07, 5.55387416057e-08, 8.98504765701e-07, 1.95489935351e-08, 6.76427447388e-08, 1.02952943948e-08, 1.05920578974e-08, 3.83316295371e-10, 1.99922065014e-10, 6.18649159678e-11, 1.85799309965e-11, 8.58105416151e-13, 1.51523270927e-13, 5.04156619067e-14], "max": [0.0131825506687, 0.46062797308, 0.137722730637, 0.0799451172352, 0.0288521144539, 0.0431189127266, 0.0121720684692, 0.013510462828, 0.0205187872052, 0.00527150277048, 0.00985857192427, 0.00614289101213, 0.00553895160556, 0.00545387621969, 0.00319284806028, 0.0110962418839, 0.0011114468798, 0.00170534919016, 0.000757223868277, 0.000877703423612, 0.000350768998032, 0.000445297046099, 0.000222109301831, 0.000134031841299, 3.4419066651e-05, 7.12687824489e-06, 3.46372780768e-06], "mean": [0.00027655356098, 0.0585848204792, 0.0167028643191, 0.00341806956567, 0.00176864385139, 0.00515040103346, 0.000321457919199, 0.000573552097194, 0.00150038546417, 0.000233563958318, 0.000560599844903, 0.000276972015854, 0.000390193163184, 0.000234837454627, 0.000146113656228, 0.000541901681572, 0.000114246613521, 0.000174422937562, 7.5172225479e-05, 6.41001679469e-05, 1.66280533449e-05, 1.05668250399e-05, 4.7973353503e-06, 2.23788924814e-06, 7.59290117003e-07, 2.20984389898e-07, 5.99599303541e-08], "median": [6.21601720923e-05, 0.0369676016271, 0.0118147311732, 0.00119560968596, 0.000886209483724, 0.00371026340872, 0.000129619322252, 0.000213314880966, 0.000932776834816, 8.60013969941e-05, 0.000283699569991, 7.22491458873e-05, 0.000212475060835, 5.25844043295e-05, 8.22760048322e-05, 0.000245927454671, 7.4577430496e-05, 0.000108484542579, 5.17000080436e-05, 4.01710203732e-05, 1.13254291136e-05, 6.39741347186e-06, 3.12269548886e-06, 1.2732173218e-06, 4.90689046728e-07, 1.25807929408e-07, 1.37023796754e-08], "min": [1.30170411287e-23, 1.71767599022e-23, 1.45373796192e-23, 3.67868590853e-23, 6.54648465319e-23, 6.07357011357e-23, 3.22804028118e-23, 7.24130639653e-23, 5.04207925973e-23, 8.65194304963e-23, 6.12737042731e-23, 5.85955593652e-23, 8.63124460165e-23, 8.19090055109e-23, 1.00981503876e-22, 2.54659042438e-22, 1.16647170737e-22, 2.09016484473e-22, 2.55294422565e-22, 4.69786434758e-22, 4.38177119074e-22, 4.48255908921e-22, 6.72606789163e-22, 9.85236329139e-22, 1.3313542641e-21, 1.67996979579e-21, 2.40094282088e-21], "var": [4.5693394668e-07, 0.00458790874109, 0.00035283685429, 3.7096622691e-05, 6.39269046587e-06, 2.62802204816e-05, 4.85886005208e-07, 8.27802409731e-07, 3.31935325448e-06, 1.96213235881e-07, 6.45904719931e-07, 2.96121669408e-07, 2.65458282911e-07, 2.05872382253e-07, 4.76441996966e-08, 6.02823774898e-07, 1.58896895641e-08, 3.88788059524e-08, 6.74645539434e-09, 6.31207797142e-09, 7.59939222661e-10, 4.93420193592e-10, 1.38763237012e-10, 4.53172430137e-11, 3.11591681276e-12, 2.25473434953e-13, 4.10121460718e-14]}, "erbbands": {"dmean": [0.0575479082763, 1.40526986122, 2.86055469513, 1.52695846558, 2.44351100922, 1.09571075439, 3.04236006737, 17.573720932, 2.85933423042, 4.72406816483, 3.23543334007, 20.2969665527, 5.81931638718, 4.94853544235, 14.1854743958, 4.49468278885, 12.0422992706, 6.83938741684, 5.41428422928, 10.2269420624, 11.1900835037, 3.60222554207, 6.77631664276, 3.06387686729, 1.3054394722, 1.48737001419, 0.601561129093, 0.229865267873, 0.193605110049, 0.0984396785498, 0.0533600449562, 0.0212523117661, 0.0088077513501, 0.00369727239013, 0.00135059270542, 0.00030391861219, 0.000185932280147, 4.40987205366e-05, 8.44513942866e-06, 7.69318558014e-06], "dmean2": [0.0893005728722, 1.72123610973, 3.41223907471, 2.10226464272, 3.18258857727, 1.49779677391, 3.41250658035, 16.7362995148, 4.04046297073, 6.18095541, 4.14692258835, 23.8833312988, 7.55768918991, 6.72247648239, 21.7847061157, 6.74781513214, 19.3731403351, 9.99669647217, 8.7042722702, 16.6678695679, 18.2974510193, 6.14982032776, 11.7888097763, 5.28751993179, 2.25612282753, 2.57769489288, 1.02596831322, 0.396155685186, 0.335645914078, 0.168658897281, 0.0920789316297, 0.0360347814858, 0.0144860967994, 0.00618713069707, 0.00223413459025, 0.000506694952492, 0.00029827633989, 7.04822741682e-05, 1.27511120809e-05, 9.50831145019e-06], "dvar": [0.00668672611937, 3.16080260277, 13.9465360641, 5.86208534241, 25.228471756, 3.71502947807, 14.4511785507, 418.783935547, 31.5651893616, 68.3638305664, 31.5113048553, 745.415161133, 87.9076766968, 126.770256042, 512.690979004, 78.6870880127, 303.87121582, 167.456375122, 44.239074707, 278.521270752, 320.796081543, 23.4337425232, 106.019332886, 26.9061031342, 3.38244080544, 6.84466743469, 0.966589093208, 0.173692554235, 0.134694576263, 0.0739290043712, 0.0145679414272, 0.00612836703658, 0.000792775535956, 9.91221750155e-05, 8.57947634358e-06, 6.27547024123e-07, 4.5072513899e-07, 2.74271449996e-08, 6.31806107432e-10, 8.42660385914e-11], "dvar2": [0.019109537825, 5.51294183731, 23.1722736359, 13.3332214355, 47.1569137573, 8.21379089355, 25.0351867676, 517.916625977, 82.5700912476, 98.9630584717, 52.6106033325, 994.590576172, 159.678543091, 217.831420898, 1136.64648438, 171.615280151, 743.434326172, 341.297515869, 113.907829285, 703.608886719, 828.451843262, 68.4971313477, 297.907684326, 77.4290924072, 9.93110084534, 20.281288147, 2.72710824013, 0.517001271248, 0.377172738314, 0.205874934793, 0.0432777218521, 0.0200673099607, 0.00227989722043, 0.000293755671009, 2.20973433898e-05, 1.81671339305e-06, 1.17459501325e-06, 7.31872233928e-08, 1.63812063914e-09, 1.42172773554e-10], "max": [3.90941429138, 128.702438354, 255.852035522, 112.387741089, 267.994445801, 55.5013618469, 104.788551331, 525.646240234, 238.306518555, 264.82321167, 133.620269775, 599.50958252, 156.998443604, 352.625335693, 357.000579834, 220.305603027, 251.424484253, 295.403656006, 85.8130722046, 305.402984619, 321.373321533, 75.3993225098, 110.452362061, 69.5607833862, 30.2826900482, 40.017993927, 19.450094223, 16.1945438385, 13.8877286911, 16.9378890991, 6.34270000458, 4.0388841629, 1.44811666012, 0.534599363804, 0.168842643499, 0.0468458868563, 0.0190060008317, 0.00422859564424, 0.000745890894905, 0.000692302011885], "mean": [0.454299211502, 16.4052047729, 31.5603427887, 9.55106067657, 10.9591875076, 4.5504527092, 12.2078771591, 61.6201133728, 9.24032974243, 10.7644672394, 8.21961116791, 44.6048545837, 13.7462177277, 10.5317239761, 23.6968288422, 10.0178508759, 19.3593139648, 14.8749732971, 10.7167778015, 16.8775253296, 18.6694374084, 7.7148680687, 10.5328865051, 5.50160503387, 2.99914717674, 2.74220919609, 1.24376797676, 0.546359539032, 0.427308171988, 0.249889969826, 0.1428232342, 0.0644753277302, 0.0288048759103, 0.0120701920241, 0.00449082162231, 0.00114868150558, 0.000447975209681, 9.21839746297e-05, 5.18503547937e-05, 9.99306357699e-05], "median": [0.305966407061, 10.3780174255, 20.8402900696, 7.44079780579, 2.84534287453, 2.37545728683, 9.11053371429, 43.6298065186, 6.26932668686, 5.15742063522, 4.52009010315, 27.9022216797, 8.50728321075, 4.62429237366, 13.2183542252, 3.98967933655, 10.9527835846, 6.58009243011, 8.0937833786, 8.44770812988, 9.97251987457, 6.02223825455, 6.17839097977, 3.42943000793, 2.46976351738, 1.79297077656, 0.786966919899, 0.382776349783, 0.246012970805, 0.146016538143, 0.0836759284139, 0.0390127748251, 0.0190696809441, 0.0078649641946, 0.00302628916688, 0.000839914835524, 0.000218047018279, 3.46345696016e-05, 4.15284157498e-05, 7.62105701142e-05], "min": [1.07974989303e-21, 1.79979375357e-21, 1.08100906145e-20, 9.40805631162e-20, 6.44952012749e-20, 2.71250074595e-19, 6.21709413684e-19, 3.77137930097e-19, 3.10195754087e-19, 7.61959592602e-19, 1.8472789759e-18, 1.34565535255e-18, 1.67426039891e-18, 3.9151786017e-18, 1.77939184944e-18, 2.8375049522e-18, 4.33670736032e-18, 3.80120758895e-18, 4.97324269401e-18, 9.50216697635e-18, 1.19516299227e-17, 7.87422590001e-18, 1.11468683863e-17, 1.16264486803e-17, 1.55562547303e-17, 2.35119951438e-17, 1.39088732552e-17, 1.99439747326e-17, 1.49124617139e-17, 2.21965430506e-17, 1.71077328852e-17, 1.65923315348e-17, 1.80660778731e-17, 1.2519378571e-17, 1.1329823367e-17, 6.72454080151e-18, 2.96439466496e-18, 1.05780683914e-18, 3.20431157739e-19, 3.99787731469e-20], "var": [0.265501081944, 361.629455566, 1317.2755127, 99.143447876, 457.657592773, 45.6039047241, 129.502182007, 3865.57763672, 166.134246826, 272.974609375, 123.058113098, 2930.31494141, 284.367126465, 458.044250488, 1029.04345703, 282.776763916, 585.598999023, 611.186767578, 104.648963928, 506.843017578, 580.440917969, 52.508731842, 161.029251099, 45.546081543, 8.82087421417, 12.3416595459, 2.90395903587, 0.716491401196, 0.629135072231, 0.471813172102, 0.102749235928, 0.0391666926444, 0.00523540051654, 0.000842267181724, 8.19537453935e-05, 5.44042995898e-06, 1.07419191409e-06, 5.99620619823e-08, 3.1283511337e-09, 9.62330481968e-09]}, "gfcc": {"mean": [-83.5999069214, 172.289764404, -113.713752747, 32.7117805481, -25.3442344666, 1.86571025848, -16.788898468, 2.33246970177, -3.92596960068, -4.60609912872, -0.56192356348, -6.56064271927, -0.481668204069], "cov": [[23186.0097656, -1127.97692871, -3679.17407227, 2649.87011719, 266.425262451, 121.674316406, -55.6009025574, 260.632263184, -14.7559585571, -574.263916016, -195.350112915, 12.3265237808, 142.882659912], [-1127.97692871, 784.786804199, 656.526794434, -92.5204467773, 328.57333374, 73.208404541, 201.980361938, 13.1074237823, 65.6160125732, -7.65581130981, 34.6276893616, -104.727523804, -25.2751922607], [-3679.17407227, 656.526794434, 1772.58764648, -55.6096305847, 361.238189697, 380.326568604, 283.545654297, 89.2279052734, 48.7754898071, 143.159439087, -25.6042995453, -112.672470093, -167.017303467], [2649.87011719, -92.5204467773, -55.6096305847, 555.400817871, 165.545349121, 174.56489563, 78.7089691162, 79.970993042, 19.0893554688, -37.6654548645, -43.3527145386, -30.722070694, -28.7459068298], [266.425262451, 328.57333374, 361.238189697, 165.545349121, 345.629669189, 153.886795044, 164.265853882, 53.128944397, 57.8624267578, -6.06722640991, 5.05012226105, -62.886505127, -31.3211936951], [121.674316406, 73.208404541, 380.326568604, 174.56489563, 153.886795044, 261.884368896, 124.702102661, 70.1863861084, 6.26731395721, 21.0305042267, -43.4794769287, -38.8636932373, -69.743560791], [-55.6009025574, 201.980361938, 283.545654297, 78.7089691162, 164.265853882, 124.702102661, 180.888076782, 69.2930145264, 38.6533546448, -8.1054019928, -6.95780181885, -46.1708335876, -25.1280822754], [260.632263184, 13.1074237823, 89.2279052734, 79.970993042, 53.128944397, 70.1863861084, 69.2930145264, 94.9827957153, 33.4164352417, -9.12862968445, -35.9357948303, -25.10206604, -19.7893447876], [-14.7559585571, 65.6160125732, 48.7754898071, 19.0893554688, 57.8624267578, 6.26731395721, 38.6533546448, 33.4164352417, 83.3204421997, 15.6736135483, 4.44690132141, -17.1802749634, 10.8418121338], [-574.263916016, -7.65581130981, 143.159439087, -37.6654548645, -6.06722640991, 21.0305042267, -8.1054019928, -9.12862968445, 15.6736135483, 72.4882507324, 19.8657836914, -0.431838214397, -15.5820980072], [-195.350112915, 34.6276893616, -25.6042995453, -43.3527145386, 5.05012226105, -43.4794769287, -6.95780181885, -35.9357948303, 4.44690132141, 19.8657836914, 85.7342987061, 33.5778236389, 24.532585144], [12.3265237808, -104.727523804, -112.672470093, -30.722070694, -62.886505127, -38.8636932373, -46.1708335876, -25.10206604, -17.1802749634, -0.431838214397, 33.5778236389, 78.7711639404, 34.4740257263], [142.882659912, -25.2751922607, -167.017303467, -28.7459068298, -31.3211936951, -69.743560791, -25.1280822754, -19.7893447876, 10.8418121338, -15.5820980072, 24.532585144, 34.4740257263, 83.5735473633]], "icov": [[0.000335494463798, -0.000534531194717, 0.000878497492522, -0.00150617852341, 6.4168809331e-05, -0.000195695931325, 0.00011446478311, -0.000381132063922, 0.000213036415516, 7.81547059887e-05, 0.000252593716141, -0.000428053055657, 0.000396589399315], [-0.000534531194717, 0.00595825025812, -0.00300975167193, 0.00375843816437, -0.00322871282697, 0.00192882784177, -0.00174481666181, 0.00282646273263, -0.0015221121721, 0.0043979967013, -0.00285053392872, 0.00506863743067, -0.0016985819675], [0.000878497492522, -0.00300975167193, 0.0042978762649, -0.00352663104422, 0.000128305779072, -0.00206125411205, -0.000399334734539, -0.00158325349912, 0.00141893420368, -0.00369804515503, 0.00211450550705, -0.00268735573627, 0.00241111381911], [-0.00150617852341, 0.00375843816437, -0.00352663104422, 0.0104107540101, -0.00261822738685, -0.0014076877851, 0.000192503866856, 0.000866191403475, -0.00132801418658, 0.00157323526219, -0.00192832830362, 0.00325020006858, -0.00195722933859], [6.4168809331e-05, -0.00322871282697, 0.000128305779072, -0.00261822738685, 0.00976649206132, -0.00296045886353, -0.00185051572043, 0.00107928924263, -0.00312596955337, 0.00144829764031, -0.00206606159918, 0.000572854536586, 0.000204259617021], [-0.000195695931325, 0.00192882784177, -0.00206125411205, -0.0014076877851, -0.00296045886353, 0.0133509831503, -0.00569946924224, -0.000637220044155, 0.00350890564732, -0.00426524318755, 0.00470707658678, -0.0028026169166, 0.00300588109531], [0.00011446478311, -0.00174481666181, -0.000399334734539, 0.000192503866856, -0.00185051572043, -0.00569946924224, 0.0178589522839, -0.00836302805692, -0.00124851916917, 0.00553250452504, -0.00603995006531, 0.00396924745291, -0.00218649441376], [-0.000381132063922, 0.00282646273263, -0.00158325349912, 0.000866191403475, 0.00107928924263, -0.000637220044155, -0.00836302805692, 0.0243719052523, -0.00960097182542, 0.00409663654864, 0.00617958325893, -0.0003209564602, 0.00209725112654], [0.000213036415516, -0.0015221121721, 0.00141893420368, -0.00132801418658, -0.00312596955337, 0.00350890564732, -0.00124851916917, -0.00960097182542, 0.0219614505768, -0.0106611503288, 0.000893540331163, 0.00145362445619, -0.00503643555567], [7.81547059887e-05, 0.0043979967013, -0.00369804515503, 0.00157323526219, 0.00144829764031, -0.00426524318755, 0.00553250452504, 0.00409663654864, -0.0106611503288, 0.0315329246223, -0.0119832297787, 0.00688085379079, 0.00190567597747], [0.000252593716141, -0.00285053392872, 0.00211450550705, -0.00192832830362, -0.00206606159918, 0.00470707658678, -0.00603995006531, 0.00617958325893, 0.000893540331163, -0.0119832297787, 0.025450617075, -0.0135394148529, 0.000833516183775], [-0.000428053055657, 0.00506863743067, -0.00268735573627, 0.00325020006858, 0.000572854536586, -0.0028026169166, 0.00396924745291, -0.0003209564602, 0.00145362445619, 0.00688085379079, -0.0135394148529, 0.0286060441285, -0.00972577091306], [0.000396589399315, -0.0016985819675, 0.00241111381911, -0.00195722933859, 0.000204259617021, 0.00300588109531, -0.00218649441376, 0.00209725112654, -0.00503643555567, 0.00190567597747, 0.000833516183775, -0.00972577091306, 0.0221191234887]]}, "melbands": {"dmean": [0.000977387302555, 0.00170850090217, 0.000312296702759, 0.000105404025817, 0.000105029488623, 0.000344827451045, 3.64487168554e-05, 5.97931139055e-05, 2.09532681765e-05, 0.000135303169372, 2.49495624303e-05, 1.92596562556e-05, 4.0618586354e-05, 2.30634650507e-05, 1.11948484118e-05, 3.51555063389e-05, 1.21526127259e-05, 9.54113875196e-06, 5.28145619683e-06, 3.33452735504e-05, 7.83733048593e-06, 4.48451373813e-06, 6.24067524768e-06, 3.54359212906e-06, 2.79014011539e-06, 1.30522334985e-06, 8.27672863579e-07, 1.32237471462e-06, 5.99414249791e-07, 1.72062271986e-07, 1.4173890861e-07, 1.56744633273e-07, 5.63247795071e-08, 5.18383487247e-08, 3.81009606087e-08, 2.43519959753e-08, 1.354437007e-08, 7.60387397492e-09, 5.60218893497e-09, 2.96679791845e-09], "dmean2": [0.00133264577016, 0.00197469280101, 0.000414170848671, 0.000141255033668, 0.000117525320093, 0.000331495975843, 5.56591985514e-05, 7.78685280238e-05, 2.75361326203e-05, 0.000159870338393, 3.35975746566e-05, 2.59619409917e-05, 6.16509278188e-05, 3.50155241904e-05, 1.72704749275e-05, 5.67845818296e-05, 1.72519230546e-05, 1.54547087732e-05, 8.65901256475e-06, 5.43607493455e-05, 1.29138779812e-05, 7.68892186898e-06, 1.08617468868e-05, 6.10733741269e-06, 4.8243468882e-06, 2.25087910621e-06, 1.43050669976e-06, 2.29842021326e-06, 1.02565616089e-06, 2.95629490665e-07, 2.45895705575e-07, 2.71995986623e-07, 9.67012212527e-08, 8.87122624249e-08, 6.5917824088e-08, 4.15071355064e-08, 2.27780283524e-08, 1.26909229792e-08, 9.46142009184e-09, 5.0457669154e-09], "dvar": [1.59927890309e-06, 4.72588772027e-06, 2.72171462257e-07, 3.96499508781e-08, 1.62092010925e-08, 1.61169637636e-07, 5.7997411318e-09, 1.10850306712e-08, 1.34584032807e-09, 3.34145440206e-08, 2.09751416236e-09, 1.90777527109e-09, 3.95522103958e-09, 1.51207701915e-09, 9.84204384658e-10, 2.73683542495e-09, 8.5746826306e-10, 1.60263247118e-10, 2.20011300844e-10, 3.26601146128e-09, 1.5211280846e-10, 3.8637228833e-11, 8.15609385585e-11, 2.64814212225e-11, 2.33312449222e-11, 2.89205031451e-12, 3.38327781589e-12, 6.15276753158e-12, 1.12568808441e-12, 1.30650129387e-13, 8.95149568619e-14, 8.28809406089e-14, 3.20342812335e-14, 2.24537304304e-14, 8.54824210413e-15, 4.17060600261e-15, 2.11738268012e-15, 6.97194195314e-16, 1.67569480867e-16, 1.0332630007e-16], "dvar2": [3.53031418854e-06, 7.2428852036e-06, 5.24716597283e-07, 8.21511818572e-08, 2.79529803748e-08, 2.0353581931e-07, 1.56497090842e-08, 1.63890039317e-08, 2.3233137636e-09, 4.50707808852e-08, 3.94102039891e-09, 3.29744875849e-09, 8.73042438343e-09, 3.05275849044e-09, 2.25571517021e-09, 6.66532384841e-09, 1.72748571003e-09, 4.2178166515e-10, 5.50032741575e-10, 8.31536794976e-09, 3.98617222563e-10, 1.13282640213e-10, 2.30839652948e-10, 7.33998556379e-11, 6.7281694105e-11, 8.29013246939e-12, 1.0221037558e-11, 1.82090401785e-11, 3.21960492121e-12, 3.83436338236e-13, 2.6681787205e-13, 2.31645919894e-13, 9.07591262886e-14, 6.36233958313e-14, 2.48445452985e-14, 1.36311800945e-14, 6.69521734806e-15, 2.03783231033e-15, 4.61401292743e-16, 3.03546353338e-16], "max": [0.082053989172, 0.161319643259, 0.0297190435231, 0.00984960980713, 0.00313220405951, 0.0102584240958, 0.00297100958414, 0.003260465106, 0.000846478971653, 0.00405273446813, 0.000766339944676, 0.0013081219513, 0.00096872105496, 0.000710748136044, 0.000969620246906, 0.000754027685616, 0.000677884032484, 0.000192916646483, 0.000327375717461, 0.00106922129635, 0.000176564411959, 9.52178670559e-05, 0.000101103170891, 5.19402201462e-05, 6.34208336123e-05, 1.83338725037e-05, 3.59714140359e-05, 3.55608426617e-05, 1.81416598934e-05, 1.09306447484e-05, 8.63577133714e-06, 7.49697801439e-06, 1.08126268969e-05, 8.46142665978e-06, 4.11830660596e-06, 2.78549168797e-06, 2.37856056629e-06, 1.20080562738e-06, 5.9991418766e-07, 4.98529118431e-07], "mean": [0.0102072721347, 0.0203665886074, 0.00199452135712, 0.00048474475625, 0.000441597076133, 0.00121163029689, 0.000106340638013, 0.000129340070998, 5.20366847923e-05, 0.000294172670692, 5.51061639271e-05, 3.77967808163e-05, 6.95768612786e-05, 4.29134088336e-05, 2.2964186428e-05, 5.03377959831e-05, 2.5175337214e-05, 1.73151274794e-05, 8.79308117874e-06, 4.9047437642e-05, 1.34275405799e-05, 7.95115647634e-06, 9.62221838563e-06, 6.02863065069e-06, 4.42306827608e-06, 2.52100358011e-06, 1.57574129389e-06, 2.10146936297e-06, 1.08048811853e-06, 3.5242791796e-07, 2.83233134724e-07, 2.94061806017e-07, 1.37480967055e-07, 1.20155789318e-07, 8.8112365404e-08, 5.63364856987e-08, 3.47386190924e-08, 2.09827923925e-08, 1.53570329786e-08, 8.33009838885e-09], "median": [0.0065941833891, 0.013187601231, 0.00137800583616, 0.000223109222134, 0.000328032037942, 0.000862504180986, 6.64234685246e-05, 5.55781480216e-05, 2.82719720417e-05, 0.000182314892299, 3.01165619021e-05, 1.21571119962e-05, 3.93371228711e-05, 2.032645898e-05, 5.93519553149e-06, 2.57180072367e-05, 5.1842580433e-06, 1.22527490021e-05, 2.56440603152e-06, 2.03179461096e-05, 7.49717992221e-06, 5.26521262145e-06, 5.96182599111e-06, 3.61847196473e-06, 2.25065514314e-06, 1.84394798453e-06, 6.65338234285e-07, 9.82853634923e-07, 5.64520064472e-07, 1.92846670188e-07, 1.33584208584e-07, 1.41904820339e-07, 5.73263641002e-08, 6.80547884713e-08, 4.20601189433e-08, 3.49759154972e-08, 1.67706293297e-08, 1.29649118108e-08, 9.22194409725e-09, 4.95349805618e-09], "min": [7.68600511706e-24, 4.36639204762e-24, 1.42377308043e-23, 9.90506532142e-24, 2.0559468039e-23, 9.11322094426e-24, 5.32274705568e-24, 8.76132113849e-24, 1.44586623449e-23, 8.38269156981e-24, 7.71933449031e-24, 1.55004494113e-23, 6.92026730269e-24, 5.56674804456e-24, 8.88122878495e-24, 8.62739464489e-24, 7.11113140985e-24, 7.29516634815e-24, 1.0470703834e-23, 1.47093970505e-23, 1.33267778968e-23, 7.94473808334e-24, 6.55650381777e-24, 1.19617787403e-23, 8.85022339593e-24, 1.05729244301e-23, 1.43587404895e-23, 1.58614479387e-23, 8.4552202303e-24, 9.01278238494e-24, 1.19455960477e-23, 6.41780037696e-24, 1.19705808503e-23, 1.33148392759e-23, 9.42909978337e-24, 9.65057484909e-24, 1.01539075497e-23, 1.45371981812e-23, 7.95870092136e-24, 1.20539713366e-23], "var": [0.000137751078, 0.000548343348783, 5.86317628404e-06, 6.19133288637e-07, 1.77616158226e-07, 1.48003323375e-06, 2.69243933815e-08, 4.13274499067e-08, 5.17132470179e-09, 1.30218339223e-07, 6.02772498581e-09, 6.58097576434e-09, 8.35278513023e-09, 4.33711466741e-09, 3.36677774548e-09, 4.82901540977e-09, 2.99794100656e-09, 3.38530259381e-10, 4.4677475608e-10, 5.47360601288e-09, 2.92291829629e-10, 7.78092798526e-11, 1.22296464622e-10, 4.71076060105e-11, 3.67142045932e-11, 6.39588946041e-12, 7.15179174562e-12, 9.57621482112e-12, 2.61433106066e-12, 3.66717913631e-13, 2.44803661934e-13, 2.36421261257e-13, 2.1310041134e-13, 1.19852410873e-13, 4.22247279459e-14, 2.05356073807e-14, 1.21447719503e-14, 2.97368322661e-15, 1.09115239546e-15, 5.69944594466e-16]}, "mfcc": {"mean": [-717.513793945, 183.464248657, -7.85609912872, 43.7719917297, 14.8895330429, 9.59892749786, 4.68246126175, 11.0340280533, 3.3921983242, 5.39767122269, 1.07818853855, 5.71198987961, 4.22669696808], "cov": [[13821.5976562, 2160.69506836, -2050.62817383, 794.828857422, 85.5868377686, 420.27645874, 147.657196045, 518.057189941, 80.3185119629, 19.5472106934, -332.653747559, -63.987651825, -168.936813354], [2160.69506836, 1314.34033203, -228.438232422, 173.254058838, 129.464569092, 130.3152771, 161.641113281, 154.993469238, 79.9476242065, 39.3940200806, -34.2639961243, -37.9755325317, -33.8806381226], [-2050.62817383, -228.438232422, 1108.18591309, 155.267837524, 212.939468384, 256.876281738, 208.585678101, 77.8598403931, 107.597267151, 140.283508301, 120.299156189, 61.1647109985, 7.95368671417], [794.828857422, 173.254058838, 155.267837524, 291.583618164, 158.777664185, 170.075332642, 108.81867981, 115.168106079, 76.3232269287, 65.6078643799, 18.0844211578, 20.3373260498, -11.0244731903], [85.5868377686, 129.464569092, 212.939468384, 158.777664185, 191.62411499, 161.21144104, 111.675743103, 80.1177062988, 62.8833656311, 60.4790344238, 29.6206569672, 26.2999019623, 5.68369245529], [420.27645874, 130.3152771, 256.876281738, 170.075332642, 161.21144104, 255.910232544, 158.044891357, 105.661003113, 68.2851715088, 72.3578338623, 37.2065124512, 31.9509391785, -7.05267953873], [147.657196045, 161.641113281, 208.585678101, 108.81867981, 111.675743103, 158.044891357, 174.078948975, 106.175857544, 61.8027763367, 52.6813850403, 25.6200485229, 21.8286151886, -3.93562865257], [518.057189941, 154.993469238, 77.8598403931, 115.168106079, 80.1177062988, 105.661003113, 106.175857544, 152.13885498, 83.6624679565, 47.4770050049, 11.8942022324, 4.02254629135, -9.10284805298], [80.3185119629, 79.9476242065, 107.597267151, 76.3232269287, 62.8833656311, 68.2851715088, 61.8027763367, 83.6624679565, 115.613197327, 71.9187545776, 14.4158430099, -6.40467882156, -10.0836639404], [19.5472106934, 39.3940200806, 140.283508301, 65.6078643799, 60.4790344238, 72.3578338623, 52.6813850403, 47.4770050049, 71.9187545776, 108.961593628, 38.6736488342, -1.3763718605, -17.3819694519], [-332.653747559, -34.2639961243, 120.299156189, 18.0844211578, 29.6206569672, 37.2065124512, 25.6200485229, 11.8942022324, 14.4158430099, 38.6736488342, 86.2414703369, 30.578207016, -11.4308767319], [-63.987651825, -37.9755325317, 61.1647109985, 20.3373260498, 26.2999019623, 31.9509391785, 21.8286151886, 4.02254629135, -6.40467882156, -1.3763718605, 30.578207016, 69.2085266113, 25.5436058044], [-168.936813354, -33.8806381226, 7.95368671417, -11.0244731903, 5.68369245529, -7.05267953873, -3.93562865257, -9.10284805298, -10.0836639404, -17.3819694519, -11.4308767319, 25.5436058044, 79.4844818115]], "icov": [[0.000368596898625, -0.000298808008665, 0.000733237888198, -0.000881933432538, 0.000910422997549, -0.00121220084839, 0.000655514129903, -0.00096663821023, 0.000800359179266, -0.000855404767208, 0.00124323205091, -0.000854218727909, 0.000577230239287], [-0.000298808008665, 0.00138804072049, -2.05253036256e-05, 0.000469922553748, -0.00136413366999, 0.0012419607956, -0.00196265080012, 0.000703299185261, -0.000740966177545, 0.000665304425638, -0.000953354872763, 0.00136913673487, -0.000310696661472], [0.000733237888198, -2.05253036256e-05, 0.00328505923972, -0.00177377765067, 0.00092156836763, -0.0027521494776, -0.00075760553591, -0.000638772326056, 0.000811212114058, -0.00217916071415, 0.00119902484585, -0.00130160502158, 0.000771262508351], [-0.000881933432538, 0.000469922553748, -0.00177377765067, 0.0100128743798, -0.00643537472934, 0.000602440559305, 0.000817059597466, -0.00108284573071, -0.00164787576068, 0.00107177032623, -0.00137726729736, 0.000524755509105, -1.91924518731e-05], [0.000910422997549, -0.00136413366999, 0.00092156836763, -0.00643537472934, 0.0173714403063, -0.00765948276967, 0.000473728432553, -0.00102429499384, 0.000321015279042, -0.0025227740407, 0.00225459528156, -0.00263800192624, -0.000985869439319], [-0.00121220084839, 0.0012419607956, -0.0027521494776, 0.000602440559305, -0.00765948276967, 0.0175243914127, -0.0093884402886, 0.0027812467888, -0.00107122503687, 0.000827356590889, -0.00369517225772, 0.00120975147001, -0.000606922782026], [0.000655514129903, -0.00196265080012, -0.00075760553591, 0.000817059597466, 0.000473728432553, -0.0093884402886, 0.0214001424611, -0.0102656986564, 0.00296184793115, -0.00182909867726, 0.00348244537599, -0.00389094650745, 0.00148981134407], [-0.00096663821023, 0.000703299185261, -0.000638772326056, -0.00108284573071, -0.00102429499384, 0.0027812467888, -0.0102656986564, 0.021307233721, -0.0122019834816, 0.00530937407166, -0.00475986441597, 0.00317998137325, -0.00168245600071], [0.000800359179266, -0.000740966177545, 0.000811212114058, -0.00164787576068, 0.000321015279042, -0.00107122503687, 0.00296184793115, -0.0122019834816, 0.0243177227676, -0.0133306430653, 0.00531887309626, -0.000400726799853, 0.000770279963035], [-0.000855404767208, 0.000665304425638, -0.00217916071415, 0.00107177032623, -0.0025227740407, 0.000827356590889, -0.00182909867726, 0.00530937407166, -0.0133306430653, 0.0230918433517, -0.0101684657857, 0.0058939945884, -0.000394331174903], [0.00124323205091, -0.000953354872763, 0.00119902484585, -0.00137726729736, 0.00225459528156, -0.00369517225772, 0.00348244537599, -0.00475986441597, 0.00531887309626, -0.0101684657857, 0.0243631210178, -0.0131489904597, 0.00724366912618], [-0.000854218727909, 0.00136913673487, -0.00130160502158, 0.000524755509105, -0.00263800192624, 0.00120975147001, -0.00389094650745, 0.00317998137325, -0.000400726799853, 0.0058939945884, -0.0131489904597, 0.0263571888208, -0.00968463998288], [0.000577230239287, -0.000310696661472, 0.000771262508351, -1.91924518731e-05, -0.000985869439319, -0.000606922782026, 0.00148981134407, -0.00168245600071, 0.000770279963035, -0.000394331174903, 0.00724366912618, -0.00968463998288, 0.0176589079201]]}, "spectral_contrast_coeffs": {"dmean": [0.0278315283358, 0.0332212932408, 0.0334700793028, 0.0290791522712, 0.0188837572932, 0.0124849695712], "dmean2": [0.0449001416564, 0.0468622967601, 0.0506852716208, 0.0483711995184, 0.0318753123283, 0.0208837483078], "dvar": [0.000599030638114, 0.000799272325821, 0.000739153823815, 0.000554192345589, 0.000228016884648, 9.93684734567e-05], "dvar2": [0.00160587532446, 0.00163815461565, 0.00165767967701, 0.00143080484122, 0.000659808341879, 0.000278240157058], "max": [-0.378874540329, -0.317539066076, -0.438798725605, -0.510720789433, -0.56683754921, -0.645460128784], "mean": [-0.617477536201, -0.656158268452, -0.695231795311, -0.690043628216, -0.726524531841, -0.753619134426], "median": [-0.593447089195, -0.645515620708, -0.682072401047, -0.677363395691, -0.710519611835, -0.741679906845], "min": [-0.964303970337, -0.965119957924, -0.97093129158, -0.974912285805, -0.972948133945, -0.960780143738], "var": [0.0114252660424, 0.0106256771833, 0.00868108309805, 0.00594215933233, 0.00501306680962, 0.00274920393713]}, "spectral_contrast_valleys": {"dmean": [0.249245747924, 0.23428606987, 0.231019675732, 0.187954410911, 0.132707759738, 0.110905230045], "dmean2": [0.404090881348, 0.37465775013, 0.385627627373, 0.321181833744, 0.22412262857, 0.175344213843], "dvar": [0.0791671872139, 0.0807437226176, 0.0694467574358, 0.