{"lowlevel": {"average_loudness": 0.554431378841, "barkbands_crest": {"dmean": 3.00201272964, "dmean2": 4.67830944061, "dvar": 8.47777748108, "dvar2": 18.9474544525, "max": 26.4037818909, "mean": 14.4360561371, "median": 13.9302663803, "min": 2.66179060936, "var": 25.6772384644}, "barkbands_flatness_db": {"dmean": 0.0510925650597, "dmean2": 0.0671011060476, "dvar": 0.00249864393845, "dvar2": 0.00455204024911, "max": 0.567939758301, "mean": 0.275025039911, "median": 0.275463730097, "min": 0.0181275308132, "var": 0.0109390402213}, "barkbands_kurtosis": {"dmean": 18.9775619507, "dmean2": 29.8126335144, "dvar": 1346.8581543, "dvar2": 3117.70629883, "max": 722.416992188, "mean": 27.6652622223, "median": 13.7916088104, "min": -1.94359898567, "var": 2330.73779297}, "barkbands_skewness": {"dmean": 1.34589076042, "dmean2": 2.00580501556, "dvar": 2.29289150238, "dvar2": 5.07283639908, "max": 22.2710838318, "mean": 3.26006126404, "median": 2.87476634979, "min": -2.0723721981, "var": 6.11354064941}, "barkbands_spread": {"dmean": 5.45812988281, "dmean2": 8.26600074768, "dvar": 98.5838775635, "dvar2": 202.627258301, "max": 105.521476746, "mean": 9.63379383087, "median": 4.01200008392, "min": 0.185801818967, "var": 193.462905884}, "dissonance": {"dmean": 0.0344032533467, "dmean2": 0.0536856390536, "dvar": 0.00139408628456, "dvar2": 0.00319666671567, "max": 0.500000119209, "mean": 0.414998024702, "median": 0.435332685709, "min": 0.108358755708, "var": 0.00503327837214}, "dynamic_complexity": 5.72501564026, "erbbands_crest": {"dmean": 2.77846288681, "dmean2": 4.28773403168, "dvar": 8.35985469818, "dvar2": 19.8255825043, "max": 29.5923938751, "mean": 10.9871110916, "median": 9.94808197021, "min": 2.16949033737, "var": 28.1007919312}, "erbbands_flatness_db": {"dmean": 0.0389156639576, "dmean2": 0.0505014248192, "dvar": 0.00143853190821, "dvar2": 0.00260453857481, "max": 0.442348152399, "mean": 0.211134031415, "median": 0.204209312797, "min": 0.0520509369671, "var": 0.00650473311543}, "erbbands_kurtosis": {"dmean": 5.33163928986, "dmean2": 8.14346885681, "dvar": 172.263290405, "dvar2": 322.080871582, "max": 358.856658936, "mean": 6.9394235611, "median": 1.83995771408, "min": -1.91698229313, "var": 366.178833008}, "erbbands_skewness": {"dmean": 0.771662890911, "dmean2": 1.14555931091, "dvar": 0.808194756508, "dvar2": 1.71797788143, "max": 15.0260381699, "mean": 1.31219315529, "median": 1.04538798332, "min": -4.09139680862, "var": 2.82315683365}, "erbbands_spread": {"dmean": 14.9866447449, "dmean2": 22.4750804901, "dvar": 422.55090332, "dvar2": 871.690551758, "max": 177.724609375, "mean": 33.7586135864, "median": 23.1548480988, "min": 1.09095013142, "var": 941.579650879}, "hfc": {"dmean": 7.22716283798, "dmean2": 10.9398479462, "dvar": 303.442993164, "dvar2": 694.914672852, "max": 207.098968506, "mean": 13.4980134964, "median": 6.45912122726, "min": 1.12701161469e-16, "var": 472.380950928}, "melbands_crest": {"dmean": 3.37544465065, "dmean2": 5.43310070038, "dvar": 10.5539884567, "dvar2": 25.2362003326, "max": 35.8613433838, "mean": 17.7567176819, "median": 17.9961471558, "min": 1.71674251556, "var": 30.7065963745}, "melbands_flatness_db": {"dmean": 0.0597269386053, "dmean2": 0.0783552601933, "dvar": 0.00364051596262, "dvar2": 0.006604724098, "max": 0.706228494644, "mean": 0.369622528553, "median": 0.373798072338, "min": 0.00587293040007, "var": 0.0165489390492}, "melbands_kurtosis": {"dmean": 29.7089748383, "dmean2": 45.8180961609, "dvar": 2840.46459961, "dvar2": 6301.60595703, "max": 1058.93457031, "mean": 45.6203536987, "median": 22.1197299957, "min": -1.64672064781, "var": 5467.25048828}, "melbands_skewness": {"dmean": 1.51993656158, "dmean2": 2.26392126083, "dvar": 3.08635044098, "dvar2": 6.58087825775, "max": 25.559047699, "mean": 3.9291498661, "median": 3.31288337708, "min": -1.4263548851, "var": 8.75332450867}, "melbands_spread": {"dmean": 4.62864208221, "dmean2": 7.1101436615, "dvar": 108.947967529, "dvar2": 236.605865479, "max": 226.36390686, "mean": 8.55734729767, "median": 3.93182420731, "min": 0.19747312367, "var": 224.143417358}, "pitch_salience": {"dmean": 0.0891745015979, "dmean2": 0.138637498021, "dvar": 0.00714193377644, "dvar2": 0.0166609250009, "max": 0.857332527637, "mean": 0.475941359997, "median": 0.480520963669, "min": 0.0626381635666, "var": 0.0226439535618}, "silence_rate_20dB": {"dmean": 0.0108331181109, "dmean2": 0.0216690320522, "dvar": 0.0107150683179, "dvar2": 0.0255873743445, "max": 1, "mean": 0.990199863911, "median": 1, "min": 0, "var": 0.00970486365259}, "silence_rate_30dB": {"dmean": 0.0802166610956, "dmean2": 0.160454019904, "dvar": 0.0737772807479, "dvar2": 0.157932564616, "max": 1, "mean": 0.809026420116, "median": 1, "min": 0, "var": 0.154519021511}, "silence_rate_60dB": {"dmean": 0.0521021410823, "dmean2": 0.104088738561, "dvar": 0.049388691783, "dvar2": 0.106157951057, "max": 1, "mean": 0.197034165263, "median": 0, "min": 0, "var": 0.158210918307}, "spectral_centroid": {"dmean": 230.972610474, "dmean2": 339.171356201, "dvar": 151406.859375, "dvar2": 282958.375, "max": 11410.7783203, "mean": 660.552429199, "median": 402.861816406, "min": 111.619888306, "var": 498275.6875}, "spectral_complexity": {"dmean": 3.38973426819, "dmean2": 5.02450656891, "dvar": 36.3279533386, "dvar2": 71.6524505615, "max": 66, "mean": 9.98955535889, "median": 7, "min": 0, "var": 100.019844055}, "spectral_decrease": {"dmean": 6.43029274272e-09, "dmean2": 9.49542844353e-09, "dvar": 1.57341610969e-16, "dvar2": 3.59735898551e-16, "max": 1.49068626773e-28, "mean": -1.47551908469e-08, "median": -5.78452308275e-09, "min": -1.91803096072e-07, "var": 4.1715567971e-16}, "spectral_energy": {"dmean": 0.0247063171118, "dmean2": 0.0365200005472, "dvar": 0.00228997785598, "dvar2": 0.00524565204978, "max": 0.730569779873, "mean": 0.0569136701524, "median": 0.0229654610157, "min": 1.01939258765e-20, "var": 0.00610237848014}, "spectral_energyband_high": {"dmean": 0.00053753942484, "dmean2": 0.000801556510851, "dvar": 2.37764288613e-06, "dvar2": 5.07312915943e-06, "max": 0.0198524687439, "mean": 0.000585476867855, "median": 1.5300242012e-05, "min": 7.55086006055e-21, "var": 3.22540904563e-06}, "spectral_energyband_low": {"dmean": 0.021990975365, "dmean2": 0.0320249013603, "dvar": 0.0021948274225, "dvar2": 0.00498727429658, "max": 0.71013045311, "mean": 0.0446782931685, "median": 0.00933138560504, "min": 1.40332927676e-23, "var": 0.00526909949258}, "spectral_energyband_middle_high": {"dmean": 0.00109798752237, "dmean2": 0.00175102055073, "dvar": 1.18830485007e-05, "dvar2": 2.88644314423e-05, "max": 0.0440861582756, "mean": 0.00150450365618, "median": 0.000166960031493, "min": 1.27976573964e-21, "var": 1.4457224097e-05}, "spectral_energyband_middle_low": {"dmean": 0.00486886035651, "dmean2": 0.0075849480927, "dvar": 6.24453969067e-05, "dvar2": 0.000156965601491, "max": 0.110396370292, "mean": 0.0125860190019, "median": 0.00896854419261, "min": 1.96376282199e-22, "var": 0.000165192424902}, "spectral_entropy": {"dmean": 0.499857366085, "dmean2": 0.667362868786, "dvar": 0.264727801085, "dvar2": 0.469456791878, "max": 9.81252288818, "mean": 6.50469684601, "median": 6.43095207214, "min": 3.61039638519, "var": 0.991992712021}, "spectral_flux": {"dmean": 0.0425535589457, "dmean2": 0.0677341967821, "dvar": 0.00309280422516, "dvar2": 0.00729848444462, "max": 0.567402660847, "mean": 0.086304500699, "median": 0.0583265088499, "min": 6.45018136125e-11, "var": 0.00686212535948}, "spectral_kurtosis": {"dmean": 10.3634080887, "dmean2": 15.1011123657, "dvar": 249.12059021, "dvar2": 503.66809082, "max": 191.872894287, "mean": 18.7367897034, "median": 9.2904958725, "min": -1.30669891834, "var": 619.65057373}, "spectral_rms": {"dmean": 0.00140277319588, "dmean2": 0.00199798005633, "dvar": 3.74292289962e-06, "dvar2": 7.7753147707e-06, "max": 0.0266973972321, "mean": 0.00588924111798, "median": 0.00473342649639, "min": 3.15361582334e-12, "var": 2.08426117752e-05}, "spectral_rolloff": {"dmean": 381.015167236, "dmean2": 651.728637695, "dvar": 1615952.5, "dvar2": 3733447.5, "max": 19315.2832031, "mean": 708.928955078, "median": 301.46484375, "min": 64.599609375, "var": 2302000.75}, "spectral_skewness": {"dmean": 0.905822575092, "dmean2": 1.25916421413, "dvar": 1.11361706257, "dvar2": 2.13770270348, "max": 11.6754360199, "mean": 3.03322005272, "median": 2.56106472015, "min": -0.0207120925188, "var": 3.82933521271}, "spectral_spread": {"dmean": 1290548.625, "dmean2": 1789607, "dvar": 2710504734720.0, "dvar2": 4876639141890.0, "max": 48056792, "mean": 4219438, "median": 3595737.5, "min": 456663.25, "var": 8355685335040.0}, "spectral_strongpeak": {"dmean": 0.241593062878, "dmean2": 0.397359967232, "dvar": 0.125341579318, "dvar2": 0.322818756104, "max": 7.88783359528, "mean": 0.602095484734, "median": 0.551723778248, "min": 0, "var": 0.212811127305}, "zerocrossingrate": {"dmean": 0.0112642217427, "dmean2": 0.0135032152757, "dvar": 0.00037498929305, "dvar2": 0.000483840238303, "max": 0.515625, "mean": 0.0312107112259, "median": 0.02001953125, "min": 0.00244140625, "var": 0.00164673582185}, "barkbands": {"dmean": [0.00038247986231, 0.0191101357341, 0.00494284089655, 0.00198168493807, 0.00254329782911, 0.000885637302417, 0.000453970220406, 0.000311262003379, 0.000347949768184, 0.000120321245049, 0.000103670026874, 0.000188126898138, 0.000116317663924, 0.000158630296937, 0.00011013380572, 0.000118060495879, 0.00012676321785, 0.000113798836537, 0.000144213758176, 0.000129689680762, 0.000138120914926, 0.000109879947559, 9.78093157755e-05, 7.85807278589e-05, 6.25119282631e-05, 1.90706632566e-05, 3.40590787573e-07], "dmean2": [0.000558901752811, 0.0281505174935, 0.00763563672081, 0.00286937085912, 0.00413408363238, 0.00146987079643, 0.000698222138453, 0.000484801596031, 0.000508755852934, 0.000192593113752, 0.000165843724972, 0.000325361557771, 0.000190139980987, 0.0002636006393, 0.000184833537787, 0.000203173025511, 0.000216528613237, 0.000186417324585, 0.000232848484302, 0.000206104567042, 0.000215913241846, 0.000162514086696, 0.000150965468492, 0.000123556368635, 0.000103632475657, 3.19118844345e-05, 5.75634430788e-07], "dvar": [9.59129806688e-07, 0.001901352196, 0.000107879975985, 1.44627856571e-05, 2.94412966468e-05, 2.51016922448e-06, 7.46109094507e-07, 6.38800258912e-07, 8.20467732865e-07, 1.06347009421e-07, 1.13215257613e-07, 8.84527992184e-07, 1.3931477838e-07, 3.66256557527e-07, 1.65758692106e-07, 2.34601699844e-07, 2.26389076374e-07, 1.41741750781e-07, 2.29528723139e-07, 2.09487041047e-07, 3.22631592553e-07, 1.08425581402e-07, 7.34874632258e-08, 3.98421242664e-08, 2.81464167529e-08, 2.13833151186e-09, 8.08784354593e-13], "dvar2": [2.08535993806e-06, 0.00436160340905, 0.000268490373855, 2.93124121526e-05, 8.1210549979e-05, 6.97093582858e-06, 1.8157119257e-06, 1.7050454062e-06, 1.83081749583e-06, 2.63136172407e-07, 2.84155589725e-07, 2.4518187729e-06, 3.36977336701e-07, 9.42330586895e-07, 4.38707161265e-07, 6.46314333608e-07, 6.08211053077e-07, 3.68750846746e-07, 5.77117475586e-07, 5.20053617947e-07, 8.0129706248e-07, 2.1260154881e-07, 1.62146932325e-07, 9.28247487764e-08, 6.99873652366e-08, 5.30288879474e-09, 2.06616754955e-12], "max": [0.0167047046125, 0.617421627045, 0.160440772772, 0.060242690146, 0.090657055378, 0.0331841818988, 0.013255096972, 0.0130791235715, 0.0329910591245, 0.0067783575505, 0.0062657808885, 0.0194542445242, 0.00643672514707, 0.0107855089009, 0.00644994759932, 0.00754991173744, 0.00662321643904, 0.00632289657369, 0.00778276845813, 0.00784165598452, 0.00881087034941, 0.0045352531597, 0.00379093037918, 0.00185436068568, 0.00163844856434, 0.000394210976083, 1.57933045557e-05], "mean": [0.000491658691317, 0.0331090688705, 0.00866907741874, 0.00406410405412, 0.0046019568108, 0.00152634328697, 0.00100482930429, 0.000569529249333, 0.000759649497923, 0.000169229955645, 0.000136901551741, 0.000179798778845, 0.000148288425407, 0.00016653475177, 0.000114012203994, 0.000108797903522, 0.000126186947455, 0.000133544570417, 0.000164410215802, 0.000160324532771, 0.000144485733472, 0.000121948876767, 0.000105646176962, 7.19179515727e-05, 4.95293024869e-05, 1.55841989908e-05, 2.72566353487e-07], "median": [6.89259150022e-06, 0.00165462784935, 0.00160613923799, 0.000821620691568, 0.00246404088102, 0.000759446818847, 0.000346558372257, 0.000128888510517, 0.000101487625216, 3.67431384802e-05, 1.23122799778e-05, 1.95589855139e-05, 1.21155171655e-05, 7.47333524487e-06, 4.46289141109e-06, 5.71347072764e-06, 4.83244230054e-06, 3.79459493161e-06, 3.66233848581e-06, 2.47415709964e-06, 1.89486343061e-06, 1.76019568698e-06, 1.29430952711e-06, 1.32406853481e-06, 1.04324624317e-06, 6.15451938302e-07, 1.4201027021e-08], "min": [5.52071781352e-25, 6.15396781936e-24, 1.45602029429e-24, 4.10884789473e-24, 5.36377137263e-24, 1.83158356063e-23, 2.24331751942e-23, 1.48804994031e-23, 1.94453582048e-23, 1.37151609417e-23, 3.32241455117e-23, 4.46897749189e-23, 4.92837758202e-23, 3.83953622483e-23, 6.92919010839e-23, 1.10844272053e-22, 9.83390281025e-23, 1.56137951549e-22, 1.42879156108e-22, 1.90489928342e-22, 3.32195410884e-22, 2.89228820571e-22, 4.54354194994e-22, 7.07069837571e-22, 1.13066350597e-21, 1.54536503327e-21, 2.27901324819e-21], "var": [1.66592155892e-06, 0.00378129282035, 0.000220781337703, 4.08696032537e-05, 4.27881495852e-05, 5.43568421563e-06, 2.13385533243e-06, 1.1546277392e-06, 2.92753679787e-06, 1.56986743605e-07, 1.79166320891e-07, 6.22240690973e-07, 2.06490071264e-07, 3.38653023846e-07, 1.53422220706e-07, 1.76390273054e-07, 1.91865723309e-07, 1.66549199321e-07, 2.6403520792e-07, 2.56840593238e-07, 3.32132884751e-07, 1.6824242266e-07, 9.85124515296e-08, 4.30530207041e-08, 2.39346036324e-08, 1.81860082549e-09, 6.99530223244e-13]}, "erbbands": {"dmean": [0.569761991501, 4.36295747757, 6.25955247879, 5.96397066116, 7.37176895142, 9.31379985809, 6.95515012741, 7.21954107285, 6.47597360611, 8.19006252289, 6.34971618652, 7.35464954376, 5.54644680023, 3.83522987366, 4.19998502731, 7.78547668457, 5.92373752594, 7.99561738968, 6.58492803574, 5.91463518143, 6.53479337692, 7.1465420723, 6.23974132538, 6.95714426041, 7.05024671555, 6.22149276733, 5.95095777512, 5.00223922729, 4.25678348541, 2.67100453377, 2.89001512527, 1.78967726231, 1.27698707581, 0.814355134964, 0.393007725477, 0.142393380404, 0.0220254808664, 0.00210215593688, 7.43643540773e-05, 2.87770017167e-05], "dmean2": [0.793849647045, 6.61121892929, 9.74630832672, 8.82686710358, 11.3666620255, 15.4155912399, 11.2608661652, 12.0786085129, 10.4699249268, 13.2108182907, 9.4509601593, 10.421631813, 8.71137809753, 6.00663518906, 6.7267832756, 13.549987793, 9.6320104599, 13.1141462326, 11.1489133835, 9.93185520172, 11.319229126, 12.2367296219, 10.2805566788, 11.4736089706, 11.3190784454, 9.88129711151, 9.47520828247, 7.56345748901, 6.2775850296, 3.9432721138, 4.47269868851, 2.7806494236, 2.05223107338, 1.34788155556, 0.650418579578, 0.237394154072, 0.0370304472744, 0.00356754544191, 0.00012270656589, 4.28059829574e-05], "dvar": [1.78581857681, 100.597053528, 169.533279419, 122.637641907, 184.112960815, 466.679779053, 198.818756104, 166.307998657, 143.217453003, 420.387451172, 238.607116699, 463.765472412, 195.016921997, 160.986679077, 149.218154907, 1673.09558105, 418.038604736, 773.571716309, 725.747436523, 572.907104492, 710.221984863, 727.041015625, 443.653137207, 543.532226562, 575.425476074, 473.062255859, 584.226989746, 362.201324463, 174.045776367, 55.3649711609, 63.8570899963, 23.0169296265, 10.7758560181, 4.76934146881, 1.12470984459, 0.124699987471, 0.00276351161301, 2.63485471805e-05, 2.63485055996e-08, 2.91013013687e-09], "dvar2": [3.69899225235, 245.24105835, 432.520874023, 284.190856934, 440.831481934, 1305.33483887, 516.518859863, 493.140960693, 368.087463379, 1107.90014648, 598.03302002, 981.004821777, 490.494537354, 382.70526123, 373.382629395, 4675.60009766, 1036.63061523, 1948.10864258, 1971.55725098, 1523.96313477, 1959.60083008, 1965.36743164, 1172.51403809, 1418.14575195, 1453.79833984, 1179.16125488, 1478.15991211, 836.392944336, 340.866271973, 113.390464783, 138.50630188, 52.3841743469, 26.1462020874, 11.7601242065, 2.84872579575, 0.310263752937, 0.00686979480088, 6.81568781147e-05, 6.63066401785e-08, 6.67789024078e-09], "max": [22.4351463318, 135.93737793, 206.506698608, 146.605667114, 227.839111328, 318.991027832, 243.405563354, 223.219558716, 227.398147583, 229.745040894, 286.263641357, 836.567993164, 255.965759277, 340.480865479, 211.101821899, 870.358337402, 404.915618896, 465.208648682, 458.636108398, 440.321258545, 411.955596924, 365.034057617, 363.802581787, 391.819610596, 400.309051514, 371.237976074, 380.623657227, 262.202484131, 186.499954224, 124.522666931, 107.583755493, 55.5048980713, 28.4127388, 18.6917171478, 12.74538517, 2.97227954865, 0.467766463757, 0.0736426785588, 0.00192582723685, 0.000798101827968], "mean": [0.922751784325, 7.47215223312, 11.3370962143, 12.5624160767, 14.5510625839, 15.6049041748, 10.6495504379, 13.0176639557, 15.3156576157, 13.5161447525, 13.4888067245, 17.1191310883, 10.0801267624, 5.64572525024, 5.86517047882, 7.33521699905, 7.26575946808, 9.04805088043, 6.82758283615, 5.81332778931, 6.14073085785, 7.07646131516, 7.19034385681, 8.12265300751, 8.2854681015, 7.67009305954, 6.22152662277, 5.37779569626, 4.75042533875, 3.08545947075, 3.04678487778, 1.73145782948, 1.10036814213, 0.63739323616, 0.315250277519, 0.115281291306, 0.0182992275804, 0.00173670577351, 8.30781427794e-05, 6.59067882225e-05], "median": [0.0226381551474, 0.569868505001, 2.47646808624, 4.62876462936, 6.44171476364, 7.37579298019, 4.91700696945, 6.27279090881, 6.61844396591, 4.72357082367, 3.1041328907, 2.23486757278, 2.39358019829, 1.09368014336, 0.680922210217, 0.893668711185, 0.693956136703, 0.415123283863, 0.31724986434, 0.305935502052, 0.335924625397, 0.293128311634, 0.213008657098, 0.226127043366, 0.15840472281, 0.118509799242, 0.09576164186, 0.072259567678, 0.0663704201579, 0.0406990461051, 0.0381348207593, 0.0291933491826, 0.0208940543234, 0.0113277509809, 0.00768258003518, 0.00408774707466, 0.000768314348534, 8.32090372569e-05, 2.96982707368e-05, 3.06389629259e-05], "min": [2.07955460245e-22, 9.35332256212e-22, 2.62510836298e-21, 8.46423870905e-21, 3.05581423975e-20, 1.73237388883e-20, 5.8691863656e-20, 1.98657182251e-19, 1.89356466841e-19, 4.31264286684e-19, 3.23647623702e-19, 5.26481383037e-19, 8.5657447562e-19, 6.16023167358e-19, 1.52684874874e-18, 2.45701427814e-18, 2.73959096271e-18, 1.97754420595e-18, 3.54007204624e-18, 4.55674071198e-18, 5.84257601699e-18, 6.15615398335e-18, 6.30140938046e-18, 8.00939548391e-18, 7.69304439454e-18, 9.64098690829e-18, 1.00168420622e-17, 1.10293144407e-17, 1.27112249161e-17, 1.16092433235e-17, 1.33161569873e-17, 9.84285206498e-18, 1.17811157384e-17, 1.07594029253e-17, 7.18899609802e-18, 4.98921017497e-18, 2.89052598869e-18, 1.15730674066e-18, 3.14637584729e-19, 3.44998454244e-20], "var": [3.65809512138, 187.994979858, 347.274475098, 303.150238037, 395.577026367, 608.919494629, 318.565582275, 373.599700928, 501.470397949, 565.315368652, 628.009399414, 1846.11303711, 438.007446289, 267.367980957, 258.765533447, 1121.26989746, 533.40234375, 821.952209473, 612.335021973, 467.306793213, 534.345703125, 594.19519043, 480.483032227, 609.07232666, 685.961730957, 578.332946777, 570.13494873, 432.595123291, 270.121948242, 88.0864715576, 83.3054504395, 26.1838665009, 10.4080886841, 4.07319021225, 0.946323394775, 0.105639569461, 0.0023839045316, 2.24901086767e-05, 2.61718504646e-08, 7.71224328844e-09]}, "gfcc": {"mean": [-116.933189392, 131.926696777, -61.9737091064, 27.1221370697, -59.6337814331, 4.94283866882, -36.105430603, 5.49426460266, -21.1698303223, -2.21487665176, -13.162566185, -3.68476510048, -9.83076858521], "cov": [[21973.4414062, -1184.13647461, -2956.26049805, 3077.24316406, 1071.32421875, 1424.55187988, 592.258911133, 382.640258789, 223.896377563, 477.31652832, 200.86390686, -65.6706237793, 74.8729705811], [-1184.13647461, 2865.54638672, 358.740661621, -513.820861816, 628.432128906, -332.657745361, 564.215087891, -229.717834473, 418.192199707, -154.00038147, 233.11706543, -316.91217041, 248.374542236], [-2956.26049805, 358.740661621, 1762.09228516, -371.311889648, -117.991386414, 9.04127502441, -45.5109291077, -7.36423921585, -7.47018575668, -130.844070435, -91.3959503174, -26.0658416748, -49.9550361633], [3077.24316406, -513.820861816, -371.311889648, 1130.82958984, 426.400299072, 405.22668457, 232.4715271, 55.1468391418, 56.8999099731, 33.1949615479, 85.1528549194, -8.07340717316, 17.0904121399], [1071.32421875, 628.432128906, -117.991386414, 426.400299072, 853.464233398, 207.437606812, 315.153625488, 30.172208786, 172.070739746, -61.1518821716, 93.0993118286, -98.0561904907, 72.104019165], [1424.55187988, -332.657745361, 9.04127502441, 405.22668457, 207.437606812, 409.319732666, 120.866394043, 61.5173950195, 30.9968624115, 47.7460746765, -1.04145789146, 1.54545545578, -15.9418487549], [592.258911133, 564.215087891, -45.5109291077, 232.4715271, 315.153625488, 120.866394043, 404.850524902, 16.3592987061, 165.340942383, 5.74229383469, 97.1795501709, -106.678337097, 83.2612991333], [382.640258789, -229.717834473, -7.36423921585, 55.1468391418, 30.172208786, 61.5173950195, 16.3592987061, 205.15133667, 21.4084739685, 30.0835456848, -24.6816368103, 19.5411281586, -27.5710105896], [223.896377563, 418.192199707, -7.47018575668, 56.8999099731, 172.070739746, 30.9968624115, 165.340942383, 21.4084739685, 216.190338135, 57.0078468323, 75.8207855225, -68.4960327148, 48.9068984985], [477.31652832, -154.00038147, -130.844070435, 33.1949615479, -61.1518821716, 47.7460746765, 5.74229383469, 30.0835456848, 57.0078468323, 213.150878906, 44.6836280823, 15.3008413315, 1.46545732021], [200.86390686, 233.11706543, -91.3959503174, 85.1528549194, 93.0993118286, -1.04145789146, 97.1795501709, -24.6816368103, 75.8207855225, 44.6836280823, 172.228149414, 3.4479227066, 30.8289051056], [-65.6706237793, -316.91217041, -26.0658416748, -8.07340717316, -98.0561904907, 1.54545545578, -106.678337097, 19.5411281586, -68.4960327148, 15.3008413315, 3.4479227066, 134.098617554, -9.26693344116], [74.8729705811, 248.374542236, -49.9550361633, 17.0904121399, 72.104019165, -15.9418487549, 83.2612991333, -27.5710105896, 48.9068984985, 1.46545732021, 30.8289051056, -9.26693344116, 123.39289856]], "icov": [[0.000132006476633, -0.000296572339721, 0.000212378537981, -0.000414417707361, 0.000200228998438, -0.000426926679211, 0.000318878737744, -0.000344551779563, 0.000216610234929, -0.000214583575143, 0.000173857202753, -2.94039473374e-05, 6.69767250656e-05], [-0.000296572339721, 0.00291212694719, -0.000783553987276, 0.00231586117297, -0.0017141046701, 0.00227691815235, -0.00241833063774, 0.00236245547421, -0.00219161738642, 0.00147937936708, -0.00170953932684, 0.00183191674296, -0.00144851929508], [0.000212378537981, -0.000783553987276, 0.00108364282642, -0.000523613358382, 0.000612668809481, -0.00130138813984, 0.000716479029506, -0.000724350684322, 0.000263445574092, 8.09191697044e-05, 0.000575752463192, -0.000283816742012, 0.000517569016665], [-0.000414417707361, 0.00231586117297, -0.000523613358382, 0.00390975410119, -0.00178237154614, 0.00064285780536, -0.00235126633197, 0.00201820023358, -0.00134462630376, 0.00148846558295, -0.00192874355707, 0.00105739699211, -0.000924938416574], [0.000200228998438, -0.0017141046701, 0.000612668809481, -0.00178237154614, 0.00319565343671, -0.00202654651366, 0.000909707916435, -0.00164362264331, 0.000266097136773, 0.000399443117203, 0.000515810330398, -0.000510558253154, 0.000435980618931], [-0.000426926679211, 0.00227691815235, -0.00130138813984, 0.00064285780536, -0.00202654651366, 0.00702638551593, -0.00322933238931, 0.00183767068665, -0.00138318142854, -0.00030902819708, 0.000283813977148, -0.000105688770418, 0.000214685351239], [0.000318878737744, -0.00241833063774, 0.000716479029506, -0.00235126633197, 0.000909707916435, -0.00322933238931, 0.0081839049235, -0.00292686978355, 0.000224746399908, -0.00050754356198, -0.000838243984617, 0.00216551427729, -0.00154595845379], [-0.000344551779563, 0.00236245547421, -0.000724350684322, 0.00201820023358, -0.00164362264331, 0.00183767068665, -0.00292686978355, 0.00804963055998, -0.00315015367232, 0.000551279110368, 0.000634917116258, -0.000957914744504, 0.000863839988597], [0.000216610234929, -0.00219161738642, 0.000263445574092, -0.00134462630376, 0.000266097136773, -0.00138318142854, 0.000224746399908, -0.00315015367232, 0.0112676406279, -0.00378517829813, -0.00111888570245, 0.0019188929582, -0.000614139367826], [-0.000214583575143, 0.00147937936708, 8.09191697044e-05, 0.00148846558295, 0.000399443117203, -0.00030902819708, -0.00050754356198, 0.000551279110368, -0.00378517829813, 0.00768333021551, -0.00249926466495, 0.000509834382683, -0.000756962399464], [0.000173857202753, -0.00170953932684, 0.000575752463192, -0.00192874355707, 0.000515810330398, 0.000283813977148, -0.000838243984617, 0.000634917116258, -0.00111888570245, -0.00249926466495, 0.0103776846081, -0.00477339420468, 0.0018004369922], [-2.94039473374e-05, 0.00183191674296, -0.000283816742012, 0.00105739699211, -0.000510558253154, -0.000105688770418, 0.00216551427729, -0.000957914744504, 0.0019188929582, 0.000509834382683, -0.00477339420468, 0.0140501270071, -0.00384032865986], [6.69767250656e-05, -0.00144851929508, 0.000517569016665, -0.000924938416574, 0.000435980618931, 0.000214685351239, -0.00154595845379, 0.000863839988597, -0.000614139367826, -0.000756962399464, 0.0018004369922, -0.00384032865986, 0.011840200983]]}, "melbands": {"dmean": [0.00526424730197, 0.0039821928367, 0.00100913457572, 0.000633014191408, 0.00026103440905, 0.000162174459547, 0.00010111843585, 8.56147671584e-05, 5.24755523656e-05, 4.6739631216e-05, 2.7666128517e-05, 1.54781973833e-05, 1.45696367326e-05, 1.66341669683e-05, 2.04804782697e-05, 1.19663709484e-05, 1.55323141371e-05, 1.10866722025e-05, 7.52943560656e-06, 8.02438808023e-06, 7.79763922765e-06, 7.69332655182e-06, 6.4541318352e-06, 5.48186108063e-06, 5.77292121307e-06, 5.79638435738e-06, 4.66314804726e-06, 3.97547682951e-06, 3.83326459996e-06, 3.37663118444e-06, 2.87093826046e-06, 2.60154638454e-06, 1.85718499779e-06, 1.45386718486e-06, 1.87906516658e-06, 1.35293169023e-06, 1.01280670606e-06, 9.71301119534e-07, 6.87906037911e-07, 7.1540529234e-07], "dmean2": [0.00756114162505, 0.00613699713722, 0.00149283686187, 0.00102136621717, 0.000429399311543, 0.000272092293017, 0.000163192482432, 0.000137355629704, 7.72464481997e-05, 6.74527836964e-05, 4.36498085037e-05, 2.43064096139e-05, 2.33136706811e-05, 2.78808474832e-05, 3.57133358193e-05, 1.93492960534e-05, 2.56412877206e-05, 1.89588517969e-05, 1.25486885736e-05, 1.36147182275e-05, 1.35738919198e-05, 1.31783026518e-05, 1.08548119897e-05, 8.90594492375e-06, 9.55597261054e-06, 9.35442130867e-06, 7.58163378123e-06, 6.28706720818e-06, 6.17241857981e-06, 5.32918465979e-06, 4.41334259449e-06, 3.88191529055e-06, 2.7421942832e-06, 2.2319773052e-06, 2.94500227938e-06, 2.11846372622e-06, 1.57328770456e-06, 1.55662996804e-06, 1.13767111998e-06, 1.19106573493e-06], "dvar": [0.000146494829096, 7.09788000677e-05, 3.15663396577e-06, 1.88151545899e-06, 2.78580955637e-07, 8.66360352347e-08, 3.20909308016e-08, 4.53811104251e-08, 1.74297429822e-08, 1.55214578967e-08, 4.93293761394e-09, 2.58006327414e-09, 1.87621518322e-09, 5.1106012755e-09, 1.09487059419e-08, 1.47576395548e-09, 3.19314841235e-09, 2.25446639135e-09, 7.3731193373e-10, 1.09229880696e-09, 1.03070951774e-09, 8.76993422327e-10, 5.2949122864e-10, 3.72908565138e-10, 3.81656678483e-10, 3.69803715428e-10, 3.06309144715e-10, 1.80413309292e-10, 2.42622227864e-10, 2.04314745678e-10, 1.05693287455e-10, 6.91813134557e-11, 3.14432889448e-11, 1.74455727642e-11, 2.79647520418e-11, 1.59788397791e-11, 6.81849845682e-12, 6.22826920246e-12, 3.55603632478e-12, 3.81027631322e-12], "dvar2": [0.000320594204823, 0.000180938674021, 7.0932055678e-06, 5.15110014021e-06, 7.56941631153e-07, 2.54959616086e-07, 8.19761893922e-08, 1.21437011558e-07, 4.25661319525e-08, 3.40901706863e-08, 1.23647136974e-08, 6.13682171746e-09, 4.76991157683e-09, 1.37646347653e-08, 3.03491027864e-08, 3.57310336874e-09, 8.07020494875e-09, 6.21600149131e-09, 1.91773263936e-09, 2.9510944799e-09, 2.85330381544e-09, 2.37686448301e-09, 1.42220679678e-09, 9.63656376918e-10, 1.00045749463e-09, 9.22380616331e-10, 8.06113786833e-10, 4.37034713974e-10, 6.17848439077e-10, 5.05729069733e-10, 2.38960684573e-10, 1.38589695275e-10, 6.54745493933e-11, 3.92679257166e-11, 6.23730164739e-11, 3.54991036566e-11, 1.58582244558e-11, 1.51247746966e-11, 8.88815063216e-12, 9.4686506899e-12], "max": [0.185441076756, 0.113849781454, 0.0240952223539, 0.0228684078902, 0.00785932037979, 0.00512575358152, 0.00331496703438, 0.00232694973238, 0.00337648298591, 0.00450181448832, 0.00127774849534, 0.00136340316385, 0.000777011795435, 0.00151338393334, 0.0021718449425, 0.000756934401579, 0.000992291606963, 0.000757666944992, 0.000464205717435, 0.000532245147042, 0.000467280508019, 0.000385483290302, 0.000393499940401, 0.000388996850234, 0.000315026321914, 0.000283305096673, 0.000345720618498, 0.000223782932153, 0.000262768997345, 0.000202261348022, 0.000136626826134, 0.000133414650918, 7.62845302233e-05, 7.28484155843e-05, 8.57305130921e-05, 4.90611491841e-05, 2.79992673313e-05, 2.25986696023e-05, 1.85615153896e-05, 1.718713429e-05], "mean": [0.00897346343845, 0.00748983211815, 0.0022285215091, 0.00116481690202, 0.000409721658798, 0.00028567854315, 0.000237082451349, 0.000141964919749, 0.000112572990474, 0.000104617771285, 4.81814531668e-05, 2.187449536e-05, 2.01270631806e-05, 1.81617506314e-05, 1.84887358046e-05, 1.56456026161e-05, 1.68948845385e-05, 1.09229267764e-05, 7.65299137129e-06, 7.58087890063e-06, 7.11383017915e-06, 7.3047249316e-06, 6.92269941283e-06, 6.37294351691e-06, 6.50008996672e-06, 6.49245521345e-06, 5.53505105927e-06, 4.83672010887e-06, 3.96649329559e-06, 3.45756734532e-06, 3.02071043734e-06, 2.85109740616e-06, 2.02971773433e-06, 1.63469053405e-06, 1.93321398001e-06, 1.32685806875e-06, 9.64173864304e-07, 8.48989714086e-07, 5.44190697838e-07, 5.49588378362e-07], "median": [0.000331983406795, 0.00142755941488, 0.000979071948677, 0.000610158313066, 0.0001939273061, 0.000140019299579, 0.000105741200969, 4.93870938953e-05, 2.00084505195e-05, 1.36184116855e-05, 9.71227109403e-06, 3.45945272784e-06, 1.97193480744e-06, 2.10464258998e-06, 2.04069215215e-06, 1.03481147562e-06, 6.83573034621e-07, 4.46975008117e-07, 3.13422930276e-07, 4.02230853069e-07, 3.404322797e-07, 2.8192906143e-07, 1.95786043378e-07, 1.6710517059e-07, 1.71551619133e-07, 1.1991522797e-07, 7.98718744477e-08, 6.92510795375e-08, 5.68627953612e-08, 3.89259575684e-08, 3.79506062131e-08, 3.78735620643e-08, 2.50676031044e-08, 1.97155394233e-08, 2.28072867259e-08, 1.70142193667e-08, 1.6896853694e-08, 1.52827066557e-08, 9.5163539271e-09, 8.31599855644e-09], "min": [2.35955416221e-24, 1.26675461654e-24, 2.37176987055e-24, 1.34050364485e-24, 1.84798713429e-24, 4.59005383577e-24, 3.73836213161e-24, 4.4441429673e-24, 2.05437996837e-24, 3.34246597543e-24, 4.35930649897e-24, 2.00072717162e-24, 3.91593156593e-24, 4.61587443649e-24, 3.84194351277e-24, 6.60434665395e-24, 2.97865141177e-24, 3.15895306584e-24, 5.41032047692e-24, 6.56096127632e-24, 5.71852685487e-24, 5.9543919268e-24, 4.24285130227e-24, 7.10126985968e-24, 5.40126869247e-24, 4.42003853348e-24, 7.62312343658e-24, 5.64060948554e-24, 5.70400234789e-24, 7.61517566296e-24, 5.18721444128e-24, 6.54309199909e-24, 5.56901838624e-24, 7.24130608099e-24, 6.72330530074e-24, 6.57390411719e-24, 5.22912938219e-24, 7.72015884995e-24, 7.29777116686e-24, 9.18308641033e-24], "var": [0.000298116763588, 0.000143594050314, 8.40416032588e-06, 2.81496295429e-06, 4.11146231727e-07, 1.86031982707e-07, 1.14232086901e-07, 5.96167737399e-08, 4.95243526188e-08, 5.88998894102e-08, 1.11219513599e-08, 4.28842783506e-09, 3.28529625726e-09, 4.41320624489e-09, 7.42567873857e-09, 2.55715093544e-09, 3.15200843204e-09, 1.75709102823e-09, 6.82971290633e-10, 8.55151227608e-10, 7.67345464947e-10, 7.07966796298e-10, 5.05647634874e-10, 4.48581949364e-10, 4.10020267738e-10, 4.33060864946e-10, 3.40905775831e-10, 2.29691418663e-10, 2.29623070558e-10, 2.11848982801e-10, 1.30038466106e-10, 1.02993120976e-10, 4.62507081245e-11, 2.51395015916e-11, 3.46965928211e-11, 1.84347450499e-11, 7.81562748547e-12, 6.12988349316e-12, 3.06648109683e-12, 3.15925736093e-12]}, "mfcc": {"mean": [-771.210693359, 161.049514771, 45.4766235352, 30.4339332581, 5.48318433762, 1.25969874859, -2.64944195747, 2.23873806, -3.54903125763, 0.365975946188, -0.650107502937, 0.580564141273, -2.72679877281], "cov": [[18449.8613281, -1860.99621582, -2306.33666992, 1231.54797363, 473.921264648, 1364.34729004, 731.376403809, 623.892822266, 212.893081665, 647.036315918, 371.8671875, 199.659164429, 251.406417847], [-1860.99621582, 3250.74389648, 260.716156006, -20.6432666779, 60.5632514954, -32.3331375122, 60.0358047485, -20.3731174469, 177.622711182, 67.6662139893, 124.863349915, 67.2157974243, 6.40319061279], [-2306.33666992, 260.716156006, 1366.51318359, -164.267211914, -44.7043533325, -105.623977661, -89.4801940918, -50.9273376465, 11.5766897202, -83.7505340576, -28.7851352692, -11.898147583, -82.9090194702], [1231.54797363, -20.6432666779, -164.267211914, 485.510070801, 199.614822388, 242.157348633, 189.288513184, 161.21295166, 65.4238128662, 95.8744049072, 46.1127471924, 5.30624246597, 39.0335464478], [473.921264648, 60.5632514954, -44.7043533325, 199.614822388, 415.716583252, 212.340255737, 158.603439331, 160.521606445, 84.2027206421, 61.6885185242, 23.6828956604, -9.66895103455, 7.20070314407], [1364.34729004, -32.3331375122, -105.623977661, 242.157348633, 212.340255737, 454.5597229, 224.348144531, 128.748535156, 104.113937378, 100.023391724, 73.2765045166, 35.3433685303, 40.9935302734], [731.376403809, 60.0358047485, -89.4801940918, 189.288513184, 158.603439331, 224.348144531, 264.074005127, 156.745101929, 83.5987472534, 78.0805969238, 43.7092514038, 12.5589399338, 27.9460544586], [623.892822266, -20.3731174469, -50.9273376465, 161.21295166, 160.521606445, 128.748535156, 156.745101929, 246.094451904, 68.2063598633, 58.9501724243, 18.3762187958, -23.6610507965, -1.92762517929], [212.893081665, 177.622711182, 11.5766897202, 65.4238128662, 84.2027206421, 104.113937378, 83.5987472534, 68.2063598633, 198.007293701, 94.2477722168, 59.7091026306, 10.4282855988, -3.61265969276], [647.036315918, 67.6662139893, -83.7505340576, 95.8744049072, 61.6885185242, 100.023391724, 78.0805969238, 58.9501724243, 94.2477722168, 185.979644775, 100.460746765, 39.0957717896, 21.1549186707], [371.8671875, 124.863349915, -28.7851352692, 46.1127471924, 23.6828956604, 73.2765045166, 43.7092514038, 18.3762187958, 59.7091026306, 100.460746765, 138.003326416, 65.7782363892, 34.3274497986], [199.659164429, 67.2157974243, -11.898147583, 5.30624246597, -9.66895103455, 35.3433685303, 12.5589399338, -23.6610507965, 10.4282855988, 39.0957717896, 65.7782363892, 108.339790344, 56.387588501], [251.406417847, 6.40319061279, -82.9090194702, 39.0335464478, 7.20070314407, 40.9935302734, 27.9460544586, -1.92762517929, -3.61265969276, 21.1549186707, 34.3274497986, 56.387588501, 109.652175903]], "icov": [[0.000105046274257, 4.54090441053e-05, 0.000132305140141, -9.79484684649e-05, 9.18370278669e-05, -0.000242538924795, 8.10770579847e-05, -0.000144294011989, 6.69334258419e-05, -0.000161395335454, -2.68648491328e-05, -0.000116212439025, 5.43633213965e-05], [4.54090441053e-05, 0.000368327688193, 2.01277134693e-06, -4.50969346275e-05, -4.82934156025e-05, 9.88079118542e-05, -0.000171749925357, 0.000108929576527, -0.000292463751975, 7.80347618274e-05, -0.000324326829286, -0.000130637854454, 4.78952388221e-05], [0.000132305140141, 2.01277134693e-06, 0.00099821027834, 4.09487511206e-05, 6.76534109516e-05, -0.000293469463941, 0.000241425994318, -0.000249717326369, -0.000146236037835, 0.000240532244788, -0.000118356299936, -0.000490840582643, 0.000714307709131], [-9.79484684649e-05, -4.50969346275e-05, 4.09487511206e-05, 0.00358312646858, -0.00063636014238, -0.000655256677419, -0.000799977977294, -0.000730353349354, 0.000391589739593, -0.00064426229801, 9.87017847365e-05, 0.000666411302518, -0.000775936059654], [9.18370278669e-05, -4.82934156025e-05, 6.76534109516e-05, -0.00063636014238, 0.00397705519572, -0.00127771764528, -6.03129192314e-05, -0.00158188852947, -0.00037138586049, -0.000123061254271, 0.000425157282734, 0.000102795966086, 9.9557939393e-05], [-0.000242538924795, 9.88079118542e-05, -0.000293469463941, -0.000655256677419, -0.00127771764528, 0.00527168484405, -0.00308825448155, 0.00119346822612, -0.000919244834222, 0.000515449384693, -0.000808045908343, -0.000316101708449, -0.000231398778851], [8.10770579847e-05, -0.000171749925357, 0.000241425994318, -0.000799977977294, -6.03129192314e-05, -0.00308825448155, 0.00964243058115, -0.00391950085759, -0.000628240057267, -0.000589059316553, 0.000557209074032, -0.000561831751838, -0.000868993171025], [-0.000144294011989, 0.000108929576527, -0.000249717326369, -0.000730353349354, -0.00158188852947, 0.00119346822612, -0.00391950085759, 0.00828049704432, -0.000700647651684, -0.00034653628245, -0.000284099951386, 0.0022003359627, 0.000199051617528], [6.69334258419e-05, -0.000292463751975, -0.000146236037835, 0.000391589739593, -0.00037138586049, -0.000919244834222, -0.000628240057267, -0.000700647651684, 0.0080103231594, -0.00303384638391, -0.00104842882138, 0.00066839059582, 0.00096322450554], [-0.000161395335454, 7.80347618274e-05, 0.000240532244788, -0.00064426229801, -0.000123061254271, 0.000515449384693, -0.000589059316553, -0.00034653628245, -0.00303384638391, 0.0115036983043, -0.00657177716494, 6.14426517132e-06, 0.000470962288091], [-2.68648491328e-05, -0.000324326829286, -0.000118356299936, 9.87017847365e-05, 0.000425157282734, -0.000808045908343, 0.000557209074032, -0.000284099951386, -0.00104842882138, -0.00657177716494, 0.0163757484406, -0.00693544792011, -0.000243658578256], [-0.000116212439025, -0.000130637854454, -0.000490840582643, 0.000666411302518, 0.000102795966086, -0.000316101708449, -0.000561831751838, 0.0022003359627, 0.00066839059582, 6.14426517132e-06, -0.00693544792011, 0.0179170258343, -0.0070626148954], [5.43633213965e-05, 4.78952388221e-05, 0.000714307709131, -0.000775936059654, 9.9557939393e-05, -0.000231398778851, -0.000868993171025, 0.000199051617528, 0.00096322450554, 0.000470962288091, -0.000243658578256, -0.0070626148954, 0.0137625932693]]}, "spectral_contrast_coeffs": {"dmean": [0.0555681139231, 0.04718144238, 0.0404681190848, 0.0349929854274, 0.030421666801, 0.0243909526616], "dmean2": [0.0856109932065, 0.0755957067013, 0.0626712590456, 0.0549627542496, 0.0472365021706, 0.0376495271921], "dvar": [0.0022478105966, 0.00189402606338, 0.00134809454903, 0.00103026302531, 0.000937649863772, 0.000751045532525], "dvar2": [0.00523368082941, 0.00444111553952, 0.00313095119782, 0.0023491200991, 0.00208067917265, 0.00168397894595], "max": [-0.260310858488, -0.457979828119, -0.433844596148, -0.521262228489, -0.497823268175, -0.592022061348], "mean": [-0.605724513531, -0.703179240227, -0.760168552399, -0.806877017021, -0.81880491972, -0.803413391113], "median": [-0.61912381649, -0.702733159065, -0.775257945061, -0.817088842392, -0.828752458096, -0.806027650833], "min": [-0.97181558609, -0.974153876305, -0.966837227345, -0.968495309353, -0.964822292328, -0.962476491928], "var": [0.0105872983113, 0.00625020405278, 0.00619720108807, 0.00402280082926, 0.00412405189127, 0.00380919896998]}, "spectral_contrast_valleys": {"dmean": [0.531222462654, 0.441862791777, 0.510960221291, 0.636107087135, 0.659014225006, 0.70668143034], "dmean2": [0.801984071732, 0.688562691212, 0.762255132198, 0.923325896263, 0.893072605133, 0.871796905994], "dvar": [0.276832818985, 0.260455608368, 0.324164807796, 0.481642752886, 0.52348035574, 0.576610922813], "dvar2": [0.516204178333, 0.5