{"lowlevel": {"average_loudness": 0.892399609089, "barkbands_crest": {"dmean": 3.27793169022, "dmean2": 5.2683763504, "dvar": 9.77300357819, "dvar2": 21.4300613403, "max": 26.9186210632, "mean": 14.2248811722, "median": 13.3480167389, "min": 2.79905629158, "var": 34.3532485962}, "barkbands_flatness_db": {"dmean": 0.0442528240383, "dmean2": 0.0667231157422, "dvar": 0.00217432482168, "dvar2": 0.00458197202533, "max": 0.654753625393, "mean": 0.253191500902, "median": 0.235988587141, "min": 0.0333482027054, "var": 0.0108402119949}, "barkbands_kurtosis": {"dmean": 41.1703147888, "dmean2": 66.8282470703, "dvar": 42250, "dvar2": 122364.984375, "max": 7202.32958984, "mean": 50.3470458984, "median": 10.1942110062, "min": -1.96763932705, "var": 41084.5664062}, "barkbands_skewness": {"dmean": 1.47616398335, "dmean2": 2.2749171257, "dvar": 7.70682764053, "dvar2": 20.1026115417, "max": 60.9216575623, "mean": 3.62446212769, "median": 2.55792474747, "min": -3.96147918701, "var": 16.8954162598}, "barkbands_spread": {"dmean": 4.09144878387, "dmean2": 6.13792943954, "dvar": 71.9315643311, "dvar2": 141.102035522, "max": 123.863716125, "mean": 10.1936101913, "median": 6.04867553711, "min": 0.0191470850259, "var": 217.775756836}, "dissonance": {"dmean": 0.0334319211543, "dmean2": 0.0563210994005, "dvar": 0.00106610381044, "dvar2": 0.00293489848264, "max": 0.500000238419, "mean": 0.437660843134, "median": 0.446250796318, "min": 0.179420560598, "var": 0.00198511267081}, "dynamic_complexity": 4.27291965485, "erbbands_crest": {"dmean": 2.78809380531, "dmean2": 4.41245651245, "dvar": 7.19854688644, "dvar2": 17.228761673, "max": 31.5967845917, "mean": 10.2925596237, "median": 9.32660675049, "min": 2.08751106262, "var": 21.0233860016}, "erbbands_flatness_db": {"dmean": 0.0259722582996, "dmean2": 0.0381185673177, "dvar": 0.000676220981404, "dvar2": 0.00145238603, "max": 0.452621787786, "mean": 0.171807304025, "median": 0.165561765432, "min": 0.0263836570084, "var": 0.00373532483354}, "erbbands_kurtosis": {"dmean": 2.15976333618, "dmean2": 3.37376523018, "dvar": 8.25172615051, "dvar2": 18.9146976471, "max": 84.3095703125, "mean": 3.15285134315, "median": 2.02181577682, "min": -1.91889023781, "var": 18.3179969788}, "erbbands_skewness": {"dmean": 0.525260448456, "dmean2": 0.783345222473, "dvar": 0.2857876122, "dvar2": 0.593779802322, "max": 6.63795042038, "mean": 0.908431410789, "median": 0.910700082779, "min": -5.51533222198, "var": 0.957161664963}, "erbbands_spread": {"dmean": 11.2826795578, "dmean2": 17.4413566589, "dvar": 278.973388672, "dvar2": 633.430175781, "max": 193.333892822, "mean": 31.7047233582, "median": 22.9346351624, "min": 1.41046261787, "var": 725.607543945}, "hfc": {"dmean": 7.69897794724, "dmean2": 11.8160095215, "dvar": 424.714569092, "dvar2": 1089.74645996, "max": 425.970367432, "mean": 14.3890180588, "median": 6.82517290115, "min": 1.18123191418e-16, "var": 576.054870605}, "melbands_crest": {"dmean": 3.70872497559, "dmean2": 5.69955301285, "dvar": 15.6254825592, "dvar2": 29.8313140869, "max": 39.8453140259, "mean": 20.495634079, "median": 18.1731185913, "min": 1.61512064934, "var": 77.7197265625}, "melbands_flatness_db": {"dmean": 0.0474531389773, "dmean2": 0.0716478824615, "dvar": 0.00239300937392, "dvar2": 0.00526526430622, "max": 0.712046563625, "mean": 0.359893739223, "median": 0.348052620888, "min": 0.00255421572365, "var": 0.0134178511798}, "melbands_kurtosis": {"dmean": 59.7915306091, "dmean2": 96.0993881226, "dvar": 103826.601562, "dvar2": 266332.5625, "max": 7639.53759766, "mean": 69.9489746094, "median": 16.9280757904, "min": -1.79527127743, "var": 92467.328125}, "melbands_skewness": {"dmean": 1.65857315063, "dmean2": 2.51822900772, "dvar": 10.9680614471, "dvar2": 25.2956142426, "max": 73.9367828369, "mean": 4.31257772446, "median": 3.12802124023, "min": -1.44879281521, "var": 21.6227550507}, "melbands_spread": {"dmean": 3.76952314377, "dmean2": 5.74340963364, "dvar": 96.0082702637, "dvar2": 177.921325684, "max": 291.187805176, "mean": 9.94892501831, "median": 5.58734893799, "min": 0.0469237752259, "var": 343.033996582}, "pitch_salience": {"dmean": 0.0989716053009, "dmean2": 0.15650549531, "dvar": 0.0120579348877, "dvar2": 0.0252635627985, "max": 0.982661247253, "mean": 0.45011895895, "median": 0.477336913347, "min": 0.0115087116137, "var": 0.0411278009415}, "silence_rate_20dB": {"dmean": 0.0451554469764, "dmean2": 0.0903163477778, "dvar": 0.0431112200022, "dvar2": 0.105112537742, "max": 1, "mean": 0.938186645508, "median": 1, "min": 0, "var": 0.0580006577075}, "silence_rate_30dB": {"dmean": 0.0747358873487, "dmean2": 0.149480804801, "dvar": 0.0691654682159, "dvar2": 0.139829725027, "max": 1, "mean": 0.830375492573, "median": 1, "min": 0, "var": 0.140867516398}, "silence_rate_60dB": {"dmean": 0.0323573797941, "dmean2": 0.0647186636925, "dvar": 0.0313039459288, "dvar2": 0.0710499510169, "max": 1, "mean": 0.0609078854322, "median": 0, "min": 0, "var": 0.057210303843}, "spectral_centroid": {"dmean": 183.356491089, "dmean2": 271.740661621, "dvar": 129245.453125, "dvar2": 237090.546875, "max": 10839.4082031, "mean": 678.855834961, "median": 472.568603516, "min": 103.376968384, "var": 465890.5}, "spectral_complexity": {"dmean": 2.9902806282, "dmean2": 4.4655880928, "dvar": 15.0181455612, "dvar2": 29.7091884613, "max": 60, "mean": 9.52360248566, "median": 9, "min": 0, "var": 38.5889701843}, "spectral_decrease": {"dmean": 1.14056035727e-08, "dmean2": 1.69452398779e-08, "dvar": 6.34936638416e-16, "dvar2": 1.54183078048e-15, "max": 6.27989358555e-18, "mean": -2.30633503406e-08, "median": -8.9620320054e-09, "min": -3.56178048833e-07, "var": 1.66418532499e-15}, "spectral_energy": {"dmean": 0.0434084273875, "dmean2": 0.0644478797913, "dvar": 0.0090524610132, "dvar2": 0.0219804737717, "max": 1.34577858448, "mean": 0.0883513242006, "median": 0.0349726267159, "min": 1.08043964777e-20, "var": 0.0238433331251}, "spectral_energyband_high": {"dmean": 0.000397555995733, "dmean2": 0.000593757780734, "dvar": 2.90571051664e-06, "dvar2": 6.97552059137e-06, "max": 0.0365906469524, "mean": 0.000518873508554, "median": 4.11509900005e-05, "min": 7.75732644171e-21, "var": 3.76642196898e-06}, "spectral_energyband_low": {"dmean": 0.0226950775832, "dmean2": 0.0349786654115, "dvar": 0.00191517791245, "dvar2": 0.0043498869054, "max": 0.600305259228, "mean": 0.0429928973317, "median": 0.0209799446166, "min": 2.84020281247e-23, "var": 0.00408495217562}, "spectral_energyband_middle_high": {"dmean": 0.00144142494537, "dmean2": 0.00218099891208, "dvar": 1.53569526447e-05, "dvar2": 3.0369095839e-05, "max": 0.0945995077491, "mean": 0.00289920833893, "median": 0.000461694959085, "min": 1.73135263582e-21, "var": 6.33266317891e-05}, "spectral_energyband_middle_low": {"dmean": 0.00768291391432, "dmean2": 0.0124810114503, "dvar": 0.000260921457084, "dvar2": 0.000710601103492, "max": 0.190952390432, "mean": 0.0119797019288, "median": 0.00647656060755, "min": 4.93500477093e-22, "var": 0.000261687091552}, "spectral_entropy": {"dmean": 0.315152347088, "dmean2": 0.469445973635, "dvar": 0.104109577835, "dvar2": 0.22362357378, "max": 9.81629943848, "mean": 6.94542217255, "median": 6.95302629471, "min": 4.6853928566, "var": 0.524384975433}, "spectral_flux": {"dmean": 0.0611720979214, "dmean2": 0.093827418983, "dvar": 0.00786980241537, "dvar2": 0.0150567749515, "max": 0.882142424583, "mean": 0.118090830743, "median": 0.0757802054286, "min": 1.03944200469e-10, "var": 0.0144793633372}, "spectral_kurtosis": {"dmean": 6.69532108307, "dmean2": 10.4699754715, "dvar": 128.057144165, "dvar2": 322.296875, "max": 182.347320557, "mean": 14.9989213943, "median": 8.5620098114, "min": -1.34603512287, "var": 374.56729126}, "spectral_rms": {"dmean": 0.00187305291183, "dmean2": 0.00266513903625, "dvar": 7.17726697985e-06, "dvar2": 1.39909925565e-05, "max": 0.0362347178161, "mean": 0.00728508457541, "median": 0.0058412021026, "min": 3.24667137792e-12, "var": 3.31239316438e-05}, "spectral_rolloff": {"dmean": 267.830474854, "dmean2": 463.439056396, "dvar": 1078665.125, "dvar2": 2498825.5, "max": 19164.5507812, "mean": 726.237792969, "median": 301.46484375, "min": 21.533203125, "var": 4686541}, "spectral_skewness": {"dmean": 0.617343842983, "dmean2": 0.921769738197, "dvar": 0.499850362539, "dvar2": 1.24320459366, "max": 10.5432453156, "mean": 2.82272028923, "median": 2.5614156723, "min": -0.440432906151, "var": 2.21776843071}, "spectral_spread": {"dmean": 1078673.625, "dmean2": 1548924.5, "dvar": 1577937534980.0, "dvar2": 3062386655230.0, "max": 40686608, "mean": 4826396, "median": 4340894, "min": 474067.21875, "var": 8025865715710.0}, "spectral_strongpeak": {"dmean": 0.27316853404, "dmean2": 0.47265920043, "dvar": 0.535198569298, "dvar2": 1.31042480469, "max": 13.2099094391, "mean": 0.457623511553, "median": 0.226678654552, "min": 0, "var": 0.885311543941}, "zerocrossingrate": {"dmean": 0.00829500425607, "dmean2": 0.00962819624692, "dvar": 0.000207469769521, "dvar2": 0.000210855418118, "max": 0.515625, "mean": 0.0318826511502, "median": 0.01708984375, "min": 0, "var": 0.00330842426047}, "barkbands": {"dmean": [0.0297233778983, 0.0145799191669, 0.00360534386709, 0.00230767414905, 0.00218310579658, 0.00222021876834, 0.00112644140609, 0.000579772226047, 0.000509291188791, 0.000413016998209, 0.000492163759191, 0.000308218615828, 0.000116305418487, 0.000183610041859, 0.000107386549644, 7.28063096176e-05, 4.71200692118e-05, 4.50065672339e-05, 6.43999374006e-05, 4.34610374214e-05, 4.27503728133e-05, 5.56258819415e-05, 5.19513050676e-05, 9.72380803432e-05, 0.000132462926558, 2.62989542534e-05, 1.00592296803e-05], "dmean2": [0.0484112985432, 0.0239567309618, 0.0063232104294, 0.00395062984899, 0.00363181252033, 0.0037841736339, 0.00178774353117, 0.000908899004571, 0.000775379012339, 0.000628123816568, 0.000715469068382, 0.000507224933244, 0.000185366923688, 0.000278360472294, 0.000161323012435, 0.000118268013466, 7.77438617661e-05, 7.28189188521e-05, 9.95853260974e-05, 6.46561893518e-05, 6.57459677313e-05, 8.46558323246e-05, 7.73209685576e-05, 0.000141809709021, 0.000219433146412, 4.0014161641e-05, 1.66288100445e-05], "dvar": [0.0092782760039, 0.00073752948083, 8.20869609015e-05, 2.65125963779e-05, 2.20973979594e-05, 4.05784630857e-05, 6.66787855153e-06, 1.83717736491e-06, 1.25105032112e-06, 2.17598380914e-06, 6.52118751532e-06, 1.80482163614e-06, 1.50690269152e-07, 6.82195263835e-07, 2.03787365649e-07, 6.40683808228e-08, 2.91714918887e-08, 2.70816595815e-08, 2.87878549443e-07, 6.00761680403e-08, 3.04257241623e-08, 7.61278116101e-08, 5.00878023502e-08, 2.22223377477e-07, 1.59975502356e-06, 7.58473639451e-09, 2.03746930438e-09], "dvar2": [0.0234307404608, 0.00181296677329, 0.000230101271882, 7.35925423214e-05, 5.91270545556e-05, 0.00011317962344, 1.58768852998e-05, 3.98370411858e-06, 2.42724058808e-06, 4.39255836682e-06, 1.15983566502e-05, 4.37625021732e-06, 3.06974186515e-07, 1.33766479848e-06, 4.07191009799e-07, 1.49748586864e-07, 7.56159366233e-08, 6.70326940622e-08, 6.38282529053e-07, 1.12557948739e-07, 6.72067343999e-08, 1.78692772579e-07, 9.78499059556e-08, 4.41868223788e-07, 4.51850337413e-06, 1.63533560027e-08, 5.38441735642e-09], "max": [1.25253713131, 0.384706258774, 0.104130893946, 0.0623930729926, 0.06466370821, 0.11868596077, 0.0545792765915, 0.0399008728564, 0.0378943756223, 0.0722952485085, 0.0862925648689, 0.0643036663532, 0.0140842627734, 0.0369105450809, 0.0161627754569, 0.0105837732553, 0.00529060605913, 0.0066954754293, 0.0301667787135, 0.0147704510018, 0.00791106838733, 0.0137347271666, 0.00758505612612, 0.0176056437194, 0.0329162999988, 0.00355746224523, 0.00109998311382], "mean": [0.0464244522154, 0.022928589955, 0.00365709280595, 0.00275927456096, 0.00250978278928, 0.00269249919802, 0.0019720364362, 0.000946979504079, 0.000986915547401, 0.0006499295705, 0.000822494504973, 0.000510485668201, 0.00014328060206, 0.000346055923728, 0.00014745844237, 0.000104542770714, 6.09362250543e-05, 6.18373524048e-05, 8.15055464045e-05, 5.10250429215e-05, 4.83109943161e-05, 6.81799501763e-05, 6.99307493051e-05, 0.000129274616484, 0.000135026741191, 3.27932502842e-05, 1.09101920316e-05], "median": [0.00152332836296, 0.01079412736, 0.0010469830595, 0.000789529411122, 0.000708133156877, 0.000727913982701, 0.000416820461396, 0.000222176226089, 0.000204812560696, 7.84189032856e-05, 5.12694932695e-05, 4.13829184254e-05, 2.27304299187e-05, 2.22514681809e-05, 1.43809356814e-05, 1.09115671876e-05, 8.70069743542e-06, 7.99170265964e-06, 5.91967364016e-06, 3.55123574991e-06, 3.26419740304e-06, 3.89059141526e-06, 4.6464119805e-06, 5.7473207562e-06, 6.4356781877e-06, 2.67360724138e-06, 1.06654306364e-06], "min": [3.5814557254e-24, 5.39904371028e-24, 2.03978998593e-23, 2.01448001487e-23, 7.91040748783e-23, 5.9609157276e-23, 6.56226187129e-23, 3.72979084233e-23, 1.30320263305e-22, 3.52297202336e-22, 3.78874620431e-23, 7.02594358287e-23, 9.40660778124e-23, 8.24252108437e-23, 1.16338113967e-22, 1.53028602649e-22, 1.12686621987e-22, 1.04610819398e-22, 4.16060740953e-22, 3.38112448275e-22, 2.61513625237e-22, 5.6123729983e-22, 6.73164772569e-22, 8.67699739819e-22, 1.21937468867e-21, 1.74178589558e-21, 2.35697683846e-21], "var": [0.0190865378827, 0.000978176016361, 5.65007867408e-05, 2.47364514507e-05, 2.09136796911e-05, 3.32266827172e-05, 1.80105616892e-05, 4.53003440271e-06, 5.28970895175e-06, 6.84091537551e-06, 1.99658206839e-05, 7.41536541682e-06, 3.16900610642e-07, 3.73395437236e-06, 4.27203644904e-07, 2.0444113602e-07, 4.492936867e-08, 4.42277077184e-08, 4.13334191762e-07, 1.08025645318e-07, 4.58453328633e-08, 1.08068668681e-07, 9.0785029272e-08, 4.07645558198e-07, 1.03888271497e-06, 1.26556107816e-08, 2.34943087207e-09]}, "erbbands": {"dmean": [0.677440524101, 2.64535546303, 4.22377300262, 6.2880563736, 6.32147932053, 8.40591430664, 10.7851819992, 21.2430286407, 17.279094696, 13.2868280411, 12.8633842468, 10.4592752457, 12.2309055328, 18.7291183472, 12.8896503448, 9.71189022064, 5.22242164612, 6.04526329041, 8.90437507629, 4.88365125656, 3.60355496407, 2.63417577744, 2.53286719322, 2.55633354187, 3.40143752098, 2.07944011688, 1.61759459972, 1.87989103794, 2.10291409492, 1.4968111515, 1.50434851646, 1.77508115768, 1.71502935886, 1.01057636738, 1.35837757587, 0.205844804645, 0.0440105050802, 0.0101417656988, 0.00142462528311, 0.000159507297212], "dmean2": [1.07232022285, 4.38553380966, 7.36324501038, 10.7527141571, 10.9073419571, 13.7664051056, 17.5930042267, 37.0371627808, 28.1689376831, 20.8147907257, 19.946762085, 16.1243915558, 18.4232368469, 28.1440238953, 19.9494037628, 16.261510849, 8.45136928558, 9.44601821899, 13.0498886108, 7.5888800621, 5.78462696075, 4.33208656311, 4.11418199539, 4.02957344055, 5.27975082397, 3.07814955711, 2.47494912148, 2.89268684387, 3.21265006065, 2.20491027832, 2.26531052589, 2.6208088398, 2.46888303757, 1.49410521984, 2.39866542816, 0.333258748055, 0.0675840526819, 0.0156540106982, 0.00232885079458, 0.000273466052022], "dvar": [2.05796909332, 24.7987194061, 111.342208862, 208.424880981, 230.548324585, 316.088745117, 607.894958496, 4693.40234375, 1740.27685547, 792.618652344, 825.351806641, 515.36151123, 1398.12341309, 6660.44384766, 2196.69458008, 1429.09375, 260.269073486, 345.893829346, 1840.08032227, 345.614196777, 139.062637329, 85.0380401611, 95.1718826294, 190.984649658, 1275.45275879, 126.199790955, 36.9217567444, 86.1318664551, 129.475296021, 40.0728645325, 45.7229309082, 76.9142990112, 70.9068984985, 20.2726039886, 334.636688232, 1.61061346531, 0.0183567460626, 0.00106268236414, 3.34825308528e-05, 8.46141290367e-07], "dvar2": [5.24751329422, 60.9617042542, 310.779785156, 578.473144531, 644.456237793, 817.761230469, 1597.72229004, 13216.0273438, 4402.81396484, 1821.57519531, 1770.12426758, 1019.66760254, 2754.86547852, 12137.421875, 4396.19970703, 3620.93164062, 555.032470703, 771.487304688, 3253.11108398, 774.243041992, 326.158508301, 221.421630859, 235.097549438, 495.600738525, 2722.38989258, 235.169845581, 79.1987075806, 188.244827271, 315.861968994, 76.7892074585, 92.7281494141, 167.781616211, 136.214019775, 40.0916366577, 962.160705566, 4.36614179611, 0.0405091568828, 0.00243271398358, 8.48201525514e-05, 2.36774030782e-06], "max": [22.2616462708, 48.6550178528, 112.412658691, 161.556243896, 144.774017334, 301.728820801, 577.034667969, 1312.76379395, 948.130981445, 699.109375, 674.605224609, 747.416931152, 1693.17163086, 2802.12744141, 1619.92102051, 1274.09057617, 509.252227783, 498.868865967, 1809.24865723, 903.735473633, 447.3934021, 251.724731445, 467.162628174, 919.175415039, 2051.82788086, 572.586425781, 215.727157593, 426.584899902, 553.885742188, 216.348052979, 229.521362305, 277.860015869, 350.584289551, 214.640579224, 482.905334473, 30.9106693268, 3.68688941002, 0.770993888378, 0.186533302069, 0.0230625774711], "mean": [1.13176095486, 3.65165257454, 4.56852483749, 7.67728805542, 6.77289819717, 9.87185668945, 15.2390613556, 23.603559494, 29.1043624878, 21.3927955627, 23.5395832062, 18.558216095, 22.5175457001, 34.799243927, 22.0129795074, 14.5618810654, 6.80760908127, 9.8423166275, 16.501493454, 7.37276077271, 5.0137629509, 3.62542390823, 3.50415039062, 3.45023608208, 4.16182327271, 2.42594027519, 1.85513031483, 2.20213699341, 2.50181913376, 2.00157594681, 2.01072239876, 2.33556008339, 2.27761864662, 1.39135670662, 1.0955530405, 0.216497734189, 0.0541028156877, 0.0130078550428, 0.00170136231463, 0.000212552185985], "median": [0.329619020224, 2.01354312897, 1.66022539139, 2.33004236221, 2.12556242943, 2.55932450294, 4.38147926331, 5.60918426514, 6.60728740692, 6.91057491302, 5.89004993439, 5.09444189072, 3.90452218056, 3.2731127739, 2.31175398827, 1.62612581253, 1.22800076008, 1.18523418903, 0.991471290588, 0.773600041866, 0.643004953861, 0.540952444077, 0.457430362701, 0.391383856535, 0.258543670177, 0.172974318266, 0.142874926329, 0.122054964304, 0.128922849894, 0.141676366329, 0.129297360778, 0.112861655653, 0.096413269639, 0.0702049359679, 0.0434627234936, 0.0151271112263, 0.00393749214709, 0.00143543363083, 0.000239941116888, 5.62457134947e-05], "min": [1.73456010639e-22, 1.58733122174e-21, 1.6015171471e-20, 4.24096049356e-20, 2.55175111859e-19, 1.61830261275e-19, 3.16379756346e-19, 5.77154208868e-19, 7.72443434782e-19, 7.65882858549e-19, 1.88728329148e-18, 3.02600597212e-18, 7.39622055789e-18, 7.44213652651e-18, 2.60342834848e-18, 3.29679016308e-18, 4.03862414119e-18, 5.14954879695e-18, 3.43173847616e-18, 8.36401856586e-18, 7.98231607219e-18, 6.89852335411e-18, 6.29970414763e-18, 1.36128046345e-17, 2.20062385701e-17, 1.57966615405e-17, 1.05518757173e-17, 1.33108944643e-17, 1.95281973608e-17, 1.95596533851e-17, 1.98213402437e-17, 2.16577986632e-17, 1.24433532281e-17, 1.29650982266e-17, 9.10902705636e-18, 5.50872385381e-18, 3.64412971294e-18, 1.15030579415e-18, 3.78167589014e-19, 3.64574814351e-20], "var": [3.09894537926, 27.3189430237, 77.9114303589, 184.232925415, 172.441101074, 342.283508301, 814.116271973, 3439.93994141, 4309.70263672, 1633.16149902, 2179.25708008, 1669.25158691, 5014.17871094, 25003.3652344, 7279.55957031, 4373.87060547, 507.115234375, 1202.11779785, 8418.28808594, 739.175598145, 295.385986328, 154.703231812, 159.097961426, 221.654251099, 1850.91174316, 221.728607178, 55.7016830444, 137.577972412, 165.174682617, 75.6512145996, 78.3244552612, 126.79258728, 134.960525513, 40.4936408997, 191.322784424, 1.27921807766, 0.0314140357077, 0.00185624859296, 4.99356610817e-05, 6.54924576793e-07]}, "gfcc": {"mean": [-78.3733291626, 125.11277771, -56.3680648804, 13.6656446457, -44.1940383911, 17.3537120819, -26.1030445099, 13.1755828857, -10.118897438, 4.90194749832, -6.63281869888, 1.06913542747, -6.2794008255], "cov": [[20314.7851562, -1817.65649414, -895.221862793, 562.540161133, -1073.4798584, 498.519012451, -753.973815918, 555.654541016, -300.697479248, 121.964561462, -171.978179932, 216.165512085, 55.3922615051], [-1817.65649414, 3093.6574707, -155.551712036, -575.141052246, 454.124511719, -459.215270996, 260.068328857, -284.678161621, 142.446533203, -143.161148071, 173.006668091, -176.613006592, -9.20121383667], [-895.221862793, -155.551712036, 1012.48016357, 169.591201782, -5.57894086838, 106.866081238, -1.21487951279, -60.610370636, -14.0780572891, 27.1874771118, -58.0979957581, 18.6802387238, -29.8763313293], [562.540161133, -575.141052246, 169.591201782, 451.277587891, -67.4466323853, 32.958316803, -32.1634559631, 16.4167289734, -8.67665100098, 15.2430725098, -56.4017410278, 22.2339725494, -3.62043476105], [-1073.4798584, 454.124511719, -5.57894086838, -67.4466323853, 317.534088135, -52.6456069946, 116.959762573, -17.2159919739, 60.5757827759, -17.5852622986, 57.0910453796, -27.6983451843, 26.0885505676], [498.519012451, -459.215270996, 106.866081238, 32.958316803, -52.6456069946, 291.070953369, 11.2316570282, 70.5777053833, -24.1937980652, 31.6402225494, -14.6705379486, 25.9483070374, 2.92758321762], [-753.973815918, 260.068328857, -1.21487951279, -32.1634559631, 116.959762573, 11.2316570282, 245.83140564, -25.7059135437, 50.7381515503, 27.9204750061, 53.0579986572, 0.203282907605, 15.3966407776], [555.654541016, -284.678161621, -60.610370636, 16.4167289734, -17.2159919739, 70.5777053833, -25.7059135437, 180.676834106, 29.9243507385, 14.1096172333, 8.45739269257, 27.3336181641, 28.3228702545], [-300.697479248, 142.446533203, -14.0780572891, -8.67665100098, 60.5757827759, -24.1937980652, 50.7381515503, 29.9243507385, 149.15473938, 45.7656059265, 44.1864433289, 10.3210029602, 35.1582565308], [121.964561462, -143.161148071, 27.1874771118, 15.2430725098, -17.5852622986, 31.6402225494, 27.9204750061, 14.1096172333, 45.7656059265, 113.879600525, 27.0689277649, 24.7222576141, 7.33295965195], [-171.978179932, 173.006668091, -58.0979957581, -56.4017410278, 57.0910453796, -14.6705379486, 53.0579986572, 8.45739269257, 44.1864433289, 27.0689277649, 120.369827271, 15.2744283676, 25.3335418701], [216.165512085, -176.613006592, 18.6802387238, 22.2339725494, -27.6983451843, 25.9483070374, 0.203282907605, 27.3336181641, 10.3210029602, 24.7222576141, 15.2744283676, 87.0481262207, 27.2105426788], [55.3922615051, -9.20121383667, -29.8763313293, -3.62043476105, 26.0885505676, 2.92758321762, 15.3966407776, 28.3228702545, 35.1582565308, 7.33295965195, 25.3335418701, 27.2105426788, 84.232093811]], "icov": [[8.90468509169e-05, -0.000121984994621, 0.000115777293104, -0.000208418859984, 0.000228094708291, -0.000203369549126, 0.000221890135435, -0.000258132087765, 0.000239069049712, -0.000247002055403, 5.7707355154e-05, -0.000163588265423, -9.99106559902e-05], [-0.000121984994621, 0.0011723479256, -0.000309962488245, 0.00123332277872, -0.000736359914299, 0.00122379651293, -0.000808079028502, 0.00123076071031, -0.00116839201655, 0.00147737003863, -0.000777796027251, 0.00122052174993, 0.000269468437182], [0.000115777293104, -0.000309962488245, 0.00136983720586, -0.000798000837676, 7.53071290092e-05, -0.000961057317909, 0.00049463432515, 0.000208524157642, 0.000246891606366, -0.000698336225469, 0.000633124262094, -0.000769466161728, 0.000207017554203], [-0.000208418859984, 0.00123332277872, -0.000798000837676, 0.00396017590538, -0.000604602100793, 0.00147115241271, -0.00102583353873, 0.00113498861901, -0.00145681574941, 0.00135301670525, 0.000313838158036, 0.000859567546286, 0.000219170120545], [0.000228094708291, -0.000736359914299, 7.53071290092e-05, -0.000604602100793, 0.00550016900524, -0.000357248471119, -0.0010735061951, -0.00114306109026, -0.000206471639103, 0.000444010627689, -0.000808102486189, 0.000738791539334, -0.00128833390772], [-0.000203369549126, 0.00122379651293, -0.000961057317909, 0.00147115241271, -0.000357248471119, 0.00595868192613, -0.00193803175353, -0.000772879575379, 0.000213320934563, 0.000410216336604, -0.000355187541572, 0.00104924268089, 0.000150576393935], [0.000221890135435, -0.000808079028502, 0.00049463432515, -0.00102583353873, -0.0010735061951, -0.00193803175353, 0.00650009792298, 0.000277906190604, 5.06159303768e-05, -0.00207857857458, -0.000733771477826, -0.00111129169818, -0.000245070084929], [-0.000258132087765, 0.00123076071031, 0.000208524157642, 0.00113498861901, -0.00114306109026, -0.000772879575379, 0.000277906190604, 0.00902188476175, -0.003365770448, 0.00207721348852, -0.000882740307134, 5.18473061675e-05, -0.000803782371804], [0.000239069049712, -0.00116839201655, 0.000246891606366, -0.00145681574941, -0.000206471639103, 0.000213320934563, 5.06159303768e-05, -0.003365770448, 0.0116420648992, -0.00553121138364, -0.000512275728397, -0.000449623388704, -0.00315939681605], [-0.000247002055403, 0.00147737003863, -0.000698336225469, 0.00135301670525, 0.000444010627689, 0.000410216336604, -0.00207857857458, 0.00207721348852, -0.00553121138364, 0.0140442792326, -0.00301093724556, -0.000595484802034, 0.00184797868133], [5.7707355154e-05, -0.000777796027251, 0.000633124262094, 0.000313838158036, -0.000808102486189, -0.000355187541572, -0.000733771477826, -0.000882740307134, -0.000512275728397, -0.00301093724556, 0.012203456834, -0.00254669249989, -0.00156294635963], [-0.000163588265423, 0.00122052174993, -0.000769466161728, 0.000859567546286, 0.000738791539334, 0.00104924268089, -0.00111129169818, 5.18473061675e-05, -0.000449623388704, -0.000595484802034, -0.00254669249989, 0.0162432622164, -0.00431647431105], [-9.99106559902e-05, 0.000269468437182, 0.000207017554203, 0.000219170120545, -0.00128833390772, 0.000150576393935, -0.000245070084929, -0.000803782371804, -0.00315939681605, 0.00184797868133, -0.00156294635963, -0.00431647431105, 0.0157811231911]]}, "melbands": {"dmean": [0.00566384522244, 0.00249024108052, 0.0010782511672, 0.000514914630912, 0.000371332745999, 0.000458989350591, 0.000259393447777, 0.000141763492138, 0.000101861158328, 6.75596384099e-05, 6.22774896328e-05, 7.58707319619e-05, 5.24132046849e-05, 3.87943728128e-05, 1.31571168822e-05, 1.26279483084e-05, 1.2075520317e-05, 1.7139242118e-05, 8.65168567543e-06, 5.5834284467e-06, 4.03356489187e-06, 2.93060543299e-06, 2.25391704589e-06, 2.25916869567e-06, 2.11707993003e-06, 2.50184166362e-06, 2.15253271563e-06, 1.27312125642e-06, 1.03521347228e-06, 9.78380398919e-07, 1.19827961953e-06, 1.35173058879e-06, 9.22531626202e-07, 8.73406975188e-07, 8.83896177584e-07, 9.62458557296e-07, 1.196846938e-06, 1.2468984778e-06, 1.13153623715e-06, 7.17716602594e-07], "dmean2": [0.00885980948806, 0.00421172427014, 0.00185092946049, 0.000859154446516, 0.000605870503932, 0.000792788050603, 0.00041963160038, 0.000220747373533, 0.000158323178766, 0.000103371712612, 9.41474791034e-05, 0.00011397003982, 7.71924023866e-05, 6.3520623371e-05, 2.26210468099e-05, 1.99082678591e-05, 1.86962442967e-05, 2.51732508332e-05, 1.29212603497e-05, 9.11926417757e-06, 6.52860671835e-06, 4.81044799017e-06, 3.75437912226e-06, 3.62297782885e-06, 3.35794243256e-06, 3.92703941543e-06, 3.34622700393e-06, 1.93076630239e-06, 1.59295052526e-06, 1.51854976593e-06, 1.88188391803e-06, 2.11740916711e-06, 1.40467057008e-06, 1.30955129407e-06, 1.36732978717e-06, 1.45820831676e-06, 1.79654114163e-06, 1.80799383998e-06, 1.70704242919e-06, 1.05349806745e-06], "dvar": [0.00012865033932, 2.84198740701e-05, 6.41288397674e-06, 1.29151032979e-06, 6.60389673612e-07, 1.99031092052e-06, 3.60480299832e-07, 8.4240156184e-08, 4.91246652246e-08, 2.35723813802e-08, 4.01180137999e-08, 9.76187308765e-08, 5.21637026907e-08, 3.17256940718e-08, 1.71143865746e-09, 2.22421103757e-09, 1.54329760083e-09, 8.4461300176e-09, 1.56672530505e-09, 4.74773553805e-10, 1.73651482083e-10, 1.00785921275e-10, 8.87210027667e-11, 7.15202411183e-11, 1.63087821026e-10, 5.28927401877e-10, 4.24344337446e-10, 5.06775073295e-11, 1.69498113461e-11, 1.86821356996e-11, 4.58220787702e-11, 6.74172592752e-11, 1.30387298181e-11, 1.63236195394e-11, 1.75813617137e-11, 2.30997530132e-11, 3.68589846145e-11, 4.4650387554e-11, 3.29384991504e-11, 1.09890785707e-11], "dvar2": [0.000304311048239, 7.57717425586e-05, 1.7899694285e-05, 3.4764832435e-06, 1.73894193267e-06, 5.59022237212e-06, 9.06742229745e-07, 1.88568677117e-07, 1.05133644013e-07, 4.46131025456e-08, 7.92086254364e-08, 1.78361290182e-07, 9.33476869136e-08, 7.69320607219e-08, 4.6951100785e-09, 4.4554244738e-09, 3.37125394267e-09, 1.50394310339e-08, 3.08924996695e-09, 1.12899523064e-09, 4.1330622258e-10, 2.54885307305e-10, 2.36928116015e-10, 1.72028447043e-10, 4.34374619607e-10, 1.15530407463e-09, 9.01668906206e-10, 1.03594785528e-10, 3.74586750507e-11, 4.48322559632e-11, 1.03369042492e-10, 1.68720662441e-10, 2.79977326045e-11, 3.31761285111e-11, 3.77227450665e-11, 5.39892054674e-11, 7.96566701489e-11, 9.00088614753e-11, 7.12907996525e-11, 2.18610095304e-11], "max": [0.17061650753, 0.0544662736356, 0.0280547235161, 0.0139155313373, 0.0175137929618, 0.0270430408418, 0.0123120862991, 0.00765452207997, 0.00540037592873, 0.005349048879, 0.00952320173383, 0.0103134531528, 0.00666007772088, 0.00818640738726, 0.000958173826803, 0.00184866320342, 0.00129399006255, 0.00396617734805, 0.00155571463984, 0.000812190584838, 0.000370953523088, 0.000281647546217, 0.000432720669778, 0.000374752591597, 0.00089512829436, 0.00130981719121, 0.00126124417875, 0.000482401374029, 0.000120795273688, 0.000205201271456, 0.000350228918251, 0.000435543712229, 0.000116600174806, 0.000146983002196, 0.00014690226817, 0.000166572237504, 0.000208896293771, 0.000344701926224, 0.000214712345041, 0.000165878896951], "mean": [0.00985875912011, 0.00318810064346, 0.001287905965, 0.000574024976231, 0.000508216151502, 0.000538101070561, 0.00043726581498, 0.000231436977629, 0.00018822227139, 0.000121103141282, 0.000113269627036, 0.000139306255733, 8.50399592309e-05, 6.76277777529e-05, 1.40059009937e-05, 1.63519380294e-05, 1.91170565813e-05, 3.24385764543e-05, 1.22175906654e-05, 8.37659990793e-06, 5.01778276885e-06, 3.97775147576e-06, 2.61615173258e-06, 3.24746883962e-06, 2.6939540021e-06, 3.10429800265e-06, 2.51159804066e-06, 1.43275769915e-06, 1.16677551887e-06, 1.05766673641e-06, 1.3825165297e-06, 1.54671522523e-06, 1.11396570901e-06, 1.11808969905e-06, 1.10883422622e-06, 1.27794237414e-06, 1.48753838403e-06, 1.61281104738e-06, 1.49821846662e-06, 1.02164074178e-06], "median": [0.00318673765287, 0.00178737938404, 0.000399252283387, 0.000155959642143, 0.000157752278028, 0.000131531836814, 0.000106885599962, 6.81617675582e-05, 4.23384590249e-05, 2.70643613476e-05, 1.65102064784e-05, 1.14690774353e-05, 7.65387630963e-06, 4.70447048428e-06, 2.61455761574e-06, 2.32310139836e-06, 1.99032592718e-06, 1.50789082909e-06, 1.0997695199e-06, 7.31488171368e-07, 6.77492607792e-07, 5.36324478162e-07, 4.00967707037e-07, 3.6069474163e-07, 2.9239905075e-07, 2.05082130833e-07, 1.30037449253e-07, 9.78533734042e-08, 8.65027942609e-08, 6.57721130892e-08, 6.20276949803e-08, 6.63116566102e-08, 6.7355742317e-08, 7.25481967834e-08, 6.77916816016e-08, 7.04157798737e-08, 6.19844726657e-08, 6.24781577585e-08, 6.47638245255e-08, 5.43663247754e-08], "min": [1.77377050868e-24, 6.35255448035e-24, 1.46097923171e-23, 1.62463000422e-23, 9.94803773037e-24, 1.31287051787e-23, 1.25166422018e-23, 7.10291226808e-24, 2.00448640938e-23, 1.67565684079e-23, 3.92841907628e-23, 3.36839567562e-23, 7.43454702605e-24, 6.79100849907e-24, 9.31621615441e-24, 9.44258536054e-24, 9.7255103242e-24, 4.10660713533e-24, 9.54385616811e-24, 1.09508187804e-23, 9.07546763906e-24, 7.9324200203e-24, 4.68160745471e-24, 5.78228574868e-24, 1.14040170039e-23, 1.49280093399e-23, 1.58735033111e-23, 9.17984182542e-24, 6.78293529657e-24, 6.72887308101e-24, 8.17627743649e-24, 1.15431050144e-23, 9.93867316257e-24, 1.11655049092e-23, 1.01348415705e-23, 1.25558257119e-23, 1.38960435918e-23, 8.49682002127e-24, 7.23177900784e-24, 1.27478029018e-23], "var": [0.000243217975367, 2.43917947955e-05, 5.29805811311e-06, 1.15661441669e-06, 8.07054391316e-07, 1.51699600792e-06, 8.36545439142e-07, 1.87621452596e-07, 1.39263349297e-07, 8.78014247974e-08, 1.45648328953e-07, 3.65241191957e-07, 1.43700177091e-07, 1.40307747643e-07, 1.81861914417e-09, 4.74446659737e-09, 5.77586689587e-09, 4.11455083338e-08, 3.5786118513e-09, 1.73656455882e-09, 2.69451017054e-10, 2.1139567874e-10, 8.82931505686e-11, 1.46586409677e-10, 1.65708544109e-10, 7.58187068683e-10, 6.81471157282e-10, 7.29613730543e-11, 2.37078308374e-11, 2.36683433269e-11, 6.90202825449e-11, 7.9520098839e-11, 2.13260624438e-11, 2.76935956806e-11, 2.76223401791e-11, 3.37955011198e-11, 5.91413584772e-11, 7.67760854892e-11, 5.62496646483e-11, 2.20654102628e-11]}, "mfcc": {"mean": [-736.938049316, 165.48210144, 45.0195541382, 14.0543031693, 14.2172718048, 6.1025762558, 4.77338647842, 7.99128103256, 5.0571603775, 7.08898305893, 6.90180015564, 3.60048508644, 3.99944353104], "cov": [[12334.4746094, -1614.70336914, -610.604064941, -72.834854126, -185.059326172, -341.100189209, -139.206359863, 33.7696495056, -62.2657775879, 85.7094573975, -142.448226929, -207.933181763, -41.3518943787], [-1614.70336914, 2724.14111328, -216.084701538, -89.8226776123, 15.4539709091, -44.9099807739, 26.8828392029, -38.7220153809, -80.1097183228, -21.3377685547, 60.059009552, 94.091003418, 34.4333763123], [-610.604064941, -216.084701538, 861.94720459, 76.9211654663, 63.5219078064, 150.732437134, -7.8424539566, -9.4764547348, 29.4637470245, -53.1693382263, 16.9582386017, 24.6227684021, -14.0412998199], [-72.834854126, -89.8226776123, 76.9211654663, 356.362762451, 19.2631626129, 36.5226669312, -19.4278240204, -3.51701998711, 34.9412269592, -32.7260360718, 3.74144482613, 31.1721611023, 21.7760982513], [-185.059326172, 15.4539709091, 63.5219078064, 19.2631626129, 217.229492188, -18.0941066742, 1.37755906582, 21.8560962677, 25.034116745, 9.87380886078, -8.53281784058, -2.16013860703, 2.02277898788], [-341.100189209, -44.9099807739, 150.732437134, 36.5226669312, -18.0941066742, 222.265548706, 55.1331634521, 13.3245773315, 25.0493183136, 2.86816835403, 34.5454940796, 17.6167907715, 3.13977360725], [-139.206359863, 26.8828392029, -7.8424539566, -19.4278240204, 1.37755906582, 55.1331634521, 150.753158569, 45.7911300659, 1.53596735001, 26.1292152405, 10.0546045303, 5.09699678421, 4.68055105209], [33.7696495056, -38.7220153809, -9.4764547348, -3.51701998711, 21.8560962677, 13.3245773315, 45.7911300659, 115.972877502, 36.8552246094, 14.5257816315, 10.9919185638, 1.33634960651, 10.4142351151], [-62.2657775879, -80.1097183228, 29.4637470245, 34.9412269592, 25.034116745, 25.0493183136, 1.53596735001, 36.8552246094, 116.625465393, 22.6990375519, 17.3149337769, 11.2634878159, 8.38936233521], [85.7094573975, -21.3377685547, -53.1693382263, -32.7260360718, 9.87380886078, 2.86816835403, 26.1292152405, 14.5257816315, 22.6990375519, 108.92791748, 33.1602172852, 3.31127691269, 13.1669416428], [-142.448226929, 60.059009552, 16.9582386017, 3.74144482613, -8.53281784058, 34.5454940796, 10.0546045303, 10.9919185638, 17.3149337769, 33.1602172852, 90.4454956055, 37.1669540405, 14.5629339218], [-207.933181763, 94.091003418, 24.6227684021, 31.1721611023, -2.16013860703, 17.6167907715, 5.09699678421, 1.33634960651, 11.2634878159, 3.31127691269, 37.1669540405, 89.9366989136, 36.9869155884], [-41.3518943787, 34.4333763123, -14.0412998199, 21.7760982513, 2.02277898788, 3.13977360725, 4.68055105209, 10.4142351151, 8.38936233521, 13.1669416428, 14.5629339218, 36.9869155884, 74.5152359009]], "icov": [[9.98265240924e-05, 5.8084664488e-05, 4.90592428832e-05, -1.26708791868e-05, 8.36756662466e-05, 0.000101329729659, 7.80647897045e-05, -7.90147751104e-05, 6.94131522323e-05, -9.85563747236e-05, 5.70639967918e-05, 0.000119354270282, -1.96924356715e-05], [5.8084664488e-05, 0.000449708953965, 0.00015135940339, 0.000111153305625, -9.23853440327e-05, 0.000101822217403, -7.99582485342e-05, 0.000107235995529, 0.000270599790383, 0.000199186761165, -0.000266303686658, -0.000354688934749, -2.88460742013e-05], [4.90592428832e-05, 0.00015135940339, 0.00152587227058, -4.29806059401e-05, -0.000554765516426, -0.000995522132143, 0.000290562777082, 0.000184964563232, -7.85091251601e-05, 0.000748976191971, -0.000200569498702, -0.00037274468923, 0.00037098658504], [-1.26708791868e-05, 0.000111153305625, -4.29806059401e-05, 0.00324765685946, -0.000314628123306, -0.000462552299723, 0.000298071914585, 0.000353505864041, -0.000949166773353, 0.00120648182929, 5.55151309527e-05, -0.000835195300169, -0.000758287671488], [8.36756662466e-05, -9.23853440327e-05, -0.000554765516426, -0.000314628123306, 0.00521873077378, 0.000948360771872, 1.36604458021e-05, -0.000926393317059, -0.000793756626081, -0.000955640512984, 0.000952998059802, 0.000257707142737, -3.24158208969e-05], [0.000101329729659, 0.000101822217403, -0.000995522132143, -0.000462552299723, 0.000948360771872, 0.0064775631763, -0.00247947871685, 0.000416014925577, -0.00100005767308, 0.000394609523937, -0.0019683195278, 0.000374056777218, -2.44188981924e-06], [7.80647897045e-05, -7.99582485342e-05, 0.000290562777082, 0.000298071914585, 1.36604458021e-05, -0.00247947871685, 0.00911360885948, -0.00373998912983, 0.00170606561005, -0.00221986812539, 0.00120455294382, -0.000692238972988, 0.000410630280385], [-7.90147751104e-05, 0.000107235995529, 0.000184964563232, 0.000353505864041, -0.000926393317059, 0.000416014925577, -0.00373998912983, 0.0115904463455, -0.00361504405737, 0.00103314837907, -0.00136756442953, 0.00110395473894, -0.00159544683993], [6.94131522323e-05, 0.000270599790383, -7.85091251601e-05, -0.000949166773353, -0.000793756626081, -0.00100005767308, 0.00170606561005, -0.00361504405737, 0.0111944153905, -0.00237534265034, -0.000406655599363, -0.000922306790017, 0.000334495241987], [-9.85563747236e-05, 0.000199186761165, 0.000748976191971, 0.00120648182929, -0.000955640512984, 0.000394609523937, -0.00221986812539, 0.00103314837907, -0.00237534265034, 0.0128021128476, -0.00524196727201, 0.00186926289462, -0.00225191679783], [5.70639967918e-05, -0.000266303686658, -0.000200569498702, 5.55151309527e-05, 0.000952998059802, -0.0019683195278, 0.00120455294382, -0.00136756442953, -0.000406655599363, -0.00524196727201, 0.0166340693831, -0.00628082407638, 0.00111199484672], [0.000119354270282, -0.000354688934749, -0.00037274468923, -0.000835195300169, 0.000257707142737, 0.000374056777218, -0.000692238972988, 0.00110395473894, -0.000922306790017, 0.00186926289462, -0.00628082407638, 0.0178831722587, -0.00760517595336], [-1.96924356715e-05, -2.88460742013e-05, 0.00037098658504, -0.000758287671488, -3.24158208969e-05, -2.44188981924e-06, 0.000410630280385, -0.00159544683993, 0.000334495241987, -0.00225191679783, 0.00111199484672, -0.00760517595336, 0.0178300440311]]}, "spectral_contrast_coeffs": {"dmean": [0.0499961338937, 0.0488367080688, 0.0408550649881, 0.0300045311451, 0.0225284527987, 0.0203655548394], "dmean2": [0.0812957286835, 0.0793308764696, 0.0646908059716, 0.0478666052222, 0.0353070795536, 0.0313887894154], "dvar": [0.00179799145553, 0.0018784616841, 0.00129417143762, 0.000705577374902, 0.00044915053877, 0.000439354422269], "dvar2": [0.00452661653981, 0.00463686836883, 0.00298643531278, 0.00163437472656, 0.00101886258926, 0.000910321890842], "max": [-0.39306268096, -0.426111996174, -0.434498667717, -0.48926627636, -0.562899589539, -0.558140575886], "mean": [-0.711099624634, -0.746432006359, -0.785802364349, -0.815612375736, -0.827666580677, -0.827362239361], "median": [-0.716226458549, -0.755811452866, -0.806354224682, -0.83106803894, -0.836115837097, -0.8323777318], "min": [-0.988845825195, -0.989462137222, -0.989033579826, -0.976689279079, -0.964442312717, -0.961788535118], "var": [0.005188615527, 0.00744393654168, 0.00809953082353, 0.00421136105433, 0.00249668117613, 0.00161343091168]}, "spectral_contrast_valleys": {"dmean": [0.460034042597, 0.559608221054, 0.577340602875, 0.551441073418, 0.539578914642, 0.519155442715], "dmean2": [0.723264455795, 0.858007967472, 0.904287993908, 0.851086914539, 0.79780548811, 0.718063116074], "dvar": [0.181536570191, 0.295745581388, 0.349219411612, 0.304250955582, 0.355863839388, 0.399911820889], "dvar2": [0.398442327976, 0.698657512665, 0.857115626335, 0.73541021347, 0.816283166409, 0.85271215438