{"lowlevel": {"average_loudness": 0.931969761848, "barkbands_crest": {"dmean": 2.67006635666, "dmean2": 4.22817182541, "dvar": 7.06029748917, "dvar2": 18.0245361328, "max": 26.0676822662, "mean": 13.2318544388, "median": 12.6874628067, "min": 2.53384637833, "var": 18.4541854858}, "barkbands_flatness_db": {"dmean": 0.0386070050299, "dmean2": 0.0520294196904, "dvar": 0.00166545435786, "dvar2": 0.00312042445876, "max": 0.493282735348, "mean": 0.243963271379, "median": 0.24984934926, "min": 0.0222142059356, "var": 0.00553197786212}, "barkbands_kurtosis": {"dmean": 7.12766265869, "dmean2": 10.8174171448, "dvar": 178.490524292, "dvar2": 396.227478027, "max": 300.619750977, "mean": 12.7332897186, "median": 6.42480421066, "min": -1.92511546612, "var": 396.249145508}, "barkbands_skewness": {"dmean": 0.796853005886, "dmean2": 1.17255914211, "dvar": 0.750675141811, "dvar2": 1.62946486473, "max": 14.3901863098, "mean": 2.35212182999, "median": 2.0421640873, "min": -4.39656448364, "var": 3.43585181236}, "barkbands_spread": {"dmean": 3.74299693108, "dmean2": 5.80139303207, "dvar": 31.0010509491, "dvar2": 72.116645813, "max": 139.446762085, "mean": 10.0605831146, "median": 7.24037742615, "min": 0.356050431728, "var": 151.604782104}, "dissonance": {"dmean": 0.0337232425809, "dmean2": 0.0556235723197, "dvar": 0.00111825729255, "dvar2": 0.00289856037125, "max": 0.5, "mean": 0.416087001562, "median": 0.424416095018, "min": 0.189542859793, "var": 0.00262605422176}, "dynamic_complexity": 3.20240092278, "erbbands_crest": {"dmean": 3.68031334877, "dmean2": 5.75405931473, "dvar": 14.1683578491, "dvar2": 33.4724273682, "max": 33.814907074, "mean": 14.7964963913, "median": 13.2958164215, "min": 2.33108949661, "var": 42.2092628479}, "erbbands_flatness_db": {"dmean": 0.0386281646788, "dmean2": 0.0513562075794, "dvar": 0.00153726211283, "dvar2": 0.00279132649302, "max": 0.478996664286, "mean": 0.25139567256, "median": 0.256800562143, "min": 0.049932487309, "var": 0.00544121395797}, "erbbands_kurtosis": {"dmean": 2.81698703766, "dmean2": 4.3104596138, "dvar": 21.325466156, "dvar2": 44.2117919922, "max": 105.616737366, "mean": 3.88589143753, "median": 1.48277688026, "min": -1.82057619095, "var": 63.3157272339}, "erbbands_skewness": {"dmean": 0.61785620451, "dmean2": 0.897525906563, "dvar": 0.396877378225, "dvar2": 0.805474162102, "max": 8.0228099823, "mean": 1.06514239311, "median": 1.07358837128, "min": -5.15701293945, "var": 2.17285919189}, "erbbands_spread": {"dmean": 7.08031368256, "dmean2": 10.7772092819, "dvar": 72.4514694214, "dvar2": 164.048477173, "max": 87.5473403931, "mean": 22.2648010254, "median": 20.2146778107, "min": 0.550879776478, "var": 147.56036377}, "hfc": {"dmean": 5.88622665405, "dmean2": 8.16946792603, "dvar": 81.6735153198, "dvar2": 174.945983887, "max": 83.3284683228, "mean": 12.4430446625, "median": 8.26956939697, "min": 1.23746259343e-16, "var": 162.077026367}, "melbands_crest": {"dmean": 2.60574054718, "dmean2": 4.11380434036, "dvar": 6.81973600388, "dvar2": 16.9976940155, "max": 32.6924247742, "mean": 15.2816009521, "median": 14.7107343674, "min": 1.98257648945, "var": 24.0248966217}, "melbands_flatness_db": {"dmean": 0.0403896532953, "dmean2": 0.0538516230881, "dvar": 0.0020750684198, "dvar2": 0.00411454262212, "max": 0.600747942924, "mean": 0.312691032887, "median": 0.318026989698, "min": 0.00819277577102, "var": 0.0071884370409}, "melbands_kurtosis": {"dmean": 9.87920951843, "dmean2": 14.6967544556, "dvar": 242.608291626, "dvar2": 527.481689453, "max": 302.980834961, "mean": 20.3109703064, "median": 11.3376750946, "min": -1.90947175026, "var": 701.508605957}, "melbands_skewness": {"dmean": 0.827585995197, "dmean2": 1.23548614979, "dvar": 0.737748324871, "dvar2": 1.65698575974, "max": 13.2284421921, "mean": 2.83681535721, "median": 2.49322319031, "min": -4.22479200363, "var": 3.53082966805}, "melbands_spread": {"dmean": 4.16499137878, "dmean2": 6.54803991318, "dvar": 40.8324394226, "dvar2": 99.8120727539, "max": 142.37322998, "mean": 11.2243080139, "median": 7.63262557983, "min": 0.446825802326, "var": 135.884414673}, "pitch_salience": {"dmean": 0.075511276722, "dmean2": 0.118155419827, "dvar": 0.00578684918582, "dvar2": 0.014146505855, "max": 0.932551622391, "mean": 0.513217508793, "median": 0.509813547134, "min": 0.0837970077991, "var": 0.0158232562244}, "silence_rate_20dB": {"dmean": 0, "dmean2": 0, "dvar": 0, "dvar2": 0, "max": 1, "mean": 1, "median": 1, "min": 1, "var": 0}, "silence_rate_30dB": {"dmean": 0.00251572323032, "dmean2": 0.00503235077485, "dvar": 0.00250947638415, "dvar2": 0.00716413045302, "max": 1, "mean": 0.998562693596, "median": 1, "min": 0, "var": 0.00143520219717}, "silence_rate_60dB": {"dmean": 0.0255166217685, "dmean2": 0.0510424152017, "dvar": 0.0248648803681, "dvar2": 0.0541889071465, "max": 1, "mean": 0.0801293551922, "median": 0, "min": 0, "var": 0.0737105607986}, "spectral_centroid": {"dmean": 145.777770996, "dmean2": 225.02041626, "dvar": 63945, "dvar2": 135422.46875, "max": 11113.1025391, "mean": 662.295776367, "median": 542.870605469, "min": 145.468933105, "var": 191470.984375}, "spectral_complexity": {"dmean": 2.85426783562, "dmean2": 4.08878517151, "dvar": 20.8320522308, "dvar2": 36.6700172424, "max": 47, "mean": 10.5770750046, "median": 9, "min": 0, "var": 50.6464958191}, "spectral_decrease": {"dmean": 2.48030729288e-09, "dmean2": 3.39523320569e-09, "dvar": 1.23986846478e-17, "dvar2": 2.3125835801e-17, "max": 5.75335279143e-29, "mean": -6.25752427652e-09, "median": -4.6020338651e-09, "min": -4.11303986425e-08, "var": 3.04748226916e-17}, "spectral_energy": {"dmean": 0.00981762353331, "dmean2": 0.0133954724297, "dvar": 0.000188632198842, "dvar2": 0.000352411792846, "max": 0.160308241844, "mean": 0.0247459094971, "median": 0.01831253618, "min": 1.1006991912e-20, "var": 0.000468974612886}, "spectral_energyband_high": {"dmean": 0.000215346604818, "dmean2": 0.000328589929268, "dvar": 3.00039801004e-07, "dvar2": 7.18558624158e-07, "max": 0.00573949469253, "mean": 0.00020255841082, "median": 2.00594586204e-05, "min": 8.04976306102e-21, "var": 2.92279707992e-07}, "spectral_energyband_low": {"dmean": 0.00278389663436, "dmean2": 0.00419436953962, "dvar": 8.01917703939e-05, "dvar2": 0.000152098509716, "max": 0.0838399976492, "mean": 0.00431563146412, "median": 0.000523451075424, "min": 3.4902336647e-23, "var": 0.000128070343635}, "spectral_energyband_middle_high": {"dmean": 0.00224032811821, "dmean2": 0.00321729201823, "dvar": 1.72686013684e-05, "dvar2": 3.58573670383e-05, "max": 0.0695510730147, "mean": 0.00356022967026, "median": 0.00113538186997, "min": 1.70310086361e-21, "var": 3.17298581649e-05}, "spectral_energyband_middle_low": {"dmean": 0.00636980868876, "dmean2": 0.00867464113981, "dvar": 8.42046865728e-05, "dvar2": 0.000169020597241, "max": 0.157797262073, "mean": 0.0171217676252, "median": 0.0128303784877, "min": 2.34486215639e-22, "var": 0.000234462102526}, "spectral_entropy": {"dmean": 0.376601725817, "dmean2": 0.507524132729, "dvar": 0.173181995749, "dvar2": 0.332446604967, "max": 9.81414318085, "mean": 6.50237417221, "median": 6.39107084274, "min": 4.66319561005, "var": 0.533277213573}, "spectral_flux": {"dmean": 0.0301163606346, "dmean2": 0.0463314801455, "dvar": 0.00135649414733, "dvar2": 0.00318248220719, "max": 0.287015527487, "mean": 0.0639471486211, "median": 0.0514226555824, "min": 1.04914209265e-10, "var": 0.00242958241142}, "spectral_kurtosis": {"dmean": 8.80533504486, "dmean2": 14.214058876, "dvar": 120.635635376, "dvar2": 291.955841064, "max": 113.32485199, "mean": 16.1355056763, "median": 10.8503713608, "min": -1.17579734325, "var": 235.371856689}, "spectral_rms": {"dmean": 0.000906679430045, "dmean2": 0.00119548314251, "dvar": 1.20896572753e-06, "dvar2": 2.15516615754e-06, "max": 0.0125059299171, "mean": 0.00443288916722, "median": 0.00422680564225, "min": 3.27696940763e-12, "var": 4.49174376627e-06}, "spectral_rolloff": {"dmean": 230.4012146, "dmean2": 404.28994751, "dvar": 278899.75, "dvar2": 613099.125, "max": 19143.0175781, "mean": 879.578125, "median": 516.796875, "min": 86.1328125, "var": 2210112.25}, "spectral_skewness": {"dmean": 0.676081240177, "dmean2": 1.0770816803, "dvar": 0.504459381104, "dvar2": 1.21791863441, "max": 8.37752246857, "mean": 2.75605893135, "median": 2.50304102898, "min": -0.0832096487284, "var": 1.19123721123}, "spectral_spread": {"dmean": 1028497.25, "dmean2": 1448127.75, "dvar": 1679936323580.0, "dvar2": 3163513421820.0, "max": 39932572, "mean": 3298780.25, "median": 2688798.75, "min": 664060.25, "var": 3715529441280.0}, "spectral_strongpeak": {"dmean": 0.606529116631, "dmean2": 0.981008291245, "dvar": 1.00049042702, "dvar2": 2.43502783775, "max": 9.24528026581, "mean": 1.26077377796, "median": 0.937470793724, "min": 0, "var": 1.42534995079}, "zerocrossingrate": {"dmean": 0.00806063320488, "dmean2": 0.00994798447937, "dvar": 0.00010259514238, "dvar2": 0.000142018456245, "max": 0.5078125, "mean": 0.0358727052808, "median": 0.029296875, "min": 0.0029296875, "var": 0.00106699916068}, "barkbands": {"dmean": [4.45137047791e-05, 0.002368071815, 0.000641792197712, 0.000365114159649, 0.00217885547318, 0.00400504283607, 0.000934950774536, 0.000408847117797, 0.000166437850567, 0.000556025945116, 0.000342590967193, 0.000648192653898, 0.000416288821725, 0.000375683797756, 0.000118712763651, 8.35993560031e-05, 0.000161823889357, 4.52522872365e-05, 2.95055579045e-05, 2.98818104056e-05, 3.46788619936e-05, 3.56550626748e-05, 2.29621455219e-05, 2.64144673565e-05, 5.06356882397e-05, 2.50122775469e-05, 1.25221067719e-05], "dmean2": [6.94904665579e-05, 0.003602120094, 0.00112136534881, 0.000545237446204, 0.00341168860905, 0.00556460209191, 0.00132908171508, 0.000560035230592, 0.000247936462983, 0.000715821341146, 0.000503149989527, 0.00101803254802, 0.000649122870527, 0.000594668264966, 0.000195613130927, 0.000135200825753, 0.000274941005046, 7.03427285771e-05, 4.25373691542e-05, 4.44074539701e-05, 5.42592460988e-05, 5.41937770322e-05, 3.5698274587e-05, 4.13016387029e-05, 8.13824954093e-05, 4.28939856647e-05, 2.26201482292e-05], "dvar": [1.34702187182e-08, 6.28759516985e-05, 4.38774395661e-06, 1.1853929891e-06, 1.28063456941e-05, 5.52653509658e-05, 2.90074672193e-06, 8.03126908977e-07, 1.71689478634e-07, 7.6651249401e-06, 1.35117159061e-06, 4.20149444835e-06, 3.31596015712e-06, 1.73676653503e-06, 1.42150781812e-07, 6.51084732795e-08, 2.00375041004e-07, 1.20710437201e-08, 3.77011577513e-09, 5.20319431985e-09, 1.26940644662e-08, 9.48441769566e-09, 5.4301190211e-09, 4.62602534057e-09, 1.52634704875e-08, 6.65072752426e-09, 1.8942898361e-09], "dvar2": [3.10679197923e-08, 0.000114295900858, 1.22895571621e-05, 2.13615271605e-06, 3.27895140799e-05, 0.000112353533041, 6.18371359451e-06, 1.54728650159e-06, 3.42664662867e-07, 1.3408896848e-05, 2.49004938269e-06, 1.05032713691e-05, 8.1805173977e-06, 4.32408251072e-06, 3.41477289112e-07, 1.63583877111e-07, 5.4448003084e-07, 2.87161512347e-08, 7.52579509822e-09, 1.2207032718e-08, 3.35683481012e-08, 2.36548629573e-08, 1.4129900805e-08, 1.10837232725e-08, 3.52740769927e-08, 1.76598522472e-08, 5.28154053825e-09], "max": [0.00125409767497, 0.0725343227386, 0.0267417579889, 0.0347790792584, 0.0679472535849, 0.146744832397, 0.0268982574344, 0.0221877191216, 0.0149630624801, 0.0642583742738, 0.0425016470253, 0.0311101637781, 0.0425918474793, 0.0217437595129, 0.0101877395064, 0.00632952293381, 0.01289423462, 0.00137938070111, 0.000928109744564, 0.000773219449911, 0.00170682987664, 0.00129110354465, 0.00100671523251, 0.000638024765067, 0.000973336049356, 0.000974584603682, 0.000602744636126], "mean": [5.72777826164e-05, 0.00308555341326, 0.00092047767248, 0.000660535122734, 0.00569389620796, 0.00745848286897, 0.00181636062916, 0.000847956165671, 0.000293658638839, 0.000738120288588, 0.000480030750623, 0.000951363006607, 0.000487990793772, 0.000509841076564, 0.000134185378556, 0.000105425504444, 0.000193883606698, 5.23917988176e-05, 4.12551162299e-05, 3.72247886844e-05, 3.46404267475e-05, 3.51049202436e-05, 2.06997810892e-05, 2.22628095798e-05, 4.17246337747e-05, 1.76490048034e-05, 7.964604265e-06], "median": [1.75848754225e-06, 0.000128003768623, 0.000122207493405, 5.8752419136e-05, 0.0039333361201, 0.00387828261591, 0.000783593510278, 0.000336112861987, 9.41396428971e-05, 4.5920991397e-05, 0.000100807781564, 5.01993781654e-05, 3.71955684386e-05, 2.75911625067e-05, 2.45333703788e-05, 2.71079807135e-05, 5.46455485164e-05, 1.18092175398e-05, 1.04053087853e-05, 8.22859510663e-06, 5.18641536473e-06, 3.68480959878e-06, 1.28964552459e-06, 6.37895368527e-07, 6.0669344748e-07, 8.56776836144e-08, 9.78031522436e-09], "min": [2.96929059105e-24, 1.764465066e-23, 5.02984891803e-24, 3.39255280534e-23, 5.58281532681e-23, 1.51058501424e-23, 1.80013593619e-23, 3.24068445931e-23, 3.71019585298e-23, 5.78131860521e-23, 6.38522696912e-23, 1.86965865797e-22, 9.03103804624e-23, 4.70443764151e-23, 1.66634118236e-22, 1.55379016871e-22, 1.82266703426e-22, 2.84819125976e-22, 3.45100190795e-22, 2.63964142753e-22, 3.07882995464e-22, 5.38935533085e-22, 6.149830875e-22, 1.02936074007e-21, 1.33874123334e-21, 1.88674869208e-21, 2.4722198999e-21], "var": [2.39514097444e-08, 9.43402628764e-05, 4.49913477496e-06, 3.08787502945e-06, 3.6951234506e-05, 0.000106746927486, 6.86488283463e-06, 2.43286899604e-06, 4.78019273942e-07, 1.34276406243e-05, 2.56164389612e-06, 6.71797988616e-06, 3.43980900652e-06, 3.30352827405e-06, 1.84606633979e-07, 6.31677039564e-08, 1.87076707903e-07, 1.3347046135e-08, 6.18779738559e-09, 6.43404263201e-09, 1.0266452577e-08, 9.00007712801e-09, 4.39580372102e-09, 4.29924629231e-09, 1.43399585539e-08, 4.67703609175e-09, 1.16633014358e-09]}, "erbbands": {"dmean": [0.0472749583423, 0.60190141201, 0.761271357536, 0.968995213509, 3.11816382408, 9.01180744171, 17.20287323, 39.2827453613, 18.9768886566, 10.2176332474, 5.37910223007, 4.60561943054, 11.831401825, 14.5014896393, 18.2148418427, 32.6425323486, 22.1607685089, 20.4638652802, 8.40693092346, 5.05956745148, 4.9890332222, 7.26436662674, 3.9569838047, 1.92993843555, 1.25151348114, 1.3579916954, 1.78635263443, 1.12865912914, 1.30784547329, 0.986603915691, 0.601488292217, 0.554050564766, 0.455469578505, 0.553217291832, 0.362470299006, 0.155204743147, 0.0345402993262, 0.0104192979634, 0.00260305660777, 0.000108862994239], "dmean2": [0.0752458274364, 0.894759356976, 1.25531637669, 1.59437608719, 4.80059289932, 14.5692863464, 24.3608436584, 55.6571311951, 26.3603153229, 14.1983594894, 7.63910913467, 6.48785877228, 14.6556310654, 19.8587703705, 26.105173111, 51.0239219666, 34.5732154846, 32.1755218506, 13.383471489, 8.35796928406, 8.03172779083, 12.3246030807, 6.36467409134, 2.76854324341, 1.88478374481, 1.97047972679, 2.78195905685, 1.7051295042, 2.00610995293, 1.5030618906, 0.95266699791, 0.86372178793, 0.725256562233, 0.887631237507, 0.58848887682, 0.265315800905, 0.0583379976451, 0.0182317867875, 0.00473005603999, 0.000192313222215], "dvar": [0.0281583629549, 3.86557030678, 5.96212816238, 6.80270385742, 62.2675132751, 262.553161621, 822.885009766, 6364.91845703, 1221.45703125, 366.09576416, 179.754318237, 123.699707031, 4574.19335938, 7127.20410156, 3722.52294922, 10823.1191406, 9219.03222656, 4867.78710938, 547.523803711, 173.570205688, 223.856216431, 409.890350342, 84.7192077637, 17.6674137115, 8.25426483154, 9.5776052475, 29.8369560242, 11.7113199234, 13.1597747803, 7.90021276474, 4.05751037598, 2.21555542946, 1.3762537241, 2.01228952408, 0.796773672104, 0.245899602771, 0.0113813262433, 0.00119833776262, 8.59078500071e-05, 1.2822378892e-07], "dvar2": [0.054424546659, 6.94484615326, 14.863861084, 17.1668071747, 151.339385986, 704.423461914, 1660.67492676, 13058.2304688, 2518.77490234, 791.346130371, 393.590301514, 232.209747314, 8666.29785156, 11804.5761719, 6734.28320312, 27051.3769531, 22983.2402344, 12199.9199219, 1285.56652832, 452.468536377, 578.028686523, 1123.04211426, 207.73638916, 34.069858551, 19.2428607941, 21.2099132538, 77.4229736328, 30.2779140472, 33.2884216309, 19.6477451324, 10.7089300156, 5.35369777679, 3.3317065239, 4.80724525452, 1.86630678177, 0.652585983276, 0.0294013526291, 0.0032352716662, 0.000241138201091, 3.59612442935e-07], "max": [1.44528162479, 18.1068382263, 30.5881729126, 48.4676017761, 172.540512085, 271.671508789, 643.189575195, 1176.00598145, 657.699462891, 398.802154541, 342.408691406, 408.934051514, 1785.54528809, 2436.82592773, 2255.04101562, 1591.67114258, 2242.65454102, 1235.38745117, 563.43359375, 163.567703247, 327.508392334, 424.758605957, 154.513412476, 65.1965789795, 38.8277359009, 33.2898674011, 81.3322525024, 46.7953186035, 49.9264030457, 37.6222915649, 28.819272995, 18.8982028961, 9.60556316376, 14.7992572784, 8.38254451752, 5.15007543564, 1.3123755455, 0.40458637476, 0.144296035171, 0.00453140959144], "mean": [0.0608414188027, 0.781398713589, 1.16127550602, 1.79289150238, 5.69359779358, 21.4335689545, 47.1778373718, 64.2868881226, 35.7378349304, 22.7904453278, 11.045132637, 8.76754283905, 17.5578727722, 17.6848659515, 27.2766628265, 47.7572097778, 27.1490440369, 28.5515594482, 10.4077310562, 6.285551548, 6.24966716766, 8.59479808807, 5.11837100983, 2.61320114136, 1.72891843319, 1.77065348625, 1.85153281689, 1.18055331707, 1.27393722534, 0.931879580021, 0.524448215961, 0.482554346323, 0.373376995325, 0.447893083096, 0.294006586075, 0.110895626247, 0.0250377804041, 0.00714558456093, 0.00164346082602, 9.15100390557e-05], "median": [0.00144980591722, 0.0393933206797, 0.187752962112, 0.249675497413, 1.41101968288, 13.1976184845, 30.498260498, 27.6227722168, 16.4109840393, 12.3824672699, 5.26748752594, 3.18917870522, 1.88747298717, 1.625654459, 6.97123384476, 3.51081371307, 4.0481133461, 2.06434059143, 1.30107092857, 1.69391715527, 1.7848739624, 2.34992313385, 1.34860527515, 0.701387584209, 0.387934714556, 0.417889118195, 0.29163351655, 0.175689220428, 0.132085025311, 0.0714524686337, 0.0310295335948, 0.0175915304571, 0.0089520867914, 0.00601139385253, 0.00422905851156, 0.000820205314085, 0.000118708529044, 1.82334952115e-05, 1.60031686391e-05, 2.38415668719e-05], "min": [6.98369850368e-22, 3.21617899385e-21, 4.7742926252e-21, 5.88443104579e-20, 2.55314052353e-19, 9.92898816577e-20, 7.77451354232e-20, 1.32768821416e-19, 2.06605444435e-19, 3.33478277541e-19, 8.34270687776e-19, 6.61631373094e-19, 2.58367548225e-18, 1.10615047946e-18, 3.5294076202e-18, 8.1886645478e-18, 4.6252014882e-18, 3.13232825254e-18, 5.09602400746e-18, 9.42286847975e-18, 8.93104839422e-18, 1.00704185505e-17, 1.84816501042e-17, 1.65852045466e-17, 1.50712390325e-17, 1.25492182844e-17, 1.26013141194e-17, 1.36346281406e-17, 1.63379635703e-17, 2.16216425987e-17, 1.67722631703e-17, 1.58079095424e-17, 1.90617204349e-17, 1.12797433711e-17, 1.16795238971e-17, 6.71973446856e-18, 3.5042303103e-18, 1.46407680379e-18, 3.71727134915e-19, 3.46643897428e-20], "var": [0.0393798612058, 5.89108800888, 7.11652565002, 12.7877388, 166.209991455, 606.061218262, 2586.15136719, 10912.9238281, 2705.61938477, 1112.78759766, 369.231323242, 371.628692627, 9067.17382812, 11413.6953125, 7119.328125, 16794.9882812, 9080.57324219, 9552.67773438, 801.340820312, 181.415725708, 205.659240723, 364.734130859, 106.010108948, 27.0972537994, 11.7827224731, 13.3916368484, 25.8020401001, 10.3567667007, 12.1385478973, 7.31341218948, 3.10001564026, 2.04738116264, 1.23583996296, 1.81159329414, 0.724720001221, 0.173482269049, 0.0085137905553, 0.000809481018223, 5.18727320014e-05, 8.04688227163e-08]}, "gfcc": {"mean": [-103.163131714, 132.791900635, -122.905555725, 2.74703097343, -60.6377067566, -19.7821674347, -48.1062355042, -15.7734622955, -25.193693161, -1.44629991055, -2.08079600334, 4.86491346359, 0.038950972259], "cov": [[20978.9648438, -509.803863525, 338.478424072, 540.626647949, -1128.29577637, 324.122314453, -1300.33654785, -22.4504413605, -240.564620972, 353.558776855, -250.412216187, 219.716369629, -126.180885315], [-509.803863525, 3726.06396484, -268.365356445, 373.394714355, 900.790466309, -248.617248535, 639.789672852, -275.487518311, 328.041656494, -190.540435791, 291.612915039, -358.252838135, 31.4368438721], [338.478424072, -268.365356445, 1108.80151367, 293.593719482, 230.395019531, 404.185668945, 59.3346939087, 194.181518555, 22.4935188293, 136.380340576, -19.920331955, 33.5633430481, -111.568000793], [540.626647949, 373.394714355, 293.593719482, 553.291809082, 240.046630859, 177.432937622, 175.393218994, 98.2398681641, 147.120452881, 47.4523468018, 42.6875267029, -44.2513580322, -6.93035364151], [-1128.29577637, 900.790466309, 230.395019531, 240.046630859, 774.395751953, 248.514663696, 417.659301758, 29.1110935211, 108.189170837, 40.1580467224, 96.6187896729, -126.337982178, -75.1281433105], [324.122314453, -248.617248535, 404.185668945, 177.432937622, 248.514663696, 564.495300293, 151.005401611, 133.158157349, -11.33360672, 118.662666321, 35.6153106689, 33.7150421143, -99.4448928833], [-1300.33654785, 639.789672852, 59.3346939087, 175.393218994, 417.659301758, 151.005401611, 470.149414062, 89.0438537598, 110.868118286, -11.2855033875, 100.247909546, -52.2351303101, -7.03401136398], [-22.4504413605, -275.487518311, 194.181518555, 98.2398681641, 29.1110935211, 133.158157349, 89.0438537598, 240.215026855, 39.0344810486, 51.5623016357, -33.2641868591, 35.7006835938, 3.88400506973], [-240.564620972, 328.041656494, 22.4935188293, 147.120452881, 108.189170837, -11.33360672, 110.868118286, 39.0344810486, 184.526977539, 32.0906715393, 37.7260856628, -48.6897506714, 17.4561080933], [353.558776855, -190.540435791, 136.380340576, 47.4523468018, 40.1580467224, 118.662666321, -11.2855033875, 51.5623016357, 32.0906715393, 158.668991089, 23.0995674133, 2.05072569847, -45.6461830139], [-250.412216187, 291.612915039, -19.920331955, 42.6875267029, 96.6187896729, 35.6153106689, 100.247909546, -33.2641868591, 37.7260856628, 23.0995674133, 142.28742981, 17.2955322266, 0.517047584057], [219.716369629, -358.252838135, 33.5633430481, -44.2513580322, -126.337982178, 33.7150421143, -52.2351303101, 35.7006835938, -48.6897506714, 2.05072569847, 17.2955322266, 145.22869873, 40.0018844604], [-126.180885315, 31.4368438721, -111.568000793, -6.93035364151, -75.1281433105, -99.4448928833, -7.03401136398, 3.88400506973, 17.4561080933, -45.6461830139, 0.517047584057, 40.0018844604, 109.147964478]], "icov": [[9.1771435109e-05, -0.000150983629283, 6.68548163958e-05, -0.00018917475245, 0.00015533286205, -0.000146810372826, 0.000311671232339, -7.76610322646e-05, 0.000158106049639, -0.000288535637083, 0.000271995930234, -0.000305155321257, 0.000166507990798], [-0.000150983629283, 0.00110456813127, -0.000172657921212, 0.000115923961857, -0.000817158841528, 0.000631831935607, -0.000778219313361, 0.000692595553119, -0.000727797742002, 0.00140883214772, -0.00174008216709, 0.00185381656047, -0.000688995234668], [6.68548163958e-05, -0.000172657921212, 0.00165527034551, -0.000725990219507, -0.000350408809027, -0.000595208548475, 0.000853492179886, -0.000854507379699, 0.000103643447801, -0.000417209666921, 0.000686226121616, -0.00118351180572, 0.00131425703876], [-0.00018917475245, 0.000115923961857, -0.000725990219507, 0.00347548886202, -0.000414693524363, -0.000479842041386, -0.00053040497005, -0.000284549983917, -0.00212334003299, 0.000822839676403, -0.000709826883394, 0.00113370816689, -0.00124860613141], [0.00015533286205, -0.000817158841528, -0.000350408809027, -0.000414693524363, 0.0042040492408, -0.00114921398927, -0.0021397175733, 0.000715442874935, 0.000798740249593, -0.00163347739726, 0.00110180210322, 0.000661530939396, 0.000655191892292], [-0.000146810372826, 0.000631831935607, -0.000595208548475, -0.000479842041386, -0.00114921398927, 0.00425509177148, -0.00134258950129, -0.000424802798079, 0.000927546352614, -0.000601180421654, -0.00100431451574, -0.000671292771585, 0.00187484140042], [0.000311671232339, -0.000778219313361, 0.000853492179886, -0.00053040497005, -0.0021397175733, -0.00134258950129, 0.00771975051612, -0.00361052341759, -0.000704962643795, 0.00164498912636, -0.00205971533433, -0.000773043080699, 0.000446890335297], [-7.76610322646e-05, 0.000692595553119, -0.000854507379699, -0.000284549983917, 0.000715442874935, -0.000424802798079, -0.00361052341759, 0.00857254303992, -0.0016843911726, -0.00169001414906, 0.00345778767951, -0.00125856185332, -0.00160561560187], [0.000158106049639, -0.000727797742002, 0.000103643447801, -0.00212334003299, 0.000798740249593, 0.000927546352614, -0.000704962643795, -0.0016843911726, 0.0106011480093, -0.00382637511939, -0.000707877043169, 0.00227522128262, -0.00235325354151], [-0.000288535637083, 0.00140883214772, -0.000417209666921, 0.000822839676403, -0.00163347739726, -0.000601180421654, 0.00164498912636, -0.00169001414906, -0.00382637511939, 0.0124564655125, -0.00531783979386, 0.00252531724982, 0.00230150599964], [0.000271995930234, -0.00174008216709, 0.000686226121616, -0.000709826883394, 0.00110180210322, -0.00100431451574, -0.00205971533433, 0.00345778767951, -0.000707877043169, -0.00531783979386, 0.015153998509, -0.00793688837439, 0.0017858510837], [-0.000305155321257, 0.00185381656047, -0.00118351180572, 0.00113370816689, 0.000661530939396, -0.000671292771585, -0.000773043080699, -0.00125856185332, 0.00227522128262, 0.00252531724982, -0.00793688837439, 0.0171017702669, -0.00772363552824], [0.000166507990798, -0.000688995234668, 0.00131425703876, -0.00124860613141, 0.000655191892292, 0.00187484140042, 0.000446890335297, -0.00160561560187, -0.00235325354151, 0.00230150599964, 0.0017858510837, -0.00772363552824, 0.0172230638564]]}, "melbands": {"dmean": [0.00056917197071, 0.000538894091733, 0.000211612001294, 0.000405989703722, 0.000584586232435, 0.000836625462398, 0.000262151879724, 0.000108360909508, 3.94963208237e-05, 2.69962802122e-05, 5.93989425397e-05, 5.94356788497e-05, 4.88064106321e-05, 8.13302613096e-05, 6.51197551633e-05, 3.35156510118e-05, 4.30018444604e-05, 1.46208049046e-05, 7.91648108134e-06, 6.39193467578e-06, 6.09374228588e-06, 7.58564283387e-06, 7.66289849707e-06, 2.13688736039e-06, 1.56992723532e-06, 9.7020404155e-07, 7.83869779752e-07, 9.54547886067e-07, 1.21001994557e-06, 9.30771307139e-07, 5.86282055792e-07, 7.57689917918e-07, 6.71480506753e-07, 5.00625731092e-07, 3.52107917934e-07, 3.15240583859e-07, 3.66902781934e-07, 2.99029466078e-07, 3.79963466912e-07, 5.06477249473e-07], "dmean2": [0.000884825829417, 0.000813765043858, 0.000332115276251, 0.000660407531541, 0.000835765502416, 0.00117006525397, 0.000366534746718, 0.00014940885012, 5.67225833947e-05, 3.86469146179e-05, 7.37249865779e-05, 8.18433472887e-05, 7.10324238753e-05, 0.000125443722936, 0.000101978585008, 5.24801434949e-05, 6.80512821418e-05, 2.34752551478e-05, 1.31820788738e-05, 1.05225963125e-05, 9.93677531369e-06, 1.2909621546e-05, 1.29033760459e-05, 3.25884525409e-06, 2.29637089433e-06, 1.47530465711e-06, 1.19026390166e-06, 1.40264808124e-06, 1.9190229068e-06, 1.4682246956e-06, 8.88245665465e-07, 1.1774052382e-06, 1.03357149328e-06, 7.70404653849e-07, 5.68311065763e-07, 4.99016266531e-07, 5.7621406313e-07, 4.76791512938e-07, 6.15403394022e-07, 8.1479106484e-07], "dvar": [3.89142496715e-06, 2.84946577267e-06, 2.77642755009e-07, 5.66317453377e-07, 8.40503048494e-07, 2.6349662221e-06, 2.31601291034e-07, 4.5784499747e-08, 1.012144768e-08, 4.45351400202e-09, 1.14474637769e-07, 1.3723015968e-07, 2.62531134609e-08, 5.24058947349e-08, 3.55862432855e-08, 1.96157525778e-08, 2.49590001999e-08, 1.64508662248e-09, 5.41742095628e-10, 3.09522379949e-10, 3.90727755706e-10, 5.97484395293e-10, 3.98401700519e-10, 2.46612313903e-11, 1.2199335292e-11, 4.82378416725e-12, 3.57241905329e-12, 4.7784541081e-12, 1.27827175928e-11, 9.36826050763e-12, 2.8042045682e-12, 4.55457069629e-12, 3.52191192876e-12, 2.15606092008e-12, 1.50411031286e-12, 1.16061045323e-12, 9.73260643085e-13, 6.0754651093e-13, 1.01794928823e-12, 1.73356392175e-12], "dvar2": [7.0414921538e-06, 5.68917721466e-06, 6.33705269593e-07, 1.54154622578e-06, 1.74512695139e-06, 5.37622008778e-06, 4.81267363739e-07, 9.4411518603e-08, 2.23762430807e-08, 8.99181085146e-09, 2.15709874851e-07, 2.27710771128e-07, 4.87767692903e-08, 1.27478998024e-07, 8.82211992348e-08, 4.78487649502e-08, 6.26907876722e-08, 3.92518151315e-09, 1.36512057214e-09, 7.70724095656e-10, 1.03670916296e-09, 1.66239888522e-09, 1.05344588608e-09, 5.49969930708e-11, 2.41600160017e-11, 1.10786258639e-11, 8.71118975565e-12, 1.05933543187e-11, 3.30775580537e-11, 2.47988053703e-11, 7.07794023044e-12, 1.16031359867e-11, 8.88065575938e-12, 5.37599912503e-12, 4.02161854166e-12, 3.07157836492e-12, 2.33645936799e-12, 1.48133014102e-12, 2.51777700251e-12, 4.18581445547e-12], "max": [0.0173276141286, 0.0165065806359, 0.0122192138806, 0.0158747900277, 0.0191179644316, 0.0267519503832, 0.00868286937475, 0.00507112685591, 0.00258859363385, 0.00220791669562, 0.00894964952022, 0.0107573717833, 0.00584530597553, 0.00314868846908, 0.00351439067163, 0.0030925848987, 0.00276709208265, 0.00077743572183, 0.000520915258676, 0.000388454354834, 0.00062327372143, 0.000695139169693, 0.000375536328647, 6.61679296172e-05, 5.40776163689e-05, 3.11803996738e-05, 2.17670767597e-05, 2.33849896176e-05, 4.73546424473e-05, 5.08570592501e-05, 2.26419542741e-05, 2.78294119198e-05, 2.52956342592e-05, 2.0996269086e-05, 1.82602525456e-05, 1.74150627572e-05, 1.09984930532e-05, 7.47187368688e-06, 9.1122901722e-06, 1.42069311551e-05], "mean": [0.000753619708121, 0.000810089637525, 0.000415961956605, 0.000840461754706, 0.00167690892704, 0.00143017340451, 0.000490923936013, 0.000237586558796, 7.99327899585e-05, 4.83873736812e-05, 8.6581618234e-05, 6.98179137544e-05, 6.98600997566e-05, 0.000121495097119, 8.60515792738e-05, 4.0248472942e-05, 5.86757996643e-05, 1.72376803675e-05, 8.92027492227e-06, 8.3226877905e-06, 7.08364677848e-06, 8.51998993312e-06, 9.22630442801e-06, 2.61578202299e-06, 2.01467219085e-06, 1.29702846152e-06, 1.01453679235e-06, 1.20926551972e-06, 1.25200176626e-06, 9.31820522965e-07, 6.06491653343e-07, 7.23277139514e-07, 6.46752425837e-07, 4.62491755115e-07, 2.996280557e-07, 2.69516789331e-07, 3.14009497515e-07, 2.45818284839e-07, 2.98708584978e-07, 4.05322936103e-07], "median": [2.53627331404e-05, 9.89020409179e-05, 6.26623950666e-05, 0.000513639417477, 0.00116996373981, 0.000666798674501, 0.000211487276829, 0.000119389063912, 3.71198984794e-05, 1.59448863997e-05, 7.62207582738e-06, 4.31390253652e-06, 1.53061009769e-05, 1.02978592622e-05, 7.17761940905e-06, 3.92383208236e-06, 2.9227549021e-06, 1.81584107395e-06, 1.77601964424e-06, 2.39052701545e-06, 1.89570403109e-06, 2.22590597332e-06, 2.16280068344e-06, 6.35062008314e-07, 5.01870658809e-07, 2.65716437298e-07, 2.36085668348e-07, 2.75303420949e-07, 1.82041219432e-07, 1.5656519281e-07, 7.21074684407e-08, 7.1496437215e-08, 5.65204594238e-08, 3.0030740561e-08, 1.67982143751e-08, 1.08566169388e-08, 9.92632553931e-09, 6.26649221402e-09, 4.37597469372e-09, 4.90687668275e-09], "min": [5.70934648609e-24, 3.00179659073e-24, 1.72806749715e-23, 1.36401450028e-23, 2.59894386466e-24, 2.86041319221e-24, 3.74581962817e-24, 4.59132626842e-24, 5.88045041643e-24, 5.12024606688e-24, 1.2724940135e-23, 3.70605354437e-24, 1.05774950902e-23, 1.89831062247e-23, 1.42795751422e-23, 1.05380354789e-23, 5.00525302387e-24, 6.42590395061e-24, 1.36352682647e-23, 9.42002314979e-24, 1.15118487676e-23, 8.21202387955e-24, 1.65268757781e-23, 1.53801938772e-23, 1.3220579864e-23, 1.19115219898e-23, 1.01839410621e-23, 7.57299369264e-24, 7.59222296607e-24, 7.66635459191e-24, 8.1878918356e-24, 9.10315586797e-24, 1.0573293617e-23, 1.27313078202e-23, 1.01127968525e-23, 8.62859608005e-24, 9.9796039995e-24, 1.39046547975e-23, 1.15693803934e-23, 8.7047172131e-24], "var": [5.81035328651e-06, 4.32533488492e-06, 6.82798486196e-07, 1.15426303182e-06, 2.71764565696e-06, 4.73337195217e-06, 5.23872699887e-07, 1.43814915532e-07, 2.02145589157e-08, 1.19089964556e-08, 2.27865825764e-07, 2.17867409447e-07, 4.95422582958e-08, 9.0097543648e-08, 4.38308305206e-08, 2.11504094239e-08, 4.67598155751e-08, 2.30964181114e-09, 6.42652653315e-10, 3.23239268685e-10, 3.24691412645e-10, 4.57066801074e-10, 4.60353172249e-10, 3.13130146812e-11, 1.76830616122e-11, 7.06242096055e-12, 4.39105696248e-12, 6.51332980606e-12, 1.14016652022e-11, 7.52153807987e-12, 2.65742462757e-12, 4.09848327151e-12, 3.24687976158e-12, 1.96368312236e-12, 1.10639622464e-12, 8.69510464064e-13, 9.11275612261e-13, 5.41576386601e-13, 8.66052943336e-13, 1.53001656483e-12]}, "mfcc": {"mean": [-740.241943359, 164.330383301, -7.79889011383, 15.9758815765, -3.26223778725, -9.6036529541, -16.7854785919, -17.3276386261, -16.2821960449, -20.9005775452, -8.52681922913, 3.13321709633, 2.37496638298], "cov": [[10062.2822266, -494.042999268, 244.578216553, 28.0053119659, -44.6832084656, 188.529495239, -222.890548706, -140.686141968, -135.228866577, -232.524505615, -18.8673191071, -31.0170516968, -13.3904790878], [-494.042999268, 2688.22143555, -100.066040039, 554.923339844, 340.177185059, 263.730804443, 279.909820557, 108.091720581, 41.600566864, 97.8023376465, 114.036430359, 211.935150146, 90.1224594116], [244.578216553, -100.066040039, 768.192077637, 137.283889771, 238.540206909, 205.237869263, 145.210037231, 145.215377808, 100.163070679, 75.6006774902, 117.716018677, 60.8630561829, 60.4597434998], [28.0053119659, 554.923339844, 137.283889771, 486.020812988, 199.366241455, 167.017578125, 145.63734436, 107.480773926, 108.792327881, 129.374023438, 89.1364135742, 77.58152771, 29.1195526123], [-44.6832084656, 340.177185059, 238.540206909, 199.366241455, 399.04498291, 273.442565918, 245.751754761, 124.418006897, 105.992912292, 141.186141968, 130.184112549, 79.6953964233, 10.7936487198], [188.529495239, 263.730804443, 205.237869263, 167.017578125, 273.442565918, 421.57244873, 275.905578613, 149.29750061, 83.7679290771, 108.279815674, 151.83013916, 116.325042725, 58.3380432129], [-222.890548706, 279.909820557, 145.210037231, 145.63734436, 245.751754761, 275.905578613, 395.131622314, 197.625946045, 115.339408875, 133.585403442, 110.598854065, 123.697616577, 85.7047424316], [-140.686141968, 108.091720581, 145.215377808, 107.480773926, 124.418006897, 149.29750061, 197.625946045, 228.646499634, 127.943901062, 78.6104354858, 47.4099617004, 58.7270774841, 64.8103103638], [-135.228866577, 41.600566864, 100.163070679, 108.792327881, 105.992912292, 83.7679290771, 115.339408875, 127.943901062, 180.929824829, 124.057296753, 47.9313240051, 11.896279335, 13.4060773849], [-232.524505615, 97.8023376465, 75.6006774902, 129.374023438, 141.186141968, 108.279815674, 133.585403442, 78.6104354858, 124.057296753, 221.516830444, 112.572944641, 23.5949459076, -0.127526894212], [-18.8673191071, 114.036430359, 117.716018677, 89.1364135742, 130.184112549, 151.83013916, 110.598854065, 47.4099617004, 47.9313240051, 112.572944641, 163.508056641, 80.4953079224, 20.0667991638], [-31.0170516968, 211.935150146, 60.8630561829, 77.58152771, 79.6953964233, 116.325042725, 123.697616577, 58.7270774841, 11.896279335, 23.5949459076, 80.4953079224, 167.624313354, 97.1109619141], [-13.3904790878, 90.1224594116, 60.4597434998, 29.1195526123, 10.7936487198, 58.3380432129, 85.7047424316, 64.8103103638, 13.4060773849, -0.127526894212, 20.0667991638, 97.1109619141, 167.946395874]], "icov": [[0.000111162858957, 2.70279251708e-05, -2.5650317184e-05, -6.25900283922e-05, 1.7148853658e-05, -0.000168736689375, 9.70483379206e-05, 7.90486956248e-05, -1.96120145119e-05, 0.000145960613736, -6.72943451718e-06, 3.25250694004e-05, -2.43998438236e-05], [2.70279251708e-05, 0.000594218377955, 0.000290890078759, -0.000640513782855, -0.000423436868005, 3.3478030673e-05, -7.27287624613e-05, 1.74116139533e-05, 0.000250871264143, 0.000205393269425, 4.52354688605e-05, -0.000346510641975, -8.93070173333e-05], [-2.5650317184e-05, 0.000290890078759, 0.00202295533381, -0.000336748984409, -0.00126208958682, 1.95252741833e-05, 0.000490660255309, -0.000851769582368, -0.000209826932405, 0.000861548644025, -0.00128349347506, 0.000562318135053, -0.000829755153973], [-6.25900283922e-05, -0.000640513782855, -0.000336748984409, 0.00363633432426, -0.000459178263554, -0.000367001077393, 0.000663771992549, -0.000382526399335, -0.000814541825093, -0.00135662406683, 0.000631166622043, -0.000863795925397, 0.000283381115878], [1.7148853658e-05, -0.000423436868005, -0.00126208958682, -0.000459178263554, 0.00690522883087, -0.00216387701221, -0.00207618740387, 0.000954848772381, -0.000680332886986, -0.00108432513662, -5.38347194379e-05, -0.000305079418467, 0.00199775304645], [-0.000168736689375, 3.3478030673e-05, 1.95252741833e-05, -0.000367001077393, -0.00216387701221, 0.0068125128746, -0.00252581038512, -0.00108824134804, 0.000471346313134, 0.00162501796149, -0.00385086215101, 0.000395300623495, -0.00029809953412], [9.70483379206e-05, -7.27287624613e-05, 0.000490660255309, 0.000663771992549, -0.00207618740387, -0.00252581038512, 0.00840485934168, -0.00413579912856, 0.000897640711628, -0.0025391781237, 0.00163182895631, -0.00241603585891, -0.000798784778453], [7.90486956248e-05, 1.74116139533e-05, -0.000851769582368, -0.000382526399335, 0.000954848772381, -0.00108824134804, -0.00413579912856, 0.0122389281169, -0.00679274788126, 0.00186615646817, 0.00115351611748, 0.000135857524583, -0.00159862928558], [-1.96120145119e-05, 0.000250871264143, -0.000209826932405, -0.000814541825093, -0.000680332886986, 0.000471346313134, 0.000897640711628, -0.00679274788126, 0.0144407721236, -0.00659375591204, 0.0018186585512, 0.000665077066515, 0.000364231702406], [0.000145960613736, 0.000205393269425, 0.000861548644025, -0.00135662406683, -0.00108432513662, 0.00162501796149, -0.0025391781237, 0.00186615646817, -0.00659375591204, 0.0135208209977, -0.00865140464157, 0.00383963715285, -0.000742547097616], [-6.72943451718e-06, 4.52354688605e-05, -0.00128349347506, 0.000631166622043, -5.38347194379e-05, -0.00385086215101, 0.00163182895631, 0.00115351611748, 0.0018186585512, -0.00865140464157, 0.0177564639598, -0.00773307634518, 0.00258914683945], [3.25250694004e-05, -0.000346510641975, 0.000562318135053, -0.000863795925397, -0.000305079418467, 0.000395300623495, -0.00241603585891, 0.000135857524583, 0.000665077066515, 0.00383963715285, -0.00773307634518, 0.0152428541332, -0.0067413430661], [-2.43998438236e-05, -8.93070173333e-05, -0.000829755153973, 0.000283381115878, 0.00199775304645, -0.00029809953412, -0.000798784778453, -0.00159862928558, 0.000364231702406, -0.000742547097616, 0.00258914683945, -0.0067413430661, 0.0108085460961]]}, "spectral_contrast_coeffs": {"dmean": [0.0464710108936, 0.0481739677489, 0.0428158454597, 0.039103794843, 0.0328642912209, 0.0274362973869], "dmean2": [0.074815236032, 0.0727842226624, 0.0652586445212, 0.0596296750009, 0.0493408814073, 0.0391153842211], "dvar": [0.00188156485092, 0.00212943623774, 0.00153983663768, 0.00127327546943, 0.000871202384587, 0.000598825572524], "dvar2": [0.00427903328091, 0.00495094060898, 0.00316085782833, 0.00254240538925, 0.00174572563265, 0.00117258529644], "max": [-0.19946987927, -0.328181445599, -0.467410266399, -0.497975677252, -0.553681731224, -0.602654695511], "mean": [-0.521079599857, -0.622334122658, -0.723601818085, -0.747682571411, -0.764799773693, -0.770228028297], "median": [-0.514943122864, -0.614526450634, -0.728139400482, -0.756077051163, -0.767687141895, -0.769087612629], "min": [-0.973197937012, -0.966533303261, -0.969045937061, -0.967461168766, -0.95782738924, -0.961079835892], "var": [0.0162672642618, 0.00861116498709, 0.00713052041829, 0.00628948397934, 0.00336997490376, 0.00211311387829]}, "spectral_contrast_valleys": {"dmean": [0.470581203699, 0.42232209444, 0.473793596029, 0.521220445633, 0.608149051666, 0.790897965431], "dmean2": [0.746251285076, 0.620925188065, 0.685491144657, 0.708295404911, 0.772112905979, 0.971145868301], "dvar": [0.300764501095, 0.212576121092, 0.307048380375, 0.377660065889, 0.396915525198, 0.684429824352], "dvar2": [0.569922566414, 0.370597571135, 0.542306244373, 0.626618623734, 0.646196067333, 1.07744598389], "max": [