{"lowlevel": {"average_loudness": 0.982840180397, "barkbands_crest": {"dmean": 2.88668036461, "dmean2": 4.80561065674, "dvar": 6.89382076263, "dvar2": 17.7360591888, "max": 23.129693985, "mean": 11.199420929, "median": 10.6204814911, "min": 3.94262933731, "var": 11.6783676147}, "barkbands_flatness_db": {"dmean": 0.0298782791942, "dmean2": 0.0409298315644, "dvar": 0.00096136709908, "dvar2": 0.00183079752605, "max": 0.423345983028, "mean": 0.199165657163, "median": 0.194882258773, "min": 0.0343650355935, "var": 0.0065631614998}, "barkbands_kurtosis": {"dmean": 5.5916967392, "dmean2": 9.42380142212, "dvar": 132.253295898, "dvar2": 377.161804199, "max": 130.169891357, "mean": 5.37293100357, "median": 2.46187353134, "min": -1.60705375671, "var": 96.2650222778}, "barkbands_skewness": {"dmean": 0.846023261547, "dmean2": 1.28719091415, "dvar": 1.05299019814, "dvar2": 2.78480052948, "max": 9.41509532928, "mean": 1.52605855465, "median": 1.354809165, "min": -1.70591545105, "var": 1.69209074974}, "barkbands_spread": {"dmean": 8.15200042725, "dmean2": 11.9707689285, "dvar": 185.477798462, "dvar2": 393.723968506, "max": 107.333633423, "mean": 16.9339962006, "median": 11.0389690399, "min": 1.37974047661, "var": 272.724609375}, "dissonance": {"dmean": 0.0279279984534, "dmean2": 0.0462797172368, "dvar": 0.000734230095986, "dvar2": 0.00189442874398, "max": 0.500000119209, "mean": 0.426913768053, "median": 0.434750527143, "min": 0.244637712836, "var": 0.00212714914232}, "dynamic_complexity": 2.0398106575, "erbbands_crest": {"dmean": 3.07948637009, "dmean2": 4.22833490372, "dvar": 9.50752353668, "dvar2": 19.318819046, "max": 30.9690475464, "mean": 16.1867465973, "median": 16.3855400085, "min": 1.97466313839, "var": 39.9278678894}, "erbbands_flatness_db": {"dmean": 0.0288552604616, "dmean2": 0.0312285386026, "dvar": 0.00101724418346, "dvar2": 0.00129198562354, "max": 0.44281193614, "mean": 0.198978990316, "median": 0.196380332112, "min": 0.0209006033838, "var": 0.00858814176172}, "erbbands_kurtosis": {"dmean": 2.07645893097, "dmean2": 2.95675730705, "dvar": 9.08064079285, "dvar2": 19.5023002625, "max": 42.6197891235, "mean": 3.04669904709, "median": 1.99273681641, "min": -1.53786373138, "var": 18.76612854}, "erbbands_skewness": {"dmean": 0.490355223417, "dmean2": 0.714033961296, "dvar": 0.248726010323, "dvar2": 0.528975367546, "max": 5.25239801407, "mean": 0.91979765892, "median": 0.850128054619, "min": -2.19266366959, "var": 0.7169085145}, "erbbands_spread": {"dmean": 8.57154846191, "dmean2": 10.2660675049, "dvar": 129.244445801, "dvar2": 164.768508911, "max": 139.351760864, "mean": 27.3379802704, "median": 18.1796150208, "min": 2.0140516758, "var": 534.712341309}, "hfc": {"dmean": 11.4812917709, "dmean2": 13.5880012512, "dvar": 241.180419922, "dvar2": 400.485351562, "max": 144.027435303, "mean": 23.9051532745, "median": 15.4153842926, "min": 2.49041822826e-05, "var": 595.70489502}, "melbands_crest": {"dmean": 3.19735145569, "dmean2": 5.33716154099, "dvar": 7.71811151505, "dvar2": 20.2164058685, "max": 31.1035842896, "mean": 15.1362295151, "median": 14.7577152252, "min": 3.92905378342, "var": 14.7731904984}, "melbands_flatness_db": {"dmean": 0.0382410623133, "dmean2": 0.054001711309, "dvar": 0.00159119896125, "dvar2": 0.00309418304823, "max": 0.588146865368, "mean": 0.306485682726, "median": 0.303390711546, "min": 0.0320225991309, "var": 0.00828345119953}, "melbands_kurtosis": {"dmean": 8.80295753479, "dmean2": 14.1256217957, "dvar": 258.466674805, "dvar2": 651.406433105, "max": 152.945037842, "mean": 12.6774091721, "median": 5.64101886749, "min": -1.54593575001, "var": 374.754730225}, "melbands_skewness": {"dmean": 0.925784826279, "dmean2": 1.2989115715, "dvar": 0.932944238186, "dvar2": 1.88984966278, "max": 9.21196079254, "mean": 2.21612024307, "median": 1.88946187496, "min": -1.39826917648, "var": 3.11718153954}, "melbands_spread": {"dmean": 4.39699316025, "dmean2": 6.88411808014, "dvar": 26.9461612701, "dvar2": 57.7663192749, "max": 98.654296875, "mean": 12.7325077057, "median": 11.8946456909, "min": 0.920292437077, "var": 53.0701980591}, "pitch_salience": {"dmean": 0.0629961788654, "dmean2": 0.104293875396, "dvar": 0.00303476396948, "dvar2": 0.00803734455258, "max": 0.768068194389, "mean": 0.493748098612, "median": 0.48904466629, "min": 0.202356293797, "var": 0.00613207556307}, "silence_rate_20dB": {"dmean": 0, "dmean2": 0, "dvar": 0, "dvar2": 0, "max": 1, "mean": 1, "median": 1, "min": 1, "var": 0}, "silence_rate_30dB": {"dmean": 0.128902316093, "dmean2": 0.257934510708, "dvar": 0.112286880612, "dvar2": 0.199463054538, "max": 1, "mean": 0.871665835381, "median": 1, "min": 0, "var": 0.11186272651}, "silence_rate_60dB": {"dmean": 0.00302114803344, "dmean2": 0.00503778317943, "dvar": 0.00301196333021, "dvar2": 0.00602001557127, "max": 1, "mean": 0.00251635629684, "median": 0, "min": 0, "var": 0.0025100458879}, "spectral_centroid": {"dmean": 175.53616333, "dmean2": 246.425735474, "dvar": 46108.328125, "dvar2": 95025.96875, "max": 3141.66137695, "mean": 744.966796875, "median": 649.663391113, "min": 185.971618652, "var": 153544.78125}, "spectral_complexity": {"dmean": 2.10674715042, "dmean2": 3.31183886528, "dvar": 5.21621656418, "dvar2": 11.6452655792, "max": 32, "mean": 12.6854553223, "median": 12, "min": 0, "var": 21.4193019867}, "spectral_decrease": {"dmean": 8.97499496944e-09, "dmean2": 1.53766190891e-08, "dvar": 3.14644337831e-16, "dvar2": 8.6320365325e-16, "max": -3.51831863543e-16, "mean": -1.24345049812e-08, "median": -8.28719759483e-09, "min": -1.12105112748e-07, "var": 2.30197297042e-16}, "spectral_energy": {"dmean": 0.0342065393925, "dmean2": 0.0580494478345, "dvar": 0.00447397027165, "dvar2": 0.0122430417687, "max": 0.428611457348, "mean": 0.0490989200771, "median": 0.0330714546144, "min": 3.58677754164e-09, "var": 0.00337962596677}, "spectral_energyband_high": {"dmean": 0.000626354827546, "dmean2": 0.00085303367814, "dvar": 1.70694022472e-06, "dvar2": 3.20148751598e-06, "max": 0.00853041373193, "mean": 0.00087261229055, "median": 7.22125550965e-05, "min": 1.96896987603e-09, "var": 2.67495624939e-06}, "spectral_energyband_low": {"dmean": 0.0287155583501, "dmean2": 0.0505086109042, "dvar": 0.00362323992886, "dvar2": 0.01001493074, "max": 0.386145740747, "mean": 0.0295774396509, "median": 0.0160249751061, "min": 7.64774632511e-11, "var": 0.00245073460974}, "spectral_energyband_middle_high": {"dmean": 0.00144893547986, "dmean2": 0.00198542932048, "dvar": 9.00123450265e-06, "dvar2": 1.84520813491e-05, "max": 0.0486492812634, "mean": 0.0035037540365, "median": 0.00163032265846, "min": 1.25354848723e-09, "var": 2.63739675574e-05}, "spectral_energyband_middle_low": {"dmean": 0.00841989833862, "dmean2": 0.0126856034622, "dvar": 0.00018688722048, "dvar2": 0.000485954777105, "max": 0.13372810185, "mean": 0.0178393702954, "median": 0.0141199864447, "min": 2.92676799463e-10, "var": 0.00022883155907}, "spectral_entropy": {"dmean": 0.27157586813, "dmean2": 0.327151119709, "dvar": 0.0835527703166, "dvar2": 0.134259700775, "max": 8.55499076843, "mean": 6.85873937607, "median": 6.84171485901, "min": 4.88794088364, "var": 0.643287718296}, "spectral_flux": {"dmean": 0.0577181503177, "dmean2": 0.0916127339005, "dvar": 0.00641106301919, "dvar2": 0.0117433527485, "max": 0.574690699577, "mean": 0.110682204366, "median": 0.0753353387117, "min": 5.98897131567e-05, "var": 0.00988547690213}, "spectral_kurtosis": {"dmean": 6.91529607773, "dmean2": 10.8377799988, "dvar": 114.238517761, "dvar2": 291.986297607, "max": 148.43371582, "mean": 14.9001989365, "median": 7.88430118561, "min": 0.57195854187, "var": 326.777954102}, "spectral_rms": {"dmean": 0.00192457064986, "dmean2": 0.00298945279792, "dvar": 7.78367120802e-06, "dvar2": 1.98991619982e-05, "max": 0.0204489007592, "mean": 0.00624754512683, "median": 0.00568021414801, "min": 1.87064028978e-06, "var": 8.86959969648e-06}, "spectral_rolloff": {"dmean": 638.733093262, "dmean2": 1179.54272461, "dvar": 4076776, "dvar2": 10966844, "max": 15331.640625, "mean": 918.577514648, "median": 624.462890625, "min": 107.666015625, "var": 2603788.5}, "spectral_skewness": {"dmean": 0.554570496082, "dmean2": 0.828425049782, "dvar": 0.426292866468, "dvar2": 1.07628047466, "max": 10.261844635, "mean": 2.63441467285, "median": 2.30280566216, "min": 0.914303660393, "var": 1.69241774082}, "spectral_spread": {"dmean": 1069011.875, "dmean2": 1164516.125, "dvar": 2148711399420.0, "dvar2": 2493806804990.0, "max": 14381015, "mean": 4788496, "median": 3873227, "min": 648252.5, "var": 10826775789600.0}, "spectral_strongpeak": {"dmean": 0.750695705414, "dmean2": 1.28153061867, "dvar": 0.955233633518, "dvar2": 2.09053468704, "max": 6.67400217056, "mean": 1.18424737453, "median": 0.570362627506, "min": 0, "var": 1.55439829826}, "zerocrossingrate": {"dmean": 0.0178960245103, "dmean2": 0.0193728357553, "dvar": 0.00063410581788, "dvar2": 0.000816360116005, "max": 0.26953125, "mean": 0.0526198595762, "median": 0.033203125, "min": 0.0048828125, "var": 0.00207079341635}, "barkbands": {"dmean": [0.00102056202013, 0.018733093515, 0.0086824093014, 0.00383764877915, 0.00224432884715, 0.000432134547736, 0.000540803768672, 0.00171641912311, 0.00125849968754, 0.0010414023418, 0.000308542628773, 0.00013712188229, 9.52429472818e-05, 0.000199431728106, 0.000203559786314, 8.26510586194e-05, 5.53747559024e-05, 1.76128050953e-05, 3.60410231224e-05, 4.37678718299e-05, 3.08002745442e-05, 3.38131321769e-05, 3.03437936964e-05, 4.92497092637e-05, 9.61151381489e-05, 0.000151944710524, 0.000256668310612], "dmean2": [0.00164620194118, 0.0336833335459, 0.0151607505977, 0.00658081285655, 0.0037822315935, 0.000656807620544, 0.000786654360127, 0.00219944142736, 0.00154616939835, 0.00135041319299, 0.000444473815151, 0.000190161750652, 0.00013313179079, 0.000273303652648, 0.00029465885018, 0.000128475308884, 8.62438973854e-05, 2.8059570468e-05, 5.35636900167e-05, 6.30927534075e-05, 4.27074992331e-05, 4.69566039101e-05, 4.30921427323e-05, 6.96508068359e-05, 0.000133539229864, 0.000206423865166, 0.000368603301467], "dvar": [2.18037757804e-06, 0.00169768673368, 0.000296942831483, 6.25422981102e-05, 2.87522852886e-05, 1.24313601191e-06, 1.81119094123e-06, 1.06002062239e-05, 7.94490006228e-06, 7.38699009162e-06, 1.61124444276e-06, 1.41632312989e-07, 3.00674223297e-08, 2.09699379639e-07, 2.1110999171e-07, 2.54000021016e-08, 2.26866223585e-08, 7.35230765159e-10, 4.04591382619e-09, 8.19156031895e-09, 2.75825784435e-09, 3.44924577789e-09, 3.42888739624e-09, 9.17706088899e-09, 4.23786410408e-08, 1.12875426339e-07, 3.61882598554e-07], "dvar2": [5.07877393829e-06, 0.00474442681298, 0.000822931353468, 0.000168854559888, 7.66375524108e-05, 2.38933921537e-06, 3.76203115593e-06, 2.13138919207e-05, 1.16208620966e-05, 1.46692700582e-05, 3.44898217008e-06, 3.58615494633e-07, 5.81306309755e-08, 3.81807808481e-07, 4.16822246052e-07, 6.03333702998e-08, 4.81398139129e-08, 1.70031533298e-09, 8.47711945084e-09, 1.73702900952e-08, 5.26097920783e-09, 6.95534208006e-09, 7.93040033642e-09, 2.03001349064e-08, 8.14142779859e-08, 2.04842677931e-07, 7.63087143696e-07], "max": [0.0117659671232, 0.261700749397, 0.1312648803, 0.0730998441577, 0.0480660535395, 0.0232647433877, 0.0252976566553, 0.0475020930171, 0.0463961549103, 0.0434672012925, 0.0242101103067, 0.0105195213109, 0.00389232323505, 0.00811112392694, 0.00811286922544, 0.00248783850111, 0.00284132012166, 0.000323782616761, 0.000797531334683, 0.00150295428466, 0.000689277483616, 0.000552853627596, 0.000463907927042, 0.000743754557334, 0.00141941593029, 0.00236060610041, 0.0038153338246], "mean": [0.00117220671382, 0.0170577112585, 0.00918404385448, 0.00421343697235, 0.00267169019207, 0.00102611142211, 0.00118338200264, 0.00445938110352, 0.00301581830718, 0.00229069427587, 0.000566023227293, 0.000261657289229, 0.000173554333742, 0.000320886203554, 0.000294095691061, 0.00013028178364, 7.90035264799e-05, 3.23911735904e-05, 7.38281160011e-05, 9.50713001657e-05, 6.23191226623e-05, 7.17649381841e-05, 5.17793923791e-05, 8.14704908407e-05, 0.000114206122817, 0.000173219610588, 0.000242933499976], "median": [0.000529476325028, 0.00775020103902, 0.00466775149107, 0.00196415954269, 0.00131552992389, 0.000373850110918, 0.000273173267487, 0.00164408050478, 0.000866783899255, 0.000224018309382, 9.05348279048e-05, 0.000108031563286, 9.10939415917e-05, 0.000129718624521, 0.000113935726404, 5.66432572668e-05, 2.56950334006e-05, 1.46952634168e-05, 1.88957892533e-05, 2.06366130442e-05, 1.39445410241e-05, 1.4354738596e-05, 6.02513409831e-06, 5.8652772168e-06, 4.5167839744e-06, 2.54552423939e-06, 1.25716042021e-06], "min": [3.87378193759e-12, 5.82474415922e-11, 1.19556899103e-11, 2.2596351873e-11, 6.11083128543e-11, 3.73233735584e-11, 1.30307514778e-10, 7.38601020622e-12, 2.32016524049e-11, 3.28902148572e-11, 1.42461084596e-10, 3.90878822365e-11, 1.89228008263e-10, 2.94678059731e-10, 1.34605798729e-10, 4.3751665485e-11, 7.80962933211e-11, 6.90366513956e-11, 2.17104306754e-10, 4.03143525507e-11, 1.63184507573e-10, 4.78269958359e-11, 2.29697538767e-10, 7.48632475456e-11, 2.10674158674e-10, 2.13358858359e-10, 2.17596468621e-10], "var": [2.76544096778e-06, 0.00109961931594, 0.000210830694414, 4.85552045575e-05, 2.15646268771e-05, 4.52953827335e-06, 6.70769213684e-06, 3.71874230041e-05, 3.06790134346e-05, 2.25609273912e-05, 4.10368102166e-06, 2.40203263502e-07, 7.04421978526e-08, 4.02554064749e-07, 3.36923648092e-07, 4.36513403201e-08, 3.23450244366e-08, 1.68695479807e-09, 1.51333310328e-08, 3.75772124528e-08, 9.24224252685e-09, 1.30791892872e-08, 6.59470344999e-09, 1.83472153026e-08, 5.87176209876e-08, 1.59716833537e-07, 4.23041598197e-07]}, "erbbands": {"dmean": [0.486301511526, 4.42103815079, 10.8421955109, 11.0586833954, 10.7002105713, 7.18281698227, 2.48015499115, 4.15123128891, 4.75149011612, 25.9050559998, 32.5758628845, 35.4108924866, 28.1733341217, 21.5217094421, 13.4320049286, 6.25822734833, 4.5015335083, 10.9097061157, 9.46606826782, 8.08928871155, 3.74979639053, 1.93514883518, 1.28927457333, 1.33265268803, 1.76335906982, 2.13994145393, 1.70433926582, 1.02977144718, 1.15771508217, 1.21259665489, 0.758875191212, 0.684218525887, 1.00820028782, 0.819404006004, 0.772188544273, 0.449439376593, 0.2923784554, 0.183580905199, 0.0385862439871, 0.00317595386878], "dmean2": [0.853392183781, 8.01949501038, 19.1676921844, 18.9032649994, 18.1184158325, 12.20728302, 3.94053602219, 6.36771392822, 6.92043161392, 34.3067359924, 40.7863922119, 42.805847168, 35.0560951233, 29.3313159943, 19.2834873199, 7.99999809265, 6.22347784042, 14.8121004105, 13.6769990921, 11.6716537476, 5.77237319946, 3.02020430565, 2.10841751099, 1.93958818913, 2.57266163826, 3.24592638016, 2.37986540794, 1.3939589262, 1.58441591263, 1.7563867569, 1.08296632767, 0.931079506874, 1.44332373142, 1.11169338226, 1.06835913658, 0.580981135368, 0.403299927711, 0.26276037097, 0.0530777834356, 0.00473588472232], "dvar": [0.933401226997, 100.618385315, 499.349914551, 483.743133545, 576.161499023, 317.754455566, 20.5100860596, 110.066581726, 170.759033203, 3242.17260742, 4515.51025391, 6090.46044922, 4738.31103516, 6738.72802734, 2733.05859375, 290.314361572, 60.1598854065, 643.967590332, 627.622436523, 307.312591553, 42.2930793762, 22.5068511963, 6.56092119217, 6.17552566528, 14.0215291977, 19.1344604492, 8.58194160461, 2.96331453323, 4.33789730072, 4.47780323029, 2.47997927666, 1.51463890076, 4.17142295837, 2.75789356232, 2.71268343925, 0.837951004505, 0.437107741833, 0.178090706468, 0.00779397087172, 5.96549762122e-05], "dvar2": [2.59087920189, 282.701507568, 1385.88391113, 1320.74243164, 1538.5871582, 851.059387207, 43.5625305176, 224.938674927, 337.361755371, 6756.52587891, 8454.07519531, 8915.76269531, 7967.38720703, 14514.9951172, 5774.7578125, 665.142028809, 113.553100586, 1159.77783203, 1269.70849609, 580.99597168, 93.4927520752, 50.9930763245, 16.1929397583, 12.0716400146, 30.3652839661, 41.1437149048, 18.1505680084, 5.66159200668, 8.73543357849, 10.1408939362, 5.85312366486, 2.66907382011, 9.56311130524, 5.07982492447, 5.29651212692, 1.34100246429, 0.853309631348, 0.370814532042, 0.0152634456754, 0.000135608221171], "max": [6.7255396843, 66.4314727783, 160.36668396, 186.879837036, 254.349395752, 185.548522949, 111.189117432, 223.430557251, 264.259735107, 827.652282715, 877.697021484, 1357.35693359, 1240.98962402, 1581.78076172, 831.062316895, 535.708374023, 145.289291382, 532.043884277, 501.255218506, 265.280212402, 101.100364685, 73.2712478638, 46.6973342896, 37.2952461243, 54.2189254761, 71.8631744385, 42.9398765564, 18.5882930756, 21.4837551117, 15.208366394, 14.0113506317, 8.58709144592, 15.751709938, 11.428732872, 10.8483839035, 6.0113067627, 4.85421609879, 2.7668364048, 0.538645982742, 0.0508893094957], "mean": [0.436872303486, 3.96751832962, 10.8501348495, 12.8290147781, 11.7209911346, 8.5887594223, 4.64799261093, 9.37479782104, 11.8001327515, 63.3735466003, 87.7548217773, 88.7069320679, 66.2605743408, 43.5870933533, 24.938243866, 14.0228891373, 9.07241439819, 18.4543704987, 13.5560817719, 13.0620794296, 6.08005332947, 3.07070279121, 2.38564562798, 2.53422760963, 3.84006071091, 4.87228393555, 3.58942866325, 2.20486783981, 2.41634488106, 2.22412490845, 1.32439470291, 1.28980970383, 1.51091051102, 1.11945533752, 0.880960285664, 0.548873901367, 0.313921183348, 0.177344247699, 0.0393780097365, 0.00284234364517], "median": [0.189917728305, 1.78361880779, 5.61520147324, 7.48567342758, 5.45839929581, 3.7596487999, 2.35873007774, 3.21421647072, 4.26807785034, 21.3150062561, 31.516702652, 31.4795246124, 11.6102905273, 4.49048709869, 5.48826503754, 6.44377946854, 5.34493160248, 8.02112960815, 5.01085996628, 6.66413545609, 2.75613021851, 1.25129234791, 1.08717095852, 0.936558842659, 0.923379123211, 1.06956124306, 0.704807043076, 0.461964428425, 0.401923835278, 0.494798928499, 0.155189186335, 0.112666375935, 0.0900496244431, 0.0616173222661, 0.025133728981, 0.0103374011815, 0.00411307578906, 0.00169413245749, 0.000225478041102, 6.74607872497e-05], "min": [1.44789102929e-09, 1.35048754402e-08, 2.1294329855e-08, 3.45543718083e-08, 2.383324329e-07, 1.37220695251e-07, 6.32215702012e-08, 4.24797121923e-07, 1.67559858255e-06, 1.22972994632e-06, 1.58594318123e-07, 5.49133972072e-07, 1.05480000911e-06, 1.84351370081e-06, 5.83995324632e-06, 1.55757447828e-06, 6.81606479702e-06, 1.62117012223e-05, 1.29391655719e-05, 2.10939697354e-06, 3.22019377563e-06, 4.94947380503e-06, 3.04814147967e-06, 5.12464248459e-06, 1.26724407892e-05, 2.6238137707e-06, 4.89996045872e-06, 6.05661080044e-06, 2.24206178245e-06, 4.00132648792e-06, 5.1351971706e-06, 1.68255132849e-06, 1.67939469975e-06, 2.99631369671e-06, 1.27289263219e-06, 7.14424629678e-07, 4.64449328774e-07, 1.71749036326e-07, 6.23748590556e-08, 2.83706946824e-09], "var": [0.657183647156, 63.4354019165, 336.616455078, 365.26171875, 431.570220947, 243.960708618, 45.2000541687, 370.079833984, 656.323608398, 9734.81738281, 16791.2226562, 23287.765625, 16158.1708984, 17326.3359375, 6305.13720703, 607.246398926, 145.438659668, 1269.9276123, 904.26574707, 571.065673828, 76.4591522217, 32.4295387268, 11.2287158966, 15.1590414047, 57.304813385, 93.8510971069, 40.9600982666, 11.4422540665, 15.3208007812, 11.7717399597, 4.40498113632, 4.12583351135, 6.90037918091, 4.42866754532, 3.70531582832, 1.38057553768, 0.571287691593, 0.210776045918, 0.0102282362059, 6.18353224127e-05]}, "gfcc": {"mean": [-23.1604270935, 123.880233765, -82.3847732544, 8.97500801086, -39.2425231934, 12.90371418, -14.7168054581, 10.0719089508, -6.71829319, 5.29894447327, -18.623342514, -16.9549713135, -13.6507253647], "cov": [[6769.50488281, -4430.55322266, 1512.15283203, 367.120910645, -331.227996826, 500.861846924, 18.0642108917, 352.028137207, -372.543273926, 148.889511108, -405.132965088, 405.325195312, -138.291656494], [-4430.55322266, 4691.75634766, -1562.31347656, -260.375854492, 537.611999512, -520.862976074, 41.0203781128, -407.765167236, 319.648925781, -343.629180908, 346.578369141, -414.786590576, 227.553649902], [1512.15283203, -1562.31347656, 1530.70617676, 146.407913208, 13.8967094421, 165.208892822, -143.836380005, -8.79522037506, -179.600189209, 163.397140503, -125.711280823, 141.33215332, -154.271682739], [367.120910645, -260.375854492, 146.407913208, 262.159942627, -70.208366394, 85.5281829834, 14.5027780533, 29.0883655548, -40.1850395203, -25.808467865, -44.2820625305, 16.2442016602, -9.17205142975], [-331.227996826, 537.611999512, 13.8967094421, -70.208366394, 297.574157715, -55.7667388916, 21.8544120789, -71.18800354, 4.08053588867, -83.7925491333, 24.7523078918, -32.4826545715, 48.2714271545], [500.861846924, -520.862976074, 165.208892822, 85.5281829834, -55.7667388916, 203.862518311, 33.2276115417, 80.485206604, -65.3657150269, 24.1378955841, -70.3830718994, 53.886631012, -35.3720359802], [18.0642108917, 41.0203781128, -143.836380005, 14.5027780533, 21.8544120789, 33.2276115417, 116.843307495, 54.1073112488, -7.46254968643, -68.1666946411, -16.1020545959, 1.87486982346, 35.9258651733], [352.028137207, -407.765167236, -8.79522037506, 29.0883655548, -71.18800354, 80.485206604, 54.1073112488, 135.920547485, -2.48000979424, -6.16697311401, -74.9033737183, 30.9671974182, -0.849321424961], [-372.543273926, 319.648925781, -179.600189209, -40.1850395203, 4.08053588867, -65.3657150269, -7.46254968643, -2.48000979424, 148.603515625, 56.3443603516, 31.5291309357, -94.8475036621, -31.8473167419], [148.889511108, -343.629180908, 163.397140503, -25.808467865, -83.7925491333, 24.1378955841, -68.1666946411, -6.16697311401, 56.3443603516, 243.603408813, 72.1680450439, -28.3970584869, -138.651260376], [-405.132965088, 346.578369141, -125.711280823, -44.2820625305, 24.7523078918, -70.3830718994, -16.1020545959, -74.9033737183, 31.5291309357, 72.1680450439, 159.539840698, -5.732234478, -27.7817726135], [405.325195312, -414.786590576, 141.33215332, 16.2442016602, -32.4826545715, 53.886631012, 1.87486982346, 30.9671974182, -94.8475036621, -28.3970584869, -5.732234478, 149.258056641, 44.0331344604], [-138.291656494, 227.553649902, -154.271682739, -9.17205142975, 48.2714271545, -35.3720359802, 35.9258651733, -0.849321424961, -31.8473167419, -138.651260376, -27.7817726135, 44.0331344604, 145.654525757]], "icov": [[0.000449873623438, 0.000536503503099, 0.000127215287648, -0.000285384914605, -0.0003969106765, 0.000105697683466, -0.0001088647914, 0.00042836079956, -8.48858690006e-06, 0.000215532025322, 0.000225122450502, -3.16193218168e-05, 0.000148101869854], [0.000536503503099, 0.00181830208749, 0.000656912045088, -0.000187888173969, -0.00123289448675, -0.000346370943589, 0.000884285429493, 0.00170819589403, -0.000924062856939, 0.00256412592717, -0.00215883017518, 0.002433168469, -0.000439599680249], [0.000127215287648, 0.000656912045088, 0.00211629667319, -0.00110615417361, -0.00190205848776, 0.000729147635866, 0.000899135309737, 0.00195113045629, 0.000905774650164, -0.00115550472401, 0.00250126398169, -0.00161320203915, 0.00192626123317], [-0.000285384914605, -0.000187888173969, -0.00110615417361, 0.00586472498253, 0.00240985909477, -0.00295503926463, 0.00015686781262, -0.000151430911501, -0.000560484768357, 0.0033288821578, -0.0026980554685, 0.00263330573216, -0.000599991180934], [-0.0003969106765, -0.00123289448675, -0.00190205848776, 0.00240985909477, 0.00700447661802, -0.00132654036861, -0.00224245456047, 0.000982601894066, -0.000796229112893, 0.00198946963064, -0.0015284512192, 0.00122750923038, -0.00134112895466], [0.000105697683466, -0.000346370943589, 0.000729147635866, -0.00295503926463, -0.00132654036861, 0.0121045904234, -0.00413776747882, -0.00189664203208, 0.00454098172486, -0.00563612347469, 0.00720387231559, -0.00495621049777, 0.00411655241624], [-0.0001088647914, 0.000884285429493, 0.000899135309737, 0.00015686781262, -0.00224245456047, -0.00413776747882, 0.019379068166, -0.00999434292316, 0.00123097596224, 0.00783932395279, -0.00951765384525, 0.00718270801008, -0.00187772745267], [0.00042836079956, 0.00170819589403, 0.00195113045629, -0.000151430911501, 0.000982601894066, -0.00189664203208, -0.00999434292316, 0.0246798079461, -0.00718577811494, -0.00162582786288, 0.0108437621966, -0.00765254534781, 0.00288077723235], [-8.48858690006e-06, -0.000924062856939, 0.000905774650164, -0.000560484768357, -0.000796229112893, 0.00454098172486, 0.00123097596224, -0.00718577811494, 0.0181540753692, -0.00678284978494, 0.00097450526664, 0.00690133450553, -0.00100703665521], [0.000215532025322, 0.00256412592717, -0.00115550472401, 0.0033288821578, 0.00198946963064, -0.00563612347469, 0.00783932395279, -0.00162582786288, -0.00678284978494, 0.0224453341216, -0.015292301774, 0.00761797092855, 0.00587663194165], [0.000225122450502, -0.00215883017518, 0.00250126398169, -0.0026980554685, -0.0015284512192, 0.00720387231559, -0.00951765384525, 0.0108437621966, 0.00097450526664, -0.015292301774, 0.0275935698301, -0.0169814489782, 0.00678543187678], [-3.16193218168e-05, 0.002433168469, -0.00161320203915, 0.00263330573216, 0.00122750923038, -0.00495621049777, 0.00718270801008, -0.00765254534781, 0.00690133450553, 0.00761797092855, -0.0169814489782, 0.0268907062709, -0.0114085264504], [0.000148101869854, -0.000439599680249, 0.00192626123317, -0.000599991180934, -0.00134112895466, 0.00411655241624, -0.00187772745267, 0.00288077723235, -0.00100703665521, 0.00587663194165, 0.00678543187678, -0.0114085264504, 0.0217365603894]]}, "melbands": {"dmean": [0.00474783405662, 0.00584542332217, 0.0019544006791, 0.000650380214211, 0.000117343712191, 9.28918088903e-05, 7.83650393714e-05, 0.000309686583932, 0.000262066052528, 0.000203512943699, 0.000137504408485, 9.05443375814e-05, 4.47726379207e-05, 1.99211444851e-05, 1.02691701613e-05, 1.05000945041e-05, 2.29592551477e-05, 1.42468798003e-05, 1.1383560377e-05, 1.01458645076e-05, 3.93060645365e-06, 2.25519465857e-06, 2.17868728214e-06, 8.56207577726e-07, 1.1727133824e-06, 1.36992287025e-06, 9.49680156737e-07, 1.74761544258e-06, 1.20753634292e-06, 1.01805585473e-06, 5.65146081044e-07, 7.16792044386e-07, 7.4244866255e-07, 7.09382675268e-07, 4.72165737619e-07, 3.80619923135e-07, 4.77498190321e-07, 7.20278876543e-07, 6.79881168253e-07, 7.20592709058e-07], "dmean2": [0.00845316518098, 0.0103590358049, 0.00332714989781, 0.00110442738514, 0.000188795966096, 0.000141064505442, 0.000113167632662, 0.000406909734011, 0.000329068425344, 0.00024610539549, 0.000173174033989, 0.000124435056932, 6.52730595903e-05, 2.74655158137e-05, 1.4241014469e-05, 1.41280434036e-05, 3.1323179428e-05, 2.05880496651e-05, 1.67870384757e-05, 1.49474581121e-05, 6.11036011833e-06, 3.43456304108e-06, 3.6771161831e-06, 1.34033257382e-06, 1.71221518031e-06, 2.03703848456e-06, 1.35110826704e-06, 2.70658824775e-06, 1.7165891677e-06, 1.43629745253e-06, 7.82077393069e-07, 1.07309199393e-06, 1.10857160962e-06, 1.03494051018e-06, 7.01678743553e-07, 5.28566033609e-07, 6.64556523589e-07, 1.08134452148e-06, 9.02728913843e-07, 9.82682763606e-07], "dvar": [0.000101606543467, 0.000155462214025, 1.52131497089e-05, 2.51273513641e-06, 4.05536937365e-08, 6.11871797673e-08, 3.93776495855e-08, 4.22838866143e-07, 2.7016520221e-07, 2.08369399957e-07, 1.1599389893e-07, 1.34036795885e-07, 3.61852308117e-08, 4.07174960415e-09, 4.83457940348e-10, 6.4008570666e-10, 2.85393420008e-09, 1.38279476758e-09, 5.36117539252e-10, 4.14765249923e-10, 6.69312244517e-11, 3.64485108761e-11, 4.39430505872e-11, 2.24945344469e-12, 5.72687036682e-12, 6.92957887252e-12, 2.83219541569e-12, 1.44402354657e-11, 5.79566689779e-12, 3.04103942549e-12, 9.69967595826e-13, 1.70097399707e-12, 1.81140486725e-12, 1.50140566212e-12, 9.96976372986e-13, 4.84830491726e-13, 7.44925876626e-13, 2.12528822666e-12, 1.81883403737e-12, 2.16031684729e-12], "dvar2": [0.000283337663859, 0.000433489738498, 4.11526052631e-05, 6.74631473885e-06, 9.1587487816e-08, 1.20262200198e-07, 7.85011096127e-08, 8.90837441148e-07, 4.9087162779e-07, 3.07559758994e-07, 1.98021112396e-07, 2.86950779582e-07, 8.08159228427e-08, 8.96791796379e-09, 1.06197239891e-09, 1.08894937512e-09, 5.25077092917e-09, 2.80017697918e-09, 1.08347775196e-09, 8.63023597031e-10, 1.36547759211e-10, 7.33089838834e-11, 1.17284501555e-10, 5.38410375311e-12, 1.11428210409e-11, 1.57785538107e-11, 6.04550437489e-12, 3.19757970102e-11, 1.29313859967e-11, 5.92647155309e-12, 2.08255071174e-12, 3.71712469832e-12, 4.04237580909e-12, 3.35674934029e-12, 2.43194353544e-12, 9.94341002765e-13, 1.44322845775e-12, 5.09868796489e-12, 3.61963909366e-12, 4.01764429017e-12], "max": [0.0632734671235, 0.0843988955021, 0.0313934460282, 0.0139383878559, 0.00294501287863, 0.00535736465827, 0.0036233603023, 0.0104151591659, 0.0063715884462, 0.00913746375591, 0.0060835625045, 0.00704577984288, 0.00373339094222, 0.00135552755091, 0.000589790928643, 0.000817032996565, 0.000923259009141, 0.000745561323129, 0.000304566463456, 0.000278816500213, 0.000174413609784, 0.000122100027511, 0.000136156304507, 2.36745709117e-05, 3.74096089217e-05, 3.47353052348e-05, 2.76820592262e-05, 5.83895052841e-05, 3.91770045098e-05, 2.1819045287e-05, 9.65075469139e-06, 1.29127547552e-05, 1.16856581371e-05, 8.71094107424e-06, 8.84338260221e-06, 5.77187756789e-06, 6.31457851341e-06, 1.08133544927e-05, 1.11835488497e-05, 1.06674342533e-05], "mean": [0.00435455562547, 0.00574349006638, 0.00228301226161, 0.000720922718756, 0.000202737675863, 0.000216320040636, 0.00018805131549, 0.00076784263365, 0.00070869323099, 0.000493553001434, 0.000312775053317, 0.000177708323463, 8.12899597804e-05, 4.13511952502e-05, 2.25245858019e-05, 1.95690354303e-05, 3.69917615899e-05, 1.98330726562e-05, 1.71972424141e-05, 1.62082305906e-05, 5.67134929952e-06, 3.3333585634e-06, 3.14149815495e-06, 1.52922427787e-06, 2.06402478398e-06, 2.72270131063e-06, 2.13503449231e-06, 3.71471423932e-06, 2.46260105996e-06, 1.71556018813e-06, 1.16285661989e-06, 1.37428992275e-06, 1.34548258757e-06, 1.20847721519e-06, 7.28373890979e-07, 7.31666546017e-07, 8.37405536913e-07, 1.07916287106e-06, 1.00278600712e-06, 9.28541282974e-07], "median": [0.00199744966812, 0.0029456266202, 0.0013134010369, 0.000335692515364, 0.000103019163362, 7.31002073735e-05, 5.63630928809e-05, 0.000314533594064, 0.000236111955019, 0.000151513348101, 4.23366145696e-05, 1.41855725815e-05, 1.29740665216e-05, 1.6571211745e-05, 1.43490124174e-05, 7.4926065281e-06, 1.49755214807e-05, 6.78870583215e-06, 7.10600852472e-06, 8.07352807897e-06, 2.28366502597e-06, 1.20534241432e-06, 1.03396962459e-06, 7.07188121396e-07, 7.16445526905e-07, 6.30757767794e-07, 6.26677774562e-07, 6.50822585158e-07, 3.40887424954e-07, 3.91131919741e-07, 1.85864664104e-07, 1.9115529426e-07, 3.39252210324e-07, 2.29378713357e-07, 7.5683168177e-08, 8.1903245075e-08, 6.6039461899e-08, 6.94606185903e-08, 4.82677613434e-08, 5.26690868696e-08], "min": [1.49506951957e-11, 1.3881651037e-11, 1.25053968916e-11, 1.60539897348e-11, 1.89788245883e-12, 9.77730223173e-12, 2.6588554275e-11, 1.05590180696e-11, 1.01045192179e-12, 3.64620616686e-12, 5.33455961696e-12, 6.2446874928e-12, 2.14308865792e-11, 6.06266859632e-12, 3.42528024173e-12, 2.46706856333e-11, 3.0291186226e-11, 2.32610129075e-11, 5.31994023487e-12, 2.04377769049e-12, 3.82479724975e-12, 5.92248125542e-12, 2.69033992133e-12, 2.81512963982e-12, 3.66482495393e-12, 1.03264202744e-11, 4.23220616538e-12, 1.31175756021e-12, 2.36536094531e-12, 5.35476047184e-12, 2.19618637512e-12, 1.09009329341e-12, 1.09039491845e-12, 2.9998857131e-12, 3.10205290274e-12, 1.32870819382e-12, 7.62791034763e-13, 9.70660943116e-13, 1.31528826459e-12, 3.0778478724e-12], "var": [6.76382696838e-05, 0.000102078141936, 1.14565900731e-05, 1.80751567314e-06, 7.35901437565e-08, 2.20939881501e-07, 1.53267308178e-07, 1.25502185711e-06, 1.06509048692e-06, 7.74997090502e-07, 3.93502972429e-07, 3.43351644005e-07, 8.80393500324e-08, 8.90564244571e-09, 9.58878532131e-10, 1.67560088027e-09, 5.34819744047e-09, 1.99116545474e-09, 9.10378716856e-10, 7.56011864222e-10, 1.07934897131e-10, 5.68300094483e-11, 4.64838931236e-11, 4.54519191381e-12, 1.31223452243e-11, 2.62119440736e-11, 1.44517202025e-11, 6.29516300199e-11, 2.3733804852e-11, 7.58305831322e-12, 3.68501496678e-12, 5.34187277745e-12, 4.62327398587e-12, 3.53662758801e-12, 1.48381502398e-12, 1.21290943868e-12, 1.93408852302e-12, 3.5486390302e-12, 3.16221679918e-12, 3.31134230279e-12]}, "mfcc": {"mean": [-685.295593262, 166.414276123, 18.2312335968, 15.6079330444, 5.33105564117, 9.74017620087, 4.78533744812, 2.05558300018, 14.0160913467, 18.1436195374, 9.20569419861, 1.02748394012, 1.64107847214], "cov": [[5465.97949219, -3100.62426758, 635.604614258, 36.6653633118, -221.120285034, 107.002090454, 172.058517456, 250.458587646, 233.722427368, 45.4802360535, -195.043685913, -80.6469650269, -47.1026916504], [-3100.62426758, 3241.34838867, -967.436828613, 54.9388847351, 247.958496094, -81.1129684448, -112.431655884, -139.78944397, -187.626876831, -51.9703216553, 41.7747039795, -45.094745636, -1.30266952515], [635.604614258, -967.436828613, 946.786743164, 98.7152557373, 108.56036377, 124.311080933, 35.6463088989, -49.0665054321, -14.8910312653, -48.9837417603, 18.6877326965, 21.8676204681, 14.4221134186], [36.6653633118, 54.9388847351, 98.7152557373, 167.19519043, 48.043712616, 18.3903961182, 1.92528367043, 16.9508228302, -2.26768183708, -18.4482135773, -26.3842735291, -32.1295852661, -19.353805542], [-221.120285034, 247.958496094, 108.56036377, 48.043712616, 190.277435303, 52.8171348572, 11.8497571945, -30.1312141418, -23.8214225769, -29.7536964417, 1.41278171539, -16.7757453918, -10.5817928314], [107.002090454, -81.1129684448, 124.311080933, 18.3903961182, 52.8171348572, 103.030235291, 46.6138725281, -6.25227546692, -19.1485290527, -0.947501540184, 11.9371480942, 3.7547454834, 11.3151941299], [172.058517456, -112.431655884, 35.6463088989, 1.92528367043, 11.8497571945, 46.6138725281, 132.955429077, 80.1747207642, 16.6058349609, -42.2779502869, -51.8211517334, -16.8068828583, -6.92320871353], [250.458587646, -139.78944397, -49.0665054321, 16.9508228302, -30.1312141418, -6.25227546692, 80.1747207642, 199.160171509, 104.086242676, -32.947353363, -101.751823425, -74.0773696899, -61.457069397], [233.722427368, -187.626876831, -14.8910312653, -2.26768183708, -23.8214225769, -19.1485290527, 16.6058349609, 104.086242676, 141.994888306, 38.7296905518, -56.6291313171, -51.823059082, -48.2068023682], [45.4802360535, -51.9703216553, -48.9837417603, -18.4482135773, -29.7536964417, -0.947501540184, -42.2779502869, -32.947353363, 38.7296905518, 136.520584106, 79.3378143311, 19.7252368927, 4.02377939224], [-195.043685913, 41.7747039795, 18.6877326965, -26.3842735291, 1.41278171539, 11.9371480942, -51.8211517334, -101.751823425, -56.6291313171, 79.3378143311, 156.017044067, 82.764175415, 43.146068573], [-80.6469650269, -45.094745636, 21.8676204681, -32.1295852661, -16.7757453918, 3.7547454834, -16.8068828583, -74.0773696899, -51.823059082, 19.7252368927, 82.764175415, 108.258071899, 67.5862808228], [-47.1026916504, -1.30266952515, 14.4221134186, -19.353805542, -10.5817928314, 11.3151941299, -6.92320871353, -61.457069397, -48.2068023682, 4.02377939224, 43.146068573, 67.5862808228, 95.808265686]], "icov": [[0.000499342742842, 0.000617083336692, 0.000366100342944, -0.000322167819832, -0.000278573803371, -0.00027487767511, 7.07538390543e-07, -9.99938492896e-06, 0.00034106435487, -0.000378159194952, 0.000571250682697, 0.000317272730172, -0.000164550248883], [0.000617083336692, 0.00158737343736, 0.00150778272655, -0.000855055288412, -0.00173177663237, -8.8583699835e-05, 0.00024973845575, 0.000266135437414, 0.00101241702214, 6.24454114586e-05, 0.000144501856994, 0.00115600950085, -0.000440555828391], [0.000366100342944, 0.00150778272655, 0.00314790685661, -0.00166614493355, -0.00189412757754, -0.00177825021092, 0.000312464719173, 0.00148455938324, -0.00081707467325, 0.00218758266419, -0.00117816543207, 0.000837013300043, -0.000197140296223], [-0.000322167819832, -0.000855055288412, -0.00166614493355, 0.00795968435705, -0.000657418742776, -1.00445117823e-06, 0.00129484874196, -0.00208144192584, 0.00197731959634, -0.00153031398077, 0.00151229836047, 0.000673530972563, 0.000277609564364], [-0.000278573803371, -0.00173177663237, -0.00189412757754, -0.000657418742776, 0.0102634774521, -0.00401863781735, -0.00079760234803, 0.00268329284154, -0.00345898815431, 0.00314585119486, -0.00182902021334, 0.000870806339663, 0.00160043360665], [-0.00027487767511, -8.8583699835e-05, -0.00177825021092, -1.00445117823e-06, -0.00401863781735, 0.0183431897312, -0.00715991295874, -0.00054564565653, 0.00405690865591, -0.00446612993255, -0.00111153966282, 0.00243781344034, -0.00233678729273], [7.07538390543e-07, 0.00024973845575, 0.000312464719173, 0.00129484874196, -0.00079760234803, -0.00715991295874, 0.0154252275825, -0.00716033577919, 0.00236191763543, 0.00112787866965, 0.00322989886627, -0.00311008957215, -0.000622167834081], [-9.99938492896e-06, 0.000266135437414, 0.00148455938324, -0.00208144192584, 0.00268329284154, -0.00054564565653, -0.00716033577919, 0.0171595774591, -0.0110811553895, 0.00632312474772, -0.00148288742639, 0.00319185806438, 0.00278033781797], [0.00034106435487, 0.00101241702214, -0.00081707467325, 0.00197731959634, -0.00345898815431, 0.00405690865591, 0.00236191763543, -0.0110811553895, 0.0241081509739, -0.0152904391289, 0.0106432717294, -0.00147854920942, 0.00192762829829], [-0.000378159194952, 6.24454114586e-05, 0.00218758266419, -0.00153031398077, 0.00314585119486, -0.00446612993255, 0.00112787866965, 0.00632312474772, -0.0152904391289, 0.0237356983125, -0.0165118630975, 0.00561044784263, -0.00102332001552], [0.000571250682697, 0.000144501856994, -0.00117816543207, 0.00151229836047, -0.00182902021334, -0.00111153966282, 0.00322989886627, -0.00148288742639, 0.0106432717294, -0.0165118630975, 0.0263454988599, -0.0142574841157, 0.00421915808693], [0.000317272730172, 0.00115600950085, 0.000837013300043, 0.000673530972563, 0.000870806339663, 0.00243781344034, -0.00311008957215, 0.00319185806438, -0.00147854920942, 0.00561044784263, -0.0142574841157, 0.0292691662908, -0.0133935837075], [-0.000164550248883, -0.000440555828391, -0.000197140296223, 0.000277609564364, 0.00160043360665, -0.00233678729273, -0.000622167834081, 0.00278033781797, 0.00192762829829, -0.00102332001552, 0.00421915808693, -0.0133935837075, 0.0211887452751]]}, "spectral_contrast_coeffs": {"dmean": [0.0538672357798, 0.0473681278527, 0.0445979498327, 0.0396143458784, 0.0259583629668, 0.0153895691037], "dmean2": [0.0864217206836, 0.0754944384098, 0.066821269691, 0.0601947978139, 0.0388224795461, 0.0237357858568], "dvar": [0.00224619172513, 0.00181611685548, 0.00188593647908, 0.00143599498551, 0.000686593353748, 0.000269763317192], "dvar2": [0.00541372736916, 0.00456074113026, 0.00403027283028, 0.00330053525977, 0.00136036216281, 0.000493609404657], "max": [-0.394265800714, -0.430656462908, -0.409462600946, -0.535617470741, -0.602856040001, -0.633250176907], "mean": [-0.66997385025, -0.658380627632, -0.673050999641, -0.72481584549, -0.786895692348, -0.786562263966], "median": [-0.674867391586, -0.656703710556, -0.676242828369, -0.72334253788, -0.791428148746, -0.788160085678], "min": [-0.882371902466, -0.880270123482, -0.953565299511, -0.901105701923, -0.903603315353, -0.961355447769], "var": [0.00527405971661, 0.0072182584554, 0.00914747733623, 0.00414770422503, 0.00250960025005, 0.000927515269723]}, "spectral_contrast_valleys": {"dmean": [0.529813230038, 0.411037713289, 0.438239485025, 0.434049814939, 0.340863198042, 0.42221981287], "dmean2": [0.807579517365, 0.651641905308, 0.673799276352, 0.653798639774, 0.459500461817, 0.45076161623], "dvar": [0.276437789202, 0.167693600059, 0.206082746387, 0.243482545018, 0.174608945847, 0.316388875246], "dvar2": [0.530158996582, 0.353707641363, 0.452034711838, 0.554937422276, 0.312889486551, 0.385898381472], "max": [-4.63384151459, -4.84641122818, -5.81784057617, -6.36287164688, -6.8711233139, -8.37588977814], "mean": [-6.67521619797, -6.94693470001, -7.91003370285, -8.548092