{"lowlevel": {"average_loudness": 0.743381202221, "barkbands_crest": {"dmean": 2.39711904526, "dmean2": 3.70034480095, "dvar": 5.36003494263, "dvar2": 13.0425882339, "max": 26.1863460541, "mean": 11.3079614639, "median": 10.3159704208, "min": 2.6890630722, "var": 20.3094749451}, "barkbands_flatness_db": {"dmean": 0.0204635262489, "dmean2": 0.0306519120932, "dvar": 0.000469973456347, "dvar2": 0.000999627402052, "max": 0.561966121197, "mean": 0.226440966129, "median": 0.217217475176, "min": 0.0145883662626, "var": 0.00466471491382}, "barkbands_kurtosis": {"dmean": 2.50805687904, "dmean2": 3.92956423759, "dvar": 16.6054058075, "dvar2": 38.048248291, "max": 119.719184875, "mean": 4.66625595093, "median": 2.98651599884, "min": -1.58545672894, "var": 42.6627998352}, "barkbands_skewness": {"dmean": 0.442378491163, "dmean2": 0.682135879993, "dvar": 0.195747748017, "dvar2": 0.468255877495, "max": 8.50018310547, "mean": 1.22883677483, "median": 1.25546765327, "min": -3.01303982735, "var": 1.07454121113}, "barkbands_spread": {"dmean": 2.16128587723, "dmean2": 3.31008577347, "dvar": 6.31941556931, "dvar2": 15.2034263611, "max": 83.6313476562, "mean": 8.99673366547, "median": 7.95297288895, "min": 0.216727644205, "var": 34.0622749329}, "dissonance": {"dmean": 0.0317777432501, "dmean2": 0.0528980381787, "dvar": 0.000904869346414, "dvar2": 0.00235921004787, "max": 0.499988764524, "mean": 0.418273448944, "median": 0.424486219883, "min": 0.217119798064, "var": 0.00264887418598}, "dynamic_complexity": 5.62947225571, "erbbands_crest": {"dmean": 3.00434064865, "dmean2": 4.75800466537, "dvar": 8.7193107605, "dvar2": 20.6039981842, "max": 33.1358451843, "mean": 13.125371933, "median": 11.5277423859, "min": 2.17631244659, "var": 39.5131187439}, "erbbands_flatness_db": {"dmean": 0.0182727947831, "dmean2": 0.0274276696146, "dvar": 0.000375060189981, "dvar2": 0.000830443517771, "max": 0.465783566236, "mean": 0.261968135834, "median": 0.261958301067, "min": 0.0503513328731, "var": 0.00314535037614}, "erbbands_kurtosis": {"dmean": 1.70783627033, "dmean2": 2.70063471794, "dvar": 9.71651268005, "dvar2": 22.5047550201, "max": 73.5523529053, "mean": 2.16128206253, "median": 0.742790579796, "min": -1.5177052021, "var": 25.1487865448}, "erbbands_skewness": {"dmean": 0.407257050276, "dmean2": 0.619271755219, "dvar": 0.167451038957, "dvar2": 0.398839831352, "max": 4.82296895981, "mean": 0.78904658556, "median": 0.713899433613, "min": -1.73101401329, "var": 0.663135945797}, "erbbands_spread": {"dmean": 3.90031290054, "dmean2": 5.98593664169, "dvar": 14.9435434341, "dvar2": 34.8992576599, "max": 67.8289489746, "mean": 18.4968414307, "median": 16.196559906, "min": 0.741529345512, "var": 110.317825317}, "hfc": {"dmean": 3.4808216095, "dmean2": 4.86747646332, "dvar": 21.693819046, "dvar2": 45.1334533691, "max": 71.2403564453, "mean": 12.7374429703, "median": 11.0385475159, "min": 1.06898271096e-16, "var": 125.877662659}, "melbands_crest": {"dmean": 2.99645066261, "dmean2": 4.75902557373, "dvar": 8.55521583557, "dvar2": 21.7667999268, "max": 32.6174468994, "mean": 14.7687120438, "median": 13.7935905457, "min": 1.61623835564, "var": 30.1631145477}, "melbands_flatness_db": {"dmean": 0.0226867981255, "dmean2": 0.0335303470492, "dvar": 0.000635146745481, "dvar2": 0.00132256292272, "max": 0.722068071365, "mean": 0.304640084505, "median": 0.294300079346, "min": 0.00348106166348, "var": 0.00864399503917}, "melbands_kurtosis": {"dmean": 3.24813508987, "dmean2": 5.08956098557, "dvar": 18.0753803253, "dvar2": 44.6165924072, "max": 86.8062667847, "mean": 6.57066392899, "median": 4.74710321426, "min": -1.52991199493, "var": 47.340713501}, "melbands_skewness": {"dmean": 0.506128787994, "dmean2": 0.772676289082, "dvar": 0.231546491385, "dvar2": 0.565728604794, "max": 6.70297670364, "mean": 1.55847501755, "median": 1.55929422379, "min": -3.0071516037, "var": 1.33390629292}, "melbands_spread": {"dmean": 3.19056081772, "dmean2": 4.93771791458, "dvar": 19.1575889587, "dvar2": 44.7050170898, "max": 153.580459595, "mean": 13.6059236526, "median": 10.6398029327, "min": 0.368678331375, "var": 236.029754639}, "pitch_salience": {"dmean": 0.0669281184673, "dmean2": 0.106702700257, "dvar": 0.00394510943443, "dvar2": 0.00980138126761, "max": 0.956351101398, "mean": 0.538089811802, "median": 0.546539306641, "min": 0.0973828583956, "var": 0.0138331754133}, "silence_rate_20dB": {"dmean": 0, "dmean2": 0, "dvar": 0, "dvar2": 0, "max": 1, "mean": 1, "median": 1, "min": 1, "var": 0}, "silence_rate_30dB": {"dmean": 0.00200924254023, "dmean2": 0.00401929253712, "dvar": 0.00200514146127, "dvar2": 0.00440503843129, "max": 1, "mean": 0.995982348919, "median": 1, "min": 0, "var": 0.00400129752234}, "silence_rate_60dB": {"dmean": 0.0353626683354, "dmean2": 0.0707395523787, "dvar": 0.0341128222644, "dvar2": 0.074176736176, "max": 1, "mean": 0.199678584933, "median": 0, "min": 0, "var": 0.15979796648}, "spectral_centroid": {"dmean": 114.688064575, "dmean2": 174.147018433, "dvar": 47993.8867188, "dvar2": 98960.296875, "max": 11895.8945312, "mean": 857.467163086, "median": 682.352172852, "min": 109.755661011, "var": 1325153.375}, "spectral_complexity": {"dmean": 1.89391195774, "dmean2": 2.92403531075, "dvar": 4.65493774414, "dvar2": 9.95568370819, "max": 34, "mean": 11.8406991959, "median": 12, "min": 0, "var": 42.608379364}, "spectral_decrease": {"dmean": 1.71671499238e-09, "dmean2": 2.40501751847e-09, "dvar": 5.92331877094e-18, "dvar2": 1.24462218904e-17, "max": 4.82158699984e-20, "mean": -6.16350481764e-09, "median": -4.75770933761e-09, "min": -3.67485100128e-08, "var": 3.5572376156e-17}, "spectral_energy": {"dmean": 0.00675516342744, "dmean2": 0.0094601623714, "dvar": 8.94724580576e-05, "dvar2": 0.000187311525224, "max": 0.142509579659, "mean": 0.0244177784771, "median": 0.0191496219486, "min": 1.00180991053e-20, "var": 0.000544410606381}, "spectral_energyband_high": {"dmean": 2.50503198913e-05, "dmean2": 3.89791748603e-05, "dvar": 3.19052495534e-09, "dvar2": 7.7123889497e-09, "max": 0.00100338889752, "mean": 5.75427766307e-05, "median": 1.07022715383e-05, "min": 7.19538727024e-21, "var": 1.24995382933e-08}, "spectral_energyband_low": {"dmean": 0.00247922702692, "dmean2": 0.00388639140874, "dvar": 3.16613914038e-05, "dvar2": 8.14631857793e-05, "max": 0.07953646034, "mean": 0.00522281369194, "median": 0.00124174822122, "min": 1.56089619619e-23, "var": 7.72858475102e-05}, "spectral_energyband_middle_high": {"dmean": 0.00201179692522, "dmean2": 0.00293909432366, "dvar": 1.38198211062e-05, "dvar2": 2.93023094855e-05, "max": 0.0669410973787, "mean": 0.00515778409317, "median": 0.00262063136324, "min": 1.10895960744e-21, "var": 5.62964196433e-05}, "spectral_energyband_middle_low": {"dmean": 0.00469055678695, "dmean2": 0.00639640400186, "dvar": 5.44643989997e-05, "dvar2": 0.000116697410704, "max": 0.108273178339, "mean": 0.0161944665015, "median": 0.00977390445769, "min": 1.78876166634e-22, "var": 0.000338375131832}, "spectral_entropy": {"dmean": 0.166848108172, "dmean2": 0.242342412472, "dvar": 0.0336652807891, "dvar2": 0.0664569586515, "max": 9.83192157745, "mean": 6.54755067825, "median": 6.56340408325, "min": 4.38858413696, "var": 0.39717155695}, "spectral_flux": {"dmean": 0.0169216282666, "dmean2": 0.0273219496012, "dvar": 0.000467138306703, "dvar2": 0.00107103772461, "max": 0.25340333581, "mean": 0.0549061447382, "median": 0.04780562222, "min": 6.46135853155e-11, "var": 0.00158696994185}, "spectral_kurtosis": {"dmean": 8.60109138489, "dmean2": 14.9070005417, "dvar": 109.608032227, "dvar2": 297.671661377, "max": 158.495895386, "mean": 21.1842346191, "median": 14.2539482117, "min": -1.34975981712, "var": 470.922210693}, "spectral_rms": {"dmean": 0.000631282746326, "dmean2": 0.000860229658429, "dvar": 5.53536665393e-07, "dvar2": 1.03463810319e-06, "max": 0.0117912571877, "mean": 0.00419675838202, "median": 0.00432233233005, "min": 3.12630065065e-12, "var": 6.20941955276e-06}, "spectral_rolloff": {"dmean": 176.819122314, "dmean2": 309.936096191, "dvar": 130638.195312, "dvar2": 269764.5, "max": 19659.8144531, "mean": 1057.90844727, "median": 775.1953125, "min": 86.1328125, "var": 4189920}, "spectral_skewness": {"dmean": 0.608231663704, "dmean2": 1.0498098135, "dvar": 0.37346214056, "dvar2": 0.991122841835, "max": 10.0468053818, "mean": 2.9514541626, "median": 2.57699680328, "min": -0.0701362267137, "var": 2.1333823204}, "spectral_spread": {"dmean": 276419.34375, "dmean2": 471143.78125, "dvar": 742037520384, "dvar2": 1753042386940.0, "max": 51103776, "mean": 2556799, "median": 2065524.625, "min": 528546.5, "var": 17322842521600.0}, "spectral_strongpeak": {"dmean": 0.527509570122, "dmean2": 0.827105462551, "dvar": 0.602234959602, "dvar2": 1.38636612892, "max": 10.2037534714, "mean": 1.313139081, "median": 0.805298507214, "min": 0, "var": 2.03234696388}, "zerocrossingrate": {"dmean": 0.00399268278852, "dmean2": 0.00497240247205, "dvar": 5.42223388038e-05, "dvar2": 9.70601540757e-05, "max": 0.52880859375, "mean": 0.0384568087757, "median": 0.03076171875, "min": 0.0029296875, "var": 0.00304061477073}, "barkbands": {"dmean": [2.49073236773e-05, 0.000681982026435, 0.00119454984087, 0.00173006218392, 0.00165501970332, 0.00102520931978, 0.000876234495081, 0.00115455931518, 0.00046501783072, 0.000804310198873, 0.000825281313155, 0.000444455537945, 0.000158785522217, 0.00013127407874, 0.000208572208066, 0.000134035493829, 0.000113332600449, 5.50666627532e-05, 6.06143621553e-05, 2.7508211133e-05, 1.10662540465e-05, 7.96894892119e-06, 3.17081412504e-06, 8.27348344501e-07, 4.55037167058e-07, 2.16566363065e-07, 3.72221933276e-08], "dmean2": [4.37870621681e-05, 0.00116760190576, 0.00188790471293, 0.00266781030223, 0.00243969634175, 0.0013718457194, 0.00125007820316, 0.00157733773813, 0.000652973772958, 0.00116046750918, 0.00123816472478, 0.000655599520542, 0.00023163970036, 0.000210697791772, 0.000348168279743, 0.000207705059438, 0.000180714254384, 9.03182008187e-05, 9.75098300842e-05, 4.16389848397e-05, 1.7807509721e-05, 1.25192382257e-05, 4.75079013995e-06, 1.23439951949e-06, 6.95428468589e-07, 3.36176100291e-07, 5.716105278e-08], "dvar": [3.73494613015e-09, 6.04907290835e-06, 9.27114706428e-06, 1.67022444657e-05, 1.19677451949e-05, 4.05995979236e-06, 3.27390853272e-06, 9.2251566457e-06, 1.6765447981e-06, 6.46791886538e-06, 6.44809961159e-06, 1.55077862019e-06, 2.81578110162e-07, 1.6645989831e-07, 1.74795431462e-07, 1.02209249064e-07, 5.70997329419e-08, 1.36856037614e-08, 2.26671463821e-08, 7.95460941561e-09, 7.76197273122e-10, 6.01990179927e-10, 1.26910273957e-10, 4.47262886449e-12, 7.75114727177e-13, 2.68121327007e-13, 8.0622713502e-15], "dvar2": [1.0548746765e-08, 1.85427070392e-05, 2.42040514422e-05, 4.35772963101e-05, 2.6634621463e-05, 7.59947261031e-06, 6.74609100315e-06, 1.78773589141e-05, 3.16128648592e-06, 1.26188624563e-05, 1.3992877939e-05, 3.24562279275e-06, 4.88970272272e-07, 3.84997179026e-07, 4.74344517443e-07, 2.45963946099e-07, 1.30839936219e-07, 3.72006248028e-08, 5.47943201923e-08, 1.57992658956e-08, 1.93118876446e-09, 1.42045686324e-09, 2.55522408787e-10, 9.1557187179e-12, 1.87399943653e-12, 6.39200823348e-13, 1.82693470134e-14], "max": [0.00132999219932, 0.0493947714567, 0.0427199453115, 0.067198485136, 0.0547170601785, 0.0450578667223, 0.0374202877283, 0.0749612823129, 0.0439965054393, 0.0627971887589, 0.0565514452755, 0.0217369869351, 0.0112265516073, 0.0092309769243, 0.00609962362796, 0.00551138957962, 0.00565567146987, 0.00186177575961, 0.00252522272058, 0.00203259172849, 0.000393899477785, 0.000571395095903, 0.000309718830977, 6.41315491521e-05, 1.24940506794e-05, 1.00897277662e-05, 1.78027221409e-06], "mean": [2.30619207287e-05, 0.000967229192611, 0.00222746562213, 0.00378168723546, 0.00388724636286, 0.00265200878493, 0.00181208061986, 0.00268730334938, 0.000948595465161, 0.00174409884494, 0.00140732014552, 0.000789758982137, 0.000279648753349, 0.000195033295313, 0.000337677658536, 0.000222471862799, 0.000184282253031, 8.86341076693e-05, 9.79432807071e-05, 4.14043679484e-05, 1.97711669898e-05, 1.38516406878e-05, 5.90868876316e-06, 1.93969299289e-06, 8.51433981097e-07, 4.54901510238e-07, 1.13512420796e-07], "median": [3.99744385504e-06, 4.65416887891e-05, 0.000484010728542, 0.000348877336364, 0.0013629256282, 0.000826353207231, 0.00070727057755, 0.000572614022531, 0.000260295346379, 0.000395922164898, 0.000124065205455, 0.000147672923049, 3.61160273314e-05, 6.015110921e-05, 9.25233107409e-05, 4.98110566696e-05, 6.34565076325e-05, 2.59848638962e-05, 2.06577969948e-05, 8.38333289721e-06, 3.46288561559e-06, 1.30429589262e-06, 5.585307008e-07, 2.85143926249e-07, 1.48792651089e-07, 5.68593350181e-08, 3.38824648338e-08], "min": [4.59072919932e-25, 7.78280357634e-25, 3.57053394617e-24, 3.15189473289e-25, 1.42107107406e-23, 8.73074725639e-24, 7.61088347078e-24, 5.85999012556e-24, 2.161014399e-23, 1.12275653855e-23, 1.312544245e-23, 2.36482497579e-23, 3.12157372015e-23, 2.42155338344e-23, 2.83382282101e-23, 5.22915131252e-23, 7.29857328063e-23, 7.14421339632e-23, 1.04917724155e-22, 1.47564573366e-22, 2.48472050535e-22, 3.58592766744e-22, 4.04916370416e-22, 6.50447143599e-22, 9.49565477887e-22, 1.17213451698e-21, 1.91981915487e-21], "var": [3.4301814722e-09, 8.50218930282e-06, 1.73111584445e-05, 6.07900437899e-05, 3.86549872928e-05, 2.09285026358e-05, 9.2284690254e-06, 3.52364368155e-05, 5.35092522114e-06, 3.05650610244e-05, 1.46050942931e-05, 4.38008737547e-06, 9.76252181317e-07, 3.3917831388e-07, 3.31294700118e-07, 2.07575766353e-07, 1.08811647692e-07, 2.88332895337e-08, 5.06137318723e-08, 1.86296400528e-08, 1.66683433722e-09, 1.28178945236e-09, 3.97840205224e-10, 1.79782282811e-11, 2.10310154708e-12, 9.47046802958e-13, 4.46123308651e-14]}, "erbbands": {"dmean": [0.00480928877369, 0.206936776638, 1.17812049389, 3.80201864243, 5.68933153152, 5.40785217285, 8.72391605377, 7.59925127029, 13.2760105133, 16.9936103821, 20.0803623199, 11.7641677856, 15.1102209091, 29.3965873718, 30.871389389, 20.2100410461, 8.5035200119, 7.31490945816, 9.74744033813, 8.73440933228, 6.95950984955, 4.16156816483, 3.33943605423, 2.19741797447, 3.13164520264, 1.60021185875, 0.576265931129, 0.301891356707, 0.310018628836, 0.176799312234, 0.0576100982726, 0.0265973359346, 0.0106779821217, 0.00510184746236, 0.00365983671509, 0.0014882821124, 0.000334250507876, 5.29275639565e-05, 8.66383106768e-06, 7.68644986238e-06], "dmean2": [0.00811062101275, 0.352750957012, 1.90877580643, 5.72508096695, 8.75198173523, 8.12662601471, 11.8130311966, 10.7182064056, 19.0642166138, 23.9557991028, 27.7902927399, 16.142496109, 21.847328186, 42.0415992737, 45.858127594, 29.0518951416, 12.2186250687, 11.7100343704, 16.3401794434, 14.1401700974, 10.8616037369, 6.56465053558, 5.31670951843, 3.5238699913, 5.04614973068, 2.4015185833, 0.917755723, 0.474280059338, 0.483391314745, 0.270662009716, 0.0871609970927, 0.0410678349435, 0.0164370238781, 0.00795232597739, 0.00548794819042, 0.00226825871505, 0.000522201298736, 8.3109807747e-05, 1.26017303046e-05, 1.07652313091e-05], "dvar": [0.000307104695821, 0.510817050934, 9.25637531281, 75.5919265747, 204.571151733, 149.694610596, 293.656646729, 273.36505127, 799.783691406, 2510.54736328, 1742.25256348, 1195.65625, 1578.62353516, 9743.11523438, 8572.22558594, 3121.33520508, 736.525146484, 452.067901611, 484.45425415, 348.499908447, 229.060577393, 64.8275527954, 43.2923583984, 24.6915798187, 80.5404205322, 30.5374317169, 2.01174378395, 0.647928595543, 1.15031826496, 0.268453836441, 0.0355883724988, 0.00592142995447, 0.000643999490421, 0.000112977271783, 5.76194215682e-05, 1.36418211696e-05, 6.69211658533e-07, 1.86062401042e-08, 3.15022008479e-10, 1.10804358744e-10], "dvar2": [0.000902789586689, 1.55732119083, 25.4560508728, 182.548599243, 487.021514893, 340.379638672, 613.025634766, 532.36114502, 1686.56835938, 5053.64550781, 3469.79858398, 2176.61499023, 3052.69384766, 18921.8164062, 18508.9765625, 6072.52392578, 1272.9777832, 1067.90649414, 1327.95812988, 907.567626953, 555.075195312, 146.003952026, 109.856376648, 64.1501083374, 197.538909912, 59.8391227722, 4.98249197006, 1.51797783375, 2.67014336586, 0.610374748707, 0.0807694867253, 0.0137362172827, 0.00146517448593, 0.000272812554613, 0.000134246831294, 3.1621002563e-05, 1.58492707669e-06, 4.84397943978e-08, 7.5709283287e-10, 2.31988567245e-10], "max": [0.408529400826, 14.0488538742, 52.5734405518, 154.260131836, 289.830810547, 191.851577759, 417.679504395, 422.91583252, 538.235961914, 1206.50927734, 914.735473633, 1141.48901367, 943.767883301, 2264.85522461, 2864.66015625, 919.624267578, 580.014038086, 465.852142334, 368.065338135, 298.505096436, 308.713317871, 201.79196167, 138.054580688, 70.505065918, 154.822845459, 127.454528809, 23.2870998383, 17.672246933, 28.2967987061, 10.4917240143, 4.0727763176, 2.42021799088, 0.479287594557, 0.173597365618, 0.124707497656, 0.0694129690528, 0.0243988912553, 0.00254940940067, 0.000450364052085, 0.000161907752044], "mean": [0.00730882585049, 0.308472305536, 2.17280745506, 8.6246099472, 12.1717128754, 11.3158349991, 23.1512813568, 18.5843524933, 26.6239738464, 44.1269226074, 43.8508682251, 25.9769229889, 31.552980423, 64.4153366089, 57.1136016846, 38.3014526367, 15.9715719223, 11.6508083344, 15.9171009064, 14.7828226089, 12.3602209091, 7.21148681641, 5.75981998444, 3.80754899979, 5.2756114006, 2.58054041862, 0.992054581642, 0.564077377319, 0.56796592474, 0.330305546522, 0.110200934112, 0.0561612695456, 0.0235405229032, 0.0105988224968, 0.00638637971133, 0.00276913051493, 0.000703091616742, 0.000121162280266, 3.04667537421e-05, 2.91302876576e-05], "median": [0.000927542394493, 0.0336951091886, 0.514219045639, 1.14754128456, 2.25576806068, 4.14346504211, 5.70644903183, 6.84559059143, 10.8183717728, 10.0313987732, 14.3727092743, 8.63765525818, 12.3877162933, 10.551990509, 8.35262584686, 8.26176643372, 3.16106748581, 4.54445028305, 4.25219917297, 6.31481742859, 4.2654466629, 3.04681539536, 2.29835438728, 1.43610310555, 0.827684640884, 0.472180247307, 0.226176738739, 0.0884708017111, 0.0474788956344, 0.0253616161644, 0.0167417563498, 0.00809252075851, 0.00360064022243, 0.00165298883803, 0.00110336067155, 0.000375196395908, 9.18452569749e-05, 2.37431140704e-05, 1.69404011103e-05, 2.42927599174e-05], "min": [5.33394485735e-23, 2.88286377914e-22, 3.89293168252e-21, 2.649956497e-21, 1.10324026743e-20, 5.25112282801e-20, 5.84488664263e-20, 7.71689265783e-20, 1.13507455564e-19, 2.21270658762e-19, 4.05124009309e-19, 3.46589219497e-19, 5.29873443934e-19, 7.38739805627e-19, 1.01024240295e-18, 1.22554500529e-18, 1.43894385146e-18, 1.50480304125e-18, 1.43085195711e-18, 1.81517692351e-18, 4.17920886296e-18, 4.68672842293e-18, 5.68907569713e-18, 5.79667700557e-18, 7.71290582823e-18, 8.72229365021e-18, 1.01494788191e-17, 9.90494437766e-18, 1.15841822325e-17, 1.17077291016e-17, 1.09642368332e-17, 1.14044325767e-17, 1.01185596349e-17, 8.48623367418e-18, 6.78773078287e-18, 3.7451553491e-18, 2.28611338691e-18, 1.00019091774e-18, 2.58070967786e-19, 2.93229452542e-20], "var": [0.000432803615695, 0.757077276707, 18.2222709656, 253.171005249, 739.036987305, 368.417816162, 1440.60205078, 1223.62646484, 2063.82177734, 9962.5859375, 5685.80419922, 3974.65917969, 5310.89355469, 43942.9726562, 21225.265625, 10500.3876953, 2562.13305664, 898.066589355, 902.325622559, 647.888061523, 527.29888916, 129.074707031, 93.2024002075, 43.7041625977, 190.768035889, 74.1266479492, 4.09938287735, 1.59346854687, 2.5548055172, 0.783015787601, 0.090668477118, 0.0206283740699, 0.00224306667224, 0.000388980435673, 0.000122528916108, 3.53191062459e-05, 2.44318152909e-06, 5.53688792593e-08, 1.81394055332e-09, 7.32099270095e-10]}, "gfcc": {"mean": [-132.190093994, 160.88180542, -135.467437744, -0.188298299909, -48.7175483704, -17.6830196381, -33.8358917236, -7.64110898972, -21.5007076263, -12.9789152145, -14.8790817261, -9.23645877838, -8.65725326538], "cov": [[34403.0546875, 341.005737305, -4267.06494141, 1029.82080078, -1603.21105957, 297.858978271, -244.114303589, 89.9640579224, -492.77355957, -373.182037354, -611.900024414, -99.9749069214, -107.225898743], [341.005737305, 1744.79541016, 551.200195312, -37.7453155518, 344.956787109, -182.073394775, -19.111497879, -117.298576355, 94.076499939, 3.23984599113, 139.97277832, -176.454925537, -61.2911338806], [-4267.06494141, 551.200195312, 1347.86083984, 90.4821395874, 416.11227417, -26.8594779968, 24.0886764526, -94.4492111206, 81.5745620728, 68.5300674438, 105.997673035, -69.2824401855, -56.6070785522], [1029.82080078, -37.7453155518, 90.4821395874, 316.719329834, 25.7550849915, 62.7761192322, 37.725276947, -13.7587356567, -25.6557922363, -17.304693222, -33.5376243591, -0.612884581089, -18.125207901], [-1603.21105957, 344.956787109, 416.11227417, 25.7550849915, 313.052856445, 45.3776664734, 67.7905960083, 2.45129275322, 58.7258148193, 26.6963844299, 68.8198852539, -34.5097084045, -2.95426297188], [297.858978271, -182.073394775, -26.8594779968, 62.7761192322, 45.3776664734, 181.46711731, 74.0725708008, 55.7900848389, 2.81754422188, -3.10687088966, -11.7713365555, 19.2796421051, 12.4108486176], [-244.114303589, -19.111497879, 24.0886764526, 37.725276947, 67.7905960083, 74.0725708008, 146.967483521, 51.691696167, 45.5407943726, 6.79704284668, 24.6863861084, 8.4592666626, 24.7287559509], [89.9640579224, -117.298576355, -94.4492111206, -13.7587356567, 2.45129275322, 55.7900848389, 51.691696167, 120.161872864, 54.2831840515, 35.5386886597, 12.3262815475, 10.5005311966, -6.66727972031], [-492.77355957, 94.076499939, 81.5745620728, -25.6557922363, 58.7258148193, 2.81754422188, 45.5407943726, 54.2831840515, 139.31401062, 70.231262207, 55.0763435364, -14.7316436768, -28.8110313416], [-373.182037354, 3.23984599113, 68.5300674438, -17.304693222, 26.6963844299, -3.10687088966, 6.79704284668, 35.5386886597, 70.231262207, 116.426109314, 56.7276420593, 0.7841334939, -44.9348945618], [-611.900024414, 139.97277832, 105.997673035, -33.5376243591, 68.8198852539, -11.7713365555, 24.6863861084, 12.3262815475, 55.0763435364, 56.7276420593, 100.078834534, 12.2204437256, -11.9985980988], [-99.9749069214, -176.454925537, -69.2824401855, -0.612884581089, -34.5097084045, 19.2796421051, 8.4592666626, 10.5005311966, -14.7316436768, 0.7841334939, 12.2204437256, 99.8201217651, 46.4196815491], [-107.225898743, -61.2911338806, -56.6070785522, -18.125207901, -2.95426297188, 12.4108486176, 24.7287559509, -6.66727972031, -28.8110313416, -44.9348945618, -11.9985980988, 46.4196815491, 119.471405029]], "icov": [[0.000138007846544, -0.000367952394299, 0.000405846687499, -0.000543500354979, 0.000589219387621, -0.000545161601622, 0.000197122164536, -7.74719155743e-05, 0.000131291904836, -0.000206723576412, 0.000283622357529, 3.41954655596e-05, 4.01211364078e-05], [-0.000367952394299, 0.00223911111243, -0.000960779201705, 0.00128538045101, -0.00275040976703, 0.00250645400956, -0.000257692416199, 0.000866842921823, -0.00085389893502, 0.00159464683384, -0.00244748964906, 0.00166527286638, -0.000167408667039], [0.000405846687499, -0.000960779201705, 0.00275189499371, -0.00196383614093, -0.000410943233874, -0.00115428341087, 0.000817554187961, 0.001157179242, -3.65710657206e-05, -0.00106732605491, 0.000712679873686, 0.000193803338334, 0.000468418438686], [-0.000543500354979, 0.00128538045101, -0.00196383614093, 0.00618013041094, -0.00214336649515, 0.000950139365159, -0.00234161154367, 0.00129022973124, 0.000153197790496, 0.00054166110931, 0.000956531846896, -0.0012032375671, 0.00138796225656], [0.000589219387621, -0.00275040976703, -0.000410943233874, -0.00214336649515, 0.01121482905, -0.00535935349762, -0.000586320529692, -0.0012884051539, 0.00051060365513, -0.000681226549204, -0.0010840066243, 0.00133571878541, -0.00127949402668], [-0.000545161601622, 0.00250645400956, -0.00115428341087, 0.000950139365159, -0.00535935349762, 0.0121138980612, -0.00377880292945, -0.00250259041786, 0.000872833537869, 0.00122998456936, 2.76286173175e-05, -0.000675295770634, 0.000583626970183], [0.000197122164536, -0.000257692416199, 0.000817554187961, -0.00234161154367, -0.000586320529692, -0.00377880292945, 0.0125295650214, -0.00285332673229, -0.00308936834335, 0.00203235680237, -0.00285780825652, 0.00138092692941, -0.00310195586644], [-7.74719155743e-05, 0.000866842921823, 0.001157179242, 0.00129022973124, -0.0012884051539, -0.00250259041786, -0.00285332673229, 0.0155960442498, -0.00497418129817, -0.00225315243006, 0.00108607206494, -0.000426146172686, 0.0010359371081], [0.000131291904836, -0.00085389893502, -3.65710657206e-05, 0.000153197790496, 0.00051060365513, 0.000872833537869, -0.00308936834335, -0.00497418129817, 0.0149217946455, -0.00579765811563, -0.00183649128303, 0.0015912798699, 0.000584650144447], [-0.000206723576412, 0.00159464683384, -0.00106732605491, 0.00054166110931, -0.000681226549204, 0.00122998456936, 0.00203235680237, -0.00225315243006, -0.00579765811563, 0.0188297796994, -0.00865469966084, -0.000601483741775, 0.00456651020795], [0.000283622357529, -0.00244748964906, 0.000712679873686, 0.000956531846896, -0.0010840066243, 2.76286173175e-05, -0.00285780825652, 0.00108607206494, -0.00183649128303, -0.00865469966084, 0.0230809897184, -0.00760331796482, 0.00167841033544], [3.41954655596e-05, 0.00166527286638, 0.000193803338334, -0.0012032375671, 0.00133571878541, -0.000675295770634, 0.00138092692941, -0.000426146172686, 0.0015912798699, -0.000601483741775, -0.00760331796482, 0.0180907733738, -0.00704726204276], [4.01211364078e-05, -0.000167408667039, 0.000468418438686, 0.00138796225656, -0.00127949402668, 0.000583626970183, -0.00310195586644, 0.0010359371081, 0.000584650144447, 0.00456651020795, 0.00167841033544, -0.00704726204276, 0.0141256870702]]}, "melbands": {"dmean": [0.000112404050014, 0.000505675852764, 0.000704593025148, 0.000353265932063, 0.000300617772155, 0.000180273578735, 0.000196541834157, 0.000203148272703, 0.000152992666699, 6.83647376718e-05, 7.82095085015e-05, 0.000122190249385, 0.00010790071974, 6.57170676277e-05, 3.09580173052e-05, 1.25805863718e-05, 1.50693049363e-05, 1.47568980537e-05, 1.21186394608e-05, 1.23812715174e-05, 8.27457279229e-06, 4.99324005432e-06, 3.70277734874e-06, 3.41284726346e-06, 1.57469639817e-06, 2.99082944366e-06, 1.18645004932e-06, 1.07000414573e-06, 3.54067424269e-07, 2.95529275718e-07, 1.81000729071e-07, 1.54562258103e-07, 1.9121947048e-07, 9.90577646576e-08, 3.98051938078e-08, 2.17450750739e-08, 1.59952104895e-08, 9.20470810684e-09, 6.19501250299e-09, 4.34966862528e-09], "dmean2": [0.000191802027985, 0.000830024946481, 0.00106764328666, 0.000530295539647, 0.000412925059209, 0.00025065446971, 0.000279427797068, 0.000284554203972, 0.000209787249332, 9.47828157223e-05, 0.000113394133223, 0.000174381071702, 0.000162362397532, 9.51989059104e-05, 4.41089032392e-05, 1.85763583431e-05, 2.42484493356e-05, 2.47715761361e-05, 1.99499718292e-05, 1.95832635654e-05, 1.31331516968e-05, 8.02313570603e-06, 5.73382385483e-06, 5.56438408239e-06, 2.55953159467e-06, 4.8002893891e-06, 1.85430428701e-06, 1.63699553468e-06, 5.79442655635e-07, 4.80247990708e-07, 2.85505137754e-07, 2.4203313842e-07, 2.97779934044e-07, 1.50034026092e-07, 5.89886219871e-08, 3.5543738619e-08, 2.52596645822e-08, 1.4795538128e-08, 9.15549058789e-09, 6.97491175927e-09], "dvar": [1.67736942558e-07, 1.83021688827e-06, 2.46308627538e-06, 6.07551783105e-07, 3.28152111706e-07, 1.47465485156e-07, 1.72148034494e-07, 4.02580127457e-07, 9.23268856923e-08, 3.91208523354e-08, 4.17800798402e-08, 1.80465931976e-07, 1.0632828662e-07, 2.80176859491e-08, 5.98463989476e-09, 1.55895163445e-09, 2.22314833209e-09, 1.07057074317e-09, 6.54817200463e-10, 7.73667241383e-10, 3.68489766478e-10, 1.13229155219e-10, 9.9931667108e-11, 6.66905419777e-11, 1.94744897292e-11, 8.78471045906e-11, 9.96961888045e-12, 1.31261000333e-11, 9.48670720972e-13, 6.3022395462e-13, 2.9504195853e-13, 2.26385384505e-13, 4.88517700684e-13, 1.34189453169e-13, 2.06357690267e-14, 5.15086833863e-15, 2.56245402467e-15, 5.42348313984e-16, 2.23485275619e-16, 9.6328577081e-17], "dvar2": [5.09801054704e-07, 5.18049318998e-06, 6.09220478509e-06, 1.38925065585e-06, 7.01584951912e-07, 2.85566073899e-07, 3.52575312945e-07, 7.93356548456e-07, 1.81454467452e-07, 7.33804270681e-08, 8.19893415382e-08, 3.47553680058e-07, 2.4116440045e-07, 6.00034795184e-08, 1.12951452635e-08, 2.98831070999e-09, 5.18858289666e-09, 2.92103186084e-09, 1.73073644305e-09, 1.90030879921e-09, 9.02870056496e-10, 2.75147071793e-10, 2.06598724239e-10, 1.76555783882e-10, 5.06350412988e-11, 2.04773781265e-10, 2.16561959338e-11, 2.72659603229e-11, 2.48980502014e-12, 1.62404443192e-12, 6.63587620183e-13, 5.26569835912e-13, 1.13519545326e-12, 2.78463043639e-13, 4.5132185478e-14, 1.44409258043e-14, 5.65737582988e-15, 1.36387286403e-15, 4.62000092097e-16, 2.47600753614e-16], "max": [0.0086774090305, 0.0221830736846, 0.0247758179903, 0.013352737762, 0.0115170320496, 0.00842488277704, 0.00817938614637, 0.0160311572254, 0.00664167664945, 0.00616996223107, 0.00471654115245, 0.0101425638422, 0.00768689299002, 0.00348367728293, 0.00110329384916, 0.000815542472992, 0.00107274728362, 0.000534401799086, 0.000526076939423, 0.000442039279733, 0.000392168178223, 0.000285085465293, 0.000405411730753, 0.000144835474202, 6.4098087023e-05, 0.000171848179889, 6.15751196165e-05, 7.6314980106e-05, 1.9671742848e-05, 1.35697273436e-05, 1.68351962202e-05, 1.17897989185e-05, 1.57399554155e-05, 9.916894669e-06, 3.30645116264e-06, 1.67918506122e-06, 1.57505246534e-06, 3.62422213129e-07, 3.50770505975e-07, 1.60721526754e-07], "mean": [0.000161244577612, 0.000892946729437, 0.00163082010113, 0.000783259107266, 0.000765047501773, 0.000436986680143, 0.000396848074161, 0.000525448296685, 0.000329112168401, 0.00014288094826, 0.000157441216288, 0.0002629806404, 0.00018950283993, 0.000116595867439, 5.85004090681e-05, 2.18662971747e-05, 2.22252365347e-05, 2.34582985286e-05, 1.94153417397e-05, 2.07099710678e-05, 1.37107863338e-05, 8.05759464129e-06, 5.8426257965e-06, 5.54696725885e-06, 2.28477847486e-06, 4.87086117573e-06, 1.87392049611e-06, 1.61114871844e-06, 5.41777694707e-07, 4.82862674289e-07, 3.0413281138e-07, 2.78975846868e-07, 3.14258585377e-07, 1.62528053238e-07, 6.65897275098e-08, 3.65912669054e-08, 3.09155296918e-08, 1.67650178184e-08, 1.23299974675e-08, 7.52403295223e-09], "median": [9.41601228988e-06, 0.000182255200343, 0.000249782111496, 0.000196424749447, 0.000234793580603, 0.00015822716523, 0.00015244082897, 0.000118454590847, 0.000110065913759, 4.1835130105e-05, 5.46532828594e-05, 3.32951931341e-05, 1.86849811143e-05, 2.09065547097e-05, 8.23127720651e-06, 3.03998785967e-06, 6.28357520327e-06, 5.41160579814e-06, 6.64850995236e-06, 5.28475720785e-06, 4.14140777139e-06, 2.89954823529e-06, 1.69752240708e-06, 1.00087027022e-06, 7.54373218115e-07, 5.98461838308e-07, 3.45191892848e-07, 2.5735454301e-07, 1.4958941108e-07, 7.32862446284e-08, 3.68493431324e-08, 2.88240897817e-08, 1.70426481816e-08, 1.11562563632e-08, 9.61041024539e-09, 7.0215167014e-09, 3.81245790493e-09, 2.75510236847e-09, 1.54343415826e-09, 1.19914100871e-09], "min": [4.09475164061e-25, 2.01355878311e-24, 6.51785821228e-25, 2.56874883301e-24, 3.08059077896e-24, 1.37954792092e-24, 1.72345538243e-24, 2.03044888673e-24, 3.22528857657e-24, 2.30629678199e-24, 2.48266517559e-24, 2.86689900935e-24, 1.85477311301e-24, 3.11791119674e-24, 1.80368233927e-24, 2.79105358319e-24, 2.48860411491e-24, 2.19675851492e-24, 2.3649667341e-24, 3.60517085637e-24, 4.33117177479e-24, 4.54895812692e-24, 5.62429741974e-24, 3.8178047635e-24, 4.29796506941e-24, 4.40695409208e-24, 4.44847657468e-24, 4.29275503756e-24, 4.47520909861e-24, 4.85707102485e-24, 5.39653828805e-24, 6.41088364454e-24, 6.22777798439e-24, 6.1462811587e-24, 5.12850780714e-24, 5.84654241371e-24, 5.73781647616e-24, 6.38336147085e-24, 6.80076513074e-24, 6.94781353664e-24], "var": [2.32075109352e-07, 3.42050225299e-06, 8.86199450179e-06, 1.99587930183e-06, 1.34742515456e-06, 6.46471221444e-07, 4.64265951905e-07, 1.60090928603e-06, 3.04262329109e-07, 1.24036318994e-07, 1.4084523059e-07, 8.34085881252e-07, 2.42142078832e-07, 6.98231659157e-08, 2.11069206557e-08, 4.92023755072e-09, 4.50975568e-09, 2.04743355603e-09, 1.10583131541e-09, 1.54242862926e-09, 8.07085176469e-10, 2.00190891642e-10, 1.82554860118e-10, 1.56848312116e-10, 2.79146428195e-11, 1.99650754262e-10, 2.3298354565e-11, 3.01617966714e-11, 1.35020868184e-12, 1.35286009825e-12, 6.83590391324e-13, 5.52720738102e-13, 9.32338299446e-13, 3.72741063275e-13, 4.72626495232e-14, 9.96160890322e-15, 7.83524110935e-15, 1.23280055055e-15, 8.86105041864e-16, 2.22009320709e-16]}, "mfcc": {"mean": [-754.632507324, 182.589279175, -20.567949295, 16.5755348206, -5.9881067276, -8.03527832031, -11.4193172455, -3.47874546051, -5.27283287048, -5.52435445786, -10.3769025803, -6.76869392395, -1.12013077736], "cov": [[15190.8623047, 2141.02416992, -2591.0703125, 429.337188721, -853.874450684, -8.96434020996, -201.073944092, 281.03793335, 87.2382888794, -42.0201835632, -353.628967285, -283.017089844, 50.8248901367], [2141.02416992, 2013.13134766, -108.693275452, 176.206054688, 179.913909912, -26.4541759491, 39.3769454956, -22.564748764, -8.55295181274, 64.5712661743, 87.6732635498, 121.910247803, -6.13308668137], [-2591.0703125, -108.693275452, 1157.22460938, 117.202911377, 324.418060303, 147.081481934, 44.1585731506, -116.337600708, -79.0567398071, -2.08945059776, 132.205352783, 55.7083511353, -51.8892555237], [429.337188721, 176.206054688, 117.202911377, 239.045639038, 74.996925354, 72.728805542, 46.5810317993, 6.64415597916, -0.106367722154, 6.93428230286, 19.6663894653, -12.2502908707, -13.6029691696], [-853.874450684, 179.913909912, 324.418060303, 74.996925354, 242.669906616, 78.248008728, 58.9549560547, -11.7863779068, -4.95053434372, 32.6658592224, 78.999710083, 66.0585403442, -10.2945404053], [-8.96434020996, -26.4541759491, 147.081481934, 72.728805542, 78.248008728, 139.859786987, 58.1025657654, 29.8078136444, 9.65058898926, 13.5344190598, 17.6983795166, -5.25117206573, -5.71996736526], [-201.073944092, 39.3769454956, 44.1585731506, 46.5810317993, 58.9549560547, 58.1025657654, 118.448013306, 48.4091911316, 27.6898765564, 19.5970363617, 9.73463916779, -0.335899055004, -0.347777485847], [281.03793335, -22.564748764, -116.337600708, 6.64415597916, -11.7863779068, 29.8078136444, 48.4091911316, 129.968338013, 59.9553871155, 18.9824638367, -29.5865955353, -10.4542713165, 26.200712204], [87.2382888794, -8.55295181274, -79.0567398071, -0.106367722154, -4.95053434372, 9.65058898926, 27.6898765564, 59.9553871155, 95.3867797852, 38.0891113281, -4.92621469498, 1.01095724106, 14.8377943039], [-42.0201835632, 64.5712661743, -2.08945059776, 6.93428230286, 32.6658592224, 13.5344190598, 19.5970363617, 18.9824638367, 38.0891113281, 123.721244812, 76.7265625, 39.0741691589, -13.3756217957], [-353.628967285, 87.6732635498, 132.205352783, 19.6663894653, 78.999710083, 17.6983795166, 9.73463916779, -29.5865955353, -4.92621469498, 76.7265625, 172.961746216, 126.897415161, 11.7469205856], [-283.017089844, 121.910247803, 55.7083511353, -12.2502908707, 66.0585403442, -5.25117206573, -0.335899055004, -10.4542713165, 1.01095724106, 39.0741691589, 126.897415161, 225.460952759, 100.196159363], [50.8248901367, -6.13308668137, -51.8892555237, -13.6029691696, -10.2945404053, -5.71996736526, -0.347777485847, 26.200712204, 14.8377943039, -13.3756217957, 11.7469205856, 100.196159363, 158.583892822]], "icov": [[0.000269662414212, -0.000318108330248, 0.000486195174744, -0.000578227743972, 0.000821446708869, -0.000973332731519, 0.000728677026927, -0.000239932662225, 0.000188262914889, 4.25535981776e-05, -3.82434700441e-05, 0.000101008205093, -4.79660548081e-06], [-0.000318108330248, 0.00104284577537, -0.000251865771133, 0.000125136983115, -0.00177423446439, 0.00164144695736, -0.0009266876732, 0.000461241841549, -1.3568277609e-05, -0.000263531866949, 0.000243997143116, -0.000503432820551, 0.000215444189962], [0.000486195174744, -0.000251865771133, 0.00277762138285, -0.00121856282931, -0.00088533636881, -0.00259960535914, 0.00152202427853, 0.000784741248935, 0.000790708058048, 0.000669908535201, -0.00082831911277, 0.000553409801796, 5.54318576178e-05], [-0.000578227743972, 0.000125136983115, -0.00121856282931, 0.00698793213814, -0.00208828155883, -0.000247104413575, -0.00232279370539, 0.000681417994201, -0.000479369511595, 0.00047623316641, -0.00093465653481, 0.00116993102711, -0.000456232897704], [0.000821446708869, -0.00177423446439, -0.00088533636881, -0.00208828155883, 0.012527525425, -0.00494949705899, -0.000258271000348, -0.00087018974591, 7.82025817898e-05, -0.000356487493264, -0.000236134190345, -0.00210979068652, 0.00129032251425], [-0.000973332731519, 0.00164144695736, -0.00259960535914, -0.000247104413575, -0.00494949705899, 0.0158661007881, -0.00558261945844, -0.00183036224917, 1.67001471709e-05, -0.000464413693408, -0.00056433636928, 0.000867225171532, -0.000502089096699], [0.000728677026927, -0.0009266876732, 0.00152202427853, -0.00232279370539, -0.000258271000348, -0.00558261945844, 0.0152233177796, -0.00448388466612, -0.000676100840792, 0.000190682432731, -0.000736545363907, 0.00102716719266, 7.03843543306e-05], [-0.000239932662225, 0.000461241841549, 0.000784741248935, 0.000681417994201, -0.00087018974591, -0.00183036224917, -0.00448388466612, 0.0149400355294, -0.00601581856608, -0.00150021899026, 0.00287348683923, -0.000368640583474, -0.00173433497548], [0.000188262914889, -1.3568277609e-05, 0.000790708058048, -0.000479369511595, 7.82025817898e-05, 1.67001471709e-05, -0.000676100840792, -0.00601581856608, 0.0173912495375, -0.005462736357, 0.00171180604957, 0.000133587906021, -0.00114430149551], [4.25535981776e-05, -0.000263531866949, 0.000669908535201, 0.00047623316641, -0.000356487493264, -0.000464413693408, 0.000190682432731, -0.00150021899026, -0.005462736357, 0.0152842439711, -0.0084143942222, 0.00127573497593, 0.00206211186014], [-3.82434700441e-05, 0.000243997143116, -0.00082831911277, -0.00093465653481, -0.000236134190345, -0.00056433636928, -0.000736545363907, 0.00287348683923, 0.00171180604957, -0.0084143942222, 0.0177689045668, -0.00979223754257, 0.00315927597694], [0.000101008205093, -0.000503432820551, 0.000553409801796, 0.00116993102711, -0.00210979068652, 0.000867225171532, 0.00102716719266, -0.000368640583474, 0.000133587906021, 0.00127573497593, -0.00979223754257, 0.0142181953415, -0.00797579158098], [-4.79660548081e-06, 0.000215444189962, 5.54318576178e-05, -0.000456232897704, 0.00129032251425, -0.000502089096699, 7.03843543306e-05, -0.00173433497548, -0.00114430149551, 0.00206211186014, 0.00315927597694, -0.00797579158098, 0.0117332525551]]}, "spectral_contrast_coeffs": {"dmean": [0.0452642925084, 0.0417425818741, 0.037963360548, 0.0306192785501, 0.0217647831887, 0.0150599740446], "dmean2": [0.0749331861734, 0.0659027993679, 0.0603839606047, 0.0497934482992, 0.0352464541793, 0.0243873354048], "dvar": [0.00147707073484, 0.00128354434855, 0.000998951960355, 0.000652643386275, 0.000338981393725, 0.000199797039386], "dvar2": [0.00387321249582, 0.00312883593142, 0.00250152917579, 0.00165814813226, 0.000876043690369, 0.000475424603792], "max": [-0.237858816981, -0.389147132635, -0.430654346943, -0.521567940712, -0.547751069069, -0.60721963644], "mean": [-0.554584026337, -0.700745165348, -0.715414226055, -0.75121563673, -0.756535947323, -0.759316623211], "median": [-0.554149508476, -0.704167962074, -0.711272060871, -0.746601819992, -0.751118600368, -0.755199313164], "min": [-0.980327129364, -0.98101401329, -0.975696384907, -0.970929563046, -0.966148793697, -0.964866399765], "var": [0.0136061394587, 0.00844647269696, 0.00790580548346, 0.00543082226068, 0.0043056155555, 0.00341061758809]}, "spectral_contrast_valleys": {"dmean": [0.470414549112, 0.337422937155, 0.300611078739, 0.279167711735, 0.262861996889, 0.24275007844], "dmean2": [0.755841135979, 0.533226072788, 0.471452385187, 0.416689991951, 0.371916025877, 0.331412911415], "dvar": [0.231161147356, 0.16239798069, 0