{"lowlevel": {"average_loudness": 0.929425656796, "barkbands_crest": {"dmean": 2.89544987679, "dmean2": 4.37002182007, "dvar": 10.146522522, "dvar2": 19.1555309296, "max": 26.6349754333, "mean": 13.92100811, "median": 12.1924743652, "min": 2.12913823128, "var": 57.5004386902}, "barkbands_flatness_db": {"dmean": 0.033948905766, "dmean2": 0.048424679786, "dvar": 0.00277581065893, "dvar2": 0.00457774149254, "max": 0.777555048466, "mean": 0.18047195673, "median": 0.141044080257, "min": 0.0140096861869, "var": 0.0199665427208}, "barkbands_kurtosis": {"dmean": 19.9899711609, "dmean2": 29.1901531219, "dvar": 8401.70996094, "dvar2": 14917.28125, "max": 3072.73583984, "mean": 43.0484046936, "median": 0.902049183846, "min": -1.86598670483, "var": 35723.4257812}, "barkbands_skewness": {"dmean": 1.06532716751, "dmean2": 1.5322496891, "dvar": 3.82042551041, "dvar2": 6.4261507988, "max": 45.4479751587, "mean": 2.77676224709, "median": 1.19641768932, "min": -2.82738780975, "var": 20.8391704559}, "barkbands_spread": {"dmean": 8.4220085144, "dmean2": 12.9976806641, "dvar": 155.602005005, "dvar2": 298.352172852, "max": 120.476463318, "mean": 29.4027557373, "median": 22.8680496216, "min": 0.0265192817897, "var": 614.903564453}, "dissonance": {"dmean": 0.0201269108802, "dmean2": 0.034635014832, "dvar": 0.000743815500755, "dvar2": 0.00209593609907, "max": 0.5, "mean": 0.467864781618, "median": 0.478805303574, "min": 0.0132766999304, "var": 0.00120570021681}, "dynamic_complexity": 3.70404410362, "erbbands_crest": {"dmean": 2.8234629631, "dmean2": 4.50963973999, "dvar": 8.67771053314, "dvar2": 20.4054832458, "max": 33.0990219116, "mean": 9.54402065277, "median": 8.01618480682, "min": 2.24277997017, "var": 28.657245636}, "erbbands_flatness_db": {"dmean": 0.0207716226578, "dmean2": 0.0317048728466, "dvar": 0.000675050774589, "dvar2": 0.00140838162042, "max": 0.489037543535, "mean": 0.162122964859, "median": 0.143072664738, "min": 0.0261992029846, "var": 0.00600461335853}, "erbbands_kurtosis": {"dmean": 1.99133682251, "dmean2": 3.22859883308, "dvar": 59.5314941406, "dvar2": 129.885421753, "max": 168.081436157, "mean": 2.47315907478, "median": -0.0271421670914, "min": -1.86432659626, "var": 168.202331543}, "erbbands_skewness": {"dmean": 0.472255110741, "dmean2": 0.727432966232, "dvar": 0.464483261108, "dvar2": 0.926708042622, "max": 10.0656070709, "mean": 0.0636907070875, "median": -0.159162670374, "min": -4.50908708572, "var": 1.89387381077}, "erbbands_spread": {"dmean": 8.64726448059, "dmean2": 13.4324502945, "dvar": 89.4347686768, "dvar2": 208.557098389, "max": 166.174926758, "mean": 38.0180168152, "median": 35.1173171997, "min": 0.705638170242, "var": 413.793579102}, "hfc": {"dmean": 11.2980298996, "dmean2": 16.8594589233, "dvar": 341.300170898, "dvar2": 746.865905762, "max": 204.4974823, "mean": 26.8970508575, "median": 13.8063669205, "min": 1.20198382434e-16, "var": 883.628662109}, "melbands_crest": {"dmean": 3.6315112114, "dmean2": 5.5668053627, "dvar": 15.2941980362, "dvar2": 36.0848083496, "max": 38.9735221863, "mean": 20.3414993286, "median": 20.1537570953, "min": 2.02424621582, "var": 89.5836868286}, "melbands_flatness_db": {"dmean": 0.040472459048, "dmean2": 0.0581130944192, "dvar": 0.00383257493377, "dvar2": 0.00662490678951, "max": 0.958695709705, "mean": 0.252920895815, "median": 0.209568053484, "min": 0.00396505650133, "var": 0.0279025603086}, "melbands_kurtosis": {"dmean": 25.9117774963, "dmean2": 37.2035446167, "dvar": 6373.57080078, "dvar2": 12714.6855469, "max": 2182.73779297, "mean": 50.9718818665, "median": 7.98790407181, "min": -1.75306749344, "var": 15756.8251953}, "melbands_skewness": {"dmean": 1.25882232189, "dmean2": 1.816806674, "dvar": 3.64411067963, "dvar2": 6.51418828964, "max": 36.2934951782, "mean": 4.13416337967, "median": 2.54318237305, "min": -1.80032551289, "var": 17.926897049}, "melbands_spread": {"dmean": 9.63255023956, "dmean2": 15.2597093582, "dvar": 176.091567993, "dvar2": 426.757873535, "max": 175.558334351, "mean": 27.8164691925, "median": 21.4795265198, "min": 0.088022954762, "var": 620.647521973}, "pitch_salience": {"dmean": 0.0879725590348, "dmean2": 0.135626792908, "dvar": 0.0114287668839, "dvar2": 0.0218059122562, "max": 0.923630952835, "mean": 0.406419575214, "median": 0.447043329477, "min": 0.0126225370914, "var": 0.0438408255577}, "silence_rate_20dB": {"dmean": 0, "dmean2": 0, "dvar": 0, "dvar2": 0, "max": 1, "mean": 1, "median": 1, "min": 1, "var": 0}, "silence_rate_30dB": {"dmean": 0, "dmean2": 0, "dvar": 0, "dvar2": 0, "max": 1, "mean": 1, "median": 1, "min": 1, "var": 0}, "silence_rate_60dB": {"dmean": 0.0156832002103, "dmean2": 0.0313030965626, "dvar": 0.0154355438426, "dvar2": 0.0337186865509, "max": 1, "mean": 0.0495948754251, "median": 0, "min": 0, "var": 0.0471413768828}, "spectral_centroid": {"dmean": 331.818695068, "dmean2": 521.604797363, "dvar": 223302.875, "dvar2": 473265.5625, "max": 5051.84423828, "mean": 1869.42565918, "median": 2003.98364258, "min": 56.584777832, "var": 968642.5625}, "spectral_complexity": {"dmean": 4.82467508316, "dmean2": 7.23676633835, "dvar": 46.5048446655, "dvar2": 91.6890335083, "max": 65, "mean": 17.5114994049, "median": 14, "min": 0, "var": 202.719055176}, "spectral_decrease": {"dmean": 1.70462299831e-09, "dmean2": 2.43018871693e-09, "dvar": 3.13022700699e-18, "dvar2": 6.45229415522e-18, "max": -3.44384922264e-29, "mean": -7.18552062295e-09, "median": -6.16787732e-09, "min": -2.35787886993e-08, "var": 2.49877267156e-17}, "spectral_energy": {"dmean": 0.00684045953676, "dmean2": 0.010034468025, "dvar": 5.13178674737e-05, "dvar2": 0.000111001878395, "max": 0.092409260571, "mean": 0.0295594595373, "median": 0.0272361375391, "min": 1.10323210871e-20, "var": 0.000381130172173}, "spectral_energyband_high": {"dmean": 0.000922716746572, "dmean2": 0.0013952938607, "dvar": 2.65251196652e-06, "dvar2": 5.82990105613e-06, "max": 0.020806832239, "mean": 0.00183537288103, "median": 0.000488660531119, "min": 8.13503051877e-21, "var": 6.48334571451e-06}, "spectral_energyband_low": {"dmean": 0.00569295324385, "dmean2": 0.00752854207531, "dvar": 4.87998804601e-05, "dvar2": 8.33950834931e-05, "max": 0.0875940993428, "mean": 0.0187916047871, "median": 0.0099101215601, "min": 6.26845662249e-23, "var": 0.000384848535759}, "spectral_energyband_middle_high": {"dmean": 0.00255622388795, "dmean2": 0.00418208353221, "dvar": 1.61544521688e-05, "dvar2": 3.92722322431e-05, "max": 0.0442218743265, "mean": 0.00555066298693, "median": 0.00297850044444, "min": 1.62108023112e-21, "var": 4.10349748563e-05}, "spectral_energyband_middle_low": {"dmean": 0.00194092118181, "dmean2": 0.00316034234129, "dvar": 1.33064477268e-05, "dvar2": 3.45691623806e-05, "max": 0.0546507947147, "mean": 0.00391123536974, "median": 0.00234277220443, "min": 4.06115868132e-22, "var": 2.00321173907e-05}, "spectral_entropy": {"dmean": 0.195742979646, "dmean2": 0.29481524229, "dvar": 0.112578779459, "dvar2": 0.21969601512, "max": 9.40571689606, "mean": 7.58887243271, "median": 7.80408859253, "min": 3.33437848091, "var": 0.656845211983}, "spectral_flux": {"dmean": 0.0233350303024, "dmean2": 0.0340754054487, "dvar": 0.000665574276354, "dvar2": 0.00121614080854, "max": 0.260846734047, "mean": 0.0749659314752, "median": 0.06619335711, "min": 1.21540142572e-06, "var": 0.00218816054985}, "spectral_kurtosis": {"dmean": 3.9484500885, "dmean2": 6.64595842361, "dvar": 213.4034729, "dvar2": 541.067382812, "max": 421.612640381, "mean": 8.45177078247, "median": 3.37338638306, "min": -1.23544704914, "var": 482.74597168}, "spectral_rms": {"dmean": 0.000650128466077, "dmean2": 0.000946402607951, "dvar": 4.16586232177e-07, "dvar2": 8.59680199028e-07, "max": 0.0094950189814, "mean": 0.00499265547842, "median": 0.00515478849411, "min": 3.2807376607e-12, "var": 3.91188768845e-06}, "spectral_rolloff": {"dmean": 806.807495117, "dmean2": 1344.62744141, "dvar": 2006261.625, "dvar2": 4416278, "max": 18281.6894531, "mean": 2008.96594238, "median": 1162.79296875, "min": 43.06640625, "var": 4694071}, "spectral_skewness": {"dmean": 0.346289694309, "dmean2": 0.573542177677, "dvar": 0.581363260746, "dvar2": 1.35258066654, "max": 17.4960842133, "mean": 1.66966688633, "median": 1.3152115345, "min": -0.142012059689, "var": 1.96267974377}, "spectral_spread": {"dmean": 610252.5625, "dmean2": 933546, "dvar": 827190738944, "dvar2": 1533812670460.0, "max": 51151732, "mean": 4631062.5, "median": 4164622.5, "min": 212971.578125, "var": 5151336693760.0}, "spectral_strongpeak": {"dmean": 0.449000477791, "dmean2": 0.776255190372, "dvar": 1.03987455368, "dvar2": 2.85038137436, "max": 14.1640005112, "mean": 0.713812887669, "median": 0.390241086483, "min": 0, "var": 1.24329531193}, "zerocrossingrate": {"dmean": 0.0129753015935, "dmean2": 0.0141853652894, "dvar": 0.000281340297079, "dvar2": 0.000283944274997, "max": 0.49951171875, "mean": 0.0679831430316, "median": 0.05419921875, "min": 0.00146484375, "var": 0.00292267510667}, "barkbands": {"dmean": [0.00041773551493, 0.00550429709256, 0.00111762690358, 0.000600094266701, 0.000662451260723, 0.000315785582643, 0.000252006284427, 0.000265360926278, 0.000377836317057, 0.00053116120398, 0.000666444364469, 0.000502152310219, 0.000196831009816, 0.000272411765764, 0.000162442898727, 0.000406893435866, 0.000627163797617, 0.000321408122545, 0.000265314185526, 0.000467992416816, 0.000249367876677, 0.000147579470649, 0.000114775524708, 9.80552795227e-05, 0.00011267777154, 0.000128157131257, 5.25325667695e-05], "dmean2": [0.000692462723237, 0.00762733304873, 0.00195635668933, 0.0010634601349, 0.00112661358435, 0.000462694501039, 0.000387786101783, 0.000399676646339, 0.000628665147815, 0.000843718706165, 0.00106411136221, 0.000826303788926, 0.000333819771186, 0.000452550710179, 0.000274326797808, 0.0006936720456, 0.00108413165435, 0.000539611035492, 0.00044705052278, 0.000802184920758, 0.000414905603975, 0.000233814411331, 0.000184591917787, 0.000149768806295, 0.000174153334228, 0.000184420830919, 7.59291069699e-05], "dvar": [2.86632399593e-07, 6.80768425809e-05, 7.62717763791e-06, 2.09310564969e-06, 2.74926878774e-06, 2.72977786153e-07, 2.89780103913e-07, 4.73298683801e-07, 1.83088695849e-06, 1.21043058243e-06, 1.85294015864e-06, 1.22335291053e-06, 1.63612341453e-07, 5.39289715107e-07, 1.0065036804e-07, 1.22542621739e-06, 1.6596191017e-06, 4.61674659391e-07, 2.50550641567e-07, 1.01603541225e-06, 2.21648392085e-07, 6.83093617226e-08, 4.87466884636e-08, 4.49823041038e-08, 6.68066491016e-08, 1.10553465049e-07, 1.92359390638e-08], "dvar2": [8.15074486127e-07, 0.000117991345178, 2.08417422982e-05, 5.81104495723e-06, 7.59591830501e-06, 5.63149853861e-07, 6.38587778212e-07, 1.17447041248e-06, 4.91970058647e-06, 3.04740387946e-06, 4.55846929981e-06, 3.14380258715e-06, 4.30980009014e-07, 1.38711220643e-06, 2.67595339665e-07, 3.47377908838e-06, 4.5821598178e-06, 1.2119320445e-06, 6.38282529053e-07, 2.78408379017e-06, 5.79213576657e-07, 1.59920631404e-07, 1.14106249782e-07, 1.07403359095e-07, 1.57539318479e-07, 2.33026128171e-07, 4.22841459624e-08], "max": [0.00637208251283, 0.0856596007943, 0.0243146009743, 0.0176299735904, 0.0156838912517, 0.0100109642372, 0.0136738549918, 0.0321883782744, 0.0340135842562, 0.0265426896513, 0.0266334861517, 0.0208896547556, 0.00744487578049, 0.0241361800581, 0.00559417251498, 0.0269196908921, 0.0281126834452, 0.0192864947021, 0.00969934649765, 0.0158825814724, 0.00923520606011, 0.00607420131564, 0.00226788804866, 0.00250382954255, 0.00250324653462, 0.00290034804493, 0.00188781903125], "mean": [0.000761616684031, 0.0166292283684, 0.001046874444, 0.000632109469734, 0.000882938504219, 0.000675064395182, 0.000467569305329, 0.000432485510828, 0.000474560627481, 0.000812570564449, 0.000957486976404, 0.000663674145471, 0.000245568080572, 0.000338360696333, 0.000214450861677, 0.000516472849995, 0.000812295416836, 0.000431749009294, 0.000430640386185, 0.00058853108203, 0.000414291134803, 0.000281866668956, 0.000194414227735, 0.000183308467967, 0.000194701497094, 0.000208850542549, 6.77937350702e-05], "median": [0.000633709365502, 0.0065977666527, 0.000211703620153, 0.000160974828759, 0.000250750134001, 0.000317400554195, 0.000170149520272, 0.000129972118884, 0.000134121830342, 0.000262520828983, 0.000320455728797, 0.000162435404491, 7.18840165064e-05, 6.80308876326e-05, 5.67789684283e-05, 0.000120737298857, 0.000191253726371, 0.000118975280202, 0.000148561724927, 0.000138866860652, 0.000112319903565, 6.93788460921e-05, 4.28941712016e-05, 3.16070363624e-05, 1.53521395987e-05, 6.28361976851e-06, 4.53692649671e-07], "min": [5.32399700579e-23, 5.24384400465e-24, 1.63427209329e-23, 4.53461608346e-23, 4.98524340923e-23, 2.83629100902e-23, 5.70119810514e-23, 5.70205827907e-23, 1.50380478632e-22, 7.87966273846e-23, 6.12163130645e-23, 9.12004048901e-23, 1.85263062202e-22, 7.2010612375e-23, 6.80828613062e-23, 1.9605998053e-22, 2.85980379716e-22, 2.26859154998e-22, 2.38233443778e-22, 3.42989476692e-22, 3.32588250993e-22, 5.43765684232e-22, 6.9370620567e-22, 8.46426698182e-22, 1.29158547608e-21, 1.69736492344e-21, 2.65385975551e-21], "var": [5.34681817044e-07, 0.000384576473152, 6.06595813224e-06, 1.98018460651e-06, 2.66771235147e-06, 8.74479383128e-07, 6.75741944178e-07, 8.14257646198e-07, 1.81422308287e-06, 2.28577391681e-06, 2.90280945592e-06, 1.8064250753e-06, 2.08899891163e-07, 7.48861793909e-07, 1.47985588228e-07, 1.52573568357e-06, 2.28387852985e-06, 6.03133685217e-07, 4.54737090649e-07, 1.09437394258e-06, 4.21821027885e-07, 1.6784338186e-07, 8.67836362772e-08, 8.8994099201e-08, 1.17286418799e-07, 1.96814795572e-07, 2.90455854923e-08]}, "erbbands": {"dmean": [0.219935074449, 1.13602256775, 1.29190373421, 1.68464398384, 2.08876347542, 2.12610173225, 1.86110067368, 2.74714016914, 3.94298505783, 4.41151285172, 6.02567768097, 8.06331729889, 15.7670507431, 19.8049430847, 23.6479473114, 19.9513149261, 10.3039808273, 12.7846183777, 8.80106735229, 15.1891098022, 22.8840141296, 32.2325935364, 18.0228385925, 14.4277954102, 17.7179298401, 20.5384864807, 11.8755073547, 8.02631664276, 4.63155794144, 5.46565675735, 3.1817510128, 2.40593194962, 1.51589429379, 1.31570649147, 0.846966743469, 0.605120003223, 0.206343233585, 0.0611553303897, 0.0102652460337, 0.000398560077883], "dmean2": [0.290751457214, 1.62767338753, 2.04946923256, 2.90691328049, 3.60496115685, 3.59310460091, 2.96851444244, 4.06257963181, 5.89054584503, 6.65621185303, 9.30104732513, 13.4716119766, 25.1312847137, 31.7173366547, 38.0441932678, 32.6867752075, 17.3922233582, 21.0067863464, 14.7895298004, 26.1660823822, 39.0149040222, 55.6358795166, 30.4531726837, 23.9083995819, 30.4712219238, 35.2201347351, 20.0811328888, 13.0071382523, 7.36410331726, 8.64911270142, 5.17404699326, 3.75562739372, 2.33111929893, 2.04936885834, 1.32123970985, 0.915238618851, 0.302920013666, 0.0849500820041, 0.0148502625525, 0.000595690857153], "dvar": [0.0847838371992, 3.57907223701, 7.17868471146, 15.3175554276, 26.7004261017, 27.4959259033, 13.2549409866, 24.3425292969, 58.8311500549, 219.686248779, 159.417053223, 884.83782959, 1470.9329834, 1913.53161621, 2737.12182617, 2059.45141602, 453.152008057, 1063.9597168, 433.778045654, 1152.08435059, 2110.45556641, 5216.75390625, 1654.00366211, 678.542724609, 1205.4576416, 2165.8293457, 574.176635742, 206.248245239, 75.771194458, 97.8912200928, 39.0783882141, 29.5337810516, 9.94958877563, 8.53778266907, 4.10163450241, 2.51463651657, 0.267274290323, 0.0259522236884, 0.000775788677856, 1.11968870442e-06], "dvar2": [0.146520033479, 6.83215856552, 17.9169979095, 41.3963737488, 72.776008606, 75.8750457764, 33.6287155151, 49.7962341309, 121.986724854, 551.260986328, 373.471221924, 2381.43432617, 3725.09204102, 4611.36132812, 6997.04003906, 5215.58154297, 1174.87756348, 2757.61621094, 1121.76037598, 3280.29467773, 5882.63769531, 14333.2060547, 4405.24121094, 1688.72045898, 3220.58056641, 5919.30224609, 1527.59777832, 503.436279297, 175.261611938, 234.366470337, 93.8937454224, 71.4355010986, 23.7612686157, 20.2674999237, 10.2540636063, 5.93491601944, 0.508772492409, 0.0504876412451, 0.0017362779472, 2.71082149084e-06], "max": [3.33898878098, 17.8925590515, 27.7168521881, 41.9506607056, 52.1145744324, 57.3517303467, 53.2033615112, 85.0225830078, 171.454925537, 841.985107422, 258.415863037, 785.409484863, 1039.12341309, 1029.90393066, 1285.70300293, 1063.42089844, 359.413482666, 945.906005859, 896.16998291, 696.503356934, 872.116516113, 1885.49926758, 1257.00463867, 492.540100098, 603.453979492, 838.543395996, 439.372161865, 367.781555176, 173.788803101, 285.68548584, 70.3145217896, 74.5917739868, 43.5241584778, 32.0837516785, 20.6966094971, 15.5106859207, 4.17268133163, 1.35544002056, 0.322925627232, 0.0259120743722], "mean": [0.659298837185, 3.01285505295, 1.75022506714, 1.88227391243, 2.48829841614, 2.84065651894, 3.480219841, 5.64443159103, 7.81911373138, 7.71651554108, 9.55230426788, 10.3959980011, 23.4831981659, 30.5172576904, 33.564666748, 27.7663269043, 14.0476360321, 16.9538955688, 12.1674013138, 19.9157428741, 31.897026062, 42.5093917847, 24.7347640991, 23.4910030365, 25.6120567322, 25.5299129486, 18.2289028168, 14.3458938599, 8.58913993835, 10.0308179855, 5.22901725769, 3.92800474167, 2.95487236977, 2.35085248947, 1.35801422596, 0.982394456863, 0.338389515877, 0.0922624021769, 0.0126132909209, 0.000485891563585], "median": [0.2797524333, 1.05299425125, 0.805383980274, 0.502018213272, 0.668625712395, 0.763673067093, 1.42826128006, 2.32835173607, 2.91060161591, 2.41562151909, 3.16967391968, 3.21600580215, 6.3147149086, 11.3517742157, 10.2961654663, 7.60202980042, 4.41063642502, 4.78970861435, 3.68496847153, 6.00946044922, 9.82298660278, 10.850435257, 7.38899278641, 8.31898498535, 7.63438653946, 6.0791683197, 4.71421909332, 4.04907608032, 2.35658359528, 2.04254937172, 1.19849181175, 0.7555757761, 0.459456026554, 0.23340305686, 0.0841203331947, 0.040463976562, 0.00836038589478, 0.00104033434764, 9.82717756415e-05, 5.81845270062e-05], "min": [3.60541846403e-22, 1.46355170081e-21, 1.55446430274e-20, 8.73006353865e-20, 1.30879476274e-19, 2.13916118387e-19, 2.02250558229e-19, 2.65246320161e-19, 8.29419738772e-19, 9.50669992611e-19, 1.57270939966e-18, 3.57376352618e-18, 2.43979899523e-18, 2.6102073004e-18, 2.53307849854e-18, 4.06753699873e-18, 7.31788076362e-18, 6.46123018738e-18, 3.45403016649e-18, 5.329681851e-18, 1.10241784763e-17, 1.49546413077e-17, 1.30414130828e-17, 9.51960063494e-18, 1.6621666668e-17, 1.43365322494e-17, 1.46044593585e-17, 1.58524201312e-17, 1.96540611628e-17, 2.00548996528e-17, 1.78086195618e-17, 1.80680415999e-17, 1.47390929294e-17, 1.3416953908e-17, 8.33698713062e-18, 6.50298750547e-18, 3.4084585118e-18, 1.76831238552e-18, 3.3795821019e-19, 3.49200822561e-20], "var": [0.576915383339, 14.6563129425, 8.35530853271, 14.9738636017, 24.7763271332, 28.5339832306, 26.8239517212, 76.0439758301, 163.494674683, 332.7059021, 300.928894043, 837.178833008, 2637.70507812, 3091.09716797, 4143.08837891, 3090.19042969, 648.558288574, 1521.02172852, 609.612304688, 1499.12414551, 2951.6340332, 6943.65380859, 2098.28735352, 1274.51489258, 1743.01708984, 2210.23071289, 914.025695801, 446.213623047, 163.637069702, 239.931213379, 64.468711853, 43.2239532471, 22.4376773834, 16.2949123383, 6.34741353989, 4.0173869133, 0.520520925522, 0.0497306622565, 0.00108356482815, 1.39025792123e-06]}, "gfcc": {"mean": [-35.6896095276, 79.6709671021, -111.633255005, 38.32472229, -38.0680427551, 19.0737037659, -13.3319120407, 16.363735199, -13.5160799026, 1.08313310146, -6.86251926422, 8.25315093994, -2.22549772263], "cov": [[18656.7558594, -5508.29394531, -218.272369385, 1012.50012207, -1546.20947266, 304.316192627, -1271.38024902, 456.236206055, -1300.57189941, 483.909729004, -877.759643555, 510.265106201, -459.839080811], [-5508.29394531, 4653.20898438, -694.433166504, -294.421417236, 593.188049316, -454.216583252, 468.043182373, -457.053833008, 522.169372559, -491.60458374, 463.298583984, -371.762298584, 325.726043701], [-218.272369385, -694.433166504, 2014.63952637, 216.747756958, 545.116882324, 350.860931396, 124.047737122, 180.256835938, 94.6826553345, 246.552825928, 52.2979125977, 206.690155029, 45.6710395813], [1012.50012207, -294.421417236, 216.747756958, 687.340209961, 147.946136475, 237.023330688, 0.957623958588, 86.0064086914, 6.50300931931, 36.7441711426, 11.8436889648, 44.386932373, 30.311712265], [-1546.20947266, 593.188049316, 545.116882324, 147.946136475, 701.710998535, 176.383712769, 260.703155518, -22.7996311188, 219.24760437, -27.5063266754, 142.374130249, -2.48317265511, 117.842712402], [304.316192627, -454.216583252, 350.860931396, 237.023330688, 176.383712769, 333.46206665, 44.10704422, 112.119018555, 20.5985450745, 91.0372161865, 11.8269739151, 78.3320465088, 13.4916114807], [-1271.38024902, 468.043182373, 124.047737122, 0.957623958588, 260.703155518, 44.10704422, 264.197479248, 16.6089477539, 144.293960571, -40.8923988342, 89.4706726074, -30.4451618195, 70.0056762695], [456.236206055, -457.053833008, 180.256835938, 86.0064086914, -22.7996311188, 112.119018555, 16.6089477539, 172.279312134, -12.8179779053, 100.865631104, -26.0942668915, 69.739982605, -19.8400363922], [-1300.57189941, 522.169372559, 94.6826553345, 6.50300931931, 219.24760437, 20.5985450745, 144.293960571, -12.8179779053, 240.069824219, 8.8284702301, 134.983764648, -8.85511398315, 74.5826034546], [483.909729004, -491.60458374, 246.552825928, 36.7441711426, -27.5063266754, 91.0372161865, -40.8923988342, 100.865631104, 8.8284702301, 188.662887573, 26.944185257, 101.142242432, -19.8513469696], [-877.759643555, 463.298583984, 52.2979125977, 11.8436889648, 142.374130249, 11.8269739151, 89.4706726074, -26.0942668915, 134.983764648, 26.944185257, 162.140884399, 28.4896335602, 62.2559623718], [510.265106201, -371.762298584, 206.690155029, 44.386932373, -2.48317265511, 78.3320465088, -30.4451618195, 69.739982605, -8.85511398315, 101.142242432, 28.4896335602, 140.055679321, 28.6131954193], [-459.839080811, 325.726043701, 45.6710395813, 30.311712265, 117.842712402, 13.4916114807, 70.0056762695, -19.8400363922, 74.5826034546, -19.8513469696, 62.2559623718, 28.6131954193, 111.975883484]], "icov": [[0.000148095801705, 8.24002484023e-07, 6.13931770204e-05, -0.00024171260884, 1.40903975989e-05, 6.08607188042e-05, 0.000173301421455, 7.65150398365e-05, 0.000334593176376, -0.000239647808485, 0.000505035102833, -0.000517667853273, 0.000115360635391], [8.24002484023e-07, 0.00106127525214, -4.50880288554e-05, 0.000217197957681, -0.0001939937938, 0.000680929573718, 0.000397025607526, -0.000459937436972, -3.73544162358e-06, 0.00158505595755, -0.0031744427979, 0.00264383410104, -0.00195892434567], [6.13931770204e-05, -4.50880288554e-05, 0.000980971264653, -0.000110317399958, -0.000920140999369, -5.79140614718e-05, -0.000101083227491, 0.000108481472125, 0.00017021484382, -0.00114787463099, 0.00114272430073, -0.00130087404978, 0.000450990279205], [-0.00024171260884, 0.000217197957681, -0.000110317399958, 0.00256405258551, -0.000384833227145, -0.00137966312468, 0.000951442576479, -0.00145278964192, -0.000218029817916, 0.00140821537934, -0.00228576688096, 0.00223487755284, -0.00145989225712], [1.40903975989e-05, -0.0001939937938, -0.000920140999369, -0.000384833227145, 0.00426679803059, -0.00174103584141, -0.00230045104399, 0.00203108554706, -0.00133303971961, 0.000621013168711, 0.00011032983457, -1.35794698508e-05, -0.000440755335148], [6.08607188042e-05, 0.000680929573718, -5.79140614718e-05, -0.00137966312468, -0.00174103584141, 0.00666950643063, -6.47214676519e-07, -0.00218587974086, 0.000559483887628, -0.000271397322649, -0.00101475231349, -1.52803040692e-05, -0.000544633483514], [0.000173301421455, 0.000397025607526, -0.000101083227491, 0.000951442576479, -0.00230045104399, -6.47214676519e-07, 0.0106367953122, -0.00622965302318, -0.00102717592381, 0.00379209895618, -0.00435116887093, 0.00440859887749, -0.00334319029935], [7.65150398365e-05, -0.000459937436972, 0.000108481472125, -0.00145278964192, 0.00203108554706, -0.00218587974086, -0.00622965302318, 0.0154189486057, -0.00141449563671, -0.00660162419081, 0.00811685062945, -0.00670716352761, 0.00372654269449], [0.000334593176376, -3.73544162358e-06, 0.00017021484382, -0.000218029817916, -0.00133303971961, 0.000559483887628, -0.00102717592381, -0.00141449563671, 0.0120212221518, -0.00284800492227, -0.00567611679435, 0.00333976885304, -0.00310784997419], [-0.000239647808485, 0.00158505595755, -0.00114787463099, 0.00140821537934, 0.000621013168711, -0.000271397322649, 0.00379209895618, -0.00660162419081, -0.00284800492227, 0.0179648380727, -0.0102164717391, -0.000734343775548, 0.00128033501096], [0.000505035102833, -0.0031744427979, 0.00114272430073, -0.00228576688096, 0.00011032983457, -0.00101475231349, -0.00435116887093, 0.00811685062945, -0.00567611679435, -0.0102164717391, 0.0283929277211, -0.0155860884115, 0.00579170603305], [-0.000517667853273, 0.00264383410104, -0.00130087404978, 0.00223487755284, -1.35794698508e-05, -1.52803040692e-05, 0.00440859887749, -0.00670716352761, 0.00333976885304, -0.000734343775548, -0.0155860884115, 0.0284952409565, -0.01478988491], [0.000115360635391, -0.00195892434567, 0.000450990279205, -0.00145989225712, -0.000440755335148, -0.000544633483514, -0.00334319029935, 0.00372654269449, -0.00310784997419, 0.00128033501096, 0.00579170603305, -0.01478988491, 0.0214498415589]]}, "melbands": {"dmean": [0.00172925309744, 0.000811011705082, 0.000286115187919, 0.00016189175949, 6.52298112982e-05, 6.44769024802e-05, 5.80222331337e-05, 4.96078246215e-05, 5.25715186086e-05, 5.40540058864e-05, 7.98644759925e-05, 7.8469660366e-05, 7.74651634856e-05, 5.27882330061e-05, 5.16929285368e-05, 1.57828126248e-05, 2.7671114367e-05, 1.5382640413e-05, 1.34631563924e-05, 3.29249669448e-05, 2.83638637484e-05, 4.1105584387e-05, 1.78757491085e-05, 1.48936387632e-05, 1.21427974591e-05, 1.07219693746e-05, 1.75908207893e-05, 1.42213420986e-05, 7.23947141523e-06, 7.7809791037e-06, 4.20149444835e-06, 2.90685397886e-06, 3.22383584717e-06, 2.77404842564e-06, 1.82115491043e-06, 2.07554194276e-06, 1.43491513427e-06, 1.03015145214e-06, 1.26995985283e-06, 1.1065800436e-06], "dmean2": [0.00231737201102, 0.00115670345258, 0.000491993734613, 0.000278493680526, 0.000104181999632, 9.43835621001e-05, 8.68337592692e-05, 7.43186174077e-05, 8.18272965262e-05, 9.0878966148e-05, 0.00012721013627, 0.000125910912175, 0.000124344558571, 8.60701620695e-05, 8.63168024807e-05, 2.64995487669e-05, 4.56646484963e-05, 2.57607425738e-05, 2.31501035159e-05, 5.66723429074e-05, 4.82511495647e-05, 7.11361935828e-05, 3.02972948703e-05, 2.48805808951e-05, 2.01467537408e-05, 1.8075474145e-05, 3.06001966237e-05, 2.42691912717e-05, 1.23296495076e-05, 1.30794569486e-05, 6.67514632369e-06, 4.71038583783e-06, 5.13750319442e-06, 4.45286559625e-06, 2.99990733765e-06, 3.41032432516e-06, 2.24946234084e-06, 1.62930746228e-06, 1.93732012121e-06, 1.77605068075e-06], "dvar": [5.84701865591e-06, 1.58587090482e-06, 4.48647881512e-07, 1.71382339431e-07, 1.70904108643e-08, 1.25127721518e-08, 1.27559038887e-08, 2.81251324452e-08, 1.2321159204e-08, 4.44619523421e-08, 3.81133276051e-08, 2.93819901742e-08, 2.56426648804e-08, 1.11176712281e-08, 1.76173156063e-08, 1.179618625e-09, 5.58915935756e-09, 1.95677585246e-09, 7.49764916819e-10, 1.05043014287e-08, 3.62164231937e-09, 9.00627394884e-09, 1.38493871926e-09, 9.86735360087e-10, 5.16758857927e-10, 4.90006535347e-10, 1.49139967043e-09, 1.1280945067e-09, 1.99306418591e-10, 2.84659129601e-10, 6.1065624779e-11, 3.48009607243e-11, 3.44750339387e-11, 2.44456226095e-11, 1.31767964595e-11, 1.97719757233e-11, 1.09510985349e-11, 4.57779647522e-12, 6.71556647097e-12, 6.37895118671e-12], "dvar2": [9.73026089923e-06, 3.15258239425e-06, 1.20391337077e-06, 4.73947949331e-07, 4.43318448617e-08, 2.53207517176e-08, 2.67888236039e-08, 7.0721263512e-08, 2.82263634688e-08, 1.20515665003e-07, 9.67487636672e-08, 7.15506445204e-08, 6.47509210694e-08, 2.84292038799e-08, 4.59296671806e-08, 3.10318859498e-09, 1.44844927163e-08, 5.02176522588e-09, 2.03177386027e-09, 3.00828482125e-08, 1.00246753121e-08, 2.48445211071e-08, 3.73415121047e-09, 2.55271448424e-09, 1.31290422978e-09, 1.29277055727e-09, 4.09282119307e-09, 3.0697846487e-09, 5.23590448775e-10, 7.65498775479e-10, 1.45395709361e-10, 8.74995562117e-11, 8.02958394219e-11, 5.90661686228e-11, 3.25163368453e-11, 5.02602542918e-11, 2.71296561605e-11, 1.12711914454e-11, 1.61735989185e-11, 1.53831045124e-11], "max": [0.0260033346713, 0.0131095387042, 0.00661673163995, 0.00404670601711, 0.0016169793671, 0.00218041334301, 0.00235442607664, 0.00944046862423, 0.00273433793336, 0.00519084790722, 0.0051512173377, 0.00383341894485, 0.0036723446101, 0.00228098244406, 0.00271037919447, 0.00080664397683, 0.00216601486318, 0.00213249516673, 0.000463963573566, 0.00244164746255, 0.00124067487195, 0.00257690460421, 0.00115494092461, 0.000582840817515, 0.00047061094665, 0.000583761488087, 0.000670384441037, 0.000803653791081, 0.000276748934994, 0.000379551958758, 0.000208397672395, 0.000142049466376, 0.000159121002071, 0.000117557960039, 5.20716057508e-05, 4.49631697848e-05, 4.51631312899e-05, 2.41239813477e-05, 4.64747427031e-05, 2.54175865848e-05], "mean": [0.0052583841607, 0.00192453013733, 0.000333134346874, 0.000199083500775, 0.000120416167192, 0.000135040798341, 0.000115003058454, 8.53506353451e-05, 8.0245474237e-05, 6.69674263918e-05, 0.000116692572192, 0.00011745532538, 0.000111510482384, 7.48284146539e-05, 6.33526869933e-05, 2.0670111553e-05, 3.45533626387e-05, 1.98236120923e-05, 1.69680333784e-05, 3.98822485295e-05, 3.75687668566e-05, 5.17574808327e-05, 2.38413103943e-05, 1.93422329176e-05, 1.89941547433e-05, 1.58696147992e-05, 2.11184724321e-05, 1.67276757566e-05, 1.03718402897e-05, 1.20244767459e-05, 7.11832353772e-06, 4.6977902457e-06, 5.73509623791e-06, 4.88514251629e-06, 2.84351381197e-06, 2.76730315818e-06, 2.3653781227e-06, 1.90118180399e-06, 2.34015556089e-06, 1.8221683149e-06], "median": [0.00215662829578, 0.000862914137542, 9.71345143626e-05, 5.14560451848e-05, 4.7822992201e-05, 5.92354444962e-05, 4.22698612965e-05, 2.45217088377e-05, 2.46256950049e-05, 1.94021631614e-05, 2.94957280857e-05, 3.98536903958e-05, 3.67552638636e-05, 2.23494316742e-05, 1.21809425764e-05, 6.01625424679e-06, 7.69795406086e-06, 4.49718618256e-06, 4.75653860121e-06, 7.38253947929e-06, 9.92965215119e-06, 1.09638913273e-05, 7.14590714779e-06, 5.06592232341e-06, 6.34317257209e-06, 4.90623278893e-06, 4.72867304779e-06, 3.49118727172e-06, 2.50949460678e-06, 2.60182855527e-06, 1.90731191196e-06, 1.17531089927e-06, 1.20451204566e-06, 9.90767603071e-07, 6.61662511448e-07, 5.09912069901e-07, 4.17112687501e-07, 3.16188845773e-07, 2.76053071957e-07, 1.61254234854e-07], "min": [5.54425407027e-24, 5.43770578325e-24, 1.68838416486e-23, 1.24830903698e-23, 7.64483367756e-24, 7.37034479242e-24, 1.10566365823e-23, 1.1084972466e-23, 1.57320700171e-23, 2.17889124929e-23, 1.1604726884e-23, 1.02955593581e-23, 8.74263065706e-24, 1.03316560554e-23, 8.5375915083e-24, 2.21010978853e-23, 1.02453381063e-23, 4.84175016278e-24, 5.26237198073e-24, 1.1620549856e-23, 1.24496639667e-23, 1.53399540824e-23, 1.60787207424e-23, 9.87627189838e-24, 7.04118547997e-24, 1.00251638722e-23, 1.14471314078e-23, 1.00691247239e-23, 9.7594763082e-24, 8.39873226746e-24, 9.51455471865e-24, 1.11563202017e-23, 1.07643391622e-23, 1.24072721594e-23, 1.02370282455e-23, 9.97350847128e-24, 1.1626805523e-23, 1.10580833532e-23, 9.10577488617e-24, 1.17884896653e-23], "var": [3.74483461201e-05, 5.20576577401e-06, 4.30070429047e-07, 1.54184718326e-07, 3.23800364299e-08, 4.00093078667e-08, 3.50246054381e-08, 4.33263842581e-08, 2.3432109586e-08, 4.05834157391e-08, 6.73492834835e-08, 4.70269725383e-08, 4.01312689746e-08, 1.79518284682e-08, 2.30375469812e-08, 1.57789947774e-09, 7.77078135172e-09, 2.60383670181e-09, 9.76986047618e-10, 1.26640165021e-08, 5.06964958902e-09, 1.17673337741e-08, 1.76176184752e-09, 1.22431398353e-09, 9.26244803079e-10, 7.66229635296e-10, 1.61411495281e-09, 1.21534804443e-09, 2.94058666306e-10, 4.87768936352e-10, 1.21724116897e-10, 6.21017959279e-11, 7.85192258435e-11, 5.70131303279e-11, 2.03536545257e-11, 2.389253205e-11, 1.66774597604e-11, 9.32346821275e-12, 1.60601306559e-11, 1.06898968844e-11]}, "mfcc": {"mean": [-676.526611328, 107.167480469, -0.79003483057, 29.5173549652, 5.96660757065, 10.9801998138, 13.3622245789, 19.1132335663, 9.32816505432, 3.09887981415, 0.629705369473, 6.27833890915, 8.50263500214], "cov": [[14807.0957031, -3380.65820312, -908.668640137, -151.930862427, -772.919433594, -531.644470215, -376.966278076, -393.009185791, -317.780487061, -476.581878662, -462.331726074, -36.3414001465, -73.160194397], [-3380.65820312, 3011.20703125, -301.911071777, -25.6776714325, 91.5653686523, -48.5681610107, -5.85339164734, 29.4786090851, -54.3038787842, 94.9862289429, -2.30869913101, -76.8287200928, -54.6819152832], [-908.668640137, -301.911071777, 1118.0012207, 159.619659424, 324.755859375, 211.57711792, 147.803604126, 62.933139801, 112.677726746, 79.4500274658, 150.098999023, 31.3905448914, 81.1572265625], [-151.930862427, -25.6776714325, 159.619659424, 338.069458008, 191.698532104, 150.314041138, 83.8414154053, 85.2691574097, 51.7990264893, 50.8039779663, 26.6314983368, 29.8103713989, 25.0483531952], [-772.919433594, 91.5653686523, 324.755859375, 191.698532104, 410.460021973, 268.220458984, 144.728988647, 109.175552368, 85.0018157959, 90.2889709473, 96.2417755127, 14.9126281738, 44.2987480164], [-531.644470215, -48.5681610107, 211.57711792, 150.314041138, 268.220458984, 297.756896973, 131.333908081, 113.997642517, 73.1533432007, 76.2171707153, 76.4252243042, 22.454076767, 30.9676914215], [-376.966278076, -5.85339164734, 147.803604126, 83.8414154053, 144.728988647, 131.333908081, 178.413604736, 95.5083999634, 76.1226882935, 49.9150009155, 42.7200622559, 15.1224803925, 18.3723220825], [-393.009185791, 29.4786090851, 62.933139801, 85.2691574097, 109.175552368, 113.997642517, 95.5083999634, 140.509338379, 78.5976867676, 49.3384361267, 44.5832557678, 11.5160694122, 10.9092321396], [-317.780487061, -54.3038787842, 112.677726746, 51.7990264893, 85.0018157959, 73.1533432007, 76.1226882935, 78.5976867676, 119.195274353, 58.4172477722, 39.1966590881, 13.1498908997, 20.4087524414], [-476.581878662, 94.9862289429, 79.4500274658, 50.8039779663, 90.2889709473, 76.2171707153, 49.9150009155, 49.3384361267, 58.4172477722, 98.4317092896, 62.2971343994, 18.3117237091, 11.5413703918], [-462.331726074, -2.30869913101, 150.098999023, 26.6314983368, 96.2417755127, 76.4252243042, 42.7200622559, 44.5832557678, 39.1966590881, 62.2971343994, 132.389358521, 46.7652854919, 29.1545143127], [-36.3414001465, -76.8287200928, 31.3905448914, 29.8103713989, 14.9126281738, 22.454076767, 15.1224803925, 11.5160694122, 13.1498908997, 18.3117237091, 46.7652854919, 100.67375946, 64.5048522949], [-73.160194397, -54.6819152832, 81.1572265625, 25.0483531952, 44.2987480164, 30.9676914215, 18.3723220825, 10.9092321396, 20.4087524414, 11.5413703918, 29.1545143127, 64.5048522949, 116.938041687]], "icov": [[0.00012235045142, 0.000143328928971, 8.71876691235e-05, -8.67306443979e-05, -1.76876824298e-06, 8.41141300043e-05, -1.02274425444e-05, 9.87243256532e-05, 0.000110529021185, 0.000148629333125, 0.00016671186313, 1.06062270788e-05, -8.94525328476e-06], [0.000143328928971, 0.000582556123845, 0.000235316052567, -9.4227880254e-06, -0.00041602741112, 0.000563800043892, -5.79772458877e-05, -0.000232575141126, 0.000775243330281, -0.000667903863359, 0.000307039241306, 0.000331473071128, -8.88884605956e-05], [8.71876691235e-05, 0.000235316052567, 0.00151689269114, -0.000355265801772, -0.000764663971495, 0.000143550991197, -0.000562177447136, 0.00119985663332, -0.000774639716838, 0.000642577768303, -0.00133476988412, 0.000914139673114, -0.000683723250404], [-8.67306443979e-05, -9.4227880254e-06, -0.000355265801772, 0.00476413965225, -0.00184850010555, -0.000361379905371, 0.000350200047251, -0.00199842895381, 0.000665644474793, -0.00130054703914, 0.00227996590547, -0.00219904724509, 0.000751558400225], [-1.76876824298e-06, -0.00041602741112, -0.000764663971495, -0.00184850010555, 0.00830442458391, -0.00527538638562, -0.00126486667432, 0.00117364816833, -0.000545640126802, -0.000175458830199, -0.00206063757651, 0.00266642472707, -0.00177318172064], [8.41141300043e-05, 0.000563800043892, 0.000143550991197, -0.000361379905371, -0.00527538638562, 0.0104940272868, -0.00168860226404, -0.00353814172558, 0.00222801347263, -0.00209256238304, 0.000184980337508, -0.000460225826828, 0.00013424413919], [-1.02274425444e-05, -5.79772458877e-05, -0.000562177447136, 0.000350200047251, -0.00126486667432, -0.00168860226404, 0.0111984526739, -0.00417403038591, -0.00253995414823, 2.94150577247e-05, 0.00127002561931, -0.00132400717121, 0.000692058878485], [9.87243256532e-05, -0.000232575141126, 0.00119985663332, -0.00199842895381, 0.00117364816833, -0.00353814172558, -0.00417403038591, 0.0173815246671, -0.00779965193942, 0.00219738832675, -0.00315750855953, 0.00119196937885, 0.000349056266714], [0.000110529021185, 0.000775243330281, -0.000774639716838, 0.000665644474793, -0.000545640126802, 0.00222801347263, -0.00253995414823, -0.00779965193942, 0.0189580060542, -0.00856176763773, 0.00225842604414, 0.000771551625803, -0.00188224995509], [0.000148629333125, -0.000667903863359, 0.000642577768303, -0.00130054703914, -0.000175458830199, -0.00209256238304, 2.94150577247e-05, 0.00219738832675, -0.00856176763773, 0.0219848770648, -0.00735190371051, -0.000397353345761, 0.00140084617306], [0.00016671186313, 0.000307039241306, -0.00133476988412, 0.00227996590547, -0.00206063757651, 0.000184980337508, 0.00127002561931, -0.00315750855953, 0.00225842604414, -0.00735190371051, 0.0161592587829, -0.00710568251088, 0.00173481612001], [1.06062270788e-05, 0.000331473071128, 0.000914139673114, -0.00219904724509, 0.00266642472707, -0.000460225826828, -0.00132400717121, 0.00119196937885, 0.000771551625803, -0.000397353345761, -0.00710568251088, 0.0201569180936, -0.0102359093726], [-8.94525328476e-06, -8.88884605956e-05, -0.000683723250404, 0.000751558400225, -0.00177318172064, 0.00013424413919, 0.000692058878485, 0.000349056266714, -0.00188224995509, 0.00140084617306, 0.00173481612001, -0.0102359093726, 0.014716796577]]}, "spectral_contrast_coeffs": {"dmean": [0.0454418696463, 0.0441632121801, 0.0420404523611, 0.0356471762061, 0.0240743812174, 0.0196212697774], "dmean2": [0.0735889300704, 0.0716728493571, 0.0682678818703, 0.0582217760384, 0.0387792438269, 0.0320626907051], "dvar": [0.00154191988986, 0.00143310043495, 0.0012910241494, 0.000998370465823, 0.000422987737693, 0.000412673223764], "dvar2": [0.00373236602172, 0.00351992598735, 0.00320397270843, 0.00252427323721, 0.00101933896076, 0.000954622693826], "max": [-0.369756817818, -0.505805790424, -0.504510104656, -0.447556495667, -0.555632591248, -0.587695121765], "mean": [-0.693369865417, -0.759574592113, -0.775600075722, -0.788626253605, -0.786468923092, -0.7488027215], "median": [-0.702514588833, -0.759246230125, -0.778687477112, -0.796614170074, -0.795864462852, -0.748538732529], "min": [-0.964395105839, -0.980142295361, -0.980803072453, -0.963880777359, -0.96096342802, -0.959370553493], "var": [0.0076365605928, 0.00406243791804, 0.00392933283001, 0.00370903988369, 0.0025521540083, 0.00217969994992]}, "spectral_contrast_valleys": {"dmean": [0.432826071978, 0.4754601717, 0.431131064892, 0.417241930962, 0.380059152842, 0.415401935577], "dmean2": [0.69866669178, 0.759253144264, 0.689118683338, 0.673178374767, 0.587102532387, 0.568631052971], "dvar": [0.181693434715, 0.314577490091, 0.29808819294, 0.341925173998, 0.397863417864, 0.412561684847], "dvar2": [0.3878916502, 0.665834903717, 0.633582532406, 0.744940638542, 0.799349069595, 0.796928226948], "max": [-5.50323390961, -5.11025476456, -4.9783706665, -5.53815937042, -5.2697224617, -7.72623872757], "mean": [-7.62576723099, -7.40756797791, -7.5378575325, -8.10469722748, -7.80482530594, 