{"lowlevel": {"average_loudness": 0.888335227966, "barkbands_crest": {"dmean": 2.39355278015, "dmean2": 3.92599534988, "dvar": 5.56914806366, "dvar2": 14.0768671036, "max": 26.892578125, "mean": 10.7567224503, "median": 9.92380142212, "min": 2.83520746231, "var": 16.1494064331}, "barkbands_flatness_db": {"dmean": 0.0205535013229, "dmean2": 0.0311717595905, "dvar": 0.000407259794883, "dvar2": 0.000873934885021, "max": 0.461084008217, "mean": 0.169882699847, "median": 0.165148094296, "min": 0.0416056737304, "var": 0.00294088129885}, "barkbands_kurtosis": {"dmean": 5.40778160095, "dmean2": 8.59909343719, "dvar": 871.43927002, "dvar2": 2088.90991211, "max": 1689.22753906, "mean": 15.2704639435, "median": 4.62338018417, "min": -1.98944294453, "var": 9435.6171875}, "barkbands_skewness": {"dmean": 0.550893127918, "dmean2": 0.85802257061, "dvar": 0.576494157314, "dvar2": 1.21067273617, "max": 10.8454713821, "mean": 1.5791643858, "median": 1.66271531582, "min": -37.4336891174, "var": 8.82581520081}, "barkbands_spread": {"dmean": 3.32133984566, "dmean2": 5.12783145905, "dvar": 20.8938579559, "dvar2": 49.4398498535, "max": 150.769775391, "mean": 12.5120706558, "median": 10.5416374207, "min": 0.179137721658, "var": 71.2491989136}, "dissonance": {"dmean": 0.026951007545, "dmean2": 0.0453617088497, "dvar": 0.000626232242212, "dvar2": 0.00165699108038, "max": 0.500000059605, "mean": 0.436543405056, "median": 0.444968909025, "min": 0.192876130342, "var": 0.00171568314545}, "dynamic_complexity": 2.79303336143, "erbbands_crest": {"dmean": 2.58369851112, "dmean2": 4.07508993149, "dvar": 5.82389354706, "dvar2": 14.2217159271, "max": 32.8259925842, "mean": 11.4629211426, "median": 10.537106514, "min": 2.75154280663, "var": 22.7170009613}, "erbbands_flatness_db": {"dmean": 0.0194155089557, "dmean2": 0.0285967998207, "dvar": 0.000395648094127, "dvar2": 0.000832602439914, "max": 0.471820056438, "mean": 0.18049941957, "median": 0.179573878646, "min": 0.0474457778037, "var": 0.00214104936458}, "erbbands_kurtosis": {"dmean": 1.52675914764, "dmean2": 2.38907575607, "dvar": 4.664539814, "dvar2": 10.7117910385, "max": 46.9466171265, "mean": 2.61397171021, "median": 1.22093009949, "min": -1.72974693775, "var": 19.3891620636}, "erbbands_skewness": {"dmean": 0.377728074789, "dmean2": 0.588694632053, "dvar": 0.129341393709, "dvar2": 0.302032262087, "max": 5.3204293251, "mean": 0.992717623711, "median": 0.940291404724, "min": -2.16825079918, "var": 0.747338473797}, "erbbands_spread": {"dmean": 7.43679857254, "dmean2": 11.2216596603, "dvar": 101.265419006, "dvar2": 215.858917236, "max": 157.218200684, "mean": 27.4037246704, "median": 23.3721580505, "min": 1.55064678192, "var": 296.595794678}, "hfc": {"dmean": 5.49748706818, "dmean2": 8.37117958069, "dvar": 80.7865905762, "dvar2": 200.725204468, "max": 130.32913208, "mean": 18.0439548492, "median": 15.1663179398, "min": 1.19818871969e-16, "var": 197.169906616}, "melbands_crest": {"dmean": 3.07025909424, "dmean2": 5.02602291107, "dvar": 10.1413612366, "dvar2": 24.9319324493, "max": 34.3399467468, "mean": 13.562994957, "median": 12.5273714066, "min": 1.7708234787, "var": 26.3082752228}, "melbands_flatness_db": {"dmean": 0.0247336886823, "dmean2": 0.0364618487656, "dvar": 0.000636296812445, "dvar2": 0.00128501385916, "max": 0.563774168491, "mean": 0.252647727728, "median": 0.250604093075, "min": 0.00366928521544, "var": 0.00477184634656}, "melbands_kurtosis": {"dmean": 5.4986243248, "dmean2": 8.86670589447, "dvar": 92.4205780029, "dvar2": 236.746505737, "max": 307.202209473, "mean": 10.6642246246, "median": 6.74617433548, "min": -1.62785768509, "var": 166.363204956}, "melbands_skewness": {"dmean": 0.639428317547, "dmean2": 0.987345695496, "dvar": 0.543821454048, "dvar2": 1.26440191269, "max": 12.7181272507, "mean": 2.11259531975, "median": 1.88020896912, "min": -1.64694344997, "var": 1.69970083237}, "melbands_spread": {"dmean": 3.37935066223, "dmean2": 5.32375335693, "dvar": 19.2233123779, "dvar2": 47.7304649353, "max": 162.270736694, "mean": 14.3262290955, "median": 11.4771938324, "min": 0.743411064148, "var": 167.083953857}, "pitch_salience": {"dmean": 0.0644685998559, "dmean2": 0.103715740144, "dvar": 0.00369079504162, "dvar2": 0.00902996212244, "max": 0.867127835751, "mean": 0.547939360142, "median": 0.549521744251, "min": 0.122852176428, "var": 0.0127526540309}, "silence_rate_20dB": {"dmean": 0, "dmean2": 0, "dvar": 0, "dvar2": 0, "max": 1, "mean": 1, "median": 1, "min": 1, "var": 0}, "silence_rate_30dB": {"dmean": 0.0348772108555, "dmean2": 0.0697600021958, "dvar": 0.0336626209319, "dvar2": 0.0776972621679, "max": 1, "mean": 0.969204902649, "median": 1, "min": 0, "var": 0.0298455301672}, "silence_rate_60dB": {"dmean": 0.00287976954132, "dmean2": 0.00576000008732, "dvar": 0.002871155506, "dvar2": 0.0071666399017, "max": 1, "mean": 0.0213565826416, "median": 0, "min": 0, "var": 0.0209016408771}, "spectral_centroid": {"dmean": 139.660751343, "dmean2": 216.303222656, "dvar": 36001.4296875, "dvar2": 76583.8203125, "max": 11017.8339844, "mean": 825.269470215, "median": 710.049682617, "min": 171.259887695, "var": 247400.515625}, "spectral_complexity": {"dmean": 2.52939772606, "dmean2": 4.03520011902, "dvar": 11.4232301712, "dvar2": 24.6987724304, "max": 53, "mean": 14.8753004074, "median": 14, "min": 0, "var": 36.8241195679}, "spectral_decrease": {"dmean": 3.06226999314e-09, "dmean2": 4.77470241123e-09, "dvar": 3.94589372036e-17, "dvar2": 8.94925712104e-17, "max": 2.64582705415e-15, "mean": -8.96261553862e-09, "median": -7.16445569537e-09, "min": -8.3013723895e-08, "var": 6.26672693815e-17}, "spectral_energy": {"dmean": 0.0119644226506, "dmean2": 0.0186307094991, "dvar": 0.000577652244829, "dvar2": 0.00131241977215, "max": 0.316236257553, "mean": 0.0354634746909, "median": 0.0286470502615, "min": 1.13039230948e-20, "var": 0.000937187462114}, "spectral_energyband_high": {"dmean": 0.000347283872543, "dmean2": 0.00053511740407, "dvar": 7.89348518992e-07, "dvar2": 1.95652387447e-06, "max": 0.012667982839, "mean": 0.000454496912425, "median": 0.000124497397337, "min": 8.38661944079e-21, "var": 9.61527689469e-07}, "spectral_energyband_low": {"dmean": 0.0071416804567, "dmean2": 0.011067465879, "dvar": 0.000543259666301, "dvar2": 0.00122135761194, "max": 0.287518620491, "mean": 0.0116623500362, "median": 0.00292808655649, "min": 4.5419149401e-23, "var": 0.000646818603855}, "spectral_energyband_middle_high": {"dmean": 0.00144806818571, "dmean2": 0.00220306753181, "dvar": 6.93833271725e-06, "dvar2": 1.58987768373e-05, "max": 0.0560177974403, "mean": 0.00411335611716, "median": 0.0022349669598, "min": 1.47119595231e-21, "var": 2.7508551284e-05}, "spectral_energyband_middle_low": {"dmean": 0.00574388261884, "dmean2": 0.00934161338955, "dvar": 6.58849239699e-05, "dvar2": 0.000176600326085, "max": 0.130122095346, "mean": 0.0201097410172, "median": 0.0176819507033, "min": 4.4578451499e-22, "var": 0.000173259351868}, "spectral_entropy": {"dmean": 0.212356835604, "dmean2": 0.309399098158, "dvar": 0.0507263876498, "dvar2": 0.102940008044, "max": 9.80084037781, "mean": 7.03376913071, "median": 7.02710533142, "min": 4.50118970871, "var": 0.298847049475}, "spectral_flux": {"dmean": 0.0273656211793, "dmean2": 0.0435582622886, "dvar": 0.00171856081579, "dvar2": 0.00392428040504, "max": 0.502381086349, "mean": 0.077474668622, "median": 0.064208894968, "min": 1.06319911208e-10, "var": 0.00315898889676}, "spectral_kurtosis": {"dmean": 3.04645586014, "dmean2": 4.80318641663, "dvar": 22.3690299988, "dvar2": 59.4387664795, "max": 190.183258057, "mean": 9.99147605896, "median": 7.87851715088, "min": -1.21851873398, "var": 119.461868286}, "spectral_rms": {"dmean": 0.000839040614665, "dmean2": 0.00129025615752, "dvar": 1.55058694418e-06, "dvar2": 3.35534127771e-06, "max": 0.0175648275763, "mean": 0.00546174030751, "median": 0.00528661906719, "min": 3.32087612617e-12, "var": 4.76765035273e-06}, "spectral_rolloff": {"dmean": 202.249298096, "dmean2": 354.218719482, "dvar": 241034.78125, "dvar2": 581984.3125, "max": 19896.6796875, "mean": 970.067504883, "median": 667.529296875, "min": 64.599609375, "var": 2994858}, "spectral_skewness": {"dmean": 0.361815363169, "dmean2": 0.531947433949, "dvar": 0.165074825287, "dvar2": 0.363908469677, "max": 10.908618927, "mean": 2.41318774223, "median": 2.27484154701, "min": 0.00939433649182, "var": 1.01375496387}, "spectral_spread": {"dmean": 668064.8125, "dmean2": 1032216.875, "dvar": 822132015104, "dvar2": 1950015684610.0, "max": 40723268, "mean": 4459828.5, "median": 4056643.5, "min": 471911.59375, "var": 5194182557700.0}, "spectral_strongpeak": {"dmean": 0.626978218555, "dmean2": 1.07977735996, "dvar": 1.1126537323, "dvar2": 2.89861965179, "max": 14.4467582703, "mean": 1.26061701775, "median": 0.821853637695, "min": 1.48246040443e-10, "var": 1.68597853184}, "zerocrossingrate": {"dmean": 0.00688429316506, "dmean2": 0.00831722654402, "dvar": 0.000112470610475, "dvar2": 0.000132085158839, "max": 0.849609375, "mean": 0.0461858138442, "median": 0.0361328125, "min": 0.00439453125, "var": 0.00497237313539}, "barkbands": {"dmean": [0.000475889217341, 0.00561070023105, 0.00147849333007, 0.000945136125665, 0.00299474364147, 0.00166555528995, 0.00130914791953, 0.000999466981739, 0.00103789940476, 0.000396058050683, 0.000380341720302, 0.000352710339939, 0.000256171799265, 0.000188751117093, 0.000263778842054, 0.000168849830516, 0.00012324443378, 8.21580688353e-05, 8.3302911662e-05, 9.12663890631e-05, 0.000113493450044, 8.01185669843e-05, 2.84094585368e-05, 4.05241225963e-05, 3.82046673622e-05, 2.50229531957e-05, 1.96036830857e-06], "dmean2": [0.000727690581698, 0.00868474971503, 0.0025887992233, 0.00165278231725, 0.00513947708532, 0.00280835968442, 0.00192818767391, 0.00148919632193, 0.00152629287913, 0.000573979632463, 0.000587347836699, 0.000539348926395, 0.000403294019634, 0.000292750220979, 0.000425868900493, 0.000266101589659, 0.000195609143702, 0.000128891901113, 0.000132588829729, 0.000147520142491, 0.000178529458935, 0.000125274280435, 4.50682964583e-05, 6.60392979626e-05, 6.36604745523e-05, 4.00195931434e-05, 3.27988027493e-06], "dvar": [2.90069669973e-06, 0.000424888421549, 1.49140551002e-05, 6.00961584496e-06, 3.18768143188e-05, 5.95067513132e-06, 5.68451696381e-06, 2.81607844954e-06, 6.36816776023e-06, 1.74463662006e-06, 2.14935175791e-06, 1.75473394393e-06, 9.03360046323e-07, 3.63786682556e-07, 7.39782706205e-07, 1.82339690014e-07, 1.47707552856e-07, 3.07850136494e-08, 3.28431042362e-08, 8.29734574381e-08, 1.31025203132e-07, 5.62805304583e-08, 5.81942494193e-09, 1.03666151219e-08, 1.06074589112e-08, 6.30792706957e-09, 5.09227104928e-11], "dvar2": [6.59552097204e-06, 0.00097395881312, 4.25090584031e-05, 1.62934247783e-05, 9.28769950406e-05, 1.70586063177e-05, 1.25547503558e-05, 5.86823944104e-06, 1.2710491319e-05, 3.12343399855e-06, 4.93874540552e-06, 3.82706912205e-06, 2.02898877433e-06, 8.80990228325e-07, 1.8236539745e-06, 4.29362586374e-07, 3.35964472242e-07, 7.17642265613e-08, 8.11153455516e-08, 2.20539178031e-07, 3.3748708006e-07, 1.39988443948e-07, 1.37166402681e-08, 2.63768171749e-08, 2.87900796536e-08, 1.57282222801e-08, 1.29224367318e-10], "max": [0.0245234910399, 0.255110651255, 0.0583019405603, 0.0651915371418, 0.101458363235, 0.0476029440761, 0.0719825103879, 0.0297406297177, 0.0731923952699, 0.054344765842, 0.0504654124379, 0.0421299673617, 0.0295206513256, 0.0212930906564, 0.0406865514815, 0.017834097147, 0.0122107490897, 0.00606898264959, 0.00320449145511, 0.00502050528303, 0.00685562565923, 0.00593907712027, 0.00465898169205, 0.00219092727639, 0.00218881899491, 0.00170472706668, 0.000129495369038], "mean": [0.000510236946866, 0.00767568591982, 0.00274548027664, 0.00130453426391, 0.00557457003742, 0.00425907829776, 0.00389192276634, 0.00226251687855, 0.00247903657146, 0.000944930885453, 0.0007088171551, 0.000608685368206, 0.000440968637122, 0.000314231525408, 0.000443281285698, 0.000288039358566, 0.000212246639421, 0.000148736784467, 0.000139605632285, 0.00011897078366, 0.000133269568323, 9.07967914827e-05, 3.54536095983e-05, 4.89381927764e-05, 4.75502747577e-05, 3.37912788382e-05, 2.28878252528e-06], "median": [2.55623890553e-05, 0.00109421089292, 0.000883157132193, 0.000438105023932, 0.0034024012275, 0.00261799944565, 0.00196590879932, 0.000987906125374, 0.000742765958421, 0.000255224702414, 0.000113367874292, 0.000144138059113, 9.96260641841e-05, 6.36652912362e-05, 8.63677196321e-05, 8.58847342897e-05, 5.37336818525e-05, 5.72142234887e-05, 5.44295435247e-05, 3.28060777974e-05, 2.50100056292e-05, 1.37879833346e-05, 8.0380395957e-06, 1.05715917016e-05, 1.42036606121e-05, 1.21265165944e-05, 9.89214413494e-07], "min": [5.16772839363e-24, 1.51067242003e-23, 1.87764467557e-23, 2.75907414817e-23, 8.11222271985e-23, 4.72862632568e-23, 1.99227326485e-22, 1.40471782972e-23, 4.62823557133e-23, 1.15401704518e-22, 1.84120892585e-22, 1.26464702475e-22, 4.63684141272e-23, 8.1059850389e-23, 1.53140267488e-22, 1.51264861126e-22, 1.07695947113e-22, 2.06506796078e-22, 1.84103537645e-22, 3.03735934753e-22, 5.20537176318e-22, 7.31829972575e-22, 8.5621321822e-22, 1.01655670716e-21, 1.43824857707e-21, 1.58486957182e-21, 2.2397276217e-21], "var": [3.39888424605e-06, 0.000460753712105, 2.0319070245e-05, 8.64098910824e-06, 5.01777794852e-05, 2.19072844629e-05, 2.80863041553e-05, 1.03573665911e-05, 2.71813023573e-05, 7.94748848421e-06, 5.82720849707e-06, 3.78001800527e-06, 1.95143957171e-06, 7.88389286299e-07, 1.5088918417e-06, 4.18092099608e-07, 3.67142604318e-07, 8.89389468739e-08, 6.1771210369e-08, 8.43000762529e-08, 1.31323332653e-07, 6.52838139104e-08, 9.8771968382e-09, 1.28258195176e-08, 1.0261405059e-08, 6.87109613651e-09, 4.27734722641e-11]}, "erbbands": {"dmean": [0.236076638103, 1.06439185143, 1.7663872242, 2.38206982613, 5.50489521027, 12.6024017334, 14.0018014908, 13.6460132599, 13.860209465, 25.6033039093, 19.6378231049, 20.7273654938, 18.4274177551, 13.240776062, 14.6170473099, 12.1338644028, 11.028886795, 10.1849002838, 11.1249065399, 12.1985549927, 9.44979286194, 5.30001211166, 4.93696403503, 4.366792202, 3.96018528938, 3.90094327927, 4.58903551102, 4.36185932159, 3.01673984528, 1.45620977879, 0.782418787479, 0.747129738331, 0.747364878654, 0.432089716196, 0.270933926105, 0.133149817586, 0.0450882725418, 0.00592707330361, 0.000357143522706, 2.35150218941e-05], "dmean2": [0.373158603907, 1.74535751343, 3.12034344673, 4.15458631516, 9.59101867676, 21.5682220459, 22.860162735, 23.4939155579, 21.8563404083, 37.8252639771, 28.9690170288, 30.2781066895, 26.6454753876, 20.0528316498, 22.5722503662, 18.5476379395, 16.9602146149, 15.8270511627, 17.5657711029, 19.4088420868, 14.9338998795, 8.34374141693, 7.7183470726, 6.93564271927, 6.47524642944, 6.17814254761, 7.27671384811, 7.01070261002, 4.71846532822, 2.29046225548, 1.23607826233, 1.18677186966, 1.25465750694, 0.726682186127, 0.456156373024, 0.216119885445, 0.0722214207053, 0.00979937706143, 0.000595319725107, 3.71340611309e-05], "dvar": [0.796413064003, 16.001083374, 26.9569454193, 33.0439033508, 160.51789856, 637.390991211, 502.387634277, 482.239227295, 616.762878418, 2286.31958008, 1279.13623047, 2758.02905273, 2693.95556641, 1653.36962891, 2457.2878418, 1947.48937988, 2088.87963867, 1390.61303711, 2124.20678711, 1086.06396484, 659.156677246, 196.695678711, 156.246520996, 82.9404373169, 166.799758911, 115.449127197, 192.086669922, 193.431167603, 86.0880203247, 23.3398761749, 3.61281108856, 3.96852231026, 3.69635081291, 1.09491038322, 0.587957561016, 0.155927225947, 0.030976716429, 0.000393776281271, 2.03498348128e-06, 3.06833047858e-09], "dvar2": [1.74092292786, 42.0558166504, 77.42137146, 90.3262634277, 464.231719971, 1852.76318359, 1300.29248047, 1424.44787598, 1494.39685059, 4889.21728516, 2640.49194336, 5272.234375, 4955.27539062, 3723.23266602, 5676.91015625, 4353.59619141, 4401.15527344, 3546.06616211, 5120.30126953, 2692.1887207, 1605.39794922, 456.769866943, 359.794494629, 200.605682373, 451.620452881, 290.242248535, 489.380310059, 502.290435791, 216.197906494, 55.5155715942, 8.8605928421, 9.39450550079, 9.93322086334, 2.93689274788, 1.60800921917, 0.394669264555, 0.0793533921242, 0.00100933818612, 5.23360495208e-06, 7.60529328403e-09], "max": [10.0190353394, 54.1351852417, 81.3533401489, 115.864891052, 213.565109253, 515.403320312, 426.359069824, 415.076049805, 636.173828125, 1647.08679199, 757.72442627, 1883.24658203, 1607.00500488, 928.968322754, 1717.83093262, 1435.36193848, 1559.93530273, 1349.47229004, 2399.80322266, 674.532775879, 1217.5534668, 488.545501709, 419.099090576, 193.47756958, 231.456710815, 258.26260376, 237.734832764, 281.357666016, 248.373931885, 241.889511108, 29.8352050781, 66.4057846069, 27.7407989502, 15.1680374146, 17.2367839813, 8.77589988708, 4.17270708084, 0.422460347414, 0.0285110641271, 0.000940143479966], "mean": [0.27879858017, 1.47954154015, 3.21704864502, 4.08625841141, 7.90347242355, 22.2607631683, 33.0186233521, 33.2939796448, 38.8696365356, 74.4030685425, 46.8390769958, 50.1093788147, 49.1348419189, 28.1814479828, 28.1837787628, 23.0776901245, 20.4451007843, 18.4120559692, 19.4524459839, 21.5285835266, 16.8301563263, 10.1168289185, 9.57665538788, 8.21352863312, 5.85012102127, 5.42676925659, 5.60501861572, 4.89821481705, 3.36305809021, 1.83347070217, 0.994490802288, 0.965963721275, 0.835864722729, 0.517453193665, 0.337983578444, 0.179093241692, 0.0595998577774, 0.00695144105703, 0.00042581721209, 5.40319997526e-05], "median": [0.0234266221523, 0.260815560818, 0.951645612717, 1.56042265892, 3.98631191254, 12.0342330933, 19.1188011169, 19.0520019531, 23.654920578, 35.9641151428, 21.7705802917, 16.8445682526, 17.2168045044, 7.0391254425, 6.70331192017, 7.12943840027, 5.42616558075, 4.04782247543, 5.33410406113, 5.67488145828, 5.43015575409, 3.70887804031, 3.68521404266, 3.47344398499, 2.26844930649, 1.63597154617, 1.22922337055, 0.721305251122, 0.549221813679, 0.284198760986, 0.247539669275, 0.200691044331, 0.181303247809, 0.147546961904, 0.109346017241, 0.0632171630859, 0.0203974749893, 0.00259431125596, 0.000183712312719, 4.08654450439e-05], "min": [3.56319282237e-22, 4.00871798513e-21, 2.32783956294e-20, 4.70371505502e-20, 1.19256063553e-19, 3.72203952839e-19, 4.43021289074e-19, 3.61199219518e-19, 1.937120303e-18, 2.18549865271e-18, 6.16470827166e-19, 9.44993982645e-19, 2.49482801266e-18, 5.28499383199e-18, 6.82430209211e-18, 5.27381779474e-18, 2.46272368552e-18, 4.36194836312e-18, 7.38559790447e-18, 6.57931063341e-18, 9.04400486995e-18, 6.47862993157e-18, 1.05693722416e-17, 1.10611832282e-17, 8.96948499574e-18, 1.3701569386e-17, 1.89015799226e-17, 2.29206106367e-17, 1.82092032802e-17, 3.42131397385e-17, 2.55980387695e-17, 2.35733239688e-17, 1.55383942465e-17, 1.81588114372e-17, 9.11695640971e-18, 5.3956813513e-18, 3.21597813275e-18, 1.16734623176e-18, 3.48188935103e-19, 3.16875508952e-20], "var": [0.879714727402, 14.3919410706, 31.6464157104, 52.4430809021, 158.655029297, 1088.03491211, 1543.0949707, 1572.1340332, 2324.37231445, 12452.2646484, 4679.15527344, 11002.5556641, 11968.5849609, 5135.10009766, 6752.75292969, 4501.93017578, 4634.80273438, 3021.60571289, 4325.83447266, 2316.39794922, 1511.78466797, 521.577941895, 450.432617188, 199.093780518, 155.431533813, 151.597808838, 202.283447266, 191.808410645, 88.5381317139, 51.8465538025, 4.67680692673, 6.16777706146, 3.63962578773, 1.1055419445, 0.54540091753, 0.169463336468, 0.0307224038988, 0.000349699170329, 1.66785139299e-06, 3.44704509381e-09]}, "gfcc": {"mean": [-13.0757408142, 110.22416687, -93.5550994873, 6.82545614243, -61.3200798035, -1.29880285263, -42.188419342, 12.5608787537, -24.6319408417, 8.05002117157, -17.2007255554, 1.69977235794, -10.0554447174], "cov": [[11530.5556641, 293.358001709, -883.721069336, 867.415161133, -498.743499756, 305.980987549, -410.032318115, 307.202636719, -310.441650391, 357.6534729, -348.499511719, 111.340110779, -104.506332397], [293.358001709, 1338.87939453, -41.8812561035, -243.318450928, 163.026702881, -97.1626358032, 25.7442779541, 33.8291053772, 69.5878448486, -66.0151824951, 76.2891159058, -11.9265918732, 76.6501617432], [-883.721069336, -41.8812561035, 822.704589844, -149.511810303, -5.67980623245, 165.090209961, 34.2151908875, 98.5081329346, -33.184627533, -9.60437583923, -0.273431479931, 18.3359622955, -66.7675933838], [867.415161133, -243.318450928, -149.511810303, 505.927886963, -59.9042892456, 34.7478218079, 77.0583114624, -20.1205158234, 37.7059898376, 23.4826793671, -28.7691707611, -20.7877826691, 24.4952220917], [-498.743499756, 163.026702881, -5.67980623245, -59.9042892456, 349.940612793, 49.5138130188, 89.805229187, 90.7378082275, 109.641410828, 47.6006317139, 42.5250282288, -1.87365245819, 16.713010788], [305.980987549, -97.1626358032, 165.090209961, 34.7478218079, 49.5138130188, 248.80519104, 78.3680038452, 52.7603225708, -1.03164803982, 34.5938339233, -1.19394695759, 10.1965332031, -27.4867515564], [-410.032318115, 25.7442779541, 34.2151908875, 77.0583114624, 89.805229187, 78.3680038452, 194.183166504, 44.1861457825, 60.0706558228, -4.7351565361, 33.6588363647, -3.03974461555, 28.133934021], [307.202636719, 33.8291053772, 98.5081329346, -20.1205158234, 90.7378082275, 52.7603225708, 44.1861457825, 198.00227356, 69.4034118652, 53.4554290771, -14.5717153549, 13.7441158295, -12.9381637573], [-310.441650391, 69.5878448486, -33.184627533, 37.7059898376, 109.641410828, -1.03164803982, 60.0706558228, 69.4034118652, 177.009246826, 49.1470222473, 22.797750473, -19.853717804, 23.539106369], [357.6534729, -66.0151824951, -9.60437583923, 23.4826793671, 47.6006317139, 34.5938339233, -4.7351565361, 53.4554290771, 49.1470222473, 140.376647949, 25.9721603394, -2.97498822212, -30.6034088135], [-348.499511719, 76.2891159058, -0.273431479931, -28.7691707611, 42.5250282288, -1.19394695759, 33.6588363647, -14.5717153549, 22.797750473, 25.9721603394, 107.073776245, 27.4038848877, 6.9812746048], [111.340110779, -11.9265918732, 18.3359622955, -20.7877826691, -1.87365245819, 10.1965332031, -3.03974461555, 13.7441158295, -19.853717804, -2.97498822212, 27.4038848877, 77.6829452515, 30.8336639404], [-104.506332397, 76.6501617432, -66.7675933838, 24.4952220917, 16.713010788, -27.4867515564, 28.133934021, -12.9381637573, 23.539106369, -30.6034088135, 6.9812746048, 30.8336639404, 97.9517059326]], "icov": [[0.000541218614671, -0.000744774704799, 0.000804772949778, -0.00112904247362, 0.000723609118722, -0.00123360345606, 0.001192086027, -0.00126323313452, 0.0012524247868, -0.0015428471379, 0.00158676481806, -0.00145988399163, 0.000575711601414], [-0.000744774704799, 0.00206363853067, -0.00105292338412, 0.00197160150856, -0.00126272626221, 0.00184534874279, -0.00140593165997, 0.00118775176816, -0.00169761432335, 0.00280991429463, -0.00325285410509, 0.00315949716605, -0.00180309347343], [0.000804772949778, -0.00105292338412, 0.00291517726146, -0.00113833509386, 0.00146525946911, -0.0028812517412, 0.00161827681586, -0.00271351845004, 0.0018874341622, -0.00156830286141, 0.00204211496748, -0.00233046198264, 0.00171705393586], [-0.00112904247362, 0.00197160150856, -0.00113833509386, 0.00525795016438, -0.000635293719824, 0.00219986517914, -0.00400701770559, 0.00304655171931, -0.00324407918379, 0.00245290389284, -0.00238510896452, 0.00347138452344, -0.00193599367049], [0.000723609118722, -0.00126272626221, 0.00146525946911, -0.000635293719824, 0.00550367683172, -0.00240160175599, 0.000322351785144, -0.00270339194685, 3.86919891753e-05, -0.00268879462965, 0.00142355030403, -0.00156017078552, 0.000395427021431], [-0.00123360345606, 0.00184534874279, -0.0028812517412, 0.00219986517914, -0.00240160175599, 0.00918013509363, -0.00562351383269, 0.00311630219221, -0.00179610110354, 0.00172291311901, -0.00192096736282, 0.00141129887197, 0.000400970428018], [0.001192086027, -0.00140593165997, 0.00161827681586, -0.00400701770559, 0.000322351785144, -0.00562351383269, 0.0123798791319, -0.00512770144269, 0.0018850909546, -9.08252186491e-05, -0.00134673248976, 0.00047602399718, -0.00192420580424], [-0.00126323313452, 0.00118775176816, -0.00271351845004, 0.00304655171931, -0.00270339194685, 0.00311630219221, -0.00512770144269, 0.0125130554661, -0.00621168361977, 0.000445158744697, 0.00199725641869, -0.00244186143391, 0.0018307788996], [0.0012524247868, -0.00169761432335, 0.0018874341622, -0.00324407918379, 3.86919891753e-05, -0.00179610110354, 0.0018850909546, -0.00621168361977, 0.0134308720008, -0.00598086370155, 0.00122293760069, 0.00196855282411, -0.00291313696653], [-0.0015428471379, 0.00280991429463, -0.00156830286141, 0.00245290389284, -0.00268879462965, 0.00172291311901, -9.08252186491e-05, 0.000445158744697, -0.00598086370155, 0.0163254421204, -0.00929214805365, 0.00525556132197, 0.0010455888696], [0.00158676481806, -0.00325285410509, 0.00204211496748, -0.00238510896452, 0.00142355030403, -0.00192096736282, -0.00134673248976, 0.00199725641869, 0.00122293760069, -0.00929214805365, 0.0214739907533, -0.0139134535566, 0.00574768008664], [-0.00145988399163, 0.00315949716605, -0.00233046198264, 0.00347138452344, -0.00156017078552, 0.00141129887197, 0.00047602399718, -0.00244186143391, 0.00196855282411, 0.00525556132197, -0.0139134535566, 0.0278909616172, -0.0129026845098], [0.000575711601414, -0.00180309347343, 0.00171705393586, -0.00193599367049, 0.000395427021431, 0.000400970428018, -0.00192420580424, 0.0018307788996, -0.00291313696653, 0.0010455888696, 0.00574768008664, -0.0129026845098, 0.0194070767611]]}, "melbands": {"dmean": [0.00174864882138, 0.00104944233317, 0.000468269048724, 0.000651450478472, 0.000500879192259, 0.00030446756864, 0.000227879878366, 0.000267470808467, 0.000154845925863, 0.000137825205456, 9.44996572798e-05, 5.47560666746e-05, 5.29463177372e-05, 4.6343968279e-05, 2.3008469725e-05, 2.55731883954e-05, 1.79295875569e-05, 1.75844925252e-05, 1.73546377482e-05, 1.37988772622e-05, 1.16630035336e-05, 5.78225126446e-06, 5.93187996856e-06, 4.23821484219e-06, 3.76690422854e-06, 3.16145747092e-06, 3.17009266837e-06, 2.60882688963e-06, 2.94638994092e-06, 2.68425469585e-06, 2.56272915067e-06, 1.81359325779e-06, 1.32292427679e-06, 6.11447035226e-07, 4.40750909547e-07, 4.94324979172e-07, 4.4604448135e-07, 5.2568935871e-07, 4.65651197601e-07, 3.4719093378e-07], "dmean2": [0.00271591800265, 0.00181465852074, 0.000817780965008, 0.00112914969213, 0.000826897972729, 0.000522508926224, 0.000354731688276, 0.000396071234718, 0.000227633747272, 0.000202999377507, 0.000136987044243, 8.25309107313e-05, 8.21825960884e-05, 7.04033955117e-05, 3.55883275915e-05, 4.01084180339e-05, 2.78765583062e-05, 2.76459686575e-05, 2.79426149064e-05, 2.16032367462e-05, 1.84861401067e-05, 9.17635952646e-06, 9.32206967263e-06, 6.7508799475e-06, 5.97332200414e-06, 5.1394554248e-06, 5.25025188836e-06, 4.11965493186e-06, 4.69293081551e-06, 4.30124555351e-06, 4.16315424445e-06, 2.84580460175e-06, 2.09572817766e-06, 9.79305013971e-07, 6.95337348589e-07, 8.12066730305e-07, 7.01773160472e-07, 8.84262021827e-07, 7.86869236435e-07, 5.87087924941e-07], "dvar": [4.24602440035e-05, 1.20638542285e-05, 1.23489769521e-06, 1.99647365662e-06, 5.73660543068e-07, 2.2318658921e-07, 1.54591518253e-07, 2.17571638927e-07, 8.67859526466e-08, 1.11088496624e-07, 7.18535488886e-08, 2.9790605538e-08, 4.17123970919e-08, 3.34837082505e-08, 6.42370556747e-09, 7.76234543309e-09, 4.26347357418e-09, 4.83844431187e-09, 2.21807816558e-09, 1.24669174983e-09, 1.11970543948e-09, 2.702524593e-10, 5.5214688377e-10, 7.533522417e-11, 6.93215276848e-11, 5.74696505662e-11, 1.49127515892e-10, 4.74894602809e-11, 7.67760577336e-11, 9.18076448198e-11, 6.80823938892e-11, 3.08582742692e-11, 1.79022161678e-11, 4.98429335999e-12, 1.16732220678e-12, 1.93354425353e-12, 1.90169234526e-12, 1.78015295647e-12, 1.48597952519e-12, 6.76952309313e-13], "dvar2": [9.32333932724e-05, 3.37540041073e-05, 3.42161411027e-06, 5.9404815147e-06, 1.52657855779e-06, 6.57833879814e-07, 3.69692656932e-07, 4.68161715617e-07, 1.78240085802e-07, 2.19235474219e-07, 1.31852729623e-07, 6.44161204377e-08, 9.61196349181e-08, 7.07715130943e-08, 1.49515173575e-08, 1.80697927732e-08, 1.07198161459e-08, 1.15632374786e-08, 5.54477841419e-09, 2.87993118242e-09, 2.68320432539e-09, 5.9619104098e-10, 1.3038766733e-09, 1.82567613805e-10, 1.65710958844e-10, 1.49282558537e-10, 4.13535095056e-10, 1.16126774863e-10, 1.96860680535e-10, 2.46377862556e-10, 1.76213779679e-10, 7.76975983552e-11, 4.59038987377e-11, 1.1443989853e-11, 2.93771018796e-12, 5.041691023e-12, 4.25882332872e-12, 4.78648197466e-12, 4.013903359e-12, 1.82217327165e-12], "max": [0.0789896324277, 0.0561890974641, 0.0214219465852, 0.0273138917983, 0.012500972487, 0.00856716837734, 0.0122071085498, 0.0160715393722, 0.00799292419106, 0.0100547345355, 0.00780926458538, 0.00427003670484, 0.00789329316467, 0.0054759751074, 0.00241173198447, 0.00216067046858, 0.00228608376347, 0.00341538828798, 0.00177839153912, 0.000632075942121, 0.00142245797906, 0.000488194462378, 0.000962944119237, 0.000221807043999, 0.000186384771951, 0.000111771652882, 0.000226605930948, 0.000243421891355, 0.00014441528765, 0.00022876613366, 0.000198147929041, 0.00013031650451, 0.000141149153933, 0.000147981845657, 2.05185024242e-05, 2.44551683863e-05, 6.50475703878e-05, 1.83857755474e-05, 1.82504099939e-05, 1.2328635421e-05], "mean": [0.00226177717559, 0.00179947819561, 0.000769283098634, 0.00106927775778, 0.00114369776566, 0.000756393419579, 0.000660029356368, 0.000758169800974, 0.000357165234163, 0.000328998692567, 0.000243802322075, 0.000111753673991, 9.95475784293e-05, 7.87785538705e-05, 4.40955045633e-05, 4.47097118013e-05, 3.09912720695e-05, 2.90563111776e-05, 2.93483062705e-05, 2.34658127738e-05, 1.93664145627e-05, 1.00618153738e-05, 1.01038140201e-05, 7.57080306357e-06, 6.56961037748e-06, 4.97162318425e-06, 3.75527770302e-06, 3.54770440936e-06, 3.58781721843e-06, 3.04180821331e-06, 2.80433778244e-06, 1.97490771825e-06, 1.49664640503e-06, 7.89049011019e-07, 5.46581020444e-07, 5.64585945995e-07, 6.01342378559e-07, 5.9386633211e-07, 4.91610023801e-07, 4.28342644909e-07], "median": [0.000259500811808, 0.000495881249662, 0.000344876927556, 0.000541067973245, 0.000727055943571, 0.000451055122539, 0.000403706857469, 0.00037566566607, 0.000139612384373, 0.000101634774182, 7.87472818047e-05, 2.18894529098e-05, 1.96888540813e-05, 1.60748786584e-05, 1.29922782435e-05, 8.36793060444e-06, 5.6381882132e-06, 6.44741840006e-06, 6.22766174274e-06, 5.72832777834e-06, 4.5697315727e-06, 2.87122361442e-06, 2.66571578322e-06, 2.7625023904e-06, 2.42731152866e-06, 1.8914206521e-06, 1.08469203042e-06, 9.23953621168e-07, 7.60592513416e-07, 4.85815348839e-07, 3.51075726712e-07, 3.01949000914e-07, 2.11278688766e-07, 1.21700196587e-07, 1.43288360732e-07, 1.12764240612e-07, 1.25484945102e-07, 1.33295003479e-07, 9.51875875899e-08, 1.32127709662e-07], "min": [3.95096211771e-24, 9.4236329773e-24, 1.15823334895e-23, 1.4977565582e-23, 1.71812564094e-23, 7.48818798989e-24, 3.62135212903e-23, 1.97412015547e-23, 5.39405140405e-24, 5.8961960801e-24, 1.27473887498e-23, 2.04337835641e-23, 2.67576286351e-23, 1.43008317881e-23, 7.62636723263e-24, 6.21762455568e-24, 7.60429805994e-24, 1.14549955622e-23, 8.77705891355e-24, 1.06464304893e-23, 9.7768052157e-24, 7.30986124909e-24, 5.59440235245e-24, 1.10094761108e-23, 8.73578176668e-24, 6.51342767361e-24, 7.18968538993e-24, 9.47454684898e-24, 1.06457126258e-23, 1.4714696618e-23, 1.17251204688e-23, 8.00408093379e-24, 1.71949920554e-23, 1.8522247373e-23, 1.54934506373e-23, 1.1250060543e-23, 1.62325154868e-23, 1.09219890698e-23, 1.18474514959e-23, 1.57558809947e-23], "var": [4.77343273815e-05, 1.16794326459e-05, 1.55465909302e-06, 2.77470962828e-06, 1.5652477714e-06, 7.38822905078e-07, 6.05395484854e-07, 1.1213576272e-06, 3.33918620754e-07, 4.70031693567e-07, 3.15805095852e-07, 9.65563700106e-08, 1.12122741314e-07, 7.06092606606e-08, 1.7741829339e-08, 1.66209304098e-08, 9.50087208906e-09, 1.01745190051e-08, 4.46747705496e-09, 2.84450463184e-09, 2.53164222919e-09, 6.48924303182e-10, 1.14934128881e-09, 2.09562672771e-10, 1.60904012336e-10, 7.84783210639e-11, 1.1488573981e-10, 7.8701593853e-11, 7.97367588623e-11, 8.54833356878e-11, 6.7392549874e-11, 3.17197240696e-11, 1.96130577057e-11, 1.32904763583e-11, 1.37746042871e-12, 1.93385628691e-12, 3.46126989917e-12, 1.77275099981e-12, 1.41499344793e-12, 6.85679215229e-13]}, "mfcc": {"mean": [-666.786560059, 154.744613647, 14.7246017456, 14.8052997589, -1.65757012367, -10.9200286865, -6.07670593262, -5.76242589951, -0.909970760345, -0.295811742544, -0.078963726759, -0.333179086447, -1.81954419613], "cov": [[6223.05419922, -775.167907715, -415.77041626, 526.75390625, -41.3477478027, 202.734466553, 39.1977806091, -51.9311523438, 203.334487915, 52.5613594055, 29.4698467255, 44.5654983521, 58.2821426392], [-775.167907715, 1459.29187012, -10.372713089, -205.738983154, 175.256866455, -137.791442871, 31.7458877563, 67.6925964355, -8.11604785919, 44.6245155334, 16.811126709, -5.63131523132, 16.3218898773], [-415.77041626, -10.372713089, 684.614196777, -100.786636353, -10.4365596771, 33.3242874146, 71.1396560669, 58.6356544495, -5.3347902298, -28.3157100677, 27.6304454803, -6.55338191986, -29.9997577667], [526.75390625, -205.738983154, -100.786636353, 314.913238525, -25.6502475739, 36.2752304077, -16.8984394073, -0.740106940269, 54.1189346313, 31.1164188385, 0.75585180521, 11.6706867218, 11.3114929199], [-41.3477478027, 175.256866455, -10.4365596771, -25.6502475739, 183.101165771, 7.44889116287, 23.2577877045, 29.2866725922, 45.703578949, 53.2310333252, 49.9688606262, 26.2737083435, 26.9247093201], [202.734466553, -137.791442871, 33.3242874146, 36.2752304077, 7.44889116287, 176.682327271, 60.1597213745, 23.1146659851, 16.9521884918, 25.3010406494, 11.7013893127, 10.0215425491, 13.5592603683], [39.1977806091, 31.7458877563, 71.1396560669, -16.8984394073, 23.2577877045, 60.1597213745, 149.184860229, 59.3931350708, 18.4076843262, 7.81353187561, 25.6809253693, 18.4477863312, 18.8635444641], [-51.9311523438, 67.6925964355, 58.6356544495, -0.740106940269, 29.2866725922, 23.1146659851, 59.3931350708, 135.690292358, 59.5829925537, 25.5512542725, 3.95013642311, 1.5038408041, 25.4401569366], [203.334487915, -8.11604785919, -5.3347902298, 54.1189346313, 45.703578949, 16.9521884918, 18.4076843262, 59.5829925537, 146.733062744, 73.9873809814, 36.6711502075, 11.6180372238, 17.8489723206], [52.5613594055, 44.6245155334, -28.3157100677, 31.1164188385, 53.2310333252, 25.3010406494, 7.81353187561, 25.5512542725, 73.9873809814, 127.872940063, 66.9196929932, 27.1884346008, 19.3282432556], [29.4698467255, 16.811126709, 27.6304454803, 0.75585180521, 49.9688606262, 11.7013893127, 25.6809253693, 3.95013642311, 36.6711502075, 66.9196929932, 122.132698059, 57.128616333, 15.678185463], [44.5654983521, -5.63131523132, -6.55338191986, 11.6706867218, 26.2737083435, 10.0215425491, 18.4477863312, 1.5038408041, 11.6180372238, 27.1884346008, 57.128616333, 90.1741256714, 35.9749832153], [58.2821426392, 16.3218898773, -29.9997577667, 11.3114929199, 26.9247093201, 13.5592603683, 18.8635444641, 25.4401569366, 17.8489723206, 19.3282432556, 15.678185463, 35.9749832153, 78.2992477417]], "icov": [[0.000211220627534, 5.12208789587e-05, 0.000100216886494, -0.000235937695834, 9.63151978794e-06, -0.000147742131958, -0.000118712545373, 0.00021224647935, -0.000331650313456, 0.000195688247913, -6.03034895903e-05, 2.7546309866e-05, -8.67906128406e-05], [5.12208789587e-05, 0.000993094174191, 8.93132673809e-05, 0.000382307567634, -0.00084542814875, 0.000849062751513, -0.000370258931071, -0.000403191399528, 0.000433380715549, -0.000601634965278, 0.000310986215482, 0.000150253457832, 1.61488769663e-05], [0.000100216886494, 8.93132673809e-05, 0.00183220382314, 0.000419397372752, 0.000214695508475, -0.000352022791049, -0.000416661379859, -0.000823124835733, -0.00015830466873, 0.00085243221838, -0.00100099178962, 0.000168091952219, 0.000852012308314], [-0.000235937695834, 0.000382307567634, 0.000419397372752, 0.00436844630167, 0.000602618209086, -0.000394769769628, 0.00054095662199, -0.000109098255052, -0.00116321840324, -0.000692719302606, 0.000599939085077, -0.000660917488858, 1.14887780001e-05], [9.63151978794e-06, -0.00084542814875, 0.000214695508475, 0.000602618209086, 0.00776500348002, -0.000647283799481, -2.04085390578e-05, -8.47721967148e-05, -0.00153675395995, -0.000754393753596, -0.0019518766785, -8.66494447109e-05, -0.00139414553996], [-0.000147742131958, 0.000849062751513, -0.000352022791049, -0.000394769769628, -0.000647283799481, 0.00800466351211, -0.00330012245104, -8.19109700387e-05, 0.00114541396033, -0.00260753929615, 0.00127583905123, 0.000123528210679, -0.000416458409745], [-0.000118712545373, -0.000370258931071, -0.000416661379859, 0.00054095662199, -2.04085390578e-05, -0.00330012245104, 0.0104308612645, -0.00404119119048, 0.000311923475238, 0.00209059682675, -0.00241287937388, -0.000712889654096, -0.000470166589366], [0.00021224647935, -0.000403191399528, -0.000823124835733, -0.000109098255052, -8.47721967148e-05, -8.19109700387e-05, -0.00404119119048, 0.012563158758, -0.00493300845847, -0.000409381347708, 0.00230501987971, 0.0010296665132, -0.00314756855369], [-0.000331650313456, 0.000433380715549, -0.00015830466873, -0.00116321840324, -0.00153675395995, 0.00114541396033, 0.000311923475238, -0.00493300845847, 0.0130289914086, -0.00592063367367, -0.000481965020299, 0.000976687530056, 0.000260844302829], [0.000195688247913, -0.000601634965278, 0.00085243221838, -0.000692719302606, -0.000754393753596, -0.00260753929615, 0.00209059682675, -0.000409381347708, -0.00592063367367, 0.0164236631244, -0.00765663199127, 0.00114746962208, -0.000951879948843], [-6.03034895903e-05, 0.000310986215482, -0.00100099178962, 0.000599939085077, -0.0019518766785, 0.00127583905123, -0.00241287937388, 0.00230501987971, -0.000481965020299, -0.00765663199127, 0.0177598819137, -0.00905633624643, 0.00239725597203], [2.7546309866e-05, 0.000150253457832, 0.000168091952219, -0.000660917488858, -8.66494447109e-05, 0.000123528210679, -0.000712889654096, 0.0010296665132, 0.000976687530056, 0.00114746962208, -0.00905633624643, 0.0196962617338, -0.00778839644045], [-8.67906128406e-05, 1.61488769663e-05, 0.000852012308314, 1.14887780001e-05, -0.00139414553996, -0.000416458409745, -0.000470166589366, -0.00314756855369, 0.000260844302829, -0.000951879948843, 0.00239725597203, -0.00778839644045, 0.018118917942]]}, "spectral_contrast_coeffs": {"dmean": [0.0491992384195, 0.0427323542535, 0.0365275889635, 0.0307187903672, 0.0219161175191, 0.0200343132019], "dmean2": [0.0812090262771, 0.0709871053696, 0.0595521144569, 0.0502885952592, 0.0353818424046, 0.0307438522577], "dvar": [0.00174127507489, 0.00118313217536, 0.000915570533834, 0.00066040083766, 0.000368895882275, 0.000458202208392], "dvar2": [0.00466302968562, 0.00330798467621, 0.00237535731867, 0.00166764773894, 0.00089187535923, 0.00102989154402], "max": [-0.298466533422, -0.452945232391, -0.434181332588, -0.431059539318, -0.526071667671, -0.533191144466], "mean": [-0.607394993305, -0.693615674973, -0.70731151104, -0.753239572048, -0.783564567566, -0.795432269573], "median": [-0.614714562893, -0.694175779819, -0.712990522385, -0.755826175213, -0.791954636574, -0.795580089092], "min": [-0.94017547369, -0.967277646065, -0.960570335388, -0.958847820759, -0.960759043694, -0.962952196598], "var": [0.00903909653425, 0.00479713408276, 0.00517251668498, 0.00393290258944, 0.00274165021256, 0.00255582574755]}, "spectral_contrast_valleys": {"dmean": [0.383080363274, 0.297399908304, 0.28959390521, 0.28122356534, 0.308298736811, 0.357737928629], "dmean2": [0.621772646904, 0.496957302094, 0.47475835681, 0.446921437979, 0.435137927532, 0.510743916035], "dvar": [0.142762303352, 0.0697474330664, 0.0698948800564, 0.0797695592046, 0.127683609724, 0.20313577354], "dvar2": [0.340112656355, 0.171566233039, 0.164057791233, 0.178377658129, 0.238976344466, 0.439009815454], "max": [-4.75451612473, -4.46729850769, -5.5203127861, -6.0910906791