{"lowlevel": {"average_loudness": 0.504299759865, "barkbands_crest": {"dmean": 1.17297363281, "dmean2": 1.8759329319, "dvar": 3.71571803093, "dvar2": 10.0815410614, "max": 26.2217998505, "mean": 15.444811821, "median": 14.6079454422, "min": 4.77627563477, "var": 24.3790550232}, "barkbands_flatness_db": {"dmean": 0.0146800093353, "dmean2": 0.0247040614486, "dvar": 0.000275425380096, "dvar2": 0.000744846009184, "max": 0.56836181879, "mean": 0.399331718683, "median": 0.40488421917, "min": 0.0773579850793, "var": 0.00281284563243}, "barkbands_kurtosis": {"dmean": 1.90580999851, "dmean2": 3.04854869843, "dvar": 23.8600749969, "dvar2": 58.6818199158, "max": 197.148895264, "mean": 8.94256210327, "median": 6.52874088287, "min": -1.80838489532, "var": 111.481956482}, "barkbands_skewness": {"dmean": 0.327901184559, "dmean2": 0.52733963728, "dvar": 0.243986696005, "dvar2": 0.616000592709, "max": 13.4962463379, "mean": 1.74534618855, "median": 1.66197216511, "min": -6.99289083481, "var": 2.04169178009}, "barkbands_spread": {"dmean": 0.520881533623, "dmean2": 0.820497751236, "dvar": 1.83077442646, "dvar2": 4.86285734177, "max": 61.7366371155, "mean": 3.58103442192, "median": 2.97257733345, "min": 0.334298968315, "var": 7.85506725311}, "dissonance": {"dmean": 0.0340297408402, "dmean2": 0.0588459521532, "dvar": 0.00140204769559, "dvar2": 0.00373439770192, "max": 0.498433619738, "mean": 0.326611876488, "median": 0.325481295586, "min": 0.118053026497, "var": 0.00501201068982}, "dynamic_complexity": 7.53173398972, "erbbands_crest": {"dmean": 1.23929715157, "dmean2": 1.94072139263, "dvar": 4.66148138046, "dvar2": 12.276763916, "max": 32.2419242859, "mean": 16.0856189728, "median": 15.3166341782, "min": 2.44642353058, "var": 38.5337677002}, "erbbands_flatness_db": {"dmean": 0.0110453199595, "dmean2": 0.0185777470469, "dvar": 0.000177571520908, "dvar2": 0.000458323542261, "max": 0.552850365639, "mean": 0.409301757812, "median": 0.408489584923, "min": 0.0367393940687, "var": 0.00275937165134}, "erbbands_kurtosis": {"dmean": 0.831057727337, "dmean2": 1.23247253895, "dvar": 3.09110498428, "dvar2": 7.12716293335, "max": 36.9314002991, "mean": 2.46045351028, "median": 1.20824813843, "min": -1.75652503967, "var": 18.2357540131}, "erbbands_skewness": {"dmean": 0.185938388109, "dmean2": 0.283087879419, "dvar": 0.0859624445438, "dvar2": 0.232824802399, "max": 3.89728474617, "mean": 1.04445326328, "median": 1.01947295666, "min": -3.8233025074, "var": 1.00404858589}, "erbbands_spread": {"dmean": 1.07085227966, "dmean2": 1.58378350735, "dvar": 3.75689029694, "dvar2": 7.92434501648, "max": 101.805274963, "mean": 11.5843257904, "median": 9.63357162476, "min": 0.459084033966, "var": 65.9119262695}, "hfc": {"dmean": 1.37768578529, "dmean2": 1.85089945793, "dvar": 12.4334697723, "dvar2": 25.0318069458, "max": 95.8337554932, "mean": 6.63329362869, "median": 3.49902749062, "min": 1.21952614137e-16, "var": 69.1787872314}, "melbands_crest": {"dmean": 1.27457559109, "dmean2": 2.01530432701, "dvar": 4.03692865372, "dvar2": 10.630235672, "max": 33.2270240784, "mean": 18.3454914093, "median": 17.749168396, "min": 2.36106181145, "var": 29.7007141113}, "melbands_flatness_db": {"dmean": 0.0159777589142, "dmean2": 0.0270777195692, "dvar": 0.000339429272572, "dvar2": 0.000918157806154, "max": 0.687751829624, "mean": 0.529590964317, "median": 0.537236630917, "min": 0.00794813781977, "var": 0.00273760035634}, "melbands_kurtosis": {"dmean": 2.2063574791, "dmean2": 3.51680588722, "dvar": 73.6702957153, "dvar2": 190.834487915, "max": 460.279083252, "mean": 11.5438661575, "median": 7.45399093628, "min": -1.86528074741, "var": 379.536437988}, "melbands_skewness": {"dmean": 0.269481629133, "dmean2": 0.424429655075, "dvar": 0.17289493978, "dvar2": 0.394077152014, "max": 14.4786567688, "mean": 2.01497912407, "median": 1.78789007664, "min": -3.59935998917, "var": 2.25933146477}, "melbands_spread": {"dmean": 0.618969261646, "dmean2": 0.988013029099, "dvar": 4.26337623596, "dvar2": 9.62846279144, "max": 130.210647583, "mean": 4.98314905167, "median": 4.18840885162, "min": 0.47169432044, "var": 15.5301542282}, "pitch_salience": {"dmean": 0.0323024839163, "dmean2": 0.0530373007059, "dvar": 0.00253586797044, "dvar2": 0.00670414278284, "max": 0.813330590725, "mean": 0.491864711046, "median": 0.497165083885, "min": 0.107815176249, "var": 0.016968736425}, "silence_rate_20dB": {"dmean": 0, "dmean2": 0, "dvar": 0, "dvar2": 0, "max": 1, "mean": 1, "median": 1, "min": 1, "var": 0}, "silence_rate_30dB": {"dmean": 0.00383141753264, "dmean2": 0.00766446674243, "dvar": 0.00381681928411, "dvar2": 0.00803127977997, "max": 1, "mean": 0.990210711956, "median": 1, "min": 0, "var": 0.00969304610044}, "silence_rate_60dB": {"dmean": 0.0157513841987, "dmean2": 0.0315094739199, "dvar": 0.0155036682263, "dvar2": 0.032219093293, "max": 1, "mean": 0.301127910614, "median": 0, "min": 0, "var": 0.210449978709}, "spectral_centroid": {"dmean": 16.0054550171, "dmean2": 22.0581493378, "dvar": 13926.0146484, "dvar2": 6459.31396484, "max": 11065.4355469, "mean": 396.651794434, "median": 371.909729004, "min": 142.555740356, "var": 36850.1875}, "spectral_complexity": {"dmean": 0.626649618149, "dmean2": 1.0410900116, "dvar": 0.915492832661, "dvar2": 1.8452501297, "max": 17, "mean": 6.19110441208, "median": 6, "min": 0, "var": 12.0146284103}, "spectral_decrease": {"dmean": 8.6791346332e-10, "dmean2": 1.18209730893e-09, "dvar": 4.40107648763e-18, "dvar2": 9.64601037615e-18, "max": 9.77630207598e-17, "mean": -4.6479113891e-09, "median": -2.54612952943e-09, "min": -4.59933531261e-08, "var": 3.30585643483e-17}, "spectral_energy": {"dmean": 0.00339825428091, "dmean2": 0.00462437234819, "dvar": 6.7544337071e-05, "dvar2": 0.000147701444803, "max": 0.178596109152, "mean": 0.0181439202279, "median": 0.00992792658508, "min": 1.11774048507e-20, "var": 0.000502162612975}, "spectral_energyband_high": {"dmean": 1.36445992283e-08, "dmean2": 2.12832773627e-08, "dvar": 1.968757197e-15, "dvar2": 4.54575435385e-15, "max": 1.29056161313e-06, "mean": 3.16338137907e-08, "median": 9.55973700201e-09, "min": 8.19889548597e-21, "var": 4.36653446419e-15}, "spectral_energyband_low": {"dmean": 0.000607317255344, "dmean2": 0.000860363885295, "dvar": 4.41300835519e-06, "dvar2": 7.38877497497e-06, "max": 0.0787054225802, "mean": 0.00282820104621, "median": 0.000425157137215, "min": 3.77455743652e-23, "var": 5.31778277946e-05}, "spectral_energyband_middle_high": {"dmean": 0.000170727216755, "dmean2": 0.000198232068215, "dvar": 1.43216061588e-06, "dvar2": 1.61874504556e-06, "max": 0.10335906595, "mean": 0.000831848068628, "median": 0.000293657009024, "min": 1.54778841397e-21, "var": 8.66382833919e-06}, "spectral_energyband_middle_low": {"dmean": 0.00304256076925, "dmean2": 0.00430265581235, "dvar": 5.69393341721e-05, "dvar2": 0.00013491640857, "max": 0.153241768479, "mean": 0.0152453035116, "median": 0.00859558582306, "min": 4.68485735654e-22, "var": 0.000343241117662}, "spectral_entropy": {"dmean": 0.0949262306094, "dmean2": 0.155450850725, "dvar": 0.0239623226225, "dvar2": 0.0596050024033, "max": 9.81354236603, "mean": 5.23763513565, "median": 5.19692993164, "min": 3.65170431137, "var": 0.187939718366}, "spectral_flux": {"dmean": 0.0100142331794, "dmean2": 0.0162474736571, "dvar": 0.000565131602343, "dvar2": 0.00138352345675, "max": 0.250224858522, "mean": 0.0205910969526, "median": 0.00980772916228, "min": 1.05723249599e-10, "var": 0.000949242152274}, "spectral_kurtosis": {"dmean": 34.2600746155, "dmean2": 60.9172592163, "dvar": 1046.39147949, "dvar2": 2958.04541016, "max": 348.008117676, "mean": 150.854751587, "median": 154.259735107, "min": -1.21060538292, "var": 2257.45605469}, "spectral_rms": {"dmean": 0.000311377545586, "dmean2": 0.00041290774243, "dvar": 4.11533989109e-07, "dvar2": 8.68288054789e-07, "max": 0.0132000036538, "mean": 0.00342692015693, "median": 0.00311219901778, "min": 3.30223955819e-12, "var": 5.95761594013e-06}, "spectral_rolloff": {"dmean": 27.8032341003, "dmean2": 50.0069274902, "dvar": 79095.484375, "dvar2": 165718.46875, "max": 19164.5507812, "mean": 471.673828125, "median": 430.6640625, "min": 86.1328125, "var": 172335.890625}, "spectral_skewness": {"dmean": 1.70608186722, "dmean2": 3.05330562592, "dvar": 2.55393719673, "dvar2": 6.94153308868, "max": 14.4770517349, "mean": 8.97063922882, "median": 9.45997428894, "min": -0.00222787284292, "var": 4.94075870514}, "spectral_spread": {"dmean": 305665.46875, "dmean2": 532605, "dvar": 254033395712, "dvar2": 279366107136, "max": 41230240, "mean": 852117.4375, "median": 729760.5625, "min": 234499.609375, "var": 1055105941500.0}, "spectral_strongpeak": {"dmean": 0.189845472574, "dmean2": 0.281526982784, "dvar": 0.218658402562, "dvar2": 0.436738520861, "max": 11.5684690475, "mean": 1.16455543041, "median": 0.829285025597, "min": 0, "var": 1.25423634052}, "zerocrossingrate": {"dmean": 0.0015493419487, "dmean2": 0.0020940892864, "dvar": 4.42086675321e-05, "dvar2": 5.66214039281e-05, "max": 0.6181640625, "mean": 0.0196668542922, "median": 0.01806640625, "min": 0.005859375, "var": 0.000223132039537}, "barkbands": {"dmean": [1.46365337059e-05, 7.5920499512e-05, 0.000466944678919, 0.000164337587194, 0.00046591294813, 0.0015541188186, 0.000709386018571, 0.000365713203792, 0.000376170064555, 0.000109459120722, 3.88599873986e-05, 3.17203157465e-05, 2.1218573238e-05, 1.80355928023e-05, 3.52987262886e-06, 1.97120493795e-06, 6.2854371663e-07, 1.53743471287e-07, 7.23627096022e-08, 1.04579411797e-08, 5.4425854934e-09, 1.29380262059e-09, 8.61739346547e-10, 7.57671647644e-10, 7.44876216263e-10, 7.29241333985e-10, 8.74397554362e-10], "dmean2": [2.39408454945e-05, 0.000124486206914, 0.000636267999653, 0.000265921611572, 0.000609377457295, 0.00242309016176, 0.00103762047365, 0.000538331107236, 0.000466942146886, 0.000126926184748, 4.67464196845e-05, 4.44407050963e-05, 2.82019791484e-05, 2.49021759373e-05, 4.94643700222e-06, 2.73502109849e-06, 9.34485626658e-07, 2.18374950123e-07, 9.71077511736e-08, 1.57479878027e-08, 8.02155053492e-09, 2.18045714817e-09, 1.48731416072e-09, 1.31946098492e-09, 1.28453303549e-09, 1.25107380011e-09, 1.53006896042e-09], "dvar": [5.08398712018e-10, 1.11743318598e-07, 3.13914256367e-06, 3.11735760761e-07, 2.52805193668e-06, 2.98430477415e-05, 1.62017095136e-05, 5.0097487474e-06, 4.48412583864e-06, 1.4982808807e-06, 3.0844180543e-08, 1.55650603517e-08, 4.19905532567e-09, 4.8194079838e-09, 1.97423757897e-10, 2.50401019364e-11, 2.55592096966e-12, 1.37343383736e-13, 6.59663228447e-14, 1.2085062692e-15, 9.27256390601e-16, 9.63517431013e-18, 2.91187862223e-18, 1.88957416819e-18, 1.86066606694e-18, 1.75143314474e-18, 1.91875647981e-18], "dvar2": [1.26450305782e-09, 2.84231703063e-07, 4.80987546325e-06, 7.28737916234e-07, 5.00548048876e-06, 8.5863910499e-05, 3.10138784698e-05, 1.07617370304e-05, 7.68837799114e-06, 1.70482041995e-06, 4.70599736957e-08, 2.73505058601e-08, 8.07594879859e-09, 1.02331485508e-08, 4.21095075476e-10, 4.61019070142e-11, 5.34745815337e-12, 2.63414642746e-13, 1.21677692336e-13, 2.73235337554e-15, 2.15711614864e-15, 2.26693694149e-17, 7.73235615315e-18, 5.69275995958e-18, 5.53702956078e-18, 5.08248347443e-18, 5.83219986339e-18], "max": [0.000301333609968, 0.0107704857364, 0.0717901587486, 0.0185317117721, 0.0437434799969, 0.125947132707, 0.0957901701331, 0.0651511251926, 0.0536850914359, 0.102280646563, 0.00500547233969, 0.00290556368418, 0.00150068616495, 0.00251307035796, 0.000811501347926, 0.000104641942016, 2.50122338912e-05, 7.29313387637e-06, 6.05208379056e-06, 7.68108748161e-07, 1.09695349693e-06, 5.63652022834e-08, 4.10127078965e-08, 2.15668354286e-08, 2.36266988196e-08, 2.81139342917e-08, 2.37929000946e-08], "mean": [1.90551199921e-05, 0.000192088773474, 0.0018791455077, 0.000982442987151, 0.00299734389409, 0.00653615221381, 0.00277318921871, 0.00077261775732, 0.00112906773575, 0.00038867094554, 0.000164839890203, 0.00011518951942, 7.44379867683e-05, 9.94753863779e-05, 1.09471238829e-05, 6.86702060193e-06, 1.61088848927e-06, 5.23416474607e-07, 2.32090684449e-07, 2.57929340108e-08, 1.01295789534e-08, 2.16591078406e-09, 1.39465183846e-09, 1.25507748638e-09, 1.30039534696e-09, 1.42528067126e-09, 2.90760904242e-09], "median": [7.29928797227e-06, 1.40877682497e-05, 0.00015742922551, 0.000154724781169, 0.000708957435563, 0.000530162011273, 0.000329388596583, 3.48730245605e-05, 6.97656651028e-05, 5.10458194185e-05, 1.2512734429e-05, 2.94345300063e-05, 1.60260497069e-05, 2.84795387415e-05, 3.2964599086e-06, 2.52691461355e-06, 5.72233147977e-07, 1.51356815081e-07, 6.56200072058e-08, 4.50100312577e-09, 1.53282952997e-09, 7.97531041208e-10, 5.74873038062e-10, 5.7581900359e-10, 5.57929979994e-10, 6.51636578031e-10, 2.31571362086e-09], "min": [2.5494459983e-24, 1.8630310273e-23, 1.2638859633e-23, 5.72652629888e-24, 3.16582092832e-23, 2.38482591296e-23, 1.56495564286e-22, 3.8101517872e-23, 1.76073009361e-22, 8.5494384636e-23, 1.48414561525e-22, 5.30063473231e-23, 7.41814187467e-23, 1.4125080836e-22, 1.20609625375e-22, 1.36659940814e-22, 1.7265360657e-22, 2.91852736025e-22, 2.55539310234e-22, 3.62833935406e-22, 5.11184845322e-22, 5.84084327232e-22, 4.56830082276e-22, 1.03858543968e-21, 1.11035527278e-21, 1.92333467247e-21, 2.56691047156e-21], "var": [9.12574960044e-10, 5.98171652655e-07, 3.98397824029e-05, 3.17265789818e-06, 3.14902317768e-05, 0.00018906481273, 5.07268669026e-05, 1.14222611955e-05, 2.03347171919e-05, 8.27597523312e-06, 2.13093272805e-07, 7.47994874928e-08, 2.12708322067e-08, 4.92253491302e-08, 7.6344036648e-10, 1.51749141031e-10, 8.53639901821e-12, 7.59568785907e-13, 2.71263453323e-13, 2.90274294672e-15, 1.34347948704e-15, 1.77837098449e-17, 5.5158152732e-18, 3.41348115248e-18, 4.09045114247e-18, 4.60503275691e-18, 3.50365500619e-18]}, "erbbands": {"dmean": [0.000959705037531, 0.0266350228339, 0.402945697308, 0.63625305891, 0.82728010416, 1.91911196709, 5.41537952423, 15.4867744446, 11.3978347778, 6.2176566124, 8.98396396637, 10.6307258606, 2.89236998558, 3.26913619041, 2.17522549629, 1.11185705662, 1.04736626148, 0.974822938442, 0.356121897697, 0.123124048114, 0.0818628296256, 0.0340850763023, 0.014534894377, 0.00486766453832, 0.00212176516652, 0.000462045310996, 0.000220545349293, 0.000226901480346, 5.34923710802e-05, 3.40992992278e-05, 2.37835338339e-05, 1.7314845536e-05, 1.27803241412e-05, 9.13576968742e-06, 5.95413848714e-06, 3.60527019438e-06, 1.85647718354e-06, 5.79268316869e-07, 1.61265472798e-06, 3.78910749532e-06], "dmean2": [0.00161650544032, 0.0409356318414, 0.527246832848, 0.991386830807, 1.22005355358, 2.53308105469, 8.02723789215, 24.5607395172, 16.5706558228, 9.26693630219, 13.0192146301, 12.7756900787, 3.5453979969, 3.54527854919, 2.65777492523, 1.47963547707, 1.37138438225, 1.34852719307, 0.490368157625, 0.167874529958, 0.121414572001, 0.0495194755495, 0.0208100881428, 0.00669260509312, 0.00288705690764, 0.000673186325002, 0.000320361490594, 0.000338645331794, 8.75217738212e-05, 5.81987769692e-05, 4.05407699873e-05, 2.95807312796e-05, 2.16515509237e-05, 1.51830108734e-05, 9.73257010628e-06, 5.69455733057e-06, 2.88455498776e-06, 9.4648544291e-07, 2.19971616389e-06, 5.14935254614e-06], "dvar": [3.54586018148e-06, 0.0149252917618, 2.71063613892, 3.89356637001, 8.33372783661, 42.6112594604, 299.201721191, 3141.38476562, 3727.8190918, 669.129760742, 3528.23461914, 3370.07739258, 439.178070068, 1708.82116699, 81.9293136597, 15.636557579, 9.80152893066, 15.9580020905, 1.20104718208, 0.0952537879348, 0.0461936630309, 0.00868981145322, 0.00114153593313, 0.000264036876615, 0.000107207604742, 3.05333492179e-06, 7.7690725675e-07, 1.82754376965e-06, 1.80836732255e-08, 6.38374597628e-09, 1.91947679973e-09, 9.7564323287e-10, 5.25236520943e-10, 2.73829597885e-10, 1.14980587551e-10, 4.34693149531e-11, 1.17930882074e-11, 9.55734731807e-13, 1.48489553986e-11, 8.40491287679e-11], "dvar2": [8.38880532683e-06, 0.0304373558611, 3.71563458443, 9.38700580597, 18.2587680817, 88.4122467041, 745.689453125, 9457.21386719, 6931.12841797, 1435.7713623, 7608.05371094, 5311.92333984, 595.93548584, 1878.64465332, 125.505241394, 29.473077774, 18.0859584808, 33.5029220581, 2.43594026566, 0.183578163385, 0.0962578505278, 0.0175711773336, 0.00230327947065, 0.000461922201794, 0.000226223579375, 6.77349316902e-06, 1.74662181962e-06, 4.43919179816e-06, 4.266514253e-08, 1.61057336356e-08, 5.26331911388e-09, 2.81811196601e-09, 1.48823187107e-09, 7.38074434903e-10, 2.95621777058e-10, 1.01690260379e-10, 2.62933615852e-11, 2.46546706661e-12, 3.18256115905e-11, 1.83159182265e-10], "max": [0.0512930825353, 4.46301794052, 64.8289337158, 54.39793396, 88.5788345337, 178.431335449, 635.69543457, 1096.81640625, 1455.45092773, 470.473510742, 1792.0111084, 1575.0567627, 1374.35986328, 3755.08544922, 252.043487549, 142.457046509, 75.6691513062, 145.549026489, 50.4633827209, 7.93780136108, 6.03184652328, 1.69326853752, 0.688071906567, 0.511402189732, 0.243769228458, 0.0525158569217, 0.0248238164932, 0.0388862192631, 0.00270772678778, 0.00183802773245, 0.000678894575685, 0.000524487812072, 0.000406833511079, 0.000305902096443, 0.000212541839574, 0.000133361798362, 7.23965567886e-05, 2.05122760235e-05, 8.38698688312e-05, 0.000197483212105], "mean": [0.00208983500488, 0.0910758152604, 1.65607762337, 3.49131298065, 5.50781011581, 12.5001850128, 25.815700531, 59.7233314514, 46.1371498108, 18.8509464264, 20.8521289825, 33.1108779907, 8.24362945557, 13.4022188187, 9.20032310486, 4.72412633896, 3.9977517128, 5.54581403732, 1.55068552494, 0.512924253941, 0.260473012924, 0.0920176133513, 0.0448492020369, 0.0167283024639, 0.00619520246983, 0.00121923047118, 0.000546968076378, 0.000401432422223, 0.000102153986518, 6.24256572337e-05, 4.64822951471e-05, 3.66920685337e-05, 3.09165843646e-05, 2.5378923965e-05, 1.89786278497e-05, 1.34684296427e-05, 7.76871729613e-06, 2.11415294871e-06, 8.84676956048e-06, 2.02121573238e-05], "median": [0.000733584864065, 0.0060996315442, 0.135286912322, 0.736502349377, 1.73702836037, 3.27483987808, 4.46428346634, 5.99577999115, 7.14634847641, 3.59909343719, 2.09300637245, 2.36245083809, 1.54535198212, 2.00968527794, 1.4867811203, 1.28695416451, 1.10587525368, 1.51718401909, 0.693792462349, 0.20514510572, 0.099861741066, 0.031694971025, 0.0151976738125, 0.00516255851835, 0.00213160505518, 0.000327078654664, 0.000113946218335, 5.3656862292e-05, 3.44063955708e-05, 2.68043513643e-05, 2.19990106416e-05, 1.86497527466e-05, 1.63293898368e-05, 1.34084375532e-05, 1.01536461443e-05, 7.27471979189e-06, 4.32800288763e-06, 1.33455682771e-06, 4.97908376929e-06, 1.10348782982e-05], "min": [1.24368162624e-22, 5.32947339179e-21, 1.85824719049e-20, 1.99430369941e-20, 4.09718584022e-20, 1.50300268265e-19, 9.65481850551e-20, 2.52947617867e-19, 1.06698358085e-18, 2.79388689132e-18, 1.42206967715e-18, 2.87159761474e-18, 4.40109716715e-18, 3.66647310206e-18, 4.84140871593e-18, 2.33383922671e-18, 3.82812983635e-18, 7.64965628987e-18, 6.0893545994e-18, 6.75099486468e-18, 8.50906137755e-18, 9.16675268259e-18, 1.22152027531e-17, 1.40245610813e-17, 1.52491242233e-17, 1.74469910873e-17, 1.87302426936e-17, 2.05146085869e-17, 2.3421040018e-17, 1.32379247265e-17, 1.44047945022e-17, 2.3618550896e-17, 1.64860454435e-17, 1.13895549062e-17, 9.04974715776e-18, 7.45146712382e-18, 2.88510547414e-18, 1.46745097691e-18, 3.72842794766e-19, 3.79892874514e-20], "var": [2.20315105253e-05, 0.131821721792, 36.0402107239, 36.455116272, 101.691345215, 519.071105957, 2932.93994141, 15213.3037109, 12200.7783203, 1839.09130859, 8144.5234375, 16111.4482422, 1415.35253906, 10379.6787109, 514.092651367, 105.856002808, 54.5350570679, 169.231750488, 6.82536840439, 0.803201913834, 0.205503553152, 0.0300367195159, 0.00525369355455, 0.0012140928302, 0.000213865976548, 7.10765016265e-06, 1.65906419625e-06, 2.6278516998e-06, 3.70356509904e-08, 1.09996456388e-08, 4.4307100211e-09, 2.4375157448e-09, 1.58263191441e-09, 1.03209107927e-09, 5.52726142633e-10, 2.69711558643e-10, 8.28136378916e-11, 4.58651476173e-12, 1.11235951006e-10, 6.18867679325e-10]}, "gfcc": {"mean": [-277.366516113, 253.750686646, -97.1217269897, -72.0878829956, -15.0397024155, -22.6504402161, -42.962978363, -23.8541984558, -14.9725189209, -15.3757600784, -2.3496723175, -11.7858133316, -6.15480136871], "cov": [[11460.6787109, 1658.75158691, -1405.78125, -184.326919556, 71.5525817871, -795.397644043, 159.347015381, 89.2596817017, -281.235443115, -88.7416915894, 166.825317383, -287.911224365, 59.7868118286], [1658.75158691, 667.198608398, -181.250198364, -83.2872619629, 164.94519043, -114.077720642, -96.4497451782, -70.3850021362, -73.2517242432, -79.2588500977, 9.87211418152, -52.0806808472, 15.1799154282], [-1405.78125, -181.250198364, 537.307312012, 148.344146729, 25.1704788208, 171.437362671, -7.51019573212, -70.7941970825, 24.5683574677, 5.43057107925, -57.4400024414, -0.182053253055, -31.2803726196], [-184.326919556, -83.2872619629, 148.344146729, 264.038208008, 135.798233032, 59.2170410156, 70.2119369507, 16.2605762482, -30.5196399689, -22.7344169617, -68.9521636963, -77.8385848999, -38.8786888123], [71.5525817871, 164.94519043, 25.1704788208, 135.798233032, 259.156433105, 39.1337242126, -66.0597000122, -69.2298049927, -67.1722412109, -58.0583076477, -13.8896493912, -39.8275718689, -9.82715797424], [-795.397644043, -114.077720642, 171.437362671, 59.2170410156, 39.1337242126, 199.942016602, 43.611946106, -9.11126899719, 26.1631793976, 8.1653881073, -48.3331298828, -6.31751871109, -33.0019187927], [159.347015381, -96.4497451782, -7.51019573212, 70.2119369507, -66.0597000122, 43.611946106, 220.338684082, 157.995254517, 45.2027702332, 29.2804718018, -49.3267288208, -60.3700027466, -35.2362556458], [89.2596817017, -70.3850021362, -70.7941970825, 16.2605762482, -69.2298049927, -9.11126899719, 157.995254517, 204.441482544, 97.2126159668, 23.391626358, -25.7160568237, -16.0108890533, -11.3445167542], [-281.235443115, -73.2517242432, 24.5683574677, -30.5196399689, -67.1722412109, 26.1631793976, 45.2027702332, 97.2126159668, 115.750595093, 48.8410949707, -5.16965818405, 27.9768486023, 8.15915298462], [-88.7416915894, -79.2588500977, 5.43057107925, -22.7344169617, -58.0583076477, 8.1653881073, 29.2804718018, 23.391626358, 48.8410949707, 84.7550735474, 61.1283607483, 37.4316673279, 12.9188489914], [166.825317383, 9.87211418152, -57.4400024414, -68.9521636963, -13.8896493912, -48.3331298828, -49.3267288208, -25.7160568237, -5.16965818405, 61.1283607483, 160.38684082, 117.375442505, 50.0766716003], [-287.911224365, -52.0806808472, -0.182053253055, -77.8385848999, -39.8275718689, -6.31751871109, -60.3700027466, -16.0108890533, 27.9768486023, 37.4316673279, 117.375442505, 165.455871582, 84.9065856934], [59.7868118286, 15.1799154282, -31.2803726196, -38.8786888123, -9.82715797424, -33.0019187927, -35.2362556458, -11.3445167542, 8.15915298462, 12.9188489914, 50.0766716003, 84.9065856934, 86.011756897]], "icov": [[0.000340038212016, -0.000783202063758, 0.000764221302234, -0.00106536131352, 0.00111364223994, 0.000145751197124, -0.0010373678524, 0.001444342779, -0.00151224527508, 0.00179286801722, -0.00214406521991, 0.00173482031096, -0.000943154096603], [-0.000783202063758, 0.00551550043747, -0.00187237246428, 0.00597995053977, -0.00678666261956, 0.00216794223525, -0.00150734779891, 0.000752847001422, -0.00117865251377, 0.000975119066425, 0.00183539045975, -0.000367398257367, 0.000390739296563], [0.000764221302234, -0.00187237246428, 0.00632755830884, -0.00715748826042, 0.00577903818339, -0.00241374946199, -0.0035574703943, 0.00973173696548, -0.0111260311678, 0.0100828595459, -0.00844065379351, 0.00493009854108, -0.00198610196821], [-0.00106536131352, 0.00597995053977, -0.00715748826042, 0.0208156332374, -0.0183790307492, 0.00705106928945, -0.003077178495, -0.00822325702757, 0.014451643452, -0.0172304436564, 0.0187538303435, -0.011287397705, 0.00619232095778], [0.00111364223994, -0.00678666261956, 0.00577903818339, -0.0183790307492, 0.02493448928, -0.0123632000759, 0.00807658117265, 0.00204538786784, -0.00872663687915, 0.0198129806668, -0.024135036394, 0.0201569125056, -0.0120929442346], [0.000145751197124, 0.00216794223525, -0.00241374946199, 0.00705106928945, -0.0123632000759, 0.0188598502427, -0.0147604411468, 0.0116078592837, -0.00499726040289, -0.00610914034769, 0.0141710834578, -0.0165818184614, 0.0126432776451], [-0.0010373678524, -0.00150734779891, -0.0035574703943, -0.003077178495, 0.00807658117265, -0.0147604411468, 0.0424086675048, -0.0457771979272, 0.040859375149, -0.032070916146, 0.0151555305347, -0.000364027713658, -0.00262583442964], [0.001444342779, 0.000752847001422, 0.00973173696548, -0.00822325702757, 0.00204538786784, 0.0116078592837, -0.0457771979272, 0.0686255320907, -0.0696585029364, 0.0553029254079, -0.0342225432396, 0.0146034732461, -0.00251901755109], [-0.00151224527508, -0.00117865251377, -0.0111260311678, 0.014451643452, -0.00872663687915, -0.00499726040289, 0.040859375149, -0.0696585029364, 0.094718515873, -0.0823526158929, 0.0610311552882, -0.0381502844393, 0.01389347855], [0.00179286801722, 0.000975119066425, 0.0100828595459, -0.0172304436564, 0.0198129806668, -0.00610914034769, -0.032070916146, 0.0553029254079, -0.0823526158929, 0.105419293046, -0.0817962735891, 0.0550870969892, -0.0262431111187], [-0.00214406521991, 0.00183539045975, -0.00844065379351, 0.0187538303435, -0.024135036394, 0.0141710834578, 0.0151555305347, -0.0342225432396, 0.0610311552882, -0.0817962735891, 0.0877405256033, -0.0692836344242, 0.0347549878061], [0.00173482031096, -0.000367398257367, 0.00493009854108, -0.011287397705, 0.0201569125056, -0.0165818184614, -0.000364027713658, 0.0146034732461, -0.0381502844393, 0.0550870969892, -0.0692836344242, 0.0758449956775, -0.0459205135703], [-0.000943154096603, 0.000390739296563, -0.00198610196821, 0.00619232095778, -0.0120929442346, 0.0126432776451, -0.00262583442964, -0.00251901755109, 0.01389347855, -0.0262431111187, 0.0347549878061, -0.0459205135703, 0.0440707579255]]}, "melbands": {"dmean": [1.38840287036e-05, 0.000150059859152, 0.000102334408439, 0.000105245759187, 0.000175745139131, 0.00032363756327, 0.000169188017026, 6.44128376734e-05, 7.36756628612e-05, 6.28582929494e-05, 1.25156602735e-05, 1.42035205499e-05, 5.69047278987e-06, 5.08826815349e-06, 2.13772159441e-06, 1.7170218598e-06, 2.07920220419e-06, 6.0361156784e-07, 1.98936533025e-07, 1.69439104525e-07, 8.28699526778e-08, 3.8380363776e-08, 2.68820219418e-08, 6.97481006284e-09, 4.03457134368e-09, 1.97277483238e-09, 7.48392126049e-10, 2.67486144345e-10, 1.53789800339e-10, 1.52275178578e-10, 1.09432921058e-10, 2.93086041547e-11, 2.31226600367e-11, 1.76679885999e-11, 1.39788892267e-11, 1.16868398639e-11, 1.00133772801e-11, 8.84160713394e-12, 7.93944077149e-12, 7.03291808471e-12], "dmean2": [2.31129070016e-05, 0.000201276605367, 0.000156496083946, 0.000143778248457, 0.000253640901065, 0.000509045203216, 0.000246988929575, 9.68531385297e-05, 0.00010704217857, 7.50760518713e-05, 1.56425685418e-05, 1.55553188961e-05, 7.08484049028e-06, 6.67019594403e-06, 2.8228625979e-06, 2.2803462798e-06, 2.89325748781e-06, 8.31260820178e-07, 2.72708916782e-07, 2.31494510672e-07, 1.29637214741e-07, 5.62291830875e-08, 3.95909189876e-08, 9.87684956044e-09, 5.60268231808e-09, 2.57052401587e-09, 1.08440989521e-09, 4.09674544288e-10, 2.25712185054e-10, 2.23343704642e-10, 1.66365504706e-10, 4.85103728021e-11, 4.02971093993e-11, 3.01586360052e-11, 2.41041145377e-11, 2.04200024945e-11, 1.73613207144e-11, 1.53972667949e-11, 1.37815809112e-11, 1.21516477436e-11], "dvar": [2.26115437485e-09, 3.64981843859e-07, 8.91726585905e-08, 1.5935277986e-07, 2.83322265204e-07, 1.3473894569e-06, 8.62887986841e-07, 6.72660789292e-08, 2.12448640013e-07, 1.28433327973e-07, 1.03088320103e-08, 3.43290906812e-08, 5.63426472144e-10, 3.35906608084e-10, 3.79663418759e-11, 3.20939212706e-11, 7.91416446266e-11, 3.55484088346e-12, 3.91063049998e-13, 1.94928952537e-13, 5.25608135032e-14, 1.30375336652e-14, 5.27935349585e-15, 3.54447210116e-16, 2.06470329238e-16, 8.57471701887e-17, 7.71392077884e-18, 1.54051966612e-18, 4.3399462894e-19, 1.56331666041e-18, 3.84487869279e-19, 7.24989152559e-21, 4.87700478893e-21, 1.75769175481e-21, 6.49866642947e-22, 4.62629535216e-22, 3.25667328147e-22, 2.51270095989e-22, 2.04196418125e-22, 1.63643767425e-22], "dvar2": [5.75803227321e-09, 5.1977650628e-07, 2.09470570667e-07, 3.30472147425e-07, 7.08033212504e-07, 3.99212467528e-06, 1.62428739259e-06, 1.48303342939e-07, 4.61135698515e-07, 1.92339825844e-07, 1.38257165716e-08, 3.77114091066e-08, 8.84752160424e-10, 5.63333879544e-10, 6.84773834858e-11, 6.64485758084e-11, 1.685401263e-10, 6.69091344829e-12, 7.75197831274e-13, 3.60892576674e-13, 1.1883631015e-13, 2.5411562706e-14, 1.19805940952e-14, 7.30669466785e-16, 3.73806651052e-16, 1.78569593351e-16, 1.66109017395e-17, 3.63552620739e-18, 1.03275712185e-18, 3.56250353009e-18, 9.73112953593e-19, 1.59698413272e-20, 1.35911235327e-20, 4.15227219161e-21, 1.82353036364e-21, 1.39247949844e-21, 9.7355321078e-22, 7.54108616229e-22, 6.09769032461e-22, 4.77135033811e-22], "max": [0.00146004045382, 0.0234891641885, 0.00759494723752, 0.0122827915475, 0.0202970057726, 0.0226843655109, 0.0220911148936, 0.00471652438864, 0.0133933722973, 0.010595139116, 0.00678941514343, 0.0167450439185, 0.000641371647362, 0.000472258339869, 0.000156890891958, 0.000152918175445, 0.000324436929077, 7.44042117731e-05, 3.12681404466e-05, 9.14143129194e-06, 7.30944020688e-06, 2.30169166571e-06, 1.72338013726e-06, 3.2419393392e-07, 4.46585147529e-07, 2.02814760542e-07, 5.93646234393e-08, 3.42669252973e-08, 1.40637599344e-08, 5.29907815405e-08, 1.3743526317e-08, 1.84868231834e-09, 1.41172096235e-09, 1.5816721266e-09, 3.71925351628e-10, 3.2355729207e-10, 2.78467165993e-10, 2.62794341843e-10, 2.56093785067e-10, 2.23599735949e-10], "mean": [3.20991202898e-05, 0.000606630987022, 0.000560912245419, 0.000775824126322, 0.000845023198053, 0.00129351264331, 0.000673635455314, 0.000175202963874, 0.000173919775989, 0.000193825486349, 3.42961975548e-05, 5.68644682062e-05, 2.39285127464e-05, 2.07669672818e-05, 8.18632906885e-06, 6.31950251773e-06, 1.17324989333e-05, 2.3316856641e-06, 7.25719417005e-07, 5.78372976179e-07, 2.33706671793e-07, 9.06385082544e-08, 6.89107437779e-08, 2.1014241014e-08, 1.25898171888e-08, 5.93379612113e-09, 1.75185943529e-09, 5.79832015735e-10, 3.7592232105e-10, 2.61885901853e-10, 1.88095442e-10, 4.88808507559e-11, 3.55400778251e-11, 2.77344744393e-11, 2.23058620186e-11, 1.79439258591e-11, 1.60570220314e-11, 1.46164122472e-11, 1.34097290563e-11, 1.23881764222e-11], "median": [5.66500784771e-06, 5.39170105185e-05, 0.000140497140819, 0.00018907005142, 0.000165713950992, 0.00010344319162, 8.35688988445e-05, 2.84548441414e-05, 1.10996934382e-05, 1.24724565467e-05, 5.47877652934e-06, 6.44183774057e-06, 3.04855598188e-06, 4.46968761025e-06, 2.09824747799e-06, 1.72162708623e-06, 2.71529916063e-06, 8.30972112453e-07, 2.26934730563e-07, 2.15317086827e-07, 8.69590692787e-08, 2.67958171207e-08, 2.11316013576e-08, 5.32777688633e-09, 3.24301119292e-09, 1.61348900907e-09, 4.71587713324e-10, 1.10338571613e-10, 6.49810830144e-11, 3.55648427375e-11, 2.31183561877e-11, 1.66553628528e-11, 1.30902762588e-11, 1.09267967938e-11, 9.30405405497e-12, 7.85956976584e-12, 7.1311589446e-12, 6.67172653929e-12, 6.20007474181e-12, 5.36571698531e-12], "min": [2.94896558983e-24, 9.36560121366e-24, 3.23253978601e-24, 7.17918170698e-24, 4.01820422685e-24, 5.00121760591e-24, 2.27168511535e-23, 2.65147920049e-23, 1.42300441437e-23, 1.99587678146e-23, 2.16899104493e-23, 1.31438339531e-23, 1.86252079207e-23, 5.92118758801e-24, 6.78672104005e-24, 9.052901484e-24, 1.46546942798e-23, 8.63778078757e-24, 9.44644525695e-24, 7.81590684232e-24, 1.15443955908e-23, 1.06177167412e-23, 6.61840652187e-24, 1.56438264585e-23, 1.07691299145e-23, 9.9278570907e-24, 9.55385419123e-24, 1.34356375463e-23, 1.04759245155e-23, 1.31878539694e-23, 1.17855969124e-23, 1.26291913538e-23, 1.13708667021e-23, 6.0174203354e-24, 6.99501818435e-24, 1.16218648872e-23, 1.53717467546e-23, 1.1182407043e-23, 1.08051201155e-23, 8.70653238204e-24], "var": [1.15448672844e-08, 4.78486617794e-06, 8.50630954119e-07, 2.25527969633e-06, 2.77391859527e-06, 7.24381470718e-06, 2.79971641248e-06, 1.66957150327e-07, 5.12089684435e-07, 5.98708879807e-07, 3.31650831242e-08, 2.0612390017e-07, 3.64008956311e-09, 1.81897119589e-09, 2.49527759566e-10, 1.23981228062e-10, 8.23569490382e-10, 2.10512614285e-11, 2.1517408081e-12, 1.13151881528e-12, 1.96910494637e-13, 4.17033588381e-14, 1.78200180577e-14, 1.4961494466e-15, 8.55193580306e-16, 2.05509727701e-16, 1.47217552237e-17, 3.00032677039e-18, 8.6746534236e-19, 2.04403360397e-18, 5.6043554452e-19, 1.31679859143e-20, 5.35527553001e-21, 2.9406369731e-21, 1.22149494484e-21, 7.77598344388e-22, 6.00173303167e-22, 4.83903889518e-22, 4.06126672371e-22, 3.71899499685e-22]}, "mfcc": {"mean": [-874.22479248, 235.740234375, 22.8716392517, -28.9014759064, 6.05620670319, 2.9294757843, -15.1358766556, -16.0520629883, -14.1325082779, -11.4122190475, -6.6673874855, -6.45494174957, -6.57319545746], "cov": [[4354.09228516, 3040.71142578, -819.126281738, -476.531768799, 390.082427979, -210.73727417, -245.630447388, 98.081817627, -97.1937866211, -155.737091064, 18.6758556366, -33.2804679871, -67.8538131714], [3040.71142578, 2206.53295898, -468.557739258, -341.274414062, 270.522918701, -104.400878906, -181.791763306, 29.261554718, -87.6668167114, -128.692886353, -3.12974262238, -23.0146980286, -50.6289901733], [-819.126281738, -468.557739258, 326.668914795, 154.790054321, -55.1411819458, 88.6157150269, 62.4102745056, -40.9335746765, 3.05835843086, 19.8767204285, -12.1739263535, -1.68447685242, -8.77902793884], [-476.531768799, -341.274414062, 154.790054321, 215.179626465, 57.5297660828, 42.8258171082, 72.9637908936, 37.5785675049, 21.1553726196, 26.951581955, 3.61179995537, -22.62134552, -30.3176422119], [390.082427979, 270.522918701, -55.1411819458, 57.5297660828, 198.189376831, 87.9193496704, 1.83562171459, 5.91944265366, -24.5159168243, -40.1107788086, -29.5551166534, -37.595539093, -33.8188743591], [-210.73727417, -104.400878906, 88.6157150269, 42.8258171082, 87.9193496704, 177.035339355, 73.2971878052, -47.3843536377, -33.1848144531, -10.51612854, -31.5366420746, -26.6740055084, -6.90397596359], [-245.630447388, -181.791763306, 62.4102745056, 72.9637908936, 1.83562171459, 73.2971878052, 128.599304199, 53.3538894653, 13.2991571426, 38.9807167053, 18.6903514862, -11.4613790512, 4.86057138443], [98.081817627, 29.261554718, -40.9335746765, 37.5785675049, 5.91944265366, -47.3843536377, 53.3538894653, 135.077072144, 97.5920181274, 54.1322631836, 35.6563453674, 12.6328868866, 4.8226275444], [-97.1937866211, -87.6668167114, 3.05835843086, 21.1553726196, -24.5159168243, -33.1848144531, 13.2991571426, 97.5920181274, 153.310653687, 106.717300415, 40.9725875854, 24.9485530853, 2.30802297592], [-155.737091064, -128.692886353, 19.8767204285, 26.951581955, -40.1107788086, -10.51612854, 38.9807167053, 54.1322631836, 106.717300415, 130.075500488, 71.717300415, 15.736415863, -7.72799015045], [18.6758556366, -3.12974262238, -12.1739263535, 3.61179995537, -29.5551166534, -31.5366420746, 18.6903514862, 35.6563453674, 40.9725875854, 71.717300415, 80.5056304932, 45.5696029663, 7.88476657867], [-33.2804679871, -23.0146980286, -1.68447685242, -22.62134552, -37.595539093, -26.6740055084, -11.4613790512, 12.6328868866, 24.9485530853, 15.736415863, 45.5696029663, 95.260093689, 75.3991470337], [-67.8538131714, -50.6289901733, -8.77902793884, -30.3176422119, -33.8188743591, -6.90397596359, 4.86057138443, 4.8226275444, 2.30802297592, -7.72799015045, 7.88476657867, 75.3991470337, 121.738319397]], "icov": [[-319.338500977, 439.892150879, -406.341827393, 355.402099609, -293.65246582, 228.145477295, -165.675216675, 111.390823364, -68.3451385498, 37.4393577576, -17.6668357849, 6.59883213043, -1.5471868515], [439.892150879, -605.70123291, 558.785095215, -487.664489746, 401.64364624, -310.705932617, 224.384246826, -149.834686279, 91.1645812988, -49.4448471069, 23.0487995148, -8.48268508911, 1.95827889442], [-406.341827393, 558.785095215, -513.446594238, 445.058990479, -362.870574951, 276.86907959, -196.364761353, 128.145401001, -75.7271575928, 39.6182289124, -17.6273479462, 6.10388946533, -1.31232440472], [355.402099609, -487.664489746, 445.058990479, -381.236724854, 305.302947998, -227.113586426, 155.549163818, -96.8303756714, 53.6173744202, -25.639831543, 9.96503257751, -2.76376366615, 0.412906706333], [-293.65246582, 401.64364624, -362.870574951, 305.302947998, -237.636398315, 169.41847229, -108.87297821, 61.4694213867, -28.9441871643, 10.1962680817, -1.56978261471, -0.874200463295, 0.570772588253], [228.145477295, -310.705932617, 276.86907959, -227.113586426, 169.41847229, -112.628639221, 64.0904998779, -28.4002838135, 6.42752361298, 3.59092497826, -5.76959466934, 4.00126409531, -1.40444028378], [-165.675216675, 224.384246826, -196.364761353, 155.549163818, -108.87297821, 64.0904998779, -27.3905105591, 2.49309897423, 10.4273319244, -13.4743432999, 10.8180818558, -6.06943559647, 1.94194364548], [111.390823364, -149.834686279, 128.145401001, -96.8303756714, 61.4694213867, -28.4002838135, 2.49309897423, 13.4738435745, -19.6764717102, 18.2237625122, -12.9120082855, 6.80210018158, -2.11540842056], [-68.3451385498, 91.1645812988, -75.7271575928, 53.6173744202, -28.9441871643, 6.42752361298, 10.4273319244, -19.6764717102, 21.6797027588, -18.1871814728, 12.2688798904, -6.2935333252, 1.93662154675], [37.4393577576, -49.4448471069, 39.6182289124, -25.639831543, 10.1962680817, 3.59092497826, -13.4743432999, 18.2237625122, -18.1871814728, 14.6220254898, -9.65111637115, 4.8924741745, -1.50372445583], [-17.6668357849, 23.0487995148, -17.6273479462, 9.96503257751, -1.56978261471, -5.76959466934, 10.8180818558, -12.9120082855, 12.2688798904, -9.65111637115, 6.33861351013, -3.21175026894, 0.998790442944], [6.59883213043, -8.48268508911, 6.10388946533, -2.76376366615, -0.874200463295, 4.00126409531, -6.06943559647, 6.80210018158, -6.2935333252, 4.8924741745, -3.21175026894, 1.65626883507, -0.528873085976], [-1.5471868515, 1.95827889442, -1.31232440472, 0.412906706333, 0.570772588253, -1.40444028378, 1.94194364548, -2.11540842056, 1.93662154675, -1.50372445583, 0.998790442944, -0.528873085976, 0.184337422252]]}, "spectral_contrast_coeffs": {"dmean": [0.0315500535071, 0.0283751189709, 0.0209833420813, 0.0166045725346, 0.0151156736538, 0.026179028675], "dmean2": [0.0510752648115, 0.0476929135621, 0.0336821079254, 0.0262656155974, 0.0253944583237, 0.0460254363716], "dvar": [0.000799943692982, 0.00131004338618, 0.000746406847611, 0.000469615391921, 0.000227032724069, 0.000538111315109], "dvar2": [0.00192700489424, 0.00338852358982, 0.00178873876575, 0.00110659829807, 0.000582297565416, 0.00153178418986], "max": [-0.258039653301, -0.289609581232, -0.416651666164, -0.513775706291, -0.618382394314, -0.767264604568], "mean": [-0.528782904148, -0.578555166721, -0.693886935711, -0.701075077057, -0.731893837452, -0.902189433575], "median": [-0.525528609753, -0.570763647556, -0.701293706894, -0.701376318932, -0.726299643517, -0.903912127018], "min": [-0.958850324154, -0.959322035313, -0.982318341732, -0.969913423061, -0.961796462536, -0.962119579315], "var": [0.0142448311672, 0.0128545835614, 0.00765629950911, 0.00463025690988, 0.00217969762161, 0.000893587886821]}, "spectral_contrast_valleys": {"dmean": [0.375241279602, 0.287498831749, 0.226318910718, 0.205076754093, 0.211729586124, 0.622857689857], "dmean2": [0.607273697853, 0.461493730545, 0.356901526451, 0.315127521753, 0.343670785427, 1.09781706333], "dvar": [0.156035721302, 0.190717950463, 0.13295455277, 0.125503778458, 0.10603967309, 0.300617754459], "dvar2": [0.297515273094, 0.328790575266, 0.22004365921, 0.208098575473, 0.184595346451, 0.8074837327], "max": [-6.43533468246, -4.79962730408, -6.48087835312, -7.63070869446, -9.98941802979, -12.2940673828], "mean": [-9.26094436646, -8.22287940979, -9.045601