{"lowlevel": {"average_loudness": 0.96551412344, "barkbands_crest": {"dmean": 3.14122653008, "dmean2": 4.49134969711, "dvar": 9.07311725616, "dvar2": 16.4266796112, "max": 25.5767745972, "mean": 14.9777736664, "median": 15.101556778, "min": 2.57289958, "var": 33.1252174377}, "barkbands_flatness_db": {"dmean": 0.0279339030385, "dmean2": 0.0399838127196, "dvar": 0.000707059167325, "dvar2": 0.00146497599781, "max": 0.313297361135, "mean": 0.129289105535, "median": 0.121224805713, "min": 0.0335883572698, "var": 0.00332448934205}, "barkbands_kurtosis": {"dmean": 5.1555891037, "dmean2": 8.1937494278, "dvar": 62.2326278687, "dvar2": 152.253265381, "max": 71.8710098267, "mean": 7.0122885704, "median": 4.20856952667, "min": -1.75449991226, "var": 99.9776916504}, "barkbands_skewness": {"dmean": 0.829576551914, "dmean2": 1.22912240028, "dvar": 0.708463668823, "dvar2": 1.57987475395, "max": 8.04298114777, "mean": 2.25989890099, "median": 2.19014215469, "min": -2.03020000458, "var": 2.31125020981}, "barkbands_spread": {"dmean": 9.07305812836, "dmean2": 13.6400136948, "dvar": 86.6929550171, "dvar2": 170.626571655, "max": 96.4297790527, "mean": 28.7247486115, "median": 26.8496952057, "min": 2.26243591309, "var": 282.466003418}, "dissonance": {"dmean": 0.0106219481677, "dmean2": 0.0181921310723, "dvar": 8.54840109241e-05, "dvar2": 0.000235984480241, "max": 0.5, "mean": 0.484588384628, "median": 0.487749278545, "min": 0.350841134787, "var": 0.000197590430616}, "dynamic_complexity": 4.77415132523, "erbbands_crest": {"dmean": 2.27887177467, "dmean2": 3.92361807823, "dvar": 4.7535161972, "dvar2": 13.7398672104, "max": 18.7966156006, "mean": 6.56149196625, "median": 5.83250570297, "min": 2.53152751923, "var": 7.43040800095}, "erbbands_flatness_db": {"dmean": 0.0107382806018, "dmean2": 0.0170511640608, "dvar": 9.02505635167e-05, "dvar2": 0.000206230863114, "max": 0.269624561071, "mean": 0.111821480095, "median": 0.100355699658, "min": 0.054768845439, "var": 0.00137617147993}, "erbbands_kurtosis": {"dmean": 0.545753180981, "dmean2": 0.882104933262, "dvar": 0.314694523811, "dvar2": 0.821855485439, "max": 9.51206874847, "mean": -0.128332808614, "median": -0.369651913643, "min": -1.5876313448, "var": 1.03586709499}, "erbbands_skewness": {"dmean": 0.269422858953, "dmean2": 0.440309435129, "dvar": 0.0483080632985, "dvar2": 0.133717909455, "max": 2.45227789879, "mean": -0.294873744249, "median": -0.356855988503, "min": -1.66256976128, "var": 0.241667941213}, "erbbands_spread": {"dmean": 8.27385044098, "dmean2": 13.4007120132, "dvar": 53.5247688293, "dvar2": 139.778198242, "max": 99.753578186, "mean": 48.7970275879, "median": 49.6748275757, "min": 13.9267959595, "var": 190.838317871}, "hfc": {"dmean": 13.5102701187, "dmean2": 19.8307609558, "dvar": 306.055480957, "dvar2": 611.241638184, "max": 122.110496521, "mean": 29.4922943115, "median": 18.9572639465, "min": 1.20916997245e-16, "var": 636.275878906}, "melbands_crest": {"dmean": 3.6593208313, "dmean2": 5.50510215759, "dvar": 11.6358995438, "dvar2": 28.2899341583, "max": 32.0252113342, "mean": 20.6293468475, "median": 21.6198997498, "min": 1.74691390991, "var": 36.0859603882}, "melbands_flatness_db": {"dmean": 0.0363693982363, "dmean2": 0.0512494519353, "dvar": 0.00112176022958, "dvar2": 0.00234327767976, "max": 0.448238015175, "mean": 0.208237662911, "median": 0.207636088133, "min": 0.00349765014835, "var": 0.00611696252599}, "melbands_kurtosis": {"dmean": 16.7285709381, "dmean2": 26.1351833344, "dvar": 477.969207764, "dvar2": 1135.67492676, "max": 255.291656494, "mean": 30.6795959473, "median": 22.1339969635, "min": -1.34094488621, "var": 986.35333252}, "melbands_skewness": {"dmean": 1.27601063251, "dmean2": 1.90946865082, "dvar": 1.42571222782, "dvar2": 3.06812977791, "max": 13.7883033752, "mean": 4.50707817078, "median": 4.3428235054, "min": -0.0831487998366, "var": 5.3125500679}, "melbands_spread": {"dmean": 9.27108192444, "dmean2": 13.4344987869, "dvar": 111.771652222, "dvar2": 215.960220337, "max": 146.515609741, "mean": 22.9287948608, "median": 14.835477829, "min": 1.51308298111, "var": 443.254486084}, "pitch_salience": {"dmean": 0.091944783926, "dmean2": 0.129875212908, "dvar": 0.00769616477191, "dvar2": 0.0159254502505, "max": 0.795279204845, "mean": 0.405217587948, "median": 0.398804634809, "min": 0.0887221246958, "var": 0.0236182659864}, "silence_rate_20dB": {"dmean": 0, "dmean2": 0, "dvar": 0, "dvar2": 0, "max": 1, "mean": 1, "median": 1, "min": 1, "var": 0}, "silence_rate_30dB": {"dmean": 0.0966183543205, "dmean2": 0.193370163441, "dvar": 0.0872848033905, "dvar2": 0.178080037236, "max": 1, "mean": 0.828275859356, "median": 1, "min": 0, "var": 0.142236500978}, "silence_rate_60dB": {"dmean": 0.00690131122246, "dmean2": 0.0138121545315, "dvar": 0.00685373879969, "dvar2": 0.0150025552139, "max": 1, "mean": 0.104827582836, "median": 0, "min": 0, "var": 0.0938386768103}, "spectral_centroid": {"dmean": 293.679870605, "dmean2": 450.153778076, "dvar": 116305.59375, "dvar2": 206496.46875, "max": 10806.8056641, "mean": 2009.22875977, "median": 2041.12463379, "min": 236.67024231, "var": 457109.21875}, "spectral_complexity": {"dmean": 6.22360229492, "dmean2": 8.54143619537, "dvar": 37.186794281, "dvar2": 64.0506286621, "max": 57, "mean": 24.4303455353, "median": 24, "min": 0, "var": 172.842666626}, "spectral_decrease": {"dmean": 3.98420896275e-09, "dmean2": 5.62624080658e-09, "dvar": 2.5721339966e-17, "dvar2": 5.80116454311e-17, "max": 5.78007187176e-19, "mean": -1.29015313988e-08, "median": -9.65569668665e-09, "min": -4.49194779151e-08, "var": 1.10261587467e-16}, "spectral_energy": {"dmean": 0.0156910363585, "dmean2": 0.0224279407412, "dvar": 0.000382887083106, "dvar2": 0.000848143710755, "max": 0.177554383874, "mean": 0.0513682924211, "median": 0.0395027063787, "min": 1.09534820506e-20, "var": 0.00165885512251}, "spectral_energyband_high": {"dmean": 0.00117189704906, "dmean2": 0.00169661594555, "dvar": 2.45944261223e-06, "dvar2": 4.7847524911e-06, "max": 0.011951235123, "mean": 0.00217090803199, "median": 0.00111993448809, "min": 7.99899485093e-21, "var": 4.84322163175e-06}, "spectral_energyband_low": {"dmean": 0.0145676881075, "dmean2": 0.0203185286373, "dvar": 0.000420003547333, "dvar2": 0.00092843209859, "max": 0.155790448189, "mean": 0.0389051660895, "median": 0.0272982884198, "min": 3.68249736888e-23, "var": 0.00141654897016}, "spectral_energyband_middle_high": {"dmean": 0.00265941931866, "dmean2": 0.00424868427217, "dvar": 1.1781889043e-05, "dvar2": 2.66520728474e-05, "max": 0.0271315667778, "mean": 0.00525933736935, "median": 0.00353461154737, "min": 1.51347617053e-21, "var": 2.08548935916e-05}, "spectral_energyband_middle_low": {"dmean": 0.0042531020008, "dmean2": 0.00701461965218, "dvar": 7.96619860921e-05, "dvar2": 0.000203700110433, "max": 0.0575499422848, "mean": 0.00585282826796, "median": 0.00356442620978, "min": 4.02931419674e-22, "var": 7.07564249751e-05}, "spectral_entropy": {"dmean": 0.0939393267035, "dmean2": 0.143896445632, "dvar": 0.00897142477334, "dvar2": 0.0172255579382, "max": 9.81200122833, "mean": 7.98265981674, "median": 8.05273246765, "min": 6.01483345032, "var": 0.150258928537}, "spectral_flux": {"dmean": 0.0319676585495, "dmean2": 0.0489567704499, "dvar": 0.00124196091201, "dvar2": 0.0024298618082, "max": 0.31016394496, "mean": 0.100686110556, "median": 0.0879501178861, "min": 1.04658885725e-10, "var": 0.0044413022697}, "spectral_kurtosis": {"dmean": 0.991576492786, "dmean2": 1.72549831867, "dvar": 4.33690643311, "dvar2": 12.9208698273, "max": 43.9892196655, "mean": 3.20494413376, "median": 2.17318153381, "min": -1.15163362026, "var": 20.0260295868}, "spectral_rms": {"dmean": 0.00100230763201, "dmean2": 0.00140646693762, "dvar": 1.27483997403e-06, "dvar2": 2.38594498114e-06, "max": 0.0131614506245, "mean": 0.0063262116164, "median": 0.00620799697936, "min": 3.26899423329e-12, "var": 1.00945053418e-05}, "spectral_rolloff": {"dmean": 727.434753418, "dmean2": 1106.82006836, "dvar": 1043453.4375, "dvar2": 1849673.875, "max": 18820.0195312, "mean": 1419.75073242, "median": 538.330078125, "min": 64.599609375, "var": 4512096.5}, "spectral_skewness": {"dmean": 0.130748420954, "dmean2": 0.220397859812, "dvar": 0.0264003779739, "dvar2": 0.077346034348, "max": 4.89077186584, "mean": 1.20324981213, "median": 1.10308623314, "min": 0.0366389304399, "var": 0.242574691772}, "spectral_spread": {"dmean": 477625.34375, "dmean2": 702196.875, "dvar": 1129699999740.0, "dvar2": 1387405901820.0, "max": 39549164, "mean": 5098636.5, "median": 5250309.5, "min": 1504177.25, "var": 2254824800260.0}, "spectral_strongpeak": {"dmean": 0.1942037642, "dmean2": 0.323319464922, "dvar": 0.153111994267, "dvar2": 0.391776710749, "max": 6.09479761124, "mean": 0.430550068617, "median": 0.3228046, "min": 0, "var": 0.179518520832}, "zerocrossingrate": {"dmean": 0.0156297180802, "dmean2": 0.0163145959377, "dvar": 0.000245306378929, "dvar2": 0.00025673219352, "max": 0.513671875, "mean": 0.06220568344, "median": 0.0537109375, "min": 0.00732421875, "var": 0.00265067839064}, "barkbands": {"dmean": [0.000277574843494, 0.0122846849263, 0.00510158389807, 0.00114509114064, 0.00227530766279, 0.000419729447458, 0.00047798405285, 0.00043171751895, 0.000535157800186, 0.000701782701071, 0.000382425205316, 0.000158669659868, 0.000169645354617, 0.000461351679405, 0.000383612001315, 0.000548427982721, 0.000390779372538, 0.000339971476933, 0.000291141303023, 0.000326325651258, 0.000264927046373, 0.000297493039398, 0.000234654246015, 0.000191301267478, 0.000107877589471, 3.0184895877e-05, 1.09046859507e-05], "dmean2": [0.000331032846589, 0.0175194330513, 0.00848813448101, 0.00200285064057, 0.00416548643261, 0.000728465907741, 0.000756230496336, 0.000723095494322, 0.000883350614458, 0.00115032342728, 0.000642904895358, 0.000272087956546, 0.000286408001557, 0.000784404051956, 0.000629184185527, 0.000915270706173, 0.000635256117675, 0.000592348980717, 0.000469846039778, 0.000512660189997, 0.000414145819377, 0.000450151652331, 0.000337494246196, 0.000277213781374, 0.000152349923155, 4.24719255534e-05, 1.52689535753e-05], "dvar": [1.77015664349e-07, 0.000350232847268, 0.000138414790854, 8.63234072312e-06, 4.16542825405e-05, 7.25979134586e-07, 7.57018653985e-07, 6.6964190637e-07, 8.99724682313e-07, 1.7400257093e-06, 1.10297446554e-06, 7.97581520828e-08, 1.4960752992e-07, 8.38346522869e-07, 5.12232077199e-07, 9.99597659757e-07, 3.63915745538e-07, 5.36023890163e-07, 1.75735692665e-07, 1.97407061364e-07, 1.23121580486e-07, 1.51702209905e-07, 1.00011931181e-07, 6.85574690351e-08, 2.45931026654e-08, 1.99771021947e-09, 2.47273673759e-10], "dvar2": [2.70984628514e-07, 0.000660694669932, 0.00034038576996, 2.3467831852e-05, 0.000117785806651, 2.00632325686e-06, 1.77429603809e-06, 1.61356365425e-06, 2.19472462959e-06, 4.48282071375e-06, 3.02232774629e-06, 2.18936619945e-07, 3.92569148744e-07, 2.29039460464e-06, 1.25948554341e-06, 2.61905734078e-06, 8.51740537655e-07, 1.53933262936e-06, 4.31215056551e-07, 4.53051569593e-07, 2.89897570838e-07, 3.07977870762e-07, 2.06197924513e-07, 1.3610704741e-07, 5.17733624861e-08, 4.41289671471e-09, 4.87654694403e-10], "max": [0.0042777066119, 0.141000196338, 0.0653732195497, 0.0204252414405, 0.0392358116806, 0.00644298736006, 0.00947777088732, 0.0103402538225, 0.0167003478855, 0.0147208571434, 0.0159639306366, 0.00338280503638, 0.005491043441, 0.00914953649044, 0.00864868611097, 0.0126349888742, 0.00813487265259, 0.00827879924327, 0.00424430146813, 0.00377033650875, 0.00268150423653, 0.00360583793372, 0.00286683277227, 0.0017602017615, 0.00123824889306, 0.000330825365381, 0.000130077023641], "mean": [0.000759142450988, 0.0316882655025, 0.00582394842058, 0.00107885058969, 0.00185569992755, 0.000559700594749, 0.00069719471503, 0.000552259094547, 0.000738483155146, 0.000909851281904, 0.000446421821835, 0.000201992370421, 0.000214254818275, 0.000570880540181, 0.000529443554115, 0.000767104153056, 0.000565689755604, 0.000513342558406, 0.000504594645463, 0.000539948639926, 0.00044625546434, 0.000503597722854, 0.000373557384592, 0.000308894639602, 0.000159521179739, 4.31278822361e-05, 1.63438999152e-05], "median": [0.000638229423203, 0.0211154855788, 0.00351891107857, 0.000415316957515, 0.000560894957744, 0.000333358359057, 0.000412265770137, 0.000189777376363, 0.000451649335446, 0.000389134220313, 0.000167576101376, 0.000113108188089, 8.19290580694e-05, 0.000220326386625, 0.000226829346502, 0.000325779721607, 0.000351844617398, 0.000307546404656, 0.000331776274834, 0.000323177548125, 0.000262154790107, 0.00025595742045, 0.000164593948284, 0.000136342743644, 6.39965583105e-05, 1.81131836143e-05, 7.22983168089e-06], "min": [1.4230014167e-23, 1.46048445815e-23, 2.5608582518e-24, 2.70406056636e-23, 6.27746983165e-23, 7.07518680493e-23, 4.28250497339e-23, 8.30338580529e-23, 9.55700632163e-23, 4.20044766203e-23, 1.3103557713e-22, 9.43339181778e-23, 1.67408527209e-22, 1.20551590456e-22, 1.92278231838e-22, 7.96593824685e-23, 2.02880762218e-22, 2.8583765269e-22, 1.37758742013e-22, 2.89921856964e-22, 3.89790562093e-22, 7.03375545154e-22, 5.88253501293e-22, 1.02658132435e-21, 1.03845023523e-21, 1.68828027503e-21, 2.64476682723e-21], "var": [6.72328326345e-07, 0.00112205790356, 0.00011682582408, 6.05064542469e-06, 2.56372222793e-05, 6.27296628863e-07, 9.68537847257e-07, 9.94816900857e-07, 1.10318444513e-06, 2.10283155866e-06, 9.83926724984e-07, 7.42380024121e-08, 1.72445396629e-07, 1.03004174434e-06, 7.77641560035e-07, 1.59922910825e-06, 5.13006455094e-07, 6.33848173948e-07, 2.75343211342e-07, 3.35578135946e-07, 2.04821958505e-07, 2.88311895247e-07, 1.77324054107e-07, 1.2553496731e-07, 4.01857995769e-08, 3.00465563541e-09, 4.2862635663e-10]}, "erbbands": {"dmean": [0.412148296833, 2.94289731979, 6.07023096085, 3.54494380951, 4.62769985199, 9.38310050964, 5.7513422966, 3.04732275009, 6.80153274536, 8.62938976288, 7.73523855209, 13.1950416565, 18.6553325653, 16.3630981445, 18.2953472137, 5.84530973434, 7.57679653168, 24.2868728638, 20.049243927, 22.6590003967, 23.530916214, 18.3438663483, 21.7649917603, 12.4014501572, 15.5830259323, 16.2164955139, 10.8880405426, 11.5276231766, 9.96598148346, 9.24336433411, 7.30344724655, 4.74283075333, 2.5665409565, 1.4000415802, 0.679423570633, 0.184305399656, 0.0495268069208, 0.0115892505273, 0.00204789848067, 0.000102317048004], "dmean2": [0.53542983532, 4.20497512817, 9.43517494202, 5.50222110748, 8.12625312805, 17.3134155273, 10.6004829407, 5.10922574997, 11.0234708786, 13.6382513046, 13.5595140457, 21.789648056, 30.7812690735, 26.6207695007, 30.9645824432, 9.76422405243, 12.6939001083, 41.6570663452, 32.6136131287, 37.8706550598, 39.0745391846, 29.3492527008, 37.4361419678, 20.3794937134, 24.4274806976, 25.759759903, 16.9814682007, 17.6441402435, 15.0501356125, 14.0773849487, 10.6725854874, 6.92729377747, 3.71369552612, 1.98524343967, 0.987468600273, 0.263671725988, 0.0699891373515, 0.0164345316589, 0.00288219796494, 0.000143747514812], "dvar": [0.345995634794, 20.715637207, 163.783828735, 64.0743637085, 158.617980957, 734.540893555, 296.587219238, 25.4018611908, 174.570205688, 214.567245483, 192.498641968, 646.622924805, 1295.2578125, 1321.07055664, 2850.72436523, 90.4461517334, 224.641952515, 2431.29858398, 1507.41430664, 1073.88928223, 1428.51989746, 697.993896484, 2295.15673828, 259.669952393, 586.962158203, 504.630126953, 205.727828979, 251.590423584, 202.58581543, 149.200134277, 99.8481292725, 44.0180931091, 12.6427240372, 4.01786708832, 1.05246257782, 0.0783746540546, 0.00527124619111, 0.000261766661424, 8.8573742687e-06, 2.07459418533e-08], "dvar2": [0.525043785572, 41.0993270874, 379.109405518, 145.10206604, 442.020446777, 2089.81835938, 853.497497559, 66.2387542725, 416.413024902, 498.878417969, 513.132873535, 1569.19287109, 3325.67602539, 3386.91259766, 7912.68847656, 238.133224487, 580.971801758, 6734.63037109, 3792.98413086, 2680.32470703, 3706.32592773, 1570.84985352, 6562.15527344, 646.982543945, 1438.46679688, 1202.67614746, 467.166870117, 574.836181641, 415.330413818, 322.954376221, 207.881408691, 89.1137313843, 24.7798061371, 8.38020610809, 2.32026910782, 0.177740722895, 0.0112662417814, 0.0005137968692, 1.80389870366e-05, 4.11336493755e-08], "max": [4.33308410645, 34.2745628357, 83.8831634521, 71.5249404907, 86.2876205444, 171.797195435, 164.229415894, 54.2538414001, 145.521179199, 162.043167114, 112.310676575, 452.529693604, 430.18850708, 478.274719238, 853.31036377, 114.682060242, 215.553482056, 489.735748291, 487.431213379, 360.604400635, 510.883911133, 356.558624268, 558.324829102, 139.856658936, 256.817504883, 170.160140991, 114.789077759, 138.689208984, 161.006576538, 84.6183242798, 90.552772522, 47.0150260925, 28.0117816925, 17.6194210052, 7.0975522995, 2.042293787, 0.546006083488, 0.120135568082, 0.0241757612675, 0.00132891593967], "mean": [1.08098435402, 6.39833498001, 8.29173660278, 4.41944074631, 4.29307603836, 7.24461269379, 4.7979683876, 4.69838237762, 9.63782024384, 13.0215854645, 9.62093448639, 18.3438873291, 24.9030094147, 21.9236621857, 21.6195640564, 8.26954460144, 10.1606826782, 29.6023921967, 28.8838825226, 32.5255889893, 34.8382568359, 29.5493526459, 33.333278656, 22.4922866821, 26.1306304932, 26.0538463593, 19.1416149139, 18.9063930511, 16.9810161591, 14.9156045914, 11.4309940338, 7.53861045837, 4.12964248657, 2.14467763901, 0.937909901142, 0.255836367607, 0.0709280520678, 0.0174030102789, 0.00300125940703, 0.000198385328986], "median": [0.787489652634, 3.97221517563, 5.58849143982, 2.44154214859, 1.72019505501, 1.8261153698, 1.75246500969, 3.10870981216, 5.20422458649, 6.78991508484, 5.03946113586, 11.2602453232, 12.0280723572, 9.23582363129, 8.04164886475, 5.09201574326, 4.84245967865, 12.4839057922, 12.3054046631, 17.3928833008, 18.4095153809, 19.814907074, 19.1335353851, 16.0806999207, 16.2778701782, 15.7754268646, 11.6920337677, 10.4154577255, 9.31880474091, 7.02202033997, 5.03616094589, 3.3318529129, 1.77197265625, 0.868466854095, 0.356576949358, 0.107315041125, 0.0289428383112, 0.00755117973313, 0.00130727235228, 0.000136137750815], "min": [2.37981184993e-22, 4.02993831824e-21, 5.82308009373e-21, 4.90553355355e-20, 7.13014889243e-20, 3.31784780333e-19, 3.56833205149e-19, 6.40724228015e-19, 7.12749894179e-19, 8.94665522443e-19, 1.85687551178e-18, 1.78695103947e-18, 2.18815948595e-18, 2.61562016353e-18, 5.72914184446e-18, 2.82396193762e-18, 9.19716976807e-18, 6.50249078352e-18, 5.52766174035e-18, 1.01805998353e-17, 6.6987881875e-18, 1.04133502617e-17, 1.43144498357e-17, 9.88096275734e-18, 7.71448160729e-18, 1.48989472371e-17, 1.08455802559e-17, 2.19453183724e-17, 2.78021624277e-17, 1.80912274725e-17, 1.56423030207e-17, 1.9753445259e-17, 1.6524467983e-17, 1.09083789808e-17, 7.86978973038e-18, 5.28798202196e-18, 3.09586675152e-18, 1.50347024649e-18, 3.75862262496e-19, 3.78271374331e-20], "var": [1.33732736111, 54.564365387, 176.596679688, 64.8448944092, 105.614028931, 442.55581665, 173.161254883, 30.5358028412, 207.4402771, 344.422485352, 184.149246216, 771.204711914, 1623.64453125, 1516.26098633, 2479.08178711, 95.0879669189, 268.601959229, 2821.18017578, 2355.97631836, 1638.41674805, 2229.46655273, 1126.29968262, 2756.22094727, 401.994598389, 934.433349609, 793.741394043, 358.360839844, 425.171813965, 379.093231201, 264.357727051, 172.200057983, 77.2742156982, 22.7705821991, 6.79032039642, 1.54216980934, 0.111269250512, 0.00823966693133, 0.000460170558654, 1.46317697727e-05, 3.91167311875e-08]}, "gfcc": {"mean": [-1.44777798653, 68.2931594849, -103.074447632, 52.688533783, -43.599697113, 22.2570819855, -19.7988128662, 19.4649829865, -7.42178821564, 3.64452648163, -13.0992231369, -4.44885772595e-05, -6.21744298935], "cov": [[36996.7304688, -3781.61523438, -836.181274414, 1920.23376465, -804.269836426, 1877.42858887, -416.273864746, 747.744995117, 290.516937256, 406.238342285, -197.845321655, 577.01965332, 226.944213867], [-3781.61523438, 1726.80371094, -172.132415771, -132.311141968, 241.063613892, -394.462860107, 141.912750244, -120.544807434, -41.9449539185, -115.611953735, 47.7378425598, -159.332183838, 6.11178350449], [-836.181274414, -172.132415771, 417.829711914, -61.1798324585, 35.9740028381, 20.4780349731, 17.4857940674, 37.6834869385, 19.4060935974, 37.4195365906, -0.154326409101, 13.3199710846, -37.4818229675], [1920.23376465, -132.311141968, -61.1798324585, 246.268035889, 19.1052188873, 130.048446655, 25.9470329285, 58.3261146545, 48.4788017273, 10.464222908, 11.4027357101, 23.6499195099, 14.2925481796], [-804.269836426, 241.063613892, 35.9740028381, 19.1052188873, 127.463264465, -15.7280225754, 68.4510726929, 4.99201345444, 20.3813381195, -1.563352108, 17.965637207, -24.1737537384, -1.1140973568], [1877.42858887, -394.462860107, 20.4780349731, 130.048446655, -15.7280225754, 228.483734131, 5.94990634918, 75.9100112915, 33.9388694763, 41.1345748901, -5.0246796608, 47.1314544678, 10.5327348709], [-416.273864746, 141.912750244, 17.4857940674, 25.9470329285, 68.4510726929, 5.94990634918, 100.818557739, 36.5364723206, 37.1361961365, 5.44240427017, 21.9004688263, -11.3071784973, 0.862786889076], [747.744995117, -120.544807434, 37.6834869385, 58.3261146545, 4.99201345444, 75.9100112915, 36.5364723206, 81.3701171875, 46.4900093079, 29.8219184875, 9.97565364838, 24.8659439087, 6.28168487549], [290.516937256, -41.9449539185, 19.4060935974, 48.4788017273, 20.3813381195, 33.9388694763, 37.1361961365, 46.4900093079, 66.3050537109, 32.9902229309, 20.6144962311, 13.417052269, 6.85882663727], [406.238342285, -115.611953735, 37.4195365906, 10.464222908, -1.563352108, 41.1345748901, 5.44240427017, 29.8219184875, 32.9902229309, 53.8969230652, 20.4441890717, 20.434173584, 5.33256053925], [-197.845321655, 47.7378425598, -0.154326409101, 11.4027357101, 17.965637207, -5.0246796608, 21.9004688263, 9.97565364838, 20.6144962311, 20.4441890717, 45.8995437622, 16.8878154755, 6.59689474106], [577.01965332, -159.332183838, 13.3199710846, 23.6499195099, -24.1737537384, 47.1314544678, -11.3071784973, 24.8659439087, 13.417052269, 20.434173584, 16.8878154755, 51.5349388123, 17.6975669861], [226.944213867, 6.11178350449, -37.4818229675, 14.2925481796, -1.1140973568, 10.5327348709, 0.862786889076, 6.28168487549, 6.85882663727, 5.33256053925, 6.59689474106, 17.6975669861, 40.65001297]], "icov": [[0.000137565351906, -0.000181071125553, 0.000207717050216, -0.000918168574572, 0.000665268860757, -0.000359631259926, 0.000255539111095, -0.000459511647932, 0.000451793923276, -0.00134273373988, 0.00139426917303, -0.000935253105126, 0.000231389509281], [-0.000181071125553, 0.00243779551238, 0.000310876668664, 0.00130506721325, -0.00352873862721, 0.00301317474805, -0.00081094854977, -0.000574570498429, 0.000441417418187, 0.00395710393786, -0.00500122923404, 0.00535727944225, -0.00241361442022], [0.000207717050216, 0.000310876668664, 0.00407587829977, -2.31906888075e-05, -0.00198176992126, 0.000384804123314, 0.000585609232076, -0.00277813477442, 0.00118063564878, -0.00371146667749, 0.00360858161002, -0.00365119474009, 0.00411447510123], [-0.000918168574572, 0.00130506721325, -2.31906888075e-05, 0.0143790962175, -0.00636424962431, -0.0024520221632, 0.000702607212588, 0.00118244043551, -0.00872087012976, 0.0154009945691, -0.0127074746415, 0.00744498195127, -0.00161191087682], [0.000665268860757, -0.00352873862721, -0.00198176992126, -0.00636424962431, 0.0221887882799, -0.00538184028119, -0.00758708827198, 0.00400163745508, 0.000147768383613, -0.00830408744514, 0.00591719988734, -0.00175203965046, -0.00036102894228], [-0.000359631259926, 0.00301317474805, 0.000384804123314, -0.0024520221632, -0.00538184028119, 0.015221638605, -0.00257706618868, -0.00543168233708, 0.00540887564421, -0.00260796793737, 0.00114244455472, -0.000428418046795, -0.000995194190182], [0.000255539111095, -0.00081094854977, 0.000585609232076, 0.000702607212588, -0.00758708827198, -0.00257706618868, 0.0263355113566, -0.0131252193823, -0.00632498739287, 0.00637298543006, -0.00771051552147, 0.00692458590493, -0.000614931515884], [-0.000459511647932, -0.000574570498429, -0.00277813477442, 0.00118244043551, 0.00400163745508, -0.00543168233708, -0.0131252193823, 0.0377837643027, -0.0155306002125, -0.00047237117542, 0.00427095033228, -0.00831738207489, 0.00124171725474], [0.000451793923276, 0.000441417418187, 0.00118063564878, -0.00872087012976, 0.000147768383613, 0.00540887564421, -0.00632498739287, -0.0155306002125, 0.0418023839593, -0.0224278252572, 0.00239214114845, -0.00108848221134, -0.00132248364389], [-0.00134273373988, 0.00395710393786, -0.00371146667749, 0.0154009945691, -0.00830408744514, -0.00260796793737, 0.00637298543006, -0.00047237117542, -0.0224278252572, 0.0593095645308, -0.0355370156467, 0.0178340841085, -0.00754327699542], [0.00139426917303, -0.00500122923404, 0.00360858161002, -0.0127074746415, 0.00591719988734, 0.00114244455472, -0.00771051552147, 0.00427095033228, 0.00239214114845, -0.0355370156467, 0.0644795373082, -0.0397095605731, 0.011215259321], [-0.000935253105126, 0.00535727944225, -0.00365119474009, 0.00744498195127, -0.00175203965046, -0.000428418046795, 0.00692458590493, -0.00831738207489, -0.00108848221134, 0.0178340841085, -0.0397095605731, 0.0634302571416, -0.0236938968301], [0.000231389509281, -0.00241361442022, 0.00411447510123, -0.00161191087682, -0.00036102894228, -0.000995194190182, -0.000614931515884, 0.00124171725474, -0.00132248364389, -0.00754327699542, 0.011215259321, -0.0236938968301, 0.0378090851009]]}, "melbands": {"dmean": [0.00342033524066, 0.00308251567185, 0.000593599921558, 0.000529558572453, 0.000249637989327, 7.19062154531e-05, 0.000100937279058, 9.70699402387e-05, 6.50219299132e-05, 8.28683405416e-05, 9.40243917285e-05, 6.89282023814e-05, 5.46382070752e-05, 2.81023949356e-05, 1.12174948299e-05, 2.05598007597e-05, 5.14195635333e-05, 3.20435210597e-05, 2.48919604928e-05, 4.72583778901e-05, 2.35851930483e-05, 1.63998356584e-05, 3.11050134769e-05, 1.23925665321e-05, 1.02863432403e-05, 1.3324012798e-05, 9.32167040446e-06, 1.18410562209e-05, 7.9357814684e-06, 5.57541352464e-06, 8.26648465591e-06, 6.32340834272e-06, 5.43628402738e-06, 4.78905212731e-06, 4.81012284581e-06, 3.08028074869e-06, 2.87015245704e-06, 1.9737024104e-06, 1.41698171774e-06, 1.18289278817e-06], "dmean2": [0.00482034683228, 0.00441445317119, 0.000915737182368, 0.000960061093792, 0.000460249895696, 0.000121472054161, 0.000162236741744, 0.000154142966494, 0.000114219961688, 0.00013661228877, 0.000155650399392, 0.000112546353193, 9.16949720704e-05, 4.73283507745e-05, 1.86493944057e-05, 3.48758476321e-05, 8.79569124663e-05, 5.24492825207e-05, 4.10044085584e-05, 7.8936223872e-05, 3.88747539546e-05, 2.60924916802e-05, 5.2606472309e-05, 2.12665781874e-05, 1.70062558027e-05, 2.17245069507e-05, 1.42875587699e-05, 1.90240225493e-05, 1.2433441043e-05, 8.85093322722e-06, 1.28004321596e-05, 9.62086232903e-06, 8.64315552462e-06, 7.22856520952e-06, 7.09464757165e-06, 4.52671793028e-06, 4.26890619565e-06, 2.90887487608e-06, 2.14711076296e-06, 1.68242445397e-06], "dvar": [2.68202165898e-05, 2.78007537418e-05, 1.66660356626e-06, 2.23532720156e-06, 5.49396986571e-07, 1.52712189561e-08, 3.76901745369e-08, 3.04324601075e-08, 1.34699105203e-08, 2.3480396294e-08, 3.24578977029e-08, 2.66854005559e-08, 2.25346266092e-08, 4.4193013693e-09, 3.27312926762e-10, 2.37225239452e-09, 1.23241852279e-08, 3.33837490984e-09, 1.80636927638e-09, 7.94520449432e-09, 1.2382294079e-09, 5.35213318109e-10, 2.98919156094e-09, 6.96855351201e-10, 2.03959932277e-10, 5.63260493802e-10, 1.45005438212e-10, 3.15798859285e-10, 1.20571733153e-10, 6.02726063503e-11, 1.52871104664e-10, 9.69736443923e-11, 5.18079711076e-11, 4.28599343516e-11, 4.64344535045e-11, 1.76269381036e-11, 1.59130295746e-11, 7.52331530407e-12, 3.71394321547e-12, 3.15587790276e-12], "dvar2": [4.74337721244e-05, 5.88044058532e-05, 3.48574189957e-06, 6.29963005849e-06, 1.57826627856e-06, 4.01276309958e-08, 8.82637749555e-08, 7.08351848289e-08, 3.50991875564e-08, 5.79055772221e-08, 8.323859646e-08, 6.89182257929e-08, 6.19225062337e-08, 1.23790799833e-08, 8.31866742157e-10, 6.3114655724e-09, 3.41858275021e-08, 8.4728286609e-09, 4.49398340763e-09, 2.12094519725e-08, 3.26842597431e-09, 1.2295666707e-09, 7.8434405637e-09, 2.00306748965e-09, 5.21369891704e-10, 1.48130729904e-09, 3.41011135996e-10, 7.50429218765e-10, 2.82333267876e-10, 1.41099187889e-10, 3.63347379961e-10, 2.0841792181e-10, 1.19838056145e-10, 9.19876466665e-11, 1.00302446904e-10, 3.50159450047e-11, 3.29233654228e-11, 1.4677233387e-11, 8.17793315705e-12, 6.78639566418e-12], "max": [0.0377792008221, 0.0413878262043, 0.0109993647784, 0.00949088577181, 0.00676552578807, 0.00121398991905, 0.00214327359572, 0.0020134083461, 0.00152912770864, 0.00246392982081, 0.00214858609252, 0.00219995970838, 0.0023086972069, 0.00111334596295, 0.000188955033082, 0.000693253183272, 0.00111024524085, 0.000697809853591, 0.000433700479334, 0.000994608737528, 0.000410955341067, 0.000279641099041, 0.000539928267244, 0.000318618345773, 0.000126226776047, 0.000269122305326, 9.33977789828e-05, 0.000160032897838, 0.000101926641946, 9.42481856328e-05, 0.000119951131637, 0.000118822441436, 4.97642467963e-05, 5.46292285435e-05, 6.74347902532e-05, 3.07262052957e-05, 2.95879544865e-05, 2.32005513681e-05, 1.31981678351e-05, 1.79876333277e-05], "mean": [0.00923665147275, 0.00577252311632, 0.000782064802479, 0.000438165181549, 0.000203335162951, 0.000108061045466, 0.000146386184497, 0.00014304756769, 8.05714080343e-05, 0.000115191083751, 0.000123297562823, 8.95769553608e-05, 6.52629605611e-05, 3.44719956047e-05, 1.5485988115e-05, 2.49309960054e-05, 6.08773116255e-05, 4.45122350357e-05, 3.43370084011e-05, 6.26907494734e-05, 3.38870449923e-05, 2.5543213269e-05, 4.34306275565e-05, 1.96632881853e-05, 1.74068463821e-05, 2.04746374948e-05, 1.54503795784e-05, 1.81828690984e-05, 1.3167963516e-05, 9.06687455426e-06, 1.25258657135e-05, 1.021755088e-05, 8.46779403219e-06, 7.64590367908e-06, 7.22501999917e-06, 4.807901405e-06, 4.43790349891e-06, 3.06753418045e-06, 2.19788512368e-06, 1.70641669683e-06], "median": [0.00642827805132, 0.00359321478754, 0.00042860431131, 0.000137078473927, 6.69875662425e-05, 6.85127088218e-05, 7.83285286161e-05, 6.71689340379e-05, 4.2762607336e-05, 7.06303326297e-05, 5.85557718296e-05, 3.34947762894e-05, 2.54464976024e-05, 1.58384609676e-05, 8.89143393579e-06, 1.01727091533e-05, 2.04845018743e-05, 1.79985872819e-05, 1.73579737748e-05, 2.33818755078e-05, 1.8569335225e-05, 1.66743157024e-05, 2.33692753682e-05, 1.287476789e-05, 1.18050002129e-05, 1.13613768917e-05, 9.62126887316e-06, 9.77319268713e-06, 7.49349010221e-06, 5.55911810807e-06, 6.40896541881e-06, 5.43211262993e-06, 4.24721747549e-06, 3.57252474714e-06, 3.21184506902e-06, 2.20881884161e-06, 1.94245876628e-06, 1.31969704853e-06, 9.7584870673e-07, 6.82970949129e-07], "min": [4.35185334114e-24, 3.81233677413e-24, 8.73517828809e-24, 1.36466909706e-23, 1.43845457074e-23, 1.48688384612e-23, 9.71230558151e-24, 1.24315469871e-23, 1.52032839305e-23, 1.2170743261e-23, 1.03174936356e-23, 9.35531841176e-24, 1.97773014074e-23, 1.18497857354e-23, 9.57630438373e-24, 2.01412392306e-23, 1.12510245311e-23, 7.35271296233e-24, 1.53381744122e-23, 8.5276597495e-24, 8.7677053898e-24, 1.03850690384e-23, 1.34514100312e-23, 1.31121406774e-23, 7.19292524167e-24, 5.58027898123e-24, 5.56339854115e-24, 1.13529248496e-23, 6.88966028843e-24, 7.96968817605e-24, 1.38909791048e-23, 1.57306532229e-23, 1.38076517274e-23, 9.254366304e-24, 7.60150864778e-24, 1.18594043164e-23, 1.25404026923e-23, 1.14657232816e-23, 1.07596336069e-23, 8.95452106279e-24], "var": [9.41896360018e-05, 5.08409684699e-05, 1.86497072718e-06, 1.40277029459e-06, 3.22704750033e-07, 1.75371273059e-08, 4.6775376461e-08, 4.95488592378e-08, 1.32810313858e-08, 2.77821730066e-08, 4.06387030694e-08, 3.02545366537e-08, 2.01436840541e-08, 3.96767063648e-09, 3.92945731509e-10, 2.57641685764e-09, 1.4276180238e-08, 5.34563771026e-09, 2.48143727788e-09, 1.19380025865e-08, 1.75139980296e-09, 7.98308585903e-10, 4.23817025919e-09, 8.02148347745e-10, 2.92205676322e-10, 7.6197209653e-10, 2.46671072457e-10, 4.93218632602e-10, 1.99628730213e-10, 9.89337431423e-11, 2.39802983026e-10, 1.71900244039e-10, 8.45426020857e-11, 7.5081794948e-11, 7.63606261556e-11, 3.1358974445e-11, 2.76254696202e-11, 1.3101855538e-11, 6.33661135716e-12, 4.92171928212e-12]}, "mfcc": {"mean": [-630.302185059, 84.9804153442, 10.6773376465, 34.9935417175, 11.0783672333, 12.396282196, 4.59544324875, 16.5048828125, 13.2526216507, 12.8403396606, 3.72867751122, 2.88142108917, 2.29335594177], "cov": [[18342.6933594, 37.7591018677, -251.606048584, 409.778503418, 89.7924575806, 475.490386963, 3.88650655746, 396.91708374, 394.662750244, 368.300170898, 54.0098953247, 74.055557251, 75.0603942871], [37.7591018677, 652.148620605, -11.1260652542, 135.963302612, 54.0622215271, -9.18789482117, 45.5098457336, 41.8371925354, 15.7076244354, 34.7611618042, 18.7151222229, -8.82966995239, 5.19092035294], [-251.606048584, -11.1260652542, 233.603302002, 19.1180953979, 20.8392314911, -18.6540565491, 3.52559113503, 4.63653421402, 15.5663795471, 16.6742210388, 30.5465812683, 8.55342960358, 14.4041948318], [409.778503418, 135.963302612, 19.1180953979, 127.763252258, 46.7035713196, 27.7385959625, 26.4549293518, 42.6096458435, 26.3507995605, 23.7171535492, 25.110874176, 18.3987293243, -1.32698667049], [89.7924575806, 54.0622215271, 20.8392314911, 46.7035713196, 57.948551178, 30.4825763702, 19.9723510742, 17.0153656006, 14.9189300537, 16.6832790375, 14.7752933502, 5.09493207932, 2.31669855118], [475.490386963, -9.18789482117, -18.6540565491, 27.7385959625, 30.4825763702, 77.3648910522, 32.1895179749, 30.9219455719, 25.9741039276, 23.9186649323, 10.0247821808, 4.79920578003, 3.28804993629], [3.88650655746, 45.5098457336, 3.52559113503, 26.4549293518, 19.9723510742, 32.1895179749, 57.6403465271, 35.0872573853, 18.9967155457, 16.0372905731, 19.5359668732, 7.95390319824, 2.23881220818], [396.91708374, 41.8371925354, 4.63653421402, 42.6096458435, 17.0153656006, 30.9219455719, 35.0872573853, 70.5348587036, 41.1362380981, 27.6007537842, 26.5962600708, 18.5681915283, 5.78161525726], [394.662750244, 15.7076244354, 15.5663795471, 26.3507995605, 14.9189300537, 25.9741039276, 18.9967155457, 41.1362380981, 59.2551689148, 40.3820648193, 12.6082620621, 10.159532547, 17.6691322327], [368.300170898, 34.7611618042, 16.6742210388, 23.7171535492, 16.6832790375, 23.9186649323, 16.0372905731, 27.6007537842, 40.3820648193, 64.6529846191, 24.3852844238, -0.206969082355, 15.4604711533], [54.0098953247, 18.7151222229, 30.5465812683, 25.110874176, 14.7752933502, 10.0247821808, 19.5359668732, 26.5962600708, 12.6082620621, 24.3852844238, 66.3566970825, 27.8652229309, -12.3100719452], [74.055557251, -8.82966995239, 8.55342960358, 18.3987293243, 5.09493207932, 4.79920578003, 7.95390319824, 18.5681915283, 10.159532547, -0.206969082355, 27.8652229309, 61.4681739807, 21.8295841217], [75.0603942871, 5.19092035294, 14.4041948318, -1.32698667049, 2.31669855118, 3.28804993629, 2.23881220818, 5.78161525726, 17.6691322327, 15.4604711533, -12.3100719452, 21.8295841217, 65.7010421753]], "icov": [[8.90691226232e-05, 5.26859412275e-06, 4.97122418892e-05, -0.000233599741478, 0.000304806191707, -0.000564954709262, 0.000592991709709, -0.000343418301782, -0.000113240850624, -0.000307803653413, 0.000147622165969, -6.94405462127e-05, 6.33652816759e-05], [5.26859412275e-06, 0.00242299144156, 0.000701640732586, -0.00257388316095, -0.00113192503341, 0.00263363542035, -0.00178202241659, -0.000419355725171, 0.000994425732642, -0.000973588088527, -0.000121356562886, 0.00148547952995, -0.000952160567977], [4.97122418892e-05, 0.000701640732586, 0.00562832178548, -0.00110627873801, -0.00248926365748, 0.00316112232395, -0.000274842692306, 0.0010493719019, -0.00240631983615, 0.00118066417053, -0.00426575588062, 0.00260269385763, -0.00281662750058], [-0.000233599741478, -0.00257388316095, -0.00110627873801, 0.0168986581266, -0.0094226654619, 0.000371490052203, 0.000441226875409, -0.0050960551016, 0.000520228175446, -0.00100488250609, 0.00224581756629, -0.00531629752368, 0.0040848753415], [0.000304806191707, -0.00113192503341, -0.00248926365748, -0.0094226654619, 0.0330561064184, -0.0130555182695, -8.33667581901e-05, 0.00441725272685, -0.00174639665056, 2.10583584703e-05, -0.00306749460287, 0.00180928886402, -0.00151264679153], [-0.000564954709262, 0.00263363542035, 0.00316112232395, 0.000371490052203, -0.0130555182695, 0.0294800680131, -0.0132901212201, -0.00107466976624, -0.000997235416435, -0.00344069651328, 0.00249200430699, 7.00881937519e-05, 0.000805729650892], [0.000592991709709, -0.00178202241659, -0.000274842692306, 0.000441226875409, -8.33667581901e-05, -0.0132901212201, 0.0351272970438, -0.0138478092849, 0.000862045097165, 0.00142679305281, -0.00487391557544, 0.00242267455906, -0.00206357706338], [-0.000343418301782, -0.000419355725171, 0.0010493719019, -0.0050960551016, 0.00441725272685, -0.00107466976624, -0.0138478092849, 0.0390316583216, -0.021063812077, 0.00591764971614, -0.00802616309375, -0.00151452829596, 0.000299256091239], [-0.000113240850624, 0.000994425732642, -0.00240631983615, 0.000520228175446, -0.00174639665056, -0.000997235416435, 0.000862045097165, -0.021063812077, 0.0483459867537, -0.0244667269289, 0.0118697052822, -0.00638905493543, -0.000373055227101], [-0.000307803653413, -0.000973588088527, 0.00118066417053, -0.00100488250609, 2.10583584703e-05, -0.00344069651328, 0.00142679305281, 0.00591764971614, -0.0244667269289, 0.0444076657295, -0.0245188120753, 0.019347647205, -0.0151407467201], [0.000147622165969, -0.000121356562886, -0.00426575588062, 0.00224581756629, -0.00306749460287, 0.00249200430699, -0.00487391557544, -0.00802616309375, 0.0118697052822, -0.0245188120753, 0.0425462201238, -0.0258875023574, 0.0208278018981], [-6.94405462127e-05, 0.00148547952995, 0.00260269385763, -0.00531629752368, 0.00180928886402, 7.00881937519e-05, 0.00242267455906, -0.00151452829596, -0.00638905493543, 0.019347647205, -0.0258875023574, 0.0381283648312, -0.0210859775543], [6.33652816759e-05, -0.000952160567977, -0.00281662750058, 0.0040848753415, -0.00151264679153, 0.000805729650892, -0.00206357706338, 0.000299256091239, -0.000373055227101, -0.0151407467201, 0.0208278018981, -0.0210859775543, 0.0305518377572]]}, "spectral_contrast_coeffs": {"dmean": [0.049443025142, 0.0453168749809, 0.0394716262817, 0.0366414710879, 0.0224155113101, 0.0139160100371], "dmean2": [0.082476966083, 0.0737398192286, 0.0649867206812, 0.0603817254305, 0.0371008329093, 0.022877106443], "dvar": [0.0023303986527, 0.00124982686248, 0.000998807372525, 0.000911564216949, 0.000367447675671, 0.000149878193042], "dvar2": [0.00579524086788, 0.00333091663197, 0.00263630994596, 0.00246913381852, 0.00094256241573, 0.000343805382727], "max": [-0.394321322441, -0.570978522301, -0.556128382683, -0.593036711216, -0.664168953896, -0.688489377499], "mean": [-0.718419253826, -0.783733308315, -0.786408543587, -0.783934533596, -0.801150798798, -0.754467189312], "median": [-0.732249736786, -0.788582205772, -0.787184894085, -0.782799899578, -0.799149274826, -0.7500872612], "min": [-0.972565710545, -0.955270588398, -0.965140044689, -0.957474887371, -0.957580268383, -0.961853027344], "var": [0.00484635401517, 0.00302988407202, 0.00282370299101, 0.00321074621752, 0.0013422552729, 0.00118100072723]}, "spectral_contrast_valleys": {"dmean": [0.376047670841, 0.398075282574, 0.328598022461, 0.30678153038, 0.253367960453, 0.393310934305], "dmean2": [0.606189966202, 0.625058948994, 0.50680243969, 0.479074418545, 0.37819725275, 0.557366728783], "dvar": [0.314303100109, 0.323913991451, 0.319436132908, 0.325636595488, 0.295523911715, 0.349404126406], "dvar2": [0.443811833858, 0.432675391436, 0.382644057274, 0.406791090965, 0.340812623501, 0.527796566486], "max": [-5.48121547699, -5.11966943741, -5.55286121368, -5.95770549774, -5.77986717224, -7.82142782211], "mean": [-6.98311281204, -7.07825040817, -7.43119287491, -7.77467155457, -7.301192