{"lowlevel": {"average_loudness": 0.802469134331, "barkbands_crest": {"dmean": 2.00696229935, "dmean2": 3.08184075356, "dvar": 5.66322374344, "dvar2": 13.3995342255, "max": 26.6059799194, "mean": 15.2042961121, "median": 14.8097543716, "min": 2.90784811974, "var": 21.8857002258}, "barkbands_flatness_db": {"dmean": 0.0295399203897, "dmean2": 0.0421610735357, "dvar": 0.00129487551749, "dvar2": 0.00273366388865, "max": 0.603531301022, "mean": 0.280368924141, "median": 0.273237526417, "min": 0.039154458791, "var": 0.00746453506872}, "barkbands_kurtosis": {"dmean": 11.2082748413, "dmean2": 17.383852005, "dvar": 552.869812012, "dvar2": 1363.12744141, "max": 670.099243164, "mean": 28.8478412628, "median": 16.3985137939, "min": -1.9185308218, "var": 1401.79675293}, "barkbands_skewness": {"dmean": 0.852070271969, "dmean2": 1.27666473389, "dvar": 1.16812205315, "dvar2": 2.67706370354, "max": 18.4977970123, "mean": 3.50529003143, "median": 3.15059137344, "min": -11.565366745, "var": 6.91279840469}, "barkbands_spread": {"dmean": 3.5472984314, "dmean2": 5.71030282974, "dvar": 67.3606948853, "dvar2": 170.123703003, "max": 107.54888916, "mean": 7.83424806595, "median": 4.76389169693, "min": 0.0969882458448, "var": 104.990119934}, "dissonance": {"dmean": 0.0321654304862, "dmean2": 0.0524505488575, "dvar": 0.00107918609865, "dvar2": 0.0027696788311, "max": 0.500000059605, "mean": 0.388832718134, "median": 0.399296760559, "min": 0.122542507946, "var": 0.00438094045967}, "dynamic_complexity": 5.05233860016, "erbbands_crest": {"dmean": 1.98767113686, "dmean2": 2.9785027504, "dvar": 5.01679325104, "dvar2": 11.1291761398, "max": 29.8912563324, "mean": 13.1738576889, "median": 12.3435001373, "min": 2.92082190514, "var": 27.8915042877}, "erbbands_flatness_db": {"dmean": 0.0239038839936, "dmean2": 0.0320614650846, "dvar": 0.000922614242882, "dvar2": 0.00179581553675, "max": 0.547875106335, "mean": 0.229874998331, "median": 0.215836003423, "min": 0.0586962178349, "var": 0.00795227847993}, "erbbands_kurtosis": {"dmean": 3.6078915596, "dmean2": 5.51547384262, "dvar": 36.778591156, "dvar2": 81.8359451294, "max": 153.292297363, "mean": 9.08405208588, "median": 5.99565553665, "min": -1.86402475834, "var": 124.307136536}, "erbbands_skewness": {"dmean": 0.506927609444, "dmean2": 0.764649808407, "dvar": 0.396182954311, "dvar2": 0.878150999546, "max": 9.26084518433, "mean": 2.08791589737, "median": 1.94647049904, "min": -3.54123520851, "var": 1.70579147339}, "erbbands_spread": {"dmean": 9.0726518631, "dmean2": 13.9458608627, "dvar": 241.526901245, "dvar2": 574.130004883, "max": 212.646987915, "mean": 28.6239929199, "median": 18.7097358704, "min": 0.727946043015, "var": 700.382751465}, "hfc": {"dmean": 3.68019270897, "dmean2": 5.88969326019, "dvar": 62.3051376343, "dvar2": 162.857147217, "max": 96.4520111084, "mean": 9.23986434937, "median": 6.50138473511, "min": 1.32122409339e-16, "var": 94.6183242798}, "melbands_crest": {"dmean": 2.09599781036, "dmean2": 3.26727366447, "dvar": 5.72353553772, "dvar2": 13.4359054565, "max": 32.1000175476, "mean": 17.2200984955, "median": 17.1724357605, "min": 1.66783368587, "var": 22.9877319336}, "melbands_flatness_db": {"dmean": 0.03298849985, "dmean2": 0.046445928514, "dvar": 0.00181004637852, "dvar2": 0.00374667276628, "max": 0.720583856106, "mean": 0.345391362906, "median": 0.345766991377, "min": 0.00486385915428, "var": 0.0121873337775}, "melbands_kurtosis": {"dmean": 18.0544452667, "dmean2": 27.8472862244, "dvar": 1234.0324707, "dvar2": 2829.81420898, "max": 1032.02050781, "mean": 45.5340766907, "median": 25.4588851929, "min": -1.73288977146, "var": 3907.35961914}, "melbands_skewness": {"dmean": 0.96233022213, "dmean2": 1.46159541607, "dvar": 1.69656503201, "dvar2": 3.91236877441, "max": 24.9880371094, "mean": 3.95072031021, "median": 3.43476486206, "min": -4.96713685989, "var": 7.07557535172}, "melbands_spread": {"dmean": 2.9409236908, "dmean2": 4.83197593689, "dvar": 109.46672821, "dvar2": 297.014129639, "max": 273.721160889, "mean": 8.14916610718, "median": 4.48340606689, "min": 0.260193228722, "var": 331.021179199}, "pitch_salience": {"dmean": 0.061995498836, "dmean2": 0.09536344558, "dvar": 0.00594002474099, "dvar2": 0.014350887388, "max": 0.898892223835, "mean": 0.466985732317, "median": 0.466932952404, "min": 0.0574502386153, "var": 0.020059665665}, "silence_rate_20dB": {"dmean": 0.000481174065499, "dmean2": 0.000962463906035, "dvar": 0.000480947026517, "dvar2": 0.00120217155199, "max": 1, "mean": 0.999639153481, "median": 1, "min": 0, "var": 0.000360720645403}, "silence_rate_30dB": {"dmean": 0.0344039462507, "dmean2": 0.0688161700964, "dvar": 0.0332218036056, "dvar2": 0.0775546953082, "max": 1, "mean": 0.962232351303, "median": 1, "min": 0, "var": 0.036339700222}, "silence_rate_60dB": {"dmean": 0.0372909903526, "dmean2": 0.0745909512043, "dvar": 0.0359028019011, "dvar2": 0.0779245570302, "max": 1, "mean": 0.16971373558, "median": 0, "min": 0, "var": 0.14091566205}, "spectral_centroid": {"dmean": 106.211997986, "dmean2": 165.050186157, "dvar": 67324.9140625, "dvar2": 149402.171875, "max": 11068.4550781, "mean": 568.094116211, "median": 452.185913086, "min": 95.8915863037, "var": 233248.34375}, "spectral_complexity": {"dmean": 1.53109586239, "dmean2": 2.58734369278, "dvar": 8.82211208344, "dvar2": 22.909362793, "max": 41, "mean": 6.74007701874, "median": 6, "min": 0, "var": 13.7324533463}, "spectral_decrease": {"dmean": 2.91488855275e-09, "dmean2": 4.76215289424e-09, "dvar": 5.69308181555e-17, "dvar2": 1.57842419199e-16, "max": 2.57262943147e-15, "mean": -8.94990925815e-09, "median": -6.17222895016e-09, "min": -1.19436933232e-07, "var": 9.67584132145e-17}, "spectral_energy": {"dmean": 0.011275713332, "dmean2": 0.0184088181704, "dvar": 0.000843831570819, "dvar2": 0.00233827694319, "max": 0.456771552563, "mean": 0.034617036581, "median": 0.0239526703954, "min": 1.08265639487e-20, "var": 0.00142925838009}, "spectral_energyband_high": {"dmean": 0.000146541045979, "dmean2": 0.000242374255322, "dvar": 1.28538147237e-07, "dvar2": 3.32560148308e-07, "max": 0.00397882331163, "mean": 0.000168509839568, "median": 5.75565391046e-05, "min": 8.08510726075e-21, "var": 1.14430328324e-07}, "spectral_energyband_low": {"dmean": 0.00602758582681, "dmean2": 0.00973934587091, "dvar": 0.00027214945294, "dvar2": 0.000699799507856, "max": 0.398510307074, "mean": 0.0193328149617, "median": 0.000938432815019, "min": 6.74956837354e-23, "var": 0.000765860022511}, "spectral_energyband_middle_high": {"dmean": 0.000264870614046, "dmean2": 0.000388115004171, "dvar": 5.27088047875e-07, "dvar2": 1.13323471851e-06, "max": 0.0167830660939, "mean": 0.000597565609496, "median": 0.000264415866695, "min": 1.1517143034e-21, "var": 1.12177792744e-06}, "spectral_energyband_middle_low": {"dmean": 0.00715685449541, "dmean2": 0.0119877979159, "dvar": 0.000477604160551, "dvar2": 0.00135232158937, "max": 0.231954425573, "mean": 0.0155970482156, "median": 0.00876975059509, "min": 2.12932263789e-22, "var": 0.000466009194497}, "spectral_entropy": {"dmean": 0.3010635674, "dmean2": 0.435799658298, "dvar": 0.161544963717, "dvar2": 0.349985718727, "max": 9.79812431335, "mean": 6.53450250626, "median": 6.53725910187, "min": 3.61068964005, "var": 0.754512429237}, "spectral_flux": {"dmean": 0.0291045103222, "dmean2": 0.0451099015772, "dvar": 0.00291790836491, "dvar2": 0.00556056527421, "max": 0.574886977673, "mean": 0.0531212389469, "median": 0.0317764542997, "min": 1.04050774941e-10, "var": 0.00445843953639}, "spectral_kurtosis": {"dmean": 6.73384237289, "dmean2": 10.3702402115, "dvar": 189.083343506, "dvar2": 420.045928955, "max": 221.753845215, "mean": 14.2814741135, "median": 6.02013540268, "min": -1.24682879448, "var": 560.383422852}, "spectral_rms": {"dmean": 0.000810559547972, "dmean2": 0.00123850780074, "dvar": 2.45235582952e-06, "dvar2": 6.27375493423e-06, "max": 0.0211099684238, "mean": 0.00496436888352, "median": 0.00483409315348, "min": 3.25000009543e-12, "var": 9.1277042884e-06}, "spectral_rolloff": {"dmean": 285.780548096, "dmean2": 524.112976074, "dvar": 1592700.125, "dvar2": 4250082, "max": 19724.4140625, "mean": 806.558105469, "median": 430.6640625, "min": 64.599609375, "var": 4974287}, "spectral_skewness": {"dmean": 0.55958712101, "dmean2": 0.844165921211, "dvar": 0.688593924046, "dvar2": 1.52943480015, "max": 12.6252498627, "mean": 2.70564007759, "median": 2.29136228561, "min": -0.686075568199, "var": 2.59152698517}, "spectral_spread": {"dmean": 1120798.25, "dmean2": 1705403, "dvar": 2685945774080.0, "dvar2": 5884125642750.0, "max": 41199436, "mean": 5320852, "median": 5168575, "min": 454784.28125, "var": 8353693564930.0}, "spectral_strongpeak": {"dmean": 0.221722498536, "dmean2": 0.363037109375, "dvar": 0.155861079693, "dvar2": 0.360324800014, "max": 5.1403632164, "mean": 0.791008710861, "median": 0.524154961109, "min": 0, "var": 0.520938277245}, "zerocrossingrate": {"dmean": 0.00837672874331, "dmean2": 0.0107227433473, "dvar": 0.000213093837374, "dvar2": 0.000311127892928, "max": 0.7978515625, "mean": 0.0406199619174, "median": 0.02490234375, "min": 0.00244140625, "var": 0.00652744201943}, "barkbands": {"dmean": [4.63287542516e-05, 0.00420552259311, 0.00185932579916, 0.00188494857866, 0.00239336839877, 0.00207667471841, 0.00127835560124, 0.000361694343155, 0.000153867542394, 0.000118280615425, 5.96830614086e-05, 2.07204357139e-05, 2.18661916733e-05, 2.34492854361e-05, 2.15885320358e-05, 3.44555555785e-05, 2.71776716545e-05, 2.63054826064e-05, 1.09369211714e-05, 2.3719832825e-05, 1.68595834111e-05, 1.19264741443e-05, 1.02409512692e-05, 3.34324286086e-05, 6.93188267178e-05, 2.48419678428e-06, 2.38723618651e-08], "dmean2": [6.4263571403e-05, 0.00639742426574, 0.00323014752939, 0.00351221882738, 0.00436889054254, 0.0032459590584, 0.00175921106711, 0.000547732168343, 0.000222804708756, 0.000159747738508, 8.87844944373e-05, 3.29519098159e-05, 3.54958610842e-05, 3.81335521524e-05, 3.53091709258e-05, 5.55011538381e-05, 4.58238464489e-05, 4.07417464885e-05, 1.67455109477e-05, 3.93083500967e-05, 2.68016974587e-05, 2.02242772502e-05, 1.69282502611e-05, 5.38919775863e-05, 0.000120786389743, 4.08041569244e-06, 4.16599199582e-08], "dvar": [1.47102712234e-08, 0.000114643386041, 5.31678306288e-05, 7.41606054362e-05, 0.000100528181065, 1.74935194082e-05, 9.0545954663e-06, 9.45206011238e-07, 1.69913803916e-07, 1.39122562359e-07, 3.69513522003e-08, 1.83898796191e-09, 3.78856102046e-09, 4.75936490218e-09, 8.74952288399e-09, 2.69403077624e-08, 1.37275195655e-08, 1.95455740482e-08, 2.66502953039e-09, 7.06875846745e-09, 2.96706526015e-09, 2.10951256463e-09, 1.06858599747e-09, 5.1474984275e-09, 2.35636363755e-08, 2.84912753112e-11, 2.62908587147e-15], "dvar2": [2.25994369885e-08, 0.000274589197943, 0.000144535719301, 0.000211980746826, 0.00029559651739, 4.43234421255e-05, 1.62399464898e-05, 2.01816305889e-06, 3.1771992326e-07, 2.37115884261e-07, 6.80024498934e-08, 4.24675139499e-09, 8.61442384092e-09, 1.11720899199e-08, 2.15655582281e-08, 6.35258103898e-08, 3.75031667943e-08, 4.07024884908e-08, 4.83718975985e-09, 1.83446324797e-08, 7.24974658084e-09, 5.66412694525e-09, 2.83639556287e-09, 1.2831227636e-08, 6.36343386873e-08, 7.2635696069e-11, 6.91197011465e-15], "max": [0.00189652713016, 0.288484960794, 0.160355836153, 0.127603590488, 0.103661134839, 0.0966395288706, 0.0598586983979, 0.0298962425441, 0.0208982918411, 0.016336157918, 0.00559827592224, 0.00109139853157, 0.00156889762729, 0.00235967175104, 0.00274027511477, 0.00572086963803, 0.0022981793154, 0.00383209995925, 0.00444097351283, 0.00127859564964, 0.000740589573979, 0.00059072568547, 0.000449742685305, 0.000798056309577, 0.00143783353269, 7.19333984307e-05, 5.85633074479e-07], "mean": [0.000165410499903, 0.0146137783304, 0.00356017053127, 0.00162179337349, 0.00272377976216, 0.00580788450316, 0.00397783098742, 0.000864415720571, 0.00040955338045, 0.000324359891238, 0.00011093406647, 3.58219222107e-05, 3.6217210436e-05, 3.62102146028e-05, 2.74082067335e-05, 4.07651386922e-05, 2.86565773422e-05, 3.2508320146e-05, 1.63208205777e-05, 2.61062050413e-05, 2.06448512472e-05, 1.28314104586e-05, 1.24356320157e-05, 4.48948703706e-05, 6.36516851955e-05, 2.59681223724e-06, 2.67030575429e-08], "median": [8.66590482929e-07, 0.000511359423399, 6.60656005493e-05, 9.31003523874e-05, 0.000941638252698, 0.00309997610748, 0.000986647093669, 0.00013948722335, 8.4028186393e-05, 5.7236487919e-05, 2.85893293039e-05, 1.46262827911e-05, 1.10482451419e-05, 1.47312375702e-05, 8.66077061801e-06, 5.90134050071e-06, 1.02096892078e-05, 3.63825870409e-06, 4.72842111776e-06, 7.83619543654e-06, 7.36963283998e-06, 4.83653820993e-06, 4.46563035439e-06, 1.74078468262e-05, 1.30436637846e-05, 4.12250358295e-07, 1.26501005226e-08], "min": [2.28858030713e-23, 3.74640740843e-23, 1.50028974834e-23, 4.52798468203e-24, 1.38466151452e-23, 2.33293606256e-23, 2.33135108323e-23, 7.01977027297e-23, 4.9683008858e-23, 6.91073518083e-23, 3.12540221989e-23, 8.86900475413e-23, 9.39787540656e-23, 1.02900171369e-22, 1.01888384683e-22, 8.05062972255e-23, 1.26445025128e-22, 1.51613512403e-22, 1.82017448624e-22, 2.85570853621e-22, 3.93783965321e-22, 4.89550366551e-22, 5.62458027371e-22, 9.94679133014e-22, 1.01161169787e-21, 1.68072488083e-21, 3.29461494141e-21], "var": [1.00850130025e-07, 0.000450078921858, 6.07361507718e-05, 4.53013526567e-05, 5.97024954914e-05, 5.56634877285e-05, 4.41162410425e-05, 2.90997627417e-06, 9.4543565865e-07, 7.30668546112e-07, 1.14835863485e-07, 4.47710402085e-09, 1.15337499551e-08, 8.91756357646e-09, 1.27943868833e-08, 3.69339616668e-08, 9.55302414951e-09, 3.56673908186e-08, 6.74618716445e-09, 5.80796299943e-09, 2.81471823627e-09, 1.54743973191e-09, 8.80605088849e-10, 5.88070570018e-09, 1.81769941321e-08, 3.00870266201e-11, 2.44186850848e-15]}, "erbbands": {"dmean": [0.0948177576065, 1.05208873749, 2.01414871216, 4.64585781097, 6.83244562149, 8.10264587402, 12.0976076126, 17.6657123566, 17.2297058105, 19.8690357208, 6.06179523468, 3.62359428406, 3.66210722923, 2.95600748062, 1.98255765438, 0.878888487816, 0.962635874748, 1.24219989777, 1.14551925659, 1.24871969223, 1.96911275387, 1.5360070467, 1.4810949564, 0.692664861679, 0.715583503246, 1.08665812016, 0.85296356678, 0.542063891888, 0.44982239604, 0.299537390471, 0.309378862381, 0.482973128557, 0.751779437065, 1.07125914097, 0.301056355238, 0.0311488173902, 0.00254744803533, 0.00016598199727, 1.34543179229e-05, 1.31893957587e-05], "dmean2": [0.142485380173, 1.60292625427, 3.39406347275, 8.61433124542, 12.9258241653, 14.7239255905, 19.1215572357, 27.7783222198, 25.4861888885, 27.1304016113, 8.85587501526, 5.10606193542, 4.92545318604, 4.12317419052, 2.92133879662, 1.39525175095, 1.54439675808, 2.00905489922, 1.85376226902, 2.10902190208, 3.16180825233, 2.52649188042, 2.30623054504, 1.05396354198, 1.09723079205, 1.79973614216, 1.36691999435, 0.866828560829, 0.752027392387, 0.513324141502, 0.508022129536, 0.768430233002, 1.23909723759, 1.8761947155, 0.51706635952, 0.0514435991645, 0.00412518996745, 0.000276395236142, 2.27168529818e-05, 2.15702275455e-05], "dvar": [0.0506921820343, 7.6401720047, 45.4224357605, 447.936798096, 1031.16784668, 1101.55603027, 972.467041016, 1327.8885498, 1286.75268555, 3877.77587891, 306.777252197, 70.657585144, 120.22592926, 127.352096558, 35.2223510742, 2.77467942238, 8.33424091339, 12.5835103989, 22.8513793945, 31.5689620972, 76.3735809326, 42.9560775757, 57.2592315674, 13.2432765961, 4.44418096542, 15.6943693161, 8.56801986694, 3.07009077072, 2.82693099976, 1.21327650547, 0.931966006756, 1.55453574657, 2.30084490776, 5.69623184204, 0.422151535749, 0.00432127946988, 2.90623120236e-05, 1.26040106352e-07, 7.1646688582e-10, 1.06081021745e-09], "dvar2": [0.106912627816, 18.6856327057, 122.339729309, 1259.38317871, 3026.5793457, 3236.1184082, 2562.49316406, 3302.06665039, 2684.5090332, 6752.48291016, 572.757202148, 132.747634888, 205.747573853, 214.556762695, 64.3858795166, 6.66948604584, 18.3920593262, 28.8466243744, 53.502696991, 87.2815093994, 175.162902832, 112.904464722, 119.556083679, 26.0328826904, 10.1110668182, 40.4953231812, 21.6362895966, 7.51199483871, 7.45306873322, 3.29508900642, 2.46713614464, 3.90753340721, 5.86920642853, 15.4844722748, 1.11935961246, 0.0110463211313, 7.17630900908e-05, 3.23166318594e-07, 1.90608306916e-09, 2.92971069626e-09], "max": [5.11290836334, 74.7289047241, 166.917694092, 365.220092773, 308.590240479, 382.445495605, 616.745910645, 948.690490723, 690.552368164, 1421.93481445, 817.85949707, 289.493133545, 445.151397705, 421.981536865, 177.584060669, 38.2664299011, 77.0979232788, 127.467811584, 169.263961792, 139.725387573, 223.378540039, 130.234786987, 227.291534424, 289.694519043, 50.9765853882, 52.1167488098, 42.2075271606, 19.4085273743, 21.9268016815, 15.2521696091, 13.9674501419, 18.5930461884, 15.6015892029, 21.1614227295, 6.89557027817, 0.77827745676, 0.0800930932164, 0.00339720072225, 0.000276499689789, 0.000500599504448], "mean": [0.366969794035, 3.40968489647, 4.67820310593, 5.47328805923, 5.62702703476, 9.37941169739, 27.4543933868, 48.1536750793, 56.0624198914, 51.5076599121, 17.5020618439, 10.9535684586, 10.9770908356, 6.58864974976, 4.01382541656, 1.62385618687, 1.72882843018, 2.01170110703, 1.65774452686, 1.36645507812, 2.40225601196, 1.74225926399, 1.81037020683, 0.916929066181, 1.00358021259, 1.19284629822, 1.00601923466, 0.644042372704, 0.485773384571, 0.330172479153, 0.386111944914, 0.630153536797, 0.935734033585, 0.977371096611, 0.290451675653, 0.0331712588668, 0.00266280234791, 0.000160463721841, 2.657299774e-05, 3.96168616135e-05], "median": [0.0108795389533, 0.124298833311, 0.156932711601, 0.275440752506, 0.909682929516, 3.26265692711, 11.8166561127, 22.9958953857, 18.5617542267, 7.6179151535, 4.09307813644, 2.89032316208, 2.14025235176, 1.99708068371, 1.28279411793, 0.787432312965, 0.569225907326, 0.828986525536, 0.628755331039, 0.362872242928, 0.474500745535, 0.477441728115, 0.244123384356, 0.230881094933, 0.305500000715, 0.369477570057, 0.317180991173, 0.259006559849, 0.175247251987, 0.126621291041, 0.142677694559, 0.231037557125, 0.34011900425, 0.205157220364, 0.0602669231594, 0.00661565829068, 0.000451085768873, 2.39800938289e-05, 1.79166054295e-05, 2.77886192634e-05], "min": [1.50580263651e-21, 7.38114990228e-21, 1.47565063091e-20, 2.09320251205e-20, 8.87119299117e-21, 5.46895437998e-20, 6.75769725069e-20, 2.30284988734e-19, 3.17773840021e-19, 5.49219595799e-19, 1.8113588646e-18, 9.8301792444e-19, 2.10092687971e-18, 1.84773040972e-18, 1.67652552962e-18, 3.68454079459e-18, 4.92611614656e-18, 4.60354879489e-18, 5.45536946353e-18, 5.21208075613e-18, 5.55633347474e-18, 7.25709705067e-18, 7.39367945905e-18, 8.4558976524e-18, 1.16420550969e-17, 1.29480095023e-17, 1.33274446939e-17, 1.776898603e-17, 2.09928182426e-17, 1.64127456607e-17, 1.49403707878e-17, 1.85962046928e-17, 1.67448388243e-17, 1.02795240191e-17, 8.05585160147e-18, 5.18252187053e-18, 3.20436885965e-18, 1.81137251308e-18, 4.2188524761e-19, 4.65816519137e-20], "var": [0.262259274721, 28.3334770203, 65.1587600708, 317.536773682, 567.442016602, 689.849975586, 1734.27966309, 4330.37841797, 8108.38476562, 14687.2890625, 1320.86218262, 547.608520508, 797.202087402, 414.081970215, 111.667350769, 5.96047925949, 27.2558708191, 25.9737262726, 40.7210578918, 24.0568256378, 109.362052917, 35.9430541992, 99.7494277954, 29.1364440918, 6.12040567398, 12.900428772, 7.65117549896, 2.81342387199, 2.15828990936, 0.878186941147, 0.789220750332, 1.58743155003, 2.47697067261, 4.34490823746, 0.350724279881, 0.00437687151134, 3.09756069328e-05, 1.19252973718e-07, 8.10157385622e-10, 1.76759440418e-09]}, "gfcc": {"mean": [-113.830177307, 114.210670471, -88.8912353516, 13.5647850037, -87.6039123535, -3.24533462524, -54.3282165527, 5.38684225082, -21.7041568756, 3.15462708473, 1.84509718418, -7.29711675644, 10.9912490845], "cov": [[14719.5751953, 956.405212402, 1420.13330078, 2207.09985352, -416.436401367, 1953.96057129, -480.50894165, 1258.8269043, -155.996902466, 550.739929199, -182.770019531, -88.0361709595, -99.3494338989], [956.405212402, 2729.72216797, 669.903808594, 256.322998047, 781.920166016, -122.731674194, 848.327880859, 49.4434776306, 532.991516113, 47.6580047607, 384.312042236, -103.20489502, 80.0616912842], [1420.13330078, 669.903808594, 1853.64831543, 1317.77758789, 929.706542969, 894.397521973, 641.531616211, 489.064331055, 280.657928467, 249.905395508, 79.3273468018, -57.383644104, -69.9780044556], [2207.09985352, 256.322998047, 1317.77758789, 1703.29187012, 815.66998291, 960.457763672, 429.898132324, 439.906433105, 155.813415527, 202.303115845, -38.056930542, -70.8778533936, -33.9438591003], [-416.436401367, 781.920166016, 929.706542969, 815.66998291, 1026.81713867, 418.32119751, 640.461914062, 197.113220215, 316.673339844, 89.2191772461, 128.72795105, -28.0442199707, -14.8541116714], [1953.96057129, -122.731674194, 894.397521973, 960.457763672, 418.32119751, 973.074584961, 186.454956055, 367.462860107, 41.5978240967, 173.887496948, -44.2614364624, 7.30113792419, -37.8496665955], [-480.50894165, 848.327880859, 641.531616211, 429.898132324, 640.461914062, 186.454956055, 670.212341309, 174.282241821, 283.636688232, 71.0946121216, 146.954574585, -33.8479309082, 22.2928180695], [1258.8269043, 49.4434776306, 489.064331055, 439.906433105, 197.113220215, 367.462860107, 174.282241821, 419.93762207, 112.016693115, 128.956481934, 7.18205547333, 5.99580097198, -13.8883171082], [-155.996902466, 532.991516113, 280.657928467, 155.813415527, 316.673339844, 41.5978240967, 283.636688232, 112.016693115, 287.64956665, 79.0976715088, 112.873176575, -13.5120401382, 16.4572696686], [550.739929199, 47.6580047607, 249.905395508, 202.303115845, 89.2191772461, 173.887496948, 71.0946121216, 128.956481934, 79.0976715088, 151.115081787, 54.7117500305, -1.67555832863, -21.0677433014], [-182.770019531, 384.312042236, 79.3273468018, -38.056930542, 128.72795105, -44.2614364624, 146.954574585, 7.18205547333, 112.873176575, 54.7117500305, 182.458511353, 21.9964466095, -4.28652095795], [-88.0361709595, -103.20489502, -57.383644104, -70.8778533936, -28.0442199707, 7.30113792419, -33.8479309082, 5.99580097198, -13.5120401382, -1.67555832863, 21.9964466095, 102.438468933, 40.7904052734], [-99.3494338989, 80.0616912842, -69.9780044556, -33.9438591003, -14.8541116714, -37.8496665955, 22.2928180695, -13.8883171082, 16.4572696686, -21.0677433014, -4.28652095795, 40.7904052734, 115.216064453]], "icov": [[0.000568042567465, -0.0011826090049, 0.000324123277096, -0.000730680767447, 0.000931632297579, -0.000793639512267, 0.00126725120936, -0.00134794937912, 0.000826004135888, -0.000977026065812, 0.000816077168565, -0.000571439799387, 0.00068092829315], [-0.0011826090049, 0.00346827786416, -0.000936780008487, 0.00148957769852, -0.00182346755173, 0.00177880923729, -0.00312493741512, 0.00297296978533, -0.00254400237463, 0.00297074974515, -0.00332991569303, 0.0025175192859, -0.00235622702166], [0.000324123277096, -0.000936780008487, 0.00218386016786, -0.000936848344281, -1.16157716548e-05, -0.00105093815364, 0.000102734898974, -0.00121953547932, 0.000795923813712, -0.00162681436632, 0.000964018458035, -0.000554662488867, 0.00128828373272], [-0.000730680767447, 0.00148957769852, -0.000936848344281, 0.00326932803728, -0.00255562714301, -4.44222641818e-05, -0.00112342881039, 0.00123968266416, -0.000321798055666, 0.000461553485366, -0.000393434689613, 0.00229369453155, -0.00194456242025], [0.000931632297579, -0.00182346755173, -1.16157716548e-05, -0.00255562714301, 0.00609802873805, -0.00164260726888, -0.000530761666596, -0.000821837747935, -0.00113119592424, 0.000468349113362, 0.000942226324696, -0.00259561720304, 0.0027618703898], [-0.000793639512267, 0.00177880923729, -0.00105093815364, -4.44222641818e-05, -0.00164260726888, 0.00442305067554, -0.00150786689483, 0.000985900987871, -0.000181507144589, 6.53358220006e-05, -0.000559022009838, -0.000434881425463, -0.000748919672333], [0.00126725120936, -0.00312493741512, 0.000102734898974, -0.00112342881039, -0.000530761666596, -0.00150786689483, 0.00856696348637, -0.00426063686609, 0.00128245865926, -0.00152199505828, 0.000449974933872, 0.000447260477813, -0.000342424609698], [-0.00134794937912, 0.00297296978533, -0.00121953547932, 0.00123968266416, -0.000821837747935, 0.000985900987871, -0.00426063686609, 0.00825032219291, -0.00386279425584, 0.000823802198283, -0.000752952473704, -0.000178786169272, -0.000829181924928], [0.000826004135888, -0.00254400237463, 0.000795923813712, -0.000321798055666, -0.00113119592424, -0.000181507144589, 0.00128245865926, -0.00386279425584, 0.0109166353941, -0.00551168946549, 0.000500627036672, 0.000237472180743, -0.000683181337081], [-0.000977026065812, 0.00297074974515, -0.00162681436632, 0.000461553485366, 0.000468349113362, 6.53358220006e-05, -0.00152199505828, 0.000823802198283, -0.00551168946549, 0.0164780747145, -0.00740491691977, 0.00252629932947, -0.000652780581731], [0.000816077168565, -0.00332991569303, 0.000964018458035, -0.000393434689613, 0.000942226324696, -0.000559022009838, 0.000449974933872, -0.000752952473704, 0.000500627036672, -0.00740491691977, 0.0145461922511, -0.00700163096189, 0.00484166527167], [-0.000571439799387, 0.0025175192859, -0.000554662488867, 0.00229369453155, -0.00259561720304, -0.000434881425463, 0.000447260477813, -0.000178786169272, 0.000237472180743, 0.00252629932947, -0.00700163096189, 0.017534526065, -0.00852913782001], [0.00068092829315, -0.00235622702166, 0.00128828373272, -0.00194456242025, 0.0027618703898, -0.000748919672333, -0.000342424609698, -0.000829181924928, -0.000683181337081, -0.000652780581731, 0.00484166527167, -0.00852913782001, 0.0143676744774]]}, "melbands": {"dmean": [0.00103936262894, 0.00114464655053, 0.000858524290379, 0.000537978019565, 0.000399008247769, 0.000395043025492, 0.00026922149118, 0.00018415672821, 4.21609147452e-05, 2.11594197026e-05, 1.82425374078e-05, 1.23088821056e-05, 8.68154711497e-06, 2.63598121819e-06, 2.1272005597e-06, 2.07852303902e-06, 2.36776304519e-06, 1.84246152912e-06, 1.41994325986e-06, 2.28755880016e-06, 2.22514449888e-06, 1.57784972998e-06, 1.76983451183e-06, 9.81740413408e-07, 5.31787406999e-07, 4.32855614463e-07, 7.94746711108e-07, 7.08095569735e-07, 5.77215814701e-07, 3.98822180614e-07, 3.00054153968e-07, 2.73557105857e-07, 2.01397583055e-07, 1.48948728906e-07, 1.413157662e-07, 3.0382739169e-07, 2.87914815544e-07, 4.38136652292e-07, 8.06121192909e-07, 9.75786747404e-07], "dmean2": [0.00158119527623, 0.00183376763016, 0.00159508944489, 0.0010042230133, 0.000647869484965, 0.000620419566985, 0.000393172027543, 0.000253986247117, 6.17726327619e-05, 3.00912270177e-05, 2.45930896199e-05, 1.72968611878e-05, 1.28126221171e-05, 4.17960836785e-06, 3.37187611876e-06, 3.41097052114e-06, 3.80961228075e-06, 2.98856821246e-06, 2.3877539661e-06, 3.74019441551e-06, 3.61443312613e-06, 2.65175503955e-06, 2.76246555586e-06, 1.57649913035e-06, 8.11593451999e-07, 6.75808337292e-07, 1.29081911382e-06, 1.18097159429e-06, 9.38564710395e-07, 6.42810334739e-07, 4.84071108531e-07, 4.5861420972e-07, 3.44945817687e-07, 2.55184545495e-07, 2.30769771292e-07, 5.14112002747e-07, 4.49026003935e-07, 7.10162396445e-07, 1.39636699714e-06, 1.72213992755e-06], "dvar": [6.58268345433e-06, 1.0715456483e-05, 1.52877255459e-05, 5.9165950006e-06, 1.22726794416e-06, 6.45308489311e-07, 3.01662652191e-07, 3.29654824327e-07, 1.50085366357e-08, 2.8096711624e-09, 3.01818037229e-09, 2.43560971391e-09, 7.91567145164e-10, 2.88722032393e-11, 2.96742318218e-11, 2.96452688786e-11, 5.4338707145e-11, 5.40042316421e-11, 4.12662334859e-11, 1.30935123854e-10, 8.90987839064e-11, 5.05165527465e-11, 9.20703582818e-11, 1.92336650079e-11, 1.06828781932e-11, 1.79435459546e-12, 7.04458019696e-12, 6.83687871941e-12, 3.57708242367e-12, 1.84432482307e-12, 9.0270081991e-13, 1.05836942942e-12, 5.46707752853e-13, 2.66829798274e-13, 1.61821361974e-13, 1.05885710356e-12, 4.22187675445e-13, 7.54233698066e-13, 2.99883165175e-12, 4.92384518574e-12], "dvar2": [1.51038475451e-05, 2.78921834251e-05, 4.35394467786e-05, 1.7417507479e-05, 3.3795517993e-06, 1.62711182838e-06, 6.11992220456e-07, 5.82415395911e-07, 2.82807590679e-08, 5.24199039731e-09, 5.16347853363e-09, 4.124580677e-09, 1.44854250816e-09, 6.55061491162e-11, 6.52700948844e-11, 7.36071620322e-11, 1.20766813216e-10, 1.27812330164e-10, 1.09562754702e-10, 3.29483301753e-10, 2.12934350707e-10, 1.38514935633e-10, 1.87298884735e-10, 4.58873945786e-11, 2.00668006517e-11, 3.74111722504e-12, 1.80693498358e-11, 1.77069574281e-11, 9.28783959464e-12, 4.55256795803e-12, 2.22678342779e-12, 2.79338553157e-12, 1.48743463293e-12, 7.21931737481e-13, 4.21380270087e-13, 2.86608497352e-12, 9.96039297048e-13, 1.84617317094e-12, 8.13518783588e-12, 1.34142514804e-11], "max": [0.0698027908802, 0.0884988456964, 0.0555693209171, 0.0263883490115, 0.0196780692786, 0.0199059434235, 0.0104813007638, 0.0127947060391, 0.00617283722386, 0.00240251235664, 0.00226137135178, 0.00183758349158, 0.000820373243187, 0.000130757369334, 0.00014599635324, 0.000105942606751, 0.000292213691864, 0.000256491475739, 0.000151788277435, 0.000479542213725, 0.000179738519364, 0.000154281922732, 0.000280789099634, 9.51723195612e-05, 0.00028835615376, 6.02842956141e-05, 5.08465418534e-05, 3.27490852214e-05, 2.97079404845e-05, 1.80573297257e-05, 1.05780927697e-05, 1.30653252199e-05, 1.03125548776e-05, 7.44116141504e-06, 5.58690862817e-06, 1.60320123541e-05, 8.92721527634e-06, 1.08043559521e-05, 1.683539449e-05, 2.3244170734e-05], "mean": [0.00380913028494, 0.00333227263764, 0.00094846385764, 0.000497545755934, 0.000851321674418, 0.00110358186066, 0.000869163079187, 0.000463679723907, 0.000122511031805, 5.99103987042e-05, 5.29993558303e-05, 2.60424567387e-05, 1.65341698448e-05, 4.59159127786e-06, 3.7953991523e-06, 3.37804362971e-06, 3.7749234707e-06, 2.6328932563e-06, 1.63128152053e-06, 2.59838702732e-06, 2.62830417341e-06, 1.64124094226e-06, 2.28947601499e-06, 1.02869171315e-06, 6.98767792073e-07, 6.38087556126e-07, 9.0181407586e-07, 7.41052417652e-07, 6.77514378822e-07, 4.50708938615e-07, 3.42695500422e-07, 2.86214174139e-07, 2.14025845935e-07, 1.63171264944e-07, 1.8114069178e-07, 3.37655706062e-07, 3.8943483105e-07, 5.83323981118e-07, 8.32520129279e-07, 8.41443920763e-07], "median": [0.000120002434414, 0.000129583204398, 7.0677997428e-05, 0.000105427621747, 0.000378220924176, 0.000535895465873, 0.000289312331006, 6.50081638014e-05, 2.67247160082e-05, 1.36373637361e-05, 8.46953844302e-06, 7.12683277015e-06, 4.40463190898e-06, 1.91414164874e-06, 1.53527423663e-06, 1.19634182738e-06, 1.46390675582e-06, 9.69445181909e-07, 4.96549546369e-07, 4.1559451347e-07, 5.49171204511e-07, 5.18191654919e-07, 3.00372562378e-07, 1.69389096527e-07, 1.6683466697e-07, 1.90537704725e-07, 2.38776294736e-07, 2.09291997066e-07, 2.03832513535e-07, 1.60013115647e-07, 1.26288483671e-07, 9.57125649848e-08, 8.18974399408e-08, 5.96821791987e-08, 6.80358454019e-08, 1.0842014575e-07, 1.4135849824e-07, 2.34691356127e-07, 2.13636170088e-07, 1.57498320164e-07], "min": [1.35319527296e-23, 8.22323438187e-24, 3.04485754932e-24, 1.97657047577e-24, 2.9486478761e-24, 4.99739005279e-24, 5.32005822329e-24, 8.10489025773e-24, 1.37012422799e-23, 6.62676923632e-24, 1.04897335256e-23, 7.5550762949e-24, 4.93726504675e-24, 7.86477440882e-24, 9.92176392906e-24, 1.09310388821e-23, 8.15315355678e-24, 9.21941345501e-24, 7.20209496083e-24, 6.49736607115e-24, 6.0164216375e-24, 7.42104803824e-24, 6.36512261229e-24, 7.41816632936e-24, 6.24629886072e-24, 8.94856042979e-24, 8.23988408014e-24, 8.31910464769e-24, 8.51293960501e-24, 8.83025022667e-24, 1.06583738434e-23, 1.2311416093e-23, 8.07665534821e-24, 1.00698149772e-23, 8.66832942612e-24, 8.62205168998e-24, 1.25233822294e-23, 1.23650475905e-23, 1.02450793599e-23, 7.49450045485e-24], "var": [2.86214944936e-05, 2.65569342446e-05, 1.01479736259e-05, 3.33308867084e-06, 1.6743457536e-06, 2.22394191951e-06, 1.81660573162e-06, 1.22378537526e-06, 7.00914597473e-08, 1.80008008499e-08, 1.97041956085e-08, 7.8372917045e-09, 2.48075093801e-09, 7.41635988732e-11, 9.89742870994e-11, 6.33225416546e-11, 1.19573434487e-10, 9.37352140351e-11, 3.97282484688e-11, 1.52715826096e-10, 1.14512434257e-10, 3.47768445985e-11, 1.84674733839e-10, 2.0479024726e-11, 2.64354840102e-11, 3.15384285528e-12, 6.30683049188e-12, 5.51649871616e-12, 3.16974224646e-12, 1.6373192949e-12, 8.22204012773e-13, 8.04762289794e-13, 3.94060055853e-13, 1.97880760714e-13, 1.49635268369e-13, 7.99555463071e-13, 5.19493410962e-13, 9.04488344031e-13, 2.52919018194e-12, 3.61524178649e-12]}, "mfcc": {"mean": [-759.069030762, 138.023605347, 40.0706672668, 5.65605783463, -4.34908533096, -22.5999164581, -11.4950733185, -21.0060558319, -7.57157802582, -7.28443479538, -7.60602283478, 0.782753050327, -0.215953171253], "cov": [[8995.4453125, -93.1495819092, 1440.93566895, 634.479370117, 918.637512207, 534.119384766, 658.74017334, 335.388366699, 617.387329102, 381.568786621, 256.81640625, 394.599304199, 211.867340088], [-93.1495819092, 2179.83520508, 401.558532715, 472.849304199, 152.201889038, 201.526489258, 246.793441772, 276.498809814, 176.349090576, 315.684326172, 334.417022705, 256.657928467, 161.993972778], [1440.93566895, 401.558532715, 1222.65002441, 805.909912109, 711.264587402, 647.342041016, 620.099365234, 380.77243042, 431.250854492, 358.813293457, 298.217651367, 229.83203125, 118.394195557], [634.479370117, 472.849304199, 805.909912109, 1147.22973633, 739.377380371, 670.065429688, 589.795410156, 415.246887207, 428.208129883, 410.714019775, 290.040161133, 198.715774536, 90.6657333374], [918.637512207, 152.201889038, 711.264587402, 739.377380371, 764.068725586, 641.929443359, 512.504638672, 369.590362549, 366.517181396, 288.717651367, 217.038406372, 187.856582642, 112.875679016], [534.119384766, 201.526489258, 647.342041016, 670.065429688, 641.929443359, 742.798400879, 538.966186523, 344.202758789, 338.846313477, 267.519439697, 181.573120117, 162.006500244, 93.4117050171], [658.74017334, 246.793441772, 620.099365234, 589.795410156, 512.504638672, 538.966186523, 580.558654785, 364.732757568, 315.659088135, 268.257324219, 224.398971558, 179.352050781, 92.6411056519], [335.388366699, 276.498809814, 380.77243042, 415.246887207, 369.590362549, 344.202758789, 364.732757568, 365.940673828, 289.339233398, 204.797546387, 164.798461914, 161.757125854, 108.884468079], [617.387329102, 176.349090576, 431.250854492, 428.208129883, 366.517181396, 338.846313477, 315.659088135, 289.339233398, 378.129241943, 241.619277954, 128.950775146, 124.095153809, 103.114852905], [381.568786621, 315.684326172, 358.813293457, 410.714019775, 288.717651367, 267.519439697, 268.257324219, 204.797546387, 241.619277954, 311.546112061, 205.567184448, 126.031074524, 82.4469604492], [256.81640625, 334.417022705, 298.217651367, 290.040161133, 217.038406372, 181.573120117, 224.398971558, 164.798461914, 128.950775146, 205.567184448, 272.084320068, 167.248550415, 74.1419754028], [394.599304199, 256.657928467, 229.83203125, 198.715774536, 187.856582642, 162.006500244, 179.352050781, 161.757125854, 124.095153809, 126.031074524, 167.248550415, 206.036193848, 118.682342529], [211.867340088, 161.993972778, 118.394195557, 90.6657333374, 112.875679016, 93.4117050171, 92.6411056519, 108.884468079, 103.114852905, 82.4469604492, 74.1419754028, 118.682342529, 146.577835083]], "icov": [[0.000176789762918, 7.78310550231e-06, -0.000160696770763, 0.000147906830534, -0.000345497945091, 0.00033733525197, -0.000248923694016, 0.000418820505729, -0.000290722062346, -8.34569145809e-05, 0.000297985767247, -0.000484547112137, 0.000164526412846], [7.78310550231e-06, 0.000713013461791, -0.000253694073763, -0.000351727561792, 0.000788158155046, -0.000287630449748, 0.000528732489329, -0.000767831865232, 0.000528749660589, -0.000404143531341, -0.000363403261872, -0.000196015447727, -0.000366324733477], [-0.000160696770763, -0.000253694073763, 0.00271563511342, -0.000280472682789, -0.00106962700374, 7.3001763667e-05, -0.0016865557991, 0.00161449436564, -0.00143184314948, 0.000641358201392, -0.000903984240722, 9.17847282835e-05, 0.000165918972925], [0.000147906830534, -0.000351727561792, -0.000280472682789, 0.00347513426095, -0.00239131599665, 0.000198200548766, -0.000745372497477, 0.000340250873705, -0.000510654062964, -0.00182655255776, 0.000507465272676, -0.000417019298766, 0.00165305484552], [-0.000345497945091, 0.000788158155046, -0.00106962700374, -0.00239131599665, 0.00890778005123, -0.00483182817698, 0.0021471567452, -0.00317493733019, 0.000669655157253, 0.000784790376201, -0.00164752092678, 0.000834256934468, -0.00156218162738], [0.00033733525197, -0.000287630449748, 7.3001763667e-05, 0.000198200548766, -0.00483182817698, 0.00781038496643, -0.00488187465817, 0.00244265585206, -0.00104282703251, -0.000552228768356, 0.00253757578321, -0.00136119546369, 0.000525933108293], [-0.000248923694016, 0.000528732489329, -0.0016865557991, -0.000745372497477, 0.0021471567452, -0.00488187465817, 0.0110538108274, -0.00693594897166, 0.00205368408933, -0.000635870441329, -0.00225696573034, 0.000695083348546, 0.000714227207936], [0.000418820505729, -0.000767831865232, 0.00161449436564, 0.000340250873705, -0.00317493733019, 0.00244265585206, -0.00693594897166, 0.0150410505012, -0.00762244174257, 0.00225065392442, -4.91858827445e-06, -0.0033410184551, -0.000368516717572], [-0.000290722062346, 0.000528749660589, -0.00143184314948, -0.000510654062964, 0.000669655157253, -0.00104282703251, 0.00205368408933, -0.00762244174257, 0.0125023433939, -0.00625142687932, 0.00359719223343, 0.000943126156926, -0.00204059574753], [-8.34569145809e-05, -0.000404143531341, 0.000641358201392, -0.00182655255776, 0.000784790376201, -0.000552228768356, -0.000635870441329, 0.00225065392442, -0.00625142687932, 0.0136359650642, -0.00826237536967, 0.00378770870157, -0.00250313151628], [0.000297985767247, -0.000363403261872, -0.000903984240722, 0.000507465272676, -0.00164752092678, 0.00253757578321, -0.00225696573034, -4.91858827445e-06, 0.00359719223343, -0.00826237536967, 0.0153672592714, -0.00992969051003, 0.0038525974378], [-0.000484547112137, -0.000196015447727, 9.17847282835e-05, -0.000417019298766, 0.000834256934468, -0.00136119546369, 0.000695083348546, -0.0033410184551, 0.000943126156926, 0.00378770870157, -0.00992969051003, 0.0198735147715, -0.0104943029583], [0.000164526412846, -0.000366324733477, 0.000165918972925, 0.00165305484552, -0.00156218162738, 0.000525933108293, 0.000714227207936, -0.000368516717572, -0.00204059574753, -0.00250313151628, 0.0038525974378, -0.0104943029583, 0.0159148816019]]}, "spectral_contrast_coeffs": {"dmean": [0.0480224229395, 0.0432764999568, 0.0354409888387, 0.0302019771188, 0.0245473943651, 0.0165829062462], "dmean2": [0.0763908326626, 0.0692309811711, 0.0546664856374, 0.0476604662836, 0.0382572449744, 0.0260974001139], "dvar": [0.00215008854866, 0.00231577013619, 0.00122075679246, 0.000753749918658, 0.000534839753527, 0.000273300131084], "dvar2": [0.00530261546373, 0.00562777929008, 0.00269308965653, 0.001685915282, 0.00120537821203, 0.000618297082838], "max": [-0.241716936231, -0.307063430548, -0.479029387236, -0.488308042288, -0.645699381828, -0.65934419632], "mean": [-0.587226808071, -0.605266749859, -0.713335335255, -0.771800339222, -0.796253323555, -0.819396793842], "median": [-0.612057328224, -0.604179263115, -0.715820193291, -0.777178406715, -0.796821713448, -0.818683505058], "min": [-0.961540341377, -0.97158229351, -0.957823336124, -0.974700808525, -0.960054636002, -0.958017468452], "var": [0.0166717320681, 0.0103837698698, 0.0061683608219, 0.00345213082619, 0.00182622089051, 0.000902292493265]}, "spectral_contrast_valleys": {"dmean": [0.54283875227, 0.421399444342, 0.399477750063, 0.37565651536, 0.398994296789, 0.518853485584], "dmean2": [0.825578510761, 0.684456706047, 0.627556741238, 0.565556287766, 0.570256412029, 0.670868635178], "dvar": [0.397862106562, 0.30726274848, 0.247704029083, 0.238113880157, 0.308493584394, 0.484836399555