{"lowlevel": {"average_loudness": 0.957116961479, "barkbands_crest": {"dmean": 1.90014815331, "dmean2": 2.95691466331, "dvar": 3.87875556946, "dvar2": 8.82321357727, "max": 26.1968402863, "mean": 10.4236574173, "median": 9.45586585999, "min": 3.39652347565, "var": 19.9872360229}, "barkbands_flatness_db": {"dmean": 0.0215108562261, "dmean2": 0.0296119321138, "dvar": 0.000462297495687, "dvar2": 0.000923015002627, "max": 0.386669039726, "mean": 0.176751479506, "median": 0.17665168643, "min": 0.0520572178066, "var": 0.00215436541475}, "barkbands_kurtosis": {"dmean": 1.59860253334, "dmean2": 2.51014876366, "dvar": 12.680724144, "dvar2": 29.0469379425, "max": 100.459640503, "mean": 2.67156219482, "median": 0.680997014046, "min": -1.79318869114, "var": 49.0823631287}, "barkbands_skewness": {"dmean": 0.376076817513, "dmean2": 0.57394015789, "dvar": 0.206174626946, "dvar2": 0.436670154333, "max": 9.65672779083, "mean": 0.655920863152, "median": 0.767061829567, "min": -7.13102865219, "var": 2.0365383625}, "barkbands_spread": {"dmean": 3.45554256439, "dmean2": 5.32762956619, "dvar": 20.8247451782, "dvar2": 47.3096084595, "max": 62.7436256409, "mean": 15.800696373, "median": 14.5414152145, "min": 1.34224307537, "var": 52.6780738831}, "dissonance": {"dmean": 0.0220848582685, "dmean2": 0.0368092879653, "dvar": 0.000474148604553, "dvar2": 0.00122307799757, "max": 0.5, "mean": 0.443522393703, "median": 0.449611663818, "min": 0.294259756804, "var": 0.00127835210878}, "dynamic_complexity": 2.88985943794, "erbbands_crest": {"dmean": 2.56154751778, "dmean2": 4.06366682053, "dvar": 5.9781255722, "dvar2": 15.3317213058, "max": 31.0892066956, "mean": 11.5968675613, "median": 11.0495605469, "min": 2.62105774879, "var": 21.4255123138}, "erbbands_flatness_db": {"dmean": 0.0204528644681, "dmean2": 0.0288224779069, "dvar": 0.00043437408749, "dvar2": 0.000951284891926, "max": 0.358390212059, "mean": 0.218085542321, "median": 0.22172524035, "min": 0.0892634168267, "var": 0.00203535729088}, "erbbands_kurtosis": {"dmean": 0.761074244976, "dmean2": 1.22525990009, "dvar": 2.00628042221, "dvar2": 5.2705655098, "max": 29.3954658508, "mean": 0.508031249046, "median": 0.166276335716, "min": -1.81648600101, "var": 2.95155954361}, "erbbands_skewness": {"dmean": 0.323897361755, "dmean2": 0.498938113451, "dvar": 0.106139980257, "dvar2": 0.259768486023, "max": 4.58652067184, "mean": 0.302888393402, "median": 0.327322840691, "min": -3.10258340836, "var": 0.435917526484}, "erbbands_spread": {"dmean": 5.01377010345, "dmean2": 7.73981380463, "dvar": 34.9903564453, "dvar2": 82.2136535645, "max": 82.5046920776, "mean": 25.0634174347, "median": 23.0040206909, "min": 3.62449741364, "var": 108.317893982}, "hfc": {"dmean": 7.49178791046, "dmean2": 11.1481323242, "dvar": 182.272842407, "dvar2": 410.051849365, "max": 151.09286499, "mean": 19.2816257477, "median": 14.7085895538, "min": 1.17546772262e-16, "var": 324.085357666}, "melbands_crest": {"dmean": 2.0772049427, "dmean2": 3.23738765717, "dvar": 4.72854280472, "dvar2": 11.4539985657, "max": 31.4978179932, "mean": 11.5505218506, "median": 10.7741231918, "min": 1.68946862221, "var": 21.2429161072}, "melbands_flatness_db": {"dmean": 0.0219543185085, "dmean2": 0.0299120377749, "dvar": 0.000623095955234, "dvar2": 0.00123329786584, "max": 0.448814332485, "mean": 0.203299239278, "median": 0.210598915815, "min": 0.00463763298467, "var": 0.00456321192905}, "melbands_kurtosis": {"dmean": 2.1303756237, "dmean2": 3.34291553497, "dvar": 27.0058917999, "dvar2": 62.1175079346, "max": 200.214126587, "mean": 4.035633564, "median": 2.20530390739, "min": -1.70978724957, "var": 68.3941192627}, "melbands_skewness": {"dmean": 0.389484256506, "dmean2": 0.587826132774, "dvar": 0.213283538818, "dvar2": 0.461062282324, "max": 11.9447135925, "mean": 1.35654044151, "median": 1.26221489906, "min": -2.00005173683, "var": 1.2333163023}, "melbands_spread": {"dmean": 5.65509414673, "dmean2": 8.80441188812, "dvar": 73.39402771, "dvar2": 171.553634644, "max": 136.276916504, "mean": 26.968919754, "median": 21.4051246643, "min": 1.12993276119, "var": 508.478668213}, "pitch_salience": {"dmean": 0.0535985007882, "dmean2": 0.0836574360728, "dvar": 0.00263289641589, "dvar2": 0.00615182518959, "max": 0.926884293556, "mean": 0.528697431087, "median": 0.519143998623, "min": 0.112168453634, "var": 0.0133403846994}, "silence_rate_20dB": {"dmean": 0, "dmean2": 0, "dvar": 0, "dvar2": 0, "max": 1, "mean": 1, "median": 1, "min": 1, "var": 0}, "silence_rate_30dB": {"dmean": 0, "dmean2": 0, "dvar": 0, "dvar2": 0, "max": 1, "mean": 1, "median": 1, "min": 1, "var": 0}, "silence_rate_60dB": {"dmean": 0.0222915746272, "dmean2": 0.0446030348539, "dvar": 0.0217946916819, "dvar2": 0.0461830832064, "max": 1, "mean": 0.0877896621823, "median": 0, "min": 0, "var": 0.0800817161798}, "spectral_centroid": {"dmean": 225.901092529, "dmean2": 333.49307251, "dvar": 138287.984375, "dvar2": 258242.234375, "max": 11085.5078125, "mean": 1350.9296875, "median": 1092.75878906, "min": 294.794952393, "var": 781089.5625}, "spectral_complexity": {"dmean": 3.09674549103, "dmean2": 4.68688678741, "dvar": 17.5710544586, "dvar2": 34.4720306396, "max": 49, "mean": 16.7571296692, "median": 17, "min": 0, "var": 63.5021781921}, "spectral_decrease": {"dmean": 1.29532118365e-09, "dmean2": 1.85363846494e-09, "dvar": 3.54224753125e-18, "dvar2": 7.29240525511e-18, "max": 1.99993200639e-16, "mean": -5.413228088e-09, "median": -5.06232611386e-09, "min": -2.26614265131e-08, "var": 1.26737238558e-17}, "spectral_energy": {"dmean": 0.00549847492948, "dmean2": 0.00789851788431, "dvar": 6.60177101963e-05, "dvar2": 0.000136705551995, "max": 0.0921605229378, "mean": 0.022179659456, "median": 0.0204913802445, "min": 1.06751438524e-20, "var": 0.000218533386942}, "spectral_energyband_high": {"dmean": 0.000376132520614, "dmean2": 0.000611320254393, "dvar": 9.4141671525e-07, "dvar2": 2.40108965954e-06, "max": 0.0094309123233, "mean": 0.000437718932517, "median": 0.000107946354547, "min": 7.56723807512e-21, "var": 9.59053750194e-07}, "spectral_energyband_low": {"dmean": 0.000525706447661, "dmean2": 0.000737945141736, "dvar": 7.38769472264e-07, "dvar2": 1.35624134145e-06, "max": 0.0159794669598, "mean": 0.00237402762286, "median": 0.00147665815894, "min": 2.19068408874e-23, "var": 6.3319871515e-06}, "spectral_energyband_middle_high": {"dmean": 0.00292301061563, "dmean2": 0.00450503407046, "dvar": 3.05345456582e-05, "dvar2": 6.82393510942e-05, "max": 0.0601803474128, "mean": 0.00693389913067, "median": 0.00444490835071, "min": 1.45499232018e-21, "var": 6.17499754298e-05}, "spectral_energyband_middle_low": {"dmean": 0.0034114702139, "dmean2": 0.00484004383907, "dvar": 2.12090544665e-05, "dvar2": 4.66749697807e-05, "max": 0.0642457827926, "mean": 0.0133968284354, "median": 0.0123321227729, "min": 2.64709004153e-22, "var": 8.01097485237e-05}, "spectral_entropy": {"dmean": 0.178013965487, "dmean2": 0.254082381725, "dvar": 0.043311201036, "dvar2": 0.0879885032773, "max": 9.81922054291, "mean": 7.15838098526, "median": 7.09721946716, "min": 5.33141088486, "var": 0.298079609871}, "spectral_flux": {"dmean": 0.0194163266569, "dmean2": 0.0286675728858, "dvar": 0.000659095996525, "dvar2": 0.00123018422164, "max": 0.266573280096, "mean": 0.0555596351624, "median": 0.0470723211765, "min": 1.03662564643e-10, "var": 0.00145096867345}, "spectral_kurtosis": {"dmean": 3.11383342743, "dmean2": 5.37173557281, "dvar": 9.81484413147, "dvar2": 29.1725025177, "max": 44.7379341125, "mean": 6.41980886459, "median": 5.45845079422, "min": -1.24811899662, "var": 18.5511455536}, "spectral_rms": {"dmean": 0.000557055405807, "dmean2": 0.000775801483542, "dvar": 5.6111161939e-07, "dvar2": 1.06698917079e-06, "max": 0.00948223099113, "mean": 0.00430953549221, "median": 0.00447119539604, "min": 3.22719303537e-12, "var": 3.06664742311e-06}, "spectral_rolloff": {"dmean": 359.057312012, "dmean2": 605.927307129, "dvar": 634771.375, "dvar2": 1346630, "max": 20004.3457031, "mean": 2137.12060547, "median": 1378.125, "min": 215.33203125, "var": 11747858}, "spectral_skewness": {"dmean": 0.325951784849, "dmean2": 0.549135565758, "dvar": 0.0856933966279, "dvar2": 0.237097218633, "max": 4.7561955452, "mean": 1.64818108082, "median": 1.60205984116, "min": -0.0303399041295, "var": 0.241303637624}, "spectral_spread": {"dmean": 470997.46875, "dmean2": 698826.0625, "dvar": 1175683596290.0, "dvar2": 1598851383300.0, "max": 41302916, "mean": 3388629.5, "median": 2861773.5, "min": 1601231, "var": 3922296569860.0}, "spectral_strongpeak": {"dmean": 0.739516675472, "dmean2": 1.23450350761, "dvar": 1.75850212574, "dvar2": 4.41154146194, "max": 12.2412195206, "mean": 1.70349478722, "median": 1.2180891037, "min": 0, "var": 2.78429269791}, "zerocrossingrate": {"dmean": 0.00819890201092, "dmean2": 0.0089957434684, "dvar": 0.000240833003772, "dvar2": 0.000186163000762, "max": 0.79736328125, "mean": 0.0761984214187, "median": 0.04638671875, "min": 0.01123046875, "var": 0.0154397152364}, "barkbands": {"dmean": [6.8551997856e-07, 0.000359319761628, 0.000325762375724, 0.00035549767199, 0.00102771562524, 0.00088829168817, 0.000335596560035, 0.000496171996929, 0.00155251612887, 0.00126304582227, 0.000213136896491, 8.2848870079e-05, 0.00113119150046, 0.000635157397483, 0.000145272308146, 9.51775582507e-05, 0.000303844572045, 0.000167231206433, 0.00027442316059, 0.000209530597203, 0.000119340256788, 7.70739352447e-05, 3.95821916754e-05, 5.1658218581e-05, 1.77367637662e-05, 9.61183104664e-06, 8.56451663367e-07], "dmean2": [1.1512297533e-06, 0.000514351937454, 0.000466386409244, 0.00049316266086, 0.00156483799219, 0.00145014363807, 0.000577696657274, 0.000744038959965, 0.00215673819184, 0.00202916469425, 0.00030423302087, 0.000135798734846, 0.00181917438749, 0.000996008631773, 0.000243818562012, 0.000158898168593, 0.000489584635943, 0.000267408438958, 0.000452459702501, 0.000359211437171, 0.000192223058548, 0.000130732762045, 5.86318019486e-05, 9.07013745746e-05, 2.75243110082e-05, 1.56946189236e-05, 1.52725658609e-06], "dvar": [2.49727452259e-12, 3.37217045399e-07, 3.7022334709e-07, 3.33798254815e-07, 3.56330451723e-06, 3.05527510136e-06, 6.49073228942e-07, 8.82331789853e-07, 8.37747666083e-06, 1.07378809844e-05, 1.69353995716e-07, 3.17352828461e-08, 7.54582788431e-06, 3.86530473406e-06, 9.29557799623e-08, 8.01463926337e-08, 1.48659535171e-06, 3.45417703329e-07, 8.44180760851e-07, 3.38557470059e-07, 8.62965023884e-08, 4.84270401557e-08, 1.70802820776e-08, 2.90713693119e-08, 2.80234990768e-09, 6.67834398893e-10, 4.122116537e-11], "dvar2": [6.92836933658e-12, 6.4931077759e-07, 7.62584875247e-07, 7.118276244e-07, 7.55269138608e-06, 8.34394086269e-06, 1.80291965535e-06, 2.08683263736e-06, 1.75175555341e-05, 2.79177602351e-05, 3.03855728134e-07, 7.91908476572e-08, 1.67221151059e-05, 9.19086505746e-06, 2.51531048434e-07, 2.18759367954e-07, 3.66926883544e-06, 8.39677625208e-07, 2.2223821361e-06, 9.36665742302e-07, 2.218089179e-07, 1.28441570268e-07, 3.43824027027e-08, 7.68917587379e-08, 6.19359585841e-09, 1.44246126155e-09, 1.06833111801e-10], "max": [2.30204022955e-05, 0.00664358632639, 0.00925652403384, 0.00898869056255, 0.032761387527, 0.02644180879, 0.00736909126863, 0.0169683303684, 0.0414565876126, 0.0526870824397, 0.0146114490926, 0.00377125502564, 0.0371743366122, 0.033972825855, 0.00375688471831, 0.00419708807021, 0.0317939370871, 0.0116459494457, 0.0110274199396, 0.00548864062876, 0.00295111094601, 0.00238281395286, 0.00254515558481, 0.00229076924734, 0.00105800386518, 0.000371463247575, 0.000157682370627], "mean": [9.66572088146e-07, 0.00113217590842, 0.000880877254531, 0.000881484767888, 0.00295611214824, 0.0033871231135, 0.000448343955213, 0.000900695857126, 0.00365684600547, 0.0017888272414, 0.000524005794432, 0.000188404708751, 0.00240776268765, 0.00108804134652, 0.000256508239545, 0.000136075977935, 0.000400578806875, 0.000232497957768, 0.000329602393322, 0.000252625206485, 0.000133062028908, 7.92776336311e-05, 4.99594425492e-05, 3.91163266613e-05, 1.89850088645e-05, 9.12172617973e-06, 6.1206111468e-07], "median": [2.48711955919e-07, 0.000809053657576, 0.000359520432539, 0.000503309944179, 0.00144110736437, 0.00157534726895, 0.000233750324696, 0.000441824202426, 0.0017219139263, 0.000655733398162, 0.000185735305422, 0.000103340331407, 0.000786521763075, 0.000467791134724, 0.000104315724457, 6.32365554338e-05, 0.000195298925973, 9.30103851715e-05, 0.000103262289485, 0.000120947210235, 2.41958332481e-05, 1.50358400788e-05, 9.28265217226e-06, 3.00597776004e-06, 8.83723259903e-07, 1.82336691523e-07, 8.66518590215e-09], "min": [2.40360888833e-24, 1.29601603131e-23, 6.45566146028e-25, 2.20130531197e-24, 5.28976517567e-23, 3.80298293483e-23, 1.70271760974e-23, 5.14113967905e-23, 3.7598783128e-23, 6.47043151995e-23, 5.48605554145e-23, 5.20752674184e-23, 5.17978913024e-23, 1.672716062e-22, 1.20186947391e-22, 6.66618388259e-23, 1.91953675529e-22, 1.256649616e-22, 1.68205478672e-22, 2.4461453333e-22, 4.23817124295e-22, 5.44313570219e-22, 4.85939731255e-22, 5.69111671521e-22, 1.11701421807e-21, 1.56139327323e-21, 2.20700733743e-21], "var": [3.67522462116e-12, 1.50586845393e-06, 1.35189168304e-06, 1.25848703192e-06, 1.80904626177e-05, 1.72710952029e-05, 5.10959807798e-07, 1.64308369222e-06, 2.5968758564e-05, 1.33861003633e-05, 1.54499400651e-06, 9.49798391048e-08, 1.8881077267e-05, 6.25782922725e-06, 1.68131720102e-07, 7.59728635558e-08, 1.49887603129e-06, 3.83494892731e-07, 7.36314746064e-07, 2.41158517156e-07, 8.76836807606e-08, 4.23009254291e-08, 3.39756205392e-08, 2.18967368681e-08, 4.0656153999e-09, 9.81209447026e-10, 2.9695114423e-11]}, "erbbands": {"dmean": [0.00395011622459, 0.0975589826703, 0.310222387314, 0.776275098324, 2.20360779762, 3.77220058441, 4.30422401428, 9.35774421692, 3.09030771255, 13.1254959106, 8.70155239105, 42.5541534424, 43.5566902161, 16.0140342712, 9.7050037384, 5.50432300568, 51.2245254517, 40.9011955261, 9.90035438538, 6.43374204636, 5.81822109222, 14.3274917603, 12.7661037445, 13.6949481964, 11.3366832733, 9.83660888672, 5.85576725006, 3.75882029533, 3.70235991478, 1.44772589207, 1.04253160954, 0.896794140339, 0.946937024593, 0.23924472928, 0.114065594971, 0.0553712509573, 0.0142476940528, 0.0026885420084, 8.29061827972e-05, 8.72867167345e-06], "dmean2": [0.00584756257012, 0.138760715723, 0.444294393063, 1.04992091656, 3.21843647957, 5.85721349716, 6.76962995529, 15.2242488861, 5.21657180786, 21.4970397949, 12.7375497818, 58.3695144653, 67.4170761108, 27.0949897766, 13.7804832458, 8.52913093567, 81.948387146, 64.157081604, 15.8299226761, 10.7430648804, 9.67963600159, 22.9439239502, 20.0273151398, 22.3489532471, 18.8963127136, 16.6983222961, 9.29880809784, 6.27826404572, 6.32412433624, 2.26470756531, 1.59535610676, 1.51412296295, 1.70814061165, 0.373942196369, 0.186820819974, 0.0907270014286, 0.0232557952404, 0.00445092795417, 0.000140290139825, 1.28325928017e-05], "dvar": [5.29768803972e-05, 0.0236890688539, 0.269070029259, 1.6983320713, 28.4715919495, 52.3334999084, 49.9273948669, 357.489196777, 50.4142990112, 861.097167969, 181.39074707, 6486.75097656, 12111.8535156, 1826.5592041, 373.612792969, 173.149108887, 15131.3886719, 11379.3085938, 470.869720459, 276.719085693, 195.628448486, 4470.81787109, 1889.45788574, 2672.04370117, 1044.67102051, 786.866638184, 187.743606567, 105.903892517, 118.526222229, 15.2733278275, 10.6790599823, 12.10160923, 9.58157444, 0.623478710651, 0.0924666449428, 0.0219350866973, 0.0016638955567, 0.000152273860294, 2.41754378294e-07, 2.23179447145e-10], "dvar2": [9.36562064453e-05, 0.0459962598979, 0.575342655182, 3.36459970474, 57.0562515259, 113.85244751, 117.958740234, 984.159912109, 137.912475586, 2313.63476562, 417.510498047, 13150.7578125, 30307.6894531, 5251.69873047, 628.605651855, 383.652496338, 33517.8007812, 26930.1542969, 1135.85461426, 785.285461426, 515.896179199, 11055.328125, 4546.07324219, 7080.37695312, 2707.15234375, 2104.34033203, 471.338195801, 280.558380127, 318.351837158, 32.2072792053, 22.4428119659, 30.365442276, 26.0726451874, 1.38911366463, 0.225980401039, 0.0496708117425, 0.00353877292946, 0.000375671603251, 6.31399529993e-07, 4.94525143058e-10], "max": [0.1329305619, 1.79403889179, 6.84821987152, 21.9200286865, 101.461303711, 181.633285522, 122.548431396, 289.941375732, 122.625938416, 398.469055176, 203.846450806, 1209.58422852, 2004.18737793, 526.447265625, 713.768493652, 221.008712769, 1589.03601074, 1801.25756836, 330.398498535, 329.37298584, 163.503234863, 2230.8046875, 749.949523926, 811.163574219, 397.516693115, 285.497283936, 130.795379639, 96.2010955811, 122.087867737, 70.8859558105, 58.3617744446, 56.6220436096, 32.2460327148, 15.9899129868, 3.55831503868, 2.01146697998, 0.682111144066, 0.284858733416, 0.0122731495649, 0.000249350589002], "mean": [0.0154288848862, 0.314531654119, 0.978562951088, 2.04201793671, 4.40893793106, 11.5487251282, 17.391664505, 34.6384506226, 8.0072889328, 18.2920951843, 21.4337234497, 99.3407058716, 73.3392105103, 21.8793506622, 24.4460201263, 17.0335712433, 111.126419067, 77.7328262329, 19.0720539093, 11.436671257, 8.77915763855, 19.3146057129, 17.641500473, 17.8820056915, 13.8490457535, 12.0765857697, 7.01014947891, 4.00027227402, 3.529078722, 1.76586413383, 1.30438506603, 0.813766598701, 0.686228573322, 0.259419113398, 0.111803986132, 0.0525093637407, 0.0134977176785, 0.00216515664943, 7.52845517127e-05, 2.85988680844e-05], "median": [0.00590495066717, 0.231964200735, 0.638969421387, 1.19367265701, 2.38227462769, 4.64137172699, 10.1533508301, 14.6985416412, 6.05884647369, 10.0298957825, 14.6245422363, 42.8498382568, 37.0534896851, 12.1720409393, 9.27070140839, 9.39039421082, 37.8615684509, 40.1166763306, 10.7408046722, 4.55149459839, 4.85542011261, 9.82502365112, 6.96655464172, 5.13548660278, 5.82889890671, 5.90301132202, 1.93107748032, 0.714428126812, 0.563313961029, 0.342753767967, 0.256491720676, 0.103777974844, 0.0332068353891, 0.012379726395, 0.00492842774838, 0.00146594527178, 0.00023358076578, 3.39841753885e-05, 1.41448545037e-05, 2.50509419857e-05], "min": [3.00965127087e-22, 2.94387178244e-21, 1.62370899334e-21, 4.61247339839e-21, 1.47340124894e-20, 1.77170791024e-19, 5.24124176785e-19, 2.20672167739e-19, 3.15027212647e-19, 3.92403393205e-19, 1.01511956324e-18, 1.01190772432e-18, 1.83225468764e-18, 1.88440222141e-18, 2.47905926185e-18, 2.50037425867e-18, 2.80145269879e-18, 5.33792429221e-18, 5.59017302001e-18, 6.45706988249e-18, 4.79280192878e-18, 1.19764196985e-17, 7.28259406587e-18, 6.60353999433e-18, 8.93410151786e-18, 1.21464193764e-17, 1.27476448513e-17, 1.65686129579e-17, 1.61693394937e-17, 1.69612888296e-17, 1.43532032474e-17, 9.44694522584e-18, 1.19604360875e-17, 9.67985198937e-18, 7.45737815648e-18, 5.26073882848e-18, 3.10084162252e-18, 1.30566416846e-18, 3.25266209365e-19, 2.75330104192e-20], "var": [0.000500492285937, 0.108809709549, 1.14813661575, 6.68372869492, 58.3568763733, 342.126434326, 393.373718262, 1928.42822266, 69.8088760376, 823.323303223, 501.599609375, 20545.2109375, 17014.7382812, 1385.12561035, 3513.65698242, 589.679443359, 38616.9570312, 19018.0292969, 770.766723633, 391.656311035, 196.660797119, 4267.87109375, 2133.96655273, 2388.97412109, 946.107727051, 601.182495117, 197.521530151, 92.5710372925, 95.3438186646, 28.0547771454, 19.3678874969, 10.9921512604, 6.71198225021, 0.873004257679, 0.116548605263, 0.0299339909106, 0.00251672347076, 0.000130689295474, 1.77923467959e-07, 4.60528670754e-10]}, "gfcc": {"mean": [-61.2065162659, 116.602745056, -152.028411865, 20.9066257477, -63.5984764099, -1.95812928677, -30.3464241028, -3.78717160225, -23.8761768341, -4.15343046188, -8.64088439941, -11.057595253, -9.50126171112], "cov": [[30558.2304688, 5503.56152344, -2422.9609375, 579.18927002, -1254.95043945, 121.609283447, -603.51763916, 161.121261597, -649.482299805, -15.2094402313, -303.382354736, -254.507614136, -497.986633301], [5503.56152344, 3940.31396484, -639.327026367, 22.1274547577, 313.795654297, -170.337432861, 262.16317749, -250.299285889, 205.994842529, -242.082611084, 334.549194336, -369.757171631, 11.3175497055], [-2422.9609375, -639.327026367, 648.228759766, -23.8456401825, 151.585021973, 114.795555115, 60.6728439331, 109.83417511, 18.912071228, 74.0626144409, -30.6498069763, 86.6194763184, 6.35424518585], [579.18927002, 22.1274547577, -23.8456401825, 254.364776611, 8.77305221558, 66.1973419189, 53.693813324, 32.7204322815, 15.0706367493, -18.8226261139, 15.359375, 1.56036841869, -3.08630990982], [-1254.95043945, 313.795654297, 151.585021973, 8.77305221558, 360.152374268, 74.6219406128, 192.391906738, 4.71541833878, 101.570022583, -24.35197258, 97.6228561401, -35.5689468384, 13.3754024506], [121.609283447, -170.337432861, 114.795555115, 66.1973419189, 74.6219406128, 244.703079224, 105.740203857, 113.523681641, 29.3046360016, 36.9635620117, 5.86272954941, 23.8538761139, -33.2630653381], [-603.51763916, 262.16317749, 60.6728439331, 53.693813324, 192.391906738, 105.740203857, 263.348175049, 69.2316589355, 115.844360352, -17.5887336731, 73.6045837402, -38.9463844299, 18.4078140259], [161.121261597, -250.299285889, 109.83417511, 32.7204322815, 4.71541833878, 113.523681641, 69.2316589355, 205.100036621, 25.9980983734, 58.6633338928, -31.1440105438, 34.831161499, -20.3447093964], [-649.482299805, 205.994842529, 18.912071228, 15.0706367493, 101.570022583, 29.3046360016, 115.844360352, 25.9980983734, 161.530487061, -4.62961483002, 81.7573699951, -39.5388832092, 5.80300712585], [-15.2094402313, -242.082611084, 74.0626144409, -18.8226261139, -24.35197258, 36.9635620117, -17.5887336731, 58.6633338928, -4.62961483002, 107.864349365, -9.35394859314, 39.4674835205, -15.3144750595], [-303.382354736, 334.549194336, -30.6498069763, 15.359375, 97.6228561401, 5.86272954941, 73.6045837402, -31.1440105438, 81.7573699951, -9.35394859314, 164.559875488, -27.3075523376, 1.2337294817], [-254.507614136, -369.757171631, 86.6194763184, 1.56036841869, -35.5689468384, 23.8538761139, -38.9463844299, 34.831161499, -39.5388832092, 39.4674835205, -27.3075523376, 112.809417725, 15.1595745087], [-497.986633301, 11.3175497055, 6.35424518585, -3.08630990982, 13.3754024506, -33.2630653381, 18.4078140259, -20.3447093964, 5.80300712585, -15.3144750595, 1.2337294817, 15.1595745087, 99.8671112061]], "icov": [[0.000297894672258, -0.000701220065821, 0.00062113860622, -0.000552168115973, 0.000667779764626, -0.000694560469128, 0.000492508232128, -0.00071603548713, 0.000909069436602, -0.000702407036442, 0.000798961438704, -0.000708656269126, 0.000888069742359], [-0.000701220065821, 0.00216617528349, -0.00111021276098, 0.00133261072915, -0.00185762310866, 0.00182367383968, -0.00135044998024, 0.00170437106863, -0.0019887604285, 0.0019802080933, -0.00250285328366, 0.00267946324311, -0.0021345410496], [0.00062113860622, -0.00111021276098, 0.00390517665073, -0.000860149855725, -0.00028636935167, -0.00170981464908, 0.00131954695098, -0.00202954350971, 0.00164773885626, -0.0020701517351, 0.00214000977576, -0.00227487157099, 0.00166592805181], [-0.000552168115973, 0.00133261072915, -0.000860149855725, 0.00560803338885, -0.000702293764334, 8.82519962033e-05, -0.00165727024432, 0.00095300731482, -0.00151650467888, 0.00271943258122, -0.00201422465034, 0.00085008086171, -0.00165230594575], [0.000667779764626, -0.00185762310866, -0.00028636935167, -0.000702293764334, 0.0077489586547, -0.00217287777923, -0.00253066909499, -8.46740003908e-05, 0.00182217580732, -0.000877889222465, 0.00038621830754, -0.00155585061293, 0.00221546157263], [-0.000694560469128, 0.00182367383968, -0.00170981464908, 8.82519962033e-05, -0.00217287777923, 0.00902469269931, -0.0036877701059, -0.000484929536469, -0.00128292152658, 0.000833010533825, -0.00198782351799, 0.000724396726582, 0.000436164584244], [0.000492508232128, -0.00135044998024, 0.00131954695098, -0.00165727024432, -0.00253066909499, -0.0036877701059, 0.0115423528478, -0.00425847386941, -0.00179925980046, 0.000308721530018, 0.000738979200833, 0.000598924991209, -0.00135880697053], [-0.00071603548713, 0.00170437106863, -0.00202954350971, 0.00095300731482, -8.46740003908e-05, -0.000484929536469, -0.00425847386941, 0.0110832676291, -0.00379431806505, -0.00157282163855, 0.000649243127555, 0.000180582515895, -0.000768597354181], [0.000909069436602, -0.0019887604285, 0.00164773885626, -0.00151650467888, 0.00182217580732, -0.00128292152658, -0.00179925980046, -0.00379431806505, 0.014367445372, -0.00268979230896, -0.00193782057613, 0.000905277207494, 0.0021332516335], [-0.000702407036442, 0.0019802080933, -0.0020701517351, 0.00271943258122, -0.000877889222465, 0.000833010533825, 0.000308721530018, -0.00157282163855, -0.00268979230896, 0.0155997248366, -0.00377673143521, -0.000609340961091, -0.000805838441011], [0.000798961438704, -0.00250285328366, 0.00214000977576, -0.00201422465034, 0.00038621830754, -0.00198782351799, 0.000738979200833, 0.000649243127555, -0.00193782057613, -0.00377673143521, 0.0129005135968, -0.00410472927615, 0.00334864086471], [-0.000708656269126, 0.00267946324311, -0.00227487157099, 0.00085008086171, -0.00155585061293, 0.000724396726582, 0.000598924991209, 0.000180582515895, 0.000905277207494, -0.000609340961091, -0.00410472927615, 0.0176421962678, -0.00606367783621], [0.000888069742359, -0.0021345410496, 0.00166592805181, -0.00165230594575, 0.00221546157263, 0.000436164584244, -0.00135880697053, -0.000768597354181, 0.0021332516335, -0.000805838441011, 0.00334864086471, -0.00606367783621, 0.0151004847139]]}, "melbands": {"dmean": [6.82494282955e-05, 0.000130061889649, 0.000170407671249, 0.000199889327632, 0.000172208368895, 0.000193141459022, 4.96337888762e-05, 0.000142669072375, 9.01492312551e-05, 0.000270280608675, 0.000216897358769, 7.32337866793e-05, 2.95394256682e-05, 1.37378865475e-05, 4.07892730436e-05, 0.000133332665428, 7.75173612055e-05, 1.65972705872e-05, 9.64512128121e-06, 8.39662789076e-06, 7.13190729584e-06, 1.4362719412e-05, 1.80186943908e-05, 8.53943674883e-06, 1.2750402675e-05, 6.65886682327e-06, 9.24146024772e-06, 6.44138117423e-06, 3.40371343555e-06, 3.65134542335e-06, 1.66013956004e-06, 2.36342793869e-06, 1.19842252388e-06, 7.40635641705e-07, 6.37193636521e-07, 5.9150471543e-07, 5.59952468393e-07, 9.16454837352e-07, 2.75623449397e-07, 1.77286182179e-07], "dmean2": [9.96328599285e-05, 0.000188610618352, 0.000235446321312, 0.000304913555738, 0.00026721454924, 0.000314902048558, 8.46815382829e-05, 0.000229549448704, 0.000130028041895, 0.00037237451761, 0.0003390906204, 0.000126389219076, 4.2307718104e-05, 2.01805232791e-05, 6.19656129857e-05, 0.0002167813509, 0.000121843208035, 2.67315353994e-05, 1.59493047249e-05, 1.40475176522e-05, 1.19227552204e-05, 2.33439277508e-05, 2.85308215098e-05, 1.3523038433e-05, 2.11206970562e-05, 1.11055205707e-05, 1.566228093e-05, 1.11107028715e-05, 5.41970894119e-06, 6.12147459833e-06, 2.77093249679e-06, 4.05432092521e-06, 2.02454793907e-06, 1.1110532796e-06, 9.65686126619e-07, 9.6090820989e-07, 9.70228256847e-07, 1.68606902662e-06, 4.58382828583e-07, 2.66514263103e-07], "dvar": [1.30889423744e-08, 4.32861924082e-08, 7.82857156878e-08, 1.69954304852e-07, 7.90931338202e-08, 1.50290418333e-07, 1.24678134483e-08, 9.4900052261e-08, 1.85802147001e-08, 2.75957120266e-07, 3.19631425327e-07, 4.43311236609e-08, 3.25308135984e-09, 7.51539497301e-10, 1.77970633786e-08, 1.1561855473e-07, 5.6384674707e-08, 1.48786793996e-09, 6.14930384391e-10, 6.37336294851e-10, 2.84156281838e-10, 4.8993964441e-09, 5.33630384325e-09, 1.10752607085e-09, 2.58701260414e-09, 5.94366500462e-10, 5.8158694527e-10, 3.93218763106e-10, 5.93883622835e-11, 1.00117428237e-10, 2.07114551204e-11, 4.97406317523e-11, 1.10040266829e-11, 5.48445490411e-12, 3.34601552195e-12, 8.06732458614e-12, 4.24821853043e-12, 9.9478394272e-12, 8.58211613754e-13, 3.88016170843e-13], "dvar2": [2.45408244837e-08, 8.88496458629e-08, 1.60770213142e-07, 3.66854578715e-07, 1.81290445767e-07, 4.14354701661e-07, 3.40485222239e-08, 2.49841264122e-07, 4.22332497862e-08, 5.61127990295e-07, 8.07769481526e-07, 1.28329617155e-07, 6.1048535116e-09, 1.41853095936e-09, 3.7140107878e-08, 2.59627739752e-07, 1.34485077297e-07, 3.57415874674e-09, 1.65703839539e-09, 1.75219849741e-09, 7.75213948589e-10, 1.22762866539e-08, 1.30400934495e-08, 2.68229816136e-09, 6.93501700511e-09, 1.56723956035e-09, 1.52210921645e-09, 1.07505782054e-09, 1.47081763435e-10, 2.67705135837e-10, 5.2417886004e-11, 1.3360300366e-10, 2.92430940574e-11, 1.01771742075e-11, 6.89140151194e-12, 2.0619722943e-11, 1.06984031009e-11, 2.77578689201e-11, 2.12722894855e-12, 8.29103062247e-13], "max": [0.00148039369378, 0.00277022714727, 0.00425158487633, 0.00727888895199, 0.00615530554205, 0.00560446782038, 0.00164588668849, 0.00463976804167, 0.00186014943756, 0.00805527064949, 0.0102536408231, 0.00246325647458, 0.00195396179333, 0.00081507494906, 0.00280298548751, 0.00513403071091, 0.00412697112188, 0.00062763079768, 0.000381031830329, 0.000366699357983, 0.000215810025111, 0.00257793441415, 0.00132891640533, 0.000784164876677, 0.000807097414508, 0.000417747331085, 0.000302131287754, 0.0001945727563, 6.59051802359e-05, 0.000110850894998, 7.25013014744e-05, 7.40997929825e-05, 3.78168806492e-05, 5.41053377674e-05, 4.00641947635e-05, 5.48746866116e-05, 3.04588957079e-05, 2.76208647847e-05, 1.66631743923e-05, 1.2150882867e-05], "mean": [0.000235248851823, 0.000504139985424, 0.000434930727351, 0.000523870985489, 0.000682362937368, 0.00071749422932, 0.000106801358925, 0.000207177683478, 0.000222786577069, 0.000618836260401, 0.000348150526406, 8.61328517203e-05, 7.12935216143e-05, 3.78467957489e-05, 0.000109331660497, 0.000262209301582, 0.000135225374834, 2.94493129331e-05, 1.75565128302e-05, 1.27138719108e-05, 9.71031658992e-06, 1.88029280253e-05, 2.32045513258e-05, 1.17426161523e-05, 1.58628954523e-05, 7.48217325963e-06, 1.13262467494e-05, 7.20693105905e-06, 4.16418151872e-06, 3.76797925128e-06, 1.74652677742e-06, 2.15395948544e-06, 1.27039254494e-06, 9.12449308998e-07, 7.88581758115e-07, 6.05015031852e-07, 4.59040961687e-07, 6.07625793236e-07, 2.64887233925e-07, 1.92190185544e-07], "median": [0.000137825147249, 0.000363882805686, 0.000286572787445, 0.000253902631812, 0.000415876216721, 0.000320114020724, 7.67055898905e-05, 0.000111468645628, 0.000119313641335, 0.000286104157567, 0.000158968628966, 4.36064838141e-05, 2.70953205472e-05, 1.69543891388e-05, 3.67439424735e-05, 8.2737991761e-05, 6.06723406236e-05, 1.55921152327e-05, 6.34686421108e-06, 5.15182728122e-06, 5.10252630193e-06, 1.01480563899e-05, 8.08328331914e-06, 4.42913005827e-06, 4.01255874749e-06, 2.604472229e-06, 5.32277772436e-06, 3.14147268909e-06, 1.08416327294e-06, 6.63257310407e-07, 2.8620289072e-07, 3.11825601784e-07, 2.63890314045e-07, 1.47691082475e-07, 1.48536173583e-07, 9.01475871729e-08, 4.56360460532e-08, 1.99136547252e-08, 1.55227155574e-08, 8.2354025821e-09], "min": [3.39689737789e-24, 2.0052899431e-24, 9.62585530098e-25, 4.69667114813e-24, 1.73358715691e-23, 5.37449988094e-24, 4.53206506506e-24, 7.69338648855e-24, 7.54080895657e-24, 6.25416301509e-24, 9.65483706456e-24, 7.78443365879e-24, 6.97956834352e-24, 1.14808386454e-23, 4.94958863181e-24, 5.94279330491e-24, 1.0045825717e-23, 8.05060716112e-24, 1.07912945393e-23, 5.44450615868e-24, 5.20594791563e-24, 1.20697430327e-23, 9.48213016886e-24, 5.25626304188e-24, 5.13522377446e-24, 6.7373359808e-24, 5.88836348017e-24, 8.82952605236e-24, 7.10106633356e-24, 1.16935226452e-23, 8.47741404301e-24, 8.79830451545e-24, 1.05294739715e-23, 8.19044458949e-24, 8.72147419645e-24, 6.44303406517e-24, 5.83507750374e-24, 8.45068743554e-24, 8.81238726033e-24, 7.65647647566e-24], "var": [7.93433017066e-08, 2.66159929652e-07, 2.60338339331e-07, 5.48498746866e-07, 6.42468478418e-07, 7.9980833334e-07, 1.48113290521e-08, 1.02294343662e-07, 6.69220696636e-08, 8.18897660793e-07, 4.3421493956e-07, 3.05666887357e-08, 2.75955152063e-08, 5.56479040625e-09, 5.88436073201e-08, 2.72594718354e-07, 9.14732751767e-08, 2.33155250662e-09, 1.12085840609e-09, 6.74895805908e-10, 2.54796073129e-10, 4.49541204262e-09, 5.73216851762e-09, 1.15839848824e-09, 2.23613461081e-09, 4.72255068384e-10, 5.17728859784e-10, 2.7521465662e-10, 6.73860620082e-11, 8.44701392166e-11, 1.99188027183e-11, 3.89405521717e-11, 1.04126655215e-11, 1.17392710136e-11, 6.53019261929e-12, 7.63273645676e-12, 3.5743239965e-12, 6.27485606877e-12, 9.25286973777e-13, 5.75060832286e-13]}, "mfcc": {"mean": [-678.795776367, 142.620239258, -29.1647529602, 20.310426712, -14.6041126251, -0.378464013338, -3.28211975098, -2.98967862129, -11.7210016251, 3.52703928947, -0.558958411217, -3.46743226051, -13.31270504], "cov": [[10910.4160156, 2089.0222168, -253.821975708, 306.460357666, -119.112030029, 194.894561768, 253.175827026, 345.526702881, 16.6959571838, 339.073760986, 270.119873047, 151.957321167, -110.454948425], [2089.0222168, 2993.42382812, -334.829040527, 268.319885254, 139.730102539, 159.37336731, 161.46862793, 122.258666992, -128.982437134, 299.295715332, 125.704689026, 34.3425178528, -73.3634262085], [-253.821975708, -334.829040527, 328.312011719, -34.2276954651, 27.7055587769, -12.8342723846, 8.6057062149, 2.32434988022, 50.3790168762, -17.3789920807, -2.9041185379, 27.1900348663, 10.5025854111], [306.460357666, 268.319885254, -34.2276954651, 196.445968628, 22.3530712128, 42.8539390564, 33.1578674316, 38.4839859009, -0.273411422968, 32.4237251282, -2.05557703972, 17.3037281036, 22.4896526337], [-119.112030029, 139.730102539, 27.7055587769, 22.3530712128, 137.728408813, 42.1025924683, 51.6120376587, 31.3006896973, -0.738662719727, 29.6276512146, 18.8217391968, 12.3713159561, 30.6120471954], [194.894561768, 159.37336731, -12.8342723846, 42.8539390564, 42.1025924683, 160.508666992, 73.3538589478, 84.076965332, 2.68390798569, 58.8033409119, 29.1366767883, 20.1882095337, 18.8421840668], [253.175827026, 161.46862793, 8.6057062149, 33.1578674316, 51.6120376587, 73.3538589478, 175.640563965, 97.1776046753, 52.8085479736, 61.3208236694, 45.2009124756, 27.3668270111, 25.0637550354], [345.526702881, 122.258666992, 2.32434988022, 38.4839859009, 31.3006896973, 84.076965332, 97.1776046753, 189.853424072, 38.4749946594, 96.0689163208, 48.9149246216, 46.3047676086, 44.9989776611], [16.6959571838, -128.982437134, 50.3790168762, -0.273411422968, -0.738662719727, 2.68390798569, 52.8085479736, 38.4749946594, 168.773956299, 11.6117763519, 5.56487703323, 1.83035302162, -0.387751936913], [339.073760986, 299.295715332, -17.3789920807, 32.4237251282, 29.6276512146, 58.8033409119, 61.3208236694, 96.0689163208, 11.6117763519, 179.583618164, 74.3737869263, 38.9380531311, 12.127409935], [270.119873047, 125.704689026, -2.9041185379, -2.05557703972, 18.8217391968, 29.1366767883, 45.2009124756, 48.9149246216, 5.56487703323, 74.3737869263, 117.935058594, 51.9166564941, 13.2102327347], [151.957321167, 34.3425178528, 27.1900348663, 17.3037281036, 12.3713159561, 20.1882095337, 27.3668270111, 46.3047676086, 1.83035302162, 38.9380531311, 51.9166564941, 108.111099243, 38.1421813965], [-110.454948425, -73.3634262085, 10.5025854111, 22.4896526337, 30.6120471954, 18.8421840668, 25.0637550354, 44.9989776611, -0.387751936913, 12.127409935, 13.2102327347, 38.1421813965, 99.9145278931]], "icov": [[0.000122671015561, -7.12887413101e-05, -3.5553921407e-06, -0.00010329864017, 0.00023481711105, 3.39040661856e-06, -5.03832197865e-05, -0.000174410743057, -5.92536343902e-06, 5.24266433786e-05, -0.000176168163307, -6.56656993669e-05, 0.000167471807799], [-7.12887413101e-05, 0.000638038967736, 0.000474821426906, -0.000550761935301, -0.000655737996567, 3.28174028255e-05, -0.000309893803205, 0.000203023591894, 0.000453563057818, -0.000762576295529, 3.04795139527e-05, -9.28390945774e-05, 0.000770487473346], [-3.5553921407e-06, 0.000474821426906, 0.00389604386874, 0.000221043257625, -0.00143459020182, 0.000248527358053, -0.0001023356308, 9.20357415453e-05, -0.000783810741268, -0.000191173196072, 0.000495913322084, -0.00149006489664, 0.00078573304927], [-0.00010329864017, -0.000550761935301, 0.000221043257625, 0.00659579131752, -8.95367193152e-05, -0.00097895518411, -7.8851255239e-05, -2.63000802079e-05, -0.000467962003313, -0.000147269965964, 0.0019085976528, -0.000820608518552, -0.00170582334977], [0.00023481711105, -0.000655737996567, -0.00143459020182, -8.95367193152e-05, 0.0101735442877, -0.00140025455039, -0.00206347811036, 0.000596062513068, 0.000490484701004, -6.72112946631e-05, -0.000705600774381, 0.00100841675885, -0.00293630524538], [3.39040661856e-06, 3.28174028255e-05, 0.000248527358053, -0.00097895518411, -0.00140025455039, 0.009362205863, -0.00204401859082, -0.00279946997762, 0.00111641827971, -0.000660521676764, 8.30237695482e-06, 0.000185443510418, 0.000671704125125], [-5.03832197865e-05, -0.000309893803205, -0.0001023356308, -7.8851255239e-05, -0.00206347811036, -0.00204401859082, 0.0102392565459, -0.00295075378381, -0.0026948931627, 0.000564667105209, -0.00175284571014, 0.000341612467309, -0.000454301334685], [-0.000174410743057, 0.000203023591894, 9.20357415453e-05, -2.63000802079e-05, 0.000596062513068, -0.00279946997762, -0.00295075378381, 0.0111839920282, -0.00118369294796, -0.00387264764868, 0.000660396239255, -0.00121553172357, -0.00315679539926], [-5.92536343902e-06, 0.000453563057818, -0.000783810741268, -0.000467962003313, 0.000490484701004, 0.00111641827971, -0.0026948931627, -0.00118369294796, 0.00762117421255, -0.000401111115934, 0.00018253037706, 0.000564901391044, 0.00120099785272], [5.24266433786e-05, -0.000762576295529, -0.000191173196072, -0.000147269965964, -6.72112946631e-05, -0.000660521676764, 0.000564667105209, -0.00387264764868, -0.000401111115934, 0.0107308616862, -0.00457228068262, 1.51147496581e-05, 0.000593631062657], [-0.000176168163307, 3.04795139527e-05, 0.000495913322084, 0.0019085976528, -0.000705600774381, 8.30237695482e-06, -0.00175284571014, 0.000660396239255, 0.00018253037706, -0.00457228068262, 0.0146493213251, -0.00549072213471, 0.000417681178078], [-6.56656993669e-05, -9.28390945774e-05, -0.00149006489664, -0.000820608518552, 0.00100841675885, 0.000185443510418, 0.000341612467309, -0.00121553172357, 0.000564901391044, 1.51147496581e-05, -0.00549072213471, 0.014347217977, -0.00443231221288], [0.000167471807799, 0.000770487473346, 0.00078573304927, -0.00170582334977, -0.00293630524538, 0.000671704125125, -0.000454301334685, -0.00315679539926, 0.00120099785272, 0.000593631062657, 0.000417681178078, -0.00443231221288, 0.0149388760328]]}, "spectral_contrast_coeffs": {"dmean": [0.0411686524749, 0.0397812873125, 0.0396794304252, 0.0334299765527, 0.0246247332543, 0.0247987359762], "dmean2": [0.0651073977351, 0.0654331892729, 0.0623807683587, 0.0537371970713, 0.0389617085457, 0.038489125669], "dvar": [0.00132758764084, 0.0012482526945, 0.00126532861032, 0.000819671782665, 0.000481961353216, 0.000496374850627], "dvar2": [0.00304030557163, 0.00317793688737, 0.00290011730976, 0.00209424551576, 0.00114013324492, 0.00105917756446], "max": [-0.280995637178, -0.418321371078, -0.432707667351, -0.519683301449, -0.586846113205, -0.537437438965], "mean": [-0.603420495987, -0.650721848011, -0.660048425198, -0.700618982315, -0.742623209953, -0.715220034122], "median": [-0.60947406292, -0.643345832825, -0.652942717075, -0.689997494221, -0.736318647861, -0.712070941925], "min": [-0.969521105289, -0.961489140987, -0.967364370823, -0.967275261879, -0.963968038559, -0.960909605026], "var": [0.0106889549643, 0.00909203942865, 0.00907183159143, 0.00539261009544, 0.00307093234733, 0.00310325156897]}, "spectral_contrast_valleys": {"dmean": [0.419904649258, 0.385209977627, 0.378652691841, 0.346015006304, 0.35215318203, 0.52931946516], "dmean2": [0.625726461411, 0.588559567928, 0.561520040035, 0.49955201149, 0.485920697451, 0.698470830917], "dvar": [0.273323714733, 0.243997871876, 0.235785633326, 0.231660664082, 0.259144663811, 0.362147808075], "dvar2": [0.396769464016, 0.357544720173, 0.346671134233, 0.326154172421, 0.386300325394, 0.627047479153], "max": [-6.12448883057, -5.17642307281, -5.81041526794, -6.