{"lowlevel": {"average_loudness": 0.940997838974, "barkbands_crest": {"dmean": 2.04589939117, "dmean2": 3.12333345413, "dvar": 6.2810997963, "dvar2": 13.7438154221, "max": 25.61236763, "mean": 12.5250720978, "median": 11.960524559, "min": 2.12871170044, "var": 21.045715332}, "barkbands_flatness_db": {"dmean": 0.0389061644673, "dmean2": 0.0562460012734, "dvar": 0.00273944227956, "dvar2": 0.00487591559067, "max": 0.890074789524, "mean": 0.297158509493, "median": 0.3026060462, "min": 0.0198603216559, "var": 0.0153378862888}, "barkbands_kurtosis": {"dmean": 4.12974214554, "dmean2": 6.42363357544, "dvar": 72.37940979, "dvar2": 162.04649353, "max": 173.987991333, "mean": 8.27506446838, "median": 4.87188959122, "min": -1.83482670784, "var": 137.547225952}, "barkbands_skewness": {"dmean": 0.53844332695, "dmean2": 0.813430607319, "dvar": 0.501628935337, "dvar2": 1.10810732841, "max": 10.3767757416, "mean": 2.01544165611, "median": 1.91927731037, "min": -2.72068548203, "var": 1.91721642017}, "barkbands_spread": {"dmean": 3.10092401505, "dmean2": 4.71263933182, "dvar": 52.350276947, "dvar2": 110.221755981, "max": 114.424491882, "mean": 9.70842266083, "median": 6.37431955338, "min": 0.233461350203, "var": 162.052124023}, "dissonance": {"dmean": 0.0327726043761, "dmean2": 0.0544454231858, "dvar": 0.00142261048313, "dvar2": 0.00375802023336, "max": 0.499999880791, "mean": 0.412942767143, "median": 0.422656863928, "min": 0.0384903028607, "var": 0.00304727931507}, "dynamic_complexity": 9.73424434662, "erbbands_crest": {"dmean": 2.17659807205, "dmean2": 3.3825442791, "dvar": 6.79335403442, "dvar2": 14.5449590683, "max": 31.8268566132, "mean": 11.6803979874, "median": 10.5712480545, "min": 2.20664000511, "var": 26.8905830383}, "erbbands_flatness_db": {"dmean": 0.0280407629907, "dmean2": 0.0395563058555, "dvar": 0.00153649074491, "dvar2": 0.00292497803457, "max": 0.600793838501, "mean": 0.274647176266, "median": 0.293887019157, "min": 0.0286346431822, "var": 0.00899345148355}, "erbbands_kurtosis": {"dmean": 1.35456502438, "dmean2": 2.14847803116, "dvar": 10.70454216, "dvar2": 24.9334144592, "max": 59.9946746826, "mean": 1.24948191643, "median": -0.0935518741608, "min": -1.67888641357, "var": 18.8575382233}, "erbbands_skewness": {"dmean": 0.353645831347, "dmean2": 0.549889266491, "dvar": 0.229114726186, "dvar2": 0.518969416618, "max": 5.51382064819, "mean": 0.638643026352, "median": 0.557769238949, "min": -3.33609867096, "var": 0.893138587475}, "erbbands_spread": {"dmean": 4.87426376343, "dmean2": 7.23512458801, "dvar": 61.0766448975, "dvar2": 119.736656189, "max": 122.745033264, "mean": 23.3708744049, "median": 20.353269577, "min": 0.770064949989, "var": 249.43661499}, "hfc": {"dmean": 4.28384065628, "dmean2": 6.33906316757, "dvar": 120.335296631, "dvar2": 282.716064453, "max": 149.568374634, "mean": 12.7677211761, "median": 9.35892963409, "min": 1.07709358082e-16, "var": 218.82673645}, "melbands_crest": {"dmean": 2.69871306419, "dmean2": 4.12719392776, "dvar": 10.6472682953, "dvar2": 23.1035957336, "max": 32.227684021, "mean": 17.163028717, "median": 16.9433135986, "min": 1.6037042141, "var": 38.5727081299}, "melbands_flatness_db": {"dmean": 0.0445338599384, "dmean2": 0.0635204613209, "dvar": 0.00376925920136, "dvar2": 0.00657690130174, "max": 1, "mean": 0.40664383769, "median": 0.417136788368, "min": 0.00292348815128, "var": 0.0237424615771}, "melbands_kurtosis": {"dmean": 6.05505466461, "dmean2": 9.3575334549, "dvar": 151.873397827, "dvar2": 308.13659668, "max": 301.082580566, "mean": 13.5867185593, "median": 8.9374294281, "min": -1.83716750145, "var": 294.617736816}, "melbands_skewness": {"dmean": 0.587536275387, "dmean2": 0.882595658302, "dvar": 0.60829180479, "dvar2": 1.33899593353, "max": 13.3240089417, "mean": 2.59871983528, "median": 2.46598887444, "min": -2.08005714417, "var": 1.90472471714}, "melbands_spread": {"dmean": 3.59387159348, "dmean2": 5.7310500145, "dvar": 83.7080230713, "dvar2": 187.369827271, "max": 194.175170898, "mean": 12.567688942, "median": 6.59727430344, "min": 0.341589570045, "var": 598.678527832}, "pitch_salience": {"dmean": 0.063246101141, "dmean2": 0.0940842479467, "dvar": 0.00537805538625, "dvar2": 0.011492784135, "max": 0.964947938919, "mean": 0.502619028091, "median": 0.500537455082, "min": 0.0938500761986, "var": 0.01927738823}, "silence_rate_20dB": {"dmean": 0, "dmean2": 0, "dvar": 0, "dvar2": 0, "max": 1, "mean": 1, "median": 1, "min": 1, "var": 0}, "silence_rate_30dB": {"dmean": 0.0809883326292, "dmean2": 0.162032276392, "dvar": 0.0744304955006, "dvar2": 0.146074712276, "max": 1, "mean": 0.821269273758, "median": 1, "min": 0, "var": 0.146789059043}, "silence_rate_60dB": {"dmean": 0.0260809883475, "dmean2": 0.0521798841655, "dvar": 0.0254000015557, "dvar2": 0.0515158027411, "max": 1, "mean": 0.274442523718, "median": 0, "min": 0, "var": 0.199121847749}, "spectral_centroid": {"dmean": 137.685028076, "dmean2": 209.272979736, "dvar": 124253.257812, "dvar2": 229605.3125, "max": 11788.3232422, "mean": 822.84777832, "median": 435.227264404, "min": 101.421348572, "var": 2825920.25}, "spectral_complexity": {"dmean": 2.30610847473, "dmean2": 3.51664948463, "dvar": 17.7813167572, "dvar2": 36.577922821, "max": 53, "mean": 10.5807886124, "median": 11, "min": 0, "var": 73.5055770874}, "spectral_decrease": {"dmean": 4.5418131478e-09, "dmean2": 6.15349859956e-09, "dvar": 7.54040707221e-17, "dvar2": 1.32490987785e-16, "max": 7.77245683527e-19, "mean": -1.37732243388e-08, "median": -8.81666295527e-09, "min": -8.61359410465e-08, "var": 2.49735991325e-16}, "spectral_energy": {"dmean": 0.0173501260579, "dmean2": 0.0234748814255, "dvar": 0.00109041552059, "dvar2": 0.00191116705537, "max": 0.328373551369, "mean": 0.053141284734, "median": 0.0346201807261, "min": 1.00617223813e-20, "var": 0.00365873961709}, "spectral_energyband_high": {"dmean": 0.00019974479801, "dmean2": 0.000331148999976, "dvar": 1.57408521773e-06, "dvar2": 4.15552176491e-06, "max": 0.0169273838401, "mean": 0.000167512305779, "median": 7.04423598563e-07, "min": 7.2149310278e-21, "var": 1.14356487302e-06}, "spectral_energyband_low": {"dmean": 0.0154377864674, "dmean2": 0.0214105434716, "dvar": 0.000979119213298, "dvar2": 0.00182275217958, "max": 0.296232879162, "mean": 0.0366804897785, "median": 0.0143237095326, "min": 1.02233959402e-23, "var": 0.00255476078019}, "spectral_energyband_middle_high": {"dmean": 0.00100424338598, "dmean2": 0.00157575786579, "dvar": 3.43554052051e-06, "dvar2": 7.66857738199e-06, "max": 0.0204954836518, "mean": 0.00294291228056, "median": 0.00115981744602, "min": 1.24793937992e-21, "var": 1.39726134876e-05}, "spectral_energyband_middle_low": {"dmean": 0.00500304205343, "dmean2": 0.00767154991627, "dvar": 0.000112900954264, "dvar2": 0.00028133491287, "max": 0.107342943549, "mean": 0.0151005685329, "median": 0.0141939083114, "min": 1.46849474111e-22, "var": 0.000222978444071}, "spectral_entropy": {"dmean": 0.295743793249, "dmean2": 0.433751493692, "dvar": 0.17348498106, "dvar2": 0.356556952, "max": 9.8227596283, "mean": 6.30191516876, "median": 6.12846088409, "min": 2.86413526535, "var": 1.02620172501}, "spectral_flux": {"dmean": 0.0332219898701, "dmean2": 0.0492930077016, "dvar": 0.00274959322996, "dvar2": 0.00540843559429, "max": 0.453132659197, "mean": 0.0742673873901, "median": 0.0434130914509, "min": 6.49171896794e-11, "var": 0.0074480548501}, "spectral_kurtosis": {"dmean": 28.7219638824, "dmean2": 47.2214012146, "dvar": 4326.07714844, "dvar2": 10758.4345703, "max": 1212.62182617, "mean": 55.0515594482, "median": 32.3894691467, "min": -1.25274538994, "var": 8175.44140625}, "spectral_rms": {"dmean": 0.000986948492937, "dmean2": 0.00125990982633, "dvar": 2.71953649644e-06, "dvar2": 4.18278250436e-06, "max": 0.0178987272084, "mean": 0.00570443691686, "median": 0.00581169361249, "min": 3.13309989931e-12, "var": 1.93046234926e-05}, "spectral_rolloff": {"dmean": 261.127685547, "dmean2": 437.008911133, "dvar": 930128.3125, "dvar2": 1954798.75, "max": 19552.1484375, "mean": 1235.7869873, "median": 409.130859375, "min": 86.1328125, "var": 10944288}, "spectral_skewness": {"dmean": 1.40539193153, "dmean2": 2.27868127823, "dvar": 3.1918091774, "dvar2": 7.41722869873, "max": 28.6850662231, "mean": 4.5763669014, "median": 3.91555047035, "min": -0.0727882683277, "var": 11.8351860046}, "spectral_spread": {"dmean": 632324.25, "dmean2": 977326.1875, "dvar": 1889221476350.0, "dvar2": 3667201622020.0, "max": 42720572, "mean": 3301736.5, "median": 1437964.125, "min": 79196.7265625, "var": 40133877301200.0}, "spectral_strongpeak": {"dmean": 0.211391448975, "dmean2": 0.351622730494, "dvar": 0.186587005854, "dvar2": 0.471413999796, "max": 8.17510795593, "mean": 0.60010689497, "median": 0.497432976961, "min": 0, "var": 0.35733255744}, "zerocrossingrate": {"dmean": 0.00769051350653, "dmean2": 0.00851902458817, "dvar": 0.000469440157758, "dvar2": 0.000447590049589, "max": 0.822265625, "mean": 0.046140819788, "median": 0.0185546875, "min": 0.00244140625, "var": 0.0101071847603}, "barkbands": {"dmean": [0.00169822038151, 0.0112176099792, 0.00535401841626, 0.00228259735741, 0.00177637219895, 0.00165148754604, 0.000999067095108, 0.000294741330435, 6.20672144578e-05, 5.11971993546e-05, 0.000202874638489, 0.000481356517412, 0.000201395436306, 0.000194233187358, 0.000143248485983, 7.40077302908e-05, 4.68083890155e-05, 2.75686488749e-05, 2.6151574275e-05, 4.03323538194e-05, 4.00697717851e-05, 4.87964389322e-05, 3.35884287779e-05, 1.93997548195e-05, 1.70270213857e-05, 1.31834649437e-05, 5.96925610807e-06], "dmean2": [0.00249397358857, 0.0164613239467, 0.00856021046638, 0.00366495526396, 0.00288247293793, 0.00264315702952, 0.0016238023527, 0.000485972414026, 0.000100722660136, 8.14264349174e-05, 0.000285331218038, 0.000803805131, 0.000341237901011, 0.000323767802911, 0.000223060735152, 0.0001169692041, 7.60274197091e-05, 4.3318617827e-05, 4.40430048911e-05, 6.83870021021e-05, 6.88597210683e-05, 8.66165064508e-05, 5.87008908042e-05, 3.18638776662e-05, 2.7090387448e-05, 1.93820796994e-05, 8.93985907169e-06], "dvar": [2.42022142629e-05, 0.000639030884486, 0.000139595358633, 2.16733114939e-05, 1.91170565813e-05, 1.29337140606e-05, 4.57521446151e-06, 5.19329830695e-07, 2.04482599742e-08, 1.37603217709e-08, 2.18786510686e-07, 9.71672534433e-07, 1.51509183866e-07, 1.77142311486e-07, 1.82574524388e-07, 4.85633826486e-08, 3.35159349163e-08, 1.1236396702e-08, 1.44535752256e-08, 5.43977272116e-08, 5.96285119059e-08, 1.15722968985e-07, 5.50473338023e-08, 1.59801523125e-08, 1.18297096563e-08, 5.02802688374e-09, 1.11519005142e-09], "dvar2": [5.94040502619e-05, 0.00130601774435, 0.000345803564414, 5.32601152372e-05, 5.10228892381e-05, 3.54819603672e-05, 1.20107224575e-05, 1.37500057917e-06, 5.4492446111e-08, 3.28396225768e-08, 4.48921326779e-07, 2.62072694568e-06, 4.2306825776e-07, 4.83657572659e-07, 3.93007383082e-07, 1.08459317971e-07, 8.6271256805e-08, 2.58861643232e-08, 3.79987987742e-08, 1.37455856475e-07, 1.58897364599e-07, 3.28330941102e-07, 1.54381652351e-07, 4.25613606581e-08, 3.11041752354e-08, 1.09470992271e-08, 2.34404673449e-09], "max": [0.0560942552984, 0.247795432806, 0.138061136007, 0.0414635017514, 0.0495902225375, 0.0438300669193, 0.021947838366, 0.0145756173879, 0.00174201326445, 0.00217095110565, 0.00950377248228, 0.0110606830567, 0.00508971465752, 0.00486942846328, 0.011269477196, 0.00541782798246, 0.00260762008838, 0.00133912812453, 0.00153201678768, 0.00273225363344, 0.00291561195627, 0.00486322725192, 0.00327305099927, 0.00184967624955, 0.00151379092131, 0.000895338773262, 0.000479761714814], "mean": [0.00206679292023, 0.023168804124, 0.00971814244986, 0.00321168848313, 0.00317971711047, 0.00530193001032, 0.00264293048531, 0.000571737997234, 0.000139269293868, 0.00012392141798, 0.000535446393769, 0.00102035072632, 0.000377061485779, 0.000343669409631, 0.000308296090225, 0.000116068840725, 6.02675499977e-05, 3.65681917174e-05, 3.46007655025e-05, 3.80195015168e-05, 3.39166617778e-05, 3.54639159923e-05, 2.48573305726e-05, 1.63733930094e-05, 1.52400243678e-05, 1.42005801536e-05, 6.05307513979e-06], "median": [1.60830022651e-05, 0.00567216938362, 0.0024123264011, 0.000707447878085, 0.00122434447985, 0.00345309101976, 0.000906571105588, 0.000234002509387, 4.6450055379e-05, 3.85022976843e-05, 5.79508341616e-05, 0.000132976041641, 0.000197661604034, 0.000108016029117, 3.97306139348e-05, 2.48765190918e-05, 6.97914038028e-06, 3.38501172337e-06, 8.2573689042e-07, 5.83516793995e-07, 2.4590593739e-07, 8.04687587674e-08, 2.48666793823e-08, 1.1488917373e-08, 6.16299544731e-09, 4.71544447933e-09, 2.45238829244e-09], "min": [8.34342483496e-25, 2.47541968539e-24, 1.70912907674e-24, 1.77435327968e-24, 1.20022615043e-23, 8.69606183125e-24, 5.65014405287e-24, 1.13168455073e-23, 2.02516655578e-23, 1.75827156126e-23, 2.36389522433e-23, 7.44647618066e-24, 3.30911624958e-23, 3.72789158081e-23, 4.95029150688e-23, 3.86078340445e-23, 8.74984321232e-23, 8.43343552086e-23, 1.43412148401e-22, 1.65479844337e-22, 2.56562910901e-22, 3.04839229304e-22, 3.69281996092e-22, 5.66571665624e-22, 1.00521528548e-21, 1.29714673089e-21, 2.07504941151e-21], "var": [3.16795740218e-05, 0.00129378098063, 0.000276839884464, 3.07104310195e-05, 2.52235149674e-05, 3.5432887671e-05, 1.41905202327e-05, 7.95850496615e-07, 4.66918308462e-08, 4.2961623592e-08, 1.41600412462e-06, 3.44893487636e-06, 2.79219193544e-07, 2.89758332883e-07, 8.83242591954e-07, 6.97293103258e-08, 3.06823224605e-08, 1.33376989453e-08, 1.85386266338e-08, 4.58881004306e-08, 4.17562482369e-08, 6.92967745408e-08, 3.42433850165e-08, 1.16758949176e-08, 9.24754939291e-09, 5.77308156835e-09, 1.21891607918e-09]}, "erbbands": {"dmean": [0.451672434807, 2.49682211876, 5.67970275879, 7.03485250473, 7.47632741928, 5.25834369659, 8.7197637558, 15.5024213791, 14.3555183411, 12.7753620148, 5.46298599243, 1.40614748001, 1.31876194477, 3.44885444641, 12.3427276611, 17.1898117065, 9.21143436432, 9.3454284668, 8.15348243713, 6.53814220428, 3.41030716896, 2.48429369926, 1.72192454338, 1.24816381931, 1.51109445095, 1.83702027798, 1.89436364174, 1.49477601051, 1.92336142063, 1.32030582428, 0.89321154356, 0.541909754276, 0.249354124069, 0.204220220447, 0.108361907303, 0.0495310910046, 0.0232206173241, 0.00756719894707, 0.00114819291048, 6.46289627184e-05], "dmean2": [0.601601779461, 3.89536571503, 9.1826915741, 10.9175949097, 13.0616283417, 8.14286899567, 14.0845336914, 24.7464122772, 23.4010219574, 20.3918972015, 8.8864736557, 2.29063653946, 2.03431606293, 5.44251775742, 18.1979064941, 29.3106918335, 15.3704366684, 15.5367412567, 12.9716749191, 10.0924034119, 5.23861312866, 3.99720096588, 2.73794603348, 2.04350352287, 2.45867419243, 3.03071284294, 3.2146859169, 2.6106171608, 3.4575612545, 2.33461117744, 1.55704021454, 0.921508550644, 0.392452150583, 0.330835491419, 0.165918007493, 0.0716871544719, 0.0342404730618, 0.0112515231594, 0.00173855840694, 9.46775980992e-05], "dvar": [1.16689991951, 33.4124679565, 148.437728882, 225.896026611, 360.772766113, 149.028778076, 414.360961914, 1118.22302246, 839.007629395, 1028.9666748, 154.915405273, 9.91108417511, 7.61703252792, 56.7968711853, 814.067321777, 1317.46203613, 300.217010498, 421.95715332, 375.223693848, 480.618774414, 70.5396347046, 98.9529647827, 49.3755264282, 27.581785202, 49.9797363281, 107.030685425, 138.302307129, 90.3956756592, 195.557723999, 85.363067627, 39.0374336243, 13.5880069733, 2.33226776123, 1.79538714886, 0.428428053856, 0.0696631148458, 0.0152311464772, 0.00171245483216, 4.22805460403e-05, 8.1044092326e-08], "dvar2": [2.27869319916, 84.3784713745, 362.519561768, 529.128234863, 1018.04968262, 367.200408936, 1116.89123535, 2989.50708008, 2219.25512695, 2619.78271484, 404.436187744, 26.5281333923, 18.3128070831, 139.793670654, 1860.46606445, 3834.06665039, 821.15447998, 1150.90820312, 917.946899414, 985.467529297, 162.707427979, 252.873474121, 120.429969788, 70.2884140015, 128.461791992, 270.349853516, 360.786132812, 250.31237793, 558.7109375, 241.222351074, 109.255867004, 37.2178421021, 5.97446107864, 4.77096319199, 1.08367860317, 0.152977958322, 0.0325552560389, 0.00362102477811, 8.97350691957e-05, 1.7576887501e-07], "max": [10.6614017487, 56.5556030273, 128.583023071, 134.797515869, 185.551818848, 177.371612549, 209.369659424, 410.507293701, 343.227416992, 526.288269043, 225.314178467, 38.9223327637, 51.6061630249, 104.236930847, 419.406219482, 497.8956604, 249.264312744, 299.172332764, 583.400756836, 692.299926758, 113.472167969, 145.341384888, 93.9440155029, 66.5666809082, 89.875831604, 138.890319824, 147.565429688, 114.509178162, 205.987442017, 125.155021667, 89.5070037842, 52.9639625549, 22.8902664185, 18.6337242126, 9.2331943512, 3.43943452835, 1.50328195095, 0.515216350555, 0.090370722115, 0.00392126198858], "mean": [0.689324557781, 5.00996828079, 12.1468639374, 10.9078483582, 9.49011611938, 10.0831222534, 22.9908561707, 47.9092788696, 43.555847168, 30.6882553101, 11.4125614166, 3.36187958717, 3.85773634911, 7.20576572418, 35.6225776672, 37.7201805115, 18.9528217316, 16.1813602448, 20.1853866577, 10.8702001572, 5.60444116592, 3.24720621109, 2.16301250458, 1.4226154089, 2.03660702705, 1.78967797756, 1.60060703754, 1.24480748177, 1.38028454781, 0.957863867283, 0.6683344841, 0.426643788815, 0.226699903607, 0.176418527961, 0.103485502303, 0.0541932582855, 0.0256364960223, 0.00801428128034, 0.00116868421901, 0.000103703670902], "median": [0.0627413988113, 1.40746986866, 3.98472642899, 3.51529788971, 3.39329123497, 3.51591563225, 9.52799510956, 24.7622070312, 23.4875125885, 9.48932552338, 5.12334918976, 1.61986672878, 1.61163854599, 1.8783159256, 4.99061918259, 7.72928667068, 10.5410318375, 6.3891119957, 4.69259977341, 1.92463326454, 1.37608003616, 0.497591853142, 0.215776577592, 0.0956878811121, 0.042007189244, 0.032556977123, 0.0149241834879, 0.00585054466501, 0.00340332835913, 0.00155767775141, 0.000676628435031, 0.000322089064866, 0.000205150441616, 0.000124249214423, 7.70545811974e-05, 4.64877557533e-05, 2.46652580245e-05, 4.93867537443e-06, 2.0088878955e-05, 3.99999771616e-05], "min": [1.24257494906e-22, 2.47960616232e-22, 2.97399844352e-21, 8.05338682296e-21, 1.75387121435e-20, 2.79417992005e-20, 5.07586328949e-20, 6.76042953165e-20, 9.01204100842e-20, 1.30823822528e-19, 3.43682842867e-19, 4.44316136925e-19, 6.03658730056e-19, 7.41127100574e-19, 1.09151041659e-18, 8.2939678451e-19, 1.44841103696e-18, 1.60408498068e-18, 2.25176698672e-18, 2.89869977392e-18, 2.68625642476e-18, 5.01609437205e-18, 5.54201580552e-18, 6.97036647185e-18, 8.98021600983e-18, 8.19329510487e-18, 8.49604734497e-18, 1.11861842808e-17, 1.05430571448e-17, 1.13460543049e-17, 1.06836075386e-17, 9.4312246583e-18, 9.24244301736e-18, 8.72327716796e-18, 6.16241698136e-18, 4.47456073171e-18, 2.087141708e-18, 1.03324732976e-18, 2.63316921382e-19, 2.50629828711e-20], "var": [2.12911224365, 53.8527832031, 346.389892578, 319.023529053, 308.010253906, 282.236053467, 989.334899902, 3652.03393555, 3078.96166992, 2713.95996094, 272.960113525, 21.469291687, 27.3426074982, 135.870330811, 4218.49072266, 4674.93115234, 635.921630859, 612.961914062, 2443.52368164, 1396.03771973, 115.212402344, 89.936088562, 50.7449836731, 25.2899608612, 70.1302947998, 94.6383361816, 99.8235321045, 58.7309875488, 114.526489258, 51.8070106506, 24.4590263367, 9.10380268097, 1.91063737869, 1.34169709682, 0.374264389277, 0.0814955830574, 0.0182118397206, 0.00194457708858, 4.52877611679e-05, 8.79553567756e-08]}, "gfcc": {"mean": [-231.63269043, 183.329238892, -92.5733718872, -7.34659099579, -18.7814273834, -7.89444303513, -32.1588058472, -19.7388725281, -10.6019849777, 5.65745449066, 1.45943558216, -3.35351490974, -8.45673274994], "cov": [[70567.203125, 11829.7460938, -6114.52929688, 1822.31433105, 1824.28637695, 418.53994751, 1331.55871582, -571.582946777, 826.138793945, 310.112457275, 1184.28112793, 161.999298096, 824.233886719], [11829.7460938, 6588.80175781, -744.160766602, -837.569641113, 1161.63110352, -465.68347168, 391.16885376, -212.576889038, 446.019042969, -241.953979492, 382.177642822, -207.635360718, 409.62902832], [-6114.52929688, -744.160766602, 2969.76660156, 213.403305054, -32.081943512, 311.485198975, 65.9812927246, 372.666534424, 108.791938782, 71.3233261108, -125.139205933, 30.1060523987, -21.2248725891], [1822.31433105, -837.569641113, 213.403305054, 1002.49316406, 0.561063110828, 223.404922485, 289.025390625, 44.2592506409, 94.9228439331, 104.270362854, 56.5797920227, 30.4061450958, 40.6154632568], [1824.28637695, 1161.63110352, -32.081943512, 0.561063110828, 652.379882812, 44.1663856506, 301.556335449, 46.8850288391, 125.768196106, -65.0107345581, 148.675827026, -10.8025417328, 148.37689209], [418.53994751, -465.68347168, 311.485198975, 223.404922485, 44.1663856506, 297.50894165, 100.501960754, 86.0383529663, 17.2217292786, 71.4823913574, 15.5614290237, 57.6806297302, -11.8125419617], [1331.55871582, 391.16885376, 65.9812927246, 289.025390625, 301.556335449, 100.501960754, 349.72177124, 52.0426979065, 131.780395508, 13.2655038834, 111.903968811, -6.17212343216, 82.9412231445], [-571.582946777, -212.576889038, 372.666534424, 44.2592506409, 46.8850288391, 86.0383529663, 52.0426979065, 159.483215332, 41.2275772095, 42.9045066833, -19.0156402588, 16.8325023651, -23.8117485046], [826.138793945, 446.019042969, 108.791938782, 94.9228439331, 125.768196106, 17.2217292786, 131.780395508, 41.2275772095, 179.056243896, 47.3349571228, 77.8989181519, -12.4333600998, 60.2370185852], [310.112457275, -241.953979492, 71.3233261108, 104.270362854, -65.0107345581, 71.4823913574, 13.2655038834, 42.9045066833, 47.3349571228, 122.766822815, 29.9273223877, 20.2985534668, -27.6022701263], [1184.28112793, 382.177642822, -125.139205933, 56.5797920227, 148.675827026, 15.5614290237, 111.903968811, -19.0156402588, 77.8989181519, 29.9273223877, 149.989593506, 26.0334854126, 67.3316726685], [161.999298096, -207.635360718, 30.1060523987, 30.4061450958, -10.8025417328, 57.6806297302, -6.17212343216, 16.8325023651, -12.4333600998, 20.2985534668, 26.0334854126, 101.807662964, 36.5515861511], [824.233886719, 409.62902832, -21.2248725891, 40.6154632568, 148.37689209, -11.8125419617, 82.9412231445, -23.8117485046, 60.2370185852, -27.6022701263, 67.3316726685, 36.5515861511, 148.239990234]], "icov": [[7.47008889448e-05, -0.000272579723969, 0.000185806726222, -0.000358793564374, 0.000158428170835, -0.000358009710908, 0.000171732361196, -0.000323884101817, 0.000301487889374, -0.00021721443045, 3.24567408825e-05, -0.000273338810075, 1.72631516762e-05], [-0.000272579723969, 0.00143657380249, -0.00068736274261, 0.00168877793476, -0.00108431675471, 0.00155002635438, -0.000677214760799, 0.00176790659316, -0.00196466059424, 0.000962513149716, -0.000337605684763, 0.0015303788241, -0.000389926251955], [0.000185806726222, -0.00068736274261, 0.00101020757575, -0.000937165750656, 0.000622491992544, -0.00135940266773, 0.000638890312985, -0.00208693626337, 0.000461801770143, -0.000119873642689, 0.000293297081953, -0.000341951701557, -0.000415276241256], [-0.000358793564374, 0.00168877793476, -0.000937165750656, 0.00394569942728, -0.000222403381485, 0.00116385438014, -0.00320257665589, 0.00265914993361, -0.00193484092597, 0.00018993212143, 0.000218945933739, 0.00185768061783, -0.00108843494672], [0.000158428170835, -0.00108431675471, 0.000622491992544, -0.000222403381485, 0.00545737240463, -0.00207003299147, -0.00241136644036, -0.00374834332615, 0.00194819795433, 0.00217711436562, -0.00239453883842, 0.000819959153887, -0.00211565708742], [-0.000358009710908, 0.00155002635438, -0.00135940266773, 0.00116385438014, -0.00207003299147, 0.00831291265786, -0.00227509974502, 0.00163958454505, -0.000519072928, -0.00180512946099, 0.000692801899277, -0.00197664811276, 0.00151208031457], [0.000171732361196, -0.000677214760799, 0.000638890312985, -0.00320257665589, -0.00241136644036, -0.00227509974502, 0.0101988464594, -0.00272677047178, -0.00187357829418, 0.00164987251628, -0.00280223577283, 0.00138369319029, -2.64560840151e-05], [-0.000323884101817, 0.00176790659316, -0.00208693626337, 0.00265914993361, -0.00374834332615, 0.00163958454505, -0.00272677047178, 0.0163958277553, -0.00535329245031, -0.00286418455653, 0.00503837037832, -0.00308160344139, 0.00404335511848], [0.000301487889374, -0.00196466059424, 0.000461801770143, -0.00193484092597, 0.00194819795433, -0.000519072928, -0.00187357829418, -0.00535329245031, 0.0158865600824, -0.00684533268213, -0.00271027744748, 0.00290114665404, -0.00466852122918], [-0.00021721443045, 0.000962513149716, -0.000119873642689, 0.00018993212143, 0.00217711436562, -0.00180512946099, 0.00164987251628, -0.00286418455653, -0.00684533268213, 0.0186609700322, -0.00639227079228, -0.000240464956732, 0.00399165274575], [3.24567408825e-05, -0.000337605684763, 0.000293297081953, 0.000218945933739, -0.00239453883842, 0.000692801899277, -0.00280223577283, 0.00503837037832, -0.00271027744748, -0.00639227079228, 0.0163802150637, -0.00557483825833, -0.000590766314417], [-0.000273338810075, 0.0015303788241, -0.000341951701557, 0.00185768061783, 0.000819959153887, -0.00197664811276, 0.00138369319029, -0.00308160344139, 0.00290114665404, -0.000240464956732, -0.00557483825833, 0.0198173429817, -0.00909230113029], [1.72631516762e-05, -0.000389926251955, -0.000415276241256, -0.00108843494672, -0.00211565708742, 0.00151208031457, -2.64560840151e-05, 0.00404335511848, -0.00466852122918, 0.00399165274575, -0.000590766314417, -0.00909230113029, 0.0160189624876]]}, "melbands": {"dmean": [0.00336166238412, 0.00292198057286, 0.00120895856526, 0.000436219299445, 0.000271784490906, 0.000337079254678, 0.000213496285141, 0.000122573634144, 3.64690495189e-05, 7.8910825323e-06, 6.40124062556e-06, 1.22878736875e-05, 3.55368538294e-05, 6.18067424512e-05, 2.47846637649e-05, 1.9799459551e-05, 1.75576260517e-05, 1.44698951772e-05, 1.02170924947e-05, 7.09953974365e-06, 3.73648140339e-06, 2.70751070275e-06, 2.04958428185e-06, 1.20137087833e-06, 9.86485929388e-07, 1.04087484942e-06, 1.21122468499e-06, 1.29861757614e-06, 1.21526670682e-06, 1.12790871754e-06, 7.33376680273e-07, 1.04351147456e-06, 1.02772435184e-06, 6.35995888842e-07, 5.40372127489e-07, 3.72272779714e-07, 3.25624569086e-07, 1.81415714451e-07, 1.32718668056e-07, 1.95742615006e-07], "dmean2": [0.00468059629202, 0.00466781295836, 0.00190624780953, 0.000728458398953, 0.000427967403084, 0.000538929947652, 0.000345646694768, 0.000196318054805, 5.90727904637e-05, 1.28471774588e-05, 9.87334715319e-06, 1.98470697796e-05, 5.12342630827e-05, 0.000102029604022, 4.25192520197e-05, 3.33307652909e-05, 2.93839075312e-05, 2.32497022807e-05, 1.53095716087e-05, 1.11198496597e-05, 5.80924870519e-06, 4.39039422417e-06, 3.37467054123e-06, 1.89746151591e-06, 1.63904712736e-06, 1.75369029876e-06, 1.96531482288e-06, 2.14946294363e-06, 2.07334460356e-06, 1.96720816348e-06, 1.27810017148e-06, 1.85323085589e-06, 1.87732143786e-06, 1.11835129246e-06, 9.44937141867e-07, 6.41996393824e-07, 5.55135500235e-07, 2.84312619669e-07, 2.02547170147e-07, 3.27410162981e-07], "dvar": [5.96778299951e-05, 3.83565457014e-05, 6.51326627121e-06, 1.20326774322e-06, 3.93000135546e-07, 5.26359201558e-07, 1.8481713937e-07, 9.00326213582e-08, 6.85536472034e-09, 3.25392657263e-10, 1.78672535101e-10, 7.51797457621e-10, 6.42810560336e-09, 1.63061386615e-08, 2.28658403323e-09, 1.55798818291e-09, 1.47785361726e-09, 1.21615717497e-09, 1.09413800242e-09, 4.91979568196e-10, 8.54248685678e-11, 1.15261605815e-10, 7.24937887497e-11, 2.14438206775e-11, 1.77689564451e-11, 2.52063647732e-11, 3.57749212199e-11, 5.60696940266e-11, 5.75385815382e-11, 5.33110083856e-11, 2.08426522569e-11, 5.30758458017e-11, 6.01269242728e-11, 1.89523171462e-11, 1.46764510267e-11, 6.25891092426e-12, 5.06683887555e-12, 1.23820398379e-12, 5.95533767699e-13, 1.83963608236e-12], "dvar2": [0.000111487723188, 9.25310669118e-05, 1.5536274077e-05, 3.26944473272e-06, 1.02060187146e-06, 1.41578198054e-06, 4.85884754653e-07, 2.29862138212e-07, 1.79118604393e-08, 8.75787720123e-10, 4.27632623756e-10, 1.87360815751e-09, 1.38816362849e-08, 4.37455298652e-08, 6.49005782449e-09, 4.30089075465e-09, 4.04907574136e-09, 3.13770276428e-09, 2.26928253966e-09, 1.07039044295e-09, 1.93470267584e-10, 2.93307933497e-10, 1.84091811239e-10, 5.00159150207e-11, 4.57028026535e-11, 6.68532243453e-11, 9.0468001146e-11, 1.43507025707e-10, 1.5046480728e-10, 1.45706627319e-10, 5.79931866418e-11, 1.50455550796e-10, 1.73385361624e-10, 5.3179228382e-11, 4.11338255124e-11, 1.72977084045e-11, 1.39033793159e-11, 3.15080145134e-12, 1.46604473353e-12, 5.03184646727e-12], "max": [0.0716177299619, 0.0598071143031, 0.0214466676116, 0.0117964167148, 0.00666393479332, 0.00865370873362, 0.00512914080173, 0.00489298906177, 0.00146826659329, 0.000214546293137, 0.000259093474597, 0.00038518969086, 0.00146783248056, 0.00151862809435, 0.000593024713453, 0.000567176553886, 0.000504886091221, 0.000889385817572, 0.00110456335824, 0.000665143714286, 0.000135151247378, 0.000151379557792, 0.00011892857583, 6.03397384111e-05, 5.30546894879e-05, 6.6581669671e-05, 7.85473894211e-05, 0.000101156365417, 9.86747618299e-05, 8.99149745237e-05, 5.51185949007e-05, 0.000105331077066, 0.000114225076686, 5.81875792705e-05, 5.6185581343e-05, 3.38662175636e-05, 3.28343339788e-05, 1.71171559487e-05, 1.06756233436e-05, 1.88650665223e-05], "mean": [0.00631053792313, 0.00665759947151, 0.00191774370614, 0.000654694158584, 0.000727191800252, 0.00105577101931, 0.000664556922857, 0.00028121646028, 7.34615969122e-05, 1.80711358553e-05, 1.84392429219e-05, 2.18607237912e-05, 9.7404968983e-05, 0.000140171032399, 4.78406109323e-05, 3.6830217141e-05, 2.89873823931e-05, 3.3638705645e-05, 1.82269541256e-05, 1.05850804175e-05, 6.00797966399e-06, 3.43959527527e-06, 2.40493818637e-06, 1.56436396992e-06, 1.02048636563e-06, 1.57227475484e-06, 1.24469750062e-06, 1.1748312545e-06, 1.01721275314e-06, 8.82687174908e-07, 6.50876643249e-07, 7.64414153309e-07, 7.05878846929e-07, 4.71503653898e-07, 4.03475127086e-07, 2.89742729365e-07, 2.5420450811e-07, 1.65142836295e-07, 1.28467874561e-07, 1.5984608126e-07], "median": [0.00110799015965, 0.00248713116162, 0.000730171508621, 0.000220383051783, 0.000275403406704, 0.000598430167884, 0.000360289472155, 9.05011329451e-05, 3.00807605527e-05, 7.60098055252e-06, 7.36360880182e-06, 5.76394768359e-06, 1.12682118925e-05, 2.13407602132e-05, 1.8751126845e-05, 1.87748028111e-05, 9.96133530862e-06, 6.92865614838e-06, 2.70326995633e-06, 1.76348987679e-06, 1.33930041102e-06, 3.87252157452e-07, 1.77866340323e-07, 1.41203770454e-07, 5.65794344709e-08, 2.26366996259e-08, 2.60155612608e-08, 1.52810066822e-08, 8.33788060817e-09, 4.81475170844e-09, 2.0721846461e-09, 1.77297432291e-09, 1.09999109821e-09, 5.82809966954e-10, 3.60732194116e-10, 2.01094557672e-10, 1.53598092578e-10, 1.13488954345e-10, 8.21501477954e-11, 6.15450954089e-11], "min": [9.28263178188e-25, 1.72210426091e-24, 2.11474222433e-24, 1.43263697794e-24, 2.06480989283e-24, 1.43587456171e-24, 1.19922506622e-24, 9.76511784696e-25, 2.77069860525e-24, 2.67578897481e-24, 2.55130218801e-24, 2.06756420068e-24, 3.63908990314e-24, 8.987917292e-25, 3.48401207652e-24, 2.58651614996e-24, 3.14153738363e-24, 3.45640391699e-24, 4.25846483174e-24, 3.75582159559e-24, 2.60446470771e-24, 4.43763762585e-24, 3.36157060884e-24, 4.06093169449e-24, 5.07488814255e-24, 4.54907645605e-24, 4.12944347524e-24, 4.9983473355e-24, 5.87192283004e-24, 4.62204056776e-24, 5.03019680569e-24, 5.86123692022e-24, 5.77065083918e-24, 5.06039558443e-24, 5.3589242168e-24, 4.8747722747e-24, 5.50123156866e-24, 5.58415978246e-24, 6.42772069727e-24, 6.46973937339e-24], "var": [0.000123243851704, 8.18991393317e-05, 8.9587747425e-06, 1.31091530875e-06, 9.91653223537e-07, 1.62187336628e-06, 6.92543551395e-07, 2.26784649726e-07, 1.24431780435e-08, 6.68873734178e-10, 6.49076625781e-10, 1.52370316364e-09, 3.74629500755e-08, 5.79828878244e-08, 5.07508524095e-09, 2.61170529647e-09, 2.14891016093e-09, 6.01815308698e-09, 3.1165019454e-09, 1.0960992114e-09, 1.3743267635e-10, 1.0610529122e-10, 6.95089055758e-11, 2.53750076507e-11, 1.5829046407e-11, 4.61150423403e-11, 3.48512364801e-11, 4.62141956648e-11, 4.12339433431e-11, 3.49049435189e-11, 1.37957084992e-11, 3.18581792891e-11, 3.42255286612e-11, 1.17807404457e-11, 9.13776086048e-12, 4.10919779106e-12, 3.36920617273e-12, 1.02200246963e-12, 5.44072870524e-13, 1.26661083965e-12]}, "mfcc": {"mean": [-828.418701172, 193.906311035, 3.77466320992, 12.3908262253, 18.589225769, 13.1812486649, -3.35535120964, -13.42964077, -10.1068868637, -4.84798240662, 2.27848911285, 7.73649501801, 7.87195205688], "cov": [[26900.859375, 10481.0830078, -2704.09863281, 613.963195801, 1047.88525391, 1293.69995117, 526.589050293, 9.89600753784, 97.0950393677, 33.9219818115, 138.181518555, 455.081878662, 869.591186523], [10481.0830078, 8763.67578125, -908.739013672, -131.431182861, 1007.27142334, 483.785430908, 265.46194458, -72.3595352173, 8.8366689682, -22.2183074951, 91.1150817871, 301.588745117, 435.274108887], [-2704.09863281, -908.739013672, 1598.91662598, 309.410369873, 64.003364563, 23.1643333435, -37.0885848999, 52.8465614319, 66.7595062256, 92.2615280151, 52.1912498474, 6.13101673126, -36.7032814026], [613.963195801, -131.431182861, 309.410369873, 609.560974121, 114.688011169, 183.452346802, 132.03805542, 110.055175781, 119.323120117, 89.0368041992, 48.5420532227, 26.771364212, 48.7729530334], [1047.88525391, 1007.27142334, 64.003364563, 114.688011169, 329.490570068, 131.416915894, 140.015029907, 111.542068481, 78.8137359619, 54.1638908386, 33.3279457092, 52.2962799072, 72.3702163696], [1293.69995117, 483.785430908, 23.1643333435, 183.452346802, 131.416915894, 234.249008179, 114.647766113, 67.8578720093, 71.8597488403, 46.9441108704, 54.5513458252, 56.0100326538, 58.0359916687], [526.589050293, 265.46194458, -37.0885848999, 132.03805542, 140.015029907, 114.647766113, 190.470016479, 123.726730347, 66.3489456177, 38.3306884766, 29.2322921753, 42.4519271851, 34.5952987671], [9.89600753784, -72.3595352173, 52.8465614319, 110.055175781, 111.542068481, 67.8578720093, 123.726730347, 166.213806152, 87.9455032349, 36.909412384, 32.676738739, 20.7269306183, 19.8516807556], [97.0950393677, 8.8366689682, 66.7595062256, 119.323120117, 78.8137359619, 71.8597488403, 66.3489456177, 87.9455032349, 118.2840271, 57.3475608826, 14.1354665756, 17.8893299103, 35.6925430298], [33.9219818115, -22.2183074951, 92.2615280151, 89.0368041992, 54.1638908386, 46.9441108704, 38.3306884766, 36.909412384, 57.3475608826, 114.22492981, 63.5573883057, 11.9155368805, 23.9687232971], [138.181518555, 91.1150817871, 52.1912498474, 48.5420532227, 33.3279457092, 54.5513458252, 29.2322921753, 32.676738739, 14.1354665756, 63.5573883057, 130.074172974, 65.3960189819, 2.01609659195], [455.081878662, 301.588745117, 6.13101673126, 26.771364212, 52.2962799072, 56.0100326538, 42.4519271851, 20.7269306183, 17.8893299103, 11.9155368805, 65.3960189819, 112.422454834, 43.9862213135], [869.591186523, 435.274108887, -36.7032814026, 48.7729530334, 72.3702163696, 58.0359916687, 34.5952987671, 19.8516807556, 35.6925430298, 23.9687232971, 2.01609659195, 43.9862213135, 123.733642578]], "icov": [[0.000132416578708, -0.000132215383928, 0.000181788331247, -0.000176343746716, 0.000196219029021, -0.000559550127946, 0.000307082285872, -0.0003222769883, 0.000434433051851, -0.000236011925153, 0.000270363350864, -0.000113131893158, -0.000272322940873], [-0.000132215383928, 0.000465111981612, -3.82260150218e-05, 0.000315685552778, -0.00142877770122, 0.000350874353899, -0.000452279899037, 0.0014485506108, -0.000593810516875, 0.000948711181991, -0.000840935739689, 0.000231361453189, -0.000358639023034], [0.000181788331247, -3.82260150218e-05, 0.00112992466893, -0.000690489599947, -0.000555711681955, -0.000790929072537, 0.00148401560728, -0.000626517808996, 0.000832684570923, -0.000835239188746, 0.000623983796686, -0.000737367197871, 1.93819487322e-05], [-0.000176343746716, 0.000315685552778, -0.000690489599947, 0.0030678245239, -0.00028892539558, -0.000783721217886, -0.00172050180845, 0.00116662681103, -0.00195842585526, 0.000387679290725, -0.000910848029889, 0.00106213893741, -0.000327732821461], [0.000196219029021, -0.00142877770122, -0.000555711681955, -0.00028892539558, 0.0102149620652, -0.00148531491868, -0.0010883709183, -0.00613127136603, 0.00149297772441, -0.00413280073553, 0.00339289125986, -0.00124856922776, 0.000364778388757], [-0.000559550127946, 0.000350874353899, -0.000790929072537, -0.000783721217886, -0.00148531491868, 0.0116233984008, -0.00554470578209, 0.00457742111757, -0.00594787159935, 0.00371571443975, -0.00539539195597, 0.00157930806745, -0.000472305255244], [0.000307082285872, -0.000452279899037, 0.00148401560728, -0.00172050180845, -0.0010883709183, -0.00554470578209, 0.0179022178054, -0.013107707724, 0.00705550331622, -0.00660871854052, 0.00763058383018, -0.00655041541904, 0.00233538099565], [-0.0003222769883, 0.0014485506108, -0.000626517808996, 0.00116662681103, -0.00613127136603, 0.00457742111757, -0.013107707724, 0.0255045350641, -0.015411414206, 0.0115569466725, -0.012350291945, 0.00746612017974, -0.00271048932336], [0.000434433051851, -0.000593810516875, 0.000832684570923, -0.00195842585526, 0.00149297772441, -0.00594787159935, 0.00705550331622, -0.015411414206, 0.0264463722706, -0.0146844722331, 0.0127873811871, -0.00743692880496, 0.000122375276987], [-0.000236011925153, 0.000948711181991, -0.000835239188746, 0.000387679290725, -0.00413280073553, 0.00371571443975, -0.00660871854052, 0.0115569466725, -0.0146844722331, 0.0266302768141, -0.019588932395, 0.0121928714216, -0.00634928559884], [0.000270363350864, -0.000840935739689, 0.000623983796686, -0.000910848029889, 0.00339289125986, -0.00539539195597, 0.00763058383018, -0.012350291945, 0.0127873811871, -0.019588932395, 0.0275567229837, -0.0171742588282, 0.00775871938094], [-0.000113131893158, 0.000231361453189, -0.000737367197871, 0.00106213893741, -0.00124856922776, 0.00157930806745, -0.00655041541904, 0.00746612017974, -0.00743692880496, 0.0121928714216, -0.0171742588282, 0.0223950445652, -0.00793112255633], [-0.000272322940873, -0.000358639023034, 1.93819487322e-05, -0.000327732821461, 0.000364778388757, -0.000472305255244, 0.00233538099565, -0.00271048932336, 0.000122375276987, -0.00634928559884, 0.00775871938094, -0.00793112255633, 0.0150700500235]]}, "spectral_contrast_coeffs": {"dmean": [0.0450134314597, 0.036617834121, 0.0383748821914, 0.0325889848173, 0.0297909416258, 0.0276996344328], "dmean2": [0.0727765411139, 0.0572748295963, 0.0611593015492, 0.0528536625206, 0.0471356734633, 0.0454657785594], "dvar": [0.00176386150997, 0.00147916108835, 0.00185427500401, 0.0013138463255, 0.00123957940377, 0.000954766117502], "dvar2": [0.00429068272933, 0.00347106251866, 0.00446717208251, 0.0029963767156, 0.00278845662251, 0.00218592537567], "max": [-0.351449072361, -0.363727807999, -0.499319314957, -0.453511238098, -0.429061621428, -0.524708628654], "mean": [-0.641035437584, -0.673109412193, -0.739894986153, -0.752959668636, -0.783445060253, -0.816395223141], "median": [-0.6383228302, -0.659681200981, -0.739780008793, -0.743147373199, -0.782861471176, -0.812716603279], "min": [-0.981348097324, -0.986523270607, -0.97806507349, -0.969972491264, -0.966951847076, -0.965075552464], "var": [0.0115700922906, 0.0141669483855, 0.0105970688164, 0.00877923611552, 0.00850207451731, 0.00602438859642]}, "spectral_contrast_valleys": {"dmean": [0.545827627182, 0.453017771244, 0.551030278206, 0.572884440422, 0.608120381832, 0.595674574375], "dmean2": [0.76154255867, 0.691401660442, 0.81253695488, 0.879247188568, 0.902109920979, 0.900120317936], "dvar": [0.53087669611, 0.533030688763, 0.631584525108, 0.755986988544, 0.778994441032, 0.603369951248], "dvar2": [0.734680294991, 0.916379213333, 1.15478146076, 1.41302847862, 1.4640005827, 1.1740963459], "max": [-4.56747961044, -4.6125664711, -5.84317874908, -5.83317136765, -5.70163488388, -7.67908000946], "mean": [-8.77617835999, -8.29101