{"lowlevel": {"average_loudness": 0.682450354099, "barkbands_crest": {"dmean": 1.88555622101, "dmean2": 2.97421789169, "dvar": 5.1817908287, "dvar2": 13.5312719345, "max": 26.7494010925, "mean": 14.5901956558, "median": 15.0891256332, "min": 3.41619110107, "var": 23.4183807373}, "barkbands_flatness_db": {"dmean": 0.0169599745423, "dmean2": 0.0259355660528, "dvar": 0.000432343949797, "dvar2": 0.000970698369201, "max": 0.506117939949, "mean": 0.212322682142, "median": 0.202364549041, "min": 0.0359703190625, "var": 0.00603157188743}, "barkbands_kurtosis": {"dmean": 3.00800061226, "dmean2": 4.69312286377, "dvar": 32.7731208801, "dvar2": 80.1365127563, "max": 264.441986084, "mean": 8.85006141663, "median": 6.7618894577, "min": -1.84277176857, "var": 102.407081604}, "barkbands_skewness": {"dmean": 0.405444055796, "dmean2": 0.623286426067, "dvar": 0.25895562768, "dvar2": 0.631091475487, "max": 12.2289896011, "mean": 2.18675732613, "median": 2.28952217102, "min": -12.1108131409, "var": 2.2088944912}, "barkbands_spread": {"dmean": 2.52973365784, "dmean2": 3.99366974831, "dvar": 17.2301654816, "dvar2": 41.8855285645, "max": 121.201828003, "mean": 11.6787986755, "median": 9.32717895508, "min": 0.22934307158, "var": 75.242225647}, "dissonance": {"dmean": 0.0177097171545, "dmean2": 0.0298869553953, "dvar": 0.000558768049814, "dvar2": 0.0015705373371, "max": 0.500000119209, "mean": 0.45256960392, "median": 0.464248716831, "min": 0.137647777796, "var": 0.00171988247894}, "dynamic_complexity": 5.15688419342, "erbbands_crest": {"dmean": 1.55341231823, "dmean2": 2.46810030937, "dvar": 2.79062390327, "dvar2": 6.93699741364, "max": 33.1992263794, "mean": 9.21000480652, "median": 7.77214813232, "min": 2.28154683113, "var": 25.6027126312}, "erbbands_flatness_db": {"dmean": 0.0107272649184, "dmean2": 0.0150022888556, "dvar": 0.000184878415894, "dvar2": 0.000344673579093, "max": 0.559765160084, "mean": 0.193792909384, "median": 0.149633929133, "min": 0.0458781570196, "var": 0.0111686084419}, "erbbands_kurtosis": {"dmean": 0.683513641357, "dmean2": 1.06238627434, "dvar": 3.0515370369, "dvar2": 6.45535326004, "max": 77.092086792, "mean": 0.948388516903, "median": -0.262524604797, "min": -1.94718539715, "var": 20.1427345276}, "erbbands_skewness": {"dmean": 0.218364015222, "dmean2": 0.341662108898, "dvar": 0.0588462874293, "dvar2": 0.130956351757, "max": 6.93130970001, "mean": 0.608029782772, "median": 0.549452543259, "min": -5.71479558945, "var": 0.702364206314}, "erbbands_spread": {"dmean": 4.18327903748, "dmean2": 6.36140584946, "dvar": 27.8913021088, "dvar2": 61.3279914856, "max": 139.721206665, "mean": 37.0988578796, "median": 37.2426757812, "min": 0.469832211733, "var": 487.767791748}, "hfc": {"dmean": 4.95978164673, "dmean2": 7.88297224045, "dvar": 306.554016113, "dvar2": 789.76385498, "max": 261.858337402, "mean": 17.6956501007, "median": 14.4857292175, "min": 1.17162245774e-16, "var": 469.443389893}, "melbands_crest": {"dmean": 2.31274557114, "dmean2": 3.68097090721, "dvar": 7.37684011459, "dvar2": 19.379486084, "max": 33.9459877014, "mean": 17.965133667, "median": 18.138004303, "min": 1.62230551243, "var": 35.9493789673}, "melbands_flatness_db": {"dmean": 0.018651464954, "dmean2": 0.0283929891884, "dvar": 0.000582870328799, "dvar2": 0.00134656345472, "max": 0.597411930561, "mean": 0.301436454058, "median": 0.287963867188, "min": 0.00383341708221, "var": 0.00730018410832}, "melbands_kurtosis": {"dmean": 6.40920305252, "dmean2": 10.032459259, "dvar": 119.080970764, "dvar2": 293.101837158, "max": 343.820861816, "mean": 21.5223846436, "median": 16.4666404724, "min": -1.71537899971, "var": 524.635009766}, "melbands_skewness": {"dmean": 0.522872686386, "dmean2": 0.80791079998, "dvar": 0.39396739006, "dvar2": 0.985631167889, "max": 14.7139606476, "mean": 3.18963742256, "median": 3.21953988075, "min": -7.67223167419, "var": 4.29418945312}, "melbands_spread": {"dmean": 2.2022228241, "dmean2": 3.46750640869, "dvar": 16.4816970825, "dvar2": 38.7115745544, "max": 164.00227356, "mean": 10.1460418701, "median": 8.35678768158, "min": 0.707159399986, "var": 90.129119873}, "pitch_salience": {"dmean": 0.0549380518496, "dmean2": 0.0875822380185, "dvar": 0.00388605007902, "dvar2": 0.0100567052141, "max": 0.965004980564, "mean": 0.477726459503, "median": 0.470292240381, "min": 0.0755439549685, "var": 0.0202609989792}, "silence_rate_20dB": {"dmean": 0, "dmean2": 0, "dvar": 0, "dvar2": 0, "max": 1, "mean": 1, "median": 1, "min": 1, "var": 0}, "silence_rate_30dB": {"dmean": 0.0907513052225, "dmean2": 0.181525111198, "dvar": 0.0825168937445, "dvar2": 0.179081842303, "max": 1, "mean": 0.797074496746, "median": 1, "min": 0, "var": 0.161744147539}, "silence_rate_60dB": {"dmean": 0.0136374905705, "dmean2": 0.0272783637047, "dvar": 0.0134494109079, "dvar2": 0.0314970687032, "max": 1, "mean": 0.147762492299, "median": 0, "min": 0, "var": 0.125928252935}, "spectral_centroid": {"dmean": 105.480018616, "dmean2": 169.141296387, "dvar": 28627.7890625, "dvar2": 61963.6367188, "max": 10823.8769531, "mean": 911.077697754, "median": 817.711547852, "min": 240.905044556, "var": 262410.59375}, "spectral_complexity": {"dmean": 2.76320362091, "dmean2": 4.38809680939, "dvar": 15.6889925003, "dvar2": 31.3856868744, "max": 65, "mean": 18.5808849335, "median": 16, "min": 0, "var": 145.991271973}, "spectral_decrease": {"dmean": 3.59021345986e-09, "dmean2": 5.78933034845e-09, "dvar": 4.60799356719e-17, "dvar2": 1.21330044921e-16, "max": 7.00904461012e-19, "mean": -1.47635530467e-08, "median": -1.45679335262e-08, "min": -9.7013270306e-08, "var": 1.83596257437e-16}, "spectral_energy": {"dmean": 0.0138984657824, "dmean2": 0.0224092938006, "dvar": 0.000697472773027, "dvar2": 0.00182744977064, "max": 0.374083578587, "mean": 0.057326130569, "median": 0.0566868111491, "min": 1.06535377979e-20, "var": 0.00275530782528}, "spectral_energyband_high": {"dmean": 0.000349800044205, "dmean2": 0.000552287558094, "dvar": 2.12318673221e-06, "dvar2": 5.62287368666e-06, "max": 0.0242963172495, "mean": 0.000794996682089, "median": 0.000192966355826, "min": 7.91916465167e-21, "var": 2.93561902254e-06}, "spectral_energyband_low": {"dmean": 0.0112832058221, "dmean2": 0.0180422402918, "dvar": 0.000507904798724, "dvar2": 0.00138330436312, "max": 0.312828570604, "mean": 0.0403365455568, "median": 0.0352826751769, "min": 1.56990047545e-22, "var": 0.00179216766264}, "spectral_energyband_middle_high": {"dmean": 0.000944434723351, "dmean2": 0.00153993745334, "dvar": 1.0372044926e-05, "dvar2": 2.64594182227e-05, "max": 0.0576650090516, "mean": 0.00258820084855, "median": 0.00196782266721, "min": 1.34536544352e-21, "var": 1.23341687868e-05}, "spectral_energyband_middle_low": {"dmean": 0.00411576405168, "dmean2": 0.00674928538501, "dvar": 0.000112367633847, "dvar2": 0.000289997522486, "max": 0.163937613368, "mean": 0.0144020831212, "median": 0.0123899178579, "min": 2.06754750838e-22, "var": 0.000192453706404}, "spectral_entropy": {"dmean": 0.0998652353883, "dmean2": 0.150770351291, "dvar": 0.0188734140247, "dvar2": 0.0381973460317, "max": 9.81596183777, "mean": 7.13543128967, "median": 7.3635802269, "min": 4.00542545319, "var": 0.585005521774}, "spectral_flux": {"dmean": 0.0228951573372, "dmean2": 0.0350973419845, "dvar": 0.00149697298184, "dvar2": 0.00299632642418, "max": 0.447288483381, "mean": 0.065248593688, "median": 0.0514446869493, "min": 1.03215977432e-10, "var": 0.00403150683269}, "spectral_kurtosis": {"dmean": 7.43648529053, "dmean2": 13.12018013, "dvar": 190.636856079, "dvar2": 584.159118652, "max": 229.560241699, "mean": 20.5918254852, "median": 4.96973180771, "min": -1.17114686966, "var": 1165.01086426}, "spectral_rms": {"dmean": 0.000746973557398, "dmean2": 0.00118145765737, "dvar": 1.5107660829e-06, "dvar2": 3.86636020266e-06, "max": 0.0191039163619, "mean": 0.00638013519347, "median": 0.00743667967618, "min": 3.22392546687e-12, "var": 1.5221888134e-05}, "spectral_rolloff": {"dmean": 145.624603271, "dmean2": 247.648788452, "dvar": 268815.84375, "dvar2": 594264.8125, "max": 20305.8105469, "mean": 605.159301758, "median": 430.6640625, "min": 64.599609375, "var": 1357112.875}, "spectral_skewness": {"dmean": 0.52083837986, "dmean2": 0.913460493088, "dvar": 0.619300603867, "dvar2": 1.93472886086, "max": 12.2684669495, "mean": 2.55236005783, "median": 1.70456719398, "min": 0.032872416079, "var": 3.85340094566}, "spectral_spread": {"dmean": 357544.75, "dmean2": 512568.28125, "dvar": 361804693504, "dvar2": 569517604864, "max": 39146484, "mean": 3585590.75, "median": 3696217.75, "min": 375839.28125, "var": 4318848352260.0}, "spectral_strongpeak": {"dmean": 0.138783872128, "dmean2": 0.230769738555, "dvar": 0.0569947846234, "dvar2": 0.146116033196, "max": 6.36336755753, "mean": 0.607154667377, "median": 0.546131193638, "min": 0, "var": 0.183763727546}, "zerocrossingrate": {"dmean": 0.00509032886475, "dmean2": 0.00655804388225, "dvar": 5.79477746214e-05, "dvar2": 7.79534093454e-05, "max": 0.5078125, "mean": 0.0324298776686, "median": 0.02685546875, "min": 0.00244140625, "var": 0.00102201267146}, "barkbands": {"dmean": [0.000697441166267, 0.0104027567431, 0.00157723424491, 0.00103700708132, 0.00180641841143, 0.0012672272278, 0.00117869849782, 0.00053469784325, 0.000423194898758, 0.000216109299799, 0.000202110401005, 0.000144843404996, 0.000120171876915, 0.000133118592203, 0.000123697187519, 0.000143544370076, 0.000137735754834, 0.000110472421511, 0.000104068843939, 0.000113433794468, 9.82806523098e-05, 0.000105935389001, 6.99845113559e-05, 4.04967722716e-05, 2.50900393439e-05, 1.82794210559e-05, 5.3139388001e-06], "dmean2": [0.00105924275704, 0.0166181270033, 0.00254849856719, 0.00173734349664, 0.0030050475616, 0.00204176665284, 0.00195113336667, 0.000889362650923, 0.000649551278912, 0.000342450977769, 0.00033322055242, 0.0002299327316, 0.000189399943338, 0.000222141956328, 0.000212246144656, 0.000251954275882, 0.000230701130931, 0.000189060418052, 0.000176177098183, 0.000193584506633, 0.000164095254149, 0.00018152591656, 0.00011436715431, 6.52855887893e-05, 3.36284938385e-05, 2.30617861234e-05, 7.20482239558e-06], "dvar": [2.61528407464e-06, 0.000455928529846, 1.58541206474e-05, 5.8041741795e-06, 2.62927351287e-05, 5.48842490389e-06, 8.16715328256e-06, 3.44530212715e-06, 9.30551550482e-07, 1.85378098649e-07, 6.42856264221e-07, 1.68568519143e-07, 7.64067493719e-08, 1.38283468232e-07, 1.2614897571e-07, 2.07042461398e-07, 8.143388186e-08, 1.18477515798e-07, 7.70429053887e-08, 1.40917123304e-07, 1.37423043611e-07, 3.31690500843e-07, 6.3755557278e-08, 2.36124577668e-08, 3.83443987673e-09, 1.90374982445e-09, 3.3862448956e-10], "dvar2": [6.50339507047e-06, 0.00128411501646, 4.29183855886e-05, 1.48177423398e-05, 7.06085338606e-05, 1.44888063005e-05, 2.14430001506e-05, 9.80843833531e-06, 2.30151340475e-06, 4.87269176119e-07, 1.70377427366e-06, 4.34239439073e-07, 1.81868372806e-07, 3.55051497536e-07, 3.31993305736e-07, 5.931482292e-07, 2.1670643946e-07, 3.26819673546e-07, 2.10791000654e-07, 3.84298999734e-07, 3.66733161172e-07, 9.38167545428e-07, 1.67634581771e-07, 6.26169125439e-08, 8.15923240083e-09, 3.55525897611e-09, 7.85890463817e-10], "max": [0.0240963567048, 0.28964433074, 0.0746199190617, 0.0448814071715, 0.0951254814863, 0.044623374939, 0.0498163178563, 0.0330155901611, 0.0173525065184, 0.00696181878448, 0.0182019192725, 0.0149280391634, 0.00517449015751, 0.00494591426104, 0.00570474565029, 0.00744032068178, 0.00404651323333, 0.00651858607307, 0.00907815247774, 0.00633217720315, 0.007219908759, 0.0122514953837, 0.00428668968379, 0.00305312941782, 0.00114794354886, 0.000664505292661, 0.000768369995058], "mean": [0.001712915604, 0.0345033593476, 0.00336601026356, 0.0017442178214, 0.00381901161745, 0.00372741138563, 0.00303980475292, 0.00101545348298, 0.000981497345492, 0.000442520045908, 0.000261950743152, 0.000257524981862, 0.00020863681857, 0.00021066662157, 0.000188559744856, 0.000257782114204, 0.000294493103866, 0.000194732783712, 0.000214403306018, 0.000212203085539, 0.000201939838007, 0.000166134006577, 0.000129960637423, 7.82360075391e-05, 5.60656990274e-05, 3.28800451825e-05, 7.69507460063e-06], "median": [0.000170575469383, 0.0267546996474, 0.00160512560979, 0.000525302486494, 0.00227805087343, 0.0023107805755, 0.00157534831669, 0.000475547683891, 0.000532139209099, 0.000293596182019, 0.000102526464616, 0.000138273433549, 0.000124847967527, 0.000119415133668, 0.000104554914287, 9.14338743314e-05, 0.000136163682328, 8.27335461508e-05, 6.31880539004e-05, 6.47119741188e-05, 5.36797087989e-05, 2.88874689431e-05, 1.43089782796e-05, 1.17819226944e-05, 5.78635899728e-06, 1.37747167628e-06, 6.70942128522e-08], "min": [6.56547600617e-23, 9.93082099889e-23, 4.43167265411e-24, 5.7655050995e-24, 6.38931200643e-23, 4.1099653162e-23, 3.95758610385e-23, 2.98776176915e-23, 1.82069680682e-23, 6.79664696128e-23, 4.31970796923e-23, 5.38590617854e-23, 8.56144429549e-23, 8.48609482618e-23, 9.72038635708e-23, 2.01202798274e-22, 1.79440082274e-22, 1.90396489345e-22, 2.27440842096e-22, 2.56845891085e-22, 3.93441410362e-22, 5.58979466323e-22, 6.81552446585e-22, 1.06686760512e-21, 1.33808813225e-21, 1.93143684195e-21, 2.10145234619e-21], "var": [6.97297309671e-06, 0.00143451010808, 2.89375875582e-05, 1.04157061287e-05, 3.07780937874e-05, 1.98543566512e-05, 1.74310880539e-05, 3.22857772517e-06, 2.34504750551e-06, 2.79731779074e-07, 5.46126841527e-07, 2.3561683804e-07, 1.03377466587e-07, 1.38415757078e-07, 1.1890193008e-07, 1.89509265169e-07, 1.54483302595e-07, 1.27490508817e-07, 1.96694770693e-07, 1.86945200653e-07, 2.0595713579e-07, 2.68038547802e-07, 9.61674899713e-08, 3.17850989973e-08, 1.05678239493e-08, 4.53721948901e-09, 4.57667320708e-10]}, "erbbands": {"dmean": [0.431818306446, 1.97834277153, 2.00839185715, 2.46975636482, 5.16185855865, 6.64180183411, 8.40376758575, 11.5494661331, 17.6353778839, 12.538860321, 10.1566362381, 8.786652565, 7.56222248077, 7.09369468689, 7.68685245514, 5.55109357834, 5.67420196533, 5.28380918503, 7.20917987823, 6.20862865448, 7.80597639084, 7.32368946075, 5.98969507217, 5.79045200348, 5.02032327652, 5.42044067383, 4.27190923691, 4.23836946487, 3.80237817764, 2.82691764832, 1.81517064571, 1.04789483547, 0.587297081947, 0.28509670496, 0.18622083962, 0.094719864428, 0.0329380221665, 0.00653949193656, 0.00093217327958, 5.85925008636e-05], "dmean2": [0.674076676369, 3.18697428703, 3.17236828804, 4.13579702377, 8.74036407471, 11.2704191208, 13.6606473923, 18.647315979, 29.1419315338, 21.2779388428, 16.2603168488, 13.708899498, 11.599149704, 11.342505455, 12.6931915283, 8.86130046844, 8.86915302277, 8.71623802185, 12.2073850632, 10.9057807922, 13.6129350662, 12.3215770721, 10.1637172699, 9.95100784302, 8.46932029724, 9.25870895386, 7.26863336563, 7.06555604935, 6.58848524094, 4.76498746872, 2.91419553757, 1.68953275681, 0.954249501228, 0.406791538, 0.2558388412, 0.123536035419, 0.0428084395826, 0.00855458248407, 0.00129593000747, 8.34410748212e-05], "dvar": [0.785073876381, 17.3657951355, 21.7491512299, 28.8381633759, 251.866760254, 370.441802979, 250.514465332, 514.597045898, 1666.35180664, 2037.91491699, 639.546325684, 428.909851074, 281.051879883, 296.125091553, 999.490844727, 297.425720215, 162.364181519, 251.973388672, 353.292022705, 460.237884521, 533.307861328, 273.687988281, 344.319976807, 225.629226685, 223.087783813, 333.309936523, 188.61390686, 421.115966797, 442.26953125, 149.132949829, 38.304599762, 20.2928543091, 3.58484053612, 0.590393126011, 0.20892354846, 0.0511233843863, 0.00665444368497, 0.000317912781611, 1.83795891644e-05, 4.33533706712e-08], "dvar2": [2.13699746132, 49.6042709351, 58.4684257507, 76.6056518555, 668.232849121, 1040.62243652, 656.792480469, 1367.91064453, 4423.98681641, 5638.26806641, 1724.23486328, 1095.93127441, 696.493041992, 783.485534668, 2692.20410156, 762.967834473, 378.928100586, 637.95324707, 909.957458496, 1277.47338867, 1523.08276367, 738.30090332, 934.91229248, 636.018432617, 596.015563965, 914.350158691, 497.123474121, 1179.41906738, 1251.64367676, 407.714447021, 98.8157348633, 54.5564193726, 9.4295463562, 1.35939621925, 0.438033431768, 0.0984189510345, 0.0128115806729, 0.000643668114208, 4.58997346868e-05, 1.07424355633e-07], "max": [11.0815982819, 59.9463768005, 82.0924682617, 93.4089126587, 293.497711182, 362.921173096, 242.173797607, 489.629119873, 856.631958008, 749.565490723, 404.099731445, 381.201629639, 340.829071045, 393.213165283, 640.132751465, 747.262390137, 266.148254395, 243.727737427, 227.721923828, 315.170196533, 404.933074951, 245.460632324, 342.557525635, 423.309570312, 268.534942627, 324.161437988, 228.342330933, 490.58291626, 435.264648438, 223.584213257, 97.0616378784, 101.549980164, 29.99766922, 20.6522846222, 6.24828720093, 4.52703857422, 1.43605995178, 0.471281677485, 0.196119681001, 0.00910447258502], "mean": [1.1352596283, 6.98853635788, 6.13749265671, 4.71481704712, 7.96560430527, 13.2856397629, 23.7918491364, 33.3115348816, 49.1653862, 24.5620441437, 23.453037262, 20.284992218, 18.1978397369, 14.3373451233, 11.3405303955, 10.1763734818, 10.4461574554, 8.93321228027, 11.4809017181, 10.2520999908, 15.2063550949, 16.1786518097, 11.6999788284, 12.0849151611, 9.65338611603, 10.1105623245, 8.58888530731, 7.89532566071, 5.84690618515, 4.9351234436, 3.40028953552, 1.91877520084, 1.17436313629, 0.657523453236, 0.387199550867, 0.181389927864, 0.0546975210309, 0.0106097152457, 0.00132761267014, 0.000128597952425], "median": [0.583454251289, 4.96093463898, 3.92375016212, 2.11405134201, 3.23749423027, 7.57737731934, 15.2402849197, 19.9789199829, 27.7456436157, 15.365322113, 12.3891324997, 12.2332906723, 9.46130752563, 9.05816745758, 5.77420330048, 5.75127410889, 6.50339698792, 5.36175537109, 6.68418502808, 5.42813634872, 5.23795413971, 6.919049263, 5.94054222107, 3.95270371437, 3.26192951202, 2.97844266891, 2.35855937004, 1.79293990135, 1.13950371742, 0.612553119659, 0.373070985079, 0.281014084816, 0.1722856462, 0.0802683532238, 0.0322046428919, 0.00954667944461, 0.00206990097649, 0.000217933702515, 5.27519368916e-05, 7.49775208533e-05], "min": [5.6695633692e-21, 1.16805043388e-20, 9.14315285136e-21, 1.21073788102e-20, 1.10737809304e-19, 2.81360703222e-19, 1.31324176326e-19, 4.00237724184e-19, 4.31201162464e-19, 8.45045542435e-19, 5.19067931893e-19, 3.34651090403e-19, 1.48686087338e-18, 1.91935970128e-18, 2.3043407253e-18, 2.0907087176e-18, 2.66958149759e-18, 5.22668835216e-18, 5.14365596227e-18, 6.42162560683e-18, 1.17769351676e-17, 9.823190809e-18, 9.24799918953e-18, 1.07211623656e-17, 1.2485107651e-17, 1.16916991685e-17, 1.3457728122e-17, 1.63177654741e-17, 1.49904780806e-17, 2.79278905721e-17, 1.96762279489e-17, 1.94758533716e-17, 1.83660847008e-17, 1.20384350833e-17, 1.14268028492e-17, 7.76501241655e-18, 3.53367297702e-18, 1.16188901106e-18, 2.99031969443e-19, 3.02396778616e-20], "var": [2.02382898331, 62.139957428, 58.9960746765, 50.2434043884, 260.786529541, 419.37399292, 753.250244141, 1913.29345703, 3996.65209961, 1719.3581543, 1046.93981934, 757.36114502, 893.031433105, 372.508666992, 799.313293457, 369.94128418, 236.691802979, 252.544677734, 360.699890137, 379.694274902, 557.766967773, 482.005065918, 392.111999512, 536.707275391, 390.240905762, 429.860290527, 329.512786865, 419.759368896, 348.821624756, 166.216751099, 65.1853561401, 23.8135700226, 6.08725786209, 1.57479214668, 0.532308161259, 0.129672676325, 0.0139095867053, 0.000618426536676, 1.85308654181e-05, 5.29630170831e-08]}, "gfcc": {"mean": [-62.6592483521, 147.348114014, -108.363731384, 20.6101417542, -44.1975250244, -1.20266056061, -27.1101512909, 4.58646202087, -9.46894550323, 1.71906137466, -4.0116276741, 2.09775209427, -1.57297694683], "cov": [[30043.9824219, -7462.74316406, 2413.42797852, 5753.01025391, -1611.6373291, 1818.72546387, -137.944610596, 1836.74169922, 165.6043396, 1543.83569336, -428.209228516, 868.908752441, -26.1588897705], [-7462.74316406, 4335.88964844, -1433.66040039, -1793.68225098, 744.323120117, -953.217285156, 165.577346802, -780.92956543, 152.313476562, -655.752563477, 327.979034424, -409.032165527, 131.24836731], [2413.42797852, -1433.66040039, 1421.48754883, 465.486175537, -166.201980591, 509.116699219, -131.576339722, 376.335449219, -83.0212554932, 328.316497803, -136.698989868, 204.806503296, -61.0405044556], [5753.01025391, -1793.68225098, 465.486175537, 1617.21166992, -376.576507568, 450.456512451, 9.41628360748, 435.356292725, 87.5118179321, 343.300689697, -72.9236373901, 175.510238647, 22.0408248901], [-1611.6373291, 744.323120117, -166.201980591, -376.576507568, 350.458312988, -115.599853516, 45.4877662659, -92.8623886108, -15.9981298447, -102.27771759, 26.6957645416, -53.7271118164, 11.3362035751], [1818.72546387, -953.217285156, 509.116699219, 450.456512451, -115.599853516, 395.027008057, -26.5648956299, 238.241470337, -45.5305366516, 159.03604126, -76.1487121582, 106.540473938, -18.0392913818], [-137.944610596, 165.577346802, -131.576339722, 9.41628360748, 45.4877662659, -26.5648956299, 112.630493164, -10.421336174, 36.3128204346, -8.20659923553, 30.8129024506, -15.4471292496, 6.62684488297], [1836.74169922, -780.92956543, 376.335449219, 435.356292725, -92.8623886108, 238.241470337, -10.421336174, 283.637054443, 18.95570755, 171.672134399, -57.8053512573, 89.3835678101, -8.72299289703], [165.6043396, 152.313476562, -83.0212554932, 87.5118179321, -15.9981298447, -45.5305366516, 36.3128204346, 18.95570755, 125.960365295, 25.4101333618, 52.5209617615, -6.57909059525, 17.9918880463], [1543.83569336, -655.752563477, 328.316497803, 343.300689697, -102.27771759, 159.03604126, -8.20659923553, 171.672134399, 25.4101333618, 204.708236694, -19.0854759216, 89.4166641235, -9.48161125183], [-428.209228516, 327.979034424, -136.698989868, -72.9236373901, 26.6957645416, -76.1487121582, 30.8129024506, -57.8053512573, 52.5209617615, -19.0854759216, 107.289260864, -19.6645946503, 25.0265140533], [868.908752441, -409.032165527, 204.806503296, 175.510238647, -53.7271118164, 106.540473938, -15.4471292496, 89.3835678101, -6.57909059525, 89.4166641235, -19.6645946503, 102.470672607, 3.81452798843], [-26.1588897705, 131.24836731, -61.0405044556, 22.0408248901, 11.3362035751, -18.0392913818, 6.62684488297, -8.72299289703, 17.9918880463, -9.48161125183, 25.0265140533, 3.81452798843, 71.301071167]], "icov": [[0.000129694657517, -9.76734227152e-05, 3.88035987271e-05, -0.000401864323067, 0.000191128841834, 3.41517552442e-05, 9.44503117353e-05, -0.000196334789507, 0.00024334002228, -0.000308616872644, 0.000159500676091, -0.000320187886246, 0.000188977646758], [-9.76734227152e-05, 0.00193618703634, -0.000390204251744, 0.000870675547048, -0.00196227733977, 0.0010667280294, -0.000535391212907, 0.0012470491929, -0.00232703052461, 0.00235407333821, -0.00173263484612, 0.00207825214602, -0.00202169455588], [3.88035987271e-05, -0.000390204251744, 0.00213825074024, 0.000252901721979, 0.000265955372015, -0.00193398958072, 0.00166017888114, -0.000744829711039, 0.000615697936155, -0.00249501480721, 0.000715280126315, -0.00122783111874, 0.00103534420487], [-0.000401864323067, 0.000870675547048, 0.000252901721979, 0.00304185529239, -0.000177798239747, -0.000886301335413, -0.000718224502634, -8.21710564196e-05, -0.00215649814345, 0.000486031873152, -0.000455971603515, 0.00138062098995, -0.00191823090427], [0.000191128841834, -0.00196227733977, 0.000265955372015, -0.000177798239747, 0.00640926463529, -0.000631167029496, -0.00141484895721, -0.00250189728104, 0.00316687510349, -0.00145639572293, 0.00154995720368, -0.00196703453548, 0.00117998139467], [3.41517552442e-05, 0.0010667280294, -0.00193398958072, -0.000886301335413, -0.000631167029496, 0.0090570691973, -0.00179312285036, -0.00325039681047, 0.00233401823789, 0.00271039502695, -0.00133803265635, -0.000268725940259, -0.000916469551157], [9.44503117353e-05, -0.000535391212907, 0.00166017888114, -0.000718224502634, -0.00141484895721, -0.00179312285036, 0.0124275926501, -0.000429820007412, -0.00161628972273, -0.00205505336635, -0.00111151114106, -0.000244696449954, 0.00176492717583], [-0.000196334789507, 0.0012470491929, -0.000744829711039, -8.21710564196e-05, -0.00250189728104, -0.00325039681047, -0.000429820007412, 0.0135313645005, -0.00533860689029, -0.00305591337383, 0.00289258523844, 0.00141998764593, -0.00185950216837], [0.00024334002228, -0.00232703052461, 0.000615697936155, -0.00215649814345, 0.00316687510349, 0.00233401823789, -0.00161628972273, -0.00533860689029, 0.0170500446111, -0.00438729906455, -0.00386507366784, -0.00112357840408, 0.00168157427106], [-0.000308616872644, 0.00235407333821, -0.00249501480721, 0.000486031873152, -0.00145639572293, 0.00271039502695, -0.00205505336635, -0.00305591337383, -0.00438729906455, 0.0188241004944, -0.00492345308885, -0.00269121164456, -0.000515900552273], [0.000159500676091, -0.00173263484612, 0.000715280126315, -0.000455971603515, 0.00154995720368, -0.00133803265635, -0.00111151114106, 0.00289258523844, -0.00386507366784, -0.00492345308885, 0.0174893699586, -0.0019312412478, -0.00184141052887], [-0.000320187886246, 0.00207825214602, -0.00122783111874, 0.00138062098995, -0.00196703453548, -0.000268725940259, -0.000244696449954, 0.00141998764593, -0.00112357840408, -0.00269121164456, -0.0019312412478, 0.0209418106824, -0.00549660529941], [0.000188977646758, -0.00202169455588, 0.00103534420487, -0.00191823090427, 0.00117998139467, -0.000916469551157, 0.00176492717583, -0.00185950216837, 0.00168157427106, -0.000515900552273, -0.00184141052887, -0.00549660529941, 0.018931614235]]}, "melbands": {"dmean": [0.00331524317153, 0.00143194547854, 0.00049628369743, 0.000416268681874, 0.00028026648215, 0.000248998781899, 0.000260682980297, 0.000132582237711, 7.80482805567e-05, 5.65004811506e-05, 3.85524617741e-05, 2.95651116176e-05, 2.90367515845e-05, 1.84899326996e-05, 1.31521492222e-05, 1.06746856545e-05, 1.04712453322e-05, 1.27103321574e-05, 9.30378246267e-06, 9.15232976695e-06, 9.48053184402e-06, 7.49329183236e-06, 8.64984758664e-06, 4.86304043079e-06, 5.14249859407e-06, 3.93536356569e-06, 3.83859196518e-06, 3.87257023249e-06, 3.04760283143e-06, 2.46662602876e-06, 2.80226959148e-06, 2.40331905843e-06, 1.93079199562e-06, 1.61384980402e-06, 1.2288611515e-06, 7.89585840266e-07, 6.37139294213e-07, 4.86796466248e-07, 2.79105876189e-07, 2.42833266384e-07], "dmean2": [0.00524506252259, 0.00226661516353, 0.000834477192257, 0.000697205890901, 0.000460198585643, 0.000401747907745, 0.000430266663898, 0.000226107935305, 0.000124261991004, 8.72911987244e-05, 5.90721319895e-05, 4.71117455163e-05, 4.80219532619e-05, 2.93745179079e-05, 2.0782734282e-05, 1.69226786966e-05, 1.74056203832e-05, 2.14780739043e-05, 1.60429372045e-05, 1.61094649229e-05, 1.64621287695e-05, 1.25581000248e-05, 1.46982583829e-05, 8.25444385555e-06, 8.8786773631e-06, 6.65349944029e-06, 6.57923919789e-06, 6.64435265207e-06, 5.20664752912e-06, 4.09052745454e-06, 4.76857212561e-06, 4.18151466874e-06, 3.30763600687e-06, 2.72104739452e-06, 1.9906703983e-06, 1.29236889279e-06, 1.04889636532e-06, 8.07534831893e-07, 4.26642287721e-07, 3.52590461716e-07], "dvar": [4.59599759779e-05, 8.86133602762e-06, 1.31802937631e-06, 1.49645518377e-06, 3.3197724747e-07, 2.36131455722e-07, 3.75346616011e-07, 2.57574527041e-07, 3.53295206423e-08, 1.64400955072e-08, 6.96579194326e-09, 4.29310853534e-09, 1.41998270919e-08, 2.71968847443e-09, 1.01526109741e-09, 6.29132912433e-10, 1.03981823152e-09, 1.00450026075e-09, 9.48622402852e-10, 8.28670798647e-10, 6.9728783858e-10, 2.59483629028e-10, 4.71972572136e-10, 2.40900771553e-10, 1.73327047159e-10, 1.36540181939e-10, 1.4631312828e-10, 1.68673033873e-10, 8.6059583071e-11, 5.8738167108e-11, 2.19232215715e-10, 1.71787792325e-10, 9.96854057633e-11, 4.21272912388e-11, 1.70065177219e-11, 8.70479036075e-12, 8.11249765281e-12, 2.40698541827e-12, 6.44285026805e-13, 4.52532244533e-13], "dvar2": [0.000128450075863, 2.41416255449e-05, 3.44198429048e-06, 4.03876993005e-06, 8.90624562544e-07, 6.26115081559e-07, 9.88469878394e-07, 7.21605488252e-07, 9.46299110183e-08, 4.11719867088e-08, 1.71751715072e-08, 1.13387486067e-08, 3.81892704127e-08, 6.78133416088e-09, 2.54555709844e-09, 1.47418788288e-09, 2.67496247375e-09, 2.59865395869e-09, 2.52665866007e-09, 2.37346386989e-09, 1.98639882321e-09, 7.00481617155e-10, 1.29331301224e-09, 6.63478216811e-10, 4.92552276743e-10, 3.6454025909e-10, 3.93470006577e-10, 4.68168059875e-10, 2.31630575831e-10, 1.52161908074e-10, 6.26416085669e-10, 4.87063001042e-10, 2.81208667463e-10, 1.14827654329e-10, 4.42301507919e-11, 2.34865425719e-11, 2.2192882948e-11, 6.47712048926e-12, 1.5548851269e-12, 1.03111974254e-12], "max": [0.0834508687258, 0.0590414516628, 0.017363794148, 0.0241633914411, 0.00934056285769, 0.00996041391045, 0.0113282995299, 0.00871513597667, 0.00296946754679, 0.00208447827026, 0.00173397397157, 0.00140053115319, 0.00250147096813, 0.00166570884176, 0.000871478114277, 0.000381946272682, 0.000491176266223, 0.00041338376468, 0.000541782006621, 0.000481757975649, 0.000501344737131, 0.000274237187114, 0.000356325530447, 0.000314784992952, 0.00039703870425, 0.000357996934326, 0.000164715849678, 0.000245367438765, 0.000156592504936, 0.000122536788695, 0.00036681588972, 0.000245729170274, 0.000243807895458, 0.000118206924526, 7.31699183234e-05, 6.583341019e-05, 6.01682113484e-05, 2.20559177251e-05, 2.25638123084e-05, 2.51712917816e-05], "mean": [0.00998759735376, 0.00548285944387, 0.000916264543775, 0.000756034103688, 0.000800801208243, 0.000725805934053, 0.000729179591872, 0.000246777519351, 0.000181830197107, 0.000128980289446, 9.09996160772e-05, 5.96819190832e-05, 3.9337312046e-05, 3.17869671562e-05, 2.36658797803e-05, 1.86272445717e-05, 1.67547314049e-05, 1.93145697267e-05, 1.36489225042e-05, 1.52668162627e-05, 1.77893580258e-05, 1.58144302986e-05, 1.57360336743e-05, 8.32058503875e-06, 1.01513578556e-05, 7.2731832006e-06, 6.48605282549e-06, 6.82688869347e-06, 5.44625754628e-06, 4.83177427668e-06, 4.59810189568e-06, 3.39023927154e-06, 2.91920514428e-06, 2.71427552434e-06, 2.13788848669e-06, 1.40656470649e-06, 1.06135337319e-06, 8.97230734154e-07, 5.93728088916e-07, 5.35519461664e-07], "median": [0.00699750892818, 0.00448107440025, 0.000402160047088, 0.000386581756175, 0.000528341450263, 0.000449203042081, 0.000409519561799, 0.00015582247579, 0.000102964433609, 7.11940738256e-05, 4.56875568489e-05, 3.79449593311e-05, 1.70847961272e-05, 1.57260019478e-05, 1.45941612573e-05, 1.16544597404e-05, 9.4555243777e-06, 1.06954958028e-05, 7.26054031475e-06, 5.75009471504e-06, 5.86796068092e-06, 6.12157691648e-06, 7.24355231796e-06, 3.8964376472e-06, 3.01092518384e-06, 2.27572513722e-06, 2.13637122215e-06, 1.84696398264e-06, 1.38841119224e-06, 1.25873896195e-06, 9.27056760247e-07, 6.5864867338e-07, 3.93490950046e-07, 3.01749338405e-07, 2.15120266489e-07, 1.49993780951e-07, 1.60744363598e-07, 1.29417315975e-07, 7.71729986582e-08, 5.77514605027e-08], "min": [4.20277101517e-23, 8.05411995873e-24, 3.08616743391e-24, 1.74526829365e-23, 5.40211632351e-24, 8.62709882205e-24, 7.61685435897e-24, 9.18033486349e-24, 3.53897398794e-24, 2.15786530571e-24, 7.95905354219e-24, 8.13961118162e-24, 7.41411000658e-24, 6.92366019345e-24, 3.81533365671e-24, 9.0915627681e-24, 9.27054189686e-24, 8.08501569609e-24, 7.13316745038e-24, 1.11143985555e-23, 1.42301230298e-23, 1.09515942307e-23, 5.15503956597e-24, 1.27812711145e-23, 7.58038453046e-24, 9.44631193946e-24, 8.33683981856e-24, 7.86423877227e-24, 8.00516088437e-24, 8.81811991253e-24, 1.01344069081e-23, 7.08461069508e-24, 1.32031357828e-23, 1.51179070925e-23, 1.06356893592e-23, 1.13119482588e-23, 1.26576826431e-23, 1.47633598695e-23, 9.77924358476e-24, 1.00925957024e-23], "var": [0.00013020055485, 3.56502932846e-05, 2.08824667425e-06, 1.60410490935e-06, 8.32176226595e-07, 8.51075071751e-07, 8.98564337604e-07, 1.97215499043e-07, 5.82650372394e-08, 3.67668064882e-08, 2.29496990301e-08, 5.89418558405e-09, 1.14706981691e-08, 3.97674648767e-09, 1.27169619279e-09, 8.08412503606e-10, 9.97508520229e-10, 1.02899921917e-09, 8.20001067048e-10, 7.16703474346e-10, 7.63472729481e-10, 4.71322036955e-10, 6.08861294715e-10, 2.63670973943e-10, 4.09025813219e-10, 2.66658389814e-10, 1.7809677344e-10, 2.0941198775e-10, 1.41589032165e-10, 1.03317882028e-10, 1.8433257698e-10, 1.31684274596e-10, 8.23568852004e-11, 4.94114645033e-11, 2.69528496744e-11, 1.24525277242e-11, 8.09547741343e-12, 3.7744143748e-12, 1.48909660644e-12, 1.16920297229e-12]}, "mfcc": {"mean": [-691.881103516, 160.676254272, 8.08659362793, 23.682384491, 4.98780822754, 1.34042823315, -2.61068630219, 2.39572691917, 1.53466331959, 0.974932253361, 1.9834471941, 4.11200714111, 2.28355765343], "cov": [[18555.1074219, -3152.72509766, 927.19934082, 2999.57568359, 455.157989502, 656.030151367, 119.744361877, 623.240600586, 741.945739746, 724.401306152, 422.3699646, 578.088317871, 393.534667969], [-3152.72509766, 2743.95947266, -802.687316895, -578.411682129, 58.6712493896, -351.895141602, -93.5822143555, -220.351028442, -229.268615723, -182.492111206, -30.2510414124, -108.635116577, -75.8063583374], [927.19934082, -802.687316895, 857.362792969, 104.123435974, 59.2800712585, 176.055130005, 68.7326431274, 78.970375061, 88.1370773315, 55.8866157532, -2.55822658539, 50.7015228271, 51.7452888489], [2999.57568359, -578.411682129, 104.123435974, 770.062988281, 87.1475296021, 122.398979187, 22.6065807343, 116.71434021, 150.423477173, 159.089141846, 97.9889755249, 113.998313904, 80.8455734253], [455.157989502, 58.6712493896, 59.2800712585, 87.1475296021, 178.522720337, 30.5429801941, 24.9537258148, 30.4554004669, 28.3730297089, 25.1907806396, 7.48104047775, 27.51745224, 12.5700597763], [656.030151367, -351.895141602, 176.055130005, 122.398979187, 30.5429801941, 164.893692017, 52.0707244873, 64.1609191895, 47.2088317871, 29.0907077789, 4.1751036644, 23.4448852539, 26.4369335175], [119.744361877, -93.5822143555, 68.7326431274, 22.6065807343, 24.9537258148, 52.0707244873, 109.513648987, 28.4052009583, 27.9077205658, 12.9274196625, -3.42001080513, 20.3422145844, 10.3447532654], [623.240600586, -220.351028442, 78.970375061, 116.71434021, 30.4554004669, 64.1609191895, 28.4052009583, 111.082565308, 50.9303703308, 42.8536605835, 13.0647115707, 23.9750995636, 23.8219337463], [741.945739746, -229.268615723, 88.1370773315, 150.423477173, 28.3730297089, 47.2088317871, 27.9077205658, 50.9303703308, 115.436721802, 56.5804710388, 28.4833583832, 36.5414619446, 16.4209308624], [724.401306152, -182.492111206, 55.8866157532, 159.089141846, 25.1907806396, 29.0907077789, 12.9274196625, 42.8536605835, 56.5804710388, 103.359985352, 44.3369255066, 41.3167724609, 19.839761734], [422.3699646, -30.2510414124, -2.55822658539, 97.9889755249, 7.48104047775, 4.1751036644, -3.42001080513, 13.0647115707, 28.4833583832, 44.3369255066, 84.8207931519, 44.8425292969, 18.7526721954], [578.088317871, -108.635116577, 50.7015228271, 113.998313904, 27.51745224, 23.4448852539, 20.3422145844, 23.9750995636, 36.5414619446, 41.3167724609, 44.8425292969, 93.7468414307, 41.7651863098], [393.534667969, -75.8063583374, 51.7452888489, 80.8455734253, 12.5700597763, 26.4369335175, 10.3447532654, 23.8219337463, 16.4209308624, 19.839761734, 18.7526721954, 41.7651863098, 74.3649673462]], "icov": [[0.000167829362908, 4.18725830968e-05, -2.69201209449e-05, -0.000504768453538, -0.000107164218207, -5.90347808611e-05, 0.000147525992361, -0.000141222306411, -0.000138409304782, -6.03456355748e-05, -1.41950829402e-06, -0.000202745519346, -5.32639787707e-05], [4.18725830968e-05, 0.000800703885034, 0.00050358689623, 0.000223188486416, -0.000925309432205, 0.000781028473284, -0.000148647712194, 0.000392566376831, 0.000332284107571, 0.000391526991734, -0.000565374153666, 0.000291058473522, -0.000423462042818], [-2.69201209449e-05, 0.00050358689623, 0.00194673938677, 0.000630294322036, -0.000755066343118, -0.00104147661477, -7.65825388953e-05, 0.000425346952397, -0.000457719346741, -0.000278875697404, 0.000242423571763, -0.000126244834973, -0.000826493138447], [-0.000504768453538, 0.000223188486416, 0.000630294322036, 0.00419431412593, -0.000540534500033, -0.000666945823468, 0.000351121067069, 0.000229480065173, -0.000889897346497, -0.00167526828591, -0.000796897569671, 7.25601275917e-05, -0.0010899285553], [-0.000107164218207, -0.000925309432205, -0.000755066343118, -0.000540534500033, 0.0073808291927, -0.000805683201179, -0.000681666890159, -0.00114871328697, -0.000370500783902, -0.000615133787505, 0.00139717024285, -0.00157474901062, 0.00101654184982], [-5.90347808611e-05, 0.000781028473284, -0.00104147661477, -0.000666945823468, -0.000805683201179, 0.0116459699348, -0.00342627125792, -0.00305287027732, 0.00018456862017, 0.00169944926165, -0.000241004207055, 0.00130041665398, -0.00115480297245], [0.000147525992361, -0.000148647712194, -7.65825388953e-05, 0.000351121067069, -0.000681666890159, -0.00342627125792, 0.0119737852365, -0.00094906904269, -0.00194096425548, -0.000476890534628, 0.00203512352891, -0.00295749888755, 0.000414617214119], [-0.000141222306411, 0.000392566376831, 0.000425346952397, 0.000229480065173, -0.00114871328697, -0.00305287027732, -0.00094906904269, 0.0147089930251, -0.00259257294238, -0.00266006216407, 0.000641037127934, 0.00125468045007, -0.00228244252503], [-0.000138409304782, 0.000332284107571, -0.000457719346741, -0.000889897346497, -0.000370500783902, 0.00018456862017, -0.00194096425548, -0.00259257294238, 0.0153258368373, -0.00331113906577, -0.00107045366894, -0.00111051718704, 0.00184746133164], [-6.03456355748e-05, 0.000391526991734, -0.000278875697404, -0.00167526828591, -0.000615133787505, 0.00169944926165, -0.000476890534628, -0.00266006216407, -0.00331113906577, 0.0188679341227, -0.00558595824987, -0.00122010684572, 0.000943298218772], [-1.41950829402e-06, -0.000565374153666, 0.000242423571763, -0.000796897569671, 0.00139717024285, -0.000241004207055, 0.00203512352891, 0.000641037127934, -0.00107045366894, -0.00558595824987, 0.0194917973131, -0.0074161295779, 0.000466362340376], [-0.000202745519346, 0.000291058473522, -0.000126244834973, 7.25601275917e-05, -0.00157474901062, 0.00130041665398, -0.00295749888755, 0.00125468045007, -0.00111051718704, -0.00122010684572, -0.0074161295779, 0.0207951720804, -0.00804626755416], [-5.32639787707e-05, -0.000423462042818, -0.000826493138447, -0.0010899285553, 0.00101654184982, -0.00115480297245, 0.000414617214119, -0.00228244252503, 0.00184746133164, 0.000943298218772, 0.000466362340376, -0.00804626755416, 0.0197113528848]]}, "spectral_contrast_coeffs": {"dmean": [0.0352113954723, 0.0367782525718, 0.0290102455765, 0.0235447455198, 0.0171188320965, 0.0179808922112], "dmean2": [0.0580782666802, 0.0600486397743, 0.0472814999521, 0.0395767353475, 0.0286873355508, 0.0296673774719], "dvar": [0.000962234393228, 0.00102000520565, 0.000603409600444, 0.000368970184354, 0.000208852230571, 0.000345476553775], "dvar2": [0.00260825548321, 0.0027534973342, 0.00157369987573, 0.00102040159982, 0.000558403262403, 0.000882479711436], "max": [-0.377319514751, -0.422152847052, -0.512533307076, -0.520620346069, -0.593257188797, -0.574993431568], "mean": [-0.674377024174, -0.697052121162, -0.772771716118, -0.798534452915, -0.787141859531, -0.760601699352], "median": [-0.679005265236, -0.696269869804, -0.775162935257, -0.801768958569, -0.791867673397, -0.752335608006], "min": [-0.965597450733, -0.967611908913, -0.991387665272, -0.970210015774, -0.963345587254, -0.961336374283], "var": [0.00536992028356, 0.00506934104487, 0.00256190286018, 0.00152257666923, 0.00150860915892, 0.00346181821078]}, "spectral_contrast_valleys": {"dmean": [0.301311969757, 0.306519269943, 0.271876424551, 0.23681242764, 0.202553972602, 0.277891546488], "dmean2": [0.492965459824, 0.499472379684, 0.437217354774, 0.387341529131, 0.31951507926, 0.418049752712], "dvar": [0.0984284356236, 0.113168530166, 0.0938976183534, 0.0887312963605, 0.101400598884, 0.152370810509], "dvar2": [0.220289409161, 0.247251942754, 0.19203107059, 0.174545958638, 0.187750816345, 0.313019663095], "max": [-4.55917978