{"lowlevel": {"average_loudness": 0.975700378418, "barkbands_crest": {"dmean": 3.46460938454, "dmean2": 5.19719314575, "dvar": 12.2328615189, "dvar2": 23.347328186, "max": 25.6673545837, "mean": 13.287147522, "median": 12.4962186813, "min": 2.60956549644, "var": 33.0683784485}, "barkbands_flatness_db": {"dmean": 0.0421614013612, "dmean2": 0.0552569441497, "dvar": 0.00150781811681, "dvar2": 0.00269423704594, "max": 0.498076081276, "mean": 0.181967511773, "median": 0.168115064502, "min": 0.0297135077417, "var": 0.00720192817971}, "barkbands_kurtosis": {"dmean": 11.2304115295, "dmean2": 16.9778518677, "dvar": 528.335754395, "dvar2": 1125.23693848, "max": 379.887145996, "mean": 17.6868495941, "median": 6.49314165115, "min": -1.6671693325, "var": 1164.58374023}, "barkbands_skewness": {"dmean": 1.09972763062, "dmean2": 1.59387850761, "dvar": 1.53849589825, "dvar2": 3.09724545479, "max": 16.0254421234, "mean": 2.94924330711, "median": 2.43311452866, "min": -1.28786063194, "var": 4.96146297455}, "barkbands_spread": {"dmean": 7.65318918228, "dmean2": 10.9632129669, "dvar": 73.6864471436, "dvar2": 135.628585815, "max": 69.8066558838, "mean": 18.1491184235, "median": 15.4322166443, "min": 0.2901032269, "var": 187.422164917}, "dissonance": {"dmean": 0.0172280073166, "dmean2": 0.0272980220616, "dvar": 0.000438069895608, "dvar2": 0.000924870953895, "max": 0.5, "mean": 0.465800613165, "median": 0.475051999092, "min": 0, "var": 0.00100275850855}, "dynamic_complexity": 2.64569234848, "erbbands_crest": {"dmean": 2.09803390503, "dmean2": 3.1080429554, "dvar": 4.51980447769, "dvar2": 9.43954563141, "max": 27.9540252686, "mean": 7.88153171539, "median": 6.85132598877, "min": 2.55770373344, "var": 15.7779254913}, "erbbands_flatness_db": {"dmean": 0.0243428386748, "dmean2": 0.0306620206684, "dvar": 0.000626450055279, "dvar2": 0.00101691961754, "max": 0.351631104946, "mean": 0.149638265371, "median": 0.144525110722, "min": 0.0574676841497, "var": 0.00270073558204}, "erbbands_kurtosis": {"dmean": 0.977704405785, "dmean2": 1.54321277142, "dvar": 2.50003242493, "dvar2": 5.85016155243, "max": 19.8278236389, "mean": 0.376742690802, "median": -0.448524594307, "min": -1.73738253117, "var": 6.05601549149}, "erbbands_skewness": {"dmean": 0.431409835815, "dmean2": 0.643105208874, "dvar": 0.247182890773, "dvar2": 0.539375066757, "max": 4.09964561462, "mean": 0.357203543186, "median": 0.26174223423, "min": -1.96290433407, "var": 0.716641426086}, "erbbands_spread": {"dmean": 12.0402393341, "dmean2": 18.3333377838, "dvar": 154.88343811, "dvar2": 323.379180908, "max": 143.223236084, "mean": 48.1536445618, "median": 46.7074241638, "min": 7.82110500336, "var": 412.114685059}, "hfc": {"dmean": 8.98598384857, "dmean2": 11.9698896408, "dvar": 301.459869385, "dvar2": 617.835083008, "max": 148.229476929, "mean": 14.771739006, "median": 7.53078079224, "min": 1.04699729491e-05, "var": 469.561401367}, "melbands_crest": {"dmean": 3.83294844627, "dmean2": 5.98617172241, "dvar": 15.2755441666, "dvar2": 32.3855667114, "max": 31.4562644958, "mean": 18.4791908264, "median": 19.3117370605, "min": 3.92873477936, "var": 36.2317314148}, "melbands_flatness_db": {"dmean": 0.0518328174949, "dmean2": 0.0681093707681, "dvar": 0.00240499805659, "dvar2": 0.00401610741392, "max": 0.640687167645, "mean": 0.264565110207, "median": 0.252064079046, "min": 0.0226375237107, "var": 0.0115726431832}, "melbands_kurtosis": {"dmean": 24.3452072144, "dmean2": 36.5149345398, "dvar": 1452.80957031, "dvar2": 2970.81811523, "max": 520.45489502, "mean": 42.7127227783, "median": 21.775718689, "min": -1.2021086216, "var": 3670.03100586}, "melbands_skewness": {"dmean": 1.45524871349, "dmean2": 2.14426779747, "dvar": 2.40851736069, "dvar2": 4.95290231705, "max": 16.8934230804, "mean": 4.49028682709, "median": 3.89978051186, "min": 0.175397872925, "var": 7.03583240509}, "melbands_spread": {"dmean": 8.22512435913, "dmean2": 12.2724151611, "dvar": 125.70199585, "dvar2": 259.476776123, "max": 156.503692627, "mean": 15.4403352737, "median": 10.2607955933, "min": 0.373195290565, "var": 225.073623657}, "pitch_salience": {"dmean": 0.102682806551, "dmean2": 0.156090170145, "dvar": 0.0111646316946, "dvar2": 0.0228551961482, "max": 0.983648359776, "mean": 0.439924389124, "median": 0.433600246906, "min": 0.0755786299706, "var": 0.0283261816949}, "silence_rate_20dB": {"dmean": 0, "dmean2": 0, "dvar": 0, "dvar2": 0, "max": 1, "mean": 1, "median": 1, "min": 1, "var": 0}, "silence_rate_30dB": {"dmean": 0.0437735840678, "dmean2": 0.0876132920384, "dvar": 0.0418570376933, "dvar2": 0.092021137476, "max": 1, "mean": 0.955505251884, "median": 1, "min": 0, "var": 0.0425149947405}, "silence_rate_60dB": {"dmean": 0.0256603769958, "dmean2": 0.0506042279303, "dvar": 0.0250019747764, "dvar2": 0.0525751039386, "max": 1, "mean": 0.0294117648154, "median": 0, "min": 0, "var": 0.0285473559052}, "spectral_centroid": {"dmean": 357.513427734, "dmean2": 530.903259277, "dvar": 177220.6875, "dvar2": 342222.5625, "max": 3864.63330078, "mean": 1266.4017334, "median": 1187.41235352, "min": 117.955696106, "var": 535498.6875}, "spectral_complexity": {"dmean": 5.88528299332, "dmean2": 8.34214496613, "dvar": 60.4638252258, "dvar2": 102.758552551, "max": 63, "mean": 16.6266975403, "median": 12, "min": 0, "var": 152.191635132}, "spectral_decrease": {"dmean": 3.71533448451e-09, "dmean2": 5.82387782444e-09, "dvar": 3.43305497547e-17, "dvar2": 7.58637250623e-17, "max": -7.64058870291e-16, "mean": -8.40038083538e-09, "median": -5.62532465054e-09, "min": -7.01132876202e-08, "var": 7.11091967805e-17}, "spectral_energy": {"dmean": 0.0143448133022, "dmean2": 0.0224053282291, "dvar": 0.00050172698684, "dvar2": 0.00109800382052, "max": 0.267157495022, "mean": 0.0330448150635, "median": 0.0220823809505, "min": 3.83338827348e-09, "var": 0.00106534198858}, "spectral_energyband_high": {"dmean": 0.000771637074649, "dmean2": 0.00105393351987, "dvar": 2.97479778055e-06, "dvar2": 6.25211487204e-06, "max": 0.0139812892303, "mean": 0.000899778329767, "median": 0.000177367124707, "min": 9.52927736719e-10, "var": 4.19336902269e-06}, "spectral_energyband_low": {"dmean": 0.0125500550494, "dmean2": 0.0201534423977, "dvar": 0.00054062413983, "dvar2": 0.00124414032325, "max": 0.261304229498, "mean": 0.023361839354, "median": 0.0137540483847, "min": 5.65788700613e-11, "var": 0.000884239503648}, "spectral_energyband_middle_high": {"dmean": 0.0013727566693, "dmean2": 0.00200676335953, "dvar": 5.05605839862e-06, "dvar2": 1.05878698378e-05, "max": 0.0191517081112, "mean": 0.00240249512717, "median": 0.00141377793625, "min": 1.61302415869e-09, "var": 8.32736077427e-06}, "spectral_energyband_middle_low": {"dmean": 0.00469939038157, "dmean2": 0.00759569415823, "dvar": 8.60092986841e-05, "dvar2": 0.000222004382522, "max": 0.0723391249776, "mean": 0.0076058912091, "median": 0.00434331269935, "min": 1.28537402944e-09, "var": 8.85415283847e-05}, "spectral_entropy": {"dmean": 0.252173632383, "dmean2": 0.319754898548, "dvar": 0.0767696425319, "dvar2": 0.126546964049, "max": 8.63838481903, "mean": 7.46369791031, "median": 7.55611419678, "min": 5.23210763931, "var": 0.35213893652}, "spectral_flux": {"dmean": 0.0428729839623, "dmean2": 0.0669706612825, "dvar": 0.00235179252923, "dvar2": 0.00587408011779, "max": 0.443854510784, "mean": 0.0872053802013, "median": 0.0608886480331, "min": 0.000303763488773, "var": 0.00530034583062}, "spectral_kurtosis": {"dmean": 2.2996544838, "dmean2": 3.5746846199, "dvar": 15.3460159302, "dvar2": 36.7336120605, "max": 64.2491989136, "mean": 4.39700508118, "median": 3.02072548866, "min": -0.732479333878, "var": 28.3318481445}, "spectral_rms": {"dmean": 0.00111934659071, "dmean2": 0.00166552432347, "dvar": 1.83622580607e-06, "dvar2": 3.47196100847e-06, "max": 0.0161443930119, "mean": 0.00511974841356, "median": 0.0046415226534, "min": 1.93387973013e-06, "var": 6.02694308327e-06}, "spectral_rolloff": {"dmean": 578.927246094, "dmean2": 929.538818359, "dvar": 819546.5, "dvar2": 1582611.375, "max": 10034.4726562, "mean": 919.025756836, "median": 409.130859375, "min": 64.599609375, "var": 1272677.875}, "spectral_skewness": {"dmean": 0.342007547617, "dmean2": 0.52491402626, "dvar": 0.178517773747, "dvar2": 0.407683372498, "max": 6.50500583649, "mean": 1.41029179096, "median": 1.26621317863, "min": -0.153880789876, "var": 0.479326665401}, "spectral_spread": {"dmean": 835968.5625, "dmean2": 1064981, "dvar": 831150882816, "dvar2": 1387366842370.0, "max": 11529311, "mean": 4606746.5, "median": 4277259, "min": 928406.125, "var": 3016942682110.0}, "spectral_strongpeak": {"dmean": 0.2001221627, "dmean2": 0.34401473403, "dvar": 0.057413417846, "dvar2": 0.158324286342, "max": 2.36313915253, "mean": 0.456195086241, "median": 0.412658810616, "min": 1.6060012058e-05, "var": 0.0803911313415}, "zerocrossingrate": {"dmean": 0.0126853622496, "dmean2": 0.0147952167317, "dvar": 0.000182318588486, "dvar2": 0.000234454040765, "max": 0.1728515625, "mean": 0.04127670452, "median": 0.03564453125, "min": 0.00244140625, "var": 0.000730883679353}, "barkbands": {"dmean": [0.000210558515391, 0.0103112906218, 0.00376781960949, 0.0018495953409, 0.00170110899489, 0.000926202570554, 0.000423426536145, 0.000235365252593, 0.000329456088366, 0.000253755511949, 0.000110765897261, 0.000155840767547, 0.000150299223606, 0.00010041542555, 0.000145350291859, 0.000138456889545, 0.000110336091893, 0.000235182160395, 0.000329583446728, 0.000237067462876, 0.000202089679078, 0.000134824993438, 0.0001182128035, 0.000126510974951, 7.74580985308e-05, 1.45256017277e-05, 1.8130499484e-06], "dmean2": [0.000301707012113, 0.0169280152768, 0.00637636519969, 0.00332753709517, 0.00273504643701, 0.00150762649719, 0.000699672615156, 0.000374241732061, 0.000480284448713, 0.00037319373223, 0.000166610509041, 0.000251022109296, 0.000241663816269, 0.00016113849415, 0.000225830139243, 0.000222631788347, 0.000170069761225, 0.000375836651074, 0.00051484775031, 0.000387438893085, 0.000290660129394, 0.000176539455424, 0.000166029392858, 0.000194848485989, 0.000123056059238, 2.10183825402e-05, 2.65906419372e-06], "dvar": [1.56408020757e-07, 0.000426822487498, 9.05856868485e-05, 2.57916981354e-05, 1.21575667436e-05, 3.07633354169e-06, 6.18874594238e-07, 1.87096176774e-07, 4.23387405135e-07, 2.35887782196e-07, 3.03824521097e-08, 6.39318216145e-08, 6.65937349709e-08, 2.17526103796e-08, 7.43079340282e-08, 6.39093116206e-08, 2.84409882312e-08, 2.42101094727e-07, 6.12890801222e-07, 3.78791696676e-07, 1.72665167497e-07, 7.38433811875e-08, 9.05509836002e-08, 1.14435863452e-07, 3.27850457893e-08, 7.99985522271e-10, 7.46069091923e-12], "dvar2": [2.86869834554e-07, 0.000952682283241, 0.000241927264142, 7.31466789148e-05, 3.12069787469e-05, 8.16686406324e-06, 1.60910224167e-06, 4.40741246166e-07, 8.95811695045e-07, 4.89693604777e-07, 6.91154014021e-08, 1.6990556162e-07, 1.67074119872e-07, 5.24995016349e-08, 1.78260819439e-07, 1.45055835787e-07, 6.38912709405e-08, 5.76607362746e-07, 1.46127888456e-06, 9.80809772955e-07, 3.64522037444e-07, 1.27597544974e-07, 1.88283252101e-07, 2.54901578955e-07, 7.87966314419e-08, 1.76261116813e-09, 1.541696458e-11], "max": [0.00269271642901, 0.17959934473, 0.103652521968, 0.0439847260714, 0.0332965292037, 0.0192965045571, 0.00593486893922, 0.00497768959031, 0.0119300307706, 0.00748495105654, 0.00218116887845, 0.00270252302289, 0.00387050490826, 0.00132843537722, 0.00340303406119, 0.00248153228313, 0.00144929252565, 0.00424703257158, 0.00864304881543, 0.00572317512706, 0.00438194582239, 0.00270256958902, 0.00250471103936, 0.00254288781434, 0.0012359006796, 0.000218070432311, 1.97176032088e-05], "mean": [0.000232323509408, 0.0158767607063, 0.00617700954899, 0.00183936930262, 0.00229092035443, 0.00170403765514, 0.000571278273128, 0.000335796823492, 0.000551643839572, 0.000474522094009, 0.00018357578665, 0.000244334689341, 0.000221305934247, 0.000150954336277, 0.000188495861948, 0.000162315176567, 0.000154663226567, 0.000281484826701, 0.000391696201405, 0.000248438795097, 0.000257100735325, 0.000176478803041, 0.000126253202325, 0.000118453193863, 6.88542349963e-05, 1.44852192534e-05, 2.26735687647e-06], "median": [5.20463036082e-05, 0.00538961682469, 0.00346491415985, 0.00074554112507, 0.000624819716904, 0.000699519529007, 0.000262613524683, 0.000109447209979, 0.000227252981858, 0.000203141229576, 8.58768253238e-05, 0.00014752332936, 0.000108598993393, 7.80554255471e-05, 7.07613216946e-05, 5.34058344783e-05, 6.25783359283e-05, 8.85217959876e-05, 0.000104989347165, 5.84804656683e-05, 5.50566765014e-05, 3.05712674162e-05, 1.18500220196e-05, 8.10208985058e-06, 6.69981727697e-06, 1.3346104879e-06, 5.06052288074e-07], "min": [1.54290382554e-11, 2.35529269699e-11, 1.65386367795e-11, 1.80273261596e-11, 6.00975588738e-11, 1.05751192525e-10, 1.71392150472e-10, 2.75546613304e-10, 4.95013863233e-10, 3.66642743943e-10, 3.38011868495e-10, 1.95206739662e-10, 1.24265112089e-10, 1.78071071777e-10, 1.5442960799e-10, 5.32818442145e-11, 2.70686979775e-11, 8.26403112608e-11, 3.09135113341e-11, 2.16651453722e-11, 9.77024572357e-11, 1.83072723647e-10, 1.42205511255e-10, 3.98467508989e-10, 8.68175739632e-11, 1.57667576911e-11, 2.3446166883e-11], "var": [2.20985739929e-07, 0.00060795963509, 8.47394258017e-05, 1.68064980244e-05, 1.47094115164e-05, 6.06669846093e-06, 6.73477018154e-07, 3.5659417108e-07, 8.66728044002e-07, 6.45262048238e-07, 6.64254642402e-08, 9.05859707245e-08, 9.95825004679e-08, 3.25587592442e-08, 9.29202315092e-08, 7.72600827759e-08, 4.73647077115e-08, 2.64427114871e-07, 6.46156934181e-07, 3.30555820938e-07, 2.67963145006e-07, 1.42578301165e-07, 1.23765786952e-07, 1.26286238356e-07, 3.28748122058e-08, 1.06943398581e-09, 1.32641753484e-11]}, "erbbands": {"dmean": [0.318057507277, 2.55225944519, 5.02777862549, 5.04529476166, 5.25410556793, 6.13222932816, 6.93389368057, 7.91227817535, 7.12011194229, 6.19971990585, 5.30375003815, 7.68037462234, 9.65972328186, 4.52942085266, 5.08743906021, 6.38960504532, 7.08143997192, 5.37183141708, 5.93533182144, 8.58050251007, 6.85723972321, 6.6315073967, 13.671049118, 13.4670381546, 15.7024040222, 9.51812839508, 11.482834816, 5.93017864227, 5.28098630905, 3.4805059433, 3.47080111504, 2.92547106743, 2.04016041756, 1.21103703976, 0.370652109385, 0.0998112037778, 0.0211580954492, 0.00300745735876, 0.000315168814268, 2.70853943221e-05], "dmean2": [0.446654945612, 4.33998441696, 8.60698509216, 8.56097793579, 9.52589702606, 9.57416725159, 10.545507431, 13.160982132, 11.8661289215, 10.1753234863, 7.89994716644, 11.2594070435, 13.9396877289, 6.97130346298, 7.85564422607, 10.2762861252, 11.2240352631, 8.78743743896, 8.86849975586, 13.7199068069, 10.7829637527, 10.1420869827, 22.2110710144, 20.7468204498, 24.6661949158, 15.3536510468, 17.7039394379, 7.6679930687, 6.85572338104, 4.72811603546, 4.9799323082, 4.47065353394, 3.19125723839, 1.95441675186, 0.590452611446, 0.147319167852, 0.0310332514346, 0.00404539844021, 0.000452018080978, 3.92613983422e-05], "dvar": [0.380118876696, 27.4339447021, 155.294540405, 171.098419189, 176.421524048, 154.620727539, 190.013778687, 227.186889648, 172.258605957, 141.835571289, 93.2966156006, 283.486206055, 370.289825439, 54.1527709961, 61.1317977905, 106.486335754, 158.076904297, 65.443977356, 101.680000305, 240.551513672, 155.723175049, 110.22114563, 864.731018066, 932.111206055, 1339.31018066, 537.646240234, 667.803527832, 140.378875732, 104.458221436, 76.0579910278, 76.5926437378, 61.5700836182, 30.1449642181, 9.43755054474, 0.68261474371, 0.0396005064249, 0.00180192419793, 2.44011262112e-05, 2.19995882844e-07, 1.02022956749e-09], "dvar2": [0.715637624264, 68.5022583008, 425.817016602, 464.032196045, 507.692932129, 368.27355957, 420.835632324, 618.6953125, 472.843688965, 380.267669678, 194.801361084, 615.038208008, 790.023986816, 124.172393799, 141.220123291, 274.982727051, 387.740753174, 171.509246826, 230.242156982, 562.065734863, 353.268280029, 240.70161438, 2158.47241211, 2186.46362305, 3184.04199219, 1361.37536621, 1555.26196289, 251.601989746, 186.489562988, 156.419509888, 162.975311279, 137.659225464, 70.5216827393, 23.4252986908, 1.63779819012, 0.0875409170985, 0.00411890819669, 4.49942417617e-05, 4.25567634466e-07, 1.98751881619e-09], "max": [4.705991745, 51.2245674133, 127.536018372, 114.318122864, 91.7953338623, 135.090530396, 138.999145508, 163.025436401, 127.874473572, 135.300964355, 136.547439575, 334.913360596, 289.366088867, 92.7150039673, 91.1196212769, 117.933860779, 208.511505127, 80.7459335327, 122.511177063, 154.43309021, 139.512832642, 98.8723983765, 241.479232788, 318.768310547, 345.339599609, 214.790847778, 279.810577393, 102.338653564, 104.671478271, 82.5284500122, 71.2672195435, 59.6444625854, 40.1764411926, 22.6559505463, 5.94072818756, 1.5182672739, 0.325248152018, 0.0369872748852, 0.0034096466843, 0.000290216004942], "mean": [0.385990768671, 3.76645636559, 7.87880325317, 6.5935754776, 5.55893754959, 8.57092094421, 11.4481964111, 13.7813396454, 10.4004440308, 7.87596178055, 8.53765773773, 13.0231771469, 18.8477458954, 7.76527738571, 9.28530693054, 10.4201135635, 10.9135169983, 8.07382774353, 7.80472517014, 10.9237651825, 8.27707958221, 9.08272838593, 16.0485343933, 16.7344684601, 18.6228961945, 10.4530382156, 13.0693340302, 7.86280107498, 6.93135118484, 4.24378681183, 3.59556698799, 2.76038908958, 1.82452213764, 1.02976691723, 0.342040091753, 0.0978189334273, 0.0207744333893, 0.00365650933236, 0.000412379042245, 5.46925657545e-05], "median": [0.126066058874, 1.40894627571, 4.29689025879, 3.68327856064, 2.3610355854, 2.18953943253, 3.10426545143, 5.40144062042, 4.33571147919, 3.77845001221, 2.95740270615, 5.86071395874, 8.00203323364, 4.25697469711, 5.08301019669, 6.63700485229, 5.20104074478, 4.53310108185, 3.00083303452, 3.8978729248, 2.68468379974, 3.74820661545, 5.17988491058, 4.97738790512, 5.40519428253, 2.691385746, 2.81873369217, 1.44491505623, 1.2209777832, 0.502286076546, 0.347614586353, 0.208510577679, 0.125113323331, 0.0919804871082, 0.0382165238261, 0.00973912514746, 0.0017140742857, 0.000598051818088, 0.000110145818326, 3.45490952895e-05], "min": [8.50754078296e-10, 4.82641038246e-09, 1.68877196671e-08, 4.40024656712e-08, 1.00809479875e-07, 2.19615643005e-07, 4.73350269203e-07, 1.01103091765e-06, 2.08906726584e-06, 4.04267575504e-06, 7.10250697011e-06, 1.09954071377e-05, 1.44837522384e-05, 1.36940971061e-05, 1.23492272905e-05, 7.40046471037e-06, 5.77909668209e-06, 8.32634032122e-06, 9.34680974751e-06, 5.93492268308e-06, 2.27547775467e-06, 1.70707221514e-06, 3.8440039134e-06, 3.4431907352e-06, 1.28022395529e-06, 8.43776717829e-07, 1.03048557776e-06, 7.68238624005e-06, 6.51443406241e-06, 2.93953576147e-06, 4.34324056187e-06, 6.83370626575e-06, 6.49344519843e-06, 1.72423153799e-06, 4.72718795663e-07, 1.04319830996e-07, 2.53144136764e-08, 1.79607653195e-08, 4.00083610685e-09, 1.19146734145e-10], "var": [0.550249814987, 33.1340866089, 137.771972656, 132.572814941, 119.672050476, 256.993133545, 409.28326416, 451.310241699, 229.561767578, 141.942703247, 236.784057617, 514.663085938, 955.532043457, 88.1071472168, 140.671737671, 153.829818726, 244.598068237, 89.0873184204, 138.525024414, 301.961273193, 195.723999023, 171.976928711, 866.815795898, 1036.71496582, 1430.85510254, 504.768096924, 785.273681641, 274.732116699, 204.74118042, 115.894004822, 100.596405029, 68.0370559692, 30.6297187805, 8.63155841827, 0.721473872662, 0.0512382239103, 0.00227657984942, 4.71230414405e-05, 4.15003370335e-07, 2.3761630441e-09]}, "gfcc": {"mean": [-30.8719978333, 109.690643311, -104.710281372, 46.5741996765, -47.7380104065, 10.6073913574, -19.6685619354, 8.28503513336, -19.5694389343, 2.00930786133, -7.53362369537, -2.26717662811, -6.28234434128], "cov": [[6283.78369141, -2153.4465332, -117.405586243, 386.20513916, -725.220703125, 376.391967773, -795.037658691, 174.761398315, -366.271057129, 137.234542847, -264.988525391, 91.169960022, -261.114685059], [-2153.4465332, 2014.64245605, -406.341796875, 40.9096565247, 603.358886719, -432.232025146, 648.025695801, -136.439254761, 262.686553955, -99.8994827271, 174.750747681, -62.4334487915, 207.696182251], [-117.405586243, -406.341796875, 1789.92944336, -35.934967041, 13.4669561386, 352.732971191, -332.926849365, 159.336044312, -39.1372375488, -35.2052116394, -73.9967651367, -89.6795959473, -174.303909302], [386.20513916, 40.9096565247, -35.934967041, 372.023712158, 132.219039917, 4.22079944611, 99.6130523682, -29.8388557434, 78.0970077515, 9.86819839478, -11.5351905823, 2.59376525879, 8.58226776123], [-725.220703125, 603.358886719, 13.4669561386, 132.219039917, 420.846923828, -105.67767334, 236.963226318, -42.4228744507, 102.548103333, -9.70556163788, 57.4566040039, -10.8316783905, 55.3309440613], [376.391967773, -432.232025146, 352.732971191, 4.22079944611, -105.67767334, 347.891082764, -71.0886917114, 107.810661316, 19.4640884399, 57.9864578247, -7.71225070953, 15.9728097916, -38.9758872986], [-795.037658691, 648.025695801, -332.926849365, 99.6130523682, 236.963226318, -71.0886917114, 451.687225342, -43.8270111084, 157.507156372, 9.00757980347, 71.7496643066, 23.8163566589, 103.943763733], [174.761398315, -136.439254761, 159.336044312, -29.8388557434, -42.4228744507, 107.810661316, -43.8270111084, 134.339981079, 18.9897632599, 25.0847148895, 14.4736013412, 11.5503396988, -8.60254192352], [-366.271057129, 262.686553955, -39.1372375488, 78.0970077515, 102.548103333, 19.4640884399, 157.507156372, 18.9897632599, 183.829772949, 48.9237136841, 52.9484786987, 8.54194450378, 51.2914733887], [137.234542847, -99.8994827271, -35.2052116394, 9.86819839478, -9.70556163788, 57.9864578247, 9.00757980347, 25.0847148895, 48.9237136841, 119.048065186, 36.9880943298, 28.5935459137, 24.1623401642], [-264.988525391, 174.750747681, -73.9967651367, -11.5351905823, 57.4566040039, -7.71225070953, 71.7496643066, 14.4736013412, 52.9484786987, 36.9880943298, 100.340156555, 35.7897262573, 42.7302589417], [91.169960022, -62.4334487915, -89.6795959473, 2.59376525879, -10.8316783905, 15.9728097916, 23.8163566589, 11.5503396988, 8.54194450378, 28.5935459137, 35.7897262573, 79.1487884521, 21.0860958099], [-261.114685059, 207.696182251, -174.303909302, 8.58226776123, 55.3309440613, -38.9758872986, 103.943763733, -8.60254192352, 51.2914733887, 24.1623401642, 42.7302589417, 21.0860958099, 88.7610702515]], "icov": [[0.000461800926132, -0.000169025501236, 0.000286454509478, -0.000912339426577, 0.000380140380003, -0.000306129542878, 0.000636127428152, -0.000681629753672, 0.000746097590309, -0.000800409179647, 0.000834106991533, -0.000661183265038, 0.000764638010878], [-0.000169025501236, 0.00313942343928, -0.00048109490308, 0.00133089872543, -0.0016416029539, 0.0024527751375, -0.00258697476238, 0.000581530155614, -0.00189372722525, 0.00285253021866, -0.00340164662339, 0.0034602645319, -0.00259718648158], [0.000286454509478, -0.00048109490308, 0.00137703446671, -0.000452359439805, -0.000553260208108, -0.00158290588297, 0.00161503907293, -0.000927599612623, 0.000192647974472, -0.000220902904402, 0.00094028149033, -0.000115901071695, 0.00190860556904], [-0.000912339426577, 0.00133089872543, -0.000452359439805, 0.00572015950456, -0.00254600238986, 0.000742498028558, -0.00183396274224, 0.00228953920305, -0.00363705260679, 0.00233045476489, -0.000713135988917, 0.00138638203498, -0.00147554592695], [0.000380140380003, -0.0016416029539, -0.000553260208108, -0.00254600238986, 0.00603585457429, 0.000374774099328, -0.000670545443427, -0.000376547104679, 0.00149522186257, -0.00194646208547, 9.19098019949e-05, -0.00107439036947, 0.00114682782441], [-0.000306129542878, 0.0024527751375, -0.00158290588297, 0.000742498028558, 0.000374774099328, 0.00770108401775, -0.00339821144007, -0.00198868871666, -0.00178965053055, 9.66456136666e-05, -0.00228629354388, 0.00179189792834, -0.00120258156676], [0.000636127428152, -0.00258697476238, 0.00161503907293, -0.00183396274224, -0.000670545443427, -0.00339821144007, 0.00832856539637, -0.000196841807337, -0.000972075795289, -0.0010964742396, 0.0034555811435, -0.0039799134247, 0.000569253985304], [-0.000681629753672, 0.000581530155614, -0.000927599612623, 0.00228953920305, -0.000376547104679, -0.00198868871666, -0.000196841807337, 0.0122401751578, -0.00307655381039, 0.00171592785046, -0.0031279688701, 0.000374133494915, -0.00190294987988], [0.000746097590309, -0.00189372722525, 0.000192647974472, -0.00363705260679, 0.00149522186257, -0.00178965053055, -0.000972075795289, -0.00307655381039, 0.0130949420854, -0.00587711436674, 0.00030145799974, -0.000248048745561, 0.000424906640546], [-0.000800409179647, 0.00285253021866, -0.000220902904402, 0.00233045476489, -0.00194646208547, 9.66456136666e-05, -0.0010964742396, 0.00171592785046, -0.00587711436674, 0.0160477589816, -0.00655864086002, 0.00183582736645, -0.00523345684633], [0.000834106991533, -0.00340164662339, 0.00094028149033, -0.000713135988917, 9.19098019949e-05, -0.00228629354388, 0.0034555811435, -0.0031279688701, 0.00030145799974, -0.00655864086002, 0.0223486851901, -0.0105042308569, 0.000265536567895], [-0.000661183265038, 0.0034602645319, -0.000115901071695, 0.00138638203498, -0.00107439036947, 0.00179189792834, -0.0039799134247, 0.000374133494915, -0.000248048745561, 0.00183582736645, -0.0105042308569, 0.0219667479396, -0.0047680218704], [0.000764638010878, -0.00259718648158, 0.00190860556904, -0.00147554592695, 0.00114682782441, -0.00120258156676, 0.000569253985304, -0.00190294987988, 0.000424906640546, -0.00523345684633, 0.000265536567895, -0.0047680218704, 0.023573493585]]}, "melbands": {"dmean": [0.00276762549765, 0.00286048231646, 0.000865285634063, 0.000369656336261, 0.00026377546601, 0.000176993984496, 0.000106779451016, 6.2301500293e-05, 4.57297282992e-05, 4.74359512737e-05, 4.81241149828e-05, 1.88864560187e-05, 1.65311648743e-05, 1.67109719769e-05, 1.79421531357e-05, 1.28051933643e-05, 1.02611329567e-05, 9.19229660212e-06, 1.15068705782e-05, 1.05070503196e-05, 7.53124277253e-06, 5.30015950062e-06, 1.41265245475e-05, 1.00852685136e-05, 1.10560940811e-05, 1.43338274938e-05, 8.29953296488e-06, 6.16296438238e-06, 8.55102553032e-06, 4.91553601023e-06, 3.05390221911e-06, 3.06174501929e-06, 2.56283669842e-06, 1.79232063147e-06, 2.07514744943e-06, 1.70897567386e-06, 1.94061431102e-06, 1.61610353189e-06, 1.05736125988e-06, 9.91835577224e-07], "dmean2": [0.00415226211771, 0.00488518271595, 0.0014561485732, 0.000622789841145, 0.000403597776312, 0.000292971439194, 0.000177898677066, 0.000102546524431, 6.69361907057e-05, 6.93427355145e-05, 6.97535870131e-05, 2.92860040645e-05, 2.49814620474e-05, 2.66192000709e-05, 2.88416413241e-05, 2.09960489883e-05, 1.68342194229e-05, 1.38994337249e-05, 1.83334013855e-05, 1.71160481841e-05, 1.17463396236e-05, 8.26237464935e-06, 2.2692103812e-05, 1.59731916938e-05, 1.71256615431e-05, 2.291029341e-05, 1.34103684104e-05, 1.00426286735e-05, 1.3533010133e-05, 7.11275333742e-06, 3.84554141419e-06, 3.98093470722e-06, 3.50159348272e-06, 2.62619050773e-06, 2.96449798043e-06, 2.52884524343e-06, 3.05113508148e-06, 2.60225556303e-06, 1.64489381405e-06, 1.63672893905e-06], "dvar": [2.81315333268e-05, 4.09367639804e-05, 4.59939656139e-06, 6.56673080357e-07, 2.57209052279e-07, 1.12489502158e-07, 3.76077764486e-08, 1.41159164357e-08, 6.70349553644e-09, 9.19495057872e-09, 9.1584038131e-09, 1.00781749612e-09, 6.62456922651e-10, 7.15299375287e-10, 8.28345059212e-10, 5.02027475147e-10, 2.52094567443e-10, 2.37145914017e-10, 4.81933604135e-10, 3.53879314741e-10, 1.92680746358e-10, 7.23964291294e-11, 8.16529954761e-10, 4.04271033316e-10, 6.31258656458e-10, 1.26623644903e-09, 3.90319720989e-10, 2.24989721298e-10, 3.98984373318e-10, 1.0407041201e-10, 3.74748045096e-11, 3.39785734271e-11, 3.13706872979e-11, 2.27444695022e-11, 2.73974089943e-11, 1.98810464619e-11, 2.86704028574e-11, 2.25720102331e-11, 5.54206593811e-12, 7.06718537857e-12], "dvar2": [5.50585682504e-05, 0.000110660861537, 1.23660774989e-05, 1.79051050964e-06, 5.75999990815e-07, 3.06998231281e-07, 1.03109982774e-07, 3.80361200314e-08, 1.42935814296e-08, 1.98072918067e-08, 1.94794118613e-08, 2.33315211595e-09, 1.55911328292e-09, 1.85560788957e-09, 2.06826400451e-09, 1.32404509579e-09, 6.67617072736e-10, 5.28843968617e-10, 1.17178156067e-09, 7.9524364871e-10, 4.40437630811e-10, 1.61832422463e-10, 2.06827999172e-09, 9.44171629769e-10, 1.50382284403e-09, 3.06054714905e-09, 1.00292485428e-09, 5.69482239143e-10, 9.58941925866e-10, 2.26257915181e-10, 6.52069787055e-11, 6.19917450706e-11, 5.79651153465e-11, 4.91945130465e-11, 5.77900123588e-11, 4.3576846992e-11, 6.65556915136e-11, 5.52161580347e-11, 1.20664190445e-11, 1.81229753426e-11], "max": [0.0421173535287, 0.0714430138469, 0.0189794190228, 0.00620457716286, 0.00475474493578, 0.0035102404654, 0.0018134060083, 0.00132018886507, 0.00104000058491, 0.00181996263564, 0.00142945197877, 0.000384460407076, 0.000322696316289, 0.000323501764797, 0.00036261745845, 0.000306900823489, 0.000161193718668, 0.000159183575306, 0.000259940075921, 0.000156408859766, 0.000155104877194, 6.81935052853e-05, 0.000306198286125, 0.000184217264177, 0.000277128070593, 0.000374180934159, 0.000224903924391, 0.000140375166666, 0.000210805490497, 0.000106207873614, 5.59005748073e-05, 6.1187078245e-05, 5.88871116634e-05, 4.19591669925e-05, 4.37430535385e-05, 3.87572836189e-05, 3.93744885514e-05, 3.61043712473e-05, 1.67283305927e-05, 2.01697857847e-05], "mean": [0.00399610446766, 0.00459132855758, 0.00115670717787, 0.000464065815322, 0.000421901058871, 0.000315688841511, 0.000153470144141, 7.89181358414e-05, 7.32471089577e-05, 8.14154700493e-05, 9.23088300624e-05, 2.95140398521e-05, 2.8674632631e-05, 2.86947961285e-05, 2.73429923254e-05, 1.87775494851e-05, 1.48557483044e-05, 1.15667698992e-05, 1.48394119606e-05, 1.27908560899e-05, 8.76873218658e-06, 7.0782966759e-06, 1.66936606547e-05, 1.21901593957e-05, 1.34627443913e-05, 1.61857296916e-05, 9.44048315432e-06, 6.36839286017e-06, 8.93241849553e-06, 6.19669390289e-06, 3.9097330955e-06, 4.03647754865e-06, 3.16176965498e-06, 2.08831738746e-06, 2.16452167479e-06, 1.67958035036e-06, 1.75592754204e-06, 1.39522944664e-06, 9.79093783826e-07, 8.12795519778e-07], "median": [0.00130722671747, 0.00320380437188, 0.000665893428959, 0.000145199155668, 0.00011093611829, 0.000132330562337, 6.6193708335e-05, 3.81252903026e-05, 2.37869826378e-05, 3.72309768863e-05, 3.7374200474e-05, 1.50266914716e-05, 1.43783036037e-05, 1.71910360223e-05, 1.59969458764e-05, 1.02267558759e-05, 7.90241574578e-06, 4.03715421271e-06, 5.38981475984e-06, 4.79599202663e-06, 2.49302979682e-06, 2.93347716251e-06, 5.15743067808e-06, 3.46324350176e-06, 3.77311494049e-06, 4.12911140302e-06, 2.97529868476e-06, 1.36738015044e-06, 1.75369302724e-06, 1.26545728563e-06, 6.56603560856e-07, 7.32941202841e-07, 4.72203907975e-07, 1.81366715424e-07, 1.78137867124e-07, 1.91130482108e-07, 1.08229272655e-07, 7.96022447958e-08, 8.68747846994e-08, 7.66195995539e-08], "min": [7.80224496122e-12, 8.10863615835e-12, 9.02426137289e-12, 1.10982603316e-11, 1.54841695021e-11, 2.26814851623e-11, 3.2460343441e-11, 4.7408615228e-11, 6.11760850311e-11, 7.1150869918e-11, 7.25412577229e-11, 4.36778148372e-11, 4.45706041519e-11, 2.51192261436e-11, 1.38166257949e-11, 1.28134534233e-11, 1.58226522162e-11, 1.56108528881e-11, 1.08272869837e-11, 5.21901619144e-12, 2.06549360948e-12, 1.54559286376e-12, 2.40527801669e-12, 4.32363650091e-12, 2.75546577742e-12, 5.84841094824e-13, 1.17705747493e-12, 3.71776963598e-13, 5.47718120858e-13, 8.12476821932e-13, 6.36396838005e-12, 4.53837488423e-12, 1.94309585783e-12, 1.41311105612e-12, 2.38017743535e-12, 2.83743449743e-12, 5.26301875345e-12, 4.36515754099e-12, 3.30976869176e-12, 7.64097877852e-13], "var": [4.43613207608e-05, 4.05541868531e-05, 3.73472289539e-06, 6.7638575274e-07, 4.62249943212e-07, 2.20836966491e-07, 4.87545825933e-08, 1.39098856877e-08, 1.60194879584e-08, 1.77623125097e-08, 2.3741767663e-08, 1.52285006827e-09, 1.45100176319e-09, 1.19492349349e-09, 1.23706489497e-09, 6.63593346939e-10, 3.25644455845e-10, 3.21266430126e-10, 6.06038441653e-10, 4.35056074499e-10, 2.3934990101e-10, 1.07301209584e-10, 8.77754646744e-10, 4.69618954835e-10, 6.93326229761e-10, 1.25868893086e-09, 3.73894443184e-10, 2.05063604986e-10, 4.17247930651e-10, 1.55985349637e-10, 7.47393813505e-11, 6.74237679577e-11, 5.23406318287e-11, 3.2086729107e-11, 3.69353922447e-11, 2.31129230338e-11, 2.94869753614e-11, 2.08207080049e-11, 6.44117311571e-12, 5.91773938879e-12]}, "mfcc": {"mean": [-674.534667969, 132.34022522, 8.48307991028, 40.0363006592, 3.26949477196, 9.18370914459, 11.7541151047, 5.45031070709, 2.22995185852, 3.10260248184, 5.46651649475, 1.0774512291, -1.13414812088], "cov": [[6332.33349609, -2047.0736084, -373.245819092, -102.270622253, -252.875305176, -4.91041183472, -298.700531006, -131.88041687, -153.802108765, -111.900093079, -119.702949524, -77.3672485352, 0.572805523872], [-2047.0736084, 1558.85852051, -299.37713623, 307.605194092, 35.7460403442, -31.773349762, 191.748046875, 66.1476135254, 123.962112427, 5.33960771561, 116.985580444, 12.1907787323, 14.3290195465], [-373.245819092, -299.37713623, 1457.95874023, -246.895355225, 401.609680176, 31.9533233643, -50.6816749573, 77.9055480957, -76.8538360596, 153.725997925, -52.7874755859, 70.3254928589, -88.716506958], [-102.270622253, 307.605194092, -246.895355225, 467.705291748, 41.6550674438, 79.2665176392, 57.6051521301, 12.4673538208, 87.010055542, -33.6701431274, 61.4228363037, -5.73779630661, 3.79750084877], [-252.875305176, 35.7460403442, 401.609680176, 41.6550674438, 312.23638916, 31.278711319, 2.39905905724, 29.3104915619, -24.0888404846, 58.8782653809, -6.13533782959, 41.6353149414, -31.2406139374], [-4.91041183472, -31.773349762, 31.9533233643, 79.2665176392, 31.278711319, 195.452148438, 53.5833625793, 40.1340446472, 79.623374939, 34.0634841919, 34.1929969788, 29.3658485413, 57.5913963318], [-298.700531006, 191.748046875, -50.6816749573, 57.6051521301, 2.39905905724, 53.5833625793, 132.283294678, 53.8911132812, 38.8398551941, 5.22582864761, 23.1631832123, 2.04483270645, 26.4591274261], [-131.88041687, 66.1476135254, 77.9055480957, 12.4673538208, 29.3104915619, 40.1340446472, 53.8911132812, 130.615112305, 47.2352218628, 11.2283124924, 38.5949897766, 17.3980064392, 7.739153862], [-153.802108765, 123.962112427, -76.8538360596, 87.010055542, -24.0888404846, 79.623374939, 38.8398551941, 47.2352218628, 131.810073853, 44.544708252, 38.2601661682, 15.1164207458, 38.6691093445], [-111.900093079, 5.33960771561, 153.725997925, -33.6701431274, 58.8782653809, 34.0634841919, 5.22582864761, 11.2283124924, 44.544708252, 117.216430664, 22.1488952637, 30.3245925903, 23.2736530304], [-119.702949524, 116.985580444, -52.7874755859, 61.4228363037, -6.13533782959, 34.1929969788, 23.1631832123, 38.5949897766, 38.2601661682, 22.1488952637, 94.9617233276, 35.2415313721, 18.7237071991], [-77.3672485352, 12.1907787323, 70.3254928589, -5.73779630661, 41.6353149414, 29.3658485413, 2.04483270645, 17.3980064392, 15.1164207458, 30.3245925903, 35.2415313721, 71.7014160156, 24.1367473602], [0.572805523872, 14.3290195465, -88.716506958, 3.79750084877, -31.2406139374, 57.5913963318, 26.4591274261, 7.739153862, 38.6691093445, 23.2736530304, 18.7237071991, 24.1367473602, 95.5905838013]], "icov": [[0.000330349546857, 0.000474493601359, 0.000146328471601, -0.000247539312113, 8.28473857837e-05, 6.33370291325e-05, 0.000222023489187, -0.000173228341737, 0.000211710954318, -0.000114831302199, -1.2740186321e-05, 0.000107274252514, -6.82565296302e-05], [0.000474493601359, 0.00179460318759, 0.000271754543064, -0.000645084131975, -0.000424865254899, 0.00145627220627, -0.00136250583455, 0.000309617375024, -0.000937614473514, 0.000192283652723, -0.00110511807725, 0.00021749487496, -0.000164150886121], [0.000146328471601, 0.000271754543064, 0.00173811009154, 0.000539129541721, -0.00139248464257, -0.00073687225813, 0.000528165663127, -0.00125741737429, 0.000985735445283, -0.00167539017275, 0.000956061121542, -0.000614005723037, 0.00147148303222], [-0.000247539312113, -0.000645084131975, 0.000539129541721, 0.00433515897021, -0.00236354302615, -0.00107590807602, -0.000537259911653, 0.00182661646977, -0.0031978439074, 0.00279312790371, -0.00249155564234, 0.00141050247476, 0.00104835967068], [8.28473857837e-05, -0.000424865254899, -0.00139248464257, -0.00236354302615, 0.00737566780299, -0.00141684128903, 0.000632808892988, -0.00188072014134, 0.00416818913072, -0.00349375745282, 0.00305513921194, -0.00333881750703, 0.00151507067494], [6.33370291325e-05, 0.00145627220627, -0.00073687225813, -0.00107590807602, -0.00141684128903, 0.0106323324144, -0.00371887395158, 0.0012973069679, -0.0057492996566, 0.00186286005192, -0.00208472716622, -0.000340397440596, -0.00443779397756], [0.000222023489187, -0.00136250583455, 0.000528165663127, -0.000537259911653, 0.000632808892988, -0.00371887395158, 0.0134039502591, -0.0054371310398, 0.0028084164951, -0.00139716023114, 0.00182590773329, 0.00167100981344, -0.00168366520666], [-0.000173228341737, 0.000309617375024, -0.00125741737429, 0.00182661646977, -0.00188072014134, 0.0012973069679, -0.0054371310398, 0.0139793111011, -0.0070967245847, 0.00506300199777, -0.00606811605394, 0.000684675644152, 0.000345837732311], [0.000211710954318, -0.000937614473514, 0.000985735445283, -0.0031978439074, 0.00416818913072, -0.0057492996566, 0.0028084164951, -0.0070967245847, 0.0198933146894, -0.00973029714078, 0.00318853906356, -0.000805281626526, -0.000295129400911], [-0.000114831302199, 0.000192283652723, -0.00167539017275, 0.00279312790371, -0.00349375745282, 0.00186286005192, -0.00139716023114, 0.00506300199777, -0.00973029714078, 0.0175216458738, -0.00530184386298, 0.000148440914927, -0.00331018143333], [-1.2740186321e-05, -0.00110511807725, 0.000956061121542, -0.00249155564234, 0.00305513921194, -0.00208472716622, 0.00182590773329, -0.00606811605394, 0.00318853906356, -0.00530184386298, 0.0200547408313, -0.00936580915004, 0.00183005421422], [0.000107274252514, 0.00021749487496, -0.000614005723037, 0.00141050247476, -0.00333881750703, -0.000340397440596, 0.00167100981344, 0.000684675644152, -0.000805281626526, 0.000148440914927, -0.00936580915004, 0.0232729855925, -0.00581551576033], [-6.82565296302e-05, -0.000164150886121, 0.00147148303222, 0.00104835967068, 0.00151507067494, -0.00443779397756, -0.00168366520666, 0.000345837732311, -0.000295129400911, -0.00331018143333, 0.00183005421422, -0.00581551576033, 0.0174524709582]]}, "spectral_contrast_coeffs": {"dmean": [0.0511255115271, 0.0473065786064, 0.037751365453, 0.0290163140744, 0.0254877973348, 0.0350919440389], "dmean2": [0.0818562731147, 0.0759085565805, 0.057359687984, 0.0474544093013, 0.0403608456254, 0.0538982190192], "dvar": [0.00236079236493, 0.00191749585792, 0.000934612704441, 0.000646360625979, 0.000488716817927, 0.00206041126512], "dvar2": [0.00514624686912, 0.00455438205972, 0.00214464240707, 0.001594394329, 0.00119323411491, 0.00444549694657], "max": [-0.354324579239, -0.51070612669, -0.548606991768, -0.637570619583, -0.631074786186, -0.530475199223], "mean": [-0.658026278019, -0.733568966389, -0.769875943661, -0.804669380188, -0.794658780098, -0.74894118309], "median": [-0.65681540966, -0.743938207626, -0.77533197403, -0.810392558575, -0.799194574356, -0.754945874214], "min": [-0.901576399803, -0.976810872555, -0.978142559528, -0.988475203514, -0.939281463623, -0.903803229332], "var": [0.00640600454062, 0.00584278674796, 0.00398038793355, 0.00193951930851, 0.00213810708374, 0.00544164795429]}, "spectral_contrast_valleys": {"dmean": [0.431378692389, 0.459621936083, 0.438341647387, 0.467925965786, 0.486060857773, 0.689111530781], "dmean2": [0.67456227541, 0.685775399208, 0.61522102356, 0.640731334686, 0.621102035046, 0.768661141396], "dvar": [0.218173533678, 0.259780079126, 0.215355411172, 0.258392751217, 0.29437366128, 0.5855422616], "dvar2": [0.396081238985, 0.472849488258, 0.35382053256, 0.378088533878, 0.446711331606, 0.887202858925], "max": [-5.33320140839, -5.03642845154, -5.81399154663, -