{"lowlevel": {"average_loudness": 0.891054332256, "barkbands_crest": {"dmean": 2.3998606205, "dmean2": 4.00330734253, "dvar": 4.89308023453, "dvar2": 13.2039146423, "max": 25.7345638275, "mean": 12.2649965286, "median": 11.519865036, "min": 4.58756017685, "var": 15.8069572449}, "barkbands_flatness_db": {"dmean": 0.0247589107603, "dmean2": 0.036902230233, "dvar": 0.000694781017955, "dvar2": 0.00133479223587, "max": 0.496365994215, "mean": 0.243217945099, "median": 0.23761691153, "min": 0.0577047392726, "var": 0.00549478735775}, "barkbands_kurtosis": {"dmean": 5.02904081345, "dmean2": 8.05542755127, "dvar": 40.391544342, "dvar2": 92.5933227539, "max": 372.49710083, "mean": 14.9734191895, "median": 11.6644906998, "min": -1.92936623096, "var": 308.973815918}, "barkbands_skewness": {"dmean": 0.547087669373, "dmean2": 0.863476336002, "dvar": 0.30311858654, "dvar2": 0.712848901749, "max": 16.3916931152, "mean": 2.56643295288, "median": 2.48500728607, "min": -6.76731348038, "var": 1.78848099709}, "barkbands_spread": {"dmean": 1.70798933506, "dmean2": 2.7431666851, "dvar": 10.0676116943, "dvar2": 21.9850120544, "max": 148.014221191, "mean": 6.01598548889, "median": 4.86095952988, "min": 0.34407839179, "var": 31.9683990479}, "dissonance": {"dmean": 0.0247591994703, "dmean2": 0.0413352884352, "dvar": 0.000504946860019, "dvar2": 0.00133522925898, "max": 0.500000178814, "mean": 0.437753170729, "median": 0.446037918329, "min": 0.26376709342, "var": 0.00151209288742}, "dynamic_complexity": 3.26693224907, "erbbands_crest": {"dmean": 2.11061096191, "dmean2": 3.38943338394, "dvar": 4.32185649872, "dvar2": 10.645532608, "max": 29.2046356201, "mean": 10.4634981155, "median": 9.70818805695, "min": 2.6407058239, "var": 16.0255794525}, "erbbands_flatness_db": {"dmean": 0.0194447170943, "dmean2": 0.0270807482302, "dvar": 0.000452378764749, "dvar2": 0.000819673528895, "max": 0.477621912956, "mean": 0.198847681284, "median": 0.190799042583, "min": 0.0247388221323, "var": 0.0040719313547}, "erbbands_kurtosis": {"dmean": 1.53997087479, "dmean2": 2.37596464157, "dvar": 5.17311811447, "dvar2": 11.8182258606, "max": 76.5057907104, "mean": 3.36114048958, "median": 2.27914047241, "min": -1.67444229126, "var": 19.1222286224}, "erbbands_skewness": {"dmean": 0.322963535786, "dmean2": 0.501872956753, "dvar": 0.112617142498, "dvar2": 0.259650290012, "max": 6.61251735687, "mean": 1.44230020046, "median": 1.36551403999, "min": -2.8308069706, "var": 0.551498651505}, "erbbands_spread": {"dmean": 5.60735464096, "dmean2": 8.58239746094, "dvar": 49.4554824829, "dvar2": 109.875732422, "max": 162.200897217, "mean": 26.5400390625, "median": 23.8240833282, "min": 0.865170776844, "var": 212.865219116}, "hfc": {"dmean": 3.34669041634, "dmean2": 5.22067499161, "dvar": 30.8717899323, "dvar2": 75.3978042603, "max": 77.2173995972, "mean": 9.83223247528, "median": 7.90774488449, "min": 1.14914829137e-16, "var": 64.7342071533}, "melbands_crest": {"dmean": 2.88533973694, "dmean2": 4.88609838486, "dvar": 7.16281890869, "dvar2": 20.1014156342, "max": 31.5357837677, "mean": 15.5241699219, "median": 14.8091402054, "min": 1.76138687134, "var": 21.4155197144}, "melbands_flatness_db": {"dmean": 0.0268056690693, "dmean2": 0.0407099165022, "dvar": 0.000895814446267, "dvar2": 0.00174207682721, "max": 0.65318852663, "mean": 0.341010957956, "median": 0.334333717823, "min": 0.00499521987513, "var": 0.00755567708984}, "melbands_kurtosis": {"dmean": 7.74083805084, "dmean2": 12.293800354, "dvar": 111.432861328, "dvar2": 248.022171021, "max": 610.368286133, "mean": 22.3876266479, "median": 17.7572956085, "min": -1.38346803188, "var": 565.112304688}, "melbands_skewness": {"dmean": 0.62018352747, "dmean2": 0.986841619015, "dvar": 0.410029351711, "dvar2": 0.968545377254, "max": 18.6026668549, "mean": 3.00392460823, "median": 2.86781549454, "min": -3.17716622353, "var": 1.91209566593}, "melbands_spread": {"dmean": 1.52139890194, "dmean2": 2.46714758873, "dvar": 9.75815010071, "dvar2": 21.1164321899, "max": 159.410491943, "mean": 5.89315986633, "median": 4.71025562286, "min": 0.458243340254, "var": 59.2400627136}, "pitch_salience": {"dmean": 0.0709329769015, "dmean2": 0.118952929974, "dvar": 0.00422119302675, "dvar2": 0.011415979825, "max": 0.872580230236, "mean": 0.55512034893, "median": 0.567399442196, "min": 0.0839541181922, "var": 0.015099405311}, "silence_rate_20dB": {"dmean": 0, "dmean2": 0, "dvar": 0, "dvar2": 0, "max": 1, "mean": 1, "median": 1, "min": 1, "var": 0}, "silence_rate_30dB": {"dmean": 0.0195540301502, "dmean2": 0.0391147695482, "dvar": 0.0191710963845, "dvar2": 0.0471909940243, "max": 1, "mean": 0.982678771019, "median": 1, "min": 0, "var": 0.0170209892094}, "silence_rate_60dB": {"dmean": 0.00377358496189, "dmean2": 0.00754846446216, "dvar": 0.00375869683921, "dvar2": 0.00886416900903, "max": 1, "mean": 0.0456182472408, "median": 0, "min": 0, "var": 0.0435388796031}, "spectral_centroid": {"dmean": 84.3284301758, "dmean2": 135.584121704, "dvar": 24034.453125, "dvar2": 39676.2578125, "max": 10798.0273438, "mean": 466.262634277, "median": 390.417663574, "min": 127.560752869, "var": 112041.304688}, "spectral_complexity": {"dmean": 2.22092628479, "dmean2": 3.48944926262, "dvar": 9.41805744171, "dvar2": 20.5575237274, "max": 39, "mean": 10.094666481, "median": 9, "min": 0, "var": 27.3185424805}, "spectral_decrease": {"dmean": 3.3310056935e-09, "dmean2": 5.52095791306e-09, "dvar": 2.05247233514e-17, "dvar2": 5.43833731841e-17, "max": 1.11997859425e-16, "mean": -9.77845537875e-09, "median": -8.61580939926e-09, "min": -5.89580757548e-08, "var": 5.06071878087e-17}, "spectral_energy": {"dmean": 0.0128409713507, "dmean2": 0.0212510973215, "dvar": 0.000306050933432, "dvar2": 0.000808927463368, "max": 0.226561188698, "mean": 0.0377978757024, "median": 0.0333000086248, "min": 1.06144559373e-20, "var": 0.000754181470256}, "spectral_energyband_high": {"dmean": 8.00098787295e-05, "dmean2": 0.000124940226669, "dvar": 4.44529923982e-08, "dvar2": 1.14495534831e-07, "max": 0.00316399917938, "mean": 0.000122582787299, "median": 4.02877340093e-05, "min": 7.56183393616e-21, "var": 5.0332008783e-08}, "spectral_energyband_low": {"dmean": 0.00746950134635, "dmean2": 0.0128791546449, "dvar": 0.000125506237964, "dvar2": 0.000352710689185, "max": 0.147658511996, "mean": 0.0176075920463, "median": 0.0131187746301, "min": 5.21309357548e-23, "var": 0.000278537132544}, "spectral_energyband_middle_high": {"dmean": 0.000413029105403, "dmean2": 0.000625583983492, "dvar": 8.04218075245e-07, "dvar2": 1.92498669094e-06, "max": 0.017850600183, "mean": 0.000914817850571, "median": 0.00052021862939, "min": 1.60969215936e-21, "var": 1.47936441408e-06}, "spectral_energyband_middle_low": {"dmean": 0.00897266622633, "dmean2": 0.0147504843771, "dvar": 0.000164108831086, "dvar2": 0.000431930384366, "max": 0.173642978072, "mean": 0.0223068706691, "median": 0.0174836385995, "min": 3.12019378154e-22, "var": 0.000352163158823}, "spectral_entropy": {"dmean": 0.220436543226, "dmean2": 0.332253843546, "dvar": 0.0621728561819, "dvar2": 0.119383603334, "max": 9.78848171234, "mean": 6.67252731323, "median": 6.71076393127, "min": 4.55398654938, "var": 0.4248945117}, "spectral_flux": {"dmean": 0.0277576576918, "dmean2": 0.0430167168379, "dvar": 0.00111717707478, "dvar2": 0.00233246618882, "max": 0.420239597559, "mean": 0.0761823132634, "median": 0.0638160854578, "min": 1.03026483178e-10, "var": 0.00262599997222}, "spectral_kurtosis": {"dmean": 5.71458768845, "dmean2": 9.69886207581, "dvar": 65.0243225098, "dvar2": 170.7550354, "max": 137.21321106, "mean": 13.9799013138, "median": 8.64838314056, "min": -1.17602956295, "var": 211.807189941}, "spectral_rms": {"dmean": 0.000949825684074, "dmean2": 0.00154174026102, "dvar": 1.2202868902e-06, "dvar2": 3.1094402857e-06, "max": 0.0148672563955, "mean": 0.00561942439526, "median": 0.00569980824366, "min": 3.21800659037e-12, "var": 5.29805811311e-06}, "spectral_rolloff": {"dmean": 75.9079284668, "dmean2": 130.422698975, "dvar": 95927.0625, "dvar2": 156319.59375, "max": 19767.4804688, "mean": 460.256256104, "median": 322.998046875, "min": 86.1328125, "var": 1730552.25}, "spectral_skewness": {"dmean": 0.489083200693, "dmean2": 0.816456437111, "dvar": 0.32715472579, "dvar2": 0.848124325275, "max": 9.886302948, "mean": 2.63224577904, "median": 2.32616853714, "min": -0.0594712756574, "var": 1.35018360615}, "spectral_spread": {"dmean": 525242.6875, "dmean2": 786262.9375, "dvar": 565905063936, "dvar2": 1006252457980.0, "max": 40154508, "mean": 3465040, "median": 3230132.75, "min": 665961.875, "var": 2748032483330.0}, "spectral_strongpeak": {"dmean": 0.234862238169, "dmean2": 0.398369073868, "dvar": 0.104646347463, "dvar2": 0.263404875994, "max": 4.49389600754, "mean": 0.639357447624, "median": 0.519925534725, "min": 3.9102849847e-09, "var": 0.232350066304}, "zerocrossingrate": {"dmean": 0.00419436115772, "dmean2": 0.00523455254734, "dvar": 4.3621777877e-05, "dvar2": 3.68858018192e-05, "max": 0.76171875, "mean": 0.0234936885536, "median": 0.01806640625, "min": 0.00341796875, "var": 0.00200994382612}, "barkbands": {"dmean": [9.58897944656e-05, 0.00405008019879, 0.00269047939219, 0.00457913428545, 0.00442065671086, 0.00165357359219, 0.00103839847725, 0.00034526293166, 0.000400699180318, 0.000128677682369, 4.97571745655e-05, 0.000104739534436, 5.11467187607e-05, 4.96412576467e-05, 4.03096419177e-05, 3.58384386345e-05, 5.55841033929e-05, 4.09177264373e-05, 3.03129472741e-05, 3.07481896016e-05, 2.46990894084e-05, 1.22879255287e-05, 8.80432980921e-06, 6.48453624308e-06, 1.09441243694e-05, 8.6225427367e-06, 3.06565630126e-06], "dmean2": [0.000166582205566, 0.00705892173573, 0.00462012924254, 0.00802161730826, 0.00718700932339, 0.00262394524179, 0.00172035815194, 0.000538758002222, 0.000573424331378, 0.000199708752916, 8.05792806204e-05, 0.000161998934345, 8.2118807768e-05, 8.12202342786e-05, 6.6791959398e-05, 5.88001166761e-05, 9.53508788371e-05, 6.77511634422e-05, 4.9767379096e-05, 5.26947296748e-05, 4.28619532613e-05, 1.99531859835e-05, 1.39255207614e-05, 9.71820281848e-06, 1.66626541613e-05, 1.34660958793e-05, 5.00665100844e-06], "dvar": [2.58713335199e-08, 5.20395005879e-05, 2.3072334443e-05, 5.05059942952e-05, 4.84891752421e-05, 1.05096632979e-05, 6.30568501947e-06, 5.60275509542e-07, 7.8942662185e-07, 7.38838394909e-08, 1.07806057414e-08, 7.49615978179e-08, 1.38948514916e-08, 2.25118554908e-08, 1.75479542008e-08, 7.97010279996e-09, 1.00098219491e-07, 7.25039805971e-09, 5.37675370893e-09, 8.22713452919e-09, 6.43068087669e-09, 1.02637187638e-09, 5.19001341903e-10, 2.37710628959e-10, 1.018708784e-09, 7.81762321544e-10, 1.17276785505e-10], "dvar2": [6.97305040376e-08, 0.000152210646775, 6.11517025391e-05, 0.000146303631482, 0.000126125611132, 2.69917964033e-05, 1.6131243683e-05, 1.35665072776e-06, 1.55558143433e-06, 1.66881449104e-07, 2.66477542255e-08, 1.5893843397e-07, 3.37878063306e-08, 5.97504268285e-08, 4.7266702552e-08, 2.1666084038e-08, 2.80685441112e-07, 1.92558360368e-08, 1.38099309765e-08, 2.29122036899e-08, 1.82812502914e-08, 2.68457833741e-09, 1.30545896315e-09, 5.32555111121e-10, 2.38818587128e-09, 1.89022064667e-09, 2.98143593147e-10], "max": [0.00175301346462, 0.0926818028092, 0.0876737385988, 0.0784712731838, 0.150181472301, 0.0802790150046, 0.0327551886439, 0.0177988056093, 0.028048183769, 0.00650718109682, 0.00212529138662, 0.00614203093573, 0.00218206527643, 0.0044630584307, 0.00454753311351, 0.00273101660423, 0.0130599141121, 0.00138947286177, 0.00154687324539, 0.00148726406042, 0.00115606805775, 0.000526642659679, 0.000419338757638, 0.00029108315357, 0.000416604307247, 0.000472311163321, 0.00017111816851], "mean": [0.000112102883577, 0.0093833738938, 0.0049743084237, 0.00629283627495, 0.00896512251347, 0.00374455703422, 0.00145971181337, 0.000677703006659, 0.00111752701923, 0.000210925529245, 8.48139970913e-05, 0.000176684057806, 7.51590341679e-05, 7.22106560715e-05, 5.61468150408e-05, 5.59125255677e-05, 7.21751202946e-05, 6.95334383636e-05, 5.11939288117e-05, 4.26110818808e-05, 3.26788867824e-05, 2.07963239518e-05, 1.50234000103e-05, 1.04661103251e-05, 1.28860619952e-05, 9.00012400962e-06, 2.52172981163e-06], "median": [3.57932221959e-05, 0.00580340158194, 0.00208571786061, 0.00315825873986, 0.00554021215066, 0.00190757273231, 0.000528482021764, 0.000212988408748, 0.000440485047875, 9.80892000371e-05, 3.45201078744e-05, 6.15201424807e-05, 3.04964814859e-05, 2.99153653032e-05, 2.21057307499e-05, 2.6153809813e-05, 2.60892957158e-05, 2.66958759312e-05, 1.77111269295e-05, 1.46779566421e-05, 1.04801456473e-05, 6.88585350872e-06, 3.0687351682e-06, 2.16467947212e-06, 1.44557975545e-06, 4.9347283948e-07, 4.442330237e-08], "min": [8.7059598268e-23, 9.51044317561e-24, 1.33266106583e-23, 3.23256857944e-24, 4.9165891602e-23, 6.06436820889e-23, 5.88003161018e-23, 7.28164495669e-23, 5.85653239044e-23, 1.05181235252e-22, 1.06526287272e-22, 9.99647252778e-23, 3.94088023869e-23, 5.90987011614e-23, 1.0859471843e-22, 9.28653116078e-23, 2.75737001929e-22, 2.98027131397e-22, 2.59836746767e-22, 3.54646190298e-22, 3.82200205571e-22, 6.12469991226e-22, 6.4541923449e-22, 8.27158953588e-22, 1.31721252504e-21, 1.59047363969e-21, 2.31056364543e-21], "var": [3.40779600094e-08, 0.000106489918835, 5.33997699677e-05, 7.26032885723e-05, 0.000110532717372, 2.71816479653e-05, 7.741617992e-06, 1.45479873481e-06, 3.73190459868e-06, 1.47421701513e-07, 2.30696528547e-08, 1.59565132662e-07, 1.91639841773e-08, 2.22667857486e-08, 1.7395263896e-08, 8.72137473351e-09, 7.42544798982e-08, 1.27902115565e-08, 9.18759912594e-09, 7.29013782674e-09, 5.00431696082e-09, 1.31607880149e-09, 7.58400842127e-10, 3.84434095668e-10, 1.11718823081e-09, 7.53760720507e-10, 9.27349030899e-11]}, "erbbands": {"dmean": [0.0915720388293, 1.02349388599, 2.89917159081, 9.79324913025, 13.6179141998, 16.1375198364, 12.108089447, 15.2085762024, 17.0307064056, 10.3110656738, 5.89200735092, 8.30465507507, 7.07691812515, 2.44510126114, 2.66333842278, 3.43329668045, 2.56798100471, 2.2302775383, 2.19089269638, 1.98917233944, 2.3234641552, 2.96144008636, 2.18288516998, 1.78713965416, 1.46586418152, 1.40628361702, 1.09670329094, 0.879786133766, 0.450099915266, 0.314213603735, 0.249376788735, 0.141546562314, 0.113996461034, 0.0989055633545, 0.0942007601261, 0.042390473187, 0.0144941499457, 0.00387504277751, 0.000528908974957, 3.79093580705e-05], "dmean2": [0.160031303763, 1.7772269249, 4.97236156464, 17.1316738129, 23.0629234314, 26.0286445618, 18.8605537415, 24.597492218, 28.5124950409, 16.8304252625, 8.82171154022, 12.1796684265, 10.1923923492, 3.72399377823, 4.1043009758, 5.42509841919, 4.09996414185, 3.64581346512, 3.58931946754, 3.2718334198, 3.86366200447, 5.02921724319, 3.60024929047, 2.93278217316, 2.43383479118, 2.39751195908, 1.91128373146, 1.51712608337, 0.735295772552, 0.506523609161, 0.394628971815, 0.2133179456, 0.171530634165, 0.149579659104, 0.144427806139, 0.0654715895653, 0.0230290200561, 0.00620805751532, 0.000862442655489, 6.13841693848e-05], "dvar": [0.0312557518482, 3.3674287796, 29.0160331726, 234.2368927, 501.36038208, 727.483337402, 374.317077637, 1046.68237305, 1966.41650391, 624.920715332, 151.793060303, 418.23147583, 230.315933228, 21.9098701477, 42.3832588196, 68.420211792, 31.8902435303, 46.8568992615, 36.1682929993, 28.3996696472, 102.117202759, 214.818328857, 23.25664711, 14.8890066147, 13.9902038574, 16.5583667755, 13.1535644531, 7.872838974, 1.48765432835, 0.683692157269, 0.428224235773, 0.114449210465, 0.0797986611724, 0.0743265524507, 0.0828983485699, 0.0175475478172, 0.00252296333201, 0.000186174947885, 3.32947365678e-06, 1.13300551163e-08], "dvar2": [0.0967388898134, 9.67631721497, 76.5919036865, 686.724975586, 1427.52001953, 1954.49865723, 842.252868652, 2771.04882812, 5168.41796875, 1489.12524414, 348.514556885, 852.728149414, 446.504516602, 50.0934066772, 95.2191543579, 158.156539917, 76.0908203125, 126.28263855, 93.3934936523, 76.3395690918, 285.433685303, 600.256347656, 61.1407546997, 38.0502281189, 36.3738136292, 46.1395874023, 37.502281189, 22.2184123993, 3.93067216873, 1.76325309277, 1.07824862003, 0.265301018953, 0.18150010705, 0.173731699586, 0.197590500116, 0.0421891063452, 0.00626534363255, 0.00047094078036, 8.44117130328e-06, 2.84760535152e-08], "max": [2.11797428131, 23.280626297, 105.897476196, 188.495559692, 352.997192383, 528.76751709, 510.569122314, 769.069885254, 647.835266113, 867.959228516, 345.94229126, 787.840393066, 552.397460938, 93.8558120728, 189.93838501, 164.51890564, 94.4465942383, 196.267242432, 176.383453369, 193.120910645, 343.37600708, 651.636413574, 81.9185943604, 70.470451355, 79.3779830933, 72.6118011475, 55.6723213196, 47.3653564453, 19.9344444275, 11.3110685349, 13.8841667175, 6.31708335876, 4.66477251053, 3.8823633194, 3.94774079323, 1.87083113194, 1.0926078558, 0.265269070864, 0.0300181824714, 0.00221490021795], "mean": [0.1752294451, 2.42993283272, 6.2424030304, 14.0372600555, 23.6118431091, 31.6596736908, 30.4569282532, 32.8315162659, 22.054145813, 19.0477294922, 13.7240018845, 21.5201911926, 18.4754486084, 4.63498592377, 4.99890518188, 5.86154603958, 4.05728912354, 3.33546996117, 3.19371032715, 3.09812760353, 3.44017124176, 4.08539295197, 3.6738307476, 3.29024386406, 2.39268541336, 1.96195662022, 1.40212631226, 1.26099157333, 0.740959525108, 0.513494670391, 0.429332703352, 0.239574611187, 0.170772746205, 0.124201998115, 0.105612203479, 0.0474232546985, 0.0140603641048, 0.00343228876591, 0.000450311286841, 6.28497145954e-05], "median": [0.0732136592269, 1.48981750011, 3.02482700348, 8.11213779449, 14.1689882278, 18.160446167, 18.13372612, 16.3891792297, 7.65216207504, 8.69049930573, 5.32760715485, 9.03477573395, 7.26820468903, 2.65508532524, 2.19667172432, 2.35113477707, 1.75348877907, 1.4583158493, 1.25410795212, 1.37882828712, 1.58114266396, 1.6053609848, 1.4796860218, 1.24142158031, 0.851924359798, 0.686110198498, 0.446308374405, 0.419848680496, 0.245986789465, 0.146055802703, 0.0820485427976, 0.0479008406401, 0.0338994003832, 0.0184818021953, 0.00908332783729, 0.0033277454786, 0.00064547592774, 9.76559313131e-05, 2.9746310247e-05, 4.11590735894e-05], "min": [4.02669593584e-22, 2.61501801159e-21, 1.62611850018e-20, 1.39173719673e-20, 9.53266331608e-20, 1.70552260449e-19, 1.31873165759e-19, 6.41319849755e-19, 8.69008240998e-19, 1.37074611867e-18, 1.07182486218e-18, 1.3018994627e-18, 2.73202598242e-18, 3.99233511411e-18, 3.79643641118e-18, 3.90567843237e-18, 2.35399348234e-18, 2.38025522601e-18, 3.89428360584e-18, 6.55809138275e-18, 7.32007196506e-18, 1.45256455897e-17, 1.45691420551e-17, 1.57122444502e-17, 1.31070606177e-17, 1.56612107152e-17, 1.97145694246e-17, 1.39060161734e-17, 1.87132259341e-17, 2.03817418738e-17, 2.12899779146e-17, 1.63778833066e-17, 1.47304389658e-17, 1.15277875399e-17, 1.13455108473e-17, 6.26530336031e-18, 2.75045018979e-18, 1.50441860906e-18, 2.61883908519e-19, 3.16302395572e-20], "var": [0.0535505637527, 6.96185874939, 71.8908920288, 310.695220947, 853.308349609, 1540.46557617, 1564.39892578, 2182.078125, 2021.37939453, 1303.82873535, 484.173217773, 1610.14941406, 1097.39331055, 42.1728210449, 85.8374633789, 126.837097168, 48.8372268677, 43.4687080383, 40.5862045288, 32.6236419678, 83.1696243286, 166.648239136, 36.0427360535, 30.1925315857, 20.4564094543, 14.4688634872, 9.81435489655, 6.62864780426, 1.77330672741, 0.872662007809, 0.629939258099, 0.19210588932, 0.115684784949, 0.0867372080684, 0.0860128104687, 0.0179947204888, 0.00222748401575, 0.000153404733283, 2.66629854195e-06, 1.03788693195e-08]}, "gfcc": {"mean": [-73.2430725098, 153.099899292, -82.5199203491, 32.6599845886, -48.6966362, -7.20641899109, -29.5996208191, 0.864738821983, -20.8489208221, -7.16031217575, -13.8417778015, -6.29924106598, -4.89162969589], "cov": [[15771.9707031, -1576.3458252, -558.403198242, 591.841491699, -951.49029541, 659.337036133, -866.909179688, 146.684494019, -602.413818359, 381.854431152, -348.12387085, 391.637084961, -392.491455078], [-1576.3458252, 1991.30322266, -271.594451904, -27.7249927521, 294.464355469, -420.1512146, 255.865142822, -227.480575562, 204.476623535, -236.877212524, 208.22555542, -216.864685059, 228.408355713], [-558.403198242, -271.594451904, 841.489379883, -46.4990768433, 137.510620117, 187.755447388, -2.41073036194, 124.168510437, 15.6879959106, 100.413108826, -44.3110351562, 58.233215332, -59.7052726746], [591.841491699, -27.7249927521, -46.4990768433, 271.347747803, -8.79717826843, 56.2074508667, -14.9107923508, -27.5996646881, 15.4294862747, 4.99048137665, 21.7733726501, 5.81720972061, -1.07300460339], [-951.49029541, 294.464355469, 137.510620117, -8.79717826843, 273.061462402, -36.6804542542, 107.287658691, -1.43193006516, 55.7424812317, -17.5658435822, 53.4533348083, -28.0743942261, 30.4124660492], [659.337036133, -420.1512146, 187.755447388, 56.2074508667, -36.6804542542, 262.823913574, -30.6412677765, 85.7190475464, -26.7406616211, 72.1261672974, -53.4654197693, 60.1092796326, -56.8628005981], [-866.909179688, 255.865142822, -2.41073036194, -14.9107923508, 107.287658691, -30.6412677765, 164.007873535, 13.734664917, 61.7384872437, -36.1660118103, 42.7741889954, -36.99974823, 37.6647033691], [146.684494019, -227.480575562, 124.168510437, -27.5996646881, -1.43193006516, 85.7190475464, 13.734664917, 146.136535645, 7.56687545776, 47.3987998962, -39.4091377258, 35.3490715027, -33.2278404236], [-602.413818359, 204.476623535, 15.6879959106, 15.4294862747, 55.7424812317, -26.7406616211, 61.7384872437, 7.56687545776, 120.827110291, -3.48231244087, 29.0745334625, -33.0030670166, 23.377204895], [381.854431152, -236.877212524, 100.413108826, 4.99048137665, -17.5658435822, 72.1261672974, -36.1660118103, 47.3987998962, -3.48231244087, 104.321739197, 0.768377065659, 41.8748054504, -47.4766464233], [-348.12387085, 208.22555542, -44.3110351562, 21.7733726501, 53.4533348083, -53.4654197693, 42.7741889954, -39.4091377258, 29.0745334625, 0.768377065659, 98.8797683716, 0.824225187302, 28.0883331299], [391.637084961, -216.864685059, 58.233215332, 5.81720972061, -28.0743942261, 60.1092796326, -36.99974823, 35.3490715027, -33.0030670166, 41.8748054504, 0.824225187302, 91.3611297607, -7.52981090546], [-392.491455078, 228.408355713, -59.7052726746, -1.07300460339, 30.4124660492, -56.8628005981, 37.6647033691, -33.2278404236, 23.377204895, -47.4766464233, 28.0883331299, -7.52981090546, 94.7810897827]], "icov": [[0.000208757817745, -0.000415085116401, 0.000264775444521, -0.000444301171228, 0.000271328666713, -0.000363215309335, 0.000549686083104, -0.000305214518448, 0.000811168458313, -0.000783160328865, 0.000745753699448, -0.000668691005558, 0.000529630517121], [-0.000415085116401, 0.00252041546628, -0.000650143716484, 0.00103977706749, -0.00106440461241, 0.00152720219921, -0.00124088197481, 0.00113799236715, -0.00269223726355, 0.00310415169224, -0.00343456678092, 0.0032614916563, -0.00254479702562], [0.000264775444521, -0.000650143716484, 0.00227765389718, -8.73795797816e-05, -0.00109215744305, -0.00156405300368, 0.00125358754303, -0.000802228576504, 0.000634605472442, -0.00190499366727, 0.00178739719559, -0.00144639878999, 0.000974317255896], [-0.000444301171228, 0.00103977706749, -8.73795797816e-05, 0.00553296552971, -0.000837549159769, -0.00134954799432, -0.000105650557089, 0.00177454634104, -0.00310991727747, 0.0025445134379, -0.00335632939823, 0.00163140660152, -0.00104891997762], [0.000271328666713, -0.00106440461241, -0.00109215744305, -0.000837549159769, 0.00681412080303, 4.95333260915e-05, -0.00234606908634, -0.000376682670321, 0.00124450633302, -0.0011718767928, -0.000489567639306, -0.000623246189207, 0.000836297986098], [-0.000363215309335, 0.00152720219921, -0.00156405300368, -0.00134954799432, 4.95333260915e-05, 0.00872189272195, -0.00295382644981, -0.000370485300664, -0.00105404702481, -0.000400626362534, 0.00133061653469, -0.000746510049794, -0.00031864119228], [0.000549686083104, -0.00124088197481, 0.00125358754303, -0.000105650557089, -0.00234606908634, -0.00295382644981, 0.0143645144999, -0.00527847139165, -0.00048988906201, 0.00219781068154, -0.00335528608412, 0.00182064657565, -0.000162297365023], [-0.000305214518448, 0.00113799236715, -0.000802228576504, 0.00177454634104, -0.000376682670321, -0.000370485300664, -0.00527847139165, 0.01364994701, -0.00380957708694, -0.00197647768073, 0.00448594475165, -0.00334069109522, 0.000644731568173], [0.000811168458313, -0.00269223726355, 0.000634605472442, -0.00310991727747, 0.00124450633302, -0.00105404702481, -0.00048988906201, -0.00380957708694, 0.0166035648435, -0.00721151102334, 0.00215915567242, 0.00154561537784, -0.000185593453352], [-0.000783160328865, 0.00310415169224, -0.00190499366727, 0.0025445134379, -0.0011718767928, -0.000400626362534, 0.00219781068154, -0.00197647768073, -0.00721151102334, 0.0247752293944, -0.0112921521068, -0.000176941044629, 0.00419571390375], [0.000745753699448, -0.00343456678092, 0.00178739719559, -0.00335632939823, -0.000489567639306, 0.00133061653469, -0.00335528608412, 0.00448594475165, 0.00215915567242, -0.0112921521068, 0.0247168913484, -0.010500729084, 0.00196636002511], [-0.000668691005558, 0.0032614916563, -0.00144639878999, 0.00163140660152, -0.000623246189207, -0.000746510049794, 0.00182064657565, -0.00334069109522, 0.00154561537784, -0.000176941044629, -0.010500729084, 0.0246888753027, -0.00906055234373], [0.000529630517121, -0.00254479702562, 0.000974317255896, -0.00104891997762, 0.000836297986098, -0.00031864119228, -0.000162297365023, 0.000644731568173, -0.000185593453352, 0.00419571390375, 0.00196636002511, -0.00906055234373, 0.0201542209834]]}, "melbands": {"dmean": [0.000977473566309, 0.00140751618892, 0.0017255715793, 0.00103856250644, 0.000496850349009, 0.000341495033354, 0.000239296758082, 0.000104347804154, 4.517238267e-05, 5.49340220459e-05, 3.60090780305e-05, 1.12444204206e-05, 8.05837862572e-06, 1.22878118418e-05, 7.97136635811e-06, 4.86473572892e-06, 4.20733567807e-06, 3.80545316148e-06, 3.23142126035e-06, 2.31573972087e-06, 3.05553294311e-06, 3.57592057298e-06, 1.90287903479e-06, 2.28432600125e-06, 1.46919217059e-06, 1.14909300919e-06, 1.151829224e-06, 9.23977324874e-07, 7.06444666321e-07, 6.57304894958e-07, 4.78359368117e-07, 2.88634538492e-07, 1.88008428381e-07, 1.76715360567e-07, 1.56510438387e-07, 1.16278272344e-07, 8.08992837165e-08, 8.27374151413e-08, 7.837162741e-08, 8.70313527912e-08], "dmean2": [0.00170766189694, 0.00241641514003, 0.00300136185251, 0.00169461744372, 0.000778458779678, 0.00054805201944, 0.000401710218284, 0.000167567588505, 6.66275809635e-05, 8.01169589977e-05, 5.19540080859e-05, 1.70926705323e-05, 1.26195900521e-05, 1.90629070858e-05, 1.29197287606e-05, 7.91563434177e-06, 6.95761400493e-06, 6.27956615062e-06, 5.37246751264e-06, 3.79598623113e-06, 5.13750046593e-06, 6.13800784777e-06, 3.15831948683e-06, 3.82932375942e-06, 2.42343639911e-06, 1.89190961919e-06, 1.94639687834e-06, 1.59180876835e-06, 1.23973052268e-06, 1.14673423468e-06, 8.26533039344e-07, 4.76267217664e-07, 3.05431058223e-07, 2.89154229449e-07, 2.52076119978e-07, 1.82052417586e-07, 1.24136306567e-07, 1.26333915773e-07, 1.20380818203e-07, 1.3379313657e-07], "dvar": [3.18220486406e-06, 6.50398305879e-06, 6.8925942287e-06, 2.9132072541e-06, 5.84795202485e-07, 5.1465855222e-07, 3.78599594342e-07, 5.83629002904e-08, 8.37596925152e-09, 1.59679771627e-08, 5.87436588262e-09, 5.02001440417e-10, 3.01433461525e-10, 1.3463855586e-09, 3.32147143123e-10, 1.43886000337e-10, 1.67171498866e-10, 1.24455432071e-10, 1.44495845844e-10, 2.03469255333e-11, 2.66759947465e-10, 4.35270208765e-10, 2.0872907569e-11, 2.3161044263e-11, 1.05358196126e-11, 8.51366720178e-12, 9.59271464346e-12, 8.02883540901e-12, 5.83100191395e-12, 4.67331121717e-12, 2.28464252724e-12, 6.06230289493e-13, 2.33634102733e-13, 2.18494506884e-13, 1.76934015399e-13, 7.94005364387e-14, 3.71922239913e-14, 4.16160466819e-14, 4.37181486759e-14, 6.17463301626e-14], "dvar2": [9.56718304224e-06, 1.76243611349e-05, 1.99273799808e-05, 7.5693474173e-06, 1.40827876294e-06, 1.36050334731e-06, 9.97785946311e-07, 1.39360651019e-07, 1.84327504371e-08, 3.30255254255e-08, 1.13829576875e-08, 1.10008380183e-09, 7.09084901906e-10, 2.84312529075e-09, 7.48171635756e-10, 3.71919828268e-10, 4.54713211528e-10, 3.24182347633e-10, 3.92321120035e-10, 5.20894369305e-11, 7.50510598113e-10, 1.23346721725e-09, 5.48002407341e-11, 6.32408708734e-11, 2.69551655302e-11, 2.19300671372e-11, 2.57274184595e-11, 2.26457151642e-11, 1.66804695056e-11, 1.33538726951e-11, 6.41645070409e-12, 1.62231404525e-12, 5.96647677011e-13, 5.71137592515e-13, 4.56194110265e-13, 1.89826846191e-13, 8.6988277909e-14, 9.59824057799e-14, 1.02981547443e-13, 1.47356681978e-13], "max": [0.0231733955443, 0.044569298625, 0.0310299601406, 0.032700881362, 0.0180556941777, 0.016574094072, 0.0088852988556, 0.00824545696378, 0.00234584952705, 0.00431124353781, 0.00274192681536, 0.000512782600708, 0.000432234577602, 0.000839771179017, 0.000644504209049, 0.000298415601719, 0.000365205603885, 0.000404360354878, 0.000442978052888, 9.08438523766e-05, 0.000558259431273, 0.000913707946893, 9.29587549763e-05, 8.92451862455e-05, 6.17982077529e-05, 6.65246334393e-05, 6.34323150734e-05, 5.33950951649e-05, 4.36952286691e-05, 3.29306203639e-05, 2.57937663264e-05, 1.3164885786e-05, 8.39499898575e-06, 6.86940347805e-06, 1.03411730379e-05, 3.99197006118e-06, 3.66523431694e-06, 3.92953461414e-06, 3.50173309016e-06, 3.53935797648e-06], "mean": [0.00215818732977, 0.00334150600247, 0.00271924398839, 0.00204658904113, 0.0012031319784, 0.000734811241273, 0.000309991330141, 0.000201025846764, 0.000107365049189, 0.000146391001181, 9.16541976039e-05, 1.92668794625e-05, 1.50956902871e-05, 1.98803318199e-05, 1.22570154417e-05, 7.14513680578e-06, 5.97640973865e-06, 5.31838895768e-06, 4.39692394139e-06, 3.64939546671e-06, 4.10140364693e-06, 4.52514723293e-06, 2.94430105896e-06, 3.73018860955e-06, 2.55463282883e-06, 1.86126305834e-06, 1.61349214522e-06, 1.21693176425e-06, 8.58510986745e-07, 8.32347609503e-07, 6.9776416467e-07, 4.57451733382e-07, 3.00113953244e-07, 2.73640495152e-07, 2.59855255536e-07, 1.90897168295e-07, 1.31233875322e-07, 1.25029743003e-07, 1.00580102469e-07, 1.05084275503e-07], "median": [0.00122210150585, 0.00209048995748, 0.00168513751123, 0.00128275307361, 0.000751665618736, 0.000371503963834, 0.000108584259578, 8.55117032188e-05, 4.22638986493e-05, 5.82388420298e-05, 3.48173489328e-05, 9.1580541266e-06, 6.53114693705e-06, 6.05687364441e-06, 4.89646708957e-06, 3.08669427795e-06, 2.52526228905e-06, 1.97862959794e-06, 1.66338975305e-06, 1.64184712048e-06, 1.72620639205e-06, 1.58505440595e-06, 1.19167214052e-06, 1.35218067498e-06, 9.26350992358e-07, 6.41268798063e-07, 5.25093923898e-07, 4.16333278963e-07, 2.5802359005e-07, 2.51279800523e-07, 2.22684448659e-07, 1.46305964677e-07, 8.80409203319e-08, 7.12198655606e-08, 4.90411622422e-08, 3.25230935516e-08, 2.54784939813e-08, 2.4235518481e-08, 1.78659398387e-08, 1.39050895243e-08], "min": [6.87687285316e-24, 6.6769226461e-24, 3.13697402051e-24, 1.24633593809e-23, 4.51090742115e-24, 1.46831248269e-23, 1.25969151098e-23, 1.65733333745e-23, 7.16776136765e-24, 9.22223915478e-24, 1.48130360185e-23, 1.67081686359e-23, 1.30800719039e-23, 1.28471307449e-23, 6.56746464562e-24, 4.37063730258e-24, 3.90554305667e-24, 6.02481117322e-24, 7.89092278125e-24, 8.14114314949e-24, 8.82187410158e-24, 1.33915528435e-23, 1.80338935633e-23, 1.27210423733e-23, 1.28376162935e-23, 9.50204022925e-24, 1.02926839601e-23, 1.02881906084e-23, 1.20316591948e-23, 9.59535695231e-24, 8.20527044134e-24, 1.12199158013e-23, 1.14293686268e-23, 1.02181279271e-23, 1.26452383623e-23, 1.00802437183e-23, 9.53051021932e-24, 9.6801721214e-24, 1.03243472591e-23, 9.32450944911e-24], "var": [6.39331346974e-06, 1.45529684232e-05, 1.0057399777e-05, 6.20282935415e-06, 2.11155111174e-06, 1.07557195861e-06, 3.90042998788e-07, 1.27511157189e-07, 2.90095467648e-08, 6.63781278831e-08, 2.78852745339e-08, 1.0457310573e-09, 6.76569467117e-10, 2.77488587663e-09, 6.42679298668e-10, 1.59242383169e-10, 1.50782150654e-10, 1.3031735413e-10, 1.35904315579e-10, 3.02838032429e-11, 2.01011957079e-10, 3.14088366427e-10, 2.66629357482e-11, 4.04183284064e-11, 2.00249972854e-11, 1.35913459307e-11, 1.08145688585e-11, 6.41369813162e-12, 4.1797836893e-12, 3.55756288144e-12, 2.00909536403e-12, 7.04873930491e-13, 3.00464053594e-13, 2.65346148916e-13, 2.42155498128e-13, 1.27171114351e-13, 6.00010357154e-14, 6.17998694211e-14, 5.14729081027e-14, 6.79074038754e-14]}, "mfcc": {"mean": [-720.034790039, 177.41267395, 24.2571659088, 41.7197914124, 5.12544536591, 0.154187351465, -0.269369035959, 1.39396965504, -0.425550967455, -2.26543688774, -2.39850926399, -3.32067298889, -6.29704046249], "cov": [[8892.95898438, -698.655212402, -244.556503296, 68.4172668457, -202.565628052, 187.149307251, -174.782577515, -11.2483558655, -223.071655273, -59.911529541, 30.3584041595, 69.1383514404, -55.2749824524], [-698.655212402, 1580.83374023, -120.152099609, 189.262237549, 56.1923408508, -82.0067672729, 52.7663879395, -48.9319000244, 30.3471355438, -46.7276802063, -36.2107276917, -30.8398284912, -10.1988229752], [-244.556503296, -120.152099609, 512.199584961, -39.5243988037, 100.845344543, 68.9584121704, 25.1670589447, 53.3803100586, 37.13621521, 47.5070495605, 42.6282920837, 29.0101013184, 5.92259407043], [68.4172668457, 189.262237549, -39.5243988037, 225.964263916, 35.2925567627, 34.7105293274, 12.8316841125, -1.35458612442, 2.75714039803, -15.1818265915, 8.96865177155, 12.6276226044, 4.33102703094], [-202.565628052, 56.1923408508, 100.845344543, 35.2925567627, 143.819946289, 45.3986053467, 37.0004005432, 15.4921636581, 23.6192913055, 5.86640548706, 20.303194046, 18.7604408264, 15.2238035202], [187.149307251, -82.0067672729, 68.9584121704, 34.7105293274, 45.3986053467, 140.599212646, 29.7298164368, 27.1061401367, 8.4973526001, 15.6742954254, 19.0578613281, 22.0070037842, 14.3381967545], [-174.782577515, 52.7663879395, 25.1670589447, 12.8316841125, 37.0004005432, 29.7298164368, 108.818588257, 34.2223930359, 16.0647163391, 9.19145107269, 12.3930196762, 3.96139550209, 12.8138923645], [-11.2483558655, -48.9319000244, 53.3803100586, -1.35458612442, 15.4921636581, 27.1061401367, 34.2223930359, 95.2445297241, 39.1896209717, 25.7219696045, 15.6223249435, 5.47668409348, 1.15323972702], [-223.071655273, 30.3471355438, 37.13621521, 2.75714039803, 23.6192913055, 8.4973526001, 16.0647163391, 39.1896209717, 92.3513183594, 32.2443771362, 11.5880737305, 1.61840295792, -6.28532028198], [-59.911529541, -46.7276802063, 47.5070495605, -15.1818265915, 5.86640548706, 15.6742954254, 9.19145107269, 25.7219696045, 32.2443771362, 90.5934371948, 36.8167762756, 6.80119419098, 7.30713558197], [30.3584041595, -36.2107276917, 42.6282920837, 8.96865177155, 20.303194046, 19.0578613281, 12.3930196762, 15.6223249435, 11.5880737305, 36.8167762756, 71.2093887329, 33.3655738831, 6.53552341461], [69.1383514404, -30.8398284912, 29.0101013184, 12.6276226044, 18.7604408264, 22.0070037842, 3.96139550209, 5.47668409348, 1.61840295792, 6.80119419098, 33.3655738831, 72.5918502808, 27.9100055695], [-55.2749824524, -10.1988229752, 5.92259407043, 4.33102703094, 15.2238035202, 14.3381967545, 12.8138923645, 1.15323972702, -6.28532028198, 7.30713558197, 6.53552341461, 27.9100055695, 67.4738388062]], "icov": [[0.000141534663271, 3.41533850587e-05, 6.92041576258e-05, -4.96288339491e-05, 0.000147566272062, -0.000262410641881, 0.000209417572478, -0.000158546550665, 0.000336265802616, 2.94152996503e-05, -6.79350196151e-05, -0.000154089575517, 0.000202083028853], [3.41533850587e-05, 0.000836542167235, 8.84509572643e-05, -0.000721866090316, -0.000289552524919, 0.000627627305221, -0.000516640895512, 0.000501186354086, -0.000383733800845, 0.000112571076897, 0.000282165798126, 0.000122256620671, 8.86659108801e-05], [6.92041576258e-05, 8.84509572643e-05, 0.00267513445579, 0.000710839405656, -0.00171619979665, -0.000764389289543, 0.000465922668809, -0.000922785373405, 0.000188071629964, -0.000662868085783, -0.000365929474356, -0.000506500771735, 0.000600820349064], [-4.96288339491e-05, -0.000721866090316, 0.000710839405656, 0.00571363791823, -0.00104567408562, -0.00173046032432, 0.000384028593544, -0.000210086713196, -0.00011624697072, 0.0010902263457, -0.00113539386075, -0.000357824494131, 8.44926034915e-05], [0.000147566272062, -0.000289552524919, -0.00171619979665, -0.00104567408562, 0.010434743017, -0.00210119807161, -0.00189738709014, 0.0010122632375, -0.00189285620581, 0.00177093490493, -0.00173036917113, -0.000227597920457, -0.00137628556695], [-0.000262410641881, 0.000627627305221, -0.000764389289543, -0.00173046032432, -0.00210119807161, 0.0101888822392, -0.00200179638341, -0.000942898797803, 0.000131929322379, -0.00108043046203, 0.000697717419825, -0.00120463082567, -0.000676710449625], [0.000209417572478, -0.000516640895512, 0.000465922668809, 0.000384028593544, -0.00189738709014, -0.00200179638341, 0.0123817333952, -0.00428200047463, 0.000651455833577, 0.000664807506837, -0.0018243730301, 0.00155516411178, -0.00187470205128], [-0.000158546550665, 0.000501186354086, -0.000922785373405, -0.000210086713196, 0.0010122632375, -0.000942898797803, -0.00428200047463, 0.0156288705766, -0.0057943710126, -0.00108763528988, -0.000438017130364, 0.000251724530244, 7.47299491195e-05], [0.000336265802616, -0.000383733800845, 0.000188071629964, -0.00011624697072, -0.00189285620581, 0.000131929322379, 0.000651455833577, -0.0057943710126, 0.0162955503911, -0.004992345348, 0.00157344108447, -0.00150205078535, 0.00311030168086], [2.94152996503e-05, 0.000112571076897, -0.000662868085783, 0.0010902263457, 0.00177093490493, -0.00108043046203, 0.000664807506837, -0.00108763528988, -0.004992345348, 0.0176831688732, -0.00982038583606, 0.00430918531492, -0.00345963891596], [-6.79350196151e-05, 0.000282165798126, -0.000365929474356, -0.00113539386075, -0.00173036917113, 0.000697717419825, -0.0018243730301, -0.000438017130364, 0.00157344108447, -0.00982038583606, 0.0250457786024, -0.0113290790468, 0.00415841769427], [-0.000154089575517, 0.000122256620671, -0.000506500771735, -0.000357824494131, -0.000227597920457, -0.00120463082567, 0.00155516411178, 0.000251724530244, -0.00150205078535, 0.00430918531492, -0.0113290790468, 0.0228547342122, -0.00899555627257], [0.000202083028853, 8.86659108801e-05, 0.000600820349064, 8.44926034915e-05, -0.00137628556695, -0.000676710449625, -0.00187470205128, 7.47299491195e-05, 0.00311030168086, -0.00345963891596, 0.00415841769427, -0.00899555627257, 0.0197329688817]]}, "spectral_contrast_coeffs": {"dmean": [0.0488301664591, 0.0426398999989, 0.0341970473528, 0.0234925318509, 0.0188312921673, 0.020401366055], "dmean2": [0.0819214433432, 0.069647140801, 0.0546454377472, 0.0392187535763, 0.0309070497751, 0.0322782099247], "dvar": [0.00174645474181, 0.00126682396512, 0.00083731894847, 0.000348198751453, 0.00029660857399, 0.000449398648925], "dvar2": [0.00484434142709, 0.00341961509548, 0.00206004222855, 0.000937712087762, 0.000745184079278, 0.00107512576506], "max": [-0.295531451702, -0.424732506275, -0.47167506814, -0.637599766254, -0.575896441936, -0.580102264881], "mean": [-0.598578810692, -0.698456823826, -0.753419458866, -0.832728624344, -0.819988787174, -0.768801629543], "median": [-0.601111412048, -0.701197743416, -0.759221613407, -0.835772395134, -0.823376953602, -0.770039200783], "min": [-0.96981972456, -0.979202866554, -0.958408117294, -0.967099547386, -0.959215283394, -0.956312656403], "var": [0.00676063355058, 0.00497082015499, 0.00444731581956, 0.00126685504802, 0.00133148382884, 0.00218724063598]}, "spectral_contrast_valleys": {"dmean": [0.373180091381, 0.362159073353, 0.348042845726, 0.322833806276, 0.311699867249, 0.371573418379], "dmean2": [0.617566823959, 0.574287056923, 0.540022969246, 0.485573917627, 0.451948732138, 0.488583743572], "dvar": [0.127091556787, 0.127185508609, 0.130187481642, 0.136343762279, 0.167967826128, 0.200142279267], "dvar2": [0.299597024918, 0.260823845863, 0.25924