{"lowlevel": {"average_loudness": 0.935612142086, "barkbands_crest": {"dmean": 2.40401077271, "dmean2": 3.90372467041, "dvar": 5.7126865387, "dvar2": 14.5066890717, "max": 26.2546958923, "mean": 10.2898349762, "median": 9.57122707367, "min": 2.77691960335, "var": 14.8341579437}, "barkbands_flatness_db": {"dmean": 0.0355557836592, "dmean2": 0.0467080250382, "dvar": 0.00153995573055, "dvar2": 0.00276657193899, "max": 0.447259962559, "mean": 0.177130043507, "median": 0.172631502151, "min": 0.027056992054, "var": 0.00585865834728}, "barkbands_kurtosis": {"dmean": 4.52730035782, "dmean2": 7.07313776016, "dvar": 48.5261039734, "dvar2": 106.300086975, "max": 90.4510803223, "mean": 7.72265815735, "median": 4.53498840332, "min": -1.83460438251, "var": 106.620323181}, "barkbands_skewness": {"dmean": 0.678858935833, "dmean2": 1.06505477428, "dvar": 0.557811319828, "dvar2": 1.29738068581, "max": 7.35016679764, "mean": 2.07465577126, "median": 1.95380687714, "min": -1.57192587852, "var": 1.89025688171}, "barkbands_spread": {"dmean": 6.62848949432, "dmean2": 10.2439889908, "dvar": 107.333709717, "dvar2": 257.569580078, "max": 101.807640076, "mean": 17.3325614929, "median": 11.2035837173, "min": 0.926120340824, "var": 239.546340942}, "dissonance": {"dmean": 0.0230306331068, "dmean2": 0.0369758568704, "dvar": 0.000576984661166, "dvar2": 0.00140113697853, "max": 0.500000059605, "mean": 0.446867287159, "median": 0.455991268158, "min": 0.21196603775, "var": 0.00179321458563}, "dynamic_complexity": 4.73074293137, "erbbands_crest": {"dmean": 2.85964560509, "dmean2": 4.65989685059, "dvar": 8.66336536407, "dvar2": 21.2628326416, "max": 31.5025157928, "mean": 10.4992713928, "median": 9.38795661926, "min": 2.91864585876, "var": 21.6216564178}, "erbbands_flatness_db": {"dmean": 0.0276522729546, "dmean2": 0.0378258638084, "dvar": 0.00105295958929, "dvar2": 0.00196121167392, "max": 0.417278766632, "mean": 0.177576214075, "median": 0.174532771111, "min": 0.0587331652641, "var": 0.00442193215713}, "erbbands_kurtosis": {"dmean": 1.31606924534, "dmean2": 2.10629963875, "dvar": 4.65265703201, "dvar2": 10.4366130829, "max": 31.1034507751, "mean": 0.840690672398, "median": -0.167221426964, "min": -1.84709823132, "var": 9.18628692627}, "erbbands_skewness": {"dmean": 0.471268594265, "dmean2": 0.729995191097, "dvar": 0.247520819306, "dvar2": 0.573057353497, "max": 5.34710264206, "mean": 0.563850402832, "median": 0.510553956032, "min": -2.47624063492, "var": 0.906585991383}, "erbbands_spread": {"dmean": 10.3024616241, "dmean2": 16.021062851, "dvar": 186.158782959, "dvar2": 454.835632324, "max": 147.669189453, "mean": 37.0536193848, "median": 31.4206695557, "min": 3.39585494995, "var": 460.200805664}, "hfc": {"dmean": 8.3699426651, "dmean2": 11.4201078415, "dvar": 163.038665771, "dvar2": 337.598449707, "max": 112.065452576, "mean": 14.1056995392, "median": 8.22968292236, "min": 2.98902887153e-06, "var": 279.188781738}, "melbands_crest": {"dmean": 3.1690993309, "dmean2": 5.0738401413, "dvar": 9.97294712067, "dvar2": 22.9947166443, "max": 32.8956604004, "mean": 15.2846412659, "median": 14.0408878326, "min": 3.17522835732, "var": 34.1984634399}, "melbands_flatness_db": {"dmean": 0.0424943864346, "dmean2": 0.0561811029911, "dvar": 0.00219211587682, "dvar2": 0.00406498415396, "max": 0.559861242771, "mean": 0.261946409941, "median": 0.26571816206, "min": 0.0273877643049, "var": 0.00880243256688}, "melbands_kurtosis": {"dmean": 10.8355169296, "dmean2": 17.2825164795, "dvar": 325.355743408, "dvar2": 781.276855469, "max": 252.960922241, "mean": 20.6492977142, "median": 12.2111091614, "min": -1.66540718079, "var": 707.75579834}, "melbands_skewness": {"dmean": 0.924601972103, "dmean2": 1.4694994688, "dvar": 1.22102606297, "dvar2": 3.05410408974, "max": 12.5465297699, "mean": 3.22815465927, "median": 2.83258533478, "min": -1.13145148754, "var": 3.58840727806}, "melbands_spread": {"dmean": 6.840051651, "dmean2": 11.0906476974, "dvar": 171.040908813, "dvar2": 444.242980957, "max": 194.192810059, "mean": 17.1149787903, "median": 9.80766963959, "min": 0.839712798595, "var": 380.978302002}, "pitch_salience": {"dmean": 0.0758040696383, "dmean2": 0.121361702681, "dvar": 0.00513155385852, "dvar2": 0.0121447434649, "max": 0.847315728664, "mean": 0.542888343334, "median": 0.545527875423, "min": 0.08680100739, "var": 0.0164783932269}, "silence_rate_20dB": {"dmean": 0, "dmean2": 0, "dvar": 0, "dvar2": 0, "max": 1, "mean": 1, "median": 1, "min": 1, "var": 0}, "silence_rate_30dB": {"dmean": 0.0313296914101, "dmean2": 0.0626822188497, "dvar": 0.0303483940661, "dvar2": 0.0594806931913, "max": 1, "mean": 0.929715931416, "median": 1, "min": 0, "var": 0.0653439685702}, "silence_rate_60dB": {"dmean": 0.0429872497916, "dmean2": 0.0856413990259, "dvar": 0.041137881577, "dvar2": 0.0870570838451, "max": 1, "mean": 0.132920607924, "median": 0, "min": 0, "var": 0.115254469216}, "spectral_centroid": {"dmean": 252.43119812, "dmean2": 379.611663818, "dvar": 175247.140625, "dvar2": 372305.53125, "max": 10916.8613281, "mean": 968.075134277, "median": 714.440002441, "min": 174.406616211, "var": 497432.84375}, "spectral_complexity": {"dmean": 4.11949014664, "dmean2": 5.5575799942, "dvar": 33.6860618591, "dvar2": 57.9109535217, "max": 51, "mean": 11.9814271927, "median": 10, "min": 0, "var": 88.3823547363}, "spectral_decrease": {"dmean": 3.72165920304e-09, "dmean2": 5.4383382242e-09, "dvar": 4.67682690556e-17, "dvar2": 8.78880128757e-17, "max": -4.40293615509e-17, "mean": -8.42531200362e-09, "median": -4.99215246919e-09, "min": -8.0298896421e-08, "var": 1.3358331618e-16}, "spectral_energy": {"dmean": 0.0146835781634, "dmean2": 0.0213496312499, "dvar": 0.000704966660123, "dvar2": 0.00132714188658, "max": 0.307559221983, "mean": 0.0330784656107, "median": 0.0196703225374, "min": 4.37291258759e-10, "var": 0.00198976998217}, "spectral_energyband_high": {"dmean": 0.000481926341308, "dmean2": 0.000695482362062, "dvar": 8.20979096261e-07, "dvar2": 1.76753417236e-06, "max": 0.00928673241287, "mean": 0.000572405871935, "median": 6.39889476588e-05, "min": 2.42652953286e-10, "var": 1.18053560527e-06}, "spectral_energyband_low": {"dmean": 0.00801507569849, "dmean2": 0.0121413581073, "dvar": 0.000448145292467, "dvar2": 0.000928252993617, "max": 0.253576368093, "mean": 0.0175856165588, "median": 0.00766146183014, "min": 8.61659962131e-12, "var": 0.00121932197362}, "spectral_energyband_middle_high": {"dmean": 0.00112564291339, "dmean2": 0.00154420861509, "dvar": 3.70684188056e-06, "dvar2": 7.72550629335e-06, "max": 0.0315440669656, "mean": 0.00215065083466, "median": 0.00128258881159, "min": 1.4434618778e-10, "var": 6.73698468745e-06}, "spectral_energyband_middle_low": {"dmean": 0.00754422415048, "dmean2": 0.0114174056798, "dvar": 0.000128656814923, "dvar2": 0.000308187125484, "max": 0.0965695008636, "mean": 0.0137562500313, "median": 0.00954269431531, "min": 3.9627773285e-11, "var": 0.000194450825802}, "spectral_entropy": {"dmean": 0.320637583733, "dmean2": 0.422268748283, "dvar": 0.161570668221, "dvar2": 0.305495560169, "max": 9.80688285828, "mean": 7.15385961533, "median": 7.24725294113, "min": 4.69166326523, "var": 0.550846576691}, "spectral_flux": {"dmean": 0.0368262901902, "dmean2": 0.0548446588218, "dvar": 0.00237968750298, "dvar2": 0.00455810781568, "max": 0.466379612684, "mean": 0.0809545516968, "median": 0.0641908198595, "min": 2.09115096368e-05, "var": 0.00508314510807}, "spectral_kurtosis": {"dmean": 4.1337647438, "dmean2": 6.57978820801, "dvar": 35.8452682495, "dvar2": 75.798500061, "max": 57.9835281372, "mean": 9.00811481476, "median": 6.19572257996, "min": -1.25120031834, "var": 73.3847961426}, "spectral_rms": {"dmean": 0.00117978488561, "dmean2": 0.00166982365772, "dvar": 2.50135371971e-06, "dvar2": 4.7923672355e-06, "max": 0.0173221752048, "mean": 0.0047577698715, "median": 0.00438070297241, "min": 6.53165841413e-07, "var": 9.63535330811e-06}, "spectral_rolloff": {"dmean": 520.947509766, "dmean2": 889.627075195, "dvar": 1543863.125, "dvar2": 3770124.25, "max": 15288.5742188, "mean": 1066.1060791, "median": 495.263671875, "min": 64.599609375, "var": 1991454}, "spectral_skewness": {"dmean": 0.428887218237, "dmean2": 0.658080875874, "dvar": 0.275894194841, "dvar2": 0.563282310963, "max": 5.82785749435, "mean": 2.10512781143, "median": 1.91825246811, "min": 0.0143013549969, "var": 0.753516376019}, "spectral_spread": {"dmean": 964890.375, "dmean2": 1313660.125, "dvar": 1866131570690.0, "dvar2": 3279196520450.0, "max": 40395268, "mean": 4362517.5, "median": 3695408.5, "min": 1216536.5, "var": 5094447251460.0}, "spectral_strongpeak": {"dmean": 0.347022086382, "dmean2": 0.551129162312, "dvar": 0.226649791002, "dvar2": 0.506667792797, "max": 4.72717189789, "mean": 0.655556201935, "median": 0.420471221209, "min": 0, "var": 0.429236203432}, "zerocrossingrate": {"dmean": 0.0134733607993, "dmean2": 0.0150808440521, "dvar": 0.000284900423139, "dvar2": 0.000388402288081, "max": 0.27001953125, "mean": 0.0499176010489, "median": 0.03662109375, "min": 0.00439453125, "var": 0.00139763916377}, "barkbands": {"dmean": [0.000957633252256, 0.00567395146936, 0.00298733427189, 0.000921832630411, 0.00171370827593, 0.00373150571249, 0.00234010186978, 0.000610940391198, 0.000213757375604, 0.000184865799383, 8.92936732271e-05, 8.56535480125e-05, 0.000165642501088, 0.000274992693448, 0.000121956771181, 0.000123673555208, 0.000271568802418, 0.000105302366137, 9.40139289014e-05, 7.23430712242e-05, 9.17104334803e-05, 7.75810331106e-05, 9.31508038775e-05, 5.71712917008e-05, 9.32918992476e-05, 4.78078145534e-05, 1.70168241311e-05], "dmean2": [0.00121493847109, 0.0080439420417, 0.00526546686888, 0.00153074332047, 0.00281772529706, 0.00611781748012, 0.00369798648171, 0.000926788023207, 0.000339987804182, 0.000289847201202, 0.000145061407238, 0.000141607029946, 0.000258096319158, 0.000405892933486, 0.000183948039194, 0.000186834382475, 0.00045031378977, 0.000175026943907, 0.000136159418616, 0.000107928055513, 0.000134521411383, 0.0001183315253, 0.000142844903166, 8.47595365485e-05, 0.000138414223329, 7.14400375728e-05, 2.89771360258e-05], "dvar": [7.95539290266e-06, 0.00021773831395, 0.000102896461613, 3.32750710186e-06, 6.36206823401e-06, 4.82241157442e-05, 1.70702896867e-05, 9.44137070746e-07, 5.32710771495e-07, 1.18303617569e-07, 5.48505667552e-08, 3.46276252117e-08, 7.61951355344e-08, 2.40385929828e-07, 6.46428333084e-08, 5.98239822125e-08, 5.49971616692e-07, 7.716538164e-08, 3.47128015221e-08, 2.27727561253e-08, 3.95239894146e-08, 3.02247507022e-08, 5.179608209e-08, 1.24693544379e-08, 3.39721211162e-08, 8.73926442324e-09, 4.06062872216e-09], "dvar2": [1.0718374142e-05, 0.000389123189962, 0.000293661054457, 8.42157078296e-06, 1.59384180733e-05, 0.000126737577375, 4.26745064033e-05, 1.97963959181e-06, 1.40319014008e-06, 3.01727908436e-07, 1.38235265013e-07, 9.0645301043e-08, 1.83137629506e-07, 5.566339496e-07, 1.4112922031e-07, 1.36376030468e-07, 1.48001140587e-06, 2.08024886206e-07, 7.8691869021e-08, 5.24735952467e-08, 9.5337910011e-08, 7.46142774233e-08, 1.28504481722e-07, 2.9693877579e-08, 7.35457703627e-08, 1.94573335222e-08, 1.1404778455e-08], "max": [0.0402553975582, 0.198891252279, 0.0977888330817, 0.021083060652, 0.0203790664673, 0.064879052341, 0.0345088690519, 0.0123014999554, 0.0119460085407, 0.00605843309313, 0.00646755471826, 0.00410393578932, 0.00326946377754, 0.00781802553684, 0.00227168085985, 0.00301989493892, 0.00655781803653, 0.00461036711931, 0.00229014572687, 0.0016840029275, 0.0038656136021, 0.00215887837112, 0.00272717815824, 0.000958287506364, 0.00186654366553, 0.0010275443783, 0.00106442160904], "mean": [0.0020187117625, 0.0108012976125, 0.00388176878914, 0.0016260711709, 0.00289444881491, 0.00533210393041, 0.00249015400186, 0.000904375512619, 0.000325469241943, 0.000283790723188, 0.000110685163236, 0.000108525186079, 0.00044745800551, 0.000460663926788, 0.00014006033598, 0.000159232775331, 0.000263203342911, 0.000101775876828, 0.000119973927212, 8.29962300486e-05, 0.00011124926823, 8.38084888528e-05, 0.000101600613561, 6.43587409286e-05, 0.000104459752038, 4.72884821647e-05, 1.29979989651e-05], "median": [0.000123223944684, 0.00226149661466, 0.00183478370309, 0.00113481888548, 0.00194708746858, 0.00181566854008, 0.000516777683515, 0.000390219909605, 6.16174365859e-05, 0.000146321952343, 3.82138823625e-05, 3.25762703142e-05, 0.000180871982593, 0.000152658394654, 4.1786734073e-05, 6.09669150435e-05, 5.95891033299e-05, 2.14821611735e-05, 3.26419576595e-05, 1.47711398313e-05, 1.96770997718e-05, 8.63072818902e-06, 5.73387205804e-06, 4.67077188659e-06, 2.82805649476e-06, 1.54621830006e-06, 1.98714189992e-07], "min": [3.77127230269e-13, 2.01566324395e-12, 4.84880408394e-12, 1.78182750672e-12, 1.5745491716e-11, 1.06201774805e-11, 5.53676549053e-12, 1.39806189629e-12, 1.58675861079e-12, 2.20568441983e-11, 3.17852352511e-13, 5.87612207156e-12, 9.81515042853e-12, 5.99678726815e-12, 1.67827557407e-11, 1.1321042194e-11, 1.19048824618e-11, 2.24376107971e-11, 1.15639702675e-11, 6.45886746864e-11, 1.17165131763e-11, 2.19484291852e-11, 2.43509431369e-11, 1.93518083502e-11, 3.45116157874e-11, 3.49546225298e-11, 5.90041279724e-11], "var": [3.17077938234e-05, 0.000633248244412, 7.19974559615e-05, 4.36893606093e-06, 9.9472099464e-06, 5.65679001738e-05, 1.7954633222e-05, 1.7927003455e-06, 6.84989515776e-07, 1.6761444499e-07, 5.67807028062e-08, 3.97728072699e-08, 3.30024022333e-07, 5.85942643738e-07, 8.0416278081e-08, 7.60884901752e-08, 4.34074905797e-07, 6.378709827e-08, 4.54054891463e-08, 2.75571991892e-08, 4.70642547157e-08, 3.20369935025e-08, 5.67665594531e-08, 1.5919557228e-08, 4.80398796299e-08, 1.05579740506e-08, 2.51661869122e-09]}, "erbbands": {"dmean": [0.283841431141, 1.1562179327, 3.45414710045, 3.12311768532, 3.07585477829, 6.40113067627, 14.4881477356, 35.8706207275, 49.4069671631, 15.2233505249, 8.13086605072, 5.35042476654, 6.04951906204, 3.31136655807, 4.46083307266, 3.52435564995, 7.57982254028, 13.939289093, 6.73573255539, 7.51519680023, 9.13278198242, 11.7040433884, 5.93786478043, 5.27539396286, 3.59016489983, 3.29395103455, 3.74442386627, 3.48417615891, 2.33768987656, 2.77463698387, 2.92369055748, 1.11879789829, 1.08579802513, 1.07498455048, 0.625506699085, 0.22603712976, 0.0847741216421, 0.0210560932755, 0.00321115413681, 0.000127459759824], "dmean2": [0.3920609653, 1.84864068031, 6.15040779114, 5.17625284195, 5.12233686447, 10.4639005661, 24.2740802765, 59.69115448, 78.1426315308, 23.2731742859, 12.5454015732, 8.29870319366, 9.33820724487, 5.36700630188, 7.27643346786, 5.79525470734, 11.7533035278, 20.2221355438, 9.76923084259, 11.2018442154, 14.1539163589, 18.8758182526, 9.32353782654, 7.61584234238, 5.21662950516, 4.92884206772, 5.65112543106, 5.08451700211, 3.47271633148, 4.19841527939, 4.56431007385, 1.63192152977, 1.64140081406, 1.61573445797, 0.932172298431, 0.334307134151, 0.128584384918, 0.0341182723641, 0.00545347481966, 0.000205548116355], "dvar": [0.803588032722, 10.8387489319, 151.693893433, 53.7311058044, 27.4456748962, 94.8839111328, 729.649108887, 5015.20361328, 8186.90332031, 514.346008301, 213.966079712, 259.743835449, 152.704788208, 68.7443313599, 113.245727539, 48.3170890808, 165.62147522, 549.974304199, 164.786483765, 258.3671875, 395.026153564, 881.012634277, 253.01902771, 98.780632019, 50.4282150269, 48.2224082947, 71.7491836548, 55.3934936523, 24.1675853729, 30.5399227142, 73.3974227905, 4.598965168, 4.6118516922, 4.68067407608, 1.7934242487, 0.180780768394, 0.0301869828254, 0.003236501012, 0.000144762001582, 1.49014923068e-07], "dvar2": [1.56744122505, 25.3050689697, 428.947021484, 143.716598511, 75.8521652222, 236.530914307, 1921.62658691, 13409.9443359, 20812.5371094, 1139.42199707, 482.000366211, 660.078186035, 372.547821045, 178.929229736, 292.101165771, 126.825073242, 383.871307373, 1245.74621582, 366.117218018, 578.148071289, 969.664245605, 2298.28222656, 658.657531738, 210.290542603, 120.18636322, 112.951408386, 177.06072998, 130.587936401, 58.4529418945, 69.5603179932, 189.820373535, 10.6671161652, 10.7106275558, 9.93152713776, 4.26325368881, 0.389910697937, 0.068755865097, 0.0084686614573, 0.000406863255193, 4.03821417194e-07], "max": [10.8428964615, 31.9140396118, 117.869102478, 79.6142120361, 70.4079971313, 91.4358215332, 249.190536499, 788.028137207, 807.600769043, 230.844039917, 246.286376953, 248.260253906, 323.069213867, 126.631866455, 306.516876221, 141.703735352, 164.788085938, 362.762451172, 218.851837158, 215.566192627, 167.572982788, 244.7159729, 280.588592529, 98.7222137451, 116.554832458, 85.0224990845, 173.597259521, 95.0062789917, 65.1735458374, 50.8751487732, 109.268234253, 20.4653129578, 26.54205513, 21.811044693, 15.7389307022, 3.94721770287, 2.03070807457, 0.769994854927, 0.205443903804, 0.00602283515036], "mean": [0.460672944784, 1.79216504097, 4.4287648201, 5.55966711044, 6.29621124268, 9.68349456787, 17.3350105286, 51.0297012329, 56.9499092102, 21.0598564148, 12.0596694946, 9.06980323792, 10.0398979187, 4.49049282074, 5.39980792999, 5.90472269058, 21.662689209, 25.2690677643, 9.92647361755, 9.41600418091, 10.6765155792, 11.8185758591, 6.22482967377, 6.49421024323, 4.81925821304, 3.89991116524, 4.13345336914, 4.31569480896, 2.68720245361, 3.15595793724, 3.01675915718, 1.30495178699, 1.22383356094, 1.20104622841, 0.666307270527, 0.243024453521, 0.0795384198427, 0.0174219924957, 0.00246316427365, 0.000126539831399], "median": [0.0529521368444, 0.545248627663, 2.08498477936, 3.702023983, 4.32954216003, 6.30467033386, 8.76256942749, 15.7946147919, 14.4876117706, 9.8805770874, 6.19427251816, 2.43644046783, 5.49525308609, 1.78198480606, 1.87471461296, 2.86702919006, 8.65718173981, 11.1447811127, 4.28418922424, 3.15052366257, 3.28312826157, 2.85233354568, 1.40412044525, 1.70850169659, 1.4378695488, 0.817712306976, 0.703435182571, 0.810382664204, 0.351252794266, 0.215684831142, 0.155590444803, 0.0983155965805, 0.0730216950178, 0.0340635068715, 0.0180132910609, 0.00819649547338, 0.00236923643388, 0.000339817721397, 5.66534545214e-05, 3.28187743435e-05], "min": [4.28553165177e-11, 5.67399238705e-10, 4.36804326043e-09, 7.727160245e-09, 7.90862841882e-09, 6.58728467329e-08, 1.28492217755e-07, 5.98762568416e-08, 1.01856770129e-07, 2.83900973841e-08, 2.55673882066e-08, 3.69404844491e-08, 4.71890018616e-07, 3.91053703197e-07, 5.75021950056e-08, 3.08493326884e-07, 5.35339211183e-07, 1.86036260175e-07, 5.78213189328e-07, 1.01492628346e-06, 5.93607865085e-07, 6.6739767135e-07, 8.17537056719e-07, 1.16399792205e-06, 1.47497542002e-06, 1.69827706031e-06, 1.52521272412e-06, 6.9272221026e-07, 8.29705300021e-07, 6.59274462578e-07, 7.12016230864e-07, 3.81053382625e-07, 3.33316393153e-07, 3.78870225859e-07, 2.56326927683e-07, 1.12095555949e-07, 6.75694025176e-08, 6.02448793074e-08, 7.80195730243e-09, 3.46495249159e-10], "var": [1.84154772758, 15.513915062, 105.284881592, 59.4767112732, 51.2079963684, 129.989303589, 675.70098877, 5828.94482422, 8878.88085938, 835.734130859, 372.526824951, 423.442047119, 214.834899902, 75.5940322876, 114.338012695, 69.8211746216, 814.665588379, 1404.49060059, 249.96244812, 313.069793701, 420.090087891, 765.534118652, 226.84828186, 135.806625366, 64.7911758423, 58.5178947449, 73.6533355713, 70.0235977173, 28.426782608, 42.5374145508, 66.2994003296, 6.28345632553, 5.99276733398, 6.60156202316, 2.13068699837, 0.252518445253, 0.0332167074084, 0.00248090038076, 8.96164201549e-05, 1.0665441863e-07]}, "gfcc": {"mean": [-63.591293335, 102.337150574, -104.813896179, 22.4657917023, -46.6943626404, 0.909226536751, -43.2267951965, -3.20383882523, -16.3805713654, 12.4537153244, -7.32431554794, 0.221970155835, -9.000872612], "cov": [[17716.4179688, -932.76184082, 2454.32983398, 673.825927734, -1010.12805176, 656.348388672, -542.452941895, 268.996368408, -461.791107178, 285.524536133, -240.236175537, 252.713790894, -468.435241699], [-932.76184082, 3361.16723633, 279.64855957, 163.335861206, 779.245727539, 6.56272745132, 447.684387207, -339.827301025, 138.485717773, -223.336242676, 19.9073390961, -381.303527832, 36.5827140808], [2454.32983398, 279.64855957, 1456.53405762, 570.183898926, 265.543884277, 463.94140625, 88.1896820068, -37.1168556213, -140.510879517, -13.905497551, -106.661941528, -37.0945091248, -140.525695801], [673.825927734, 163.335861206, 570.183898926, 830.849365234, 475.063354492, 517.240112305, 241.937255859, -2.20736956596, -44.0793380737, -66.1429290771, -17.7054424286, -59.0852355957, -132.326599121], [-1010.12805176, 779.245727539, 265.543884277, 475.063354492, 680.370422363, 325.395324707, 319.177001953, -78.2811050415, 21.9583091736, -98.4720077515, 5.1400642395, -119.635169983, -47.3509063721], [656.348388672, 6.56272745132, 463.94140625, 517.240112305, 325.395324707, 542.678100586, 178.553512573, 2.04714894295, -58.7970352173, -44.2340888977, -43.0856056213, -51.1503753662, -134.271606445], [-542.452941895, 447.684387207, 88.1896820068, 241.937255859, 319.177001953, 178.553512573, 279.581756592, -12.0887832642, 57.9885139465, -13.1919145584, 12.78241539, -83.0580978394, -38.0108795166], [268.996368408, -339.827301025, -37.1168556213, -2.20736956596, -78.2811050415, 2.04714894295, -12.0887832642, 154.038879395, 23.6430263519, 21.0023059845, -8.93040370941, 42.6740150452, 7.7098903656], [-461.791107178, 138.485717773, -140.510879517, -44.0793380737, 21.9583091736, -58.7970352173, 57.9885139465, 23.6430263519, 114.864639282, 41.4595832825, 31.7045993805, -17.2494010925, 22.0029697418], [285.524536133, -223.336242676, -13.905497551, -66.1429290771, -98.4720077515, -44.2340888977, -13.1919145584, 21.0023059845, 41.4595832825, 143.335159302, 44.2302322388, 24.1104488373, -15.6618795395], [-240.236175537, 19.9073390961, -106.661941528, -17.7054424286, 5.1400642395, -43.0856056213, 12.78241539, -8.93040370941, 31.7045993805, 44.2302322388, 91.9839630127, 28.4305610657, 17.1867904663], [252.713790894, -381.303527832, -37.0945091248, -59.0852355957, -119.635169983, -51.1503753662, -83.0580978394, 42.6740150452, -17.2494010925, 24.1104488373, 28.4305610657, 121.914024353, 38.2630233765], [-468.435241699, 36.5827140808, -140.525695801, -132.326599121, -47.3509063721, -134.271606445, -38.0108795166, 7.7098903656, 22.0029697418, -15.6618795395, 17.1867904663, 38.2630233765, 104.960746765]], "icov": [[0.000157512637088, -0.000249666074524, -9.34243144002e-05, -0.00023955796496, 0.000455262284959, -0.000125457925606, 0.000233919054153, -0.000429355772212, 0.000453517917776, -0.000543054367881, 0.000352796254447, -0.000620949896984, 0.000516525644343], [-0.000249666074524, 0.00149258750025, -0.000459066359326, 0.000812597048935, -0.00112953374628, 0.000774087384343, -0.00114801339805, 0.00193116255105, -0.00193347723689, 0.00269183586352, -0.00196425011382, 0.00327989947982, -0.00136859272607], [-9.34243144002e-05, -0.000459066359326, 0.00164446886629, -0.000755352084525, -0.000221807189519, -0.000585061323363, 0.000500108173583, -6.27569970675e-05, 0.00138708553277, -0.00187787669711, 0.00206893496215, -0.00106266338844, -0.00019271596102], [-0.00023955796496, 0.000812597048935, -0.000755352084525, 0.00467409705743, -0.00228348514065, -0.00172427948564, -0.000929072615691, 0.000239798071561, -0.00130891031586, 0.00267266226001, -0.00259382813238, 0.00108184455894, 0.000642619328573], [0.000455262284959, -0.00112953374628, -0.000221807189519, -0.00228348514065, 0.00688032479957, -0.00137213047128, -0.00291908252984, 6.51459777146e-05, 0.00131630536634, 5.39115608262e-05, 7.90499470895e-05, -0.00123688683379, -0.000293544813758], [-0.000125457925606, 0.000774087384343, -0.000585061323363, -0.00172427948564, -0.00137213047128, 0.00668293517083, -0.00201934063807, 0.000289563467959, 0.000584756722674, 0.00152825273108, 0.000359254336217, 0.000299971987261, 0.00332803209312], [0.000233919054153, -0.00114801339805, 0.000500108173583, -0.000929072615691, -0.00291908252984, -0.00201934063807, 0.0116718243808, -0.00279546296224, -0.00228770868853, -0.00327223353088, 0.000521434587426, 0.000692915986292, 0.00112775806338], [-0.000429355772212, 0.00193116255105, -6.27569970675e-05, 0.000239798071561, 6.51459777146e-05, 0.000289563467959, -0.00279546296224, 0.0118851996958, -0.0058813765645, 0.00321174808778, 0.000973679474555, 0.000199285743292, -0.00237647420727], [0.000453517917776, -0.00193347723689, 0.00138708553277, -0.00130891031586, 0.00131630536634, 0.000584756722674, -0.00228770868853, -0.0058813765645, 0.0196449160576, -0.00865659117699, 0.000694412738085, -0.000347499211784, -0.00154666206799], [-0.000543054367881, 0.00269183586352, -0.00187787669711, 0.00267266226001, 5.39115608262e-05, 0.00152825273108, -0.00327223353088, 0.00321174808778, -0.00865659117699, 0.0181118920445, -0.00971063040197, 0.004247689154, 0.00261075748131], [0.000352796254447, -0.00196425011382, 0.00206893496215, -0.00259382813238, 7.90499470895e-05, 0.000359254336217, 0.000521434587426, 0.000973679474555, 0.000694412738085, -0.00971063040197, 0.0218286495656, -0.0106748230755, 0.00109412893653], [-0.000620949896984, 0.00327989947982, -0.00106266338844, 0.00108184455894, -0.00123688683379, 0.000299971987261, 0.000692915986292, 0.000199285743292, -0.000347499211784, 0.004247689154, -0.0106748230755, 0.0240752696991, -0.0102331507951], [0.000516525644343, -0.00136859272607, -0.00019271596102, 0.000642619328573, -0.000293544813758, 0.00332803209312, 0.00112775806338, -0.00237647420727, -0.00154666206799, 0.00261075748131, 0.00109412893653, -0.0102331507951, 0.0218348000199]]}, "melbands": {"dmean": [0.00193111214321, 0.00172472489066, 0.000539027154446, 0.000285493209958, 0.000483800773509, 0.000838804757223, 0.000665635918267, 0.000157621470862, 5.99260820309e-05, 3.11847870762e-05, 3.02301250485e-05, 1.36726930577e-05, 1.37786355481e-05, 1.10358432721e-05, 1.32520181069e-05, 1.55766811076e-05, 3.05166286125e-05, 1.13357764349e-05, 9.72465659288e-06, 1.06190373117e-05, 1.31056813188e-05, 1.5784849893e-05, 5.77872651775e-06, 5.26702115167e-06, 4.5078563744e-06, 2.91771152661e-06, 2.24484415412e-06, 2.30769819609e-06, 2.28609223996e-06, 2.75110846815e-06, 1.92566062651e-06, 1.14589386158e-06, 1.91373715097e-06, 1.40804547755e-06, 2.27739883485e-06, 6.25808922905e-07, 7.41688950257e-07, 7.80818140811e-07, 9.22393780911e-07, 9.2065613444e-07], "dmean2": [0.00250987126492, 0.00295903463848, 0.000905522785615, 0.000468585261842, 0.000803325441666, 0.00138211681042, 0.00104576256126, 0.000243395072175, 9.30776295718e-05, 4.88680052513e-05, 4.66828823846e-05, 2.24233499466e-05, 2.23468450713e-05, 1.85394183063e-05, 2.15417931031e-05, 2.42816968239e-05, 4.4355099817e-05, 1.6956071704e-05, 1.45889980558e-05, 1.62905689649e-05, 2.12214235944e-05, 2.62772937276e-05, 8.81083542481e-06, 8.74936904438e-06, 6.55267967886e-06, 4.45462228527e-06, 3.28013311446e-06, 3.52431038664e-06, 3.50665186488e-06, 4.24675999966e-06, 2.86413660433e-06, 1.72445697899e-06, 3.01813111037e-06, 2.12583859138e-06, 3.61827483175e-06, 9.32536522669e-07, 1.12197824365e-06, 1.19732624171e-06, 1.41451403124e-06, 1.38537484418e-06], "dvar": [2.78235129372e-05, 3.39851794706e-05, 1.59812793754e-06, 1.89220600078e-07, 7.30577880859e-07, 2.5522906526e-06, 1.44230511978e-06, 6.20627176318e-08, 1.55348587327e-08, 8.70398331188e-09, 3.78983999738e-09, 1.27197219424e-09, 1.26822030655e-09, 5.60375690295e-10, 5.66504121391e-10, 7.15440096055e-10, 2.78346301563e-09, 5.33236121925e-10, 4.35042057934e-10, 4.48561993105e-10, 1.05578479292e-09, 1.90343851791e-09, 2.51246856653e-10, 1.64365063227e-10, 7.65463178953e-11, 3.99703499465e-11, 2.07494767895e-11, 2.58196623804e-11, 2.87360829576e-11, 4.26786973817e-11, 1.81208763272e-11, 7.42201178988e-12, 2.49314457967e-11, 7.65758029903e-12, 5.51466892984e-11, 1.56105250254e-12, 2.74698254595e-12, 2.58032137324e-12, 3.85891405635e-12, 3.42687878942e-12], "dvar2": [4.91368846269e-05, 9.27239452722e-05, 4.32404021922e-06, 4.81221263726e-07, 1.9163410343e-06, 6.73738622936e-06, 3.63286267202e-06, 1.36331365752e-07, 3.7762401206e-08, 2.21444658166e-08, 9.25529786144e-09, 3.31273275478e-09, 3.2193201438e-09, 1.46544321122e-09, 1.35464384154e-09, 1.82857673448e-09, 6.32104502074e-09, 1.27378019243e-09, 9.49694656249e-10, 1.06006314837e-09, 2.75142642003e-09, 5.15717424321e-09, 6.31433128007e-10, 4.40280700786e-10, 1.64516025802e-10, 9.91339302314e-11, 4.91921017809e-11, 6.11858966271e-11, 7.15797560114e-11, 1.05803574235e-10, 4.35196392812e-11, 1.89044925547e-11, 6.38218783378e-11, 1.66142828661e-11, 1.44660686208e-10, 3.65424010496e-12, 6.78167331319e-12, 6.38705668216e-12, 8.71614586062e-12, 7.5317226414e-12], "max": [0.0724149420857, 0.057378269732, 0.0138870002702, 0.00528963049874, 0.0074993907474, 0.0154966153204, 0.0108381090686, 0.00275199580938, 0.00185435952153, 0.00138446211349, 0.00159335520584, 0.000551999371964, 0.000996077200398, 0.000565016758628, 0.000266263697995, 0.000320740160532, 0.00083019817248, 0.000480700924527, 0.00018862610159, 0.000285185320536, 0.000290082622087, 0.000382195081329, 0.000303538137814, 0.000150536681758, 9.41060716286e-05, 0.000111554247269, 6.6864915425e-05, 6.36408440187e-05, 0.000114585978736, 8.53966412251e-05, 5.69418480154e-05, 4.020110282e-05, 4.8392386816e-05, 3.24733373418e-05, 9.6412775747e-05, 1.50810110426e-05, 2.10692815017e-05, 1.54486442625e-05, 2.73626646958e-05, 1.77762085514e-05], "mean": [0.00347093935125, 0.00239440752193, 0.000984029844403, 0.000548218435142, 0.000601511914283, 0.00118614581879, 0.000770305923652, 0.000217398017412, 8.69100622367e-05, 5.16791333212e-05, 4.89295889565e-05, 1.74240140041e-05, 1.64921893884e-05, 1.37445113069e-05, 3.01001291518e-05, 4.19724892708e-05, 5.19193345099e-05, 1.75237419171e-05, 1.09464508569e-05, 1.32310424306e-05, 1.39156009027e-05, 1.50562318595e-05, 6.15995122644e-06, 5.22516711499e-06, 5.42561110706e-06, 3.53902714778e-06, 2.98198392557e-06, 2.52270979217e-06, 2.39280734604e-06, 3.01550790027e-06, 2.38064467339e-06, 1.3296388488e-06, 1.85713611245e-06, 1.7179572751e-06, 2.24799055104e-06, 7.42136819554e-07, 8.25909751256e-07, 8.34644538372e-07, 9.99018652692e-07, 1.01144212294e-06], "median": [0.000626699067652, 0.00125715159811, 0.000699794967659, 0.000382629863452, 0.000342970655765, 0.000383777834941, 0.0001743271132, 8.78803111846e-05, 3.98467127525e-05, 1.22662422655e-05, 2.56045022979e-05, 5.85810312259e-06, 5.28693408341e-06, 4.95826725455e-06, 1.09490374598e-05, 1.62116521096e-05, 1.83286247193e-05, 6.97220139045e-06, 2.88317028208e-06, 5.02649436385e-06, 3.75672607333e-06, 3.26814051732e-06, 1.41157352118e-06, 1.14106046567e-06, 1.37317749704e-06, 9.13668827707e-07, 8.20735067464e-07, 4.37925393726e-07, 3.94289997985e-07, 4.50165146049e-07, 3.84612576454e-07, 1.7951978748e-07, 1.28869544369e-07, 1.08184877945e-07, 9.41276354638e-08, 5.61904123231e-08, 5.42965636896e-08, 5.77535921309e-08, 3.32739062969e-08, 2.70221320875e-08], "min": [4.75880836473e-13, 1.80823325063e-12, 1.14324110075e-12, 2.30317024133e-12, 4.44060717017e-12, 1.60608744186e-12, 1.34889050884e-12, 2.62850722091e-13, 1.92709956608e-13, 2.08631682351e-13, 2.64743630664e-12, 1.9805342262e-12, 6.4504608252e-14, 6.87432912243e-13, 8.62990451669e-13, 9.48483587677e-13, 2.31245876397e-13, 8.22209162733e-13, 1.56069157164e-12, 1.03436996381e-12, 5.7338091523e-13, 6.89164166272e-13, 5.31386458273e-13, 1.1930056552e-12, 9.16060521709e-13, 4.67294009477e-13, 1.7072979315e-12, 1.13145278736e-12, 1.56398895571e-12, 1.97731520285e-13, 4.41847269493e-13, 4.36345729514e-13, 4.56420437469e-13, 3.64016271553e-13, 4.32545004588e-13, 3.50648356922e-13, 1.71202231536e-13, 2.34649376752e-13, 1.99141836918e-13, 3.79397712249e-13], "var": [8.10511846794e-05, 2.77921062661e-05, 1.74162732947e-06, 3.51087237505e-07, 7.08949301043e-07, 2.94104279419e-06, 1.60412287187e-06, 1.04630601072e-07, 2.31088410629e-08, 1.36116344862e-08, 5.32666755149e-09, 1.35474098606e-09, 1.27991650611e-09, 6.07836947442e-10, 1.81351256234e-09, 2.73348210733e-09, 7.09511605024e-09, 8.39528169205e-10, 5.35056277062e-10, 5.28311894232e-10, 9.4760344016e-10, 1.48081058526e-09, 2.34629815576e-10, 1.42998071717e-10, 1.01863115165e-10, 4.28888556614e-11, 2.8031580529e-11, 2.89403674636e-11, 2.77450631914e-11, 4.35058378212e-11, 2.28673451702e-11, 7.88708161281e-12, 2.18886957171e-11, 1.31758510352e-11, 4.61329897894e-11, 2.17503402442e-12, 3.07062079756e-12, 2.90657623837e-12, 4.98732739135e-12, 4.67239571686e-12]}, "mfcc": {"mean": [-713.23614502, 137.153213501, 3.15385150909, 24.3794403076, 11.7920751572, 5.81711339951, -8.78617572784, -12.4563140869, -6.39929676056, -0.411792606115, 4.81807184219, 4.31615495682, -0.0902854427695], "cov": [[14293.0859375, -101.017234802, 1419.25585938, 353.395141602, -12.5118951797, 101.887969971, 51.2080039978, 0.841693878174, -137.836578369, -196.665756226, -57.402305603, 49.3131484985, 248.667602539], [-101.017234802, 3255.85620117, -57.9693183899, 412.907745361, 167.636245728, 229.115783691, 130.767379761, -69.034034729, 41.3091773987, 82.0318527222, 45.1232070923, -42.0890197754, -213.346694946], [1419.25585938, -57.9693183899, 992.521606445, 275.928833008, 271.995025635, 365.730438232, 217.463821411, 117.063171387, 30.7770404816, 2.21278977394, 18.9878845215, -18.5295963287, -9.31764030457], [353.395141602, 412.907745361, 275.928833008, 423.189575195, 278.540344238, 323.837219238, 237.656143188, 131.375289917, 53.5276184082, 50.5752830505, 50.3860321045, 39.6364135742, -43.508480072], [-12.5118951797, 167.636245728, 271.995025635, 278.540344238, 391.738616943, 395.2237854, 268.215759277, 193.152282715, 55.4298629761, 22.2190990448, 31.0660858154, 5.95829629898, -46.7549095154], [101.887969971, 229.115783691, 365.730438232, 323.837219238, 395.2237854, 608.536865234, 372.991699219, 222.712341309, 52.4087905884, 54.2978591919, 98.6318664551, 53.7364311218, -83.7508163452], [51.2080039978, 130.767379761, 217.463821411, 237.656143188, 268.215759277, 372.991699219, 315.933502197, 184.683288574, 58.4170417786, 39.1075325012, 57.1469154358, 43.6871948242, -40.7891120911], [0.841693878174, -69.034034729, 117.063171387, 131.375289917, 193.152282715, 222.712341309, 184.683288574, 223.550949097, 73.6446228027, 23.9691009521, 9.72301387787, -3.15683102608, -9.22809696198], [-137.836578369, 41.3091773987, 30.7770404816, 53.5276184082, 55.4298629761, 52.4087905884, 58.4170417786, 73.6446228027, 100.283889771, 45.8999290466, 19.8423614502, -5.65443372726, -9.10609340668], [-196.665756226, 82.0318527222, 2.21278977394, 50.5752830505, 22.2190990448, 54.2978591919, 39.1075325012, 23.9691009521, 45.8999290466, 117.62928009, 66.9720306396, 17.6963806152, -19.7308578491], [-57.402305603, 45.1232070923, 18.9878845215, 50.3860321045, 31.0660858154, 98.6318664551, 57.1469154358, 9.72301387787, 19.8423614502, 66.9720306396, 116.139503479, 62.3644523621, -19.045425415], [49.3131484985, -42.0890197754, -18.5295963287, 39.6364135742, 5.95829629898, 53.7364311218, 43.6871948242, -3.15683102608, -5.65443372726, 17.6963806152, 62.3644523621, 107.884651184, 20.8373527527], [248.667602539, -213.346694946, -9.31764030457, -43.508480072, -46.7549095154, -83.7508163452, -40.7891120911, -9.22809696198, -9.10609340668, -19.7308578491, -19.045425415, 20.8373527527, 91.8714675903]], "icov": [[9.54780989559e-05, -1.81487030204e-05, -0.000153219487402, -0.00011963473662, 0.000180731352884, 1.62336903031e-06, 2.95952340821e-05, -0.000104410843051, 0.000132738350658, 0.000158117851242, -9.36354554142e-05, 2.54325568676e-05, -0.000254726590356], [-1.81487030204e-05, 0.000465689401608, 0.000214740881347, -0.000609881419223, 5.96369573032e-05, -0.000133999375976, -8.25532551971e-05, 0.000665960425977, -0.000278120074654, -5.30557554157e-05, 0.000129274325445, 0.000349454465322, 0.000710526888724], [-0.000153219487402, 0.000214740881347, 0.00186896510422, -0.000697414099704, -0.000167569087353, -0.00128077587578, -4.49774779554e-05, 0.00112301716581, -0.000583443325013, 0.000165365898283, -5.96890640736e-05, 0.00155578157865, -0.000774901534896], [-0.00011963473662, -0.000609881419223, -0.000697414099704, 0.00652271322906, -0.00326566002332, 0.000531306664925, -0.00167667923961, 0.000280085921986, -0.000430010608397, -0.00178524409421, 0.0013031164417, -0.00267271278426, 0.000482248258777], [0.000180731352884, 5.96369573032e-05, -0.000167569087353, -0.00326566002332, 0.0111985690892, -0.0048259277828, -0.000710891501512, -0.00236388808116, -0.000341741251759, 0.00167966890149, 0.00053918606136, 0.00277277547866, -0.00135777704418], [1.62336903031e-06, -0.000133999375976, -0.00128077587578, 0.000531306664925, -0.0048259277828, 0.0109360711649, -0.00625583622605, -0.00199478142895, 0.00322282756679, 5.52464734938e-05, -0.00367142097093, -0.00172280753031, 0.00430268468335], [2.95952340821e-05, -8.25532551971e-05, -4.49774779554e-05, -0.00167667923961, -0.000710891501512, -0.00625583622605, 0.0160700120032, -0.00506875757128, -0.00143377657514, 0.000146946273162, 0.00102863716893, -0.00371607835405, 0.000436089496361], [-0.000104410843051, 0.000665960425977, 0.00112301716581, 0.000280085921986, -0.00236388808116, -0.00199478142895, -0.00506875757128, 0.0141029637307, -0.00635846704245, -0.000313637952786, 0.00230847392231, 0.00288295326754, -0.00265258504078], [0.000132738350658, -0.000278120074654, -0.000583443325013, -0.000430010608397, -0.000341741251759, 0.00322282756679, -0.00143377657514, -0.00635846704245, 0.0174289625138, -0.00501448381692, -0.00177218776662, 0.00142215657979, 0.000181469105883], [0.000158117851242, -5.30557554157e-05, 0.000165365898283, -0.00178524409421, 0.00167966890149, 5.52464734938e-05, 0.000146946273162, -0.000313637952786, -0.00501448381692, 0.0164355002344, -0.010181103833, 0.00338427512906, -0.000286377005978], [-9.36354554142e-05, 0.000129274325445, -5.96890640736e-05, 0.0013031164417, 0.00053918606136, -0.00367142097093, 0.00102863716893, 0.00230847392231, -0.00177218776662, -0.010181103833, 0.0232389699668, -0.0115469694138, 0.00385511061177], [2.54325568676e-05, 0.000349454465322, 0.00155578157865, -0.00267271278426, 0.00277277547866, -0.00172280753031, -0.00371607835405, 0.00288295326754, 0.00142215657979, 0.00338427512906, -0.0115469694138, 0.0206969659775, -0.00810521282256], [-0.000254726590356, 0.000710526888724, -0.000774901534896, 0.000482248258777, -0.00135777704418, 0.00430268468335, 0.000436089496361, -0.00265258504078, 0.000181469105883, -0.000286377005978, 0.00385511061177, -0.00810521282256, 0.0191265903413]]}, "spectral_contrast_coeffs": {"dmean": [0.0534556172788, 0.0604998916388, 0.0392074026167, 0.0317934975028, 0.0231958851218, 0.0185718350112], "dmean2": [0.0884918794036, 0.0955638587475, 0.061698846519, 0.0478441379964, 0.0354256369174, 0.0294241774827], "dvar": [0.00223249197006, 0.00292998971418, 0.00124833616428, 0.000930086069275, 0.00044691975927, 0.000302065862343], "dvar2": [0.00563837122172, 0.00714600132778, 0.00270689604804, 0.00178089481778, 0.000964950537309, 0.000713136105333], "max": [-0.321296900511, -0.40609267354, -0.518688440323, -0.506217300892, -0.636781334877, -0.638372242451], "mean": [-0.656025767326, -0.665818095207, -0.783685266972, -0.768964290619, -0.799455702305, -0.779690384865], "median": [-0.661192953587, -0.656468391418, -0.795436024666, -0.786438703537, -0.801153957844, -0.783704638481], "min": [-0.943721652031, -0.951407074928, -0.956877231598, -0.962630391121, -0.961832940578, -0.961428701878], "var": [0.00759346596897, 0.0112872654572, 0.00634186109528, 0.00542365247384, 0.00148128857836, 0.00131773552857]}, "spectral_contrast_valleys": {"dmean": [0.484741657972, 0.551050543785, 0.484562844038, 0.44816800952, 0.516046583652, 0.67045289278], "dmean2": [0.761159002781, 0.799753367901, 0.685238003731, 0.598521173, 0.616542696953, 0.7642121315], "dvar": [0.354395627975, 0.428437680006, 0.389360398054, 0.368653833866, 0.453265070915, 0.686842858791], "dvar2": [0.582898378372, 0.66666328907, 0.562334060669, 0.49292626977, 0.599544405937, 1.04469370842], "max": [-4.82213449478, -4.81795597076, -5.