{"lowlevel": {"average_loudness": 0.0129711022601, "barkbands_crest": {"dmean": 1.15677928925, "dmean2": 1.8617618084, "dvar": 1.84450948238, "dvar2": 4.50456762314, "max": 24.7051143646, "mean": 12.2577095032, "median": 11.7419090271, "min": 4.72437095642, "var": 12.078368187}, "barkbands_flatness_db": {"dmean": 0.0135737909004, "dmean2": 0.0223947521299, "dvar": 0.000545072485693, "dvar2": 0.00115398189519, "max": 0.708406329155, "mean": 0.405341029167, "median": 0.397204786539, "min": 0.0712437555194, "var": 0.0037645753473}, "barkbands_kurtosis": {"dmean": 1.31719875336, "dmean2": 2.13283824921, "dvar": 10.3396530151, "dvar2": 24.2545909882, "max": 108.177108765, "mean": 4.08112573624, "median": 2.00251960754, "min": -1.85652399063, "var": 65.6374435425}, "barkbands_skewness": {"dmean": 0.237961828709, "dmean2": 0.387676954269, "dvar": 0.135288715363, "dvar2": 0.335113316774, "max": 9.18245029449, "mean": 1.10754597187, "median": 1.0792273283, "min": -5.4673910141, "var": 1.0324280262}, "barkbands_spread": {"dmean": 0.503350615501, "dmean2": 0.808905720711, "dvar": 3.08103919029, "dvar2": 7.55662870407, "max": 106.652870178, "mean": 4.15312433243, "median": 3.54077315331, "min": 0.309914976358, "var": 9.86212158203}, "dissonance": {"dmean": 0.0372806750238, "dmean2": 0.0638539493084, "dvar": 0.00157938501798, "dvar2": 0.00436232751235, "max": 0.500000119209, "mean": 0.297817736864, "median": 0.291392564774, "min": 0.104701317847, "var": 0.00539166666567}, "dynamic_complexity": 8.99737358093, "erbbands_crest": {"dmean": 1.43632042408, "dmean2": 2.34791231155, "dvar": 3.3315141201, "dvar2": 8.92638015747, "max": 30.8653049469, "mean": 12.5850296021, "median": 11.8739871979, "min": 3.48162221909, "var": 18.703742981}, "erbbands_flatness_db": {"dmean": 0.0109323812649, "dmean2": 0.018392894417, "dvar": 0.000251161516644, "dvar2": 0.000644420506433, "max": 0.530754268169, "mean": 0.367636024952, "median": 0.367730200291, "min": 0.0522163510323, "var": 0.0016361795133}, "erbbands_kurtosis": {"dmean": 0.6484182477, "dmean2": 1.04000627995, "dvar": 1.73442912102, "dvar2": 4.00247955322, "max": 46.6563453674, "mean": 1.69077682495, "median": 1.11837387085, "min": -1.60706543922, "var": 7.68436861038}, "erbbands_skewness": {"dmean": 0.187556043267, "dmean2": 0.305824786425, "dvar": 0.060183301568, "dvar2": 0.15632237494, "max": 3.64256167412, "mean": 0.529383480549, "median": 0.518484950066, "min": -4.38411951065, "var": 0.488035351038}, "erbbands_spread": {"dmean": 1.14477491379, "dmean2": 1.84840250015, "dvar": 6.60919237137, "dvar2": 16.6983127594, "max": 157.581832886, "mean": 9.32221126556, "median": 8.37637329102, "min": 1.2620844841, "var": 26.384021759}, "hfc": {"dmean": 1.38666415215, "dmean2": 1.95442450047, "dvar": 21.2328987122, "dvar2": 40.6083068848, "max": 174.615905762, "mean": 6.12661933899, "median": 1.30230307579, "min": 1.19771782231e-16, "var": 148.987335205}, "melbands_crest": {"dmean": 1.35368549824, "dmean2": 2.25140953064, "dvar": 3.07160425186, "dvar2": 8.27065563202, "max": 31.7020359039, "mean": 15.7841129303, "median": 15.149181366, "min": 2.28598165512, "var": 23.9343910217}, "melbands_flatness_db": {"dmean": 0.0158820804209, "dmean2": 0.0259314086288, "dvar": 0.000803751696367, "dvar2": 0.00163830292877, "max": 0.902489840984, "mean": 0.549175262451, "median": 0.53873103857, "min": 0.00483546918258, "var": 0.00637271814048}, "melbands_kurtosis": {"dmean": 1.57104349136, "dmean2": 2.59181523323, "dvar": 20.4899578094, "dvar2": 56.4426193237, "max": 217.949203491, "mean": 4.61602497101, "median": 2.71898698807, "min": -1.88167762756, "var": 44.8848228455}, "melbands_skewness": {"dmean": 0.246266722679, "dmean2": 0.404111117125, "dvar": 0.144092515111, "dvar2": 0.370492458344, "max": 9.62658309937, "mean": 1.42859685421, "median": 1.39927589893, "min": -2.30210566521, "var": 1.01631140709}, "melbands_spread": {"dmean": 0.676859080791, "dmean2": 1.0767608881, "dvar": 4.8423538208, "dvar2": 9.33314800262, "max": 151.910339355, "mean": 5.60040235519, "median": 4.53978776932, "min": 0.42344635725, "var": 31.430847168}, "pitch_salience": {"dmean": 0.0400647111237, "dmean2": 0.0666147246957, "dvar": 0.0021091895178, "dvar2": 0.00566033320501, "max": 0.901170909405, "mean": 0.509229362011, "median": 0.511804819107, "min": 0.14491891861, "var": 0.0102885263041}, "silence_rate_20dB": {"dmean": 0.00651874160394, "dmean2": 0.013039117679, "dvar": 0.00647596968338, "dvar2": 0.0156267136335, "max": 1, "mean": 0.98508399725, "median": 1, "min": 0, "var": 0.014692813158}, "silence_rate_30dB": {"dmean": 0.0195562243462, "dmean2": 0.0391173511744, "dvar": 0.0191731341183, "dvar2": 0.0451072156429, "max": 1, "mean": 0.913888216019, "median": 1, "min": 0, "var": 0.0786908045411}, "silence_rate_60dB": {"dmean": 0.0167982950807, "dmean2": 0.0336008034647, "dvar": 0.0165160596371, "dvar2": 0.0364839956164, "max": 1, "mean": 0.421784907579, "median": 0, "min": 0, "var": 0.243877068162}, "spectral_centroid": {"dmean": 24.2614631653, "dmean2": 38.0716629028, "dvar": 9721.93359375, "dvar2": 14498.1875, "max": 10484.4150391, "mean": 364.794067383, "median": 335.193115234, "min": 118.653274536, "var": 53730.5976562}, "spectral_complexity": {"dmean": 0.653127729893, "dmean2": 1.11760282516, "dvar": 1.13769924641, "dvar2": 2.25070500374, "max": 26, "mean": 6.13161182404, "median": 6, "min": 0, "var": 13.0768642426}, "spectral_decrease": {"dmean": 2.08311190519e-09, "dmean2": 2.96421731605e-09, "dvar": 9.58850560715e-17, "dvar2": 1.88486628628e-16, "max": 9.50269005228e-16, "mean": -9.09807340577e-09, "median": -1.35921895961e-09, "min": -4.73040785209e-07, "var": 4.97583946211e-16}, "spectral_energy": {"dmean": 0.00797902140766, "dmean2": 0.0113496370614, "dvar": 0.0013918018667, "dvar2": 0.00273535819724, "max": 1.80120074749, "mean": 0.0348939336836, "median": 0.00523643475026, "min": 1.07508195693e-20, "var": 0.00725950719789}, "spectral_energyband_high": {"dmean": 8.7815783445e-07, "dmean2": 1.15736565931e-06, "dvar": 8.7322621356e-11, "dvar2": 1.53579884921e-10, "max": 0.000471277337056, "mean": 1.62023786743e-06, "median": 2.06229842092e-08, "min": 7.81726714776e-21, "var": 2.17135420755e-10}, "spectral_energyband_low": {"dmean": 0.00653223320842, "dmean2": 0.00937478244305, "dvar": 0.00132201367524, "dvar2": 0.00263969274238, "max": 1.74090790749, "mean": 0.0246416926384, "median": 0.00130247767083, "min": 1.08980364128e-22, "var": 0.00528173474595}, "spectral_energyband_middle_high": {"dmean": 0.0003013460082, "dmean2": 0.000405040424084, "dvar": 2.65799667432e-06, "dvar2": 5.76078537051e-06, "max": 0.0439583472908, "mean": 0.000817713153083, "median": 7.13007975719e-05, "min": 1.54448999089e-21, "var": 8.28472184367e-06}, "spectral_energyband_middle_low": {"dmean": 0.00261365110055, "dmean2": 0.00402795523405, "dvar": 5.88906914345e-05, "dvar2": 0.000141869226354, "max": 0.304342150688, "mean": 0.0109316390008, "median": 0.00269871437922, "min": 2.83340131686e-22, "var": 0.000537232204806}, "spectral_entropy": {"dmean": 0.094303958118, "dmean2": 0.153788343072, "dvar": 0.036001149565, "dvar2": 0.0850334540009, "max": 9.78884887695, "mean": 5.1581788063, "median": 5.13251781464, "min": 4.0681552887, "var": 0.143927052617}, "spectral_flux": {"dmean": 0.0125598292798, "dmean2": 0.0204114448279, "dvar": 0.00121620774735, "dvar2": 0.00263110524975, "max": 0.777801394463, "mean": 0.033094085753, "median": 0.0132396109402, "min": 1.03686156883e-10, "var": 0.00326774036512}, "spectral_kurtosis": {"dmean": 35.50207901, "dmean2": 61.0852813721, "dvar": 2013.93591309, "dvar2": 5380.96923828, "max": 729.052001953, "mean": 155.508834839, "median": 143.093444824, "min": -1.19688165188, "var": 8480.73535156}, "spectral_rms": {"dmean": 0.000383772363421, "dmean2": 0.000530552584678, "dvar": 1.26570807879e-06, "dvar2": 2.08478422792e-06, "max": 0.0419197939336, "mean": 0.00393926771358, "median": 0.00226024724543, "min": 3.23861163581e-12, "var": 1.8525217456e-05}, "spectral_rolloff": {"dmean": 36.4656906128, "dmean2": 64.6684875488, "dvar": 73967.0234375, "dvar2": 127380.617188, "max": 19810.546875, "mean": 458.713378906, "median": 409.130859375, "min": 64.599609375, "var": 737767.0625}, "spectral_skewness": {"dmean": 1.39104390144, "dmean2": 2.41431689262, "dvar": 2.18151831627, "dvar2": 5.51244688034, "max": 23.59324646, "mean": 9.46583652496, "median": 9.43723487854, "min": 0.0365368239582, "var": 10.3636264801}, "spectral_spread": {"dmean": 240280.21875, "dmean2": 419052.21875, "dvar": 224828948480, "dvar2": 414484463616, "max": 41384436, "mean": 885961.875, "median": 770756.9375, "min": 138940.75, "var": 724158447616}, "spectral_strongpeak": {"dmean": 0.163889542222, "dmean2": 0.279653847218, "dvar": 0.16414193809, "dvar2": 0.373525887728, "max": 8.36991405487, "mean": 0.506412923336, "median": 0.220908805728, "min": 0, "var": 0.469882637262}, "zerocrossingrate": {"dmean": 0.00174549687654, "dmean2": 0.0022663816344, "dvar": 4.38340757682e-05, "dvar2": 5.72147109779e-05, "max": 0.69384765625, "mean": 0.0161635912955, "median": 0.013671875, "min": 0.001953125, "var": 0.000748668971937}, "barkbands": {"dmean": [0.000151813059347, 0.00421431194991, 0.00310838175938, 0.000877740327269, 0.00158216094133, 0.000508652825374, 0.000207209101063, 0.000275381986285, 0.000165774894413, 0.000117319781566, 0.000189452985069, 6.98242911312e-06, 5.36155903319e-06, 1.1123058357e-05, 1.57379108714e-05, 1.11864401333e-05, 8.64245248522e-06, 1.71256715475e-06, 1.79840412784e-06, 9.8257226e-07, 1.63256530072e-07, 6.73865727663e-08, 2.59640309253e-08, 5.40767741697e-09, 2.08852068972e-09, 1.82958737049e-09, 2.33087216195e-09], "dmean2": [0.000235645187786, 0.00563730346039, 0.00497472379357, 0.00134481722489, 0.00267002964392, 0.000775511201937, 0.000290668715024, 0.00036653978168, 0.00020083966956, 0.000151338870637, 0.00027075066464, 1.06890620373e-05, 7.51358857087e-06, 1.4677983927e-05, 2.16560620174e-05, 1.66282243299e-05, 1.21931634567e-05, 2.48396486313e-06, 2.25417306865e-06, 1.31616934596e-06, 2.2437538405e-07, 9.73562706008e-08, 3.93056183157e-08, 8.78255157488e-09, 3.81030185181e-09, 3.38478378659e-09, 4.2349181939e-09], "dvar": [7.42410577459e-07, 0.000529857585207, 0.000351605413016, 1.39406465678e-05, 1.80676033779e-05, 4.05444734497e-06, 6.05743309734e-07, 1.22992082652e-06, 1.06298557512e-06, 5.06321214289e-07, 2.14667829823e-06, 1.41032152623e-09, 8.70098548766e-10, 6.04402616844e-09, 9.16494258263e-09, 5.99831917469e-09, 4.95139884649e-09, 1.512757003e-10, 3.54215962117e-10, 1.63181315682e-10, 3.33862017893e-12, 7.1741457176e-13, 1.38709898602e-13, 2.43504946973e-15, 1.30935292664e-16, 5.72661373235e-17, 4.29411558242e-17], "dvar2": [1.56117573624e-06, 0.00104382168502, 0.000794169609435, 3.5551856854e-05, 5.09317214892e-05, 9.93877074507e-06, 1.30883745442e-06, 2.14389206121e-06, 1.84164105121e-06, 9.42224630762e-07, 4.84149950353e-06, 3.40945160993e-09, 1.81289494527e-09, 9.06637520615e-09, 1.84512725099e-08, 1.3676870303e-08, 1.13070619534e-08, 2.67163402512e-10, 5.70287594925e-10, 2.79810202786e-10, 6.36687274083e-12, 1.53221543526e-12, 2.63602345247e-13, 5.64963352522e-15, 3.82600044184e-16, 1.7216773157e-16, 1.28757901829e-16], "max": [0.0468764863908, 1.19875884056, 0.760025978088, 0.160838738084, 0.117019288242, 0.0797493606806, 0.0235823690891, 0.0324146561325, 0.0307810958475, 0.0248430874199, 0.0413465574384, 0.00153619784396, 0.000971755827777, 0.00491722999141, 0.00333098252304, 0.00328569929115, 0.0026506530121, 0.000531484838575, 0.00121061946265, 0.000743547745515, 8.17119289422e-05, 3.64788429579e-05, 1.6590958694e-05, 2.29190459322e-06, 5.8223963606e-07, 3.18245383824e-07, 2.11368671899e-07], "mean": [0.000435986177763, 0.013292260468, 0.00951386801898, 0.00269306707196, 0.00411309255287, 0.00165709818248, 0.000864431320224, 0.00092884642072, 0.000452332868008, 0.000322073610732, 0.000476108660223, 1.26686763906e-05, 1.00856186691e-05, 3.13957243634e-05, 4.20302785642e-05, 2.3401398721e-05, 1.5252358935e-05, 3.81321797249e-06, 3.76137199964e-06, 2.03456829695e-06, 2.32802136679e-07, 8.66751364015e-08, 3.29867546611e-08, 6.57967547113e-09, 3.32344574083e-09, 3.5618463734e-09, 8.48277004195e-09], "median": [4.16955881519e-05, 0.00088529207278, 0.00013439131726, 0.000151940563228, 0.00081005791435, 0.000279276981018, 0.000237799657043, 0.000144784251461, 2.32157399296e-05, 3.39678299497e-05, 6.94881055097e-06, 6.36395839138e-07, 3.98497832066e-07, 7.47691160541e-07, 5.62542254556e-07, 3.74475007447e-07, 1.08914619545e-07, 2.12527595522e-08, 9.16013309649e-09, 3.15048587218e-09, 1.61776658736e-09, 1.35607358676e-09, 1.41005918053e-09, 1.72026159984e-09, 2.04896988265e-09, 2.62333643697e-09, 7.50976170139e-09], "min": [1.00526463662e-22, 3.39743964088e-23, 4.12574064104e-23, 2.78491802028e-24, 2.2455646686e-23, 5.13404813505e-23, 3.79261730254e-23, 6.87325671477e-23, 7.23881359607e-23, 7.03644931687e-23, 1.06735228126e-22, 4.07221926852e-23, 9.37754425223e-23, 1.24576118981e-22, 7.50683445287e-23, 1.33701661932e-22, 1.38657399735e-22, 2.5595524819e-22, 3.79668378584e-22, 3.15721369854e-22, 3.65414078545e-22, 5.07804178757e-22, 5.74707257559e-22, 6.51524790704e-22, 1.36135763568e-21, 2.00969547882e-21, 2.31822879859e-21], "var": [3.39601228916e-06, 0.00198659207672, 0.000886363501195, 0.000108965883555, 7.35023495508e-05, 2.29357901844e-05, 3.56423288395e-06, 5.85033149036e-06, 3.37843084708e-06, 1.52193251779e-06, 6.54568248137e-06, 2.38410313713e-09, 1.61798752174e-09, 3.2579954734e-08, 2.87071593164e-08, 1.26441799253e-08, 8.76209771405e-09, 5.17063558636e-10, 1.11939124636e-09, 4.50513321093e-10, 5.49854389451e-12, 1.0984849098e-12, 2.14153659541e-13, 2.839782776e-15, 1.17415971846e-16, 5.07202468548e-17, 4.15670500081e-17]}, "erbbands": {"dmean": [0.11479125917, 1.10756731033, 3.72180771828, 2.67153573036, 3.5107049942, 5.97391605377, 6.23333501816, 4.46075677872, 2.91959738731, 5.27282714844, 4.63878488541, 4.63052177429, 3.8643052578, 3.61966824532, 5.80299568176, 0.4919885993, 0.283571571112, 0.529676795006, 0.593832969666, 1.00442707539, 0.442928373814, 0.349579364061, 0.144188150764, 0.122653543949, 0.0523123070598, 0.0508970916271, 0.0145994415507, 0.00563657749444, 0.00285608554259, 0.00107271270826, 0.000606802059337, 0.000210865808185, 8.13520746306e-05, 2.99767707475e-05, 1.53831388161e-05, 9.06149307411e-06, 4.47714273832e-06, 1.3651978179e-06, 3.64894981431e-06, 8.69148516358e-06], "dmean2": [0.115266866982, 1.62861144543, 5.95332956314, 4.11674404144, 5.67273807526, 10.1031885147, 10.1511144638, 7.03233957291, 3.9622092247, 7.50090789795, 5.75943040848, 5.40991163254, 5.0480928421, 5.08314466476, 8.01169204712, 0.703297376633, 0.392231792212, 0.718803167343, 0.776476681232, 1.43844890594, 0.651515543461, 0.49408853054, 0.203532651067, 0.157799392939, 0.0709584280849, 0.0660126134753, 0.0191986393183, 0.00780528597534, 0.00399703998119, 0.00158623640891, 0.000916264136322, 0.000329314410919, 0.000135686248541, 5.23911112396e-05, 2.700146797e-05, 1.56374062499e-05, 7.49713763071e-06, 2.44538887273e-06, 5.21049787494e-06, 1.23564523165e-05], "dvar": [0.3366509974, 43.5827674866, 579.694458008, 133.657989502, 121.935096741, 330.402801514, 344.844390869, 368.669799805, 123.935676575, 357.442382812, 569.281005859, 793.46661377, 719.153015137, 452.504119873, 1755.74414062, 5.64786911011, 2.31585144997, 8.04784202576, 18.8461894989, 32.0150604248, 10.0485811234, 8.72595024109, 0.970395743847, 1.48627817631, 0.272328406572, 0.224692299962, 0.0447875894606, 0.00274078780785, 0.00141106161755, 0.000141606826219, 8.93680698937e-05, 1.29942754938e-05, 7.18514456821e-07, 4.62447289351e-08, 4.52526593975e-09, 1.507660774e-09, 3.02878944147e-10, 1.97752682285e-11, 2.76489137141e-10, 1.63073332615e-09], "dvar2": [0.422170102596, 95.3105163574, 1292.50500488, 308.133605957, 332.582824707, 947.309448242, 865.643310547, 970.743469238, 293.746765137, 696.324645996, 962.788818359, 1345.92016602, 1353.94543457, 1045.9107666, 3755.4465332, 12.7469873428, 4.78289365768, 14.5420656204, 35.7064437866, 68.1982650757, 22.4500808716, 19.4896450043, 1.9637182951, 2.57061028481, 0.482256114483, 0.36038261652, 0.0833898559213, 0.00583740510046, 0.00275366636924, 0.000295593956253, 0.000162365773576, 2.42422102019e-05, 1.79069695605e-06, 1.29523115788e-07, 1.23486501025e-08, 4.17388346108e-09, 7.49622475205e-10, 5.55188464646e-11, 5.38312283638e-10, 3.20263771059e-09], "max": [24.3684120178, 334.114959717, 895.720092773, 487.729919434, 343.247894287, 502.630310059, 984.42956543, 524.006958008, 334.530853271, 572.133911133, 895.466918945, 838.612060547, 953.654602051, 542.147644043, 1215.65478516, 79.3708724976, 52.9395294189, 111.574661255, 190.642486572, 188.317886353, 108.558822632, 122.505752563, 35.1363754272, 75.1147689819, 19.5772533417, 24.2942657471, 11.3765516281, 1.71266531944, 1.80491757393, 0.394649595022, 0.444486051798, 0.200374916196, 0.0409559719265, 0.0114459637552, 0.00363717856817, 0.00176795362495, 0.000815055973362, 0.000168524886249, 0.000820244895294, 0.00195001857355], "mean": [0.453049093485, 2.81390523911, 10.8022222519, 9.02181529999, 9.55359745026, 14.6556787491, 16.0711917877, 13.2972812653, 12.4304018021, 19.9758987427, 15.5594053268, 13.0609636307, 11.4262781143, 8.73503780365, 15.3142032623, 1.15438055992, 0.582772433758, 1.46341109276, 1.7933703661, 2.33454108238, 1.02373623848, 0.60987085104, 0.308513343334, 0.269813627005, 0.113368406892, 0.103741183877, 0.0242284629494, 0.00784706231207, 0.00406684074551, 0.00137576286215, 0.00079067988554, 0.000289454037556, 0.000110000837594, 5.83639848628e-05, 4.02908917749e-05, 2.76921218756e-05, 1.58770071721e-05, 4.15919021179e-06, 1.68159058376e-05, 3.81899808417e-05], "median": [0.0392457991838, 0.149528816342, 0.171808645129, 0.362720549107, 1.51181328297, 2.76887893677, 1.90386843681, 2.60857725143, 3.96819972992, 4.74103403091, 2.17065811157, 0.989629745483, 1.04990315437, 0.735395908356, 0.37694439292, 0.0898306369781, 0.0397885218263, 0.0600217804313, 0.0407965406775, 0.0431337058544, 0.0193098112941, 0.00629349797964, 0.00275867758319, 0.00109117222019, 0.000331313582137, 0.000166834826814, 8.74511315487e-05, 6.47302804282e-05, 5.29138051206e-05, 4.79019108752e-05, 4.37514427176e-05, 3.86718420486e-05, 3.28195092152e-05, 2.5788176572e-05, 1.82764288184e-05, 1.15622233352e-05, 6.55293752061e-06, 2.92772779176e-06, 3.45854823536e-06, 5.90259423916e-06], "min": [7.37715253581e-22, 9.32651068194e-21, 5.14331049804e-20, 2.14208500884e-20, 2.88351962673e-20, 9.15319162513e-20, 1.59271985511e-19, 5.7736364066e-19, 6.06670649762e-19, 5.68501227577e-19, 1.70066503804e-18, 1.63762674093e-18, 2.43579688863e-18, 2.5958333829e-18, 4.36076838997e-18, 2.13348181348e-18, 3.60775692705e-18, 6.86271346462e-18, 4.01985706745e-18, 4.56197304294e-18, 7.97350494431e-18, 8.6238384778e-18, 7.84648722535e-18, 2.32231585632e-17, 1.71369025823e-17, 1.80905227146e-17, 1.45420287289e-17, 1.54191081848e-17, 2.1216133847e-17, 1.58764100233e-17, 1.53343618767e-17, 1.23590180287e-17, 1.30991668331e-17, 1.24778152268e-17, 1.05448570898e-17, 6.96062476578e-18, 3.72377231668e-18, 1.50812685974e-18, 3.38933042542e-19, 3.35632895629e-20], "var": [1.97384607792, 104.586761475, 1289.45349121, 895.666809082, 575.695007324, 1143.39550781, 2452.35644531, 1269.85986328, 565.096130371, 2120.59545898, 2486.80712891, 2549.00244141, 2189.28662109, 1098.0411377, 6030.984375, 14.0189170837, 4.54250383377, 32.485370636, 88.709815979, 81.8377990723, 23.5065002441, 14.8923835754, 2.67874097824, 4.51205968857, 0.809474885464, 0.732558250427, 0.0855367258191, 0.00392868928611, 0.00253086234443, 0.000214847997995, 0.000137190727401, 1.96049441001e-05, 6.9460963914e-07, 4.59483437965e-08, 8.62948290603e-09, 3.48217454871e-09, 9.85148185251e-10, 3.13946056651e-11, 1.47698353548e-09, 8.56245652159e-09]}, "gfcc": {"mean": [-279.669189453, 238.846160889, -47.1327438354, -37.3989143372, -30.1794376373, -18.5882720947, -26.5565280914, -3.1475777626, -5.43146848679, -12.6643600464, -9.72210407257, -6.13086700439, 1.57932770252], "cov": [[13021.7832031, 3049.64453125, -2547.90405273, 1178.41894531, 2543.43774414, -366.242126465, 767.192932129, 468.69229126, 681.498596191, 154.525222778, 449.413970947, -159.737442017, 608.849853516], [3049.64453125, 1295.49206543, -70.6063995361, 120.496986389, 741.48223877, 82.5057067871, 146.357543945, 174.984161377, 266.777832031, 61.2950134277, 159.488006592, 1.6806832552, 194.952774048], [-2547.90405273, -70.6063995361, 2094.71655273, 120.408447266, -298.432006836, 520.166687012, 41.1674537659, -45.5184707642, -56.9443321228, 26.5977497101, 70.9927215576, 124.716392517, -84.8254089355], [1178.41894531, 120.496986389, 120.408447266, 559.032409668, 347.986297607, 100.663848877, 263.373779297, 86.4280395508, 41.2096862793, 46.0201263428, 121.743743896, 56.5080299377, 65.3414611816], [2543.43774414, 741.48223877, -298.432006836, 347.986297607, 801.105407715, 58.7719917297, 203.731872559, 171.968475342, 182.886062622, 45.7806549072, 159.344573975, 7.35616111755, 151.466110229], [-366.242126465, 82.5057067871, 520.166687012, 100.663848877, 58.7719917297, 289.133728027, 144.927566528, 59.8013076782, 7.32176303864, 24.4613780975, 83.587677002, 84.7869644165, -11.5258674622], [767.192932129, 146.357543945, 41.1674537659, 263.373779297, 203.731872559, 144.927566528, 308.71862793, 104.117286682, -26.051492691, 1.92101418972, 106.414726257, 56.168586731, 13.3273496628], [468.69229126, 174.984161377, -45.5184707642, 86.4280395508, 171.968475342, 59.8013076782, 104.117286682, 167.237380981, 130.796615601, 47.1307106018, 34.7670097351, 27.736623764, 54.7522201538], [681.498596191, 266.777832031, -56.9443321228, 41.2096862793, 182.886062622, 7.32176303864, -26.051492691, 130.796615601, 275.272521973, 117.997192383, -4.80241680145, -28.7640743256, 90.4862136841], [154.525222778, 61.2950134277, 26.5977497101, 46.0201263428, 45.7806549072, 24.4613780975, 1.92101418972, 47.1307106018, 117.997192383, 110.661476135, 27.6125259399, -3.6709549427, 31.6396389008], [449.413970947, 159.488006592, 70.9927215576, 121.743743896, 159.344573975, 83.587677002, 106.414726257, 34.7670097351, -4.80241680145, 27.6125259399, 116.583602905, 63.2522125244, 24.3425941467], [-159.737442017, 1.6806832552, 124.716392517, 56.5080299377, 7.35616111755, 84.7869644165, 56.168586731, 27.736623764, -28.7640743256, -3.6709549427, 63.2522125244, 111.588859558, 39.1825942993], [608.849853516, 194.952774048, -84.8254089355, 65.3414611816, 151.466110229, -11.5258674622, 13.3273496628, 54.7522201538, 90.4862136841, 31.6396389008, 24.3425941467, 39.1825942993, 117.789352417]], "icov": [[0.00132297049277, -0.00256847892888, 0.00153996935114, -0.0023624561727, 0.00058519677259, 0.000257562380284, -0.00126205780543, 0.00194397603627, -0.001705536386, 0.00188515405171, -0.00213262601756, 0.0026054806076, -0.00127807201352], [-0.00256847892888, 0.00838630273938, -0.00397022394463, 0.0075280754827, -0.00396401900798, 0.00127024331596, -0.000536798092071, -0.00155474082567, -0.000301598483929, -0.0012065928895, 0.000768561498262, -0.0037861187011, 2.25504518312e-05], [0.00153996935114, -0.00397022394463, 0.0036902257707, -0.00503271073103, 0.0032435671892, -0.00449029309675, 0.00190972071141, 0.000933346920647, -0.000742523465306, 0.00324977561831, -0.00418809382245, 0.00589476246387, -0.00259777531028], [-0.0023624561727, 0.0075280754827, -0.00503271073103, 0.0122894821689, -0.00698692491278, 0.00592156872153, -0.00692112324759, 0.00233756308444, -0.00127947586589, -0.00549953989685, 0.00616593193263, -0.0103601105511, 0.00320278573781], [0.00058519677259, -0.00396401900798, 0.0032435671892, -0.00698692491278, 0.0107017150149, -0.00711756339297, 0.00627528270707, -0.00514941383153, 0.000451202882687, 0.00819753482938, -0.013277229853, 0.0141988070682, -0.00755450781435], [0.000257562380284, 0.00127024331596, -0.00449029309675, 0.00592156872153, -0.00711756339297, 0.0198910273612, -0.0128190759569, 0.00660179136321, -0.00712989689782, -0.00405767792836, 0.00666659930721, -0.0168366376311, 0.0103184627369], [-0.00126205780543, -0.000536798092071, 0.00190972071141, -0.00692112324759, 0.00627528270707, -0.0128190759569, 0.0215491913259, -0.0167420580983, 0.0133692054078, 0.000521079287864, -0.00718918582425, 0.0111513072625, -0.0039871041663], [0.00194397603627, -0.00155474082567, 0.000933346920647, 0.00233756308444, -0.00514941383153, 0.00660179136321, -0.0167420580983, 0.0283705331385, -0.0199096351862, 0.00408082501963, 0.00441471301019, -0.0120356986299, 0.00516455760226], [-0.001705536386, -0.000301598483929, -0.000742523465306, -0.00127947586589, 0.000451202882687, -0.00712989689782, 0.0133692054078, -0.0199096351862, 0.0302149951458, -0.0202681496739, 0.0113489245996, 0.00543111702427, -0.00596488174051], [0.00188515405171, -0.0012065928895, 0.00324977561831, -0.00549953989685, 0.00819753482938, -0.00405767792836, 0.000521079287864, 0.00408082501963, -0.0202681496739, 0.0369176119566, -0.0299838688225, 0.0196054540575, -0.00992203876376], [-0.00213262601756, 0.000768561498262, -0.00418809382245, 0.00616593193263, -0.013277229853, 0.00666659930721, -0.00718918582425, 0.00441471301019, 0.0113489245996, -0.0299838688225, 0.0553483963013, -0.0399826318026, 0.0209994483739], [0.0026054806076, -0.0037861187011, 0.00589476246387, -0.0103601105511, 0.0141988070682, -0.0168366376311, 0.0111513072625, -0.0120356986299, 0.00543111702427, 0.0196054540575, -0.0399826318026, 0.056896738708, -0.0328843332827], [-0.00127807201352, 2.25504518312e-05, -0.00259777531028, 0.00320278573781, -0.00755450781435, 0.0103184627369, -0.0039871041663, 0.00516455760226, -0.00596488174051, -0.00992203876376, 0.0209994483739, -0.0328843332827, 0.0340324044228]]}, "melbands": {"dmean": [0.0010311891092, 0.00176963442937, 0.000475200766232, 0.000315190496622, 0.000250085693551, 9.68460590229e-05, 4.17305054725e-05, 5.93469339947e-05, 3.84330924135e-05, 2.4984279662e-05, 1.85192748177e-05, 1.32450677484e-05, 2.69562733592e-05, 1.58995158017e-06, 6.68697396122e-07, 4.79715879464e-07, 1.14661952466e-06, 9.16959152164e-07, 1.01508999251e-06, 1.35734728701e-06, 4.24070407234e-07, 4.20500612108e-07, 2.67103729357e-07, 8.31943509638e-08, 1.1067542971e-07, 3.52410189919e-08, 3.26037365994e-08, 3.56563027992e-08, 1.09706554952e-08, 4.44788028631e-09, 2.68052136043e-09, 1.85337878378e-09, 7.68962726827e-10, 5.53984247365e-10, 3.26266375028e-10, 3.04314684563e-10, 7.3664269129e-11, 6.40995520551e-11, 3.46006799601e-11, 2.16260429703e-11], "dmean2": [0.00117062230129, 0.00279939733446, 0.000728074810468, 0.000531859113835, 0.000413411238696, 0.000149750761921, 5.57954153919e-05, 8.38309861138e-05, 4.73679610877e-05, 2.94915480481e-05, 2.43933172897e-05, 1.86440920515e-05, 3.78290314984e-05, 2.32774505093e-06, 9.57796032708e-07, 6.4560674673e-07, 1.56459316258e-06, 1.19512924357e-06, 1.41834254919e-06, 2.01060697691e-06, 6.1768866999e-07, 5.97302800998e-07, 3.8498345134e-07, 1.21368955774e-07, 1.43506426298e-07, 4.60594904439e-08, 4.42888286045e-08, 4.59414017939e-08, 1.46392933331e-08, 6.2706830839e-09, 3.86316223455e-09, 2.61524135681e-09, 1.15800913303e-09, 8.29582791351e-10, 4.8797904606e-10, 4.83235451654e-10, 1.2116370407e-10, 1.0798276856e-10, 6.13394057769e-11, 3.90367634051e-11], "dvar": [2.57391620835e-05, 0.000125359627418, 3.64225365956e-06, 8.20364334686e-07, 5.28374471287e-07, 1.66058455875e-07, 2.44351614498e-08, 4.49657626689e-08, 3.73288209232e-08, 2.32147883139e-08, 1.75184258211e-08, 5.87913495664e-09, 4.27178434848e-08, 5.89833043518e-11, 1.1866454e-11, 6.69755483712e-12, 4.08904091143e-11, 5.49665209182e-11, 4.61683954955e-11, 6.62181698363e-11, 1.32208549664e-11, 1.50903976814e-11, 5.009170162e-12, 3.7863240104e-13, 1.43635613386e-12, 9.45615994904e-14, 1.5447280228e-13, 1.05053254507e-13, 4.43541382821e-14, 2.32834322365e-15, 8.46495187212e-16, 5.52681374787e-16, 1.3710891877e-16, 5.55359732671e-17, 2.46307469961e-17, 6.60660354044e-17, 4.19755231683e-19, 4.52957899579e-19, 1.12276042126e-19, 2.13900230703e-20], "dvar2": [4.08691521443e-05, 0.000274838443147, 8.35480204842e-06, 2.40448162003e-06, 1.38511825298e-06, 4.29203993235e-07, 5.57263426515e-08, 8.65990514853e-08, 6.35827461792e-08, 3.94322192676e-08, 3.29442393365e-08, 1.35644198096e-08, 9.3336055329e-08, 1.35495031861e-10, 2.55904134688e-11, 1.29818291533e-11, 7.41489231126e-11, 9.80442810272e-11, 9.02608335296e-11, 1.48660334043e-10, 2.99479503696e-11, 3.4758536327e-11, 1.08073367963e-11, 6.89439499414e-13, 2.50336145043e-12, 1.75092348931e-13, 2.77712667316e-13, 1.68859446825e-13, 8.48902789426e-14, 4.63004768463e-15, 1.97533059618e-15, 1.1520782048e-15, 2.55542640407e-16, 1.20107921962e-16, 4.29422708637e-17, 1.24571362077e-16, 8.76197060906e-19, 1.13723458271e-18, 2.99418753928e-19, 6.25495884637e-20], "max": [0.217813596129, 0.480793297291, 0.0745569616556, 0.0287893004715, 0.0284338518977, 0.0123415598646, 0.00483891647309, 0.00574835250154, 0.00681915227324, 0.00451897783205, 0.00473088864237, 0.00186940515414, 0.00599173689261, 0.000184663775144, 0.00010013737483, 9.56407675403e-05, 0.000262162298895, 0.000384517392376, 0.000305717345327, 0.000295639387332, 0.000142980730743, 0.000139539013617, 8.15759121906e-05, 1.95537559193e-05, 7.57982634241e-05, 1.20267650345e-05, 2.27166692639e-05, 1.499847167e-05, 1.17083855002e-05, 2.26780548473e-06, 1.20104198231e-06, 1.00963166005e-06, 6.18971682798e-07, 2.84063588651e-07, 2.35747705801e-07, 4.49071933417e-07, 2.58910954898e-08, 3.42811965481e-08, 1.50883305849e-08, 7.66696039989e-09], "mean": [0.0037390391808, 0.00489772576839, 0.00165087112691, 0.000876280711964, 0.000612785515841, 0.000299711391563, 0.00018560278113, 0.000219544905121, 0.000121780118207, 7.02618563082e-05, 5.41168592463e-05, 3.10137038468e-05, 6.96958086337e-05, 3.48613275492e-06, 1.21426728583e-06, 1.14375404792e-06, 2.99858265862e-06, 2.83198505713e-06, 2.58069167103e-06, 2.92742402053e-06, 9.44444195738e-07, 6.91156628818e-07, 4.99535019571e-07, 1.9545737473e-07, 2.36706952705e-07, 7.08541989525e-08, 6.95683155527e-08, 6.95535860018e-08, 1.67754503622e-08, 6.11239281412e-09, 3.56167340065e-09, 2.50198151086e-09, 1.03687292086e-09, 6.69771238471e-10, 4.2075773421e-10, 3.89381332733e-10, 9.35380661815e-11, 7.00153199307e-11, 4.23694239415e-11, 3.14410580904e-11], "median": [0.000289568095468, 0.00013259096886, 9.37677687034e-05, 0.000169755730894, 8.64468893269e-05, 5.57836392545e-05, 5.7294673752e-05, 4.8975343816e-05, 1.3981558368e-05, 4.63639025838e-06, 4.23811707151e-06, 2.53337248068e-06, 1.05835579234e-06, 2.02273810146e-07, 8.91539215786e-08, 3.65762389265e-08, 8.41539176122e-08, 3.96640587041e-08, 3.452185382e-08, 4.46371046792e-08, 1.14612532798e-08, 5.86486992304e-09, 2.03398053955e-09, 9.25560739162e-10, 7.63613727806e-10, 1.86940157798e-10, 1.43993900137e-10, 9.19554710155e-11, 4.7650213636e-11, 3.87837817417e-11, 3.30925217784e-11, 2.74888826979e-11, 2.59311617318e-11, 2.45712981212e-11, 2.29554812659e-11, 2.21227446084e-11, 2.1157390076e-11, 2.03432999613e-11, 1.94413790622e-11, 1.82102249946e-11], "min": [1.16775111354e-23, 2.24632371056e-23, 3.85665142991e-24, 4.58448053348e-24, 5.76153555142e-24, 1.16050463727e-23, 8.91857188248e-24, 7.14855733778e-24, 1.23282054197e-23, 1.12570285514e-23, 1.25327120873e-23, 9.44160086213e-24, 1.48027824044e-23, 7.02473220807e-24, 4.87016414372e-24, 1.04747033588e-23, 1.29909661203e-23, 6.22962707435e-24, 6.27560149348e-24, 6.51051796017e-24, 9.52490772917e-24, 8.95353498666e-24, 5.83349425991e-24, 1.14617971209e-23, 1.98228612801e-23, 1.49418617374e-23, 9.00414988006e-24, 1.31394068657e-23, 7.92957381016e-24, 7.51264031136e-24, 9.3675134125e-24, 1.18958875555e-23, 8.75129866069e-24, 9.55574114651e-24, 8.95233197378e-24, 8.54093391196e-24, 7.33899467119e-24, 9.49594785648e-24, 9.18285132978e-24, 1.11007299626e-23], "var": [0.000139512892929, 0.000277218699921, 2.55825671047e-05, 3.38683639711e-06, 2.75609886558e-06, 6.31301190879e-07, 1.29387828451e-07, 2.5154412242e-07, 1.52742998694e-07, 7.47848218907e-08, 5.32291473121e-08, 1.32721496016e-08, 1.40880771937e-07, 1.37906838726e-10, 2.03106975682e-11, 2.26897823447e-11, 1.54992393919e-10, 3.08949227312e-10, 1.34106364902e-10, 1.45492340398e-10, 2.90188133939e-11, 2.34805942051e-11, 1.17826191512e-11, 1.10837153258e-12, 4.27057434554e-12, 2.75845318809e-13, 4.52707424499e-13, 3.30571724508e-13, 7.78217483402e-14, 3.50053708452e-15, 1.0665366651e-15, 9.2373876865e-16, 2.26728061849e-16, 7.73974436495e-17, 3.97609474627e-17, 9.31494308194e-17, 6.13796759041e-19, 4.12974237666e-19, 8.91173243445e-20, 1.70591186405e-20]}, "mfcc": {"mean": [-899.193725586, 226.639129639, 62.1282196045, 9.14053821564, 2.90158009529, -9.47900295258, -11.5366430283, -1.45743000507, 4.8766746521, 0.222980841994, -7.67171573639, -7.02840614319, 0.0100039271638], "cov": [[7283.1484375, 3762.23022461, -2089.98144531, 163.817947388, 1191.26025391, 353.139648438, 236.140274048, 407.392181396, 500.981567383, 468.83215332, 191.93081665, 131.779006958, 279.278137207], [3762.23022461, 2663.11401367, -420.339202881, 24.8284835815, 784.992248535, 417.426544189, 208.132537842, 316.341064453, 375.257232666, 309.878326416, 193.348358154, 159.262145996, 195.607116699], [-2089.98144531, -420.339202881, 1482.93579102, 160.661361694, -173.247375488, 225.315795898, 157.270874023, 40.8481521606, -37.4136161804, -54.5011787415, 75.7856674194, 82.9010009766, -8.72877407074], [163.817947388, 24.8284835815, 160.661361694, 399.843902588, 178.776504517, 126.24042511, 182.222457886, 98.1724472046, 22.8969078064, 42.2201080322, 58.6443862915, 50.6813430786, 45.499622345], [1191.26025391, 784.992248535, -173.247375488, 178.776504517, 496.173248291, 240.148376465, 103.073234558, 151.217773438, 160.661056519, 125.053207397, 88.8654174805, 85.20703125, 89.0893478394], [353.139648438, 417.426544189, 225.315795898, 126.24042511, 240.148376465, 290.43649292, 201.286621094, 139.460540771, 74.927520752, 44.5848464966, 77.2825393677, 87.2386245728, 77.8354034424], [236.140274048, 208.132537842, 157.270874023, 182.222457886, 103.073234558, 201.286621094, 336.16986084, 200.787796021, 0.271332800388, -19.651227951, 44.6507072449, 67.8604354858, 92.8151626587], [407.392181396, 316.341064453, 40.8481521606, 98.1724472046, 151.217773438, 139.460540771, 200.787796021, 211.349563599, 105.086936951, 28.5261173248, 36.2918128967, 68.2766113281, 88.4020385742], [500.981567383, 375.257232666, -37.4136161804, 22.8969078064, 160.661056519, 74.927520752, 0.271332800388, 105.086936951, 215.6043396, 153.769500732, 61.2450065613, 66.8732147217, 64.126411438], [468.83215332, 309.878326416, -54.5011787415, 42.2201080322, 125.053207397, 44.5848464966, -19.651227951, 28.5261173248, 153.769500732, 188.274581909, 101.484611511, 52.2110481262, 39.9762229919], [191.93081665, 193.348358154, 75.7856674194, 58.6443862915, 88.8654174805, 77.2825393677, 44.6507072449, 36.2918128967, 61.2450065613, 101.484611511, 109.173301697, 67.1608123779, 24.5113811493], [131.779006958, 159.262145996, 82.9010009766, 50.6813430786, 85.20703125, 87.2386245728, 67.8604354858, 68.2766113281, 66.8732147217, 52.2110481262, 67.1608123779, 95.5873031616, 63.3581008911], [279.278137207, 195.607116699, -8.72877407074, 45.499622345, 89.0893478394, 77.8354034424, 92.8151626587, 88.4020385742, 64.126411438, 39.9762229919, 24.5113811493, 63.3581008911, 110.47454071]], "icov": [[0.102345250547, -0.144832208753, 0.145267099142, -0.144605249166, 0.145083606243, -0.143261641264, 0.134410709143, -0.126341730356, 0.108217127621, -0.0862705409527, 0.061095546931, -0.0347251594067, 0.0156201058999], [-0.144832208753, 0.205978423357, -0.205610632896, 0.205837443471, -0.207178473473, 0.203247979283, -0.191679909825, 0.17957688868, -0.154118910432, 0.12198690325, -0.087168738246, 0.0499032102525, -0.0223392285407], [0.145267099142, -0.205610632896, 0.207849144936, -0.206759005785, 0.208931520581, -0.207331568003, 0.193631112576, -0.181121394038, 0.153793290257, -0.121375516057, 0.0851602703333, -0.0493594780564, 0.0223066303879], [-0.144605249166, 0.205837443471, -0.206759005785, 0.211511924863, -0.21221511066, 0.209054082632, -0.200044095516, 0.185348898172, -0.156301423907, 0.121417351067, -0.0860416665673, 0.0489314123988, -0.0209315977991], [0.145083606243, -0.207178473473, 0.208931520581, -0.21221511066, 0.221264734864, -0.219144523144, 0.208779647946, -0.196389079094, 0.165775790811, -0.130621641874, 0.0913560539484, -0.052431806922, 0.022524157539], [-0.143261641264, 0.203247979283, -0.207331568003, 0.209054082632, -0.219144523144, 0.229454755783, -0.217124029994, 0.206425249577, -0.179491236806, 0.144369333982, -0.102691121399, 0.0561464764178, -0.0253656134009], [0.134410709143, -0.191679909825, 0.193631112576, -0.200044095516, 0.208779647946, -0.217124029994, 0.227511033416, -0.2234172225, 0.194937497377, -0.151595294476, 0.104074165225, -0.0589271262288, 0.0219426620752], [-0.126341730356, 0.17957688868, -0.181121394038, 0.185348898172, -0.196389079094, 0.206425249577, -0.2234172225, 0.241413980722, -0.217370718718, 0.179805725813, -0.12678091228, 0.0719594955444, -0.0337878651917], [0.108217127621, -0.154118910432, 0.153793290257, -0.156301423907, 0.165775790811, -0.179491236806, 0.194937497377, -0.217370718718, 0.222192004323, -0.194234400988, 0.144880533218, -0.0857596993446, 0.0371277146041], [-0.0862705409527, 0.12198690325, -0.121375516057, 0.121417351067, -0.130621641874, 0.144369333982, -0.151595294476, 0.179805725813, -0.194234400988, 0.192771837115, -0.153420805931, 0.0878156423569, -0.0437281355262], [0.061095546931, -0.087168738246, 0.0851602703333, -0.0860416665673, 0.0913560539484, -0.102691121399, 0.104074165225, -0.12678091228, 0.144880533218, -0.153420805931, 0.146930128336, -0.0884103775024, 0.0442738644779], [-0.0347251594067, 0.0499032102525, -0.0493594780564, 0.0489314123988, -0.052431806922, 0.0561464764178, -0.0589271262288, 0.0719594955444, -0.0857596993446, 0.0878156423569, -0.0884103775024, 0.075933098793, -0.0359064675868], [0.0156201058999, -0.0223392285407, 0.0223066303879, -0.0209315977991, 0.022524157539, -0.0253656134009, 0.0219426620752, -0.0337878651917, 0.0371277146041, -0.0437281355262, 0.0442738644779, -0.0359064675868, 0.0328528434038]]}, "spectral_contrast_coeffs": {"dmean": [0.0302842333913, 0.0243377871811, 0.0209448412061, 0.0183189082891, 0.014143390581, 0.0162229854614], "dmean2": [0.0505696497858, 0.0402890965343, 0.0338015593588, 0.0295001026243, 0.0217191539705, 0.027578542009], "dvar": [0.000873339711688, 0.000833435275126, 0.000805357471108, 0.000580229621846, 0.000325260858517, 0.000485527212732], "dvar2": [0.00223876768723, 0.00206457544118, 0.00191816012375, 0.0013490737183, 0.000569520052522, 0.00117839104496], "max": [-0.278826951981, -0.354821383953, -0.443522781134, -0.49280461669, -0.567900896072, -0.615495741367], "mean": [-0.644252896309, -0.658235192299, -0.637030363083, -0.72900813818, -0.796153068542, -0.878177165985], "median": [-0.681692063808, -0.669258356094, -0.6344383955, -0.723381817341, -0.805107235909, -0.890658855438], "min": [-0.979898333549, -0.99094504118, -0.959118545055, -0.979785978794, -0.972264707088, -0.959736287594], "var": [0.0141894202679, 0.00593312596902, 0.00399928027764, 0.00607546558604, 0.00684882281348, 0.00179458700586]}, "spectral_contrast_valleys": {"dmean": [0.268488556147, 0.220081463456, 0.270330399275, 0.260718077421, 0.20952937007, 0.283807426691], "dmean2": [0.433933794498, 0.362452417612, 0.434157133102, 0.419057279825, 0.338895231485, 0.501176774502], "dvar": [0.150319486856, 0.11318141222, 0.218449428678, 0.216940313578, 0.175252154469, 0.140185505152], "dvar2": [0.281365394592, 0.207325384021, 0.41062104702, 0.416438639164, 0.355471104383, 0.383596837521], "max": [-4.34191703796, -4.74270153046, -6.13549852371, -6.58873653412, -7.45585107803, -11.3799858093], "mean": [-7.94319534302, -8.02748012543, -10.