{"lowlevel": {"average_loudness": 0.75351524353, "barkbands_crest": {"dmean": 1.62403655052, "dmean2": 2.37810492516, "dvar": 3.11862874031, "dvar2": 6.337849617, "max": 25.5590953827, "mean": 13.449921608, "median": 12.9156455994, "min": 4.19888162613, "var": 18.9097366333}, "barkbands_flatness_db": {"dmean": 0.017456818372, "dmean2": 0.0274980068207, "dvar": 0.000254197540926, "dvar2": 0.000562042172533, "max": 0.499980449677, "mean": 0.352459609509, "median": 0.349708050489, "min": 0.0790553465486, "var": 0.00165814219508}, "barkbands_kurtosis": {"dmean": 0.949510812759, "dmean2": 1.36753261089, "dvar": 2.81585979462, "dvar2": 5.2336602211, "max": 48.8348579407, "mean": 1.91212451458, "median": 1.07230710983, "min": -1.63957989216, "var": 11.602850914}, "barkbands_skewness": {"dmean": 0.284242272377, "dmean2": 0.399588882923, "dvar": 0.114528685808, "dvar2": 0.175518125296, "max": 5.6955499649, "mean": 0.57803851366, "median": 0.729536890984, "min": -4.9807844162, "var": 1.00396180153}, "barkbands_spread": {"dmean": 0.875599384308, "dmean2": 1.30576610565, "dvar": 1.0287759304, "dvar2": 2.0605199337, "max": 23.9726448059, "mean": 6.04336452484, "median": 5.70038700104, "min": 0.691020131111, "var": 6.77841043472}, "dissonance": {"dmean": 0.0459167435765, "dmean2": 0.0786702856421, "dvar": 0.00164546514861, "dvar2": 0.00439919345081, "max": 0.500000119209, "mean": 0.348508298397, "median": 0.348941773176, "min": 0.0778409615159, "var": 0.00380016164854}, "dynamic_complexity": 3.15737128258, "erbbands_crest": {"dmean": 2.07255530357, "dmean2": 2.93803262711, "dvar": 6.07999038696, "dvar2": 10.8809785843, "max": 33.9672164917, "mean": 14.9185905457, "median": 12.9296007156, "min": 3.30054473877, "var": 45.5870704651}, "erbbands_flatness_db": {"dmean": 0.0128298476338, "dmean2": 0.0193088017404, "dvar": 0.000157699760166, "dvar2": 0.000306091562379, "max": 0.535876333714, "mean": 0.395742952824, "median": 0.389355301857, "min": 0.0660838410258, "var": 0.00177445495501}, "erbbands_kurtosis": {"dmean": 0.971319258213, "dmean2": 1.33578050137, "dvar": 4.59353065491, "dvar2": 6.62676095963, "max": 57.4657363892, "mean": 1.78957784176, "median": 0.143665075302, "min": -1.6901717186, "var": 24.8250827789}, "erbbands_skewness": {"dmean": 0.239390850067, "dmean2": 0.332028210163, "dvar": 0.0698277801275, "dvar2": 0.127644062042, "max": 2.96056675911, "mean": 0.119263418019, "median": 0.193517774343, "min": -4.29331636429, "var": 0.632748663425}, "erbbands_spread": {"dmean": 1.50718843937, "dmean2": 2.15276074409, "dvar": 3.50622034073, "dvar2": 6.02269697189, "max": 65.8405761719, "mean": 11.3737688065, "median": 11.2369327545, "min": 0.557754397392, "var": 30.1700496674}, "hfc": {"dmean": 2.76449203491, "dmean2": 3.57187604904, "dvar": 29.2617378235, "dvar2": 45.7790527344, "max": 167.051940918, "mean": 13.0011663437, "median": 9.57037448883, "min": 1.25845127577e-16, "var": 152.979141235}, "melbands_crest": {"dmean": 1.95340180397, "dmean2": 2.84862732887, "dvar": 4.64024925232, "dvar2": 9.22603225708, "max": 32.9943733215, "mean": 15.4221162796, "median": 14.8586139679, "min": 2.54600858688, "var": 24.2945404053}, "melbands_flatness_db": {"dmean": 0.0166973378509, "dmean2": 0.0259900074452, "dvar": 0.000316179939546, "dvar2": 0.000654096424114, "max": 0.580177545547, "mean": 0.447708934546, "median": 0.447751045227, "min": 0.00726404506713, "var": 0.00196113158017}, "melbands_kurtosis": {"dmean": 0.984004735947, "dmean2": 1.44805896282, "dvar": 2.19029331207, "dvar2": 4.68126344681, "max": 53.4936599731, "mean": 2.29965591431, "median": 1.66135072708, "min": -1.71832811832, "var": 9.86566734314}, "melbands_skewness": {"dmean": 0.285406678915, "dmean2": 0.399030536413, "dvar": 0.11762739718, "dvar2": 0.184389188886, "max": 5.34671592712, "mean": 0.853507518768, "median": 0.962848782539, "min": -3.8710269928, "var": 1.04053533077}, "melbands_spread": {"dmean": 1.37548136711, "dmean2": 2.03213858604, "dvar": 3.35133552551, "dvar2": 6.35177469254, "max": 123.992729187, "mean": 9.72517204285, "median": 8.9894323349, "min": 1.51242423058, "var": 27.5883998871}, "pitch_salience": {"dmean": 0.0411058589816, "dmean2": 0.0623817034066, "dvar": 0.00212790886872, "dvar2": 0.00476504489779, "max": 0.815733969212, "mean": 0.482413768768, "median": 0.481411904097, "min": 0.140904918313, "var": 0.00937689561397}, "silence_rate_20dB": {"dmean": 0, "dmean2": 0, "dvar": 0, "dvar2": 0, "max": 1, "mean": 1, "median": 1, "min": 1, "var": 0}, "silence_rate_30dB": {"dmean": 0.00497925328091, "dmean2": 0.00996057316661, "dvar": 0.00495446333662, "dvar2": 0.0111064054072, "max": 1, "mean": 0.993569791317, "median": 1, "min": 0, "var": 0.00638875318691}, "silence_rate_60dB": {"dmean": 0.00248962664045, "dmean2": 0.0049802865833, "dvar": 0.0024833176285, "dvar2": 0.00537050049752, "max": 1, "mean": 0.0348475426435, "median": 0, "min": 0, "var": 0.0336334966123}, "spectral_centroid": {"dmean": 36.3191871643, "dmean2": 50.5586013794, "dvar": 14079.6064453, "dvar2": 18859.2695312, "max": 11039.4980469, "mean": 578.058044434, "median": 550.283630371, "min": 281.261810303, "var": 76976.6640625}, "spectral_complexity": {"dmean": 1.20331954956, "dmean2": 1.94936704636, "dvar": 1.49599707127, "dvar2": 3.25909900665, "max": 20, "mean": 10.3727445602, "median": 11, "min": 0, "var": 8.14918518066}, "spectral_decrease": {"dmean": 1.13107312405e-09, "dmean2": 1.46968404113e-09, "dvar": 3.5164667931e-18, "dvar2": 5.65630156049e-18, "max": 1.40429386525e-28, "mean": -5.87205528646e-09, "median": -4.62836302617e-09, "min": -4.94280030239e-08, "var": 2.1545700801e-17}, "spectral_energy": {"dmean": 0.00451197428629, "dmean2": 0.00585788302124, "dvar": 5.68612049392e-05, "dvar2": 9.12432733458e-05, "max": 0.201704725623, "mean": 0.0233417171985, "median": 0.0183502044529, "min": 1.08845134436e-20, "var": 0.000345374079188}, "spectral_energyband_high": {"dmean": 2.55184659181e-07, "dmean2": 3.59602125855e-07, "dvar": 5.56634436894e-13, "dvar2": 1.22203755362e-12, "max": 2.68718413281e-05, "mean": 6.52692335734e-07, "median": 2.84102554815e-07, "min": 7.71159320892e-21, "var": 1.40618538948e-12}, "spectral_energyband_low": {"dmean": 0.000271578435786, "dmean2": 0.000443066412117, "dvar": 1.50294127366e-07, "dvar2": 3.5903326534e-07, "max": 0.00735947210342, "mean": 0.000421827251557, "median": 0.000252291589277, "min": 5.26047350808e-23, "var": 2.58341884773e-07}, "spectral_energyband_middle_high": {"dmean": 0.00146481313277, "dmean2": 0.00192332500592, "dvar": 2.48839060077e-05, "dvar2": 4.03851299779e-05, "max": 0.179055631161, "mean": 0.00491057988256, "median": 0.00238944683224, "min": 1.57719472514e-21, "var": 9.62044796324e-05}, "spectral_energyband_middle_low": {"dmean": 0.00366039318033, "dmean2": 0.0047551440075, "dvar": 3.31746814481e-05, "dvar2": 5.1293442084e-05, "max": 0.132155939937, "mean": 0.0193248167634, "median": 0.0150312939659, "min": 2.77387374673e-22, "var": 0.000255771301454}, "spectral_entropy": {"dmean": 0.153846889734, "dmean2": 0.241032376885, "dvar": 0.0358618535101, "dvar2": 0.0795314982533, "max": 9.80472278595, "mean": 5.59036827087, "median": 5.60116195679, "min": 4.33253192902, "var": 0.150351375341}, "spectral_flux": {"dmean": 0.0174939110875, "dmean2": 0.0276864022017, "dvar": 0.000655682524666, "dvar2": 0.00152196187992, "max": 0.351359069347, "mean": 0.0366130210459, "median": 0.0282397828996, "min": 1.0432887193e-10, "var": 0.00079941743752}, "spectral_kurtosis": {"dmean": 31.4514980316, "dmean2": 55.2165641785, "dvar": 752.383544922, "dvar2": 2069.7331543, "max": 229.659210205, "mean": 92.3194580078, "median": 94.6460723877, "min": -1.19496440887, "var": 1620.78991699}, "spectral_rms": {"dmean": 0.000433866895037, "dmean2": 0.000561478896998, "dvar": 3.29744949568e-07, "dvar2": 5.23432447608e-07, "max": 0.0140280108899, "mean": 0.00444246921688, "median": 0.00423115119338, "min": 3.2586865064e-12, "var": 3.03689830616e-06}, "spectral_rolloff": {"dmean": 76.2725372314, "dmean2": 130.830383301, "dvar": 68812.734375, "dvar2": 138509.390625, "max": 19358.3496094, "mean": 845.683227539, "median": 753.662109375, "min": 64.599609375, "var": 699990.8125}, "spectral_skewness": {"dmean": 1.81968224049, "dmean2": 3.25073552132, "dvar": 2.16537904739, "dvar2": 6.21047019958, "max": 11.9547214508, "mean": 6.51065349579, "median": 6.65567970276, "min": 0.0360723137856, "var": 4.3813328743}, "spectral_spread": {"dmean": 286699.84375, "dmean2": 519845.96875, "dvar": 258616786944, "dvar2": 388104421376, "max": 40175124, "mean": 980765.0625, "median": 883727.0625, "min": 301846.71875, "var": 744371912704}, "spectral_strongpeak": {"dmean": 0.427486747503, "dmean2": 0.639714598656, "dvar": 0.501931250095, "dvar2": 0.884449720383, "max": 12.3822393417, "mean": 1.79113781452, "median": 1.30504596233, "min": 0, "var": 2.40893936157}, "zerocrossingrate": {"dmean": 0.00217791670002, "dmean2": 0.00250878673978, "dvar": 2.07906105061e-05, "dvar2": 1.80053229997e-05, "max": 0.49755859375, "mean": 0.0293817501515, "median": 0.02734375, "min": 0.0068359375, "var": 0.000604495406151}, "barkbands": {"dmean": [2.05172163987e-05, 0.000126195518533, 0.000148743740283, 0.000152310327394, 0.00136355240829, 0.000344933621818, 0.000612182018813, 0.00101495464332, 0.000933333183639, 0.00137811608147, 0.000203979856451, 0.000112087262096, 0.000220592366531, 7.96007661847e-05, 2.06916956813e-05, 2.46532163146e-05, 1.25147907966e-05, 1.49402671923e-06, 1.8735448748e-06, 5.06225774188e-07, 4.7074003362e-08, 2.14282351862e-08, 6.48443299056e-09, 1.68797031908e-09, 1.09897269063e-09, 1.00714026008e-09, 1.05485731261e-09], "dmean2": [3.60832673323e-05, 0.00021451037901, 0.000254365237197, 0.000216641172301, 0.00191213958897, 0.000464603654109, 0.0009614166338, 0.00124045275152, 0.00137602072209, 0.00158795341849, 0.000284427718725, 0.000195276355953, 0.000305168388877, 0.000126787403133, 3.10427822114e-05, 3.44125219272e-05, 1.97093850147e-05, 2.33341665989e-06, 2.92259869639e-06, 6.62233787807e-07, 7.06687757202e-08, 3.43854580365e-08, 1.02064161567e-08, 2.97947555516e-09, 2.01402206024e-09, 1.86327908658e-09, 1.96430294253e-09], "dvar": [8.72752037306e-10, 3.20031929846e-08, 5.97841562922e-08, 1.54958158305e-07, 7.51971583668e-06, 1.16874537071e-06, 3.68609562429e-06, 5.56146187591e-06, 5.55752058062e-06, 3.31879964506e-05, 2.08345596775e-07, 8.42777936327e-08, 1.56610454383e-07, 4.06311642109e-08, 1.51233814361e-09, 3.19560200523e-09, 5.80940906492e-10, 3.00225434791e-11, 1.3384556484e-11, 2.78560638098e-12, 3.56894689583e-14, 1.67713014835e-14, 1.86805980264e-15, 8.52244251288e-17, 3.72349769272e-18, 1.96117326765e-18, 2.12802035349e-18], "dvar2": [2.44597631038e-09, 8.22661263555e-08, 1.5364908279e-07, 2.52653819643e-07, 1.30254593387e-05, 1.54248391482e-06, 9.17740726436e-06, 8.29863529361e-06, 9.41249709285e-06, 4.85035016027e-05, 3.64564357369e-07, 2.90807690817e-07, 3.08752078126e-07, 8.82531381308e-08, 2.96276869705e-09, 6.86063472699e-09, 1.27297272723e-09, 7.37957195351e-11, 3.52693950434e-11, 5.55752796214e-12, 7.87320038266e-14, 4.04978310544e-14, 4.62422433312e-15, 2.31461361367e-16, 1.11728542652e-17, 6.50768299622e-18, 7.12731158538e-18], "max": [0.000349380075932, 0.00285740057006, 0.00426664110273, 0.0138388033956, 0.10110720247, 0.0572023205459, 0.0692652463913, 0.0779147744179, 0.0807842612267, 0.176097854972, 0.0142812235281, 0.00719355186448, 0.00999128445983, 0.00857958104461, 0.0012205936946, 0.00212394236587, 0.000479072274175, 0.000231740661548, 0.000102017060271, 6.19080747128e-05, 7.60018201618e-06, 6.73901013215e-06, 1.9054675704e-06, 4.269076328e-07, 6.86561705265e-08, 1.72813781063e-08, 1.72951821753e-08], "mean": [2.12586928683e-05, 0.0001397774613, 0.000163017684827, 0.000443493918283, 0.00684061879292, 0.000876485544723, 0.0021451455541, 0.00384748494253, 0.00291774957441, 0.00393707072362, 0.000682506710291, 0.00025487592211, 0.000683146994561, 0.000215861145989, 6.84645347064e-05, 7.57580201025e-05, 1.91999151866e-05, 2.99909743262e-06, 5.18525894222e-06, 1.53552900883e-06, 8.24646164688e-08, 3.46420385711e-08, 9.38245037219e-09, 2.48833420535e-09, 1.64211899634e-09, 1.50653245434e-09, 1.15413278934e-09], "median": [1.10770870378e-05, 7.90501217125e-05, 8.41599467094e-05, 3.87548461731e-05, 0.00470725120977, 0.00020005798433, 0.000657968223095, 0.00135057256557, 0.00126017059665, 0.000359118363122, 0.000357375858584, 8.91061936272e-05, 0.000346984219505, 0.000104734033812, 3.88677690353e-05, 3.67186112271e-05, 8.87549413164e-06, 7.11510040219e-07, 2.63628794528e-06, 5.08127072862e-07, 2.25224461303e-08, 1.43388279028e-08, 2.89561508104e-09, 1.40852751684e-09, 1.18017429163e-09, 1.10333098213e-09, 6.95675739237e-10], "min": [3.18533008959e-23, 1.37878592073e-23, 8.23510279419e-24, 2.76468231812e-23, 3.66838306956e-23, 5.33005293318e-23, 6.96103989412e-23, 4.65020376982e-23, 3.26645938499e-23, 2.36603855941e-23, 3.06459587468e-23, 4.35715898293e-23, 5.28058220364e-23, 1.50522915357e-22, 2.81394586123e-22, 1.48883952696e-22, 1.61905875296e-22, 2.5043632681e-22, 3.36108817306e-22, 2.94232016246e-22, 3.38800814611e-22, 4.57292392632e-22, 5.99501067458e-22, 6.98220358071e-22, 1.47590276348e-21, 1.55382636796e-21, 2.79296806814e-21], "var": [8.75159056335e-10, 3.24974465116e-08, 5.8058780894e-08, 1.55916916356e-06, 5.26657058799e-05, 5.08446100866e-06, 1.69775030372e-05, 5.50369695702e-05, 3.26143053826e-05, 0.000153388697072, 1.04117236788e-06, 2.26707982165e-07, 8.45800684601e-07, 1.87933110851e-07, 9.00813024174e-09, 1.79256520738e-08, 8.97852736603e-10, 7.22432252909e-11, 4.84736070727e-11, 9.01149641019e-12, 6.59110488627e-14, 1.87598925923e-14, 2.03997509193e-15, 7.04845761563e-17, 3.55297854534e-18, 2.01030448731e-18, 1.95003279916e-18]}, "erbbands": {"dmean": [0.00247503304854, 0.0347672961652, 0.166964322329, 0.278483122587, 1.37161135674, 6.03551387787, 4.71435689926, 3.01848745346, 9.76816368103, 16.8103637695, 15.5844545364, 26.995382309, 33.5858154297, 28.420753479, 10.576874733, 5.20191240311, 11.3292274475, 4.31382751465, 1.18460297585, 1.63878452778, 0.778144598007, 0.471789211035, 0.32428830862, 0.133536890149, 0.0419663451612, 0.0149369500577, 0.00550580304116, 0.00157766474877, 0.000713764165994, 0.000451675674412, 0.000138658549986, 4.86848766741e-05, 2.40442823269e-05, 1.42409144246e-05, 8.64125831868e-06, 5.16322234034e-06, 2.6218781386e-06, 8.14036525298e-07, 2.22240032599e-06, 5.14078647029e-06], "dmean2": [0.00430299295112, 0.0588332787156, 0.284354686737, 0.420336306095, 2.07325220108, 8.3302230835, 6.78139066696, 4.17745685577, 15.0748128891, 20.3295612335, 21.9040927887, 39.327709198, 35.1894493103, 37.7433547974, 14.5012254715, 8.87967014313, 15.6026992798, 6.87590646744, 1.83624780178, 2.30245947838, 1.08723521233, 0.736702442169, 0.50384926796, 0.214424550533, 0.0585511885583, 0.0210851021111, 0.00725378794596, 0.0023152527865, 0.00114599475637, 0.000709453364834, 0.000213227423956, 8.25186507427e-05, 4.24345162173e-05, 2.47959942499e-05, 1.47811970237e-05, 8.58296789374e-06, 4.23218352807e-06, 1.38134657846e-06, 2.88684282168e-06, 6.66779260428e-06], "dvar": [9.34940271691e-06, 0.00259671080858, 0.0719016492367, 0.327745050192, 8.20450401306, 154.471481323, 113.210700989, 93.4229354858, 944.057861328, 1300.48840332, 2334.9284668, 4414.59570312, 19681.9335938, 30001.4472656, 562.788391113, 181.400497437, 408.808746338, 110.912773132, 5.9732837677, 11.7595691681, 3.5554318428, 0.873744368553, 0.433082729578, 0.0799271166325, 0.0143624218181, 0.00162583519705, 0.00034102157224, 3.51174458046e-05, 1.41783712024e-05, 5.76996808377e-06, 6.36922720787e-07, 9.34185351298e-08, 6.94105306565e-09, 9.25668208751e-10, 1.45995229794e-10, 4.86967445534e-11, 1.32077630083e-11, 1.27585203687e-12, 1.42480046858e-11, 7.51835468882e-11], "dvar2": [2.52537538472e-05, 0.00658475700766, 0.182801425457, 0.60780364275, 16.750120163, 281.881652832, 177.735778809, 130.68145752, 2171.92773438, 1721.42529297, 4237.68115234, 7483.50097656, 21580.8867188, 51238.5820312, 962.766418457, 662.827636719, 798.987365723, 238.391189575, 13.7474193573, 22.3617153168, 7.40722131729, 1.91825485229, 0.937512338161, 0.211198747158, 0.0323935374618, 0.00351733807474, 0.00073523062747, 7.48726452002e-05, 3.42143866874e-05, 1.48416847878e-05, 1.52898678607e-06, 2.54230144492e-07, 1.89372393322e-08, 2.54655652121e-09, 4.10161432596e-10, 1.23928839413e-10, 3.05544478607e-11, 3.27753167488e-12, 2.25957447197e-11, 1.20316090424e-10], "max": [0.0296249371022, 0.825214743614, 4.77011442184, 17.8796482086, 72.4849014282, 442.835113525, 391.060150146, 504.189971924, 1031.39709473, 895.273681641, 2141.01831055, 2266.30273438, 4806.28173828, 6622.43847656, 772.600097656, 351.958770752, 518.472167969, 423.666351318, 96.5729293823, 130.020065308, 77.0754013062, 19.4789123535, 11.8132925034, 7.60764360428, 2.62156653404, 1.42399978638, 0.709002792835, 0.152227506042, 0.188482493162, 0.0822190269828, 0.0354438535869, 0.0136167453602, 0.00381166022271, 0.00129179970827, 0.000277275743429, 0.00013133858738, 7.54333595978e-05, 2.25440489885e-05, 0.000103918180685, 0.00023557174427], "mean": [0.00294026406482, 0.037663847208, 0.18993729353, 0.752528786659, 5.26611089706, 31.1776695251, 19.5620956421, 8.06967067719, 33.8432426453, 56.8805809021, 65.3793106079, 88.2259216309, 109.793418884, 69.8816604614, 36.137424469, 14.6122274399, 36.0915145874, 12.7067155838, 4.05821180344, 5.69389438629, 2.27778625488, 0.788579344749, 0.521811664104, 0.382162481546, 0.113486245275, 0.0396181493998, 0.016141558066, 0.00307235191576, 0.00120381417219, 0.000686870305799, 0.000225282667088, 8.65923939273e-05, 5.04592899233e-05, 3.53156428901e-05, 2.57495194091e-05, 1.79697999556e-05, 1.01547675513e-05, 2.57902479461e-06, 1.15261755127e-05, 2.65094404313e-05], "median": [0.00189791119192, 0.0199790485203, 0.103398062289, 0.215577691793, 2.75887537003, 20.1498756409, 10.0724973679, 3.3294377327, 11.1960582733, 28.4460372925, 25.5592079163, 41.0571937561, 15.8889656067, 7.99059581757, 19.2539749146, 8.44028568268, 18.8272418976, 7.49757623672, 2.46976995468, 3.0379216671, 1.01425600052, 0.380752533674, 0.22276738286, 0.190560162067, 0.0593176968396, 0.0181294828653, 0.00578459585086, 0.00105500326026, 0.000517421343829, 0.000288149196422, 8.94728364074e-05, 5.01832910231e-05, 3.63901817764e-05, 2.78008737951e-05, 2.0929839593e-05, 1.45748745126e-05, 8.21556659503e-06, 2.04600814868e-06, 9.03792897589e-06, 2.08347883017e-05], "min": [9.87698887828e-22, 1.18223244144e-21, 6.55695772203e-21, 6.06515966988e-20, 7.43041868596e-20, 1.46083366125e-19, 3.42832035908e-19, 5.02723515074e-19, 8.96952987029e-19, 9.8274019855e-19, 1.01174032365e-18, 7.68912872831e-19, 8.34620430079e-19, 8.56333042279e-19, 1.27458502829e-18, 1.8734501433e-18, 2.32464697536e-18, 6.99092191008e-18, 9.92567517817e-18, 1.56062528353e-17, 7.51510460989e-18, 9.18001238781e-18, 9.32729520459e-18, 1.93841587464e-17, 1.47099811349e-17, 1.55489887758e-17, 1.76122568106e-17, 9.91778718385e-18, 1.1962027583e-17, 2.16033222025e-17, 1.8572610193e-17, 1.32115823327e-17, 1.28231077114e-17, 1.32511356281e-17, 1.20829299557e-17, 5.8289097525e-18, 2.95866643922e-18, 1.44305111339e-18, 3.59637218178e-19, 4.04993767137e-20], "var": [1.02046979009e-05, 0.00262403348461, 0.0715062245727, 2.76509666443, 50.0378723145, 1175.46655273, 801.406799316, 343.856689453, 4194.05810547, 6521.88916016, 32551.125, 25869.4394531, 135692.875, 96207.2734375, 2825.94702148, 487.909667969, 2256.05883789, 479.324401855, 31.623960495, 81.1468353271, 20.4575805664, 1.42444264889, 0.731057465076, 0.267206788063, 0.030499720946, 0.0043624038808, 0.0010346416384, 6.55305411783e-05, 1.64884113474e-05, 5.83193059356e-06, 7.94444417807e-07, 7.95174130985e-08, 6.64964261432e-09, 1.21046750401e-09, 3.9209060998e-10, 1.81291412438e-10, 5.74306470436e-11, 4.28368451821e-12, 8.57109938579e-11, 4.5230236223e-10]}, "gfcc": {"mean": [-181.350021362, 242.352722168, -148.367416382, -58.3205070496, -20.9622364044, -34.176940918, -21.2063312531, -14.7746429443, -17.0361328125, -13.8997354507, -5.77588319778, -15.7920036316, -3.49192380905], "cov": [[7220.41308594, 1422.82287598, -1107.67651367, -336.472473145, 15.7739448547, -593.336486816, 175.408996582, -314.113372803, -27.716053009, -172.216812134, -90.175743103, -281.389343262, 7.77901649475], [1422.82287598, 594.288146973, -180.701629639, -152.641708374, 73.0701675415, -160.634384155, -23.4943943024, -74.9619598389, -38.9872932434, -43.2033538818, 19.6995258331, -71.2949447632, -18.1713867188], [-1107.67651367, -180.701629639, 351.30947876, 15.6500387192, -45.3854789734, 119.328567505, -27.5563106537, 45.4881896973, -1.435328722, -10.556804657, -32.9516372681, 51.0499191284, 39.4394073486], [-336.472473145, -152.641708374, 15.6500387192, 232.28578186, 43.0031433105, -5.46872663498, -5.29195642471, 34.8776092529, 12.2040462494, 73.2356109619, 62.718296051, -5.29522943497, -82.2061538696], [15.7739448547, 73.0701675415, -45.3854789734, 43.0031433105, 124.676933289, 28.2014884949, -30.5601215363, -10.0315647125, -4.73307180405, -0.0607249476016, 26.3031177521, 10.5871648788, -25.4488983154], [-593.336486816, -160.634384155, 119.328567505, -5.46872663498, 28.2014884949, 241.850753784, 42.8264694214, 1.99113047123, 26.8836650848, -41.5516662598, -57.8251609802, 90.7091064453, 54.3332824707], [175.408996582, -23.4943943024, -27.5563106537, -5.29195642471, -30.5601215363, 42.8264694214, 121.329696655, 25.4105815887, 7.37620973587, -5.2458190918, -27.7897109985, -6.40187072754, 19.3188495636], [-314.113372803, -74.9619598389, 45.4881896973, 34.8776092529, -10.0315647125, 1.99113047123, 25.4105815887, 97.5256195068, 33.6624221802, 17.5678939819, 16.2389450073, 7.00684499741, -20.5364151001], [-27.716053009, -38.9872932434, -1.435328722, 12.2040462494, -4.73307180405, 26.8836650848, 7.37620973587, 33.6624221802, 73.0411529541, 15.2272758484, -18.194272995, 21.5201301575, -3.61156916618], [-172.216812134, -43.2033538818, -10.556804657, 73.2356109619, -0.0607249476016, -41.5516662598, -5.2458190918, 17.5678939819, 15.2272758484, 127.679664612, 89.1506195068, -38.6950111389, -67.119720459], [-90.175743103, 19.6995258331, -32.9516372681, 62.718296051, 26.3031177521, -57.8251609802, -27.7897109985, 16.2389450073, -18.194272995, 89.1506195068, 131.595855713, -10.2367601395, -76.3648910522], [-281.389343262, -71.2949447632, 51.0499191284, -5.29522943497, 10.5871648788, 90.7091064453, -6.40187072754, 7.00684499741, 21.5201301575, -38.6950111389, -10.2367601395, 105.825546265, 54.940448761], [7.77901649475, -18.1713867188, 39.4394073486, -82.2061538696, -25.4488983154, 54.3332824707, 19.3188495636, -20.5364151001, -3.61156916618, -67.119720459, -76.3648910522, 54.940448761, 138.085250854]], "icov": [[0.000832652673125, -0.00135559099726, 0.00131582235917, -0.000806082040071, 0.00100330892019, 0.00062253564829, -0.00145609420724, 0.00217583426274, -0.00250419741496, 0.00223946757615, -0.0012618136825, 0.00140571815427, -0.000847798306495], [-0.00135559099726, 0.00789850112051, -0.0041545345448, 0.00589534314349, -0.00840555503964, 0.00467471964657, -0.00235890038311, 0.0023929788731, -0.00161638250574, 0.00181245978456, -0.00324188987724, 0.000135547525133, 0.002101366641], [0.00131582235917, -0.0041545345448, 0.00966739095747, -0.00361438561231, 0.00809108652174, -0.00577758485451, 0.0054127201438, -0.00509006716311, 0.00499759195372, -0.00239734887145, 0.00450869882479, 0.000193236628547, -0.0019015474245], [-0.000806082040071, 0.00589534314349, -0.00361438561231, 0.0119451740757, -0.00955153349787, 0.00594878848642, -0.00385520979762, 0.00105127494317, 0.00136174040381, -0.00444915099069, 0.00234319642186, -0.0055562495254, 0.00693905074149], [0.00100330892019, -0.00840555503964, 0.00809108652174, -0.00955153349787, 0.0233393013477, -0.0128538412973, 0.0103962104768, -0.00606553535908, 0.00405163737014, 0.00104458653368, -0.000636474811472, 0.00355143658817, -0.00330868712626], [0.00062253564829, 0.00467471964657, -0.00577758485451, 0.00594878848642, -0.0128538412973, 0.0198396518826, -0.0139885200188, 0.0115782385692, -0.00693444767967, 0.0015808143653, 0.00259101088159, -0.00992743391544, 0.00524518499151], [-0.00145609420724, -0.00235890038311, 0.0054127201438, -0.00385520979762, 0.0103962104768, -0.0139885200188, 0.0234059020877, -0.0177013073117, 0.0149047542363, -0.0107268719003, 0.00946512445807, 0.000441033014795, -0.00232174410485], [0.00217583426274, 0.0023929788731, -0.00509006716311, 0.00105127494317, -0.00606553535908, 0.0115782385692, -0.0177013073117, 0.0334663875401, -0.0292512327433, 0.0213912986219, -0.0211268663406, 0.0100688766688, -0.00200508208945], [-0.00250419741496, -0.00161638250574, 0.00499759195372, 0.00136174040381, 0.00405163737014, -0.00693444767967, 0.0149047542363, -0.0292512327433, 0.0555147752166, -0.0404351092875, 0.0429513268173, -0.0310297627002, 0.0142479902133], [0.00223946757615, 0.00181245978456, -0.00239734887145, -0.00444915099069, 0.00104458653368, 0.0015808143653, -0.0107268719003, 0.0213912986219, -0.0404351092875, 0.0526719242334, -0.0478879995644, 0.0342742092907, -0.0131742609665], [-0.0012618136825, -0.00324188987724, 0.00450869882479, 0.00234319642186, -0.000636474811472, 0.00259101088159, 0.00946512445807, -0.0211268663406, 0.0429513268173, -0.0478879995644, 0.060703959316, -0.0391268692911, 0.021133331582], [0.00140571815427, 0.000135547525133, 0.000193236628547, -0.0055562495254, 0.00355143658817, -0.00992743391544, 0.000441033014795, 0.0100688766688, -0.0310297627002, 0.0342742092907, -0.0391268692911, 0.0468209125102, -0.0218466073275], [-0.000847798306495, 0.002101366641, -0.0019015474245, 0.00693905074149, -0.00330868712626, 0.00524518499151, -0.00232174410485, -0.00200508208945, 0.0142479902133, -0.0131742609665, 0.021133331582, -0.0218466073275, 0.0239417739213]]}, "melbands": {"dmean": [2.82826458715e-05, 7.08174775355e-05, 7.13184781489e-05, 0.000245301489485, 0.000219656867557, 7.15644055163e-05, 0.000143611905514, 0.000201930233743, 0.000128991887323, 0.000161937132361, 0.000166774159879, 0.000120862612675, 2.95990485029e-05, 1.89348229469e-05, 2.16703356273e-05, 1.56051937665e-05, 9.05010438146e-06, 2.06832214644e-06, 1.40831912177e-06, 2.65805942945e-06, 5.56995644274e-07, 3.48806139527e-07, 8.41439430133e-07, 5.61815340916e-08, 1.26154617419e-07, 3.09419867506e-08, 2.59910830636e-08, 8.21813639362e-09, 5.1364028586e-09, 1.67601832413e-09, 6.25765661511e-10, 5.57255575018e-10, 2.12906595132e-10, 2.43960407431e-10, 7.53981529988e-11, 5.06482598917e-11, 2.29868554746e-11, 1.68402496808e-11, 1.30434664805e-11, 1.05357025187e-11], "dmean2": [4.8567479098e-05, 0.000119376192742, 0.000104763457784, 0.000346202112269, 0.000311312382109, 9.67280575424e-05, 0.000221957772737, 0.000239555927692, 0.000186677498277, 0.000234669292695, 0.000174029511982, 0.000162295982591, 4.11905966757e-05, 3.00164174405e-05, 3.16990008287e-05, 2.14250612771e-05, 1.45286849147e-05, 3.20384265251e-06, 2.04088382816e-06, 3.74532555725e-06, 7.79694573794e-07, 5.53789618607e-07, 1.31613933263e-06, 9.34069888103e-08, 2.03718357739e-07, 3.91449113124e-08, 3.54167610794e-08, 1.1955020085e-08, 6.56958265566e-09, 2.42148012752e-09, 9.67924074224e-10, 8.93788987266e-10, 3.40880740302e-10, 3.85977000361e-10, 1.13146568503e-10, 8.39614350268e-11, 4.0361977649e-11, 3.03794593648e-11, 2.36325750635e-11, 1.92255222159e-11], "dvar": [1.38959577178e-09, 1.20807861492e-08, 2.32586057081e-08, 2.36689828625e-07, 2.49532945418e-07, 5.92523008436e-08, 2.11622761981e-07, 1.86914917322e-07, 1.35375529453e-07, 1.90637607034e-07, 4.94236076065e-07, 5.83207565796e-07, 4.1016643415e-09, 1.97737937135e-09, 1.30413335686e-09, 7.53005213738e-10, 4.83897144576e-10, 2.1613391632e-11, 7.60978433045e-12, 3.12532048852e-11, 1.92777846637e-12, 5.75322775531e-13, 3.19037634852e-12, 1.06692148063e-13, 6.8309941037e-14, 7.11748656567e-15, 6.74910939581e-15, 4.63370114949e-16, 3.21892239942e-16, 4.12826884746e-17, 9.52061062247e-18, 1.09519747078e-17, 7.11932588035e-19, 2.09841555937e-18, 1.69954363962e-19, 1.18802148192e-19, 1.61247825957e-20, 3.2933166152e-21, 1.28447749854e-21, 5.28121045247e-22], "dvar2": [3.61962126938e-09, 3.03436351601e-08, 4.04276860877e-08, 4.8054812396e-07, 3.8347459963e-07, 7.79835787057e-08, 4.98589201925e-07, 2.3503939417e-07, 2.51268204465e-07, 3.11845894885e-07, 5.46849605598e-07, 9.88665078694e-07, 7.1927459544e-09, 5.44417311232e-09, 2.82660850282e-09, 1.45687573117e-09, 1.07680608874e-09, 5.10713346613e-11, 1.44019362408e-11, 6.62956356479e-11, 3.9380686212e-12, 1.2928961287e-12, 6.890751858e-12, 2.69040161243e-13, 1.84806285401e-13, 1.57593834087e-14, 1.37132846921e-14, 1.04550864866e-15, 6.89414250633e-16, 8.05648307115e-17, 2.2434853785e-17, 2.61565428473e-17, 1.91280470851e-18, 5.2743910309e-18, 3.7425401659e-19, 3.2600115934e-19, 4.4623906043e-20, 9.20311052107e-21, 3.53116254526e-21, 1.51971617388e-21], "max": [0.000519291148521, 0.00172756705433, 0.0049790777266, 0.0133484061807, 0.0195504613221, 0.0129765281454, 0.0159449912608, 0.0108349472284, 0.0162140466273, 0.015615850687, 0.0239895619452, 0.029273159802, 0.00197528162971, 0.00110238837078, 0.000858531799167, 0.000690745364409, 0.000976022216491, 0.000213452978642, 9.96953313006e-05, 0.000179954586201, 5.67129791307e-05, 1.97862955247e-05, 3.40069454978e-05, 1.49041215991e-05, 7.61641376812e-06, 2.34055164583e-06, 2.63620813712e-06, 6.64730407607e-07, 7.26967300579e-07, 1.88214471564e-07, 1.33752280362e-07, 1.73670400727e-07, 2.67661164344e-08, 5.39920428366e-08, 1.93621758626e-08, 1.31364030764e-08, 5.75527669966e-09, 2.51415155361e-09, 1.60124991044e-09, 9.46275613423e-10], "mean": [3.37864294124e-05, 7.91622151155e-05, 0.000205076939892, 0.00125491863582, 0.00100612395909, 0.000176992049091, 0.000499395828228, 0.000690422777552, 0.00053307187045, 0.000510687823407, 0.000533818092663, 0.000286581343971, 0.000100388671854, 5.59590989724e-05, 6.47221604595e-05, 4.88491277792e-05, 2.42156384047e-05, 6.95445032761e-06, 4.91450964546e-06, 8.29959572002e-06, 1.48536389588e-06, 5.69586745769e-07, 1.22368908251e-06, 1.33111100808e-07, 3.59796899829e-07, 6.431240962e-08, 7.01385332036e-08, 1.8575843086e-08, 1.5591783864e-08, 2.94873681028e-09, 1.04202591e-09, 8.33632329833e-10, 3.54359735999e-10, 3.36443650717e-10, 1.11063977459e-10, 6.82319478695e-11, 3.40404336663e-11, 2.46056976877e-11, 1.91080814366e-11, 1.5462646788e-11], "median": [2.14801675611e-05, 4.31234075222e-05, 5.08257289766e-05, 0.000908462912776, 0.000563348468859, 4.24697718699e-05, 0.000155835805344, 0.000339820893714, 0.000225812196732, 0.000218473447603, 6.22581137577e-05, 2.20127403736e-05, 5.59063300898e-05, 2.3667133064e-05, 3.67492284568e-05, 2.6267616704e-05, 1.17903728096e-05, 4.10194434153e-06, 2.81622510556e-06, 4.13608404415e-06, 5.04870058649e-07, 2.60191399093e-07, 4.45866504606e-07, 3.33904495164e-08, 1.65486895298e-07, 3.21286606209e-08, 2.19424549641e-08, 7.81438913577e-09, 4.24516821695e-09, 7.474181829e-10, 3.42946671061e-10, 2.95199559242e-10, 1.77013612102e-10, 1.14894919967e-10, 3.83436164764e-11, 2.84237598736e-11, 1.86064080809e-11, 1.53413635962e-11, 1.32416464946e-11, 1.09653397473e-11], "min": [7.61266550756e-24, 2.54149428038e-24, 1.04845925191e-23, 7.65263708963e-24, 1.06253331932e-23, 1.14047033129e-23, 1.30356172253e-23, 1.04257860941e-23, 7.90143119736e-24, 4.46087115723e-24, 4.05111510938e-24, 3.20251297895e-24, 4.3271166353e-24, 4.93124446032e-24, 3.5845733037e-24, 7.19309326904e-24, 1.28535520727e-23, 1.35147886941e-23, 2.36982808943e-23, 1.43856327577e-23, 8.35719637422e-24, 9.44645787873e-24, 7.10094484898e-24, 1.23343680011e-23, 1.62031509284e-23, 1.33423231898e-23, 6.95254196891e-24, 1.11627943831e-23, 1.13223943549e-23, 8.62980067065e-24, 4.59703328263e-24, 6.52008920953e-24, 9.48484385038e-24, 1.16162071768e-23, 1.11805650527e-23, 8.53353124122e-24, 7.8308612785e-24, 8.77718749788e-24, 9.49425574984e-24, 1.15469444004e-23], "var": [1.48067480499e-09, 1.22844756589e-08, 2.10078852092e-07, 1.58007901518e-06, 1.80510403425e-06, 2.33540561112e-07, 9.52957918798e-07, 9.73671376414e-07, 1.88407307178e-06, 1.11942176773e-06, 3.38138056577e-06, 1.8750745312e-06, 2.02252401493e-08, 7.96822519078e-09, 6.48253184465e-09, 4.08260625306e-09, 2.3272339611e-09, 1.23470872415e-10, 5.04066892393e-11, 1.82150100558e-10, 1.11323042798e-11, 9.49705808787e-13, 5.0950424435e-12, 2.55003049926e-13, 2.49862874531e-13, 1.33433515227e-14, 1.84681608927e-14, 1.08231244198e-15, 1.09672491934e-15, 8.40383937142e-17, 1.31250774386e-17, 1.24118037323e-17, 6.93398624133e-19, 2.12568212069e-18, 2.45552571492e-19, 1.04213919823e-19, 1.36361450994e-20, 2.89288405444e-21, 1.06600175139e-21, 4.57973917967e-22]}, "mfcc": {"mean": [-799.797302246, 253.973556519, -25.2366695404, -30.4637489319, 2.3864338398, -14.2065086365, -6.06257772446, -7.95910978317, -10.1062469482, 1.49798440933, -3.15696454048, -7.79152011871, -5.74859476089], "cov": [[3059.14648438, 1706.26672363, -758.298339844, -53.0557937622, 6.5755777359, -258.56262207, 3.26515984535, -160.709289551, -141.081710815, 52.4193534851, -66.4864807129, -0.321939736605, 62.8423233032], [1706.26672363, 1165.75, -301.997619629, -194.531173706, 15.0335712433, -108.693870544, -54.679889679, -49.5142288208, -58.3175392151, -8.33031749725, -49.2877426147, -68.0072555542, -45.60181427], [-758.298339844, -301.997619629, 320.539337158, -16.8992710114, -28.3764190674, 58.8226737976, -33.5259017944, 50.4026184082, 49.0391807556, -31.7139072418, 7.5807185173, -29.4881191254, -56.2013092041], [-53.0557937622, -194.531173706, -16.8992710114, 257.304290771, 19.4684486389, -74.4793014526, 41.1138114929, -50.4083328247, -55.2829627991, 26.5218410492, 35.3932952881, 97.0181045532, 91.5224685669], [6.5755777359, 15.0335712433, -28.3764190674, 19.4684486389, 123.268234253, 45.1505355835, -7.66387462616, 11.2865028381, -32.9212608337, -20.6548252106, 26.6942176819, 14.5777616501, 4.17068099976], [-258.56262207, -108.693870544, 58.8226737976, -74.4793014526, 45.1505355835, 146.635437012, 32.9803237915, 28.5965824127, 30.905954361, -7.66280651093, -4.00335407257, -38.6755752563, -33.8866996765], [3.26515984535, -54.679889679, -33.5259017944, 41.1138114929, -7.66387462616, 32.9803237915, 95.7323684692, 6.93205976486, -17.0914783478, 28.2923908234, 6.14601278305, 13.7978038788, 33.9535140991], [-160.709289551, -49.5142288208, 50.4026184082, -50.4083328247, 11.2865028381, 28.5965824127, 6.93205976486, 119.546379089, 82.3186416626, -28.2103118896, -18.5569133759, -48.9192047119, -56.8116188049], [-141.081710815, -58.3175392151, 49.0391807556, -55.2829627991, -32.9212608337, 30.905954361, -17.0914783478, 82.3186416626, 145.559875488, 11.4090328217, -53.3819389343, -64.4491348267, -65.8374176025], [52.4193534851, -8.33031749725, -31.7139072418, 26.5218410492, -20.6548252106, -7.66280651093, 28.2923908234, -28.2103118896, 11.4090328217, 74.1426773071, 24.520822525, 4.99295282364, 14.4165830612], [-66.4864807129, -49.2877426147, 7.5807185173, 35.3932952881, 26.6942176819, -4.00335407257, 6.14601278305, -18.5569133759, -53.3819389343, 24.520822525, 104.970909119, 70.8303833008, 15.6781520844], [-0.321939736605, -68.0072555542, -29.4881191254, 97.0181045532, 14.5777616501, -38.6755752563, 13.7978038788, -48.9192047119, -64.4491348267, 4.99295282364, 70.8303833008, 165.375991821, 120.13205719], [62.8423233032, -45.60181427, -56.2013092041, 91.5224685669, 4.17068099976, -33.8866996765, 33.9535140991, -56.8116188049, -65.8374176025, 14.4165830612, 15.6781520844, 120.13205719, 165.767150879]], "icov": [[3.47181415558, -4.86347436905, 4.71347427368, -4.51527404785, 4.19898700714, -3.78321528435, 3.322920084, -2.76946353912, 2.20120859146, -1.62157678604, 1.07430970669, -0.620081186295, 0.291157990694], [-4.86347436905, 6.81513881683, -6.60254335403, 6.32966184616, -5.88690948486, 5.30677366257, -4.66115045547, 3.88644981384, -3.08889651299, 2.27642154694, -1.50768017769, 0.870882451534, -0.408344984055], [4.71347427368, -6.60254335403, 6.40794181824, -6.13818788528, 5.7155008316, -5.15479803085, 4.53431415558, -3.78257346153, 3.00979304314, -2.21766591072, 1.47009432316, -0.849744439125, 0.400669485331], [-4.51527404785, 6.32966184616, -6.13818788528, 5.90121650696, -5.49675512314, 4.96970939636, -4.37867450714, 3.66099190712, -2.91873264313, 2.15609169006, -1.43135094643, 0.827715754509, -0.391650408506], [4.19898700714, -5.88690948486, 5.7155008316, -5.49675512314, 5.14326715469, -4.65299224854, 4.11069107056, -3.4480650425, 2.75929379463, -2.04080104828, 1.35719275475, -0.789538800716, 0.374236881733], [-3.78321528435, 5.30677366257, -5.15479803085, 4.96970939636, -4.65299224854, 4.2341299057, -3.7498831749, 3.15463805199, -2.53508424759, 1.88659131527, -1.26047480106, 0.736777544022, -0.351237088442], [3.322920084, -4.66115045547, 4.53431415558, -4.37867450714, 4.11069107056, -3.7498831749, 3.3531332016, -2.83018732071, 2.28671503067, -1.71540808678, 1.1494948864, -0.672933220863, 0.322449237108], [-2.76946353912, 3.88644981384, -3.78257346153, 3.66099190712, -3.4480650425, 3.15463805199, -2.83018732071, 2.42393922806, -1.9675899744, 1.48582303524, -1.00409519672, 0.593298494816, -0.288292765617], [2.20120859146, -3.08889651299, 3.00979304314, -2.91873264313, 2.75929379463, -2.53508424759, 2.28671503067, -1.9675899744, 1.6209141016, -1.22914886475, 0.841466903687, -0.499295502901, 0.250251680613], [-1.62157678604, 2.27642154694, -2.21766591072, 2.15609169006, -2.04080104828, 1.88659131527, -1.71540808678, 1.48582303524, -1.22914886475, 0.960796236992, -0.65687841177, 0.394377052784, -0.199134781957], [1.07430970669, -1.50768017769, 1.47009432316, -1.43135094643, 1.35719275475, -1.26047480106, 1.1494948864, -1.00409519672, 0.841466903687, -0.65687841177, 0.473436951637, -0.287531048059, 0.150201931596], [-0.620081186295, 0.870882451534, -0.849744439125, 0.827715754509, -0.789538800716, 0.736777544022, -0.672933220863, 0.593298494816, -0.499295502901, 0.394377052784, -0.287531048059, 0.190211310983, -0.102046892047], [0.291157990694, -0.408344984055, 0.400669485331, -0.391650408506, 0.374236881733, -0.351237088442, 0.322449237108, -0.288292765617, 0.250251680613, -0.199134781957, 0.150201931596, -0.102046892047, 0.0657903328538]]}, "spectral_contrast_coeffs": {"dmean": [0.0445309951901, 0.0424840711057, 0.0372884310782, 0.0362321548164, 0.026955043897, 0.0427810996771], "dmean2": [0.0731923133135, 0.0678896605968, 0.0599046759307, 0.059122428298, 0.043852776289, 0.0766320154071], "dvar": [0.00134457892273, 0.00136419595219, 0.00128539116122, 0.00139216973912, 0.000699050433468, 0.00108938117046], "dvar2": [0.00339187867939, 0.00329387187958, 0.00304862647317, 0.00333757791668, 0.00175916857552, 0.00335402530618], "max": [-0.274590790272, -0.324170291424, -0.369062483311, -0.499494999647, -0.590922296047, -0.692752480507], "mean": [-0.512854456902, -0.638806223869, -0.613969385624, -0.647078752518, -0.706563174725, -0.848159849644], "median": [-0.498499333858, -0.644377529621, -0.61920273304, -0.640107750893, -0.699868917465, -0.849488377571], "min": [-0.957738876343, -0.963149785995, -0.969126045704, -0.963305294514, -0.961354017258, -0.963381409645], "var": [0.0083134546876, 0.00739474734291, 0.00641883630306, 0.00345276948065, 0.00186461093836, 0.00199324567802]}, "spectral_contrast_valleys": {"dmean": [0.487467378378, 0.41057819128, 0.379357218742, 0.444496959448, 0.403553724289, 0.727553725243], "dmean2": [0.801407039165, 0.653795540333, 0.617514371872, 0.725860118866, 0.655674040318, 1.32581484318], "dvar": [0.167207658291, 0.179656475782, 0.177358806133, 0.259385168552, 0.285187065601, 0.32075086236], "dvar2": [0.406052559614, 0.347296148539, 0.357941746712, 0.578206062317, 0.6309030056, 0.99312132597], "max": [-6.54105186462, -5.09591531754, -6.05890893936, -6.82574129105, -8.16347789764, -12.3031759262], "mean": [-8.40808486938, -7.2710018158, -8.23472213745, -9.54626846313, 