{"lowlevel": {"average_loudness": 0.776824235916, "barkbands_crest": {"dmean": 1.8842073679, "dmean2": 2.80799245834, "dvar": 2.83573150635, "dvar2": 6.06177806854, "max": 23.3403396606, "mean": 9.38963603973, "median": 8.43115615845, "min": 2.85227298737, "var": 14.3257598877}, "barkbands_flatness_db": {"dmean": 0.015531453304, "dmean2": 0.0209702569991, "dvar": 0.000175113571458, "dvar2": 0.000289991963655, "max": 0.317677825689, "mean": 0.154468849301, "median": 0.153770685196, "min": 0.0135675733909, "var": 0.00169257400557}, "barkbands_kurtosis": {"dmean": 1.49625837803, "dmean2": 2.23362779617, "dvar": 2.53502249718, "dvar2": 5.30733585358, "max": 24.0136985779, "mean": 3.25798535347, "median": 2.47027349472, "min": -1.50506091118, "var": 11.260974884}, "barkbands_skewness": {"dmean": 0.326706409454, "dmean2": 0.481289297342, "dvar": 0.0806903541088, "dvar2": 0.164100214839, "max": 4.47928762436, "mean": 1.42332684994, "median": 1.41254222393, "min": -2.18919205666, "var": 0.669066548347}, "barkbands_spread": {"dmean": 2.40207076073, "dmean2": 3.48888969421, "dvar": 6.08168268204, "dvar2": 12.488653183, "max": 83.1334228516, "mean": 13.3109302521, "median": 12.2074394226, "min": 2.68943667412, "var": 37.2922019958}, "dissonance": {"dmean": 0.021132837981, "dmean2": 0.0356219112873, "dvar": 0.000359344063327, "dvar2": 0.00103754526936, "max": 0.499999940395, "mean": 0.453008919954, "median": 0.456604391336, "min": 0.295351624489, "var": 0.000693682639394}, "dynamic_complexity": 3.67659664154, "erbbands_crest": {"dmean": 2.21891069412, "dmean2": 3.39056181908, "dvar": 3.67660593987, "dvar2": 7.94653987885, "max": 28.692073822, "mean": 9.41130542755, "median": 8.50229167938, "min": 2.50064063072, "var": 16.8126087189}, "erbbands_flatness_db": {"dmean": 0.0150819411501, "dmean2": 0.0196139607579, "dvar": 0.000196021064767, "dvar2": 0.000301921885693, "max": 0.337708473206, "mean": 0.196042627096, "median": 0.198413684964, "min": 0.0536670796573, "var": 0.00181656284258}, "erbbands_kurtosis": {"dmean": 0.716343224049, "dmean2": 1.10352838039, "dvar": 0.651425302029, "dvar2": 1.43093168736, "max": 13.6386604309, "mean": 0.480268090963, "median": 0.0401074886322, "min": -1.46204125881, "var": 2.43993163109}, "erbbands_skewness": {"dmean": 0.262676209211, "dmean2": 0.398917019367, "dvar": 0.0469709001482, "dvar2": 0.101621419191, "max": 3.09552454948, "mean": 0.688130199909, "median": 0.667005777359, "min": -1.08739197254, "var": 0.269945412874}, "erbbands_spread": {"dmean": 4.07087373734, "dmean2": 6.1027097702, "dvar": 12.561545372, "dvar2": 27.4264431, "max": 65.5129013062, "mean": 26.2667541504, "median": 25.2126865387, "min": 4.7661614418, "var": 77.2563095093}, "hfc": {"dmean": 3.57842350006, "dmean2": 5.32661628723, "dvar": 36.3671684265, "dvar2": 82.4825363159, "max": 125.481414795, "mean": 14.6830739975, "median": 11.9242429733, "min": 1.09157334436e-16, "var": 147.929855347}, "melbands_crest": {"dmean": 2.30368041992, "dmean2": 3.39207363129, "dvar": 4.42404031754, "dvar2": 8.88003063202, "max": 31.0309810638, "mean": 11.7600984573, "median": 10.4805297852, "min": 1.67394471169, "var": 25.982088089}, "melbands_flatness_db": {"dmean": 0.0157472174615, "dmean2": 0.0215542390943, "dvar": 0.000189861370018, "dvar2": 0.000337496458087, "max": 0.363048017025, "mean": 0.201783135533, "median": 0.203708916903, "min": 0.00348388194107, "var": 0.00248431693763}, "melbands_kurtosis": {"dmean": 2.33671784401, "dmean2": 3.45484995842, "dvar": 6.94787740707, "dvar2": 14.7641544342, "max": 47.3879013062, "mean": 6.14650297165, "median": 4.77550554276, "min": -1.34598064423, "var": 29.1900653839}, "melbands_skewness": {"dmean": 0.381531685591, "dmean2": 0.551433742046, "dvar": 0.108402580023, "dvar2": 0.236576542258, "max": 6.02328395844, "mean": 1.82474529743, "median": 1.75311124325, "min": -0.647717177868, "var": 0.674371004105}, "melbands_spread": {"dmean": 3.23762392998, "dmean2": 4.89178276062, "dvar": 15.3767910004, "dvar2": 35.6826972961, "max": 158.520126343, "mean": 18.2540035248, "median": 15.0229158401, "min": 3.75228071213, "var": 322.805725098}, "pitch_salience": {"dmean": 0.0553669966757, "dmean2": 0.0866803228855, "dvar": 0.00237961462699, "dvar2": 0.00560439471155, "max": 0.96591091156, "mean": 0.618633270264, "median": 0.631354272366, "min": 0.246335178614, "var": 0.00994699727744}, "silence_rate_20dB": {"dmean": 0, "dmean2": 0, "dvar": 0, "dvar2": 0, "max": 1, "mean": 1, "median": 1, "min": 1, "var": 0}, "silence_rate_30dB": {"dmean": 0.0022813687101, "dmean2": 0.00456447340548, "dvar": 0.00227617449127, "dvar2": 0.00530442222953, "max": 1, "mean": 0.997719526291, "median": 1, "min": 0, "var": 0.0022753123194}, "silence_rate_60dB": {"dmean": 0.00608365004882, "dmean2": 0.0121719287708, "dvar": 0.00604680879042, "dvar2": 0.0135458279401, "max": 1, "mean": 0.0881794020534, "median": 0, "min": 0, "var": 0.080402739346}, "spectral_centroid": {"dmean": 132.772842407, "dmean2": 199.123092651, "dvar": 54785.9296875, "dvar2": 93695.5234375, "max": 11813.0859375, "mean": 1166.37756348, "median": 912.383483887, "min": 379.618804932, "var": 2080839.625}, "spectral_complexity": {"dmean": 2.5178706646, "dmean2": 4.12400150299, "dvar": 6.22534704208, "dvar2": 14.459435463, "max": 44, "mean": 17.5636634827, "median": 18, "min": 0, "var": 46.3600730896}, "spectral_decrease": {"dmean": 1.43703560163e-09, "dmean2": 2.17547957426e-09, "dvar": 5.4858427973e-18, "dvar2": 1.32156222828e-17, "max": 3.56003349124e-21, "mean": -5.3526534316e-09, "median": -4.30069757584e-09, "min": -3.06246228376e-08, "var": 1.92400506488e-17}, "spectral_energy": {"dmean": 0.0057116644457, "dmean2": 0.00864757690579, "dvar": 8.69763171067e-05, "dvar2": 0.000208765239222, "max": 0.123697377741, "mean": 0.0215339232236, "median": 0.0172888804227, "min": 1.00513180002e-20, "var": 0.000309373048367}, "spectral_energyband_high": {"dmean": 7.94466250227e-05, "dmean2": 0.00011057624215, "dvar": 1.57807633627e-08, "dvar2": 3.64879788606e-08, "max": 0.00191832939163, "mean": 0.000170572369825, "median": 9.50579924393e-05, "min": 7.31366036535e-21, "var": 3.68507357962e-08}, "spectral_energyband_low": {"dmean": 0.000990983797237, "dmean2": 0.00177306996193, "dvar": 9.64567516348e-06, "dvar2": 2.77057588391e-05, "max": 0.0588195435703, "mean": 0.00148951099254, "median": 0.000713375746273, "min": 2.74756119657e-23, "var": 6.99242173141e-06}, "spectral_energyband_middle_high": {"dmean": 0.00187770836055, "dmean2": 0.0028003086336, "dvar": 1.30116359287e-05, "dvar2": 2.70635409834e-05, "max": 0.0841582864523, "mean": 0.00550627103075, "median": 0.00363972876221, "min": 1.16430931972e-21, "var": 4.38775678049e-05}, "spectral_energyband_middle_low": {"dmean": 0.00423797499388, "dmean2": 0.00624031154439, "dvar": 3.5400975321e-05, "dvar2": 7.92160499259e-05, "max": 0.107949241996, "mean": 0.0151116074994, "median": 0.0119309853762, "min": 2.02823421496e-22, "var": 0.000163481177879}, "spectral_entropy": {"dmean": 0.110867962241, "dmean2": 0.147543430328, "dvar": 0.0103262374178, "dvar2": 0.0161894895136, "max": 9.823346138, "mean": 7.36695051193, "median": 7.32726192474, "min": 6.18914222717, "var": 0.204788893461}, "spectral_flux": {"dmean": 0.0164961908013, "dmean2": 0.0259204972535, "dvar": 0.0005632439279, "dvar2": 0.00119208556134, "max": 0.281713634729, "mean": 0.0575015321374, "median": 0.0510166138411, "min": 6.55899154434e-11, "var": 0.00123574829195}, "spectral_kurtosis": {"dmean": 2.49042725563, "dmean2": 4.2189912796, "dvar": 7.40508031845, "dvar2": 21.1627216339, "max": 33.2368011475, "mean": 7.12688493729, "median": 6.54360389709, "min": -1.26559984684, "var": 14.569149971}, "spectral_rms": {"dmean": 0.000544578884728, "dmean2": 0.000810212281067, "dvar": 5.58555882435e-07, "dvar2": 1.29207285227e-06, "max": 0.010985461995, "mean": 0.00416487175971, "median": 0.0041069695726, "min": 3.13147966759e-12, "var": 3.66256790585e-06}, "spectral_rolloff": {"dmean": 221.087402344, "dmean2": 358.554229736, "dvar": 186296.875, "dvar2": 386761.46875, "max": 19487.5488281, "mean": 1454.35083008, "median": 968.994140625, "min": 301.46484375, "var": 6794419.5}, "spectral_skewness": {"dmean": 0.258088856936, "dmean2": 0.426076292992, "dvar": 0.0657090991735, "dvar2": 0.176598802209, "max": 4.21990966797, "mean": 1.85106194019, "median": 1.85587012768, "min": -0.0645522326231, "var": 0.24374383688}, "spectral_spread": {"dmean": 391860.0625, "dmean2": 548047.0625, "dvar": 867236642816, "dvar2": 1521344577540.0, "max": 43088036, "mean": 4114072.25, "median": 3152041.25, "min": 1550998.625, "var": 28641748582400.0}, "spectral_strongpeak": {"dmean": 0.442658036947, "dmean2": 0.693777024746, "dvar": 0.299812346697, "dvar2": 0.653646945953, "max": 7.75390338898, "mean": 1.27750122547, "median": 1.05036091805, "min": 0, "var": 1.11505997181}, "zerocrossingrate": {"dmean": 0.00635006977245, "dmean2": 0.00773133663461, "dvar": 0.000129195381305, "dvar2": 0.000241342379013, "max": 0.521484375, "mean": 0.0577378198504, "median": 0.044921875, "min": 0.015625, "var": 0.00483826035634}, "barkbands": {"dmean": [3.85248222301e-06, 0.000304082903313, 0.00043995177839, 0.000573683762923, 0.0012280063238, 0.00136218755506, 0.00172656495124, 0.000725337769836, 0.000694035552442, 0.00121915002819, 0.000589837436564, 0.000221712369239, 0.00025868442026, 0.000169092483702, 0.000219705078052, 0.000146381673403, 0.000177201334736, 7.65242439229e-05, 7.76639426476e-05, 3.83570622944e-05, 2.72062134172e-05, 1.60577365023e-05, 4.70571058031e-06, 5.27855036125e-06, 9.27801374928e-06, 1.53206128743e-05, 1.47580556131e-06], "dmean2": [5.73967690798e-06, 0.000564490735997, 0.000785714539234, 0.00102140579838, 0.00197570491582, 0.00191658700351, 0.0022243973799, 0.00104899180587, 0.00109601661097, 0.00178626668639, 0.000897068646736, 0.000379709410481, 0.000435997382738, 0.000282408116618, 0.000370029185433, 0.000246994197369, 0.000298538187053, 0.000128354324261, 0.000126173283206, 6.04317028774e-05, 4.44491015514e-05, 2.64008413069e-05, 7.68364861869e-06, 7.59495424063e-06, 1.20566928672e-05, 1.78562313522e-05, 1.75237482836e-06], "dvar": [1.982570913e-10, 1.69510246906e-06, 1.80507083769e-06, 1.62959054251e-06, 4.32875822298e-06, 4.08073310609e-06, 9.17373563425e-06, 1.43916258821e-06, 1.87197611012e-06, 6.63192759021e-06, 2.46186937147e-06, 1.77603155294e-07, 1.6084598542e-07, 6.64989130428e-08, 1.28728117943e-07, 5.25994963141e-08, 3.08034913132e-07, 2.01194616523e-08, 2.03285797085e-08, 3.22251114682e-09, 3.34781269373e-09, 1.23232490878e-09, 7.17583700793e-11, 9.86745476994e-11, 8.29176782791e-10, 1.86154514026e-09, 1.32340275891e-11], "dvar2": [4.3876774436e-10, 4.78873926113e-06, 5.25229097548e-06, 4.65000130134e-06, 1.08467620521e-05, 7.56003646529e-06, 1.32607301566e-05, 2.58551563093e-06, 4.50537436336e-06, 1.31210545078e-05, 4.83208395963e-06, 4.83506710225e-07, 4.18190495566e-07, 1.76018744469e-07, 3.53074767645e-07, 1.41737231729e-07, 7.69359303376e-07, 5.5806456345e-08, 5.13049940309e-08, 7.61395657634e-09, 8.97726160076e-09, 3.50384365966e-09, 2.03045455449e-10, 2.16358014837e-10, 1.46465684026e-09, 2.80896594873e-09, 1.90323989208e-11], "max": [0.000233038546867, 0.022602006793, 0.0253962688148, 0.0166852977127, 0.0261462554336, 0.033458057791, 0.0968781262636, 0.0250928159803, 0.0301709622145, 0.0653416588902, 0.0600214749575, 0.00576369185001, 0.00613903487101, 0.00444981362671, 0.00561608793214, 0.00409579556435, 0.0142780886963, 0.00271021481603, 0.00264262827113, 0.000707169238012, 0.000733074208256, 0.000646816391964, 0.000151200438268, 0.000115581642604, 0.000478611793369, 0.000412320951, 5.08136654389e-05], "mean": [3.71335931959e-06, 0.000251334422501, 0.000735681329388, 0.000793107610662, 0.00261035538279, 0.00399476895109, 0.00437769154087, 0.00165121117607, 0.00119509769138, 0.00236621545628, 0.00108039088082, 0.000332264957251, 0.000421687029302, 0.000284298846964, 0.000366195250535, 0.000269408861641, 0.000292245211313, 0.000147338301758, 0.000147148006363, 7.51444968046e-05, 4.60197297798e-05, 2.87535694952e-05, 1.18333764476e-05, 1.19770938909e-05, 1.77548645297e-05, 2.00644044526e-05, 2.24237874136e-06], "median": [4.73045851379e-08, 5.40342516615e-05, 0.000336411991157, 0.000350165355485, 0.00117864832282, 0.00210210168734, 0.00146314455196, 0.000811748730484, 0.000593711389229, 0.000781489536166, 0.000322678504745, 0.000146649574162, 0.000251607038081, 0.000175986249815, 0.000232186022913, 0.000177801819518, 0.000165882054716, 9.50741159613e-05, 8.56771221152e-05, 4.69661135867e-05, 2.66074221145e-05, 1.57007580128e-05, 4.52743915957e-06, 4.2057858991e-06, 2.66464780907e-06, 9.1577794592e-07, 8.82926229906e-08], "min": [5.42752474441e-25, 3.08509024434e-24, 9.47192191432e-25, 7.89719432405e-25, 7.35536747927e-24, 6.76381804139e-24, 7.31201957253e-24, 1.58349816553e-23, 2.271325237e-23, 2.22529204774e-23, 1.00816889115e-23, 2.18279784627e-23, 2.36875366087e-23, 5.53402522646e-23, 6.52258910974e-23, 6.09521330137e-23, 8.85458816331e-23, 9.40428916127e-23, 8.71655896192e-23, 2.27084428429e-22, 2.11390135383e-22, 3.63318863981e-22, 4.13327117035e-22, 5.60021721973e-22, 8.11893018324e-22, 1.35903704671e-21, 2.04286630995e-21], "var": [2.160137208e-10, 1.0224274547e-06, 1.56341684487e-06, 1.50357232087e-06, 1.10781047624e-05, 2.30276709772e-05, 6.61621525069e-05, 5.73898432776e-06, 3.49764309249e-06, 2.09512782021e-05, 7.95128198661e-06, 2.49037469757e-07, 2.94426229175e-07, 1.13756662756e-07, 1.92924829889e-07, 9.51391356807e-08, 3.24280819086e-07, 3.06190663935e-08, 3.74308157802e-08, 7.03344449349e-09, 3.95933064112e-09, 1.54999679758e-09, 3.35148686581e-10, 3.4095709589e-10, 2.07657646634e-09, 3.56156060199e-09, 3.41284119021e-11]}, "erbbands": {"dmean": [0.00536416005343, 0.0833999887109, 0.415019184351, 1.3849029541, 2.11126303673, 4.57845687866, 9.59253406525, 11.8653402328, 27.4618377686, 17.0813274384, 14.6693258286, 17.3280715942, 25.4287967682, 32.9991416931, 21.770406723, 10.1832427979, 12.3578233719, 8.41207122803, 10.6393098831, 9.93385028839, 7.48030376434, 8.75448322296, 4.56870412827, 4.10504341125, 3.69349479675, 1.87719726562, 1.01038527489, 1.21837425232, 0.570033550262, 0.302311956882, 0.127574458718, 0.150026544929, 0.0679432749748, 0.0791684091091, 0.086456887424, 0.0720476508141, 0.0307083539665, 0.00141367409378, 0.000249753793469, 3.10654213536e-05], "dmean2": [0.00927548017353, 0.156211704016, 0.749491155148, 2.47362303734, 3.65693569183, 7.48152589798, 13.3011932373, 17.3416023254, 35.7370910645, 23.3557395935, 21.2409553528, 27.0681495667, 38.2722969055, 48.795753479, 33.1645202637, 17.2552146912, 20.9389286041, 14.0950660706, 17.9853801727, 16.4638519287, 12.6386680603, 14.5992460251, 7.58513736725, 6.59632062912, 6.0159034729, 2.94350266457, 1.57075488567, 2.07545280457, 0.937757611275, 0.481477171183, 0.20610550046, 0.226229608059, 0.0970147699118, 0.105792745948, 0.114974200726, 0.0867738872766, 0.0373778864741, 0.00176606990863, 0.000310762756271, 3.78374024876e-05], "dvar": [0.000444343255367, 0.129985377192, 1.9497576952, 10.59283638, 21.3146800995, 64.3422698975, 259.723724365, 319.019622803, 2274.8671875, 1050.44543457, 625.505249023, 1181.06262207, 2482.29370117, 6452.03564453, 2646.08789062, 350.806365967, 384.421020508, 158.229736328, 341.366394043, 352.282958984, 139.93598938, 1351.13427734, 69.6042022705, 65.0036010742, 39.7285461426, 7.80688714981, 2.22030329704, 11.4707813263, 1.80033433437, 0.29248046875, 0.0533320493996, 0.111653663218, 0.0101517792791, 0.0496699400246, 0.0783853307366, 0.0377462953329, 0.00790133699775, 1.11157896754e-05, 3.54808122438e-07, 4.38236602562e-09], "dvar2": [0.00116258382332, 0.374852716923, 5.6682062149, 30.7805423737, 57.6566772461, 160.811828613, 477.035614014, 620.647521973, 3423.40283203, 1763.19519043, 1157.58837891, 2726.98046875, 4837.06982422, 14067.5419922, 5299.91259766, 945.312011719, 1020.76171875, 419.74609375, 962.052368164, 874.13873291, 380.855529785, 3357.47094727, 188.629119873, 165.54083252, 98.7213745117, 18.4883518219, 5.31615018845, 32.4120750427, 5.11773061752, 0.734583854675, 0.152271077037, 0.257811993361, 0.0236277319491, 0.0990131720901, 0.142551809549, 0.06767655164, 0.0109982304275, 1.8065860786e-05, 5.2280466889e-07, 6.41234443322e-09], "max": [0.320018112659, 6.36874485016, 26.5649166107, 49.4340705872, 52.346736908, 112.891700745, 284.770111084, 293.513000488, 1481.95483398, 1110.14868164, 469.887786865, 849.957702637, 1553.98254395, 1381.14990234, 1891.29760742, 278.492095947, 263.208435059, 214.613586426, 231.597961426, 473.543304443, 173.867095947, 980.152832031, 157.773590088, 185.424316406, 106.280609131, 38.2154808044, 18.1250133514, 45.1779518127, 23.9344863892, 8.18778324127, 3.77210736275, 3.33547186852, 1.7138684988, 4.02799463272, 4.16394948959, 1.95633351803, 0.785627663136, 0.0284591112286, 0.00665393844247, 0.00107268360443], "mean": [0.00429634703323, 0.0743119642138, 0.61583584547, 2.22136759758, 3.12325835228, 9.40519523621, 26.188583374, 33.1636123657, 68.3491516113, 40.8883895874, 35.5831565857, 32.2909698486, 49.0696601868, 64.3630142212, 42.4222335815, 17.7142333984, 20.4710502625, 15.2054128647, 17.8056583405, 18.494600296, 14.3407793045, 14.6178321838, 9.27812099457, 8.0767660141, 6.77246332169, 3.84704852104, 2.14965558052, 1.65300107002, 0.994993567467, 0.65700095892, 0.327966243029, 0.295264571905, 0.164664030075, 0.154548034072, 0.154699802399, 0.0905708521605, 0.0421456284821, 0.00212506810203, 0.000409663567552, 6.19966158411e-05], "median": [0.000646982691251, 0.0239602848887, 0.337403416634, 1.11800348759, 1.26836168766, 3.92311167717, 12.3885564804, 19.1029376984, 25.6386604309, 19.8559455872, 19.2373065948, 16.260799408, 21.5309295654, 20.7963504791, 16.4678459167, 9.71390151978, 12.2715644836, 10.0438184738, 11.6334981918, 12.3892116547, 9.50965023041, 8.12610530853, 6.12761545181, 4.60371828079, 4.04484701157, 2.44369864464, 1.39588785172, 0.877758741379, 0.565714538097, 0.275850474834, 0.125281378627, 0.0846595093608, 0.0693157985806, 0.0380234979093, 0.0156476721168, 0.00722464360297, 0.00152640498709, 0.000209785954212, 3.25221808453e-05, 2.75680340565e-05], "min": [1.22323473023e-22, 8.66809652283e-22, 3.10969281858e-21, 6.2655025719e-21, 1.07792934848e-20, 2.81576933404e-20, 5.69226729597e-20, 7.8766858576e-20, 1.30584289117e-19, 2.14511029269e-19, 3.38521029049e-19, 5.88985735061e-19, 5.78502409869e-19, 7.94068882825e-19, 1.13805928178e-18, 9.31091247897e-19, 1.365040537e-18, 2.58174691065e-18, 2.03232672356e-18, 3.10160800536e-18, 3.45928069543e-18, 5.09016674155e-18, 6.03434998379e-18, 5.78266911549e-18, 7.53957343959e-18, 9.87854738995e-18, 9.777845595e-18, 9.46456500007e-18, 1.32331485857e-17, 1.36087324243e-17, 1.20081850883e-17, 1.08567554659e-17, 9.38042170661e-18, 8.85573029072e-18, 6.05339374945e-18, 4.28849679268e-18, 2.49683888873e-18, 1.00385739581e-18, 2.66270059566e-19, 2.76176865721e-20], "var": [0.000322958163451, 0.0745670199394, 1.34728622437, 10.1978416443, 30.3429756165, 173.992523193, 1434.41833496, 1552.12463379, 15501.9990234, 4368.40039062, 2457.07543945, 2501.75952148, 7984.99072266, 16867.2128906, 8748.88671875, 565.040588379, 687.672607422, 293.672607422, 473.58013916, 568.27911377, 258.928741455, 1298.61462402, 113.191192627, 124.381866455, 69.5511856079, 18.3857364655, 5.51539802551, 8.83163356781, 2.03790450096, 0.800843954086, 0.264151543379, 0.244969129562, 0.0563416704535, 0.111643232405, 0.190370753407, 0.0613574311137, 0.016018435359, 2.12060294871e-05, 9.30605210669e-07, 1.12128599739e-08]}, "gfcc": {"mean": [-62.197429657, 112.320152283, -141.727798462, 0.73229765892, -66.2809829712, -14.4456796646, -42.4441490173, -0.926858186722, -26.893535614, -2.71181893349, -16.5112342834, -4.13376331329, -7.53322839737], "cov": [[38357.578125, 2316.6015625, -3357.15551758, -250.961669922, -1681.58288574, -151.434677124, -1349.11315918, 126.323097229, -790.814086914, 67.7960281372, -566.542236328, 149.21307373, -223.578659058], [2316.6015625, 1394.55603027, -754.175170898, 180.480819702, -92.3113021851, -87.4990844727, 11.9153833389, -134.897201538, 42.7686882019, -143.337356567, 45.1245346069, -189.901565552, 81.4357299805], [-3357.15551758, -754.175170898, 951.189819336, -47.4198379517, 230.348861694, 89.1230773926, 111.827400208, 48.0068893433, 16.6620407104, 69.6977386475, -28.6228103638, 53.0686798096, -40.4762840271], [-250.961669922, 180.480819702, -47.4198379517, 273.68069458, -0.186112210155, 66.7896652222, 47.2324066162, -8.9514541626, 49.6649551392, -11.8219938278, 22.2011966705, -63.0825691223, 15.1766576767], [-1681.58288574, -92.3113021851, 230.348861694, -0.186112210155, 209.614608765, 28.0735244751, 71.3321533203, -7.90711212158, 30.8918762207, 1.13393783569, 8.78603935242, -2.07986974716, -9.90696144104], [-151.434677124, -87.4990844727, 89.1230773926, 66.7896652222, 28.0735244751, 105.193557739, 41.4066123962, 20.8367118835, 13.1315736771, 14.3194646835, -3.13361859322, -4.4643611908, 2.16375756264], [-1349.11315918, 11.9153833389, 111.827400208, 47.2324066162, 71.3321533203, 41.4066123962, 130.545928955, 12.7137346268, 52.6435050964, -13.4865980148, 28.4968757629, -18.1201305389, 30.277557373], [126.323097229, -134.897201538, 48.0068893433, -8.9514541626, -7.90711212158, 20.8367118835, 12.7137346268, 76.6878585815, 13.0178127289, 24.5109500885, -13.1616039276, 24.412191391, -25.1707839966], [-790.814086914, 42.7686882019, 16.6620407104, 49.6649551392, 30.8918762207, 13.1315736771, 52.6435050964, 13.0178127289, 96.6353225708, 12.6425485611, 35.1025085449, -27.4815673828, 14.173866272], [67.7960281372, -143.337356567, 69.6977386475, -11.8219938278, 1.13393783569, 14.3194646835, -13.4865980148, 24.5109500885, 12.6425485611, 64.6762390137, 0.74699485302, 18.5842838287, -23.6081829071], [-566.542236328, 45.1245346069, -28.6228103638, 22.2011966705, 8.78603935242, -3.13361859322, 28.4968757629, -13.1616039276, 35.1025085449, 0.74699485302, 66.7404632568, 3.77603697777, 27.7548809052], [149.21307373, -189.901565552, 53.0686798096, -63.0825691223, -2.07986974716, -4.4643611908, -18.1201305389, 24.412191391, -27.4815673828, 18.5842838287, 3.77603697777, 90.7392272949, 4.43311309814], [-223.578659058, 81.4357299805, -40.4762840271, 15.1766576767, -9.90696144104, 2.16375756264, 30.277557373, -25.1707839966, 14.173866272, -23.6081829071, 27.7548809052, 4.43311309814, 94.351890564]], "icov": [[0.000127580060507, -0.000396354676923, 0.000112506255391, 0.000122815195937, 0.00043309427565, -0.000621506129391, 0.000783419527579, -0.000482818781165, 0.00039833819028, -0.000573673751205, 0.000680769502651, -0.000542963156477, -2.56809253187e-05], [-0.000396354676923, 0.00375051354058, 0.00139579654206, -0.00106021028478, -0.0018954067491, 0.00318688503467, -0.00351829594001, 0.00303965946659, -0.00130763847847, 0.00330143678002, -0.0019010482356, 0.00456561986357, -0.00037194613833], [0.000112506255391, 0.00139579654206, 0.00323223089799, -0.000114853864943, -0.0015829995973, -0.000249886943493, -0.00165820925031, 0.000949806591962, 0.000693119072821, -0.0014901793329, 0.00216872151941, 0.000557972351089, -4.91861210321e-05], [0.000122815195937, -0.00106021028478, -0.000114853864943, 0.00610786350444, 0.00119557813741, -0.00496398145333, 0.00100906088483, -0.000355114083504, -0.00114595610648, 8.40221982799e-05, -0.000854305631947, 0.00162635359447, 0.000363263738109], [0.00043309427565, -0.0018954067491, -0.0015829995973, 0.00119557813741, 0.0100438660011, -0.00319266668521, -0.000576260732487, 0.00230019609444, -0.0012505822815, -0.000656272750348, 0.00270020682365, -0.00409279158339, 0.00313884089701], [-0.000621506129391, 0.00318688503467, -0.000249886943493, -0.00496398145333, -0.00319266668521, 0.0188645683229, -0.00817903410643, 9.41793841776e-05, 0.000939716992434, -0.000854674028233, -0.000997021910734, 0.00417744042352, -0.00190817017574], [0.000783419527579, -0.00351829594001, -0.00165820925031, 0.00100906088483, -0.000576260732487, -0.00817903410643, 0.0232538264245, -0.0101142255589, -0.00166482233908, 0.00274683372118, -0.00143943994772, -0.000812428421341, -0.00461492873728], [-0.000482818781165, 0.00303965946659, 0.000949806591962, -0.000355114083504, 0.00230019609444, 9.41793841776e-05, -0.0101142255589, 0.0275831576437, -0.0093110948801, -0.000156089750817, 0.00600164523348, -0.00643131928518, 0.00743686407804], [0.00039833819028, -0.00130763847847, 0.000693119072821, -0.00114595610648, -0.0012505822815, 0.000939716992434, -0.00166482233908, -0.0093110948801, 0.0233587641269, -0.00907897111028, -0.00706389127299, 0.0069992300123, -0.003580017481], [-0.000573673751205, 0.00330143678002, -0.0014901793329, 8.40221982799e-05, -0.000656272750348, -0.000854674028233, 0.00274683372118, -0.000156089750817, -0.00907897111028, 0.0292276516557, -0.00647573359311, 0.000619214901235, 0.00471879402176], [0.000680769502651, -0.0019010482356, 0.00216872151941, -0.000854305631947, 0.00270020682365, -0.000997021910734, -0.00143943994772, 0.00600164523348, -0.00706389127299, -0.00647573359311, 0.0299607869238, -0.0108032906428, -0.00217378232628], [-0.000542963156477, 0.00456561986357, 0.000557972351089, 0.00162635359447, -0.00409279158339, 0.00417744042352, -0.000812428421341, -0.00643131928518, 0.0069992300123, 0.000619214901235, -0.0108032906428, 0.026698179543, -0.0062030153349], [-2.56809253187e-05, -0.00037194613833, -4.91861210321e-05, 0.000363263738109, 0.00313884089701, -0.00190817017574, -0.00461492873728, 0.00743686407804, -0.003580017481, 0.00471879402176, -0.00217378232628, -0.0062030153349, 0.0172669161111]]}, "melbands": {"dmean": [6.63049140712e-05, 0.000182777395821, 0.000244933820795, 0.000212355167605, 0.000313793425448, 0.000270286021987, 0.000395821261918, 0.000170374638401, 0.00011792225996, 0.000108560401713, 0.000132865039632, 0.000146100210259, 8.56098122313e-05, 3.12524898618e-05, 2.68139028776e-05, 2.06171498576e-05, 1.72172003658e-05, 1.76779467438e-05, 1.26840495795e-05, 1.35263962875e-05, 9.01609382709e-06, 1.02384165075e-05, 7.44260614738e-06, 3.74291153094e-06, 3.56075361196e-06, 3.22770756611e-06, 1.91812864614e-06, 1.20647746371e-06, 7.49678804368e-07, 5.61023455248e-07, 8.42530539558e-07, 3.67819524172e-07, 2.48638173161e-07, 1.3928651299e-07, 7.92795020743e-08, 7.50677102701e-08, 1.0426868613e-07, 4.95250134236e-08, 4.77777604146e-08, 8.01571431452e-08], "dmean2": [0.000119550648378, 0.000330472510541, 0.000433222012362, 0.000356927805115, 0.000448254315415, 0.000389189954149, 0.000511210237164, 0.000238187873038, 0.000172792875674, 0.000172092128196, 0.000199704576517, 0.000215357809793, 0.000129951789859, 5.27354713995e-05, 4.60370938526e-05, 3.41396807926e-05, 2.89740273729e-05, 2.98300074064e-05, 2.11103033507e-05, 2.27460495807e-05, 1.54137687787e-05, 1.70933471964e-05, 1.25434025904e-05, 6.2916810748e-06, 5.75472449782e-06, 5.26978146809e-06, 3.09773190565e-06, 1.917507916e-06, 1.18260084037e-06, 9.06468926587e-07, 1.46659499478e-06, 6.14710188529e-07, 3.97769014171e-07, 2.25961855449e-07, 1.31595243147e-07, 1.19135741272e-07, 1.57930330147e-07, 7.43166523876e-08, 7.06391602989e-08, 1.08756943007e-07], "dvar": [7.61561764762e-08, 4.2806533429e-07, 3.17282115248e-07, 1.60407992666e-07, 2.56049958125e-07, 1.60334863608e-07, 4.7191485919e-07, 1.04033901493e-07, 3.78242361876e-08, 4.76789345782e-08, 7.167666638e-08, 1.279976658e-07, 5.42554374761e-08, 3.29312133118e-09, 1.72270575582e-09, 1.07707343044e-09, 6.85424272895e-10, 8.58250637226e-10, 3.81547043959e-10, 5.27388743787e-10, 1.92433111112e-10, 2.19511453459e-09, 1.93565496964e-10, 5.27482224566e-11, 5.33963845362e-11, 3.58697203884e-11, 9.20105051178e-12, 3.11390887034e-12, 1.22785310565e-12, 1.09725293088e-12, 6.39945605188e-12, 8.74068883678e-13, 1.91215546543e-13, 5.96919635574e-14, 2.33092404834e-14, 1.64846502876e-14, 6.29747108952e-14, 6.55247069711e-15, 6.13788618591e-15, 6.5725928118e-14], "dvar2": [2.10802127754e-07, 1.24334235352e-06, 9.10574158297e-07, 4.24039996005e-07, 5.15729595918e-07, 3.02064904645e-07, 6.90177273555e-07, 1.8081266262e-07, 7.12417147497e-08, 1.1474774908e-07, 1.36338996981e-07, 2.74627012686e-07, 1.05655317384e-07, 8.91798102032e-09, 4.82915174516e-09, 2.46861775466e-09, 1.83896853301e-09, 2.39814990088e-09, 1.00623209764e-09, 1.34730182566e-09, 5.31412913674e-10, 5.49253575954e-09, 5.3476056916e-10, 1.4879485144e-10, 1.36674352391e-10, 8.96293109176e-11, 2.29062463442e-11, 7.53017526806e-12, 3.07609428381e-12, 2.93014527572e-12, 1.82901454399e-11, 2.489296963e-12, 4.85865200069e-13, 1.51559320649e-13, 6.74395909668e-14, 4.25543796164e-14, 1.43848420588e-13, 1.6768023466e-14, 1.51630383325e-14, 1.35209429915e-13], "max": [0.00464459042996, 0.0124828303233, 0.00804770924151, 0.00611296622083, 0.00797450263053, 0.00634474679828, 0.0225966628641, 0.0102030672133, 0.00360610987991, 0.00460004387423, 0.00868180766702, 0.00604942627251, 0.00896524637938, 0.000841725326609, 0.000637851015199, 0.000797355081886, 0.000454495602753, 0.000401924888138, 0.000391192443203, 0.000478900707094, 0.000196089735255, 0.00127660715953, 0.000204585521715, 0.000148876351886, 0.000183835742064, 0.000112400659418, 3.6692203139e-05, 2.46954350587e-05, 1.43884426507e-05, 1.63068270922e-05, 3.70956258848e-05, 1.80397892109e-05, 8.82429048943e-06, 3.28772648572e-06, 2.26316888075e-06, 1.93856408259e-06, 2.46845070251e-06, 1.46156173741e-06, 1.32676507292e-06, 4.56630459666e-06], "mean": [5.29440003447e-05, 0.000253345468082, 0.000395620823838, 0.000378998869564, 0.000858626852278, 0.000765047909226, 0.000999142997898, 0.000396769930376, 0.000280993845081, 0.000185983037227, 0.000253448204603, 0.000280011678115, 0.00015959587472, 5.06127071276e-05, 4.54331784567e-05, 3.47265668097e-05, 2.83364497591e-05, 2.81084576272e-05, 2.24955365411e-05, 2.43353115366e-05, 1.53477158165e-05, 1.57652939379e-05, 1.20464746942e-05, 6.96363031238e-06, 6.37429366179e-06, 5.46425781067e-06, 3.50864638676e-06, 2.30663340517e-06, 1.4782802964e-06, 9.3041717264e-07, 9.96227527139e-07, 5.85713848977e-07, 4.81245706396e-07, 2.97597040344e-07, 1.87114181927e-07, 1.66746076502e-07, 1.82636767931e-07, 1.12210983616e-07, 1.00173636497e-07, 1.41925767139e-07], "median": [9.61554815149e-06, 0.000129069012473, 0.00020086990844, 0.000158753886353, 0.000438400718849, 0.000420232914621, 0.000367678439943, 0.000197153625777, 0.000154997294885, 8.98990692804e-05, 0.000104280406958, 7.60781476856e-05, 4.91572027386e-05, 2.33244409173e-05, 2.84361449303e-05, 2.14731317101e-05, 1.70335788425e-05, 1.81378200068e-05, 1.51679378178e-05, 1.65183191712e-05, 9.62673948379e-06, 8.03510920377e-06, 6.92957519277e-06, 4.28832663601e-06, 3.43519582202e-06, 3.09778465635e-06, 2.0576010229e-06, 1.47941454998e-06, 9.31098156798e-07, 5.29177384578e-07, 4.86911517328e-07, 3.22166215483e-07, 2.22616122869e-07, 1.19622598049e-07, 6.36704271528e-08, 5.81307695313e-08, 4.2163904368e-08, 4.26874571247e-08, 4.30912940885e-08, 2.66582418362e-08], "min": [1.41723959637e-24, 2.26385586808e-24, 1.56635501505e-24, 1.41114692777e-24, 1.97982728801e-24, 1.74971537867e-24, 1.63524554765e-24, 2.96986961496e-24, 2.58862043643e-24, 3.55357107013e-24, 2.74978432493e-24, 2.50500433592e-24, 2.63331473152e-24, 2.29498412218e-24, 2.61183602122e-24, 2.71206513797e-24, 4.85195526188e-24, 2.32968433847e-24, 4.92225105157e-24, 3.8597792634e-24, 3.17688584636e-24, 3.89307944879e-24, 3.56942796318e-24, 4.04476754011e-24, 4.01814703443e-24, 3.60826831871e-24, 5.43078589539e-24, 6.15061437165e-24, 4.94988366579e-24, 3.86954930571e-24, 6.14090783265e-24, 6.96510931199e-24, 6.2608880543e-24, 6.71063698346e-24, 5.73729701125e-24, 6.67625763635e-24, 5.80341262701e-24, 6.07924888657e-24, 7.19762448608e-24, 6.9682205794e-24], "var": [4.85654148008e-08, 2.80542764131e-07, 3.01591910556e-07, 2.88932426429e-07, 1.27557348151e-06, 8.23243908599e-07, 3.38518907483e-06, 4.00102635467e-07, 1.4645199542e-07, 8.70608332093e-08, 2.39694429638e-07, 3.45736339114e-07, 1.76669487928e-07, 5.5741598004e-09, 2.94674995516e-09, 2.27218999171e-09, 1.20562360095e-09, 1.18433274299e-09, 6.47785269869e-10, 8.73368377619e-10, 3.356520617e-10, 2.02373828806e-09, 2.66866473364e-10, 7.61080087841e-11, 9.47542391772e-11, 5.80182811516e-11, 1.68909972814e-11, 6.6838925887e-12, 2.79962056142e-12, 1.56111668731e-12, 4.35806902718e-12, 8.55441151942e-13, 4.24561346366e-13, 1.78575998932e-13, 9.66761731975e-14, 6.57789049467e-14, 1.13307238212e-13, 2.97315510156e-14, 2.53824637361e-14, 1.28836706386e-13]}, "mfcc": {"mean": [-681.832275391, 147.614837646, -28.3003520966, 10.9472122192, -13.8807907104, -13.9705467224, -12.7860956192, -10.2008857727, -6.11421489716, -7.43111562729, -6.85750150681, -7.69075965881, -2.65541863441], "cov": [[11824.2744141, 2401.03857422, -596.313903809, 98.078918457, -265.140380859, -290.015472412, -244.063995361, -84.5697784424, -119.329490662, -146.263290405, -184.573455811, -89.759262085, 28.5782852173], [2401.03857422, 1490.01721191, -384.587493896, 122.67615509, -76.2755584717, -50.6077690125, -55.2765159607, -72.127456665, -8.81430721283, -72.2171554565, -31.5061912537, -60.5072402954, -42.3749809265], [-596.313903809, -384.587493896, 376.797210693, 10.1515522003, 35.3485603333, 52.4287910461, 44.8027763367, 12.6356058121, 32.234336853, 28.3097133636, 33.9519500732, -9.66176509857, 9.94475078583], [98.078918457, 122.67615509, 10.1515522003, 125.060630798, 26.93957901, 34.4901580811, 10.6836214066, -1.98746490479, 19.3154373169, 12.4468507767, 17.5701198578, -2.03830528259, -15.1707553864], [-265.140380859, -76.2755584717, 35.3485603333, 26.93957901, 85.7173233032, 38.0039520264, 13.8618869781, 2.23174118996, -2.45199537277, 19.7670650482, 5.9321846962, 13.9564552307, -17.3004360199], [-290.015472412, -50.6077690125, 52.4287910461, 34.4901580811, 38.0039520264, 95.1198883057, 39.5230674744, 2.0282022953, 23.8460693359, 10.3772974014, 25.3967113495, -5.04947328568, -3.19328069687], [-244.063995361, -55.2765159607, 44.8027763367, 10.6836214066, 13.8618869781, 39.5230674744, 70.8385620117, 23.3528842926, 17.435213089, 2.1120300293, 7.44080305099, -4.72159528732, -3.74842739105], [-84.5697784424, -72.127456665, 12.6356058121, -1.98746490479, 2.23174118996, 2.0282022953, 23.3528842926, 67.4101028442, 14.1855115891, 15.9454784393, -7.42863273621, 13.1713161469, -0.180844783783], [-119.329490662, -8.81430721283, 32.234336853, 19.3154373169, -2.45199537277, 23.8460693359, 17.435213089, 14.1855115891, 76.9328689575, 14.5503253937, 28.0545444489, -14.86216259, 11.4579906464], [-146.263290405, -72.2171554565, 28.3097133636, 12.4468507767, 19.7670650482, 10.3772974014, 2.1120300293, 15.9454784393, 14.5503253937, 75.124168396, 19.3738555908, 28.2011375427, -14.8549070358], [-184.573455811, -31.5061912537, 33.9519500732, 17.5701198578, 5.9321846962, 25.3967113495, 7.44080305099, -7.42863273621, 28.0545444489, 19.3738555908, 73.2241668701, 10.8577957153, 16.2417125702], [-89.759262085, -60.5072402954, -9.66176509857, -2.03830528259, 13.9564552307, -5.04947328568, -4.72159528732, 13.1713161469, -14.86216259, 28.2011375427, 10.8577957153, 71.9609985352, 2.68844842911], [28.5782852173, -42.3749809265, 9.94475078583, -15.1707553864, -17.3004360199, -3.19328069687, -3.74842739105, -0.180844783783, 11.4579906464, -14.8549070358, 16.2417125702, 2.68844842911, 59.8369064331]], "icov": [[0.00014639213623, -0.000252402271144, -9.84752259683e-05, -3.14649150823e-05, 0.000135598980705, 0.000115228554932, 0.000256231083767, -0.000155302419444, 0.000170407089172, -0.000113266090921, 0.000248671422014, 3.68982218788e-05, -0.000309242022922], [-0.000252402271144, 0.00169248785824, 0.00131843367126, -0.00143359752838, 0.000667753978632, 6.36620388832e-05, -0.000440091447672, 0.00113958248403, -0.000590720621403, 0.000767218298279, -0.000428296247264, 0.000475294102216, 0.00130735640414], [-9.84752259683e-05, 0.00131843367126, 0.00432713050395, -0.000971783360001, -0.000292333832476, -0.00034507230157, -0.00160154036712, 0.000872601231094, -0.000475322856801, -0.000714424008038, -0.000908115238417, 0.0016293998342, -9.85111328191e-05], [-3.14649150823e-05, -0.00143359752838, -0.000971783360001, 0.011532924138, -0.0028826422058, -0.00265791057609, 0.000568327493966, -0.000668892113026, -0.00169840175658, -0.000456777721411, -0.00153195054736, -0.000523847877048, 0.00179477070924], [0.000135598980705, 0.000667753978632, -0.000292333832476, -0.0028826422058, 0.0177895706147, -0.00618525920436, 0.000702320889104, 0.000848152558319, 0.00203413097188, -0.00158675923012, 0.00143031345215, -0.00268958695233, 0.00353494356386], [0.000115228554932, 6.36620388832e-05, -0.00034507230157, -0.00265791057609, -0.00618525920436, 0.0194745734334, -0.00845991261303, 0.00249950890429, -0.00214062468149, -7.32213220545e-06, -0.00330824474804, 0.00171410071198, -0.000668879481964], [0.000256231083767, -0.000440091447672, -0.00160154036712, 0.000568327493966, 0.000702320889104, -0.00845991261303, 0.0232383515686, -0.00836675707251, -0.000872512115166, 0.00313817686401, -0.000341728766216, 0.000637446006294, 0.00216853152961], [-0.000155302419444, 0.00113958248403, 0.000872601231094, -0.000668892113026, 0.000848152558319, 0.00249950890429, -0.00836675707251, 0.0218667145818, -0.00537907937542, -0.00334669300355, 0.00572335533798, -0.00431553740054, -0.000673269387335], [0.000170407089172, -0.000590720621403, -0.000475322856801, -0.00169840175658, 0.00203413097188, -0.00214062468149, -0.000872512115166, -0.00537907937542, 0.0208943784237, -0.00500635057688, -0.00585850374773, 0.0073133003898, -0.00443061254919], [-0.000113266090921, 0.000767218298279, -0.000714424008038, -0.000456777721411, -0.00158675923012, -7.32213220545e-06, 0.00313817686401, -0.00334669300355, -0.00500635057688, 0.0219212174416, -0.00462734000757, -0.00771717401221, 0.008331136778], [0.000248671422014, -0.000428296247264, -0.000908115238417, -0.00153195054736, 0.00143031345215, -0.00330824474804, -0.000341728766216, 0.00572335533798, -0.00585850374773, -0.00462734000757, 0.0220223162323, -0.00428107520565, -0.00623884564266], [3.68982218788e-05, 0.000475294102216, 0.0016293998342, -0.000523847877048, -0.00268958695233, 0.00171410071198, 0.000637446006294, -0.00431553740054, 0.0073133003898, -0.00771717401221, -0.00428107520565, 0.0213444307446, -0.00385712692514], [-0.000309242022922, 0.00130735640414, -9.85111328191e-05, 0.00179477070924, 0.00353494356386, -0.000668879481964, 0.00216853152961, -0.000673269387335, -0.00443061254919, 0.008331136778, -0.00623884564266, -0.00385712692514, 0.0241605881602]]}, "spectral_contrast_coeffs": {"dmean": [0.0464147403836, 0.0399632081389, 0.0379630215466, 0.0291270259768, 0.0196600295603, 0.0175588224083], "dmean2": [0.0770829096437, 0.0644656866789, 0.060649227351, 0.0485443621874, 0.0322626531124, 0.0284747108817], "dvar": [0.00173569412436, 0.00107534544077, 0.000975865288638, 0.000557793187909, 0.000248406897299, 0.000352612085408], "dvar2": [0.0046220254153, 0.00280500762165, 0.00253425701521, 0.00154797942378, 0.000646354164928, 0.000897095131222], "max": [-0.33428645134, -0.44087985158, -0.536821186543, -0.5985699296, -0.67670828104, -0.637399792671], "mean": [-0.57546132803, -0.704834938049, -0.742638587952, -0.771176695824, -0.794559895992, -0.755089998245], "median": [-0.568536698818, -0.702797293663, -0.743787646294, -0.768625497818, -0.792800247669, -0.747798740864], "min": [-0.982056617737, -0.983852624893, -0.975802838802, -0.968969166279, -0.965646922588, -0.963799595833], "var": [0.0104839447886, 0.0063976245001, 0.00501528242603, 0.00285875820555, 0.00165720924269, 0.00181591114961]}, "spectral_contrast_valleys": {"dmean": [0.455315500498, 0.306070923805, 0.32902854681, 0.246586412191, 0.225609466434, 0.26076605916], "dmean2": [0.74443167448, 0.499882400036, 0.525360584259, 0.392787545919, 0.31942653656, 0.317192733288], "dvar": [0.250033855438, 0.144635617733, 0.158296316862, 0.119761094451, 0.124154374003, 0.112639628