{"lowlevel": {"average_loudness": 0.0951892286539, "barkbands_crest": {"dmean": 1.99654102325, "dmean2": 2.95976877213, "dvar": 3.26282048225, "dvar2": 7.4436621666, "max": 26.3643894196, "mean": 13.0197372437, "median": 12.1808319092, "min": 4.47315835953, "var": 22.4202728271}, "barkbands_flatness_db": {"dmean": 0.0163615942001, "dmean2": 0.0240862481296, "dvar": 0.000200873080757, "dvar2": 0.000449153099908, "max": 0.453216403723, "mean": 0.274714976549, "median": 0.280001282692, "min": 0.0574727728963, "var": 0.00388130382635}, "barkbands_kurtosis": {"dmean": 2.43011522293, "dmean2": 3.50215864182, "dvar": 22.231502533, "dvar2": 45.513420105, "max": 152.218475342, "mean": 5.44520711899, "median": 2.85871076584, "min": -1.84010958672, "var": 122.527122498}, "barkbands_skewness": {"dmean": 0.413087010384, "dmean2": 0.579679429531, "dvar": 0.17662794888, "dvar2": 0.337128162384, "max": 11.1336593628, "mean": 1.63174962997, "median": 1.58111941814, "min": -2.21673560143, "var": 1.80942225456}, "barkbands_spread": {"dmean": 1.79551994801, "dmean2": 2.51589250565, "dvar": 4.83161592484, "dvar2": 8.98533058167, "max": 63.2631034851, "mean": 9.07177448273, "median": 6.5572385788, "min": 0.36387643218, "var": 55.374671936}, "dissonance": {"dmean": 0.0318777114153, "dmean2": 0.0534985549748, "dvar": 0.000894886732567, "dvar2": 0.00240098079666, "max": 0.500000059605, "mean": 0.417073041201, "median": 0.425267845392, "min": 0.170393332839, "var": 0.0026897424832}, "dynamic_complexity": 8.21670341492, "erbbands_crest": {"dmean": 2.26494145393, "dmean2": 3.33421373367, "dvar": 4.3550195694, "dvar2": 9.71461868286, "max": 32.4408912659, "mean": 13.1346178055, "median": 11.9549102783, "min": 2.62754249573, "var": 28.9965190887}, "erbbands_flatness_db": {"dmean": 0.0129060149193, "dmean2": 0.0184300933033, "dvar": 0.000138531075208, "dvar2": 0.000292563199764, "max": 0.492897897959, "mean": 0.32633471489, "median": 0.33356910944, "min": 0.0795286595821, "var": 0.00399293238297}, "erbbands_kurtosis": {"dmean": 1.13644659519, "dmean2": 1.62992537022, "dvar": 3.95610022545, "dvar2": 8.09050369263, "max": 48.8978385925, "mean": 1.28223991394, "median": 0.0452036857605, "min": -1.80528855324, "var": 18.2026195526}, "erbbands_skewness": {"dmean": 0.340352028608, "dmean2": 0.469926834106, "dvar": 0.113377377391, "dvar2": 0.217927187681, "max": 6.43400287628, "mean": 0.783960342407, "median": 0.733233094215, "min": -2.96049523354, "var": 1.06044900417}, "erbbands_spread": {"dmean": 2.99173116684, "dmean2": 4.18444538116, "dvar": 10.422867775, "dvar2": 19.5456771851, "max": 86.5515213013, "mean": 17.3064556122, "median": 15.7059898376, "min": 1.27010285854, "var": 79.5690078735}, "hfc": {"dmean": 1.58631324768, "dmean2": 2.17259216309, "dvar": 16.2648143768, "dvar2": 27.7405357361, "max": 136.773986816, "mean": 7.64438772202, "median": 4.5821890831, "min": 1.09191725297e-16, "var": 128.782958984}, "melbands_crest": {"dmean": 2.5188190937, "dmean2": 3.82723712921, "dvar": 5.56598091125, "dvar2": 13.6328382492, "max": 35.5921783447, "mean": 16.2509880066, "median": 15.6048307419, "min": 1.69749712944, "var": 31.6346359253}, "melbands_flatness_db": {"dmean": 0.0180143881589, "dmean2": 0.0262237358838, "dvar": 0.000268830975983, "dvar2": 0.000574848265387, "max": 0.525522649288, "mean": 0.353523343801, "median": 0.363736987114, "min": 0.0030470287893, "var": 0.00604589516297}, "melbands_kurtosis": {"dmean": 3.29315757751, "dmean2": 4.68811273575, "dvar": 23.1988201141, "dvar2": 45.6549987793, "max": 154.881500244, "mean": 8.46171283722, "median": 5.4148182869, "min": -1.85441160202, "var": 141.934494019}, "melbands_skewness": {"dmean": 0.459774971008, "dmean2": 0.648889422417, "dvar": 0.186628475785, "dvar2": 0.385473847389, "max": 8.80292224884, "mean": 2.0642414093, "median": 1.98431324959, "min": -1.66279196739, "var": 1.53586363792}, "melbands_spread": {"dmean": 2.9245531559, "dmean2": 4.18508577347, "dvar": 22.4293899536, "dvar2": 45.1133918762, "max": 157.009506226, "mean": 13.5452213287, "median": 8.7260017395, "min": 0.674724936485, "var": 320.794677734}, "pitch_salience": {"dmean": 0.0523046553135, "dmean2": 0.0801934376359, "dvar": 0.00229505100287, "dvar2": 0.00542314397171, "max": 0.815154016018, "mean": 0.47512832284, "median": 0.473784804344, "min": 0.0989170745015, "var": 0.0146361198276}, "silence_rate_20dB": {"dmean": 0, "dmean2": 0, "dvar": 0, "dvar2": 0, "max": 1, "mean": 1, "median": 1, "min": 1, "var": 0}, "silence_rate_30dB": {"dmean": 0.00581254530698, "dmean2": 0.0116279069334, "dvar": 0.00577890407294, "dvar2": 0.0134302061051, "max": 1, "mean": 0.981840193272, "median": 1, "min": 0, "var": 0.0178292896599}, "silence_rate_60dB": {"dmean": 0.0285783484578, "dmean2": 0.0571705438197, "dvar": 0.027761252597, "dvar2": 0.0621361248195, "max": 1, "mean": 0.2924939394, "median": 0, "min": 0, "var": 0.206934809685}, "spectral_centroid": {"dmean": 101.289451599, "dmean2": 141.437103271, "dvar": 49314.6445312, "dvar2": 63312.4023438, "max": 11656.3984375, "mean": 909.163391113, "median": 658.717041016, "min": 318.315490723, "var": 1719104.625}, "spectral_complexity": {"dmean": 1.13005566597, "dmean2": 1.89098834991, "dvar": 1.35700941086, "dvar2": 3.3505525589, "max": 22, "mean": 8.27046012878, "median": 9, "min": 0, "var": 20.7595539093}, "spectral_decrease": {"dmean": 8.64431137781e-10, "dmean2": 1.22821008919e-09, "dvar": 4.05123368244e-18, "dvar2": 7.63503421818e-18, "max": 2.06279687811e-28, "mean": -3.68420605135e-09, "median": -1.89002546946e-09, "min": -5.44542650971e-08, "var": 3.59016569055e-17}, "spectral_energy": {"dmean": 0.00339858862571, "dmean2": 0.00482345651835, "dvar": 6.30879658274e-05, "dvar2": 0.000118265095807, "max": 0.214882984757, "mean": 0.0145983416587, "median": 0.00753692025319, "min": 1.00435332936e-20, "var": 0.000557617982849}, "spectral_energyband_high": {"dmean": 9.1568699645e-07, "dmean2": 1.36660776207e-06, "dvar": 2.33396323102e-11, "dvar2": 4.49932799351e-11, "max": 0.000131349806907, "mean": 2.04924731406e-06, "median": 5.30934244125e-07, "min": 7.26390755177e-21, "var": 5.45415830555e-11}, "spectral_energyband_low": {"dmean": 8.79571016412e-05, "dmean2": 0.000134309811983, "dvar": 9.99081706254e-08, "dvar2": 2.67188823955e-07, "max": 0.00832564104348, "mean": 0.00016562147357, "median": 1.0460798876e-05, "min": 1.31570126634e-23, "var": 2.23130328436e-07}, "spectral_energyband_middle_high": {"dmean": 0.000376046227757, "dmean2": 0.000480510585476, "dvar": 6.04833587659e-07, "dvar2": 1.02496971977e-06, "max": 0.0302255842835, "mean": 0.00153109140228, "median": 0.00106853363104, "min": 1.12283901553e-21, "var": 4.17889214077e-06}, "spectral_energyband_middle_low": {"dmean": 0.00331841316074, "dmean2": 0.00470694201067, "dvar": 5.9889665863e-05, "dvar2": 0.000113220616186, "max": 0.210448101163, "mean": 0.013092154637, "median": 0.0062769073993, "min": 1.70693773159e-22, "var": 0.000507544376887}, "spectral_entropy": {"dmean": 0.149022296071, "dmean2": 0.229871615767, "dvar": 0.0193195287138, "dvar2": 0.0434642359614, "max": 9.82679271698, "mean": 6.15878200531, "median": 6.09527921677, "min": 4.77588605881, "var": 0.394160717726}, "spectral_flux": {"dmean": 0.0102175874636, "dmean2": 0.0168734304607, "dvar": 0.000321725587128, "dvar2": 0.000806819647551, "max": 0.360075592995, "mean": 0.0312092676759, "median": 0.0274766739458, "min": 6.30399552004e-11, "var": 0.000687405117787}, "spectral_kurtosis": {"dmean": 13.3765535355, "dmean2": 23.5112266541, "dvar": 155.989868164, "dvar2": 459.028289795, "max": 126.147720337, "mean": 38.5904350281, "median": 34.4269714355, "min": -1.27549231052, "var": 503.522674561}, "spectral_rms": {"dmean": 0.000355442083674, "dmean2": 0.000503476185258, "dvar": 2.92905411925e-07, "dvar2": 5.48056277694e-07, "max": 0.0144790168852, "mean": 0.00299325631931, "median": 0.00271165883169, "min": 3.1302666622e-12, "var": 5.28274085809e-06}, "spectral_rolloff": {"dmean": 179.421066284, "dmean2": 305.237762451, "dvar": 240226.1875, "dvar2": 387210.0625, "max": 19509.0820312, "mean": 1232.3145752, "median": 775.1953125, "min": 172.265625, "var": 5283562}, "spectral_skewness": {"dmean": 0.852166593075, "dmean2": 1.49224030972, "dvar": 0.548741936684, "dvar2": 1.65472507477, "max": 9.27067089081, "mean": 4.07117128372, "median": 3.93673658371, "min": -0.0669295713305, "var": 2.06528902054}, "spectral_spread": {"dmean": 238143.546875, "dmean2": 406968.5, "dvar": 709969248256, "dvar2": 1223512686590.0, "max": 47020824, "mean": 2224872.5, "median": 1395679.25, "min": 540856.3125, "var": 24517206343700.0}, "spectral_strongpeak": {"dmean": 0.29963234067, "dmean2": 0.473612368107, "dvar": 0.208869233727, "dvar2": 0.453339636326, "max": 12.7781038284, "mean": 1.06938254833, "median": 0.771935105324, "min": 0, "var": 1.2811447382}, "zerocrossingrate": {"dmean": 0.0040747653693, "dmean2": 0.00489984545857, "dvar": 0.000104278376966, "dvar2": 0.000165044766618, "max": 0.521484375, "mean": 0.0421620793641, "median": 0.03125, "min": 0.01318359375, "var": 0.00359695823863}, "barkbands": {"dmean": [5.12186534252e-06, 4.25868904586e-07, 1.30271582748e-05, 0.000169929830008, 0.00058203889057, 0.00138903153129, 0.00112364359666, 0.000799047586042, 0.000362364226021, 0.000127039616928, 0.000150055522681, 0.000122960642329, 5.78589897486e-05, 8.49844072945e-05, 5.64775473322e-05, 5.24992210558e-05, 2.41412490141e-05, 1.6455867808e-05, 4.35612173533e-06, 2.46704553319e-06, 3.35839274612e-07, 1.45250368178e-07, 3.66350043635e-08, 2.31843841902e-08, 1.14759117764e-08, 9.21565046497e-09, 1.02331885188e-08], "dmean2": [6.86307839715e-06, 8.01964688435e-07, 1.94333351828e-05, 0.000274560850812, 0.000925724103581, 0.00213427003473, 0.00162131967954, 0.000954557501245, 0.000460437848233, 0.000165753954207, 0.000198054869543, 0.000146544683957, 7.87737371866e-05, 0.000124561003759, 8.18386179162e-05, 7.67740712035e-05, 3.37840028806e-05, 2.25505427807e-05, 6.45900490781e-06, 3.7882741708e-06, 4.92755646064e-07, 2.15871480691e-07, 5.61388873166e-08, 3.50726132581e-08, 1.73679239879e-08, 1.38181475151e-08, 1.61968660706e-08], "dvar": [1.81705109292e-10, 1.18304680288e-11, 1.70154335066e-09, 4.07739548791e-07, 2.85643227471e-06, 1.32195236802e-05, 2.53835805779e-05, 9.03018826648e-06, 7.58248233979e-06, 1.29431256823e-07, 1.69384932747e-07, 1.14571747645e-07, 2.21155183056e-08, 5.36187201305e-08, 1.56923736228e-08, 2.56304328872e-08, 3.61240948266e-09, 3.32524052737e-09, 5.40980871211e-10, 4.42678976809e-10, 2.44217233242e-12, 3.09567952869e-12, 4.29057424355e-14, 2.82074117888e-14, 1.4649170125e-15, 8.74968729129e-16, 9.05278109081e-16], "dvar2": [2.91802138008e-10, 3.50438913999e-11, 4.13114342734e-09, 1.23730308133e-06, 6.81104211253e-06, 3.0894549127e-05, 4.06986182497e-05, 1.6527264961e-05, 1.10285573101e-05, 2.44376025194e-07, 3.03935877355e-07, 1.39455622161e-07, 3.97330239821e-08, 1.12134500796e-07, 2.86278130091e-08, 5.85900536976e-08, 6.31681063012e-09, 5.63298696576e-09, 1.1617101725e-09, 1.02373820532e-09, 4.62090045047e-12, 4.71405076433e-12, 1.04789244502e-13, 6.61627057395e-14, 3.11257143073e-15, 2.16893797573e-15, 2.28782519086e-15], "max": [0.000303702428937, 9.14415286388e-05, 0.000862406741362, 0.0165582858026, 0.0428711511195, 0.150262117386, 0.207809582353, 0.102635413408, 0.188097864389, 0.0182115547359, 0.0163416173309, 0.0145710483193, 0.00459119817242, 0.00519088516012, 0.00285516818985, 0.0052886987105, 0.00105880212504, 0.00163252453785, 0.000689605309162, 0.000685995968524, 7.53578206059e-05, 9.95456575765e-05, 8.58943803905e-06, 9.09946902539e-06, 1.29683110117e-06, 8.75486762197e-07, 8.60828606619e-07], "mean": [1.25616143123e-05, 3.06350557366e-07, 2.51509372902e-05, 0.00028707733145, 0.001402344089, 0.00415689684451, 0.00366448471323, 0.00257789879106, 0.000822179950774, 0.000302384403767, 0.00038270157529, 0.000349019683199, 0.00013356503041, 0.000163419317687, 0.000115557879326, 0.000105252307549, 5.25896830368e-05, 3.33486714226e-05, 7.12190285412e-06, 3.32924241775e-06, 7.18195792615e-07, 2.15744123011e-07, 8.8057582559e-08, 6.57525660586e-08, 4.89865144004e-08, 4.68027074874e-08, 4.20162002968e-08], "median": [4.28536350228e-06, 5.18284224427e-08, 1.01574357814e-06, 2.25726726057e-05, 0.000141501397593, 0.000950262183324, 0.000505321426317, 0.00030587828951, 0.000205056363484, 0.00010281795403, 9.76098381216e-05, 7.73665378802e-05, 3.32093331963e-05, 5.08301818627e-05, 4.12258013966e-05, 2.35531078943e-05, 1.38224131661e-05, 4.69813585369e-06, 1.00258671409e-06, 2.57674059867e-07, 1.09934092052e-07, 4.87756821599e-08, 3.08178513819e-08, 2.78329963521e-08, 3.0216092739e-08, 3.22475131043e-08, 2.7914172307e-08], "min": [2.05133257404e-25, 1.18279457268e-24, 1.63813504654e-24, 1.19207897249e-24, 8.09329715787e-24, 9.56228001455e-24, 8.66132118584e-24, 7.21064069102e-24, 1.46929855882e-23, 1.32770023514e-23, 2.24276484347e-23, 1.9416829839e-23, 2.5620611858e-23, 4.3145295707e-23, 4.19804605389e-23, 4.84064804521e-23, 7.94006171589e-23, 1.0424651081e-22, 1.10068449441e-22, 1.56977059739e-22, 2.89490167033e-22, 3.26943717713e-22, 3.55102164523e-22, 6.35414458728e-22, 9.22775913007e-22, 1.33211439784e-21, 2.09514206479e-21], "var": [6.66751764911e-10, 6.22783812368e-12, 4.78798556358e-09, 7.12593191565e-07, 1.31142587634e-05, 0.00012282775424, 0.000232898833929, 4.94966188853e-05, 2.00510348805e-05, 4.11098255881e-07, 8.33108174447e-07, 9.54659071795e-07, 7.78242750243e-08, 1.34201769697e-07, 4.83358100212e-08, 5.64015429916e-08, 1.38626674584e-08, 1.04227497744e-08, 9.54748391457e-10, 7.68567098852e-10, 8.97120138593e-12, 4.97549701092e-12, 6.96438417461e-14, 4.47292146355e-14, 5.94357132209e-15, 4.52869468678e-15, 4.32581589635e-15]}, "erbbands": {"dmean": [2.75191232504e-05, 0.000253519217949, 0.0122678214684, 0.299939930439, 0.701314091682, 1.97157394886, 11.9840116501, 7.75808858871, 13.8143129349, 12.6145858765, 20.872959137, 9.32634067535, 5.22475004196, 4.9255566597, 3.79171943665, 5.50195741653, 2.80057382584, 4.63674259186, 2.36184835434, 2.99810099602, 2.08295702934, 1.18090951443, 0.931068956852, 0.468790113926, 0.124507419765, 0.121143057942, 0.0250595025718, 0.00953025184572, 0.00711594941095, 0.00193543697242, 0.000975014641881, 0.000688200467266, 0.000271231227089, 0.000148696999531, 7.96211243141e-05, 4.15297217842e-05, 1.87602763617e-05, 6.50697575111e-06, 2.62233879766e-06, 3.83053384212e-06], "dmean2": [4.47764614364e-05, 0.000421427655965, 0.0189244989306, 0.472054183483, 1.16138422489, 3.16374778748, 18.9604721069, 11.6462783813, 20.3779373169, 17.2247772217, 24.8960609436, 11.1750364304, 6.99862670898, 6.51263809204, 4.90334129333, 6.48702526093, 3.67615795135, 6.77321100235, 3.31600642204, 4.39425897598, 2.95564484596, 1.63868927956, 1.3299831152, 0.635650992393, 0.177369073033, 0.185177475214, 0.0364460498095, 0.0142000671476, 0.0104930913076, 0.00293851178139, 0.00152158364654, 0.00103762408253, 0.000416673836298, 0.000227753887884, 0.000122156910948, 6.43125167699e-05, 2.8771282814e-05, 9.8731397884e-06, 3.89126807931e-06, 5.43714077139e-06], "dvar": [1.04328572448e-08, 1.25937799567e-06, 0.00166895741131, 1.19062805176, 5.69216871262, 39.1740493774, 1326.63671875, 572.157348633, 2384.53100586, 3157.10375977, 6279.703125, 6714.64257812, 435.68170166, 233.485458374, 135.961151123, 234.090118408, 45.8204994202, 151.543777466, 24.9109077454, 50.7801055908, 31.4806976318, 8.66330051422, 8.23549938202, 4.64874792099, 0.376447618008, 1.40291750431, 0.0204830728471, 0.00239687273279, 0.00918650720268, 9.71870249487e-05, 3.72922586394e-05, 3.60261874448e-05, 1.29823592943e-06, 2.55150467865e-07, 5.36495221581e-08, 1.38752360712e-08, 3.45292283654e-09, 4.15989659386e-10, 3.49029277702e-11, 7.9761107441e-11], "dvar2": [2.94773965237e-08, 3.6580709093e-06, 0.00434135552496, 3.43000936508, 15.7323532104, 97.219078064, 3515.07592773, 1031.26818848, 4294.77246094, 4983.8125, 11513.2988281, 9544.09960938, 781.332702637, 431.72479248, 226.517593384, 269.762420654, 82.1601715088, 325.394836426, 42.7643966675, 107.45941925, 64.5462112427, 14.3491230011, 16.1569442749, 7.1964507103, 0.75463527441, 3.27271819115, 0.0370002500713, 0.00445566419512, 0.0137058030814, 0.000223003182327, 9.29970410652e-05, 8.63600798766e-05, 3.11159328703e-06, 5.14429416398e-07, 1.24668744661e-07, 3.35273426799e-08, 8.46090486561e-09, 1.02110098155e-09, 8.06030589495e-11, 1.48640738606e-10], "max": [0.00288782548159, 0.0272416826338, 1.03111636639, 28.9372940063, 92.9175262451, 227.030227661, 1364.57995605, 793.776428223, 1818.79431152, 2294.77880859, 2710.53662109, 5786.12841797, 871.461914062, 743.722717285, 486.620758057, 714.703979492, 221.523910522, 281.74230957, 136.951049805, 167.755935669, 144.529251099, 64.1449661255, 62.2045898438, 64.0805435181, 20.410150528, 40.6553573608, 4.72470378876, 1.69592559338, 5.44459247589, 0.343817293644, 0.283262133598, 0.323796838522, 0.0450893044472, 0.0204694177955, 0.00636876840144, 0.00384513777681, 0.00181648181751, 0.000597057514824, 0.000146125530591, 0.000241680245381], "mean": [5.38771309948e-05, 0.000431504828157, 0.0243249535561, 0.551112353802, 1.53020215034, 4.66256952286, 32.4790458679, 22.8088359833, 42.74036026, 47.7425765991, 65.5573730469, 23.384563446, 11.8163471222, 13.3338022232, 10.008146286, 16.3484039307, 7.0276761055, 10.2598152161, 5.68352079391, 6.29049110413, 4.77228355408, 2.92960309982, 2.05275607109, 0.887547791004, 0.226579636335, 0.164013832808, 0.0521355643868, 0.0184716917574, 0.0106859328225, 0.00393582182005, 0.00233633187599, 0.00168073014356, 0.000878157094121, 0.000556932704058, 0.000350509042619, 0.000194983236725, 9.11637980607e-05, 3.06021647702e-05, 1.33169160108e-05, 1.70922758116e-05], "median": [2.1992076654e-05, 7.33655324439e-05, 0.00186381582171, 0.0501017682254, 0.289514452219, 0.503375649452, 2.87837314606, 6.46748495102, 9.24747276306, 8.17889785767, 9.83241462708, 6.24903821945, 4.29214572906, 3.2862739563, 3.25543689728, 3.93764209747, 2.78665161133, 3.67748641968, 2.67072153091, 2.45595645905, 1.53266274929, 0.944004237652, 0.467908412218, 0.134573549032, 0.0363261811435, 0.0145331993699, 0.00712651852518, 0.00341242551804, 0.00200149416924, 0.00134735438041, 0.000875730183907, 0.000621922605205, 0.000466143712401, 0.00033961981535, 0.000229774479521, 0.000135745911393, 6.39913632767e-05, 2.02819428523e-05, 8.83269967744e-06, 9.31796330406e-06], "min": [7.03011129281e-23, 4.03434523604e-22, 1.92545230331e-21, 7.56569842058e-21, 1.21846983871e-20, 2.66680331457e-20, 7.00706183234e-20, 8.32297758617e-20, 1.28136519513e-19, 2.75525228344e-19, 3.33244392223e-19, 2.84245521458e-19, 4.57114947447e-19, 4.57877969863e-19, 9.4442291783e-19, 8.26234938318e-19, 1.59594273172e-18, 2.25906292652e-18, 3.05200549954e-18, 3.07221083357e-18, 3.54471914693e-18, 5.0586730805e-18, 5.03926328742e-18, 5.4410563438e-18, 6.37656577015e-18, 7.28147240896e-18, 1.04176970958e-17, 1.23736822866e-17, 9.81501247428e-18, 1.08559688172e-17, 9.47868497312e-18, 1.24378756381e-17, 1.00560049283e-17, 8.53077652299e-18, 6.47705291173e-18, 3.84236023802e-18, 2.37746804094e-18, 1.0258986572e-18, 2.66567870436e-19, 2.89993722319e-20], "var": [1.1124331678e-08, 1.44232183175e-06, 0.00422156322747, 2.33827209473, 20.4205360413, 157.703277588, 11051.0410156, 2691.59179688, 18493.9707031, 31694.9492188, 32967.6835938, 17859.0234375, 1098.15844727, 1287.90771484, 517.108093262, 2117.16601562, 161.008163452, 424.28012085, 94.3503875732, 119.431900024, 101.685272217, 39.5676231384, 25.7745800018, 12.5112028122, 0.878617048264, 2.42183542252, 0.0571999549866, 0.00634236540645, 0.0150818591937, 0.000138658229844, 5.6064742239e-05, 5.49060605408e-05, 2.72334455076e-06, 8.23008406314e-07, 2.62482444668e-07, 7.46761443793e-08, 1.70066272176e-08, 2.16318962742e-09, 2.45433756652e-10, 7.07976344216e-10]}, "gfcc": {"mean": [-223.910873413, 149.138504028, -157.053665161, -58.6403503418, -50.6152305603, -36.5320739746, -57.3540687561, -12.2883367538, -16.5864295959, -9.56352710724, -12.8513879776, -4.81110143661, -8.97270298004], "cov": [[27899.3808594, 5224.47705078, -3589.37597656, -1743.77185059, -1261.32800293, -1690.33679199, -1150.3314209, -1041.9543457, -549.468261719, -569.29284668, -45.6884994507, -341.367218018, -118.638023376], [5224.47705078, 1647.57458496, -384.464263916, -337.65423584, -32.6042976379, -310.310302734, -261.699310303, -352.331237793, -189.75062561, -259.156860352, -114.214332581, -135.590927124, -1.2527936697], [-3589.37597656, -384.464263916, 966.316040039, 337.017150879, 236.601852417, 286.312103271, 117.962059021, 0.374647766352, -2.39994978905, -1.3264554739, -68.1065139771, -6.64441394806, 9.44948291779], [-1743.77185059, -337.65423584, 337.017150879, 532.218200684, 238.167282104, 139.931243896, 110.952590942, 18.9955844879, -57.6298828125, -38.4315071106, -90.3558654785, -42.5135650635, -47.0170822144], [-1261.32800293, -32.6042976379, 236.601852417, 238.167282104, 307.803527832, 155.665023804, 14.2171535492, 8.38134288788, -6.26984453201, -70.5196228027, -99.3084106445, -27.3922863007, -30.8745117188], [-1690.33679199, -310.310302734, 286.312103271, 139.931243896, 155.665023804, 312.577941895, 85.4860076904, 41.4941368103, 46.9450683594, 29.8557300568, -92.3132247925, 6.54386711121, -16.418888092], [-1150.3314209, -261.699310303, 117.962059021, 110.952590942, 14.2171535492, 85.4860076904, 251.448364258, 76.9903869629, 12.1157140732, 49.3396759033, 18.2611370087, -43.8677444458, -15.3419866562], [-1041.9543457, -352.331237793, 0.374647766352, 18.9955844879, 8.38134288788, 41.4941368103, 76.9903869629, 239.778198242, 103.5809021, 46.5413970947, 37.1538543701, 22.6287593842, -47.8037872314], [-549.468261719, -189.75062561, -2.39994978905, -57.6298828125, -6.26984453201, 46.9450683594, 12.1157140732, 103.5809021, 200.44152832, 96.4498901367, -2.41208934784, 15.3114881516, -9.11995697021], [-569.29284668, -259.156860352, -1.3264554739, -38.4315071106, -70.5196228027, 29.8557300568, 49.3396759033, 46.5413970947, 96.4498901367, 180.78024292, 70.8230667114, -7.67832803726, -6.82973241806], [-45.6884994507, -114.214332581, -68.1065139771, -90.3558654785, -99.3084106445, -92.3132247925, 18.2611370087, 37.1538543701, -2.41208934784, 70.8230667114, 181.64213562, 63.7870788574, -6.06450510025], [-341.367218018, -135.590927124, -6.64441394806, -42.5135650635, -27.3922863007, 6.54386711121, -43.8677444458, 22.6287593842, 15.3114881516, -7.67832803726, 63.7870788574, 162.068466187, 77.3397598267], [-118.638023376, -1.2527936697, 9.44948291779, -47.0170822144, -30.8745117188, -16.418888092, -15.3419866562, -47.8037872314, -9.11995697021, -6.82973241806, -6.06450510025, 77.3397598267, 145.072402954]], "icov": [[0.000388687592931, -0.00111382687464, 0.000939010526054, -0.000723549514078, 0.00157043640502, -0.000553007237613, 0.000608499743976, 6.64866020088e-05, -0.000186342818779, 0.000215145977563, -0.000247851450695, 0.000178344620508, 0.000263452617219], [-0.00111382687464, 0.00562985194847, -0.00258041452616, 0.00413641845807, -0.00597432209179, 0.00360699463636, -0.00184299447574, 0.00250810617581, 0.000615089200437, 0.00128161464818, 0.00198005186394, 0.000372158217942, 0.000398112722905], [0.000939010526054, -0.00258041452616, 0.00413460144773, -0.00272783427499, 0.00374123477377, -0.00333860237151, 0.00182727212086, 0.000579711282626, -0.0012051560916, 0.00179635046516, -0.00261622760445, 0.00206808629446, -0.00080821570009], [-0.000723549514078, 0.00413641845807, -0.00272783427499, 0.0078539820388, -0.00760527933016, 0.00565707264468, -0.00382611015812, 0.00185701833107, 0.00361793930642, -0.00252635893412, 0.00649806344882, -0.00374245923012, 0.00377139286138], [0.00157043640502, -0.00597432209179, 0.00374123477377, -0.00760527933016, 0.0157150719315, -0.00824660342187, 0.00513687031344, -0.00150942080654, -0.00376033619978, 0.00553921610117, -0.00543706864119, 0.00461963983253, -0.00168447406031], [-0.000553007237613, 0.00360699463636, -0.00333860237151, 0.00565707264468, -0.00824660342187, 0.0145223317668, -0.00593542400748, 0.00231037242338, 0.00396171631292, -0.00759529462084, 0.0136423502117, -0.0104902908206, 0.00770621979609], [0.000608499743976, -0.00184299447574, 0.00182727212086, -0.00382611015812, 0.00513687031344, -0.00593542400748, 0.00928692519665, -0.00261589162983, -0.00136074051261, 0.00331983342767, -0.00723010115325, 0.00831552874297, -0.00500030070543], [6.64866020088e-05, 0.00250810617581, 0.000579711282626, 0.00185701833107, -0.00150942080654, 0.00231037242338, -0.00261589162983, 0.0105787049979, -0.00399347906932, 0.00320745282806, 0.000636242912151, -0.0017150528729, 0.0046304455027], [-0.000186342818779, 0.000615089200437, -0.0012051560916, 0.00361793930642, -0.00376033619978, 0.00396171631292, -0.00136074051261, -0.00399347906932, 0.0129409097135, -0.0103410668671, 0.00924716051668, -0.00662444205955, 0.00353706721216], [0.000215145977563, 0.00128161464818, 0.00179635046516, -0.00252635893412, 0.00553921610117, -0.00759529462084, 0.00331983342767, 0.00320745282806, -0.0103410668671, 0.0208373703063, -0.0147703038529, 0.0135157490149, -0.00651348428801], [-0.000247851450695, 0.00198005186394, -0.00261622760445, 0.00649806344882, -0.00543706864119, 0.0136423502117, -0.00723010115325, 0.000636242912151, 0.00924716051668, -0.0147703038529, 0.0264906976372, -0.0190116446465, 0.013051411137], [0.000178344620508, 0.000372158217942, 0.00206808629446, -0.00374245923012, 0.00461963983253, -0.0104902908206, 0.00831552874297, -0.0017150528729, -0.00662444205955, 0.0135157490149, -0.0190116446465, 0.0257477909327, -0.0153897367418], [0.000263452617219, 0.000398112722905, -0.00080821570009, 0.00377139286138, -0.00168447406031, 0.00770621979609, -0.00500030070543, 0.0046304455027, 0.00353706721216, -0.00651348428801, 0.013051411137, -0.0153897367418, 0.0185633599758]]}, "melbands": {"dmean": [3.43098150779e-07, 2.98936083709e-06, 6.31405200693e-05, 7.83759605838e-05, 0.000330964772729, 0.000196536610019, 0.000228068267461, 0.000133679423016, 0.000161459116498, 5.3525196563e-05, 2.42435526161e-05, 1.85611952475e-05, 1.39423636938e-05, 1.25544793264e-05, 1.10411374408e-05, 6.9151515163e-06, 9.91616525425e-06, 3.6842100144e-06, 4.86756744067e-06, 4.4819021241e-06, 2.24667019211e-06, 1.41129669373e-06, 9.80078880275e-07, 7.62958165978e-07, 3.86135297958e-07, 1.06384604237e-07, 1.01908668171e-07, 6.90634962552e-08, 1.95618952148e-08, 9.2896286219e-09, 4.84747975094e-09, 5.28357801954e-09, 1.7892459736e-09, 9.57101398136e-10, 6.21841522719e-10, 5.34617683456e-10, 4.11003370226e-10, 1.92325877446e-10, 1.72534500575e-10, 1.37182959437e-10], "dmean2": [5.29197620835e-07, 4.51235155197e-06, 0.000102281643194, 0.00012509941007, 0.000521332141943, 0.000296523008728, 0.000330820563249, 0.000178826172487, 0.000194413383724, 6.49324574624e-05, 3.29835020239e-05, 2.44841157837e-05, 1.84296550287e-05, 1.48188528328e-05, 1.36347389343e-05, 9.29994348553e-06, 1.46175889313e-05, 5.10888412464e-06, 7.10284939487e-06, 6.64637263981e-06, 3.15608895107e-06, 1.96126711671e-06, 1.40677946092e-06, 1.04365290099e-06, 5.33545801318e-07, 1.50836669377e-07, 1.54308878564e-07, 1.05784593529e-07, 2.93770874293e-08, 1.43575151768e-08, 7.25358129117e-09, 7.77645414729e-09, 2.84636159087e-09, 1.47930312444e-09, 9.80029057907e-10, 8.45266412419e-10, 6.31758867442e-10, 3.03421537895e-10, 2.75579670195e-10, 2.14979339885e-10], "dvar": [1.28411777739e-12, 9.33449983975e-11, 5.08436386326e-08, 6.90509622814e-08, 9.59205749496e-07, 2.8644547001e-07, 8.25089216505e-07, 2.88581418317e-07, 3.45852470218e-07, 2.85128805899e-07, 8.18735035324e-09, 3.27397864375e-09, 1.46987433336e-09, 1.29946431393e-09, 1.01865271773e-09, 3.53085144456e-10, 7.8203504783e-10, 7.65774110789e-11, 1.37369213227e-10, 2.22109997061e-10, 3.82037144975e-11, 1.28013606659e-11, 8.97065234595e-12, 9.03623183224e-12, 3.82748780586e-12, 5.2015585849e-13, 6.1653470957e-13, 4.53166529909e-13, 2.12463611971e-14, 1.55239868117e-15, 8.84321613993e-16, 6.79708661249e-15, 1.16509527479e-16, 1.80203298222e-17, 1.04138680767e-17, 1.61202380525e-17, 1.32890006478e-17, 5.12405560746e-19, 3.53496539503e-19, 2.12618814843e-19], "dvar2": [3.2266949529e-12, 2.32094107822e-10, 1.54383982931e-07, 1.66256512557e-07, 2.52036375059e-06, 5.50643846964e-07, 1.3978313973e-06, 4.62235476562e-07, 6.4593245952e-07, 4.03439713637e-07, 1.60449520337e-08, 6.02893290846e-09, 2.57512300372e-09, 1.44519340939e-09, 1.50218837369e-09, 6.09090777814e-10, 1.67956881736e-09, 1.25222554548e-10, 2.55393511894e-10, 5.38803113237e-10, 7.05944677715e-11, 2.15585552882e-11, 1.55410233293e-11, 1.73286975047e-11, 6.08110610478e-12, 9.28837519051e-13, 1.46299465598e-12, 1.03834941947e-12, 3.90035700677e-14, 3.67289028984e-15, 1.65313916832e-15, 1.01249753007e-14, 3.03918783137e-16, 4.41577929215e-17, 2.64247859395e-17, 3.96196319269e-17, 3.29137018619e-17, 1.21553001943e-18, 8.55089583023e-19, 4.13720613072e-19], "max": [2.57511583186e-05, 0.000191464016098, 0.00552605371922, 0.0110795842484, 0.0351842753589, 0.0155839892104, 0.0357849411666, 0.0205444917083, 0.0188917759806, 0.0378374904394, 0.00402051024139, 0.00276818452403, 0.00137241045013, 0.00181377585977, 0.0012716492638, 0.000571483338717, 0.00064678239869, 0.000209084973903, 0.000291697157081, 0.000521730864421, 0.000136059315992, 8.4763923951e-05, 0.000106081919512, 8.89980583452e-05, 5.33802049176e-05, 2.73270725302e-05, 2.38270586124e-05, 2.3545089789e-05, 5.33860156793e-06, 1.28565409341e-06, 1.16554178931e-06, 4.79119353258e-06, 3.03448899786e-07, 1.60014948847e-07, 1.35421259984e-07, 1.73412018967e-07, 1.96957529397e-07, 2.95088629088e-08, 1.8264342927e-08, 2.26572005602e-08], "mean": [6.5184298137e-07, 5.68478799323e-06, 0.000118373573059, 0.00016881483316, 0.00089728878811, 0.000583979999647, 0.000735015200917, 0.000514297222253, 0.000482675182866, 0.000123251258628, 5.19764471392e-05, 4.9306130677e-05, 3.56244381692e-05, 3.86155988963e-05, 2.74576595984e-05, 1.54854551511e-05, 2.00575868803e-05, 7.93988965597e-06, 9.50358025875e-06, 8.3987324615e-06, 4.89485273647e-06, 3.1165038763e-06, 2.26492602451e-06, 1.45166154653e-06, 6.55481755985e-07, 1.78364473413e-07, 1.34108830707e-07, 9.21660401332e-08, 3.72681583372e-08, 1.76644974204e-08, 7.89202836415e-09, 7.10690217787e-09, 2.74177924808e-09, 1.92643589969e-09, 1.36660316397e-09, 1.08726261328e-09, 9.61499879715e-10, 5.68972480242e-10, 5.3963744584e-10, 4.56175569541e-10], "median": [2.1486224e-07, 2.53819450791e-07, 1.34908050313e-05, 2.34944636759e-05, 7.79602269176e-05, 0.000162812095368, 0.000126692350022, 8.72303207871e-05, 7.35614739824e-05, 2.97014630632e-05, 1.72787586052e-05, 1.02861849882e-05, 9.74415706878e-06, 8.2849910541e-06, 6.92617868481e-06, 3.16660862154e-06, 6.13327301835e-06, 3.04325044453e-06, 3.21302923112e-06, 2.13082080336e-06, 1.19422429634e-06, 8.00045654614e-07, 4.53300231129e-07, 1.67712073562e-07, 6.16525852593e-08, 2.00418721619e-08, 1.10330731218e-08, 6.68944366566e-09, 3.84145737442e-09, 2.44722642151e-09, 1.26886201546e-09, 1.05952557838e-09, 7.73288544309e-10, 6.14751138883e-10, 4.7788684121e-10, 3.86572995836e-10, 3.53284901333e-10, 3.14452852646e-10, 2.9223329312e-10, 2.68039979101e-10], "min": [8.462974733e-25, 1.20057362394e-24, 1.57918199198e-24, 1.20629878196e-24, 2.54410146567e-24, 1.98550373387e-24, 2.14784460285e-24, 3.1351890255e-24, 1.81500308491e-24, 1.98683848653e-24, 2.1454736814e-24, 1.58852673965e-24, 2.6752578742e-24, 2.75437943971e-24, 3.38380031471e-24, 3.77844336534e-24, 3.92357326152e-24, 3.38115447524e-24, 3.01931226105e-24, 1.8556199552e-24, 3.46514725683e-24, 4.47741514813e-24, 3.39757382612e-24, 4.50543390976e-24, 4.03720512504e-24, 4.01432618664e-24, 3.11978138873e-24, 4.10381732874e-24, 4.50859487541e-24, 5.71684027026e-24, 5.8234769097e-24, 5.32916917231e-24, 5.7270990119e-24, 4.81867755902e-24, 4.77433844855e-24, 6.28825797784e-24, 6.78197761943e-24, 6.6902946273e-24, 6.48193674071e-24, 6.85125775071e-24], "var": [1.96440324944e-12, 2.44399972482e-10, 1.06572791481e-07, 2.69428227284e-07, 7.73212104832e-06, 1.82626263268e-06, 7.02882152837e-06, 2.83834651782e-06, 1.745966415e-06, 7.50890023937e-07, 1.95006304438e-08, 1.81498123197e-08, 6.2580682858e-09, 1.27467147948e-08, 5.07299935393e-09, 1.22752252807e-09, 2.03786210129e-09, 2.5103985557e-10, 3.63319957453e-10, 3.87461285278e-10, 1.45806311469e-10, 5.40734228227e-11, 3.52549829608e-11, 2.47349207089e-11, 9.16796239619e-12, 1.21552984692e-12, 1.01485421629e-12, 8.20073989185e-13, 5.2643256914e-14, 5.00730557143e-15, 1.9644909038e-15, 1.07787068591e-14, 1.24350908518e-16, 2.66560490951e-17, 1.58379014571e-17, 2.57203142621e-17, 1.77470376196e-17, 1.0643150962e-18, 9.52809908855e-19, 6.35455087513e-19]}, "mfcc": {"mean": [-846.061401367, 193.5050354, -44.2687835693, -28.7261447906, -3.95185637474, -28.7401809692, -32.2706222534, -18.9121131897, -13.673286438, -12.4734392166, -7.51022195816, -3.45903253555, -5.28491353989], "cov": [[9657.56054688, 5352.97509766, -1868.54211426, -476.928131104, -366.915313721, -832.704345703, -646.098754883, -585.944152832, -621.203308105, -584.874450684, -399.191864014, -64.4133224487, -46.934589386], [5352.97509766, 3525.85253906, -864.243286133, -468.587890625, -38.1602630615, -451.126312256, -457.158416748, -342.642150879, -352.617034912, -395.810424805, -295.103240967, -99.6138687134, -54.7534294128], [-1868.54211426, -864.243286133, 657.637695312, 151.91166687, 122.439369202, 269.709350586, 132.963043213, 91.4939422607, 124.567733765, 86.8885421753, 0.857318162918, -45.4801940918, -17.2581634521], [-476.928131104, -468.587890625, 151.91166687, 349.33291626, 56.5846977234, 85.6789703369, 146.91305542, 43.9727630615, 20.0977783203, 33.9260444641, -6.18916988373, -40.844165802, -36.0480613708], [-366.915313721, -38.1602630615, 122.439369202, 56.5846977234, 312.727874756, 139.331665039, -28.631483078, 65.0254364014, 56.1804351807, -41.0022163391, -37.8695983887, -41.4904632568, -48.957244873], [-832.704345703, -451.126312256, 269.709350586, 85.6789703369, 139.331665039, 321.867828369, 110.847991943, 33.6712226868, 118.443939209, 44.0771408081, -36.0911827087, -32.4676551819, -16.9467124939], [-646.098754883, -457.158416748, 132.963043213, 146.91305542, -28.631483078, 110.847991943, 234.136062622, 69.1524734497, 7.96808958054, 56.178440094, 19.6269874573, -25.1415042877, -18.9845523834], [-585.944152832, -342.642150879, 91.4939422607, 43.9727630615, 65.0254364014, 33.6712226868, 69.1524734497, 176.606384277, 85.0611495972, 0.47650206089, 37.3503875732, 4.45423173904, -23.2526950836], [-621.203308105, -352.617034912, 124.567733765, 20.0977783203, 56.1804351807, 118.443939209, 7.96808958054, 85.0611495972, 214.931732178, 98.5767059326, 3.66240525246, 15.5638799667, 11.3208265305], [-584.874450684, -395.810424805, 86.8885421753, 33.9260444641, -41.0022163391, 44.0771408081, 56.178440094, 0.47650206089, 98.5767059326, 212.380096436, 115.682510376, 20.900894165, 33.5116577148], [-399.191864014, -295.103240967, 0.857318162918, -6.18916988373, -37.8695983887, -36.0911827087, 19.6269874573, 37.3503875732, 3.66240525246, 115.682510376, 209.833236694, 87.7014465332, 9.47186183929], [-64.4133224487, -99.6138687134, -45.4801940918, -40.844165802, -41.4904632568, -32.4676551819, -25.1415042877, 4.45423173904, 15.5638799667, 20.900894165, 87.7014465332, 161.230194092, 70.1650085449], [-46.934589386, -54.7534294128, -17.2581634521, -36.0480613708, -48.957244873, -16.9467124939, -18.9845523834, -23.2526950836, 11.3208265305, 33.5116577148, 9.47186183929, 70.1650085449, 152.889160156]], "icov": [[0.00536559103057, -0.00766606722027, 0.00747205270454, -0.00811356958002, 0.00821661390364, -0.0083227083087, 0.00846844911575, -0.00781630724669, 0.00733779650182, -0.00579649675637, 0.00426188483834, -0.00347708235495, 0.00146240147296], [-0.00766606722027, 0.0117648821324, -0.010129192844, 0.0122200604528, -0.0122338831425, 0.0125026917085, -0.0120273372158, 0.0122801447287, -0.0105124376714, 0.00890914071351, -0.00561971217394, 0.0053090127185, -0.00182230747305], [0.00747205270454, -0.010129192844, 0.0135054765269, -0.0115889981389, 0.0115378135815, -0.0138628724962, 0.0130762271583, -0.0124475266784, 0.0117798354477, -0.00956524070352, 0.00715298904106, -0.00460156379268, 0.00223987083882], [-0.00811356958002, 0.0122200604528, -0.0115889981389, 0.0173649974167, -0.0146243497729, 0.0150374136865, -0.0171734560281, 0.0150029985234, -0.0130590721965, 0.0103852069005, -0.00672038504854, 0.00597780942917, -0.00183149054646], [0.00821661390364, -0.0122338831425, 0.0115378135815, -0.0146243497729, 0.0199296157807, -0.018671086058, 0.0195243936032, -0.0189452152699, 0.0157140251249, -0.0117822503671, 0.00838203821331, -0.00582900317386, 0.00342538347468], [-0.0083227083087, 0.0125026917085, -0.0138628724962, 0.0150374136865, -0.018671086058, 0.025963915512, -0.0237345490605, 0.024134086445, -0.0232408922166, 0.0175079088658, -0.0111263673753, 0.00791932083666, -0.00353595777415], [0.00846844911575, -0.0120273372158, 0.0130762271583, -0.0171734560281, 0.0195243936032, -0.0237345490605, 0.0321725904942, -0.0285350326449, 0.0273598339409, -0.0226494893432, 0.015764689073, -0.00919244065881, 0.0051761912182], [-0.00781630724669, 0.0122801447287, -0.0124475266784, 0.0150029985234, -0.0189452152699, 0.024134086445, -0.0285350326449, 0.0392979644239, -0.0333050899208, 0.0295765306801, -0.0214238241315, 0.0125298099592, -0.00526701239869], [0.00733779650182, -0.0105124376714, 0.0117798354477, -0.0130590721965, 0.0157140251249, -0.0232408922166, 0.0273598339409, -0.0333050899208, 0.0388062410057, -0.0319412052631, 0.0235915314406, -0.0143954372033, 0.00679886434227], [-0.00579649675637, 0.00890914071351, -0.00956524070352, 0.0103852069005, -0.0117822503671, 0.0175079088658, -0.0226494893432, 0.0295765306801, -0.0319412052631, 0.0364390835166, -0.0260298848152, 0.0154736442491, -0.00847694929689], [0.00426188483834, -0.00561971217394, 0.00715298904106, -0.00672038504854, 0.00838203821331, -0.0111263673753, 0.015764689073, -0.0214238241315, 0.0235915314406, -0.0260298848152, 0.0266993194818, -0.0154160503298, 0.00804802589118], [-0.00347708235495, 0.0053090127185, -0.00460156379268, 0.00597780942917, -0.00582900317386, 0.00791932083666, -0.00919244065881, 0.0125298099592, -0.0143954372033, 0.0154736442491, -0.0154160503298, 0.0179162546992, -0.0080935601145], [0.00146240147296, -0.00182230747305, 0.00223987083882, -0.00183149054646, 0.00342538347468, -0.00353595777415, 0.0051761912182, -0.00526701239869, 0.00679886434227, -0.00847694929689, 0.00804802589118, -0.0080935601145, 0.0112750092521]]}, "spectral_contrast_coeffs": {"dmean": [0.0500001274049, 0.0379153229296, 0.0322571061552, 0.0305706206709, 0.0243091620505, 0.01269484777], "dmean2": [0.0853569433093, 0.0599613115191, 0.0495412200689, 0.0495616868138, 0.0372583009303, 0.0204550400376], "dvar": [0.00168070907239, 0.00101361691486, 0.000747490674257, 0.000654908537399, 0.000486428412842, 0.000177850713953], "dvar2": [0.0047690346837, 0.00252798735164, 0.00173493393231, 0.00163908035029, 0.00108094408643, 0.000402860197937], "max": [-0.187540560961, -0.346223056316, -0.376762062311, -0.526171803474, -0.510661959648, -0.649342119694], "mean": [-0.476203560829, -0.665000319481, -0.711544215679, -0.727438747883, -0.71889770031, -0.83549529314], "median": [-0.456086993217, -0.665570497513, -0.71157592535, -0.72388368845, -0.713210463524, -0.837944984436], "min": [-0.979985237122, -0.981471836567, -0.974543571472, -0.971783399582, -0.966522753239, -0.965261101723], "var": [0.0178889874369, 0.00932440254837, 0.00524138193578, 0.00389916053973, 0.00495395576581, 0.00155137828551]}, "spectral_contrast_valleys": {"dmean": [0.650002837181, 0.30044978857, 0.2953171134, 0.293198078871, 0.257790982723, 0.12521211803], "dmean2": [1.12337076664, 0.481235086918, 0.471716433764, 0.487396687269, 0.422148704529, 0.21595236659], "dvar": [0.32494699955, 0.130098760128, 0.