{"lowlevel": {"average_loudness": 0.941913485527, "barkbands_crest": {"dmean": 2.99759244919, "dmean2": 4.8648724556, "dvar": 7.77574396133, "dvar2": 19.5180301666, "max": 26.5020141602, "mean": 13.3588237762, "median": 12.6455507278, "min": 2.86702036858, "var": 26.1099700928}, "barkbands_flatness_db": {"dmean": 0.03649430722, "dmean2": 0.053836286068, "dvar": 0.00143364141695, "dvar2": 0.0027354976628, "max": 0.462717950344, "mean": 0.195305064321, "median": 0.179304927588, "min": 0.0248053483665, "var": 0.00732114724815}, "barkbands_kurtosis": {"dmean": 9.19536876678, "dmean2": 14.6892585754, "dvar": 399.406555176, "dvar2": 983.185791016, "max": 566.009399414, "mean": 15.4811925888, "median": 5.23622751236, "min": -1.82736694813, "var": 1438.04943848}, "barkbands_skewness": {"dmean": 0.917741060257, "dmean2": 1.40218877792, "dvar": 1.15835034847, "dvar2": 2.76449131966, "max": 18.395357132, "mean": 2.49959373474, "median": 2.05590224266, "min": -2.19545841217, "var": 4.70121335983}, "barkbands_spread": {"dmean": 6.50030899048, "dmean2": 10.6519918442, "dvar": 84.2565155029, "dvar2": 209.486923218, "max": 89.657081604, "mean": 14.8565740585, "median": 12.8929758072, "min": 0.256897121668, "var": 141.738937378}, "dissonance": {"dmean": 0.0330851748586, "dmean2": 0.0531164109707, "dvar": 0.00108064094093, "dvar2": 0.00249083340168, "max": 0.500000059605, "mean": 0.417824417353, "median": 0.43508130312, "min": 0.0128159150481, "var": 0.00390016660094}, "dynamic_complexity": 3.86381220818, "erbbands_crest": {"dmean": 3.19948911667, "dmean2": 4.86403989792, "dvar": 8.98687934875, "dvar2": 18.8062763214, "max": 32.5565834045, "mean": 12.6257600784, "median": 11.472530365, "min": 2.15041041374, "var": 35.8304862976}, "erbbands_flatness_db": {"dmean": 0.033499121666, "dmean2": 0.0461357906461, "dvar": 0.00120313325897, "dvar2": 0.00201014964841, "max": 0.482176572084, "mean": 0.189477726817, "median": 0.175083979964, "min": 0.0248122476041, "var": 0.00639894837514}, "erbbands_kurtosis": {"dmean": 2.89888834953, "dmean2": 4.57358789444, "dvar": 30.647228241, "dvar2": 71.5289993286, "max": 82.592124939, "mean": 3.54244112968, "median": 0.89953327179, "min": -1.80781292915, "var": 57.8589057922}, "erbbands_skewness": {"dmean": 0.584553182125, "dmean2": 0.901155769825, "dvar": 0.411690056324, "dvar2": 0.968762934208, "max": 8.07637691498, "mean": 0.987598717213, "median": 0.746902942657, "min": -3.30469584465, "var": 1.69800448418}, "erbbands_spread": {"dmean": 12.3793430328, "dmean2": 18.9299354553, "dvar": 251.386062622, "dvar2": 571.24822998, "max": 130.860641479, "mean": 32.1014900208, "median": 27.8099555969, "min": 1.54352140427, "var": 462.967041016}, "hfc": {"dmean": 9.7994556427, "dmean2": 14.9821643829, "dvar": 234.818145752, "dvar2": 562.008300781, "max": 143.230163574, "mean": 15.4993362427, "median": 10.5533008575, "min": 1.13603039799e-16, "var": 291.714599609}, "melbands_crest": {"dmean": 3.38620901108, "dmean2": 5.53242492676, "dvar": 9.83054828644, "dvar2": 24.5514717102, "max": 33.0939254761, "mean": 16.4780788422, "median": 16.1517677307, "min": 1.90271055698, "var": 28.7891197205}, "melbands_flatness_db": {"dmean": 0.0416974425316, "dmean2": 0.061840031296, "dvar": 0.00190557492897, "dvar2": 0.00369795109145, "max": 0.596981346607, "mean": 0.270919203758, "median": 0.259475052357, "min": 0.00381346815266, "var": 0.00934984628111}, "melbands_kurtosis": {"dmean": 15.1063070297, "dmean2": 23.8722782135, "dvar": 721.627990723, "dvar2": 1842.4888916, "max": 460.223175049, "mean": 24.8751335144, "median": 12.2167987823, "min": -1.80140912533, "var": 1423.13085938}, "melbands_skewness": {"dmean": 1.1257506609, "dmean2": 1.69462478161, "dvar": 1.59666323662, "dvar2": 3.73719573021, "max": 19.0593128204, "mean": 3.17161369324, "median": 2.7906229496, "min": -1.88662219048, "var": 4.58148336411}, "melbands_spread": {"dmean": 5.25322818756, "dmean2": 8.47920227051, "dvar": 64.2559814453, "dvar2": 161.368087769, "max": 151.301101685, "mean": 14.129699707, "median": 10.330201149, "min": 0.412480592728, "var": 204.746017456}, "pitch_salience": {"dmean": 0.076279938221, "dmean2": 0.122297361493, "dvar": 0.00576560664922, "dvar2": 0.0141656631604, "max": 0.956664025784, "mean": 0.452991187572, "median": 0.454758822918, "min": 0.0544999986887, "var": 0.0168544631451}, "silence_rate_20dB": {"dmean": 0, "dmean2": 0, "dvar": 0, "dvar2": 0, "max": 1, "mean": 1, "median": 1, "min": 1, "var": 0}, "silence_rate_30dB": {"dmean": 0.0429885312915, "dmean2": 0.085985943675, "dvar": 0.0411445051432, "dvar2": 0.111666202545, "max": 1, "mean": 0.973548233509, "median": 1, "min": 0, "var": 0.02575356327}, "silence_rate_60dB": {"dmean": 0.0361682325602, "dmean2": 0.0723439455032, "dvar": 0.0348633937538, "dvar2": 0.0784780010581, "max": 1, "mean": 0.0990907177329, "median": 0, "min": 0, "var": 0.0892788767815}, "spectral_centroid": {"dmean": 211.185821533, "dmean2": 338.641082764, "dvar": 92752.2578125, "dvar2": 205944.453125, "max": 11213.6142578, "mean": 849.9375, "median": 693.063781738, "min": 121.680992126, "var": 383055.40625}, "spectral_complexity": {"dmean": 3.20760560036, "dmean2": 5.17279863358, "dvar": 24.3664855957, "dvar2": 57.781463623, "max": 58, "mean": 11.485534668, "median": 9, "min": 0, "var": 64.4291152954}, "spectral_decrease": {"dmean": 4.2807384304e-09, "dmean2": 6.54794618526e-09, "dvar": 4.99518622402e-17, "dvar2": 1.15786280456e-16, "max": -6.45330900884e-30, "mean": -7.22226589644e-09, "median": -4.72821071185e-09, "min": -6.66249988512e-08, "var": 6.54617369536e-17}, "spectral_energy": {"dmean": 0.0168703403324, "dmean2": 0.025757573545, "dvar": 0.000756857392844, "dvar2": 0.00174862833228, "max": 0.256249368191, "mean": 0.0286643430591, "median": 0.0189336761832, "min": 1.04152500047e-20, "var": 0.00100154057145}, "spectral_energyband_high": {"dmean": 0.000671615183819, "dmean2": 0.00109131494537, "dvar": 1.67107964444e-06, "dvar2": 4.09280119129e-06, "max": 0.0121680665761, "mean": 0.000636744487565, "median": 0.000143407902215, "min": 7.26104796254e-21, "var": 1.54983467837e-06}, "spectral_energyband_low": {"dmean": 0.007962170057, "dmean2": 0.0129078226164, "dvar": 0.000424197962275, "dvar2": 0.0010640543187, "max": 0.236201107502, "mean": 0.0091633759439, "median": 0.000887835863978, "min": 5.371043408e-23, "var": 0.000412677414715}, "spectral_energyband_middle_high": {"dmean": 0.00145510374568, "dmean2": 0.0022821018938, "dvar": 7.16390013622e-06, "dvar2": 1.83974061656e-05, "max": 0.0315633490682, "mean": 0.00306092319079, "median": 0.00178105314262, "min": 1.63599068673e-21, "var": 1.4804739294e-05}, "spectral_energyband_middle_low": {"dmean": 0.00972227752209, "dmean2": 0.0149421095848, "dvar": 0.000241770016146, "dvar2": 0.000560963002499, "max": 0.178818151355, "mean": 0.016374155879, "median": 0.010675156489, "min": 3.33000705339e-22, "var": 0.000349183363141}, "spectral_entropy": {"dmean": 0.383752524853, "dmean2": 0.564976334572, "dvar": 0.209082022309, "dvar2": 0.368237048388, "max": 9.81333732605, "mean": 7.01496648788, "median": 7.21217536926, "min": 4.45131397247, "var": 0.759131193161}, "spectral_flux": {"dmean": 0.0415240861475, "dmean2": 0.0638713762164, "dvar": 0.00266241189092, "dvar2": 0.00559763237834, "max": 0.433516025543, "mean": 0.0831906720996, "median": 0.0651829913259, "min": 1.02055135176e-10, "var": 0.00473539344966}, "spectral_kurtosis": {"dmean": 4.39455699921, "dmean2": 6.801197052, "dvar": 60.3717193604, "dvar2": 135.332992554, "max": 174.679397583, "mean": 9.3528213501, "median": 5.77850675583, "min": -1.25617098808, "var": 146.320114136}, "spectral_rms": {"dmean": 0.00134046294261, "dmean2": 0.00193416350521, "dvar": 2.89393233288e-06, "dvar2": 6.0161064539e-06, "max": 0.0158113688231, "mean": 0.00459842057899, "median": 0.00429789256305, "min": 3.18766671045e-12, "var": 6.81971005179e-06}, "spectral_rolloff": {"dmean": 488.758148193, "dmean2": 870.502197266, "dvar": 1675535.375, "dvar2": 4531106, "max": 19013.8183594, "mean": 1069.83007812, "median": 689.0625, "min": 86.1328125, "var": 2405041.75}, "spectral_skewness": {"dmean": 0.494887709618, "dmean2": 0.748259842396, "dvar": 0.389001756907, "dvar2": 0.79018342495, "max": 10.7943696976, "mean": 2.24215126038, "median": 1.98338329792, "min": -0.0301840640604, "var": 1.13906514645}, "spectral_spread": {"dmean": 1370221.625, "dmean2": 2001769.5, "dvar": 2713043337220.0, "dvar2": 5866015686660.0, "max": 46202984, "mean": 5229197.5, "median": 4897474, "min": 461654.21875, "var": 6345084370940.0}, "spectral_strongpeak": {"dmean": 0.452694833279, "dmean2": 0.736786305904, "dvar": 0.414024680853, "dvar2": 0.972881495953, "max": 7.3946428299, "mean": 0.9290163517, "median": 0.632776856422, "min": 0, "var": 0.849957287312}, "zerocrossingrate": {"dmean": 0.0130379721522, "dmean2": 0.0170539636165, "dvar": 0.000263317575445, "dvar2": 0.000404683698434, "max": 0.49853515625, "mean": 0.0503737926483, "median": 0.041015625, "min": 0.0029296875, "var": 0.00155308109242}, "barkbands": {"dmean": [0.000161011659657, 0.00613021291792, 0.00205921963789, 0.000627464614809, 0.00654812343419, 0.00327516184188, 0.000176687695784, 0.000165379271493, 0.000557231542189, 0.000740453833714, 0.000348669913365, 0.000211466787732, 0.00016380166926, 0.000110084081825, 0.000161639167345, 9.33996780077e-05, 0.000125726874103, 8.90371447895e-05, 7.55711225793e-05, 8.23892769404e-05, 9.87784078461e-05, 0.0001083697789, 9.43428822211e-05, 9.73324131337e-05, 0.000123564706882, 9.63526763371e-05, 2.69779975497e-05], "dmean2": [0.000265930924797, 0.0100609743968, 0.00352834141813, 0.00107211410068, 0.0104806898162, 0.00502331648022, 0.000284869252937, 0.000226226416999, 0.000808094395325, 0.00111594283953, 0.000484064774355, 0.000303043256281, 0.000250063807471, 0.000181061419426, 0.000269007286988, 0.000158202543389, 0.00021419134282, 0.000150083156768, 0.000129654275952, 0.000140439515235, 0.000162483818713, 0.000182389776455, 0.000157306465553, 0.000158959359396, 0.000200198948733, 0.000159333314514, 4.27239210694e-05], "dvar": [2.9488953146e-07, 0.000268740026513, 3.376899258e-05, 3.80614346795e-06, 0.000148212682689, 4.41842930741e-05, 1.53789727619e-07, 1.56716538413e-07, 1.35138463975e-06, 2.55539362115e-06, 7.45508486943e-07, 2.94903856002e-07, 3.03588649331e-07, 1.23747838643e-07, 2.52197509099e-07, 5.95901141764e-08, 8.65000089334e-08, 3.60627296914e-08, 2.69342308457e-08, 3.98156920767e-08, 4.15862722036e-08, 6.15364825762e-08, 4.23098533986e-08, 3.73084141359e-08, 6.59092762589e-08, 5.02709092132e-08, 3.30185434549e-09], "dvar2": [7.31341003757e-07, 0.000679620134179, 9.41284015425e-05, 9.72770976659e-06, 0.000351360708009, 0.000101605517557, 3.8356321852e-07, 2.53780484627e-07, 2.30088835451e-06, 5.941460131e-06, 1.11247641144e-06, 4.9440990324e-07, 4.84537679313e-07, 2.68684857474e-07, 6.28332145425e-07, 1.49688716533e-07, 2.33056837828e-07, 9.83281438494e-08, 7.22579329704e-08, 1.0766995473e-07, 1.05305986153e-07, 1.59174149417e-07, 1.05897193237e-07, 9.16502926884e-08, 1.60114566938e-07, 1.32070113068e-07, 8.0069488817e-09], "max": [0.00637297378853, 0.213981553912, 0.0721313133836, 0.0317866913974, 0.161772489548, 0.0771659314632, 0.00614855438471, 0.00892602000386, 0.0261602196842, 0.0333148613572, 0.0204252228141, 0.016749329865, 0.013242197223, 0.0109816286713, 0.0122623583302, 0.01068326924, 0.00805782340467, 0.00245479703881, 0.00192446517758, 0.00221303827129, 0.00204568146728, 0.00334572559223, 0.00276242941618, 0.00256255292334, 0.00295240269043, 0.00331713818014, 0.00101629155688], "mean": [0.000144724312122, 0.00661679077893, 0.00217144796625, 0.000613844080362, 0.00903374608606, 0.00437487615272, 0.000243016256718, 0.000364702282241, 0.00101879495196, 0.00110658875201, 0.000596704368945, 0.000564211397432, 0.000230993435252, 0.000158302209456, 0.000217016044189, 0.000144617908518, 0.000198280817131, 0.000103508435132, 8.92375246622e-05, 8.58830098878e-05, 0.000104558137537, 9.63359343586e-05, 8.44353853608e-05, 8.73294338817e-05, 0.000107352287159, 8.22218207759e-05, 2.48813666985e-05], "median": [1.93558571482e-06, 0.000267402821919, 0.000153487068019, 5.16059444635e-05, 0.0045518996194, 0.00177165050991, 9.50320390984e-05, 0.000130619184347, 0.00047902224469, 0.00026566447923, 0.000116308503493, 8.11327190604e-05, 4.17640803789e-05, 2.91429805657e-05, 2.85980167973e-05, 3.41433478752e-05, 4.67641366413e-05, 2.50265948125e-05, 2.53466369031e-05, 2.14869287447e-05, 2.41762645601e-05, 1.30272583192e-05, 1.07056157503e-05, 1.31979113576e-05, 1.55120087584e-05, 1.11677536552e-05, 3.42799694408e-06], "min": [8.96916547663e-24, 2.49368398471e-23, 2.26665865143e-23, 2.18186557045e-23, 4.80601042504e-23, 4.19568735978e-23, 6.67191669256e-23, 2.13201082342e-23, 6.48281221854e-23, 4.58286186979e-23, 6.75392919662e-23, 1.15706091232e-22, 6.36542908476e-23, 4.49493543329e-23, 8.06812665742e-23, 1.14521461966e-22, 2.7327138877e-22, 2.04498621271e-22, 2.7852648982e-22, 2.21917477852e-22, 2.3730294132e-22, 3.94718431017e-22, 4.72287969486e-22, 8.04031823766e-22, 1.03799009582e-21, 1.43199706266e-21, 2.12989435379e-21], "var": [2.62789825456e-07, 0.000250884913839, 2.77282088064e-05, 3.34244964506e-06, 0.000192666659132, 6.43312814645e-05, 1.81586898407e-07, 5.35155152193e-07, 3.70440625375e-06, 5.84311828788e-06, 2.48808555625e-06, 2.24356563194e-06, 7.30952592676e-07, 2.49545109909e-07, 3.43912915923e-07, 9.99215004072e-08, 1.89786248939e-07, 3.85328000618e-08, 2.78387997099e-08, 3.18590203108e-08, 4.04746955951e-08, 4.95854841631e-08, 3.6248000157e-08, 3.37508048176e-08, 6.03009553402e-08, 4.06236466688e-08, 3.42635275707e-09]}, "erbbands": {"dmean": [0.152173236012, 1.46140050888, 2.74227595329, 1.92442941666, 5.61176204681, 24.5552349091, 44.6381607056, 20.2151279449, 4.64572477341, 2.0735065937, 4.15567064285, 15.2349672318, 21.3331394196, 17.605556488, 11.8137931824, 10.2720050812, 7.82588148117, 5.73020124435, 8.16412353516, 5.55961990356, 6.13227939606, 5.69252061844, 4.98379993439, 5.08208370209, 2.62807631493, 3.72868537903, 4.68831920624, 3.60795521736, 3.85609769821, 3.11817955971, 2.73762130737, 1.85840177536, 1.78599965572, 1.29710245132, 0.932199478149, 0.498345077038, 0.162892922759, 0.0341647826135, 0.00434568664059, 0.000280274340184], "dmean2": [0.254625439644, 2.3960506916, 4.49254751205, 3.37413883209, 9.47763824463, 39.5429992676, 69.3466873169, 31.4595718384, 7.18240118027, 3.10898780823, 5.68907022476, 21.8479328156, 29.1090297699, 28.9200019836, 16.3323459625, 14.3655357361, 11.8958387375, 9.12282371521, 13.2403211594, 9.59418582916, 10.3697385788, 9.7260017395, 8.30838394165, 8.79709339142, 4.41541528702, 6.36016321182, 7.8454246521, 5.99175930023, 6.48166704178, 5.14915370941, 4.56713676453, 3.08214116096, 2.9238884449, 2.10768556595, 1.51858711243, 0.823407351971, 0.273087620735, 0.0557035990059, 0.00693593733013, 0.000436878588516], "dvar": [0.181980714202, 15.5690736771, 53.1140823364, 33.059223175, 463.438476562, 1940.98352051, 6453.74951172, 1797.46228027, 113.244445801, 17.5699863434, 115.476165771, 1067.94165039, 1810.38134766, 1951.22021484, 1280.47631836, 727.724182129, 653.621704102, 314.148681641, 631.194091797, 306.022155762, 259.411621094, 177.498474121, 101.43901062, 137.07913208, 29.1117401123, 89.2835617065, 107.33278656, 62.8004417419, 83.7096481323, 42.2001152039, 36.0386619568, 17.5023612976, 12.4399442673, 6.74608898163, 4.23625183105, 1.25350236893, 0.198774203658, 0.00522353453562, 9.64651189861e-05, 3.86635633731e-07], "dvar2": [0.475954979658, 39.5473060608, 142.721572876, 90.9189910889, 1229.16442871, 4499.78222656, 14327.5175781, 4252.99316406, 254.44871521, 38.9483337402, 185.58555603, 1800.78601074, 3002.39331055, 5076.109375, 1784.13208008, 1186.97814941, 1045.46325684, 637.624450684, 1464.81652832, 868.100036621, 675.057434082, 473.226165771, 267.956054688, 376.550537109, 76.0564193726, 243.123397827, 276.072174072, 160.255889893, 216.726547241, 105.295516968, 89.8560638428, 44.4823417664, 30.4879722595, 16.4464969635, 10.4473628998, 3.17958498001, 0.543950736523, 0.0133463405073, 0.000236938300077, 9.4933687933e-07], "max": [4.72262477875, 51.7453308105, 92.9910888672, 104.660934448, 314.882781982, 694.027893066, 994.989379883, 637.843078613, 185.765853882, 53.8781547546, 247.01902771, 750.36126709, 1309.16870117, 663.053955078, 1005.59338379, 852.761291504, 574.096069336, 591.098266602, 742.98425293, 254.395599365, 619.080993652, 384.557647705, 136.468276978, 146.786392212, 79.7650756836, 115.451934814, 137.481246948, 90.1426086426, 145.970718384, 90.3121109009, 78.6176223755, 77.0551605225, 40.7583732605, 28.1329421997, 27.5500621796, 16.0290908813, 8.70989322662, 1.14138555527, 0.18868213892, 0.0097929276526], "mean": [0.149755805731, 1.59068262577, 3.06929564476, 1.99135386944, 5.83232116699, 34.8081169128, 61.415977478, 27.5462360382, 6.73832988739, 4.07464599609, 9.75156974792, 28.5672950745, 38.2103424072, 22.5458431244, 22.9411888123, 28.9172897339, 12.5623846054, 9.09481430054, 11.3045034409, 8.27111721039, 10.3703308105, 8.8506155014, 6.37013053894, 5.86742925644, 3.34541320801, 3.84034991264, 4.612657547, 3.73680591583, 3.48028945923, 2.89612674713, 2.40243124962, 1.68339240551, 1.55447041988, 1.13514459133, 0.794905662537, 0.42562893033, 0.136022180319, 0.0299772713333, 0.00397878047079, 0.000280959851807], "median": [0.00624684570357, 0.0638975575566, 0.228564202785, 0.278138518333, 1.68659973145, 17.6583442688, 26.2381916046, 12.9147567749, 3.10739612579, 2.2309551239, 3.71349906921, 13.957452774, 10.3225460052, 5.91227626801, 6.44066476822, 4.21529865265, 3.01261901855, 1.91862130165, 1.47075521946, 2.06643223763, 2.17909288406, 2.45707368851, 1.87922620773, 1.50762009621, 1.09841585159, 0.975323319435, 0.989207923412, 0.768168628216, 0.509883165359, 0.376178056002, 0.300568640232, 0.272014379501, 0.209878891706, 0.165438309312, 0.111101567745, 0.0608544908464, 0.0162645056844, 0.00411115214229, 0.000578950159252, 6.34677126072e-05], "min": [8.934061545e-22, 5.36633705122e-21, 2.63412079464e-20, 3.17124761735e-20, 9.48304992767e-20, 2.3156897984e-19, 2.24290488383e-19, 4.3584249873e-19, 7.10939609408e-19, 9.95314274439e-19, 4.504226944e-19, 1.47462108185e-18, 1.59609017666e-18, 1.66995554421e-18, 3.30075277181e-18, 3.92487109053e-18, 2.98101789335e-18, 2.75584899085e-18, 3.60236991331e-18, 6.80757195063e-18, 7.54018472606e-18, 1.76045127457e-17, 1.0613198752e-17, 1.68171095944e-17, 1.05537070952e-17, 1.12908060847e-17, 1.57084857415e-17, 1.1032755512e-17, 1.48717958607e-17, 1.57536861989e-17, 1.35427995121e-17, 1.64388862224e-17, 1.22513836331e-17, 8.90358847942e-18, 8.58660955997e-18, 5.03799976904e-18, 2.61852791018e-18, 1.34086473603e-18, 2.89699562676e-19, 3.18758378821e-20], "var": [0.160148352385, 14.4012384415, 48.7317199707, 25.746088028, 343.827331543, 2823.61352539, 10871.0341797, 2111.27954102, 147.968994141, 34.4729919434, 425.015625, 2938.13916016, 7540.3125, 2267.85131836, 4752.06884766, 5820.99951172, 1618.04943848, 696.843566895, 988.767944336, 330.623626709, 466.237182617, 318.587158203, 134.132904053, 129.974060059, 33.1142692566, 69.5743408203, 90.5159759521, 58.1653442383, 66.9852828979, 37.6536865234, 30.9950237274, 14.7179231644, 11.1004285812, 6.03317308426, 3.77643966675, 1.07371330261, 0.143358632922, 0.00461751455441, 9.63522179518e-05, 4.04336020665e-07]}, "gfcc": {"mean": [-59.7661705017, 85.0621490479, -92.4579772949, 1.2110298872, -62.8668746948, -0.970550537109, -40.4243850708, -3.15842700005, -31.8842506409, -6.63525533676, -18.4351139069, 7.88201808929, 2.5715303421], "cov": [[20744.8339844, -1963.57531738, 1353.01525879, 1286.49755859, 25.2094211578, 817.245361328, 13.6494169235, 471.068603516, -222.163146973, 454.985473633, -40.1825561523, 468.373321533, -37.2046813965], [-1963.57531738, 2782.77612305, -178.215637207, -205.996429443, 431.247070312, -219.300796509, 203.894699097, -139.768081665, 267.583740234, -22.5374736786, 219.847625732, -92.5058670044, 116.896583557], [1353.01525879, -178.215637207, 1101.76037598, 146.467590332, 72.6923751831, 239.570755005, 45.9638710022, 99.3711090088, 30.0049610138, 152.879760742, 47.4844436646, 108.459671021, 4.75539684296], [1286.49755859, -205.996429443, 146.467590332, 907.9453125, 486.204467773, 326.193054199, 146.234375, 219.933868408, 130.848205566, 100.510658264, -42.1638832092, -18.714012146, -3.13197660446], [25.2094211578, 431.247070312, 72.6923751831, 486.204467773, 918.932739258, 315.337310791, 219.606414795, 226.566192627, 208.423248291, 78.6809463501, -4.64463472366, -45.774269104, -28.4828491211], [817.245361328, -219.300796509, 239.570755005, 326.193054199, 315.337310791, 416.620300293, 188.519332886, 151.661071777, 53.3156661987, 92.2705154419, 2.30879044533, 37.8606834412, -21.8923873901], [13.6494169235, 203.894699097, 45.9638710022, 146.234375, 219.606414795, 188.519332886, 251.51864624, 118.184715271, 57.2413711548, 47.4031677246, 37.1176681519, 8.56766319275, 18.5965957642], [471.068603516, -139.768081665, 99.3711090088, 219.933868408, 226.566192627, 151.661071777, 118.184715271, 229.749542236, 89.6442947388, 44.5069618225, -16.3615493774, 17.2765426636, -9.95700836182], [-222.163146973, 267.583740234, 30.0049610138, 130.848205566, 208.423248291, 53.3156661987, 57.2413711548, 89.6442947388, 189.202285767, 48.6337203979, 6.45134830475, -21.204410553, 9.87011432648], [454.985473633, -22.5374736786, 152.879760742, 100.510658264, 78.6809463501, 92.2705154419, 47.4031677246, 44.5069618225, 48.6337203979, 124.580551147, 40.8285064697, 25.1394500732, 12.0594873428], [-40.1825561523, 219.847625732, 47.4844436646, -42.1638832092, -4.64463472366, 2.30879044533, 37.1176681519, -16.3615493774, 6.45134830475, 40.8285064697, 108.714080811, 39.8180198669, 22.7670040131], [468.373321533, -92.5058670044, 108.459671021, -18.714012146, -45.774269104, 37.8606834412, 8.56766319275, 17.2765426636, -21.204410553, 25.1394500732, 39.8180198669, 105.098098755, 33.1884040833], [-37.2046813965, 116.896583557, 4.75539684296, -3.13197660446, -28.4828491211, -21.8923873901, 18.5965957642, -9.95700836182, 9.87011432648, 12.0594873428, 22.7670040131, 33.1884040833, 93.4478607178]], "icov": [[7.2930866736e-05, -4.28859493695e-05, -1.28331184897e-05, -0.000107225721877, 6.6634376708e-05, -6.93739566486e-05, 0.000133806635858, -0.000152248030645, 0.000220210524276, -0.00025525080855, 0.000182387258974, -0.000299662642647, 0.000112622008601], [-4.28859493695e-05, 0.00108992657624, -0.000187764220755, 0.000245958333835, -0.000756851746701, 0.0010400081519, -0.00137516809627, 0.00151223060675, -0.00160089554265, 0.0012275732588, -0.00193898996804, 0.000902875151951, -0.000752528605517], [-1.28331184897e-05, -0.000187764220755, 0.00131016015075, 5.72808203287e-05, 0.000214694940951, -0.000838168780319, 0.000708947191015, -0.000480729358969, 0.000229198078159, -0.00128155003767, 0.000271502649412, -0.000852699216921, 0.000219658773858], [-0.000107225721877, 0.000245958333835, 5.72808203287e-05, 0.00222363858484, -0.000769806269091, -0.000883999629878, 0.000283307250356, -0.000533846672624, -0.000485007622046, -0.000162765092682, -6.57200216665e-05, 0.00144214997999, -0.0012576924637], [6.6634376708e-05, -0.000756851746701, 0.000214694940951, -0.000769806269091, 0.00283592566848, -0.00165996374562, 0.000499204033986, -0.00159024877939, -0.000349994428689, -0.000471722189104, 0.000849430856761, 0.000141825454193, 0.000983808888122], [-6.93739566486e-05, 0.0010400081519, -0.000838168780319, -0.000883999629878, -0.00165996374562, 0.00782587844878, -0.00533888069913, 0.00192555482499, -0.000638519937638, -0.000892189098522, 0.000530751305632, -0.00228498363867, 0.00214429851621], [0.000133806635858, -0.00137516809627, 0.000708947191015, 0.000283307250356, 0.000499204033986, -0.00533888069913, 0.0108875250444, -0.00550185004249, 0.00272646127269, -0.00101241853554, -0.0017353334697, 0.0019149184227, -0.00251920428127], [-0.000152248030645, 0.00151223060675, -0.000480729358969, -0.000533846672624, -0.00159024877939, 0.00192555482499, -0.00550185004249, 0.0114703625441, -0.00523533858359, 0.00160920002963, 0.000739253184292, -0.00258244667202, 0.00142010150012], [0.000220210524276, -0.00160089554265, 0.000229198078159, -0.000485007622046, -0.000349994428689, -0.000638519937638, 0.00272646127269, -0.00523533858359, 0.0116376578808, -0.00485150888562, 0.00227630836889, 0.000891342642717, -0.000768566736951], [-0.00025525080855, 0.0012275732588, -0.00128155003767, -0.000162765092682, -0.000471722189104, -0.000892189098522, -0.00101241853554, 0.00160920002963, -0.00485150888562, 0.0157624427229, -0.00749850738794, 0.00217680819333, -0.0020252703689], [0.000182387258974, -0.00193898996804, 0.000271502649412, -6.57200216665e-05, 0.000849430856761, 0.000530751305632, -0.0017353334697, 0.000739253184292, 0.00227630836889, -0.00749850738794, 0.0190025884658, -0.00829605944455, 0.0023334659636], [-0.000299662642647, 0.000902875151951, -0.000852699216921, 0.00144214997999, 0.000141825454193, -0.00228498363867, 0.0019149184227, -0.00258244667202, 0.000891342642717, 0.00217680819333, -0.00829605944455, 0.0190861187875, -0.00743771949783], [0.000112622008601, -0.000752528605517, 0.000219658773858, -0.0012576924637, 0.000983808888122, 0.00214429851621, -0.00251920428127, 0.00142010150012, -0.000768566736951, -0.0020252703689, 0.0023334659636, -0.00743771949783, 0.0155044551939]]}, "melbands": {"dmean": [0.00155718845781, 0.00163640326355, 0.000425614940468, 0.000923379557207, 0.00159109709784, 0.000476038316265, 5.96659010625e-05, 2.4170787583e-05, 3.95914539695e-05, 9.86472950899e-05, 0.000106536208477, 7.32964836061e-05, 3.83143487852e-05, 2.96560356219e-05, 1.94461445062e-05, 1.57520753419e-05, 1.12016450657e-05, 1.27038074424e-05, 1.04226901385e-05, 6.66288224238e-06, 8.45309295983e-06, 7.12214296072e-06, 4.69893711852e-06, 4.07485231335e-06, 4.47043657914e-06, 2.11474662137e-06, 1.82844871688e-06, 2.71546514341e-06, 3.14414819513e-06, 2.53833263741e-06, 2.01531997845e-06, 2.18198943003e-06, 2.1797491172e-06, 1.6411214574e-06, 1.71906572177e-06, 1.29872273646e-06, 1.0589244539e-06, 1.21765913264e-06, 1.31587319174e-06, 1.01903060568e-06], "dmean2": [0.00257903826423, 0.00263932906091, 0.000730689032935, 0.0015115570277, 0.00247894204222, 0.000737987633329, 9.30602109293e-05, 3.56519194611e-05, 5.49883043277e-05, 0.000140703748912, 0.000147150116391, 0.000123199381051, 5.37731648365e-05, 4.10386783187e-05, 2.92990625894e-05, 2.35761181102e-05, 1.81626055564e-05, 2.05913511309e-05, 1.78083482751e-05, 1.13958767542e-05, 1.42727867569e-05, 1.21811353893e-05, 7.97218126536e-06, 6.83597636453e-06, 7.78745834396e-06, 3.61611660082e-06, 3.05190496874e-06, 4.69411907034e-06, 5.31771274837e-06, 4.24081235906e-06, 3.35687514053e-06, 3.73016905542e-06, 3.63090953215e-06, 2.75285788121e-06, 2.89834747491e-06, 2.17664455704e-06, 1.76405569619e-06, 2.01059833671e-06, 2.15473824028e-06, 1.66460472428e-06], "dvar": [1.78557802428e-05, 1.80234874279e-05, 1.56559769948e-06, 3.64553670806e-06, 8.11795962363e-06, 9.98850396172e-07, 2.07274180042e-08, 2.29078112035e-09, 8.43109493331e-09, 4.77151260725e-08, 4.65002969463e-08, 3.69980170944e-08, 1.03311093014e-08, 5.09768138812e-09, 2.48165532568e-09, 3.38851657844e-09, 1.51052748087e-09, 1.45077605485e-09, 1.2295646723e-09, 3.18899989749e-10, 5.0700332821e-10, 2.87231100016e-10, 9.3215081487e-11, 6.91064219738e-11, 1.09610098775e-10, 2.17047300272e-11, 1.51901911188e-11, 5.24270835078e-11, 5.29166571672e-11, 2.99685033733e-11, 1.99053828975e-11, 3.18606738214e-11, 2.18777981842e-11, 1.23587797982e-11, 1.52394277753e-11, 9.34210347969e-12, 5.19606623353e-12, 6.05533028233e-12, 7.23336104555e-12, 4.54498418068e-12], "dvar2": [4.591841207e-05, 4.64765143988e-05, 4.10340044255e-06, 9.35082425713e-06, 1.83092997759e-05, 2.36776872953e-06, 4.6644110796e-08, 4.68538496889e-09, 1.38913840431e-08, 7.8956745142e-08, 8.03328887855e-08, 9.8488982303e-08, 1.51164130102e-08, 8.12652345417e-09, 4.46734915727e-09, 5.00321828412e-09, 3.05940850431e-09, 3.37067507239e-09, 3.25841043036e-09, 8.53166537418e-10, 1.33460842378e-09, 7.65012886372e-10, 2.53861098809e-10, 1.82773143842e-10, 3.02910391214e-10, 5.77260496348e-11, 4.02253716447e-11, 1.4390968972e-10, 1.37237304854e-10, 7.61465612786e-11, 5.06679767587e-11, 8.46888531525e-11, 5.48612232032e-11, 3.11073979076e-11, 3.83164958095e-11, 2.41037953486e-11, 1.30624426206e-11, 1.50750401745e-11, 1.78762785824e-11, 1.13996850154e-11], "max": [0.0536057800055, 0.0490303002298, 0.0169152040035, 0.0229060444981, 0.0387664362788, 0.0133756091818, 0.00250251800753, 0.000675590825267, 0.00186735973693, 0.00512125529349, 0.00647304998711, 0.00300275837071, 0.00276853330433, 0.00190818414558, 0.00108171196189, 0.00184015429113, 0.00135636527557, 0.00108898966573, 0.000506364798639, 0.000597322417889, 0.000914345146157, 0.00045860328828, 0.000173839100171, 0.000102547688584, 0.000126432540128, 6.72789319651e-05, 6.26265828032e-05, 8.57532286318e-05, 9.93758949335e-05, 9.95794543996e-05, 5.43293535884e-05, 9.89754480543e-05, 6.08749724051e-05, 4.60252340417e-05, 4.96361062687e-05, 5.17293810844e-05, 3.99497803301e-05, 2.63157144218e-05, 3.47137756762e-05, 2.63001074927e-05], "mean": [0.00161656935234, 0.0018666597316, 0.000442712422227, 0.00120990897994, 0.00228445930406, 0.000640646263491, 8.35370956338e-05, 4.80152339151e-05, 8.6301479314e-05, 0.000182843679795, 0.000184697724762, 8.56231272337e-05, 6.72021269565e-05, 7.79489346314e-05, 4.2765361286e-05, 2.261606096e-05, 1.65502078744e-05, 1.71345054696e-05, 1.36983353514e-05, 1.02946796687e-05, 1.35430227601e-05, 1.07641453724e-05, 6.24581753073e-06, 4.77000958199e-06, 4.97297787661e-06, 2.35499965129e-06, 2.43213230533e-06, 2.56541716226e-06, 2.89870536108e-06, 2.66251163339e-06, 2.02683440875e-06, 1.88271098978e-06, 1.96260839402e-06, 1.50001142174e-06, 1.46085756114e-06, 1.14243130156e-06, 9.67375058281e-07, 1.04504124465e-06, 1.12587383683e-06, 8.85461247435e-07], "median": [6.65113620926e-05, 0.000136983435368, 5.60404405405e-05, 0.000599969760515, 0.0010681967251, 0.000289015704766, 3.28969254042e-05, 2.41612760874e-05, 3.6132074456e-05, 8.42945737531e-05, 4.55688496004e-05, 1.75592831511e-05, 1.53680302901e-05, 1.34066376631e-05, 7.48367619963e-06, 3.65995106222e-06, 3.09079723593e-06, 2.183302513e-06, 2.11801602745e-06, 2.68891449196e-06, 2.41880616159e-06, 2.46595391218e-06, 1.85749490811e-06, 1.23761503801e-06, 1.15855243621e-06, 6.85552663526e-07, 7.08935829152e-07, 5.29619114786e-07, 5.71452119402e-07, 5.70172005609e-07, 3.583149919e-07, 2.62469256995e-07, 2.37501410538e-07, 1.84952753557e-07, 1.56013285846e-07, 1.63669966469e-07, 1.55974248628e-07, 1.32677087095e-07, 1.5251865193e-07, 1.28919992903e-07], "min": [7.64938856042e-24, 1.10741816376e-23, 9.06021028029e-24, 1.108708188e-23, 9.24263909778e-24, 9.03159987298e-24, 1.28055632972e-23, 9.81355745642e-24, 3.77118821159e-24, 9.96323434685e-24, 8.16330777435e-24, 6.6677758039e-24, 9.90262064148e-24, 1.46279550506e-23, 6.07964568361e-24, 7.10791443508e-24, 4.20562258957e-24, 5.48907009451e-24, 7.06948823153e-24, 9.22316448862e-24, 8.11527797813e-24, 1.92239549254e-23, 1.18532433127e-23, 8.6040703945e-24, 1.43075481499e-23, 8.41483055195e-24, 6.26797518068e-24, 7.5649031352e-24, 9.25809367178e-24, 6.3170853219e-24, 6.42056375671e-24, 9.58207332353e-24, 5.51904956992e-24, 8.31961030753e-24, 6.17471683332e-24, 9.17993569987e-24, 9.94079677612e-24, 9.34018727074e-24, 6.81324096596e-24, 7.54522421105e-24], "var": [1.61054013006e-05, 1.72879590536e-05, 1.32873879011e-06, 3.73358761863e-06, 1.27048588183e-05, 1.18966261198e-06, 2.69048285872e-08, 5.15340703444e-09, 2.94312858529e-08, 1.32224059257e-07, 1.85085880844e-07, 3.81938534133e-08, 3.66600048096e-08, 3.36851293525e-08, 1.05483417556e-08, 8.74609895618e-09, 3.211689803e-09, 2.29350516356e-09, 1.39984990266e-09, 5.13777242972e-10, 8.8650808916e-10, 5.29494226242e-10, 1.37598682448e-10, 7.81306963571e-11, 1.00784464108e-10, 2.12772161001e-11, 1.92180975994e-11, 3.79988852883e-11, 4.11761631736e-11, 3.32909498579e-11, 1.82495026035e-11, 2.35254350722e-11, 1.90901582736e-11, 1.06917391607e-11, 1.27611653883e-11, 7.36989202305e-12, 4.61696956708e-12, 5.22142919179e-12, 6.28758503596e-12, 3.86318017506e-12]}, "mfcc": {"mean": [-713.064575195, 129.091201782, 15.6871643066, 6.51555728912, -4.40136146545, -3.85567975044, -5.56877851486, -2.50470066071, -3.1434803009, -13.157324791, -12.6948442459, -9.72409915924, -8.38477802277], "cov": [[14131.5517578, -407.528533936, 349.267883301, 1061.01916504, 799.163879395, 675.784912109, 519.683654785, 456.24697876, 342.9659729, 177.590194702, 27.7326030731, 147.45362854, 134.708129883], [-407.528533936, 2309.94702148, -43.6073608398, -112.621139526, -69.9812164307, -71.6942977905, -93.0771026611, -126.692619324, -73.3704910278, -108.664268494, 23.4054203033, 60.5489234924, 37.6888046265], [349.267883301, -43.6073608398, 728.936340332, 7.66097307205, -36.5672988892, 53.9437408447, 42.2547798157, -19.5895748138, -21.9465637207, -2.86502861977, 19.6169643402, 17.8114528656, 69.0426940918], [1061.01916504, -112.621139526, 7.66097307205, 582.512817383, 371.590881348, 252.11920166, 156.081054688, 159.494812012, 196.176010132, 153.228668213, 83.3726348877, 43.48021698, 35.4844055176], [799.163879395, -69.9812164307, -36.5672988892, 371.590881348, 530.302490234, 272.827636719, 159.302078247, 178.827728271, 200.127044678, 163.233078003, 92.1130599976, 62.872127533, 49.9862442017], [675.784912109, -71.6942977905, 53.9437408447, 252.11920166, 272.827636719, 333.670410156, 205.978408813, 136.232803345, 149.122741699, 114.595603943, 64.3449783325, 76.1484069824, 82.5114059448], [519.683654785, -93.0771026611, 42.2547798157, 156.081054688, 159.302078247, 205.978408813, 264.387908936, 151.430175781, 110.086715698, 88.5688323975, 36.3487472534, 59.2185096741, 69.7785339355], [456.24697876, -126.692619324, -19.5895748138, 159.494812012, 178.827728271, 136.232803345, 151.430175781, 226.574432373, 138.460098267, 97.8926620483, 48.8119277954, 31.6707763672, 34.6931266785], [342.9659729, -73.3704910278, -21.9465637207, 196.176010132, 200.127044678, 149.122741699, 110.086715698, 138.460098267, 207.546737671, 124.557495117, 51.0177459717, 26.5174617767, 33.8258666992], [177.590194702, -108.664268494, -2.86502861977, 153.228668213, 163.233078003, 114.595603943, 88.5688323975, 97.8926620483, 124.557495117, 174.057189941, 75.7782516479, 12.9697122574, 19.4217853546], [27.7326030731, 23.4054203033, 19.6169643402, 83.3726348877, 92.1130599976, 64.3449783325, 36.3487472534, 48.8119277954, 51.0177459717, 75.7782516479, 116.094581604, 46.3271446228, 3.94923639297], [147.45362854, 60.5489234924, 17.8114528656, 43.48021698, 62.872127533, 76.1484069824, 59.2185096741, 31.6707763672, 26.5174617767, 12.9697122574, 46.3271446228, 128.747070312, 57.3025016785], [134.708129883, 37.6888046265, 69.0426940918, 35.4844055176, 49.9862442017, 82.5114059448, 69.7785339355, 34.6931266785, 33.8258666992, 19.4217853546, 3.94923639297, 57.3025016785, 120.904708862]], "icov": [[8.87559799594e-05, 2.41721977545e-06, -4.58575377706e-05, -0.000133023160743, -3.54370349669e-05, -6.16474353592e-05, -3.20213039231e-05, -9.8005097243e-05, 5.85075940762e-05, 6.20097707724e-05, 0.000151096566697, -6.12601215835e-05, 6.66792693664e-05], [2.41721977545e-06, 0.00048058986431, 6.36203767499e-05, 3.49526271748e-05, -7.33664055588e-05, 8.19334745756e-05, 1.27635394165e-05, 0.000296146754408, -0.000160330164363, 0.000454554712633, -0.000440901669208, -6.03764783591e-05, -0.000302166008623], [-4.58575377706e-05, 6.36203767499e-05, 0.00158291473053, -5.61162160011e-05, 0.000333356903866, -0.000280521198874, -0.00017966532323, 0.000372045644326, 0.000255947816186, 0.000196073029656, -0.000866084243171, 0.000567581388168, -0.00114945694804], [-0.000133023160743, 3.49526271748e-05, -5.61162160011e-05, 0.00373501516879, -0.00150230003055, -0.000842585868668, -4.65217408419e-06, 0.000197664121515, -0.00121351913549, -0.000260757020442, -0.00051199097652, 0.0003234668402, 0.000460074224975], [-3.54370349669e-05, -7.33664055588e-05, 0.000333356903866, -0.00150230003055, 0.00491871125996, -0.00231273612007, 0.00111400790047, -0.00114109076094, -0.000673115893733, -0.001075793989, -0.000276084116194, -0.000436088361312, 0.000118989097246], [-6.16474353592e-05, 8.19334745756e-05, -0.000280521198874, -0.000842585868668, -0.00231273612007, 0.00960186030716, -0.00483479956165, 0.00162879901472, -0.00175167515408, 0.000199559915927, -0.000977563089691, -0.000811437261291, -0.00194850773551], [-3.20213039231e-05, 1.27635394165e-05, -0.00017966532323, -4.65217408419e-06, 0.00111400790047, -0.00483479956165, 0.0100462045521, -0.00461814366281, 0.00110637850594, -0.00173790135887, 0.0018839687109, -0.0014385827817, -0.000908362388145], [-9.8005097243e-05, 0.000296146754408, 0.000372045644326, 0.000197664121515, -0.00114109076094, 0.00162879901472, -0.00461814366281, 0.0104971658438, -0.00436532218009, 0.000482541043311, -0.00185624952428, 0.000665254017804, -0.000351096270606], [5.85075940762e-05, -0.000160330164363, 0.000255947816186, -0.00121351913549, -0.000673115893733, -0.00175167515408, 0.00110637850594, -0.00436532218009, 0.0129840178415, -0.00541896605864, 0.00179855432361, -0.000283212459181, -0.00040402074228], [6.20097707724e-05, 0.000454554712633, 0.000196073029656, -0.000260757020442, -0.001075793989, 0.000199559915927, -0.00173790135887, 0.000482541043311, -0.00541896605864, 0.0147754633799, -0.00764703704044, 0.00393043318763, -0.00154354213737], [0.000151096566697, -0.000440901669208, -0.000866084243171, -0.00051199097652, -0.000276084116194, -0.000977563089691, 0.0018839687109, -0.00185624952428, 0.00179855432361, -0.00764703704044, 0.0169827248901, -0.00700948527083, 0.00433316733688], [-6.12601215835e-05, -6.03764783591e-05, 0.000567581388168, 0.0003234668402, -0.000436088361312, -0.000811437261291, -0.0014385827817, 0.000665254017804, -0.000283212459181, 0.00393043318763, -0.00700948527083, 0.0136033687741, -0.00572901545092], [6.66792693664e-05, -0.000302166008623, -0.00114945694804, 0.000460074224975, 0.000118989097246, -0.00194850773551, -0.000908362388145, -0.000351096270606, -0.00040402074228, -0.00154354213737, 0.00433316733688, -0.00572901545092, 0.0136525053531]]}, "spectral_contrast_coeffs": {"dmean": [0.0586931593716, 0.0534410327673, 0.044114664197, 0.0298380386084, 0.0221880935133, 0.02172761783], "dmean2": [0.0935143306851, 0.0858070626855, 0.0671605393291, 0.0480604097247, 0.0351956933737, 0.0342549532652], "dvar": [0.00275685777888, 0.00228109024465, 0.00146319263149, 0.00065413856646, 0.000379925302695, 0.000382881204132], "dvar2": [0.00643940223381, 0.00561024388298, 0.00335541018285, 0.00159125356004, 0.000889028888196, 0.000918259378523], "max": [-0.189739376307, -0.296515583992, -0.420721083879, -0.597284078598, -0.634707093239, -0.613017201424], "mean": [-0.539989709854, -0.651049494743, -0.706909179688, -0.792925059795, -0.818120837212, -0.798403382301], "median": [-0.548028588295, -0.65262645483, -0.710416972637, -0.795330286026, -0.820618271828, -0.798864483833], "min": [-0.97117048502, -0.965040206909, -0.970527291298, -0.988699495792, -0.965140640736, -0.962891101837], "var": [0.0164698865265, 0.00990213546902, 0.00692355725914, 0.00244205538183, 0.00182161328848, 0.00141695246566]}, "spectral_contrast_valleys": {"dmean": [0.551313102245, 0.449462652206, 0.496116101742, 0.461535125971, 0.517589151859, 0.689418077469], "dmean2": [0.8358284235, 0.696301817894, 0.753541946411, 0.668115615845, 0.710754036903, 0.875283122063], "dvar": [0.408031404018, 0.210506916046, 0.324424505234, 0.305086910725, 0.399647712708, 0.51223731041], "dvar2": [0.764346659184, 0.441926568747, 0.7019135952, 0.599467277527, 0.677154302597, 0.841378450394], "max": [-4.89634990692, -4.9220366478, -5.03773355484, -5.65973091125, -5.54208564758, -7.73133325577], "mean"