{"lowlevel": {"average_loudness": 0.825923144817, "barkbands_crest": {"dmean": 2.00870847702, "dmean2": 3.01793622971, "dvar": 3.03110218048, "dvar2": 6.08045864105, "max": 22.9375286102, "mean": 9.83105945587, "median": 9.14348983765, "min": 2.50892925262, "var": 12.8034267426}, "barkbands_flatness_db": {"dmean": 0.0141550181434, "dmean2": 0.0194079596549, "dvar": 0.000154821755132, "dvar2": 0.00030467446777, "max": 0.312372565269, "mean": 0.167688429356, "median": 0.17149104178, "min": 0.0107355378568, "var": 0.00193581136409}, "barkbands_kurtosis": {"dmean": 1.95581007004, "dmean2": 2.90936517715, "dvar": 11.1271648407, "dvar2": 25.2642326355, "max": 76.6585388184, "mean": 3.9092540741, "median": 2.63581132889, "min": -1.4628071785, "var": 31.3740463257}, "barkbands_skewness": {"dmean": 0.362068802118, "dmean2": 0.525839447975, "dvar": 0.134909972548, "dvar2": 0.292780429125, "max": 7.54061555862, "mean": 1.43634665012, "median": 1.48008644581, "min": -2.21479392052, "var": 1.54395592213}, "barkbands_spread": {"dmean": 2.94918084145, "dmean2": 4.37238311768, "dvar": 10.6702985764, "dvar2": 25.5016956329, "max": 93.946937561, "mean": 14.7318048477, "median": 12.4838285446, "min": 1.88481009007, "var": 75.3625411987}, "dissonance": {"dmean": 0.017622705549, "dmean2": 0.0292819291353, "dvar": 0.000233985716477, "dvar2": 0.00064037181437, "max": 0.500000059605, "mean": 0.461511731148, "median": 0.465019494295, "min": 0.372175842524, "var": 0.000528462289367}, "dynamic_complexity": 4.27865171432, "erbbands_crest": {"dmean": 2.20781970024, "dmean2": 3.45218086243, "dvar": 4.31835889816, "dvar2": 9.23801136017, "max": 24.8134250641, "mean": 8.37534999847, "median": 7.75668096542, "min": 2.36668777466, "var": 13.1611814499}, "erbbands_flatness_db": {"dmean": 0.0106168985367, "dmean2": 0.0151161560789, "dvar": 8.22726942715e-05, "dvar2": 0.00017654011026, "max": 0.274731636047, "mean": 0.191011115909, "median": 0.202300563455, "min": 0.0398585572839, "var": 0.00198943912983}, "erbbands_kurtosis": {"dmean": 0.524750053883, "dmean2": 0.835178852081, "dvar": 0.268238008022, "dvar2": 0.628298282623, "max": 5.01337337494, "mean": -0.346927344799, "median": -0.538230895996, "min": -1.72984659672, "var": 0.683182537556}, "erbbands_skewness": {"dmean": 0.285738945007, "dmean2": 0.428358972073, "dvar": 0.0526190213859, "dvar2": 0.115648038685, "max": 2.2156431675, "mean": 0.426406234503, "median": 0.491851836443, "min": -0.9515183568, "var": 0.299800634384}, "erbbands_spread": {"dmean": 4.40801668167, "dmean2": 6.75705385208, "dvar": 14.0362644196, "dvar2": 32.6404151917, "max": 88.1561965942, "mean": 33.1220779419, "median": 30.7583656311, "min": 10.2716884613, "var": 171.026641846}, "hfc": {"dmean": 2.57827949524, "dmean2": 3.66604614258, "dvar": 8.92426490784, "dvar2": 18.7369098663, "max": 73.0410003662, "mean": 13.7041473389, "median": 13.1442909241, "min": 1.0800204767e-16, "var": 87.7026824951}, "melbands_crest": {"dmean": 2.35174369812, "dmean2": 3.57694792747, "dvar": 5.15753316879, "dvar2": 10.8318309784, "max": 32.1852073669, "mean": 11.6922569275, "median": 11.0130805969, "min": 1.45656478405, "var": 27.0061740875}, "melbands_flatness_db": {"dmean": 0.0160758402199, "dmean2": 0.0211609173566, "dvar": 0.000231049329159, "dvar2": 0.000404425547458, "max": 0.421942442656, "mean": 0.213416576385, "median": 0.220966488123, "min": 0.000821689434815, "var": 0.00563027476892}, "melbands_kurtosis": {"dmean": 3.82438015938, "dmean2": 5.58658838272, "dvar": 54.0431747437, "dvar2": 119.638877869, "max": 160.989593506, "mean": 9.69936084747, "median": 5.97765254974, "min": -1.35012841225, "var": 193.220550537}, "melbands_skewness": {"dmean": 0.44041377306, "dmean2": 0.636885941029, "dvar": 0.216778725386, "dvar2": 0.465221166611, "max": 10.2053442001, "mean": 2.24102401733, "median": 2.01127099991, "min": -0.306401103735, "var": 1.89205396175}, "melbands_spread": {"dmean": 4.19344329834, "dmean2": 6.26536941528, "dvar": 32.2413368225, "dvar2": 71.7966384888, "max": 162.489364624, "mean": 23.7712554932, "median": 14.6538162231, "min": 1.28884422779, "var": 1009.6126709}, "pitch_salience": {"dmean": 0.0520069748163, "dmean2": 0.0808003395796, "dvar": 0.00214065308683, "dvar2": 0.0050099324435, "max": 0.982163488865, "mean": 0.581616342068, "median": 0.581785202026, "min": 0.195406407118, "var": 0.0120291672647}, "silence_rate_20dB": {"dmean": 0.00132450333331, "dmean2": 0.00265076220967, "dvar": 0.0013227526797, "dvar2": 0.00264372397214, "max": 1, "mean": 0.998014569283, "median": 1, "min": 0, "var": 0.00198150984943}, "silence_rate_30dB": {"dmean": 0.0119205294177, "dmean2": 0.0238568596542, "dvar": 0.0117785297334, "dvar2": 0.0246127545834, "max": 1, "mean": 0.968232929707, "median": 1, "min": 0, "var": 0.030758343637}, "silence_rate_60dB": {"dmean": 0.00132450333331, "dmean2": 0.00265076220967, "dvar": 0.00132273021154, "dvar2": 0.00264373142272, "max": 1, "mean": 0.151555255055, "median": 0, "min": 0, "var": 0.128589212894}, "spectral_centroid": {"dmean": 178.947799683, "dmean2": 264.26171875, "dvar": 98150.3671875, "dvar2": 180703.953125, "max": 11695.2285156, "mean": 1701.32275391, "median": 927.118225098, "min": 251.257507324, "var": 6897895}, "spectral_complexity": {"dmean": 2.0384106636, "dmean2": 3.25115966797, "dvar": 3.59057641029, "dvar2": 9.09199714661, "max": 32, "mean": 16.7928524017, "median": 19, "min": 0, "var": 64.8510131836}, "spectral_decrease": {"dmean": 1.72379577279e-09, "dmean2": 2.3142920913e-09, "dvar": 2.25380660731e-17, "dvar2": 4.61149254119e-17, "max": 1.89620574348e-28, "mean": -7.17829395924e-09, "median": -5.3445083914e-09, "min": -1.73511935486e-07, "var": 7.97539687181e-17}, "spectral_energy": {"dmean": 0.00669689895585, "dmean2": 0.00900307390839, "dvar": 0.00032721486059, "dvar2": 0.000669049855787, "max": 0.661498308182, "mean": 0.0283354911953, "median": 0.0214222967625, "min": 1.01305698192e-20, "var": 0.00117806554772}, "spectral_energyband_high": {"dmean": 2.30488258239e-05, "dmean2": 3.37561032211e-05, "dvar": 1.21443566314e-09, "dvar2": 2.5464026443e-09, "max": 0.00144287617877, "mean": 9.04830376385e-05, "median": 6.10088609392e-05, "min": 7.28705164525e-21, "var": 1.87888726799e-08}, "spectral_energyband_low": {"dmean": 0.00312578259036, "dmean2": 0.00414669374004, "dvar": 0.000282971421257, "dvar2": 0.000569928030018, "max": 0.618444502354, "mean": 0.00920052360743, "median": 0.00151985033881, "min": 1.27259956309e-23, "var": 0.000715465226676}, "spectral_energyband_middle_high": {"dmean": 0.00102103909012, "dmean2": 0.00157019123435, "dvar": 1.65842152455e-06, "dvar2": 3.93315349356e-06, "max": 0.0217105448246, "mean": 0.00373968714848, "median": 0.00327493436635, "min": 1.15017747614e-21, "var": 9.53221569944e-06}, "spectral_energyband_middle_low": {"dmean": 0.00469842506573, "dmean2": 0.0064249499701, "dvar": 6.91898167133e-05, "dvar2": 0.000173470602022, "max": 0.199738755822, "mean": 0.0174185503274, "median": 0.0146713964641, "min": 1.67308449159e-22, "var": 0.000278698746115}, "spectral_entropy": {"dmean": 0.100014336407, "dmean2": 0.134714096785, "dvar": 0.0100379521027, "dvar2": 0.0181292146444, "max": 9.82535552979, "mean": 7.3783788681, "median": 7.18198728561, "min": 6.39545297623, "var": 0.53648018837}, "spectral_flux": {"dmean": 0.0132640460506, "dmean2": 0.0228385850787, "dvar": 0.000340933824191, "dvar2": 0.000980824464932, "max": 0.370043605566, "mean": 0.0573787726462, "median": 0.0580917596817, "min": 6.40331399016e-11, "var": 0.00132547575049}, "spectral_kurtosis": {"dmean": 2.72338151932, "dmean2": 4.81403779984, "dvar": 6.97975349426, "dvar2": 22.2444801331, "max": 23.5325050354, "mean": 6.63078260422, "median": 6.26874446869, "min": -1.26243579388, "var": 15.9350690842}, "spectral_rms": {"dmean": 0.000498113106005, "dmean2": 0.000663663318846, "dvar": 4.97694031765e-07, "dvar2": 9.51726065068e-07, "max": 0.0254040192813, "mean": 0.00452631898224, "median": 0.00457163015381, "min": 3.14380075792e-12, "var": 7.1568133535e-06}, "spectral_rolloff": {"dmean": 297.428710938, "dmean2": 475.057617188, "dvar": 396123.5, "dvar2": 737582.9375, "max": 19466.015625, "mean": 2312.00439453, "median": 818.26171875, "min": 107.666015625, "var": 22606134}, "spectral_skewness": {"dmean": 0.257860451937, "dmean2": 0.448340386152, "dvar": 0.0536562986672, "dvar2": 0.159075886011, "max": 3.22280621529, "mean": 1.62549495697, "median": 1.7077486515, "min": -0.0930185168982, "var": 0.359508931637}, "spectral_spread": {"dmean": 280191.9375, "dmean2": 479540, "dvar": 1351161741310.0, "dvar2": 2641754849280.0, "max": 42442780, "mean": 5679633, "median": 2735523.25, "min": 1816848.875, "var": 95835769536500.0}, "spectral_strongpeak": {"dmean": 0.396485924721, "dmean2": 0.634414792061, "dvar": 0.239043921232, "dvar2": 0.582308113575, "max": 4.76093435287, "mean": 1.02555727959, "median": 0.912710130215, "min": 0, "var": 0.663004815578}, "zerocrossingrate": {"dmean": 0.00601265020669, "dmean2": 0.00824900809675, "dvar": 0.000171675492311, "dvar2": 0.000317049562, "max": 0.529296875, "mean": 0.076398730278, "median": 0.03955078125, "min": 0.00634765625, "var": 0.0156565289944}, "barkbands": {"dmean": [6.11779205428e-06, 0.00169949163683, 0.00131366890855, 0.00144822301809, 0.00107852823567, 0.00195637927391, 0.00180641212501, 0.000521501002368, 0.000711611704901, 0.000594844284933, 0.000250082550338, 0.000128889631014, 0.000167117919773, 0.000204632946406, 0.000270313757937, 0.000174463901203, 0.00017992220819, 0.000128835934447, 7.77955792728e-05, 3.17417070619e-05, 1.25131882669e-05, 5.42698626305e-06, 3.11777512252e-06, 1.66727477335e-06, 1.16367903047e-06, 4.16539791104e-07, 7.00127529285e-08], "dmean2": [1.07897431008e-05, 0.00237168814056, 0.00188363180496, 0.00213451706804, 0.00159991974942, 0.00259730708785, 0.00241159717552, 0.000768019410316, 0.000998726114631, 0.000872856762726, 0.000393150025047, 0.000209458536119, 0.000277651357464, 0.000339281104971, 0.000456400070107, 0.000284229870886, 0.000304670160403, 0.000212876053411, 0.000125193444546, 5.34305472684e-05, 1.94639178517e-05, 8.71130305313e-06, 5.04357240061e-06, 2.58834097622e-06, 1.75087313892e-06, 6.53888605484e-07, 1.19565569889e-07], "dvar": [1.52050887436e-08, 0.000204081603442, 2.48464493779e-05, 4.54579458165e-05, 3.1768761346e-06, 6.35997366771e-06, 7.83038649388e-06, 1.090137971e-06, 9.66542415881e-07, 1.3127356624e-06, 1.39350476047e-07, 3.38793846311e-08, 8.63400089202e-08, 8.37950437926e-08, 1.36879990009e-07, 6.32527275002e-08, 7.23184001572e-08, 3.85705156702e-08, 1.27043469078e-08, 2.38538921948e-09, 5.54807755293e-10, 1.32040142709e-10, 5.480760637e-11, 2.81307425271e-11, 2.3909539279e-11, 4.37066181858e-12, 1.85387783683e-13], "dvar2": [4.51361259479e-08, 0.000441134616267, 5.15072424605e-05, 0.000120348631754, 7.2345674198e-06, 1.16403271022e-05, 1.11552044473e-05, 1.99217083718e-06, 1.9090848582e-06, 2.72786178357e-06, 3.28158819229e-07, 8.14660410242e-08, 2.22236579361e-07, 2.34818671174e-07, 3.86321119095e-07, 1.63578320667e-07, 2.00794985972e-07, 1.05919177429e-07, 3.17758299673e-08, 6.70505162503e-09, 1.27568355879e-09, 3.95875388026e-10, 1.62208108057e-10, 6.38308295109e-11, 6.36514521646e-11, 1.15927475952e-11, 5.11917819333e-13], "max": [0.00342420581728, 0.518830776215, 0.0991079509258, 0.141500577331, 0.0497144050896, 0.0362944491208, 0.065630838275, 0.0238980874419, 0.0155171770602, 0.0180819090456, 0.00613770028576, 0.00235888012685, 0.00405574170873, 0.0029541363474, 0.00380355981179, 0.00349553837441, 0.00406006351113, 0.002748595085, 0.00160372257233, 0.000869603303727, 0.000567130628042, 0.000368888460798, 0.000241983841988, 0.000247298041359, 0.000165098594152, 6.3751671405e-05, 8.92781463335e-06], "mean": [6.10198230788e-06, 0.00308901700191, 0.00420368975028, 0.0032750160899, 0.00269009615295, 0.00451067369431, 0.00388201628812, 0.000944647938013, 0.00168910773937, 0.00119627907407, 0.000408489955589, 0.000226343094255, 0.000254523998592, 0.000354296877049, 0.000450261344668, 0.000303209089907, 0.000317852885928, 0.000232019796385, 0.000162204974913, 7.15546120773e-05, 3.31488408847e-05, 1.54104382091e-05, 9.16515728022e-06, 5.84822009841e-06, 3.39312464348e-06, 1.06053050786e-06, 1.30416907496e-07], "median": [1.24392315115e-07, 0.000192282182979, 0.000405421102187, 0.000612658332102, 0.00163152022287, 0.0028747250326, 0.00226421421394, 0.000464089214802, 0.00117656821385, 0.000352537637809, 0.000220184520003, 0.000151055544848, 0.000138998861075, 0.000265011651209, 0.000312912161462, 0.000215807172935, 0.00023479090305, 0.000162632335559, 0.000116878160043, 5.39498287253e-05, 2.05994820135e-05, 8.95814901014e-06, 4.23573555963e-06, 2.27618625104e-06, 1.32834838951e-06, 3.57266117135e-07, 2.58302872425e-08], "min": [1.10310611201e-25, 1.47885752167e-24, 1.41615658895e-24, 5.33043371634e-25, 1.33684707734e-23, 5.86738569655e-24, 8.26385598533e-24, 6.79546083002e-24, 1.39307440053e-23, 5.96264222858e-24, 2.00063503267e-23, 1.35360216742e-23, 1.75682778803e-23, 2.33859550847e-23, 3.4058615199e-23, 4.83822056243e-23, 5.81937136201e-23, 9.57041001504e-23, 9.83776570433e-23, 1.60817941445e-22, 1.98987222469e-22, 2.81340413467e-22, 4.20613515983e-22, 5.72501425763e-22, 8.46444469641e-22, 1.34688924511e-21, 2.03542915653e-21], "var": [8.0939832614e-09, 0.000318208592944, 0.00010927918629, 0.00011688300583, 1.37669530886e-05, 2.54186325037e-05, 3.09403512802e-05, 2.84071347778e-06, 3.59352543455e-06, 4.52893209513e-06, 3.22275468534e-07, 6.5654759851e-08, 1.30926949282e-07, 1.30813944565e-07, 2.33137740224e-07, 1.12200773117e-07, 1.19824633771e-07, 6.83177958649e-08, 3.03596152662e-08, 5.57301094162e-09, 2.44394482429e-09, 7.68837271625e-10, 4.6538436993e-10, 3.29893362627e-10, 1.39013897615e-10, 1.86217343628e-11, 4.79791120028e-13]}, "erbbands": {"dmean": [0.024188535288, 0.458759963512, 1.36979627609, 3.34908652306, 3.77532196045, 4.33010673523, 7.34668684006, 18.4786949158, 20.2634677887, 33.9949798584, 7.16236019135, 14.1198806763, 24.2361564636, 7.572909832, 7.91646003723, 5.28377914429, 7.91315317154, 7.65504646301, 8.9447593689, 18.482460022, 9.34162330627, 8.44208431244, 6.39093208313, 4.82146644592, 2.90820503235, 1.54178929329, 0.724358618259, 0.306998074055, 0.198920533061, 0.138801440597, 0.0880669206381, 0.0487080775201, 0.0252189338207, 0.0163048915565, 0.00717027811334, 0.00270727369934, 0.000630218128208, 0.000101805642771, 1.3192951883e-05, 7.5858092714e-06], "dmean2": [0.0303368270397, 0.648615002632, 1.96006608009, 4.6715464592, 5.66078805923, 6.48378038406, 9.47804927826, 25.2188816071, 27.5669193268, 46.2930679321, 10.138133049, 20.3287620544, 34.7250785828, 11.4238529205, 12.5115365982, 8.6705160141, 13.117524147, 12.8963251114, 15.0172290802, 31.0662708282, 15.5117511749, 14.026350975, 10.4867296219, 7.8608250618, 4.70724344254, 2.58105158806, 1.13318669796, 0.49135646224, 0.318218618631, 0.221627548337, 0.14620475471, 0.0786292254925, 0.0385140515864, 0.0248157512397, 0.0116346320137, 0.0043325740844, 0.000998175702989, 0.000168322017998, 2.09613153856e-05, 1.03258353192e-05], "dvar": [0.0263505615294, 15.0388259888, 40.1783065796, 144.786407471, 237.124023438, 44.0595092773, 89.4551010132, 586.753173828, 1429.28076172, 2957.11743164, 142.144592285, 343.302368164, 1280.38256836, 182.606933594, 132.078659058, 55.5330848694, 203.085098267, 121.922187805, 151.200027466, 745.56048584, 172.241394043, 203.45098877, 82.9384536743, 50.5163269043, 20.9516906738, 6.76533699036, 1.81430602074, 0.266242355108, 0.151125788689, 0.095960251987, 0.0550080314279, 0.0239501520991, 0.00726827420294, 0.00481569441035, 0.000884017383214, 0.000171301464434, 1.12357665785e-05, 2.91288301923e-07, 4.96086682844e-09, 3.83241077762e-10], "dvar2": [0.0562899820507, 32.2191314697, 76.0598449707, 364.298431396, 638.47076416, 96.973526001, 147.121398926, 1136.22351074, 1986.32385254, 4942.16943359, 252.174163818, 714.972351074, 2643.46313477, 377.446685791, 305.158325195, 131.503982544, 520.264221191, 337.299072266, 415.68838501, 2080.40478516, 462.425231934, 545.394042969, 224.871582031, 130.151062012, 55.4063110352, 18.470697403, 4.15815639496, 0.709927380085, 0.461799770594, 0.264330178499, 0.169942766428, 0.064638517797, 0.0192973576486, 0.0124312210828, 0.00247202487662, 0.000467496109195, 2.95713743981e-05, 8.00670477474e-07, 1.33091209165e-08, 7.9737250136e-10], "max": [4.99462270737, 142.574447632, 207.295501709, 226.917953491, 367.85949707, 157.443527222, 162.035095215, 373.437469482, 1169.8425293, 980.49621582, 289.40914917, 280.756408691, 462.738769531, 244.677215576, 184.050354004, 119.954597473, 200.164047241, 131.894836426, 155.25012207, 296.653991699, 168.158172607, 257.413787842, 123.458999634, 112.623596191, 74.751449585, 52.169128418, 34.1951370239, 13.9116888046, 12.5838298798, 9.39460086823, 6.95364570618, 5.13078451157, 3.68568348885, 2.45926499367, 0.907589137554, 0.351870298386, 0.0935885086656, 0.014941977337, 0.00156407512259, 0.000722559576388], "mean": [0.0552759878337, 0.846745073795, 3.63374614716, 9.70792961121, 8.1397151947, 10.4795446396, 18.052980423, 41.3736495972, 41.5618247986, 65.9123687744, 17.6932563782, 32.4854316711, 53.4457359314, 17.7232971191, 14.1596794128, 10.2766017914, 12.9880876541, 14.2945537567, 17.1874370575, 29.43567276, 17.5050792694, 16.2776451111, 13.3576364517, 10.119764328, 6.51777267456, 3.60250020027, 1.91827106476, 0.859463274479, 0.566330850124, 0.381013959646, 0.248046979308, 0.145761862397, 0.0825944691896, 0.0460022911429, 0.0200139824301, 0.0067905462347, 0.00154372386169, 0.000248209980782, 3.73443763237e-05, 3.31064111379e-05], "median": [0.00386743247509, 0.0600774362683, 0.406501412392, 2.27235579491, 2.92436885834, 6.01515769958, 11.7112865448, 26.0692920685, 22.5406188965, 34.4076652527, 11.6844043732, 23.8867168427, 34.3634147644, 9.13278102875, 9.22979354858, 7.74717855453, 8.05830955505, 10.6115541458, 13.7934503555, 20.2599372864, 13.7074384689, 12.2448711395, 10.2843027115, 7.44219112396, 4.83712673187, 2.68468332291, 1.26108491421, 0.570010840893, 0.344888567924, 0.20717856288, 0.110567875206, 0.0558834411204, 0.0345935299993, 0.0177935045213, 0.00787458196282, 0.00240610889159, 0.000515128253028, 7.68358077039e-05, 1.63834993145e-05, 2.51055662375e-05], "min": [5.50464930853e-23, 3.86169703159e-22, 1.47785550345e-21, 1.72169707931e-21, 1.01010562735e-20, 4.15280145795e-20, 4.69031214416e-20, 6.64491763652e-20, 1.14013341132e-19, 1.65604944904e-19, 2.316133374e-19, 3.52367489666e-19, 5.05993049842e-19, 5.26459617847e-19, 8.90443799391e-19, 8.37796648535e-19, 1.29202344317e-18, 1.69733501569e-18, 2.11735696142e-18, 2.77879001796e-18, 3.05327356742e-18, 4.14408015671e-18, 5.60526575746e-18, 4.55846745151e-18, 5.54196741545e-18, 7.46357125773e-18, 8.4454189284e-18, 8.42753611073e-18, 1.00159635964e-17, 1.14444474388e-17, 1.03802919885e-17, 9.00700259961e-18, 1.02282495744e-17, 7.56431772043e-18, 5.90142950398e-18, 3.76026380299e-18, 2.28479010472e-18, 9.57282060837e-19, 2.46096701239e-19, 2.6531018432e-20], "var": [0.0574665479362, 23.3562736511, 108.404716492, 533.654846191, 469.196960449, 223.393280029, 419.45993042, 2155.36425781, 5832.71728516, 9469.71191406, 539.221618652, 1108.63049316, 3980.9597168, 722.768859863, 304.575286865, 114.857955933, 306.350708008, 212.087356567, 276.924041748, 1126.19763184, 297.865661621, 346.389221191, 175.536300659, 116.231803894, 51.4374160767, 15.919090271, 6.68407964706, 1.57006549835, 0.983506798744, 0.608736753464, 0.379059195518, 0.180812060833, 0.0678174868226, 0.0262779276818, 0.00470113521442, 0.000642872706521, 4.2380845116e-05, 1.26730492411e-06, 1.62582889374e-08, 1.50547829758e-09]}, "gfcc": {"mean": [-138.19909668, 127.171356201, -131.840988159, 20.436964035, -51.6171188354, -13.2280197144, -38.4526252747, 3.09806513786, -16.8717136383, -4.71118211746, -11.994843483, -7.79403305054, -6.19475603104], "cov": [[103612.8125, 12456.0341797, -12627.8212891, 1086.41040039, -5034.63818359, -1209.34912109, -3582.49365234, 311.764770508, -1272.79138184, -653.024230957, -1155.56420898, -744.52130127, -277.306152344], [12456.0341797, 2080.23413086, -1538.14599609, 103.02822876, -463.435211182, -190.34727478, -351.744995117, 19.2445087433, -94.0922164917, -113.659324646, -106.472755432, -129.815155029, 2.60786747932], [-12627.8212891, -1538.14599609, 2004.31445312, 34.446937561, 756.414978027, 292.290679932, 533.373535156, -3.24854445457, 180.064804077, 76.9133148193, 144.995925903, 90.4430084229, 22.4097518921], [1086.41040039, 103.02822876, 34.446937561, 300.226104736, 10.1769161224, 73.5645675659, -0.949703156948, 25.9385375977, -36.7931671143, 3.69751143456, -9.29319000244, -4.76608800888, -44.2137832642], [-5034.63818359, -463.435211182, 756.414978027, 10.1769161224, 390.12902832, 119.321090698, 233.858917236, -0.189355149865, 95.0884857178, 24.4788627625, 64.2292709351, 25.7273445129, 18.9708194733], [-1209.34912109, -190.34727478, 292.290679932, 73.5645675659, 119.321090698, 124.477005005, 99.0724945068, 21.7349414825, 21.9919090271, 9.79827690125, 9.45047950745, 7.09866380692, -4.63649320602], [-3582.49365234, -351.744995117, 533.373535156, -0.949703156948, 233.858917236, 99.0724945068, 217.979019165, 21.7419929504, 72.6914596558, 17.0609912872, 49.4509124756, 21.6275539398, 21.5735054016], [311.764770508, 19.2445087433, -3.24854445457, 25.9385375977, -0.189355149865, 21.7349414825, 21.7419929504, 65.5868530273, 24.105840683, 6.58105897903, -4.15003061295, 3.54060816765, -0.00602346239612], [-1272.79138184, -94.0922164917, 180.064804077, -36.7931671143, 95.0884857178, 21.9919090271, 72.6914596558, 24.105840683, 87.2331542969, 26.3234500885, 27.8696289062, 6.71846342087, 20.3867321014], [-653.024230957, -113.659324646, 76.9133148193, 3.69751143456, 24.4788627625, 9.79827690125, 17.0609912872, 6.58105897903, 26.3234500885, 55.6752281189, 27.1158599854, 13.3037977219, 0.995411098003], [-1155.56420898, -106.472755432, 144.995925903, -9.29319000244, 64.2292709351, 9.45047950745, 49.4509124756, -4.15003061295, 27.8696289062, 27.1158599854, 56.7652320862, 29.2588310242, 16.366317749], [-744.52130127, -129.815155029, 90.4430084229, -4.76608800888, 25.7273445129, 7.09866380692, 21.6275539398, 3.54060816765, 6.71846342087, 13.3037977219, 29.2588310242, 50.149772644, 24.9723300934], [-277.306152344, 2.60786747932, 22.4097518921, -44.2137832642, 18.9708194733, -4.63649320602, 21.5735054016, -0.00602346239612, 20.3867321014, 0.995411098003, 16.366317749, 24.9723300934, 53.5755310059]], "icov": [[0.00022205793357, -0.000867546012159, 0.000143939934787, -0.000120403812616, 0.0011835139012, -0.00151580572128, 0.00130529480521, -0.000638034252916, 5.88596740272e-05, -9.4375005574e-05, 0.00044473487651, -0.000355579191819, -3.46728411387e-05], [-0.000867546012159, 0.00544793205336, 0.00136386405211, -0.00100780464709, -0.00582488439977, 0.0061273323372, -0.00468793092296, 0.00202394160442, -0.00123806658667, 0.00322201824747, -0.00451193843037, 0.00593106029555, -0.00265199900605], [0.000143939934787, 0.00136386405211, 0.00477696908638, -0.00118430377916, -0.00359049229883, -0.00199468084611, -0.00204049586318, 0.00123396283016, -0.00125045410823, 0.00131170498207, -0.000716639915481, -6.75504779792e-05, 0.000325566303218], [-0.000120403812616, -0.00100780464709, -0.00118430377916, 0.0064035714604, -0.000756865541916, -0.00314752524719, 0.000467619684059, -0.00177804334089, 0.00375876622275, -0.00243854126893, 0.000168476384715, -0.00342500768602, 0.00517294043675], [0.0011835139012, -0.00582488439977, -0.00359049229883, -0.000756865541916, 0.0197979714721, -0.00916255358607, 0.00297172670253, -2.38099419221e-05, -0.00426047760993, 0.000816337415017, 0.00128345249686, -0.0018097324064, 0.000344192172633], [-0.00151580572128, 0.0061273323372, -0.00199468084611, -0.00314752524719, -0.00916255358607, 0.0290546622127, -0.0148598942906, 0.00146581151057, 0.00152632559184, -0.00166394503321, 0.0027399067767, 0.00255674915388, -0.000743140350096], [0.00130529480521, -0.00468793092296, -0.00204049586318, 0.000467619684059, 0.00297172670253, -0.0148598942906, 0.0298541206867, -0.0110546546057, -0.000900463783182, 0.00490778591484, -0.00779257435352, 0.00594201218337, -0.00627492414787], [-0.000638034252916, 0.00202394160442, 0.00123396283016, -0.00177804334089, -2.38099419221e-05, 0.00146581151057, -0.0110546546057, 0.0273298788816, -0.0121392728761, -0.00130538654048, 0.0088830254972, -0.0101058483124, 0.00584572879598], [5.88596740272e-05, -0.00123806658667, -0.00125045410823, 0.00375876622275, -0.00426047760993, 0.00152632559184, -0.000900463783182, -0.0121392728761, 0.0292947664857, -0.0107001550496, -0.00446225237101, 0.00885954219848, -0.00772310001776], [-9.4375005574e-05, 0.00322201824747, 0.00131170498207, -0.00243854126893, 0.000816337415017, -0.00166394503321, 0.00490778591484, -0.00130538654048, -0.0107001550496, 0.03300062567, -0.0179006066173, 0.00469899270684, 0.00112068443559], [0.00044473487651, -0.00451193843037, -0.000716639915481, 0.000168476384715, 0.00128345249686, 0.0027399067767, -0.00779257435352, 0.0088830254972, -0.00446225237101, -0.0179006066173, 0.0492762476206, -0.0285562742501, 0.00616998458281], [-0.000355579191819, 0.00593106029555, -6.75504779792e-05, -0.00342500768602, -0.0018097324064, 0.00255674915388, 0.00594201218337, -0.0101058483124, 0.00885954219848, 0.00469899270684, -0.0285562742501, 0.0564527027309, -0.0275077801198], [-3.46728411387e-05, -0.00265199900605, 0.000325566303218, 0.00517294043675, 0.000344192172633, -0.000743140350096, -0.00627492414787, 0.00584572879598, -0.00772310001776, 0.00112068443559, 0.00616998458281, -0.0275077801198, 0.0389438830316]]}, "melbands": {"dmean": [0.000356455304427, 0.000699148688, 0.000597131438553, 0.0002404498955, 0.000255672988715, 0.000419099960709, 0.000300712184981, 0.000319785060128, 5.65236950933e-05, 9.40012541832e-05, 0.000125804319396, 3.57663848263e-05, 3.66059284715e-05, 1.16171058835e-05, 2.02709925361e-05, 1.45452167999e-05, 1.55206798809e-05, 1.76380599441e-05, 1.92361567315e-05, 1.9549699573e-05, 1.22002984426e-05, 1.06004581539e-05, 6.70565259497e-06, 8.16892861621e-06, 3.92854781239e-06, 2.90357024824e-06, 1.62588696639e-06, 9.34938384489e-07, 6.03756916462e-07, 2.93756698966e-07, 1.73672830783e-07, 1.36292939601e-07, 1.12432509525e-07, 7.48878861145e-08, 5.8949574111e-08, 4.34460716292e-08, 3.12751851084e-08, 1.95306633088e-08, 1.97929779233e-08, 1.3795138365e-08], "dmean2": [0.000479033653392, 0.000976013077889, 0.000851735996548, 0.000368251203327, 0.00033806663123, 0.000566334638279, 0.000408925232477, 0.000437520880951, 8.25503302622e-05, 0.000132354005473, 0.00018049418577, 5.36571496923e-05, 5.74025798414e-05, 1.86533925444e-05, 3.32996132784e-05, 2.44522852881e-05, 2.62310386461e-05, 2.96388097922e-05, 3.24953180098e-05, 3.20217695844e-05, 2.05101841857e-05, 1.77220899786e-05, 1.13394689834e-05, 1.36438266054e-05, 6.42179566057e-06, 4.69984297524e-06, 2.74730723504e-06, 1.56036492172e-06, 9.59796011557e-07, 4.75216722862e-07, 2.801016592e-07, 2.23226848561e-07, 1.83466269732e-07, 1.21089286154e-07, 9.91137127926e-08, 7.46963948473e-08, 5.1490246733e-08, 3.08006917749e-08, 3.26461595535e-08, 2.23919673914e-08], "dvar": [7.91320144344e-06, 1.70729963429e-05, 5.54728103452e-06, 3.21898369293e-07, 9.94057600678e-08, 2.85565647573e-07, 2.54620573514e-07, 2.59638596845e-07, 7.45406047997e-09, 1.54033763522e-08, 3.50212552291e-08, 5.8945954784e-09, 2.98979196955e-09, 3.99585142752e-10, 8.95762908293e-10, 5.24773113852e-10, 4.76409856009e-10, 6.69591160296e-10, 7.8072154297e-10, 8.39459668445e-10, 3.29418714529e-10, 3.83575587959e-10, 8.39036409794e-11, 1.87478088609e-10, 3.57355395275e-11, 3.06301130293e-11, 5.82872422203e-12, 2.35396034262e-12, 1.4827796109e-12, 2.58534730083e-13, 9.1870345424e-14, 6.31529672849e-14, 7.76162920285e-14, 2.86847538181e-14, 2.39364819334e-14, 1.63282371836e-14, 1.30399138278e-14, 3.56466954885e-15, 7.59953555705e-15, 3.67760614577e-15], "dvar2": [1.74914603122e-05, 3.30769398715e-05, 1.44481000461e-05, 8.35132254906e-07, 1.72672713461e-07, 5.39005554856e-07, 3.5581737734e-07, 4.41506585958e-07, 1.48953871459e-08, 3.0858412714e-08, 7.22600859149e-08, 1.19543175359e-08, 6.95246393789e-09, 9.5852503712e-10, 2.28291496818e-09, 1.38088940282e-09, 1.30903121676e-09, 1.83710580082e-09, 2.19932250189e-09, 2.29239716099e-09, 8.99367691432e-10, 1.03490871428e-09, 2.32194749539e-10, 5.19638776453e-10, 9.18921536086e-11, 7.86205336945e-11, 1.75148905796e-11, 6.46905966295e-12, 3.50480712161e-12, 6.3966594608e-13, 2.59634788712e-13, 1.89356736129e-13, 2.33476893418e-13, 7.55388657983e-14, 7.42750384309e-14, 5.05442448962e-14, 3.40920427468e-14, 9.15307360341e-15, 2.2115727015e-14, 9.71448958195e-15], "max": [0.0977253615856, 0.152707025409, 0.0493227243423, 0.0159027390182, 0.00576965324581, 0.0074065332301, 0.014993859455, 0.00883024279028, 0.00201547914185, 0.0018429546617, 0.0024498605635, 0.00140139367431, 0.000895608973224, 0.000335342658218, 0.000378326920327, 0.000258143001702, 0.000225496754865, 0.000286506547127, 0.000252662110142, 0.000355687079718, 0.000204771306016, 0.000353904004442, 0.000102603640698, 0.000202753668418, 0.000102729260107, 0.00010499903874, 3.33053067152e-05, 2.88280371024e-05, 3.08272647089e-05, 1.46253041748e-05, 8.29646705824e-06, 7.0641262937e-06, 7.52439564167e-06, 4.64561753688e-06, 4.62929665446e-06, 4.07444258599e-06, 3.8761995711e-06, 2.43977092396e-06, 2.90943989967e-06, 1.93307391783e-06], "mean": [0.000710946682375, 0.00172871013638, 0.00166635005735, 0.000605297740549, 0.000648161454592, 0.000957201758865, 0.000652129587252, 0.000608509173617, 0.000131858483655, 0.000220709189307, 0.00027422470157, 8.05497984402e-05, 5.99809427513e-05, 2.05226988328e-05, 3.45062144333e-05, 2.37834046857e-05, 2.7113390388e-05, 2.98379945889e-05, 3.18109559885e-05, 3.07179434458e-05, 2.0143645088e-05, 1.78226582648e-05, 1.28434840008e-05, 1.31364176923e-05, 7.49114724385e-06, 5.59828777114e-06, 3.41688541994e-06, 1.99647547561e-06, 1.37047072712e-06, 6.91520085638e-07, 4.23345937861e-07, 3.41772931733e-07, 2.52853681104e-07, 1.93851718677e-07, 1.49835400975e-07, 1.07338934185e-07, 8.20530701162e-08, 5.83810511046e-08, 5.06738366823e-08, 3.44062947022e-08], "median": [4.55049521406e-05, 0.000181800001883, 0.000411707384046, 0.000350230606273, 0.000430243642768, 0.000610123097431, 0.000394365226384, 0.000315245881211, 7.98693436082e-05, 0.000158734212164, 0.000167122299899, 2.79548658e-05, 3.28737660311e-05, 1.24654643514e-05, 2.25240946747e-05, 1.42612416312e-05, 2.00004578801e-05, 2.20956517296e-05, 2.03841937036e-05, 1.95577758859e-05, 1.41003783938e-05, 1.19946362247e-05, 9.8847440313e-06, 8.23154459795e-06, 5.20461935594e-06, 3.89065598938e-06, 2.52477457252e-06, 1.46274328472e-06, 8.78181879216e-07, 4.33907160868e-07, 2.69322384838e-07, 1.98201533408e-07, 1.37214641427e-07, 1.00061178898e-07, 6.46070361654e-08, 4.40436025428e-08, 2.99680920079e-08, 2.49984459799e-08, 1.923836912e-08, 1.32475062031e-08], "min": [1.30281719561e-24, 5.98878843163e-25, 3.69500722372e-25, 1.87748954607e-24, 1.67460872075e-24, 1.31161260027e-24, 2.35442400253e-24, 1.97494088635e-24, 1.56325607359e-24, 2.45171441519e-24, 1.80900596709e-24, 1.6170935624e-24, 3.15241340893e-24, 1.66551236565e-24, 2.50269711498e-24, 2.28123960142e-24, 2.6469480229e-24, 2.68179417845e-24, 2.50082100654e-24, 3.48046023029e-24, 2.96043543018e-24, 3.53222252188e-24, 3.70428412936e-24, 4.17277166046e-24, 2.96099828243e-24, 3.1552379254e-24, 4.85517105336e-24, 4.03849294047e-24, 4.91429972808e-24, 4.58480436088e-24, 4.26651121297e-24, 5.35330358285e-24, 4.92306555046e-24, 6.14606579967e-24, 4.84361739654e-24, 5.17246629223e-24, 5.5975905338e-24, 5.43185243533e-24, 5.1714336733e-24, 5.68775062995e-24], "var": [1.30992993945e-05, 3.50676600647e-05, 1.63875265571e-05, 9.38369566938e-07, 5.04165882376e-07, 1.10930955088e-06, 1.04010541691e-06, 8.16296847006e-07, 3.03824094772e-08, 5.58969261988e-08, 1.12790452533e-07, 2.36901875894e-08, 6.83308254423e-09, 7.32568061768e-10, 1.53511181544e-09, 9.07223851598e-10, 7.69987795746e-10, 1.07584874343e-09, 1.34098177007e-09, 1.33292155091e-09, 4.99978447532e-10, 5.70768987629e-10, 1.59898649876e-10, 2.97256441684e-10, 7.65191104923e-11, 5.94529009357e-11, 1.31857380917e-11, 5.02853921697e-12, 4.01985215948e-12, 1.06006436268e-12, 3.9409312402e-13, 3.57546674559e-13, 2.60122571269e-13, 1.72968830556e-13, 1.41981112739e-13, 7.54304591336e-14, 7.2956336881e-14, 3.07204789222e-14, 3.57829576787e-14, 1.43229425851e-14]}, "mfcc": {"mean": [-714.990539551, 147.378463745, -24.4884357452, 26.3210906982, -1.67842769623, -11.0006341934, -12.1074209213, -4.02763795853, -5.02882957458, 0.458971947432, -4.35553646088, -5.57668447495, -3.51558804512], "cov": [[26555.7675781, 8232.07714844, -2016.72631836, 1051.8079834, -329.393371582, -780.105957031, -903.028137207, -261.123931885, -224.340454102, 32.1840171814, -275.180969238, -310.89263916, -222.04737854], [8232.07714844, 3255.10766602, -701.104553223, 373.049957275, -77.7990722656, -249.880615234, -268.354400635, -70.0496292114, -47.9925346375, 26.0999507904, -74.5639877319, -108.234558105, -66.0889816284], [-2016.72631836, -701.104553223, 492.148010254, 63.1662063599, 132.622802734, 173.1355896, 173.620452881, 85.481628418, 49.5092926025, 23.2024517059, 30.3756008148, 47.9998664856, 38.1893539429], [1051.8079834, 373.049957275, 63.1662063599, 183.90763855, 63.1856269836, 25.2635097504, 17.5665798187, 24.4159202576, 2.55600833893, 12.3765792847, -1.20475399494, 0.928013443947, 7.95134210587], [-329.393371582, -77.7990722656, 132.622802734, 63.1856269836, 111.486846924, 75.6873626709, 54.8626823425, 37.837474823, 24.7259521484, 12.7688055038, 15.1265869141, 18.2471179962, 13.5240631104], [-780.105957031, -249.880615234, 173.1355896, 25.2635097504, 75.6873626709, 128.131362915, 90.6956863403, 38.4517364502, 29.0528697968, 16.1285190582, 17.1355609894, 22.5239219666, 15.5656776428], [-903.028137207, -268.354400635, 173.620452881, 17.5665798187, 54.8626823425, 90.6956863403, 119.921096802, 57.3879356384, 29.7538700104, 13.0339736938, 14.4280309677, 19.2711334229, 14.6694221497], [-261.123931885, -70.0496292114, 85.481628418, 24.4159202576, 37.837474823, 38.4517364502, 57.3879356384, 78.7191314697, 40.578918457, 15.4654903412, 9.684674263, 5.26400709152, 8.04094219208], [-224.340454102, -47.9925346375, 49.5092926025, 2.55600833893, 24.7259521484, 29.0528697968, 29.7538700104, 40.578918457, 63.7867660522, 30.2178630829, 14.5480632782, 7.7800321579, 7.41703987122], [32.1840171814, 26.0999507904, 23.2024517059, 12.3765792847, 12.7688055038, 16.1285190582, 13.0339736938, 15.4654903412, 30.2178630829, 52.8494720459, 21.3645401001, 5.4341135025, 5.15489292145], [-275.180969238, -74.5639877319, 30.3756008148, -1.20475399494, 15.1265869141, 17.1355609894, 14.4280309677, 9.684674263, 14.5480632782, 21.3645401001, 46.4039154053, 22.2933540344, 6.71567821503], [-310.89263916, -108.234558105, 47.9998664856, 0.928013443947, 18.2471179962, 22.5239219666, 19.2711334229, 5.26400709152, 7.7800321579, 5.4341135025, 22.2933540344, 46.5127906799, 20.3557891846], [-222.04737854, -66.0889816284, 38.1893539429, 7.95134210587, 13.5240631104, 15.5656776428, 14.6694221497, 8.04094219208, 7.41703987122, 5.15489292145, 6.71567821503, 20.3557891846, 42.6807937622]], "icov": [[0.000236084393691, -0.000408641004469, 0.000211487771594, -0.000711335334927, 0.000390980392694, -0.000231413301663, 0.000738195725717, -0.000349954556441, 0.000250306067755, -0.000349103356712, 0.000571410811972, -0.000323361746268, 0.000374458759325], [-0.000408641004469, 0.00174307334237, 0.0013092639856, -0.00145532004535, -0.000569120573346, 0.000504220894072, -0.0010466548847, 0.000480357528431, -0.000805716495961, -0.000236906344071, -0.000254481943557, 0.000734360190108, -0.000203148505534], [0.000211487771594, 0.0013092639856, 0.00808744318783, -0.00532389804721, -0.00134613516275, -0.00235257297754, -0.00350557430647, -0.00061838288093, -0.000301661697449, -0.00141751230694, 0.00179361156188, -0.00124371575657, 2.3521741241e-05], [-0.000711335334927, -0.00145532004535, -0.00532389804721, 0.0166624970734, -0.0066436114721, 0.00166912563145, -0.00165822543204, -0.000866024871357, 0.00350888981484, 0.000194171763724, -0.00168034213129, 0.00109276606236, -0.00295527162962], [0.000390980392694, -0.000569120573346, -0.00134613516275, -0.0066436114721, 0.021287124604, -0.00972303375602, 0.00464084837586, -0.00382993021049, -0.00157921970822, 0.00152918603271, -0.00125447893515, -0.00196023401804, 0.000744344957639], [-0.000231413301663, 0.000504220894072, -0.00235257297754, 0.00166912563145, -0.00972303375602, 0.0247715562582, -0.0136889414862, 0.0061337207444, -0.00300790485926, -0.0012031767983, -0.000305802182993, -0.000320867780829, -0.000163909571711], [0.000738195725717, -0.0010466548847, -0.00350557430647, -0.00165822543204, 0.00464084837586, -0.0136889414862, 0.0311316680163, -0.0144503256306, 0.00403303932399, -0.00150788703468, 0.00226600072347, -0.00257342960685, 0.00156169116963], [-0.000349954556441, 0.000480357528431, -0.00061838288093, -0.000866024871357, -0.00382993021049, 0.0061337207444, -0.0144503256306, 0.0296486970037, -0.015444977209, 0.0039627943188, -0.0026334899012, 0.00469045108184, -0.0016219757963], [0.000250306067755, -0.000805716495961, -0.000301661697449, 0.00350888981484, -0.00157921970822, -0.00300790485926, 0.00403303932399, -0.015444977209, 0.0329453423619, -0.0148944845423, 0.00173922325484, -0.00226887315512, -0.000326018634951], [-0.000349103356712, -0.000236906344071, -0.00141751230694, 0.000194171763724, 0.00152918603271, -0.0012031767983, -0.00150788703468, 0.0039627943188, -0.0148944845423, 0.0333017371595, -0.014960128814, 0.00586097734049, -0.00310006085783], [0.000571410811972, -0.000254481943557, 0.00179361156188, -0.00168034213129, -0.00125447893515, -0.000305802182993, 0.00226600072347, -0.0026334899012, 0.00173922325484, -0.014960128814, 0.0376795046031, -0.0175914037973, 0.00547899492085], [-0.000323361746268, 0.000734360190108, -0.00124371575657, 0.00109276606236, -0.00196023401804, -0.000320867780829, -0.00257342960685, 0.00469045108184, -0.00226887315512, 0.00586097734049, -0.0175914037973, 0.0383402965963, -0.0147282639518], [0.000374458759325, -0.000203148505534, 2.3521741241e-05, -0.00295527162962, 0.000744344957639, -0.000163909571711, 0.00156169116963, -0.0016219757963, -0.000326018634951, -0.00310006085783, 0.00547899492085, -0.0147282639518, 0.0317788980901]]}, "spectral_contrast_coeffs": {"dmean": [0.0363788157701, 0.0412357449532, 0.0332594402134, 0.0266126468778, 0.0193116515875, 0.0120550524443], "dmean2": [0.0588786676526, 0.0642663612962, 0.0530138611794, 0.0448605827987, 0.0326090119779, 0.0202637109905], "dvar": [0.00103051506449, 0.00113967736252, 0.000732221582439, 0.000514594605193, 0.00026775241713, 0.000122044395539], "dvar2": [0.00264705810696, 0.00290396227501, 0.00180359848309, 0.00139498966746, 0.000718773342669, 0.000314729462843], "max": [-0.347296893597, -0.495680868626, -0.513424158096, -0.634661793709, -0.624897003174, -0.692802906036], "mean": [-0.611910700798, -0.704732835293, -0.717896342278, -0.779958069324, -0.776947259903, -0.774734735489], "median": [-0.582050383091, -0.685732722282, -0.695127010345, -0.764588594437, -0.762356698513, -0.757619440556], "min": [-0.978974342346, -0.983583390713, -0.975651144981, -0.98292350769, -0.973443865776, -0.964186310768], "var": [0.0170320998877, 0.0107900798321, 0.00977615360171, 0.00467100786045, 0.00435540918261, 0.00366789335385]}, "spectral_contrast_valleys": {"dmean": [0.318114817142, 0.327161967754, 0.279621571302, 0.222957417369, 0.186755314469, 0.160609990358], "dmean2": [0.52684789896, 0.537606239319, 0.451487004757, 0.358435094357, 0.264587193727, 0.207605540752], "dvar": [0.189934656024, 0.206859707832, 0.168852239847, 0.1594761163, 0.15308521688, 0.12141517549