{"lowlevel": {"average_loudness": 0.984044015408, "barkbands_crest": {"dmean": 2.13574552536, "dmean2": 3.35989999771, "dvar": 4.87626314163, "dvar2": 12.9753875732, "max": 24.0426559448, "mean": 11.1602134705, "median": 11.0101356506, "min": 2.95484232903, "var": 11.0362787247}, "barkbands_flatness_db": {"dmean": 0.0483255125582, "dmean2": 0.0671640262008, "dvar": 0.00280884397216, "dvar2": 0.0057094716467, "max": 0.574615716934, "mean": 0.258600831032, "median": 0.255680322647, "min": 0.0215285886079, "var": 0.00950361136347}, "barkbands_kurtosis": {"dmean": 5.16822338104, "dmean2": 8.31477928162, "dvar": 58.6570663452, "dvar2": 152.73324585, "max": 120.531082153, "mean": 8.91404628754, "median": 5.55192661285, "min": -1.82912707329, "var": 122.692825317}, "barkbands_skewness": {"dmean": 0.674909293652, "dmean2": 1.04796040058, "dvar": 0.535709440708, "dvar2": 1.38905501366, "max": 9.8460521698, "mean": 2.1408290863, "median": 1.99073696136, "min": -2.10147500038, "var": 1.52211928368}, "barkbands_spread": {"dmean": 4.56142234802, "dmean2": 7.44730806351, "dvar": 49.3243789673, "dvar2": 124.85597229, "max": 62.9086112976, "mean": 9.60193538666, "median": 7.08427810669, "min": 0.419616609812, "var": 65.8542098999}, "dissonance": {"dmean": 0.0350418351591, "dmean2": 0.0554192215204, "dvar": 0.00114194210619, "dvar2": 0.00252696429379, "max": 0.499998062849, "mean": 0.386238127947, "median": 0.391067355871, "min": 0.185982853174, "var": 0.00345149240457}, "dynamic_complexity": 2.37937402725, "erbbands_crest": {"dmean": 2.80971908569, "dmean2": 4.42959976196, "dvar": 8.2880153656, "dvar2": 20.6759586334, "max": 29.0217876434, "mean": 12.0914211273, "median": 11.3155403137, "min": 2.61457896233, "var": 19.3980369568}, "erbbands_flatness_db": {"dmean": 0.0430942624807, "dmean2": 0.0570517741144, "dvar": 0.00219874712639, "dvar2": 0.00470101786777, "max": 0.532535195351, "mean": 0.274183630943, "median": 0.27421528101, "min": 0.0652803406119, "var": 0.00699310889468}, "erbbands_kurtosis": {"dmean": 2.18259334564, "dmean2": 3.54238677025, "dvar": 12.0211229324, "dvar2": 30.4169750214, "max": 55.4832572937, "mean": 2.85184621811, "median": 1.43600606918, "min": -1.90972661972, "var": 26.3654346466}, "erbbands_skewness": {"dmean": 0.513679563999, "dmean2": 0.779832780361, "dvar": 0.311391890049, "dvar2": 0.756717562675, "max": 5.66820812225, "mean": 1.17415010929, "median": 1.13425338268, "min": -2.03570842743, "var": 1.01804089546}, "erbbands_spread": {"dmean": 7.30451250076, "dmean2": 11.8412418365, "dvar": 100.530181885, "dvar2": 256.043640137, "max": 85.0413284302, "mean": 21.3866558075, "median": 18.8551979065, "min": 1.37753534317, "var": 162.260025024}, "hfc": {"dmean": 7.66954231262, "dmean2": 11.1280050278, "dvar": 131.775756836, "dvar2": 291.097717285, "max": 116.758682251, "mean": 15.3922233582, "median": 10.0434246063, "min": 1.19705329849e-16, "var": 232.400939941}, "melbands_crest": {"dmean": 3.17287778854, "dmean2": 5.01763343811, "dvar": 9.8479309082, "dvar2": 27.0036945343, "max": 31.410150528, "mean": 15.6826820374, "median": 15.2265663147, "min": 1.75009584427, "var": 25.4552650452}, "melbands_flatness_db": {"dmean": 0.0488086603582, "dmean2": 0.0683466345072, "dvar": 0.00296067330055, "dvar2": 0.00618984177709, "max": 0.643096506596, "mean": 0.311142832041, "median": 0.30835711956, "min": 0.00336948316544, "var": 0.00970928743482}, "melbands_kurtosis": {"dmean": 7.1406006813, "dmean2": 11.2528867722, "dvar": 96.5816192627, "dvar2": 247.59336853, "max": 199.816360474, "mean": 13.6801681519, "median": 9.32459449768, "min": -1.72491669655, "var": 202.320632935}, "melbands_skewness": {"dmean": 0.691652953625, "dmean2": 1.07828855515, "dvar": 0.537985920906, "dvar2": 1.42004096508, "max": 10.7814846039, "mean": 2.5599424839, "median": 2.35701155663, "min": -0.533566474915, "var": 1.5394872427}, "melbands_spread": {"dmean": 4.80023813248, "dmean2": 7.68737888336, "dvar": 62.5473480225, "dvar2": 144.125183105, "max": 175.421859741, "mean": 11.0671434402, "median": 8.01528549194, "min": 0.775191009045, "var": 113.164291382}, "pitch_salience": {"dmean": 0.0683423727751, "dmean2": 0.104422360659, "dvar": 0.00491256453097, "dvar2": 0.0114395199344, "max": 0.878656744957, "mean": 0.528941810131, "median": 0.525993585587, "min": 0.248409315944, "var": 0.010989616625}, "silence_rate_20dB": {"dmean": 0, "dmean2": 0, "dvar": 0, "dvar2": 0, "max": 1, "mean": 1, "median": 1, "min": 1, "var": 0}, "silence_rate_30dB": {"dmean": 0, "dmean2": 0, "dvar": 0, "dvar2": 0, "max": 1, "mean": 1, "median": 1, "min": 1, "var": 0}, "silence_rate_60dB": {"dmean": 0.000752870342694, "dmean2": 0.00150602404028, "dvar": 0.000752330757678, "dvar2": 0.00188031233847, "max": 1, "mean": 0.0186300333589, "median": 0, "min": 0, "var": 0.018283015117}, "spectral_centroid": {"dmean": 195.264053345, "dmean2": 316.009033203, "dvar": 107018.710938, "dvar2": 248918.171875, "max": 10631.8681641, "mean": 732.439758301, "median": 603.952636719, "min": 321.330993652, "var": 174115.78125}, "spectral_complexity": {"dmean": 3.57086396217, "dmean2": 5.42733430862, "dvar": 44.2203483582, "dvar2": 91.8460083008, "max": 67, "mean": 11.4565296173, "median": 9, "min": 0, "var": 68.5896606445}, "spectral_decrease": {"dmean": 2.76278688816e-09, "dmean2": 4.03433331186e-09, "dvar": 1.34636068946e-17, "dvar2": 3.09436554279e-17, "max": 2.62148351052e-20, "mean": -5.95814242388e-09, "median": -4.40862191198e-09, "min": -2.87933126231e-08, "var": 2.02968036598e-17}, "spectral_energy": {"dmean": 0.0109608927742, "dmean2": 0.015931494534, "dvar": 0.000207593795494, "dvar2": 0.000473453779705, "max": 0.112145580351, "mean": 0.0238835439086, "median": 0.0176736246794, "min": 1.09438232629e-20, "var": 0.000325102737406}, "spectral_energyband_high": {"dmean": 0.000418206967879, "dmean2": 0.00070032523945, "dvar": 9.2595513479e-07, "dvar2": 2.36665891862e-06, "max": 0.00771928252652, "mean": 0.000353574811015, "median": 3.7093705032e-05, "min": 7.90821581767e-21, "var": 7.97704046818e-07}, "spectral_energyband_low": {"dmean": 0.00201982678846, "dmean2": 0.00327206845395, "dvar": 3.82142970921e-05, "dvar2": 9.25823042053e-05, "max": 0.0388276576996, "mean": 0.0015954246046, "median": 7.19571562513e-06, "min": 7.28520177274e-23, "var": 3.25876717397e-05}, "spectral_energyband_middle_high": {"dmean": 0.00172070937697, "dmean2": 0.00251620030031, "dvar": 9.67992673395e-06, "dvar2": 2.10911202885e-05, "max": 0.0404844805598, "mean": 0.00359069299884, "median": 0.00208941567689, "min": 1.65138753504e-21, "var": 1.92614170373e-05}, "spectral_energyband_middle_low": {"dmean": 0.00857485178858, "dmean2": 0.0128185460344, "dvar": 0.00016104716633, "dvar2": 0.000384412851417, "max": 0.100867457688, "mean": 0.0187827832997, "median": 0.0140423672274, "min": 2.67704757083e-22, "var": 0.000211265694816}, "spectral_entropy": {"dmean": 0.4348333776, "dmean2": 0.618320643902, "dvar": 0.273812174797, "dvar2": 0.590160787106, "max": 9.79022502899, "mean": 6.38957691193, "median": 6.31350803375, "min": 4.14750671387, "var": 0.740834414959}, "spectral_flux": {"dmean": 0.0342567898333, "dmean2": 0.0501762628555, "dvar": 0.00155314349104, "dvar2": 0.0028807814233, "max": 0.277955025434, "mean": 0.0701334849, "median": 0.0475535169244, "min": 1.04612728202e-10, "var": 0.00328367436305}, "spectral_kurtosis": {"dmean": 10.4750423431, "dmean2": 16.8630218506, "dvar": 262.225494385, "dvar2": 587.853515625, "max": 214.425582886, "mean": 19.0532474518, "median": 10.7026958466, "min": -1.22371923923, "var": 541.690368652}, "spectral_rms": {"dmean": 0.000977332820185, "dmean2": 0.00136113713961, "dvar": 1.31254705593e-06, "dvar2": 2.85286705548e-06, "max": 0.0104599390179, "mean": 0.00451692473143, "median": 0.0041524162516, "min": 3.26755267809e-12, "var": 2.89841113954e-06}, "spectral_rolloff": {"dmean": 374.869995117, "dmean2": 674.654724121, "dvar": 766557.375, "dvar2": 1893742.125, "max": 18970.7519531, "mean": 984.186889648, "median": 667.529296875, "min": 258.3984375, "var": 1212194.25}, "spectral_skewness": {"dmean": 0.804924249649, "dmean2": 1.29035234451, "dvar": 0.910964787006, "dvar2": 1.99895572662, "max": 11.7161283493, "mean": 2.95635890961, "median": 2.54710578918, "min": 0.0728721395135, "var": 2.23730993271}, "spectral_spread": {"dmean": 939895.0625, "dmean2": 1392932.875, "dvar": 1388754108420.0, "dvar2": 3083624251390.0, "max": 40274540, "mean": 3213880.25, "median": 2939177.25, "min": 421416.625, "var": 2750894047230.0}, "spectral_strongpeak": {"dmean": 0.453999459743, "dmean2": 0.74135863781, "dvar": 0.635625958443, "dvar2": 1.63695776463, "max": 8.90154075623, "mean": 1.26193249226, "median": 1.08739066124, "min": 0, "var": 0.774048268795}, "zerocrossingrate": {"dmean": 0.00873419642448, "dmean2": 0.0111494865268, "dvar": 0.000160095107276, "dvar2": 0.000217098830035, "max": 0.5087890625, "mean": 0.0396284237504, "median": 0.03369140625, "min": 0.0126953125, "var": 0.000772094470449}, "barkbands": {"dmean": [0.000130714252009, 0.00169399962761, 0.000277649844065, 0.000111772831588, 0.00259485468268, 0.00236316374503, 0.00394276576117, 0.00119742518291, 0.000242094640271, 0.00047184061259, 0.00034744880395, 0.000210907150176, 0.000243241520366, 0.000263428431936, 0.000333831994794, 0.000301801337628, 0.00015564984642, 7.95795422164e-05, 0.000104084305349, 9.39974488574e-05, 7.55073415348e-05, 0.000119727257697, 6.02182481089e-05, 4.68985599582e-05, 5.28164237039e-05, 2.68182247964e-05, 6.53065490042e-06], "dmean2": [0.000216699962039, 0.00280732032843, 0.000507472082973, 0.000206297379918, 0.00448167556897, 0.00381217920221, 0.0062132012099, 0.00161100469995, 0.000369957357179, 0.000647840206511, 0.000502633629367, 0.00034408812644, 0.00040240137605, 0.000391577952541, 0.000500439142343, 0.000485170894535, 0.000234977400396, 0.000129208390717, 0.000166750178323, 0.000161564690643, 0.000124951213365, 0.00020914428751, 0.000101548081147, 7.56696099415e-05, 9.01535604498e-05, 4.5075568778e-05, 1.11692306746e-05], "dvar": [1.66921680034e-07, 2.85158639599e-05, 9.39439587455e-07, 1.08771693874e-07, 2.11846599996e-05, 1.68129827216e-05, 5.01559916302e-05, 4.64105733045e-06, 2.09687243569e-07, 4.98145595884e-07, 3.6011397242e-07, 3.03140637925e-07, 7.55720577672e-07, 5.53153199689e-07, 8.2933519252e-07, 9.99972826321e-07, 1.76745786007e-07, 3.99239894477e-08, 1.10992623092e-07, 7.01705715755e-08, 4.71720937867e-08, 1.32132228714e-07, 2.1969096764e-08, 9.62746860012e-09, 2.96859266058e-08, 5.53769696765e-09, 2.40131581286e-10], "dvar2": [4.19879086166e-07, 7.11485845386e-05, 2.62960475084e-06, 3.10359126843e-07, 5.60463849979e-05, 4.2692750867e-05, 0.000129048872623, 1.04239861685e-05, 5.07969673436e-07, 1.12538407393e-06, 9.17208296869e-07, 7.91501804542e-07, 1.88912792964e-06, 1.10418898203e-06, 1.85527471785e-06, 2.47506977757e-06, 3.64933526953e-07, 9.20743161714e-08, 2.55688831885e-07, 1.83710994861e-07, 1.17960453849e-07, 3.63235670875e-07, 5.70721283566e-08, 2.34347687922e-08, 8.1462495416e-08, 1.48114045473e-08, 6.03873007154e-10], "max": [0.00284001883119, 0.0357339978218, 0.00608822423965, 0.00291255465709, 0.0412512309849, 0.0348826423287, 0.0619384981692, 0.0296936798841, 0.00466991914436, 0.00894436519593, 0.00709225796163, 0.00704166153446, 0.018870709464, 0.0159648638219, 0.0176390521228, 0.0225167609751, 0.0112005360425, 0.00358196860179, 0.00925562158227, 0.00249273260124, 0.00246929307468, 0.00306254578754, 0.00110785698052, 0.000774156302214, 0.00304743507877, 0.000773863983341, 0.000197557703359], "mean": [9.66735969996e-05, 0.00129536434542, 0.000172921019839, 7.32588159735e-05, 0.00376191316172, 0.00645280815661, 0.00506944581866, 0.00237566279247, 0.000339466612786, 0.000927940011024, 0.000709197018296, 0.000243441390921, 0.000282856810372, 0.000412240886362, 0.000501935952343, 0.000328730442561, 0.000244973343797, 8.20176283014e-05, 0.000119649368571, 7.64620708651e-05, 6.43523308099e-05, 9.08135334612e-05, 4.92964682053e-05, 4.44040088041e-05, 4.04061938752e-05, 2.22074904741e-05, 5.11085909238e-06], "median": [5.5668715504e-07, 3.26210374624e-06, 5.09410483573e-07, 1.20886534205e-06, 0.00242031924427, 0.0058574792929, 0.00206138170324, 0.00126946298406, 0.00010533308523, 0.000605335517321, 0.000412921537645, 5.92357973801e-05, 2.06853292184e-05, 6.56983320368e-05, 3.39636972058e-05, 1.43502220453e-05, 4.66712226626e-05, 1.47408463818e-05, 2.44896837103e-05, 7.77196510171e-06, 6.97043333275e-06, 6.53311781207e-06, 3.12257270707e-06, 3.14097587761e-06, 1.08063079551e-06, 4.90274999265e-07, 3.87417671277e-08], "min": [7.49482609663e-23, 1.01864322848e-23, 2.55958211152e-23, 2.75778294064e-23, 3.21347033581e-23, 6.34498307227e-23, 4.14175767286e-23, 3.48018294568e-23, 4.39542157673e-23, 4.82305329158e-23, 9.95567390394e-23, 6.87119431682e-23, 1.78298632099e-22, 1.11885101442e-22, 8.89473802795e-23, 1.69376223986e-22, 1.50894260584e-22, 2.11532559486e-22, 3.63394443167e-22, 3.1404418846e-22, 4.21504991915e-22, 7.96645914748e-22, 5.46590689797e-22, 9.09193167102e-22, 1.20192755932e-21, 1.70915911341e-21, 2.53582455562e-21], "var": [1.32681648779e-07, 2.29590041272e-05, 5.77322623485e-07, 6.64662493932e-08, 1.79193048098e-05, 2.24164796236e-05, 5.65351001569e-05, 9.87656403595e-06, 2.95732064615e-07, 1.11284271043e-06, 7.97146242348e-07, 2.85612230755e-07, 1.12481143333e-06, 1.29340241983e-06, 1.75605589448e-06, 1.22214896692e-06, 4.5155979933e-07, 4.5024190598e-08, 1.65905731819e-07, 5.53651311463e-08, 3.99587563038e-08, 9.02949111037e-08, 1.78806232043e-08, 1.00561496907e-08, 2.03446077762e-08, 4.2307695125e-09, 2.01943087252e-10]}, "erbbands": {"dmean": [0.0626507252455, 0.345709145069, 0.429166167974, 0.329867035151, 0.669040679932, 6.89937782288, 31.0894622803, 16.0639686584, 45.4939041138, 57.3280296326, 15.5646896362, 6.39978790283, 16.6971473694, 7.257771492, 14.0054006577, 9.00411605835, 12.1960525513, 13.4096927643, 11.8094844818, 22.1317501068, 12.3363037109, 6.54884767532, 4.48457956314, 6.08615064621, 4.23173284531, 4.33740758896, 3.41068696976, 3.08754873276, 4.8948097229, 2.39969468117, 1.77584171295, 1.1026237011, 0.680245280266, 0.559195756912, 0.353662520647, 0.176828712225, 0.0376968868077, 0.00629055546597, 0.00119478756096, 8.44349415274e-05], "dmean2": [0.105523727834, 0.592967987061, 0.789308965206, 0.604612052441, 1.12799608707, 11.6276006699, 53.8093528748, 25.0657653809, 69.7900085449, 88.3059234619, 21.4352111816, 9.51415252686, 22.7870597839, 10.7280235291, 20.9696788788, 14.4364671707, 20.0186233521, 19.6744918823, 17.1648540497, 34.1730232239, 19.9030265808, 10.086774826, 7.1518702507, 9.61662101746, 6.95252037048, 7.4353313446, 5.76055145264, 5.24927902222, 8.69709873199, 4.00597524643, 3.02455067635, 1.79159772396, 1.11867845058, 0.931882679462, 0.602804899216, 0.305348515511, 0.0645913034678, 0.0107239419594, 0.00205842824653, 0.000140820411616], "dvar": [0.0379422828555, 1.29793560505, 2.23965239525, 1.14203631878, 2.10469317436, 159.028778076, 3086.98339844, 775.030273438, 7190.91943359, 9341.1328125, 520.683105469, 128.997497559, 622.029296875, 239.007598877, 626.96282959, 547.81829834, 1774.28234863, 1400.9185791, 1165.18603516, 4227.07080078, 1705.87634277, 257.559387207, 121.13494873, 366.168212891, 165.389663696, 144.129257202, 114.323898315, 68.3571548462, 267.345336914, 36.7441101074, 20.1419067383, 6.14075040817, 1.91598439217, 2.4429359436, 1.43421804905, 0.604243814945, 0.0120725007728, 0.000245192117291, 7.721619113e-06, 4.21084180857e-08], "dvar2": [0.0923079103231, 3.48323965073, 6.29660511017, 3.25230026245, 5.36025762558, 397.800170898, 8665.61132812, 1942.22473145, 17605.3457031, 25307.8847656, 1231.73999023, 315.704284668, 1379.86767578, 624.296447754, 1651.88952637, 1404.19567871, 4421.6640625, 2700.96386719, 2325.34619141, 9610.23339844, 4487.50732422, 556.641235352, 270.57409668, 802.496704102, 396.611999512, 376.269897461, 299.734313965, 171.993728638, 749.982421875, 96.6913909912, 52.9927062988, 15.0397996902, 4.69752502441, 6.19694137573, 4.0092215538, 1.71406829357, 0.0326997339725, 0.000626896217, 1.99767600861e-05, 1.08303858326e-07], "max": [1.17699992657, 7.62185096741, 9.02867221832, 8.03684616089, 10.3906488419, 143.874755859, 423.795623779, 238.727005005, 974.571411133, 804.049804688, 308.783081055, 121.954627991, 322.458740234, 234.220687866, 300.618469238, 399.937561035, 881.588317871, 810.520385742, 648.221618652, 1420.0567627, 902.215698242, 397.591674805, 271.962188721, 670.634155273, 369.265167236, 105.157722473, 140.750823975, 70.8399963379, 146.030212402, 47.8064460754, 44.3357505798, 20.9241409302, 10.3559503555, 19.6840305328, 22.7959728241, 14.9470930099, 1.19997823238, 0.208173841238, 0.0336832068861, 0.00208789785393], "mean": [0.0483320169151, 0.241986975074, 0.269162774086, 0.217783197761, 0.640977561474, 10.5526170731, 63.3442611694, 35.2413711548, 65.3949203491, 87.4010543823, 29.7454071045, 10.9379472733, 32.6476821899, 14.8391704559, 27.4807262421, 12.1395196915, 14.8748607635, 21.7550296783, 19.171749115, 31.7785301208, 15.2701501846, 10.0324268341, 5.32844829559, 7.27076196671, 4.41717243195, 3.64645385742, 2.92853951454, 2.5160343647, 3.58274102211, 1.98611235619, 1.40976881981, 1.04426765442, 0.6137778759, 0.454750686884, 0.270991355181, 0.139099746943, 0.0292715840042, 0.00503078754991, 0.000949412118644, 8.41118671815e-05], "median": [0.000125247810502, 0.000708773150109, 0.00128142209724, 0.00791489519179, 0.154005408287, 6.29239463806, 57.2586669922, 25.3392524719, 27.1599311829, 49.0546951294, 19.0824623108, 5.66467285156, 20.2256984711, 10.090294838, 15.2373609543, 3.79297733307, 2.02770614624, 3.90577769279, 2.62197971344, 2.03231716156, 1.82244062424, 2.45459127426, 1.20319914818, 1.26573884487, 0.757240891457, 0.49357843399, 0.362272381783, 0.207887202501, 0.25198084116, 0.14333564043, 0.0905959159136, 0.0724875032902, 0.0370849370956, 0.0151479803026, 0.00597221776843, 0.00320630939677, 0.000567295821384, 7.37119335099e-05, 1.9275208615e-05, 2.34685030591e-05], "min": [4.85806394829e-22, 2.24939509316e-21, 1.98059011115e-20, 7.60906772628e-20, 6.33414781909e-20, 1.63311845149e-19, 2.3270431108e-19, 6.80994171969e-19, 6.5381560198e-19, 7.54410535537e-19, 4.54949181808e-19, 8.97521983893e-19, 1.82065409994e-18, 2.3835494728e-18, 3.32555723004e-18, 3.00142567983e-18, 8.53312902465e-18, 7.33401326711e-18, 3.8902448965e-18, 8.1240642235e-18, 7.29371468202e-18, 8.87846534986e-18, 9.94574588855e-18, 1.94398958304e-17, 1.33550013889e-17, 1.58793911823e-17, 1.88171826848e-17, 1.51488451176e-17, 1.98532230933e-17, 3.12203738125e-17, 1.58408644181e-17, 1.44644888183e-17, 1.64748123308e-17, 1.39135153928e-17, 9.01853267016e-18, 6.91067174218e-18, 3.0622511654e-18, 1.09927154209e-18, 3.31721681962e-19, 3.98649453398e-20], "var": [0.0316013507545, 0.909590780735, 1.3614153862, 0.688888370991, 1.74001383781, 157.238204956, 3067.48388672, 904.866271973, 9708.60253906, 10274.1191406, 942.704162598, 205.931472778, 1511.66687012, 285.124664307, 1307.66235352, 594.151916504, 2684.85620117, 3457.49267578, 3095.11352539, 8014.80712891, 1747.98962402, 581.386779785, 192.331207275, 753.762207031, 228.169525146, 115.002166748, 88.7648925781, 57.2169342041, 170.407348633, 29.4580593109, 15.7918453217, 6.15271997452, 1.95702922344, 2.06442975998, 0.931156218052, 0.37313503027, 0.00865410268307, 0.000203681454877, 6.41555197944e-06, 3.43238220069e-08]}, "gfcc": {"mean": [-87.9315109253, 109.469276428, -146.335403442, -27.9173030853, -91.9103622437, -32.8378410339, -53.3555450439, -11.7287387848, -17.1450824738, -0.685559868813, -0.177586078644, 10.5500869751, 7.63647556305], "cov": [[14175.1103516, -3089.65454102, 1105.25964355, 1698.76660156, -576.1953125, 1090.64831543, -667.297302246, 696.210754395, -398.249053955, 547.576416016, -285.681640625, 414.686157227, -521.880432129], [-3089.65454102, 2873.94946289, -360.741210938, -81.8090667725, 457.0625, -574.398193359, 508.84197998, -224.915603638, 340.151611328, -270.387145996, 377.099609375, -40.7461585999, 362.849182129], [1105.25964355, -360.741210938, 1048.36169434, 420.320861816, 276.981048584, 483.495147705, 41.3860321045, 308.326782227, 60.418636322, 220.615264893, -6.98822689056, 98.5931472778, -60.2904968262], [1698.76660156, -81.8090667725, 420.320861816, 822.245727539, 118.47983551, 398.424560547, 177.56211853, 202.529098511, 84.4763946533, 87.9872894287, 102.376167297, 69.8093719482, -39.6838989258], [-576.1953125, 457.0625, 276.981048584, 118.47983551, 585.525817871, 217.457138062, 154.755401611, 77.8884658813, 153.055496216, 107.396453857, 19.2371139526, 18.2600517273, 34.932762146], [1090.64831543, -574.398193359, 483.495147705, 398.424560547, 217.457138062, 708.549072266, 61.1013565063, 222.483016968, 72.7954559326, 212.581375122, -75.2917251587, -3.07994127274, -87.0672988892], [-667.297302246, 508.84197998, 41.3860321045, 177.56211853, 154.755401611, 61.1013565063, 328.247924805, 25.6111698151, 89.6167755127, -29.9280834198, 100.479873657, -37.7218475342, -3.04614567757], [696.210754395, -224.915603638, 308.326782227, 202.529098511, 77.8884658813, 222.483016968, 25.6111698151, 223.48210144, 33.7283744812, 87.9541778564, -6.48942899704, 70.7836532593, -38.3787155151], [-398.249053955, 340.151611328, 60.418636322, 84.4763946533, 153.055496216, 72.7954559326, 89.6167755127, 33.7283744812, 173.465499878, 30.5126228333, 42.1340293884, -12.8975563049, 88.4325256348], [547.576416016, -270.387145996, 220.615264893, 87.9872894287, 107.396453857, 212.581375122, -29.9280834198, 87.9541778564, 30.5126228333, 170.327804565, -27.3180675507, -3.50930023193, -47.2995109558], [-285.681640625, 377.099609375, -6.98822689056, 102.376167297, 19.2371139526, -75.2917251587, 100.479873657, -6.48942899704, 42.1340293884, -27.3180675507, 174.921035767, 11.4927577972, 28.3316955566], [414.686157227, -40.7461585999, 98.5931472778, 69.8093719482, 18.2600517273, -3.07994127274, -37.7218475342, 70.7836532593, -12.8975563049, -3.50930023193, 11.4927577972, 151.831420898, 16.9277496338], [-521.880432129, 362.849182129, -60.2904968262, -39.6838989258, 34.932762146, -87.0672988892, -3.04614567757, -38.3787155151, 88.4325256348, -47.2995109558, 28.3316955566, 16.9277496338, 192.258499146]], "icov": [[0.000207227421924, -0.00010041634232, 7.95175074018e-05, -0.000566696515307, 0.000244451599428, 1.07200467028e-05, 0.000484930496896, -0.000196212262381, 0.000338055280736, -0.000547101546545, 0.000388199900044, -0.000243889444391, 0.000263122608885], [-0.00010041634232, 0.00170407537371, -6.90229207976e-05, 0.000403730518883, -0.00126694561914, 0.001078448724, -0.00163916195743, 0.000632339855656, -0.00145023525693, 0.00135109864641, -0.00174203398637, 0.000256116560195, -0.00137452001218], [7.95175074018e-05, -6.90229207976e-05, 0.00212189625017, -0.00058292481117, -0.000437773036538, -0.000346798595274, 0.000311526848236, -0.00181893107947, 0.000964787381236, -0.00137468171306, -2.28124026762e-05, -0.000289475661702, -0.00029759077006], [-0.000566696515307, 0.000403730518883, -0.00058292481117, 0.00408773357049, -0.000244505878072, -0.00136592122726, -0.00219711335376, 0.000292848009849, -0.00145010475535, 0.00208478677087, -0.00270891329274, -0.000330609502271, -0.000581600994337], [0.000244451599428, -0.00126694561914, -0.000437773036538, -0.000244505878072, 0.00418124394491, -0.00113120931201, -3.02877706417e-05, 0.000525815121364, -0.000697926967405, -0.00287010939792, 0.0019933662843, -0.00179736583959, 0.00117881339975], [1.07200467028e-05, 0.001078448724, -0.000346798595274, -0.00136592122726, -0.00113120931201, 0.00481956312433, -0.00127177336253, -0.00107442808803, -0.00110957259312, -0.00183577765711, 0.00134077272378, 0.00134979991708, -0.000501119357068], [0.000484930496896, -0.00163916195743, 0.000311526848236, -0.00219711335376, -3.02877706417e-05, -0.00127177336253, 0.00867474358529, -0.00186245783698, -0.000235153216636, 0.00170470634475, -0.000355938798748, 0.001680807909, 0.00368134258315], [-0.000196212262381, 0.000632339855656, -0.00181893107947, 0.000292848009849, 0.000525815121364, -0.00107442808803, -0.00186245783698, 0.0114379590377, -0.00331093883142, -0.000564152491279, -0.000146658683661, -0.00454968446866, 0.00124197592959], [0.000338055280736, -0.00145023525693, 0.000964787381236, -0.00145010475535, -0.000697926967405, -0.00110957259312, -0.000235153216636, -0.00331093883142, 0.0154609745368, -0.00467671453953, 0.000541968620382, 0.00209734612145, -0.00590906338766], [-0.000547101546545, 0.00135109864641, -0.00137468171306, 0.00208478677087, -0.00287010939792, -0.00183577765711, 0.00170470634475, -0.000564152491279, -0.00467671453953, 0.016052050516, -0.00341876526363, 0.00280322413892, 0.00192598288413], [0.000388199900044, -0.00174203398637, -2.28124026762e-05, -0.00270891329274, 0.0019933662843, 0.00134077272378, -0.000355938798748, -0.000146658683661, 0.000541968620382, -0.00341876526363, 0.0114679811522, -0.00155063590501, 0.00134148891084], [-0.000243889444391, 0.000256116560195, -0.000289475661702, -0.000330609502271, -0.00179736583959, 0.00134979991708, 0.001680807909, -0.00454968446866, 0.00209734612145, 0.00280322413892, -0.00155063590501, 0.0110564818606, -0.00226818420924], [0.000263122608885, -0.00137452001218, -0.00029759077006, -0.000581600994337, 0.00117881339975, -0.000501119357068, 0.00368134258315, 0.00124197592959, -0.00590906338766, 0.00192598288413, 0.00134148891084, -0.00226818420924, 0.0113552790135]]}, "melbands": {"dmean": [0.000499415094964, 0.000311189185595, 6.46684202366e-05, 0.000150475025293, 0.000971665955149, 0.00039520120481, 0.000738512957469, 0.00054979295237, 0.00010338894208, 3.74743794964e-05, 8.3731036284e-05, 2.78923489532e-05, 5.17391163157e-05, 2.71063981927e-05, 2.89357049041e-05, 1.82965213753e-05, 2.85809546767e-05, 1.84196087503e-05, 2.18997738557e-05, 3.06752153847e-05, 1.25250398924e-05, 7.72869589127e-06, 5.73638908463e-06, 3.50366349267e-06, 5.35229901288e-06, 2.97577275887e-06, 3.31954538524e-06, 2.80341828329e-06, 2.07658331419e-06, 2.02627211365e-06, 1.71161536855e-06, 2.95511335935e-06, 1.96689779841e-06, 1.12999828161e-06, 1.12580733003e-06, 7.27317853944e-07, 6.54621317153e-07, 4.91130265345e-07, 4.50791105777e-07, 5.32235901574e-07], "dmean2": [0.000831414945424, 0.000553958234377, 0.000116483199236, 0.000240558132646, 0.00167897879146, 0.000619709782768, 0.00114060635678, 0.000833113852423, 0.000142253964441, 5.67083661736e-05, 0.000114435002615, 4.21552031185e-05, 7.43909040466e-05, 4.43279677711e-05, 4.79345908388e-05, 2.98792347166e-05, 4.21382610512e-05, 2.70557993645e-05, 3.32339004672e-05, 4.80159797007e-05, 2.03590971068e-05, 1.19778951557e-05, 8.94703407539e-06, 5.72463613935e-06, 8.48778745421e-06, 4.88694968226e-06, 5.61104752705e-06, 4.8766250984e-06, 3.55855695489e-06, 3.34819196723e-06, 2.93603648061e-06, 5.24919505551e-06, 3.45390049006e-06, 1.85612520909e-06, 1.94466906578e-06, 1.20232846257e-06, 1.06188213067e-06, 8.04525086551e-07, 7.67691290093e-07, 8.77187233073e-07], "dvar": [2.40800272877e-06, 1.097744871e-06, 3.65210865994e-08, 7.58755405172e-08, 2.96959797197e-06, 4.73236951848e-07, 1.82637950275e-06, 8.32542241369e-07, 2.15979270024e-08, 4.94158092224e-09, 1.57605768436e-08, 4.17647649797e-09, 7.68077512703e-09, 3.75851705314e-09, 9.85414594368e-09, 3.70174402242e-09, 7.04794800299e-09, 2.78789813457e-09, 3.7015039922e-09, 8.51305692606e-09, 1.77772885301e-09, 3.74591635488e-10, 4.18421686188e-10, 6.97219573742e-11, 3.18947840361e-10, 1.11952752624e-10, 9.63253296571e-11, 6.09743575075e-11, 4.36432799622e-11, 3.63846001938e-11, 2.10963139319e-11, 9.46815126301e-11, 3.79918804749e-11, 7.39073212352e-12, 8.56456485593e-12, 3.48839663752e-12, 2.19509913718e-12, 1.06479831462e-12, 1.26989824906e-12, 3.82828577866e-12], "dvar2": [5.81392077947e-06, 3.03301567328e-06, 1.02488627363e-07, 1.7820363496e-07, 8.25202823762e-06, 1.17766387575e-06, 4.51035657534e-06, 2.21337745643e-06, 5.15074844998e-08, 1.22264314228e-08, 3.50909452607e-08, 1.08928199793e-08, 1.90682989398e-08, 9.90432091896e-09, 2.5341138965e-08, 9.38915167836e-09, 1.34490596437e-08, 5.69973490627e-09, 8.56377635472e-09, 1.9822277153e-08, 4.67044003472e-09, 8.05420674599e-10, 8.69547711613e-10, 1.61152174938e-10, 6.99405644511e-10, 2.63152916125e-10, 2.45762771245e-10, 1.62721822128e-10, 1.18196535892e-10, 8.91394180691e-11, 5.44506592592e-11, 2.65244798348e-10, 1.04948306989e-10, 1.90363246e-11, 2.27764439253e-11, 8.85133633055e-12, 5.51308564772e-12, 2.58892365011e-12, 3.41219890884e-12, 9.64582753948e-12], "max": [0.0101735824719, 0.00636556372046, 0.00143127446063, 0.00368923065253, 0.0129839060828, 0.00559688964859, 0.0145474094898, 0.0080827884376, 0.00197750236839, 0.000698601768818, 0.00162135879509, 0.000954912160523, 0.00099291477818, 0.000662011734676, 0.00244267168455, 0.001086470671, 0.00179976620711, 0.000940686790273, 0.00133764813654, 0.00176008814014, 0.000759786984418, 0.000261668261373, 0.000797369109932, 0.000130342799821, 0.000648551911581, 0.000330851325998, 9.48546294239e-05, 7.35060311854e-05, 9.10294111236e-05, 7.34358109185e-05, 3.45401895174e-05, 8.88078720891e-05, 4.71380008094e-05, 2.2984448151e-05, 3.37379424309e-05, 1.94380772882e-05, 1.26715713122e-05, 7.94350125943e-06, 1.75309905899e-05, 2.40196022787e-05], "mean": [0.000393247522879, 0.000205023912713, 4.35803485743e-05, 0.000204671043321, 0.00185904989485, 0.000926451350097, 0.00102201255504, 0.000884300796315, 0.000187669094885, 5.86287169426e-05, 0.000161702104378, 5.16485561093e-05, 0.000106870895252, 3.32821182383e-05, 3.48471039615e-05, 2.09669615288e-05, 4.61607523903e-05, 2.86632421194e-05, 3.19164573739e-05, 4.07491752412e-05, 1.51281701619e-05, 1.18166935863e-05, 7.23448147255e-06, 3.83611177313e-06, 6.29984015177e-06, 3.04870991386e-06, 2.91345440928e-06, 2.27731129598e-06, 1.77200945473e-06, 1.700937446e-06, 1.36717108035e-06, 2.16497664951e-06, 1.48017966239e-06, 9.66463176155e-07, 8.55899997987e-07, 6.34109596831e-07, 6.2262671463e-07, 4.40176989969e-07, 3.72655875935e-07, 4.21752872626e-07], "median": [1.06527068056e-06, 6.60953730858e-07, 7.83935774962e-07, 5.79302432016e-05, 0.0015680284705, 0.000690831220709, 0.000418249488575, 0.000519458903, 0.000119286130939, 2.67644954874e-05, 9.88183310255e-05, 3.25071014231e-05, 6.16264587734e-05, 9.65697472566e-06, 5.85185171076e-06, 2.44547663897e-06, 7.18943601896e-06, 3.23872131958e-06, 2.25797793973e-06, 1.5436863805e-06, 1.63782851814e-06, 2.49557569987e-06, 1.09713869278e-06, 7.84594078596e-07, 9.9997862435e-07, 4.59274303921e-07, 3.8731030827e-07, 2.73421221664e-07, 2.12020850654e-07, 1.59384455856e-07, 1.00502433042e-07, 1.56877106861e-07, 8.66019860268e-08, 6.38416750576e-08, 4.24754986739e-08, 3.99889188429e-08, 3.82850373626e-08, 2.16659472585e-08, 1.47963330477e-08, 7.53951034937e-09], "min": [6.27434641578e-24, 8.42671158604e-24, 1.27205524906e-23, 7.62107082051e-24, 8.89701941369e-24, 1.42150052994e-23, 8.9098604915e-24, 8.13463583589e-24, 2.92592789317e-24, 6.83816897057e-24, 8.74379343804e-24, 8.75044353547e-24, 1.32892502058e-23, 8.27009193078e-24, 7.20281519084e-24, 2.40340169401e-23, 1.17954261192e-23, 5.67689590389e-24, 7.60713480376e-24, 1.35546451024e-23, 7.1516946376e-24, 1.06816775834e-23, 4.77478809927e-24, 1.26716155044e-23, 1.59426122595e-23, 1.42976858109e-23, 7.50403620547e-24, 1.01877378496e-23, 1.29512635398e-23, 9.04485668049e-24, 8.94507050914e-24, 8.20084808711e-24, 2.03027600787e-23, 1.53066815071e-23, 9.80639538826e-24, 6.3828751381e-24, 9.80727102386e-24, 1.0841051152e-23, 1.28967919055e-23, 1.12565031701e-23], "var": [2.03803938348e-06, 7.09986238689e-07, 2.31502674808e-08, 9.99528708689e-08, 2.674121788e-06, 5.64863512409e-07, 2.36560731537e-06, 1.02937065094e-06, 3.95425985289e-08, 7.11288272726e-09, 3.78894533526e-08, 4.40898162424e-09, 1.82312795971e-08, 4.01812494388e-09, 1.27507542302e-08, 4.97127361498e-09, 1.77382979416e-08, 7.06166991549e-09, 6.90707668838e-09, 1.43079805781e-08, 1.9277670571e-09, 8.25059909282e-10, 9.67727564749e-10, 9.78266287421e-11, 6.57958909578e-10, 1.56988158584e-10, 8.16328810105e-11, 4.7028402006e-11, 3.21878149134e-11, 3.14885652275e-11, 1.69259901234e-11, 6.06869207664e-11, 2.55770092605e-11, 6.31950264687e-12, 6.43202244938e-12, 3.00776482713e-12, 2.17256139294e-12, 1.09886318794e-12, 1.01499559625e-12, 3.17036999951e-12]}, "mfcc": {"mean": [-729.26940918, 145.82585144, -21.1286849976, -14.4492874146, -34.8947372437, -35.4241447449, -36.0553970337, -21.7617835999, -20.4716796875, -15.3610935211, -12.5593652725, -3.65780210495, 3.37217903137], "cov": [[9593.54394531, -1968.49316406, 759.508544922, 620.502319336, 351.275115967, 971.83972168, 295.529724121, 269.566680908, 61.3866653442, 181.518203735, 169.688873291, 232.220001221, -35.3654518127], [-1968.49316406, 1895.13476562, -150.064529419, 96.7140884399, 102.154785156, -183.377578735, -10.0397129059, 35.0452079773, 72.6851654053, -30.4008865356, -10.9186248779, 45.1577644348, 178.334274292], [759.508544922, -150.064529419, 759.340270996, 317.687103271, 322.543182373, 317.906066895, 242.260498047, 214.571166992, 163.725112915, 186.043029785, 145.795211792, 92.2975082397, 64.9157867432], [620.502319336, 96.7140884399, 317.687103271, 484.024200439, 228.43649292, 298.3828125, 225.311813354, 231.978713989, 102.918136597, 144.647201538, 120.289894104, 126.098617554, 76.9742279053], [351.275115967, 102.154785156, 322.543182373, 228.43649292, 487.292877197, 359.762145996, 205.196258545, 158.037765503, 211.797363281, 140.261611938, 138.784378052, 68.993019104, 126.054168701], [971.83972168, -183.377578735, 317.906066895, 298.3828125, 359.762145996, 546.166564941, 273.327087402, 214.001663208, 211.478607178, 187.803268433, 165.135345459, 102.016799927, 62.9676628113], [295.529724121, -10.0397129059, 242.260498047, 225.311813354, 205.196258545, 273.327087402, 276.795379639, 178.580657959, 98.9826126099, 143.51789856, 147.030944824, 92.5032196045, -6.52679443359], [269.566680908, 35.0452079773, 214.571166992, 231.978713989, 158.037765503, 214.001663208, 178.580657959, 257.497406006, 107.520011902, 84.4273986816, 78.8999252319, 127.798431396, 42.4789657593], [61.3866653442, 72.6851654053, 163.725112915, 102.918136597, 211.797363281, 211.478607178, 98.9826126099, 107.520011902, 242.237503052, 119.059791565, 49.4820899963, 7.39642953873, 108.795074463], [181.518203735, -30.4008865356, 186.043029785, 144.647201538, 140.261611938, 187.803268433, 143.51789856, 84.4273986816, 119.059791565, 228.10736084, 109.186218262, -11.4718446732, 2.51960253716], [169.688873291, -10.9186248779, 145.795211792, 120.289894104, 138.784378052, 165.135345459, 147.030944824, 78.8999252319, 49.4820899963, 109.186218262, 190.25428772, 43.7620124817, -32.6581115723], [232.220001221, 45.1577644348, 92.2975082397, 126.098617554, 68.993019104, 102.016799927, 92.5032196045, 127.798431396, 7.39642953873, -11.4718446732, 43.7620124817, 214.710708618, 23.1691932678], [-35.3654518127, 178.334274292, 64.9157867432, 76.9742279053, 126.054168701, 62.9676628113, -6.52679443359, 42.4789657593, 108.795074463, 2.51960253716, -32.6581115723, 23.1691932678, 219.160720825]], "icov": [[0.000179958253284, 0.000143564713653, -8.26235918794e-05, -0.000186526274774, 4.52079621027e-05, -0.000401194381993, 0.000244727911195, 9.63717611739e-05, 0.000175498222234, 4.84741467517e-05, 6.27855479252e-05, -8.38653722894e-05, 1.06236957436e-05], [0.000143564713653, 0.000881711021066, 0.000318017962854, -0.000573866418563, -0.000424064492108, 0.000746038509533, -0.000176431014552, 0.000104161743366, -0.000333301897626, 7.69043690525e-05, -0.000175528461114, -0.000248090625973, -0.000418174749939], [-8.26235918794e-05, 0.000318017962854, 0.00250958069228, -0.000715374422725, -0.00111520430073, 0.000894460477866, -0.000642251572572, -0.000541304529179, -0.000343347375747, -0.000689024222083, -0.000137957700645, -8.7099360826e-05, -0.000126948420075], [-0.000186526274774, -0.000573866418563, -0.000715374422725, 0.00558715360239, 0.000180325994734, -0.00124762707856, -0.000867369526532, -0.0027968888171, 0.00245324103162, -0.00162282760721, -6.48512796033e-05, -4.76340537716e-05, -0.00174635800067], [4.52079621027e-05, -0.000424064492108, -0.00111520430073, 0.000180325994734, 0.00617339788005, -0.00266303308308, -0.000934249837883, 0.000914362608455, -0.00165808782913, 0.00106923119165, -0.00172132602893, 0.00021728068532, -0.0018399747787], [-0.000401194381993, 0.000746038509533, 0.000894460477866, -0.00124762707856, -0.00266303308308, 0.00815595593303, -0.00326541531831, -0.000110678869532, -0.00330887828022, -0.000459700619103, -0.000737277325243, -0.000706308637746, 0.000226710588322], [0.000244727911195, -0.000176431014552, -0.000642251572572, -0.000867369526532, -0.000934249837883, -0.00326541531831, 0.0139358323067, -0.00397592177615, 0.00136812310666, -0.00249740877189, -0.00307614682242, -0.00103384314571, 0.00233959150501], [9.63717611739e-05, 0.000104161743366, -0.000541304529179, -0.0027968888171, 0.000914362608455, -0.000110678869532, -0.00397592177615, 0.0116804195568, -0.00362403644249, 0.00103151437361, 0.00108776637353, -0.00383272091858, 0.00055142986821], [0.000175498222234, -0.000333301897626, -0.000343347375747, 0.00245324103162, -0.00165808782913, -0.00330887828022, 0.00136812310666, -0.00362403644249, 0.0121516082436, -0.0039758910425, 0.00111059006304, 0.00181516329758, -0.00382582005113], [4.84741467517e-05, 7.69043690525e-05, -0.000689024222083, -0.00162282760721, 0.00106923119165, -0.000459700619103, -0.00249740877189, 0.00103151437361, -0.0039758910425, 0.0103268297389, -0.00266381283291, 0.00262585841119, 0.00114251917694], [6.27855479252e-05, -0.000175528461114, -0.000137957700645, -6.48512796033e-05, -0.00172132602893, -0.000737277325243, -0.00307614682242, 0.00108776637353, 0.00111059006304, -0.00266381283291, 0.0110403271392, -0.00103674572892, 0.00235011498444], [-8.38653722894e-05, -0.000248090625973, -8.7099360826e-05, -4.76340537716e-05, 0.00021728068532, -0.000706308637746, -0.00103384314571, -0.00383272091858, 0.00181516329758, 0.00262585841119, -0.00103674572892, 0.00824836175889, -0.000936834549066], [1.06236957436e-05, -0.000418174749939, -0.000126948420075, -0.00174635800067, -0.0018399747787, 0.000226710588322, 0.00233959150501, 0.00055142986821, -0.00382582005113, 0.00114251917694, 0.00235011498444, -0.000936834549066, 0.00884707272053]]}, "spectral_contrast_coeffs": {"dmean": [0.0712431892753, 0.0449583306909, 0.0477393865585, 0.0405788831413, 0.0302014052868, 0.0271739624441], "dmean2": [0.114417731762, 0.0701220855117, 0.071801379323, 0.0628117620945, 0.0470696799457, 0.0439261831343], "dvar": [0.00504392199218, 0.00222286325879, 0.00224167737179, 0.00168128474616, 0.00101276813075, 0.00069580192212], "dvar2": [0.010968843475, 0.00528834154829, 0.00427594268695, 0.00342995114625, 0.00196022540331, 0.00182409724221], "max": [-0.221601903439, -0.397226810455, -0.490773886442, -0.475632607937, -0.572747349739, -0.611439228058], "mean": [-0.480246752501, -0.604091584682, -0.678811371326, -0.736196577549, -0.764670610428, -0.767997980118], "median": [-0.458236753941, -0.589124917984, -0.672301828861, -0.746448397636, -0.773919343948, -0.765532612801], "min": [-0.983906030655, -0.958502233028, -0.962484240532, -0.962259590626, -0.957902371883, -0.961669802666], "var": [0.0158693604171, 0.00522443093359, 0.00659500621259, 0.00599460722879, 0.00375340832397, 0.00153580575716]}, "spectral_contrast_valleys": {"dmean": [0.81274574995, 0.473863393068, 0.557306349277, 0.625379025936, 0.660377502441, 0.88172775507], "dmean2": [1.19666278362, 0.633274435997, 0.798826992512, 0.882201433182, 0.867518782616, 1.08734357357], "dvar": [0.815664887428, 0.263503402472, 0.397398769855, 0.50270730257, 0.551221966743, 0.727766990662], "dvar2": [1.52406358719, 0.459164172411, 0.68262475729, 0.939202725887, 1.03851568699, 1.51553785801], "max": [-5.49234485626, -4.80381441116, -5.17815446854, -5.484284