{"lowlevel": {"average_loudness": 0.738524198532, "barkbands_crest": {"dmean": 1.90411055088, "dmean2": 3.27071237564, "dvar": 3.57562088966, "dvar2": 10.9435214996, "max": 25.4018707275, "mean": 13.9102430344, "median": 13.6263504028, "min": 4.48956203461, "var": 15.2937269211}, "barkbands_flatness_db": {"dmean": 0.0166454333812, "dmean2": 0.0284421686083, "dvar": 0.000303910055663, "dvar2": 0.000847748713568, "max": 0.560091197491, "mean": 0.428108721972, "median": 0.435986220837, "min": 0.0441223010421, "var": 0.00515600480139}, "barkbands_kurtosis": {"dmean": 1.98891723156, "dmean2": 3.28539800644, "dvar": 22.8598518372, "dvar2": 52.8704414368, "max": 226.793060303, "mean": 5.55918121338, "median": 1.86168384552, "min": -1.81710469723, "var": 172.282180786}, "barkbands_skewness": {"dmean": 0.335011094809, "dmean2": 0.570656597614, "dvar": 0.142429485917, "dvar2": 0.398510247469, "max": 10.2480840683, "mean": 0.768142163754, "median": 0.552358388901, "min": -2.45663762093, "var": 1.83727610111}, "barkbands_spread": {"dmean": 0.727399647236, "dmean2": 1.22575354576, "dvar": 7.04174947739, "dvar2": 19.8979606628, "max": 104.679626465, "mean": 4.14890003204, "median": 2.70276212692, "min": 0.458222955465, "var": 75.7501220703}, "dissonance": {"dmean": 0.0516990274191, "dmean2": 0.0918945893645, "dvar": 0.00341881159693, "dvar2": 0.00931446440518, "max": 0.5, "mean": 0.332763135433, "median": 0.347718477249, "min": 0.0824109241366, "var": 0.00875453557819}, "dynamic_complexity": 5.56471729279, "erbbands_crest": {"dmean": 1.71306526661, "dmean2": 2.84079480171, "dvar": 2.71934127808, "dvar2": 6.85925960541, "max": 29.5541477203, "mean": 16.4248828888, "median": 16.7445640564, "min": 2.53582811356, "var": 24.1939849854}, "erbbands_flatness_db": {"dmean": 0.0125892926008, "dmean2": 0.0212983246893, "dvar": 0.000188963938854, "dvar2": 0.000488968216814, "max": 0.533580183983, "mean": 0.401871204376, "median": 0.418978095055, "min": 0.0457775481045, "var": 0.00568834180012}, "erbbands_kurtosis": {"dmean": 1.32819330692, "dmean2": 2.2133333683, "dvar": 4.21762609482, "dvar2": 11.2869100571, "max": 47.5597839355, "mean": 3.56112575531, "median": 2.01866483688, "min": -1.64687144756, "var": 19.0500125885}, "erbbands_skewness": {"dmean": 0.251382887363, "dmean2": 0.420133262873, "dvar": 0.071854583919, "dvar2": 0.200326263905, "max": 5.89477825165, "mean": 0.575465261936, "median": 0.551719725132, "min": -2.13629555702, "var": 0.747445940971}, "erbbands_spread": {"dmean": 1.18344891071, "dmean2": 1.94100701809, "dvar": 8.60121822357, "dvar2": 19.6715335846, "max": 140.076950073, "mean": 8.67822742462, "median": 5.94293212891, "min": 0.898465752602, "var": 199.822250366}, "hfc": {"dmean": 1.62727510929, "dmean2": 2.45517754555, "dvar": 6.60155725479, "dvar2": 14.0150518417, "max": 53.0056381226, "mean": 8.52582454681, "median": 6.61723804474, "min": 1.18115713705e-16, "var": 57.2088279724}, "melbands_crest": {"dmean": 2.137185812, "dmean2": 3.65029644966, "dvar": 5.25340938568, "dvar2": 16.5990657806, "max": 29.6426639557, "mean": 16.1924324036, "median": 15.520778656, "min": 1.69940805435, "var": 24.2636833191}, "melbands_flatness_db": {"dmean": 0.0178719460964, "dmean2": 0.0305806975812, "dvar": 0.000362879625754, "dvar2": 0.000953297072556, "max": 0.722845494747, "mean": 0.560711860657, "median": 0.572919011116, "min": 0.00592941371724, "var": 0.00920447707176}, "melbands_kurtosis": {"dmean": 2.63646531105, "dmean2": 4.395008564, "dvar": 104.828170776, "dvar2": 322.957794189, "max": 350.464447021, "mean": 7.18641042709, "median": 1.70544886589, "min": -1.59241044521, "var": 571.240844727}, "melbands_skewness": {"dmean": 0.357010066509, "dmean2": 0.607327163219, "dvar": 0.197156116366, "dvar2": 0.576046526432, "max": 14.8656177521, "mean": 1.16361165047, "median": 0.797806024551, "min": -2.12827563286, "var": 2.9423687458}, "melbands_spread": {"dmean": 1.06311428547, "dmean2": 1.7898825407, "dvar": 21.9125537872, "dvar2": 56.0275688171, "max": 150.640350342, "mean": 6.52157974243, "median": 4.18639087677, "min": 0.485579431057, "var": 245.617614746}, "pitch_salience": {"dmean": 0.0484847202897, "dmean2": 0.0829636603594, "dvar": 0.00238698162138, "dvar2": 0.00709168193862, "max": 0.81720751524, "mean": 0.452088475227, "median": 0.453129082918, "min": 0.152909949422, "var": 0.00944970268756}, "silence_rate_20dB": {"dmean": 0, "dmean2": 0, "dvar": 0, "dvar2": 0, "max": 1, "mean": 1, "median": 1, "min": 1, "var": 0}, "silence_rate_30dB": {"dmean": 0.00301962764934, "dmean2": 0.00604229606688, "dvar": 0.00301046599634, "dvar2": 0.00701267970726, "max": 1, "mean": 0.992957770824, "median": 1, "min": 0, "var": 0.00699265813455}, "silence_rate_60dB": {"dmean": 0.00603925529867, "dmean2": 0.0120845921338, "dvar": 0.00600267248228, "dvar2": 0.014959776774, "max": 1, "mean": 0.125754520297, "median": 0, "min": 0, "var": 0.109941512346}, "spectral_centroid": {"dmean": 33.2467193604, "dmean2": 53.6198005676, "dvar": 32365.296875, "dvar2": 42833.0820312, "max": 10768.4863281, "mean": 427.624786377, "median": 368.165863037, "min": 144.417114258, "var": 284683.65625}, "spectral_complexity": {"dmean": 0.87468546629, "dmean2": 1.50151062012, "dvar": 0.891691982746, "dvar2": 1.88846695423, "max": 16, "mean": 7.10311889648, "median": 8, "min": 0, "var": 9.14381599426}, "spectral_decrease": {"dmean": 1.2904111113e-09, "dmean2": 1.99787719701e-09, "dvar": 3.06722769076e-18, "dvar2": 6.8958102017e-18, "max": 2.00194068169e-29, "mean": -6.84528744799e-09, "median": -5.61258151066e-09, "min": -4.13284659828e-08, "var": 3.27320364558e-17}, "spectral_energy": {"dmean": 0.00501089263707, "dmean2": 0.00774967158213, "dvar": 4.65546436317e-05, "dvar2": 0.000104533573904, "max": 0.157574087381, "mean": 0.026608934626, "median": 0.0218915119767, "min": 1.06378835663e-20, "var": 0.000492178485729}, "spectral_energyband_high": {"dmean": 1.07302104979e-08, "dmean2": 1.81938695221e-08, "dvar": 2.42256716871e-16, "dvar2": 7.50370659044e-16, "max": 3.03749999375e-07, "mean": 7.54672271341e-08, "median": 6.72318662964e-08, "min": 7.53923591113e-21, "var": 5.32218011693e-16}, "spectral_energyband_low": {"dmean": 0.00130033586174, "dmean2": 0.00186426588334, "dvar": 7.78188586992e-06, "dvar2": 1.37860060931e-05, "max": 0.146969407797, "mean": 0.00685162423179, "median": 0.0020952783525, "min": 1.12825688699e-22, "var": 0.000172039188328}, "spectral_energyband_middle_high": {"dmean": 7.45377910789e-05, "dmean2": 9.13817275432e-05, "dvar": 4.64404834588e-08, "dvar2": 7.80350504215e-08, "max": 0.00614572362974, "mean": 0.000433361448813, "median": 0.000228493794566, "min": 1.63202946903e-21, "var": 3.15211593716e-07}, "spectral_energyband_middle_low": {"dmean": 0.00442517828196, "dmean2": 0.00711678527296, "dvar": 4.12166118622e-05, "dvar2": 9.83471472864e-05, "max": 0.104896321893, "mean": 0.0202787574381, "median": 0.0167729854584, "min": 3.51208725748e-22, "var": 0.000286696420517}, "spectral_entropy": {"dmean": 0.122610196471, "dmean2": 0.206689625978, "dvar": 0.0210591461509, "dvar2": 0.0528578869998, "max": 9.79800128937, "mean": 5.07295560837, "median": 4.95408821106, "min": 4.17853450775, "var": 0.484045892954}, "spectral_flux": {"dmean": 0.0136438524351, "dmean2": 0.0217788163573, "dvar": 0.000338176381774, "dvar2": 0.000800314417575, "max": 0.198906227946, "mean": 0.0385267920792, "median": 0.0309631824493, "min": 1.03140114505e-10, "var": 0.000826955074444}, "spectral_kurtosis": {"dmean": 40.6477394104, "dmean2": 72.035484314, "dvar": 1483.98046875, "dvar2": 4453.99951172, "max": 408.348449707, "mean": 201.224227905, "median": 213.218719482, "min": -1.18151164055, "var": 6222.56835938}, "spectral_rms": {"dmean": 0.000468230020488, "dmean2": 0.000736674759537, "dvar": 2.98709039726e-07, "dvar2": 6.87428496349e-07, "max": 0.0123988231644, "mean": 0.00456903874874, "median": 0.00462142471224, "min": 3.22155605144e-12, "var": 5.08385073772e-06}, "spectral_rolloff": {"dmean": 51.6815719604, "dmean2": 87.9864730835, "dvar": 185471.75, "dvar2": 365721.75, "max": 19207.6171875, "mean": 786.519836426, "median": 473.73046875, "min": 107.666015625, "var": 5612798}, "spectral_skewness": {"dmean": 1.21675539017, "dmean2": 2.14781832695, "dvar": 1.31877160072, "dvar2": 3.69766807556, "max": 16.7514514923, "mean": 11.3102798462, "median": 12.0323543549, "min": 0.0191838294268, "var": 8.91285991669}, "spectral_spread": {"dmean": 315098.375, "dmean2": 536671.5, "dvar": 710033342464, "dvar2": 1057302446080.0, "max": 41051480, "mean": 1141680.625, "median": 666650.25, "min": 238017.515625, "var": 4161032683520.0}, "spectral_strongpeak": {"dmean": 0.271533727646, "dmean2": 0.466673851013, "dvar": 0.211844414473, "dvar2": 0.511117339134, "max": 4.94278764725, "mean": 1.22469699383, "median": 0.914299249649, "min": 3.89848064941e-09, "var": 1.04576516151}, "zerocrossingrate": {"dmean": 0.0021003219299, "dmean2": 0.0027797119692, "dvar": 0.000107319829112, "dvar2": 0.000139616240631, "max": 0.490234375, "mean": 0.0260707307607, "median": 0.0166015625, "min": 0.00341796875, "var": 0.00390768330544}, "barkbands": {"dmean": [5.76028185151e-07, 0.000528990291059, 0.000761636823881, 0.00071963359369, 0.00250318972394, 0.000361463695299, 0.00203142780811, 0.00059576757485, 5.11816760991e-05, 5.14393177582e-05, 1.97315584956e-05, 2.28632397921e-05, 1.43665693031e-05, 5.1849697229e-06, 2.50257107837e-06, 2.67921194563e-07, 6.1397166462e-08, 1.96215346193e-08, 1.38840139385e-08, 5.44674882974e-09, 2.66450150832e-09, 1.90400717415e-09, 1.72851633007e-09, 1.80398029848e-09, 1.97536542679e-09, 2.335835525e-09, 2.66580046926e-09], "dmean2": [9.9059434433e-07, 0.000742523872759, 0.00110959250014, 0.00122583156917, 0.00425209105015, 0.000549432297703, 0.00334911164828, 0.000764241733123, 7.87851313362e-05, 6.88077707309e-05, 2.24515642913e-05, 3.06393740175e-05, 2.10740654438e-05, 5.8944428929e-06, 3.55593374479e-06, 2.84418689489e-07, 8.86594690996e-08, 2.77358900291e-08, 1.96281018106e-08, 8.98772878344e-09, 4.30073177071e-09, 3.32047855878e-09, 3.01767877353e-09, 3.13280823505e-09, 3.41376060753e-09, 4.05494571254e-09, 4.58162707773e-09], "dvar": [5.5840401747e-13, 2.12079453377e-06, 3.48808475792e-06, 1.92483139472e-06, 1.45233261719e-05, 1.43383147133e-06, 1.54950339493e-05, 4.59539432995e-06, 2.14464108694e-08, 4.33723599258e-08, 3.13980597078e-09, 4.14222656175e-09, 2.19083018393e-09, 1.97609692498e-10, 1.18028337104e-10, 5.1424932021e-12, 8.14786064139e-14, 1.56643391123e-15, 3.15304457077e-15, 4.86935100938e-16, 1.22545004496e-17, 5.42998411771e-18, 3.56781857912e-18, 3.51574631879e-18, 3.57149581053e-18, 4.67610535591e-18, 5.75820855759e-18], "dvar2": [1.5045990712e-12, 2.95978202303e-06, 7.80662958277e-06, 5.79399738854e-06, 4.09740641771e-05, 2.89931927e-06, 4.08621963288e-05, 6.79446884533e-06, 5.23667438301e-08, 7.84600047155e-08, 4.73722838734e-09, 6.2491825048e-09, 4.76412465034e-09, 2.30271690604e-10, 1.92294805079e-10, 6.08370472055e-12, 1.31060838723e-13, 2.86947022201e-15, 4.30172077362e-15, 1.27997361533e-15, 2.86730082505e-17, 1.72387334788e-17, 1.15494580176e-17, 1.13057251142e-17, 1.16234451875e-17, 1.45618876811e-17, 1.80751404639e-17], "max": [9.61119894782e-06, 0.0970465689898, 0.0438301563263, 0.0353046618402, 0.0454662367702, 0.0404030159116, 0.080339409411, 0.0469955019653, 0.00254018139094, 0.00544020161033, 0.00169275724329, 0.00143744295929, 0.00100993213709, 0.000615455966908, 0.000471948471386, 0.000100596822449, 9.89592535916e-06, 5.88144700941e-07, 2.83917825072e-06, 7.60971715863e-07, 5.7647550733e-08, 4.12148679629e-08, 3.41042891705e-08, 3.40348051964e-08, 3.64866785674e-08, 4.02758359996e-08, 4.46361170248e-08], "mean": [6.90551985372e-07, 0.00339724938385, 0.00260357814841, 0.00234132888727, 0.00593828130513, 0.00127248233184, 0.00725276209414, 0.00309678073972, 0.000167114412761, 0.000264463626081, 9.0881199867e-05, 0.000101859979623, 4.02372679673e-05, 3.20761209878e-05, 7.66220000514e-06, 1.25852011479e-06, 1.46421896829e-07, 5.06333499573e-08, 3.60697107737e-08, 1.36723850019e-08, 7.77767450444e-09, 5.41366329543e-09, 5.79413317325e-09, 7.30614280187e-09, 1.01921244777e-08, 1.41281581989e-08, 1.80884782708e-08], "median": [4.14341371879e-07, 0.000298153085168, 0.000783246417996, 0.000696125498507, 0.00352055346593, 0.000384978135116, 0.00258905440569, 0.000347294844687, 7.98220862634e-05, 6.0677586589e-05, 4.58638751297e-05, 3.80795099773e-05, 1.76516587089e-05, 3.81310292141e-06, 6.54846644466e-07, 1.71205783772e-07, 3.54959155402e-08, 1.97747063169e-08, 1.04460564643e-08, 5.45069855917e-09, 5.09013542427e-09, 4.83254769534e-09, 5.37773470199e-09, 6.99806257387e-09, 9.91066251288e-09, 1.3848433511e-08, 1.79001116152e-08], "min": [1.2935846634e-24, 7.09584170779e-23, 2.22652109303e-23, 2.7776284722e-23, 3.05719162623e-23, 1.9370869225e-23, 4.4439926893e-23, 1.31028496314e-22, 7.43586789475e-23, 1.19168231351e-22, 7.41828260745e-23, 1.53220895383e-22, 1.56366456155e-22, 9.61130898199e-23, 1.08350323011e-22, 2.12910907747e-22, 1.9092849714e-22, 1.46368799073e-22, 2.57306308175e-22, 2.45858182013e-22, 4.39262743141e-22, 3.75157962229e-22, 6.36125519015e-22, 6.32997035505e-22, 1.55771811542e-21, 1.67967727355e-21, 2.24263244737e-21], "var": [8.23260622e-13, 8.06758034742e-05, 2.20101610466e-05, 1.79807830136e-05, 4.67446370749e-05, 1.11042136268e-05, 0.000109333006549, 3.56540622306e-05, 5.96914517814e-08, 2.60391061602e-07, 1.83672135279e-08, 3.73761679384e-08, 6.65710464531e-09, 4.68770844364e-09, 5.74616243476e-10, 5.70802467792e-11, 3.89896665301e-13, 5.89380136018e-15, 1.90229691672e-14, 7.11619484043e-16, 5.19045014855e-17, 6.16097727351e-18, 4.04021811823e-18, 4.05564338229e-18, 4.52909799027e-18, 5.8308594172e-18, 7.66928859453e-18]}, "erbbands": {"dmean": [0.00560886086896, 0.15319442749, 0.752375245094, 1.54736435413, 4.01143169403, 11.2664937973, 6.61435508728, 3.60138320923, 19.6582641602, 29.2150878906, 6.94199609756, 1.68213379383, 1.913849473, 0.7323782444, 0.815538525581, 1.05619120598, 0.665827512741, 0.35081166029, 0.139924794436, 0.0492657236755, 0.0110473530367, 0.00318734208122, 0.000986543251202, 0.00111286900938, 0.000519480498042, 0.000260230212007, 0.000133813344291, 9.29693269427e-05, 7.15782298357e-05, 5.83042710787e-05, 4.94504747621e-05, 4.05078280892e-05, 3.20161234413e-05, 2.38735174207e-05, 1.70151433849e-05, 1.07419482447e-05, 5.55320184503e-06, 1.97413214664e-06, 2.40261715589e-06, 5.53483505428e-06], "dmean2": [0.00845317635685, 0.2112493366, 1.06627297401, 2.50872349739, 7.01333045959, 19.3127098083, 10.5247306824, 5.29327201843, 33.5841255188, 43.252696991, 9.75817871094, 2.44912958145, 2.53382825851, 0.925903916359, 0.973626852036, 1.38798677921, 0.979592144489, 0.408838689327, 0.19480933249, 0.0647918432951, 0.0119459461421, 0.00423428649083, 0.00150063179899, 0.00145276775584, 0.000805553048849, 0.000415724702179, 0.000210613463423, 0.000154547102284, 0.000124768237583, 0.000101257326605, 8.57944833115e-05, 7.02317192918e-05, 5.54440630367e-05, 4.11026412621e-05, 2.91131782433e-05, 1.84288182936e-05, 9.48280649027e-06, 3.38194990945e-06, 3.72687304662e-06, 8.54963673191e-06], "dvar": [0.000232969032368, 0.169180989265, 2.8579249382, 8.34217166901, 53.7938423157, 358.266265869, 168.385253906, 173.997833252, 1566.08056641, 3097.06030273, 441.568908691, 20.2754859924, 65.6386260986, 2.10680294037, 7.62857198715, 10.5269069672, 4.35774517059, 0.896927237511, 0.229292526841, 0.066058345139, 0.00707267504185, 0.000411636719946, 5.28626515006e-06, 1.60558720381e-05, 4.50960760645e-06, 4.85139764805e-07, 3.37392691563e-08, 1.47748249191e-08, 7.41774375257e-09, 4.62243621158e-09, 2.82046186406e-09, 1.73826264493e-09, 9.80291847696e-10, 4.84110695975e-10, 2.32926233856e-10, 9.42965219797e-11, 2.26046768109e-11, 2.79743372564e-12, 9.86994080215e-12, 5.71714897646e-11], "dvar2": [0.000354619580321, 0.231659725308, 5.23334503174, 23.5523471832, 175.529708862, 1022.81140137, 421.186126709, 320.680023193, 4839.30126953, 5793.30859375, 714.250366211, 47.7466239929, 118.808311462, 3.94953393936, 11.9169073105, 15.6208772659, 9.72941875458, 1.33893358707, 0.396172404289, 0.0957623049617, 0.00828727614135, 0.000606068933848, 1.19130281746e-05, 2.46945091931e-05, 1.06544694063e-05, 1.22703227134e-06, 7.07700920088e-08, 3.78800955048e-08, 2.3248754033e-08, 1.46476439866e-08, 9.02162167193e-09, 5.54081802662e-09, 3.06057001964e-09, 1.53333634678e-09, 7.26753823788e-10, 2.79373885137e-10, 6.41611486163e-11, 8.42871866052e-12, 2.19477613167e-11, 1.2807263583e-10], "max": [1.11720061302, 27.1817951202, 60.5309791565, 51.114944458, 118.84866333, 229.950622559, 157.088882446, 506.267700195, 644.075866699, 1201.46862793, 408.907653809, 74.414390564, 212.247528076, 27.3560657501, 86.4553222656, 74.1521682739, 41.2332420349, 30.9348087311, 16.8878612518, 12.534497261, 3.73141479492, 0.763099730015, 0.0431830920279, 0.179807528853, 0.0743115320802, 0.0205484740436, 0.00381553615443, 0.00227622687817, 0.00155842630193, 0.00123307353351, 0.00100515247323, 0.000797713932116, 0.000620159611572, 0.000454978988273, 0.000337266508723, 0.00020957790548, 0.000114513386507, 2.8847502108e-05, 7.22337208572e-05, 0.000170870684087], "mean": [0.0330538451672, 0.978115200996, 3.06711578369, 5.24744749069, 10.9724531174, 23.215877533, 17.8405170441, 14.346909523, 59.1853561401, 129.187728882, 39.9754600525, 7.42955827713, 9.66321182251, 3.58273482323, 4.00877285004, 4.91991472244, 2.02678251266, 2.0750169754, 0.61092710495, 0.196756675839, 0.0522751584649, 0.00941781420261, 0.00262481020764, 0.00303951860406, 0.00133210979402, 0.000724879093468, 0.000401211902499, 0.000267398165306, 0.000206501747016, 0.000188059391803, 0.000177209847607, 0.000160922252689, 0.000140267569805, 0.000118584815937, 9.21134414966e-05, 6.24202439212e-05, 3.44818727172e-05, 1.19011519928e-05, 1.504129159e-05, 2.96772414003e-05], "median": [0.00322841433808, 0.111311525106, 0.902586936951, 2.36630916595, 4.13885307312, 9.34247207642, 5.71012783051, 4.69908857346, 27.0914802551, 57.8643112183, 11.2648849487, 4.28572797775, 1.80871045589, 2.53275918961, 1.89522790909, 1.57545185089, 1.04006242752, 0.493081212044, 0.10647239536, 0.0215928517282, 0.00913819484413, 0.00222892221063, 0.00117346597835, 0.00102367508225, 0.000463154283352, 0.0002944576554, 0.000244841095991, 0.000194000458578, 0.00018034511595, 0.00017085755826, 0.000166089914273, 0.000151930289576, 0.000134108879138, 0.000114372327516, 8.95481789485e-05, 5.9787351347e-05, 3.31409901264e-05, 1.16722558232e-05, 1.28391084218e-05, 2.44268303504e-05], "min": [9.13921990643e-22, 1.92178160856e-20, 3.68123483802e-20, 6.73682515739e-20, 5.03074220266e-20, 1.39728357199e-19, 1.28244647529e-19, 1.74129596878e-19, 7.08595534648e-19, 1.73587987447e-18, 2.34323517129e-18, 1.73466050685e-18, 2.7328972104e-18, 3.65017640322e-18, 3.17385354647e-18, 7.14896303791e-18, 6.15952019486e-18, 5.90643436028e-18, 5.30228107961e-18, 8.0021212576e-18, 1.31133802776e-17, 9.72306225021e-18, 7.03655581011e-18, 1.14988775775e-17, 1.24330027171e-17, 1.21331464363e-17, 9.90062235896e-18, 2.25780238598e-17, 1.23704992956e-17, 1.71389027051e-17, 1.67066247344e-17, 1.35572784815e-17, 1.11330362721e-17, 1.4452231656e-17, 1.2463774663e-17, 6.00628705433e-18, 3.59129024259e-18, 1.27166900984e-18, 2.96043857028e-19, 3.49716388727e-20], "var": [0.0109043102711, 6.16761732101, 30.3133087158, 53.6559829712, 272.50012207, 967.548461914, 689.939575195, 1607.73730469, 6288.18261719, 28434.0761719, 4561.22216797, 80.4109649658, 383.66696167, 14.8799705505, 42.6329460144, 99.3829650879, 12.2567014694, 13.427488327, 1.81207466125, 0.399227589369, 0.0784881934524, 0.00233164755628, 1.90067839867e-05, 7.95224623289e-05, 1.10113342089e-05, 1.47613639001e-06, 1.7516914852e-07, 4.59186431101e-08, 9.89829462839e-09, 5.65369129291e-09, 3.7086140825e-09, 2.45942222143e-09, 1.57687940483e-09, 9.42276034976e-10, 5.44543798942e-10, 2.64101490677e-10, 8.10527686634e-11, 5.5485178084e-12, 1.06306130565e-10, 5.99760296982e-10]}, "gfcc": {"mean": [-244.961074829, 233.379898071, -31.7318592072, -58.9094314575, -46.6102752686, -3.05293130875, -27.515581131, -19.3148708344, -15.4448347092, -2.2510061264, -5.57466506958, -15.59283638, -14.3165645599], "cov": [[8416.48535156, 5144.26806641, -1075.32653809, -2217.50463867, 257.073181152, -155.337753296, 21.2305965424, -370.034210205, 500.387573242, 357.963470459, 517.148071289, -443.534240723, -18.6318874359], [5144.26806641, 3635.87182617, -131.917892456, -1270.78186035, 75.4361190796, -50.7344055176, 53.807849884, -251.716552734, 248.691375732, 138.112518311, 297.065551758, -235.513397217, -35.0106086731], [-1075.32653809, -131.917892456, 1112.7199707, 714.707824707, -95.8137664795, 54.7463760376, 114.017074585, 82.0553512573, -147.399230957, -173.045974731, -86.8862762451, 105.39781189, -60.1596031189], [-2217.50463867, -1270.78186035, 714.707824707, 1010.7175293, 38.4477882385, 44.1031723022, 82.9215240479, 183.709701538, -146.472549438, -131.740097046, -144.680801392, 132.938919067, -2.21551036835], [257.073181152, 75.4361190796, -95.8137664795, 38.4477882385, 195.663421631, 60.7023010254, 32.3887214661, 18.3032245636, 56.0704612732, 41.2076339722, 35.8691329956, -11.8514089584, 17.5768890381], [-155.337753296, -50.7344055176, 54.7463760376, 44.1031723022, 60.7023010254, 130.602432251, 57.4264526367, 1.68428003788, -16.4880027771, -5.01585769653, 6.91415214539, 35.2192955017, -8.37320804596], [21.2305965424, 53.807849884, 114.017074585, 82.9215240479, 32.3887214661, 57.4264526367, 117.921432495, 60.4656829834, -10.0304231644, 1.72235274315, 45.4374237061, 13.712392807, -35.9927368164], [-370.034210205, -251.716552734, 82.0553512573, 183.709701538, 18.3032245636, 1.68428003788, 60.4656829834, 107.049095154, 19.1865959167, 10.6481723785, 0.944398343563, 13.7975177765, -14.8311471939], [500.387573242, 248.691375732, -147.399230957, -146.472549438, 56.0704612732, -16.4880027771, -10.0304231644, 19.1865959167, 132.043502808, 92.0495223999, 36.3956985474, -57.9592781067, 2.52934765816], [357.963470459, 138.112518311, -173.045974731, -131.740097046, 41.2076339722, -5.01585769653, 1.72235274315, 10.6481723785, 92.0495223999, 96.5954208374, 51.5691680908, -42.2434501648, -6.0222234726], [517.148071289, 297.065551758, -86.8862762451, -144.680801392, 35.8691329956, 6.91415214539, 45.4374237061, 0.944398343563, 36.3956985474, 51.5691680908, 111.981231689, 0.729769647121, -33.6921539307], [-443.534240723, -235.513397217, 105.39781189, 132.938919067, -11.8514089584, 35.2192955017, 13.712392807, 13.7975177765, -57.9592781067, -42.2434501648, 0.729769647121, 89.6546096802, 19.2454929352], [-18.6318874359, -35.0106086731, -60.1596031189, -2.21551036835, 17.5768890381, -8.37320804596, -35.9927368164, -14.8311471939, 2.52934765816, -6.0222234726, -33.6921539307, 19.2454929352, 80.4813995361]], "icov": [[0.0037074862048, -0.00565308798105, 0.00524122873321, -0.00432712910697, 0.00186440942343, 0.000545460847206, -0.00211510551162, 0.00379493320361, -0.00440337741747, 0.00426999200135, -0.00410542963073, 0.00278641260229, -0.000326283596223], [-0.00565308798105, 0.0114703448489, -0.0128821590915, 0.013606085442, -0.00821328721941, 0.00316666811705, 0.000430202664575, -0.0055988826789, 0.0078086508438, -0.00749868154526, 0.00588973797858, -0.00249626836739, -0.00203387625515], [0.00524122873321, -0.0128821590915, 0.0212337356061, -0.025336638093, 0.0195253826678, -0.00949341803789, -0.00301768281497, 0.0148659655824, -0.0209797229618, 0.021775322035, -0.0134191894904, 0.00549704302102, 0.00227861665189], [-0.00432712910697, 0.013606085442, -0.025336638093, 0.0369666106999, -0.0309704151005, 0.0192757807672, -0.00218487973325, -0.0206867977977, 0.0286888517439, -0.0304898694158, 0.0275103691965, -0.015534193255, 0.00302397157066], [0.00186440942343, -0.00821328721941, 0.0195253826678, -0.0309704151005, 0.0372003912926, -0.0265773274004, 0.00666206562892, 0.0128911901265, -0.0277331694961, 0.0333944857121, -0.0348385497928, 0.0235920380801, -0.0117889167741], [0.000545460847206, 0.00316666811705, -0.00949341803789, 0.0192757807672, -0.0265773274004, 0.0409315377474, -0.0303063895553, 0.012628916651, 0.00708160968497, -0.0276227295399, 0.0405649989843, -0.0357240363955, 0.0170097518712], [-0.00211510551162, 0.000430202664575, -0.00301768281497, -0.00218487973325, 0.00666206562892, -0.0303063895553, 0.054632909596, -0.0409702025354, 0.0227219499648, 0.00439425325021, -0.0313425548375, 0.0274385437369, -0.0104112522677], [0.00379493320361, -0.0055988826789, 0.0148659655824, -0.0206867977977, 0.0128911901265, 0.012628916651, -0.0409702025354, 0.0625133141875, -0.0447324551642, 0.0191706158221, 0.00106034707278, -0.0106386924163, 0.00650986656547], [-0.00440337741747, 0.0078086508438, -0.0209797229618, 0.0286888517439, -0.0277331694961, 0.00708160968497, 0.0227219499648, -0.0447324551642, 0.0723090022802, -0.0604321211576, 0.0245836190879, -0.00426854752004, 0.000714652531315], [0.00426999200135, -0.00749868154526, 0.021775322035, -0.0304898694158, 0.0333944857121, -0.0276227295399, 0.00439425325021, 0.0191706158221, -0.0604321211576, 0.0927509963512, -0.0622393637896, 0.0418413244188, -0.0187263637781], [-0.00410542963073, 0.00588973797858, -0.0134191894904, 0.0275103691965, -0.0348385497928, 0.0405649989843, -0.0313425548375, 0.00106034707278, 0.0245836190879, -0.0622393637896, 0.0918337330222, -0.0684753358364, 0.0397348999977], [0.00278641260229, -0.00249626836739, 0.00549704302102, -0.015534193255, 0.0235920380801, -0.0357240363955, 0.0274385437369, -0.0106386924163, -0.00426854752004, 0.0418413244188, -0.0684753358364, 0.0753751471639, -0.0387434884906], [-0.000326283596223, -0.00203387625515, 0.00227861665189, 0.00302397157066, -0.0117889167741, 0.0170097518712, -0.0104112522677, 0.00650986656547, 0.000714652531315, -0.0187263637781, 0.0397348999977, -0.0387434884906, 0.0386146567762]]}, "melbands": {"dmean": [9.83682621154e-05, 0.000323164800648, 0.000323587562889, 0.000540255045053, 0.000311875424813, 7.00438686181e-05, 0.000362076301826, 0.000287993898382, 4.27082522947e-05, 9.20545880945e-06, 9.24421510717e-06, 2.75176194009e-06, 2.3149914341e-06, 3.04069317281e-06, 1.78499431058e-06, 1.36466326239e-06, 6.41500776055e-07, 2.1831787933e-07, 1.82577068131e-07, 2.33146106865e-08, 8.40718428208e-09, 4.13962863988e-09, 1.27020249874e-09, 9.44603284481e-10, 9.89119230965e-10, 4.02524930054e-10, 3.16366044473e-10, 1.68722813498e-10, 8.6972658242e-11, 7.43088160449e-11, 5.66320983164e-11, 4.51219860087e-11, 3.82735891591e-11, 3.45524338308e-11, 3.16652919163e-11, 2.96959887236e-11, 2.69141618714e-11, 2.57909006651e-11, 2.39642194977e-11, 2.28201745694e-11], "dmean2": [0.00014336949971, 0.000451920204796, 0.000540406792425, 0.000928123481572, 0.000510207901243, 0.000103881997347, 0.000609567738138, 0.000418614567025, 6.11363648204e-05, 1.37055440064e-05, 1.22484643725e-05, 3.51258245246e-06, 2.7400565159e-06, 3.98766087528e-06, 2.57922988567e-06, 1.87446426025e-06, 7.41222606848e-07, 2.9244927191e-07, 2.48017897775e-07, 2.51908698345e-08, 9.64300905792e-09, 5.64445556961e-09, 2.21359885977e-09, 1.31078514709e-09, 1.32338329184e-09, 6.29107432815e-10, 5.12015652099e-10, 2.54096327312e-10, 1.41025066625e-10, 1.16978010611e-10, 9.53400067227e-11, 7.94116092329e-11, 6.64170871079e-11, 6.01583505233e-11, 5.48207590434e-11, 5.1962618236e-11, 4.65323925225e-11, 4.46890302541e-11, 4.21401177841e-11, 3.92759609558e-11], "dvar": [7.43083603538e-08, 5.47125011963e-07, 3.37412899398e-07, 7.76906631472e-07, 3.14197507123e-07, 6.9520503132e-08, 5.25450957412e-07, 3.55037713007e-07, 2.05806713893e-08, 7.2833261644e-10, 1.60217294987e-09, 2.90440969886e-11, 5.27681960627e-11, 5.99117075395e-11, 2.62271471901e-11, 2.07594427759e-11, 3.04772071295e-12, 4.31189209772e-13, 8.76143016644e-13, 3.73899214812e-14, 3.64547733905e-15, 6.4476386173e-16, 1.66586929266e-17, 4.32363046201e-18, 1.4816710595e-17, 1.59732091802e-18, 3.35637942723e-18, 9.58691667074e-20, 1.31441059208e-20, 1.00954776511e-20, 4.81880083905e-21, 2.7991701052e-21, 1.82374584257e-21, 1.38995241724e-21, 1.02418803396e-21, 8.47347077978e-22, 6.77668423653e-22, 5.74097070493e-22, 4.51424125778e-22, 3.8939734333e-22], "dvar2": [1.03662081585e-07, 8.96400990769e-07, 1.00849899809e-06, 2.23894858209e-06, 8.10025142073e-07, 1.31560256023e-07, 1.53052781116e-06, 6.19377885869e-07, 3.57450531396e-08, 1.7411666553e-09, 2.89213453186e-09, 5.71824601558e-11, 8.0408263381e-11, 9.47907308202e-11, 5.3069187933e-11, 3.60701225832e-11, 3.95616091969e-12, 7.60880724746e-13, 1.31148694335e-12, 4.5096064605e-14, 4.19387315064e-15, 9.63732382167e-16, 5.19046106733e-17, 7.92437868773e-18, 2.32630998062e-17, 3.08607024473e-18, 9.05190940788e-18, 1.96949377403e-19, 3.0051397337e-20, 2.02242703245e-20, 1.32190643171e-20, 8.58397875727e-21, 5.75938557098e-21, 4.34881846386e-21, 3.24692462675e-21, 2.70086687876e-21, 2.13870758355e-21, 1.77895288149e-21, 1.38516856276e-21, 1.21816491683e-21], "max": [0.0195494294167, 0.0355485901237, 0.0127597181126, 0.0122424419969, 0.00763170188293, 0.00975319556892, 0.0132172713056, 0.0137732699513, 0.00296321162023, 0.000483421405079, 0.0010453639552, 0.000110732384201, 0.000225207448239, 0.000160834082635, 8.54817335494e-05, 0.000140821997775, 7.04881094862e-05, 2.39623441303e-05, 4.56993329863e-05, 8.50693504617e-06, 2.71695284937e-06, 9.3228715059e-07, 8.84277113755e-08, 4.8256598717e-08, 1.74843080458e-07, 4.81425495025e-08, 6.01089453767e-08, 8.4655358279e-09, 3.0842552956e-09, 1.83940840337e-09, 1.01002473052e-09, 8.90059359548e-10, 7.32744975807e-10, 6.33034347164e-10, 5.60649693337e-10, 4.94679630592e-10, 4.3538278538e-10, 3.94916349622e-10, 3.53034712575e-10, 3.14929637923e-10], "mean": [0.000638859986793, 0.00159216986503, 0.00112982071005, 0.00118222890887, 0.000826491042972, 0.000264755217358, 0.00118067802396, 0.00131920154672, 0.000243489106651, 3.44560066878e-05, 4.64403674414e-05, 1.29261698021e-05, 1.11794333861e-05, 1.40623933476e-05, 6.44045485387e-06, 4.52445829069e-06, 3.89377510146e-06, 1.0141183111e-06, 6.17362502453e-07, 1.08016507738e-07, 3.62778678209e-08, 1.04697104319e-08, 2.37151387417e-09, 2.29702656895e-09, 2.53606069478e-09, 1.02416697345e-09, 6.11190653643e-10, 4.46428644052e-10, 2.30219981967e-10, 1.96652291673e-10, 1.38779515657e-10, 1.12836809341e-10, 1.01372001071e-10, 9.72016842016e-11, 9.43387798436e-11, 9.33327859443e-11, 8.89348109046e-11, 8.72029323751e-11, 8.68414229416e-11, 8.76089825685e-11], "median": [5.25305840711e-05, 0.000370026566088, 0.000501407426782, 0.000760536524467, 0.000289332761895, 6.21327781118e-05, 0.000457041838672, 0.000602007145062, 4.0218787035e-05, 1.86725264939e-05, 7.4222175499e-06, 8.94062577572e-06, 5.50917866349e-06, 7.07514891474e-06, 2.27497184824e-06, 1.75353079612e-06, 6.30162901416e-07, 1.50186025394e-07, 4.01773050385e-08, 1.5561607114e-08, 6.20406570562e-09, 2.13284945261e-09, 7.78171138638e-10, 9.09783026692e-10, 7.56688101067e-10, 3.2330893518e-10, 2.35520491998e-10, 1.64980862305e-10, 1.50421328171e-10, 1.2203199562e-10, 1.03228876835e-10, 9.76812242204e-11, 9.26499224563e-11, 8.90573587098e-11, 8.82203615715e-11, 8.70650634921e-11, 8.46688830158e-11, 8.28883073289e-11, 8.3891962821e-11, 8.51781839506e-11], "min": [1.45244801657e-23, 2.27520422385e-23, 1.06490621292e-23, 5.96157016661e-24, 5.55214149603e-24, 4.35888011965e-24, 1.00968405629e-23, 2.32148890197e-23, 1.90739798456e-23, 9.55658443882e-24, 1.38219553533e-23, 1.50825661239e-23, 1.04847708017e-23, 1.71239724859e-23, 1.26488939437e-23, 1.63623351705e-23, 1.05932557422e-23, 8.61593091821e-24, 9.45389368162e-24, 1.06904118513e-23, 1.76518718928e-23, 9.86568775162e-24, 9.18051077947e-24, 5.17513619196e-24, 9.80851505751e-24, 9.98709817809e-24, 8.59629932573e-24, 7.90682227279e-24, 4.72705649248e-24, 8.92779839962e-24, 1.46986290991e-23, 5.28629339882e-24, 9.66999897116e-24, 9.38802142945e-24, 8.35141954581e-24, 1.145004546e-23, 7.06256518822e-24, 7.40939656267e-24, 7.68739193453e-24, 1.45100077235e-23], "var": [3.29726094606e-06, 9.79593005468e-06, 2.73344426205e-06, 1.81419386536e-06, 1.51445203755e-06, 6.11651501004e-07, 2.75286629403e-06, 3.09644156005e-06, 2.13398422488e-07, 2.22231366642e-09, 9.36759469994e-09, 2.06210187814e-10, 3.09445996605e-10, 4.95050778149e-10, 1.440196018e-10, 1.04745635776e-10, 6.2797142486e-11, 4.71885681572e-12, 4.86921961085e-12, 4.07005104532e-13, 4.19393320528e-14, 3.33042470487e-15, 3.14108966687e-17, 1.45613235439e-17, 7.33413866769e-17, 7.1318205469e-18, 2.87014260404e-18, 5.69966733128e-19, 4.98231303962e-20, 4.49412622861e-20, 1.16056937687e-20, 3.54475851878e-21, 2.07895953627e-21, 1.62206442661e-21, 1.23840893044e-21, 1.03732932068e-21, 8.27442085233e-22, 7.28203433844e-22, 5.86207158239e-22, 5.38732928361e-22]}, "mfcc": {"mean": [-886.885864258, 254.942276001, 71.7277984619, -18.9545154572, -9.84928512573, 8.12033367157, -0.99916690588, -13.7578849792, -10.9713306427, -0.585557818413, 2.60009264946, -0.00423398381099, -0.445551484823], "cov": [[4666.38134766, 3932.83789062, -333.791687012, -1446.59448242, -336.937896729, 204.834259033, -154.460144043, -472.639526367, -232.87562561, 255.937454224, 349.135101318, 112.188621521, 32.987663269], [3932.83789062, 3498.32226562, 62.2663383484, -1063.06567383, -315.420227051, 169.627426147, -69.6864395142, -348.395294189, -208.96005249, 155.503982544, 269.63772583, 127.410575867, 56.3345489502], [-333.791687012, 62.2663383484, 713.447387695, 497.682403564, 20.2967834473, -31.2971820831, 129.961257935, 156.417739868, 7.59940385818, -126.896347046, -72.9877166748, 47.6850967407, 54.1538124084], [-1446.59448242, -1063.06567383, 497.682403564, 817.659667969, 234.043121338, -66.2083053589, 102.540374756, 248.157348633, 111.592025757, -110.844062805, -136.425567627, -17.7383499146, 24.6656150818], [-336.937896729, -315.420227051, 20.2967834473, 234.043121338, 193.447799683, 50.0071716309, 2.14737486839, 55.9149017334, 81.9285125732, 25.8383808136, -25.8419704437, -10.7508640289, 9.71344947815], [204.834259033, 169.627426147, -31.2971820831, -66.2083053589, 50.0071716309, 107.989120483, 50.866771698, 2.07209062576, 10.740395546, 24.9135284424, 31.4991493225, 37.0991783142, 23.2194213867], [-154.460144043, -69.6864395142, 129.961257935, 102.540374756, 2.14737486839, 50.866771698, 151.990844727, 117.049499512, -13.8766899109, -61.8633842468, 6.2758102417, 61.5434608459, 40.4037857056], [-472.639526367, -348.395294189, 156.417739868, 248.157348633, 55.9149017334, 2.07209062576, 117.049499512, 154.855987549, 35.3303031921, -72.6853561401, -42.1886253357, 34.1224594116, 37.3092727661], [-232.87562561, -208.96005249, 7.59940385818, 111.592025757, 81.9285125732, 10.740395546, -13.8766899109, 35.3303031921, 78.0394363403, 41.0833435059, -16.0753269196, -22.2993278503, -5.2205414772], [255.937454224, 155.503982544, -126.896347046, -110.844062805, 25.8383808136, 24.9135284424, -61.8633842468, -72.6853561401, 41.0833435059, 148.9012146, 101.213996887, -24.8251209259, -51.7821388245], [349.135101318, 269.63772583, -72.9877166748, -136.425567627, -25.8419704437, 31.4991493225, 6.2758102417, -42.1886253357, -16.0753269196, 101.213996887, 149.038024902, 57.5859451294, -20.1847705841], [112.188621521, 127.410575867, 47.6850967407, -17.7383499146, -10.7508640289, 37.0991783142, 61.5434608459, 34.1224594116, -22.2993278503, -24.8251209259, 57.5859451294, 117.193565369, 69.9512710571], [32.987663269, 56.3345489502, 54.1538124084, 24.6656150818, 9.71344947815, 23.2194213867, 40.4037857056, 37.3092727661, -5.2205414772, -51.7821388245, -20.1847705841, 69.9512710571, 90.8769378662]], "icov": [[-388.572875977, 519.752868652, -437.833374023, 323.462463379, -201.96736145, 96.5281677246, -21.7149372101, -19.0893154144, 31.7877197266, -27.4927444458, 16.8977642059, -7.34144878387, 1.94767343998], [519.752868652, -682.018554688, 537.481811523, -339.900665283, 137.980438232, 24.976354599, -124.007415771, 157.129501343, -140.312744141, 98.9263381958, -55.1574211121, 22.7808761597, -5.89873600006], [-437.833374023, 537.481811523, -317.587554932, 25.9034881592, 254.965820312, -454.005828857, 534.753417969, -502.593139648, 393.566314697, -258.523040771, 138.332443237, -55.8134765625, 14.2898759842], [323.462463379, -339.900665283, 25.9034881592, 383.161499023, -762.16796875, 1005.27868652, -1061.51855469, 945.514221191, -718.542419434, 463.690948486, -245.526992798, 98.5235977173, -25.1947631836], [-201.96736145, 137.980438232, 254.965820312, -762.16796875, 1222.44311523, -1500.25146484, 1532.20471191, -1340.83203125, 1008.96069336, -647.667663574, 342.122192383, -137.255859375, 35.1833229065], [96.5281677246, 24.976354599, -454.005828857, 1005.27868652, -1500.25146484, 1788.99450684, -1802.03112793, 1566.00061035, -1174.5526123, 753.280578613, -398.186706543, 160.067504883, -41.2068901062], [-21.7149372101, -124.007415771, 534.753417969, -1061.51855469, 1532.20471191, -1802.03112793, 1803.90368652, -1563.81359863, 1172.63244629, -753.095397949, 399.097991943, -161.021011353, 41.7031211853], [-19.0893154144, 157.129501343, -502.593139648, 945.514221191, -1340.83203125, 1566.00061035, -1563.81359863, 1355.82226562, -1018.39282227, 656.074829102, -349.123199463, 141.600906372, -36.9782981873], [31.7877197266, -140.312744141, 393.566314697, -718.542419434, 1008.96069336, -1174.5526123, 1172.63244629, -1018.39282227, 767.313537598, -496.510101318, 265.661071777, -108.479476929, 28.6177806854], [-27.4927444458, 98.9263381958, -258.523040771, 463.690948486, -647.667663574, 753.280578613, -753.095397949, 656.074829102, -496.510101318, 323.22354126, -174.189300537, 71.7620239258, -19.1836242676], [16.8977642059, -55.1574211121, 138.332443237, -245.526992798, 342.122192383, -398.186706543, 399.097991943, -349.123199463, 265.661071777, -174.189300537, 94.6881942749, -39.4286155701, 10.7175664902], [-7.34144878387, 22.7808761597, -55.8134765625, 98.5235977173, -137.255859375, 160.067504883, -161.021011353, 141.600906372, -108.479476929, 71.7620239258, -39.4286155701, 16.6580200195, -4.63108587265], [1.94767343998, -5.89873600006, 14.2898759842, -25.1947631836, 35.1833229065, -41.2068901062, 41.7031211853, -36.9782981873, 28.6177806854, -19.1836242676, 10.7175664902, -4.63108587265, 1.3499341011]]}, "spectral_contrast_coeffs": {"dmean": [0.0436604246497, 0.0347512587905, 0.0207833405584, 0.0187187939882, 0.0123524405062, 0.0120882885531], "dmean2": [0.0744379982352, 0.0584254078567, 0.0331843420863, 0.0304491017014, 0.0198880489916, 0.0209364593029], "dvar": [0.0013968780404, 0.00119181978516, 0.000551755016204, 0.000377994641894, 0.000154337991262, 0.00011903977429], "dvar2": [0.0040302821435, 0.00303764827549, 0.00133920169901, 0.000878403370734, 0.000312110962113, 0.000349130888935], "max": [-0.335138320923, -0.352387487888, -0.536662578583, -0.516883790493, -0.723724007607, -0.837902963161], "mean": [-0.568013846874, -0.606951415539, -0.730010151863, -0.711539983749, -0.858836650848, -0.890229344368], "median": [-0.564332127571, -0.59911775589, -0.727980017662, -0.701426327229, -0.862133383751, -0.88934636116], "min": [-0.975485146046, -0.958881437778, -0.964277505875, -0.94643330574, -0.959955275059, -0.961643576622], "var": [0.00788639858365, 0.0111443595961, 0.00477185798809, 0.00771747669205, 0.00130759819876, 0.000192519495613]}, "spectral_contrast_valleys": {"dmean": [0.332044988871, 0.288083583117, 0.227461099625, 0.238108679652, 0.177966579795, 0.254942715168], "dmean2": [0.546309649944, 0.47587698698, 0.355766475201, 0.385640233755, 0.295459896326, 0.442651212215], "dvar": [0.141151815653, 0.187474116683, 0.152666434646, 0.173279300332, 0.134268626571, 0.144310057163], "dvar2": [0.26684102416, 0.308297246695, 0.225778862834, 0.268184781075, 0.182324290276, 0.268687874079], "max": [-5.4765048027, -4.96705579758, -6.61229228973, -7.87976074219, -10.5369501114, -12.3532142639], "mean": [-7.81300973892, -7.55301618576, -8.92200756073,