{"lowlevel": {"average_loudness": 0.390364408493, "barkbands_crest": {"dmean": 2.15830850601, "dmean2": 3.64327025414, "dvar": 5.29183578491, "dvar2": 15.9643964767, "max": 26.2417564392, "mean": 13.8308744431, "median": 13.3497800827, "min": 4.0408616066, "var": 22.1172122955}, "barkbands_flatness_db": {"dmean": 0.0243305414915, "dmean2": 0.0409011878073, "dvar": 0.000667981687002, "dvar2": 0.00194812996779, "max": 0.557516336441, "mean": 0.363889843225, "median": 0.372855782509, "min": 0.0666721090674, "var": 0.00593824218959}, "barkbands_kurtosis": {"dmean": 2.611733675, "dmean2": 4.35501432419, "dvar": 22.585735321, "dvar2": 62.3701705933, "max": 162.275085449, "mean": 5.54814243317, "median": 2.97197198868, "min": -1.83473563194, "var": 85.1453475952}, "barkbands_skewness": {"dmean": 0.443990409374, "dmean2": 0.723726928234, "dvar": 0.264432996511, "dvar2": 0.742661058903, "max": 11.3192453384, "mean": 0.870307564735, "median": 0.912559449673, "min": -5.66800355911, "var": 1.78129589558}, "barkbands_spread": {"dmean": 1.08824670315, "dmean2": 1.75166499615, "dvar": 4.46241092682, "dvar2": 8.45776081085, "max": 121.886169434, "mean": 6.82072877884, "median": 4.20550727844, "min": 0.247813224792, "var": 185.278137207}, "dissonance": {"dmean": 0.0448127798736, "dmean2": 0.0772502571344, "dvar": 0.00200307462364, "dvar2": 0.00539395865053, "max": 0.5, "mean": 0.366520255804, "median": 0.378355741501, "min": 0.0858055353165, "var": 0.00640119658783}, "dynamic_complexity": 5.19052886963, "erbbands_crest": {"dmean": 2.21011424065, "dmean2": 3.51630806923, "dvar": 6.04706001282, "dvar2": 14.2847881317, "max": 33.6800384521, "mean": 15.8730792999, "median": 15.0189437866, "min": 2.73175573349, "var": 39.5705680847}, "erbbands_flatness_db": {"dmean": 0.0182360894978, "dmean2": 0.0287297572941, "dvar": 0.000437327020336, "dvar2": 0.000992069602944, "max": 0.552441716194, "mean": 0.380148530006, "median": 0.394349217415, "min": 0.0334113352001, "var": 0.00672976486385}, "erbbands_kurtosis": {"dmean": 1.98848211765, "dmean2": 3.19173383713, "dvar": 14.3337650299, "dvar2": 37.8195762634, "max": 77.0161590576, "mean": 4.98273515701, "median": 2.36771154404, "min": -1.68732261658, "var": 64.9174423218}, "erbbands_skewness": {"dmean": 0.372853308916, "dmean2": 0.593941748142, "dvar": 0.199242115021, "dvar2": 0.504259765148, "max": 6.85917234421, "mean": 0.690480828285, "median": 0.746988773346, "min": -6.60510110855, "var": 1.64352619648}, "erbbands_spread": {"dmean": 1.76575517654, "dmean2": 2.76265263557, "dvar": 8.00159358978, "dvar2": 18.0156002045, "max": 132.698883057, "mean": 9.96151733398, "median": 8.20775508881, "min": 0.696849584579, "var": 60.2408905029}, "hfc": {"dmean": 2.50594782829, "dmean2": 3.51494789124, "dvar": 30.5946769714, "dvar2": 58.0113182068, "max": 154.056411743, "mean": 8.98201465607, "median": 5.36647939682, "min": 1.16226194958e-16, "var": 134.244415283}, "melbands_crest": {"dmean": 2.31558656693, "dmean2": 3.84336352348, "dvar": 5.73930454254, "dvar2": 15.576212883, "max": 39.0032043457, "mean": 16.2680530548, "median": 15.4685497284, "min": 4.77838468552, "var": 28.715379715}, "melbands_flatness_db": {"dmean": 0.0274883694947, "dmean2": 0.0458766147494, "dvar": 0.000886164256372, "dvar2": 0.00247224420309, "max": 0.68636828661, "mean": 0.466469168663, "median": 0.481866508722, "min": 0.0103061161935, "var": 0.00954231154174}, "melbands_kurtosis": {"dmean": 2.63579344749, "dmean2": 4.42471599579, "dvar": 23.3409900665, "dvar2": 62.2319641113, "max": 176.592880249, "mean": 5.38833761215, "median": 3.35080957413, "min": -1.82574903965, "var": 72.8126144409}, "melbands_skewness": {"dmean": 0.423541665077, "dmean2": 0.691896736622, "dvar": 0.226845741272, "dvar2": 0.598499536514, "max": 11.5885248184, "mean": 1.02448952198, "median": 1.07714080811, "min": -4.05643224716, "var": 1.65210664272}, "melbands_spread": {"dmean": 1.74150431156, "dmean2": 2.79961442947, "dvar": 10.0825424194, "dvar2": 23.7218704224, "max": 166.99887085, "mean": 9.62862873077, "median": 6.30910158157, "min": 0.52011436224, "var": 214.537582397}, "pitch_salience": {"dmean": 0.0549263618886, "dmean2": 0.0927094519138, "dvar": 0.00330981425941, "dvar2": 0.00950238760561, "max": 0.824818193913, "mean": 0.480825036764, "median": 0.481583178043, "min": 0.0359883457422, "var": 0.0124096963555}, "silence_rate_20dB": {"dmean": 0, "dmean2": 0, "dvar": 0, "dvar2": 0, "max": 1, "mean": 1, "median": 1, "min": 1, "var": 0}, "silence_rate_30dB": {"dmean": 0.00657421676442, "dmean2": 0.0131497839466, "dvar": 0.00653061363846, "dvar2": 0.0140035683289, "max": 1, "mean": 0.98675018549, "median": 1, "min": 0, "var": 0.0130742182955}, "silence_rate_60dB": {"dmean": 0.0197226498276, "dmean2": 0.039449352771, "dvar": 0.0193321220577, "dvar2": 0.0463174618781, "max": 1, "mean": 0.149137228727, "median": 0, "min": 0, "var": 0.126889660954}, "spectral_centroid": {"dmean": 45.8771743774, "dmean2": 72.6650619507, "dvar": 10504.8896484, "dvar2": 16485.5761719, "max": 10697.4306641, "mean": 573.444946289, "median": 474.325622559, "min": 176.151733398, "var": 222780.296875}, "spectral_complexity": {"dmean": 1.10652279854, "dmean2": 1.82699811459, "dvar": 1.87296819687, "dvar2": 4.05600833893, "max": 28, "mean": 8.34244060516, "median": 8, "min": 0, "var": 18.1717281342}, "spectral_decrease": {"dmean": 1.40265488113e-09, "dmean2": 2.16853157653e-09, "dvar": 1.00615536559e-17, "dvar2": 2.35229403977e-17, "max": 2.27333746324e-29, "mean": -4.99328001169e-09, "median": -3.24430571297e-09, "min": -8.99230983009e-08, "var": 3.6607337921e-17}, "spectral_energy": {"dmean": 0.00551140401512, "dmean2": 0.00848912447691, "dvar": 0.000152718173922, "dvar2": 0.00035442787339, "max": 0.345862269402, "mean": 0.0196604840457, "median": 0.012748979032, "min": 1.04562608763e-20, "var": 0.000565605645534}, "spectral_energyband_high": {"dmean": 5.83312066738e-06, "dmean2": 8.93573087524e-06, "dvar": 2.71970268528e-09, "dvar2": 6.71428779242e-09, "max": 0.00260347872972, "mean": 6.01106239628e-06, "median": 9.27532255446e-08, "min": 7.8887609174e-21, "var": 2.53835663599e-09}, "spectral_energyband_low": {"dmean": 0.00116305996198, "dmean2": 0.00188774103299, "dvar": 1.79736161954e-05, "dvar2": 4.58472532046e-05, "max": 0.146566256881, "mean": 0.00293880212121, "median": 0.000699043972418, "min": 2.1415220878e-22, "var": 3.84796330763e-05}, "spectral_energyband_middle_high": {"dmean": 0.000924153428059, "dmean2": 0.00119017518591, "dvar": 1.00543466033e-05, "dvar2": 1.85494773177e-05, "max": 0.10390227288, "mean": 0.00232702703215, "median": 0.000569793628529, "min": 1.23311273289e-21, "var": 2.76747960015e-05}, "spectral_energyband_middle_low": {"dmean": 0.00432926602662, "dmean2": 0.00684564374387, "dvar": 0.000109961954877, "dvar2": 0.000257509993389, "max": 0.28504961729, "mean": 0.0149624571204, "median": 0.00777555350214, "min": 2.50300996144e-22, "var": 0.000448909995612}, "spectral_entropy": {"dmean": 0.185279980302, "dmean2": 0.30671954155, "dvar": 0.0529691167176, "dvar2": 0.138630673289, "max": 9.80529785156, "mean": 5.66207408905, "median": 5.59418773651, "min": 3.97431063652, "var": 0.500068604946}, "spectral_flux": {"dmean": 0.0165809988976, "dmean2": 0.025288483128, "dvar": 0.000686537707224, "dvar2": 0.00163169624284, "max": 0.528347551823, "mean": 0.0376498065889, "median": 0.0267696939409, "min": 1.0225585656e-10, "var": 0.00134297122713}, "spectral_kurtosis": {"dmean": 32.6909179688, "dmean2": 56.3419380188, "dvar": 1102.31140137, "dvar2": 3089.07983398, "max": 390.572540283, "mean": 102.504417419, "median": 98.6631317139, "min": -1.18027186394, "var": 4725.94677734}, "spectral_rms": {"dmean": 0.000544069160242, "dmean2": 0.000838204578031, "dvar": 6.42834891096e-07, "dvar2": 1.53949906689e-06, "max": 0.0183691754937, "mean": 0.00377225433476, "median": 0.00352675886825, "min": 3.19393643478e-12, "var": 4.95103495268e-06}, "spectral_rolloff": {"dmean": 82.0734634399, "dmean2": 146.787506104, "dvar": 55190.0976562, "dvar2": 121886.570312, "max": 18820.0195312, "mean": 828.339233398, "median": 624.462890625, "min": 21.533203125, "var": 1936955.375}, "spectral_skewness": {"dmean": 1.61536705494, "dmean2": 2.80339479446, "dvar": 2.27829384804, "dvar2": 6.22420549393, "max": 15.518576622, "mean": 6.83486127853, "median": 6.77662944794, "min": 0.0111488513649, "var": 9.44505691528}, "spectral_spread": {"dmean": 359471.78125, "dmean2": 615610, "dvar": 239366668288, "dvar2": 459645878272, "max": 40167816, "mean": 1288656.125, "median": 910794.25, "min": 202143.609375, "var": 2257056956420.0}, "spectral_strongpeak": {"dmean": 0.379994720221, "dmean2": 0.61467140913, "dvar": 0.475611656904, "dvar2": 1.02776312828, "max": 15.5481786728, "mean": 1.26174974442, "median": 0.942385494709, "min": 0, "var": 1.51115953922}, "zerocrossingrate": {"dmean": 0.00230713514611, "dmean2": 0.00299469800666, "dvar": 2.31961421377e-05, "dvar2": 3.29675021931e-05, "max": 0.525390625, "mean": 0.0283703636378, "median": 0.0224609375, "min": 0, "var": 0.00109780998901}, "barkbands": {"dmean": [1.86789384315e-06, 0.000394916394725, 0.000677328556776, 0.000754621985834, 0.000748035556171, 0.00203130138107, 0.000844801834319, 0.000398755539209, 0.000562108645681, 0.000429228937719, 0.000196049790247, 0.00010914610175, 0.000247647694778, 5.57412458875e-05, 4.42264572484e-05, 2.80880867649e-05, 2.01985167223e-05, 5.60927855986e-06, 2.62140633822e-06, 2.92835466098e-06, 1.17492572826e-06, 1.22971550809e-06, 6.18148703779e-07, 4.74821121088e-07, 2.81164545868e-07, 7.71027970359e-08, 2.19251479194e-08], "dmean2": [3.26997133016e-06, 0.0006651050644, 0.00109627039637, 0.00122218078468, 0.00126484583598, 0.00364153482951, 0.0011561177671, 0.000571289041545, 0.000668485590722, 0.000508614059072, 0.000300130865071, 0.000147052036482, 0.000336890981998, 8.69057548698e-05, 6.1771228502e-05, 3.99000236939e-05, 3.00181181956e-05, 8.3107224782e-06, 3.93519485442e-06, 4.32215711044e-06, 1.77492438524e-06, 2.00969338948e-06, 1.01181501577e-06, 7.855342119e-07, 4.61872076585e-07, 1.26180538018e-07, 3.57525671291e-08], "dvar": [1.11737015474e-10, 1.94377025764e-06, 5.65507298234e-06, 2.31373123825e-05, 1.01015266409e-05, 1.93313953787e-05, 1.6098802007e-05, 1.88859473838e-06, 3.04141599372e-06, 3.67237521459e-06, 4.45739772204e-07, 8.70642622885e-07, 3.2422140066e-06, 4.5175315222e-07, 2.78256209185e-07, 5.30033759105e-08, 2.4967921064e-08, 9.01300478695e-10, 1.61154117828e-10, 1.43492295823e-09, 6.32773625164e-11, 1.78461537215e-10, 3.01569151595e-11, 1.51237477403e-11, 5.64946223483e-12, 3.23544874703e-13, 1.94932418595e-14], "dvar2": [3.09685083133e-10, 5.33727688889e-06, 1.54629924509e-05, 5.2259372751e-05, 3.20727340295e-05, 6.53806200717e-05, 2.73679961538e-05, 3.45339276464e-06, 4.49090794064e-06, 5.90060517425e-06, 1.00160150396e-06, 1.56457031153e-06, 6.30123440715e-06, 1.07977245989e-06, 6.27846020507e-07, 1.04819562807e-07, 5.221972188e-08, 2.20512297311e-09, 3.54217016829e-10, 3.40883166139e-09, 1.56037890942e-10, 4.76963080143e-10, 7.9575429579e-11, 4.0290524389e-11, 1.44664254534e-11, 8.16547567409e-13, 4.67782686501e-14], "max": [0.000257547013462, 0.0421936362982, 0.0831041410565, 0.199854373932, 0.108151331544, 0.0684689506888, 0.146437048912, 0.0466055683792, 0.0694750696421, 0.0715910568833, 0.0211300887167, 0.0386256352067, 0.0973396897316, 0.0429553389549, 0.0423409156501, 0.0160716939718, 0.0111571559682, 0.00132104661316, 0.000492359919008, 0.00201083766297, 0.000377898657462, 0.000613820040599, 0.000276194798062, 8.91188392416e-05, 0.000104097933217, 2.01659622689e-05, 3.71384885511e-06], "mean": [1.80979316156e-06, 0.000851020158734, 0.00164133415092, 0.0011007967405, 0.00173996156082, 0.00466910656542, 0.00383379473351, 0.00129690289032, 0.00206185132265, 0.0010531161679, 0.000504535564687, 0.000229920537095, 0.000402765959734, 8.96283017937e-05, 7.73614447098e-05, 5.44012145838e-05, 3.06710862787e-05, 9.76797491603e-06, 4.44893021267e-06, 3.66370045413e-06, 1.35639834298e-06, 1.10175710688e-06, 5.30357453954e-07, 3.75946171971e-07, 2.24971671514e-07, 6.16033872802e-08, 1.82232273715e-08], "median": [7.84898190886e-08, 0.000124092592159, 0.000318155769492, 0.000135807349579, 0.000444132980192, 0.00148660421837, 0.000291532138363, 0.000308398914058, 0.00050852651475, 9.95251029963e-05, 6.55673065921e-05, 2.64121626969e-05, 2.13279545278e-05, 1.66801073647e-05, 1.63656113727e-05, 1.04913760879e-05, 4.58173644802e-06, 9.86890427157e-07, 3.10336332632e-07, 1.2830327023e-07, 1.51317856023e-08, 3.06255110161e-09, 1.02244246403e-09, 6.11951211926e-10, 5.49429723939e-10, 6.4221361562e-10, 1.44328771157e-09], "min": [1.65325587321e-23, 1.31937289321e-22, 6.94131016734e-23, 2.73193930518e-24, 5.47194502866e-23, 2.11467371176e-23, 7.10670148255e-23, 5.19754007833e-23, 4.26648352395e-23, 4.94180367908e-23, 8.8639692972e-23, 9.31061539976e-23, 2.20125119611e-23, 6.96442947166e-23, 1.86702954235e-22, 7.36504522486e-23, 1.39302624846e-22, 2.47168877563e-22, 2.21560079686e-22, 2.39898558755e-22, 4.69969904872e-22, 4.73847162532e-22, 6.18110965166e-22, 9.084179882e-22, 1.27547716359e-21, 1.7417705475e-21, 2.46050830681e-21], "var": [8.37855756997e-11, 5.45330431123e-06, 1.47051950989e-05, 2.5850304155e-05, 1.5041900042e-05, 5.06024443894e-05, 0.000130902524688, 9.45174269873e-06, 1.61818679771e-05, 1.17999034046e-05, 1.48807714595e-06, 2.11596807276e-06, 6.25501934337e-06, 4.41866319534e-07, 3.3916884945e-07, 7.84877727256e-08, 3.02412530573e-08, 1.33523259116e-09, 2.49154946674e-10, 1.42248712809e-09, 6.4999949867e-11, 1.3743167715e-10, 2.26412985582e-11, 1.09727366082e-11, 4.41130378753e-12, 2.60964156101e-13, 1.70118114067e-14]}, "erbbands": {"dmean": [0.00332572520711, 0.121282368898, 0.737829864025, 1.40372300148, 3.03347587585, 2.1785595417, 11.9492359161, 13.64661026, 9.26005649567, 13.9199666977, 8.47846412659, 13.67689991, 11.5952711105, 8.43358135223, 7.06739282608, 5.1988735199, 12.8989868164, 2.69178295135, 2.64932131767, 2.50758886337, 1.22940301895, 0.960417866707, 0.535264015198, 0.18082870543, 0.116719670594, 0.176412716508, 0.057243861258, 0.0488456189632, 0.0452805534005, 0.0248362123966, 0.0159724205732, 0.0101119307801, 0.00790990982205, 0.00396287115291, 0.00163487484679, 0.000502662442159, 0.000105958308268, 2.33320406551e-05, 5.65400478081e-06, 6.33821036899e-06], "dmean2": [0.00560667971149, 0.202949211001, 1.20663130283, 2.24691605568, 5.16623497009, 3.65946030617, 21.182849884, 24.2829189301, 13.2278671265, 18.8975830078, 11.3829116821, 15.9573097229, 13.9014053345, 10.6930675507, 10.7607288361, 6.88011837006, 17.4839134216, 4.03740358353, 3.9198038578, 3.29968619347, 1.78672277927, 1.42616343498, 0.766633093357, 0.253020465374, 0.174982517958, 0.264084011316, 0.0870833620429, 0.0739144161344, 0.0732399821281, 0.0406279824674, 0.0262769442052, 0.0166661441326, 0.01332013309, 0.00658233044669, 0.00268117222004, 0.000829928088933, 0.000170652710949, 3.78375771106e-05, 8.77278944245e-06, 9.68999393081e-06], "dvar": [0.000204894793569, 0.174707517028, 6.59850025177, 59.3834495544, 362.492736816, 36.6925926208, 644.918273926, 896.747924805, 2356.35327148, 5124.50585938, 650.972900391, 1708.34631348, 2739.64648438, 872.974121094, 502.240783691, 1305.54602051, 8629.91503906, 318.984680176, 1475.40942383, 387.563781738, 174.188873291, 43.3394088745, 14.8179798126, 0.550929605961, 0.340146183968, 6.84524488449, 0.127482116222, 0.157556504011, 0.231548681855, 0.046544637531, 0.0213367957622, 0.00697778537869, 0.0043862410821, 0.00120161508676, 0.000179394497536, 1.49535590026e-05, 5.87755835113e-07, 2.47291023214e-08, 5.68617319896e-10, 2.04362637923e-10], "dvar2": [0.000566155882552, 0.479342401028, 18.0977497101, 134.924255371, 1032.40673828, 106.184043884, 2203.30859375, 2754.29785156, 4162.59326172, 8452.515625, 1178.09423828, 2384.81396484, 4330.75732422, 1478.52661133, 1118.28894043, 2337.98583984, 16774.078125, 800.764709473, 3410.06103516, 767.074035645, 328.513061523, 94.8332824707, 27.4093799591, 1.08916759491, 0.807378530502, 16.2686462402, 0.323645442724, 0.380166769028, 0.618823051453, 0.125318557024, 0.0563856884837, 0.0184727553278, 0.0118122892454, 0.00311163952574, 0.000462176947622, 3.82748185075e-05, 1.45635624449e-06, 6.16505886342e-08, 1.34377653449e-09, 4.68034944134e-10], "max": [0.376016110182, 13.4512701035, 90.7364120483, 304.967895508, 622.07409668, 159.072952271, 397.648681641, 743.970458984, 2162.84204102, 4085.61791992, 1053.58056641, 1916.24267578, 1583.27307129, 989.048339844, 679.053161621, 1457.7734375, 5016.28564453, 669.817687988, 2508.60498047, 1597.75280762, 977.235107422, 387.998779297, 280.578826904, 20.2630138397, 16.8957538605, 141.655059814, 12.7949333191, 21.7796268463, 22.3609485626, 10.5990591049, 7.59151315689, 2.29779243469, 1.60368204117, 1.56463038921, 0.502082645893, 0.134300678968, 0.0303510017693, 0.00464555295184, 0.000783540541306, 0.000394180970034], "mean": [0.00761152850464, 0.267595589161, 1.6670614481, 2.82125806808, 5.46524810791, 5.10613489151, 25.1259746552, 36.2952461243, 39.2684822083, 61.4817428589, 32.9279785156, 51.7628974915, 30.2201595306, 22.9620227814, 19.0265693665, 10.957069397, 21.0591812134, 4.79114103317, 4.0985212326, 4.93105363846, 2.43923473358, 1.552272439, 0.831409871578, 0.356978386641, 0.194430977106, 0.199124634266, 0.0677108168602, 0.0541677363217, 0.0418951921165, 0.022120943293, 0.0134772108868, 0.00819743983448, 0.00614196481183, 0.0031588319689, 0.00130303169135, 0.000407559709856, 9.18601654121e-05, 1.98649631784e-05, 1.21065340863e-05, 2.23012848437e-05], "median": [0.001459873165, 0.044239975512, 0.346283257008, 0.55756431818, 0.759325504303, 1.80417537689, 9.20869445801, 11.8498764038, 5.11731052399, 5.95758152008, 12.8137340546, 14.2881526947, 5.49370861053, 4.23690414429, 2.94264960289, 1.81591010094, 1.30814146996, 0.996641755104, 0.831323742867, 0.983251690865, 0.474467903376, 0.261337161064, 0.0983520522714, 0.0392835400999, 0.0170406773686, 0.0066393436864, 0.00146404025145, 0.000493474246468, 0.0001616091904, 6.45001055091e-05, 3.84345694329e-05, 2.53974394582e-05, 2.04829029826e-05, 1.71338360815e-05, 1.35797199619e-05, 9.99582152872e-06, 5.87137128605e-06, 1.46895172293e-06, 6.40645703243e-06, 1.44050727613e-05], "min": [2.59016725225e-21, 3.33642072227e-20, 9.97379550558e-20, 2.48966016301e-20, 8.77403594303e-20, 2.50438029437e-19, 1.13034553823e-19, 2.22240062741e-19, 8.82696942762e-19, 1.07925894114e-18, 1.05636103083e-18, 9.1530946899e-19, 1.31649620198e-18, 1.71965772529e-18, 4.30062367405e-18, 3.77289940044e-18, 1.62541962304e-18, 3.67372706244e-18, 6.83252054508e-18, 7.11431823231e-18, 5.83409286622e-18, 8.57938331014e-18, 1.24981886852e-17, 7.91907728718e-18, 1.23080446778e-17, 1.40037012407e-17, 1.70216068398e-17, 1.70699191507e-17, 1.1749586095e-17, 2.35593049118e-17, 1.70645193156e-17, 2.13672382382e-17, 1.35977317494e-17, 1.26457982384e-17, 9.92753798891e-18, 6.25581973459e-18, 3.53398771925e-18, 1.2167640695e-18, 3.54500814315e-19, 3.4018187201e-20], "var": [0.000480778951896, 0.461173355579, 13.6982030869, 77.8411407471, 411.161987305, 80.1722183228, 1391.9486084, 3401.7109375, 20100.6269531, 34588.4648438, 3923.68164062, 9484.27148438, 9118.04980469, 3383.83496094, 1746.46875, 2977.35693359, 16337.8242188, 378.010498047, 1609.47827148, 667.524414062, 255.70149231, 53.9766082764, 21.1652297974, 1.26222646236, 0.474985271692, 6.69365167618, 0.127710402012, 0.161803349853, 0.179057568312, 0.0338930338621, 0.0159604717046, 0.00518052466214, 0.00307974056341, 0.00091490073828, 0.00013840108295, 1.1714698303e-05, 4.93634672694e-07, 2.05157011379e-08, 6.42471409407e-10, 7.33226646066e-10]}, "gfcc": {"mean": [-226.994857788, 232.680648804, -116.654785156, -45.9360122681, -25.4827842712, -29.8708953857, -25.7364234924, -6.20070838928, -8.84387207031, -12.6787099838, -8.29412937164, -12.4212903976, -1.51243698597], "cov": [[20029.9941406, 3086.31518555, -2907.88330078, 1116.23693848, 202.55480957, -617.589050293, 163.760269165, -380.646972656, 22.0198421478, -311.734710693, -78.3817977905, -324.2605896, 181.623413086], [3086.31518555, 3076.3112793, -207.059738159, -947.141235352, 670.932495117, -494.663482666, -38.1542243958, -121.790924072, 37.1386566162, -185.724807739, 108.354995728, -135.070739746, 90.5000839233], [-2907.88330078, -207.059738159, 1379.3347168, 25.4751300812, -227.315307617, 323.156188965, -175.564254761, 50.3805084229, 13.1688299179, 105.448814392, 34.6794052124, 2.98212718964, -107.367042542], [1116.23693848, -947.141235352, 25.4751300812, 951.795043945, -248.555526733, 346.666625977, 151.953445435, -20.0959358215, -29.4843482971, 63.2474250793, -62.1260719299, 7.47972917557, -67.8385696411], [202.55480957, 670.932495117, -227.315307617, -248.555526733, 464.115875244, -71.2550048828, 97.7944412231, 2.47647714615, -17.9660606384, -78.4270935059, 17.2027187347, -9.9554681778, 51.2714271545], [-617.589050293, -494.663482666, 323.156188965, 346.666625977, -71.2550048828, 613.511413574, 228.203567505, -0.00213747960515, -81.821685791, -57.1767959595, -106.752799988, 45.8314056396, -29.7864704132], [163.760269165, -38.1542243958, -175.564254761, 151.953445435, 97.7944412231, 228.203567505, 390.996643066, 34.4503440857, -66.7233276367, -73.6678924561, -74.8537139893, 9.98714160919, -2.84601306915], [-380.646972656, -121.790924072, 50.3805084229, -20.0959358215, 2.47647714615, -0.00213747960515, 34.4503440857, 152.573135376, 47.9653244019, -3.8259396553, -7.22020816803, -5.54104948044, -1.99828183651], [22.0198421478, 37.1386566162, 13.1688299179, -29.4843482971, -17.9660606384, -81.821685791, -66.7233276367, 47.9653244019, 128.536819458, 63.6610603333, 33.9531822205, -3.16503405571, 0.0152256833389], [-311.734710693, -185.724807739, 105.448814392, 63.2474250793, -78.4270935059, -57.1767959595, -73.6678924561, -3.8259396553, 63.6610603333, 156.430007935, 80.5468978882, 2.57799315453, -33.3918266296], [-78.3817977905, 108.354995728, 34.6794052124, -62.1260719299, 17.2027187347, -106.752799988, -74.8537139893, -7.22020816803, 33.9531822205, 80.5468978882, 132.719268799, 31.4684772491, -29.9095077515], [-324.2605896, -135.070739746, 2.98212718964, 7.47972917557, -9.9554681778, 45.8314056396, 9.98714160919, -5.54104948044, -3.16503405571, 2.57799315453, 31.4684772491, 98.8411102295, 18.2340755463], [181.623413086, 90.5000839233, -107.367042542, -67.8385696411, 51.2714271545, -29.7864704132, -2.84601306915, -1.99828183651, 0.0152256833389, -33.3918266296, -29.9095077515, 18.2340755463, 117.846595764]], "icov": [[0.000334238575306, -0.000840761000291, 0.000940738304053, -0.0010040825, 0.000762984971516, -0.000425668607932, 0.000733443768695, -0.000574817880988, 0.000382211408578, -0.000224282470299, 8.68618517416e-05, 0.000170073093614, -8.98264333955e-05], [-0.000840761000291, 0.00323315476999, -0.00281818932854, 0.00300247780979, -0.00269466498867, 0.00162109546363, -0.00269694323651, 0.00331662548706, -0.00265769055113, 0.00307320198044, -0.00234575592913, 0.00161352625582, -0.00042698715697], [0.000940738304053, -0.00281818932854, 0.00425220653415, -0.00253742118366, 0.00274916226044, -0.00291875889525, 0.00358636653982, -0.0032353119459, 0.0023120273836, -0.00260611483827, 0.000806177733466, 0.000147261831444, 0.000668801076245], [-0.0010040825, 0.00300247780979, -0.00253742118366, 0.00508434744552, -0.00183232105337, 0.000346566550434, -0.00273724459112, 0.00257190945558, -0.00165201886557, 0.000338537647622, -0.000701882294379, 0.000638749974314, 0.000538218999282], [0.000762984971516, -0.00269466498867, 0.00274916226044, -0.00183232105337, 0.00579478591681, -0.00164391566068, 0.00104196369648, -0.00228066556156, 0.00159283913672, -0.000373731716536, -0.00110330781899, 0.000601548992563, -0.00108597474173], [-0.000425668607932, 0.00162109546363, -0.00291875889525, 0.000346566550434, -0.00164391566068, 0.00547613529488, -0.00351693644188, 0.00246146856807, -0.00106827029958, 0.00219832407311, 0.00160985358525, -0.00199914071709, 0.000348495697835], [0.000733443768695, -0.00269694323651, 0.00358636653982, -0.00273724459112, 0.00104196369648, -0.00351693644188, 0.00761023163795, -0.00485917832702, 0.00408886000514, -0.00327870203182, 0.00312621309422, -0.00154050311539, 0.00149387074634], [-0.000574817880988, 0.00331662548706, -0.0032353119459, 0.00257190945558, -0.00228066556156, 0.00246146856807, -0.00485917832702, 0.0130447745323, -0.00837843120098, 0.00679651880637, -0.00373430503532, 0.00331829325296, -0.00094426079886], [0.000382211408578, -0.00265769055113, 0.0023120273836, -0.00165201886557, 0.00159283913672, -0.00106827029958, 0.00408886000514, -0.00837843120098, 0.0163241550326, -0.0100120063871, 0.00458530522883, -0.00330643565394, 0.000437358918134], [-0.000224282470299, 0.00307320198044, -0.00260611483827, 0.000338537647622, -0.000373731716536, 0.00219832407311, -0.00327870203182, 0.00679651880637, -0.0100120063871, 0.0211052242666, -0.0138625157997, 0.00709732994437, -0.00207458436489], [8.68618517416e-05, -0.00234575592913, 0.000806177733466, -0.000701882294379, -0.00110330781899, 0.00160985358525, 0.00312621309422, -0.00373430503532, 0.00458530522883, -0.0138625157997, 0.0237562935799, -0.0126116443425, 0.00694927526638], [0.000170073093614, 0.00161352625582, 0.000147261831444, 0.000638749974314, 0.000601548992563, -0.00199914071709, -0.00154050311539, 0.00331829325296, -0.00330643565394, 0.00709732994437, -0.0126116443425, 0.0189639087766, -0.00587091920897], [-8.98264333955e-05, -0.00042698715697, 0.000668801076245, 0.000538218999282, -0.00108597474173, 0.000348495697835, 0.00149387074634, -0.00094426079886, 0.000437358918134, -0.00207458436489, 0.00694927526638, -0.00587091920897, 0.0125359594822]]}, "melbands": {"dmean": [6.69102009851e-05, 0.000303407170577, 0.000313966738759, 0.00017532723723, 0.000344326661434, 0.000329480593791, 0.000146401012898, 0.000137801864184, 7.80661575845e-05, 7.91624042904e-05, 6.05925706623e-05, 3.91916510125e-05, 2.88274295599e-05, 9.00826762518e-06, 3.13530872518e-05, 1.68924361788e-05, 4.52015228802e-06, 4.73905492981e-06, 2.82383621197e-06, 2.78593961411e-06, 1.26119095967e-06, 8.59108411078e-07, 1.13999385576e-06, 2.32859633797e-07, 1.41483440075e-07, 9.27697456632e-08, 8.282518138e-08, 1.23193245827e-07, 3.31089253791e-08, 2.63801691602e-08, 2.96735578331e-08, 3.19001145499e-08, 1.36937039485e-08, 1.39400757604e-08, 1.00430304073e-08, 6.85551881929e-09, 5.72725999959e-09, 5.95322013908e-09, 4.32974767151e-09, 2.99471425436e-09], "dmean2": [0.000112768218969, 0.00049731467152, 0.000512967584655, 0.000297399557894, 0.000608624366578, 0.000588561641052, 0.000204354539164, 0.000189051803318, 0.000101731078757, 9.29074667511e-05, 7.31862382963e-05, 4.87963625346e-05, 4.43057942903e-05, 1.27813045765e-05, 4.13218003814e-05, 2.35267525568e-05, 7.24101619198e-06, 7.09177083991e-06, 3.89050137528e-06, 3.6895694393e-06, 1.88475632967e-06, 1.31118395075e-06, 1.63812671872e-06, 3.34010138658e-07, 2.01284649393e-07, 1.426410563e-07, 1.24737539409e-07, 1.86332158592e-07, 5.19392031606e-08, 3.98328587892e-08, 4.55236346397e-08, 5.2456009314e-08, 2.24877467758e-08, 2.28242562628e-08, 1.66471814111e-08, 1.14462341827e-08, 9.32399135678e-09, 1.01214938653e-08, 7.18760206908e-09, 5.00382890678e-09], "dvar": [6.06411205695e-08, 1.06611048523e-06, 3.38930476573e-06, 7.74026887029e-07, 4.96966777064e-07, 5.07029824348e-07, 5.69536780404e-07, 4.52213640756e-07, 5.35053139572e-08, 6.54501022268e-08, 7.88149634445e-08, 2.38003021735e-08, 9.79017578118e-09, 2.42804443218e-09, 4.81056048329e-08, 1.59912101338e-08, 1.29015320649e-09, 5.250790025e-09, 6.82999268253e-10, 4.25557006301e-10, 2.29542149177e-10, 3.85999322783e-11, 1.13216193365e-10, 1.22878454373e-12, 3.75441295891e-13, 2.19131638291e-13, 4.553228454e-13, 3.6638960095e-12, 4.72919060412e-14, 3.38523527515e-14, 7.36870484877e-14, 1.83393014316e-13, 1.28413362707e-14, 1.59476839151e-14, 1.0182750571e-14, 3.49722349163e-15, 2.14559967693e-15, 2.59343912516e-15, 1.27518364401e-15, 7.790678706e-16], "dvar2": [1.65447119116e-07, 2.93573816634e-06, 8.14340000943e-06, 2.33900527746e-06, 1.68298231529e-06, 1.62774119872e-06, 9.79043193183e-07, 7.51395646148e-07, 9.29209917899e-08, 9.48667349121e-08, 1.25107419535e-07, 3.9756724135e-08, 2.2047510484e-08, 5.1473709739e-09, 8.86680808776e-08, 3.20180610913e-08, 3.29663896181e-09, 1.22018093407e-08, 1.48528278565e-09, 8.49113113155e-10, 4.3037479136e-10, 9.44094108446e-11, 2.11644646253e-10, 2.53210711947e-12, 7.59209264466e-13, 4.93759601348e-13, 1.10191348233e-12, 8.66370777203e-12, 1.2275997005e-13, 8.22051912761e-14, 1.85049458395e-13, 4.93329227295e-13, 3.43260677857e-14, 4.27928837656e-14, 2.72822959564e-14, 9.46104377161e-15, 5.60447481067e-15, 7.05068234767e-15, 3.35056481902e-15, 2.02343486781e-15], "max": [0.00717518012971, 0.0373356640339, 0.0660969018936, 0.0288919471204, 0.0105688357726, 0.0144564779475, 0.0335231274366, 0.0377916507423, 0.00882004294544, 0.0123136872426, 0.00901684630662, 0.00567850563675, 0.00320803490467, 0.00224082963541, 0.00852248445153, 0.00659351050854, 0.00174915627576, 0.00403290381655, 0.00182864512317, 0.00158679671586, 0.00110821356066, 0.000283299159491, 0.000814058061223, 3.75686577172e-05, 1.92276329471e-05, 1.90687496797e-05, 2.85888363578e-05, 0.000105699313281, 9.03638374439e-06, 9.97266306513e-06, 1.05284943857e-05, 2.08518504223e-05, 5.73629358769e-06, 6.26863402431e-06, 5.79679317525e-06, 1.35488733122e-06, 1.46333627526e-06, 1.31179081109e-06, 1.09151426386e-06, 1.40567362905e-06], "mean": [0.000149808052811, 0.00071173364995, 0.000601040141191, 0.000366511434549, 0.000753491884097, 0.000824996153824, 0.000643125269562, 0.000583915039897, 0.00029975688085, 0.000289534014883, 0.00014868247672, 0.000102147008874, 7.56431982154e-05, 2.24686882575e-05, 5.23015769431e-05, 2.77149538306e-05, 7.52777305024e-06, 6.98166149959e-06, 5.27162364961e-06, 5.49228661839e-06, 2.39803785007e-06, 1.40750614719e-06, 1.5394653019e-06, 4.24720553838e-07, 2.73780557336e-07, 1.46313738014e-07, 1.23940509411e-07, 1.31376381773e-07, 4.00562178982e-08, 2.87347443617e-08, 3.22592157431e-08, 2.84586398891e-08, 1.26944659229e-08, 1.21310339551e-08, 8.36771629764e-09, 5.4899405022e-09, 4.65087657275e-09, 4.57053417335e-09, 3.3833138513e-09, 2.38784703122e-09], "median": [2.29242432397e-05, 0.000148816790897, 0.000117747855256, 8.138512203e-05, 0.00030317841447, 0.000269608310191, 6.46453263471e-05, 6.20548962615e-05, 0.000107593019493, 7.45366851334e-05, 1.62577853189e-05, 1.53049495566e-05, 9.6497751656e-06, 3.41684722116e-06, 3.47757531927e-06, 2.07705465982e-06, 1.47532341543e-06, 1.1239125115e-06, 1.1436522982e-06, 9.93299750007e-07, 3.44585487255e-07, 2.21842100245e-07, 1.43006076314e-07, 3.2348879131e-08, 2.44416629158e-08, 1.07517976744e-08, 6.62493349068e-09, 2.51960408093e-09, 6.20675955076e-10, 3.10757197752e-10, 1.81284598444e-10, 6.63793048306e-11, 3.0085201691e-11, 2.35064016862e-11, 1.58219652657e-11, 1.01018551163e-11, 7.8119160446e-12, 6.58628750497e-12, 5.63246844998e-12, 4.96124929333e-12], "min": [3.04416753268e-23, 5.10524745449e-23, 5.28594827218e-24, 1.44361135448e-23, 4.91888458766e-24, 4.56905159746e-24, 1.41925385408e-23, 1.22126767401e-23, 7.88318090032e-24, 5.95123175001e-24, 6.94079267459e-24, 6.76270811409e-24, 1.37353794467e-23, 1.00861909407e-23, 6.99435396347e-24, 3.21553016996e-24, 6.86387242544e-24, 9.16002406176e-24, 1.33697297954e-23, 6.42594378809e-24, 7.26281042926e-24, 9.30816977318e-24, 1.14464001337e-23, 9.30946350507e-24, 5.66717477096e-24, 9.8967160176e-24, 6.4892585532e-24, 1.02620185701e-23, 9.27885570194e-24, 1.22331973788e-23, 8.68002586676e-24, 5.95774182463e-24, 1.00099333347e-23, 1.32580602234e-23, 8.58774728465e-24, 1.20535705953e-23, 1.3613771805e-23, 9.58646175674e-24, 8.6465899973e-24, 1.13154602675e-23], "var": [1.8202655383e-07, 2.30963701142e-06, 4.03820604333e-06, 1.0321634818e-06, 1.15736156658e-06, 1.66661072853e-06, 4.8630645324e-06, 2.9216087114e-06, 3.21555859273e-07, 3.29904736418e-07, 2.56965023482e-07, 8.49736210284e-08, 3.35349632508e-08, 8.04519029174e-09, 9.66046087569e-08, 2.93809030438e-08, 1.29074373412e-09, 5.51439871543e-09, 9.33089161492e-10, 7.27143234514e-10, 3.3697661328e-10, 4.38748967713e-11, 1.50672335719e-10, 2.81549024546e-12, 8.16918364552e-13, 3.15827794689e-13, 4.82432832832e-13, 3.62030240855e-12, 4.7651359719e-14, 3.30190078567e-14, 7.08195302531e-14, 1.38839311684e-13, 9.87815582912e-15, 1.15029124057e-14, 7.30501373096e-15, 2.48222687556e-15, 1.63876258399e-15, 1.77659231456e-15, 9.46647198225e-16, 5.86200162576e-16]}, "mfcc": {"mean": [-832.379272461, 231.224807739, 4.84752464294, -12.5260591507, 3.33099746704, -11.9182825089, -14.7970342636, -4.28051900864, -0.693666219711, -1.68008494377, -3.53269767761, -3.32407045364, -1.50683307648], "cov": [[8248.94238281, 3055.56323242, -1605.62768555, 425.184753418, 203.877883911, -113.269744873, 86.1331253052, 59.4069709778, -82.4387741089, -13.3219013214, -29.9353713989, -76.0513839722, -19.5918216705], [3055.56323242, 2655.91503906, -399.166229248, -265.428710938, 249.288238525, -132.720413208, -68.3567504883, 10.8031587601, -45.2488479614, -52.5955238342, -61.6283187866, -29.4258289337, 48.1485748291], [-1605.62768555, -399.166229248, 1028.38708496, 43.1784591675, -34.3522262573, 149.60647583, -48.3049049377, -33.6002845764, 24.9208507538, 10.1644248962, 32.140499115, 58.7712974548, 7.04089069366], [425.184753418, -265.428710938, 43.1784591675, 455.23236084, 28.3564872742, 18.1909999847, 41.0027084351, -31.1090488434, -34.4841575623, 40.282245636, 82.6670379639, 60.5148429871, 14.1171865463], [203.877883911, 249.288238525, -34.3522262573, 28.3564872742, 176.868667603, 20.2333717346, -18.3296661377, -6.43343734741, -26.4363574982, -5.92336797714, -0.532767176628, 4.50867605209, 23.4371566772], [-113.269744873, -132.720413208, 149.60647583, 18.1909999847, 20.2333717346, 275.3359375, 198.746414185, 97.4523239136, 61.4956016541, -8.43851280212, -27.184923172, -17.2947349548, -32.2412796021], [86.1331253052, -68.3567504883, -48.3049049377, 41.0027084351, -18.3296661377, 198.746414185, 370.675537109, 244.501647949, 82.8322143555, 10.2625207901, -20.6483383179, -47.2962760925, -43.2940864563], [59.4069709778, 10.8031587601, -33.6002845764, -31.1090488434, -6.43343734741, 97.4523239136, 244.501647949, 276.998931885, 128.677780151, 3.26703333855, -39.0245094299, -71.4080505371, -45.9606819153], [-82.4387741089, -45.2488479614, 24.9208507538, -34.4841575623, -26.4363574982, 61.4956016541, 82.8322143555, 128.677780151, 154.764511108, 52.1225166321, -45.4164047241, -71.9689025879, -42.9401016235], [-13.3219013214, -52.5955238342, 10.1644248962, 40.282245636, -5.92336797714, -8.43851280212, 10.2625207901, 3.26703333855, 52.1225166321, 113.569480896, 41.6040344238, -41.0724868774, -26.0264415741], [-29.9353713989, -61.6283187866, 32.140499115, 82.6670379639, -0.532767176628, -27.184923172, -20.6483383179, -39.0245094299, -45.4164047241, 41.6040344238, 136.086685181, 88.6395187378, 4.14774465561], [-76.0513839722, -29.4258289337, 58.7712974548, 60.5148429871, 4.50867605209, -17.2947349548, -47.2962760925, -71.4080505371, -71.9689025879, -41.0724868774, 88.6395187378, 186.870422363, 91.457649231], [-19.5918216705, 48.1485748291, 7.04089069366, 14.1171865463, 23.4371566772, -32.2412796021, -43.2940864563, -45.9606819153, -42.9401016235, -26.0264415741, 4.14774465561, 91.457649231, 131.77355957]], "icov": [[0.000817459134851, -0.00111819023732, 0.00130114727654, -0.00181004684418, 0.00184121495113, -0.00227303756401, 0.00254210759886, -0.00254869740456, 0.00238733179867, -0.00195359508507, 0.00158259354066, -0.000820039422251, 0.000628563226201], [-0.00111819023732, 0.00204930920154, -0.00169191358145, 0.00282309274189, -0.00339391967282, 0.00356711051427, -0.00382350129075, 0.00374572421424, -0.00351815042086, 0.00293623073958, -0.00223172595724, 0.00114717078395, -0.000892881595064], [0.00130114727654, -0.00169191358145, 0.00344829214737, -0.00301759876311, 0.0036115013063, -0.00556733598933, 0.00611745892093, -0.00566998682916, 0.00495126470923, -0.00442110840231, 0.0031155294273, -0.0021533605177, 0.00111516274046], [-0.00181004684418, 0.00282309274189, -0.00301759876311, 0.00697814906016, -0.00541620142758, 0.00597978802398, -0.00759295467287, 0.00741265108809, -0.0060256505385, 0.00433268211782, -0.00486521143466, 0.00165117217693, -0.00147046823986], [0.00184121495113, -0.00339391967282, 0.0036115013063, -0.00541620142758, 0.013385688886, -0.0101806120947, 0.0118235442787, -0.0123001206666, 0.0122820949182, -0.00927842501551, 0.00619131699204, -0.00257449783385, 0.000385625404306], [-0.00227303756401, 0.00356711051427, -0.00556733598933, 0.00597978802398, -0.0101806120947, 0.0192204192281, -0.0198310445994, 0.0187710300088, -0.0179016180336, 0.0145148783922, -0.00832932069898, 0.0044943257235, -0.00126326153986], [0.00254210759886, -0.00382350129075, 0.00611745892093, -0.00759295467287, 0.0118235442787, -0.0198310445994, 0.0292888917029, -0.0302883666009, 0.0254793576896, -0.0216655544937, 0.0151738757268, -0.0097508430481, 0.00467888591811], [-0.00254869740456, 0.00374572421424, -0.00566998682916, 0.00741265108809, -0.0123001206666, 0.0187710300088, -0.0302883666009, 0.0401268936694, -0.0362797565758, 0.0310727339238, -0.023495066911, 0.0164420492947, -0.00777104496956], [0.00238733179867, -0.00351815042086, 0.00495126470923, -0.0060256505385, 0.0122820949182, -0.0179016180336, 0.0254793576896, -0.0362797565758, 0.0465265028179, -0.0386661812663, 0.030857777223, -0.0191735681146, 0.0110347894952], [-0.00195359508507, 0.00293623073958, -0.00442110840231, 0.00433268211782, -0.00927842501551, 0.0145148783922, -0.0216655544937, 0.0310727339238, -0.0386661812663, 0.0496147051454, -0.038777846843, 0.0290847625583, -0.014436384663], [0.00158259354066, -0.00223172595724, 0.0031155294273, -0.00486521143466, 0.00619131699204, -0.00832932069898, 0.0151738757268, -0.023495066911, 0.030857777223, -0.038777846843, 0.0456250347197, -0.0325613021851, 0.0186165422201], [-0.000820039422251, 0.00114717078395, -0.0021533605177, 0.00165117217693, -0.00257449783385, 0.0044943257235, -0.0097508430481, 0.0164420492947, -0.0191735681146, 0.0290847625583, -0.0325613021851, 0.0335080213845, -0.0192491151392], [0.000628563226201, -0.000892881595064, 0.00111516274046, -0.00147046823986, 0.000385625404306, -0.00126326153986, 0.00467888591811, -0.00777104496956, 0.0110347894952, -0.014436384663, 0.0186165422201, -0.0192491151392, 0.0200739856809]]}, "spectral_contrast_coeffs": {"dmean": [0.0395758114755, 0.0377829819918, 0.0292950943112, 0.0259991083294, 0.0213158037513, 0.0351696535945], "dmean2": [0.0674854964018, 0.0640702694654, 0.0453730486333, 0.0399909615517, 0.0337304063141, 0.0613421052694], "dvar": [0.00113510165829, 0.00129385304172, 0.000998966745101, 0.000768798170611, 0.000492011138704, 0.00124513159972], "dvar2": [0.00317445676774, 0.00357663049363, 0.00217664567754, 0.00172328297049, 0.00110598164611, 0.0035087231081], "max": [-0.2962872684, -0.312568724155, -0.384047567844, -0.503609895706, -0.541863083839, -0.542481958866], "mean": [-0.618449747562, -0.651531636715, -0.681177020073, -0.729189574718, -0.732236325741, -0.857162714005], "median": [-0.622131347656, -0.655603885651, -0.676882863045, -0.725967168808, -0.717994809151, -0.871404588223], "min": [-0.964457929134, -0.966834366322, -0.959167599678, -0.963044345379, -0.960825145245, -0.963415265083], "var": [0.00830652471632, 0.012688761577, 0.00907112564892, 0.00539709068835, 0.00641418714076, 0.00461135432124]}, "spectral_contrast_valleys": {"dmean": [0.389051228762, 0.289618581533, 0.300141394138, 0.318989992142, 0.351077884436, 0.767395675182], "dmean2": [0.653354346752, 0.471311450005, 0.468074053526, 0.496174424887, 0.531087815762, 1.31033372879], "dvar": [0.125989571214, 0.104080624878, 0.123590581119, 0.179318994284, 0.232359096408, 0.446908652782], "d