{"lowlevel": {"average_loudness": 0.943112611771, "barkbands_crest": {"dmean": 3.77999901772, "dmean2": 5.81138896942, "dvar": 10.7398633957, "dvar2": 24.1938514709, "max": 26.4193325043, "mean": 15.2396020889, "median": 15.5986738205, "min": 2.37964868546, "var": 34.8838119507}, "barkbands_flatness_db": {"dmean": 0.0530063360929, "dmean2": 0.0726437494159, "dvar": 0.00276906648651, "dvar2": 0.00495992042124, "max": 0.926281094551, "mean": 0.228995233774, "median": 0.199234038591, "min": 0.0143345855176, "var": 0.0221946164966}, "barkbands_kurtosis": {"dmean": 35.4479751587, "dmean2": 56.0233650208, "dvar": 5556.73681641, "dvar2": 14024.9541016, "max": 1541.28271484, "mean": 47.9804039001, "median": 14.9567909241, "min": -1.93299221992, "var": 8746.67773438}, "barkbands_skewness": {"dmean": 1.87497866154, "dmean2": 2.78646802902, "dvar": 4.64308786392, "dvar2": 11.0322494507, "max": 29.9568538666, "mean": 4.18684482574, "median": 3.43904614449, "min": -3.42862939835, "var": 13.4985389709}, "barkbands_spread": {"dmean": 9.88506603241, "dmean2": 14.7168579102, "dvar": 223.797302246, "dvar2": 411.789215088, "max": 141.468673706, "mean": 20.3137950897, "median": 9.92927074432, "min": 0.0461567305028, "var": 624.461242676}, "dissonance": {"dmean": 0.0179608389735, "dmean2": 0.0301494020969, "dvar": 0.000684893515427, "dvar2": 0.0018520160811, "max": 0.500000178814, "mean": 0.470901250839, "median": 0.482805132866, "min": 0.144239142537, "var": 0.0013659123797}, "dynamic_complexity": 4.4296746254, "erbbands_crest": {"dmean": 2.49105119705, "dmean2": 4.14902162552, "dvar": 6.26488304138, "dvar2": 15.1688404083, "max": 32.5635757446, "mean": 8.24035739899, "median": 6.63712072372, "min": 2.15882945061, "var": 24.4415912628}, "erbbands_flatness_db": {"dmean": 0.0234244242311, "dmean2": 0.0349261909723, "dvar": 0.000816362618934, "dvar2": 0.00157397054136, "max": 0.511550605297, "mean": 0.133816659451, "median": 0.107855416834, "min": 0.0343543663621, "var": 0.00611630547792}, "erbbands_kurtosis": {"dmean": 5.15796613693, "dmean2": 8.44961643219, "dvar": 531.227355957, "dvar2": 1506.9765625, "max": 602.53112793, "mean": 6.25835561752, "median": -0.292067289352, "min": -1.91831099987, "var": 1074.5859375}, "erbbands_skewness": {"dmean": 0.687774896622, "dmean2": 1.04712355137, "dvar": 0.967389345169, "dvar2": 2.29200530052, "max": 17.2379608154, "mean": 0.571215927601, "median": 0.077263571322, "min": -3.59658885002, "var": 4.07803964615}, "erbbands_spread": {"dmean": 17.2526035309, "dmean2": 27.0416507721, "dvar": 344.714294434, "dvar2": 785.272766113, "max": 183.669509888, "mean": 60.0900154114, "median": 60.1660614014, "min": 0.488748162985, "var": 1075.71081543}, "hfc": {"dmean": 14.9585762024, "dmean2": 21.4357585907, "dvar": 613.948059082, "dvar2": 1242.17285156, "max": 276.555206299, "mean": 22.5348014832, "median": 10.5295686722, "min": 1.05135390392e-16, "var": 1002.70385742}, "melbands_crest": {"dmean": 4.46475553513, "dmean2": 6.93143987656, "dvar": 19.1882686615, "dvar2": 39.4046516418, "max": 39.918170929, "mean": 22.6117973328, "median": 21.1224555969, "min": 1.52972793579, "var": 78.2681350708}, "melbands_flatness_db": {"dmean": 0.0618319623172, "dmean2": 0.0850457698107, "dvar": 0.00365619477816, "dvar2": 0.00665129441768, "max": 1, "mean": 0.322455972433, "median": 0.294568628073, "min": 0.00233481591567, "var": 0.028559140861}, "melbands_kurtosis": {"dmean": 122.559089661, "dmean2": 198.285842896, "dvar": 348458.21875, "dvar2": 958726.9375, "max": 21483.2929688, "mean": 159.011642456, "median": 56.4080924988, "min": -1.92912948132, "var": 312197.03125}, "melbands_skewness": {"dmean": 2.86670899391, "dmean2": 4.34235906601, "dvar": 18.4951515198, "dvar2": 46.315486908, "max": 112.674484253, "mean": 7.33959817886, "median": 6.29247570038, "min": -3.53737568855, "var": 35.5267677307}, "melbands_spread": {"dmean": 8.27224826813, "dmean2": 13.4429140091, "dvar": 264.97644043, "dvar2": 658.316467285, "max": 302.442749023, "mean": 14.0872783661, "median": 5.51902723312, "min": 0.00443419767544, "var": 565.700683594}, "pitch_salience": {"dmean": 0.12102714926, "dmean2": 0.187165156007, "dvar": 0.0127349104732, "dvar2": 0.0272874366492, "max": 0.961629629135, "mean": 0.404203027487, "median": 0.395947396755, "min": 0.00793032813817, "var": 0.0425003506243}, "silence_rate_20dB": {"dmean": 0.000242130743572, "dmean2": 0.000484290823806, "dvar": 0.000242052177782, "dvar2": 0.000726121943444, "max": 1, "mean": 0.999878942966, "median": 1, "min": 0, "var": 0.000121038407087}, "silence_rate_30dB": {"dmean": 0.15605327487, "dmean2": 0.312125444412, "dvar": 0.131687700748, "dvar2": 0.263741225004, "max": 1, "mean": 0.749954581261, "median": 1, "min": 0, "var": 0.187512069941}, "silence_rate_60dB": {"dmean": 0.0236077476293, "dmean2": 0.0472183562815, "dvar": 0.0230490807444, "dvar2": 0.0496050417423, "max": 1, "mean": 0.0874039083719, "median": 0, "min": 0, "var": 0.0797604843974}, "spectral_centroid": {"dmean": 420.84753418, "dmean2": 654.60357666, "dvar": 269533.71875, "dvar2": 546005.125, "max": 11770.5683594, "mean": 1349.16650391, "median": 1046.43164062, "min": 27.5579147339, "var": 1917771.25}, "spectral_complexity": {"dmean": 5.36598062515, "dmean2": 7.75119543076, "dvar": 53.3353652954, "dvar2": 100.119979858, "max": 65, "mean": 12.5656433105, "median": 9, "min": 0, "var": 140.55039978}, "spectral_decrease": {"dmean": 9.70209423912e-09, "dmean2": 1.54251722506e-08, "dvar": 1.79051819796e-16, "dvar2": 4.36331552724e-16, "max": 1.68738787259e-28, "mean": -1.74690750754e-08, "median": -1.05018509444e-08, "min": -1.07890357981e-07, "var": 3.38054687367e-16}, "spectral_energy": {"dmean": 0.0370426997542, "dmean2": 0.0590145401657, "dvar": 0.00260520167649, "dvar2": 0.00635481858626, "max": 0.410163670778, "mean": 0.0679763406515, "median": 0.0428873710334, "min": 9.83005526425e-21, "var": 0.00489027844742}, "spectral_energyband_high": {"dmean": 0.00126600894146, "dmean2": 0.0017814860912, "dvar": 6.92885851095e-06, "dvar2": 1.46148649947e-05, "max": 0.0332259126008, "mean": 0.00160594657063, "median": 0.00035410511191, "min": 6.6114704592e-21, "var": 1.00438346635e-05}, "spectral_energyband_low": {"dmean": 0.0352508537471, "dmean2": 0.0542545579374, "dvar": 0.00238783773966, "dvar2": 0.00578955980018, "max": 0.404863774776, "mean": 0.0571138523519, "median": 0.0302938148379, "min": 6.82041565589e-24, "var": 0.00436373660341}, "spectral_energyband_middle_high": {"dmean": 0.00118497712538, "dmean2": 0.00176922231913, "dvar": 4.78576885143e-06, "dvar2": 1.09321290438e-05, "max": 0.0278313364834, "mean": 0.00171913031954, "median": 0.000820259738248, "min": 1.21474865686e-21, "var": 7.07851449988e-06}, "spectral_energyband_middle_low": {"dmean": 0.0102731632069, "dmean2": 0.018721293658, "dvar": 0.000881804269738, "dvar2": 0.0024976064451, "max": 0.285372376442, "mean": 0.00970505177975, "median": 0.00419129570946, "min": 1.54805243625e-22, "var": 0.00054863630794}, "spectral_entropy": {"dmean": 0.294654995203, "dmean2": 0.441196411848, "dvar": 0.135196521878, "dvar2": 0.251824975014, "max": 9.82690429688, "mean": 7.55960464478, "median": 7.78308105469, "min": 3.12003922462, "var": 0.86820346117}, "spectral_flux": {"dmean": 0.0613292492926, "dmean2": 0.0984846875072, "dvar": 0.00486382097006, "dvar2": 0.0111352661625, "max": 0.593877315521, "mean": 0.13515509665, "median": 0.111157529056, "min": 6.3304535225e-11, "var": 0.01021183189}, "spectral_kurtosis": {"dmean": 3.13799333572, "dmean2": 4.77280235291, "dvar": 102.008178711, "dvar2": 232.868118286, "max": 419.918182373, "mean": 6.01169061661, "median": 2.48294067383, "min": -1.2726354599, "var": 236.550094604}, "spectral_rms": {"dmean": 0.00202771835029, "dmean2": 0.00311737437733, "dvar": 5.27596557731e-06, "dvar2": 1.17287227113e-05, "max": 0.0200039912015, "mean": 0.00701842969283, "median": 0.00646848790348, "min": 3.09682054306e-12, "var": 1.70598141267e-05}, "spectral_rolloff": {"dmean": 778.637756348, "dmean2": 1278.24108887, "dvar": 2878122.75, "dvar2": 5830052.5, "max": 19659.8144531, "mean": 1398.47888184, "median": 172.265625, "min": 21.533203125, "var": 9628822}, "spectral_skewness": {"dmean": 0.371392309666, "dmean2": 0.54938852787, "dvar": 0.351137816906, "dvar2": 0.713187217712, "max": 17.890209198, "mean": 1.62153553963, "median": 1.30961441994, "min": -0.216435581446, "var": 1.48877573013}, "spectral_spread": {"dmean": 1004994.875, "dmean2": 1506018.125, "dvar": 1707346886660.0, "dvar2": 3495378026500.0, "max": 51319704, "mean": 6299952.5, "median": 5904253.5, "min": 368569.125, "var": 18131263160300.0}, "spectral_strongpeak": {"dmean": 0.233357861638, "dmean2": 0.38927924633, "dvar": 0.0686012655497, "dvar2": 0.181519418955, "max": 5.8250784874, "mean": 0.440724819899, "median": 0.393821984529, "min": 0, "var": 0.122101046145}, "zerocrossingrate": {"dmean": 0.0193533767015, "dmean2": 0.0212738271803, "dvar": 0.000708701729309, "dvar2": 0.000746897945646, "max": 0.5263671875, "mean": 0.0605141557753, "median": 0.033203125, "min": 0.0009765625, "var": 0.00619558664039}, "barkbands": {"dmean": [0.00316262198612, 0.0305255018175, 0.00584028474987, 0.00599252991378, 0.00397144444287, 0.000693142181262, 0.000347551511368, 0.000222151298658, 0.000175880733877, 0.000124158745166, 0.000100267941889, 0.000154706751346, 0.00011543729488, 0.000130465981783, 0.000201964809094, 0.00011137653928, 0.000125369435409, 0.000139237366966, 0.000142574528581, 0.000172740183189, 0.000256858649664, 0.000251806748565, 0.00020711873367, 0.000160594601766, 0.00012904619507, 0.000177067136974, 7.29234961909e-05], "dmean2": [0.0041167717427, 0.0474364422262, 0.0101723428816, 0.0110459299758, 0.0072275288403, 0.00123838661239, 0.000610642018728, 0.00035630929051, 0.00028827378992, 0.000204217474675, 0.000164861048688, 0.000252546771662, 0.000179434835445, 0.00020883938123, 0.000328625028487, 0.000176874862518, 0.000200590715394, 0.000219058158109, 0.000217328240979, 0.000267806113698, 0.000404281308874, 0.000386256695492, 0.000311653333483, 0.00023315915314, 0.00018358413945, 0.00023093308846, 9.79570686468e-05], "dvar": [1.92371662706e-05, 0.00210732570849, 0.000144958743476, 0.000302169966744, 0.000159991177497, 3.12801785185e-06, 3.30343027599e-07, 1.81661036436e-07, 1.16525633587e-07, 8.5349803669e-08, 5.12426439059e-08, 1.06050407567e-07, 6.34892458606e-08, 8.44581933279e-08, 3.15094695225e-07, 6.2615832519e-08, 6.72564652859e-08, 9.10770268092e-08, 7.13963643761e-08, 1.63465088576e-07, 4.70043005407e-07, 3.75698817834e-07, 2.5691826977e-07, 1.01879450654e-07, 8.23471069111e-08, 1.65127602259e-07, 3.24543520946e-08], "dvar2": [3.15069119097e-05, 0.00506043992937, 0.000395782873966, 0.000862228218466, 0.000459722708911, 8.72036525834e-06, 9.38587220389e-07, 4.42753986363e-07, 3.01610498354e-07, 1.83555769695e-07, 1.26689428726e-07, 2.64586532239e-07, 1.35255149303e-07, 2.10881793805e-07, 7.82593644999e-07, 1.5325286995e-07, 1.61443395541e-07, 2.2464871563e-07, 1.60569015861e-07, 3.72599970433e-07, 1.17051354209e-06, 9.08505569441e-07, 5.8683900761e-07, 2.11499326497e-07, 1.6355276955e-07, 2.73853714816e-07, 6.1294215925e-08], "max": [0.0490784831345, 0.388163119555, 0.176793321967, 0.19549292326, 0.141155287623, 0.0292704179883, 0.00822867453098, 0.0053534777835, 0.00578705687076, 0.00406375993043, 0.00425421725959, 0.00487716775388, 0.00387524021789, 0.00457718223333, 0.00711466325447, 0.00560536328703, 0.00303598376922, 0.00385383982211, 0.00345346867107, 0.00852327048779, 0.012590370141, 0.010948122479, 0.00746266543865, 0.00418233592063, 0.00518571026623, 0.0036496212706, 0.00164562370628], "mean": [0.00630520796403, 0.0427142567933, 0.00594915635884, 0.00463159475476, 0.0033984426409, 0.000617141253315, 0.000448372855317, 0.000329081522068, 0.000243856440648, 0.000141351891216, 0.000109986263851, 0.000187304176507, 0.000143746088725, 0.000140352320159, 0.000256690429524, 0.000132734770887, 0.000154561377713, 0.000158930604812, 0.000183598982403, 0.000215142659727, 0.000293821591185, 0.000288944807835, 0.000228866076213, 0.000198451627512, 0.00018438018742, 0.00024025660241, 8.00704292487e-05], "median": [0.00210815714672, 0.0179127473384, 0.00199200352654, 0.00115823361557, 0.000846419949085, 0.00018296991766, 0.000249454664299, 0.000141361204442, 9.06030254555e-05, 4.22892517236e-05, 3.15230608976e-05, 5.5065149354e-05, 4.57904025097e-05, 3.930400635e-05, 4.68306570838e-05, 3.45591579389e-05, 4.73425207019e-05, 4.50420666311e-05, 6.06252979196e-05, 5.34678038093e-05, 6.69975779601e-05, 6.07867732469e-05, 3.90349741792e-05, 3.47394197888e-05, 2.27471700782e-05, 1.11695762826e-05, 1.16097544378e-06], "min": [8.33454349377e-26, 2.2613770699e-24, 3.67568013155e-25, 7.07188508678e-25, 6.52912758335e-24, 6.21324558879e-24, 5.54829461583e-24, 5.54346718152e-24, 9.07837222491e-24, 7.45072261891e-24, 1.63720665586e-23, 9.9197554892e-24, 2.67147713999e-23, 3.02403485575e-23, 4.27439990091e-23, 5.86321814439e-23, 3.95912848469e-23, 1.01351915091e-22, 1.27281104092e-22, 1.81632522367e-22, 1.87794939676e-22, 3.06408696474e-22, 3.88733665184e-22, 6.04020218081e-22, 8.02891926069e-22, 1.24050939566e-21, 1.75498504051e-21], "var": [7.9012788774e-05, 0.00330190244131, 0.000115469447337, 0.00018072561943, 9.83691206784e-05, 2.13617613554e-06, 3.80999495064e-07, 2.59210850118e-07, 1.65112609807e-07, 1.19549994793e-07, 5.67091262837e-08, 1.32272461428e-07, 9.57061558893e-08, 8.48246983765e-08, 3.81296445084e-07, 7.06950942231e-08, 8.90947404741e-08, 1.01695874832e-07, 1.0153738117e-07, 1.96969537569e-07, 4.58628989009e-07, 4.04437258794e-07, 2.93588442446e-07, 1.59740579875e-07, 1.39018936807e-07, 3.04851141664e-07, 4.74131276462e-08]}, "erbbands": {"dmean": [1.38340091705, 5.61714076996, 7.1335401535, 13.5311565399, 18.8795127869, 10.8249759674, 6.42302894592, 5.6441526413, 4.56863546371, 5.18514728546, 4.4781832695, 3.8855907917, 3.20361328125, 4.47900390625, 4.0595331192, 6.61554813385, 5.64138174057, 7.00719022751, 10.2335119247, 6.94175052643, 5.9539232254, 6.81409263611, 7.69577360153, 6.89154338837, 8.4786863327, 7.91392755508, 9.294880867, 10.2981843948, 9.32281208038, 7.21462202072, 5.85507774353, 3.60992503166, 2.59573173523, 1.48321056366, 0.899233520031, 0.557650327682, 0.358699202538, 0.120539456606, 0.0132569773123, 0.000450004037702], "dmean2": [1.97853112221, 9.67681694031, 12.5178518295, 24.142621994, 35.0236320496, 19.4374294281, 11.0569782257, 10.1397256851, 7.88922929764, 8.88076305389, 7.03364610672, 6.44959688187, 5.24856567383, 7.33233070374, 6.54460191727, 10.7276754379, 8.77962970734, 11.179148674, 16.6980476379, 11.0634746552, 9.31460380554, 10.9949293137, 12.171708107, 10.7358474731, 12.7998561859, 12.1144790649, 14.7494716644, 16.246006012, 14.3575773239, 10.9709377289, 8.74905776978, 5.15622997284, 3.88188624382, 2.13036060333, 1.30650854111, 0.76945066452, 0.468395531178, 0.164835423231, 0.0175859220326, 0.000612828705925], "dvar": [3.77314925194, 87.5264663696, 176.20324707, 1138.89453125, 4175.20605469, 951.080688477, 230.128829956, 230.821594238, 76.2063903809, 89.1241455078, 59.7705192566, 60.3639030457, 48.0184211731, 103.147254944, 83.0417556763, 191.996795654, 166.981506348, 229.639862061, 786.244934082, 246.606796265, 165.215270996, 203.221740723, 280.188415527, 197.544784546, 284.983642578, 296.993286133, 802.53125, 739.579040527, 517.929016113, 301.454071045, 210.440963745, 53.7480010986, 28.5308818817, 10.3393192291, 4.08693552017, 1.52502191067, 0.723218679428, 0.0902440994978, 0.00108636647929, 1.066524419e-06], "dvar2": [8.15550231934, 234.061203003, 501.6199646, 3157.15844727, 11979.3125, 2694.20239258, 625.923339844, 656.732788086, 205.185272217, 245.4765625, 145.669494629, 159.361236572, 112.728279114, 215.661697388, 196.612136841, 482.041381836, 353.954467773, 564.615966797, 1917.41015625, 630.769470215, 399.626647949, 499.372283936, 712.717285156, 477.878173828, 620.979370117, 675.279968262, 2098.15527344, 1816.5501709, 1257.13745117, 721.145507812, 472.593170166, 109.414031982, 60.9043235779, 20.9714851379, 8.53636360168, 3.13277482986, 1.25124299526, 0.140387177467, 0.0020432244055, 2.00350405066e-06], "max": [15.8141918182, 76.7744369507, 158.321304321, 363.384155273, 618.810119629, 388.944335938, 263.402526855, 246.907196045, 94.7436523438, 147.427856445, 125.201545715, 126.570129395, 122.34980011, 150.360198975, 142.067092896, 215.374450684, 207.795623779, 192.30531311, 342.679504395, 384.280334473, 278.017791748, 178.427032471, 186.830810547, 193.353347778, 330.111938477, 288.389343262, 669.917236328, 363.451507568, 439.228179932, 256.772003174, 206.895507812, 99.4948196411, 76.0626983643, 66.4351959229, 31.9525718689, 15.1754350662, 7.46400117874, 2.19405984879, 0.287401854992, 0.0102136498317], "mean": [1.93305909634, 6.71824979782, 7.58544969559, 12.5058631897, 14.2105150223, 10.0295448303, 6.32402324677, 5.13143730164, 5.79856491089, 7.29748725891, 7.51172876358, 5.26810789108, 3.89175605774, 5.01788282394, 5.19721460342, 8.16626930237, 7.14258432388, 7.67089939117, 12.542016983, 9.1560125351, 7.51195669174, 8.27740859985, 8.96021080017, 8.25305461884, 11.1334533691, 9.87435531616, 10.3895692825, 11.8693828583, 10.8489618301, 8.08775234222, 6.49029445648, 4.44620275497, 3.1824297905, 2.12233829498, 1.22358334064, 0.772098124027, 0.46525490284, 0.148410692811, 0.0148644028232, 0.000540094508324], "median": [0.495829999447, 2.91772627831, 3.42679286003, 4.11430692673, 3.10291838646, 2.63980817795, 1.54822790623, 1.61821746826, 3.10611891747, 3.79344749451, 3.43986701965, 2.31135630608, 1.36619710922, 1.49753320217, 1.58102834225, 2.68231582642, 2.34287929535, 2.26436686516, 2.51310706139, 2.53599858284, 2.19804883003, 2.72677564621, 2.57006931305, 2.62851548195, 3.11136007309, 2.66383647919, 2.50652718544, 2.61785769463, 2.30264043808, 1.60237109661, 1.04166924953, 0.743255853653, 0.496609002352, 0.276503890753, 0.145785540342, 0.0599388591945, 0.0192274264991, 0.00336582097225, 0.000233591912547, 0.000113166825031], "min": [7.56213675777e-23, 5.43277625456e-22, 8.71123168956e-22, 1.62363649386e-21, 7.12746475596e-21, 2.52758607098e-20, 3.09272814393e-20, 5.52412151072e-20, 9.97133787443e-20, 1.7103110755e-19, 2.00023258108e-19, 2.31502262553e-19, 3.31905807197e-19, 6.92926407401e-19, 1.0304340885e-18, 6.2843542604e-19, 1.0754851364e-18, 2.17477384248e-18, 2.17239259629e-18, 3.02234218239e-18, 3.38703143201e-18, 3.53167699021e-18, 4.85481607289e-18, 5.62475578706e-18, 6.52687854952e-18, 8.43283916564e-18, 9.44039312821e-18, 6.72789625967e-18, 9.48339990261e-18, 1.12246266726e-17, 1.1038773251e-17, 1.02926745364e-17, 9.01982472628e-18, 7.72512163151e-18, 5.8858172971e-18, 4.13704870791e-18, 2.30545245604e-18, 1.00443145915e-18, 2.29893525509e-19, 2.79507754026e-20], "var": [7.22931337357, 103.050544739, 144.731842041, 782.376281738, 2393.10766602, 706.878234863, 209.346389771, 149.261001587, 77.6663360596, 116.568222046, 111.261306763, 76.0850753784, 61.4609413147, 142.816970825, 118.826499939, 233.207901001, 245.009521484, 239.741638184, 936.715759277, 281.919586182, 204.471694946, 243.911682129, 294.333709717, 238.516052246, 409.603485107, 375.922149658, 669.131652832, 757.887573242, 575.838500977, 321.748931885, 247.159927368, 85.3814239502, 41.9064254761, 17.744808197, 6.26041412354, 2.54974746704, 1.25397241116, 0.153373375535, 0.00162612390704, 1.60384024639e-06]}, "gfcc": {"mean": [-65.2935943604, 73.0027236938, -65.5525436401, 51.6651687622, -35.121799469, 21.4885425568, -20.0357055664, 9.0393037796, -13.8451080322, 7.35724401474, -11.6726455688, -0.0212816018611, -11.6354093552], "cov": [[39433.6210938, -1664.60974121, -981.958190918, 959.734985352, -1634.96240234, 225.122207642, -1591.17224121, 364.196166992, -912.70123291, 570.631958008, -1095.12841797, -78.8627624512, -917.969360352], [-1664.60974121, 3477.15185547, 61.9509162903, -26.6337127686, 202.707550049, -23.5608940125, 299.403991699, -126.45565033, 294.045349121, -211.483718872, 355.142944336, -167.106765747, 276.233123779], [-981.958190918, 61.9509162903, 1612.89575195, 97.5313110352, 66.7897796631, -35.4038581848, 149.281616211, 9.71399593353, 141.383453369, 57.1599769592, 44.3459320068, -8.18352413177, 4.97276353836], [959.734985352, -26.6337127686, 97.5313110352, 738.895507812, 195.272842407, 141.673095703, 94.3675537109, -20.4697341919, 85.0096817017, -28.9122943878, -0.343654215336, -8.91121482849, 28.2093734741], [-1634.96240234, 202.707550049, 66.7897796631, 195.272842407, 715.158935547, 182.787185669, 313.997833252, -14.9256801605, 173.891860962, -8.59416484833, 127.037269592, 38.0105400085, 106.949295044], [225.122207642, -23.5608940125, -35.4038581848, 141.673095703, 182.787185669, 285.79864502, 99.3020477295, 30.5787200928, 37.6511573792, 11.3279504776, 46.1523704529, 28.583486557, 49.1615982056], [-1591.17224121, 299.403991699, 149.281616211, 94.3675537109, 313.997833252, 99.3020477295, 369.963012695, 24.557258606, 181.173660278, -8.09918308258, 125.830085754, 15.4269523621, 83.5372238159], [364.196166992, -126.45565033, 9.71399593353, -20.4697341919, -14.9256801605, 30.5787200928, 24.557258606, 165.741592407, 57.8703689575, 65.4433517456, 20.0555839539, 12.6694793701, -7.96817970276], [-912.70123291, 294.045349121, 141.383453369, 85.0096817017, 173.891860962, 37.6511573792, 181.173660278, 57.8703689575, 236.786361694, 51.6273345947, 121.89906311, -10.3185319901, 68.1647186279], [570.631958008, -211.483718872, 57.1599769592, -28.9122943878, -8.59416484833, 11.3279504776, -8.09918308258, 65.4433517456, 51.6273345947, 138.621673584, 10.3674459457, 12.2676153183, -21.6139888763], [-1095.12841797, 355.142944336, 44.3459320068, -0.343654215336, 127.037269592, 46.1523704529, 125.830085754, 20.0555839539, 121.89906311, 10.3674459457, 182.50112915, 28.6253185272, 92.9857788086], [-78.8627624512, -167.106765747, -8.18352413177, -8.91121482849, 38.0105400085, 28.583486557, 15.4269523621, 12.6694793701, -10.3185319901, 12.2676153183, 28.6253185272, 95.3289642334, 19.2945556641], [-917.969360352, 276.233123779, 4.97276353836, 28.2093734741, 106.949295044, 49.1615982056, 83.5372238159, -7.96817970276, 68.1647186279, -21.6139888763, 92.9857788086, 19.2945556641, 128.238815308]], "icov": [[5.14333951287e-05, -6.58068893244e-05, 1.94953536266e-05, -0.000116413764772, 4.64276454295e-05, -0.00010490740533, 0.000112207228085, -0.000103895639768, 0.000124242636957, -0.000295117759379, 0.000206509357668, -0.000126560800709, 0.000210247380892], [-6.58068893244e-05, 0.000642770901322, -1.7695414499e-05, 0.00024921973818, 2.42869446083e-05, 0.000187951576663, -0.000158642025781, 0.000393760827137, -0.000529726210516, 0.00115716340952, -0.00117861886974, 0.00129850173835, -0.000738409289625], [1.94953536266e-05, -1.7695414499e-05, 0.00069365662057, -0.000129115389427, 0.000111480927444, 0.000137690221891, -0.000258919550106, 0.000154002002091, -0.000265773269348, -0.000385341409128, 0.000145998463267, -9.44717103266e-05, 0.000196323831915], [-0.000116413764772, 0.00024921973818, -0.000129115389427, 0.00201418530196, -0.00030682128272, -0.00064417370595, 2.71264871117e-05, 0.000658740638755, -0.00159153935965, 0.00152773445006, 0.000275964499451, 0.000377740274416, -0.000435592548456], [4.64276454295e-05, 2.42869446083e-05, 0.000111480927444, -0.00030682128272, 0.00271910685115, -0.000996782328002, -0.00154544599354, 0.000890528783202, -0.000715511967428, -0.000250240234891, 0.000235565225012, -0.000664574850816, -0.000212972736335], [-0.00010490740533, 0.000187951576663, 0.000137690221891, -0.00064417370595, -0.000996782328002, 0.00530078960583, -0.00103814608883, -0.00101200549398, 0.00154544436373, -0.000352150760591, -0.000964759383351, 0.000174369197339, -0.00181438797154], [0.000112207228085, -0.000158642025781, -0.000258919550106, 2.71264871117e-05, -0.00154544599354, -0.00103814608883, 0.00666081393138, -0.000574835401494, -0.00336189521477, 0.00154512992594, -0.000273915997241, -0.000930947251618, 0.000847277522553], [-0.000103895639768, 0.000393760827137, 0.000154002002091, 0.000658740638755, 0.000890528783202, -0.00101200549398, -0.000574835401494, 0.00881964806467, -0.00301306741312, -0.0016665069852, -0.000454311462818, -0.000539528497029, 0.000556269194931], [0.000124242636957, -0.000529726210516, -0.000265773269348, -0.00159153935965, -0.000715511967428, 0.00154544436373, -0.00336189521477, -0.00301306741312, 0.0135078690946, -0.00575251411647, -0.00390975596383, 0.0034355930984, -0.0014336759923], [-0.000295117759379, 0.00115716340952, -0.000385341409128, 0.00152773445006, -0.000250240234891, -0.000352150760591, 0.00154512992594, -0.0016665069852, -0.00575251411647, 0.0140684479848, -0.00217219744809, 2.5381677915e-05, 0.0013074966846], [0.000206509357668, -0.00117861886974, 0.000145998463267, 0.000275964499451, 0.000235565225012, -0.000964759383351, -0.000273915997241, -0.000454311462818, -0.00390975596383, -0.00217219744809, 0.0149251166731, -0.0053668753244, -0.00402830354869], [-0.000126560800709, 0.00129850173835, -9.44717103266e-05, 0.000377740274416, -0.000664574850816, 0.000174369197339, -0.000930947251618, -0.000539528497029, 0.0034355930984, 2.5381677915e-05, -0.0053668753244, 0.0157145448029, -0.00301687605679], [0.000210247380892, -0.000738409289625, 0.000196323831915, -0.000435592548456, -0.000212972736335, -0.00181438797154, 0.000847277522553, 0.000556269194931, -0.0014336759923, 0.0013074966846, -0.00402830354869, -0.00301687605679, 0.0156948156655]]}, "melbands": {"dmean": [0.00991742685437, 0.00481807952747, 0.00253238226287, 0.00107412529178, 0.000252970785368, 0.00012471449736, 7.16435533832e-05, 5.3926200053e-05, 3.62426362699e-05, 2.41666875809e-05, 1.60316194524e-05, 1.85195694939e-05, 1.36236740218e-05, 1.61975003721e-05, 1.55327379616e-05, 1.12738880489e-05, 1.33087978611e-05, 1.50547957674e-05, 1.3287954971e-05, 8.48821036925e-06, 6.95924290994e-06, 7.10376525603e-06, 7.10786844138e-06, 7.29116209186e-06, 5.48123534827e-06, 5.81235917707e-06, 6.90549268256e-06, 4.95428230352e-06, 5.37157620784e-06, 6.13641759628e-06, 6.37653010926e-06, 5.56564191356e-06, 4.67214294986e-06, 3.89777142118e-06, 3.70597922483e-06, 2.62010212282e-06, 2.07480707104e-06, 1.84012753834e-06, 1.58106979598e-06, 1.16942419481e-06], "dmean2": [0.0145809017122, 0.00844102166593, 0.00454304460436, 0.00197448534891, 0.000431318272604, 0.000223408191232, 0.000124501559185, 9.08811052795e-05, 5.71289165237e-05, 4.05746468459e-05, 2.62967641902e-05, 3.04201585095e-05, 2.21553636948e-05, 2.63260408246e-05, 2.51891196967e-05, 1.78484442586e-05, 2.1447745894e-05, 2.46792315011e-05, 2.16234639083e-05, 1.36330618261e-05, 1.09489046736e-05, 1.15289203677e-05, 1.15331504276e-05, 1.15997790999e-05, 8.76512694958e-06, 8.74244688021e-06, 1.07181977e-05, 7.69917005528e-06, 8.61410626385e-06, 9.78843672783e-06, 1.01451423689e-05, 8.8123133537e-06, 7.16552722224e-06, 6.02782120041e-06, 5.7049719544e-06, 3.77955802833e-06, 3.02750322589e-06, 2.79891787613e-06, 2.34180470216e-06, 1.69961515439e-06], "dvar": [0.000207169738133, 6.3516854425e-05, 4.63481228508e-05, 1.24034186229e-05, 3.64992871482e-07, 1.08666192489e-07, 1.62331605935e-08, 1.00086712251e-08, 3.83541554072e-09, 2.48614373533e-09, 1.21449272861e-09, 1.87748905311e-09, 1.0058440747e-09, 1.0450530441e-09, 1.1342259354e-09, 5.22465293251e-10, 8.88869700066e-10, 1.56991342148e-09, 1.22382304291e-09, 3.69646702136e-10, 2.24834081908e-10, 2.27770427519e-10, 2.36199615422e-10, 2.7467728092e-10, 1.33421093618e-10, 1.12298129129e-10, 3.24219900927e-10, 1.09815712079e-10, 2.73058409217e-10, 2.34400360233e-10, 3.13721715273e-10, 2.11203804446e-10, 1.09910386348e-10, 9.80204598044e-11, 9.74126612707e-11, 3.4473607996e-11, 1.63264818331e-11, 1.52761154421e-11, 1.09542149657e-11, 6.65509054115e-12], "dvar2": [0.000473547668662, 0.000183119103895, 0.000129352993099, 3.56304626621e-05, 9.74281761046e-07, 3.0675298035e-07, 4.44601120364e-08, 2.63171546777e-08, 9.23454379631e-09, 6.61421450943e-09, 2.86102030955e-09, 3.86892518023e-09, 2.44110820447e-09, 2.51984899613e-09, 2.71461497725e-09, 1.13912179689e-09, 2.20261830997e-09, 3.85046172724e-09, 3.07161429625e-09, 9.22818599314e-10, 5.48819933943e-10, 5.42498046485e-10, 6.06397376757e-10, 6.78440637003e-10, 3.29909377594e-10, 2.42207032208e-10, 7.68449470723e-10, 2.56145299415e-10, 7.21718296237e-10, 5.74664038577e-10, 7.82831577339e-10, 5.34515265382e-10, 2.48514070433e-10, 2.42199538203e-10, 2.28080054843e-10, 7.12042369511e-11, 3.3748625422e-11, 3.35866889856e-11, 2.28313982303e-11, 1.37319045024e-11], "max": [0.122579619288, 0.0860896110535, 0.0746609270573, 0.0382621958852, 0.00980947446078, 0.00533691281453, 0.00156121479813, 0.00157629442401, 0.00105166400317, 0.000722399388906, 0.000597594364081, 0.000667407759465, 0.000602946907748, 0.00043752300553, 0.000438497721916, 0.000310018280288, 0.000400550081395, 0.000449612940429, 0.000585985602811, 0.000468272803118, 0.000264178495854, 0.000193534637219, 0.000188048419659, 0.000203476607567, 0.000162819065736, 0.000118102114357, 0.000474885368021, 0.000170698651345, 0.000416098657297, 0.000273638812359, 0.000274180085398, 0.000309115101118, 0.000156993322889, 0.000160364172189, 0.000150078136357, 7.98447945272e-05, 5.53970567125e-05, 5.66539383726e-05, 5.69918556721e-05, 5.30988545506e-05], "mean": [0.0143327284604, 0.00561475194991, 0.00225738156587, 0.000866806542035, 0.000267136056209, 0.000113026551844, 9.25260828808e-05, 7.74924483267e-05, 6.18415579083e-05, 3.06101537717e-05, 1.89140537259e-05, 2.02477676794e-05, 1.59194914886e-05, 2.06084605452e-05, 1.92074821825e-05, 1.37218939926e-05, 1.38609239002e-05, 1.78981754289e-05, 1.72982818185e-05, 1.01140176412e-05, 8.52215271152e-06, 8.4920293375e-06, 8.23530353955e-06, 8.17105046735e-06, 6.29191526968e-06, 7.46980185795e-06, 8.6114032456e-06, 5.8776536207e-06, 5.81059157412e-06, 7.08917605152e-06, 6.93147921993e-06, 6.22897459834e-06, 5.36195830136e-06, 4.2158631004e-06, 3.93811933463e-06, 3.10803761749e-06, 2.53251459981e-06, 2.16935995923e-06, 2.09982863453e-06, 1.6782170178e-06], "median": [0.00508019328117, 0.00300903106108, 0.00077417131979, 0.000208419311093, 6.7018881964e-05, 3.40610240528e-05, 5.20886751474e-05, 3.88234693673e-05, 2.73809673672e-05, 1.23494710351e-05, 6.10885581409e-06, 5.71937925997e-06, 4.53812299384e-06, 6.35271089777e-06, 6.63732180328e-06, 4.19448360844e-06, 3.76119714929e-06, 3.66951326214e-06, 3.48200137523e-06, 2.9662542147e-06, 2.33592959376e-06, 2.79480377685e-06, 2.27771465688e-06, 2.12800318877e-06, 1.91856497622e-06, 2.30629984799e-06, 1.9692602109e-06, 1.53548160142e-06, 1.36573271448e-06, 1.68052440586e-06, 1.338971515e-06, 1.19179162539e-06, 1.06701941149e-06, 7.85015686233e-07, 6.12605390415e-07, 4.75156696211e-07, 4.21159569441e-07, 3.43272972714e-07, 2.68651092483e-07, 2.1761957214e-07], "min": [7.41669865364e-25, 1.33087480864e-24, 4.70458697288e-25, 9.43309516664e-25, 1.03649430274e-24, 1.24007159364e-24, 1.64600847002e-24, 1.586831872e-24, 1.58251887361e-24, 1.34902462452e-24, 1.25769553512e-24, 1.96757884195e-24, 3.19444411518e-24, 1.15729277037e-24, 2.14590913262e-24, 2.63180110466e-24, 2.92150691944e-24, 2.61567619611e-24, 2.6462901129e-24, 2.98506465371e-24, 3.55631117848e-24, 2.4815838445e-24, 3.47128341138e-24, 3.78610320473e-24, 3.90766430364e-24, 4.72593118239e-24, 4.10423424173e-24, 4.78822082276e-24, 3.87287001569e-24, 3.18162926699e-24, 4.07299732203e-24, 5.37828601885e-24, 4.26408743784e-24, 5.54839480117e-24, 5.74046349892e-24, 6.00051899051e-24, 5.03425943935e-24, 4.74007190855e-24, 5.32344993075e-24, 5.07295740549e-24], "var": [0.000365105952369, 6.41613805783e-05, 3.02995322272e-05, 7.27380984245e-06, 4.13111621356e-07, 7.20277739674e-08, 1.7291506893e-08, 1.36029356668e-08, 7.83578713026e-09, 2.75753087031e-09, 1.54169632616e-09, 2.62685984076e-09, 1.22416521364e-09, 1.54105361805e-09, 1.40537648186e-09, 7.30174365415e-10, 8.86202944361e-10, 1.81469916871e-09, 1.50507695196e-09, 3.96791877133e-10, 2.80003104036e-10, 2.93102819793e-10, 2.52878051832e-10, 3.06452918597e-10, 1.49954118567e-10, 1.6828567706e-10, 3.61318863717e-10, 1.33340519182e-10, 2.21669710365e-10, 2.34581215564e-10, 3.06746905654e-10, 2.13179890407e-10, 1.29643060176e-10, 9.75045391649e-11, 1.03534084084e-10, 5.03709678135e-11, 2.55456922976e-11, 2.05702330169e-11, 1.78708992049e-11, 1.11684515802e-11]}, "mfcc": {"mean": [-709.412414551, 102.135406494, 33.6216125488, 41.3453865051, 17.2026481628, 21.5375518799, 10.3230476379, 9.60106277466, 6.88718414307, 7.76046323776, 7.71395540237, 5.30430746078, 4.1498336792], "cov": [[21091.9296875, -217.330932617, -423.473907471, 150.246749878, -155.245849609, -135.649200439, -428.22277832, -443.629394531, -222.624435425, -69.5545120239, -112.355987549, -222.690979004, -360.708953857], [-217.330932617, 2756.04882812, 266.676605225, 93.5671386719, 36.9891815186, 28.7072792053, 69.3352127075, 54.1751289368, 16.1904735565, 49.66223526, 22.0812644958, 83.7762832642, 88.2662124634], [-423.473907471, 266.676605225, 1076.2019043, 182.611068726, -1.90883743763, -23.9613037109, -17.1682872772, -16.5660514832, 31.2538070679, 12.7755279541, 49.3437919617, 54.4303321838, -1.32570958138], [150.246749878, 93.5671386719, 182.611068726, 567.025268555, 166.365722656, 208.106445312, 52.2082824707, 102.991035461, 84.5645217896, 46.1827926636, 57.9173812866, 20.5187492371, 41.5150108337], [-155.245849609, 36.9891815186, -1.90883743763, 166.365722656, 310.825866699, 199.65586853, 115.684753418, 94.8715286255, 62.9067573547, 63.9849815369, 16.3622627258, 30.6474990845, 39.4412384033], [-135.649200439, 28.7072792053, -23.9613037109, 208.106445312, 199.65586853, 366.693756104, 157.257919312, 133.036087036, 82.9940872192, 54.0941543579, 23.7767848969, 20.0292015076, 40.3386878967], [-428.22277832, 69.3352127075, -17.1682872772, 52.2082824707, 115.684753418, 157.257919312, 189.016784668, 116.974945068, 65.0082015991, 41.6110877991, 17.0784759521, 33.9969787598, 42.7419624329], [-443.629394531, 54.1751289368, -16.5660514832, 102.991035461, 94.8715286255, 133.036087036, 116.974945068, 188.250671387, 67.6510925293, 40.7712593079, 27.4573841095, 33.7316017151, 51.0710983276], [-222.624435425, 16.1904735565, 31.2538070679, 84.5645217896, 62.9067573547, 82.9940872192, 65.0082015991, 67.6510925293, 131.842437744, 75.9870834351, 55.7680053711, 32.6951675415, 31.8039798737], [-69.5545120239, 49.66223526, 12.7755279541, 46.1827926636, 63.9849815369, 54.0941543579, 41.6110877991, 40.7712593079, 75.9870834351, 136.65914917, 77.8505706787, 45.5724563599, 36.8453330994], [-112.355987549, 22.0812644958, 49.3437919617, 57.9173812866, 16.3622627258, 23.7767848969, 17.0784759521, 27.4573841095, 55.7680053711, 77.8505706787, 113.572227478, 63.5670852661, 44.0497093201], [-222.690979004, 83.7762832642, 54.4303321838, 20.5187492371, 30.6474990845, 20.0292015076, 33.9969787598, 33.7316017151, 32.6951675415, 45.5724563599, 63.5670852661, 99.6346359253, 59.3313980103], [-360.708953857, 88.2662124634, -1.32570958138, 41.5150108337, 39.4412384033, 40.3386878967, 42.7419624329, 51.0710983276, 31.8039798737, 36.8453330994, 44.0497093201, 59.3313980103, 84.0927505493]], "icov": [[5.55060942133e-05, -5.6958406276e-06, 3.69014996977e-05, -5.47394956811e-05, 6.71667385177e-06, -3.68992914446e-05, 7.30981919332e-05, 7.9432669736e-05, 5.79668158025e-05, -6.87928113621e-05, 1.72571640178e-06, -6.74715920468e-05, 0.000255747290794], [-5.6958406276e-06, 0.000394848175347, -9.90505723166e-05, -5.87377580814e-05, 7.06281134626e-05, 4.90220882057e-05, -0.000143361408846, 7.56834606364e-06, 0.000135402922751, -0.000226242671488, 0.000334231823217, -0.000179588358151, -0.000400262564654], [3.69014996977e-05, -9.90505723166e-05, 0.00113098125439, -0.000527125957888, 7.9815305071e-05, 0.000246186857112, -7.2414848546e-05, 0.000289533491014, -0.000204353738809, 0.00018568172527, -0.000137802184327, -0.0010481037898, 0.00105335318949], [-5.47394956811e-05, -5.87377580814e-05, -0.000527125957888, 0.00301202666014, -0.00102656765375, -0.00133022060618, 0.00153314275667, -0.00095978367608, -0.00085276144091, 0.00105388020165, -0.001623552409, 0.00143755716272, -0.00104827224277], [6.71667385177e-06, 7.06281134626e-05, 7.9815305071e-05, -0.00102656765375, 0.0059002279304, -0.00186542246956, -0.00134079856798, 7.85111697041e-05, 0.000343760679243, -0.00246777455322, 0.00258949422278, -0.00141129491385, -0.000185411627172], [-3.68992914446e-05, 4.90220882057e-05, 0.000246186857112, -0.00133022060618, -0.00186542246956, 0.00624729460105, -0.00330107868649, -0.000768603465986, -0.000513238832355, 8.78933351487e-05, -0.000184882024769, 0.000921082915738, 7.62010822655e-05], [7.30981919332e-05, -0.000143361408846, -7.2414848546e-05, 0.00153314275667, -0.00134079856798, -0.00330107868649, 0.012313018553, -0.00429000845179, -0.00210706540383, 1.75788500201e-05, 0.00159685546532, -0.0016203179257, -0.000638656667434], [7.9432669736e-05, 7.56834606364e-06, 0.000289533491014, -0.00095978367608, 7.85111697041e-05, -0.000768603465986, -0.00429000845179, 0.0104880807921, -0.00183314201422, 0.000262720219325, 0.000433896668255, 0.000109639375296, -0.00277253543027], [5.79668158025e-05, 0.000135402922751, -0.000204353738809, -0.00085276144091, 0.000343760679243, -0.000513238832355, -0.00210706540383, -0.00183314201422, 0.0142459915951, -0.00531524792314, -0.00260453065857, 0.00069613015512, 0.000607711845078], [-6.87928113621e-05, -0.000226242671488, 0.00018568172527, 0.00105388020165, -0.00246777455322, 8.78933351487e-05, 1.75788500201e-05, 0.000262720219325, -0.00531524792314, 0.0159474406391, -0.00896462798119, 0.000827651529107, -0.000493403640576], [1.72571640178e-06, 0.000334231823217, -0.000137802184327, -0.001623552409, 0.00258949422278, -0.000184882024769, 0.00159685546532, 0.000433896668255, -0.00260453065857, -0.00896462798119, 0.0224570184946, -0.00961035117507, -0.0018151080003], [-6.74715920468e-05, -0.000179588358151, -0.0010481037898, 0.00143755716272, -0.00141129491385, 0.000921082915738, -0.0016203179257, 0.000109639375296, 0.00069613015512, 0.000827651529107, -0.00961035117507, 0.0239512100816, -0.0123405652121], [0.000255747290794, -0.000400262564654, 0.00105335318949, -0.00104827224277, -0.000185411627172, 7.62010822655e-05, -0.000638656667434, -0.00277253543027, 0.000607711845078, -0.000493403640576, -0.0018151080003, -0.0123405652121, 0.0256457105279]]}, "spectral_contrast_coeffs": {"dmean": [0.0647974014282, 0.0475964322686, 0.0348454713821, 0.0303858183324, 0.0219046641141, 0.0242358129472], "dmean2": [0.10768494755, 0.0797240361571, 0.0570920407772, 0.0482650436461, 0.0341895110905, 0.0384473316371], "dvar": [0.00361817958765, 0.00158153229859, 0.000871475669555, 0.000715248694178, 0.000375541130779, 0.000601030827966], "dvar2": [0.00946610048413, 0.00424393685535, 0.00218074931763, 0.00161136931274, 0.000840616645291, 0.00150367314927], "max": [-0.186580434442, -0.445676326752, -0.495879799128, -0.536599040031, -0.548172950745, -0.523381650448], "mean": [-0.679709136486, -0.785261034966, -0.829999029636, -0.82447552681, -0.828638613224, -0.776482582092], "median": [-0.686139166355, -0.789076149464, -0.834560632706, -0.83162689209, -0.828423976898, -0.779418945312], "min": [-0.979805648327, -0.993706643581, -0.996417462826, -0.993733108044, -0.99324119091, -0.968886613846], "var": [0.0101612377912, 0.00474449759349, 0.0029690656811, 0.00277600320987, 0.00162015424576, 0.00275821145624]}, "spectral_contrast_valleys": {"dmean": [0.505138635635, 0.517141461372, 0.521541833878, 0.50225007534, 0.513684630394, 0.573054611683], "dmean2": [0.771862626076, 0.810946404934, 0.799023866653, 0.716388046741, 0.690988898277, 0.723659038544], "dvar": [0.332157373428, 0.413216203451, 0.379686564207, 0.359121710062, 0.360151082277, 0.512159347534], "dvar2": [0.600473701954, 0.863380670547, 0.776622235775, 0.691324949265, 0.637294590473, 0.901569068432], "max": [-4.74643468857, -4.88292312622, -5.510191440