{"lowlevel": {"average_loudness": 0.786665201187, "barkbands_crest": {"dmean": 1.58272755146, "dmean2": 2.66220736504, "dvar": 3.80563473701, "dvar2": 11.3579473495, "max": 24.4708957672, "mean": 13.7191238403, "median": 13.1829280853, "min": 3.79225301743, "var": 17.7715206146}, "barkbands_flatness_db": {"dmean": 0.0145948221907, "dmean2": 0.0250480175018, "dvar": 0.000290324271191, "dvar2": 0.000825777766295, "max": 0.506367623806, "mean": 0.396157979965, "median": 0.409603238106, "min": 0.0581387914717, "var": 0.00572715280578}, "barkbands_kurtosis": {"dmean": 1.8809491396, "dmean2": 3.09687709808, "dvar": 51.256652832, "dvar2": 115.458877563, "max": 248.043258667, "mean": 5.66296195984, "median": 3.6853852272, "min": -1.84514629841, "var": 95.4952011108}, "barkbands_skewness": {"dmean": 0.269041836262, "dmean2": 0.42668196559, "dvar": 0.224667489529, "dvar2": 0.523554384708, "max": 14.3556089401, "mean": 1.27600038052, "median": 1.18812298775, "min": -2.07482910156, "var": 1.40269625187}, "barkbands_spread": {"dmean": 0.922266900539, "dmean2": 1.54478037357, "dvar": 11.6132125854, "dvar2": 32.5280380249, "max": 94.7412414551, "mean": 5.33836507797, "median": 3.31959295273, "min": 0.720952987671, "var": 112.493743896}, "dissonance": {"dmean": 0.0357621982694, "dmean2": 0.0622590184212, "dvar": 0.00137700024061, "dvar2": 0.00385063653812, "max": 0.499710410833, "mean": 0.343867748976, "median": 0.344222307205, "min": 0.129300400615, "var": 0.00552102271467}, "dynamic_complexity": 6.00116872787, "erbbands_crest": {"dmean": 1.72347581387, "dmean2": 2.8930888176, "dvar": 4.94736146927, "dvar2": 15.8873195648, "max": 26.7488746643, "mean": 15.644487381, "median": 15.753736496, "min": 2.60583281517, "var": 21.1697444916}, "erbbands_flatness_db": {"dmean": 0.0114044640213, "dmean2": 0.0195204373449, "dvar": 0.000169685008586, "dvar2": 0.000469181977678, "max": 0.495167404413, "mean": 0.388138860464, "median": 0.408130079508, "min": 0.0413156487048, "var": 0.00604221504182}, "erbbands_kurtosis": {"dmean": 0.885902285576, "dmean2": 1.46499156952, "dvar": 1.47626161575, "dvar2": 4.14938831329, "max": 20.5444431305, "mean": 2.38227748871, "median": 1.56201148033, "min": -1.6520036459, "var": 9.50341892242}, "erbbands_skewness": {"dmean": 0.224053561687, "dmean2": 0.363102376461, "dvar": 0.0800799056888, "dvar2": 0.238292306662, "max": 3.53678607941, "mean": 1.13894534111, "median": 1.10318279266, "min": -1.00577294827, "var": 0.55753070116}, "erbbands_spread": {"dmean": 1.62937736511, "dmean2": 2.56301689148, "dvar": 10.4614238739, "dvar2": 22.7455635071, "max": 124.243774414, "mean": 12.185713768, "median": 9.05948448181, "min": 1.3895714283, "var": 191.632171631}, "hfc": {"dmean": 1.42670369148, "dmean2": 2.10635352135, "dvar": 7.39066267014, "dvar2": 14.5340585709, "max": 52.173992157, "mean": 8.31666660309, "median": 6.31324386597, "min": 1.20579295797e-16, "var": 63.5323600769}, "melbands_crest": {"dmean": 1.76022219658, "dmean2": 2.95981955528, "dvar": 4.44831705093, "dvar2": 12.3741941452, "max": 29.4169120789, "mean": 15.9102516174, "median": 15.2066488266, "min": 1.76833188534, "var": 23.5782680511}, "melbands_flatness_db": {"dmean": 0.0161308795214, "dmean2": 0.0273300874978, "dvar": 0.000357786630047, "dvar2": 0.00094033300411, "max": 0.658736944199, "mean": 0.519700467587, "median": 0.537177085876, "min": 0.00474932370707, "var": 0.0106681296602}, "melbands_kurtosis": {"dmean": 2.73707318306, "dmean2": 4.56156539917, "dvar": 230.139099121, "dvar2": 479.23614502, "max": 528.018798828, "mean": 8.64346027374, "median": 4.98176193237, "min": -1.38665020466, "var": 538.786315918}, "melbands_skewness": {"dmean": 0.284036368132, "dmean2": 0.440396249294, "dvar": 0.248567581177, "dvar2": 0.52809381485, "max": 16.7752418518, "mean": 1.59330368042, "median": 1.38814878464, "min": -1.30345892906, "var": 1.8158082962}, "melbands_spread": {"dmean": 1.20154440403, "dmean2": 1.99973905087, "dvar": 17.9625701904, "dvar2": 45.1628112793, "max": 152.135406494, "mean": 7.86282157898, "median": 4.55799531937, "min": 0.576475977898, "var": 338.337310791}, "pitch_salience": {"dmean": 0.0412875078619, "dmean2": 0.069106630981, "dvar": 0.00291882292368, "dvar2": 0.00792370084673, "max": 0.849346995354, "mean": 0.486471891403, "median": 0.501145243645, "min": 0.0902508869767, "var": 0.0167663823813}, "silence_rate_20dB": {"dmean": 0, "dmean2": 0, "dvar": 0, "dvar2": 0, "max": 1, "mean": 1, "median": 1, "min": 1, "var": 0}, "silence_rate_30dB": {"dmean": 0.00567214982584, "dmean2": 0.0113507378846, "dvar": 0.00564010767266, "dvar2": 0.0123575190082, "max": 1, "mean": 0.989795923233, "median": 1, "min": 0, "var": 0.0101004373282}, "silence_rate_60dB": {"dmean": 0.0102098695934, "dmean2": 0.0204313285649, "dvar": 0.0101056750864, "dvar2": 0.0211488865316, "max": 1, "mean": 0.131519272923, "median": 0, "min": 0, "var": 0.114220805466}, "spectral_centroid": {"dmean": 32.2541046143, "dmean2": 48.6405220032, "dvar": 39139.2304688, "dvar2": 49591.6914062, "max": 11097.15625, "mean": 480.818237305, "median": 387.64050293, "min": 195.375396729, "var": 348620.9375}, "spectral_complexity": {"dmean": 0.750992655754, "dmean2": 1.27468788624, "dvar": 0.989040315151, "dvar2": 2.16290092468, "max": 18, "mean": 8.05045318604, "median": 8, "min": 0, "var": 10.2849178314}, "spectral_decrease": {"dmean": 9.59495705111e-10, "dmean2": 1.46360779052e-09, "dvar": 2.4613718656e-18, "dvar2": 5.19440390644e-18, "max": -2.3466081138e-29, "mean": -6.00676708373e-09, "median": -4.60494398169e-09, "min": -3.43686785698e-08, "var": 3.05404478926e-17}, "spectral_energy": {"dmean": 0.00374735961668, "dmean2": 0.00570989167318, "dvar": 3.7895009882e-05, "dvar2": 7.97840402811e-05, "max": 0.132892519236, "mean": 0.0234252586961, "median": 0.0180158615112, "min": 1.10254637275e-20, "var": 0.000463851552922}, "spectral_energyband_high": {"dmean": 1.17800391664e-08, "dmean2": 1.93767117906e-08, "dvar": 4.78973997085e-16, "dvar2": 1.13921759768e-15, "max": 4.37360228034e-07, "mean": 4.52741559798e-08, "median": 3.3074208261e-08, "min": 7.8331588706e-21, "var": 1.27587291708e-15}, "spectral_energyband_low": {"dmean": 0.000650515547022, "dmean2": 0.000952012196649, "dvar": 2.50878429142e-06, "dvar2": 4.60180854134e-06, "max": 0.0551691390574, "mean": 0.00477927876636, "median": 0.00138683163095, "min": 7.8309060858e-23, "var": 6.35792603134e-05}, "spectral_energyband_middle_high": {"dmean": 0.000237681117142, "dmean2": 0.000285821239231, "dvar": 6.54569078051e-07, "dvar2": 1.17324077564e-06, "max": 0.0214307494462, "mean": 0.00109727296513, "median": 0.000521069567185, "min": 1.6017961792e-21, "var": 3.48952971763e-06}, "spectral_energyband_middle_low": {"dmean": 0.00344702089205, "dmean2": 0.0053010713309, "dvar": 2.97753049381e-05, "dvar2": 6.79905060679e-05, "max": 0.0980872660875, "mean": 0.0187681950629, "median": 0.0148015217856, "min": 4.18445700972e-22, "var": 0.000277732819086}, "spectral_entropy": {"dmean": 0.118053346872, "dmean2": 0.193330571055, "dvar": 0.0271406713873, "dvar2": 0.0693450942636, "max": 9.78811454773, "mean": 5.29189443588, "median": 5.1341509819, "min": 4.22080612183, "var": 0.595897257328}, "spectral_flux": {"dmean": 0.0116397859529, "dmean2": 0.0185637176037, "dvar": 0.000403418118367, "dvar2": 0.000968636595644, "max": 0.245849445462, "mean": 0.0279336478561, "median": 0.0196369346231, "min": 1.05002208317e-10, "var": 0.000741121475585}, "spectral_kurtosis": {"dmean": 34.1371650696, "dmean2": 59.2216415405, "dvar": 1115.82580566, "dvar2": 3163.58154297, "max": 377.48034668, "mean": 168.687637329, "median": 173.663925171, "min": -1.18702816963, "var": 4423.27099609}, "spectral_rms": {"dmean": 0.000368372391677, "dmean2": 0.000567451061215, "dvar": 2.82202591961e-07, "dvar2": 6.3022946506e-07, "max": 0.0113864494488, "mean": 0.00424788845703, "median": 0.00419242680073, "min": 3.27971786014e-12, "var": 4.80935068481e-06}, "spectral_rolloff": {"dmean": 83.811958313, "dmean2": 138.767913818, "dvar": 276830.21875, "dvar2": 645832.125, "max": 19229.1503906, "mean": 970.406799316, "median": 430.6640625, "min": 86.1328125, "var": 8061167.5}, "spectral_skewness": {"dmean": 1.42312800884, "dmean2": 2.48155426979, "dvar": 2.10259747505, "dvar2": 5.68220472336, "max": 15.2160387039, "mean": 9.71722221375, "median": 10.2903337479, "min": 0.00505882129073, "var": 8.39565944672}, "spectral_spread": {"dmean": 288806.9375, "dmean2": 480049.5, "dvar": 601898745856, "dvar2": 706503966720, "max": 40151708, "mean": 1233564, "median": 712703, "min": 243948.421875, "var": 4924835364860.0}, "spectral_strongpeak": {"dmean": 0.247582986951, "dmean2": 0.411612421274, "dvar": 0.161104306579, "dvar2": 0.387178719044, "max": 5.02576780319, "mean": 1.23891079426, "median": 1.0421705246, "min": 6.52608145302e-09, "var": 0.851223826408}, "zerocrossingrate": {"dmean": 0.00276877358556, "dmean2": 0.00349223637022, "dvar": 0.000149101295392, "dvar2": 0.000204716037842, "max": 0.4970703125, "mean": 0.0321036614478, "median": 0.01806640625, "min": 0.005859375, "var": 0.00544925360009}, "barkbands": {"dmean": [3.7353183302e-07, 0.000197132176254, 0.000404055317631, 0.000324511376675, 0.000838599458802, 0.00198893947527, 0.000942327314988, 0.000329693226377, 4.54322980659e-05, 0.000119449010526, 5.73780489503e-05, 3.80917626899e-05, 3.73500588466e-05, 1.83220090548e-05, 2.62606645265e-05, 6.54141922496e-06, 2.0566128569e-06, 1.27565343178e-07, 2.84060277522e-08, 7.00187374747e-09, 4.11561140723e-09, 1.56128643347e-09, 1.18316501041e-09, 1.18429455132e-09, 1.22916288259e-09, 1.27946897521e-09, 1.52522627861e-09], "dmean2": [6.38905589767e-07, 0.000296568963677, 0.000603303487878, 0.000448046717793, 0.00133085087873, 0.00328688160516, 0.00132085417863, 0.000421149714384, 6.95147391525e-05, 0.000148785271449, 8.10400815681e-05, 5.55024489586e-05, 4.69594160677e-05, 2.33781265706e-05, 3.40729275194e-05, 8.55176949699e-06, 2.44656666837e-06, 1.6431842198e-07, 3.61997862797e-08, 1.03878186053e-08, 6.13896267154e-09, 2.76928946441e-09, 2.12558926016e-09, 2.12258277621e-09, 2.17732565311e-09, 2.25015761579e-09, 2.71682121245e-09], "dvar": [8.06710167417e-13, 2.96484984119e-07, 1.18905052204e-06, 7.08461413979e-07, 2.40826011577e-06, 1.31107808556e-05, 8.57062968862e-06, 1.62384390023e-06, 2.13366408985e-08, 2.71267822427e-07, 2.14182982461e-08, 5.42535509851e-08, 1.10849107671e-08, 9.70741709239e-09, 1.38049616183e-08, 8.85509887638e-10, 7.29828211754e-11, 5.26934073632e-13, 8.95077248946e-15, 4.17836323622e-16, 1.46948794639e-16, 6.32761859817e-18, 3.04733151549e-18, 2.81879640149e-18, 2.54040090812e-18, 2.484940516e-18, 3.07438487101e-18], "dvar2": [1.79893946961e-12, 5.52735173187e-07, 2.32529282584e-06, 1.04221044239e-06, 5.86450914852e-06, 3.8283822505e-05, 1.52349730342e-05, 2.69545557785e-06, 5.41197877624e-08, 4.70575344025e-07, 4.39643947914e-08, 1.29526910086e-07, 1.63823390409e-08, 1.73876273379e-08, 2.34998385196e-08, 1.74769498873e-09, 1.27895027902e-10, 9.26622819274e-13, 1.47070432276e-14, 8.20915268661e-16, 2.48059183727e-16, 1.83998419416e-17, 9.98265551467e-18, 9.32601390182e-18, 8.32129220568e-18, 8.13590448679e-18, 9.72615011544e-18], "max": [2.93301854981e-05, 0.0227400623262, 0.0501756966114, 0.0475554205477, 0.0206930227578, 0.0491826459765, 0.0745353102684, 0.0236291456968, 0.00275239022449, 0.0155347194523, 0.0033396682702, 0.00565165514126, 0.00259294384159, 0.00284263631329, 0.00370840751566, 0.000870599877089, 0.000182752817636, 2.71900353255e-05, 2.84040993392e-06, 6.0890425857e-07, 3.11921212415e-07, 3.73029465095e-08, 1.89538571504e-08, 1.85952071519e-08, 1.91601916555e-08, 2.02603249733e-08, 2.23713296776e-08], "mean": [5.77269986479e-07, 0.00101326592267, 0.00265164650045, 0.00210748496465, 0.0030484132003, 0.0069567845203, 0.00487336562946, 0.00146298110485, 0.000107519139419, 0.000524683564436, 0.000182027230039, 0.000163096890901, 0.000129125110107, 7.24798592273e-05, 9.09234004212e-05, 3.33203970513e-05, 7.01122280589e-06, 4.17878254666e-07, 1.18106562752e-07, 1.74234475736e-08, 9.70097424613e-09, 3.15805159801e-09, 2.87253953957e-09, 3.3881539796e-09, 4.47829062722e-09, 6.02315486375e-09, 7.69971553183e-09], "median": [1.63216157034e-07, 0.000265701935859, 0.000371811736841, 0.000504082767293, 0.00153537595179, 0.00440667476505, 0.000791987054981, 0.000340414349921, 5.08193770656e-05, 0.000163664866704, 7.57929883548e-05, 2.03822564799e-05, 3.30303737428e-05, 7.61408318795e-06, 1.05753661046e-05, 3.71761007045e-06, 6.59920715407e-07, 2.48805580583e-08, 2.53980392273e-08, 8.13962586221e-09, 3.38879768691e-09, 2.36278330235e-09, 2.46360909451e-09, 3.02193869928e-09, 4.16183976171e-09, 5.74844793988e-09, 7.4375101633e-09], "min": [6.73447777997e-23, 2.38702147063e-23, 2.14576398221e-23, 1.87063501534e-23, 4.40989149454e-23, 1.63363955307e-22, 6.89740974242e-23, 4.73266213807e-23, 6.63764100178e-23, 3.6394984542e-23, 3.34717594835e-23, 1.23319305787e-22, 1.87765543563e-22, 1.01053283907e-22, 1.07142633763e-22, 1.29804436625e-22, 1.24009615877e-22, 2.68760543275e-22, 4.0132799993e-22, 2.43702635367e-22, 6.50530598772e-22, 7.30396441916e-22, 5.29838717293e-22, 8.38524154691e-22, 1.08269561325e-21, 1.34484451764e-21, 2.6372482886e-21], "var": [3.00048137378e-12, 5.91565321884e-06, 3.08877533826e-05, 2.26487700274e-05, 1.24099478853e-05, 6.30516806268e-05, 8.79744038684e-05, 8.99670794752e-06, 3.38504761999e-08, 1.58081206791e-06, 8.72769660987e-08, 1.97676470748e-07, 6.24755358558e-08, 3.91328747185e-08, 8.15598042436e-08, 5.83022963241e-09, 3.49974604852e-10, 2.47560695901e-12, 8.64790349248e-14, 1.09414909214e-15, 5.05996836262e-16, 7.57479561725e-18, 2.49206502262e-18, 2.22974454368e-18, 2.13899662663e-18, 2.16322019728e-18, 2.78620217663e-18]}, "erbbands": {"dmean": [0.00242642918602, 0.0571947656572, 0.358278125525, 0.862309217453, 0.840570092201, 3.3413670063, 7.49231338501, 20.7800483704, 15.8035783768, 11.4233579636, 2.57598662376, 1.2050075531, 2.47808265686, 3.13658881187, 2.54441547394, 2.01105117798, 1.84782016277, 1.05392432213, 1.43975281715, 0.625667333603, 0.359597325325, 0.0986091569066, 0.0128003358841, 0.00226423959248, 0.000724229728803, 0.000335621589329, 0.00023082466214, 0.000100734680018, 5.77298123972e-05, 4.31008193118e-05, 3.37895799021e-05, 2.6841302315e-05, 2.01350976567e-05, 1.43160741573e-05, 9.99786152533e-06, 6.01332340011e-06, 3.05236494569e-06, 1.03773345472e-06, 1.7723180008e-06, 4.16622333432e-06], "dmean2": [0.00342544424348, 0.0863728746772, 0.531924903393, 1.23007643223, 1.18928849697, 5.52047681808, 12.3572568893, 34.8660888672, 21.5358371735, 15.7753429413, 3.33601474762, 1.80586194992, 3.4706132412, 3.57046175003, 3.5920188427, 2.9037539959, 2.34357309341, 1.31520104408, 1.85543620586, 0.796829581261, 0.456113159657, 0.115671440959, 0.0150699988008, 0.00281880167313, 0.00109733117279, 0.000491368933581, 0.000341846753145, 0.000160995448823, 0.000101330399048, 7.62220806791e-05, 6.0219765146e-05, 4.79141053802e-05, 3.57095050276e-05, 2.48178675974e-05, 1.71737538039e-05, 1.0207771993e-05, 5.12556198373e-06, 1.77877370788e-06, 2.70636519417e-06, 6.33796253169e-06], "dvar": [4.07841871493e-05, 0.0236366223544, 0.776118934155, 4.38065862656, 5.87537145615, 41.8376808167, 178.910568237, 1463.94848633, 1547.28210449, 1587.41833496, 77.6403961182, 14.3628158569, 42.6190452576, 342.097808838, 35.4611053467, 140.861358643, 27.0070953369, 23.8048610687, 44.6394195557, 7.49620389938, 3.4064552784, 0.143132075667, 0.0038766337093, 6.87126885168e-05, 5.52550818611e-06, 5.20353580669e-07, 4.8333038194e-07, 4.15086454097e-08, 8.7843616825e-09, 3.82790421583e-09, 2.31531283035e-09, 1.35155653336e-09, 7.27392257538e-10, 3.33473193503e-10, 1.31985283813e-10, 4.52755749558e-11, 1.10005806547e-11, 1.22589341022e-12, 8.29972462285e-12, 4.7348052562e-11], "dvar2": [6.73952163197e-05, 0.045147806406, 1.51282215118, 7.2759475708, 8.74877929688, 109.111213684, 450.4453125, 4421.21777344, 2430.65405273, 3336.34960938, 132.542709351, 35.4765663147, 84.8330917358, 557.854919434, 74.8717041016, 336.583221436, 42.2999534607, 42.3708763123, 74.548828125, 14.4308843613, 6.91761827469, 0.244486272335, 0.00552594196051, 0.000102582365798, 1.23398040159e-05, 1.03384309114e-06, 8.40568759486e-07, 8.56913047187e-08, 2.57111238966e-08, 1.25131345285e-08, 7.5455677262e-09, 4.41506831095e-09, 2.37327890673e-09, 1.07984998721e-09, 4.16881362764e-10, 1.36761421632e-10, 3.17499533609e-11, 3.83466782633e-12, 1.70779172054e-11, 9.9333236081e-11], "max": [0.213661238551, 6.43967437744, 44.7388267517, 83.8720169067, 169.562896729, 80.537979126, 255.867767334, 548.262634277, 843.204040527, 1128.69787598, 170.801345825, 74.4658050537, 129.645095825, 554.917114258, 105.181190491, 291.383605957, 132.928207397, 143.003890991, 219.131149292, 57.2325973511, 61.0880622864, 6.55172967911, 2.3704161644, 0.321562945843, 0.0481080040336, 0.0165481679142, 0.017810434103, 0.00443827500567, 0.0015925973421, 0.000716120994184, 0.000571153999772, 0.000464989949251, 0.000350099871866, 0.000265125418082, 0.000188949139556, 0.000119825454021, 6.3014573243e-05, 1.78285336006e-05, 6.21542276349e-05, 0.000146343256347], "mean": [0.0112513080239, 0.320139199495, 2.35446357727, 5.81346178055, 5.47865438461, 11.688750267, 25.3390464783, 68.4139175415, 84.4386978149, 53.6826896667, 12.3408699036, 3.50094413757, 10.9411268234, 13.2360029221, 8.76279735565, 8.75116920471, 6.64746427536, 4.40298652649, 5.56323337555, 2.10988330841, 1.94353055954, 0.384574264288, 0.046062130481, 0.0109912957996, 0.00239835167304, 0.000951502646785, 0.000557813502382, 0.000241753688897, 0.000127435167087, 0.000104041238956, 9.32038674364e-05, 8.20993591333e-05, 7.09107334842e-05, 5.95249148319e-05, 4.67636018584e-05, 3.2539737731e-05, 1.81416344276e-05, 5.64101628697e-06, 1.20701452033e-05, 2.61150817096e-05], "median": [0.00286373728886, 0.0956026613712, 0.429998159409, 1.78306341171, 1.70843172073, 5.13653945923, 16.1368522644, 39.3499221802, 19.305267334, 15.8832263947, 4.25909423828, 2.08569908142, 5.41268634796, 2.24649047852, 4.25300312042, 1.61523556709, 2.35410547256, 1.65375065804, 1.05078005791, 0.402368456125, 0.226019069552, 0.0454618819058, 0.0057370569557, 0.00147579796612, 0.00107791298069, 0.000506865035277, 0.000224100513151, 0.000124092679471, 9.5394832897e-05, 8.64509784151e-05, 8.07029427961e-05, 7.22588592907e-05, 6.3288360252e-05, 5.4107120377e-05, 4.2856685468e-05, 2.96536982205e-05, 1.64420871442e-05, 5.30768011231e-06, 9.60844590736e-06, 2.01743932848e-05], "min": [9.76929081071e-22, 5.05401134259e-21, 2.56553831301e-20, 3.14764291997e-20, 5.48391342437e-20, 1.64574846547e-19, 9.53492746451e-19, 1.18726412052e-18, 1.42843100626e-18, 7.3777629531e-19, 9.29324183314e-19, 1.60309381151e-18, 1.30452576114e-18, 9.4574299469e-19, 2.23643891638e-18, 5.52717122224e-18, 7.16272815048e-18, 5.67892370947e-18, 6.26155499137e-18, 7.62484252585e-18, 7.25751973996e-18, 6.81489498059e-18, 1.32609972753e-17, 1.96135772893e-17, 1.81500714469e-17, 1.28287854791e-17, 2.78677743939e-17, 2.3889459164e-17, 2.38254568913e-17, 2.05686797292e-17, 1.38021198069e-17, 1.8668993278e-17, 1.28137109396e-17, 1.25173974734e-17, 7.7992709288e-18, 5.4961250659e-18, 2.36573696549e-18, 1.10579075929e-18, 3.26893532124e-19, 4.59136809508e-20], "var": [0.000601529609412, 0.483736276627, 22.4010696411, 121.094261169, 175.709609985, 200.017318726, 940.842407227, 6217.24365234, 18980.0898438, 9171.54980469, 454.747406006, 23.8620204926, 237.114639282, 2128.94580078, 152.009857178, 511.906707764, 144.495147705, 92.6116485596, 275.184570312, 29.4277057648, 22.819442749, 0.718961417675, 0.0211989171803, 0.000951301539317, 1.68360147654e-05, 1.81096663709e-06, 1.37284439461e-06, 1.58710477649e-07, 1.13389928558e-08, 4.09711420346e-09, 2.49092169113e-09, 1.57502755282e-09, 9.79002212631e-10, 5.88845527894e-10, 3.42544798082e-10, 1.77375683585e-10, 5.78273956497e-11, 2.86584775008e-12, 1.01665058316e-10, 5.71795499837e-10]}, "gfcc": {"mean": [-238.447814941, 240.036834717, -73.6239395142, -65.5206298828, -21.9915847778, -9.66750049591, -44.9454154968, -23.3850421906, -9.43127632141, -5.31144762039, -5.48072767258, -6.35662412643, -0.824522733688], "cov": [[11925.7431641, 6726.58935547, -1629.42858887, -1862.2845459, 1282.61669922, -714.942687988, -590.32421875, -250.906723022, 750.807312012, -129.768463135, 300.692138672, -120.041603088, 399.029663086], [6726.58935547, 4533.72998047, -251.708206177, -1131.36376953, 538.570068359, -199.258575439, -170.596252441, -200.612319946, 367.087677002, -72.6050491333, 156.671630859, -144.505889893, 158.206832886], [-1629.42858887, -251.708206177, 1149.67663574, 376.490631104, -364.843597412, 329.508056641, 332.696929932, 39.6966514587, -169.673950195, -13.6800727844, -71.9122390747, -88.8488540649, -180.723815918], [-1862.2845459, -1131.36376953, 376.490631104, 551.019470215, -65.8959197998, 149.179428101, 152.788009644, 118.017967224, -110.960243225, -8.74919891357, -62.5787811279, 20.0928592682, -96.6245574951], [1282.61669922, 538.570068359, -364.843597412, -65.8959197998, 400.643890381, -68.4933547974, -109.232681274, 33.3731460571, 132.29069519, -43.2983779907, 40.2625389099, 48.9071044922, 71.2600708008], [-714.942687988, -199.258575439, 329.508056641, 149.179428101, -68.4933547974, 222.2447052, 148.987503052, -1.33062493801, -73.0863342285, 19.1984596252, -14.0752220154, 4.29925632477, -43.3613548279], [-590.32421875, -170.596252441, 332.696929932, 152.788009644, -109.232681274, 148.987503052, 194.277130127, 40.5638465881, -69.2051239014, 23.878610611, -6.60067033768, -39.4665870667, -60.5210914612], [-250.906723022, -200.612319946, 39.6966514587, 118.017967224, 33.3731460571, -1.33062493801, 40.5638465881, 121.099197388, 46.973197937, -16.7490730286, -18.1487426758, -8.81365585327, -38.5998382568], [750.807312012, 367.087677002, -169.673950195, -110.960243225, 132.29069519, -73.0863342285, -69.2051239014, 46.973197937, 133.703430176, -2.72380638123, 9.8679485321, -2.45189929008, 21.5731582642], [-129.768463135, -72.6050491333, -13.6800727844, -8.74919891357, -43.2983779907, 19.1984596252, 23.878610611, -16.7490730286, -2.72380638123, 64.3962020874, 29.0399341583, -2.73181772232, 1.11393451691], [300.692138672, 156.671630859, -71.9122390747, -62.5787811279, 40.2625389099, -14.0752220154, -6.60067033768, -18.1487426758, 9.8679485321, 29.0399341583, 77.9065704346, 37.652557373, 12.6110563278], [-120.041603088, -144.505889893, -88.8488540649, 20.0928592682, 48.9071044922, 4.29925632477, -39.4665870667, -8.81365585327, -2.45189929008, -2.73181772232, 37.652557373, 90.7730102539, 32.2508544922], [399.029663086, 158.206832886, -180.723815918, -96.6245574951, 71.2600708008, -43.3613548279, -60.5210914612, -38.5998382568, 21.5731582642, 1.11393451691, 12.6110563278, 32.2508544922, 84.3092880249]], "icov": [[0.00342708360404, -0.00537353428081, 0.00542039703578, -0.00508064823225, 0.0023048017174, 0.00141589064151, -0.00297302287072, 0.00418582186103, -0.00574625888839, 0.00648225191981, -0.00441194977611, 0.00230067083612, -0.000613429350778], [-0.00537353428081, 0.0106648448855, -0.0115557797253, 0.0132030826062, -0.00881108548492, 0.000950434478, 0.00148875114974, -0.00354115921073, 0.00738650606945, -0.0103351278231, 0.00741946045309, -0.00306913419627, 0.00147511914838], [0.00542039703578, -0.0115557797253, 0.0187812615186, -0.021328734234, 0.0185277834535, -0.00903782621026, -0.00287214340642, 0.010223149322, -0.0183083284646, 0.0261634569615, -0.0189497936517, 0.0112797357142, -0.00298580620438], [-0.00508064823225, 0.0132030826062, -0.021328734234, 0.0351993180811, -0.0286665242165, 0.0144988968968, -0.00372377992608, -0.0155280968174, 0.0287180338055, -0.0362591929734, 0.0332917235792, -0.0211364608258, 0.0120320981368], [0.0023048017174, -0.00881108548492, 0.0185277834535, -0.0286665242165, 0.0329469889402, -0.0206545013934, 0.00802636425942, 0.00715860398486, -0.025478085503, 0.0371369607747, -0.033657759428, 0.0201290082186, -0.0135804563761], [0.00141589064151, 0.000950434478, -0.00903782621026, 0.0144988968968, -0.0206545013934, 0.0332174152136, -0.0240819677711, 0.0083418674767, 0.00765177933499, -0.0239396467805, 0.0313776321709, -0.0272510256618, 0.0139217209071], [-0.00297302287072, 0.00148875114974, -0.00287214340642, -0.00372377992608, 0.00802636425942, -0.0240819677711, 0.042427290231, -0.0295076705515, 0.0204972736537, -0.00663385633379, -0.0170440133661, 0.0204680562019, -0.0118074966595], [0.00418582186103, -0.00354115921073, 0.010223149322, -0.0155280968174, 0.00715860398486, 0.0083418674767, -0.0295076705515, 0.0552866831422, -0.0498797930777, 0.0369162559509, -0.0149382334203, 0.00556181464344, 0.00570409651846], [-0.00574625888839, 0.00738650606945, -0.0183083284646, 0.0287180338055, -0.025478085503, 0.00765177933499, 0.0204972736537, -0.0498797930777, 0.0713954493403, -0.0598071105778, 0.0409461036325, -0.0229199752212, 0.00951480772346], [0.00648225191981, -0.0103351278231, 0.0261634569615, -0.0362591929734, 0.0371369607747, -0.0239396467805, -0.00663385633379, 0.0369162559509, -0.0598071105778, 0.093277476728, -0.0704554766417, 0.0454978905618, -0.0211146455258], [-0.00441194977611, 0.00741946045309, -0.0189497936517, 0.0332917235792, -0.033657759428, 0.0313776321709, -0.0170440133661, -0.0149382334203, 0.0409461036325, -0.0704554766417, 0.0876427441835, -0.0603324361145, 0.0304279010743], [0.00230067083612, -0.00306913419627, 0.0112797357142, -0.0211364608258, 0.0201290082186, -0.0272510256618, 0.0204680562019, 0.00556181464344, -0.0229199752212, 0.0454978905618, -0.0603324361145, 0.0604269728065, -0.0277911853045], [-0.000613429350778, 0.00147511914838, -0.00298580620438, 0.0120320981368, -0.0135804563761, 0.0139217209071, -0.0118074966595, 0.00570409651846, 0.00951480772346, -0.0211146455258, 0.0304279010743, -0.0277911853045, 0.036083728075]]}, "melbands": {"dmean": [3.88112239307e-05, 0.000147230181028, 0.000143109878991, 0.000121021366795, 0.000263708119746, 0.000436892762082, 0.00023604586022, 0.0001188829483, 1.45809563037e-05, 7.58201213102e-06, 1.26073664433e-05, 1.33159574034e-05, 7.65741970099e-06, 5.55035194338e-06, 4.20538481194e-06, 3.64391758012e-06, 1.96402106667e-06, 2.18719333134e-06, 1.46479476371e-06, 5.8955708937e-07, 3.83319331831e-07, 1.23877825331e-07, 2.18497913096e-08, 2.45542008948e-09, 1.85908477501e-09, 6.418620635e-10, 3.72305269947e-10, 2.10461065242e-10, 1.71846564756e-10, 9.96777244078e-11, 5.15648600208e-11, 3.54468919495e-11, 2.7997798524e-11, 2.3753866929e-11, 2.07116736956e-11, 1.87529471118e-11, 1.67407546159e-11, 1.51987190194e-11, 1.38888857013e-11, 1.26849772006e-11], "dmean2": [5.66689959669e-05, 0.000219888330321, 0.000197171146283, 0.000194570209715, 0.000435102439951, 0.000722604745533, 0.00032182916766, 0.000161324322107, 1.88974117918e-05, 1.15246830319e-05, 1.76272169483e-05, 1.50817004396e-05, 1.0769281289e-05, 7.93728850113e-06, 5.91622756474e-06, 4.4355879254e-06, 2.48343690146e-06, 2.82899986814e-06, 1.91532126337e-06, 7.4437616604e-07, 4.99188729464e-07, 1.45075546243e-07, 2.60009027642e-08, 3.88977339227e-09, 2.37286279514e-09, 9.72262714782e-10, 5.7425669775e-10, 3.06057124089e-10, 2.56884374883e-10, 1.54591381363e-10, 8.49997086605e-11, 6.23738560801e-11, 4.98749791467e-11, 4.21203488754e-11, 3.69438785119e-11, 3.3705170599e-11, 2.99955442429e-11, 2.72088636344e-11, 2.47136425907e-11, 2.23149450307e-11], "dvar": [1.11904014943e-08, 1.28360980511e-07, 1.27018182638e-07, 5.03970021271e-08, 2.01185386572e-07, 6.50032404792e-07, 3.90256872151e-07, 1.72097045947e-07, 2.00269822948e-09, 5.36553523833e-10, 1.14054088396e-09, 6.78563205625e-09, 3.66086855275e-10, 5.76346359527e-10, 2.95811430906e-10, 1.07738026833e-10, 1.23105678429e-10, 9.64918700497e-11, 4.07818952219e-11, 5.72673072158e-12, 4.90712158407e-12, 2.56609512285e-13, 1.81491377916e-14, 1.9763789318e-16, 4.15465789423e-17, 6.84712690034e-18, 2.19290853664e-18, 1.60477652952e-19, 3.17004122612e-19, 7.93941845978e-20, 7.49081514914e-21, 3.71395855542e-21, 1.49533050168e-21, 1.07804686225e-21, 8.10844805197e-22, 6.0210292005e-22, 4.81335812794e-22, 3.75077081898e-22, 2.91984103454e-22, 2.30862529428e-22], "dvar2": [1.9863888312e-08, 2.52741301665e-07, 1.99629923259e-07, 1.28169034497e-07, 5.14176804245e-07, 1.87891839687e-06, 6.36356389805e-07, 3.50821721895e-07, 3.16118753396e-09, 1.34061639567e-09, 2.29308327881e-09, 1.11525313429e-08, 7.2189298983e-10, 1.34700695043e-09, 6.62364441073e-10, 1.49178003284e-10, 2.21269724765e-10, 1.62586374919e-10, 7.6860004472e-11, 1.03257307218e-11, 1.03573668739e-11, 4.2816664385e-13, 2.32469954202e-14, 5.04142416442e-16, 6.1573994692e-17, 1.44763009575e-17, 4.72740585673e-18, 3.26277566911e-19, 5.43073850643e-19, 1.48011718004e-19, 1.87883380955e-20, 1.0474661606e-20, 4.84475080349e-21, 3.53659536089e-21, 2.64356422456e-21, 1.96523916571e-21, 1.57508678783e-21, 1.22181281161e-21, 9.54154351193e-22, 7.51020269961e-22], "max": [0.00386542500928, 0.0161861255765, 0.0174756255001, 0.00628927815706, 0.00716955540702, 0.0111064594239, 0.0128471245989, 0.0111131118611, 0.000852469238453, 0.000409107102314, 0.000641229620669, 0.00247974647209, 0.000499492918607, 0.000578570296057, 0.000369905581465, 0.000211752572795, 0.000327648827806, 0.000311273848638, 0.000162254931638, 5.00427813677e-05, 7.59777612984e-05, 1.0309575373e-05, 5.67209235669e-06, 2.9792252576e-07, 2.67319819613e-07, 6.75881750567e-08, 3.95729458091e-08, 7.38350669494e-09, 1.54251349471e-08, 7.6070971744e-09, 1.45941392304e-09, 1.22111654122e-09, 4.09832418002e-10, 3.54246104672e-10, 3.05768743658e-10, 2.70152539228e-10, 2.43884329398e-10, 2.13069090149e-10, 1.90366805652e-10, 1.87307752642e-10], "mean": [0.000191215294763, 0.000990139669739, 0.00103362824302, 0.000515811669175, 0.000905701250304, 0.00149784772657, 0.00125426484738, 0.00054424413247, 6.60518126097e-05, 2.04341376957e-05, 5.48910793441e-05, 5.50611912331e-05, 2.50378307101e-05, 2.26298416237e-05, 1.5811110643e-05, 1.33724061016e-05, 7.85121483204e-06, 8.62018259795e-06, 4.73384125144e-06, 2.37480435317e-06, 2.09309632737e-06, 4.15747820171e-07, 7.20633082096e-08, 7.04186975398e-09, 8.47509351587e-09, 1.67992031397e-09, 8.46034908797e-10, 5.3071308459e-10, 3.43724604335e-10, 2.41621916919e-10, 9.60530821548e-11, 6.6581566649e-11, 5.49812174955e-11, 5.0158537046e-11, 4.68995155212e-11, 4.49837285477e-11, 4.1557753766e-11, 4.02260759425e-11, 3.90861509825e-11, 3.87118115341e-11], "median": [4.93278785143e-05, 0.000197319430299, 0.000313102587825, 0.000271749362582, 0.000596398604102, 0.000852653407492, 0.000227281765547, 0.000146790058352, 2.21857480938e-05, 1.15608218039e-05, 2.69907122856e-05, 6.41364385956e-06, 1.01268615254e-05, 5.20823550687e-06, 3.47925379174e-06, 2.94363076137e-06, 1.34910692395e-06, 1.81706445801e-06, 6.11113023297e-07, 3.15224554015e-07, 2.62859117584e-07, 2.88016170913e-08, 3.41512818025e-09, 1.02209107844e-09, 8.69917138324e-10, 4.78332706777e-10, 4.15680351251e-10, 2.26489771382e-10, 1.24763116505e-10, 8.47909450985e-11, 5.63001867349e-11, 4.84470033535e-11, 4.46131499798e-11, 4.25443638652e-11, 4.02850149073e-11, 4.00176419779e-11, 3.72056344067e-11, 3.60812837941e-11, 3.59470092581e-11, 3.63666111114e-11], "min": [1.12364542702e-23, 1.12051806684e-23, 7.56210583443e-24, 5.50278759679e-24, 2.76087716865e-23, 2.96047885697e-23, 1.89192510899e-23, 8.04348374715e-24, 8.35482426947e-24, 9.90876902337e-24, 6.59061731876e-24, 3.8927220948e-24, 4.75357168522e-24, 1.32580128917e-23, 1.94581188188e-23, 1.38501476644e-23, 1.02658563785e-23, 1.12525809536e-23, 7.69853380596e-24, 9.63492937076e-24, 8.55975455543e-24, 6.85564933936e-24, 8.08688056327e-24, 1.37083341394e-23, 1.66468646772e-23, 1.46075771957e-23, 8.85235726468e-24, 7.74604768714e-24, 1.91520108109e-23, 1.44123751424e-23, 1.36327297103e-23, 1.25539916103e-23, 1.36632759823e-23, 1.14317975295e-23, 8.13550673833e-24, 8.11540419588e-24, 1.26077303928e-23, 7.82527772102e-24, 1.00674996704e-23, 1.03763513366e-23], "var": [1.92629130424e-07, 3.37738651979e-06, 3.6448229821e-06, 4.20199739892e-07, 9.77736249297e-07, 3.1615647913e-06, 4.50012203146e-06, 9.43910833939e-07, 1.28485941886e-08, 8.96655250049e-10, 6.16763173866e-09, 4.19800940676e-08, 1.67670743956e-09, 2.22723017806e-09, 1.13363918253e-09, 6.47178421964e-10, 4.78267980775e-10, 5.80207992762e-10, 1.84016177296e-10, 2.95554622443e-11, 3.1661485933e-11, 1.27034765086e-12, 1.01530918818e-13, 4.44686897473e-16, 6.35419606014e-16, 1.72397525653e-17, 3.80670751285e-18, 6.25059546864e-19, 7.762399353e-19, 3.54749485487e-19, 1.34759790221e-20, 4.320937065e-21, 1.40977738793e-21, 9.56508362621e-22, 6.97894918238e-22, 5.22321289384e-22, 4.07020268761e-22, 3.185941867e-22, 2.56037668378e-22, 2.05921650613e-22]}, "mfcc": {"mean": [-863.035827637, 253.942337036, 34.7980232239, -28.1623077393, 11.6486244202, 11.3312273026, -18.1177654266, -18.2782039642, -5.37145233154, -7.65568685532, -11.0373821259, -2.05506753922, 5.12482261658], "cov": [[6031.69580078, 4680.16894531, -735.651184082, -978.680175781, 627.697509766, 44.3292274475, -837.800170898, -359.496887207, 125.862670898, -94.1089172363, -234.755142212, 9.68179798126, 209.423797607], [4680.16894531, 3918.3527832, -105.014167786, -694.468994141, 320.444152832, 90.762008667, -492.45135498, -272.254119873, 53.0399131775, -35.6210212708, -137.379135132, -11.1018695831, 124.435562134], [-735.651184082, -105.014167786, 892.093444824, 315.237548828, -317.394073486, 66.1495666504, 389.280731201, 106.645729065, -76.7675857544, 82.9560928345, 129.028488159, -25.6346092224, -89.9077682495], [-978.680175781, -694.468994141, 315.237548828, 374.59552002, -32.2465705872, -16.8972473145, 219.019607544, 175.936752319, 12.6035690308, 34.7571640015, 92.6569442749, 18.9364471436, -34.1851882935], [627.697509766, 320.444152832, -317.394073486, -32.2465705872, 297.105529785, 26.7098388672, -166.785858154, 19.817855835, 90.367805481, -47.7398033142, -58.6604423523, 50.2778396606, 74.1466064453], [44.3292274475, 90.762008667, 66.1495666504, -16.8972473145, 26.7098388672, 119.066017151, 71.4506149292, -4.62344312668, -1.86542606354, -10.8842763901, -17.2065963745, 22.5139389038, 13.5518493652], [-837.800170898, -492.45135498, 389.280731201, 219.019607544, -166.785858154, 71.4506149292, 320.621429443, 124.884254456, -50.6816825867, 37.5237579346, 93.4101257324, 5.95391178131, -56.1763496399], [-359.496887207, -272.254119873, 106.645729065, 175.936752319, 19.817855835, -4.62344312668, 124.884254456, 145.284011841, 37.1402931213, 12.7989645004, 55.4489555359, 22.8062782288, -16.1190109253], [125.862670898, 53.0399131775, -76.7675857544, 12.6035690308, 90.367805481, -1.86542606354, -50.6816825867, 37.1402931213, 83.8790969849, 36.6191596985, 0.0989405587316, -3.01562023163, 2.10981726646], [-94.1089172363, -35.6210212708, 82.9560928345, 34.7571640015, -47.7398033142, -10.8842763901, 37.5237579346, 12.7989645004, 36.6191596985, 111.329948425, 69.3959350586, -43.9656486511, -46.8830947876], [-234.755142212, -137.379135132, 129.028488159, 92.6569442749, -58.6604423523, -17.2065963745, 93.4101257324, 55.4489555359, 0.0989405587316, 69.3959350586, 98.1776275635, 6.94490194321, -32.9815940857], [9.68179798126, -11.1018695831, -25.6346092224, 18.9364471436, 50.2778396606, 22.5139389038, 5.95391178131, 22.8062782288, -3.01562023163, -43.9656486511, 6.94490194321, 84.4678497314, 58.2901077271], [209.423797607, 124.435562134, -89.9077682495, -34.1851882935, 74.1466064453, 13.5518493652, -56.1763496399, -16.1190109253, 2.10981726646, -46.8830947876, -32.9815940857, 58.2901077271, 87.4781036377]], "icov": [[-446.613250732, 633.17376709, -634.422241211, 626.180175781, -598.440368652, 543.437194824, -461.496337891, 360.347747803, -253.321929932, 156.405700684, -81.3059921265, 32.9388122559, -8.39801883698], [633.17376709, -894.825927734, 888.979614258, -867.32635498, 818.699523926, -734.895690918, 617.819885254, -478.368804932, 334.010864258, -205.099212646, 106.157035828, -42.8573570251, 10.8987798691], [-634.422241211, 888.979614258, -862.696899414, 814.270751953, -740.600524902, 640.99432373, -521.243652344, 392.0987854, -267.231903076, 160.839782715, -81.9070205688, 32.6313705444, -8.21590614319], [626.180175781, -867.32635498, 814.270751953, -730.967590332, 625.118469238, -506.010559082, 384.53012085, -271.09475708, 174.095626831, -99.3383483887, 48.2857475281, -18.4705753326, 4.49812364578], [-598.440368652, 818.699523926, -740.600524902, 625.118469238, -490.414123535, 355.504577637, -236.004180908, 141.689483643, -75.5067749023, 34.6580085754, -13.0718688965, 3.67105484009, -0.614223778248], [543.437194824, -734.895690918, 640.99432373, -506.010559082, 355.504577637, -215.186187744, 103.708129883, -29.8047924042, -8.09364318848, 19.4613895416, -16.1319046021, 8.53706932068, -2.59699130058], [-461.496337891, 617.819885254, -521.243652344, 384.53012085, -236.004180908, 103.708129883, -6.70935583115, -47.5790977478, 63.5488166809, -54.3349456787, 34.6005973816, -16.1830711365, 4.61362838745], [360.347747803, -478.368804932, 392.0987854, -271.09475708, 141.689483643, -29.8047924042, -47.5790977478, 84.6687393188, -86.729927063, 67.3394165039, -40.9079933167, 18.6335372925, -5.24964761734], [-253.321929932, 334.010864258, -267.231903076, 174.095626831, -75.5067749023, -8.09364318848, 63.5488166809, -86.729927063, 82.3911056519, -61.8450164795, 36.9359283447, -16.692527771, 4.71174287796], [156.405700684, -205.099212646, 160.839782715, -99.3383483887, 34.6580085754, 19.4613895416, -54.3349456787, 67.3394165039, -61.8450164795, 45.7773628235, -27.1951828003, 12.3016223907, -3.50187182426], [-81.3059921265, 106.157035828, -81.9070205688, 48.2857475281, -13.0718688965, -16.1319046021, 34.6005973816, -40.9079933167, 36.9359283447, -27.1951828003, 16.1848335266, -7.36189699173, 2.13167214394], [32.9388122559, -42.8573570251, 32.6313705444, -18.4705753326, 3.67105484009, 8.53706932068, -16.1830711365, 18.6335372925, -16.692527771, 12.3016223907, -7.36189699173, 3.41257691383, -1.01979458332], [-8.39801883698, 10.8987798691, -8.21590614319, 4.49812364578, -0.614223778248, -2.59699130058, 4.61362838745, -5.24964761734, 4.71174287796, -3.50187182426, 2.13167214394, -1.01979458332, 0.338019907475]]}, "spectral_contrast_coeffs": {"dmean": [0.0351455360651, 0.0334614217281, 0.0214113853872, 0.0215840525925, 0.0151751190424, 0.0169096607715], "dmean2": [0.0584136582911, 0.0562129579484, 0.0335090532899, 0.0335664711893, 0.0240453984588, 0.0288893785328], "dvar": [0.00088742445223, 0.00131877756212, 0.00060431053862, 0.000784546718933, 0.000352113071131, 0.00024273127201], "dvar2": [0.00242604920641, 0.00368054397404, 0.0013481634669, 0.00180671352427, 0.000649278284982, 0.000734882254619], "max": [-0.305928319693, -0.331306606531, -0.523746728897, -0.512235343456, -0.534247219563, -0.811881422997], "mean": [-0.575585484505, -0.567165017128, -0.703126192093, -0.681720614433, -0.767865180969, -0.894533932209], "median": [-0.575604259968, -0.550195395947, -0.697641372681, -0.670166611671, -0.762019336224, -0.892824113369], "min": [-0.966460227966, -0.958653509617, -0.959083199501, -0.955191612244, -0.96012121439, -0.958550572395], "var": [0.00723211001605, 0.0123694362119, 0.00549840042368, 0.00688985642046, 0.00758919259533, 0.000392500514863]}, "spectral_contrast_valleys": {"dmean": [0.351596772671, 0.288415461779, 0.236297741532, 0.272249668837, 0.212078168988, 0.379607379436], "dmean2": [0.581753373146, 0.477234899998, 0.367990165949, 0.427998423576, 0.346711784601, 0.652813792229], "dvar": [0.154897511005, 0.18926641345, 0.179971247911, 0.249296665192, 0.161392793059, 0.218485489488], "dvar2": [0.287831217051, 0.307483434677, 0.265988379717, 0.43468362093, 0.234679177403, 0.506905794144], "max": [-5.8325009346, -5.58545398712, -6.27220392227, -7.34744930267, -10.3432922363, -12.1903829575], "mean": [-8.25431251526, -7.84072780609, -8.89880847931, -10.5389919281, -12.4277505875, -14.11