{"lowlevel": {"average_loudness": 0.919263184071, "barkbands_crest": {"dmean": 2.05323123932, "dmean2": 3.41012763977, "dvar": 4.01982116699, "dvar2": 11.0801696777, "max": 25.0560531616, "mean": 9.24468231201, "median": 8.57869148254, "min": 2.36738586426, "var": 11.4034032822}, "barkbands_flatness_db": {"dmean": 0.0233302433044, "dmean2": 0.0372287109494, "dvar": 0.000645782449283, "dvar2": 0.00149746052921, "max": 0.695422112942, "mean": 0.179217487574, "median": 0.135284915566, "min": 0.0103537579998, "var": 0.0149017600343}, "barkbands_kurtosis": {"dmean": 2.84958553314, "dmean2": 4.53963136673, "dvar": 100.636222839, "dvar2": 202.555267334, "max": 451.092285156, "mean": 5.00275230408, "median": 2.79205274582, "min": -1.92853355408, "var": 292.2684021}, "barkbands_skewness": {"dmean": 0.528858721256, "dmean2": 0.848117351532, "dvar": 0.380730181932, "dvar2": 0.938374459743, "max": 19.6442279816, "mean": 1.5983427763, "median": 1.551658988, "min": -3.22098970413, "var": 1.56362044811}, "barkbands_spread": {"dmean": 4.17543029785, "dmean2": 6.71138954163, "dvar": 23.4495868683, "dvar2": 60.7759666443, "max": 120.846954346, "mean": 17.3547458649, "median": 17.2350673676, "min": 0.828110873699, "var": 89.8135986328}, "dissonance": {"dmean": 0.0254358593374, "dmean2": 0.0428213104606, "dvar": 0.000829753989819, "dvar2": 0.00235203816555, "max": 0.500000119209, "mean": 0.441441833973, "median": 0.450618743896, "min": 0.164204105735, "var": 0.00180415727664}, "dynamic_complexity": 3.62364721298, "erbbands_crest": {"dmean": 2.55861496925, "dmean2": 3.9588572979, "dvar": 6.83635997772, "dvar2": 15.5859870911, "max": 34.1857261658, "mean": 10.7733154297, "median": 9.50329875946, "min": 2.44593143463, "var": 27.1916389465}, "erbbands_flatness_db": {"dmean": 0.0168127901852, "dmean2": 0.0247717183083, "dvar": 0.000319151644362, "dvar2": 0.000695978640579, "max": 0.553273379803, "mean": 0.181875839829, "median": 0.150156795979, "min": 0.0430623143911, "var": 0.00811618939042}, "erbbands_kurtosis": {"dmean": 0.982124447823, "dmean2": 1.49174809456, "dvar": 5.9712305069, "dvar2": 11.6980085373, "max": 113.723648071, "mean": 0.958722472191, "median": -0.128674507141, "min": -1.88176345825, "var": 20.5465888977}, "erbbands_skewness": {"dmean": 0.356757193804, "dmean2": 0.524442493916, "dvar": 0.141851037741, "dvar2": 0.277410924435, "max": 4.30811309814, "mean": 0.301573812962, "median": 0.365129113197, "min": -5.36906814575, "var": 0.902175545692}, "erbbands_spread": {"dmean": 6.07315254211, "dmean2": 9.55067062378, "dvar": 37.7599754333, "dvar2": 91.6804656982, "max": 136.307632446, "mean": 33.2317886353, "median": 32.7696304321, "min": 0.68204408884, "var": 203.906433105}, "hfc": {"dmean": 4.66370868683, "dmean2": 6.87260437012, "dvar": 29.9679584503, "dvar2": 65.681098938, "max": 94.743812561, "mean": 20.4357872009, "median": 21.0173225403, "min": 1.100321408e-16, "var": 189.248596191}, "melbands_crest": {"dmean": 2.93081903458, "dmean2": 4.9819278717, "dvar": 7.88835334778, "dvar2": 22.7377262115, "max": 34.199344635, "mean": 12.7695302963, "median": 12.2508153915, "min": 1.00465297699, "var": 18.1027412415}, "melbands_flatness_db": {"dmean": 0.0312035158277, "dmean2": 0.0503808259964, "dvar": 0.00110230792779, "dvar2": 0.00265914178453, "max": 0.878272116184, "mean": 0.275529265404, "median": 0.232714980841, "min": -4.40060119899e-07, "var": 0.0204125549644}, "melbands_kurtosis": {"dmean": 6.65367174149, "dmean2": 10.8005819321, "dvar": 698.46673584, "dvar2": 1462.08056641, "max": 1294.23840332, "mean": 12.8171663284, "median": 7.59166049957, "min": -1.90951037407, "var": 1780.66271973}, "melbands_skewness": {"dmean": 0.704192340374, "dmean2": 1.15049481392, "dvar": 0.679616034031, "dvar2": 1.78691792488, "max": 24.3901100159, "mean": 2.45112752914, "median": 2.31464195251, "min": -2.1731171608, "var": 2.37152290344}, "melbands_spread": {"dmean": 5.72948694229, "dmean2": 9.33927154541, "dvar": 47.3062210083, "dvar2": 127.038566589, "max": 162.624343872, "mean": 18.5610084534, "median": 15.9705619812, "min": 0.336907088757, "var": 246.832962036}, "pitch_salience": {"dmean": 0.0670344606042, "dmean2": 0.10757291317, "dvar": 0.00384651799686, "dvar2": 0.00979372020811, "max": 0.995982050896, "mean": 0.532819449902, "median": 0.532191097736, "min": 0.0908794775605, "var": 0.0116245448589}, "silence_rate_20dB": {"dmean": 0, "dmean2": 0, "dvar": 0, "dvar2": 0, "max": 1, "mean": 1, "median": 1, "min": 1, "var": 0}, "silence_rate_30dB": {"dmean": 0.00306670065038, "dmean2": 0.00613418547437, "dvar": 0.00305735180154, "dvar2": 0.00711914245039, "max": 1, "mean": 0.996933698654, "median": 1, "min": 0, "var": 0.00305696483701}, "silence_rate_60dB": {"dmean": 0.016100179404, "dmean2": 0.0322044715285, "dvar": 0.0158411189914, "dvar2": 0.0332125537097, "max": 1, "mean": 0.0793407410383, "median": 0, "min": 0, "var": 0.0730391442776}, "spectral_centroid": {"dmean": 197.963577271, "dmean2": 314.357910156, "dvar": 57033.1953125, "dvar2": 125755.296875, "max": 11614.6328125, "mean": 1055.09899902, "median": 935.647949219, "min": 160.408920288, "var": 1173029.375}, "spectral_complexity": {"dmean": 2.7227191925, "dmean2": 4.3575720787, "dvar": 10.3292474747, "dvar2": 24.3142166138, "max": 43, "mean": 15.0581321716, "median": 16, "min": 0, "var": 53.2255477905}, "spectral_decrease": {"dmean": 3.44813577691e-09, "dmean2": 5.92599347371e-09, "dvar": 2.35640744352e-17, "dvar2": 6.64644783793e-17, "max": 4.66221802403e-28, "mean": -9.07985242549e-09, "median": -8.8391249875e-09, "min": -5.01029973066e-08, "var": 4.34518869129e-17}, "spectral_energy": {"dmean": 0.0132659310475, "dmean2": 0.0227437615395, "dvar": 0.000346030108631, "dvar2": 0.000973443908151, "max": 0.190798997879, "mean": 0.036123033613, "median": 0.0354964248836, "min": 9.86000340295e-21, "var": 0.000665662053507}, "spectral_energyband_high": {"dmean": 0.00014390659635, "dmean2": 0.000212306898902, "dvar": 3.26437010756e-08, "dvar2": 7.61390168691e-08, "max": 0.00287108914927, "mean": 0.000458044407424, "median": 0.000310164410621, "min": 7.01904431899e-21, "var": 2.31760651559e-07}, "spectral_energyband_low": {"dmean": 0.010065744631, "dmean2": 0.0179299935699, "dvar": 0.000243823771598, "dvar2": 0.000704756646883, "max": 0.183165192604, "mean": 0.0131854191422, "median": 0.00861068628728, "min": 1.91898004037e-23, "var": 0.000261776673142}, "spectral_energyband_middle_high": {"dmean": 0.00200653122738, "dmean2": 0.0029329454992, "dvar": 7.93250819697e-06, "dvar2": 1.74969463842e-05, "max": 0.0538952089846, "mean": 0.00569193856791, "median": 0.00468888878822, "min": 1.05838102688e-21, "var": 2.69954798569e-05}, "spectral_energyband_middle_low": {"dmean": 0.00651080533862, "dmean2": 0.0104146050289, "dvar": 8.58149578562e-05, "dvar2": 0.000213473511394, "max": 0.0971532985568, "mean": 0.0189293511212, "median": 0.017006220296, "min": 1.74985984277e-22, "var": 0.000229025696171}, "spectral_entropy": {"dmean": 0.217005968094, "dmean2": 0.325140535831, "dvar": 0.0646817758679, "dvar2": 0.143685668707, "max": 9.82512378693, "mean": 6.84041881561, "median": 6.98559474945, "min": 4.06619024277, "var": 0.786108970642}, "spectral_flux": {"dmean": 0.0310115069151, "dmean2": 0.0494142845273, "dvar": 0.00132115662564, "dvar2": 0.00274638761766, "max": 0.38380408287, "mean": 0.0897459238768, "median": 0.0873312726617, "min": 6.30970484194e-11, "var": 0.00362434773706}, "spectral_kurtosis": {"dmean": 8.9545545578, "dmean2": 15.3683652878, "dvar": 1277.43273926, "dvar2": 3434.3125, "max": 1145.02600098, "mean": 25.2747535706, "median": 6.89838504791, "min": -1.25524532795, "var": 5108.57958984}, "spectral_rms": {"dmean": 0.000973564863671, "dmean2": 0.00163686077576, "dvar": 1.33779622047e-06, "dvar2": 3.75289641852e-06, "max": 0.0136435097083, "mean": 0.00544932251796, "median": 0.0058847819455, "min": 3.10153443726e-12, "var": 5.54691541765e-06}, "spectral_rolloff": {"dmean": 349.150085449, "dmean2": 611.922729492, "dvar": 345147.9375, "dvar2": 816878.0625, "max": 19509.0820312, "mean": 1126.86804199, "median": 753.662109375, "min": 64.599609375, "var": 3710317.5}, "spectral_skewness": {"dmean": 0.442546784878, "dmean2": 0.752409636974, "dvar": 0.894057452679, "dvar2": 2.34352350235, "max": 27.9138717651, "mean": 2.85306072235, "median": 2.10609531403, "min": -0.0678488463163, "var": 7.7301235199}, "spectral_spread": {"dmean": 476291.09375, "dmean2": 662143.125, "dvar": 437191213056, "dvar2": 838142722048, "max": 42567804, "mean": 4421906, "median": 4197384.5, "min": 85591.3515625, "var": 16130888433700.0}, "spectral_strongpeak": {"dmean": 0.70944994688, "dmean2": 1.25654864311, "dvar": 1.46880710125, "dvar2": 3.76803016663, "max": 11.6086769104, "mean": 0.91906440258, "median": 0.413601964712, "min": 0, "var": 1.58329904079}, "zerocrossingrate": {"dmean": 0.00669867452234, "dmean2": 0.00877389963716, "dvar": 7.55252185627e-05, "dvar2": 0.000135708221933, "max": 0.52978515625, "mean": 0.0497753657401, "median": 0.04541015625, "min": 0.0029296875, "var": 0.00263086520135}, "barkbands": {"dmean": [0.000384519400541, 0.00472943112254, 0.00456465827301, 0.00339455413632, 0.00302257854491, 0.00141617911868, 0.000978104537353, 0.00061094929697, 0.000728200480808, 0.000411340646679, 0.000354257790605, 0.000458132475615, 0.000480829388835, 0.000476719229482, 0.000302072847262, 0.000470545754069, 0.000354618125129, 0.000179971000762, 0.000117771342047, 7.1881506301e-05, 5.87557151448e-05, 3.77071810362e-05, 2.86461690848e-05, 2.76963655779e-05, 2.22607686737e-05, 1.32154837047e-05, 6.85160603098e-06], "dmean2": [0.000660980818793, 0.00816443003714, 0.00828711036593, 0.00587777467445, 0.00470340996981, 0.00203794101253, 0.00145988690201, 0.000862376589794, 0.000980918179266, 0.00061406113673, 0.000518110580742, 0.000687588413712, 0.00075817812467, 0.000757029280066, 0.000443950732006, 0.000646063359454, 0.000535376311745, 0.000298214377835, 0.000194412205019, 0.000118565199955, 9.95497539407e-05, 6.17852929281e-05, 4.70985178254e-05, 4.31013213529e-05, 3.15508223139e-05, 1.84619384527e-05, 9.53693142947e-06], "dvar": [3.41779241353e-07, 4.64714285044e-05, 7.05680649844e-05, 3.38309146173e-05, 2.4575898351e-05, 5.34911714567e-06, 3.47664399669e-06, 1.18511979963e-06, 1.49389256876e-06, 8.82384597389e-07, 7.7925557207e-07, 1.33326193463e-06, 1.25893450331e-06, 1.7236907297e-06, 4.35443581637e-07, 9.71350573309e-07, 4.90033755796e-07, 1.21660079344e-07, 7.36653049671e-08, 2.11519157745e-08, 1.01094022043e-08, 3.21733373276e-09, 2.26987162399e-09, 2.03055150472e-09, 1.27169974551e-09, 5.08935171784e-10, 1.89515750315e-10], "dvar2": [9.55482278187e-07, 0.000118122799904, 0.000207894554478, 9.5247727586e-05, 5.51769808226e-05, 1.12248453661e-05, 8.52930770634e-06, 2.379639227e-06, 2.80957829091e-06, 1.92608172256e-06, 1.45387014072e-06, 2.85420901491e-06, 2.89927561425e-06, 4.1618841351e-06, 9.73035639618e-07, 1.71679482719e-06, 1.00828265204e-06, 3.12464720764e-07, 1.92508466057e-07, 5.41804965337e-08, 2.86179435705e-08, 8.76846595332e-09, 6.31443874965e-09, 5.24662890911e-09, 3.05516678623e-09, 1.05009301254e-09, 3.77291253795e-10], "max": [0.0102542322129, 0.169479012489, 0.0679581463337, 0.0684861540794, 0.0583853460848, 0.052098158747, 0.0345267504454, 0.0244946926832, 0.0228214655071, 0.0200477298349, 0.0195117723197, 0.0201970506459, 0.0232731476426, 0.0278275366873, 0.017309397459, 0.0175891723484, 0.0134660964832, 0.00711150048301, 0.0047380598262, 0.00357884727418, 0.0019011751283, 0.000849228526931, 0.000678728276398, 0.000727789243683, 0.000688399188221, 0.000513131963089, 0.000313958676998], "mean": [0.000488818681333, 0.00618596142158, 0.00451126135886, 0.00410824362189, 0.00585729721934, 0.00306550343521, 0.00211700052023, 0.00146627146751, 0.00202020327561, 0.000877913553268, 0.000599029532168, 0.000699300959241, 0.000679924502037, 0.000642558385152, 0.000492614984978, 0.000770343991462, 0.000558871193789, 0.000273592828307, 0.000181368071935, 0.000118309551908, 0.000105263949081, 7.32871994842e-05, 5.52549390704e-05, 6.14653690718e-05, 5.0944792747e-05, 3.59988298442e-05, 2.6429312129e-05], "median": [0.00024060002761, 0.00340809789486, 0.00160783424508, 0.00178009062074, 0.00321188056841, 0.00141658040229, 0.000902405648958, 0.000654717965517, 0.000808063778095, 0.000204006195418, 0.000117393799883, 0.000167801306816, 0.000195943328436, 0.000156269976287, 0.000152129417984, 0.000161647054483, 0.000168319951626, 0.000115814007586, 7.22411132301e-05, 6.29222340649e-05, 6.07528891123e-05, 4.1805615183e-05, 2.24953637371e-05, 2.97199512715e-05, 2.24682880798e-05, 1.48447825268e-05, 1.20742588479e-05], "min": [2.0089924371e-25, 4.76893396249e-24, 7.70399785102e-25, 9.79865035189e-25, 8.61149909765e-24, 5.45855853242e-24, 8.157394473e-24, 1.16132457929e-23, 1.57779596337e-23, 1.33886230141e-23, 1.44536735885e-23, 2.07457812076e-23, 3.03105981988e-23, 3.14356242902e-23, 3.04440671531e-23, 4.51245950499e-23, 5.39639424205e-23, 9.72150085976e-23, 1.04118368245e-22, 1.31683414949e-22, 2.07293536526e-22, 3.13952352429e-22, 3.97763004971e-22, 5.66923560696e-22, 9.17589676359e-22, 1.30988492862e-21, 2.00397993544e-21], "var": [5.20187768416e-07, 7.69992475398e-05, 5.61060369364e-05, 3.63770777767e-05, 5.19856257597e-05, 1.83317479241e-05, 1.06935249278e-05, 4.98467989019e-06, 8.57334816828e-06, 3.00800161313e-06, 2.37265226133e-06, 2.65398057309e-06, 1.96022006094e-06, 2.32726711147e-06, 8.7356528411e-07, 2.70642635769e-06, 1.13813632652e-06, 2.21269516487e-07, 1.23764465343e-07, 3.6409442572e-08, 1.85827424559e-08, 8.76196626365e-09, 6.30029450832e-09, 7.97201238356e-09, 5.09047914932e-09, 3.23295390459e-09, 2.08140460423e-09]}, "erbbands": {"dmean": [0.120855107903, 1.18123304844, 4.50878715515, 9.19598770142, 11.2107915878, 9.45001506805, 11.0270910263, 12.3079204559, 14.3295269012, 12.2750663757, 14.7092523575, 15.7316913605, 13.2805557251, 11.6753969193, 15.0033245087, 16.7829914093, 22.7180576324, 23.7213687897, 14.4604587555, 17.9875335693, 29.8399391174, 17.6557273865, 10.5702295303, 8.0457611084, 3.90966653824, 3.3643643856, 2.7268307209, 1.83697974682, 1.31091415882, 1.12327754498, 0.786006510258, 0.600666582584, 0.46773019433, 0.291588693857, 0.151885852218, 0.0673706680536, 0.0227205343544, 0.00699532916769, 0.00114759791177, 8.8001950644e-05], "dmean2": [0.200712487102, 2.08782172203, 8.21080875397, 16.2190418243, 17.9792003632, 15.0637559891, 16.8859615326, 17.6246337891, 21.1564884186, 18.206943512, 20.1700515747, 21.084066391, 19.4203357697, 17.4886817932, 21.8408584595, 25.3639621735, 35.4750213623, 37.7216720581, 21.9124126434, 26.1194534302, 40.6659965515, 26.6822242737, 17.22315979, 13.4967393875, 6.29443740845, 5.51646518707, 4.56435775757, 3.09563493729, 2.1505048275, 1.83229494095, 1.30178773403, 0.962858319283, 0.713334560394, 0.431554883718, 0.21615447104, 0.0974516272545, 0.0315699242055, 0.00971908401698, 0.0016078784829, 0.00013074358867], "dvar": [0.0531245432794, 2.87483286858, 62.3734779358, 277.447235107, 364.274993896, 236.828674316, 375.488494873, 460.00994873, 830.123291016, 455.628387451, 694.656677246, 768.441162109, 676.91394043, 680.921203613, 1263.2611084, 1632.72924805, 2952.88647461, 4582.83105469, 1541.28955078, 1457.31066895, 4003.63183594, 1486.07629395, 337.291503906, 342.177886963, 72.8181304932, 42.8480949402, 26.6039772034, 11.949801445, 4.39790010452, 3.31249260902, 2.09802269936, 1.08782064915, 0.683509111404, 0.235943362117, 0.0631042793393, 0.0133918141946, 0.0018152880948, 0.000175094537553, 5.45681496078e-06, 3.56432821036e-08], "dvar2": [0.0998808667064, 8.24485778809, 185.168304443, 796.412658691, 826.0234375, 585.923828125, 897.96875, 925.655761719, 2036.60656738, 1021.69854736, 1323.75805664, 1402.0592041, 1469.32788086, 1505.34570312, 2572.58911133, 3510.18334961, 6818.05126953, 10949.0117188, 3571.12280273, 3194.4909668, 7191.55224609, 3127.55053711, 865.434326172, 951.112304688, 166.988571167, 110.315032959, 75.3462524414, 32.6245994568, 12.122841835, 8.88859081268, 5.8969578743, 2.97793650627, 1.73709177971, 0.591820001602, 0.155112937093, 0.0304173454642, 0.00387135823257, 0.000358365039574, 1.04854825622e-05, 7.58926930189e-08], "max": [8.57819747925, 24.7359771729, 66.6657943726, 148.700241089, 215.021194458, 274.110473633, 335.053009033, 439.578796387, 634.431213379, 391.765594482, 653.41394043, 611.193359375, 491.020874023, 548.129394531, 712.739013672, 859.87713623, 1184.84350586, 1742.62756348, 1031.02685547, 716.388366699, 1207.09606934, 926.550598145, 331.165557861, 417.891326904, 289.682098389, 181.096481323, 114.552101135, 69.3789901733, 35.5892066956, 24.6413631439, 20.5795726776, 17.3058071136, 15.9713830948, 11.3601932526, 5.30737781525, 3.00560855865, 0.965807318687, 0.350421845913, 0.0584256313741, 0.00474644359201], "mean": [0.16954036057, 1.43065977097, 4.66361951828, 10.6132879257, 17.3975944519, 18.2486763, 22.474395752, 25.980764389, 30.3828716278, 28.7106628418, 38.9850082397, 43.9807510376, 34.0988922119, 24.250246048, 26.6848621368, 26.9369564056, 33.731590271, 32.9870948792, 23.6908397675, 30.666765213, 50.4689216614, 29.4236106873, 17.7556762695, 13.1125383377, 6.86172437668, 5.79542684555, 4.75539731979, 3.32586932182, 2.57446599007, 2.15883588791, 1.53282344341, 1.26403772831, 0.994559049606, 0.629517257214, 0.337799876928, 0.162333682179, 0.0640882477164, 0.0204787421972, 0.00421180156991, 0.000364804436686], "median": [0.0868884474039, 0.767029702663, 1.89216470718, 4.61843109131, 8.49452114105, 8.91434001923, 9.95356941223, 11.3161115646, 12.4678916931, 16.1221027374, 18.3764266968, 19.4227428436, 12.2688360214, 8.87243080139, 8.25833702087, 9.1314125061, 10.8542327881, 10.84146595, 8.70364570618, 12.3002538681, 14.3792743683, 12.8741960526, 10.0038309097, 6.00991868973, 3.94871807098, 3.31475186348, 2.47325372696, 1.60474920273, 1.36082649231, 0.987636625767, 0.662923753262, 0.560216784477, 0.454761862755, 0.288469582796, 0.141052231193, 0.0687380358577, 0.0258760619909, 0.00799921620637, 0.00172782922164, 0.000198757930775], "min": [8.20176221912e-23, 8.14063408177e-22, 1.84927373487e-21, 8.31443339206e-21, 1.28381743022e-20, 4.31191675736e-20, 4.9154652139e-20, 6.09499827177e-20, 9.02311230393e-20, 2.08780347834e-19, 2.83128258944e-19, 3.15550352685e-19, 3.9753930593e-19, 6.70301414985e-19, 6.21495587496e-19, 9.52703305954e-19, 1.58693856056e-18, 2.14960128888e-18, 1.21373607147e-18, 3.97499534052e-18, 3.13101034703e-18, 3.35041400745e-18, 6.241440854e-18, 3.96478420945e-18, 6.59157110445e-18, 7.47380100036e-18, 9.22842478752e-18, 7.63418222215e-18, 1.10295361251e-17, 9.75057096866e-18, 1.13594744832e-17, 8.82321382084e-18, 9.00612082507e-18, 6.781248582e-18, 6.50983738813e-18, 4.11799625686e-18, 2.27212245403e-18, 9.58113790943e-19, 2.55067397434e-19, 2.73461354554e-20], "var": [0.118566989899, 3.43689012527, 50.5068016052, 250.061325073, 584.068725586, 530.661804199, 1057.18969727, 1545.05737305, 2514.28857422, 1488.31689453, 3308.6784668, 4611.18896484, 2860.44262695, 2089.50219727, 3377.15136719, 3217.49438477, 4668.74804688, 5961.13037109, 2659.46362305, 2958.89257812, 10730.6972656, 3147.79003906, 653.357971191, 554.387023926, 137.010406494, 73.2496871948, 42.7556381226, 23.4292106628, 11.5074720383, 8.85663509369, 5.38506126404, 3.49351644516, 2.304500103, 0.788585543633, 0.245927169919, 0.0618298463523, 0.0111125316471, 0.00123248028103, 5.67000352021e-05, 3.36034304382e-07]}, "gfcc": {"mean": [-34.9814758301, 116.873054504, -92.8678894043, 19.2002506256, -33.7736816406, 2.47866797447, -31.0118579865, -0.0296851973981, -17.5510234833, -1.44540286064, -12.8120479584, -3.27795290947, -9.09522819519], "cov": [[36252.2421875, -6037.12548828, -2441.94555664, 462.548858643, -2784.90283203, 306.301635742, -1418.37231445, 2170.3894043, 210.194030762, 174.079528809, -1380.85473633, 399.350830078, -548.111206055], [-6037.12548828, 3621.32055664, 184.987472534, 4.68015289307, 854.50012207, -229.258377075, 376.789825439, -884.081176758, -148.911880493, -127.338409424, 486.418579102, -160.861434937, 185.697280884], [-2441.94555664, 184.987472534, 1070.71923828, -143.987747192, 275.646911621, 21.9248142242, -63.2328453064, -116.664154053, -79.3750991821, 76.8201293945, 136.940032959, -6.98856544495, -17.4789867401], [462.548858643, 4.68015289307, -143.987747192, 287.556182861, -37.8490409851, 18.7115726471, 14.0933523178, -0.702649533749, 25.3666305542, -18.8834915161, -22.1598377228, -8.44355487823, 0.756307959557], [-2784.90283203, 854.50012207, 275.646911621, -37.8490409851, 567.977661133, 45.4398040771, 99.2485580444, -284.592590332, -68.8050537109, 13.1040811539, 165.006347656, -61.5875930786, 36.5218963623], [306.301635742, -229.258377075, 21.9248142242, 18.7115726471, 45.4398040771, 221.196975708, 41.2620010376, 0.42032495141, -32.4675445557, 12.5157680511, 7.28141498566, -3.67287516594, -14.937828064], [-1418.37231445, 376.789825439, -63.2328453064, 14.0933523178, 99.2485580444, 41.2620010376, 278.139862061, -98.4979553223, -19.8241214752, -63.6724472046, 70.3179244995, -5.63918399811, 46.5043830872], [2170.3894043, -884.081176758, -116.664154053, -0.702649533749, -284.592590332, 0.42032495141, -98.4979553223, 437.252105713, 116.638008118, 8.53387737274, -187.430938721, 36.4991264343, -39.8845710754], [210.194030762, -148.911880493, -79.3750991821, 25.3666305542, -68.8050537109, -32.4675445557, -19.8241214752, 116.638008118, 168.520248413, 38.4684944153, -70.2827987671, -29.8575954437, -13.9060754776], [174.079528809, -127.338409424, 76.8201293945, -18.8834915161, 13.1040811539, 12.5157680511, -63.6724472046, 8.53387737274, 38.4684944153, 139.939620972, 35.9423370361, -19.829252243, -39.6667518616], [-1380.85473633, 486.418579102, 136.940032959, -22.1598377228, 165.006347656, 7.28141498566, 70.3179244995, -187.430938721, -70.2827987671, 35.9423370361, 224.987060547, 25.8640403748, 8.00436496735], [399.350830078, -160.861434937, -6.98856544495, -8.44355487823, -61.5875930786, -3.67287516594, -5.63918399811, 36.4991264343, -29.8575954437, -19.829252243, 25.8640403748, 128.565460205, 34.6845855713], [-548.111206055, 185.697280884, -17.4789867401, 0.756307959557, 36.5218963623, -14.937828064, 46.5043830872, -39.8845710754, -13.9060754776, -39.6667518616, 8.00436496735, 34.6845855713, 116.289108276]], "icov": [[9.5330280601e-05, -0.000113643320219, 0.000154788169311, -6.62923193886e-05, 0.000260587694356, -0.000303547101794, 0.000323752494296, -0.000265423062956, 0.000336537370458, -0.000306412868667, 0.000411246321164, -0.000369618006516, 0.000330818904331], [-0.000113643320219, 0.00130453158636, -5.11181897309e-05, 5.47651779925e-06, -0.00105899886694, 0.00163199577946, -0.000619561062194, 0.00135141343344, -0.000898406957276, 0.00164160062559, -0.00216248631477, 0.00195649266243, -0.00135519111063], [0.000154788169311, -5.11181897309e-05, 0.00152542348951, 0.000325789616909, -0.000254219135968, -0.000378742697649, 0.000954660994466, -0.000545110262465, 0.000872794131283, -0.000669616216328, 2.00179929379e-05, -0.000415761547629, 0.000499407004099], [-6.62923193886e-05, 5.47651779925e-06, 0.000325789616909, 0.00392916984856, 8.01998903626e-05, -0.000479043228552, -1.86389079317e-05, 0.00061558780726, -0.00108409731183, 0.000806120806374, -0.000251687597483, 0.000284666806692, -8.81741507328e-05], [0.000260587694356, -0.00105899886694, -0.000254219135968, 8.01998903626e-05, 0.00456120958552, -0.00232665752992, 0.00080637721112, -6.40536381979e-05, 0.000876233505551, -0.00139508163556, 0.000991670764051, -0.000305262714392, 0.00045647326624], [-0.000303547101794, 0.00163199577946, -0.000378742697649, -0.000479043228552, -0.00232665752992, 0.00775456149131, -0.00275251152925, 0.00122850108892, 0.000411310000345, 0.000648559362162, -0.00208999658935, 0.00250299065374, -0.00117397319991], [0.000323752494296, -0.000619561062194, 0.000954660994466, -1.86389079317e-05, 0.00080637721112, -0.00275251152925, 0.00683055864647, -0.000957888667472, -0.000217113090912, 0.00208307337016, -0.00104900880251, -0.000327675254084, -0.000153476139531], [-0.000265423062956, 0.00135141343344, -0.000545110262465, 0.00061558780726, -6.40536381979e-05, 0.00122850108892, -0.000957888667472, 0.00725794630125, -0.00390742812306, 0.00172044930514, 0.000742288655601, -0.000284805049887, -0.000291236734483], [0.000336537370458, -0.000898406957276, 0.000872794131283, -0.00108409731183, 0.000876233505551, 0.000411310000345, -0.000217113090912, -0.00390742812306, 0.0114817125723, -0.00579035934061, 0.00399948842824, 9.72688649199e-05, 0.000776975764893], [-0.000306412868667, 0.00164160062559, -0.000669616216328, 0.000806120806374, -0.00139508163556, 0.000648559362162, 0.00208307337016, 0.00172044930514, -0.00579035934061, 0.0145241329446, -0.00779571104795, 0.00456198491156, -0.000455273664556], [0.000411246321164, -0.00216248631477, 2.00179929379e-05, -0.000251687597483, 0.000991670764051, -0.00208999658935, -0.00104900880251, 0.000742288655601, 0.00399948842824, -0.00779571104795, 0.0151907065883, -0.00846106186509, 0.00478747859597], [-0.000369618006516, 0.00195649266243, -0.000415761547629, 0.000284666806692, -0.000305262714392, 0.00250299065374, -0.000327675254084, -0.000284805049887, 9.72688649199e-05, 0.00456198491156, -0.00846106186509, 0.0156807266176, -0.00700680259615], [0.000330818904331, -0.00135519111063, 0.000499407004099, -8.81741507328e-05, 0.00045647326624, -0.00117397319991, -0.000153476139531, -0.000291236734483, 0.000776975764893, -0.000455273664556, 0.00478747859597, -0.00700680259615, 0.0137634817511]]}, "melbands": {"dmean": [0.00118312193081, 0.00208484241739, 0.00161017209757, 0.00070280424552, 0.000389033841202, 0.000273292331258, 0.00021041414584, 0.000130441272631, 0.000125955135445, 9.65355793596e-05, 6.82617974235e-05, 4.92139151902e-05, 5.15193751198e-05, 4.87510260427e-05, 5.46343144379e-05, 4.88509685965e-05, 4.41444426542e-05, 2.60935612459e-05, 2.06631448236e-05, 2.77043691312e-05, 3.57892386091e-05, 2.02934552362e-05, 1.25631941046e-05, 1.06836432678e-05, 6.56531437926e-06, 3.75138392883e-06, 2.77453818853e-06, 2.20233846449e-06, 2.07357084037e-06, 1.3568489976e-06, 1.0930824601e-06, 7.91026707248e-07, 8.17501188521e-07, 6.41369354071e-07, 5.04278773406e-07, 4.59716034129e-07, 3.82869984605e-07, 3.76707220084e-07, 2.94791789202e-07, 2.58858023017e-07], "dmean2": [0.0020106669981, 0.00378071516752, 0.00278571457602, 0.0011004958069, 0.000604985107202, 0.000392032030504, 0.000312948395731, 0.000191202387214, 0.000171177322045, 0.00012997208978, 0.000100356854091, 7.40956093068e-05, 7.51274565118e-05, 7.19777672202e-05, 8.56779806782e-05, 7.70248952904e-05, 7.03739424353e-05, 4.02307705372e-05, 3.08102280542e-05, 3.86025240005e-05, 4.91472746944e-05, 3.04035347654e-05, 2.02045885089e-05, 1.77441834239e-05, 1.10054761535e-05, 6.05829336564e-06, 4.57667874798e-06, 3.6386904867e-06, 3.48764388036e-06, 2.27435270972e-06, 1.85939450148e-06, 1.3138670738e-06, 1.34457911827e-06, 1.05500214431e-06, 8.48138824949e-07, 7.65115885315e-07, 6.21212450369e-07, 5.94669586462e-07, 4.50430263754e-07, 3.9207145619e-07], "dvar": [3.40542214872e-06, 1.16098071885e-05, 7.06097443981e-06, 1.34567540044e-06, 4.39694730403e-07, 2.10420438407e-07, 1.6784538559e-07, 4.64237821518e-08, 4.77311523639e-08, 2.7813944925e-08, 1.84039112838e-08, 1.31455530905e-08, 1.65157789667e-08, 1.67784044436e-08, 2.33179342501e-08, 1.37725510996e-08, 1.66470055518e-08, 6.23200469008e-09, 1.89673032835e-09, 3.05342062745e-09, 6.0571774263e-09, 2.53245002746e-09, 6.93693824605e-10, 5.6774185353e-10, 2.88519430569e-10, 7.92019644313e-11, 5.04940290968e-11, 1.88283034996e-11, 2.06480856718e-11, 7.24074055922e-12, 4.59412369258e-12, 2.01348313023e-12, 1.97238362795e-12, 1.21709521801e-12, 1.01939507183e-12, 7.11455308729e-13, 4.6557863901e-13, 5.13919907064e-13, 2.36100228994e-13, 2.09986528491e-13], "dvar2": [7.46694286136e-06, 3.4690470784e-05, 1.99411533686e-05, 2.99975022244e-06, 1.08644792363e-06, 4.3036891384e-07, 4.18577883465e-07, 1.02993453766e-07, 8.98041747632e-08, 5.26393932887e-08, 3.98115140854e-08, 2.9230960763e-08, 3.11573629119e-08, 3.40284280753e-08, 5.36216049341e-08, 3.13664543228e-08, 4.00090307551e-08, 1.47325058819e-08, 4.24439505764e-09, 5.46459277828e-09, 1.10771551931e-08, 5.22026510907e-09, 1.62129365489e-09, 1.4449121899e-09, 8.06427369326e-10, 1.83767362438e-10, 1.28262886423e-10, 4.84346278362e-11, 5.83228396134e-11, 2.00806107853e-11, 1.26465331263e-11, 5.6224777438e-12, 5.38241803558e-12, 3.31110095939e-12, 2.91347154735e-12, 1.99070968043e-12, 1.28752943637e-12, 1.39368692368e-12, 6.00189386038e-13, 5.46029747025e-13], "max": [0.0590141527355, 0.0310376919806, 0.0268322043121, 0.0133198937401, 0.0115614598617, 0.00983585510403, 0.00808323547244, 0.00359375472181, 0.00489711342379, 0.00327015155926, 0.0026701297611, 0.00232675042935, 0.00290393806063, 0.00274557527155, 0.00337204989046, 0.00241182907484, 0.00295707653277, 0.00172394083347, 0.000941482780036, 0.00149094162043, 0.00144899915904, 0.00122752634343, 0.000569261494093, 0.000552340934519, 0.000393852416892, 0.000267375871772, 0.000219715861022, 0.000108103886305, 0.000109752778371, 6.15681929048e-05, 4.83503754367e-05, 2.58737763943e-05, 2.04349307751e-05, 1.30884100145e-05, 1.56011246872e-05, 1.50215255417e-05, 1.11240624392e-05, 1.17067902465e-05, 9.04088392417e-06, 1.0094915524e-05], "mean": [0.00163654226344, 0.00231022457592, 0.00206279684789, 0.00129658577498, 0.000800825713668, 0.000590015493799, 0.000451922300272, 0.000308874965413, 0.000337884674082, 0.000266159680905, 0.000167593825608, 9.86909290077e-05, 9.11303213798e-05, 7.58295354899e-05, 7.94566221884e-05, 6.91259410814e-05, 5.89144910919e-05, 3.82688813261e-05, 3.32095660269e-05, 4.69330807391e-05, 5.79118968744e-05, 3.11028925353e-05, 1.92996103578e-05, 1.57647791639e-05, 1.00311008282e-05, 5.83668088439e-06, 4.36886557509e-06, 3.45527928403e-06, 3.27538168676e-06, 2.18109948946e-06, 1.78855975719e-06, 1.44271916724e-06, 1.37931920108e-06, 1.12760733373e-06, 8.87264093308e-07, 8.14764177903e-07, 7.49675166389e-07, 7.12839778316e-07, 6.18672743258e-07, 5.02340924413e-07], "median": [0.000923884741496, 0.00116578408051, 0.00104197417386, 0.000653196359053, 0.000393189373426, 0.000270233082119, 0.000203550604056, 0.000169998078491, 0.000145835176227, 0.000112889581942, 5.14094608661e-05, 2.94188430416e-05, 2.24961931963e-05, 1.81343129952e-05, 1.67377838807e-05, 1.94504882529e-05, 1.52757402248e-05, 9.5363757282e-06, 1.08541335067e-05, 1.35911986945e-05, 1.14754211609e-05, 8.27328858577e-06, 6.28072939435e-06, 4.95641506859e-06, 3.70759948964e-06, 2.34159278989e-06, 2.0805296117e-06, 1.45643673477e-06, 1.33491903398e-06, 9.24708842831e-07, 6.34778359654e-07, 7.0009485853e-07, 5.08071252625e-07, 3.86624463999e-07, 3.33754371695e-07, 3.40002401344e-07, 2.94960670999e-07, 2.9953412195e-07, 2.6747372317e-07, 2.24819203254e-07], "min": [1.32312217949e-24, 1.23150466281e-24, 1.40050016517e-24, 1.82978495777e-24, 1.89059193406e-24, 1.25559854562e-24, 1.56594470877e-24, 2.45666333408e-24, 1.93621767667e-24, 1.52552051776e-24, 1.64473278333e-24, 2.59377860067e-24, 1.91849493036e-24, 1.96907826932e-24, 3.30158917548e-24, 3.48040106572e-24, 3.85542317348e-24, 1.13672470138e-24, 2.94169682823e-24, 4.15382598253e-24, 3.17802318657e-24, 3.33038378181e-24, 4.06356017902e-24, 4.40181702986e-24, 2.84660556257e-24, 3.88735665736e-24, 4.26079236584e-24, 4.13506253147e-24, 4.74843343972e-24, 4.77394322924e-24, 4.08455926189e-24, 5.02062121759e-24, 5.99077064187e-24, 3.94115499894e-24, 5.17913177244e-24, 6.20838738891e-24, 4.50591432605e-24, 6.02229904567e-24, 5.74105869448e-24, 4.6895923048e-24], "var": [6.85080522089e-06, 9.90417993307e-06, 7.42643442209e-06, 2.6964346489e-06, 1.1623391174e-06, 7.27726671812e-07, 4.95896358643e-07, 1.57384988597e-07, 2.4284517508e-07, 1.56634982318e-07, 7.60098046726e-08, 3.99532247286e-08, 5.07942310435e-08, 3.72103521329e-08, 3.74726916164e-08, 2.12473967309e-08, 2.16623696758e-08, 9.80803172013e-09, 3.69427377578e-09, 8.76524808291e-09, 1.58446749055e-08, 5.33828847793e-09, 1.40677192118e-09, 1.01763875104e-09, 4.57074378346e-10, 1.49030301988e-10, 8.17974576961e-11, 3.15942445817e-11, 2.89273292819e-11, 1.21481704904e-11, 8.17653930674e-12, 4.35579306998e-12, 3.9588016025e-12, 2.8479807488e-12, 2.14051693037e-12, 1.5681777708e-12, 1.38661738341e-12, 1.32240301608e-12, 8.39339882319e-13, 5.42058151837e-13]}, "mfcc": {"mean": [-678.584533691, 145.984741211, 14.8190336227, 23.6649780273, 13.6317453384, 6.57985305786, 0.53704059124, 1.1482475996, 0.0915798246861, -0.372782498598, 0.271211206913, 1.53466999531, -1.94318556786], "cov": [[18036.1855469, -1269.25964355, -2007.14013672, -421.843109131, -656.23236084, -1357.50061035, -1087.96105957, 289.748687744, 836.316955566, 483.173950195, -10.244093895, -54.4977531433, 70.3625793457], [-1269.25964355, 1281.61547852, 155.287612915, 205.629425049, 118.339233398, 213.489212036, 151.166427612, -44.7232627869, -139.736297607, -113.617576599, -26.0893802643, 13.5148525238, 4.91231536865], [-2007.14013672, 155.287612915, 888.503662109, 116.070579529, 205.321044922, 228.710113525, 161.437225342, -84.7888870239, -193.866882324, -103.968704224, 18.0195674896, 22.335855484, -17.8977832794], [-421.843109131, 205.629425049, 116.070579529, 263.367950439, 49.0953941345, 38.8617858887, -16.2333641052, -22.1802368164, -27.6378746033, -8.44292736053, 18.6332740784, 1.58337759972, -12.5376138687], [-656.23236084, 118.339233398, 205.321044922, 49.0953941345, 265.093811035, 116.373458862, 47.2607803345, -59.5372810364, -51.6075782776, -29.9078845978, 32.8577842712, 32.1558532715, -21.8405609131], [-1357.50061035, 213.489212036, 228.710113525, 38.8617858887, 116.373458862, 356.688110352, 198.012832642, -44.8144454956, -146.269577026, -75.4443893433, 18.278673172, 34.0694351196, -22.0955963135], [-1087.96105957, 151.166427612, 161.437225342, -16.2333641052, 47.2607803345, 198.012832642, 273.98727417, 30.4254760742, -105.932647705, -85.1528244019, -11.6861848831, 14.1367797852, 4.39524316788], [289.748687744, -44.7232627869, -84.7888870239, -22.1802368164, -59.5372810364, -44.8144454956, 30.4254760742, 154.372009277, 78.8536911011, -3.94044017792, -46.4980354309, -27.9682216644, 15.738527298], [836.316955566, -139.736297607, -193.866882324, -27.6378746033, -51.6075782776, -146.269577026, -105.932647705, 78.8536911011, 235.108078003, 111.0885849, -28.4644985199, -54.1932525635, 1.21551728249], [483.173950195, -113.617576599, -103.968704224, -8.44292736053, -29.9078845978, -75.4443893433, -85.1528244019, -3.94044017792, 111.0885849, 184.10005188, 59.2367744446, -42.3079490662, -56.0934448242], [-10.244093895, -26.0893802643, 18.0195674896, 18.6332740784, 32.8577842712, 18.278673172, -11.6861848831, -46.4980354309, -28.4644985199, 59.2367744446, 149.35256958, 53.909942627, -47.9726867676], [-54.4977531433, 13.5148525238, 22.335855484, 1.58337759972, 32.1558532715, 34.0694351196, 14.1367797852, -27.9682216644, -54.1932525635, -42.3079490662, 53.909942627, 171.832427979, 66.2819213867], [70.3625793457, 4.91231536865, -17.8977832794, -12.5376138687, -21.8405609131, -22.0955963135, 4.39524316788, 15.738527298, 1.21551728249, -56.0934448242, -47.9726867676, 66.2819213867, 193.957183838]], "icov": [[9.8069984233e-05, 1.34402089316e-05, 0.000116188770335, 7.63932985137e-05, 1.37025717777e-05, 0.000139748910442, 0.000216436819755, -0.000110116685391, -2.45083010668e-05, -8.06917068985e-06, -2.94508226943e-05, -5.6514651078e-05, 1.10846513053e-05], [1.34402089316e-05, 0.00105255958624, 0.000205586431548, -0.000820759451017, -0.000220307236305, -0.00021298948559, -0.000389674270991, 0.000224899951718, 0.000175171138835, 0.000204911950277, 0.000295907084364, 7.43006021366e-05, -1.81467585207e-05], [0.000116188770335, 0.000205586431548, 0.00190452323295, -0.00056184764253, -0.00096631271299, -8.19173146738e-06, -0.000310524163069, 0.000152950466145, 0.000867035763804, 4.2380161176e-05, 0.000144476580317, 0.000279003317701, -7.58390378905e-05], [7.63932985137e-05, -0.000820759451017, -0.00056184764253, 0.00500343972817, -0.000158031543833, -0.000353870593244, 0.0017457989743, -0.000689924927428, 2.20124620682e-05, 0.000146890699398, -0.000872277072631, 0.000296223559417, -5.16620057169e-05], [1.37025717777e-05, -0.000220307236305, -0.00096631271299, -0.000158031543833, 0.00558420503512, -0.00121152878273, 0.000100463774288, 0.00168934918474, -0.00187491066754, 0.00121196673717, -0.00084394303849, -0.000661342870444, 0.000632182811387], [0.000139748910442, -0.00021298948559, -8.19173146738e-06, -0.000353870593244, -0.00121152878273, 0.00653017964214, -0.00358070642687, 0.000998804694973, 0.00134776358027, -0.000584722612984, 0.000485559779918, -0.000693782989401, 0.000718290102668], [0.000216436819755, -0.000389674270991, -0.000310524163069, 0.0017457989743, 0.000100463774288, -0.00358070642687, 0.0089651029557, -0.00420325808227, 0.00183524179738, 0.000841229164507, -0.000732034735847, 0.000556140381377, -0.000382464932045], [-0.000110116685391, 0.000224899951718, 0.000152950466145, -0.000689924927428, 0.00168934918474, 0.000998804694973, -0.00420325808227, 0.0114979790524, -0.00519340345636, 0.00244206632487, 0.000977701507509, 0.00013792453683, 0.000403527374147], [-2.45083010668e-05, 0.000175171138835, 0.000867035763804, 2.20124620682e-05, -0.00187491066754, 0.00134776358027, 0.00183524179738, -0.00519340345636, 0.0117889139801, -0.00666806800291, 0.00312553206459, 0.00042076187674, -0.000964927312452], [-8.06917068985e-06, 0.000204911950277, 4.2380161176e-05, 0.000146890699398, 0.00121196673717, -0.000584722612984, 0.000841229164507, 0.00244206632487, -0.00666806800291, 0.0131605984643, -0.00658349273726, 0.00298448419198, 0.0010634456994], [-2.94508226943e-05, 0.000295907084364, 0.000144476580317, -0.000872277072631, -0.00084394303849, 0.000485559779918, -0.000732034735847, 0.000977701507509, 0.00312553206459, -0.00658349273726, 0.0136488936841, -0.00597226433456, 0.0033509042114], [-5.6514651078e-05, 7.43006021366e-05, 0.000279003317701, 0.000296223559417, -0.000661342870444, -0.000693782989401, 0.000556140381377, 0.00013792453683, 0.00042076187674, 0.00298448419198, -0.00597226433456, 0.010387096554, -0.00428008614108], [1.10846513053e-05, -1.81467585207e-05, -7.58390378905e-05, -5.16620057169e-05, 0.000632182811387, 0.000718290102668, -0.000382464932045, 0.000403527374147, -0.000964927312452, 0.0010634456994, 0.0033509042114, -0.00428008614108, 0.00787587184459]]}, "spectral_contrast_coeffs": {"dmean": [0.0529665388167, 0.0439328178763, 0.0439943298697, 0.0430701039732, 0.0346900336444, 0.0208161026239], "dmean2": [0.0890476852655, 0.0695662349463, 0.0684269294143, 0.0678687244654, 0.0540534853935, 0.0328294783831], "dvar": [0.0023619167041, 0.00157055305317, 0.00163652608171, 0.00160890596453, 0.00106313335709, 0.000382369675208], "dvar2": [0.00639491109177, 0.00384225207381, 0.00364483823068, 0.00370743311942, 0.00241423188709, 0.000958881457336], "max": [-0.36171066761, -0.405272513628, -0.436364412308, -0.440989524126, -0.544958055019, -0.601175844669], "mean": [-0.637445628643, -0.697045683861, -0.720435082912, -0.703171014786, -0.725768268108, -0.78222578764], "median": [-0.634463191032, -0.695124149323, -0.721122086048, -0.703248143196, -0.725356578827, -0.783369064331], "min": [-0.982257783413, -0.986782133579, -0.997303962708, -0.987850427628, -0.989441752434, -0.966436028481], "var": [0.00734742218629, 0.00619661994278, 0.00781753472984, 0.00727144768462, 0.00482140341774, 0.00334634492174]}, "spectral_contrast_valleys": {"dmean": [0.433887988329, 0.374816805124, 0.473603695631, 0.47021189332, 0.401199281216, 0.409342199564], "dmean2": [0.73410987854, 0.586239695549, 0.729178249836, 0.724711298943, 0.602314591408, 0.562871336937], "dvar": [0.175817489624, 0.152381017804, 0.244816228747, 0.283961653709, 0.248037546873, 0.191505119205], "dvar2": [0.438306242228, 0.3