{"lowlevel": {"average_loudness": 0.861652970314, "barkbands_crest": {"dmean": 2.74954843521, "dmean2": 4.2533197403, "dvar": 6.33703517914, "dvar2": 16.4436016083, "max": 25.5290603638, "mean": 12.508482933, "median": 12.2691040039, "min": 2.7863779068, "var": 17.8852176666}, "barkbands_flatness_db": {"dmean": 0.035722695291, "dmean2": 0.051079146564, "dvar": 0.00158992875367, "dvar2": 0.00320656853728, "max": 0.697345733643, "mean": 0.207886070013, "median": 0.194162428379, "min": 0.0294611621648, "var": 0.00994461867958}, "barkbands_kurtosis": {"dmean": 9.60155105591, "dmean2": 14.5217952728, "dvar": 324.093139648, "dvar2": 725.040527344, "max": 283.042633057, "mean": 16.2508277893, "median": 7.49587154388, "min": -1.70281887054, "var": 659.281677246}, "barkbands_skewness": {"dmean": 0.861392140388, "dmean2": 1.25578057766, "dvar": 1.04395806789, "dvar2": 2.21172237396, "max": 14.376791954, "mean": 2.8752450943, "median": 2.50721049309, "min": -2.08267402649, "var": 3.757199049}, "barkbands_spread": {"dmean": 4.49028778076, "dmean2": 6.69923734665, "dvar": 31.454788208, "dvar2": 63.8492851257, "max": 100.647377014, "mean": 12.2991724014, "median": 10.60222435, "min": 0.234060704708, "var": 85.3802185059}, "dissonance": {"dmean": 0.0226334072649, "dmean2": 0.0370231941342, "dvar": 0.000575189595111, "dvar2": 0.00149534491356, "max": 0.500000119209, "mean": 0.443862229586, "median": 0.456726908684, "min": 0.140109777451, "var": 0.00204903190024}, "dynamic_complexity": 2.96640753746, "erbbands_crest": {"dmean": 2.05619645119, "dmean2": 3.23129272461, "dvar": 4.427298069, "dvar2": 9.95918083191, "max": 27.9718170166, "mean": 8.39315128326, "median": 7.45107078552, "min": 2.27774143219, "var": 14.5609579086}, "erbbands_flatness_db": {"dmean": 0.02321081236, "dmean2": 0.0320063270628, "dvar": 0.000878675375134, "dvar2": 0.0016987870913, "max": 0.486124694347, "mean": 0.17252177, "median": 0.145183190703, "min": 0.0306111406535, "var": 0.00786576606333}, "erbbands_kurtosis": {"dmean": 1.08348071575, "dmean2": 1.61131262779, "dvar": 8.53708171844, "dvar2": 15.8399000168, "max": 73.2873306274, "mean": 0.679641723633, "median": -0.357131958008, "min": -1.74159228802, "var": 20.6986446381}, "erbbands_skewness": {"dmean": 0.374260723591, "dmean2": 0.541330814362, "dvar": 0.186609491706, "dvar2": 0.354088246822, "max": 6.63499164581, "mean": 0.484394073486, "median": 0.317826360464, "min": -2.05671596527, "var": 0.812449336052}, "erbbands_spread": {"dmean": 8.67057418823, "dmean2": 12.7891159058, "dvar": 130.619247437, "dvar2": 259.846954346, "max": 161.291183472, "mean": 39.9188270569, "median": 35.745716095, "min": 1.39592552185, "var": 454.467712402}, "hfc": {"dmean": 7.49607181549, "dmean2": 10.7147188187, "dvar": 146.236206055, "dvar2": 326.765777588, "max": 130.931030273, "mean": 17.1854801178, "median": 12.8710231781, "min": 1.07381873969e-16, "var": 264.36126709}, "melbands_crest": {"dmean": 3.21322536469, "dmean2": 5.06211900711, "dvar": 8.94780254364, "dvar2": 22.6387691498, "max": 32.5877189636, "mean": 16.8853244781, "median": 16.5679779053, "min": 1.61059594154, "var": 31.1126880646}, "melbands_flatness_db": {"dmean": 0.0411695465446, "dmean2": 0.0584026314318, "dvar": 0.0020430132281, "dvar2": 0.00409912597388, "max": 0.878617882729, "mean": 0.315661817789, "median": 0.301683843136, "min": 0.00381764746271, "var": 0.0139386830851}, "melbands_kurtosis": {"dmean": 19.5660228729, "dmean2": 29.7385044098, "dvar": 1459.56286621, "dvar2": 3260.26904297, "max": 637.316162109, "mean": 36.9424247742, "median": 18.2530384064, "min": -1.54138827324, "var": 3214.4777832}, "melbands_skewness": {"dmean": 1.08364009857, "dmean2": 1.59279572964, "dvar": 1.68223273754, "dvar2": 3.50243806839, "max": 17.9934654236, "mean": 4.05968904495, "median": 3.55609440804, "min": -1.21478760242, "var": 6.17599964142}, "melbands_spread": {"dmean": 3.81756997108, "dmean2": 5.64757108688, "dvar": 23.8343315125, "dvar2": 48.6445808411, "max": 165.661178589, "mean": 11.5207653046, "median": 8.12038707733, "min": 0.273520678282, "var": 257.189483643}, "pitch_salience": {"dmean": 0.0871746093035, "dmean2": 0.136271446943, "dvar": 0.00654618395492, "dvar2": 0.0164382383227, "max": 0.851677000523, "mean": 0.531016230583, "median": 0.538891911507, "min": 0.100326232612, "var": 0.0184426736087}, "silence_rate_20dB": {"dmean": 0.000502386363223, "dmean2": 0.00100489892066, "dvar": 0.000502124312334, "dvar2": 0.00150629994459, "max": 1, "mean": 0.999748826027, "median": 1, "min": 0, "var": 0.000251134071732}, "silence_rate_30dB": {"dmean": 0.0688269287348, "dmean2": 0.137671142817, "dvar": 0.0640861690044, "dvar2": 0.138569831848, "max": 1, "mean": 0.908326029778, "median": 1, "min": 0, "var": 0.083268225193}, "silence_rate_60dB": {"dmean": 0.0190906804055, "dmean2": 0.0381861589849, "dvar": 0.0187278948724, "dvar2": 0.0402497202158, "max": 1, "mean": 0.0645485371351, "median": 0, "min": 0, "var": 0.0603833310306}, "spectral_centroid": {"dmean": 178.529296875, "dmean2": 263.118804932, "dvar": 60624.9570312, "dvar2": 113996.640625, "max": 11641.4736328, "mean": 836.514160156, "median": 650.927124023, "min": 95.039855957, "var": 1516598.25}, "spectral_complexity": {"dmean": 4.20823907852, "dmean2": 6.09194803238, "dvar": 31.1493358612, "dvar2": 54.6365852356, "max": 54, "mean": 15.5987691879, "median": 13, "min": 0, "var": 105.761703491}, "spectral_decrease": {"dmean": 5.08070963079e-09, "dmean2": 7.37668814921e-09, "dvar": 5.82870039309e-17, "dvar2": 1.26601739757e-16, "max": 1.43868676109e-28, "mean": -1.30942510168e-08, "median": -1.07747624156e-08, "min": -1.07869254862e-07, "var": 1.32182495739e-16}, "spectral_energy": {"dmean": 0.0196423046291, "dmean2": 0.0284922514111, "dvar": 0.000857019214891, "dvar2": 0.00184844539035, "max": 0.411795258522, "mean": 0.0509793832898, "median": 0.0417964570224, "min": 1.00662605656e-20, "var": 0.00196845782921}, "spectral_energyband_high": {"dmean": 0.000390270724893, "dmean2": 0.000593909353483, "dvar": 7.01377075529e-07, "dvar2": 1.6476201381e-06, "max": 0.00875970348716, "mean": 0.000479620910482, "median": 8.63666500663e-05, "min": 7.02846238419e-21, "var": 8.54343682022e-07}, "spectral_energyband_low": {"dmean": 0.0161770284176, "dmean2": 0.0240873489529, "dvar": 0.000812183541711, "dvar2": 0.00188622716814, "max": 0.400955498219, "mean": 0.0325665138662, "median": 0.024520887062, "min": 8.17428398498e-24, "var": 0.0014696152648}, "spectral_energyband_middle_high": {"dmean": 0.00139963405672, "dmean2": 0.00206479011104, "dvar": 5.01841032019e-06, "dvar2": 1.01994064607e-05, "max": 0.0236134212464, "mean": 0.0034231794998, "median": 0.00212410045788, "min": 1.15086561529e-21, "var": 1.26439390442e-05}, "spectral_energyband_middle_low": {"dmean": 0.00721214991063, "dmean2": 0.0107916276902, "dvar": 0.000107092717371, "dvar2": 0.000258894928265, "max": 0.113915197551, "mean": 0.0172601342201, "median": 0.013166342862, "min": 1.44804077691e-22, "var": 0.000249486707617}, "spectral_entropy": {"dmean": 0.270541459322, "dmean2": 0.385677427053, "dvar": 0.112682193518, "dvar2": 0.222183540463, "max": 9.82857894897, "mean": 7.04454231262, "median": 7.21015834808, "min": 3.49827647209, "var": 0.806585073471}, "spectral_flux": {"dmean": 0.0362125597894, "dmean2": 0.0570214167237, "dvar": 0.00179991370533, "dvar2": 0.00409817136824, "max": 0.466717034578, "mean": 0.0963817611337, "median": 0.0816485360265, "min": 6.24564150398e-11, "var": 0.00462531670928}, "spectral_kurtosis": {"dmean": 6.52046871185, "dmean2": 10.5198812485, "dvar": 199.780471802, "dvar2": 480.698608398, "max": 539.888305664, "mean": 16.4122142792, "median": 7.24293136597, "min": -1.26333463192, "var": 968.923034668}, "spectral_rms": {"dmean": 0.00124360877089, "dmean2": 0.00174661935307, "dvar": 1.97773874788e-06, "dvar2": 4.08908044847e-06, "max": 0.0200437381864, "mean": 0.00641147978604, "median": 0.0063856896013, "min": 3.13380636545e-12, "var": 8.62875822349e-06}, "spectral_rolloff": {"dmean": 230.670501709, "dmean2": 367.687042236, "dvar": 222546.671875, "dvar2": 429475.40625, "max": 19659.8144531, "mean": 806.13470459, "median": 344.53125, "min": 64.599609375, "var": 4677240.5}, "spectral_skewness": {"dmean": 0.505162298679, "dmean2": 0.800294518471, "dvar": 0.528586864471, "dvar2": 1.27134585381, "max": 18.9943695068, "mean": 2.55621790886, "median": 2.13695406914, "min": -0.0888862535357, "var": 2.84090852737}, "spectral_spread": {"dmean": 808479.3125, "dmean2": 1093232.25, "dvar": 1301099970560.0, "dvar2": 2149987123200.0, "max": 48801140, "mean": 4727608.5, "median": 4044482.5, "min": 109324.445312, "var": 22760392753200.0}, "spectral_strongpeak": {"dmean": 0.270487517118, "dmean2": 0.442596644163, "dvar": 0.113434173167, "dvar2": 0.284224748611, "max": 3.84443259239, "mean": 0.624411225319, "median": 0.51251667738, "min": 0, "var": 0.226608321071}, "zerocrossingrate": {"dmean": 0.00983590539545, "dmean2": 0.0112680057064, "dvar": 0.000155053581693, "dvar2": 0.000184185584658, "max": 0.52587890625, "mean": 0.0407211109996, "median": 0.029296875, "min": 0.0029296875, "var": 0.00347207090817}, "barkbands": {"dmean": [0.000837711675558, 0.0105301989242, 0.00644632009789, 0.00328423758037, 0.0031060425099, 0.00156209804118, 0.000859325169586, 0.000487877667183, 0.000595921301283, 0.000285575777525, 0.000253868493019, 0.000206346696359, 0.000193334446521, 0.000245827541221, 0.00036208939855, 0.000240439680056, 0.000157308022608, 7.5969248428e-05, 6.42698796582e-05, 5.20230205439e-05, 6.66486012051e-05, 5.64722322451e-05, 5.1618055295e-05, 5.34355458512e-05, 6.41348015051e-05, 6.24763270025e-05, 3.40184415109e-05], "dmean2": [0.00137527741026, 0.0162914413959, 0.0103437975049, 0.00496467901394, 0.00479668518528, 0.00230870768428, 0.0013579725055, 0.000790240243077, 0.000943169579841, 0.000463554810267, 0.000388648855733, 0.000329540926032, 0.000290366879199, 0.00039020209806, 0.000535537430551, 0.0003558069875, 0.000234857798205, 0.000120423945191, 9.86754967016e-05, 8.22715373943e-05, 0.000108972941234, 8.93439646461e-05, 8.19980341475e-05, 8.45173926791e-05, 9.88419851637e-05, 9.26156790229e-05, 5.1994320529e-05], "dvar": [2.49784329753e-06, 0.000413314410252, 0.000162362630363, 3.11645781039e-05, 2.5216713766e-05, 5.72193175685e-06, 1.97797885448e-06, 8.23047685117e-07, 8.43162069941e-07, 2.06538985026e-07, 1.9604328827e-07, 1.5920379326e-07, 1.23000333474e-07, 2.91049218504e-07, 3.36483225283e-07, 1.74195633917e-07, 6.47884021987e-08, 1.70148499734e-08, 1.86026429816e-08, 1.24107382149e-08, 2.53299372588e-08, 1.64100129041e-08, 1.55972621485e-08, 1.5730407199e-08, 2.0769446607e-08, 2.22664482408e-08, 8.58164472817e-09], "dvar2": [7.4392123679e-06, 0.000981798395514, 0.000428632571129, 7.68016689108e-05, 6.1890190409e-05, 1.26504073705e-05, 4.87333954879e-06, 2.06146864912e-06, 1.89786226201e-06, 4.85894872782e-07, 4.22945873879e-07, 3.96816091097e-07, 2.51725595035e-07, 7.25293944015e-07, 6.92233015798e-07, 3.81995050702e-07, 1.35447862704e-07, 4.16607797149e-08, 4.32622044855e-08, 2.99839690854e-08, 6.04017458272e-08, 3.79895190861e-08, 3.6775780643e-08, 3.88629644021e-08, 4.97573111602e-08, 5.32840687129e-08, 2.14866293646e-08], "max": [0.0187055394053, 0.274667471647, 0.159166872501, 0.0874335169792, 0.0799602791667, 0.035519644618, 0.0187542010099, 0.0112755438313, 0.0101339221001, 0.00653252657503, 0.00843693874776, 0.0049539138563, 0.00560648692772, 0.00839096680284, 0.00679514789954, 0.00610108114779, 0.00227893190458, 0.00143619428854, 0.00227560591884, 0.00118343380746, 0.00187786726747, 0.00114993797615, 0.00161557050887, 0.00129330041818, 0.00180277612526, 0.0018024391029, 0.0013336900156], "mean": [0.00121020979714, 0.018509382382, 0.0101797925308, 0.00563189014792, 0.0057603828609, 0.00283792475238, 0.0011721663177, 0.000655476003885, 0.0010269167833, 0.000536394072697, 0.000553624879103, 0.000327391113387, 0.000316897203447, 0.00035467845737, 0.000571666110773, 0.00041031796718, 0.000205936536076, 0.000105411374534, 0.000101890138467, 6.8651206675e-05, 7.72102430346e-05, 6.45113323117e-05, 6.16549586994e-05, 6.12864823779e-05, 7.11519096512e-05, 6.99003212503e-05, 3.66343920177e-05], "median": [0.000570144562516, 0.0111081870273, 0.00550727872178, 0.00281148334034, 0.00322877848521, 0.00128732051235, 0.000473035121104, 0.000309116090648, 0.000438359245891, 0.00029566406738, 0.000237368760281, 0.000148576364154, 0.000136425369419, 8.82479653228e-05, 0.000136063245009, 0.000125248829136, 5.13225895702e-05, 3.21336447087e-05, 3.62689315807e-05, 1.75424211193e-05, 1.55586039909e-05, 1.0531614862e-05, 9.58962027653e-06, 1.19919668577e-05, 1.05805684143e-05, 6.66743562761e-06, 1.4844706584e-06], "min": [5.58886602801e-25, 2.20086788859e-24, 4.5997440922e-26, 1.37191904432e-24, 4.49030710748e-24, 9.0368134547e-24, 6.43713851319e-24, 2.99847647239e-24, 1.61051507382e-23, 1.7857430112e-23, 1.59301624567e-23, 2.61461162832e-23, 1.54019112179e-23, 3.01940960649e-23, 3.89923974249e-23, 4.7380191347e-23, 7.16198106826e-23, 8.86458776415e-23, 1.13225256213e-22, 1.8005161987e-22, 2.6986308052e-22, 2.70913868489e-22, 3.96422623008e-22, 4.9998019319e-22, 8.99204294776e-22, 1.28314908202e-21, 1.97630250445e-21], "var": [3.02424314214e-06, 0.000673796632327, 0.000215245730942, 6.76132694934e-05, 5.1002993132e-05, 1.44928526424e-05, 2.93687662634e-06, 9.65997060121e-07, 1.92490006157e-06, 4.90899708439e-07, 7.07568347025e-07, 2.81143059055e-07, 2.87107383201e-07, 4.14721426978e-07, 6.59551460558e-07, 3.87756813325e-07, 1.07276605377e-07, 2.43996982618e-08, 3.25634417209e-08, 1.64289275517e-08, 2.75132041594e-08, 1.90956122026e-08, 1.96907254946e-08, 1.67303948473e-08, 2.28890026932e-08, 2.49890401705e-08, 8.92698448496e-09]}, "erbbands": {"dmean": [0.20837032795, 2.78074669838, 7.66484069824, 9.07650375366, 9.90526485443, 11.1137981415, 12.6960906982, 14.9154605865, 11.1503925323, 11.9579582214, 9.21466350555, 15.6119251251, 8.56709957123, 9.25721931458, 11.0241479874, 9.11565971375, 8.63437461853, 10.7695913315, 17.3904457092, 16.2580337524, 11.0562286377, 8.2859582901, 4.43533563614, 3.55134987831, 2.86242055893, 2.41619038582, 2.28145170212, 3.00094175339, 2.15411996841, 1.68402135372, 1.43977129459, 1.07690095901, 0.973329782486, 0.689763903618, 0.479174822569, 0.272413283587, 0.113048776984, 0.0326024219394, 0.0054890839383, 0.000382605445338], "dmean2": [0.327518284321, 4.39717531204, 12.1950788498, 14.0986194611, 15.4965877533, 16.9072189331, 18.9428501129, 21.9307308197, 17.5206184387, 18.9680500031, 14.860414505, 24.5114841461, 14.0697069168, 14.8266544342, 16.6502323151, 14.3802394867, 12.864109993, 16.7551517487, 25.6252212524, 24.2323265076, 16.2577018738, 12.3398971558, 6.92177867889, 5.64146661758, 4.3742852211, 3.81581997871, 3.58600878716, 4.96908140182, 3.45430541039, 2.67370486259, 2.29426503181, 1.7154109478, 1.55089581013, 1.07693505287, 0.731519937515, 0.415482878685, 0.162704452872, 0.0500788204372, 0.00839858967811, 0.000593425997067], "dvar": [0.144457727671, 31.3871116638, 232.774597168, 250.897918701, 300.922485352, 367.511138916, 362.084533691, 593.169006348, 335.703033447, 519.900146484, 212.678497314, 583.049987793, 194.439987183, 237.317611694, 441.185394287, 341.941894531, 253.554168701, 601.121154785, 819.90222168, 694.340576172, 356.693603516, 177.183624268, 58.4099502563, 61.0138053894, 44.8064651489, 26.6754245758, 26.7411727905, 54.8070487976, 23.7357730865, 14.6336669922, 12.6382904053, 6.62306499481, 5.1976351738, 3.11117267609, 1.14028334618, 0.461147487164, 0.0671952962875, 0.00710935378447, 0.000249702250585, 1.07622383894e-06], "dvar2": [0.366273224354, 76.6495819092, 597.057922363, 652.797912598, 807.152404785, 836.854003906, 770.215515137, 1248.74304199, 855.70501709, 1253.66638184, 522.369689941, 1270.13781738, 462.33291626, 557.217041016, 948.328063965, 838.22076416, 506.132446289, 1502.18713379, 1673.91723633, 1473.33190918, 783.765075684, 372.856994629, 138.16355896, 145.733398438, 102.52053833, 63.9248161316, 63.4149703979, 135.458740234, 54.7134552002, 31.5567741394, 31.4799671173, 16.4178371429, 13.0018701553, 7.89225149155, 2.68677139282, 1.13768196106, 0.154157012701, 0.0176764391363, 0.000640122801997, 2.72785609923e-06], "max": [6.19805669785, 76.0671920776, 193.5546875, 257.574310303, 216.494094849, 322.864654541, 223.654525757, 339.354278564, 272.023529053, 320.258331299, 155.865325928, 259.174377441, 204.192642212, 252.760070801, 423.941986084, 230.928955078, 287.792358398, 434.590087891, 388.10369873, 255.425582886, 216.819625854, 112.651611328, 78.0067977905, 160.034255981, 116.634742737, 58.9904594421, 53.0276794434, 86.8261947632, 44.3198738098, 37.4439125061, 42.3962059021, 30.2447528839, 21.5712032318, 25.0740909576, 14.2005643845, 9.23252487183, 3.35419034958, 1.12441623211, 0.238289132714, 0.014023183845], "mean": [0.36854454875, 4.59595394135, 12.420668602, 16.1117515564, 16.128704071, 20.2838726044, 24.4186630249, 26.8023357391, 16.7492733002, 16.3745880127, 13.9376745224, 27.3786392212, 15.4128055573, 18.5560131073, 24.2197608948, 15.4105701447, 15.1965961456, 17.520898819, 28.883310318, 26.4903488159, 18.1284675598, 11.3415908813, 6.33326053619, 5.40510368347, 4.59056282043, 3.26907348633, 2.85475158691, 3.21479249001, 2.41944146156, 2.07014131546, 1.64191544056, 1.29032862186, 1.03164827824, 0.737020969391, 0.541262090206, 0.300353497267, 0.129058048129, 0.0354706384242, 0.00591518357396, 0.000440117146354], "median": [0.176617264748, 2.5573952198, 7.33242702484, 8.6757068634, 8.91206073761, 9.48410987854, 11.3980741501, 10.2315349579, 8.69925785065, 8.00726222992, 6.92107725143, 11.278845787, 9.2241191864, 10.0741996765, 10.0584182739, 7.34077072144, 7.12774085999, 5.97879695892, 8.7102766037, 8.65023231506, 6.19544935226, 3.07539486885, 1.87455821037, 1.98941338062, 1.5018055439, 0.930247962475, 0.573072493076, 0.620196342468, 0.377215653658, 0.320635318756, 0.252289384604, 0.277471572161, 0.173979565501, 0.116735421121, 0.0705550462008, 0.0334190838039, 0.0109295174479, 0.00264858780429, 0.000260539964074, 6.8555425969e-05], "min": [6.89282551393e-23, 2.33653329984e-22, 8.62134950911e-22, 4.34857935697e-21, 1.34641254593e-20, 1.20342436041e-20, 4.31472626338e-20, 7.38342642611e-20, 9.89092751784e-20, 1.69870314657e-19, 1.99334139109e-19, 4.12227345272e-19, 6.25333705538e-19, 7.17968731759e-19, 9.24820701866e-19, 1.17163423265e-18, 1.07531783912e-18, 1.91726838189e-18, 2.11338856243e-18, 3.2978433708e-18, 3.15833936049e-18, 4.81623554194e-18, 5.02548618073e-18, 6.61407662097e-18, 4.89293379629e-18, 8.68336901213e-18, 9.82025679937e-18, 8.81220156535e-18, 9.85566922857e-18, 1.02842339855e-17, 1.09425134159e-17, 1.08074009075e-17, 8.39255629699e-18, 8.0570576308e-18, 6.41183551069e-18, 4.11163192923e-18, 2.38047815119e-18, 9.70722608418e-19, 2.70894386931e-19, 2.56724308056e-20], "var": [0.260293424129, 45.0849647522, 300.570922852, 447.279876709, 467.480957031, 791.687316895, 1035.41552734, 1618.96533203, 534.066040039, 621.360595703, 329.824462891, 1450.15795898, 371.47644043, 631.624938965, 1489.53759766, 662.396728516, 664.852539062, 914.59588623, 1705.50256348, 1280.14916992, 678.788879395, 301.259979248, 86.683555603, 94.4554977417, 80.8216552734, 35.2101097107, 33.7206954956, 52.9279022217, 27.2485218048, 19.706905365, 14.4553661346, 7.56885766983, 5.10177516937, 2.92869639397, 1.3250991106, 0.470747709274, 0.0841871723533, 0.00740173086524, 0.000242983820499, 1.12937016183e-06]}, "gfcc": {"mean": [-43.9515686035, 123.651863098, -83.9222717285, 12.9148397446, -29.9609832764, 9.78607654572, -31.9207515717, 0.847954511642, -18.1286697388, -2.44265842438, -19.0529499054, -2.92345929146, -6.57054424286], "cov": [[28046.4726562, -2031.43725586, -445.700622559, 1651.46618652, -1247.74060059, 559.073669434, -750.175415039, 433.7237854, -534.699157715, 609.881164551, -366.140350342, 295.657501221, -483.699676514], [-2031.43725586, 3510.95922852, -1111.64001465, -727.012023926, 514.97857666, -505.888885498, -10.0873479843, -349.131256104, 216.759277344, -464.677398682, 79.7253952026, -203.918807983, 194.963943481], [-445.700622559, -1111.64001465, 1801.16137695, 469.841491699, 25.9721050262, 573.268005371, 144.765899658, 188.020080566, 21.8896179199, 225.153549194, -40.3876266479, 143.168151855, -10.8382940292], [1651.46618652, -727.012023926, 469.841491699, 732.522888184, -101.15460968, 251.649230957, 96.4184646606, 121.506706238, -48.3860664368, 110.109161377, 11.221036911, 30.6956996918, -88.3717956543], [-1247.74060059, 514.97857666, 25.9721050262, -101.15460968, 422.942626953, 55.0336074829, 95.9204406738, 32.2869262695, 105.52986908, -103.733642578, 7.97447776794, 9.36786079407, 68.0701446533], [559.073669434, -505.888885498, 573.268005371, 251.649230957, 55.0336074829, 469.31829834, 95.7198028564, 172.894256592, 43.2045059204, 113.303985596, -47.9504203796, 62.6539993286, -27.2913227081], [-750.175415039, -10.0873479843, 144.765899658, 96.4184646606, 95.9204406738, 95.7198028564, 227.236816406, 59.1802864075, 40.4944992065, -3.26381874084, 21.5457382202, -71.4968261719, -35.2376213074], [433.7237854, -349.131256104, 188.020080566, 121.506706238, 32.2869262695, 172.894256592, 59.1802864075, 198.098526001, 38.5634880066, 76.9865951538, -21.8754997253, 13.0540714264, -40.181388855], [-534.699157715, 216.759277344, 21.8896179199, -48.3860664368, 105.52986908, 43.2045059204, 40.4944992065, 38.5634880066, 148.203552246, -0.918377041817, -7.71420907974, 5.34057664871, 21.2047386169], [609.881164551, -464.677398682, 225.153549194, 110.109161377, -103.733642578, 113.303985596, -3.26381874084, 76.9865951538, -0.918377041817, 186.254760742, 12.176949501, 50.6081466675, -19.2970256805], [-366.140350342, 79.7253952026, -40.3876266479, 11.221036911, 7.97447776794, -47.9504203796, 21.5457382202, -21.8754997253, -7.71420907974, 12.176949501, 122.148849487, -6.8305015564, 6.0803027153], [295.657501221, -203.918807983, 143.168151855, 30.6956996918, 9.36786079407, 62.6539993286, -71.4968261719, 13.0540714264, 5.34057664871, 50.6081466675, -6.8305015564, 172.216567993, 41.2407455444], [-483.699676514, 194.963943481, -10.8382940292, -88.3717956543, 68.0701446533, -27.2913227081, -35.2376213074, -40.181388855, 21.2047386169, -19.2970256805, 6.0803027153, 41.2407455444, 127.078086853]], "icov": [[7.23359189578e-05, -6.93398251315e-05, 8.39788990561e-05, -0.000182151197805, 8.42050649226e-05, -9.92530185613e-05, 0.000243089132709, -0.000149898929521, 0.000221521142521, -0.000205487129278, 0.000214513071114, -7.66532539274e-05, 0.000162240947247], [-6.93398251315e-05, 0.000836167368107, 0.000117971700092, 0.000331969495164, -0.000628357171081, 4.75639717479e-05, 1.8759026716e-05, 0.00100640091114, -0.00119630235713, 0.00095685076667, -0.00061212485889, 0.000753034313675, -0.000505821837578], [8.39788990561e-05, 0.000117971700092, 0.00119558058213, -0.000429826701293, -0.000133561145049, -0.00110340269748, -9.47470543906e-05, 0.000428994419053, 0.000193639454665, -0.000702641787939, 0.000350449816324, -0.000331667048158, -0.000162472089869], [-0.000182151197805, 0.000331969495164, -0.000429826701293, 0.00263490830548, 0.00025472525158, -0.000399159529479, -0.00126277643722, 6.78875003359e-05, -5.0140577514e-05, 0.000879668397829, -0.00120120483916, -0.000181080802577, 0.000300382467685], [8.42050649226e-05, -0.000628357171081, -0.000133561145049, 0.00025472525158, 0.00530834682286, -0.00068666075822, -0.00171182700433, -0.00222175498493, -0.00093294121325, 0.00280519668013, -0.000484323885757, -0.00185711425729, -0.00151029566769], [-9.92530185613e-05, 4.75639717479e-05, -0.00110340269748, -0.000399159529479, -0.00068666075822, 0.00541370594874, -0.00119752204046, -0.0021215681918, -0.000491719983984, -0.000710650638212, 0.00135013915133, -0.000741084164474, -0.000144835983519], [0.000243089132709, 1.8759026716e-05, -9.47470543906e-05, -0.00126277643722, -0.00171182700433, -0.00119752204046, 0.00892411731184, -0.000675311777741, -0.0006973084528, -0.000481778668473, -0.00111869291868, 0.00388965266757, 0.00176549167372], [-0.000149898929521, 0.00100640091114, 0.000428994419053, 6.78875003359e-05, -0.00222175498493, -0.0021215681918, -0.000675311777741, 0.0107994610444, -0.00274922885001, -0.00218386226334, 0.000425747450208, 0.00122510071378, 0.00164031900931], [0.000221521142521, -0.00119630235713, 0.000193639454665, -5.0140577514e-05, -0.00093294121325, -0.000491719983984, -0.0006973084528, -0.00274922885001, 0.0110862413421, -0.00272811576724, 0.00191001675557, -0.00127892626915, 5.11864745931e-05], [-0.000205487129278, 0.00095685076667, -0.000702641787939, 0.000879668397829, 0.00280519668013, -0.000710650638212, -0.000481778668473, -0.00218386226334, -0.00272811576724, 0.0121058542281, -0.0037118808832, -0.00133021490183, -0.0012748913141], [0.000214513071114, -0.00061212485889, 0.000350449816324, -0.00120120483916, -0.000484323885757, 0.00135013915133, -0.00111869291868, 0.000425747450208, 0.00191001675557, -0.0037118808832, 0.0107335522771, -0.000712758512236, 0.00015936451382], [-7.66532539274e-05, 0.000753034313675, -0.000331667048158, -0.000181080802577, -0.00185711425729, -0.000741084164474, 0.00388965266757, 0.00122510071378, -0.00127892626915, -0.00133021490183, -0.000712758512236, 0.0100339725614, -0.00251055276021], [0.000162240947247, -0.000505821837578, -0.000162472089869, 0.000300382467685, -0.00151029566769, -0.000144835983519, 0.00176549167372, 0.00164031900931, 5.11864745931e-05, -0.0012748913141, 0.00015936451382, -0.00251055276021, 0.011848885566]]}, "melbands": {"dmean": [0.00230301357806, 0.00395512813702, 0.00156427442562, 0.000695854658261, 0.000473015301395, 0.000309487484628, 0.00017625617329, 0.000125896083773, 7.33587003197e-05, 0.000100231191027, 4.11808032368e-05, 3.82066791644e-05, 3.28051537508e-05, 2.73378282145e-05, 1.98360867216e-05, 2.07452212635e-05, 2.09520403587e-05, 2.80342464976e-05, 2.6713079933e-05, 2.0687974029e-05, 1.20300619528e-05, 9.74020258582e-06, 5.39938582733e-06, 3.56591999662e-06, 2.996736157e-06, 2.33533705796e-06, 1.85601390967e-06, 1.61450861924e-06, 1.44731211549e-06, 1.58589216426e-06, 1.79179869519e-06, 1.25565304643e-06, 1.02061835605e-06, 9.37967797654e-07, 8.32465957501e-07, 8.90810156307e-07, 5.86457304053e-07, 6.37595348962e-07, 7.58131193379e-07, 5.30818795141e-07], "dmean2": [0.00350997340865, 0.00619111815467, 0.00238224701025, 0.00109483662527, 0.000688034226187, 0.00045580547885, 0.000276536913589, 0.000200385140488, 0.000119216630992, 0.00015724824334, 6.82180107106e-05, 6.12965159235e-05, 5.02442780999e-05, 4.29214524047e-05, 3.03890283249e-05, 3.08667549689e-05, 3.32486524712e-05, 4.21438053309e-05, 4.02368932555e-05, 3.00210522255e-05, 1.79022008524e-05, 1.46415704876e-05, 8.23833761388e-06, 5.78611115998e-06, 4.77356070405e-06, 3.58050738214e-06, 2.94173833026e-06, 2.57350438915e-06, 2.34857043324e-06, 2.56477164839e-06, 3.01468458019e-06, 2.04620278055e-06, 1.5994532987e-06, 1.50517075781e-06, 1.33940181968e-06, 1.45944375163e-06, 9.33191643071e-07, 1.01781381545e-06, 1.22225947052e-06, 8.30713929645e-07], "dvar": [1.72532891156e-05, 6.13972151768e-05, 6.57351938571e-06, 1.38304960728e-06, 5.40660153092e-07, 2.41523991917e-07, 8.01479984602e-08, 5.97617670905e-08, 1.298080754e-08, 2.48240628054e-08, 4.58027615835e-09, 4.09875111629e-09, 3.49099749108e-09, 2.5886417454e-09, 1.48994538929e-09, 1.65221514248e-09, 2.36004038534e-09, 2.28816254833e-09, 2.01384109388e-09, 1.25160359854e-09, 4.49726894614e-10, 2.5353469324e-10, 8.23758214419e-11, 4.27309160278e-11, 4.83156951947e-11, 2.83633290465e-11, 1.78874831613e-11, 1.35514646379e-11, 1.15098555686e-11, 1.45032545001e-11, 2.19539421364e-11, 8.57138578864e-12, 5.2969824707e-12, 4.62497184647e-12, 4.28573712977e-12, 6.34996352375e-12, 1.91063397742e-12, 2.26032951037e-12, 3.45017482466e-12, 2.08000001771e-12], "dvar2": [4.07724946854e-05, 0.000151305706822, 1.67840225913e-05, 3.7298850657e-06, 1.04063519757e-06, 5.20264961779e-07, 2.00758577762e-07, 1.44491437482e-07, 3.24662572382e-08, 5.39187077209e-08, 1.10341851212e-08, 9.60968282726e-09, 7.69348762475e-09, 6.47489661887e-09, 3.10311776275e-09, 3.67108055066e-09, 5.91859539156e-09, 4.84578066562e-09, 4.37884573046e-09, 2.65235966523e-09, 1.00942754155e-09, 5.39994327031e-10, 1.85787912832e-10, 1.09127866466e-10, 1.16145953966e-10, 6.1299375298e-11, 4.43226289004e-11, 3.3473120109e-11, 2.89341155202e-11, 3.32325833519e-11, 5.66631533361e-11, 2.05199295056e-11, 1.13613649738e-11, 1.025240743e-11, 1.09625364342e-11, 1.6550835355e-11, 4.67533217002e-12, 5.58732530728e-12, 8.84491611897e-12, 5.29351692688e-12], "max": [0.05894947052, 0.110604725778, 0.0388096086681, 0.0210361834615, 0.0098877530545, 0.00703362375498, 0.00407524919137, 0.00348043604754, 0.0012394762598, 0.0017330958508, 0.000997261260636, 0.00100657879375, 0.00114939303603, 0.000617243873421, 0.000813509395812, 0.000576122605707, 0.00084718328435, 0.000587535323575, 0.000608660746366, 0.000571406679228, 0.000280294043478, 0.000138684597914, 9.4319548225e-05, 7.09678715793e-05, 0.000145785234054, 8.63838577061e-05, 5.25825598743e-05, 5.45794355276e-05, 3.62348328053e-05, 3.97318217438e-05, 5.77256141696e-05, 2.73702098639e-05, 2.77841572824e-05, 2.71200406132e-05, 3.17538906529e-05, 3.8272151869e-05, 1.73221778823e-05, 1.40831925819e-05, 1.81992618309e-05, 2.09763038583e-05], "mean": [0.00423646438867, 0.00675741303712, 0.00289793056436, 0.00121777819004, 0.000943898572586, 0.000551841629203, 0.000257525418419, 0.000171588748344, 0.000109797423647, 0.000175551831489, 7.13051704224e-05, 7.3085524491e-05, 7.08725783625e-05, 4.94331434311e-05, 3.43076026184e-05, 3.30507937178e-05, 3.19377868436e-05, 4.41781667178e-05, 3.94175804104e-05, 3.61860620615e-05, 1.7360849597e-05, 1.25868436953e-05, 7.19731679055e-06, 4.72592182632e-06, 4.28842577094e-06, 3.70111615666e-06, 2.52111635746e-06, 2.09999689105e-06, 1.73823264049e-06, 1.8749605033e-06, 1.79866435701e-06, 1.36507401294e-06, 1.21582195334e-06, 1.14462852707e-06, 9.41088160289e-07, 9.41523467191e-07, 7.21822459582e-07, 6.88458158038e-07, 7.45779459521e-07, 5.74154398691e-07], "median": [0.00257071759552, 0.00443645566702, 0.00174926605541, 0.000713668414392, 0.000438325165305, 0.000227001772146, 0.000124781450722, 8.67493290571e-05, 5.33191123395e-05, 6.82894824422e-05, 4.15282702306e-05, 3.65276027878e-05, 3.01148284052e-05, 2.28486442211e-05, 1.40586571433e-05, 1.28889114421e-05, 9.14738848223e-06, 1.26305621961e-05, 8.570135833e-06, 1.02505318864e-05, 5.12759834237e-06, 3.04915965899e-06, 1.83914391982e-06, 1.44778107369e-06, 1.39935593779e-06, 1.1452916624e-06, 7.57091129344e-07, 5.0220586445e-07, 3.32471444153e-07, 3.41597910847e-07, 3.41703554341e-07, 2.0250448074e-07, 1.91508092939e-07, 1.71669825022e-07, 1.28970668811e-07, 1.69764092561e-07, 1.58917075055e-07, 1.24020928638e-07, 9.59473211992e-08, 8.68084413241e-08], "min": [8.63939262761e-25, 1.19365087645e-24, 7.75125160532e-25, 1.17742667004e-24, 1.30338221723e-24, 1.73231172659e-24, 1.59569413262e-24, 1.67115134061e-24, 1.88381364673e-24, 2.63974670891e-24, 2.82856845518e-24, 2.4212768088e-24, 2.59560757468e-24, 2.82501384794e-24, 3.06482361883e-24, 2.44296298952e-24, 2.62431461745e-24, 2.52299726709e-24, 3.54043338061e-24, 2.79778572216e-24, 2.6556144488e-24, 4.62160353882e-24, 4.42261179775e-24, 3.79453849439e-24, 4.26223834788e-24, 3.8411266473e-24, 4.07373530141e-24, 5.45903934314e-24, 4.09991088953e-24, 6.42284632574e-24, 4.65466075505e-24, 4.45676947495e-24, 4.53772474763e-24, 4.6054350457e-24, 5.4323454734e-24, 6.09498705606e-24, 6.4189367311e-24, 4.72707936944e-24, 6.06361090242e-24, 6.33100950574e-24], "var": [3.21617262671e-05, 8.51952499943e-05, 1.22824430946e-05, 2.05676542464e-06, 1.67207190316e-06, 6.36016864064e-07, 1.27963119212e-07, 7.05977001303e-08, 2.06592645213e-08, 6.19708586669e-08, 8.42185965411e-09, 1.07676028094e-08, 1.152368867e-08, 5.21869880643e-09, 4.49574244499e-09, 2.90964385918e-09, 3.69522190624e-09, 4.37190683655e-09, 3.48020479102e-09, 3.06716096965e-09, 7.17939097061e-10, 4.08981681854e-10, 1.23903817761e-10, 5.42292460937e-11, 7.2167875842e-11, 5.84576415052e-11, 2.31308687482e-11, 1.65715288714e-11, 1.32404061673e-11, 1.73701660694e-11, 1.86448113892e-11, 9.11558242084e-12, 6.86915238232e-12, 6.30405623536e-12, 4.98527651452e-12, 5.72414077943e-12, 2.29438885425e-12, 2.29293884227e-12, 3.02833409391e-12, 1.93847238608e-12]}, "mfcc": {"mean": [-694.157897949, 163.024642944, 13.3259849548, 19.226020813, 17.0440616608, 11.44506073, 1.16932439804, 3.03812360764, 5.06206893921, 1.6766140461, -5.49181652069, -5.25077533722, -0.312220066786], "cov": [[13394.9345703, -1444.33032227, -273.32711792, 676.799377441, 142.804275513, 105.742652893, -122.55758667, -100.475700378, -140.955322266, 80.7629852295, 329.180603027, 196.506530762, -259.52355957], [-1444.33032227, 2777.92089844, -702.137695312, -187.661697388, 60.6596298218, -183.800460815, -158.026199341, -53.7402915955, -22.923822403, -161.287597656, -176.074172974, -78.0249481201, 56.1644592285], [-273.32711792, -702.137695312, 1502.54711914, 199.11126709, 156.603240967, 393.512939453, 231.522338867, 149.021942139, 186.474990845, 102.659515381, 14.3418912888, 122.039474487, 155.031646729], [676.799377441, -187.661697388, 199.11126709, 324.181518555, 61.8964118958, 102.972312927, 86.4780044556, 47.6756896973, 15.4584102631, 33.3592185974, 32.6106147766, 28.563249588, -6.54335021973], [142.804275513, 60.6596298218, 156.603240967, 61.8964118958, 221.894546509, 99.0139389038, 50.2901802063, 90.7824401855, 87.4513702393, 29.3886566162, -6.63386726379, 33.5229644775, 74.9540328979], [105.742652893, -183.800460815, 393.512939453, 102.972312927, 99.0139389038, 245.087402344, 120.335090637, 98.8899078369, 93.400428772, 42.0066757202, 14.40736866, 60.6664505005, 72.5403137207], [-122.55758667, -158.026199341, 231.522338867, 86.4780044556, 50.2901802063, 120.335090637, 210.245178223, 93.669708252, 42.129234314, 89.8623886108, 62.115146637, 1.67785823345, 4.63016843796], [-100.475700378, -53.7402915955, 149.021942139, 47.6756896973, 90.7824401855, 98.8899078369, 93.669708252, 179.387649536, 98.8484191895, 52.2004432678, 25.4481086731, 47.4819412231, 50.0498847961], [-140.955322266, -22.923822403, 186.474990845, 15.4584102631, 87.4513702393, 93.400428772, 42.129234314, 98.8484191895, 204.203567505, 53.4461860657, -9.08355045319, 41.2885360718, 93.8394241333], [80.7629852295, -161.287597656, 102.659515381, 33.3592185974, 29.3886566162, 42.0066757202, 89.8623886108, 52.2004432678, 53.4461860657, 190.505371094, 112.211135864, -28.8968906403, -51.4567642212], [329.180603027, -176.074172974, 14.3418912888, 32.6106147766, -6.63386726379, 14.40736866, 62.115146637, 25.4481086731, -9.08355045319, 112.211135864, 181.521438599, 34.4383811951, -91.1017837524], [196.506530762, -78.0249481201, 122.039474487, 28.563249588, 33.5229644775, 60.6664505005, 1.67785823345, 47.4819412231, 41.2885360718, -28.8968906403, 34.4383811951, 160.833908081, 70.7161560059], [-259.52355957, 56.1644592285, 155.031646729, -6.54335021973, 74.9540328979, 72.5403137207, 4.63016843796, 50.0498847961, 93.8394241333, -51.4567642212, -91.1017837524, 70.7161560059, 200.454956055]], "icov": [[0.000104135353467, 5.5182055803e-05, 7.72034618421e-05, -0.000212435727008, -0.000138056522701, -0.000120680924738, 0.000183649288374, 0.000116216222523, 1.97199042304e-05, -7.7889608292e-06, -0.000103677521111, -0.000109252519906, 9.49434543145e-05], [5.5182055803e-05, 0.000490186037496, 0.00024948376813, 2.85029964289e-05, -0.000405282888096, 8.27620897326e-06, 4.49054641649e-05, 8.34269303596e-05, -7.76943925302e-05, 0.000184904740308, 0.000202507158974, 2.65703201876e-05, 3.52580245817e-05], [7.72034618421e-05, 0.00024948376813, 0.00139703322202, -0.000244644237682, -0.000155680929311, -0.0016481236089, -0.000394626142224, 0.000605135865044, -0.00023839098867, -0.000544756825548, 0.00063413445605, -0.00065940618515, -5.31597834197e-05], [-0.000212435727008, 2.85029964289e-05, -0.000244644237682, 0.00439187744632, -0.000626463326626, -0.000719408039004, -0.00136404810473, -8.77246711752e-05, 0.000353454321157, 4.59777402284e-05, 0.00073703029193, -0.000546383438632, 0.000971597328316], [-0.000138056522701, -0.000405282888096, -0.000155680929311, -0.000626463326626, 0.00720108067617, -0.00128417660017, 0.00057787442347, -0.00225845654495, -0.00058683170937, -0.000633052492049, -0.000305893598124, 0.000807256321423, -0.00195418531075], [-0.000120680924738, 8.27620897326e-06, -0.0016481236089, -0.000719408039004, -0.00128417660017, 0.010419389233, -0.00328197795898, -0.000942894606851, -0.0012175173033, 0.00049682171084, 0.000492415274493, -0.00130115041975, -0.000506227777805], [0.000183649288374, 4.49054641649e-05, -0.000394626142224, -0.00136404810473, 0.00057787442347, -0.00328197795898, 0.0104883713648, -0.00361929647624, 0.00183837674558, -0.00151096994523, -0.00322557846084, 0.00310667790473, -0.00169151544105], [0.000116216222523, 8.34269303596e-05, 0.000605135865044, -8.77246711752e-05, -0.00225845654495, -0.000942894606851, -0.00361929647624, 0.0112009551376, -0.00326505955309, -0.000872206292115, 0.000815699866507, -0.00283446186222, 0.000804071198218], [1.97199042304e-05, -7.76943925302e-05, -0.00023839098867, 0.000353454321157, -0.00058683170937, -0.0012175173033, 0.00183837674558, -0.00326505955309, 0.00978477858007, -0.00401706015691, 0.0012008465128, -0.000494273379445, -0.00321563426405], [-7.7889608292e-06, 0.000184904740308, -0.000544756825548, 4.59777402284e-05, -0.000633052492049, 0.00049682171084, -0.00151096994523, -0.000872206292115, -0.00401706015691, 0.014475742355, -0.00995134375989, 0.00676795840263, -0.00064327014843], [-0.000103677521111, 0.000202507158974, 0.00063413445605, 0.00073703029193, -0.000305893598124, 0.000492415274493, -0.00322557846084, 0.000815699866507, 0.0012008465128, -0.00995134375989, 0.0191394966096, -0.0106417378411, 0.00848561152816], [-0.000109252519906, 2.65703201876e-05, -0.00065940618515, -0.000546383438632, 0.000807256321423, -0.00130115041975, 0.00310667790473, -0.00283446186222, -0.000494273379445, 0.00676795840263, -0.0106417378411, 0.0147544052452, -0.0069244983606], [9.49434543145e-05, 3.52580245817e-05, -5.31597834197e-05, 0.000971597328316, -0.00195418531075, -0.000506227777805, -0.00169151544105, 0.000804071198218, -0.00321563426405, -0.00064327014843, 0.00848561152816, -0.0069244983606, 0.0135662602261]]}, "spectral_contrast_coeffs": {"dmean": [0.0484431497753, 0.0514732301235, 0.0372266322374, 0.0297568924725, 0.0240197069943, 0.0182489659637], "dmean2": [0.076950982213, 0.0825011730194, 0.0606976486742, 0.047067027539, 0.037874750793, 0.0285105481744], "dvar": [0.00205362890847, 0.00221536704339, 0.00114878709428, 0.000798910798039, 0.000509882345796, 0.000351443537511], "dvar2": [0.00479104137048, 0.00503734638914, 0.00279646390118, 0.00177216914017, 0.00113112502731, 0.000772205297835], "max": [-0.163054183125, -0.344035565853, -0.438594192266, -0.472414404154, -0.503911375999, -0.604573905468], "mean": [-0.590242862701, -0.712532281876, -0.750468432903, -0.780058324337, -0.805775523186, -0.793663561344], "median": [-0.614423692226, -0.723607778549, -0.75694745779, -0.789525389671, -0.812350153923, -0.795423448086], "min": [-0.97818171978, -0.980457723141, -0.975822269917, -0.970392346382, -0.967717826366, -0.965008914471], "var": [0.0175605285913, 0.00996705703437, 0.0057960646227, 0.00502473535016, 0.00276783108711, 0.00196881499141]}, "spectral_contrast_valleys": {"dmean": [0.460138708353, 0.510245621204, 0.433743059635, 0.436962664127, 0.462632000446, 0.490184247494], "dmean2": [0.717584788799, 0.778042972088, 0.661793589592, 0.638384222984, 0.6306027174, 0.669477880001], "dvar": [0.244564220309, 0.324719697237, 0.275888383389, 0.320974558592, 0.339340597391, 0.397705465555], "dvar2": [0.481293350458, 0.592045783997, 0.489148616791, 0.530589818954, 0.592428803444, 0.8