{"lowlevel": {"average_loudness": 0.96184450388, "barkbands_crest": {"dmean": 2.65247511864, "dmean2": 4.31697750092, "dvar": 9.51338100433, "dvar2": 24.8612346649, "max": 25.8207912445, "mean": 13.9947185516, "median": 13.7486200333, "min": 2.82408118248, "var": 22.3561515808}, "barkbands_flatness_db": {"dmean": 0.0307370889932, "dmean2": 0.0441622696817, "dvar": 0.00116636394523, "dvar2": 0.00264888349921, "max": 0.562431097031, "mean": 0.224695801735, "median": 0.214052021503, "min": 0.0407908633351, "var": 0.00814724341035}, "barkbands_kurtosis": {"dmean": 10.1273794174, "dmean2": 16.1461620331, "dvar": 594.593139648, "dvar2": 1542.3782959, "max": 548.950622559, "mean": 19.5834846497, "median": 10.3088359833, "min": -1.82171976566, "var": 807.427612305}, "barkbands_skewness": {"dmean": 0.833166897297, "dmean2": 1.26637375355, "dvar": 1.63688910007, "dvar2": 3.86224198341, "max": 21.2915821075, "mean": 3.24021053314, "median": 2.83093070984, "min": -1.4747133255, "var": 3.7635447979}, "barkbands_spread": {"dmean": 2.80560994148, "dmean2": 4.18666172028, "dvar": 17.0590019226, "dvar2": 37.7055015564, "max": 109.405662537, "mean": 10.0377283096, "median": 7.81722927094, "min": 0.336596250534, "var": 88.8579025269}, "dissonance": {"dmean": 0.0246386229992, "dmean2": 0.0409123785794, "dvar": 0.000572857621592, "dvar2": 0.00143292720895, "max": 0.499947607517, "mean": 0.424124419689, "median": 0.432620227337, "min": 0.208783835173, "var": 0.00214261934161}, "dynamic_complexity": 3.33469843864, "erbbands_crest": {"dmean": 2.02958869934, "dmean2": 3.00584816933, "dvar": 4.97033119202, "dvar2": 11.108584404, "max": 28.3674221039, "mean": 11.0765428543, "median": 9.94693183899, "min": 2.61044621468, "var": 25.3639144897}, "erbbands_flatness_db": {"dmean": 0.0226898305118, "dmean2": 0.0288028437644, "dvar": 0.000715659756679, "dvar2": 0.00140194664709, "max": 0.4627148211, "mean": 0.178923398256, "median": 0.162667572498, "min": 0.0512273795903, "var": 0.00604192214087}, "erbbands_kurtosis": {"dmean": 1.10522067547, "dmean2": 1.66121721268, "dvar": 6.14500045776, "dvar2": 12.8408870697, "max": 85.1931686401, "mean": 1.91550207138, "median": 0.346773505211, "min": -1.79527008533, "var": 38.1458282471}, "erbbands_skewness": {"dmean": 0.286062717438, "dmean2": 0.420830845833, "dvar": 0.118192993104, "dvar2": 0.25700083375, "max": 7.68988037109, "mean": 0.952294290066, "median": 0.803713917732, "min": -2.31954884529, "var": 1.09567034245}, "erbbands_spread": {"dmean": 7.22249412537, "dmean2": 10.5945453644, "dvar": 85.3223724365, "dvar2": 190.01399231, "max": 121.408668518, "mean": 36.5463676453, "median": 33.8687591553, "min": 1.77277421951, "var": 362.020568848}, "hfc": {"dmean": 5.81772136688, "dmean2": 8.58036994934, "dvar": 122.246803284, "dvar2": 309.734985352, "max": 96.8009567261, "mean": 12.2235784531, "median": 8.18327331543, "min": 4.04544771015e-08, "var": 168.574691772}, "melbands_crest": {"dmean": 2.84298062325, "dmean2": 4.57150363922, "dvar": 9.55472755432, "dvar2": 24.6024608612, "max": 33.2159004211, "mean": 17.5688724518, "median": 17.3150672913, "min": 3.4616420269, "var": 26.206401825}, "melbands_flatness_db": {"dmean": 0.0344871655107, "dmean2": 0.0493534058332, "dvar": 0.00154574087355, "dvar2": 0.00335112516768, "max": 0.611457824707, "mean": 0.318867206573, "median": 0.316346645355, "min": 0.0125139029697, "var": 0.00919702090323}, "melbands_kurtosis": {"dmean": 17.5833816528, "dmean2": 27.2537956238, "dvar": 1320.09228516, "dvar2": 3088.30322266, "max": 726.976623535, "mean": 37.090171814, "median": 21.5996932983, "min": -1.59412062168, "var": 2204.81469727}, "melbands_skewness": {"dmean": 0.970869898796, "dmean2": 1.46358788013, "dvar": 1.82208609581, "dvar2": 4.1005988121, "max": 17.9352760315, "mean": 4.12399148941, "median": 3.7012796402, "min": -0.418649703264, "var": 4.7764673233}, "melbands_spread": {"dmean": 2.54522418976, "dmean2": 3.82957410812, "dvar": 16.794424057, "dvar2": 33.2622795105, "max": 126.706962585, "mean": 8.51693344116, "median": 6.0422334671, "min": 0.34064489603, "var": 64.497795105}, "pitch_salience": {"dmean": 0.074349552393, "dmean2": 0.119464725256, "dvar": 0.00718154804781, "dvar2": 0.0186355896294, "max": 0.875537574291, "mean": 0.442933887243, "median": 0.447172760963, "min": 0.085523955524, "var": 0.0151217831299}, "silence_rate_20dB": {"dmean": 0, "dmean2": 0, "dvar": 0, "dvar2": 0, "max": 1, "mean": 1, "median": 1, "min": 1, "var": 0}, "silence_rate_30dB": {"dmean": 0.0933150351048, "dmean2": 0.186666667461, "dvar": 0.0846042633057, "dvar2": 0.165158987045, "max": 1, "mean": 0.887887120247, "median": 1, "min": 0, "var": 0.0995453745127}, "silence_rate_60dB": {"dmean": 0.0219564791769, "dmean2": 0.0437254905701, "dvar": 0.0214734058827, "dvar2": 0.0480875968933, "max": 1, "mean": 0.0913367271423, "median": 0, "min": 0, "var": 0.0829933583736}, "spectral_centroid": {"dmean": 120.256271362, "dmean2": 179.723907471, "dvar": 40672.8359375, "dvar2": 67303.3125, "max": 10953.0986328, "mean": 677.523925781, "median": 607.988037109, "min": 158.337097168, "var": 143840.28125}, "spectral_complexity": {"dmean": 2.66496753693, "dmean2": 3.93882346153, "dvar": 18.7040920258, "dvar2": 36.8077125549, "max": 49, "mean": 11.3359470367, "median": 10, "min": 0, "var": 48.1667556763}, "spectral_decrease": {"dmean": 7.56728724127e-09, "dmean2": 1.25367449755e-08, "dvar": 2.65218271293e-16, "dvar2": 6.96521598214e-16, "max": -7.56323933541e-20, "mean": -1.28746586725e-08, "median": -9.08034891722e-09, "min": -1.25128124751e-07, "var": 2.58821399066e-16}, "spectral_energy": {"dmean": 0.0290264487267, "dmean2": 0.0480186529458, "dvar": 0.00385579024442, "dvar2": 0.0101188328117, "max": 0.475565969944, "mean": 0.0497005283833, "median": 0.0351067334414, "min": 3.95479439128e-12, "var": 0.00378171540797}, "spectral_energyband_high": {"dmean": 0.000169047736563, "dmean2": 0.00023132043134, "dvar": 1.00384546897e-07, "dvar2": 2.0358287145e-07, "max": 0.00463598174974, "mean": 0.000296819576761, "median": 8.44229725772e-05, "min": 2.52503660342e-12, "var": 2.65208797146e-07}, "spectral_energyband_low": {"dmean": 0.0249167848378, "dmean2": 0.0417653769255, "dvar": 0.00370130105875, "dvar2": 0.00987928640097, "max": 0.468621999025, "mean": 0.0357517078519, "median": 0.0225375033915, "min": 8.66927718306e-14, "var": 0.00329116079956}, "spectral_energyband_middle_high": {"dmean": 0.00102975254413, "dmean2": 0.00156213261653, "dvar": 6.81422989146e-06, "dvar2": 1.74325869011e-05, "max": 0.02764817141, "mean": 0.00206551840529, "median": 0.000959642697126, "min": 6.73493053861e-13, "var": 9.31068734644e-06}, "spectral_energyband_middle_low": {"dmean": 0.00673752557486, "dmean2": 0.0107219591737, "dvar": 0.000242448819336, "dvar2": 0.000654870818835, "max": 0.161018133163, "mean": 0.013229274191, "median": 0.00870236381888, "min": 2.24905380777e-13, "var": 0.000256943021668}, "spectral_entropy": {"dmean": 0.259935945272, "dmean2": 0.359324663877, "dvar": 0.107765652239, "dvar2": 0.223275318742, "max": 9.78151798248, "mean": 6.79596138, "median": 6.84612083435, "min": 3.98659658432, "var": 0.599659562111}, "spectral_flux": {"dmean": 0.0536618568003, "dmean2": 0.0807329267263, "dvar": 0.0067412587814, "dvar2": 0.0133703295141, "max": 0.598722279072, "mean": 0.091525182128, "median": 0.0482617355883, "min": 1.40281645145e-05, "var": 0.0111369844526}, "spectral_kurtosis": {"dmean": 4.41702127457, "dmean2": 7.05490970612, "dvar": 47.2007865906, "dvar2": 117.894035339, "max": 100.693084717, "mean": 10.4246959686, "median": 6.11974096298, "min": -1.24186253548, "var": 138.22354126}, "spectral_rms": {"dmean": 0.00158980162814, "dmean2": 0.00244989013299, "dvar": 7.1842878242e-06, "dvar2": 1.73460684891e-05, "max": 0.021539889276, "mean": 0.00597419263795, "median": 0.00585239008069, "min": 6.21155038516e-08, "var": 1.2797438103e-05}, "spectral_rolloff": {"dmean": 153.207305908, "dmean2": 252.813140869, "dvar": 151717.78125, "dvar2": 321038.90625, "max": 19078.4179688, "mean": 530.346557617, "median": 322.998046875, "min": 64.599609375, "var": 607438.4375}, "spectral_skewness": {"dmean": 0.402188241482, "dmean2": 0.624122142792, "dvar": 0.250849664211, "dvar2": 0.607284963131, "max": 8.11490345001, "mean": 2.30925345421, "median": 2.03920865059, "min": 0.0245477072895, "var": 1.0084502697}, "spectral_spread": {"dmean": 738441.3125, "dmean2": 921120.125, "dvar": 978151931904, "dvar2": 1510588416000.0, "max": 41595740, "mean": 4282281.5, "median": 4031201.5, "min": 766535.375, "var": 4075936546820.0}, "spectral_strongpeak": {"dmean": 0.231882855296, "dmean2": 0.392412394285, "dvar": 0.12188321352, "dvar2": 0.302600830793, "max": 6.21256065369, "mean": 0.573795855045, "median": 0.485528111458, "min": 0, "var": 0.22809804976}, "zerocrossingrate": {"dmean": 0.00654388777912, "dmean2": 0.0076485904865, "dvar": 6.13116644672e-05, "dvar2": 7.58029418648e-05, "max": 0.48876953125, "mean": 0.0301561038941, "median": 0.0234375, "min": 0.00244140625, "var": 0.000704390753526}, "barkbands": {"dmean": [0.000773546693381, 0.0211557876319, 0.00486674997956, 0.00184524164069, 0.00269026588649, 0.00131065794267, 0.00158981326967, 0.000271028984571, 0.000441269832663, 0.000309771596221, 0.000137176146382, 0.000126405822812, 0.000202506111236, 0.000119225260278, 0.000103107377072, 9.30526803131e-05, 9.10644303076e-05, 6.12988587818e-05, 4.68147882202e-05, 4.17906630901e-05, 3.90418135794e-05, 3.33310090355e-05, 2.81251104752e-05, 2.48462511081e-05, 2.23588558583e-05, 1.55981761054e-05, 8.41394285089e-06], "dmean2": [0.00120677833911, 0.0361200980842, 0.00854017958045, 0.00320583232678, 0.00451729586348, 0.00220211246051, 0.00257205427624, 0.000422972894739, 0.000602908199653, 0.000488602905534, 0.000216610525968, 0.00020446140843, 0.000313992815791, 0.000199560279725, 0.00016051424609, 0.000158349619596, 0.000144515433931, 0.000104014863609, 7.83377618063e-05, 6.61924859742e-05, 5.72673015995e-05, 4.90637721668e-05, 4.17687842855e-05, 3.69450608559e-05, 3.16533987643e-05, 2.22815233428e-05, 1.23548888951e-05], "dvar": [2.58120280705e-06, 0.00291136023588, 0.000155412169988, 1.29951022245e-05, 5.60233456781e-05, 1.45468166011e-05, 1.69907998497e-05, 2.84034342712e-07, 9.18233013181e-07, 8.97688494206e-07, 1.98576415755e-07, 1.1161424851e-07, 3.25347741637e-07, 1.83983289048e-07, 5.4177874631e-08, 7.69091030861e-08, 3.21492485966e-08, 3.66159973453e-08, 1.31285435856e-08, 8.87708484498e-09, 6.12103789877e-09, 5.38470068534e-09, 4.52034054632e-09, 2.33881025657e-09, 2.30073360363e-09, 1.14443821086e-09, 4.37511915585e-10], "dvar2": [6.05061450187e-06, 0.00791687052697, 0.00045711765415, 3.61216552847e-05, 0.000156200869242, 4.05568134738e-05, 4.42218879471e-05, 7.15495048098e-07, 2.00789418159e-06, 2.3260342914e-06, 4.89250453484e-07, 2.85959686153e-07, 8.08467177649e-07, 5.15305714544e-07, 1.21313775026e-07, 2.06830534921e-07, 7.67238645949e-08, 1.01613309766e-07, 3.54492648569e-08, 2.20075264679e-08, 1.26939054823e-08, 1.16579235154e-08, 8.74911965099e-09, 5.26943999546e-09, 5.0789310535e-09, 2.52402299061e-09, 9.99462512752e-10], "max": [0.0159465130419, 0.439648449421, 0.116459079087, 0.0499912425876, 0.0722869560122, 0.051121596247, 0.0639804601669, 0.00721392966807, 0.0166358426213, 0.0127703268081, 0.0071742660366, 0.00612708553672, 0.00912739988416, 0.00649629952386, 0.00788126513362, 0.00422599352896, 0.00290187261999, 0.00252386834472, 0.00190532498527, 0.00124852755107, 0.000996363232844, 0.00113066367339, 0.0020970213227, 0.000823982001748, 0.000910052738618, 0.000533077225555, 0.000332151306793], "mean": [0.00101828936022, 0.0267053004354, 0.00644643232226, 0.00282399170101, 0.00426761806011, 0.00267186504789, 0.0018441703869, 0.00045464161667, 0.00107088428922, 0.000476522283861, 0.000180310482392, 0.000191818224266, 0.000380889017833, 0.000164722470799, 0.000270719581749, 0.000120317665278, 0.000147816899698, 6.94906339049e-05, 6.50168367429e-05, 6.07799847785e-05, 6.92641333444e-05, 5.31084224349e-05, 4.57942951471e-05, 3.59105106327e-05, 3.34554642905e-05, 2.15774998651e-05, 9.85594215308e-06], "median": [0.000188842925127, 0.0133494110778, 0.00319533981383, 0.00141250342131, 0.00177665124647, 0.00149440090172, 0.000446501595434, 0.000172047934029, 0.000266875838861, 0.000139585637953, 3.98198753828e-05, 4.61072704638e-05, 0.00010015864973, 3.22671294271e-05, 4.91305800097e-05, 2.83025692625e-05, 6.2500796048e-05, 2.11451842915e-05, 2.24752657232e-05, 1.76266130438e-05, 1.95641659957e-05, 1.03384581962e-05, 8.91617764864e-06, 5.26550684299e-06, 4.18736362917e-06, 1.81842483471e-06, 4.04005220389e-07], "min": [1.35873137828e-13, 2.95922242602e-14, 3.60479858176e-15, 4.59820602208e-15, 1.07465289244e-14, 2.64703759129e-14, 1.46934703716e-14, 8.75088982397e-14, 6.48836182265e-14, 3.36045685094e-14, 5.01200846776e-14, 3.91863801065e-14, 1.75625302062e-14, 9.1718997577e-14, 5.75273674725e-14, 6.79169177495e-14, 5.66759875522e-14, 9.84406783519e-14, 1.26295472019e-13, 1.11087496894e-13, 9.33114466229e-14, 2.0002482472e-13, 2.65059241916e-13, 2.01131917111e-13, 4.16489135931e-13, 5.02245977013e-13, 8.5694700034e-13], "var": [3.50803156834e-06, 0.00235967035405, 0.000115229689982, 1.50273563122e-05, 5.64015717828e-05, 1.45381764014e-05, 1.68504175235e-05, 4.96536472383e-07, 2.75847014564e-06, 1.0032707678e-06, 2.21937369815e-07, 1.67243328519e-07, 6.27335737136e-07, 1.61084301453e-07, 4.95298877468e-07, 8.5009759232e-08, 5.17140712475e-08, 2.7792255608e-08, 1.41353204697e-08, 1.33191280227e-08, 1.46515182209e-08, 1.3344527261e-08, 1.09319149288e-08, 5.30873611737e-09, 4.11444434079e-09, 1.75175951522e-09, 5.06778341514e-10]}, "erbbands": {"dmean": [0.597991168499, 4.86551952362, 6.66968774796, 5.66298294067, 9.27143383026, 6.73382425308, 11.024107933, 11.4692459106, 22.3020133972, 14.8177223206, 5.92462539673, 10.3942899704, 7.52761268616, 8.90658855438, 5.83087730408, 4.87376022339, 9.90413379669, 6.53886127472, 5.34589242935, 4.8322095871, 4.72635269165, 4.58066272736, 3.81299090385, 2.47574186325, 2.37698960304, 2.06256079674, 1.72930192947, 1.38496744633, 1.22300875187, 1.03989160061, 0.750268101692, 0.545061230659, 0.400342553854, 0.25106292963, 0.158497512341, 0.0773250982165, 0.0268618650734, 0.00826825667173, 0.00142382096965, 0.000106015912024], "dmean2": [1.0492579937, 8.28558444977, 11.6689186096, 9.6390914917, 16.7812252045, 11.3032884598, 15.9531574249, 19.8317928314, 36.8311767578, 23.1261558533, 8.82081508636, 13.6959171295, 10.8094129562, 14.9066066742, 9.12524700165, 7.88601875305, 15.314956665, 11.0532360077, 8.21620750427, 7.89365959167, 7.80952978134, 7.21229934692, 6.2989397049, 4.22560071945, 3.89024138451, 3.25370907784, 2.51779103279, 2.03057718277, 1.8013304472, 1.54296660423, 1.13446116447, 0.826299905777, 0.594962477684, 0.358273714781, 0.225533351302, 0.111639209092, 0.0395082272589, 0.0121571887285, 0.00208347360604, 0.00015900132712], "dvar": [2.49919176102, 150.395431519, 294.570709229, 122.240684509, 740.655212402, 360.787994385, 495.171966553, 1390.02954102, 3711.73876953, 1329.63305664, 127.122131348, 539.571472168, 351.044036865, 984.411071777, 274.947814941, 168.296646118, 776.918395996, 603.124511719, 149.911712646, 155.101089478, 185.961532593, 93.199508667, 100.659873962, 50.2312202454, 29.4364624023, 20.6924724579, 12.0016059875, 9.0541639328, 7.85536003113, 5.99914979935, 2.85049200058, 1.18705940247, 0.621368348598, 0.276750355959, 0.129160568118, 0.0308897830546, 0.00354610849172, 0.000383185368264, 1.24454345496e-05, 5.02456281026e-08], "dvar2": [6.89821243286, 410.378234863, 848.832946777, 347.147735596, 2085.99194336, 1004.97137451, 1161.89245605, 3908.95483398, 9794.23730469, 3241.98144531, 316.851501465, 1076.60095215, 756.94128418, 2757.8581543, 672.860839844, 448.705596924, 1896.59033203, 1701.39807129, 326.817596436, 390.221954346, 466.991607666, 223.264724731, 272.487030029, 139.186813354, 75.658493042, 50.678604126, 25.6831951141, 19.5025405884, 17.4144458771, 12.9982185364, 5.68868684769, 2.67221426964, 1.45543110371, 0.626960217953, 0.282981932163, 0.0710472464561, 0.00795525405556, 0.000873996352311, 2.82957389572e-05, 1.16653097848e-07], "max": [13.3206691742, 98.6875, 152.154159546, 106.191078186, 266.090545654, 201.954727173, 439.376647949, 400.616455078, 982.339355469, 631.21697998, 111.080284119, 393.430206299, 258.025390625, 421.355010986, 325.791900635, 164.381439209, 468.330505371, 387.793670654, 438.458770752, 183.778244019, 275.229858398, 140.201934814, 126.042068481, 103.682357788, 77.7851791382, 70.4327316284, 41.174785614, 48.1156692505, 41.8262939453, 42.8588142395, 48.3745422363, 20.8361778259, 11.688996315, 6.87391376495, 8.70445251465, 3.90434622765, 0.980362713337, 0.287939459085, 0.0630100667477, 0.00337410671636], "mean": [0.680463433266, 6.14917564392, 9.11637783051, 8.95593547821, 9.1443901062, 10.6212358475, 32.9241943359, 18.1495285034, 25.655166626, 19.5475692749, 12.2076387405, 26.0890483856, 14.403883934, 13.5486164093, 8.91501235962, 7.91737174988, 19.376991272, 9.08399581909, 14.676076889, 9.02775764465, 6.43145227432, 7.36417770386, 5.28043937683, 3.11836767197, 3.57758021355, 3.19554495811, 3.03547525406, 2.23020005226, 1.86668908596, 1.67029285431, 1.22289705276, 0.810813009739, 0.570132791996, 0.376653105021, 0.231376051903, 0.106322981417, 0.0364555418491, 0.0102435071021, 0.00169518729672, 0.000146658509038], "median": [0.343515098095, 2.65460586548, 5.03494215012, 5.33122777939, 3.18985700607, 4.31669425964, 15.6170167923, 9.67896747589, 6.95419025421, 5.02926397324, 6.55796051025, 6.20557403564, 4.06832408905, 5.05603408813, 2.97728919983, 2.55700492859, 5.11608791351, 1.93278264999, 2.56272363663, 2.0672326088, 2.01014494896, 3.05724811554, 2.32096171379, 1.10752999783, 1.17355871201, 1.03260016441, 0.892511248589, 0.48358309269, 0.357638478279, 0.316252559423, 0.241817653179, 0.132015824318, 0.0763993114233, 0.0480905771255, 0.0271465145051, 0.00994745083153, 0.0027261977084, 0.000641688238829, 9.96267335722e-05, 5.75493650103e-05], "min": [1.16822870821e-12, 6.543324476e-12, 6.75208023174e-12, 1.43189696211e-11, 1.47657146926e-11, 3.09461761772e-11, 1.46104808807e-10, 1.98059402212e-10, 2.16722972901e-10, 8.7365292778e-10, 2.00826955066e-09, 1.26930210786e-09, 1.37380484766e-09, 1.00357155919e-09, 2.4880113525e-09, 1.19037979474e-09, 9.74594405179e-10, 4.03512734337e-09, 3.83637388524e-09, 2.11025730223e-09, 4.55715776226e-09, 3.1458489147e-09, 4.77142814148e-09, 4.66991734172e-09, 7.50944106898e-09, 5.29314192477e-09, 3.87263687784e-09, 5.54289147914e-09, 5.7944524734e-09, 6.59524701518e-09, 8.28226909277e-09, 4.94548135777e-09, 3.21252624502e-09, 3.78218700803e-09, 3.23365845212e-09, 1.70964042923e-09, 9.40615807465e-10, 4.17592099788e-10, 9.55821810589e-11, 1.5057935801e-11], "var": [1.87762343884, 122.648864746, 220.985488892, 135.468902588, 484.831695557, 358.866821289, 2037.85107422, 1032.28283691, 3389.98974609, 1737.75671387, 235.487579346, 1890.34521484, 708.305969238, 835.514770508, 324.131225586, 215.636291504, 1643.50244141, 471.314483643, 1646.49768066, 315.833251953, 254.990280151, 143.207382202, 92.2213973999, 42.0933456421, 40.3726387024, 34.1901626587, 26.9104404449, 19.5654773712, 16.6233272552, 13.1738243103, 7.24980783463, 2.83521485329, 1.32841515541, 0.516154527664, 0.211185917258, 0.0438805520535, 0.00526361772791, 0.00046253221808, 1.46485235746e-05, 5.80536365646e-08]}, "gfcc": {"mean": [-60.822177887, 119.949874878, -92.4974746704, 22.8831119537, -48.3371658325, -0.210693389177, -30.2673797607, 2.17164802551, -14.8195486069, 2.34672284126, -6.18934345245, 3.46795558929, -2.37653231621], "cov": [[18768.0195312, -743.697875977, 2238.25512695, 1939.31384277, 921.253662109, 2080.26879883, 703.969604492, 1185.32055664, 227.999679565, 417.070129395, -790.228515625, -410.690856934, -880.482849121], [-743.697875977, 2415.7109375, -343.334533691, 258.261199951, 641.917175293, -44.0739212036, 421.022460938, -198.127212524, 251.00213623, -206.980911255, 185.01701355, -263.865081787, 85.5204620361], [2238.25512695, -343.334533691, 1415.64746094, 595.582397461, 478.527740479, 581.273864746, 242.547470093, 372.90927124, 13.5943670273, 116.166496277, -137.561355591, -41.5725631714, -189.889816284], [1939.31384277, 258.261199951, 595.582397461, 967.4140625, 425.702178955, 407.72946167, 332.99987793, 218.463150024, 135.830871582, -0.472629457712, -61.2819290161, -76.2218093872, -92.8799285889], [921.253662109, 641.917175293, 478.527740479, 425.702178955, 737.244506836, 448.229125977, 334.7003479, 176.071716309, 120.814414978, 21.658946991, -27.0918331146, -135.639068604, -96.7406005859], [2080.26879883, -44.0739212036, 581.273864746, 407.72946167, 448.229125977, 664.760009766, 265.974243164, 267.990966797, 58.2224731445, 105.064971924, -107.510452271, -68.6570129395, -155.496368408], [703.969604492, 421.022460938, 242.547470093, 332.99987793, 334.7003479, 265.974243164, 337.384216309, 139.817565918, 98.7239685059, -1.63269782066, -22.2843093872, -94.7476119995, -67.1097564697], [1185.32055664, -198.127212524, 372.90927124, 218.463150024, 176.071716309, 267.990966797, 139.817565918, 299.108428955, 62.3570327759, 85.3104782104, -69.8148880005, -16.3321590424, -105.57383728], [227.999679565, 251.00213623, 13.5943670273, 135.830871582, 120.814414978, 58.2224731445, 98.7239685059, 62.3570327759, 131.663711548, 22.2212543488, 19.4812660217, -41.2244606018, -20.0995197296], [417.070129395, -206.980911255, 116.166496277, -0.472629457712, 21.658946991, 105.064971924, -1.63269782066, 85.3104782104, 22.2212543488, 125.903083801, -0.729936718941, 15.5965175629, -44.3468971252], [-790.228515625, 185.01701355, -137.561355591, -61.2819290161, -27.0918331146, -107.510452271, -22.2843093872, -69.8148880005, 19.4812660217, -0.729936718941, 126.514984131, 36.5727500916, 43.1278495789], [-410.690856934, -263.865081787, -41.5725631714, -76.2218093872, -135.639068604, -68.6570129395, -94.7476119995, -16.3321590424, -41.2244606018, 15.5965175629, 36.5727500916, 125.997085571, 45.2598838806], [-880.482849121, 85.5204620361, -189.889816284, -92.8799285889, -96.7406005859, -155.496368408, -67.1097564697, -105.57383728, -20.0995197296, -44.3468971252, 43.1278495789, 45.2598838806, 140.191452026]], "icov": [[0.000141192984302, -0.00016056689492, -3.93751179217e-06, -0.00021289131837, 0.000273573998129, -0.000310947449179, 0.000269847951131, -0.000165260920767, 7.66650773585e-05, -0.000267888244707, 0.000593416916672, 3.59068944817e-05, 0.000419058545958], [-0.00016056689492, 0.00197558780201, 0.000243866452365, 0.000427889317507, -0.00160408567172, 0.000677223608363, -0.00150637084153, 0.00120994716417, -0.00172855565324, 0.00205092830583, -0.0026823321823, 0.00200492772274, -0.00118664652109], [-3.93751179217e-06, 0.000243866452365, 0.0016661696136, -0.00065395666752, -0.000844182097353, -0.000111455417937, 0.00015957056894, -0.000933998089749, 0.00131082499865, -0.000348847417627, 1.1800692846e-05, 1.09161437649e-05, 0.000387368461816], [-0.00021289131837, 0.000427889317507, -0.00065395666752, 0.00251493183896, -0.000477162189782, -3.53717368853e-05, -0.00156997295562, 0.000552294077352, -0.00209738360718, 0.00188414833974, -0.000787523982581, -0.000533316459041, -0.000812071783002], [0.000273573998129, -0.00160408567172, -0.000844182097353, -0.000477162189782, 0.00534437177703, -0.00280865142122, 0.000133457200718, -0.000883811910171, 0.000204247393413, -0.000721155607607, 0.000726058962755, 0.000946728221606, 0.000480290182168], [-0.000310947449179, 0.000677223608363, -0.000111455417937, -3.53717368853e-05, -0.00280865142122, 0.00585349369794, -0.00241797161289, 0.000120134965982, 0.000967756670434, -0.00211150734685, 0.000947023334447, -0.00116784009151, 0.000503425195348], [0.000269847951131, -0.00150637084153, 0.00015957056894, -0.00156997295562, 0.000133457200718, -0.00241797161289, 0.00962637085468, -0.00323380157351, -0.000226526608458, 0.000925541040488, 0.000379608449293, 0.0018438892439, 0.000920977909118], [-0.000165260920767, 0.00120994716417, -0.000933998089749, 0.000552294077352, -0.000883811910171, 0.000120134965982, -0.00323380157351, 0.00981536787003, -0.00453825993463, -0.00148931425065, 0.00203495007008, -0.00255031115375, 0.00176731613465], [7.66650773585e-05, -0.00172855565324, 0.00131082499865, -0.00209738360718, 0.000204247393413, 0.000967756670434, -0.000226526608458, -0.00453825993463, 0.0162604283541, -0.0052146022208, -0.00143032288179, 0.00214940193109, 3.80556339223e-05], [-0.000267888244707, 0.00205092830583, -0.000348847417627, 0.00188414833974, -0.000721155607607, -0.00211150734685, 0.000925541040488, -0.00148931425065, -0.0052146022208, 0.0163207016885, -0.0062523339875, 0.00098760810215, 0.000343710824382], [0.000593416916672, -0.0026823321823, 1.1800692846e-05, -0.000787523982581, 0.000726058962755, 0.000947023334447, 0.000379608449293, 0.00203495007008, -0.00143032288179, -0.0062523339875, 0.0189952664077, -0.00854177772999, 0.00285430252552], [3.59068944817e-05, 0.00200492772274, 1.09161437649e-05, -0.000533316459041, 0.000946728221606, -0.00116784009151, 0.0018438892439, -0.00255031115375, 0.00214940193109, 0.00098760810215, -0.00854177772999, 0.0184939410537, -0.00573833379894], [0.000419058545958, -0.00118664652109, 0.000387368461816, -0.000812071783002, 0.000480290182168, 0.000503425195348, 0.000920977909118, 0.00176731613465, 3.80556339223e-05, 0.000343710824382, 0.00285430252552, -0.00573833379894, 0.0142258722335]]}, "melbands": {"dmean": [0.00567292515188, 0.00452490383759, 0.00106675946154, 0.000604402448516, 0.000362619786756, 0.000255102087976, 0.000340936006978, 0.000134462359711, 5.28528435098e-05, 6.21504877927e-05, 3.83157421311e-05, 3.87003747164e-05, 2.07346438401e-05, 1.58840794029e-05, 1.90860864677e-05, 1.73862117663e-05, 1.19316291602e-05, 8.20262448542e-06, 7.11709753887e-06, 6.6178608904e-06, 5.34482796866e-06, 4.63839160147e-06, 5.26592384631e-06, 3.03035130855e-06, 1.91428239305e-06, 1.99946498469e-06, 1.55650343459e-06, 1.3367991869e-06, 1.08894380446e-06, 1.10328880965e-06, 7.65321090057e-07, 7.24709423139e-07, 6.61552519432e-07, 6.02913814873e-07, 4.91362129651e-07, 3.79631131864e-07, 3.34082841391e-07, 3.14569263082e-07, 2.19241002242e-07, 2.24028397611e-07], "dmean2": [0.00977718643844, 0.00774554768577, 0.00185595906805, 0.00107602518983, 0.000525867159013, 0.000439363968326, 0.000560911488719, 0.000208722558455, 7.7147007687e-05, 8.3753351646e-05, 5.57876228413e-05, 6.48344357614e-05, 3.23095009662e-05, 2.53362595686e-05, 3.06357760564e-05, 2.70797190751e-05, 2.05130727409e-05, 1.25492806546e-05, 1.12196821647e-05, 1.13963242256e-05, 8.79672825249e-06, 7.35081675884e-06, 8.5174533524e-06, 5.18883098266e-06, 3.30154693984e-06, 3.33736898028e-06, 2.48748392551e-06, 2.12083273254e-06, 1.66619599895e-06, 1.67371376847e-06, 1.13594103368e-06, 1.07531184312e-06, 1.03290471998e-06, 8.92604930414e-07, 7.50695733132e-07, 5.93896174905e-07, 5.14874500368e-07, 4.79598043057e-07, 3.23464490748e-07, 3.28156033902e-07], "dvar": [0.000217231849092, 0.000126175480545, 4.30941690865e-06, 3.64811853615e-06, 5.2871519074e-07, 6.69174823997e-07, 8.47279636673e-07, 1.02767010901e-07, 1.07029949348e-08, 2.01456380466e-08, 9.49119183247e-09, 1.87640463167e-08, 4.01968280883e-09, 1.84449344687e-09, 3.22745696835e-09, 2.14910778062e-09, 2.26268759285e-09, 3.36548733326e-10, 2.90119150925e-10, 3.89242416077e-10, 2.40441722088e-10, 1.08228821738e-10, 1.0474636436e-10, 1.12015521858e-10, 2.9111268951e-11, 2.25390643649e-11, 1.31487615934e-11, 9.48879950308e-12, 5.28483767165e-12, 5.36243879162e-12, 2.91606452527e-12, 3.10031384246e-12, 2.12590448717e-12, 2.52595665738e-12, 1.64521445512e-12, 5.58602426468e-13, 5.14911626791e-13, 4.27164163416e-13, 1.91147539962e-13, 2.38230604948e-13], "dvar2": [0.000590690178797, 0.000349802139681, 1.22069031931e-05, 1.02273515949e-05, 1.22352844301e-06, 1.87456942058e-06, 2.23040910896e-06, 2.49479711556e-07, 2.63228674413e-08, 4.30950493069e-08, 2.07551593689e-08, 5.24878664976e-08, 9.57767731791e-09, 4.66269112209e-09, 8.34236590919e-09, 5.41712097402e-09, 6.44367714742e-09, 7.17391479554e-10, 7.13761993953e-10, 1.08446618352e-09, 5.84177317631e-10, 2.59729293628e-10, 2.53810250594e-10, 3.14467535345e-10, 8.0708523198e-11, 5.99297209081e-11, 3.34646685363e-11, 2.28025914123e-11, 1.20531388689e-11, 1.16878329931e-11, 6.48867765074e-12, 6.75911713752e-12, 5.14118478692e-12, 5.22908192441e-12, 3.09461831161e-12, 1.39379187445e-12, 1.17749126421e-12, 1.0214257825e-12, 4.49133812823e-13, 5.42803107149e-13], "max": [0.120317235589, 0.0850619375706, 0.0186798647046, 0.0190766062587, 0.0153536526486, 0.00902514159679, 0.014853102155, 0.0057437424548, 0.00112161168363, 0.00285369460471, 0.00126174383331, 0.00179377140012, 0.001047754311, 0.000881865387782, 0.000920232851058, 0.000630936701782, 0.000751188024879, 0.000623166211881, 0.000437561859144, 0.00032075739, 0.000355215801392, 0.000133751091198, 0.000162676995387, 0.000160737545229, 8.38866981212e-05, 7.88145480328e-05, 4.71288258268e-05, 4.96577886224e-05, 2.95431018458e-05, 3.22501109622e-05, 2.35760708165e-05, 3.16370860673e-05, 2.04169591598e-05, 4.21199765697e-05, 4.48539976787e-05, 1.09596294351e-05, 1.6778407371e-05, 1.08331769297e-05, 6.87608780936e-06, 5.46580304217e-06], "mean": [0.00696257455274, 0.00625774683431, 0.00158281472977, 0.000620011996944, 0.00105447368696, 0.000418844108935, 0.000390297151171, 0.000185682540177, 0.000116731920571, 0.000152104301378, 6.95405906299e-05, 5.80393680139e-05, 2.99724233628e-05, 2.50063148997e-05, 3.303462654e-05, 3.28023415932e-05, 1.46272304846e-05, 2.17586839426e-05, 1.59973660629e-05, 9.28971530811e-06, 6.89953685651e-06, 7.02292072674e-06, 8.06198477221e-06, 3.32113609147e-06, 2.27128566621e-06, 2.8920060231e-06, 2.23855954573e-06, 1.97729605134e-06, 1.74780279849e-06, 1.75793854851e-06, 1.17660397336e-06, 1.06777304154e-06, 9.99476924335e-07, 9.20479180877e-07, 7.63000059578e-07, 5.44499641819e-07, 4.67443442176e-07, 4.25598358333e-07, 3.23618792208e-07, 3.17366669833e-07], "median": [0.00381514430046, 0.00369336409494, 0.000908296089619, 0.000225802417845, 0.000503151677549, 0.000219704903429, 0.000104602484498, 5.42466368643e-05, 5.03186965943e-05, 3.747136725e-05, 1.43457655213e-05, 2.02344199352e-05, 9.14803695196e-06, 5.76257298235e-06, 7.71126542531e-06, 9.06974673853e-06, 2.42213809543e-06, 3.76718344341e-06, 3.1828367355e-06, 1.77637866727e-06, 1.85901785699e-06, 2.48959759119e-06, 3.30401144311e-06, 8.70026894972e-07, 6.90794990987e-07, 9.61221076068e-07, 7.39485130907e-07, 5.40848930086e-07, 4.82931170609e-07, 4.32652370819e-07, 2.14938367549e-07, 1.81001951205e-07, 1.69198415279e-07, 1.47946678908e-07, 1.43638658301e-07, 9.27345098489e-08, 7.04203131363e-08, 5.24107051092e-08, 4.56937172544e-08, 3.34738885499e-08], "min": [1.66108751374e-14, 5.85695923862e-15, 2.08327160454e-15, 1.59188036915e-15, 4.03647748838e-15, 4.56039447131e-15, 3.39868073734e-15, 1.20274587341e-14, 1.71015088077e-14, 7.44873235222e-15, 6.7477876009e-15, 3.6135636787e-15, 8.5175837466e-15, 5.06144791742e-15, 1.81854649171e-15, 2.0400117261e-15, 8.6193157917e-15, 6.46437842356e-15, 3.91959287089e-15, 2.64430959463e-15, 5.9770905334e-15, 3.02555255968e-15, 3.93132724183e-15, 4.83539176445e-15, 3.37025367636e-15, 5.81307615569e-15, 4.18345803352e-15, 3.6115020005e-15, 2.44969149302e-15, 2.16494696824e-15, 4.02461479196e-15, 3.30258612003e-15, 3.31454664876e-15, 3.90999683463e-15, 5.72750761681e-15, 2.84458947621e-15, 3.02548310298e-15, 2.15317024566e-15, 2.40205287776e-15, 3.38190186169e-15], "var": [0.000172736443346, 0.000102784717456, 4.34839967056e-06, 2.39657742895e-06, 2.20470883505e-06, 5.1881914942e-07, 7.82829943091e-07, 1.39466052929e-07, 2.42180426824e-08, 5.95561573391e-08, 1.87303221821e-08, 1.59827227009e-08, 4.83183626443e-09, 3.10910430734e-09, 5.14405984475e-09, 3.73749076132e-09, 1.62899382872e-09, 3.43851103146e-09, 1.26362753594e-09, 4.60860627438e-10, 3.72806646665e-10, 1.67187319544e-10, 1.61689411859e-10, 8.03935182314e-11, 2.42703981912e-11, 2.74203420386e-11, 1.74569508155e-11, 1.6116370391e-11, 9.85030806921e-12, 1.0338611911e-11, 5.92310922531e-12, 6.17769073744e-12, 4.71677514755e-12, 5.03538703789e-12, 3.88306617763e-12, 1.18427761087e-12, 1.09029538869e-12, 8.39746837605e-13, 3.90660675467e-13, 3.80483865985e-13]}, "mfcc": {"mean": [-711.797302246, 151.575820923, 14.2963972092, 26.3684310913, 3.31230783463, 1.82308411598, -3.3659157753, -0.425526499748, -2.28293180466, -0.0233387667686, -0.629275977612, 4.09020280838, 1.43961536884], "cov": [[12088.3310547, 107.551986694, 1056.24584961, 1029.43652344, 959.715148926, 1289.04467773, 882.482727051, 919.237487793, 788.788085938, 747.976501465, 457.858459473, 149.404678345, -60.483417511], [107.551986694, 1996.86669922, -259.492156982, 347.085174561, 383.698822021, 342.071868896, 314.893157959, 194.340774536, 140.64630127, 189.512817383, 129.518051147, 76.1499252319, 25.6959018707], [1056.24584961, -259.492156982, 855.96862793, 349.404205322, 322.951629639, 256.910430908, 278.357513428, 242.289428711, 205.387893677, 117.336921692, 108.757156372, 75.7284317017, 28.4195156097], [1029.43652344, 347.085174561, 349.404205322, 773.959777832, 361.062072754, 376.41973877, 305.500366211, 322.861602783, 251.288787842, 175.742553711, 100.509902954, 132.055999756, 26.3460540771], [959.715148926, 383.698822021, 322.951629639, 361.062072754, 539.238647461, 416.72555542, 359.775543213, 282.246704102, 231.957977295, 206.364730835, 141.374832153, 65.1486358643, 42.348072052], [1289.04467773, 342.071868896, 256.910430908, 376.41973877, 416.72555542, 564.440612793, 391.734405518, 312.505584717, 250.441452026, 219.43182373, 133.918334961, 69.6226501465, 22.3090515137], [882.482727051, 314.893157959, 278.357513428, 305.500366211, 359.775543213, 391.734405518, 416.183044434, 287.597625732, 232.027542114, 191.712341309, 137.364135742, 77.2534484863, 21.7996997833], [919.237487793, 194.340774536, 242.289428711, 322.861602783, 282.246704102, 312.505584717, 287.597625732, 325.856536865, 223.117965698, 161.689651489, 114.646514893, 79.6983184814, 23.1119747162], [788.788085938, 140.64630127, 205.387893677, 251.288787842, 231.957977295, 250.441452026, 232.027542114, 223.117965698, 255.779205322, 169.740646362, 102.110984802, 47.7253456116, 6.86319875717], [747.976501465, 189.512817383, 117.336921692, 175.742553711, 206.364730835, 219.43182373, 191.712341309, 161.689651489, 169.740646362, 236.760223389, 115.857223511, 22.1180000305, 7.43438339233], [457.858459473, 129.518051147, 108.757156372, 100.509902954, 141.374832153, 133.918334961, 137.364135742, 114.646514893, 102.110984802, 115.857223511, 191.067687988, 74.5621643066, 10.4595108032], [149.404678345, 76.1499252319, 75.7284317017, 132.055999756, 65.1486358643, 69.6226501465, 77.2534484863, 79.6983184814, 47.7253456116, 22.1180000305, 74.5621643066, 180.40284729, 42.685256958], [-60.483417511, 25.6959018707, 28.4195156097, 26.3460540771, 42.348072052, 22.3090515137, 21.7996997833, 23.1119747162, 6.86319875717, 7.43438339233, 10.4595108032, 42.685256958, 92.8901138306]], "icov": [[0.000126972736325, 2.95028057735e-05, -6.54167961329e-05, 5.61030390145e-07, 3.11955118377e-05, -0.000244608148932, 0.000169529448613, -0.000153932662215, -2.2460882974e-05, -0.000189729238627, -5.02278635395e-05, 1.24271394952e-07, 0.00015985131904], [2.95028057735e-05, 0.000831566983834, 0.000682462705299, -0.000349817215465, -0.000588193943258, 9.7150405054e-05, -0.000616019708104, 0.000182553718332, 0.000247687392402, -0.00012694777979, -0.000183221432962, -3.42825806001e-05, 5.18100605404e-05], [-6.54167961329e-05, 0.000682462705299, 0.00234460784122, -0.000647348701023, -0.00111419358291, 0.000717469665688, -0.0012136058649, 8.13884325908e-05, -0.000390397035517, 0.000675439834595, -0.000379090372007, 8.64052053657e-05, -0.000187133133295], [5.61030390145e-07, -0.000349817215465, -0.000647348701023, 0.00284114270471, -0.000400813209126, -0.00063323037466, 0.000963474216405, -0.00152718182653, -0.00065771501977, -0.000263842259301, 0.00109677400906, -0.00138971989509, 0.00056286691688], [3.11955118377e-05, -0.000588193943258, -0.00111419358291, -0.000400813209126, 0.00633891159669, -0.00207564537413, -0.0014745593071, -0.000158399212523, -0.000136309943628, -0.000656513147987, -0.000746709818486, 0.00102223723661, -0.00169136852492], [-0.000244608148932, 9.7150405054e-05, 0.000717469665688, -0.00063323037466, -0.00207564537413, 0.00708350585774, -0.00379471387714, -0.000920260907151, 7.11158718332e-05, -0.000573706580326, 0.000527354888618, 0.000198074863874, 2.87882885459e-05], [0.000169529448613, -0.000616019708104, -0.0012136058649, 0.000963474216405, -0.0014745593071, -0.00379471387714, 0.0114043978974, -0.00359186064452, -0.00143834541086, -0.000769358826801, -0.000572934106458, -0.000854882062413, 0.000804906303529], [-0.000153932662215, 0.000182553718332, 8.13884325908e-05, -0.00152718182653, -0.000158399212523, -0.000920260907151, -0.00359186064452, 0.0124452039599, -0.00476421974599, 0.000658644770738, -0.000631918606814, -0.000737529306207, -0.000993436318822], [-2.2460882974e-05, 0.000247687392402, -0.000390397035517, -0.00065771501977, -0.000136309943628, 7.11158718332e-05, -0.00143834541086, -0.00476421974599, 0.0132915265858, -0.00451480736956, -6.86199127813e-05, 9.96036251308e-05, 0.00113209604751], [-0.000189729238627, -0.00012694777979, 0.000675439834595, -0.000263842259301, -0.000656513147987, -0.000573706580326, -0.000769358826801, 0.000658644770738, -0.00451480736956, 0.0109239611775, -0.0036827523727, 0.00220925942995, -0.000907714362256], [-5.02278635395e-05, -0.000183221432962, -0.000379090372007, 0.00109677400906, -0.000746709818486, 0.000527354888618, -0.000572934106458, -0.000631918606814, -6.86199127813e-05, -0.0036827523727, 0.00977676734328, -0.0038074045442, 0.00127687840723], [1.24271394952e-07, -3.42825806001e-05, 8.64052053657e-05, -0.00138971989509, 0.00102223723661, 0.000198074863874, -0.000854882062413, -0.000737529306207, 9.96036251308e-05, 0.00220925942995, -0.0038074045442, 0.00891396496445, -0.00360382371582], [0.00015985131904, 5.18100605404e-05, -0.000187133133295, 0.00056286691688, -0.00169136852492, 2.87882885459e-05, 0.000804906303529, -0.000993436318822, 0.00113209604751, -0.000907714362256, 0.00127687840723, -0.00360382371582, 0.0130764897913]]}, "spectral_contrast_coeffs": {"dmean": [0.0513685792685, 0.0426088832319, 0.0387126728892, 0.0354542285204, 0.0267888400704, 0.0189815424383], "dmean2": [0.0847760885954, 0.0698525607586, 0.0612323582172, 0.0562169291079, 0.0417563058436, 0.0290317405015], "dvar": [0.00260784500279, 0.0016524954699, 0.0015717697097, 0.00141158583574, 0.000811637321021, 0.000377474236302], "dvar2": [0.00690662162378, 0.00423321966082, 0.00359927420504, 0.00324836955406, 0.00172193092294, 0.000830069417134], "max": [-0.21094840765, -0.3853726089, -0.493634074926, -0.513075351715, -0.575222432613, -0.581384956837], "mean": [-0.624901354313, -0.666569769382, -0.704892814159, -0.734097957611, -0.765898406506, -0.779470264912], "median": [-0.645824074745, -0.666167259216, -0.701200187206, -0.734382867813, -0.769835174084, -0.782553315163], "min": [-0.961171209812, -0.95493376255, -0.975680351257, -0.957847833633, -0.957116723061, -0.958935797215], "var": [0.0112491268665, 0.00540615525097, 0.00560473324731, 0.00602003280073, 0.00329316966236, 0.00223714136519]}, "spectral_contrast_valleys": {"dmean": [0.481967061758, 0.442621260881, 0.465862751007, 0.511259436607, 0.492012172937, 0.561901807785], "dmean2": [0.724030137062, 0.680000603199, 0.701644003391, 0.764600396156, 0.68861246109, 0.668174982071], "dvar": [0.323046118021, 0.3055382967, 0.355643689632, 0.481635272503, 0.456415235996, 0.491631120443], "dvar2": [0.536376655102, 0.551082909107, 0.646693766117, 0.950599253178, 0.873556315899, 0.914318919182], "max": [-4.82181167603, -4.40297365