{"lowlevel": {"average_loudness": 0.878838062286, "barkbands_crest": {"dmean": 2.63318347931, "dmean2": 3.9620115757, "dvar": 8.94923496246, "dvar2": 18.6399898529, "max": 26.3333816528, "mean": 11.5675792694, "median": 10.8958292007, "min": 1.79823207855, "var": 33.8515548706}, "barkbands_flatness_db": {"dmean": 0.0324923247099, "dmean2": 0.0425593294203, "dvar": 0.00131910003256, "dvar2": 0.00208045751788, "max": 0.42386752367, "mean": 0.164603814483, "median": 0.154724106193, "min": 0.0162828285247, "var": 0.00696980115026}, "barkbands_kurtosis": {"dmean": 8.10991764069, "dmean2": 12.0581922531, "dvar": 318.898651123, "dvar2": 610.945922852, "max": 272.274871826, "mean": 12.695936203, "median": 2.13830900192, "min": -1.98337221146, "var": 858.819213867}, "barkbands_skewness": {"dmean": 0.986965298653, "dmean2": 1.39518606663, "dvar": 1.59003007412, "dvar2": 2.81535315514, "max": 13.9710216522, "mean": 1.75881683826, "median": 1.29785788059, "min": -8.95409011841, "var": 7.24737882614}, "barkbands_spread": {"dmean": 13.1327943802, "dmean2": 20.1753768921, "dvar": 275.736633301, "dvar2": 602.005371094, "max": 135.000335693, "mean": 31.2753353119, "median": 25.1129150391, "min": 0.500073194504, "var": 631.553955078}, "dissonance": {"dmean": 0.0289541333914, "dmean2": 0.0463455915451, "dvar": 0.000780661590397, "dvar2": 0.00185039942153, "max": 0.5, "mean": 0.431604981422, "median": 0.443664968014, "min": 0.191093578935, "var": 0.00268022390082}, "dynamic_complexity": 4.46962928772, "erbbands_crest": {"dmean": 3.39469099045, "dmean2": 5.081843853, "dvar": 17.0903091431, "dvar2": 33.3459472656, "max": 32.9533348083, "mean": 13.1442947388, "median": 11.6982126236, "min": 2.28396010399, "var": 60.5599098206}, "erbbands_flatness_db": {"dmean": 0.0303508415818, "dmean2": 0.0386726744473, "dvar": 0.000969849177636, "dvar2": 0.00159094016999, "max": 0.408539026976, "mean": 0.174295812845, "median": 0.165716856718, "min": 0.0360609963536, "var": 0.00489880982786}, "erbbands_kurtosis": {"dmean": 4.09894275665, "dmean2": 6.15223503113, "dvar": 49.6873664856, "dvar2": 106.652290344, "max": 149.209075928, "mean": 5.78607082367, "median": 1.23845863342, "min": -1.92077565193, "var": 124.328231812}, "erbbands_skewness": {"dmean": 0.744127571583, "dmean2": 1.06193828583, "dvar": 0.759737372398, "dvar2": 1.48878347874, "max": 10.9638299942, "mean": 1.26408827305, "median": 0.973903238773, "min": -7.79808568954, "var": 3.4700357914}, "erbbands_spread": {"dmean": 18.2565364838, "dmean2": 28.2590370178, "dvar": 547.367980957, "dvar2": 1300.78613281, "max": 207.032089233, "mean": 44.2906074524, "median": 35.2577590942, "min": 2.09855246544, "var": 1063.23205566}, "hfc": {"dmean": 31.6332073212, "dmean2": 50.5691184998, "dvar": 5184.36328125, "dvar2": 13339.7275391, "max": 615.33380127, "mean": 43.0257110596, "median": 15.5926618576, "min": 1.16236319648e-16, "var": 5546.03222656}, "melbands_crest": {"dmean": 2.67201566696, "dmean2": 4.01940011978, "dvar": 8.76227664948, "dvar2": 18.0939502716, "max": 33.0580825806, "mean": 14.3861951828, "median": 13.8662252426, "min": 2.00865292549, "var": 36.1359405518}, "melbands_flatness_db": {"dmean": 0.0381208248436, "dmean2": 0.0475831888616, "dvar": 0.00214402773418, "dvar2": 0.00329009909183, "max": 0.520102918148, "mean": 0.205088883638, "median": 0.190852642059, "min": 0.00563123030588, "var": 0.0130262151361}, "melbands_kurtosis": {"dmean": 15.3253660202, "dmean2": 22.4802436829, "dvar": 1100.75012207, "dvar2": 2385.47143555, "max": 630.473388672, "mean": 29.2101802826, "median": 8.95614337921, "min": -1.72995364666, "var": 2828.55371094}, "melbands_skewness": {"dmean": 1.02317500114, "dmean2": 1.47526574135, "dvar": 2.07446885109, "dvar2": 4.34594154358, "max": 21.9778270721, "mean": 3.11231541634, "median": 2.28733658791, "min": -0.835377991199, "var": 7.15694618225}, "melbands_spread": {"dmean": 11.074429512, "dmean2": 16.591753006, "dvar": 401.424499512, "dvar2": 935.858337402, "max": 235.304962158, "mean": 27.222196579, "median": 15.6864290237, "min": 0.487754434347, "var": 940.598205566}, "pitch_salience": {"dmean": 0.0768336653709, "dmean2": 0.11472684145, "dvar": 0.00671339174733, "dvar2": 0.0129185086116, "max": 0.955410659313, "mean": 0.54981058836, "median": 0.540568947792, "min": 0.081430748105, "var": 0.0320738852024}, "silence_rate_20dB": {"dmean": 0, "dmean2": 0, "dvar": 0, "dvar2": 0, "max": 1, "mean": 1, "median": 1, "min": 1, "var": 0}, "silence_rate_30dB": {"dmean": 0.00897496473044, "dmean2": 0.0179541688412, "dvar": 0.00889415945858, "dvar2": 0.0228294301778, "max": 1, "mean": 0.993388414383, "median": 1, "min": 0, "var": 0.00656795641407}, "silence_rate_60dB": {"dmean": 0.0854983478785, "dmean2": 0.171037092805, "dvar": 0.0781924575567, "dvar2": 0.158790379763, "max": 1, "mean": 0.209445104003, "median": 0, "min": 0, "var": 0.165579319}, "spectral_centroid": {"dmean": 395.571105957, "dmean2": 590.039245605, "dvar": 437656.8125, "dvar2": 986344.8125, "max": 11166.5546875, "mean": 1461.46008301, "median": 1064.06237793, "min": 277.829956055, "var": 1365111.125}, "spectral_complexity": {"dmean": 3.97354745865, "dmean2": 5.79825162888, "dvar": 46.8937530518, "dvar2": 89.7549133301, "max": 56, "mean": 11.7010622025, "median": 7, "min": 0, "var": 119.948883057}, "spectral_decrease": {"dmean": 1.69314939846e-09, "dmean2": 2.33223396151e-09, "dvar": 8.41545596507e-18, "dvar2": 1.76638067064e-17, "max": 2.66227262458e-10, "mean": -3.87038490146e-09, "median": -2.58030641298e-09, "min": -3.33490959292e-08, "var": 2.04681061472e-17}, "spectral_energy": {"dmean": 0.00877833459526, "dmean2": 0.0124169280753, "dvar": 0.000238482345594, "dvar2": 0.000540068547707, "max": 0.159702390432, "mean": 0.0185103174299, "median": 0.0121249612421, "min": 1.01900993584e-20, "var": 0.000463230680907}, "spectral_energyband_high": {"dmean": 0.00261474074796, "dmean2": 0.00425514951348, "dvar": 3.74347109755e-05, "dvar2": 9.68310050666e-05, "max": 0.0514878220856, "mean": 0.0031456402503, "median": 0.000672271009535, "min": 7.36510227528e-21, "var": 3.88512344216e-05}, "spectral_energyband_low": {"dmean": 0.000795702508185, "dmean2": 0.00116376113147, "dvar": 7.80507070886e-06, "dvar2": 1.83040974662e-05, "max": 0.0594001449645, "mean": 0.000978024676442, "median": 1.05728568087e-05, "min": 3.26817657741e-23, "var": 1.05385888673e-05}, "spectral_energyband_middle_high": {"dmean": 0.00160913309082, "dmean2": 0.00222534802742, "dvar": 8.8878614406e-06, "dvar2": 1.86142478924e-05, "max": 0.0318258777261, "mean": 0.00364195974544, "median": 0.000737734604627, "min": 1.52726550964e-21, "var": 2.54170754488e-05}, "spectral_energyband_middle_low": {"dmean": 0.00498887198046, "dmean2": 0.00704193115234, "dvar": 8.0489582615e-05, "dvar2": 0.000168462283909, "max": 0.116740629077, "mean": 0.0112012038007, "median": 0.00620655855164, "min": 2.75343000616e-22, "var": 0.000200846465304}, "spectral_entropy": {"dmean": 0.360385209322, "dmean2": 0.440777748823, "dvar": 0.178500771523, "dvar2": 0.289917081594, "max": 9.8027639389, "mean": 7.32310771942, "median": 7.42863130569, "min": 4.64580535889, "var": 0.86003279686}, "spectral_flux": {"dmean": 0.0288811530918, "dmean2": 0.0423497520387, "dvar": 0.00153208768461, "dvar2": 0.00269182259217, "max": 0.326098173857, "mean": 0.06254709512, "median": 0.0430901385844, "min": 1.00946022374e-10, "var": 0.00321198720485}, "spectral_kurtosis": {"dmean": 2.54284691811, "dmean2": 3.51884913445, "dvar": 16.2758827209, "dvar2": 31.3428649902, "max": 61.9623184204, "mean": 5.3091711998, "median": 2.84329080582, "min": -1.59227657318, "var": 49.539226532}, "spectral_rms": {"dmean": 0.000900079205167, "dmean2": 0.00119490595534, "dvar": 1.52958602939e-06, "dvar2": 3.15102079185e-06, "max": 0.0124822761863, "mean": 0.00362110440619, "median": 0.003439364722, "min": 3.1530240658e-12, "var": 4.94640335091e-06}, "spectral_rolloff": {"dmean": 2115.19458008, "dmean2": 3705.10791016, "dvar": 12320069, "dvar2": 25581838, "max": 18970.7519531, "mean": 5018.31494141, "median": 1981.0546875, "min": 129.19921875, "var": 27246456}, "spectral_skewness": {"dmean": 0.393209904432, "dmean2": 0.518290758133, "dvar": 0.197339236736, "dvar2": 0.363099038601, "max": 6.40371179581, "mean": 1.86898362637, "median": 1.59659707546, "min": -0.144056424499, "var": 0.898865044117}, "spectral_spread": {"dmean": 1838905.125, "dmean2": 2582027.75, "dvar": 4339447627780.0, "dvar2": 8760331862020.0, "max": 40053620, "mean": 8312025, "median": 7435810, "min": 1140917, "var": 16659662241800.0}, "spectral_strongpeak": {"dmean": 0.842111766338, "dmean2": 1.37784564495, "dvar": 2.55158472061, "dvar2": 6.58359861374, "max": 19.960357666, "mean": 1.60399496555, "median": 1.01821005344, "min": 0, "var": 3.08077192307}, "zerocrossingrate": {"dmean": 0.0391521081328, "dmean2": 0.0414438098669, "dvar": 0.00186601572204, "dvar2": 0.00185964198317, "max": 0.5654296875, "mean": 0.160080388188, "median": 0.11181640625, "min": 0.01171875, "var": 0.0176792275161}, "barkbands": {"dmean": [6.12461963101e-06, 0.000502541952301, 0.000235173065448, 0.000276395818219, 0.00104614719748, 0.00204323837534, 0.00063928012969, 0.000572553428356, 0.00104437838309, 0.00061957759317, 0.000223528579227, 0.000108351669041, 0.000154134613695, 0.00027519260766, 0.000227332566283, 0.000124485115521, 0.000164075463545, 0.000107869673229, 0.000185060009244, 0.000132562345243, 0.000117756957479, 0.000162836135132, 0.000256987201283, 0.000416535447584, 0.000967281754129, 0.000505823118147, 0.000352757255314], "dmean2": [1.06610232251e-05, 0.000672031776048, 0.000427450722782, 0.000490573351271, 0.00164047640283, 0.0032798347529, 0.000910811009817, 0.000761183735449, 0.00148337893188, 0.000831402139738, 0.000311165116727, 0.000160172261531, 0.000226899326663, 0.000425373989856, 0.000345165317412, 0.000188527701539, 0.000256341067143, 0.000168934566318, 0.000302550994093, 0.000209595644264, 0.000179400944035, 0.000253660866292, 0.000422039622208, 0.000690680346452, 0.00161510403268, 0.000864425732289, 0.000589526083786], "dvar": [8.18135725833e-10, 4.19079469793e-06, 1.12574912237e-06, 1.25589826894e-06, 6.27646795692e-06, 2.29340384976e-05, 3.24920006278e-06, 2.69916540674e-06, 8.01522946858e-06, 2.99206567433e-06, 4.98824647366e-07, 5.01709784828e-08, 8.69357066335e-08, 3.40482870342e-07, 2.37979264739e-07, 6.57615615296e-08, 1.61144001254e-07, 5.05227006897e-08, 2.45655172648e-07, 1.04082623409e-07, 6.11821420193e-08, 1.11149375925e-07, 4.56699581264e-07, 1.47845321408e-06, 3.90192417399e-06, 2.20815195462e-06, 7.44828867028e-07], "dvar2": [2.2368942254e-09, 9.12341238291e-06, 3.21870879816e-06, 3.498478236e-06, 1.53860619321e-05, 5.55601582164e-05, 6.30654267297e-06, 4.59015609522e-06, 1.38152954605e-05, 4.96434768138e-06, 9.75040961748e-07, 1.09690830641e-07, 1.8875876151e-07, 8.03119121429e-07, 5.46058004147e-07, 1.57315668048e-07, 4.00866213113e-07, 1.26598322936e-07, 6.40987821043e-07, 2.61065110863e-07, 1.40632678836e-07, 2.60705974142e-07, 1.17655906706e-06, 3.91678213418e-06, 1.0236176422e-05, 5.97289363213e-06, 1.95128086489e-06], "max": [0.000667366490234, 0.0387508794665, 0.0248535722494, 0.0181512497365, 0.0352023541927, 0.0588051639497, 0.0363841950893, 0.0233434960246, 0.0391608290374, 0.0243248622864, 0.0164189320058, 0.00366091658361, 0.00509266462177, 0.00762568227947, 0.00718373339623, 0.00341181177646, 0.00696261692792, 0.00258046272211, 0.00632694642991, 0.00372004159726, 0.00342609430663, 0.00393676804379, 0.00762512674555, 0.0134573020041, 0.0177790783346, 0.0164193361998, 0.0103783812374], "mean": [5.54891721549e-06, 0.000722009688616, 0.00015514586994, 0.000190088278032, 0.00247937859967, 0.00348464399576, 0.000991942943074, 0.00105004373472, 0.00219302950427, 0.00120735005476, 0.000411680317484, 0.000242795635131, 0.000319832382957, 0.000455368630355, 0.000414241018007, 0.000251588557148, 0.000263794790953, 0.000182185496669, 0.000242871596129, 0.000210020880331, 0.000219442837988, 0.000278142571915, 0.000308220041916, 0.00041422600043, 0.00104867317714, 0.000437288777903, 0.000330741313519], "median": [1.65055226375e-07, 2.5388535505e-06, 3.16639670928e-06, 4.59763396066e-06, 0.00096846674569, 0.00119344820268, 0.00018963846378, 8.18881526357e-05, 0.000248631462455, 8.76897684066e-05, 2.55149825534e-05, 2.57436076936e-05, 5.65937407373e-05, 7.25613426766e-05, 6.38849160168e-05, 3.52764182026e-05, 2.86025224341e-05, 1.55788238771e-05, 2.07632165257e-05, 1.49658180817e-05, 1.01357718449e-05, 1.41582295328e-05, 2.22116759687e-05, 3.25323853758e-05, 0.000274017511401, 5.00362293678e-05, 4.24579811806e-05], "min": [4.67309170124e-24, 1.21021912483e-23, 1.59474148447e-23, 1.05664147499e-23, 5.36763805324e-23, 9.8329372445e-23, 4.9764217355e-23, 1.9329995186e-23, 4.11362152872e-23, 2.5181090116e-23, 4.06578531898e-23, 6.95100936994e-23, 1.12293201277e-22, 1.27924297098e-22, 1.37347461492e-22, 2.13279993676e-22, 1.21005759767e-22, 1.40699577603e-22, 3.9147993612e-22, 2.66816461838e-22, 3.26091268308e-22, 3.44134423098e-22, 6.55006078055e-22, 8.16088748598e-22, 1.13562992179e-21, 1.84048453697e-21, 2.30583421605e-21], "var": [6.20864415435e-10, 6.78188325764e-06, 6.56805298149e-07, 7.79367837822e-07, 1.32664908961e-05, 3.4385422623e-05, 7.34318427931e-06, 8.70853364177e-06, 2.35801544477e-05, 8.92323805601e-06, 1.22183746498e-06, 1.98095278847e-07, 2.64648974735e-07, 5.8353566601e-07, 4.77974310797e-07, 1.7095102578e-07, 2.48777752176e-07, 9.57715187155e-08, 2.53447211662e-07, 1.51139886384e-07, 1.57476833351e-07, 2.57456406416e-07, 4.65551977413e-07, 1.22955714232e-06, 3.93891559725e-06, 1.71031399532e-06, 6.99734357568e-07]}, "erbbands": {"dmean": [0.0131929479539, 0.119379684329, 0.2471100986, 0.681893527508, 1.86554300785, 4.06759881973, 7.08857107162, 19.6851787567, 14.5768222809, 10.3511352539, 11.0749788284, 27.4118461609, 20.8111209869, 12.7852525711, 7.26678323746, 4.55125284195, 7.13525247574, 13.6047029495, 11.3296451569, 9.69835853577, 6.864112854, 7.91264057159, 6.46944856644, 6.44302558899, 9.90839958191, 6.67705917358, 5.1405172348, 4.53320550919, 5.77536296844, 5.87017059326, 7.73883152008, 10.2587490082, 5.93223142624, 5.62136125565, 10.6509141922, 2.65682983398, 0.905354440212, 0.292532414198, 0.0737015455961, 0.00273132231086], "dmean2": [0.0171035397798, 0.164338454604, 0.4314494133, 1.19665873051, 3.11648750305, 6.46324110031, 11.1941680908, 32.1177635193, 21.4043121338, 13.6882343292, 15.0207662582, 38.8955039978, 27.5424594879, 17.9938278198, 9.78985881805, 6.42954969406, 10.3916826248, 20.4648189545, 16.8162727356, 15.0506210327, 10.3016414642, 12.5450382233, 10.1226482391, 10.1591510773, 16.4706459045, 10.5948019028, 8.09652805328, 6.78737449646, 9.02571105957, 9.24820899963, 12.797785759, 17.3300933838, 9.60289478302, 9.38560581207, 17.9715557098, 4.50525760651, 1.53719127178, 0.506339371204, 0.12308550626, 0.00451222294942], "dvar": [0.00267293862998, 0.245606079698, 1.27131891251, 6.67109251022, 32.5750923157, 101.440467834, 190.202896118, 2205.04199219, 1869.66247559, 745.639282227, 771.338928223, 6085.88623047, 3733.57641602, 1679.55029297, 314.917388916, 90.5419464111, 182.341079712, 774.769958496, 669.01171875, 407.453399658, 193.491241455, 429.796844482, 207.565322876, 208.693908691, 766.206298828, 273.671630859, 142.186981201, 81.3246459961, 140.739334106, 175.800064087, 432.394500732, 1091.61901855, 233.247711182, 268.227905273, 421.950561523, 49.2637062073, 6.39474916458, 0.787324547768, 0.0269673708826, 4.54659784737e-05], "dvar2": [0.00556666776538, 0.551207482815, 3.57785868645, 18.5490989685, 83.4654998779, 254.27166748, 430.900909424, 5454.20947266, 3863.34667969, 1269.10827637, 1252.80236816, 10696.8740234, 6009.02441406, 3111.03564453, 572.38885498, 186.234680176, 406.905700684, 1741.35119629, 1531.97546387, 1021.20306396, 461.148986816, 1099.07250977, 521.018310547, 515.376342773, 2034.34753418, 692.184753418, 350.581787109, 180.526794434, 334.425018311, 429.98928833, 1112.30273438, 2927.01733398, 605.31640625, 712.549438477, 1117.73962402, 134.197479248, 17.1077003479, 2.11935806274, 0.0703978687525, 0.000116624512884], "max": [0.742763996124, 9.78019332886, 26.7717494965, 49.249835968, 89.6037445068, 133.988845825, 192.693527222, 572.135498047, 738.856811523, 530.38885498, 573.292602539, 1078.11669922, 951.912475586, 687.271789551, 379.672851562, 177.592712402, 202.267700195, 409.831359863, 402.924194336, 335.192840576, 191.269195557, 276.523010254, 179.547470093, 169.254318237, 358.699493408, 193.129302979, 185.307540894, 122.34866333, 144.48248291, 138.281173706, 219.08732605, 440.915161133, 171.064041138, 172.501586914, 213.022521973, 83.7598342896, 24.8574676514, 8.80892848969, 2.101303339, 0.0657481625676], "mean": [0.0197968836874, 0.166217386723, 0.19183793664, 0.477452605963, 1.63475751877, 10.1746997833, 18.1614341736, 30.9924297333, 21.1678066254, 18.7475166321, 22.8046283722, 58.9970321655, 43.5899238586, 23.5757770538, 14.9589681625, 10.7942743301, 15.8357086182, 24.4421920776, 20.61028862, 18.0751247406, 14.3292503357, 12.8814058304, 11.0770978928, 10.515296936, 12.6294193268, 10.5067977905, 8.85157012939, 8.65934276581, 9.82530784607, 9.25831031799, 8.6477060318, 9.09456729889, 6.7351770401, 5.50800228119, 11.4463272095, 2.58031797409, 0.805848181248, 0.23353895545, 0.0730822831392, 0.00263157812878], "median": [7.32967382646e-05, 0.000675658753607, 0.00374439358711, 0.0176586583257, 0.266154170036, 3.35256052017, 7.79877758026, 10.1002912521, 4.11848020554, 2.97737002373, 3.78710627556, 7.61734580994, 7.10145187378, 2.83383393288, 1.79073417187, 1.60784196854, 2.89423298836, 3.96678900719, 2.62154126167, 3.61765909195, 2.06336307526, 1.32946920395, 1.19184315205, 0.941069424152, 1.00019693375, 0.764231443405, 0.492139220238, 0.378555208445, 0.472327739, 0.795806467533, 0.465586960316, 0.44498732686, 0.69394749403, 0.487848758698, 3.10610628128, 0.50573694706, 0.115292780101, 0.0164857842028, 0.0115783642977, 0.000340014783433], "min": [4.15279831765e-22, 2.61748016638e-21, 1.13567406771e-20, 2.72929438646e-20, 1.21901942914e-19, 1.49774207244e-19, 6.32070419543e-19, 7.76398340387e-19, 5.0290627029e-19, 7.74460566405e-19, 4.29784434719e-19, 9.92289998722e-19, 7.77113386328e-19, 9.71381250981e-19, 2.21993418162e-18, 3.25639665902e-18, 5.53251522259e-18, 4.93971747737e-18, 9.93155395079e-18, 6.40695886739e-18, 1.17039604667e-17, 6.5432203297e-18, 8.38620603143e-18, 1.64430601758e-17, 1.68123979737e-17, 1.47299062615e-17, 1.12745486769e-17, 1.41295121031e-17, 1.33707550436e-17, 1.25307771198e-17, 2.10732086176e-17, 1.57757107099e-17, 1.3582735792e-17, 1.22357499195e-17, 8.38757749688e-18, 6.26898390045e-18, 3.99377399478e-18, 1.21995005903e-18, 3.44595042136e-19, 3.41302184752e-20], "var": [0.00482833990827, 0.369670838118, 0.823482275009, 4.20291090012, 25.2352027893, 231.090423584, 570.593078613, 2951.36621094, 3626.78710938, 2111.79467773, 3003.19702148, 17320.6445312, 11979.9296875, 4059.05395508, 853.620422363, 365.349121094, 617.531677246, 1598.11486816, 1253.92382812, 783.370117188, 505.293029785, 561.440612793, 358.099639893, 329.931030273, 726.521179199, 385.298736572, 261.542266846, 244.084762573, 319.394958496, 294.118103027, 415.717071533, 802.422912598, 239.879394531, 219.067398071, 432.260620117, 40.6000900269, 5.16527366638, 0.594365596771, 0.0268589984626, 4.75440501759e-05]}, "gfcc": {"mean": [-52.9426231384, 12.6275234222, -95.6368560791, -29.9551887512, -71.4850692749, -12.8942108154, -58.4509315491, -1.57501590252, -28.8710327148, 5.4669213295, -18.0225257874, 1.43881583214, -3.23906207085], "cov": [[20510.5351562, -1547.56872559, -1064.30407715, 1244.94482422, -105.246070862, 761.808227539, 318.248413086, 409.157867432, 109.716285706, 117.293113708, 36.5498695374, 83.0732269287, -144.577713013], [-1547.56872559, 2572.57666016, -62.4918670654, -130.736831665, -46.1658935547, -405.010437012, -218.552001953, -170.550338745, 11.3060722351, -2.05069208145, 169.23739624, 103.933349609, 284.822998047], [-1064.30407715, -62.4918670654, 2066.71923828, 68.9767913818, 392.239990234, 1.63778436184, -155.332260132, 130.990722656, 16.2545108795, 138.676437378, 84.2789382935, 46.7583847046, 45.367980957], [1244.94482422, -130.736831665, 68.9767913818, 829.70892334, 87.9983215332, 161.886459351, 93.6217498779, -52.350944519, 32.1512298584, 14.325922966, 122.064979553, 62.8752937317, -17.7100028992], [-105.246070862, -46.1658935547, 392.239990234, 87.9983215332, 373.247802734, 181.573303223, 124.642654419, 128.722122192, 35.1744880676, 72.256942749, 38.8328590393, 42.8940887451, 5.84521818161], [761.808227539, -405.010437012, 1.63778436184, 161.886459351, 181.573303223, 382.818878174, 246.325836182, 192.824829102, 80.1092071533, 32.2188949585, -19.1671333313, 12.5533723831, -38.2079238892], [318.248413086, -218.552001953, -155.332260132, 93.6217498779, 124.642654419, 246.325836182, 303.000732422, 171.337905884, 96.2060394287, 11.2622098923, -34.3058204651, -11.6915912628, -35.9603309631], [409.157867432, -170.550338745, 130.990722656, -52.350944519, 128.722122192, 192.824829102, 171.337905884, 269.466552734, 112.746780396, 62.3510627747, -41.2038040161, -18.8796463013, -33.4568634033], [109.716285706, 11.3060722351, 16.2545108795, 32.1512298584, 35.1744880676, 80.1092071533, 96.2060394287, 112.746780396, 130.226913452, 40.6870002747, 10.7860517502, -17.3755264282, -21.5918693542], [117.293113708, -2.05069208145, 138.676437378, 14.325922966, 72.256942749, 32.2188949585, 11.2622098923, 62.3510627747, 40.6870002747, 110.590431213, 56.075428009, 43.6147232056, 10.8267908096], [36.5498695374, 169.23739624, 84.2789382935, 122.064979553, 38.8328590393, -19.1671333313, -34.3058204651, -41.2038040161, 10.7860517502, 56.075428009, 133.119262695, 78.7127532959, 44.7480049133], [83.0732269287, 103.933349609, 46.7583847046, 62.8752937317, 42.8940887451, 12.5533723831, -11.6915912628, -18.8796463013, -17.3755264282, 43.6147232056, 78.7127532959, 121.053268433, 75.9745864868], [-144.577713013, 284.822998047, 45.367980957, -17.7100028992, 5.84521818161, -38.2079238892, -35.9603309631, -33.4568634033, -21.5918693542, 10.8267908096, 44.7480049133, 75.9745864868, 136.323181152]], "icov": [[6.71235247864e-05, 2.48840915447e-05, 6.04881497566e-05, -0.000130235654069, 6.46655680612e-05, -8.43288798933e-05, 0.000167264326592, -0.000261406326899, 0.00011469997844, -5.02234361193e-05, -1.81689101737e-05, 1.09874645204e-05, -4.22970333602e-05], [2.48840915447e-05, 0.000734837376513, 0.000185414828593, -4.69947153761e-05, -0.000477857945953, 0.000886577181518, 0.000234977487708, -0.000340614758898, -0.0006953534903, 0.000582033069804, -0.0007607472362, 0.000480829185108, -0.00150398525875], [6.04881497566e-05, 0.000185414828593, 0.000942654907703, -0.000340062309988, -0.00112827518024, 0.000319240789395, 0.00146088853944, -0.00112733233254, -0.000108366475615, -7.00144300936e-05, -0.000149029874592, 0.000460896379082, -0.0006541358307], [-0.000130235654069, -4.69947153761e-05, -0.000340062309988, 0.002193846507, 6.76675408613e-05, -0.00104379060213, -0.0009905960178, 0.0020729387179, -0.000791876809672, 0.00073534657713, -0.00185142271221, -0.000310701550916, 0.000907296838704], [6.46655680612e-05, -0.000477857945953, -0.00112827518024, 6.76675408613e-05, 0.00604837108403, -0.00218251743354, -0.00227315840311, -0.000541537767276, 0.00279269134626, -0.00187591975555, -0.00125137576833, -0.000149474770296, 0.000933057512157], [-8.43288798933e-05, 0.000886577181518, 0.000319240789395, -0.00104379060213, -0.00218251743354, 0.00898066256195, -0.00344498129562, -0.00333434483036, -8.93617689144e-05, 0.00151021569036, 0.000171985011548, -0.00158167781774, -0.000609118957072], [0.000167264326592, 0.000234977487708, 0.00146088853944, -0.0009905960178, -0.00227315840311, -0.00344498129562, 0.0111997947097, -0.00346225383691, -0.0036757576745, 0.00231347465888, 0.00152106210589, -0.000632658833638, -0.00060447625583], [-0.000261406326899, -0.000340614758898, -0.00112733233254, 0.0020729387179, -0.000541537767276, -0.00333434483036, -0.00346225383691, 0.0147335585207, -0.00696421880275, -0.00523523241282, 0.00578682636842, -0.00111091614235, 0.000902579631656], [0.00011469997844, -0.0006953534903, -0.000108366475615, -0.000791876809672, 0.00279269134626, -8.93617689144e-05, -0.0036757576745, -0.00696421880275, 0.0184006430209, -0.00355464662425, -0.00604750448838, 0.00611770292744, 0.000456421956187], [-5.02234361193e-05, 0.000582033069804, -7.00144300936e-05, 0.00073534657713, -0.00187591975555, 0.00151021569036, 0.00231347465888, -0.00523523241282, -0.00355464662425, 0.0192375760525, -0.00721780350432, -0.0046117361635, 0.0015271975426], [-1.81689101737e-05, -0.0007607472362, -0.000149029874592, -0.00185142271221, -0.00125137576833, 0.000171985011548, 0.00152106210589, 0.00578682636842, -0.00604750448838, -0.00721780350432, 0.0219935458153, -0.0103179421276, 0.00144890625961], [1.09874645204e-05, 0.000480829185108, 0.000460896379082, -0.000310701550916, -0.000149474770296, -0.00158167781774, -0.000632658833638, -0.00111091614235, 0.00611770292744, -0.0046117361635, -0.0103179421276, 0.0236632227898, -0.0105288457125], [-4.22970333602e-05, -0.00150398525875, -0.0006541358307, 0.000907296838704, 0.000933057512157, -0.000609118957072, -0.00060447625583, 0.000902579631656, 0.000456421956187, 0.0015271975426, 0.00144890625961, -0.0105288457125, 0.0159631110728]]}, "melbands": {"dmean": [0.000134934627567, 0.000136247763294, 0.000140735632158, 0.000209129560972, 0.000243611837504, 0.000436678994447, 0.000205031989026, 0.0001203317006, 0.000113978290756, 0.000157901566126, 9.97537063085e-05, 5.10500794917e-05, 2.49379263551e-05, 1.53443361341e-05, 1.36090593514e-05, 1.43491997733e-05, 2.90302086796e-05, 1.8174530851e-05, 1.66240024555e-05, 1.01285950223e-05, 8.25475945021e-06, 8.09048469819e-06, 8.23847949505e-06, 4.81254937768e-06, 5.03711771671e-06, 8.27121039038e-06, 5.21834726896e-06, 4.44298211733e-06, 3.46470460499e-06, 2.60675210484e-06, 2.72254942502e-06, 3.21201741826e-06, 3.48683784068e-06, 3.28318537868e-06, 3.67814459423e-06, 7.12701739758e-06, 5.6070912251e-06, 4.00210001317e-06, 4.15238764617e-06, 4.81428651256e-06], "dmean2": [0.000176849600393, 0.000215798107092, 0.00024127017241, 0.000339445512509, 0.000371236470528, 0.000700772507116, 0.000302344851661, 0.000158139038831, 0.000156183872605, 0.000223857176024, 0.000131812877953, 7.24557758076e-05, 3.45954249497e-05, 2.12569466385e-05, 1.96644159587e-05, 2.1088457288e-05, 4.39333707618e-05, 2.7522626624e-05, 2.52878999163e-05, 1.56352361955e-05, 1.24868392959e-05, 1.27102530314e-05, 1.32164959723e-05, 7.5401662798e-06, 7.87982662587e-06, 1.39246931212e-05, 8.46623879625e-06, 7.0798159868e-06, 5.50504319108e-06, 3.93161190004e-06, 4.11165183323e-06, 5.01084559801e-06, 5.5239138419e-06, 5.21945958099e-06, 6.0315724113e-06, 1.20079957924e-05, 9.53181552177e-06, 6.46075704935e-06, 6.8802783062e-06, 8.13890619611e-06], "dvar": [2.87715607783e-07, 3.24589791489e-07, 2.42727224986e-07, 3.00551874943e-07, 2.35527409131e-07, 1.1079300748e-06, 3.60494937013e-07, 1.11967359828e-07, 7.28810150008e-08, 1.87819622965e-07, 9.23276033404e-08, 2.96695343849e-08, 4.24928936482e-09, 9.47364298121e-10, 6.75857203536e-10, 8.58100812628e-10, 3.70457819976e-09, 1.95867921882e-09, 1.45666356755e-09, 4.28371588201e-10, 2.85980822357e-10, 4.03128808113e-10, 4.86991891258e-10, 9.53323739394e-11, 1.27268376393e-10, 5.93972593332e-10, 1.92134877453e-10, 1.24236163024e-10, 6.7141861515e-11, 3.01046999829e-11, 3.12185728657e-11, 4.22086116059e-11, 5.59082155571e-11, 6.34823860146e-11, 8.946662855e-11, 5.23107224204e-10, 3.32279037618e-10, 9.78332206913e-11, 1.38850750342e-10, 2.25587520886e-10], "dvar2": [6.03272837907e-07, 8.48591184877e-07, 6.60647458517e-07, 7.68969130149e-07, 5.07007200667e-07, 2.68726944341e-06, 7.46327543766e-07, 1.91585598941e-07, 1.20741390219e-07, 3.28836421204e-07, 1.49175988895e-07, 5.4453423104e-08, 8.5469276101e-09, 1.8689680914e-09, 1.46039191851e-09, 1.91991933463e-09, 8.37214919613e-09, 4.74435113418e-09, 3.42328876357e-09, 1.06402520128e-09, 6.87260359733e-10, 1.01696606691e-09, 1.28519883624e-09, 2.3360485768e-10, 3.16107195975e-10, 1.58846036324e-09, 5.01194530322e-10, 3.16468351524e-10, 1.69099470537e-10, 6.9756436738e-11, 7.17212608747e-11, 1.00198058184e-10, 1.3662643239e-10, 1.60760779688e-10, 2.29547769681e-10, 1.40213096689e-09, 8.93508378397e-10, 2.50211490416e-10, 3.71381758679e-10, 6.02090988178e-10], "max": [0.0091839088127, 0.013132344, 0.00810634158552, 0.00893731974065, 0.00775982858613, 0.0133690834045, 0.0101292580366, 0.00610125018284, 0.00434808759019, 0.00580462114885, 0.00470871850848, 0.00303686689585, 0.00107564323116, 0.000558951694984, 0.000460984912934, 0.000576519872993, 0.000928435532842, 0.000667438725941, 0.000776597182266, 0.000292967073619, 0.000221880924073, 0.000274669117061, 0.000378979602829, 0.000122717901831, 0.000143335055327, 0.000321856699884, 0.000192204664927, 0.000133441528305, 0.000123396574054, 7.97897446319e-05, 6.1766593717e-05, 7.47515878174e-05, 7.94721709099e-05, 0.0001116148851, 9.16393983061e-05, 0.00030341965612, 0.000268965522991, 0.000127685154439, 0.000127579187392, 0.000147824757732], "mean": [0.000199996124138, 0.00014421135711, 0.000102834375866, 0.000363859173376, 0.000694335496519, 0.000703858444467, 0.000294132216368, 0.000218650820898, 0.000237135289353, 0.000339094636729, 0.000203516785405, 8.99628794286e-05, 4.79588088638e-05, 3.42880885e-05, 3.07626105496e-05, 2.98969116557e-05, 4.94696505484e-05, 3.08366252284e-05, 2.98173217743e-05, 1.99071855604e-05, 1.65934070537e-05, 1.33259627546e-05, 1.25204878714e-05, 8.48360832606e-06, 8.21207686386e-06, 9.787635463e-06, 7.64635115047e-06, 6.79116374158e-06, 5.68623454456e-06, 4.89262993142e-06, 5.03705223309e-06, 5.4741576605e-06, 5.60106491321e-06, 4.93499601362e-06, 4.3441359594e-06, 6.43889825369e-06, 4.9233954087e-06, 4.69763972433e-06, 4.35879928773e-06, 4.29886131315e-06], "median": [6.75122748817e-07, 1.6191368104e-06, 3.131317726e-06, 0.000115498856758, 0.000287486589514, 0.000227168668061, 5.25591094629e-05, 2.74351968983e-05, 3.00529027299e-05, 4.40379553766e-05, 1.67909674929e-05, 6.72752912578e-06, 4.71958810522e-06, 3.73114858121e-06, 4.67307836516e-06, 5.23931794305e-06, 7.56871895646e-06, 3.98260226575e-06, 4.37929202235e-06, 3.42705561707e-06, 1.88989986327e-06, 1.21548850984e-06, 1.397636197e-06, 6.66335438382e-07, 7.22234176465e-07, 8.04427486401e-07, 5.45199497992e-07, 4.72131034712e-07, 3.32507823941e-07, 2.36399799292e-07, 2.04509433388e-07, 2.41896543685e-07, 3.07717414216e-07, 4.76914806313e-07, 2.28315400363e-07, 2.43651840037e-07, 2.35938941273e-07, 5.69781889226e-07, 2.34036690472e-07, 1.41120182207e-07], "min": [4.10244747177e-24, 5.7111107735e-24, 8.1036257137e-24, 9.4566120963e-24, 1.83354671988e-23, 1.71344564473e-23, 8.89810409743e-24, 7.61772052824e-24, 2.80084354424e-24, 6.98708697681e-24, 3.77842956027e-24, 3.70214000542e-24, 6.40341313177e-24, 7.64861784332e-24, 1.0578704414e-23, 1.13006462486e-23, 8.03096768003e-24, 1.65088376846e-23, 9.22736438408e-24, 1.19384497568e-23, 1.3640149736e-23, 6.54563094792e-24, 6.16257350298e-24, 8.85310826026e-24, 1.41042949822e-23, 1.19750442253e-23, 1.07993716861e-23, 9.4026516438e-24, 6.61972786388e-24, 6.91086171412e-24, 8.03487569695e-24, 7.05710705962e-24, 7.70220122031e-24, 6.31749907945e-24, 1.22806118636e-23, 1.22101697402e-23, 8.44565134752e-24, 9.31740733438e-24, 9.32084440135e-24, 1.1164836744e-23], "var": [5.04199022089e-07, 3.07087901774e-07, 1.61687054856e-07, 3.74764766775e-07, 8.60022112192e-07, 1.58527575422e-06, 7.02623481175e-07, 3.17594981425e-07, 2.55928682691e-07, 5.40078133326e-07, 2.93701276632e-07, 7.14841732474e-08, 1.00807451275e-08, 3.58185014981e-09, 2.62264077122e-09, 2.52540099943e-09, 7.17690573637e-09, 3.0400035822e-09, 2.77023004536e-09, 9.71804858807e-10, 7.17340076228e-10, 5.82155712525e-10, 5.71493685708e-10, 2.01816008349e-10, 2.0358520425e-10, 5.08812603162e-10, 2.25527360675e-10, 1.68111052856e-10, 1.10838505041e-10, 7.9940179476e-11, 8.44183473125e-11, 9.96447993562e-11, 1.0935449074e-10, 8.97923263521e-11, 9.68573485305e-11, 3.87089998943e-10, 2.42730446853e-10, 1.10851251789e-10, 1.22719043261e-10, 1.72098751916e-10]}, "mfcc": {"mean": [-718.309814453, 88.1427993774, -0.594955861568, -12.6251754761, -9.57825565338, -17.6096172333, -23.866235733, -18.9649391174, -14.4993019104, -4.844602108, -8.0503950119, -10.1109457016, -6.49191141129], "cov": [[17519.453125, -2027.24072266, -969.338500977, 364.171264648, -178.755874634, 491.281311035, 453.914031982, 511.874816895, 360.676177979, 181.108322144, 230.676452637, 110.540542603, 21.0492343903], [-2027.24072266, 2399.90039062, 201.121963501, 45.6472053528, 102.936775208, -266.055999756, -264.786132812, -238.812194824, -179.814956665, -19.6534690857, -101.037330627, -75.2435073853, 20.9806880951], [-969.338500977, 201.121963501, 1160.3548584, 364.738433838, 397.475494385, 43.3931732178, 39.4556503296, -13.7885656357, -35.1324691772, 89.8811569214, -15.2876844406, 16.1508216858, 60.3843269348], [364.171264648, 45.6472053528, 364.738433838, 440.85748291, 217.397918701, 102.775688171, 64.0867538452, 0.915957570076, -42.9182281494, 7.44570350647, -1.05662238598, 31.2561702728, 55.1986656189], [-178.755874634, 102.936775208, 397.475494385, 217.397918701, 321.025787354, 115.779808044, 104.773139954, 61.1182098389, 20.7630901337, 65.735496521, 21.4522743225, 47.5559616089, 73.8125076294], [491.281311035, -266.055999756, 43.3931732178, 102.775688171, 115.779808044, 211.012832642, 175.683883667, 143.828735352, 92.3818969727, 48.0740776062, 39.3798904419, 45.9626312256, 56.5165672302], [453.914031982, -264.786132812, 39.4556503296, 64.0867538452, 104.773139954, 175.683883667, 231.913772583, 186.733016968, 132.230224609, 74.2985916138, 50.3529777527, 50.3169517517, 48.7373161316], [511.874816895, -238.812194824, -13.7885656357, 0.915957570076, 61.1182098389, 143.828735352, 186.733016968, 252.678695679, 186.295089722, 122.690200806, 82.4519271851, 56.4372444153, 36.5735588074], [360.676177979, -179.814956665, -35.1324691772, -42.9182281494, 20.7630901337, 92.3818969727, 132.230224609, 186.295089722, 211.534591675, 134.302749634, 83.9109268188, 46.4230041504, 11.6817741394], [181.108322144, -19.6534690857, 89.8811569214, 7.44570350647, 65.735496521, 48.0740776062, 74.2985916138, 122.690200806, 134.302749634, 175.773071289, 98.979385376, 42.0231323242, 7.81529521942], [230.676452637, -101.037330627, -15.2876844406, -1.05662238598, 21.4522743225, 39.3798904419, 50.3529777527, 82.4519271851, 83.9109268188, 98.979385376, 118.945098877, 70.8544158936, 20.5801105499], [110.540542603, -75.2435073853, 16.1508216858, 31.2561702728, 47.5559616089, 45.9626312256, 50.3169517517, 56.4372444153, 46.4230041504, 42.0231323242, 70.8544158936, 120.466827393, 82.4434661865], [21.0492343903, 20.9806880951, 60.3843269348, 55.1986656189, 73.8125076294, 56.5165672302, 48.7373161316, 36.5735588074, 11.6817741394, 7.81529521942, 20.5801105499, 82.4434661865, 135.420211792]], "icov": [[7.54023421905e-05, 4.89947924507e-05, 9.49126042542e-05, -0.000168082755408, 6.33981690044e-05, -3.55966840289e-05, 1.83831853064e-05, -8.21114372229e-05, 2.15651871258e-05, -0.000106157822302, -4.24380505137e-06, 6.44954634481e-05, -3.16139485221e-05], [4.89947924507e-05, 0.000645196589176, 0.000238894499489, -0.000198852620088, -0.000591416086536, 0.000863654073328, 0.000353590789018, 8.17522504803e-06, 9.45247957134e-05, -0.000688514730427, 0.000467310310341, 0.000499917834532, -0.000644375802949], [9.49126042542e-05, 0.000238894499489, 0.00204909779131, -0.000980339478701, -0.00212368927896, 0.0011976279784, 8.73653843882e-05, 0.000142857126775, 0.000199645204702, -0.00165477907285, 0.00125478149857, 0.000246917479672, -0.000240906476392], [-0.000168082755408, -0.000198852620088, -0.000980339478701, 0.00454785535112, -0.00138379086275, -0.00206829677336, -0.000132480505272, 0.000624062027782, 0.00148296821862, 0.000414866430219, -0.000411576824263, -0.000731666164938, 0.000493011728395], [6.33981690044e-05, -0.000591416086536, -0.00212368927896, -0.00138379086275, 0.00945830531418, -0.00345324608497, -0.001922005089, 0.000254996790318, 0.00192046328448, -0.00253224093467, 0.000811680278275, -0.00124715815764, -0.000882159511093], [-3.55966840289e-05, 0.000863654073328, 0.0011976279784, -0.00206829677336, -0.00345324608497, 0.0171704851091, -0.00829428900033, -0.00184360309504, -0.000879645464011, 0.00195538415574, -0.00139996130019, 0.00266889831983, -0.00306900287978], [1.83831853064e-05, 0.000353590789018, 8.73653843882e-05, -0.000132480505272, -0.001922005089, -0.00829428900033, 0.0186912398785, -0.00787016469985, -0.00205917120911, 0.00140094163362, 0.00158900371753, -0.000700174539816, 0.00014674681006], [-8.21114372229e-05, 8.17522504803e-06, 0.000142857126775, 0.000624062027782, 0.000254996790318, -0.00184360309504, -0.00787016469985, 0.0190816260874, -0.00908736139536, -0.0021127271466, -0.00113852985669, 0.000663130835164, -0.00132202287205], [2.15651871258e-05, 9.45247957134e-05, 0.000199645204702, 0.00148296821862, 0.00192046328448, -0.000879645464011, -0.00205917120911, -0.00908736139536, 0.0203470978886, -0.00963267777115, 0.00217230711132, -0.00278360839002, 0.00196943664923], [-0.000106157822302, -0.000688514730427, -0.00165477907285, 0.000414866430219, -0.00253224093467, 0.00195538415574, 0.00140094163362, -0.0021127271466, -0.00963267777115, 0.0222048629075, -0.0144999176264, 0.00485040713102, 0.00012264578254], [-4.24380505137e-06, 0.000467310310341, 0.00125478149857, -0.000411576824263, 0.000811680278275, -0.00139996130019, 0.00158900371753, -0.00113852985669, 0.00217230711132, -0.0144999176264, 0.0284924060106, -0.0159414112568, 0.00543842324987], [6.44954634481e-05, 0.000499917834532, 0.000246917479672, -0.000731666164938, -0.00124715815764, 0.00266889831983, -0.000700174539816, 0.000663130835164, -0.00278360839002, 0.00485040713102, -0.0159414112568, 0.0265206880867, -0.0140233868733], [-3.16139485221e-05, -0.000644375802949, -0.000240906476392, 0.000493011728395, -0.000882159511093, -0.00306900287978, 0.00014674681006, -0.00132202287205, 0.00196943664923, 0.00012264578254, 0.00543842324987, -0.0140233868733, 0.0169954653829]]}, "spectral_contrast_coeffs": {"dmean": [0.0512139387429, 0.0495949052274, 0.0413733460009, 0.0384601131082, 0.0322880968451, 0.0226441789418], "dmean2": [0.0791751891375, 0.0782431438565, 0.0594962537289, 0.0547773316503, 0.0452236905694, 0.0310183968395], "dvar": [0.00216849450953, 0.00220961961895, 0.00143121066503, 0.00117734563537, 0.000972650712356, 0.000449259096058], "dvar2": [0.00451262621209, 0.00466445134953, 0.00271294941194, 0.00232322048396, 0.00161642685998, 0.000736647925805], "max": [-0.251578271389, -0.412417173386, -0.402767658234, -0.470438033342, -0.495772600174, -0.585787475109], "mean": [-0.543806612492, -0.654201388359, -0.695763289928, -0.739402234554, -0.775045394897, -0.803467512131], "median": [-0.539957404137, -0.642791628838, -0.703923463821, -0.752069711685, -0.798938751221, -0.822379171848], "min": [-0.964712381363, -0.982263088226, -0.968374252319, -0.954644858837, -0.962307810783, -0.962245106697], "var": [0.014829066582, 0.00947727821767, 0.0117224240676, 0.00901599321514, 0.0073420885019, 0.00347659643739]}, "spectral_contrast_valleys": {"dmean": [0.653648614883, 0.51411896944, 0.483822643757, 0.538749814034, 0.63562053442, 0.6645591259], "dmean2": [0.934713304043, 0.722014248371, 0.676127791405, 0.698674321175, 0.756964683533, 0.74891024828], "dvar": [0.391390532255, 0.281301409006, 0.280898839235, 0.329485028982, 0.42444896698, 0.457199931145], "dvar2": [0.640804648399, 0.463282823563, 0.453271985054, 0.493808925152, 0.685940861702, 0.69846445322], "max": [-5.52376508713, -4.72954320908, -5.6329703331, -5.6758980751, -5.43437623978, -7.00827169418], "mean": [-9.7