{"lowlevel": {"average_loudness": 0.943879187107, "barkbands_crest": {"dmean": 1.48371338844, "dmean2": 2.36146831512, "dvar": 2.09022140503, "dvar2": 5.37475728989, "max": 19.9391021729, "mean": 6.97452259064, "median": 6.18715667725, "min": 1.9671574831, "var": 9.83453845978}, "barkbands_flatness_db": {"dmean": 0.0115586724132, "dmean2": 0.0174537543207, "dvar": 0.000122492972878, "dvar2": 0.000263219262706, "max": 0.475084930658, "mean": 0.101330518723, "median": 0.0703768730164, "min": 0.0136349629611, "var": 0.00719723571092}, "barkbands_kurtosis": {"dmean": 0.800823748112, "dmean2": 1.19236695766, "dvar": 3.15753388405, "dvar2": 5.77272605896, "max": 204.102157593, "mean": 3.17721891403, "median": -0.241458415985, "min": -1.77485215664, "var": 298.253814697}, "barkbands_skewness": {"dmean": 0.230484828353, "dmean2": 0.357123047113, "dvar": 0.049069982022, "dvar2": 0.11331243813, "max": 10.465546608, "mean": 1.04007768631, "median": 0.82733798027, "min": -2.18687200546, "var": 1.52222251892}, "barkbands_spread": {"dmean": 4.97773075104, "dmean2": 7.37209415436, "dvar": 34.1700439453, "dvar2": 76.533996582, "max": 104.952804565, "mean": 33.258441925, "median": 34.7859725952, "min": 0.521877110004, "var": 266.879699707}, "dissonance": {"dmean": 0.0133570265025, "dmean2": 0.0224428810179, "dvar": 0.000185174387298, "dvar2": 0.000508430995978, "max": 0.500000119209, "mean": 0.465596705675, "median": 0.474425852299, "min": 0.226743623614, "var": 0.00108716404065}, "dynamic_complexity": 3.92836284637, "erbbands_crest": {"dmean": 1.84826719761, "dmean2": 2.91673779488, "dvar": 3.03590416908, "dvar2": 7.55532360077, "max": 31.6420402527, "mean": 8.68967914581, "median": 7.16736984253, "min": 2.47297406197, "var": 28.8682365417}, "erbbands_flatness_db": {"dmean": 0.0116456057876, "dmean2": 0.0169982928783, "dvar": 0.000133478504722, "dvar2": 0.000259062828263, "max": 0.456203132868, "mean": 0.150072589517, "median": 0.122216999531, "min": 0.0513975806534, "var": 0.00561802834272}, "erbbands_kurtosis": {"dmean": 0.508517682552, "dmean2": 0.758800446987, "dvar": 1.37602388859, "dvar2": 2.4531416893, "max": 91.5273361206, "mean": 0.734476089478, "median": -0.471303701401, "min": -1.75870478153, "var": 41.1070098877}, "erbbands_skewness": {"dmean": 0.220001921058, "dmean2": 0.327168732882, "dvar": 0.0367655418813, "dvar2": 0.0774644613266, "max": 8.73635196686, "mean": 0.394109278917, "median": 0.230515092611, "min": -1.62592053413, "var": 1.03498828411}, "erbbands_spread": {"dmean": 5.00468587875, "dmean2": 7.58362388611, "dvar": 26.950630188, "dvar2": 58.9501495361, "max": 86.9739456177, "mean": 40.4123687744, "median": 42.1516189575, "min": 2.46065974236, "var": 235.781921387}, "hfc": {"dmean": 10.082575798, "dmean2": 13.6971549988, "dvar": 226.922241211, "dvar2": 466.906677246, "max": 262.014251709, "mean": 43.2662696838, "median": 39.3366851807, "min": 1.10172801208e-16, "var": 1069.8671875}, "melbands_crest": {"dmean": 2.49602413177, "dmean2": 4.00083827972, "dvar": 6.1567363739, "dvar2": 15.7261257172, "max": 33.5033111572, "mean": 11.8842563629, "median": 10.2929286957, "min": 1.4979763031, "var": 37.4085731506}, "melbands_flatness_db": {"dmean": 0.0150867216289, "dmean2": 0.0226898938417, "dvar": 0.00022965008975, "dvar2": 0.00051371997688, "max": 0.552872538567, "mean": 0.14667993784, "median": 0.122394964099, "min": 0.000838844745886, "var": 0.00829591508955}, "melbands_kurtosis": {"dmean": 2.3114836216, "dmean2": 3.46144032478, "dvar": 38.5428543091, "dvar2": 61.4902763367, "max": 638.097229004, "mean": 11.7013111115, "median": 3.92504954338, "min": -1.58939301968, "var": 2013.06860352}, "melbands_skewness": {"dmean": 0.302104860544, "dmean2": 0.476312816143, "dvar": 0.0953790992498, "dvar2": 0.21696703136, "max": 18.2801532745, "mean": 2.15523838997, "median": 1.81142830849, "min": -0.510370314121, "var": 3.53701353073}, "melbands_spread": {"dmean": 6.48655080795, "dmean2": 9.7949962616, "dvar": 61.6820449829, "dvar2": 136.0574646, "max": 172.889801025, "mean": 36.6567382812, "median": 35.2003250122, "min": 0.393344640732, "var": 401.690643311}, "pitch_salience": {"dmean": 0.0508799180388, "dmean2": 0.0811567679048, "dvar": 0.00204565445893, "dvar2": 0.00525483628735, "max": 0.990135669708, "mean": 0.576835274696, "median": 0.593245387077, "min": 0.0616419874132, "var": 0.0140111623332}, "silence_rate_20dB": {"dmean": 0, "dmean2": 0, "dvar": 0, "dvar2": 0, "max": 1, "mean": 1, "median": 1, "min": 1, "var": 0}, "silence_rate_30dB": {"dmean": 0, "dmean2": 0, "dvar": 0, "dvar2": 0, "max": 1, "mean": 1, "median": 1, "min": 1, "var": 0}, "silence_rate_60dB": {"dmean": 0.0032447273843, "dmean2": 0.00649026455358, "dvar": 0.00323505769484, "dvar2": 0.00669760862365, "max": 1, "mean": 0.0894684270024, "median": 0, "min": 0, "var": 0.0814691483974}, "spectral_centroid": {"dmean": 192.149154663, "dmean2": 290.907867432, "dvar": 49262.265625, "dvar2": 108423.507812, "max": 11659.4150391, "mean": 1786.46252441, "median": 1760.95471191, "min": 303.64630127, "var": 822498.1875}, "spectral_complexity": {"dmean": 3.39223766327, "dmean2": 5.20693969727, "dvar": 11.6320590973, "dvar2": 25.8246440887, "max": 57, "mean": 27.0178432465, "median": 28, "min": 0, "var": 131.112792969}, "spectral_decrease": {"dmean": 1.17319221005e-09, "dmean2": 1.81126857957e-09, "dvar": 2.86696974601e-18, "dvar2": 6.76705168114e-18, "max": 5.54906975056e-23, "mean": -6.25232265961e-09, "median": -6.33218633084e-09, "min": -2.56652281649e-08, "var": 1.27854610674e-17}, "spectral_energy": {"dmean": 0.00496159726754, "dmean2": 0.00744068156928, "dvar": 4.46996346e-05, "dvar2": 0.00010280071001, "max": 0.104030840099, "mean": 0.0275221671909, "median": 0.0279380977154, "min": 1.01288395254e-20, "var": 0.000244863680564}, "spectral_energyband_high": {"dmean": 0.0010808405932, "dmean2": 0.00148776895367, "dvar": 3.03809156321e-06, "dvar2": 6.21219760433e-06, "max": 0.0303749423474, "mean": 0.00328113138676, "median": 0.00248363171704, "min": 7.33429060526e-21, "var": 1.26237582663e-05}, "spectral_energyband_low": {"dmean": 0.00288742082193, "dmean2": 0.00475287018344, "dvar": 3.01662948914e-05, "dvar2": 7.66779849073e-05, "max": 0.0571767799556, "mean": 0.00567694194615, "median": 0.00394008122385, "min": 1.70658271263e-23, "var": 5.33424426976e-05}, "spectral_energyband_middle_high": {"dmean": 0.00128363096155, "dmean2": 0.00198575528339, "dvar": 1.95845927919e-06, "dvar2": 4.61253648609e-06, "max": 0.0234798453748, "mean": 0.0073703029193, "median": 0.00762405665591, "min": 1.1992111515e-21, "var": 1.36831476993e-05}, "spectral_energyband_middle_low": {"dmean": 0.002402322134, "dmean2": 0.00368808908388, "dvar": 8.71837164595e-06, "dvar2": 2.18487475649e-05, "max": 0.0418118536472, "mean": 0.0121319917962, "median": 0.0121322926134, "min": 1.74679981976e-22, "var": 3.97333642468e-05}, "spectral_entropy": {"dmean": 0.113224551082, "dmean2": 0.159489497542, "dvar": 0.0145051805303, "dvar2": 0.0280466340482, "max": 9.82474803925, "mean": 7.74806070328, "median": 7.9437918663, "min": 4.69550609589, "var": 0.491623044014}, "spectral_flux": {"dmean": 0.014518042095, "dmean2": 0.021574491635, "dvar": 0.000272225064691, "dvar2": 0.000584744266234, "max": 0.23987314105, "mean": 0.0764732584357, "median": 0.0779272317886, "min": 6.46109762914e-11, "var": 0.00164155568928}, "spectral_kurtosis": {"dmean": 1.60552799702, "dmean2": 2.74187541008, "dvar": 22.1660118103, "dvar2": 68.3132553101, "max": 110.180130005, "mean": 5.4268951416, "median": 2.49351406097, "min": -1.26117777824, "var": 119.832870483}, "spectral_rms": {"dmean": 0.000422398152296, "dmean2": 0.000625425367616, "dvar": 2.44635231184e-07, "dvar2": 5.46050500816e-07, "max": 0.0100743984804, "mean": 0.0048315259628, "median": 0.00522079318762, "min": 3.14353230946e-12, "var": 3.50722643816e-06}, "spectral_rolloff": {"dmean": 780.413635254, "dmean2": 1257.70739746, "dvar": 1497820.75, "dvar2": 3344021, "max": 19918.2128906, "mean": 2937.71435547, "median": 2282.51953125, "min": 301.46484375, "var": 5078277}, "spectral_skewness": {"dmean": 0.183411478996, "dmean2": 0.297076940536, "dvar": 0.107511527836, "dvar2": 0.333779603243, "max": 8.29992580414, "mean": 1.56603610516, "median": 1.3455542326, "min": -0.071204200387, "var": 0.810580134392}, "spectral_spread": {"dmean": 576471.9375, "dmean2": 836942.3125, "dvar": 554966384640, "dvar2": 1112215912450.0, "max": 42484456, "mean": 5746435.5, "median": 5855840, "min": 756891.1875, "var": 9971028721660.0}, "spectral_strongpeak": {"dmean": 0.599701762199, "dmean2": 1.0382142067, "dvar": 0.847715675831, "dvar2": 2.23000454903, "max": 11.3270330429, "mean": 1.15508937836, "median": 0.807757258415, "min": 0, "var": 1.26403355598}, "zerocrossingrate": {"dmean": 0.0127840358764, "dmean2": 0.0145003441721, "dvar": 0.000191377446754, "dvar2": 0.000241827438003, "max": 0.51806640625, "mean": 0.102050967515, "median": 0.09912109375, "min": 0.01318359375, "var": 0.00283184554428}, "barkbands": {"dmean": [3.18413331115e-05, 0.0018040939467, 0.00157344783656, 0.000545279530343, 0.00066360051278, 0.000706251710653, 0.000885511050001, 0.00164637190755, 0.000524125352968, 0.000497760833241, 0.000183574244147, 0.000302385626128, 0.00048060217523, 0.000462651805719, 0.000620011414867, 0.000292130134767, 0.000433201057604, 0.00012641887588, 0.000158061055117, 0.000318376260111, 0.000268742151093, 0.000209383724723, 0.00022609255393, 0.000249390373938, 0.000246810144745, 0.000120032767882, 2.16518019442e-05], "dmean2": [5.19231434737e-05, 0.00296732108109, 0.00266063748859, 0.000910923641641, 0.0010589385638, 0.00111972016748, 0.00136457709596, 0.00245087384246, 0.000779333058745, 0.000737140013371, 0.000288600858767, 0.000473477179185, 0.000767962366808, 0.000743239826988, 0.00100681744516, 0.000476309709484, 0.000688070431352, 0.000206312499358, 0.000253321952187, 0.000506704323925, 0.000413183006458, 0.000313601194648, 0.000337078410666, 0.00036519166315, 0.00036774968612, 0.000187068304513, 3.28843743773e-05], "dvar": [5.64439073258e-09, 1.31580000016e-05, 9.25544009078e-06, 8.38863229546e-07, 8.65868628352e-07, 9.12316977519e-07, 1.83598820058e-06, 4.73170348414e-06, 8.06700029443e-07, 4.24409819288e-07, 8.95614391538e-08, 1.65992332768e-07, 5.62733362131e-07, 4.41744020918e-07, 6.80270716202e-07, 2.65570946567e-07, 4.32408256756e-07, 3.51788287389e-08, 5.79313734761e-08, 3.51964615675e-07, 1.94817459942e-07, 1.24085616449e-07, 1.93294710016e-07, 2.71552437425e-07, 2.42870754619e-07, 7.51762598838e-08, 1.96437355271e-09], "dvar2": [1.47397338779e-08, 3.45113039657e-05, 2.45474293479e-05, 2.27330065172e-06, 2.32904835684e-06, 2.3075158424e-06, 4.69820088256e-06, 1.06879551822e-05, 1.79853691407e-06, 8.89327225195e-07, 2.16097831185e-07, 4.07431912208e-07, 1.44805494529e-06, 1.13367639187e-06, 1.79045537152e-06, 6.6909905172e-07, 1.02753131159e-06, 8.91352698318e-08, 1.51702749918e-07, 9.04157616333e-07, 4.68251329266e-07, 2.79307954543e-07, 4.24770462359e-07, 5.67453810163e-07, 5.36008087693e-07, 1.95880048182e-07, 4.71280037218e-09], "max": [0.00102962134406, 0.0381174236536, 0.0302345640957, 0.0118391439319, 0.0120397415012, 0.016350120306, 0.0220902599394, 0.0271192118526, 0.0179274920374, 0.01263137348, 0.00455938093364, 0.00769474357367, 0.0108946589753, 0.00999022182077, 0.0164658185095, 0.0121417623013, 0.0117532014847, 0.00418490357697, 0.00520221050829, 0.0100255003199, 0.0097146788612, 0.00822454411536, 0.0087312432006, 0.0120636746287, 0.00656239176169, 0.00470181833953, 0.000434647256043], "mean": [4.175943468e-05, 0.00263774162158, 0.00237970752642, 0.000979026081041, 0.00170109281316, 0.00166041275952, 0.0020745981019, 0.00404228130355, 0.00108087167609, 0.00107757817023, 0.000378143595299, 0.000612186966464, 0.00091540068388, 0.000883292930666, 0.00133238406852, 0.000585016503464, 0.000892660638783, 0.000255366961937, 0.00035686782212, 0.00070507224882, 0.000642924918793, 0.000529676035512, 0.000518133223522, 0.000580264779273, 0.000455526431324, 0.000176880086656, 2.72386496363e-05], "median": [1.59961418831e-05, 0.00116669083945, 0.00109601020813, 0.000505157804582, 0.00132714095525, 0.00130278978031, 0.00145726511255, 0.00280906818807, 0.000603011692874, 0.000727372942492, 0.000197465735255, 0.000420882395701, 0.000522005837411, 0.000593330245465, 0.000935129239224, 0.000380432407837, 0.000569448515307, 0.000194508204004, 0.000268531293841, 0.000375568633899, 0.000426109181717, 0.000262895511696, 0.000254809041508, 0.000302231346723, 0.000211286183912, 7.48235033825e-05, 6.58938824927e-06], "min": [8.18274471541e-25, 2.34304665613e-24, 1.23354534737e-24, 1.87662554617e-24, 7.73417848596e-24, 1.03939681783e-23, 7.64912429202e-24, 5.29857911856e-24, 1.59995254184e-23, 1.9669530386e-23, 1.10176676424e-23, 2.3884979027e-23, 2.33428075486e-23, 4.51490655151e-23, 6.35619688781e-23, 9.1386784323e-23, 8.48231081819e-23, 1.26135589705e-22, 1.82513345522e-22, 1.97872038206e-22, 2.23121494163e-22, 3.73304681838e-22, 4.11341939101e-22, 6.61242547315e-22, 9.95860127209e-22, 1.40035548572e-21, 2.03716712439e-21], "var": [6.10773520648e-09, 1.81832074304e-05, 1.23862118926e-05, 1.55992893269e-06, 2.4880773708e-06, 2.1887362891e-06, 4.61404806629e-06, 1.5874611563e-05, 2.28346857511e-06, 1.45116382555e-06, 2.51904054949e-07, 4.12916961068e-07, 1.33795469992e-06, 9.52743732796e-07, 1.74132594566e-06, 6.0630753751e-07, 1.1158936104e-06, 6.98588067394e-08, 1.410743522e-07, 8.70875908277e-07, 5.63756088923e-07, 4.86638782604e-07, 6.06099035849e-07, 7.87497924648e-07, 4.67487780043e-07, 7.90849910004e-08, 2.52836440673e-09]}, "erbbands": {"dmean": [0.0336168929935, 0.480650901794, 1.76784300804, 1.5512291193, 1.86409342289, 2.35172653198, 4.73950624466, 5.90647649765, 10.4898738861, 22.3891010284, 34.0925216675, 13.9825048447, 14.8433094025, 10.0543832779, 8.36013793945, 13.8838949203, 21.1505012512, 24.889673233, 25.5047912598, 27.1837558746, 17.3031654358, 16.3678436279, 8.04429626465, 5.58274364471, 10.5677947998, 14.8792409897, 11.4069643021, 10.6268453598, 7.94395399094, 5.88867092133, 7.19294500351, 5.95125007629, 4.00723314285, 2.87927079201, 1.63532650471, 0.727774322033, 0.191232889891, 0.0419953241944, 0.00382842100225, 7.12652836228e-05], "dmean2": [0.0562069751322, 0.791400432587, 2.91198515892, 2.58437228203, 3.14029240608, 3.75171899796, 7.06953477859, 9.73896026611, 16.0472145081, 35.5014686584, 49.7634849548, 20.4220695496, 22.3837680817, 14.7488574982, 13.0586462021, 21.7073764801, 33.3365821838, 40.1047210693, 40.537322998, 44.9979858398, 27.6445465088, 25.9679889679, 13.1413288116, 8.92183971405, 16.7831058502, 23.7316455841, 17.9906349182, 16.0118045807, 12.0735683441, 8.67928028107, 10.8224096298, 8.78077220917, 5.92300081253, 4.25618505478, 2.5076110363, 1.11597216129, 0.298033863306, 0.064470462501, 0.00580080552027, 0.000105081933725], "dvar": [0.00542592164129, 0.948043167591, 13.0351362228, 5.97767066956, 11.5411891937, 10.8052158356, 58.9193382263, 80.0570983887, 269.839202881, 1071.76574707, 2596.94995117, 534.007141113, 531.248718262, 229.722381592, 151.294784546, 327.404052734, 1136.9276123, 1323.91479492, 1606.48730469, 1588.63220215, 598.297668457, 569.244934082, 131.267532349, 66.9275894165, 275.828460693, 722.051086426, 393.169494629, 332.193603516, 180.002670288, 119.977539062, 209.396026611, 165.762527466, 62.5408821106, 35.1473083496, 10.0200166702, 2.76004219055, 0.190814569592, 0.00806564837694, 6.41216829536e-05, 1.95949247939e-08], "dvar2": [0.0148212127388, 2.44313669205, 33.1173171997, 16.6979179382, 33.1818847656, 27.7096138, 133.477661133, 217.521560669, 669.878845215, 2681.53344727, 5705.20849609, 1153.63195801, 1119.3894043, 495.373931885, 371.026031494, 798.710876465, 2922.15551758, 3336.99755859, 4120.32763672, 4349.08789062, 1478.44213867, 1412.54528809, 343.94128418, 169.571746826, 707.446411133, 1825.96276855, 956.395690918, 781.278076172, 407.017456055, 265.322814941, 464.71685791, 347.787811279, 132.582351685, 77.8232574463, 23.7905731201, 7.21874952316, 0.490521222353, 0.020310588181, 0.000153529152158, 4.63460096967e-08], "max": [0.898917853832, 9.85688781738, 35.6010131836, 26.6478443146, 55.8691558838, 51.545425415, 174.09161377, 134.046142578, 352.854553223, 527.671142578, 694.641235352, 463.956115723, 500.511993408, 337.99395752, 234.511077881, 393.833709717, 524.784851074, 610.9140625, 778.48260498, 567.604187012, 428.690307617, 424.875030518, 238.230026245, 180.945648193, 360.894226074, 511.232330322, 410.667541504, 476.66986084, 349.093017578, 291.167510986, 265.252746582, 294.109527588, 169.49571228, 89.0988235474, 35.892742157, 32.6126976013, 5.89842414856, 0.841986954212, 0.0780432894826, 0.00133292365354], "mean": [0.0470919087529, 0.706685006618, 2.74992489815, 3.15216517448, 3.58448457718, 5.80587148666, 11.4552907944, 12.727142334, 25.2644710541, 51.7455635071, 85.6255111694, 33.8801841736, 32.4890899658, 21.8114242554, 19.9587154388, 30.0627994537, 42.61353302, 50.9716720581, 53.1158866882, 61.4846839905, 41.41847229, 36.7197380066, 18.065700531, 12.963932991, 25.772310257, 33.734249115, 25.5637702942, 25.7435417175, 20.3805370331, 13.7813863754, 15.7637195587, 13.2093896866, 9.03267765045, 5.59001779556, 2.82921075821, 1.08126878738, 0.277682393789, 0.0565557144582, 0.00480346754193, 0.000130004526], "median": [0.022900050506, 0.313825428486, 1.2144536972, 1.96936118603, 2.4567656517, 4.23907089233, 7.5460767746, 9.82953357697, 17.4266929626, 33.6676025391, 53.7671508789, 22.769071579, 19.3852577209, 14.8592910767, 14.3408412933, 22.5054855347, 25.9313697815, 34.9784164429, 37.2270202637, 40.0385055542, 29.4969444275, 24.5744094849, 13.7971343994, 10.5863962173, 17.6038913727, 18.2637290955, 16.4594764709, 14.3796138763, 10.0350074768, 7.39320278168, 7.21928691864, 6.43712520599, 4.52734231949, 2.64998102188, 1.25807273388, 0.453092217445, 0.114847131073, 0.0182351637632, 0.00118935620412, 7.39380266168e-05], "min": [1.05704281587e-22, 6.99892793677e-22, 2.6696648425e-21, 1.13100534401e-20, 2.04437688392e-20, 2.24274788107e-20, 6.08813719633e-20, 1.01936420178e-19, 2.00767436316e-19, 1.7341722635e-19, 2.67660084887e-19, 4.34154481594e-19, 4.97487875387e-19, 7.22229280601e-19, 1.27288961823e-18, 1.52754854354e-18, 1.32612179258e-18, 1.47784429451e-18, 2.75069627602e-18, 3.70035979662e-18, 4.63954480002e-18, 5.1522859376e-18, 6.82308406866e-18, 7.11261258589e-18, 7.68527468705e-18, 9.11715824178e-18, 1.01370388498e-17, 9.33710639384e-18, 1.43932023931e-17, 1.20265253369e-17, 1.11088950059e-17, 1.32150440836e-17, 1.07286748199e-17, 1.03499410774e-17, 6.99670307538e-18, 4.34712528654e-18, 2.56145575664e-18, 9.70451913562e-19, 2.58041964766e-19, 2.92748847682e-20], "var": [0.00611797813326, 1.33143424988, 18.1813049316, 12.8030052185, 17.978597641, 34.6702270508, 174.735839844, 141.642272949, 695.942626953, 3284.23413086, 8888.25292969, 1684.01025391, 1743.32800293, 690.083068848, 401.698242188, 821.083312988, 2613.32861328, 3040.9440918, 3433.44506836, 4317.56054688, 1774.43603516, 1580.9642334, 310.32434082, 147.550537109, 838.082519531, 1999.49572754, 979.179382324, 1045.66833496, 712.836608887, 368.124542236, 619.187011719, 479.802215576, 170.323944092, 72.2936019897, 16.8269062042, 3.06438541412, 0.204105496407, 0.00936311203986, 8.08101176517e-05, 2.85475554307e-08]}, "gfcc": {"mean": [2.45933365822, 52.0596733093, -124.907440186, 8.69858551025, -69.760925293, 4.34380340576, -48.1486701965, 5.12882328033, -21.6458644867, 12.1285104752, -19.5558605194, -3.57270264626, -13.2975034714], "cov": [[46616.3945312, -1877.75854492, 96.8542861938, 3460.16992188, -424.396636963, 3232.6015625, 672.440063477, 2215.73803711, 718.907653809, 1120.07727051, -1485.84484863, -1101.1138916, -1257.12780762], [-1877.75854492, 1560.02258301, -330.989105225, -280.054107666, 180.432952881, -332.208435059, 18.3225402832, -222.729553223, -7.30099344254, -148.127929688, 124.461196899, -18.1879768372, 50.9988059998], [96.8542861938, -330.989105225, 1450.24938965, 861.291687012, 348.622039795, 686.787841797, 222.436828613, 180.827896118, 64.9541091919, 79.3179855347, -36.6522331238, 4.0793337822, -112.595245361], [3460.16992188, -280.054107666, 861.291687012, 1107.46923828, 230.667572021, 744.889099121, 239.866882324, 301.878204346, 146.378890991, 139.187362671, -130.59715271, -96.2245941162, -149.956176758], [-424.396636963, 180.432952881, 348.622039795, 230.667572021, 280.157836914, 117.601104736, 86.1758956909, 40.3106803894, 42.381816864, -0.192984163761, 1.66545832157, -8.90546798706, -18.0544681549], [3232.6015625, -332.208435059, 686.787841797, 744.889099121, 117.601104736, 685.784240723, 201.147644043, 267.999420166, 105.680931091, 131.757873535, -119.42490387, -86.2893600464, -151.850570679], [672.440063477, 18.3225402832, 222.436828613, 239.866882324, 86.1758956909, 201.147644043, 186.948242188, 99.4906692505, 60.5478630066, 46.3617553711, -13.1406373978, -22.0950374603, -48.6706008911], [2215.73803711, -222.729553223, 180.827896118, 301.878204346, 40.3106803894, 267.999420166, 99.4906692505, 222.268554688, 82.8003692627, 76.3172607422, -83.6209564209, -62.9922370911, -74.7453308105], [718.907653809, -7.30099344254, 64.9541091919, 146.378890991, 42.381816864, 105.680931091, 60.5478630066, 82.8003692627, 122.088371277, 44.8507461548, -22.2023792267, -22.5142498016, -28.1452674866], [1120.07727051, -148.127929688, 79.3179855347, 139.187362671, -0.192984163761, 131.757873535, 46.3617553711, 76.3172607422, 44.8507461548, 103.099739075, -12.8917894363, -22.0759773254, -31.9487056732], [-1485.84484863, 124.461196899, -36.6522331238, -130.59715271, 1.66545832157, -119.42490387, -13.1406373978, -83.6209564209, -22.2023792267, -12.8917894363, 128.143341064, 57.5726509094, 47.0155677795], [-1101.1138916, -18.1879768372, 4.0793337822, -96.2245941162, -8.90546798706, -86.2893600464, -22.0950374603, -62.9922370911, -22.5142498016, -22.0759773254, 57.5726509094, 102.505226135, 52.3050575256], [-1257.12780762, 50.9988059998, -112.595245361, -149.956176758, -18.0544681549, -151.850570679, -48.6706008911, -74.7453308105, -28.1452674866, -31.9487056732, 47.0155677795, 52.3050575256, 105.201675415]], "icov": [[0.000112092027848, -0.000129536259919, 0.00026272420655, -0.000160616371431, 0.000163090226124, -0.000288304378046, 0.000268436328042, -0.000593451783061, 0.000264734466327, -0.000634201162029, 0.000591509742662, -0.000162740514497, 0.000463679985842], [-0.000129536259919, 0.00147312146146, 0.000310765579343, 0.000120002354379, -0.0014802388614, 0.000133891706355, -0.00110990949906, 0.002197770169, -0.00093509448925, 0.00223356671631, -0.00174864078872, 0.00147350691259, -0.0002941301791], [0.00026272420655, 0.000310765579343, 0.00326503720134, -0.000808681186754, -0.00215203710832, -0.00321212061681, 0.000542409019545, -3.93909067498e-05, 0.00120036513545, -0.000315112702083, 0.000239711866016, -0.00145881692879, 0.00139141757973], [-0.000160616371431, 0.000120002354379, -0.000808681186754, 0.00432224432006, -0.00137760036159, -0.00323020014912, -0.000333845237037, 0.000559166015591, -0.00132191763259, 0.000734493951313, -0.000333633768605, 0.000732841261197, -0.00168399990071], [0.000163090226124, -0.0014802388614, -0.00215203710832, -0.00137760036159, 0.00818527303636, 0.00253395782784, -0.000698858639225, -0.00252128019929, -0.000551178585738, -0.000909754540771, 0.0015258215135, 0.000172450716491, 0.000155765374075], [-0.000288304378046, 0.000133891706355, -0.00321212061681, -0.00323020014912, 0.00253395782784, 0.0114347543567, -0.00270341499709, -0.00152829440776, 5.49803153262e-05, -0.00125653122086, 0.000428286468377, 0.000770826416556, 0.00210966658778], [0.000268436328042, -0.00110990949906, 0.000542409019545, -0.000333845237037, -0.000698858639225, -0.00270341499709, 0.0107745919377, -0.00416811695322, -0.00052980275359, -0.00233334489167, -0.000460210634628, -0.00160802691244, 0.00200648442842], [-0.000593451783061, 0.002197770169, -3.93909067498e-05, 0.000559166015591, -0.00252128019929, -0.00152829440776, -0.00416811695322, 0.0174557510763, -0.00527254538611, 0.00218289927579, -0.000417885399656, 0.00331843993627, -0.00177768385038], [0.000264734466327, -0.00093509448925, 0.00120036513545, -0.00132191763259, -0.000551178585738, 5.49803153262e-05, -0.00052980275359, -0.00527254538611, 0.0136171989143, -0.00497668934986, 0.00167760509066, -0.00159496651031, 0.00118577200919], [-0.000634201162029, 0.00223356671631, -0.000315112702083, 0.000734493951313, -0.000909754540771, -0.00125653122086, -0.00233334489167, 0.00218289927579, -0.00497668934986, 0.0212101694196, -0.00817481428385, 0.00322137237526, -0.00228833430447], [0.000591509742662, -0.00174864078872, 0.000239711866016, -0.000333633768605, 0.0015258215135, 0.000428286468377, -0.000460210634628, -0.000417885399656, 0.00167760509066, -0.00817481428385, 0.0180084202439, -0.00619122944772, 0.00106357701588], [-0.000162740514497, 0.00147350691259, -0.00145881692879, 0.000732841261197, 0.000172450716491, 0.000770826416556, -0.00160802691244, 0.00331843993627, -0.00159496651031, 0.00322137237526, -0.00619122944772, 0.0183746926486, -0.00623691175133], [0.000463679985842, -0.0002941301791, 0.00139141757973, -0.00168399990071, 0.000155765374075, 0.00210966658778, 0.00200648442842, -0.00177768385038, 0.00118577200919, -0.00228833430447, 0.00106357701588, -0.00623691175133, 0.0192627888173]]}, "melbands": {"dmean": [0.000392573332647, 0.000796963518951, 0.000258966174442, 0.000142591321492, 0.000147728802403, 0.000134568414069, 0.000163986551343, 0.000259523716522, 0.000257808191236, 7.49597020331e-05, 7.44591234252e-05, 4.29965293733e-05, 2.78277875623e-05, 3.56030868716e-05, 4.16811926698e-05, 4.28243110946e-05, 5.14949351782e-05, 3.92357360397e-05, 4.00707322115e-05, 3.175884558e-05, 2.47311945714e-05, 2.08780293178e-05, 1.45610993059e-05, 5.76729917157e-06, 4.78510264657e-06, 6.98226403983e-06, 1.00473216662e-05, 1.12742163765e-05, 8.95270750334e-06, 7.02159286448e-06, 6.58879434923e-06, 5.0593589549e-06, 4.10199572798e-06, 3.32694480676e-06, 4.41563634013e-06, 4.41763449999e-06, 3.66916333405e-06, 3.01115164802e-06, 2.90225648314e-06, 2.40590497924e-06], "dmean2": [0.000649705296382, 0.00131204840727, 0.000433283363236, 0.000233694401686, 0.000220724585233, 0.000219264838961, 0.000251173099969, 0.000410250388086, 0.000373752176529, 0.00011074795475, 0.000112254630949, 6.32557130302e-05, 4.3501095206e-05, 5.57160492463e-05, 6.61267986288e-05, 6.83979596943e-05, 8.28976844787e-05, 6.2638457166e-05, 6.45951295155e-05, 5.26674557477e-05, 3.97041330871e-05, 3.29739559675e-05, 2.4179031243e-05, 9.36887590797e-06, 7.75932949182e-06, 1.11735462269e-05, 1.59617393365e-05, 1.83984830073e-05, 1.43844454215e-05, 1.10127803055e-05, 9.99722215056e-06, 7.85176962381e-06, 6.27053077551e-06, 5.03384853801e-06, 6.82859581502e-06, 6.66983351039e-06, 5.53740255782e-06, 4.55415784018e-06, 4.38574534201e-06, 3.61987531505e-06], "dvar": [6.4439268499e-07, 2.58789441432e-06, 1.66592997175e-07, 4.86527795829e-08, 4.95091683206e-08, 3.75415325493e-08, 6.58835261902e-08, 1.38191524002e-07, 1.44048271977e-07, 1.6976452244e-08, 1.316207765e-08, 4.50744641611e-09, 1.90320670335e-09, 2.31224750458e-09, 3.88652621197e-09, 4.61851179523e-09, 5.53129941849e-09, 3.9843839339e-09, 2.94648150323e-09, 2.79734724273e-09, 1.38301903263e-09, 1.02182118322e-09, 6.00113347904e-10, 7.51324627513e-11, 5.1439730947e-11, 1.21767956829e-10, 2.97295632556e-10, 5.20845200302e-10, 2.94126445421e-10, 1.96340319003e-10, 1.36742381307e-10, 7.48244591287e-11, 5.90276230672e-11, 3.96635363442e-11, 7.91348583884e-11, 8.49000175718e-11, 6.46852710284e-11, 3.69268886302e-11, 3.36366802467e-11, 2.40322258621e-11], "dvar2": [1.72961779299e-06, 6.48556988381e-06, 4.60305813021e-07, 1.36205159151e-07, 1.1356900842e-07, 1.00374158762e-07, 1.64305461681e-07, 3.37937336781e-07, 3.12896247578e-07, 3.73610191673e-08, 2.76446652236e-08, 9.74074421123e-09, 4.58568072403e-09, 5.77569991833e-09, 1.00156514193e-08, 1.17981766579e-08, 1.3956471534e-08, 1.02360937504e-08, 7.52299644802e-09, 7.30638571866e-09, 3.30186478159e-09, 2.4424071654e-09, 1.63666669106e-09, 1.89441767828e-10, 1.33030711447e-10, 3.20712761903e-10, 7.39736327748e-10, 1.36282229946e-09, 7.5152400969e-10, 5.09788378178e-10, 3.18495757545e-10, 1.76390513307e-10, 1.3847405167e-10, 9.05965580333e-11, 1.82513240632e-10, 1.82815346195e-10, 1.38840744457e-10, 8.05942326765e-11, 7.47452030825e-11, 5.46222199416e-11], "max": [0.00859359279275, 0.0161305945367, 0.00422774627805, 0.00316539546475, 0.00459453463554, 0.00283281877637, 0.00508215837181, 0.0065161283128, 0.00498825544491, 0.00249883485958, 0.00246940436773, 0.00147780147381, 0.000689778593369, 0.000768305908423, 0.00120277889073, 0.00114657788072, 0.00119651912246, 0.00112490693573, 0.00110892264638, 0.00118344917428, 0.000738042464945, 0.000586552894674, 0.000451439642347, 0.000230908874073, 0.000143548240885, 0.000250904529821, 0.00038500604569, 0.000375030620489, 0.000284601177555, 0.000283440080239, 0.00031408588984, 0.000236774096265, 0.000189512284123, 0.000140529853525, 0.000154946174007, 0.000190070233657, 0.000173540407559, 0.000136701695737, 0.000115913753689, 7.93656217866e-05], "mean": [0.000578837993089, 0.0012938171858, 0.000554090423975, 0.000331097457092, 0.000375538569642, 0.000295639212709, 0.000396874005673, 0.000612528761849, 0.00064984720666, 0.000166637546499, 0.000156694703037, 8.68276911206e-05, 6.09228773101e-05, 7.47550293454e-05, 8.48280906212e-05, 8.46250186441e-05, 9.69859829638e-05, 7.63003699831e-05, 8.92091848073e-05, 6.46343105473e-05, 5.06594660692e-05, 4.30510772276e-05, 2.64955579041e-05, 1.12396519398e-05, 9.45176270761e-06, 1.51646208906e-05, 2.26832071348e-05, 2.23489969358e-05, 1.70111215994e-05, 1.41557611641e-05, 1.52197435455e-05, 1.22590017781e-05, 8.64668618306e-06, 7.15054102329e-06, 9.08419951884e-06, 8.86772158992e-06, 7.76487286203e-06, 6.45067711957e-06, 5.6133230828e-06, 4.36593290942e-06], "median": [0.000282111403067, 0.000657055177726, 0.000401643512305, 0.000240274122916, 0.000266224553343, 0.000230734120123, 0.00027803418925, 0.000424489961006, 0.000409881933592, 9.80223121587e-05, 9.1790308943e-05, 5.32144986209e-05, 3.65541127394e-05, 5.20990943187e-05, 5.74979385419e-05, 5.17303997185e-05, 6.36204058537e-05, 5.12818805873e-05, 6.25616376055e-05, 4.06179096899e-05, 3.34312862833e-05, 2.67617615464e-05, 1.58684033522e-05, 8.5505826064e-06, 7.09198911863e-06, 1.04805239971e-05, 1.26670947793e-05, 1.08532885861e-05, 9.83396967058e-06, 8.20236164145e-06, 7.24657456885e-06, 5.87776548855e-06, 3.76023672288e-06, 3.87150384995e-06, 3.78920276489e-06, 3.7596630591e-06, 3.39312737196e-06, 3.09775032292e-06, 2.60450110545e-06, 1.89121215044e-06], "min": [1.50167167487e-24, 2.3513202293e-24, 1.92475671101e-24, 1.7251841711e-24, 1.82674232125e-24, 2.68235683349e-24, 3.29401315256e-24, 2.05639373304e-24, 2.39749206087e-24, 2.46276122887e-24, 2.34040495817e-24, 2.41148960877e-24, 2.84532169144e-24, 3.02643744996e-24, 3.1046437396e-24, 2.1585567423e-24, 2.5617492702e-24, 2.68870420555e-24, 5.21241696948e-24, 2.88963891102e-24, 4.85876825909e-24, 4.62236912833e-24, 3.90426746858e-24, 4.57931664999e-24, 5.39899795635e-24, 4.5962168116e-24, 5.31097527883e-24, 5.15578425066e-24, 5.39292688282e-24, 4.06740311492e-24, 4.13828305612e-24, 7.63121399403e-24, 6.45269090594e-24, 6.1032018591e-24, 5.71501918486e-24, 6.28537469123e-24, 7.03879523143e-24, 6.67429810586e-24, 6.1113981239e-24, 8.24647737959e-24], "var": [8.48698050504e-07, 3.85823841498e-06, 3.41547689686e-07, 1.19362397299e-07, 1.51868135845e-07, 7.2941986673e-08, 1.70599278704e-07, 4.41832753495e-07, 5.04688216552e-07, 5.0528441875e-08, 4.28618029957e-08, 1.33215394271e-08, 5.4204636335e-09, 5.7867723946e-09, 9.28526677768e-09, 1.11197877573e-08, 1.21336025671e-08, 8.26142176891e-09, 8.38873237541e-09, 6.48632436651e-09, 3.35064975765e-09, 2.5254720537e-09, 1.21657661722e-09, 1.3557320544e-10, 9.74392372344e-11, 2.94466478978e-10, 9.1042856587e-10, 1.09806974624e-09, 5.37095534714e-10, 3.73925612696e-10, 4.28305307887e-10, 2.75991285381e-10, 1.67401925655e-10, 1.03145783581e-10, 2.144151523e-10, 2.32301372582e-10, 1.77330414242e-10, 9.45934164331e-11, 7.30119784076e-11, 4.62671706503e-11]}, "mfcc": {"mean": [-622.521240234, 86.9139785767, -7.289041996, 1.649289608, -5.19269657135, -4.14675474167, -13.4524917603, -13.9241275787, -0.840567588806, 4.15598106384, -2.72857666016, 3.98736214638, -0.0238382872194], "cov": [[22059.3378906, 847.733581543, 966.435241699, 982.872558594, 598.372619629, 1063.41345215, 472.285461426, 509.062347412, 1075.76025391, 1025.8157959, 490.816375732, 398.265655518, 57.8722496033], [847.733581543, 1135.43591309, -390.609313965, -67.1267242432, -48.5588417053, -103.674629211, -59.7283592224, -68.931098938, -50.859172821, -35.1254005432, -44.427734375, -6.10955047607, -8.39728450775], [966.435241699, -390.609313965, 1091.39978027, 433.233825684, 408.985809326, 532.514648438, 316.051574707, 288.92880249, 196.123123169, 183.438339233, 178.815444946, 113.559875488, 36.0787773132], [982.872558594, -67.1267242432, 433.233825684, 439.57510376, 279.180786133, 315.619018555, 193.42350769, 182.182556152, 159.57484436, 140.330123901, 72.8464660645, 59.45470047, 23.8763713837], [598.372619629, -48.5588417053, 408.985809326, 279.180786133, 341.858093262, 250.280044556, 151.186447144, 143.707580566, 127.071968079, 110.190628052, 62.5052986145, 48.055267334, 7.74382400513], [1063.41345215, -103.674629211, 532.514648438, 315.619018555, 250.280044556, 411.418334961, 208.587982178, 193.969299316, 155.255508423, 142.850921631, 121.697753906, 75.3410415649, 17.9822063446], [472.285461426, -59.7283592224, 316.051574707, 193.42350769, 151.186447144, 208.587982178, 221.673049927, 122.664863586, 85.9049758911, 88.7011413574, 74.1049728394, 37.6819839478, 14.5969953537], [509.062347412, -68.931098938, 288.92880249, 182.182556152, 143.707580566, 193.969299316, 122.664863586, 194.120483398, 106.072738647, 84.9990692139, 65.6959533691, 41.8146781921, 18.2264976501], [1075.76025391, -50.859172821, 196.123123169, 159.57484436, 127.071968079, 155.255508423, 85.9049758911, 106.072738647, 189.842132568, 112.408470154, 55.0734977722, 40.5453643799, 6.64734077454], [1025.8157959, -35.1254005432, 183.438339233, 140.330123901, 110.190628052, 142.850921631, 88.7011413574, 84.9990692139, 112.408470154, 143.40574646, 70.6198120117, 39.8789978027, 7.57125663757], [490.816375732, -44.427734375, 178.815444946, 72.8464660645, 62.5052986145, 121.697753906, 74.1049728394, 65.6959533691, 55.0734977722, 70.6198120117, 121.166473389, 50.7956886292, 12.8094005585], [398.265655518, -6.10955047607, 113.559875488, 59.45470047, 48.055267334, 75.3410415649, 37.6819839478, 41.8146781921, 40.5453643799, 39.8789978027, 50.7956886292, 83.9701385498, 22.3888454437], [57.8722496033, -8.39728450775, 36.0787773132, 23.8763713837, 7.74382400513, 17.9822063446, 14.5969953537, 18.2264976501, 6.64734077454, 7.57125663757, 12.8094005585, 22.3888454437, 60.5425720215]], "icov": [[8.37515835883e-05, -8.87295755092e-05, -1.98528159672e-05, -1.9403445549e-05, 0.000128685554955, -9.30086171138e-05, 8.46861439641e-05, 0.000111720983114, -0.000283244706225, -0.000462736206828, 2.70921518677e-05, -0.000108848536911, 7.71990926296e-06], [-8.87295755092e-05, 0.00120733503718, 0.000877523620147, 4.24782156188e-05, -0.000633226823993, -0.000386252009775, -0.000292035809252, -0.000125954233226, 0.00058714102488, 0.000520498258993, 1.84801046998e-05, -0.000350726622855, 1.28639012473e-05], [-1.98528159672e-05, 0.000877523620147, 0.0036899575498, 0.000322549982229, -0.00190022261813, -0.00287580420263, -0.00100700196344, -0.000802437309176, 0.000719736621249, 0.000768730649725, -0.00076280644862, -0.000696543022059, -0.000360049540177], [-1.9403445549e-05, 4.24782156188e-05, 0.000322549982229, 0.00736608495936, -0.00280522881076, -0.00296192849055, -0.00140400859527, -0.00107735244092, -0.000628670677543, -0.00141174905002, 0.0024113538675, -0.000253953505307, -0.00134205829818], [0.000128685554955, -0.000633226823993, -0.00190022261813, -0.00280522881076, 0.00799849629402, -7.41203766665e-05, 4.4286622142e-05, -5.63620815228e-05, -0.00127723114565, -0.00151201616973, 0.00114102999214, -0.000285612884909, 0.00122662622016], [-9.30086171138e-05, -0.000386252009775, -0.00287580420263, -0.00296192849055, -7.41203766665e-05, 0.0115320412442, -0.00176968949381, -0.00180805567652, -0.000781119510066, -8.2802864199e-05, -0.00275760609657, -0.000480531074572, 0.00132972467691], [8.46861439641e-05, -0.000292035809252, -0.00100700196344, -0.00140400859527, 4.4286622142e-05, -0.00176968949381, 0.0101443277672, -0.00142077519558, 0.000446321093477, -0.00164479960222, -0.00152312021237, 0.00125829514582, -0.000452167674666], [0.000111720983114, -0.000125954233226, -0.000802437309176, -0.00107735244092, -5.63620815228e-05, -0.00180805567652, -0.00142077519558, 0.0119064943865, -0.00298742647283, -0.000323809421388, -0.000755294749979, 0.000106401748781, -0.00142992928158], [-0.000283244706225, 0.00058714102488, 0.000719736621249, -0.000628670677543, -0.00127723114565, -0.000781119510066, 0.000446321093477, -0.00298742647283, 0.0126678952947, -0.00507555762306, 0.000974763941485, -0.000914630654734, 0.000734189990908], [-0.000462736206828, 0.000520498258993, 0.000768730649725, -0.00141174905002, -0.00151201616973, -8.2802864199e-05, -0.00164479960222, -0.000323809421388, -0.00507555762306, 0.0199136249721, -0.00566053343937, 0.000323805375956, 0.000470048718853], [2.70921518677e-05, 1.84801046998e-05, -0.00076280644862, 0.0024113538675, 0.00114102999214, -0.00275760609657, -0.00152312021237, -0.000755294749979, 0.000974763941485, -0.00566053343937, 0.0166174769402, -0.00574547704309, -4.23215824412e-05], [-0.000108848536911, -0.000350726622855, -0.000696543022059, -0.000253953505307, -0.000285612884909, -0.000480531074572, 0.00125829514582, 0.000106401748781, -0.000914630654734, 0.000323805375956, -0.00574547704309, 0.0186502430588, -0.00520689599216], [7.71990926296e-06, 1.28639012473e-05, -0.000360049540177, -0.00134205829818, 0.00122662622016, 0.00132972467691, -0.000452167674666, -0.00142992928158, 0.000734189990908, 0.000470048718853, -4.23215824412e-05, -0.00520689599216, 0.0190382860601]]}, "spectral_contrast_coeffs": {"dmean": [0.0456904880702, 0.0403784699738, 0.033032823354, 0.0289905164391, 0.0213285181671, 0.018239678815], "dmean2": [0.0763500258327, 0.066186979413, 0.0528843998909, 0.0479503534734, 0.0339446924627, 0.0290150083601], "dvar": [0.00132202333771, 0.00115003820974, 0.000718288647477, 0.000543596222997, 0.000323034037137, 0.000291531265248], "dvar2": [0.00368170952424, 0.0030236269813, 0.00183233001735, 0.00146778451744, 0.000787297729403, 0.000701053475495], "max": [-0.286806941032, -0.45968708396, -0.54791033268, -0.530314385891, -0.553525984287, -0.60840433836], "mean": [-0.621955513954, -0.719754338264, -0.749772071838, -0.747967243195, -0.76797068119, -0.76153254509], "median": [-0.634106516838, -0.719889938831, -0.747529327869, -0.743714928627, -0.766759455204, -0.757397532463], "min": [-0.97831594944, -0.980636417866, -0.980377435684, -0.974527299404, -0.97902405262, -0.964168667793], "var": [0.00747088156641, 0.00411859201267, 0.00391419744119, 0.00331402895972, 0.00289518781938, 0.00255967164412]}, "spectral_contrast_valleys": {"dmean": [0.435992717743, 0.288960784674, 0.272640317678, 0.232856824994, 0.212003260851, 0.28496748209], "dmean2": [0.735332727432, 0.473174631596, 0.437338292599, 0.369625806808, 0.309005141258, 0.383483231068], "dvar": [0.153951898217, 0.0659288018942, 0.0610638782382, 0.04811546579, 0.0504590794444, 0.108001068234], "dvar2": [0.430401057005, 0.157563582063, 0.139154300094, 0.104237899184, 0.0939264893532, 0.212399944663], "max": [-5.6719326973, -4.67591953278, -5.31244754791, -5.89536714554, -5.60114002228, -7.1439666748], "mean": [-8.3825378418, -6.