{"lowlevel": {"average_loudness": 0.827457904816, "barkbands_crest": {"dmean": 2.25946545601, "dmean2": 3.7566883564, "dvar": 4.58116912842, "dvar2": 12.3428077698, "max": 25.9105262756, "mean": 11.8303585052, "median": 11.0661878586, "min": 3.00356912613, "var": 10.7543230057}, "barkbands_flatness_db": {"dmean": 0.0289145074785, "dmean2": 0.0450933016837, "dvar": 0.00098187266849, "dvar2": 0.00205996003933, "max": 0.459519535303, "mean": 0.275672644377, "median": 0.28627884388, "min": 0.0352129861712, "var": 0.00667542591691}, "barkbands_kurtosis": {"dmean": 6.26307058334, "dmean2": 10.0146760941, "dvar": 431.909423828, "dvar2": 1185.93896484, "max": 798.398010254, "mean": 14.284403801, "median": 11.3317642212, "min": -1.85416448116, "var": 363.376190186}, "barkbands_skewness": {"dmean": 0.602674722672, "dmean2": 0.93589001894, "dvar": 0.652158617973, "dvar2": 1.50885415077, "max": 23.8239021301, "mean": 1.80169427395, "median": 2.05234265327, "min": -3.75747895241, "var": 4.45277643204}, "barkbands_spread": {"dmean": 1.65012562275, "dmean2": 2.61025214195, "dvar": 12.2860994339, "dvar2": 26.4534053802, "max": 122.212654114, "mean": 5.82474565506, "median": 3.47129297256, "min": 0.464425384998, "var": 84.0265045166}, "dissonance": {"dmean": 0.0262857750058, "dmean2": 0.0433011129498, "dvar": 0.00070991209941, "dvar2": 0.00178618973587, "max": 0.499920636415, "mean": 0.428752750158, "median": 0.434945166111, "min": 0.214364379644, "var": 0.00255104131065}, "dynamic_complexity": 4.1507973671, "erbbands_crest": {"dmean": 2.26069974899, "dmean2": 3.70102071762, "dvar": 5.40433216095, "dvar2": 14.4619455338, "max": 29.6154136658, "mean": 11.2733373642, "median": 10.6780900955, "min": 2.07394909859, "var": 28.0138702393}, "erbbands_flatness_db": {"dmean": 0.0214119087905, "dmean2": 0.0316460430622, "dvar": 0.000537644722499, "dvar2": 0.00106382579543, "max": 0.393353015184, "mean": 0.247467070818, "median": 0.266851693392, "min": 0.0224526897073, "var": 0.00543581182137}, "erbbands_kurtosis": {"dmean": 2.321164608, "dmean2": 3.75822710991, "dvar": 14.6614961624, "dvar2": 38.3064231873, "max": 53.2868881226, "mean": 5.17648601532, "median": 2.45345640182, "min": -1.75854253769, "var": 60.7880821228}, "erbbands_skewness": {"dmean": 0.405487477779, "dmean2": 0.649588763714, "dvar": 0.211793422699, "dvar2": 0.5387134552, "max": 6.4485373497, "mean": 1.47274720669, "median": 1.46685111523, "min": -1.56157505512, "var": 1.65136432648}, "erbbands_spread": {"dmean": 4.8653717041, "dmean2": 7.24678325653, "dvar": 64.802734375, "dvar2": 130.707092285, "max": 169.300308228, "mean": 21.0853500366, "median": 14.8159227371, "min": 2.29833078384, "var": 313.191680908}, "hfc": {"dmean": 1.91927874088, "dmean2": 2.90801358223, "dvar": 9.63794994354, "dvar2": 20.8425731659, "max": 46.2284889221, "mean": 8.14669132233, "median": 6.09126615524, "min": 1.17355263407e-16, "var": 56.8403739929}, "melbands_crest": {"dmean": 2.87912130356, "dmean2": 4.8800034523, "dvar": 8.34023189545, "dvar2": 23.3338184357, "max": 39.930973053, "mean": 14.0595159531, "median": 14.2879343033, "min": 1.73616671562, "var": 32.3054504395}, "melbands_flatness_db": {"dmean": 0.0318254865706, "dmean2": 0.0491923578084, "dvar": 0.00141474208795, "dvar2": 0.00299134338275, "max": 0.569168508053, "mean": 0.345447808504, "median": 0.376295685768, "min": 0.0049717319198, "var": 0.0191617738456}, "melbands_kurtosis": {"dmean": 12.6690692902, "dmean2": 21.4443721771, "dvar": 26284.859375, "dvar2": 76968.28125, "max": 6154.87548828, "mean": 20.6971149445, "median": 12.0229387283, "min": -1.52457606792, "var": 14865.7890625}, "melbands_skewness": {"dmean": 0.671734690666, "dmean2": 1.0463180542, "dvar": 3.51308512688, "dvar2": 9.16374969482, "max": 72.4252090454, "mean": 2.4041223526, "median": 2.15965366364, "min": -0.544871032238, "var": 5.15882968903}, "melbands_spread": {"dmean": 2.89231038094, "dmean2": 4.84293794632, "dvar": 43.0534172058, "dvar2": 112.714004517, "max": 180.633636475, "mean": 19.4114379883, "median": 4.09746599197, "min": 0.114937648177, "var": 1823.46594238}, "pitch_salience": {"dmean": 0.0719811245799, "dmean2": 0.120879426599, "dvar": 0.00529818003997, "dvar2": 0.01434892416, "max": 0.889864087105, "mean": 0.587981939316, "median": 0.587812781334, "min": 0.00948731414974, "var": 0.0159629415721}, "silence_rate_20dB": {"dmean": 0, "dmean2": 0, "dvar": 0, "dvar2": 0, "max": 1, "mean": 1, "median": 1, "min": 1, "var": 0}, "silence_rate_30dB": {"dmean": 0.00658376002684, "dmean2": 0.0131723377854, "dvar": 0.00654041301459, "dvar2": 0.013729846105, "max": 1, "mean": 0.991590499878, "median": 1, "min": 0, "var": 0.00833865255117}, "silence_rate_60dB": {"dmean": 0.00658376002684, "dmean2": 0.0131723377854, "dvar": 0.00654038414359, "dvar2": 0.0151934018359, "max": 1, "mean": 0.190859228373, "median": 0, "min": 0, "var": 0.154434099793}, "spectral_centroid": {"dmean": 87.6469802856, "dmean2": 139.863296509, "dvar": 46486.171875, "dvar2": 82663.1796875, "max": 10798.4101562, "mean": 811.055236816, "median": 344.876037598, "min": 167.767364502, "var": 1447713.875}, "spectral_complexity": {"dmean": 1.69934165478, "dmean2": 2.59055972099, "dvar": 9.91701221466, "dvar2": 20.0604362488, "max": 49, "mean": 8.74040222168, "median": 8, "min": 0, "var": 41.4768600464}, "spectral_decrease": {"dmean": 2.22558682594e-09, "dmean2": 3.47231376985e-09, "dvar": 1.00728322635e-17, "dvar2": 2.12327370162e-17, "max": 3.39683372906e-17, "mean": -7.25650561861e-09, "median": -6.01458971516e-09, "min": -5.91900715108e-08, "var": 4.22469428408e-17}, "spectral_energy": {"dmean": 0.00855213869363, "dmean2": 0.0133267724887, "dvar": 0.00014809705317, "dvar2": 0.000311810901621, "max": 0.227578312159, "mean": 0.028126610443, "median": 0.0232043676078, "min": 1.09363576347e-20, "var": 0.000631796079688}, "spectral_energyband_high": {"dmean": 3.05758221657e-05, "dmean2": 4.38984498032e-05, "dvar": 1.08145323807e-08, "dvar2": 2.16144186993e-08, "max": 0.00164150772616, "mean": 4.22424382123e-05, "median": 2.6596464977e-06, "min": 7.76901198345e-21, "var": 1.98893967962e-08}, "spectral_energyband_low": {"dmean": 0.00461014080793, "dmean2": 0.00782972574234, "dvar": 7.24667115719e-05, "dvar2": 0.000171040941495, "max": 0.0852002575994, "mean": 0.00774961942807, "median": 0.00416624965146, "min": 4.46862061122e-23, "var": 0.000116252602311}, "spectral_energyband_middle_high": {"dmean": 0.000260717701167, "dmean2": 0.000400807242841, "dvar": 5.32330886927e-07, "dvar2": 1.31549040816e-06, "max": 0.00951160024852, "mean": 0.000717884046026, "median": 0.000312052550726, "min": 1.60483237229e-21, "var": 1.07075868527e-06}, "spectral_energyband_middle_low": {"dmean": 0.00669575482607, "dmean2": 0.0104882586747, "dvar": 0.000102326455817, "dvar2": 0.000218033339479, "max": 0.206525176764, "mean": 0.0213823150843, "median": 0.0157991293818, "min": 4.80445523309e-22, "var": 0.0004515768087}, "spectral_entropy": {"dmean": 0.249728217721, "dmean2": 0.382266610861, "dvar": 0.090091869235, "dvar2": 0.184284731746, "max": 9.79127502441, "mean": 6.46532440186, "median": 6.16348409653, "min": 4.65892076492, "var": 1.16328191757}, "spectral_flux": {"dmean": 0.0219107195735, "dmean2": 0.0350055471063, "dvar": 0.000807908712886, "dvar2": 0.00191756151617, "max": 0.335560292006, "mean": 0.0605752952397, "median": 0.0523215532303, "min": 1.04577041471e-10, "var": 0.00230508972891}, "spectral_kurtosis": {"dmean": 11.2120027542, "dmean2": 18.0912876129, "dvar": 238.188964844, "dvar2": 557.366821289, "max": 196.575668335, "mean": 24.2937011719, "median": 16.0430030823, "min": -1.24827826023, "var": 670.252868652}, "spectral_rms": {"dmean": 0.000698514806572, "dmean2": 0.00109089340549, "dvar": 7.24272183561e-07, "dvar2": 1.58909517722e-06, "max": 0.0149005912244, "mean": 0.00452073477209, "median": 0.00475798361003, "min": 3.26643811825e-12, "var": 7.00382861396e-06}, "spectral_rolloff": {"dmean": 125.977218628, "dmean2": 220.964187622, "dvar": 276762.28125, "dvar2": 636106.0625, "max": 18841.5527344, "mean": 2353.02319336, "median": 366.064453125, "min": 21.533203125, "var": 30805054}, "spectral_skewness": {"dmean": 0.770516932011, "dmean2": 1.20636308193, "dvar": 0.841140985489, "dvar2": 1.88689672947, "max": 11.2342681885, "mean": 3.28798532486, "median": 2.99273467064, "min": 0.0335286594927, "var": 3.5572822094}, "spectral_spread": {"dmean": 452147.5, "dmean2": 690770.3125, "dvar": 646154878976, "dvar2": 918453551104, "max": 42761684, "mean": 3439765.75, "median": 2149639.25, "min": 536526.1875, "var": 12000361971700.0}, "spectral_strongpeak": {"dmean": 0.290960133076, "dmean2": 0.495255172253, "dvar": 0.145876854658, "dvar2": 0.38540160656, "max": 3.90280604362, "mean": 0.737021625042, "median": 0.515174031258, "min": 0, "var": 0.492718815804}, "zerocrossingrate": {"dmean": 0.00383766926825, "dmean2": 0.0049755377695, "dvar": 6.92667526891e-05, "dvar2": 7.64566793805e-05, "max": 0.6044921875, "mean": 0.0791856497526, "median": 0.0166015625, "min": 0.00244140625, "var": 0.030613258481}, "barkbands": {"dmean": [1.14429767564e-05, 0.00170802406501, 0.00230350880884, 0.00253893109038, 0.00483526987955, 0.00168945023324, 0.000514735642355, 0.000246889190748, 0.000151008411194, 4.99504640175e-05, 7.26750222384e-05, 5.08735283802e-05, 2.76149276033e-05, 1.87741807167e-05, 3.45897278748e-05, 2.39595137828e-05, 2.41228372033e-05, 3.77099240723e-05, 3.16766818287e-05, 1.73092976183e-05, 1.21109706015e-05, 6.31512739346e-06, 2.14412170862e-06, 1.06433810743e-06, 4.12812767081e-07, 2.11217653145e-07, 5.29890584744e-08], "dmean2": [1.83928896149e-05, 0.00271757389419, 0.00395812094212, 0.00443084072322, 0.00731822382659, 0.0028401564341, 0.00078909820877, 0.000341247825418, 0.000223031223868, 7.63280841056e-05, 0.00011861728126, 7.31691907276e-05, 4.16684379161e-05, 2.99825569527e-05, 5.79083825869e-05, 3.82404505217e-05, 3.82755097235e-05, 5.87232789258e-05, 5.10887803102e-05, 2.52556437772e-05, 1.93093528651e-05, 9.47944863583e-06, 3.14496833198e-06, 1.57727845362e-06, 6.18431613475e-07, 3.25780433741e-07, 8.37838882717e-08], "dvar": [7.33847482781e-10, 3.05409776047e-05, 2.21026530198e-05, 1.54038007167e-05, 6.63045721012e-05, 1.12435091069e-05, 2.11442647924e-06, 4.70846657663e-07, 2.64331902144e-07, 1.12638023353e-08, 1.95813782966e-08, 1.18920766567e-08, 3.45677841906e-09, 3.16914183784e-09, 1.8613357966e-08, 5.25507148907e-09, 5.81711079306e-09, 3.03286888936e-08, 1.39307108071e-08, 3.61844088026e-09, 2.06236161482e-09, 4.12394257632e-10, 6.16960163513e-11, 2.64363531066e-11, 5.76204925787e-12, 1.92202634017e-12, 1.87154016785e-13], "dvar2": [1.64482349962e-09, 7.14974084985e-05, 6.03300868534e-05, 4.21666481998e-05, 0.000133149354951, 3.5975350329e-05, 5.1512911341e-06, 8.41035387111e-07, 5.30114277808e-07, 2.67556643507e-08, 5.37624416097e-08, 2.37160122651e-08, 7.95698529288e-09, 8.28532975561e-09, 5.18482359269e-08, 1.33400703817e-08, 1.47378740323e-08, 7.91671226352e-08, 3.68954644614e-08, 6.76439748659e-09, 4.91396123792e-09, 7.84040776747e-10, 1.07661518589e-10, 4.03851084518e-11, 9.5232242231e-12, 3.43517098447e-12, 4.34556253828e-13], "max": [0.000380037643481, 0.0519367828965, 0.0586249828339, 0.0611861050129, 0.170954748988, 0.0390904210508, 0.0300062913448, 0.0203696954995, 0.0118624083698, 0.00200792006217, 0.00195403490216, 0.00187104567885, 0.000862713030074, 0.000887414324097, 0.00271598156542, 0.000960362667684, 0.000996919698082, 0.00267908652313, 0.00157067377586, 0.000757525558583, 0.000643303792458, 0.000368115550373, 0.000216047876165, 0.000185836397577, 7.58995447541e-05, 4.37729067926e-05, 1.472209442e-05], "mean": [1.2751430404e-05, 0.00179519632366, 0.00419969204813, 0.00343001750298, 0.00967753864825, 0.00516175851226, 0.00176581449341, 0.000728012877516, 0.000573038181756, 0.000110846485768, 0.000150975334691, 0.000123298639664, 7.23394841771e-05, 3.4233329643e-05, 4.83353069285e-05, 4.18144081777e-05, 3.96323594032e-05, 5.7767090766e-05, 4.72417050332e-05, 2.92271488433e-05, 1.43555689647e-05, 7.86877444625e-06, 2.79923870039e-06, 1.35896414122e-06, 4.65157825147e-07, 2.34651722053e-07, 5.45029763543e-08], "median": [3.22629034599e-06, 0.000152845866978, 0.00164593209047, 0.00145407253876, 0.00518561480567, 0.00292968354188, 0.000490929523949, 0.000155003843247, 5.96486825089e-05, 4.31267544627e-05, 7.41535259294e-05, 4.38139759353e-05, 2.26926822506e-05, 1.04700502561e-05, 1.20832783068e-05, 8.66703067004e-06, 4.39678660769e-06, 3.25677683577e-06, 3.16277441925e-06, 1.56114367655e-06, 7.20529953924e-07, 4.52276850638e-07, 1.81343139616e-07, 2.75105065839e-07, 3.16109591836e-08, 1.30839108436e-08, 3.91307253267e-09], "min": [1.93372148411e-23, 1.72523122665e-23, 7.74808610372e-24, 3.40403546468e-23, 6.78784642902e-23, 2.1701232181e-23, 1.47128554167e-22, 7.46676852304e-23, 1.13756620297e-22, 9.17756927493e-23, 9.9982231679e-23, 6.01679232324e-23, 1.85669306635e-22, 1.02197037556e-22, 1.22429306602e-22, 1.77860391467e-22, 1.64073071841e-22, 2.3770845369e-22, 2.56817946476e-22, 2.3842991432e-22, 3.89230963099e-22, 7.73217326465e-22, 7.02259881264e-22, 8.16328107929e-22, 1.30390038998e-21, 1.61000103943e-21, 2.25399083271e-21], "var": [1.02817065972e-09, 3.12957890856e-05, 3.5162876884e-05, 2.57888041233e-05, 0.000199515765416, 4.07703555538e-05, 1.32610730361e-05, 3.46493197867e-06, 1.60471915933e-06, 2.87456884962e-08, 5.16507689952e-08, 4.01823889717e-08, 1.37528770594e-08, 4.72532990514e-09, 1.79608559137e-08, 7.96814170201e-09, 8.70265814967e-09, 3.16188923932e-08, 1.61837991897e-08, 7.05857816641e-09, 2.77592682174e-09, 7.89176390903e-10, 1.37731492877e-10, 6.00101773829e-11, 1.12150002826e-11, 3.49658691758e-12, 2.15189641822e-13]}, "erbbands": {"dmean": [0.0254710372537, 0.470082223415, 2.09442877769, 6.32719278336, 13.838350296, 17.024148941, 17.8183689117, 8.53073692322, 8.4361371994, 4.44479751587, 6.41299152374, 3.74309897423, 1.88194739819, 2.53370738029, 2.1551861763, 2.15481519699, 1.21363472939, 0.929332613945, 1.91016817093, 1.25211369991, 1.22428131104, 1.26555204391, 2.05519866943, 1.77348518372, 1.38946962357, 0.795401573181, 0.666487038136, 0.35559001565, 0.260043978691, 0.101514667273, 0.0576015673578, 0.0306718237698, 0.0129650225863, 0.00519413594157, 0.00276270508766, 0.00111966580153, 0.000364116829587, 9.35727439355e-05, 1.0504657439e-05, 9.43610757531e-06], "dmean2": [0.0398156493902, 0.753974854946, 3.54481577873, 11.1565761566, 20.094827652, 27.2332210541, 29.8545703888, 13.5578460693, 11.7646169662, 7.21901798248, 8.65385723114, 5.36580371857, 2.89866518974, 4.04565811157, 3.4183819294, 3.07726073265, 1.82113850117, 1.44115304947, 3.13473272324, 2.02696871758, 1.93777298927, 1.94846010208, 3.16573190689, 2.8598446846, 2.20786643028, 1.15017569065, 1.02373886108, 0.562591195107, 0.384625822306, 0.143482133746, 0.0856566280127, 0.0476886965334, 0.0183196179569, 0.0079299909994, 0.00407732650638, 0.00177321711089, 0.000553141988348, 0.00014243980695, 1.63802960742e-05, 1.46298116306e-05], "dvar": [0.00594999548048, 2.33492064476, 25.3751831055, 78.6266098022, 1095.43139648, 708.216186523, 1467.72961426, 156.622314453, 425.403259277, 159.041976929, 362.45614624, 122.443832397, 26.0425605774, 21.704832077, 18.8123645782, 18.6214733124, 6.55675411224, 7.18564605713, 50.3959617615, 21.0506839752, 16.4896373749, 16.6543006897, 82.153755188, 53.9854049683, 28.5376930237, 7.46943569183, 6.9252409935, 1.55680763721, 0.670835494995, 0.123113401234, 0.0490631498396, 0.0176576301455, 0.00509263575077, 0.000964936858509, 0.000215415959246, 4.64250697405e-05, 6.98380154063e-06, 5.70514600895e-07, 3.21821280735e-09, 1.76782186112e-10], "dvar2": [0.0147674987093, 5.43820619583, 67.4394607544, 245.139801025, 2015.42224121, 1825.6895752, 4559.52734375, 427.131958008, 897.300292969, 393.831634521, 636.841430664, 253.813781738, 66.8107070923, 60.478263855, 44.0835914612, 39.3039588928, 14.9131679535, 18.1809616089, 139.789764404, 56.7599525452, 44.3199310303, 40.7432518005, 210.483139038, 149.598251343, 71.2347183228, 14.5679740906, 16.001783371, 3.49807620049, 1.34601271152, 0.174374982715, 0.0908948406577, 0.0324657596648, 0.00677967537194, 0.00157285341993, 0.000364656501915, 8.97163990885e-05, 1.25587575894e-05, 1.19953801914e-06, 6.99056457165e-09, 3.68955005436e-10], "max": [0.866874754429, 13.9163045883, 61.0532150269, 105.265670776, 721.640625, 352.93548584, 463.371398926, 312.666656494, 475.590545654, 244.909317017, 558.539245605, 189.32220459, 91.8546524048, 74.002571106, 72.1915359497, 65.987701416, 35.6739845276, 39.1347007751, 157.636367798, 63.3529281616, 54.9524345398, 56.5834655762, 135.469772339, 114.903129578, 65.4276428223, 37.6253700256, 38.7110176086, 19.4888362885, 13.9176416397, 10.997918129, 5.98144769669, 4.06414175034, 2.82225394249, 0.976384699345, 0.465453058481, 0.221139654517, 0.087843619287, 0.0253743249923, 0.00168388802558, 0.000249150034506], "mean": [0.0272570848465, 0.535159528255, 3.68406677246, 9.67559814453, 22.6637802124, 33.102684021, 45.6641387939, 31.2714958191, 34.6898040771, 12.6457996368, 19.5618534088, 15.6609487534, 5.72445297241, 5.22579431534, 5.0849146843, 5.38511800766, 3.4386382103, 2.09916114807, 2.98070144653, 1.9224640131, 2.15750527382, 2.16000127792, 3.18822050095, 2.75081419945, 2.06535029411, 1.35381484032, 0.866954624653, 0.428337454796, 0.315432935953, 0.137717008591, 0.0737091079354, 0.0346958562732, 0.0194278825074, 0.00629925355315, 0.00304853683338, 0.00124372600112, 0.000407032988733, 0.000102059661003, 2.09243262361e-05, 3.13255441142e-05], "median": [0.00408902950585, 0.0938181877136, 1.54613757133, 5.42190170288, 7.86234092712, 18.9646682739, 22.4270820618, 21.0168762207, 10.0169277191, 3.4243953228, 4.46001052856, 2.37525105476, 2.01772499084, 3.05184841156, 2.15673017502, 1.94160759449, 1.24392926693, 0.714508831501, 0.833922624588, 0.502971768379, 0.394778460264, 0.233409717679, 0.211645752192, 0.202495828271, 0.116604119539, 0.0748116001487, 0.0423358976841, 0.0247721727937, 0.0171988978982, 0.00906316377223, 0.00481701595709, 0.00325137889013, 0.00608778279275, 0.000847638119012, 0.000207671851967, 8.57485429151e-05, 3.2804611692e-05, 6.47521028441e-06, 1.36055978146e-05, 2.58910913544e-05], "min": [1.04268297255e-21, 1.81273985717e-21, 8.06274753482e-21, 5.05412071784e-20, 1.86983931898e-19, 2.25665004067e-19, 2.09689238382e-19, 2.95211765031e-19, 2.25639175352e-18, 1.63186263623e-18, 1.43641102442e-18, 1.75365267711e-18, 3.08019291968e-18, 4.19596712858e-18, 3.44264774767e-18, 2.57850725778e-18, 7.01380338018e-18, 6.76328221909e-18, 6.20946536024e-18, 8.59539587244e-18, 8.51728107129e-18, 1.00773875471e-17, 1.23278697156e-17, 9.72548092632e-18, 1.5258621911e-17, 1.2370038556e-17, 1.77788973081e-17, 1.31236306997e-17, 2.92950679234e-17, 2.40071487672e-17, 1.98384099428e-17, 1.46270463523e-17, 1.55010850922e-17, 1.22119271178e-17, 9.75875509364e-18, 6.09156069009e-18, 2.89259249266e-18, 1.32052250361e-18, 2.8954363913e-19, 3.46460657535e-20], "var": [0.00661207316443, 2.3722717762, 31.3194694519, 133.788253784, 2813.75854492, 1893.33825684, 4518.91015625, 1553.28137207, 4602.84960938, 572.429870605, 2713.78710938, 844.428588867, 75.0850372314, 48.0575523376, 53.654800415, 71.3231964111, 27.2680664062, 13.257194519, 54.6257095337, 21.1028289795, 21.3233070374, 26.0306816101, 90.0058517456, 57.2101364136, 33.6455841064, 14.7880115509, 9.34298324585, 2.41311764717, 1.23999643326, 0.297107756138, 0.10389033705, 0.0349059514701, 0.0124787539244, 0.00195053347852, 0.000411727058236, 8.20276254672e-05, 1.16893015729e-05, 7.96696042471e-07, 4.12611100842e-09, 7.69175723114e-10]}, "gfcc": {"mean": [-214.384597778, 155.055587769, -88.9222412109, 17.6486358643, -50.6018295288, -12.5313282013, -33.2392349243, -14.4993219376, -21.3307781219, -14.6674556732, -4.17259216309, -11.1356906891, -2.58654904366], "cov": [[71052.453125, 21796.2363281, -5135.80517578, 1427.38720703, -1957.53662109, -3354.86108398, -1292.81140137, -2886.30493164, -929.679199219, -2485.69604492, 217.742324829, -1715.42468262, 46.7607269287], [21796.2363281, 8414.96191406, -1096.16247559, -62.0107002258, -469.463592529, -1000.48516846, -476.731628418, -1068.64257812, -197.462753296, -959.413574219, 233.22064209, -755.63092041, 183.394454956], [-5135.80517578, -1096.16247559, 1222.53039551, -91.0264511108, 60.7234420776, 480.82434082, -34.9770317078, 148.65977478, 25.0728263855, 164.955184937, -44.3300437927, 55.930229187, 70.8334732056], [1427.38720703, -62.0107002258, -91.0264511108, 548.178344727, -101.181396484, -57.3187904358, 65.915977478, -16.5221652985, -12.1142673492, -7.10310411453, 3.44882774353, 51.9534263611, -24.7433567047], [-1957.53662109, -469.463592529, 60.7234420776, -101.181396484, 285.426422119, 68.4988021851, 59.1255187988, 74.0958251953, 45.4082603455, 43.2085266113, 13.0316543579, 51.599521637, 14.1135053635], [-3354.86108398, -1000.48516846, 480.82434082, -57.3187904358, 68.4988021851, 360.54486084, 47.2358894348, 135.655960083, 60.1802711487, 152.884170532, -60.1897125244, 73.4889221191, 26.7681903839], [-1292.81140137, -476.731628418, -34.9770317078, 65.915977478, 59.1255187988, 47.2358894348, 171.391860962, 87.4538574219, 71.6813812256, 54.5916633606, 15.910618782, 47.8567771912, -16.1548404694], [-2886.30493164, -1068.64257812, 148.65977478, -16.5221652985, 74.0958251953, 135.655960083, 87.4538574219, 257.277496338, 63.328289032, 146.000854492, -14.302321434, 106.565200806, -25.1294269562], [-929.679199219, -197.462753296, 25.0728263855, -12.1142673492, 45.4082603455, 60.1802711487, 71.6813812256, 63.328289032, 122.617202759, 54.4802932739, 9.51030254364, 3.85987567902, 2.31202530861], [-2485.69604492, -959.413574219, 164.955184937, -7.10310411453, 43.2085266113, 152.884170532, 54.5916633606, 146.000854492, 54.4802932739, 169.763580322, -20.9578342438, 91.6927719116, -24.7434101105], [217.742324829, 233.22064209, -44.3300437927, 3.44882774353, 13.0316543579, -60.1897125244, 15.910618782, -14.302321434, 9.51030254364, -20.9578342438, 103.098197937, 9.16025352478, 12.2796878815], [-1715.42468262, -755.63092041, 55.930229187, 51.9534263611, 51.599521637, 73.4889221191, 47.8567771912, 106.565200806, 3.85987567902, 91.6927719116, 9.16025352478, 137.226882935, 2.45256447792], [46.7607269287, 183.394454956, 70.8334732056, -24.7433567047, 14.1135053635, 26.7681903839, -16.1548404694, -25.1294269562, 2.31202530861, -24.7434101105, 12.2796878815, 2.45256447792, 78.4536819458]], "icov": [[0.000577594561037, -0.00174582062755, 0.0011040836107, -0.00127960066311, 0.000520681205671, -0.000170685045305, 0.000439338997239, -0.000242160342168, 0.00147110200487, -0.00149983901065, 0.00251364707947, -0.00166105420794, 0.00145594764035], [-0.00174582062755, 0.00596346287057, -0.00313273235224, 0.00378481624648, -0.00125504680909, 0.00066419376526, -0.000581763277296, 0.00135504524224, -0.00501199113205, 0.0061521162279, -0.00871202349663, 0.00683124968782, -0.00532610714436], [0.0011040836107, -0.00313273235224, 0.00439050421119, -0.00281523866579, 0.000962713849731, -0.00370990624651, 0.00226986827329, -0.00111592549365, 0.00382358138449, -0.00267079938203, 0.00294488435611, -0.00102100311778, 0.00163164746482], [-0.00127960066311, 0.00378481624648, -0.00281523866579, 0.00539191812277, -9.7583506431e-06, 0.00114540837239, -0.00257549085654, 0.00137391558383, -0.00365332490765, 0.00397505424917, -0.00466403923929, 0.000971033121459, -0.00226071337238], [0.000520681205671, -0.00125504680909, 0.000962713849731, -9.7583506431e-06, 0.00533789442852, -0.000288798386464, -0.000479744543554, -0.000121521719848, -0.000156849913765, 0.000767217483371, 0.00170783884823, -0.00301844929345, 0.000825392082334], [-0.000170685045305, 0.00066419376526, -0.00370990624651, 0.00114540837239, -0.000288798386464, 0.011558348313, -0.00251142052002, 0.00120439892635, -0.00226514437236, -0.00462059024721, 0.00434162747115, -0.00060913071502, -0.00381421414204], [0.000439338997239, -0.000581763277296, 0.00226986827329, -0.00257549085654, -0.000479744543554, -0.00251142052002, 0.0121655566618, -0.0016384087503, -0.00426927022636, 0.00263701798394, -0.00134782050736, -0.000700440432411, 0.00235024024732], [-0.000242160342168, 0.00135504524224, -0.00111592549365, 0.00137391558383, -0.000121521719848, 0.00120439892635, -0.0016384087503, 0.010336776264, -0.00331111997366, -0.00179487059359, -0.000607226800639, -0.00236567528918, 0.000702621066011], [0.00147110200487, -0.00501199113205, 0.00382358138449, -0.00365332490765, -0.000156849913765, -0.00226514437236, -0.00426927022636, -0.00331111997366, 0.0204222351313, -0.0121118314564, 0.00427645165473, 0.00318317045458, -9.43877967075e-05], [-0.00149983901065, 0.0061521162279, -0.00267079938203, 0.00397505424917, 0.000767217483371, -0.00462059024721, 0.00263701798394, -0.00179487059359, -0.0121118314564, 0.0306392405182, -0.00828859582543, -0.00226075854152, 0.00297257164493], [0.00251364707947, -0.00871202349663, 0.00294488435611, -0.00466403923929, 0.00170783884823, 0.00434162747115, -0.00134782050736, -0.000607226800639, 0.00427645165473, -0.00828859582543, 0.0264485962689, -0.0144657129422, 0.00604897644371], [-0.00166105420794, 0.00683124968782, -0.00102100311778, 0.000971033121459, -0.00301844929345, -0.00060913071502, -0.000700440432411, -0.00236567528918, 0.00318317045458, -0.00226075854152, -0.0144657129422, 0.0303559117019, -0.0133934384212], [0.00145594764035, -0.00532610714436, 0.00163164746482, -0.00226071337238, 0.000825392082334, -0.00381421414204, 0.00235024024732, 0.000702621066011, -9.43877967075e-05, 0.00297257164493, 0.00604897644371, -0.0133934384212, 0.0244169235229]]}, "melbands": {"dmean": [0.00035479653161, 0.000925109256059, 0.00122359627858, 0.00113706360571, 0.00059730821522, 0.000223351555178, 0.000125317528727, 4.34877219959e-05, 5.04288764205e-05, 2.35480529227e-05, 9.03310956346e-06, 9.90313401417e-06, 8.14110990177e-06, 6.37153061689e-06, 3.22424989463e-06, 3.00192755276e-06, 1.67793416495e-06, 3.03214164887e-06, 2.01745888262e-06, 1.95247162083e-06, 1.33200228447e-06, 1.38455607157e-06, 1.51137896864e-06, 2.00148383556e-06, 1.454176072e-06, 1.23080212688e-06, 7.02512409134e-07, 5.56821703412e-07, 4.50747734249e-07, 2.98333446835e-07, 1.92884087369e-07, 1.69931809069e-07, 8.57286295286e-08, 4.80789417168e-08, 3.62482168725e-08, 2.48934810543e-08, 1.61571591661e-08, 9.63192903214e-09, 6.10565820125e-09, 3.81643383562e-09], "dmean2": [0.000560491869692, 0.00150868855417, 0.00203464925289, 0.00170556362718, 0.000996311428025, 0.000358385208528, 0.000178196409252, 7.01105382177e-05, 6.84385449858e-05, 3.37499077432e-05, 1.40125966936e-05, 1.57764770847e-05, 1.30766329676e-05, 9.19861304283e-06, 4.78963602291e-06, 4.52884478364e-06, 2.66096731139e-06, 4.91969831273e-06, 3.41263466908e-06, 3.07419554701e-06, 2.15998670683e-06, 2.2253118459e-06, 2.25251847041e-06, 3.2059519981e-06, 2.36457026404e-06, 2.03038325708e-06, 1.06304059955e-06, 7.84606868365e-07, 6.71003363095e-07, 4.74886803659e-07, 3.12883628339e-07, 2.62108784455e-07, 1.18577695218e-07, 6.96864148608e-08, 5.39527889032e-08, 3.93412342703e-08, 2.52709106974e-08, 1.36153612829e-08, 9.17502518405e-09, 5.86573412065e-09], "dvar": [1.28323540594e-06, 5.17850958204e-06, 3.45685248249e-06, 4.15615568272e-06, 1.17723277526e-06, 1.23737805779e-07, 1.01301978361e-07, 1.3385157871e-08, 2.46998617115e-08, 5.28732835292e-09, 6.14056416826e-10, 3.16525666788e-10, 2.40893194281e-10, 1.9431543874e-10, 4.57238830132e-11, 4.38322052265e-11, 2.56431108986e-11, 1.15278897539e-10, 7.51849485447e-11, 3.24730069223e-11, 2.07866137497e-11, 1.89804717082e-11, 2.82813061164e-11, 9.72368921492e-11, 3.27034892222e-11, 2.29938741658e-11, 6.86158291643e-12, 3.42094820353e-12, 3.19338435903e-12, 1.14026767629e-12, 4.39424701053e-13, 3.0126072535e-13, 8.32453206302e-14, 3.07323746529e-14, 2.08733228049e-14, 9.91117147934e-15, 5.83578849714e-15, 2.86991978474e-15, 1.76004722e-15, 4.43223700997e-16], "dvar2": [3.01081604448e-06, 1.26528593682e-05, 8.27719213703e-06, 8.41154087539e-06, 3.54212784259e-06, 3.53748987436e-07, 2.24322249665e-07, 3.2595924182e-08, 4.3414669193e-08, 1.1298796565e-08, 1.59194346594e-09, 8.69267380299e-10, 6.10135553192e-10, 3.88495541292e-10, 9.8035531082e-11, 9.98299706789e-11, 6.66578389708e-11, 3.18249149256e-10, 2.12174250391e-10, 8.00064389739e-11, 5.71727595822e-11, 4.88244375485e-11, 6.425390775e-11, 2.61755367381e-10, 9.12241185369e-11, 6.05904076911e-11, 1.52079963206e-11, 6.50996227411e-12, 7.20704485674e-12, 2.65332374128e-12, 1.02605467525e-12, 6.58248575005e-13, 1.2464546539e-13, 4.85406054002e-14, 3.93117206539e-14, 2.09857122185e-14, 1.04903759968e-14, 4.1721276973e-15, 2.8798383288e-15, 7.36682871315e-16], "max": [0.0119932014495, 0.024684753269, 0.0279620923102, 0.0415636822581, 0.0124225597829, 0.00804999656975, 0.00682381307706, 0.00213666446507, 0.00432900013402, 0.00126464373898, 0.000445751677034, 0.000277329294477, 0.000250116048846, 0.000258817599388, 0.000175037741428, 0.000116735711345, 7.54101711209e-05, 0.000241293775616, 0.000144280362292, 7.25116260583e-05, 6.15202297922e-05, 5.52143974346e-05, 6.85181512381e-05, 0.000150217325427, 9.24405976548e-05, 6.13404044998e-05, 3.1524195947e-05, 2.39685523411e-05, 2.65906164714e-05, 1.49113157022e-05, 9.78370553639e-06, 7.67714755057e-06, 8.07591550256e-06, 5.650924777e-06, 3.92813171857e-06, 2.67075370175e-06, 2.36989944824e-06, 2.13360021917e-06, 1.38412030992e-06, 6.55681958506e-07], "mean": [0.000373344140826, 0.00156592449639, 0.00200811517425, 0.00207620090805, 0.00151192245539, 0.000786127871834, 0.000504080671817, 0.000121681856399, 0.000151630156324, 9.62458943832e-05, 2.56055591308e-05, 1.96305772988e-05, 1.87287187146e-05, 1.4641587768e-05, 8.97851168702e-06, 7.965547411e-06, 3.18536353916e-06, 4.85380041937e-06, 2.60427646026e-06, 3.35317304234e-06, 2.23017423195e-06, 2.18705145016e-06, 2.49065101343e-06, 3.00336682812e-06, 2.15688783101e-06, 1.71431054241e-06, 1.10803580355e-06, 8.74406055118e-07, 5.9218456272e-07, 3.49517563336e-07, 2.18057408574e-07, 1.97716374828e-07, 1.10702892187e-07, 6.43850981419e-08, 4.7644331147e-08, 2.57139660675e-08, 1.88742284024e-08, 1.41069707027e-08, 8.85556517005e-09, 4.15242684682e-09], "median": [3.52691422449e-05, 0.00061197130708, 0.00109277537558, 0.000943012069911, 0.000843703979626, 0.000493878440466, 0.000145485639223, 3.32083291141e-05, 2.97141523333e-05, 1.06474926724e-05, 8.76822014106e-06, 1.08387712316e-05, 8.47245610203e-06, 5.55045335204e-06, 3.29458771375e-06, 2.05967626243e-06, 1.01515661299e-06, 1.35713787586e-06, 6.70945382808e-07, 7.82457448167e-07, 3.35200013524e-07, 2.20364043457e-07, 2.07800766816e-07, 1.57652323196e-07, 1.61383951536e-07, 9.03540424702e-08, 6.13966264496e-08, 4.61258302664e-08, 2.92161335125e-08, 1.75966388127e-08, 1.21674172959e-08, 1.01098027727e-08, 6.79485356869e-09, 4.34630642587e-09, 2.87129431342e-09, 1.93668014958e-09, 1.86714377293e-09, 4.2454750826e-09, 2.4535176113e-09, 3.16966675129e-10], "min": [7.76727830068e-24, 3.61434254768e-24, 1.45594456364e-23, 1.4458168518e-23, 8.23402047703e-24, 8.17089661626e-24, 3.15505518577e-23, 1.71969468528e-23, 1.178541153e-23, 1.31260790607e-23, 1.52887648982e-23, 1.65456348904e-23, 1.33589444891e-23, 7.22669322158e-24, 6.8397664139e-24, 2.12789296949e-23, 1.07475892786e-23, 9.53376348169e-24, 9.71341077564e-24, 1.43419708843e-23, 8.61581968883e-24, 1.03043946003e-23, 1.30176185749e-23, 9.2298800615e-24, 7.24268106555e-24, 1.11283645489e-23, 9.43075244697e-24, 7.75742069481e-24, 1.0314377635e-23, 1.00985594908e-23, 6.74672658102e-24, 1.62224969533e-23, 1.58548230848e-23, 1.26751898332e-23, 1.11204759399e-23, 9.88380078686e-24, 9.05694755158e-24, 1.00647623231e-23, 1.26408593954e-23, 9.65725650096e-24], "var": [1.36769313031e-06, 6.6420307121e-06, 7.75646094553e-06, 1.13926353151e-05, 3.97042185796e-06, 1.03295178633e-06, 9.66906213762e-07, 5.23232159821e-08, 1.80744549994e-07, 3.61892205092e-08, 1.59725721538e-09, 7.02240710027e-10, 7.32400307069e-10, 6.00004101958e-10, 2.18330631352e-10, 1.95457774965e-10, 3.92563481721e-11, 1.31016558713e-10, 5.87596429846e-11, 5.31771848777e-11, 2.49504514271e-11, 2.70438879624e-11, 4.3186915849e-11, 9.11346137444e-11, 3.50233626822e-11, 2.41848954058e-11, 9.67347469488e-12, 6.99330524045e-12, 4.37982029117e-12, 1.64911140299e-12, 6.30150445713e-13, 4.89136888545e-13, 1.9048297824e-13, 6.97343929563e-14, 4.48692562868e-14, 1.53938158471e-14, 1.20308773591e-14, 6.56745386291e-15, 3.66429248191e-15, 8.4666835251e-16]}, "mfcc": {"mean": [-813.171569824, 184.662857056, 15.238863945, 29.4002742767, 1.63410365582, -1.92617869377, -3.46904277802, -7.36224508286, -12.017127037, -9.49264717102, -9.67046260834, -6.22984457016, -5.04785633087], "cov": [[20891.7382812, 8082.0234375, -1597.72021484, 1947.02062988, -554.610900879, -252.165008545, -337.7684021, -162.35256958, -763.116210938, -372.597076416, -412.352539062, -258.932800293, -73.5807571411], [8082.0234375, 5921.96679688, 131.088531494, 317.021362305, 173.595214844, -158.671112061, -62.8359336853, -276.766815186, -311.392883301, -298.663360596, -256.871612549, -197.624542236, -111.453170776], [-1597.72021484, 131.088531494, 1064.04016113, -124.397834778, 170.098098755, 168.206878662, 49.0417938232, -59.0249519348, 88.8193359375, -10.980887413, -16.8265991211, -5.98402118683, -96.7513809204], [1947.02062988, 317.021362305, -124.397834778, 535.275939941, -77.5093994141, -2.58586740494, -0.829243183136, 61.5566177368, -95.7179489136, -16.3901672363, -19.383972168, 5.3319683075, 32.8226776123], [-554.610900879, 173.595214844, 170.098098755, -77.5093994141, 205.796569824, 35.3690414429, 28.4445800781, -19.4905586243, 34.5921173096, -20.2582435608, -13.0141448975, -19.7978057861, -5.18454122543], [-252.165008545, -158.671112061, 168.206878662, -2.58586740494, 35.3690414429, 178.096984863, 9.25683307648, 1.72576403618, 63.2408218384, 12.7253341675, -3.23800468445, 1.67557835579, -20.904006958], [-337.7684021, -62.8359336853, 49.0417938232, -0.829243183136, 28.4445800781, 9.25683307648, 77.2398300171, 28.5690174103, 7.05318593979, -5.35018396378, 1.78860902786, 5.77788257599, 17.6314888], [-162.35256958, -276.766815186, -59.0249519348, 61.5566177368, -19.4905586243, 1.72576403618, 28.5690174103, 89.0541763306, 32.0099601746, 35.6968002319, 27.7113838196, 25.90508461, 35.0684928894], [-763.116210938, -311.392883301, 88.8193359375, -95.7179489136, 34.5921173096, 63.2408218384, 7.05318593979, 32.0099601746, 131.425460815, 66.997756958, 28.0971870422, 2.55377149582, -7.35313415527], [-372.597076416, -298.663360596, -10.980887413, -16.3901672363, -20.2582435608, 12.7253341675, -5.35018396378, 35.6968002319, 66.997756958, 96.5258865356, 56.5020217896, 21.3554992676, 8.45652770996], [-412.352539062, -256.871612549, -16.8265991211, -19.383972168, -13.0141448975, -3.23800468445, 1.78860902786, 27.7113838196, 28.0971870422, 56.5020217896, 74.1435470581, 46.3974761963, 21.3882637024], [-258.932800293, -197.624542236, -5.98402118683, 5.3319683075, -19.7978057861, 1.67557835579, 5.77788257599, 25.90508461, 2.55377149582, 21.3554992676, 46.3974761963, 68.6032028198, 40.8180046082], [-73.5807571411, -111.453170776, -96.7513809204, 32.8226776123, -5.18454122543, -20.904006958, 17.6314888, 35.0684928894, -7.35313415527, 8.45652770996, 21.3882637024, 40.8180046082, 75.3505249023]], "icov": [[0.000486903329147, -0.000644607003778, 0.00064518454019, -0.00100561568979, 0.000790902529843, -0.000732636835892, 0.00092582841171, -0.000507058401126, 0.000488361110911, -0.000571571465116, 0.000950297166128, -0.000451805652119, 0.000745811266825], [-0.000644607003778, 0.00111071218271, -0.000882778200321, 0.00109698984306, -0.00127680168953, 0.0012164725922, -0.00119717302732, 0.00130319083109, -0.000551552919205, 0.000938294047955, -0.00101049337536, 0.000814898405224, -0.000988421612419], [0.00064518454019, -0.000882778200321, 0.00249529629946, -0.00146220333409, 4.95483945997e-05, -0.0016045558732, -0.000212741462747, 0.000396453979192, -0.000124889134895, -0.00102110556327, 0.00237203435972, -0.00344876362942, 0.00388609524816], [-0.00100561568979, 0.00109698984306, -0.00146220333409, 0.00543407723308, -0.0011515339138, -0.000122457116959, -0.000773832667619, -0.00341888540424, 0.00336629268713, -0.000847420305945, -0.000738944741897, 0.0018594317371, -0.00231886468828], [0.000790902529843, -0.00127680168953, 4.95483945997e-05, -0.0011515339138, 0.00876852031797, -0.0016592690954, -4.67791796837e-05, 0.000448323582532, -0.00218255259097, 0.00293752085418, -0.00219286675565, 0.00408643949777, -0.00273957569152], [-0.000732636835892, 0.0012164725922, -0.0016045558732, -0.000122457116959, -0.0016592690954, 0.00999309588224, -0.00225135637447, 0.00316953519359, -0.00671156961471, 0.00239179562777, 0.00102748617064, -0.0030343385879, 0.00121548457537], [0.00092582841171, -0.00119717302732, -0.000212741462747, -0.000773832667619, -4.67791796837e-05, -0.00225135637447, 0.0204551182687, -0.00978825148195, 0.0031454579439, 0.00230781338178, -0.000385969760828, 0.00357464910485, -0.00344033585861], [-0.000507058401126, 0.00130319083109, 0.000396453979192, -0.00341888540424, 0.000448323582532, 0.00316953519359, -0.00978825148195, 0.0272087045014, -0.00999534875154, -0.000556699640583, -0.00145133316983, -0.00272021186538, -0.00505917239934], [0.000488361110911, -0.000551552919205, -0.000124889134895, 0.00336629268713, -0.00218255259097, -0.00671156961471, 0.0031454579439, -0.00999534875154, 0.0247731991112, -0.0160523150116, 0.00543789891526, 0.00275535928085, 0.00112100352999], [-0.000571571465116, 0.000938294047955, -0.00102110556327, -0.000847420305945, 0.00293752085418, 0.00239179562777, 0.00230781338178, -0.000556699640583, -0.0160523150116, 0.0362780541182, -0.0270418152213, 0.0109597379342, -0.00342662120238], [0.000950297166128, -0.00101049337536, 0.00237203435972, -0.000738944741897, -0.00219286675565, 0.00102748617064, -0.000385969760828, -0.00145133316983, 0.00543789891526, -0.0270418152213, 0.0511591285467, -0.0312898680568, 0.00969487521797], [-0.000451805652119, 0.000814898405224, -0.00344876362942, 0.0018594317371, 0.00408643949777, -0.0030343385879, 0.00357464910485, -0.00272021186538, 0.00275535928085, 0.0109597379342, -0.0312898680568, 0.0478506907821, -0.0226057637483], [0.000745811266825, -0.000988421612419, 0.00388609524816, -0.00231886468828, -0.00273957569152, 0.00121548457537, -0.00344033585861, -0.00505917239934, 0.00112100352999, -0.00342662120238, 0.00969487521797, -0.0226057637483, 0.031833589077]]}, "spectral_contrast_coeffs": {"dmean": [0.0477836690843, 0.0351941362023, 0.0277400519699, 0.0218263547868, 0.017796555534, 0.0212530232966], "dmean2": [0.0779043287039, 0.0583717785776, 0.045049726963, 0.0357427150011, 0.0281731244177, 0.0315795168281], "dvar": [0.00172791606747, 0.000980468583293, 0.000638628494926, 0.000376732845325, 0.000289792136755, 0.000616937526502], "dvar2": [0.00410841358826, 0.00265981280245, 0.00155321985949, 0.00097056751838, 0.000701172510162, 0.00128336111084], "max": [-0.281860530376, -0.387958347797, -0.550998568535, -0.637205243111, -0.583942770958, -0.622460842133], "mean": [-0.553932070732, -0.685006976128, -0.780978262424, -0.816322267056, -0.840688586235, -0.788790583611], "median": [-0.521936893463, -0.671331167221, -0.776909351349, -0.811285018921, -0.841410398483, -0.792005240917], "min": [-0.976547181606, -0.970027863979, -0.979878902435, -0.970675110817, -0.961900413036, -0.960210382938], "var": [0.022245682776, 0.0129033299163, 0.00730947172269, 0.00401986017823, 0.0030340354424, 0.00442773941904]}, "spectral_contrast_valleys": {"dmean": [0.44409263134, 0.306218504906, 0.308466285467, 0.318213224411, 0.350860923529, 0.361074894667], "dmean2": [0.707491338253, 0.491521626711, 0.482353925705, 0.482571452856, 0.49665376544, 0.518065571785], "dvar": [0.194876432419, 0.140925377607, 0.156851246953, 0.190642088652, 0.275576233864, 0.2149563729