{"lowlevel": {"average_loudness": 0.867336213589, "barkbands_crest": {"dmean": 2.31406092644, "dmean2": 3.48269677162, "dvar": 4.88124132156, "dvar2": 10.0950374603, "max": 26.4684619904, "mean": 13.5317316055, "median": 12.7375831604, "min": 3.61211419106, "var": 23.8723487854}, "barkbands_flatness_db": {"dmean": 0.0231978408992, "dmean2": 0.0357401482761, "dvar": 0.000525870011188, "dvar2": 0.0011991156498, "max": 0.525271058083, "mean": 0.338129281998, "median": 0.33860757947, "min": 0.0670849308372, "var": 0.00357238692231}, "barkbands_kurtosis": {"dmean": 2.66935133934, "dmean2": 3.81337189674, "dvar": 55.1316108704, "dvar2": 113.328567505, "max": 226.069610596, "mean": 4.25416040421, "median": 1.13209009171, "min": -1.87468636036, "var": 150.809249878}, "barkbands_skewness": {"dmean": 0.452510714531, "dmean2": 0.642388164997, "dvar": 0.317270964384, "dvar2": 0.629938006401, "max": 9.89811611176, "mean": 0.479226708412, "median": 0.501614928246, "min": -11.4556713104, "var": 1.80940163136}, "barkbands_spread": {"dmean": 1.46311104298, "dmean2": 2.09706187248, "dvar": 3.12756323814, "dvar2": 5.79932022095, "max": 106.016189575, "mean": 7.06365776062, "median": 6.32119178772, "min": 0.12213589251, "var": 28.591791153}, "dissonance": {"dmean": 0.0462235622108, "dmean2": 0.0780142247677, "dvar": 0.00195585587062, "dvar2": 0.00506493030116, "max": 0.499999970198, "mean": 0.398733764887, "median": 0.408336997032, "min": 0.145654812455, "var": 0.00433757156134}, "dynamic_complexity": 3.8173019886, "erbbands_crest": {"dmean": 2.80392360687, "dmean2": 4.20659208298, "dvar": 7.53268432617, "dvar2": 16.1002063751, "max": 33.4458007812, "mean": 16.0945930481, "median": 15.4511289597, "min": 2.8857049942, "var": 37.1594314575}, "erbbands_flatness_db": {"dmean": 0.0180973298848, "dmean2": 0.0273899994791, "dvar": 0.000341156905051, "dvar2": 0.000730392639525, "max": 0.563181817532, "mean": 0.389276713133, "median": 0.391110986471, "min": 0.0383162125945, "var": 0.00401907879859}, "erbbands_kurtosis": {"dmean": 2.18404865265, "dmean2": 3.00934958458, "dvar": 14.6468305588, "dvar2": 26.1167087555, "max": 63.6797637939, "mean": 4.10232114792, "median": 1.24796485901, "min": -1.60705339909, "var": 58.939365387}, "erbbands_skewness": {"dmean": 0.448304921389, "dmean2": 0.632372558117, "dvar": 0.276226043701, "dvar2": 0.522761583328, "max": 5.96422433853, "mean": 0.248161301017, "median": 0.189755469561, "min": -5.49084711075, "var": 1.35895085335}, "erbbands_spread": {"dmean": 2.2631688118, "dmean2": 3.22539043427, "dvar": 6.37251996994, "dvar2": 12.4009103775, "max": 124.270782471, "mean": 11.1147499084, "median": 9.97792625427, "min": 0.414332062006, "var": 67.0151138306}, "hfc": {"dmean": 4.6825094223, "dmean2": 6.05805444717, "dvar": 37.5996780396, "dvar2": 66.8970336914, "max": 103.537101746, "mean": 13.5539808273, "median": 10.1603555679, "min": 1.2231135906e-16, "var": 155.889328003}, "melbands_crest": {"dmean": 2.83291745186, "dmean2": 4.34473800659, "dvar": 7.42565155029, "dvar2": 16.6938438416, "max": 34.2852783203, "mean": 15.8307304382, "median": 14.9953651428, "min": 1.89067995548, "var": 27.1850643158}, "melbands_flatness_db": {"dmean": 0.0255223643035, "dmean2": 0.0391514450312, "dvar": 0.000712813285645, "dvar2": 0.00154472154099, "max": 0.628394901752, "mean": 0.421908080578, "median": 0.428463339806, "min": 0.00733804283664, "var": 0.00580346770585}, "melbands_kurtosis": {"dmean": 2.18721055984, "dmean2": 3.1535692215, "dvar": 17.2101593018, "dvar2": 33.4149589539, "max": 97.978477478, "mean": 3.46255517006, "median": 1.25974559784, "min": -1.86545562744, "var": 54.4625320435}, "melbands_skewness": {"dmean": 0.444420188665, "dmean2": 0.623749554157, "dvar": 0.215574219823, "dvar2": 0.42320021987, "max": 7.02509737015, "mean": 0.635415196419, "median": 0.682856738567, "min": -4.61142539978, "var": 1.42155170441}, "melbands_spread": {"dmean": 2.58734536171, "dmean2": 3.74748015404, "dvar": 14.4980535507, "dvar2": 31.7741413116, "max": 240.858337402, "mean": 12.6238336563, "median": 10.788310051, "min": 0.415388196707, "var": 183.486633301}, "pitch_salience": {"dmean": 0.0629439949989, "dmean2": 0.100502669811, "dvar": 0.00415895087644, "dvar2": 0.0104986941442, "max": 0.888457834721, "mean": 0.481675863266, "median": 0.4812695086, "min": 0.0718968436122, "var": 0.0110391406342}, "silence_rate_20dB": {"dmean": 0, "dmean2": 0, "dvar": 0, "dvar2": 0, "max": 1, "mean": 1, "median": 1, "min": 1, "var": 0}, "silence_rate_30dB": {"dmean": 0.00550847453997, "dmean2": 0.0110181160271, "dvar": 0.00547826336697, "dvar2": 0.011956657283, "max": 1, "mean": 0.993644714355, "median": 1, "min": 0, "var": 0.00631548976526}, "silence_rate_60dB": {"dmean": 0.0555084757507, "dmean2": 0.111028708518, "dvar": 0.0524280406535, "dvar2": 0.11056946218, "max": 1, "mean": 0.0988242775202, "median": 0, "min": 0, "var": 0.0890577435493}, "spectral_centroid": {"dmean": 76.3666000366, "dmean2": 104.020774841, "dvar": 15351.9052734, "dvar2": 24782.2910156, "max": 10934.3369141, "mean": 736.944519043, "median": 687.031799316, "min": 220.884109497, "var": 122504.3125}, "spectral_complexity": {"dmean": 1.97055089474, "dmean2": 2.97192502022, "dvar": 4.17796754837, "dvar2": 8.61362075806, "max": 30, "mean": 10.4813051224, "median": 10, "min": 0, "var": 27.1367759705}, "spectral_decrease": {"dmean": 1.71778447022e-09, "dmean2": 2.2081381168e-09, "dvar": 4.77526197748e-18, "dvar2": 8.06747431626e-18, "max": 1.26979937321e-15, "mean": -5.32068122894e-09, "median": -3.92346466427e-09, "min": -4.32970317377e-08, "var": 2.53958195796e-17}, "spectral_energy": {"dmean": 0.00689144060016, "dmean2": 0.00885366275907, "dvar": 7.66242737882e-05, "dvar2": 0.000129546897369, "max": 0.172172650695, "mean": 0.0213107764721, "median": 0.01576240547, "min": 1.06673753017e-20, "var": 0.000403330283007}, "spectral_energyband_high": {"dmean": 5.36538027518e-06, "dmean2": 7.97352913651e-06, "dvar": 4.33859864701e-10, "dvar2": 9.68419455738e-10, "max": 0.00057243910851, "mean": 6.7126693466e-06, "median": 5.86118176216e-07, "min": 7.54921377726e-21, "var": 5.50113288256e-10}, "spectral_energyband_low": {"dmean": 0.000939618330449, "dmean2": 0.00150994420983, "dvar": 5.46785804545e-06, "dvar2": 1.57364429469e-05, "max": 0.0386284962296, "mean": 0.00161539413966, "median": 9.00018058019e-05, "min": 1.89586404926e-23, "var": 1.31492688524e-05}, "spectral_energyband_middle_high": {"dmean": 0.00242324382998, "dmean2": 0.00331108435057, "dvar": 1.7341972125e-05, "dvar2": 3.38789795933e-05, "max": 0.10289517045, "mean": 0.00562980771065, "median": 0.00316731422208, "min": 1.65708439819e-21, "var": 5.0732462114e-05}, "spectral_energyband_middle_low": {"dmean": 0.00503790564835, "dmean2": 0.00629082648084, "dvar": 4.96980501339e-05, "dvar2": 7.89759069448e-05, "max": 0.141984343529, "mean": 0.0149046154693, "median": 0.00950584374368, "min": 2.6070931528e-22, "var": 0.000272785662673}, "spectral_entropy": {"dmean": 0.226800531149, "dmean2": 0.341509252787, "dvar": 0.0636209398508, "dvar2": 0.150436684489, "max": 9.81112957001, "mean": 5.87326288223, "median": 5.84444904327, "min": 4.21342277527, "var": 0.312376558781}, "spectral_flux": {"dmean": 0.0236095711589, "dmean2": 0.0366026684642, "dvar": 0.000694517744705, "dvar2": 0.00160246621817, "max": 0.26664096117, "mean": 0.0520837232471, "median": 0.0424199812114, "min": 1.0328298633e-10, "var": 0.00126471393742}, "spectral_kurtosis": {"dmean": 27.1325435638, "dmean2": 46.1253242493, "dvar": 612.692077637, "dvar2": 1638.73339844, "max": 312.216430664, "mean": 69.2347259521, "median": 57.7626914978, "min": -1.17492759228, "var": 2589.52832031}, "spectral_rms": {"dmean": 0.000737558759283, "dmean2": 0.00091714883456, "dvar": 5.93760546508e-07, "dvar2": 1.01036062006e-06, "max": 0.0129604525864, "mean": 0.00409810338169, "median": 0.00392147386447, "min": 3.22601862758e-12, "var": 3.99656073569e-06}, "spectral_rolloff": {"dmean": 103.560173035, "dmean2": 176.583862305, "dvar": 82917.21875, "dvar2": 147729.703125, "max": 19767.4804688, "mean": 1066.71032715, "median": 882.861328125, "min": 193.798828125, "var": 2818302.5}, "spectral_skewness": {"dmean": 1.60303020477, "dmean2": 2.76985955238, "dvar": 1.79163527489, "dvar2": 4.94267082214, "max": 14.06204319, "mean": 5.208984375, "median": 4.74185180664, "min": 0.00137078203261, "var": 6.76029062271}, "spectral_spread": {"dmean": 278709.90625, "dmean2": 487417, "dvar": 150679126016, "dvar2": 297714909184, "max": 39163476, "mean": 1219404.25, "median": 1056709.5, "min": 250430.03125, "var": 2261440528380.0}, "spectral_strongpeak": {"dmean": 0.671127617359, "dmean2": 1.0295561552, "dvar": 0.67923605442, "dvar2": 1.43836963177, "max": 9.53091621399, "mean": 1.84764564037, "median": 1.3985337019, "min": 0, "var": 2.14791822433}, "zerocrossingrate": {"dmean": 0.00324112200178, "dmean2": 0.00364770251326, "dvar": 5.34580540261e-05, "dvar2": 7.13239787729e-05, "max": 0.77783203125, "mean": 0.0388462617993, "median": 0.033203125, "min": 0.00634765625, "var": 0.00352769717574}, "barkbands": {"dmean": [1.80354527402e-06, 0.000139824871439, 0.000560718472116, 0.000730021041818, 0.00112065044232, 0.00091231422266, 0.000643475679681, 0.00126508169342, 0.00189379497897, 0.00142561225221, 0.000440231029643, 0.000373940594727, 0.000264799367869, 0.000193856045371, 0.000123585748952, 0.000105432605778, 5.7081644627e-05, 1.87185250979e-05, 3.0238461477e-05, 2.62118578576e-06, 2.89135846288e-06, 8.57962277223e-07, 1.19445061841e-07, 3.04648750671e-08, 4.28779367567e-09, 1.72847292035e-09, 1.60231339308e-09], "dmean2": [2.78375182461e-06, 0.000238626133068, 0.000929203000851, 0.00103822245728, 0.00141025637276, 0.00115167151671, 0.000972243142314, 0.00185848062392, 0.00239606387913, 0.00200055586174, 0.000650079746265, 0.000501720583998, 0.000350118032657, 0.000251234392636, 0.000153115193825, 0.000135732116178, 8.07101096143e-05, 2.66705119429e-05, 4.36998707301e-05, 4.12496592617e-06, 4.18810441261e-06, 1.31163358219e-06, 1.86447920214e-07, 4.97129093446e-08, 7.45149364434e-09, 3.19053250486e-09, 2.8487989745e-09], "dvar": [1.345310148e-11, 3.18411309763e-07, 2.68125609182e-06, 2.95993891086e-06, 3.22297864841e-06, 1.05752005766e-05, 1.43217073401e-06, 1.18500274766e-05, 1.6621848772e-05, 1.14990125439e-05, 1.20955667171e-06, 1.13500686894e-06, 4.86457622628e-07, 2.61939646862e-07, 8.75982024695e-08, 8.2474130636e-08, 1.91645987968e-08, 2.70805822211e-09, 1.24557484327e-08, 9.93243751135e-11, 2.14459838777e-10, 2.38764841232e-11, 6.78948867613e-13, 1.0623299522e-13, 3.0152219341e-15, 7.60868944211e-16, 2.45604862749e-17], "dvar2": [2.96085586604e-11, 9.93990397546e-07, 7.79804850026e-06, 6.46245416647e-06, 5.64748552279e-06, 1.56208061526e-05, 3.27374687004e-06, 2.54041315202e-05, 2.52747504419e-05, 2.2021593395e-05, 2.60926026385e-06, 1.9941373921e-06, 8.83179438915e-07, 4.69354915822e-07, 1.32656538199e-07, 1.36525500238e-07, 4.19806553964e-08, 5.77929037959e-09, 2.51078819957e-08, 2.43199682615e-10, 4.7242360024e-10, 5.30024184264e-11, 1.67987444701e-12, 2.63750338843e-13, 7.80050767632e-15, 2.19056505621e-15, 7.43071233507e-17], "max": [0.000113896756375, 0.0135809592903, 0.0228291973472, 0.029523037374, 0.0396931096911, 0.103225380182, 0.0216958802193, 0.0876266881824, 0.0927814245224, 0.0896834358573, 0.0195311624557, 0.0215195082128, 0.0198389403522, 0.00893592834473, 0.00669093197212, 0.00812797155231, 0.00238046306185, 0.00105442444328, 0.00303667993285, 0.000271768047241, 0.000443796132458, 0.000111272820504, 1.97265144379e-05, 1.10664641397e-05, 3.61463457921e-06, 1.77257527412e-06, 2.71033371746e-07], "mean": [3.15587726618e-06, 0.000180257164175, 0.000774306245148, 0.00141150515992, 0.00282114674337, 0.00166807859205, 0.00131875521038, 0.00283420854248, 0.0044015198946, 0.00288739637472, 0.000622954044957, 0.000855696271174, 0.000541314831935, 0.000384136830689, 0.000239649438299, 0.000185832876014, 9.85115912044e-05, 3.35825498041e-05, 4.10043321608e-05, 3.07559776047e-06, 3.61017328032e-06, 9.33868420816e-07, 1.3730713988e-07, 2.89975172763e-08, 3.7575147438e-09, 1.7519251605e-09, 7.15668146967e-09], "median": [6.40310247491e-07, 1.61105890584e-05, 2.08916499105e-05, 5.84835797781e-05, 0.00125142722391, 0.000249238713877, 0.000413277681218, 0.000363971397746, 0.000629247282632, 0.000712341279723, 0.000160910247359, 7.57842208259e-05, 0.000108507098048, 6.92809480825e-05, 4.29357678513e-05, 2.47908792517e-05, 1.6855665308e-05, 4.68195230496e-06, 4.26214910476e-06, 2.69635279437e-07, 2.17326316942e-07, 2.24712461971e-08, 2.71504418947e-09, 8.92842522138e-10, 5.29178090236e-10, 7.89961707159e-10, 6.85381662535e-09], "min": [4.08910530951e-23, 5.93860208692e-24, 1.8683780054e-24, 1.30065508564e-23, 7.80727749288e-24, 2.11926803767e-23, 3.34221811534e-23, 7.76622012266e-23, 1.03064147153e-22, 1.76185740739e-23, 8.59050593124e-23, 1.090153012e-22, 1.33206080579e-22, 1.37206135483e-22, 9.63120468511e-23, 1.97875875225e-22, 1.36681814349e-22, 2.83435173647e-22, 2.16018464355e-22, 3.89275391745e-22, 2.4577508025e-22, 4.00410699848e-22, 7.28480860447e-22, 6.59163084725e-22, 1.34279888141e-21, 1.83812477001e-21, 2.41595909744e-21], "var": [4.64481404727e-11, 3.64990938806e-07, 4.61290983367e-06, 9.32016064326e-06, 1.88643716683e-05, 3.35796648869e-05, 4.13736916016e-06, 4.34740031778e-05, 8.59289357322e-05, 3.2036594348e-05, 1.99411465474e-06, 4.97316341352e-06, 1.30677608468e-06, 8.24463995741e-07, 2.52732490935e-07, 2.18073381575e-07, 4.13177296821e-08, 5.36869704248e-09, 2.05383337004e-08, 1.09435821516e-10, 2.67787209074e-10, 2.67676332488e-11, 6.83353601569e-13, 8.97222224359e-14, 2.27730525342e-15, 4.36689344734e-16, 1.41654100873e-17]}, "erbbands": {"dmean": [0.0012975394493, 0.0476683713496, 0.528800725937, 1.56933927536, 2.53620171547, 4.17292356491, 6.42115688324, 7.84117126465, 7.9171204567, 16.2016563416, 26.8324947357, 41.9608650208, 42.3798217773, 36.4202842712, 17.7843933105, 12.7658967972, 14.2445163727, 9.80441856384, 7.81980037689, 5.36225271225, 4.91429567337, 3.04836201668, 1.5006172657, 1.25930905342, 1.02844357491, 0.156677037477, 0.163000047207, 0.0716132372618, 0.037823472172, 0.0106068886817, 0.00305703934282, 0.000873522309121, 0.000338293553796, 6.33847157587e-05, 3.24688953697e-05, 1.20362728921e-05, 3.70035763808e-06, 1.10061466785e-06, 3.48250205207e-06, 7.92333594291e-06], "dmean2": [0.00223718141206, 0.0801422670484, 0.869946599007, 2.31866407394, 3.33201527596, 5.50570249557, 7.84314918518, 10.0284433365, 12.1324119568, 24.389749527, 39.0882339478, 56.9658584595, 50.6338577271, 54.7978057861, 25.0632076263, 16.6182804108, 18.4965648651, 12.8219919205, 9.69177436829, 6.7791056633, 6.22706270218, 4.25772476196, 2.11883378029, 1.78075444698, 1.52151787281, 0.240725651383, 0.24367107451, 0.102958254516, 0.0568707995117, 0.0166566446424, 0.00476275384426, 0.00140231323894, 0.000554435537197, 0.000104558406747, 5.46024275536e-05, 1.98744583031e-05, 5.60604712518e-06, 1.75443199169e-06, 4.4769753913e-06, 1.01724599517e-05], "dvar": [1.3015618606e-05, 0.0340276397765, 2.59340500832, 13.4317970276, 17.7941493988, 46.9739875793, 264.7472229, 900.092041016, 246.583999634, 1164.30554199, 5740.94433594, 8134.68457031, 9654.07714844, 6498.60205078, 1518.88366699, 1285.7322998, 1318.69702148, 751.363586426, 310.120452881, 257.170379639, 249.243453979, 59.7904510498, 15.6375598907, 13.7558689117, 14.5731077194, 0.209633231163, 0.756562709808, 0.122459150851, 0.0469629913568, 0.00467755412683, 0.000449273153208, 6.69104556437e-05, 1.31417828015e-05, 4.14776195612e-07, 2.20489184244e-07, 3.88550205344e-08, 2.83661510947e-10, 1.37868718178e-11, 1.97563805593e-11, 1.01071991054e-10], "dvar2": [4.0974089643e-05, 0.104697339237, 7.67121696472, 33.7672309875, 34.5066757202, 92.7344741821, 427.589233398, 1337.92028809, 623.894592285, 2728.05126953, 12519.2666016, 16390.0234375, 13222.5400391, 14934.2900391, 3135.56958008, 2087.88012695, 2423.43945312, 1386.19763184, 472.339111328, 445.747680664, 386.897277832, 130.282012939, 34.7090072632, 27.1525802612, 31.0988082886, 0.50135499239, 1.71241509914, 0.254757612944, 0.101616829634, 0.0111115714535, 0.00108160474338, 0.00015994135174, 3.45761473e-05, 1.04843059034e-06, 6.06634046108e-07, 1.10930443498e-07, 8.09830424942e-10, 4.00545985269e-11, 3.37989219945e-11, 1.70990971382e-10], "max": [0.0850952491164, 4.27785587311, 22.9659767151, 61.8371315002, 69.2451400757, 137.140014648, 438.166015625, 838.76751709, 318.049499512, 924.358276367, 2142.46655273, 1561.1192627, 2054.38623047, 1346.51391602, 931.395751953, 952.905456543, 1033.13537598, 497.489593506, 402.627044678, 308.875, 550.08581543, 160.376342773, 90.6135940552, 94.5232925415, 88.8386230469, 7.77691173553, 24.9013614655, 8.63628578186, 4.80712223053, 1.79395401478, 0.673633635044, 0.27047085762, 0.185934200883, 0.0396581590176, 0.0315623357892, 0.0127438539639, 0.000973282032646, 0.000168427970493, 8.47703850013e-05, 0.000195659536985], "mean": [0.00185218162369, 0.065965719521, 0.770570933819, 2.95410633087, 6.10309886932, 10.1527175903, 12.4124364853, 14.5530862808, 14.4127340317, 37.442401886, 63.1055107117, 93.1762695312, 98.3952026367, 74.3095245361, 33.8516921997, 30.5344276428, 30.2285900116, 19.4341278076, 15.7189159393, 10.7131071091, 8.44163036346, 5.48379039764, 2.80594825745, 2.05810642242, 1.26432669163, 0.196980491281, 0.19555580616, 0.0903600901365, 0.0435803644359, 0.0114567549899, 0.00369017920457, 0.00093748740619, 0.000341351900715, 7.37001246307e-05, 3.95801253035e-05, 1.96688379219e-05, 9.88804367807e-06, 3.6652752442e-06, 1.15598859338e-05, 2.45686569542e-05], "median": [0.000472643936519, 0.00440470734611, 0.0270907618105, 0.242489054799, 2.32163286209, 4.08516263962, 2.50424861908, 2.56209421158, 5.75944709778, 9.57458496094, 11.3269586563, 18.1520328522, 17.4757423401, 24.589679718, 11.4945011139, 5.33002376556, 7.09515666962, 4.581553936, 4.17070293427, 2.50654363632, 1.31965696812, 0.931709766388, 0.567153573036, 0.314523279667, 0.13166128099, 0.0236560031772, 0.0169910639524, 0.00477160373703, 0.00119505287148, 0.000334731332259, 9.69756947597e-05, 4.4376913138e-05, 2.88851497317e-05, 2.07204884646e-05, 1.57888134709e-05, 1.15133207146e-05, 7.33652314011e-06, 3.03898355014e-06, 8.81686719367e-06, 1.82186231541e-05], "min": [2.62854133418e-22, 1.16520253746e-21, 3.0541768018e-21, 1.83719059714e-20, 4.98661567128e-20, 1.6125520919e-20, 8.34829836021e-20, 1.48064321521e-19, 3.14763445429e-19, 8.48166701681e-19, 2.3072459904e-18, 2.66708651407e-18, 8.50607194681e-19, 1.0278273322e-18, 5.43707512351e-18, 3.67245485866e-18, 6.03744198492e-18, 6.24420529161e-18, 6.90462794703e-18, 5.5452335381e-18, 1.09611274613e-17, 9.13519491504e-18, 1.44112018433e-17, 1.45542627302e-17, 1.18757691887e-17, 1.70427512306e-17, 1.17942356501e-17, 1.0653313703e-17, 1.49375021254e-17, 1.93532089566e-17, 1.84644679085e-17, 1.54853173754e-17, 1.2500001038e-17, 1.26463805735e-17, 1.00978900458e-17, 7.18152913863e-18, 3.57315306689e-18, 1.13367419056e-18, 3.26646411916e-19, 4.06079247821e-20], "var": [1.75334680534e-05, 0.0443780645728, 4.49782705307, 37.513923645, 76.1741485596, 228.972244263, 898.270629883, 2872.72314453, 523.509399414, 3789.65576172, 20342.078125, 32423.3652344, 43260.203125, 15706.6992188, 3470.80224609, 5846.63085938, 3529.13769531, 2226.51245117, 919.387756348, 661.110351562, 635.847839355, 132.964920044, 32.0561523438, 27.2541599274, 20.9912872314, 0.262245476246, 0.877410829067, 0.163884088397, 0.0551639422774, 0.00481162965298, 0.000494775653351, 6.33395611658e-05, 1.03207667053e-05, 3.35388392614e-07, 1.47683977048e-07, 2.30182539696e-08, 2.18396301044e-10, 1.12227466903e-11, 9.98235452632e-11, 5.25416099517e-10]}, "gfcc": {"mean": [-183.088119507, 219.549331665, -166.469223022, -47.2784233093, -24.181219101, -39.4106788635, -12.9450426102, -15.8462905884, -15.4850931168, -19.1156826019, -13.6526765823, -13.648765564, -4.4841542244], "cov": [[10071.0546875, 1467.02099609, -1962.47497559, 1501.95227051, -163.56098938, -343.854522705, 148.397918701, -536.448120117, -14.8460788727, -318.483062744, -208.460479736, -128.263565063, -129.265274048], [1467.02099609, 1218.88989258, 30.2284355164, -217.353729248, 167.64289856, -161.68687439, -128.356018066, -52.4580192566, -124.548210144, -63.0904121399, -41.8139343262, -71.661277771, -3.4755115509], [-1962.47497559, 30.2284355164, 921.434326172, -302.431396484, 15.3349952698, 123.174957275, -65.8076248169, 118.25402832, -34.9484863281, 4.5867190361, -25.5073013306, -59.0152282715, 20.0156974792], [1501.95227051, -217.353729248, -302.431396484, 927.267456055, 16.9480381012, 111.723434448, 167.647262573, -194.692153931, 15.0104455948, -106.133125305, -50.2842712402, 1.48786532879, -123.869148254], [-163.56098938, 167.64289856, 15.3349952698, 16.9480381012, 270.847473145, 27.684381485, -38.1950340271, 26.8945178986, -41.1821708679, 2.43348169327, 41.6941604614, -0.818867266178, -39.6882629395], [-343.854522705, -161.68687439, 123.174957275, 111.723434448, 27.684381485, 198.046417236, 93.5071105957, 9.64774227142, 10.347038269, -24.0570411682, -13.0818252563, 9.68924236298, -14.7022838593], [148.397918701, -128.356018066, -65.8076248169, 167.647262573, -38.1950340271, 93.5071105957, 279.819854736, 16.6229133606, -58.9484062195, -34.869556427, -86.0193252563, -4.93022727966, 37.8426742554], [-536.448120117, -52.4580192566, 118.25402832, -194.692153931, 26.8945178986, 9.64774227142, 16.6229133606, 225.17414856, 120.51839447, 77.2285385132, 42.7434043884, -23.9623947144, -10.7582349777], [-14.8460788727, -124.548210144, -34.9484863281, 15.0104455948, -41.1821708679, 10.347038269, -58.9484062195, 120.51839447, 293.224761963, 129.23550415, 62.8578796387, 16.9694004059, -73.5955352783], [-318.483062744, -63.0904121399, 4.5867190361, -106.133125305, 2.43348169327, -24.0570411682, -34.869556427, 77.2285385132, 129.23550415, 152.671524048, 88.406539917, 32.5686645508, 1.15950369835], [-208.460479736, -41.8139343262, -25.5073013306, -50.2842712402, 41.6941604614, -13.0818252563, -86.0193252563, 42.7434043884, 62.8578796387, 88.406539917, 174.786727905, 79.7704391479, -33.84608078], [-128.263565063, -71.661277771, -59.0152282715, 1.48786532879, -0.818867266178, 9.68924236298, -4.93022727966, -23.9623947144, 16.9694004059, 32.5686645508, 79.7704391479, 127.022323608, 46.1595191956], [-129.265274048, -3.4755115509, 20.0156974792, -123.869148254, -39.6882629395, -14.7022838593, 37.8426742554, -10.7582349777, -73.5955352783, 1.15950369835, -33.84608078, 46.1595191956, 208.785400391]], "icov": [[0.000714547699317, -0.00125299196225, 0.00132457155269, -0.00121098395903, 0.00127057195641, -0.000315480341669, 0.000388338521589, -0.000414857233409, -0.000203765448532, 0.000523305265233, -0.000416399008827, 0.00100822385866, -0.000661494326778], [-0.00125299196225, 0.00350704509765, -0.00261205132119, 0.00282381824218, -0.00365594821051, 0.00212732609361, -0.00169501418713, 0.00241816323251, -0.000993482070044, 0.000744237622712, -0.000231696642004, -0.000540310051292, 0.000822583446279], [0.00132457155269, -0.00261205132119, 0.00451997108757, -0.00255885557272, 0.00362288299948, -0.00351031892933, 0.00358427199535, -0.00373753951862, 0.00265455897897, -0.00159583438653, 0.00180026958697, 0.000833196798339, -0.000523389549926], [-0.00121098395903, 0.00282381824218, -0.00255885557272, 0.0057380804792, -0.00459597771987, 0.00207070680335, -0.00567559758201, 0.00725487852469, -0.00544177507982, 0.00460356194526, -0.00389024568722, 0.00183124805335, 0.000642307160888], [0.00127057195641, -0.00365594821051, 0.00362288299948, -0.00459597771987, 0.00991220120341, -0.0051948078908, 0.00669956952333, -0.00823100470006, 0.00764424540102, -0.00567182479426, 0.00389686902054, -0.00240581505932, 0.0014213914983], [-0.000315480341669, 0.00212732609361, -0.00351031892933, 0.00207070680335, -0.0051948078908, 0.0125278588384, -0.00866366177797, 0.00708801951259, -0.0083017880097, 0.00840525515378, -0.0063551729545, 0.00267734751105, -0.00135979929473], [0.000388338521589, -0.00169501418713, 0.00358427199535, -0.00567559758201, 0.00669956952333, -0.00866366177797, 0.0170485880226, -0.0150724509731, 0.0147682698444, -0.0130981877446, 0.0150253651664, -0.00949089881033, 0.00311059691012], [-0.000414857233409, 0.00241816323251, -0.00373753951862, 0.00725487852469, -0.00823100470006, 0.00708801951259, -0.0150724509731, 0.0235332623124, -0.0182111114264, 0.0131516410038, -0.0161399487406, 0.0132979638875, -0.00472384877503], [-0.000203765448532, -0.000993482070044, 0.00265455897897, -0.00544177507982, 0.00764424540102, -0.0083017880097, 0.0147682698444, -0.0182111114264, 0.0234596151859, -0.0205013118684, 0.0169192999601, -0.0129170203581, 0.00760942837223], [0.000523305265233, 0.000744237622712, -0.00159583438653, 0.00460356194526, -0.00567182479426, 0.00840525515378, -0.0130981877446, 0.0131516410038, -0.0205013118684, 0.0296076592058, -0.0204255990684, 0.0121883479878, -0.0076108132489], [-0.000416399008827, -0.000231696642004, 0.00180026958697, -0.00389024568722, 0.00389686902054, -0.0063551729545, 0.0150253651664, -0.0161399487406, 0.0169192999601, -0.0204255990684, 0.0298588071018, -0.0208567716181, 0.00952485855669], [0.00100822385866, -0.000540310051292, 0.000833196798339, 0.00183124805335, -0.00240581505932, 0.00267734751105, -0.00949089881033, 0.0132979638875, -0.0129170203581, 0.0121883479878, -0.0208567716181, 0.0262192711234, -0.0100401826203], [-0.000661494326778, 0.000822583446279, -0.000523389549926, 0.000642307160888, 0.0014213914983, -0.00135979929473, 0.00311059691012, -0.00472384877503, 0.00760942837223, -0.0076108132489, 0.00952485855669, -0.0100401826203, 0.010680581443]]}, "melbands": {"dmean": [2.2953030566e-05, 0.000199092188268, 0.000280142703559, 0.000251070247032, 0.000219690147787, 0.000172399362782, 0.0001210451519, 0.000207332646823, 0.000218272558413, 0.000275864353171, 0.00021801055118, 0.000165070858202, 6.28076086286e-05, 4.76481836813e-05, 3.42201929016e-05, 2.33921909967e-05, 1.81512987183e-05, 1.27591456476e-05, 7.54482744014e-06, 6.9846223596e-06, 5.5524169511e-06, 2.87794023279e-06, 3.05645653498e-06, 7.1785103728e-07, 1.1054485185e-06, 1.24606162899e-06, 2.1571966613e-07, 8.47486205657e-08, 1.01538283559e-07, 6.3996473898e-08, 3.62117233976e-08, 2.3651740122e-08, 1.30780248853e-08, 3.46353457026e-09, 2.17587148299e-09, 4.29858398876e-10, 6.6103633678e-10, 3.32928240532e-10, 5.43374858997e-11, 4.25183464825e-11], "dmean2": [3.94286726078e-05, 0.0003302845289, 0.00040135072777, 0.000320168648614, 0.000267576135229, 0.000220154790441, 0.000183025418664, 0.000309949333314, 0.00031928345561, 0.000360323232599, 0.000260525062913, 0.000247346644755, 9.08256552066e-05, 6.52471717331e-05, 4.24288518843e-05, 3.08850649162e-05, 2.39527289523e-05, 1.59947467182e-05, 9.35693424253e-06, 8.99584665603e-06, 7.02112356521e-06, 4.04376669394e-06, 4.37735843661e-06, 9.95974801299e-07, 1.56751275426e-06, 1.81460063686e-06, 3.30383585379e-07, 1.34578769462e-07, 1.54880979153e-07, 9.22307350493e-08, 5.3108578868e-08, 3.58904017617e-08, 2.0821183e-08, 5.52205436932e-09, 3.39144068384e-09, 6.91066925906e-10, 1.07657305293e-09, 5.5118204445e-10, 9.02886515552e-11, 7.29198437743e-11], "dvar": [7.64724461533e-09, 3.84600582493e-07, 3.79328071176e-07, 1.56842133947e-07, 2.66704802243e-07, 4.14307180563e-07, 5.67858648992e-08, 2.17727432528e-07, 3.08987438302e-07, 3.64620092341e-07, 2.66337451649e-07, 1.42037336559e-07, 2.43710829295e-08, 2.023909218e-08, 6.47214859484e-09, 2.98841240642e-09, 2.7098532307e-09, 7.7877010396e-10, 2.907447616e-10, 4.20105755738e-10, 4.21247259297e-10, 7.41051803255e-11, 8.97957194712e-11, 4.21886787658e-12, 1.14070818763e-11, 2.96777775965e-11, 9.27949991153e-13, 7.86018114745e-14, 2.83239794466e-13, 9.02039470137e-14, 3.53738170483e-14, 1.78869031674e-14, 7.69725097191e-15, 6.16276079071e-16, 2.56204173138e-16, 1.85694718698e-17, 5.83565466593e-17, 1.52472481776e-17, 2.54195859261e-19, 2.10104185781e-19], "dvar2": [2.40187301159e-08, 1.13635712751e-06, 8.68734218784e-07, 2.9496135312e-07, 4.07610286857e-07, 6.04150386607e-07, 1.37869676564e-07, 4.85882480916e-07, 6.89186947511e-07, 6.28806560599e-07, 3.72384249658e-07, 3.18518061704e-07, 5.13497795396e-08, 3.67642343235e-08, 1.00832560079e-08, 5.59877832984e-09, 4.93052265682e-09, 1.22338106312e-09, 4.6142678567e-10, 7.40487615669e-10, 6.44012287943e-10, 1.54950052789e-10, 2.01855421267e-10, 8.09765015458e-12, 2.25498578144e-11, 6.00096292103e-11, 2.26574032973e-12, 1.90147133065e-13, 6.42998512507e-13, 1.97097600827e-13, 7.36175511285e-14, 3.90405583024e-14, 1.83638504793e-14, 1.55947871194e-15, 6.19185849003e-16, 4.64630030136e-17, 1.40649317966e-16, 4.08618024353e-17, 6.19330752435e-19, 5.38030168557e-19], "max": [0.00214238697663, 0.0098366253078, 0.0111926635727, 0.00789629202336, 0.0129581997171, 0.0188332013786, 0.00480405567214, 0.0103559186682, 0.0151228643954, 0.0105366911739, 0.0116468193009, 0.00693973759189, 0.00285631022416, 0.00287762284279, 0.00185629434418, 0.0014213079121, 0.000953422335442, 0.000581358617637, 0.000432456989074, 0.000341578270309, 0.000743946933653, 0.000179522321559, 0.000233012193348, 4.29754327342e-05, 8.42448716867e-05, 0.000149131490616, 2.56072253251e-05, 4.96339271194e-06, 1.59672163136e-05, 7.44872841096e-06, 4.59146713183e-06, 3.08257358483e-06, 1.99063379114e-06, 5.50284937617e-07, 5.32509034201e-07, 2.5563670647e-07, 2.73129103334e-07, 2.09643118865e-07, 2.60298040899e-08, 2.51558329722e-08], "mean": [3.04993063764e-05, 0.000281790067675, 0.00058078172151, 0.000638950674329, 0.000446790247224, 0.000318438484101, 0.000226527772611, 0.000483888899907, 0.000499857997056, 0.000622893276159, 0.000498473120388, 0.000330827664584, 0.000101647055999, 0.000108665437438, 7.32763437554e-05, 4.62167517981e-05, 3.50297159457e-05, 2.49255608651e-05, 1.47450045915e-05, 1.35595737447e-05, 8.85329518496e-06, 5.01855720358e-06, 4.96861457577e-06, 1.41159625855e-06, 1.73160697159e-06, 1.54501378802e-06, 2.31945932683e-07, 1.0337968348e-07, 1.16026861008e-07, 8.27937824965e-08, 4.33989875148e-08, 2.62754014102e-08, 1.35750042318e-08, 3.61544993943e-09, 2.59332932906e-09, 4.92226315263e-10, 6.08782191325e-10, 3.03780250954e-10, 5.78040809662e-11, 3.6697242467e-11], "median": [4.2858996494e-06, 9.40649533732e-06, 8.50154465297e-05, 0.000270435761195, 0.000127520484966, 5.46551527805e-05, 8.25944953249e-05, 0.000102745631011, 8.42873996589e-05, 9.42405167734e-05, 7.53773492761e-05, 9.02566389414e-05, 3.08419366775e-05, 1.22236388052e-05, 1.10610571937e-05, 9.65565141087e-06, 6.20846867605e-06, 5.73623583477e-06, 2.89618492388e-06, 1.79158041647e-06, 9.61637965702e-07, 5.87054785228e-07, 8.10443566479e-07, 1.38486484502e-07, 2.2508615416e-07, 1.11880659404e-07, 1.69423461926e-08, 7.85876164144e-09, 7.77851738576e-09, 4.9550079595e-09, 1.14052289835e-09, 4.89457752106e-10, 2.13743620026e-10, 8.40671490754e-11, 4.15593531811e-11, 1.80640710723e-11, 1.23470530675e-11, 9.32621601474e-12, 6.31797912598e-12, 5.04507460114e-12], "min": [3.02260733305e-24, 1.54779597757e-24, 4.94898318107e-24, 2.12399733769e-24, 2.40206745412e-24, 3.68613993411e-24, 5.39412950127e-24, 9.23358218573e-24, 2.07200864302e-23, 1.5265955774e-23, 3.70636317228e-24, 3.13386906399e-24, 1.5629248309e-23, 1.26058024168e-23, 1.26088647748e-23, 1.29027391278e-23, 1.10569237276e-23, 1.202161384e-23, 6.11392523981e-24, 1.17466524272e-23, 1.2115265829e-23, 8.68292335287e-24, 9.84887239256e-24, 1.47096384419e-23, 1.18932054284e-23, 6.26269494021e-24, 1.35922437909e-23, 1.0246678381e-23, 8.69495111509e-24, 5.06243873418e-24, 6.55669945528e-24, 8.99506378015e-24, 7.21665891086e-24, 1.2427276883e-23, 9.74534702052e-24, 1.05442138375e-23, 9.03924156857e-24, 7.82951311522e-24, 1.11251988501e-23, 9.94557727321e-24], "var": [8.91199647413e-09, 6.47424542422e-07, 1.26006466417e-06, 8.30569547361e-07, 9.93132175608e-07, 1.33478226871e-06, 1.2907855762e-07, 7.82931579124e-07, 1.11710346573e-06, 1.69843679032e-06, 1.16707144571e-06, 3.53485489768e-07, 4.27214921217e-08, 8.62030447024e-08, 2.12284554379e-08, 7.72658026449e-09, 8.32393443062e-09, 2.31967711706e-09, 8.16162692985e-10, 1.18960474804e-09, 1.04584640948e-09, 1.61623908701e-10, 1.58184590426e-10, 1.08134846563e-11, 2.20921544947e-11, 4.49660621238e-11, 1.00412809578e-12, 9.62685606145e-14, 3.24693397169e-13, 1.17523503949e-13, 4.68495244498e-14, 2.01763315799e-14, 8.12626130124e-15, 5.51785637445e-16, 2.89828760636e-16, 2.00586633245e-17, 5.0714426812e-17, 1.13235674e-17, 2.41461155237e-19, 1.60675607612e-19]}, "mfcc": {"mean": [-796.22253418, 229.60446167, -38.8622436523, -20.7124557495, -5.65777730942, -17.630197525, -8.36797237396, -2.56534934044, -3.69194507599, -5.5129532814, -4.5038728714, -10.7608289719, -12.17648983], "cov": [[5439.33398438, 1394.06298828, -1585.83251953, 1115.19824219, 66.9418792725, 63.6570625305, 113.560913086, -68.5044784546, -22.0115623474, -156.926696777, 27.4173583984, -54.1942138672, -88.2770385742], [1394.06298828, 1062.39916992, -115.35067749, -12.0041723251, 108.991088867, -81.379524231, -27.155752182, -37.8003692627, -56.007270813, -51.7112503052, -35.3330535889, -50.516368866, -95.9336166382], [-1585.83251953, -115.35067749, 880.40032959, -314.132415771, -61.28383255, 59.5862884521, -30.9748153687, 23.2541427612, 36.3231201172, 30.9311237335, -38.4310035706, -22.4868984222, -53.2414207458], [1115.19824219, -12.0041723251, -314.132415771, 583.637512207, 60.8198623657, 111.938331604, 115.718475342, 9.81364250183, 30.7934627533, -21.6292648315, 21.80418396, 1.99139034748, 7.63108110428], [66.9418792725, 108.991088867, -61.28383255, 60.8198623657, 264.346252441, 9.72182750702, -28.8117256165, 6.36520290375, -74.2607421875, -9.7480802536, 18.8205699921, 49.9010620117, 80.5000839233], [63.6570625305, -81.379524231, 59.5862884521, 111.938331604, 9.72182750702, 205.288574219, 98.3508300781, 16.4704475403, 24.6290035248, -47.9100570679, -35.6498794556, -31.1171646118, 14.4399909973], [113.560913086, -27.155752182, -30.9748153687, 115.718475342, -28.8117256165, 98.3508300781, 248.59777832, 82.8413162231, 20.2320690155, -15.1597309113, -91.0226898193, -92.3074951172, -13.0731878281], [-68.5044784546, -37.8003692627, 23.2541427612, 9.81364250183, 6.36520290375, 16.4704475403, 82.8413162231, 122.520256042, 46.5911521912, 6.52764320374, 1.74795150757, -11.628364563, 1.48988699913], [-22.0115623474, -56.007270813, 36.3231201172, 30.7934627533, -74.2607421875, 24.6290035248, 20.2320690155, 46.5911521912, 157.782089233, 77.6312713623, 21.5698432922, -3.10884284973, -66.8715286255], [-156.926696777, -51.7112503052, 30.9311237335, -21.6292648315, -9.7480802536, -47.9100570679, -15.1597309113, 6.52764320374, 77.6312713623, 148.179702759, 60.2155532837, 22.4280261993, -19.8818683624], [27.4173583984, -35.3330535889, -38.4310035706, 21.80418396, 18.8205699921, -35.6498794556, -91.0226898193, 1.74795150757, 21.5698432922, 60.2155532837, 227.662338257, 197.389099121, 21.2153968811], [-54.1942138672, -50.516368866, -22.4868984222, 1.99139034748, 49.9010620117, -31.1171646118, -92.3074951172, -11.628364563, -3.10884284973, 22.4280261993, 197.389099121, 290.153808594, 105.434402466], [-88.2770385742, -95.9336166382, -53.2414207458, 7.63108110428, 80.5000839233, 14.4399909973, -13.0731878281, 1.48988699913, -66.8715286255, -19.8818683624, 21.2153968811, 105.434402466, 220.993743896]], "icov": [[0.0230142381042, -0.0323104485869, 0.0324173979461, -0.0331323966384, 0.0338505282998, -0.0328714698553, 0.0314898975194, -0.0298924390227, 0.0270360298455, -0.0215427223593, 0.0190510004759, -0.0124247865751, 0.00634458987042], [-0.0323104485869, 0.0465705990791, -0.0454415418208, 0.0466780774295, -0.0484898649156, 0.0470011197031, -0.0447530448437, 0.0427923686802, -0.0385211519897, 0.0312593057752, -0.0270220860839, 0.0176445450634, -0.00826164707541], [0.0324173979461, -0.0454415418208, 0.0474928952754, -0.0457569360733, 0.0481750108302, -0.0482810474932, 0.0454941727221, -0.0435975082219, 0.0393974594772, -0.0319992043078, 0.0284400433302, -0.0187124405056, 0.01007644739], [-0.0331323966384, 0.0466780774295, -0.0457569360733, 0.0507304258645, -0.0500241518021, 0.0466859601438, -0.0472279191017, 0.0449097305536, -0.0409699529409, 0.0323903150856, -0.0291562955827, 0.0186912082136, -0.00927415024489], [0.0338505282998, -0.0484898649156, 0.0481750108302, -0.0500241518021, 0.0571536421776, -0.0520689599216, 0.0505839213729, -0.0498572662473, 0.0471072643995, -0.0372874960303, 0.0319535285234, -0.0212295092642, 0.00967828836292], [-0.0328714698553, 0.0470011197031, -0.0482810474932, 0.0466859601438, -0.0520689599216, 0.0593102835119, -0.0520632900298, 0.0503855161369, -0.0481082350016, 0.0403448976576, -0.0333626382053, 0.022441290319, -0.0127308238298], [0.0314898975194, -0.0447530448437, 0.0454941727221, -0.0472279191017, 0.0505839213729, -0.0520632900298, 0.0557736083865, -0.0523785613477, 0.0456322878599, -0.0373609811068, 0.034510679543, -0.0209839381278, 0.0115162264556], [-0.0298924390227, 0.0427923686802, -0.0435975082219, 0.0449097305536, -0.0498572662473, 0.0503855161369, -0.0523785613477, 0.0602087937295, -0.0496019385755, 0.038971863687, -0.0352707318962, 0.0231626927853, -0.0132220489904], [0.0270360298455, -0.0385211519897, 0.0393974594772, -0.0409699529409, 0.0471072643995, -0.0481082350016, 0.0456322878599, -0.0496019385755, 0.0557284392416, -0.041666470468, 0.0328186228871, -0.0229889024049, 0.0149335134774], [-0.0215427223593, 0.0312593057752, -0.0319992043078, 0.0323903150856, -0.0372874960303, 0.0403448976576, -0.0373609811068, 0.038971863687, -0.041666470468, 0.040836237371, -0.0299847945571, 0.0199031345546, -0.0109411496669], [0.0190510004759, -0.0270220860839, 0.0284400433302, -0.0291562955827, 0.0319535285234, -0.0333626382053, 0.034510679543, -0.0352707318962, 0.0328186228871, -0.0299847945571, 0.0376744940877, -0.0257351100445, 0.0124523648992], [-0.0124247865751, 0.0176445450634, -0.0187124405056, 0.0186912082136, -0.0212295092642, 0.022441290319, -0.0209839381278, 0.0231626927853, -0.0229889024049, 0.0199031345546, -0.0257351100445, 0.0226883813739, -0.0111074987799], [0.00634458987042, -0.00826164707541, 0.01007644739, -0.00927415024489, 0.00967828836292, -0.0127308238298, 0.0115162264556, -0.0132220489904, 0.0149335134774, -0.0109411496669, 0.0124523648992, -0.0111074987799, 0.0119359856471]]}, "spectral_contrast_coeffs": {"dmean": [0.0495636425912, 0.0476566106081, 0.0418994985521, 0.037128277123, 0.0272206459194, 0.0521583147347], "dmean2": [0.0751761421561, 0.0742776617408, 0.0646394863725, 0.0557690039277, 0.0409089326859, 0.0898892134428], "dvar": [0.00185576314107, 0.00167309853714, 0.00135295547079, 0.00129314674996, 0.000634954019915, 0.00188268336933], "dvar2": [0.00390105508268, 0.00390914548188, 0.00315804267302, 0.00283294334076, 0.00141808041371, 0.00499686552212], "max": [-0.283975183964, -0.386896967888, -0.36891028285, -0.455217272043, -0.514592051506, -0.532665252686], "mean": [-0.542520523071, -0.668144106865, -0.651990830898, -0.698804557323, -0.681432127953, -0.80086940527], "median": [-0.523859262466, -0.666462123394, -0.654808223248, -0.702516555786, -0.682916522026, -0.811999440193], "min": [-0.950384259224, -0.957549452782, -0.966921806335, -0.971613645554, -0.961723685265, -0.962276220322], "var": [0.0118390740827, 0.00729007506743, 0.00737910345197, 0.00527771795169, 0.00330245727673, 0.00805318169296]}, "spectral_contrast_valleys": {"dmean": [0.45473870635, 0.413012683392, 0.424355238676, 0.446062922478, 0.457565307617, 0.831342577934], "dmean2": [0.751405000687, 0.635172307491, 0.65950948, 0.675762653351, 0.669222712517, 1.47536742687], "dvar": [0.15632031858, 0.164801046252, 0.187899336219, 0.230921581388, 0.288996130228, 0.405793011189], "dvar2": [0.382198631763, 0.33069640398, 0.403855085373, 0.485793590546, 0.629819333553, 1.2193967104], "max": [-5.85062742233, -4.85054826736, -4.8726601