{"lowlevel": {"average_loudness": 0.000688259431627, "barkbands_crest": {"dmean": 1.35416710377, "dmean2": 2.16270899773, "dvar": 2.80104184151, "dvar2": 7.2754240036, "max": 26.823381424, "mean": 14.6888999939, "median": 13.9481172562, "min": 4.66711139679, "var": 25.8568954468}, "barkbands_flatness_db": {"dmean": 0.0172434598207, "dmean2": 0.0288356468081, "dvar": 0.000332964787958, "dvar2": 0.000885094865225, "max": 0.656570374966, "mean": 0.449114888906, "median": 0.455872178078, "min": 0.0542740002275, "var": 0.0042519280687}, "barkbands_kurtosis": {"dmean": 3.31847310066, "dmean2": 5.08920383453, "dvar": 99.1880722046, "dvar2": 231.797149658, "max": 481.307525635, "mean": 10.5948038101, "median": 4.17433357239, "min": -1.9817700386, "var": 534.344482422}, "barkbands_skewness": {"dmean": 0.379462867975, "dmean2": 0.588021039963, "dvar": 0.30575722456, "dvar2": 0.705261111259, "max": 15.4257726669, "mean": 0.737791836262, "median": 0.794298171997, "min": -12.7746887207, "var": 4.26893234253}, "barkbands_spread": {"dmean": 0.486389696598, "dmean2": 0.766954302788, "dvar": 3.35282850266, "dvar2": 7.03627157211, "max": 153.043273926, "mean": 3.00984334946, "median": 2.49063062668, "min": 0.0551878325641, "var": 29.1834411621}, "dissonance": {"dmean": 0.052304930985, "dmean2": 0.0908039063215, "dvar": 0.00301862438209, "dvar2": 0.00849363021553, "max": 0.500000119209, "mean": 0.290943920612, "median": 0.285654902458, "min": 0.0481350272894, "var": 0.00884743314236}, "dynamic_complexity": 12.4593496323, "erbbands_crest": {"dmean": 1.60515570641, "dmean2": 2.51416373253, "dvar": 3.95668697357, "dvar2": 10.3071451187, "max": 34.1038398743, "mean": 15.967748642, "median": 14.4826221466, "min": 2.67404508591, "var": 42.4668045044}, "erbbands_flatness_db": {"dmean": 0.0146602960303, "dmean2": 0.0242793355137, "dvar": 0.000250893557677, "dvar2": 0.000635460834019, "max": 0.653597414494, "mean": 0.436096101999, "median": 0.437991797924, "min": 0.0197925698012, "var": 0.00476749753579}, "erbbands_kurtosis": {"dmean": 1.67143750191, "dmean2": 2.45452260971, "dvar": 14.3841466904, "dvar2": 29.4471931458, "max": 88.448097229, "mean": 5.36183404922, "median": 1.78534054756, "min": -1.75006663799, "var": 106.47089386}, "erbbands_skewness": {"dmean": 0.26153549552, "dmean2": 0.390357553959, "dvar": 0.127731323242, "dvar2": 0.271003752947, "max": 7.02583122253, "mean": 0.393793523312, "median": 0.491403073072, "min": -7.26037120819, "var": 2.100867033}, "erbbands_spread": {"dmean": 0.889006853104, "dmean2": 1.3603849411, "dvar": 2.81814527512, "dvar2": 5.97652673721, "max": 175.022872925, "mean": 6.65846776962, "median": 5.77095937729, "min": 0.221762627363, "var": 52.0793457031}, "hfc": {"dmean": 1.02219629288, "dmean2": 1.13442957401, "dvar": 25.6787948608, "dvar2": 23.7120990753, "max": 459.831542969, "mean": 4.88311719894, "median": 0.458064824343, "min": 1.1275269813e-16, "var": 345.873626709}, "melbands_crest": {"dmean": 1.6554454565, "dmean2": 2.64723610878, "dvar": 3.82760477066, "dvar2": 9.84373760223, "max": 34.822933197, "mean": 18.6014900208, "median": 18.0005474091, "min": 2.21345019341, "var": 41.8477668762}, "melbands_flatness_db": {"dmean": 0.0206092856824, "dmean2": 0.0350705757737, "dvar": 0.000460348965134, "dvar2": 0.00129881873727, "max": 0.778820455074, "mean": 0.591825842857, "median": 0.602318525314, "min": 0.00618000747636, "var": 0.00683017866686}, "melbands_kurtosis": {"dmean": 1.93915855885, "dmean2": 2.9805419445, "dvar": 21.0518035889, "dvar2": 44.3773078918, "max": 269.629516602, "mean": 6.20543861389, "median": 2.89629340172, "min": -1.86166095734, "var": 148.194534302}, "melbands_skewness": {"dmean": 0.315348029137, "dmean2": 0.491309016943, "dvar": 0.15806978941, "dvar2": 0.386688888073, "max": 14.2225084305, "mean": 0.878094017506, "median": 0.978969812393, "min": -5.66926240921, "var": 2.68960547447}, "melbands_spread": {"dmean": 0.750862061977, "dmean2": 1.1715849638, "dvar": 5.72936153412, "dvar2": 11.9574785233, "max": 204.305755615, "mean": 5.33450365067, "median": 3.69507002831, "min": 0.26620092988, "var": 173.08303833}, "pitch_salience": {"dmean": 0.0424446724355, "dmean2": 0.0689007416368, "dvar": 0.00252708722837, "dvar2": 0.00679414719343, "max": 0.975958704948, "mean": 0.48493874073, "median": 0.491561233997, "min": 0.0437144562602, "var": 0.019635759294}, "silence_rate_20dB": {"dmean": 0.00137376121711, "dmean2": 0.00274779205211, "dvar": 0.00137188308872, "dvar2": 0.00274027814157, "max": 1, "mean": 0.995584785938, "median": 1, "min": 0, "var": 0.00439555989578}, "silence_rate_30dB": {"dmean": 0.00667255418375, "dmean2": 0.013346417807, "dvar": 0.00662852358073, "dvar2": 0.0141511494294, "max": 1, "mean": 0.974489808083, "median": 1, "min": 0, "var": 0.0248616281897}, "silence_rate_60dB": {"dmean": 0.0219801794738, "dmean2": 0.0439646728337, "dvar": 0.0214992202818, "dvar2": 0.0453636869788, "max": 1, "mean": 0.610871255398, "median": 1, "min": 0, "var": 0.237690642476}, "spectral_centroid": {"dmean": 19.1216106415, "dmean2": 28.7322750092, "dvar": 8346.36621094, "dvar2": 11548.0214844, "max": 11458.5292969, "mean": 413.332122803, "median": 352.366882324, "min": 149.012207031, "var": 127705.132812}, "spectral_complexity": {"dmean": 0.502207815647, "dmean2": 0.872620224953, "dvar": 0.794813334942, "dvar2": 1.61461949348, "max": 23, "mean": 3.80985093117, "median": 3, "min": 0, "var": 10.4322853088}, "spectral_decrease": {"dmean": 6.97961244356e-10, "dmean2": 7.85007170379e-10, "dvar": 1.05328753786e-17, "dvar2": 1.02812172578e-17, "max": 2.54560039836e-15, "mean": -3.60927399079e-09, "median": -3.61930430071e-10, "min": -2.79238633993e-07, "var": 1.486859401e-16}, "spectral_energy": {"dmean": 0.00272588152438, "dmean2": 0.0030636198353, "dvar": 0.000161302974448, "dvar2": 0.000157000933541, "max": 1.09561634064, "mean": 0.014065111056, "median": 0.00140864751302, "min": 1.09629922042e-20, "var": 0.00227407948114}, "spectral_energyband_high": {"dmean": 1.86875883657e-08, "dmean2": 2.85402350642e-08, "dvar": 1.35107338728e-13, "dvar2": 2.56736472359e-13, "max": 3.75081690436e-05, "mean": 4.62587301797e-08, "median": 1.48295296043e-08, "min": 7.41178304993e-21, "var": 5.62119144634e-13}, "spectral_energyband_low": {"dmean": 0.000321346102282, "dmean2": 0.000454491033452, "dvar": 2.48103765443e-06, "dvar2": 4.9800682973e-06, "max": 0.0838799625635, "mean": 0.00152724573854, "median": 0.000101849087514, "min": 1.71964407196e-22, "var": 1.78558457264e-05}, "spectral_energyband_middle_high": {"dmean": 0.000104202030343, "dmean2": 0.000134536530823, "dvar": 4.61906125793e-07, "dvar2": 7.0171626021e-07, "max": 0.0562009997666, "mean": 0.000354067189619, "median": 1.41153450386e-05, "min": 2.02907586013e-21, "var": 3.17011244988e-06}, "spectral_energyband_middle_low": {"dmean": 0.0026038128417, "dmean2": 0.00292532821186, "dvar": 0.000147688493598, "dvar2": 0.000145595171489, "max": 1.00700652599, "mean": 0.0130662797019, "median": 0.00108766218182, "min": 3.22363982573e-22, "var": 0.00203139916994}, "spectral_entropy": {"dmean": 0.0929099395871, "dmean2": 0.146910652518, "dvar": 0.0162939503789, "dvar2": 0.0369917340577, "max": 9.79975128174, "mean": 4.89916419983, "median": 4.87385034561, "min": 3.09390044212, "var": 0.310540378094}, "spectral_flux": {"dmean": 0.00605525774881, "dmean2": 0.00970192719251, "dvar": 0.0003202080552, "dvar2": 0.00071057054447, "max": 0.429364979267, "mean": 0.0152424909174, "median": 0.00641465373337, "min": 1.04704307724e-10, "var": 0.00072706368519}, "spectral_kurtosis": {"dmean": 71.4539413452, "dmean2": 127.331573486, "dvar": 7418.11621094, "dvar2": 23517.6191406, "max": 943.785766602, "mean": 257.590057373, "median": 243.158660889, "min": -1.20680844784, "var": 14993.6533203}, "spectral_rms": {"dmean": 0.000225511568715, "dmean2": 0.000279516563751, "dvar": 3.54834611471e-07, "dvar2": 4.50745858416e-07, "max": 0.0326939448714, "mean": 0.00227312231436, "median": 0.00117230135947, "min": 3.27041302026e-12, "var": 8.55505459185e-06}, "spectral_rolloff": {"dmean": 29.4373245239, "dmean2": 53.874382019, "dvar": 69174.9609375, "dvar2": 138752.3125, "max": 19789.0136719, "mean": 641.990844727, "median": 452.197265625, "min": 107.666015625, "var": 3060081}, "spectral_skewness": {"dmean": 1.48790419102, "dmean2": 2.61637353897, "dvar": 2.64646530151, "dvar2": 8.10778808594, "max": 24.9934425354, "mean": 13.0572013855, "median": 13.3026618958, "min": -0.0140281971544, "var": 10.9998626709}, "spectral_spread": {"dmean": 319666.15625, "dmean2": 566723.9375, "dvar": 183697702912, "dvar2": 419297755136, "max": 40197516, "mean": 957149.125, "median": 701417.375, "min": 114571.210938, "var": 2452557660160.0}, "spectral_strongpeak": {"dmean": 0.126364678144, "dmean2": 0.1757697016, "dvar": 0.115860491991, "dvar2": 0.185022562742, "max": 16.2209739685, "mean": 0.692397475243, "median": 0.308779984713, "min": 0, "var": 1.34509694576}, "zerocrossingrate": {"dmean": 0.00176717469003, "dmean2": 0.00242382055148, "dvar": 5.41024128324e-05, "dvar2": 0.000100794844911, "max": 0.73486328125, "mean": 0.0244719348848, "median": 0.0166015625, "min": 0.005859375, "var": 0.00357271824032}, "barkbands": {"dmean": [6.4947738565e-07, 7.43911296013e-05, 0.000129750231281, 0.000394861504901, 0.00048978056293, 0.00104147708043, 0.000990116037428, 0.000180612376425, 0.00013438485621, 5.33068778168e-05, 4.63392207166e-05, 8.86308043846e-06, 1.20589120343e-05, 7.4267409218e-06, 5.32180456503e-06, 4.57494195416e-07, 4.59761480442e-07, 7.52788835712e-08, 2.94477011664e-08, 1.22418759574e-08, 4.81463890978e-09, 3.347112143e-09, 1.42038392159e-09, 1.09185194219e-09, 8.02636790365e-10, 7.41485983724e-10, 1.97768068588e-09], "dmean2": [1.02723913642e-06, 0.000116178751341, 0.000194584979909, 0.000497023342177, 0.000680472294334, 0.00147943536285, 0.000969380082097, 0.00028232918703, 0.000156650348799, 7.28050799808e-05, 6.50112633593e-05, 1.17320378195e-05, 1.62349224411e-05, 9.42706174101e-06, 7.72390922066e-06, 6.53096435599e-07, 5.96653023877e-07, 9.77614149633e-08, 4.40436416227e-08, 1.74898389105e-08, 7.31133509291e-09, 5.79329828554e-09, 2.18712847833e-09, 1.7997978663e-09, 1.33043087658e-09, 1.28807253752e-09, 3.44630546323e-09], "dvar": [2.43092993651e-11, 1.53847921069e-07, 3.95479389681e-07, 3.91577805203e-06, 8.23930895422e-06, 2.71402659564e-05, 7.38613380236e-05, 1.41089537919e-06, 1.3710625808e-06, 1.93262962966e-07, 9.58010275554e-08, 1.06649702403e-08, 2.16397726405e-08, 1.04107114041e-08, 4.54205384415e-09, 4.16957093852e-11, 3.16071890882e-11, 1.35841153864e-12, 4.37967533334e-13, 9.10539953982e-14, 2.5021124563e-14, 6.76846325162e-15, 1.06120882786e-15, 2.65606688839e-16, 8.75395249923e-17, 2.73395798681e-17, 1.36588264822e-17], "dvar2": [4.79712727874e-11, 3.20555130884e-07, 8.04351316219e-07, 7.15458872946e-06, 1.32805043904e-05, 4.16735856561e-05, 7.05394486431e-05, 3.18524234899e-06, 1.44477633057e-06, 3.68320314692e-07, 1.8530577961e-07, 1.74105476702e-08, 3.91350454265e-08, 1.36846924903e-08, 1.04886330732e-08, 6.48514436596e-11, 5.88637957821e-11, 3.0871796005e-12, 9.98585220589e-13, 1.8744572138e-13, 5.06427954856e-14, 1.68855713103e-14, 1.75962825633e-15, 6.07030079177e-16, 1.31669934927e-16, 4.20431189204e-17, 3.70568510269e-17], "max": [0.000325902714394, 0.0275360830128, 0.0435905456543, 0.0862715393305, 0.177341192961, 0.369394659996, 0.843282818794, 0.0621097832918, 0.109644204378, 0.0282971393317, 0.0152289848775, 0.00822543166578, 0.0126359798014, 0.0083025386557, 0.00425314251333, 0.000712810549885, 0.000359503523214, 0.000134250134579, 5.14159764862e-05, 3.11318362947e-05, 1.44606310641e-05, 5.51803532289e-06, 3.06673723571e-06, 1.45404953855e-06, 9.84099642665e-07, 5.13605584729e-07, 3.02588460954e-07], "mean": [1.11010024284e-06, 0.000236539024627, 0.000428441737313, 0.00217044353485, 0.00198920397088, 0.00419598864391, 0.00379256973974, 0.000420196127379, 0.000452581822174, 0.000129071922856, 0.000149976971443, 2.25114345085e-05, 3.09093229589e-05, 2.67901796178e-05, 1.51353706315e-05, 1.5564178284e-06, 1.7197003217e-06, 2.63126537448e-07, 6.45683186917e-08, 2.1840001807e-08, 7.51235784691e-09, 5.15245002219e-09, 2.38760455851e-09, 1.52867529746e-09, 1.27534116601e-09, 1.64684754722e-09, 1.31212471999e-08], "median": [6.9532390512e-08, 1.34493675432e-05, 3.18813545164e-05, 4.66623423563e-05, 0.000106858788058, 7.8692974057e-05, 8.4024068201e-05, 1.32529203256e-05, 2.19529683818e-05, 4.38598817709e-06, 2.89280023935e-06, 7.59042791287e-07, 2.86688418782e-07, 1.16071717571e-07, 6.29366780913e-08, 8.188932199e-09, 2.03243777364e-09, 6.86740497802e-10, 3.94192956055e-10, 1.54955048792e-10, 1.22608506681e-10, 1.24502907983e-10, 1.54164764288e-10, 2.52926291022e-10, 2.93765983761e-10, 9.42437905493e-10, 1.26476873419e-08], "min": [1.60516760662e-22, 6.23331002926e-23, 3.73058001878e-23, 2.04176466255e-23, 3.8587402547e-23, 5.88760719922e-23, 3.77681578752e-23, 4.68615973434e-23, 1.01076470107e-22, 9.92484521976e-23, 1.5673053124e-22, 7.28718717787e-23, 8.83366126122e-23, 2.20595018809e-22, 1.64565119097e-22, 1.32517007423e-22, 3.5146060588e-22, 2.21359570176e-22, 3.47889931122e-22, 3.56866410917e-22, 4.46170135444e-22, 5.31007342148e-22, 5.50960651046e-22, 7.36264506822e-22, 1.24756193837e-21, 2.12678111738e-21, 1.81139306335e-21], "var": [4.28189601831e-11, 1.12645170702e-06, 2.26267252401e-06, 3.83895458071e-05, 6.70240115141e-05, 0.000406531005865, 0.000757225148845, 4.04735101256e-06, 8.67645394464e-06, 7.12131168257e-07, 6.76072488659e-07, 3.67454866534e-08, 5.83874566473e-08, 7.63068541687e-08, 2.42086866109e-08, 2.36629216221e-10, 2.30711144633e-10, 8.51531345436e-12, 1.11339637596e-12, 2.87821632847e-13, 4.76857357041e-14, 1.51463517835e-14, 3.51017441364e-15, 7.09712706999e-16, 3.34424648262e-16, 1.15730746858e-16, 3.82534538097e-17]}, "erbbands": {"dmean": [0.000911869981792, 0.0216269977391, 0.12389934063, 0.736059427261, 1.28812551498, 2.0463988781, 4.88074493408, 9.11179256439, 15.7937345505, 6.36459302902, 3.25616621971, 3.7398557663, 1.2498497963, 1.57644093037, 1.84833908081, 0.497330486774, 0.617116332054, 0.396538048983, 0.386662870646, 0.0537291206419, 0.0283952895552, 0.0164040960371, 0.0050404034555, 0.00223570992239, 0.00125757604837, 0.000663160637487, 0.000217745269765, 0.000177985188202, 0.000128164465423, 7.26318030502e-05, 4.2643652705e-05, 3.12886404572e-05, 1.52524462464e-05, 1.06990464701e-05, 5.64534320802e-06, 3.41192321685e-06, 1.77778554189e-06, 7.55321593715e-07, 1.42829583183e-06, 3.04162472275e-06], "dmean2": [0.00136219779961, 0.0337061993778, 0.178923487663, 0.970008909702, 1.67931163311, 2.94348025322, 7.14410638809, 12.775809288, 14.829413414, 8.1767616272, 4.6801981926, 4.31960964203, 1.80384778976, 2.01331996918, 2.67166519165, 0.638411402702, 0.82517182827, 0.494581311941, 0.560141086578, 0.0776687040925, 0.0402307808399, 0.0211807414889, 0.00666139740497, 0.00311868055724, 0.00186076946557, 0.000908168614842, 0.000321493804222, 0.000301844527712, 0.000210316560697, 0.000125371327158, 5.8976773289e-05, 5.1861639804e-05, 2.66069782811e-05, 1.63729746419e-05, 8.95511948329e-06, 5.07169534103e-06, 2.74588956017e-06, 1.25867109091e-06, 1.699231575e-06, 3.42215298588e-06], "dvar": [2.65293019766e-05, 0.0126914288849, 0.357192754745, 14.8301277161, 33.6009941101, 187.88835144, 663.523864746, 1824.2088623, 18213.5214844, 1648.67907715, 636.491394043, 1060.21228027, 141.993621826, 178.294235229, 174.366882324, 26.3384723663, 56.7670059204, 27.5118694305, 18.9452953339, 0.278585970402, 0.165218681097, 0.0428608283401, 0.00900404341519, 0.00170974608045, 0.000644503335934, 0.000250849116128, 3.61325110134e-05, 3.49562142219e-05, 1.05778035504e-05, 3.74511546397e-06, 7.97950463038e-07, 4.93875518259e-07, 4.3556209306e-08, 2.42707187681e-08, 2.07694883514e-09, 7.59853235888e-10, 1.23760224291e-10, 6.76141044195e-12, 3.70531383354e-11, 2.00464089772e-10], "dvar2": [4.88569312438e-05, 0.0260934811085, 0.659076094627, 30.0739078522, 53.5127944946, 321.210144043, 1226.76672363, 2696.65917969, 16112.9970703, 2423.57104492, 1355.77539062, 1128.80395508, 351.692993164, 262.871917725, 333.140838623, 38.5199775696, 102.326568604, 34.6865692139, 43.3466682434, 0.616974234581, 0.259081274271, 0.077892832458, 0.0207817684859, 0.00335481506772, 0.00148082256783, 0.000430454849266, 6.24190943199e-05, 8.33633603179e-05, 2.70711752819e-05, 1.02044969026e-05, 1.03286686226e-06, 1.31075057652e-06, 9.40773148272e-08, 3.5679434518e-08, 2.83836398829e-09, 9.22272147541e-10, 2.11298561981e-10, 1.18620720885e-11, 3.44477363301e-11, 1.94131169473e-10], "max": [0.617684066296, 8.48586463928, 51.0017738342, 200.167068481, 450.441131592, 909.553161621, 1488.078125, 3046.83007812, 13269.0019531, 3473.42456055, 1676.25830078, 3010.39868164, 769.448303223, 1174.19055176, 644.218994141, 426.131713867, 648.047973633, 429.999084473, 264.22177124, 41.2367897034, 42.6745185852, 15.9310092926, 10.9234323502, 3.65601754189, 1.91329967976, 1.81468451023, 0.592984497547, 0.544217348099, 0.224473312497, 0.144208297133, 0.100077979267, 0.0622244849801, 0.0175377503037, 0.0166977327317, 0.00431098975241, 0.00310005294159, 0.00121929345187, 0.000238687673118, 0.000550517754164, 0.00122696929611], "mean": [0.00292384414934, 0.0729294791818, 0.494538217783, 3.76950240135, 6.75642681122, 7.85859060287, 19.4785118103, 35.6071166992, 61.1548461914, 21.7965946198, 9.10237693787, 12.8293399811, 3.4717862606, 4.27326917648, 5.92603969574, 1.44304955006, 1.6277974844, 1.49133789539, 1.17729890347, 0.195145040751, 0.114604964852, 0.0634530484676, 0.0157579574734, 0.00778480013832, 0.00277668540366, 0.00133326312061, 0.000428978790296, 0.000281219661701, 0.000202087729122, 9.83243080555e-05, 7.41189578548e-05, 4.55879053334e-05, 3.1127485272e-05, 2.41256875597e-05, 1.54665704031e-05, 1.07555415525e-05, 7.10094263923e-06, 3.6130954868e-06, 8.23722257337e-06, 1.58378225024e-05], "median": [0.000163006887306, 0.00501816812903, 0.0417604893446, 0.14206148684, 0.402184724808, 0.337984502316, 0.399592459202, 0.805038452148, 1.44553303719, 1.02078032494, 0.43374311924, 0.642358541489, 0.190370887518, 0.178457558155, 0.146734654903, 0.0433940179646, 0.0225161798298, 0.0119829243049, 0.0076869437471, 0.00177743216045, 0.000443478173111, 0.000129961263156, 5.24458810105e-05, 3.21675579471e-05, 1.55827729031e-05, 8.75168552739e-06, 6.28669113212e-06, 5.60641547054e-06, 5.13083114129e-06, 5.17969192515e-06, 5.40369819646e-06, 5.62266632187e-06, 5.47660602024e-06, 4.40470739704e-06, 2.76833202406e-06, 1.82551070793e-06, 2.3074735509e-06, 2.79368350675e-06, 2.30691443903e-06, 1.78351922386e-06], "min": [1.79667385287e-21, 1.48808596664e-20, 4.5573913283e-20, 6.57841813138e-20, 4.12443045541e-20, 1.45216713488e-19, 5.89589163318e-19, 2.86087239092e-19, 4.2061761917e-19, 6.7579017194e-19, 1.20862254432e-18, 1.92526845919e-18, 3.03406022974e-18, 3.71404219113e-18, 7.01549661889e-18, 2.11769383072e-18, 3.75184848103e-18, 7.77660452566e-18, 1.45421379168e-17, 6.02393453911e-18, 8.48811137417e-18, 2.05833770743e-17, 1.29879846598e-17, 1.91791651926e-17, 1.33242840368e-17, 1.7086426367e-17, 1.64618040885e-17, 1.89923464513e-17, 1.79493643431e-17, 1.80061122418e-17, 1.52611613555e-17, 1.30513591024e-17, 1.37179947114e-17, 1.03354736885e-17, 1.1339253226e-17, 5.94682558959e-18, 4.61414580572e-18, 1.32562258908e-18, 2.54654013923e-19, 2.78671655373e-20], "var": [0.000351549679181, 0.0882275700569, 2.50341272354, 110.867675781, 346.031646729, 1211.92578125, 7784.99609375, 27705.1835938, 185936.859375, 14501.1777344, 1987.66503906, 6640.52734375, 451.907470703, 873.371887207, 1077.77429199, 109.419631958, 154.924346924, 202.930877686, 99.6287536621, 2.16015768051, 1.09166800976, 0.306693553925, 0.0342228859663, 0.00898047722876, 0.00171365751885, 0.00089221203234, 0.000121271805256, 6.2300467107e-05, 2.3283997507e-05, 5.10251857122e-06, 2.94993242278e-06, 7.39744734801e-07, 1.48125323562e-07, 8.66221938622e-08, 1.19975940294e-08, 4.70396743779e-09, 7.91566756586e-10, 3.83919632196e-11, 5.26556853675e-10, 2.8242115313e-09]}, "gfcc": {"mean": [-384.198242188, 237.875213623, -26.2519435883, -82.7119598389, -46.9579734802, -13.303478241, -26.8438358307, -21.5932064056, -11.5028743744, -11.8869171143, -8.41003417969, -12.5384616852, -10.0783348083], "cov": [[13750.7744141, 4452.39013672, -2277.9284668, -295.214660645, 1492.32287598, -472.628540039, -1078.43334961, -609.185241699, 164.225570679, -139.531738281, 137.971038818, -44.4863815308, 487.397155762], [4452.39013672, 2392.80786133, -218.001174927, -227.519790649, 502.766418457, -7.18802595139, -359.735778809, -305.763580322, 15.5596466064, -66.7869720459, -20.0805530548, -93.1451339722, 98.6103820801], [-2277.9284668, -218.001174927, 1290.15795898, 276.059509277, -376.074523926, 110.656509399, 190.0443573, -4.27790355682, -77.1258087158, 10.5769968033, -73.182472229, -80.1991424561, -134.9453125], [-295.214660645, -227.519790649, 276.059509277, 410.460876465, 105.558753967, -9.40843772888, 5.40941286087, -19.3552360535, -35.5439376831, 5.69891214371, 24.4281349182, 25.0559215546, -0.394727915525], [1492.32287598, 502.766418457, -376.074523926, 105.558753967, 533.511657715, 75.331451416, -196.729110718, -138.842330933, -0.177918821573, -14.6067590714, 55.7990493774, 54.2393341064, 84.5769119263], [-472.628540039, -7.18802595139, 110.656509399, -9.40843772888, 75.331451416, 215.379547119, 97.9557495117, -25.4361362457, -43.122177124, -5.88805627823, -9.2553691864, 16.0015506744, -10.0415525436], [-1078.43334961, -359.735778809, 190.0443573, 5.40941286087, -196.729110718, 97.9557495117, 283.872039795, 176.910125732, -28.0345249176, -35.6556167603, -32.900390625, 1.65035021305, -39.6001434326], [-609.185241699, -305.763580322, -4.27790355682, -19.3552360535, -138.842330933, -25.4361362457, 176.910125732, 233.487365723, 82.7000198364, 6.87979841232, -10.8279705048, -6.28542613983, -34.7626304626], [164.225570679, 15.5596466064, -77.1258087158, -35.5439376831, -0.177918821573, -43.122177124, -28.0345249176, 82.7000198364, 175.517349243, 119.804389954, 16.9009132385, -44.4113502502, -26.6509914398], [-139.531738281, -66.7869720459, 10.5769968033, 5.69891214371, -14.6067590714, -5.88805627823, -35.6556167603, 6.87979841232, 119.804389954, 162.23739624, 65.9421768188, -16.1449165344, -35.053894043], [137.971038818, -20.0805530548, -73.182472229, 24.4281349182, 55.7990493774, -9.2553691864, -32.900390625, -10.8279705048, 16.9009132385, 65.9421768188, 107.73575592, 76.1178359985, 19.3219585419], [-44.4863815308, -93.1451339722, -80.1991424561, 25.0559215546, 54.2393341064, 16.0015506744, 1.65035021305, -6.28542613983, -44.4113502502, -16.1449165344, 76.1178359985, 129.815368652, 69.3246612549], [487.397155762, 98.6103820801, -134.9453125, -0.394727915525, 84.5769119263, -10.0415525436, -39.6001434326, -34.7626304626, -26.6509914398, -35.053894043, 19.3219585419, 69.3246612549, 103.969406128]], "icov": [[0.0011423031101, -0.00192334433086, 0.00241659698077, -0.00278986035846, 0.00244811107405, -0.000921754224692, -0.00019658418023, 0.00271548400633, -0.00480931531638, 0.00631226133555, -0.00666394457221, 0.00474830530584, -0.00268445443362], [-0.00192334433086, 0.00458452152088, -0.00523825129494, 0.00700143072754, -0.00708651728928, 0.00457651074976, -0.00328004872426, -0.000455244327895, 0.0048190522939, -0.0077128848061, 0.0086411293596, -0.00586082413793, 0.00363793969154], [0.00241659698077, -0.00523825129494, 0.00873879995197, -0.0111425770447, 0.012212687172, -0.00944662466645, 0.00540139852092, 0.00267929350957, -0.00963436253369, 0.0148807242513, -0.0151285147294, 0.0106892148033, -0.0047227460891], [-0.00278986035846, 0.00700143072754, -0.0111425770447, 0.0186572708189, -0.0201008282602, 0.018745418638, -0.0146256703883, 0.00282076140866, 0.0110755218193, -0.0205803923309, 0.0212696511298, -0.0154196815565, 0.00781002268195], [0.00244811107405, -0.00708651728928, 0.012212687172, -0.0201008282602, 0.0290033165365, -0.0300175528973, 0.0268222112209, -0.0104978289455, -0.00936822127551, 0.0249737352133, -0.0281899869442, 0.0202069822699, -0.0109829641879], [-0.000921754224692, 0.00457651074976, -0.00944662466645, 0.018745418638, -0.0300175528973, 0.0457300283015, -0.0465457886457, 0.0330771170557, -0.00726425554603, -0.0161070730537, 0.0257898587734, -0.0246327873319, 0.0142959784716], [-0.00019658418023, -0.00328004872426, 0.00540139852092, -0.0146256703883, 0.0268222112209, -0.0465457886457, 0.0682689324021, -0.0619774609804, 0.0383269414306, -0.00998569559306, -0.00643993075937, 0.0175871457905, -0.0141192255542], [0.00271548400633, -0.000455244327895, 0.00267929350957, 0.00282076140866, -0.0104978289455, 0.0330771170557, -0.0619774609804, 0.0788311734796, -0.0690416023135, 0.0473190359771, -0.0227805469185, -0.00327624403872, 0.0103502068669], [-0.00480931531638, 0.0048190522939, -0.00963436253369, 0.0110755218193, -0.00936822127551, -0.00726425554603, 0.0383269414306, -0.0690416023135, 0.09273044765, -0.0849354192615, 0.0568135380745, -0.0175830461085, 0.000244343827944], [0.00631226133555, -0.0077128848061, 0.0148807242513, -0.0205803923309, 0.0249737352133, -0.0161070730537, -0.00998569559306, 0.0473190359771, -0.0849354192615, 0.108369387686, -0.0937851667404, 0.0510427057743, -0.0147325908765], [-0.00666394457221, 0.0086411293596, -0.0151285147294, 0.0212696511298, -0.0281899869442, 0.0257898587734, -0.00643993075937, -0.0227805469185, 0.0568135380745, -0.0937851667404, 0.115993127227, -0.0801943168044, 0.0337007381022], [0.00474830530584, -0.00586082413793, 0.0106892148033, -0.0154196815565, 0.0202069822699, -0.0246327873319, 0.0175871457905, -0.00327624403872, -0.0175830461085, 0.0510427057743, -0.0801943168044, 0.0778457224369, -0.0403994731605], [-0.00268445443362, 0.00363793969154, -0.0047227460891, 0.00781002268195, -0.0109829641879, 0.0142959784716, -0.0141192255542, 0.0103502068669, 0.000244343827944, -0.0147325908765, 0.0337007381022, -0.0403994731605, 0.0368200242519]]}, "melbands": {"dmean": [1.42746775964e-05, 5.07084041601e-05, 0.000145486177644, 0.000113625414087, 0.000154909561388, 0.000200699520065, 0.000232459729887, 5.72154640395e-05, 2.73869536613e-05, 2.02760165848e-05, 5.99884015173e-06, 6.53742426948e-06, 6.64622984914e-06, 1.87758610082e-06, 1.3208261862e-06, 8.99372594176e-07, 8.32146270113e-07, 6.36077288618e-07, 2.07117537343e-07, 3.65303023386e-08, 3.81230407243e-08, 2.34935821908e-08, 8.2292910264e-09, 2.98124525067e-09, 1.77686121372e-09, 9.06189234762e-10, 6.67174759883e-10, 4.7329012931e-10, 1.42724776442e-10, 1.18415083294e-10, 9.98102642202e-11, 8.40520986145e-11, 5.53596890551e-11, 3.67552481506e-11, 2.43106576536e-11, 2.35227982925e-11, 1.83566096351e-11, 1.08544787741e-11, 1.05149838489e-11, 8.56610529038e-12], "dmean2": [2.19818703044e-05, 7.57755260565e-05, 0.000187159632333, 0.000156959227752, 0.000220770292799, 0.000282322085695, 0.000218080051127, 8.11286154203e-05, 3.75263953174e-05, 2.35587394855e-05, 8.91605304787e-06, 8.34798629512e-06, 9.42945371207e-06, 2.60336287283e-06, 1.70869100202e-06, 1.19799358345e-06, 1.03746617697e-06, 9.31681825023e-07, 2.93309824428e-07, 4.94408851637e-08, 5.42912097501e-08, 2.97245925651e-08, 1.27136017269e-08, 3.76820574743e-09, 2.53278931162e-09, 1.39179279213e-09, 9.85001746834e-10, 6.12893069629e-10, 2.14477186011e-10, 1.75940748082e-10, 1.76923822814e-10, 1.38617589629e-10, 9.26769286314e-11, 6.20282575303e-11, 3.70828472096e-11, 3.46251187444e-11, 3.162122994e-11, 1.94487932703e-11, 1.83561603417e-11, 1.37873185091e-11], "dvar": [5.52136869558e-09, 6.05020034072e-08, 4.92575395583e-07, 4.07078516673e-07, 6.30764134257e-07, 9.20870490972e-07, 4.09007498092e-06, 1.15379123145e-07, 4.1776534232e-08, 3.06705238984e-08, 3.48001538697e-09, 3.36647842936e-09, 1.99741800877e-09, 2.66833610763e-10, 2.06997169405e-10, 1.00260980074e-10, 1.43890316329e-10, 4.73399548728e-11, 6.08319904866e-12, 1.57692381288e-13, 3.12696510395e-13, 8.00260804346e-14, 4.41054663495e-14, 1.6137631477e-15, 1.23720649831e-15, 4.15069702258e-16, 2.08827886628e-16, 1.31842173783e-16, 1.43928020377e-17, 1.68985355996e-17, 1.07558766543e-17, 5.10599401539e-18, 1.94757669313e-18, 1.01484307812e-18, 3.03667412048e-19, 3.56574013274e-19, 1.52168675398e-19, 2.10100983687e-20, 3.13310457447e-20, 1.78225174886e-20], "dvar2": [1.13578098038e-08, 1.12060511981e-07, 9.03412626485e-07, 6.55980670672e-07, 1.09769814571e-06, 1.36516405291e-06, 3.65910773326e-06, 2.14819607436e-07, 8.05819695415e-08, 3.28163238805e-08, 8.63042881605e-09, 4.99400165666e-09, 3.99212751745e-09, 4.66313043734e-10, 3.40955180755e-10, 1.81420836687e-10, 1.8112371325e-10, 1.08520248343e-10, 1.37199722069e-11, 3.03894577688e-13, 5.08663423882e-13, 1.31711088975e-13, 1.18949609277e-13, 2.61491628081e-15, 2.58935917921e-15, 1.00383166304e-15, 4.98689271267e-16, 2.31343570848e-16, 2.2907064727e-17, 3.44530188075e-17, 2.7438092116e-17, 1.36679287777e-17, 5.0818018776e-18, 2.87214851703e-18, 4.39809863743e-19, 7.63992802548e-19, 4.55607824371e-19, 4.89892709464e-20, 7.30390528868e-20, 2.75060430388e-20], "max": [0.00627944711596, 0.0217591449618, 0.0337529182434, 0.04685151577, 0.0443537533283, 0.068801023066, 0.199463233352, 0.0242597963661, 0.0124758332968, 0.0161428637803, 0.00378867192194, 0.00504314759746, 0.00224571744911, 0.000852840137668, 0.00111934111919, 0.000847391958814, 0.000987583305687, 0.000406051636674, 0.000159343107953, 2.87073089567e-05, 5.46174378542e-05, 1.83851043403e-05, 2.10692578548e-05, 3.63889671462e-06, 3.05064440909e-06, 1.60485637934e-06, 1.10297241918e-06, 1.33322657803e-06, 3.67168610182e-07, 3.69453914573e-07, 2.96756525131e-07, 1.55752900355e-07, 9.26469638785e-08, 7.61935652349e-08, 5.61978446001e-08, 6.09430301779e-08, 2.85767818298e-08, 1.1772207209e-08, 1.51783243751e-08, 1.46487568742e-08], "mean": [4.56038069387e-05, 0.000184365781024, 0.000778148823883, 0.000541633402463, 0.000633453251794, 0.000795033993199, 0.000902266765479, 0.000184850374353, 7.90219783084e-05, 6.87753417878e-05, 1.46994752868e-05, 1.67753114511e-05, 2.15909258259e-05, 5.3211310842e-06, 3.31263663611e-06, 2.52329937211e-06, 3.06216384161e-06, 1.91862659449e-06, 6.56660688492e-07, 1.17858121484e-07, 1.49753020651e-07, 8.76312782339e-08, 1.91700859631e-08, 1.18773364477e-08, 5.67137359297e-09, 1.85302351241e-09, 1.23384202855e-09, 8.79417483279e-10, 2.44726711118e-10, 1.84450843488e-10, 1.51364518142e-10, 1.27778315706e-10, 6.86453185961e-11, 4.35736793869e-11, 4.04107858287e-11, 3.18989140657e-11, 2.00386027216e-11, 1.57515285537e-11, 1.60224073592e-11, 1.2904430996e-11], "median": [2.52717700278e-06, 1.40695447044e-05, 3.32444178639e-05, 3.14065837301e-05, 1.54265089805e-05, 1.69300928974e-05, 2.00858412427e-05, 8.51257573231e-06, 3.29093109031e-06, 3.41934241987e-06, 6.17024113581e-07, 6.13737142885e-07, 4.38511904122e-07, 1.4960951944e-07, 5.12655553564e-08, 2.54682106515e-08, 1.46848524452e-08, 1.19560237266e-08, 3.33402283559e-09, 8.44321113025e-10, 3.27283866675e-10, 1.07537055649e-10, 4.12351437717e-11, 3.25704602178e-11, 2.25633470241e-11, 1.03287101094e-11, 6.56790550765e-12, 4.72734525137e-12, 3.30352281988e-12, 2.97335203334e-12, 2.71801960279e-12, 2.53171919193e-12, 2.3509527658e-12, 2.43218292728e-12, 2.59324853258e-12, 2.73720846336e-12, 3.0038278722e-12, 3.19959185015e-12, 3.26338565546e-12, 2.94716616563e-12], "min": [2.41809312396e-23, 2.38419135325e-23, 9.94226879057e-24, 5.82624423376e-24, 1.7161618506e-23, 7.68395407871e-24, 6.77347369887e-24, 8.17929404059e-24, 9.54245357342e-24, 1.4043079376e-23, 1.59682786379e-23, 1.43772645212e-23, 2.70632017954e-23, 8.52545015011e-24, 4.92053015151e-24, 8.87290235809e-24, 1.49725547375e-23, 2.63852279122e-23, 9.93792216699e-24, 9.95162546977e-24, 9.83111118928e-24, 2.44150414905e-23, 1.2742822034e-23, 1.08991318251e-23, 1.67464946541e-23, 9.91922774125e-24, 1.14028100467e-23, 1.13340055986e-23, 8.09094556351e-24, 1.36310573252e-23, 1.10654623581e-23, 1.0358523869e-23, 9.08966161332e-24, 1.04161998564e-23, 9.10274171599e-24, 7.87830258448e-24, 7.3675080486e-24, 1.01748076305e-23, 7.36319376831e-24, 9.08897530434e-24], "var": [5.22349807852e-08, 4.18060807306e-07, 4.41916154159e-06, 4.10017855756e-06, 7.53501217332e-06, 1.40717784234e-05, 4.20509386458e-05, 8.18675403025e-07, 1.50985655978e-07, 1.92716470337e-07, 1.06823376811e-08, 1.54488404291e-08, 1.39385889497e-08, 1.27735966249e-09, 6.77547129513e-10, 2.89410773124e-10, 1.05826480912e-09, 2.39281428005e-10, 3.95218614779e-11, 6.71882959425e-13, 1.99686534669e-12, 6.41629598844e-13, 9.91386131717e-14, 1.44930657644e-14, 5.45743751432e-15, 9.88889154821e-16, 4.42182247518e-16, 4.57002862406e-16, 4.60073522276e-17, 2.97656675175e-17, 1.85597822761e-17, 1.04557358234e-17, 2.69611559048e-18, 1.20072452044e-18, 1.07022726623e-18, 6.83240794512e-19, 1.63072970898e-19, 5.53814416081e-20, 8.36536219151e-20, 4.91716093415e-20]}, "mfcc": {"mean": [-950.896789551, 198.364685059, 70.9473800659, -6.37867307663, -17.628200531, -9.98783111572, -9.15885353088, -10.1150846481, -7.65875482559, -5.1269698143, -5.19060468674, -5.15535020828, -2.80620241165], "cov": [[5045.06738281, 4062.1340332, -341.475311279, -905.344055176, 410.348114014, 528.609680176, -144.883560181, -383.33001709, -247.656311035, -152.262695312, -179.518585205, -166.638076782, -24.5957832336], [4062.1340332, 3538.65063477, 113.089836121, -648.586181641, 257.717712402, 449.222167969, -65.0885925293, -309.363983154, -197.542510986, -105.505508423, -138.750350952, -146.580764771, -48.7235565186], [-341.475311279, 113.089836121, 699.08215332, 325.059265137, -95.0769271851, -17.1593494415, 91.5480422974, 41.0002670288, 19.3340854645, 38.2133483887, 32.589263916, -1.14475989342, -40.1741409302], [-905.344055176, -648.586181641, 325.059265137, 466.992553711, 79.0626068115, -67.0421218872, 35.3336181641, 71.491394043, 26.0552806854, 18.5699195862, 42.9137802124, 35.2220420837, 2.3488047123], [410.348114014, 257.717712402, -95.0769271851, 79.0626068115, 296.908355713, 175.807647705, -17.9787578583, -77.1202316284, -73.608757019, -62.9963798523, -41.4726791382, -9.85352516174, 22.8292694092], [528.609680176, 449.222167969, -17.1593494415, -67.0421218872, 175.807647705, 247.444381714, 88.7511444092, -51.1334152222, -81.4727249146, -78.1303863525, -68.1146850586, -31.3955688477, 11.6757059097], [-144.883560181, -65.0885925293, 91.5480422974, 35.3336181641, -17.9787578583, 88.7511444092, 184.973129272, 131.640945435, 14.4400577545, -46.8829460144, -39.0521354675, -12.0079030991, 1.60624074936], [-383.33001709, -309.363983154, 41.0002670288, 71.491394043, -77.1202316284, -51.1334152222, 131.640945435, 206.811767578, 111.233146667, 7.0320649147, -9.12330532074, 8.63524723053, 4.67125272751], [-247.656311035, -197.542510986, 19.3340854645, 26.0552806854, -73.608757019, -81.4727249146, 14.4400577545, 111.233146667, 130.807785034, 82.3759002686, 34.605255127, 16.5636711121, 2.7037820816], [-152.262695312, -105.505508423, 38.2133483887, 18.5699195862, -62.9963798523, -78.1303863525, -46.8829460144, 7.0320649147, 82.3759002686, 126.785003662, 98.7944641113, 35.0291481018, -7.09224367142], [-179.518585205, -138.750350952, 32.589263916, 42.9137802124, -41.4726791382, -68.1146850586, -39.0521354675, -9.12330532074, 34.605255127, 98.7944641113, 122.13658905, 71.1577606201, 9.34881687164], [-166.638076782, -146.580764771, -1.14475989342, 35.2220420837, -9.85352516174, -31.3955688477, -12.0079030991, 8.63524723053, 16.5636711121, 35.0291481018, 71.1577606201, 89.7091598511, 65.8121643066], [-24.5957832336, -48.7235565186, -40.1741409302, 2.3488047123, 22.8292694092, 11.6757059097, 1.60624074936, 4.67125272751, 2.7037820816, -7.09224367142, 9.34881687164, 65.8121643066, 105.62285614]], "icov": [[0.332944750786, -0.508600473404, 0.615055501461, -0.771668732166, 0.941630482674, -1.07784128189, 1.13110470772, -1.0696169138, 0.894808351994, -0.648257315159, 0.392874747515, -0.183821633458, 0.0530690401793], [-0.508600473404, 0.780894875526, -0.95147138834, 1.19896388054, -1.45988380909, 1.66022467613, -1.72875010967, 1.62280786037, -1.34968674183, 0.975547552109, -0.593065857887, 0.280653297901, -0.0825574919581], [0.615055501461, -0.95147138834, 1.17901217937, -1.50075447559, 1.83292281628, -2.07751941681, 2.14481401443, -1.99424648285, 1.64439344406, -1.18204450607, 0.71774995327, -0.341534435749, 0.103006288409], [-0.771668732166, 1.19896388054, -1.50075447559, 1.9417591095, -2.40764951706, 2.76996850967, -2.89576983452, 2.7130613327, -2.24354600906, 1.60872685909, -0.96954190731, 0.453490018845, -0.133668452501], [0.941630482674, -1.45988380909, 1.83292281628, -2.40764951706, 3.07494044304, -3.65154361725, 3.93593502045, -3.77917957306, 3.17519521713, -2.28473687172, 1.36159443855, -0.617996692657, 0.172701343894], [-1.07784128189, 1.66022467613, -2.07751941681, 2.76996850967, -3.65154361725, 4.51828384399, -5.05625534058, 5.01118946075, -4.30592727661, 3.13951063156, -1.86545181274, 0.829794645309, -0.222758367658], [1.13110470772, -1.72875010967, 2.14481401443, -2.89576983452, 3.93593502045, -5.05625534058, 5.8862657547, -6.02716159821, 5.3194270134, -3.95078468323, 2.3727247715, -1.05208098888, 0.275439709425], [-1.0696169138, 1.62280786037, -1.99424648285, 2.7130613327, -3.77917957306, 5.01118946075, -6.02716159821, 6.38418865204, -5.81193637848, 4.43733644485, -2.72507619858, 1.23424458504, -0.328245460987], [0.894808351994, -1.34968674183, 1.64439344406, -2.24354600906, 3.17519521713, -4.30592727661, 5.3194270134, -5.81193637848, 5.48384714127, -4.33263492584, 2.75497245789, -1.29904150963, 0.361215204], [-0.648257315159, 0.975547552109, -1.18204450607, 1.60872685909, -2.28473687172, 3.13951063156, -3.95078468323, 4.43733644485, -4.33263492584, 3.57615971565, -2.37820148468, 1.18230926991, -0.350843131542], [0.392874747515, -0.593065857887, 0.71774995327, -0.96954190731, 1.36159443855, -1.86545181274, 2.3727247715, -2.72507619858, 2.75497245789, -2.37820148468, 1.68755948544, -0.907758891582, 0.294850111008], [-0.183821633458, 0.280653297901, -0.341534435749, 0.453490018845, -0.617996692657, 0.829794645309, -1.05208098888, 1.23424458504, -1.29904150963, 1.18230926991, -0.907758891582, 0.556518495083, -0.203839272261], [0.0530690401793, -0.0825574919581, 0.103006288409, -0.133668452501, 0.172701343894, -0.222758367658, 0.275439709425, -0.328245460987, 0.361215204, -0.350843131542, 0.294850111008, -0.203839272261, 0.0916253626347]]}, "spectral_contrast_coeffs": {"dmean": [0.0325027666986, 0.0274549983442, 0.0207888260484, 0.016794340685, 0.0155796967447, 0.0149125875905], "dmean2": [0.0544542968273, 0.0465820617974, 0.0326395705342, 0.0274466052651, 0.0269374586642, 0.0265900436789], "dvar": [0.000858140585478, 0.000751836108975, 0.000431084597949, 0.000243982751272, 0.000296038895613, 0.000301331281662], "dvar2": [0.0022792252712, 0.00203551212326, 0.000997209339403, 0.000596910016611, 0.000833424855955, 0.00090611318592], "max": [-0.273869395256, -0.25079318881, -0.403479516506, -0.517360031605, -0.585309326649, -0.706486344337], "mean": [-0.598629534245, -0.662335038185, -0.721887230873, -0.758594214916, -0.858182966709, -0.921750843525], "median": [-0.607015430927, -0.671729445457, -0.729936480522, -0.756889522076, -0.875306785107, -0.918895602226], "min": [-0.965453624725, -0.962148487568, -0.957736372948, -0.96346372366, -0.964944243431, -0.963459610939], "var": [0.0123431477696, 0.0103807318956, 0.00567059824243, 0.00486981216818, 0.0041176956147, 0.00042040948756]}, "spectral_contrast_valleys": {"dmean": [0.373301774263, 0.258923232555, 0.225274384022, 0.225907862186, 0.259368300438, 0.479535013437], "dmean2": [0.624125421047, 0.430106341839, 0.36131504178, 0.368514537811, 0.446051388979, 0.855732381344], "dvar": [0.13139346242, 0.104645229876, 0.0899829044938, 0.106080129743, 0.0977469459176, 0.321254193783], "dvar2": [0.310781657696, 0.201287090778, 0.164368182421, 0.197590380907, 0.243050143123, 0.9654