{"lowlevel": {"average_loudness": 0.679683864117, "barkbands_crest": {"dmean": 1.71467208862, "dmean2": 2.62937355042, "dvar": 4.4337477684, "dvar2": 9.59722423553, "max": 26.7336864471, "mean": 13.4733095169, "median": 12.5200014114, "min": 3.85129761696, "var": 25.4021072388}, "barkbands_flatness_db": {"dmean": 0.0254189893603, "dmean2": 0.0429060012102, "dvar": 0.000600469298661, "dvar2": 0.00149875902571, "max": 0.652481436729, "mean": 0.376868963242, "median": 0.371591925621, "min": 0.0504978448153, "var": 0.00252167833969}, "barkbands_kurtosis": {"dmean": 2.13287091255, "dmean2": 3.13172769547, "dvar": 35.3677597046, "dvar2": 59.4356117249, "max": 231.327865601, "mean": 5.2090215683, "median": 1.98304033279, "min": -1.6265039444, "var": 158.310180664}, "barkbands_skewness": {"dmean": 0.409304857254, "dmean2": 0.624769568443, "dvar": 0.328217357397, "dvar2": 0.621394217014, "max": 5.37330055237, "mean": 0.212131142616, "median": 0.3902117908, "min": -14.2792730331, "var": 2.25072455406}, "barkbands_spread": {"dmean": 0.947252452374, "dmean2": 1.49890005589, "dvar": 1.66631507874, "dvar2": 3.62118935585, "max": 36.6844749451, "mean": 4.63179540634, "median": 4.27963066101, "min": 0.179553166032, "var": 6.15985441208}, "dissonance": {"dmean": 0.042062394321, "dmean2": 0.0711032897234, "dvar": 0.00195824797265, "dvar2": 0.00511545082554, "max": 0.498959541321, "mean": 0.354857593775, "median": 0.36419287324, "min": 0.0402920916677, "var": 0.0051453220658}, "dynamic_complexity": 4.93879032135, "erbbands_crest": {"dmean": 2.08405065536, "dmean2": 3.14393353462, "dvar": 7.19611167908, "dvar2": 14.8225240707, "max": 33.6038513184, "mean": 17.1630496979, "median": 16.1112937927, "min": 3.34111118317, "var": 45.365398407}, "erbbands_flatness_db": {"dmean": 0.0157633144408, "dmean2": 0.0246499665082, "dvar": 0.000335758842994, "dvar2": 0.00069172604708, "max": 0.648759901524, "mean": 0.40812292695, "median": 0.40267816186, "min": 0.0677569061518, "var": 0.00235984101892}, "erbbands_kurtosis": {"dmean": 1.64379560947, "dmean2": 2.21621870995, "dvar": 11.3083667755, "dvar2": 18.3709373474, "max": 79.4188308716, "mean": 5.3526558876, "median": 2.01417541504, "min": -1.43383705616, "var": 86.4159545898}, "erbbands_skewness": {"dmean": 0.280248224735, "dmean2": 0.419830083847, "dvar": 0.138938516378, "dvar2": 0.241703823209, "max": 6.55779981613, "mean": 0.648627221584, "median": 0.558386147022, "min": -6.58932209015, "var": 1.50655531883}, "erbbands_spread": {"dmean": 1.201623559, "dmean2": 1.83174371719, "dvar": 2.75556778908, "dvar2": 5.99897432327, "max": 53.6379547119, "mean": 7.86082935333, "median": 7.3893737793, "min": 0.20152823627, "var": 20.5966567993}, "hfc": {"dmean": 3.96576929092, "dmean2": 4.53883361816, "dvar": 102.88269043, "dvar2": 160.421173096, "max": 318.889923096, "mean": 12.563287735, "median": 7.35710382462, "min": 1.11394282275e-16, "var": 385.923614502}, "melbands_crest": {"dmean": 2.23014616966, "dmean2": 3.44793391228, "dvar": 6.83561038971, "dvar2": 15.2281103134, "max": 33.192855835, "mean": 16.7101573944, "median": 16.0498828888, "min": 2.60190916061, "var": 34.3344306946}, "melbands_flatness_db": {"dmean": 0.0255051739514, "dmean2": 0.0427848957479, "dvar": 0.000691049965099, "dvar2": 0.00165732693858, "max": 0.745453715324, "mean": 0.473838835955, "median": 0.468338608742, "min": 0.00651648920029, "var": 0.00337686925195}, "melbands_kurtosis": {"dmean": 1.74151265621, "dmean2": 2.68487167358, "dvar": 11.612490654, "dvar2": 22.3853378296, "max": 84.3372955322, "mean": 3.82515525818, "median": 1.85899972916, "min": -1.7225959301, "var": 45.7551765442}, "melbands_skewness": {"dmean": 0.361297547817, "dmean2": 0.543220639229, "dvar": 0.208589568734, "dvar2": 0.410922050476, "max": 4.12756729126, "mean": 0.364864289761, "median": 0.473573565483, "min": -8.40078830719, "var": 1.71188890934}, "melbands_spread": {"dmean": 1.55704987049, "dmean2": 2.42083454132, "dvar": 8.43519306183, "dvar2": 12.0791664124, "max": 142.757522583, "mean": 7.87788581848, "median": 7.43348073959, "min": 0.670964360237, "var": 20.3975315094}, "pitch_salience": {"dmean": 0.0482652112842, "dmean2": 0.076602421701, "dvar": 0.00353358802386, "dvar2": 0.00843800697476, "max": 0.882659614086, "mean": 0.486197918653, "median": 0.495606541634, "min": 0.0554162934422, "var": 0.015317956917}, "silence_rate_20dB": {"dmean": 0.000679117161781, "dmean2": 0.00135846494231, "dvar": 0.000678669020999, "dvar2": 0.0020359037444, "max": 1, "mean": 0.999660491943, "median": 1, "min": 0, "var": 0.000339388963766}, "silence_rate_30dB": {"dmean": 0.00916808191687, "dmean2": 0.0183392763138, "dvar": 0.00908391177654, "dvar2": 0.020040165633, "max": 1, "mean": 0.986759483814, "median": 1, "min": 0, "var": 0.0130653632805}, "silence_rate_60dB": {"dmean": 0.0251273345202, "dmean2": 0.0502632036805, "dvar": 0.024495638907, "dvar2": 0.0569110922515, "max": 1, "mean": 0.102868780494, "median": 0, "min": 0, "var": 0.0922909379005}, "spectral_centroid": {"dmean": 31.2810459137, "dmean2": 48.3096466064, "dvar": 21548.1269531, "dvar2": 23084.4511719, "max": 10986.4521484, "mean": 567.712768555, "median": 568.454284668, "min": 178.701034546, "var": 38826.1171875}, "spectral_complexity": {"dmean": 1.30696094036, "dmean2": 2.02411270142, "dvar": 2.50671219826, "dvar2": 4.87809085846, "max": 24, "mean": 9.33593654633, "median": 10, "min": 0, "var": 14.7376070023}, "spectral_decrease": {"dmean": 1.58355939472e-09, "dmean2": 1.90984228432e-09, "dvar": 1.00116448864e-17, "dvar2": 1.62905462688e-17, "max": -1.14391283122e-28, "mean": -5.17991649573e-09, "median": -3.56862539519e-09, "min": -8.95224019359e-08, "var": 3.77585483405e-17}, "spectral_energy": {"dmean": 0.00633312994614, "dmean2": 0.00760892266408, "dvar": 0.000164765588124, "dvar2": 0.000267053284915, "max": 0.366802453995, "mean": 0.0206896997988, "median": 0.0141346892342, "min": 1.05355385448e-20, "var": 0.000621450133622}, "spectral_energyband_high": {"dmean": 7.5798789112e-07, "dmean2": 1.08568826818e-06, "dvar": 1.53770451233e-11, "dvar2": 3.75959888221e-11, "max": 0.00018072288367, "mean": 1.17459080684e-06, "median": 1.90265041056e-07, "min": 7.09397848144e-21, "var": 1.807816917e-11}, "spectral_energyband_low": {"dmean": 0.000735384761356, "dmean2": 0.00120772479568, "dvar": 2.3382517611e-06, "dvar2": 5.84382496527e-06, "max": 0.0238523036242, "mean": 0.00109039631207, "median": 0.000419376825448, "min": 5.70973358013e-23, "var": 3.86089277526e-06}, "spectral_energyband_middle_high": {"dmean": 0.00226839352399, "dmean2": 0.00259951059707, "dvar": 0.000118129653856, "dvar2": 0.000180737944902, "max": 0.356966674328, "mean": 0.00588535284624, "median": 0.00138127082027, "min": 1.86397396221e-21, "var": 0.000431433873018}, "spectral_energyband_middle_low": {"dmean": 0.00415212335065, "dmean2": 0.00516565749422, "dvar": 3.95492934331e-05, "dvar2": 6.91467575962e-05, "max": 0.11103811115, "mean": 0.0144050726667, "median": 0.0105882138014, "min": 3.5618622349e-22, "var": 0.000184765376616}, "spectral_entropy": {"dmean": 0.173800170422, "dmean2": 0.269611626863, "dvar": 0.0608464591205, "dvar2": 0.134865105152, "max": 9.80802536011, "mean": 5.55340766907, "median": 5.60016584396, "min": 3.18207812309, "var": 0.220863193274}, "spectral_flux": {"dmean": 0.0216533038765, "dmean2": 0.0337418317795, "dvar": 0.00119540048763, "dvar2": 0.00284164655022, "max": 0.453321695328, "mean": 0.0395920164883, "median": 0.0281653050333, "min": 1.02642769284e-10, "var": 0.00148375763092}, "spectral_kurtosis": {"dmean": 32.6588859558, "dmean2": 56.9779129028, "dvar": 987.104736328, "dvar2": 2650.60913086, "max": 584.491394043, "mean": 94.9250106812, "median": 93.2230682373, "min": -1.15870177746, "var": 2559.2824707}, "spectral_rms": {"dmean": 0.000619361409917, "dmean2": 0.00074618292274, "dvar": 7.7897459505e-07, "dvar2": 1.32905802275e-06, "max": 0.0189170837402, "mean": 0.00394757278264, "median": 0.00371348089539, "min": 3.20602160271e-12, "var": 4.60179126094e-06}, "spectral_rolloff": {"dmean": 47.4202041626, "dmean2": 80.4203948975, "dvar": 115352.320312, "dvar2": 122867.53125, "max": 19250.6835938, "mean": 708.760742188, "median": 710.595703125, "min": 172.265625, "var": 140270.078125}, "spectral_skewness": {"dmean": 1.80683457851, "dmean2": 3.2087726593, "dvar": 2.42237687111, "dvar2": 6.72695589066, "max": 19.0676784515, "mean": 6.65309429169, "median": 6.69542312622, "min": 0.0260575469583, "var": 5.81237792969}, "spectral_spread": {"dmean": 302406.125, "dmean2": 541836.75, "dvar": 300647284736, "dvar2": 417212235776, "max": 40079788, "mean": 979969.1875, "median": 916005.0625, "min": 178930.96875, "var": 463380938752}, "spectral_strongpeak": {"dmean": 0.505262613297, "dmean2": 0.692037045956, "dvar": 0.738520860672, "dvar2": 1.38785254955, "max": 17.7838516235, "mean": 1.92441761494, "median": 1.30629098415, "min": 0, "var": 3.65548753738}, "zerocrossingrate": {"dmean": 0.00174023769796, "dmean2": 0.00224174908362, "dvar": 7.52333144192e-05, "dvar2": 7.77698078309e-05, "max": 0.4931640625, "mean": 0.0268591158092, "median": 0.02685546875, "min": 0.00439453125, "var": 0.000119740863738}, "barkbands": {"dmean": [4.46646754426e-06, 0.000385266437661, 0.000380894605769, 0.000138674600748, 0.000634412805084, 0.000750706007238, 0.000503351388033, 0.00140855135396, 0.00116846500896, 0.0019802225288, 0.000402940262575, 6.51851078146e-05, 8.56399346958e-05, 6.60511941533e-05, 3.50583941326e-05, 1.01411651485e-05, 8.80197421793e-06, 3.02187959278e-06, 3.85693101634e-06, 1.30970727241e-06, 1.89320132904e-07, 2.43609878936e-08, 7.52915330082e-09, 1.17114806741e-09, 8.7551710326e-10, 8.39576796974e-10, 8.91322571306e-10], "dmean2": [7.57808629714e-06, 0.000648552260827, 0.00064434268279, 0.000239708446315, 0.000975100905634, 0.00113543262705, 0.000775744265411, 0.00186823052354, 0.00129528075922, 0.00220939284191, 0.000516268832143, 9.3520640803e-05, 0.000106133127701, 8.76902777236e-05, 5.06277028762e-05, 1.44681862366e-05, 1.33042594825e-05, 4.22131188316e-06, 5.0854505389e-06, 1.77615777375e-06, 2.68217036137e-07, 3.3776174746e-08, 1.08129034615e-08, 2.1093655711e-09, 1.6145236259e-09, 1.55611823427e-09, 1.65180080725e-09], "dvar": [1.42697020866e-10, 7.51001380195e-07, 6.93108290761e-07, 1.48534056166e-07, 1.83919405572e-06, 3.09547749566e-06, 1.27815587803e-06, 1.48332328536e-05, 9.69607935986e-06, 0.000106055747892, 1.28168048832e-05, 3.35758727488e-08, 8.48526866548e-08, 4.87953322192e-08, 9.417614244e-09, 7.53154816291e-10, 6.10530126455e-10, 9.59363838371e-11, 1.71616693079e-10, 4.37354180649e-11, 6.37063101924e-13, 1.42516698448e-14, 3.74043566167e-15, 9.15705316272e-18, 1.90673423679e-18, 1.74252813185e-18, 1.97882219999e-18], "dvar2": [3.68314267973e-10, 1.8394723611e-06, 1.84301529771e-06, 3.93201929683e-07, 4.13814541389e-06, 8.04249793873e-06, 3.00957526633e-06, 2.666482942e-05, 1.40921183629e-05, 0.000155928079039, 2.296195089e-05, 7.77726327783e-08, 1.40863292586e-07, 9.27151972974e-08, 2.07406198882e-08, 1.53523616042e-09, 1.42636347178e-09, 1.87358906167e-10, 3.45548867298e-10, 1.03608156776e-10, 1.39087884005e-12, 3.06928656481e-14, 7.9585132023e-15, 2.527176234e-17, 6.0527129798e-18, 5.66698997477e-18, 6.45350804277e-18], "max": [0.000211244128877, 0.0215837135911, 0.0114197004586, 0.00916338153183, 0.0257469527423, 0.0426430515945, 0.030811464414, 0.0891629755497, 0.071788713336, 0.356120795012, 0.164616495371, 0.00381634943187, 0.0084449602291, 0.00605291407555, 0.00256276177242, 0.0006134599098, 0.000700717617292, 0.000488614023197, 0.000335747434292, 0.00030470956699, 2.21933405555e-05, 3.97159828935e-06, 2.9549808005e-06, 1.00193155106e-07, 2.41063666806e-08, 2.35293313722e-08, 2.50629579313e-08], "mean": [3.84323266189e-06, 0.000534079736099, 0.000469054502901, 0.000249192700721, 0.00181804981548, 0.00234960205853, 0.00139712996315, 0.00406762305647, 0.00330626266077, 0.00488716550171, 0.000916842778679, 0.000173209089553, 0.000230758363614, 0.000153426983161, 7.91842976469e-05, 2.14940610022e-05, 1.64049142768e-05, 6.81508436173e-06, 7.15056785339e-06, 2.12430404645e-06, 2.88125477255e-07, 3.39093944035e-08, 8.86215012486e-09, 1.11697884275e-09, 7.7511513874e-10, 7.40989380965e-10, 7.88902498883e-10], "median": [7.03067087215e-07, 0.000140327843837, 0.000154324006871, 4.23279525421e-05, 0.000815409061033, 0.00101012841333, 0.000639344158117, 0.000852140248753, 0.00059400923783, 0.000472690589959, 0.000123257588712, 5.52167002752e-05, 4.6003049647e-05, 4.31574590039e-05, 2.60976848949e-05, 7.06959690433e-06, 5.62773720958e-06, 2.17193564822e-06, 1.49330367094e-06, 3.29801792986e-07, 4.18393710788e-08, 4.55470017258e-09, 9.64377244728e-10, 3.88413579078e-10, 2.97583541142e-10, 2.91934476593e-10, 3.09396480658e-10], "min": [4.27728981395e-24, 1.68382202447e-23, 1.26961609115e-23, 6.55574209368e-23, 8.02649247211e-23, 7.07533889732e-23, 4.00111039989e-23, 4.1855451329e-23, 2.40027149394e-23, 1.53676440468e-22, 6.51477496915e-23, 1.10760438227e-22, 7.49420005662e-23, 7.47823035645e-23, 9.84962259928e-23, 1.82756201084e-22, 2.58309512054e-22, 4.0637077749e-22, 2.87489085663e-22, 3.97249551185e-22, 5.76324005896e-22, 5.70834493251e-22, 7.13108245945e-22, 5.75009271379e-22, 1.25253905746e-21, 1.26660244054e-21, 2.18653320363e-21], "var": [1.21296819811e-10, 1.67422467712e-06, 7.74127784098e-07, 3.57261399131e-07, 6.40595362711e-06, 1.22940236906e-05, 5.1726624406e-06, 6.78402939229e-05, 4.81645001855e-05, 0.000396186194848, 3.66522399418e-05, 9.0886551618e-08, 3.13352472858e-07, 1.25962145603e-07, 2.56258925191e-08, 1.73687664251e-09, 1.04259778588e-09, 2.31495739245e-10, 3.64869856551e-10, 5.27387196414e-11, 9.59041982114e-13, 2.00143280584e-14, 4.62174845582e-15, 8.24728931935e-18, 1.81788387206e-18, 1.57315225148e-18, 1.75928619068e-18]}, "erbbands": {"dmean": [0.00431670388207, 0.111805379391, 0.441923767328, 0.360001504421, 1.15682995319, 2.30193853378, 6.65219736099, 4.08659362793, 5.6168513298, 14.9561862946, 34.6657524109, 29.0461502075, 42.418346405, 53.2453460693, 7.49293756485, 2.84130382538, 3.81719207764, 3.94193744659, 2.05663204193, 1.30421304703, 0.535008072853, 0.369784414768, 0.210011407733, 0.201008960605, 0.147342443466, 0.0654065087438, 0.0170398335904, 0.00366338342428, 0.00118631718215, 0.000420013471739, 0.00013921946811, 4.41006377514e-05, 1.77778438228e-05, 1.18205716717e-05, 7.97782467998e-06, 5.13075838171e-06, 2.76736545857e-06, 8.18905562028e-07, 3.12818224302e-06, 7.23582752471e-06], "dmean2": [0.00637524342164, 0.189852669835, 0.747169077396, 0.591888189316, 1.90622675419, 3.52636098862, 10.3005895615, 5.99244499207, 8.28196430206, 22.0909175873, 43.0290794373, 32.2760696411, 47.3560333252, 60.7479934692, 9.75583362579, 4.02338695526, 4.75280714035, 5.11967515945, 2.80666279793, 1.92847824097, 0.78686851263, 0.544669091702, 0.300892174244, 0.263489246368, 0.195563167334, 0.0920624211431, 0.0241058785468, 0.00529307266697, 0.001627115882, 0.000575972895604, 0.000204400916118, 7.27822771296e-05, 3.06595975417e-05, 1.97556510102e-05, 1.27717439682e-05, 7.77101195126e-06, 4.00139742851e-06, 1.25007409224e-06, 3.71117994291e-06, 8.65394304128e-06], "dvar": [9.92818895611e-05, 0.0621181875467, 0.895838558674, 0.741976380348, 8.77665424347, 36.5745620728, 311.564025879, 64.4639511108, 121.597846985, 1840.28466797, 9791.7109375, 6363.84179688, 26930.4101562, 115556.890625, 1401.5534668, 50.6161079407, 149.578338623, 135.120040894, 33.62890625, 10.6876773834, 1.65436768532, 1.00376558304, 0.335296958685, 0.469044744968, 0.471604377031, 0.178623601794, 0.00343973515555, 0.000210811893339, 3.28382375301e-05, 6.35316246189e-06, 9.66812308434e-07, 8.44578664783e-08, 1.03257147277e-09, 3.61667473747e-10, 1.69355002244e-10, 7.78695441461e-11, 2.47791318714e-11, 2.3176361004e-12, 4.26496303552e-11, 2.21970150593e-10], "dvar2": [0.000170749539393, 0.156538411975, 2.3677546978, 1.85223758221, 22.2205905914, 84.7904815674, 842.288330078, 149.611495972, 271.319335938, 4296.27783203, 15391.5791016, 9538.23632812, 42960.4375, 172356.90625, 2593.578125, 114.615737915, 248.441314697, 252.515625, 68.9168548584, 29.3508472443, 3.63069581985, 2.25830245018, 0.721027672291, 0.889078557491, 1.00795149803, 0.437696516514, 0.00795557908714, 0.000481340073748, 7.12752371328e-05, 1.30421531139e-05, 2.12582699533e-06, 2.07410508324e-07, 2.72227218545e-09, 8.92659501872e-10, 3.71385228126e-10, 1.45906370319e-10, 4.21897100589e-11, 4.26363718636e-12, 6.7926227143e-11, 3.58170409998e-10], "max": [0.394372135401, 5.53553009033, 13.2455101013, 16.8390483856, 60.8369216919, 130.515975952, 343.312530518, 168.269241333, 453.971862793, 1388.96228027, 2415.75537109, 2019.56213379, 6530.19824219, 13303.4501953, 1509.97485352, 146.05682373, 367.940216064, 303.56829834, 150.996383667, 53.70860672, 27.3714561462, 24.6682453156, 15.1579675674, 21.630897522, 23.531791687, 20.9165077209, 1.27739608288, 0.462401777506, 0.197694018483, 0.0977065861225, 0.0511485151947, 0.0175160039216, 0.000732604414225, 0.000438569870312, 0.000319942482747, 0.000218142522499, 0.000132516302983, 4.06505860155e-05, 0.000190421153093, 0.000430158281233], "mean": [0.00778198102489, 0.149743288755, 0.54116666317, 0.652182757854, 2.37738800049, 6.90515470505, 19.3933124542, 13.7739124298, 17.9253845215, 39.4698448181, 105.042556763, 85.2392501831, 109.750465393, 129.34526062, 19.1708927155, 7.41381931305, 10.5836305618, 9.70761680603, 5.00163841248, 2.98872518539, 1.11178767681, 0.748171389103, 0.480368465185, 0.426511198282, 0.247747927904, 0.103842623532, 0.0281233340502, 0.0059510669671, 0.001718513784, 0.000579340965487, 0.000177569614607, 5.77714490646e-05, 3.01475247397e-05, 2.35343723034e-05, 1.8681259462e-05, 1.38167233672e-05, 8.0434137999e-06, 2.07860443879e-06, 1.02797330328e-05, 2.36145606323e-05], "median": [0.00215731491335, 0.0402616225183, 0.195465490222, 0.232060134411, 0.658125579357, 2.39541554451, 5.88570547104, 7.01891374588, 8.31726169586, 14.5219926834, 21.4535732269, 21.0181083679, 19.3190193176, 12.3123636246, 6.53234577179, 3.56466841698, 2.8480219841, 3.85224580765, 2.11073279381, 1.13807964325, 0.514719247818, 0.288819789886, 0.182694345713, 0.104195803404, 0.0483472384512, 0.0189575254917, 0.00558709725738, 0.00102771690581, 0.000256867147982, 9.10192975425e-05, 3.77622964152e-05, 2.27063937928e-05, 1.76446901605e-05, 1.49724419316e-05, 1.22757546706e-05, 9.26867596718e-06, 5.394593245e-06, 1.27997520849e-06, 6.94122354616e-06, 1.60711424542e-05], "min": [8.32099015147e-22, 2.44696605156e-21, 1.60673145458e-20, 1.14374702737e-19, 3.92921053172e-19, 1.11178295905e-19, 4.80151720711e-19, 4.90307017091e-19, 3.78390798532e-19, 9.11886905808e-19, 9.31866522926e-19, 5.78782513904e-19, 2.54165098482e-18, 5.57963804773e-18, 2.46228672736e-18, 5.15147323265e-18, 3.46046128896e-18, 5.05859243039e-18, 3.87368101832e-18, 5.75346095447e-18, 1.50333210732e-17, 1.14428319551e-17, 2.4894505115e-17, 1.6157849955e-17, 1.49702998367e-17, 1.52069347033e-17, 2.48896280581e-17, 2.19692437444e-17, 2.07600975947e-17, 2.2213137948e-17, 1.73264195868e-17, 1.21654503208e-17, 1.11286323625e-17, 1.39262026891e-17, 8.97807774795e-18, 4.73822620632e-18, 2.57227424507e-18, 1.06827150107e-18, 2.74787021346e-19, 3.19775972533e-20], "var": [0.000481824681628, 0.120244957507, 0.977865874767, 1.43521118164, 20.6752605438, 127.333900452, 999.700561523, 313.877960205, 769.183776855, 4800.53076172, 51012.7578125, 29572.7070312, 100463.390625, 414015.875, 3981.65869141, 114.914039612, 562.485229492, 362.469055176, 90.926612854, 26.2404708862, 3.31026959419, 1.92465221882, 0.788767933846, 1.34367311001, 0.649820923805, 0.174884691834, 0.00557742407545, 0.000332307623466, 4.65033190267e-05, 8.904185961e-06, 1.12720010748e-06, 7.81982052445e-08, 1.77217762687e-09, 8.82693418358e-10, 5.23656507045e-10, 2.82375706151e-10, 9.58727194855e-11, 8.42302616544e-12, 1.62741514709e-10, 8.37588165492e-10]}, "gfcc": {"mean": [-217.58416748, 246.600616455, -137.961654663, -52.6687545776, -20.5305843353, -39.3719329834, -9.88797664642, -3.03274583817, -11.144774437, -6.3307390213, -4.99226379395, -16.4828834534, 1.6926163435], "cov": [[14451.9785156, 1087.55456543, -4131.25830078, -521.491455078, 538.52331543, -753.66394043, 880.020385742, -57.574092865, -14.2626104355, 17.4728813171, 72.5483856201, -331.344665527, 117.207397461], [1087.55456543, 579.557922363, -213.079650879, -177.374633789, 196.975387573, -110.995132446, -106.037528992, -75.5259780884, -39.6344604492, -33.6716804504, 21.4993991852, -21.1827507019, 46.9372024536], [-4131.25830078, -213.079650879, 1608.24938965, 243.53302002, -146.742126465, 319.764251709, -268.897857666, 12.735212326, -24.4342002869, -66.2430877686, -80.0544509888, 87.4864730835, -27.8140678406], [-521.491455078, -177.374633789, 243.53302002, 474.167022705, -24.4076194763, 15.4066295624, 22.2064037323, -53.8507919312, 23.8923835754, 59.0365715027, -56.6381797791, -35.6374397278, -120.130302429], [538.52331543, 196.975387573, -146.742126465, -24.4076194763, 182.819732666, 15.0184192657, 13.632276535, 25.5540752411, 26.093126297, 10.9423980713, 9.89137935638, -34.0599975586, -16.5338973999], [-753.66394043, -110.995132446, 319.764251709, 15.4066295624, 15.0184192657, 262.05569458, 50.5419235229, 37.1463356018, 32.4561958313, -28.1211910248, -49.2218894958, 18.9361877441, 7.51062822342], [880.020385742, -106.037528992, -268.897857666, 22.2064037323, 13.632276535, 50.5419235229, 269.261474609, 118.202133179, 45.6619338989, 25.9748363495, -19.9706306458, -59.1302642822, -25.7896785736], [-57.574092865, -75.5259780884, 12.735212326, -53.8507919312, 25.5540752411, 37.1463356018, 118.202133179, 212.863708496, 91.0518569946, 29.4260444641, 30.8642959595, -44.4562492371, -50.3705329895], [-14.2626104355, -39.6344604492, -24.4342002869, 23.8923835754, 26.093126297, 32.4561958313, 45.6619338989, 91.0518569946, 115.865821838, 65.6339416504, 14.1784830093, -25.953327179, -54.3408584595], [17.4728813171, -33.6716804504, -66.2430877686, 59.0365715027, 10.9423980713, -28.1211910248, 25.9748363495, 29.4260444641, 65.6339416504, 102.821296692, 48.013885498, -13.2969055176, -37.4991378784], [72.5483856201, 21.4993991852, -80.0544509888, -56.6381797791, 9.89137935638, -49.2218894958, -19.9706306458, 30.8642959595, 14.1784830093, 48.013885498, 96.2369155884, 44.91381073, 21.6482448578], [-331.344665527, -21.1827507019, 87.4864730835, -35.6374397278, -34.0599975586, 18.9361877441, -59.1302642822, -44.4562492371, -25.953327179, -13.2969055176, 44.91381073, 139.274185181, 105.565567017], [117.207397461, 46.9372024536, -27.8140678406, -120.130302429, -16.5338973999, 7.51062822342, -25.7896785736, -50.3705329895, -54.3408584595, -37.4991378784, 21.6482448578, 105.565567017, 154.798416138]], "icov": [[0.000458573311334, -0.000761947361752, 0.00101072876714, -0.000581956759561, 0.000400998076657, -8.5077532276e-05, -0.000845292175654, 0.000343597726896, -0.000740362331271, 0.00144275161438, -0.000924905645661, 0.000958272488788, -0.00080281321425], [-0.000761947361752, 0.00854926928878, -0.00499772746116, 0.00453425198793, -0.0106366155669, 0.00765752838925, -0.00365433096886, 0.00965261366218, -0.00730542745441, 0.00514869857579, -0.0043464046903, 0.00312273623422, -0.00120909581892], [0.00101072876714, -0.00499772746116, 0.00755017390475, -0.00506275659427, 0.00783158559352, -0.0089157698676, 0.00799439754337, -0.0117082037032, 0.00934372004122, -0.00512199196965, 0.00585705786943, -0.00180800212547, -0.000577896949835], [-0.000581956759561, 0.00453425198793, -0.00506275659427, 0.00857586227357, -0.00725119607523, 0.00710481964052, -0.00645701959729, 0.00912402756512, -0.00338541972451, -0.00204973155633, 0.00253881816752, -0.00459759496152, 0.00668063713238], [0.000400998076657, -0.0106366155669, 0.00783158559352, -0.00725119607523, 0.0221188813448, -0.0147580327466, 0.0110491281375, -0.0171543154866, 0.0120793385431, -0.0090391561389, 0.00564086250961, -0.00146682059858, 0.000301035179291], [-8.5077532276e-05, 0.00765752838925, -0.0089157698676, 0.00710481964052, -0.0147580327466, 0.020846683532, -0.0163701381534, 0.0201359968632, -0.0199420135468, 0.0146144013852, -0.00781819410622, 0.00252004852518, -0.0011941267876], [-0.000845292175654, -0.00365433096886, 0.00799439754337, -0.00645701959729, 0.0110491281375, -0.0163701381534, 0.0266412906349, -0.0281657744199, 0.0238709710538, -0.0216078963131, 0.0193003583699, -0.00558730447665, -0.000322021049215], [0.000343597726896, 0.00965261366218, -0.0117082037032, 0.00912402756512, -0.0171543154866, 0.0201359968632, -0.0281657744199, 0.0455213338137, -0.040636960417, 0.0339396223426, -0.033117800951, 0.0168377943337, -0.00379411736503], [-0.000740362331271, -0.00730542745441, 0.00934372004122, -0.00338541972451, 0.0120793385431, -0.0199420135468, 0.0238709710538, -0.040636960417, 0.0581296309829, -0.0478754043579, 0.0376082137227, -0.0236473921686, 0.0145144173875], [0.00144275161438, 0.00514869857579, -0.00512199196965, -0.00204973155633, -0.0090391561389, 0.0146144013852, -0.0216078963131, 0.0339396223426, -0.0478754043579, 0.0613659098744, -0.0476207584143, 0.0261429864913, -0.0125046493486], [-0.000924905645661, -0.0043464046903, 0.00585705786943, 0.00253881816752, 0.00564086250961, -0.00781819410622, 0.0193003583699, -0.033117800951, 0.0376082137227, -0.0476207584143, 0.0590557977557, -0.0336277633905, 0.0148017657921], [0.000958272488788, 0.00312273623422, -0.00180800212547, -0.00459759496152, -0.00146682059858, 0.00252004852518, -0.00558730447665, 0.0168377943337, -0.0236473921686, 0.0261429864913, -0.0336277633905, 0.0414795204997, -0.0268487259746], [-0.00080281321425, -0.00120909581892, -0.000577896949835, 0.00668063713238, 0.000301035179291, -0.0011941267876, -0.000322021049215, -0.00379411736503, 0.0145144173875, -0.0125046493486, 0.0148017657921, -0.0268487259746, 0.0296225957572]]}, "melbands": {"dmean": [7.20086827641e-05, 0.000203789328225, 8.09057237348e-05, 0.000120361044537, 0.000197921181098, 0.000105524850369, 8.97485442692e-05, 0.000181605602847, 0.000284693436697, 0.000177701134817, 0.000218720248085, 0.000237459826167, 3.33283169311e-05, 8.13190672488e-06, 5.6955313994e-06, 1.05782310129e-05, 7.3486612564e-06, 3.3951464502e-06, 2.34155822909e-06, 1.26257407373e-06, 5.7728146885e-07, 4.58589767049e-07, 2.58866151626e-07, 1.49726773202e-07, 1.86777597833e-07, 9.85040031765e-08, 7.87805944924e-08, 3.86048668588e-08, 1.29784964997e-08, 4.49222659071e-09, 1.16801557315e-09, 7.50137507666e-10, 3.23039456296e-10, 2.30729407802e-10, 8.70258864971e-11, 5.069130532e-11, 1.66768959753e-11, 1.16771375555e-11, 9.39820617163e-12, 8.1935803628e-12], "dmean2": [0.000117135001346, 0.000344935251633, 0.000133086345159, 0.000190819046111, 0.000303826614982, 0.000156001930009, 0.000134519257699, 0.000266721996013, 0.000344625819707, 0.000196474924451, 0.000245531176915, 0.000269377313089, 4.32614433521e-05, 1.15816937978e-05, 8.05134277471e-06, 1.30358403112e-05, 9.72142242972e-06, 4.66884785055e-06, 3.29790600517e-06, 1.87968475984e-06, 8.6371613861e-07, 6.81520418766e-07, 3.80944186418e-07, 2.04261539238e-07, 2.45149664124e-07, 1.3112443753e-07, 1.03985804856e-07, 5.55322827722e-08, 1.82272117399e-08, 6.59164678396e-09, 1.6705886674e-09, 1.0550892382e-09, 4.47824666239e-10, 3.19098497625e-10, 1.26877855444e-10, 8.16003653537e-11, 2.9969929316e-11, 2.13818563549e-11, 1.72399004794e-11, 1.50595941967e-11], "dvar": [2.68181494789e-08, 1.88879013763e-07, 3.69197685757e-08, 8.53216164387e-08, 2.33114107573e-07, 4.46406858146e-08, 3.10966541406e-08, 2.60494886106e-07, 6.25283007594e-07, 2.73439241028e-07, 8.30495821447e-07, 2.24885661737e-06, 6.08379622236e-08, 5.58242119197e-10, 2.13634984703e-10, 1.46561240921e-09, 6.31849295107e-10, 9.75928435287e-11, 4.02100436281e-11, 1.02335492511e-11, 2.27622348054e-12, 1.79904355302e-12, 6.87512817944e-13, 3.07648898761e-13, 4.73326401945e-13, 2.61322159658e-13, 8.14438983919e-14, 8.08344141406e-14, 1.87190914387e-15, 5.18986721782e-16, 2.09973230683e-17, 1.82489344193e-17, 3.56340019388e-18, 2.75841697306e-18, 3.32002535629e-19, 4.66175573684e-19, 2.9367571406e-21, 5.34415473694e-22, 2.31923642009e-22, 1.74825712984e-22], "dvar2": [5.76305971833e-08, 4.97221378737e-07, 9.36678006269e-08, 2.00277014528e-07, 6.10849497207e-07, 1.06324769433e-07, 6.94578830007e-08, 6.01416275003e-07, 9.52588891323e-07, 4.11017737179e-07, 1.31503031753e-06, 3.31235105477e-06, 1.11222931309e-07, 1.33623556664e-09, 4.70169125855e-10, 2.43361109042e-09, 1.18512666347e-09, 2.00267830097e-10, 8.42535763379e-11, 2.6479278839e-11, 5.3107561751e-12, 4.17820162149e-12, 1.4786368744e-12, 5.84896822815e-13, 8.93952121529e-13, 5.48723555743e-13, 1.75180792724e-13, 1.98197618799e-13, 4.26764506167e-15, 1.12891492419e-15, 4.69097897322e-17, 4.07599599583e-17, 7.46223866976e-18, 5.59351317532e-18, 6.63225143339e-19, 1.14622800053e-18, 8.08352883212e-21, 1.55448512362e-21, 7.10971480499e-22, 5.41590043721e-22], "max": [0.00524783832952, 0.00631619989872, 0.00373994512483, 0.00516152894124, 0.00891565624624, 0.00498353876173, 0.00696323392913, 0.0172857493162, 0.0179056413472, 0.0138853387907, 0.0373395942152, 0.0589666590095, 0.0111616943032, 0.00052750663599, 0.000296232959954, 0.00107212702278, 0.000695867231116, 0.000219452776946, 0.000154403969646, 5.4437907238e-05, 3.23215645039e-05, 3.85697130696e-05, 3.22427258652e-05, 2.99436196656e-05, 2.22954422497e-05, 1.76989760803e-05, 6.89105581841e-06, 1.41624850585e-05, 8.93079629805e-07, 1.11475662834e-06, 1.17650877485e-07, 1.75069303054e-07, 6.9691488136e-08, 6.7795561165e-08, 2.40075532787e-08, 4.33928661892e-08, 2.09913197935e-09, 6.76081801654e-10, 2.7525662305e-10, 2.22574583764e-10], "mean": [0.00011268878734, 0.000261590350419, 0.000159189818078, 0.000306882197037, 0.000599687627982, 0.000347145105479, 0.000278233259451, 0.000484500429593, 0.000852761557326, 0.000507221731823, 0.000558568979613, 0.000570463831536, 7.93694052845e-05, 2.22499274969e-05, 1.43430252137e-05, 2.79171526927e-05, 1.70632247318e-05, 8.02484100859e-06, 5.55098313271e-06, 2.58553018284e-06, 1.06658637833e-06, 8.48082777338e-07, 5.59090779007e-07, 3.32902118316e-07, 3.78048696348e-07, 1.59817091117e-07, 1.31639311007e-07, 5.50124354959e-08, 2.04279295701e-08, 6.66872557176e-09, 1.85791626528e-09, 1.01602426472e-09, 4.53192788852e-10, 2.85218459961e-10, 1.02227885879e-10, 4.91164157956e-11, 1.58404608874e-11, 1.06144034534e-11, 8.54160145392e-12, 7.26888341185e-12], "median": [3.02599655697e-05, 9.46680374909e-05, 5.28488053533e-05, 0.000103723425127, 0.000228285862249, 0.000174665401573, 0.000126893282868, 0.000153822838911, 0.00014840059157, 0.000104415245005, 8.35041500977e-05, 4.45309196948e-05, 1.89513739315e-05, 8.42150802782e-06, 5.29587487108e-06, 4.66547635369e-06, 5.42935549674e-06, 2.77649837699e-06, 1.85380883977e-06, 7.82567951774e-07, 4.05978681783e-07, 2.76687785572e-07, 1.6529389768e-07, 9.95319666686e-08, 7.03806080082e-08, 2.2998841942e-08, 2.41904256626e-08, 7.5174533265e-09, 3.18364201668e-09, 8.80901351863e-10, 2.80139161868e-10, 1.15536295808e-10, 5.08022374168e-11, 2.82614556757e-11, 1.35947884894e-11, 7.41722915726e-12, 5.25630840936e-12, 3.97241614603e-12, 3.29814647815e-12, 2.75731781157e-12], "min": [5.52927162953e-24, 5.8988020821e-24, 3.020679357e-23, 1.86078940015e-23, 1.30638245247e-23, 1.13840296351e-23, 6.17533135597e-24, 9.27549752107e-24, 7.02114762411e-24, 3.77321952842e-24, 1.25785370173e-23, 2.29971807648e-23, 7.46199228581e-24, 1.10567312456e-23, 9.54795272279e-24, 9.77515491869e-24, 8.91630075193e-24, 5.18497328745e-24, 7.59443572091e-24, 9.21309704575e-24, 2.09032883314e-23, 1.21325592377e-23, 1.75374113308e-23, 2.01602223794e-23, 1.29368321184e-23, 9.37348824499e-24, 1.20842280966e-23, 9.73768244797e-24, 1.62524200251e-23, 1.28923648181e-23, 1.29124484279e-23, 1.08035999806e-23, 1.27910774444e-23, 1.33781500967e-23, 9.94212442903e-24, 8.86210364116e-24, 7.1335847578e-24, 8.2357867366e-24, 8.90566375148e-24, 1.21416918804e-23], "var": [8.45616980882e-08, 2.30523113487e-07, 8.10162106291e-08, 2.40403068119e-07, 7.98721032425e-07, 2.13827846096e-07, 1.87297686693e-07, 7.15468161161e-07, 3.3280880416e-06, 1.24270297874e-06, 3.09759116135e-06, 8.18059288576e-06, 1.70272116407e-07, 1.43753053905e-09, 6.02851324416e-10, 5.33855137874e-09, 1.62929481018e-09, 2.61000138169e-10, 1.20439311302e-10, 2.32329017136e-11, 3.83509760407e-12, 3.10792645959e-12, 1.61209522294e-12, 7.22098108304e-13, 1.35205258447e-12, 3.72341101094e-13, 1.30925828447e-13, 7.73368321423e-14, 3.35784062027e-15, 7.53100857992e-16, 3.56120113422e-17, 2.29816582202e-17, 5.39474539644e-18, 3.69356285353e-18, 4.34402428982e-19, 4.08927876904e-19, 2.34941023612e-21, 5.02910868251e-22, 2.33658732104e-22, 1.7070722797e-22]}, "mfcc": {"mean": [-820.688110352, 240.277923584, -12.4044160843, -17.7203845978, -2.03782725334, -20.3270626068, -5.8403263092, -2.73474550247, -1.4105246067, 7.48659896851, 0.130719870329, -5.99760580063, -3.73193025589], "cov": [[5829.29980469, 2984.59106445, -1833.93481445, -315.029296875, -143.991470337, -461.375335693, 162.903579712, -92.2296447754, -19.9558792114, 243.169403076, 5.48808526993, -45.6419410706, -82.1640090942], [2984.59106445, 1899.63989258, -711.160339355, -418.832458496, -75.1299209595, -221.20866394, -20.4663391113, -18.7591819763, -27.3140563965, 56.7980804443, -40.1695632935, -104.095741272, -80.4071350098], [-1833.93481445, -711.160339355, 833.445861816, 77.5789871216, 56.0706329346, 182.005172729, -96.7080307007, 33.9317131042, 4.80141401291, -124.436553955, -34.0013656616, -32.7864952087, -11.2926979065], [-315.029296875, -418.832458496, 77.5789871216, 446.382629395, 126.230499268, 43.0808448792, 91.0013046265, -34.104133606, -6.6115694046, 30.8356952667, 36.816947937, 83.0334854126, 35.2105941772], [-143.991470337, -75.1299209595, 56.0706329346, 126.230499268, 183.627563477, 86.6126785278, 0.853613197803, -13.2845630646, -35.9403877258, -24.4501171112, 1.9235252142, 8.51536846161, 11.6830501556], [-461.375335693, -221.20866394, 182.005172729, 43.0808448792, 86.6126785278, 173.390289307, 26.1804542542, 4.45355129242, 15.9997873306, -39.186000824, -30.9840221405, -34.9679527283, -32.2258262634], [162.903579712, -20.4663391113, -96.7080307007, 91.0013046265, 0.853613197803, 26.1804542542, 134.316955566, 55.4091186523, 48.0670585632, 75.3848953247, 21.8711509705, 1.07971405983, -18.0630245209], [-92.2296447754, -18.7591819763, 33.9317131042, -34.104133606, -13.2845630646, 4.45355129242, 55.4091186523, 122.190681458, 83.9824829102, 44.07396698, 25.7681617737, -4.78425598145, -11.588801384], [-19.9558792114, -27.3140563965, 4.80141401291, -6.6115694046, -35.9403877258, 15.9997873306, 48.0670585632, 83.9824829102, 128.872680664, 78.6702575684, 21.3640499115, 12.7180585861, -18.1793899536], [243.169403076, 56.7980804443, -124.436553955, 30.8356952667, -24.4501171112, -39.186000824, 75.3848953247, 44.07396698, 78.6702575684, 188.687011719, 119.619003296, 32.1975479126, -5.41163349152], [5.48808526993, -40.1695632935, -34.0013656616, 36.816947937, 1.9235252142, -30.9840221405, 21.8711509705, 25.7681617737, 21.3640499115, 119.619003296, 158.748962402, 80.3187637329, 8.92720890045], [-45.6419410706, -104.095741272, -32.7864952087, 83.0334854126, 8.51536846161, -34.9679527283, 1.07971405983, -4.78425598145, 12.7180585861, 32.1975479126, 80.3187637329, 147.8256073, 90.9155807495], [-82.1640090942, -80.4071350098, -11.2926979065, 35.2105941772, 11.6830501556, -32.2258262634, -18.0630245209, -11.588801384, -18.1793899536, -5.41163349152, 8.92720890045, 90.9155807495, 159.943817139]], "icov": [[8.53510284424, -11.9011850357, 11.4215078354, -10.6271429062, 9.58004665375, -8.36411190033, 7.03842782974, -5.61100006104, 4.20925378799, -2.9533290863, 1.96157717705, -1.04563045502, 0.414168298244], [-11.9011850357, 16.5961685181, -15.9260034561, 14.8210258484, -13.3618888855, 11.6674928665, -9.81894493103, 7.8291516304, -5.8742556572, 4.12175893784, -2.73805475235, 1.46045565605, -0.578018128872], [11.4215078354, -15.9260034561, 15.2898197174, -14.2279424667, 12.8300580978, -11.2080078125, 9.43870925903, -7.52886295319, 5.64997577667, -3.96508312225, 2.63583350182, -1.40589189529, 0.557771384716], [-10.6271429062, 14.8210258484, -14.2279424667, 13.2508802414, -11.9528989792, 10.4455223083, -8.80524539948, 7.02994823456, -5.28001260757, 3.70805311203, -2.4678068161, 1.31723296642, -0.523068845272], [9.58004665375, -13.3618888855, 12.8300580978, -11.9528989792, 10.7965478897, -9.44062709808, 7.96197843552, -6.36606025696, 4.79174995422, -3.3672721386, 2.24551415443, -1.20399808884, 0.478148937225], [-8.36411190033, 11.6674928665, -11.2080078125, 10.4455223083, -9.44062709808, 8.27407264709, -6.98549509048, 5.59457159042, -4.21990299225, 2.97214245796, -1.98770940304, 1.07126438618, -0.425979137421], [7.03842782974, -9.81894493103, 9.43870925903, -8.80524539948, 7.96197843552, -6.98549509048, 5.92822885513, -4.75410985947, 3.59054613113, -2.53922343254, 1.7060778141, -0.920857548714, 0.370722144842], [-5.61100006104, 7.8291516304, -7.52886295319, 7.02994823456, -6.36606025696, 5.59457159042, -4.75410985947, 3.84158182144, -2.91308617592, 2.05956554413, -1.3947327137, 0.760500192642, -0.307887852192], [4.20925378799, -5.8742556572, 5.64997577667, -5.28001260757, 4.79174995422, -4.21990299225, 3.59054613113, -2.91308617592, 2.23455381393, -1.58550083637, 1.08192920685, -0.597837567329, 0.244427070022], [-2.9533290863, 4.12175893784, -3.96508312225, 3.70805311203, -3.3672721386, 2.97214245796, -2.53922343254, 2.05956554413, -1.58550083637, 1.14477610588, -0.787316143513, 0.435659945011, -0.179214566946], [1.96157717705, -2.73805475235, 2.63583350182, -2.4678068161, 2.24551415443, -1.98770940304, 1.7060778141, -1.3947327137, 1.08192920685, -0.787316143513, 0.558183550835, -0.314708322287, 0.131740927696], [-1.04563045502, 1.46045565605, -1.40589189529, 1.31723296642, -1.20399808884, 1.07126438618, -0.920857548714, 0.760500192642, -0.597837567329, 0.435659945011, -0.314708322287, 0.193160220981, -0.0827348455787], [0.414168298244, -0.578018128872, 0.557771384716, -0.523068845272, 0.478148937225, -0.425979137421, 0.370722144842, -0.307887852192, 0.244427070022, -0.179214566946, 0.131740927696, -0.0827348455787, 0.0431607626379]]}, "spectral_contrast_coeffs": {"dmean": [0.0399211905897, 0.0389208830893, 0.0348823443055, 0.02892309241, 0.0244193039834, 0.0545902624726], "dmean2": [0.0651137828827, 0.0607100538909, 0.0529676117003, 0.0442746058106, 0.0376649536192, 0.0971619337797], "dvar": [0.0011635691626, 0.00154720805585, 0.00150725315325, 0.00101386359893, 0.000869955867529, 0.00218657869846], "dvar2": [0.00289536523633, 0.00361959869042, 0.00327157764696, 0.00228851591237, 0.00203269533813, 0.00605252990499], "max": [-0.31399384141, -0.32215821743, -0.290589272976, -0.466449707747, -0.548217594624, -0.59578615427], "mean": [-0.619849324226, -0.633738040924, -0.636653721333, -0.692708849907, -0.714749693871, -0.850365877151], "median": [-0.621225059032, -0.635054349899, -0.644585490227, -0.685505449772, -0.706208348274, -0.864413738251], "min": [-0.95036393404, -0.953968286514, -0.968289375305, -0.964486837387, -0.95827203989, -0.962696075439], "var": [0.00816832017154, 0.00704721082002, 0.0108009399846, 0.00533421617001, 0.00394208030775, 0.00468606920913]}, "spectral_contrast_valleys": {"dmean": [0.476583093405, 0.339953660965, 0.34441691637, 0.366815894842, 0.383327901363, 0.961645543575], "dmean2": [0.718817472458, 0.528061509132, 0.53620326519, 0.566360294819, 0.58762639761, 1.74013519287], "dvar": [0.243286728859, 0.200875118375, 0.225682914257, 0.271389484406, 0.344067394733, 0.609662353992], "dvar2": [0.419159322977, 0.339350730181, 0.40944775939, 0.535447776318, 0.725794792175, 1.80403912067], "max": [-6.00682401657, -4.82281160355, -5.75285482407, -6.9721570015, -8.01949214935, -11.9745368958], "mean": [-8.54231452942, -7.27789020538, -8.4600944519, -9.88343