{"lowlevel": {"average_loudness": 0.252062320709, "barkbands_crest": {"dmean": 2.04294109344, "dmean2": 2.99621081352, "dvar": 3.67413926125, "dvar2": 8.04413032532, "max": 24.9894161224, "mean": 11.1437320709, "median": 10.1967639923, "min": 2.63906645775, "var": 21.6904945374}, "barkbands_flatness_db": {"dmean": 0.0145725440234, "dmean2": 0.0216213110834, "dvar": 0.000175323802978, "dvar2": 0.000403631216614, "max": 0.41046461463, "mean": 0.213070973754, "median": 0.208858832717, "min": 0.0150544950739, "var": 0.00228328141384}, "barkbands_kurtosis": {"dmean": 0.996535420418, "dmean2": 1.47426044941, "dvar": 1.83383238316, "dvar2": 3.78860020638, "max": 38.3909454346, "mean": 1.17279696465, "median": 0.376396298409, "min": -1.8352445364, "var": 6.86879777908}, "barkbands_skewness": {"dmean": 0.364087879658, "dmean2": 0.520299255848, "dvar": 0.106248021126, "dvar2": 0.230547145009, "max": 4.66512346268, "mean": 0.0206880643964, "median": 0.031749330461, "min": -4.87349081039, "var": 1.00232732296}, "barkbands_spread": {"dmean": 2.00202274323, "dmean2": 2.99369502068, "dvar": 4.74983453751, "dvar2": 11.110200882, "max": 87.9304962158, "mean": 12.7324733734, "median": 11.5905456543, "min": 1.26992738247, "var": 44.5492782593}, "dissonance": {"dmean": 0.0305361133069, "dmean2": 0.0522716902196, "dvar": 0.00092985277297, "dvar2": 0.0025213107001, "max": 0.499884486198, "mean": 0.430675029755, "median": 0.439928710461, "min": 0.239118248224, "var": 0.00212766206823}, "dynamic_complexity": 5.08911466599, "erbbands_crest": {"dmean": 2.38816976547, "dmean2": 3.53148436546, "dvar": 5.3070397377, "dvar2": 11.7831373215, "max": 31.2506637573, "mean": 13.7007322311, "median": 12.8516740799, "min": 2.25794672966, "var": 36.4476547241}, "erbbands_flatness_db": {"dmean": 0.0149768143892, "dmean2": 0.021339122206, "dvar": 0.00019202484691, "dvar2": 0.000415242189774, "max": 0.476198971272, "mean": 0.283230632544, "median": 0.282379746437, "min": 0.0515901111066, "var": 0.00314788077958}, "erbbands_kurtosis": {"dmean": 1.48848581314, "dmean2": 2.1359910965, "dvar": 5.08850383759, "dvar2": 10.0637702942, "max": 48.1065559387, "mean": 2.43510603905, "median": 0.919874548912, "min": -1.66837251186, "var": 18.1386318207}, "erbbands_skewness": {"dmean": 0.348116576672, "dmean2": 0.518822193146, "dvar": 0.116363272071, "dvar2": 0.26886922121, "max": 3.09090805054, "mean": -0.0446482561529, "median": 0.0662360340357, "min": -4.92705726624, "var": 0.878906846046}, "erbbands_spread": {"dmean": 2.87108111382, "dmean2": 4.2637219429, "dvar": 7.82527017593, "dvar2": 18.7720794678, "max": 65.0701980591, "mean": 14.6584253311, "median": 12.7325210571, "min": 1.01086258888, "var": 68.8082580566}, "hfc": {"dmean": 3.87000513077, "dmean2": 5.10902404785, "dvar": 34.0469894409, "dvar2": 58.7531013489, "max": 153.711120605, "mean": 16.2278518677, "median": 9.58709335327, "min": 1.11076062585e-16, "var": 320.339813232}, "melbands_crest": {"dmean": 2.38325548172, "dmean2": 3.49189352989, "dvar": 5.53094673157, "dvar2": 12.0596704483, "max": 35.311504364, "mean": 12.6708717346, "median": 11.6844158173, "min": 1.60431611538, "var": 26.7285022736}, "melbands_flatness_db": {"dmean": 0.0130546437576, "dmean2": 0.0191116500646, "dvar": 0.000141443699249, "dvar2": 0.000310048693791, "max": 0.465977668762, "mean": 0.26495975256, "median": 0.262021064758, "min": 0.00272983475588, "var": 0.00247775344178}, "melbands_kurtosis": {"dmean": 1.10362684727, "dmean2": 1.68368113041, "dvar": 2.41442990303, "dvar2": 5.48001098633, "max": 42.3304901123, "mean": 1.35204303265, "median": 0.298598885536, "min": -1.83751189709, "var": 10.959897995}, "melbands_skewness": {"dmean": 0.356264322996, "dmean2": 0.506917893887, "dvar": 0.102761976421, "dvar2": 0.223190814257, "max": 6.16838407516, "mean": 0.498237252235, "median": 0.449434012175, "min": -3.97084903717, "var": 1.02659881115}, "melbands_spread": {"dmean": 3.16494894028, "dmean2": 4.74787139893, "dvar": 11.3047819138, "dvar2": 27.5971832275, "max": 161.150817871, "mean": 21.3227729797, "median": 20.3939094543, "min": 3.25100183487, "var": 112.326049805}, "pitch_salience": {"dmean": 0.0503831170499, "dmean2": 0.0763033181429, "dvar": 0.00203854963183, "dvar2": 0.00462814047933, "max": 0.896016120911, "mean": 0.501812934875, "median": 0.50498187542, "min": 0.148820608854, "var": 0.0128617268056}, "silence_rate_20dB": {"dmean": 0, "dmean2": 0, "dvar": 0, "dvar2": 0, "max": 1, "mean": 1, "median": 1, "min": 1, "var": 0}, "silence_rate_30dB": {"dmean": 0.00406555691734, "dmean2": 0.00813214760274, "dvar": 0.00404938263819, "dvar2": 0.00959206745028, "max": 1, "mean": 0.995934963226, "median": 1, "min": 0, "var": 0.00404887273908}, "silence_rate_60dB": {"dmean": 0.0132130607963, "dmean2": 0.0264294799417, "dvar": 0.0130388652906, "dvar2": 0.0313231647015, "max": 1, "mean": 0.118648372591, "median": 0, "min": 0, "var": 0.104570277035}, "spectral_centroid": {"dmean": 98.8140792847, "dmean2": 154.309829712, "dvar": 27688.7851562, "dvar2": 65762.4765625, "max": 11675.1464844, "mean": 1098.80615234, "median": 1061.04516602, "min": 327.623382568, "var": 291197.75}, "spectral_complexity": {"dmean": 1.46156775951, "dmean2": 2.45870399475, "dvar": 1.91023898125, "dvar2": 5.11722612381, "max": 33, "mean": 12.8780488968, "median": 12, "min": 0, "var": 35.4671669006}, "spectral_decrease": {"dmean": 9.46559941539e-10, "dmean2": 1.271184491e-09, "dvar": 3.486784244e-18, "dvar2": 7.16690044949e-18, "max": 3.18749189361e-19, "mean": -4.78117634373e-09, "median": -2.99062841158e-09, "min": -6.57356835632e-08, "var": 2.69606335403e-17}, "spectral_energy": {"dmean": 0.00389941944741, "dmean2": 0.00522957881913, "dvar": 5.4990832723e-05, "dvar2": 0.000111380148155, "max": 0.253275543451, "mean": 0.0195171423256, "median": 0.0121842296794, "min": 1.03617264108e-20, "var": 0.000443443772383}, "spectral_energyband_high": {"dmean": 1.24429598145e-05, "dmean2": 2.04021889658e-05, "dvar": 5.87648041339e-10, "dvar2": 1.56512625082e-09, "max": 0.00065865193028, "mean": 4.34321882494e-05, "median": 1.95260436158e-05, "min": 7.14806187633e-21, "var": 4.4738999172e-09}, "spectral_energyband_low": {"dmean": 0.000852889323141, "dmean2": 0.0012619914487, "dvar": 2.45805822487e-05, "dvar2": 5.90543968428e-05, "max": 0.201905027032, "mean": 0.00248808297329, "median": 0.000493728904985, "min": 1.33668883184e-23, "var": 4.66330784548e-05}, "spectral_energyband_middle_high": {"dmean": 0.00291301636025, "dmean2": 0.00375429587439, "dvar": 2.00168142328e-05, "dvar2": 3.1690877222e-05, "max": 0.116935797036, "mean": 0.00990102719516, "median": 0.00475250650197, "min": 1.30928322339e-21, "var": 0.000166417943547}, "spectral_energyband_middle_low": {"dmean": 0.00143290974665, "dmean2": 0.001940486487, "dvar": 7.10758467903e-06, "dvar2": 1.34664433062e-05, "max": 0.0958009958267, "mean": 0.00721961492673, "median": 0.0047058085911, "min": 2.07010152445e-22, "var": 7.4087853136e-05}, "spectral_entropy": {"dmean": 0.0972345322371, "dmean2": 0.142168179154, "dvar": 0.00792534463108, "dvar2": 0.0174040384591, "max": 9.81832790375, "mean": 6.6963300705, "median": 6.6450881958, "min": 5.27615737915, "var": 0.210753291845}, "spectral_flux": {"dmean": 0.0106754098088, "dmean2": 0.0181955508888, "dvar": 0.000194785767235, "dvar2": 0.000536468694918, "max": 0.401204228401, "mean": 0.0408449470997, "median": 0.0346948727965, "min": 6.62308957677e-11, "var": 0.000689786334988}, "spectral_kurtosis": {"dmean": 6.8478307724, "dmean2": 12.0882034302, "dvar": 45.2761993408, "dvar2": 138.998565674, "max": 88.9738082886, "mean": 15.3841772079, "median": 12.7757482529, "min": -1.24543559551, "var": 124.169494629}, "spectral_rms": {"dmean": 0.000391695037251, "dmean2": 0.000526707211975, "dvar": 2.2613279782e-07, "dvar2": 4.26063451187e-07, "max": 0.0157193541527, "mean": 0.00381658715196, "median": 0.00344776059501, "min": 3.17946558838e-12, "var": 4.47486854682e-06}, "spectral_rolloff": {"dmean": 109.783065796, "dmean2": 192.483840942, "dvar": 67637.9765625, "dvar2": 143911.96875, "max": 19595.2148438, "mean": 1278.69165039, "median": 1227.39257812, "min": 21.533203125, "var": 927501.0625}, "spectral_skewness": {"dmean": 0.51776599884, "dmean2": 0.911461174488, "dvar": 0.210032343864, "dvar2": 0.649952828884, "max": 7.03052139282, "mean": 2.45608448982, "median": 2.40303516388, "min": -0.137879490852, "var": 0.86154538393}, "spectral_spread": {"dmean": 198297.75, "dmean2": 338618.15625, "dvar": 355427188736, "dvar2": 807361904640, "max": 50220508, "mean": 2189932.5, "median": 2094181.25, "min": 794318.4375, "var": 3285371060220.0}, "spectral_strongpeak": {"dmean": 0.827003955841, "dmean2": 1.22726368904, "dvar": 1.29969322681, "dvar2": 2.66855025291, "max": 17.0149898529, "mean": 2.65068268776, "median": 1.81059479713, "min": 0, "var": 6.45013475418}, "zerocrossingrate": {"dmean": 0.00338496593758, "dmean2": 0.0042804335244, "dvar": 2.35352472373e-05, "dvar2": 2.96172929666e-05, "max": 0.5224609375, "mean": 0.048524312675, "median": 0.046875, "min": 0.009765625, "var": 0.00078151357593}, "barkbands": {"dmean": [0.000113817986858, 0.000426593411248, 0.000467196077807, 0.000164351935382, 0.000358056102414, 0.000481765338918, 0.000474866275908, 0.000599539896939, 0.000411149376305, 0.000484054646222, 0.00024889485212, 0.00160996650811, 0.000706923892722, 0.000614968535956, 0.000110331493488, 0.000141905897181, 6.05856839684e-05, 4.09908752772e-05, 3.58984616469e-05, 1.58079437824e-05, 8.08297227195e-06, 2.35992183661e-06, 6.94012669555e-07, 4.08910239003e-07, 3.71712332026e-07, 2.6866649705e-07, 8.1823492426e-10], "dmean2": [0.000193577987375, 0.000611399533227, 0.000714423018508, 0.000251941353781, 0.000566790869925, 0.000686992832925, 0.000618897145614, 0.000789928715676, 0.000505598785821, 0.000563131819945, 0.000311278825393, 0.00204233196564, 0.000963883590885, 0.000901593302842, 0.000176470421138, 0.000238653592533, 0.000101492078102, 6.96555580362e-05, 6.05972782068e-05, 2.63412457571e-05, 1.36413927976e-05, 3.84504119211e-06, 1.11664087399e-06, 6.54125528854e-07, 5.99234965648e-07, 4.28612736414e-07, 1.50547518896e-09], "dvar": [7.34817788839e-08, 3.97744406655e-06, 1.02777630673e-05, 1.62399345527e-07, 9.06305615445e-07, 1.66346114838e-06, 1.1181065247e-06, 2.09255154004e-06, 7.64819787946e-07, 2.04479601962e-06, 3.61890442946e-07, 1.17698791655e-05, 4.27076474807e-06, 3.24253824147e-06, 2.35759884504e-07, 1.48072956563e-07, 1.74013603527e-08, 7.59702345476e-09, 4.51976545079e-09, 8.40888692011e-10, 3.35793531869e-10, 4.45190377618e-11, 1.16398878383e-11, 2.1018033234e-12, 5.17569103894e-12, 3.64677472248e-12, 2.37995826817e-18], "dvar2": [2.22228280222e-07, 9.34024046728e-06, 2.50471548497e-05, 4.29668517654e-07, 2.47036268775e-06, 2.59031048699e-06, 2.00318663701e-06, 3.65717733075e-06, 1.41408429499e-06, 2.11389851756e-06, 4.71970395211e-07, 1.69523918885e-05, 7.42746715332e-06, 6.96735742167e-06, 6.05283901223e-07, 4.03881756483e-07, 4.72895109738e-08, 2.15665227898e-08, 1.27557902019e-08, 2.3178130526e-09, 9.48859324446e-10, 1.10255603258e-10, 2.46436863971e-11, 5.14270353733e-12, 1.32777703762e-11, 8.12612130363e-12, 7.60261949152e-18], "max": [0.00868739001453, 0.0754444524646, 0.129253894091, 0.00930241961032, 0.0485759675503, 0.0868633016944, 0.0497063435614, 0.0712495967746, 0.0273246690631, 0.0633154436946, 0.0304158106446, 0.0981455370784, 0.0547265224159, 0.0420707762241, 0.0258002057672, 0.00843376014382, 0.00270739290863, 0.00208215182647, 0.00122091139201, 0.000541657034773, 0.000433337030699, 0.00026299370802, 0.000157623740961, 5.85722700635e-05, 0.000130255677504, 0.000127198189148, 2.82402705665e-08], "mean": [0.000209246354643, 0.00124851858709, 0.000968284439296, 0.000426037644502, 0.00113631947897, 0.00125297892373, 0.00149673875421, 0.00157694867812, 0.00121951580513, 0.00159839855041, 0.000742505537346, 0.00412191078067, 0.00158005766571, 0.00115805980749, 0.000186678691534, 0.00026829863782, 0.000106387473352, 7.38416056265e-05, 7.67920719227e-05, 3.90283385059e-05, 2.08626079257e-05, 5.94308448854e-06, 1.62784340318e-06, 1.01769796856e-06, 7.96668189196e-07, 4.27129776881e-07, 7.29843963043e-10], "median": [7.69723410485e-05, 0.000107981162728, 0.000185549695743, 0.000133578956593, 0.000481325667351, 0.000566733884625, 0.000537204381544, 0.000629873597063, 0.000494668027386, 0.000212587125134, 0.000129742373247, 0.000649842841085, 0.000181792071089, 0.000187750702025, 3.74567462131e-05, 6.85061095282e-05, 3.30480470438e-05, 3.09720562655e-05, 2.84866291622e-05, 1.68308270077e-05, 6.14029977442e-06, 1.85983390111e-06, 5.25838231624e-07, 3.20489277783e-07, 1.57456440775e-07, 4.99414767319e-08, 2.47907527839e-10], "min": [2.66037581601e-24, 4.79813286004e-24, 1.64129039155e-24, 3.95401895372e-24, 1.43986631622e-23, 1.48372430042e-23, 2.99463337872e-23, 1.60054844737e-23, 2.37228744219e-23, 1.43454781599e-23, 2.27348182495e-23, 1.55424373218e-23, 5.25216238513e-23, 6.11709188526e-23, 8.51403123073e-23, 7.15516026133e-23, 4.53467130372e-23, 9.39270994536e-23, 1.56538427832e-22, 2.12312761854e-22, 2.77375939345e-22, 2.92860357525e-22, 4.1368471715e-22, 5.55174758623e-22, 9.35389205658e-22, 1.40466163127e-21, 2.07691339516e-21], "var": [1.33595676743e-07, 1.3605787899e-05, 1.15364664452e-05, 5.34434775545e-07, 7.04599187884e-06, 8.44937039801e-06, 8.94027016329e-06, 9.56478288572e-06, 4.14190799347e-06, 2.08176388696e-05, 3.94288645111e-06, 7.21584801795e-05, 1.81113737199e-05, 9.77466334007e-06, 4.9553767667e-07, 4.37368868234e-07, 3.66899008952e-08, 1.51981254248e-08, 1.38398306149e-08, 3.44158235244e-09, 1.63614399806e-09, 1.87589457856e-10, 2.01313792025e-11, 5.17376332748e-12, 9.24672491354e-12, 6.31874674112e-12, 1.96256603301e-18]}, "erbbands": {"dmean": [0.00671750493348, 0.119227491319, 0.538186073303, 0.453723341227, 0.777404367924, 1.21034514904, 2.59529924393, 4.90498733521, 6.65468502045, 7.65162324905, 11.7179670334, 8.79762840271, 13.2275400162, 10.4225587845, 27.0744895935, 45.3225784302, 35.5472717285, 27.3971767426, 17.5436038971, 5.2652592659, 7.34873771667, 3.96678066254, 2.39240670204, 2.01697301865, 1.14585936069, 0.577729403973, 0.40020570159, 0.232770681381, 0.102343805134, 0.0343733020127, 0.0181179083884, 0.0100930510089, 0.00601412681863, 0.00320209236816, 0.00283876736648, 0.00130891404115, 0.000391670037061, 0.000107284387923, 3.55075667358e-06, 4.65202992928e-06], "dmean2": [0.0105805471539, 0.16986939311, 0.815289318562, 0.684643149376, 1.19454300404, 1.96589314938, 3.84633350372, 7.0482006073, 8.56527996063, 10.8348913193, 14.4928131104, 10.9943361282, 15.6151227951, 12.5211820602, 35.2672653198, 57.0790710449, 46.9767532349, 38.1115188599, 27.5766468048, 8.73541259766, 12.3389072418, 6.67307662964, 4.07036447525, 3.42758369446, 1.93107914925, 0.961387455463, 0.678034484386, 0.391766101122, 0.167039886117, 0.0553563162684, 0.0282221715897, 0.0163700170815, 0.00968298874795, 0.00521227577701, 0.00445715943351, 0.00216985307634, 0.00062540336512, 0.000166550977156, 5.03998580825e-06, 6.22865400146e-06], "dvar": [0.000999224139377, 0.351378649473, 13.0848245621, 2.81125259399, 3.41906452179, 10.4132823944, 97.9294052124, 170.680953979, 251.269088745, 359.221923828, 708.32800293, 442.792663574, 1134.4017334, 518.653564453, 3706.31762695, 9350.88769531, 8888.41308594, 6596.04003906, 3858.95263672, 170.114501953, 375.309112549, 75.457611084, 28.1729049683, 13.8878574371, 3.57792758942, 0.877493143082, 0.840693473816, 0.338908970356, 0.0978689417243, 0.00676731206477, 0.0144716175273, 0.00215641083196, 0.000474616797874, 0.000176623638254, 0.000653847411741, 4.50575716968e-05, 1.16803730634e-05, 1.65632184235e-06, 3.72143538208e-10, 7.27858676108e-11], "dvar2": [0.00250488566235, 0.831106424332, 32.238910675, 6.26430702209, 9.06093597412, 29.8675861359, 222.20135498, 248.60168457, 382.839569092, 823.446533203, 1111.06164551, 880.316223145, 1219.62304688, 636.36340332, 5500.58251953, 13175.6982422, 14629.0498047, 11609.6669922, 9892.70898438, 447.15133667, 1005.19647217, 203.419387817, 79.5886611938, 38.6405525208, 10.1014299393, 2.335490942, 2.35414004326, 0.95307803154, 0.237693145871, 0.0170813314617, 0.0292876753956, 0.00522257853299, 0.00104646419641, 0.000550120836124, 0.00148308638018, 0.000125436810777, 2.68993335339e-05, 3.55985025635e-06, 7.93825893908e-10, 1.45299328125e-10], "max": [1.04059076309, 22.6636047363, 141.349868774, 69.7062149048, 76.6690597534, 126.731460571, 506.815307617, 991.449645996, 895.207092285, 624.44329834, 1264.92102051, 743.333557129, 1522.77258301, 791.137207031, 1609.45373535, 3479.10253906, 2406.56860352, 2578.78271484, 1616.40515137, 417.336761475, 481.717529297, 183.400695801, 137.398193359, 80.5960540771, 37.6753463745, 22.7759914398, 22.0735492706, 18.0872325897, 12.9834489822, 2.39964795113, 6.2397685051, 2.13093042374, 1.56625306606, 0.523707032204, 1.8319478035, 0.224238216877, 0.210718363523, 0.0953107178211, 0.00140377518255, 0.000278456922388], "mean": [0.0207712184638, 0.333725839853, 1.16413080692, 1.24083673954, 2.15786480904, 3.39267325401, 7.49606084824, 12.9395313263, 21.9372749329, 22.6469116211, 33.2741928101, 27.2483062744, 46.4218063354, 34.947845459, 74.5358657837, 120.627174377, 88.8450012207, 59.4647598267, 32.1405601501, 10.6709957123, 13.9042711258, 7.49557304382, 4.44964647293, 4.47043180466, 2.8440759182, 1.51632547379, 0.988716840744, 0.616021037102, 0.264093905687, 0.096549578011, 0.0436414480209, 0.0243663042784, 0.0149084497243, 0.00777313299477, 0.00559927523136, 0.00233423197642, 0.000643923995085, 0.000156317924848, 1.28613628476e-05, 2.30649693549e-05], "median": [0.00193275534548, 0.0296627487987, 0.183991909027, 0.434214681387, 0.681703925133, 1.28093385696, 2.80127716064, 6.10311317444, 8.60377502441, 9.51929187775, 15.2906475067, 10.8523864746, 11.7737674713, 9.26406669617, 15.9051132202, 22.0931930542, 12.7852268219, 12.0013790131, 7.15200805664, 3.30868530273, 4.06711912155, 2.57310771942, 2.13097715378, 1.89842176437, 1.3680202961, 0.793407917023, 0.332639962435, 0.183359891176, 0.0897686332464, 0.0311365481466, 0.0139147322625, 0.00720427464694, 0.00465747341514, 0.00184092577547, 0.00105812505353, 0.000477066845633, 9.63956263149e-05, 5.26674648427e-06, 6.90787783242e-06, 1.43539364217e-05], "min": [1.45768646318e-22, 1.3416789766e-21, 3.10720319881e-21, 1.48672451136e-20, 2.66168820414e-20, 3.68013106889e-20, 2.62560406551e-20, 1.42891935301e-19, 3.67412354045e-19, 2.84142304827e-19, 3.28218675466e-19, 5.09516787553e-19, 4.26184363747e-19, 1.19517837783e-18, 1.70579572918e-18, 1.04930455982e-18, 2.62335781778e-18, 3.56912387013e-18, 4.08908918959e-18, 4.38596100271e-18, 5.53976918297e-18, 4.36961880894e-18, 4.2951431889e-18, 6.52881828805e-18, 7.71682914587e-18, 8.78011274785e-18, 1.10457414205e-17, 1.12235786347e-17, 1.03952920817e-17, 1.13094499085e-17, 1.28302429714e-17, 1.10729167851e-17, 9.15101722579e-18, 9.89412650961e-18, 6.46377459495e-18, 4.67959399015e-18, 2.74183675807e-18, 1.01233620388e-18, 2.50545511218e-19, 3.35301183278e-20], "var": [0.00541513133794, 0.977894902229, 15.6462259293, 6.86924886703, 13.4516000748, 54.1758041382, 495.511077881, 927.12121582, 2383.29150391, 1688.98034668, 3835.29248047, 2355.375, 11802.9707031, 4946.15429688, 23837.4160156, 63752.0117188, 43596.1679688, 25726.8203125, 9223.41503906, 479.113128662, 967.911376953, 168.769104004, 52.5080986023, 45.3025932312, 13.5644207001, 3.95415878296, 3.28076291084, 1.50341391563, 0.417488574982, 0.0301168430597, 0.0234887618572, 0.00426334515214, 0.00134694227017, 0.00036253943108, 0.00111773540266, 8.50906217238e-05, 1.84387190529e-05, 2.98454847325e-06, 8.07150513094e-10, 6.09579720035e-10]}, "gfcc": {"mean": [-112.134529114, 160.046524048, -167.957962036, -3.52414536476, -50.6982040405, -7.11517238617, -22.871761322, -6.29862928391, -20.1522903442, -2.14938306808, -3.29252815247, -8.77791213989, -5.3503613472], "cov": [[15970.2646484, 606.410827637, -345.420806885, 533.547119141, -176.578979492, 654.626159668, -79.921333313, 368.439453125, -199.211624146, 158.441970825, 17.2887306213, 102.885147095, -214.228729248], [606.410827637, 732.032714844, -132.933868408, -119.639907837, 101.231254578, -147.423126221, 82.3239898682, -79.9597320557, 85.6320877075, -83.0529251099, 12.2374134064, -71.6216583252, 74.8630065918], [-345.420806885, -132.933868408, 650.634216309, 134.911849976, 36.1878128052, 248.137985229, 5.40051412582, 191.414611816, -64.3990020752, -26.5163841248, -68.8753128052, 57.2569465637, -100.02066803], [533.547119141, -119.639907837, 134.911849976, 447.703399658, 56.2900695801, 61.3940696716, 110.878578186, 95.7687606812, -29.9693660736, 57.0866775513, -55.0671806335, 73.7194290161, -0.872490167618], [-176.578979492, 101.231254578, 36.1878128052, 56.2900695801, 206.268386841, 46.3746986389, 76.7070922852, -19.3545913696, 42.3732872009, 27.0408649445, -27.4664440155, -15.8106660843, -13.744562149], [654.626159668, -147.423126221, 248.137985229, 61.3940696716, 46.3746986389, 379.483459473, 7.36554956436, 95.3509063721, -52.8418273926, 13.2338924408, 8.56913566589, -7.39385223389, -123.879333496], [-79.921333313, 82.3239898682, 5.40051412582, 110.878578186, 76.7070922852, 7.36554956436, 226.245864868, 46.2358589172, 11.2501382828, -2.45592427254, -12.5966253281, 47.7872238159, 10.4988241196], [368.439453125, -79.9597320557, 191.414611816, 95.7687606812, -19.3545913696, 95.3509063721, 46.2358589172, 205.64050293, -15.5183591843, -27.4219608307, -46.660282135, 70.018737793, -7.78119373322], [-199.211624146, 85.6320877075, -64.3990020752, -29.9693660736, 42.3732872009, -52.8418273926, 11.2501382828, -15.5183591843, 126.743469238, 38.561290741, -17.4969120026, -26.237695694, 46.806552887], [158.441970825, -83.0529251099, -26.5163841248, 57.0866775513, 27.0408649445, 13.2338924408, -2.45592427254, -27.4219608307, 38.561290741, 144.790405273, 8.19986152649, -17.9820976257, -21.8438911438], [17.2887306213, 12.2374134064, -68.8753128052, -55.0671806335, -27.4664440155, 8.56913566589, -12.5966253281, -46.660282135, -17.4969120026, 8.19986152649, 125.783302307, 7.74971008301, -16.8388500214], [102.885147095, -71.6216583252, 57.2569465637, 73.7194290161, -15.8106660843, -7.39385223389, 47.7872238159, 70.018737793, -26.237695694, -17.9820976257, 7.74971008301, 131.710189819, 36.221370697], [-214.228729248, 74.8630065918, -100.02066803, -0.872490167618, -13.744562149, -123.879333496, 10.4988241196, -7.78119373322, 46.806552887, -21.8438911438, -16.8388500214, 36.221370697, 161.371459961]], "icov": [[0.000147005470353, -0.00047324373736, 0.000439364928752, -0.000225557305384, 0.000286365946522, -0.000506362237502, 0.000402793346439, -0.000382122234441, 0.000321821018588, -0.000456900743302, 0.000300527492072, -0.000460435578134, 0.000256366765825], [-0.00047324373736, 0.00388868199661, -0.00161779031623, 0.000965044368058, -0.00201915716752, 0.00245442125015, -0.00227100146003, 0.00125788536388, -0.00197208556347, 0.00325214164332, -0.00202598772012, 0.00326476688497, -0.001441175933], [0.000439364928752, -0.00161779031623, 0.00426472909749, -0.000943106948398, 0.000276168400887, -0.00261568021961, 0.00213944772258, -0.00284711248241, 0.00140574714169, -0.00107736745849, 0.00208997214213, -0.00244463025592, 0.00192435167264], [-0.000225557305384, 0.000965044368058, -0.000943106948398, 0.00394899165258, -0.00111077283509, 0.000788759847637, -0.00192604213953, -0.000169707054738, 0.0012298541842, -0.00140776252374, 0.000712523818947, -7.54452776164e-05, -0.00113832112402], [0.000286365946522, -0.00201915716752, 0.000276168400887, -0.00111077283509, 0.00859819725156, -0.00274799601175, -0.00137217028532, 0.00226682773791, -0.00192865857389, -0.00159167731181, 0.00271307397634, -0.00177604076453, 0.00132914364804], [-0.000506362237502, 0.00245442125015, -0.00261568021961, 0.000788759847637, -0.00274799601175, 0.00698829023167, -0.00144477630965, -0.000930145150051, -0.000284484558506, 0.00168370991014, -0.00306848390028, 0.00360404001549, 0.000933191331569], [0.000402793346439, -0.00227100146003, 0.00213944772258, -0.00192604213953, -0.00137217028532, -0.00144477630965, 0.00801658723503, -0.0025575349573, 0.000680070195813, -0.000990743516013, 0.000747812213376, -0.00368190091103, 0.00160617986694], [-0.000382122234441, 0.00125788536388, -0.00284711248241, -0.000169707054738, 0.00226682773791, -0.000930145150051, -0.0025575349573, 0.0117114922032, -0.00351108168252, 0.00288789742626, 0.00242233346216, -0.00313339335844, -0.00028089134139], [0.000321821018588, -0.00197208556347, 0.00140574714169, 0.0012298541842, -0.00192865857389, -0.000284484558506, 0.000680070195813, -0.00351108168252, 0.0146387144923, -0.00631412677467, 0.001667830511, 0.00171946350019, -0.00368878198788], [-0.000456900743302, 0.00325214164332, -0.00107736745849, -0.00140776252374, -0.00159167731181, 0.00168370991014, -0.000990743516013, 0.00288789742626, -0.00631412677467, 0.0126245878637, -0.00262278062291, 0.00237066857517, 0.00130455789622], [0.000300527492072, -0.00202598772012, 0.00208997214213, 0.000712523818947, 0.00271307397634, -0.00306848390028, 0.000747812213376, 0.00242233346216, 0.001667830511, -0.00262278062291, 0.0123757785186, -0.00542265735567, 0.00225153728388], [-0.000460435578134, 0.00326476688497, -0.00244463025592, -7.54452776164e-05, -0.00177604076453, 0.00360404001549, -0.00368190091103, -0.00313339335844, 0.00171946350019, 0.00237066857517, -0.00542265735567, 0.016275383532, -0.00533442851156], [0.000256366765825, -0.001441175933, 0.00192435167264, -0.00113832112402, 0.00132914364804, 0.000933191331569, 0.00160617986694, -0.00028089134139, -0.00368878198788, 0.00130455789622, 0.00225153728388, -0.00533442851156, 0.0117827896029]]}, "melbands": {"dmean": [8.69767536642e-05, 0.000234880120843, 8.43192028697e-05, 6.31471193628e-05, 8.48721829243e-05, 0.000106161831354, 9.61637488217e-05, 0.000103903221316, 8.56971237226e-05, 6.03023509029e-05, 7.18566298019e-05, 4.97196160723e-05, 5.520007835e-05, 0.000169670907781, 0.000103280493931, 9.03960317373e-05, 4.56438938272e-05, 3.63759536413e-05, 8.59928877617e-06, 9.23374045669e-06, 7.94914376456e-06, 5.02558168591e-06, 2.13503994928e-06, 1.78154573405e-06, 1.80871381872e-06, 1.31276124193e-06, 7.27380268017e-07, 3.69742537032e-07, 3.60511478448e-07, 1.55360979193e-07, 1.30424155032e-07, 7.58491438546e-08, 3.1862107619e-08, 1.8138170077e-08, 1.27645316539e-08, 8.61194404678e-09, 6.02075544975e-09, 5.17993337112e-09, 3.12357184562e-09, 3.01111335865e-09], "dmean2": [0.00012947054347, 0.000348394241882, 0.000126946644741, 0.00010118776845, 0.000127961378894, 0.000151494416059, 0.000124183046864, 0.000143145021866, 0.000105324026663, 7.52586638555e-05, 8.44226960908e-05, 5.89795963606e-05, 7.1816109994e-05, 0.000221756708925, 0.000123210294987, 0.000124992599012, 6.45254112897e-05, 5.73625547986e-05, 1.40085621751e-05, 1.55241359607e-05, 1.33091834869e-05, 8.45097929414e-06, 3.61028946827e-06, 3.0359642551e-06, 3.06757760882e-06, 2.22240305447e-06, 1.22144876968e-06, 6.15246221969e-07, 6.08107200151e-07, 2.63978421344e-07, 2.2079854034e-07, 1.24064015949e-07, 5.18355598444e-08, 3.01081897192e-08, 1.96419964738e-08, 1.4075874688e-08, 9.95979831941e-09, 8.44799430411e-09, 5.11440045869e-09, 5.07281816553e-09], "dvar": [1.52972020828e-07, 2.20247852667e-06, 8.269998375e-08, 2.19056399686e-08, 9.25795546891e-08, 7.44233261685e-08, 4.56644890789e-08, 5.88595483464e-08, 3.68272026208e-08, 2.06178327744e-08, 3.53879201498e-08, 1.40820786143e-08, 1.29225803391e-08, 1.68140800838e-07, 1.18883534128e-07, 8.53772448295e-08, 1.94349780713e-08, 1.89057214328e-08, 1.12701492583e-09, 8.19519785367e-10, 4.45698866702e-10, 1.3550620348e-10, 1.86509679229e-11, 1.76914368571e-11, 1.18500495874e-11, 6.25080109201e-12, 2.66193772754e-12, 4.77633991386e-13, 6.8458644786e-13, 1.80323990332e-13, 1.38463811814e-13, 6.3018539768e-14, 1.53175676353e-14, 1.5965261331e-15, 8.98925319625e-15, 4.14302364524e-15, 6.16008575479e-16, 4.47176697882e-16, 2.28242027363e-16, 2.86899773644e-16], "dvar2": [3.6065600284e-07, 5.38779431736e-06, 1.79870056627e-07, 5.83526862385e-08, 2.19919627398e-07, 1.08557827616e-07, 7.13951777698e-08, 1.2336205657e-07, 5.73014702354e-08, 4.10761344938e-08, 3.74152691052e-08, 1.60181414799e-08, 1.8699582327e-08, 2.55236443536e-07, 1.55545293978e-07, 1.49374571379e-07, 3.48770257119e-08, 4.84683049251e-08, 2.92730795159e-09, 2.21421592173e-09, 1.17489606932e-09, 3.67751162855e-10, 5.16840459319e-11, 5.25515464478e-11, 3.28770240199e-11, 1.78878942908e-11, 7.42566511752e-12, 1.28558622081e-12, 1.89762159979e-12, 5.21793654291e-13, 3.86496309132e-13, 1.52155523424e-13, 3.81938235108e-14, 4.27242232749e-15, 1.84249910115e-14, 9.16797206592e-15, 1.58505211892e-15, 9.65659488001e-16, 6.56121038306e-16, 9.33812213854e-16], "max": [0.0146180177107, 0.0571679882705, 0.0119884517044, 0.00715982774273, 0.0162273347378, 0.0202232971787, 0.0114928958938, 0.00969805847853, 0.00831833854318, 0.00498527474701, 0.00848781503737, 0.00461337482557, 0.00400351267308, 0.0116838160902, 0.0152898523957, 0.00762798637152, 0.00437198299915, 0.00312032946385, 0.00143915310036, 0.0007662375574, 0.000524312723428, 0.000251143967034, 0.000101155259472, 0.000103811653389, 7.4681804108e-05, 4.62231400888e-05, 3.22405721818e-05, 1.31948208946e-05, 2.22545641009e-05, 9.9592607512e-06, 1.36468579512e-05, 1.15703078336e-05, 5.5205409808e-06, 9.93582375486e-07, 5.66927064938e-06, 3.58222200703e-06, 1.07544121875e-06, 1.61122511599e-06, 6.08468610608e-07, 7.29925943688e-07], "mean": [0.000271846743999, 0.000573186203837, 0.000250085460721, 0.000183074560482, 0.00025319919223, 0.000292489101412, 0.000313478172757, 0.000290729949484, 0.00023986697488, 0.000177278154297, 0.000247238524025, 0.000162497439305, 0.000160921394126, 0.000405599595979, 0.000279868749203, 0.000200890237466, 9.06457134988e-05, 6.32290830254e-05, 1.44847244883e-05, 1.76461708179e-05, 1.37446113513e-05, 8.45901740831e-06, 3.6914532302e-06, 3.37879032486e-06, 3.73201874027e-06, 2.77665162685e-06, 1.62806861681e-06, 8.27283429317e-07, 7.5291484336e-07, 3.89225448316e-07, 3.10388088565e-07, 1.73121620151e-07, 7.22060562452e-08, 4.33333049443e-08, 2.68407678305e-08, 1.82098229828e-08, 1.29288864059e-08, 1.15174598747e-08, 7.24175430733e-09, 6.28634166944e-09], "median": [3.49728179572e-05, 8.29012424219e-05, 8.96634883247e-05, 7.57197994972e-05, 9.78181706159e-05, 0.000139434429002, 0.000127117178636, 0.000117038332974, 0.000107978310552, 6.61637604935e-05, 5.74675650569e-05, 3.28476417053e-05, 3.88051412301e-05, 6.68571083224e-05, 1.93023606698e-05, 1.59514074767e-05, 1.66392965184e-05, 9.115757166e-06, 2.67835093837e-06, 4.10701431974e-06, 3.82416510547e-06, 2.346895144e-06, 1.77799802259e-06, 1.30242460727e-06, 1.36653306981e-06, 1.08292556433e-06, 5.44962574622e-07, 3.2122744642e-07, 2.30935228274e-07, 9.58805870255e-08, 8.131816287e-08, 4.58729303432e-08, 1.61575464119e-08, 1.36823636865e-08, 7.50186046616e-09, 5.14850828637e-09, 3.54091067578e-09, 3.36019256864e-09, 1.68417002566e-09, 1.24991927919e-09], "min": [1.95530179969e-24, 2.08000039563e-24, 2.88684496291e-24, 3.98002099245e-24, 8.58518900874e-25, 3.52519179906e-24, 6.18372523043e-24, 3.59916841374e-24, 1.70746221365e-24, 3.64718440489e-24, 1.81643900897e-24, 4.05955789322e-24, 6.28511752258e-24, 1.85000977365e-24, 4.51536764071e-24, 4.54055912486e-24, 6.23640970041e-24, 4.06177656451e-24, 5.31801665127e-24, 5.70389387951e-24, 6.79689971231e-24, 3.31588885711e-24, 3.11235091064e-24, 5.36006727625e-24, 3.94017168382e-24, 4.3139868344e-24, 6.34240026278e-24, 5.01209205349e-24, 6.48216038277e-24, 5.88693445864e-24, 6.32863503441e-24, 4.97643041297e-24, 6.56680831335e-24, 6.49643403199e-24, 7.97196877293e-24, 6.4202190245e-24, 6.77690366608e-24, 6.00914755109e-24, 7.04438746638e-24, 7.57033365367e-24], "var": [7.07789013177e-07, 3.19429454976e-06, 2.09547224017e-07, 1.03525778172e-07, 5.45493662685e-07, 4.2113993004e-07, 4.19484990744e-07, 2.62696886466e-07, 2.09224026548e-07, 1.06850002624e-07, 3.67727295725e-07, 1.38695739338e-07, 1.05845913367e-07, 7.92684033968e-07, 8.73880310337e-07, 3.62185488711e-07, 6.94428052839e-08, 4.55699336044e-08, 2.33540609074e-09, 2.56391508024e-09, 1.00786778923e-09, 2.74379380327e-10, 3.26415804108e-11, 3.75419487164e-11, 3.80767431474e-11, 1.83859854425e-11, 9.73557692796e-12, 1.68242351474e-12, 2.03462290418e-12, 7.56616774442e-13, 4.42246770888e-13, 2.48496400323e-13, 5.00738332905e-14, 5.28184250216e-15, 1.38604668311e-14, 5.56229045232e-15, 1.20907664001e-15, 1.10839279818e-15, 4.42890869988e-16, 5.08818567707e-16]}, "mfcc": {"mean": [-737.68347168, 185.81729126, -44.2252502441, 6.37920618057, -15.1311779022, -4.78450679779, 2.66494226456, -4.59644699097, -6.33077573776, -3.33666181564, 0.319180071354, 2.61432957649, 0.354720413685], "cov": [[8822.2109375, 1671.9876709, -733.23614502, 650.76184082, -107.84286499, 321.040740967, 141.208068848, 253.475631714, 92.7355880737, 25.8458766937, 17.0021362305, 185.465118408, 260.729309082], [1671.9876709, 1193.828125, -272.847473145, -44.7520561218, -22.6211204529, -75.1094818115, -17.7543506622, -42.7764930725, -23.3260974884, 11.8861656189, -8.82517242432, -22.0151233673, -18.4523296356], [-733.23614502, -272.847473145, 516.085266113, -15.2445964813, 66.7959899902, 71.2605667114, 63.2069816589, 168.885940552, 36.8394088745, 0.651941537857, -9.56824207306, 11.8181810379, 63.5695419312], [650.76184082, -44.7520561218, -15.2445964813, 394.918426514, -6.00179815292, 18.4233455658, 35.3920822144, 25.7157649994, 110.255615234, -1.73468327522, -48.0567207336, 26.6445388794, 42.1857833862], [-107.84286499, -22.6211204529, 66.7959899902, -6.00179815292, 138.804519653, 70.5630187988, 15.2317457199, 16.3481750488, 7.53653335571, 29.8944129944, 18.4050636292, 0.146609023213, -9.41808795929], [321.040740967, -75.1094818115, 71.2605667114, 18.4233455658, 70.5630187988, 194.905487061, 78.2345046997, 32.7210197449, 6.00382661819, 28.8907222748, 54.3237571716, 46.0533599854, 7.14552164078], [141.208068848, -17.7543506622, 63.2069816589, 35.3920822144, 15.2317457199, 78.2345046997, 151.923248291, 79.6964263916, 19.4693832397, -17.1930503845, 17.6199436188, 53.2086791992, 38.9558372498], [253.475631714, -42.7764930725, 168.885940552, 25.7157649994, 16.3481750488, 32.7210197449, 79.6964263916, 238.190658569, 62.3650627136, -21.0793704987, -33.3136062622, 16.6730880737, 87.5584411621], [92.7355880737, -23.3260974884, 36.8394088745, 110.255615234, 7.53653335571, 6.00382661819, 19.4693832397, 62.3650627136, 185.240097046, 40.2859039307, -48.7427520752, 10.4326467514, -1.34985768795], [25.8458766937, 11.8861656189, 0.651941537857, -1.73468327522, 29.8944129944, 28.8907222748, -17.1930503845, -21.0793704987, 40.2859039307, 96.781791687, 28.7326698303, -8.07706260681, -33.5017166138], [17.0021362305, -8.82517242432, -9.56824207306, -48.0567207336, 18.4050636292, 54.3237571716, 17.6199436188, -33.3136062622, -48.7427520752, 28.7326698303, 124.351844788, 45.1590194702, -16.1774787903], [185.465118408, -22.0151233673, 11.8181810379, 26.6445388794, 0.146609023213, 46.0533599854, 53.2086791992, 16.6730880737, 10.4326467514, -8.07706260681, 45.1590194702, 117.949417114, 37.1158103943], [260.729309082, -18.4523296356, 63.5695419312, 42.1857833862, -9.41808795929, 7.14552164078, 38.9558372498, 87.5584411621, -1.34985768795, -33.5017166138, -16.1774787903, 37.1158103943, 161.102310181]], "icov": [[0.0003880460863, -0.000520951754879, 0.000593459757511, -0.000646099913865, 0.000564428453799, -0.00121458014473, 0.000621686398517, -0.000912979419809, 0.000357294688001, -0.000255749502685, 8.55580874486e-05, -0.000287746050162, -0.000295239820844], [-0.000520951754879, 0.00170021504164, -0.000171752501046, 0.00100235361606, -0.000970895518549, 0.00202800589614, -0.00113912718371, 0.00097240874311, -0.000320382590871, -7.11812608643e-05, 2.63549100055e-05, 0.000422190205427, 0.000331284245476], [0.000593459757511, -0.000171752501046, 0.00402073049918, -0.000640623387881, -0.000145837038872, -0.00207791547291, 0.00082791375462, -0.00330402469262, 0.000611132360063, -0.000719283998478, 0.000310754345264, -0.000300226267427, -0.000763843010645], [-0.000646099913865, 0.00100235361606, -0.000640623387881, 0.00449210358784, -0.000902004656382, 0.00152772478759, -0.00151587277651, 0.00229721120559, -0.00277977529913, 0.00096988142468, 0.000659339071717, 0.000258697604295, -0.000580503488891], [0.000564428453799, -0.000970895518549, -0.000145837038872, -0.000902004656382, 0.0105687594041, -0.00522194942459, 0.00153349584434, -0.00149627542123, 0.000760435883421, -0.00214901892468, 0.000265692855464, 0.000358715304174, 6.44504107186e-05], [-0.00121458014473, 0.00202800589614, -0.00207791547291, 0.00152772478759, -0.00522194942459, 0.0132038267329, -0.00587789155543, 0.00271231145598, -0.000393594818888, -0.00144013669342, -0.00224258098751, -0.000318244769005, 0.00121947110165], [0.000621686398517, -0.00113912718371, 0.00082791375462, -0.00151587277651, 0.00153349584434, -0.00587789155543, 0.0125722093508, -0.00439715664834, 6.00837120146e-05, 0.00233639148064, -0.000686892599333, -0.00320349819958, -0.000210799727938], [-0.000912979419809, 0.00097240874311, -0.00330402469262, 0.00229721120559, -0.00149627542123, 0.00271231145598, -0.00439715664834, 0.0107294544578, -0.0038538412191, 0.00216133799404, 0.000235612227698, 0.00209567835554, -0.00272676278837], [0.000357294688001, -0.000320382590871, 0.000611132360063, -0.00277977529913, 0.000760435883421, -0.000393594818888, 6.00837120146e-05, -0.0038538412191, 0.011130082421, -0.00689374655485, 0.00543485442176, -0.00356388301589, 0.00204024976119], [-0.000255749502685, -7.11812608643e-05, -0.000719283998478, 0.00096988142468, -0.00214901892468, -0.00144013669342, 0.00233639148064, 0.00216133799404, -0.00689374655485, 0.0177605189383, -0.00641347421333, 0.00346866669133, 0.000826647097711], [8.55580874486e-05, 2.63549100055e-05, 0.000310754345264, 0.000659339071717, 0.000265692855464, -0.00224258098751, -0.000686892599333, 0.000235612227698, 0.00543485442176, -0.00641347421333, 0.0155856031924, -0.00651720585302, 0.00150069815572], [-0.000287746050162, 0.000422190205427, -0.000300226267427, 0.000258697604295, 0.000358715304174, -0.000318244769005, -0.00320349819958, 0.00209567835554, -0.00356388301589, 0.00346866669133, -0.00651720585302, 0.0142490724102, -0.00301028019749], [-0.000295239820844, 0.000331284245476, -0.000763843010645, -0.000580503488891, 6.44504107186e-05, 0.00121947110165, -0.000210799727938, -0.00272676278837, 0.00204024976119, 0.000826647097711, 0.00150069815572, -0.00301028019749, 0.0096922731027]]}, "spectral_contrast_coeffs": {"dmean": [0.0337933525443, 0.0338886491954, 0.03126725927, 0.0274185147136, 0.0183709021658, 0.0188967306167], "dmean2": [0.0557362176478, 0.0535301752388, 0.047643058002, 0.0432505905628, 0.0310063511133, 0.0314246974885], "dvar": [0.000826028001029, 0.00074518006295, 0.000629301881418, 0.000492316146847, 0.00020739986212, 0.000283075933112], "dvar2": [0.00232149520889, 0.00197211536579, 0.00147819204722, 0.00119569175877, 0.000568829127587, 0.000805425748695], "max": [-0.282445847988, -0.394015729427, -0.427068978548, -0.42564573884, -0.601707994938, -0.386865347624], "mean": [-0.635400116444, -0.712522685528, -0.686064362526, -0.685211122036, -0.749514758587, -0.723584353924], "median": [-0.638921678066, -0.711630761623, -0.685538053513, -0.683521032333, -0.741135597229, -0.737933754921], "min": [-0.9768217206, -0.979309082031, -0.978243231773, -0.969375908375, -0.966395378113, -0.963550448418], "var": [0.00729548465461, 0.0054595596157, 0.00738620758057, 0.00833696685731, 0.00282426760532, 0.0048764902167]}, "spectral_contrast_valleys": {"dmean": [0.31445813179, 0.250853598118, 0.224002480507, 0.184791386127, 0.138305902481, 0.257564842701], "dmean2": [0.525142729282, 0.41381201148, 0.365815937519, 0.308827131987, 0.233662828803, 0.410797