{"lowlevel": {"average_loudness": 0.978367388248, "barkbands_crest": {"dmean": 1.89872848988, "dmean2": 2.85073423386, "dvar": 4.1950044632, "dvar2": 10.8508224487, "max": 20.2466983795, "mean": 14.4715023041, "median": 15.0148973465, "min": 4.6563501358, "var": 8.94195842743}, "barkbands_flatness_db": {"dmean": 0.0220644138753, "dmean2": 0.0351184718311, "dvar": 0.00066141388379, "dvar2": 0.0017222907627, "max": 0.389847248793, "mean": 0.272180080414, "median": 0.276683390141, "min": 0.0624281689525, "var": 0.00172934751026}, "barkbands_kurtosis": {"dmean": 3.96355676651, "dmean2": 6.12009000778, "dvar": 17.1574954987, "dvar2": 41.7777633667, "max": 65.8643798828, "mean": 10.5636043549, "median": 8.42151451111, "min": -1.50119423866, "var": 67.9341659546}, "barkbands_skewness": {"dmean": 0.525095462799, "dmean2": 0.773558139801, "dvar": 0.21939663589, "dvar2": 0.499078780413, "max": 6.10949468613, "mean": 2.78874516487, "median": 2.76220798492, "min": -1.86318159103, "var": 1.09298849106}, "barkbands_spread": {"dmean": 2.18914198875, "dmean2": 3.52405619621, "dvar": 5.40753650665, "dvar2": 12.9755067825, "max": 53.8545951843, "mean": 7.88371276855, "median": 6.95957756042, "min": 1.52959918976, "var": 20.3240242004}, "dissonance": {"dmean": 0.0333863943815, "dmean2": 0.0557419173419, "dvar": 0.000710658729076, "dvar2": 0.00197169254534, "max": 0.493928670883, "mean": 0.419729650021, "median": 0.421868443489, "min": 0.244037345052, "var": 0.00135048211087}, "dynamic_complexity": 2.42172122002, "erbbands_crest": {"dmean": 2.62945127487, "dmean2": 4.40199756622, "dvar": 6.20830392838, "dvar2": 17.6842308044, "max": 23.2170848846, "mean": 9.68681907654, "median": 8.97224235535, "min": 3.18830323219, "var": 12.2805223465}, "erbbands_flatness_db": {"dmean": 0.0146403582767, "dmean2": 0.0238673612475, "dvar": 0.000249311939115, "dvar2": 0.000640311453026, "max": 0.343764156103, "mean": 0.217108950019, "median": 0.216292515397, "min": 0.107854612172, "var": 0.000839259126224}, "erbbands_kurtosis": {"dmean": 0.615139663219, "dmean2": 1.00095450878, "dvar": 0.657408058643, "dvar2": 1.73269248009, "max": 9.35209941864, "mean": -0.28025239706, "median": -0.485535860062, "min": -1.60331141949, "var": 0.84828722477}, "erbbands_skewness": {"dmean": 0.375212222338, "dmean2": 0.582130849361, "dvar": 0.103686131537, "dvar2": 0.261610478163, "max": 2.83076620102, "mean": 0.0563487075269, "median": 0.0126178683713, "min": -1.87227737904, "var": 0.361071914434}, "erbbands_spread": {"dmean": 4.99908447266, "dmean2": 7.7720913887, "dvar": 21.5792675018, "dvar2": 52.9538993835, "max": 62.7147598267, "mean": 31.4124889374, "median": 31.0855541229, "min": 6.36575889587, "var": 74.402885437}, "hfc": {"dmean": 3.65430736542, "dmean2": 5.4785284996, "dvar": 20.6506690979, "dvar2": 49.0058517456, "max": 53.766834259, "mean": 16.7177734375, "median": 15.8759851456, "min": 1.1113191382e-16, "var": 56.4617271423}, "melbands_crest": {"dmean": 1.61747515202, "dmean2": 2.18500566483, "dvar": 3.16257548332, "dvar2": 6.54973077774, "max": 24.7190361023, "mean": 18.4136657715, "median": 18.9776191711, "min": 2.38261890411, "var": 11.9295148849}, "melbands_flatness_db": {"dmean": 0.0263802725822, "dmean2": 0.0418409928679, "dvar": 0.00105020892806, "dvar2": 0.00265234592371, "max": 0.507073521614, "mean": 0.373603880405, "median": 0.383364796638, "min": 0.00820091180503, "var": 0.00372520298697}, "melbands_kurtosis": {"dmean": 7.87735176086, "dmean2": 11.6669931412, "dvar": 63.6330986023, "dvar2": 140.296157837, "max": 101.729492188, "mean": 24.1061382294, "median": 20.2298431396, "min": -1.37701630592, "var": 268.729370117}, "melbands_skewness": {"dmean": 0.691896796227, "dmean2": 1.00950336456, "dvar": 0.389001458883, "dvar2": 0.832604527473, "max": 8.49075984955, "mean": 3.96291446686, "median": 3.93859434128, "min": -0.256550520658, "var": 1.9692709446}, "melbands_spread": {"dmean": 2.21364378929, "dmean2": 3.44313526154, "dvar": 19.464427948, "dvar2": 30.320274353, "max": 118.750709534, "mean": 7.21523427963, "median": 5.58646917343, "min": 1.091750741, "var": 56.2813339233}, "pitch_salience": {"dmean": 0.0599713213742, "dmean2": 0.0848377496004, "dvar": 0.0034089339897, "dvar2": 0.00881294067949, "max": 0.848650574684, "mean": 0.369890719652, "median": 0.359344661236, "min": 0.152379617095, "var": 0.010275089182}, "silence_rate_20dB": {"dmean": 0, "dmean2": 0, "dvar": 0, "dvar2": 0, "max": 1, "mean": 1, "median": 1, "min": 1, "var": 0}, "silence_rate_30dB": {"dmean": 0.147985354066, "dmean2": 0.296187669039, "dvar": 0.126083776355, "dvar2": 0.277378261089, "max": 1, "mean": 0.765739381313, "median": 1, "min": 0, "var": 0.179378911853}, "silence_rate_60dB": {"dmean": 0.00146520149428, "dmean2": 0.00219941348769, "dvar": 0.0014630536316, "dvar2": 0.00219457992353, "max": 1, "mean": 0.054904833436, "median": 0, "min": 0, "var": 0.0518902875483}, "spectral_centroid": {"dmean": 110.519561768, "dmean2": 177.567687988, "dvar": 89723.84375, "dvar2": 107902.851562, "max": 10837.1289062, "mean": 592.968139648, "median": 510.069213867, "min": 185.262557983, "var": 164063.359375}, "spectral_complexity": {"dmean": 1.83003664017, "dmean2": 3.1568915844, "dvar": 5.32349777222, "dvar2": 15.0883817673, "max": 29, "mean": 13.0673503876, "median": 13, "min": 0, "var": 13.8095464706}, "spectral_decrease": {"dmean": 3.93301391455e-09, "dmean2": 5.4807709482e-09, "dvar": 1.91758300004e-17, "dvar2": 4.84285462764e-17, "max": -3.07966911093e-29, "mean": -2.2202989669e-08, "median": -2.30639010113e-08, "min": -5.40574767172e-08, "var": 6.61308334249e-17}, "spectral_energy": {"dmean": 0.015077393502, "dmean2": 0.0210420172662, "dvar": 0.000279811851215, "dvar2": 0.000703287660144, "max": 0.20686738193, "mean": 0.0853154212236, "median": 0.088634327054, "min": 1.0196220818e-20, "var": 0.000973853573669}, "spectral_energyband_high": {"dmean": 7.26616417523e-05, "dmean2": 0.000128939835122, "dvar": 3.54702187622e-08, "dvar2": 9.64176720686e-08, "max": 0.00122341490351, "mean": 9.00338345673e-05, "median": 3.34078831656e-05, "min": 7.71512730577e-21, "var": 3.02180218625e-08}, "spectral_energyband_low": {"dmean": 0.0128576708958, "dmean2": 0.0176223926246, "dvar": 0.000249397766311, "dvar2": 0.000665299594402, "max": 0.157259255648, "mean": 0.066594786942, "median": 0.0698134303093, "min": 3.25945366906e-23, "var": 0.000671868911013}, "spectral_energyband_middle_high": {"dmean": 0.00139435892925, "dmean2": 0.00225870218128, "dvar": 2.38881762016e-06, "dvar2": 6.11396944805e-06, "max": 0.0132932551205, "mean": 0.00379151268862, "median": 0.00338682509027, "min": 1.51293141474e-21, "var": 6.16551005805e-06}, "spectral_energyband_middle_low": {"dmean": 0.00559891201556, "dmean2": 0.00842936616391, "dvar": 9.59221943049e-05, "dvar2": 0.000216656044358, "max": 0.0839071422815, "mean": 0.0162675790489, "median": 0.0126776080579, "min": 2.55188248198e-22, "var": 0.000172981424839}, "spectral_entropy": {"dmean": 0.190242171288, "dmean2": 0.320380657911, "dvar": 0.083817474544, "dvar2": 0.215807691216, "max": 9.80937767029, "mean": 6.47878026962, "median": 6.42427253723, "min": 5.73169898987, "var": 0.115179128945}, "spectral_flux": {"dmean": 0.0278864298016, "dmean2": 0.0457710549235, "dvar": 0.000899631006178, "dvar2": 0.00225712941028, "max": 0.298586755991, "mean": 0.0776229426265, "median": 0.0687611103058, "min": 1.00976338402e-10, "var": 0.00216939067468}, "spectral_kurtosis": {"dmean": 6.57134914398, "dmean2": 11.4621562958, "dvar": 36.2425613403, "dvar2": 103.345993042, "max": 63.4428405762, "mean": 14.2432479858, "median": 12.7514476776, "min": -1.218141675, "var": 66.456199646}, "spectral_rms": {"dmean": 0.000800610287115, "dmean2": 0.00111053325236, "dvar": 8.08036759281e-07, "dvar2": 1.96008068087e-06, "max": 0.0142064010724, "mean": 0.0087957540527, "median": 0.00929906032979, "min": 3.15397100797e-12, "var": 5.86925261814e-06}, "spectral_rolloff": {"dmean": 129.877304077, "dmean2": 198.850189209, "dvar": 351994.21875, "dvar2": 385569.46875, "max": 19229.1503906, "mean": 406.939819336, "median": 258.3984375, "min": 107.666015625, "var": 894473.1875}, "spectral_skewness": {"dmean": 0.55123513937, "dmean2": 0.944407165051, "dvar": 0.262183725834, "dvar2": 0.736844301224, "max": 5.85831737518, "mean": 2.66661643982, "median": 2.63620853424, "min": 0.014494581148, "var": 0.493636935949}, "spectral_spread": {"dmean": 353870.5, "dmean2": 577281.5, "dvar": 1141613527040.0, "dvar2": 1295026094080.0, "max": 40869740, "mean": 2505340.25, "median": 2333367, "min": 1131469.25, "var": 1702931988480.0}, "spectral_strongpeak": {"dmean": 0.141795739532, "dmean2": 0.244579598308, "dvar": 0.0311700422317, "dvar2": 0.0676146000624, "max": 1.41300451756, "mean": 0.546193361282, "median": 0.581297338009, "min": 1.03339503621e-09, "var": 0.0514079332352}, "zerocrossingrate": {"dmean": 0.00368732819334, "dmean2": 0.00459643034264, "dvar": 0.000144618199556, "dvar2": 9.35660282266e-05, "max": 0.4912109375, "mean": 0.0201042480767, "median": 0.015625, "min": 0.00341796875, "var": 0.000661975529511}, "barkbands": {"dmean": [0.000114931463031, 0.0109711075202, 0.00284561212175, 0.000790771737229, 0.00313709792681, 0.00248409318738, 0.000844106543809, 0.000248152355198, 0.000455353292637, 0.000426875136327, 0.000362687482266, 0.000425562961027, 0.000148594423081, 0.000564713031054, 0.000386211730074, 4.18558920501e-05, 0.00012638620683, 2.93255561701e-05, 2.53080233961e-05, 3.78991535399e-05, 3.74062292394e-05, 9.07234698388e-06, 3.80547339773e-06, 5.50690856471e-06, 1.15134696443e-06, 1.78813820639e-07, 3.6918684998e-08], "dmean2": [0.000171534993569, 0.015256033279, 0.0034845629707, 0.00111854786519, 0.00520027941093, 0.00354786007665, 0.00125288916752, 0.000401317491196, 0.000634447729681, 0.000593788514379, 0.000578676932491, 0.000696954957675, 0.000229371740716, 0.000905486871488, 0.000655645271763, 7.40043833503e-05, 0.000219007852138, 5.15490173711e-05, 4.46302437922e-05, 6.47884808131e-05, 6.88009822625e-05, 1.6560066797e-05, 6.32499586573e-06, 8.97906284081e-06, 1.88539411283e-06, 2.76007483535e-07, 6.14484676476e-08], "dvar": [6.74920244137e-08, 0.000189059399418, 1.01865853139e-05, 2.28786416301e-06, 5.17237713211e-05, 1.68682054209e-05, 2.09129370887e-06, 2.86190982024e-07, 6.47160561584e-07, 3.90100325376e-07, 4.32889351032e-07, 2.82338021407e-07, 1.20324472164e-07, 6.20347236691e-07, 4.68509114171e-07, 4.33299618408e-09, 5.19709821845e-08, 2.9829767545e-09, 6.02494987234e-09, 1.24331833717e-08, 1.10457225588e-08, 6.87041701308e-10, 2.42373482395e-10, 5.44138123448e-10, 1.2785413353e-11, 4.04371929821e-13, 3.09021268318e-14], "dvar2": [1.53965629579e-07, 0.00051006313879, 1.95473185158e-05, 5.73887200517e-06, 0.000144286517752, 3.32076997438e-05, 5.52301435164e-06, 8.26878761018e-07, 1.23977406474e-06, 6.99058148257e-07, 1.06880941075e-06, 6.91410605214e-07, 2.6057708169e-07, 1.50978871716e-06, 1.33737637498e-06, 1.28956161305e-08, 1.41546180998e-07, 8.25417512118e-09, 1.63935247599e-08, 3.05863920858e-08, 3.06291632057e-08, 1.89428606134e-09, 6.23887941309e-10, 1.41004830034e-09, 3.30116212144e-11, 8.88000827384e-13, 7.12628130876e-14], "max": [0.00391736021265, 0.108848907053, 0.0479524917901, 0.0153412092477, 0.0590199679136, 0.0388216152787, 0.0147160394117, 0.00500741042197, 0.0141223389655, 0.00828848872334, 0.00808800850064, 0.00484643131495, 0.0045408657752, 0.00783450994641, 0.00829021632671, 0.000660211662762, 0.00403749849647, 0.000476911372971, 0.00156656478066, 0.00147884327453, 0.000831908779219, 0.000436078174971, 0.000333515868988, 0.000254576734733, 5.32118028786e-05, 1.4099648979e-05, 4.69851647722e-06], "mean": [0.000958580989391, 0.0465761944652, 0.0179317016155, 0.00219136569649, 0.00575319724157, 0.00452519347891, 0.00169077620376, 0.000350926391548, 0.00112225895282, 0.000822282629088, 0.000488268997287, 0.000560696294997, 0.000334737909725, 0.000910514732823, 0.000648064480629, 5.86723617744e-05, 0.000207573408261, 3.75352901756e-05, 3.5128708987e-05, 4.43433382316e-05, 4.37709568359e-05, 9.13234453037e-06, 5.28350392415e-06, 7.08506377123e-06, 1.88025842363e-06, 3.73522595964e-07, 7.14598300533e-08], "median": [0.000745296827517, 0.0488930642605, 0.0187313761562, 0.000980675569735, 0.00377210509032, 0.00250762794167, 0.00114515121095, 0.00023044279078, 0.000383681122912, 0.000437385693658, 0.000113269576104, 0.000332357973093, 3.96577233914e-05, 0.000424328492954, 0.000258724088781, 2.44909660978e-05, 8.54567115312e-05, 2.30988553085e-05, 1.48410963448e-05, 1.03063775896e-05, 1.02678750409e-05, 3.1711556403e-06, 1.34165304644e-06, 1.6026533558e-06, 5.07212462253e-07, 7.64721619362e-08, 1.70980047898e-08], "min": [1.63811226818e-23, 1.39495236281e-23, 1.02984797212e-23, 3.58254001472e-24, 4.01138357769e-23, 6.32564903812e-23, 1.321411436e-23, 5.29996199173e-23, 7.9505945867e-23, 3.18776546098e-23, 4.88533543777e-23, 1.25421588544e-22, 2.6180349691e-23, 8.33282356992e-23, 1.0260399512e-22, 3.51729298215e-22, 1.84036856811e-22, 1.79012342959e-22, 1.7293208078e-22, 3.57932370259e-22, 3.79823904089e-22, 4.88284503544e-22, 7.82484435239e-22, 7.67909163475e-22, 1.23508677842e-21, 1.80975748332e-21, 2.23876291424e-21], "var": [8.76052979493e-07, 0.000325543282088, 0.000108921725769, 6.89757416694e-06, 5.3604679124e-05, 3.28028327203e-05, 3.14598355544e-06, 2.25763798767e-07, 3.46838942278e-06, 1.24521784528e-06, 8.36374283608e-07, 4.50290343679e-07, 4.9027357818e-07, 1.46489469444e-06, 1.07904031665e-06, 6.91510049222e-09, 1.64232062616e-07, 2.59197729946e-09, 5.44443912176e-09, 1.41348222016e-08, 9.8896553169e-09, 5.78181336142e-10, 2.83199602658e-10, 5.47445810906e-10, 1.68694398728e-11, 1.81990728911e-12, 8.84786357678e-14]}, "erbbands": {"dmean": [0.185901835561, 3.12104105949, 4.93696832657, 2.3139872551, 3.58237242699, 10.9613256454, 21.8792629242, 23.319814682, 15.4326076508, 10.8737440109, 4.87854957581, 7.85067033768, 20.630241394, 7.53768157959, 13.1975421906, 21.0706119537, 7.45429563522, 31.3752498627, 23.9006671906, 5.30335426331, 4.95942354202, 4.29850721359, 1.81659245491, 0.992603540421, 1.69595086575, 1.74563908577, 2.11494517326, 0.782953858376, 0.316446125507, 0.228765532374, 0.107760407031, 0.135017558932, 0.0575829036534, 0.0222523622215, 0.00483117764816, 0.00109030632302, 0.000309646857204, 6.28351117484e-05, 1.21095636132e-05, 1.65733963513e-05], "dmean2": [0.246430158615, 4.24500656128, 6.14735269547, 2.85315346718, 5.31455135345, 17.987405777, 33.5834770203, 35.4664573669, 24.5751857758, 15.5910720825, 7.87605047226, 11.0179643631, 28.4429473877, 11.7003059387, 21.4287796021, 34.1688308716, 11.57862854, 50.3034210205, 40.2187690735, 9.01142406464, 8.71751689911, 7.51486539841, 3.23586606979, 1.74223506451, 2.97522568703, 2.95580434799, 3.91312932968, 1.40959012508, 0.576573133469, 0.401102423668, 0.174621015787, 0.214666485786, 0.10017862916, 0.0370467044413, 0.00821477733552, 0.00167773349676, 0.000476398126921, 0.000101343604911, 1.82944204425e-05, 2.31728590734e-05], "dvar": [0.0479406677186, 13.7607154846, 29.8308773041, 12.6438131332, 36.5106506348, 616.897949219, 2662.02539062, 1572.90185547, 739.492675781, 235.736373901, 119.691566467, 204.804733276, 721.512268066, 120.058288574, 544.874145508, 690.896362305, 203.619338989, 1955.33227539, 1685.83642578, 63.0874252319, 64.9501190186, 44.499206543, 13.2524938583, 5.00380516052, 18.3835372925, 27.4333610535, 40.72082901, 5.62080383301, 0.745175778866, 0.442020058632, 0.203560590744, 0.398198634386, 0.0950729623437, 0.00538753904402, 0.000161637479323, 1.07188307084e-05, 1.73691682903e-06, 6.5397998128e-08, 1.48548306989e-09, 3.41396744208e-10], "dvar2": [0.13267840445, 36.6664085388, 60.8227806091, 22.6939868927, 101.747184753, 1754.09973145, 6571.390625, 3569.4152832, 2058.47460938, 572.415893555, 336.471252441, 337.701934814, 1405.75476074, 296.766784668, 1406.43688965, 1669.54760742, 421.178894043, 4713.34960938, 4780.47070312, 174.060943604, 183.26210022, 120.892845154, 37.1095275879, 13.506187439, 49.5937194824, 62.5536499023, 113.319602966, 14.823223114, 2.10067200661, 1.1652328968, 0.52149951458, 0.988647997379, 0.26540350914, 0.0141168087721, 0.000427447928814, 2.49727327173e-05, 3.82285679734e-06, 1.42399841252e-07, 3.53658058394e-09, 8.47249326252e-10], "max": [2.86282992363, 29.2145500183, 61.4479370117, 54.5413322449, 77.8024215698, 235.736541748, 427.186584473, 359.399291992, 211.899108887, 207.045013428, 112.369377136, 392.483734131, 322.808624268, 115.22833252, 246.294876099, 252.310653687, 218.557281494, 418.613891602, 512.71661377, 129.433868408, 137.597625732, 100.704460144, 29.0563964844, 41.464138031, 72.512008667, 62.5637321472, 55.2618141174, 31.4679279327, 7.39803504944, 13.3739366531, 9.46304512024, 8.31272315979, 4.22303056717, 1.03379178047, 0.163896307349, 0.0683524608612, 0.0293946359307, 0.00642421189696, 0.00110412202775, 0.000257257634075], "mean": [0.898207724094, 11.7088241577, 26.5917510986, 9.75312614441, 9.97497844696, 21.0947952271, 32.4056739807, 38.8865852356, 28.6085891724, 19.9358577728, 8.60594749451, 21.5257568359, 41.2096672058, 13.9774618149, 18.1934394836, 29.7029590607, 17.4290370941, 53.8635597229, 41.9616470337, 9.65200519562, 8.54210948944, 6.89915180206, 2.33493494987, 1.49888122082, 2.26221227646, 2.33210635185, 2.32310914993, 0.967704117298, 0.32217118144, 0.281569927931, 0.151898816228, 0.186477720737, 0.0669077560306, 0.0316571593285, 0.00836084876209, 0.00223557883874, 0.000694168033078, 0.000126757484395, 5.1400209486e-05, 9.38126249821e-05], "median": [0.872065186501, 12.3584899902, 26.1086769104, 6.92721128464, 7.01699781418, 13.8742160797, 12.2240171432, 21.2455425262, 19.4892101288, 13.0570716858, 4.94942378998, 8.22186088562, 24.4350566864, 8.07316970825, 6.29359340668, 18.839756012, 6.14366912842, 25.8895874023, 19.1856040955, 4.76148891449, 4.92265129089, 3.50877523422, 1.49903726578, 0.944309830666, 0.909494102001, 0.675996780396, 0.497054219246, 0.276868999004, 0.112338602543, 0.0790804177523, 0.04651466012, 0.0380154848099, 0.0162587258965, 0.00816455855966, 0.00239982199855, 0.000625924789347, 0.000151707121404, 3.22919222526e-05, 4.44801262347e-05, 9.69401735347e-05], "min": [3.85039019358e-22, 3.21790807598e-21, 8.20881680656e-21, 1.75150744882e-20, 1.65281543134e-20, 1.40926993605e-19, 4.79269946178e-19, 5.35734483863e-19, 1.70101718433e-19, 6.98538931255e-19, 1.19570394771e-18, 1.98214208938e-18, 1.12495715447e-18, 1.12331778589e-18, 3.46191795402e-18, 4.78683133912e-18, 1.67885528381e-18, 3.56132686567e-18, 4.89932997038e-18, 1.02406804447e-17, 1.7950962456e-17, 1.26990074585e-17, 9.92600770478e-18, 7.27754330105e-18, 1.30271806131e-17, 1.55595601441e-17, 1.51070973121e-17, 1.74548575749e-17, 1.95454672376e-17, 1.53153681554e-17, 2.10708842401e-17, 1.54187872387e-17, 1.49797958702e-17, 1.01869790521e-17, 1.06921589317e-17, 6.88739529333e-18, 3.51403860442e-18, 1.27646324527e-18, 3.03639391304e-19, 3.36718537871e-20], "var": [0.228470936418, 24.5371017456, 161.017242432, 70.0474319458, 95.0616149902, 689.05657959, 3322.64135742, 2515.96606445, 934.763366699, 510.455169678, 129.570770264, 1551.73571777, 2163.37988281, 256.362548828, 882.534240723, 1142.89086914, 931.253173828, 4890.76904297, 4097.04589844, 143.687759399, 191.364120483, 115.33769989, 9.82601642609, 4.87539720535, 17.7174377441, 37.6823501587, 34.7513694763, 6.74992656708, 0.524712264538, 0.497935920954, 0.238781869411, 0.455866843462, 0.0691168606281, 0.00546483742073, 0.000319047423545, 4.58117501694e-05, 6.5296626417e-06, 2.25824436484e-07, 3.87823817505e-09, 1.19095133755e-09]}, "gfcc": {"mean": [-49.6412239075, 178.653533936, -110.161224365, 28.853761673, -28.8135585785, 13.9313650131, -19.9338264465, -6.39211845398, -4.29434728622, -0.638542413712, -0.0229119583964, -10.8760662079, 4.45331811905], "cov": [[11193.7080078, 2022.89208984, 1127.05969238, 1283.0880127, 716.257995605, 367.218048096, 392.880462646, -59.8245429993, 59.2743606567, 210.328842163, 386.228759766, -20.3566513062, 328.262481689], [2022.89208984, 1051.5958252, 196.651489258, 216.896514893, 348.801544189, -116.798454285, 247.122665405, -94.8183288574, 79.1865005493, -41.6790122986, 187.157562256, -27.4116840363, 57.7995414734], [1127.05969238, 196.651489258, 640.312805176, 210.211883545, 237.947555542, 173.446594238, 41.0560531616, 62.8200035095, 48.3891983032, 48.1908950806, 37.3179359436, 39.0805931091, 68.9921875], [1283.0880127, 216.896514893, 210.211883545, 337.7578125, 120.784591675, 3.78101110458, 86.8971328735, -40.4068450928, 30.4979286194, 16.224489212, 45.1562461853, 14.6135101318, 78.6167526245], [716.257995605, 348.801544189, 237.947555542, 120.784591675, 301.26574707, 41.7690048218, 86.477394104, -7.97476482391, 39.2912025452, -8.60830497742, 34.5595779419, 15.1803541183, 53.5672111511], [367.218048096, -116.798454285, 173.446594238, 3.78101110458, 41.7690048218, 245.94581604, -12.8473138809, 53.4924964905, 7.08135318756, 28.4138698578, 4.05236625671, -8.24859714508, 14.649312973], [392.880462646, 247.122665405, 41.0560531616, 86.8971328735, 86.477394104, -12.8473138809, 185.273483276, -24.1266517639, 22.0896339417, -2.08635759354, 66.0631484985, -8.00581264496, -8.37264347076], [-59.8245429993, -94.8183288574, 62.8200035095, -40.4068450928, -7.97476482391, 53.4924964905, -24.1266517639, 105.915809631, 8.93508625031, 2.32300925255, -15.7671985626, 8.85744380951, -9.54562473297], [59.2743606567, 79.1865005493, 48.3891983032, 30.4979286194, 39.2912025452, 7.08135318756, 22.0896339417, 8.93508625031, 88.260017395, 2.15278601646, 21.7706794739, 5.26042556763, 9.21625137329], [210.328842163, -41.6790122986, 48.1908950806, 16.224489212, -8.60830497742, 28.4138698578, -2.08635759354, 2.32300925255, 2.15278601646, 93.6406326294, 10.1128387451, -27.5860099792, 10.8472595215], [386.228759766, 187.157562256, 37.3179359436, 45.1562461853, 34.5595779419, 4.05236625671, 66.0631484985, -15.7671985626, 21.7706794739, 10.1128387451, 136.631256104, -6.09353876114, -25.3812522888], [-20.3566513062, -27.4116840363, 39.0805931091, 14.6135101318, 15.1803541183, -8.24859714508, -8.00581264496, 8.85744380951, 5.26042556763, -27.5860099792, -6.09353876114, 131.107818604, 10.8534402847], [328.262481689, 57.7995414734, 68.9921875, 78.6167526245, 53.5672111511, 14.649312973, -8.37264347076, -9.54562473297, 9.21625137329, 10.8472595215, -25.3812522888, 10.8534402847, 133.466964722]], "icov": [[0.000698590592947, -0.00248544546776, 0.00059155508643, -0.00269006285816, 0.00122495414689, -0.00231688423082, 0.00145786243957, -0.00139755627606, 0.00155283161439, -0.0021350721363, 0.00105586380232, -0.000914942938834, 0.000732575776055], [-0.00248544546776, 0.0124108474702, -0.00269447895698, 0.00996993109584, -0.00720754079521, 0.0104834521189, -0.00704714423046, 0.00615395745263, -0.00625009369105, 0.00941123906523, -0.00714975455776, 0.00478554610163, -0.00408347370103], [0.00059155508643, -0.00269447895698, 0.00438406085595, -0.00421929499134, -0.000794377236161, -0.00396579224616, 0.00234505021945, -0.00338818365708, 0.00128625251818, -0.0036608770024, 0.00120877963491, -0.00195747124963, 0.0011876943754], [-0.00269006285816, 0.00996993109584, -0.00421929499134, 0.0158213768154, -0.00468380423263, 0.00996103230864, -0.00760179106146, 0.00762259028852, -0.00645410781726, 0.00850523170084, -0.00514673162252, 0.00361575256102, -0.00550320325419], [0.00122495414689, -0.00720754079521, -0.000794377236161, -0.00468380423263, 0.0105601949617, -0.00574315758422, 0.00180761120282, -0.00213780929334, 0.00226636603475, -0.00330595648848, 0.00447280472144, -0.00253193732351, 0.000799276458565], [-0.00231688423082, 0.0104834521189, -0.00396579224616, 0.00996103230864, -0.00574315758422, 0.0147933950648, -0.00579775404185, 0.00364123075269, -0.00524596171454, 0.00756312254816, -0.00601230375469, 0.00474175438285, -0.00386234861799], [0.00145786243957, -0.00704714423046, 0.00234505021945, -0.00760179106146, 0.00180761120282, -0.00579775404185, 0.0122414184734, -0.00334977521561, 0.00315897236578, -0.0053244442679, 0.00131444085855, -0.00220073130913, 0.00381449679844], [-0.00139755627606, 0.00615395745263, -0.00338818365708, 0.00762259028852, -0.00213780929334, 0.00364123075269, -0.00334977521561, 0.0160933416337, -0.00514414068311, 0.00550997629762, -0.00188798399176, 0.00178916973528, -0.0011642036261], [0.00155283161439, -0.00625009369105, 0.00128625251818, -0.00645410781726, 0.00226636603475, -0.00524596171454, 0.00315897236578, -0.00514414068311, 0.0163868702948, -0.00524376006797, 0.00131351000164, -0.00258705881424, 0.00127551774494], [-0.0021350721363, 0.00941123906523, -0.0036608770024, 0.00850523170084, -0.00330595648848, 0.00756312254816, -0.0053244442679, 0.00550997629762, -0.00524376006797, 0.020421249792, -0.00604014098644, 0.00652819732204, -0.00436225300655], [0.00105586380232, -0.00714975455776, 0.00120877963491, -0.00514673162252, 0.00447280472144, -0.00601230375469, 0.00131444085855, -0.00188798399176, 0.00131351000164, -0.00604014098644, 0.0147604616359, -0.00287052756175, 0.00515892682597], [-0.000914942938834, 0.00478554610163, -0.00195747124963, 0.00361575256102, -0.00253193732351, 0.00474175438285, -0.00220073130913, 0.00178916973528, -0.00258705881424, 0.00652819732204, -0.00287052756175, 0.0105292815715, -0.00220847013406], [0.000732575776055, -0.00408347370103, 0.0011876943754, -0.00550320325419, 0.000799276458565, -0.00386234861799, 0.00381449679844, -0.0011642036261, 0.00127551774494, -0.00436225300655, 0.00515892682597, -0.00220847013406, 0.0117730312049]]}, "melbands": {"dmean": [0.00222303392366, 0.00328313256614, 0.000424922531238, 0.000402458128519, 0.000776999688242, 0.000505133648403, 0.000226461561397, 0.00010288759222, 3.88160187867e-05, 5.88672992308e-05, 0.000102932179288, 2.73551668215e-05, 5.37692831131e-05, 4.76038112538e-05, 3.04015011352e-05, 2.16398184421e-05, 6.47445267532e-05, 3.56567034032e-05, 1.65091514646e-05, 3.59172599929e-06, 8.14594932308e-06, 6.17928162683e-06, 2.27333862313e-06, 1.61743901117e-06, 6.9158778615e-07, 1.30741216253e-06, 1.22284245663e-06, 1.17024126212e-06, 1.3683478528e-06, 9.33951923798e-07, 3.49145096834e-07, 1.60677288363e-07, 1.90524886534e-07, 1.05867528077e-07, 7.27718543203e-08, 6.09067569712e-08, 9.34586665835e-08, 3.2824495122e-08, 3.1091996533e-08, 1.79352426244e-08], "dmean2": [0.00318366126157, 0.00429647834972, 0.000558285508305, 0.000645146763418, 0.00123583688401, 0.000760608469136, 0.000359107158147, 0.00014957782696, 6.10097995377e-05, 8.26386531116e-05, 0.000141744472785, 4.25417347287e-05, 8.52768862387e-05, 7.88796314737e-05, 4.79255140817e-05, 3.54534386133e-05, 0.000103184764157, 5.98042861384e-05, 2.79943797068e-05, 6.1895602812e-06, 1.42861308632e-05, 1.0690909221e-05, 4.09855829275e-06, 2.80526637653e-06, 1.22175572415e-06, 2.28530666391e-06, 2.06230674848e-06, 1.98625662051e-06, 2.56364387496e-06, 1.71213309841e-06, 6.12725273186e-07, 2.99494274714e-07, 3.39661767157e-07, 1.8192463358e-07, 1.19636624163e-07, 9.26758758624e-08, 1.50973832547e-07, 5.88144182245e-08, 5.386831603e-08, 2.9225544651e-08], "dvar": [9.45780357142e-06, 1.39251751534e-05, 3.94638817625e-07, 6.96910319675e-07, 3.46272668139e-06, 6.96646111464e-07, 1.54275198838e-07, 2.2303341396e-08, 7.07573555303e-09, 9.96695792566e-09, 1.79628223407e-08, 1.6994478047e-09, 9.20326659326e-09, 3.5125056197e-09, 1.49228007729e-09, 2.24888463407e-09, 8.42103897725e-09, 3.72981245889e-09, 7.20779824714e-10, 4.29460599027e-11, 1.98632305048e-10, 1.01438260569e-10, 2.49985050021e-11, 6.71484872913e-12, 2.39526671067e-12, 1.85077161929e-11, 1.65354674397e-11, 1.39762281609e-11, 1.93084853661e-11, 6.14888868988e-12, 1.97617638399e-12, 2.30335959724e-13, 4.61341089029e-13, 9.64992652843e-14, 1.4959736195e-13, 1.30970917705e-13, 2.58734358808e-13, 3.07330997131e-14, 2.90892662605e-14, 5.63385626603e-15], "dvar2": [2.56157109106e-05, 3.30915790983e-05, 8.52533219131e-07, 1.977140073e-06, 8.9002032837e-06, 1.5699757796e-06, 4.27792713253e-07, 5.54970895905e-08, 1.82748891575e-08, 1.85555268928e-08, 3.49075683914e-08, 4.06262357089e-09, 2.25415490718e-08, 8.89594797826e-09, 3.39280470385e-09, 5.40847011621e-09, 2.01620302676e-08, 1.04845589988e-08, 2.07248440631e-09, 1.15408030354e-10, 5.54346901716e-10, 2.7307928141e-10, 7.10859704434e-11, 1.83939165982e-11, 6.51095453594e-12, 4.97072868977e-11, 4.13888610884e-11, 2.8845831973e-11, 5.48264350586e-11, 1.72063578663e-11, 4.82091623566e-12, 6.61896102164e-13, 1.21782239241e-12, 2.53784542209e-13, 3.86573585642e-13, 2.99815023069e-13, 6.49077742509e-13, 8.66160984082e-14, 8.14869208893e-14, 1.41706774014e-14], "max": [0.0222112685442, 0.0371136702597, 0.00875917356461, 0.00945696048439, 0.0150177851319, 0.0077624307014, 0.00304560456425, 0.00186118122656, 0.00113826361485, 0.00211447407492, 0.00160285504535, 0.000473371706903, 0.00119545450434, 0.000506475742441, 0.000446059304522, 0.000633194460534, 0.000916697608773, 0.000780322938226, 0.000295888778055, 0.000113912399684, 0.000248539465247, 0.000168096186826, 4.68069156341e-05, 2.13695002458e-05, 2.78151965176e-05, 9.10598610062e-05, 7.45830111555e-05, 5.09718593094e-05, 3.16323930747e-05, 1.985421477e-05, 2.39095916186e-05, 3.52133724846e-06, 1.68547376234e-05, 5.26663416167e-06, 8.75913065101e-06, 7.60576858738e-06, 7.48080765334e-06, 2.4141772883e-06, 2.47169282375e-06, 1.34075412461e-06], "mean": [0.0105848684907, 0.0151609443128, 0.00185381202027, 0.000999803422019, 0.00118550343905, 0.000864627130795, 0.000422656914452, 0.000178145841346, 7.43236741982e-05, 0.000151704327436, 0.000203036106541, 4.84137526655e-05, 7.30446263333e-05, 6.07324436714e-05, 5.12281949341e-05, 4.42552918685e-05, 0.00010607810691, 6.25020620646e-05, 2.77584003925e-05, 5.38341009815e-06, 1.32086424856e-05, 9.73777514446e-06, 2.37090193878e-06, 2.14739816329e-06, 9.5340885764e-07, 1.65756819115e-06, 1.50039318214e-06, 1.57012630098e-06, 1.29755596845e-06, 1.09280563265e-06, 4.46481095651e-07, 1.36045969157e-07, 2.13754105971e-07, 1.34752184522e-07, 9.75017755422e-08, 8.00964343739e-08, 1.29743966681e-07, 3.57149403385e-08, 3.60346312789e-08, 2.53526906135e-08], "median": [0.0112458076328, 0.0151347890496, 0.00166681502014, 0.000812042038888, 0.000499013985973, 0.000492029939778, 0.000288937124424, 0.000113151676487, 3.18703641824e-05, 6.18393387413e-05, 0.000119046861073, 2.53424150287e-05, 1.71532410604e-05, 3.60715166607e-05, 2.76609534922e-05, 6.03372700425e-06, 4.80698654428e-05, 2.78613188129e-05, 1.2519512893e-05, 1.87251589523e-06, 6.68814118399e-06, 4.33235345554e-06, 7.79231868364e-07, 1.31964020511e-06, 5.08362518303e-07, 6.37831419681e-07, 4.46802289389e-07, 3.44423199294e-07, 2.49130835073e-07, 2.41386089783e-07, 7.60238236808e-08, 4.60885729581e-08, 5.9991336343e-08, 3.16654151788e-08, 2.51919853866e-08, 1.4683378069e-08, 2.03996162185e-08, 8.89122730996e-09, 6.03947780675e-09, 5.025036387e-09], "min": [4.49993712698e-24, 4.91977994479e-24, 2.91061472249e-24, 4.04303993472e-24, 1.57771265966e-23, 1.13395796897e-23, 2.43859309454e-24, 8.31581036455e-24, 1.05033705641e-23, 1.18031538007e-23, 5.33355799996e-24, 4.56689721833e-24, 8.25019606989e-24, 1.70312008657e-23, 5.43751527334e-24, 3.14653343696e-24, 7.08074922095e-24, 7.33126462318e-24, 8.48190739472e-24, 2.20123321008e-23, 1.80742169774e-23, 1.35014301235e-23, 1.09174010548e-23, 7.45415889702e-24, 5.29951312987e-24, 7.29750137643e-24, 1.30207172205e-23, 9.30721682921e-24, 8.97626522478e-24, 8.70242320559e-24, 1.14834592414e-23, 1.29406517829e-23, 6.32943375608e-24, 9.90236268396e-24, 1.16297929393e-23, 1.26119507987e-23, 8.24187832051e-24, 1.19173153843e-23, 8.38909475378e-24, 8.32851891373e-24], "var": [1.77204528882e-05, 3.87504842365e-05, 1.81365476237e-06, 1.01370631e-06, 3.98068459617e-06, 1.16173305287e-06, 1.97866839358e-07, 4.39319407519e-08, 1.5899779271e-08, 6.04427299322e-08, 5.39724993587e-08, 3.72376529612e-09, 1.83530630693e-08, 5.14545250851e-09, 4.03858724241e-09, 7.31371274654e-09, 2.03675281085e-08, 9.33640631473e-09, 1.56495572057e-09, 8.5434007091e-11, 6.02753236212e-10, 3.00745983672e-10, 2.05026828848e-11, 7.20884376498e-12, 2.38456758679e-12, 1.72897182682e-11, 1.86651145928e-11, 2.31255656985e-11, 1.40267285634e-11, 5.54532851929e-12, 3.23238419538e-12, 1.35005288199e-13, 5.33302839823e-13, 1.08028142638e-13, 1.72850584757e-13, 1.92737292055e-13, 2.85277335609e-13, 2.15716218488e-14, 2.12430916499e-14, 5.72771598691e-15]}, "mfcc": {"mean": [-697.734191895, 202.52532959, -0.825173139572, 29.9763202667, 14.6039428711, 20.39727211, 4.96817970276, 0.741968631744, 4.63172483444, 8.78941249847, -0.734008729458, 3.28103113174, 0.514544248581], "cov": [[6217.65429688, 1686.96520996, 334.096008301, 947.878479004, 291.03994751, 523.59979248, 269.790008545, 94.8094406128, 95.8583526611, 230.721481323, -82.4376296997, 5.79366922379, 89.1240768433], [1686.96520996, 1293.2545166, 4.69171571732, 374.291687012, 163.263977051, 173.118560791, 128.219970703, 91.1533737183, -3.54810476303, 83.1883621216, 6.14066457748, 39.6903266907, 47.4807739258], [334.096008301, 4.69171571732, 321.755371094, 44.8518562317, 153.24369812, 80.6742706299, 34.2926101685, 34.7695045471, 61.0906257629, 75.8149185181, -21.0685405731, -12.6192169189, 56.2671585083], [947.878479004, 374.291687012, 44.8518562317, 455.539916992, 42.8482055664, 116.457130432, 45.3198051453, 33.9488983154, 13.7790975571, 42.4086036682, -47.2166061401, -18.4845314026, 25.7474498749], [291.03994751, 163.263977051, 153.24369812, 42.8482055664, 257.592956543, 84.4213943481, 27.1902618408, 33.2552185059, 106.693397522, 21.9042663574, -56.443813324, 0.249177590013, 46.3202438354], [523.59979248, 173.118560791, 80.6742706299, 116.457130432, 84.4213943481, 173.796813965, 59.0119667053, 41.1486434937, 28.5212574005, 54.9279937744, -27.9102859497, 7.7254948616, 27.6265602112], [269.790008545, 128.219970703, 34.2926101685, 45.3198051453, 27.1902618408, 59.0119667053, 130.166381836, 26.1173992157, -6.81357097626, 49.2831726074, 17.9592170715, 20.1427688599, -2.45568370819], [94.8094406128, 91.1533737183, 34.7695045471, 33.9488983154, 33.2552185059, 41.1486434937, 26.1173992157, 147.38192749, 6.73319101334, -24.9586429596, 10.9104042053, 24.5767345428, 77.4230575562], [95.8583526611, -3.54810476303, 61.0906257629, 13.7790975571, 106.693397522, 28.5212574005, -6.81357097626, 6.73319101334, 184.839981079, -26.7952575684, -66.8244934082, -24.131023407, 8.20796298981], [230.721481323, 83.1883621216, 75.8149185181, 42.4086036682, 21.9042663574, 54.9279937744, 49.2831726074, -24.9586429596, -26.7952575684, 214.83644104, 0.443301171064, 7.28289604187, -56.8386230469], [-82.4376296997, 6.14066457748, -21.0685405731, -47.2166061401, -56.443813324, -27.9102859497, 17.9592170715, 10.9104042053, -66.8244934082, 0.443301171064, 141.882354736, 29.0082798004, 5.87183332443], [5.79366922379, 39.6903266907, -12.6192169189, -18.4845314026, 0.249177590013, 7.7254948616, 20.1427688599, 24.5767345428, -24.131023407, 7.28289604187, 29.0082798004, 93.2771148682, 27.0057926178], [89.1240768433, 47.4807739258, 56.2671585083, 25.7474498749, 46.3202438354, 27.6265602112, -2.45568370819, 77.4230575562, 8.20796298981, -56.8386230469, 5.87183332443, 27.0057926178, 156.195587158]], "icov": [[0.000349370006006, -0.000336544821039, -0.00031439770828, -0.000328106951201, 0.000252581347013, -0.000496954540722, -0.000103863341792, 0.000261759123532, -0.000135291702463, 6.74660477671e-05, -9.50783345388e-08, -2.90429579763e-05, -1.1404844372e-05], [-0.000336544821039, 0.00166753807571, 0.00114695669618, -0.000647841370665, -0.00144554546569, 0.000243355039856, -0.000451866479125, -0.000586425361689, 0.000423704070272, -0.000405693950597, -0.000512983242515, -0.000100557554106, -8.52672455949e-05], [-0.00031439770828, 0.00114695669618, 0.00624231807888, -0.000135225869599, -0.0033771970775, -0.000101374418591, -0.000431248714449, -0.000496307911817, -0.000316730234772, -0.00257806945592, -0.00101294333581, 0.00169466144871, -0.00231341971084], [-0.000328106951201, -0.000647841370665, -0.000135225869599, 0.00379500491545, 0.000857277074829, -0.00104143819772, 9.9060984212e-05, -0.000197829474928, 0.000123407036881, -9.32308612391e-05, 0.00109799625352, 0.000961226818617, -0.000411002401961], [0.000252581347013, -0.00144554546569, -0.0033771970775, 0.000857277074829, 0.00877914670855, -0.00182573846541, -4.31884000136e-05, 0.000500680762343, -0.00331017607823, 0.000362050050171, 0.00174666033126, -0.000888718757778, -0.000765154953115], [-0.000496954540722, 0.000243355039856, -0.000101374418591, -0.00104143819772, -0.00182573846541, 0.0107617024332, -0.0024892219808, -0.00163789244834, -6.69216533424e-05, -0.00171715056058, 0.00122758757789, -0.00024446612224, -0.000796727312263], [-0.000103863341792, -0.000451866479125, -0.000431248714449, 9.9060984212e-05, -4.31884000136e-05, -0.0024892219808, 0.0107324132696, -0.00142951612361, 5.30899887963e-05, -0.00109284708742, -0.00156888156198, -0.00144344544969, 0.00157411769032], [0.000261759123532, -0.000586425361689, -0.000496307911817, -0.000197829474928, 0.000500680762343, -0.00163789244834, -0.00142951612361, 0.0103294430301, -0.000430078798672, 0.000918793026358, -0.00053576688515, -0.000946159882005, -0.0042203804478], [-0.000135291702463, 0.000423704070272, -0.000316730234772, 0.000123407036881, -0.00331017607823, -6.69216533424e-05, 5.30899887963e-05, -0.000430078798672, 0.00873343273997, 0.00171992485411, 0.00245903036557, 0.000950507179368, 0.00115980010014], [6.74660477671e-05, -0.000405693950597, -0.00257806945592, -9.32308612391e-05, 0.000362050050171, -0.00171715056058, -0.00109284708742, 0.000918793026358, 0.00171992485411, 0.00766223948449, 0.000440859090304, -0.001419310458, 0.00367933046073], [-9.50783345388e-08, -0.000512983242515, -0.00101294333581, 0.00109799625352, 0.00174666033126, 0.00122758757789, -0.00156888156198, -0.00053576688515, 0.00245903036557, 0.000440859090304, 0.00998937431723, -0.00177699839696, -0.000191388637177], [-2.90429579763e-05, -0.000100557554106, 0.00169466144871, 0.000961226818617, -0.000888718757778, -0.00024446612224, -0.00144344544969, -0.000946159882005, 0.000950507179368, -0.001419310458, -0.00177699839696, 0.0134888626635, -0.00280050886795], [-1.1404844372e-05, -8.52672455949e-05, -0.00231341971084, -0.000411002401961, -0.000765154953115, -0.000796727312263, 0.00157411769032, -0.0042203804478, 0.00115980010014, 0.00367933046073, -0.000191388637177, -0.00280050886795, 0.011589650996]]}, "spectral_contrast_coeffs": {"dmean": [0.0360026024282, 0.0463013723493, 0.0513115413487, 0.0439172722399, 0.0281047411263, 0.0214691441506], "dmean2": [0.0582811534405, 0.0713361948729, 0.0820321142673, 0.0697443336248, 0.0463920906186, 0.0354565382004], "dvar": [0.00119315751363, 0.00153151445556, 0.00300547387451, 0.00142167590093, 0.000732220185455, 0.000802704074886], "dvar2": [0.00360562233254, 0.00394937582314, 0.00787423178554, 0.00346273975447, 0.00170346628875, 0.00201498181559], "max": [-0.364045083523, -0.42567268014, -0.490787655115, -0.490563839674, -0.609271645546, -0.597650766373], "mean": [-0.63777422905, -0.663125693798, -0.650910317898, -0.642052710056, -0.745045900345, -0.736654818058], "median": [-0.641641795635, -0.662857890129, -0.640346288681, -0.63502061367, -0.73997426033, -0.742849767208], "min": [-0.953910708427, -0.970496058464, -0.955692350864, -0.967277228832, -0.960042655468, -0.960318088531], "var": [0.00299913086928, 0.00519976951182, 0.00524705648422, 0.00434164283797, 0.00249864440411, 0.00262779113837]}, "spectral_contrast_valleys": {"dmean": [0.285105139017, 0.383457809687, 0.471955001354, 0.406429558992, 0.380061268806, 0.289731442928], "dmean2": [0.441013276577, 0.601246058941, 0.780128359795, 0.632086992264, 0.574025154114, 0.463946938515], "dvar": [0.395319789648, 0.447616457939, 0.63982206583, 0.469289779663, 0.540623188019, 0.369067102671], "dvar2": [0.496707111597, 0.678478896618, 1.16943848133, 0.7394