{"lowlevel": {"average_loudness": 0.870155096054, "barkbands_crest": {"dmean": 1.87979114056, "dmean2": 2.94737768173, "dvar": 5.3170876503, "dvar2": 14.58776474, "max": 25.9227199554, "mean": 11.6921262741, "median": 10.411857605, "min": 4.07943248749, "var": 21.3165664673}, "barkbands_flatness_db": {"dmean": 0.0274395067245, "dmean2": 0.0386784188449, "dvar": 0.00116090406664, "dvar2": 0.00241570919752, "max": 0.464114189148, "mean": 0.232232019305, "median": 0.223076462746, "min": 0.0513030216098, "var": 0.00903326831758}, "barkbands_kurtosis": {"dmean": 6.74224805832, "dmean2": 10.3949394226, "dvar": 205.524475098, "dvar2": 499.434234619, "max": 308.127807617, "mean": 14.7428798676, "median": 7.50126171112, "min": -1.15321922302, "var": 609.91418457}, "barkbands_skewness": {"dmean": 0.665901064873, "dmean2": 0.990606188774, "dvar": 1.00627458096, "dvar2": 2.40322685242, "max": 12.7551002502, "mean": 2.16939282417, "median": 2.04775524139, "min": -2.27758026123, "var": 3.96006131172}, "barkbands_spread": {"dmean": 2.51654410362, "dmean2": 4.05281591415, "dvar": 22.1652584076, "dvar2": 60.0065765381, "max": 89.2795562744, "mean": 8.80257034302, "median": 6.18765163422, "min": 0.277146667242, "var": 68.9326477051}, "dissonance": {"dmean": 0.0260057616979, "dmean2": 0.0424932390451, "dvar": 0.000739070470445, "dvar2": 0.00188716570847, "max": 0.500000059605, "mean": 0.421363353729, "median": 0.427751481533, "min": 0.206414118409, "var": 0.00283565209247}, "dynamic_complexity": 5.61236619949, "erbbands_crest": {"dmean": 2.10783004761, "dmean2": 3.22168564796, "dvar": 6.74924993515, "dvar2": 15.2192163467, "max": 29.3404026031, "mean": 10.736998558, "median": 9.8250579834, "min": 2.02701830864, "var": 23.8165340424}, "erbbands_flatness_db": {"dmean": 0.0251591205597, "dmean2": 0.0338662937284, "dvar": 0.00105612678453, "dvar2": 0.00198289286345, "max": 0.422563642263, "mean": 0.202057719231, "median": 0.191375985742, "min": 0.028048094362, "var": 0.00612268364057}, "erbbands_kurtosis": {"dmean": 1.85835123062, "dmean2": 2.88181567192, "dvar": 13.1980648041, "dvar2": 31.099489212, "max": 76.5988388062, "mean": 3.60150694847, "median": 1.93911981583, "min": -1.47126531601, "var": 29.1873226166}, "erbbands_skewness": {"dmean": 0.366059273481, "dmean2": 0.537281870842, "dvar": 0.199397295713, "dvar2": 0.443638920784, "max": 7.87780094147, "mean": 1.22328281403, "median": 1.21132969856, "min": -0.927458405495, "var": 1.08478879929}, "erbbands_spread": {"dmean": 7.08111190796, "dmean2": 10.7748737335, "dvar": 146.37991333, "dvar2": 342.937835693, "max": 125.050643921, "mean": 25.8032989502, "median": 21.2877235413, "min": 3.0439286232, "var": 297.084075928}, "hfc": {"dmean": 4.20313882828, "dmean2": 5.8660902977, "dvar": 77.9712371826, "dvar2": 176.461196899, "max": 81.2601623535, "mean": 8.54791069031, "median": 4.46806430817, "min": 1.13037102676e-16, "var": 141.632843018}, "melbands_crest": {"dmean": 2.12722611427, "dmean2": 3.31064128876, "dvar": 6.13721084595, "dvar2": 16.0689811707, "max": 32.1328353882, "mean": 13.8705368042, "median": 13.7212591171, "min": 1.58314871788, "var": 30.8263511658}, "melbands_flatness_db": {"dmean": 0.0290507208556, "dmean2": 0.0401749350131, "dvar": 0.00148614938371, "dvar2": 0.00305843027309, "max": 0.626981973648, "mean": 0.320813536644, "median": 0.322247326374, "min": 0.00226355437189, "var": 0.0180874858052}, "melbands_kurtosis": {"dmean": 11.3815221786, "dmean2": 18.0637207031, "dvar": 821.808166504, "dvar2": 2102.32617188, "max": 366.293273926, "mean": 21.0463371277, "median": 10.8457660675, "min": -1.40279448032, "var": 1014.03631592}, "melbands_skewness": {"dmean": 0.744098782539, "dmean2": 1.13308906555, "dvar": 1.60352087021, "dvar2": 3.80226206779, "max": 13.9618186951, "mean": 2.61380434036, "median": 2.32143163681, "min": -0.37664526701, "var": 3.56351256371}, "melbands_spread": {"dmean": 2.55032253265, "dmean2": 4.01214933395, "dvar": 25.5129432678, "dvar2": 63.8442001343, "max": 154.470748901, "mean": 16.2807445526, "median": 6.21977519989, "min": 0.479919552803, "var": 1065.26281738}, "pitch_salience": {"dmean": 0.056788995862, "dmean2": 0.0892601683736, "dvar": 0.0047474950552, "dvar2": 0.0126241780818, "max": 0.844124615192, "mean": 0.546523630619, "median": 0.551800966263, "min": 0.154191941023, "var": 0.0169682074338}, "silence_rate_20dB": {"dmean": 0, "dmean2": 0, "dvar": 0, "dvar2": 0, "max": 1, "mean": 1, "median": 1, "min": 1, "var": 0}, "silence_rate_30dB": {"dmean": 0.0452432595193, "dmean2": 0.0905145704746, "dvar": 0.0431954786181, "dvar2": 0.0866594240069, "max": 1, "mean": 0.954151153564, "median": 1, "min": 0, "var": 0.0437484197319}, "silence_rate_60dB": {"dmean": 0.026030369103, "dmean2": 0.0520768761635, "dvar": 0.0253539849073, "dvar2": 0.0530872754753, "max": 1, "mean": 0.231102854013, "median": 0, "min": 0, "var": 0.177692770958}, "spectral_centroid": {"dmean": 80.0180664062, "dmean2": 117.323822021, "dvar": 28878.8144531, "dvar2": 45106.3046875, "max": 10533.5615234, "mean": 730.620605469, "median": 434.909973145, "min": 144.234451294, "var": 903066.8125}, "spectral_complexity": {"dmean": 1.50852179527, "dmean2": 2.2541847229, "dvar": 5.69768571854, "dvar2": 10.6980333328, "max": 30, "mean": 8.21561336517, "median": 8, "min": 0, "var": 26.5641746521}, "spectral_decrease": {"dmean": 4.18772883037e-09, "dmean2": 6.87561341195e-09, "dvar": 1.85824245256e-16, "dvar2": 5.18768134343e-16, "max": 4.86896954676e-18, "mean": -6.99764868273e-09, "median": -4.01476274448e-09, "min": -1.22905731814e-07, "var": 1.48039958363e-16}, "spectral_energy": {"dmean": 0.0161534976214, "dmean2": 0.026418119669, "dvar": 0.0027082725428, "dvar2": 0.00754673220217, "max": 0.46848577261, "mean": 0.0271860118955, "median": 0.0157221965492, "min": 1.05897414931e-20, "var": 0.0021858070977}, "spectral_energyband_high": {"dmean": 0.000152299675392, "dmean2": 0.000231920872466, "dvar": 1.62961399042e-07, "dvar2": 4.02884381856e-07, "max": 0.00388448196463, "mean": 0.000168421218405, "median": 1.57788890647e-05, "min": 7.58698135769e-21, "var": 1.80566729568e-07}, "spectral_energyband_low": {"dmean": 0.0112784588709, "dmean2": 0.0205237809569, "dvar": 0.00259628240019, "dvar2": 0.00739568704739, "max": 0.458465725183, "mean": 0.0128898527473, "median": 0.00405076378956, "min": 5.41160284921e-23, "var": 0.00159597024322}, "spectral_energyband_middle_high": {"dmean": 0.000517121748999, "dmean2": 0.000717667920981, "dvar": 1.9530427835e-06, "dvar2": 4.14975738749e-06, "max": 0.0291225928813, "mean": 0.00111706042662, "median": 0.000353722658474, "min": 1.67019650337e-21, "var": 4.25291818829e-06}, "spectral_energyband_middle_low": {"dmean": 0.00608151452616, "dmean2": 0.00836094003171, "dvar": 0.000154680761625, "dvar2": 0.000345109292539, "max": 0.194465741515, "mean": 0.0138159021735, "median": 0.00788521766663, "min": 3.10622930269e-22, "var": 0.00032033957541}, "spectral_entropy": {"dmean": 0.262037009001, "dmean2": 0.355306386948, "dvar": 0.117913715541, "dvar2": 0.222025707364, "max": 9.78386116028, "mean": 6.60999202728, "median": 6.49816703796, "min": 4.31728553772, "var": 0.925938725471}, "spectral_flux": {"dmean": 0.0325853079557, "dmean2": 0.0507658906281, "dvar": 0.00500553753227, "dvar2": 0.010128011927, "max": 0.640137732029, "mean": 0.0576969645917, "median": 0.0294989570975, "min": 1.02906468069e-10, "var": 0.00772887468338}, "spectral_kurtosis": {"dmean": 8.85066795349, "dmean2": 14.2165527344, "dvar": 274.846282959, "dvar2": 654.669006348, "max": 256.589996338, "mean": 20.9132785797, "median": 8.84800624847, "min": -1.1550848484, "var": 849.858825684}, "spectral_rms": {"dmean": 0.000986340339296, "dmean2": 0.00144664931577, "dvar": 5.02801094626e-06, "dvar2": 1.28402316477e-05, "max": 0.0213789455593, "mean": 0.00409743376076, "median": 0.00391646847129, "min": 3.21425806978e-12, "var": 9.7342144727e-06}, "spectral_rolloff": {"dmean": 123.560020447, "dmean2": 202.995986938, "dvar": 197071.078125, "dvar2": 380085.8125, "max": 20305.8105469, "mean": 1894.70056152, "median": 430.6640625, "min": 86.1328125, "var": 23931462}, "spectral_skewness": {"dmean": 0.62770563364, "dmean2": 0.961518585682, "dvar": 0.767543554306, "dvar2": 1.76527142525, "max": 13.1648874283, "mean": 3.10693097115, "median": 2.58117437363, "min": 0.0599035434425, "var": 3.17157363892}, "spectral_spread": {"dmean": 850118.0625, "dmean2": 1183391.875, "dvar": 1573044224000.0, "dvar2": 3014674350080.0, "max": 39372792, "mean": 4155708, "median": 3703328.5, "min": 399492.65625, "var": 7171909615620.0}, "spectral_strongpeak": {"dmean": 0.30799049139, "dmean2": 0.49233174324, "dvar": 0.309417158365, "dvar2": 0.734110116959, "max": 5.64845466614, "mean": 0.611247718334, "median": 0.303352355957, "min": 0, "var": 0.571335554123}, "zerocrossingrate": {"dmean": 0.00691930996254, "dmean2": 0.0090618096292, "dvar": 0.000111656241643, "dvar2": 0.000159937088029, "max": 0.525390625, "mean": 0.0642846152186, "median": 0.02392578125, "min": 0.0029296875, "var": 0.0166220888495}, "barkbands": {"dmean": [0.000219763547648, 0.0080353775993, 0.00308085395955, 0.00101902871393, 0.00287277577445, 0.00102877651807, 0.00175343139563, 0.000810282363091, 0.000291475647828, 0.000141506519867, 0.000199756177608, 0.000115755407023, 6.4547326474e-05, 5.32597914571e-05, 2.8434997148e-05, 1.88728117791e-05, 2.92908316624e-05, 3.20606923196e-05, 2.28492481256e-05, 1.32705799842e-05, 1.70440707734e-05, 2.51606707025e-05, 2.40037279582e-05, 2.65105391009e-05, 2.04419739021e-05, 3.54004951078e-05, 5.70114798393e-06], "dmean2": [0.000351017224602, 0.0148484269157, 0.00544553296641, 0.00166914262809, 0.0041668554768, 0.00150226720143, 0.00253995298408, 0.00119164318312, 0.0003944360069, 0.000187606143299, 0.000319844402838, 0.000162500073202, 9.78989191935e-05, 7.94720617705e-05, 4.32364213339e-05, 2.88698938675e-05, 4.69281003461e-05, 4.84383308503e-05, 3.43552492268e-05, 1.94457988982e-05, 2.59911284957e-05, 4.0820286813e-05, 3.70651650883e-05, 4.15902941313e-05, 3.25390610669e-05, 5.7826142438e-05, 9.65896560956e-06], "dvar": [8.00868861006e-07, 0.00142668595072, 0.000165086079505, 7.11299207978e-06, 4.3678428483e-05, 6.25386655884e-06, 2.42640435317e-05, 1.11581912279e-05, 7.76640263211e-07, 2.6520987717e-07, 7.2076250035e-07, 1.78807482598e-07, 7.596628393e-08, 3.38258452359e-08, 6.56486909278e-09, 2.13378203995e-09, 6.66293509255e-09, 9.85088899341e-09, 3.30418181704e-09, 1.38948708095e-09, 1.9002246443e-09, 7.13141590225e-09, 4.53411530543e-09, 5.57295720682e-09, 3.91184240556e-09, 1.40360825185e-08, 4.02522598586e-10], "dvar2": [1.92073798644e-06, 0.00409800605848, 0.000467708596261, 1.94514759642e-05, 0.000101288802398, 1.3876929188e-05, 5.02701404912e-05, 2.69960964943e-05, 1.59163016633e-06, 3.99092726866e-07, 1.72084060068e-06, 3.59019395546e-07, 1.72850320723e-07, 8.21885421942e-08, 1.44971963323e-08, 5.1137662993e-09, 1.65552602738e-08, 2.23834852875e-08, 7.5194739324e-09, 2.61952881608e-09, 4.49180692641e-09, 1.91282616413e-08, 1.13754277109e-08, 1.4043158636e-08, 1.01221768745e-08, 3.5741809512e-08, 1.06127506783e-09], "max": [0.00800073519349, 0.347723275423, 0.122992195189, 0.0426409170032, 0.0990829020739, 0.0518703572452, 0.0691995769739, 0.0779343321919, 0.0225616171956, 0.0144197167829, 0.0195095036179, 0.00991037394851, 0.00753946695477, 0.00431194482371, 0.00238234153949, 0.000758007809054, 0.00140370044392, 0.00277599459514, 0.000839618383907, 0.000708555569872, 0.000595367397182, 0.00101701775566, 0.000738274364267, 0.00081321405014, 0.000549303251319, 0.00142575497739, 0.000208598008612], "mean": [0.000207393823075, 0.00776075478643, 0.00418961187825, 0.00194977549836, 0.00486792810261, 0.00225243228488, 0.00264066131786, 0.00127053156029, 0.000678196956869, 0.000295834382996, 0.000322368374327, 0.000195612810785, 8.98636499187e-05, 9.27544097067e-05, 4.91948339914e-05, 2.84810103039e-05, 3.9022310375e-05, 4.72970714327e-05, 3.26667031914e-05, 1.76644534804e-05, 2.17991910176e-05, 2.63368583546e-05, 2.75163693004e-05, 3.0289786082e-05, 2.00958183996e-05, 2.79177002085e-05, 4.06129765906e-06], "median": [1.12574161903e-05, 0.00265989941545, 0.000953108072281, 0.000640351325274, 0.0019702706486, 0.000722985016182, 0.000217697350308, 0.000261339475401, 9.37244985835e-05, 4.65477060061e-05, 7.88094330346e-05, 2.1625241061e-05, 1.2880516806e-05, 1.4723129425e-05, 8.13533279143e-06, 4.32967772213e-06, 7.96969379735e-06, 6.57848795527e-06, 5.60655462323e-06, 2.09019231079e-06, 2.36592859437e-06, 2.17260776481e-06, 2.62900380221e-06, 2.37213316723e-06, 8.24014250611e-07, 2.60766000793e-07, 2.06436752137e-08], "min": [3.92732508398e-24, 3.1453348417e-23, 2.03672115923e-23, 3.72076658911e-24, 3.24312393278e-23, 2.01340495523e-23, 4.20045365737e-23, 1.18946062876e-22, 7.89620294283e-23, 7.07621169302e-23, 1.5501496703e-22, 9.72753533015e-23, 9.91801115997e-23, 1.08190354641e-22, 1.11363153202e-22, 1.67773435331e-22, 2.3946868636e-22, 1.29370828184e-22, 3.94383398635e-22, 3.65696831537e-22, 5.20631789139e-22, 4.64695063367e-22, 5.16559954204e-22, 8.91672326583e-22, 1.42585015751e-21, 1.69585758064e-21, 2.1350412105e-21], "var": [6.9550247872e-07, 0.000827771727927, 0.00011478192755, 1.04915607153e-05, 6.52346134302e-05, 1.60154650075e-05, 4.3854895921e-05, 1.43721272252e-05, 2.62882713287e-06, 8.79216258909e-07, 8.73995759321e-07, 4.62162375925e-07, 1.15871209516e-07, 6.09066646007e-08, 1.81440817926e-08, 3.68053543198e-09, 8.54249826432e-09, 1.74668670638e-08, 5.04180208694e-09, 2.28861019025e-09, 2.6476796311e-09, 6.07007111242e-09, 5.0377289007e-09, 6.09126526996e-09, 3.4727705156e-09, 1.14895870595e-08, 2.8970181809e-10]}, "erbbands": {"dmean": [0.176614895463, 1.96536397934, 4.19947481155, 2.7499294281, 10.8401594162, 6.06959533691, 5.14482831955, 9.8826341629, 26.4449081421, 21.2767982483, 11.0655508041, 8.06755161285, 4.69565391541, 3.6268517971, 10.0417509079, 4.8079662323, 3.24504113197, 2.67592716217, 1.78304767609, 1.25466954708, 1.09164476395, 1.48453581333, 1.65164411068, 1.32531988621, 1.01637899876, 0.645141780376, 0.660422623158, 0.712029457092, 0.892771065235, 0.934423744678, 0.57684803009, 0.807963907719, 0.261952012777, 0.229959398508, 0.149142473936, 0.179526939988, 0.0520820431411, 0.00841929297894, 0.00103261368349, 6.61642334308e-05], "dmean2": [0.324323028326, 3.6340675354, 7.5630865097, 4.56325626373, 16.2221603394, 9.0462141037, 7.74786424637, 14.6106681824, 38.1838760376, 30.9762134552, 15.8561697006, 10.7022886276, 6.46621370316, 4.82128143311, 16.1404953003, 6.515417099, 4.79873371124, 3.93231725693, 2.68968915939, 1.88591170311, 1.6694778204, 2.39531207085, 2.49537992477, 1.99846565723, 1.55553841591, 0.928551256657, 0.967870354652, 1.13012003899, 1.44604432583, 1.50516235828, 0.87381953001, 1.28293144703, 0.416930824518, 0.372914582491, 0.23525133729, 0.295277714729, 0.0851396098733, 0.0144193395972, 0.00173668586649, 0.000108431195258], "dvar": [0.695171773434, 84.5752029419, 331.791412354, 54.5722236633, 737.148681641, 167.932449341, 216.205383301, 545.48638916, 5691.46875, 4700.62158203, 1814.64746094, 568.910888672, 251.727249146, 203.422348022, 2294.10107422, 339.161102295, 189.897521973, 70.7855072021, 29.5725841522, 19.71185112, 6.63046360016, 17.9048995972, 23.3758182526, 12.4205293655, 6.34792804718, 2.82245969772, 3.20508790016, 3.58613419533, 8.34529209137, 7.4994354248, 2.42182064056, 5.81411886215, 0.522705554962, 0.55010420084, 0.195211276412, 0.350683242083, 0.0311819650233, 0.00105465750676, 1.30212356453e-05, 4.43551861906e-08], "dvar2": [1.97110545635, 243.544616699, 947.258361816, 147.009719849, 1840.74389648, 372.801116943, 490.963989258, 1264.21069336, 12328.9697266, 10879.765625, 4034.30664062, 1133.62109375, 438.816558838, 309.513397217, 5565.43066406, 590.986633301, 428.067962646, 171.829299927, 67.2823181152, 45.8875045776, 15.3623847961, 46.9490089417, 50.8449783325, 28.4868717194, 15.2597026825, 5.39878845215, 6.71658277512, 9.30036067963, 22.2889213562, 19.5227222443, 5.77173423767, 14.9561700821, 1.36510765553, 1.47940731049, 0.490599691868, 0.897044420242, 0.0793078318238, 0.00281520932913, 3.42712555721e-05, 1.16077522705e-07], "max": [7.76701688766, 84.2309875488, 167.839950562, 88.7690200806, 446.391265869, 280.383483887, 329.473693848, 460.3152771, 945.21875, 1325.30639648, 900.353515625, 625.939880371, 568.613769531, 488.953613281, 1138.18518066, 505.60446167, 383.659729004, 145.896392822, 148.723358154, 108.956596375, 45.9207115173, 47.8271751404, 134.662948608, 47.1281700134, 49.2260665894, 29.4259357452, 30.5832424164, 17.6786270142, 33.0184173584, 27.4865188599, 17.0509643555, 28.0933685303, 7.96738195419, 6.95847415924, 3.7578701973, 6.68757295609, 2.10024929047, 0.421091347933, 0.0410027801991, 0.00209529162385], "mean": [0.158732682467, 1.9459002018, 5.18973445892, 5.47048854828, 16.5031776428, 11.7255859375, 10.869020462, 20.6759548187, 41.8483886719, 33.5039024353, 19.7565345764, 19.7601547241, 10.2792778015, 7.45825529099, 15.3341188431, 9.13968372345, 4.84489154816, 4.63534832001, 3.25109100342, 2.29066610336, 1.72412657738, 1.93624997139, 2.50670838356, 1.86472320557, 1.51370978355, 0.875266253948, 0.899735808372, 0.830557107925, 0.907135426998, 1.01759111881, 0.71411639452, 0.812061131001, 0.34609362483, 0.24414151907, 0.135824456811, 0.144247174263, 0.0411257706583, 0.00605009589344, 0.000747364130802, 6.68001084705e-05], "median": [0.0412465259433, 0.640512943268, 1.41134619713, 1.660374403, 6.13980150223, 5.10281276703, 4.56340456009, 7.41058158875, 4.4177274704, 5.24066972733, 4.69499206543, 3.50037050247, 2.51071023941, 1.43702316284, 3.76896047592, 1.42194616795, 0.898283362389, 1.04063355923, 0.63362801075, 0.402437031269, 0.363526761532, 0.433412790298, 0.473414778709, 0.234314978123, 0.32704436779, 0.106911942363, 0.0786344632506, 0.0977389663458, 0.0652299374342, 0.0917762666941, 0.0736064910889, 0.0594296306372, 0.0311449915171, 0.0125651285052, 0.00420308858156, 0.00169529521372, 0.000386281113606, 4.81779934489e-05, 1.65081510204e-05, 2.12242011912e-05], "min": [7.97366012226e-22, 7.98701284895e-21, 2.19711885365e-20, 1.65682677263e-20, 5.54821637724e-20, 8.62675126508e-20, 1.58409274906e-19, 2.24074801038e-19, 6.99940175213e-19, 1.0651639903e-18, 2.3813905314e-18, 2.34433614868e-18, 1.68755794764e-18, 5.268302568e-18, 5.23407797016e-18, 3.21611461755e-18, 5.06663800261e-18, 4.45204322108e-18, 4.91741875601e-18, 8.6192691321e-18, 9.8799618688e-18, 1.21821328993e-17, 9.67158680069e-18, 2.2911850794e-17, 9.99760514988e-18, 1.60669279164e-17, 2.25623471328e-17, 1.92391440588e-17, 1.94381405531e-17, 1.35267373189e-17, 1.58366772298e-17, 1.66021716753e-17, 1.50356504138e-17, 1.34112322997e-17, 1.08088840423e-17, 5.04592043699e-18, 3.73780957167e-18, 1.17340956904e-18, 3.14105578348e-19, 2.98143680863e-20], "var": [0.412949353456, 49.0165481567, 213.156906128, 79.5261611938, 878.55847168, 340.60345459, 410.359985352, 1270.48547363, 10032.9775391, 7018.16064453, 2892.50708008, 2043.11218262, 734.813110352, 682.829956055, 2614.27734375, 1062.64013672, 294.626678467, 115.734237671, 77.6736373901, 48.8880157471, 11.5318622589, 18.4524078369, 41.6114845276, 18.737405777, 9.25728225708, 4.86617660522, 5.15807199478, 3.90864658356, 7.13258695602, 7.3153591156, 3.16018104553, 5.58914852142, 0.613558828831, 0.464586138725, 0.178322389722, 0.288505554199, 0.0253899991512, 0.00073690735735, 9.44656039792e-06, 3.41960344485e-08]}, "gfcc": {"mean": [-178.104400635, 130.592926025, -75.8116073608, 14.5703620911, -52.0056762695, 3.7464401722, -33.100982666, 1.13303756714, -19.2886161804, -5.97576999664, -9.26650810242, -2.46639490128, -12.1617050171], "cov": [[68703.328125, 9514.3984375, -910.523864746, 923.680847168, -3044.73730469, 235.642990112, -1636.21850586, 269.524932861, -934.487121582, -476.965454102, -267.82989502, -193.814849854, -1236.49145508], [9514.3984375, 6157.22119141, -411.221099854, -452.837921143, 358.02746582, -643.135742188, -22.46134758, -518.56628418, 22.6298999786, -651.989562988, 11.52455616, -476.985443115, 220.519714355], [-910.523864746, -411.221099854, 987.159179688, 276.561187744, 156.731506348, 240.565658569, 43.3929595947, 132.026596069, 40.2818603516, 180.622039795, -5.0417599678, 127.872306824, -85.604927063], [923.680847168, -452.837921143, 276.561187744, 594.47833252, -75.7189559937, 215.639755249, 35.8400421143, 91.4495239258, 9.9882516861, 111.891288757, 51.5224952698, 51.6567878723, -33.1109008789], [-3044.73730469, 358.02746582, 156.731506348, -75.7189559937, 529.856018066, -38.1022224426, 181.855957031, -65.1616210938, 107.29549408, -32.0248680115, -0.924783408642, -45.2196083069, 135.018692017], [235.642990112, -643.135742188, 240.565658569, 215.639755249, -38.1022224426, 331.265289307, 39.1861457825, 160.490249634, 18.1739940643, 141.070007324, 33.1987304688, 87.5600585938, -59.5863571167], [-1636.21850586, -22.46134758, 43.3929595947, 35.8400421143, 181.855957031, 39.1861457825, 206.457550049, 36.2312278748, 74.052986145, 6.40621995926, 29.8058204651, 1.02990818024, 69.6247329712], [269.524932861, -518.56628418, 132.026596069, 91.4495239258, -65.1616210938, 160.490249634, 36.2312278748, 221.431838989, 40.6026649475, 119.171508789, 38.872844696, 90.3494644165, -62.4932632446], [-934.487121582, 22.6298999786, 40.2818603516, 9.9882516861, 107.29549408, 18.1739940643, 74.052986145, 40.6026649475, 119.442276001, 57.3248710632, 45.4561767578, 6.56984233856, 53.3224182129], [-476.965454102, -651.989562988, 180.622039795, 111.891288757, -32.0248680115, 141.070007324, 6.40621995926, 119.171508789, 57.3248710632, 225.659591675, 63.4045181274, 102.328544617, -37.2566833496], [-267.82989502, 11.52455616, -5.0417599678, 51.5224952698, -0.924783408642, 33.1987304688, 29.8058204651, 38.872844696, 45.4561767578, 63.4045181274, 119.048294067, 27.9622020721, 15.6040658951], [-193.814849854, -476.985443115, 127.872306824, 51.6567878723, -45.2196083069, 87.5600585938, 1.02990818024, 90.3494644165, 6.56984233856, 102.328544617, 27.9622020721, 126.753341675, -36.7085800171], [-1236.49145508, 220.519714355, -85.604927063, -33.1109008789, 135.018692017, -59.5863571167, 69.6247329712, -62.4932632446, 53.3224182129, -37.2566833496, 15.6040658951, -36.7085800171, 143.17427063]], "icov": [[8.55441030581e-05, -0.000272772362223, 0.00018581225595, -0.000223957002163, 0.000280017382465, -0.000210918675293, 0.000238897497184, -0.000323893822497, 0.000272715551546, -0.000357525859727, 0.000545948976651, -0.000281430664472, 0.000282560708001], [-0.000272772362223, 0.00120626902208, -0.000767428195104, 0.000792746723164, -0.000928010384087, 0.000848243886139, -0.00054180045845, 0.00121844932437, -0.00132852245588, 0.00204568798654, -0.00244983634911, 0.00152387749404, -0.000780876260251], [0.00018581225595, -0.000767428195104, 0.00234941369854, -0.00122562225442, -0.000595883524511, -0.00098404858727, 0.000833766534925, -0.000684614351485, 0.00050762220053, -0.00176042865496, 0.00239549996331, -0.00210714247078, 0.00190766190644], [-0.000223957002163, 0.000792746723164, -0.00122562225442, 0.00321225402877, 0.000174835280632, -0.000743317476008, -0.00132545491215, 0.0013204603456, -0.000397129944758, 0.000815714127384, -0.00242694281042, 0.00172533735167, -0.00133136752993], [0.000280017382465, -0.000928010384087, -0.000595883524511, 0.000174835280632, 0.00541007192805, -0.000912187737413, -0.00211087986827, 0.000544051872566, -0.0010517021874, -0.00102820072789, 0.0023883075919, -0.000242956884904, -0.000884220469743], [-0.000210918675293, 0.000848243886139, -0.00098404858727, -0.000743317476008, -0.000912187737413, 0.00713857961819, -0.00135800952557, -0.00225997017696, 0.0008966945461, -0.000635150703602, -0.0014243775513, 0.00118859007489, -0.000422439508839], [0.000238897497184, -0.00054180045845, 0.000833766534925, -0.00132545491215, -0.00211087986827, -0.00135800952557, 0.0103707108647, -0.00336278439499, -0.00159739225637, 0.00157725589816, 0.00026209311909, -0.00110207381658, -0.00130166660529], [-0.000323893822497, 0.00121844932437, -0.000684614351485, 0.0013204603456, 0.000544051872566, -0.00225997017696, -0.00336278439499, 0.0125812068582, -0.00608227448538, 0.00150303484406, -0.00241823145188, -0.00237930589356, 0.00320516596548], [0.000272715551546, -0.00132852245588, 0.00050762220053, -0.000397129944758, -0.0010517021874, 0.0008966945461, -0.00159739225637, -0.00608227448538, 0.0205432549119, -0.00792338326573, -0.000484504067572, 0.00243011489511, -0.00493678217754], [-0.000357525859727, 0.00204568798654, -0.00176042865496, 0.000815714127384, -0.00102820072789, -0.000635150703602, 0.00157725589816, 0.00150303484406, -0.00792338326573, 0.0151508823037, -0.00662318384275, -0.00265320227481, 0.000426947284723], [0.000545948976651, -0.00244983634911, 0.00239549996331, -0.00242694281042, 0.0023883075919, -0.0014243775513, 0.00026209311909, -0.00241823145188, -0.000484504067572, -0.00662318384275, 0.0167771857232, -0.00433780718595, 0.000847539107781], [-0.000281430664472, 0.00152387749404, -0.00210714247078, 0.00172533735167, -0.000242956884904, 0.00118859007489, -0.00110207381658, -0.00237930589356, 0.00243011489511, -0.00265320227481, -0.00433780718595, 0.0178149938583, -0.00197239359841], [0.000282560708001, -0.000780876260251, 0.00190766190644, -0.00133136752993, -0.000884220469743, -0.000422439508839, -0.00130166660529, 0.00320516596548, -0.00493678217754, 0.000426947284723, 0.000847539107781, -0.00197239359841, 0.0155018642545]]}, "melbands": {"dmean": [0.00194289570209, 0.00241435575299, 0.000714146590326, 0.000676288094837, 0.000183749449207, 0.000226810356253, 0.000393228256144, 0.000224363262532, 7.9000259575e-05, 4.75643246318e-05, 2.25107924052e-05, 1.43560373544e-05, 2.86368485831e-05, 2.00363065233e-05, 9.20514412428e-06, 4.82789209855e-06, 5.64815536563e-06, 3.14180078931e-06, 1.60972194863e-06, 1.70663236077e-06, 1.2866941006e-06, 1.66358552178e-06, 1.57384693011e-06, 1.6610209741e-06, 1.03156685327e-06, 8.61952628384e-07, 5.05937009621e-07, 4.52601085499e-07, 4.15046571334e-07, 4.54956705198e-07, 4.14891246692e-07, 4.81940503505e-07, 5.73887291466e-07, 5.25199311596e-07, 2.80335626712e-07, 5.98241172156e-07, 4.06859356872e-07, 1.74992479174e-07, 1.81346010208e-07, 1.98160307718e-07], "dmean2": [0.00357088143937, 0.00441059051082, 0.00113784603309, 0.00100481393747, 0.000274425023235, 0.000332540192176, 0.000563545094337, 0.000326486886479, 0.000111859022581, 6.36907207081e-05, 3.1274947105e-05, 1.93116939045e-05, 4.55729168607e-05, 2.99429666484e-05, 1.33225630634e-05, 7.19988975106e-06, 8.34106322145e-06, 4.76264312965e-06, 2.46270724347e-06, 2.54907581621e-06, 1.98982343136e-06, 2.74261515187e-06, 2.47358298111e-06, 2.4956730158e-06, 1.59260616783e-06, 1.32635784666e-06, 7.72843634422e-07, 6.57087241507e-07, 6.1633676296e-07, 6.93824006248e-07, 6.82408654029e-07, 7.84858627867e-07, 9.67785808825e-07, 8.38089135868e-07, 4.05578703067e-07, 9.72945485955e-07, 6.43682085411e-07, 2.80397500774e-07, 2.97418893069e-07, 3.25681668301e-07], "dvar": [8.34692764329e-05, 0.000118255396956, 2.92248637379e-06, 2.39606174546e-06, 2.6089480798e-07, 3.02433193156e-07, 1.26131885736e-06, 6.26650091817e-07, 9.4403105777e-08, 2.12170796487e-08, 6.03609073835e-09, 4.01788513571e-09, 1.49447618725e-08, 6.46252029668e-09, 1.00232899758e-09, 3.85094345301e-10, 3.40719202852e-10, 1.03082500869e-10, 2.11246662524e-11, 2.35057182052e-11, 1.09173078564e-11, 2.38217674753e-11, 1.53928727403e-11, 4.56763377121e-11, 7.64841141809e-12, 5.13635575045e-12, 1.75991166085e-12, 1.69475219448e-12, 1.24561970981e-12, 1.48464736598e-12, 1.43465599643e-12, 2.29210747604e-12, 5.0052687689e-12, 2.23308828026e-12, 5.30399183775e-13, 4.20946133853e-12, 1.30272160247e-12, 2.30559440897e-13, 3.35315298748e-13, 4.08479809222e-13], "dvar2": [0.000237887841649, 0.000339360034559, 7.79543006502e-06, 5.64247375223e-06, 5.66085816445e-07, 6.85364398123e-07, 2.65360540652e-06, 1.49235677327e-06, 2.08110861877e-07, 4.32380176107e-08, 1.0453646837e-08, 6.17409501302e-09, 3.58504870235e-08, 1.49637155999e-08, 2.09039963117e-09, 8.60250537471e-10, 8.2035894744e-10, 2.38727954072e-10, 4.88971120538e-11, 5.45068816471e-11, 2.46094117307e-11, 6.33447738707e-11, 3.45029803339e-11, 1.04761289921e-10, 1.77452393058e-11, 1.22362701568e-11, 4.3978527417e-12, 3.1516276134e-12, 2.55471620421e-12, 3.40344527734e-12, 3.85036577275e-12, 6.01044084295e-12, 1.40395377615e-11, 5.62360271197e-12, 1.19350872501e-12, 1.12959884502e-11, 3.29087581838e-12, 6.00307780915e-13, 9.05345460059e-13, 1.1013362531e-12], "max": [0.0851158425212, 0.0956331342459, 0.023936804384, 0.024335373193, 0.0151090212166, 0.0115520348772, 0.015311489813, 0.0172233842313, 0.00695044593886, 0.00340717704967, 0.00280409678817, 0.0021875044331, 0.00286620599218, 0.00179914582986, 0.000689451466314, 0.000503158022184, 0.000349925074261, 0.000238509295741, 9.20246893656e-05, 0.000106133957161, 8.34616876091e-05, 6.23491068836e-05, 7.18055453035e-05, 0.000224583825911, 3.69899571524e-05, 4.71374551125e-05, 1.90188857232e-05, 2.76396349363e-05, 1.57217891683e-05, 1.90907758224e-05, 1.18374819067e-05, 1.71483989106e-05, 3.10949071718e-05, 1.78363843588e-05, 1.09263864942e-05, 2.7066349503e-05, 1.1868670299e-05, 5.6898652474e-06, 6.39901873001e-06, 5.88642433286e-06], "mean": [0.00181183405221, 0.00278648431413, 0.00132376898546, 0.00109681452159, 0.00041002035141, 0.000478182279039, 0.00062325806357, 0.000349968351657, 0.000145171521581, 0.000116028684715, 4.71420935355e-05, 2.80522181129e-05, 4.68756225018e-05, 3.07954105665e-05, 1.52674183482e-05, 7.03195928509e-06, 9.56907933869e-06, 5.75870035391e-06, 2.68487838184e-06, 2.90092270916e-06, 1.91874187294e-06, 2.02432670449e-06, 2.14648002839e-06, 2.53602479461e-06, 1.33965431814e-06, 1.23514030292e-06, 7.18061983207e-07, 5.61810622912e-07, 5.49491346646e-07, 5.74679745569e-07, 4.45926644943e-07, 4.86991496018e-07, 5.59741692996e-07, 5.74527234676e-07, 3.58867225714e-07, 5.84233703194e-07, 4.1965850528e-07, 2.41870594664e-07, 2.04675430382e-07, 2.05194723435e-07], "median": [0.000580889929552, 0.000846904586069, 0.000491550541483, 0.000448560895165, 0.000182134797797, 0.000158023394761, 6.04611632298e-05, 5.6670003687e-05, 3.27041416313e-05, 1.70996863744e-05, 9.64376340562e-06, 3.88298440157e-06, 1.11055869638e-05, 5.38106314707e-06, 2.52500558418e-06, 1.13777605293e-06, 1.65818664755e-06, 9.93028606899e-07, 4.81527479224e-07, 4.58448994323e-07, 3.59063108135e-07, 3.60598221505e-07, 5.27906024672e-07, 2.66155211648e-07, 1.41797045217e-07, 2.28557127002e-07, 1.5549693444e-07, 4.37212044346e-08, 3.67025023706e-08, 6.08054762097e-08, 4.54446293929e-08, 3.0142388141e-08, 4.48809629461e-08, 4.92795848572e-08, 3.69280677148e-08, 3.94383050661e-08, 2.98270776966e-08, 2.07425738807e-08, 1.35741515805e-08, 9.21332343751e-09], "min": [8.75531080725e-24, 1.10771871977e-23, 3.997480062e-24, 5.13242884027e-24, 5.39745060569e-24, 4.86180813458e-24, 9.93056367246e-24, 1.62345965018e-23, 1.67959593883e-23, 1.44413484257e-23, 7.66110945575e-24, 1.992084096e-23, 1.87572285263e-23, 1.175280712e-23, 7.92299549907e-24, 1.0800932053e-23, 8.61903271929e-24, 8.71929220718e-24, 8.06695472566e-24, 1.24461385473e-23, 1.16057626584e-23, 1.19712813588e-23, 1.17753882634e-23, 6.63007219693e-24, 2.11162634208e-23, 1.05030621195e-23, 5.41537865305e-24, 1.21027647502e-23, 1.52463446919e-23, 1.32133018333e-23, 1.0326593935e-23, 1.0575216071e-23, 9.11811819276e-24, 7.34949125439e-24, 8.31625370437e-24, 9.50244254831e-24, 1.06229650328e-23, 1.00838511793e-23, 1.15462588803e-23, 1.11088181534e-23], "var": [4.91327737109e-05, 7.21163887647e-05, 3.86626061299e-06, 3.30707825924e-06, 6.02042746323e-07, 7.54641121148e-07, 2.29569491239e-06, 8.59401779962e-07, 1.54531932139e-07, 8.08941251762e-08, 1.74860321778e-08, 1.315875231e-08, 1.86440889394e-08, 1.0156826491e-08, 2.18307194544e-09, 6.09368500104e-10, 5.81761139262e-10, 2.61172888871e-10, 4.74451311572e-11, 5.5181966635e-11, 1.95078016241e-11, 2.41909773463e-11, 2.23274228967e-11, 8.29634277943e-11, 1.04614329352e-11, 7.38834774611e-12, 2.35181752545e-12, 2.76839575569e-12, 2.00577120017e-12, 2.03480071334e-12, 1.37059168268e-12, 2.0269933735e-12, 3.60527493276e-12, 2.34260766167e-12, 7.82679910466e-13, 3.54489723166e-12, 1.32421179057e-12, 2.86719487128e-13, 2.92894912967e-13, 3.39868270246e-13]}, "mfcc": {"mean": [-789.635925293, 157.378936768, 33.8964309692, 16.5090484619, 7.14954376221, 0.799694955349, -2.09219717979, 4.36875915527, -6.83542442322, -2.99215841293, -0.688196897507, -0.633898854256, -2.28331947327], "cov": [[24002.2246094, 3882.4074707, 818.571166992, 529.505737305, -357.67678833, -222.731369019, -281.739593506, 248.042999268, -491.14239502, 12.5544528961, 252.619003296, 422.486358643, 200.66267395], [3882.4074707, 4287.83544922, 122.260055542, -1.88950419426, 204.985824585, -96.9241714478, -79.6679534912, 41.0101356506, -12.9162254333, -75.1741867065, -117.122093201, -248.456832886, -166.399169922], [818.571166992, 122.260055542, 718.969299316, 178.208633423, 111.189735413, 121.218719482, 70.4301376343, 74.2247543335, -14.7329645157, 44.9698295593, 87.8983383179, 125.418449402, 64.3131713867], [529.505737305, -1.88950419426, 178.208633423, 332.604675293, 81.9447631836, 101.538291931, 72.5248184204, 44.9926071167, 28.5392074585, 41.6496124268, 17.4365501404, 39.0564918518, 26.4995574951], [-357.67678833, 204.985824585, 111.189735413, 81.9447631836, 210.165115356, 97.1491394043, 60.7820739746, 36.8402404785, 55.3497085571, 34.8227157593, 18.1637611389, -17.7782421112, -2.53672981262], [-222.731369019, -96.9241714478, 121.218719482, 101.538291931, 97.1491394043, 181.513168335, 88.195350647, 35.1281242371, 49.3648300171, 50.7571601868, 18.503698349, 8.88333892822, 15.5729856491], [-281.739593506, -79.6679534912, 70.4301376343, 72.5248184204, 60.7820739746, 88.195350647, 136.112136841, 68.1412658691, 43.0782356262, 36.1440887451, 31.713508606, 34.2278022766, 17.8793182373], [248.042999268, 41.0101356506, 74.2247543335, 44.9926071167, 36.8402404785, 35.1281242371, 68.1412658691, 128.417633057, 47.7714653015, 13.6898794174, 35.8944015503, 39.9780349731, 12.1544780731], [-491.14239502, -12.9162254333, -14.7329645157, 28.5392074585, 55.3497085571, 49.3648300171, 43.0782356262, 47.7714653015, 125.680091858, 48.6459770203, -0.477706879377, -18.6540470123, -0.817379653454], [12.5544528961, -75.1741867065, 44.9698295593, 41.6496124268, 34.8227157593, 50.7571601868, 36.1440887451, 13.6898794174, 48.6459770203, 109.896911621, 33.4762916565, 15.1283359528, 33.1711730957], [252.619003296, -117.122093201, 87.8983383179, 17.4365501404, 18.1637611389, 18.503698349, 31.713508606, 35.8944015503, -0.477706879377, 33.4762916565, 96.3514709473, 83.4510955811, 38.810798645], [422.486358643, -248.456832886, 125.418449402, 39.0564918518, -17.7782421112, 8.88333892822, 34.2278022766, 39.9780349731, -18.6540470123, 15.1283359528, 83.4510955811, 161.869827271, 79.6182937622], [200.66267395, -166.399169922, 64.3131713867, 26.4995574951, -2.53672981262, 15.5729856491, 17.8793182373, 12.1544780731, -0.817379653454, 33.1711730957, 38.810798645, 79.6182937622, 100.473220825]], "icov": [[8.11754216556e-05, -9.41375765251e-05, 8.29732562124e-06, -0.000168486483744, 0.000237932341406, -0.000104526530777, 0.000327182031469, -0.000313550495775, 0.000342269515386, -0.000191119223018, -0.000105917701148, -0.000141578129842, -5.79967127123e-05], [-9.41375765251e-05, 0.000415193324443, -0.000139567026054, 0.000181668146979, -0.000676168245263, 0.000492447696161, -0.000239041342866, 1.55524921865e-05, -0.000186912642675, 0.000200924710953, 0.000266612158157, 0.000612633593846, 0.000207999299164], [8.29732562124e-06, -0.000139567026054, 0.00218803994358, -0.000594841258135, -0.000647873559501, -0.00114013091661, 0.000700946082361, -0.000738858419936, 0.00111483142246, -0.000385987921618, -0.000306969392113, -0.00146268343087, 4.77660069009e-05], [-0.000168486483744, 0.000181668146979, -0.000594841258135, 0.00450995424762, -0.00119607767556, -0.000928026740439, -0.00133121642284, 0.000249913922744, -0.000423454621341, -0.000488169520395, 0.00201423675753, -0.000948980392423, 0.000280607142486], [0.000237932341406, -0.000676168245263, -0.000647873559501, -0.00119607767556, 0.00891372095793, -0.00306638004258, -0.000140273026773, -0.000345188629581, -0.00133375904988, 0.00047166904551, -0.00345852645114, 0.00237953220494, -0.000814045779407], [-0.000104526530777, 0.000492447696161, -0.00114013091661, -0.000928026740439, -0.00306638004258, 0.011566025205, -0.00554683292285, 0.00167407526169, -0.00145309860818, -0.00135243521072, 0.000843399611767, 0.00154898688197, -0.000205243050004], [0.000327182031469, -0.000239041342866, 0.000700946082361, -0.00133121642284, -0.000140273026773, -0.00554683292285, 0.0161493364722, -0.00694928364828, 0.00144167838152, -0.00214343494736, -0.000476103567053, -0.00252633774653, 0.000581419561058], [-0.000313550495775, 1.55524921865e-05, -0.000738858419936, 0.000249913922744, -0.000345188629581, 0.00167407526169, -0.00694928364828, 0.0153545849025, -0.00699607655406, 0.00382598862052, -0.00289505231194, -0.00123524013907, 0.00094704865478], [0.000342269515386, -0.000186912642675, 0.00111483142246, -0.000423454621341, -0.00133375904988, -0.00145309860818, 0.00144167838152, -0.00699607655406, 0.0155049851164, -0.0067507061176, 0.00259874528274, 0.000373806542484, 0.000241103043663], [-0.000191119223018, 0.000200924710953, -0.000385987921618, -0.000488169520395, 0.00047166904551, -0.00135243521072, -0.00214343494736, 0.00382598862052, -0.0067507061176, 0.0164144225419, -0.00716255418956, 0.00485958019271, -0.00532786548138], [-0.000105917701148, 0.000266612158157, -0.000306969392113, 0.00201423675753, -0.00345852645114, 0.000843399611767, -0.000476103567053, -0.00289505231194, 0.00259874528274, -0.00716255418956, 0.0246530212462, -0.0125633599237, 0.00335373473354], [-0.000141578129842, 0.000612633593846, -0.00146268343087, -0.000948980392423, 0.00237953220494, 0.00154898688197, -0.00252633774653, -0.00123524013907, 0.000373806542484, 0.00485958019271, -0.0125633599237, 0.0211465191096, -0.0106026548892], [-5.79967127123e-05, 0.000207999299164, 4.77660069009e-05, 0.000280607142486, -0.000814045779407, -0.000205243050004, 0.000581419561058, 0.00094704865478, 0.000241103043663, -0.00532786548138, 0.00335373473354, -0.0106026548892, 0.018969219178]]}, "spectral_contrast_coeffs": {"dmean": [0.0398182570934, 0.0382457710803, 0.0355882644653, 0.027585003525, 0.0228296387941, 0.0180281028152], "dmean2": [0.0615449883044, 0.0612769126892, 0.0525478981435, 0.0420629233122, 0.0341528095305, 0.0280320588499], "dvar": [0.00167496665381, 0.00158050958999, 0.00129516364541, 0.000801816466264, 0.000611463736277, 0.000369532877812], "dvar2": [0.003857759526, 0.00379926105961, 0.00275525683537, 0.00157438241877, 0.00118731858674, 0.000874875346199], "max": [-0.217916667461, -0.384190380573, -0.477020323277, -0.547833681107, -0.564369976521, -0.62898170948], "mean": [-0.636117577553, -0.708203315735, -0.730125784874, -0.777704417706, -0.794954538345, -0.808609604836], "median": [-0.640466809273, -0.697379052639, -0.719788193703, -0.771250128746, -0.792590916157, -0.798524260521], "min": [-0.949979901314, -0.982542991638, -0.968415081501, -0.957778573036, -0.960928559303, -0.958333313465], "var": [0.0155327012762, 0.0105467513204, 0.0103576285765, 0.0061052357778, 0.0048269839026, 0.00254802871495]}, "spectral_contrast_valleys": {"dmean": [0.349005669355, 0.37396967411, 0.403496921062, 0.408247888088, 0.472621560097, 0.551221311092], "dmean2": [0.541889429092, 0.560651004314, 0.557976126671, 0.551317155361, 0.578631937504, 0.661654829979], "dvar": [0.175851985812, 0.171585336328, 0.210653796792, 0.24899674952, 0.374023139477, 0.462665736675], "dvar2": [0.356381714344, 0.306865483522, 0.322108864784, 0.396356463432, 0.602151036263, 0.82884824276], "max": [-4.69125699997, -4.5191731