{"lowlevel": {"average_loudness": 0.886989414692, "barkbands_crest": {"dmean": 1.68500423431, "dmean2": 2.63327145576, "dvar": 3.64970445633, "dvar2": 9.10136795044, "max": 26.2621650696, "mean": 12.1236391068, "median": 11.5252456665, "min": 3.61504387856, "var": 14.1491966248}, "barkbands_flatness_db": {"dmean": 0.0289379414171, "dmean2": 0.0416680164635, "dvar": 0.00148095283657, "dvar2": 0.00297456351109, "max": 0.577869534492, "mean": 0.242771670222, "median": 0.232014924288, "min": 0.05806357041, "var": 0.00756626483053}, "barkbands_kurtosis": {"dmean": 5.81318807602, "dmean2": 8.86881637573, "dvar": 111.346549988, "dvar2": 281.301116943, "max": 174.177505493, "mean": 15.7099466324, "median": 10.3418664932, "min": -1.83187162876, "var": 313.494842529}, "barkbands_skewness": {"dmean": 0.595781505108, "dmean2": 0.892215251923, "dvar": 0.593508780003, "dvar2": 1.48043787479, "max": 11.5862283707, "mean": 2.6229057312, "median": 2.42773485184, "min": -2.72722148895, "var": 2.09317374229}, "barkbands_spread": {"dmean": 3.62314462662, "dmean2": 5.92774438858, "dvar": 63.7785835266, "dvar2": 167.103713989, "max": 82.5464782715, "mean": 8.539478302, "median": 6.0492105484, "min": 0.368034899235, "var": 71.3141555786}, "dissonance": {"dmean": 0.0286017991602, "dmean2": 0.045404035598, "dvar": 0.000816260639112, "dvar2": 0.00187124765944, "max": 0.499999940395, "mean": 0.387798458338, "median": 0.391030848026, "min": 0.158646836877, "var": 0.00362935801968}, "dynamic_complexity": 3.87712192535, "erbbands_crest": {"dmean": 2.12934589386, "dmean2": 3.21227574348, "dvar": 5.53103017807, "dvar2": 13.2205085754, "max": 31.2574672699, "mean": 12.520781517, "median": 11.5770187378, "min": 2.88787817955, "var": 23.0859928131}, "erbbands_flatness_db": {"dmean": 0.0252214483917, "dmean2": 0.0349957123399, "dvar": 0.00111331581138, "dvar2": 0.00221146689728, "max": 0.522331655025, "mean": 0.220995798707, "median": 0.207224100828, "min": 0.0621475726366, "var": 0.00678791990504}, "erbbands_kurtosis": {"dmean": 3.12817525864, "dmean2": 4.64706134796, "dvar": 30.0183620453, "dvar2": 71.4535293579, "max": 121.637641907, "mean": 7.66751050949, "median": 5.16744661331, "min": -1.89546978474, "var": 100.383544922}, "erbbands_skewness": {"dmean": 0.484830826521, "dmean2": 0.729303359985, "dvar": 0.396694451571, "dvar2": 1.01027882099, "max": 8.86624622345, "mean": 2.01324534416, "median": 1.88362133503, "min": -2.52329230309, "var": 1.3458108902}, "erbbands_spread": {"dmean": 8.38815402985, "dmean2": 12.9986143112, "dvar": 220.944839478, "dvar2": 528.400268555, "max": 139.137588501, "mean": 24.4248313904, "median": 17.4975185394, "min": 1.14854633808, "var": 407.765258789}, "hfc": {"dmean": 4.42064619064, "dmean2": 5.94047880173, "dvar": 64.94871521, "dvar2": 128.590133667, "max": 76.4445800781, "mean": 10.4127244949, "median": 5.78518199921, "min": 1.12038503771e-16, "var": 138.83416748}, "melbands_crest": {"dmean": 2.09340286255, "dmean2": 3.23516464233, "dvar": 5.72797012329, "dvar2": 14.1679286957, "max": 33.4343185425, "mean": 15.7800445557, "median": 15.0414180756, "min": 1.76038551331, "var": 23.1370449066}, "melbands_flatness_db": {"dmean": 0.0304233580828, "dmean2": 0.0428548306227, "dvar": 0.00177907943726, "dvar2": 0.00366748170927, "max": 0.640578389168, "mean": 0.314418017864, "median": 0.308452129364, "min": 0.0046009127982, "var": 0.00793751236051}, "melbands_kurtosis": {"dmean": 8.99294090271, "dmean2": 13.7722406387, "dvar": 255.202392578, "dvar2": 627.577941895, "max": 379.016540527, "mean": 22.7236289978, "median": 16.0342235565, "min": -1.53011882305, "var": 669.526916504}, "melbands_skewness": {"dmean": 0.690247237682, "dmean2": 1.03008902073, "dvar": 0.82024627924, "dvar2": 1.92926383018, "max": 14.9685153961, "mean": 2.78837919235, "median": 2.52335596085, "min": -1.05045962334, "var": 2.75420212746}, "melbands_spread": {"dmean": 2.59796357155, "dmean2": 4.35725307465, "dvar": 48.6122932434, "dvar2": 131.869735718, "max": 151.212234497, "mean": 7.73149108887, "median": 6.22510051727, "min": 0.391982674599, "var": 75.7850112915}, "pitch_salience": {"dmean": 0.0516734160483, "dmean2": 0.0804113000631, "dvar": 0.00360309495591, "dvar2": 0.00868932064623, "max": 0.989133656025, "mean": 0.516409993172, "median": 0.514786839485, "min": 0.0326116792858, "var": 0.0117320353165}, "silence_rate_20dB": {"dmean": 0, "dmean2": 0, "dvar": 0, "dvar2": 0, "max": 1, "mean": 1, "median": 1, "min": 1, "var": 0}, "silence_rate_30dB": {"dmean": 0.00152588554192, "dmean2": 0.00305210379884, "dvar": 0.00152333069127, "dvar2": 0.00369651638903, "max": 1, "mean": 0.998583257198, "median": 1, "min": 0, "var": 0.00141466921195}, "silence_rate_60dB": {"dmean": 0.0154768396169, "dmean2": 0.0309570524842, "dvar": 0.0152357881889, "dvar2": 0.0376280657947, "max": 1, "mean": 0.0543809942901, "median": 0, "min": 0, "var": 0.0514262728393}, "spectral_centroid": {"dmean": 128.490951538, "dmean2": 211.815811157, "dvar": 94734.8359375, "dvar2": 248516.921875, "max": 12068.2207031, "mean": 598.092834473, "median": 463.876403809, "min": 235.43182373, "var": 296024.0625}, "spectral_complexity": {"dmean": 1.9919346571, "dmean2": 2.98234128952, "dvar": 10.8559455872, "dvar2": 20.6753578186, "max": 46, "mean": 8.91804695129, "median": 8, "min": 0, "var": 27.65184021}, "spectral_decrease": {"dmean": 1.93819427174e-09, "dmean2": 2.62466048895e-09, "dvar": 1.02366620013e-17, "dvar2": 2.18592667732e-17, "max": 1.26733659867e-23, "mean": -5.7039977186e-09, "median": -3.94318266927e-09, "min": -3.49857032234e-08, "var": 2.69266331084e-17}, "spectral_energy": {"dmean": 0.00766226137057, "dmean2": 0.0103347953409, "dvar": 0.000159916176926, "dvar2": 0.000338872079737, "max": 0.138792872429, "mean": 0.0224727243185, "median": 0.0154795628041, "min": 1.02335610756e-20, "var": 0.000420867145294}, "spectral_energyband_high": {"dmean": 0.000281952758087, "dmean2": 0.000420346943429, "dvar": 4.50306913535e-07, "dvar2": 1.06752963802e-06, "max": 0.00641171447933, "mean": 0.000324226886733, "median": 4.44132238044e-05, "min": 7.33401110868e-21, "var": 5.28764985575e-07}, "spectral_energyband_low": {"dmean": 0.00176492379978, "dmean2": 0.00254098768346, "dvar": 1.38983705256e-05, "dvar2": 3.53623872797e-05, "max": 0.0631370991468, "mean": 0.00479620648548, "median": 0.00213679950684, "min": 2.89962802001e-23, "var": 4.24784775532e-05}, "spectral_energyband_middle_high": {"dmean": 0.000414734502556, "dmean2": 0.000601090490818, "dvar": 9.39836013458e-07, "dvar2": 2.08430424209e-06, "max": 0.0126861035824, "mean": 0.000850318698213, "median": 0.000459647853859, "min": 1.13968615622e-21, "var": 1.57685178692e-06}, "spectral_energyband_middle_low": {"dmean": 0.00638040760532, "dmean2": 0.00886080041528, "dvar": 0.000128142157337, "dvar2": 0.000284911482595, "max": 0.130236640573, "mean": 0.0168171897531, "median": 0.0105639155954, "min": 2.03206593326e-22, "var": 0.000289393996354}, "spectral_entropy": {"dmean": 0.282020449638, "dmean2": 0.39693659544, "dvar": 0.167440101504, "dvar2": 0.349553018808, "max": 9.81371688843, "mean": 6.51867580414, "median": 6.53023910522, "min": 4.06531667709, "var": 0.729345977306}, "spectral_flux": {"dmean": 0.0235126018524, "dmean2": 0.0330998487771, "dvar": 0.00120511464775, "dvar2": 0.0023294694256, "max": 0.322748422623, "mean": 0.0491236820817, "median": 0.0285127032548, "min": 6.34126778865e-11, "var": 0.00255945138633}, "spectral_kurtosis": {"dmean": 6.47041893005, "dmean2": 10.3036661148, "dvar": 177.59197998, "dvar2": 412.330566406, "max": 200.627990723, "mean": 15.2584238052, "median": 7.91105890274, "min": -1.27571105957, "var": 506.934448242}, "spectral_rms": {"dmean": 0.000711831031367, "dmean2": 0.00091143528698, "dvar": 1.03290290099e-06, "dvar2": 2.03683998734e-06, "max": 0.011636480689, "mean": 0.00422917492688, "median": 0.00388613063842, "min": 3.15974069826e-12, "var": 4.03862077292e-06}, "spectral_rolloff": {"dmean": 190.605270386, "dmean2": 357.133514404, "dvar": 642863.75, "dvar2": 1815386.875, "max": 19767.4804688, "mean": 605.654968262, "median": 495.263671875, "min": 86.1328125, "var": 950204.375}, "spectral_skewness": {"dmean": 0.562255442142, "dmean2": 0.854728996754, "dvar": 0.678266763687, "dvar2": 1.53807842731, "max": 11.6309242249, "mean": 2.7910733223, "median": 2.45446968079, "min": -0.107305914164, "var": 2.40484809875}, "spectral_spread": {"dmean": 835938.9375, "dmean2": 1207426.75, "dvar": 1264923574270.0, "dvar2": 2584028381180.0, "max": 42691112, "mean": 4407466.5, "median": 4299014, "min": 310821, "var": 5691635924990.0}, "spectral_strongpeak": {"dmean": 0.26359808445, "dmean2": 0.411738246679, "dvar": 0.170553743839, "dvar2": 0.389501422644, "max": 5.23674249649, "mean": 0.898082435131, "median": 0.698453485966, "min": 0, "var": 0.529182970524}, "zerocrossingrate": {"dmean": 0.00746748317033, "dmean2": 0.00939598120749, "dvar": 0.000117214876809, "dvar2": 0.000182436575415, "max": 0.525390625, "mean": 0.0330438576639, "median": 0.0263671875, "min": 0.00390625, "var": 0.000700003991369}, "barkbands": {"dmean": [2.54568954006e-06, 0.00109359016642, 0.000767646648455, 0.000196767694433, 0.00237208930776, 0.00213286397047, 0.0021344574634, 0.000716416165233, 0.000409278378356, 0.000195475528017, 9.61398764048e-05, 5.29608005309e-05, 4.08445484936e-05, 3.41343766195e-05, 3.09201459459e-05, 3.01436339214e-05, 5.11375146743e-05, 4.88994410262e-05, 3.4254615457e-05, 4.59056318505e-05, 3.4725664591e-05, 8.23272348498e-05, 3.95574606955e-05, 4.56037050753e-05, 5.4794454627e-05, 7.00056398273e-06, 6.86987050358e-06], "dmean2": [4.38893493993e-06, 0.00166827137582, 0.00107850076165, 0.00030980547308, 0.00369124487042, 0.00326510216109, 0.00324981566519, 0.000906028726604, 0.00062417954905, 0.000298904662486, 0.000149637591676, 8.6432795797e-05, 6.1694161559e-05, 5.18806482432e-05, 4.80983871967e-05, 5.00799542351e-05, 7.94478328316e-05, 8.04777955636e-05, 5.35602302989e-05, 7.65353324823e-05, 5.64323127037e-05, 0.000133285066113, 5.99958366365e-05, 6.68215507176e-05, 8.31733341329e-05, 9.9674316516e-06, 1.06892566691e-05], "dvar": [7.64145413612e-11, 6.90517617841e-06, 3.91374715036e-06, 6.12438213921e-07, 2.62066350842e-05, 2.17388496822e-05, 2.46590989263e-05, 2.03006629818e-06, 2.3744473765e-06, 3.66218898762e-07, 5.69509417403e-08, 4.12006961881e-08, 1.01777279937e-08, 9.73983471653e-09, 7.80828290914e-09, 9.85963488631e-09, 2.76993947779e-08, 2.11084199009e-08, 7.37294936215e-09, 2.49775879979e-08, 1.12073026415e-08, 6.39558805915e-08, 1.58656874305e-08, 1.56358694881e-08, 2.38564794586e-08, 2.78832734679e-10, 4.9548193326e-10], "dvar2": [2.08013509195e-10, 1.86231718544e-05, 8.3910763351e-06, 1.50892674355e-06, 6.35082906228e-05, 5.4224023188e-05, 6.17519035586e-05, 3.32972399519e-06, 5.17916532772e-06, 8.98460484677e-07, 1.41118761121e-07, 1.03238079419e-07, 2.38621744586e-08, 2.2168675784e-08, 1.9583854538e-08, 2.65618087525e-08, 7.32707192697e-08, 5.79933399081e-08, 1.84940667225e-08, 6.8918708962e-08, 2.86934014326e-08, 1.64421052773e-07, 3.65737946595e-08, 3.50230777713e-08, 5.48578142912e-08, 5.84374881818e-10, 1.2490979362e-09], "max": [0.000215326304897, 0.0467645041645, 0.0454950928688, 0.0376329533756, 0.0760383084416, 0.08727722615, 0.0721626132727, 0.0500487610698, 0.0262469649315, 0.0165939591825, 0.00450018746778, 0.00455164629966, 0.00222798087634, 0.0032865551766, 0.00230506504886, 0.00216726656072, 0.00230515375733, 0.00165078067221, 0.00246760156006, 0.00232493178919, 0.00259760534391, 0.00303209247068, 0.00368162221275, 0.00257793231867, 0.00147233426105, 0.000285854475806, 0.000832466816064], "mean": [3.4826589399e-06, 0.00287408567965, 0.00171498977579, 0.000309465569444, 0.00434442935511, 0.00640996592119, 0.00289057497866, 0.00178324314766, 0.000853403063957, 0.000317165657179, 0.00017342279898, 6.04205633863e-05, 7.70017359173e-05, 6.26376640867e-05, 4.38390707131e-05, 3.89989472751e-05, 6.98542571627e-05, 5.40106375411e-05, 4.59254952148e-05, 5.53947356821e-05, 4.41829688498e-05, 8.38787454995e-05, 4.35567926615e-05, 4.88655678055e-05, 5.46797673451e-05, 8.71658266988e-06, 6.49083676763e-06], "median": [1.18731811938e-07, 0.000416242895881, 0.000407026353059, 1.39967323776e-05, 0.00235913065262, 0.00322513794526, 0.000740420771763, 0.000824147369713, 7.4388255598e-05, 0.000118387673865, 6.71887391945e-05, 1.22145956993e-05, 2.12241939153e-05, 1.73086518771e-05, 1.15528819151e-05, 6.65656625642e-06, 1.91485996766e-05, 9.01414659893e-06, 7.84324492997e-06, 5.7741171986e-06, 6.58614953863e-06, 6.38553865429e-06, 3.65486448572e-06, 4.57194528281e-06, 7.72984458308e-06, 6.45662566967e-07, 7.41096187085e-07], "min": [3.91460452932e-26, 9.77016774005e-24, 3.61801232861e-24, 2.97734722748e-24, 1.57410093889e-23, 1.78413562822e-23, 1.9984604587e-23, 2.45683755401e-23, 1.95880063446e-23, 1.94109228486e-23, 4.56884728249e-23, 2.65364825244e-23, 5.34674964756e-23, 3.87546063491e-23, 2.69411871014e-23, 8.09849022921e-23, 8.13482137597e-23, 1.15029690337e-22, 1.91328771474e-22, 2.35007494925e-22, 3.25609192254e-22, 3.1026558259e-22, 4.47272268792e-22, 6.65444235066e-22, 7.41934157433e-22, 1.34565796576e-21, 2.10024489676e-21], "var": [1.15886383822e-10, 2.46015551966e-05, 1.04947193904e-05, 1.14804970508e-06, 3.48216053681e-05, 6.82606332703e-05, 3.05721114273e-05, 9.12056748348e-06, 6.70018471283e-06, 5.61243211905e-07, 8.47459347142e-08, 3.80351181661e-08, 2.38188118118e-08, 1.95467784181e-08, 9.60481116863e-09, 1.05783897197e-08, 3.04893497116e-08, 2.1207522849e-08, 9.97849358697e-09, 2.54213059492e-08, 1.39224827223e-08, 6.06972392347e-08, 1.97236929012e-08, 1.80453731957e-08, 2.4593393988e-08, 4.1622708058e-10, 4.25403323678e-10]}, "erbbands": {"dmean": [0.0158652290702, 0.297195106745, 0.863790869713, 0.725590109825, 2.66023731232, 7.80163145065, 18.4292259216, 18.0998783112, 26.4521331787, 30.3213005066, 9.11255455017, 10.9216146469, 7.88198661804, 2.41178846359, 4.62208080292, 1.80180776119, 2.0104701519, 1.68033254147, 1.54114186764, 2.10896039009, 1.34324645996, 2.79746627808, 2.91534352303, 2.03297233582, 1.53711330891, 1.87058365345, 2.26326179504, 1.174685359, 2.52782344818, 2.6046538353, 1.13011395931, 0.771487236023, 0.79945319891, 0.875463187695, 0.270529717207, 0.0421900264919, 0.0115315327421, 0.008834220469, 0.000895437318832, 3.38978279615e-05], "dmean2": [0.0220043249428, 0.456211209297, 1.21639609337, 1.05133771896, 4.54708623886, 11.9735031128, 28.8717136383, 28.4629611969, 37.2621879578, 45.4038581848, 12.3719081879, 16.4458847046, 12.2028427124, 3.68956804276, 7.1242442131, 2.902967453, 3.02294993401, 2.56399655342, 2.31499457359, 3.45666837692, 2.15885996819, 4.32461214066, 4.7374382019, 3.27626442909, 2.36184501648, 3.04564404488, 3.8474650383, 1.86066818237, 4.25352144241, 4.06433200836, 1.68423616886, 1.16254770756, 1.15744483471, 1.34703838825, 0.397069722414, 0.0593842715025, 0.0166140533984, 0.013495602645, 0.00139228592161, 5.01106405864e-05], "dvar": [0.00156511925161, 0.501853048801, 4.34513950348, 4.65890789032, 128.993423462, 275.738189697, 1283.109375, 1801.73046875, 3960.10253906, 4223.28417969, 324.714935303, 1779.2755127, 656.353759766, 47.041557312, 175.399765015, 25.3501052856, 25.124162674, 22.6472301483, 16.6843185425, 65.22706604, 9.920753479, 89.0279693604, 83.5585784912, 30.1672096252, 14.7800016403, 34.3246192932, 76.5443878174, 9.61478042603, 68.7734069824, 68.0138702393, 13.990647316, 5.10712385178, 5.08777236938, 6.60195016861, 0.507441878319, 0.00917646568269, 0.000798901251983, 0.000618928926997, 1.22987203213e-05, 2.07443449085e-08], "dvar2": [0.0034457098227, 1.37209153175, 9.80464553833, 10.4915466309, 342.283935547, 662.66217041, 3233.2734375, 4563.84960938, 8980.26660156, 10962.2441406, 652.501647949, 3777.84570312, 1627.23779297, 115.555267334, 426.305633545, 62.3020210266, 58.3055648804, 52.2451705933, 37.3990478516, 177.468704224, 24.987165451, 238.289535522, 227.768264771, 79.9547195435, 36.3102111816, 93.0183944702, 216.690505981, 23.7464122772, 185.896286011, 166.756637573, 31.3481502533, 11.5893592834, 11.0533895493, 15.6262216568, 1.12393081188, 0.0186570752412, 0.0017292018747, 0.00145266763866, 3.25935252476e-05, 5.61229533957e-08], "max": [0.851263105869, 12.9299659729, 51.9600334167, 65.327583313, 240.929367065, 199.047531128, 607.644348145, 1070.30847168, 1218.25402832, 874.243652344, 402.93548584, 768.918457031, 669.025939941, 298.572113037, 269.868591309, 83.1582489014, 118.805076599, 168.791625977, 94.2982254028, 235.359939575, 44.395450592, 131.145202637, 108.919013977, 156.964019775, 78.1325149536, 93.8644104004, 122.876144409, 48.5848426819, 126.235771179, 111.819084167, 133.860549927, 52.3925132751, 65.1041870117, 24.8041439056, 9.53420257568, 1.56926560402, 0.490952402353, 0.396428227425, 0.177558228374, 0.00749330222607], "mean": [0.0424456261098, 0.781967103481, 2.15061116219, 1.48486864567, 2.4377720356, 15.5867414474, 43.711479187, 50.3829498291, 47.4988098145, 51.8441390991, 22.1467208862, 24.526304245, 12.2954339981, 4.75650072098, 7.83991527557, 2.60901665688, 3.85458707809, 3.22314071655, 2.53746247292, 2.56587123871, 2.15826749802, 3.71408987045, 3.37583684921, 2.52378177643, 2.23800230026, 2.4127395153, 2.4771604538, 1.50123155117, 2.4866206646, 2.6969628334, 1.27140569687, 0.818326711655, 0.877879977226, 0.842325985432, 0.292626529932, 0.0531649589539, 0.0136927384883, 0.00881507527083, 0.000866110029165, 5.17279804626e-05], "median": [0.00602520257235, 0.154854685068, 0.741160154343, 0.252325028181, 0.50818669796, 8.59351730347, 24.9294395447, 25.9264736176, 13.8203735352, 22.1788978577, 10.0299549103, 2.89151191711, 3.45839118958, 2.43896722794, 2.90043640137, 0.85587990284, 1.1262357235, 1.02775239944, 0.796038985252, 0.568038582802, 0.662105917931, 1.03388667107, 0.621276855469, 0.425005614758, 0.35329118371, 0.294634997845, 0.342194199562, 0.205815941095, 0.229991018772, 0.137140095234, 0.123855158687, 0.0917925834656, 0.0696435049176, 0.106686741114, 0.0442760102451, 0.00492860982195, 0.000987742096186, 0.00119374599308, 9.53070557443e-05, 2.17788292503e-05], "min": [2.33189580746e-22, 1.84332170992e-21, 2.87837123522e-21, 1.58318120248e-20, 2.38367748546e-20, 3.49846281933e-20, 6.51256744604e-20, 1.43096610804e-19, 3.17713843578e-19, 2.10870594468e-19, 5.67987910308e-19, 4.20145066396e-19, 5.94047304928e-19, 9.2411056731e-19, 1.4283949205e-18, 1.19873546126e-18, 2.17936035218e-18, 2.32311007378e-18, 2.42615795975e-18, 3.99716212657e-18, 5.77934674456e-18, 5.28588139679e-18, 7.57500323959e-18, 7.1299643536e-18, 1.0694564373e-17, 1.18180716866e-17, 1.06817397647e-17, 1.23692825129e-17, 1.05921643762e-17, 1.38801419638e-17, 1.2405042358e-17, 1.20696264099e-17, 1.25727077323e-17, 8.66370444742e-18, 5.24331550965e-18, 4.23961703592e-18, 2.70091923509e-18, 1.03012110404e-18, 2.76059742116e-19, 2.99757361604e-20], "var": [0.0117377266288, 1.58420372009, 12.1048192978, 11.4396724701, 92.4231872559, 412.882507324, 2756.54516602, 5457.07128906, 8502.22363281, 5999.55859375, 1111.87158203, 5395.10253906, 930.452819824, 73.8742294312, 227.094894409, 29.2611598969, 57.9050178528, 48.1213569641, 27.1301612854, 55.8798294067, 15.927359581, 92.0281143188, 84.5787658691, 34.9271316528, 24.8647689819, 40.5889968872, 58.5676002502, 12.8350715637, 55.372013092, 72.544708252, 18.1639785767, 5.84240007401, 6.34406757355, 6.43268489838, 0.581079304218, 0.0143633093685, 0.00109020713717, 0.000625322572887, 9.4414999694e-06, 1.58354449553e-08]}, "gfcc": {"mean": [-88.1328277588, 115.120925903, -88.4967880249, 4.20735454559, -79.4112854004, -15.248503685, -47.8163795471, 0.0597874931991, -15.9159612656, 3.07825684547, -3.12489748001, 4.60308885574, -0.850300371647], "cov": [[14101.8994141, -2113.43334961, 642.753723145, 1274.28356934, -332.520355225, 1061.59326172, -12.2618370056, 809.894470215, -259.660339355, 381.377166748, -268.569824219, 78.6142196655, -459.71307373], [-2113.43334961, 1971.7722168, -252.132446289, -443.342102051, 296.616790771, -358.912963867, 209.654190063, -197.468276978, 137.294677734, -242.084793091, 179.61114502, -101.27633667, 187.880859375], [642.753723145, -252.132446289, 1187.08361816, 300.882080078, 368.626190186, 633.027038574, 65.3126220703, 363.469207764, -12.4096374512, 218.675750732, -35.6536941528, 5.75124454498, -94.2302932739], [1274.28356934, -443.342102051, 300.882080078, 745.931091309, 185.765853882, 334.0809021, 176.947937012, 251.476974487, 64.2333602905, 215.128570557, -3.08488559723, 35.1060447693, -61.4379959106], [-332.520355225, 296.616790771, 368.626190186, 185.765853882, 446.519378662, 240.249404907, 158.277130127, 140.884002686, 39.1048278809, 109.863380432, 24.6541538239, -16.9171028137, -2.16827178001], [1061.59326172, -358.912963867, 633.027038574, 334.0809021, 240.249404907, 605.269836426, 76.2538986206, 257.975616455, 8.42088031769, 189.764358521, -21.1961250305, 12.0174827576, -94.2230758667], [-12.2618370056, 209.654190063, 65.3126220703, 176.947937012, 158.277130127, 76.2538986206, 229.973648071, 86.783493042, 65.5538635254, 62.4663009644, 35.6701278687, 4.4466137886, 12.0852117538], [809.894470215, -197.468276978, 363.469207764, 251.476974487, 140.884002686, 257.975616455, 86.783493042, 291.618774414, 47.7389755249, 140.376190186, 2.34958052635, 27.7071456909, -33.2479171753], [-259.660339355, 137.294677734, -12.4096374512, 64.2333602905, 39.1048278809, 8.42088031769, 65.5538635254, 47.7389755249, 152.476913452, 35.5447616577, 51.0201416016, 29.3199958801, 26.0715503693], [381.377166748, -242.084793091, 218.675750732, 215.128570557, 109.863380432, 189.764358521, 62.4663009644, 140.376190186, 35.5447616577, 207.100219727, 13.1963968277, 22.6431789398, -11.1494789124], [-268.569824219, 179.61114502, -35.6536941528, -3.08488559723, 24.6541538239, -21.1961250305, 35.6701278687, 2.34958052635, 51.0201416016, 13.1963968277, 113.417320251, 26.8917598724, 28.6780147552], [78.6142196655, -101.27633667, 5.75124454498, 35.1060447693, -16.9171028137, 12.0174827576, 4.4466137886, 27.7071456909, 29.3199958801, 22.6431789398, 26.8917598724, 113.502571106, 23.9859905243], [-459.71307373, 187.880859375, -94.2302932739, -61.4379959106, -2.16827178001, -94.2230758667, 12.0852117538, -33.2479171753, 26.0715503693, -11.1494789124, 28.6780147552, 23.9859905243, 128.612045288]], "icov": [[0.000141952506965, -0.000130961925606, 0.000163160366355, -0.0002033176861, 0.000359859201126, -0.000266204733634, 0.000112325011287, -0.000452976732049, 0.000402796082199, -9.83834470389e-05, 0.000232377045904, -0.000174388667801, 0.000295041216305], [-0.000130961925606, 0.00223703775555, -0.000455582194263, 0.00114360509906, -0.00209093163721, 0.000927457585931, -0.00177039101254, 0.000882434658706, -0.00165621272754, 0.00245623080991, -0.00237906887196, 0.00208080909215, -0.00179375917651], [0.000163160366355, -0.000455582194263, 0.00276768906042, 5.45807524759e-05, -0.000415836955654, -0.00220413366333, 0.00112279737368, -0.00225960137323, 0.00118150596973, -0.000545670627616, 0.000853353121784, -0.000525522918906, 0.000612092670053], [-0.0002033176861, 0.00114360509906, 5.45807524759e-05, 0.00333568570204, -0.00130152516067, -5.77224382141e-05, -0.00216093217023, -8.24398448458e-05, -0.00126885354985, -0.000189542974113, -0.000699299213011, 0.000653446826618, -0.000371552887373], [0.000359859201126, -0.00209093163721, -0.000415836955654, -0.00130152516067, 0.00667166849598, -0.00176181993447, -0.0007463125512, -0.00111638614908, 0.0020448777359, -0.00256364839152, 0.00177371443715, -0.000888942915481, 0.00115116196685], [-0.000266204733634, 0.000927457585931, -0.00220413366333, -5.77224382141e-05, -0.00176181993447, 0.00576311675832, -0.000570885022171, 0.000426845275797, -0.00103700719774, -0.000288615905447, -0.000981356599368, 0.000596837257035, 0.000700274307746], [0.000112325011287, -0.00177039101254, 0.00112279737368, -0.00216093217023, -0.0007463125512, -0.000570885022171, 0.00904403533787, -0.0018687711563, -0.000169732084032, -0.00162634288426, 0.000895700475667, -0.00102903228253, 0.000899956212379], [-0.000452976732049, 0.000882434658706, -0.00225960137323, -8.24398448458e-05, -0.00111638614908, 0.000426845275797, -0.0018687711563, 0.0097696390003, -0.0030792162288, -0.00100196816493, -0.000761965056881, 8.75287005329e-05, -0.000917148485314], [0.000402796082199, -0.00165621272754, 0.00118150596973, -0.00126885354985, 0.0020448777359, -0.00103700719774, -0.000169732084032, -0.0030792162288, 0.0111065646634, -0.00211029220372, -0.000951659632847, -0.00266146264039, 0.000887570146006], [-9.83834470389e-05, 0.00245623080991, -0.000545670627616, -0.000189542974113, -0.00256364839152, -0.000288615905447, -0.00162634288426, -0.00100196816493, -0.00211029220372, 0.0116531206295, -0.00338396430016, 0.00195098528638, -0.00296230823733], [0.000232377045904, -0.00237906887196, 0.000853353121784, -0.000699299213011, 0.00177371443715, -0.000981356599368, 0.000895700475667, -0.000761965056881, -0.000951659632847, -0.00338396430016, 0.0140817519277, -0.0042563918978, 0.0011804207461], [-0.000174388667801, 0.00208080909215, -0.000525522918906, 0.000653446826618, -0.000888942915481, 0.000596837257035, -0.00102903228253, 8.75287005329e-05, -0.00266146264039, 0.00195098528638, -0.0042563918978, 0.0125621827319, -0.00387943955138], [0.000295041216305, -0.00179375917651, 0.000612092670053, -0.000371552887373, 0.00115116196685, 0.000700274307746, 0.000899956212379, -0.000917148485314, 0.000887570146006, -0.00296230823733, 0.0011804207461, -0.00387943955138, 0.0119556272402]]}, "melbands": {"dmean": [0.000233778700931, 0.000433439505287, 0.000155110174092, 0.000346383749275, 0.000623466214165, 0.000404471415095, 0.000424411293352, 0.000299110281048, 6.85886116116e-05, 6.3171130023e-05, 3.7538815377e-05, 9.20998991205e-06, 1.46035517901e-05, 7.81441212894e-06, 4.047361017e-06, 3.96497443944e-06, 3.22646951645e-06, 2.61690297521e-06, 2.35666016124e-06, 2.75195407085e-06, 1.45848298416e-06, 2.72280544777e-06, 3.61038155461e-06, 2.06132335734e-06, 1.69044119502e-06, 1.14531098916e-06, 1.06445270376e-06, 1.39066992233e-06, 1.86803799807e-06, 7.43810005588e-07, 6.91980687861e-07, 1.32351226512e-06, 1.907917067e-06, 1.17867136851e-06, 6.62338038637e-07, 4.89365675094e-07, 4.86561191337e-07, 5.54228051897e-07, 4.85197062972e-07, 9.49403329287e-07], "dmean2": [0.000347851775587, 0.000625457905699, 0.000238482869463, 0.000561050139368, 0.000969873450231, 0.00062484346563, 0.000611048191786, 0.00043839000864, 9.55633222475e-05, 9.64882565313e-05, 5.84411864111e-05, 1.43773822856e-05, 2.25737076107e-05, 1.24057687572e-05, 6.22091056357e-06, 6.12402482147e-06, 4.9502073125e-06, 3.96813220505e-06, 3.73514035346e-06, 4.58781050838e-06, 2.32516413234e-06, 4.13300085711e-06, 5.91056777921e-06, 3.38210975315e-06, 2.7507123832e-06, 1.77282038294e-06, 1.67100142789e-06, 2.29958800446e-06, 3.26988310917e-06, 1.15760303743e-06, 1.11577264761e-06, 2.27342252401e-06, 3.11164285449e-06, 1.83961219591e-06, 1.01301122868e-06, 7.18995977422e-07, 7.54016127757e-07, 8.28667225505e-07, 6.99702127349e-07, 1.49480467826e-06], "dvar": [3.20867570736e-07, 9.37470701956e-07, 2.08426712334e-07, 1.23940640151e-06, 1.39895610118e-06, 8.81871244474e-07, 9.76333808467e-07, 3.70301506791e-07, 2.48078197984e-08, 5.76107765937e-08, 1.54461474722e-08, 7.92295007379e-10, 1.47822354357e-09, 7.16526560307e-10, 8.74505329262e-11, 1.18646967251e-10, 9.12103448325e-11, 5.37913776022e-11, 5.6349230837e-11, 1.09911121871e-10, 9.1572374683e-12, 6.61555463188e-11, 1.95309643458e-10, 3.4572726626e-11, 2.2760411611e-11, 7.27309922358e-12, 1.05722566118e-11, 2.25358776779e-11, 6.84956674712e-11, 7.51317324327e-12, 4.04528754244e-12, 2.17778850509e-11, 3.89495276309e-11, 1.44088109499e-11, 6.30211464611e-12, 1.92468567126e-12, 3.26207854132e-12, 2.5657119658e-12, 3.01545528998e-12, 8.58945293364e-12], "dvar2": [8.28362999528e-07, 2.30734258366e-06, 5.0477598279e-07, 3.2746506804e-06, 3.44392128682e-06, 2.17081583287e-06, 2.27256737162e-06, 9.17954309898e-07, 5.15683389324e-08, 1.256525195e-07, 3.82447886693e-08, 1.97630312115e-09, 3.61617868982e-09, 1.75214942555e-09, 2.08442346716e-10, 2.90570456585e-10, 2.09870038015e-10, 1.24290078229e-10, 1.46442719062e-10, 3.00451996615e-10, 2.28682888598e-11, 1.71772054913e-10, 5.44278178083e-10, 9.37220023811e-11, 6.09566078169e-11, 1.71312426051e-11, 2.80837349903e-11, 6.12340525508e-11, 1.98130900575e-10, 1.67488366926e-11, 1.01550261256e-11, 5.99796046163e-11, 9.94282225997e-11, 3.47743327189e-11, 1.46104951054e-11, 4.17116471571e-12, 7.71607343991e-12, 5.94912921009e-12, 6.70954394474e-12, 2.07412004238e-11], "max": [0.00899592600763, 0.0202722270042, 0.0131192067638, 0.0200322698802, 0.017398448661, 0.0208419300616, 0.0167294573039, 0.0112351756543, 0.00292224879377, 0.00420822948217, 0.00327865383588, 0.0013263275614, 0.000797318993136, 0.000573877419811, 0.000174698681803, 0.000266162998741, 0.000387688109186, 0.000199254747713, 0.000207628225326, 0.000265988433966, 4.95688545925e-05, 0.000123922232888, 0.000183997006388, 8.40716747916e-05, 0.000152566688485, 4.55955560028e-05, 8.81109372131e-05, 8.25108218123e-05, 0.000112498280942, 0.000116633003927, 4.59792281617e-05, 6.98947624187e-05, 0.000100630328234, 7.33975612093e-05, 8.08292243164e-05, 3.34179821948e-05, 4.42853161076e-05, 4.61596464447e-05, 3.36962293659e-05, 2.64774262178e-05], "mean": [0.00060775235761, 0.00115098350216, 0.000270448683295, 0.000514542567544, 0.00147011259105, 0.00117718952242, 0.000695287133567, 0.000551688252017, 0.000167762176716, 0.000134317568154, 5.55378101126e-05, 1.71666488313e-05, 2.60593515122e-05, 1.03517841126e-05, 7.06199762135e-06, 6.96932147548e-06, 6.16502484263e-06, 4.18344734499e-06, 3.10737459586e-06, 3.31648584506e-06, 2.35092625189e-06, 3.83325959774e-06, 3.94495236833e-06, 2.3972006602e-06, 2.03037893698e-06, 1.51819858729e-06, 1.60898377999e-06, 1.6342763729e-06, 1.8227781311e-06, 9.97771167022e-07, 8.46760315198e-07, 1.25648614357e-06, 1.88624505881e-06, 1.23337406421e-06, 7.21551714378e-07, 5.55300630367e-07, 4.80804885683e-07, 5.80159792207e-07, 5.44339684438e-07, 8.58615464949e-07], "median": [8.60166546772e-05, 0.000446000514785, 4.69699152745e-05, 0.000231982150581, 0.000921344500966, 0.000586337642744, 0.000184816963156, 0.000249331060331, 6.0108526668e-05, 1.39750918606e-05, 1.44923542393e-05, 7.92000537331e-06, 9.99574785965e-06, 2.42065516431e-06, 2.07736684388e-06, 1.93365576706e-06, 1.67509142557e-06, 1.27111923121e-06, 7.94297136508e-07, 5.63450385016e-07, 6.93169340593e-07, 1.14062299872e-06, 5.87895669923e-07, 4.10078143886e-07, 3.04370047388e-07, 2.46434183282e-07, 1.93559060335e-07, 1.67632748571e-07, 2.23421011469e-07, 1.35670887857e-07, 9.717020788e-08, 1.26726902749e-07, 9.87239872074e-08, 5.77041916472e-08, 6.44536299887e-08, 6.50362323995e-08, 4.38767884248e-08, 4.42339924689e-08, 4.00515460797e-08, 1.01016773613e-07], "min": [2.82800225027e-24, 1.5546428958e-24, 2.29904024774e-24, 2.90977340234e-24, 2.54361158305e-24, 2.98414602519e-24, 4.85023593953e-24, 2.72521682976e-24, 3.90480981045e-24, 2.3833550818e-24, 2.60683069878e-24, 3.06273392629e-24, 4.77939701911e-24, 3.45348513164e-24, 3.93414241992e-24, 5.00729656804e-24, 3.4266993596e-24, 3.45623036759e-24, 2.68818848773e-24, 3.37096199791e-24, 6.62208734685e-24, 4.94379997049e-24, 6.0883093485e-24, 6.36485755503e-24, 5.05781285383e-24, 6.39475065017e-24, 5.94802858031e-24, 7.5796855997e-24, 5.43350628222e-24, 5.79311838663e-24, 6.01174250904e-24, 5.29736940036e-24, 6.5688865674e-24, 7.32923251748e-24, 6.57099953134e-24, 5.70660913875e-24, 6.09467506157e-24, 8.17655117122e-24, 7.78025427371e-24, 6.97549229923e-24], "var": [1.48334788719e-06, 2.63277456725e-06, 3.57938262141e-07, 1.06270999822e-06, 2.65122071141e-06, 2.88683213512e-06, 1.82642440905e-06, 6.89226624218e-07, 7.99834865006e-08, 1.62894664868e-07, 2.19191100825e-08, 1.24749477415e-09, 2.05608841064e-09, 7.3456346561e-10, 1.80703549346e-10, 2.19324725048e-10, 2.14675513477e-10, 7.89405277257e-11, 5.61544907796e-11, 1.03463675127e-10, 1.65326467794e-11, 7.61703825014e-11, 1.76262199281e-10, 3.77249516348e-11, 2.48163243427e-11, 1.05203398076e-11, 1.99202911111e-11, 2.37231310984e-11, 4.42702610681e-11, 1.37776803855e-11, 5.26907944359e-12, 1.64897921706e-11, 3.7351920168e-11, 1.59975071384e-11, 7.76322669344e-12, 2.52854790057e-12, 3.31135878266e-12, 2.88936734781e-12, 3.35913415139e-12, 7.79126329425e-12]}, "mfcc": {"mean": [-740.747497559, 150.645263672, 29.7720928192, 11.8441286087, -9.1197309494, -19.0438098907, -19.6823310852, -13.2667999268, -10.1217336655, -9.78605079651, -1.95708191395, 1.34296822548, 2.66658616066], "cov": [[10234.3808594, -1199.80432129, 423.821624756, 769.437255859, 139.557052612, 511.636138916, 430.073883057, 378.906280518, 300.516662598, 342.533050537, 364.266540527, 29.4049377441, 155.00668335], [-1199.80432129, 1750.72424316, 20.1551704407, -221.229476929, 109.573028564, -129.822555542, 49.6353263855, 10.6185407639, 20.9681377411, -51.9181976318, -83.2019042969, 69.8299560547, -32.8937149048], [423.821624756, 20.1551704407, 726.659973145, 128.241973877, 373.345733643, 276.12890625, 292.46572876, 171.075973511, 191.051940918, 156.923782349, 136.673049927, 89.0385284424, 80.1387405396], [769.437255859, -221.229476929, 128.241973877, 571.205444336, 154.021911621, 211.482254028, 208.529052734, 135.020858765, 162.168167114, 184.31010437, 124.281570435, 79.7234573364, 85.181678772], [139.557052612, 109.573028564, 373.345733643, 154.021911621, 434.768341064, 256.533203125, 269.279144287, 134.2215271, 167.768112183, 146.609680176, 98.297996521, 80.723739624, 64.7153625488], [511.636138916, -129.822555542, 276.12890625, 211.482254028, 256.533203125, 362.579772949, 253.802566528, 131.904098511, 144.913024902, 144.23815918, 119.917640686, 65.3860855103, 81.7104797363], [430.073883057, 49.6353263855, 292.46572876, 208.529052734, 269.279144287, 253.802566528, 358.584411621, 132.792480469, 160.449066162, 146.435928345, 98.2319030762, 85.0924606323, 67.82837677], [378.906280518, 10.6185407639, 171.075973511, 135.020858765, 134.2215271, 131.904098511, 132.792480469, 197.315139771, 93.367515564, 73.7889709473, 82.8768539429, 53.0942726135, 66.1741027832], [300.516662598, 20.9681377411, 191.051940918, 162.168167114, 167.768112183, 144.913024902, 160.449066162, 93.367515564, 207.973297119, 111.36920166, 75.039932251, 50.5678520203, 49.8529891968], [342.533050537, -51.9181976318, 156.923782349, 184.31010437, 146.609680176, 144.23815918, 146.435928345, 73.7889709473, 111.36920166, 197.409851074, 94.7587509155, 55.7529907227, 36.7097015381], [364.266540527, -83.2019042969, 136.673049927, 124.281570435, 98.297996521, 119.917640686, 98.2319030762, 82.8768539429, 75.039932251, 94.7587509155, 156.215606689, 45.5564002991, 60.7418060303], [29.4049377441, 69.8299560547, 89.0385284424, 79.7234573364, 80.723739624, 65.3860855103, 85.0924606323, 53.0942726135, 50.5678520203, 55.7529907227, 45.5564002991, 155.984359741, 48.3775444031], [155.00668335, -32.8937149048, 80.1387405396, 85.181678772, 64.7153625488, 81.7104797363, 67.82837677, 66.1741027832, 49.8529891968, 36.7097015381, 60.7418060303, 48.3775444031, 120.771896362]], "icov": [[0.000125717284391, 6.04123233643e-05, -3.05727735395e-05, -7.15436181054e-05, 0.000147820857819, -4.35323745478e-05, -9.10502567422e-05, -0.000144939360325, -3.50821683242e-05, -2.52877907769e-05, -0.000115377908514, 8.13032020233e-05, 5.4271742556e-05], [6.04123233643e-05, 0.000766569632106, 0.000124700862216, 0.000320650724461, -0.000360512756743, 0.000608849863056, -0.000426148064435, -0.000303623557556, -0.000256766361417, 6.36653858237e-05, 0.000235423707636, -0.000369687273633, 0.000125610778923], [-3.05727735395e-05, 0.000124700862216, 0.0029001282528, 0.000705817481503, -0.00159603997599, -0.00016626631259, -0.000642340572085, -0.000653187162243, -0.000656427873764, -0.00012890031212, -0.000654339732137, -0.000160548879649, 4.09203821619e-05], [-7.15436181054e-05, 0.000320650724461, 0.000705817481503, 0.00331118726172, 0.000144441408338, -0.000257782201516, -0.000733555410989, -0.000731037987862, -0.00102132523898, -0.00170510972384, -9.65337749221e-05, -0.000398374308133, -0.000567059905734], [0.000147820857819, -0.000360512756743, -0.00159603997599, 0.000144441408338, 0.00650599319488, -0.00194047240075, -0.00154562841635, -0.000426578859333, -0.000966525403783, -0.000949300185312, 0.000348023429979, -8.85771514731e-05, 0.000145667087054], [-4.35323745478e-05, 0.000608849863056, -0.00016626631259, -0.000257782201516, -0.00194047240075, 0.00768235186115, -0.00280540669337, -0.000529905606527, -0.000146962323925, -0.000565337191802, -0.00110944837797, 0.000384801271139, -0.00114170776214], [-9.10502567422e-05, -0.000426148064435, -0.000642340572085, -0.000733555410989, -0.00154562841635, -0.00280540669337, 0.00806685350835, -0.000520632078405, -0.00105651386548, -0.00086309411563, 0.000701975426637, -0.00089175341418, 0.000128021303681], [-0.000144939360325, -0.000303623557556, -0.000653187162243, -0.000731037987862, -0.000426578859333, -0.000529905606527, -0.000520632078405, 0.008922919631, -0.00077283551218, 0.000832209188957, -0.00169262196869, -0.000365944142686, -0.00189329846762], [-3.50821683242e-05, -0.000256766361417, -0.000656427873764, -0.00102132523898, -0.000966525403783, -0.000146962323925, -0.00105651386548, -0.00077283551218, 0.00945811066777, -0.00186912692152, -0.000116248964332, 0.000244609924266, -0.000610375776887], [-2.52877907769e-05, 6.36653858237e-05, -0.00012890031212, -0.00170510972384, -0.000949300185312, -0.000565337191802, -0.00086309411563, 0.000832209188957, -0.00186912692152, 0.0109275421128, -0.00345894368365, -0.00102932925802, 0.00185988214798], [-0.000115377908514, 0.000235423707636, -0.000654339732137, -9.65337749221e-05, 0.000348023429979, -0.00110944837797, 0.000701975426637, -0.00169262196869, -0.000116248964332, -0.00345894368365, 0.0119643686339, -0.000501879199874, -0.00290524004959], [8.13032020233e-05, -0.000369687273633, -0.000160548879649, -0.000398374308133, -8.85771514731e-05, 0.000384801271139, -0.00089175341418, -0.000365944142686, 0.000244609924266, -0.00102932925802, -0.000501879199874, 0.00848969817162, -0.00226546241902], [5.4271742556e-05, 0.000125610778923, 4.09203821619e-05, -0.000567059905734, 0.000145667087054, -0.00114170776214, 0.000128021303681, -0.00189329846762, -0.000610375776887, 0.00185988214798, -0.00290524004959, -0.00226546241902, 0.0123325875029]]}, "spectral_contrast_coeffs": {"dmean": [0.0449769347906, 0.0396274141967, 0.0342375300825, 0.0261624194682, 0.0228997804224, 0.0195510163903], "dmean2": [0.0745412483811, 0.0625419616699, 0.0531904362142, 0.0414879769087, 0.0359143428504, 0.0311415884644], "dvar": [0.00205541634932, 0.00161488517188, 0.00117856136058, 0.000620343897026, 0.000542304187547, 0.000400375225581], "dvar2": [0.00498713925481, 0.00380728626624, 0.0027596198488, 0.00141337513924, 0.00127288047224, 0.000978981028311], "max": [-0.22495675087, -0.319056034088, -0.409180521965, -0.554871976376, -0.606894254684, -0.64465546608], "mean": [-0.525779724121, -0.612816154957, -0.712487518787, -0.773955523968, -0.789146244526, -0.789242208004], "median": [-0.522837877274, -0.609242677689, -0.713558137417, -0.782727360725, -0.798546552658, -0.791937708855], "min": [-0.98042756319, -0.995955824852, -0.980177998543, -0.96600061655, -0.9648026824, -0.96239554882], "var": [0.0121136652306, 0.00750801246613, 0.00695795100182, 0.00363882048987, 0.00300156814046, 0.00182514160406]}, "spectral_contrast_valleys": {"dmean": [0.494417667389, 0.38596919179, 0.403503000736, 0.39441049099, 0.411377489567, 0.530131697655], "dmean2": [0.778355717659, 0.56849604845, 0.591417610645, 0.561897099018, 0.551160037518, 0.682179510593], "dvar": [0.282310128212, 0.184523895383, 0.248878419399, 0.259125858545, 0.322507739067, 0.454625189304], "dvar2": [0.567753016949, 0.328130096197, 0.430023521185, 0.4