{"lowlevel": {"average_loudness": 0.897130608559, "barkbands_crest": {"dmean": 2.07853317261, "dmean2": 3.29498720169, "dvar": 4.58357810974, "dvar2": 10.758149147, "max": 24.262430191, "mean": 9.29020881653, "median": 8.38989639282, "min": 2.71853661537, "var": 14.649014473}, "barkbands_flatness_db": {"dmean": 0.0246394146234, "dmean2": 0.0360652431846, "dvar": 0.000763878575526, "dvar2": 0.00142404576764, "max": 0.435933440924, "mean": 0.138358771801, "median": 0.128484845161, "min": 0.0271785892546, "var": 0.00369934272021}, "barkbands_kurtosis": {"dmean": 4.32902526855, "dmean2": 6.81213712692, "dvar": 104.958618164, "dvar2": 244.634017944, "max": 247.554840088, "mean": 6.84279870987, "median": 3.18713521957, "min": -1.90569579601, "var": 174.775619507}, "barkbands_skewness": {"dmean": 0.589260578156, "dmean2": 0.905611217022, "dvar": 0.577279806137, "dvar2": 1.36484539509, "max": 12.6298265457, "mean": 1.91359698772, "median": 1.71472036839, "min": -3.94798564911, "var": 1.70147633553}, "barkbands_spread": {"dmean": 6.90929460526, "dmean2": 10.9703397751, "dvar": 108.06111908, "dvar2": 253.572509766, "max": 121.470558167, "mean": 20.0110836029, "median": 16.329662323, "min": 0.492848724127, "var": 220.009719849}, "dissonance": {"dmean": 0.0171910654753, "dmean2": 0.0294148083776, "dvar": 0.000345683423802, "dvar2": 0.000915993878152, "max": 0.500000119209, "mean": 0.458711147308, "median": 0.465010553598, "min": 0.248001918197, "var": 0.000807990028989}, "dynamic_complexity": 4.35954856873, "erbbands_crest": {"dmean": 1.8072630167, "dmean2": 2.84772348404, "dvar": 3.33008480072, "dvar2": 7.83715295792, "max": 27.406999588, "mean": 7.67799711227, "median": 6.60759067535, "min": 2.42627358437, "var": 14.6946725845}, "erbbands_flatness_db": {"dmean": 0.0214982908219, "dmean2": 0.0291963387281, "dvar": 0.000598128710408, "dvar2": 0.00108925311361, "max": 0.324683278799, "mean": 0.136639147997, "median": 0.133147865534, "min": 0.0354257971048, "var": 0.00209025107324}, "erbbands_kurtosis": {"dmean": 0.956357359886, "dmean2": 1.58512461185, "dvar": 4.74089622498, "dvar2": 12.265586853, "max": 34.8505439758, "mean": 0.651410460472, "median": 0.00554156303406, "min": -1.9131500721, "var": 7.73339939117}, "erbbands_skewness": {"dmean": 0.334377259016, "dmean2": 0.53208732605, "dvar": 0.205030873418, "dvar2": 0.492169052362, "max": 4.98529243469, "mean": 0.464840263128, "median": 0.454438149929, "min": -4.19373130798, "var": 0.523995280266}, "erbbands_spread": {"dmean": 11.0666694641, "dmean2": 17.1525325775, "dvar": 290.372467041, "dvar2": 696.70123291, "max": 196.805801392, "mean": 41.2240028381, "median": 37.1743469238, "min": 4.14422512054, "var": 482.466186523}, "hfc": {"dmean": 10.6463241577, "dmean2": 16.5502929688, "dvar": 343.025146484, "dvar2": 799.153015137, "max": 208.440383911, "mean": 20.037405014, "median": 12.4866695404, "min": 2.65745239147e-08, "var": 533.302429199}, "melbands_crest": {"dmean": 2.64015674591, "dmean2": 4.13293933868, "dvar": 8.05892753601, "dvar2": 17.8025684357, "max": 36.1602973938, "mean": 13.1921854019, "median": 11.9668922424, "min": 2.7352013588, "var": 29.5483493805}, "melbands_flatness_db": {"dmean": 0.0299939308316, "dmean2": 0.044283170253, "dvar": 0.00115499214735, "dvar2": 0.00211143889464, "max": 0.579940140247, "mean": 0.220501869917, "median": 0.209879457951, "min": 0.01285349112, "var": 0.00615395139903}, "melbands_kurtosis": {"dmean": 9.79044914246, "dmean2": 15.513838768, "dvar": 570.278198242, "dvar2": 1554.71374512, "max": 528.709533691, "mean": 18.415725708, "median": 10.3604221344, "min": -1.45096170902, "var": 851.291870117}, "melbands_skewness": {"dmean": 0.804719090462, "dmean2": 1.23871874809, "dvar": 1.21679842472, "dvar2": 2.87552785873, "max": 19.1365375519, "mean": 2.99122476578, "median": 2.71622347832, "min": -0.463970184326, "var": 3.08750557899}, "melbands_spread": {"dmean": 4.9285736084, "dmean2": 7.69932794571, "dvar": 57.0964775085, "dvar2": 127.001083374, "max": 162.577911377, "mean": 17.2173957825, "median": 15.181476593, "min": 0.393827080727, "var": 170.835113525}, "pitch_salience": {"dmean": 0.0650984570384, "dmean2": 0.102462686598, "dvar": 0.00419301865622, "dvar2": 0.01017928496, "max": 0.897365629673, "mean": 0.578423261642, "median": 0.590341746807, "min": 0.0896496251225, "var": 0.0115535259247}, "silence_rate_20dB": {"dmean": 0, "dmean2": 0, "dvar": 0, "dvar2": 0, "max": 1, "mean": 1, "median": 1, "min": 1, "var": 0}, "silence_rate_30dB": {"dmean": 0.0390359796584, "dmean2": 0.0780852138996, "dvar": 0.0375127419829, "dvar2": 0.0757239088416, "max": 1, "mean": 0.936874270439, "median": 1, "min": 0, "var": 0.0591427050531}, "silence_rate_60dB": {"dmean": 0.0173116084188, "dmean2": 0.0344593450427, "dvar": 0.0170104261488, "dvar2": 0.0400643646717, "max": 1, "mean": 0.0724588483572, "median": 0, "min": 0, "var": 0.0672072395682}, "spectral_centroid": {"dmean": 195.433197021, "dmean2": 304.606292725, "dvar": 62783.3046875, "dvar2": 130741.507812, "max": 5025.97607422, "mean": 1017.4786377, "median": 919.702819824, "min": 154.537628174, "var": 305360.25}, "spectral_complexity": {"dmean": 2.63102507591, "dmean2": 3.96723818779, "dvar": 9.79397678375, "dvar2": 19.560087204, "max": 59, "mean": 17.8544044495, "median": 18, "min": 0, "var": 77.1674423218}, "spectral_decrease": {"dmean": 4.07941058711e-09, "dmean2": 6.41107478216e-09, "dvar": 6.1319143654e-17, "dvar2": 1.37829902626e-16, "max": 1.1680689163e-15, "mean": -9.0388594387e-09, "median": -6.45322417725e-09, "min": -8.14670926275e-08, "var": 1.09881454962e-16}, "spectral_energy": {"dmean": 0.0160339139402, "dmean2": 0.0250205565244, "dvar": 0.000916429446079, "dvar2": 0.00206204503775, "max": 0.311891019344, "mean": 0.0359321422875, "median": 0.0258016139269, "min": 2.69905191946e-12, "var": 0.00164559215773}, "spectral_energyband_high": {"dmean": 0.000761862902436, "dmean2": 0.00121975084767, "dvar": 2.43773342845e-06, "dvar2": 5.80438381803e-06, "max": 0.0232312791049, "mean": 0.00103896227665, "median": 0.000231943020481, "min": 1.94247981415e-12, "var": 4.17729688706e-06}, "spectral_energyband_low": {"dmean": 0.0100512560457, "dmean2": 0.015963377431, "dvar": 0.000518164772075, "dvar2": 0.00110341852996, "max": 0.262872666121, "mean": 0.0185944382101, "median": 0.0107185421512, "min": 3.68917475236e-14, "var": 0.000996349728666}, "spectral_energyband_middle_high": {"dmean": 0.00126519973855, "dmean2": 0.00184087420348, "dvar": 4.75033766634e-06, "dvar2": 1.17727504403e-05, "max": 0.038782171905, "mean": 0.00406937114894, "median": 0.00291358586401, "min": 4.32644236192e-13, "var": 1.37206543513e-05}, "spectral_energyband_middle_low": {"dmean": 0.00698283500969, "dmean2": 0.0112553527579, "dvar": 0.000162054304383, "dvar2": 0.000416400464019, "max": 0.197116822004, "mean": 0.0138697456568, "median": 0.0104962419719, "min": 7.67815512234e-14, "var": 0.000193774612853}, "spectral_entropy": {"dmean": 0.233504354954, "dmean2": 0.333006531, "dvar": 0.0888125747442, "dvar2": 0.177165180445, "max": 8.82993030548, "mean": 7.37559938431, "median": 7.39251184464, "min": 5.01076173782, "var": 0.246363267303}, "spectral_flux": {"dmean": 0.0406650714576, "dmean2": 0.066055059433, "dvar": 0.00338573101908, "dvar2": 0.00732824020088, "max": 0.519281029701, "mean": 0.0844793394208, "median": 0.064367942512, "min": 3.13630844175e-05, "var": 0.0055990726687}, "spectral_kurtosis": {"dmean": 2.19679617882, "dmean2": 3.49849772453, "dvar": 9.79533576965, "dvar2": 22.7383346558, "max": 72.2065048218, "mean": 5.79206323624, "median": 4.8416852951, "min": -0.94381403923, "var": 21.3975105286}, "spectral_rms": {"dmean": 0.00117782142479, "dmean2": 0.00180486694444, "dvar": 3.05153116642e-06, "dvar2": 6.43654266241e-06, "max": 0.0174437351525, "mean": 0.00520128943026, "median": 0.00501720095053, "min": 5.13149238657e-08, "var": 8.00242287369e-06}, "spectral_rolloff": {"dmean": 562.775390625, "dmean2": 983.809143066, "dvar": 1788665, "dvar2": 4754171, "max": 19659.8144531, "mean": 1325.82910156, "median": 796.728515625, "min": 43.06640625, "var": 5053565}, "spectral_skewness": {"dmean": 0.279453545809, "dmean2": 0.443260043859, "dvar": 0.113214187324, "dvar2": 0.254898279905, "max": 6.63208198547, "mean": 1.84190618992, "median": 1.81908094883, "min": 0.269375473261, "var": 0.350841641426}, "spectral_spread": {"dmean": 1165067, "dmean2": 1681609.125, "dvar": 3240434860030.0, "dvar2": 6899126763520.0, "max": 17364550, "mean": 5105384, "median": 4478406.5, "min": 1103557.375, "var": 5664650297340.0}, "spectral_strongpeak": {"dmean": 0.306627392769, "dmean2": 0.532541751862, "dvar": 0.231337308884, "dvar2": 0.601957023144, "max": 8.1430606842, "mean": 0.497146576643, "median": 0.340415239334, "min": 0, "var": 0.288214713335}, "zerocrossingrate": {"dmean": 0.0146384928375, "dmean2": 0.0184892080724, "dvar": 0.000322864070768, "dvar2": 0.00045738517656, "max": 0.72509765625, "mean": 0.063112154603, "median": 0.0498046875, "min": 0.00146484375, "var": 0.00394389079884}, "barkbands": {"dmean": [0.000874802586623, 0.00660347985104, 0.00414550350979, 0.0017879010411, 0.00325657287613, 0.00145596987568, 0.000818618631456, 0.000491644139402, 0.000770055339672, 0.000590693263803, 0.000297823280562, 0.000305460445816, 0.000173430511495, 0.000180404807907, 0.000141199969221, 0.000117377050628, 9.30175374378e-05, 8.64647954586e-05, 7.01991448295e-05, 0.000130723317852, 0.000101415156678, 8.61613734742e-05, 8.52865850902e-05, 0.000109921616968, 0.000155989735504, 0.000208142315387, 3.33286734531e-05], "dmean2": [0.00136387161911, 0.00975602120161, 0.00740043679252, 0.00296221999452, 0.00519595248625, 0.00246407673694, 0.00139871030115, 0.000818689062726, 0.00129049748648, 0.000916641613003, 0.000419961230364, 0.000444413977675, 0.00026065253769, 0.000264209898887, 0.000219169000047, 0.000195554355741, 0.000148705774336, 0.000140379503137, 0.000112294139399, 0.000214563362533, 0.000162199896295, 0.000135044407216, 0.000140840784297, 0.000179215800017, 0.000256724219071, 0.000340610393323, 5.74311779928e-05], "dvar": [3.94667677028e-06, 0.000209340840229, 0.000183855052455, 1.61203806783e-05, 3.14393400913e-05, 1.31654251163e-05, 6.99713700669e-06, 1.84620068922e-06, 9.13269559533e-06, 1.34082063141e-06, 3.27076151052e-07, 2.79392935454e-07, 1.03557603381e-07, 1.17446731451e-07, 4.7272248338e-08, 8.76854926446e-08, 2.56252263853e-08, 6.10473236407e-08, 2.2440177716e-08, 2.29836274457e-07, 4.69643950396e-08, 3.77477107349e-08, 4.00401738432e-08, 5.52515189156e-08, 1.41724854075e-07, 2.88940270821e-07, 7.89802889756e-09], "dvar2": [7.75687931309e-06, 0.000386132858694, 0.000528206001036, 4.08762134612e-05, 7.87691460573e-05, 3.5891578591e-05, 1.9469005565e-05, 5.22143682247e-06, 2.58694344666e-05, 3.27722159454e-06, 7.05850368377e-07, 5.96898303229e-07, 2.45475149541e-07, 2.56375500385e-07, 1.10277987631e-07, 2.34387499631e-07, 6.56936833821e-08, 1.70940040789e-07, 5.66703839411e-08, 5.97522557655e-07, 1.14072854274e-07, 9.07554991159e-08, 1.01843745881e-07, 1.35687542979e-07, 3.60022340828e-07, 6.83371752075e-07, 2.05030588063e-08], "max": [0.0226457454264, 0.195318132639, 0.153908073902, 0.0694223046303, 0.111075088382, 0.0450964272022, 0.0480208322406, 0.0184715464711, 0.0334748998284, 0.016092479229, 0.00760255660862, 0.0100815054029, 0.0053338073194, 0.00639080163091, 0.00314352568239, 0.00886937137693, 0.00304730748758, 0.00760847050697, 0.0041365576908, 0.0136537496001, 0.00737795280293, 0.00413372227922, 0.00510359974578, 0.00313403899781, 0.00346048548818, 0.00364240352064, 0.000597645121161], "mean": [0.00137476250529, 0.010998765938, 0.00482979696244, 0.00262357317843, 0.00587372900918, 0.00208872114308, 0.00107770517934, 0.00069248478394, 0.00105556391645, 0.00118587573525, 0.000583773828112, 0.000567282375414, 0.00032180454582, 0.00045606031199, 0.000316670077154, 0.000219618450501, 0.000187349505723, 0.000165556863067, 0.000164321259945, 0.000242163572693, 0.000196325199795, 0.000139385592774, 0.00011033496412, 0.000127915409394, 0.000138921270263, 0.000169916384039, 2.38519714912e-05], "median": [0.000138155999593, 0.00548422709107, 0.00256262510084, 0.00145065353718, 0.00384368910454, 0.00115324056242, 0.000548734038603, 0.000328791036736, 0.000402011180995, 0.000679669436067, 0.000208140249015, 0.000292718148557, 0.000152421169332, 0.000240688983467, 0.000198591107619, 0.000100686207588, 0.000108186395664, 9.36279684538e-05, 7.3844603321e-05, 4.87420402351e-05, 4.52969179605e-05, 3.42013590853e-05, 2.43698323175e-05, 1.97352946998e-05, 1.39481844599e-05, 9.02645206224e-06, 7.18520539067e-07], "min": [3.73023823202e-14, 1.43735324749e-14, 3.75565006747e-15, 3.93563991008e-15, 5.8943083094e-15, 7.31297329957e-15, 2.1536610589e-14, 1.64784212073e-14, 1.81008264204e-14, 1.69544926872e-14, 9.56517715511e-15, 9.05167867743e-15, 4.29818906974e-15, 3.04325317659e-14, 1.70092753901e-14, 5.25960263569e-14, 1.11161039683e-13, 4.50814685333e-14, 7.89974639523e-14, 1.19884015367e-13, 1.47466240608e-13, 1.61930012585e-13, 1.99316515441e-13, 1.82896761429e-13, 3.94485903362e-13, 4.465472317e-13, 4.15782127694e-13], "var": [1.04166365418e-05, 0.000469335500384, 0.000117530194984, 1.89106449398e-05, 4.6855846449e-05, 1.09040620373e-05, 5.22780146639e-06, 1.56814940055e-06, 6.21577692073e-06, 2.28268436331e-06, 1.13919236355e-06, 6.62371917315e-07, 2.17307047023e-07, 3.51653994812e-07, 1.2162426799e-07, 1.78423249508e-07, 6.02230372237e-08, 7.37414893592e-08, 7.16069479267e-08, 5.13412601322e-07, 1.89348938306e-07, 1.03820646302e-07, 7.16975065984e-08, 8.1817951525e-08, 1.22884614484e-07, 2.62179270294e-07, 5.86506709865e-09]}, "erbbands": {"dmean": [0.288759708405, 1.34015130997, 4.4928188324, 5.46100854874, 8.75293540955, 11.569606781, 11.6956348419, 12.9753408432, 14.0419425964, 9.12125492096, 10.3543758392, 20.1614875793, 17.2822570801, 16.2520923615, 12.1930160522, 11.8755779266, 8.43097496033, 8.83348369598, 6.50032949448, 9.18430137634, 5.74469900131, 4.0845990181, 4.27190351486, 4.19101953506, 3.52926778793, 6.79626512527, 4.71548080444, 3.74056458473, 3.24056220055, 2.49557423592, 2.45969057083, 2.09237360954, 1.94292509556, 1.57134222984, 1.26714587212, 1.09693074226, 0.313722938299, 0.0668316707015, 0.00564998621121, 0.000206161887036], "dmean2": [0.414876699448, 2.14870738983, 7.97261857986, 9.2579536438, 14.6275081635, 18.3027000427, 18.7506847382, 22.2768211365, 24.2679405212, 15.7194385529, 16.5785007477, 33.8242988586, 27.5340499878, 25.3364887238, 16.4632987976, 17.3387126923, 12.390917778, 12.8608617783, 9.86528015137, 14.699848175, 9.45785617828, 6.54121017456, 6.8586640358, 6.71791696548, 5.62763977051, 11.4712562561, 7.42164611816, 5.82497215271, 5.10952949524, 4.07600831985, 4.08130598068, 3.46160626411, 3.17493271828, 2.59425854683, 2.07838249207, 1.77040708065, 0.520103037357, 0.115696616471, 0.00973832979798, 0.000341784761986], "dvar": [0.530299603939, 10.4445447922, 225.928924561, 167.831771851, 300.065673828, 465.516082764, 493.870635986, 1239.57580566, 2209.66577148, 734.780273438, 723.150878906, 6578.90429688, 1652.67907715, 1149.43896484, 513.938781738, 454.053833008, 245.498519897, 273.578552246, 147.260879517, 218.885498047, 204.347244263, 63.0054092407, 121.628921509, 94.3967895508, 67.1145706177, 722.98236084, 136.893157959, 67.9065170288, 55.6955604553, 39.2083320618, 31.722196579, 20.2475986481, 17.052324295, 12.7712535858, 9.87092781067, 8.42951583862, 0.628393948078, 0.033830922097, 0.000240144770942, 2.66753687583e-07], "dvar2": [0.958731651306, 24.347328186, 641.300476074, 454.277740479, 782.78704834, 1155.33496094, 1289.59118652, 3395.82788086, 6205.99609375, 2056.24072266, 2011.14990234, 18602.6464844, 4380.81494141, 2975.83422852, 911.412719727, 1024.92529297, 559.26965332, 595.885070801, 365.160827637, 545.820495605, 559.534179688, 161.770889282, 334.252746582, 254.370117188, 169.730834961, 2014.13916016, 329.40637207, 159.438980103, 133.36378479, 100.946144104, 80.1080703735, 51.3174972534, 40.9390106201, 32.0357513428, 24.9105911255, 20.1285057068, 1.51866793633, 0.0884095653892, 0.000625905347988, 6.75359274283e-07], "max": [9.04172134399, 43.2446250916, 183.229248047, 143.025375366, 235.610321045, 485.754638672, 272.396728516, 384.284545898, 901.591674805, 498.113433838, 303.746368408, 901.219787598, 605.090515137, 477.576660156, 374.362060547, 434.299865723, 248.09147644, 312.750396729, 187.297714233, 207.801712036, 588.354309082, 202.986022949, 330.210266113, 291.391815186, 195.949539185, 870.282531738, 336.400177002, 222.896286011, 148.452850342, 165.715911865, 117.640136719, 67.5031967163, 48.8456077576, 28.5168762207, 30.3471126556, 19.6964817047, 5.68594694138, 1.42419159412, 0.111297436059, 0.00396612891927], "mean": [0.450745910406, 1.94172811508, 5.22899198532, 7.98874664307, 13.2602462769, 20.1658153534, 21.3574333191, 15.7792825699, 17.1265296936, 12.8830356598, 16.7960910797, 27.6917362213, 32.0344696045, 30.503118515, 28.2605705261, 24.0974216461, 17.0226974487, 21.7588100433, 15.5007658005, 18.5495223999, 12.4076709747, 8.75047874451, 8.92697715759, 9.48964977264, 7.97403287888, 11.849275589, 9.3850812912, 6.88183546066, 5.18172931671, 3.76134467125, 3.09225487709, 2.51602339745, 2.13437199593, 1.444226861, 1.11076247692, 0.910916149616, 0.250676125288, 0.047640286386, 0.00407644780353, 0.000185575525393], "median": [0.144782960415, 1.12337851524, 2.66928005219, 5.25220632553, 8.57179546356, 12.4354372025, 12.337220192, 7.85208892822, 7.35862064362, 7.89088916779, 8.40013122559, 11.1319112778, 16.0734958649, 14.4722299576, 11.8839712143, 13.185508728, 8.40318584442, 12.2644929886, 9.62922286987, 10.4041481018, 6.84795618057, 5.00321435928, 5.55799674988, 4.5506901741, 3.46223020554, 2.54481363297, 1.8876490593, 1.81043231487, 1.30203378201, 0.772534072399, 0.690999150276, 0.477680027485, 0.307607769966, 0.157879978418, 0.10037048161, 0.0522164143622, 0.0133839258924, 0.00176885758992, 0.000147648301208, 4.21241675213e-05], "min": [8.94995069809e-13, 1.7607083326e-12, 3.88380603719e-12, 9.89959416525e-12, 1.50624547557e-11, 1.90867235211e-11, 5.15856246608e-11, 5.90094986763e-11, 2.70394484581e-10, 2.2660565091e-10, 5.29358890056e-10, 3.70156155727e-10, 4.19450446598e-10, 5.59031376746e-10, 3.22035981215e-10, 4.05097622114e-10, 2.15542056425e-10, 1.08278763733e-09, 1.51944001825e-09, 8.92378504425e-10, 4.53622117647e-09, 5.83626658113e-09, 3.12211900777e-09, 2.35574693086e-09, 5.60299007191e-09, 5.3300746039e-09, 3.13993320233e-09, 8.81167849798e-09, 6.13146378114e-09, 3.09395353781e-09, 6.51666409723e-09, 4.75441597203e-09, 2.9680347069e-09, 4.09422540315e-09, 2.44146947104e-09, 1.83353876526e-09, 8.88664197785e-10, 2.97927765791e-10, 5.4426119861e-11, 5.30335671212e-12], "var": [1.10371959209, 14.0329494476, 147.27935791, 155.445068359, 365.719665527, 666.676574707, 683.466674805, 907.466125488, 1543.18408203, 545.630371094, 736.250732422, 4396.99511719, 2089.95019531, 1763.41577148, 2519.03955078, 1101.42456055, 563.686462402, 806.274658203, 329.456085205, 497.438018799, 405.937255859, 159.039672852, 165.850952148, 227.857589722, 215.051071167, 1322.0871582, 554.816894531, 219.29989624, 144.335083008, 102.229446411, 51.778301239, 30.4161319733, 22.8889751434, 12.2409210205, 8.45799732208, 7.67032241821, 0.547163069248, 0.0246776621789, 0.000176451125299, 2.14382936292e-07]}, "gfcc": {"mean": [-15.7608366013, 96.8432235718, -97.0904541016, 23.9100074768, -50.4480705261, 12.6973237991, -34.6297683716, 5.11048030853, -26.5180854797, 1.35242462158, -18.289981842, 0.632652521133, -7.72455024719], "cov": [[20021.015625, -604.407104492, -553.676269531, 941.999084473, -511.055877686, 1048.20007324, -156.28036499, 395.451416016, -699.711364746, 384.50088501, -261.204864502, 604.171813965, 72.1304931641], [-604.407104492, 1830.97009277, -442.139526367, 206.574935913, 249.719360352, -23.6006546021, 250.195037842, -47.2157249451, 137.254852295, -90.1939620972, 153.033721924, -146.620819092, 77.1987991333], [-553.676269531, -442.139526367, 1239.43969727, 182.356582642, 188.280105591, 99.440864563, 8.24322986603, 54.4221343994, 12.0165147781, 20.15782547, -29.734210968, 45.9907112122, -43.6484603882], [941.999084473, 206.574935913, 182.356582642, 587.006103516, 80.9270019531, 87.7506561279, 116.691177368, 6.791472435, 22.4228076935, 1.29472780228, 28.1447982788, -11.5314798355, 35.9115715027], [-511.055877686, 249.719360352, 188.280105591, 80.9270019531, 229.981414795, 64.7652282715, 85.9969100952, 16.3112850189, 45.3885154724, -3.82874321938, 38.999835968, -33.003288269, 2.12268257141], [1048.20007324, -23.6006546021, 99.440864563, 87.7506561279, 64.7652282715, 218.976898193, 41.0125427246, 44.8910598755, -14.4622354507, 26.6482219696, 5.5657324791, 49.2964096069, -1.7661408186], [-156.28036499, 250.195037842, 8.24322986603, 116.691177368, 85.9969100952, 41.0125427246, 159.633087158, 16.2157993317, 48.7813224792, -6.72055196762, 33.7506217957, -33.409576416, 16.1451873779], [395.451416016, -47.2157249451, 54.4221343994, 6.791472435, 16.3112850189, 44.8910598755, 16.2157993317, 93.3468399048, 16.8788299561, 26.3121585846, -9.58687877655, 15.829372406, -9.60343360901], [-699.711364746, 137.254852295, 12.0165147781, 22.4228076935, 45.3885154724, -14.4622354507, 48.7813224792, 16.8788299561, 113.188117981, 4.93465232849, 22.7315807343, -42.2545394897, -6.62169885635], [384.50088501, -90.1939620972, 20.15782547, 1.29472780228, -3.82874321938, 26.6482219696, -6.72055196762, 26.3121585846, 4.93465232849, 70.2761459351, 2.97541213036, 17.1532020569, -10.3846511841], [-261.204864502, 153.033721924, -29.734210968, 28.1447982788, 38.999835968, 5.5657324791, 33.7506217957, -9.58687877655, 22.7315807343, 2.97541213036, 75.5127182007, 3.02045583725, 9.91519260406], [604.171813965, -146.620819092, 45.9907112122, -11.5314798355, -33.003288269, 49.2964096069, -33.409576416, 15.829372406, -42.2545394897, 17.1532020569, 3.02045583725, 90.6260604858, 15.2193889618], [72.1304931641, 77.1987991333, -43.6484603882, 35.9115715027, 2.12268257141, -1.7661408186, 16.1451873779, -9.60343360901, -6.62169885635, -10.3846511841, 9.91519260406, 15.2193889618, 63.6799278259]], "icov": [[0.000189862592379, -0.000167279271409, 0.000124867714476, -0.000345608772477, 0.000421045959229, -0.000640987651423, 0.000122775905766, -0.000523282797076, 0.000949923705775, -0.00077555741882, 0.000630679540336, -0.000454716879176, 0.000109148371848], [-0.000167279271409, 0.00132515316363, 0.000398217962356, 9.53033231781e-05, -0.00140138575807, 0.000656128162518, -0.000661526690237, 0.000447473285021, -0.00114468275569, 0.00169325224124, -0.0017868753057, 0.00121149874758, -0.000751899264287], [0.000124867714476, 0.000398217962356, 0.00149657495786, -0.00075824308442, -0.00157935812604, -6.75833725836e-05, 0.000184223186807, -0.000413723581005, 0.00014000783267, 2.52640961662e-06, 0.00107273284812, -0.00158067711163, 0.000996604794636], [-0.000345608772477, 9.53033231781e-05, -0.00075824308442, 0.00295389769599, -0.000123311459902, 0.000305209541693, -0.00146325083915, 0.0012716781348, -0.00144431460649, 0.000962065707427, -0.00140360882506, 0.00169183348771, -0.00151335936971], [0.000421045959229, -0.00140138575807, -0.00157935812604, -0.000123311459902, 0.010079539381, -0.00408752216026, -0.00112370692659, -0.00175866414793, 0.00215621851385, -0.00195213209372, -0.00149267865345, 0.00305982329883, -0.000813719234429], [-0.000640987651423, 0.000656128162518, -6.75833725836e-05, 0.000305209541693, -0.00408752216026, 0.00978963728994, -0.00231532985345, 0.000222354603466, -0.00223680282943, 0.00153063726611, -0.000701802666299, -0.00390988774598, 0.00180125026964], [0.000122775905766, -0.000661526690237, 0.000184223186807, -0.00146325083915, -0.00112370692659, -0.00231532985345, 0.0115967104211, -0.00238179368898, -0.00125705508981, 0.000329115544446, -0.00181536469609, 0.00316503527574, -0.00226260954514], [-0.000523282797076, 0.000447473285021, -0.000413723581005, 0.0012716781348, -0.00175866414793, 0.000222354603466, -0.00238179368898, 0.0163868255913, -0.00601210771129, -0.00180246634409, 0.0024710665457, -0.00271966704167, 0.00153558899183], [0.000949923705775, -0.00114468275569, 0.00014000783267, -0.00144431460649, 0.00215621851385, -0.00223680282943, -0.00125705508981, -0.00601210771129, 0.0184323042631, -0.00566190248355, -0.000515330873895, 0.00371685717255, 0.000685569713823], [-0.00077555741882, 0.00169325224124, 2.52640961662e-06, 0.000962065707427, -0.00195213209372, 0.00153063726611, 0.000329115544446, -0.00180246634409, -0.00566190248355, 0.0215079579502, -0.00533076003194, 9.43723862292e-05, 0.00176333915442], [0.000630679540336, -0.0017868753057, 0.00107273284812, -0.00140360882506, -0.00149267865345, -0.000701802666299, -0.00181536469609, 0.0024710665457, -0.000515330873895, -0.00533076003194, 0.0224605239928, -0.0093387234956, 0.00165374344215], [-0.000454716879176, 0.00121149874758, -0.00158067711163, 0.00169183348771, 0.00305982329883, -0.00390988774598, 0.00316503527574, -0.00271966704167, 0.00371685717255, 9.43723862292e-05, -0.0093387234956, 0.0254017282277, -0.00862921960652], [0.000109148371848, -0.000751899264287, 0.000996604794636, -0.00151335936971, -0.000813719234429, 0.00180125026964, -0.00226260954514, 0.00153558899183, 0.000685569713823, 0.00176333915442, 0.00165374344215, -0.00862921960652, 0.0210740100592]]}, "melbands": {"dmean": [0.00210086419247, 0.00210638227873, 0.00101428688504, 0.000758355599828, 0.000427308725193, 0.000285851856461, 0.000198366236873, 9.82280471362e-05, 8.33838857943e-05, 0.000126896120491, 8.42152439873e-05, 6.84713741066e-05, 4.1601328121e-05, 4.01681245421e-05, 2.0719206077e-05, 1.62591477419e-05, 1.79121816473e-05, 1.15039338198e-05, 1.02044214145e-05, 1.16019364214e-05, 7.05688762537e-06, 4.95777703691e-06, 3.33508546646e-06, 5.4946799537e-06, 3.53234281647e-06, 2.59187822849e-06, 3.51887592842e-06, 4.88657951792e-06, 3.21748962051e-06, 2.85334976979e-06, 2.26999941333e-06, 2.05838637157e-06, 1.53046357809e-06, 1.43238469263e-06, 1.43374995787e-06, 1.47175444454e-06, 1.24755729303e-06, 1.32258810481e-06, 1.56704265919e-06, 1.22971187011e-06], "dmean2": [0.00300266896375, 0.00362053327262, 0.00169840804301, 0.00122072861996, 0.000677438918501, 0.000490492850076, 0.000341273989761, 0.000170363331563, 0.000131044158479, 0.000214694155147, 0.000134039408294, 0.000106783343654, 5.74636542297e-05, 5.68988543819e-05, 3.07299414999e-05, 2.46937106567e-05, 2.5917937819e-05, 1.76922094397e-05, 1.5867588445e-05, 1.89656675502e-05, 1.14805779958e-05, 7.99788267614e-06, 5.26997791894e-06, 9.00069699128e-06, 5.67470215174e-06, 4.1990142563e-06, 5.80246251047e-06, 8.23330810817e-06, 5.08053608428e-06, 4.56542466054e-06, 3.5726054648e-06, 3.29614908878e-06, 2.43473687078e-06, 2.39223663812e-06, 2.39906694333e-06, 2.46980312113e-06, 2.07055859391e-06, 2.15849763663e-06, 2.64891446022e-06, 2.02617366085e-06], "dvar": [2.25676394621e-05, 4.14048372477e-05, 5.68989480598e-06, 1.94506242224e-06, 5.96684685661e-07, 5.8305300854e-07, 4.27930388014e-07, 8.97740761729e-08, 4.45340617716e-08, 2.74388924026e-07, 3.61395642301e-08, 2.01969356795e-08, 5.69950797669e-09, 4.53147075419e-09, 1.37317757165e-09, 8.69652461155e-10, 1.16410836526e-09, 5.05647856919e-10, 2.79614775778e-10, 5.41101663476e-10, 2.85144047263e-10, 8.96792223815e-11, 3.10175392315e-11, 3.2288824392e-10, 7.14535305923e-11, 2.77934238124e-11, 1.52675261322e-10, 3.5810640564e-10, 9.08140021516e-11, 4.05517112945e-11, 2.66728167331e-11, 2.44415945816e-11, 1.4432040632e-11, 1.56803944829e-11, 1.17060588653e-11, 1.04053796829e-11, 7.60284977336e-12, 7.81303147179e-12, 1.29289062095e-11, 7.86112060863e-12], "dvar2": [4.01770521421e-05, 0.000112553650979, 1.53072378453e-05, 4.89517196911e-06, 1.5463605223e-06, 1.60212084666e-06, 1.20024537864e-06, 2.53690870977e-07, 1.23578232092e-07, 7.77575962729e-07, 9.49481773205e-08, 5.20179916919e-08, 1.17127685328e-08, 9.28073529138e-09, 3.24508131477e-09, 2.12428341584e-09, 2.48260612068e-09, 1.27631871738e-09, 6.54907184039e-10, 1.38850264619e-09, 7.83175857499e-10, 2.27910426642e-10, 8.08344918779e-11, 9.149592195e-10, 1.92066224036e-10, 7.00429853007e-11, 4.15169593149e-10, 9.86015491478e-10, 2.13817380468e-10, 1.03347191915e-10, 6.59998652952e-11, 6.02527194804e-11, 3.68891479863e-11, 4.15862240477e-11, 2.99417227123e-11, 2.66226606732e-11, 1.94435145068e-11, 1.89375182202e-11, 3.27190601002e-11, 1.98154340159e-11], "max": [0.06656293571, 0.0784352645278, 0.0245415922254, 0.0308205112815, 0.0105164246634, 0.00889820698649, 0.0123065635562, 0.00525098759681, 0.00232982891612, 0.0057838796638, 0.00290839956142, 0.00209779688157, 0.00102031999268, 0.00119840970729, 0.000647191016469, 0.000429759733379, 0.000695365655702, 0.000337298959494, 0.000306434201775, 0.000345913693309, 0.00073961657472, 0.000217461725697, 0.000123811827507, 0.000572983932216, 0.000286897062324, 9.83249847195e-05, 0.000376009498723, 0.00054893194465, 0.0002038890525, 0.000193096886505, 0.000110425200546, 8.20193745312e-05, 8.87865317054e-05, 0.000117981078802, 6.83103062329e-05, 4.39192881458e-05, 4.7983310651e-05, 5.00185633427e-05, 4.49408507848e-05, 2.25269141083e-05], "mean": [0.00344530073926, 0.00269254227169, 0.00150057801511, 0.00126157479826, 0.000794078456238, 0.000358812627383, 0.00025046869996, 0.000136255010148, 0.000143574667163, 0.000167208301718, 0.000157387781655, 0.000125064470922, 8.74502802617e-05, 7.90779449744e-05, 4.07926927437e-05, 3.22883279296e-05, 4.33660097769e-05, 2.56877938227e-05, 2.29098950513e-05, 2.14712781599e-05, 1.39745825436e-05, 9.76089268079e-06, 6.59564329908e-06, 9.97162896965e-06, 7.43217651689e-06, 5.62314062336e-06, 6.4629116423e-06, 8.10822803032e-06, 6.00858083999e-06, 5.02372768096e-06, 3.65456298823e-06, 3.13240752803e-06, 2.2846977572e-06, 2.01674356504e-06, 1.78663890438e-06, 1.65110986927e-06, 1.51655729042e-06, 1.50282085087e-06, 1.44458465456e-06, 1.10935059183e-06], "median": [0.00152250053361, 0.00161512498744, 0.00103160587605, 0.000842285284307, 0.0004723148013, 0.000185846132808, 0.000112534435175, 8.30549761304e-05, 7.46484583942e-05, 6.32459123153e-05, 7.73957581259e-05, 5.51470766368e-05, 3.55694392056e-05, 3.83037513529e-05, 2.31979320233e-05, 1.4604941498e-05, 2.42728292505e-05, 1.40468446261e-05, 1.30424750751e-05, 1.04562168417e-05, 7.1871113505e-06, 5.12662882102e-06, 4.34542016592e-06, 5.2657451306e-06, 3.29753879669e-06, 2.48389733315e-06, 2.09289373743e-06, 1.45724845879e-06, 1.13139640234e-06, 1.04841308257e-06, 9.12256723495e-07, 7.98257929091e-07, 4.61651495698e-07, 3.95798309683e-07, 3.99029801201e-07, 3.60157514478e-07, 2.5062084319e-07, 2.29706600408e-07, 1.65307753264e-07, 1.14633671444e-07], "min": [7.79679597794e-15, 2.08292050938e-15, 1.87284532704e-15, 1.18823962951e-15, 1.58318345836e-15, 1.44104921223e-15, 4.26638213554e-15, 2.37718293163e-15, 4.66824040022e-15, 2.12314186889e-15, 2.13983328839e-15, 2.35544573687e-15, 1.12580207811e-15, 1.05612567726e-15, 6.80017161237e-16, 5.4536698059e-16, 2.27035301874e-15, 2.92500784302e-15, 8.92884005359e-16, 1.69995309113e-15, 6.34770556431e-15, 7.20670115787e-15, 3.14688240608e-15, 2.02196759498e-15, 1.7083752456e-15, 3.6620118457e-15, 4.28981064335e-15, 3.52928750034e-15, 1.8144983095e-15, 2.38605644879e-15, 6.65547922085e-15, 3.40923010918e-15, 2.87656264063e-15, 1.18883488191e-15, 3.81377770347e-15, 4.03291952649e-15, 2.4918457817e-15, 1.95608113718e-15, 2.77873457039e-15, 3.61398041891e-15], "var": [5.199725274e-05, 3.2207051845e-05, 5.39928896615e-06, 2.61011814473e-06, 8.59966064581e-07, 4.29527602819e-07, 3.06830003183e-07, 6.44725588472e-08, 4.6648640506e-08, 1.7886021908e-07, 4.95472356477e-08, 3.18539505884e-08, 2.12793231924e-08, 1.24679049307e-08, 2.86960721851e-09, 1.99471483775e-09, 3.35117955608e-09, 1.1378146203e-09, 7.25764059961e-10, 1.20236975931e-09, 5.15249065636e-10, 2.16639789441e-10, 6.13254863557e-11, 3.56454560313e-10, 1.60740198929e-10, 7.97675675512e-11, 3.15929504779e-10, 6.47458420211e-10, 2.88344181865e-10, 1.26609916995e-10, 6.88048854003e-11, 5.69541115658e-11, 3.45619886877e-11, 3.29316469927e-11, 1.9211764124e-11, 1.25270436385e-11, 1.27239295489e-11, 1.15209890239e-11, 1.32156308466e-11, 7.2435269588e-12]}, "mfcc": {"mean": [-661.333557129, 131.007095337, 9.91382026672, 20.5450668335, 5.18511772156, 7.7164273262, 2.35303020477, 2.37031722069, 0.373949944973, 0.547616004944, -4.24621915817, -3.38672184944, -5.45144987106], "cov": [[13180.15625, 549.919799805, -439.38381958, -78.5540008545, -62.3970375061, 330.504486084, 236.646560669, 120.584480286, 76.5826263428, -76.8152084351, -223.964660645, -91.9240188599, 41.2817382812], [549.919799805, 1515.99047852, -326.591827393, 93.01587677, 52.1882896423, 106.09753418, 113.777534485, 70.8608169556, 4.20213651657, 42.2346572876, 17.4334716797, -2.93103837967, 11.3076572418], [-439.38381958, -326.591827393, 827.175720215, 222.428421021, 200.359085083, 83.7549514771, 50.4869842529, 53.638004303, 42.3021659851, 0.0233865976334, 27.1305866241, 24.4511737823, 12.4753303528], [-78.5540008545, 93.01587677, 222.428421021, 419.356628418, 86.1535186768, 107.710494995, 77.8497772217, 40.8470077515, 45.2655410767, 44.5558929443, 11.9871301651, 20.0749874115, 7.6030497551], [-62.3970375061, 52.1882896423, 200.359085083, 86.1535186768, 183.42539978, 77.0478210449, 53.8442955017, 43.8612060547, 14.6507329941, 24.5776443481, 18.0908851624, 10.5913801193, 18.8529987335], [330.504486084, 106.09753418, 83.7549514771, 107.710494995, 77.0478210449, 165.939605713, 81.3708877563, 53.5531806946, 25.8916416168, 21.2964382172, 12.0386714935, 20.1985034943, 25.745847702], [236.646560669, 113.777534485, 50.4869842529, 77.8497772217, 53.8442955017, 81.3708877563, 131.493209839, 52.4801216125, 19.3689823151, 21.4520225525, 7.35713100433, 9.8870306015, 22.0134963989], [120.584480286, 70.8608169556, 53.638004303, 40.8470077515, 43.8612060547, 53.5531806946, 52.4801216125, 97.0084533691, 29.3164196014, 17.066822052, 17.4042110443, 10.3791227341, 17.5592041016], [76.5826263428, 4.20213651657, 42.3021659851, 45.2655410767, 14.6507329941, 25.8916416168, 19.3689823151, 29.3164196014, 82.3722305298, 32.1409759521, 6.97209692001, 11.7923631668, 0.842325270176], [-76.8152084351, 42.2346572876, 0.0233865976334, 44.5558929443, 24.5776443481, 21.2964382172, 21.4520225525, 17.066822052, 32.1409759521, 86.3988876343, 39.7468147278, 7.97324943542, 5.20523643494], [-223.964660645, 17.4334716797, 27.1305866241, 11.9871301651, 18.0908851624, 12.0386714935, 7.35713100433, 17.4042110443, 6.97209692001, 39.7468147278, 80.8038787842, 24.5107212067, 2.9649271965], [-91.9240188599, -2.93103837967, 24.4511737823, 20.0749874115, 10.5913801193, 20.1985034943, 9.8870306015, 10.3791227341, 11.7923631668, 7.97324943542, 24.5107212067, 58.8715362549, 19.9843597412], [41.2817382812, 11.3076572418, 12.4753303528, 7.6030497551, 18.8529987335, 25.745847702, 22.0134963989, 17.5592041016, 0.842325270176, 5.20523643494, 2.9649271965, 19.9843597412, 52.2487068176]], "icov": [[9.12895047804e-05, -9.79302058113e-06, 3.72724862245e-05, 5.73222932871e-05, 7.16905706213e-05, -0.000228328790399, -8.98558864719e-05, -3.81639219995e-05, -9.51584734139e-05, 4.70507293358e-05, 0.000217482927837, 0.000120310440252, -1.14349559226e-05], [-9.79302058113e-06, 0.000890476861969, 0.000615324999671, -0.00028711068444, -0.000547192699742, -0.000167820675415, -0.000419577059802, -0.000368129287381, 0.000142127042636, 0.000104724298581, -0.00023192212393, 0.00013550746371, 0.000239119690377], [3.72724862245e-05, 0.000615324999671, 0.00237940205261, -0.000964617240243, -0.00236174929887, 0.000123025442008, -6.97302311892e-05, -0.000288427836495, -0.000844838097692, 0.00164548412431, -0.000889119575731, 0.000131058652187, 0.000177524532774], [5.73222932871e-05, -0.00028711068444, -0.000964617240243, 0.00361390388571, 0.000328014022671, -0.00154551991727, -0.00080152292503, 0.000398072326789, -0.000419570220402, -0.00164221867453, 0.00118308875244, -0.000729648570996, 0.000950720452238], [7.16905706213e-05, -0.000547192699742, -0.00236174929887, 0.000328014022671, 0.00982817821205, -0.00253848638386, -0.000640034442768, -0.00117799441796, 0.00141183251981, -0.00232996488921, 0.000434816232882, 0.000595104938839, -0.00109489110764], [-0.000228328790399, -0.000167820675415, 0.000123025442008, -0.00154551991727, -0.00253848638386, 0.011514483951, -0.00357215409167, -0.00160771596711, -0.00064266868867, 0.000490083533805, -0.000505618460011, -0.00165765627753, -0.00167602696456], [-8.98558864719e-05, -0.000419577059802, -6.97302311892e-05, -0.00080152292503, -0.000640034442768, -0.00357215409167, 0.0130002275109, -0.00372803467326, 0.000535024737474, -0.00141386850737, 0.000897356425412, 0.000341105973348, -0.00198732549325], [-3.81639219995e-05, -0.000368129287381, -0.000288427836495, 0.000398072326789, -0.00117799441796, -0.00160771596711, -0.00372803467326, 0.0161946676672, -0.00481537217274, 0.0018389520701, -0.00351489079185, 0.00166377576534, -0.00307628698647], [-9.51584734139e-05, 0.000142127042636, -0.000844838097692, -0.000419570220402, 0.00141183251981, -0.00064266868867, 0.000535024737474, -0.00481537217274, 0.0176571700722, -0.00770448474213, 0.00428223703057, -0.00435703108087, 0.00341372052208], [4.70507293358e-05, 0.000104724298581, 0.00164548412431, -0.00164221867453, -0.00232996488921, 0.000490083533805, -0.00141386850737, 0.0018389520701, -0.00770448474213, 0.0204434916377, -0.0105800712481, 0.00416137697175, -0.00254059094004], [0.000217482927837, -0.00023192212393, -0.000889119575731, 0.00118308875244, 0.000434816232882, -0.000505618460011, 0.000897356425412, -0.00351489079185, 0.00428223703057, -0.0105800712481, 0.0211341734976, -0.00869876518846, 0.00392677308992], [0.000120310440252, 0.00013550746371, 0.000131058652187, -0.000729648570996, 0.000595104938839, -0.00165765627753, 0.000341105973348, 0.00166377576534, -0.00435703108087, 0.00416137697175, -0.00869876518846, 0.0246130060405, -0.00941509380937], [-1.14349559226e-05, 0.000239119690377, 0.000177524532774, 0.000950720452238, -0.00109489110764, -0.00167602696456, -0.00198732549325, -0.00307628698647, 0.00341372052208, -0.00254059094004, 0.00392677308992, -0.00941509380937, 0.0255842488259]]}, "spectral_contrast_coeffs": {"dmean": [0.0510531365871, 0.040799818933, 0.0370874740183, 0.0335194505751, 0.0285983141512, 0.0242708213627], "dmean2": [0.0847593471408, 0.0675342902541, 0.0588022656739, 0.0509258396924, 0.043680280447, 0.0371727123857], "dvar": [0.00214270269498, 0.00145444576629, 0.00131921400316, 0.00107374915387, 0.000810424797237, 0.000737521913834], "dvar2": [0.00558523228392, 0.00394421396777, 0.00301129207946, 0.00206199265085, 0.00156333262566, 0.00150026113261], "max": [-0.293719857931, -0.495242506266, -0.534574508667, -0.574379563332, -0.567291200161, -0.595264673233], "mean": [-0.64779984951, -0.72182226181, -0.73218524456, -0.743646800518, -0.760067641735, -0.758024454117], "median": [-0.656022846699, -0.722000837326, -0.728281736374, -0.735539197922, -0.755625486374, -0.751125395298], "min": [-0.976069688797, -0.958667516708, -0.962435185909, -0.936739504337, -0.953578829765, -0.918181955814], "var": [0.00636438885704, 0.00398726761341, 0.00426680454984, 0.00441702082753, 0.00310319429263, 0.00289565115236]}, "spectral_contrast_valleys": {"dmean": [0.51591193676, 0.401804953814, 0.384745210409, 0.383364379406, 0.398052573204, 0.589941859245], "dmean2": [0.830083250999, 0.629998505116, 0.591784000397, 0.562803208828, 0.557967603207, 0.749954998493], "dvar": [0.357370853424, 0.211910933256, 0.21093288064, 0.212404832244, 0.220701903105, 0.466275453568], "dvar2": [0.693949460983, 0.45249453187, 0.43109112978, 0.408992737532, 0.407106339931, 0.872530400753], "max": [-4.7516617775, -4.32557106018, -4.97032213211, -5.68882846832, -5.73855781555, -7.59767580032], "mean": [-7.0558719635, -7.01867961884, -7.62593460083, -8.34791