{"lowlevel": {"average_loudness": 0.961296677589, "barkbands_crest": {"dmean": 2.99726867676, "dmean2": 4.72671079636, "dvar": 6.90892219543, "dvar2": 16.6263866425, "max": 26.5909366608, "mean": 11.7907247543, "median": 10.9660148621, "min": 2.37276506424, "var": 20.7031154633}, "barkbands_flatness_db": {"dmean": 0.0297733601183, "dmean2": 0.0429151058197, "dvar": 0.000904883607291, "dvar2": 0.00185761146713, "max": 0.68250387907, "mean": 0.167050898075, "median": 0.138770729303, "min": 0.0267444010824, "var": 0.0106238676235}, "barkbands_kurtosis": {"dmean": 7.36031341553, "dmean2": 11.4196615219, "dvar": 1086.11376953, "dvar2": 1968.05212402, "max": 1564.82275391, "mean": 11.3937511444, "median": 5.20918893814, "min": -1.83794975281, "var": 2685.60644531}, "barkbands_skewness": {"dmean": 0.801295816898, "dmean2": 1.22140204906, "dvar": 1.18873751163, "dvar2": 2.57770180702, "max": 29.0657520294, "mean": 2.23807740211, "median": 2.10892963409, "min": -5.99402713776, "var": 3.49968504906}, "barkbands_spread": {"dmean": 6.87091302872, "dmean2": 10.776717186, "dvar": 69.8053741455, "dvar2": 163.614944458, "max": 101.347709656, "mean": 20.1919269562, "median": 17.7333469391, "min": 0.0523150190711, "var": 202.842025757}, "dissonance": {"dmean": 0.0194152425975, "dmean2": 0.0320735350251, "dvar": 0.000546934839804, "dvar2": 0.00138080737088, "max": 0.5, "mean": 0.462646871805, "median": 0.474578380585, "min": 0.130126789212, "var": 0.00141142611392}, "dynamic_complexity": 2.5619020462, "erbbands_crest": {"dmean": 2.59083104134, "dmean2": 4.17239570618, "dvar": 6.87908697128, "dvar2": 16.4250411987, "max": 33.8258399963, "mean": 8.13480758667, "median": 6.62621498108, "min": 2.10626840591, "var": 23.5142116547}, "erbbands_flatness_db": {"dmean": 0.0182651672512, "dmean2": 0.0269114337862, "dvar": 0.000493942934554, "dvar2": 0.000957083771937, "max": 0.650944471359, "mean": 0.152209073305, "median": 0.116197898984, "min": 0.047236122191, "var": 0.00856707245111}, "erbbands_kurtosis": {"dmean": 1.87278735638, "dmean2": 3.07031273842, "dvar": 42.660358429, "dvar2": 101.046798706, "max": 199.793807983, "mean": 1.46093332767, "median": -0.563110351562, "min": -1.88489341736, "var": 96.5125198364}, "erbbands_skewness": {"dmean": 0.504229545593, "dmean2": 0.789030194283, "dvar": 0.40976023674, "dvar2": 0.981526553631, "max": 11.8713293076, "mean": 0.47613093257, "median": 0.286310493946, "min": -6.78348827362, "var": 1.28834629059}, "erbbands_spread": {"dmean": 11.5733118057, "dmean2": 17.7463779449, "dvar": 171.869766235, "dvar2": 374.397644043, "max": 207.667221069, "mean": 49.1844673157, "median": 50.9009552002, "min": 0.578636348248, "var": 575.811584473}, "hfc": {"dmean": 8.03313350677, "dmean2": 12.4451875687, "dvar": 103.938499451, "dvar2": 253.874160767, "max": 113.721885681, "mean": 24.0526599884, "median": 21.8446388245, "min": 1.14048751183e-16, "var": 284.110961914}, "melbands_crest": {"dmean": 3.82668542862, "dmean2": 6.19491624832, "dvar": 10.8920345306, "dvar2": 27.9805583954, "max": 33.9646339417, "mean": 16.5159397125, "median": 15.9394798279, "min": 1.5423617363, "var": 30.3801574707}, "melbands_flatness_db": {"dmean": 0.0355575308204, "dmean2": 0.0513970963657, "dvar": 0.00120947125833, "dvar2": 0.00256677530706, "max": 0.793100774288, "mean": 0.239795774221, "median": 0.213689729571, "min": 0.0047444361262, "var": 0.0130058284849}, "melbands_kurtosis": {"dmean": 14.9736471176, "dmean2": 23.1586265564, "dvar": 1103.54248047, "dvar2": 2693.91357422, "max": 1522.5657959, "mean": 27.4390583038, "median": 17.4840316772, "min": -1.86713802814, "var": 1841.91992188}, "melbands_skewness": {"dmean": 1.101547122, "dmean2": 1.67537236214, "dvar": 1.510227561, "dvar2": 3.31920075417, "max": 30.7295246124, "mean": 3.77614092827, "median": 3.50817537308, "min": -5.57214355469, "var": 4.8420381546}, "melbands_spread": {"dmean": 6.92900371552, "dmean2": 11.1212663651, "dvar": 138.942565918, "dvar2": 342.072662354, "max": 243.77911377, "mean": 17.4105014801, "median": 12.0502204895, "min": 0.18890824914, "var": 405.123138428}, "pitch_salience": {"dmean": 0.0893222764134, "dmean2": 0.140068128705, "dvar": 0.00679899193347, "dvar2": 0.0156075060368, "max": 0.887232601643, "mean": 0.538051366806, "median": 0.558734297752, "min": 0.0252240672708, "var": 0.0201351307333}, "silence_rate_20dB": {"dmean": 0, "dmean2": 0, "dvar": 0, "dvar2": 0, "max": 1, "mean": 1, "median": 1, "min": 1, "var": 0}, "silence_rate_30dB": {"dmean": 0.00844145659357, "dmean2": 0.0168855525553, "dvar": 0.00837056711316, "dvar2": 0.0197263583541, "max": 1, "mean": 0.992028772831, "median": 1, "min": 0, "var": 0.0079080471769}, "silence_rate_60dB": {"dmean": 0.0262623112649, "dmean2": 0.0525328330696, "dvar": 0.0255698636174, "dvar2": 0.0553907081485, "max": 1, "mean": 0.077211625874, "median": 0, "min": 0, "var": 0.0712406411767}, "spectral_centroid": {"dmean": 300.398254395, "dmean2": 466.800720215, "dvar": 134778.828125, "dvar2": 302976.4375, "max": 10659.2119141, "mean": 1260.79138184, "median": 1179.63964844, "min": 88.7297821045, "var": 603611.4375}, "spectral_complexity": {"dmean": 4.72065019608, "dmean2": 7.46435260773, "dvar": 28.6678276062, "dvar2": 66.1453857422, "max": 57, "mean": 21.6173801422, "median": 21, "min": 0, "var": 172.944168091}, "spectral_decrease": {"dmean": 3.4817344563e-09, "dmean2": 5.33777821943e-09, "dvar": 1.25790811589e-17, "dvar2": 3.09340998374e-17, "max": 7.88011956187e-17, "mean": -1.1822246293e-08, "median": -1.19614487204e-08, "min": -4.18042276351e-08, "var": 5.13686704283e-17}, "spectral_energy": {"dmean": 0.0134826488793, "dmean2": 0.0206960476935, "dvar": 0.000186821693205, "dvar2": 0.00045746381511, "max": 0.160439878702, "mean": 0.0468015782535, "median": 0.0478278808296, "min": 1.04877276669e-20, "var": 0.000774937914684}, "spectral_energyband_high": {"dmean": 0.000702454475686, "dmean2": 0.00110704626422, "dvar": 1.12573775368e-06, "dvar2": 2.79648406831e-06, "max": 0.0105300312862, "mean": 0.0013349771034, "median": 0.000938642479014, "min": 7.84781870825e-21, "var": 2.03424201572e-06}, "spectral_energyband_low": {"dmean": 0.0102137578651, "dmean2": 0.0155414789915, "dvar": 0.000155127389007, "dvar2": 0.000403117592214, "max": 0.116986833513, "mean": 0.0251314565539, "median": 0.0215152911842, "min": 4.60394054872e-23, "var": 0.000505028816406}, "spectral_energyband_middle_high": {"dmean": 0.00143420672975, "dmean2": 0.00230123009533, "dvar": 4.11558221458e-06, "dvar2": 1.01732339317e-05, "max": 0.0356799140573, "mean": 0.00401552952826, "median": 0.00331886857748, "min": 1.58238389004e-21, "var": 1.30327152874e-05}, "spectral_energyband_middle_low": {"dmean": 0.00835153646767, "dmean2": 0.0128566045314, "dvar": 0.000107784850115, "dvar2": 0.00023392791627, "max": 0.13959543407, "mean": 0.0191592909396, "median": 0.0157011337578, "min": 2.70757812869e-22, "var": 0.000239583780058}, "spectral_entropy": {"dmean": 0.220330446959, "dmean2": 0.324776768684, "dvar": 0.0729788914323, "dvar2": 0.144150361419, "max": 9.8056344986, "mean": 7.5049033165, "median": 7.81940984726, "min": 3.42420291901, "var": 0.678451061249}, "spectral_flux": {"dmean": 0.0344552174211, "dmean2": 0.0551042295992, "dvar": 0.00106379727367, "dvar2": 0.0025048404932, "max": 0.335169196129, "mean": 0.107276625931, "median": 0.0990251451731, "min": 1.02409608571e-10, "var": 0.00292442715727}, "spectral_kurtosis": {"dmean": 4.09757518768, "dmean2": 6.71332168579, "dvar": 124.781013489, "dvar2": 313.880706787, "max": 232.138534546, "mean": 9.08786296844, "median": 2.59602713585, "min": -1.2216925621, "var": 402.581848145}, "spectral_rms": {"dmean": 0.0010211658664, "dmean2": 0.00154145585839, "dvar": 9.58937903306e-07, "dvar2": 2.21035907089e-06, "max": 0.0125110633671, "mean": 0.00627229223028, "median": 0.00683091115206, "min": 3.19873858304e-12, "var": 6.3183315433e-06}, "spectral_rolloff": {"dmean": 532.88848877, "dmean2": 912.454711914, "dvar": 1126685.375, "dvar2": 2606859, "max": 19810.546875, "mean": 1240.07958984, "median": 559.86328125, "min": 64.599609375, "var": 5657531}, "spectral_skewness": {"dmean": 0.378451138735, "dmean2": 0.612531304359, "dvar": 0.479113280773, "dvar2": 1.24005317688, "max": 12.7978191376, "mean": 1.79300963879, "median": 1.27527451515, "min": 0.0338872857392, "var": 1.89277744293}, "spectral_spread": {"dmean": 711518, "dmean2": 1026336, "dvar": 780255363072, "dvar2": 1351651033090.0, "max": 41226688, "mean": 4935372.5, "median": 5172344, "min": 322566.96875, "var": 4157131980800.0}, "spectral_strongpeak": {"dmean": 0.314156085253, "dmean2": 0.519237995148, "dvar": 0.163287073374, "dvar2": 0.422207474709, "max": 8.32629108429, "mean": 0.599673092365, "median": 0.483816683292, "min": 0, "var": 0.225278899074}, "zerocrossingrate": {"dmean": 0.0117969876155, "dmean2": 0.0143181830645, "dvar": 0.000219823748921, "dvar2": 0.000277904095128, "max": 0.71533203125, "mean": 0.0581260733306, "median": 0.046875, "min": 0.00244140625, "var": 0.0051052798517}, "barkbands": {"dmean": [0.000161028452567, 0.00725323101506, 0.00558778271079, 0.00375466188416, 0.0044542402029, 0.00193688867148, 0.0008282076451, 0.000892545096576, 0.000465533346869, 0.000414147245465, 0.00027041384601, 0.000350166985299, 0.000189526981558, 0.000151790183736, 0.000218396511627, 0.000210512938793, 0.000185895434697, 0.00016529635468, 0.000238584383624, 0.0001916209294, 0.000157354879775, 0.00013601865794, 0.000145703961607, 0.000133188237669, 9.65423969319e-05, 2.70605505648e-05, 7.20337266102e-06], "dmean2": [0.000226338990615, 0.0107533335686, 0.00884215626866, 0.00590782752261, 0.00695762131363, 0.0030711744912, 0.0013124209363, 0.00138576852623, 0.000759162008762, 0.000666533072945, 0.000442305667093, 0.000560216489248, 0.000313405354973, 0.000257915555267, 0.000370484602172, 0.000360722508049, 0.000315941899316, 0.000276714854408, 0.000400746037485, 0.000323594460497, 0.000259793683654, 0.000224437331781, 0.000228790289839, 0.000206455573789, 0.000156829861226, 4.3391744839e-05, 1.18886282507e-05], "dvar": [7.44838288824e-08, 0.000101853380329, 9.00558152352e-05, 4.23206947744e-05, 4.04826641898e-05, 8.32941168483e-06, 1.2553751958e-06, 2.02764204005e-06, 6.49577827971e-07, 9.03368402305e-07, 2.60363663074e-07, 7.63912851198e-07, 8.51224726262e-08, 6.72702711313e-08, 1.68687577684e-07, 1.39368580676e-07, 6.79080969235e-08, 6.79957778971e-08, 1.53434044137e-07, 9.33682002824e-08, 6.93809454333e-08, 5.51276002625e-08, 4.67379628333e-08, 3.46814239549e-08, 3.06874241573e-08, 4.72034056287e-09, 4.01830707597e-10], "dvar2": [1.72936211129e-07, 0.000222131697228, 0.000233938117162, 0.000101857207483, 9.44164057728e-05, 1.99895348487e-05, 2.91508717964e-06, 4.24730751547e-06, 1.50518428654e-06, 2.26503743761e-06, 5.9803556951e-07, 1.59212947892e-06, 2.21601553108e-07, 1.89635329662e-07, 4.34769617641e-07, 3.78901233944e-07, 1.83804260701e-07, 1.82667434956e-07, 4.14991461639e-07, 2.52565797609e-07, 1.81645773978e-07, 1.45827030451e-07, 1.14988424116e-07, 8.12063234434e-08, 7.60234399877e-08, 1.1812723244e-08, 1.0367651182e-09], "max": [0.00329271843657, 0.0982642322779, 0.0723746418953, 0.0712606832385, 0.119441948831, 0.0434639640152, 0.0172638203949, 0.0241721868515, 0.0154286269099, 0.0325517356396, 0.0091890823096, 0.0202266909182, 0.00344739365391, 0.00533544179052, 0.00984360370785, 0.00452744727954, 0.00286411959678, 0.00424052961171, 0.00455664983019, 0.00278093642555, 0.00280176498927, 0.00286332750693, 0.00197742460296, 0.0016298313858, 0.0021827404853, 0.00115410878789, 0.000276090955595], "mean": [0.000270742544672, 0.0145376399159, 0.00757831474766, 0.00486886966974, 0.00726066669449, 0.0033278579358, 0.0013512650039, 0.001497536432, 0.000690642627887, 0.00067474739626, 0.000406729493989, 0.00053078122437, 0.000322316016536, 0.000232832840993, 0.000315093959216, 0.000320804334478, 0.00032741719042, 0.000324451568304, 0.000451292726211, 0.000371363392333, 0.000295379257295, 0.000221277179662, 0.000228120465181, 0.000209885183722, 0.000130285669002, 4.63829564978e-05, 8.93891137821e-06], "median": [7.41561307223e-05, 0.00929653085768, 0.00281225563958, 0.00165224447846, 0.00424897065386, 0.00179156078957, 0.000777166278567, 0.000744112301618, 0.000346184999216, 0.000349764100974, 0.000160532683367, 0.000222797592869, 0.000182821619092, 0.00013255700469, 0.000181694296771, 0.000175709777977, 0.000210811384022, 0.00018064895994, 0.00022735298262, 0.00022056279704, 0.000196601133212, 0.00014503733837, 0.000136314483825, 0.000116054798127, 5.21065376233e-05, 1.56379101099e-05, 1.85078101822e-06], "min": [4.20957241612e-24, 1.96972414919e-23, 8.46970844968e-24, 3.22180764894e-23, 1.01225700502e-23, 2.51337616172e-23, 4.05676832329e-23, 5.22896135481e-23, 9.51989767356e-23, 1.15887945759e-22, 3.13307089452e-23, 1.48307730826e-22, 9.45993162299e-23, 1.0883797789e-22, 7.22417233767e-23, 1.29068448333e-22, 2.58304488588e-22, 2.71767150931e-22, 1.98663057434e-22, 3.62905197944e-22, 6.79021831288e-22, 4.31215200704e-22, 4.79997046418e-22, 7.08077055175e-22, 1.18057666658e-21, 2.17046558374e-21, 2.13929525337e-21], "var": [1.64478834108e-07, 0.000270403135801, 0.000122558849398, 5.50804616068e-05, 7.91748097981e-05, 1.64859684446e-05, 2.91211790682e-06, 4.87866509502e-06, 1.21676066556e-06, 1.24366249565e-06, 4.81464780933e-07, 1.4747735122e-06, 1.62805335435e-07, 1.0545807072e-07, 2.18075697944e-07, 1.75358763954e-07, 1.36957353902e-07, 1.56379570626e-07, 3.06783192627e-07, 1.87062667578e-07, 1.19049950342e-07, 6.90104897672e-08, 7.06361547032e-08, 6.0570833682e-08, 3.56864937601e-08, 6.41203090623e-09, 4.4677694877e-10]}, "erbbands": {"dmean": [0.174353420734, 1.85788846016, 5.67710256577, 9.69112014771, 14.8050632477, 14.443816185, 18.5224475861, 15.636882782, 11.4835205078, 11.0384950638, 21.7691059113, 12.51475811, 8.45320320129, 14.8828525543, 11.3489236832, 16.0322227478, 8.34343528748, 8.32008647919, 11.2450342178, 10.8103427887, 10.0661525726, 8.74521350861, 8.66584682465, 11.7368135452, 10.8984994888, 9.84931850433, 6.91743135452, 5.99279212952, 5.26168775558, 3.87782168388, 4.29910135269, 3.18755578995, 2.11989736557, 1.3158686161, 0.545934081078, 0.155322447419, 0.0457242615521, 0.00870147254318, 0.00132352928631, 7.43993514334e-05], "dmean2": [0.23859205842, 2.73954558372, 8.81704711914, 14.8743505478, 23.2863750458, 22.7708129883, 28.6203212738, 25.2134075165, 18.2819080353, 17.9761180878, 33.5132713318, 20.2349662781, 13.721411705, 23.9221153259, 18.4417095184, 25.5696182251, 13.7067642212, 13.949010849, 18.8913612366, 18.5314712524, 17.13256073, 14.8429355621, 14.5272769928, 19.7534351349, 18.3674678802, 16.6904506683, 11.5053691864, 9.91560649872, 8.71733951569, 6.29069805145, 6.83042860031, 5.01435565948, 3.30800318718, 2.15357589722, 0.881183981895, 0.246439307928, 0.074504904449, 0.0141383102164, 0.00219995388761, 0.000125034028315], "dvar": [0.0668861865997, 6.83644294739, 87.5570220947, 265.125183105, 681.983520508, 412.281890869, 832.858276367, 603.879760742, 264.883270264, 312.702911377, 1353.35998535, 517.620239258, 189.749160767, 1142.25378418, 523.198974609, 1680.28845215, 171.639389038, 180.853500366, 642.092590332, 336.789550781, 262.044311523, 158.776275635, 182.705291748, 358.707244873, 313.47454834, 256.910003662, 128.996032715, 108.120613098, 84.5691757202, 42.0558853149, 42.7896728516, 20.5254631042, 9.00972652435, 5.23832941055, 1.15355706215, 0.120074220002, 0.0158816184849, 0.000620627542958, 1.5018202248e-05, 4.03921340819e-08], "dvar2": [0.143515855074, 14.6031112671, 230.908126831, 618.80480957, 1532.30444336, 991.729064941, 1876.92138672, 1501.59301758, 596.713500977, 798.318115234, 2715.99633789, 1181.30834961, 487.796325684, 2773.28637695, 1220.6418457, 3447.38012695, 448.489257812, 505.951538086, 1664.2142334, 899.749450684, 698.486816406, 427.663696289, 496.898284912, 975.573669434, 856.098083496, 701.598022461, 335.969207764, 285.978393555, 224.224731445, 110.191886902, 106.265724182, 47.7067832947, 21.2566280365, 13.0160732269, 2.87628436089, 0.298122316599, 0.0403517372906, 0.00158632884268, 3.89420965803e-05, 1.09716438601e-07], "max": [2.78086090088, 26.4662265778, 86.4530029297, 156.779159546, 510.966705322, 333.846710205, 362.498962402, 352.225830078, 278.601165771, 272.85635376, 660.716918945, 434.162139893, 290.999664307, 1071.515625, 349.830352783, 1020.86950684, 172.611816406, 288.112091064, 705.661315918, 205.453353882, 197.944641113, 161.695495605, 231.989547729, 223.394119263, 183.953796387, 166.213989258, 122.898956299, 122.137702942, 113.190971375, 75.6187896729, 60.7301750183, 43.2304916382, 24.9114379883, 22.7312850952, 15.4457874298, 6.04398488998, 1.75983953476, 0.361132800579, 0.0543284267187, 0.00273055676371], "mean": [0.365899443626, 3.44157600403, 8.6112909317, 13.9101266861, 20.2138557434, 23.6260089874, 29.7232151031, 25.8622837067, 19.9225311279, 18.5120162964, 36.295173645, 19.9555854797, 15.5460596085, 22.6911296844, 18.197845459, 24.4801044464, 15.0492305756, 13.8081483841, 16.7509346008, 16.4235897064, 17.2757854462, 16.4504528046, 18.0416164398, 22.6825447083, 20.5243778229, 18.3185310364, 13.4878616333, 10.4133214951, 8.45168972015, 6.34854269028, 6.44507932663, 5.17572975159, 3.1373295784, 1.7109913826, 0.773725390434, 0.271933585405, 0.0714531466365, 0.012518321164, 0.00167680601589, 0.000130000873469], "median": [0.154973596334, 2.17797803879, 4.05163097382, 6.23877239227, 8.57894420624, 13.7793540955, 13.9203052521, 12.7440071106, 11.7330036163, 12.1689052582, 16.5625362396, 10.7005119324, 9.68096733093, 11.0641622543, 8.93614292145, 10.4202318192, 8.95630645752, 8.46068572998, 9.58757400513, 9.81820583344, 10.6783256531, 10.915564537, 11.0015487671, 11.6752872467, 11.0477018356, 10.7025194168, 9.02726745605, 6.92655658722, 5.43165111542, 3.90789198875, 3.66866493225, 2.96750164032, 1.66761469841, 0.704216122627, 0.289935261011, 0.0921822413802, 0.0227758064866, 0.00384620158002, 0.000347153778421, 8.0139390775e-05], "min": [4.36852792008e-22, 5.14145055335e-21, 1.09555257683e-20, 6.09223626401e-20, 5.00016527745e-20, 4.88320032325e-20, 6.23392907176e-20, 2.69233744303e-19, 7.05082188394e-19, 3.68517415644e-19, 1.48084261743e-18, 2.88943328311e-18, 2.49169485929e-18, 2.94140979728e-18, 2.01207361985e-18, 6.62477041193e-18, 4.22854026034e-18, 4.5987056524e-18, 4.94329544711e-18, 4.72486144917e-18, 8.69089552852e-18, 1.39249222135e-17, 1.49469204039e-17, 9.48941598721e-18, 1.40210720335e-17, 1.67259129319e-17, 2.21586565241e-17, 2.63772809569e-17, 1.73411632541e-17, 1.40273106297e-17, 1.44940985755e-17, 1.41975625977e-17, 1.24483047312e-17, 1.1378607998e-17, 9.79627848777e-18, 7.68740798585e-18, 4.08978815721e-18, 1.22842131908e-18, 3.41205566179e-19, 3.12369668747e-20], "var": [0.210125878453, 16.5785884857, 134.299499512, 396.190216064, 1141.05078125, 770.72668457, 1500.92578125, 1274.00634766, 665.220214844, 456.785400391, 3393.01782227, 964.340881348, 376.200378418, 1616.19165039, 864.704772949, 3149.58496094, 332.579193115, 308.133972168, 801.648620605, 444.030090332, 401.379852295, 351.1484375, 452.017028809, 741.108215332, 617.653930664, 486.797973633, 249.79850769, 150.23979187, 105.645759583, 56.9449424744, 59.9625701904, 36.0226860046, 14.6455945969, 5.92637395859, 1.38068199158, 0.193765640259, 0.0183466207236, 0.00062396703288, 1.66165900737e-05, 4.44031797997e-08]}, "gfcc": {"mean": [-8.40106487274, 92.4205703735, -101.685134888, 36.5815238953, -56.5246009827, 5.61665868759, -37.132232666, 2.97958922386, -21.971157074, -1.04482591152, -12.3953428268, -2.8352496624, -8.46746444702], "cov": [[26195.5859375, -1073.70410156, 1050.57043457, 2766.94189453, -871.186096191, 2295.12109375, 317.545288086, 1510.0032959, -513.722473145, 297.453033447, -437.484954834, 256.561126709, -557.247558594], [-1073.70410156, 3438.86230469, 5.59451436996, -308.324737549, 503.80859375, -630.431030273, 176.904312134, -571.218139648, 232.515441895, -165.530853271, 130.73399353, -193.150344849, 265.24118042], [1050.57043457, 5.59451436996, 1367.77441406, 632.559082031, 81.0459518433, 330.978149414, 111.099014282, 133.691177368, -56.3587684631, 12.5668706894, -28.4407138824, 69.360206604, -34.2252464294], [2766.94189453, -308.324737549, 632.559082031, 1011.12640381, 3.05221891403, 538.233520508, 197.561752319, 324.561035156, -10.5251293182, 40.8373298645, 8.31830692291, 55.0126152039, -54.8445205688], [-871.186096191, 503.80859375, 81.0459518433, 3.05221891403, 492.245819092, -17.2612037659, 207.514129639, -4.72396230698, 128.168273926, 67.9543304443, 44.7400016785, -10.4488239288, 24.9104957581], [2295.12109375, -630.431030273, 330.978149414, 538.233520508, -17.2612037659, 706.240661621, 231.193252563, 378.328369141, 1.50220572948, 108.768371582, -3.46277713776, 91.0549468994, -90.0630645752], [317.545288086, 176.904312134, 111.099014282, 197.561752319, 207.514129639, 231.193252563, 351.624542236, 158.109451294, 108.929206848, 64.6290359497, 41.4959411621, 21.8625774384, -5.76581382751], [1510.0032959, -571.218139648, 133.691177368, 324.561035156, -4.72396230698, 378.328369141, 158.109451294, 382.83114624, 28.5034618378, 112.16217804, -19.6515045166, 55.9585533142, -83.8806304932], [-513.722473145, 232.515441895, -56.3587684631, -10.5251293182, 128.168273926, 1.50220572948, 108.929206848, 28.5034618378, 157.097610474, 54.1939620972, 50.804107666, -7.11573219299, 27.0446548462], [297.453033447, -165.530853271, 12.5668706894, 40.8373298645, 67.9543304443, 108.768371582, 64.6290359497, 112.16217804, 54.1939620972, 142.316635132, 36.5889320374, 46.3832321167, -26.015247345], [-437.484954834, 130.73399353, -28.4407138824, 8.31830692291, 44.7400016785, -3.46277713776, 41.4959411621, -19.6515045166, 50.804107666, 36.5889320374, 110.027290344, 30.0603294373, 38.1698074341], [256.561126709, -193.150344849, 69.360206604, 55.0126152039, -10.4488239288, 91.0549468994, 21.8625774384, 55.9585533142, -7.11573219299, 46.3832321167, 30.0603294373, 93.8571243286, 12.8983373642], [-557.247558594, 265.24118042, -34.2252464294, -54.8445205688, 24.9104957581, -90.0630645752, -5.76581382751, -83.8806304932, 27.0446548462, -26.015247345, 38.1698074341, 12.8983373642, 106.879631042]], "icov": [[0.000122274272144, -0.00021548262157, 0.000144692879985, -0.000279701780528, 0.000226006552111, -0.000206145530683, 0.000120982716908, -0.000219601031858, 0.00039805911365, -0.000368352542864, 0.000546300783753, -0.00040307972813, 0.000346033280948], [-0.00021548262157, 0.00107437139377, -0.000392288900912, 0.000413800880779, -0.000656582706142, 0.00059835909633, -0.000785630836617, 0.00116255285684, -0.00107587291859, 0.000765576201957, -0.00120863458142, 0.00181764306035, -0.00150489294901], [0.000144692879985, -0.000392288900912, 0.0013600490056, -0.00110773032065, -1.86632860277e-05, -0.000391935376683, 0.000254075333942, 0.00013760998263, 0.000812813115772, -0.000480539893033, 0.00134156655986, -0.00155907112639, 0.000777213077527], [-0.000279701780528, 0.000413800880779, -0.00110773032065, 0.00302741862833, -0.000495123385917, -0.000676258583553, -0.000175979701453, -0.000875156896655, -0.000600613595452, 0.00188148242887, -0.00246466626413, 0.001798008685, -0.00116407196037], [0.000226006552111, -0.000656582706142, -1.86632860277e-05, -0.000495123385917, 0.00414771912619, 0.000200531052542, -0.00190546852536, 0.000313157128403, -0.000228396369494, -0.0026459665969, 0.00165549828671, -0.00048696732847, 0.000774265325163], [-0.000206145530683, 0.00059835909633, -0.000391935376683, -0.000676258583553, 0.000200531052542, 0.00492149451748, -0.00216560740955, -0.00148738583084, -2.95935187751e-05, 0.000168680431671, -0.000885076471604, -0.000714509573299, 0.000234855600866], [0.000120982716908, -0.000785630836617, 0.000254075333942, -0.000175979701453, -0.00190546852536, -0.00216560740955, 0.00726243527606, -0.00241824472323, -0.00191078218631, 0.00144829740748, -0.000540335080586, -0.00119865476154, 0.000858325453009], [-0.000219601031858, 0.00116255285684, 0.00013760998263, -0.000875156896655, 0.000313157128403, -0.00148738583084, -0.00241824472323, 0.00974164530635, -0.00261266622692, -0.00297114113346, 0.00218376587145, 8.39991043904e-05, 0.000901409017388], [0.00039805911365, -0.00107587291859, 0.000812813115772, -0.000600613595452, -0.000228396369494, -2.95935187751e-05, -0.00191078218631, -0.00261266622692, 0.0143238902092, -0.00539012765512, -0.00139586324804, 0.00295749725774, -0.00222269305959], [-0.000368352542864, 0.000765576201957, -0.000480539893033, 0.00188148242887, -0.0026459665969, 0.000168680431671, 0.00144829740748, -0.00297114113346, -0.00539012765512, 0.0166001860052, -0.00564613612369, -0.00446840003133, 0.00345649663359], [0.000546300783753, -0.00120863458142, 0.00134156655986, -0.00246466626413, 0.00165549828671, -0.000885076471604, -0.000540335080586, 0.00218376587145, -0.00139586324804, -0.00564613612369, 0.0177825391293, -0.00653159432113, -0.00101787177846], [-0.00040307972813, 0.00181764306035, -0.00155907112639, 0.001798008685, -0.00048696732847, -0.000714509573299, -0.00119865476154, 8.39991043904e-05, 0.00295749725774, -0.00446840003133, -0.00653159432113, 0.0222051497549, -0.00885944440961], [0.000346033280948, -0.00150489294901, 0.000777213077527, -0.00116407196037, 0.000774265325163, 0.000234855600866, 0.000858325453009, 0.000901409017388, -0.00222269305959, 0.00345649663359, -0.00101787177846, -0.00885944440961, 0.0181543007493]]}, "melbands": {"dmean": [0.00177542387974, 0.00255229719914, 0.00175254628994, 0.00104436394759, 0.000618253194261, 0.000338396726875, 0.000176041488885, 0.000124313068227, 0.000163986900588, 7.659959374e-05, 4.25625257776e-05, 6.39586723992e-05, 3.54115727532e-05, 4.65213270218e-05, 2.48610031122e-05, 1.92488168977e-05, 1.65257388289e-05, 1.80724000529e-05, 1.34789379445e-05, 1.749560397e-05, 1.24416237668e-05, 1.04790724436e-05, 8.12094003777e-06, 8.62368688104e-06, 1.05674316728e-05, 9.68961558101e-06, 6.77909019942e-06, 6.87272677169e-06, 4.73303725812e-06, 3.96853556595e-06, 3.64330139746e-06, 3.22219420923e-06, 2.44663260673e-06, 2.12923055187e-06, 2.36036430579e-06, 2.6188602078e-06, 1.99495912057e-06, 1.73581679519e-06, 1.16716751108e-06, 1.15882323826e-06], "dmean2": [0.00255525903776, 0.00382577301934, 0.00264317332767, 0.00164388224948, 0.000952251721174, 0.000544902519323, 0.000278798484942, 0.00020200930885, 0.000252846890362, 0.000123907579109, 6.94435220794e-05, 0.000102976744529, 5.76831080252e-05, 7.50222097849e-05, 3.99833807023e-05, 3.18288548442e-05, 2.79065880022e-05, 3.03687847918e-05, 2.308571311e-05, 2.99387829727e-05, 2.10630842048e-05, 1.79241324076e-05, 1.36536036734e-05, 1.44618916238e-05, 1.78129412234e-05, 1.64528555615e-05, 1.14982176456e-05, 1.1727486708e-05, 7.89761452324e-06, 6.68933716952e-06, 5.99703298576e-06, 5.3485537137e-06, 4.10103257309e-06, 3.44633326677e-06, 3.78920071853e-06, 4.17102637584e-06, 3.17496801472e-06, 2.70606074082e-06, 1.90196396943e-06, 1.91927620108e-06], "dvar": [6.32516184851e-06, 1.34864758365e-05, 7.25785957911e-06, 2.53063967648e-06, 8.42425436076e-07, 2.68807610837e-07, 5.87488990789e-08, 3.67963011172e-08, 7.62313874247e-08, 2.14393711673e-08, 5.14948128583e-09, 2.25474483528e-08, 4.54199611255e-09, 1.32304336375e-08, 2.47208431503e-09, 9.15701847681e-10, 8.51684833769e-10, 1.74896708227e-09, 4.84858264649e-10, 1.0572521747e-09, 3.62897156769e-10, 2.45189452075e-10, 1.44713255268e-10, 1.78571296638e-10, 2.96823815527e-10, 2.69850475298e-10, 1.10648205875e-10, 1.25321045208e-10, 6.20479917446e-11, 4.17959868104e-11, 4.02938446498e-11, 3.02011332609e-11, 1.9329388784e-11, 1.20843673609e-11, 1.29238260718e-11, 1.5274170817e-11, 8.24275803862e-12, 6.04071914018e-12, 4.1294767085e-12, 4.46394006828e-12], "dvar2": [1.38674768095e-05, 3.46158121829e-05, 1.5998040908e-05, 5.98815495323e-06, 1.88402827916e-06, 6.64702440645e-07, 1.32743409154e-07, 9.35626474075e-08, 1.53445839146e-07, 4.8249674478e-08, 1.34249429351e-08, 5.51296892581e-08, 1.04751629593e-08, 3.02350855463e-08, 5.42372013967e-09, 2.35709096685e-09, 2.42776732051e-09, 4.54700765928e-09, 1.27730326316e-09, 2.91441670797e-09, 9.78718550648e-10, 6.78636979945e-10, 3.94599630749e-10, 4.79119188768e-10, 8.12069300693e-10, 7.46709916122e-10, 2.94985313953e-10, 3.44231726457e-10, 1.62841268248e-10, 1.13413063663e-10, 1.06902424413e-10, 7.96663290892e-11, 5.15210721308e-11, 3.14730359829e-11, 3.26680418827e-11, 3.52880537291e-11, 1.966133506e-11, 1.43939287572e-11, 1.01696862737e-11, 1.13566881593e-11], "max": [0.0251955911517, 0.0359624065459, 0.0273453686386, 0.0288863312453, 0.0103178024292, 0.00723730539903, 0.00404595164582, 0.00326261948794, 0.00494052376598, 0.00288313557394, 0.0016208285233, 0.00490106828511, 0.00134523794986, 0.00236685969867, 0.00104193913285, 0.000402353471145, 0.000652797345538, 0.00119422620628, 0.00033250710112, 0.00041941148811, 0.000243759524892, 0.000185035707545, 0.000151259082486, 0.000227924640058, 0.00020212927484, 0.000202196490136, 0.000109472217446, 0.000118312294944, 9.02266765479e-05, 8.02706126706e-05, 8.43334419187e-05, 6.26590481261e-05, 5.37066589459e-05, 3.43480605807e-05, 3.26601621055e-05, 3.51952476194e-05, 2.5518495022e-05, 2.47699990723e-05, 2.11072274396e-05, 2.18874829443e-05], "mean": [0.00370900495909, 0.00466251512989, 0.00258529395796, 0.00162098626606, 0.00102411629632, 0.000565455760807, 0.000302260217723, 0.00021351169562, 0.000271527445875, 0.000113799818791, 7.59952163207e-05, 9.3934526376e-05, 5.44116155652e-05, 6.87721330905e-05, 4.02827608923e-05, 3.1153747841e-05, 2.47343214141e-05, 2.61594377662e-05, 1.99603891815e-05, 2.4576069336e-05, 2.00334816327e-05, 1.76382382051e-05, 1.56682053785e-05, 1.63455424627e-05, 1.85446115211e-05, 1.6707859686e-05, 1.23469581013e-05, 1.20314307424e-05, 8.67159633344e-06, 6.80313860357e-06, 5.85522320762e-06, 4.91607488584e-06, 3.8832113205e-06, 3.34085780196e-06, 3.487320555e-06, 3.88071293855e-06, 3.090977998e-06, 2.44374405156e-06, 1.6032062149e-06, 1.406047204e-06], "median": [0.00214006053284, 0.00288352556527, 0.00125486799516, 0.000822142872494, 0.000546475639567, 0.00029438859201, 0.000177269408596, 0.000137678813189, 0.0001247440523, 5.45091679669e-05, 4.64046061097e-05, 4.37067319581e-05, 2.34037142945e-05, 2.98722516163e-05, 2.16414173337e-05, 1.76169560291e-05, 1.36815851874e-05, 1.45175445141e-05, 1.240416168e-05, 1.25665719679e-05, 1.16109786177e-05, 1.07944360934e-05, 1.01515197457e-05, 9.24141022551e-06, 9.14614611247e-06, 7.61283536121e-06, 7.05450338501e-06, 6.68702114126e-06, 5.51000221094e-06, 4.27691475124e-06, 3.69329609384e-06, 3.05244611809e-06, 2.26433280659e-06, 2.03387435249e-06, 1.91666003957e-06, 2.08363007914e-06, 1.69434679265e-06, 1.24232360577e-06, 7.09061737325e-07, 5.28742702954e-07], "min": [5.47901961215e-24, 5.78938549682e-24, 1.08381039677e-23, 2.93455073451e-24, 2.37159809608e-24, 6.22138939435e-24, 1.01376775254e-23, 4.99639648248e-24, 1.14627145661e-23, 1.75967510259e-23, 1.30606391044e-23, 1.35509374562e-23, 4.47065579347e-24, 1.62504399842e-23, 1.41182814861e-23, 7.91336666286e-24, 9.22573933061e-24, 9.02953463513e-24, 5.53857506062e-24, 8.54907968966e-24, 1.06786049701e-23, 1.67391172269e-23, 9.62785249958e-24, 1.53726886545e-23, 6.53230432622e-24, 7.49042677713e-24, 1.24289098251e-23, 1.08297657079e-23, 1.37963931046e-23, 1.39746977573e-23, 1.64940859857e-23, 8.97705881885e-24, 8.2435412393e-24, 7.73500363447e-24, 8.5565730794e-24, 7.57965483412e-24, 9.27264894434e-24, 8.4191637649e-24, 8.43990922899e-24, 9.9852538213e-24], "var": [1.81550494744e-05, 2.86573176709e-05, 1.14752592708e-05, 4.66984010927e-06, 1.54178724188e-06, 5.52080564376e-07, 1.49148931428e-07, 5.77578624927e-08, 1.88927060663e-07, 3.89894942998e-08, 9.49837453135e-09, 3.04194855971e-08, 8.08849076606e-09, 2.18106457339e-08, 4.50371873129e-09, 1.63561408861e-09, 1.28745347716e-09, 2.16940820863e-09, 6.04157668338e-10, 1.24417165459e-09, 5.71597713606e-10, 4.47572118256e-10, 3.38834849067e-10, 3.9779349259e-10, 5.37794309086e-10, 5.04719821492e-10, 2.03653052755e-10, 2.27873858671e-10, 1.07633152391e-10, 6.65164034963e-11, 5.20906581758e-11, 3.68053365563e-11, 2.33639461944e-11, 1.64136274017e-11, 1.78219557168e-11, 2.33723700116e-11, 1.35592388012e-11, 9.35983755779e-12, 5.21198795927e-12, 4.4751880153e-12]}, "mfcc": {"mean": [-644.942504883, 115.976112366, 14.5913162231, 28.4330062866, 5.48496341705, 3.32718586922, -2.44435286522, 0.0662988349795, -3.76095438004, 0.0918733477592, -3.97905635834, 0.0345864929259, -2.20802521706], "cov": [[15737.9658203, -1127.31970215, 738.217041016, 992.165771484, 108.463447571, 645.302490234, 1098.23266602, 1108.30651855, 533.303588867, 613.074401855, 310.843048096, 373.783660889, 103.99382782], [-1127.31970215, 2744.7644043, -51.221496582, 222.207397461, 92.9837646484, 118.343780518, -133.602645874, -220.469268799, 12.0374126434, -108.791267395, -56.6283187866, -80.9048995972, 8.05974292755], [738.217041016, -51.221496582, 852.215087891, 344.056427002, 130.72064209, 158.589324951, 160.162368774, 119.830215454, 33.0035057068, -5.58998775482, -8.46764278412, 6.92334318161, -10.2245740891], [992.165771484, 222.207397461, 344.056427002, 597.700256348, 171.318130493, 195.239761353, 212.589508057, 149.109985352, 109.506011963, 57.4310913086, 61.3281517029, 61.6878852844, 32.3712615967], [108.463447571, 92.9837646484, 130.72064209, 171.318130493, 232.069732666, 126.342697144, 92.4826278687, 61.7393608093, 65.1581497192, 49.6325721741, 52.2687530518, 43.8756790161, 34.8446159363], [645.302490234, 118.343780518, 158.589324951, 195.239761353, 126.342697144, 297.868438721, 216.793029785, 167.053359985, 123.319839478, 89.9915847778, 86.7452774048, 91.9364624023, 57.9459571838], [1098.23266602, -133.602645874, 160.162368774, 212.589508057, 92.4826278687, 216.793029785, 319.118804932, 241.950439453, 142.837554932, 129.521469116, 104.780921936, 107.473052979, 61.823299408], [1108.30651855, -220.469268799, 119.830215454, 149.109985352, 61.7393608093, 167.053359985, 241.950439453, 277.321899414, 158.26965332, 133.651306152, 99.563949585, 99.5395812988, 46.5331344604], [533.303588867, 12.0374126434, 33.0035057068, 109.506011963, 65.1581497192, 123.319839478, 142.837554932, 158.26965332, 192.203918457, 117.141647339, 91.864402771, 72.5880508423, 52.3011703491], [613.074401855, -108.791267395, -5.58998775482, 57.4310913086, 49.6325721741, 89.9915847778, 129.521469116, 133.651306152, 117.141647339, 165.345626831, 103.108634949, 79.5464019775, 45.0037727356], [310.843048096, -56.6283187866, -8.46764278412, 61.3281517029, 52.2687530518, 86.7452774048, 104.780921936, 99.563949585, 91.864402771, 103.108634949, 133.536392212, 99.4861068726, 56.9626808167], [373.783660889, -80.9048995972, 6.92334318161, 61.6878852844, 43.8756790161, 91.9364624023, 107.473052979, 99.5395812988, 72.5880508423, 79.5464019775, 99.4861068726, 131.551116943, 70.5020599365], [103.99382782, 8.05974292755, -10.2245740891, 32.3712615967, 34.8446159363, 57.9459571838, 61.823299408, 46.5331344604, 52.3011703491, 45.0037727356, 56.9626808167, 70.5020599365, 88.7840576172]], "icov": [[0.000100108409242, 9.88788178802e-06, -7.98628570919e-06, -0.00011433083273, 0.000125886406749, 1.46501197378e-05, -9.66909501585e-05, -0.000265854177997, 9.6616531664e-05, -0.000251301709795, 0.00020023882098, -9.71070330706e-05, 8.94180993782e-05], [9.88788178802e-06, 0.000511740276124, 0.000121612974908, -0.000312134419801, 5.93129152548e-05, -0.000615443335846, 0.000236555119045, 0.000740741554182, -0.000514404207934, 0.000183569354704, 2.25179792324e-05, 0.000331382907461, -0.000172399260919], [-7.98628570919e-06, 0.000121612974908, 0.00176299281884, -0.000808794109616, -0.000418040872319, -0.000490356702358, -0.000152226552018, -0.000498160545249, 0.000384418061003, 0.000575777085032, 0.000476621062262, 0.000289327261271, 0.000293580174912], [-0.00011433083273, -0.000312134419801, -0.000808794109616, 0.00327992020175, -0.00134598708246, 0.000206294367672, -0.00149876147043, 0.000366334425053, -0.000675170216709, 0.000948263215832, -0.00040786570753, -0.000282502674963, 0.000521555135492], [0.000125886406749, 5.93129152548e-05, -0.000418040872319, -0.00134598708246, 0.00676696049049, -0.00209159427322, 0.000363356550224, 0.000873809563927, -0.000349354173522, -0.00111367518548, -0.000840425724164, 0.000515530467965, -0.000811767356936], [1.46501197378e-05, -0.000615443335846, -0.000490356702358, 0.000206294367672, -0.00209159427322, 0.00889664329588, -0.00438842084259, -0.000651522888802, -0.00104396580718, 0.000830884440802, 2.29585020861e-05, -0.00186529080383, -2.10374055314e-05], [-9.66909501585e-05, 0.000236555119045, -0.000152226552018, -0.00149876147043, 0.000363356550224, -0.00438842084259, 0.013820909895, -0.00778681272641, 0.00172171776649, -0.00167586153839, -0.000492011604365, 0.000367957021808, -0.00234178709798], [-0.000265854177997, 0.000740741554182, -0.000498160545249, 0.000366334425053, 0.000873809563927, -0.000651522888802, -0.00778681272641, 0.0171513818204, -0.00695880129933, -0.00136639177799, 0.000975297065452, -0.00322442152537, 0.00329505512491], [9.6616531664e-05, -0.000514404207934, 0.000384418061003, -0.000675170216709, -0.000349354173522, -0.00104396580718, 0.00172171776649, -0.00695880129933, 0.0143248476088, -0.00456421822309, -0.00262826122344, 0.00306700798683, -0.0033834062051], [-0.000251301709795, 0.000183569354704, 0.000575777085032, 0.000948263215832, -0.00111367518548, 0.000830884440802, -0.00167586153839, -0.00136639177799, -0.00456421822309, 0.0169612858444, -0.00826977845281, 0.000754501088522, 0.000573986500967], [0.00020023882098, 2.25179792324e-05, 0.000476621062262, -0.00040786570753, -0.000840425724164, 2.29585020861e-05, -0.000492011604365, 0.000975297065452, -0.00262826122344, -0.00826977845281, 0.025081416592, -0.0130403069779, 0.000116637420433], [-9.71070330706e-05, 0.000331382907461, 0.000289327261271, -0.000282502674963, 0.000515530467965, -0.00186529080383, 0.000367957021808, -0.00322442152537, 0.00306700798683, 0.000754501088522, -0.0130403069779, 0.0251411069185, -0.0111180422828], [8.94180993782e-05, -0.000172399260919, 0.000293580174912, 0.000521555135492, -0.000811767356936, -2.10374055314e-05, -0.00234178709798, 0.00329505512491, -0.0033834062051, 0.000573986500967, 0.000116637420433, -0.0111180422828, 0.0217098314315]]}, "spectral_contrast_coeffs": {"dmean": [0.059444822371, 0.0535565167665, 0.0419429540634, 0.0318440385163, 0.0226876288652, 0.0220135897398], "dmean2": [0.0913190171123, 0.0848516449332, 0.0676717981696, 0.0522664375603, 0.0367260947824, 0.0349166840315], "dvar": [0.0025422568433, 0.00203851750121, 0.00127246673219, 0.000746062549297, 0.000385723542422, 0.000486560747959], "dvar2": [0.00590708432719, 0.00482465652749, 0.00317793944851, 0.00188015331514, 0.000951218127739, 0.00125992053654], "max": [-0.173297122121, -0.425595343113, -0.36531150341, -0.455866873264, -0.528073251247, -0.622439682484], "mean": [-0.597311198711, -0.718893110752, -0.782713294029, -0.798316478729, -0.803272366524, -0.769885957241], "median": [-0.609048247337, -0.724470853806, -0.788508713245, -0.802917838097, -0.807151675224, -0.766988813877], "min": [-0.985427677631, -0.964644610882, -0.959783911705, -0.966966032982, -0.95654219389, -0.960282325745], "var": [0.0143106449395, 0.00665694661438, 0.00416286848485, 0.0029008097481, 0.00193107244559, 0.00180590245873]}, "spectral_contrast_valleys": {"dmean": [0.446143299341, 0.422289431095, 0.355669140816, 0.350214630365, 0.361000567675, 0.435790836811], "dmean2": [0.726427614689, 0.679847180843, 0.562975347042, 0.564683794975, 0.559335589409, 0.618796765804], "dvar": [0.191963091493, 0.178312242031, 0.134413614869, 0.154735118151, 0.196642413735, 0.271132022142], "dvar2": [0.450769662857, 0.381867587566, 0.283656030893, 0.330463200808, 0.403434991837, 0.515557169914], "max": [-5.0943031311, -4.89324712753, -5.44235372543, -5.87599802017, -5.60336494446, -7.73226737976], "me