{"lowlevel": {"average_loudness": 0.520003736019, "barkbands_crest": {"dmean": 2.52822232246, "dmean2": 4.04089641571, "dvar": 5.9415678978, "dvar2": 14.6305179596, "max": 26.7388305664, "mean": 12.2292232513, "median": 11.1520242691, "min": 2.66980338097, "var": 25.5471839905}, "barkbands_flatness_db": {"dmean": 0.0264851022512, "dmean2": 0.0403296723962, "dvar": 0.00101004878525, "dvar2": 0.00229179649614, "max": 0.612355530262, "mean": 0.22820276022, "median": 0.225136846304, "min": 0.0144845591858, "var": 0.00609151646495}, "barkbands_kurtosis": {"dmean": 5.06615257263, "dmean2": 7.73937892914, "dvar": 318.435943604, "dvar2": 649.634216309, "max": 744.363769531, "mean": 9.2179517746, "median": 3.17973566055, "min": -1.92997741699, "var": 813.084899902}, "barkbands_skewness": {"dmean": 0.593776524067, "dmean2": 0.903365075588, "dvar": 0.666914284229, "dvar2": 1.39387381077, "max": 23.2428665161, "mean": 1.67637038231, "median": 1.4199078083, "min": -4.09718036652, "var": 3.46747088432}, "barkbands_spread": {"dmean": 3.65992498398, "dmean2": 6.01590633392, "dvar": 77.0430374146, "dvar2": 197.542785645, "max": 105.105316162, "mean": 11.0292444229, "median": 8.36409091949, "min": 0.0671946406364, "var": 118.04574585}, "dissonance": {"dmean": 0.0303432270885, "dmean2": 0.050641965121, "dvar": 0.000877239508554, "dvar2": 0.00231192004867, "max": 0.499999880791, "mean": 0.432302504778, "median": 0.441059857607, "min": 0.137961164117, "var": 0.00231446605176}, "dynamic_complexity": 4.67259788513, "erbbands_crest": {"dmean": 2.76183152199, "dmean2": 4.2813744545, "dvar": 7.86556959152, "dvar2": 17.4606075287, "max": 34.4012756348, "mean": 13.0396614075, "median": 11.6215085983, "min": 2.61487770081, "var": 40.6080703735}, "erbbands_flatness_db": {"dmean": 0.0237082857639, "dmean2": 0.0345645733178, "dvar": 0.000909047666937, "dvar2": 0.00194274540991, "max": 0.646216630936, "mean": 0.266859859228, "median": 0.26049181819, "min": 0.0756775289774, "var": 0.00681547541171}, "erbbands_kurtosis": {"dmean": 2.50458860397, "dmean2": 3.77866101265, "dvar": 52.8501167297, "dvar2": 112.994232178, "max": 218.873855591, "mean": 4.02045869827, "median": 0.752995252609, "min": -1.83951747417, "var": 164.489807129}, "erbbands_skewness": {"dmean": 0.434252858162, "dmean2": 0.648011624813, "dvar": 0.280564934015, "dvar2": 0.596071541309, "max": 11.053481102, "mean": 0.945645987988, "median": 0.78595417738, "min": -2.97271752357, "var": 1.98246908188}, "erbbands_spread": {"dmean": 5.28860187531, "dmean2": 8.41319561005, "dvar": 119.138748169, "dvar2": 314.878723145, "max": 166.877151489, "mean": 20.7781238556, "median": 17.7432632446, "min": 0.218373060226, "var": 216.850341797}, "hfc": {"dmean": 3.64911389351, "dmean2": 5.52736949921, "dvar": 40.8215675354, "dvar2": 106.419723511, "max": 82.3880157471, "mean": 11.9099559784, "median": 7.56119728088, "min": 1.02327807044e-16, "var": 148.013504028}, "melbands_crest": {"dmean": 2.99066901207, "dmean2": 4.86848497391, "dvar": 8.62296867371, "dvar2": 21.9338378906, "max": 34.6624488831, "mean": 14.7098169327, "median": 13.5136194229, "min": 1.54298627377, "var": 39.8827552795}, "melbands_flatness_db": {"dmean": 0.0272607114166, "dmean2": 0.0415558442473, "dvar": 0.00114527868573, "dvar2": 0.00264673284255, "max": 0.680705010891, "mean": 0.285751849413, "median": 0.291899770498, "min": 0.00329039618373, "var": 0.0078019942157}, "melbands_kurtosis": {"dmean": 5.79325723648, "dmean2": 8.68623161316, "dvar": 156.515548706, "dvar2": 313.414123535, "max": 374.722717285, "mean": 12.660490036, "median": 5.39594173431, "min": -1.86570596695, "var": 665.297973633}, "melbands_skewness": {"dmean": 0.616314470768, "dmean2": 0.950526237488, "dvar": 0.559568226337, "dvar2": 1.24858045578, "max": 16.1443958282, "mean": 2.06985092163, "median": 1.72934699059, "min": -4.00214099884, "var": 3.0351691246}, "melbands_spread": {"dmean": 3.63577914238, "dmean2": 5.75583839417, "dvar": 40.8788833618, "dvar2": 93.6456756592, "max": 182.522903442, "mean": 16.0992851257, "median": 10.4440965652, "min": 0.175932064652, "var": 549.603515625}, "pitch_salience": {"dmean": 0.067813269794, "dmean2": 0.109298296273, "dvar": 0.00450615724549, "dvar2": 0.011632187292, "max": 0.949899971485, "mean": 0.521283388138, "median": 0.524481713772, "min": 0.0729732513428, "var": 0.0169942881912}, "silence_rate_20dB": {"dmean": 0, "dmean2": 0, "dvar": 0, "dvar2": 0, "max": 1, "mean": 1, "median": 1, "min": 1, "var": 0}, "silence_rate_30dB": {"dmean": 0.00104821799323, "dmean2": 0.00209680246189, "dvar": 0.00104711181484, "dvar2": 0.00279136328027, "max": 1, "mean": 0.999301314354, "median": 1, "min": 0, "var": 0.000698200892657}, "silence_rate_60dB": {"dmean": 0.0464709997177, "dmean2": 0.0929582417011, "dvar": 0.0443165227771, "dvar2": 0.0944527313113, "max": 1, "mean": 0.150043666363, "median": 0, "min": 0, "var": 0.12753508985}, "spectral_centroid": {"dmean": 131.00592041, "dmean2": 210.450164795, "dvar": 83788.484375, "dvar2": 164901.09375, "max": 11721.5185547, "mean": 1093.16101074, "median": 717.099609375, "min": 227.068222046, "var": 2922952.5}, "spectral_complexity": {"dmean": 1.75262057781, "dmean2": 2.84256505966, "dvar": 2.90734434128, "dvar2": 6.84106302261, "max": 32, "mean": 11.1271619797, "median": 11, "min": 0, "var": 32.659526825}, "spectral_decrease": {"dmean": 1.45942491425e-09, "dmean2": 2.19404516777e-09, "dvar": 3.91339685466e-18, "dvar2": 9.65643037033e-18, "max": 2.92029996226e-22, "mean": -5.16300824316e-09, "median": -3.58621754515e-09, "min": -3.2179098497e-08, "var": 2.59612041457e-17}, "spectral_energy": {"dmean": 0.00575816538185, "dmean2": 0.00865228008479, "dvar": 6.0145786847e-05, "dvar2": 0.000147249607835, "max": 0.126545846462, "mean": 0.0205666106194, "median": 0.014351900667, "min": 9.83217895353e-21, "var": 0.000406705104979}, "spectral_energyband_high": {"dmean": 0.000104461229057, "dmean2": 0.000183118492714, "dvar": 2.0642234233e-07, "dvar2": 5.80993116728e-07, "max": 0.0057794302702, "mean": 0.000112322712084, "median": 1.21268922157e-05, "min": 7.05177449874e-21, "var": 1.58928770588e-07}, "spectral_energyband_low": {"dmean": 0.0014175712131, "dmean2": 0.00229937490076, "dvar": 1.33642852234e-05, "dvar2": 3.56047094101e-05, "max": 0.0640957057476, "mean": 0.00272114365362, "median": 0.000263157126028, "min": 1.55898667949e-23, "var": 3.52384777216e-05}, "spectral_energyband_middle_high": {"dmean": 0.00117267097812, "dmean2": 0.00168516964186, "dvar": 5.08160110257e-06, "dvar2": 1.05673316284e-05, "max": 0.0439023673534, "mean": 0.00352407200262, "median": 0.00179828517139, "min": 1.20903321446e-21, "var": 2.27946347877e-05}, "spectral_energyband_middle_low": {"dmean": 0.00452502025291, "dmean2": 0.00676161982119, "dvar": 3.76892821805e-05, "dvar2": 9.15858327062e-05, "max": 0.103011734784, "mean": 0.0151417637244, "median": 0.0103537226096, "min": 1.50823679621e-22, "var": 0.000233756072703}, "spectral_entropy": {"dmean": 0.224191814661, "dmean2": 0.353660315275, "dvar": 0.0960035249591, "dvar2": 0.228978037834, "max": 9.82524299622, "mean": 6.7233672142, "median": 6.6508140564, "min": 3.62255573273, "var": 0.567144811153}, "spectral_flux": {"dmean": 0.0187691114843, "dmean2": 0.0307857170701, "dvar": 0.000541812798474, "dvar2": 0.00134831981268, "max": 0.299959629774, "mean": 0.0527342520654, "median": 0.0464884489775, "min": 6.2883406815e-11, "var": 0.00125334702898}, "spectral_kurtosis": {"dmean": 7.60193967819, "dmean2": 13.0531663895, "dvar": 76.136390686, "dvar2": 207.470031738, "max": 151.460998535, "mean": 15.9772977829, "median": 12.5964775085, "min": -1.28250467777, "var": 166.458099365}, "spectral_rms": {"dmean": 0.000599147169851, "dmean2": 0.000865882437211, "dvar": 4.16828157768e-07, "dvar2": 9.33802368763e-07, "max": 0.0111112268642, "mean": 0.00390105508268, "median": 0.00374190532602, "min": 3.09715512785e-12, "var": 4.84671954837e-06}, "spectral_rolloff": {"dmean": 392.013549805, "dmean2": 724.01184082, "dvar": 2415136.25, "dvar2": 6453441.5, "max": 19659.8144531, "mean": 1574.39697266, "median": 796.728515625, "min": 150.732421875, "var": 10657035}, "spectral_skewness": {"dmean": 0.580695748329, "dmean2": 0.99594014883, "dvar": 0.364367485046, "dvar2": 1.01214778423, "max": 10.0255374908, "mean": 2.61748886108, "median": 2.48004984856, "min": -0.114292368293, "var": 1.06221747398}, "spectral_spread": {"dmean": 631686.3125, "dmean2": 1038325.5625, "dvar": 2923643535360.0, "dvar2": 6840936038400.0, "max": 43533668, "mean": 3668266.25, "median": 2183660, "min": 729692.0625, "var": 40558500249600.0}, "spectral_strongpeak": {"dmean": 0.561547338963, "dmean2": 0.914495408535, "dvar": 1.07268631458, "dvar2": 2.79170536995, "max": 15.8669490814, "mean": 1.33348441124, "median": 0.925317466259, "min": 0, "var": 1.67357993126}, "zerocrossingrate": {"dmean": 0.00734989531338, "dmean2": 0.00970129482448, "dvar": 0.000275863538263, "dvar2": 0.000437377078924, "max": 0.5224609375, "mean": 0.0549612790346, "median": 0.03369140625, "min": 0.00830078125, "var": 0.0072048609145}, "barkbands": {"dmean": [0.000376316602342, 0.000708316452801, 0.00046929702512, 0.000752317660954, 0.00136188976467, 0.0014596687397, 0.00083601399092, 0.00111432641279, 0.000859704741742, 0.000690681335982, 0.00037205015542, 0.000316370860673, 0.000190857012058, 0.000145924408571, 8.31977013149e-05, 6.06523717579e-05, 7.52192063374e-05, 4.42131567979e-05, 2.97084407066e-05, 1.42397193486e-05, 1.12605075628e-05, 6.03814123679e-06, 5.92442847847e-06, 4.62055641037e-06, 9.3257667686e-06, 6.23470623395e-05, 1.95306665773e-06], "dmean2": [0.000672474037856, 0.00121968134772, 0.000739766634069, 0.00126303976867, 0.00213660928421, 0.00238143489696, 0.00127398991026, 0.00151868129615, 0.00120491324924, 0.000954968447331, 0.000529922370333, 0.000477831956232, 0.000287301838398, 0.000215876760194, 0.000132900691824, 9.6338102594e-05, 0.000121034987387, 6.94063928677e-05, 4.83189942315e-05, 2.07985758607e-05, 1.76414996531e-05, 1.00459283203e-05, 1.02744670585e-05, 8.09255288914e-06, 1.68249971466e-05, 0.000115720060421, 3.48143521478e-06], "dvar": [1.49094023527e-06, 4.95926178701e-06, 1.74702495315e-06, 4.27320173912e-06, 8.89568764251e-06, 7.07060144123e-06, 4.8133524615e-06, 9.08529364096e-06, 4.62693151349e-06, 3.70754924006e-06, 1.06368747765e-06, 7.59478041346e-07, 5.80211121815e-07, 1.61657496278e-07, 5.83045256519e-08, 3.45307888949e-08, 5.28618215867e-08, 1.4042218055e-08, 7.51308615321e-09, 2.73814060314e-09, 5.15861131589e-09, 6.86921131088e-10, 6.84067857915e-10, 4.49220632914e-10, 2.2871100569e-09, 1.55800577772e-07, 2.18246754002e-10], "dvar2": [4.16412558479e-06, 1.38062850965e-05, 4.05131822845e-06, 1.33865360112e-05, 2.1030095013e-05, 2.00366102945e-05, 1.22468918562e-05, 1.76914909389e-05, 8.5924348241e-06, 6.71697489452e-06, 2.13909038393e-06, 1.57070689966e-06, 1.20760830669e-06, 3.6688675209e-07, 1.41376048646e-07, 8.68858691661e-08, 1.50145481825e-07, 3.04704173004e-08, 1.78698300601e-08, 4.29374136246e-09, 1.11738573949e-08, 1.81039572222e-09, 1.89450144461e-09, 1.22581356177e-09, 5.94775828588e-09, 4.46921774255e-07, 6.33796792826e-10], "max": [0.012158382684, 0.0366187430918, 0.0365050733089, 0.0286617688835, 0.0552586689591, 0.0503011867404, 0.0539738461375, 0.0567776858807, 0.0412492677569, 0.0396720357239, 0.0249654203653, 0.0202997643501, 0.0271823909134, 0.0111423358321, 0.0105350939557, 0.00533713400364, 0.00681953597814, 0.00298264226876, 0.00224521732889, 0.00206648441963, 0.00294016953558, 0.000622116436716, 0.000557048188057, 0.000492021557875, 0.0018516817363, 0.00392955122516, 0.000773872365244], "mean": [0.000359049270628, 0.000986794242635, 0.000870406802278, 0.0014577062102, 0.00303357816301, 0.00307536660694, 0.00212834496051, 0.00246130325831, 0.00204731081612, 0.00144939450547, 0.000748910591938, 0.000568579998799, 0.000342643877957, 0.000310293631628, 0.000156515321578, 0.000120160206279, 0.000168142345501, 0.000103342223156, 5.75207377551e-05, 2.97815568047e-05, 1.96096389118e-05, 9.61025489232e-06, 6.92181856721e-06, 5.76957791054e-06, 8.82053063833e-06, 3.88399421354e-05, 1.94594576897e-06], "median": [2.90821844828e-07, 1.96309301828e-05, 8.21903086035e-05, 0.000152815831825, 0.000806150026619, 0.000971799017861, 0.000635330448858, 0.000308428308927, 0.000360936945071, 0.000232188409427, 0.000185015233001, 8.51083896123e-05, 7.12157925591e-05, 8.19420238258e-05, 5.3707146435e-05, 3.94813978346e-05, 3.93982663809e-05, 2.22082617256e-05, 1.73542957782e-05, 6.69716246193e-06, 3.02839225697e-06, 1.20441745821e-06, 5.77315972805e-07, 3.52129831072e-07, 1.94917674889e-07, 6.93957318276e-08, 5.39682432077e-09], "min": [2.92303780263e-25, 1.82367996322e-24, 3.01506754843e-25, 8.27492015395e-25, 4.82057279735e-24, 5.88954203836e-24, 2.57998576217e-24, 6.54646556276e-24, 1.48343147525e-23, 9.41884301388e-24, 9.77420118585e-24, 1.30791939017e-23, 1.55286527664e-23, 3.19874167162e-23, 3.7966294491e-23, 4.57257102151e-23, 4.98067685123e-23, 7.83396939047e-23, 1.22175520583e-22, 1.67535249825e-22, 2.65817069735e-22, 3.16150989814e-22, 3.97307358912e-22, 5.24246210967e-22, 8.62127377846e-22, 1.21865666117e-21, 1.82167890078e-21], "var": [1.42396697811e-06, 9.12384439289e-06, 5.91851630816e-06, 1.21406374092e-05, 3.51458693331e-05, 2.49725781032e-05, 1.656108725e-05, 3.1720745028e-05, 2.47587886406e-05, 1.07839714474e-05, 3.07010577671e-06, 2.07070024771e-06, 1.39043356739e-06, 5.89756893987e-07, 1.49933370608e-07, 7.29286782075e-08, 1.39214961337e-07, 6.84099319415e-08, 2.38274555642e-08, 1.310125608e-08, 1.2580359865e-08, 1.2751399936e-09, 6.60467736058e-10, 4.77979156255e-10, 3.06922931514e-09, 9.00492551636e-08, 3.11214692905e-10]}, "erbbands": {"dmean": [0.0372441485524, 0.104578621686, 0.411362826824, 1.50666511059, 3.51049351692, 4.36484861374, 5.91069078445, 14.3779697418, 14.2517566681, 20.3314247131, 17.6282119751, 18.658788681, 25.4824562073, 13.9959669113, 14.7609996796, 13.3967876434, 9.25763511658, 8.17251300812, 4.41463661194, 3.04643011093, 4.1423330307, 2.71346974373, 2.27985906601, 2.05730319023, 1.12515580654, 0.679881632328, 0.454254627228, 0.417665183544, 0.236947536469, 0.166369467974, 0.158101499081, 0.121350355446, 0.0880322754383, 0.106716662645, 0.188365653157, 0.379160106182, 0.0402892492712, 0.00304534565657, 0.000366664113244, 2.52221107075e-05], "dmean2": [0.0660061538219, 0.169505089521, 0.635264575481, 2.44714450836, 5.64459514618, 6.79447507858, 9.16617202759, 23.4316654205, 22.3869190216, 29.3638629913, 24.3174667358, 25.4891166687, 34.6693725586, 19.3270626068, 21.9307422638, 19.2688560486, 13.7513866425, 12.0481147766, 6.889523983, 4.91901016235, 6.6295580864, 4.31311178207, 3.61800789833, 3.31524395943, 1.75212800503, 0.996687412262, 0.748400509357, 0.619452238083, 0.379221320152, 0.28297868371, 0.275458067656, 0.211450651288, 0.155046865344, 0.192877173424, 0.344349205494, 0.70271474123, 0.0751348882914, 0.00557470275089, 0.000659618817735, 4.17908631789e-05], "dvar": [0.0155620416626, 0.107481054962, 1.44929659367, 15.803563118, 92.9395980835, 140.329589844, 157.897979736, 713.974975586, 1054.40893555, 3381.30883789, 2834.64208984, 2292.23461914, 3380.92724609, 2870, 1929.43078613, 1490.21069336, 1382.55822754, 545.765380859, 188.411514282, 37.4404640198, 122.696533203, 49.3345603943, 30.7850818634, 32.4544258118, 17.2966308594, 6.3604516983, 1.78450417519, 13.0441408157, 1.72570538521, 0.381192237139, 0.467521071434, 0.419049561024, 0.150612458587, 0.27974024415, 1.1278976202, 5.85657024384, 0.0569353923202, 0.00040123402141, 6.69127075525e-06, 2.32225918495e-08], "dvar2": [0.0448791906238, 0.267617493868, 3.22028374672, 47.9978599548, 228.469421387, 342.869812012, 357.104400635, 2002.86523438, 2702.55297852, 7938.20166016, 5129.40039062, 3977.75756836, 6300.37109375, 5080.43798828, 4457.75927734, 2770.55834961, 2848.04199219, 1240.57519531, 452.130249023, 92.9608383179, 326.27734375, 136.112167358, 72.5675430298, 78.3874969482, 37.8000946045, 10.0876522064, 4.25025272369, 27.6311759949, 4.00294160843, 1.02590799332, 1.2871414423, 1.17219555378, 0.414542555809, 0.767717599869, 3.15814995766, 16.7685203552, 0.163961797953, 0.00111699511763, 1.97468289116e-05, 6.20725728595e-08], "max": [1.39462721348, 9.2807636261, 43.494354248, 69.4267578125, 204.405899048, 243.791381836, 203.751235962, 517.007324219, 777.228027344, 1445.94519043, 1173.21911621, 1132.67077637, 1411.83227539, 1376.97363281, 1314.44396973, 1038.25109863, 1264.32568359, 656.766601562, 564.686645508, 159.573043823, 258.696533203, 178.457305908, 145.386428833, 174.086456299, 120.920906067, 101.205360413, 32.7680473328, 156.325714111, 47.6542015076, 12.8587789536, 13.2542114258, 21.9643783569, 9.32671165466, 13.0298223495, 19.8849182129, 23.8949813843, 2.35226559639, 0.937149524689, 0.126194387674, 0.00750418798998], "mean": [0.0385045744479, 0.190745264292, 0.850792944431, 3.09466695786, 6.90627193451, 9.78722000122, 14.0291786194, 29.5317821503, 37.3732299805, 45.6355361938, 40.6264228821, 48.0293655396, 57.8850669861, 29.4553337097, 29.6301670074, 27.4024620056, 18.0501365662, 18.1040248871, 9.02031040192, 6.167927742, 8.69604969025, 6.65455150604, 6.27815341949, 4.26167726517, 2.4777867794, 1.47224342823, 0.757100403309, 0.811954498291, 0.400847643614, 0.245386406779, 0.183632731438, 0.140397146344, 0.101912498474, 0.0991555079818, 0.13488599658, 0.233044266701, 0.0272092856467, 0.00261574634351, 0.000368637352949, 4.46379381174e-05], "median": [0.000335353484843, 0.00848987419158, 0.0899809226394, 0.438705563545, 0.967939317226, 2.37090158463, 3.66743063927, 10.2935190201, 12.3171653748, 9.42053604126, 6.51032543182, 9.18527317047, 13.3372879028, 8.03412532806, 9.11849117279, 4.79983663559, 4.07049894333, 4.56404352188, 3.07060980797, 3.03331041336, 2.92884039879, 1.91516160965, 1.5235465765, 1.29521012306, 0.728517770767, 0.351421862841, 0.192471921444, 0.0816456899047, 0.0419921204448, 0.0283536277711, 0.0168542452157, 0.00848680455238, 0.00502683734521, 0.00258280010894, 0.00113654392771, 0.000455960922409, 0.000112876252388, 1.76778848981e-05, 1.12942298074e-05, 1.88334706763e-05], "min": [5.72706012106e-23, 3.51580638955e-22, 1.03928125286e-21, 4.33508476153e-21, 4.59248616216e-21, 1.57229101429e-20, 3.40696113395e-20, 6.17890863633e-20, 8.44397536898e-20, 9.91525438266e-20, 2.13851856793e-19, 2.51206480226e-19, 5.86828344626e-19, 5.85136191587e-19, 6.23506205071e-19, 6.81039098216e-19, 1.09784537932e-18, 1.9467586115e-18, 1.92348216265e-18, 3.07722623642e-18, 3.41592774594e-18, 3.87114446897e-18, 4.75847682849e-18, 4.93718547752e-18, 7.02045473949e-18, 8.7747344195e-18, 8.41378092433e-18, 9.79496244342e-18, 1.0801943997e-17, 9.54485859495e-18, 1.06674642817e-17, 9.94507669944e-18, 9.79670531297e-18, 7.51610549843e-18, 6.54371705166e-18, 4.01258408191e-18, 2.16514794169e-18, 9.63179445014e-19, 2.23432081702e-19, 2.67171728439e-20], "var": [0.0152653912082, 0.417491942644, 7.92199039459, 41.1949768066, 265.989074707, 474.1300354, 597.497375488, 2232.8347168, 4487.99951172, 9434.15917969, 9538.3515625, 14441.4042969, 12013.4970703, 7084.703125, 4371.140625, 4864.23339844, 3313.32226562, 2004.13378906, 449.484710693, 100.887496948, 294.011779785, 171.001617432, 202.730834961, 94.9876403809, 64.6443099976, 31.4860019684, 4.55296516418, 33.2252464294, 3.80731368065, 0.867250263691, 0.442228734493, 0.33069679141, 0.158886909485, 0.280702888966, 0.791594564915, 3.37497162819, 0.0354212224483, 0.000413435889641, 1.01265086414e-05, 4.18643573141e-08]}, "gfcc": {"mean": [-144.236709595, 136.868499756, -147.037796021, -12.908572197, -59.8947143555, -19.0085659027, -34.7524719238, -2.34798502922, -19.9077148438, -9.32495498657, -8.37047672272, -5.23423528671, -4.5136256218], "cov": [[46283.671875, 5523.25976562, -3593.30200195, 1035.24145508, -1463.02746582, -141.704071045, -1820.87145996, -434.298339844, -743.405151367, 238.562454224, -72.9993743896, -142.06854248, -406.434387207], [5523.25976562, 3287.70800781, -739.552246094, 431.978820801, 350.794036865, -163.317825317, 7.78615808487, -531.474365234, 116.718742371, -214.45614624, 89.7669906616, -248.494842529, 39.0192565918], [-3593.30200195, -739.552246094, 1797.47033691, 460.501037598, 645.404785156, 414.265228271, -51.038860321, 48.8625183105, -164.159393311, 137.645111084, -64.8723907471, 102.239471436, -102.078300476], [1035.24145508, 431.978820801, 460.501037598, 907.222473145, 359.76473999, 215.467041016, -23.2654457092, -141.16355896, -36.343547821, -58.578792572, 66.5326080322, 21.1067008972, -49.3165283203], [-1463.02746582, 350.794036865, 645.404785156, 359.76473999, 579.544006348, 203.323181152, 100.473205566, -34.5981903076, 9.68916416168, -10.0011787415, 20.4925632477, 11.4494333267, -45.3916473389], [-141.704071045, -163.317825317, 414.265228271, 215.467041016, 203.323181152, 328.397918701, 70.3718795776, 49.7704582214, -50.2352714539, 19.9837684631, -20.3567047119, 38.1804122925, -48.9694099426], [-1820.87145996, 7.78615808487, -51.038860321, -23.2654457092, 100.473205566, 70.3718795776, 388.602539062, 99.7013473511, 164.70199585, -79.859336853, 37.914642334, -46.1839065552, 25.3960437775], [-434.298339844, -531.474365234, 48.8625183105, -141.16355896, -34.5981903076, 49.7704582214, 99.7013473511, 352.406890869, 81.9083557129, 20.6192893982, -22.4729938507, 26.915353775, -50.6769638062], [-743.405151367, 116.718742371, -164.159393311, -36.343547821, 9.68916416168, -50.2352714539, 164.70199585, 81.9083557129, 326.519104004, -5.60298252106, 49.5327949524, -39.6200561523, 12.9247026443], [238.562454224, -214.45614624, 137.645111084, -58.578792572, -10.0011787415, 19.9837684631, -79.859336853, 20.6192893982, -5.60298252106, 186.61151123, 3.27977728844, 32.7495346069, -5.14739990234], [-72.9993743896, 89.7669906616, -64.8723907471, 66.5326080322, 20.4925632477, -20.3567047119, 37.914642334, -22.4729938507, 49.5327949524, 3.27977728844, 141.172149658, 35.3482131958, 21.0356445312], [-142.06854248, -248.494842529, 102.239471436, 21.1067008972, 11.4494333267, 38.1804122925, -46.1839065552, 26.915353775, -39.6200561523, 32.7495346069, 35.3482131958, 146.25668335, 30.9798240662], [-406.434387207, 39.0192565918, -102.078300476, -49.3165283203, -45.3916473389, -48.9694099426, 25.3960437775, -50.6769638062, 12.9247026443, -5.14739990234, 21.0356445312, 30.9798240662, 127.398902893]], "icov": [[9.6682117146e-05, -0.000268138275715, 0.000143839439261, -0.000197660861886, 0.000408134539612, -0.000296466925647, 0.000312110758387, -0.000362525519449, 0.000193790037883, -0.000331819697749, 8.10362544144e-05, -0.00016847414372, 0.000248859374551], [-0.000268138275715, 0.0016211385373, 0.000371205678675, 0.000409269152442, -0.00248298887163, 0.000768846308347, -0.000337627803674, 0.00180784496479, -0.000753210973926, 0.00119088822976, -0.0003570264671, 0.00153344240971, -0.000888213748112], [0.000143839439261, 0.000371205678675, 0.00227144337259, -0.000565115886275, -0.00190066359937, -0.00109672767576, 0.00116123573389, -0.00015588873066, 0.000515329535119, -0.00111491780262, 0.000666663050652, 0.000262808782281, 0.000282864726614], [-0.000197660861886, 0.000409269152442, -0.000565115886275, 0.00242698471993, -0.00130894652102, -0.000530850258656, 9.20439706533e-05, 0.00128131429665, -0.000742760137655, 0.00172086781822, -0.00131468614563, 0.00034998965566, -0.000171474384842], [0.000408134539612, -0.00248298887163, -0.00190066359937, -0.00130894652102, 0.00786679331213, -0.00147862127051, -0.000615289667621, -0.00193189480342, 0.000638923724182, -0.00136623322032, 0.000128422951093, -0.00236050388776, 0.00205444474705], [-0.000296466925647, 0.000768846308347, -0.00109672767576, -0.000530850258656, -0.00147862127051, 0.00702299317345, -0.00330186379142, 0.000694416696206, 0.0006624510861, -0.00016547870473, 0.00129779684357, -0.00130820565391, 0.00087150093168], [0.000312110758387, -0.000337627803674, 0.00116123573389, 9.20439706533e-05, -0.000615289667621, -0.00330186379142, 0.00695460755378, -0.00211686221883, -0.00140053767245, 0.0014192260569, -0.00161989429034, 0.00247289193794, -0.00178604049142], [-0.000362525519449, 0.00180784496479, -0.00015588873066, 0.00128131429665, -0.00193189480342, 0.000694416696206, -0.00211686221883, 0.00668937945738, -0.00206545647234, 0.00131933484226, 0.000610449991655, -0.000635662407149, 0.00163896405138], [0.000193790037883, -0.000753210973926, 0.000515329535119, -0.000742760137655, 0.000638923724182, 0.0006624510861, -0.00140053767245, -0.00206545647234, 0.00537475710735, -0.00202053086832, -0.000769620703068, 0.000397503055865, 0.000317681289744], [-0.000331819697749, 0.00119088822976, -0.00111491780262, 0.00172086781822, -0.00136623322032, -0.00016547870473, 0.0014192260569, 0.00131933484226, -0.00202053086832, 0.0087160775438, -0.00174494623207, 0.000786701159086, -0.00130503403489], [8.10362544144e-05, -0.0003570264671, 0.000666663050652, -0.00131468614563, 0.000128422951093, 0.00129779684357, -0.00161989429034, 0.000610449991655, -0.000769620703068, -0.00174494623207, 0.0102257356048, -0.00424725702032, 0.000855413556565], [-0.00016847414372, 0.00153344240971, 0.000262808782281, 0.00034998965566, -0.00236050388776, -0.00130820565391, 0.00247289193794, -0.000635662407149, 0.000397503055865, 0.000786701159086, -0.00424725702032, 0.0125071099028, -0.00509939156473], [0.000248859374551, -0.000888213748112, 0.000282864726614, -0.000171474384842, 0.00205444474705, 0.00087150093168, -0.00178604049142, 0.00163896405138, 0.000317681289744, -0.00130503403489, 0.000855413556565, -0.00509939156473, 0.0121643785387]]}, "melbands": {"dmean": [0.000260960514424, 0.000179468217539, 0.000329570000758, 0.000247333111474, 0.000233184080571, 0.00031546302489, 0.000214100073208, 0.000237626823946, 0.000138178991619, 0.000117991818115, 0.000126761180582, 5.7208853832e-05, 4.85535165353e-05, 4.32053820987e-05, 2.40520130319e-05, 1.62869910127e-05, 1.61973312061e-05, 7.05611364538e-06, 4.91743912789e-06, 4.26110318585e-06, 5.64292713534e-06, 3.24513462147e-06, 2.36778805629e-06, 3.05284288515e-06, 1.62009337146e-06, 9.60126953942e-07, 4.90611000714e-07, 5.11112546064e-07, 3.51728203896e-07, 1.65239583794e-07, 3.18949332723e-07, 1.55366222998e-07, 9.91145867602e-08, 9.33546147053e-08, 8.78342092392e-08, 1.19486756489e-07, 5.79585055505e-08, 5.20944887228e-08, 1.08728130499e-07, 7.43625889754e-08], "dmean2": [0.000459667033283, 0.000270917400485, 0.000536292151082, 0.00039314859896, 0.000358459685231, 0.000515244435519, 0.000337081379257, 0.000337948091328, 0.000189550293726, 0.000162834039656, 0.000172580141225, 7.94299703557e-05, 7.12650071364e-05, 6.54591131024e-05, 3.50545160472e-05, 2.45166484092e-05, 2.39046858042e-05, 1.0949438547e-05, 7.88065699453e-06, 6.8216654654e-06, 9.05731940293e-06, 5.20593357578e-06, 3.75049762624e-06, 4.76684272144e-06, 2.65801440946e-06, 1.51001222548e-06, 7.63991749864e-07, 7.31013358291e-07, 5.66538687963e-07, 2.83997309225e-07, 4.60198094743e-07, 2.49672552854e-07, 1.66626875853e-07, 1.60289729934e-07, 1.53563391336e-07, 2.08750918773e-07, 1.01051661261e-07, 9.13326019258e-08, 1.96267706087e-07, 1.34378140615e-07], "dvar": [7.13523832019e-07, 2.6674183573e-07, 6.6373570462e-07, 2.89276670173e-07, 2.92206436825e-07, 3.44592194779e-07, 2.37203337861e-07, 4.38876355702e-07, 1.59489715656e-07, 8.10844795751e-08, 8.42268406132e-08, 5.50791767751e-08, 1.77600281148e-08, 1.2649072012e-08, 5.92064131055e-09, 4.07845757167e-09, 2.05003036768e-09, 4.28718616163e-10, 1.28732954852e-10, 1.89230506265e-10, 2.47884990312e-10, 1.05181585663e-10, 4.43395702099e-11, 8.44841557823e-11, 2.59872557501e-11, 1.59364396679e-11, 1.48082371018e-12, 5.62497184248e-12, 1.38014252804e-12, 2.5876772513e-13, 1.1492410322e-11, 9.25591959848e-13, 1.65723893484e-13, 1.16728729547e-13, 1.19930771585e-13, 4.56914237348e-13, 8.12745053549e-14, 6.37170234651e-14, 2.59123560283e-13, 1.57819653071e-13], "dvar2": [2.03072477234e-06, 5.82770439905e-07, 1.95821007765e-06, 7.12479277354e-07, 6.70012127557e-07, 9.7515987818e-07, 6.14458770087e-07, 9.90067974271e-07, 2.78588061065e-07, 1.44046452988e-07, 1.56513721095e-07, 9.71444293896e-08, 3.87436855931e-08, 2.83244503407e-08, 1.21502328199e-08, 8.51392201184e-09, 4.5169255003e-09, 1.01533248476e-09, 3.16863896233e-10, 4.75161465729e-10, 6.76029676683e-10, 3.00442531964e-10, 1.03868906531e-10, 1.82655737757e-10, 6.36439095869e-11, 3.43384799761e-11, 3.58743503653e-12, 8.32820010871e-12, 2.89855552754e-12, 7.05984587197e-13, 2.42788410904e-11, 2.09663623268e-12, 4.31958857789e-13, 3.15791121551e-13, 3.31754805918e-13, 1.27160033805e-12, 2.27069800679e-13, 1.77459690822e-13, 7.26413558211e-13, 4.15273040564e-13], "max": [0.010314210318, 0.0181995071471, 0.010904208757, 0.0105828819796, 0.00949946325272, 0.0114556048065, 0.0121257649735, 0.0144326528534, 0.00847624242306, 0.00638955784962, 0.00696230540052, 0.0061318683438, 0.00344136194326, 0.00221265945584, 0.00211259792559, 0.00262898043729, 0.0014400469372, 0.000834616075736, 0.000460698123788, 0.000477170891827, 0.000451981846709, 0.000291953590931, 0.000172215062776, 0.000230938065215, 0.000175810186192, 0.000121591197967, 2.49706172326e-05, 9.69922839431e-05, 3.60651829396e-05, 1.10679002319e-05, 0.000147676371853, 3.71756468667e-05, 9.6373814813e-06, 7.42544489185e-06, 6.49023468213e-06, 1.99775840883e-05, 1.01001123767e-05, 6.18131798547e-06, 9.72270663624e-06, 1.2712044736e-05], "mean": [0.000320369348628, 0.000378165917937, 0.000684548926074, 0.00054574967362, 0.000548922747839, 0.000654163362924, 0.000550673576072, 0.00052564824, 0.00033358723158, 0.000291751115583, 0.000281440035906, 0.000111638415547, 9.5901050372e-05, 8.13650331111e-05, 4.75325759908e-05, 3.22300911648e-05, 3.47690183844e-05, 1.36125945573e-05, 9.65660456131e-06, 7.81696417107e-06, 1.13886981126e-05, 6.89329408488e-06, 6.11696395936e-06, 7.2447387538e-06, 2.8276813282e-06, 2.0062020667e-06, 9.64696255323e-07, 1.07748007849e-06, 5.78827382469e-07, 2.52915754118e-07, 6.23979190095e-07, 2.52045509797e-07, 1.55386160827e-07, 1.23429288124e-07, 9.93975461938e-08, 1.20259926462e-07, 7.06643206172e-08, 6.57410126337e-08, 9.36408781627e-08, 7.36981533578e-08], "median": [4.22854645876e-06, 3.11409385176e-05, 0.000106348008558, 0.000142060307553, 0.000123156889458, 0.000211730162846, 0.000178724454599, 9.67082305579e-05, 4.83919575345e-05, 5.98381993768e-05, 5.75961676077e-05, 2.35890711338e-05, 2.78118604911e-05, 1.36737662615e-05, 8.90984210855e-06, 6.89920443619e-06, 8.24218568596e-06, 4.53908023701e-06, 3.86315377909e-06, 3.24424536302e-06, 3.2444545468e-06, 1.77570427695e-06, 1.27191879074e-06, 1.25185295019e-06, 8.34821321405e-07, 4.63554442831e-07, 3.01257898627e-07, 1.97543783997e-07, 1.09455605468e-07, 7.06282889951e-08, 3.67730308426e-08, 2.3760993173e-08, 1.7517006512e-08, 1.31036514972e-08, 9.13737796537e-09, 6.22713347553e-09, 4.474356885e-09, 3.30228466794e-09, 3.19867310417e-09, 1.78084635927e-09], "min": [9.60741074694e-25, 4.89475964346e-25, 1.29457606434e-24, 4.73511588991e-25, 1.06738954705e-24, 1.51435044456e-24, 1.07717161949e-24, 8.9710366547e-25, 1.41975231556e-24, 1.99956537672e-24, 2.7920587892e-24, 1.93921022051e-24, 1.42059284686e-24, 2.45520098317e-24, 2.20788993394e-24, 1.55814553683e-24, 2.76571182104e-24, 2.89107877939e-24, 2.67606744271e-24, 3.05675869936e-24, 3.22562029258e-24, 3.08733711742e-24, 3.90672910904e-24, 3.23914196014e-24, 3.49224738994e-24, 3.69067746204e-24, 4.8809699604e-24, 5.24629381219e-24, 5.08258150853e-24, 4.67091010641e-24, 4.59238215874e-24, 5.24412247255e-24, 3.96126109126e-24, 4.99093638173e-24, 5.61742486354e-24, 4.81406351159e-24, 5.67057910019e-24, 6.10330717203e-24, 6.02093155529e-24, 5.64506812738e-24], "var": [9.02697138372e-07, 1.55214013375e-06, 1.8357401359e-06, 1.05027686459e-06, 1.1130122175e-06, 1.13148166747e-06, 9.83182189884e-07, 1.34358106152e-06, 6.64521451199e-07, 4.81073641367e-07, 2.94488785357e-07, 1.28421433487e-07, 4.58905233813e-08, 3.29212070938e-08, 1.47969672071e-08, 1.21685248544e-08, 8.34738678179e-09, 9.7385621789e-10, 4.16325529606e-10, 3.33186755963e-10, 5.81726056215e-10, 2.18001477981e-10, 3.04196834389e-10, 4.10337402945e-10, 6.1836452625e-11, 5.84226417244e-11, 4.35798966358e-12, 2.72148709818e-11, 4.60752876824e-12, 4.13727076687e-13, 2.92741698937e-11, 2.08469743204e-12, 4.01082162274e-13, 2.28428658367e-13, 1.21448505549e-13, 3.25936299434e-13, 7.53237329822e-14, 7.378798771e-14, 1.923428322e-13, 2.00614549387e-13]}, "mfcc": {"mean": [-756.852416992, 170.940689087, -33.2368850708, 2.64110660553, -13.8375806808, -18.2956790924, -12.0805549622, -6.18307590485, -8.22826576233, -5.92134904861, -5.63056230545, -4.20073604584, -3.80668830872], "cov": [[13187.4804688, 4032.7109375, -385.983581543, 813.889343262, 228.283477783, 404.251220703, -98.8105545044, -275.674499512, -499.686553955, -279.024078369, -120.990722656, 116.470550537, 62.5749092102], [4032.7109375, 3340.12890625, -399.075073242, 438.760742188, 253.632247925, 257.22946167, -30.7811412811, -180.594223022, -150.817703247, -165.128936768, -79.9607162476, -31.11677742, 36.4650993347], [-385.983581543, -399.075073242, 632.981201172, 182.529190063, 326.713317871, 230.909179688, 164.357757568, 88.0695953369, 29.0198345184, -21.9937973022, -9.04542446136, 34.1168136597, 8.29371166229], [813.889343262, 438.760742188, 182.529190063, 597.650756836, 337.019714355, 288.825897217, 100.918045044, 63.0074043274, -78.9538421631, -67.2315750122, -35.1492919922, 39.0653953552, 5.95089292526], [228.283477783, 253.632247925, 326.713317871, 337.019714355, 484.588531494, 276.436309814, 134.664810181, 63.5652236938, -28.1744785309, -68.2626647949, -2.1316845417, 67.679725647, 36.3003463745], [404.251220703, 257.22946167, 230.909179688, 288.825897217, 276.436309814, 430.733703613, 150.05708313, 45.4319839478, -26.83634758, -63.9182510376, -36.2071418762, 24.0596904755, 41.4116363525], [-98.8105545044, -30.7811412811, 164.357757568, 100.918045044, 134.664810181, 150.05708313, 233.294128418, 95.5608520508, 19.3774700165, 6.98344564438, -12.8732337952, -8.94105434418, 8.7249917984], [-275.674499512, -180.594223022, 88.0695953369, 63.0074043274, 63.5652236938, 45.4319839478, 95.5608520508, 286.942443848, 117.64629364, 87.8158798218, 61.0047645569, 39.2752380371, -17.3687133789], [-499.686553955, -150.817703247, 29.0198345184, -78.9538421631, -28.1744785309, -26.83634758, 19.3774700165, 117.64629364, 208.094100952, 124.447990417, 74.0233917236, 18.8214130402, -4.24637174606], [-279.024078369, -165.128936768, -21.9937973022, -67.2315750122, -68.2626647949, -63.9182510376, 6.98344564438, 87.8158798218, 124.447990417, 182.452529907, 88.8463821411, 28.9703216553, -15.346529007], [-120.990722656, -79.9607162476, -9.04542446136, -35.1492919922, -2.1316845417, -36.2071418762, -12.8732337952, 61.0047645569, 74.0233917236, 88.8463821411, 159.350418091, 89.313331604, 5.75527381897], [116.470550537, -31.11677742, 34.1168136597, 39.0653953552, 67.679725647, 24.0596904755, -8.94105434418, 39.2752380371, 18.8214130402, 28.9703216553, 89.313331604, 149.129699707, 55.8569793701], [62.5749092102, 36.4650993347, 8.29371166229, 5.95089292526, 36.3003463745, 41.4116363525, 8.7249917984, -17.3687133789, -4.24637174606, -15.346529007, 5.75527381897, 55.8569793701, 124.256660461]], "icov": [[0.000141593336593, -0.000180464077857, -0.000103790938738, -7.99588306108e-05, 0.000206038253964, -3.66910571756e-05, 4.02924633818e-05, -5.25435862073e-05, 0.000298861297779, -9.11341921892e-05, 5.95537676418e-05, -0.000245930481469, 4.10261127399e-05], [-0.000180464077857, 0.000703282188624, 0.00076484848978, -0.00014469306916, -0.000703396566678, -0.000166454468854, -4.39965224359e-05, 0.000367018306861, -0.000563765701372, 0.000269400334219, -0.000144301142427, 0.00052494200645, -5.95597484789e-05], [-0.000103790938738, 0.00076484848978, 0.0036774801556, 0.00018039693532, -0.00246296566911, -0.000665301049594, -0.000862345856149, 0.000437362090452, -0.00101460807491, 0.000234132297919, 0.0004571400641, -1.11577128337e-05, 0.000614743912593], [-7.99588306108e-05, -0.00014469306916, 0.00018039693532, 0.00369687727652, -0.00186036841478, -0.00127589376643, 0.000405238854, -0.000950123067014, 0.00140257715248, -0.000761401490308, 0.000770131999161, -0.000451005500508, 0.000822048517875], [0.000206038253964, -0.000703396566678, -0.00246296566911, -0.00186036841478, 0.00646637007594, -0.000757365312893, -0.000755736313295, -0.000265732116532, 9.14412812563e-05, 0.00152710964903, -0.00059886102099, -0.00192725448869, -0.00017877065693], [-3.66910571756e-05, -0.000166454468854, -0.000665301049594, -0.00127589376643, -0.000757365312893, 0.00497074285522, -0.00176931906026, 0.000190720180399, -0.000680069671944, 0.00088780495571, 0.000362493243301, -5.72736207687e-05, -0.00101626827382], [4.02924633818e-05, -4.39965224359e-05, -0.000862345856149, 0.000405238854, -0.000755736313295, -0.00176931906026, 0.00729818642139, -0.00224116817117, 0.00110015657265, -0.00127664580941, 0.000121279292216, 0.00214580236934, -0.001074806205], [-5.25435862073e-05, 0.000367018306861, 0.000437362090452, -0.000950123067014, -0.000265732116532, 0.000190720180399, -0.00224116817117, 0.00625074189156, -0.00315061979927, -0.000444337929366, -0.000124877449707, -0.00141168560367, 0.00145806570072], [0.000298861297779, -0.000563765701372, -0.00101460807491, 0.00140257715248, 9.14412812563e-05, -0.000680069671944, 0.00110015657265, -0.00315061979927, 0.0110973604023, -0.0055570830591, -0.00153617653996, 0.00153689982835, -0.00122904218733], [-9.11341921892e-05, 0.000269400334219, 0.000234132297919, -0.000761401490308, 0.00152710964903, 0.00088780495571, -0.00127664580941, -0.000444337929366, -0.0055570830591, 0.0123386932537, -0.00407785829157, -8.90709125088e-05, 0.000836111139506], [5.95537676418e-05, -0.000144301142427, 0.0004571400641, 0.000770131999161, -0.00059886102099, 0.000362493243301, 0.000121279292216, -0.000124877449707, -0.00153617653996, -0.00407785829157, 0.0143763935193, -0.00876069348305, 0.00268929614685], [-0.000245930481469, 0.00052494200645, -1.11577128337e-05, -0.000451005500508, -0.00192725448869, -5.72736207687e-05, 0.00214580236934, -0.00141168560367, 0.00153689982835, -8.90709125088e-05, -0.00876069348305, 0.0160288140178, -0.00653186487034], [4.10261127399e-05, -5.95597484789e-05, 0.000614743912593, 0.000822048517875, -0.00017877065693, -0.00101626827382, -0.001074806205, 0.00145806570072, -0.00122904218733, 0.000836111139506, 0.00268929614685, -0.00653186487034, 0.0115074431524]]}, "spectral_contrast_coeffs": {"dmean": [0.0499423481524, 0.044871289283, 0.0382391773164, 0.029413793236, 0.0229657832533, 0.0167859271169], "dmean2": [0.0820931941271, 0.0728749334812, 0.0606078691781, 0.04809942469, 0.0372084714472, 0.027249885723], "dvar": [0.00194100185763, 0.00153712311294, 0.00117815262638, 0.000679980264977, 0.000432491913671, 0.000285221118247], "dvar2": [0.00509002059698, 0.00400014966726, 0.00287024816498, 0.00170390075073, 0.00109206326306, 0.000697266485076], "max": [-0.206255108118, -0.291939675808, -0.358357578516, -0.552130520344, -0.556037843227, -0.602991938591], "mean": [-0.578317165375, -0.681813716888, -0.718347072601, -0.764928519726, -0.765554130077, -0.776735365391], "median": [-0.562840402126, -0.678390741348, -0.724394798279, -0.764549672604, -0.766174137592, -0.770602285862], "min": [-0.979002416134, -0.984416663647, -0.978357613087, -0.970950305462, -0.967967152596, -0.966065883636], "var": [0.0159893296659, 0.0104263834655, 0.00842351652682, 0.00451866630465, 0.00380291696638, 0.00251989508979]}, "spectral_contrast_valleys": {"dmean": [0.518821954727, 0.347590953112, 0.342637807131, 0.334288567305, 0.327053189278, 0.383662968874], "dmean2": [0.850540816784, 0.559705257416, 0.54465007782, 0.523258686066, 0.494560867548, 0.553139686584], "dvar": [0.270027339458, 0.174858227372, 0.199173212051, 0.22195596993, 0.249335199594, 0.351827979088], "dvar2": [0.60262197256