{"lowlevel": {"average_loudness": 0.900871276855, "barkbands_crest": {"dmean": 2.94687604904, "dmean2": 4.82978534698, "dvar": 7.27670240402, "dvar2": 18.9449520111, "max": 26.8731784821, "mean": 11.5393686295, "median": 10.4881830215, "min": 3.38602900505, "var": 23.5589008331}, "barkbands_flatness_db": {"dmean": 0.0268463939428, "dmean2": 0.0412527099252, "dvar": 0.000630422087852, "dvar2": 0.00142079289071, "max": 0.732606053352, "mean": 0.197658613324, "median": 0.181519553065, "min": 0.0298185031861, "var": 0.00783705338836}, "barkbands_kurtosis": {"dmean": 6.34224224091, "dmean2": 10.2018604279, "dvar": 1119.23034668, "dvar2": 2821.35058594, "max": 2106.62182617, "mean": 16.1675739288, "median": 4.12177467346, "min": -1.72713983059, "var": 12747.5820312}, "barkbands_skewness": {"dmean": 0.727359354496, "dmean2": 1.15312480927, "dvar": 1.02123594284, "dvar2": 2.52636575699, "max": 42.1407012939, "mean": 2.15134191513, "median": 1.82941818237, "min": -2.29425668716, "var": 5.75195598602}, "barkbands_spread": {"dmean": 3.72548985481, "dmean2": 5.87717008591, "dvar": 20.9354896545, "dvar2": 51.6657524109, "max": 87.2689437866, "mean": 12.1279630661, "median": 10.7398166656, "min": 0.105833187699, "var": 62.3006706238}, "dissonance": {"dmean": 0.0222540143877, "dmean2": 0.0373532213271, "dvar": 0.000439144670963, "dvar2": 0.00119457580149, "max": 0.499999970198, "mean": 0.441683620214, "median": 0.458099246025, "min": 0.0902573317289, "var": 0.00338649749756}, "dynamic_complexity": 4.50112915039, "erbbands_crest": {"dmean": 2.1476123333, "dmean2": 3.38436579704, "dvar": 4.25720834732, "dvar2": 9.73677444458, "max": 28.0112457275, "mean": 9.06701850891, "median": 7.75825738907, "min": 2.72853064537, "var": 21.8122653961}, "erbbands_flatness_db": {"dmean": 0.0147163886577, "dmean2": 0.0204448513687, "dvar": 0.00024209478579, "dvar2": 0.00041030155262, "max": 0.54575753212, "mean": 0.195158153772, "median": 0.180942922831, "min": 0.0426490902901, "var": 0.00714937970042}, "erbbands_kurtosis": {"dmean": 0.736493587494, "dmean2": 1.15532958508, "dvar": 12.8626804352, "dvar2": 20.856464386, "max": 303.708831787, "mean": 1.24812698364, "median": -0.25483417511, "min": -1.67107367516, "var": 205.999511719}, "erbbands_skewness": {"dmean": 0.27561929822, "dmean2": 0.428866535425, "dvar": 0.0705445483327, "dvar2": 0.15048186481, "max": 9.71983909607, "mean": 0.284273684025, "median": 0.21771016717, "min": -2.55417704582, "var": 0.598506629467}, "erbbands_spread": {"dmean": 5.32484292984, "dmean2": 8.32151031494, "dvar": 27.8040046692, "dvar2": 68.8559036255, "max": 85.0423736572, "mean": 29.5736751556, "median": 29.5995178223, "min": 0.372273296118, "var": 157.33026123}, "hfc": {"dmean": 4.26881694794, "dmean2": 6.14834403992, "dvar": 46.6846046448, "dvar2": 94.4232330322, "max": 94.7640838623, "mean": 14.2301979065, "median": 11.2314968109, "min": 1.1727022924e-16, "var": 161.083526611}, "melbands_crest": {"dmean": 3.86816310883, "dmean2": 6.42849063873, "dvar": 11.7588500977, "dvar2": 32.0595474243, "max": 31.3154354095, "mean": 16.1129951477, "median": 15.9176464081, "min": 1.72875070572, "var": 29.3664875031}, "melbands_flatness_db": {"dmean": 0.0323961228132, "dmean2": 0.0498888120055, "dvar": 0.000931588467211, "dvar2": 0.00209647114389, "max": 0.91067814827, "mean": 0.300901025534, "median": 0.285816371441, "min": 0.00367804989219, "var": 0.00941658765078}, "melbands_kurtosis": {"dmean": 9.00245189667, "dmean2": 14.3851356506, "dvar": 187.860244751, "dvar2": 466.633575439, "max": 214.503494263, "mean": 15.7764472961, "median": 9.6941318512, "min": -1.50446486473, "var": 367.572906494}, "melbands_skewness": {"dmean": 0.87263661623, "dmean2": 1.37719619274, "dvar": 0.798190593719, "dvar2": 1.97841751575, "max": 11.6915950775, "mean": 2.90287518501, "median": 2.64041042328, "min": -1.99764931202, "var": 2.62791419029}, "melbands_spread": {"dmean": 4.07915210724, "dmean2": 6.49011611938, "dvar": 23.8315620422, "dvar2": 53.0221557617, "max": 159.404129028, "mean": 12.3484802246, "median": 10.080953598, "min": 0.255049943924, "var": 143.426177979}, "pitch_salience": {"dmean": 0.0848724767566, "dmean2": 0.139643579721, "dvar": 0.00569259095937, "dvar2": 0.015633976087, "max": 0.819049715996, "mean": 0.504106760025, "median": 0.518346071243, "min": 0.0188074707985, "var": 0.0170926116407}, "silence_rate_20dB": {"dmean": 0, "dmean2": 0, "dvar": 0, "dvar2": 0, "max": 1, "mean": 1, "median": 1, "min": 1, "var": 0}, "silence_rate_30dB": {"dmean": 0.0657640248537, "dmean2": 0.13155117631, "dvar": 0.0614402927458, "dvar2": 0.125507727265, "max": 1, "mean": 0.907524585724, "median": 1, "min": 0, "var": 0.0839205682278}, "silence_rate_60dB": {"dmean": 0.0101986983791, "dmean2": 0.0204009842128, "dvar": 0.0100937960669, "dvar2": 0.0235048122704, "max": 1, "mean": 0.0898382589221, "median": 0, "min": 0, "var": 0.0817685425282}, "spectral_centroid": {"dmean": 147.236343384, "dmean2": 228.997650146, "dvar": 34340.6054688, "dvar2": 69358.9921875, "max": 10687.3867188, "mean": 771.980651855, "median": 694.455810547, "min": 103.112236023, "var": 174852.875}, "spectral_complexity": {"dmean": 2.71918416023, "dmean2": 4.05909252167, "dvar": 8.4897146225, "dvar2": 16.0067920685, "max": 54, "mean": 15.9287977219, "median": 15, "min": 0, "var": 68.8278198242}, "spectral_decrease": {"dmean": 5.25553334185e-09, "dmean2": 8.28579072021e-09, "dvar": 5.85343044642e-17, "dvar2": 1.31016634296e-16, "max": 2.28798591702e-18, "mean": -1.15415828006e-08, "median": -8.30455881839e-09, "min": -8.84554083314e-08, "var": 1.3465284086e-16}, "spectral_energy": {"dmean": 0.0200937353075, "dmean2": 0.0316341221333, "dvar": 0.000852100551128, "dvar2": 0.00190393661615, "max": 0.336547732353, "mean": 0.0448513664305, "median": 0.0324823968112, "min": 1.04098547515e-20, "var": 0.00198385538533}, "spectral_energyband_high": {"dmean": 0.00012037644774, "dmean2": 0.000166534839082, "dvar": 1.17875138983e-07, "dvar2": 2.61754422581e-07, "max": 0.00484944134951, "mean": 0.000204554919037, "median": 3.97576513933e-05, "min": 7.63789012387e-21, "var": 2.11161960806e-07}, "spectral_energyband_low": {"dmean": 0.017952432856, "dmean2": 0.0288616102189, "dvar": 0.000760233029723, "dvar2": 0.00173855747562, "max": 0.327772289515, "mean": 0.0278435070068, "median": 0.0144141763449, "min": 1.4847498196e-22, "var": 0.00145449582487}, "spectral_energyband_middle_high": {"dmean": 0.00122234434821, "dmean2": 0.00171952089295, "dvar": 3.63844264939e-06, "dvar2": 7.30491956347e-06, "max": 0.0307374056429, "mean": 0.00380812282674, "median": 0.00266638863832, "min": 1.3698447188e-21, "var": 1.42092421811e-05}, "spectral_energyband_middle_low": {"dmean": 0.00582442618906, "dmean2": 0.00916612427682, "dvar": 9.00950180949e-05, "dvar2": 0.000220751724555, "max": 0.165985524654, "mean": 0.0148914894089, "median": 0.0103640696034, "min": 2.83568762509e-22, "var": 0.000245865929173}, "spectral_entropy": {"dmean": 0.146831735969, "dmean2": 0.212878555059, "dvar": 0.0218515824527, "dvar2": 0.0403847023845, "max": 9.81376361847, "mean": 6.99012041092, "median": 7.11871099472, "min": 3.46047592163, "var": 0.639294266701}, "spectral_flux": {"dmean": 0.0341970995069, "dmean2": 0.0555647686124, "dvar": 0.00189902144484, "dvar2": 0.00446897698566, "max": 0.444719463587, "mean": 0.0997937917709, "median": 0.0907695218921, "min": 1.0202869799e-10, "var": 0.00420664576814}, "spectral_kurtosis": {"dmean": 4.56895542145, "dmean2": 7.8475856781, "dvar": 188.074203491, "dvar2": 630.825683594, "max": 460.467926025, "mean": 14.3919258118, "median": 8.99852180481, "min": -1.16817581654, "var": 607.219665527}, "spectral_rms": {"dmean": 0.00130631693173, "dmean2": 0.00203531002626, "dvar": 2.33962396123e-06, "dvar2": 5.13758686793e-06, "max": 0.0181201342493, "mean": 0.00582231441513, "median": 0.00562939979136, "min": 3.18684119892e-12, "var": 9.85801489151e-06}, "spectral_rolloff": {"dmean": 251.501235962, "dmean2": 427.964263916, "dvar": 326195.375, "dvar2": 730184.75, "max": 19121.484375, "mean": 768.583679199, "median": 602.9296875, "min": 64.599609375, "var": 2172380.75}, "spectral_skewness": {"dmean": 0.339884907007, "dmean2": 0.570628464222, "dvar": 0.209520891309, "dvar2": 0.622192084789, "max": 18.8109264374, "mean": 2.46153235435, "median": 2.15588641167, "min": 0.0224055834115, "var": 2.26056551933}, "spectral_spread": {"dmean": 335269.375, "dmean2": 485495.8125, "dvar": 385806139392, "dvar2": 600504598528, "max": 40143908, "mean": 2964154.75, "median": 2668236.75, "min": 254697.109375, "var": 1732994924540.0}, "spectral_strongpeak": {"dmean": 0.367520034313, "dmean2": 0.628709256649, "dvar": 0.3513481915, "dvar2": 0.915185630322, "max": 9.13030910492, "mean": 0.603467524052, "median": 0.411720693111, "min": 0, "var": 0.47279047966}, "zerocrossingrate": {"dmean": 0.00664120865986, "dmean2": 0.00829494185746, "dvar": 0.00013777341519, "dvar2": 0.000180431859917, "max": 0.5244140625, "mean": 0.0341166779399, "median": 0.02880859375, "min": 0.0029296875, "var": 0.00161972513888}, "barkbands": {"dmean": [0.000561953347642, 0.0121132023633, 0.00736118108034, 0.00271048373543, 0.00293534109369, 0.00144670554437, 0.000436405767687, 0.000516016676556, 0.000627718749456, 0.000380438985303, 0.000449195737019, 0.000300470390357, 0.000296593323583, 0.000160822411999, 0.000183415351785, 0.000149073268403, 8.81840387592e-05, 8.46119655762e-05, 4.1456798499e-05, 3.08979360852e-05, 2.60481974692e-05, 1.51117283167e-05, 1.09207612695e-05, 1.06828574644e-05, 1.74116958078e-05, 9.56107669481e-06, 3.67155189451e-05], "dmean2": [0.000958389835432, 0.0193690955639, 0.0127234952524, 0.00458623468876, 0.00471941102296, 0.0022060489282, 0.000697571318597, 0.000750298670027, 0.000982244149782, 0.000606252753641, 0.000644109561108, 0.000456520647276, 0.000471987325, 0.000255502498476, 0.000297075312119, 0.000229869299801, 0.000143133904203, 0.000134094341774, 6.73532995279e-05, 4.85652017232e-05, 3.93966765841e-05, 2.23564911721e-05, 1.66945501405e-05, 1.50537407535e-05, 2.60381275439e-05, 1.38695359055e-05, 5.62039676879e-05], "dvar": [5.99167435666e-07, 0.000490558799356, 0.000146688209497, 3.42473467754e-05, 2.91833148367e-05, 4.9330155889e-06, 5.83995358738e-07, 1.11309304884e-06, 1.36932237638e-06, 3.36959089964e-07, 7.07340404915e-07, 3.35642084792e-07, 3.8212286313e-07, 8.27423107808e-08, 1.20001956816e-07, 9.87457795532e-08, 2.38281359088e-08, 6.43128785782e-08, 8.36331626175e-09, 4.93741536545e-09, 6.85175605142e-09, 2.48068743325e-09, 1.78865322553e-09, 1.00042607531e-09, 4.66996707971e-09, 1.69341585199e-09, 2.82613488167e-08], "dvar2": [1.63083416282e-06, 0.00104724394623, 0.000413525674958, 8.76215199241e-05, 7.12608889444e-05, 1.1252061995e-05, 1.45659805639e-06, 2.32812180911e-06, 3.31528258357e-06, 8.41690621201e-07, 1.21214782212e-06, 6.78890160088e-07, 8.7336860588e-07, 1.97479550934e-07, 2.85179140747e-07, 2.043067866e-07, 6.2932116407e-08, 1.47968648889e-07, 2.20586251487e-08, 1.22362120436e-08, 1.63135442932e-08, 5.48975087611e-09, 4.30865831902e-09, 2.1372823511e-09, 1.14677183305e-08, 4.05270350612e-09, 7.00326836522e-08], "max": [0.0101204700768, 0.27635204792, 0.13575309515, 0.0907980129123, 0.0997732505202, 0.0555892586708, 0.0149052478373, 0.0213440805674, 0.0226834174246, 0.0100806839764, 0.0201323572546, 0.0126821491867, 0.0155247347429, 0.00447169970721, 0.00635893037543, 0.0105027733371, 0.00248464546166, 0.00710405502468, 0.0025390163064, 0.00126972072758, 0.0015353342751, 0.00079452880891, 0.000714406603947, 0.000425348465797, 0.0012579720933, 0.00152794481255, 0.00243757478893], "mean": [0.000652452057693, 0.0164263676852, 0.00902497768402, 0.00336055993102, 0.00541597651318, 0.00265935342759, 0.00078691978706, 0.00111627287697, 0.00119544926565, 0.000679976365063, 0.00089087995002, 0.000543796049897, 0.000492233491968, 0.000305030174786, 0.000332676019752, 0.000331911811372, 0.000171040126588, 0.000143563811434, 8.267944213e-05, 6.22629377176e-05, 4.63420401502e-05, 2.60029682977e-05, 1.70122948475e-05, 1.70327402884e-05, 2.26493848459e-05, 1.15471293611e-05, 3.64683219232e-05], "median": [0.000374604656827, 0.00660117855296, 0.00361379981041, 0.00128555204719, 0.00268956786022, 0.00138091098052, 0.000333748874255, 0.000392095796997, 0.000544876675121, 0.000389507389627, 0.000348167668562, 0.000239631801378, 0.000229418132221, 0.000141277094372, 0.000144790770719, 0.000111531735456, 9.48034285102e-05, 5.64742294955e-05, 3.43068968505e-05, 1.95496286324e-05, 1.42167828017e-05, 3.52893198396e-06, 1.55934776558e-06, 1.60196918841e-06, 1.33716071105e-06, 3.93464858917e-07, 4.6142824317e-07], "min": [3.73790411896e-23, 7.6237114535e-23, 2.43797888743e-23, 2.56373814631e-23, 2.7031041514e-23, 5.92646585632e-23, 2.32822877177e-23, 9.10527743049e-23, 3.41634516579e-23, 7.41945138377e-23, 6.14815407226e-23, 1.85096997515e-22, 5.92202362279e-23, 9.03137315435e-23, 3.32990368106e-23, 1.05278233589e-22, 9.72200194421e-23, 2.75656575982e-22, 2.32699603461e-22, 2.81410817725e-22, 2.30724775382e-22, 4.26840594642e-22, 7.96175274021e-22, 1.14672466351e-21, 1.05972660902e-21, 1.62133822019e-21, 2.45622760675e-21], "var": [7.07934361799e-07, 0.000916274206247, 0.000191326063941, 4.75100314361e-05, 6.3758365286e-05, 1.34899673867e-05, 1.50751998262e-06, 4.43561521024e-06, 3.11682993015e-06, 7.02678960351e-07, 2.75137995231e-06, 9.1660177759e-07, 7.12041355655e-07, 2.08942708468e-07, 3.01038966199e-07, 5.44407100733e-07, 5.33313517792e-08, 9.03002188579e-08, 1.87874302782e-08, 1.3687060374e-08, 1.02075432551e-08, 4.66760852191e-09, 2.59537547009e-09, 1.83672210774e-09, 5.62452706632e-09, 2.18556506226e-09, 2.84495769165e-08]}, "erbbands": {"dmean": [0.29656535387, 2.98914813995, 8.15891265869, 8.20467567444, 10.727678299, 9.45618438721, 8.77401161194, 12.730047226, 8.31026077271, 8.29625320435, 10.0516748428, 15.158323288, 13.4762134552, 10.1408748627, 17.4178771973, 12.5564403534, 14.1733942032, 9.04211521149, 7.67026233673, 9.42674446106, 6.68415784836, 4.4430975914, 4.55026721954, 3.16101646423, 1.74557435513, 1.53608214855, 1.14148807526, 0.867140293121, 0.535120248795, 0.491487175226, 0.294383138418, 0.257388085127, 0.169664174318, 0.259011298418, 0.0744426324964, 0.0389302298427, 0.014773901552, 0.0195981115103, 0.00635843491182, 0.000412490568124], "dmean2": [0.498943656683, 4.70881414413, 13.829533577, 14.0033798218, 17.4474887848, 15.3716421127, 13.5450191498, 19.6239624023, 12.9923286438, 12.5355653763, 14.4703407288, 23.8079280853, 21.5289363861, 15.8541622162, 24.4458427429, 18.8539524078, 22.1268939972, 14.1706600189, 12.056435585, 15.0221748352, 10.3193283081, 7.06476688385, 7.16167736053, 5.14889860153, 2.76412463188, 2.39371800423, 1.74765372276, 1.29369366169, 0.797979831696, 0.749796569347, 0.439054697752, 0.373948246241, 0.239927262068, 0.394689440727, 0.110242620111, 0.0568963214755, 0.021557431668, 0.0297464746982, 0.00985986087471, 0.000669718487188], "dvar": [0.336133211851, 28.1527748108, 165.856567383, 230.036331177, 470.964294434, 331.782104492, 174.729476929, 486.672973633, 248.069824219, 299.835845947, 410.459014893, 878.815917969, 548.902832031, 301.462463379, 1482.56799316, 608.51550293, 807.346557617, 270.823913574, 220.592315674, 334.97567749, 211.743728638, 58.9798736572, 170.334197998, 58.3172874451, 13.8358001709, 12.8409919739, 14.4767122269, 6.24906301498, 3.76923179626, 2.7231388092, 1.14752554893, 0.562785863876, 0.234240710735, 1.25902831554, 0.0564496219158, 0.0166592542082, 0.00438179308549, 0.00781946349889, 0.000838024483528, 4.45425939688e-06], "dvar2": [0.795336663723, 58.9458389282, 456.583221436, 615.38873291, 1128.87927246, 890.514953613, 412.98840332, 1122.24450684, 599.989074707, 654.971313477, 750.950500488, 2123.98022461, 1399.03259277, 689.298828125, 2371.84521484, 1298.90869141, 1836.80114746, 641.028991699, 522.390258789, 811.509338379, 434.33807373, 150.253494263, 391.076934814, 149.892349243, 33.6413040161, 31.5122528076, 35.1100158691, 14.1933040619, 8.69245243073, 6.41437625885, 2.6658205986, 1.21789729595, 0.516378283501, 3.17237377167, 0.131013765931, 0.0376174449921, 0.0101665202528, 0.0187273155898, 0.00197206344455, 1.19606665976e-05], "max": [5.03613948822, 72.3557891846, 147.950759888, 214.732833862, 378.442047119, 381.189697266, 232.194641113, 639.167663574, 283.207336426, 357.622497559, 578.267883301, 624.302429199, 419.292877197, 336.275482178, 1008.74182129, 648.140380859, 601.529418945, 261.987487793, 273.431213379, 438.439910889, 640.371032715, 124.899215698, 403.829559326, 150.963180542, 60.968208313, 63.6818313599, 82.2982025146, 42.7389984131, 32.6597824097, 27.1297512054, 18.6147651672, 10.454325676, 7.47160148621, 22.233953476, 4.61222887039, 3.4809525013, 2.43822860718, 1.85922634602, 0.477309077978, 0.0368061177433], "mean": [0.396094679832, 3.99760150909, 10.7373533249, 10.8738222122, 16.1600437164, 17.0167198181, 16.9168663025, 22.9203090668, 15.5115098953, 17.6043357849, 22.7052783966, 29.291513443, 23.7330703735, 19.210609436, 37.0463104248, 23.9920387268, 25.3341274261, 18.2626914978, 14.6650857925, 19.2160778046, 15.306725502, 9.47447395325, 8.35023880005, 5.82813405991, 3.62390971184, 2.98203420639, 2.01870894432, 1.61810350418, 0.914742290974, 0.78913038969, 0.469127207994, 0.422221928835, 0.252236187458, 0.336078166962, 0.0975257903337, 0.0478390865028, 0.0178688876331, 0.0204106010497, 0.00670058140531, 0.000401373486966], "median": [0.140078037977, 1.54523706436, 4.60438346863, 5.05360269547, 6.51326465607, 8.1255607605, 9.90256977081, 10.5820550919, 6.7637720108, 6.95245027542, 9.12301254272, 13.3086471558, 13.7531299591, 11.3173160553, 13.0645809174, 12.0171737671, 13.1384792328, 9.04989051819, 8.05578041077, 8.66475868225, 6.01580762863, 5.39020824432, 3.73875951767, 2.40645384789, 1.4369546175, 0.913399577141, 0.633668541908, 0.451228618622, 0.133097112179, 0.0993123278022, 0.0454114563763, 0.0405167490244, 0.0229758229107, 0.0185333751142, 0.0058941822499, 0.00176596234087, 0.00057107093744, 0.000251476099947, 8.97271675058e-05, 5.38029707968e-05], "min": [4.47089909395e-21, 8.2632079708e-21, 1.89869406062e-20, 7.2626399621e-20, 9.73975056737e-20, 9.3644373977e-20, 6.97037184853e-20, 7.12652080071e-19, 4.67498700772e-19, 1.10117964097e-18, 1.51937630928e-18, 9.52732360673e-19, 1.65564604339e-18, 2.33446581602e-18, 3.97710713262e-18, 7.23907857538e-18, 3.32365430104e-18, 4.35456577615e-18, 2.42548008523e-18, 3.6642955491e-18, 5.40899895916e-18, 5.88325841388e-18, 1.39132192622e-17, 1.23883970025e-17, 1.29614073467e-17, 1.5961268828e-17, 8.25240212272e-18, 1.01647667711e-17, 1.74116208443e-17, 1.26615552019e-17, 2.70041349687e-17, 2.34342004616e-17, 1.89847578963e-17, 1.13005916313e-17, 8.56704922003e-18, 6.09731952152e-18, 2.99133076763e-18, 1.12480619401e-18, 4.00543160625e-19, 3.24919969656e-20], "var": [0.525367498398, 54.7758712769, 235.257827759, 309.59173584, 805.592895508, 678.10949707, 480.915222168, 1347.14306641, 635.762695312, 1032.77807617, 1822.42163086, 2011.20935059, 907.562866211, 710.380981445, 6270.59765625, 1516.59069824, 1574.03161621, 685.97869873, 485.382904053, 1048.70288086, 1160.08117676, 151.428939819, 255.517059326, 105.212402344, 36.2089691162, 32.7551879883, 20.7660198212, 11.4115762711, 6.29714536667, 4.43103981018, 1.84559595585, 1.09844326973, 0.3934276402, 1.42836785316, 0.0801433697343, 0.0253268945962, 0.00587225006893, 0.00868448335677, 0.000949413632043, 3.45145167557e-06]}, "gfcc": {"mean": [-59.2896461487, 143.328109741, -109.719070435, 9.62087249756, -29.9031734467, 2.12210822105, -19.7100105286, 0.637440264225, -17.4202785492, -4.34140110016, -11.4660205841, -4.45602655411, -4.65812397003], "cov": [[27909.5292969, 252.761474609, 183.486938477, 3842.26171875, 1394.88867188, 394.084960938, -1414.75720215, -444.591583252, -298.252929688, -43.4760246277, 118.09122467, 12.9956588745, 172.864883423], [252.761474609, 1764.12695312, -410.808959961, 86.3983459473, 302.32119751, -284.649719238, 75.5771408081, -236.886184692, -3.84645342827, -85.7550354004, 7.80135393143, -138.298904419, 51.0409469604], [183.486938477, -410.808959961, 864.645324707, 28.7914714813, 36.9628753662, 251.06362915, 43.9550170898, 143.302505493, 29.6018714905, -2.49960613251, 10.3110599518, 18.946313858, -13.6469898224], [3842.26171875, 86.3983459473, 28.7914714813, 1107.84509277, 338.104705811, 112.841888428, -156.365264893, -64.3012542725, -13.477227211, 6.50470924377, 66.878036499, 17.0907382965, 58.9847793579], [1394.88867188, 302.32119751, 36.9628753662, 338.104705811, 407.893707275, 12.939658165, -37.7459793091, -79.3824615479, -4.86602735519, -12.3488483429, -1.20539784431, -23.3739376068, 33.0756988525], [394.084960938, -284.649719238, 251.06362915, 112.841888428, 12.939658165, 315.724060059, 49.556388855, 124.221656799, 37.3310661316, 29.2120456696, 28.80991745, 47.3606643677, 14.8207607269], [-1414.75720215, 75.5771408081, 43.9550170898, -156.365264893, -37.7459793091, 49.556388855, 218.896362305, 86.7027359009, 46.7557754517, 5.94090604782, 18.7997226715, 7.65379285812, -5.16919612885], [-444.591583252, -236.886184692, 143.302505493, -64.3012542725, -79.3824615479, 124.221656799, 86.7027359009, 170.620956421, 62.7402534485, 39.9574394226, 22.2770500183, 33.8404502869, 1.82447600365], [-298.252929688, -3.84645342827, 29.6018714905, -13.477227211, -4.86602735519, 37.3310661316, 46.7557754517, 62.7402534485, 92.3119277954, 36.2116775513, 20.865240097, 4.86795902252, 10.172337532], [-43.4760246277, -85.7550354004, -2.49960613251, 6.50470924377, -12.3488483429, 29.2120456696, 5.94090604782, 39.9574394226, 36.2116775513, 71.8761291504, 37.9663200378, 27.4256477356, 7.4733877182], [118.09122467, 7.80135393143, 10.3110599518, 66.878036499, -1.20539784431, 28.80991745, 18.7997226715, 22.2770500183, 20.865240097, 37.9663200378, 97.0193557739, 53.4426651001, 29.4330596924], [12.9956588745, -138.298904419, 18.946313858, 17.0907382965, -23.3739376068, 47.3606643677, 7.65379285812, 33.8404502869, 4.86795902252, 27.4256477356, 53.4426651001, 86.2751998901, 34.2750396729], [172.864883423, 51.0409469604, -13.6469898224, 58.9847793579, 33.0756988525, 14.8207607269, -5.16919612885, 1.82447600365, 10.172337532, 7.4733877182, 29.4330596924, 34.2750396729, 65.8709945679]], "icov": [[0.000105624938442, -6.68193606543e-05, 2.33932814808e-06, -0.000246516894549, -0.000106502164272, -0.000120684875583, 0.000607552065048, -0.000250227836659, 0.000180247749086, 7.19990493963e-05, -6.72342866892e-05, -4.30627223977e-05, 0.000147500220919], [-6.68193606543e-05, 0.00138701568358, 0.000364928826457, 0.000271811033599, -0.000643462350126, 0.000490194244776, -0.00141092413105, 0.0012996197911, -0.00062177068321, 0.00103726482484, -0.00167622184381, 0.00267734145746, -0.00166688894387], [2.33932814808e-06, 0.000364928826457, 0.00180246005766, 0.000235836705542, -0.000719222065527, -0.000981118530035, 0.000242396286922, -0.00106281938497, 1.3494473933e-05, 0.00151302153245, -0.00113845057786, 0.000972534180619, 0.000332592899213], [-0.000246516894549, 0.000271811033599, 0.000235836705542, 0.00218411744572, -0.00100637890864, -0.000458823196823, -0.00023993528157, 0.000386150699342, -0.00037891510874, 0.000563176872674, -0.00163519685157, 0.000956486852374, -0.000663991319016], [-0.000106502164272, -0.000643462350126, -0.000719222065527, -0.00100637890864, 0.00462099537253, -0.000351100170519, -0.00116468349006, 0.00247523281723, -0.000662776932586, -0.00164974376094, 0.0021416216623, -0.000295744161122, -0.00138456991408], [-0.000120684875583, 0.000490194244776, -0.000981118530035, -0.000458823196823, -0.000351100170519, 0.00618470879272, -0.00150708598085, -0.00267971004359, 5.37365413038e-05, -0.000229834171478, 0.000537718471605, -0.00116843043361, -0.000729331339244], [0.000607552065048, -0.00141092413105, 0.000242396286922, -0.00023993528157, -0.00116468349006, -0.00150708598085, 0.0116326157004, -0.00608331104741, -0.000410786364228, 0.00313405878842, -0.00229248357937, -0.00131075421814, 0.00318345846608], [-0.000250227836659, 0.0012996197911, -0.00106281938497, 0.000386150699342, 0.00247523281723, -0.00267971004359, -0.00608331104741, 0.0175483897328, -0.00687638344243, -0.00335667585023, 0.00180050020572, -0.00105483375955, -0.00133263214957], [0.000180247749086, -0.00062177068321, 1.3494473933e-05, -0.00037891510874, -0.000662776932586, 5.37365413038e-05, -0.000410786364228, -0.00687638344243, 0.0195298921317, -0.00762713933364, -0.00121513172053, 0.0049883374013, -0.0033734892495], [7.19990493963e-05, 0.00103726482484, 0.00151302153245, 0.000563176872674, -0.00164974376094, -0.000229834171478, 0.00313405878842, -0.00335667585023, -0.00762713933364, 0.0254050642252, -0.00898334011436, -0.00136980088428, 0.00305777741596], [-6.72342866892e-05, -0.00167622184381, -0.00113845057786, -0.00163519685157, 0.0021416216623, 0.000537718471605, -0.00229248357937, 0.00180050020572, -0.00121513172053, -0.00898334011436, 0.0230557266623, -0.0133275287226, -0.000882768887095], [-4.30627223977e-05, 0.00267734145746, 0.000972534180619, 0.000956486852374, -0.000295744161122, -0.00116843043361, -0.00131075421814, -0.00105483375955, 0.0049883374013, -0.00136980088428, -0.0133275287226, 0.0299650467932, -0.0125305112451], [0.000147500220919, -0.00166688894387, 0.000332592899213, -0.000663991319016, -0.00138456991408, -0.000729331339244, 0.00318345846608, -0.00133263214957, -0.0033734892495, 0.00305777741596, -0.000882768887095, -0.0125305112451, 0.0249838195741]]}, "melbands": {"dmean": [0.00301659852266, 0.00400939024985, 0.0014329503756, 0.00071280245902, 0.000322624604451, 0.000282758614048, 0.000113878377306, 9.80688200798e-05, 9.09918380785e-05, 9.21915925574e-05, 6.67252897983e-05, 4.05264145229e-05, 5.54076832486e-05, 3.49348883901e-05, 3.96719660785e-05, 2.85099467874e-05, 1.72245108843e-05, 1.20367685668e-05, 1.43265588122e-05, 1.25260285131e-05, 7.89895329945e-06, 4.87911802338e-06, 4.71753537568e-06, 4.50156858278e-06, 2.54499923358e-06, 1.48650951814e-06, 1.23746121972e-06, 1.03594595657e-06, 7.57697705467e-07, 6.42131112727e-07, 4.95701158343e-07, 3.03896314335e-07, 3.11117702267e-07, 2.59185640061e-07, 1.74726423552e-07, 1.64628772836e-07, 1.67437178789e-07, 1.20350819088e-07, 1.67549004004e-07, 2.42707102416e-07], "dmean2": [0.00486775394529, 0.00656291842461, 0.00240920460783, 0.00115254858974, 0.000503568910062, 0.000434116460383, 0.000178287853487, 0.000147708982695, 0.000133636873215, 0.000145211728523, 0.000107149244286, 6.39801801299e-05, 7.96544918558e-05, 5.11719881615e-05, 5.96569370828e-05, 4.56603484054e-05, 2.73254609056e-05, 1.91645231098e-05, 2.31882222579e-05, 1.99042424356e-05, 1.23302261272e-05, 7.9540977822e-06, 7.56748886488e-06, 7.20431444279e-06, 4.21954746344e-06, 2.40774602389e-06, 1.9901815449e-06, 1.62313699548e-06, 1.19271453514e-06, 9.88129500001e-07, 7.53591564262e-07, 4.59351525706e-07, 4.83261374029e-07, 4.04153979616e-07, 2.66749765387e-07, 2.49456633128e-07, 2.44654074777e-07, 1.71138495375e-07, 2.56743618365e-07, 3.77539549845e-07], "dvar": [3.35874610755e-05, 3.7513924326e-05, 6.54496307106e-06, 1.87606428881e-06, 2.4533380838e-07, 2.13535315652e-07, 4.41791883077e-08, 4.52396591299e-08, 3.01269871272e-08, 3.45610899899e-08, 1.34423974174e-08, 4.72054884071e-09, 1.1758766405e-08, 5.05818498198e-09, 5.48766987407e-09, 5.14385734007e-09, 9.79248904187e-10, 5.63525448527e-10, 7.05923708377e-10, 6.72621736086e-10, 4.14652590042e-10, 7.36947863844e-11, 8.50566284072e-11, 2.64123417582e-10, 3.68151759078e-11, 1.08356995251e-11, 8.28717563323e-12, 5.88120437767e-12, 6.81203270875e-12, 3.28970292847e-12, 2.07994775916e-12, 1.18532505859e-12, 1.13089561587e-12, 9.13583987107e-13, 4.38645078376e-13, 2.70898104296e-13, 2.35249970545e-13, 1.20419123349e-13, 4.13118080326e-13, 1.13041195328e-12], "dvar2": [7.16063150321e-05, 9.60184916039e-05, 1.70041239471e-05, 4.54133942185e-06, 6.183748269e-07, 4.91896685162e-07, 1.06441881087e-07, 1.00013139104e-07, 5.6518906888e-08, 8.36207760813e-08, 3.43272859027e-08, 1.09463993425e-08, 2.00964436203e-08, 9.6003880401e-09, 1.10577573764e-08, 1.14994476164e-08, 2.3239166147e-09, 1.38640021685e-09, 1.71619218836e-09, 1.50382595265e-09, 8.39846914236e-10, 1.98705898957e-10, 2.222860368e-10, 6.04383820768e-10, 1.01250688389e-10, 2.7586488649e-11, 2.14008706589e-11, 1.4459552479e-11, 1.6793349697e-11, 7.85539775588e-12, 4.75323079507e-12, 2.66255680698e-12, 2.75000877105e-12, 2.24469054455e-12, 1.04495459594e-12, 6.23661929391e-13, 5.14975215249e-13, 2.63945332604e-13, 1.03338008723e-12, 2.86598717848e-12], "max": [0.0625362917781, 0.0712659284472, 0.0332766100764, 0.0252778083086, 0.0119794439524, 0.0126539962366, 0.00369677552953, 0.00442304462194, 0.00435311021283, 0.00418060459197, 0.00209310464561, 0.00124030024745, 0.00267649395391, 0.00150067929644, 0.00168484984897, 0.00213629333302, 0.00052866525948, 0.0003629871062, 0.000487698358484, 0.00073457614053, 0.00102852087002, 0.000148828898091, 0.000151644897414, 0.000472119922051, 0.000131949069328, 7.50487306505e-05, 6.53743336443e-05, 4.8248017265e-05, 5.45782058907e-05, 3.52015922545e-05, 2.86905851681e-05, 2.02895043913e-05, 1.93074502022e-05, 1.61053721968e-05, 1.24029420476e-05, 7.93613799033e-06, 8.16051124275e-06, 5.64698575545e-06, 1.22611454572e-05, 1.97771641979e-05], "mean": [0.00417746603489, 0.00562461139634, 0.00208756956272, 0.00123283092398, 0.000643486855552, 0.000517062610015, 0.000211674312595, 0.000204896641662, 0.000199578338652, 0.000174373257323, 0.000113179266918, 7.16572903912e-05, 0.000112587658805, 6.99691663613e-05, 7.0499125286e-05, 4.61830459244e-05, 3.27184206981e-05, 2.10004473047e-05, 2.59518346866e-05, 2.56303592323e-05, 1.69024078787e-05, 9.57621341513e-06, 8.62093384058e-06, 6.91103377903e-06, 4.45975274488e-06, 2.80478502646e-06, 2.33340324485e-06, 1.86238594324e-06, 1.25222925362e-06, 1.1128705637e-06, 8.85002691575e-07, 5.04342210661e-07, 4.86286978685e-07, 3.9556616116e-07, 2.6263410291e-07, 2.57487840827e-07, 2.649649673e-07, 1.76918547368e-07, 2.12945067801e-07, 3.07546713429e-07], "median": [0.00157787255011, 0.00247371895239, 0.00102912355214, 0.000565011519939, 0.000379161123419, 0.000253683072515, 9.09627997316e-05, 7.45358338463e-05, 7.70540355006e-05, 8.00358102424e-05, 6.35315227555e-05, 3.79553603125e-05, 4.45686855528e-05, 2.83693807432e-05, 3.14850221912e-05, 1.95339889615e-05, 1.48414028445e-05, 1.08442191049e-05, 1.12969473776e-05, 9.31924569159e-06, 5.78140588914e-06, 5.37149935553e-06, 4.12909275838e-06, 2.46609124588e-06, 1.74626995886e-06, 1.03991760625e-06, 8.30658564155e-07, 5.37813207302e-07, 3.89029793268e-07, 3.24994744005e-07, 2.22450523779e-07, 6.31402201634e-08, 5.98955196551e-08, 4.56157067674e-08, 2.13280912931e-08, 2.43920261767e-08, 2.2622726803e-08, 1.63581965751e-08, 1.28029000734e-08, 1.45695562281e-08], "min": [3.13140450475e-23, 1.07507179009e-23, 1.33955839227e-23, 7.08143316335e-24, 2.59064504794e-24, 1.4727667069e-23, 6.38091087445e-24, 1.55779234408e-23, 1.08939837188e-23, 5.39102848906e-24, 8.09775027768e-24, 9.11290776648e-24, 9.74316266468e-24, 2.47029378556e-23, 8.68053231547e-24, 7.55636687134e-24, 8.06893318881e-24, 4.11965923344e-24, 3.56295733161e-24, 6.90194048614e-24, 5.93220955257e-24, 4.55110856175e-24, 1.15871534296e-23, 1.28540632545e-23, 9.60820512987e-24, 8.54979439764e-24, 1.02267769981e-23, 1.05411459574e-23, 4.79048209255e-24, 4.76828315224e-24, 5.81382953526e-24, 1.04344706638e-23, 7.19411642164e-24, 6.94112005186e-24, 1.36164413103e-23, 1.67523685124e-23, 1.4483213274e-23, 1.38722278811e-23, 1.16626813393e-23, 8.48547304601e-24], "var": [6.21785657131e-05, 6.13969532424e-05, 9.8571581475e-06, 3.69756480723e-06, 7.04957813014e-07, 5.88955970215e-07, 1.15537353906e-07, 1.53932091962e-07, 1.26469927864e-07, 7.64084759908e-08, 2.19685674097e-08, 1.09714388685e-08, 4.65956624396e-08, 1.55608930186e-08, 1.70920539944e-08, 9.45141209741e-09, 2.6358408789e-09, 1.0266159034e-09, 1.79904691144e-09, 3.09648884311e-09, 2.53776399894e-09, 1.60748775402e-10, 1.70948463718e-10, 3.22201876291e-10, 6.43839079273e-11, 2.40216527225e-11, 1.97867243423e-11, 1.39186474846e-11, 9.02377304823e-12, 5.27703098233e-12, 3.71869505675e-12, 2.01728499356e-12, 1.79820351318e-12, 1.26784639645e-12, 6.50025985729e-13, 4.61916420912e-13, 4.52491695372e-13, 2.01714540253e-13, 4.71569235484e-13, 1.26563863556e-12]}, "mfcc": {"mean": [-696.73046875, 175.384124756, -11.8787899017, 23.3040752411, 8.88851642609, 6.56252384186, 7.40062570572, 3.57742476463, 4.30814790726, -0.518351435661, -1.92368066311, 0.240507215261, -2.53139090538], "cov": [[13544.9072266, 1675.9876709, 54.9431228638, 982.006225586, 931.40802002, 657.642150879, 177.12109375, 59.6635437012, -32.6682739258, -126.229049683, -4.98568964005, 53.4242286682, 70.3564910889], [1675.9876709, 1996.1595459, -384.100311279, 364.322601318, 177.574478149, 92.5640640259, 60.3190841675, -96.4994812012, -44.1095046997, -60.1560516357, -67.4039916992, -4.7254691124, -5.42130947113], [54.9431228638, -384.100311279, 573.012939453, -59.2570114136, 102.256134033, 38.7068138123, 53.0533027649, 91.0756072998, 68.042175293, 30.9613895416, 54.4520874023, 12.5657901764, -5.2216296196], [982.006225586, 364.322601318, -59.2570114136, 398.512695312, 132.609283447, 157.314834595, 61.3344078064, 36.466960907, 8.11061668396, 22.4704475403, 4.41961956024, 8.1208562851, 32.3496780396], [931.40802002, 177.574478149, 102.256134033, 132.609283447, 229.565185547, 121.843688965, 69.2788314819, 37.0154037476, 34.8522987366, -7.66929388046, 18.2905330658, 8.35766410828, 12.4234724045], [657.642150879, 92.5640640259, 38.7068138123, 157.314834595, 121.843688965, 184.385513306, 77.4201049805, 69.6527252197, 29.2535629272, 25.107378006, 2.24097061157, 27.4397087097, 22.8941173553], [177.12109375, 60.3190841675, 53.0533027649, 61.3344078064, 69.2788314819, 77.4201049805, 109.818962097, 62.6646118164, 44.0036354065, 5.59358501434, 20.3521537781, 13.0511579514, 23.2504997253], [59.6635437012, -96.4994812012, 91.0756072998, 36.466960907, 37.0154037476, 69.6527252197, 62.6646118164, 116.514091492, 55.2897720337, 42.8757781982, 10.9304132462, 29.8124675751, 14.2811460495], [-32.6682739258, -44.1095046997, 68.042175293, 8.11061668396, 34.8522987366, 29.2535629272, 44.0036354065, 55.2897720337, 99.6891708374, 24.8078670502, 45.8467979431, -0.0231489129364, 21.917350769], [-126.229049683, -60.1560516357, 30.9613895416, 22.4704475403, -7.66929388046, 25.107378006, 5.59358501434, 42.8757781982, 24.8078670502, 105.875892639, 0.906096220016, 40.2273483276, -14.0139904022], [-4.98568964005, -67.4039916992, 54.4520874023, 4.41961956024, 18.2905330658, 2.24097061157, 20.3521537781, 10.9304132462, 45.8467979431, 0.906096220016, 102.683067322, 4.26014137268, 34.7743873596], [53.4242286682, -4.7254691124, 12.5657901764, 8.1208562851, 8.35766410828, 27.4397087097, 13.0511579514, 29.8124675751, -0.0231489129364, 40.2273483276, 4.26014137268, 88.1474533081, 14.1301584244], [70.3564910889, -5.42130947113, -5.2216296196, 32.3496780396, 12.4234724045, 22.8941173553, 23.2504997253, 14.2811460495, 21.917350769, -14.0139904022, 34.7743873596, 14.1301584244, 74.0615463257]], "icov": [[0.000120216805954, -4.7737838031e-05, -6.48327659292e-06, -0.000102277263068, -0.000357769313268, -0.000192877530935, 0.000253084581345, -7.12331020623e-05, 0.000115935181384, 0.000174467539182, -4.75881206512e-05, -6.39754507574e-05, 1.36942835525e-05], [-4.7737838031e-05, 0.000862494343892, 0.000488238903927, -0.000649941619486, -0.000462010124465, 0.000537071144208, -0.000896504614502, 0.00103410927113, -0.000511061749421, 0.000257125357166, 0.000565530790482, -0.000491644546855, 0.000448474806035], [-6.48327659292e-06, 0.000488238903927, 0.0027901136782, 0.000494500854984, -0.00184907543007, 0.00059522135416, -0.000291676085908, -0.00151881983038, 7.77797231422e-06, -0.000218803019379, -0.000962034857366, 0.000133246619953, 0.000915814074688], [-0.000102277263068, -0.000649941619486, 0.000494500854984, 0.00520721403882, -0.000840450520627, -0.00318417255767, 0.000282423105091, -0.000755023793317, 0.00185180373956, -0.00226099044085, -0.000903287436813, 0.00215318822302, -0.00197034445591], [-0.000357769313268, -0.000462010124465, -0.00184907543007, -0.000840450520627, 0.0103732589632, -0.0042574480176, -0.00193781103007, 0.00223266985267, -0.00249513587914, 0.00212835404091, -0.000384311948437, -0.000831548706628, 0.00177684717346], [-0.000192877530935, 0.000537071144208, 0.00059522135416, -0.00318417255767, -0.0042574480176, 0.0148762613535, -0.00441360520199, -0.00368779874407, 0.000910202390514, -0.00151042069774, 0.00199614814483, -0.00115405221004, -0.00140463432763], [0.000253084581345, -0.000896504614502, -0.000291676085908, 0.000282423105091, -0.00193781103007, -0.00441360520199, 0.0191081035882, -0.0075599947013, -0.00217071524821, 0.0031435249839, -0.00158780335914, -4.90370002808e-05, -0.00130939588416], [-7.12331020623e-05, 0.00103410927113, -0.00151881983038, -0.000755023793317, 0.00223266985267, -0.00368779874407, -0.0075599947013, 0.0221056137234, -0.00824364926666, -0.00309308548458, 0.0042688283138, -0.00380377378315, -0.000182036950719], [0.000115935181384, -0.000511061749421, 7.77797231422e-06, 0.00185180373956, -0.00249513587914, 0.000910202390514, -0.00217071524821, -0.00824364926666, 0.0211852882057, -0.00518632214516, -0.00712262978777, 0.00608964404091, -0.00361594022252], [0.000174467539182, 0.000257125357166, -0.000218803019379, -0.00226099044085, 0.00212835404091, -0.00151042069774, 0.0031435249839, -0.00309308548458, -0.00518632214516, 0.0170595943928, -7.61147020967e-05, -0.00788412988186, 0.00684748869389], [-4.75881206512e-05, 0.000565530790482, -0.000962034857366, -0.000903287436813, -0.000384311948437, 0.00199614814483, -0.00158780335914, 0.0042688283138, -0.00712262978777, -7.61147020967e-05, 0.015623671934, -0.00136328430381, -0.00544625520706], [-6.39754507574e-05, -0.000491644546855, 0.000133246619953, 0.00215318822302, -0.000831548706628, -0.00115405221004, -4.90370002808e-05, -0.00380377378315, 0.00608964404091, -0.00788412988186, -0.00136328430381, 0.0174415763468, -0.00564275495708], [1.36942835525e-05, 0.000448474806035, 0.000915814074688, -0.00197034445591, 0.00177684717346, -0.00140463432763, -0.00130939588416, -0.000182036950719, -0.00361594022252, 0.00684748869389, -0.00544625520706, -0.00564275495708, 0.0210291668773]]}, "spectral_contrast_coeffs": {"dmean": [0.0535666123033, 0.0460489094257, 0.0346354469657, 0.0260963626206, 0.0192053820938, 0.0141422441229], "dmean2": [0.089503750205, 0.0737353563309, 0.0567844212055, 0.0428156554699, 0.0321843288839, 0.0232250019908], "dvar": [0.00182145927101, 0.00145882321522, 0.000783329247497, 0.000425176753197, 0.000232291931752, 0.000147861472215], "dvar2": [0.00498895160854, 0.00379771972075, 0.00203031883575, 0.00111037341412, 0.00063172559021, 0.00038135718205], "max": [-0.290126860142, -0.499428898096, -0.511510789394, -0.584674596786, -0.621530115604, -0.663555383682], "mean": [-0.644236683846, -0.702400028706, -0.756390213966, -0.79458719492, -0.804290294647, -0.754589498043], "median": [-0.648344635963, -0.705693185329, -0.767190217972, -0.800568580627, -0.803568720818, -0.747187495232], "min": [-0.974042534828, -0.969283163548, -0.967478275299, -0.962631523609, -0.965153694153, -0.962311327457], "var": [0.00914970599115, 0.00499191088602, 0.00512573774904, 0.00286083575338, 0.00155776308384, 0.0018281347584]}, "spectral_contrast_valleys": {"dmean": [0.415458709002, 0.347162902355, 0.297523587942, 0.251953542233, 0.223300084472, 0.266407042742], "dmean2": [0.695160627365, 0.550705432892, 0.473744660616, 0.385806769133, 0.302174001932, 0.318308919668], "dvar": [0.144645750523, 0.114477291703, 0.0884651690722, 0.0696225911379, 0.062149092555, 0.10680077225], "dvar2": [0.33870691061, 0.247747927904, 0.182313099504, 0.123634837568, 0.0888710394502, 0.153127744794], "max": [-4.6552066803, -4.8798031