{"lowlevel": {"average_loudness": 0.962750554085, "barkbands_crest": {"dmean": 3.63427352905, "dmean2": 5.79396486282, "dvar": 13.062461853, "dvar2": 28.0579566956, "max": 26.9324321747, "mean": 15.2766437531, "median": 15.4890632629, "min": 2.38971138, "var": 32.9426231384}, "barkbands_flatness_db": {"dmean": 0.0718291327357, "dmean2": 0.0985277593136, "dvar": 0.00599992927164, "dvar2": 0.0112399552017, "max": 1, "mean": 0.255224555731, "median": 0.217467054725, "min": 0.0145947467536, "var": 0.0305398795754}, "barkbands_kurtosis": {"dmean": 72.3689727783, "dmean2": 113.131011963, "dvar": 129449.9375, "dvar2": 376173.75, "max": 20803.2460938, "mean": 91.4814682007, "median": 18.5597629547, "min": -1.97526955605, "var": 84985.421875}, "barkbands_skewness": {"dmean": 2.68670988083, "dmean2": 3.93153452873, "dvar": 15.1756792068, "dvar2": 38.7598457336, "max": 126.688369751, "mean": 5.42190170288, "median": 3.81703615189, "min": -5.59847307205, "var": 30.6616268158}, "barkbands_spread": {"dmean": 13.7036066055, "dmean2": 20.5163097382, "dvar": 341.82635498, "dvar2": 690.850708008, "max": 142.610168457, "mean": 25.3790950775, "median": 11.2971668243, "min": 0.0195513758808, "var": 937.872131348}, "dissonance": {"dmean": 0.0174682270736, "dmean2": 0.0295962616801, "dvar": 0.000588877999689, "dvar2": 0.00153524393681, "max": 0.500000119209, "mean": 0.473149895668, "median": 0.484415709972, "min": 0.138594135642, "var": 0.00117658125237}, "dynamic_complexity": 2.69775271416, "erbbands_crest": {"dmean": 2.52905297279, "dmean2": 4.06536531448, "dvar": 8.38836479187, "dvar2": 18.2395114899, "max": 28.8385906219, "mean": 7.70787382126, "median": 5.83114910126, "min": 1.84543776512, "var": 25.6148109436}, "erbbands_flatness_db": {"dmean": 0.0280777271837, "dmean2": 0.0419552251697, "dvar": 0.00136526033748, "dvar2": 0.00270444341004, "max": 0.535410284996, "mean": 0.118771724403, "median": 0.0863262116909, "min": 0.0257871448994, "var": 0.00673961220309}, "erbbands_kurtosis": {"dmean": 6.25178861618, "dmean2": 10.1237878799, "dvar": 420.397399902, "dvar2": 1015.81988525, "max": 426.519775391, "mean": 5.98455524445, "median": -0.357762336731, "min": -1.92619848251, "var": 703.733276367}, "erbbands_skewness": {"dmean": 0.90079241991, "dmean2": 1.31032133102, "dvar": 1.91925311089, "dvar2": 4.10207509995, "max": 16.3863067627, "mean": 0.432367056608, "median": -0.0442584082484, "min": -5.03224849701, "var": 4.73867559433}, "erbbands_spread": {"dmean": 24.5912227631, "dmean2": 37.2604866028, "dvar": 736.626464844, "dvar2": 1657.48925781, "max": 240.943237305, "mean": 73.6782684326, "median": 71.9093933105, "min": 0.441972851753, "var": 1903.0546875}, "hfc": {"dmean": 33.1702690125, "dmean2": 47.6394691467, "dvar": 2237.13891602, "dvar2": 5063.43457031, "max": 575.948242188, "mean": 49.4183883667, "median": 22.4675388336, "min": 1.18942920787e-16, "var": 4194.42138672}, "melbands_crest": {"dmean": 5.10090398788, "dmean2": 7.68286752701, "dvar": 31.4861164093, "dvar2": 62.6634597778, "max": 39.9897079468, "mean": 26.972946167, "median": 29.8664798737, "min": 2.13724994659, "var": 90.3263244629}, "melbands_flatness_db": {"dmean": 0.0830119922757, "dmean2": 0.112262859941, "dvar": 0.00737154157832, "dvar2": 0.0135797262192, "max": 1, "mean": 0.357674181461, "median": 0.323196619749, "min": 0.00688140653074, "var": 0.0406464450061}, "melbands_kurtosis": {"dmean": 340.219787598, "dmean2": 526.561218262, "dvar": 822364, "dvar2": 2136411.75, "max": 33865.2148438, "mean": 439.433044434, "median": 89.6002502441, "min": -1.93637382984, "var": 1092850.625}, "melbands_skewness": {"dmean": 5.3748884201, "dmean2": 7.89123630524, "dvar": 55.6941223145, "dvar2": 134.536132812, "max": 165.630706787, "mean": 11.4373540878, "median": 7.79467010498, "min": -2.74671363831, "var": 122.375411987}, "melbands_spread": {"dmean": 10.525841713, "dmean2": 15.7856369019, "dvar": 437.549468994, "dvar2": 876.542114258, "max": 302.20199585, "mean": 15.9434919357, "median": 4.01944446564, "min": 0.00825856532902, "var": 907.812744141}, "pitch_salience": {"dmean": 0.133100897074, "dmean2": 0.198795929551, "dvar": 0.0190284941345, "dvar2": 0.0390922874212, "max": 0.93030756712, "mean": 0.350696891546, "median": 0.328185915947, "min": 0.00263771042228, "var": 0.0535374954343}, "silence_rate_20dB": {"dmean": 0, "dmean2": 0, "dvar": 0, "dvar2": 0, "max": 1, "mean": 1, "median": 1, "min": 1, "var": 0}, "silence_rate_30dB": {"dmean": 0.204536363482, "dmean2": 0.409096091986, "dvar": 0.162694096565, "dvar2": 0.274331748486, "max": 1, "mean": 0.555758655071, "median": 1, "min": 0, "var": 0.246862769127}, "silence_rate_60dB": {"dmean": 0.0167971197516, "dmean2": 0.0335961617529, "dvar": 0.0165108256042, "dvar2": 0.0369096510112, "max": 1, "mean": 0.0293647162616, "median": 0, "min": 0, "var": 0.0285012461245}, "spectral_centroid": {"dmean": 507.28817749, "dmean2": 744.809692383, "dvar": 369287.03125, "dvar2": 729945, "max": 11023.2900391, "mean": 1581.48974609, "median": 1337.84814453, "min": 34.0274772644, "var": 1658974.375}, "spectral_complexity": {"dmean": 8.33548545837, "dmean2": 12.0715351105, "dvar": 100.034301758, "dvar2": 198.5597229, "max": 66, "mean": 14.5293645859, "median": 8, "min": 0, "var": 231.074234009}, "spectral_decrease": {"dmean": 1.12659161999e-08, "dmean2": 1.66558091763e-08, "dvar": 1.46443565955e-16, "dvar2": 2.97848865627e-16, "max": 5.46424183678e-10, "mean": -2.48649261181e-08, "median": -2.18715232592e-08, "min": -9.88638433341e-08, "var": 3.24809421413e-16}, "spectral_energy": {"dmean": 0.0431605428457, "dmean2": 0.0643133297563, "dvar": 0.00208352087066, "dvar2": 0.0042882245034, "max": 0.374763250351, "mean": 0.0983285456896, "median": 0.0890300571918, "min": 1.08121957245e-20, "var": 0.00453382590786}, "spectral_energyband_high": {"dmean": 0.00291940383613, "dmean2": 0.00416685082018, "dvar": 1.89548263734e-05, "dvar2": 4.1872386646e-05, "max": 0.0658474341035, "mean": 0.00411438709125, "median": 0.00136989587918, "min": 7.88334062257e-21, "var": 4.02507830586e-05}, "spectral_energyband_low": {"dmean": 0.0409665666521, "dmean2": 0.0584422461689, "dvar": 0.00206886115484, "dvar2": 0.00408003339544, "max": 0.370892107487, "mean": 0.0834053084254, "median": 0.0665222406387, "min": 9.30019991146e-23, "var": 0.00468728179112}, "spectral_energyband_middle_high": {"dmean": 0.00191067054402, "dmean2": 0.00297509855591, "dvar": 8.66196114657e-06, "dvar2": 2.12515606108e-05, "max": 0.0286817960441, "mean": 0.00221872911789, "median": 0.000778721587267, "min": 1.46070624797e-21, "var": 1.14366202979e-05}, "spectral_energyband_middle_low": {"dmean": 0.00791170634329, "dmean2": 0.0133621077985, "dvar": 0.000205391217605, "dvar2": 0.000531994621269, "max": 0.135606735945, "mean": 0.00851635728031, "median": 0.00250596413389, "min": 3.43979049055e-22, "var": 0.000200214082724}, "spectral_entropy": {"dmean": 0.335631221533, "dmean2": 0.474960893393, "dvar": 0.246672719717, "dvar2": 0.46684294939, "max": 9.82420921326, "mean": 7.76935720444, "median": 8.14733123779, "min": 2.56022667885, "var": 1.04517388344}, "spectral_flux": {"dmean": 0.0660632252693, "dmean2": 0.105609968305, "dvar": 0.00406151497737, "dvar2": 0.0104411710054, "max": 0.484208852053, "mean": 0.150359645486, "median": 0.137979850173, "min": 1.03981705191e-10, "var": 0.00696776574478}, "spectral_kurtosis": {"dmean": 4.87271118164, "dmean2": 7.60902166367, "dvar": 478.514953613, "dvar2": 1160.3939209, "max": 625.735961914, "mean": 8.68576622009, "median": 1.85057711601, "min": -1.11476230621, "var": 1204.86975098}, "spectral_rms": {"dmean": 0.0022033797577, "dmean2": 0.00318105565384, "dvar": 4.46755802841e-06, "dvar2": 8.5869232862e-06, "max": 0.0191212631762, "mean": 0.00908088870347, "median": 0.00931979622692, "min": 3.24784296679e-12, "var": 1.34676629386e-05}, "spectral_rolloff": {"dmean": 1222.02954102, "dmean2": 2002.06604004, "dvar": 6638043.5, "dvar2": 13541819, "max": 18712.3535156, "mean": 1876.70715332, "median": 107.666015625, "min": 21.533203125, "var": 13540926}, "spectral_skewness": {"dmean": 0.423340588808, "dmean2": 0.62389588356, "dvar": 0.785636544228, "dvar2": 1.65803050995, "max": 21.2165279388, "mean": 1.65033042431, "median": 1.16654396057, "min": -0.0134822493419, "var": 3.46164894104}, "spectral_spread": {"dmean": 1385370, "dmean2": 2079691.875, "dvar": 2466996551680.0, "dvar2": 5011689439230.0, "max": 39355320, "mean": 7979797, "median": 7838326.5, "min": 152440.015625, "var": 11414887465000.0}, "spectral_strongpeak": {"dmean": 0.272587537766, "dmean2": 0.455985814333, "dvar": 0.328893333673, "dvar2": 0.929682970047, "max": 19.6202411652, "mean": 0.519588112831, "median": 0.437238425016, "min": 0, "var": 0.461100548506}, "zerocrossingrate": {"dmean": 0.0278581436723, "dmean2": 0.030974753201, "dvar": 0.00118227768689, "dvar2": 0.00122530513909, "max": 0.5634765625, "mean": 0.0738589838147, "median": 0.04345703125, "min": 0, "var": 0.00702196732163}, "barkbands": {"dmean": [0.0111300107092, 0.0329808667302, 0.00537445861846, 0.00272677093744, 0.00389398261905, 0.00111177482177, 0.000437421898823, 0.00049135973677, 0.000334096024744, 0.000303170352709, 0.000186652658158, 0.000157203350682, 0.000161562827998, 0.000209396384889, 0.000187228812138, 0.000223054128583, 0.000173820255441, 0.00018655245367, 0.000281013344647, 0.000353188428562, 0.000365505722584, 0.000408541178331, 0.000409229076467, 0.000478006666526, 0.000442603894044, 0.000571641838178, 0.000334663578542], "dmean2": [0.0173032321036, 0.0468911081553, 0.00903879106045, 0.00469124084339, 0.00677504204214, 0.00183809013106, 0.0007677776739, 0.00085273309378, 0.000553739606403, 0.000551794306375, 0.000313350843498, 0.000266706309048, 0.000260359229287, 0.000351602968294, 0.000311347015668, 0.00037709652679, 0.000284869252937, 0.00030549505027, 0.00045330481953, 0.000567566719837, 0.000570412084926, 0.000615700613707, 0.000607123365626, 0.000716236128937, 0.000644164218102, 0.000846091250423, 0.000502111157402], "dvar": [0.00020766313537, 0.00150871986989, 8.90877126949e-05, 3.20240251312e-05, 6.35242613498e-05, 6.16882107352e-06, 9.49455113641e-07, 1.18898583423e-06, 4.45191403742e-07, 6.90353999744e-07, 1.60473476285e-07, 1.38490861445e-07, 1.21550371546e-07, 1.68705014403e-07, 1.05117635485e-07, 1.63880898185e-07, 8.40873326524e-08, 1.11085512344e-07, 2.12167009295e-07, 3.55861317303e-07, 3.36965086944e-07, 4.00488602281e-07, 4.76198920296e-07, 7.48413242491e-07, 5.78384913297e-07, 1.14168176424e-06, 4.70404472708e-07], "dvar2": [0.0004489099083, 0.002995217219, 0.000231501689996, 8.3282153355e-05, 0.000169802267919, 1.56312926265e-05, 2.60146543951e-06, 3.18196020999e-06, 1.11515566914e-06, 1.96620726456e-06, 4.10785446547e-07, 3.59655615512e-07, 3.00197314118e-07, 4.52479696378e-07, 2.609540104e-07, 4.25997114917e-07, 2.01490351515e-07, 3.03047414718e-07, 5.31619434696e-07, 8.66970765401e-07, 8.23189793664e-07, 9.12496375349e-07, 1.09820894068e-06, 1.80315987564e-06, 1.17222657536e-06, 2.6746167805e-06, 1.06483832951e-06], "max": [0.147415116429, 0.311826258898, 0.0976242125034, 0.0488961748779, 0.0769228935242, 0.0314598605037, 0.0222700666636, 0.014192183502, 0.00647413032129, 0.0096237808466, 0.00721203535795, 0.00492102466524, 0.00500997155905, 0.00485996808857, 0.00358129921369, 0.00455643190071, 0.00323699903674, 0.00493117840961, 0.0048362063244, 0.00815367046744, 0.0117724286392, 0.0126503920183, 0.0137218497694, 0.0101302890107, 0.0187301784754, 0.0164874643087, 0.00947938486934], "mean": [0.0169483199716, 0.0597728043795, 0.00681151822209, 0.00252411654219, 0.00371930329129, 0.00106481299736, 0.000383384409361, 0.000434198009316, 0.000319360551657, 0.000233217549976, 0.000195105589228, 0.000161233896506, 0.000175390392542, 0.00020629032224, 0.000190160557395, 0.000206321623409, 0.000187414305401, 0.000208703218959, 0.000294160301564, 0.000400353281293, 0.000448390084784, 0.000571365293581, 0.000556835031603, 0.000597286911216, 0.000662222853862, 0.000686929794028, 0.000369228771888], "median": [0.00857096817344, 0.0416964590549, 0.00219666655175, 0.000597733538598, 0.00076223409269, 0.00012526352657, 7.48669335735e-05, 6.42238592263e-05, 5.37329287909e-05, 3.00234387396e-05, 3.84639279218e-05, 3.20835242746e-05, 3.99173368351e-05, 4.94183623232e-05, 5.33426209586e-05, 5.38377753401e-05, 5.38483182027e-05, 6.13387092017e-05, 6.8945766543e-05, 8.66925838636e-05, 0.000101014557004, 0.000173281441675, 0.000161302654305, 0.00014101000852, 0.000139968586154, 0.000179387512617, 5.38980712008e-05], "min": [6.050345023e-24, 3.60704755646e-23, 4.95949372711e-23, 1.52655501023e-24, 1.08279956618e-22, 2.61130125241e-23, 1.35187613976e-23, 2.85064038888e-23, 1.37132626268e-22, 6.3121557301e-23, 9.5035360673e-23, 1.13475634354e-22, 5.61654701912e-23, 7.64690143976e-23, 1.04163263896e-22, 1.44778935116e-22, 1.40944591489e-22, 2.67794901796e-22, 2.59757153857e-22, 3.69137426287e-22, 3.86071278562e-22, 5.93404649408e-22, 7.32806191101e-22, 8.88383798972e-22, 1.23562870693e-21, 1.66896037727e-21, 2.39176002556e-21], "var": [0.00044021155918, 0.00315095623955, 0.000105710721982, 2.81665961666e-05, 5.50605072931e-05, 6.27370945949e-06, 7.21364187939e-07, 1.05719550447e-06, 4.75123329124e-07, 4.50142493946e-07, 1.79908695941e-07, 1.41297633149e-07, 1.39446726166e-07, 1.5703105305e-07, 1.14300654275e-07, 1.48423424662e-07, 9.6118270676e-08, 1.14694564957e-07, 2.46754666477e-07, 4.48189098279e-07, 5.35774518085e-07, 8.54822303609e-07, 1.05293861452e-06, 1.09992538455e-06, 2.00664794647e-06, 1.55954978709e-06, 6.16339832504e-07]}, "erbbands": {"dmean": [1.9789339304, 3.86344361305, 5.63740491867, 8.33588981628, 11.3149089813, 13.6005897522, 8.01424789429, 9.90394878387, 7.35730075836, 7.21008968353, 11.2213459015, 7.59329462051, 7.96403217316, 8.76998996735, 8.15121841431, 5.93660306931, 7.57951927185, 9.94819450378, 9.26711654663, 10.193696022, 12.1945161819, 9.93661880493, 9.88952922821, 11.4399013519, 15.8594102859, 16.9107608795, 15.4779176712, 14.6894607544, 14.6123352051, 10.9323530197, 12.3280067444, 12.4748477936, 6.38749170303, 5.46596431732, 3.04153084755, 1.70763909817, 1.13309085369, 0.428715288639, 0.0592295452952, 0.00280863745138], "dmean2": [2.75834989548, 5.84587526321, 9.14951324463, 14.1047334671, 19.2786273956, 24.2133560181, 13.5973529816, 16.5763835907, 12.8766727448, 12.3921222687, 19.4813690186, 12.619799614, 14.1085243225, 15.739865303, 13.6679983139, 9.88090801239, 12.1276245117, 16.5391712189, 15.2649736404, 16.9682941437, 20.3572349548, 16.2093086243, 15.8471317291, 18.2396583557, 25.9155712128, 27.110786438, 24.6346874237, 22.5965805054, 22.0275821686, 16.092086792, 18.4338932037, 19.2970714569, 9.26610660553, 8.10119438171, 4.47093582153, 2.52304434776, 1.73392724991, 0.636139631271, 0.0902383849025, 0.00423668092117], "dvar": [5.53429603577, 22.93151474, 86.1023483276, 281.598022461, 488.978790283, 919.52520752, 311.58404541, 474.196807861, 239.237442017, 308.008361816, 655.828063965, 220.669906616, 407.912506104, 472.398345947, 343.259033203, 180.173736572, 261.237518311, 402.755432129, 248.788574219, 310.513336182, 482.806610107, 274.569885254, 293.17565918, 361.832733154, 697.457702637, 827.92767334, 612.938415527, 567.515808105, 555.151489258, 284.07244873, 459.089630127, 658.917175293, 107.787559509, 86.4921417236, 29.3366851807, 8.88689422607, 5.34480667114, 0.776140928268, 0.0148205496371, 5.623519246e-05], "dvar2": [10.7799568176, 51.3948822021, 220.365722656, 740.058288574, 1278.68127441, 2544.70874023, 793.565795898, 1226.82824707, 656.594421387, 815.611877441, 1827.80810547, 571.382324219, 1129.31994629, 1336.15991211, 869.803649902, 441.764343262, 640.802856445, 1073.58105469, 603.947998047, 780.976257324, 1266.86608887, 660.573425293, 760.511108398, 945.632995605, 1714.60021973, 2025.18225098, 1487.98083496, 1384.74865723, 1275.15344238, 620.009399414, 1077.10913086, 1659.37927246, 242.601760864, 186.533416748, 60.4125328064, 19.6224689484, 13.2077713013, 1.65410983562, 0.0345145352185, 0.000133039429784], "max": [18.8212223053, 53.2101669312, 94.101852417, 159.29750061, 219.525512695, 307.602630615, 230.725143433, 228.700805664, 183.734512329, 484.976318359, 339.164154053, 148.635040283, 285.929626465, 307.095947266, 297.096221924, 192.438049316, 242.848449707, 256.875793457, 156.94833374, 239.694107056, 248.112930298, 177.822357178, 217.168304443, 224.018203735, 329.926330566, 398.907989502, 263.621856689, 599.933654785, 514.612060547, 404.999572754, 362.084381104, 327.481842041, 152.902145386, 234.745025635, 137.874511719, 51.2852478027, 36.750869751, 16.8338050842, 1.71212279797, 0.123240493238], "mean": [3.4302752018, 6.65380573273, 8.28015613556, 8.60148143768, 11.755106926, 11.4008483887, 7.40190124512, 9.26398849487, 6.44770383835, 6.38317775726, 10.1791343689, 7.32794046402, 6.75401687622, 7.22727298737, 8.5480632782, 6.56157922745, 8.35800743103, 10.1401882172, 9.91447162628, 10.4014387131, 11.4479951859, 10.8060350418, 11.1481876373, 12.9525661469, 16.6091175079, 19.4008750916, 17.7958431244, 18.4691638947, 20.0786476135, 17.1268978119, 16.4045562744, 14.9185523987, 8.38314914703, 7.81378698349, 4.47076034546, 2.30778050423, 1.23317313194, 0.509399294853, 0.0628133192658, 0.00310176005587], "median": [2.20134973526, 4.69803619385, 3.17986512184, 2.71892166138, 2.73846912384, 1.80218982697, 0.93797492981, 1.07538354397, 1.22187924385, 1.16882276535, 1.71128678322, 1.31368637085, 1.00643587112, 1.34971809387, 1.54085302353, 1.41258716583, 1.88634502888, 2.42816281319, 2.88271808624, 2.96184825897, 3.20587325096, 3.06674289703, 3.26096844673, 3.57836580276, 3.9310104847, 4.05729579926, 4.0014705658, 4.24220657349, 5.99012041092, 5.22386646271, 4.70815420151, 3.435972929, 2.17771720886, 1.74880957603, 0.850675821304, 0.511460959911, 0.290643692017, 0.0975266769528, 0.00852335896343, 0.000386138824979], "min": [7.95686155017e-22, 9.53917687873e-21, 5.12035655916e-20, 3.27636902539e-20, 1.19425183214e-19, 4.80195561284e-19, 3.35012361535e-19, 1.57978171635e-19, 1.36740063838e-19, 4.30247630012e-19, 9.53473100912e-19, 3.24482274789e-18, 2.80335231907e-18, 1.91432796161e-18, 4.16218589955e-18, 4.84211554177e-18, 2.44340053961e-18, 3.20403447189e-18, 3.76063437991e-18, 1.01439764136e-17, 6.33519309104e-18, 9.27752871022e-18, 1.07645529518e-17, 1.52666753415e-17, 1.44113639707e-17, 1.60790163339e-17, 1.53279462638e-17, 1.94274633058e-17, 1.8776629328e-17, 2.02480397083e-17, 2.22910037678e-17, 1.49752695379e-17, 1.62280544279e-17, 1.10424930822e-17, 9.28868820386e-18, 6.152841125e-18, 3.38660791553e-18, 1.58300510995e-18, 3.68842937065e-19, 2.58541278126e-20], "var": [11.5809793472, 43.0577659607, 127.01965332, 250.664871216, 490.168487549, 671.735351562, 301.592895508, 453.500671387, 181.48236084, 275.239440918, 540.89263916, 224.413635254, 298.868286133, 332.537231445, 384.719299316, 206.838058472, 309.5496521, 385.054443359, 290.214935303, 328.497711182, 434.264862061, 319.726104736, 320.535491943, 425.791473389, 825.055603027, 1054.33276367, 812.988342285, 935.986694336, 1104.92236328, 916.068908691, 904.815795898, 838.55847168, 188.318237305, 263.773742676, 96.97605896, 20.1583652496, 5.83555793762, 1.17173397541, 0.0181931518018, 6.82926911395e-05]}, "gfcc": {"mean": [-21.2229652405, 35.6451873779, -37.7741622925, 51.4466552734, -23.9319610596, 27.3940200806, -17.3652687073, 13.5475482941, -10.7697591782, 8.89210128784, -11.2065467834, 4.90687417984, -11.0155649185], "cov": [[20017.359375, -2658.46411133, -2960.70703125, -370.188110352, -2037.31616211, -553.066955566, -1191.30334473, -249.992538452, -1015.79577637, 156.945373535, -694.88684082, -2.8698964119, -215.68371582], [-2658.46411133, 4580.40136719, 28.1826477051, -632.565063477, 354.097808838, -345.217071533, 220.698730469, -293.914093018, 191.276107788, -234.265213013, 181.174255371, -237.685821533, 195.833099365], [-2960.70703125, 28.1826477051, 2300.68139648, 307.576080322, 507.565338135, 195.852096558, 318.919830322, 107.190078735, 188.339981079, -21.1818714142, 102.550086975, 34.4106445312, -120.744232178], [-370.188110352, -632.565063477, 307.576080322, 665.076049805, 146.07989502, 168.107543945, 67.4439239502, 89.640411377, 23.9739494324, 51.5144386292, 9.52650356293, 27.4720783234, 8.74736404419], [-2037.31616211, 354.097808838, 507.565338135, 146.07989502, 571.635253906, 136.040908813, 244.225128174, 41.7242126465, 178.400741577, -21.8779964447, 108.48084259, 9.32863998413, 29.4201164246], [-553.066955566, -345.217071533, 195.852096558, 168.107543945, 136.040908813, 284.506835938, 98.8506317139, 102.530883789, 43.2166061401, 39.8048553467, 30.1402263641, 55.5492744446, -8.959233284], [-1191.30334473, 220.698730469, 318.919830322, 67.4439239502, 244.225128174, 98.8506317139, 274.432739258, 76.9625244141, 142.736358643, 4.46895313263, 82.4875946045, 4.37474012375, 40.5072364807], [-249.992538452, -293.914093018, 107.190078735, 89.640411377, 41.7242126465, 102.530883789, 76.9625244141, 137.234558105, 75.7002944946, 60.8895492554, 23.8249816895, 42.1105117798, -4.8044090271], [-1015.79577637, 191.276107788, 188.339981079, 23.9739494324, 178.400741577, 43.2166061401, 142.736358643, 75.7002944946, 186.829116821, 34.2684631348, 85.5665512085, 18.0418128967, 25.3779945374], [156.945373535, -234.265213013, -21.1818714142, 51.5144386292, -21.8779964447, 39.8048553467, 4.46895313263, 60.8895492554, 34.2684631348, 96.7500457764, 29.6695671082, 38.2431793213, 0.475563466549], [-694.88684082, 181.174255371, 102.550086975, 9.52650356293, 108.48084259, 30.1402263641, 82.4875946045, 23.8249816895, 85.5665512085, 29.6695671082, 101.957962036, 26.5648117065, 34.4898071289], [-2.8698964119, -237.685821533, 34.4106445312, 27.4720783234, 9.32863998413, 55.5492744446, 4.37474012375, 42.1105117798, 18.0418128967, 38.2431793213, 26.5648117065, 83.4674224854, 3.07514262199], [-215.68371582, 195.833099365, -120.744232178, 8.74736404419, 29.4201164246, -8.959233284, 40.5072364807, -4.8044090271, 25.3779945374, 0.475563466549, 34.4898071289, 3.07514262199, 96.0494766235]], "icov": [[0.000104464248579, 1.09800812425e-05, 6.89021180733e-05, -9.26694156078e-06, 0.000146401944221, 9.60738470894e-05, -5.63008725294e-05, 7.75768858148e-05, 0.000225646348554, -0.000316968886182, 0.000368938839529, -0.000131823355332, 0.000105086379335], [1.09800812425e-05, 0.000468877697131, -3.15079814754e-05, 0.000338140991516, -8.3558181359e-05, 0.000104534439743, -4.53541106253e-05, 0.00060036405921, -0.000370504480088, 0.000441793206846, -0.000672693131492, 0.000990821514279, -0.000611691968516], [6.89021180733e-05, -3.15079814754e-05, 0.000769569654949, -0.000304714136291, -0.000188903548406, 0.000179928931175, -0.000666715553962, -1.73566077137e-05, 0.000187748082681, 0.000248917203862, -0.000161858974025, -0.000521071080584, 0.00159306148998], [-9.26694156078e-06, 0.000338140991516, -0.000304714136291, 0.00231765955687, -0.000678441778291, -0.000704179750755, 0.000385646475479, -0.000446658261353, 0.000460738665424, -0.000810207799077, 0.000177981259185, 0.0013478937326, -0.00157201394904], [0.000146401944221, -8.3558181359e-05, -0.000188903548406, -0.000678441778291, 0.00438545644283, -0.00124342285562, -0.00172209832817, 0.0022947746329, -0.0024130595848, 0.00122494262177, -0.000384586746804, -0.000597283244133, 0.000493957835715], [9.60738470894e-05, 0.000104534439743, 0.000179928931175, -0.000704179750755, -0.00124342285562, 0.00671834358945, -0.00143769232091, -0.0038764688652, 0.00290490803309, 1.96021355805e-05, -0.000467417004984, -0.00237450096756, 0.00118911627214], [-5.63008725294e-05, -4.53541106253e-05, -0.000666715553962, 0.000385646475479, -0.00172209832817, -0.00143769232091, 0.00991294067353, -0.00418373430148, -0.00262887682766, 0.00253167119808, -0.00266280048527, 0.00313708372414, -0.00336592295207], [7.75768858148e-05, 0.00060036405921, -1.73566077137e-05, -0.000446658261353, 0.0022947746329, -0.0038764688652, -0.00418373430148, 0.0211494732648, -0.00804999098182, -0.00719753792509, 0.00607460131869, -0.00318644964136, 0.000810147728771], [0.000225646348554, -0.000370504480088, 0.000187748082681, 0.000460738665424, -0.0024130595848, 0.00290490803309, -0.00262887682766, -0.00804999098182, 0.0166367385536, -0.00229212152772, -0.0060996604152, 0.000619297323283, 0.000958365912084], [-0.000316968886182, 0.000441793206846, 0.000248917203862, -0.000810207799077, 0.00122494262177, 1.96021355805e-05, 0.00253167119808, -0.00719753792509, -0.00229212152772, 0.0212870538235, -0.00886272080243, -0.00170349969994, 0.000710306980181], [0.000368938839529, -0.000672693131492, -0.000161858974025, 0.000177981259185, -0.000384586746804, -0.000467417004984, -0.00266280048527, 0.00607460131869, -0.0060996604152, -0.00886272080243, 0.0258336216211, -0.0071645588614, -0.00391016155481], [-0.000131823355332, 0.000990821514279, -0.000521071080584, 0.0013478937326, -0.000597283244133, -0.00237450096756, 0.00313708372414, -0.00318644964136, 0.000619297323283, -0.00170349969994, -0.0071645588614, 0.0206913463771, -0.00285988836549], [0.000105086379335, -0.000611691968516, 0.00159306148998, -0.00157201394904, 0.000493957835715, 0.00118911627214, -0.00336592295207, 0.000810147728771, 0.000958365912084, 0.000710306980181, -0.00391016155481, -0.00285988836549, 0.0166988186538]]}, "melbands": {"dmean": [0.0127565190196, 0.0030652161222, 0.00143417110667, 0.000963584810961, 0.000329258444253, 0.0002169811778, 0.000106679959572, 8.25522947707e-05, 8.96835699677e-05, 4.60980445496e-05, 4.02883415518e-05, 3.66827080143e-05, 2.60330216406e-05, 2.02176634048e-05, 1.37016049848e-05, 1.74552078533e-05, 1.95641860046e-05, 1.53646324179e-05, 1.43164015753e-05, 1.42310937008e-05, 1.46133252201e-05, 1.05048684418e-05, 9.27876953938e-06, 9.18993828236e-06, 9.21904847928e-06, 1.18814041343e-05, 1.16984901979e-05, 1.12531461127e-05, 1.0003747775e-05, 9.19713602343e-06, 8.87714577402e-06, 8.95672565093e-06, 7.57614770919e-06, 5.61980823477e-06, 6.31536522633e-06, 1.02079957287e-05, 6.39777317701e-06, 4.3427626224e-06, 4.56461339127e-06, 4.80386597701e-06], "dmean2": [0.0178874321282, 0.00488550774753, 0.00241414201446, 0.00167893525213, 0.000572430901229, 0.000361973216059, 0.000186156365089, 0.000141555981827, 0.000155004861881, 7.6688847912e-05, 7.17773582437e-05, 6.62537568132e-05, 4.37097078247e-05, 3.41931554431e-05, 2.16282351175e-05, 2.82869968942e-05, 3.30697657773e-05, 2.56097173406e-05, 2.38761276705e-05, 2.39583350776e-05, 2.48627111432e-05, 1.7451322492e-05, 1.45166322909e-05, 1.53952296387e-05, 1.47780338011e-05, 1.96232413145e-05, 1.92238421732e-05, 1.81406212505e-05, 1.61747157108e-05, 1.45362946569e-05, 1.38265522764e-05, 1.37117285703e-05, 1.15535640361e-05, 8.30632598081e-06, 9.34137915465e-06, 1.63304794114e-05, 9.76455976343e-06, 6.38100118522e-06, 6.92124740453e-06, 7.19582521924e-06], "dvar": [0.000223851282499, 1.67780799529e-05, 7.59814747653e-06, 4.04264346798e-06, 4.90766012717e-07, 2.22396494109e-07, 4.98528152093e-08, 3.71692969736e-08, 4.18734629193e-08, 8.82484041398e-09, 1.07897539792e-08, 8.8392733133e-09, 3.39631656132e-09, 2.27612750869e-09, 9.17661058253e-10, 1.46318313021e-09, 1.66931912737e-09, 7.39445560338e-10, 6.20392737183e-10, 7.0135652841e-10, 7.74031616579e-10, 3.01780711531e-10, 2.55724968978e-10, 2.85916318399e-10, 2.39338826535e-10, 4.07491540511e-10, 4.02969740909e-10, 3.78887837771e-10, 2.71789479811e-10, 2.38096015126e-10, 2.43469855388e-10, 2.4704877033e-10, 1.37674760481e-10, 8.52377196603e-11, 1.08901346274e-10, 6.01388772115e-10, 1.35582226002e-10, 5.55023318971e-11, 5.45590239653e-11, 7.62027871359e-11], "dvar2": [0.000433020060882, 4.12416011386e-05, 1.98416091735e-05, 1.07890364234e-05, 1.30850639835e-06, 5.7542280274e-07, 1.36812985829e-07, 9.7726427839e-08, 1.15999014838e-07, 2.28709371441e-08, 2.99483886579e-08, 2.51184868461e-08, 8.72140670793e-09, 5.98698468579e-09, 2.10881423435e-09, 3.62821772626e-09, 4.55530058119e-09, 1.83189607927e-09, 1.54585988454e-09, 1.80277048845e-09, 2.08145700675e-09, 7.43942241144e-10, 6.08512074063e-10, 7.95714438784e-10, 6.27254914676e-10, 1.02955632908e-09, 9.86767667577e-10, 9.34359700722e-10, 6.65558996804e-10, 5.96921123641e-10, 6.12764672336e-10, 5.87346504766e-10, 3.19869047916e-10, 1.89320281674e-10, 2.46278775151e-10, 1.58678770124e-09, 3.31676630605e-10, 1.27276564288e-10, 1.22853061058e-10, 1.67280508889e-10], "max": [0.119898974895, 0.0421306602657, 0.0254101790488, 0.0194557271898, 0.00862244516611, 0.0048771025613, 0.0025497933384, 0.00443432154134, 0.00256767892279, 0.000938161509112, 0.00141323858406, 0.00131467112806, 0.00109477655496, 0.000627132656518, 0.000461266958155, 0.000566786620766, 0.000489624391776, 0.000290008727461, 0.000296954152873, 0.000389819615521, 0.000282327266177, 0.000166597325006, 0.00020215845143, 0.000265043432591, 0.000168249811395, 0.000243516216869, 0.000342510349583, 0.000225965777645, 0.00026037383941, 0.000168527185451, 0.000503262330312, 0.00034609917202, 0.000251192221185, 0.000211414560908, 0.000200483656954, 0.000307138339849, 0.000215137712075, 0.000130883112433, 0.000122780897073, 0.000239994522417], "mean": [0.0229089185596, 0.00546583998948, 0.0015648965491, 0.000913207419217, 0.000290920463158, 0.000204392403248, 9.40960308071e-05, 7.31228428776e-05, 8.20640561869e-05, 4.38374227087e-05, 3.34395117534e-05, 2.91288997687e-05, 2.72366614809e-05, 2.07042376132e-05, 1.54067874973e-05, 1.9054970835e-05, 1.90911250684e-05, 1.59559403983e-05, 1.46003831105e-05, 1.38589721246e-05, 1.32185014081e-05, 1.11193157863e-05, 1.01952909972e-05, 9.919126569e-06, 1.0285699318e-05, 1.18040707093e-05, 1.26909626488e-05, 1.27652065203e-05, 1.11521339932e-05, 1.0485599887e-05, 1.09363545562e-05, 1.14761542136e-05, 1.08459616968e-05, 8.84030578163e-06, 8.81670348463e-06, 1.11898316391e-05, 7.95425057731e-06, 5.5089703892e-06, 6.03204034633e-06, 6.87758574713e-06], "median": [0.0154846617952, 0.00404929509386, 0.00053928833222, 0.00017941025726, 3.90957211494e-05, 2.48094929702e-05, 1.87726345757e-05, 1.17100480566e-05, 1.33787580125e-05, 7.67091842135e-06, 4.40943404101e-06, 4.69409496873e-06, 5.3558160289e-06, 3.57621183866e-06, 3.49262745658e-06, 4.16066222897e-06, 4.41524844064e-06, 4.3765630835e-06, 3.99539385398e-06, 3.65641562894e-06, 3.56024497705e-06, 3.13167993227e-06, 2.73772388937e-06, 2.82555083686e-06, 2.78728816738e-06, 2.58719433077e-06, 2.79531877823e-06, 2.4883011065e-06, 2.44800867222e-06, 2.27081136472e-06, 2.4098724225e-06, 3.16386194754e-06, 3.29350632455e-06, 2.56614589489e-06, 2.65823678092e-06, 2.60317165157e-06, 1.7661855054e-06, 1.41493683259e-06, 1.50072548877e-06, 1.45112517203e-06], "min": [9.0647501748e-24, 2.25266078799e-23, 6.02363577048e-24, 2.42608996473e-23, 1.40462427082e-23, 3.9803479753e-24, 2.13334277561e-24, 4.97160179537e-24, 8.83860663024e-24, 2.14794707588e-23, 1.35662555573e-23, 6.87648631132e-24, 1.45395316317e-23, 1.28909125252e-23, 7.21489580674e-24, 6.80099942243e-24, 5.75723823164e-24, 6.59687653561e-24, 7.85776380196e-24, 1.49483288191e-23, 5.89502462165e-24, 1.0080347848e-23, 7.51495167382e-24, 1.19635449999e-23, 1.19536211297e-23, 1.18353582583e-23, 9.3781835451e-24, 1.14056854447e-23, 1.044992366e-23, 7.49112413017e-24, 1.32526723034e-23, 1.1566025368e-23, 9.99055733316e-24, 1.15073877592e-23, 1.25647209074e-23, 1.10410897115e-23, 9.34568326467e-24, 1.12323924254e-23, 1.17229708228e-23, 8.96858014184e-24], "var": [0.000479207606986, 3.04555014736e-05, 7.14237057764e-06, 3.50412005901e-06, 4.07382117373e-07, 2.13588506881e-07, 3.81137965633e-08, 3.50657067827e-08, 3.56953151481e-08, 8.61154259013e-09, 7.76712827388e-09, 5.99443117366e-09, 3.76616426934e-09, 2.30915997435e-09, 1.13936637902e-09, 1.66736036089e-09, 1.46587242345e-09, 8.18043910389e-10, 6.75228317704e-10, 6.74415745472e-10, 6.32328744921e-10, 3.39657968418e-10, 2.99115232583e-10, 2.7452898288e-10, 2.77193712428e-10, 4.41269132345e-10, 4.96870267153e-10, 4.69566219241e-10, 3.53890278193e-10, 2.99656299774e-10, 3.8415837178e-10, 3.96285421145e-10, 3.2474614664e-10, 2.82190881773e-10, 2.69229083472e-10, 5.87102089167e-10, 2.12682996215e-10, 8.34502467129e-11, 1.11210547715e-10, 2.39180508732e-10]}, "mfcc": {"mean": [-689.49432373, 79.5854187012, 49.7870483398, 41.3410720825, 28.5955448151, 25.8954315186, 14.8872766495, 15.2744464874, 10.1645040512, 12.1095218658, 8.85619068146, 4.38772821426, 5.95359277725], "cov": [[19260.859375, -1999.12634277, -2498.73583984, -834.570373535, -1500.15673828, -938.478210449, -840.681335449, -1060.24560547, -500.294799805, -628.436157227, -693.489135742, -283.776397705, -568.05090332], [-1999.12634277, 3548.05712891, 98.3546218872, -135.96987915, 9.67185306549, -39.6949577332, -20.4005718231, -74.6020278931, -8.82234954834, -33.5294113159, -28.5324172974, 68.8784866333, -15.7041454315], [-2498.73583984, 98.3546218872, 1339.61523438, 301.628234863, 318.794342041, 174.06036377, 174.962890625, 207.398666382, 30.4808502197, 138.296585083, 131.757583618, -18.733997345, 102.161437988], [-834.570373535, -135.96987915, 301.628234863, 439.071380615, 196.063201904, 131.296432495, 94.8266830444, 83.5958251953, 64.7896499634, 58.6927223206, 43.6015205383, 25.4780635834, 45.7056312561], [-1500.15673828, 9.67185306549, 318.794342041, 196.063201904, 349.727630615, 189.704727173, 128.467132568, 149.063537598, 58.7460441589, 73.0762557983, 85.5412521362, 31.9403991699, 68.5610656738], [-938.478210449, -39.6949577332, 174.06036377, 131.296432495, 189.704727173, 204.939819336, 139.978088379, 123.313278198, 66.2523574829, 54.8041419983, 56.4959831238, 30.6468887329, 47.8600463867], [-840.681335449, -20.4005718231, 174.962890625, 94.8266830444, 128.467132568, 139.978088379, 165.485595703, 122.860908508, 65.1881332397, 57.314655304, 50.4875106812, 26.1928386688, 40.0502281189], [-1060.24560547, -74.6020278931, 207.398666382, 83.5958251953, 149.063537598, 123.313278198, 122.860908508, 184.913848877, 87.7957992554, 82.8356323242, 84.6719055176, 35.0131072998, 60.0985183716], [-500.294799805, -8.82234954834, 30.4808502197, 64.7896499634, 58.7460441589, 66.2523574829, 65.1881332397, 87.7957992554, 109.108314514, 67.0101089478, 42.2206497192, 35.1376419067, 30.0051460266], [-628.436157227, -33.5294113159, 138.296585083, 58.6927223206, 73.0762557983, 54.8041419983, 57.314655304, 82.8356323242, 67.0101089478, 107.878631592, 72.9328460693, 33.2168884277, 46.2387390137], [-693.489135742, -28.5324172974, 131.757583618, 43.6015205383, 85.5412521362, 56.4959831238, 50.4875106812, 84.6719055176, 42.2206497192, 72.9328460693, 112.553848267, 52.918712616, 59.4630661011], [-283.776397705, 68.8784866333, -18.733997345, 25.4780635834, 31.9403991699, 30.6468887329, 26.1928386688, 35.0131072998, 35.1376419067, 33.2168884277, 52.918712616, 79.7690658569, 39.7176208496], [-568.05090332, -15.7041454315, 102.161437988, 45.7056312561, 68.5610656738, 47.8600463867, 40.0502281189, 60.0985183716, 30.0051460266, 46.2387390137, 59.4630661011, 39.7176208496, 74.7896118164]], "icov": [[0.000114543778182, 7.02825782355e-05, 8.00210618763e-05, -1.8033075321e-05, 0.000227342243306, -2.37972981267e-05, 7.67616802477e-05, 0.000185548269656, 0.000107072184619, 9.93020330498e-06, 0.000156447888003, -0.000117713760119, 0.00029210941284], [7.02825782355e-05, 0.000362417427823, -8.77807760844e-05, 0.000209161851672, -7.02407050994e-05, 0.000116956005513, -6.37999255559e-05, 0.000468311249278, -0.000208134064451, 0.000143973884406, 0.000366655440303, -0.00073348719161, 0.00034189177677], [8.00210618763e-05, -8.77807760844e-05, 0.00147500156891, -0.000726894941181, -0.000217035718379, 0.000420888827648, -0.00058275210904, -0.000831272802316, 0.0018096382264, -0.00123687484302, -0.000570395379327, 0.00177732016891, -0.000523253343999], [-1.8033075321e-05, 0.000209161851672, -0.000726894941181, 0.00371014908887, -0.0015945949126, -0.000614795426372, -0.000250939454418, 0.00176874233875, -0.00217305729166, 0.000139936673804, 0.00102212524507, -0.00107036356349, -0.000258116371697], [0.000227342243306, -7.02407050994e-05, -0.000217035718379, -0.0015945949126, 0.0082585522905, -0.00570985907689, 0.00202007545158, -0.00249027484097, 0.00226062582806, -0.000148813152919, -0.00104439479765, 0.000547863834072, -0.00029010133585], [-2.37972981267e-05, 0.000116956005513, 0.000420888827648, -0.000614795426372, -0.00570985907689, 0.0174757800996, -0.00993448588997, -0.000258194195339, -0.00206501083449, 0.00193810649216, 7.93383442215e-05, -0.000395046576159, -0.000999931478873], [7.67616802477e-05, -6.37999255559e-05, -0.00058275210904, -0.000250939454418, 0.00202007545158, -0.00993448588997, 0.0188706088811, -0.00695648929104, -1.42467506521e-05, -0.00138611043803, 0.00239785504527, -0.00149887497537, 0.00126144662499], [0.000185548269656, 0.000468311249278, -0.000831272802316, 0.00176874233875, -0.00249027484097, -0.000258194195339, -0.00695648929104, 0.0205591563135, -0.00941602047533, 0.00115034088958, -0.00598958041519, 0.0026787687093, -0.00237909657881], [0.000107072184619, -0.000208134064451, 0.0018096382264, -0.00217305729166, 0.00226062582806, -0.00206501083449, -1.42467506521e-05, -0.00941602047533, 0.0242701806128, -0.0121760796756, 0.00549281714484, -0.00475187180564, 0.00239591021091], [9.93020330498e-06, 0.000143973884406, -0.00123687484302, 0.000139936673804, -0.000148813152919, 0.00193810649216, -0.00138611043803, 0.00115034088958, -0.0121760796756, 0.0254302360117, -0.0111780595034, 0.00243402109481, -0.00281879701652], [0.000156447888003, 0.000366655440303, -0.000570395379327, 0.00102212524507, -0.00104439479765, 7.93383442215e-05, 0.00239785504527, -0.00598958041519, 0.00549281714484, -0.0111780595034, 0.0279090963304, -0.0115303993225, -0.00550386495888], [-0.000117713760119, -0.00073348719161, 0.00177732016891, -0.00107036356349, 0.000547863834072, -0.000395046576159, -0.00149887497537, 0.0026787687093, -0.00475187180564, 0.00243402109481, -0.0115303993225, 0.0257272087038, -0.0085146734491], [0.00029210941284, 0.00034189177677, -0.000523253343999, -0.000258116371697, -0.00029010133585, -0.000999931478873, 0.00126144662499, -0.00237909657881, 0.00239591021091, -0.00281879701652, -0.00550386495888, -0.0085146734491, 0.0283551197499]]}, "spectral_contrast_coeffs": {"dmean": [0.0618161037564, 0.0522262565792, 0.0392677336931, 0.0286398530006, 0.0238869898021, 0.0244514551014], "dmean2": [0.102582447231, 0.086215570569, 0.0639386922121, 0.0464011058211, 0.0392448045313, 0.0387825407088], "dvar": [0.0029168878682, 0.00200959504582, 0.00124333403073, 0.000585236062761, 0.000396953691961, 0.00059182732366], "dvar2": [0.0075253569521, 0.00513797299936, 0.00305763282813, 0.00142181490082, 0.0010059584165, 0.00142044341192], "max": [-0.353034853935, -0.418166995049, -0.508509874344, -0.599288284779, -0.628663897514, -0.5981554389], "mean": [-0.688147068024, -0.790127158165, -0.835693657398, -0.836983859539, -0.824404120445, -0.800117135048], "median": [-0.689694881439, -0.799848735332, -0.842997252941, -0.838014185429, -0.824848294258, -0.795009493828], "min": [-0.973939299583, -0.980196833611, -0.993196487427, -0.964744508266, -0.964227080345, -0.960952937603], "var": [0.00656238012016, 0.0046852468513, 0.00286288675852, 0.00152677379083, 0.00126212602481, 0.0020551350899]}, "spectral_contrast_valleys": {"dmean": [0.570902764797, 0.817080020905, 0.746164321899, 0.702945590019, 0.684945166111, 0.667546331882], "dmean2": [0.868576228619, 1.23164093494, 1.1238117218, 1.01249015331, 0.924571752548, 0.854115605354], "dvar": [0.367107391357, 0.708478748798, 0.687294006348, 0.657636642456, 0.582790732384, 0.506896793842], "dvar2": [0.704447805882, 1.46354734898, 1.40489327908, 1.33705675602, 1.14466488361, 0.94998973608], "max": [-4.72229766846, -4.57436513901, -5.1913599968, -5.68281984329, -5.38874578476, -6.84923028946], "mean": [-6.86491394043, -7.71661376953, -8.34083080292, -8.36943626404, -7.97475242615, -9.5891418457], "median": [-6.56769561768, -7.46102809906, -7.9519157