{"lowlevel": {"average_loudness": 0.961389005184, "barkbands_crest": {"dmean": 3.34676766396, "dmean2": 5.58347558975, "dvar": 12.6583538055, "dvar2": 32.7942848206, "max": 26.6100635529, "mean": 14.1845140457, "median": 13.6046228409, "min": 2.60785388947, "var": 36.4527816772}, "barkbands_flatness_db": {"dmean": 0.0392160452902, "dmean2": 0.0581666827202, "dvar": 0.00155651546083, "dvar2": 0.00355392345227, "max": 0.473237067461, "mean": 0.1809720397, "median": 0.171380281448, "min": 0.0273065902293, "var": 0.00540816597641}, "barkbands_kurtosis": {"dmean": 15.0564079285, "dmean2": 25.3408241272, "dvar": 1994.75244141, "dvar2": 5369.77490234, "max": 1458.54663086, "mean": 17.5837917328, "median": 4.58137273788, "min": -1.92634165287, "var": 2387.90722656}, "barkbands_skewness": {"dmean": 1.23987197876, "dmean2": 1.93495690823, "dvar": 2.82409620285, "dvar2": 7.07685136795, "max": 28.2293262482, "mean": 2.71282744408, "median": 2.14700126648, "min": -4.00390148163, "var": 7.53466558456}, "barkbands_spread": {"dmean": 9.70840358734, "dmean2": 14.5167484283, "dvar": 127.902114868, "dvar2": 256.506866455, "max": 137.655975342, "mean": 23.9074001312, "median": 18.2871627808, "min": 0.141941025853, "var": 394.329193115}, "dissonance": {"dmean": 0.017283776775, "dmean2": 0.0275152660906, "dvar": 0.000387113512261, "dvar2": 0.000902041152585, "max": 0.499993413687, "mean": 0.464143127203, "median": 0.472834646702, "min": 0.17706052959, "var": 0.00102142395917}, "dynamic_complexity": 3.88844919205, "erbbands_crest": {"dmean": 2.7824113369, "dmean2": 4.52044439316, "dvar": 6.5795173645, "dvar2": 16.4339256287, "max": 29.688129425, "mean": 8.70589923859, "median": 8.01465702057, "min": 2.46663284302, "var": 14.5260343552}, "erbbands_flatness_db": {"dmean": 0.0285849124193, "dmean2": 0.0375554561615, "dvar": 0.000672595400829, "dvar2": 0.00102056679316, "max": 0.377837717533, "mean": 0.152903556824, "median": 0.151616975665, "min": 0.0314026884735, "var": 0.00319460011087}, "erbbands_kurtosis": {"dmean": 1.33967149258, "dmean2": 2.08293628693, "dvar": 3.84221506119, "dvar2": 8.22584342957, "max": 33.2097396851, "mean": 0.563242614269, "median": -0.449169397354, "min": -1.87422287464, "var": 8.69917201996}, "erbbands_skewness": {"dmean": 0.50686532259, "dmean2": 0.741590559483, "dvar": 0.235592782497, "dvar2": 0.454009026289, "max": 4.86033439636, "mean": -0.0777077674866, "median": -0.0222281627357, "min": -4.49929523468, "var": 1.0419229269}, "erbbands_spread": {"dmean": 12.929980278, "dmean2": 19.5736045837, "dvar": 180.717453003, "dvar2": 384.098815918, "max": 163.240310669, "mean": 48.8544235229, "median": 46.4961776733, "min": 2.13233184814, "var": 547.341247559}, "hfc": {"dmean": 10.9550113678, "dmean2": 15.3352212906, "dvar": 205.140106201, "dvar2": 331.074951172, "max": 191.572357178, "mean": 24.470331192, "median": 16.3103218079, "min": 1.10581514458e-16, "var": 665.8125}, "melbands_crest": {"dmean": 4.03152275085, "dmean2": 6.66446495056, "dvar": 16.3669395447, "dvar2": 43.1601409912, "max": 37.5443916321, "mean": 21.5855846405, "median": 22.1318473816, "min": 2.47709751129, "var": 67.1428146362}, "melbands_flatness_db": {"dmean": 0.0424299053848, "dmean2": 0.0628282502294, "dvar": 0.00192925403826, "dvar2": 0.00426798360422, "max": 0.609713613987, "mean": 0.254079759121, "median": 0.247995197773, "min": 0.00882296077907, "var": 0.00923516042531}, "melbands_kurtosis": {"dmean": 28.8063488007, "dmean2": 47.9242706299, "dvar": 3176.73510742, "dvar2": 8469.76855469, "max": 645.855957031, "mean": 45.0939865112, "median": 17.0174694061, "min": -1.85161590576, "var": 5916.64404297}, "melbands_skewness": {"dmean": 1.52598643303, "dmean2": 2.42222571373, "dvar": 3.62002778053, "dvar2": 9.18635463715, "max": 20.5158843994, "mean": 4.52185153961, "median": 3.66232967377, "min": -2.22690296173, "var": 11.4933204651}, "melbands_spread": {"dmean": 10.012301445, "dmean2": 14.8102807999, "dvar": 259.88973999, "dvar2": 500.531219482, "max": 267.407684326, "mean": 22.6575317383, "median": 13.2231998444, "min": 0.23835504055, "var": 746.327575684}, "pitch_salience": {"dmean": 0.0958895385265, "dmean2": 0.15924654901, "dvar": 0.00990095362067, "dvar2": 0.0260188095272, "max": 0.857392668724, "mean": 0.4375628829, "median": 0.443222433329, "min": 0.0303032770753, "var": 0.0328039489686}, "silence_rate_20dB": {"dmean": 0, "dmean2": 0, "dvar": 0, "dvar2": 0, "max": 1, "mean": 1, "median": 1, "min": 1, "var": 0}, "silence_rate_30dB": {"dmean": 0.0725167617202, "dmean2": 0.145048245788, "dvar": 0.0672536045313, "dvar2": 0.1522397995, "max": 1, "mean": 0.883314728737, "median": 1, "min": 0, "var": 0.103068053722}, "silence_rate_60dB": {"dmean": 0.0247816368937, "dmean2": 0.04956831038, "dvar": 0.0241643004119, "dvar2": 0.0552431344986, "max": 1, "mean": 0.105615921319, "median": 0, "min": 0, "var": 0.0944737568498}, "spectral_centroid": {"dmean": 395.453399658, "dmean2": 576.382324219, "dvar": 176802.84375, "dvar2": 318229, "max": 11064.9931641, "mean": 1656.26318359, "median": 1492.00524902, "min": 111.675964355, "var": 766222.0625}, "spectral_complexity": {"dmean": 5.04936027527, "dmean2": 7.13407802582, "dvar": 37.358127594, "dvar2": 69.2158584595, "max": 60, "mean": 16.7232666016, "median": 14, "min": 0, "var": 131.646881104}, "spectral_decrease": {"dmean": 5.36453681477e-09, "dmean2": 9.18440612452e-09, "dvar": 7.33550450831e-17, "dvar2": 2.13763057921e-16, "max": -1.55550620853e-28, "mean": -1.1545895795e-08, "median": -8.58070858811e-09, "min": -6.16799269437e-08, "var": 1.2983506304e-16}, "spectral_energy": {"dmean": 0.020791945979, "dmean2": 0.0354614518583, "dvar": 0.00105175247882, "dvar2": 0.00306224566884, "max": 0.234251588583, "mean": 0.0457963384688, "median": 0.0351211801171, "min": 1.06171523522e-20, "var": 0.00190427934285}, "spectral_energyband_high": {"dmean": 0.000929468369577, "dmean2": 0.00125660735648, "dvar": 2.46222816713e-06, "dvar2": 3.50290383722e-06, "max": 0.0235394667834, "mean": 0.00156976270955, "median": 0.000396900053602, "min": 7.67974917871e-21, "var": 8.19208435132e-06}, "spectral_energyband_low": {"dmean": 0.0177875645459, "dmean2": 0.0311702508479, "dvar": 0.00113577395678, "dvar2": 0.00331939151511, "max": 0.227379500866, "mean": 0.0318194590509, "median": 0.0216162241995, "min": 1.5120478779e-23, "var": 0.00175502605271}, "spectral_energyband_middle_high": {"dmean": 0.00210965028964, "dmean2": 0.00305414386094, "dvar": 1.13054838948e-05, "dvar2": 2.35048355535e-05, "max": 0.0708561241627, "mean": 0.00410595582798, "median": 0.00196488481015, "min": 1.65718163635e-21, "var": 3.01224517898e-05}, "spectral_energyband_middle_low": {"dmean": 0.00478204712272, "dmean2": 0.00753733422607, "dvar": 4.90095662826e-05, "dvar2": 0.000117811301607, "max": 0.0722769498825, "mean": 0.00902269873768, "median": 0.00611832737923, "min": 4.42758924185e-22, "var": 8.94148688531e-05}, "spectral_entropy": {"dmean": 0.227280795574, "dmean2": 0.308701962233, "dvar": 0.0518666915596, "dvar2": 0.0876143947244, "max": 9.8004322052, "mean": 7.56162548065, "median": 7.52972221375, "min": 5.79340457916, "var": 0.228050872684}, "spectral_flux": {"dmean": 0.0388766862452, "dmean2": 0.0642133504152, "dvar": 0.00237822649069, "dvar2": 0.00603465316817, "max": 0.385093152523, "mean": 0.103760309517, "median": 0.087508700788, "min": 1.03039569932e-10, "var": 0.00578134087846}, "spectral_kurtosis": {"dmean": 1.90796530247, "dmean2": 3.08340764046, "dvar": 3.71890902519, "dvar2": 9.9047088623, "max": 24.8362007141, "mean": 4.51877498627, "median": 4.04289627075, "min": -1.18187189102, "var": 8.34440898895}, "spectral_rms": {"dmean": 0.0013149267761, "dmean2": 0.00215888791718, "dvar": 3.06103765979e-06, "dvar2": 8.34808452055e-06, "max": 0.0151174776256, "mean": 0.00589081645012, "median": 0.00585359428078, "min": 3.21841533459e-12, "var": 9.9776625575e-06}, "spectral_rolloff": {"dmean": 817.254577637, "dmean2": 1344.26464844, "dvar": 3013976.75, "dvar2": 6591587.5, "max": 18733.8867188, "mean": 1611.6817627, "median": 538.330078125, "min": 43.06640625, "var": 5787398.5}, "spectral_skewness": {"dmean": 0.325353235006, "dmean2": 0.477302968502, "dvar": 0.0841725096107, "dvar2": 0.176366090775, "max": 4.0860118866, "mean": 1.35717463493, "median": 1.32012057304, "min": -0.373486071825, "var": 0.320719718933}, "spectral_spread": {"dmean": 1023562.0625, "dmean2": 1346357.125, "dvar": 1447412760580.0, "dvar2": 2287315451900.0, "max": 39846128, "mean": 4703709, "median": 4039504, "min": 1221840.125, "var": 4075593662460.0}, "spectral_strongpeak": {"dmean": 0.31911996007, "dmean2": 0.544728040695, "dvar": 0.490884572268, "dvar2": 1.30319964886, "max": 11.5877361298, "mean": 0.603490412235, "median": 0.439186125994, "min": 0, "var": 0.613337695599}, "zerocrossingrate": {"dmean": 0.0188804063946, "dmean2": 0.0209159459919, "dvar": 0.000528825097717, "dvar2": 0.000611271068919, "max": 0.50439453125, "mean": 0.0604360476136, "median": 0.04443359375, "min": 0.00146484375, "var": 0.00308572757058}, "barkbands": {"dmean": [0.000910878181458, 0.0175405442715, 0.00159432413056, 0.00154666113667, 0.00153314648196, 0.00170528062154, 0.00079965085024, 0.000617474608589, 0.000521337962709, 0.000377932941774, 0.000377190794097, 0.000310209492454, 0.000168691127328, 0.000167589882039, 0.000261551176663, 0.000329523609253, 0.000393842550693, 0.000222869581194, 0.000271603435976, 0.000420474243583, 0.000192016013898, 0.000229693439906, 0.000152515654918, 0.000113586611405, 9.56940712058e-05, 8.43250600155e-05, 8.57531049405e-05], "dmean2": [0.00160762213636, 0.0308717191219, 0.00291927321814, 0.00263652252033, 0.00246128649451, 0.00269444449805, 0.00130178406835, 0.001019296702, 0.000828488671687, 0.00058150687255, 0.000589304545429, 0.00049201445654, 0.000265922310064, 0.000273828627542, 0.000412043445976, 0.000529981974978, 0.000615121156443, 0.000351092341589, 0.000414402340539, 0.00062308908673, 0.000279021944152, 0.000324071123032, 0.00020118818793, 0.000149451749166, 0.000130957138026, 0.000125237973407, 0.000137695940793], "dvar": [2.46648301072e-06, 0.0011624165345, 2.04208299692e-05, 1.0051560821e-05, 8.55411599332e-06, 1.25996311908e-05, 3.1532426874e-06, 3.07077607431e-06, 2.43452450377e-06, 1.70920884557e-06, 2.97373139801e-06, 1.80213021395e-06, 2.67931966391e-07, 2.94169211656e-07, 4.92845629196e-07, 8.18890953269e-07, 6.04085528266e-07, 2.12196468397e-07, 3.92632642843e-07, 8.15462044557e-07, 1.55450123884e-07, 3.40036649504e-07, 1.33264066449e-07, 8.3389181782e-08, 4.14176959396e-08, 2.15723883201e-08, 2.66782151925e-08], "dvar2": [7.87953285908e-06, 0.00342577486299, 5.97376820224e-05, 2.73015157291e-05, 1.98579200514e-05, 2.92171880574e-05, 7.58039550419e-06, 7.93026629253e-06, 5.98851011091e-06, 3.50366872226e-06, 7.07416938894e-06, 4.39010136688e-06, 6.17082321241e-07, 7.1285796821e-07, 1.12578607059e-06, 2.03546164812e-06, 1.40840938911e-06, 4.61153859987e-07, 8.75230568909e-07, 1.71411954852e-06, 3.13235460681e-07, 6.20199045898e-07, 2.24498165835e-07, 1.37085606866e-07, 7.65740111319e-08, 4.4029331292e-08, 6.01227085895e-08], "max": [0.0142021253705, 0.223290592432, 0.0358681231737, 0.0300985388458, 0.0385166965425, 0.056801520288, 0.0304690320045, 0.03579197824, 0.038719445467, 0.0432305298746, 0.0597015172243, 0.0501474961638, 0.010568340309, 0.0142874224111, 0.0243791993707, 0.0377204231918, 0.0151060763747, 0.00833844020963, 0.0206501726061, 0.0205969382077, 0.00688143912703, 0.0119456136599, 0.0082043716684, 0.00507111754268, 0.0037550535053, 0.00225828331895, 0.00079949980136], "mean": [0.002411426045, 0.0274227820337, 0.00136134168133, 0.00163564027753, 0.00216445908882, 0.00262242369354, 0.00104767864104, 0.000725786143448, 0.000686651561409, 0.000529193668626, 0.000448024424259, 0.000365589396097, 0.00022120893118, 0.000192626655917, 0.000330717652105, 0.000420299969846, 0.000576551072299, 0.000328910828102, 0.000426000129664, 0.000594882993028, 0.000251742079854, 0.000339465157595, 0.000228870354476, 0.000178097718162, 0.0001294126414, 8.87128917384e-05, 6.76969648339e-05], "median": [0.00149179412983, 0.0160103905946, 0.000227522003115, 0.000460725248558, 0.000911201001145, 0.000905164284632, 0.000411968969274, 0.000226482108701, 0.000132289351313, 9.02310857782e-05, 5.83360961173e-05, 4.99035959365e-05, 5.53990685148e-05, 3.80724195566e-05, 7.74985528551e-05, 0.000111297835247, 0.000204494936042, 0.00010944785754, 0.000156844747835, 0.000164840035723, 4.73367108498e-05, 2.55031063716e-05, 1.85282588063e-05, 1.67484122358e-05, 9.60667239269e-06, 4.53877828477e-06, 6.10751897057e-07], "min": [7.64015652125e-24, 2.28077732893e-24, 6.71518318886e-24, 7.5499757175e-25, 1.64723986217e-23, 6.76509757378e-23, 6.42827479317e-23, 9.04809448119e-23, 1.93793236051e-22, 6.35887775271e-23, 3.93561758982e-23, 9.6327161426e-23, 1.200535731e-22, 9.39148941976e-23, 2.33185390317e-22, 1.89210118275e-22, 2.24252809054e-22, 2.73198965028e-22, 2.12798170057e-22, 3.60355170358e-22, 4.98911431814e-22, 5.48990442536e-22, 7.95947173313e-22, 8.92526770229e-22, 1.2069778847e-21, 1.49395876723e-21, 2.17053687152e-21], "var": [6.59120951241e-06, 0.00157152046449, 1.42945700645e-05, 9.48624074226e-06, 1.15691382234e-05, 2.14858937397e-05, 3.88265607398e-06, 3.0960195545e-06, 3.48302046405e-06, 3.84054874303e-06, 3.94476319343e-06, 2.21361938202e-06, 3.95590546987e-07, 3.50520394932e-07, 6.75826754559e-07, 9.91471210909e-07, 1.02066496765e-06, 3.52469498921e-07, 6.5905470592e-07, 1.48271362832e-06, 2.65297387614e-07, 8.523797419e-07, 3.69744412865e-07, 2.27565124078e-07, 9.90984361238e-08, 3.45492630061e-08, 2.51212011193e-08]}, "erbbands": {"dmean": [0.658457458019, 3.58861851692, 2.23628258705, 3.29114198685, 5.77734851837, 4.01231765747, 12.6468334198, 12.0368175507, 7.76488447189, 16.1332988739, 11.8622398376, 12.5867729187, 8.90700912476, 12.404088974, 14.0820322037, 12.07929039, 7.9458026886, 7.2037820816, 11.2618932724, 15.6449728012, 18.2920436859, 20.0623054504, 13.6839323044, 10.2314033508, 17.9284000397, 19.7400932312, 9.51161289215, 7.51625013351, 9.03257751465, 5.98414850235, 4.22787475586, 2.63452363014, 1.91566967964, 1.10295844078, 0.709463000298, 0.318089187145, 0.166652202606, 0.0760457515717, 0.0183293074369, 0.000312356714858], "dmean2": [1.16882622242, 6.26305532455, 3.97364187241, 5.70695924759, 9.38875579834, 6.72664165497, 19.8650722504, 19.1400051117, 12.6215400696, 26.3115978241, 19.1434841156, 20.093460083, 13.3852348328, 19.0228672028, 21.5713863373, 18.7555999756, 12.2938423157, 11.4650592804, 17.7011470795, 24.7439174652, 28.90666008, 30.9306182861, 21.4449501038, 15.7682342529, 26.9325046539, 29.2706794739, 13.8792514801, 11.0764751434, 13.1215400696, 8.16429042816, 5.56206941605, 3.41597223282, 2.54439949989, 1.47344172001, 1.01230037212, 0.44404181838, 0.254859805107, 0.120181724429, 0.0294455569237, 0.000501731876284], "dvar": [1.62604010105, 51.3637542725, 34.8743972778, 45.863067627, 180.163879395, 61.8743972778, 653.105651855, 886.585998535, 256.737548828, 1733.36425781, 982.706787109, 1398.18457031, 858.045898438, 2011.37451172, 3445.20898438, 2698.14111328, 551.866210938, 501.935821533, 882.275024414, 1722.8626709, 2091.08227539, 1269.83581543, 786.854431152, 438.099487305, 1764.30249023, 1926.77514648, 331.530639648, 292.815551758, 511.742126465, 208.608123779, 111.261009216, 42.3635063171, 27.8884754181, 6.26040458679, 2.33595752716, 0.439420729876, 0.0836506336927, 0.0175245944411, 0.00122594810091, 3.07822006107e-07], "dvar2": [4.99196863174, 152.348007202, 97.9272537231, 132.040100098, 386.451324463, 168.317367554, 1542.01782227, 2013.28894043, 620.156860352, 4185.73681641, 2485.40917969, 3403.95703125, 1905.08093262, 4019.56201172, 7921.66503906, 6670.00830078, 1244.01464844, 1239.09765625, 1952.77539062, 4102.69140625, 5030.34814453, 2912.61279297, 1723.7824707, 962.767578125, 4000.65161133, 4049.96606445, 658.21472168, 575.809143066, 1002.06317139, 374.03894043, 193.541473389, 66.8289260864, 50.6046295166, 11.0567770004, 4.66262292862, 0.788634598255, 0.182078167796, 0.0394276455045, 0.00277740857564, 7.00554892319e-07], "max": [8.12661552429, 44.6839332581, 46.9327392578, 58.3447875977, 129.076080322, 103.272583008, 379.117584229, 593.368408203, 277.165802002, 1054.5760498, 487.2628479, 953.124450684, 752.853027344, 1322.02954102, 2024.74316406, 2103.70288086, 550.367248535, 748.960632324, 898.782592773, 1644.92358398, 1583.82006836, 531.913696289, 475.850341797, 525.277160645, 1572.67480469, 977.947021484, 432.741455078, 305.388397217, 465.497528076, 268.625366211, 223.645233154, 122.093139648, 122.780883789, 53.944934845, 32.0506591797, 15.2527999878, 4.03854465485, 0.835683822632, 0.17025628686, 0.0026257566642], "mean": [1.15819513798, 4.62985277176, 2.64693880081, 3.60930323601, 6.78157711029, 5.77041959763, 20.0595684052, 17.7105522156, 11.247220993, 20.020860672, 15.9314241409, 16.9154453278, 13.452747345, 17.4189872742, 17.9859161377, 15.3123397827, 11.0628614426, 8.94210529327, 13.6227531433, 21.3603153229, 25.3536014557, 29.948633194, 20.9758377075, 16.4831924438, 26.822769165, 28.0507793427, 13.5188970566, 10.2279605865, 12.7071094513, 8.62996482849, 6.38940572739, 4.0910615921, 2.92567873001, 1.56623029709, 0.889752089977, 0.395659059286, 0.160608008504, 0.0624673850834, 0.0143985245377, 0.000289645104203], "median": [0.754060208797, 1.17074847221, 0.447680920362, 1.32188546658, 1.70580041409, 2.83643198013, 8.16687965393, 4.97131919861, 4.52762556076, 7.72139167786, 4.75654411316, 3.84777474403, 2.1863732338, 2.97684764862, 2.54742121696, 2.66899323463, 2.94016575813, 1.99501729012, 3.02891898155, 6.11486005783, 6.95953989029, 10.2239751816, 7.87208223343, 7.09284877777, 8.79898643494, 7.66309738159, 3.82896113396, 1.52205896378, 0.942926585674, 0.568809449673, 0.506394088268, 0.369950026274, 0.260243862867, 0.119754485786, 0.0589426793158, 0.0228398889303, 0.00721294479445, 0.0015973134432, 0.000153770743054, 6.35136166238e-05], "min": [1.08433058743e-22, 7.96598204441e-22, 6.93216531307e-21, 4.13838056563e-21, 3.16032915638e-20, 6.20545402541e-20, 2.26980893325e-19, 6.51171053862e-19, 7.82831065517e-19, 1.40153491845e-18, 2.0144350137e-18, 5.02951206877e-18, 2.5838783483e-18, 1.85017328087e-18, 1.88454098096e-18, 4.6158787491e-18, 5.70960507916e-18, 4.76771312721e-18, 9.47612650349e-18, 1.08584263708e-17, 1.04161535767e-17, 1.36136607664e-17, 1.36209432645e-17, 1.16391641006e-17, 1.25289821379e-17, 1.52307674311e-17, 2.12768571757e-17, 1.95878850594e-17, 1.81910400483e-17, 2.49402779813e-17, 2.12521277841e-17, 1.52380267682e-17, 1.60126946467e-17, 9.70163330926e-18, 1.04613176382e-17, 5.67355820243e-18, 2.87611422768e-18, 1.13101221995e-18, 3.61409659436e-19, 2.80695856805e-20], "var": [2.09765601158, 64.1476745605, 32.8321151733, 41.7074890137, 215.217178345, 73.1026382446, 1160.61645508, 1352.83422852, 361.111236572, 1921.54724121, 1284.81176758, 2019.01916504, 1805.51269531, 4062.61206055, 5023.74072266, 3339.77587891, 890.744262695, 611.027954102, 1227.44702148, 2335.60668945, 2926.484375, 2372.97436523, 1323.86279297, 792.482177734, 2757.23291016, 3489.38183594, 622.853942871, 524.131774902, 1168.32019043, 539.534790039, 299.012756348, 117.199981689, 69.3534393311, 16.5045719147, 4.61395740509, 0.949670016766, 0.109026864171, 0.0172996092588, 0.00114384922199, 2.97956034956e-07]}, "gfcc": {"mean": [-28.5156078339, 79.9289093018, -104.740180969, 40.945400238, -46.0601882935, -8.35022544861, -31.2748718262, 11.3099012375, -17.7477378845, 5.18379735947, -8.43936729431, 3.55079627037, -4.79921674728], "cov": [[16095.4492188, -1323.79675293, 643.538757324, 457.778198242, -137.386001587, 1002.90612793, -116.756195068, 373.527404785, 42.4745445251, 150.82585144, -196.737258911, 97.4440536499, -186.647857666], [-1323.79675293, 2409.18554688, -638.091796875, 97.0934753418, 347.828216553, -234.911712646, 413.564117432, 50.6992416382, 187.15435791, -67.598526001, 350.57824707, -99.9954528809, 261.157409668], [643.538757324, -638.091796875, 1739.55761719, 181.683120728, 431.580078125, 593.973571777, 250.753356934, 289.494842529, 185.177017212, 209.854095459, 78.3153076172, 218.669021606, -37.4760169983], [457.778198242, 97.0934753418, 181.683120728, 879.196960449, 171.680862427, 207.053344727, 105.583938599, 103.435630798, 191.696899414, 143.38899231, 73.8544387817, 65.3227233887, 112.840332031], [-137.386001587, 347.828216553, 431.580078125, 171.680862427, 694.156555176, 94.9753723145, 357.497192383, 160.136917114, 243.737121582, 144.992416382, 153.066146851, 91.2560348511, 98.3660583496], [1002.90612793, -234.911712646, 593.973571777, 207.053344727, 94.9753723145, 687.046081543, 186.752914429, 224.170043945, 125.385421753, 98.5718917847, 72.710144043, 85.3825454712, 1.58821332455], [-116.756195068, 413.564117432, 250.753356934, 105.583938599, 357.497192383, 186.752914429, 504.921600342, 175.739883423, 189.754501343, 90.919052124, 157.421295166, 90.5159683228, 97.3886032104], [373.527404785, 50.6992416382, 289.494842529, 103.435630798, 160.136917114, 224.170043945, 175.739883423, 246.067214966, 138.713668823, 93.6952819824, 82.3487854004, 63.8224525452, 56.8551521301], [42.4745445251, 187.15435791, 185.177017212, 191.696899414, 243.737121582, 125.385421753, 189.754501343, 138.713668823, 261.509155273, 124.906219482, 117.416046143, 60.1102981567, 81.917640686], [150.82585144, -67.598526001, 209.854095459, 143.38899231, 144.992416382, 98.5718917847, 90.919052124, 93.6952819824, 124.906219482, 197.538619995, 90.011428833, 76.2105102539, 37.8188591003], [-196.737258911, 350.57824707, 78.3153076172, 73.8544387817, 153.066146851, 72.710144043, 157.421295166, 82.3487854004, 117.416046143, 90.011428833, 209.797454834, 63.0646514893, 85.9097290039], [97.4440536499, -99.9954528809, 218.669021606, 65.3227233887, 91.2560348511, 85.3825454712, 90.5159683228, 63.8224525452, 60.1102981567, 76.2105102539, 63.0646514893, 141.462020874, 40.6649131775], [-186.647857666, 261.157409668, -37.4760169983, 112.840332031, 98.3660583496, 1.58821332455, 97.3886032104, 56.8551521301, 81.917640686, 37.8188591003, 85.9097290039, 40.6649131775, 128.566970825]], "icov": [[7.44373028283e-05, 1.19337964861e-05, 3.93103218812e-05, -3.02402149828e-05, -2.08674373425e-05, -0.000103903796116, 4.81847891933e-05, -0.000117293442599, 2.48944706982e-05, -2.08617911994e-05, 7.18977171346e-05, -5.56175509701e-05, 0.000114266302262], [1.19337964861e-05, 0.00110287731513, 0.000246117007919, -0.000110597691673, -0.000257082923781, 0.000280399806798, -0.000577206956223, -8.16382598714e-05, -3.28659007209e-05, 0.001022975659, -0.00179025484249, 0.00136533938348, -0.000903128762729], [3.93103218812e-05, 0.000246117007919, 0.00133595720399, -1.56599180627e-05, -0.000843226502184, -0.000751480518375, 0.000189137659618, -0.000601813371759, 0.000187226221897, -1.5490779333e-05, -8.86418783921e-05, -0.00108979793731, 0.00102678395342], [-3.02402149828e-05, -0.000110597691673, -1.56599180627e-05, 0.00163690384943, -5.94085176999e-05, -0.000540435896255, 0.000274429970887, 0.00057317817118, -0.000784540490713, -0.000856093422044, 0.000781728711445, 1.57856982241e-06, -0.0014408598654], [-2.08674373425e-05, -0.000257082923781, -0.000843226502184, -5.94085176999e-05, 0.00331273116171, 0.00086411787197, -0.00149836833589, 0.000218403045437, -0.00145627127495, -0.000644637970254, 0.000190795020899, 0.000339920807164, -0.000326048873831], [-0.000103903796116, 0.000280399806798, -0.000751480518375, -0.000540435896255, 0.00086411787197, 0.00318594975397, -0.000908259069547, -0.00167720450554, -0.000211409613257, 0.000639196136035, -0.00114090065472, 0.000564075889997, 0.00079469406046], [4.81847891933e-05, -0.000577206956223, 0.000189137659618, 0.000274429970887, -0.00149836833589, -0.000908259069547, 0.0045738723129, -0.00111229310278, -0.00062577315839, 0.000428139173891, -0.000116791168693, -0.00172242184635, 0.000137128619826], [-0.000117293442599, -8.16382598714e-05, -0.000601813371759, 0.00057317817118, 0.000218403045437, -0.00167720450554, -0.00111229310278, 0.00893814768642, -0.00210899440572, -0.0013012731215, 0.000520633533597, 0.000374526338419, -0.00267921970226], [2.48944706982e-05, -3.28659007209e-05, 0.000187226221897, -0.000784540490713, -0.00145627127495, -0.000211409613257, -0.00062577315839, -0.00210899440572, 0.00927706342191, -0.00263592042029, -0.00103522185236, 0.000769789563492, -0.00131781608798], [-2.08617911994e-05, 0.001022975659, -1.5490779333e-05, -0.000856093422044, -0.000644637970254, 0.000639196136035, 0.000428139173891, -0.0013012731215, -0.00263592042029, 0.0105331353843, -0.00401727017015, -0.00159258442, 0.00114427134395], [7.18977171346e-05, -0.00179025484249, -8.86418783921e-05, 0.000781728711445, 0.000190795020899, -0.00114090065472, -0.000116791168693, 0.000520633533597, -0.00103522185236, -0.00401727017015, 0.0119586596265, -0.00317352358252, -0.00239050155506], [-5.56175509701e-05, 0.00136533938348, -0.00108979793731, 1.57856982241e-06, 0.000339920807164, 0.000564075889997, -0.00172242184635, 0.000374526338419, 0.000769789563492, -0.00159258442, -0.00317352358252, 0.0133471628651, -0.00442419340834], [0.000114266302262, -0.000903128762729, 0.00102678395342, -0.0014408598654, -0.000326048873831, 0.00079469406046, 0.000137128619826, -0.00267921970226, -0.00131781608798, 0.00114427134395, -0.00239050155506, -0.00442419340834, 0.0161627046764]]}, "melbands": {"dmean": [0.00535607524216, 0.00217587011866, 0.000676688330714, 0.000331940915203, 0.000367141416064, 0.000277845480014, 0.000133267516503, 0.000169838880538, 9.92387576844e-05, 7.27994629415e-05, 4.60107585241e-05, 5.16722684551e-05, 5.22273257957e-05, 3.77277538064e-05, 2.55211798503e-05, 1.39932735692e-05, 1.41626105687e-05, 1.82530438906e-05, 1.97013559955e-05, 2.41443121922e-05, 2.20733636525e-05, 2.19878602365e-05, 1.90114878933e-05, 9.79075593932e-06, 8.34229649627e-06, 1.1847812857e-05, 1.60367890203e-05, 1.31027882162e-05, 6.74905459164e-06, 4.21777122028e-06, 4.67243398816e-06, 5.55987935513e-06, 4.3203954192e-06, 3.02196735902e-06, 2.34386652664e-06, 2.44989701059e-06, 1.3783542272e-06, 1.39227392992e-06, 1.16145963602e-06, 9.17551460589e-07], "dmean2": [0.00944443233311, 0.00382177904248, 0.00114098016638, 0.000543960602954, 0.000577448226977, 0.000440551724751, 0.000216821033973, 0.000277417217148, 0.000160132723977, 0.000116323040857, 6.98519870639e-05, 7.98979235697e-05, 8.16474930616e-05, 5.93794684391e-05, 3.98803967983e-05, 2.1892001314e-05, 2.30825153267e-05, 2.91910728265e-05, 3.10914219881e-05, 3.86805659218e-05, 3.5093009501e-05, 3.44803629559e-05, 2.97666683764e-05, 1.5706569684e-05, 1.32201848828e-05, 1.82384883374e-05, 2.43868398684e-05, 1.95951997739e-05, 1.00438574009e-05, 6.23755158813e-06, 6.99078464095e-06, 8.32760724734e-06, 6.09314292888e-06, 4.22861421612e-06, 3.20006938637e-06, 3.28046121467e-06, 1.86281863535e-06, 1.89876891454e-06, 1.53173164108e-06, 1.28793715248e-06], "dvar": [0.000108165288111, 2.04509669857e-05, 1.98333395929e-06, 5.46324315565e-07, 5.07459560595e-07, 4.10201778323e-07, 7.81343132417e-08, 1.97438339455e-07, 7.35493443926e-08, 4.7254491875e-08, 2.45227180784e-08, 3.54317002405e-08, 5.75201575259e-08, 3.09201979576e-08, 8.33945712486e-09, 1.74479419801e-09, 1.99133487477e-09, 2.73107270132e-09, 3.45819817227e-09, 4.62967353343e-09, 3.25038040927e-09, 1.84228909905e-09, 1.1541221312e-09, 3.87881560204e-10, 3.10140219062e-10, 8.54351589474e-10, 1.43807510344e-09, 8.98013718942e-10, 1.74967984545e-10, 8.45122444249e-11, 1.33023050908e-10, 2.0518377275e-10, 1.29599636578e-10, 5.31757728128e-11, 3.58116869492e-11, 4.44811514011e-11, 1.20543661858e-11, 1.46162543874e-11, 1.24353548292e-11, 3.82615120142e-12], "dvar2": [0.000320277613355, 5.96735080762e-05, 5.2480290833e-06, 1.28246188069e-06, 1.19038440971e-06, 9.34823958687e-07, 1.89288428487e-07, 4.81984272938e-07, 1.81108845254e-07, 1.14351855984e-07, 5.4621317247e-08, 6.9420877935e-08, 1.36938382411e-07, 7.7005068988e-08, 1.9840232568e-08, 4.00771416054e-09, 4.97185270731e-09, 6.26343776844e-09, 8.13831135815e-09, 1.16370610925e-08, 7.77283304387e-09, 4.30235891358e-09, 2.54611021155e-09, 8.72591776613e-10, 7.05773273157e-10, 1.94491001082e-09, 3.27833293845e-09, 1.89599469458e-09, 3.56337570562e-10, 1.76583594969e-10, 2.73529338068e-10, 4.21706142228e-10, 2.50522436129e-10, 1.00293578997e-10, 6.77092132362e-11, 7.65461999341e-11, 2.13396279813e-11, 2.82470418583e-11, 2.23073278599e-11, 7.4885948137e-12], "max": [0.0681763887405, 0.0316638536751, 0.011132129468, 0.00819328986108, 0.010059508495, 0.0117312343791, 0.0050950050354, 0.0110819991678, 0.00548105221242, 0.00580369355157, 0.00403464632109, 0.00589721882716, 0.00921219773591, 0.00712497672066, 0.00267632235773, 0.000928539084271, 0.00133006006945, 0.00181443057954, 0.00206589815207, 0.00293828640133, 0.00145986757707, 0.000751413113903, 0.000541742658243, 0.000351149530616, 0.000447138969321, 0.000968264357653, 0.00103091995697, 0.000613732438069, 0.00040413197712, 0.000210469646845, 0.000221880996833, 0.000318754609907, 0.000244150229264, 0.00013318764104, 0.000148423365317, 0.00013200493413, 7.09392843419e-05, 9.66884545051e-05, 9.53308190219e-05, 3.85286803066e-05], "mean": [0.00890324357897, 0.00297104916535, 0.00074427499203, 0.000431658641901, 0.000604553963058, 0.000416448281612, 0.000182681484148, 0.000207489007153, 0.000134844900458, 9.59391982178e-05, 6.65697516524e-05, 7.12834153092e-05, 6.34485768387e-05, 4.46668309451e-05, 3.29027643602e-05, 1.80405568244e-05, 1.64376051544e-05, 2.06919903576e-05, 2.49548575084e-05, 3.13745404128e-05, 2.95868048852e-05, 3.10560426442e-05, 2.76362261502e-05, 1.40985139296e-05, 1.25156402646e-05, 1.73914922925e-05, 2.15873587877e-05, 1.81009909284e-05, 9.40669724514e-06, 5.31818886884e-06, 6.15802537141e-06, 7.45853594708e-06, 6.1519758674e-06, 4.13967609347e-06, 3.40868518833e-06, 3.65318783224e-06, 2.04323464459e-06, 2.05883111448e-06, 1.75695640792e-06, 1.19037997592e-06], "median": [0.00589856877923, 0.000502081995364, 0.000231959944358, 0.000154140143422, 0.000268870557193, 0.000123012796394, 7.09149462637e-05, 8.02579743322e-05, 3.77523101633e-05, 1.99337373488e-05, 9.36613378144e-06, 1.14548865895e-05, 8.65862330102e-06, 5.77646596867e-06, 7.37820028007e-06, 4.51954292657e-06, 3.2912100778e-06, 4.13294492319e-06, 5.78143544772e-06, 8.92780008144e-06, 7.56963027015e-06, 9.12447103474e-06, 1.06001871245e-05, 5.07516324433e-06, 5.21217134519e-06, 5.44350041309e-06, 6.21618346486e-06, 4.49313301942e-06, 2.49822255682e-06, 9.35789785217e-07, 7.55960400056e-07, 5.45158627574e-07, 3.00307704038e-07, 2.85136394496e-07, 2.79111873169e-07, 2.32240367382e-07, 2.08720408068e-07, 1.93817868421e-07, 1.17706619562e-07, 8.4027121261e-08], "min": [1.83919271571e-24, 2.53927560908e-24, 1.40539208886e-24, 3.46478871955e-24, 7.2332486557e-24, 1.51948904505e-23, 1.15868773283e-23, 1.70327912093e-23, 1.81612362238e-23, 3.13344954776e-23, 1.25347938913e-23, 7.90093184841e-24, 5.68143816498e-24, 1.04806426926e-23, 1.42004523934e-23, 9.35728740858e-24, 8.69918808701e-24, 1.21362029862e-23, 2.0603443879e-23, 8.82738271728e-24, 1.31166442843e-23, 1.33138531997e-23, 1.3751819308e-23, 1.18982123286e-23, 8.89672753515e-24, 9.57648582174e-24, 8.04005456879e-24, 1.07049190034e-23, 1.41148972728e-23, 1.36622741289e-23, 9.93970893694e-24, 9.13994281856e-24, 1.26409682582e-23, 1.56746961635e-23, 1.41612901826e-23, 8.30284306899e-24, 9.96163217035e-24, 1.10442554103e-23, 1.11740056743e-23, 6.70538632528e-24], "var": [0.000144646852277, 2.72527086054e-05, 1.95564371097e-06, 6.40650114292e-07, 9.32219279548e-07, 6.59735803765e-07, 1.03363184678e-07, 2.12525591792e-07, 1.01856073798e-07, 6.77035529861e-08, 5.06535222655e-08, 7.4832477992e-08, 7.6766845325e-08, 3.54674796199e-08, 1.19202878679e-08, 2.35419039818e-09, 2.29647456607e-09, 3.47903639231e-09, 4.3743497713e-09, 5.47654144256e-09, 4.59086768601e-09, 3.090793399e-09, 2.10876027751e-09, 6.12520201226e-10, 5.17034970393e-10, 1.32651489793e-09, 2.12649409193e-09, 1.58948654239e-09, 3.13989001466e-10, 1.33737618202e-10, 2.22331236754e-10, 4.22868573491e-10, 3.06532049743e-10, 1.25367216608e-10, 8.67102709079e-11, 1.13170840754e-10, 2.84389560512e-11, 3.3304223962e-11, 3.10707327922e-11, 8.43919812504e-12]}, "mfcc": {"mean": [-673.460876465, 112.845321655, -0.584412455559, 45.2356338501, 6.42441177368, -6.1637096405, -1.18516945839, 0.281509459019, -0.396048396826, 2.4870493412, -3.86629223824, 5.48173761368, 5.21252298355], "cov": [[10293.7167969, -721.97869873, 415.077514648, -38.8462181091, 170.439056396, 398.140411377, 24.908914566, 318.245513916, 126.976554871, 299.840759277, -37.8625030518, -24.5409851074, 135.148040771], [-721.97869873, 2060.73706055, -498.087799072, 176.710281372, 1.24346530437, -140.466430664, 274.804321289, 97.5165557861, 52.6774215698, 115.146392822, 8.87553405762, 165.448318481, 81.4315032959], [415.077514648, -498.087799072, 1211.57348633, -40.227306366, 295.295349121, 364.615966797, 177.736282349, 275.741333008, 118.129585266, 147.450241089, 189.506729126, 39.9963340759, 122.708724976], [-38.8462181091, 176.710281372, -40.227306366, 732.532287598, 198.635772705, 120.543113708, 63.1898918152, 23.2635803223, 161.626251221, 25.678276062, 136.497787476, 95.796875, 95.8422470093], [170.439056396, 1.24346530437, 295.295349121, 198.635772705, 404.48550415, 199.710510254, 101.077308655, 116.081176758, 123.059768677, 142.110229492, 117.458755493, 70.4205169678, 105.37361908], [398.140411377, -140.466430664, 364.615966797, 120.543113708, 199.710510254, 386.218261719, 179.318603516, 187.851455688, 147.809249878, 109.055046082, 173.497833252, 88.4329376221, 68.7883529663], [24.908914566, 274.804321289, 177.736282349, 63.1898918152, 101.077308655, 179.318603516, 322.731750488, 201.126815796, 138.284500122, 108.311485291, 110.015777588, 125.648666382, 74.0154876709], [318.245513916, 97.5165557861, 275.741333008, 23.2635803223, 116.081176758, 187.851455688, 201.126815796, 293.233001709, 151.436218262, 118.585426331, 101.335144043, 81.5853042603, 72.0287017822], [126.976554871, 52.6774215698, 118.129585266, 161.626251221, 123.059768677, 147.809249878, 138.284500122, 151.436218262, 243.827545166, 101.455085754, 128.955871582, 88.0901031494, 44.1716575623], [299.840759277, 115.146392822, 147.450241089, 25.678276062, 142.110229492, 109.055046082, 108.311485291, 118.585426331, 101.455085754, 220.926116943, 82.5956573486, 81.7326583862, 75.9213867188], [-37.8625030518, 8.87553405762, 189.506729126, 136.497787476, 117.458755493, 173.497833252, 110.015777588, 101.335144043, 128.955871582, 82.5956573486, 217.765380859, 96.4022979736, 55.865852356], [-24.5409851074, 165.448318481, 39.9963340759, 95.796875, 70.4205169678, 88.4329376221, 125.648666382, 81.5853042603, 88.0901031494, 81.7326583862, 96.4022979736, 170.451660156, 84.859336853], [135.148040771, 81.4315032959, 122.708724976, 95.8422470093, 105.37361908, 68.7883529663, 74.0154876709, 72.0287017822, 44.1716575623, 75.9213867188, 55.865852356, 84.859336853, 170.629135132]], "icov": [[0.000115369039122, 3.86961764889e-05, 2.71240514849e-05, -2.08712717722e-05, 6.05229470239e-05, -0.000165654855664, 9.61815676419e-05, -0.000130902408273, 3.66509857486e-06, -0.00019224708376, 0.000182676420081, 6.50297733955e-05, -8.22460569907e-05], [3.86961764889e-05, 0.00082851893967, 0.000414060457842, -0.000198578898562, -0.000126607963466, 0.000650084926747, -0.000917408964597, -0.000414420414018, 0.000465303019155, -0.000406052044127, -9.26997236093e-05, -0.000161864285474, -5.22130430909e-05], [2.71240514849e-05, 0.000414060457842, 0.00172599148937, 0.000325424829498, -0.00069194927346, -0.000491909042466, -0.000352265371475, -0.00106669962406, 0.000641570601147, -6.57275959384e-05, -0.000826597737614, 0.00084074086044, -0.000698739488143], [-2.08712717722e-05, -0.000198578898562, 0.000325424829498, 0.00224993750453, -0.000952093745582, -0.000348275585566, 0.00026929876185, 0.000810402212664, -0.00147336244117, 0.00117744854651, -0.000695627590176, -7.9135526903e-05, -0.000992429093458], [6.05229470239e-05, -0.000126607963466, -0.00069194927346, -0.000952093745582, 0.0048407362774, -0.00144399504643, 0.000471743027447, 0.000469149847049, -0.000541418325156, -0.00206997920759, 0.000428669940447, 0.000606407586019, -0.00114582641982], [-0.000165654855664, 0.000650084926747, -0.000491909042466, -0.000348275585566, -0.00144399504643, 0.0069799865596, -0.00207964307629, -0.0014387316769, 0.000332202966092, 0.000255175255006, -0.00287588289939, -0.000216165295569, 0.000807157659438], [9.61815676419e-05, -0.000917408964597, -0.000352265371475, 0.00026929876185, 0.000471743027447, -0.00207964307629, 0.0080385170877, -0.00283770589158, -0.00101346778683, 7.19020463293e-05, 0.00062165199779, -0.00277370330878, 0.000128018378746], [-0.000130902408273, -0.000414420414018, -0.00106669962406, 0.000810402212664, 0.000469149847049, -0.0014387316769, -0.00283770589158, 0.00922158174217, -0.00351490918547, -0.000674674636684, 0.000781235285103, 0.000674120034091, -0.00113907782361], [3.66509857486e-06, 0.000465303019155, 0.000641570601147, -0.00147336244117, -0.000541418325156, 0.000332202966092, -0.00101346778683, -0.00351490918547, 0.00952892471105, -0.00164946040604, -0.0025735408999, -0.000871066644322, 0.00180799525697], [-0.00019224708376, -0.000406052044127, -6.57275959384e-05, 0.00117744854651, -0.00206997920759, 0.000255175255006, 7.19020463293e-05, -0.000674674636684, -0.00164946040604, 0.00843136757612, -0.000784670119174, -0.00144152273424, -0.00118967553135], [0.000182676420081, -9.26997236093e-05, -0.000826597737614, -0.000695627590176, 0.000428669940447, -0.00287588289939, 0.00062165199779, 0.000781235285103, -0.0025735408999, -0.000784670119174, 0.0102636460215, -0.00310275703669, 0.000377992284484], [6.50297733955e-05, -0.000161864285474, 0.00084074086044, -7.9135526903e-05, 0.000606407586019, -0.000216165295569, -0.00277370330878, 0.000674120034091, -0.000871066644322, -0.00144152273424, -0.00310275703669, 0.0124596757814, -0.00421698810533], [-8.22460569907e-05, -5.22130430909e-05, -0.000698739488143, -0.000992429093458, -0.00114582641982, 0.000807157659438, 0.000128018378746, -0.00113907782361, 0.00180799525697, -0.00118967553135, 0.000377992284484, -0.00421698810533, 0.00985298678279]]}, "spectral_contrast_coeffs": {"dmean": [0.0491619706154, 0.0505137443542, 0.0414903610945, 0.0359632521868, 0.0294515304267, 0.0302591174841], "dmean2": [0.0801556706429, 0.0811116173863, 0.0659289434552, 0.0572429597378, 0.046188917011, 0.0434310436249], "dvar": [0.00193336245138, 0.00183404178824, 0.00115654547699, 0.000935862888582, 0.000626150693279, 0.000872991222423], "dvar2": [0.00462154531851, 0.00467046257108, 0.00276388390921, 0.00223146169446, 0.00142790121026, 0.00149453885388], "max": [-0.268254190683, -0.427517324686, -0.475654959679, -0.543186128139, -0.545972764492, -0.46198952198], "mean": [-0.635048508644, -0.708697021008, -0.779334247112, -0.773588180542, -0.772983908653, -0.762136399746], "median": [-0.664927184582, -0.7123721838, -0.787320375443, -0.780545949936, -0.777545034885, -0.773169994354], "min": [-0.95857489109, -0.971571862698, -0.957756876945, -0.955017387867, -0.957000792027, -0.960015773773], "var": [0.0139353154227, 0.00615194020793, 0.00447559403256, 0.00348789431155, 0.00228351005353, 0.00393335102126]}, "spectral_contrast_valleys": {"dmean": [0.437444061041, 0.402730941772, 0.443801730871, 0.422316759825, 0.393105894327, 0.539209187031], "dmean2": [0.683690428734, 0.637174963951, 0.665577113628, 0.606210529804, 0.538995862007, 0.659362137318], "dvar": [0.282167851925, 0.161294445395, 0.204182639718, 0.205402389169, 0.196988686919, 0.357507109642], "dvar2": [0.482878774405, 0.332813233137, 0.365382581949, 0.362523436546, 0.307594060898, 0.483504384756], "max": [-4.97728967667, -4.816385746, -5.2227025032, -5.54263448715, -5.42175531387, -7.399933815], "mean": [-7.81828069687, 