{"lowlevel": {"average_loudness": 0.948202729225, "barkbands_crest": {"dmean": 3.19810843468, "dmean2": 5.37924385071, "dvar": 7.84732246399, "dvar2": 21.5293712616, "max": 25.0674991608, "mean": 11.9626712799, "median": 11.3707809448, "min": 3.38296794891, "var": 19.6017093658}, "barkbands_flatness_db": {"dmean": 0.0252459254116, "dmean2": 0.0409954935312, "dvar": 0.00061945169, "dvar2": 0.00148181209806, "max": 0.51170873642, "mean": 0.190027266741, "median": 0.165157169104, "min": 0.0412205532193, "var": 0.00831217970699}, "barkbands_kurtosis": {"dmean": 4.12284564972, "dmean2": 6.81555128098, "dvar": 59.2890014648, "dvar2": 150.693695068, "max": 244.378860474, "mean": 7.14788770676, "median": 4.1292552948, "min": -1.93518543243, "var": 131.807556152}, "barkbands_skewness": {"dmean": 0.62731730938, "dmean2": 1.01175522804, "dvar": 0.451291263103, "dvar2": 1.11687791348, "max": 13.71530056, "mean": 1.98384308815, "median": 1.85190606117, "min": -2.45720005035, "var": 1.62680530548}, "barkbands_spread": {"dmean": 4.58332204819, "dmean2": 7.17594575882, "dvar": 44.3673095703, "dvar2": 88.7409362793, "max": 104.425811768, "mean": 16.5006713867, "median": 13.402967453, "min": 0.318133383989, "var": 198.695739746}, "dissonance": {"dmean": 0.0214852187783, "dmean2": 0.0361859686673, "dvar": 0.000434925488662, "dvar2": 0.0012092993129, "max": 0.500000059605, "mean": 0.45318967104, "median": 0.462048321962, "min": 0.210433632135, "var": 0.00134387053549}, "dynamic_complexity": 2.71361494064, "erbbands_crest": {"dmean": 2.24384832382, "dmean2": 3.67670512199, "dvar": 4.23105287552, "dvar2": 11.2716302872, "max": 30.1075687408, "mean": 8.74766254425, "median": 7.97822189331, "min": 2.62199306488, "var": 13.7129430771}, "erbbands_flatness_db": {"dmean": 0.0182609669864, "dmean2": 0.026884984225, "dvar": 0.000402713136282, "dvar2": 0.000790500256699, "max": 0.469831824303, "mean": 0.183032095432, "median": 0.16172529757, "min": 0.0514306984842, "var": 0.00671135447919}, "erbbands_kurtosis": {"dmean": 0.793848097324, "dmean2": 1.2585324049, "dvar": 1.19649732113, "dvar2": 2.74675965309, "max": 37.3698272705, "mean": 0.417143285275, "median": -0.11879336834, "min": -1.80054497719, "var": 5.64908075333}, "erbbands_skewness": {"dmean": 0.331072121859, "dmean2": 0.513152182102, "dvar": 0.09472027421, "dvar2": 0.208873257041, "max": 5.24460697174, "mean": 0.432797968388, "median": 0.491729259491, "min": -3.65289545059, "var": 0.630657374859}, "erbbands_spread": {"dmean": 7.04487419128, "dmean2": 10.9615345001, "dvar": 66.3780593872, "dvar2": 151.837036133, "max": 122.911499023, "mean": 35.3821334839, "median": 33.4422531128, "min": 3.10520577431, "var": 296.103424072}, "hfc": {"dmean": 5.71418142319, "dmean2": 8.10132884979, "dvar": 81.5955429077, "dvar2": 150.580459595, "max": 187.531799316, "mean": 19.1264781952, "median": 13.9457073212, "min": 1.21367539364e-16, "var": 383.577392578}, "melbands_crest": {"dmean": 4.03369426727, "dmean2": 6.73339986801, "dvar": 12.4117078781, "dvar2": 34.2326393127, "max": 34.4088478088, "mean": 16.0096969604, "median": 15.3793487549, "min": 1.60102331638, "var": 30.8136386871}, "melbands_flatness_db": {"dmean": 0.030837841332, "dmean2": 0.0495037660003, "dvar": 0.000903766835108, "dvar2": 0.0021137308795, "max": 0.650335431099, "mean": 0.279962718487, "median": 0.258206367493, "min": 0.00502725224942, "var": 0.0118077881634}, "melbands_kurtosis": {"dmean": 8.5297164917, "dmean2": 14.0353765488, "dvar": 219.106689453, "dvar2": 554.65814209, "max": 340.062866211, "mean": 16.1244525909, "median": 10.5850830078, "min": -1.62873268127, "var": 390.075836182}, "melbands_skewness": {"dmean": 0.807299733162, "dmean2": 1.30638098717, "dvar": 0.760772109032, "dvar2": 1.91646921635, "max": 14.3434514999, "mean": 2.9423687458, "median": 2.72885942459, "min": -1.22952485085, "var": 2.18158459663}, "melbands_spread": {"dmean": 5.36768293381, "dmean2": 8.4206533432, "dvar": 74.2668304443, "dvar2": 159.409133911, "max": 171.717453003, "mean": 16.4432220459, "median": 11.5895633698, "min": 0.380389779806, "var": 335.811981201}, "pitch_salience": {"dmean": 0.0824083834887, "dmean2": 0.137141257524, "dvar": 0.00533874332905, "dvar2": 0.0142276668921, "max": 0.846565246582, "mean": 0.508527159691, "median": 0.512978374958, "min": 0.124220818281, "var": 0.0154662514105}, "silence_rate_20dB": {"dmean": 0, "dmean2": 0, "dvar": 0, "dvar2": 0, "max": 1, "mean": 1, "median": 1, "min": 1, "var": 0}, "silence_rate_30dB": {"dmean": 0.0557981058955, "dmean2": 0.111608095467, "dvar": 0.0526838712394, "dvar2": 0.123003207147, "max": 1, "mean": 0.953471064568, "median": 1, "min": 0, "var": 0.0443655364215}, "silence_rate_60dB": {"dmean": 0.0134171014652, "dmean2": 0.026837060228, "dvar": 0.0132399089634, "dvar2": 0.0295221917331, "max": 1, "mean": 0.0576022155583, "median": 0, "min": 0, "var": 0.0542918071151}, "spectral_centroid": {"dmean": 209.838745117, "dmean2": 321.617492676, "dvar": 78564.9609375, "dvar2": 145494.671875, "max": 11381.9472656, "mean": 1048.7388916, "median": 896.227050781, "min": 130.081069946, "var": 505253.125}, "spectral_complexity": {"dmean": 3.20966887474, "dmean2": 4.92076683044, "dvar": 14.045788765, "dvar2": 29.6447410583, "max": 54, "mean": 17.3883094788, "median": 17, "min": 0, "var": 78.7313766479}, "spectral_decrease": {"dmean": 4.47369385981e-09, "dmean2": 7.37844008114e-09, "dvar": 4.76095282822e-17, "dvar2": 1.21623263905e-16, "max": 1.16094054509e-18, "mean": -1.03586996758e-08, "median": -8.58677218218e-09, "min": -7.33306606548e-08, "var": 7.14645006321e-17}, "spectral_energy": {"dmean": 0.0171965025365, "dmean2": 0.028284592554, "dvar": 0.000690184009727, "dvar2": 0.001762863365, "max": 0.28011661768, "mean": 0.0408309660852, "median": 0.0341423377395, "min": 1.11862001071e-20, "var": 0.00106684688944}, "spectral_energyband_high": {"dmean": 0.000368586828699, "dmean2": 0.000496801687405, "dvar": 1.38398763738e-06, "dvar2": 2.28472845265e-06, "max": 0.0270679462701, "mean": 0.000724245328456, "median": 0.000134846632136, "min": 8.21543182808e-21, "var": 4.55340523331e-06}, "spectral_energyband_low": {"dmean": 0.0140240713954, "dmean2": 0.0237137079239, "dvar": 0.000649968918879, "dvar2": 0.00170996633824, "max": 0.25273796916, "mean": 0.0215643309057, "median": 0.0139118712395, "min": 9.09443911274e-23, "var": 0.000753061729483}, "spectral_energyband_middle_high": {"dmean": 0.00138597679324, "dmean2": 0.0020049570594, "dvar": 4.60454202766e-06, "dvar2": 9.82804613159e-06, "max": 0.0523437783122, "mean": 0.00453813187778, "median": 0.00267315935344, "min": 1.64454451378e-21, "var": 2.54605984082e-05}, "spectral_energyband_middle_low": {"dmean": 0.00564446439967, "dmean2": 0.00911095831543, "dvar": 5.08463926963e-05, "dvar2": 0.000124935279018, "max": 0.095266699791, "mean": 0.0147640788928, "median": 0.0123911593109, "min": 3.19928308263e-22, "var": 0.000125013641082}, "spectral_entropy": {"dmean": 0.182667791843, "dmean2": 0.278306245804, "dvar": 0.043568983674, "dvar2": 0.0917868614197, "max": 9.80778694153, "mean": 7.1515827179, "median": 7.27815914154, "min": 4.2234044075, "var": 0.468654453754}, "spectral_flux": {"dmean": 0.0320442654192, "dmean2": 0.0508742183447, "dvar": 0.00154912029393, "dvar2": 0.00328899803571, "max": 0.438772201538, "mean": 0.0986136719584, "median": 0.090038754046, "min": 1.05764834391e-10, "var": 0.00368203874677}, "spectral_kurtosis": {"dmean": 5.92843723297, "dmean2": 10.1027507782, "dvar": 262.257476807, "dvar2": 706.198120117, "max": 328.834503174, "mean": 16.0472602844, "median": 5.482629776, "min": -1.22166764736, "var": 1270.17077637}, "spectral_rms": {"dmean": 0.00117984740064, "dmean2": 0.00189239508472, "dvar": 1.96580003831e-06, "dvar2": 4.73553609481e-06, "max": 0.0165313184261, "mean": 0.00582308322191, "median": 0.00577144697309, "min": 3.30353843239e-12, "var": 5.92660262555e-06}, "spectral_rolloff": {"dmean": 329.734008789, "dmean2": 550.041137695, "dvar": 568231.4375, "dvar2": 1171770.125, "max": 19099.9511719, "mean": 1039.64868164, "median": 538.330078125, "min": 64.599609375, "var": 3999892.75}, "spectral_skewness": {"dmean": 0.4464417696, "dmean2": 0.74155163765, "dvar": 0.669570624828, "dvar2": 1.91412246227, "max": 14.1878900528, "mean": 2.23202610016, "median": 1.71902108192, "min": -0.0767182856798, "var": 3.30803108215}, "spectral_spread": {"dmean": 438479.59375, "dmean2": 628399.25, "dvar": 411768324096, "dvar2": 710339657728, "max": 41144772, "mean": 3619373, "median": 3580900, "min": 248377.40625, "var": 2688068091900.0}, "spectral_strongpeak": {"dmean": 0.349729925394, "dmean2": 0.612836062908, "dvar": 0.490724951029, "dvar2": 1.28355932236, "max": 11.5397434235, "mean": 0.542542815208, "median": 0.322415888309, "min": 0, "var": 0.560263633728}, "zerocrossingrate": {"dmean": 0.00748311402276, "dmean2": 0.00894979480654, "dvar": 0.000141104959766, "dvar2": 0.000164403565577, "max": 0.51953125, "mean": 0.0414139144123, "median": 0.03125, "min": 0.001953125, "var": 0.00274344300851}, "barkbands": {"dmean": [0.000891041127034, 0.0124264936894, 0.00204204418696, 0.00121302925982, 0.00364581146277, 0.00125882821158, 0.000879377417732, 0.000975977163762, 0.000514066312462, 0.000371233734768, 0.000280102482066, 0.000211998747545, 0.000298803206533, 0.000335773453116, 0.000173730761162, 0.000186651872355, 0.000145860161865, 0.000208857178222, 0.000200158101507, 0.000131691936986, 7.5202093285e-05, 0.000130994652864, 8.86404013727e-05, 3.91315406887e-05, 1.87785099115e-05, 1.10403316285e-05, 2.88846194962e-06], "dmean2": [0.00129233149346, 0.0212709717453, 0.00353314867243, 0.00209700828418, 0.0060522519052, 0.0021056891419, 0.00144120235927, 0.00155087839812, 0.000744383549318, 0.000581401691306, 0.000439608556917, 0.00033344438998, 0.000470980681712, 0.000510575424414, 0.000264813483227, 0.000278587336652, 0.000224934439757, 0.000317393569276, 0.000301093823509, 0.000199049769435, 0.000112463734695, 0.000183309413842, 0.000123494653963, 5.57107523491e-05, 2.77521758107e-05, 1.65467026818e-05, 4.43124281446e-06], "dvar": [2.63492324848e-06, 0.000554003869183, 1.45590420288e-05, 5.39681605005e-06, 2.41040779656e-05, 3.77632500204e-06, 2.86506178782e-06, 3.11482858706e-06, 9.91980869003e-07, 6.56757606521e-07, 4.15464342041e-07, 2.15093692191e-07, 5.81859069371e-07, 6.50423771731e-07, 2.89759526595e-07, 4.11654923482e-07, 1.07298269825e-07, 1.73200788822e-07, 2.33815413253e-07, 1.42968573869e-07, 5.2854286281e-08, 3.03130349266e-07, 1.49370237068e-07, 3.18452002546e-08, 4.9581232453e-09, 1.20908261181e-09, 5.41671429932e-11], "dvar2": [5.53866220798e-06, 0.00149470940232, 4.16732691519e-05, 1.47644432218e-05, 6.41933147563e-05, 1.03034008134e-05, 6.81464689478e-06, 7.60455759519e-06, 1.89935133221e-06, 1.55168811489e-06, 9.67818209574e-07, 5.07590812049e-07, 1.39229121032e-06, 1.36615767588e-06, 6.79462687003e-07, 7.94946686256e-07, 2.36946291921e-07, 3.62999685422e-07, 4.91661467095e-07, 3.07374904196e-07, 1.12662036145e-07, 5.27085546764e-07, 2.79250315316e-07, 6.43295123837e-08, 1.19412835176e-08, 2.73105960069e-09, 1.243419534e-10], "max": [0.0172862093896, 0.234229743481, 0.0527100265026, 0.0360783822834, 0.0663674101233, 0.0294604972005, 0.0404408499599, 0.0332790352404, 0.0238586757332, 0.0236905831844, 0.0139607014135, 0.0134443324059, 0.0204540695995, 0.020860100165, 0.0186832156032, 0.0200316030532, 0.00832392275333, 0.00834778789431, 0.011949618347, 0.0220636874437, 0.00553192477673, 0.0135216722265, 0.0134327225387, 0.00543860765174, 0.00234819366597, 0.00106431858148, 0.00023423213861], "mean": [0.00151938479394, 0.0166639853269, 0.00281679909676, 0.00143563281745, 0.00642420630902, 0.00211310060695, 0.00154570315499, 0.00175990036223, 0.00110982754268, 0.000755490735173, 0.000553275807761, 0.000426707119914, 0.000518534507137, 0.000629926216789, 0.000303433655063, 0.000321473664371, 0.000282592285657, 0.00040954008, 0.000388884538552, 0.000236678752117, 0.000125030172057, 0.000238862266997, 0.000145927318954, 5.90600466239e-05, 2.9122324122e-05, 1.4628880308e-05, 3.21111224366e-06], "median": [0.000352871138602, 0.00977127440274, 0.00159432459623, 0.000602988700848, 0.00435350136831, 0.00128417019732, 0.000686605810188, 0.000742820790038, 0.000388204818591, 0.000294362194836, 0.000208898709388, 0.000145769445226, 0.00019291548233, 0.000132131186547, 8.84725013748e-05, 7.69747275626e-05, 9.12476607482e-05, 0.000138527509989, 0.000109573200461, 6.76277777529e-05, 2.49918812187e-05, 2.71887111012e-05, 1.46956508615e-05, 7.81320704846e-06, 6.53961706121e-06, 2.56072667071e-06, 2.93470606039e-07], "min": [1.02330074215e-23, 5.86833942938e-23, 2.20831860096e-23, 3.97587079523e-24, 2.5443193885e-23, 3.64134659753e-23, 6.83735407725e-23, 5.64146871284e-23, 6.57113434767e-23, 1.13291331203e-22, 2.18669797458e-23, 9.8756916123e-23, 8.78496077547e-23, 9.71301713405e-23, 1.07390197248e-22, 1.24807614947e-22, 2.13246672191e-22, 3.02205746545e-22, 4.04661233867e-22, 3.27404715404e-22, 5.37599593987e-22, 5.98650157909e-22, 7.87784015422e-22, 8.81114363689e-22, 9.77942962972e-22, 1.84458247373e-21, 2.58017625946e-21], "var": [5.6719109125e-06, 0.000570012140088, 1.48676781464e-05, 6.01980809734e-06, 4.51952837466e-05, 6.76971012581e-06, 7.19006311556e-06, 7.83479208621e-06, 3.80898632102e-06, 2.11867609323e-06, 1.27373277792e-06, 8.20313005079e-07, 1.3697333543e-06, 2.15307500184e-06, 7.12690905402e-07, 9.88652800515e-07, 3.12865097385e-07, 4.97252415244e-07, 6.57048758512e-07, 3.08812531102e-07, 1.05834160991e-07, 8.77507432051e-07, 4.48555084631e-07, 6.19931128654e-08, 8.96293883557e-09, 1.9605339574e-09, 8.00796859379e-11]}, "erbbands": {"dmean": [0.477554768324, 2.49285459518, 2.89622330666, 2.77730774879, 8.17537403107, 14.6947307587, 14.1564626694, 8.92830276489, 11.0496702194, 16.7675266266, 20.1280479431, 11.140501976, 10.8129749298, 10.442949295, 9.72402477264, 8.54123401642, 13.1639862061, 17.5060024261, 9.25197315216, 8.68245315552, 8.81598567963, 7.3054060936, 11.6942329407, 8.58049964905, 10.1091632843, 5.98285531998, 2.95910573006, 3.63724279404, 4.91657781601, 3.67243933678, 2.49281644821, 1.16886889935, 0.496120214462, 0.252803236246, 0.114849992096, 0.0540786422789, 0.0203162971884, 0.00388742075302, 0.000527111114934, 3.87619147659e-05], "dmean2": [0.784064471722, 4.40477609634, 5.08280277252, 4.78904247284, 14.2005138397, 24.1978702545, 23.3504276276, 14.799448967, 18.3399276733, 26.4640483856, 31.3136405945, 16.5363006592, 16.6005916595, 16.6017227173, 15.3581323624, 13.5076475143, 20.9535617828, 26.1649036407, 14.1028585434, 12.9089298248, 13.061829567, 11.0648431778, 17.8102836609, 12.9173994064, 15.0808668137, 8.95047664642, 4.47878456116, 5.34803771973, 6.94189596176, 5.01925897598, 3.50688576698, 1.67395102978, 0.707462251186, 0.377119928598, 0.16851554811, 0.0788399726152, 0.0315926410258, 0.00597952492535, 0.000805234478321, 6.01433348493e-05], "dvar": [0.687718510628, 27.1886920929, 33.6346511841, 22.0919704437, 200.407089233, 494.55670166, 424.215087891, 246.398010254, 516.556274414, 800.650817871, 1677.72570801, 423.565368652, 495.836181641, 760.883422852, 629.842651367, 353.616424561, 1100.11865234, 1772.95007324, 542.06427002, 739.319396973, 660.32824707, 268.959869385, 584.764343262, 352.29296875, 677.844543457, 431.502044678, 62.7368888855, 179.305206299, 446.413574219, 218.424194336, 138.857116699, 28.6759624481, 5.21821403503, 1.19654500484, 0.153807714581, 0.0303508322686, 0.00457363948226, 0.000121909470181, 1.82076291821e-06, 4.92799623331e-09], "dvar2": [1.70818018913, 77.4838256836, 96.9286193848, 61.5026016235, 537.232666016, 1359.20959473, 1146.87719727, 667.936889648, 1248.50537109, 1881.01342773, 4211.44384766, 910.215637207, 1111.13024902, 1850.25622559, 1596.61254883, 866.398132324, 2777.74853516, 3650.13793945, 1241.06896973, 1507.97546387, 1366.55419922, 581.843322754, 1263.58898926, 742.989379883, 1408.54125977, 969.215637207, 131.703735352, 371.525146484, 864.411804199, 402.049102783, 269.57623291, 59.0808296204, 10.3457050323, 3.08001375198, 0.326861411333, 0.0611005537212, 0.0112210297957, 0.000295659818221, 4.10601205658e-06, 1.11976810047e-08], "max": [7.85408592224, 51.3688316345, 64.6912612915, 66.708946228, 217.821914673, 329.135955811, 275.373077393, 254.216644287, 647.648864746, 612.598083496, 868.665344238, 457.951416016, 561.206848145, 795.551147461, 539.794921875, 496.011962891, 1012.76190186, 1142.89343262, 480.699066162, 921.448181152, 694.536743164, 431.395355225, 573.093383789, 522.402099609, 776.754150391, 1336.33557129, 204.171829224, 446.039123535, 536.488708496, 386.468902588, 407.478668213, 176.553848267, 66.8420181274, 41.9512939453, 11.7801761627, 5.15669679642, 2.66862297058, 0.305838048458, 0.0490547642112, 0.00238113338128], "mean": [0.624775707722, 3.09685373306, 3.93007898331, 4.04816818237, 10.7698869705, 24.7051315308, 24.0144329071, 15.7729816437, 19.4050331116, 31.4356536865, 38.3812217712, 25.4723129272, 22.4241809845, 22.5212612152, 20.7675514221, 19.1779556274, 25.5625705719, 35.0476417542, 17.286239624, 16.2486839294, 16.7943553925, 15.4292764664, 23.4306640625, 17.9006767273, 20.1606369019, 11.0374317169, 5.41769266129, 5.89369344711, 8.61669540405, 6.50604724884, 4.01537704468, 1.77506887913, 0.774589240551, 0.39510923624, 0.169044882059, 0.0772154480219, 0.0246239993721, 0.00458526518196, 0.000602581596468, 7.19659219612e-05], "median": [0.290820002556, 1.98074698448, 2.30288219452, 2.30824708939, 5.62533664703, 15.3146381378, 15.5584487915, 8.91732215881, 9.42251014709, 15.2139892578, 16.5114955902, 10.7670555115, 8.84510803223, 8.77579784393, 8.07664108276, 7.35953760147, 10.316529274, 8.0185918808, 5.47244262695, 4.91168355942, 4.98215675354, 5.31795978546, 8.133228302, 6.56999111176, 5.73017072678, 3.347178936, 1.4196472168, 0.93672478199, 0.947533845901, 0.80604660511, 0.356718599796, 0.186528012156, 0.118322297931, 0.0827349424362, 0.0360499024391, 0.0152512416244, 0.00349868321791, 0.000535801751539, 7.51815241529e-05, 4.61845447717e-05], "min": [3.12038053332e-21, 7.83050607653e-21, 1.76165543628e-20, 2.38205398195e-20, 6.21874384517e-20, 9.4797780406e-20, 5.17540349022e-20, 4.27294078238e-19, 4.79845146897e-19, 1.97663906356e-18, 7.54005320434e-19, 1.19765537017e-18, 4.53148688788e-18, 1.47555838088e-18, 1.79258083072e-18, 3.99917589777e-18, 4.34427234061e-18, 3.99540519495e-18, 4.7891404138e-18, 6.65154335323e-18, 8.0295555298e-18, 1.15337804634e-17, 1.26041356325e-17, 2.59040592002e-17, 1.60950156613e-17, 1.67285582555e-17, 2.50360969291e-17, 1.70514680599e-17, 1.81887603385e-17, 2.60589057566e-17, 2.11505632398e-17, 2.56150240962e-17, 1.08699283172e-17, 1.05622899212e-17, 7.32940090801e-18, 7.21503491652e-18, 3.33567799163e-18, 1.22827190958e-18, 3.99538446374e-19, 3.51989778319e-20], "var": [0.911990106106, 21.7725486755, 29.3729839325, 27.9816265106, 246.057067871, 846.466064453, 704.990234375, 458.368927002, 1022.65374756, 2156.04907227, 4127.34716797, 1666.47961426, 1735.9354248, 2441.89038086, 2012.18847656, 1444.38037109, 2636.66845703, 6831.08886719, 1216.39538574, 1883.78515625, 1668.89562988, 842.10168457, 1623.01916504, 1055.10876465, 1882.09875488, 805.596923828, 142.013519287, 357.854492188, 1139.40686035, 642.252319336, 387.389282227, 58.8269348145, 10.7861766815, 1.96418333054, 0.290877282619, 0.0607083328068, 0.00576968537644, 0.000162142940098, 2.80793506136e-06, 8.11745159979e-09]}, "gfcc": {"mean": [-34.4846458435, 134.910858154, -106.756790161, 25.7019672394, -43.4133758545, 1.72670936584, -27.0079898834, 4.90571975708, -19.1641731262, 0.539485454559, -6.89196777344, -0.371656596661, -9.34529495239], "cov": [[21096.828125, -3345.8190918, -375.710693359, 2898.68994141, -1373.54248047, 1210.34997559, -222.913116455, 975.973999023, 152.951278687, 754.156433105, -106.334663391, 631.161499023, -478.788848877], [-3345.8190918, 3487.79614258, -518.892150879, -1525.62524414, 666.053649902, -803.85748291, 6.33571434021, -491.66973877, -104.652328491, -427.99597168, 107.340934753, -351.886688232, 242.893615723], [-375.710693359, -518.892150879, 887.464172363, 248.909088135, -33.1664924622, 261.709259033, -9.42993164062, 104.153770447, 9.38546276093, 58.5518302917, -21.5344543457, 84.6334686279, -44.1143188477], [2898.68994141, -1525.62524414, 248.909088135, 1157.81433105, -294.055114746, 456.537750244, 43.0228271484, 308.002868652, 136.866821289, 211.863800049, -17.7418937683, 202.47416687, -105.504096985], [-1373.54248047, 666.053649902, -33.1664924622, -294.055114746, 377.673095703, -163.316467285, 19.1737995148, -75.1827392578, 10.5643014908, -82.1095962524, 20.8907794952, -63.1469421387, 59.6747550964], [1210.34997559, -803.85748291, 261.709259033, 456.537750244, -163.316467285, 480.296142578, 83.0141983032, 171.999206543, 67.5083007812, 150.105789185, 4.15101385117, 114.748336792, -42.718082428], [-222.913116455, 6.33571434021, -9.42993164062, 43.0228271484, 19.1737995148, 83.0141983032, 182.810623169, 36.0737609863, 24.7922878265, 29.1571941376, 17.9275569916, 8.2989692688, 17.0554256439], [975.973999023, -491.66973877, 104.153770447, 308.002868652, -75.1827392578, 171.999206543, 36.0737609863, 257.390869141, 71.3903503418, 83.9053726196, 41.2251625061, 70.7662963867, -59.2564888], [152.951278687, -104.652328491, 9.38546276093, 136.866821289, 10.5643014908, 67.5083007812, 24.7922878265, 71.3903503418, 129.388824463, 34.5327796936, 7.24674701691, 31.0567073822, 2.57561779022], [754.156433105, -427.99597168, 58.5518302917, 211.863800049, -82.1095962524, 150.105789185, 29.1571941376, 83.9053726196, 34.5327796936, 138.965042114, 5.27046775818, 50.4922828674, -25.7859077454], [-106.334663391, 107.340934753, -21.5344543457, -17.7418937683, 20.8907794952, 4.15101385117, 17.9275569916, 41.2251625061, 7.24674701691, 5.27046775818, 107.686439514, 10.6414813995, -11.1934986115], [631.161499023, -351.886688232, 84.6334686279, 202.47416687, -63.1469421387, 114.748336792, 8.2989692688, 70.7662963867, 31.0567073822, 50.4922828674, 10.6414813995, 117.485694885, -5.78713941574], [-478.788848877, 242.893615723, -44.1143188477, -105.504096985, 59.6747550964, -42.718082428, 17.0554256439, -59.2564888, 2.57561779022, -25.7859077454, -11.1934986115, -5.78713941574, 119.455474854]], "icov": [[0.000173114705831, -0.000365949148545, 0.000266739167273, -0.000460921262857, 0.000347883120412, -0.000217353648623, 0.000462317140773, -0.000476322165923, 0.000518544751685, -0.000678501790389, 0.000669025757816, -0.000654322328046, 0.000448918697657], [-0.000365949148545, 0.00207014079206, -0.000499170273542, 0.00173787877429, -0.00139125017449, 0.000817084510345, -0.00136700703297, 0.00162166787777, -0.0018063011812, 0.0028197907377, -0.00285123800859, 0.0025382891763, -0.00183524657041], [0.000266739167273, -0.000499170273542, 0.00189875438809, -0.000649970490485, 3.02953521896e-05, -0.0012966862414, 0.00113827351015, -0.000958160788286, 0.00125826778822, -0.000666348845698, 0.00145621236879, -0.001525799511, 0.000986148021184], [-0.000460921262857, 0.00173787877429, -0.000649970490485, 0.00383903342299, -0.000709271931555, 4.56786183349e-05, -0.00135600066278, 0.000611766183283, -0.00271635758691, 0.00198404933326, -0.0016541382065, 0.000801208079793, -0.000992082757875], [0.000347883120412, -0.00139125017449, 3.02953521896e-05, -0.000709271931555, 0.00509901810437, 0.000276460748864, 0.000352295202902, -0.00124205229804, -0.000199449772481, -0.00123784947209, 0.00125508382916, -0.00115607783664, 0.000291872333037], [-0.000217353648623, 0.000817084510345, -0.0012966862414, 4.56786183349e-05, 0.000276460748864, 0.00549442786723, -0.00238504237495, 0.000229800440138, -0.00124391075224, -0.00112636969425, -0.00121906655841, 0.00015601227642, -0.00101283669937], [0.000462317140773, -0.00136700703297, 0.00113827351015, -0.00135600066278, 0.000352295202902, -0.00238504237495, 0.00804817862809, -0.00198612036183, 0.00141897541471, -0.00277443905361, 0.00144280400127, -0.00122105481569, 0.000138665331178], [-0.000476322165923, 0.00162166787777, -0.000958160788286, 0.000611766183283, -0.00124205229804, 0.000229800440138, -0.00198612036183, 0.00933375954628, -0.00401501683518, 0.00159463298041, -0.0050836391747, 0.00154542410746, 0.000625509535894], [0.000518544751685, -0.0018063011812, 0.00125826778822, -0.00271635758691, -0.000199449772481, -0.00124391075224, 0.00141897541471, -0.00401501683518, 0.0125210657716, -0.00344630563632, 0.0031784218736, -0.00309141795151, 0.000411470682593], [-0.000678501790389, 0.0028197907377, -0.000666348845698, 0.00198404933326, -0.00123784947209, -0.00112636969425, -0.00277443905361, 0.00159463298041, -0.00344630563632, 0.0164734087884, -0.00424151076004, 0.00293024419807, -0.00216931267641], [0.000669025757816, -0.00285123800859, 0.00145621236879, -0.0016541382065, 0.00125508382916, -0.00121906655841, 0.00144280400127, -0.0050836391747, 0.0031784218736, -0.00424151076004, 0.0152846788988, -0.00571475131437, 0.00393645558506], [-0.000654322328046, 0.0025382891763, -0.001525799511, 0.000801208079793, -0.00115607783664, 0.00015601227642, -0.00122105481569, 0.00154542410746, -0.00309141795151, 0.00293024419807, -0.00571475131437, 0.0175560433418, -0.00505115045235], [0.000448918697657, -0.00183524657041, 0.000986148021184, -0.000992082757875, 0.000291872333037, -0.00101283669937, 0.000138665331178, 0.000625509535894, 0.000411470682593, -0.00216931267641, 0.00393645558506, -0.00505115045235, 0.0128197688609]]}, "melbands": {"dmean": [0.00373755116016, 0.00209193769842, 0.000607816677075, 0.000797147804406, 0.000541079149116, 0.000205570060643, 0.000174433720531, 0.000188418911421, 0.000166054320289, 6.38788478682e-05, 5.40970686416e-05, 4.24890640716e-05, 3.29832801071e-05, 2.30716814258e-05, 3.01134714391e-05, 2.86544618575e-05, 3.6159872252e-05, 1.59442606673e-05, 1.39997400765e-05, 1.45541134771e-05, 9.55688574322e-06, 7.52457390263e-06, 1.13024989332e-05, 9.97542065306e-06, 7.1594408837e-06, 8.57135182741e-06, 5.85767838857e-06, 3.98977590521e-06, 2.14234728446e-06, 1.71834653884e-06, 2.31866943068e-06, 2.87062493953e-06, 2.83346639662e-06, 1.8938796984e-06, 1.58855220889e-06, 1.08889946659e-06, 6.22761831437e-07, 3.71820760847e-07, 2.75713716746e-07, 2.03801434395e-07], "dmean2": [0.00626703491434, 0.00367916328833, 0.00104092387483, 0.00135770789348, 0.000876014353707, 0.000340911879903, 0.000287778151687, 0.000297515100101, 0.000254336628132, 9.51617621467e-05, 8.32261357573e-05, 6.76612908137e-05, 5.15303618158e-05, 3.67037355318e-05, 4.7791578254e-05, 4.43972057838e-05, 5.45370421605e-05, 2.46191357292e-05, 2.11416136153e-05, 2.17756405618e-05, 1.43499501064e-05, 1.16701748993e-05, 1.72378931893e-05, 1.5308145521e-05, 1.09190477815e-05, 1.28712363221e-05, 8.89491275302e-06, 6.1035248109e-06, 3.34197852681e-06, 2.69121801466e-06, 3.42878979609e-06, 4.15525346398e-06, 4.04440152124e-06, 2.69047041002e-06, 2.27695886679e-06, 1.58318937338e-06, 9.23389393392e-07, 5.42401892289e-07, 4.03355443268e-07, 3.1072036677e-07], "dvar": [4.58208560303e-05, 1.86843735719e-05, 1.06801417132e-06, 1.33504920541e-06, 5.62123034342e-07, 1.16098043179e-07, 1.19670048093e-07, 1.01526367757e-07, 1.16590697985e-07, 1.45897569581e-08, 1.25807710916e-08, 1.31315545104e-08, 5.84606185683e-09, 2.6133815112e-09, 4.84965667624e-09, 6.23266060984e-09, 7.82948639255e-09, 1.73495251499e-09, 2.34539809796e-09, 3.16601633799e-09, 6.70431932193e-10, 3.1831756675e-10, 6.52494003273e-10, 4.09444145255e-10, 2.65228561336e-10, 4.90331220071e-10, 2.13100190272e-10, 2.47809023302e-10, 3.46063212808e-11, 2.44381390124e-11, 8.55982576486e-11, 1.65193567159e-10, 1.46248180233e-10, 5.88235779531e-11, 6.33616700774e-11, 2.5877699289e-11, 9.32981990276e-12, 3.24200605598e-12, 1.61264447976e-12, 8.61692499039e-13], "dvar2": [0.000119128242659, 5.37209380127e-05, 2.87969942292e-06, 3.64621178051e-06, 1.46553168179e-06, 3.11311765699e-07, 2.91895418059e-07, 2.36697147216e-07, 2.84695744313e-07, 3.12963486238e-08, 2.82176078059e-08, 3.22264668284e-08, 1.4219834199e-08, 6.48094244937e-09, 1.17688001566e-08, 1.4553775074e-08, 1.63143472065e-08, 3.89675047785e-09, 5.39379874098e-09, 5.93232440949e-09, 1.41653033747e-09, 6.9549843662e-10, 1.51015255856e-09, 8.84874340468e-10, 5.83348092054e-10, 1.03809061347e-09, 4.43041936471e-10, 5.77593084472e-10, 7.75574604539e-11, 5.47587288013e-11, 1.79419146207e-10, 3.4536404292e-10, 2.71614453151e-10, 1.18766996238e-10, 1.27053881305e-10, 5.32724662994e-11, 1.99196544676e-11, 6.69172182943e-12, 3.70374087302e-12, 2.35648371476e-12], "max": [0.0631227269769, 0.0455936528742, 0.0141403172165, 0.0147056756541, 0.0119297169149, 0.00549886841327, 0.00853154622018, 0.00566651066765, 0.00695983832702, 0.00294717564248, 0.00281233130954, 0.00348360883072, 0.00152779184282, 0.00100474664941, 0.00217718072236, 0.00265512289479, 0.00200718850829, 0.000793571292888, 0.00198209704831, 0.00209934730083, 0.000798157299869, 0.000580022577196, 0.000617466517724, 0.000466242054245, 0.000497104134411, 0.000595201738179, 0.000456056004623, 0.000961163605098, 0.000144069708767, 0.000117996016343, 0.000319784798194, 0.000370740657672, 0.000362607795978, 0.00019229175814, 0.00027906455216, 0.000175404566107, 9.08969159354e-05, 5.97224134253e-05, 3.67843240383e-05, 4.30682011938e-05], "mean": [0.00508185615763, 0.00282058096491, 0.000868286238983, 0.00129383557942, 0.000962722115219, 0.000357486191206, 0.000308710121317, 0.000352613424184, 0.000319547223626, 0.000142951801536, 0.000107070503873, 8.74546385603e-05, 6.78810465615e-05, 4.69155675091e-05, 6.14251330262e-05, 5.08302691742e-05, 6.87971405569e-05, 2.60870710918e-05, 2.4880599085e-05, 2.47909210884e-05, 1.74716333277e-05, 1.4639615074e-05, 2.13836337934e-05, 1.89767670236e-05, 1.35639329528e-05, 1.58302409545e-05, 1.12647530841e-05, 6.53817050988e-06, 3.61052866538e-06, 2.8053746064e-06, 3.51321887138e-06, 4.7248181545e-06, 4.91893706567e-06, 3.11273697662e-06, 2.49625190918e-06, 1.59506339514e-06, 8.7348348643e-07, 5.43806038422e-07, 4.30656115213e-07, 2.97279484585e-07], "median": [0.00275345612317, 0.00190244801342, 0.000484997493913, 0.000824007787742, 0.000637398101389, 0.000208248704439, 0.000143748737173, 0.000165262739756, 0.000127774343127, 5.65001282666e-05, 3.84322702303e-05, 3.11716830765e-05, 2.79158684862e-05, 1.63839649758e-05, 2.39723849518e-05, 1.69274298969e-05, 1.39576168294e-05, 7.49152923163e-06, 6.70195368002e-06, 5.85816496823e-06, 5.3290532378e-06, 4.52482709079e-06, 6.83497091813e-06, 6.21125354883e-06, 4.72017018183e-06, 3.84176064472e-06, 3.16945852319e-06, 1.60467254773e-06, 8.17695251953e-07, 5.80344931222e-07, 4.73194063488e-07, 4.78901256429e-07, 5.24974723248e-07, 3.84250483876e-07, 2.00378281079e-07, 1.24201051221e-07, 9.91449695675e-08, 7.47361141862e-08, 7.92315688614e-08, 6.00946634677e-08], "min": [2.14003842976e-23, 9.55998758476e-24, 5.18961928375e-24, 6.45865311666e-24, 1.98413999058e-24, 8.4915267646e-24, 9.73108993738e-24, 2.03045129276e-23, 5.48774086388e-24, 8.86758149128e-24, 2.30503862774e-23, 6.22004083663e-24, 4.43454055793e-24, 1.09970334077e-23, 1.0833491498e-23, 6.58275119224e-24, 8.0906410632e-24, 7.81319868284e-24, 9.73625618745e-24, 7.95462803251e-24, 1.02052663389e-23, 1.42009525312e-23, 6.97811289515e-24, 1.67090127171e-23, 2.2589383853e-23, 1.08345698709e-23, 9.58565632976e-24, 1.1608645945e-23, 1.47463409844e-23, 1.31905857947e-23, 9.54212619615e-24, 9.83740472158e-24, 1.16224588994e-23, 1.49346057948e-23, 1.02463415374e-23, 1.5909562143e-23, 1.5843201586e-23, 6.08403096138e-24, 8.83489977284e-24, 9.17443812822e-24], "var": [5.40467663086e-05, 1.50644518726e-05, 1.32258935537e-06, 2.18837749344e-06, 1.05054027699e-06, 2.1835262487e-07, 2.57644131807e-07, 2.72609327112e-07, 3.01682831605e-07, 5.8427538363e-08, 4.29328501639e-08, 4.06165803213e-08, 1.78817156637e-08, 7.65521335211e-09, 1.77389214429e-08, 1.45382514916e-08, 2.75054095056e-08, 3.57577212284e-09, 6.39390762558e-09, 7.38662464528e-09, 1.64348035181e-09, 9.0881130399e-10, 1.67228830783e-09, 1.071510769e-09, 7.10107472823e-10, 1.2714542752e-09, 5.69159108732e-10, 4.06133709996e-10, 7.15134132467e-11, 4.70643350681e-11, 1.58679680506e-10, 3.62494312345e-10, 4.09277695068e-10, 1.56375509763e-10, 1.68211944374e-10, 5.8456087193e-11, 1.55489770365e-11, 5.97767451857e-12, 3.03780503356e-12, 1.13531818495e-12]}, "mfcc": {"mean": [-670.551940918, 157.619766235, 4.69684362411, 28.2329139709, 4.65183830261, 4.81961965561, 2.03489017487, 5.30616855621, -5.38167858124, 1.34174001217, 5.44945335388, -1.66633164883, 0.866451621056], "cov": [[11412.5429688, -2194.67675781, -554.051086426, 1391.81103516, -86.9244842529, 207.011810303, 109.58216095, 449.695709229, 126.284156799, 396.807769775, 593.104858398, 139.67388916, 236.507476807], [-2194.67675781, 2267.16821289, -299.525848389, -530.813537598, 103.375869751, -201.006088257, 0.0376538224518, -145.554855347, -74.2110443115, -149.437805176, -170.797409058, -55.2664527893, -38.2391242981], [-554.051086426, -299.525848389, 712.692626953, -4.59495401382, 7.98371934891, 115.411880493, 25.3570747375, 11.1489515305, 7.57367086411, -5.90560245514, -27.5007095337, 30.4985084534, -31.2426757812], [1391.81103516, -530.813537598, -4.59495401382, 560.251220703, 94.2375640869, 66.0393066406, 40.9646720886, 154.282485962, 79.3094482422, 112.988502502, 94.9887924194, 55.2679977417, 88.0416793823], [-86.9244842529, 103.375869751, 7.98371934891, 94.2375640869, 225.080871582, -14.3189220428, -7.38584661484, 37.0901756287, 5.67277336121, 27.876493454, 0.498855441809, 11.2366981506, 13.8477582932], [207.011810303, -201.006088257, 115.411880493, 66.0393066406, -14.3189220428, 243.12701416, 57.4209480286, 17.9507789612, 83.4002456665, 5.33093595505, 29.3026561737, 24.5892086029, 1.45475876331], [109.58216095, 0.0376538224518, 25.3570747375, 40.9646720886, -7.38584661484, 57.4209480286, 178.044158936, 52.4341812134, 25.5733261108, 30.9353809357, 58.6825866699, 24.4536266327, 21.8700180054], [449.695709229, -145.554855347, 11.1489515305, 154.282485962, 37.0901756287, 17.9507789612, 52.4341812134, 174.146240234, 26.5411949158, 59.3267707825, 84.7844161987, 23.8289318085, 50.516960144], [126.284156799, -74.2110443115, 7.57367086411, 79.3094482422, 5.67277336121, 83.4002456665, 25.5733261108, 26.5411949158, 164.126724243, 27.2468242645, 2.62964677811, 26.0184555054, 8.74847126007], [396.807769775, -149.437805176, -5.90560245514, 112.988502502, 27.876493454, 5.33093595505, 30.9353809357, 59.3267707825, 27.2468242645, 126.02747345, 77.8042221069, 10.3207559586, 18.7433891296], [593.104858398, -170.797409058, -27.5007095337, 94.9887924194, 0.498855441809, 29.3026561737, 58.6825866699, 84.7844161987, 2.62964677811, 77.8042221069, 186.92376709, 23.740398407, 18.135969162], [139.67388916, -55.2664527893, 30.4985084534, 55.2679977417, 11.2366981506, 24.5892086029, 24.4536266327, 23.8289318085, 26.0184555054, 10.3207559586, 23.740398407, 79.0629806519, 23.6425094604], [236.507476807, -38.2391242981, -31.2426757812, 88.0416793823, 13.8477582932, 1.45475876331, 21.8700180054, 50.516960144, 8.74847126007, 18.7433891296, 18.135969162, 23.6425094604, 96.4925842285]], "icov": [[0.00016374765255, 7.00772434357e-05, 0.000151641463162, -0.00031599792419, 0.000163574382896, -6.79550357745e-05, 6.76910276525e-05, -6.55450548948e-06, 8.95552730071e-05, -4.44574870926e-05, -0.00025701589766, -4.20552569267e-05, -1.13937458082e-05], [7.00772434357e-05, 0.000793771061581, 0.000363557745004, 0.000630643626209, -0.000633903313428, 0.00034345392487, -0.000456918322016, 7.96118001745e-06, -0.000144615652971, 0.000344339379808, 0.000206206445, -2.22785874939e-05, -0.000216782515054], [0.000151641463162, 0.000363557745004, 0.00192593608517, 0.000103775135358, -0.00018079073925, -0.000900118029676, -0.000182087169378, -0.000545471673831, 0.000622898864094, -0.000254023296293, 0.000665827130433, -0.00090071989689, 0.000756070250645], [-0.00031599792419, 0.000630643626209, 0.000103775135358, 0.00442852871493, -0.00174288474955, -0.000127975639771, -7.98545370344e-05, -0.00148617429659, -0.000869152718224, -0.00111432047561, 0.000789200712461, -0.000698694610037, -0.00161630287766], [0.000163574382896, -0.000633903313428, -0.00018079073925, -0.00174288474955, 0.00582135794684, -3.98994234274e-05, 0.00084541994147, -0.000813657941762, 0.000508414406795, -0.00119038496632, 0.000362409453373, -0.000555059115868, 0.000532118079718], [-6.79550357745e-05, 0.00034345392487, -0.000900118029676, -0.000127975639771, -3.98994234274e-05, 0.00639067823067, -0.00163221056573, 0.000855973921716, -0.00313033070415, 0.00178938452154, -0.00114587368444, 0.000182671719813, 6.60199075355e-05], [6.76910276525e-05, -0.000456918322016, -0.000182087169378, -7.98545370344e-05, 0.00084541994147, -0.00163221056573, 0.00746173691005, -0.00134307867847, 1.68922961166e-05, -0.000876305159181, -0.00153214740567, -0.00104904873297, -0.000704162404872], [-6.55450548948e-06, 7.96118001745e-06, -0.000545471673831, -0.00148617429659, -0.000813657941762, 0.000855973921716, -0.00134307867847, 0.0103123225272, -0.000939993187785, -0.000394911621697, -0.00328987813555, 0.000725744117517, -0.00318948691711], [8.95552730071e-05, -0.000144615652971, 0.000622898864094, -0.000869152718224, 0.000508414406795, -0.00313033070415, 1.68922961166e-05, -0.000939993187785, 0.00871606357396, -0.00230136071332, 0.00204492313787, -0.00219049188308, 0.000989578547888], [-4.44574870926e-05, 0.000344339379808, -0.000254023296293, -0.00111432047561, -0.00119038496632, 0.00178938452154, -0.000876305159181, -0.000394911621697, -0.00230136071332, 0.0132298422977, -0.00450265873224, 0.0016371703241, -0.000186934543308], [-0.00025701589766, 0.000206206445, 0.000665827130433, 0.000789200712461, 0.000362409453373, -0.00114587368444, -0.00153214740567, -0.00328987813555, 0.00204492313787, -0.00450265873224, 0.0101582659408, -0.0020298063755, 0.00151936034672], [-4.20552569267e-05, -2.22785874939e-05, -0.00090071989689, -0.000698694610037, -0.000555059115868, 0.000182671719813, -0.00104904873297, 0.000725744117517, -0.00219049188308, 0.0016371703241, -0.0020298063755, 0.0157507564873, -0.00322230788879], [-1.13937458082e-05, -0.000216782515054, 0.000756070250645, -0.00161630287766, 0.000532118079718, 6.60199075355e-05, -0.000704162404872, -0.00318948691711, 0.000989578547888, -0.000186934543308, 0.00151936034672, -0.00322230788879, 0.0142276445404]]}, "spectral_contrast_coeffs": {"dmean": [0.0529635995626, 0.0467727407813, 0.0341216512024, 0.0302722193301, 0.0252506043762, 0.0217606257647], "dmean2": [0.0886170491576, 0.0779538080096, 0.0558542795479, 0.0478363148868, 0.0387152284384, 0.0348054431379], "dvar": [0.00177850050386, 0.00150681962259, 0.000812012352981, 0.000676949275658, 0.000631417264231, 0.000563139736187], "dvar2": [0.00485763698816, 0.00406603701413, 0.00206147041172, 0.00160201324616, 0.00137602945324, 0.00144481135067], "max": [-0.276460945606, -0.359098613262, -0.444120526314, -0.525720596313, -0.492093235254, -0.558311402798], "mean": [-0.644991397858, -0.718660533428, -0.76477766037, -0.761387646198, -0.76601010561, -0.767873346806], "median": [-0.657608687878, -0.723615765572, -0.775592207909, -0.770016372204, -0.769806802273, -0.767954707146], "min": [-0.958023905754, -0.969406664371, -0.966959834099, -0.971273481846, -0.973055720329, -0.961612462997], "var": [0.00928734056652, 0.0050281859003, 0.00459629390389, 0.00411031860858, 0.00414635147899, 0.00372174405493]}, "spectral_contrast_valleys": {"dmean": [0.390341997147, 0.338426440954, 0.299945622683, 0.303302496672, 0.332727581263, 0.408391207457], "dmean2": [0.639753878117, 0.547562539577, 0.477089256048, 0.470490038395, 0.485363692045, 0.5710952878], "dvar": [0.128286078572, 0.114143006504, 0.0952572003007, 0.114175662398, 0.186736345291, 0.251383394003], "dvar2": [0.290565192699, 0.243392780423, 0.190409466624, 0.221939951181, 0.370904654264, 0.571402013302], "max": [-4.71504926682, -4.59847450256, -5.4697