{"lowlevel": {"average_loudness": 0.919131159782, "barkbands_crest": {"dmean": 2.48235559464, "dmean2": 4.01326084137, "dvar": 5.6574678421, "dvar2": 14.5411701202, "max": 24.0193099976, "mean": 10.9962673187, "median": 10.3153982162, "min": 2.57948112488, "var": 18.5463237762}, "barkbands_flatness_db": {"dmean": 0.0210410226136, "dmean2": 0.0313546434045, "dvar": 0.000426114798756, "dvar2": 0.00096719735302, "max": 0.515344560146, "mean": 0.145027056336, "median": 0.129137903452, "min": 0.0153013663366, "var": 0.00581881310791}, "barkbands_kurtosis": {"dmean": 3.57266545296, "dmean2": 5.67440652847, "dvar": 45.1116104126, "dvar2": 111.369934082, "max": 195.593643188, "mean": 6.77956104279, "median": 2.67997837067, "min": -1.93337416649, "var": 136.66998291}, "barkbands_skewness": {"dmean": 0.547200322151, "dmean2": 0.828011155128, "dvar": 0.415923684835, "dvar2": 0.916427493095, "max": 10.5335922241, "mean": 1.81180465221, "median": 1.55343699455, "min": -3.74520301819, "var": 2.09517717361}, "barkbands_spread": {"dmean": 5.18755483627, "dmean2": 7.65554189682, "dvar": 64.1673431396, "dvar2": 125.612892151, "max": 124.954971313, "mean": 19.9219532013, "median": 16.6732139587, "min": 0.471039235592, "var": 241.655593872}, "dissonance": {"dmean": 0.0184529386461, "dmean2": 0.0308870412409, "dvar": 0.000353325798642, "dvar2": 0.000934631330892, "max": 0.500000119209, "mean": 0.459155529737, "median": 0.468624144793, "min": 0.186100259423, "var": 0.00112793105654}, "dynamic_complexity": 3.76249980927, "erbbands_crest": {"dmean": 2.427983284, "dmean2": 3.81555938721, "dvar": 5.85462856293, "dvar2": 13.8819637299, "max": 29.4616565704, "mean": 9.46283149719, "median": 8.45698738098, "min": 2.28254461288, "var": 20.4658794403}, "erbbands_flatness_db": {"dmean": 0.0186434872448, "dmean2": 0.0247493777424, "dvar": 0.00034041822073, "dvar2": 0.000603288877755, "max": 0.349936306477, "mean": 0.14378555119, "median": 0.140205085278, "min": 0.0317288413644, "var": 0.0024031214416}, "erbbands_kurtosis": {"dmean": 0.893640995026, "dmean2": 1.38160157204, "dvar": 1.71277678013, "dvar2": 4.14246559143, "max": 29.8929328918, "mean": 0.908009946346, "median": 0.0734639167786, "min": -1.74315154552, "var": 5.87301063538}, "erbbands_skewness": {"dmean": 0.312420010567, "dmean2": 0.465263009071, "dvar": 0.113965593278, "dvar2": 0.22845724225, "max": 3.88135933876, "mean": 0.500020086765, "median": 0.473725795746, "min": -4.72502279282, "var": 0.519148588181}, "erbbands_spread": {"dmean": 8.0112323761, "dmean2": 11.9030332565, "dvar": 99.3859863281, "dvar2": 213.766983032, "max": 150.556640625, "mean": 37.5349121094, "median": 35.71301651, "min": 2.60454797745, "var": 353.322814941}, "hfc": {"dmean": 7.25910568237, "dmean2": 10.2813901901, "dvar": 166.953735352, "dvar2": 362.005554199, "max": 156.324447632, "mean": 19.1024456024, "median": 12.1723976135, "min": 1.02634598407e-16, "var": 412.408630371}, "melbands_crest": {"dmean": 3.01222634315, "dmean2": 4.93043708801, "dvar": 8.57429695129, "dvar2": 21.2462215424, "max": 30.9765586853, "mean": 14.3278923035, "median": 13.8959512711, "min": 1.20974957943, "var": 24.0159492493}, "melbands_flatness_db": {"dmean": 0.0244438331574, "dmean2": 0.036880210042, "dvar": 0.000661084312014, "dvar2": 0.00143532990478, "max": 0.654087781906, "mean": 0.225172653794, "median": 0.206756189466, "min": 0.00024877267424, "var": 0.00911966431886}, "melbands_kurtosis": {"dmean": 8.27347278595, "dmean2": 13.2393312454, "dvar": 251.625091553, "dvar2": 600.369445801, "max": 254.623168945, "mean": 16.9038677216, "median": 8.2446346283, "min": -1.87128055096, "var": 575.572570801}, "melbands_skewness": {"dmean": 0.733908593655, "dmean2": 1.1222448349, "dvar": 0.867359995842, "dvar2": 1.92117190361, "max": 12.4917593002, "mean": 2.7919690609, "median": 2.48020172119, "min": -1.20615077019, "var": 3.45497512817}, "melbands_spread": {"dmean": 5.8208565712, "dmean2": 8.85652256012, "dvar": 128.072631836, "dvar2": 248.428070068, "max": 259.096557617, "mean": 20.2831878662, "median": 17.0665225983, "min": 0.470313459635, "var": 418.729522705}, "pitch_salience": {"dmean": 0.0673739761114, "dmean2": 0.111580818892, "dvar": 0.00408175773919, "dvar2": 0.0110322274268, "max": 0.990715146065, "mean": 0.528079152107, "median": 0.531500160694, "min": 0.125315248966, "var": 0.0123456623405}, "silence_rate_20dB": {"dmean": 0, "dmean2": 0, "dvar": 0, "dvar2": 0, "max": 1, "mean": 1, "median": 1, "min": 1, "var": 0}, "silence_rate_30dB": {"dmean": 0.00292397662997, "dmean2": 0.00584852322936, "dvar": 0.00291494466364, "dvar2": 0.0087371757254, "max": 1, "mean": 0.998538136482, "median": 1, "min": 0, "var": 0.00145953905303}, "silence_rate_60dB": {"dmean": 0.00740740727633, "dmean2": 0.014816259034, "dvar": 0.00735166016966, "dvar2": 0.0175188910216, "max": 1, "mean": 0.0582789219916, "median": 0, "min": 0, "var": 0.054874137044}, "spectral_centroid": {"dmean": 210.173080444, "dmean2": 320.335845947, "dvar": 92738.2734375, "dvar2": 182140.71875, "max": 11603.3789062, "mean": 1127.80627441, "median": 993.388183594, "min": 103.49596405, "var": 732254.4375}, "spectral_complexity": {"dmean": 3.33138394356, "dmean2": 5.05653572083, "dvar": 20.3002223969, "dvar2": 43.3385429382, "max": 57, "mean": 16.1585617065, "median": 15, "min": 0, "var": 78.1781539917}, "spectral_decrease": {"dmean": 2.97916846748e-09, "dmean2": 4.70393457519e-09, "dvar": 2.82760045698e-17, "dvar2": 7.10922825913e-17, "max": 6.808206361e-22, "mean": -6.67934552112e-09, "median": -5.13007059055e-09, "min": -5.01963270949e-08, "var": 3.58702769818e-17}, "spectral_energy": {"dmean": 0.0117790549994, "dmean2": 0.0185055229813, "dvar": 0.000428883155109, "dvar2": 0.00107516325079, "max": 0.194576352835, "mean": 0.0269420482218, "median": 0.020978923887, "min": 1.00300067903e-20, "var": 0.000562882225495}, "spectral_energyband_high": {"dmean": 0.000499996182043, "dmean2": 0.000704557925928, "dvar": 1.61811647104e-06, "dvar2": 3.34042510985e-06, "max": 0.0214550532401, "mean": 0.000869323441293, "median": 0.00025538954651, "min": 7.09010591908e-21, "var": 3.19169885188e-06}, "spectral_energyband_low": {"dmean": 0.00699075683951, "dmean2": 0.0114048030227, "dvar": 0.000302572821965, "dvar2": 0.000772213563323, "max": 0.177101135254, "mean": 0.0106578180566, "median": 0.00621804734692, "min": 1.99763325915e-23, "var": 0.000285011425149}, "spectral_energyband_middle_high": {"dmean": 0.00162272911984, "dmean2": 0.00229010917246, "dvar": 8.88298200152e-06, "dvar2": 1.64638604474e-05, "max": 0.0681962817907, "mean": 0.00500708865002, "median": 0.00245191156864, "min": 1.20682006203e-21, "var": 4.62774660264e-05}, "spectral_energyband_middle_low": {"dmean": 0.00550927780569, "dmean2": 0.00878764595836, "dvar": 0.000118299671158, "dvar2": 0.000288183684461, "max": 0.109859146178, "mean": 0.0116646811366, "median": 0.00697105657309, "min": 1.64557205244e-22, "var": 0.000172620624653}, "spectral_entropy": {"dmean": 0.177348062396, "dmean2": 0.245434865355, "dvar": 0.0347022637725, "dvar2": 0.0657291635871, "max": 9.82421398163, "mean": 7.44626808167, "median": 7.46739673615, "min": 4.72336769104, "var": 0.353098839521}, "spectral_flux": {"dmean": 0.0302554238588, "dmean2": 0.0455437488854, "dvar": 0.0017530991463, "dvar2": 0.00351867382415, "max": 0.376843929291, "mean": 0.0792161822319, "median": 0.0644438192248, "min": 6.43465211669e-11, "var": 0.00356581504457}, "spectral_kurtosis": {"dmean": 1.76701927185, "dmean2": 2.90199279785, "dvar": 8.83942890167, "dvar2": 25.6093864441, "max": 96.1026611328, "mean": 6.41099500656, "median": 4.5160036087, "min": -1.37975656986, "var": 92.0830383301}, "spectral_rms": {"dmean": 0.00093962973915, "dmean2": 0.00140757777262, "dvar": 1.75124284851e-06, "dvar2": 4.09931271861e-06, "max": 0.0137779023498, "mean": 0.00469569209963, "median": 0.00452407356352, "min": 3.12815788897e-12, "var": 4.23552637585e-06}, "spectral_rolloff": {"dmean": 418.002471924, "dmean2": 684.49230957, "dvar": 971018.6875, "dvar2": 1904653.375, "max": 19832.0800781, "mean": 1291.47229004, "median": 882.861328125, "min": 64.599609375, "var": 3369617.25}, "spectral_skewness": {"dmean": 0.231916293502, "dmean2": 0.363334327936, "dvar": 0.0684585049748, "dvar2": 0.16960978508, "max": 8.5597076416, "mean": 1.84141290188, "median": 1.71303093433, "min": -0.226347997785, "var": 0.801559448242}, "spectral_spread": {"dmean": 651670, "dmean2": 834464, "dvar": 610377728000, "dvar2": 1015274340350.0, "max": 42851708, "mean": 4896452.5, "median": 4529814.5, "min": 871093.875, "var": 6816819838980.0}, "spectral_strongpeak": {"dmean": 0.491791635752, "dmean2": 0.814364671707, "dvar": 0.77808880806, "dvar2": 1.84234917164, "max": 15.0418758392, "mean": 0.992775976658, "median": 0.359827935696, "min": 0, "var": 1.6749958992}, "zerocrossingrate": {"dmean": 0.0109258880839, "dmean2": 0.0121271181852, "dvar": 0.0002439628297, "dvar2": 0.000242796100792, "max": 0.52197265625, "mean": 0.0556825734675, "median": 0.04541015625, "min": 0.00341796875, "var": 0.00240411539562}, "barkbands": {"dmean": [0.000152031439939, 0.00356410094537, 0.00361761171371, 0.00122947094496, 0.00293074687943, 0.000517621636391, 0.000893296324648, 0.00111637497321, 0.000705229816958, 0.000740829040296, 0.000440916221123, 0.000285524263745, 0.000268480158411, 0.000229437442613, 0.000271234224783, 0.000151742846356, 0.000131127584609, 0.000130113097839, 0.000122752855532, 9.75578586804e-05, 0.000116571536637, 0.000111143177492, 0.000102968158899, 6.60823570797e-05, 5.03567571286e-05, 5.84589870414e-05, 2.74548692687e-05], "dmean2": [0.000227989497944, 0.00584935303777, 0.00636222958565, 0.00220004282892, 0.00479945819825, 0.00088656693697, 0.00142006471287, 0.00169289112091, 0.00103089085314, 0.0010414988501, 0.000664748484269, 0.000441730750026, 0.000409354834119, 0.000334702490363, 0.000405584287364, 0.000229254656006, 0.000201244911295, 0.000209782592719, 0.000212301441934, 0.000161604752066, 0.000182745585334, 0.000169388891663, 0.000148003266077, 9.49367677094e-05, 6.98323710822e-05, 8.33662707009e-05, 3.93228656321e-05], "dvar": [1.81781373954e-07, 6.40299695078e-05, 9.8816875834e-05, 8.85010467755e-06, 6.57142518321e-05, 1.58643740633e-06, 6.25928214504e-06, 9.91439719655e-06, 3.66358153769e-06, 3.65879577657e-06, 1.66254517353e-06, 7.78725564032e-07, 5.85034285905e-07, 4.64195579752e-07, 5.32396256858e-07, 2.01863130656e-07, 1.51058159759e-07, 9.63747552873e-08, 1.16284759599e-07, 6.34341787986e-08, 1.0068237799e-07, 1.16616952539e-07, 1.85801511066e-07, 6.3380348081e-08, 1.79740435868e-08, 1.85768342931e-08, 3.99589161759e-09], "dvar2": [4.10688926422e-07, 0.000152186185005, 0.000277962215478, 2.50193152169e-05, 0.000167269870872, 4.37159951616e-06, 1.45024841913e-05, 2.25872918236e-05, 7.86003874964e-06, 6.99700240148e-06, 3.61165143659e-06, 1.84419104698e-06, 1.24911878174e-06, 8.68390372943e-07, 1.12794634788e-06, 4.39563592636e-07, 3.07582666892e-07, 2.36639564832e-07, 3.26077184809e-07, 1.65469984381e-07, 2.29272842489e-07, 2.77943456695e-07, 3.90269946138e-07, 1.33725492901e-07, 3.54991769314e-08, 4.05082296595e-08, 7.94055932118e-09], "max": [0.00447163265198, 0.0871822610497, 0.100520923734, 0.0336383916438, 0.0944039598107, 0.0241309572011, 0.0462740883231, 0.0578604154289, 0.0391735173762, 0.044542286545, 0.0328240841627, 0.0245081726462, 0.022031897679, 0.0184880644083, 0.025165265426, 0.014386757277, 0.0160077121109, 0.00872312393039, 0.00536322640255, 0.00674278335646, 0.00928464159369, 0.0113306157291, 0.0101366695017, 0.00555459083989, 0.00367308291607, 0.0028676642105, 0.000912244431674], "mean": [0.000136505652335, 0.00550025142729, 0.00417357729748, 0.00149232591502, 0.00373108359054, 0.000827090290841, 0.00139071978629, 0.00206094165333, 0.00144687958527, 0.00156995886937, 0.000950874353293, 0.000516239146236, 0.000458830589196, 0.000399629876483, 0.000494720647112, 0.000240198802203, 0.00023322297784, 0.000217380351387, 0.000158796392498, 0.000152305321535, 0.000180511575309, 0.000164508775924, 0.000163506003446, 0.000104398852272, 7.44053977542e-05, 7.25385471014e-05, 3.06405854644e-05], "median": [9.89241107163e-06, 0.00367583474144, 0.0013049748959, 0.000870944233611, 0.00157490896527, 0.000395924638724, 0.00044561206596, 0.000249927164987, 0.000263084133621, 0.000205819320399, 0.000297100981697, 0.000182917472557, 0.00013505294919, 8.57167397044e-05, 0.00015835823433, 6.20936261839e-05, 7.13888148312e-05, 9.26688226173e-05, 5.19851200806e-05, 4.57458445453e-05, 5.35984654562e-05, 4.7805649956e-05, 3.24071406794e-05, 2.19581525016e-05, 9.90939042822e-06, 9.73325859377e-06, 1.92333391169e-06], "min": [4.99346487815e-25, 2.5053784532e-24, 1.60714770271e-24, 2.73588203199e-24, 1.66296596209e-23, 1.75948009617e-23, 1.62849968251e-23, 1.24286944661e-23, 1.77762799907e-23, 2.84342262714e-23, 3.30850283134e-23, 5.08162864344e-23, 2.91702492732e-23, 3.83756691246e-23, 4.82593074061e-23, 4.9786217108e-23, 6.70629272646e-23, 9.823025365e-23, 1.52798129047e-22, 2.01342798997e-22, 3.05492784786e-22, 3.78070386204e-22, 4.42439189394e-22, 6.03709570967e-22, 8.623686052e-22, 1.44213466997e-21, 1.89135755828e-21], "var": [1.91232331304e-07, 6.74975963193e-05, 7.82482893555e-05, 6.42325721856e-06, 5.82046050113e-05, 1.9656722543e-06, 1.03939100882e-05, 2.2696569431e-05, 1.25650249174e-05, 1.35478112497e-05, 5.20724915987e-06, 1.79481719442e-06, 1.20092738598e-06, 1.33983269279e-06, 1.16978321785e-06, 3.80405595024e-07, 3.64566602684e-07, 1.35523890776e-07, 1.10875106429e-07, 9.5004416778e-08, 1.57261638378e-07, 1.51283003902e-07, 3.24356392412e-07, 1.13189955186e-07, 3.5238585383e-08, 2.77356946299e-08, 5.75481751142e-09]}, "erbbands": {"dmean": [0.0901909396052, 0.921461462975, 3.67916846275, 4.46294355392, 4.1165933609, 15.3928117752, 5.65121412277, 4.57129001617, 8.21591663361, 21.6643123627, 20.8033504486, 16.9026565552, 22.3096179962, 19.2440948486, 15.5662889481, 11.4144916534, 11.7552928925, 11.1166887283, 11.9471654892, 10.6475877762, 7.2067732811, 6.46220207214, 7.18225336075, 6.05148506165, 5.74098205566, 4.97464132309, 4.41286230087, 4.69898366928, 3.84694957733, 3.85640621185, 2.85095787048, 1.72176969051, 0.990792036057, 0.649142682552, 0.326839983463, 0.257404327393, 0.0955142006278, 0.0372495092452, 0.00515005784109, 0.000116430368507], "dmean2": [0.142702460289, 1.56771755219, 6.42436075211, 7.97146177292, 6.90285205841, 25.1607646942, 9.25996112823, 7.67507171631, 13.2674646378, 33.1850662231, 31.3451900482, 24.0445899963, 30.9835910797, 26.6655960083, 23.9819145203, 17.0830192566, 17.8946056366, 15.8506145477, 17.7047233582, 15.904961586, 10.7098026276, 9.84928131104, 11.5426397324, 10.1220064163, 9.78232860565, 8.35080432892, 7.22353076935, 7.19950914383, 5.9151725769, 5.85555553436, 4.11010503769, 2.4425330162, 1.45736134052, 0.913815736771, 0.452646046877, 0.383939981461, 0.136069193482, 0.0522312931716, 0.00725386478007, 0.000162487544003], "dvar": [0.0524111576378, 4.57032299042, 94.0924072266, 161.911437988, 58.09582901, 1991.3223877, 242.212158203, 118.943107605, 448.067016602, 3910.57080078, 3658.56567383, 2000.01599121, 3603.56689453, 3013.28466797, 2061.04541016, 1111.71582031, 1052.52453613, 1044.84082031, 1012.56872559, 837.575317383, 437.994140625, 361.392181396, 291.370788574, 224.144256592, 248.262817383, 163.619354248, 155.071350098, 179.155609131, 138.588882446, 183.27444458, 146.081817627, 49.9812088013, 13.8222465515, 3.86491274834, 0.641611158848, 0.469062209129, 0.0458902642131, 0.00711373053491, 0.000143674551509, 6.30973744364e-08], "dvar2": [0.121362604201, 11.6616134644, 263.768951416, 460.469543457, 150.843338013, 5072.99804688, 641.629272461, 321.012542725, 1062.04626465, 9041.36035156, 8487.90039062, 4066.11669922, 6928.89746094, 5464.51757812, 4947.63525391, 2458.00341797, 2236.59179688, 1925.19116211, 2151.03710938, 1775.24072266, 961.802734375, 778.785827637, 690.84753418, 594.492614746, 678.790100098, 436.536315918, 388.250610352, 393.706359863, 340.173370361, 414.586303711, 303.768951416, 103.489494324, 30.2049789429, 7.94867610931, 1.24604463577, 1.11287498474, 0.0951221138239, 0.013796386309, 0.000302223750623, 1.25911896021e-07], "max": [2.20445823669, 23.4445133209, 94.2831573486, 119.887939453, 102.561584473, 537.711242676, 171.530212402, 219.273971558, 548.21295166, 1368.66748047, 1134.5045166, 1114.32995605, 1710.93566895, 1433.59436035, 1460.4017334, 1102.89831543, 1146.09887695, 985.669555664, 1109.91223145, 868.317932129, 678.782226562, 766.84185791, 495.667236328, 396.651672363, 268.825469971, 287.783172607, 303.881713867, 438.262908936, 440.820220947, 377.513763428, 272.711883545, 154.48223877, 77.7205886841, 61.4388542175, 19.3936901093, 11.6737909317, 5.3061041832, 1.55098128319, 0.243464961648, 0.00370287522674], "mean": [0.109517306089, 1.42121732235, 4.5927400589, 5.29161977768, 6.16001796722, 18.2117786407, 7.54505825043, 7.74851703644, 13.8756303787, 38.1352119446, 36.7615776062, 37.9164543152, 47.6659584045, 43.9512825012, 34.4282875061, 22.684797287, 21.2463321686, 21.8671131134, 23.5343494415, 19.8213539124, 13.6952342987, 11.944144249, 12.2875051498, 9.42200565338, 7.69338321686, 7.60790538788, 6.29979276657, 7.50465869904, 5.65292072296, 5.89202690125, 4.42682266235, 2.65265393257, 1.57196426392, 0.951029241085, 0.475939035416, 0.310363441706, 0.12084159255, 0.043742582202, 0.0057108560577, 0.000152788401465], "median": [0.047261159867, 0.991687655449, 2.00354123116, 2.64340496063, 3.67862868309, 6.53545808792, 3.10956811905, 3.81715154648, 5.43635129929, 9.11641407013, 6.76814842224, 7.71354103088, 7.77024078369, 11.0520153046, 12.4946775436, 8.45514011383, 6.88928318024, 5.80703115463, 6.87228298187, 6.88564062119, 4.35154342651, 3.78399443626, 5.02172851562, 4.02626180649, 2.29450726509, 2.35195112228, 1.90381789207, 2.11921095848, 1.60723721981, 1.53917992115, 0.788187742233, 0.455983489752, 0.350353628397, 0.128109350801, 0.0660148859024, 0.0453035719693, 0.0158901643008, 0.00344752054662, 0.000372761161998, 4.33759305452e-05], "min": [1.10802203679e-22, 7.41695252486e-22, 3.06335252892e-21, 1.08182582153e-20, 2.83329263833e-20, 5.73833673245e-20, 7.7913951354e-20, 1.39131766107e-19, 2.35610144873e-19, 2.10683186361e-19, 2.69159789187e-19, 3.24848043716e-19, 8.72414674158e-19, 8.714998124e-19, 1.50193086337e-18, 2.01003958272e-18, 1.48645731264e-18, 1.7484310995e-18, 2.70897638785e-18, 2.72782886799e-18, 3.9954713694e-18, 4.16377780864e-18, 5.43380155624e-18, 6.7163024962e-18, 7.4597281766e-18, 8.88003202994e-18, 1.05981407561e-17, 1.03804987836e-17, 1.46455983591e-17, 1.1552606267e-17, 1.23409598488e-17, 1.21889753374e-17, 9.00748236436e-18, 7.82032598412e-18, 6.873244301e-18, 4.39667299164e-18, 2.66140729878e-18, 9.01093439585e-19, 2.54646129858e-19, 2.46640685583e-20], "var": [0.0531359352171, 4.19434738159, 74.0745391846, 110.389022827, 63.8804931641, 1714.66772461, 232.00440979, 170.719039917, 783.756408691, 7355.75390625, 7354.60693359, 8231.49511719, 12517.6552734, 11045.9199219, 6461.62548828, 3207.10913086, 2243.62060547, 3271.32128906, 2607.42089844, 1718.02539062, 989.737548828, 734.538696289, 450.795043945, 275.390838623, 266.495758057, 232.711044312, 198.794387817, 297.606872559, 166.59085083, 279.168579102, 259.654510498, 90.9912796021, 23.2815093994, 7.0841012001, 1.29543757439, 0.587559401989, 0.0745026245713, 0.0109744202346, 0.000198239693418, 9.4019284802e-08]}, "gfcc": {"mean": [-12.5007419586, 94.1003952026, -95.3975830078, 23.6680793762, -49.2079963684, 13.9341640472, -26.433921814, 4.73065090179, -20.0792484283, -0.125818908215, -18.8794898987, 1.5098451376, -14.7017068863], "cov": [[13345.7792969, -2053.09301758, -1091.79943848, -281.375549316, -657.461486816, 290.44732666, -113.166397095, 378.629211426, -114.737228394, 139.550445557, -550.997192383, 61.269695282, -293.913757324], [-2053.09301758, 1727.87304688, 89.6997375488, 81.6007385254, 292.794494629, -10.1239938736, 110.720245361, -112.801597595, 111.790130615, -79.0982437134, 154.694061279, -84.7495803833, 83.0300369263], [-1091.79943848, 89.6997375488, 850.593444824, 147.676651001, 206.88369751, 0.0729441642761, 17.3991756439, -19.8135757446, 25.1265296936, 59.9136505127, 111.330360413, 19.6132411957, 31.7948608398], [-281.375549316, 81.6007385254, 147.676651001, 381.274353027, 56.9817619324, -12.0057048798, -7.15757656097, -19.5569343567, 4.79489469528, -15.0643167496, 56.365486145, -11.2190828323, 28.1093025208], [-657.461486816, 292.794494629, 206.88369751, 56.9817619324, 284.400390625, 31.9430885315, 55.2296180725, -18.6681518555, 18.6847763062, 10.0788516998, 48.6648826599, 6.1384396553, 22.7171993256], [290.44732666, -10.1239938736, 0.0729441642761, -12.0057048798, 31.9430885315, 221.937713623, 72.3507080078, 10.640212059, -9.1899766922, -5.45271778107, -6.17864751816, -19.7442836761, -20.2014732361], [-113.166397095, 110.720245361, 17.3991756439, -7.15757656097, 55.2296180725, 72.3507080078, 140.230957031, 18.4564647675, -5.26647520065, 3.91902375221, 18.3885803223, -8.76890563965, -7.79300165176], [378.629211426, -112.801597595, -19.8135757446, -19.5569343567, -18.6681518555, 10.640212059, 18.4564647675, 106.408744812, 49.3866729736, 10.5331964493, -28.9363613129, 2.55753397942, -13.928358078], [-114.737228394, 111.790130615, 25.1265296936, 4.79489469528, 18.6847763062, -9.1899766922, -5.26647520065, 49.3866729736, 130.494689941, 13.5443639755, -17.7047080994, -17.2246894836, 7.34371185303], [139.550445557, -79.0982437134, 59.9136505127, -15.0643167496, 10.0788516998, -5.45271778107, 3.91902375221, 10.5331964493, 13.5443639755, 75.2771072388, 16.8988819122, 9.80727863312, -8.82547855377], [-550.997192383, 154.694061279, 111.330360413, 56.365486145, 48.6648826599, -6.17864751816, 18.3885803223, -28.9363613129, -17.7047080994, 16.8988819122, 106.880714417, 14.1032037735, 10.9334220886], [61.269695282, -84.7495803833, 19.6132411957, -11.2190828323, 6.1384396553, -19.7442836761, -8.76890563965, 2.55753397942, -17.2246894836, 9.80727863312, 14.1032037735, 77.7783660889, 12.1529407501], [-293.913757324, 83.0300369263, 31.7948608398, 28.1093025208, 22.7171993256, -20.2014732361, -7.79300165176, -13.928358078, 7.34371185303, -8.82547855377, 10.9334220886, 12.1529407501, 57.5039367676]], "icov": [[0.0001481371728, -2.93990615319e-05, 9.57367155934e-05, -0.000133155626827, 0.000143157245475, -0.000229695273447, 0.000184141055797, -0.000417749746703, 0.000362950813724, -0.00053521769587, 0.000693078851327, -0.000266613584245, 0.000394357659388], [-2.93990615319e-05, 0.00140628486406, 0.000292790675303, 0.000358525663614, -0.00104714930058, 0.000451453612186, -0.000979218049906, 0.001618502778, -0.0020391587168, 0.00194841285702, -0.00230610952713, 0.00144310609903, -0.00099341198802], [9.57367155934e-05, 0.000292790675303, 0.00182849843986, -0.000390834582504, -0.00111061008647, -0.000142064745887, 0.000266420538537, -6.47820343147e-05, -0.00033163712942, -0.00101437070407, -0.00107456592377, 0.000102141915704, -0.000274736172287], [-0.000133155626827, 0.000358525663614, -0.000390834582504, 0.00336315226741, -0.000555353646632, 0.000333905074513, 8.47195988172e-05, 0.000473147374578, -0.000832913734484, 0.0020103813149, -0.00267998105846, 0.0014926798176, -0.00155436305795], [0.000143157245475, -0.00104714930058, -0.00111061008647, -0.000555353646632, 0.00590881565586, -0.000892218959052, -0.00105575064663, -0.000201474817004, 0.000524775823578, -0.00158589787316, 0.00166511209682, -0.00185327499639, 5.42698217032e-05], [-0.000229695273447, 0.000451453612186, -0.000142064745887, 0.000333905074513, -0.000892218959052, 0.00619889423251, -0.00330443587154, 0.00103775435127, -0.000668385182507, 0.00185972033069, -0.000941920268815, 0.00168611505069, 0.000616706209257], [0.000184141055797, -0.000979218049906, 0.000266420538537, 8.47195988172e-05, -0.00105575064663, -0.00330443587154, 0.011002083309, -0.00455874623731, 0.00320308096707, -0.00205884152092, -6.94960981491e-05, 0.000183914220543, 0.00105868373066], [-0.000417749746703, 0.001618502778, -6.47820343147e-05, 0.000473147374578, -0.000201474817004, 0.00103775435127, -0.00455874623731, 0.0171166304499, -0.008927824907, 0.00266849901527, -0.00101166509558, -0.000945166975725, 0.00124645687174], [0.000362950813724, -0.0020391587168, -0.00033163712942, -0.000832913734484, 0.000524775823578, -0.000668385182507, 0.00320308096707, -0.008927824907, 0.0147835416719, -0.00593123398721, 0.00570291606709, 0.00102443213109, -0.000879623054061], [-0.00053521769587, 0.00194841285702, -0.00101437070407, 0.0020103813149, -0.00158589787316, 0.00185972033069, -0.00205884152092, 0.00266849901527, -0.00593123398721, 0.0205100178719, -0.00810368359089, 0.000788199889939, 0.000955869734753], [0.000693078851327, -0.00230610952713, -0.00107456592377, -0.00267998105846, 0.00166511209682, -0.000941920268815, -6.94960981491e-05, -0.00101166509558, 0.00570291606709, -0.00810368359089, 0.0203707776964, -0.00536951236427, 0.00282287038863], [-0.000266613584245, 0.00144310609903, 0.000102141915704, 0.0014926798176, -0.00185327499639, 0.00168611505069, 0.000183914220543, -0.000945166975725, 0.00102443213109, 0.000788199889939, -0.00536951236427, 0.0174611825496, -0.00579127203673], [0.000394357659388, -0.00099341198802, -0.000274736172287, -0.00155436305795, 5.42698217032e-05, 0.000616706209257, 0.00105868373066, 0.00124645687174, -0.000879623054061, 0.000955869734753, 0.00282287038863, -0.00579127203673, 0.0233387053013]]}, "melbands": {"dmean": [0.00089774269145, 0.00165871705394, 0.000719218398444, 0.000699604745023, 0.000306709087454, 0.000101493453258, 0.000144480465678, 0.000246990035521, 0.000159015486133, 0.000108271662612, 0.000113567642984, 8.06613024906e-05, 5.24339848198e-05, 3.69133558706e-05, 2.60495180555e-05, 2.6864136089e-05, 2.26869742619e-05, 1.93344494619e-05, 2.18348086491e-05, 1.21725561257e-05, 8.47628416523e-06, 7.7655631685e-06, 6.42566601528e-06, 6.15822000327e-06, 5.09703568241e-06, 4.17923365603e-06, 3.70963721252e-06, 3.30541638505e-06, 3.21863308272e-06, 2.25210419558e-06, 3.15175384458e-06, 2.21840764425e-06, 2.31631520364e-06, 2.13044336306e-06, 1.66090103448e-06, 1.60397564741e-06, 9.01627572603e-07, 7.19051172382e-07, 6.41588030703e-07, 5.31361934009e-07], "dmean2": [0.00143015594222, 0.002849990502, 0.00127698539291, 0.00114292965736, 0.00050036952598, 0.000170200859429, 0.000232574311667, 0.000378422177164, 0.000238308333792, 0.000154295630637, 0.000157771399245, 0.000111982059025, 7.99106273917e-05, 5.71721611777e-05, 3.90440800402e-05, 4.1217153921e-05, 3.25971086568e-05, 2.85146688839e-05, 3.29105678247e-05, 1.84189029824e-05, 1.25893311633e-05, 1.19206679301e-05, 1.02589374364e-05, 9.88653664535e-06, 8.62554952619e-06, 7.24975825506e-06, 6.16133820586e-06, 5.616378985e-06, 5.43262149222e-06, 3.58325974048e-06, 4.85460759592e-06, 3.46828051079e-06, 3.57555745722e-06, 3.28005694428e-06, 2.44891066359e-06, 2.31729063671e-06, 1.30541855015e-06, 1.08248184461e-06, 9.37631511988e-07, 7.52204982746e-07], "dvar": [4.25694543082e-06, 1.80691586138e-05, 3.70028647012e-06, 3.51448784386e-06, 7.62912861774e-07, 5.90832662795e-08, 1.37445780979e-07, 4.70622524062e-07, 2.09842923482e-07, 8.52801065321e-08, 9.33236705691e-08, 5.20107903412e-08, 2.37868462705e-08, 1.06315800608e-08, 6.83286804914e-09, 5.57005996882e-09, 4.93457852357e-09, 2.88097012913e-09, 3.99442079413e-09, 1.28856703085e-09, 6.33073982126e-10, 5.3616278084e-10, 4.01788019522e-10, 2.10356967956e-10, 1.62848928786e-10, 1.49912721126e-10, 9.75766620281e-11, 6.79944711646e-11, 8.69756280886e-11, 4.53972900938e-11, 9.40789252057e-11, 4.37193614644e-11, 5.97248916989e-11, 6.18940038111e-11, 4.57350407546e-11, 5.12727742208e-11, 1.36021706051e-11, 7.21040154666e-12, 5.34585483519e-12, 2.4873883335e-12], "dvar2": [9.87178918876e-06, 4.96075881529e-05, 1.04936088974e-05, 8.87263740879e-06, 1.95797224478e-06, 1.59493751539e-07, 3.22886364756e-07, 1.08473739147e-06, 4.82916277633e-07, 1.72492519823e-07, 1.79089937546e-07, 9.33509340939e-08, 5.34582369482e-08, 2.4408928212e-08, 1.51852237451e-08, 1.20258043523e-08, 9.23754939208e-09, 5.99967364678e-09, 8.51370796084e-09, 2.80204703884e-09, 1.37576383619e-09, 1.12931519691e-09, 9.60059698407e-10, 5.25586185685e-10, 4.33793556631e-10, 4.19664913931e-10, 2.54326393279e-10, 1.82528950288e-10, 2.30019558956e-10, 1.03824643327e-10, 2.01317476578e-10, 1.07760363133e-10, 1.42181877383e-10, 1.41006747945e-10, 9.81902892327e-11, 1.06459285831e-10, 3.01534040792e-11, 1.61485304295e-11, 1.18366367055e-11, 5.06939412323e-12], "max": [0.0186926182359, 0.0427683293819, 0.0182065181434, 0.0232643559575, 0.00836719758809, 0.00424355175346, 0.00836774986237, 0.0140699865296, 0.00881518423557, 0.00736878067255, 0.00854843202978, 0.00628890376538, 0.00447667902336, 0.00334021123126, 0.00282459170558, 0.00235131429508, 0.00205246196128, 0.00176724849734, 0.00263128010556, 0.00104539946187, 0.000894447730388, 0.00116877129767, 0.000709844578523, 0.00036722474033, 0.000344259402482, 0.000289870804409, 0.000308742426569, 0.000162550422829, 0.000187711601029, 0.00026224629255, 0.000257219420746, 0.000256485247519, 0.000269466167083, 0.000228812510613, 0.000148514620378, 0.000179953334737, 9.66286024777e-05, 5.71066884731e-05, 5.92097385379e-05, 5.73839861318e-05], "mean": [0.00128534669057, 0.00231295148842, 0.000922071805689, 0.000899074424524, 0.000391180365114, 0.00016765332839, 0.000239046290517, 0.000445205107098, 0.000273569428828, 0.000238886728766, 0.000234491279116, 0.000175319612026, 0.000113762434921, 7.4593386671e-05, 4.41346455773e-05, 4.62239586341e-05, 4.09572276112e-05, 3.45327207469e-05, 3.87280451832e-05, 1.96618948394e-05, 1.52786251419e-05, 1.37771594382e-05, 9.95094978862e-06, 1.06030493043e-05, 7.41785288483e-06, 5.04827357872e-06, 5.50637469132e-06, 4.87250053993e-06, 4.09141966884e-06, 3.56157056558e-06, 4.83182475364e-06, 3.155737204e-06, 3.24666325469e-06, 3.19551486427e-06, 2.48727224061e-06, 2.34078356698e-06, 1.34179322231e-06, 1.11759311494e-06, 9.39011499668e-07, 7.53743051973e-07], "median": [0.000760437455028, 0.00128191430122, 0.00052230595611, 0.000385472492781, 0.00015487553901, 7.92487189756e-05, 8.55012185639e-05, 9.36505020945e-05, 4.56373672932e-05, 4.2132105591e-05, 3.4751064959e-05, 3.82442740374e-05, 3.89424458263e-05, 2.97305923596e-05, 1.35110985866e-05, 1.48772023749e-05, 9.01456769498e-06, 8.56755013956e-06, 1.25283886518e-05, 5.37875939699e-06, 4.62236539533e-06, 3.91948742617e-06, 3.52620372723e-06, 4.54175460618e-06, 2.94958681479e-06, 1.56454916578e-06, 1.45548608543e-06, 1.42838325701e-06, 1.0517477449e-06, 1.1263629176e-06, 1.13479029551e-06, 8.59793317431e-07, 8.07429557881e-07, 7.84693554579e-07, 4.53708537407e-07, 2.92624804388e-07, 2.51159065101e-07, 2.61262329104e-07, 1.57978675475e-07, 8.25938002436e-08], "min": [1.1370151008e-24, 2.40433089327e-24, 2.45445176253e-24, 3.26706941113e-24, 3.01652541269e-24, 3.81443277756e-24, 4.20949037459e-24, 2.0191009254e-24, 1.9819098808e-24, 2.08316846103e-24, 3.80266612829e-24, 2.53802901164e-24, 4.54745810791e-24, 4.50959120673e-24, 3.06371941078e-24, 3.9106414647e-24, 3.22365681779e-24, 3.08497270407e-24, 3.24546448308e-24, 3.09278222981e-24, 4.55825524712e-24, 4.16962923305e-24, 3.3912826604e-24, 5.39359702016e-24, 4.25738054242e-24, 5.49167451879e-24, 4.94867749747e-24, 4.81995788027e-24, 6.387914776e-24, 5.98407636823e-24, 5.34215579496e-24, 7.62047207508e-24, 5.84148029328e-24, 5.4797287981e-24, 6.86487585651e-24, 6.83878033777e-24, 5.93269864634e-24, 5.73725401833e-24, 5.5097599439e-24, 5.71404415278e-24], "var": [4.5763149501e-06, 1.45756039274e-05, 2.62591788669e-06, 3.21590277963e-06, 6.76795707477e-07, 8.19110823613e-08, 2.46708026452e-07, 9.81841822068e-07, 4.26276955068e-07, 3.63821612837e-07, 3.21093153843e-07, 1.94321557956e-07, 7.78643922672e-08, 2.97736164612e-08, 1.36018751817e-08, 1.09939284343e-08, 1.46273197998e-08, 7.1151982084e-09, 7.69115793275e-09, 2.49113085715e-09, 1.55778312472e-09, 1.14356368819e-09, 5.22344167919e-10, 3.09792191899e-10, 1.98585412003e-10, 1.32236901984e-10, 1.40004660643e-10, 9.60483290124e-11, 9.24259419e-11, 7.05149480473e-11, 1.59938437494e-10, 5.16709210141e-11, 7.63899221656e-11, 9.23996365532e-11, 7.75515970886e-11, 9.11865999376e-11, 2.19660921397e-11, 1.15244376542e-11, 8.61826235377e-12, 4.45987561118e-12]}, "mfcc": {"mean": [-661.788391113, 131.368148804, 11.0916757584, 20.8550167084, 2.10282230377, 12.215795517, 1.36492538452, 8.63892364502, 1.82544970512, 1.42026495934, 0.369374960661, -0.798799216747, -2.05321550369], "cov": [[8705.63476562, -1268.07055664, -802.335510254, -577.021484375, -489.675140381, -144.695022583, -185.68977356, 125.005371094, 245.410934448, 155.144851685, 63.6657714844, -98.2712554932, -101.839790344], [-1268.07055664, 1263.25646973, -20.6829376221, 82.5664291382, 133.238540649, 120.840446472, 72.0088729858, 50.2761154175, 19.2678966522, 20.3231716156, 41.018032074, 20.9450569153, -14.2465782166], [-802.335510254, -20.6829376221, 612.937988281, 178.542404175, 159.339050293, 54.0146751404, 57.6747703552, -27.986787796, -36.6668052673, 20.811000824, 12.7703399658, 39.1615333557, 49.4722137451], [-577.021484375, 82.5664291382, 178.542404175, 364.453155518, 126.346481323, 10.998799324, 21.4419879913, -26.2303638458, -17.0955142975, -20.5946731567, -29.7313327789, 53.1350822449, 60.0795555115], [-489.675140381, 133.238540649, 159.339050293, 126.346481323, 222.746520996, 59.9358062744, 19.1130943298, 8.08789634705, 4.72041606903, 11.7658882141, 3.81471729279, 17.0045452118, 23.2867164612], [-144.695022583, 120.840446472, 54.0146751404, 10.998799324, 59.9358062744, 164.1275177, 94.4024887085, 28.3226604462, -8.0387172699, 23.8518295288, 17.6146183014, -19.6009273529, -0.448703587055], [-185.68977356, 72.0088729858, 57.6747703552, 21.4419879913, 19.1130943298, 94.4024887085, 185.840240479, 26.6832504272, -36.8678741455, 7.43598461151, 18.335521698, -12.7061977386, 19.5322628021], [125.005371094, 50.2761154175, -27.986787796, -26.2303638458, 8.08789634705, 28.3226604462, 26.6832504272, 101.814331055, 40.5269355774, 13.5948238373, 13.0712537766, 3.49596118927, -6.10128498077], [245.410934448, 19.2678966522, -36.6668052673, -17.0955142975, 4.72041606903, -8.0387172699, -36.8678741455, 40.5269355774, 116.143699646, 34.5241699219, 9.61516952515, 10.6461353302, -9.95537185669], [155.144851685, 20.3231716156, 20.811000824, -20.5946731567, 11.7658882141, 23.8518295288, 7.43598461151, 13.5948238373, 34.5241699219, 116.536369324, 28.2740764618, -17.8960437775, -0.844327628613], [63.6657714844, 41.018032074, 12.7703399658, -29.7313327789, 3.81471729279, 17.6146183014, 18.335521698, 13.0712537766, 9.61516952515, 28.2740764618, 77.4448318481, 13.6230678558, -11.5012712479], [-98.2712554932, 20.9450569153, 39.1615333557, 53.1350822449, 17.0045452118, -19.6009273529, -12.7061977386, 3.49596118927, 10.6461353302, -17.8960437775, 13.6230678558, 81.6206359863, 28.1460399628], [-101.839790344, -14.2465782166, 49.4722137451, 60.0795555115, 23.2867164612, -0.448703587055, 19.5322628021, -6.10128498077, -9.95537185669, -0.844327628613, -11.5012712479, 28.1460399628, 88.4914093018]], "icov": [[0.000185121461982, 0.000185959055671, 0.000174702930963, 5.68581344851e-05, 0.000176267887582, -8.5350817244e-05, 7.68305253587e-05, -0.000129088555695, -0.000244764669333, -0.000171026636963, -0.00016344661708, 4.71220191685e-05, -3.13644741254e-05], [0.000185959055671, 0.00112864363473, 0.000444145465735, -0.000135591821163, -0.000324078660924, -0.000568711140659, -6.19285929133e-05, -0.000281764776446, -0.000246835843427, -0.000224175062613, -0.000452733074781, -0.000311107927701, 0.000326309993397], [0.000174702930963, 0.000444145465735, 0.0025425478816, -0.000522443384398, -0.00118911871687, -0.000290247990051, -0.000408309482737, 0.000457251648186, 0.000364769250154, -0.000816412037238, -0.000484549847897, -0.000785661977716, -0.000140919335536], [5.68581344851e-05, -0.000135591821163, -0.000522443384398, 0.00451744906604, -0.00182324100751, 0.000397979747504, -0.000685412494931, 0.00103065208532, -0.000154157023644, 6.74929324305e-05, 0.00205434719101, -0.00219876808114, -0.00107753800694], [0.000176267887582, -0.000324078660924, -0.00118911871687, -0.00182324100751, 0.00758315995336, -0.00247701513581, 0.00151557300705, -0.000860950618517, -0.000683367310558, -0.000125749123981, -0.000564383168239, 0.000538216438144, -0.000671263260301], [-8.5350817244e-05, -0.000568711140659, -0.000290247990051, 0.000397979747504, -0.00247701513581, 0.010691688396, -0.00469084084034, -0.00105011928827, 0.000115688868391, -0.000811536796391, -0.000407623738283, 0.00195468799211, 0.000701883691363], [7.68305253587e-05, -6.19285929133e-05, -0.000408309482737, -0.000685412494931, 0.00151557300705, -0.00469084084034, 0.0094774607569, -0.00278884149157, 0.00292747304775, 0.000302897504298, -0.00216126767918, 0.00179473531898, -0.00245425058529], [-0.000129088555695, -0.000281764776446, 0.000457251648186, 0.00103065208532, -0.000860950618517, -0.00105011928827, -0.00278884149157, 0.0136182382703, -0.00501613179222, 0.000469308928587, 1.42317157952e-05, -0.00149668741506, 0.00054450542666], [-0.000244764669333, -0.000246835843427, 0.000364769250154, -0.000154157023644, -0.000683367310558, 0.000115688868391, 0.00292747304775, -0.00501613179222, 0.0133794955909, -0.0038031488657, 0.000720983254723, -0.00255925278179, 0.00114434235729], [-0.000171026636963, -0.000224175062613, -0.000816412037238, 6.74929324305e-05, -0.000125749123981, -0.000811536796391, 0.000302897504298, 0.000469308928587, -0.0038031488657, 0.0120793348178, -0.00465022819117, 0.00475707883015, -0.00225789519027], [-0.00016344661708, -0.000452733074781, -0.000484549847897, 0.00205434719101, -0.000564383168239, -0.000407623738283, -0.00216126767918, 1.42317157952e-05, 0.000720983254723, -0.00465022819117, 0.0181957148015, -0.00698569323868, 0.00386317772791], [4.71220191685e-05, -0.000311107927701, -0.000785661977716, -0.00219876808114, 0.000538216438144, 0.00195468799211, 0.00179473531898, -0.00149668741506, -0.00255925278179, 0.00475707883015, -0.00698569323868, 0.0195289514959, -0.00605681212619], [-3.13644741254e-05, 0.000326309993397, -0.000140919335536, -0.00107753800694, -0.000671263260301, 0.000701883691363, -0.00245425058529, 0.00054450542666, 0.00114434235729, -0.00225789519027, 0.00386317772791, -0.00605681212619, 0.0154225435108]]}, "spectral_contrast_coeffs": {"dmean": [0.0517534650862, 0.0455757491291, 0.0348265841603, 0.029767068103, 0.0230735149235, 0.0185689814389], "dmean2": [0.0855938717723, 0.0741541534662, 0.0554953552783, 0.046814031899, 0.035722464323, 0.0290343593806], "dvar": [0.00229770690203, 0.00166306167375, 0.00090015376918, 0.000705629296135, 0.000484891148517, 0.000312957592541], "dvar2": [0.00595396896824, 0.00413143122569, 0.00208534812555, 0.00155876367353, 0.0010397908045, 0.000730632047635], "max": [-0.340079694986, -0.437592417002, -0.46416079998, -0.548431158066, -0.58631581068, -0.566431641579], "mean": [-0.643222749233, -0.738332688808, -0.754259765148, -0.773675501347, -0.793155014515, -0.765347778797], "median": [-0.649304986, -0.748753190041, -0.76547986269, -0.781069159508, -0.798430919647, -0.766883850098], "min": [-0.97721517086, -0.990231156349, -0.989840686321, -0.983808100224, -0.985139131546, -0.968581438065], "var": [0.00511296838522, 0.00697436928749, 0.00600691, 0.00394717697054, 0.00272124260664, 0.00159659190103]}, "spectral_contrast_valleys": {"dmean": [0.376116394997, 0.371272176504, 0.298901408911, 0.307722181082, 0.334408015013, 0.366629391909], "dmean2": [0.615783393383, 0.606921553612, 0.479077726603, 0.465010464191, 0.469295740128, 0.446955829859], "dvar": [0.112255387008, 0.143230319023, 0.0782369971275, 0.0998093634844, 0.163951411843, 0.173886060715], "dvar2": [0.270897328854, 0.350176036358, 0.178889989853, 0.2071480304, 0.337492018938, 0.291668027639], "max": [-5.02699232101