{"lowlevel": {"average_loudness": 0.759242713451, "barkbands_crest": {"dmean": 2.32786083221, "dmean2": 3.63542246819, "dvar": 5.15732431412, "dvar2": 11.8424911499, "max": 26.414390564, "mean": 12.0373353958, "median": 11.2682228088, "min": 2.77850747108, "var": 20.9071235657}, "barkbands_flatness_db": {"dmean": 0.0238771382719, "dmean2": 0.0352956913412, "dvar": 0.00061082286993, "dvar2": 0.00123406364582, "max": 0.488334476948, "mean": 0.181189954281, "median": 0.179238602519, "min": 0.0390196591616, "var": 0.00306118489243}, "barkbands_kurtosis": {"dmean": 4.38225603104, "dmean2": 6.62443876266, "dvar": 53.1122436523, "dvar2": 112.468086243, "max": 256.434997559, "mean": 8.81090068817, "median": 5.50548887253, "min": -1.97961473465, "var": 169.869232178}, "barkbands_skewness": {"dmean": 0.600725769997, "dmean2": 0.891782462597, "dvar": 0.430140554905, "dvar2": 0.918801784515, "max": 11.8340969086, "mean": 1.98663902283, "median": 1.94450616837, "min": -8.16178226471, "var": 2.59784173965}, "barkbands_spread": {"dmean": 5.52252817154, "dmean2": 8.4603729248, "dvar": 64.7691802979, "dvar2": 135.644958496, "max": 114.508346558, "mean": 17.4534626007, "median": 10.4625167847, "min": 0.616705954075, "var": 361.031524658}, "dissonance": {"dmean": 0.0245852414519, "dmean2": 0.0403606109321, "dvar": 0.000492928666063, "dvar2": 0.00128763308749, "max": 0.500000119209, "mean": 0.431750774384, "median": 0.438084095716, "min": 0.236877784133, "var": 0.00147854362149}, "dynamic_complexity": 5.50053215027, "erbbands_crest": {"dmean": 2.48757529259, "dmean2": 3.80369234085, "dvar": 5.93375396729, "dvar2": 13.2243585587, "max": 31.2563838959, "mean": 11.951505661, "median": 10.9185724258, "min": 2.28685593605, "var": 26.7065238953}, "erbbands_flatness_db": {"dmean": 0.0203280244023, "dmean2": 0.0286400336772, "dvar": 0.000433250213973, "dvar2": 0.000777425477281, "max": 0.409141272306, "mean": 0.19138109684, "median": 0.188844203949, "min": 0.0313043259084, "var": 0.00286351144314}, "erbbands_kurtosis": {"dmean": 1.81428658962, "dmean2": 2.74214792252, "dvar": 9.15969657898, "dvar2": 18.9634876251, "max": 151.109268188, "mean": 2.70844340324, "median": 1.22587633133, "min": -1.94423723221, "var": 36.7733650208}, "erbbands_skewness": {"dmean": 0.443128198385, "dmean2": 0.654358148575, "dvar": 0.208008930087, "dvar2": 0.42061394453, "max": 10.3468923569, "mean": 0.995030641556, "median": 1.05654716492, "min": -6.51091527939, "var": 1.5786087513}, "erbbands_spread": {"dmean": 9.68164920807, "dmean2": 14.4685945511, "dvar": 144.93196106, "dvar2": 292.347167969, "max": 183.559448242, "mean": 36.7996520996, "median": 26.7244644165, "min": 2.05292654037, "var": 870.276733398}, "hfc": {"dmean": 3.92495799065, "dmean2": 5.48520708084, "dvar": 30.6528816223, "dvar2": 58.6079940796, "max": 99.8036727905, "mean": 13.479475975, "median": 10.0685558319, "min": 1.09994282397e-16, "var": 151.006896973}, "melbands_crest": {"dmean": 2.83348965645, "dmean2": 4.43273878098, "dvar": 7.53724861145, "dvar2": 18.0714378357, "max": 34.4711952209, "mean": 15.5974941254, "median": 14.6210727692, "min": 2.21422839165, "var": 31.7662849426}, "melbands_flatness_db": {"dmean": 0.0278142746538, "dmean2": 0.0407797135413, "dvar": 0.000976032402832, "dvar2": 0.00200877548195, "max": 0.609108328819, "mean": 0.236067041755, "median": 0.23364803195, "min": 0.00680029531941, "var": 0.00468344753608}, "melbands_kurtosis": {"dmean": 8.03308200836, "dmean2": 12.1775045395, "dvar": 213.279342651, "dvar2": 487.799285889, "max": 373.677459717, "mean": 18.8553352356, "median": 11.6136951447, "min": -1.9716283083, "var": 680.287780762}, "melbands_skewness": {"dmean": 0.721580982208, "dmean2": 1.08341944218, "dvar": 0.672076284885, "dvar2": 1.45324158669, "max": 15.201675415, "mean": 2.87461519241, "median": 2.53418922424, "min": -1.55250597, "var": 3.48466539383}, "melbands_spread": {"dmean": 6.40588951111, "dmean2": 9.81219291687, "dvar": 159.474822998, "dvar2": 356.716125488, "max": 288.500762939, "mean": 20.3950405121, "median": 10.7453403473, "min": 0.55360263586, "var": 1203.75817871}, "pitch_salience": {"dmean": 0.0618799626827, "dmean2": 0.0970921590924, "dvar": 0.00346854701638, "dvar2": 0.00823802873492, "max": 0.875359594822, "mean": 0.526750922203, "median": 0.532963812351, "min": 0.0873506516218, "var": 0.0138061875477}, "silence_rate_20dB": {"dmean": 0, "dmean2": 0, "dvar": 0, "dvar2": 0, "max": 1, "mean": 1, "median": 1, "min": 1, "var": 0}, "silence_rate_30dB": {"dmean": 0.000538938271347, "dmean2": 0.00107797340024, "dvar": 0.000538662774488, "dvar2": 0.00143607333302, "max": 1, "mean": 0.999550938606, "median": 1, "min": 0, "var": 0.000448853621492}, "silence_rate_60dB": {"dmean": 0.0165274403989, "dmean2": 0.0330578498542, "dvar": 0.0162556357682, "dvar2": 0.0366410911083, "max": 1, "mean": 0.142716005445, "median": 0, "min": 0, "var": 0.122362367809}, "spectral_centroid": {"dmean": 227.377960205, "dmean2": 351.1953125, "dvar": 124829.351562, "dvar2": 273589.9375, "max": 11048.9775391, "mean": 984.597473145, "median": 741.062988281, "min": 201.086135864, "var": 657295.375}, "spectral_complexity": {"dmean": 2.07311606407, "dmean2": 3.3365073204, "dvar": 6.04621315002, "dvar2": 13.8231897354, "max": 49, "mean": 11.4323692322, "median": 12, "min": 0, "var": 37.9798049927}, "spectral_decrease": {"dmean": 1.30318544844e-09, "dmean2": 1.85770765437e-09, "dvar": 3.37326859418e-18, "dvar2": 6.6614682798e-18, "max": 6.34456853374e-12, "mean": -5.2302282505e-09, "median": -4.10374756399e-09, "min": -2.99512628033e-08, "var": 2.03113703104e-17}, "spectral_energy": {"dmean": 0.00517724920064, "dmean2": 0.00735695054755, "dvar": 5.18538581673e-05, "dvar2": 0.000101828023617, "max": 0.117971912026, "mean": 0.0209627114236, "median": 0.0165197085589, "min": 1.08610430015e-20, "var": 0.000319468497764}, "spectral_energyband_high": {"dmean": 0.00026783318026, "dmean2": 0.000394620670704, "dvar": 3.20288961575e-07, "dvar2": 6.31998318568e-07, "max": 0.0171585921198, "mean": 0.000394628732465, "median": 0.000117608266009, "min": 7.38772049515e-21, "var": 6.56764882478e-07}, "spectral_energyband_low": {"dmean": 0.00142889213748, "dmean2": 0.00217798259109, "dvar": 1.07148043753e-05, "dvar2": 2.42759888351e-05, "max": 0.0491254515946, "mean": 0.00264197681099, "median": 0.000586429494433, "min": 1.53179281393e-22, "var": 2.4870993002e-05}, "spectral_energyband_middle_high": {"dmean": 0.000927204207983, "dmean2": 0.00123641977552, "dvar": 3.90132572647e-06, "dvar2": 6.38603569314e-06, "max": 0.0666093379259, "mean": 0.00291127152741, "median": 0.00138175103348, "min": 2.08572581713e-21, "var": 2.32473339565e-05}, "spectral_energyband_middle_low": {"dmean": 0.00426596216857, "dmean2": 0.00619200943038, "dvar": 3.89476772398e-05, "dvar2": 7.91296770331e-05, "max": 0.112491548061, "mean": 0.0159220434725, "median": 0.0121914939955, "min": 4.48590941303e-22, "var": 0.000221393667744}, "spectral_entropy": {"dmean": 0.242063581944, "dmean2": 0.351915955544, "dvar": 0.0702654346824, "dvar2": 0.13219255209, "max": 9.8104391098, "mean": 7.16186285019, "median": 7.14839458466, "min": 4.41662406921, "var": 0.378323853016}, "spectral_flux": {"dmean": 0.0178284309804, "dmean2": 0.0279870778322, "dvar": 0.000454958120827, "dvar2": 0.00109596271068, "max": 0.266362339258, "mean": 0.0528734400868, "median": 0.0486134588718, "min": 1.0421633001e-10, "var": 0.00115617120173}, "spectral_kurtosis": {"dmean": 2.84233522415, "dmean2": 4.4984793663, "dvar": 17.0685176849, "dvar2": 43.0343017578, "max": 103.803543091, "mean": 6.94648313522, "median": 5.26817655563, "min": -1.35911548138, "var": 59.4964256287}, "spectral_rms": {"dmean": 0.000527964439243, "dmean2": 0.000742920325138, "dvar": 3.98320509021e-07, "dvar2": 7.50334208988e-07, "max": 0.0107282130048, "mean": 0.00401141820475, "median": 0.00401457212865, "min": 3.25517130612e-12, "var": 4.35986430602e-06}, "spectral_rolloff": {"dmean": 490.878814697, "dmean2": 839.872192383, "dvar": 1316819.625, "dvar2": 3054046, "max": 18238.6230469, "mean": 1893.08276367, "median": 710.595703125, "min": 107.666015625, "var": 10268727}, "spectral_skewness": {"dmean": 0.363569319248, "dmean2": 0.550734162331, "dvar": 0.155132517219, "dvar2": 0.361634761095, "max": 8.2260389328, "mean": 1.92421877384, "median": 1.87781047821, "min": -0.26968190074, "var": 0.772375166416}, "spectral_spread": {"dmean": 762095.625, "dmean2": 1040777.3125, "dvar": 723684294656, "dvar2": 1151497142270.0, "max": 41916600, "mean": 5399518, "median": 4359230.5, "min": 821015.1875, "var": 11087038644200.0}, "spectral_strongpeak": {"dmean": 0.399895906448, "dmean2": 0.647535264492, "dvar": 0.369667291641, "dvar2": 0.856638848782, "max": 12.218419075, "mean": 1.21384835243, "median": 0.960265874863, "min": 0, "var": 1.16267430782}, "zerocrossingrate": {"dmean": 0.0117952842265, "dmean2": 0.013626257889, "dvar": 0.000232008707826, "dvar2": 0.000267244147835, "max": 0.6005859375, "mean": 0.0723268911242, "median": 0.04248046875, "min": 0.005859375, "var": 0.00838182959706}, "barkbands": {"dmean": [3.70169345842e-07, 0.000307785870973, 0.000773175619543, 0.000953183916863, 0.00122863333672, 0.00158581789583, 0.00136044831015, 0.000611096795183, 0.00051388022257, 0.000316284305882, 0.00025279368856, 0.000105907383841, 0.000222500413656, 0.000136947666761, 0.000142942575621, 5.92169162701e-05, 6.36580152786e-05, 9.66804145719e-05, 8.58518396853e-05, 3.62054670404e-05, 5.35381368536e-05, 6.24811145826e-05, 6.98048752383e-05, 4.11387991335e-05, 4.03117701353e-05, 1.19444366646e-05, 1.83042936897e-06], "dmean2": [6.10426184267e-07, 0.000468689919217, 0.00120736239478, 0.00154394726269, 0.00191662716679, 0.00229260744527, 0.00194587477017, 0.000870378746185, 0.00069367501419, 0.000442852528067, 0.00033161076135, 0.000145657060784, 0.000299297913443, 0.000200729104108, 0.000221251757466, 9.10817761905e-05, 9.91333436104e-05, 0.00014936493244, 0.000136153394124, 5.57528728677e-05, 8.32436417113e-05, 9.90309126792e-05, 0.000103107551695, 6.35272735963e-05, 6.04717133683e-05, 1.90897444554e-05, 2.93910170512e-06], "dvar": [1.80426236018e-12, 9.50804405875e-07, 3.63610888598e-06, 7.17207285561e-06, 6.26097244094e-06, 1.04149939943e-05, 1.28232541101e-05, 2.91901278615e-06, 2.48946957981e-06, 1.40464112519e-06, 7.61725061693e-07, 1.78874074663e-07, 7.28694715235e-07, 2.39881302377e-07, 1.5123642072e-07, 2.83560339653e-08, 3.43839445804e-08, 7.25025088855e-08, 4.60485871656e-08, 1.81313595249e-08, 2.52801104494e-08, 2.13283026795e-08, 2.88687864725e-08, 1.16754694801e-08, 1.17832739122e-08, 1.47878687073e-09, 2.29436539212e-11], "dvar2": [4.08754627368e-12, 1.84667612757e-06, 8.46403509058e-06, 1.90097380255e-05, 1.43889019455e-05, 2.04167135962e-05, 2.59296593867e-05, 5.499564395e-06, 4.28292878496e-06, 2.85313967652e-06, 1.35222660447e-06, 2.37512224999e-07, 1.10430391942e-06, 4.20801484324e-07, 2.85608876993e-07, 5.95521356672e-08, 7.53009032906e-08, 1.40509072821e-07, 1.05620131308e-07, 3.31309628621e-08, 5.41028697398e-08, 4.6795776143e-08, 5.82742671895e-08, 2.66164956741e-08, 2.63400519174e-08, 3.71375485919e-09, 5.75213522647e-11], "max": [7.37871305319e-05, 0.0266776233912, 0.0429242104292, 0.0594841912389, 0.0487421452999, 0.071042522788, 0.105049192905, 0.0719328448176, 0.0525614060462, 0.0530183762312, 0.0349290370941, 0.0322850234807, 0.0521631464362, 0.0283333919942, 0.0162527374923, 0.00570856872946, 0.0104268407449, 0.01304174494, 0.00765662407503, 0.00670871883631, 0.00986561737955, 0.00372129166499, 0.00609916169196, 0.00254724198021, 0.00257567153312, 0.00110519386362, 5.45107868675e-05], "mean": [4.15675003751e-07, 0.000521569920238, 0.00135164021049, 0.00132954178844, 0.00259662605822, 0.00458468589932, 0.00404695561156, 0.0018224400701, 0.00126042554621, 0.000786512333434, 0.000626331486274, 0.000220657675527, 0.000447407481261, 0.000221578782657, 0.000219874258619, 0.000102092395537, 0.000114880102046, 0.000154854962602, 0.000133970417664, 5.47159070265e-05, 7.14459893061e-05, 7.50030521885e-05, 9.89767504507e-05, 4.66120363853e-05, 5.85931593378e-05, 1.29029522213e-05, 1.96899168259e-06], "median": [8.84673099222e-08, 7.63600546634e-05, 0.000207113509532, 0.000182407093234, 0.000805742922239, 0.00130179803818, 0.00117295759264, 0.000571151147597, 0.000274658785202, 0.000213972729398, 0.000191068334971, 5.65768787055e-05, 7.97714019427e-05, 5.45623915968e-05, 6.46085827611e-05, 4.27404338552e-05, 4.64107215521e-05, 3.92098736484e-05, 3.53506802639e-05, 1.58303155331e-05, 1.99522182811e-05, 1.3726970792e-05, 1.85920471267e-05, 6.64520803184e-06, 1.81155028258e-05, 2.29341640079e-06, 2.64565386487e-07], "min": [4.52146790209e-24, 4.12925864513e-23, 8.43130370315e-23, 3.2983296811e-23, 2.92882817973e-23, 1.29790552673e-22, 7.14045589405e-23, 7.87087609015e-23, 1.01259542635e-22, 1.11454560093e-22, 5.41345698788e-23, 7.54872107368e-23, 1.77580314291e-22, 2.23772222369e-22, 2.80982636648e-22, 2.85692502283e-22, 2.4800241955e-22, 2.14822551223e-22, 2.2897597804e-22, 3.20312944219e-22, 3.29736790189e-22, 7.03685384474e-22, 5.57849817507e-22, 8.39064366639e-22, 1.19907352367e-21, 1.56762247235e-21, 2.25145577455e-21], "var": [2.92185373119e-12, 2.4890646273e-06, 8.33473859529e-06, 1.10809069156e-05, 2.14909505303e-05, 5.94848715991e-05, 7.19754243619e-05, 1.36600910992e-05, 1.09364355012e-05, 4.86597673444e-06, 3.21956827065e-06, 9.0937959385e-07, 3.261071015e-06, 6.41203996565e-07, 3.95983704493e-07, 6.23959266477e-08, 1.0229206282e-07, 1.85716814372e-07, 1.03273322338e-07, 3.45683908165e-08, 4.08067108992e-08, 3.34640546384e-08, 6.58136229958e-08, 1.55789887657e-08, 2.05651353724e-08, 1.34438638e-09, 2.26394510777e-11]}, "erbbands": {"dmean": [0.00228031049483, 0.0981310456991, 0.741257250309, 2.18610596657, 2.88862228394, 4.83290243149, 9.16982269287, 14.7690505981, 19.4583873749, 15.7920045853, 10.0351572037, 13.6966686249, 8.27278423309, 10.5292444229, 8.18337535858, 5.44398260117, 10.0750522614, 5.93488931656, 9.61092376709, 3.73526191711, 2.71340751648, 3.06772589684, 4.40086460114, 5.47505283356, 3.01678705215, 1.74201977253, 2.09529566765, 2.17819237709, 2.3811275959, 1.97189962864, 2.02046585083, 0.97702819109, 0.593569338322, 0.307542234659, 0.415910661221, 0.0717349871993, 0.0215837545693, 0.00361516117118, 0.000322116829921, 2.06670119951e-05], "dmean2": [0.00354980397969, 0.148967549205, 1.13838100433, 3.47579193115, 4.67216873169, 7.41769075394, 13.6552791595, 21.1144981384, 27.2333679199, 22.5332927704, 14.6058635712, 18.2061138153, 11.5542926788, 14.3691282272, 10.770652771, 7.27843141556, 13.6345300674, 8.69195175171, 14.446228981, 5.73346328735, 4.18816518784, 4.68042564392, 6.75995206833, 8.22318267822, 4.80772399902, 2.72300744057, 3.22896552086, 3.38237047195, 3.79618382454, 2.99912333488, 2.98754143715, 1.4810436964, 0.924398183823, 0.452974975109, 0.636337816715, 0.113092467189, 0.0345511697233, 0.00580777786672, 0.000514533312526, 3.18995043926e-05], "dvar": [4.87652614538e-05, 0.0875535085797, 3.59944152832, 31.615732193, 56.6348571777, 117.34803009, 378.930877686, 920.355957031, 2801.11010742, 1279.45812988, 704.217346191, 1750.33886719, 972.404724121, 1681.02978516, 434.025054932, 387.222045898, 1595.02001953, 369.457336426, 706.135437012, 102.902160645, 44.488571167, 87.3870162964, 145.94493103, 211.90586853, 66.1107788086, 45.2831268311, 58.530002594, 41.1260566711, 32.2966079712, 19.2626533508, 25.6183395386, 6.61455392838, 2.5836725235, 0.437271535397, 1.87775468826, 0.0319866873324, 0.00522347865626, 0.000128125931951, 7.07469894223e-07, 2.00454586263e-09], "dvar2": [0.000109786742541, 0.168907374144, 7.85381937027, 82.1502304077, 152.694015503, 256.153656006, 797.226745605, 1775.24633789, 5452.45703125, 2579.40991211, 1441.65222168, 2963.35205078, 1969.90661621, 3507.52783203, 689.580078125, 504.470092773, 2506.94433594, 699.640258789, 1253.51245117, 216.501434326, 92.9557495117, 175.309631348, 270.53805542, 419.500762939, 167.377105713, 88.4699859619, 120.736808777, 91.6074295044, 71.8287277222, 40.4496231079, 50.9196281433, 14.2943754196, 6.04710292816, 0.951569020748, 4.29760456085, 0.0759500190616, 0.0130691928789, 0.000330220354954, 1.75243246758e-06, 4.93314189498e-09], "max": [0.174740344286, 7.69028234482, 40.0456008911, 93.4990386963, 190.682189941, 270.118225098, 437.226867676, 638.969116211, 1639.59765625, 1327.71203613, 792.29083252, 1357.12463379, 1200.23388672, 1391.97277832, 676.476928711, 1455.1081543, 2371.265625, 832.149353027, 992.956970215, 406.835327148, 210.281585693, 474.168670654, 794.294067383, 392.703887939, 419.580444336, 325.952575684, 554.529785156, 197.18812561, 128.483764648, 82.6962509155, 214.614608765, 97.1892852783, 21.7052249908, 15.4828338623, 33.1531486511, 3.44819235802, 2.23680090904, 0.292024195194, 0.0111707206815, 0.00046755335643], "mean": [0.00409229192883, 0.170090764761, 1.29822742939, 3.47655653954, 4.33487701416, 10.2351760864, 22.872844696, 42.5643196106, 60.8150138855, 50.4527130127, 28.0311908722, 34.6524238586, 21.1932430267, 25.9561786652, 21.8309440613, 12.8033657074, 20.7801113129, 10.893242836, 15.8170862198, 6.53886175156, 5.52328395844, 6.02360153198, 7.86571598053, 8.92407226562, 4.86572790146, 2.59867024422, 2.87726545334, 2.86875391006, 2.80250763893, 2.56703734398, 2.87872338295, 1.20609414577, 0.66086268425, 0.451596617699, 0.565899550915, 0.0856973528862, 0.0232352707535, 0.00400818977505, 0.000358311051968, 4.10580723837e-05], "median": [0.000742347328924, 0.0318845808506, 0.243149936199, 0.664218068123, 1.33384203911, 3.03495907784, 7.41720533371, 13.4793357849, 18.2496356964, 21.4312744141, 12.2720298767, 8.77913093567, 6.86685705185, 7.84131240845, 8.01063537598, 3.94420647621, 4.00910758972, 3.57537746429, 4.223736763, 2.63607501984, 2.81459331512, 2.43515253067, 2.2870464325, 2.0086312294, 1.53491330147, 0.735951185226, 0.650869786739, 0.731860160828, 0.483136594296, 0.47263944149, 0.556915581226, 0.196518138051, 0.099095761776, 0.139864712954, 0.130197525024, 0.0191599000245, 0.00401465129107, 0.000781049835496, 6.65182742523e-05, 2.6950820029e-05], "min": [1.9439816741e-21, 7.68892652143e-21, 6.73559214129e-20, 1.35783894749e-19, 1.18397811969e-19, 8.21364434248e-20, 2.79017300547e-19, 1.4835275423e-18, 7.27946391103e-19, 2.09370579975e-18, 1.17543657513e-18, 2.03045874294e-18, 1.86932582077e-18, 5.0601148563e-18, 3.109277624e-18, 2.33150388905e-18, 7.00439999098e-18, 1.28992422422e-17, 1.56930108466e-17, 1.19239135819e-17, 1.63112704519e-17, 1.41025030017e-17, 1.18904541261e-17, 1.07001031743e-17, 1.45477759798e-17, 1.20111298513e-17, 1.41553813496e-17, 1.68113706153e-17, 2.40868376931e-17, 1.90830203357e-17, 1.55792106467e-17, 1.60110071982e-17, 1.3934858307e-17, 1.41370808057e-17, 8.63937871997e-18, 5.94662417111e-18, 3.07574062004e-18, 1.25827716252e-18, 2.81144395492e-19, 3.340442888e-20], "var": [0.000110050285002, 0.227667555213, 8.31505870819, 59.3397827148, 81.4511032104, 416.789611816, 1626.52734375, 4958.60595703, 16344.109375, 6620.85009766, 2539.81054688, 7864.19238281, 3249.53125, 4880.04785156, 2551.71142578, 1979.2208252, 6785.14892578, 1086.29626465, 2124.13696289, 224.949417114, 108.109642029, 283.343353271, 477.6144104, 491.149810791, 139.811798096, 78.8703994751, 95.5688171387, 61.8886184692, 48.937877655, 35.3053779602, 60.9538345337, 11.3531808853, 3.02688932419, 0.770137310028, 3.04820466042, 0.0406222008169, 0.00465224916115, 0.00010818507144, 7.27002088752e-07, 2.38695352373e-09]}, "gfcc": {"mean": [-71.3342208862, 86.0860137939, -106.494552612, 5.20537376404, -78.0463638306, -4.85434246063, -51.3250923157, 0.587654471397, -26.4054355621, -0.922877073288, -15.6163282394, -0.59312415123, -14.4903669357], "cov": [[21671.2675781, 2690.67358398, -3428.66748047, 8.50440311432, -462.773193359, 479.92880249, 356.961029053, 608.941040039, 78.7679824829, 216.410827637, 152.5440979, -124.686408997, -204.911361694], [2690.67358398, 2844.9387207, -1262.19958496, -267.589752197, 420.333770752, -82.1304931641, 326.369720459, 114.275764465, 106.078895569, -150.146606445, 172.822402954, -174.062454224, 58.1168441772], [-3428.66748047, -1262.19958496, 1765.59472656, 362.286010742, -31.3179149628, 153.260513306, -144.296569824, -83.2882614136, -56.2399673462, 9.28454113007, -165.09072876, 74.3272399902, -38.2616653442], [8.50440311432, -267.589752197, 362.286010742, 629.024047852, 72.571182251, 133.188858032, 30.0333042145, 20.3601417542, -20.5688285828, -15.2706308365, -80.0355911255, -15.3983268738, -57.5971260071], [-462.773193359, 420.333770752, -31.3179149628, 72.571182251, 350.202941895, 17.1148052216, 84.8269958496, 30.4258842468, -25.4009075165, -38.0217437744, 39.6665649414, -49.6432723999, -2.30424165726], [479.92880249, -82.1304931641, 153.260513306, 133.188858032, 17.1148052216, 296.927093506, 80.0245056152, 29.5759124756, 6.77205657959, 29.5567169189, -60.6664237976, -0.983354330063, -42.6981315613], [356.961029053, 326.369720459, -144.296569824, 30.0333042145, 84.8269958496, 80.0245056152, 203.212005615, 67.6745300293, 17.1731643677, 0.194934412837, 13.2612667084, -28.2252483368, -16.2368659973], [608.941040039, 114.275764465, -83.2882614136, 20.3601417542, 30.4258842468, 29.5759124756, 67.6745300293, 162.926071167, 24.0245132446, 9.29822444916, 16.4456577301, -10.3055181503, -16.7718868256], [78.7679824829, 106.078895569, -56.2399673462, -20.5688285828, -25.4009075165, 6.77205657959, 17.1731643677, 24.0245132446, 131.70892334, 43.1413459778, 13.3724765778, 12.9848384857, 3.20257806778], [216.410827637, -150.146606445, 9.28454113007, -15.2706308365, -38.0217437744, 29.5567169189, 0.194934412837, 9.29822444916, 43.1413459778, 131.383789062, 32.0263938904, 40.4206237793, 1.27064216137], [152.5440979, 172.822402954, -165.09072876, -80.0355911255, 39.6665649414, -60.6664237976, 13.2612667084, 16.4456577301, 13.3724765778, 32.0263938904, 148.099945068, 16.1379985809, 13.6212892532], [-124.686408997, -174.062454224, 74.3272399902, -15.3983268738, -49.6432723999, -0.983354330063, -28.2252483368, -10.3055181503, 12.9848384857, 40.4206237793, 16.1379985809, 113.169395447, 31.3072166443], [-204.911361694, 58.1168441772, -38.2616653442, -57.5971260071, -2.30424165726, -42.6981315613, -16.2368659973, -16.7718868256, 3.20257806778, 1.27064216137, 13.6212892532, 31.3072166443, 99.8687667847]], "icov": [[0.000121520679386, -0.000144452409586, 0.000220563611947, -0.000144782432471, 0.00034178129863, -0.000274715013802, 0.000259916472714, -0.000361279817298, 0.000325979752233, -0.000312875607051, 4.94749547215e-05, -6.5193788032e-05, 0.000213635154068], [-0.000144452409586, 0.00108947756235, 0.000187837315025, 0.000346078770235, -0.00116272689775, 0.000260866392637, -0.0010473964503, 0.000555874838028, -0.00132717425004, 0.00143739476334, -0.000466161494842, 0.000638403231278, -0.000763340038247], [0.000220563611947, 0.000187837315025, 0.00143363315146, -0.000513142789714, 8.15184102976e-05, -0.000805388961453, 0.000729448860511, -0.000413773901528, 0.000326325069182, -0.000175073131686, 0.000527899304871, -0.000458067574073, 0.000366561784176], [-0.000144782432471, 0.000346078770235, -0.000513142789714, 0.00230597145855, -0.00101533962879, -0.00015027585323, -0.000543724512681, 0.000222561051487, -0.000499215850141, 0.000670638633892, 0.000506267708261, 9.50940375333e-05, 0.000404779653763], [0.00034178129863, -0.00116272689775, 8.15184102976e-05, -0.00101533962879, 0.00539358658716, -0.000818469445221, -2.54476308328e-05, -0.00122373236809, 0.00224142405204, -0.000870692310855, -0.00121819064952, 0.000797694607172, 0.000243705129833], [-0.000274715013802, 0.000260866392637, -0.000805388961453, -0.00015027585323, -0.000818469445221, 0.0056986939162, -0.00268841953948, 0.000682481797412, -0.000500178721268, -0.000956236268394, 0.00193583057262, -0.000432514993008, 0.000884139502887], [0.000259916472714, -0.0010473964503, 0.000729448860511, -0.000543724512681, -2.54476308328e-05, -0.00268841953948, 0.00880266726017, -0.00291314185597, 0.000811886799056, -0.00127392238937, 2.37049462157e-05, 0.000143343451782, 0.000842624576762], [-0.000361279817298, 0.000555874838028, -0.000413773901528, 0.000222561051487, -0.00122373236809, 0.000682481797412, -0.00291314185597, 0.00853968039155, -0.00209349463694, 0.000982903875411, -0.00076499034185, 0.000216477026697, 0.000220257788897], [0.000325979752233, -0.00132717425004, 0.000326325069182, -0.000499215850141, 0.00224142405204, -0.000500178721268, 0.000811886799056, -0.00209349463694, 0.0107901040465, -0.00469030300155, 0.000722958706319, -0.000855248887092, 0.00077972910367], [-0.000312875607051, 0.00143739476334, -0.000175073131686, 0.000670638633892, -0.000870692310855, -0.000956236268394, -0.00127392238937, 0.000982903875411, -0.00469030300155, 0.0127171287313, -0.00340717402287, -0.00190396653488, -0.000579514016863], [4.94749547215e-05, -0.000466161494842, 0.000527899304871, 0.000506267708261, -0.00121819064952, 0.00193583057262, 2.37049462157e-05, -0.00076499034185, 0.000722958706319, -0.00340717402287, 0.0101294014603, -0.00206073722802, 0.000826544652227], [-6.5193788032e-05, 0.000638403231278, -0.000458067574073, 9.50940375333e-05, 0.000797694607172, -0.000432514993008, 0.000143343451782, 0.000216477026697, -0.000855248887092, -0.00190396653488, -0.00206073722802, 0.0127502353862, -0.0043970476836], [0.000213635154068, -0.000763340038247, 0.000366561784176, 0.000404779653763, 0.000243705129833, 0.000884139502887, 0.000842624576762, 0.000220257788897, 0.00077972910367, -0.000579514016863, 0.000826544652227, -0.0043970476836, 0.0130752278492]]}, "melbands": {"dmean": [5.074103683e-05, 0.000297001708532, 0.000388207176002, 0.000251156568993, 0.000305294437567, 0.000318436941598, 0.000299849780276, 0.000165709934663, 8.25007227832e-05, 8.27642870718e-05, 4.06785438827e-05, 4.39364812337e-05, 3.15994038829e-05, 1.44554651342e-05, 1.95807988348e-05, 1.86785400729e-05, 1.16743858598e-05, 1.70439525391e-05, 6.81247593093e-06, 5.20218054589e-06, 3.14414910463e-06, 3.40338146998e-06, 3.73406487597e-06, 5.01460181113e-06, 4.67885229227e-06, 3.12545898851e-06, 1.30040814383e-06, 1.19770993479e-06, 1.26851784898e-06, 1.38944938044e-06, 1.31397450787e-06, 1.45088677073e-06, 1.15528496281e-06, 1.24694065562e-06, 1.45176966271e-06, 6.93437527843e-07, 5.78745414259e-07, 4.41885930513e-07, 3.06486413137e-07, 2.52390378819e-07], "dmean2": [7.80888876761e-05, 0.000452552718343, 0.000615753408056, 0.000393211172195, 0.000456780137029, 0.000455444213003, 0.000423628691351, 0.000236232721363, 0.000119323733088, 0.000109976477688, 5.73967445234e-05, 6.02071522735e-05, 4.12950685131e-05, 1.95103384613e-05, 2.53563957813e-05, 2.62063713308e-05, 1.71774681803e-05, 2.52982736129e-05, 1.05960943984e-05, 8.07927699498e-06, 4.93770494359e-06, 5.26053054273e-06, 5.66199969398e-06, 7.89571367932e-06, 7.01857925378e-06, 5.13222403242e-06, 2.02593923859e-06, 1.92023367163e-06, 1.94813492271e-06, 2.21724098992e-06, 2.05095830097e-06, 2.37273252424e-06, 1.84260989045e-06, 1.88668229839e-06, 2.16236162487e-06, 1.05856872779e-06, 8.94426932518e-07, 6.9056443408e-07, 4.88309638058e-07, 3.75507767103e-07], "dvar": [2.55016789907e-08, 5.72136627852e-07, 9.6035853403e-07, 2.70314643558e-07, 3.59368044656e-07, 4.12027560515e-07, 6.53136453366e-07, 1.56385823402e-07, 4.657156083e-08, 6.60288392851e-08, 2.49678056008e-08, 2.92689250614e-08, 8.81160211463e-09, 3.18315596104e-09, 6.04921668312e-09, 4.95554886015e-09, 1.81172754576e-09, 2.50112552891e-09, 3.0680263885e-10, 2.28790819623e-10, 5.90217805185e-11, 1.13836509663e-10, 1.58272631112e-10, 1.59258592425e-10, 1.74361525218e-10, 6.195856328e-11, 2.24781148556e-11, 2.57444170149e-11, 3.53409454479e-11, 1.18376454472e-11, 1.87795976686e-11, 1.31254312974e-11, 8.06780683926e-12, 9.24504656857e-12, 1.50997582493e-11, 3.64829000343e-12, 2.35275752873e-12, 1.37910809075e-12, 7.75891612244e-13, 3.24636124189e-13], "dvar2": [5.16878948531e-08, 1.20126946968e-06, 2.51024425779e-06, 6.47606782422e-07, 7.48782781557e-07, 7.97009306552e-07, 1.28510021113e-06, 3.04466055923e-07, 9.46923535139e-08, 1.11450496831e-07, 5.08582331804e-08, 6.1007476404e-08, 1.38193065879e-08, 4.19057677448e-09, 8.06380828777e-09, 9.15641695798e-09, 3.40958683509e-09, 4.26475610382e-09, 6.4534688704e-10, 4.90218976523e-10, 1.29284305483e-10, 2.18373319427e-10, 3.08247483094e-10, 3.42891215421e-10, 3.42449291146e-10, 1.55840410021e-10, 5.29942929817e-11, 5.3037012282e-11, 7.54635312572e-11, 2.59437402117e-11, 4.35727218195e-11, 3.04919839378e-11, 1.82129658577e-11, 2.079435929e-11, 3.07809437661e-11, 7.8513827384e-12, 5.17767599628e-12, 3.1938577217e-12, 1.92862349355e-12, 7.06544957089e-13], "max": [0.0043894178234, 0.0146302059293, 0.0207616649568, 0.0105384346098, 0.0123683745041, 0.0138167431578, 0.0245302021503, 0.015995901078, 0.00519324187189, 0.00924096163362, 0.00597653770819, 0.00589103484526, 0.00327041908167, 0.00448756990954, 0.00546767190099, 0.00325261848047, 0.001910044346, 0.00240243016742, 0.00069099717075, 0.000555554230232, 0.000245754490606, 0.000579939689487, 0.00075832544826, 0.000435516791185, 0.000373526941985, 0.000273008277873, 0.000250441662502, 0.000239561341004, 0.000468379294034, 0.000118658019346, 0.000129804684548, 8.43925154186e-05, 7.85063966759e-05, 6.59982615616e-05, 0.000133866633405, 8.45033573569e-05, 5.19061541127e-05, 1.60890322149e-05, 1.35847258207e-05, 1.27618050101e-05], "mean": [8.6766682216e-05, 0.000531976402272, 0.000618835329078, 0.000477111170767, 0.000783201539889, 0.000920001417398, 0.000917817465961, 0.000526707619429, 0.000214723171666, 0.000204681942705, 0.000100126817415, 0.000104527287476, 8.10744968476e-05, 3.32817835442e-05, 4.42179589299e-05, 3.45964399457e-05, 1.91446833924e-05, 2.76065329672e-05, 1.06359157144e-05, 8.49394109537e-06, 5.96849849899e-06, 6.11068981016e-06, 6.82511608829e-06, 7.57553425501e-06, 7.34171317163e-06, 4.47353613708e-06, 2.08630035559e-06, 1.60641445746e-06, 1.73404112047e-06, 1.73841601736e-06, 1.67533573858e-06, 1.62419416938e-06, 1.348808496e-06, 1.56614225943e-06, 2.04867933462e-06, 8.84912367383e-07, 6.67633798912e-07, 4.83088001602e-07, 3.3842098901e-07, 3.78827195391e-07], "median": [1.2833062101e-05, 0.000102647791209, 0.000140190910315, 0.00015752777108, 0.000278617837466, 0.000280260806903, 0.000268552888883, 0.000217709806748, 8.2220773038e-05, 4.7065106628e-05, 2.81625216303e-05, 2.7381176551e-05, 2.48441829171e-05, 1.15371749416e-05, 7.17082184565e-06, 7.88199758972e-06, 5.18747037859e-06, 6.77205662214e-06, 3.71617306882e-06, 3.26672284245e-06, 3.08068433696e-06, 2.54572046288e-06, 1.87994555745e-06, 1.8073924366e-06, 1.50073879013e-06, 1.2046862139e-06, 6.89845819579e-07, 3.93541881749e-07, 3.64173871503e-07, 4.39828738763e-07, 3.57118778993e-07, 2.44435568675e-07, 2.4430497092e-07, 2.51696974374e-07, 3.84369229778e-07, 1.36379142646e-07, 9.0708482503e-08, 6.50325944207e-08, 5.11113356083e-08, 1.1082216389e-07], "min": [1.38522034359e-23, 2.70919321095e-23, 2.32633834549e-23, 6.66055614889e-24, 8.97438142494e-24, 3.01859581758e-23, 1.17688312515e-23, 2.30097836066e-23, 8.72986136559e-24, 1.39679261753e-23, 8.82952289691e-24, 2.06362478709e-23, 1.00704642097e-23, 7.57182144534e-24, 6.37863264416e-24, 2.57142622692e-23, 2.07292419498e-23, 2.4805167918e-23, 1.67903553204e-23, 1.81960770546e-23, 1.82248894103e-23, 1.33150049367e-23, 1.44507516477e-23, 9.41823874643e-24, 8.18941828145e-24, 9.96484598968e-24, 1.27757041231e-23, 6.88694581806e-24, 8.38339917804e-24, 8.10779405473e-24, 1.09835241647e-23, 1.62448027842e-23, 1.07837916832e-23, 9.90647028269e-24, 8.51532433153e-24, 9.72114161251e-24, 9.83297211215e-24, 8.76777559842e-24, 1.06871136239e-23, 1.29223770312e-23], "var": [6.44492246238e-08, 1.38029463415e-06, 1.68204348938e-06, 7.40193229376e-07, 1.60664717441e-06, 2.30250179811e-06, 3.76333082386e-06, 8.01572127784e-07, 1.72998724679e-07, 2.80165778577e-07, 8.26987758273e-08, 8.86901361241e-08, 5.12077953374e-08, 1.5277361598e-08, 3.59584895193e-08, 1.49775214453e-08, 5.06608310857e-09, 7.47231609921e-09, 7.14864722973e-10, 5.03081021286e-10, 1.26889818097e-10, 3.22860321811e-10, 5.31993948893e-10, 3.62162438927e-10, 3.92583326958e-10, 1.2718383291e-10, 4.21869518485e-11, 3.88905470328e-11, 5.02796068669e-11, 1.92256575243e-11, 2.56961917022e-11, 1.79760043656e-11, 1.16465691258e-11, 1.50903265578e-11, 3.44234571403e-11, 6.87532669685e-12, 3.66063733145e-12, 1.65028114871e-12, 7.87516156887e-13, 5.71870025293e-13]}, "mfcc": {"mean": [-714.724914551, 127.056922913, 7.98558807373, 7.84470367432, -9.31217765808, -10.8205976486, -17.382019043, -6.2375702858, -12.8570098877, -6.33330965042, -2.59561610222, -6.23612499237, -1.80348849297], "cov": [[15563.9589844, 2589.77099609, -1613.80395508, -15.8435564041, -647.177734375, -5.02792596817, 11.3977832794, 254.373123169, 51.8863945007, 228.064697266, 243.163269043, 242.853134155, 28.1940937042], [2589.77099609, 2445.52929688, -894.032409668, -37.388874054, -48.4513320923, -134.722885132, 102.327728271, 94.4463119507, 31.1282920837, 49.0540237427, 43.457862854, 56.770362854, 60.0668106079], [-1613.80395508, -894.032409668, 1178.54528809, 140.351699829, 166.551361084, 197.024002075, -45.9801368713, 32.4355201721, 49.4854888916, -31.9961357117, -2.01517772675, -51.791015625, -14.568523407], [-15.8435564041, -37.388874054, 140.351699829, 365.132995605, 119.651428223, 87.1232681274, 71.1000213623, 57.123966217, 27.6195201874, 8.07847976685, 20.0543956757, -14.0293703079, -15.1833639145], [-647.177734375, -48.4513320923, 166.551361084, 119.651428223, 258.800872803, 51.6778678894, 73.36302948, 16.9409332275, 4.07077503204, 1.76350593567, -13.2907323837, -6.73888731003, -12.6007537842], [-5.02792596817, -134.722885132, 197.024002075, 87.1232681274, 51.6778678894, 304.58972168, 42.3857192993, 75.5919189453, 49.3132286072, 12.5166902542, 46.5367851257, -24.326177597, 14.3066473007], [11.3977832794, 102.327728271, -45.9801368713, 71.1000213623, 73.36302948, 42.3857192993, 221.764678955, 59.8264465332, 13.7372074127, 43.098613739, 7.7278213501, -3.85952997208, -24.1202392578], [254.373123169, 94.4463119507, 32.4355201721, 57.123966217, 16.9409332275, 75.5919189453, 59.8264465332, 151.77772522, 61.5640716553, 28.8399600983, 32.6260528564, -3.75207090378, 3.42054033279], [51.8863945007, 31.1282920837, 49.4854888916, 27.6195201874, 4.07077503204, 49.3132286072, 13.7372074127, 61.5640716553, 133.576904297, 28.232793808, 20.2099704742, 6.04368019104, 9.45974349976], [228.064697266, 49.0540237427, -31.9961357117, 8.07847976685, 1.76350593567, 12.5166902542, 43.098613739, 28.8399600983, 28.232793808, 109.295570374, 29.5114192963, 16.7515964508, 0.144814491272], [243.163269043, 43.457862854, -2.01517772675, 20.0543956757, -13.2907323837, 46.5367851257, 7.7278213501, 32.6260528564, 20.2099704742, 29.5114192963, 114.856292725, 28.8323535919, 36.9046630859], [242.853134155, 56.770362854, -51.791015625, -14.0293703079, -6.73888731003, -24.326177597, -3.85952997208, -3.75207090378, 6.04368019104, 16.7515964508, 28.8323535919, 115.073242188, 39.3793296814], [28.1940937042, 60.0668106079, -14.568523407, -15.1833639145, -12.6007537842, 14.3066473007, -24.1202392578, 3.42054033279, 9.45974349976, 0.144814491272, 36.9046630859, 39.3793296814, 105.254806519]], "icov": [[0.000101044795883, -8.25177557999e-05, 6.05563764111e-05, -8.03844668553e-05, 0.000239880449953, -9.50539470068e-05, 7.56792578613e-05, -0.000114200993266, 7.79340043664e-05, -0.000116941446322, -6.32138471701e-05, -0.000190369057236, 0.000166046782397], [-8.25177557999e-05, 0.000688405823894, 0.000438286544522, 4.98334047734e-05, -0.000390445027733, 0.000245548493695, -0.000118084040878, -0.000356010685209, -0.000205756630749, 0.000137126640766, -2.8915637813e-05, 0.000201922332053, -0.0004456161696], [6.05563764111e-05, 0.000438286544522, 0.00153972627595, -0.000212915605516, -0.000693440320902, -0.000541432120372, 0.000623435305897, -0.000394367292756, -0.000348532543285, 0.000154453809955, -5.76145212108e-05, 0.000168993661646, 5.04069139424e-05], [-8.03844668553e-05, 4.98334047734e-05, -0.000212915605516, 0.00364124029875, -0.00149707263336, -0.000302049244056, -0.000525584735442, -0.000555842241738, -0.000220252957661, 0.000402007921366, -0.000600867671892, 0.000281913991785, 0.000372782204067], [0.000239880449953, -0.000390445027733, -0.000693440320902, -0.00149707263336, 0.00606182590127, -0.000485828146338, -0.00151065876707, 0.000327859568642, 0.000487601937493, -0.000180532355444, 0.000900677463505, -0.000910915900022, 0.000262956426013], [-9.50539470068e-05, 0.000245548493695, -0.000541432120372, -0.000302049244056, -0.000485828146338, 0.00478721270338, -0.000590386393014, -0.00127059395891, -0.000710175838321, 0.000336822238751, -0.00143945415039, 0.00141101225745, -0.000995879410766], [7.56792578613e-05, -0.000118084040878, 0.000623435305897, -0.000525584735442, -0.00151065876707, -0.000590386393014, 0.00653344579041, -0.00209595821798, 0.000739142124075, -0.00201849453151, 0.000179768321686, -0.000246628304012, 0.00148789584637], [-0.000114200993266, -0.000356010685209, -0.000394367292756, -0.000555842241738, 0.000327859568642, -0.00127059395891, -0.00209595821798, 0.010520549491, -0.00355134136043, -0.000333506293828, -0.00130249815993, 0.000763138348702, -2.04550651688e-05], [7.79340043664e-05, -0.000205756630749, -0.000348532543285, -0.000220252957661, 0.000487601937493, -0.000710175838321, 0.000739142124075, -0.00355134136043, 0.0099119041115, -0.00196661381051, 0.000265395327006, -0.000665625324473, -0.000275915779639], [-0.000116941446322, 0.000137126640766, 0.000154453809955, 0.000402007921366, -0.000180532355444, 0.000336822238751, -0.00201849453151, -0.000333506293828, -0.00196661381051, 0.0115167107433, -0.0024542522151, -0.000988081796095, 0.000904415501282], [-6.32138471701e-05, -2.8915637813e-05, -5.76145212108e-05, -0.000600867671892, 0.000900677463505, -0.00143945415039, 0.000179768321686, -0.00130249815993, 0.000265395327006, -0.0024542522151, 0.0120846116915, -0.00181031576358, -0.00325451930985], [-0.000190369057236, 0.000201922332053, 0.000168993661646, 0.000281913991785, -0.000910915900022, 0.00141101225745, -0.000246628304012, 0.000763138348702, -0.000665625324473, -0.000988081796095, -0.00181031576358, 0.0113413790241, -0.00392961036414], [0.000166046782397, -0.0004456161696, 5.04069139424e-05, 0.000372782204067, 0.000262956426013, -0.000995879410766, 0.00148789584637, -2.04550651688e-05, -0.000275915779639, 0.000904415501282, -0.00325451930985, -0.00392961036414, 0.0129146659747]]}, "spectral_contrast_coeffs": {"dmean": [0.050948433578, 0.0394862741232, 0.0335362963378, 0.0284135863185, 0.0221930369735, 0.0222618002445], "dmean2": [0.0846542790532, 0.063295148313, 0.0522873178124, 0.0444578044116, 0.0349336862564, 0.0352306999266], "dvar": [0.00179539446253, 0.00117155944463, 0.000889188959263, 0.000587982591242, 0.000383049889933, 0.000467407662654], "dvar2": [0.00472407508641, 0.00279493676499, 0.00198566541076, 0.00130953907501, 0.000874857127201, 0.00121067231521], "max": [-0.264762014151, -0.35200792551, -0.412889480591, -0.506310343742, -0.546134710312, -0.61104118824], "mean": [-0.575391709805, -0.647003054619, -0.718305945396, -0.772356033325, -0.793080329895, -0.778354763985], "median": [-0.581245601177, -0.646364927292, -0.718115508556, -0.777784824371, -0.798172473907, -0.779927372932], "min": [-0.954534828663, -0.964225411415, -0.96528249979, -0.962668716908, -0.961557865143, -0.960045695305], "var": [0.00878144614398, 0.00830596871674, 0.00726146297529, 0.0043120579794, 0.00235798838548, 0.001753593795]}, "spectral_contrast_valleys": {"dmean": [0.487305521965, 0.31543675065, 0.306286841631, 0.317566722631, 0.324638336897, 0.385777413845], "dmean2": [0.795437157154, 0.510740280151, 0.487031280994, 0.488406270742, 0.483495295048, 0.514121592045], "dvar": [0.183655202389, 0.0935662165284, 0.0907307043672, 0.124074071646, 0.1418127417