{"lowlevel": {"average_loudness": 0.794985413551, "barkbands_crest": {"dmean": 3.57976198196, "dmean2": 6.16071367264, "dvar": 12.0661506653, "dvar2": 31.2894573212, "max": 26.2050247192, "mean": 14.2688312531, "median": 13.9905986786, "min": 3.12408328056, "var": 38.9159088135}, "barkbands_flatness_db": {"dmean": 0.0647370740771, "dmean2": 0.107008002698, "dvar": 0.00647327676415, "dvar2": 0.0145589280874, "max": 0.872643589973, "mean": 0.366726130247, "median": 0.40303170681, "min": 0.0225934647024, "var": 0.0218398254365}, "barkbands_kurtosis": {"dmean": 14.0971574783, "dmean2": 24.4774341583, "dvar": 1992.60595703, "dvar2": 5145.81884766, "max": 1914.66333008, "mean": 22.639377594, "median": 6.27704620361, "min": -1.87753534317, "var": 6911.69433594}, "barkbands_skewness": {"dmean": 1.15958189964, "dmean2": 1.96025586128, "dvar": 2.170814991, "dvar2": 5.85274410248, "max": 32.7629394531, "mean": 2.33657979965, "median": 1.98588383198, "min": -6.27515506744, "var": 7.65864372253}, "barkbands_spread": {"dmean": 3.80586838722, "dmean2": 6.52824640274, "dvar": 80.44871521, "dvar2": 182.688369751, "max": 111.991996765, "mean": 7.86922740936, "median": 3.07211184502, "min": 0.059511449188, "var": 214.473022461}, "dissonance": {"dmean": 0.041581608355, "dmean2": 0.0721907764673, "dvar": 0.00335997040384, "dvar2": 0.00893375370651, "max": 0.5, "mean": 0.427077114582, "median": 0.439889639616, "min": 0.000128264728119, "var": 0.00401654886082}, "dynamic_complexity": 6.00229978561, "erbbands_crest": {"dmean": 2.9773337841, "dmean2": 4.94010305405, "dvar": 11.2535991669, "dvar2": 26.9077186584, "max": 34.1443481445, "mean": 10.9460334778, "median": 10.0662441254, "min": 2.33073234558, "var": 27.1559944153}, "erbbands_flatness_db": {"dmean": 0.0427035987377, "dmean2": 0.0714960321784, "dvar": 0.00329677364789, "dvar2": 0.00731831742451, "max": 0.568444252014, "mean": 0.291216462851, "median": 0.31877297163, "min": 0.0343775041401, "var": 0.00902347452939}, "erbbands_kurtosis": {"dmean": 2.9835588932, "dmean2": 4.96035385132, "dvar": 90.9558334351, "dvar2": 213.781692505, "max": 172.993942261, "mean": 3.42735481262, "median": 1.08257937431, "min": -1.93006980419, "var": 138.211914062}, "erbbands_skewness": {"dmean": 0.586151719093, "dmean2": 0.942690491676, "dvar": 0.81829059124, "dvar2": 2.04867601395, "max": 11.5903959274, "mean": 0.899693548679, "median": 0.833260774612, "min": -9.76950645447, "var": 1.47505533695}, "erbbands_spread": {"dmean": 6.86247777939, "dmean2": 11.8697319031, "dvar": 185.521652222, "dvar2": 480.615112305, "max": 148.872238159, "mean": 18.7720031738, "median": 13.4325742722, "min": 0.413000971079, "var": 242.558853149}, "hfc": {"dmean": 7.3618311882, "dmean2": 13.2543287277, "dvar": 413.879486084, "dvar2": 1152.62731934, "max": 216.438980103, "mean": 8.64911460876, "median": 3.39701914787, "min": 2.97469493482e-09, "var": 303.345550537}, "melbands_crest": {"dmean": 3.28866577148, "dmean2": 5.60552930832, "dvar": 11.5369920731, "dvar2": 30.0442638397, "max": 35.733001709, "mean": 17.0192508698, "median": 17.9902362823, "min": 1.56253170967, "var": 46.8671226501}, "melbands_flatness_db": {"dmean": 0.0760915800929, "dmean2": 0.124166488647, "dvar": 0.00999513361603, "dvar2": 0.0223627723753, "max": 1, "mean": 0.492125511169, "median": 0.549776434898, "min": 0.00321026379243, "var": 0.0415650904179}, "melbands_kurtosis": {"dmean": 11.9792871475, "dmean2": 20.4024982452, "dvar": 695.858337402, "dvar2": 1831.10290527, "max": 550.274963379, "mean": 21.4542198181, "median": 11.6013088226, "min": -1.88644170761, "var": 1844.53112793}, "melbands_skewness": {"dmean": 0.979011952877, "dmean2": 1.64182722569, "dvar": 1.73183310032, "dvar2": 4.48666191101, "max": 16.1999588013, "mean": 2.62038898468, "median": 2.52445650101, "min": -4.63782119751, "var": 3.5451157093}, "melbands_spread": {"dmean": 5.01015949249, "dmean2": 8.51636600494, "dvar": 164.568115234, "dvar2": 358.386230469, "max": 192.299636841, "mean": 14.8694925308, "median": 3.10282731056, "min": 0.257571995258, "var": 1147.10864258}, "pitch_salience": {"dmean": 0.114522963762, "dmean2": 0.195401310921, "dvar": 0.014402157627, "dvar2": 0.0363558195531, "max": 0.99120002985, "mean": 0.490210920572, "median": 0.480556964874, "min": 0.0271202996373, "var": 0.0406767427921}, "silence_rate_20dB": {"dmean": 0, "dmean2": 0, "dvar": 0, "dvar2": 0, "max": 1, "mean": 1, "median": 1, "min": 1, "var": 0}, "silence_rate_30dB": {"dmean": 0.0617659837008, "dmean2": 0.123585723341, "dvar": 0.0579506456852, "dvar2": 0.135289281607, "max": 1, "mean": 0.897826075554, "median": 1, "min": 0, "var": 0.0917331501842}, "silence_rate_60dB": {"dmean": 0.0269682463259, "dmean2": 0.0535248033702, "dvar": 0.0262418575585, "dvar2": 0.0567547343671, "max": 1, "mean": 0.195217385888, "median": 0, "min": 0, "var": 0.157111257315}, "spectral_centroid": {"dmean": 148.581359863, "dmean2": 246.681030273, "dvar": 112172.210938, "dvar2": 247990.75, "max": 5433.52880859, "mean": 631.968261719, "median": 285.299560547, "min": 80.6798782349, "var": 950108.9375}, "spectral_complexity": {"dmean": 1.75728583336, "dmean2": 3, "dvar": 9.47559928894, "dvar2": 22.9704093933, "max": 39, "mean": 7.29695653915, "median": 6, "min": 0, "var": 38.4931983948}, "spectral_decrease": {"dmean": 5.67180657995e-09, "dmean2": 9.72343627836e-09, "dvar": 8.77048353834e-17, "dvar2": 2.420922866e-16, "max": -1.9558039349e-21, "mean": -1.03300630272e-08, "median": -5.88459103668e-09, "min": -9.56471168934e-08, "var": 1.57822791857e-16}, "spectral_energy": {"dmean": 0.0219707563519, "dmean2": 0.0376978553832, "dvar": 0.00132191565353, "dvar2": 0.00364110665396, "max": 0.367270767689, "mean": 0.0397724956274, "median": 0.0225074365735, "min": 2.77195448669e-13, "var": 0.00233682361431}, "spectral_energyband_high": {"dmean": 0.000163735443493, "dmean2": 0.00031672642217, "dvar": 5.6872983123e-07, "dvar2": 1.64302696248e-06, "max": 0.00849986169487, "mean": 9.16340723052e-05, "median": 4.02810513833e-08, "min": 2.28554046348e-13, "var": 2.97140189787e-07}, "spectral_energyband_low": {"dmean": 0.0158979967237, "dmean2": 0.027764255181, "dvar": 0.00076146738138, "dvar2": 0.00229742471129, "max": 0.276425808668, "mean": 0.0275651756674, "median": 0.0131643097848, "min": 1.68181631578e-15, "var": 0.0014107277384}, "spectral_energyband_middle_high": {"dmean": 0.00356065109372, "dmean2": 0.00661969603971, "dvar": 0.000204183175811, "dvar2": 0.000579991494305, "max": 0.183239474893, "mean": 0.00251492555253, "median": 9.25460772123e-05, "min": 3.65722568603e-14, "var": 0.000123337391415}, "spectral_energyband_middle_low": {"dmean": 0.00682521890849, "dmean2": 0.0108551001176, "dvar": 0.000376967800548, "dvar2": 0.000853031408042, "max": 0.350296080112, "mean": 0.0109954876825, "median": 0.00413996214047, "min": 7.61505489471e-15, "var": 0.00051816564519}, "spectral_entropy": {"dmean": 0.431624740362, "dmean2": 0.725799679756, "dvar": 0.427097260952, "dvar2": 0.96847641468, "max": 8.87735080719, "mean": 6.05553150177, "median": 5.64000844955, "min": 2.41930317879, "var": 1.37601673603}, "spectral_flux": {"dmean": 0.0418946109712, "dmean2": 0.0691986605525, "dvar": 0.00342763843946, "dvar2": 0.00704406760633, "max": 0.553245306015, "mean": 0.0885611325502, "median": 0.0630024820566, "min": 4.76527293358e-06, "var": 0.0068297451362}, "spectral_kurtosis": {"dmean": 48.8108024597, "dmean2": 81.8364639282, "dvar": 3654.70629883, "dvar2": 7841.36181641, "max": 533.034179688, "mean": 104.649223328, "median": 98.568572998, "min": -0.972961187363, "var": 7993.68066406}, "spectral_rms": {"dmean": 0.00145504821558, "dmean2": 0.00244215270504, "dvar": 3.59401064998e-06, "dvar2": 9.53269682213e-06, "max": 0.0189291555434, "mean": 0.00509895198047, "median": 0.00468598678708, "min": 1.64448952233e-08, "var": 1.28029760162e-05}, "spectral_rolloff": {"dmean": 319.292053223, "dmean2": 555.650268555, "dvar": 1552168.75, "dvar2": 3126139.25, "max": 17614.1601562, "mean": 1529.8293457, "median": 215.33203125, "min": 21.533203125, "var": 16135706}, "spectral_skewness": {"dmean": 2.20856046677, "dmean2": 3.7262403965, "dvar": 7.0328245163, "dvar2": 15.1902246475, "max": 20.619600296, "mean": 6.94384670258, "median": 7.37105751038, "min": 0.124569952488, "var": 17.2822990417}, "spectral_spread": {"dmean": 838906.125, "dmean2": 1445956.375, "dvar": 1908834959360.0, "dvar2": 4575967838210.0, "max": 19699258, "mean": 2268215.5, "median": 1104822, "min": 261018.765625, "var": 7324491579390.0}, "spectral_strongpeak": {"dmean": 0.276525706053, "dmean2": 0.460439383984, "dvar": 0.395949482918, "dvar2": 1.00152504444, "max": 8.87193775177, "mean": 0.466216236353, "median": 0.338570415974, "min": 0, "var": 0.398993849754}, "zerocrossingrate": {"dmean": 0.00798602122813, "dmean2": 0.0106000378728, "dvar": 0.000879248429555, "dvar2": 0.00128897267859, "max": 0.84716796875, "mean": 0.0761013925076, "median": 0.0087890625, "min": 0.00048828125, "var": 0.0422704853117}, "barkbands": {"dmean": [0.000682631740347, 0.0133092040196, 0.00439434405416, 0.00318344705738, 0.00257221469656, 0.000924998661503, 0.00047572972835, 0.000192286737729, 0.000756533874664, 0.00115090608597, 0.00105287670158, 0.000739498878829, 0.00053268566262, 0.000247862073593, 8.7682485173e-05, 3.55331576429e-05, 2.40792251134e-05, 2.51879864663e-05, 2.21819045692e-05, 1.40135971378e-05, 1.13715786938e-05, 2.67924388027e-05, 0.000111476088932, 8.02710383141e-06, 1.04276523416e-06, 4.36556177874e-07, 7.3496562436e-07], "dmean2": [0.00114581536036, 0.023689031601, 0.00728576816618, 0.00516991782933, 0.00377075606957, 0.00167146348394, 0.000846818729769, 0.000355874130037, 0.00144305848517, 0.00220465147868, 0.00202212319709, 0.00142291700467, 0.000953226524871, 0.000432752160123, 0.000155345536768, 6.69228757033e-05, 4.46274643764e-05, 4.62918251287e-05, 4.1449766286e-05, 2.65231683443e-05, 2.19107932935e-05, 5.19238783454e-05, 0.00021586062212, 1.55571615323e-05, 2.02669025384e-06, 8.44406997658e-07, 1.43258739627e-06], "dvar": [1.15889406516e-06, 0.000637745135464, 7.92018472566e-05, 7.05448546796e-05, 0.00010959100473, 4.62838170279e-06, 9.82854544418e-07, 6.53225129099e-07, 2.16102107515e-05, 4.38920396846e-05, 2.00356225832e-05, 1.01923724287e-05, 6.94220580044e-06, 1.45892909131e-06, 2.47726205771e-07, 1.5643545126e-08, 6.75279343554e-09, 9.2138918717e-09, 1.34600961488e-08, 3.63934171688e-09, 1.96146765497e-09, 1.24511343458e-08, 3.34144829139e-07, 1.46241774246e-09, 2.01189429699e-11, 3.07639048784e-12, 1.77857086697e-11], "dvar2": [2.98015470435e-06, 0.0020302052144, 0.000211994090932, 0.000166228230228, 0.000227338081459, 1.43591732922e-05, 2.91017386189e-06, 1.91130698113e-06, 6.37687699054e-05, 0.000129310545162, 5.78811814194e-05, 2.95228310279e-05, 1.82616477105e-05, 3.80090818908e-06, 6.56733163851e-07, 4.49858816864e-08, 1.9354446934e-08, 2.59237786793e-08, 3.9294558718e-08, 1.04832036385e-08, 5.681797699e-09, 3.60202747629e-08, 9.66389507084e-07, 4.27193214136e-09, 5.88242718425e-11, 8.94610600877e-12, 5.25851723276e-11], "max": [0.0129651762545, 0.253099560738, 0.107938826084, 0.141209661961, 0.201908186078, 0.0357275009155, 0.0185959003866, 0.0137327751145, 0.0716364532709, 0.125076770782, 0.0419368669391, 0.0361256226897, 0.0575583539903, 0.0174937173724, 0.0097917476669, 0.0011847022688, 0.00107165344525, 0.00123212707695, 0.00142304738984, 0.00107380468398, 0.000366835738532, 0.00101133715361, 0.00702218851075, 0.000425491394708, 7.44313947507e-05, 3.01628770103e-05, 7.83920913818e-05], "mean": [0.000802604132332, 0.0189059469849, 0.0065287463367, 0.00383810373023, 0.00367815629579, 0.00152842607349, 0.00104215799365, 0.000258199113887, 0.000512489816174, 0.000711716362275, 0.000627666478977, 0.000452930398751, 0.000386527506635, 0.000209035206353, 7.80207119533e-05, 3.21149782394e-05, 2.86659724225e-05, 3.03668894048e-05, 1.98534471565e-05, 1.38621990118e-05, 7.60825741963e-06, 1.48362241816e-05, 5.88948423683e-05, 4.41140218754e-06, 5.66180233363e-07, 2.38218248683e-07, 3.89338254081e-07], "median": [0.000375378469471, 0.00583879183978, 0.00167013565078, 0.000894137192518, 0.000698208401445, 0.000552583951503, 0.000283097557258, 4.49105718872e-05, 4.51805135526e-05, 2.99676012219e-05, 2.65299895545e-05, 1.05645958683e-05, 8.65105357661e-06, 5.01257454744e-06, 1.38542941386e-06, 4.23621997925e-07, 1.57107052701e-07, 3.75446589373e-08, 1.0959006147e-08, 6.86463508259e-09, 5.40188693776e-09, 4.58027749062e-09, 4.1824925745e-09, 4.25602930676e-09, 4.69080685406e-09, 5.48394751831e-09, 3.46909390103e-09], "min": [1.43621678339e-15, 9.10950688729e-16, 7.92706437774e-17, 2.40966910685e-17, 3.3837616284e-16, 1.09575750183e-15, 1.5158005051e-15, 7.65567859486e-16, 2.81735186125e-15, 5.48088169224e-15, 4.29369471293e-15, 4.32029832373e-15, 4.57595785469e-15, 1.10486384717e-15, 5.23393569509e-16, 5.1237476142e-15, 3.17436036665e-15, 2.21993295904e-15, 1.31689715793e-15, 8.02104879776e-15, 6.9417191823e-15, 1.47130385268e-14, 3.25680949494e-14, 3.16962269961e-14, 1.99565112835e-14, 3.70738189497e-14, 8.49562458685e-14], "var": [1.49663333104e-06, 0.000988290878013, 0.000121877310448, 8.74341349117e-05, 0.000150950800162, 6.64439812681e-06, 4.16388866142e-06, 5.02060402141e-07, 1.14356353151e-05, 2.32039510593e-05, 1.12090274342e-05, 5.65323853152e-06, 4.8868914746e-06, 1.08994424863e-06, 1.9565771936e-07, 1.46796521605e-08, 1.1385588472e-08, 1.44254546086e-08, 9.06945185619e-09, 3.38810890455e-09, 1.10509290607e-09, 6.56946674837e-09, 1.73367382672e-07, 7.66919194817e-10, 1.06392420915e-11, 1.62562140398e-12, 9.18146982054e-12]}, "erbbands": {"dmean": [0.259537786245, 3.39963388443, 4.68181753159, 7.71759557724, 13.8503751755, 4.97350168228, 7.01769161224, 6.80953788757, 7.40480422974, 4.35123538971, 5.28640842438, 14.9572963715, 28.5602264404, 44.3892555237, 40.7177047729, 28.8006095886, 22.6912059784, 19.4590930939, 5.5525894165, 2.36671376228, 1.94443404675, 1.27697014809, 1.36608874798, 1.01689815521, 1.18272292614, 0.65056926012, 0.336962819099, 0.653445065022, 0.98392111063, 2.34316205978, 3.18286347389, 0.416801035404, 0.0981591418386, 0.0188200678676, 0.00525542255491, 0.00215995102189, 0.000714660098311, 0.000389629713027, 0.000161297226441, 2.94978526654e-05], "dmean2": [0.454181343317, 6.05920886993, 7.7838807106, 12.8155584335, 20.5392112732, 8.04001522064, 12.6555118561, 12.1044664383, 13.3530416489, 7.50844669342, 9.84407138824, 28.6035785675, 54.4265441895, 85.5879821777, 78.2077941895, 54.6641921997, 40.4903450012, 33.87915802, 9.86183643341, 4.32811546326, 3.67236661911, 2.37740921974, 2.52516722679, 1.87210094929, 2.21097898483, 1.2283782959, 0.645027816296, 1.26165008545, 1.90882635117, 4.53318977356, 6.16487503052, 0.807089865208, 0.190352126956, 0.0366008505225, 0.0101914713159, 0.0041939211078, 0.00137656414881, 0.000756719906349, 0.000311151059577, 5.15489009558e-05], "dvar": [0.226249203086, 42.0413665771, 79.1809005737, 246.34727478, 3522.03833008, 347.225708008, 329.532501221, 202.74786377, 249.456283569, 134.484588623, 758.073303223, 7577.69287109, 22836.8125, 57296.0859375, 29892.7578125, 15107.9580078, 13287.0957031, 10148.3017578, 984.858825684, 64.8867340088, 46.3085403442, 20.33385849, 26.4465961456, 21.8954467773, 35.7452087402, 7.60199165344, 1.73196125031, 7.20609664917, 16.682434082, 133.362350464, 274.121337891, 3.97023129463, 0.277422487736, 0.00739986076951, 0.000440993491793, 0.000101835503301, 6.36287995803e-06, 3.58408988177e-06, 7.97073028025e-07, 3.13064485447e-09], "dvar2": [0.687114715576, 134.653457642, 202.176940918, 623.348266602, 7735.89306641, 802.138793945, 1025.61767578, 593.687561035, 769.417114258, 366.110717773, 2223.41674805, 22318.2324219, 67356.46875, 167943.375, 86263.25, 43446.375, 34806.3046875, 26708.6367188, 2613.49511719, 182.789199829, 133.5521698, 58.5708274841, 75.8087768555, 62.8488922119, 104.03868866, 21.9299125671, 5.02918338776, 20.8406963348, 48.3837623596, 384.639678955, 793.274658203, 11.5158576965, 0.813249766827, 0.0216861944646, 0.00128279777709, 0.000299147941405, 1.83373722393e-05, 1.05258259282e-05, 2.35560469264e-06, 8.75391847899e-09], "max": [5.47762489319, 61.8884811401, 87.7723464966, 199.683532715, 1073.92834473, 326.126220703, 324.198974609, 216.254562378, 227.316436768, 275.22543335, 613.757324219, 1271.96496582, 2026.28491211, 4734.84472656, 1790.31225586, 1453.44787598, 2751.83642578, 1532.78356934, 630.97479248, 137.891098022, 82.4755859375, 56.3686103821, 63.9495735168, 60.5245246887, 85.3957138062, 47.3008499146, 15.3347434998, 25.5805950165, 39.6583862305, 140.989486694, 202.472167969, 22.358997345, 6.64189434052, 1.35369420052, 0.331779003143, 0.196567863226, 0.0310414154083, 0.0282998457551, 0.0170962251723, 0.000809355638921], "mean": [0.444416314363, 4.61065006256, 7.86799764633, 10.6433439255, 16.5926246643, 8.46118450165, 10.7900619507, 12.7333526611, 14.0332298279, 11.7955341339, 5.87945890427, 10.1731681824, 18.7517337799, 26.4310569763, 24.4522209167, 18.26770401, 16.8564548492, 15.4915094376, 4.75254631042, 2.32910871506, 2.10312151909, 1.49953448772, 1.56982672215, 1.10611927509, 1.10714411736, 0.671750962734, 0.285123437643, 0.394458770752, 0.549226284027, 1.24639451504, 1.68032944202, 0.223390296102, 0.0542502105236, 0.0102561730891, 0.00288273650222, 0.0011901948601, 0.000401217344915, 0.000209823250771, 9.94031215669e-05, 4.72310421173e-05], "median": [0.0896088480949, 1.66067779064, 3.09828138351, 3.46031141281, 2.16340279579, 2.02771735191, 3.56625032425, 4.86735391617, 5.00528430939, 1.57057857513, 1.06065678596, 1.03309249878, 1.24268519878, 0.972485601902, 0.917274236679, 0.445122659206, 0.436986029148, 0.373001158237, 0.136183276772, 0.0606775954366, 0.0230138674378, 0.00944411195815, 0.00264076795429, 0.00123203685507, 0.000469100632472, 0.000337471778039, 0.00024178516469, 0.000209404548514, 0.000169819497387, 0.000156413472723, 0.000131363078253, 0.000110048036731, 9.16540811886e-05, 7.30415995349e-05, 5.53362842766e-05, 3.63360668416e-05, 1.99047917704e-05, 4.68474900117e-06, 1.25976339405e-05, 2.58678810496e-05], "min": [4.95338667273e-14, 1.26276959267e-13, 1.22091694935e-13, 8.41149591928e-14, 2.71929424507e-13, 1.28209454772e-12, 4.69530143932e-12, 1.0302314557e-11, 1.83223974187e-11, 2.43379934262e-11, 1.7836915972e-11, 6.46412506855e-11, 1.2021994511e-10, 2.0766995068e-10, 1.69138730799e-10, 1.73624434274e-10, 1.99446528737e-10, 1.21806384423e-10, 3.087094122e-11, 9.23710274936e-11, 2.69016198207e-10, 1.98202412816e-10, 1.27104937686e-10, 1.23826310316e-10, 1.3501531837e-10, 3.36991823335e-10, 2.08523504019e-10, 3.7592859381e-10, 5.68555424962e-10, 3.55631024629e-10, 1.19003895627e-09, 5.51700629625e-10, 6.60947352404e-10, 2.99627239686e-10, 9.15686554359e-11, 6.06036401618e-11, 4.94482579882e-11, 5.80152627327e-11, 1.71704352125e-11, 9.24818056337e-13], "var": [0.595239281654, 57.3717308044, 140.694290161, 348.58972168, 4261.20458984, 494.076629639, 427.957092285, 386.677368164, 601.200012207, 772.101928711, 468.075317383, 4022.14257812, 12106.0419922, 30671.5722656, 16770.3984375, 8629.69433594, 9478.80761719, 7268.01025391, 728.020568848, 68.8226089478, 64.2464675903, 29.7649383545, 36.5025100708, 21.1347904205, 25.6604576111, 7.74192857742, 1.22814023495, 3.85395264626, 8.80638408661, 69.3200378418, 142.232788086, 2.0706641674, 0.144778713584, 0.00388513272628, 0.000234915714827, 5.32937337994e-05, 3.4220456655e-06, 1.86681199921e-06, 4.1431212594e-07, 3.8837262295e-09]}, "gfcc": {"mean": [-271.53805542, 199.161514282, -50.8087921143, -14.2887430191, -21.3025684357, 11.1724081039, -17.7618217468, -13.0121822357, -6.41798639297, -4.27990818024, -0.504374802113, -4.61639881134, -3.32690191269], "cov": [[55319.1796875, 14871.4619141, -2414.4284668, -579.511535645, -252.975692749, -703.422607422, -124.167533875, -1486.3326416, 272.805786133, -1250.35974121, 381.422424316, -699.908447266, -162.863891602], [14871.4619141, 8808.70410156, 1010.16204834, -1848.14294434, 1059.83056641, -577.275146484, -236.368423462, -577.987304688, 314.046051025, -235.905807495, 171.466842651, -497.760437012, 198.76373291], [-2414.4284668, 1010.16204834, 2201.96386719, -386.684936523, 376.200836182, 311.46774292, 176.195022583, 22.9618701935, 97.2679367065, 170.671890259, -5.54337310791, 45.4465065002, 112.393119812], [-579.511535645, -1848.14294434, -386.684936523, 1113.56591797, -259.242218018, 77.3562774658, 209.104949951, 144.098052979, -67.1011047363, 4.43717765808, 26.0362644196, 78.026184082, -50.6009063721], [-252.975692749, 1059.83056641, 376.200836182, -259.242218018, 644.744262695, -100.029579163, 16.9721508026, 64.1313400269, 101.266181946, 51.0062294006, 34.5714302063, -123.600502014, 61.9365272522], [-703.422607422, -577.275146484, 311.46774292, 77.3562774658, -100.029579163, 315.811645508, 98.5563049316, 18.7057762146, 8.15517425537, 36.4135360718, -9.94179344177, 93.3374633789, -23.3389339447], [-124.167533875, -236.368423462, 176.195022583, 209.104949951, 16.9721508026, 98.5563049316, 170.913619995, 71.9500579834, 1.72725117207, 28.7772846222, 32.0640678406, 41.5292510986, 20.0715942383], [-1486.3326416, -577.987304688, 22.9618701935, 144.098052979, 64.1313400269, 18.7057762146, 71.9500579834, 181.261291504, 16.3629722595, 61.3958702087, 11.7728719711, 42.2913818359, 32.1683044434], [272.805786133, 314.046051025, 97.2679367065, -67.1011047363, 101.266181946, 8.15517425537, 1.72725117207, 16.3629722595, 122.487533569, 27.7589206696, 22.1328620911, -10.4187774658, 22.3898735046], [-1250.35974121, -235.905807495, 170.671890259, 4.43717765808, 51.0062294006, 36.4135360718, 28.7772846222, 61.3958702087, 27.7589206696, 107.555328369, 32.0031585693, 32.4137649536, 21.6305217743], [381.422424316, 171.466842651, -5.54337310791, 26.0362644196, 34.5714302063, -9.94179344177, 32.0640678406, 11.7728719711, 22.1328620911, 32.0031585693, 76.5509643555, 18.2423744202, 15.8987941742], [-699.908447266, -497.760437012, 45.4465065002, 78.026184082, -123.600502014, 93.3374633789, 41.5292510986, 42.2913818359, -10.4187774658, 32.4137649536, 18.2423744202, 118.302154541, 6.02166461945], [-162.863891602, 198.76373291, 112.393119812, -50.6009063721, 61.9365272522, -23.3389339447, 20.0715942383, 32.1683044434, 22.3898735046, 21.6305217743, 15.8987941742, 6.02166461945, 70.0908126831]], "icov": [[0.000160442170454, -0.000533062149771, 0.000321412866469, -0.000502196664456, 0.000319558777846, -0.000571223616134, -2.78090610664e-05, -0.000189641417819, 4.4773783884e-05, 0.000283826491795, 0.000262412591837, -0.00036347087007, 0.0004987361026], [-0.000533062149771, 0.00235627545044, -0.00132475455757, 0.00232557067648, -0.00124774663709, 0.00257287942804, -0.000593105738517, 0.00179271702655, -0.000953923445195, 0.000670400331728, -0.00269906129688, 0.00223443121649, -0.00229288521223], [0.000321412866469, -0.00132475455757, 0.00168742181268, -0.00101934617851, 0.000195422937395, -0.00209431233816, -0.000852753059007, 9.90180851659e-05, 0.0004571187892, -0.00151537137572, 0.00262169912457, -0.00148912030272, 0.000245422648732], [-0.000502196664456, 0.00232557067648, -0.00101934617851, 0.00412720814347, -0.000475968641695, 0.00295062130317, -0.0033042775467, 0.000821721565444, -0.000936972210184, 0.000774314685259, -0.00288290088065, 0.00270940782502, -0.000693936250173], [0.000319558777846, -0.00124774663709, 0.000195422937395, -0.000475968641695, 0.00429239543155, -0.000803200295195, -0.000573598372284, -0.0030956948176, -0.000829838099889, 4.20310170739e-05, -0.000774837157223, 0.00327484728768, 0.00129498983733], [-0.000571223616134, 0.00257287942804, -0.00209431233816, 0.00295062130317, -0.000803200295195, 0.00993046350777, -0.0049800761044, 0.00316512957215, -0.00289804977365, -0.000362090358976, 0.000238610475208, -0.00204824190587, 0.00201421580277], [-2.78090610664e-05, -0.000593105738517, -0.000852753059007, -0.0033042775467, -0.000573598372284, -0.0049800761044, 0.0158469397575, -0.00491480901837, 0.00271674618125, 0.00168420514092, -0.00457191560417, 1.57505983225e-05, -0.00318639492616], [-0.000189641417819, 0.00179271702655, 9.90180851659e-05, 0.000821721565444, -0.0030956948176, 0.00316512957215, -0.00491480901837, 0.0143946604803, -0.00226077646948, -0.00314866751432, 0.00196591229178, -0.00269520445727, -0.00502003869042], [4.4773783884e-05, -0.000953923445195, 0.0004571187892, -0.000936972210184, -0.000829838099889, -0.00289804977365, 0.00271674618125, -0.00226077646948, 0.0117543144152, -0.00295048602857, -0.000403116020607, -5.94572666159e-05, -0.00132007861976], [0.000283826491795, 0.000670400331728, -0.00151537137572, 0.000774314685259, 4.20310170739e-05, -0.000362090358976, 0.00168420514092, -0.00314866751432, -0.00295048602857, 0.0220632627606, -0.0120518896729, 0.00102277449332, -0.000668082502671], [0.000262412591837, -0.00269906129688, 0.00262169912457, -0.00288290088065, -0.000774837157223, 0.000238610475208, -0.00457191560417, 0.00196591229178, -0.000403116020607, -0.0120518896729, 0.0282388590276, -0.0101677272469, 0.00146577169653], [-0.00036347087007, 0.00223443121649, -0.00148912030272, 0.00270940782502, 0.00327484728768, -0.00204824190587, 1.57505983225e-05, -0.00269520445727, -5.94572666159e-05, 0.00102277449332, -0.0101677272469, 0.0220246687531, -0.00506299873814], [0.0004987361026, -0.00229288521223, 0.000245422648732, -0.000693936250173, 0.00129498983733, 0.00201421580277, -0.00318639492616, -0.00502003869042, -0.00132007861976, -0.000668082502671, 0.00146577169653, -0.00506299873814, 0.0245068725199]]}, "melbands": {"dmean": [0.00328782154247, 0.00309248501435, 0.00155851244926, 0.000652787624858, 0.000224616902415, 0.000156672729645, 0.000105785140477, 4.39110081061e-05, 4.66741366836e-05, 0.000107134546852, 0.000146545207826, 0.000180696413736, 0.000143018798553, 9.3027803814e-05, 6.06926805631e-05, 5.02936636622e-05, 3.21169209201e-05, 8.25021561468e-06, 5.27926113136e-06, 2.20619449465e-06, 2.26556539928e-06, 1.43162071709e-06, 1.11910696887e-06, 1.35738901008e-06, 7.76730246344e-07, 9.09959169348e-07, 7.56822089443e-07, 3.55170982402e-07, 1.92373448726e-07, 2.4383726327e-07, 4.32464901223e-07, 5.71041823605e-07, 4.93923721478e-07, 1.77341780727e-06, 2.38591360358e-06, 5.64197591757e-07, 1.28298907498e-07, 8.16037442064e-08, 2.01093204311e-08, 1.30797239706e-08], "dmean2": [0.00583353918046, 0.00532473949715, 0.0024955032859, 0.00095287989825, 0.000401169410907, 0.000280127685983, 0.000189851183677, 7.64323194744e-05, 8.75178157003e-05, 0.00020444043912, 0.000279126368696, 0.000348055182258, 0.000274495600024, 0.000178978283657, 0.000111193257908, 8.82790627657e-05, 5.61474262213e-05, 1.48406843437e-05, 9.32611783355e-06, 4.17656337959e-06, 4.26295036959e-06, 2.63931110567e-06, 2.12185841519e-06, 2.43877661887e-06, 1.41519876706e-06, 1.72090744854e-06, 1.41353882555e-06, 6.65976244818e-07, 3.67491679754e-07, 4.69161250294e-07, 8.36401511606e-07, 1.10895666694e-06, 9.55384507506e-07, 3.432001904e-06, 4.62230582343e-06, 1.09136431092e-06, 2.48809669756e-07, 1.58140551321e-07, 3.91256520516e-08, 2.54327154892e-08], "dvar": [3.75785166398e-05, 3.02450207528e-05, 1.63055265148e-05, 7.26145708541e-06, 3.4158682638e-07, 1.11043490847e-07, 5.15119964462e-08, 1.64874638386e-08, 7.65999104146e-08, 4.24456885639e-07, 6.03301430147e-07, 1.03740637769e-06, 3.68989049093e-07, 1.6132383962e-07, 8.84056916561e-08, 5.31773700629e-08, 2.84057186661e-08, 2.39887332221e-09, 4.74364270087e-10, 6.83519491007e-11, 6.27799964792e-11, 2.44352888618e-11, 2.00793496413e-11, 2.77487460093e-11, 1.3773461538e-11, 2.30669840867e-11, 1.26602834119e-11, 2.0605637422e-12, 6.55973430956e-13, 8.72665058705e-13, 3.40962002555e-12, 5.63035815887e-12, 4.790523013e-12, 8.14191838949e-11, 1.53792756308e-10, 8.76135015232e-12, 3.32177590556e-13, 2.41696690873e-13, 8.12449862567e-15, 3.99394499949e-15], "dvar2": [0.000118938514788, 8.80497682374e-05, 3.77396463591e-05, 1.52950069605e-05, 1.01040291156e-06, 3.3071231087e-07, 1.55727732931e-07, 4.61760301107e-08, 2.25231232776e-07, 1.25248527638e-06, 1.77984725269e-06, 3.0464500469e-06, 1.06528693777e-06, 4.6676748866e-07, 2.37755500621e-07, 1.40261235515e-07, 7.48048307742e-08, 6.40527675344e-09, 1.30594912662e-09, 1.93920560165e-10, 1.79810291656e-10, 7.01424890392e-11, 5.85434548062e-11, 7.71420913259e-11, 3.97064256474e-11, 6.75072914236e-11, 3.65458184548e-11, 5.93850619721e-12, 1.90413028227e-12, 2.53233588612e-12, 9.86760239491e-12, 1.63500237654e-11, 1.38733208949e-11, 2.35044678165e-10, 4.4512399322e-10, 2.537331803e-11, 9.69073671135e-13, 7.10693168812e-13, 2.3788261332e-14, 1.17386238872e-14], "max": [0.0644249245524, 0.0563604831696, 0.0683336108923, 0.0528984516859, 0.00905101746321, 0.0047821700573, 0.00334428925999, 0.00260532018729, 0.00657947175205, 0.010143767111, 0.01009739656, 0.0204199850559, 0.00612483872101, 0.00469253445044, 0.00564774125814, 0.00341940997168, 0.00250912364572, 0.0010005744407, 0.000403529382311, 7.83953801147e-05, 0.000121389733977, 6.52958842693e-05, 5.93144468439e-05, 7.77980822022e-05, 4.92559956911e-05, 6.10402712482e-05, 6.21008657617e-05, 2.40164354182e-05, 1.10445089376e-05, 7.80116442911e-06, 1.87000714504e-05, 2.14494393731e-05, 2.06180102396e-05, 0.000109780005005, 0.000150413106894, 3.73701986973e-05, 6.08388518231e-06, 6.57152122585e-06, 1.09540337689e-06, 1.10043174573e-06], "mean": [0.00491548376158, 0.00499313184991, 0.00215290370397, 0.000888679001946, 0.000370137626305, 0.000290457421215, 0.000207700708415, 0.000110173357825, 4.36650952906e-05, 7.1852329711e-05, 9.62749472819e-05, 0.000108040127088, 8.52778466651e-05, 5.6779350416e-05, 4.13798152294e-05, 3.81890240533e-05, 2.56018938671e-05, 6.58765748085e-06, 5.17700391356e-06, 1.7972824935e-06, 2.67948939836e-06, 1.7394850147e-06, 9.58039436227e-07, 1.77043818894e-06, 7.63738739806e-07, 7.81522032867e-07, 7.12497694622e-07, 3.80061635497e-07, 1.68137162859e-07, 1.70370682895e-07, 2.49788143947e-07, 3.1872698969e-07, 2.70977494665e-07, 9.39032702263e-07, 1.25868723444e-06, 2.98518926911e-07, 7.03565845583e-08, 4.53905073527e-08, 1.10637063955e-08, 7.03927849344e-09], "median": [0.00132524815854, 0.00240899762139, 0.000591875868849, 0.000140486372402, 0.000117198913358, 0.000112255074782, 6.99693482602e-05, 1.34883603096e-05, 7.53100630391e-06, 6.41427868686e-06, 6.14682494415e-06, 3.94298695028e-06, 3.60831836588e-06, 1.22804567582e-06, 9.06902073439e-07, 9.18518367143e-07, 6.16393379005e-07, 1.72116784825e-07, 9.97822411364e-08, 4.19793622086e-08, 2.1181403298e-08, 9.52165546408e-09, 2.58975552114e-09, 1.66366542764e-09, 7.82052977932e-10, 3.38219036111e-10, 2.68578326246e-10, 1.95066740538e-10, 1.48714374149e-10, 1.26765237196e-10, 1.1197234806e-10, 9.14835984744e-11, 8.28947743781e-11, 7.70484370749e-11, 6.87494366991e-11, 5.87992293744e-11, 5.38114761084e-11, 5.05323283218e-11, 4.40143373137e-11, 4.11933889777e-11], "min": [4.16420349232e-16, 9.78598075089e-17, 1.75101562532e-17, 4.82957540096e-17, 1.44837538548e-16, 2.30512128601e-16, 2.91899703253e-16, 2.51123484232e-16, 1.58143287949e-16, 4.32036354527e-16, 6.14381584006e-16, 8.54070414617e-16, 5.73778000888e-16, 4.98329335204e-16, 3.73218810186e-16, 5.00580378201e-16, 1.73888293714e-16, 3.6756018673e-17, 4.09636018989e-17, 2.74441427767e-16, 3.00166903637e-16, 1.93587699264e-16, 1.58030870795e-16, 9.70201331604e-17, 1.06475866353e-16, 2.83640463655e-17, 2.51371506067e-16, 2.06536066936e-16, 1.63845381401e-16, 7.96924397154e-17, 2.61801075686e-16, 3.26203664114e-16, 3.0471232066e-16, 1.30344103371e-16, 6.76614947525e-16, 6.69376627474e-16, 2.01494460659e-16, 3.51188065563e-16, 6.06931611597e-16, 1.40480017255e-16], "var": [6.82830359438e-05, 4.82185314468e-05, 2.1723939426e-05, 9.59413137025e-06, 5.02374803091e-07, 2.03444386671e-07, 1.41443507573e-07, 6.6698383705e-08, 4.30310649335e-08, 2.24205578547e-07, 3.19870991916e-07, 5.52536164378e-07, 2.06741717079e-07, 8.97538470213e-08, 5.97643463607e-08, 3.76204951635e-08, 2.03414618483e-08, 1.72148106881e-09, 4.84183859673e-10, 4.81383335971e-11, 1.12204301406e-10, 4.32863467292e-11, 1.44846374478e-11, 5.41506423035e-11, 1.1293693411e-11, 1.49427865914e-11, 1.00884561122e-11, 2.39581336541e-12, 4.7725690587e-13, 5.11859435046e-13, 1.80266684826e-12, 2.97328698121e-12, 2.52006531962e-12, 4.22584640891e-11, 7.9794656993e-11, 4.54685507995e-12, 1.7484458163e-13, 1.25749616883e-13, 4.28828725459e-15, 2.08755060323e-15]}, "mfcc": {"mean": [-868.987365723, 211.045639038, 48.8329963684, 4.81369781494, 11.176615715, 21.853219986, 6.96178007126, 2.53414344788, -2.26665306091, 2.32561349869, 1.29556620121, 1.04536175728, 1.86917102337], "cov": [[17887.2636719, 5506.71582031, -1604.64282227, 290.863555908, -300.292144775, 372.825073242, -381.210754395, 333.028991699, -488.225372314, -30.8360595703, -225.366577148, -36.4645347595, -59.9334754944], [5506.71582031, 6749.02734375, 1269.5045166, -291.753875732, 562.265625, 363.618408203, 41.4431495667, -252.137878418, 84.3192749023, 37.6615943909, 43.0432434082, 21.3583831787, 29.8205127716], [-1604.64282227, 1269.5045166, 1695.65771484, -64.1581115723, 154.817214966, 333.844116211, 209.952667236, -11.6975822449, 109.327056885, 37.5143623352, 56.7569160461, 22.6247119904, 66.5090484619], [290.863555908, -291.753875732, -64.1581115723, 518.141174316, 58.336856842, -28.8063011169, 123.869277954, 80.5488815308, 12.88377285, 41.3964805603, 29.6645622253, 18.7283554077, 0.28711810708], [-300.292144775, 562.265625, 154.817214966, 58.336856842, 290.410736084, 59.2570495605, 45.9361686707, -18.0727577209, 95.2954483032, 46.0857086182, 52.5543365479, 18.4595794678, 3.79959821701], [372.825073242, 363.618408203, 333.844116211, -28.8063011169, 59.2570495605, 225.455566406, 54.1245384216, 63.430267334, 7.7985458374, 26.7668151855, 27.0152873993, 10.9174861908, 15.0088281631], [-381.210754395, 41.4431495667, 209.952667236, 123.869277954, 45.9361686707, 54.1245384216, 181.019271851, 60.2258262634, 30.281419754, 19.1637115479, 39.6360397339, 17.6641159058, 4.45319223404], [333.028991699, -252.137878418, -11.6975822449, 80.5488815308, -18.0727577209, 63.430267334, 60.2258262634, 155.34552002, 10.1765489578, 4.94943475723, 0.947715222836, 25.1396427155, 26.0983810425], [-488.225372314, 84.3192749023, 109.327056885, 12.88377285, 95.2954483032, 7.7985458374, 30.281419754, 10.1765489578, 113.371261597, 45.2191696167, 9.82598876953, 15.9990520477, 31.2043304443], [-30.8360595703, 37.6615943909, 37.5143623352, 41.3964805603, 46.0857086182, 26.7668151855, 19.1637115479, 4.94943475723, 45.2191696167, 65.8358306885, 23.7267990112, -2.11370587349, 12.3679275513], [-225.366577148, 43.0432434082, 56.7569160461, 29.6645622253, 52.5543365479, 27.0152873993, 39.6360397339, 0.947715222836, 9.82598876953, 23.7267990112, 66.0299835205, 33.3168792725, 0.687970459461], [-36.4645347595, 21.3583831787, 22.6247119904, 18.7283554077, 18.4595794678, 10.9174861908, 17.6641159058, 25.1396427155, 15.9990520477, -2.11370587349, 33.3168792725, 67.591255188, 29.0020217896], [-59.9334754944, 29.8205127716, 66.5090484619, 0.28711810708, 3.79959821701, 15.0088281631, 4.45319223404, 26.0983810425, 31.2043304443, 12.3679275513, 0.687970459461, 29.0020217896, 63.5403900146]], "icov": [[0.000652963004541, -0.000938775017858, 0.00112500309478, -0.000965800776612, 0.00152661302127, -0.00155341660138, 0.00129600567743, -0.00208520423621, 0.00167351146229, -0.00186402921099, 0.00186459592078, -0.000937381351832, 0.000873201992363], [-0.000938775017858, 0.0015946358908, -0.00173079944216, 0.00152147479821, -0.00280245742761, 0.00204517855309, -0.00200939038768, 0.00344899250194, -0.00179798353929, 0.00230846228078, -0.00184196140617, 0.000802485272288, -0.00133308710065], [0.00112500309478, -0.00173079944216, 0.00328967859969, -0.00180108239874, 0.00333586987108, -0.00485777575523, 0.000980088603683, -0.00202190619893, 0.000945327454247, -0.0012391472701, 0.00229539000429, -0.000534524326213, 0.000144025005284], [-0.000965800776612, 0.00152147479821, -0.00180108239874, 0.00465519214049, -0.00397649267688, 0.00423494214192, -0.00412823539227, 0.00161632033996, 0.000806670694146, -0.00143656716682, -0.00022768053168, -0.000619980681222, -0.000729019171558], [0.00152661302127, -0.00280245742761, 0.00333586987108, -0.00397649267688, 0.012259461917, -0.00642500724643, 0.00419951882213, -0.00350180407986, -0.00590934231877, 0.000873989076354, -0.00387469306588, 0.00151159358211, 0.00329392263666], [-0.00155341660138, 0.00204517855309, -0.00485777575523, 0.00423494214192, -0.00642500724643, 0.0149772772565, -0.00268126139417, -0.00184388482012, 0.00277324439958, -0.00284186634235, -0.00369400694035, 0.00113200012129, -0.000853226345498], [0.00129600567743, -0.00200939038768, 0.000980088603683, -0.00412823539227, 0.00419951882213, -0.00268126139417, 0.0137209426612, -0.00837215874344, -0.000433507695561, -0.000138377392432, -0.00441014906392, 0.00172737578396, 0.00351673993282], [-0.00208520423621, 0.00344899250194, -0.00202190619893, 0.00161632033996, -0.00350180407986, -0.00184388482012, -0.00837215874344, 0.0205107424408, -0.00765743851662, 0.00818723533303, -0.00143430614844, -0.00076288956916, -0.00613860553131], [0.00167351146229, -0.00179798353929, 0.000945327454247, 0.000806670694146, -0.00590934231877, 0.00277324439958, -0.000433507695561, -0.00765743851662, 0.0324258357286, -0.0255231559277, 0.0206940025091, -0.0132620045915, -0.000823900103569], [-0.00186402921099, 0.00230846228078, -0.0012391472701, -0.00143656716682, 0.000873989076354, -0.00284186634235, -0.000138377392432, 0.00818723533303, -0.0255231559277, 0.045674931258, -0.0299186706543, 0.0231758151203, -0.0108826672658], [0.00186459592078, -0.00184196140617, 0.00229539000429, -0.00022768053168, -0.00387469306588, -0.00369400694035, -0.00441014906392, -0.00143430614844, 0.0206940025091, -0.0299186706543, 0.0520271509886, -0.0324641764164, 0.0121393892914], [-0.000937381351832, 0.000802485272288, -0.000534524326213, -0.000619980681222, 0.00151159358211, 0.00113200012129, 0.00172737578396, -0.00076288956916, -0.0132620045915, 0.0231758151203, -0.0324641764164, 0.0408503003418, -0.0171561688185], [0.000873201992363, -0.00133308710065, 0.000144025005284, -0.000729019171558, 0.00329392263666, -0.000853226345498, 0.00351673993282, -0.00613860553131, -0.000823900103569, -0.0108826672658, 0.0121393892914, -0.0171561688185, 0.0295414030552]]}, "spectral_contrast_coeffs": {"dmean": [0.0519661307335, 0.0395654141903, 0.0323349162936, 0.0323435589671, 0.0252886470407, 0.0342663191259], "dmean2": [0.0844385698438, 0.0672171190381, 0.0545203052461, 0.0522806793451, 0.041037209332, 0.0570049360394], "dvar": [0.00224521523342, 0.00137613946572, 0.00107063399628, 0.0016090113204, 0.000950647750869, 0.00220450223424], "dvar2": [0.00558070186526, 0.00366538134404, 0.00274591334164, 0.00320640648715, 0.00210778205656, 0.00477640330791], "max": [-0.326685011387, -0.522367715836, -0.647791206837, -0.470981508493, -0.596524238586, -0.634166300297], "mean": [-0.665237605572, -0.746344327927, -0.832139790058, -0.801705479622, -0.847802042961, -0.850949406624], "median": [-0.665120303631, -0.73048210144, -0.826676726341, -0.792014718056, -0.853417217731, -0.87853884697], "min": [-0.976773202419, -0.988220989704, -0.986702561378, -0.968503236771, -0.973775982857, -0.954203248024], "var": [0.0120564904064, 0.00706049194559, 0.00321860308759, 0.00468301353976, 0.00358682707883, 0.00486991228536]}, "spectral_contrast_valleys": {"dmean": [0.474814802408, 0.45349034667, 0.636203050613, 0.645674586296, 0.866085112095, 0.875108540058], "dmean2": [0.769029080868, 0.749142348766, 1.0594291687, 1.0760846138, 1.43552386761, 1.43681800365], "dvar": [0.425012052059, 0.661789774895, 1.22269308567, 1.15241909027, 1.90718233585, 1.51220667362], "dvar2": [0.746806621552, 1.28858566284, 2.50347328186, 2.3501932621, 3.98541522026, 3.24665689468], "max": [-4.87158441544, -4.63674879074, -4.05879831314, -5.7371263504, -5.96203804016, -8.63423061371],