{"lowlevel": {"average_loudness": 0.933225810528, "barkbands_crest": {"dmean": 2.94363498688, "dmean2": 4.45227527618, "dvar": 9.34985256195, "dvar2": 19.3739738464, "max": 26.5583114624, "mean": 15.2892742157, "median": 15.2207050323, "min": 2.23863697052, "var": 41.02085495}, "barkbands_flatness_db": {"dmean": 0.0433863960207, "dmean2": 0.0637563541532, "dvar": 0.00212834705599, "dvar2": 0.00525468727574, "max": 0.622363209724, "mean": 0.191874936223, "median": 0.176280021667, "min": 0.0469800233841, "var": 0.00660976627842}, "barkbands_kurtosis": {"dmean": 21.1077289581, "dmean2": 30.9635791779, "dvar": 7338.00244141, "dvar2": 13902.7236328, "max": 2972.86303711, "mean": 26.0404148102, "median": 5.07426929474, "min": -1.75118720531, "var": 11415.3681641}, "barkbands_skewness": {"dmean": 1.26274442673, "dmean2": 1.85091602802, "dvar": 3.88717627525, "dvar2": 7.9144449234, "max": 39.4821853638, "mean": 3.05042982101, "median": 2.2057094574, "min": -4.25784349442, "var": 10.8652849197}, "barkbands_spread": {"dmean": 6.7119512558, "dmean2": 10.0210294724, "dvar": 54.429977417, "dvar2": 128.162597656, "max": 94.9932174683, "mean": 16.4541435242, "median": 13.8076219559, "min": 0.0443528369069, "var": 143.718643188}, "dissonance": {"dmean": 0.0248023290187, "dmean2": 0.0418724268675, "dvar": 0.000844577152748, "dvar2": 0.0022946561221, "max": 0.500000178814, "mean": 0.458100199699, "median": 0.466450303793, "min": 0.0175504386425, "var": 0.00115079898387}, "dynamic_complexity": 3.09935259819, "erbbands_crest": {"dmean": 3.54938364029, "dmean2": 5.71274280548, "dvar": 11.3010044098, "dvar2": 27.7045497894, "max": 33.428237915, "mean": 9.84822845459, "median": 8.53568744659, "min": 2.40765070915, "var": 25.4809398651}, "erbbands_flatness_db": {"dmean": 0.023211332038, "dmean2": 0.0342062674463, "dvar": 0.000576650258154, "dvar2": 0.00125324027613, "max": 0.463475525379, "mean": 0.166484639049, "median": 0.152882784605, "min": 0.0768504366279, "var": 0.0029145933222}, "erbbands_kurtosis": {"dmean": 1.32403409481, "dmean2": 2.11627721786, "dvar": 9.09329986572, "dvar2": 20.5269641876, "max": 97.2096862793, "mean": 0.708234250546, "median": -0.0919010639191, "min": -1.93556380272, "var": 15.828625679}, "erbbands_skewness": {"dmean": 0.474165976048, "dmean2": 0.722484648228, "dvar": 0.270878762007, "dvar2": 0.637130260468, "max": 7.07361364365, "mean": 0.440520942211, "median": 0.361657559872, "min": -2.40724730492, "var": 0.622242152691}, "erbbands_spread": {"dmean": 11.1998796463, "dmean2": 15.8981361389, "dvar": 118.472541809, "dvar2": 233.291061401, "max": 164.711624146, "mean": 44.156288147, "median": 40.7852859497, "min": 0.701592206955, "var": 525.118286133}, "hfc": {"dmean": 6.53938770294, "dmean2": 10.0288858414, "dvar": 129.613525391, "dvar2": 333.502044678, "max": 94.6356887817, "mean": 11.8442296982, "median": 8.91605567932, "min": 1.16620157922e-16, "var": 137.053268433}, "melbands_crest": {"dmean": 3.71236109734, "dmean2": 5.64558410645, "dvar": 15.5024604797, "dvar2": 32.4758148193, "max": 36.1199569702, "mean": 21.0071239471, "median": 21.6690883636, "min": 2.20167350769, "var": 62.3095817566}, "melbands_flatness_db": {"dmean": 0.0508853271604, "dmean2": 0.0728618875146, "dvar": 0.00291210715659, "dvar2": 0.00699956016615, "max": 0.779205322266, "mean": 0.245668232441, "median": 0.22963437438, "min": 0.00724705727771, "var": 0.0118087595329}, "melbands_kurtosis": {"dmean": 30.018995285, "dmean2": 46.3435287476, "dvar": 3935.41113281, "dvar2": 8779.89355469, "max": 1117.35961914, "mean": 49.4172592163, "median": 16.7775859833, "min": -1.84742808342, "var": 8308.64746094}, "melbands_skewness": {"dmean": 1.47486448288, "dmean2": 2.16454553604, "dvar": 3.17078471184, "dvar2": 6.71008634567, "max": 26.1604957581, "mean": 4.47692489624, "median": 3.54415798187, "min": -4.11119222641, "var": 12.3735055923}, "melbands_spread": {"dmean": 7.24432086945, "dmean2": 10.960641861, "dvar": 94.5170898438, "dvar2": 205.308776855, "max": 174.604705811, "mean": 16.6472091675, "median": 12.1193828583, "min": 0.183539167047, "var": 250.279647827}, "pitch_salience": {"dmean": 0.0949915125966, "dmean2": 0.146909460425, "dvar": 0.010427149944, "dvar2": 0.0247670989484, "max": 0.961592972279, "mean": 0.403699338436, "median": 0.415611207485, "min": 0.0319508016109, "var": 0.032220389694}, "silence_rate_20dB": {"dmean": 0, "dmean2": 0, "dvar": 0, "dvar2": 0, "max": 1, "mean": 1, "median": 1, "min": 1, "var": 0}, "silence_rate_30dB": {"dmean": 0.0742553174496, "dmean2": 0.148526445031, "dvar": 0.0687387138605, "dvar2": 0.160091668367, "max": 1, "mean": 0.929369211197, "median": 1, "min": 0, "var": 0.0656407102942}, "silence_rate_60dB": {"dmean": 0.0487234033644, "dmean2": 0.097457177937, "dvar": 0.0463548824191, "dvar2": 0.0992513820529, "max": 1, "mean": 0.096691839397, "median": 0, "min": 0, "var": 0.0873337090015}, "spectral_centroid": {"dmean": 369.43145752, "dmean2": 541.137268066, "dvar": 158969.28125, "dvar2": 356786.09375, "max": 11035.34375, "mean": 1292.17004395, "median": 1223.66918945, "min": 75.6952896118, "var": 469797.71875}, "spectral_complexity": {"dmean": 4.14510631561, "dmean2": 6.59368038177, "dvar": 27.0668888092, "dvar2": 67.0608215332, "max": 54, "mean": 12.6504631042, "median": 12, "min": 0, "var": 53.0238609314}, "spectral_decrease": {"dmean": 4.56869875265e-09, "dmean2": 6.79581413365e-09, "dvar": 5.95735278637e-17, "dvar2": 1.38664905059e-16, "max": 1.08609888794e-20, "mean": -9.38328792444e-09, "median": -6.24632967572e-09, "min": -7.00103157669e-08, "var": 1.08095452905e-16}, "spectral_energy": {"dmean": 0.0176490955055, "dmean2": 0.0261735133827, "dvar": 0.000872322241776, "dvar2": 0.00202218163759, "max": 0.266208201647, "mean": 0.0364889018238, "median": 0.0245817545801, "min": 1.06314131398e-20, "var": 0.00158151693176}, "spectral_energyband_high": {"dmean": 0.000378153286874, "dmean2": 0.000589100294746, "dvar": 4.71625327236e-07, "dvar2": 1.27843861719e-06, "max": 0.00569721451029, "mean": 0.00053797988221, "median": 0.000301851599943, "min": 7.78592314177e-21, "var": 5.01330305269e-07}, "spectral_energyband_low": {"dmean": 0.0126771796495, "dmean2": 0.0194189343601, "dvar": 0.000669556553476, "dvar2": 0.00171203236096, "max": 0.261838763952, "mean": 0.0251830946654, "median": 0.0124719133601, "min": 5.08217011757e-23, "var": 0.00124815385789}, "spectral_energyband_middle_high": {"dmean": 0.00189053267241, "dmean2": 0.00314124277793, "dvar": 1.14383165055e-05, "dvar2": 3.05557914544e-05, "max": 0.0370669439435, "mean": 0.00279824039899, "median": 0.00174869096372, "min": 1.35403801623e-21, "var": 1.21672283058e-05}, "spectral_energyband_middle_low": {"dmean": 0.00855800695717, "dmean2": 0.0141893429682, "dvar": 0.000515850377269, "dvar2": 0.00137494516093, "max": 0.164434283972, "mean": 0.00944768916816, "median": 0.00319705437869, "min": 3.10597358554e-22, "var": 0.000395741546527}, "spectral_entropy": {"dmean": 0.294644117355, "dmean2": 0.447259068489, "dvar": 0.107654362917, "dvar2": 0.278913736343, "max": 9.81032180786, "mean": 7.61835432053, "median": 7.7264547348, "min": 4.71447658539, "var": 0.237183958292}, "spectral_flux": {"dmean": 0.0415389090776, "dmean2": 0.0617239773273, "dvar": 0.00297010852955, "dvar2": 0.00553324213251, "max": 0.448576688766, "mean": 0.0865523666143, "median": 0.0597898513079, "min": 6.96246879595e-11, "var": 0.00635236827657}, "spectral_kurtosis": {"dmean": 1.98024749756, "dmean2": 3.22376775742, "dvar": 15.7607097626, "dvar2": 40.7118797302, "max": 87.391242981, "mean": 3.43313837051, "median": 2.04614973068, "min": -1.25001776218, "var": 24.5210971832}, "spectral_rms": {"dmean": 0.00126579066273, "dmean2": 0.00177800853271, "dvar": 2.96655366583e-06, "dvar2": 6.15258068137e-06, "max": 0.0161156859249, "mean": 0.00515019567683, "median": 0.00489716231823, "min": 3.22057614952e-12, "var": 9.07446610654e-06}, "spectral_rolloff": {"dmean": 468.035369873, "dmean2": 758.45916748, "dvar": 632229.625, "dvar2": 1283908.75, "max": 19293.75, "mean": 1052.88562012, "median": 645.99609375, "min": 64.599609375, "var": 1641280.125}, "spectral_skewness": {"dmean": 0.29208740592, "dmean2": 0.447059959173, "dvar": 0.145566627383, "dvar2": 0.364643841982, "max": 7.43986034393, "mean": 1.36959910393, "median": 1.23032557964, "min": -0.0103635825217, "var": 0.369658112526}, "spectral_spread": {"dmean": 623282.9375, "dmean2": 824552, "dvar": 491021893632, "dvar2": 773238358016, "max": 41944872, "mean": 5036862.5, "median": 5116815.5, "min": 944939.625, "var": 2214994378750.0}, "spectral_strongpeak": {"dmean": 0.285293757915, "dmean2": 0.449861228466, "dvar": 0.184833005071, "dvar2": 0.448187083006, "max": 6.27732563019, "mean": 0.619761168957, "median": 0.458445310593, "min": 0, "var": 0.284026324749}, "zerocrossingrate": {"dmean": 0.0115575129166, "dmean2": 0.0130182355642, "dvar": 0.000152724809595, "dvar2": 0.000203334901016, "max": 0.51708984375, "mean": 0.0463520251215, "median": 0.03955078125, "min": 0.001953125, "var": 0.0011857409263}, "barkbands": {"dmean": [0.000399042386562, 0.00904505513608, 0.0034510823898, 0.00450448691845, 0.00365983811207, 0.000486855162308, 0.000700702425092, 0.000364542735042, 0.000353169511072, 0.000587156158872, 0.000336815282935, 0.000251740159001, 0.000238135093241, 0.000166880199686, 0.000243096554186, 0.000225926516578, 0.000128980536829, 8.24383241707e-05, 0.000118092808407, 9.14024640224e-05, 0.000111389803351, 0.00011468474986, 6.44118554192e-05, 5.01021604578e-05, 2.39254295593e-05, 2.97390556625e-06, 5.25075023461e-08], "dmean2": [0.000613527430687, 0.0125630777329, 0.00589397689328, 0.00778250582516, 0.00623029004782, 0.000824909948278, 0.00109790207352, 0.000579669722356, 0.000550699187443, 0.000927520974074, 0.000557064020541, 0.000441754149506, 0.000394733826397, 0.00028310919879, 0.000405862287153, 0.000405562139349, 0.000228269491345, 0.000147154438309, 0.00020739530737, 0.000161117044627, 0.000178061527549, 0.000191252358491, 0.000105291212094, 7.23943958292e-05, 3.69219778804e-05, 4.98854342368e-06, 8.59841691181e-08], "dvar": [8.06612717952e-07, 0.000345223146724, 0.000194849111722, 0.000243788774242, 0.000106652762042, 9.63284492173e-07, 2.12197869587e-06, 6.10463018802e-07, 5.35615868102e-07, 1.87369835203e-06, 5.92161825352e-07, 3.49358316498e-07, 3.59726470833e-07, 1.06165451541e-07, 2.22606971079e-07, 3.27328649519e-07, 8.80895356659e-08, 3.42431398792e-08, 5.56170434152e-08, 4.99626438e-08, 3.98851653927e-08, 4.60574902661e-08, 1.53291654925e-08, 4.33878355466e-09, 1.51503332102e-09, 4.26425041111e-11, 3.84381044246e-14], "dvar2": [2.03383910957e-06, 0.000667462707497, 0.000502524839249, 0.000685197999701, 0.000280496402411, 2.51843721344e-06, 4.59590864921e-06, 1.43572981415e-06, 1.18568129892e-06, 4.41534803031e-06, 1.39839323765e-06, 8.83386974238e-07, 8.75356988672e-07, 2.69305104439e-07, 5.69535700379e-07, 9.25829851894e-07, 2.50597622653e-07, 9.75008163095e-08, 1.56439227794e-07, 1.45178887578e-07, 1.06668665012e-07, 1.25024413933e-07, 4.20699954873e-08, 9.47299838572e-09, 3.89367560416e-09, 1.18650589354e-10, 8.29253928979e-14], "max": [0.0188677236438, 0.256939440966, 0.117506720126, 0.120587974787, 0.0832413360476, 0.016031069681, 0.0262444987893, 0.0209600646049, 0.0166500099003, 0.0336268357933, 0.0160520467907, 0.0169626045972, 0.0166496522725, 0.010446219705, 0.00980738457292, 0.00882568582892, 0.00268463720568, 0.0015012610238, 0.00220229825936, 0.00224373163655, 0.00174252677243, 0.00172527809627, 0.00104922521859, 0.00100984086748, 0.00031146753463, 8.53855599416e-05, 1.27841140056e-05], "mean": [0.000780260539614, 0.0203161071986, 0.00267074909061, 0.00359255005606, 0.00313451257534, 0.000579363026191, 0.00100622524042, 0.000517930311617, 0.000486579287099, 0.00074275751831, 0.000417251576437, 0.000255875725998, 0.000282235065242, 0.000231535552302, 0.000291037606075, 0.000238858236116, 0.000128558356664, 8.43497909955e-05, 0.000130000335048, 0.000112004803668, 0.000147789251059, 0.000134096320835, 9.188902186e-05, 8.1462712842e-05, 3.14135868393e-05, 3.49525521415e-06, 6.12460766547e-08], "median": [0.000111369779916, 0.00829063449055, 0.000142169155879, 0.00020594552916, 0.000377903576009, 0.000167337333551, 0.000377874588594, 0.000160790310474, 0.000162337033544, 0.000246582436375, 0.000141870681546, 9.42101469263e-05, 0.000126339145936, 0.000112506080768, 0.000118021634989, 8.33281883388e-05, 5.4187465139e-05, 3.24875836668e-05, 5.91887146584e-05, 4.97420151078e-05, 7.76352972025e-05, 6.53826573398e-05, 4.99400230183e-05, 5.39156571904e-05, 1.60813215189e-05, 1.29547595407e-06, 1.30145849653e-08], "min": [4.55393662809e-24, 2.00530082938e-23, 7.25379374912e-24, 2.26880301203e-24, 2.70288453252e-23, 1.05188046277e-23, 3.3211763551e-23, 3.3362429673e-23, 9.10939276006e-23, 4.00584104097e-23, 3.75815228513e-23, 6.19131675446e-23, 7.74149848407e-23, 9.77424662424e-23, 1.03412545994e-22, 7.43568487902e-23, 1.06583060013e-22, 1.33622775842e-22, 2.15530228874e-22, 1.36205026818e-22, 3.6173637114e-22, 5.02544735817e-22, 5.89058720018e-22, 6.47882499998e-22, 1.17133348869e-21, 1.8448064345e-21, 2.09810727303e-21], "var": [2.04915227187e-06, 0.000905079941731, 0.000143897588714, 0.000155414047185, 8.13126680441e-05, 1.05900926428e-06, 3.51023231815e-06, 1.11842757633e-06, 9.52415177835e-07, 2.67578207058e-06, 8.00546217761e-07, 3.50223984924e-07, 4.10543151474e-07, 1.63737382763e-07, 2.78681824284e-07, 2.585990444e-07, 5.91871724964e-08, 2.43289903779e-08, 4.52012720586e-08, 3.95366051009e-08, 4.1610103807e-08, 4.0542097679e-08, 1.62814952631e-08, 8.71779182177e-09, 1.75273007219e-09, 4.11041756188e-11, 8.89017659944e-14]}, "erbbands": {"dmean": [0.368097454309, 1.71561419964, 3.39956665039, 9.4748878479, 17.8512954712, 9.06647491455, 4.26366853714, 4.21715116501, 10.474770546, 8.64116191864, 5.69538640976, 9.07747268677, 9.03530216217, 19.7779560089, 15.2072124481, 10.9587011337, 11.523188591, 8.27818107605, 13.9512634277, 9.00211524963, 11.8738698959, 6.5673584938, 4.60665893555, 4.97815942764, 6.71652507782, 4.17813062668, 3.81318902969, 5.1102604866, 4.17400407791, 2.83819246292, 1.81860041618, 1.32519674301, 0.709254980087, 0.343968838453, 0.137244641781, 0.0261068996042, 0.00368469720706, 0.000316671677865, 1.79249418579e-05, 2.00935282919e-05], "dmean2": [0.475878536701, 2.59832787514, 5.82079982758, 16.1919708252, 29.6804389954, 16.3099250793, 7.53021907806, 7.13897609711, 16.4925785065, 13.8376703262, 9.12221813202, 14.0469865799, 14.6008281708, 31.2876338959, 24.9353237152, 18.6982784271, 19.0724334717, 13.8796319962, 22.9730300903, 15.9228658676, 21.3856468201, 11.6742706299, 8.16062641144, 8.75590896606, 11.8291578293, 7.16141986847, 6.26181077957, 8.50316524506, 7.03843641281, 4.67801094055, 2.93290424347, 1.98686718941, 1.0213432312, 0.50818747282, 0.225333869457, 0.0432204641402, 0.00609583873302, 0.000504623749293, 2.69004722213e-05, 2.94997043966e-05], "dvar": [0.556057631969, 13.2556324005, 161.193969727, 1196.1829834, 2604.85302734, 675.821472168, 92.9359283447, 70.3926086426, 547.130004883, 242.830154419, 156.94152832, 370.534851074, 448.477020264, 2198.38574219, 1277.39733887, 689.62890625, 868.680358887, 249.939468384, 756.955383301, 402.531494141, 907.235229492, 242.378326416, 105.020629883, 114.563232422, 262.914550781, 69.7930908203, 45.3771858215, 105.736274719, 66.3517456055, 22.9452667236, 12.294054985, 3.80314159393, 0.826279997826, 0.263514757156, 0.0693931356072, 0.00283152074553, 6.36307231616e-05, 5.33960189841e-07, 1.61252089459e-09, 1.06396536026e-09], "dvar2": [0.985215246677, 29.6289405823, 426.631500244, 3245.6081543, 6711.65869141, 1905.23327637, 254.387405396, 184.029312134, 1216.79821777, 594.811401367, 363.961486816, 810.617431641, 1040.8079834, 5211.80615234, 3007.97607422, 1698.6282959, 2106.05786133, 620.837402344, 1889.29614258, 1123.60717773, 2594.05737305, 693.95489502, 298.765319824, 322.342895508, 751.079284668, 197.724822998, 119.775268555, 292.53314209, 182.757415771, 59.240398407, 33.2723045349, 9.41849708557, 1.6114307642, 0.624689280987, 0.192567005754, 0.00790636334568, 0.000174292523297, 1.31366448386e-06, 3.75809339204e-09, 2.43924591636e-09], "max": [10.3611564636, 47.2990112305, 103.124809265, 275.781707764, 329.277404785, 199.988342285, 125.34954834, 126.349311829, 435.32611084, 310.398590088, 385.350585938, 420.339752197, 555.311462402, 1145.27258301, 808.046325684, 814.916809082, 830.052490234, 598.400634766, 629.083190918, 314.938262939, 393.451629639, 130.445205688, 82.771194458, 89.2639007568, 167.940811157, 94.0804443359, 64.1599273682, 88.281036377, 66.4820251465, 44.4344367981, 30.416765213, 22.302148819, 14.9035024643, 5.21847295761, 2.05957651138, 0.453025728464, 0.161234974861, 0.0283792242408, 0.00211413833313, 0.00029109994648], "mean": [0.82278752327, 3.62759685516, 3.33891105652, 7.63689947128, 15.0423259735, 7.85905408859, 4.24035692215, 5.21195363998, 14.2899274826, 13.9320726395, 8.43578529358, 12.92628479, 11.5802288055, 24.8042945862, 19.792131424, 12.1427145004, 14.0535860062, 12.2696409225, 17.4467563629, 10.7144107819, 11.887468338, 6.67613077164, 4.94722747803, 5.43342399597, 7.51080751419, 5.57260990143, 5.20927524567, 6.15483236313, 4.70705080032, 3.87198781967, 2.54558253288, 2.01349687576, 1.16400897503, 0.481510847807, 0.160635948181, 0.0306763499975, 0.00444984110072, 0.000401888624765, 3.16823898174e-05, 4.22157791036e-05], "median": [0.171183422208, 1.55587732792, 0.648849010468, 0.62823086977, 1.05219686031, 1.24860703945, 1.27675366402, 1.66546022892, 4.59774255753, 6.33423709869, 3.62517285347, 4.3637752533, 4.34024715424, 9.09746265411, 7.42214012146, 5.09464073181, 6.54594326019, 6.39754390717, 7.51120281219, 4.71479701996, 4.37835407257, 2.97001314163, 2.41492986679, 2.4107093811, 3.28407597542, 2.72042036057, 2.69317626953, 2.99034404755, 2.22266817093, 2.06499814987, 1.35227441788, 1.21557605267, 0.800492286682, 0.275473117828, 0.0771076530218, 0.0129666496068, 0.00166046537925, 0.000125331745949, 2.01851016755e-05, 2.94368874165e-05], "min": [4.6024765491e-22, 4.09467327911e-21, 6.87249925684e-21, 8.58119590843e-21, 7.01987473078e-20, 6.62631447379e-20, 9.8158951277e-20, 1.26633596964e-19, 3.0270219567e-19, 6.94457105125e-19, 9.44383109763e-19, 1.86480548552e-18, 2.25167537647e-18, 1.38699494443e-18, 1.66314164391e-18, 2.83681921947e-18, 3.92910542809e-18, 4.72799315497e-18, 9.43280788199e-18, 2.99711420768e-18, 5.26181085455e-18, 7.22356563018e-18, 6.10718944058e-18, 8.0836854019e-18, 1.00819502754e-17, 6.39119239133e-18, 1.21703546746e-17, 1.59365344733e-17, 1.94092967652e-17, 1.86466693276e-17, 1.5295590267e-17, 1.38620986731e-17, 1.36836394191e-17, 1.06191660329e-17, 1.01616664982e-17, 6.69599521216e-18, 3.33412661439e-18, 1.27183372218e-18, 2.74723974674e-19, 3.27932005684e-20], "var": [1.55910849571, 30.1987552643, 123.968513489, 804.911376953, 2130.9597168, 439.242248535, 71.5269470215, 81.8625717163, 835.709838867, 466.069580078, 267.821655273, 683.207946777, 665.247436523, 3001.72241211, 1729.81237793, 747.749206543, 996.750854492, 430.811523438, 986.052978516, 382.906768799, 606.482727051, 159.188430786, 73.6308670044, 90.8523864746, 192.429794312, 69.6715240479, 50.2482833862, 91.0302505493, 54.1434059143, 26.7218456268, 12.979675293, 6.17997360229, 1.71512758732, 0.362595081329, 0.0602080486715, 0.00257173995487, 6.97455907357e-05, 9.68425638348e-07, 2.95102453585e-09, 1.93701388262e-09]}, "gfcc": {"mean": [-45.1903572083, 89.6959381104, -124.982208252, 41.9817695618, -68.8664321899, 31.2607364655, -28.3820495605, 8.66020011902, -13.0060453415, 3.79727053642, -5.95747804642, -4.22294807434, -0.943996906281], "cov": [[7421.44189453, -356.403289795, 847.270690918, 878.195983887, -100.892601013, 404.768859863, -596.009399414, -8.00696277618, -429.787780762, 18.4525432587, -266.605926514, 27.7832508087, -89.1404037476], [-356.403289795, 1355.06347656, 661.792419434, -13.5996437073, 498.336853027, 7.55684280396, 264.76852417, -40.8946266174, 230.497711182, -3.98243522644, 216.006118774, 17.4057197571, 98.0522613525], [847.270690918, 661.792419434, 1992.21728516, 906.203308105, 525.044799805, 451.624084473, 316.196929932, 144.412979126, 20.4667797089, -32.8622665405, 55.9791374207, 24.0824966431, 64.2545394897], [878.195983887, -13.5996437073, 906.203308105, 752.314758301, 270.326904297, 307.36151123, 117.548553467, 96.8856048584, -54.8108634949, -31.0619888306, -30.8976402283, -5.72947978973, 5.85317230225], [-100.892601013, 498.336853027, 525.044799805, 270.326904297, 670.437316895, 229.188476562, 276.959594727, 98.2192382812, 110.509429932, -0.177091151476, 77.5865859985, 22.9228153229, 6.9812078476], [404.768859863, 7.55684280396, 451.624084473, 307.36151123, 229.188476562, 355.939300537, 186.577850342, 107.272789001, 23.9485301971, 13.8187484741, 17.5539512634, 15.5225048065, 27.2545146942], [-596.009399414, 264.76852417, 316.196929932, 117.548553467, 276.959594727, 186.577850342, 393.447540283, 194.567276001, 202.514968872, 54.6258926392, 123.285758972, 38.9813766479, 57.8394622803], [-8.00696277618, -40.8946266174, 144.412979126, 96.8856048584, 98.2192382812, 107.272789001, 194.567276001, 257.950134277, 174.989379883, 100.323181152, 63.4527854919, 40.3148422241, 31.7016582489], [-429.787780762, 230.497711182, 20.4667797089, -54.8108634949, 110.509429932, 23.9485301971, 202.514968872, 174.989379883, 325.861206055, 168.347473145, 181.177963257, 40.5217323303, 68.3013305664], [18.4525432587, -3.98243522644, -32.8622665405, -31.0619888306, -0.177091151476, 13.8187484741, 54.6258926392, 100.323181152, 168.347473145, 197.439620972, 149.078414917, 69.8902206421, 30.5284042358], [-266.605926514, 216.006118774, 55.9791374207, -30.8976402283, 77.5865859985, 17.5539512634, 123.285758972, 63.4527854919, 181.177963257, 149.078414917, 246.278030396, 106.131874084, 83.8095245361], [27.7832508087, 17.4057197571, 24.0824966431, -5.72947978973, 22.9228153229, 15.5225048065, 38.9813766479, 40.3148422241, 40.5217323303, 69.8902206421, 106.131874084, 131.025466919, 70.6662139893], [-89.1404037476, 98.0522613525, 64.2545394897, 5.85317230225, 6.9812078476, 27.2545146942, 57.8394622803, 31.7016582489, 68.3013305664, 30.5284042358, 83.8095245361, 70.6662139893, 131.458267212]], "icov": [[0.000307721085846, -0.000450225634268, 0.000170272978721, -0.00042046784074, 0.000238529988565, -0.000693423615303, 0.00103384710383, -0.000737054389901, 0.000409129774198, -0.00044560796232, 0.00034232091275, -0.000373462418793, 0.000207363729714], [-0.000450225634268, 0.00367572810501, -0.00185948761646, 0.00234393659048, -0.00216623744927, 0.00232389941812, -0.00177941645961, 0.0033074375242, -0.00280500948429, 0.0024363421835, -0.0021281526424, 0.00163520453498, -0.00125451420899], [0.000170272978721, -0.00185948761646, 0.0022515358869, -0.00255227391608, 0.000863889988977, -0.00119336810894, 0.000274609337794, -0.00133283657487, 0.00142605276778, -0.000967606087215, 0.000725652673282, -0.000669753178954, 0.000298853032291], [-0.00042046784074, 0.00234393659048, -0.00255227391608, 0.00547148147598, -0.00177929212805, 0.000174533823156, -0.000441657350166, 0.000645553518552, -0.000417872070102, 0.00137195631396, -0.00168465811294, 0.00204200134613, -0.00105772691313], [0.000238529988565, -0.00216623744927, 0.000863889988977, -0.00177929212805, 0.00408977642655, -0.00218398985453, -0.000235326529946, -0.000862810004037, -2.22816888709e-05, 0.000161182120792, 0.00102766847704, -0.00244151521474, 0.00261310255155], [-0.000693423615303, 0.00232389941812, -0.00119336810894, 0.000174533823156, -0.00218398985453, 0.00858362670988, -0.00531887914985, 0.00208058021963, 0.000997952185571, -0.00125946616754, -0.000429958949098, 0.00259405979887, -0.00279951980338], [0.00103384710383, -0.00177941645961, 0.000274609337794, -0.000441657350166, -0.000235326529946, -0.00531887914985, 0.0123822148889, -0.00695306854323, -0.00181701977272, 0.00388370314613, -0.00233614444733, -0.00136440305505, 0.00152271136176], [-0.000737054389901, 0.0033074375242, -0.00133283657487, 0.000645553518552, -0.000862810004037, 0.00208058021963, -0.00695306854323, 0.0150327142328, -0.0083667403087, -0.000997375696898, 0.00454732775688, -0.00331581011415, 0.000166527577676], [0.000409129774198, -0.00280500948429, 0.00142605276778, -0.000417872070102, -2.22816888709e-05, 0.000997952185571, -0.00181701977272, -0.0083667403087, 0.0184324607253, -0.01043049898, -0.0036880178377, 0.00862816534936, -0.00513888616115], [-0.00044560796232, 0.0024363421835, -0.000967606087215, 0.00137195631396, 0.000161182120792, -0.00125946616754, 0.00388370314613, -0.000997375696898, -0.01043049898, 0.0211484972388, -0.00898444838822, -0.0046235290356, 0.00579816754907], [0.00034232091275, -0.0021281526424, 0.000725652673282, -0.00168465811294, 0.00102766847704, -0.000429958949098, -0.00233614444733, 0.00454732775688, -0.0036880178377, -0.00898444838822, 0.0179910231382, -0.00880817137659, -0.00122681690846], [-0.000373462418793, 0.00163520453498, -0.000669753178954, 0.00204200134613, -0.00244151521474, 0.00259405979887, -0.00136440305505, -0.00331581011415, 0.00862816534936, -0.0046235290356, -0.00880817137659, 0.0213032625616, -0.00949004013091], [0.000207363729714, -0.00125451420899, 0.000298853032291, -0.00105772691313, 0.00261310255155, -0.00279951980338, 0.00152271136176, 0.000166527577676, -0.00513888616115, 0.00579816754907, -0.00122681690846, -0.00949004013091, 0.0155229028314]]}, "melbands": {"dmean": [0.00286054052413, 0.00179884571116, 0.00195622374304, 0.000977898947895, 0.000175170003786, 9.55111026997e-05, 0.000154727211338, 9.3672228104e-05, 4.90558595629e-05, 5.3110463341e-05, 4.69458354928e-05, 8.50505530252e-05, 4.72649735457e-05, 3.28160458594e-05, 2.9961907785e-05, 1.86685192602e-05, 1.6421874534e-05, 2.25411204156e-05, 1.27940747916e-05, 1.58773873409e-05, 1.29041909531e-05, 7.00019609212e-06, 5.23143035025e-06, 4.40887833975e-06, 3.89018896385e-06, 5.24642109667e-06, 3.9678657231e-06, 2.47666844189e-06, 2.48118203672e-06, 2.66949746219e-06, 3.00683677779e-06, 2.68935355052e-06, 1.86128045243e-06, 1.43746126469e-06, 1.1607921806e-06, 9.66870402408e-07, 7.47148874325e-07, 5.28357475105e-07, 3.61249959724e-07, 2.66319489128e-07], "dmean2": [0.00382982613519, 0.00308535783552, 0.00321703962982, 0.00165188894607, 0.000313527707476, 0.000161708099768, 0.000241344518145, 0.000150388426846, 7.81777271186e-05, 8.24573799036e-05, 7.61029950809e-05, 0.000134472487844, 7.79245528975e-05, 5.54912403459e-05, 5.06399810547e-05, 3.09535462293e-05, 2.75666970992e-05, 3.71999958588e-05, 2.20214660658e-05, 2.83002336801e-05, 2.33520495385e-05, 1.26577551782e-05, 8.9007708084e-06, 7.88959459896e-06, 6.86221301294e-06, 9.14732663659e-06, 7.04890089764e-06, 4.23579876951e-06, 4.21582035415e-06, 4.29717147199e-06, 5.12491033078e-06, 4.62509615318e-06, 3.12384486278e-06, 2.36729624703e-06, 1.87857835954e-06, 1.57560509706e-06, 1.10558835331e-06, 7.69446671711e-07, 5.18653109793e-07, 4.02642427844e-07], "dvar": [3.41963714163e-05, 2.55343184108e-05, 3.75082126993e-05, 7.5533398558e-06, 1.81406690558e-07, 3.53825377886e-08, 1.14460860345e-07, 3.14757784281e-08, 1.10765441264e-08, 1.26674084555e-08, 1.18948690897e-08, 4.34406928207e-08, 1.17685488021e-08, 5.34282351694e-09, 4.86673146227e-09, 1.73069003573e-09, 1.14142639784e-09, 1.93646210178e-09, 6.28801566371e-10, 1.58687518681e-09, 1.10148534738e-09, 3.59525104132e-10, 7.40735250915e-11, 1.14857061362e-10, 7.20323106718e-11, 1.17927445586e-10, 1.37131861422e-10, 1.87025377824e-11, 2.05652612995e-11, 1.94641924106e-11, 4.3705882663e-11, 2.99437245832e-11, 8.77815268391e-12, 6.18262992885e-12, 4.71017192263e-12, 3.06648087998e-12, 1.02927161152e-12, 4.3316248483e-13, 2.55910798195e-13, 1.60157152297e-13], "dvar2": [6.20387509116e-05, 7.34057975933e-05, 9.89737382042e-05, 1.99536916625e-05, 5.07942502281e-07, 9.2417394626e-08, 2.48790144042e-07, 7.72319310727e-08, 2.50149856384e-08, 2.81047203288e-08, 2.77031961815e-08, 1.02784433409e-07, 2.79582490492e-08, 1.29561064099e-08, 1.22457217699e-08, 4.27076241039e-09, 2.80730882984e-09, 4.88128248932e-09, 1.72962477674e-09, 4.41842562537e-09, 3.16010528856e-09, 1.03971775633e-09, 1.95548854887e-10, 3.27136373546e-10, 2.01462929672e-10, 3.27922966559e-10, 4.02530314636e-10, 5.21841146683e-11, 5.55720816586e-11, 5.02349759013e-11, 1.23038287891e-10, 8.2915119215e-11, 2.27445041967e-11, 1.62724850955e-11, 1.25369202866e-11, 8.43275709678e-12, 2.37464692007e-12, 8.32690633026e-13, 5.87386693104e-13, 3.82655793987e-13], "max": [0.0816690996289, 0.0470811091363, 0.0462543182075, 0.0210882723331, 0.00557392137125, 0.0028357738629, 0.00617130799219, 0.00340714352205, 0.00283512449823, 0.00224270368926, 0.00271961698309, 0.00516618788242, 0.0022623934783, 0.00193245685659, 0.00164713861886, 0.00103540020064, 0.00134405831341, 0.000989853171632, 0.000314192817314, 0.00064454972744, 0.000375071191229, 0.000160461524501, 9.11709794309e-05, 8.37457337184e-05, 7.71014165366e-05, 0.00012161716586, 0.000121433542517, 6.06216708547e-05, 4.78583679069e-05, 4.1024548409e-05, 5.79711704631e-05, 4.5951201173e-05, 2.62149569608e-05, 2.56499279203e-05, 1.91795297724e-05, 1.45524409163e-05, 1.4272775843e-05, 1.15491002362e-05, 5.9756034716e-06, 3.66014796782e-06], "mean": [0.00642644660547, 0.00271608261392, 0.00164629425853, 0.000860008702148, 0.000167502381373, 0.000114492679131, 0.000215846448555, 0.000147283950355, 7.25512436475e-05, 7.35826979508e-05, 5.8610803535e-05, 0.000104858132545, 6.02389554842e-05, 3.78868207918e-05, 3.31625633407e-05, 2.35617771978e-05, 2.2969508791e-05, 2.76683313132e-05, 1.50388332258e-05, 1.79336311703e-05, 1.20784561659e-05, 6.54294308333e-06, 5.94676930632e-06, 4.24592417403e-06, 4.08675214203e-06, 5.71463669985e-06, 4.51851383332e-06, 3.3211479149e-06, 3.05985190607e-06, 3.61183606401e-06, 3.35976096721e-06, 2.80430299426e-06, 2.33997570831e-06, 2.00543740903e-06, 1.53753524046e-06, 1.31840852191e-06, 1.14930924155e-06, 8.57575514601e-07, 5.39868381111e-07, 3.57343367341e-07], "median": [0.00214933394454, 0.00104390189517, 0.000119061412988, 9.51953479671e-05, 4.82866998937e-05, 3.34589567501e-05, 7.10991735104e-05, 6.38334386167e-05, 2.96060061373e-05, 2.45027222263e-05, 2.06575241464e-05, 3.4397609852e-05, 2.16275275307e-05, 1.43864726851e-05, 1.41693317346e-05, 1.15079064926e-05, 1.07037021735e-05, 1.2104970665e-05, 6.86083558321e-06, 5.87610520597e-06, 4.2537144509e-06, 2.54384690379e-06, 2.71777525995e-06, 1.50390303588e-06, 1.56138366947e-06, 2.21827690439e-06, 1.97845042749e-06, 1.60129525284e-06, 1.47014338836e-06, 1.89059812783e-06, 1.50101311647e-06, 1.17085369311e-06, 1.27084706492e-06, 1.05102878933e-06, 7.72165947183e-07, 7.31730722237e-07, 6.99088730016e-07, 5.75138813019e-07, 3.40844593438e-07, 1.92606023575e-07], "min": [4.77457826227e-24, 3.97431240051e-24, 3.18768988811e-24, 6.09387081788e-24, 2.96552101922e-24, 2.3967659144e-24, 5.44526385958e-24, 7.80796774617e-24, 8.57512787675e-24, 1.20268360992e-23, 1.07335325661e-23, 5.15479817453e-24, 5.40853844014e-24, 6.46936111459e-24, 7.64707719797e-24, 9.15033290554e-24, 6.17532307293e-24, 1.73791611001e-23, 6.52676297279e-24, 2.76317385829e-24, 6.62197769519e-24, 7.48807202733e-24, 5.51966290928e-24, 5.3546474074e-24, 6.03831765521e-24, 8.30282571405e-24, 5.41011537309e-24, 3.58788099748e-24, 7.42016766947e-24, 8.12578560539e-24, 9.3527348923e-24, 1.18346837822e-23, 7.83087942231e-24, 1.00876471779e-23, 8.09998985379e-24, 8.1678287362e-24, 7.15259315017e-24, 8.29937365872e-24, 8.88480548029e-24, 8.86882315835e-24], "var": [9.29166417336e-05, 2.57772899204e-05, 2.80027743429e-05, 5.86067744734e-06, 1.25199548506e-07, 4.06222397942e-08, 1.84193723385e-07, 5.94955125166e-08, 1.94699936173e-08, 2.19632401155e-08, 1.75488441556e-08, 5.97338569719e-08, 1.58184612076e-08, 6.24038687391e-09, 5.11149123028e-09, 1.98162664056e-09, 1.95122562552e-09, 2.44034281671e-09, 6.3421262686e-10, 1.55219725961e-09, 6.86254164606e-10, 2.173513175e-10, 7.75029831979e-11, 7.7168903212e-11, 5.83510184615e-11, 9.96126861552e-11, 8.96718740928e-11, 2.27680686804e-11, 2.03720686154e-11, 2.3198928889e-11, 3.328460077e-11, 2.29024230136e-11, 9.49019682284e-12, 7.43484961097e-12, 5.02567518851e-12, 3.28760326254e-12, 1.95387759791e-12, 9.45999246819e-13, 4.02783438113e-13, 2.12798027355e-13]}, "mfcc": {"mean": [-677.763000488, 104.164710999, 8.20917034149, 13.0624523163, -2.98685669899, 15.2741518021, 2.25598907471, 5.91584300995, 4.39203548431, 7.8077082634, 0.833778679371, 3.89946079254, 2.96696305275], "cov": [[6669.37109375, -601.685974121, 309.952301025, 307.859863281, 236.832366943, 180.580657959, -121.464691162, -161.32824707, -194.420776367, -190.528488159, -173.975158691, -172.993865967, -138.609817505], [-601.685974121, 1464.00415039, 229.736999512, 121.37412262, 262.187744141, 133.99105835, 105.647575378, 82.734336853, 48.9617843628, 40.3066635132, 159.774154663, 122.753974915, 53.2888336182], [309.952301025, 229.736999512, 1474.1439209, 647.016967773, 396.568054199, 351.292999268, 333.338653564, 235.969360352, 167.195831299, 49.1495666504, 65.2165222168, 64.7592315674, -34.5300559998], [307.859863281, 121.37412262, 647.016967773, 547.347045898, 336.576477051, 225.01651001, 219.061950684, 163.078292847, 89.2851867676, 43.0740127563, 43.7915725708, 29.9652500153, 2.0005736351], [236.832366943, 262.187744141, 396.568054199, 336.576477051, 441.876281738, 266.270507812, 225.363082886, 156.594223022, 96.5092086792, 41.8004837036, 42.3026046753, 33.2728004456, 20.9243812561], [180.580657959, 133.99105835, 351.292999268, 225.01651001, 266.270507812, 307.902099609, 219.797271729, 129.667266846, 68.993057251, 25.9543914795, 28.1635036469, 27.6992378235, 15.0797376633], [-121.464691162, 105.647575378, 333.338653564, 219.061950684, 225.363082886, 219.797271729, 285.239868164, 204.333587646, 118.086608887, 58.5453262329, 48.3269500732, 41.9176483154, 29.9286136627], [-161.32824707, 82.734336853, 235.969360352, 163.078292847, 156.594223022, 129.667266846, 204.333587646, 233.905670166, 162.734512329, 90.6348648071, 68.79662323, 46.6527366638, 30.2641048431], [-194.420776367, 48.9617843628, 167.195831299, 89.2851867676, 96.5092086792, 68.993057251, 118.086608887, 162.734512329, 203.826202393, 141.496231079, 79.8721313477, 41.1378898621, 32.6750335693], [-190.528488159, 40.3066635132, 49.1495666504, 43.0740127563, 41.8004837036, 25.9543914795, 58.5453262329, 90.6348648071, 141.496231079, 196.830245972, 130.327514648, 77.637802124, 50.2284660339], [-173.975158691, 159.774154663, 65.2165222168, 43.7915725708, 42.3026046753, 28.1635036469, 48.3269500732, 68.79662323, 79.8721313477, 130.327514648, 195.846466064, 145.183105469, 60.487361908], [-172.993865967, 122.753974915, 64.7592315674, 29.9652500153, 33.2728004456, 27.6992378235, 41.9176483154, 46.6527366638, 41.1378898621, 77.637802124, 145.183105469, 167.680923462, 98.1973419189], [-138.609817505, 53.2888336182, -34.5300559998, 2.0005736351, 20.9243812561, 15.0797376633, 29.9286136627, 30.2641048431, 32.6750335693, 50.2284660339, 60.487361908, 98.1973419189, 139.329345703]], "icov": [[0.000190492661204, 0.000109843145765, -3.24137181451e-05, -6.29996211501e-05, -0.000174986635102, -0.000241581030423, 0.000435758120148, -0.000104828934127, 0.000179810929694, 7.78674584581e-05, -0.000176137633389, 0.000224809613428, -3.02534026559e-05], [0.000109843145765, 0.000958019052632, -0.000169923805515, 0.000364072970115, -0.000899495847989, -7.12778819434e-06, 0.000391189474612, -0.000125440623378, 0.000185131997569, 0.000661621510517, -0.00142439699266, 0.000588872993831, -0.00030398418312], [-3.24137181451e-05, -0.000169923805515, 0.00186905660667, -0.00208305264823, 0.000818408094347, -0.000723959878087, -0.000841860310175, 0.00119425728917, -0.0020145366434, 0.000779191148467, 0.00111360556912, -0.00224582548253, 0.00169365352485], [-6.29996211501e-05, 0.000364072970115, -0.00208305264823, 0.00612252578139, -0.00331926904619, 0.000924161926378, 0.000112401859951, -0.00215794285759, 0.00285120890476, -0.00111395458225, -0.00133611191995, 0.00208644149825, -0.00112054217607], [-0.000174986635102, -0.000899495847989, 0.000818408094347, -0.00331926904619, 0.00757898529992, -0.00365257356316, -0.00117351068184, 0.000693755573593, -0.00197077449411, 0.00047727819765, 0.000901925202925, -0.000637976627331, 0.000127130144392], [-0.000241581030423, -7.12778819434e-06, -0.000723959878087, 0.000924161926378, -0.00365257356316, 0.0108501026407, -0.00753401871771, 0.00288693630137, 0.000127059916849, 2.28504959523e-05, -0.000150273641339, -1.11839917736e-05, -2.97217193292e-05], [0.000435758120148, 0.000391189474612, -0.000841860310175, 0.000112401859951, -0.00117351068184, -0.00753401871771, 0.0195162352175, -0.0141120105982, 0.00477334856987, -0.00127477874048, 0.000566217582673, 0.000831890385598, -0.00155357166659], [-0.000104828934127, -0.000125440623378, 0.00119425728917, -0.00215794285759, 0.000693755573593, 0.00288693630137, -0.0141120105982, 0.0240958705544, -0.0151947541162, 0.00508364802226, -0.00166574155446, -0.00192098063417, 0.00145919178613], [0.000179810929694, 0.000185131997569, -0.0020145366434, 0.00285120890476, -0.00197077449411, 0.000127059916849, 0.00477334856987, -0.0151947541162, 0.0236969646066, -0.0127851963043, 0.000904268294107, 0.00440430361778, -0.0023196619004], [7.78674584581e-05, 0.000661621510517, 0.000779191148467, -0.00111395458225, 0.00047727819765, 2.28504959523e-05, -0.00127477874048, 0.00508364802226, -0.0127851963043, 0.0192092712969, -0.0124810179695, 0.00508362008259, -0.00296212173998], [-0.000176137633389, -0.00142439699266, 0.00111360556912, -0.00133611191995, 0.000901925202925, -0.000150273641339, 0.000566217582673, -0.00166574155446, 0.000904268294107, -0.0124810179695, 0.030035821721, -0.0254505034536, 0.00997073110193], [0.000224809613428, 0.000588872993831, -0.00224582548253, 0.00208644149825, -0.000637976627331, -1.11839917736e-05, 0.000831890385598, -0.00192098063417, 0.00440430361778, 0.00508362008259, -0.0254505034536, 0.0351989418268, -0.0168768949807], [-3.02534026559e-05, -0.00030398418312, 0.00169365352485, -0.00112054217607, 0.000127130144392, -2.97217193292e-05, -0.00155357166659, 0.00145919178613, -0.0023196619004, -0.00296212173998, 0.00997073110193, -0.0168768949807, 0.0168779455125]]}, "spectral_contrast_coeffs": {"dmean": [0.0576253682375, 0.0545783266425, 0.0491874739528, 0.0373485833406, 0.0254218019545, 0.0179567355663], "dmean2": [0.0892175063491, 0.0871702432632, 0.0811849236488, 0.0599320568144, 0.0405102781951, 0.029847022146], "dvar": [0.00422147428617, 0.00209115818143, 0.00186234759167, 0.00106679357123, 0.000469498569146, 0.000324271124555], "dvar2": [0.00849916320294, 0.0050339163281, 0.00470392452553, 0.00255337334238, 0.00108296796679, 0.000798201654106], "max": [-0.269751638174, -0.409569144249, -0.496070355177, -0.534663140774, -0.646555423737, -0.631319582462], "mean": [-0.64051425457, -0.72972536087, -0.762232244015, -0.78386849165, -0.806928813457, -0.763446033001], "median": [-0.666621088982, -0.735122144222, -0.771017491817, -0.794419467449, -0.812456607819, -0.763014614582], "min": [-0.97708439827, -0.968928813934, -0.968720436096, -0.961998224258, -0.960748434067, -0.963999569416], "var": [0.0168056096882, 0.00606578961015, 0.00510573759675, 0.00392088107765, 0.0014329146361, 0.000849199073855]}, "spectral_contrast_valleys": {"dmean": [0.464020848274, 0.564712882042, 0.58440965414, 0.555041015148, 0.516792297363, 0.501419186592], "dmean2": [0.690126597881, 0.899534404278, 0.942857027054, 0.862851440907, 0.765629470348, 0.650740325451], "dvar": [0.286461055279, 0.387283653021, 0.425987869501, 0.451485842466, 0.396617889404, 0.342531234026], "dvar2": [0.480179339647, 0.873669683933, 0.966905891895, 1.00772202015, 0.902010023594, 0.728170454502], "max": [-5.26078701019, -4.54030990601, -5.21117162704, -5.6519370079, -5.7442779541, -8.40434932709], "mean": [-