{"lowlevel": {"average_loudness": 0.978765368462, "barkbands_crest": {"dmean": 2.12463593483, "dmean2": 3.5272603035, "dvar": 3.70832514763, "dvar2": 9.91710853577, "max": 20.0035705566, "mean": 10.8427801132, "median": 10.3248510361, "min": 3.08199524879, "var": 10.5901031494}, "barkbands_flatness_db": {"dmean": 0.0312235858291, "dmean2": 0.0421713031828, "dvar": 0.00124301027972, "dvar2": 0.00221257470548, "max": 0.417576164007, "mean": 0.20940156281, "median": 0.210338622332, "min": 0.0566659159958, "var": 0.0057136178948}, "barkbands_kurtosis": {"dmean": 2.71444535255, "dmean2": 4.33808660507, "dvar": 8.41522502899, "dvar2": 17.5964412689, "max": 33.2840576172, "mean": 6.27579832077, "median": 5.53190660477, "min": -1.58151352406, "var": 29.2418441772}, "barkbands_skewness": {"dmean": 0.42962116003, "dmean2": 0.676692605019, "dvar": 0.174263760448, "dvar2": 0.37297219038, "max": 5.1443734169, "mean": 2.08919692039, "median": 2.15611457825, "min": -1.91780686378, "var": 0.724686443806}, "barkbands_spread": {"dmean": 3.70774674416, "dmean2": 5.49502038956, "dvar": 21.3279399872, "dvar2": 48.0753631592, "max": 42.3739547729, "mean": 12.0031709671, "median": 9.5532245636, "min": 1.63981080055, "var": 63.210105896}, "dissonance": {"dmean": 0.0214931555092, "dmean2": 0.0361940488219, "dvar": 0.000590742798522, "dvar2": 0.00156189070549, "max": 0.500000119209, "mean": 0.461646407843, "median": 0.467675954103, "min": 0.0746929422021, "var": 0.000823491252959}, "dynamic_complexity": 1.30213773251, "erbbands_crest": {"dmean": 1.81379306316, "dmean2": 2.90542125702, "dvar": 2.88902616501, "dvar2": 7.42931413651, "max": 19.7976036072, "mean": 7.89455413818, "median": 7.14841508865, "min": 2.62261199951, "var": 9.07483768463}, "erbbands_flatness_db": {"dmean": 0.0263668484986, "dmean2": 0.0337017737329, "dvar": 0.00112100562546, "dvar2": 0.00174623564817, "max": 0.424829602242, "mean": 0.204184800386, "median": 0.204004198313, "min": 0.0764945745468, "var": 0.0048664980568}, "erbbands_kurtosis": {"dmean": 0.561279892921, "dmean2": 0.92182469368, "dvar": 0.507821440697, "dvar2": 1.23092484474, "max": 8.49681091309, "mean": -0.349178373814, "median": -0.641316533089, "min": -1.66647303104, "var": 1.09306538105}, "erbbands_skewness": {"dmean": 0.308992803097, "dmean2": 0.500158548355, "dvar": 0.0877187252045, "dvar2": 0.217171043158, "max": 2.73172903061, "mean": 0.30681592226, "median": 0.271337747574, "min": -2.30042123795, "var": 0.415601819754}, "erbbands_spread": {"dmean": 7.04691791534, "dmean2": 10.2812309265, "dvar": 72.0795593262, "dvar2": 132.605712891, "max": 94.8788757324, "mean": 35.5904006958, "median": 33.626083374, "min": 7.40948057175, "var": 180.031890869}, "hfc": {"dmean": 5.63327789307, "dmean2": 7.90160989761, "dvar": 75.5705490112, "dvar2": 143.694549561, "max": 100.68825531, "mean": 16.1773262024, "median": 11.0699501038, "min": 1.24009541005e-16, "var": 178.26008606}, "melbands_crest": {"dmean": 2.40944719315, "dmean2": 4.18264627457, "dvar": 5.55273962021, "dvar2": 16.7392559052, "max": 27.523897171, "mean": 13.5758371353, "median": 13.1156082153, "min": 2.05894231796, "var": 11.9424343109}, "melbands_flatness_db": {"dmean": 0.0370778888464, "dmean2": 0.0492953546345, "dvar": 0.0017471103929, "dvar2": 0.00306131900288, "max": 0.509023487568, "mean": 0.291846334934, "median": 0.297344207764, "min": 0.00821597501636, "var": 0.00785818044096}, "melbands_kurtosis": {"dmean": 5.66581535339, "dmean2": 8.94673538208, "dvar": 53.2703781128, "dvar2": 114.040374756, "max": 104.02722168, "mean": 15.1685523987, "median": 13.2437705994, "min": -1.52224481106, "var": 126.699226379}, "melbands_skewness": {"dmean": 0.555675566196, "dmean2": 0.885707855225, "dvar": 0.372887372971, "dvar2": 0.830419421196, "max": 7.69429969788, "mean": 3.09437084198, "median": 3.06303930283, "min": -0.594210505486, "var": 1.12695252895}, "melbands_spread": {"dmean": 3.9188170433, "dmean2": 6.0246629715, "dvar": 34.0502967834, "dvar2": 68.293258667, "max": 132.980392456, "mean": 11.9860181808, "median": 8.93949127197, "min": 2.09422278404, "var": 85.1513061523}, "pitch_salience": {"dmean": 0.0605561360717, "dmean2": 0.104802213609, "dvar": 0.00305004161783, "dvar2": 0.00865795928985, "max": 0.904702007771, "mean": 0.617559373379, "median": 0.62441444397, "min": 0.227661177516, "var": 0.00685831205919}, "silence_rate_20dB": {"dmean": 0, "dmean2": 0, "dvar": 0, "dvar2": 0, "max": 1, "mean": 1, "median": 1, "min": 1, "var": 0}, "silence_rate_30dB": {"dmean": 0.0172757469118, "dmean2": 0.0345744676888, "dvar": 0.0169767811894, "dvar2": 0.0506669320166, "max": 1, "mean": 0.990703880787, "median": 1, "min": 0, "var": 0.00920993648469}, "silence_rate_60dB": {"dmean": 0.00265780719928, "dmean2": 0.00465425522998, "dvar": 0.00265083112754, "dvar2": 0.00596217764542, "max": 1, "mean": 0.00265604257584, "median": 0, "min": 0, "var": 0.00264896661974}, "spectral_centroid": {"dmean": 178.197189331, "dmean2": 253.66859436, "dvar": 156319.640625, "dvar2": 216395.65625, "max": 10857.6679688, "mean": 695.873657227, "median": 542.105407715, "min": 251.601211548, "var": 275343.75}, "spectral_complexity": {"dmean": 3.68637871742, "dmean2": 5.36103725433, "dvar": 23.4923553467, "dvar2": 37.1377410889, "max": 57, "mean": 18.6958827972, "median": 17, "min": 0, "var": 77.6977233887}, "spectral_decrease": {"dmean": 2.62592236844e-09, "dmean2": 4.2750256668e-09, "dvar": 1.28253295185e-17, "dvar2": 3.18901386458e-17, "max": 9.61801710507e-29, "mean": -9.4069338985e-09, "median": -8.15255152276e-09, "min": -3.53861864255e-08, "var": 2.55711305842e-17}, "spectral_energy": {"dmean": 0.010288592428, "dmean2": 0.01663053222, "dvar": 0.000195595872356, "dvar2": 0.000480624148622, "max": 0.138647541404, "mean": 0.0369712710381, "median": 0.0320629514754, "min": 1.08850199302e-20, "var": 0.00039386912249}, "spectral_energyband_high": {"dmean": 0.00033598326263, "dmean2": 0.000448193255579, "dvar": 3.48007972661e-07, "dvar2": 5.84516044455e-07, "max": 0.00493775215, "mean": 0.000424164783908, "median": 2.49134373007e-05, "min": 7.83973673362e-21, "var": 7.42950419408e-07}, "spectral_energyband_low": {"dmean": 0.00581361912191, "dmean2": 0.00973928812891, "dvar": 0.000131694585434, "dvar2": 0.000347433291608, "max": 0.10062392056, "mean": 0.0122992889956, "median": 0.00859702378511, "min": 7.35454517067e-23, "var": 0.000209040896152}, "spectral_energyband_middle_high": {"dmean": 0.00160038087051, "dmean2": 0.00233738403767, "dvar": 9.34122999752e-06, "dvar2": 2.05084834306e-05, "max": 0.0420119948685, "mean": 0.00422120979056, "median": 0.00255867163651, "min": 1.39854188818e-21, "var": 2.26471474889e-05}, "spectral_energyband_middle_low": {"dmean": 0.00627952162176, "dmean2": 0.0109370918944, "dvar": 6.88484069542e-05, "dvar2": 0.000191033657757, "max": 0.0816532447934, "mean": 0.0221454948187, "median": 0.0206229630858, "min": 2.79606610793e-22, "var": 0.000122343219118}, "spectral_entropy": {"dmean": 0.283254802227, "dmean2": 0.372961074114, "dvar": 0.105539962649, "dvar2": 0.173503309488, "max": 9.80356788635, "mean": 6.90088844299, "median": 6.80434274673, "min": 5.45788192749, "var": 0.428437948227}, "spectral_flux": {"dmean": 0.0249284990132, "dmean2": 0.0364929810166, "dvar": 0.000803823175374, "dvar2": 0.0015959343873, "max": 0.297461956739, "mean": 0.0779246464372, "median": 0.0637686997652, "min": 2.40644494625e-05, "var": 0.00201766681857}, "spectral_kurtosis": {"dmean": 9.02418327332, "dmean2": 15.0259866714, "dvar": 124.927177429, "dvar2": 338.129394531, "max": 97.4654388428, "mean": 16.3581581116, "median": 11.0304222107, "min": -1.24378228188, "var": 262.914398193}, "spectral_rms": {"dmean": 0.00077481608605, "dmean2": 0.00123342766892, "dvar": 7.97629070348e-07, "dvar2": 1.83093879969e-06, "max": 0.0116303861141, "mean": 0.00582141149789, "median": 0.00559293478727, "min": 3.25876240055e-12, "var": 2.18062996282e-06}, "spectral_rolloff": {"dmean": 256.537841797, "dmean2": 417.807098389, "dvar": 341862.6875, "dvar2": 521474.46875, "max": 19250.6835938, "mean": 710.0078125, "median": 473.73046875, "min": 129.19921875, "var": 547552.375}, "spectral_skewness": {"dmean": 0.711878061295, "dmean2": 1.13492500782, "dvar": 0.554425060749, "dvar2": 1.50683104992, "max": 7.36764383316, "mean": 2.57672166824, "median": 2.38529825211, "min": -0.00799590907991, "var": 1.4307217598}, "spectral_spread": {"dmean": 756475.5, "dmean2": 987085.625, "dvar": 2651814100990.0, "dvar2": 2774778511360.0, "max": 44568468, "mean": 3102939, "median": 2536375.5, "min": 826412.3125, "var": 4598095413250.0}, "spectral_strongpeak": {"dmean": 0.337549000978, "dmean2": 0.606130063534, "dvar": 0.430831134319, "dvar2": 1.12797105312, "max": 6.71956634521, "mean": 0.664561867714, "median": 0.518903970718, "min": 0, "var": 0.512035310268}, "zerocrossingrate": {"dmean": 0.00725089525804, "dmean2": 0.00827643182129, "dvar": 0.000192344086827, "dvar2": 0.00020727761148, "max": 0.51513671875, "mean": 0.0336466617882, "median": 0.02880859375, "min": 0.00927734375, "var": 0.000427129853051}, "barkbands": {"dmean": [6.44660121907e-06, 0.00319505133666, 0.00295815081336, 0.00263734231703, 0.00381807307713, 0.00124843255617, 0.000376994110411, 0.0002437911171, 0.000435167225078, 0.000259581167484, 0.000259977183305, 0.000388053595088, 0.000345839100191, 0.000404654972954, 0.000191442260984, 0.000223634633585, 0.000143838478834, 9.00867453311e-05, 0.000105121442175, 7.56277586333e-05, 8.82548483787e-05, 8.29901109682e-05, 5.13099294039e-05, 3.76687057724e-05, 2.86899303319e-05, 1.44052764881e-05, 4.53106565601e-07], "dmean2": [9.35723983275e-06, 0.00499145919457, 0.00509392516688, 0.00486436998472, 0.00637278147042, 0.00216590496711, 0.000565378053579, 0.000412494468037, 0.000672308146022, 0.000422412529588, 0.000421925855335, 0.000630796945188, 0.00053768674843, 0.00061804294819, 0.000298842525808, 0.000365491432603, 0.000232912701904, 0.000140834366903, 0.000173488646396, 0.000111014363938, 0.000109453387267, 0.000115450508019, 7.39006936783e-05, 5.62328568776e-05, 4.3471394747e-05, 2.26988468057e-05, 7.30666670279e-07], "dvar": [2.95396956895e-10, 5.4110721976e-05, 5.32283775101e-05, 2.02207338589e-05, 2.34263934544e-05, 1.98234602067e-06, 3.69580050119e-07, 1.36259032502e-07, 3.42806231401e-07, 1.93163401718e-07, 3.72425830619e-07, 4.85167333864e-07, 6.17759269517e-07, 4.32120259575e-07, 1.25699671116e-07, 2.49524816809e-07, 8.2180591221e-08, 4.59298803435e-08, 7.38431111813e-08, 2.2692956847e-08, 2.48947742421e-08, 2.65087738427e-08, 1.26500872e-08, 7.62142882138e-09, 4.0470782281e-09, 1.34026412191e-09, 1.36629152003e-12], "dvar2": [7.40435879276e-10, 0.000120003795018, 0.000143247423694, 6.49322028039e-05, 6.16016259301e-05, 6.14798545939e-06, 8.91036620487e-07, 3.8415910808e-07, 8.03747468581e-07, 4.78338733956e-07, 8.21172534415e-07, 1.26717486637e-06, 1.43961210597e-06, 9.55613131737e-07, 2.5763819167e-07, 6.13289500961e-07, 1.91128648908e-07, 9.21556164712e-08, 2.11494324276e-07, 4.51932322676e-08, 3.81459344112e-08, 4.38312213191e-08, 2.94253101885e-08, 1.71659682024e-08, 8.82741968411e-09, 3.03274405589e-09, 3.50929983857e-12], "max": [0.000409261410823, 0.0795728862286, 0.0660555958748, 0.0441776663065, 0.0581890307367, 0.0130299990997, 0.0124799646437, 0.00446359626949, 0.00701683200896, 0.00641920324415, 0.00937150605023, 0.00978534296155, 0.0140339834616, 0.00986158568412, 0.00679188035429, 0.00832074135542, 0.00490089086816, 0.00207503908314, 0.00286722648889, 0.00166173349135, 0.00143165991176, 0.00123378436547, 0.00107538537122, 0.000727191916667, 0.000456580339232, 0.0002586740884, 9.64413175097e-06], "mean": [1.43160887092e-05, 0.00506407162175, 0.00513266492635, 0.005718131084, 0.0117007922381, 0.00237038824707, 0.000880064850207, 0.000502098060679, 0.000887590518687, 0.00041417957982, 0.000465438555693, 0.000733622524422, 0.000605397333857, 0.0007479392807, 0.000347720779246, 0.000378443830414, 0.000278436025837, 0.000132727058372, 0.000129347812617, 0.00010346093768, 0.000120779382996, 0.000100491204648, 5.67111892451e-05, 4.34966859757e-05, 2.93729863188e-05, 1.31024034999e-05, 5.26262567746e-07], "median": [9.51411857386e-06, 0.00196998240426, 0.00404353393242, 0.00410431157798, 0.0102266836911, 0.00199021864682, 0.000582275271881, 0.000366075139027, 0.000611927243881, 0.000207658536965, 0.000132830959046, 0.000455307133961, 0.000249362550676, 0.000369388784748, 0.000162042881129, 0.000166697340319, 0.000128500891151, 3.61380079994e-05, 2.37959466176e-05, 1.14501872304e-05, 6.05182594882e-06, 4.40779967903e-06, 2.1562486836e-06, 2.06015829463e-06, 1.14341582957e-06, 2.47411605869e-07, 1.3852107017e-08], "min": [2.44072932987e-24, 2.65376216395e-23, 4.06443289584e-23, 6.52685448065e-24, 4.5172721876e-23, 1.1131318833e-23, 5.14885158326e-23, 3.76882084002e-23, 5.00285677998e-23, 8.94754311477e-23, 1.75557539246e-23, 4.29184066889e-23, 1.7106913211e-22, 8.92120652013e-23, 5.90323611147e-23, 2.54410974082e-22, 2.05249578987e-22, 1.02821013911e-22, 2.62994765229e-22, 3.69751803782e-22, 3.96132372682e-22, 7.05994008001e-22, 6.02927424846e-22, 9.62982929034e-22, 1.18302781518e-21, 1.66099482588e-21, 2.3688259584e-21], "var": [4.21368551162e-10, 9.74418217083e-05, 4.14771311625e-05, 2.7773592592e-05, 5.77084610995e-05, 3.39713574249e-06, 9.92275658973e-07, 2.05169669698e-07, 7.57798034101e-07, 3.2070070688e-07, 1.04028129044e-06, 7.07851143034e-07, 1.28864485305e-06, 1.21921107166e-06, 3.09483340288e-07, 4.13294145574e-07, 2.3738755317e-07, 8.66191385285e-08, 7.9968479838e-08, 4.89593681152e-08, 6.15625381784e-08, 5.02552559567e-08, 1.87323365708e-08, 9.17501630227e-09, 4.61501237226e-09, 1.32012456522e-09, 1.5438056649e-12]}, "erbbands": {"dmean": [0.0614349991083, 0.842902481556, 3.18260741234, 5.42400550842, 11.1990756989, 15.5234851837, 15.0180921555, 6.05998420715, 3.8813586235, 7.22293138504, 5.49891853333, 7.91064405441, 9.81253623962, 8.71474742889, 10.5498361588, 15.579287529, 16.4675540924, 21.4103088379, 13.036904335, 7.56668138504, 14.2745819092, 8.0235414505, 5.1578373909, 5.79838371277, 3.98614454269, 3.14816880226, 4.55140399933, 3.34155106544, 2.95343232155, 2.62755227089, 1.08808910847, 0.862352311611, 0.564454555511, 0.359637707472, 0.168057084084, 0.0841389968991, 0.0244069099426, 0.00234708120115, 7.75503431214e-05, 1.35630216391e-05], "dmean2": [0.086049169302, 1.37269198895, 5.56693983078, 9.70882034302, 19.593126297, 25.8385448456, 25.7431087494, 10.5598468781, 6.26324701309, 10.6203842163, 9.10774040222, 12.4722795486, 15.0760421753, 14.2176380157, 17.0730171204, 25.3354797363, 25.3784694672, 33.0304031372, 19.8181362152, 12.3873319626, 23.5903606415, 12.9176273346, 8.402759552, 9.65053939819, 6.15227365494, 4.40244579315, 6.28244352341, 3.98906588554, 4.36979198456, 3.63971376419, 1.64349377155, 1.25348448753, 0.856975138187, 0.546440958977, 0.251548022032, 0.132459312677, 0.0382563397288, 0.00354636227712, 0.00011822032684, 2.13373532461e-05], "dvar": [0.0234119929373, 3.71998095512, 67.880241394, 93.1871566772, 370.728240967, 351.681518555, 235.607025146, 57.9873085022, 41.4236030579, 123.41293335, 65.4016189575, 136.386611938, 178.909072876, 349.132385254, 464.296722412, 920.333496094, 1507.86083984, 1419.54833984, 609.653625488, 196.397827148, 1044.67236328, 256.460784912, 148.998428345, 281.720916748, 61.0316696167, 41.710308075, 67.2537155151, 42.620513916, 32.9682235718, 34.4992256165, 4.72743177414, 3.67414116859, 1.53181195259, 0.644611954689, 0.139708891511, 0.0407673120499, 0.0041838507168, 4.35216534242e-05, 3.35531318285e-08, 4.08955314057e-10], "dvar2": [0.0455919541419, 8.68210887909, 189.854476929, 272.046813965, 1046.63928223, 1016.68902588, 694.575195312, 166.895263672, 104.981018066, 273.913299561, 182.96156311, 341.13571167, 414.037353516, 877.28692627, 1067.87255859, 2435.20898438, 3506.52587891, 3086.59033203, 1304.6529541, 442.016235352, 2586.22021484, 548.957214355, 348.360900879, 809.948486328, 148.534942627, 66.9670028687, 111.164138794, 69.8025665283, 61.6701545715, 74.1735458374, 9.13828468323, 8.00662994385, 3.46710443497, 1.42567658424, 0.293712049723, 0.0942158102989, 0.0095872245729, 9.60825200309e-05, 7.62562137879e-08, 9.3208174512e-10], "max": [1.84617340565, 19.4321346283, 72.728767395, 113.496337891, 187.735458374, 212.789520264, 129.567871094, 101.196083069, 60.9766273499, 274.10269165, 111.630630493, 145.665634155, 198.82963562, 247.277145386, 319.450958252, 449.77432251, 654.469726562, 529.429321289, 397.37008667, 175.526733398, 542.808959961, 326.604431152, 113.451820374, 168.262969971, 79.3519668579, 72.8456192017, 65.6086578369, 63.1944084167, 38.3552742004, 54.7737541199, 17.4532699585, 16.3834934235, 9.59656333923, 6.04877233505, 2.76897621155, 1.32813942432, 0.502820909023, 0.0577749833465, 0.00151103793178, 0.000191832397832], "mean": [0.0961258858442, 1.3731418848, 5.33730649948, 12.3577003479, 29.1492099762, 46.4634475708, 30.1129283905, 15.1284008026, 7.7245593071, 19.3027324677, 11.6615333557, 16.7183513641, 18.5966815948, 15.1553678513, 19.9141082764, 30.0292186737, 32.6212844849, 40.6396064758, 23.2881546021, 15.0135631561, 24.6002674103, 16.988527298, 7.93282985687, 7.22801113129, 5.25352287292, 4.69947290421, 5.91886806488, 4.11993503571, 3.55635023117, 2.89167547226, 1.34945631027, 0.996514678001, 0.634592473507, 0.382495939732, 0.16778601706, 0.0758717432618, 0.0218660850078, 0.00234078941867, 0.00010698139522, 4.50574952993e-05], "median": [0.0456861257553, 0.55576646328, 3.83784723282, 9.81971359253, 25.4948806763, 37.9582748413, 25.7637805939, 11.7296295166, 5.13058328629, 11.7529039383, 9.09763240814, 10.9976825714, 12.3917398453, 7.16036319733, 7.98465394974, 18.7002811432, 16.7191505432, 19.8109359741, 10.634677887, 6.59083461761, 11.53175354, 7.50159835815, 2.64439344406, 1.54994058609, 0.975118756294, 0.533264398575, 0.388009011745, 0.16418030858, 0.16845920682, 0.111358486116, 0.0591050833464, 0.0523368120193, 0.0249184668064, 0.0184399336576, 0.00519677484408, 0.00147910648957, 0.000410064472817, 5.38696986041e-05, 2.02328610612e-05, 3.76165480702e-05], "min": [5.4340333833e-22, 6.79950379896e-21, 4.23094773073e-20, 3.88896056935e-20, 8.53602118411e-20, 1.49893256629e-19, 1.26262167019e-19, 1.17255617715e-19, 8.95695879293e-19, 3.50062861082e-19, 1.03836478602e-18, 1.10870326223e-18, 3.63256820952e-18, 7.98029216803e-19, 1.2098265057e-18, 2.44382467647e-18, 7.42021624028e-18, 5.08074267283e-18, 2.59731734491e-18, 1.03596339799e-17, 1.11248231958e-17, 1.18009043802e-17, 6.02668077874e-18, 1.35132658555e-17, 1.11099711679e-17, 1.77887738446e-17, 1.63057697008e-17, 1.75826966842e-17, 2.45487700887e-17, 2.24873880257e-17, 1.67169529115e-17, 1.98016086774e-17, 1.42260672416e-17, 1.26685738294e-17, 9.63626370699e-18, 4.92397209441e-18, 3.49230360664e-18, 1.3777251449e-18, 3.13339945143e-19, 3.59971134189e-20], "var": [0.0369930677116, 6.58341264725, 52.9149703979, 112.572135925, 434.037628174, 1193.57202148, 473.025268555, 159.003936768, 64.1669464111, 583.50604248, 100.459648132, 291.863891602, 363.663269043, 507.459197998, 1225.80639648, 1309.48706055, 2988.24926758, 3743.87451172, 1426.28588867, 465.486022949, 1701.57824707, 961.117797852, 248.136199951, 292.390014648, 101.752586365, 107.682518005, 135.526992798, 95.8463668823, 55.7789268494, 52.5600090027, 8.559882164, 4.690284729, 1.88940477371, 0.74206340313, 0.162696257234, 0.0396915227175, 0.00405483413488, 4.57154819742e-05, 4.53722535099e-08, 7.50951301143e-10]}, "gfcc": {"mean": [-30.8090991974, 160.853652954, -119.130737305, 21.5904598236, -33.6212806702, 5.4813990593, -39.4619979858, -11.2737579346, -23.1029338837, -10.804028511, -16.3000354767, -8.85059070587, -7.26333618164], "cov": [[6672.74169922, -3317.54614258, 629.18359375, 1092.77661133, -1295.40368652, 1074.40930176, -380.030975342, 476.13067627, -464.003326416, 580.487731934, -398.836212158, 314.845428467, -318.953033447], [-3317.54614258, 3119.55615234, -430.75088501, -742.317016602, 1064.93884277, -787.489685059, 274.62322998, -334.065795898, 400.143615723, -489.678955078, 347.208465576, -267.994689941, 245.756164551], [629.18359375, -430.75088501, 860.520019531, 268.664337158, -150.051681519, 332.911407471, -122.631263733, 178.980026245, -13.9565639496, 129.674224854, -44.168800354, 79.534828186, -68.9284286499], [1092.77661133, -742.317016602, 268.664337158, 412.129974365, -297.75302124, 288.48626709, -62.1129608154, 116.824562073, -67.9250259399, 116.877243042, -61.4175567627, 58.062122345, -55.0922431946], [-1295.40368652, 1064.93884277, -150.051681519, -297.75302124, 518.342956543, -256.571746826, 104.976135254, -108.25353241, 140.082595825, -151.753494263, 114.123527527, -89.7902297974, 61.2679977417], [1074.40930176, -787.489685059, 332.911407471, 288.48626709, -256.571746826, 409.380950928, -99.22631073, 123.926826477, -71.5410614014, 138.377227783, -83.0822982788, 66.7738494873, -60.7918663025], [-380.030975342, 274.62322998, -122.631263733, -62.1129608154, 104.976135254, -99.22631073, 117.51360321, -35.7373161316, 22.4707794189, -39.0723724365, 27.7351284027, -31.4134807587, 20.9290447235], [476.13067627, -334.065795898, 178.980026245, 116.824562073, -108.25353241, 123.926826477, -35.7373161316, 124.85269165, -19.4823989868, 61.5951118469, -32.2832641602, 44.5082893372, -41.7152786255], [-464.003326416, 400.143615723, -13.9565639496, -67.9250259399, 140.082595825, -71.5410614014, 22.4707794189, -19.4823989868, 107.1197052, -47.9859771729, 49.5514945984, -32.9890213013, 31.0446739197], [580.487731934, -489.678955078, 129.674224854, 116.877243042, -151.753494263, 138.377227783, -39.0723724365, 61.5951118469, -47.9859771729, 139.534835815, -46.4752006531, 48.208896637, -52.5224304199], [-398.836212158, 347.208465576, -44.168800354, -61.4175567627, 114.123527527, -83.0822982788, 27.7351284027, -32.2832641602, 49.5514945984, -46.4752006531, 83.0973968506, -19.8600788116, 26.3036518097], [314.845428467, -267.994689941, 79.534828186, 58.062122345, -89.7902297974, 66.7738494873, -31.4134807587, 44.5082893372, -32.9890213013, 48.208896637, -19.8600788116, 69.193145752, -9.46312141418], [-318.953033447, 245.756164551, -68.9284286499, -55.0922431946, 61.2679977417, -60.7918663025, 20.9290447235, -41.7152786255, 31.0446739197, -52.5224304199, 26.3036518097, -9.46312141418, 68.8131103516]], "icov": [[0.000706497638021, -0.00117714935914, 0.000887786212843, -0.00121879030485, 0.000851488730405, -0.00101288896985, 0.001299938187, -0.00123165594414, 0.00204739370383, -0.00165692996234, 0.00181201088708, -0.00144876691047, 0.00151701224968], [-0.00117714935914, 0.00726015353575, -0.00345591316, 0.00377860874869, -0.00441914144903, 0.00415340298787, -0.00441403873265, 0.00407997425646, -0.00858489517123, 0.00786488410085, -0.00856447126716, 0.00701566087082, -0.00628706486896], [0.000887786212843, -0.00345591316, 0.00407087616622, -0.00278415437788, 0.00135611463338, -0.00316474563442, 0.00372903840616, -0.0040428978391, 0.00403200089931, -0.00441154744476, 0.00404307618737, -0.00403477624059, 0.00343115138821], [-0.00121879030485, 0.00377860874869, -0.00278415437788, 0.00939301401377, 0.000615039432887, -0.00058714102488, -0.00498298835009, 0.00170939834788, -0.00581481819972, 0.00498545216396, -0.00684738764539, 0.00485132308677, -0.0032140633557], [0.000851488730405, -0.00441914144903, 0.00135611463338, 0.000615039432887, 0.00905168242753, -0.00312485685572, -2.20996553253e-05, -0.00126878975425, 0.00144929788075, -0.00249338173307, 0.0027210409753, -0.0034783387091, 0.005922192242], [-0.00101288896985, 0.00415340298787, -0.00316474563442, -0.00058714102488, -0.00312485685572, 0.00996987614781, -0.000518633518368, 0.0013048609253, -0.00426715658978, 0.00203476822935, -0.00278942543082, 0.00508557120338, -0.00538570433855], [0.001299938187, -0.00441403873265, 0.00372903840616, -0.00498298835009, -2.20996553253e-05, -0.000518633518368, 0.0165003631264, -0.00504962122068, 0.00823254417628, -0.00725209340453, 0.00527030602098, -0.00119740876835, 0.00158861558884], [-0.00123165594414, 0.00407997425646, -0.0040428978391, 0.00170939834788, -0.00126878975425, 0.0013048609253, -0.00504962122068, 0.0211065784097, -0.0106479963288, 0.00668151769787, -0.0031587339472, -0.00422200746834, 0.00418266840279], [0.00204739370383, -0.00858489517123, 0.00403200089931, -0.00581481819972, 0.00144929788075, -0.00426715658978, 0.00823254417628, -0.0106479963288, 0.0304185152054, -0.011805549264, 0.00511430669576, -0.00145511084702, 0.000625029788353], [-0.00165692996234, 0.00786488410085, -0.00441154744476, 0.00498545216396, -0.00249338173307, 0.00203476822935, -0.00725209340453, 0.00668151769787, -0.011805549264, 0.0257939044386, -0.00813851319253, 0.000473435764434, 0.00226738047786], [0.00181201088708, -0.00856447126716, 0.00404307618737, -0.00684738764539, 0.0027210409753, -0.00278942543082, 0.00527030602098, -0.0031587339472, 0.00511430669576, -0.00813851319253, 0.0315141938627, -0.0115600442514, 0.00699353497475], [-0.00144876691047, 0.00701566087082, -0.00403477624059, 0.00485132308677, -0.0034783387091, 0.00508557120338, -0.00119740876835, -0.00422200746834, -0.00145511084702, 0.000473435764434, -0.0115600442514, 0.0349654518068, -0.0162885729223], [0.00151701224968, -0.00628706486896, 0.00343115138821, -0.0032140633557, 0.005922192242, -0.00538570433855, 0.00158861558884, 0.00418266840279, 0.000625029788353, 0.00226738047786, 0.00699353497475, -0.0162885729223, 0.0334376394749]]}, "melbands": {"dmean": [0.000754730543122, 0.00142397836316, 0.00109560531564, 0.000941374746617, 0.000513587787282, 0.000154681474669, 6.37660268694e-05, 7.13146073394e-05, 4.57553505839e-05, 5.52699275431e-05, 4.97918736073e-05, 3.59188525181e-05, 3.92632791772e-05, 3.50755653926e-05, 4.39073264715e-05, 4.6061242756e-05, 3.66100903193e-05, 2.31185185839e-05, 1.03060883703e-05, 9.68389758782e-06, 1.93149007828e-05, 9.25723725231e-06, 5.64880701859e-06, 4.47231286671e-06, 5.04140598423e-06, 3.28216196976e-06, 2.29071793001e-06, 2.16264584196e-06, 3.38860854754e-06, 2.06134473046e-06, 1.98957286557e-06, 1.88467743101e-06, 1.47823959651e-06, 1.4442284737e-06, 6.51360949178e-07, 5.43002158793e-07, 5.07990762344e-07, 3.90605265466e-07, 4.29767510468e-07, 2.66644747171e-07], "dmean2": [0.00108752958477, 0.00246835430153, 0.00195409194566, 0.00161992106587, 0.000865697453264, 0.000270686898148, 0.000100686134829, 0.000106606115878, 7.61237097322e-05, 8.57547856867e-05, 7.63107964303e-05, 5.843175677e-05, 6.32367446087e-05, 5.84599983995e-05, 6.92634203006e-05, 7.18683731975e-05, 5.64815527468e-05, 3.55299525836e-05, 1.64405209944e-05, 1.60105973919e-05, 3.19025784847e-05, 1.51990780068e-05, 8.71567590366e-06, 7.17877264833e-06, 8.50163269206e-06, 5.27064048583e-06, 3.39215785061e-06, 2.99190514852e-06, 4.73154568681e-06, 3.00052988678e-06, 2.52094514508e-06, 2.77877711596e-06, 2.16426383304e-06, 2.13810881178e-06, 1.00690488125e-06, 8.17914781237e-07, 7.39144809359e-07, 5.93003278482e-07, 6.61954459247e-07, 3.97300453869e-07], "dvar": [3.14621092912e-06, 1.12028237709e-05, 3.58116017196e-06, 1.47997184285e-06, 2.74945193723e-07, 3.45341284458e-08, 1.10446496393e-08, 1.14495630754e-08, 4.31159019598e-09, 5.80432502062e-09, 4.53572246428e-09, 5.75254510693e-09, 8.26201507209e-09, 4.54118564974e-09, 7.3543402479e-09, 1.01041033318e-08, 4.00237665232e-09, 2.01295269342e-09, 3.26134341755e-10, 3.33920224804e-10, 1.98983252098e-09, 3.87907345134e-10, 1.74579503631e-10, 1.2320673648e-10, 2.49679221742e-10, 4.25859625341e-11, 2.29776302152e-11, 1.99241161764e-11, 3.81208363487e-11, 1.59020401014e-11, 2.02890707707e-11, 1.40594740711e-11, 1.19857630765e-11, 1.15360151987e-11, 1.79630128046e-12, 1.46277000929e-12, 1.27343968703e-12, 7.28530842424e-13, 8.30934062876e-13, 3.47820269765e-13], "dvar2": [6.29087389825e-06, 3.16816258419e-05, 1.07060059236e-05, 4.03742342314e-06, 7.70825067775e-07, 1.03075059599e-07, 2.78278537991e-08, 2.66450399522e-08, 1.16483924728e-08, 1.40061278131e-08, 1.05379607263e-08, 1.4439285323e-08, 1.8043527561e-08, 1.22200747299e-08, 1.83818205102e-08, 2.29849916877e-08, 8.71626415488e-09, 4.32408420181e-09, 7.57003515428e-10, 8.02745647732e-10, 4.97007013323e-09, 8.20325307682e-10, 3.98573757332e-10, 2.81102224831e-10, 7.19807435878e-10, 1.09636265344e-10, 5.05079381097e-11, 3.20351557781e-11, 7.32249122448e-11, 3.01114168322e-11, 3.88689774811e-11, 3.02081484826e-11, 1.94062890757e-11, 2.98508093244e-11, 3.43715897758e-12, 3.37134595414e-12, 2.72789538354e-12, 1.693783243e-12, 1.88967526522e-12, 7.78924722031e-13], "max": [0.0209883246571, 0.0307628326118, 0.0201373286545, 0.0146696902812, 0.00535045703873, 0.00227634888142, 0.00134270230774, 0.00248478306457, 0.000814124243334, 0.000839948537759, 0.000982474535704, 0.00108240137342, 0.00146911200136, 0.000987267703749, 0.00103012938052, 0.00183988292702, 0.000900908373296, 0.00066682533361, 0.000229614248383, 0.00019722415891, 0.000772687664721, 0.000459530303488, 0.000129913401906, 0.000113039495773, 0.000158880531671, 7.63453936088e-05, 4.46192680101e-05, 5.01667200297e-05, 5.46766605112e-05, 3.3274616726e-05, 4.35197034676e-05, 2.65873022727e-05, 2.97645383398e-05, 3.0792572943e-05, 1.08798794827e-05, 1.02103886093e-05, 9.47276112129e-06, 6.44828833174e-06, 6.62447064315e-06, 4.68233565698e-06], "mean": [0.00118473148905, 0.00249026180245, 0.0027660629712, 0.00272163446061, 0.00133265508339, 0.000356115284376, 0.000133149776957, 0.00018896223628, 9.21876271605e-05, 0.000114186332212, 9.26491775317e-05, 5.9841426264e-05, 7.35612411518e-05, 5.96755744482e-05, 8.53952369653e-05, 8.42553490656e-05, 6.71209054417e-05, 3.87205545849e-05, 1.88565009012e-05, 1.78738537215e-05, 3.1435105484e-05, 1.90878654394e-05, 8.66794198373e-06, 5.96297195443e-06, 5.93587719777e-06, 4.40979829364e-06, 3.16302589454e-06, 3.0709195471e-06, 4.02214118367e-06, 2.76139621747e-06, 2.25250005315e-06, 2.12847044168e-06, 1.79736480277e-06, 1.47285993535e-06, 8.13019482848e-07, 6.14619125372e-07, 5.87524198181e-07, 4.3959175855e-07, 4.39806058239e-07, 2.75187488796e-07], "median": [0.000507269985974, 0.0016570314765, 0.00238855555654, 0.00237074447796, 0.00112599681597, 0.000287539558485, 9.29384768824e-05, 0.000115893904876, 6.99557567714e-05, 7.75248918217e-05, 6.14772216068e-05, 2.74519697996e-05, 2.31830381381e-05, 3.27656016452e-05, 5.32667290827e-05, 3.58570250683e-05, 3.35043441737e-05, 1.65847450262e-05, 8.76460217114e-06, 8.65958645591e-06, 1.40608326546e-05, 7.26087591829e-06, 3.15177226184e-06, 1.52579082169e-06, 1.12824261578e-06, 8.84580515503e-07, 4.47051689889e-07, 3.01560646676e-07, 2.76296248103e-07, 1.32525144636e-07, 6.87954724299e-08, 8.81204016423e-08, 8.14085581169e-08, 5.39703393088e-08, 2.88632477918e-08, 3.24980433675e-08, 3.08572296603e-08, 1.62876254706e-08, 2.03642080976e-08, 1.29484849509e-08], "min": [5.4700482915e-24, 1.83402177192e-23, 7.48111979617e-24, 9.43189945072e-24, 4.84545780903e-24, 2.58788107654e-24, 1.28231667283e-23, 3.78425727021e-24, 9.1523516006e-24, 7.61940947944e-24, 1.78319972364e-23, 2.68341430153e-24, 3.40085075432e-24, 4.20178793671e-24, 1.33197302135e-23, 1.47693646787e-23, 9.30168296996e-24, 4.04714043371e-24, 6.70409338225e-24, 1.99932394584e-23, 1.04215601662e-23, 1.19610072344e-23, 7.78249779413e-24, 4.77976896702e-24, 1.23245608823e-23, 7.01171048111e-24, 9.8864876471e-24, 1.23531436795e-23, 1.05692254613e-23, 9.81123820535e-24, 9.74521133645e-24, 1.27580241725e-23, 1.5765770155e-23, 1.17007927873e-23, 9.12496471655e-24, 1.22441601788e-23, 1.14650977149e-23, 1.07492553528e-23, 9.1188739215e-24, 1.10552750083e-23], "var": [5.65938489672e-06, 1.1506465853e-05, 4.35505808127e-06, 2.90558318738e-06, 9.1192509899e-07, 8.44082208573e-08, 1.76518373252e-08, 5.09446174135e-08, 7.22529458486e-09, 1.26512098575e-08, 9.3232825904e-09, 8.44216430096e-09, 2.41442581483e-08, 6.34189634141e-09, 1.03423447584e-08, 2.30657519751e-08, 1.04231405729e-08, 4.52436310638e-09, 7.00288715905e-10, 6.25127005716e-10, 3.16445514237e-09, 1.72103720164e-09, 2.677315869e-10, 1.91959337315e-10, 2.30423097269e-10, 6.63650662203e-11, 4.56109004732e-11, 4.96044420817e-11, 6.61112206646e-11, 3.19216736377e-11, 3.63318229668e-11, 1.96759136761e-11, 2.05991178975e-11, 1.41170365328e-11, 3.23027759055e-12, 1.83838924986e-12, 1.60210050521e-12, 8.93861915909e-13, 9.73499926504e-13, 3.92501650756e-13]}, "mfcc": {"mean": [-672.515441895, 186.982055664, -11.0211639404, 20.521572113, 18.2378501892, 12.0300655365, -1.33691859245, -1.85111641884, -4.73986721039, -5.83285522461, -5.86381578445, -3.50526499748, -6.8413028717], "cov": [[5432.15625, -3330.46875, 967.167175293, 150.66796875, -573.774780273, 437.328125, 77.4349899292, 21.4530086517, 88.4002304077, 23.8209095001, 95.6370544434, 70.0366897583, -9.60830307007], [-3330.46875, 3150.51928711, -778.089782715, 12.0877981186, 536.330810547, -297.478912354, -28.118642807, 47.5238113403, -51.6264953613, -22.0053520203, -25.8194179535, -4.84282875061, 35.1757659912], [967.167175293, -778.089782715, 893.046264648, 135.267059326, 3.99539661407, 207.819229126, 8.40571498871, 76.1657562256, 80.9876403809, 15.3616218567, 94.8919754028, 97.9159851074, -10.396648407], [150.66796875, 12.0877981186, 135.267059326, 175.677871704, 17.9746494293, 34.1381034851, 13.8702726364, 41.6962280273, 22.4790382385, 0.0205766744912, 47.1575431824, 34.8499450684, 6.17915868759], [-573.774780273, 536.330810547, 3.99539661407, 17.9746494293, 238.035720825, 9.52779769897, 2.53760123253, 40.2850494385, 11.6925973892, 12.5981731415, 21.3618087769, 34.7424736023, 17.590877533], [437.328125, -297.478912354, 207.819229126, 34.1381034851, 9.52779769897, 191.436904907, 29.3600082397, 16.1533145905, 47.1762046814, 17.6409797668, 27.6578483582, 44.5117530823, 15.1496419907], [77.4349899292, -28.118642807, 8.40571498871, 13.8702726364, 2.53760123253, 29.3600082397, 76.4547195435, 15.8066987991, 3.47316336632, 13.0013608932, 8.39182186127, 1.31777358055, 0.638961851597], [21.4530086517, 47.5238113403, 76.1657562256, 41.6962280273, 40.2850494385, 16.1533145905, 15.8066987991, 79.7817459106, 25.1273803711, -1.123010993, 17.7992362976, 15.6274719238, 0.782360613346], [88.4002304077, -51.6264953613, 80.9876403809, 22.4790382385, 11.6925973892, 47.1762046814, 3.47316336632, 25.1273803711, 66.3299255371, 14.5657815933, 6.18520498276, 21.1416301727, 8.36914348602], [23.8209095001, -22.0053520203, 15.3616218567, 0.0205766744912, 12.5981731415, 17.6409797668, 13.0013608932, -1.123010993, 14.5657815933, 50.137512207, 17.5196342468, -4.6669921875, 2.73783707619], [95.6370544434, -25.8194179535, 94.8919754028, 47.1575431824, 21.3618087769, 27.6578483582, 8.39182186127, 17.7992362976, 6.18520498276, 17.5196342468, 83.7911987305, 38.8990783691, -12.1468801498], [70.0366897583, -4.84282875061, 97.9159851074, 34.8499450684, 34.7424736023, 44.5117530823, 1.31777358055, 15.6274719238, 21.1416301727, -4.6669921875, 38.8990783691, 77.6369934082, 19.6647872925], [-9.60830307007, 35.1757659912, -10.396648407, 6.17915868759, 17.590877533, 15.1496419907, 0.638961851597, 0.782360613346, 8.36914348602, 2.73783707619, -12.1468801498, 19.6647872925, 51.1939582825]], "icov": [[0.000610837829299, 0.000562447414268, 3.25476175931e-05, -0.000373847171431, 0.000357616780093, -0.000436128233559, -0.000100738368928, -0.000392581307096, 0.000178294343641, 6.35846954538e-05, -0.000231190017075, -8.07132018963e-05, -0.000263045512838], [0.000562447414268, 0.00147494976409, 0.00076822162373, -0.000881570158526, -0.00184823584277, 0.000548325187992, -9.7525306046e-05, -0.000292658573017, -0.000226909527555, 0.000589305651374, -0.000263706198893, -0.000143124518218, -0.000168978309375], [3.25476175931e-05, 0.00076822162373, 0.0024893800728, -0.0010992368916, -0.00124513090122, -0.000989232445136, 0.000894647324458, -0.00111529882997, -0.000553787162062, 7.3941941082e-05, -0.000401695258915, -0.00127256033011, 0.00132303626742], [-0.000373847171431, -0.000881570158526, -0.0010992368916, 0.00855385698378, 0.00119101186283, 0.000126743951114, -0.000861363019794, -0.00200407439843, -0.00127201213036, 0.00206514028832, -0.0043540042825, 0.00090330245439, -0.00240806001239], [0.000357616780093, -0.00184823584277, -0.00124513090122, 0.00119101186283, 0.0103628281504, -0.00242779403925, 0.000731251377147, -0.00356832309626, 0.00211950507946, -0.00352236791514, 0.00026949684252, -0.00262719090097, -0.000941518635955], [-0.000436128233559, 0.000548325187992, -0.000989232445136, 0.000126743951114, -0.00242779403925, 0.0102817518637, -0.00334719987586, 0.00236585107632, -0.00463279942051, -2.98935242427e-06, -0.000230582430959, -0.0018629305996, -0.00145919760689], [-0.000100738368928, -9.7525306046e-05, 0.000894647324458, -0.000861363019794, 0.000731251377147, -0.00334719987586, 0.015958333388, -0.00443012174219, 0.00332420459017, -0.00488019222394, 0.000900859478861, -0.000349214766175, 0.00100698287133], [-0.000392581307096, -0.000292658573017, -0.00111529882997, -0.00200407439843, -0.00356832309626, 0.00236585107632, -0.00443012174219, 0.0197502877563, -0.00786252412945, 0.00570013653487, -0.00299162743613, 0.00308995274827, -0.000493966799695], [0.000178294343641, -0.000226909527555, -0.000553787162062, -0.00127201213036, 0.00211950507946, -0.00463279942051, 0.00332420459017, -0.00786252412945, 0.0252891909331, -0.0107639115304, 0.00757694896311, -0.00752933789045, 0.00208317441866], [6.35846954538e-05, 0.000589305651374, 7.3941941082e-05, 0.00206514028832, -0.00352236791514, -2.98935242427e-06, -0.00488019222394, 0.00570013653487, -0.0107639115304, 0.0322919227183, -0.0143959075212, 0.0135962478817, -0.00804788060486], [-0.000231190017075, -0.000263706198893, -0.000401695258915, -0.0043540042825, 0.00026949684252, -0.000230582430959, 0.000900859478861, -0.00299162743613, 0.00757694896311, -0.0143959075212, 0.0278257038444, -0.0169736910611, 0.0132453246042], [-8.07132018963e-05, -0.000143124518218, -0.00127256033011, 0.00090330245439, -0.00262719090097, -0.0018629305996, -0.000349214766175, 0.00308995274827, -0.00752933789045, 0.0135962478817, -0.0169736910611, 0.0307417232543, -0.0142053300515], [-0.000263045512838, -0.000168978309375, 0.00132303626742, -0.00240806001239, -0.000941518635955, -0.00145919760689, 0.00100698287133, -0.000493966799695, 0.00208317441866, -0.00804788060486, 0.0132453246042, -0.0142053300515, 0.029599128291]]}, "spectral_contrast_coeffs": {"dmean": [0.0443268120289, 0.0470408275723, 0.037783164531, 0.0343938060105, 0.0266063567251, 0.0233465395868], "dmean2": [0.074743963778, 0.0790103003383, 0.0598460696638, 0.0539671964943, 0.0395716056228, 0.0353342890739], "dvar": [0.0016856060829, 0.00148662331048, 0.00100739742629, 0.000891676696483, 0.000634315190837, 0.000681996636558], "dvar2": [0.00431555509567, 0.00360714271665, 0.00239457958378, 0.00182144739665, 0.00125052465592, 0.00177200580947], "max": [-0.237268790603, -0.399703323841, -0.434686303139, -0.411166787148, -0.556156992912, -0.558714389801], "mean": [-0.562817394733, -0.715536236763, -0.757879376411, -0.737852871418, -0.760669589043, -0.776997089386], "median": [-0.56235063076, -0.719987034798, -0.76162225008, -0.743985414505, -0.763772428036, -0.78087502718], "min": [-0.968229353428, -0.969377100468, -0.981002449989, -0.95827549696, -0.959206104279, -0.958916902542], "var": [0.00493592116982, 0.00453495327383, 0.00325606064871, 0.0034473373089, 0.00276067131199, 0.00159895606339]}, "spectral_contrast_valleys": {"dmean": [0.352454066277, 0.380239248276, 0.409942269325, 0.40981349349, 0.489525794983, 0.65670222044], "dmean2": [0.569393932819, 0.609255254269, 0.614898741245, 0.593399405479, 0.618748366833, 0.805561721325], "dvar": [0.444988816977, 0.535928070545, 0.522129535675, 0.554541766644, 0.636179685593, 0.850335359573], "dvar2": [0.500055730343, 0.673648893833, 0.669239699841, 0.692623138428, 0.809603273869, 1.2890868187], "max": [-5.1265296936, -5.1389131546, -5.43537139893, -5.56273460388, -5.59790992737, -8.31537532806