{"lowlevel": {"average_loudness": 0.925934970379, "barkbands_crest": {"dmean": 3.18520641327, "dmean2": 5.03812885284, "dvar": 10.167298317, "dvar2": 24.0247497559, "max": 26.494644165, "mean": 12.3492012024, "median": 11.5029706955, "min": 2.19637179375, "var": 27.4569568634}, "barkbands_flatness_db": {"dmean": 0.0362822785974, "dmean2": 0.0520358420908, "dvar": 0.00150128663518, "dvar2": 0.00283306371421, "max": 0.597567260265, "mean": 0.169737011194, "median": 0.159306287766, "min": 0.0229616686702, "var": 0.00789509527385}, "barkbands_kurtosis": {"dmean": 9.42696380615, "dmean2": 15.0258731842, "dvar": 335.225250244, "dvar2": 838.107177734, "max": 311.79486084, "mean": 13.5152950287, "median": 6.37499713898, "min": -1.82941198349, "var": 480.878601074}, "barkbands_skewness": {"dmean": 1.01522195339, "dmean2": 1.52222514153, "dvar": 1.36122739315, "dvar2": 3.00823688507, "max": 15.2280817032, "mean": 2.44162893295, "median": 2.24246573448, "min": -11.7456035614, "var": 4.44736289978}, "barkbands_spread": {"dmean": 7.65894317627, "dmean2": 11.6862630844, "dvar": 112.343833923, "dvar2": 241.714233398, "max": 145.407730103, "mean": 19.198223114, "median": 12.8006305695, "min": 0.29548856616, "var": 323.192504883}, "dissonance": {"dmean": 0.0248117372394, "dmean2": 0.0423675253987, "dvar": 0.000805122544989, "dvar2": 0.00224002287723, "max": 0.500000119209, "mean": 0.456800341606, "median": 0.467673063278, "min": 0.149165943265, "var": 0.00155648717191}, "dynamic_complexity": 5.49610137939, "erbbands_crest": {"dmean": 2.81418514252, "dmean2": 4.55628585815, "dvar": 8.74213695526, "dvar2": 20.9638710022, "max": 32.8062858582, "mean": 9.25597763062, "median": 7.94758987427, "min": 2.41874027252, "var": 23.8376312256}, "erbbands_flatness_db": {"dmean": 0.0246400982141, "dmean2": 0.0353655181825, "dvar": 0.000765687203966, "dvar2": 0.00146472593769, "max": 0.468627274036, "mean": 0.147320762277, "median": 0.133249998093, "min": 0.0538990907371, "var": 0.00390396383591}, "erbbands_kurtosis": {"dmean": 1.5907791853, "dmean2": 2.56276798248, "dvar": 12.1548671722, "dvar2": 29.3403930664, "max": 77.3264846802, "mean": 1.16327822208, "median": 0.0463169813156, "min": -1.81502974033, "var": 17.4874000549}, "erbbands_skewness": {"dmean": 0.483112365007, "dmean2": 0.741842746735, "dvar": 0.277297854424, "dvar2": 0.629142582417, "max": 7.54687547684, "mean": 0.525494813919, "median": 0.497301161289, "min": -2.39801025391, "var": 0.89030122757}, "erbbands_spread": {"dmean": 12.9719390869, "dmean2": 19.8829727173, "dvar": 203.64251709, "dvar2": 465.029022217, "max": 145.212295532, "mean": 44.8714904785, "median": 41.3511581421, "min": 0.537082731724, "var": 555.183410645}, "hfc": {"dmean": 10.4241609573, "dmean2": 17.808506012, "dvar": 985.192138672, "dvar2": 2761.69311523, "max": 290.238739014, "mean": 12.1820173264, "median": 5.044713974, "min": 1.12482560794e-16, "var": 702.891418457}, "melbands_crest": {"dmean": 3.63394927979, "dmean2": 5.77141523361, "dvar": 13.008389473, "dvar2": 32.8919448853, "max": 36.6357955933, "mean": 16.3352375031, "median": 15.4614772797, "min": 1.88434541225, "var": 39.1152496338}, "melbands_flatness_db": {"dmean": 0.0449967086315, "dmean2": 0.0633696913719, "dvar": 0.0022737798281, "dvar2": 0.00418190658092, "max": 0.761785447598, "mean": 0.253112345934, "median": 0.247764706612, "min": 0.00379995349795, "var": 0.0127934515476}, "melbands_kurtosis": {"dmean": 20.4982776642, "dmean2": 32.4208717346, "dvar": 1390.54675293, "dvar2": 3271.40991211, "max": 421.098022461, "mean": 31.410949707, "median": 16.4578971863, "min": -1.7715857029, "var": 1953.61950684}, "melbands_skewness": {"dmean": 1.31338107586, "dmean2": 1.99268686771, "dvar": 2.31129932404, "dvar2": 5.0538225174, "max": 16.7892360687, "mean": 3.79407739639, "median": 3.33237290382, "min": -4.47470712662, "var": 5.81563901901}, "melbands_spread": {"dmean": 8.46601390839, "dmean2": 13.0926084518, "dvar": 186.996658325, "dvar2": 400.40234375, "max": 172.394622803, "mean": 18.3820228577, "median": 10.0587892532, "min": 0.378757447004, "var": 501.878082275}, "pitch_salience": {"dmean": 0.0895673036575, "dmean2": 0.14107196033, "dvar": 0.00808573234826, "dvar2": 0.0192210469395, "max": 0.89165943861, "mean": 0.52437120676, "median": 0.53890311718, "min": 0.0682541131973, "var": 0.0215014368296}, "silence_rate_20dB": {"dmean": 0, "dmean2": 0, "dvar": 0, "dvar2": 0, "max": 1, "mean": 1, "median": 1, "min": 1, "var": 0}, "silence_rate_30dB": {"dmean": 0.0704104378819, "dmean2": 0.14084507525, "dvar": 0.0654481127858, "dvar2": 0.151581645012, "max": 1, "mean": 0.941105782986, "median": 1, "min": 0, "var": 0.0554266273975}, "silence_rate_60dB": {"dmean": 0.0662888512015, "dmean2": 0.132600486279, "dvar": 0.0618950054049, "dvar2": 0.133564323187, "max": 1, "mean": 0.203983515501, "median": 0, "min": 0, "var": 0.162377119064}, "spectral_centroid": {"dmean": 334.457824707, "dmean2": 503.697998047, "dvar": 184707.5625, "dvar2": 362484.21875, "max": 10910.7451172, "mean": 1132.32629395, "median": 854.260986328, "min": 139.589797974, "var": 673475.4375}, "spectral_complexity": {"dmean": 3.76575636864, "dmean2": 5.45757484436, "dvar": 34.2349319458, "dvar2": 59.6134872437, "max": 64, "mean": 10.4144916534, "median": 8, "min": 0, "var": 86.0160675049}, "spectral_decrease": {"dmean": 4.74853001364e-09, "dmean2": 8.19248047179e-09, "dvar": 1.20053791263e-16, "dvar2": 3.27078357981e-16, "max": 8.45712211131e-16, "mean": -6.52821885438e-09, "median": -3.09345304927e-09, "min": -9.15999933682e-08, "var": 1.15013958461e-16}, "spectral_energy": {"dmean": 0.0187557861209, "dmean2": 0.0323423109949, "dvar": 0.00188715069089, "dvar2": 0.00515946000814, "max": 0.348507404327, "mean": 0.0257439557463, "median": 0.0123492898419, "min": 1.03925033457e-20, "var": 0.00177028845064}, "spectral_energyband_high": {"dmean": 0.000511324149556, "dmean2": 0.000813358987216, "dvar": 1.54050690071e-06, "dvar2": 3.98503789256e-06, "max": 0.012719174847, "mean": 0.000642622413579, "median": 0.000131179986056, "min": 7.82196608294e-21, "var": 1.89448905985e-06}, "spectral_energyband_low": {"dmean": 0.0102059859782, "dmean2": 0.0170303490013, "dvar": 0.000705978716724, "dvar2": 0.00173093390185, "max": 0.334591120481, "mean": 0.0148371364921, "median": 0.00513380486518, "min": 5.30339953201e-23, "var": 0.000871290569194}, "spectral_energyband_middle_high": {"dmean": 0.00339700700715, "dmean2": 0.00617042696103, "dvar": 0.000197402725462, "dvar2": 0.000565054826438, "max": 0.130040884018, "mean": 0.00282215280458, "median": 0.000725113786757, "min": 1.36351121333e-21, "var": 0.000117076204333}, "spectral_energyband_middle_low": {"dmean": 0.00865606963634, "dmean2": 0.0157359074801, "dvar": 0.000530974532012, "dvar2": 0.00154299323913, "max": 0.170592099428, "mean": 0.00893711298704, "median": 0.00378646468744, "min": 3.81674079524e-22, "var": 0.00033509451896}, "spectral_entropy": {"dmean": 0.274905622005, "dmean2": 0.394832462072, "dvar": 0.112785726786, "dvar2": 0.20354385674, "max": 9.80033302307, "mean": 7.38044404984, "median": 7.50998687744, "min": 3.74404716492, "var": 0.545869886875}, "spectral_flux": {"dmean": 0.0413657948375, "dmean2": 0.0655794814229, "dvar": 0.00500233983621, "dvar2": 0.00962137524039, "max": 0.50538623333, "mean": 0.0820724740624, "median": 0.0493377223611, "min": 1.01943627151e-10, "var": 0.00873334985226}, "spectral_kurtosis": {"dmean": 2.94642233849, "dmean2": 4.76278114319, "dvar": 35.5491142273, "dvar2": 90.8646316528, "max": 214.750930786, "mean": 7.51043844223, "median": 3.66930150986, "min": -1.226308465, "var": 316.270874023}, "spectral_rms": {"dmean": 0.00133537000511, "dmean2": 0.00216410495341, "dvar": 5.49270998818e-06, "dvar2": 1.40732008731e-05, "max": 0.0184392854571, "mean": 0.00401708530262, "median": 0.0034710355103, "min": 3.18418381939e-12, "var": 8.97902009456e-06}, "spectral_rolloff": {"dmean": 641.195495605, "dmean2": 1065.44189453, "dvar": 2019331.75, "dvar2": 4693711.5, "max": 19789.0136719, "mean": 1425.21374512, "median": 495.263671875, "min": 21.533203125, "var": 6971893.5}, "spectral_skewness": {"dmean": 0.35816180706, "dmean2": 0.553045153618, "dvar": 0.21037709713, "dvar2": 0.472549289465, "max": 12.8183069229, "mean": 1.79419028759, "median": 1.55602359772, "min": -0.191798478365, "var": 1.60665678978}, "spectral_spread": {"dmean": 798295.8125, "dmean2": 1122584.625, "dvar": 882871566336, "dvar2": 1612482478080.0, "max": 40639740, "mean": 5001119.5, "median": 4809414, "min": 526696.3125, "var": 4319255461890.0}, "spectral_strongpeak": {"dmean": 0.208070993423, "dmean2": 0.359247088432, "dvar": 0.109128274024, "dvar2": 0.294461965561, "max": 3.78764843941, "mean": 0.395741313696, "median": 0.326735496521, "min": 0, "var": 0.118363037705}, "zerocrossingrate": {"dmean": 0.0143970437348, "dmean2": 0.0167286228389, "dvar": 0.00034381748992, "dvar2": 0.000419208285166, "max": 0.79150390625, "mean": 0.0601825937629, "median": 0.04052734375, "min": 0.00244140625, "var": 0.00665853312239}, "barkbands": {"dmean": [0.000403611222282, 0.00744242873043, 0.00389621872455, 0.00305913994089, 0.00239227898419, 0.0013607928995, 0.00100339087658, 0.000434883811977, 0.000926206412259, 0.00160370464437, 0.00054032902699, 0.00023008233984, 0.000309900642605, 0.00020223626052, 0.000187365090824, 0.000172640007804, 0.00019835412968, 0.000151713611558, 0.000114174748887, 0.000150810141349, 0.000132711211336, 8.73011522344e-05, 9.87179228105e-05, 7.60764960432e-05, 4.80799790239e-05, 1.67575599335e-05, 4.32146907769e-06], "dmean2": [0.000699760741554, 0.0125259989873, 0.00669999234378, 0.00562853226438, 0.00418075406924, 0.00254978821613, 0.00181332486682, 0.000772713392507, 0.00172870012466, 0.00308101833798, 0.00098437408451, 0.000415401125792, 0.000566712056752, 0.000339726859238, 0.000322212901665, 0.000310120463837, 0.000351660040906, 0.00026559329126, 0.000184732634807, 0.00024488766212, 0.000223842696869, 0.000142042830703, 0.000161727613886, 0.000122493249364, 7.72933781263e-05, 2.62309931713e-05, 6.94294567438e-06], "dvar": [1.29977661345e-06, 0.000476795568829, 0.000177747177077, 9.94697911665e-05, 2.41933612415e-05, 3.18695165333e-05, 1.01051773527e-05, 1.72587590441e-06, 1.66826721397e-05, 6.21243234491e-05, 2.62232197201e-06, 1.18414607186e-06, 1.32901880079e-06, 6.09796529716e-07, 4.92562151067e-07, 5.43442922663e-07, 8.31853071759e-07, 3.9646249661e-07, 1.13353110009e-07, 1.47418518281e-07, 1.90021893332e-07, 4.44339924854e-08, 6.16577935375e-08, 4.3062737376e-08, 1.77518675315e-08, 1.33236555122e-09, 9.91463924849e-11], "dvar2": [3.59998784916e-06, 0.0012920483714, 0.00047148502199, 0.000291302625556, 6.90363958711e-05, 9.34736963245e-05, 2.91783399007e-05, 4.81306278743e-06, 4.90674974571e-05, 0.000180826566066, 7.41678923077e-06, 3.40875294569e-06, 3.80907658837e-06, 1.59784099196e-06, 1.36888149882e-06, 1.5383286609e-06, 2.35742118093e-06, 1.10819792098e-06, 2.98966142509e-07, 3.85285773064e-07, 5.18418971751e-07, 1.16587948185e-07, 1.64393625823e-07, 1.07787037962e-07, 4.47673365045e-08, 3.07238745556e-09, 2.49568865573e-10], "max": [0.011867986992, 0.309809088707, 0.114976540208, 0.0914759263396, 0.0555112250149, 0.0643927156925, 0.0284706372768, 0.019452681765, 0.0488368980587, 0.074722930789, 0.0163627807051, 0.0158957112581, 0.0113204512745, 0.0111954575405, 0.0112934987992, 0.00908472482115, 0.0115420557559, 0.00747408578172, 0.00414100801572, 0.00506081711501, 0.00610363669693, 0.00196395721287, 0.00263445614837, 0.00189545878675, 0.00126752711367, 0.000636458396912, 0.000124942045659], "mean": [0.000341002421919, 0.00844449456781, 0.004720648285, 0.00265868240967, 0.00294426246546, 0.00114169553854, 0.000861793931108, 0.000360115460353, 0.00075296376599, 0.000975185015704, 0.000443787663244, 0.000192128340132, 0.000252578494838, 0.000208981829928, 0.000182847856195, 0.000137055511004, 0.000154732973897, 0.000128248415422, 0.000145654834341, 0.000178882182809, 0.000129554304294, 0.000108862150228, 0.000108931410068, 8.82135354914e-05, 5.67642637179e-05, 2.06790773518e-05, 5.20829871675e-06], "median": [1.81705308933e-05, 0.00191520317458, 0.000788327655755, 0.000579935731366, 0.00135843839962, 0.000290978467092, 0.000208444005693, 5.81024978601e-05, 0.000167202611919, 4.57409405499e-05, 5.66092203371e-05, 2.99894927593e-05, 3.2843578083e-05, 3.16308105539e-05, 4.02269761253e-05, 2.24493123824e-05, 2.46869949478e-05, 2.39625042013e-05, 3.91005160054e-05, 3.50606496795e-05, 2.56426756096e-05, 1.9739556592e-05, 1.65826495504e-05, 9.05547494767e-06, 7.80851041782e-06, 3.99557029596e-06, 1.37278061629e-06], "min": [3.8711152735e-23, 6.47948338329e-24, 3.41260912054e-23, 5.6509707791e-24, 6.9401369734e-23, 5.74446239263e-23, 5.32588837869e-23, 3.53090764852e-23, 1.26574852701e-22, 8.48934051549e-23, 1.06116634959e-22, 6.83358016668e-23, 1.08647591044e-22, 1.03244266185e-22, 1.51600587706e-22, 1.10747841696e-22, 1.02665968033e-22, 2.35177787906e-22, 1.44621995972e-22, 2.82125639301e-22, 4.33715624716e-22, 5.68775175013e-22, 6.38528553415e-22, 8.49267203286e-22, 1.34418667075e-21, 1.75682559816e-21, 2.33192009176e-21], "var": [1.12689940579e-06, 0.000454439170426, 0.000133398192702, 5.86259884585e-05, 2.12031991396e-05, 1.76870889845e-05, 6.29062151347e-06, 1.12773830097e-06, 9.27581186261e-06, 3.36432203767e-05, 1.72890963768e-06, 7.24684070974e-07, 8.34506579395e-07, 5.12330416313e-07, 3.39607396427e-07, 3.38997210747e-07, 5.04573279159e-07, 2.59045151552e-07, 1.14121796457e-07, 1.78442462584e-07, 1.4384963265e-07, 5.46739293839e-08, 5.86713824191e-08, 5.66678473035e-08, 2.10592627781e-08, 1.77285974789e-09, 1.05842494491e-10]}, "erbbands": {"dmean": [0.236375078559, 1.63333117962, 3.44084143639, 8.59232139587, 10.3116731644, 7.18551158905, 4.90442276001, 13.7520370483, 16.6028385162, 11.0067052841, 11.0065116882, 21.720205307, 39.1655197144, 41.5708503723, 17.5536708832, 9.09426498413, 13.7844219208, 10.6664562225, 10.4858665466, 9.32965278625, 10.1968421936, 10.9786329269, 8.0334405899, 6.15263032913, 5.87533426285, 7.48574018478, 5.15793323517, 5.58266878128, 3.04820251465, 3.76818656921, 2.31802225113, 1.57185173035, 1.30613148212, 0.656770765781, 0.303127914667, 0.10318043083, 0.0224858820438, 0.00455975299701, 0.000594004290178, 7.04977210262e-05], "dmean2": [0.418611884117, 2.61467623711, 5.55531549454, 15.6510314941, 18.0398254395, 12.8001394272, 8.88202857971, 25.8386058807, 30.435382843, 19.7067012787, 19.5939846039, 40.5727005005, 74.3977432251, 79.1993408203, 31.5735740662, 16.1779384613, 25.2592277527, 17.7930355072, 18.0230293274, 16.3793544769, 18.1195755005, 19.4519443512, 14.0854272842, 10.1552724838, 9.62714290619, 12.1847639084, 8.36758041382, 9.53814506531, 4.94847249985, 6.25917339325, 3.73292016983, 2.5356194973, 2.13322520256, 1.06317996979, 0.483405828476, 0.161702141166, 0.0361376851797, 0.00722382590175, 0.00095611566212, 0.000115256538265], "dvar": [0.406364530325, 24.68034935, 119.004951477, 918.146240234, 566.906982422, 239.586532593, 196.876998901, 3512.66967773, 3761.22753906, 930.898620605, 1194.32617188, 9084.76855469, 35900.375, 35367.421875, 3004.29980469, 1463.92736816, 2769.70385742, 1298.37231445, 2339.44433594, 1096.37304688, 2292.57543945, 2369.90185547, 1086.6060791, 386.512573242, 341.751190186, 366.778564453, 223.828140259, 362.086608887, 53.7199401855, 92.0312194824, 28.810634613, 16.7084197998, 13.8594551086, 3.63573908806, 0.662057995796, 0.0549607165158, 0.00297173205763, 9.17679135455e-05, 1.51809308591e-06, 2.81080456688e-08], "dvar2": [1.2073996067, 63.4067611694, 293.884918213, 2622.13256836, 1624.79956055, 689.08203125, 563.67010498, 10323.6923828, 10933.390625, 2673.57666016, 3291.2824707, 26645.2460938, 103932.328125, 103499.101562, 8497.46582031, 4195.79785156, 7942.078125, 3398.92602539, 6576.62060547, 3080.22387695, 6538.06640625, 6688.73095703, 3036.69433594, 1035.26611328, 921.719177246, 939.504211426, 582.569458008, 1011.78521729, 140.848175049, 246.736022949, 74.3289489746, 42.386100769, 33.787273407, 9.31809043884, 1.66530263424, 0.131654515862, 0.00760811753571, 0.000221646419959, 3.86855435863e-06, 7.22370216977e-08], "max": [7.95060968399, 74.7476577759, 96.9627532959, 278.25112915, 223.406906128, 161.462783813, 168.965286255, 679.498962402, 645.931274414, 251.112701416, 545.522888184, 1061.21630859, 2025.33605957, 1744.80187988, 660.921936035, 582.336181641, 509.189910889, 557.537109375, 933.08581543, 341.338043213, 640.684997559, 614.603210449, 375.832305908, 230.058303833, 271.176574707, 230.825485229, 225.314590454, 216.747344971, 72.2800750732, 92.7518997192, 50.3013343811, 33.261302948, 40.3394775391, 18.2044887543, 11.6452598572, 4.24789094925, 1.42265117168, 0.23315320909, 0.0131301926449, 0.00269394880161], "mean": [0.236951008439, 1.93665289879, 4.96650457382, 7.92593765259, 11.256020546, 8.77566051483, 4.83106565475, 11.3968582153, 13.5731830597, 10.06599617, 9.35772228241, 17.516450882, 25.3208255768, 27.2303352356, 15.0125894547, 7.98325634003, 11.4769506454, 11.8267259598, 9.59754657745, 8.65399169922, 8.11839580536, 8.6865530014, 6.82701683044, 7.52582788467, 6.5981631279, 9.03027820587, 5.94547557831, 5.40631389618, 3.89069271088, 3.9794781208, 2.62048721313, 1.83944630623, 1.48691415787, 0.751279950142, 0.355626672506, 0.125537887216, 0.026487454772, 0.00564227066934, 0.00074926065281, 8.89756847755e-05], "median": [0.0408263877034, 0.506339490414, 1.02363967896, 2.7618830204, 4.08098554611, 4.3251543045, 1.84990692139, 2.63439035416, 2.97328734398, 2.81778764725, 1.72610831261, 3.61845016479, 2.38508677483, 3.00917482376, 2.72377300262, 1.43527364731, 1.69302690029, 1.87051010132, 1.6616307497, 1.8749332428, 1.42535161972, 1.41681051254, 1.26147460938, 2.01046824455, 1.79606509209, 1.65593600273, 1.13378691673, 0.926550507545, 0.724326729774, 0.579571962357, 0.447987020016, 0.225804045796, 0.141408339143, 0.0947772562504, 0.0529199391603, 0.0213350821286, 0.0057099731639, 0.00128393573686, 0.000227436248679, 3.65752530342e-05], "min": [3.17626298546e-22, 2.11688342475e-21, 2.84768364228e-20, 3.14867204897e-20, 6.25320238004e-20, 2.91215603793e-19, 4.82033401508e-19, 4.651764946e-19, 8.7387247659e-19, 7.27997676301e-19, 9.35561848915e-19, 2.89804547405e-18, 3.19693478069e-18, 2.93379849487e-18, 4.08570602088e-18, 2.32907983626e-18, 4.88145046144e-18, 5.06749330737e-18, 6.15709035181e-18, 9.66438371192e-18, 5.07967685061e-18, 6.0283595418e-18, 1.2099400776e-17, 9.25228894819e-18, 8.30303219365e-18, 1.52355981659e-17, 1.64464019855e-17, 1.78145504468e-17, 1.94688041385e-17, 1.69877983138e-17, 1.87850401005e-17, 1.75412582442e-17, 1.70350700315e-17, 1.67087108839e-17, 8.59205902585e-18, 6.70735488352e-18, 2.79269988714e-18, 1.48750793541e-18, 3.04643691966e-19, 3.28696081464e-20], "var": [0.378688931465, 23.8418617249, 112.419189453, 549.351745605, 447.189697266, 196.924499512, 128.381713867, 1931.65319824, 2192.0090332, 626.460144043, 799.041442871, 5068.07421875, 19964.1191406, 18990.6445312, 1988.67199707, 937.960998535, 1719.58435059, 1225.01550293, 1522.27490234, 727.816040039, 1385.24841309, 1460.51513672, 712.881408691, 342.37878418, 286.99899292, 448.544433594, 233.281204224, 254.606719971, 69.6813049316, 82.5138931274, 31.1475276947, 20.60587883, 19.2517948151, 4.08057260513, 0.754499137402, 0.0711176097393, 0.00321243749931, 0.000114284208394, 1.8881177084e-06, 2.66030681928e-08]}, "gfcc": {"mean": [-73.9943695068, 92.6017150879, -88.7897949219, 33.57762146, -52.1187858582, 9.11034107208, -26.2055454254, 2.54449820518, -24.554807663, -2.38701581955, -16.4530906677, -3.19362926483, -9.82260608673], "cov": [[23645.8867188, -910.812988281, -970.711975098, 1656.01428223, -598.952941895, 952.278320312, -994.265075684, 631.974609375, -256.375640869, 588.911376953, -490.130981445, -185.85496521, -587.641357422], [-910.812988281, 2503.7565918, 204.892059326, -183.443084717, 241.346252441, -361.359222412, 192.577529907, -151.644882202, 70.9265441895, -161.339538574, 34.5686912537, -155.877197266, 28.4170532227], [-970.711975098, 204.892059326, 986.468139648, 94.6646347046, 211.939575195, 65.8490600586, 115.135734558, 48.6892967224, -21.0557174683, 2.47798109055, 2.92156767845, -32.5092086792, -35.8074226379], [1656.01428223, -183.443084717, 94.6646347046, 622.310424805, 77.3906936646, 239.051391602, 0.226585775614, 90.3912734985, 29.3131217957, 53.5132675171, -13.7760944366, -0.988009989262, -40.7668914795], [-598.952941895, 241.346252441, 211.939575195, 77.3906936646, 479.736724854, 142.109573364, 128.207427979, -1.05829656124, 57.9567337036, 21.3293628693, 35.6799507141, -6.90712547302, 11.6350746155], [952.278320312, -361.359222412, 65.8490600586, 239.051391602, 142.109573364, 405.591400146, 78.2130203247, 67.2690811157, 50.8415718079, 61.8529396057, 6.96580648422, 60.1207008362, -0.658718168736], [-994.265075684, 192.577529907, 115.135734558, 0.226585775614, 128.207427979, 78.2130203247, 276.626098633, 19.6948223114, 47.1898574829, -15.0626020432, 39.8544845581, 50.3034896851, 75.5131149292], [631.974609375, -151.644882202, 48.6892967224, 90.3912734985, -1.05829656124, 67.2690811157, 19.6948223114, 172.105560303, 15.1105556488, 37.7214317322, 4.73327636719, 20.1016921997, 10.1451892853], [-256.375640869, 70.9265441895, -21.0557174683, 29.3131217957, 57.9567337036, 50.8415718079, 47.1898574829, 15.1105556488, 141.048751831, 41.4313354492, 38.8402137756, 12.2650089264, 5.42244768143], [588.911376953, -161.339538574, 2.47798109055, 53.5132675171, 21.3293628693, 61.8529396057, -15.0626020432, 37.7214317322, 41.4313354492, 141.264175415, 26.246055603, 8.17781257629, -20.4516487122], [-490.130981445, 34.5686912537, 2.92156767845, -13.7760944366, 35.6799507141, 6.96580648422, 39.8544845581, 4.73327636719, 38.8402137756, 26.246055603, 94.3577423096, 34.14894104, 39.4794158936], [-185.85496521, -155.877197266, -32.5092086792, -0.988009989262, -6.90712547302, 60.1207008362, 50.3034896851, 20.1016921997, 12.2650089264, 8.17781257629, 34.14894104, 99.9650726318, 55.5710525513], [-587.641357422, 28.4170532227, -35.8074226379, -40.7668914795, 11.6350746155, -0.658718168736, 75.5131149292, 10.1451892853, 5.42244768143, -20.4516487122, 39.4794158936, 55.5710525513, 116.569831848]], "icov": [[0.000141668293509, -0.000181565032108, 0.000177431880729, -0.00019294359663, 0.000162965050549, -0.0004272320366, 0.000408872874686, -0.000432315602666, 0.000446565361926, -0.000582510780077, 0.000503575021867, -0.00014725420624, 0.000276211416349], [-0.000181565032108, 0.00093561160611, -0.000279316387605, 0.000161140254932, -0.00050635606749, 0.00121569167823, -0.00106080377009, 0.000844090944156, -0.001064252574, 0.00131075119134, -0.00091160601005, 0.00124724907801, -0.000508063123561], [0.000177431880729, -0.000279316387605, 0.0014927436132, -0.000327978428686, -0.000242100650212, -0.000511878111865, -8.34624515846e-05, -0.000976357609034, 0.001238961122, -0.00071136734914, 0.000330262439093, 6.47925990052e-05, 0.00114151160233], [-0.00019294359663, 0.000161140254932, -0.000327978428686, 0.00254440959543, -0.000180431175977, -0.000829930300824, -0.000223663839279, -0.000208002122235, -0.000635547039565, 0.000714780180715, -0.000629193440545, 0.000690871558618, -7.8267430581e-06], [0.000162965050549, -0.00050635606749, -0.000242100650212, -0.000180431175977, 0.00332859554328, -0.00181932153646, -0.00022986199474, -3.64025472663e-05, 0.000170253682882, -0.000975019822363, -0.000179683833267, 0.0009836218087, 3.00122264889e-05], [-0.0004272320366, 0.00121569167823, -0.000511878111865, -0.000829930300824, -0.00181932153646, 0.00640698894858, -0.00239923107438, 0.00111813144758, -0.00228023785166, 0.00127197627444, -0.000400419288781, -0.00181763118599, 0.000108469488623], [0.000408872874686, -0.00106080377009, -8.34624515846e-05, -0.000223663839279, -0.00022986199474, -0.00239923107438, 0.00743996212259, -0.00165609025862, 8.27768308227e-05, -0.00101652019657, 0.00162549992092, -0.00220415228978, -0.00213207420893], [-0.000432315602666, 0.000844090944156, -0.000976357609034, -0.000208002122235, -3.64025472663e-05, 0.00111813144758, -0.00165609025862, 0.0084818424657, -0.00184598471969, 0.000320861057844, -0.000913256721105, 0.000337997887982, -0.00212287344038], [0.000446565361926, -0.001064252574, 0.001238961122, -0.000635547039565, 0.000170253682882, -0.00228023785166, 8.27768308227e-05, -0.00184598471969, 0.0112400231883, -0.00403624214232, -0.00153187604155, -0.000511805352289, 0.00227790488862], [-0.000582510780077, 0.00131075119134, -0.00071136734914, 0.000714780180715, -0.000975019822363, 0.00127197627444, -0.00101652019657, 0.000320861057844, -0.00403624214232, 0.0124438349158, -0.00535962218419, 0.000974423426669, 0.00123211997561], [0.000503575021867, -0.00091160601005, 0.000330262439093, -0.000629193440545, -0.000179683833267, -0.000400419288781, 0.00162549992092, -0.000913256721105, -0.00153187604155, -0.00535962218419, 0.0179752670228, -0.00458929175511, -0.00308467587456], [-0.00014725420624, 0.00124724907801, 6.47925990052e-05, 0.000690871558618, 0.0009836218087, -0.00181763118599, -0.00220415228978, 0.000337997887982, -0.000511805352289, 0.000974423426669, -0.00458929175511, 0.019323406741, -0.00695767672732], [0.000276211416349, -0.000508063123561, 0.00114151160233, -7.8267430581e-06, 3.00122264889e-05, 0.000108469488623, -0.00213207420893, -0.00212287344038, 0.00227790488862, 0.00123211997561, -0.00308467587456, -0.00695767672732, 0.016478009522]]}, "melbands": {"dmean": [0.00210379483178, 0.00171101826709, 0.00153715943452, 0.000632593175396, 0.000184453165275, 0.000303908018395, 0.000242577269091, 0.000109549917397, 9.91849447018e-05, 0.000136086702696, 0.000205423057196, 0.000183816940989, 6.72800015309e-05, 3.07326772599e-05, 2.47932093771e-05, 2.99635757983e-05, 1.91534727492e-05, 1.78458431037e-05, 1.30716798594e-05, 1.15740267574e-05, 1.28982655951e-05, 1.17337076517e-05, 9.73041005636e-06, 6.28806355962e-06, 4.91325317853e-06, 4.71156545245e-06, 3.94751759814e-06, 5.40313067177e-06, 3.51540052179e-06, 3.16661476063e-06, 3.24283860209e-06, 1.81342034011e-06, 1.55031841587e-06, 2.41595375883e-06, 1.50998721438e-06, 9.72936618382e-07, 1.02086039533e-06, 1.02702381355e-06, 6.59058628116e-07, 5.41086762951e-07], "dmean2": [0.00362409185618, 0.00275254645385, 0.00276867044158, 0.0011077177478, 0.000334131269483, 0.000571482756641, 0.000443165306933, 0.000195631146198, 0.000177195048309, 0.000254392798524, 0.0003909994266, 0.000351616501575, 0.000120964861708, 5.56370105187e-05, 4.52466010756e-05, 5.34996834176e-05, 3.19770515489e-05, 3.12885167659e-05, 2.25153671636e-05, 2.07855300687e-05, 2.3077476726e-05, 2.0919884264e-05, 1.72893742274e-05, 1.08907515823e-05, 8.09238554211e-06, 7.74904128775e-06, 6.50348329145e-06, 8.8020824478e-06, 5.69082885704e-06, 5.4114334489e-06, 5.55312726647e-06, 2.9806517432e-06, 2.50399762081e-06, 4.07595643992e-06, 2.47262664743e-06, 1.49130983118e-06, 1.71020349171e-06, 1.68625035712e-06, 1.08205665583e-06, 8.86598456873e-07], "dvar": [3.55664342351e-05, 2.42856549448e-05, 2.45230712608e-05, 1.69991960774e-06, 2.58494821992e-07, 1.71872898136e-06, 7.48240381654e-07, 9.56095433935e-08, 1.0663521266e-07, 3.70308868014e-07, 1.00289378224e-06, 7.30466922505e-07, 3.67542405399e-08, 2.03928678388e-08, 9.18726428267e-09, 1.04018482716e-08, 4.68889060912e-09, 7.58796936395e-09, 2.00197280975e-09, 1.93132199122e-09, 4.25471968768e-09, 2.85418577661e-09, 1.79327852567e-09, 6.86166401476e-10, 2.12751607997e-10, 2.41453856908e-10, 1.25401883322e-10, 1.96094404603e-10, 9.72443375824e-11, 1.3117780473e-10, 1.15549160518e-10, 2.04093426187e-11, 1.26238342696e-11, 4.09549616442e-11, 1.21473118023e-11, 5.44646315895e-12, 8.22334648293e-12, 9.04941052648e-12, 3.64030377023e-12, 2.56968665097e-12], "dvar2": [0.000100104232843, 5.40646069567e-05, 7.04226185917e-05, 4.8659053391e-06, 7.40978919112e-07, 5.0454286793e-06, 2.17537399294e-06, 2.73935512496e-07, 2.96357029583e-07, 1.08924223241e-06, 2.90634989142e-06, 2.14106194107e-06, 1.03429663056e-07, 5.85586974466e-08, 2.6426473454e-08, 2.92760997667e-08, 1.22742429554e-08, 2.15257802694e-08, 5.48592948846e-09, 5.46873391016e-09, 1.22505303679e-08, 8.11235434384e-09, 5.04646102684e-09, 1.91245086434e-09, 5.66135860414e-10, 6.53894327574e-10, 3.35558580922e-10, 5.05269659445e-10, 2.55514387426e-10, 3.63998886588e-10, 3.22601279024e-10, 5.3608492645e-11, 3.21540745418e-11, 1.11314769902e-10, 3.17084240808e-11, 1.30416632355e-11, 2.13447384767e-11, 2.21308266851e-11, 9.34464138014e-12, 6.60559020677e-12], "max": [0.0761536583304, 0.0624555647373, 0.0457725785673, 0.014728019014, 0.00615002261475, 0.0149872293696, 0.00882510654628, 0.00241228332743, 0.00472734123468, 0.00711242016405, 0.0106165455654, 0.00787470303476, 0.00254148105159, 0.00206638989039, 0.000915573153179, 0.00101873534732, 0.00122718850616, 0.00169057457242, 0.000551350356545, 0.000447821745183, 0.000915179902222, 0.000663313316181, 0.000458392023575, 0.000327166664647, 0.00017283084162, 0.000198468667804, 0.000171675361344, 0.0001593548659, 0.000134762754897, 0.000152727821842, 0.00012018403504, 4.62771276943e-05, 4.91961654916e-05, 6.52192975394e-05, 3.20742365147e-05, 3.28055321006e-05, 2.25666408369e-05, 3.57240860467e-05, 1.88160738617e-05, 1.56098176376e-05], "mean": [0.00228824419901, 0.00265658413991, 0.00150778936222, 0.000772477767896, 0.000191540384549, 0.000247524876613, 0.000204188443604, 9.93497960735e-05, 8.31832221593e-05, 0.000109217078716, 0.000130735861603, 0.000117561758088, 5.84680637985e-05, 2.48962842306e-05, 1.97163953999e-05, 2.7323161703e-05, 2.04008410947e-05, 1.51126878336e-05, 1.24025527839e-05, 9.97351253318e-06, 9.77161380433e-06, 9.18969726627e-06, 7.49551963963e-06, 5.58901638215e-06, 6.1597434069e-06, 5.31030354978e-06, 4.11881001128e-06, 6.62660568196e-06, 4.17162664235e-06, 2.88171281682e-06, 3.17676813211e-06, 2.38658003582e-06, 1.73434955286e-06, 2.43246972786e-06, 1.58323371124e-06, 1.21728123759e-06, 1.06473089545e-06, 1.10399798814e-06, 7.74203783749e-07, 6.00861824296e-07], "median": [0.000447228143457, 0.000760061549954, 0.000582375505473, 0.000354240415618, 8.35640385048e-05, 5.63733556191e-05, 4.94793021062e-05, 2.65191629296e-05, 1.51817666847e-05, 2.28591488849e-05, 1.07720497908e-05, 1.09269549284e-05, 9.0860085038e-06, 3.5717857827e-06, 2.78701304524e-06, 3.85527528124e-06, 3.07769505525e-06, 2.07322364076e-06, 2.67992618319e-06, 1.89222669178e-06, 1.44089267451e-06, 1.47149933127e-06, 9.91592742139e-07, 1.15074112728e-06, 1.6175725932e-06, 1.31760657496e-06, 1.03824777398e-06, 1.05729532152e-06, 7.13723977697e-07, 4.87388888359e-07, 5.05817979501e-07, 4.00407344614e-07, 2.86776980829e-07, 3.07859522763e-07, 2.74608055406e-07, 1.62901997669e-07, 1.15805896428e-07, 9.32321384539e-08, 8.90135467557e-08, 7.3047331739e-08], "min": [4.05220610401e-24, 1.07613391242e-23, 6.3837701008e-24, 1.14972098758e-23, 1.72187083697e-23, 1.11393604811e-23, 1.21467319127e-23, 7.71440095421e-24, 8.75779887455e-24, 1.94347180489e-23, 1.59235849345e-23, 1.13113597686e-23, 1.40100844797e-23, 9.57556522106e-24, 5.36101114832e-24, 1.16618333138e-23, 9.68038511384e-24, 9.94636061209e-24, 1.13262629288e-23, 1.20069489158e-23, 4.94003237081e-24, 6.59120107583e-24, 7.14807771035e-24, 1.2376166585e-23, 6.82089449446e-24, 5.2673153776e-24, 7.98095074319e-24, 9.91477383258e-24, 9.84372901946e-24, 8.89906493001e-24, 1.08109671526e-23, 1.14979829595e-23, 1.04994822687e-23, 8.22913585031e-24, 1.05276635357e-23, 1.14754341594e-23, 1.05150070513e-23, 1.18382107793e-23, 1.28159636394e-23, 1.46493726242e-23], "var": [3.38462741638e-05, 2.89694035018e-05, 1.5081638594e-05, 1.47063201439e-06, 1.70457511217e-07, 9.4492406788e-07, 4.41575934929e-07, 6.33565022667e-08, 6.93270152397e-08, 2.0526596245e-07, 5.55293070192e-07, 3.89470812934e-07, 2.57422474448e-08, 1.24780248356e-08, 5.51703616125e-09, 7.49697015578e-09, 4.21160883946e-09, 4.72924055472e-09, 1.4148026084e-09, 1.23723409295e-09, 2.48168863237e-09, 1.71730374365e-09, 1.12985587553e-09, 4.54921128545e-10, 2.08113221101e-10, 2.01267461031e-10, 1.042945591e-10, 2.66515781666e-10, 1.16855608523e-10, 9.10950342936e-11, 8.3338072554e-11, 3.00285768473e-11, 1.37817708634e-11, 3.40871046667e-11, 1.17066382629e-11, 9.39346343765e-12, 7.79907909088e-12, 1.19609582655e-11, 4.35429166681e-12, 2.78279591211e-12]}, "mfcc": {"mean": [-717.126953125, 122.926574707, 20.1806526184, 30.8348636627, 1.62941563129, 8.73653888702, 4.3147892952, 4.49149751663, -0.289611697197, 2.85525751114, -3.04709672928, -5.95020008087, -1.54183971882], "cov": [[13841.8027344, -752.977478027, -338.955871582, 166.570114136, 130.07522583, 358.659912109, 67.9079971313, 45.9713478088, 100.5779953, 260.502716064, 183.947921753, 183.121841431, -54.1245269775], [-752.977478027, 2015.06872559, 43.8501014709, 170.980651855, 68.9455108643, -100.560592651, 37.0026435852, -19.5795726776, 7.18628120422, -10.3013677597, 1.68925821781, -34.9895782471, -2.16830587387], [-338.955871582, 43.8501014709, 680.407470703, 160.829101562, 110.011260986, 47.2778244019, 73.7214508057, 72.5195999146, 26.2490348816, 13.8727483749, 29.6750526428, -14.5119981766, 20.6866016388], [166.570114136, 170.980651855, 160.829101562, 372.826904297, 114.699501038, 88.0417709351, 88.7223052979, 47.5278091431, 33.9005851746, 38.7207984924, 36.3686447144, 14.6688632965, 7.46334505081], [130.07522583, 68.9455108643, 110.011260986, 114.699501038, 275.817352295, 157.876541138, 91.51222229, 34.3632507324, 33.6227684021, 55.5688018799, 73.3935012817, 20.444770813, 13.4740037918], [358.659912109, -100.560592651, 47.2778244019, 88.0417709351, 157.876541138, 364.634124756, 109.085586548, 99.9897842407, 58.2589302063, 68.5018692017, 55.0705451965, 37.7426490784, 35.3844032288], [67.9079971313, 37.0026435852, 73.7214508057, 88.7223052979, 91.51222229, 109.085586548, 191.014938354, 84.1894836426, 65.3436965942, 31.9733085632, 8.29080104828, 14.2477998734, 19.1462593079], [45.9713478088, -19.5795726776, 72.5195999146, 47.5278091431, 34.3632507324, 99.9897842407, 84.1894836426, 176.422714233, 76.7728271484, 25.5036792755, -2.52805519104, 2.63195204735, 37.5098266602], [100.5779953, 7.18628120422, 26.2490348816, 33.9005851746, 33.6227684021, 58.2589302063, 65.3436965942, 76.7728271484, 113.670951843, 40.4425582886, 11.2440071106, 11.8272247314, 20.0910110474], [260.502716064, -10.3013677597, 13.8727483749, 38.7207984924, 55.5688018799, 68.5018692017, 31.9733085632, 25.5036792755, 40.4425582886, 103.37374115, 50.5513038635, 33.5560646057, 14.4722223282], [183.947921753, 1.68925821781, 29.6750526428, 36.3686447144, 73.3935012817, 55.0705451965, 8.29080104828, -2.52805519104, 11.2440071106, 50.5513038635, 127.171012878, 47.7264900208, 8.64084815979], [183.121841431, -34.9895782471, -14.5119981766, 14.6688632965, 20.444770813, 37.7426490784, 14.2477998734, 2.63195204735, 11.8272247314, 33.5560646057, 47.7264900208, 94.4860687256, 25.2816982269], [-54.1245269775, -2.16830587387, 20.6866016388, 7.46334505081, 13.4740037918, 35.3844032288, 19.1462593079, 37.5098266602, 20.0910110474, 14.4722223282, 8.64084815979, 25.2816982269, 76.3918380737]], "icov": [[8.13651276985e-05, 2.80382409983e-05, 4.84851880174e-05, -4.67911268061e-05, 1.37953438752e-05, -4.64310323878e-05, 1.63269323821e-05, -9.55784980761e-06, -1.52574721142e-05, -0.000143024604768, -2.17255328607e-05, -9.12259129109e-05, 0.000133317036671], [2.80382409983e-05, 0.00055681617232, 7.29201346985e-05, -0.000290166935883, -0.000189576589037, 0.000283523608232, -9.30631867959e-05, 7.54124848754e-05, -7.83179930295e-05, 1.4058961824e-05, -5.8485489717e-05, 0.000212409635424, -0.000113068279461], [4.84851880174e-05, 7.29201346985e-05, 0.00181759474799, -0.000641804013867, -0.000509873963892, 0.000316021760227, -0.00018570611428, -0.000643660663627, 0.000245861010626, 0.000133311797981, -0.000418161012931, 0.000559134176001, -0.000314589007758], [-4.67911268061e-05, -0.000290166935883, -0.000641804013867, 0.00362583645619, -0.00066106725717, -0.000182169053005, -0.000863672874402, -0.000177396868821, 0.000126788683701, -0.000369855988538, -9.0626628662e-05, -0.000278921041172, 0.000422002776759], [1.37953438752e-05, -0.000189576589037, -0.000509873963892, -0.00066106725717, 0.0065041766502, -0.00202322914265, -0.00179998774547, 0.00111904158257, 0.000127479681396, -0.000761790783145, -0.00258130463772, 0.00114789302461, -7.84644362284e-05], [-4.64310323878e-05, 0.000283523608232, 0.000316021760227, -0.000182169053005, -0.00202322914265, 0.00478070555255, -0.000909196387511, -0.00184630521107, 0.000448667095043, -0.000991386245005, -0.000288717274088, -0.00041576125659, -0.000575662765186], [1.63269323821e-05, -9.30631867959e-05, -0.00018570611428, -0.000863672874402, -0.00179998774547, -0.000909196387511, 0.00881621520966, -0.00199990184046, -0.00261532119475, 0.000156785303261, 0.00166636926588, -0.00119025213644, 0.000518123677466], [-9.55784980761e-06, 7.54124848754e-05, -0.000643660663627, -0.000177396868821, 0.00111904158257, -0.00184630521107, -0.00199990184046, 0.0105247832835, -0.00494329864159, 0.00041266909102, 0.000642301863991, 0.00147213903256, -0.00315974839032], [-1.52574721142e-05, -7.83179930295e-05, 0.000245861010626, 0.000126788683701, 0.000127479681396, 0.000448667095043, -0.00261532119475, -0.00494329864159, 0.0148427672684, -0.00420313235372, 0.000109049222374, 2.16553235077e-05, -0.000366437103366], [-0.000143024604768, 1.4058961824e-05, 0.000133311797981, -0.000369855988538, -0.000761790783145, -0.000991386245005, 0.000156785303261, 0.00041266909102, -0.00420313235372, 0.0152697479352, -0.00377500616014, -0.00198265677318, -0.000453489599749], [-2.17255328607e-05, -5.8485489717e-05, -0.000418161012931, -9.0626628662e-05, -0.00258130463772, -0.000288717274088, 0.00166636926588, 0.000642301863991, 0.000109049222374, -0.00377500616014, 0.0128548173234, -0.00501989293844, 0.000854802725371], [-9.12259129109e-05, 0.000212409635424, 0.000559134176001, -0.000278921041172, 0.00114789302461, -0.00041576125659, -0.00119025213644, 0.00147213903256, 2.16553235077e-05, -0.00198265677318, -0.00501989293844, 0.0155529025942, -0.00482665747404], [0.000133317036671, -0.000113068279461, -0.000314589007758, 0.000422002776759, -7.84644362284e-05, -0.000575662765186, 0.000518123677466, -0.00315974839032, -0.000366437103366, -0.000453489599749, 0.000854802725371, -0.00482665747404, 0.0166107006371]]}, "spectral_contrast_coeffs": {"dmean": [0.0567890405655, 0.0447302050889, 0.0434535034001, 0.0325814187527, 0.0248782876879, 0.0247753709555], "dmean2": [0.0929471179843, 0.0726815760136, 0.0692143961787, 0.0532687306404, 0.040007468313, 0.0378839448094], "dvar": [0.00263360771351, 0.00154184096027, 0.00142669363413, 0.000900649989489, 0.000548523908947, 0.00065983645618], "dvar2": [0.00678411033005, 0.00409034453332, 0.0035632639192, 0.00237184599973, 0.00127518794034, 0.00155351415742], "max": [-0.287843257189, -0.507445633411, -0.438079088926, -0.573646426201, -0.588533520699, -0.473273634911], "mean": [-0.63160443306, -0.760226488113, -0.769169092178, -0.808033704758, -0.811058700085, -0.769134581089], "median": [-0.635228812695, -0.763919711113, -0.775588274002, -0.815540254116, -0.814548373222, -0.772553265095], "min": [-0.956811904907, -0.978802680969, -0.962276279926, -0.983824849129, -0.979284405708, -0.960529029369], "var": [0.0100546469912, 0.00523369107395, 0.00485015008599, 0.00300799030811, 0.00189591152593, 0.00252548488788]}, "spectral_contrast_valleys": {"dmean": [0.511026859283, 0.571170032024, 0.588277339935, 0.533468723297, 0.529941856861, 0.644375801086], "dmean2": [0.810540854931, 0.918463468552, 0.918184280396, 0.783216118813, 0.735674023628, 0.825328469276], "dvar": [0.321927040815, 0.490378141403, 0.502165436745, 0.386179357767, 0.407031714916, 0.581623196602], "dvar2": [0.646088063717, 1.1640625, 1.14212203026, 0.785339355469, 0.795812129974, 1.03594076633], "max": [-5.07021427155, -4.08192825317, 