{"lowlevel": {"average_loudness": 0.874992787838, "barkbands_crest": {"dmean": 3.55346226692, "dmean2": 5.5683298111, "dvar": 14.0070962906, "dvar2": 31.1774330139, "max": 26.9738349915, "mean": 17.565372467, "median": 18.4769935608, "min": 2.46316003799, "var": 31.9903030396}, "barkbands_flatness_db": {"dmean": 0.0559215210378, "dmean2": 0.0859471485019, "dvar": 0.00339834718034, "dvar2": 0.00747349113226, "max": 0.817510068417, "mean": 0.26321426034, "median": 0.229135766625, "min": 0.015785317868, "var": 0.0227031018585}, "barkbands_kurtosis": {"dmean": 29.7160377502, "dmean2": 48.0857429504, "dvar": 5191.00488281, "dvar2": 12498.8076172, "max": 2074.29296875, "mean": 38.6567726135, "median": 12.9280052185, "min": -1.92322266102, "var": 7897.19726562}, "barkbands_skewness": {"dmean": 1.85342264175, "dmean2": 2.90778779984, "dvar": 5.17681360245, "dvar2": 12.3934087753, "max": 37.7416572571, "mean": 3.83376145363, "median": 3.24468970299, "min": -13.600274086, "var": 12.1068048477}, "barkbands_spread": {"dmean": 10.7193574905, "dmean2": 17.4990711212, "dvar": 244.226867676, "dvar2": 598.604553223, "max": 115.170097351, "mean": 16.254858017, "median": 9.35763549805, "min": 0.0370672680438, "var": 372.704650879}, "dissonance": {"dmean": 0.0323421619833, "dmean2": 0.052094720304, "dvar": 0.00192009599414, "dvar2": 0.00505456142128, "max": 0.499999940395, "mean": 0.421595901251, "median": 0.45736977458, "min": 0.0647972747684, "var": 0.00816826429218}, "dynamic_complexity": 6.25278663635, "erbbands_crest": {"dmean": 3.19377756119, "dmean2": 4.88053035736, "dvar": 10.2630205154, "dvar2": 22.8195781708, "max": 34.2510871887, "mean": 12.9576253891, "median": 10.0533723831, "min": 2.43199944496, "var": 69.809387207}, "erbbands_flatness_db": {"dmean": 0.0347081869841, "dmean2": 0.0493842475116, "dvar": 0.00172365026083, "dvar2": 0.00325779267587, "max": 0.642706155777, "mean": 0.190151587129, "median": 0.142847254872, "min": 0.0310329087079, "var": 0.0184503942728}, "erbbands_kurtosis": {"dmean": 5.37049531937, "dmean2": 8.43381214142, "dvar": 227.953018188, "dvar2": 513.77722168, "max": 337.814544678, "mean": 6.79372644424, "median": -0.0494985580444, "min": -1.87323904037, "var": 437.419006348}, "erbbands_skewness": {"dmean": 0.757237374783, "dmean2": 1.15153300762, "dvar": 1.07065057755, "dvar2": 2.42029070854, "max": 14.4596128464, "mean": 0.77466493845, "median": 0.22047328949, "min": -6.2469701767, "var": 3.52694678307}, "erbbands_spread": {"dmean": 16.6034374237, "dmean2": 23.837064743, "dvar": 410.666473389, "dvar2": 802.416687012, "max": 201.036636353, "mean": 47.7186851501, "median": 42.1050987244, "min": 0.265989840031, "var": 1367.2043457}, "hfc": {"dmean": 20.6960010529, "dmean2": 30.1199569702, "dvar": 1673.88110352, "dvar2": 4028.45678711, "max": 380.957000732, "mean": 28.7646961212, "median": 11.3109397888, "min": 1.11139457707e-16, "var": 2141.2175293}, "melbands_crest": {"dmean": 3.75179982185, "dmean2": 6.01440906525, "dvar": 15.2199773788, "dvar2": 38.386592865, "max": 39.8818397522, "mean": 21.3414268494, "median": 21.3405914307, "min": 1.71696865559, "var": 32.4328613281}, "melbands_flatness_db": {"dmean": 0.0635478869081, "dmean2": 0.0968089550734, "dvar": 0.00447744783014, "dvar2": 0.0095002707094, "max": 0.911010086536, "mean": 0.357168346643, "median": 0.337015807629, "min": 0.00447928300127, "var": 0.0266446582973}, "melbands_kurtosis": {"dmean": 49.6654510498, "dmean2": 80.2501449585, "dvar": 12606.3515625, "dvar2": 26477.3828125, "max": 3579.67626953, "mean": 77.5032806396, "median": 36.3690757751, "min": -1.91340351105, "var": 22732.2871094}, "melbands_skewness": {"dmean": 2.14324998856, "dmean2": 3.33889365196, "dvar": 6.94862270355, "dvar2": 14.9970750809, "max": 49.7142333984, "mean": 5.62112617493, "median": 4.78491973877, "min": -6.12903594971, "var": 18.0442066193}, "melbands_spread": {"dmean": 7.66138458252, "dmean2": 12.7326726913, "dvar": 200.229125977, "dvar2": 475.076263428, "max": 210.946136475, "mean": 11.68400383, "median": 5.54840755463, "min": 0.20578405261, "var": 318.736419678}, "pitch_salience": {"dmean": 0.105142891407, "dmean2": 0.172704234719, "dvar": 0.0134407542646, "dvar2": 0.03366618976, "max": 0.931662917137, "mean": 0.34293666482, "median": 0.324692428112, "min": 0.0217563547194, "var": 0.023222817108}, "silence_rate_20dB": {"dmean": 0.0155826928094, "dmean2": 0.0311671085656, "dvar": 0.0153408152983, "dvar2": 0.0426883921027, "max": 1, "mean": 0.990661978722, "median": 1, "min": 0, "var": 0.00925197545439}, "silence_rate_30dB": {"dmean": 0.130076810718, "dmean2": 0.260167986155, "dvar": 0.113171637058, "dvar2": 0.212238267064, "max": 1, "mean": 0.789811015129, "median": 1, "min": 0, "var": 0.166011601686}, "silence_rate_60dB": {"dmean": 0.032049510628, "dmean2": 0.0641025677323, "dvar": 0.031027443707, "dvar2": 0.0719242095947, "max": 1, "mean": 0.160625487566, "median": 0, "min": 0, "var": 0.134810492396}, "spectral_centroid": {"dmean": 371.641174316, "dmean2": 601.187988281, "dvar": 230006.359375, "dvar2": 563617.4375, "max": 11546.8017578, "mean": 1069.625, "median": 832.358642578, "min": 92.6662750244, "var": 631186.3125}, "spectral_complexity": {"dmean": 4.43432617188, "dmean2": 6.62168455124, "dvar": 49.6471328735, "dvar2": 101.991188049, "max": 60, "mean": 10.6611223221, "median": 7, "min": 0, "var": 129.552978516}, "spectral_decrease": {"dmean": 9.46259337553e-09, "dmean2": 1.52997881031e-08, "dvar": 3.01138953353e-16, "dvar2": 6.71110450978e-16, "max": 1.13115655461e-28, "mean": -1.73842416018e-08, "median": -1.22279617543e-08, "min": -1.41432749956e-07, "var": 4.64556808108e-16}, "spectral_energy": {"dmean": 0.0367324985564, "dmean2": 0.0586395263672, "dvar": 0.00438610557467, "dvar2": 0.00967702362686, "max": 0.539490461349, "mean": 0.0682209059596, "median": 0.0480148345232, "min": 1.03822540609e-20, "var": 0.00695395516232}, "spectral_energyband_high": {"dmean": 0.00159695849288, "dmean2": 0.00236813700758, "dvar": 1.25016695165e-05, "dvar2": 3.01360050798e-05, "max": 0.0316902138293, "mean": 0.00173871638253, "median": 0.000106517414679, "min": 7.45642333802e-21, "var": 1.48852559505e-05}, "spectral_energyband_low": {"dmean": 0.0342828556895, "dmean2": 0.0567822493613, "dvar": 0.00439801393077, "dvar2": 0.00991766806692, "max": 0.517144024372, "mean": 0.0562947317958, "median": 0.0372561067343, "min": 3.01328489042e-23, "var": 0.00619573984295}, "spectral_energyband_middle_high": {"dmean": 0.00153679819778, "dmean2": 0.00243276380934, "dvar": 9.12865925784e-06, "dvar2": 2.25538715313e-05, "max": 0.0750445276499, "mean": 0.00284723704681, "median": 0.00123721268028, "min": 1.16012797827e-21, "var": 2.26341944654e-05}, "spectral_energyband_middle_low": {"dmean": 0.00472254306078, "dmean2": 0.00812281575054, "dvar": 0.000105533916212, "dvar2": 0.000296059966786, "max": 0.106676399708, "mean": 0.00873384717852, "median": 0.00431267218664, "min": 1.98962534278e-22, "var": 0.00014655967243}, "spectral_entropy": {"dmean": 0.402212798595, "dmean2": 0.594043672085, "dvar": 0.253805309534, "dvar2": 0.500062048435, "max": 9.81697273254, "mean": 6.98651885986, "median": 7.40211200714, "min": 3.01181030273, "var": 1.84211719036}, "spectral_flux": {"dmean": 0.0679607763886, "dmean2": 0.10818489641, "dvar": 0.00786122120917, "dvar2": 0.0176146756858, "max": 0.678979694843, "mean": 0.115269653499, "median": 0.0672892928123, "min": 6.49881329307e-11, "var": 0.0147444605827}, "spectral_kurtosis": {"dmean": 4.98982858658, "dmean2": 7.96843242645, "dvar": 126.917541504, "dvar2": 333.402313232, "max": 241.877090454, "mean": 13.4599723816, "median": 4.25594234467, "min": -1.24390125275, "var": 807.915771484}, "spectral_rms": {"dmean": 0.00187123310752, "dmean2": 0.00281109660864, "dvar": 7.59061231292e-06, "dvar2": 1.46291768033e-05, "max": 0.0229419302195, "mean": 0.00670162169263, "median": 0.00684424862266, "min": 3.18261346097e-12, "var": 2.16455155169e-05}, "spectral_rolloff": {"dmean": 935.785461426, "dmean2": 1668.53979492, "dvar": 5169341, "dvar2": 12863524, "max": 19272.2167969, "mean": 1152.10437012, "median": 322.998046875, "min": 21.533203125, "var": 6090697}, "spectral_skewness": {"dmean": 0.449934333563, "dmean2": 0.678949296474, "dvar": 0.416965216398, "dvar2": 0.98811095953, "max": 12.8154172897, "mean": 2.29048776627, "median": 1.65224206448, "min": -0.0477551296353, "var": 3.57033157349}, "spectral_spread": {"dmean": 1185396.875, "dmean2": 1606706.75, "dvar": 2028333563900.0, "dvar2": 3269880709120.0, "max": 41668576, "mean": 5870031, "median": 5172099.5, "min": 345330.4375, "var": 10584910200800.0}, "spectral_strongpeak": {"dmean": 0.334748983383, "dmean2": 0.573054552078, "dvar": 0.384467452765, "dvar2": 0.928061723709, "max": 8.79587745667, "mean": 0.755679011345, "median": 0.535180926323, "min": 0, "var": 0.775819838047}, "zerocrossingrate": {"dmean": 0.0180928483605, "dmean2": 0.0219088681042, "dvar": 0.000616186880507, "dvar2": 0.000798434717581, "max": 0.51806640625, "mean": 0.0474989376962, "median": 0.0302734375, "min": 0, "var": 0.00286041293293}, "barkbands": {"dmean": [0.000727249716874, 0.0266626849771, 0.0111596714705, 0.00209448463283, 0.0011837790953, 0.000722863595001, 0.000667741522193, 0.000160739888088, 0.000704508333001, 0.000365600863006, 0.000107059742732, 0.000151883752551, 0.000209354519029, 0.000216840824578, 0.00025035982253, 0.000198553185328, 0.000185827826499, 0.000151729560457, 0.000170707062352, 0.000121105083963, 0.000184420816367, 0.000140075877425, 0.000153811604832, 0.000266510469373, 0.000320196792018, 0.000410310982261, 0.000125506398035], "dmean2": [0.00114002462942, 0.0435589030385, 0.019970709458, 0.00389354396611, 0.00212039123289, 0.00104168674443, 0.0010347305797, 0.000254212849541, 0.00109975261148, 0.000574663223233, 0.000166501529748, 0.000247426767601, 0.000335907941917, 0.000358162738848, 0.000416510127252, 0.000325139408233, 0.000309810420731, 0.000247631745879, 0.000291462696623, 0.00019704735314, 0.000295919715427, 0.000223652037675, 0.000239095199504, 0.000385255814763, 0.000482012110297, 0.000643591745757, 0.000210339465411], "dvar": [2.34752610595e-06, 0.00277415965684, 0.000798969704192, 3.44089785358e-05, 1.66593690665e-05, 2.81003940472e-06, 4.18148192693e-06, 2.79218028254e-07, 5.91532034377e-06, 3.42764656125e-06, 7.0788416906e-08, 1.88346874097e-07, 4.6127161113e-07, 2.25220787797e-07, 5.33811146397e-07, 1.97615094066e-07, 1.5097106143e-07, 1.40657931524e-07, 1.60528060178e-07, 5.53527534919e-08, 1.91375534087e-07, 9.88555157733e-08, 1.31896143785e-07, 3.88996312495e-07, 5.82995710374e-07, 9.85985252555e-07, 1.0691876895e-07], "dvar2": [5.76109368922e-06, 0.0057890699245, 0.00222480599768, 9.92093118839e-05, 4.65282028017e-05, 6.03311946179e-06, 9.6779276646e-06, 6.19674722202e-07, 1.35309001053e-05, 9.18741534406e-06, 1.39181508985e-07, 4.2421498847e-07, 1.03168736132e-06, 5.72572162127e-07, 1.39192616189e-06, 4.71190332973e-07, 3.89857603977e-07, 3.43837996297e-07, 4.3084293111e-07, 1.33880504904e-07, 4.72739969837e-07, 2.47347230697e-07, 3.26968063291e-07, 8.5622343704e-07, 1.40228189593e-06, 2.5680278668e-06, 2.86195785293e-07], "max": [0.0194982402027, 0.430426597595, 0.244374021888, 0.0522872284055, 0.0449830777943, 0.0499801114202, 0.0564223453403, 0.0172124598175, 0.062510676682, 0.073691830039, 0.00809452403337, 0.0133579671383, 0.0267681460828, 0.0105661824346, 0.0239743962884, 0.0072385831736, 0.00689290836453, 0.00458306493238, 0.00419797701761, 0.00250365189277, 0.00443018553779, 0.00376616814174, 0.00382399815135, 0.00800969824195, 0.00841035787016, 0.010097081773, 0.00288734515198], "mean": [0.00106650602538, 0.043570574373, 0.0102981338277, 0.00193578563631, 0.000872682372574, 0.00168859038968, 0.00226505449973, 0.000276070641121, 0.00164156919345, 0.000691902998369, 0.000176256944542, 0.000220271773287, 0.000302475964418, 0.000287004688289, 0.000300541112665, 0.000248035765253, 0.000232746649999, 0.000178307396709, 0.00017096636293, 0.000141597061884, 0.000207838471397, 0.00015260152577, 0.000179094437044, 0.000289100891678, 0.000331044371706, 0.000395274255425, 0.000100603007013], "median": [0.000142900971696, 0.0274772271514, 0.00333849759772, 0.000192100604181, 3.40999104083e-05, 0.000180700153578, 7.28250524844e-05, 2.296126695e-05, 0.000129982814542, 4.32219458162e-05, 1.75623390533e-05, 3.71816458937e-05, 7.94735533418e-05, 5.64895817661e-05, 4.44627876277e-05, 4.90570891998e-05, 4.57618407381e-05, 2.94980382023e-05, 3.09994939016e-05, 2.30907680816e-05, 2.14514020627e-05, 1.49174993567e-05, 1.20165032058e-05, 1.27942139443e-05, 8.53650817589e-06, 6.49754292681e-06, 2.4905666578e-06], "min": [6.64231235995e-25, 1.91514167986e-24, 3.74104425868e-24, 3.63060885955e-24, 1.72289903827e-23, 9.81734793307e-24, 1.23319501424e-23, 1.38573988738e-23, 2.26697545797e-23, 4.00101068787e-23, 2.15490719565e-23, 3.98273435842e-23, 3.32895799461e-23, 4.4388209172e-23, 4.24405999495e-23, 4.97921524974e-23, 8.77081176627e-23, 1.62535398921e-22, 1.60630924612e-22, 1.90643775151e-22, 2.71682256876e-22, 2.85779289605e-22, 4.50135745526e-22, 7.72881486289e-22, 9.23663173267e-22, 1.27957580717e-21, 2.12971159049e-21], "var": [3.71184864889e-06, 0.00401277653873, 0.000528746808413, 2.13178973354e-05, 1.08105014078e-05, 1.42414455695e-05, 4.80948328914e-05, 8.00611530849e-07, 2.61475433945e-05, 1.14343847599e-05, 2.49696682886e-07, 3.23635191535e-07, 6.78239473473e-07, 3.74176863716e-07, 6.16644797446e-07, 2.76580379932e-07, 2.04592609521e-07, 1.75396792201e-07, 1.40162256912e-07, 7.62791003694e-08, 2.12527211829e-07, 1.08572329793e-07, 1.54576923705e-07, 4.90083948534e-07, 6.5854476361e-07, 9.78305820354e-07, 8.38863201125e-08]}, "erbbands": {"dmean": [0.801497936249, 6.54660797119, 14.4080982208, 8.73094081879, 5.88962221146, 2.98866724968, 3.56590867043, 6.45741987228, 11.6551408768, 3.27092623711, 6.50937461853, 15.5347175598, 11.6613168716, 7.14324474335, 3.90759658813, 6.05258893967, 10.6550607681, 7.72158002853, 12.5646762848, 12.4849119186, 11.2721881866, 10.4783840179, 9.03509044647, 9.28687095642, 6.57977628708, 5.30640554428, 8.21067619324, 6.4637389183, 5.34516763687, 4.80598449707, 4.29790306091, 4.57459878922, 4.81936597824, 2.79708719254, 2.64208650589, 1.88210046291, 0.734231710434, 0.164070412517, 0.0211579799652, 0.00100835913327], "dmean2": [1.18915534019, 11.0514631271, 25.7303142548, 15.6766986847, 10.8598518372, 5.33474349976, 5.29832363129, 9.33251476288, 17.8234577179, 5.4264087677, 10.2002811432, 24.2156200409, 17.7934646606, 11.1842021942, 6.14943933487, 9.8179397583, 16.9876346588, 12.7933197021, 21.0309791565, 20.4246368408, 18.4669075012, 17.4161281586, 15.4299793243, 15.5426836014, 10.8182477951, 8.6210565567, 12.8895692825, 10.8119058609, 8.82186031342, 7.27126407623, 6.68785047531, 6.73028564453, 7.14611244202, 4.1504650116, 3.96033573151, 2.93158650398, 1.18392384052, 0.262029260397, 0.034928329289, 0.00173072505277], "dvar": [2.7769370079, 170.420593262, 1245.2824707, 519.60345459, 373.157470703, 103.818115234, 98.5808868408, 206.314819336, 1306.70227051, 108.979667664, 435.671142578, 2703.50244141, 3072.37719727, 686.792358398, 73.7817840576, 278.565216064, 1219.49377441, 268.057067871, 709.747741699, 1775.42626953, 663.109069824, 490.557647705, 557.97052002, 456.513977051, 213.76725769, 111.708732605, 330.72177124, 243.987594604, 158.749206543, 111.008361816, 107.540458679, 120.203765869, 128.483947754, 39.9619445801, 39.7551612854, 22.0962238312, 3.29941987991, 0.163515239954, 0.00299276108854, 7.16449176252e-06], "dvar2": [5.68331241608, 405.925415039, 3469.32128906, 1476.63330078, 1056.28198242, 293.338348389, 199.601699829, 435.57611084, 2997.32714844, 302.320281982, 974.605102539, 6527.34082031, 7021.46240234, 1718.79724121, 149.248062134, 620.641601562, 2701.87402344, 680.292419434, 1832.01867676, 4539.70166016, 1569.3651123, 1256.24682617, 1468.70410156, 1193.66503906, 556.73638916, 274.958953857, 753.872375488, 644.598754883, 412.239501953, 256.26852417, 269.846221924, 272.84564209, 280.778839111, 90.464225769, 94.7227325439, 56.3568763733, 8.8124704361, 0.42828899622, 0.00789988599718, 1.95722950593e-05], "max": [15.6494817734, 112.984130859, 305.749267578, 182.974655151, 197.655593872, 128.596466064, 407.731201172, 424.512481689, 1014.7354126, 266.24786377, 852.746276855, 1324.9498291, 1608.66503906, 1029.88793945, 268.32333374, 506.640472412, 1367.71069336, 368.520385742, 426.670623779, 1826.12939453, 485.859039307, 480.035705566, 285.684692383, 245.057006836, 177.0362854, 132.428192139, 209.843414307, 179.332366943, 171.51763916, 108.633552551, 108.147232056, 168.955093384, 141.66456604, 82.605758667, 61.4886703491, 49.0664024353, 20.0175628662, 3.9264061451, 0.528170704842, 0.0236746296287], "mean": [1.34410560131, 9.33442878723, 13.6299762726, 9.2452583313, 4.18604040146, 2.23488998413, 6.92661905289, 17.053894043, 41.1223754883, 7.31361103058, 13.9318580627, 36.7134437561, 23.6585216522, 13.6967191696, 6.73826551437, 9.33447265625, 15.8674039841, 10.5952577591, 16.309305191, 15.9372549057, 14.5595302582, 13.3991889954, 10.5409154892, 9.7091588974, 7.23996782303, 6.15226650238, 9.96036815643, 6.42116594315, 5.61732721329, 5.93089580536, 4.74852514267, 4.95033073425, 5.2047753334, 3.13011336327, 2.68903660774, 1.88128304482, 0.669893324375, 0.149731308222, 0.0170068498701, 0.000784305913839], "median": [0.741196155548, 5.14557552338, 5.68829536438, 4.24886131287, 0.440872192383, 0.167893707752, 0.814489662647, 1.89444065094, 1.77321314812, 1.12432849407, 1.73975360394, 3.05827093124, 3.05811023712, 2.70078921318, 1.64864611626, 3.05761528015, 4.94167661667, 2.45044374466, 3.23980951309, 3.24337768555, 2.57253360748, 2.8029294014, 1.98028731346, 1.83437395096, 1.39076387882, 1.09385859966, 1.00668811798, 0.642758131027, 0.538081765175, 0.470405519009, 0.32677796483, 0.248989582062, 0.212501913309, 0.10702380538, 0.0578986555338, 0.0277272313833, 0.0108385365456, 0.00426404923201, 0.000430613057688, 8.6885986093e-05], "min": [7.72404572541e-23, 9.32286571542e-22, 3.48408029721e-21, 1.37872541952e-20, 2.35625337854e-20, 8.0949129053e-20, 4.64776242581e-20, 9.68750958804e-20, 1.64435440765e-19, 3.20721601532e-19, 6.36811095031e-19, 4.93715052914e-19, 7.17792645687e-19, 1.00266780669e-18, 1.29512009719e-18, 2.3498263532e-18, 1.65281532794e-18, 2.30429316241e-18, 3.2591751587e-18, 4.01939963657e-18, 3.9723847585e-18, 5.52802363186e-18, 8.79027797039e-18, 7.94815516726e-18, 8.11684210957e-18, 1.04571594013e-17, 9.51140244789e-18, 1.2638849094e-17, 1.00168950018e-17, 1.09346022606e-17, 1.31935183625e-17, 1.31158609922e-17, 1.18310063098e-17, 1.02018062646e-17, 7.34477075097e-18, 4.58383997603e-18, 2.38975663612e-18, 1.08466870235e-18, 2.79651541281e-19, 2.93076876494e-20], "var": [4.14049577713, 205.333847046, 856.383056641, 338.892791748, 230.706985474, 64.5184173584, 366.983978271, 1306.80749512, 15505.9111328, 272.740234375, 1750.08874512, 13206.5654297, 10361.8603516, 2261.34741211, 262.345153809, 474.706207275, 1807.05505371, 432.860198975, 1096.04785156, 2068.75927734, 986.09979248, 680.998657227, 611.093505859, 445.263977051, 214.98600769, 145.281112671, 471.512481689, 223.171768188, 157.266586304, 152.766952515, 116.441375732, 146.957778931, 158.917358398, 52.8653564453, 44.7210693359, 22.7511444092, 2.97461557388, 0.149051785469, 0.00242309877649, 5.06693959323e-06]}, "gfcc": {"mean": [-90.412437439, 68.0438232422, -83.3211288452, 25.4741191864, -29.6209354401, 24.9409770966, -15.8332605362, 20.994972229, -6.37218999863, 9.18913078308, -11.4625263214, -0.787730932236, -11.2978248596], "cov": [[41920.4765625, -2417.35180664, 2668.98950195, 3858.69921875, 279.932250977, 404.986450195, -2368.95678711, -760.968383789, -1414.32836914, 1112.06872559, 43.3256874084, 1830.04675293, 37.4904708862], [-2417.35180664, 3440.72924805, -59.4526176453, -155.314437866, 550.041931152, -16.9309196472, 675.416931152, 85.1706314087, 468.992858887, -260.533416748, 308.627990723, -341.818664551, 57.7180175781], [2668.98950195, -59.4526176453, 2775.74316406, 1587.57763672, 825.226318359, 425.15423584, -228.002304077, -184.896102905, -223.024215698, 120.989089966, -78.3735275269, 267.285644531, -63.7571563721], [3858.69921875, -155.314437866, 1587.57763672, 1752.09851074, 670.201782227, 344.521453857, -358.329101562, -244.434631348, -315.034118652, 121.42515564, -23.5089473724, 335.130950928, 39.8098602295], [279.932250977, 550.041931152, 825.226318359, 670.201782227, 765.356079102, 406.914154053, 216.660003662, 11.9295530319, -50.5703430176, -117.287963867, -96.9900970459, -76.5553131104, -16.0657978058], [404.986450195, -16.9309196472, 425.15423584, 344.521453857, 406.914154053, 540.216308594, 294.952484131, 173.494506836, -17.4200077057, -110.206443787, -156.262496948, -110.608131409, -61.9046096802], [-2368.95678711, 675.416931152, -228.002304077, -358.329101562, 216.660003662, 294.952484131, 669.068115234, 324.110198975, 249.488342285, -225.440689087, -91.5611419678, -376.446594238, -92.6616668701], [-760.968383789, 85.1706314087, -184.896102905, -244.434631348, 11.9295530319, 173.494506836, 324.110198975, 309.179779053, 189.864517212, -40.0831604004, -74.2415924072, -185.422470093, -86.9452667236], [-1414.32836914, 468.992858887, -223.024215698, -315.034118652, -50.5703430176, -17.4200077057, 249.488342285, 189.864517212, 326.81463623, 26.5046195984, 81.6185760498, -161.294540405, -69.8751525879], [1112.06872559, -260.533416748, 120.989089966, 121.42515564, -117.287963867, -110.206443787, -225.440689087, -40.0831604004, 26.5046195984, 267.444152832, 139.084289551, 188.767410278, -14.7680673599], [43.3256874084, 308.627990723, -78.3735275269, -23.5089473724, -96.9900970459, -156.262496948, -91.5611419678, -74.2415924072, 81.6185760498, 139.084289551, 266.564819336, 149.127197266, 51.9709243774], [1830.04675293, -341.818664551, 267.285644531, 335.130950928, -76.5553131104, -110.608131409, -376.446594238, -185.422470093, -161.294540405, 188.767410278, 149.127197266, 404.60446167, 139.38420105], [37.4904708862, 57.7180175781, -63.7571563721, 39.8098602295, -16.0657978058, -61.9046096802, -92.6616668701, -86.9452667236, -69.8751525879, -14.7680673599, 51.9709243774, 139.38420105, 188.948852539]], "icov": [[4.42056989414e-05, -5.96219688305e-05, 2.57944302575e-05, -6.00203275098e-05, 6.12634321442e-05, -0.00010472680151, 0.000158486480359, -0.000139729760122, 0.000156285750563, -9.88333777059e-05, 8.56001788634e-05, -0.000118972995551, 0.00012940565648], [-5.96219688305e-05, 0.000941626320127, -2.39706114371e-05, -4.21688710048e-05, -0.000896064739209, 0.000862432993017, -0.000739530136343, 0.000463119737105, -0.00106149457861, 0.00112278934103, -0.00146377540659, 0.000456281559309, -0.000456980342278], [2.57944302575e-05, -2.39706114371e-05, 0.000940887373872, -0.000567256822251, -0.000510888174176, -3.65037885786e-05, -0.000100675410067, 0.000449243118055, -0.000499668647535, -0.000151266838657, 0.000747924146708, -0.000985651509836, 0.000865927664563], [-6.00203275098e-05, -4.21688710048e-05, -0.000567256822251, 0.00221656612121, -0.00123701489065, -0.000866302172653, 0.00129101390485, 7.57497691666e-05, 0.000281527405605, -5.50622680748e-05, -0.000356670789188, -0.000183678668691, -2.12486011151e-05], [6.12634321442e-05, -0.000896064739209, -0.000510888174176, -0.00123701489065, 0.00530403340235, -0.00243574287742, -0.00133694126271, 0.00167503533885, 0.000772557687014, -0.00132914050482, 0.00139943812974, 0.000846099457704, -0.000709352490958], [-0.00010472680151, 0.000862432993017, -3.65037885786e-05, -0.000866302172653, -0.00243574287742, 0.00720097543672, -0.00362992356531, -0.00240366347134, 0.000921574537642, 0.000971061235759, 0.000229990982916, -0.00139643717557, 0.000577045604587], [0.000158486480359, -0.000739530136343, -0.000100675410067, 0.00129101390485, -0.00133694126271, -0.00362992356531, 0.0119117414579, -0.00691206101328, -0.000230441146414, 0.00446005817503, -0.0037715062499, 0.00357330520637, -8.86899069883e-05], [-0.000139729760122, 0.000463119737105, 0.000449243118055, 7.57497691666e-05, 0.00167503533885, -0.00240366347134, -0.00691206101328, 0.0153638124466, -0.00658035511151, -0.00386195303872, 0.00591710628942, -0.00217052036896, 0.000295093428576], [0.000156285750563, -0.00106149457861, -0.000499668647535, 0.000281527405605, 0.000772557687014, 0.000921574537642, -0.000230441146414, -0.00658035511151, 0.0128631936386, -0.00444514350966, -0.00406743073836, 0.004545874428, -0.000533174839802], [-9.88333777059e-05, 0.00112278934103, -0.000151266838657, -5.50622680748e-05, -0.00132914050482, 0.000971061235759, 0.00446005817503, -0.00386195303872, -0.00444514350966, 0.0150693645701, -0.00576950982213, -0.00430949870497, 0.00455238670111], [8.56001788634e-05, -0.00146377540659, 0.000747924146708, -0.000356670789188, 0.00139943812974, 0.000229990982916, -0.0037715062499, 0.00591710628942, -0.00406743073836, -0.00576950982213, 0.0145556805655, -0.0069217691198, 0.00097258441383], [-0.000118972995551, 0.000456281559309, -0.000985651509836, -0.000183678668691, 0.000846099457704, -0.00139643717557, 0.00357330520637, -0.00217052036896, 0.004545874428, -0.00430949870497, -0.0069217691198, 0.0155201330781, -0.00824242085218], [0.00012940565648, -0.000456980342278, 0.000865927664563, -2.12486011151e-05, -0.000709352490958, 0.000577045604587, -8.86899069883e-05, 0.000295093428576, -0.000533174839802, 0.00455238670111, 0.00097258441383, -0.00824242085218, 0.0118954693899]]}, "melbands": {"dmean": [0.00719271507114, 0.00793477054685, 0.00148048391566, 0.000317032274324, 0.000114029033284, 0.000155107787577, 0.000157238493557, 3.05752400891e-05, 7.49577375245e-05, 9.1615904239e-05, 6.01742176514e-05, 3.52366987499e-05, 1.53932069225e-05, 9.51348647504e-06, 3.10050745611e-05, 1.70528091985e-05, 1.49825345943e-05, 2.16037951759e-05, 1.83328775165e-05, 1.47867622218e-05, 1.31558899739e-05, 1.11717890832e-05, 1.03468883026e-05, 6.81385154166e-06, 7.90531703387e-06, 6.15033286522e-06, 3.80111237064e-06, 3.5556486182e-06, 5.12888345838e-06, 5.02069633512e-06, 3.47936838807e-06, 3.30500984091e-06, 2.51156529885e-06, 3.00825672639e-06, 2.86751378553e-06, 1.98452175937e-06, 3.08818198391e-06, 3.88358421333e-06, 2.49071399594e-06, 2.33176888287e-06], "dmean2": [0.0108914710581, 0.013822327368, 0.00264469301328, 0.000583301181905, 0.000172650121385, 0.000221788985073, 0.000242049529334, 5.09298879479e-05, 0.000118018608191, 0.000141704309499, 9.23215775401e-05, 5.52662932023e-05, 2.38413958868e-05, 1.57147769642e-05, 4.91264909215e-05, 2.75933070952e-05, 2.50093798968e-05, 3.62934697478e-05, 3.02658063447e-05, 2.40730041696e-05, 2.1700590878e-05, 1.84368327609e-05, 1.81318664545e-05, 1.08968652057e-05, 1.35357795443e-05, 1.03622260212e-05, 6.36793356534e-06, 5.8886835177e-06, 8.14060058474e-06, 8.16513420432e-06, 5.93283812123e-06, 5.66693552173e-06, 3.73635134565e-06, 4.68694497613e-06, 4.55348936157e-06, 3.05500816467e-06, 4.56495854451e-06, 5.9314088503e-06, 3.75300442101e-06, 3.52370011569e-06], "dvar": [0.000197937552002, 0.000305341673084, 1.48211393025e-05, 1.2691197071e-06, 8.12783014226e-08, 1.11578899009e-07, 2.27466287583e-07, 1.23582024614e-08, 6.58744525595e-08, 9.41204163496e-08, 8.81439987666e-08, 2.20962270703e-08, 1.50404744215e-09, 4.04237088247e-10, 8.83042261535e-09, 2.41738318252e-09, 9.68001789836e-10, 2.28197016838e-09, 3.58254359512e-09, 1.70570890745e-09, 9.21457410374e-10, 5.74295611067e-10, 7.95336130288e-10, 2.41284325853e-10, 3.43726797025e-10, 2.11928724569e-10, 6.26762669542e-11, 5.19638568286e-11, 1.22327106777e-10, 1.77830250525e-10, 6.96043500614e-11, 6.72080030517e-11, 2.83023899456e-11, 4.68337174597e-11, 5.36738327395e-11, 2.20480231294e-11, 5.6892424799e-11, 9.71083630175e-11, 2.99281016636e-11, 2.94988269922e-11], "dvar2": [0.000387257634429, 0.00083437457215, 4.19188181695e-05, 3.5947100514e-06, 1.7172615685e-07, 2.32956168134e-07, 5.31558441708e-07, 3.42531691899e-08, 1.53566702465e-07, 2.1757267632e-07, 2.07966991184e-07, 5.63658986152e-08, 2.88162271822e-09, 1.04452868577e-09, 1.91766211799e-08, 5.56596324586e-09, 2.46550380112e-09, 5.90900484099e-09, 9.21655551878e-09, 4.25680424243e-09, 2.17491602506e-09, 1.45986811528e-09, 2.22890439439e-09, 5.31341526333e-10, 9.17165177139e-10, 5.67185021172e-10, 1.55845045202e-10, 1.29668539794e-10, 2.72140310287e-10, 4.6083106775e-10, 1.90288187984e-10, 1.79072090489e-10, 6.45515377262e-11, 1.12110022654e-10, 1.39333211635e-10, 5.25907997706e-11, 1.29648028424e-10, 2.25330032411e-10, 6.62896196268e-11, 6.6656909159e-11], "max": [0.130227997899, 0.145152568817, 0.033721499145, 0.0123808328062, 0.0105778574944, 0.00884038209915, 0.0130529738963, 0.00261472840793, 0.00936538446695, 0.007150570862, 0.00921600405127, 0.00590309593827, 0.00122968305368, 0.000338984653354, 0.00257321773097, 0.00182450632565, 0.000635435746517, 0.000950087211095, 0.00222559599206, 0.00164202810265, 0.000630830705632, 0.000610052607954, 0.00035252131056, 0.000237941319938, 0.000213562932913, 0.000174595304998, 9.72449270193e-05, 9.36754004215e-05, 0.000151959553477, 0.000154128953, 0.000110962035251, 0.000123456382426, 5.96083627897e-05, 6.81655510562e-05, 8.38928026496e-05, 6.44924803055e-05, 0.000119446900499, 0.000125486607431, 6.89089938533e-05, 7.19049057807e-05], "mean": [0.0122324852273, 0.0091153467074, 0.00149790127762, 0.000207055622013, 0.000205518153962, 0.000422030425398, 0.00054112781072, 5.21784968441e-05, 0.000164240729646, 0.000214910658542, 0.000119947522762, 6.64913022774e-05, 2.59970511252e-05, 1.32345230668e-05, 4.58181129943e-05, 2.49198110396e-05, 1.93848718482e-05, 2.76744322036e-05, 2.21016598516e-05, 1.80899187399e-05, 1.65218734764e-05, 1.38962232086e-05, 1.13007781692e-05, 8.38388132252e-06, 7.86343389336e-06, 6.31033208265e-06, 4.26607675763e-06, 3.94141488869e-06, 6.32072396911e-06, 5.08799985255e-06, 3.26517488247e-06, 3.13860527967e-06, 3.00018950838e-06, 3.64298693967e-06, 3.00813144349e-06, 2.12583336179e-06, 3.33959314958e-06, 3.84866598324e-06, 2.92933987112e-06, 2.53433609032e-06], "median": [0.00786962825805, 0.00489630689844, 0.000705554673914, 1.03674656202e-05, 1.84487744264e-05, 4.64434197056e-05, 1.83237789315e-05, 4.99617408423e-06, 1.35597283588e-05, 1.64962166309e-05, 8.36553772388e-06, 9.94997571979e-06, 3.45325861417e-06, 2.59881062448e-06, 1.22688197735e-05, 5.38090716873e-06, 3.55728752766e-06, 4.88031855639e-06, 3.26975464304e-06, 3.55197130375e-06, 2.17343540498e-06, 2.49594359047e-06, 1.96392807084e-06, 1.50360426687e-06, 1.38998393595e-06, 1.11923304758e-06, 8.25082224765e-07, 6.33889840174e-07, 6.12307303527e-07, 4.52450251487e-07, 3.16344710427e-07, 2.66131678472e-07, 3.14911289934e-07, 2.39220383946e-07, 2.04020807359e-07, 1.43711233136e-07, 1.44397617419e-07, 1.5428636857e-07, 1.17801114641e-07, 7.70782548898e-08], "min": [9.8555005991e-25, 1.43606605769e-24, 4.08352545967e-24, 2.85950659381e-24, 1.91808373661e-24, 2.06397586964e-24, 2.42901218163e-24, 3.13813995693e-24, 4.9679146595e-24, 2.43958528434e-24, 3.37168696108e-24, 3.05685967356e-24, 3.71490771917e-24, 4.38891165988e-24, 2.17938957273e-24, 4.23643707425e-24, 2.83734453275e-24, 5.4633390295e-24, 3.90796959281e-24, 3.88149581526e-24, 4.91924746368e-24, 4.69351097134e-24, 5.68645768692e-24, 6.51055819207e-24, 5.4053762912e-24, 5.42689878328e-24, 6.61842308795e-24, 6.04263824639e-24, 4.95251530577e-24, 7.23886297876e-24, 7.6652975183e-24, 5.49786904905e-24, 5.57439841761e-24, 5.5076008316e-24, 7.1039914298e-24, 5.59446980006e-24, 7.37549368755e-24, 8.78890523776e-24, 6.87998885373e-24, 7.70898779067e-24], "var": [0.00031248992309, 0.000256481027463, 9.5730947578e-06, 7.77339948854e-07, 2.82913333649e-07, 7.3818398505e-07, 2.59652597379e-06, 2.18204991853e-08, 2.67132463705e-07, 4.5598923748e-07, 3.00835893086e-07, 7.09719643055e-08, 5.52464030079e-09, 6.96772306519e-10, 1.45839100796e-08, 3.6012066662e-09, 1.54690715792e-09, 3.65252472712e-09, 3.98966637505e-09, 2.12604511773e-09, 1.41206224491e-09, 8.12427458641e-10, 7.21676385318e-10, 3.53314100199e-10, 3.1151314861e-10, 1.87095602899e-10, 7.38757527374e-11, 6.42228145664e-11, 1.9492338299e-10, 1.58647109338e-10, 6.03282077072e-11, 5.85851159252e-11, 3.83261269943e-11, 6.16110218399e-11, 5.14531472984e-11, 2.53190073074e-11, 6.943943337e-11, 1.01737694658e-10, 4.27687607552e-11, 3.7818661397e-11]}, "mfcc": {"mean": [-740.905456543, 97.8586196899, 15.6870479584, 24.973285675, 19.9021205902, 16.0614452362, 11.6176757812, 14.4595746994, 14.2689752579, 14.7098665237, 11.7177228928, 8.34616184235, 1.83696961403], "cov": [[26208.0917969, 974.762207031, 142.480163574, 1236.85644531, 1038.88513184, 428.795959473, -213.95602417, -604.368408203, -718.850708008, -912.351318359, -709.488220215, 26.8606815338, 860.097595215], [974.762207031, 2367.96801758, 64.0441131592, 479.834777832, 324.128356934, 244.815460205, 158.330551147, 158.891326904, 13.6089763641, 59.4563407898, 118.685600281, 174.191116333, 223.847167969], [142.480163574, 64.0441131592, 1311.66894531, 577.896362305, 557.968261719, 390.988006592, 158.004379272, 93.6302871704, 60.8449325562, -44.6236152649, 38.3470535278, 49.7413635254, 128.883209229], [1236.85644531, 479.834777832, 577.896362305, 716.866333008, 509.097625732, 338.87020874, 148.889144897, 37.7500419617, -18.9796161652, -96.2908096313, -54.2925186157, 21.0856609344, 162.631790161], [1038.88513184, 324.128356934, 557.968261719, 509.097625732, 589.510192871, 406.97467041, 237.449081421, 141.470306396, 79.5327987671, -5.56922149658, -17.7128295898, 8.48758983612, 94.0880126953], [428.795959473, 244.815460205, 390.988006592, 338.87020874, 406.97467041, 398.168060303, 278.722259521, 205.630691528, 124.204177856, 56.8807106018, 17.2985076904, -4.23819637299, 31.3582839966], [-213.95602417, 158.330551147, 158.004379272, 148.889144897, 237.449081421, 278.722259521, 366.079864502, 305.58392334, 221.4115448, 173.745101929, 77.2439422607, -20.7554264069, -81.4519424438], [-604.368408203, 158.891326904, 93.6302871704, 37.7500419617, 141.470306396, 205.630691528, 305.58392334, 404.069671631, 304.29510498, 271.728363037, 142.807662964, 6.95730495453, -124.818267822], [-718.850708008, 13.6089763641, 60.8449325562, -18.9796161652, 79.5327987671, 124.204177856, 221.4115448, 304.29510498, 344.231018066, 294.125549316, 163.349853516, -4.01611328125, -160.555923462], [-912.351318359, 59.4563407898, -44.6236152649, -96.2908096313, -5.56922149658, 56.8807106018, 173.745101929, 271.728363037, 294.125549316, 382.959442139, 243.919494629, 69.1589279175, -159.081359863], [-709.488220215, 118.685600281, 38.3470535278, -54.2925186157, -17.7128295898, 17.2985076904, 77.2439422607, 142.807662964, 163.349853516, 243.919494629, 288.489929199, 160.849136353, -40.4076042175], [26.8606815338, 174.191116333, 49.7413635254, 21.0856609344, 8.48758983612, -4.23819637299, -20.7554264069, 6.95730495453, -4.01611328125, 69.1589279175, 160.849136353, 266.734893799, 156.983016968], [860.097595215, 223.847167969, 128.883209229, 162.631790161, 94.0880126953, 31.3582839966, -81.4519424438, -124.818267822, -160.555923462, -159.081359863, -40.4076042175, 156.983016968, 320.769561768]], "icov": [[4.96997672599e-05, 1.67040934684e-06, 6.33623640169e-05, -3.56140408257e-05, -0.000136104310513, 1.30242742671e-05, 4.22079028795e-05, 1.84373511729e-05, 1.33381308842e-06, 1.84281470865e-05, 5.65539849049e-05, -8.96840083442e-06, -6.39696372673e-05], [1.67040934684e-06, 0.000611551397014, 0.000289805961074, -0.000533986894879, -9.26069551497e-05, -9.43337818171e-06, 0.000180801987881, -0.00058677024208, 0.000451214436907, -9.86940649454e-05, -0.000475388398627, 0.000175302862772, -0.00040005883784], [6.33623640169e-05, 0.000289805961074, 0.00171252363361, -0.000758139649406, -0.0010256995447, -0.000666085397825, 0.00096241250867, -0.000385782041121, -0.000352944276528, 0.000926360720769, -0.00113924930338, 0.0001943619136, -0.000171473191585], [-3.56140408257e-05, -0.000533986894879, -0.000758139649406, 0.00472550699487, -0.00285492092371, -0.00016991639859, -0.000386597268516, 0.000866266549565, -5.9138906181e-06, 0.000267124472884, 0.000180825009011, 0.000280349806417, -0.000515082268976], [-0.000136104310513, -9.26069551497e-05, -0.0010256995447, -0.00285492092371, 0.0101254722103, -0.00689054466784, -5.69880503463e-05, 0.00129012798425, -0.00143482547719, -0.000447191152489, 0.00129352486692, -0.000687800347805, 3.99063865189e-05], [1.30242742671e-05, -9.43337818171e-06, -0.000666085397825, -0.00016991639859, -0.00689054466784, 0.0155864311382, -0.006601030007, -0.00171813706402, 0.00120836833958, 0.000202915558475, -0.000344495492755, 0.00115164474119, -0.00142343714833], [4.22079028795e-05, 0.000180801987881, 0.00096241250867, -0.000386597268516, -5.69880503463e-05, -0.006601030007, 0.0130652664229, -0.00643633212894, -9.5602365036e-05, 0.000382568134228, -0.00052697234787, 0.000516671920195, 0.000867741764523], [1.84373511729e-05, -0.00058677024208, -0.000385782041121, 0.000866266549565, 0.00129012798425, -0.00171813706402, -0.00643633212894, 0.013868784532, -0.00660965591669, -0.00215703272261, 0.00178387970664, -0.00119765673298, 6.04056222073e-05], [1.33381308842e-06, 0.000451214436907, -0.000352944276528, -5.9138906181e-06, -0.00143482547719, 0.00120836833958, -9.5602365036e-05, -0.00660965591669, 0.0155858565122, -0.00703931087628, -0.00122377963271, 0.0025353890378, 0.000448079255875], [1.84281470865e-05, -9.86940649454e-05, 0.000926360720769, 0.000267124472884, -0.000447191152489, 0.000202915558475, 0.000382568134228, -0.00215703272261, -0.00703931087628, 0.0154268583283, -0.00647646654397, -0.00213275873102, 0.00323619903065], [5.65539849049e-05, -0.000475388398627, -0.00113924930338, 0.000180825009011, 0.00129352486692, -0.000344495492755, -0.00052697234787, 0.00178387970664, -0.00122377963271, -0.00647646654397, 0.0147699071094, -0.00866476725787, 0.00303737586364], [-8.96840083442e-06, 0.000175302862772, 0.0001943619136, 0.000280349806417, -0.000687800347805, 0.00115164474119, 0.000516671920195, -0.00119765673298, 0.0025353890378, -0.00213275873102, -0.00866476725787, 0.0145440995693, -0.00856217741966], [-6.39696372673e-05, -0.00040005883784, -0.000171473191585, -0.000515082268976, 3.99063865189e-05, -0.00142343714833, 0.000867741764523, 6.04056222073e-05, 0.000448079255875, 0.00323619903065, 0.00303737586364, -0.00856217741966, 0.0106716863811]]}, "spectral_contrast_coeffs": {"dmean": [0.071911111474, 0.0524006746709, 0.0461321100593, 0.0372334718704, 0.0232385378331, 0.0196076110005], "dmean2": [0.111940443516, 0.0826015546918, 0.0724578127265, 0.0595449097455, 0.0376391671598, 0.0329978168011], "dvar": [0.00456245243549, 0.00228155241348, 0.00167552917264, 0.00109104381409, 0.000417624338297, 0.000360886042472], "dvar2": [0.0101706832647, 0.00519907614216, 0.00391425378621, 0.00258403760381, 0.00103952037171, 0.00104043143801], "max": [-0.261587709188, -0.208968624473, -0.250560492277, -0.46743273735, -0.651503562927, -0.610113024712], "mean": [-0.609820663929, -0.655230939388, -0.7121347785, -0.755012989044, -0.805356502533, -0.805884718895], "median": [-0.598678946495, -0.674576997757, -0.73287832737, -0.758517980576, -0.804746687412, -0.803708314896], "min": [-0.985690832138, -0.978624939919, -0.974101066589, -0.971243083477, -0.964620471001, -0.963959217072], "var": [0.0213071797043, 0.0220698732883, 0.0176102537662, 0.00595026975498, 0.00197794195265, 0.00150019233115]}, "spectral_contrast_valleys": {"dmean": [0.823597609997, 0.569832205772, 0.511968851089, 0.532604157925, 0.531271100044, 0.623685061932], "dmean2": [1.23976373672, 0.890252351761, 0.797493934631, 0.794616103172, 0.732502520084, 0.791814625263], "dvar": [0.613179326057, 0.368551075459, 0.315154761076, 0.372832745314, 0.396339476109, 0.510592460632], "dvar2": [1.23769187927, 0.785722494125, 0.683453023434, 0.801728904247, 0.834809780121, 0.954004883766], "max": [-4.87722492218, -4.79713487625, -5.71483039856,