{"lowlevel": {"average_loudness": 0.933872699738, "barkbands_crest": {"dmean": 2.43088078499, "dmean2": 4.01594877243, "dvar": 5.70788145065, "dvar2": 15.3379716873, "max": 25.5618858337, "mean": 10.3861570358, "median": 9.74122142792, "min": 2.20571804047, "var": 15.0176382065}, "barkbands_flatness_db": {"dmean": 0.0193442050368, "dmean2": 0.0309107601643, "dvar": 0.000345916370861, "dvar2": 0.000823793117888, "max": 0.28897896409, "mean": 0.145732536912, "median": 0.139511108398, "min": 0.0445766486228, "var": 0.00173271156382}, "barkbands_kurtosis": {"dmean": 3.44124078751, "dmean2": 5.49122571945, "dvar": 23.9325504303, "dvar2": 59.5469665527, "max": 69.3257293701, "mean": 7.19328594208, "median": 4.9409198761, "min": -1.82816779613, "var": 70.3599624634}, "barkbands_skewness": {"dmean": 0.533747553825, "dmean2": 0.839381039143, "dvar": 0.334394097328, "dvar2": 0.808735013008, "max": 7.42928409576, "mean": 2.2254011631, "median": 2.1618874073, "min": -3.48420143127, "var": 1.21672427654}, "barkbands_spread": {"dmean": 6.79107570648, "dmean2": 10.6801681519, "dvar": 74.7210540771, "dvar2": 176.553710938, "max": 85.8244857788, "mean": 25.7230682373, "median": 22.6813240051, "min": 2.07788085938, "var": 288.923492432}, "dissonance": {"dmean": 0.0203321259469, "dmean2": 0.0335689596832, "dvar": 0.000379312288715, "dvar2": 0.000968128617387, "max": 0.500000059605, "mean": 0.444703906775, "median": 0.45284345746, "min": 0.176683247089, "var": 0.00139729538932}, "dynamic_complexity": 2.55646705627, "erbbands_crest": {"dmean": 1.94830405712, "dmean2": 3.11167764664, "dvar": 3.76633095741, "dvar2": 9.66474342346, "max": 27.9848442078, "mean": 8.43712902069, "median": 7.77885293961, "min": 2.35829091072, "var": 11.2037649155}, "erbbands_flatness_db": {"dmean": 0.0131343342364, "dmean2": 0.0194002892822, "dvar": 0.000195440443349, "dvar2": 0.000403887563152, "max": 0.301371961832, "mean": 0.137517824769, "median": 0.130508244038, "min": 0.0549356751144, "var": 0.00113437161781}, "erbbands_kurtosis": {"dmean": 1.05159687996, "dmean2": 1.62953090668, "dvar": 2.73659515381, "dvar2": 6.06452417374, "max": 36.0743789673, "mean": 0.990946888924, "median": -0.349590778351, "min": -1.8126373291, "var": 11.3968677521}, "erbbands_skewness": {"dmean": 0.359243422747, "dmean2": 0.545565724373, "dvar": 0.157462865114, "dvar2": 0.369299411774, "max": 4.44775676727, "mean": 0.864322662354, "median": 0.852018415928, "min": -3.2864522934, "var": 0.80337870121}, "erbbands_spread": {"dmean": 10.4483394623, "dmean2": 15.7267875671, "dvar": 151.243484497, "dvar2": 323.817657471, "max": 131.073944092, "mean": 60.7258834839, "median": 63.9215316772, "min": 5.19581747055, "var": 722.14465332}, "hfc": {"dmean": 8.45786952972, "dmean2": 12.7731332779, "dvar": 869.17010498, "dvar2": 2426.2199707, "max": 1141.21289062, "mean": 24.7717227936, "median": 20.384223938, "min": 1.15322397568e-16, "var": 809.671813965}, "melbands_crest": {"dmean": 3.13584089279, "dmean2": 5.21584749222, "dvar": 8.84583091736, "dvar2": 24.3867053986, "max": 31.7210445404, "mean": 14.2774953842, "median": 13.3549184799, "min": 3.99425959587, "var": 25.8646907806}, "melbands_flatness_db": {"dmean": 0.023607308045, "dmean2": 0.0369722805917, "dvar": 0.000578990031499, "dvar2": 0.00130736315623, "max": 0.385537415743, "mean": 0.193042814732, "median": 0.187980547547, "min": 0.00903164688498, "var": 0.00337373488583}, "melbands_kurtosis": {"dmean": 9.4746761322, "dmean2": 15.0308532715, "dvar": 186.182647705, "dvar2": 466.181274414, "max": 229.872650146, "mean": 24.4938964844, "median": 19.9943161011, "min": -1.77466273308, "var": 401.291748047}, "melbands_skewness": {"dmean": 0.778914928436, "dmean2": 1.20558750629, "dvar": 0.725524365902, "dvar2": 1.69380497932, "max": 12.9628667831, "mean": 3.78370070457, "median": 3.64303135872, "min": -1.6261497736, "var": 2.40907001495}, "melbands_spread": {"dmean": 6.56594419479, "dmean2": 10.5843849182, "dvar": 119.801239014, "dvar2": 290.436309814, "max": 182.135848999, "mean": 19.8941822052, "median": 14.5927047729, "min": 1.5833479166, "var": 310.46987915}, "pitch_salience": {"dmean": 0.0617774054408, "dmean2": 0.101216569543, "dvar": 0.00345822586678, "dvar2": 0.00906446389854, "max": 0.843062460423, "mean": 0.583265006542, "median": 0.594144642353, "min": 0.170824274421, "var": 0.011233523488}, "silence_rate_20dB": {"dmean": 0, "dmean2": 0, "dvar": 0, "dvar2": 0, "max": 1, "mean": 1, "median": 1, "min": 1, "var": 0}, "silence_rate_30dB": {"dmean": 0.00542082730681, "dmean2": 0.0108432015404, "dvar": 0.00539157819003, "dvar2": 0.0164307504892, "max": 1, "mean": 0.997289955616, "median": 1, "min": 0, "var": 0.00270283594728}, "silence_rate_60dB": {"dmean": 0.00599144073203, "dmean2": 0.0118419174105, "dvar": 0.00595577526838, "dvar2": 0.0131274936721, "max": 1, "mean": 0.0365140475333, "median": 0, "min": 0, "var": 0.0351824164391}, "spectral_centroid": {"dmean": 258.762207031, "dmean2": 408.048370361, "dvar": 119183.320312, "dvar2": 268964.53125, "max": 10319.484375, "mean": 1143.17346191, "median": 966.348022461, "min": 237.313812256, "var": 449693.21875}, "spectral_complexity": {"dmean": 2.66647648811, "dmean2": 4.16421747208, "dvar": 10.530125618, "dvar2": 22.4830989838, "max": 52, "mean": 14.3271999359, "median": 14, "min": 0, "var": 37.8328704834}, "spectral_decrease": {"dmean": 1.99404515122e-09, "dmean2": 3.11243808504e-09, "dvar": 8.48684992374e-18, "dvar2": 1.97538323796e-17, "max": -1.34830575769e-28, "mean": -6.41992992101e-09, "median": -5.35463273721e-09, "min": -4.11956655455e-08, "var": 2.16490222769e-17}, "spectral_energy": {"dmean": 0.00804110057652, "dmean2": 0.012490786612, "dvar": 0.000147425060277, "dvar2": 0.000344540254446, "max": 0.209426164627, "mean": 0.0264771115035, "median": 0.0222988426685, "min": 1.0968952913e-20, "var": 0.000357633602107}, "spectral_energyband_high": {"dmean": 0.000904996122699, "dmean2": 0.00140862562694, "dvar": 1.57828471856e-05, "dvar2": 4.52458116342e-05, "max": 0.162993729115, "mean": 0.00198571942747, "median": 0.00143701361958, "min": 7.72158723093e-21, "var": 1.21510756799e-05}, "spectral_energyband_low": {"dmean": 0.00170598889235, "dmean2": 0.00265642558224, "dvar": 1.1437032299e-05, "dvar2": 2.79993455479e-05, "max": 0.0517939701676, "mean": 0.00322973821312, "median": 0.00154733355157, "min": 1.04473204191e-22, "var": 2.05045889743e-05}, "spectral_energyband_middle_high": {"dmean": 0.000798783963546, "dmean2": 0.00122978456784, "dvar": 6.08256095802e-06, "dvar2": 1.54528843268e-05, "max": 0.0804425179958, "mean": 0.00216562929563, "median": 0.00145920622163, "min": 1.80737752152e-21, "var": 8.65962556418e-06}, "spectral_energyband_middle_low": {"dmean": 0.00675889197737, "dmean2": 0.010746223852, "dvar": 0.000101866404293, "dvar2": 0.000248517520959, "max": 0.152706027031, "mean": 0.0197383761406, "median": 0.0164709817618, "min": 5.38200390452e-22, "var": 0.000237533604377}, "spectral_entropy": {"dmean": 0.184003889561, "dmean2": 0.274935662746, "dvar": 0.0442512147129, "dvar2": 0.089447915554, "max": 9.79717063904, "mean": 7.5291891098, "median": 7.65963220596, "min": 5.72536945343, "var": 0.293191790581}, "spectral_flux": {"dmean": 0.0211592819542, "dmean2": 0.032823972404, "dvar": 0.000716950104106, "dvar2": 0.00150069536176, "max": 0.429327845573, "mean": 0.0687039196491, "median": 0.0595832541585, "min": 1.04732771067e-10, "var": 0.00170016486663}, "spectral_kurtosis": {"dmean": 0.870984971523, "dmean2": 1.35138237476, "dvar": 2.0468556881, "dvar2": 4.30179977417, "max": 32.9516296387, "mean": 2.38345122337, "median": 1.30389785767, "min": -1.22496092319, "var": 8.03398132324}, "spectral_rms": {"dmean": 0.000704582897015, "dmean2": 0.00107355730142, "dvar": 7.23305902284e-07, "dvar2": 1.59329169946e-06, "max": 0.0142939919606, "mean": 0.00477415882051, "median": 0.00466422224417, "min": 3.27130206604e-12, "var": 3.03878709929e-06}, "spectral_rolloff": {"dmean": 726.344787598, "dmean2": 1246.859375, "dvar": 1737263.625, "dvar2": 4153622.75, "max": 18432.421875, "mean": 1705.71655273, "median": 732.12890625, "min": 107.666015625, "var": 3937611}, "spectral_skewness": {"dmean": 0.177650406957, "dmean2": 0.267694026232, "dvar": 0.0580469295382, "dvar2": 0.117936193943, "max": 4.70521306992, "mean": 1.36235105991, "median": 1.17926084995, "min": 0.0522293709219, "var": 0.333755284548}, "spectral_spread": {"dmean": 634891.875, "dmean2": 922270.5625, "dvar": 696635555840, "dvar2": 1218106621950.0, "max": 41694420, "mean": 6977596, "median": 7148135.5, "min": 1452189.125, "var": 2578936758270.0}, "spectral_strongpeak": {"dmean": 0.369056016207, "dmean2": 0.62731385231, "dvar": 0.549355208874, "dvar2": 1.34898543358, "max": 26.0132045746, "mean": 0.886307418346, "median": 0.759926199913, "min": 0, "var": 1.11972856522}, "zerocrossingrate": {"dmean": 0.0129395229742, "dmean2": 0.0154029782861, "dvar": 0.000203769654036, "dvar2": 0.00025224336423, "max": 0.5, "mean": 0.0819051265717, "median": 0.0771484375, "min": 0.01220703125, "var": 0.00183914613444}, "barkbands": {"dmean": [0.000147388869664, 0.000566410075407, 0.0010151170427, 0.00103229261003, 0.0050931321457, 0.0013351571979, 0.00082218676107, 0.000778016459662, 0.00043063837802, 0.000262801244389, 0.000161898860824, 0.000175095206941, 6.69076689519e-05, 3.60726844519e-05, 0.000117608738947, 5.95790879743e-05, 7.14413981768e-05, 7.56007357268e-05, 0.000142786142533, 0.000208664569072, 0.00023184667225, 0.000201702539925, 0.000136016547913, 0.000206100041396, 0.000143650191603, 6.33610034129e-05, 2.06367296585e-08], "dmean2": [0.000249714910751, 0.000869351613801, 0.00160083430819, 0.00172230263706, 0.00848551280797, 0.00198550173081, 0.00116397114471, 0.00121924618725, 0.000643292965833, 0.000409855972975, 0.000236850741203, 0.000259367923718, 0.00011046986765, 6.03200460318e-05, 0.000197305664187, 9.85418519122e-05, 0.000121907913126, 0.000125001781271, 0.000240525550907, 0.000341970298905, 0.000382621743483, 0.00034696169314, 0.000213685911149, 0.000330847251462, 0.000219825829845, 9.73756614258e-05, 3.62846463986e-08], "dvar": [9.62496073953e-08, 1.39891051276e-06, 4.39591121904e-06, 6.22802781436e-06, 7.97391767264e-05, 3.86075635106e-06, 1.75928994395e-06, 1.98568636733e-06, 7.77109562478e-07, 3.74647925128e-07, 3.83216843147e-07, 2.66765738388e-07, 3.5680240984e-08, 5.85184034563e-09, 4.45232501534e-07, 6.69027429012e-08, 6.96254076615e-08, 1.0234110448e-07, 1.21490700167e-06, 7.61409012284e-07, 9.14667566576e-07, 3.82343387173e-06, 1.14785997596e-07, 8.35453363379e-07, 2.09126000073e-07, 6.8421229571e-08, 9.03408156795e-15], "dvar2": [2.44270268013e-07, 3.26451163346e-06, 1.06665775093e-05, 1.76112589543e-05, 0.000208458310226, 8.60322961671e-06, 3.68079781765e-06, 4.99253201269e-06, 1.77247295596e-06, 8.87442467956e-07, 8.19512990802e-07, 5.80198957323e-07, 9.61181712e-08, 1.58226267644e-08, 1.11778058454e-06, 1.70066030591e-07, 1.90886979112e-07, 2.43766123731e-07, 3.25001497004e-06, 2.11419023799e-06, 2.57324791164e-06, 1.13644618978e-05, 2.96376612141e-07, 2.3830682494e-06, 5.5212154848e-07, 1.90805664602e-07, 2.48913049054e-14], "max": [0.00487637193874, 0.0205667093396, 0.0314137861133, 0.0539438687265, 0.13235142827, 0.036628715694, 0.0303979907185, 0.0280207842588, 0.0223584044725, 0.0164981111884, 0.0318827405572, 0.0290098208934, 0.00398327596486, 0.00255466857925, 0.0289142727852, 0.00973679870367, 0.00954001769423, 0.0165395941585, 0.0497367270291, 0.0263402424753, 0.0311716105789, 0.10107216239, 0.00869051553309, 0.0382137186825, 0.0223264824599, 0.00873424392194, 2.57009378402e-06], "mean": [0.000154483292135, 0.00105819967575, 0.00146113708615, 0.00173353531864, 0.0088494438678, 0.00394594715908, 0.00237897830084, 0.00163894891739, 0.0010138945654, 0.000623215280939, 0.000309175811708, 0.000305049441522, 0.000104533748527, 5.80260566494e-05, 0.000184196702321, 8.40225038701e-05, 0.000117450013931, 0.00012629388948, 0.000189285870874, 0.000357978686225, 0.000422486220486, 0.000302800006466, 0.000276913866401, 0.000378169614123, 0.000313817348797, 8.91905510798e-05, 1.51659200753e-08], "median": [5.48442912987e-05, 0.000356294651283, 0.000538423191756, 0.000651207461488, 0.00540891755372, 0.00260439096019, 0.0013383498881, 0.000867693044711, 0.000425630860263, 0.000214542014874, 3.81184436264e-05, 9.67260421021e-05, 4.84592819703e-05, 3.1460855098e-05, 7.69545295043e-05, 3.99741220463e-05, 6.75333358231e-05, 5.05283242092e-05, 7.46709192754e-05, 0.000159611925483, 0.000233861355809, 0.00017910641327, 0.000193818312255, 0.000263560534222, 0.0001989252778, 3.35453805747e-05, 1.38025779695e-09], "min": [2.40140682255e-23, 1.57760032586e-23, 2.15389303607e-23, 1.22910158345e-22, 8.96017814211e-23, 8.47272584265e-23, 9.55272754008e-23, 8.13725864062e-23, 6.36997355466e-23, 5.14664498153e-23, 8.40694178513e-23, 6.47771302165e-23, 1.44908926771e-22, 1.36650121073e-22, 2.53370132071e-22, 1.56451085153e-22, 1.81326292875e-22, 2.58875421935e-22, 3.25628099672e-22, 3.55712099153e-22, 5.64822540116e-22, 4.53419325401e-22, 5.44085721946e-22, 8.76163598866e-22, 1.06977697463e-21, 1.7146668519e-21, 2.46698539758e-21], "var": [9.95099327383e-08, 2.96769735542e-06, 6.70880262987e-06, 8.66069876793e-06, 0.000116308045108, 1.72260570253e-05, 7.70068163547e-06, 4.19674142904e-06, 2.43423301072e-06, 1.15531065603e-06, 8.33790636534e-07, 4.66098498464e-07, 3.96680981396e-08, 7.32233873535e-09, 5.14909686444e-07, 6.98573074942e-08, 5.81270711564e-08, 2.66713101382e-07, 1.02564001736e-06, 7.0927347906e-07, 1.03854915778e-06, 2.04940670301e-06, 1.44087437093e-07, 5.88455350226e-07, 2.19532111601e-07, 4.96530567773e-08, 5.84921693397e-15]}, "erbbands": {"dmean": [0.00829715561122, 0.17102098465, 1.10211372375, 2.0517475605, 14.1518964767, 15.1497592926, 13.0849971771, 10.5230503082, 11.4988155365, 13.4674901962, 16.7816314697, 9.54407691956, 9.02539825439, 6.68242788315, 7.30900144577, 5.1816778183, 3.03966522217, 2.02165603638, 2.85361027718, 6.78096914291, 3.33927369118, 3.6069009304, 3.55160784721, 5.5641040802, 8.44627285004, 10.0643215179, 9.33493041992, 9.09872055054, 7.4456372261, 5.49085426331, 4.03600025177, 3.56451201439, 4.17426204681, 1.96680104733, 0.874627947807, 0.372012734413, 0.100513026118, 0.006781719625, 0.000141890777741, 1.63855020219e-05], "dmean2": [0.0127760423347, 0.261638760567, 1.70634257793, 3.36909079552, 23.1547546387, 25.8503513336, 21.3386821747, 15.1380147934, 16.0125255585, 19.9744167328, 26.2316532135, 14.2730808258, 13.9339923859, 10.1245965958, 10.6867589951, 7.74252557755, 4.99454593658, 3.35209083557, 4.66402482986, 11.4184341431, 5.55627155304, 6.11494016647, 5.9070725441, 9.23966598511, 14.3455648422, 16.4272022247, 15.5062456131, 15.0646648407, 13.0382165909, 9.02319145203, 6.28155994415, 5.81651210785, 6.70806837082, 3.08807063103, 1.33208179474, 0.576451838017, 0.152066916227, 0.0102950474247, 0.000211244216189, 2.42511723627e-05], "dvar": [0.00022259032994, 0.129427671432, 5.14823198318, 22.1926193237, 769.854309082, 723.35333252, 407.921051025, 301.550109863, 309.859375, 726.51763916, 891.031738281, 428.123168945, 364.100952148, 350.361938477, 412.348907471, 220.690963745, 72.9016418457, 20.5876064301, 139.572113037, 1547.2130127, 115.331359863, 215.703567505, 173.274932861, 1203.86450195, 4584.77392578, 2231.9465332, 2060.53271484, 1203.82666016, 11220.8193359, 201.515518188, 123.855819702, 451.15826416, 319.569213867, 36.1201210022, 5.79727077484, 3.09337425232, 0.119338139892, 0.000327229528921, 1.49141399675e-07, 1.37904865305e-09], "dvar2": [0.000483394105686, 0.30517667532, 12.3290309906, 61.7244033813, 1856.4753418, 1995.25878906, 1095.07495117, 660.015563965, 620.962646484, 1619.15283203, 2208.53100586, 968.224121094, 844.144714355, 829.118469238, 894.19354248, 497.888671875, 196.744918823, 55.2519645691, 287.496246338, 4180.87353516, 288.229370117, 584.388671875, 464.570343018, 3039.27832031, 12630.7246094, 6257.65625, 5834.00390625, 3412.84057617, 33443.3671875, 556.261047363, 320.200500488, 1328.33044434, 884.526672363, 95.689994812, 14.745716095, 8.70770645142, 0.317282348871, 0.000835015263874, 3.82987906278e-07, 3.49684969869e-09], "max": [0.198589250445, 6.41797971725, 34.9256744385, 108.697097778, 374.565460205, 373.569458008, 301.597106934, 407.352996826, 379.611297607, 771.870178223, 581.387023926, 589.378356934, 569.049865723, 586.521240234, 956.298400879, 822.724304199, 179.535919189, 114.543037415, 685.900146484, 1305.22924805, 321.852478027, 479.643218994, 354.342376709, 1804.34375, 2444.48144531, 1555.80383301, 1706.2076416, 1281.47106934, 5533.09228516, 387.548736572, 313.115539551, 1142.24060059, 693.993469238, 293.147674561, 66.359161377, 62.7532997131, 10.0411653519, 0.559655964375, 0.0115400739014, 0.00109851744492], "mean": [0.0176152512431, 0.300851345062, 1.67313158512, 3.81517982483, 20.8689842224, 27.9140968323, 27.4986896515, 32.2421989441, 36.431060791, 33.5966720581, 37.2632789612, 23.9942264557, 20.7564468384, 16.8716545105, 14.6519212723, 9.61668968201, 5.06632471085, 3.40226912498, 5.05935239792, 9.79449462891, 5.7475810051, 5.92461919785, 5.93386220932, 9.02761554718, 11.7727518082, 17.0082912445, 15.1520671844, 17.2210178375, 10.0805139542, 10.5439338684, 8.0890378952, 7.03115177155, 7.12004518509, 4.16459178925, 1.80178129673, 0.576019585133, 0.132379040122, 0.00887053553015, 0.000216786167584, 4.74803164252e-05], "median": [0.00437890412286, 0.106134839356, 0.623655617237, 1.8429350853, 9.6236410141, 14.9310216904, 17.229637146, 20.1167526245, 21.9920921326, 18.5270290375, 20.6380176544, 11.4095573425, 9.13698101044, 5.52400922775, 5.6861948967, 3.91789031029, 2.4930036068, 1.88827455044, 2.54974937439, 3.88177371025, 3.18879699707, 3.58298611641, 3.03246903419, 3.32905769348, 5.34040975571, 7.1277012825, 6.69925785065, 9.93025684357, 5.34315109253, 7.28182268143, 5.53188323975, 5.04592132568, 4.72973299026, 2.89799523354, 0.961701989174, 0.235642492771, 0.0411728583276, 0.0028460258618, 9.23563493416e-05, 3.81958197977e-05], "min": [3.91850284227e-22, 3.84099419124e-21, 1.79253706123e-20, 2.44324673572e-19, 4.90991509048e-19, 1.62966187051e-19, 1.38800868012e-19, 8.66470657674e-19, 1.86284941016e-18, 6.80100351618e-19, 2.08312843447e-18, 1.53935964871e-18, 1.01897101957e-18, 3.16092636785e-18, 3.56837361731e-18, 2.96733094934e-18, 5.56904682716e-18, 5.86839025596e-18, 1.34504356977e-17, 8.95632289784e-18, 9.37398955017e-18, 1.17884412499e-17, 1.30503648313e-17, 1.46049904085e-17, 1.75257899668e-17, 1.39079203432e-17, 2.05352103472e-17, 2.44604073469e-17, 1.44090792978e-17, 1.6696579453e-17, 1.56965577971e-17, 1.8229101937e-17, 1.4085613628e-17, 1.16540856117e-17, 8.6689405007e-18, 5.72746597654e-18, 2.97285568865e-18, 1.66236926401e-18, 3.14067140299e-19, 3.32968178522e-20], "var": [0.000826778414194, 0.24324016273, 8.13868713379, 32.461479187, 1153.12121582, 1146.40026855, 1011.72106934, 1298.21289062, 1567.31445312, 2186.1574707, 2086.94604492, 1406.12597656, 934.030517578, 1057.97009277, 842.395507812, 379.112670898, 83.2227096558, 25.6585731506, 215.137985229, 1559.90014648, 143.121841431, 179.782913208, 181.145355225, 1856.56958008, 3361.88818359, 1966.9576416, 1796.78601074, 1363.71813965, 5851.23779297, 204.612762451, 147.977783203, 277.986358643, 240.972579956, 36.8684387207, 7.27798175812, 2.15810060501, 0.102812133729, 0.000338514219038, 1.53968315431e-07, 1.82752124545e-09]}, "gfcc": {"mean": [12.6913585663, 66.7336273193, -87.8033065796, 33.3673629761, -95.6433105469, 7.93078947067, -53.9907646179, 8.91185855865, -33.8575515747, 2.96276140213, -22.3298301697, -2.36052203178, -9.35914802551], "cov": [[4049.59667969, -815.410888672, 36.9524688721, 124.768608093, -331.447937012, 48.8882675171, -64.2940063477, 43.5216712952, -241.228286743, -15.3172655106, -174.632797241, 79.1673202515, 68.8615341187], [-815.410888672, 890.727661133, 93.2874832153, -259.448669434, 106.509338379, -14.2674150467, 106.749526978, -43.4353103638, 74.2285232544, -47.7602233887, 101.554878235, -31.8927631378, 9.0799074173], [36.9524688721, 93.2874832153, 338.128967285, -22.2968864441, 33.3923873901, 38.7033538818, 34.0233917236, 10.9918260574, -3.34295296669, 12.5822143555, -39.1025123596, 20.9019832611, -25.7677268982], [124.768608093, -259.448669434, -22.2968864441, 452.291229248, 89.7080841064, 84.8245544434, 4.9701256752, 45.2717285156, 24.2037353516, 12.1188983917, -6.23947811127, -48.13697052, 3.71657013893], [-331.447937012, 106.509338379, 33.3923873901, 89.7080841064, 243.63734436, 76.5252532959, 34.023891449, 1.23360836506, 21.0380210876, 6.87551927567, 3.73396754265, -17.067237854, -42.318901062], [48.8882675171, -14.2674150467, 38.7033538818, 84.8245544434, 76.5252532959, 188.878173828, 73.4058151245, 45.531917572, 25.4765987396, 26.0713539124, 14.8156747818, 14.9283981323, 3.75405335426], [-64.2940063477, 106.749526978, 34.0233917236, 4.9701256752, 34.023891449, 73.4058151245, 125.750312805, 55.4516639709, 16.5897254944, 11.4537210464, 29.3525238037, 12.6858682632, -0.872284173965], [43.5216712952, -43.4353103638, 10.9918260574, 45.2717285156, 1.23360836506, 45.531917572, 55.4516639709, 118.049057007, 51.4405136108, 27.0509376526, 13.1137094498, 19.4712314606, 8.45657062531], [-241.228286743, 74.2285232544, -3.34295296669, 24.2037353516, 21.0380210876, 25.4765987396, 16.5897254944, 51.4405136108, 122.508369446, 55.7869911194, 27.3623638153, 4.04031944275, 9.38112545013], [-15.3172655106, -47.7602233887, 12.5822143555, 12.1188983917, 6.87551927567, 26.0713539124, 11.4537210464, 27.0509376526, 55.7869911194, 102.486831665, 39.6753921509, 22.3059024811, -0.869198799133], [-174.632797241, 101.554878235, -39.1025123596, -6.23947811127, 3.73396754265, 14.8156747818, 29.3525238037, 13.1137094498, 27.3623638153, 39.6753921509, 104.494674683, 23.3135414124, 9.96869277954], [79.1673202515, -31.8927631378, 20.9019832611, -48.13697052, -17.067237854, 14.9283981323, 12.6858682632, 19.4712314606, 4.04031944275, 22.3059024811, 23.3135414124, 84.3010177612, 20.8299121857], [68.8615341187, 9.0799074173, -25.7677268982, 3.71657013893, -42.318901062, 3.75405335426, -0.872284173965, 8.45657062531, 9.38112545013, -0.869198799133, 9.96869277954, 20.8299121857, 72.6075973511]], "icov": [[0.000417744973674, -9.94202418951e-05, 9.65004073805e-05, -0.000258625281276, 0.000633982825093, -0.000365982559742, 0.000280344625935, -0.000485862372443, 0.00122374203056, -0.000732725544367, 0.000886761117727, -0.000435596622992, -5.1547842304e-05], [-9.94202418951e-05, 0.00552410027012, -0.00257464754395, 0.00371382106096, -0.00325394491665, 0.00162367546, -0.00461081275716, 0.00395519705489, -0.00658470392227, 0.00696562975645, -0.00731418468058, 0.00519801676273, -0.00374975334853], [9.65004073805e-05, -0.00257464754395, 0.00480329571292, -0.00160840142053, 0.00140775553882, -0.00112208852079, 0.00096554873744, -0.00150601286441, 0.0032398821786, -0.00422459421679, 0.00572258327156, -0.00383108784445, 0.00292715826072], [-0.000258625281276, 0.00371382106096, -0.00160840142053, 0.00564554566517, -0.00346234929748, -2.83466961264e-05, -0.00179864547681, 0.00103892129846, -0.00425609061494, 0.00444545596838, -0.00537330517545, 0.00601391959935, -0.00362253375351], [0.000633982825093, -0.00325394491665, 0.00140775553882, -0.00346234929748, 0.00870279595256, -0.00336539838463, 0.00200096750632, -0.000994723755866, 0.00363698694855, -0.00395577214658, 0.0051271035336, -0.00383144849911, 0.00574672734365], [-0.000365982559742, 0.00162367546, -0.00112208852079, -2.83466961264e-05, -0.00336539838463, 0.0094400672242, -0.00573172047734, 0.00119243690278, -0.00275133713149, 0.00113236671314, -0.00194277113769, 0.000414946145611, -0.00239331182092], [0.000280344625935, -0.00461081275716, 0.00096554873744, -0.00179864547681, 0.00200096750632, -0.00573172047734, 0.0181811172515, -0.00985670555383, 0.0076778777875, -0.00446937792003, 0.00210219132714, -0.00283455173485, 0.00305353710428], [-0.000485862372443, 0.00395519705489, -0.00150601286441, 0.00103892129846, -0.000994723755866, 0.00119243690278, -0.00985670555383, 0.0182931926101, -0.0116139044985, 0.00559896649793, -0.00381920998916, 0.000265792099526, -0.00149621732999], [0.00122374203056, -0.00658470392227, 0.0032398821786, -0.00425609061494, 0.00363698694855, -0.00275133713149, 0.0076778777875, -0.0116139044985, 0.0246389005333, -0.0163386035711, 0.00947151333094, -0.00389047618955, 0.00117415841669], [-0.000732725544367, 0.00696562975645, -0.00422459421679, 0.00444545596838, -0.00395577214658, 0.00113236671314, -0.00446937792003, 0.00559896649793, -0.0163386035711, 0.0257333945483, -0.0149628361687, 0.00379141489975, -0.00158723385539], [0.000886761117727, -0.00731418468058, 0.00572258327156, -0.00537330517545, 0.0051271035336, -0.00194277113769, 0.00210219132714, -0.00381920998916, 0.00947151333094, -0.0149628361687, 0.0251352265477, -0.010604842566, 0.00412694877014], [-0.000435596622992, 0.00519801676273, -0.00383108784445, 0.00601391959935, -0.00383144849911, 0.000414946145611, -0.00283455173485, 0.000265792099526, -0.00389047618955, 0.00379141489975, -0.010604842566, 0.0223893932998, -0.00864306278527], [-5.1547842304e-05, -0.00374975334853, 0.00292715826072, -0.00362253375351, 0.00574672734365, -0.00239331182092, 0.00305353710428, -0.00149621732999, 0.00117415841669, -0.00158723385539, 0.00412694877014, -0.00864306278527, 0.0209410917014]]}, "melbands": {"dmean": [0.00011042834376, 0.000442435557488, 0.000604467000812, 0.00126101949718, 0.000438068382209, 0.000235789208091, 0.000175094319275, 0.000152944194269, 0.000124900456285, 5.82698667131e-05, 4.57733258372e-05, 2.86591475742e-05, 2.61761306319e-05, 2.40357949224e-05, 6.5663980422e-06, 6.1795358306e-06, 3.53617133442e-06, 3.70598445443e-06, 9.72285488388e-06, 6.13112115389e-06, 4.09956146541e-06, 3.90852119381e-06, 3.85484554499e-06, 3.71630835616e-06, 4.70734175906e-06, 5.91452953813e-06, 6.82632980897e-06, 7.13940471542e-06, 5.86464511798e-06, 6.57112013869e-06, 5.00382020618e-06, 4.78030324302e-06, 3.59179330189e-06, 2.85409964818e-06, 2.38376401285e-06, 2.40003896579e-06, 2.21064942707e-06, 3.16727414429e-06, 2.48104811362e-06, 1.50356072481e-06], "dmean2": [0.000170534476638, 0.000679993594531, 0.000954815826844, 0.00212130090222, 0.000719463685527, 0.00033949551289, 0.000244083770667, 0.000229944213061, 0.000194891486899, 8.71526062838e-05, 7.06639475538e-05, 4.36867085227e-05, 3.81204954465e-05, 3.55652009603e-05, 1.06822153612e-05, 1.02923240775e-05, 5.88252714806e-06, 6.04139540883e-06, 1.64858629432e-05, 1.02079875433e-05, 6.93343508829e-06, 6.66899768476e-06, 6.52351218378e-06, 6.23524556431e-06, 7.81808466854e-06, 9.94955189526e-06, 1.15529355753e-05, 1.16151650218e-05, 9.69168104348e-06, 1.09814354801e-05, 8.35436094349e-06, 8.51683125802e-06, 6.10633605902e-06, 4.66553456135e-06, 3.73325542569e-06, 3.87640739063e-06, 3.65544451597e-06, 5.15173906024e-06, 3.98830297854e-06, 2.3827719815e-06], "dvar": [4.66027358925e-08, 8.30854105516e-07, 1.37535471367e-06, 5.57711064175e-06, 4.22030780101e-07, 1.40520100445e-07, 6.97646811432e-08, 8.09022608905e-08, 4.67174814389e-08, 1.50154839673e-08, 9.30754318063e-09, 6.32422425539e-09, 7.63584040442e-09, 5.73115777058e-09, 3.11668357789e-10, 2.7151841886e-10, 6.18145881703e-11, 1.40634476287e-10, 3.76899178534e-09, 1.02633734844e-09, 1.27021310137e-10, 2.15595333253e-10, 3.20781512464e-10, 2.00327046618e-10, 8.74680050611e-10, 2.33481856071e-09, 1.78759396174e-09, 1.09450015717e-09, 6.11540207363e-10, 9.7385188802e-10, 3.75949327225e-10, 6.2516316568e-09, 2.805373156e-10, 3.80690687307e-11, 3.84389256536e-11, 8.98936272642e-11, 1.75088249454e-10, 1.91607466005e-10, 1.2394579807e-10, 1.21496068414e-11], "dvar2": [1.05527107053e-07, 1.97288022719e-06, 3.31846786139e-06, 1.48926601469e-05, 1.13966302706e-06, 3.06241503267e-07, 1.39901302987e-07, 1.89583474253e-07, 1.15267127399e-07, 3.44321335888e-08, 2.15210924637e-08, 1.49882186662e-08, 1.61172106772e-08, 1.2633032398e-08, 8.19162904175e-10, 7.43608674636e-10, 1.66437780225e-10, 2.78704309631e-10, 9.86012871351e-09, 2.71867173218e-09, 3.31872973547e-10, 5.82050574405e-10, 8.84648521104e-10, 5.18368681313e-10, 2.21989160387e-09, 6.23454621262e-09, 5.05600938894e-09, 3.03460723217e-09, 1.70802127997e-09, 2.70283129211e-09, 1.08432340884e-09, 1.86426110105e-08, 8.15407130705e-10, 1.01806195418e-10, 9.70648283971e-11, 2.59144705694e-10, 5.14303877264e-10, 5.30887889205e-10, 3.36991379246e-10, 3.18084239503e-11], "max": [0.00347738992423, 0.0150742605329, 0.0191518999636, 0.0358620434999, 0.0097969789058, 0.00842987466604, 0.00568731548265, 0.00712665775791, 0.00387669424526, 0.00333700887859, 0.0028391701635, 0.00256708613597, 0.00443670433015, 0.00435930769891, 0.000527775031514, 0.000424591300543, 0.000188260295545, 0.000722122669686, 0.00235997582786, 0.000883772911038, 0.000303892767988, 0.000549246673472, 0.000768242171034, 0.000558045052458, 0.00154143490363, 0.00201339274645, 0.00129223498516, 0.0012236594921, 0.000731305743102, 0.00118945958093, 0.00067413575016, 0.0042575057596, 0.000522729067598, 0.000135719892569, 0.000172583590029, 0.000434663612396, 0.000715514761396, 0.000504028983414, 0.000618626479991, 0.000104557664599], "mean": [0.000224983537919, 0.000701340672094, 0.00104602961801, 0.00202425243333, 0.000952342874371, 0.000725924444851, 0.00055907497881, 0.000365567015251, 0.000283122004475, 0.000138491101097, 0.000103337450128, 7.12859109626e-05, 5.19301829627e-05, 4.13071975345e-05, 1.08308504423e-05, 9.85534552456e-06, 5.60470425626e-06, 6.34947537037e-06, 1.45644862641e-05, 8.30776025396e-06, 6.91593277224e-06, 6.15568751527e-06, 5.57261137146e-06, 5.98074484515e-06, 7.34521790946e-06, 7.52760161049e-06, 9.85397127806e-06, 1.19489604913e-05, 8.88165777724e-06, 1.10870396384e-05, 8.89523744263e-06, 5.47155559616e-06, 5.9239841903e-06, 5.46359115106e-06, 4.39666928287e-06, 4.68721964353e-06, 4.04956381317e-06, 5.01174781675e-06, 4.55533700006e-06, 3.16098817166e-06], "median": [7.5986594311e-05, 0.000265761569608, 0.000504494353663, 0.00103091052733, 0.000660342629999, 0.000456804176793, 0.00034788166522, 0.000212526865653, 0.000154789187945, 5.89020091866e-05, 4.23045275966e-05, 2.15643322008e-05, 1.39109570227e-05, 1.18217885756e-05, 4.67060272058e-06, 5.2433260862e-06, 2.91339688374e-06, 3.38524228027e-06, 5.46485898667e-06, 3.32093623001e-06, 3.49187735083e-06, 3.46670549334e-06, 2.85681880996e-06, 2.41812176682e-06, 2.44916031988e-06, 2.94967207992e-06, 4.69592623631e-06, 4.08712276112e-06, 3.01394334201e-06, 5.65294112675e-06, 4.95360109198e-06, 2.09442646337e-06, 3.6468302369e-06, 3.70349584955e-06, 2.72517718258e-06, 3.2822324556e-06, 2.68354051514e-06, 3.09732763526e-06, 2.99662269754e-06, 2.14232909457e-06], "min": [5.09802740506e-24, 7.83539565099e-24, 5.09574231167e-23, 2.57001495476e-23, 3.43509560065e-24, 2.04603224227e-23, 2.60734685047e-23, 8.28113677232e-24, 1.55594877614e-23, 9.85012747026e-24, 4.83492099392e-24, 1.23833625742e-23, 1.2794187923e-23, 7.45566719907e-24, 1.0427181589e-23, 1.29348418224e-23, 9.95798526639e-24, 2.16223555569e-23, 1.75087504364e-23, 7.1296499196e-24, 1.24768047261e-23, 1.13550074424e-23, 1.14526684225e-23, 1.28187964389e-23, 1.13899137486e-23, 1.42151977814e-23, 1.02823080726e-23, 8.96247593616e-24, 1.37437634604e-23, 1.37901453262e-23, 1.35483215934e-23, 7.40369230947e-24, 9.21080856026e-24, 9.10908257995e-24, 7.57848968657e-24, 1.39235748374e-23, 9.53774407382e-24, 1.00034954409e-23, 9.83565739468e-24, 9.36909192317e-24], "var": [1.24084579056e-07, 1.37410825118e-06, 2.42027113018e-06, 7.68344580138e-06, 1.01678574538e-06, 6.30504587207e-07, 3.56205077878e-07, 2.09194865874e-07, 1.16847317599e-07, 4.62049136729e-08, 2.4459659187e-08, 2.01852934367e-08, 1.70523382081e-08, 9.56910639616e-09, 4.09310751959e-10, 2.78874812132e-10, 7.79235009851e-11, 2.30568564241e-10, 4.04051636593e-09, 1.04115360777e-09, 1.61821167577e-10, 1.87232285231e-10, 2.37381780899e-10, 3.86717768919e-10, 1.36927336136e-09, 1.88740800766e-09, 1.25595955858e-09, 1.06275810374e-09, 5.60340662759e-10, 1.39925793174e-09, 3.0966684772e-10, 3.23495430443e-09, 1.83359438743e-10, 4.68427865941e-11, 4.66405733479e-11, 7.18924295096e-11, 1.06406002065e-10, 1.42175049511e-10, 9.67428498422e-11, 1.57989159949e-11]}, "mfcc": {"mean": [-635.50958252, 94.5529098511, 45.028793335, 17.5938472748, -9.94341564178, -10.4553279877, -9.97309494019, -8.51249694824, -3.84640073776, -3.21576428413, -9.04816436768, -4.33184957504, -1.98588263988], "cov": [[3822.96801758, -962.677246094, 124.630958557, -4.20872116089, -179.424942017, -67.8960266113, 54.4013252258, -35.3562431335, 56.8690757751, -106.90499115, -161.970825195, -74.3845596313, -93.8881225586], [-962.677246094, 1070.52636719, 28.0646305084, -202.394836426, -42.6971931458, -24.4836921692, 13.132692337, 21.6206474304, -63.2461662292, 36.6486358643, -2.14297747612, -23.554353714, 56.600692749], [124.630958557, 28.0646305084, 273.029022217, 5.20867776871, -25.6241054535, 15.3382139206, 6.99760770798, 16.7339706421, 33.8676185608, -4.55376911163, 4.10894489288, 9.39911842346, -11.0386676788], [-4.20872116089, -202.394836426, 5.20867776871, 241.224594116, 98.5210113525, 38.07629776, 24.7915210724, 11.3834667206, 24.1688137054, 23.3424663544, 17.395236969, 11.6400213242, -14.5613431931], [-179.424942017, -42.6971931458, -25.6241054535, 98.5210113525, 182.377868652, 88.2675628662, 18.9660816193, 20.9815101624, 22.8858642578, 24.481306076, 20.5417633057, 9.77372932434, 7.14781951904], [-67.8960266113, -24.4836921692, 15.3382139206, 38.07629776, 88.2675628662, 155.948699951, 57.1185493469, 25.7785263062, 26.5560512543, 13.437078476, 27.5121631622, 25.5659885406, 9.76297569275], [54.4013252258, 13.132692337, 6.99760770798, 24.7915210724, 18.9660816193, 57.1185493469, 138.257553101, 55.0421257019, 3.43591928482, 11.2821903229, 12.8860492706, 15.0565595627, -0.482475340366], [-35.3562431335, 21.6206474304, 16.7339706421, 11.3834667206, 20.9815101624, 25.7785263062, 55.0421257019, 118.247344971, 42.3761978149, 4.2268075943, 31.1688766479, 14.3103742599, -1.44509840012], [56.8690757751, -63.2461662292, 33.8676185608, 24.1688137054, 22.8858642578, 26.5560512543, 3.43591928482, 42.3761978149, 102.266395569, 26.0396156311, 18.8543491364, 16.4945354462, -7.2912735939], [-106.90499115, 36.6486358643, -4.55376911163, 23.3424663544, 24.481306076, 13.437078476, 11.2821903229, 4.2268075943, 26.0396156311, 87.9772491455, 34.6824150085, 9.17757034302, 13.289645195], [-161.970825195, -2.14297747612, 4.10894489288, 17.395236969, 20.5417633057, 27.5121631622, 12.8860492706, 31.1688766479, 18.8543491364, 34.6824150085, 108.555587769, 49.2900543213, 8.84470081329], [-74.3845596313, -23.554353714, 9.39911842346, 11.6400213242, 9.77372932434, 25.5659885406, 15.0565595627, 14.3103742599, 16.4945354462, 9.17757034302, 49.2900543213, 90.1725769043, 27.9580287933], [-93.8881225586, 56.600692749, -11.0386676788, -14.5613431931, 7.14781951904, 9.76297569275, -0.482475340366, -1.44509840012, -7.2912735939, 13.289645195, 8.84470081329, 27.9580287933, 83.5941314697]], "icov": [[0.000437322421931, 0.000458462513052, -0.000211815800867, 0.000269766896963, 0.000298717874102, 0.000103963444417, -0.000449231010862, 0.000105958650238, -0.000217664317461, 6.28356137895e-05, 0.000476691260701, 0.000236034800764, 2.97772066915e-06], [0.000458462513052, 0.00180281372741, -0.000582027307246, 0.0015064367326, -8.62344095367e-05, 0.000268877425697, -0.000518834567629, -0.000595131365117, 0.00092084769858, -0.00104047893547, 0.000626152730547, 0.000604603032116, -0.00058023550082], [-0.000211815800867, -0.000582027307246, 0.00423573562875, -0.000828447053209, 0.00125518452842, -0.000965462997556, 0.000362467835657, -3.6525518226e-05, -0.00150712020695, 0.000661738507915, -0.000175881097675, -0.000430140993558, 0.000503913441207], [0.000269766896963, 0.0015064367326, -0.000828447053209, 0.00704216537997, -0.00371032394469, 0.0013462563511, -0.00148014060687, 0.000220925459871, 0.000272575271083, -0.00151206587907, 0.000316633697366, -0.000320117571391, 0.00089330348419], [0.000298717874102, -8.62344095367e-05, 0.00125518452842, -0.00371032394469, 0.0107519971207, -0.00574181042612, 0.00188184448052, -0.00141462043393, -0.000191130966414, -0.00101860170253, 0.000567384413444, 0.000954033399466, -0.000582878536079], [0.000103963444417, 0.000268877425697, -0.000965462997556, 0.0013462563511, -0.00574181042612, 0.0117206517607, -0.00497221248224, 0.00205160700716, -0.00236723851413, 0.00147960486356, -0.00157413643319, -0.000700524484273, -0.000870259711519], [-0.000449231010862, -0.000518834567629, 0.000362467835657, -0.00148014060687, 0.00188184448052, -0.00497221248224, 0.0122917313129, -0.00653607025743, 0.00414312817156, -0.00290844892152, 0.00191080803052, -0.00208161282353, 0.00133230839856], [0.000105958650238, -0.000595131365117, -3.6525518226e-05, 0.000220925459871, -0.00141462043393, 0.00205160700716, -0.00653607025743, 0.0148277217522, -0.00723914196715, 0.00437935767695, -0.00452263886109, 0.00181605480611, -0.000800917798188], [-0.000217664317461, 0.00092084769858, -0.00150712020695, 0.000272575271083, -0.000191130966414, -0.00236723851413, 0.00414312817156, -0.00723914196715, 0.0162581596524, -0.00632520345971, 0.00228691915981, -0.00297687668353, 0.00234937295318], [6.28356137895e-05, -0.00104047893547, 0.000661738507915, -0.00151206587907, -0.00101860170253, 0.00147960486356, -0.00290844892152, 0.00437935767695, -0.00632520345971, 0.0170476213098, -0.00637875590473, 0.00325911282562, -0.00310472398996], [0.000476691260701, 0.000626152730547, -0.000175881097675, 0.000316633697366, 0.000567384413444, -0.00157413643319, 0.00191080803052, -0.00452263886109, 0.00228691915981, -0.00637875590473, 0.0164084043354, -0.00817143917084, 0.00242192717269], [0.000236034800764, 0.000604603032116, -0.000430140993558, -0.000320117571391, 0.000954033399466, -0.000700524484273, -0.00208161282353, 0.00181605480611, -0.00297687668353, 0.00325911282562, -0.00817143917084, 0.0183077994734, -0.00627344707027], [2.97772066915e-06, -0.00058023550082, 0.000503913441207, 0.00089330348419, -0.000582878536079, -0.000870259711519, 0.00133230839856, -0.000800917798188, 0.00234937295318, -0.00310472398996, 0.00242192717269, -0.00627344707027, 0.0152666475624]]}, "spectral_contrast_coeffs": {"dmean": [0.0518030747771, 0.0406492911279, 0.0376031659544, 0.0326006710529, 0.0253608003259, 0.0201104916632], "dmean2": [0.0857347398996, 0.066368304193, 0.0605138726532, 0.0528488606215, 0.039474543184, 0.0300659779459], "dvar": [0.00185711914673, 0.00114435679279, 0.000919038371649, 0.000701953249518, 0.000551060249563, 0.000377022806788], "dvar2": [0.0048453505151, 0.00292824837379, 0.00231015705504, 0.00180730340071, 0.00119986757636, 0.00077843607869], "max": [-0.261200159788, -0.469588637352, -0.492835044861, -0.448993086815, -0.501401424408, -0.583847284317], "mean": [-0.536912500858, -0.690851569176, -0.719954848289, -0.772631645203, -0.771007537842, -0.774879217148], "median": [-0.541104793549, -0.688725233078, -0.722339451313, -0.775642752647, -0.782017171383, -0.777683377266], "min": [-0.961956977844, -0.965961635113, -0.962443947792, -0.966380596161, -0.957502603531, -0.959682941437], "var": [0.00865381583571, 0.00467031961307, 0.00491924816743, 0.00270638754591, 0.0034047330264, 0.00200051045977]}, "spectral_contrast_valleys": {"dmean": [0.413534194231, 0.323871612549, 0.342811912298, 0.329636603594, 0.277181953192, 0.284432202578], "dmean2": [0.666758656502, 0.524037182331, 0.546889483929, 0.503314733505, 0.399539351463, 0.372710943222], "dvar": [0.167697772384, 0.128448829055, 0.133410230279, 0.122445903718, 0.12447103858, 0.155808806419], "dvar2": [0.342445135117, 0.227351024747, 0.241234973073, 0.202343016863, 0.185348063707, 0.221507549286], "max": [-5.51220369339, -4.49630355835, -5.22826194763, -6.12457942963, -5.46308469772, -7.09192562103], "mean": [-7.72797822952, -