{"lowlevel": {"average_loudness": 0.650195658207, "barkbands_crest": {"dmean": 2.98875355721, "dmean2": 4.6258058548, "dvar": 6.62349700928, "dvar2": 16.3530540466, "max": 26.9507865906, "mean": 16.890789032, "median": 16.8070926666, "min": 2.15663051605, "var": 23.9717121124}, "barkbands_flatness_db": {"dmean": 0.0236516203731, "dmean2": 0.0326959267259, "dvar": 0.000584217952564, "dvar2": 0.00107341620605, "max": 0.58723294735, "mean": 0.346714168787, "median": 0.365652263165, "min": 0.0192545428872, "var": 0.00838411971927}, "barkbands_kurtosis": {"dmean": 14.8764724731, "dmean2": 23.8452739716, "dvar": 7304.92626953, "dvar2": 19077.6054688, "max": 6533.59179688, "mean": 26.4815635681, "median": 14.7507190704, "min": -1.81535601616, "var": 5834.796875}, "barkbands_skewness": {"dmean": 1.00416994095, "dmean2": 1.5216729641, "dvar": 2.3647415638, "dvar2": 5.65064287186, "max": 70.0591506958, "mean": 3.6156873703, "median": 3.54548358917, "min": -4.85155248642, "var": 6.01177597046}, "barkbands_spread": {"dmean": 1.4329996109, "dmean2": 2.21932530403, "dvar": 4.87104272842, "dvar2": 11.0427055359, "max": 51.9640312195, "mean": 4.15908956528, "median": 2.48057484627, "min": 0.0197717305273, "var": 27.5363788605}, "dissonance": {"dmean": 0.0360831469297, "dmean2": 0.0607113279402, "dvar": 0.00105778942816, "dvar2": 0.00298876664601, "max": 0.499999314547, "mean": 0.358009427786, "median": 0.353839367628, "min": 0.116846956313, "var": 0.00418523419648}, "dynamic_complexity": 7.46783494949, "erbbands_crest": {"dmean": 2.64509606361, "dmean2": 4.07814884186, "dvar": 5.93138217926, "dvar2": 13.7791776657, "max": 34.3110809326, "mean": 14.1397247314, "median": 13.9611473083, "min": 2.53489804268, "var": 19.0255298615}, "erbbands_flatness_db": {"dmean": 0.0148085383698, "dmean2": 0.0204646196216, "dvar": 0.000237605912844, "dvar2": 0.00043559356709, "max": 0.512912452221, "mean": 0.328767508268, "median": 0.34155985713, "min": 0.0792501717806, "var": 0.00505530042574}, "erbbands_kurtosis": {"dmean": 3.68349885941, "dmean2": 5.80532455444, "dvar": 48.0470733643, "dvar2": 109.2241745, "max": 244.608612061, "mean": 5.66175746918, "median": 2.32165193558, "min": -1.88902080059, "var": 117.426544189}, "erbbands_skewness": {"dmean": 0.62181854248, "dmean2": 0.949848592281, "dvar": 0.371136754751, "dvar2": 0.857049405575, "max": 11.7863826752, "mean": 1.6732159853, "median": 1.49835932255, "min": -2.8995051384, "var": 1.7296538353}, "erbbands_spread": {"dmean": 3.48687934875, "dmean2": 5.43228149414, "dvar": 15.1685199738, "dvar2": 35.5637054443, "max": 74.078338623, "mean": 14.1066217422, "median": 11.303355217, "min": 0.465242594481, "var": 121.819786072}, "hfc": {"dmean": 1.1325019598, "dmean2": 1.34882462025, "dvar": 2.45160055161, "dvar2": 3.30164289474, "max": 30.7717380524, "mean": 5.41074752808, "median": 2.61591482162, "min": 1.06373461393e-16, "var": 35.7396316528}, "melbands_crest": {"dmean": 2.19067645073, "dmean2": 3.38292598724, "dvar": 4.46978330612, "dvar2": 11.0824184418, "max": 31.5741405487, "mean": 18.2973461151, "median": 18.9077777863, "min": 1.56082284451, "var": 16.83162117}, "melbands_flatness_db": {"dmean": 0.0244329273701, "dmean2": 0.0330881997943, "dvar": 0.000683055550326, "dvar2": 0.00121088849846, "max": 0.661840796471, "mean": 0.402443826199, "median": 0.426635921001, "min": 0.00214358698577, "var": 0.0119995651767}, "melbands_kurtosis": {"dmean": 11.4015417099, "dmean2": 17.7478981018, "dvar": 267.338806152, "dvar2": 645.209899902, "max": 584.908203125, "mean": 28.4095439911, "median": 22.4718933105, "min": -1.70782649517, "var": 970.591491699}, "melbands_skewness": {"dmean": 0.791092693806, "dmean2": 1.19897031784, "dvar": 0.641553938389, "dvar2": 1.51029360294, "max": 16.6984176636, "mean": 3.7115521431, "median": 3.86924743652, "min": -4.10526514053, "var": 3.71828079224}, "melbands_spread": {"dmean": 1.95899224281, "dmean2": 3.04609394073, "dvar": 12.0305233002, "dvar2": 27.3902854919, "max": 158.825668335, "mean": 5.58135223389, "median": 3.00140452385, "min": 0.246817320585, "var": 104.95565033}, "pitch_salience": {"dmean": 0.064810834825, "dmean2": 0.0995791852474, "dvar": 0.0037418412976, "dvar2": 0.0090159336105, "max": 0.894778430462, "mean": 0.399397283792, "median": 0.404125064611, "min": 0.021395701915, "var": 0.0118910055608}, "silence_rate_20dB": {"dmean": 0, "dmean2": 0, "dvar": 0, "dvar2": 0, "max": 1, "mean": 1, "median": 1, "min": 1, "var": 0}, "silence_rate_30dB": {"dmean": 0, "dmean2": 0, "dvar": 0, "dvar2": 0, "max": 1, "mean": 1, "median": 1, "min": 1, "var": 0}, "silence_rate_60dB": {"dmean": 0.0408208630979, "dmean2": 0.0816447511315, "dvar": 0.039150647819, "dvar2": 0.087577521801, "max": 1, "mean": 0.380005180836, "median": 0, "min": 0, "var": 0.235576510429}, "spectral_centroid": {"dmean": 67.0326538086, "dmean2": 101.658470154, "dvar": 21270.4609375, "dvar2": 42024.4453125, "max": 11753.203125, "mean": 516.739440918, "median": 360.102661133, "min": 176.766860962, "var": 509430.4375}, "spectral_complexity": {"dmean": 0.774262845516, "dmean2": 1.32898688316, "dvar": 0.631680488586, "dvar2": 1.48209512234, "max": 11, "mean": 4.5858798027, "median": 5, "min": 0, "var": 4.98869657516}, "spectral_decrease": {"dmean": 9.69973767972e-10, "dmean2": 1.10264009034e-09, "dvar": 1.86453148194e-18, "dvar2": 2.35784007898e-18, "max": 2.01657191129e-28, "mean": -4.28051771806e-09, "median": -1.84895065924e-09, "min": -2.53714507181e-08, "var": 2.51939279531e-17}, "spectral_energy": {"dmean": 0.00375975039788, "dmean2": 0.00427633617073, "dvar": 2.79971245618e-05, "dvar2": 3.54128569597e-05, "max": 0.0982138589025, "mean": 0.0166464075446, "median": 0.00720139499754, "min": 9.87595247913e-21, "var": 0.000379577919375}, "spectral_energyband_high": {"dmean": 2.96343188211e-07, "dmean2": 5.03011165165e-07, "dvar": 1.74887854849e-13, "dvar2": 5.09697698544e-13, "max": 1.82816293091e-05, "mean": 2.15882073462e-06, "median": 1.30484966121e-06, "min": 7.01544075189e-21, "var": 4.89854814698e-12}, "spectral_energyband_low": {"dmean": 2.27390069085e-06, "dmean2": 3.5782318264e-06, "dvar": 2.85647321768e-11, "dvar2": 6.75351441437e-11, "max": 0.000109937951493, "mean": 3.13386703965e-06, "median": 2.842000697e-07, "min": 1.22578437601e-23, "var": 4.17654834328e-11}, "spectral_energyband_middle_high": {"dmean": 0.000229284414672, "dmean2": 0.000379330158466, "dvar": 1.48560161506e-07, "dvar2": 4.0817946001e-07, "max": 0.00633011292666, "mean": 0.000505731557496, "median": 0.000276619190117, "min": 1.20704584033e-21, "var": 3.79013926022e-07}, "spectral_energyband_middle_low": {"dmean": 0.00375949381851, "dmean2": 0.00426211208105, "dvar": 2.79970427073e-05, "dvar2": 3.53030227416e-05, "max": 0.0980411469936, "mean": 0.0161835029721, "median": 0.0067622535862, "min": 1.33276459594e-22, "var": 0.000369453744497}, "spectral_entropy": {"dmean": 0.196742579341, "dmean2": 0.26704826951, "dvar": 0.0455222912133, "dvar2": 0.0773944482207, "max": 9.82185077667, "mean": 5.78317689896, "median": 5.57470655441, "min": 3.35479164124, "var": 1.00429725647}, "spectral_flux": {"dmean": 0.0118028884754, "dmean2": 0.0200012661517, "dvar": 0.000203758434509, "dvar2": 0.000537768646609, "max": 0.174572095275, "mean": 0.0293187927455, "median": 0.0261631961912, "min": 6.31542110274e-11, "var": 0.000445979880169}, "spectral_kurtosis": {"dmean": 8.809425354, "dmean2": 14.6346578598, "dvar": 106.721786499, "dvar2": 287.681427002, "max": 196.939102173, "mean": 31.1074485779, "median": 23.1540813446, "min": -1.24906921387, "var": 688.812316895}, "spectral_rms": {"dmean": 0.000438633403974, "dmean2": 0.000516365049407, "dvar": 2.53959626662e-07, "dvar2": 3.18619271411e-07, "max": 0.00978868734092, "mean": 0.00322821876034, "median": 0.00265061343089, "min": 3.10404176321e-12, "var": 5.81909353059e-06}, "spectral_rolloff": {"dmean": 117.150398254, "dmean2": 201.270767212, "dvar": 78737.7890625, "dvar2": 165732.0625, "max": 19789.0136719, "mean": 620.08380127, "median": 344.53125, "min": 129.19921875, "var": 1480652.625}, "spectral_skewness": {"dmean": 0.573289096355, "dmean2": 0.947572112083, "dvar": 0.34136223793, "dvar2": 0.907293021679, "max": 11.7854528427, "mean": 3.97402667999, "median": 3.77029132843, "min": -0.0642657577991, "var": 3.33539056778}, "spectral_spread": {"dmean": 280765.25, "dmean2": 457679.5625, "dvar": 149715582976, "dvar2": 308479852544, "max": 42343684, "mean": 2518221.75, "median": 2138590.75, "min": 391466.96875, "var": 6574706786300.0}, "spectral_strongpeak": {"dmean": 0.235858857632, "dmean2": 0.347537666559, "dvar": 0.0657494664192, "dvar2": 0.145159229636, "max": 3.82899665833, "mean": 0.994105517864, "median": 0.714604139328, "min": 0, "var": 0.65654271841}, "zerocrossingrate": {"dmean": 0.00306935654953, "dmean2": 0.0038974955678, "dvar": 2.59397947957e-05, "dvar2": 3.45019288943e-05, "max": 0.52734375, "mean": 0.0250154212117, "median": 0.01806640625, "min": 0.01123046875, "var": 0.00111259007826}, "barkbands": {"dmean": [3.39797202287e-06, 1.12780946893e-06, 2.80489672377e-07, 1.48309777614e-06, 0.00311483396217, 0.00223202514462, 6.48560944683e-06, 3.79122793674e-05, 6.69008368277e-05, 6.88304935466e-05, 0.000117920673802, 5.78567451157e-05, 7.68965837779e-05, 2.0425506591e-05, 1.62034586992e-06, 1.14848342037e-06, 1.00979332274e-06, 5.89938622397e-07, 4.78604249565e-07, 2.85699229607e-07, 1.83553709121e-07, 1.0171096676e-07, 5.86729385077e-08, 3.88635399418e-08, 2.22384350934e-08, 1.0547626772e-08, 1.34844935218e-09], "dmean2": [6.00800740358e-06, 1.91925482795e-06, 4.79846050894e-07, 2.05625019589e-06, 0.00350716197863, 0.00257580936886, 8.70900930749e-06, 4.6458979341e-05, 9.32439506869e-05, 9.8533979326e-05, 0.000185712822713, 9.85302249319e-05, 0.000132500150357, 3.52190181729e-05, 2.78015340882e-06, 1.97201529772e-06, 1.7224340354e-06, 1.01324746993e-06, 8.21183959943e-07, 4.91656123813e-07, 3.1321948768e-07, 1.73575813278e-07, 9.92225821506e-08, 6.69223041427e-08, 3.98260766588e-08, 1.92048474901e-08, 2.34215180583e-09], "dvar": [7.12883849174e-11, 8.93874037289e-12, 4.06352523245e-13, 1.41971790227e-11, 1.91808394447e-05, 1.18018024295e-05, 3.1611877005e-10, 4.15480938543e-09, 1.80419839069e-08, 1.34053967926e-08, 5.72173277646e-08, 3.29160343426e-08, 5.15871718676e-08, 1.88390547606e-08, 7.19122461232e-12, 3.25774498523e-12, 2.03850087852e-12, 7.88098210823e-13, 5.20050202988e-13, 1.8753946421e-13, 7.26538648037e-14, 2.06857693816e-14, 6.65286146553e-15, 2.6059847419e-15, 8.53146619309e-16, 1.81130332769e-16, 2.61768170441e-18], "dvar2": [2.06427749894e-10, 2.39305554539e-11, 1.08110536582e-12, 2.42758001201e-11, 2.45002465817e-05, 1.47569517139e-05, 5.49416179219e-10, 6.48187192809e-09, 4.41325624934e-08, 2.94743873752e-08, 1.42368605793e-07, 9.45548919162e-08, 1.52668491182e-07, 5.48386154264e-08, 2.03741294669e-11, 9.19870429827e-12, 5.75147785301e-12, 2.29646336669e-12, 1.53911291264e-12, 5.59396604559e-13, 2.14839051497e-13, 6.19984613778e-14, 1.92794914012e-14, 7.63434861118e-15, 2.71322165412e-15, 6.08277864588e-16, 7.90626591386e-18], "max": [0.000145585247083, 5.52792407689e-05, 1.20891108963e-05, 0.000119417411042, 0.086415655911, 0.0764313489199, 0.000995483482257, 0.00238200044259, 0.0043224580586, 0.00323529890738, 0.00529682822526, 0.00397759163752, 0.00512561155483, 0.00379272131249, 7.71825652919e-05, 3.77401374863e-05, 2.70561358775e-05, 2.27978180192e-05, 1.81499362952e-05, 1.65117926372e-05, 8.16554165795e-06, 3.90406694351e-06, 2.23206006922e-06, 1.31522733682e-06, 8.57106442709e-07, 3.72645018842e-07, 3.46758852743e-08], "mean": [3.11122971652e-06, 1.08334404558e-06, 3.41530238757e-07, 2.27726445701e-06, 0.00925438664854, 0.0065834550187, 1.32277345983e-05, 8.55803446029e-05, 0.00013751941151, 0.00011842668755, 0.000210499711102, 8.25573733891e-05, 0.000109264285129, 3.09611968987e-05, 3.26602958012e-06, 2.41385669142e-06, 2.36299001699e-06, 1.60140552907e-06, 1.40249335345e-06, 9.51320430431e-07, 6.86870293976e-07, 4.16938974013e-07, 2.49776405781e-07, 1.75464833774e-07, 1.09477802823e-07, 5.55950983028e-08, 4.81517803408e-09], "median": [1.33655660761e-07, 5.51051115849e-08, 1.16667060013e-07, 5.01021091281e-08, 0.00275735254399, 0.00172534526791, 5.28683267476e-06, 3.92925248889e-05, 7.15618079994e-05, 5.76192687731e-05, 8.10562196421e-05, 2.17409851757e-05, 1.98273064598e-05, 3.15495822178e-06, 1.94075937543e-06, 1.42563828831e-06, 1.50157347889e-06, 9.21437731449e-07, 8.38787855173e-07, 5.46664807644e-07, 4.11968727576e-07, 2.46524678005e-07, 1.46127604239e-07, 1.10029795053e-07, 6.87661341203e-08, 3.76004045677e-08, 3.41949113469e-09], "min": [2.23034298606e-25, 1.83167309634e-24, 8.23470057374e-25, 1.94091731551e-25, 4.6815956218e-24, 7.69802183523e-24, 7.4487757102e-24, 4.35332969432e-24, 1.48044500564e-23, 1.90534473739e-23, 2.18869126832e-23, 2.62756977309e-23, 2.92811631165e-23, 3.125004634e-23, 4.71516678091e-23, 5.67045840447e-23, 5.71814094412e-23, 9.6689614613e-23, 1.17561744516e-22, 1.73329767651e-22, 2.25428249668e-22, 3.58641713985e-22, 3.82649616474e-22, 5.36330752242e-22, 8.64359816343e-22, 1.13541e-21, 2.02443367245e-21], "var": [6.34531177601e-11, 8.26530423964e-12, 4.1738926768e-13, 3.61649842018e-11, 0.000164293553098, 0.000102471276477, 1.20607612786e-09, 1.63000812847e-08, 3.86313665501e-08, 2.94356983233e-08, 1.30714795432e-07, 5.06980200043e-08, 7.5755060891e-08, 3.18810364774e-08, 1.5202002851e-11, 7.56707283639e-12, 6.20112121374e-12, 3.3263886437e-12, 2.32458648684e-12, 1.14830193965e-12, 5.3320141271e-13, 1.92267927382e-13, 7.07597500559e-14, 3.11338513293e-14, 1.1967298219e-14, 2.71398123091e-15, 1.78337129129e-17]}, "erbbands": {"dmean": [5.64080182812e-05, 0.000214255371247, 0.000551175384317, 0.00837734807283, 0.385162055492, 13.973613739, 14.9351081848, 20.8405532837, 1.43532764912, 0.592929065228, 0.606287062168, 1.87128067017, 2.61136746407, 0.655518114567, 5.7308549881, 3.10710883141, 3.76973795891, 1.35533607006, 0.287355095148, 0.0691991001368, 0.0523204281926, 0.0445227399468, 0.0332877151668, 0.027705417946, 0.019360454753, 0.0136902974918, 0.00931906048208, 0.0061483187601, 0.0040070777759, 0.00270071462728, 0.00164686795324, 0.0010971307056, 0.000583130866289, 0.000305979396217, 0.000161418880452, 7.15825299267e-05, 2.09620448004e-05, 2.50647713074e-06, 1.75626860255e-06, 4.14327087128e-06], "dmean2": [9.37724180403e-05, 0.0003553784627, 0.0007702455041, 0.0098656816408, 0.451326012611, 15.9565868378, 18.0219745636, 23.0318393707, 1.56624519825, 0.708464980125, 0.778807282448, 2.62709403038, 3.69554424286, 1.0333313942, 9.08091926575, 5.27301073074, 6.49977827072, 2.33840894699, 0.491606712341, 0.118445970118, 0.0891178324819, 0.0760427266359, 0.0571694634855, 0.0474808700383, 0.0333778075874, 0.0235584564507, 0.0159943960607, 0.0105172423646, 0.00684211682528, 0.00457378476858, 0.00278079998679, 0.00188171560876, 0.00101730599999, 0.000541943765711, 0.000291148200631, 0.000131161432364, 3.81521786039e-05, 4.43725048171e-06, 2.02277033168e-06, 4.71501016364e-06], "dvar": [2.24967706686e-08, 2.71442075928e-07, 8.5873352873e-07, 0.000158886468853, 0.319593608379, 400.843536377, 429.070159912, 1008.94561768, 5.8999838829, 1.0208312273, 1.49860870838, 14.4833936691, 17.0074234009, 4.71516227722, 140.521591187, 81.924041748, 122.491653442, 49.2762184143, 2.39063572884, 0.00885917432606, 0.00620732968673, 0.00415115291253, 0.00241111312062, 0.00175500055775, 0.000901742721908, 0.000426210142905, 0.000198466208531, 8.08282784419e-05, 3.44809159287e-05, 1.41700302265e-05, 5.16138834428e-06, 2.12783402276e-06, 6.06747221354e-07, 1.68801136624e-07, 4.43265335548e-08, 8.60265636504e-09, 7.07621794493e-10, 9.74171871643e-12, 5.76890705345e-12, 3.39730049648e-11], "dvar2": [6.01998024763e-08, 7.16265844858e-07, 1.89477032109e-06, 0.000229887387832, 0.468856573105, 539.734558105, 641.22088623, 1109.45910645, 6.60929918289, 1.69448029995, 2.42405486107, 35.8067779541, 34.7446937561, 13.0530557632, 351.872344971, 236.212646484, 358.972747803, 143.674743652, 6.73074388504, 0.0254202522337, 0.0175530537963, 0.0119144748896, 0.00700773485005, 0.00512032862753, 0.00270911213011, 0.00126209645532, 0.000588539405726, 0.000237406493397, 0.000102403537312, 4.10668108088e-05, 1.49755396706e-05, 6.24387575954e-06, 1.79007997758e-06, 5.23598146174e-07, 1.44470647001e-07, 2.96073014994e-08, 2.39120523382e-09, 3.09212620786e-11, 7.21044621579e-12, 4.29607981134e-11], "max": [0.00369998812675, 0.00806305278093, 0.0173792243004, 0.254223525524, 11.3873901367, 404.273254395, 404.927276611, 580.56854248, 52.044834137, 40.2783660889, 37.5512733459, 122.341201782, 123.499694824, 84.0051345825, 277.937805176, 204.564987183, 236.028717041, 180.525939941, 51.3785247803, 1.85958826542, 2.33317327499, 1.34832108021, 1.25315916538, 0.831430256367, 0.938570082188, 0.639670133591, 0.415221750736, 0.242477566004, 0.163449153304, 0.095823854208, 0.0599323511124, 0.034585505724, 0.0203857384622, 0.0110934842378, 0.00537005579099, 0.00220996257849, 0.000670243171044, 9.25566200749e-05, 4.62983371108e-05, 0.000108138388896], "mean": [6.95166090736e-05, 0.000289631716441, 0.00143768650014, 0.0237969662994, 1.07243168354, 40.844417572, 57.9342460632, 62.5239524841, 4.08111524582, 1.51652026176, 1.48099684715, 3.90931391716, 4.88148212433, 1.42368614674, 10.2224845886, 4.86684274673, 5.46911048889, 2.08472681046, 0.476006627083, 0.161120399833, 0.132193952799, 0.118415556848, 0.0951977372169, 0.079691812396, 0.0612958595157, 0.0454399473965, 0.0329805985093, 0.0229979734868, 0.0157121233642, 0.0106401015073, 0.00677630025893, 0.00431413576007, 0.00251139188185, 0.00138185196556, 0.000709438405465, 0.000317729602102, 9.93421926978e-05, 1.34981746669e-05, 8.47529008752e-06, 1.84530672414e-05], "median": [1.05035705928e-05, 5.90799245401e-05, 0.000493837054819, 0.00734754372388, 0.351368755102, 12.5502643585, 22.6649303436, 17.3067951202, 1.15814316273, 0.884237885475, 0.888867080212, 2.16920900345, 2.6897456646, 0.907336652279, 3.48408532143, 1.71813726425, 1.21627354622, 0.371740341187, 0.151265799999, 0.113229960203, 0.0830703452229, 0.0731665417552, 0.058138012886, 0.0472626201808, 0.036008566618, 0.0262766554952, 0.0194084290415, 0.0137212090194, 0.00916972663254, 0.00640925439075, 0.00395955936983, 0.00264125014655, 0.0015162959462, 0.000847384741064, 0.000459702103399, 0.000216741696931, 7.14608759154e-05, 1.00152356026e-05, 4.17385035689e-06, 8.0381259977e-06], "min": [5.06047549604e-23, 7.61730653404e-22, 1.9362525033e-21, 5.60593306604e-21, 6.03380839375e-21, 1.91139548355e-20, 5.09767403892e-20, 6.29165787747e-20, 1.15807728525e-19, 1.88025210118e-19, 2.11367251802e-19, 2.84376215994e-19, 5.18227516391e-19, 5.37414332591e-19, 1.03183636643e-18, 1.1028295561e-18, 1.96920270986e-18, 2.16347745045e-18, 2.22624329494e-18, 3.6027541387e-18, 3.66926773176e-18, 4.83901320088e-18, 5.19758027999e-18, 5.50063444101e-18, 7.97709573535e-18, 7.32990383382e-18, 9.1319622932e-18, 9.97333732507e-18, 1.23533824472e-17, 1.0979647208e-17, 1.13457010988e-17, 1.09604500003e-17, 9.08980751483e-18, 8.4891982895e-18, 6.4910914075e-18, 4.35903379223e-18, 1.9402220235e-18, 9.66006851746e-19, 2.3933243178e-19, 2.78226173377e-20], "var": [2.33461676657e-08, 3.1477821949e-07, 3.50046843778e-06, 0.00109803653322, 2.18390870094, 3182.42626953, 5257.74707031, 8279.01660156, 37.5021896362, 4.08644342422, 5.31188440323, 30.0088939667, 42.0185127258, 7.63468933105, 317.683746338, 126.22341156, 175.704956055, 83.6940994263, 3.5912361145, 0.0240056850016, 0.0193714033812, 0.0159544497728, 0.0107422964647, 0.00756690744311, 0.00462735164911, 0.00259555201046, 0.0012849039631, 0.000601842592005, 0.000280801934423, 0.000123023768538, 5.0641647249e-05, 1.95860702661e-05, 6.75622641211e-06, 1.97668305191e-06, 4.75197396099e-07, 8.69554881433e-08, 7.73274333454e-09, 1.34032243637e-10, 8.24538423649e-11, 4.62831162285e-10]}, "gfcc": {"mean": [-220.588928223, 125.817977905, -131.424438477, -35.2724990845, -87.7684936523, -28.3298606873, -55.4795074463, -36.934967041, -46.510635376, -15.2667217255, -2.41936612129, 9.15496444702, 8.11489868164], "cov": [[8493.82226562, 1856.58581543, 134.809753418, -284.542297363, -390.712127686, -513.796142578, -347.075378418, -746.080322266, -394.847412109, -300.837615967, 306.362823486, 123.89465332, 332.131774902], [1856.58581543, 1598.61169434, 583.954345703, -590.912780762, 18.1344509125, -216.963195801, 123.02646637, -434.869934082, -60.8710594177, -192.049484253, 263.381530762, -20.0936164856, 177.490325928], [134.809753418, 583.954345703, 658.511779785, 42.7489776611, 203.780151367, -134.351425171, -13.8179512024, -287.1065979, -53.2830848694, -93.7945175171, 173.279220581, 47.1770477295, 123.621101379], [-284.542297363, -590.912780762, 42.7489776611, 617.699279785, 152.970428467, -19.361530304, -227.540283203, -19.439414978, -78.6228027344, 26.2491664886, -51.3632774353, 78.736114502, 13.4140148163], [-390.712127686, 18.1344509125, 203.780151367, 152.970428467, 216.560455322, 25.7786521912, -45.0024490356, -113.346252441, -26.1919078827, 3.29694509506, 45.9713897705, 18.7942886353, 30.3990364075], [-513.796142578, -216.963195801, -134.351425171, -19.361530304, 25.7786521912, 146.843322754, 63.9902763367, 94.3190231323, 15.4126977921, 42.0439033508, -50.4821968079, -23.968662262, -57.9781913757], [-347.075378418, 123.02646637, -13.8179512024, -227.540283203, -45.0024490356, 63.9902763367, 181.490829468, 103.050849915, 60.6012611389, -17.0217685699, -13.641084671, -40.2016372681, -26.2342453003], [-746.080322266, -434.869934082, -287.1065979, -19.439414978, -113.346252441, 94.3190231323, 103.050849915, 298.113433838, 104.173439026, 52.0764503479, -132.864364624, -40.3025436401, -89.2892379761], [-394.847412109, -60.8710594177, -53.2830848694, -78.6228027344, -26.1919078827, 15.4126977921, 60.6012611389, 104.173439026, 97.8921585083, 41.7137298584, -24.8111152649, -33.0063591003, -27.7961387634], [-300.837615967, -192.049484253, -93.7945175171, 26.2491664886, 3.29694509506, 42.0439033508, -17.0217685699, 52.0764503479, 41.7137298584, 88.5391082764, 1.84810173512, -1.45663785934, -39.8754920959], [306.362823486, 263.381530762, 173.279220581, -51.3632774353, 45.9713897705, -50.4821968079, -13.641084671, -132.864364624, -24.8111152649, 1.84810173512, 129.51348877, 48.2018737793, 44.1617012024], [123.89465332, -20.0936164856, 47.1770477295, 78.736114502, 18.7942886353, -23.968662262, -40.2016372681, -40.3025436401, -33.0063591003, -1.45663785934, 48.2018737793, 71.2559127808, 36.4261550903], [332.131774902, 177.490325928, 123.621101379, 13.4140148163, 30.3990364075, -57.9781913757, -26.2342453003, -89.2892379761, -27.7961387634, -39.8754920959, 44.1617012024, 36.4261550903, 78.8229522705]], "icov": [[0.000434080662671, -0.00105838582385, 0.000751266605221, -0.00110471167136, 0.0014663770562, -0.000693997426424, 0.000684398051817, -1.92930074263e-05, 0.000382242549676, 0.000180060320417, -0.00094632449327, 0.000690225104336, -0.000869033159688], [-0.00105838582385, 0.00954310595989, -0.00259442254901, 0.00742751453072, -0.00345296412706, 0.00479468656704, -0.00382145633921, 0.00656296964735, -0.00256380601786, 0.0062413928099, -0.00250636087731, 0.00330549478531, -0.00107323972043], [0.000751266605221, -0.00259442254901, 0.00880067050457, -0.00595641182736, -0.000827149196994, 0.00295567652211, -0.00627983175218, 0.00480481702834, -0.00311340484768, 0.00368023477495, -0.00607185438275, 0.00248259119689, -0.0012481121812], [-0.00110471167136, 0.00742751453072, -0.00595641182736, 0.0169947538525, -0.0116823865101, 0.00736793549731, 0.00888613890857, -0.00668508699164, 0.00798241980374, 0.000356529984856, 0.00629024626687, -0.00543212983757, 0.00167053809855], [0.0014663770562, -0.00345296412706, -0.000827149196994, -0.0116823865101, 0.0256358664483, -0.0192305929959, 0.00176192331128, 0.0125735104084, -0.0145230283961, 0.00590474624187, -0.00653654336929, 0.0053043323569, -0.0052439244464], [-0.000693997426424, 0.00479468656704, 0.00295567652211, 0.00736793549731, -0.0192305929959, 0.0394502058625, -0.0239390004426, 0.00186610769015, 0.0231184139848, -0.0231595318764, 0.0174233019352, -0.00652666622773, 0.00650976551697], [0.000684398051817, -0.00382145633921, -0.00627983175218, 0.00888613890857, 0.00176192331128, -0.0239390004426, 0.0497461743653, -0.0308639276773, -0.00313584483229, 0.0240161307156, -0.0215146262199, 0.00984513387084, -0.00408750493079], [-1.92930074263e-05, 0.00656296964735, 0.00480481702834, -0.00668508699164, 0.0125735104084, 0.00186610769015, -0.0308639276773, 0.0551270507276, -0.0336971841753, 0.00264075165614, 0.0241274479777, -0.0216255225241, 0.0135321971029], [0.000382242549676, -0.00256380601786, -0.00311340484768, 0.00798241980374, -0.0145230283961, 0.0231184139848, -0.00313584483229, -0.0336971841753, 0.0632272437215, -0.0372892096639, 0.00214618234895, 0.0171867888421, -0.0146352108568], [0.000180060320417, 0.0062413928099, 0.00368023477495, 0.000356529984856, 0.00590474624187, -0.0231595318764, 0.0240161307156, 0.00264075165614, -0.0372892096639, 0.0648955777287, -0.0382523536682, 0.0105226775631, 0.00727576157078], [-0.00094632449327, -0.00250636087731, -0.00607185438275, 0.00629024626687, -0.00653654336929, 0.0174233019352, -0.0215146262199, 0.0241274479777, 0.00214618234895, -0.0382523536682, 0.0704468339682, -0.0498254522681, 0.0185528490692], [0.000690225104336, 0.00330549478531, 0.00248259119689, -0.00543212983757, 0.0053043323569, -0.00652666622773, 0.00984513387084, -0.0216255225241, 0.0171867888421, 0.0105226775631, -0.0498254522681, 0.0665152519941, -0.0328262932599], [-0.000869033159688, -0.00107323972043, -0.0012481121812, 0.00167053809855, -0.0052439244464, 0.00650976551697, -0.00408750493079, 0.0135321971029, -0.0146352108568, 0.00727576157078, 0.0185528490692, -0.0328262932599, 0.0445126928389]]}, "melbands": {"dmean": [4.89349872623e-07, 1.98249480832e-07, 7.06696368979e-07, 0.000410456384998, 0.000649192603305, 0.000445226178272, 1.15064231068e-05, 7.37258505978e-06, 5.87268232266e-06, 1.13568003144e-05, 1.29074314827e-05, 1.73954492766e-06, 1.65290875884e-05, 1.0405175999e-05, 8.23242589831e-06, 6.3575043896e-06, 2.46109789259e-06, 6.08519826528e-07, 1.12583684597e-07, 1.00275713066e-07, 6.48381970336e-08, 5.81289825163e-08, 4.01670803285e-08, 3.22530162578e-08, 2.56499763651e-08, 1.8913846489e-08, 1.29700525875e-08, 1.00113908275e-08, 7.1159469428e-09, 5.41046141223e-09, 3.92926891024e-09, 2.82762568915e-09, 2.12528949994e-09, 1.63889168903e-09, 1.20838039575e-09, 8.66220373208e-10, 7.53803963693e-10, 4.6275666632e-10, 4.63269644868e-10, 2.96963287294e-10], "dmean2": [7.95124719843e-07, 3.35826626952e-07, 9.73326905296e-07, 0.000472343526781, 0.000750116887502, 0.000497527653351, 1.29969776026e-05, 8.86288125912e-06, 7.43428017813e-06, 1.62192336575e-05, 1.82856929314e-05, 2.81494749288e-06, 2.61452623818e-05, 1.72893360286e-05, 1.4110722077e-05, 1.09143820737e-05, 4.24201152782e-06, 1.03237471194e-06, 1.93257847059e-07, 1.72072347482e-07, 1.10428658218e-07, 9.92717588133e-08, 6.96999364891e-08, 5.54319008472e-08, 4.40952163672e-08, 3.26534568273e-08, 2.24425953377e-08, 1.72491372297e-08, 1.22613723619e-08, 9.24627130416e-09, 6.71831967836e-09, 4.85452256171e-09, 3.61621177447e-09, 2.78596723469e-09, 2.05152894672e-09, 1.48428502822e-09, 1.29794597292e-09, 8.00670363343e-10, 8.20678025537e-10, 5.29862875798e-10], "dvar": [1.51079940659e-12, 2.34529843463e-13, 2.64435977455e-12, 3.51811877408e-07, 8.09112009392e-07, 4.53366652664e-07, 6.00514638016e-10, 1.54970397626e-10, 1.09548585481e-10, 5.97048688267e-10, 4.1722980626e-10, 8.36570326901e-11, 1.11144238257e-09, 5.58113721905e-10, 4.71683525571e-10, 3.4288200057e-10, 2.51393017514e-10, 1.43970209018e-11, 3.25191466095e-14, 2.34083297857e-14, 9.15593149258e-15, 7.26697432833e-15, 3.44125028393e-15, 2.46291875952e-15, 1.55287185495e-15, 8.63240393304e-16, 4.25518753635e-16, 2.26903397669e-16, 1.22271442633e-16, 6.43432233293e-17, 3.28231057325e-17, 1.79765736221e-17, 9.370430192e-18, 5.51687820029e-18, 2.8821716713e-18, 1.48267461569e-18, 9.87589751686e-19, 4.5436627797e-19, 3.51183639113e-19, 1.56667193762e-19], "dvar2": [3.79274302936e-12, 6.20638143742e-13, 4.59043089998e-12, 4.8715412504e-07, 1.0623284652e-06, 5.12931649155e-07, 7.323521789e-10, 2.49466863833e-10, 1.84519025059e-10, 1.50681389588e-09, 8.53322190686e-10, 2.34445324265e-10, 2.79601408693e-09, 1.56706536636e-09, 1.3795392606e-09, 1.0042511267e-09, 7.33771987615e-10, 3.9501353577e-11, 9.21999090031e-14, 6.58207144929e-14, 2.61036241993e-14, 2.06364517353e-14, 1.00859279289e-14, 7.21592958183e-15, 4.51891357382e-15, 2.57901944802e-15, 1.27340794532e-15, 6.75315228407e-16, 3.61088689577e-16, 1.89324264803e-16, 9.59612559495e-17, 5.38219326151e-17, 2.76407381312e-17, 1.59349893e-17, 8.2865059522e-18, 4.43182403177e-18, 2.90749456499e-18, 1.33036036943e-18, 1.09786254331e-18, 4.86630509461e-19], "max": [2.7853071515e-05, 7.89721343608e-06, 4.56090638181e-05, 0.0119824744761, 0.0178780946881, 0.013474939391, 0.000567141338252, 0.000522502174135, 0.000298354716506, 0.000839220068883, 0.000617087527644, 0.000381416961318, 0.000739666051231, 0.000468334008474, 0.000525436364114, 0.000388277025195, 0.000409475032939, 0.000133965193527, 4.61947183794e-06, 3.06937704408e-06, 3.10518043989e-06, 1.70398288901e-06, 1.16009550766e-06, 1.3592890582e-06, 7.42305928725e-07, 6.76267404742e-07, 8.40353891363e-07, 3.39405801242e-07, 2.76538742128e-07, 2.54811396871e-07, 1.38228656965e-07, 1.11924926216e-07, 6.61887398223e-08, 5.1136353818e-08, 4.04446502955e-08, 2.86233348135e-08, 2.27741008274e-08, 1.74266450159e-08, 1.27600632283e-08, 9.63046353775e-09], "mean": [5.6270192772e-07, 2.22371326686e-07, 1.15431078029e-06, 0.00116633879952, 0.00247642002068, 0.00131314597093, 2.78298248304e-05, 1.6946973119e-05, 1.40661086334e-05, 2.33153496083e-05, 2.33022838074e-05, 3.07746154249e-06, 2.98271752399e-05, 1.70234070538e-05, 1.17514209705e-05, 8.83748634806e-06, 3.67327720596e-06, 8.60019781612e-07, 2.28814954539e-07, 1.96904196059e-07, 1.4769881318e-07, 1.32338399794e-07, 9.48802849621e-08, 7.87352831821e-08, 6.32304733017e-08, 4.94133551854e-08, 3.63983794216e-08, 2.84511738613e-08, 2.14326920656e-08, 1.65869344926e-08, 1.22599796981e-08, 9.24818621684e-09, 7.08285341489e-09, 5.37248778798e-09, 4.06866984548e-09, 3.05606562279e-09, 2.44500086843e-09, 1.76779335614e-09, 1.47127021677e-09, 1.06689901358e-09], "median": [2.85798140709e-08, 4.21981063425e-08, 3.70376440628e-08, 0.000357117911335, 0.000951486232225, 0.000345199921867, 4.09489803133e-06, 8.12639700598e-06, 7.94723837316e-06, 1.31193537527e-05, 1.22012170323e-05, 1.5430506437e-06, 1.2018621419e-05, 5.13723261975e-06, 2.66510778602e-06, 1.68034705439e-06, 3.84174057899e-07, 2.13716290887e-07, 1.40442651286e-07, 1.22746939724e-07, 9.0968867994e-08, 7.95860870539e-08, 5.72739828897e-08, 4.57452564717e-08, 3.64124517205e-08, 2.87951298361e-08, 2.04979890839e-08, 1.62819802085e-08, 1.22826611104e-08, 9.81838166325e-09, 7.25961379899e-09, 5.368943512e-09, 4.1414840446e-09, 3.17312132125e-09, 2.34842700841e-09, 1.77275283342e-09, 1.49550916095e-09, 9.99119231793e-10, 9.19519904663e-10, 6.35801522542e-10], "min": [9.0760872893e-25, 9.89747391572e-25, 1.27994121543e-24, 4.87835971827e-25, 1.58458923905e-24, 1.52343112105e-24, 1.76397916713e-24, 1.85068424973e-24, 2.50123022813e-24, 1.78107200801e-24, 2.15167886128e-24, 1.68530626627e-24, 3.25239087905e-24, 2.39616578847e-24, 3.33203052895e-24, 3.18098910636e-24, 3.39159978248e-24, 2.80381971922e-24, 3.69348344028e-24, 2.89605077246e-24, 3.19399742269e-24, 3.65484029997e-24, 2.37636459089e-24, 3.99449461791e-24, 4.05159237023e-24, 4.52489274171e-24, 4.03407413611e-24, 4.98362009126e-24, 5.26253882481e-24, 3.91686912711e-24, 5.57187287943e-24, 5.70016532844e-24, 5.8604827692e-24, 5.79131820604e-24, 6.15390155505e-24, 5.47301480294e-24, 5.93768937485e-24, 5.71698423737e-24, 6.37557620258e-24, 5.83486766674e-24], "var": [1.77918617339e-12, 2.34768774516e-13, 7.35017689074e-12, 2.63652464128e-06, 9.55009636527e-06, 3.82766302209e-06, 3.20721116331e-09, 5.97810523306e-10, 3.89485832475e-10, 1.15771836562e-09, 1.01279751252e-09, 1.13816463199e-10, 2.52402121426e-09, 1.0393890193e-09, 6.80074718762e-10, 4.96583996146e-10, 4.2248590737e-10, 1.84169988288e-11, 6.96773232644e-14, 4.76701841792e-14, 2.58199969109e-14, 2.14634540474e-14, 1.13211967334e-14, 8.15667232514e-15, 5.11380895312e-15, 3.15013056567e-15, 1.81023265158e-15, 1.06186983119e-15, 5.83595377444e-16, 3.22894809315e-16, 1.79215310389e-16, 1.02501865697e-16, 5.73780647866e-17, 3.34567326992e-17, 1.8854290007e-17, 1.10131116269e-17, 6.34813226377e-18, 3.7536674512e-18, 2.16565603739e-18, 1.25673860658e-18]}, "mfcc": {"mean": [-867.146484375, 162.269302368, -17.3352394104, -20.7947635651, -33.6583404541, -20.8115768433, -19.1432914734, -27.3675022125, -37.4334220886, -35.8688850403, -25.452753067, -14.5030670166, -9.85606861115], "cov": [[3116.68652344, 1479.3326416, 80.1071853638, 24.4561805725, -247.86579895, -44.8922424316, -117.330230713, -132.229217529, -292.594573975, -251.440216064, -167.434188843, -42.9913139343, -23.2898712158], [1479.3326416, 1945.0559082, 450.874847412, -295.972503662, -210.987167358, -27.5183181763, 55.3662109375, -136.516540527, -263.682983398, -252.233398438, -85.9040679932, 5.04700565338, 1.08877599239], [80.1071853638, 450.874847412, 310.876617432, 66.3825302124, 64.0542984009, 44.9266700745, 34.585647583, -44.6312942505, -99.2103805542, -108.202095032, -51.0915412903, 4.25948286057, 29.0174541473], [24.4561805725, -295.972503662, 66.3825302124, 416.014099121, 263.998809814, 107.001167297, -38.9848632812, -49.7071075439, -71.6833343506, -79.2714080811, -83.7547225952, -39.1948394775, 20.261259079], [-247.86579895, -210.987167358, 64.0542984009, 263.998809814, 285.093048096, 152.05531311, 18.2738800049, -54.0950317383, -69.4675292969, -54.1911430359, -42.013671875, -33.0667800903, -4.11630964279], [-44.8922424316, -27.5183181763, 44.9266700745, 107.001167297, 152.05531311, 149.854598999, 62.3210945129, -22.8136978149, -59.2838859558, -40.2996292114, -12.0739469528, -11.0249004364, -12.4367208481], [-117.330230713, 55.3662109375, 34.585647583, -38.9848632812, 18.2738800049, 62.3210945129, 96.5533447266, 44.0216636658, 8.4389629364, -1.40029776096, 14.5154094696, 15.1163625717, 1.51595449448], [-132.229217529, -136.516540527, -44.6312942505, -49.7071075439, -54.0950317383, -22.8136978149, 44.0216636658, 115.420127869, 112.802505493, 71.2570724487, 30.9891624451, 15.4152622223, 9.07478237152], [-292.594573975, -263.682983398, -99.2103805542, -71.6833343506, -69.4675292969, -59.2838859558, 8.4389629364, 112.802505493, 184.453826904, 144.164810181, 61.9838790894, 8.32948589325, -5.91593027115], [-251.440216064, -252.233398438, -108.202095032, -79.2714080811, -54.1911430359, -40.2996292114, -1.40029776096, 71.2570724487, 144.164810181, 163.468582153, 91.7942962646, 12.3252954483, -22.6987895966], [-167.434188843, -85.9040679932, -51.0915412903, -83.7547225952, -42.013671875, -12.0739469528, 14.5154094696, 30.9891624451, 61.9838790894, 91.7942962646, 100.566482544, 49.3308181763, -4.12654209137], [-42.9913139343, 5.04700565338, 4.25948286057, -39.1948394775, -33.0667800903, -11.0249004364, 15.1163625717, 15.4152622223, 8.32948589325, 12.3252954483, 49.3308181763, 83.7380065918, 50.1589851379], [-23.2898712158, 1.08877599239, 29.0174541473, 20.261259079, -4.11630964279, -12.4367208481, 1.51595449448, 9.07478237152, -5.91593027115, -22.6987895966, -4.12654209137, 50.1589851379, 80.9506378174]], "icov": [[0.00230808183551, -0.00302542396821, 0.00377875543199, -0.00442234380171, 0.00486539956182, -0.00449092872441, 0.00492161000147, -0.00500882323831, 0.00518900947645, -0.00452116830274, 0.00414213724434, -0.0027131694369, 0.00148763181642], [-0.00302542396821, 0.00561492517591, -0.0071553979069, 0.00682238535956, -0.00458727497607, 0.00505591975525, -0.00651676766574, 0.00752504076809, -0.00636856909841, 0.00724133849144, -0.00566933909431, 0.00415654294193, -0.00156608421821], [0.00377875543199, -0.0071553979069, 0.0138624422252, -0.00930587388575, 0.00502093788236, -0.00401909044012, 0.00405998760834, -0.00763609306887, 0.00802270602435, -0.00666195200756, 0.00626448681578, -0.00456795888022, 0.000829347816762], [-0.00442234380171, 0.00682238535956, -0.00930587388575, 0.0191901363432, -0.01745531708, 0.00607261201367, 0.000743091048207, 0.00261639291421, -0.0071507403627, 0.0088484371081, -0.00326701276936, 0.00346327130683, -0.00344722811133], [0.00486539956182, -0.00458727497607, 0.00502093788236, -0.01745531708, 0.0321118198335, -0.0235706120729, 0.00736934272572, 0.000384598883102, 0.00494127068669, -0.00740903941914, 0.00578157650307, -0.000867303577252, 0.00097685714718], [-0.00449092872441, 0.00505591975525, -0.00401909044012, 0.00607261201367, -0.0235706120729, 0.0424988418818, -0.0316489636898, 0.0112193776295, -0.00118890404701, 0.00541253155097, -0.010730846785, 0.00565055478364, 0.000608907081187], [0.00492161000147, -0.00651676766574, 0.00405998760834, 0.000743091048207, 0.00736934272572, -0.0316489636898, 0.0531188100576, -0.0360308513045, 0.0151152368635, -0.00535873929039, 0.00832819566131, -0.0092901289463, 0.00420204177499], [-0.00500882323831, 0.00752504076809, -0.00763609306887, 0.00261639291421, 0.000384598883102, 0.0112193776295, -0.0360308513045, 0.0580640919507, -0.0420765839517, 0.0180204492062, -0.00847908295691, 0.00598168838769, -0.00571170635521], [0.00518900947645, -0.00636856909841, 0.00802270602435, -0.0071507403627, 0.00494127068669, -0.00118890404701, 0.0151152368635, -0.0420765839517, 0.0612095855176, -0.045200869441, 0.0212005730718, -0.0072307549417, 0.0023548216559], [-0.00452116830274, 0.00724133849144, -0.00666195200756, 0.0088484371081, -0.00740903941914, 0.00541253155097, -0.00535873929039, 0.0180204492062, -0.045200869441, 0.0657895579934, -0.0481201782823, 0.022787168622, -0.00411799224094], [0.00414213724434, -0.00566933909431, 0.00626448681578, -0.00326701276936, 0.00578157650307, -0.010730846785, 0.00832819566131, -0.00847908295691, 0.0212005730718, -0.0481201782823, 0.0689635500312, -0.0455202646554, 0.0190573204309], [-0.0027131694369, 0.00415654294193, -0.00456795888022, 0.00346327130683, -0.000867303577252, 0.00565055478364, -0.0092901289463, 0.00598168838769, -0.0072307549417, 0.022787168622, -0.0455202646554, 0.0557106249034, -0.0307174175978], [0.00148763181642, -0.00156608421821, 0.000829347816762, -0.00344722811133, 0.00097685714718, 0.000608907081187, 0.00420204177499, -0.00571170635521, 0.0023548216559, -0.00411799224094, 0.0190573204309, -0.0307174175978, 0.0330947414041]]}, "spectral_contrast_coeffs": {"dmean": [0.0478520728648, 0.0407006554306, 0.0317028090358, 0.0270556174219, 0.0124379498884, 0.00979381427169], "dmean2": [0.0722494125366, 0.0618124231696, 0.0514500625432, 0.0455826148391, 0.0213651284575, 0.016792466864], "dvar": [0.00171153782867, 0.00126883224584, 0.000625996559393, 0.000491211598273, 9.21711689443e-05, 5.86222413403e-05], "dvar2": [0.00391688104719, 0.00286865234375, 0.00168958154973, 0.00138364860322, 0.000269065756584, 0.000170528903254], "max": [-0.148355990648, -0.287313759327, -0.44507008791, -0.506848692894, -0.760336220264, -0.752931594849], "mean": [-0.382829636335, -0.534423530102, -0.695557892323, -0.790619552135, -0.866200625896, -0.810834407806], "median": [-0.357092380524, -0.521957695484, -0.676292955875, -0.800813674927, -0.868959546089, -0.809645056725], "min": [-0.981175065041, -0.981227338314, -0.977129638195, -0.971231818199, -0.969693005085, -0.964872717857], "var": [0.0140756797045, 0.0114947687835, 0.00769188953564, 0.00512885628268, 0.000415506830905, 0.000333869917085]}, "spectral_contrast_valleys": {"dmean": [0.450337916613, 0.319830596447, 0.243903920054, 0.189808472991, 0.125883534551, 0.0920580253005], "dmean2": [0.756361722946, 0.528713107109, 