{"lowlevel": {"average_loudness": 0.953613698483, "barkbands_crest": {"dmean": 2.97247028351, "dmean2": 4.86189031601, "dvar": 8.21594429016, "dvar2": 20.9213294983, "max": 26.5122413635, "mean": 12.9027986526, "median": 12.327624321, "min": 2.87784957886, "var": 20.5753383636}, "barkbands_flatness_db": {"dmean": 0.0335801206529, "dmean2": 0.0503486432135, "dvar": 0.00115675921552, "dvar2": 0.00243461853825, "max": 0.564629435539, "mean": 0.189971148968, "median": 0.173361986876, "min": 0.0282538644969, "var": 0.00868685822934}, "barkbands_kurtosis": {"dmean": 13.0844602585, "dmean2": 21.0866413116, "dvar": 551.443969727, "dvar2": 1360.57287598, "max": 438.696075439, "mean": 22.9465847015, "median": 12.1800394058, "min": -1.87661600113, "var": 1169.25915527}, "barkbands_skewness": {"dmean": 1.1081264019, "dmean2": 1.73544538021, "dvar": 1.67477440834, "dvar2": 3.87584638596, "max": 18.0147571564, "mean": 3.49417710304, "median": 3.11444163322, "min": -2.73311376572, "var": 5.2198677063}, "barkbands_spread": {"dmean": 7.00231218338, "dmean2": 11.0077629089, "dvar": 103.822441101, "dvar2": 234.009902954, "max": 114.94770813, "mean": 18.448392868, "median": 12.3974590302, "min": 0.252752095461, "var": 304.533813477}, "dissonance": {"dmean": 0.0154176158831, "dmean2": 0.0250806808472, "dvar": 0.000265576294623, "dvar2": 0.000661380705424, "max": 0.500000059605, "mean": 0.470709115267, "median": 0.477928876877, "min": 0.155400305986, "var": 0.000658047676552}, "dynamic_complexity": 2.91117835045, "erbbands_crest": {"dmean": 2.59951305389, "dmean2": 4.1918554306, "dvar": 6.75522947311, "dvar2": 15.9605140686, "max": 29.1591567993, "mean": 8.79654884338, "median": 7.54963064194, "min": 2.24145340919, "var": 19.9912834167}, "erbbands_flatness_db": {"dmean": 0.0217461232096, "dmean2": 0.0302023943514, "dvar": 0.000725526828319, "dvar2": 0.00125667778775, "max": 0.471537709236, "mean": 0.131149694324, "median": 0.109904758632, "min": 0.0312619879842, "var": 0.00420563248917}, "erbbands_kurtosis": {"dmean": 1.54067051411, "dmean2": 2.29469466209, "dvar": 13.7351493835, "dvar2": 26.2698097229, "max": 88.7192153931, "mean": 1.22516822815, "median": -0.653588294983, "min": -1.90239322186, "var": 43.7318916321}, "erbbands_skewness": {"dmean": 0.496709764004, "dmean2": 0.710299789906, "dvar": 0.279928714037, "dvar2": 0.546021997929, "max": 7.64164400101, "mean": 0.513007104397, "median": 0.34371766448, "min": -4.4304189682, "var": 1.62170791626}, "erbbands_spread": {"dmean": 15.2672109604, "dmean2": 22.7915267944, "dvar": 266.232025146, "dvar2": 530.26348877, "max": 184.555419922, "mean": 62.4645042419, "median": 60.5454864502, "min": 1.32159948349, "var": 884.552185059}, "hfc": {"dmean": 9.46568965912, "dmean2": 14.3506822586, "dvar": 289.39642334, "dvar2": 717.43560791, "max": 205.822402954, "mean": 21.6507987976, "median": 13.1017284393, "min": 1.12550469013e-16, "var": 569.118713379}, "melbands_crest": {"dmean": 3.50184202194, "dmean2": 5.66106128693, "dvar": 9.79688167572, "dvar2": 24.8230781555, "max": 35.9819564819, "mean": 18.5171337128, "median": 18.5739021301, "min": 1.83884680271, "var": 30.0466270447}, "melbands_flatness_db": {"dmean": 0.0394701957703, "dmean2": 0.058749422431, "dvar": 0.00156298116781, "dvar2": 0.00323184323497, "max": 0.72214025259, "mean": 0.290290743113, "median": 0.279101073742, "min": 0.00460678385571, "var": 0.0133238779381}, "melbands_kurtosis": {"dmean": 35.2168045044, "dmean2": 55.8729438782, "dvar": 3751.26635742, "dvar2": 8498.53417969, "max": 1159.25683594, "mean": 66.1870269775, "median": 37.8482551575, "min": -1.78935599327, "var": 7705.75585938}, "melbands_skewness": {"dmean": 1.61751031876, "dmean2": 2.48264026642, "dvar": 3.53959369659, "dvar2": 7.3365521431, "max": 26.8126029968, "mean": 5.61412382126, "median": 4.99217605591, "min": -0.852905452251, "var": 10.4867134094}, "melbands_spread": {"dmean": 5.54107999802, "dmean2": 8.76543903351, "dvar": 102.082099915, "dvar2": 227.210983276, "max": 200.050765991, "mean": 13.0601501465, "median": 6.91215276718, "min": 0.295448482037, "var": 356.28326416}, "pitch_salience": {"dmean": 0.0864885449409, "dmean2": 0.142625555396, "dvar": 0.00622635288164, "dvar2": 0.016234157607, "max": 0.835122406483, "mean": 0.484088748693, "median": 0.483548730612, "min": 0.073548451066, "var": 0.0178350228816}, "silence_rate_20dB": {"dmean": 0, "dmean2": 0, "dvar": 0, "dvar2": 0, "max": 1, "mean": 1, "median": 1, "min": 1, "var": 0}, "silence_rate_30dB": {"dmean": 0.0983734577894, "dmean2": 0.196772515774, "dvar": 0.0887008607388, "dvar2": 0.183809369802, "max": 1, "mean": 0.905412435532, "median": 1, "min": 0, "var": 0.0856439545751}, "silence_rate_60dB": {"dmean": 0.0182173065841, "dmean2": 0.0364393554628, "dvar": 0.0178838614374, "dvar2": 0.0397971235216, "max": 1, "mean": 0.0611501447856, "median": 0, "min": 0, "var": 0.0574151314795}, "spectral_centroid": {"dmean": 303.190673828, "dmean2": 465.629943848, "dvar": 129197.164062, "dvar2": 271077.09375, "max": 11330.0195312, "mean": 1146.31616211, "median": 923.834472656, "min": 117.444801331, "var": 633277.0625}, "spectral_complexity": {"dmean": 4.28627204895, "dmean2": 6.48464345932, "dvar": 33.3377037048, "dvar2": 63.9573364258, "max": 61, "mean": 14.4751491547, "median": 11, "min": 0, "var": 129.283294678}, "spectral_decrease": {"dmean": 6.54600773586e-09, "dmean2": 1.06938147226e-08, "dvar": 1.27830188993e-16, "dvar2": 3.23107414584e-16, "max": 6.58163418376e-19, "mean": -1.26538273193e-08, "median": -1.00726555985e-08, "min": -8.63177547217e-08, "var": 1.48399457675e-16}, "spectral_energy": {"dmean": 0.0252444799989, "dmean2": 0.0411745272577, "dvar": 0.00186715519521, "dvar2": 0.00470682280138, "max": 0.328379154205, "mean": 0.0497222580016, "median": 0.0398313999176, "min": 1.03905638333e-20, "var": 0.00219034170732}, "spectral_energyband_high": {"dmean": 0.000661401718389, "dmean2": 0.00100669101812, "dvar": 2.18036007027e-06, "dvar2": 5.5173823057e-06, "max": 0.0216657035053, "mean": 0.00139543169644, "median": 0.000481352559291, "min": 7.49276677839e-21, "var": 5.36636844117e-06}, "spectral_energyband_low": {"dmean": 0.0218899678439, "dmean2": 0.0365608930588, "dvar": 0.00173223938327, "dvar2": 0.00444676727057, "max": 0.316941410303, "mean": 0.0359713472426, "median": 0.0269794035703, "min": 1.34576729557e-22, "var": 0.00188108102884}, "spectral_energyband_middle_high": {"dmean": 0.00119613949209, "dmean2": 0.00189732539002, "dvar": 6.4712467065e-06, "dvar2": 1.61239422596e-05, "max": 0.0276676919311, "mean": 0.0021889207419, "median": 0.00110954488628, "min": 1.52750178926e-21, "var": 9.36006927077e-06}, "spectral_energyband_middle_low": {"dmean": 0.00590925617144, "dmean2": 0.00918980687857, "dvar": 8.58747516759e-05, "dvar2": 0.00019419567252, "max": 0.114003911614, "mean": 0.0122911212966, "median": 0.00899182166904, "min": 4.08664759759e-22, "var": 0.000161266681971}, "spectral_entropy": {"dmean": 0.249817103148, "dmean2": 0.343674987555, "dvar": 0.0877522826195, "dvar2": 0.152520120144, "max": 9.80820941925, "mean": 7.38144445419, "median": 7.58785629272, "min": 3.60890698433, "var": 0.59206199646}, "spectral_flux": {"dmean": 0.0455023646355, "dmean2": 0.0726547464728, "dvar": 0.00397247914225, "dvar2": 0.00787148345262, "max": 0.489451348782, "mean": 0.105824194849, "median": 0.0827972963452, "min": 1.01934113927e-10, "var": 0.00655792979524}, "spectral_kurtosis": {"dmean": 2.17055225372, "dmean2": 3.45271277428, "dvar": 18.7520217896, "dvar2": 47.7447509766, "max": 104.284599304, "mean": 5.54049539566, "median": 3.21493697166, "min": -1.19391405582, "var": 67.1109619141}, "spectral_rms": {"dmean": 0.00151719001587, "dmean2": 0.00238388637081, "dvar": 4.28455905421e-06, "dvar2": 9.89137242868e-06, "max": 0.0178988799453, "mean": 0.00629553291947, "median": 0.00623377133161, "min": 3.18388696484e-12, "var": 8.87587430043e-06}, "spectral_rolloff": {"dmean": 516.585388184, "dmean2": 899.509643555, "dvar": 1751867.875, "dvar2": 4271755.5, "max": 18992.2851562, "mean": 922.162475586, "median": 301.46484375, "min": 64.599609375, "var": 2979934.25}, "spectral_skewness": {"dmean": 0.28613987565, "dmean2": 0.435452520847, "dvar": 0.141994059086, "dvar2": 0.329407542944, "max": 8.29287719727, "mean": 1.61336791515, "median": 1.40873646736, "min": -0.396287322044, "var": 0.668520629406}, "spectral_spread": {"dmean": 922403.8125, "dmean2": 1291384.375, "dvar": 1473405124610.0, "dvar2": 2463375294460.0, "max": 40979504, "mean": 5645830.5, "median": 5639442, "min": 711470.4375, "var": 4874850795520.0}, "spectral_strongpeak": {"dmean": 0.282449662685, "dmean2": 0.489170283079, "dvar": 0.230253949761, "dvar2": 0.663374722004, "max": 9.86238288879, "mean": 0.548936486244, "median": 0.47504645586, "min": 0, "var": 0.219219908118}, "zerocrossingrate": {"dmean": 0.0127417575568, "dmean2": 0.0156084150076, "dvar": 0.000284248817479, "dvar2": 0.000360566948075, "max": 0.521484375, "mean": 0.0514728240669, "median": 0.03857421875, "min": 0.001953125, "var": 0.00197822251357}, "barkbands": {"dmean": [0.000585498928558, 0.0181827396154, 0.00583875505254, 0.00277789169922, 0.0023005316034, 0.00150170538109, 0.000675796007272, 0.000315109326039, 0.000620617414825, 0.000219906345592, 0.00015682564117, 0.000108912870928, 0.000114535869216, 0.000128402622067, 0.000149438827066, 0.000156293433974, 0.000202156341402, 8.67156049935e-05, 0.000258332554949, 0.00015082299069, 0.0001552508038, 8.76621634234e-05, 9.74694339675e-05, 9.58118980634e-05, 0.000168016296811, 8.75495534274e-05, 3.64513653039e-05], "dmean2": [0.000973717251327, 0.0307900607586, 0.0100473565981, 0.00470908591524, 0.00371974613518, 0.00223951437511, 0.00106341973878, 0.000497685279697, 0.000990006607026, 0.00035832769936, 0.000268643227173, 0.000182183794095, 0.000194221705897, 0.000208252618904, 0.000261269800831, 0.000253844133113, 0.000327980407747, 0.000147023849422, 0.000413487141486, 0.000242544338107, 0.00024303268583, 0.000139342533657, 0.00015332615294, 0.000156558729941, 0.000278721796349, 0.000134183632326, 5.7367633417e-05], "dvar": [1.04741218365e-06, 0.00141989451367, 0.000105497972982, 2.72042016149e-05, 1.6634387066e-05, 5.41715280633e-06, 3.093617579e-06, 9.07480341539e-07, 1.75030015725e-06, 2.20564359665e-07, 1.30877054971e-07, 5.87200474911e-08, 7.15586665478e-08, 1.08812344024e-07, 2.48431405225e-07, 1.2004525729e-07, 3.31750555915e-07, 4.60883242681e-08, 3.4883461808e-07, 8.54564703445e-08, 1.14355870551e-07, 3.1402187517e-08, 3.92643748626e-08, 7.76285702386e-08, 3.79308801257e-07, 4.77322714687e-08, 1.28527259946e-08], "dvar2": [2.79315440821e-06, 0.00373047566973, 0.000295323610771, 7.15846836101e-05, 4.01036377298e-05, 1.11238587124e-05, 7.4664199019e-06, 2.02775481739e-06, 4.29965666626e-06, 5.30061186055e-07, 3.50264457438e-07, 1.499806217e-07, 1.88950721736e-07, 2.68258673941e-07, 7.01194721842e-07, 2.77812944205e-07, 8.32355851799e-07, 1.25440465126e-07, 8.61719911427e-07, 2.10429817571e-07, 2.65874774641e-07, 7.38490939511e-08, 9.61536770205e-08, 2.12386083831e-07, 1.04857770111e-06, 1.19521303077e-07, 3.18237205477e-08], "max": [0.0118351019919, 0.299261629581, 0.106289125979, 0.0654940903187, 0.0651366114616, 0.0455016493797, 0.0325834751129, 0.0281638130546, 0.0191743467003, 0.00697767501697, 0.00420526741073, 0.0034500930924, 0.00382991600782, 0.00637321034446, 0.00689719896764, 0.0101615004241, 0.0160883907229, 0.00541088031605, 0.0178801007569, 0.00488390959799, 0.00764107005671, 0.0040043508634, 0.00338566070423, 0.00395338796079, 0.00875364709646, 0.0029746661894, 0.00198015617207], "mean": [0.000728049664758, 0.0224373359233, 0.0107721174136, 0.00370402098633, 0.00410900590941, 0.00260351318866, 0.00071100203786, 0.000361749320291, 0.000648249406368, 0.000308574322844, 0.00016010098625, 0.000124166355818, 0.000121468881844, 0.000159377173986, 0.00015864839952, 0.000236529027461, 0.000296810554573, 0.000124652840896, 0.000432428350905, 0.000286832364509, 0.000320545426803, 0.000193210653379, 0.00017873851175, 0.000167052930919, 0.000205214208108, 0.000125703969388, 4.70426712127e-05], "median": [0.000232008082094, 0.0114547107369, 0.00738024665043, 0.00151371466927, 0.00264974310994, 0.00135311717167, 7.77350069256e-05, 6.06228677498e-05, 0.000109098677058, 8.29082928249e-05, 4.65578268631e-05, 4.42393647972e-05, 3.85665407521e-05, 4.09251733799e-05, 4.11239743698e-05, 9.2802416475e-05, 0.000119674405141, 5.28523851244e-05, 0.000141336815432, 0.000113306712592, 7.7108896221e-05, 4.33628301835e-05, 4.51567248092e-05, 4.24728241342e-05, 5.52987985429e-05, 3.08585076709e-05, 4.65062385047e-06], "min": [3.14428818105e-23, 6.43019961378e-23, 2.44971855765e-23, 3.72123675021e-23, 1.05505980888e-22, 1.23218293725e-22, 3.83024060346e-23, 5.28428101465e-23, 5.00776033937e-23, 1.44510403708e-23, 1.33360990773e-23, 1.54511042684e-22, 7.60775816164e-23, 1.49723717218e-22, 1.65389649137e-22, 7.47784476124e-23, 1.6628575726e-22, 2.483232903e-22, 2.27810331923e-22, 3.28162905398e-22, 4.38995514931e-22, 5.48092277063e-22, 6.04546647051e-22, 9.91579124227e-22, 1.09800017114e-21, 1.43377138123e-21, 2.45509326264e-21], "var": [1.53746634624e-06, 0.00133207417093, 0.000134581714519, 3.57651879312e-05, 2.5716923119e-05, 1.15767215902e-05, 3.48387584381e-06, 1.22370477129e-06, 2.06995628105e-06, 4.20053140715e-07, 1.08627922657e-07, 5.75484904175e-08, 6.61862458173e-08, 1.53762030664e-07, 1.92667386045e-07, 2.48239302891e-07, 4.2845255166e-07, 4.81314614831e-08, 5.69406097384e-07, 1.85389538387e-07, 4.06748938531e-07, 1.55028388349e-07, 1.20779262147e-07, 1.16907990844e-07, 2.86874211497e-07, 6.45005684419e-08, 1.55806336721e-08]}, "erbbands": {"dmean": [0.515816092491, 4.21239566803, 7.04941892624, 7.61618089676, 9.05417442322, 7.58523988724, 11.0959787369, 11.5516262054, 8.49231338501, 8.88362693787, 8.91859817505, 14.4658269882, 8.40158462524, 6.29668998718, 6.04876327515, 4.00377464294, 5.21765470505, 5.94974899292, 6.6558008194, 8.13518810272, 9.08095932007, 10.0328006744, 5.70665979385, 10.1080589294, 11.6476631165, 7.11756086349, 8.41450881958, 3.92316579819, 3.28182458878, 2.92908740044, 2.99227499962, 2.09217905998, 1.56639230251, 1.54755520821, 1.392547369, 0.508787572384, 0.133437976241, 0.0360418669879, 0.00582475401461, 0.000455682806205], "dmean2": [0.847070276737, 7.22066116333, 12.1887302399, 13.1199865341, 15.0051345825, 12.6853370667, 17.5026111603, 16.9591579437, 12.9577894211, 14.1504764557, 13.8493299484, 23.1338596344, 13.4780960083, 10.4449453354, 10.1306447983, 6.64844846725, 8.81733131409, 9.55530452728, 11.4181165695, 13.6348619461, 15.0347299576, 16.2758102417, 9.48750209808, 16.4292354584, 18.6417694092, 11.4571151733, 13.2620315552, 5.97282791138, 5.31451749802, 4.54500007629, 4.85525274277, 3.47484493256, 2.5822532177, 2.52730536461, 2.34419584274, 0.810899794102, 0.204736113548, 0.0550101958215, 0.00911805778742, 0.000724696728867], "dvar": [1.03290057182, 81.0551300049, 169.552276611, 161.536621094, 452.574920654, 131.815414429, 298.536346436, 355.3074646, 376.854095459, 730.045043945, 692.178833008, 958.712341309, 317.474639893, 237.086746216, 173.885253906, 80.1822662354, 143.014877319, 233.126968384, 363.272003174, 509.881103516, 413.113006592, 715.61138916, 215.359512329, 522.633178711, 616.197631836, 203.195465088, 327.655609131, 70.308631897, 47.1753158569, 35.0767936707, 38.2889785767, 30.5148487091, 22.2196216583, 28.2876873016, 25.6916427612, 1.9649361372, 0.108746796846, 0.00813247729093, 0.000298225553706, 2.16656280827e-06], "dvar2": [2.71883416176, 214.431793213, 468.895019531, 437.865112305, 1151.16870117, 347.332275391, 707.762573242, 696.148071289, 863.589782715, 1736.66589355, 1520.26928711, 2353.06689453, 770.087280273, 590.696533203, 455.267608643, 204.651428223, 371.668579102, 560.825439453, 992.907470703, 1377.80090332, 1038.16296387, 1816.83947754, 573.420471191, 1282.55444336, 1525.28039551, 500.550140381, 776.079162598, 158.130340576, 114.293830872, 81.6208343506, 97.0197601318, 84.7507705688, 60.0873947144, 76.8288116455, 71.2054138184, 5.08921909332, 0.270157456398, 0.0194188822061, 0.000741271709558, 5.47534227735e-06], "max": [9.42374229431, 66.7116928101, 121.040657043, 168.240585327, 283.182312012, 166.498291016, 291.035522461, 329.400787354, 401.711639404, 656.390869141, 759.833862305, 489.149414062, 330.43536377, 242.281524658, 214.353118896, 125.448783875, 162.45892334, 297.586761475, 239.179763794, 384.378570557, 400.754943848, 568.42388916, 332.605407715, 624.072387695, 570.339416504, 211.527252197, 406.437347412, 230.392105103, 150.035186768, 118.273704529, 107.15914917, 81.9518508911, 69.5059509277, 72.4109725952, 72.6797027588, 19.7539291382, 4.67703104019, 1.65974068642, 0.306498736143, 0.0254074577242], "mean": [0.650253415108, 5.01145172119, 12.5453929901, 12.6098232269, 12.4874258041, 13.4845733643, 21.1639595032, 18.5883560181, 10.6468400955, 9.26958370209, 10.3931694031, 15.4102077484, 11.670249939, 7.20372200012, 7.1163816452, 4.86669301987, 5.76667261124, 7.70387840271, 7.34463787079, 11.1486663818, 13.2533464432, 15.1125249863, 9.04258728027, 16.4305171967, 19.7682418823, 13.9011793137, 16.4760532379, 8.65087127686, 7.19499015808, 5.6378698349, 5.32956171036, 3.71612763405, 2.58209133148, 2.15279626846, 1.5543115139, 0.658656477928, 0.196411296725, 0.0513956621289, 0.00775418849662, 0.000581455999054], "median": [0.294775664806, 2.47812223434, 8.67442321777, 8.68011283875, 6.41757249832, 8.41456508636, 12.6419706345, 8.15043926239, 2.40859222412, 1.08283901215, 1.78252148628, 2.70736122131, 2.61317324638, 2.27553343773, 2.53232717514, 1.87748706341, 1.9736289978, 1.99684464931, 2.21951580048, 3.395652771, 5.64744758606, 6.70578861237, 3.91898822784, 6.99606752396, 5.56560945511, 5.44337272644, 4.52554178238, 2.16499328613, 1.69175159931, 1.21304893494, 1.49510395527, 1.09434843063, 0.591505527496, 0.549575209618, 0.393515706062, 0.186986476183, 0.0450913272798, 0.00910152960569, 0.000833834288642, 0.000100597622804], "min": [3.8311794994e-21, 7.52654870536e-21, 1.97873073191e-20, 8.55157217963e-20, 2.03456186897e-19, 4.16332978694e-19, 9.18838118086e-19, 8.40276277517e-19, 5.34533365915e-19, 5.96712377464e-19, 1.35245043449e-18, 1.26606217285e-18, 4.3316310563e-19, 5.31045610561e-19, 1.74695954519e-18, 5.87879122498e-18, 4.46645808402e-18, 5.31292110383e-18, 8.56737595637e-18, 7.17601597984e-18, 5.27617236435e-18, 9.30148799666e-18, 1.07036964469e-17, 1.43674158647e-17, 1.3691448004e-17, 1.44955345611e-17, 1.79993657567e-17, 1.76723316298e-17, 1.96423367048e-17, 1.77980895526e-17, 1.63644962156e-17, 2.01961407424e-17, 1.63677519985e-17, 1.19255340287e-17, 7.92253407496e-18, 5.9281035972e-18, 2.79615667492e-18, 9.92205833094e-19, 3.39236178387e-19, 3.9643083221e-20], "var": [1.1182090044, 70.8196640015, 193.106948853, 217.363174438, 480.889343262, 236.566711426, 678.504699707, 754.582397461, 518.042114258, 766.321899414, 940.895874023, 1141.0423584, 598.948669434, 254.741897583, 167.942672729, 81.4837341309, 137.643981934, 351.861999512, 307.190979004, 681.771606445, 603.694335938, 852.254882812, 244.458465576, 732.78717041, 1207.2166748, 439.30355835, 1020.13342285, 297.038818359, 222.089630127, 123.864761353, 106.406013489, 51.1446228027, 30.1597042084, 26.3743572235, 18.4053134918, 1.95388364792, 0.164054706693, 0.0134778674692, 0.000387684849557, 2.23050255954e-06]}, "gfcc": {"mean": [-13.9960737228, 80.67162323, -68.9399490356, 53.046043396, -32.3940391541, 6.17098999023, -31.2084503174, 9.97216033936, -28.6302547455, -0.339859068394, -16.5180740356, 3.67044520378, -3.6538579464], "cov": [[12462.9785156, -2878.71679688, 157.766921997, -73.2326278687, -1514.06469727, 639.275939941, -304.968505859, 480.887054443, 92.5464782715, 459.265594482, -226.605224609, -114.666374207, -646.696899414], [-2878.71679688, 2315.54980469, -424.835784912, -167.75189209, 471.742889404, -436.569854736, 104.055679321, -92.3050231934, 2.52423501015, -164.156768799, 142.043258667, -13.6581602097, 245.608459473], [157.766921997, -424.835784912, 1297.11364746, 172.194213867, 166.041000366, 307.992767334, 58.0404624939, 84.9759521484, 78.3305969238, 20.9333305359, -40.9505577087, 42.6311569214, -88.7235183716], [-73.2326278687, -167.75189209, 172.194213867, 398.292358398, 136.995834351, 119.472084045, 31.55727005, -5.94906282425, -17.2666606903, -20.7616138458, -18.49883461, -18.6085643768, -7.22449636459], [-1514.06469727, 471.742889404, 166.041000366, 136.995834351, 545.703308105, -9.86127281189, 88.8949966431, -72.5010528564, -19.6178264618, -121.960250854, 17.2353134155, 20.483499527, 115.108924866], [639.275939941, -436.569854736, 307.992767334, 119.472084045, -9.86127281189, 356.576416016, 31.7180309296, 103.268127441, 45.7205657959, 50.0031967163, -71.8187866211, -19.155916214, -89.7989654541], [-304.968505859, 104.055679321, 58.0404624939, 31.55727005, 88.8949966431, 31.7180309296, 173.968185425, 17.441242218, 22.6943759918, -6.31462669373, -0.406443238258, -41.2883491516, 18.4828300476], [480.887054443, -92.3050231934, 84.9759521484, -5.94906282425, -72.5010528564, 103.268127441, 17.441242218, 167.585372925, 52.6709098816, 60.1189842224, -9.7172794342, 6.08826255798, -57.4864044189], [92.5464782715, 2.52423501015, 78.3305969238, -17.2666606903, -19.6178264618, 45.7205657959, 22.6943759918, 52.6709098816, 109.960281372, 49.6171379089, 1.15976881981, -7.44633483887, -18.7004299164], [459.265594482, -164.156768799, 20.9333305359, -20.7616138458, -121.960250854, 50.0031967163, -6.31462669373, 60.1189842224, 49.6171379089, 139.917388916, 31.2228870392, 7.46277284622, -45.3927497864], [-226.605224609, 142.043258667, -40.9505577087, -18.49883461, 17.2353134155, -71.8187866211, -0.406443238258, -9.7172794342, 1.15976881981, 31.2228870392, 104.061889648, 53.0102806091, 30.1618099213], [-114.666374207, -13.6581602097, 42.6311569214, -18.6085643768, 20.483499527, -19.155916214, -41.2883491516, 6.08826255798, -7.44633483887, 7.46277284622, 53.0102806091, 111.490745544, 44.8146514893], [-646.696899414, 245.608459473, -88.7235183716, -7.22449636459, 115.108924866, -89.7989654541, 18.4828300476, -57.4864044189, -18.7004299164, -45.3927497864, 30.1618099213, 44.8146514893, 122.170982361]], "icov": [[0.000161440300872, 9.74872891675e-05, 1.58886705321e-05, -1.02668927866e-05, 0.000256279628957, -5.23136368429e-05, 9.78719908744e-05, -0.000204918062082, 5.55544866074e-05, -3.65077539755e-05, 3.91355424654e-05, 5.05866482854e-05, 0.000245085306233], [9.74872891675e-05, 0.00104627001565, 9.59237077041e-05, 0.000400970777264, -0.00059482222423, 0.000636205251794, 0.000328395137331, -0.0010592774488, -0.000411822460592, 0.000695147900842, -0.00141846179031, 0.00169547658879, -0.00109051866457], [1.58886705321e-05, 9.59237077041e-05, 0.0012215472525, -0.000153957444127, -0.000518934684806, -0.000525553652551, -0.000486308970721, 0.000293254794087, -0.000761917268392, 0.000189826416317, 0.00039149573422, -0.001505629858, 0.00149302370846], [-1.02668927866e-05, 0.000400970777264, -0.000153957444127, 0.00344656012021, -0.00107282376848, -0.00102283444721, 0.000325721746776, -0.000147724378621, 0.000795245578047, 0.000221124864765, -0.00133006868418, 0.0017969958717, -0.000755148357712], [0.000256279628957, -0.00059482222423, -0.000518934684806, -0.00107282376848, 0.00448907725513, -0.00112688890658, -0.000873597746249, 0.00067997170845, -7.50802937546e-05, 0.00203730678186, -0.000403061916586, -0.000534837832674, -0.00145250349306], [-5.23136368429e-05, 0.000636205251794, -0.000525553652551, -0.00102283444721, -0.00112688890658, 0.00663514342159, -0.0010958147468, -0.00197063921951, -0.000614022952504, -0.0015930958325, 0.00385048496537, -0.00150373426732, 0.00209427927621], [9.78719908744e-05, 0.000328395137331, -0.000486308970721, 0.000325721746776, -0.000873597746249, -0.0010958147468, 0.00910628214478, -0.00264003151096, -0.000453361368272, 0.000378986733267, -0.00373472762294, 0.00753973796964, -0.00485054869205], [-0.000204918062082, -0.0010592774488, 0.000293254794087, -0.000147724378621, 0.00067997170845, -0.00197063921951, -0.00264003151096, 0.0113331526518, -0.00261799641885, -0.00200649071485, 0.00285169575363, -0.00604827562347, 0.00526037765667], [5.55544866074e-05, -0.000411822460592, -0.000761917268392, 0.000795245578047, -7.50802937546e-05, -0.000614022952504, -0.000453361368272, -0.00261799641885, 0.0132440458983, -0.00454537896439, 0.000574959500227, 0.00178719079122, -0.00138730811886], [-3.65077539755e-05, 0.000695147900842, 0.000189826416317, 0.000221124864765, 0.00203730678186, -0.0015930958325, 0.000378986733267, -0.00200649071485, -0.00454537896439, 0.0148021681234, -0.00807473249733, 0.00193531671539, 0.000555805163458], [3.91355424654e-05, -0.00141846179031, 0.00039149573422, -0.00133006868418, -0.000403061916586, 0.00385048496537, -0.00373472762294, 0.00285169575363, 0.000574959500227, -0.00807473249733, 0.0223034247756, -0.0132767055184, 0.00483294390142], [5.05866482854e-05, 0.00169547658879, -0.001505629858, 0.0017969958717, -0.000534837832674, -0.00150373426732, 0.00753973796964, -0.00604827562347, 0.00178719079122, 0.00193531671539, -0.0132767055184, 0.0248154066503, -0.0135482558981], [0.000245085306233, -0.00109051866457, 0.00149302370846, -0.000755148357712, -0.00145250349306, 0.00209427927621, -0.00485054869205, 0.00526037765667, -0.00138730811886, 0.000555805163458, 0.00483294390142, -0.0135482558981, 0.0226022228599]]}, "melbands": {"dmean": [0.0048953644, 0.0041580433026, 0.00134904508013, 0.000569571217056, 0.000352123257471, 0.000259007472778, 0.000135652473546, 8.57701234054e-05, 8.29126802273e-05, 8.7696382252e-05, 4.1539886297e-05, 2.57690571743e-05, 2.12670238398e-05, 1.29830123115e-05, 1.13571695692e-05, 1.07636515168e-05, 1.19039550555e-05, 1.0686967471e-05, 1.18103125715e-05, 1.10501332529e-05, 1.1175074178e-05, 1.13289142973e-05, 8.92254138307e-06, 3.5949467474e-06, 9.10458311409e-06, 1.0308369383e-05, 6.62226375425e-06, 4.84589645566e-06, 5.64645688428e-06, 4.13668658439e-06, 2.08781852962e-06, 1.99535384127e-06, 1.89241461612e-06, 1.71898466306e-06, 1.97387817025e-06, 1.3318085621e-06, 1.33799790092e-06, 1.07714527076e-06, 1.19105698104e-06, 1.44871444263e-06], "dmean2": [0.00821786187589, 0.00713125383481, 0.0022905850783, 0.000930099806283, 0.000555705977604, 0.000381084508263, 0.000207968303584, 0.000136438451591, 0.000128787796712, 0.000140568372444, 6.71410671202e-05, 4.28221355833e-05, 3.61153142876e-05, 2.1629179173e-05, 1.92562074517e-05, 1.81790837814e-05, 1.9094788513e-05, 1.818191231e-05, 2.08606070373e-05, 1.75800432771e-05, 1.87975165318e-05, 1.84994441952e-05, 1.47486889546e-05, 6.07698257227e-06, 1.48746257764e-05, 1.66645459103e-05, 1.06239331217e-05, 7.89777823229e-06, 9.00130271475e-06, 6.56344855088e-06, 3.29210479322e-06, 3.31698674927e-06, 2.97106475955e-06, 2.72401643997e-06, 3.2179509617e-06, 2.18192121793e-06, 2.26216138799e-06, 1.78518280336e-06, 1.99507439902e-06, 2.39392738877e-06], "dvar": [0.000100967030448, 6.63370083203e-05, 5.49945434614e-06, 1.17167644476e-06, 2.58613795268e-07, 1.7138148678e-07, 9.91203776834e-08, 6.16666824271e-08, 4.82090456444e-08, 3.51922864184e-08, 8.13718337156e-09, 4.12362144431e-09, 2.26581642337e-09, 8.30078561442e-10, 5.72912550734e-10, 8.16946232884e-10, 1.00345676213e-09, 7.70283392626e-10, 1.95006144565e-09, 7.6582090669e-10, 7.72939823257e-10, 9.87696480159e-10, 7.84153630917e-10, 6.07269026731e-11, 4.34598662613e-10, 5.8339177933e-10, 1.7138049313e-10, 9.35041766237e-11, 1.35289557335e-10, 9.27559765107e-11, 2.13657598558e-11, 2.03182141251e-11, 1.41964036013e-11, 1.32387703231e-11, 1.70008104816e-11, 8.68434924667e-12, 1.34425456877e-11, 1.02580314035e-11, 1.25679119889e-11, 2.50200450636e-11], "dvar2": [0.000266653747531, 0.000177077250555, 1.44733376146e-05, 2.85264968625e-06, 6.21498031705e-07, 3.36607172358e-07, 2.31367408787e-07, 1.46237070453e-07, 1.06238786657e-07, 8.65850893206e-08, 1.99454461836e-08, 1.02251371814e-08, 6.00110716675e-09, 2.12788897613e-09, 1.50227019713e-09, 2.15289230887e-09, 2.40820852149e-09, 2.07153960652e-09, 5.55386447942e-09, 1.68549052493e-09, 1.97340033203e-09, 2.44765119284e-09, 2.07660844076e-09, 1.63129718067e-10, 1.07144981776e-09, 1.4441515761e-09, 4.31190916306e-10, 2.31856200905e-10, 3.20888843275e-10, 2.27603144665e-10, 5.08351728767e-11, 5.32345834081e-11, 3.27185223359e-11, 3.20453177882e-11, 4.31732115336e-11, 2.30116446731e-11, 3.81710288377e-11, 2.77399752474e-11, 3.3453698145e-11, 6.81767073352e-11], "max": [0.0850299447775, 0.0661772713065, 0.0265159569681, 0.016759024933, 0.00799113512039, 0.00778938876465, 0.0065615111962, 0.00589640112594, 0.0056995456107, 0.0026732198894, 0.00169941759668, 0.00101899879519, 0.000607156427577, 0.00050944078248, 0.000313842581818, 0.000466133002192, 0.000688167347107, 0.000331425486365, 0.000604140688665, 0.000911798910238, 0.000756459194236, 0.00087984406855, 0.000851197983138, 0.000118534742796, 0.000576719467063, 0.000700951146428, 0.000238200911554, 0.000134886518936, 0.000262433954049, 0.000258025422227, 0.000136885268148, 0.000107441934233, 7.30263855075e-05, 7.98403998488e-05, 7.2290058597e-05, 4.92018516525e-05, 5.70876363781e-05, 4.7582667321e-05, 4.75531633128e-05, 6.6294131102e-05], "mean": [0.00603573489934, 0.00671787839383, 0.00225529680029, 0.000933889939915, 0.000701707729604, 0.00042584061157, 0.000162516706041, 9.14199845283e-05, 9.36633950914e-05, 9.28396111703e-05, 5.63449939364e-05, 2.85778514808e-05, 2.30605437537e-05, 1.60280742421e-05, 1.23077343233e-05, 1.14344011308e-05, 1.5258453459e-05, 1.17659828902e-05, 1.20408203657e-05, 1.79047328857e-05, 1.48159424498e-05, 1.60622639669e-05, 1.30995440486e-05, 5.24597726326e-06, 1.41547216117e-05, 1.627767233e-05, 1.10640785351e-05, 8.72236523719e-06, 1.04943437691e-05, 7.9889277913e-06, 4.12777035308e-06, 4.1142820919e-06, 3.61685056305e-06, 2.93822904496e-06, 3.25397445522e-06, 2.39163182414e-06, 2.22077278522e-06, 1.67422967934e-06, 1.91006847672e-06, 1.79697190106e-06], "median": [0.0029991818592, 0.00477915164083, 0.00158554827794, 0.000548787182197, 0.000462387921289, 0.000198782829102, 2.85237110802e-05, 1.13737332867e-05, 1.63879522006e-05, 1.64499597304e-05, 1.19236156024e-05, 8.76347530721e-06, 7.7315071394e-06, 5.82395841775e-06, 4.20646210841e-06, 3.5016014408e-06, 3.57963153874e-06, 3.41032773576e-06, 2.9455695767e-06, 6.26521568847e-06, 5.88942748436e-06, 6.41394490231e-06, 4.78815582028e-06, 2.37226504396e-06, 5.98837777943e-06, 4.20801052314e-06, 3.2064494917e-06, 3.47797276845e-06, 2.98471104543e-06, 1.74636841166e-06, 1.02297644844e-06, 9.10003222998e-07, 8.29146756587e-07, 5.81334575145e-07, 9.18135640404e-07, 6.18622550519e-07, 6.54966413549e-07, 3.3273508393e-07, 4.7612167009e-07, 4.27646796197e-07], "min": [2.76014352801e-23, 9.67044704416e-24, 1.7596381839e-23, 2.28070242658e-23, 2.86765769633e-23, 1.97493709982e-23, 7.71984015015e-24, 7.22188826981e-24, 1.1876131323e-23, 7.13289529337e-24, 2.13795780913e-24, 2.19513996956e-24, 3.86583377085e-24, 1.22636892194e-23, 1.50658138738e-23, 7.84208992463e-24, 1.12722622444e-23, 1.48331740596e-23, 1.2757981574e-23, 6.3336667837e-24, 6.44065288852e-24, 1.11053511097e-23, 6.10880789912e-24, 1.34580459292e-23, 1.11369292118e-23, 9.65756888988e-24, 1.33005892925e-23, 7.66496540786e-24, 8.99030300459e-24, 1.22138150664e-23, 1.01285977364e-23, 1.10852146463e-23, 1.02431427064e-23, 1.03092366285e-23, 8.63323063787e-24, 1.07831779495e-23, 1.33025188463e-23, 1.15266643643e-23, 9.60912888599e-24, 1.03557344568e-23], "var": [9.74384893198e-05, 6.65247789584e-05, 6.96332654115e-06, 1.67790221894e-06, 6.14255611708e-07, 3.66874701285e-07, 1.30023622091e-07, 6.69619240057e-08, 6.57751826338e-08, 4.16033714146e-08, 1.49178038811e-08, 4.41655512162e-09, 1.97497795895e-09, 8.50689352294e-10, 5.46648226685e-10, 7.13517633866e-10, 1.60085233958e-09, 7.22411741538e-10, 1.36263678119e-09, 1.95960181415e-09, 9.90045601057e-10, 1.26828703095e-09, 8.2635931431e-10, 7.01598223962e-11, 5.81714287851e-10, 9.39713307169e-10, 3.58569118841e-10, 1.79134998501e-10, 4.07879452435e-10, 2.69186006818e-10, 7.26066706758e-11, 7.9204275083e-11, 5.29449296904e-11, 3.64113357521e-11, 4.18483095399e-11, 2.22771506103e-11, 1.84343790233e-11, 1.34980924008e-11, 1.72111977448e-11, 2.11986331267e-11]}, "mfcc": {"mean": [-674.018554688, 114.824699402, 26.4504261017, 52.4704742432, 21.8626270294, 9.51113033295, 10.9810905457, 7.41115236282, 2.88774561882, 0.871655583382, -9.08235836029, -3.38164997101, -0.213425531983], "cov": [[10868.1230469, -2011.19360352, 207.242416382, -611.071166992, -924.631835938, -249.402511597, -283.836029053, -266.740753174, 71.5854110718, 292.097686768, 433.923065186, 209.031494141, 90.9995880127], [-2011.19360352, 1911.85791016, -456.187866211, 177.809677124, 145.606903076, -163.555877686, 30.2529449463, 24.9061832428, -47.8378067017, -60.8272590637, -144.758590698, -41.8352813721, -15.1596279144], [207.242416382, -456.187866211, 983.288208008, -19.9224872589, 125.288459778, 168.5128479, 19.8246936798, 117.836044312, 77.6822662354, 74.7730178833, 135.855712891, 41.710269928, 37.306186676], [-611.071166992, 177.809677124, -19.9224872589, 351.238189697, 159.763626099, 75.0648345947, 84.9280776978, 39.5051727295, -9.74596118927, -32.2998809814, -66.9125823975, -20.8444900513, -10.8912906647], [-924.631835938, 145.606903076, 125.288459778, 159.763626099, 342.61340332, 150.2003479, 72.3972167969, 105.588722229, 18.5303039551, -25.3597259521, -53.2597389221, -33.2478713989, 5.8603644371], [-249.402511597, -163.555877686, 168.5128479, 75.0648345947, 150.2003479, 225.000427246, 76.9563446045, 74.0878829956, 51.7122535706, 25.1355609894, 0.883037924767, -16.3399868011, -9.37330722809], [-283.836029053, 30.2529449463, 19.8246936798, 84.9280776978, 72.3972167969, 76.9563446045, 145.750595093, 55.7249755859, 21.681186676, 12.0555095673, -15.4761590958, -15.3166646957, -9.39767742157], [-266.740753174, 24.9061832428, 117.836044312, 39.5051727295, 105.588722229, 74.0878829956, 55.7249755859, 145.732955933, 53.7493972778, 20.2769107819, 3.99449849129, -6.65992307663, 4.63995409012], [71.5854110718, -47.8378067017, 77.6822662354, -9.74596118927, 18.5303039551, 51.7122535706, 21.681186676, 53.7493972778, 113.715248108, 63.2470703125, 23.8369083405, 3.33530116081, -2.29141736031], [292.097686768, -60.8272590637, 74.7730178833, -32.2998809814, -25.3597259521, 25.1355609894, 12.0555095673, 20.2769107819, 63.2470703125, 123.895118713, 76.5770874023, 19.0256214142, 6.70949316025], [433.923065186, -144.758590698, 135.855712891, -66.9125823975, -53.2597389221, 0.883037924767, -15.4761590958, 3.99449849129, 23.8369083405, 76.5770874023, 131.668716431, 60.5337219238, 18.5761432648], [209.031494141, -41.8352813721, 41.710269928, -20.8444900513, -33.2478713989, -16.3399868011, -15.3166646957, -6.65992307663, 3.33530116081, 19.0256214142, 60.5337219238, 91.5718994141, 44.6528625488], [90.9995880127, -15.1596279144, 37.306186676, -10.8912906647, 5.8603644371, -9.37330722809, -9.39767742157, 4.63995409012, -2.29141736031, 6.70949316025, 18.5761432648, 44.6528625488, 75.7860412598]], "icov": [[0.000155192814418, 0.000130998509121, 2.05839842238e-05, -9.59974113357e-06, 0.000278784602415, 4.98008957948e-05, 9.68367967289e-05, 3.10209325107e-05, -3.99833406846e-05, -0.000156652866281, -0.000170327417436, 4.06042709074e-05, -0.0001464591478], [0.000130998509121, 0.000879626197275, 0.000265409500571, -0.000178715083166, -0.000418530980824, 0.00106361601502, -4.14671885665e-05, -0.000270315154921, 7.24319688743e-05, -0.000623047351837, 0.000465218996396, -0.000307209760649, 0.000161971285706], [2.05839842238e-05, 0.000265409500571, 0.00162923499011, -2.91810920316e-05, -0.000445249024779, -0.000548498821445, 0.00036949373316, -0.000697016483173, -0.000361769256415, 0.000588191556744, -0.0020708872471, 0.000663205224555, -0.00066890619928], [-9.59974113357e-06, -0.000178715083166, -2.91810920316e-05, 0.00434562005103, -0.00154667079914, -0.000292227894533, -0.00170892174356, 0.000400473596528, 0.000778544694185, -0.000520133064128, 0.00203185598366, -0.00169404421467, 0.00103136245161], [0.000278784602415, -0.000418530980824, -0.000445249024779, -0.00154667079914, 0.00722949160263, -0.00363221368752, 0.000791369762737, -0.00258321547881, 0.000727148319129, 0.000833980506286, 0.000385011604521, 0.0015906970948, -0.00225700694136], [4.98008957948e-05, 0.00106361601502, -0.000548498821445, -0.000292227894533, -0.00363221368752, 0.00977540947497, -0.00269545055926, -6.8511122663e-05, -0.00197178404778, -0.00113580620382, 0.000493032915983, -0.000287982868031, 0.00163058878388], [9.68367967289e-05, -4.14671885665e-05, 0.00036949373316, -0.00170892174356, 0.000791369762737, -0.00269545055926, 0.0102596990764, -0.00285846064799, 0.000759136222769, -0.00158144615125, 0.000653267314192, 0.000197594490601, 0.000387034611776], [3.10209325107e-05, -0.000270315154921, -0.000697016483173, 0.000400473596528, -0.00258321547881, -6.8511122663e-05, -0.00285846064799, 0.0121597573161, -0.00490396469831, 0.00142604217399, -0.00152087642346, 0.00112529948819, -0.00116306566633], [-3.99833406846e-05, 7.24319688743e-05, -0.000361769256415, 0.000778544694185, 0.000727148319129, -0.00197178404778, 0.000759136222769, -0.00490396469831, 0.0163611304015, -0.00927572324872, 0.00497860647738, -0.00291210436262, 0.00225810660049], [-0.000156652866281, -0.000623047351837, 0.000588191556744, -0.000520133064128, 0.000833980506286, -0.00113580620382, -0.00158144615125, 0.00142604217399, -0.00927572324872, 0.0201943609864, -0.0133773004636, 0.0061817090027, -0.00322079285979], [-0.000170327417436, 0.000465218996396, -0.0020708872471, 0.00203185598366, 0.000385011604521, 0.000493032915983, 0.000653267314192, -0.00152087642346, 0.00497860647738, -0.0133773004636, 0.0247404873371, -0.0141739938408, 0.00543621601537], [4.06042709074e-05, -0.000307209760649, 0.000663205224555, -0.00169404421467, 0.0015906970948, -0.000287982868031, 0.000197594490601, 0.00112529948819, -0.00291210436262, 0.0061817090027, -0.0141739938408, 0.0250858105719, -0.0128247113898], [-0.0001464591478, 0.000161971285706, -0.00066890619928, 0.00103136245161, -0.00225700694136, 0.00163058878388, 0.000387034611776, -0.00116306566633, 0.00225810660049, -0.00322079285979, 0.00543621601537, -0.0128247113898, 0.0209534019232]]}, "spectral_contrast_coeffs": {"dmean": [0.0502731464803, 0.0562887564301, 0.0411088243127, 0.0317620337009, 0.0237221103162, 0.0222072266042], "dmean2": [0.0823303535581, 0.0885754004121, 0.0661083757877, 0.0518392287195, 0.0374628715217, 0.0354055017233], "dvar": [0.00175288226455, 0.00226419535466, 0.00119541236199, 0.000667090876959, 0.000449321931228, 0.000543140457012], "dvar2": [0.00460149114951, 0.00515662971884, 0.00290388893336, 0.00165440386627, 0.000966096413322, 0.0012442014413], "max": [-0.318850696087, -0.272598922253, -0.557549476624, -0.546830713749, -0.552309036255, -0.525576531887], "mean": [-0.652143776417, -0.700318694115, -0.791737496853, -0.800746738911, -0.790436327457, -0.773420035839], "median": [-0.655842959881, -0.717278599739, -0.798986434937, -0.807052850723, -0.793273925781, -0.775569140911], "min": [-0.962345421314, -0.95368629694, -0.956543803215, -0.964228928089, -0.965329885483, -0.958600461483], "var": [0.00581450480968, 0.00950799323618, 0.00355758331716, 0.0023600878194, 0.00196461845189, 0.0015521972673]}, "spectral_contrast_valleys": {"dmean": [0.423842936754, 0.537147223949, 0.518702447414, 0.445387423038, 0.379363536835, 0.457647889853], "dmean2": [0.676844596863, 0.785549044609, 0.773472845554, 0.655194938183, 0.531768739223, 0.590080440044], "dvar": [0.174132525921, 0.250953644514, 0.250217378139, 0.219970092177, 0.191744148731, 0.404047369957], "dvar2": [0.356670051813, 0.477660596371, 0.499592632055, 0.435890823603, 0.334299296141, 0.752056539059], "max": [-4.8533873558, -4.94433116913, -5.46513414383, -5.60285663605, -5.3823723793