{"lowlevel": {"average_loudness": 0.873808860779, "barkbands_crest": {"dmean": 2.46788883209, "dmean2": 3.82746481895, "dvar": 6.03780984879, "dvar2": 13.8634929657, "max": 25.7926483154, "mean": 12.5234079361, "median": 11.9054107666, "min": 3.51522064209, "var": 16.1486682892}, "barkbands_flatness_db": {"dmean": 0.0413666330278, "dmean2": 0.0613946281374, "dvar": 0.00190714350902, "dvar2": 0.00416962988675, "max": 0.621884346008, "mean": 0.302316665649, "median": 0.284828931093, "min": 0.0750866979361, "var": 0.0120553988963}, "barkbands_kurtosis": {"dmean": 7.53222179413, "dmean2": 11.112953186, "dvar": 137.023849487, "dvar2": 313.399658203, "max": 144.723602295, "mean": 11.2485923767, "median": 4.72283697128, "min": -1.87276721001, "var": 257.804138184}, "barkbands_skewness": {"dmean": 0.893543899059, "dmean2": 1.23625767231, "dvar": 0.833742558956, "dvar2": 1.75890040398, "max": 9.90003108978, "mean": 2.17570996284, "median": 1.9466458559, "min": -4.72873306274, "var": 3.57723021507}, "barkbands_spread": {"dmean": 4.62805891037, "dmean2": 7.11404800415, "dvar": 38.0228500366, "dvar2": 89.8022689819, "max": 84.4443206787, "mean": 10.0892543793, "median": 6.80365419388, "min": 0.326748132706, "var": 88.8381118774}, "dissonance": {"dmean": 0.0434448085725, "dmean2": 0.0735026746988, "dvar": 0.00227857660502, "dvar2": 0.00617283629254, "max": 0.500000178814, "mean": 0.409548938274, "median": 0.432458907366, "min": 0.0178765524179, "var": 0.00601118197665}, "dynamic_complexity": 3.31769371033, "erbbands_crest": {"dmean": 3.29208493233, "dmean2": 4.87640953064, "dvar": 8.62070655823, "dvar2": 17.8595046997, "max": 32.4336204529, "mean": 11.3693943024, "median": 10.3182983398, "min": 2.60645246506, "var": 26.7895259857}, "erbbands_flatness_db": {"dmean": 0.0262110941112, "dmean2": 0.0384050495923, "dvar": 0.000750162347686, "dvar2": 0.00147589237895, "max": 0.600814223289, "mean": 0.263063162565, "median": 0.225993961096, "min": 0.0943274870515, "var": 0.0136918937787}, "erbbands_kurtosis": {"dmean": 1.93980193138, "dmean2": 2.87140440941, "dvar": 5.48631286621, "dvar2": 11.7407741547, "max": 53.501411438, "mean": 1.72080743313, "median": 0.754603624344, "min": -1.88080966473, "var": 11.2027978897}, "erbbands_skewness": {"dmean": 0.550559401512, "dmean2": 0.822770953178, "dvar": 0.286032378674, "dvar2": 0.686426103115, "max": 6.60533618927, "mean": 0.400511115789, "median": 0.397689819336, "min": -4.38181734085, "var": 0.843975543976}, "erbbands_spread": {"dmean": 12.2195692062, "dmean2": 17.9083099365, "dvar": 246.743637085, "dvar2": 473.87802124, "max": 155.35105896, "mean": 33.0807304382, "median": 22.814666748, "min": 0.638198256493, "var": 790.395385742}, "hfc": {"dmean": 9.88906764984, "dmean2": 15.0439462662, "dvar": 293.953460693, "dvar2": 703.624145508, "max": 139.477554321, "mean": 14.9807167053, "median": 9.01258277893, "min": 1.30181168643e-16, "var": 364.183319092}, "melbands_crest": {"dmean": 2.66207456589, "dmean2": 4.10507965088, "dvar": 7.17919826508, "dvar2": 16.3209934235, "max": 31.9553585052, "mean": 15.9631700516, "median": 15.5028810501, "min": 1.75155413151, "var": 18.7239055634}, "melbands_flatness_db": {"dmean": 0.0482367835939, "dmean2": 0.0697610899806, "dvar": 0.00279173115268, "dvar2": 0.00609043100849, "max": 0.776544928551, "mean": 0.386977732182, "median": 0.362586915493, "min": 0.00411321874708, "var": 0.0191475600004}, "melbands_kurtosis": {"dmean": 15.8804931641, "dmean2": 22.6492881775, "dvar": 571.610961914, "dvar2": 1128.94824219, "max": 327.660736084, "mean": 27.9822235107, "median": 11.6853075027, "min": -1.72686982155, "var": 1547.8380127}, "melbands_skewness": {"dmean": 1.15256106853, "dmean2": 1.60447704792, "dvar": 1.44328606129, "dvar2": 2.77530503273, "max": 14.3295211792, "mean": 3.31328463554, "median": 2.91165518761, "min": -3.29323673248, "var": 6.63241767883}, "melbands_spread": {"dmean": 4.49254274368, "dmean2": 6.688829422, "dvar": 40.1700363159, "dvar2": 80.90625, "max": 139.278991699, "mean": 9.2365694046, "median": 6.22001791, "min": 0.51502674818, "var": 75.2910232544}, "pitch_salience": {"dmean": 0.0748549997807, "dmean2": 0.115819223225, "dvar": 0.00522609660402, "dvar2": 0.012673323974, "max": 0.850554168224, "mean": 0.495348989964, "median": 0.489914834499, "min": 0.10797200352, "var": 0.0134046673775}, "silence_rate_20dB": {"dmean": 0, "dmean2": 0, "dvar": 0, "dvar2": 0, "max": 1, "mean": 1, "median": 1, "min": 1, "var": 0}, "silence_rate_30dB": {"dmean": 0.0479628667235, "dmean2": 0.0959504768252, "dvar": 0.0456642992795, "dvar2": 0.0955153256655, "max": 1, "mean": 0.936839401722, "median": 1, "min": 0, "var": 0.0591689422727}, "silence_rate_60dB": {"dmean": 0.021660650149, "dmean2": 0.0433324724436, "dvar": 0.0211882498115, "dvar2": 0.052287042141, "max": 1, "mean": 0.0528486706316, "median": 0, "min": 0, "var": 0.0500550754368}, "spectral_centroid": {"dmean": 241.096084595, "dmean2": 369.067993164, "dvar": 134966.84375, "dvar2": 284719.28125, "max": 11183.6943359, "mean": 690.942016602, "median": 538.309326172, "min": 151.07661438, "var": 257256.765625}, "spectral_complexity": {"dmean": 4.08922147751, "dmean2": 6.36548900604, "dvar": 37.9653091431, "dvar2": 80.225402832, "max": 59, "mean": 11.6751737595, "median": 9, "min": 0, "var": 70.766784668}, "spectral_decrease": {"dmean": 4.32203028922e-09, "dmean2": 6.61451027284e-09, "dvar": 8.40499676253e-17, "dvar2": 1.7360779346e-16, "max": 1.46628642052e-28, "mean": -1.17308438519e-08, "median": -9.15248854483e-09, "min": -8.77715464753e-08, "var": 1.4662256784e-16}, "spectral_energy": {"dmean": 0.0170455481857, "dmean2": 0.0260036382824, "dvar": 0.00124373263679, "dvar2": 0.00256484909914, "max": 0.340161472559, "mean": 0.045633610338, "median": 0.0360516384244, "min": 1.12543948478e-20, "var": 0.00218344735913}, "spectral_energyband_high": {"dmean": 0.000678896030877, "dmean2": 0.00109431415331, "dvar": 2.75473325928e-06, "dvar2": 6.76818035572e-06, "max": 0.0134684061632, "mean": 0.000707310740836, "median": 7.18397350283e-05, "min": 8.36938354945e-21, "var": 3.10428390549e-06}, "spectral_energyband_low": {"dmean": 0.0121061438695, "dmean2": 0.018795484677, "dvar": 0.00111749826465, "dvar2": 0.00237021269277, "max": 0.309414803982, "mean": 0.0322452001274, "median": 0.020958673209, "min": 7.56815860638e-23, "var": 0.00171604694333}, "spectral_energyband_middle_high": {"dmean": 0.00359183596447, "dmean2": 0.00528852781281, "dvar": 4.13659072365e-05, "dvar2": 9.58789823926e-05, "max": 0.109579622746, "mean": 0.00411100592464, "median": 0.00108547066338, "min": 1.47925975159e-21, "var": 5.45565526409e-05}, "spectral_energyband_middle_low": {"dmean": 0.00538983568549, "dmean2": 0.00888591539115, "dvar": 0.000113365444122, "dvar2": 0.000305343855871, "max": 0.146725490689, "mean": 0.0116685070097, "median": 0.00851918291301, "min": 2.81624075227e-22, "var": 0.000165492412634}, "spectral_entropy": {"dmean": 0.338690280914, "dmean2": 0.48875272274, "dvar": 0.139095827937, "dvar2": 0.292139232159, "max": 9.80505657196, "mean": 6.63645410538, "median": 6.77911138535, "min": 3.87144804001, "var": 0.97296744585}, "spectral_flux": {"dmean": 0.0390809215605, "dmean2": 0.0565061531961, "dvar": 0.00276600150391, "dvar2": 0.00496665108949, "max": 0.545161068439, "mean": 0.0823409259319, "median": 0.0570614412427, "min": 1.06086729679e-10, "var": 0.00629085022956}, "spectral_kurtosis": {"dmean": 27.9437503815, "dmean2": 46.3766899109, "dvar": 4388.79882812, "dvar2": 12662.0449219, "max": 902.46862793, "mean": 63.9828872681, "median": 4.68140029907, "min": -1.23179960251, "var": 18573.4316406}, "spectral_rms": {"dmean": 0.00104866235051, "dmean2": 0.00155864132103, "dvar": 2.63685251412e-06, "dvar2": 5.24729512108e-06, "max": 0.0182171575725, "mean": 0.00594825856388, "median": 0.00593062629923, "min": 3.31359288966e-12, "var": 9.13885378395e-06}, "spectral_rolloff": {"dmean": 242.897613525, "dmean2": 405.483062744, "dvar": 358357.3125, "dvar2": 641416.5625, "max": 18970.7519531, "mean": 535.633483887, "median": 387.59765625, "min": 64.599609375, "var": 414234.46875}, "spectral_skewness": {"dmean": 1.05143237114, "dmean2": 1.66135275364, "dvar": 2.18016695976, "dvar2": 5.67397260666, "max": 23.0868358612, "mean": 4.01279115677, "median": 1.85914969444, "min": -0.276890724897, "var": 25.6607189178}, "spectral_spread": {"dmean": 622681.1875, "dmean2": 871803.9375, "dvar": 809141993472, "dvar2": 1147878768640.0, "max": 40451536, "mean": 3167697.5, "median": 3360948, "min": 101472.390625, "var": 3588629463040.0}, "spectral_strongpeak": {"dmean": 0.448285460472, "dmean2": 0.749801397324, "dvar": 0.700967371464, "dvar2": 1.59228086472, "max": 10.7774934769, "mean": 0.70778542757, "median": 0.379493296146, "min": 0, "var": 0.918424487114}, "zerocrossingrate": {"dmean": 0.00703487638384, "dmean2": 0.00863075163215, "dvar": 0.000171601437614, "dvar2": 0.000198131936486, "max": 0.52001953125, "mean": 0.0264245886356, "median": 0.02197265625, "min": 0.0029296875, "var": 0.000421726785135}, "barkbands": {"dmean": [0.000326375768054, 0.00992602296174, 0.00408890843391, 0.0019514427986, 0.00159837910905, 0.000738535949495, 0.000374050461687, 0.000479758455185, 0.00132763630245, 0.00159030139912, 0.0011681803735, 0.000718838418834, 0.000212481521885, 0.000210016180063, 0.000114980946819, 9.27334695007e-05, 9.6514064353e-05, 6.0859547375e-05, 7.35156936571e-05, 0.000133997455123, 0.000233415412367, 0.000169309176272, 0.000147402111907, 7.58248424972e-05, 8.1541554664e-07, 3.76851346573e-07, 5.79612233764e-08], "dmean2": [0.000561458757147, 0.0159302223474, 0.00712787359953, 0.00341480690986, 0.00258365599439, 0.00116381328553, 0.000637647288386, 0.000792741484474, 0.00219852454029, 0.00231243553571, 0.00175354571547, 0.00120146654081, 0.000346507353242, 0.000355200347258, 0.000198153633391, 0.000165455712704, 0.000177895795787, 0.000106189450889, 0.000131460648845, 0.000230395089602, 0.000392012269003, 0.000277412764262, 0.000245920411544, 0.000126123399241, 1.38422808504e-06, 6.84443875798e-07, 1.06111208709e-07], "dvar": [1.35684342695e-06, 0.000908602320123, 0.00018757415819, 3.84930208384e-05, 1.36950848173e-05, 2.03182230507e-06, 6.10239112575e-07, 1.79297785508e-06, 1.33530593303e-05, 1.58451384777e-05, 1.38419882205e-05, 3.13004329655e-06, 2.68487355015e-07, 2.10241836385e-07, 7.45317194628e-08, 5.00106409618e-08, 6.06153847116e-08, 2.81917778011e-08, 7.19449104736e-08, 1.16063418432e-07, 5.23620542481e-07, 1.66789590139e-07, 1.46045834981e-07, 4.50718324885e-08, 7.97332859459e-12, 3.74447564969e-12, 8.67987864743e-14], "dvar2": [3.64528318642e-06, 0.00216456339695, 0.000552767887712, 0.000105633269413, 3.80306591978e-05, 5.56023496756e-06, 1.73360808731e-06, 4.73622685604e-06, 3.5221932194e-05, 3.69870904251e-05, 3.2132385968e-05, 8.19399247121e-06, 6.54569646485e-07, 5.35356434739e-07, 2.00578895715e-07, 1.37427022651e-07, 1.7125445595e-07, 7.5132717825e-08, 2.02443018793e-07, 3.00962625488e-07, 1.41699592859e-06, 4.24117331477e-07, 3.65487011322e-07, 1.17000944044e-07, 2.1220211352e-11, 1.03916077132e-11, 2.42351603195e-13], "max": [0.0138080343604, 0.29443949461, 0.17771230638, 0.135665029287, 0.0502700433135, 0.0164878070354, 0.00893346406519, 0.0120418984443, 0.0305944811553, 0.101040348411, 0.0856992676854, 0.0252888966352, 0.00930957309902, 0.00641745328903, 0.00299983844161, 0.00212882459164, 0.00253848987631, 0.00166361848824, 0.00304023548961, 0.00399202946573, 0.00820581801236, 0.00536743970588, 0.00327728269622, 0.00213220901787, 3.61894781236e-05, 3.25568289554e-05, 5.65354548598e-06], "mean": [0.000495286367368, 0.0197032038122, 0.00931573659182, 0.00389798916876, 0.00293993623927, 0.0013926399406, 0.000539927568752, 0.000592281110585, 0.00159560248721, 0.00191303435713, 0.00112383114174, 0.000592513708398, 0.000199095826247, 0.000201539820409, 0.000109191925731, 8.04671872174e-05, 8.22832007543e-05, 5.22512127645e-05, 6.10384595348e-05, 0.000122313533211, 0.000231840152992, 0.000180222996278, 0.000137282666401, 7.32391927158e-05, 6.67285860345e-07, 2.35219374645e-07, 3.57527838446e-08], "median": [0.000359822704922, 0.0114658214152, 0.00599581422284, 0.00190635630861, 0.00179814198054, 0.000859113759361, 0.000279927189695, 0.000150843625306, 0.000249606528087, 0.00030959767173, 7.52408013796e-05, 7.72596686147e-05, 3.08259550366e-05, 2.88321825792e-05, 2.15836553252e-05, 9.97182633e-06, 1.203552074e-05, 6.88408999849e-06, 6.3621987465e-06, 1.07802325147e-05, 2.84824727714e-05, 1.57794038387e-05, 1.01838877526e-05, 5.65849904888e-06, 3.78926010569e-08, 1.06321385029e-09, 5.36190980505e-10], "min": [2.67884541639e-23, 2.64127039375e-23, 3.33135013642e-23, 1.64273373091e-23, 8.42334567433e-23, 3.22459201239e-23, 7.19687648817e-23, 2.48216850876e-23, 4.80170135123e-23, 7.23740753039e-23, 5.81369156349e-23, 1.10151374499e-22, 2.19146032787e-23, 1.4283179921e-22, 9.59094437995e-23, 1.89445337664e-22, 2.23432040303e-22, 1.72276783493e-22, 2.01593391707e-22, 5.13608326997e-22, 4.27179110634e-22, 3.58873374034e-22, 6.50945905639e-22, 8.20269888101e-22, 9.24749655614e-22, 2.18055532929e-21, 2.87512208754e-21], "var": [1.0153120229e-06, 0.00099702749867, 0.00016980007058, 6.76478957757e-05, 1.50987543748e-05, 2.73386558547e-06, 5.91836339936e-07, 1.61144350841e-06, 1.31330070872e-05, 2.22412618314e-05, 1.53087567014e-05, 2.44382340497e-06, 2.58187242252e-07, 2.21896925723e-07, 6.40203481339e-08, 3.79202269585e-08, 4.11221634522e-08, 2.22210623235e-08, 4.91295892857e-08, 1.1492946328e-07, 4.35186649383e-07, 2.16592439983e-07, 1.38341349043e-07, 4.3153924878e-08, 6.01764731795e-12, 2.30759096727e-12, 5.2549727536e-14]}, "erbbands": {"dmean": [0.280984580517, 2.3730866909, 4.68546867371, 5.98719787598, 4.52885770798, 6.91201210022, 5.78426408768, 5.3486366272, 6.16642189026, 5.19773483276, 18.5019741058, 31.078912735, 48.4666137695, 53.0899238586, 19.6987400055, 32.4079360962, 12.318778038, 9.37159919739, 7.90601348877, 5.29320812225, 5.36340856552, 5.41256570816, 3.66046619415, 3.37981128693, 3.81279730797, 6.24787044525, 9.42345905304, 8.65350151062, 6.63817405701, 3.81095695496, 4.77953529358, 2.76969814301, 0.620016217232, 0.0357924327254, 0.00453349621966, 0.00203988770954, 0.000640565063804, 0.000132945773657, 1.85940189112e-05, 2.01953243959e-05], "dmean2": [0.449811398983, 3.96062660217, 8.22624397278, 10.2273807526, 7.69589757919, 11.2271547318, 9.07409572601, 8.58712863922, 10.4029903412, 8.18896198273, 29.7436771393, 52.4412879944, 72.1223907471, 77.2727661133, 31.3555717468, 54.4384841919, 19.4738368988, 15.6052408218, 13.6163024902, 9.01898193359, 9.64312362671, 9.95758533478, 6.52573871613, 5.97807312012, 6.66103982925, 10.7328958511, 15.8334035873, 14.4262657166, 10.9283771515, 6.18749523163, 8.04363822937, 4.60221290588, 1.01311326027, 0.0593095757067, 0.00787182059139, 0.00369391264394, 0.0011529213516, 0.000239959161263, 3.02354583255e-05, 3.05660360027e-05], "dvar": [0.801708757877, 53.7001304626, 224.537033081, 345.888397217, 193.922332764, 235.475708008, 131.431671143, 109.168800354, 131.205490112, 145.084762573, 3032.83032227, 8908.01660156, 12782.9667969, 19731.8183594, 3221.32592773, 6932.18359375, 685.153015137, 438.93939209, 289.058807373, 141.4871521, 184.481430054, 188.818344116, 99.9819259644, 121.18270874, 174.309402466, 288.627960205, 755.061462402, 657.674255371, 258.289306641, 90.8207855225, 161.683319092, 58.987663269, 2.84253764153, 0.0101770665497, 0.000340152939316, 0.000103511505586, 1.00529978226e-05, 4.35824915712e-07, 3.76640363342e-09, 1.6292261984e-09], "dvar2": [1.81693947315, 138.772415161, 643.538452148, 993.115478516, 563.38079834, 613.839660645, 357.050384521, 297.599731445, 376.403045654, 366.350189209, 7788.67236328, 24260.4648438, 30709.4882812, 45648.2890625, 8203.05761719, 18279.859375, 1604.15698242, 1062.59924316, 774.020385742, 371.903320312, 516.150512695, 533.903686523, 273.359893799, 337.849212646, 478.830047607, 761.275634766, 1989.18505859, 1773.72558594, 657.8828125, 227.4324646, 412.372955322, 151.865341187, 7.11167097092, 0.0256739705801, 0.000915403594263, 0.000288100418402, 2.7635234801e-05, 1.19988305869e-06, 9.86361303745e-09, 3.36935879197e-09], "max": [8.13989925385, 69.2891311646, 190.195892334, 267.187774658, 258.036376953, 159.767883301, 124.262710571, 128.470489502, 131.746871948, 148.626937866, 615.52545166, 800.664672852, 2183.38183594, 3145.96557617, 1131.54602051, 1241.66650391, 368.877868652, 296.005706787, 203.981491089, 158.813491821, 130.506225586, 149.983108521, 93.4256515503, 140.904266357, 151.021438599, 249.882415771, 291.796783447, 273.176025391, 204.902282715, 112.595932007, 115.225524902, 77.7594299316, 14.8560371399, 0.917566120625, 0.29400023818, 0.173411071301, 0.0492838099599, 0.0113408379257, 0.00109385373071, 0.000399299286073], "mean": [0.467702120543, 4.69608640671, 10.5524692535, 14.3154754639, 9.10238838196, 10.9874420166, 11.080657959, 9.70206356049, 9.40208339691, 7.65717411041, 24.4162826538, 33.9514465332, 57.1569099426, 57.1011924744, 18.3151302338, 26.3174133301, 12.3089904785, 9.60384464264, 7.42495059967, 5.41346502304, 4.58065414429, 4.56882190704, 3.06780099869, 2.95115804672, 3.3385014534, 5.8425450325, 8.99169921875, 8.78876209259, 7.09575748444, 4.03726148605, 4.23184776306, 2.6106672287, 0.621554017067, 0.0337042063475, 0.00344748492353, 0.00133682030719, 0.000424323661719, 8.75777332112e-05, 2.91248470603e-05, 5.18521301274e-05], "median": [0.280417948961, 2.45995616913, 7.54636001587, 6.78776979446, 5.78069496155, 6.18344688416, 6.62764072418, 5.76628494263, 5.25704622269, 3.12469410896, 3.92696285248, 6.97186946869, 12.3767490387, 7.13085317612, 2.83653998375, 3.50955104828, 2.40014624596, 1.67743456364, 1.23911583424, 1.20262312889, 0.803646445274, 0.59354275465, 0.435688644648, 0.341848284006, 0.36798581481, 0.527981996536, 0.924380123615, 1.09984529018, 0.607246994972, 0.384214222431, 0.288753509521, 0.180299580097, 0.0535250380635, 0.00264679617248, 0.000170232277014, 4.04667189287e-05, 1.87638761417e-05, 3.03642855215e-06, 1.88228968909e-05, 4.16551083617e-05], "min": [3.38748964362e-22, 7.83564122023e-21, 3.86149106443e-20, 3.77784694863e-20, 1.14160954097e-19, 3.29759971441e-19, 3.92326646354e-19, 2.68836128923e-19, 7.4021890796e-19, 1.09085363519e-18, 5.18671195392e-19, 1.07563144397e-18, 1.11517171122e-18, 3.17736120586e-18, 2.6066018269e-18, 4.68348628852e-18, 1.88377253017e-18, 5.11219249331e-18, 6.47285910602e-18, 6.8846147257e-18, 1.16871198967e-17, 1.4180833697e-17, 8.39075717916e-18, 8.92230840387e-18, 1.39640379303e-17, 2.28433734742e-17, 1.84796582532e-17, 1.72216521992e-17, 1.44196854076e-17, 1.32173395098e-17, 1.96652926212e-17, 1.6619252955e-17, 1.34095034923e-17, 1.04911515613e-17, 6.70642637328e-18, 7.59609303648e-18, 4.27825009284e-18, 1.47255964437e-18, 4.29500918564e-19, 4.22447310374e-20], "var": [0.802656233311, 54.9368057251, 202.798019409, 523.987060547, 236.079605103, 251.966308594, 173.993423462, 135.91456604, 150.893157959, 178.104354858, 3322.5612793, 7152.83007812, 15855.0605469, 23362.4023438, 2814.08227539, 5208.80029297, 729.980895996, 516.733032227, 251.945755005, 133.406936646, 127.233528137, 128.302841187, 73.8154220581, 88.2743759155, 127.87335968, 297.743682861, 654.422119141, 567.967407227, 349.964813232, 100.686500549, 142.249511719, 55.3968315125, 3.01518893242, 0.00957310106605, 0.000235799016082, 6.37325138086e-05, 6.35777178104e-06, 2.74073613582e-07, 3.05626146613e-09, 2.83714229887e-09]}, "gfcc": {"mean": [-110.880393982, 190.321914673, -100.161376953, 33.4600486755, -59.6308784485, 14.445063591, -3.61813664436, -20.255657196, 0.796402931213, -21.1150665283, -1.35663330555, -14.8754014969, 4.72284889221], "cov": [[18376.8046875, -5970.31591797, -3206.64892578, 6494.84765625, -1398.09069824, 2763.7512207, 404.755889893, 317.907196045, 1150.81140137, -399.493041992, 9.87473869324, -337.162475586, 158.476974487], [-5970.31591797, 2819.79614258, 1050.33496094, -2728.87011719, 716.045043945, -1018.50146484, -29.5072555542, -109.220603943, -362.444000244, 123.530410767, 2.3618710041, 115.720977783, -19.5414218903], [-3206.64892578, 1050.33496094, 1398.7520752, -960.87298584, 39.1614379883, -537.16192627, -146.936676025, -22.7673244476, -192.223312378, 66.4924545288, 8.9263343811, 56.8578948975, -20.3167152405], [6494.84765625, -2728.87011719, -960.87298584, 3765.21240234, -455.296569824, 1034.24279785, 170.07232666, 86.8508148193, 639.767211914, -147.485717773, 80.9127502441, -181.168182373, 84.7707672119], [-1398.09069824, 716.045043945, 39.1614379883, -455.296569824, 594.256408691, -212.239471436, -6.28082609177, -38.4600486755, -42.673034668, 56.4626960754, 11.1656560898, 35.0144309998, -14.7738895416], [2763.7512207, -1018.50146484, -537.16192627, 1034.24279785, -212.239471436, 677.740112305, 133.95135498, 8.82238483429, 168.529296875, -102.208610535, 27.501865387, -54.1911087036, 59.5908355713], [404.755889893, -29.5072555542, -146.936676025, 170.07232666, -6.28082609177, 133.95135498, 241.799926758, 8.56569766998, 42.9157142639, 9.11023902893, 17.8778877258, -2.76484918594, 28.3616580963], [317.907196045, -109.220603943, -22.7673244476, 86.8508148193, -38.4600486755, 8.82238483429, 8.56569766998, 100.74546814, 52.403629303, -5.98778581619, -8.83749580383, -4.25602722168, -19.5469474792], [1150.81140137, -362.444000244, -192.223312378, 639.767211914, -42.673034668, 168.529296875, 42.9157142639, 52.403629303, 221.794799805, -26.0659198761, 19.0526008606, -46.8605232239, 24.1392593384], [-399.493041992, 123.530410767, 66.4924545288, -147.485717773, 56.4626960754, -102.208610535, 9.11023902893, -5.98778581619, -26.0659198761, 124.066818237, 11.8294277191, 15.8707284927, -23.5454711914], [9.87473869324, 2.3618710041, 8.9263343811, 80.9127502441, 11.1656560898, 27.501865387, 17.8778877258, -8.83749580383, 19.0526008606, 11.8294277191, 60.8629760742, 14.0499849319, 14.4543323517], [-337.162475586, 115.720977783, 56.8578948975, -181.168182373, 35.0144309998, -54.1911087036, -2.76484918594, -4.25602722168, -46.8605232239, 15.8707284927, 14.0499849319, 69.3054199219, 14.1849927902], [158.476974487, -19.5414218903, -20.3167152405, 84.7707672119, -14.7738895416, 59.5908355713, 28.3616580963, -19.5469474792, 24.1392593384, -23.5454711914, 14.4543323517, 14.1849927902, 79.3422393799]], "icov": [[0.000357374432497, -0.000362722814316, 0.000446823891252, -0.000531531812157, 0.000527054246049, -0.000927652639803, 0.000473479070934, -0.000760877737775, 0.000159756731591, -0.000408868276281, 0.000773884006776, -0.000402535166359, 7.83685827628e-05], [-0.000362722814316, 0.00804199278355, -0.00253537297249, 0.00524448277429, -0.00502026546746, 0.00594319729134, -0.00566470669582, 0.00526452530175, -0.00565277831629, 0.00460502505302, -0.0058426996693, 0.00465735793114, -0.00230580894276], [0.000446823891252, -0.00253537297249, 0.00226626545191, -0.00188572925981, 0.00215947581455, -0.0016415102873, 0.00223212130368, -0.0023122173734, 0.00209226016887, -0.00158824946266, 0.0014744354412, -0.00137345597614, 0.000214637984755], [-0.000531531812157, 0.00524448277429, -0.00188572925981, 0.00446493038908, -0.00326446257532, 0.00376312527806, -0.00373000255786, 0.00432224338874, -0.00536597659811, 0.00310838711448, -0.00459260353819, 0.00341157335788, -0.00115422846284], [0.000527054246049, -0.00502026546746, 0.00215947581455, -0.00326446257532, 0.00559376785532, -0.00361348525621, 0.0035068129655, -0.00254156137817, 0.0023812695872, -0.00323077663779, 0.00363685237244, -0.00381559692323, 0.00196380377747], [-0.000927652639803, 0.00594319729134, -0.0016415102873, 0.00376312527806, -0.00361348525621, 0.00961928069592, -0.00573526974767, 0.00527314608917, -0.0034730581101, 0.00552411144599, -0.00646694470197, 0.00441682571545, -0.00258810375817], [0.000473479070934, -0.00566470669582, 0.00223212130368, -0.00373000255786, 0.0035068129655, -0.00573526974767, 0.00927979778498, -0.00500748446211, 0.00389080960304, -0.00489538628608, 0.00372954295017, -0.00298549840227, -0.000156591457198], [-0.000760877737775, 0.00526452530175, -0.0023122173734, 0.00432224338874, -0.00254156137817, 0.00527314608917, -0.00500748446211, 0.018947288394, -0.0100223654881, 0.00456797238439, -0.00171272666194, -0.0013395951828, 0.00458683399484], [0.000159756731591, -0.00565277831629, 0.00209226016887, -0.00536597659811, 0.0023812695872, -0.0034730581101, 0.00389080960304, -0.0100223654881, 0.0168470498174, -0.00357688474469, 0.0010892447317, 0.00272183096968, -0.00312263541855], [-0.000408868276281, 0.00460502505302, -0.00158824946266, 0.00310838711448, -0.00323077663779, 0.00552411144599, -0.00489538628608, 0.00456797238439, -0.00357688474469, 0.0134498225525, -0.00610863976181, 0.00104538013693, 0.00235339417122], [0.000773884006776, -0.0058426996693, 0.0014744354412, -0.00459260353819, 0.00363685237244, -0.00646694470197, 0.00372954295017, -0.00171272666194, 0.0010892447317, -0.00610863976181, 0.0262479186058, -0.00992018636316, 0.000926373177208], [-0.000402535166359, 0.00465735793114, -0.00137345597614, 0.00341157335788, -0.00381559692323, 0.00441682571545, -0.00298549840227, -0.0013395951828, 0.00272183096968, 0.00104538013693, -0.00992018636316, 0.0252843815833, -0.00856725033373], [7.83685827628e-05, -0.00230580894276, 0.000214637984755, -0.00115422846284, 0.00196380377747, -0.00258810375817, -0.000156591457198, 0.00458683399484, -0.00312263541855, 0.00235339417122, 0.000926373177208, -0.00856725033373, 0.0196741782129]]}, "melbands": {"dmean": [0.0026071164757, 0.00256708078086, 0.000964500999544, 0.000383095699362, 0.000218730754568, 0.000129217747599, 8.70894073159e-05, 5.84115841775e-05, 0.000190613558516, 0.000186806442798, 0.000246144656558, 0.000216147163883, 9.60988254519e-05, 6.29835121799e-05, 7.49384125811e-05, 1.5635503587e-05, 1.9117114789e-05, 1.42794115163e-05, 8.75789555721e-06, 6.24118047199e-06, 6.41759470454e-06, 6.02781165071e-06, 3.88156422559e-06, 2.71439535027e-06, 2.77928052128e-06, 2.82861333289e-06, 2.98676536659e-06, 4.63292371933e-06, 5.91460502619e-06, 6.10552206126e-06, 4.54582277598e-06, 3.94057451558e-06, 2.91985293188e-06, 1.88372143839e-06, 2.89636909656e-06, 2.08953883885e-06, 1.67041423538e-06, 5.09765243351e-07, 6.12122263988e-08, 6.74744971008e-09], "dmean2": [0.00418778276071, 0.00432621594518, 0.00165766547434, 0.000625081651378, 0.00034370800131, 0.000207555029192, 0.000146730948472, 9.20418970054e-05, 0.000305554043734, 0.000314512581099, 0.00036486031604, 0.000311752315611, 0.000147909813677, 0.000108360465674, 0.000121478246001, 2.58053551079e-05, 3.214989556e-05, 2.45791306952e-05, 1.485865414e-05, 1.09096363303e-05, 1.16908931886e-05, 1.11157423817e-05, 7.01740236764e-06, 4.78121773995e-06, 4.96178199683e-06, 5.01094837091e-06, 5.24721826878e-06, 8.0040863395e-06, 1.00364895843e-05, 1.0298846064e-05, 7.50112440073e-06, 6.53756887914e-06, 4.76681498185e-06, 3.09548772748e-06, 4.91544369652e-06, 3.3987344068e-06, 2.84334373646e-06, 8.2445416183e-07, 1.02612219166e-07, 1.13835181281e-08], "dvar": [6.51573573123e-05, 5.86755522818e-05, 9.08092988539e-06, 8.25191136755e-07, 1.92430505308e-07, 5.85784540874e-08, 2.81088894383e-08, 1.94039255774e-08, 3.25123579614e-07, 2.91197864044e-07, 3.57896908554e-07, 3.09700737944e-07, 8.46230534535e-08, 3.24458930834e-08, 3.03450988781e-08, 2.37511965651e-09, 2.02368410918e-09, 9.9424657396e-10, 4.31897489994e-10, 1.90066420935e-10, 2.9339247698e-10, 2.35157282535e-10, 9.94011192801e-11, 6.3379940185e-11, 8.58669801929e-11, 1.02701840088e-10, 9.68910715549e-11, 1.54839432942e-10, 2.98122221354e-10, 2.90553164861e-10, 1.90999105421e-10, 9.60627827284e-11, 5.08565897728e-11, 2.28823782839e-11, 6.07936548325e-11, 2.88602874238e-11, 2.40389999573e-11, 1.8366508401e-12, 3.26544211593e-14, 5.23388910828e-16], "dvar2": [0.000147796454257, 0.000155750094564, 2.60741762759e-05, 2.30232967624e-06, 5.11674386416e-07, 1.60655048376e-07, 8.02530450983e-08, 4.86540656652e-08, 8.2632845988e-07, 7.85716963492e-07, 8.54885229273e-07, 7.15727992429e-07, 2.01783464604e-07, 8.70347491855e-08, 7.40450829539e-08, 5.84675241555e-09, 4.9565307414e-09, 2.66663513493e-09, 1.13753273467e-09, 5.02676733571e-10, 8.29001645108e-10, 6.67573052393e-10, 2.70523853318e-10, 1.72891534422e-10, 2.41604181106e-10, 2.83347456609e-10, 2.67282224131e-10, 4.1164410769e-10, 7.82926889986e-10, 7.80319586724e-10, 5.12137887654e-10, 2.50327120144e-10, 1.28382998676e-10, 5.73812664051e-11, 1.58277183027e-10, 6.98285804179e-11, 6.39383754275e-11, 4.50651755496e-12, 8.46868622863e-14, 1.38429556954e-15], "max": [0.0812572911382, 0.0799663811922, 0.0460866950452, 0.013759445399, 0.00446074083447, 0.00268568703905, 0.00172522570938, 0.00184424663894, 0.00666298810393, 0.00536758592352, 0.0124275516719, 0.0115694832057, 0.00614773342386, 0.00266492413357, 0.00266518001445, 0.0011484331917, 0.00067979801679, 0.000387525476981, 0.000247758638579, 0.000136247137561, 0.00017889571609, 0.000175511522684, 9.19318335946e-05, 8.25375391287e-05, 0.000124958591186, 0.000116686300316, 0.000113753267215, 0.000228100136155, 0.000174042375875, 0.000200761729502, 0.000148376610014, 0.00014917345834, 8.04948140285e-05, 5.62286550121e-05, 7.3503353633e-05, 4.45573641628e-05, 5.65804912185e-05, 1.59753508342e-05, 1.98352836378e-06, 2.34981101244e-07], "mean": [0.00491609005257, 0.00609170971438, 0.00230619055219, 0.000697098614182, 0.000416154856794, 0.000238305641687, 0.000133677764097, 7.93563231127e-05, 0.000250914803473, 0.000201968068723, 0.0002898008388, 0.000237847969402, 9.06868590391e-05, 4.75896413263e-05, 6.78018186591e-05, 1.4700545762e-05, 1.89752572624e-05, 1.27926468849e-05, 8.88144313649e-06, 5.80505502512e-06, 5.26577150595e-06, 5.11971165906e-06, 3.14284829983e-06, 2.35504785451e-06, 2.39001883529e-06, 2.32766865338e-06, 2.6465584142e-06, 4.23035180575e-06, 5.26044732396e-06, 6.11870200373e-06, 4.62322623207e-06, 4.21270306106e-06, 2.98012855637e-06, 1.96287419385e-06, 2.51407755059e-06, 1.95430880012e-06, 1.52958557464e-06, 5.30069996785e-07, 5.3929774424e-08, 5.80019454688e-09], "median": [0.00311587238684, 0.003839306999, 0.00122572307009, 0.000429286650615, 0.000254484737525, 0.000150350635522, 7.50840117689e-05, 2.6646301194e-05, 3.266350177e-05, 3.93959890062e-05, 4.85438031319e-05, 2.51433939411e-05, 7.401944913e-06, 5.82840266361e-06, 9.38186803978e-06, 1.95198595065e-06, 2.93357766168e-06, 1.63811898801e-06, 1.84349050869e-06, 9.46775685406e-07, 8.36836136386e-07, 6.95481105595e-07, 3.39310901154e-07, 3.13676537189e-07, 2.57962994965e-07, 2.10247350196e-07, 2.67935092779e-07, 3.34239075528e-07, 4.47543982318e-07, 8.04875071481e-07, 5.26709186488e-07, 3.38108435471e-07, 2.61359531351e-07, 1.91776493352e-07, 1.68060424244e-07, 1.22089232946e-07, 1.0647060833e-07, 4.78899231382e-08, 3.76404907243e-09, 3.67065766671e-10], "min": [6.8075619563e-24, 1.7491409696e-23, 9.42984289034e-24, 1.47865823569e-23, 1.50107608489e-23, 5.51595802403e-24, 1.31852546727e-23, 1.1097699159e-23, 4.10448667721e-24, 7.06644165071e-24, 5.55108994445e-24, 1.28914954934e-23, 9.42475947067e-24, 1.01108854425e-23, 8.40392849424e-24, 3.89260573782e-24, 9.63540426502e-24, 1.1818884476e-23, 6.1521278013e-24, 1.09748388061e-23, 1.30316555658e-23, 1.60860855478e-23, 7.31230435132e-24, 9.29344252894e-24, 6.42234106033e-24, 9.44663616129e-24, 1.1252737937e-23, 1.69167182157e-23, 1.22222669221e-23, 1.15382834965e-23, 8.95794945228e-24, 8.87955561097e-24, 6.92908124559e-24, 7.7066748505e-24, 1.08806022713e-23, 1.05336099692e-23, 1.10325376705e-23, 9.52994381719e-24, 9.43034933904e-24, 8.69413622178e-24], "var": [6.99672164046e-05, 6.5917687607e-05, 1.31412680275e-05, 9.12966015676e-07, 2.49196546065e-07, 7.53474793669e-08, 3.07537852962e-08, 2.38156232513e-08, 3.75415396547e-07, 2.46529850756e-07, 4.57132387055e-07, 3.82224982332e-07, 8.78511627889e-08, 2.25186536085e-08, 2.91763839755e-08, 2.22506657543e-09, 2.37068742415e-09, 8.72292793552e-10, 4.30945473751e-10, 1.68802000156e-10, 1.92167629032e-10, 1.58761573332e-10, 7.29016985668e-11, 4.78998542219e-11, 6.09933700768e-11, 7.24682883146e-11, 7.21518608748e-11, 1.6757578658e-10, 2.4733734505e-10, 2.54427978685e-10, 1.67383204519e-10, 1.3306124258e-10, 5.82366793678e-11, 2.44074083861e-11, 5.17088177832e-11, 2.87435786978e-11, 2.11504667946e-11, 2.12245195377e-12, 2.74352633304e-14, 4.10437067312e-16]}, "mfcc": {"mean": [-732.304504395, 176.811599731, 36.9005393982, 26.0894908905, -13.5329256058, 27.2519550323, -1.47065544128, 13.6563453674, 1.26610016823, 7.01713895798, -11.2313728333, 5.39534187317, -10.1173219681], "cov": [[14282.1826172, -4365.64648438, -2141.91870117, 2077.83398438, 31.2124404907, 2183.97631836, -313.962310791, 1236.31066895, 395.734130859, 1130.30773926, -289.527160645, 686.056213379, -491.005310059], [-4365.64648438, 2590.34423828, 305.603363037, -1083.39440918, 24.6174488068, -726.605712891, 214.688919067, -387.918945312, -18.1814079285, -370.520111084, 146.426223755, -251.418411255, 190.289550781], [-2141.91870117, 305.603363037, 1166.46057129, -67.8359832764, -194.702911377, -375.917022705, -28.2202320099, -168.900253296, -126.510139465, -152.49597168, -1.87399864197, -77.0315551758, 57.2852325439], [2077.83398438, -1083.39440918, -67.8359832764, 1085.94995117, 226.189407349, 387.031738281, -132.083618164, 209.188659668, 95.053527832, 235.464736938, -7.60232543945, 177.404983521, -67.6877059937], [31.2124404907, 24.6174488068, -194.702911377, 226.189407349, 424.213897705, 120.158103943, 0.825366675854, 26.2861118317, 40.090637207, 33.9537162781, 42.1413803101, 31.4319591522, 12.8733415604], [2183.97631836, -726.605712891, -375.917022705, 387.031738281, 120.158103943, 592.155212402, 38.0308532715, 226.558288574, 100.253494263, 191.683013916, -70.3052139282, 138.169570923, -71.6996231079], [-313.962310791, 214.688919067, -28.2202320099, -132.083618164, 0.825366675854, 38.0308532715, 165.652862549, -2.09862279892, 13.5577402115, -28.1229190826, 8.30665969849, -6.72907924652, 34.5251541138], [1236.31066895, -387.918945312, -168.900253296, 209.188659668, 26.2861118317, 226.558288574, -2.09862279892, 229.111129761, 73.0446929932, 102.381652832, -37.5587654114, 76.1177368164, -40.033405304], [395.734130859, -18.1814079285, -126.510139465, 95.053527832, 40.090637207, 100.253494263, 13.5577402115, 73.0446929932, 114.077545166, 65.5918807983, 5.0959815979, 38.2125282288, -9.1521692276], [1130.30773926, -370.520111084, -152.49597168, 235.464736938, 33.9537162781, 191.683013916, -28.1229190826, 102.381652832, 65.5918807983, 165.365783691, 13.7097158432, 71.679725647, -43.9669342041], [-289.527160645, 146.426223755, -1.87399864197, -7.60232543945, 42.1413803101, -70.3052139282, 8.30665969849, -37.5587654114, 5.0959815979, 13.7097158432, 89.1393814087, 13.9111757278, 20.0162582397], [686.056213379, -251.418411255, -77.0315551758, 177.404983521, 31.4319591522, 138.169570923, -6.72907924652, 76.1177368164, 38.2125282288, 71.679725647, 13.9111757278, 106.321884155, 5.41426229477], [-491.005310059, 190.289550781, 57.2852325439, -67.6877059937, 12.8733415604, -71.6996231079, 34.5251541138, -40.033405304, -9.1521692276, -43.9669342041, 20.0162582397, 5.41426229477, 76.860534668]], "icov": [[0.000541584100574, 5.16170839546e-05, 0.000596907688305, -0.000229974204558, 0.000564737536479, -0.000550018099602, 0.000477393012261, -0.000814725877717, 0.000890302122571, -0.00152395921759, 0.000770594750065, -0.000815413484816, 0.000529119628482], [5.16170839546e-05, 0.00152705062646, -0.000137703929795, 0.000921676517464, -0.00059927161783, 0.000473561201943, -0.00059329776559, 0.000423483055783, -0.00231515127234, 0.00116197066382, -0.00141178560443, 0.00113704008982, -0.000830789620522], [0.000596907688305, -0.000137703929795, 0.00203572656028, -0.000943584367633, 0.00123959593475, 0.000186329547432, 0.000226713775191, -0.000648880377412, 0.0019537480548, -0.00149504118599, 0.00161262974143, -0.00118187814951, 0.000372999900719], [-0.000229974204558, 0.000921676517464, -0.000943584367633, 0.00283620646223, -0.00168730202131, 4.94482264912e-05, 0.00071896368172, 0.000322118838085, -0.00196675257757, -2.29929519264e-05, -0.000834655074868, -0.000653244322166, -0.000360417121556], [0.000564737536479, -0.00059927161783, 0.00123959593475, -0.00168730202131, 0.00454586464912, -0.00230260216631, 0.00138553371653, -0.00100515957456, 0.0013816106366, -0.000107841566205, -0.00183724123053, 0.000968432112131, -0.000860690895934], [-0.000550018099602, 0.000473561201943, 0.000186329547432, 4.94482264912e-05, -0.00230260216631, 0.00809875689447, -0.00486283376813, 0.000589399016462, -0.000979318050668, -0.00247763399966, 0.00616518501192, -0.00478163314983, 0.00284790503792], [0.000477393012261, -0.00059329776559, 0.000226713775191, 0.00071896368172, 0.00138553371653, -0.00486283376813, 0.010732576251, -0.00184057687875, 2.70466698566e-05, 0.00100514863152, -0.00322841550224, 0.00234260270372, -0.00431133527309], [-0.000814725877717, 0.000423483055783, -0.000648880377412, 0.000322118838085, -0.00100515957456, 0.000589399016462, -0.00184057687875, 0.0106322076172, -0.00469434633851, 0.001092479215, 0.00246828678064, -0.00237892311998, 0.00118771649431], [0.000890302122571, -0.00231515127234, 0.0019537480548, -0.00196675257757, 0.0013816106366, -0.000979318050668, 2.70466698566e-05, -0.00469434633851, 0.01866312325, -0.00873023364693, 0.00375455175526, -0.00366661325097, 0.00113771657925], [-0.00152395921759, 0.00116197066382, -0.00149504118599, -2.29929519264e-05, -0.000107841566205, -0.00247763399966, 0.00100514863152, 0.001092479215, -0.00873023364693, 0.024097384885, -0.0125026702881, 0.00248868227936, 0.00213178270496], [0.000770594750065, -0.00141178560443, 0.00161262974143, -0.000834655074868, -0.00183724123053, 0.00616518501192, -0.00322841550224, 0.00246828678064, 0.00375455175526, -0.0125026702881, 0.0260134171695, -0.0116471881047, 0.00261687743478], [-0.000815413484816, 0.00113704008982, -0.00118187814951, -0.000653244322166, 0.000968432112131, -0.00478163314983, 0.00234260270372, -0.00237892311998, -0.00366661325097, 0.00248868227936, -0.0116471881047, 0.0271702036262, -0.0125264059752], [0.000529119628482, -0.000830789620522, 0.000372999900719, -0.000360417121556, -0.000860690895934, 0.00284790503792, -0.00431133527309, 0.00118771649431, 0.00113771657925, 0.00213178270496, 0.00261687743478, -0.0125264059752, 0.0247640889138]]}, "spectral_contrast_coeffs": {"dmean": [0.0402045808733, 0.0461846254766, 0.0588347949088, 0.038745071739, 0.0261209178716, 0.0312075335532], "dmean2": [0.0647047460079, 0.0738371238112, 0.086248241365, 0.0601125992835, 0.0427351295948, 0.0502677299082], "dvar": [0.00136544788256, 0.00148427067325, 0.0027253520675, 0.0012121227337, 0.000715675996616, 0.000966921565123], "dvar2": [0.00350865162909, 0.0035617465619, 0.00573050091043, 0.00262913457118, 0.00174603867345, 0.00239449832588], "max": [-0.322456032038, -0.456763327122, -0.372665464878, -0.475109070539, -0.630210459232, -0.503691792488], "mean": [-0.650828957558, -0.713279247284, -0.713657736778, -0.786244690418, -0.829343020916, -0.715977549553], "median": [-0.663061618805, -0.718606412411, -0.723150610924, -0.798119306564, -0.835816562176, -0.687516927719], "min": [-0.955041408539, -0.950364112854, -0.960019111633, -0.964348077774, -0.96767526865, -0.965393781662], "var": [0.00554678868502, 0.00497726630419, 0.00765893422067, 0.00363428448327, 0.00186932459474, 0.0100163267925]}, "spectral_contrast_valleys": {"dmean": [0.29389244318, 0.420852839947, 0.588387191296, 0.576955974102, 0.527915775776, 0.692049145699], "dmean2": [0.474632948637, 0.64938211441, 0.909498155117, 0.868255376816, 0.760467588902, 1.00914680958], "dvar": [0.158599048853, 0.23110999167, 0.359497636557, 0.401655495167, 0.422660052776, 0.488782674074], "dvar2": [0.255165070295, 0.397205531597, 0.70270884037, 0.793949663639, 0.871990382671, 1.1397548914], "max": [-4.90115737915, -4.4539604187, -5.1060552597, -5.7820367813