{"lowlevel": {"average_loudness": 0.974245727062, "barkbands_crest": {"dmean": 2.24791049957, "dmean2": 3.47220945358, "dvar": 4.74155521393, "dvar2": 11.6667194366, "max": 21.2105674744, "mean": 10.79367733, "median": 10.5218486786, "min": 3.26348114014, "var": 12.3658771515}, "barkbands_flatness_db": {"dmean": 0.0255571920425, "dmean2": 0.0381734520197, "dvar": 0.000790251768194, "dvar2": 0.00172566319816, "max": 0.468790203333, "mean": 0.176515609026, "median": 0.154172390699, "min": 0.0331094823778, "var": 0.00753988418728}, "barkbands_kurtosis": {"dmean": 3.137114048, "dmean2": 4.70508384705, "dvar": 17.5213317871, "dvar2": 42.5780982971, "max": 50.4997062683, "mean": 5.11220645905, "median": 3.45646214485, "min": -1.64479386806, "var": 33.9471855164}, "barkbands_skewness": {"dmean": 0.576575875282, "dmean2": 0.818591356277, "dvar": 0.373409003019, "dvar2": 0.858968436718, "max": 6.15690135956, "mean": 1.64229476452, "median": 1.61344361305, "min": -1.86197197437, "var": 1.42374002934}, "barkbands_spread": {"dmean": 5.49548816681, "dmean2": 8.32903766632, "dvar": 53.8384933472, "dvar2": 124.208564758, "max": 79.1304016113, "mean": 18.0610961914, "median": 14.4552211761, "min": 1.13655531406, "var": 156.214401245}, "dissonance": {"dmean": 0.021191008389, "dmean2": 0.0341886915267, "dvar": 0.000426329177571, "dvar2": 0.00102325179614, "max": 0.499832898378, "mean": 0.430855572224, "median": 0.440343081951, "min": 0.250183969736, "var": 0.00225091702305}, "dynamic_complexity": 2.83622646332, "erbbands_crest": {"dmean": 2.30501890182, "dmean2": 3.02756524086, "dvar": 4.82347202301, "dvar2": 9.4710226059, "max": 30.3545188904, "mean": 12.7323389053, "median": 12.4605340958, "min": 2.81228780746, "var": 30.3665924072}, "erbbands_flatness_db": {"dmean": 0.0221390593797, "dmean2": 0.0260808113962, "dvar": 0.000716479611583, "dvar2": 0.0012209241977, "max": 0.436311334372, "mean": 0.179612472653, "median": 0.159399151802, "min": 0.0573418736458, "var": 0.00616599526256}, "erbbands_kurtosis": {"dmean": 1.37769019604, "dmean2": 1.8202855587, "dvar": 3.70390868187, "dvar2": 6.78105211258, "max": 27.199016571, "mean": 2.25763940811, "median": 0.792881608009, "min": -1.61374866962, "var": 17.5906639099}, "erbbands_skewness": {"dmean": 0.352066755295, "dmean2": 0.472164720297, "dvar": 0.119121186435, "dvar2": 0.221088692546, "max": 4.52714347839, "mean": 0.918849349022, "median": 0.875366330147, "min": -1.71669387817, "var": 0.895722746849}, "erbbands_spread": {"dmean": 8.18099498749, "dmean2": 10.681391716, "dvar": 95.9205169678, "dvar2": 167.790771484, "max": 107.71509552, "mean": 36.4445991516, "median": 32.5322380066, "min": 2.08382678032, "var": 479.780090332}, "hfc": {"dmean": 7.6461353302, "dmean2": 11.2073287964, "dvar": 155.282699585, "dvar2": 385.607147217, "max": 120.370323181, "mean": 24.0359764099, "median": 20.2564811707, "min": 1.1275922293e-16, "var": 309.110565186}, "melbands_crest": {"dmean": 3.1040225029, "dmean2": 4.78591442108, "dvar": 10.2533969879, "dvar2": 23.6390094757, "max": 29.3718681335, "mean": 16.1224117279, "median": 15.3296165466, "min": 2.27524828911, "var": 33.9684104919}, "melbands_flatness_db": {"dmean": 0.0299224741757, "dmean2": 0.0439516864717, "dvar": 0.00123153009918, "dvar2": 0.00254607899114, "max": 0.572781682014, "mean": 0.243309095502, "median": 0.23075813055, "min": 0.00577464047819, "var": 0.012097149156}, "melbands_kurtosis": {"dmean": 7.16267681122, "dmean2": 10.5484809875, "dvar": 99.0966186523, "dvar2": 214.142883301, "max": 117.14365387, "mean": 14.079167366, "median": 9.59152412415, "min": -1.59906458855, "var": 223.43548584}, "melbands_skewness": {"dmean": 0.784002900124, "dmean2": 1.06826424599, "dvar": 0.684863865376, "dvar2": 1.37709343433, "max": 9.23156833649, "mean": 2.55549454689, "median": 2.39132881165, "min": -0.940444111824, "var": 2.61812496185}, "melbands_spread": {"dmean": 5.4668097496, "dmean2": 8.34540843964, "dvar": 69.6496047974, "dvar2": 138.243148804, "max": 154.017379761, "mean": 19.7417068481, "median": 12.3056411743, "min": 0.9373036623, "var": 559.468017578}, "pitch_salience": {"dmean": 0.0604932755232, "dmean2": 0.0936738476157, "dvar": 0.0045772716403, "dvar2": 0.0105797015131, "max": 0.919718384743, "mean": 0.469256490469, "median": 0.462691456079, "min": 0.190190404654, "var": 0.0115390699357}, "silence_rate_20dB": {"dmean": 0, "dmean2": 0, "dvar": 0, "dvar2": 0, "max": 1, "mean": 1, "median": 1, "min": 1, "var": 0}, "silence_rate_30dB": {"dmean": 0.0338722094893, "dmean2": 0.0677966102958, "dvar": 0.0327254347503, "dvar2": 0.0924745202065, "max": 1, "mean": 0.980769217014, "median": 1, "min": 0, "var": 0.0188611056656}, "silence_rate_60dB": {"dmean": 0.00769822951406, "dmean2": 0.0154083203524, "dvar": 0.00763888563961, "dvar2": 0.0182524248958, "max": 1, "mean": 0.0684615373611, "median": 0, "min": 0, "var": 0.0637747868896}, "spectral_centroid": {"dmean": 204.764068604, "dmean2": 292.741271973, "dvar": 115209.523438, "dvar2": 168212.140625, "max": 10623.0439453, "mean": 1120.17114258, "median": 859.05645752, "min": 174.843215942, "var": 646596.3125}, "spectral_complexity": {"dmean": 3.49807548523, "dmean2": 5.20184898376, "dvar": 18.3515949249, "dvar2": 35.4599494934, "max": 53, "mean": 16.5423069, "median": 14, "min": 0, "var": 89.5282287598}, "spectral_decrease": {"dmean": 3.71091735119e-09, "dmean2": 5.39596989313e-09, "dvar": 3.1000922796e-17, "dvar2": 6.9287467139e-17, "max": -8.92030143632e-29, "mean": -1.15761018549e-08, "median": -1.12124052265e-08, "min": -4.30940936269e-08, "var": 5.63068923631e-17}, "spectral_energy": {"dmean": 0.0143921375275, "dmean2": 0.0207662135363, "dvar": 0.000457409129012, "dvar2": 0.00102280941792, "max": 0.167240962386, "mean": 0.0458710230887, "median": 0.0445290505886, "min": 1.05642652996e-20, "var": 0.00084625207819}, "spectral_energyband_high": {"dmean": 0.000630036811344, "dmean2": 0.00093512138119, "dvar": 1.37314361837e-06, "dvar2": 3.24901520798e-06, "max": 0.0104513932019, "mean": 0.00114827649668, "median": 0.000388177810237, "min": 7.68813973049e-21, "var": 2.67700784207e-06}, "spectral_energyband_low": {"dmean": 0.0107608893886, "dmean2": 0.0152134671807, "dvar": 0.000318428035825, "dvar2": 0.000669096596539, "max": 0.139377072453, "mean": 0.0227532479912, "median": 0.015571443364, "min": 4.08273446884e-23, "var": 0.000606934656389}, "spectral_energyband_middle_high": {"dmean": 0.000795343192294, "dmean2": 0.00124220759608, "dvar": 1.88008095847e-06, "dvar2": 5.07195591126e-06, "max": 0.019819194451, "mean": 0.00245961896144, "median": 0.00166749511845, "min": 1.67282102467e-21, "var": 5.21324000147e-06}, "spectral_energyband_middle_low": {"dmean": 0.00658543221653, "dmean2": 0.0100804651156, "dvar": 0.000192664418137, "dvar2": 0.000495966465678, "max": 0.142390832305, "mean": 0.0205464959145, "median": 0.0190447419882, "min": 3.48872132369e-22, "var": 0.000246820680331}, "spectral_entropy": {"dmean": 0.20440800488, "dmean2": 0.275876492262, "dvar": 0.0683094039559, "dvar2": 0.132659301162, "max": 9.78270149231, "mean": 7.34212207794, "median": 7.51567935944, "min": 5.26679372787, "var": 0.461129069328}, "spectral_flux": {"dmean": 0.0388441458344, "dmean2": 0.0575108937919, "dvar": 0.00228176289238, "dvar2": 0.00516125466675, "max": 0.380415529013, "mean": 0.081623993814, "median": 0.0649733543396, "min": 1.02782608813e-10, "var": 0.00380701129325}, "spectral_kurtosis": {"dmean": 3.70129823685, "dmean2": 6.13756513596, "dvar": 57.9516448975, "dvar2": 165.088546753, "max": 100.317558289, "mean": 7.1453666687, "median": 3.20285654068, "min": -1.1703209877, "var": 107.172935486}, "spectral_rms": {"dmean": 0.00101949891541, "dmean2": 0.00139837909956, "dvar": 1.89097113434e-06, "dvar2": 3.68258497474e-06, "max": 0.0127734849229, "mean": 0.00621587922797, "median": 0.00659112865105, "min": 3.21038941958e-12, "var": 6.1151204136e-06}, "spectral_rolloff": {"dmean": 440.57699585, "dmean2": 713.467041016, "dvar": 1167901.5, "dvar2": 2317483.5, "max": 18087.890625, "mean": 1228.10388184, "median": 645.99609375, "min": 107.666015625, "var": 2643369.25}, "spectral_skewness": {"dmean": 0.355289906263, "dmean2": 0.563006877899, "dvar": 0.291398853064, "dvar2": 0.806756317616, "max": 7.8414940834, "mean": 1.74266541004, "median": 1.49886643887, "min": 0.0191520992666, "var": 0.817951500416}, "spectral_spread": {"dmean": 679450.875, "dmean2": 906647.0625, "dvar": 2177033043970.0, "dvar2": 2960488136700.0, "max": 40281244, "mean": 4918118.5, "median": 5032098, "min": 807781, "var": 5773530234880.0}, "spectral_strongpeak": {"dmean": 0.452182412148, "dmean2": 0.765798866749, "dvar": 0.410302758217, "dvar2": 0.853949725628, "max": 4.06082820892, "mean": 1.16247308254, "median": 0.784664571285, "min": 0, "var": 0.997929871082}, "zerocrossingrate": {"dmean": 0.0119540570304, "dmean2": 0.0137685528025, "dvar": 0.000406568753533, "dvar2": 0.000500296824612, "max": 0.5009765625, "mean": 0.0563679374754, "median": 0.04443359375, "min": 0.0048828125, "var": 0.00201732991263}, "barkbands": {"dmean": [5.33122256456e-05, 0.00617149146274, 0.00525292381644, 0.00165055051912, 0.00320553430356, 0.000482256407849, 0.000916776538361, 0.00176334532443, 0.00101729808375, 0.000229468452744, 0.000132290588226, 9.43858030951e-05, 0.000100967001345, 0.000122108278447, 0.000187604411622, 0.000132564353407, 0.000117597577628, 0.000100531702628, 0.000134917674586, 0.000112813133455, 0.000107575520815, 0.00010494338494, 0.000112637862912, 0.000154802532052, 8.488905587e-05, 4.03989361075e-05, 3.02227344946e-05], "dmean2": [6.56200500089e-05, 0.00933669228107, 0.00755734741688, 0.00272445729934, 0.00522710941732, 0.000813372724224, 0.00130327465013, 0.00200421107002, 0.0014225729974, 0.000332927302225, 0.000223869079491, 0.00015120577882, 0.000158459020895, 0.000188215199159, 0.000297122023767, 0.000214656713069, 0.00019242252165, 0.000156602531206, 0.000209103352972, 0.000175882363692, 0.000169772596564, 0.00015722871467, 0.000174580287421, 0.000233380589634, 0.000125567647046, 5.99232043896e-05, 5.10732716066e-05], "dvar": [8.23222023882e-09, 0.000100600729638, 9.10803501029e-05, 1.40432230182e-05, 9.05830820557e-05, 1.24676262203e-06, 2.08322921935e-06, 4.02542718803e-06, 2.63319680016e-06, 2.11047776588e-07, 8.64720988147e-08, 3.9936853824e-08, 3.04943270635e-08, 4.87830398299e-08, 1.08987748604e-07, 4.28980513334e-08, 3.34487815223e-08, 3.84409588605e-08, 7.32592440045e-08, 5.31970307804e-08, 6.07124590601e-08, 3.35051595357e-08, 4.9417504755e-08, 9.16616968993e-08, 3.49813973344e-08, 8.5584925813e-09, 9.58529788875e-09], "dvar2": [1.12943103758e-08, 0.000231297774008, 0.000194011838175, 3.56003038178e-05, 0.000230422767345, 3.39748385159e-06, 4.43473936684e-06, 6.48572085993e-06, 4.68576354251e-06, 3.90365386238e-07, 2.41093118802e-07, 1.0318314736e-07, 7.44955030996e-08, 1.05255182348e-07, 2.71554625897e-07, 1.13476168906e-07, 9.00678855942e-08, 9.05523833694e-08, 1.81576254477e-07, 1.09026629502e-07, 1.65352062709e-07, 7.76692203885e-08, 1.21641321016e-07, 2.23183121761e-07, 7.75262023467e-08, 1.93821172445e-08, 2.52334775297e-08], "max": [0.00085564609617, 0.070369951427, 0.0840181559324, 0.0373584926128, 0.0981800630689, 0.00952678453177, 0.0256140176207, 0.0332022644579, 0.0253177806735, 0.00939609110355, 0.00329805631191, 0.00239290762693, 0.00248164427467, 0.00442746281624, 0.00470809778199, 0.00309273204766, 0.001875765156, 0.00435722293332, 0.00696374336258, 0.0061572897248, 0.00335306767374, 0.00181992712896, 0.00198014103808, 0.00273489905521, 0.00211941916496, 0.000992332934402, 0.000986449420452], "mean": [9.5362389402e-05, 0.01203776896, 0.00980727002025, 0.00180645333603, 0.0047688735649, 0.000685827806592, 0.0026847589761, 0.00689011299983, 0.00322290044278, 0.000608272210229, 0.000170688785147, 0.000176604735316, 0.000195501124836, 0.00025042987545, 0.000343773630448, 0.000241041503614, 0.000216712534893, 0.000206654207432, 0.000247942021815, 0.000218251065235, 0.000198176683625, 0.000186610210221, 0.00018430541968, 0.000221071764827, 0.00012517812138, 5.51183584321e-05, 2.53832458839e-05], "median": [1.26886798171e-05, 0.00896539073437, 0.00430118665099, 0.000626925146207, 0.0026415172033, 0.000283205212327, 0.00134989921935, 0.00482700020075, 0.00120391498785, 0.000172053187271, 9.70979745034e-05, 6.88766594976e-05, 9.70121182036e-05, 9.1220223112e-05, 0.000199936766876, 0.000152683278429, 0.000133343390189, 7.94629304437e-05, 8.64177854965e-05, 7.81223934609e-05, 7.34507120796e-05, 6.39390345896e-05, 5.1691171393e-05, 5.61695051147e-05, 3.12624433718e-05, 7.24997153156e-06, 7.53206336412e-07], "min": [2.76749318729e-23, 9.96836115387e-24, 2.44365225674e-24, 6.58583240405e-23, 3.90667649201e-23, 5.37865433801e-23, 5.75516628848e-23, 5.60094398151e-23, 2.51311646871e-23, 9.01960776727e-23, 1.24390376947e-22, 9.31546342334e-23, 6.23620230888e-23, 1.43209972817e-22, 1.21161537708e-22, 1.07970117298e-22, 2.4510860007e-22, 2.60058107447e-22, 2.60976871656e-22, 3.73952557522e-22, 4.09424186686e-22, 6.94563830003e-22, 6.11267943912e-22, 8.19215616522e-22, 1.19314593448e-21, 1.69533433236e-21, 2.19684408267e-21], "var": [2.71565294696e-08, 0.000167197897099, 0.000181367227924, 1.25689575725e-05, 8.22638467071e-05, 1.37634742714e-06, 1.3358166143e-05, 4.15973408963e-05, 1.81804116437e-05, 1.63893469107e-06, 6.9186960161e-08, 9.22820646565e-08, 7.18854735737e-08, 1.88749069707e-07, 2.20635683945e-07, 7.97527448526e-08, 6.3498845293e-08, 1.63247150908e-07, 2.05756194305e-07, 1.72273118437e-07, 9.97416904625e-08, 7.97004489073e-08, 8.38426075234e-08, 1.27107540493e-07, 5.3233602415e-08, 1.23112560146e-08, 7.38898764396e-09]}, "erbbands": {"dmean": [0.0868738517165, 1.71333491802, 6.3484544754, 4.84380292892, 11.905257225, 8.73901748657, 5.43757820129, 4.30680990219, 6.40025663376, 41.5142097473, 17.3510627747, 27.7397823334, 9.40643405914, 3.93608355522, 5.41983175278, 4.14132547379, 4.79093551636, 5.81690502167, 8.82526397705, 7.59323406219, 6.22836875916, 5.51016807556, 5.75673675537, 6.46110153198, 5.69650745392, 5.45488357544, 4.1147069931, 4.68943023682, 3.62204694748, 3.53498530388, 3.40540647507, 3.99221873283, 1.97232842445, 1.05218648911, 0.592463195324, 0.215947061777, 0.0708070471883, 0.0138596249744, 0.00309575977735, 0.000610199698713], "dmean2": [0.128026455641, 2.58549690247, 8.98675632477, 7.64616775513, 19.1150913239, 14.6948127747, 9.09565830231, 7.3468503952, 9.83332443237, 47.9495353699, 22.8814716339, 38.8502998352, 13.8758907318, 6.52448987961, 9.12102508545, 6.4764790535, 7.474609375, 8.87891197205, 14.2540683746, 12.137131691, 10.0623731613, 9.07083797455, 8.97215557098, 10.4440174103, 8.71762371063, 8.50978565216, 6.5489320755, 7.43611574173, 5.58967828751, 5.38354301453, 5.3743853569, 6.34551811218, 2.87073493004, 1.57238924503, 0.870858371258, 0.320078790188, 0.105488665402, 0.0209088362753, 0.00489400140941, 0.00106513302308], "dvar": [0.0145302508026, 8.14920043945, 122.496009827, 102.609817505, 1567.69799805, 481.855865479, 106.243431091, 107.382965088, 123.657936096, 1904.41113281, 425.024200439, 2010.42114258, 299.817810059, 78.8535690308, 156.132644653, 66.6636962891, 70.6920318604, 121.452857971, 254.26210022, 160.482421875, 84.3178863525, 82.4012985229, 126.408103943, 179.448364258, 114.770812988, 131.388977051, 76.4397277832, 99.5664672852, 43.8616905212, 40.8221359253, 46.3941459656, 68.8633575439, 14.0222330093, 4.89007854462, 1.86552774906, 0.249361246824, 0.0250148531049, 0.00111690582708, 7.61586634326e-05, 4.98012650496e-06], "dvar2": [0.0303343962878, 18.4710826874, 247.710662842, 276.13671875, 3837.30786133, 1322.60009766, 295.169158936, 294.245635986, 310.275421143, 3534.0847168, 920.548828125, 3616.32250977, 528.004211426, 216.299926758, 439.347076416, 159.057220459, 171.081619263, 240.725006104, 631.765258789, 441.858337402, 222.422546387, 226.390625, 294.683868408, 465.42364502, 269.449768066, 258.818359375, 201.81288147, 253.33203125, 101.111976624, 89.7435073853, 118.020683289, 180.566177368, 29.8223018646, 11.1901130676, 3.93825960159, 0.556230425835, 0.0578602515161, 0.00260924384929, 0.000191529121366, 1.34121028168e-05], "max": [1.09676206112, 20.1608505249, 86.3439178467, 101.922859192, 391.884460449, 255.151519775, 115.158508301, 92.2049255371, 118.866920471, 696.600341797, 245.832473755, 695.46875, 376.856506348, 116.84866333, 157.971847534, 122.544212341, 110.168106079, 234.580963135, 239.663513184, 191.407592773, 124.006095886, 126.324325562, 254.882095337, 253.002365112, 285.7784729, 329.082183838, 109.355979919, 108.34135437, 93.2095031738, 55.0220718384, 62.0256996155, 71.3915939331, 47.8944168091, 20.5360984802, 18.0589008331, 5.17482995987, 1.74019014835, 0.316545814276, 0.101121626794, 0.0241170674562], "mean": [0.180695831776, 3.29644536972, 12.3715047836, 6.978120327, 11.712849617, 15.00578022, 11.7349147797, 6.28394365311, 15.6379327774, 160.3724823, 73.8216247559, 90.1198043823, 29.6564216614, 6.90680217743, 7.64240169525, 8.76785564423, 9.85865497589, 12.5805969238, 16.7839488983, 15.232427597, 12.94394207, 11.1896123886, 12.2583017349, 11.3620195389, 10.757352829, 10.704993248, 8.21918010712, 8.26501655579, 6.70534038544, 5.97466087341, 5.46024465561, 5.10948371887, 3.15635371208, 1.56744849682, 0.855069875717, 0.308643579483, 0.0899378284812, 0.0169025734067, 0.00309091503732, 0.000489477592055], "median": [0.123201966286, 2.38772296906, 5.789290905, 3.0439953804, 2.38857650757, 10.1851577759, 8.1850605011, 2.75386190414, 10.085691452, 136.64805603, 64.8402252197, 34.8778762817, 13.8278102875, 4.15490722656, 4.98638248444, 3.85067176819, 5.48250055313, 4.42206573486, 9.80275249481, 9.18135261536, 9.07973861694, 6.98138332367, 4.90946626663, 4.57000637054, 3.92325258255, 4.11772251129, 2.99926042557, 2.81342601776, 2.2973883152, 1.63666892052, 1.53936219215, 1.20667827129, 0.873825490475, 0.435534507036, 0.186605677009, 0.0504796095192, 0.0116163231432, 0.00143405399285, 0.000150311825564, 7.74258660385e-05], "min": [4.25778951947e-22, 1.82851505579e-21, 4.30155163498e-21, 9.74879397791e-20, 2.19105306713e-19, 6.72523105788e-20, 3.07920878155e-19, 5.10007874343e-19, 4.83346292237e-19, 1.1217817115e-18, 1.33917956233e-18, 6.9390863268e-19, 2.72947350984e-18, 4.27198998996e-18, 3.48755393556e-18, 3.33418348306e-18, 3.67237999881e-18, 7.24251633801e-18, 6.42863678971e-18, 5.2797627418e-18, 7.35734389628e-18, 1.57453631076e-17, 1.47290559198e-17, 1.23567366646e-17, 1.32537792973e-17, 2.09803360872e-17, 1.25076855459e-17, 1.96490815355e-17, 2.33465358602e-17, 2.39420331094e-17, 1.67868645625e-17, 1.19175236117e-17, 1.74536316932e-17, 1.31686624123e-17, 8.44528327078e-18, 7.07636553145e-18, 3.22404541847e-18, 1.06108185398e-18, 3.64947278271e-19, 2.93457864251e-20], "var": [0.0347906798124, 13.4275884628, 260.242797852, 100.135322571, 1404.76635742, 419.53793335, 148.574981689, 114.836540222, 285.056030273, 17068.9492188, 2848.10107422, 13594.0400391, 2507.16967773, 78.9213256836, 122.281105042, 214.462142944, 167.06338501, 502.291595459, 499.76763916, 318.413146973, 163.326934814, 159.786453247, 548.379882812, 397.083374023, 347.924987793, 435.527252197, 169.246643066, 180.674362183, 112.371528625, 85.0532684326, 74.3531112671, 74.5002288818, 25.830783844, 7.35639047623, 2.90254616737, 0.375495016575, 0.0338430516422, 0.0014041432878, 7.19750969438e-05, 3.41524287251e-06]}, "gfcc": {"mean": [-11.0993595123, 103.030021667, -105.46446228, 28.8500938416, -59.8715019226, 1.74585843086, -30.0712852478, 16.5813102722, -3.45644974709, 4.15545463562, -18.1056880951, -14.4387683868, -13.4634494781], "cov": [[14552.8095703, -2119.19189453, 2114.60253906, 55.099067688, -535.275085449, 739.257995605, -924.087768555, 201.465957642, -480.464599609, 228.690917969, -333.039276123, 3.97635650635, -565.311462402], [-2119.19189453, 4569.72167969, -576.301635742, -508.371154785, 1265.03430176, -887.253723145, 821.856811523, -170.114334106, 610.590820312, -217.141525269, 176.545410156, -257.727905273, 281.49822998], [2114.60253906, -576.301635742, 1034.23657227, 74.5187911987, -15.5291242599, 335.965301514, -116.011428833, 140.747528076, -28.0864639282, 69.4834060669, -78.5308914185, 21.3610916138, -115.302383423], [55.099067688, -508.371154785, 74.5187911987, 517.007385254, -131.570358276, 292.871826172, 0.402714520693, 95.4758911133, -11.2183933258, 65.3584213257, -12.5968055725, -0.70973867178, -35.3225479126], [-535.275085449, 1265.03430176, -15.5291242599, -131.570358276, 785.486206055, -159.641082764, 353.094482422, -7.37778377533, 169.177749634, -33.0404472351, 47.673625946, -62.3990325928, 13.5179462433], [739.257995605, -887.253723145, 335.965301514, 292.871826172, -159.641082764, 418.879333496, -122.607460022, 124.050857544, -76.9367446899, 87.4459152222, -32.2324142456, 36.0493812561, -84.087852478], [-924.087768555, 821.856811523, -116.011428833, 0.402714520693, 353.094482422, -122.607460022, 330.864654541, 3.51513290405, 152.650253296, -27.7895736694, 39.7428970337, -52.1680183411, 45.7093315125], [201.465957642, -170.114334106, 140.747528076, 95.4758911133, -7.37778377533, 124.050857544, 3.51513290405, 122.986526489, 31.7218837738, 54.7059516907, -4.42025661469, 6.29462194443, -30.523519516], [-480.464599609, 610.590820312, -28.0864639282, -11.2183933258, 169.177749634, -76.9367446899, 152.650253296, 31.7218837738, 177.094116211, 12.68704319, 30.5823192596, -50.2896728516, 41.6925239563], [228.690917969, -217.141525269, 69.4834060669, 65.3584213257, -33.0404472351, 87.4459152222, -27.7895736694, 54.7059516907, 12.68704319, 110.808959961, 10.2403888702, 10.3084630966, -29.3497428894], [-333.039276123, 176.545410156, -78.5308914185, -12.5968055725, 47.673625946, -32.2324142456, 39.7428970337, -4.42025661469, 30.5823192596, 10.2403888702, 66.1957168579, 7.90754985809, 18.3048057556], [3.97635650635, -257.727905273, 21.3610916138, -0.70973867178, -62.3990325928, 36.0493812561, -52.1680183411, 6.29462194443, -50.2896728516, 10.3084630966, 7.90754985809, 65.5761032104, 0.0792042836547], [-565.311462402, 281.49822998, -115.302383423, -35.3225479126, 13.5179462433, -84.087852478, 45.7093315125, -30.523519516, 41.6925239563, -29.3497428894, 18.3048057556, 0.0792042836547, 81.9934997559]], "icov": [[0.000156530935783, -0.000152326771058, -0.000244491267949, -3.24237080349e-05, 8.12298821984e-05, 3.17434278259e-05, 0.000338709360221, 6.34084108242e-06, 0.000369435612811, -0.000253578706179, 0.000308243063046, 8.49409261718e-05, 0.000729582738131], [-0.000152326771058, 0.00154525693506, 4.93717816425e-05, -7.06689752406e-05, -0.00133889215067, 0.00146438565571, -0.000265020295046, 7.21298201825e-05, -0.00223780423403, 0.00127480027732, -0.00173668598291, 0.00206459057517, -0.0024393403437], [-0.000244491267949, 4.93717816425e-05, 0.00216896086931, 0.000817215826828, -0.000225927622523, -0.00193943723571, -0.000134481306304, -0.000429185980465, -0.001506005181, 0.000608159753028, 0.00131636147853, -0.00111293175723, 0.000201105794986], [-3.24237080349e-05, -7.06689752406e-05, 0.000817215826828, 0.00433165859431, 0.000973640359007, -0.00401486642659, -0.00201427121647, -0.000160860494361, -3.13146045983e-07, -0.000345483567799, 0.0003977084707, 0.00105808244552, -0.000393895345042], [8.12298821984e-05, -0.00133889215067, -0.000225927622523, 0.000973640359007, 0.00416243122891, -0.00157874880824, -0.00315194949508, 0.000533311103936, 0.00134551397059, -0.000847856979817, 0.00074944156222, -0.0018427032046, 0.00375558622181], [3.17434278259e-05, 0.00146438565571, -0.00193943723571, -0.00401486642659, -0.00157874880824, 0.0106666032225, 0.001572126057, -0.0039883046411, 0.000984577462077, -0.000364024250302, -0.00212738476694, 0.00167871941812, -0.000584972498473], [0.000338709360221, -0.000265020295046, -0.000134481306304, -0.00201427121647, -0.00315194949508, 0.001572126057, 0.0102086542174, -0.000973191519734, -0.00322991469875, 0.00136030849535, -0.00020799554477, 0.000644856132567, 0.000441945623606], [6.34084108242e-06, 7.21298201825e-05, -0.000429185980465, -0.000160860494361, 0.000533311103936, -0.0039883046411, -0.000973191519734, 0.0174264740199, -0.0073070586659, -0.00282323593274, 0.00192160368897, -0.00472258543596, 0.00425550714135], [0.000369435612811, -0.00223780423403, -0.001506005181, -3.13146045983e-07, 0.00134551397059, 0.000984577462077, -0.00322991469875, -0.0073070586659, 0.0215687658638, -0.00614240393043, -0.00166560232174, 0.00825721491128, -0.00482196873054], [-0.000253578706179, 0.00127480027732, 0.000608159753028, -0.000345483567799, -0.000847856979817, -0.000364024250302, 0.00136030849535, -0.00282323593274, -0.00614240393043, 0.0154552012682, -0.00464092800394, -0.00101287255529, 0.00223116856068], [0.000308243063046, -0.00173668598291, 0.00131636147853, 0.0003977084707, 0.00074944156222, -0.00212738476694, -0.00020799554477, 0.00192160368897, -0.00166560232174, -0.00464092800394, 0.023463845253, -0.00911634694785, 0.00259230844676], [8.49409261718e-05, 0.00206459057517, -0.00111293175723, 0.00105808244552, -0.0018427032046, 0.00167871941812, 0.000644856132567, -0.00472258543596, 0.00825721491128, -0.00101287255529, -0.00911634694785, 0.0296259075403, -0.0102585162967], [0.000729582738131, -0.0024393403437, 0.000201105794986, -0.000393895345042, 0.00375558622181, -0.000584972498473, 0.000441945623606, 0.00425550714135, -0.00482196873054, 0.00223116856068, 0.00259230844676, -0.0102585162967, 0.0285145323724]]}, "melbands": {"dmean": [0.00121525744908, 0.00291897100396, 0.00108156027272, 0.000760924769565, 0.000232031059568, 9.29807210923e-05, 0.00011805795657, 0.00047444057418, 0.000134324116516, 0.000160040523042, 4.42955897597e-05, 1.56847927428e-05, 1.9161394448e-05, 1.17435401989e-05, 1.1511696357e-05, 8.04210503702e-06, 1.22899446069e-05, 1.33718776851e-05, 1.35282343763e-05, 1.08563181129e-05, 7.77326022217e-06, 6.09915923633e-06, 7.50006392991e-06, 4.04153797717e-06, 5.78852541366e-06, 5.23052676726e-06, 3.13609371005e-06, 4.17684941567e-06, 2.82729934042e-06, 2.72241254606e-06, 2.90201114694e-06, 2.15847740037e-06, 2.1996538635e-06, 1.98292218556e-06, 2.04358207156e-06, 2.29407737606e-06, 2.39259361479e-06, 1.30689943489e-06, 1.29579530039e-06, 8.14424311102e-07], "dmean2": [0.00184244418051, 0.00419604126364, 0.00168565660715, 0.00124642206356, 0.000378922239179, 0.000156205802341, 0.000178425310878, 0.000540856271982, 0.000181432653335, 0.000227498094318, 6.52321614325e-05, 2.63746969722e-05, 3.22936139128e-05, 1.90197097254e-05, 1.7987758838e-05, 1.25814376588e-05, 1.86796587514e-05, 2.20196543523e-05, 2.11465103348e-05, 1.75607983692e-05, 1.25692704387e-05, 9.93460798782e-06, 1.22474875752e-05, 6.41001133772e-06, 9.5253217296e-06, 8.20101104182e-06, 4.84786778543e-06, 6.52860489936e-06, 4.56235693491e-06, 4.35602942161e-06, 4.58777640233e-06, 3.42236944562e-06, 3.31062028636e-06, 3.06699803332e-06, 3.26377266902e-06, 3.7100139707e-06, 3.80040205528e-06, 1.89228535419e-06, 1.97397775992e-06, 1.2521793451e-06], "dvar": [3.4486538425e-06, 2.51460187428e-05, 5.16198360856e-06, 5.90603895034e-06, 1.64953021908e-07, 4.62789060407e-08, 4.10348093283e-08, 2.46371286039e-07, 2.88165900031e-08, 6.46979856356e-08, 7.34756744336e-09, 1.34442179611e-09, 1.86768511767e-09, 6.33999741595e-10, 3.69280411805e-10, 1.83289813882e-10, 5.86888537768e-10, 5.67535074492e-10, 5.90004933798e-10, 3.50598050591e-10, 1.22836532612e-10, 8.48291784039e-11, 2.61503652066e-10, 4.61489527148e-11, 1.57052287841e-10, 1.02312762429e-10, 2.94239736742e-11, 1.01153453669e-10, 3.46678137586e-11, 5.04847136318e-11, 3.45576761651e-11, 1.74087549931e-11, 1.4727068523e-11, 1.37234824199e-11, 1.73046646457e-11, 2.23455021847e-11, 2.43373602521e-11, 5.55663024274e-12, 7.90039561549e-12, 3.02887923076e-12], "dvar2": [7.96120275481e-06, 5.13942941325e-05, 1.30739554152e-05, 1.50506375576e-05, 4.46607060667e-07, 1.253163191e-07, 1.02303090443e-07, 4.36258176251e-07, 6.15714483843e-08, 1.20963463246e-07, 1.2966137497e-08, 3.69417452184e-09, 5.21156007238e-09, 1.70196556848e-09, 9.24005261194e-10, 4.58046822693e-10, 1.13840792348e-09, 1.46495626741e-09, 1.51003920479e-09, 9.38189081978e-10, 3.18963772061e-10, 2.28802823909e-10, 6.5944172345e-10, 1.10963432887e-10, 4.12383072135e-10, 2.46147324745e-10, 6.9417131765e-11, 1.88169910209e-10, 8.87736134603e-11, 1.45444697952e-10, 8.38245028945e-11, 4.17171228118e-11, 3.50421393291e-11, 3.16318499172e-11, 4.51798286283e-11, 5.8360143107e-11, 6.34806235356e-11, 1.15699689412e-11, 1.81071737465e-11, 7.1406097181e-12], "max": [0.012702614069, 0.0379684343934, 0.0210911482573, 0.0246070660651, 0.00429653050378, 0.00184121902566, 0.00203320384026, 0.00767357042059, 0.00267183850519, 0.00372173404321, 0.00185291282833, 0.000464719341835, 0.000470616854727, 0.000348695379216, 0.000242601396167, 0.000162193289725, 0.000538979715202, 0.00031798510463, 0.000382748286938, 0.000299989071209, 0.00011090208136, 9.70092878561e-05, 0.000348006666172, 0.000105421218905, 0.000240126231802, 0.000281364074908, 8.19081033114e-05, 0.000307526031975, 8.50238866406e-05, 0.000112970388727, 8.75837358763e-05, 5.5320593674e-05, 4.20108226535e-05, 3.58245160896e-05, 3.85827406717e-05, 4.42742857558e-05, 4.72396677651e-05, 3.31560404447e-05, 3.03775541397e-05, 1.65663077496e-05], "mean": [0.00244169589132, 0.00591358589008, 0.00145560735837, 0.000942906597629, 0.000535698898602, 0.000133175548399, 0.000286534486804, 0.00185281108133, 0.000563302077353, 0.000500900030602, 0.000126600411022, 2.37834919972e-05, 2.49186123256e-05, 2.13554067159e-05, 2.44245711656e-05, 1.57224021677e-05, 2.52007866948e-05, 2.50491266343e-05, 2.47932948696e-05, 1.82785679499e-05, 1.52147113113e-05, 1.13709884317e-05, 1.39355024658e-05, 8.01789610705e-06, 9.26224402065e-06, 9.10156450118e-06, 5.50945196665e-06, 7.90608009993e-06, 5.4885690588e-06, 4.34230059909e-06, 4.89444528284e-06, 3.75514241568e-06, 3.60255125997e-06, 3.1461272556e-06, 3.24131451634e-06, 3.07470600092e-06, 3.00203896586e-06, 2.1328658022e-06, 1.92152106138e-06, 1.14402575946e-06], "median": [0.00196596467867, 0.0034478388261, 0.000663683749735, 0.00044826552039, 0.000367257685866, 5.31806945219e-05, 0.000138851348311, 0.00150589505211, 0.00046738886158, 0.000208997487789, 4.69055739813e-05, 1.36450598802e-05, 1.44053656186e-05, 1.00988709164e-05, 1.26434888443e-05, 8.43450925458e-06, 7.70757469581e-06, 1.44530513353e-05, 1.37161650855e-05, 1.05681410787e-05, 1.08508411358e-05, 7.62416311773e-06, 4.28279918196e-06, 3.83139877158e-06, 3.42416365129e-06, 2.95766085401e-06, 2.23209099204e-06, 2.61548484559e-06, 1.70972168689e-06, 1.59770570463e-06, 1.55532904955e-06, 1.22128233215e-06, 1.02871331364e-06, 8.75767341313e-07, 8.81992036739e-07, 7.83380414759e-07, 7.14996303941e-07, 5.96917402618e-07, 4.55320275705e-07, 3.36276627877e-07], "min": [4.42504701137e-24, 1.96168388163e-24, 2.42108101353e-23, 8.42719121348e-24, 9.63433614736e-24, 1.07739711538e-23, 8.92243020116e-24, 1.22266750769e-23, 1.02189783192e-23, 4.11202108772e-24, 1.31850069704e-23, 1.59938834852e-23, 1.48932189963e-23, 7.74745974816e-24, 8.99356178899e-24, 6.90703810531e-24, 1.51073363564e-23, 1.00707773875e-23, 8.11829063793e-24, 6.44932956962e-24, 8.82879635602e-24, 1.5729053413e-23, 1.56373088897e-23, 1.1435969026e-23, 9.9091942194e-24, 9.78493442733e-24, 1.00833668187e-23, 1.46032857924e-23, 6.42653780035e-24, 8.97818452336e-24, 1.29105520062e-23, 1.30347329122e-23, 1.4180718249e-23, 1.25310539017e-23, 1.02221818833e-23, 7.8622989633e-24, 6.44569252642e-24, 1.12516059216e-23, 1.24103187402e-23, 1.09932965736e-23], "var": [6.015272902e-06, 4.96496541018e-05, 5.18527940585e-06, 5.06513924847e-06, 2.86229578705e-07, 5.7089135197e-08, 1.18851502862e-07, 2.34435810853e-06, 2.11900328395e-07, 3.99196096623e-07, 6.17222895016e-08, 1.22376830891e-09, 1.49533874172e-09, 1.18071052935e-09, 9.5503061015e-10, 4.17642115336e-10, 2.45501530216e-09, 1.05915454185e-09, 1.2266520022e-09, 6.02136951411e-10, 2.208262323e-10, 1.47121703709e-10, 8.69952776483e-10, 1.41398379117e-10, 3.07910225095e-10, 2.97630503576e-10, 6.68368763113e-11, 3.40030698043e-10, 9.22339912779e-11, 6.07575378897e-11, 6.6805436183e-11, 3.99979285803e-11, 3.05096121977e-11, 2.50005016689e-11, 2.76830208062e-11, 2.63345231039e-11, 2.59984395123e-11, 1.14376763269e-11, 1.16491599353e-11, 4.14521108411e-12]}, "mfcc": {"mean": [-654.051940918, 129.329284668, 12.1092319489, 25.1744270325, 2.73296785355, -5.75056934357, -9.6093711853, 1.4086959362, 10.8636884689, 16.10405159, 7.909116745, 5.34509277344, -1.45140028], "cov": [[10448.7060547, -1070.49108887, 1341.68664551, -50.6142578125, 250.052398682, 284.166900635, -183.252075195, -71.4121170044, -308.746643066, 30.9203948975, 104.259094238, 7.31768035889, -276.169372559], [-1070.49108887, 3873.63427734, -754.89263916, 285.133148193, 326.819702148, -214.08833313, 106.882827759, 58.6639404297, 329.636077881, 105.493759155, 85.8210754395, 82.0095443726, 121.166687012], [1341.68664551, -754.89263916, 823.697570801, -32.2837753296, 44.0996398926, 143.669616699, -44.3108177185, 59.1972732544, -7.39651679993, 55.3694953918, 20.6006088257, 21.6593723297, -32.091758728], [-50.6142578125, 285.133148193, -32.2837753296, 233.065368652, 70.3654937744, 64.6762313843, 73.1306533813, 50.605506897, 87.9511032104, 62.481590271, 63.3632469177, 21.9650535583, 12.0579633713], [250.052398682, 326.819702148, 44.0996398926, 70.3654937744, 249.88822937, 91.4849243164, 96.6015777588, 70.214553833, 70.9277038574, 62.7317352295, 41.7785987854, 39.8818969727, 30.4139156342], [284.166900635, -214.08833313, 143.669616699, 64.6762313843, 91.4849243164, 161.266571045, 79.7496337891, 49.0646209717, 32.9464263916, 47.2147598267, 32.2744522095, 24.7100162506, 9.31879711151], [-183.252075195, 106.882827759, -44.3108177185, 73.1306533813, 96.6015777588, 79.7496337891, 151.154067993, 74.7621459961, 51.5619087219, 26.0041980743, 30.1190814972, 26.4924373627, 28.0711574554], [-71.4121170044, 58.6639404297, 59.1972732544, 50.605506897, 70.214553833, 49.0646209717, 74.7621459961, 110.804504395, 59.9293518066, 20.9470615387, 18.5471630096, 16.7584648132, 16.7173366547], [-308.746643066, 329.636077881, -7.39651679993, 87.9511032104, 70.9277038574, 32.9464263916, 51.5619087219, 59.9293518066, 139.944915771, 74.8090438843, 36.0860862732, 30.142621994, 38.9946289062], [30.9203948975, 105.493759155, 55.3694953918, 62.481590271, 62.7317352295, 47.2147598267, 26.0041980743, 20.9470615387, 74.8090438843, 103.703269958, 64.5102386475, 29.4520359039, 14.2389249802], [104.259094238, 85.8210754395, 20.6006088257, 63.3632469177, 41.7785987854, 32.2744522095, 30.1190814972, 18.5471630096, 36.0860862732, 64.5102386475, 100.707397461, 43.670627594, 6.34865522385], [7.31768035889, 82.0095443726, 21.6593723297, 21.9650535583, 39.8818969727, 24.7100162506, 26.4924373627, 16.7584648132, 30.142621994, 29.4520359039, 43.670627594, 71.4985122681, 40.6635856628], [-276.169372559, 121.166687012, -32.091758728, 12.0579633713, 30.4139156342, 9.31879711151, 28.0711574554, 16.7173366547, 38.9946289062, 14.2389249802, 6.34865522385, 40.6635856628, 81.1600952148]], "icov": [[0.000160360170412, -3.82831130992e-05, -0.00022898230236, -6.91324530635e-05, -0.000233050581301, -0.000178724294528, 0.000193460451555, 0.000106462743133, 0.000442937016487, 4.66562451038e-05, -0.000113726389827, -0.000154724388267, 0.000406980281696], [-3.82831130992e-05, 0.000621509214398, 0.000357122858986, -0.000431473308709, -0.00100461754482, 0.00139615638182, -4.94476626045e-06, 0.000416547642089, -0.0014593724627, 0.000521277310327, -9.92627683445e-05, -0.000255440798355, 2.47194475378e-05], [-0.00022898230236, 0.000357122858986, 0.00263940077275, 0.000458390975837, -7.73417195887e-05, -0.00163858255837, 0.00243040523492, -0.00244154781103, -0.000287454458885, -0.00133134797215, 0.000782575574704, -0.00107720249798, 0.000392816058593], [-6.91324530635e-05, -0.000431473308709, 0.000458390975837, 0.00757908029482, 0.000925444532186, -0.00303816865198, -0.000871602096595, -0.000363064027624, -0.00315030175261, 0.000723393808585, -0.00373692368157, 0.00199132994749, 0.000523737398908], [-0.000233050581301, -0.00100461754482, -7.73417195887e-05, 0.000925444532186, 0.00868260115385, -0.00358565617353, -0.00238585704938, -0.00250001833774, 0.00166609173175, -0.00368025992066, 0.0014087590389, -0.00079299841309, -0.000830826815218], [-0.000178724294528, 0.00139615638182, -0.00163858255837, -0.00303816865198, -0.00358565617353, 0.0169069394469, -0.00713472114876, 0.00189823843539, -0.000812605023384, -0.00299871643074, 0.00192777905613, -0.00144175835885, 7.81813068897e-05], [0.000193460451555, -4.94476626045e-06, 0.00243040523492, -0.000871602096595, -0.00238585704938, -0.00713472114876, 0.0173054113984, -0.00811775494367, 0.00103854411282, 0.00185985234566, -0.00176166754682, -0.000632801442407, -0.00121434626635], [0.000106462743133, 0.000416547642089, -0.00244154781103, -0.000363064027624, -0.00250001833774, 0.00189823843539, -0.00811775494367, 0.0203820969909, -0.00952936150134, 0.0077629503794, -0.00284465565346, 0.00137162697501, 0.000909105525352], [0.000442937016487, -0.0014593724627, -0.000287454458885, -0.00315030175261, 0.00166609173175, -0.000812605023384, 0.00103854411282, -0.00952936150134, 0.0253469012678, -0.016958296299, 0.00660153059289, -0.0017185176257, -0.00374553585425], [4.66562451038e-05, 0.000521277310327, -0.00133134797215, 0.000723393808585, -0.00368025992066, -0.00299871643074, 0.00185985234566, 0.0077629503794, -0.016958296299, 0.0323210805655, -0.0166156180203, 0.004199443385, -9.91305860225e-05], [-0.000113726389827, -9.92627683445e-05, 0.000782575574704, -0.00373692368157, 0.0014087590389, 0.00192777905613, -0.00176166754682, -0.00284465565346, 0.00660153059289, -0.0166156180203, 0.0264053177088, -0.0146168852225, 0.00607307301834], [-0.000154724388267, -0.000255440798355, -0.00107720249798, 0.00199132994749, -0.00079299841309, -0.00144175835885, -0.000632801442407, 0.00137162697501, -0.0017185176257, 0.004199443385, -0.0146168852225, 0.0312580764294, -0.0148967709392], [0.000406980281696, 2.47194475378e-05, 0.000392816058593, 0.000523737398908, -0.000830826815218, 7.81813068897e-05, -0.00121434626635, 0.000909105525352, -0.00374553585425, -9.91305860225e-05, 0.00607307301834, -0.0148967709392, 0.0230875685811]]}, "spectral_contrast_coeffs": {"dmean": [0.0540498308837, 0.0439516454935, 0.0358684919775, 0.0289505515248, 0.020063392818, 0.0192243941128], "dmean2": [0.0852498412132, 0.0658173337579, 0.0571230240166, 0.0449991859496, 0.0321486890316, 0.0307020060718], "dvar": [0.00225842837244, 0.00141337455716, 0.000880733074155, 0.000600993342232, 0.000282041961327, 0.000471085426398], "dvar2": [0.00540828611702, 0.00318465288728, 0.0021171560511, 0.00127235718537, 0.000643312407192, 0.00125457078684], "max": [-0.284931838512, -0.379809677601, -0.48453938961, -0.577761232853, -0.651913821697, -0.589644610882], "mean": [-0.614481806755, -0.632204592228, -0.715853273869, -0.775326967239, -0.789220035076, -0.765768051147], "median": [-0.612762451172, -0.6244789958, -0.718530774117, -0.784084916115, -0.792636632919, -0.765209555626], "min": [-0.971005856991, -0.966352045536, -0.974768877029, -0.960220336914, -0.959587037563, -0.956383466721], "var": [0.00830027833581, 0.0095626199618, 0.00624593812972, 0.00277347280644, 0.00142264273018, 0.00193012214731]}, "spectral_contrast_valleys": {"dmean": [0.5574259758, 0.389376521111, 0.364510595798, 0.321716815233, 0.291521430016, 0.432133972645], "dmean2": [0.805063486099, 0.61830252409, 0.552304685116, 0.484935939312, 0.413646012545, 0.583775997162], "dvar": [0.512996137142, 0.423970460892, 0.404534816742, 0.367740958929, 0.374345839024, 0.491264313459], "dvar2": [0.654200315475, 0.504896700382, 0.468843400478, 0.416999518871, 0.407461255789, 0.854210138321], "max": [-5.3637752533, -4.81485462189, -5.34900283813, -6.06361103058, -5.98223543167, -7.71007728577], "mean": [-7.280418396, -6.969220161