{"lowlevel": {"average_loudness": 0.789714038372, "barkbands_crest": {"dmean": 2.41481995583, "dmean2": 3.65626645088, "dvar": 7.29733133316, "dvar2": 15.8502044678, "max": 26.4296569824, "mean": 14.906162262, "median": 14.3040542603, "min": 2.79602098465, "var": 32.2058486938}, "barkbands_flatness_db": {"dmean": 0.0420719794929, "dmean2": 0.0604189857841, "dvar": 0.0025579999201, "dvar2": 0.00517152016982, "max": 0.632595896721, "mean": 0.307173043489, "median": 0.293295294046, "min": 0.0483636185527, "var": 0.0152421090752}, "barkbands_kurtosis": {"dmean": 13.150062561, "dmean2": 20.8638210297, "dvar": 1702.07177734, "dvar2": 4666.46777344, "max": 842.051818848, "mean": 22.2483997345, "median": 5.00364398956, "min": -1.9012131691, "var": 3266.45898438}, "barkbands_skewness": {"dmean": 0.980145096779, "dmean2": 1.42947280407, "dvar": 1.84178483486, "dvar2": 4.04179191589, "max": 23.343126297, "mean": 2.44042897224, "median": 1.65676116943, "min": -5.35287952423, "var": 7.92995595932}, "barkbands_spread": {"dmean": 3.9687359333, "dmean2": 6.15990543365, "dvar": 55.0621528625, "dvar2": 124.850654602, "max": 108.256660461, "mean": 8.85221576691, "median": 5.02421998978, "min": 0.131395727396, "var": 123.097679138}, "dissonance": {"dmean": 0.0397784523666, "dmean2": 0.064540117979, "dvar": 0.00167686224449, "dvar2": 0.00406427914277, "max": 0.500000059605, "mean": 0.396117419004, "median": 0.412002891302, "min": 0.024632519111, "var": 0.00543262856081}, "dynamic_complexity": 4.53624200821, "erbbands_crest": {"dmean": 3.03016066551, "dmean2": 4.75903844833, "dvar": 9.36673641205, "dvar2": 21.5124950409, "max": 33.5675888062, "mean": 12.6781549454, "median": 11.6720867157, "min": 2.93621921539, "var": 30.7457695007}, "erbbands_flatness_db": {"dmean": 0.0347330011427, "dmean2": 0.0500619895756, "dvar": 0.00173999310937, "dvar2": 0.00331113371067, "max": 0.59976631403, "mean": 0.276727408171, "median": 0.275797009468, "min": 0.0609603710473, "var": 0.00753894401714}, "erbbands_kurtosis": {"dmean": 2.91110897064, "dmean2": 4.57513189316, "dvar": 38.8732185364, "dvar2": 102.683280945, "max": 156.857696533, "mean": 3.29400253296, "median": 0.690562486649, "min": -1.89253747463, "var": 71.6648101807}, "erbbands_skewness": {"dmean": 0.622582495213, "dmean2": 0.925902366638, "dvar": 0.577758610249, "dvar2": 1.38069975376, "max": 8.9422826767, "mean": 0.742112874985, "median": 0.627839624882, "min": -4.92765235901, "var": 1.6737203598}, "erbbands_spread": {"dmean": 8.93587112427, "dmean2": 14.0003499985, "dvar": 247.245498657, "dvar2": 620.682983398, "max": 184.472320557, "mean": 23.5861301422, "median": 17.4932498932, "min": 0.414947539568, "var": 435.238220215}, "hfc": {"dmean": 7.34343385696, "dmean2": 10.9653539658, "dvar": 456.645324707, "dvar2": 1089.28552246, "max": 408.441650391, "mean": 15.8172531128, "median": 8.63916873932, "min": 1.18589072773e-16, "var": 832.179382324}, "melbands_crest": {"dmean": 2.79840350151, "dmean2": 4.48656177521, "dvar": 8.91098308563, "dvar2": 21.7247333527, "max": 36.3145332336, "mean": 18.079410553, "median": 17.6750392914, "min": 2.9120452404, "var": 40.8558578491}, "melbands_flatness_db": {"dmean": 0.0518726110458, "dmean2": 0.073214598, "dvar": 0.00400110660121, "dvar2": 0.00779825355858, "max": 0.809851944447, "mean": 0.395515084267, "median": 0.379505604506, "min": 0.0132734300569, "var": 0.0259975232184}, "melbands_kurtosis": {"dmean": 17.1871166229, "dmean2": 25.9483337402, "dvar": 2207.96728516, "dvar2": 4946.25585938, "max": 862.238525391, "mean": 29.8146686554, "median": 7.949634552, "min": -1.88233315945, "var": 3946.65551758}, "melbands_skewness": {"dmean": 1.05755937099, "dmean2": 1.5930249691, "dvar": 2.6044023037, "dvar2": 5.95379400253, "max": 21.9861526489, "mean": 2.89845514297, "median": 2.11584043503, "min": -3.68370056152, "var": 8.07030677795}, "melbands_spread": {"dmean": 6.11598730087, "dmean2": 9.2142162323, "dvar": 230.109298706, "dvar2": 451.119689941, "max": 268.923675537, "mean": 12.4996271133, "median": 6.2306933403, "min": 0.295778572559, "var": 468.977203369}, "pitch_salience": {"dmean": 0.0700566396117, "dmean2": 0.105727083981, "dvar": 0.00550784450024, "dvar2": 0.0128743741661, "max": 0.936803281307, "mean": 0.45194002986, "median": 0.455750465393, "min": 0.0603356063366, "var": 0.022353399545}, "silence_rate_20dB": {"dmean": 0.0302297454327, "dmean2": 0.0604668036103, "dvar": 0.0293172858655, "dvar2": 0.0667307525873, "max": 1, "mean": 0.962761461735, "median": 1, "min": 0, "var": 0.0358514375985}, "silence_rate_30dB": {"dmean": 0.0423216447234, "dmean2": 0.0846535265446, "dvar": 0.0405308268964, "dvar2": 0.0871579572558, "max": 1, "mean": 0.732075929642, "median": 1, "min": 0, "var": 0.19613443315}, "silence_rate_60dB": {"dmean": 0.0454655364156, "dmean2": 0.0908211395144, "dvar": 0.0433987826109, "dvar2": 0.0990142002702, "max": 1, "mean": 0.142304435372, "median": 0, "min": 0, "var": 0.122063219547}, "spectral_centroid": {"dmean": 211.042678833, "dmean2": 311.629150391, "dvar": 152817.8125, "dvar2": 291858.375, "max": 10709.2197266, "mean": 731.181945801, "median": 524.074768066, "min": 104.227905273, "var": 451797.34375}, "spectral_complexity": {"dmean": 2.55477619171, "dmean2": 3.89067602158, "dvar": 24.0872154236, "dvar2": 45.8180923462, "max": 56, "mean": 9.60234546661, "median": 8, "min": 0, "var": 46.5811462402}, "spectral_decrease": {"dmean": 4.90984763957e-09, "dmean2": 6.87137546862e-09, "dvar": 1.64913913464e-16, "dvar2": 2.9980500881e-16, "max": -2.84652927263e-29, "mean": -2.01811882761e-08, "median": -4.07843669947e-09, "min": -1.81250854325e-07, "var": 8.92079641697e-16}, "spectral_energy": {"dmean": 0.0190980136395, "dmean2": 0.026757447049, "dvar": 0.00238819885999, "dvar2": 0.00434701750055, "max": 0.691582798958, "mean": 0.0776028186083, "median": 0.0164844412357, "min": 1.08638113101e-20, "var": 0.0129270795733}, "spectral_energyband_high": {"dmean": 0.000507576391101, "dmean2": 0.000801634218078, "dvar": 6.27839608569e-06, "dvar2": 1.51252643263e-05, "max": 0.0467848181725, "mean": 0.000541451852769, "median": 3.69164490621e-06, "min": 7.65236740018e-21, "var": 1.00331244539e-05}, "spectral_energyband_low": {"dmean": 0.0156059162691, "dmean2": 0.021413134411, "dvar": 0.00216065230779, "dvar2": 0.00378507887945, "max": 0.629811942577, "mean": 0.0634513795376, "median": 0.000858261133544, "min": 4.06634067705e-23, "var": 0.0119367046282}, "spectral_energyband_middle_high": {"dmean": 0.00162130687386, "dmean2": 0.00241900165565, "dvar": 2.92389813694e-05, "dvar2": 6.51612936053e-05, "max": 0.107314541936, "mean": 0.00274705071934, "median": 0.000808789161965, "min": 1.62888291113e-21, "var": 3.75545569113e-05}, "spectral_energyband_middle_low": {"dmean": 0.00439056847245, "dmean2": 0.00697010615841, "dvar": 9.86776722129e-05, "dvar2": 0.000258893996943, "max": 0.160024106503, "mean": 0.0119619481266, "median": 0.00830275099725, "min": 5.2037708173e-22, "var": 0.000172424755874}, "spectral_entropy": {"dmean": 0.394367545843, "dmean2": 0.582803308964, "dvar": 0.267627000809, "dvar2": 0.549816131592, "max": 9.79019832611, "mean": 6.2331237793, "median": 6.1760468483, "min": 3.53440141678, "var": 0.858987152576}, "spectral_flux": {"dmean": 0.0357894487679, "dmean2": 0.0540527328849, "dvar": 0.00385952135548, "dvar2": 0.00817469973117, "max": 0.731544911861, "mean": 0.0690807625651, "median": 0.043611291796, "min": 1.04229611053e-10, "var": 0.00640808418393}, "spectral_kurtosis": {"dmean": 19.9738883972, "dmean2": 32.4486999512, "dvar": 1086.62207031, "dvar2": 2509.93505859, "max": 503.431732178, "mean": 40.4132347107, "median": 16.890291214, "min": -1.13708627224, "var": 3533.6328125}, "spectral_rms": {"dmean": 0.00100619683508, "dmean2": 0.00137036619708, "dvar": 3.78344270757e-06, "dvar2": 6.12318626736e-06, "max": 0.0259752757847, "mean": 0.00656400807202, "median": 0.00401028431952, "min": 3.25558590503e-12, "var": 3.26236331603e-05}, "spectral_rolloff": {"dmean": 366.37991333, "dmean2": 593.711608887, "dvar": 1007924.8125, "dvar2": 2163143.5, "max": 18884.6191406, "mean": 851.796203613, "median": 538.330078125, "min": 64.599609375, "var": 1772519.125}, "spectral_skewness": {"dmean": 1.19390869141, "dmean2": 1.89606869221, "dvar": 2.16498208046, "dvar2": 4.69209718704, "max": 17.9720554352, "mean": 3.88407707214, "median": 2.96841573715, "min": -0.0445621833205, "var": 8.43801879883}, "spectral_spread": {"dmean": 881194.125, "dmean2": 1371766.375, "dvar": 2080867876860.0, "dvar2": 4273981358080.0, "max": 39677296, "mean": 2668036, "median": 2132810.25, "min": 220022.15625, "var": 4476065808380.0}, "spectral_strongpeak": {"dmean": 0.299748003483, "dmean2": 0.486704945564, "dvar": 0.332076311111, "dvar2": 0.807126045227, "max": 15.6077337265, "mean": 0.920217692852, "median": 0.756093263626, "min": 0, "var": 0.683368444443}, "zerocrossingrate": {"dmean": 0.00739058246836, "dmean2": 0.00859963148832, "dvar": 0.000199153379072, "dvar2": 0.000228962991969, "max": 0.49658203125, "mean": 0.0307203941047, "median": 0.02294921875, "min": 0.00146484375, "var": 0.00108664203435}, "barkbands": {"dmean": [0.000925977481529, 0.0130874589086, 0.00352449039929, 0.000789181038272, 0.00255530979484, 0.0010403302731, 0.000203839430469, 0.000429923820775, 0.000297408900224, 0.000493201368954, 0.000407830142649, 0.000341428880347, 0.000112084038847, 9.14741904126e-05, 0.000262368674157, 5.07743679918e-05, 0.000155443514814, 0.000109644905024, 8.44741443871e-05, 9.54131173785e-05, 0.000102240177512, 8.30561039038e-05, 0.000106521838461, 0.000120315708045, 6.55405019643e-05, 1.08932426883e-05, 5.36456241207e-07], "dmean2": [0.00129815842956, 0.017668068409, 0.00533322012052, 0.00126581615768, 0.00426320265979, 0.00161883526016, 0.000302193890093, 0.000557409832254, 0.000413339905208, 0.000691017485224, 0.000641575083137, 0.000542641268112, 0.000169127888512, 0.000152540000272, 0.000421259755967, 8.75136902323e-05, 0.000224174262257, 0.000181887269719, 0.000129674503114, 0.00015280165826, 0.000166829224327, 0.00013956874318, 0.000180848728633, 0.000214382045669, 0.000113135087304, 1.76041467057e-05, 8.81675077835e-07], "dvar": [1.27100756799e-05, 0.00135250552557, 0.000130843764055, 6.08670279689e-06, 4.32811721112e-05, 4.94664755024e-06, 2.47207395887e-07, 1.22691335491e-06, 9.23488471472e-07, 1.22706182992e-06, 1.19254118545e-05, 6.02276895734e-06, 1.65026108334e-07, 7.07852123583e-08, 3.22599385072e-06, 2.92048696338e-08, 1.46718946326e-07, 1.22673426972e-07, 1.53448155515e-07, 2.03304679758e-07, 2.87544935418e-07, 1.82988543429e-07, 3.00635235817e-07, 4.53722293514e-07, 1.07231954871e-07, 4.93623542042e-09, 3.18137044486e-11], "dvar2": [2.54349797615e-05, 0.00228413031437, 0.000287041912088, 1.49363195305e-05, 0.000116703922686, 1.27719231386e-05, 5.81217307172e-07, 2.06449635698e-06, 1.86546867553e-06, 2.35638162849e-06, 2.68251460511e-05, 1.528050052e-05, 3.49810107991e-07, 1.79254016075e-07, 7.09007235855e-06, 8.16594294406e-08, 3.08977632812e-07, 3.1517691923e-07, 3.53867051217e-07, 4.8652333362e-07, 6.83525570366e-07, 4.6577056878e-07, 7.36353513275e-07, 1.24548330405e-06, 2.53328721556e-07, 9.57604573415e-09, 7.18116538456e-11], "max": [0.0487363934517, 0.47628223896, 0.171654224396, 0.0405833348632, 0.0973778143525, 0.0415864661336, 0.00681728404015, 0.0246324129403, 0.0230627115816, 0.0221711415797, 0.0904801562428, 0.0583321601152, 0.00789252202958, 0.00700570875779, 0.0736541673541, 0.00200068950653, 0.00780420936644, 0.00589188933372, 0.00543104065582, 0.0059010530822, 0.00662141945213, 0.00512998644263, 0.0129850804806, 0.0144768441096, 0.0101441005245, 0.00296896044165, 0.00020839892386], "mean": [0.00256670708768, 0.0495972447097, 0.0104063777253, 0.0014892272884, 0.00557361263782, 0.00215430627577, 0.000392181391362, 0.001131498022, 0.000730165687855, 0.00114166014828, 0.000455681292806, 0.000389527645893, 0.000123315432575, 0.000103874175693, 0.00028577412013, 4.67583304271e-05, 0.000236412073718, 0.00011149567581, 7.72592102294e-05, 0.000101266778074, 8.73782337294e-05, 8.0970232375e-05, 0.000111076573376, 0.000107063569885, 8.29847776913e-05, 1.78739974217e-05, 1.10449661861e-06], "median": [9.97481674858e-06, 0.000357170181815, 0.000390051980503, 6.45473992336e-05, 0.00224187131971, 0.000775784719735, 0.000127011895529, 0.000235531580984, 0.000172533153091, 0.000253173144301, 1.51634203576e-05, 4.26805199822e-05, 1.55786365212e-05, 1.53710916493e-05, 1.2702429558e-05, 7.99239933258e-06, 2.03249910555e-05, 6.32178898741e-06, 2.35968332163e-06, 1.36298501729e-06, 7.76996444074e-07, 4.76035694419e-07, 4.02912263553e-07, 2.12604490457e-07, 9.0178282619e-08, 1.67363811698e-08, 5.4325383303e-08], "min": [1.35721309933e-23, 2.55460077045e-23, 3.26101174823e-24, 1.12121145586e-24, 2.89056495484e-23, 4.70238565653e-23, 2.28675857486e-22, 3.0905979923e-23, 1.49894161661e-22, 9.30929326888e-23, 1.669721546e-22, 8.05355544987e-23, 1.84773955819e-22, 1.25024873551e-22, 2.19940049687e-22, 1.03619063468e-22, 9.93995600817e-23, 1.48178105202e-22, 2.45356441234e-22, 4.64145814228e-22, 2.88698327389e-22, 6.7297948492e-22, 3.75104647854e-22, 8.99499947221e-22, 1.20263892253e-21, 1.69724153297e-21, 2.4950606669e-21], "var": [3.70770358131e-05, 0.00802212674171, 0.00036472431384, 1.07101714093e-05, 8.39969943627e-05, 1.04037699202e-05, 4.55029862678e-07, 5.51871380594e-06, 3.76438811145e-06, 4.38876077169e-06, 1.20781669466e-05, 4.74139551443e-06, 1.92477145333e-07, 6.9208923037e-08, 3.55379438588e-06, 2.17639417599e-08, 3.11852090817e-07, 1.18418228112e-07, 1.52368002659e-07, 2.04074723342e-07, 2.55127048376e-07, 2.11098608816e-07, 5.5979762692e-07, 5.13144470915e-07, 3.43625316646e-07, 2.2301783531e-08, 9.79196029816e-11]}, "erbbands": {"dmean": [0.500516295433, 2.87459802628, 4.85599088669, 2.66962122917, 5.62386226654, 9.73346805573, 8.54123497009, 8.1570854187, 3.23365950584, 5.25806665421, 9.55138492584, 8.24417304993, 11.2597160339, 17.2182788849, 13.2081823349, 14.6322965622, 7.42376899719, 4.26925086975, 16.1530418396, 4.75665187836, 5.15377950668, 6.18725538254, 6.81333112717, 4.52310562134, 4.01510667801, 4.53168869019, 5.39638471603, 2.83230757713, 2.84842324257, 3.30645823479, 3.04001665115, 2.83208084106, 1.76190090179, 0.973990082741, 0.353373527527, 0.0806043595076, 0.0175446998328, 0.00163955672178, 9.06999484869e-05, 2.44302445935e-05], "dmean2": [0.605305552483, 4.17050361633, 7.64187479019, 3.99329662323, 9.48822307587, 16.251871109, 12.9475660324, 13.4668197632, 4.82531356812, 7.34807348251, 12.1968517303, 11.0923099518, 15.9789333344, 24.5252552032, 21.1791496277, 22.8020210266, 11.4700422287, 6.89355373383, 26.1632671356, 7.58750247955, 7.83749771118, 9.21504211426, 11.0613460541, 7.31687307358, 6.06561994553, 7.23261117935, 8.60911655426, 4.66084003448, 4.75121545792, 5.6105260849, 5.21332788467, 5.12516117096, 3.07319831848, 1.67216658592, 0.62158882618, 0.138137474656, 0.0283187478781, 0.00247373012826, 0.00013797194697, 3.41993945767e-05], "dvar": [1.87138986588, 70.3386459351, 287.459533691, 62.9687652588, 210.951965332, 660.936767578, 410.418731689, 341.541595459, 69.5856933594, 162.940673828, 776.362060547, 713.357727051, 397.844970703, 3929.20117188, 10652.28125, 9093.71679688, 1352.93334961, 144.34765625, 15039.2441406, 265.764068604, 195.67956543, 212.388412476, 423.164337158, 317.850708008, 353.142913818, 466.846984863, 821.753967285, 198.636581421, 214.765258789, 297.213043213, 257.474090576, 253.411895752, 93.7389755249, 25.064414978, 4.46031332016, 0.256131917238, 0.01728489995, 0.000177513720701, 7.44154249332e-07, 3.62971963597e-09], "dvar2": [2.54864835739, 150.280029297, 681.850585938, 133.840606689, 560.905822754, 1778.58154297, 1088.4074707, 993.193481445, 165.87979126, 301.504821777, 1294.41101074, 1453.52124023, 785.982849121, 8045.42724609, 24174.9746094, 22973.71875, 3246.56152344, 344.123168945, 34056.75, 544.686828613, 466.703521729, 492.596130371, 1085.93554688, 787.388977051, 780.784667969, 1122.29724121, 1918.12353516, 478.866424561, 546.760437012, 724.329467773, 645.83215332, 702.572875977, 251.759109497, 61.3133392334, 10.6704454422, 0.545844316483, 0.0377232842147, 0.000306498928694, 1.24096038689e-06, 6.6847256619e-09], "max": [17.9340076447, 114.61239624, 232.142852783, 125.312164307, 241.775527954, 315.785095215, 344.270446777, 273.307250977, 115.229499817, 284.951019287, 653.555480957, 653.15234375, 407.89251709, 1107.91369629, 2867.79199219, 2252.46704102, 777.766662598, 335.938262939, 5045.68847656, 523.917419434, 279.7137146, 225.353775024, 387.768981934, 217.211029053, 269.312316895, 280.953033447, 361.572509766, 147.905426025, 158.904647827, 488.809295654, 332.444854736, 282.869781494, 237.874160767, 163.704925537, 81.8620605469, 20.1766357422, 5.99075365067, 0.582400858402, 0.0323718897998, 0.00142296601553], "mean": [2.02049040794, 8.7436876297, 14.0509080887, 6.67207670212, 11.4226894379, 20.2233905792, 19.4150905609, 14.8196811676, 6.30772066116, 10.7342634201, 27.7145652771, 21.8585186005, 26.316532135, 30.3019351959, 17.7757453918, 18.1556186676, 7.93297624588, 5.33131885529, 17.1818351746, 5.65996980667, 6.62970685959, 8.81262588501, 7.91274738312, 4.19641590118, 3.85110497475, 4.9619269371, 4.86253166199, 2.47362542152, 2.68270587921, 3.47324538231, 3.14572119713, 2.40974020958, 1.68396484852, 1.15057265759, 0.466151803732, 0.122047960758, 0.0312254633754, 0.00325267552398, 0.000242539026658, 9.36083742999e-05], "median": [0.0107130138204, 0.0765136256814, 0.385856986046, 0.526977598667, 2.74469423294, 6.72063159943, 10.2633657455, 4.96546888351, 2.13799262047, 3.95060777664, 5.49130535126, 6.33394050598, 9.25946331024, 3.44796872139, 1.62453114986, 2.21282148361, 1.10862803459, 1.1687015295, 0.777936339378, 0.806357741356, 0.939925551414, 0.964487433434, 0.768421292305, 0.261534154415, 0.0927354618907, 0.071651853621, 0.04474921152, 0.0245025493205, 0.0199360102415, 0.0132402321324, 0.0108719682321, 0.00612136861309, 0.00271504791453, 0.00132651184686, 0.000526728807017, 0.000165507721249, 5.35301187483e-05, 1.12198376883e-05, 1.86779452633e-05, 2.03548970603e-05], "min": [1.62008967426e-21, 2.37979821842e-21, 3.96088772024e-21, 2.82283603333e-21, 2.91043660085e-20, 1.64868107924e-19, 7.90799012014e-20, 4.89325618993e-19, 2.76936015898e-18, 2.34132541805e-18, 1.45777265355e-18, 3.27068682449e-18, 2.95259100442e-18, 3.17985453502e-18, 7.09929911393e-18, 4.00651505776e-18, 8.150478582e-18, 7.74456533899e-18, 1.0871205484e-17, 7.31480447892e-18, 5.78137209629e-18, 5.61877568482e-18, 8.5146398836e-18, 1.01617574881e-17, 1.43233139032e-17, 2.07486692674e-17, 1.67885999874e-17, 1.06869311503e-17, 2.57079297139e-17, 1.66168524769e-17, 1.15138875969e-17, 1.65870872097e-17, 1.54049716681e-17, 1.11999742088e-17, 9.33554302248e-18, 6.03956825269e-18, 3.01033731016e-18, 1.25759463512e-18, 3.46115193307e-19, 3.99646561465e-20], "var": [14.0880231857, 266.076171875, 656.545166016, 151.982009888, 385.654327393, 1290.75756836, 668.138427734, 600.543029785, 137.256576538, 416.705780029, 3801.87963867, 2879.11621094, 1572.45605469, 7073.50244141, 11507.8056641, 7504.17285156, 1202.29064941, 162.184738159, 15010.7597656, 486.423431396, 264.422058105, 358.49118042, 439.038879395, 287.787628174, 369.836029053, 472.727172852, 791.101928711, 174.048416138, 216.579345703, 556.654785156, 438.111694336, 243.611938477, 131.686798096, 67.6205673218, 12.6667041779, 0.92420810461, 0.0804710686207, 0.000918086385354, 3.64383186024e-06, 2.15215099075e-08]}, "gfcc": {"mean": [-125.096794128, 165.388565063, -98.6683807373, 6.62569713593, -42.8013038635, -6.93362617493, -26.4940471649, 1.76537013054, -10.0292243958, -14.9220342636, -6.51905870438, -4.53338289261, 2.74206447601], "cov": [[9425.97949219, -2988.20629883, -873.109741211, 2015.75256348, -435.416015625, 1501.32080078, -124.740196228, 476.853759766, -589.537719727, 420.425048828, -222.488891602, 207.843582153, -29.1346054077], [-2988.20629883, 3971.31103516, 679.369750977, -1267.8560791, 1494.38525391, -881.379211426, 453.496520996, -357.400085449, 268.306213379, -625.529052734, 24.7367420197, -222.382339478, 29.6138648987], [-873.109741211, 679.369750977, 3203.9609375, 716.061462402, 261.660430908, 352.503356934, 324.257385254, 116.629562378, 307.669555664, 159.957061768, 89.6805801392, -125.335731506, -132.590332031], [2015.75256348, -1267.8560791, 716.061462402, 1526.66174316, -56.3787574768, 574.444030762, 62.2838554382, 163.160705566, 6.41629266739, 254.848632812, 4.77387428284, -29.8775539398, -49.1881523132], [-435.416015625, 1494.38525391, 261.660430908, -56.3787574768, 1430.19506836, 26.8117733002, 232.568313599, -149.864364624, 77.6630859375, -311.524383545, -96.1546325684, -118.485290527, -57.7472686768], [1501.32080078, -881.379211426, 352.503356934, 574.444030762, 26.8117733002, 919.542541504, 88.0470199585, 94.0231399536, -46.0574913025, 133.297073364, -24.3010501862, 28.1916484833, -31.0540180206], [-124.740196228, 453.496520996, 324.257385254, 62.2838554382, 232.568313599, 88.0470199585, 382.426635742, 55.6158065796, 102.748100281, -27.9283714294, 67.0191802979, -17.9576473236, 29.721162796], [476.853759766, -357.400085449, 116.629562378, 163.160705566, -149.864364624, 94.0231399536, 55.6158065796, 248.380081177, 68.231086731, 85.8982620239, 33.4543685913, 59.6140022278, -3.18734169006], [-589.537719727, 268.306213379, 307.669555664, 6.41629266739, 77.6630859375, -46.0574913025, 102.748100281, 68.231086731, 289.576751709, 79.0585861206, 115.491325378, -3.58116459846, 38.836730957], [420.425048828, -625.529052734, 159.957061768, 254.848632812, -311.524383545, 133.297073364, -27.9283714294, 85.8982620239, 79.0585861206, 317.047668457, 102.604995728, 43.5935134888, 32.7907142639], [-222.488891602, 24.7367420197, 89.6805801392, 4.77387428284, -96.1546325684, -24.3010501862, 67.0191802979, 33.4543685913, 115.491325378, 102.604995728, 181.928482056, 56.6484375, 42.7631759644], [207.843582153, -222.382339478, -125.335731506, -29.8775539398, -118.485290527, 28.1916484833, -17.9576473236, 59.6140022278, -3.58116459846, 43.5935134888, 56.6484375, 122.755577087, 48.0022315979], [-29.1346054077, 29.6138648987, -132.590332031, -49.1881523132, -57.7472686768, -31.0540180206, 29.721162796, -3.18734169006, 38.836730957, 32.7907142639, 42.7631759644, 48.0022315979, 121.694129944]], "icov": [[0.000369479326764, -0.000532659178134, 0.000342427694704, -0.000679997727275, 0.000264204747509, -0.000585024245083, 0.000236234234762, -0.000706477207132, 0.000738390896004, -0.000754328328185, 0.000600102997851, -0.000728738144971, 0.000260385044385], [-0.000532659178134, 0.00330494414084, -0.00131604622584, 0.00250695995055, -0.00212719407864, 0.0022264206782, -0.00146610941738, 0.00164572917856, -0.00117312918883, 0.00320093194023, -0.00273447227664, 0.00358010292985, -0.0023318475578], [0.000342427694704, -0.00131604622584, 0.0010436604498, -0.00127992103808, 0.00082967733033, -0.00104280863889, 0.000266946386546, -0.000714625581168, 0.000213689694647, -0.00149486993905, 0.00123876961879, -0.00141334929504, 0.00152248574886], [-0.000679997727275, 0.00250695995055, -0.00127992103808, 0.00326398178004, -0.00168321630917, 0.0014376497129, -0.000974111026153, 0.00102004734799, -0.000918902165722, 0.00193076173309, -0.00237222458236, 0.00370071944781, -0.00186849094462], [0.000264204747509, -0.00212719407864, 0.00082967733033, -0.00168321630917, 0.00262581813149, -0.00150885083713, 0.000259926338913, -3.41262216352e-06, -0.000401250290452, -0.000922608422115, 0.00241209473461, -0.00258025759831, 0.00214876537211], [-0.000585024245083, 0.0022264206782, -0.00104280863889, 0.0014376497129, -0.00150885083713, 0.00332753919065, -0.00154659466352, 0.00152648077346, -0.000871157855727, 0.00160947442055, -0.00117946148384, 0.00146066583693, -0.00100346270483], [0.000236234234762, -0.00146610941738, 0.000266946386546, -0.000974111026153, 0.000259926338913, -0.00154659466352, 0.00510503118858, -0.00268692616373, 0.000953185837716, -0.000204837910132, -0.00154833390843, 0.000989264226519, -0.00137317285407], [-0.000706477207132, 0.00164572917856, -0.000714625581168, 0.00102004734799, -3.41262216352e-06, 0.00152648077346, -0.00268692616373, 0.00885607302189, -0.00437532365322, 0.00133210944477, 0.00137662782799, -0.00347266951576, 0.00226357695647], [0.000738390896004, -0.00117312918883, 0.000213689694647, -0.000918902165722, -0.000401250290452, -0.000871157855727, 0.000953185837716, -0.00437532365322, 0.00882185529917, -0.0026747866068, -0.00314459390938, 0.00226087146439, -0.00231785792857], [-0.000754328328185, 0.00320093194023, -0.00149486993905, 0.00193076173309, -0.000922608422115, 0.00160947442055, -0.000204837910132, 0.00133210944477, -0.0026747866068, 0.00993123371154, -0.00559210125357, 0.00435925042257, -0.00332684302703], [0.000600102997851, -0.00273447227664, 0.00123876961879, -0.00237222458236, 0.00241209473461, -0.00117946148384, -0.00154833390843, 0.00137662782799, -0.00314459390938, -0.00559210125357, 0.0148851443082, -0.00999183766544, 0.00367877818644], [-0.000728738144971, 0.00358010292985, -0.00141334929504, 0.00370071944781, -0.00258025759831, 0.00146066583693, 0.000989264226519, -0.00347266951576, 0.00226087146439, 0.00435925042257, -0.00999183766544, 0.0209460370243, -0.00892115850002], [0.000260385044385, -0.0023318475578, 0.00152248574886, -0.00186849094462, 0.00214876537211, -0.00100346270483, -0.00137317285407, 0.00226357695647, -0.00231785792857, -0.00332684302703, 0.00367877818644, -0.00892115850002, 0.0147712817416]]}, "melbands": {"dmean": [0.00389576214366, 0.00289072375745, 0.00050979363732, 0.000609259819612, 0.000319546234095, 0.000181591298315, 4.55224690086e-05, 6.36714175926e-05, 7.81652051955e-05, 4.56258057966e-05, 5.57361490792e-05, 6.98603107594e-05, 5.55209699087e-05, 2.69591673714e-05, 3.84751947422e-05, 7.78976573201e-06, 7.20227490092e-06, 2.71456701739e-05, 1.01442719824e-05, 4.08694495491e-06, 7.65759796195e-06, 7.15034093446e-06, 6.76697618474e-06, 5.65377831663e-06, 3.4906631754e-06, 3.10864152198e-06, 2.56066982729e-06, 3.12110751111e-06, 3.48318394572e-06, 2.55264603766e-06, 1.43168347222e-06, 1.55318821271e-06, 1.85293288268e-06, 1.82173653229e-06, 1.77540721324e-06, 1.65432402355e-06, 1.82153576134e-06, 1.32210175252e-06, 9.99904727905e-07, 8.07286255622e-07], "dmean2": [0.00496859336272, 0.00444631790742, 0.000774474232458, 0.00103136047255, 0.000496180262417, 0.000292722543236, 6.77183343214e-05, 8.79864674062e-05, 0.000100536592072, 6.24799868092e-05, 7.9665434896e-05, 9.94150032056e-05, 8.85291010491e-05, 4.17873852712e-05, 6.11794748693e-05, 1.19090018416e-05, 1.17128938655e-05, 4.39113282482e-05, 1.67439175129e-05, 6.5893655119e-06, 1.1319612895e-05, 1.04614373413e-05, 1.06099805635e-05, 9.33750288823e-06, 5.68172936255e-06, 4.70645045425e-06, 3.93670370613e-06, 5.02074954056e-06, 5.55429187443e-06, 4.15149997934e-06, 2.38721713686e-06, 2.55012537309e-06, 3.25553696712e-06, 3.03257752421e-06, 2.99234261547e-06, 2.98072814076e-06, 3.31334194925e-06, 2.37279004978e-06, 1.70833311586e-06, 1.4019487935e-06], "dvar": [0.00011060408724, 9.05934284674e-05, 2.16163562072e-06, 2.48999754149e-06, 5.84316239838e-07, 1.62095531664e-07, 1.43870124703e-08, 2.25760459216e-08, 4.30894537828e-08, 2.2220119078e-08, 9.83200898474e-09, 5.80980348275e-08, 2.45404038424e-07, 1.29717836472e-08, 9.84646035818e-08, 5.82054349163e-10, 3.07434050439e-10, 4.80051625118e-08, 1.46379408594e-09, 1.78338982471e-10, 4.88165896595e-10, 3.17582904419e-10, 2.81755452303e-10, 3.31104060836e-10, 2.15185036456e-10, 2.18787682416e-10, 1.25181379151e-10, 2.28159838245e-10, 3.61653290648e-10, 1.67136318674e-10, 4.95188196004e-11, 5.93159410478e-11, 1.05786719662e-10, 8.57508508645e-11, 8.76326580745e-11, 8.44816577805e-11, 1.07365769053e-10, 5.73232607215e-11, 2.67588347314e-11, 1.84857632674e-11], "dvar2": [0.000159053204698, 0.000218387052882, 4.65232233182e-06, 6.64480148771e-06, 1.58363604896e-06, 4.48529334562e-07, 3.3841292435e-08, 4.11566176695e-08, 7.27576718873e-08, 4.59410500753e-08, 1.95130898106e-08, 1.1688597823e-07, 5.53435143047e-07, 3.24967395215e-08, 2.48005591175e-07, 1.27852317622e-09, 7.51133988341e-10, 1.09631223211e-07, 3.10701775419e-09, 4.03430233664e-10, 1.11091902344e-09, 7.28937743499e-10, 6.61997512363e-10, 8.61371474148e-10, 5.4260773652e-10, 4.67661631642e-10, 2.79449907659e-10, 5.51116652314e-10, 8.55721493664e-10, 3.8760286647e-10, 1.22882051756e-10, 1.4547570093e-10, 2.85758500196e-10, 1.90730334304e-10, 2.09702366583e-10, 2.27387025875e-10, 3.03106095778e-10, 1.60141441774e-10, 6.61619578568e-11, 4.6876995341e-11], "max": [0.126260429621, 0.132123142481, 0.0249451473355, 0.0214339531958, 0.0117920655757, 0.00643661618233, 0.00165966653731, 0.0032414610032, 0.00460087368265, 0.00393826980144, 0.00201990245841, 0.00370936584659, 0.0133253363892, 0.00225108256564, 0.00757702905685, 0.000462423224235, 0.000242825655732, 0.00903839152306, 0.00131689454429, 0.000402836303692, 0.000488420890179, 0.000286705879262, 0.000199318790692, 0.000322603009408, 0.000186354969628, 0.000210825281101, 0.000126356258988, 0.000199222369702, 0.000241690984694, 0.000139804629725, 7.87559620221e-05, 9.21605023905e-05, 0.000133633002406, 0.000302198226564, 0.000227140990319, 0.000116026923934, 0.000171634746948, 0.000152938693645, 0.000153640314238, 0.000148627266753], "mean": [0.0153905563056, 0.00861516036093, 0.00127239886206, 0.00128271337599, 0.000714127789252, 0.000347356661223, 8.85214685695e-05, 0.00013418958406, 0.000222629663767, 0.000120820317534, 0.000128262865474, 0.000124287675135, 6.19399434072e-05, 4.02636833314e-05, 4.01800571126e-05, 8.80750849319e-06, 8.95631546882e-06, 2.8605458283e-05, 1.11652043415e-05, 4.60068076791e-06, 9.99213625619e-06, 9.94535275822e-06, 9.18662499316e-06, 5.67499546378e-06, 3.04876130031e-06, 2.90428852168e-06, 2.77423396255e-06, 3.35075083058e-06, 3.18174647873e-06, 2.19313983507e-06, 1.24012910874e-06, 1.4994209323e-06, 1.67191365108e-06, 2.02660635296e-06, 1.96443579625e-06, 1.39446240155e-06, 1.47446291976e-06, 1.1991444353e-06, 1.00056092833e-06, 9.62345666267e-07], "median": [8.60880609252e-05, 0.000161404517712, 0.00012081109162, 0.000413312955061, 0.000382447906304, 0.000116898911074, 2.6147288736e-05, 4.51012419944e-05, 5.01104732393e-05, 3.3143980545e-05, 4.25784091931e-05, 1.05160042949e-05, 3.65128312296e-06, 4.77469802718e-06, 4.66675692223e-06, 1.34571087074e-06, 1.44947614444e-06, 1.12277825792e-06, 8.31362513054e-07, 7.49919536247e-07, 1.0008902791e-06, 1.00556144389e-06, 6.40735606794e-07, 3.12096773314e-07, 1.25606064216e-07, 6.02820975359e-08, 4.5063178078e-08, 4.31757207764e-08, 2.90373343148e-08, 1.73538232673e-08, 1.20484466848e-08, 1.12708660183e-08, 6.89253809583e-09, 6.53679643747e-09, 6.61960397608e-09, 4.44116476928e-09, 3.02424152387e-09, 1.9411943164e-09, 1.22628041055e-09, 9.75823311045e-10], "min": [1.09884569119e-23, 2.21279862093e-24, 8.01738467853e-25, 7.27032748483e-24, 3.41485540197e-24, 1.22424791163e-23, 4.4817630339e-23, 2.05613786601e-23, 1.69578052471e-23, 1.90699471886e-23, 1.43182845468e-23, 1.16033463774e-23, 2.42313899386e-23, 1.14170308422e-23, 1.0234824957e-23, 2.10303817118e-23, 1.33770046706e-23, 1.60616213934e-23, 1.49192766497e-23, 6.86239094466e-24, 7.1092215776e-24, 5.50126903955e-24, 7.32133759754e-24, 6.84139462281e-24, 8.02694370055e-24, 1.03507133572e-23, 1.14300099707e-23, 1.49547880122e-23, 1.16089110023e-23, 7.49468425944e-24, 5.33960106892e-24, 1.44378048626e-23, 1.31688842312e-23, 7.53729615896e-24, 5.38237152948e-24, 8.99776010673e-24, 1.07557232234e-23, 1.18054904067e-23, 9.76857581874e-24, 9.17796433647e-24], "var": [0.000785727868788, 0.000223042501602, 5.12339420311e-06, 5.46797582501e-06, 8.53029575865e-07, 3.13605795554e-07, 2.91803150532e-08, 6.08064638641e-08, 2.15368118006e-07, 9.90031807646e-08, 3.86613692172e-08, 1.18549912997e-07, 2.44924649451e-07, 1.45541401153e-08, 7.59246958637e-08, 6.89119594721e-10, 3.69634239883e-10, 4.66711647107e-08, 2.08505213095e-09, 2.96122987242e-10, 7.30558558093e-10, 5.45466727342e-10, 4.22572060677e-10, 3.1723240701e-10, 1.87639959126e-10, 2.35449076902e-10, 1.43752537651e-10, 2.30230071119e-10, 3.45992762218e-10, 1.53803067504e-10, 4.26199249504e-11, 6.40828431986e-11, 1.05961586727e-10, 2.12935793997e-10, 1.9171200738e-10, 7.62710103408e-11, 9.30757831918e-11, 6.56746462768e-11, 4.94875009027e-11, 5.13396374024e-11]}, "mfcc": {"mean": [-772.859008789, 189.486236572, 14.47697258, 17.6936912537, 7.5714507103, -5.15944051743, -6.08099508286, 6.76952028275, 2.08591246605, -2.11986994743, -3.15082359314, 0.836622655392, -6.01976919174], "cov": [[9157.54882812, -2734.47485352, -1534.2479248, 363.424682617, -101.472251892, 531.711975098, 570.72442627, 260.29598999, 117.261680603, -127.009979248, -163.871154785, 57.6941299438, 3.96435666084], [-2734.47485352, 3796.6184082, -25.9929695129, -180.68649292, 512.147033691, -94.5580368042, 40.4211044312, 195.382293701, 139.051269531, -193.102096558, -20.1252250671, -10.7964715958, -93.3962478638], [-1534.2479248, -25.9929695129, 2539.00854492, 575.842712402, 194.822280884, 296.155273438, 102.136177063, 27.95561409, 61.770904541, 303.075378418, 278.736938477, 133.634552002, 185.955978394], [363.424682617, -180.68649292, 575.842712402, 980.985351562, 286.746398926, 181.335617065, 150.45362854, 26.884935379, 85.520942688, 171.534790039, 115.034431458, 84.6370162964, 65.5201644897], [-101.472251892, 512.147033691, 194.822280884, 286.746398926, 760.022460938, 380.822479248, 166.175308228, 187.073928833, 123.766662598, 37.7748374939, 49.981464386, -5.73933124542, -59.0136604309], [531.711975098, -94.5580368042, 296.155273438, 181.335617065, 380.822479248, 600.530944824, 314.102874756, 146.682540894, 113.346305847, 116.870826721, 10.7942695618, -19.1602420807, 50.3089447021], [570.72442627, 40.4211044312, 102.136177063, 150.45362854, 166.175308228, 314.102874756, 350.678619385, 174.556625366, 80.8267440796, 38.6687889099, 7.89567565918, 10.3860816956, 30.1506137848], [260.29598999, 195.382293701, 27.95561409, 26.884935379, 187.073928833, 146.682540894, 174.556625366, 309.478668213, 104.575584412, -0.693531453609, 18.0027999878, 15.8163690567, -26.6805973053], [117.261680603, 139.051269531, 61.770904541, 85.520942688, 123.766662598, 113.346305847, 80.8267440796, 104.575584412, 177.557800293, 58.0903129578, 7.20615005493, 12.6194067001, 25.754152298], [-127.009979248, -193.102096558, 303.075378418, 171.534790039, 37.7748374939, 116.870826721, 38.6687889099, -0.693531453609, 58.0903129578, 235.316696167, 104.446937561, 9.32198429108, 64.9911651611], [-163.871154785, -20.1252250671, 278.736938477, 115.034431458, 49.981464386, 10.7942695618, 7.89567565918, 18.0027999878, 7.20615005493, 104.446937561, 176.022598267, 96.8235931396, 31.8448677063], [57.6941299438, -10.7964715958, 133.634552002, 84.6370162964, -5.73933124542, -19.1602420807, 10.3860816956, 15.8163690567, 12.6194067001, 9.32198429108, 96.8235931396, 197.432907104, 104.770683289], [3.96435666084, -93.3962478638, 185.955978394, 65.5201644897, -59.0136604309, 50.3089447021, 30.1506137848, -26.6805973053, 25.754152298, 64.9911651611, 31.8448677063, 104.770683289, 197.344406128]], "icov": [[0.000228327393415, 0.000170358194737, 0.000172247106093, -0.000142834338476, 0.000111281246063, -0.000190602630028, -0.000214837025851, -7.75569060352e-05, -0.000196859706193, 0.000348437752109, -0.000111573514005, -7.88546603872e-05, 3.61672755389e-05], [0.000170358194737, 0.000496764259879, 6.73814938636e-05, 7.23257326172e-05, -0.000386808183976, 0.00036224530777, -0.000470826984383, 1.20232016343e-05, -0.00047403993085, 0.000548014533706, -0.00017329158436, 0.000112552806968, -0.000140689357067], [0.000172247106093, 6.73814938636e-05, 0.000723976932932, -0.00039626454236, 0.000264907372184, -0.000587367510889, 0.000195106404135, -0.000198853318579, -1.63044187502e-05, 0.00027429900365, -0.000992879853584, 0.000295234902296, -0.000434672780102], [-0.000142834338476, 7.23257326172e-05, -0.00039626454236, 0.0017980862176, -0.00109125976451, 0.00111251568887, -0.00114132347517, 0.000805713352747, -0.000171087958734, -0.00132426910568, 0.000726634752937, -0.000803069851827, 0.000254420476267], [0.000111281246063, -0.000386808183976, 0.000264907372184, -0.00109125976451, 0.00361649994738, -0.0031762290746, 0.00185447256081, -0.00111991644371, -0.000579590618145, 0.0013571010204, -0.00149775645696, 9.15976488614e-05, 0.00120560463984], [-0.000190602630028, 0.00036224530777, -0.000587367510889, 0.00111251568887, -0.0031762290746, 0.00659833336249, -0.00464952830225, 0.00111631234176, -0.000172886182554, -0.00246328278445, 0.00211991253309, 0.000382911210181, -0.00112284859642], [-0.000214837025851, -0.000470826984383, 0.000195106404135, -0.00114132347517, 0.00185447256081, -0.00464952830225, 0.0084315976128, -0.0032912644092, 0.000477406865684, 0.00115335523151, -0.000986678525805, 0.000522043963429, -0.000576805439778], [-7.75569060352e-05, 1.20232016343e-05, -0.000198853318579, 0.000805713352747, -0.00111991644371, 0.00111631234176, -0.0032912644092, 0.00633312389255, -0.00266458117403, 0.000278289284324, -0.000369230401702, -0.000875687692314, 0.00144728890155], [-0.000196859706193, -0.00047403993085, -1.63044187502e-05, -0.000171087958734, -0.000579590618145, -0.000172886182554, 0.000477406865684, -0.00266458117403, 0.00934185367078, -0.00369863491505, 0.00297172833234, -0.0013601819519, -0.000469150982099], [0.000348437752109, 0.000548014533706, 0.00027429900365, -0.00132426910568, 0.0013571010204, -0.00246328278445, 0.00115335523151, 0.000278289284324, -0.00369863491505, 0.0123848728836, -0.00956910010427, 0.00662119081244, -0.00423832098022], [-0.000111573514005, -0.00017329158436, -0.000992879853584, 0.000726634752937, -0.00149775645696, 0.00211991253309, -0.000986678525805, -0.000369230401702, 0.00297172833234, -0.00956910010427, 0.0173597224057, -0.0103851929307, 0.00520287174731], [-7.88546603872e-05, 0.000112552806968, 0.000295234902296, -0.000803069851827, 9.15976488614e-05, 0.000382911210181, 0.000522043963429, -0.000875687692314, -0.0013601819519, 0.00662119081244, -0.0103851929307, 0.0145928515121, -0.00829969067127], [3.61672755389e-05, -0.000140689357067, -0.000434672780102, 0.000254420476267, 0.00120560463984, -0.00112284859642, -0.000576805439778, 0.00144728890155, -0.000469150982099, -0.00423832098022, 0.00520287174731, -0.00829969067127, 0.0112794404849]]}, "spectral_contrast_coeffs": {"dmean": [0.0441497936845, 0.0421421937644, 0.0432374328375, 0.0372469462454, 0.0293041747063, 0.0271071400493], "dmean2": [0.0681315436959, 0.0672257617116, 0.068135522306, 0.0580524690449, 0.0449855178595, 0.0419525429606], "dvar": [0.00135880790185, 0.00145725358743, 0.00184362847358, 0.00132397515699, 0.000939470774028, 0.000663425016683], "dvar2": [0.00307943369262, 0.0039441389963, 0.00413845758885, 0.00285191577859, 0.00191104144324, 0.00146923190914], "max": [-0.240765601397, -0.475279837847, -0.335685491562, -0.473152309656, -0.404348254204, -0.538358807564], "mean": [-0.606278121471, -0.686643242836, -0.682452321053, -0.772068858147, -0.769818663597, -0.805017769337], "median": [-0.621470987797, -0.68571126461, -0.685160398483, -0.777114927769, -0.794668316841, -0.811058402061], "min": [-0.965238630772, -0.956807672977, -0.963786065578, -0.957712948322, -0.962307095528, -0.963474571705], "var": [0.0151073522866, 0.00696682743728, 0.0104253450409, 0.00587440747768, 0.00869795400649, 0.00339056085795]}, "spectral_contrast_valleys": {"dmean": [0.426417261362, 0.363088071346, 0.458124756813, 0.523773610592, 0.569324433804, 0.775404572487], "dmean2": [0.661907613277, 0.568436086178, 0.723652482033, 0.79646229744, 0.829983353615, 1.13035416603], "dvar": [0.272316515446, 0.180396318436, 0.356852203608, 0.508081614971, 0.596324145794, 0.892188608646], "dvar2": [0.464482218027, 0.338603496552, 0.759306848049, 1.05606997013, 1.10785222054, 1.633