{"lowlevel": {"average_loudness": 0.512540280819, "barkbands_crest": {"dmean": 2.08083367348, "dmean2": 3.3809595108, "dvar": 3.91810321808, "dvar2": 10.9058647156, "max": 24.6932315826, "mean": 9.40153121948, "median": 8.61304092407, "min": 3.27442741394, "var": 13.0528049469}, "barkbands_flatness_db": {"dmean": 0.0159308966249, "dmean2": 0.0248550735414, "dvar": 0.000238649314269, "dvar2": 0.00054120918503, "max": 0.490156650543, "mean": 0.167412608862, "median": 0.14994610846, "min": 0.035811368376, "var": 0.00534981396049}, "barkbands_kurtosis": {"dmean": 1.8458429575, "dmean2": 2.74139261246, "dvar": 11.1153907776, "dvar2": 21.5706882477, "max": 204.504425049, "mean": 3.54694461823, "median": 1.42202091217, "min": -1.78720355034, "var": 97.9370269775}, "barkbands_skewness": {"dmean": 0.388566762209, "dmean2": 0.593329489231, "dvar": 0.155722051859, "dvar2": 0.355263859034, "max": 9.97236061096, "mean": 1.37302434444, "median": 1.28972148895, "min": -2.10639452934, "var": 0.932500898838}, "barkbands_spread": {"dmean": 3.15729117393, "dmean2": 4.77499866486, "dvar": 12.6745920181, "dvar2": 28.2670116425, "max": 54.9752883911, "mean": 17.986907959, "median": 17.1256256104, "min": 0.807618677616, "var": 91.6633453369}, "dissonance": {"dmean": 0.0209926441312, "dmean2": 0.0351010859013, "dvar": 0.000379088363843, "dvar2": 0.00102795369457, "max": 0.499354273081, "mean": 0.441371679306, "median": 0.450067102909, "min": 0.231912598014, "var": 0.00150166847743}, "dynamic_complexity": 4.86209630966, "erbbands_crest": {"dmean": 2.03681254387, "dmean2": 3.14122128487, "dvar": 4.34118175507, "dvar2": 11.3621311188, "max": 29.4345378876, "mean": 10.108499527, "median": 9.26986217499, "min": 2.73171019554, "var": 17.3883037567}, "erbbands_flatness_db": {"dmean": 0.0151092810556, "dmean2": 0.0215934608132, "dvar": 0.00025408458896, "dvar2": 0.000531208585016, "max": 0.429348766804, "mean": 0.190062776208, "median": 0.18406675756, "min": 0.0537339411676, "var": 0.0037220469676}, "erbbands_kurtosis": {"dmean": 0.723722994328, "dmean2": 1.08196544647, "dvar": 1.33585679531, "dvar2": 2.71146297455, "max": 50.7178573608, "mean": 0.864207029343, "median": -0.065376996994, "min": -1.78723526001, "var": 16.3317108154}, "erbbands_skewness": {"dmean": 0.278079628944, "dmean2": 0.406036496162, "dvar": 0.0756046772003, "dvar2": 0.169978633523, "max": 5.26592206955, "mean": 0.224128842354, "median": 0.146813198924, "min": -2.51161408424, "var": 0.646501839161}, "erbbands_spread": {"dmean": 4.54283761978, "dmean2": 6.91680574417, "dvar": 23.7911434174, "dvar2": 56.4900131226, "max": 100.661964417, "mean": 30.2641887665, "median": 28.9482078552, "min": 1.69883108139, "var": 168.894470215}, "hfc": {"dmean": 2.93587398529, "dmean2": 4.21077060699, "dvar": 21.4036121368, "dvar2": 48.7238349915, "max": 114.707527161, "mean": 14.329492569, "median": 9.77365112305, "min": 1.17153444572e-16, "var": 209.931564331}, "melbands_crest": {"dmean": 2.54334568977, "dmean2": 4.22172832489, "dvar": 5.94352197647, "dvar2": 16.4121799469, "max": 29.3563804626, "mean": 12.0347309113, "median": 11.5168266296, "min": 2.75331664085, "var": 14.6475467682}, "melbands_flatness_db": {"dmean": 0.0187265668064, "dmean2": 0.029334301129, "dvar": 0.00034648712608, "dvar2": 0.000756952562369, "max": 0.634246885777, "mean": 0.244241774082, "median": 0.222950801253, "min": 0.00834016595036, "var": 0.00738692563027}, "melbands_kurtosis": {"dmean": 3.49135708809, "dmean2": 5.48725223541, "dvar": 28.5695228577, "dvar2": 74.2876968384, "max": 160.159347534, "mean": 8.06268882751, "median": 5.52443504333, "min": -1.56571805477, "var": 87.6185836792}, "melbands_skewness": {"dmean": 0.468643337488, "dmean2": 0.735145032406, "dvar": 0.238967940211, "dvar2": 0.598993480206, "max": 8.89202213287, "mean": 2.16362094879, "median": 2.06806302071, "min": -1.41050970554, "var": 1.11968457699}, "melbands_spread": {"dmean": 4.43235588074, "dmean2": 6.79752111435, "dvar": 33.6967124939, "dvar2": 66.5308761597, "max": 156.60609436, "mean": 19.7537555695, "median": 18.1769142151, "min": 0.664019107819, "var": 140.601974487}, "pitch_salience": {"dmean": 0.0583783537149, "dmean2": 0.0951013639569, "dvar": 0.00295731332153, "dvar2": 0.00792921241373, "max": 0.89813965559, "mean": 0.524197697639, "median": 0.522927284241, "min": 0.177792534232, "var": 0.00991988368332}, "silence_rate_20dB": {"dmean": 0, "dmean2": 0, "dvar": 0, "dvar2": 0, "max": 1, "mean": 1, "median": 1, "min": 1, "var": 0}, "silence_rate_30dB": {"dmean": 0.0074266619049, "dmean2": 0.0148560814559, "dvar": 0.00737113039941, "dvar2": 0.0164925642312, "max": 1, "mean": 0.992017805576, "median": 1, "min": 0, "var": 0.00791875272989}, "silence_rate_60dB": {"dmean": 0.0382473096251, "dmean2": 0.0765088200569, "dvar": 0.0367861911654, "dvar2": 0.0799453407526, "max": 1, "mean": 0.131613135338, "median": 0, "min": 0, "var": 0.114298410714}, "spectral_centroid": {"dmean": 150.784088135, "dmean2": 225.283630371, "dvar": 50965.1914062, "dvar2": 83888.90625, "max": 11118.8925781, "mean": 1023.43353271, "median": 989.96673584, "min": 160.172637939, "var": 241096.328125}, "spectral_complexity": {"dmean": 1.6483476162, "dmean2": 2.67855143547, "dvar": 3.01665878296, "dvar2": 6.92455244064, "max": 33, "mean": 13.631149292, "median": 14, "min": 0, "var": 38.2748908997}, "spectral_decrease": {"dmean": 1.61637070395e-09, "dmean2": 2.58031329636e-09, "dvar": 7.09060710006e-18, "dvar2": 1.66008911998e-17, "max": 3.37663390782e-23, "mean": -5.52954082522e-09, "median": -3.66372909788e-09, "min": -4.5285183603e-08, "var": 3.26304917638e-17}, "spectral_energy": {"dmean": 0.00630179559812, "dmean2": 0.0100332591683, "dvar": 0.000106663123006, "dvar2": 0.000249376433203, "max": 0.174464449286, "mean": 0.0221695043147, "median": 0.0148820830509, "min": 1.07172969441e-20, "var": 0.000515500898473}, "spectral_energyband_high": {"dmean": 9.78769676294e-05, "dmean2": 0.000131157197757, "dvar": 3.68816870377e-08, "dvar2": 7.91815395473e-08, "max": 0.00471580540761, "mean": 0.000306218047626, "median": 0.000126392929815, "min": 7.97855363472e-21, "var": 1.84282498594e-07}, "spectral_energyband_low": {"dmean": 0.00355995120481, "dmean2": 0.00595567701384, "dvar": 4.90522652399e-05, "dvar2": 0.000122239624034, "max": 0.135820612311, "mean": 0.00720582576469, "median": 0.00282372930087, "min": 9.10008988117e-23, "var": 0.000125296603073}, "spectral_energyband_middle_high": {"dmean": 0.00111226527952, "dmean2": 0.00153740192764, "dvar": 3.92633683077e-06, "dvar2": 9.18512705539e-06, "max": 0.0437850318849, "mean": 0.00475468393415, "median": 0.00292001944035, "min": 1.52135326852e-21, "var": 2.9196644391e-05}, "spectral_energyband_middle_low": {"dmean": 0.00382434460334, "dmean2": 0.00614252546802, "dvar": 4.66246092401e-05, "dvar2": 0.000119592659757, "max": 0.0962995514274, "mean": 0.0108438851312, "median": 0.00657663773745, "min": 2.31930811177e-22, "var": 0.000143858327647}, "spectral_entropy": {"dmean": 0.13859321177, "dmean2": 0.205281421542, "dvar": 0.0232049748302, "dvar2": 0.0492395535111, "max": 9.78360271454, "mean": 6.8689827919, "median": 6.97912120819, "min": 4.16480445862, "var": 0.487076729536}, "spectral_flux": {"dmean": 0.0183814205229, "dmean2": 0.0293014477938, "dvar": 0.000601614825428, "dvar2": 0.00134241126943, "max": 0.300300359726, "mean": 0.0567065663636, "median": 0.0470096208155, "min": 1.03524376571e-10, "var": 0.00175707309972}, "spectral_kurtosis": {"dmean": 3.16084051132, "dmean2": 5.35256004333, "dvar": 25.0862007141, "dvar2": 71.662322998, "max": 81.5650634766, "mean": 9.28215026855, "median": 6.50426959991, "min": -1.21542727947, "var": 80.2213134766}, "spectral_rms": {"dmean": 0.000585398287512, "dmean2": 0.000917953962926, "dvar": 5.6449857766e-07, "dvar2": 1.26692941649e-06, "max": 0.0130464248359, "mean": 0.00408779969439, "median": 0.0038103943225, "min": 3.23355838633e-12, "var": 4.91867285746e-06}, "spectral_rolloff": {"dmean": 239.644302368, "dmean2": 405.879150391, "dvar": 252829.046875, "dvar2": 390284.46875, "max": 18927.6855469, "mean": 1137.91552734, "median": 1055.12695312, "min": 129.19921875, "var": 544423.875}, "spectral_skewness": {"dmean": 0.285363823175, "dmean2": 0.467585504055, "dvar": 0.127733975649, "dvar2": 0.366821318865, "max": 7.05784130096, "mean": 2.16138482094, "median": 1.98931097984, "min": 0.0379943735898, "var": 0.664792001247}, "spectral_spread": {"dmean": 402921.46875, "dmean2": 595324.625, "dvar": 438841835520, "dvar2": 680965701632, "max": 40774624, "mean": 3720407, "median": 3470628, "min": 799632.125, "var": 2220211306500.0}, "spectral_strongpeak": {"dmean": 0.579348742962, "dmean2": 1.02275371552, "dvar": 1.51249957085, "dvar2": 3.83371639252, "max": 10.855047226, "mean": 0.920904695988, "median": 0.381916075945, "min": 0, "var": 2.10650253296}, "zerocrossingrate": {"dmean": 0.00554053252563, "dmean2": 0.00677582062781, "dvar": 7.66259254306e-05, "dvar2": 7.70042388467e-05, "max": 0.49658203125, "mean": 0.0455581732094, "median": 0.044921875, "min": 0.00537109375, "var": 0.000433380104369}, "barkbands": {"dmean": [0.000101836260001, 0.00216215499677, 0.00174383423291, 0.000845494272653, 0.00194146635476, 0.000812777259853, 0.000636447279248, 0.000610048300587, 0.000566221599001, 0.000310977949994, 0.000207036719075, 0.000175643886905, 0.000310600269586, 0.000343949417584, 0.000222122558625, 0.000329752336256, 0.00013372770627, 7.45337893022e-05, 6.1130594986e-05, 5.22583613929e-05, 2.26172178373e-05, 1.58221682796e-05, 1.57485737873e-05, 1.71998271981e-05, 1.00445158751e-05, 6.04430852036e-06, 2.9005293527e-06], "dmean2": [0.00017175845278, 0.00356838363223, 0.00311003578827, 0.00149577308912, 0.00323462532833, 0.00123910943512, 0.000958454736974, 0.000919356010854, 0.000913168420084, 0.000445080542704, 0.000309279828798, 0.000273500627372, 0.000495070707984, 0.000446859106887, 0.000288295006612, 0.00038151620538, 0.000165114877746, 0.000101815632661, 8.30861390568e-05, 6.73990871292e-05, 3.1474577554e-05, 2.36295163631e-05, 2.3275755666e-05, 2.56315488514e-05, 1.49017550939e-05, 9.49651439441e-06, 4.72805322715e-06], "dvar": [1.9349197089e-07, 2.43103240791e-05, 1.27305493152e-05, 3.58559327651e-06, 1.78157206392e-05, 2.30647265198e-06, 2.60384331341e-06, 2.08008214031e-06, 6.5604072006e-06, 6.52916753552e-07, 2.1537449868e-07, 2.89470364123e-07, 1.24044174754e-06, 6.15359908807e-07, 4.56504892554e-07, 6.2921492372e-07, 8.79617587657e-08, 4.76742627598e-08, 1.78617458602e-08, 1.37693003666e-08, 2.58649857088e-09, 1.39290146084e-09, 9.58650159255e-10, 2.01101180153e-09, 8.24899815122e-10, 6.35355379419e-10, 1.31495411781e-10], "dvar2": [5.53258246327e-07, 6.24514068477e-05, 3.76574134862e-05, 1.04310038296e-05, 4.78160181956e-05, 5.63606818105e-06, 5.51308039576e-06, 4.56161615148e-06, 1.81814266398e-05, 1.40866325182e-06, 4.97401117627e-07, 6.86411055995e-07, 3.56453665518e-06, 1.05034530407e-06, 7.98032772309e-07, 8.95315338312e-07, 1.30049073732e-07, 7.14216525921e-08, 3.39236869706e-08, 2.15190798514e-08, 4.41854330901e-09, 3.49360740337e-09, 2.05338790416e-09, 5.09558306661e-09, 1.94153049193e-09, 1.67198943579e-09, 3.46604439594e-10], "max": [0.0142204435542, 0.121823295951, 0.0662198662758, 0.0298449564725, 0.0549718737602, 0.0322321914136, 0.0655986666679, 0.0308908019215, 0.0551639273763, 0.013660387136, 0.00959034450352, 0.0230848714709, 0.0237177535892, 0.0244147852063, 0.0171134658158, 0.0219194740057, 0.0113549912348, 0.0094400132075, 0.0030699474737, 0.00378543557599, 0.00160333386157, 0.000928280700464, 0.000531354045961, 0.000677362608258, 0.00041820370825, 0.000364616076695, 0.000180237897439], "mean": [0.000107433203084, 0.00404521171004, 0.00234674778767, 0.00133822183125, 0.00308687868528, 0.00222287257202, 0.00143844424747, 0.00129199458752, 0.000944187922869, 0.00073001801502, 0.000497629924212, 0.000352370960172, 0.000620828941464, 0.000869114883244, 0.000507191405632, 0.000809225428384, 0.000321050552884, 0.000152130392962, 0.000141328084283, 0.000142381177284, 5.40477922186e-05, 4.05323662562e-05, 3.97248368245e-05, 3.94194976252e-05, 1.94060849026e-05, 7.91471575212e-06, 3.20152730637e-06], "median": [8.91697618499e-06, 0.00103231449611, 0.000966087216511, 0.000563447189052, 0.00169269694015, 0.00105323293246, 0.000414140609792, 0.000428568921052, 0.00017561869754, 0.000262771965936, 0.000163377597346, 8.6537344032e-05, 0.000117343734019, 0.000153027038323, 5.05530151713e-05, 0.000186841934919, 8.2316895714e-05, 5.01764989167e-05, 4.41101219621e-05, 4.65619814349e-05, 1.79201560968e-05, 1.27544171846e-05, 1.00125371318e-05, 9.61398654908e-06, 3.45073794961e-06, 8.88178647074e-07, 1.84693135452e-07], "min": [4.84726816592e-23, 2.0410537411e-23, 4.799533877e-23, 2.72804951094e-23, 4.16823279147e-23, 8.2040524401e-23, 3.44254386754e-23, 2.60263924413e-23, 1.90768355221e-23, 1.49224753229e-22, 7.52875279535e-23, 5.30433796094e-23, 5.45593683209e-23, 1.17519676142e-22, 1.25850930825e-22, 1.7623233402e-22, 1.81160076727e-22, 3.08494899091e-22, 1.77490144334e-22, 2.41870887723e-22, 5.45215673685e-22, 4.67766395483e-22, 5.18377944113e-22, 1.22149575263e-21, 1.36530895792e-21, 1.51985036859e-21, 2.50124937536e-21], "var": [1.57055112027e-07, 5.22151858604e-05, 1.57168342412e-05, 5.2370260164e-06, 1.94989534066e-05, 9.36341439228e-06, 9.92739205685e-06, 6.91192917657e-06, 1.22250103232e-05, 1.61351954375e-06, 9.15599514428e-07, 6.91269747222e-07, 2.7107889764e-06, 2.98158897749e-06, 1.92388438336e-06, 2.70213831755e-06, 4.04061268e-07, 1.46010620483e-07, 5.87376085548e-08, 6.85376377874e-08, 9.14178510669e-09, 4.54247794934e-09, 4.19941459384e-09, 4.77039208135e-09, 1.48508416675e-09, 6.00200000811e-10, 1.26973528913e-10]}, "erbbands": {"dmean": [0.0614284053445, 0.511647105217, 1.65485095978, 2.50518393517, 4.70589590073, 7.6824131012, 5.94350004196, 6.5758099556, 9.56367969513, 12.8748407364, 9.75939559937, 13.8647069931, 9.66676998138, 6.97948455811, 8.09528636932, 8.6316652298, 14.474187851, 17.9449081421, 10.0205307007, 13.8651657104, 10.8293991089, 5.81682729721, 3.87716674805, 5.60680437088, 1.45542252064, 2.44896173477, 1.30729365349, 0.729145348072, 0.625035881996, 0.537985742092, 0.452055931091, 0.439929664135, 0.230449646711, 0.125077098608, 0.0654117688537, 0.0286373645067, 0.0107560297474, 0.00282845343463, 0.000454966793768, 3.82134676329e-05], "dmean2": [0.101717971265, 0.84111148119, 2.91955637932, 4.39926767349, 8.09243965149, 12.8821439743, 9.22380924225, 9.8770980835, 14.0088787079, 19.7088851929, 15.5091733932, 22.2407169342, 13.950709343, 10.7180614471, 11.9030504227, 13.4716482162, 22.8173027039, 23.5153579712, 13.2299156189, 16.6836357117, 12.4657497406, 7.34186029434, 5.02671575546, 7.71238994598, 2.02125406265, 3.14465451241, 1.7210868597, 1.07878363132, 0.947093904018, 0.800441384315, 0.672399461269, 0.673210084438, 0.341960132122, 0.188800260425, 0.0980748459697, 0.04412779212, 0.0177956968546, 0.00458593526855, 0.00073919002898, 6.26883993391e-05], "dvar": [0.0275792982429, 1.21771228313, 10.4484615326, 30.2064723969, 91.815864563, 342.821136475, 111.061927795, 152.561294556, 606.371154785, 1064.14575195, 644.338317871, 4854.44873047, 565.234741211, 539.118041992, 337.790893555, 479.332397461, 2570.2668457, 1758.86535645, 826.609741211, 934.252624512, 548.760498047, 164.488037109, 194.732391357, 169.999832153, 17.0080089569, 31.0687828064, 7.32332038879, 2.10635471344, 2.08971571922, 1.46572697163, 0.802888154984, 1.23247766495, 0.335056364536, 0.107336036861, 0.0404953546822, 0.0129393003881, 0.00225362414494, 0.00012453160889, 3.19728496834e-06, 2.3034713692e-08], "dvar2": [0.0743323564529, 3.06407952309, 30.2952346802, 85.6378860474, 255.819213867, 933.882446289, 285.110992432, 371.886291504, 1358.34265137, 2409.03540039, 1700.03381348, 13398.0214844, 1311.0723877, 1167.50878906, 781.859985352, 1160.22229004, 7636.32373047, 3042.95996094, 1864.97644043, 1357.56152344, 795.984191895, 276.628417969, 266.825469971, 326.516052246, 32.2083892822, 47.1343269348, 11.5748300552, 4.81649017334, 5.04684352875, 3.73337030411, 1.80590891838, 3.11709356308, 0.837626576424, 0.254201889038, 0.0961088910699, 0.032184202224, 0.00606367690489, 0.000333107251208, 8.41082237457e-06, 6.13630675161e-08], "max": [3.64287757874, 26.5510845184, 56.5336990356, 96.5270614624, 127.840309143, 247.988143921, 192.909927368, 266.758026123, 1006.85479736, 986.125488281, 636.257446289, 1509.76501465, 541.661437988, 475.272033691, 455.898193359, 864.026306152, 1136.58691406, 1300.22265625, 889.283447266, 718.043884277, 609.912597656, 292.560302734, 641.931030273, 299.022338867, 223.469100952, 225.37562561, 74.830291748, 26.7007675171, 30.0576000214, 25.2305488586, 15.4176187515, 15.9662685394, 8.73987865448, 5.10936641693, 3.21448159218, 1.77218484879, 0.747749388218, 0.17283667624, 0.0267773251981, 0.0024095105473], "mean": [0.105036504567, 0.958011984825, 2.33044528961, 4.2321805954, 6.1096739769, 11.5400075912, 15.3223285675, 17.4399490356, 23.7422561646, 27.3668785095, 21.3957958221, 23.8677444458, 25.656961441, 12.8401660919, 20.1879043579, 18.7949790955, 31.1664733887, 47.0701293945, 26.4213962555, 38.0794563293, 29.3929328918, 14.9365472794, 8.91184902191, 12.1095485687, 3.80061745644, 6.77558326721, 3.46438837051, 1.87932026386, 1.49393308163, 1.27586817741, 1.13949489594, 0.978273630142, 0.527256846428, 0.253611207008, 0.115957893431, 0.0420697033405, 0.0137706715614, 0.00323911570013, 0.000519057095516, 6.06749672443e-05], "median": [0.0166250914335, 0.287916153669, 1.06122028828, 1.76234436035, 2.51890540123, 5.88606977463, 7.93683815002, 9.41316699982, 7.27723121643, 8.40154457092, 6.39703655243, 5.13122940063, 8.54448127747, 5.34765958786, 6.27237701416, 5.78181314468, 7.68318939209, 10.7916593552, 7.22698402405, 11.1772384644, 9.23893928528, 4.78943395615, 3.48890662193, 3.74453020096, 1.77007997036, 2.35129618645, 1.29592776299, 0.707178711891, 0.461109876633, 0.382337540388, 0.299246698618, 0.238840937614, 0.128441005945, 0.0524365976453, 0.0184413697571, 0.00562301976606, 0.00143156619743, 0.000243707530899, 4.35106667283e-05, 2.42626883846e-05], "min": [2.66908878471e-22, 6.60013590377e-21, 5.06445078198e-20, 7.18108900099e-20, 9.15956996313e-20, 1.09086601705e-19, 5.50387368029e-19, 6.66625941331e-19, 5.14498327696e-19, 6.22835258196e-19, 3.57053752179e-19, 3.9420540617e-19, 1.12940200949e-18, 6.72142439855e-18, 2.55022119635e-18, 2.6680280524e-18, 3.00477410695e-18, 4.5512784248e-18, 4.86259446578e-18, 1.13375790124e-17, 8.35529346476e-18, 1.19684564307e-17, 1.36960314118e-17, 1.25554668068e-17, 9.17698986985e-18, 1.39944235829e-17, 1.66305390073e-17, 2.36139765872e-17, 1.73011905782e-17, 1.54613936577e-17, 1.346948484e-17, 2.03001504326e-17, 2.18705677148e-17, 1.24436096541e-17, 1.21483508431e-17, 6.01784028595e-18, 2.46775749314e-18, 1.15487462287e-18, 3.17853120113e-19, 4.16013719289e-20], "var": [0.0448022000492, 2.8218152523, 13.7682008743, 47.9600334167, 101.133377075, 337.168548584, 384.429260254, 570.382873535, 2397.26220703, 3228.59619141, 1874.47131348, 9061.15527344, 1938.32519531, 823.443725586, 1659.65661621, 1455.16882324, 5532.81054688, 8398.08203125, 2974.88183594, 4916.31591797, 2664.64135742, 699.555480957, 600.749511719, 514.129882812, 57.7539978027, 158.123733521, 31.1080150604, 8.41183567047, 6.44553565979, 4.5009098053, 3.3670258522, 2.9253821373, 0.808590769768, 0.21548910439, 0.0639211833477, 0.0146062169224, 0.00201411964372, 0.000117727518955, 3.14872431773e-06, 2.13739603794e-08]}, "gfcc": {"mean": [-56.4927062988, 125.900428772, -118.339508057, 24.7189006805, -48.6424674988, 4.12969827652, -42.1769142151, -2.73676967621, -16.951675415, -1.88054573536, -8.88348197937, -5.92450618744, -6.25938034058], "cov": [[18977.640625, -2596.0949707, -1387.78979492, 239.714584351, -573.152160645, 1751.57885742, 260.763366699, 1045.04504395, 165.917556763, 384.98348999, -211.358352661, 36.2977828979, 46.792224884], [-2596.0949707, 1472.16564941, -433.888214111, -200.278701782, 248.679626465, -471.731567383, 40.7304382324, -257.965301514, 59.6589431763, -204.7918396, 130.707824707, -114.082763672, 99.9334411621], [-1387.78979492, -433.888214111, 1087.68261719, 128.775512695, -122.560119629, 50.4112091064, -21.5586204529, 78.4796142578, -61.2749137878, 54.2649536133, -108.105369568, 53.8329811096, -88.4328994751], [239.714584351, -200.278701782, 128.775512695, 319.321075439, 67.5663604736, 46.1237602234, 32.7111549377, 51.9516906738, 42.5553627014, 69.9607162476, -29.5277137756, 29.8548870087, 31.7751255035], [-573.152160645, 248.679626465, -122.560119629, 67.5663604736, 415.126708984, -181.999664307, -10.057759285, -28.6818885803, 54.2058792114, 51.8308448792, 13.1722984314, 9.79976081848, 35.0032119751], [1751.57885742, -471.731567383, 50.4112091064, 46.1237602234, -181.999664307, 430.616699219, 64.1049423218, 126.440124512, -24.7019672394, 16.0644874573, -18.2252159119, -0.789324164391, -33.00573349], [260.763366699, 40.7304382324, -21.5586204529, 32.7111549377, -10.057759285, 64.1049423218, 145.142654419, 30.2049999237, -8.24450302124, -21.1993713379, -4.46986055374, 1.42672812939, 21.2154407501], [1045.04504395, -257.965301514, 78.4796142578, 51.9516906738, -28.6818885803, 126.440124512, 30.2049999237, 197.291595459, 44.9413642883, 38.6903343201, -30.2555294037, 9.00530529022, -1.39543652534], [165.917556763, 59.6589431763, -61.2749137878, 42.5553627014, 54.2058792114, -24.7019672394, -8.24450302124, 44.9413642883, 115.413261414, 39.6963424683, 12.6076850891, -13.1532087326, 18.9200057983], [384.98348999, -204.7918396, 54.2649536133, 69.9607162476, 51.8308448792, 16.0644874573, -21.1993713379, 38.6903343201, 39.6963424683, 160.781997681, 7.44009065628, 12.7700157166, -21.5956954956], [-211.358352661, 130.707824707, -108.105369568, -29.5277137756, 13.1722984314, -18.2252159119, -4.46986055374, -30.2555294037, 12.6076850891, 7.44009065628, 119.963432312, 6.00168609619, 0.769623339176], [36.2977828979, -114.082763672, 53.8329811096, 29.8548870087, 9.79976081848, -0.789324164391, 1.42672812939, 9.00530529022, -13.1532087326, 12.7700157166, 6.00168609619, 104.544509888, 16.3987064362], [46.792224884, 99.9334411621, -88.4328994751, 31.7751255035, 35.0032119751, -33.00573349, 21.2154407501, -1.39543652534, 18.9200057983, -21.5956954956, 0.769623339176, 16.3987064362, 97.6954574585]], "icov": [[0.000181874158443, 8.86367051862e-05, 0.000396227143938, 1.77522088052e-05, 0.0001091140075, -0.000447348167654, 1.25914639284e-05, -0.000594889977947, 6.84089027345e-05, -0.000350752816303, 0.000375607836759, -9.17459619814e-05, -0.000104691658635], [8.86367051862e-05, 0.00321669667028, 0.000148228937178, 0.00104739528615, -0.00094072741922, 0.00199887622148, -0.00217974861152, 0.00177089741919, -0.00234167091548, 0.00305205350742, -0.0022573848255, 0.00275763310492, -0.00134526367765], [0.000396227143938, 0.000148228937178, 0.00221738009714, -0.000654525414575, 0.000724811747205, -0.000566866830923, 0.000225313007832, -0.00188124773558, 0.000943546066992, -0.00101810402703, 0.00174249673728, -0.00086970202392, 0.00107610004488], [1.77522088052e-05, 0.00104739528615, -0.000654525414575, 0.00491004483774, -0.00111171393655, -0.000186438541277, -0.00159779714886, 0.00102247018367, -0.00218524760567, -0.000496223452501, 6.35169271845e-05, 0.000251248071436, -0.00230159098282], [0.0001091140075, -0.00094072741922, 0.000724811747205, -0.00111171393655, 0.00395252276212, 0.00068172486499, 0.000327698566252, -0.00111741316505, 0.000340815342497, -0.00225656013936, 0.0011583736632, -0.00118564045988, 0.000279808533378], [-0.000447348167654, 0.00199887622148, -0.000566866830923, -0.000186438541277, 0.00068172486499, 0.00680053047836, -0.00267339427955, 0.000416683848016, -0.000264553527813, 0.00262621580623, -0.00281714880839, 0.0023815354798, 0.000611075141933], [1.25914639284e-05, -0.00217974861152, 0.000225313007832, -0.00159779714886, 0.000327698566252, -0.00267339427955, 0.00980810075998, -0.0025490380358, 0.00289603904821, -0.000877900572959, 0.00131700432394, -0.00149361346848, -0.000754225300625], [-0.000594889977947, 0.00177089741919, -0.00188124773558, 0.00102247018367, -0.00111741316505, 0.000416683848016, -0.0025490380358, 0.0116777876392, -0.00601435732096, 0.00238005258143, -0.000949661480263, 0.00108256260864, -0.000783859926742], [6.84089027345e-05, -0.00234167091548, 0.000943546066992, -0.00218524760567, 0.000340815342497, -0.000264553527813, 0.00289603904821, -0.00601435732096, 0.0152965923771, -0.00475761434063, 0.000158574650413, 0.000677204341628, -0.00112789752893], [-0.000350752816303, 0.00305205350742, -0.00101810402703, -0.000496223452501, -0.00225656013936, 0.00262621580623, -0.000877900572959, 0.00238005258143, -0.00475761434063, 0.0127124870196, -0.0041670370847, 0.0019876328297, 0.0016369111836], [0.000375607836759, -0.0022573848255, 0.00174249673728, 6.35169271845e-05, 0.0011583736632, -0.00281714880839, 0.00131700432394, -0.000949661480263, 0.000158574650413, -0.0041670370847, 0.0127305658534, -0.00403503794223, 0.00164465152193], [-9.17459619814e-05, 0.00275763310492, -0.00086970202392, 0.000251248071436, -0.00118564045988, 0.0023815354798, -0.00149361346848, 0.00108256260864, 0.000677204341628, 0.0019876328297, -0.00403503794223, 0.0137471435592, -0.00404414813966], [-0.000104691658635, -0.00134526367765, 0.00107610004488, -0.00230159098282, 0.000279808533378, 0.000611075141933, -0.000754225300625, -0.000783859926742, -0.00112789752893, 0.0016369111836, 0.00164465152193, -0.00404414813966, 0.0148897087201]]}, "melbands": {"dmean": [0.000574962759856, 0.000759070564527, 0.000461706949864, 0.000456622889033, 0.000231442871154, 0.000154466571985, 0.000139976691571, 0.000146442296682, 9.23003681237e-05, 7.77075911174e-05, 4.71180646855e-05, 2.85870482912e-05, 2.58825293713e-05, 1.77201818587e-05, 3.98970296374e-05, 2.23991155508e-05, 3.99256095989e-05, 1.48551907841e-05, 1.84315122169e-05, 3.23032145388e-05, 8.77738602867e-06, 7.31734007786e-06, 4.49055369245e-06, 3.36955622515e-06, 5.10344398208e-06, 1.06258278265e-06, 1.08418350919e-06, 2.12321447179e-06, 9.86300506156e-07, 7.47567298731e-07, 4.19740359803e-07, 3.98648893452e-07, 3.133827704e-07, 3.27343201434e-07, 2.8352320669e-07, 3.03041929328e-07, 2.70468120789e-07, 1.86217178566e-07, 1.3223375106e-07, 1.03104682125e-07], "dmean2": [0.000946343352553, 0.00130271480884, 0.000804706069175, 0.000780987436883, 0.000362081977073, 0.000232856807997, 0.000205105374334, 0.000222832197323, 0.000149030485773, 0.000124440368381, 6.74885814078e-05, 4.3948279199e-05, 3.84679842682e-05, 2.75522797892e-05, 6.34319294477e-05, 3.43061001331e-05, 5.19174500369e-05, 2.00970061996e-05, 2.31467602134e-05, 3.74396877305e-05, 1.03148131529e-05, 9.11786446522e-06, 5.79028301217e-06, 4.5470551413e-06, 7.01627050148e-06, 1.49099298596e-06, 1.54250733431e-06, 2.70409987024e-06, 1.3056642274e-06, 1.00269414816e-06, 6.46394653359e-07, 6.12596636529e-07, 4.80298638195e-07, 4.90072864068e-07, 4.32348087998e-07, 4.62806298174e-07, 4.21146268081e-07, 2.84302444697e-07, 2.00013062113e-07, 1.60311500963e-07], "dvar": [1.99521628019e-06, 2.01376792575e-06, 8.45588772336e-07, 1.20872380194e-06, 1.44865992979e-07, 8.71676064662e-08, 1.2561710605e-07, 1.33597822582e-07, 7.7367175777e-08, 1.44656198131e-07, 1.325521648e-08, 9.96643212403e-09, 3.2792302207e-09, 2.47202236459e-09, 1.68771290276e-08, 4.54251214421e-09, 9.01014729493e-09, 1.85390836016e-09, 3.51939255516e-09, 6.10204820006e-09, 3.37079336665e-10, 2.95644314585e-10, 1.93409829818e-10, 8.19482606773e-11, 1.45612591429e-10, 1.10600608533e-11, 9.67014922998e-12, 2.71451177508e-11, 4.44632048194e-12, 4.03423171605e-12, 7.86586778784e-13, 7.49218666708e-13, 7.85580693378e-13, 4.79835734948e-13, 3.07955077454e-13, 4.61648026664e-13, 5.19153730422e-13, 2.4340926952e-13, 1.01699037917e-13, 7.09390228851e-14], "dvar2": [5.19418426848e-06, 5.44945351066e-06, 2.36794039665e-06, 3.25823270941e-06, 3.68879369717e-07, 2.17139586312e-07, 2.65636856511e-07, 2.98454040148e-07, 2.11603435218e-07, 3.99221704583e-07, 3.03657863299e-08, 2.12686206424e-08, 7.51403383958e-09, 6.53839427045e-09, 4.41085887815e-08, 1.31798572056e-08, 1.52821648669e-08, 4.39657155127e-09, 4.89747753463e-09, 8.70253291652e-09, 4.86435114411e-10, 4.77457628989e-10, 2.68153166338e-10, 1.29498356483e-10, 2.78962131173e-10, 1.83075672677e-11, 2.05050421087e-11, 4.06188173374e-11, 7.10754718969e-12, 6.14544526378e-12, 1.89156090964e-12, 1.76387745555e-12, 2.14559598387e-12, 1.17638841376e-12, 7.30940264912e-13, 1.10423649391e-12, 1.3661208666e-12, 6.32832382417e-13, 2.52418582997e-13, 1.65055049164e-13], "max": [0.0350460745394, 0.0219910107553, 0.0139739643782, 0.014933058992, 0.00750870164484, 0.00721996929497, 0.0152574582025, 0.00905751343817, 0.00537278782576, 0.00813164655119, 0.00249272864312, 0.00210708240047, 0.00131090078503, 0.00157117366325, 0.00371696939692, 0.00173689576332, 0.00298002315685, 0.00131518568378, 0.00185514788609, 0.0021520331502, 0.000694167974871, 0.000481225200929, 0.000519190856721, 0.00032837985782, 0.000274638703559, 0.000179424561793, 0.000137707931572, 0.000208332552575, 8.69934301591e-05, 6.85600971337e-05, 1.81278865057e-05, 1.94237145479e-05, 2.54763945122e-05, 1.34146548589e-05, 9.68974291027e-06, 1.19322885439e-05, 1.06115785456e-05, 7.48280035623e-06, 5.48887601326e-06, 3.90571130993e-06], "mean": [0.00107092631515, 0.00129005452618, 0.000787372526247, 0.000618381483946, 0.00056664145086, 0.000415939430241, 0.00034368847264, 0.000305547495373, 0.000184783057193, 0.000134938469273, 0.000122646364616, 4.65931007056e-05, 6.25297543593e-05, 3.89937813452e-05, 7.77261375333e-05, 5.01145877934e-05, 9.95338705252e-05, 3.70898051187e-05, 4.1969029553e-05, 7.96846798039e-05, 2.23948045459e-05, 1.7103195205e-05, 1.01840369098e-05, 7.12797964297e-06, 1.05505941974e-05, 2.21251843868e-06, 2.6610889563e-06, 5.4494125834e-06, 2.54174210568e-06, 1.55916325184e-06, 9.42607471188e-07, 8.86291729785e-07, 7.02696752342e-07, 7.06531466221e-07, 6.58045848922e-07, 6.72339069752e-07, 5.54261816887e-07, 3.91405592381e-07, 2.76156498558e-07, 1.94826426991e-07], "median": [0.000228926888667, 0.000559548498131, 0.000373990595108, 0.00031593372114, 0.000333796080668, 0.00021877992549, 0.000101542769698, 9.28906956688e-05, 4.36500740761e-05, 3.05298271996e-05, 4.01545330533e-05, 1.69804770849e-05, 1.94782660401e-05, 1.38933019116e-05, 1.61142743309e-05, 9.76401133812e-06, 1.59903811436e-05, 9.978779417e-06, 4.17157070842e-06, 1.93563500943e-05, 6.90328397468e-06, 4.28378825745e-06, 2.55529289461e-06, 2.58220575233e-06, 2.59758598986e-06, 5.68733014461e-07, 9.18617047319e-07, 1.39713586123e-06, 7.94474033228e-07, 3.85827831906e-07, 3.12020858928e-07, 2.44329271482e-07, 1.99350026264e-07, 1.85770971939e-07, 1.69825696616e-07, 1.49082737266e-07, 1.3348621053e-07, 9.88595658669e-08, 5.6116299163e-08, 3.89552674562e-08], "min": [5.21483048942e-24, 2.05518334432e-23, 1.42951583005e-23, 5.21221502109e-24, 1.71683206682e-23, 1.57943206088e-23, 6.87503796269e-24, 6.86940076266e-24, 2.32335905451e-24, 2.6936034262e-24, 5.91295030243e-24, 2.85118312518e-23, 1.01962575474e-23, 5.54727974628e-24, 6.87904222065e-24, 5.57753453414e-24, 9.29675811133e-24, 7.77326259951e-24, 1.12414414488e-23, 1.52978020888e-23, 8.05584361981e-24, 1.33584837943e-23, 8.52759585177e-24, 1.62234467418e-23, 9.38660305754e-24, 7.73732446325e-24, 6.51968807376e-24, 9.41231913419e-24, 1.01841958641e-23, 1.13862029469e-23, 1.4026076268e-23, 1.02920260501e-23, 7.89424625224e-24, 8.78716579947e-24, 6.9304025876e-24, 9.19202735983e-24, 1.40071751607e-23, 1.77247878839e-23, 1.12132696482e-23, 1.01268456763e-23], "var": [3.9612141336e-06, 3.88349189961e-06, 1.39959433909e-06, 1.09539780624e-06, 4.35076486838e-07, 3.30438780338e-07, 5.21333220149e-07, 4.07834278349e-07, 1.8202024421e-07, 2.72807170631e-07, 4.51119213096e-08, 1.40351383848e-08, 1.50303645086e-08, 6.28323659768e-09, 4.1718774213e-08, 1.16654250704e-08, 4.27920205937e-08, 6.01942540257e-09, 1.68114837606e-08, 2.64046864373e-08, 1.67711800003e-09, 1.15981069193e-09, 7.10746628219e-10, 2.44961106954e-10, 4.30345925562e-10, 3.44710475442e-11, 3.05554505309e-11, 1.33912742006e-10, 2.08375833949e-11, 1.25989149669e-11, 2.61103031557e-12, 2.59431495384e-12, 1.5953476604e-12, 1.45581279237e-12, 1.12574413767e-12, 1.50254765227e-12, 9.8520085319e-13, 4.71041337446e-13, 2.44249959884e-13, 1.34131638088e-13]}, "mfcc": {"mean": [-694.518859863, 148.740264893, 0.0162208415568, 18.6613616943, 10.4765310287, 4.12568092346, -6.76327705383, -3.02561497688, -5.7625002861, 0.12897413969, -7.550989151, 3.12124323845, -1.38558268547], "cov": [[12387.3525391, -568.505187988, -441.628662109, -108.997192383, -153.476333618, 320.268737793, 170.132919312, 305.49407959, 577.186340332, 829.178222656, 344.48135376, 154.261291504, 29.2140445709], [-568.505187988, 1277.14331055, -290.2371521, -64.6261062622, -56.86769104, -157.717758179, -44.5179443359, -13.5473909378, -57.810131073, -29.8302574158, -52.5578536987, -3.77070689201, -36.7212905884], [-441.628662109, -290.2371521, 487.795898438, 28.6770439148, -35.9191207886, 36.6283836365, 54.2131576538, 37.7691078186, 29.1491508484, -29.6471748352, 0.530901312828, -36.8540534973, 11.1853027344], [-108.997192383, -64.6261062622, 28.6770439148, 297.17980957, 75.4494552612, 2.05565237999, -20.5443954468, -7.55427026749, 92.6846084595, -18.7060394287, -4.65209245682, 12.9974822998, 39.6542625427], [-153.476333618, -56.86769104, -35.9191207886, 75.4494552612, 225.514694214, -7.79496526718, -35.4243278503, -24.8505210876, 16.0263309479, -17.8345813751, 19.108953476, 30.6454296112, 33.0690841675], [320.268737793, -157.717758179, 36.6283836365, 2.05565237999, -7.79496526718, 159.419692993, 55.3298377991, 8.29709148407, 12.2847557068, 29.5125389099, 14.417801857, -2.10437130928, -13.3648328781], [170.132919312, -44.5179443359, 54.2131576538, -20.5443954468, -35.4243278503, 55.3298377991, 137.317810059, 57.8406448364, 7.9442486763, 29.5376491547, 0.987964332104, -10.5137310028, -8.77787780762], [305.49407959, -13.5473909378, 37.7691078186, -7.55427026749, -24.8505210876, 8.29709148407, 57.8406448364, 143.462234497, 53.2982559204, 10.9350833893, -3.69493246078, -11.7513227463, -2.03872895241], [577.186340332, -57.810131073, 29.1491508484, 92.6846084595, 16.0263309479, 12.2847557068, 7.9442486763, 53.2982559204, 177.305038452, 71.1535720825, -4.83605146408, -8.2152929306, 11.0965919495], [829.178222656, -29.8302574158, -29.6471748352, -18.7060394287, -17.8345813751, 29.5125389099, 29.5376491547, 10.9350833893, 71.1535720825, 187.620178223, 51.9177093506, -23.1425819397, -12.9663496017], [344.48135376, -52.5578536987, 0.530901312828, -4.65209245682, 19.108953476, 14.417801857, 0.987964332104, -3.69493246078, -4.83605146408, 51.9177093506, 119.372817993, 30.8007278442, -21.6554450989], [154.261291504, -3.77070689201, -36.8540534973, 12.9974822998, 30.6454296112, -2.10437130928, -10.5137310028, -11.7513227463, -8.2152929306, -23.1425819397, 30.8007278442, 117.440078735, 40.3358840942], [29.2140445709, -36.7212905884, 11.1853027344, 39.6542625427, 33.0690841675, -13.3648328781, -8.77787780762, -2.03872895241, 11.0965919495, -12.9663496017, -21.6554450989, 40.3358840942, 113.010223389]], "icov": [[0.000158311406267, 6.32039664197e-05, 0.000188582736882, 0.000122148674564, 0.00015068158973, -0.00018987445219, 7.05870988895e-05, -0.000225854222663, -0.000356679287506, -0.000442983553512, -0.000217655891902, -0.000232684513321, -0.000121513818158], [6.32039664197e-05, 0.00110577943269, 0.000661727041006, 4.03037192882e-05, 0.000334538228344, 0.00092328916071, -0.000164249009686, -0.000128541738377, 2.27832970268e-05, -0.000171274747117, 0.000325253407937, -0.000185926342965, 0.000366353313439], [0.000188582736882, 0.000661727041006, 0.00303202029318, 0.000145578393131, 0.000809112854768, -5.20230132679e-05, -0.000993021880277, -0.000145102705574, -0.00124922394753, 0.000926454551518, -0.00130153587088, 0.00115260097664, -0.000939407676924], [0.000122148674564, 4.03037192882e-05, 0.000145578393131, 0.00515049276873, -0.000840826425701, -0.000353472772986, -0.000236371677602, 0.00129106640816, -0.0040064221248, 0.00177223002538, -0.00125382270198, 0.000539270287845, -0.0014669848606], [0.00015068158973, 0.000334538228344, 0.000809112854768, -0.000840826425701, 0.00566401984543, -0.000119539996376, 0.000661301310174, 0.00038804509677, -0.000911359558813, 0.000540248816833, -0.0016692832578, -0.000259520107647, -0.00140424340498], [-0.00018987445219, 0.00092328916071, -5.20230132679e-05, -0.000353472772986, -0.000119539996376, 0.00883515458554, -0.00357529753819, 0.00133059348445, 0.000210905069252, -8.32964506117e-05, 0.000342466228176, -0.000281758228084, 0.00144034274854], [7.05870988895e-05, -0.000164249009686, -0.000993021880277, -0.000236371677602, 0.000661301310174, -0.00357529753819, 0.0115874269977, -0.00492202444002, 0.00222763838246, -0.00275599095039, 0.00140312791336, -0.000961572921369, 0.000381648656912], [-0.000225854222663, -0.000128541738377, -0.000145102705574, 0.00129106640816, 0.00038804509677, 0.00133059348445, -0.00492202444002, 0.0109896892682, -0.00438475189731, 0.0032093541231, -0.00126522278879, 0.00153325358406, -0.000553216552362], [-0.000356679287506, 2.27832970268e-05, -0.00124922394753, -0.0040064221248, -0.000911359558813, 0.000210905069252, 0.00222763838246, -0.00438475189731, 0.0124286534265, -0.00514918472618, 0.00416992045939, -0.00120846624486, 0.0014338233741], [-0.000442983553512, -0.000171274747117, 0.000926454551518, 0.00177223002538, 0.000540248816833, -8.32964506117e-05, -0.00275599095039, 0.0032093541231, -0.00514918472618, 0.0118435565382, -0.0055902977474, 0.00468020141125, -0.00185601902194], [-0.000217655891902, 0.000325253407937, -0.00130153587088, -0.00125382270198, -0.0016692832578, 0.000342466228176, 0.00140312791336, -0.00126522278879, 0.00416992045939, -0.0055902977474, 0.0143242264166, -0.0058619659394, 0.00513212801889], [-0.000232684513321, -0.000185926342965, 0.00115260097664, 0.000539270287845, -0.000259520107647, -0.000281758228084, -0.000961572921369, 0.00153325358406, -0.00120846624486, 0.00468020141125, -0.0058619659394, 0.013549182564, -0.00561162829399], [-0.000121513818158, 0.000366353313439, -0.000939407676924, -0.0014669848606, -0.00140424340498, 0.00144034274854, 0.000381648656912, -0.000553216552362, 0.0014338233741, -0.00185601902194, 0.00513212801889, -0.00561162829399, 0.0128404665738]]}, "spectral_contrast_coeffs": {"dmean": [0.0475632213056, 0.0372832268476, 0.0349008068442, 0.0318978428841, 0.0213488489389, 0.0166688933969], "dmean2": [0.0796976685524, 0.060779903084, 0.0552460364997, 0.0497468076646, 0.0329130478203, 0.0263226181269], "dvar": [0.00163569010329, 0.00111909175757, 0.000962841266301, 0.000846837298013, 0.000377701944672, 0.00028919041506], "dvar2": [0.00429758941755, 0.00286204600707, 0.00227561686188, 0.00201360112987, 0.000875480880495, 0.000677721749526], "max": [-0.37488424778, -0.381382614374, -0.475779354572, -0.455775916576, -0.542293846607, -0.634807527065], "mean": [-0.629916906357, -0.687051773071, -0.70794326067, -0.677900373936, -0.737265646458, -0.78453463316], "median": [-0.635031402111, -0.694479227066, -0.710824906826, -0.671086072922, -0.735822439194, -0.783796191216], "min": [-0.962482333183, -0.967446744442, -0.961219727993, -0.983444750309, -0.968828558922, -0.960016191006], "var": [0.00574493966997, 0.00628091907129, 0.00611664028838, 0.00680000055581, 0.00388822634704, 0.00155196536798]}, "spectral_contrast_valleys": {"dmean": [0.433973014355, 0.317120999098, 0.335890948772, 0.316244065762, 0.239021465182, 0.270618379116], "dmean2": [0.707138001919, 0.51214748621, 0.525121510029, 0.497839421034, 0.365872621536, 0.391882658005], "dvar": [0.219968438148, 0.170528128743, 0.178618639708, 0.159985333681, 0.123988114297, 0.172333836555], "dvar2": [0.408837378025, 0.304781019688, 0.