{"lowlevel": {"average_loudness": 0.952337324619, "barkbands_crest": {"dmean": 3.52104878426, "dmean2": 5.85011291504, "dvar": 9.60463523865, "dvar2": 24.0712547302, "max": 26.0918083191, "mean": 14.6205682755, "median": 14.5869932175, "min": 2.67723703384, "var": 31.7358665466}, "barkbands_flatness_db": {"dmean": 0.033752206713, "dmean2": 0.0535259693861, "dvar": 0.0010782815516, "dvar2": 0.00248161703348, "max": 0.622116804123, "mean": 0.185297742486, "median": 0.174398496747, "min": 0.0316496938467, "var": 0.00739445816725}, "barkbands_kurtosis": {"dmean": 9.68175888062, "dmean2": 16.123632431, "dvar": 401.19921875, "dvar2": 1075.18530273, "max": 343.576812744, "mean": 12.655248642, "median": 4.95008516312, "min": -1.83453512192, "var": 525.32623291}, "barkbands_skewness": {"dmean": 1.01117897034, "dmean2": 1.63317871094, "dvar": 1.39988446236, "dvar2": 3.59296369553, "max": 15.9214687347, "mean": 2.58456325531, "median": 2.11735081673, "min": -3.01450324059, "var": 3.88846898079}, "barkbands_spread": {"dmean": 6.54675531387, "dmean2": 10.1889419556, "dvar": 71.6364746094, "dvar2": 146.667251587, "max": 94.6976623535, "mean": 18.336687088, "median": 13.3732748032, "min": 0.342513531446, "var": 257.166625977}, "dissonance": {"dmean": 0.0217797495425, "dmean2": 0.036653291434, "dvar": 0.000526622403413, "dvar2": 0.0014354075538, "max": 0.500000059605, "mean": 0.456157803535, "median": 0.467859268188, "min": 0.122963652015, "var": 0.00159837456886}, "dynamic_complexity": 2.94792747498, "erbbands_crest": {"dmean": 2.51767849922, "dmean2": 4.14058589935, "dvar": 6.25663089752, "dvar2": 15.4957933426, "max": 28.7844715118, "mean": 8.30896663666, "median": 7.16437673569, "min": 2.3687748909, "var": 17.5778255463}, "erbbands_flatness_db": {"dmean": 0.0165666304529, "dmean2": 0.0250033177435, "dvar": 0.000291138538159, "dvar2": 0.000621834187768, "max": 0.577381312847, "mean": 0.156604617834, "median": 0.139431998134, "min": 0.0517033822834, "var": 0.00501577695832}, "erbbands_kurtosis": {"dmean": 1.00175964832, "dmean2": 1.61607801914, "dvar": 2.72715520859, "dvar2": 6.96529722214, "max": 46.6076965332, "mean": 0.459169745445, "median": -0.226338386536, "min": -1.8051160574, "var": 5.68084478378}, "erbbands_skewness": {"dmean": 0.403151541948, "dmean2": 0.624914169312, "dvar": 0.165673583746, "dvar2": 0.394697934389, "max": 5.83646869659, "mean": 0.28268134594, "median": 0.26071113348, "min": -3.40635514259, "var": 0.612362444401}, "erbbands_spread": {"dmean": 10.4529457092, "dmean2": 15.9115371704, "dvar": 141.746856689, "dvar2": 307.981842041, "max": 179.145523071, "mean": 44.9919242859, "median": 41.7916564941, "min": 1.34518766403, "var": 597.648376465}, "hfc": {"dmean": 7.4473657608, "dmean2": 10.468585968, "dvar": 236.846160889, "dvar2": 486.425964355, "max": 185.368652344, "mean": 14.9002113342, "median": 8.47789669037, "min": 1.28447662777e-16, "var": 404.205932617}, "melbands_crest": {"dmean": 3.72369074821, "dmean2": 6.19189739227, "dvar": 10.4907035828, "dvar2": 27.3436851501, "max": 36.7819099426, "mean": 18.2507858276, "median": 18.2381153107, "min": 1.74663984776, "var": 34.9067192078}, "melbands_flatness_db": {"dmean": 0.0402789562941, "dmean2": 0.0627316758037, "dvar": 0.00155879126396, "dvar2": 0.00347137963399, "max": 0.797869026661, "mean": 0.268339753151, "median": 0.259894281626, "min": 0.00510118715465, "var": 0.0113613214344}, "melbands_kurtosis": {"dmean": 21.0109539032, "dmean2": 34.5998535156, "dvar": 1336.87194824, "dvar2": 3415.60302734, "max": 503.895294189, "mean": 33.3646240234, "median": 16.5674629211, "min": -1.82707965374, "var": 2247.3137207}, "melbands_skewness": {"dmean": 1.29165792465, "dmean2": 2.0837161541, "dvar": 1.98892605305, "dvar2": 4.89383125305, "max": 17.6947116852, "mean": 4.06989908218, "median": 3.51927185059, "min": -2.30825328827, "var": 6.60751962662}, "melbands_spread": {"dmean": 6.46225643158, "dmean2": 10.1903762817, "dvar": 92.1398162842, "dvar2": 202.882003784, "max": 190.887573242, "mean": 15.5307741165, "median": 10.4809980392, "min": 0.474240213633, "var": 294.823883057}, "pitch_salience": {"dmean": 0.095429584384, "dmean2": 0.159183934331, "dvar": 0.00745421927422, "dvar2": 0.0196972489357, "max": 0.841847956181, "mean": 0.432082116604, "median": 0.433100700378, "min": 0.0651656240225, "var": 0.021599534899}, "silence_rate_20dB": {"dmean": 0, "dmean2": 0, "dvar": 0, "dvar2": 0, "max": 1, "mean": 1, "median": 1, "min": 1, "var": 0}, "silence_rate_30dB": {"dmean": 0.0645893514156, "dmean2": 0.129192039371, "dvar": 0.0604175701737, "dvar2": 0.133135348558, "max": 1, "mean": 0.93036210537, "median": 1, "min": 0, "var": 0.064785271883}, "silence_rate_60dB": {"dmean": 0.00660338439047, "dmean2": 0.0131049426273, "dvar": 0.00655837869272, "dvar2": 0.0135537963361, "max": 1, "mean": 0.0477664284408, "median": 0, "min": 0, "var": 0.0454914346337}, "spectral_centroid": {"dmean": 309.380187988, "dmean2": 471.499267578, "dvar": 156417.234375, "dvar2": 321835.15625, "max": 10887.2529297, "mean": 1228.85241699, "median": 1046.02929688, "min": 148.331314087, "var": 555601.375}, "spectral_complexity": {"dmean": 3.99319028854, "dmean2": 5.69291114807, "dvar": 30.0402545929, "dvar2": 47.8366317749, "max": 66, "mean": 15.1318473816, "median": 13, "min": 0, "var": 102.588485718}, "spectral_decrease": {"dmean": 5.30972465995e-09, "dmean2": 8.68319993685e-09, "dvar": 8.46954729056e-17, "dvar2": 2.06882357827e-16, "max": 6.82214159975e-19, "mean": -9.46048039907e-09, "median": -6.0672937785e-09, "min": -8.90932483344e-08, "var": 1.22695369388e-16}, "spectral_energy": {"dmean": 0.020523801446, "dmean2": 0.0333981812, "dvar": 0.00125323387329, "dvar2": 0.00304666277952, "max": 0.340157449245, "mean": 0.0370574630797, "median": 0.0238703209907, "min": 1.10323849028e-20, "var": 0.00182161456905}, "spectral_energyband_high": {"dmean": 0.000535519153345, "dmean2": 0.000727119506337, "dvar": 1.40776614899e-06, "dvar2": 2.49880940828e-06, "max": 0.0156126599759, "mean": 0.000880626903381, "median": 0.000187893601833, "min": 8.27098540727e-21, "var": 2.97696306006e-06}, "spectral_energyband_low": {"dmean": 0.0164638962597, "dmean2": 0.0275020413101, "dvar": 0.00100558029953, "dvar2": 0.00254101259634, "max": 0.332790344954, "mean": 0.0259016621858, "median": 0.0145974326879, "min": 5.09189551035e-23, "var": 0.00144998251926}, "spectral_energyband_middle_high": {"dmean": 0.00133039278444, "dmean2": 0.00206332071684, "dvar": 1.08381409518e-05, "dvar2": 2.68091243925e-05, "max": 0.0449032820761, "mean": 0.00247486215085, "median": 0.00151805998757, "min": 1.29119036405e-21, "var": 1.34269712362e-05}, "spectral_energyband_middle_low": {"dmean": 0.00624135043472, "dmean2": 0.0101704867557, "dvar": 0.000247507094173, "dvar2": 0.000596016296186, "max": 0.170771315694, "mean": 0.00881764106452, "median": 0.00470865657553, "min": 2.64206405093e-22, "var": 0.000247299351031}, "spectral_entropy": {"dmean": 0.191852331161, "dmean2": 0.288437902927, "dvar": 0.0459540709853, "dvar2": 0.0940892398357, "max": 9.79953479767, "mean": 7.45988988876, "median": 7.58034086227, "min": 4.10200071335, "var": 0.411952614784}, "spectral_flux": {"dmean": 0.0372009575367, "dmean2": 0.0580595061183, "dvar": 0.00256004161201, "dvar2": 0.00539785530418, "max": 0.514991402626, "mean": 0.0951289981604, "median": 0.0724754929543, "min": 1.05035161124e-10, "var": 0.00550746265799}, "spectral_kurtosis": {"dmean": 3.82909107208, "dmean2": 6.51185178757, "dvar": 245.763412476, "dvar2": 751.801452637, "max": 648.325744629, "mean": 9.89770317078, "median": 2.93635177612, "min": -1.21852087975, "var": 1204.79663086}, "spectral_rms": {"dmean": 0.0013789703371, "dmean2": 0.00219557178207, "dvar": 3.18514685205e-06, "dvar2": 7.51633251639e-06, "max": 0.0182170514017, "mean": 0.00534093612805, "median": 0.00482577644289, "min": 3.28074720168e-12, "var": 7.6280907706e-06}, "spectral_rolloff": {"dmean": 510.079803467, "dmean2": 849.042907715, "dvar": 990519.6875, "dvar2": 2091252.125, "max": 19229.1503906, "mean": 1031.75036621, "median": 495.263671875, "min": 64.599609375, "var": 2499650}, "spectral_skewness": {"dmean": 0.332097500563, "dmean2": 0.523068606853, "dvar": 0.290244579315, "dvar2": 0.83145314455, "max": 19.536491394, "mean": 1.73892867565, "median": 1.31667125225, "min": 0.026655767113, "var": 2.65239644051}, "spectral_spread": {"dmean": 526875.125, "dmean2": 760882.6875, "dvar": 531071696896, "dvar2": 916842545152, "max": 40786472, "mean": 4501403.5, "median": 4337114.5, "min": 126986.632812, "var": 3742741561340.0}, "spectral_strongpeak": {"dmean": 0.253387957811, "dmean2": 0.428771346807, "dvar": 0.173871770501, "dvar2": 0.447271972895, "max": 10.6896867752, "mean": 0.483566194773, "median": 0.389849245548, "min": 0, "var": 0.20726454258}, "zerocrossingrate": {"dmean": 0.0108648622409, "dmean2": 0.0122719267383, "dvar": 0.000190528662642, "dvar2": 0.000221402195166, "max": 0.5126953125, "mean": 0.0446694977582, "median": 0.03271484375, "min": 0.001953125, "var": 0.00164610752836}, "barkbands": {"dmean": [0.000529750075657, 0.0137029625475, 0.00387160363607, 0.0019069617847, 0.00312652741559, 0.000965484243352, 0.000588485621847, 0.00040116198943, 0.000444689037977, 0.000346866552718, 0.000214128769585, 0.00017511875194, 0.000208559504244, 0.000124329933897, 0.000130638785777, 0.000133720168378, 0.000163636083016, 0.000133958295919, 0.000161259216839, 0.000129194479086, 0.000153366359882, 0.000110893997771, 0.000122407262097, 6.84131882736e-05, 5.57280727662e-05, 1.5604429791e-05, 1.92648371922e-06], "dmean2": [0.000844569585752, 0.0231460668147, 0.00693303719163, 0.00342429708689, 0.0051119546406, 0.00161693315022, 0.000931093876716, 0.000649617635645, 0.000725387362763, 0.000585820525885, 0.000354852440068, 0.000288950745016, 0.000350975402398, 0.000202598690521, 0.000210816710023, 0.000217203560169, 0.000272135512205, 0.000219967580051, 0.000241267276579, 0.000195274464204, 0.000211222824873, 0.000155746296514, 0.000165470206412, 0.00010056058818, 8.80678344402e-05, 2.41829529841e-05, 3.19388936987e-06], "dvar": [1.35780339861e-06, 0.000676777213812, 0.000211200604099, 4.41991760454e-05, 0.000121704812045, 2.96266944133e-06, 1.67007101481e-06, 7.14191685347e-07, 1.2487373624e-06, 1.0941103028e-06, 2.01216636242e-07, 2.0625274999e-07, 2.91251069484e-07, 7.60529701438e-08, 1.0526378702e-07, 1.71866076926e-07, 2.98288028944e-07, 1.40950746186e-07, 2.00017851171e-07, 1.12166766542e-07, 1.22775205114e-07, 6.25630178774e-08, 9.85212551541e-08, 5.59255148858e-08, 2.99665892101e-08, 2.29718888356e-09, 3.8840076988e-11], "dvar2": [3.32130935021e-06, 0.00176088605076, 0.000613532378338, 0.00012412777869, 0.000282589811832, 8.07777360023e-06, 4.08940832131e-06, 1.86559623216e-06, 3.43707597494e-06, 3.01848240269e-06, 5.48384775811e-07, 5.34790729034e-07, 7.74963666572e-07, 1.94153471966e-07, 2.71291355602e-07, 4.53084112451e-07, 8.18300009087e-07, 3.71191134718e-07, 4.1911965809e-07, 2.40633681869e-07, 2.26359702538e-07, 1.1586661941e-07, 1.78171902121e-07, 1.1165889191e-07, 7.20181176916e-08, 4.9231028143e-09, 9.39784777776e-11], "max": [0.0198680516332, 0.304090976715, 0.205180853605, 0.102006696165, 0.143268823624, 0.0318806096911, 0.0248350463808, 0.0185262579471, 0.0163157358766, 0.0130683192983, 0.00761508848518, 0.00746884616092, 0.0193118825555, 0.00527330022305, 0.00645410409197, 0.00644115544856, 0.0103011624888, 0.00885131303221, 0.00695451255888, 0.0048907562159, 0.00654949294403, 0.00266407988966, 0.00823554210365, 0.0086329812184, 0.00303919101134, 0.000882660155185, 0.000234345803619], "mean": [0.000675191055052, 0.0201609395444, 0.00413291202858, 0.00157557171769, 0.00348890968598, 0.00145008345135, 0.000898239493836, 0.000569172087125, 0.000682497571688, 0.000440405885456, 0.00031361458241, 0.000228489938308, 0.000283295725239, 0.000202609386179, 0.000197505796677, 0.000169723454746, 0.000199851681828, 0.000191447630641, 0.000233666127315, 0.000187438126886, 0.00023103095009, 0.000155030487804, 0.000175283988938, 0.000106379069621, 8.30205681268e-05, 2.28676999541e-05, 2.37955146076e-06], "median": [0.000143543933518, 0.0111683094874, 0.00140089390334, 0.000205187738175, 0.000764880795032, 0.000821433844976, 0.000355917203706, 0.000292132695904, 0.000310703704599, 0.000130511572934, 0.000115176808322, 8.28386109788e-05, 0.000106265521026, 7.24067431292e-05, 7.08215666236e-05, 5.20196008438e-05, 5.84714944125e-05, 5.98099504714e-05, 6.02934305789e-05, 5.50673321413e-05, 4.86172866658e-05, 3.06806759909e-05, 3.22535051964e-05, 1.21180191854e-05, 3.60860644832e-06, 1.25000610751e-06, 1.33857142259e-07], "min": [4.18242258478e-24, 2.06058798815e-23, 2.43507256609e-23, 2.45876071801e-24, 3.70828460078e-23, 3.59688608137e-23, 7.50457894177e-23, 2.54057782122e-23, 6.75491874374e-23, 3.4765497679e-23, 7.98619682598e-23, 1.13470093395e-22, 5.85922966365e-23, 6.7229799745e-23, 1.04887469762e-22, 1.88467377333e-22, 6.97065894846e-23, 1.94978142996e-22, 2.69214371798e-22, 3.10961067607e-22, 3.89274710169e-22, 5.43816979123e-22, 6.24971656904e-22, 1.05981243708e-21, 1.25420230442e-21, 1.83658390378e-21, 2.70829171333e-21], "var": [1.90139348888e-06, 0.000930994690862, 0.000138788615004, 2.96981324936e-05, 0.000123148580315, 3.49547440237e-06, 2.57485248767e-06, 8.52021685205e-07, 1.27191742649e-06, 9.68948597802e-07, 2.97223749612e-07, 2.19094289378e-07, 3.18909286534e-07, 1.31845837359e-07, 1.37734843975e-07, 1.73798454739e-07, 2.47020409461e-07, 1.50666281229e-07, 2.89858263613e-07, 1.5913180107e-07, 2.34585385783e-07, 1.09728595987e-07, 2.03953547384e-07, 1.09598680353e-07, 7.3178249238e-08, 4.77686068479e-09, 4.65334229482e-11]}, "erbbands": {"dmean": [0.429297417402, 3.10914063454, 4.44242048264, 6.01595449448, 10.0916175842, 9.39223480225, 7.309278965, 8.39916229248, 9.29666614532, 8.94633769989, 7.09821414948, 9.5584192276, 12.3286142349, 8.2125453949, 9.02023029327, 6.67083740234, 9.40368461609, 6.42877721786, 6.56250619888, 6.88117599487, 7.24485731125, 8.85875797272, 7.47160816193, 7.98304986954, 7.39048290253, 6.34344482422, 6.89514303207, 5.28331756592, 4.27034378052, 3.6603808403, 3.52889299393, 1.86683869362, 0.933535933495, 0.582435369492, 0.437566757202, 0.111659571528, 0.0223333891481, 0.00403927685693, 0.00026112573687, 2.9908696888e-05], "dmean2": [0.707404434681, 5.28412771225, 7.78358697891, 10.7786445618, 17.4455909729, 15.090929985, 12.4850816727, 14.1434240341, 14.8976678848, 14.5206890106, 11.4280433655, 15.5816173553, 20.9848918915, 13.6103839874, 14.7574777603, 10.9194860458, 15.8237600327, 10.4624290466, 10.4475746155, 11.2877159119, 11.6731901169, 14.6794719696, 12.2384843826, 12.2964639664, 11.0527276993, 9.61258792877, 10.1103544235, 7.29860830307, 6.17176485062, 5.04619884491, 4.74019002914, 2.75810623169, 1.35416567326, 0.900742888451, 0.709757387638, 0.17017403245, 0.0346113964915, 0.00644021434709, 0.000419346557464, 4.74023763672e-05], "dvar": [0.651935577393, 37.0372428894, 189.283126831, 506.31036377, 1423.55969238, 872.846984863, 402.062744141, 202.009933472, 392.714752197, 350.080078125, 211.766571045, 545.617797852, 1733.02331543, 386.342071533, 363.746734619, 244.852706909, 411.578613281, 254.555252075, 230.070648193, 400.350799561, 533.202819824, 1023.09143066, 432.336273193, 558.643432617, 367.515777588, 246.557876587, 276.140655518, 156.751419067, 101.688522339, 64.4276199341, 94.1235275269, 54.8893737793, 7.05252742767, 2.57002162933, 2.35619020462, 0.12702101469, 0.00501836044714, 0.000129707856104, 8.54342886214e-07, 6.38889829929e-09], "dvar2": [1.6671025753, 98.1709442139, 536.029052734, 1424.45861816, 3598.28540039, 2043.11901855, 1129.88891602, 557.63104248, 971.851013184, 863.105285645, 561.557556152, 1500.14941406, 4869.75, 1034.13110352, 935.076049805, 658.654541016, 1096.6262207, 658.84954834, 584.916503906, 1033.41015625, 1409.7845459, 2808.40087891, 1118.76208496, 1318.16052246, 716.650695801, 534.44543457, 596.514526367, 273.002044678, 200.641281128, 117.967842102, 162.277389526, 117.885421753, 14.483212471, 5.7857298851, 6.19513034821, 0.290850639343, 0.0106800338253, 0.000303675071336, 2.17147044168e-06, 1.39689042555e-08], "max": [8.26387691498, 78.3127593994, 184.867019653, 328.604064941, 489.729553223, 429.715454102, 300.2472229, 294.052581787, 531.046447754, 320.889526367, 368.861907959, 383.561004639, 567.826965332, 343.887390137, 339.477722168, 260.879547119, 539.474487305, 439.750030518, 353.075622559, 364.944580078, 354.858306885, 595.867675781, 388.060302734, 391.810241699, 260.793579102, 226.332351685, 326.852416992, 192.791915894, 114.189674377, 116.335250854, 288.24105835, 300.189331055, 73.5929031372, 26.2936153412, 25.9804916382, 7.17149591446, 1.31777739525, 0.178350016475, 0.0433032028377, 0.00497317593545], "mean": [0.615939080715, 4.28282785416, 5.75582122803, 5.40787792206, 8.8567647934, 11.3906402588, 9.50660610199, 12.8415765762, 14.5583877563, 12.8507070541, 11.2258043289, 15.1641740799, 15.7253818512, 12.6856517792, 13.9431905746, 9.76751995087, 13.7771749496, 10.2384405136, 11.0209140778, 9.66947841644, 9.29688262939, 10.7520751953, 10.8453397751, 11.7781667709, 10.8693475723, 9.29558086395, 9.6679353714, 8.18389034271, 5.95446205139, 5.13529968262, 5.10249042511, 2.79389333725, 1.46031844616, 0.916035890579, 0.58089530468, 0.164712995291, 0.0324582532048, 0.00538245588541, 0.000351998023689, 5.39422289876e-05], "median": [0.235040783882, 2.20663499832, 3.01089334488, 1.24378097057, 1.67921471596, 2.39865589142, 3.84737896919, 7.17930746078, 6.00533437729, 5.95050621033, 6.3249745369, 6.49094820023, 6.64327669144, 4.98878860474, 5.75362968445, 4.23019266129, 5.3740272522, 4.07580041885, 4.29173612595, 3.66330528259, 2.8596124649, 3.19280290604, 3.40546870232, 3.32738399506, 3.12721443176, 2.80019378662, 2.27535510063, 1.69140398502, 1.14087164402, 1.04271733761, 0.895765721798, 0.384417384863, 0.133182018995, 0.050911732018, 0.0200799964368, 0.00742209237069, 0.00187775911763, 0.000395299313823, 3.97127805627e-05, 3.30845105054e-05], "min": [1.11262416296e-21, 2.90853404506e-21, 1.72448045322e-20, 2.75065438708e-20, 6.51693405495e-20, 1.54391736219e-19, 1.52858156288e-19, 3.33002105852e-19, 4.47404260646e-19, 1.50518933459e-18, 5.51482917052e-19, 1.46439299358e-18, 1.67885342266e-18, 1.08093294791e-18, 4.72270788444e-18, 4.50217905159e-18, 2.93506614916e-18, 3.27401788082e-18, 6.42481769682e-18, 7.02859998698e-18, 7.63989555864e-18, 4.25813512829e-18, 8.99282141518e-18, 1.50781393732e-17, 1.14966193744e-17, 1.24307089452e-17, 1.51391621413e-17, 1.88001295292e-17, 2.0220792379e-17, 2.06848456657e-17, 1.80732247136e-17, 2.24499746466e-17, 1.67575592078e-17, 1.35212076165e-17, 8.9558679485e-18, 6.95132973724e-18, 3.07204188193e-18, 1.38808072238e-18, 3.68952073207e-19, 4.32857539941e-20], "var": [1.08702111244, 43.8375205994, 141.126449585, 347.384002686, 1116.01220703, 1011.53192139, 393.431182861, 270.231384277, 593.403198242, 470.480407715, 260.089630127, 619.968078613, 1272.63586426, 568.395812988, 566.294250488, 285.930175781, 582.059265137, 332.746429443, 364.699279785, 442.117462158, 523.999511719, 820.056518555, 469.212005615, 708.761474609, 562.909912109, 356.693115234, 412.087188721, 317.602264404, 169.776443481, 115.823776245, 203.720901489, 91.1349639893, 16.6129322052, 7.42642068863, 4.05423164368, 0.281268239021, 0.0102581260726, 0.000222083370318, 9.36604976687e-07, 7.6520283443e-09]}, "gfcc": {"mean": [-34.4844894409, 109.482009888, -102.881019592, 38.0448570251, -52.8140258789, 15.346529007, -21.8475246429, 9.70442867279, -13.7267618179, 5.06805515289, -6.0636844635, 3.17405319214, -7.54808712006], "cov": [[11890.4492188, -1865.76538086, 806.42956543, 2334.78955078, -779.254577637, 729.646362305, -289.197692871, 310.734832764, -209.367279053, 154.991989136, -408.3722229, -20.262046814, -239.710403442], [-1865.76538086, 2698.48681641, 43.9940223694, -732.329956055, 605.55078125, -477.591094971, 328.218902588, -223.721878052, 274.707183838, -146.282440186, 227.808380127, -119.243164062, 179.117630005], [806.42956543, 43.9940223694, 1087.24487305, 323.45501709, -97.1427154541, 176.706985474, 78.2615203857, 86.3488693237, -21.6787815094, 46.3403244019, -38.020236969, 8.27390861511, 1.2352796793], [2334.78955078, -732.329956055, 323.45501709, 1018.46014404, -153.014480591, 311.515930176, 78.5061340332, 129.776229858, 28.2485389709, 67.3324737549, -63.6346740723, 23.6937122345, -45.1645927429], [-779.254577637, 605.55078125, -97.1427154541, -153.014480591, 473.892242432, -67.9862365723, 131.356201172, 2.78044033051, 111.166526794, -2.07486271858, 83.2810668945, -26.1373138428, 62.0174942017], [729.646362305, -477.591094971, 176.706985474, 311.515930176, -67.9862365723, 315.717712402, 55.4990959167, 96.5557250977, -5.72057962418, 54.4322052002, -3.85965752602, 40.8125495911, -35.9025115967], [-289.197692871, 328.218902588, 78.2615203857, 78.5061340332, 131.356201172, 55.4990959167, 289.564422607, 53.9701156616, 94.9955596924, 23.3050022125, 78.4790344238, 15.3428039551, 46.2134284973], [310.734832764, -223.721878052, 86.3488693237, 129.776229858, 2.78044033051, 96.5557250977, 53.9701156616, 169.860397339, 45.7548027039, 42.770565033, -6.45874357224, 30.3043556213, 1.96863293648], [-209.367279053, 274.707183838, -21.6787815094, 28.2485389709, 111.166526794, -5.72057962418, 94.9955596924, 45.7548027039, 162.235671997, 32.8199272156, 55.9757003784, -0.802852511406, 38.7155570984], [154.991989136, -146.282440186, 46.3403244019, 67.3324737549, -2.07486271858, 54.4322052002, 23.3050022125, 42.770565033, 32.8199272156, 105.835029602, 26.4777908325, 12.441819191, 1.52266383171], [-408.3722229, 227.808380127, -38.020236969, -63.6346740723, 83.2810668945, -3.85965752602, 78.4790344238, -6.45874357224, 55.9757003784, 26.4777908325, 129.629867554, 34.5743484497, 29.907869339], [-20.262046814, -119.243164062, 8.27390861511, 23.6937122345, -26.1373138428, 40.8125495911, 15.3428039551, 30.3043556213, -0.802852511406, 12.441819191, 34.5743484497, 91.5393981934, 25.1849899292], [-239.710403442, 179.117630005, 1.2352796793, -45.1645927429, 62.0174942017, -35.9025115967, 46.2134284973, 1.96863293648, 38.7155570984, 1.52266383171, 29.907869339, 25.1849899292, 89.0000915527]], "icov": [[0.000255256862147, -0.0004395894357, 0.000190435283002, -0.000720990879927, 0.000278409541352, -0.000349618814653, 0.000598186161369, -0.000579447310884, 0.000761861854699, -0.000668331282213, 0.000518549291883, -0.000150950538227, 0.000119327902212], [-0.0004395894357, 0.00277606397867, -0.00122738734353, 0.00199178652838, -0.0013462753268, 0.00215274165384, -0.00245954236016, 0.00283655943349, -0.0038024999667, 0.00360562466085, -0.00249402900226, 0.00188922684174, -0.000826334755402], [0.000190435283002, -0.00122738734353, 0.00165259011555, -0.00106049783062, 0.000763801741414, -0.00128029019106, 0.000761866860557, -0.00149865122512, 0.00210752920248, -0.00183221022598, 0.00127945432905, -0.000440468837041, -0.000179910945008], [-0.000720990879927, 0.00199178652838, -0.00106049783062, 0.00394545402378, -0.000750727718696, 0.000281333661405, -0.00257805036381, 0.00232887058519, -0.00384958088398, 0.00257547898218, -0.00101738981903, 0.000912766903639, -0.000295691424981], [0.000278409541352, -0.0013462753268, 0.000763801741414, -0.000750727718696, 0.00388490385376, -0.00106102891732, 0.000478276051581, -0.0017771293642, 0.000855735270306, -0.00126320403069, 4.055095269e-05, 0.000936740951147, -0.000905749970116], [-0.000349618814653, 0.00215274165384, -0.00128029019106, 0.000281333661405, -0.00106102891732, 0.00775388116017, -0.0028014164418, 0.00051316828467, -0.00176288851071, 0.00143015116919, -0.00230462104082, -0.000543808622751, 0.0018676527543], [0.000598186161369, -0.00245954236016, 0.000761866860557, -0.00257805036381, 0.000478276051581, -0.0028014164418, 0.00810097437352, -0.00367595860735, 0.00221199565567, -0.00232437229715, -0.000444553792477, -0.000452397303889, -0.000991297187284], [-0.000579447310884, 0.00283655943349, -0.00149865122512, 0.00232887058519, -0.0017771293642, 0.00051316828467, -0.00367595860735, 0.0124409114942, -0.00701611628756, 0.00155463430565, 0.00105771108065, -0.00186972098891, 0.000211250066059], [0.000761861854699, -0.0038024999667, 0.00210752920248, -0.00384958088398, 0.000855735270306, -0.00176288851071, 0.00221199565567, -0.00701611628756, 0.0163018126041, -0.00669033871964, 0.00011672378605, 0.000488633813802, -0.00173331715632], [-0.000668331282213, 0.00360562466085, -0.00183221022598, 0.00257547898218, -0.00126320403069, 0.00143015116919, -0.00232437229715, 0.00155463430565, -0.00669033871964, 0.0170416682959, -0.00658682268113, 0.003372075269, -0.00121647119522], [0.000518549291883, -0.00249402900226, 0.00127945432905, -0.00101738981903, 4.055095269e-05, -0.00230462104082, -0.000444553792477, 0.00105771108065, 0.00011672378605, -0.00658682268113, 0.0168950557709, -0.00821420736611, 0.00184035056736], [-0.000150950538227, 0.00188922684174, -0.000440468837041, 0.000912766903639, 0.000936740951147, -0.000543808622751, -0.000452397303889, -0.00186972098891, 0.000488633813802, 0.003372075269, -0.00821420736611, 0.018995096907, -0.0072203790769], [0.000119327902212, -0.000826334755402, -0.000179910945008, -0.000295691424981, -0.000905749970116, 0.0018676527543, -0.000991297187284, 0.000211250066059, -0.00173331715632, -0.00121647119522, 0.00184035056736, -0.0072203790769, 0.0171670243144]]}, "melbands": {"dmean": [0.00385087309405, 0.00284808222204, 0.00110889680218, 0.000771743478253, 0.000276107777609, 0.000188956357306, 0.00013697866234, 9.74426875473e-05, 5.72656499571e-05, 6.30872455076e-05, 6.24731910648e-05, 3.45064036082e-05, 3.10143732349e-05, 2.0133502403e-05, 2.08987203223e-05, 1.82941003004e-05, 1.22689461932e-05, 1.10212022264e-05, 9.50178764469e-06, 9.52205209614e-06, 8.57055511005e-06, 9.147000128e-06, 8.56677615957e-06, 6.94014488545e-06, 6.78026299283e-06, 5.94422544964e-06, 4.66509754915e-06, 4.29005012847e-06, 4.52245421911e-06, 3.73746138393e-06, 2.86720046461e-06, 2.52621043728e-06, 2.21146729018e-06, 2.1096261662e-06, 2.4006114927e-06, 1.43806971664e-06, 1.10883854632e-06, 7.07360072738e-07, 5.47790762084e-07, 4.89473734433e-07], "dmean2": [0.00647637620568, 0.00484540918842, 0.00197628349997, 0.00126997532789, 0.000470594328362, 0.000314786215313, 0.000219103108975, 0.00015789308236, 9.21344762901e-05, 0.000103498721728, 0.000106314735604, 5.71536875213e-05, 5.09718447574e-05, 3.26209155901e-05, 3.57356038876e-05, 3.02872595057e-05, 2.01107777684e-05, 1.77093461389e-05, 1.54050921992e-05, 1.57024223881e-05, 1.39753337862e-05, 1.52425409397e-05, 1.43315110108e-05, 1.13662581498e-05, 1.05831441033e-05, 8.95057564776e-06, 7.02650277162e-06, 6.66099731461e-06, 6.75249566484e-06, 5.30787292519e-06, 4.03398371418e-06, 3.79520088245e-06, 3.10061432174e-06, 2.97758765555e-06, 3.27981388182e-06, 2.07065431823e-06, 1.69330007793e-06, 1.05287801944e-06, 8.18362764221e-07, 7.74331340381e-07], "dvar": [5.27936645085e-05, 4.3307805754e-05, 1.31822616822e-05, 8.06068510428e-06, 5.76477305003e-07, 1.00721543106e-07, 8.27624191402e-08, 4.17069578873e-08, 1.33782132039e-08, 2.55711114505e-08, 4.43698269237e-08, 7.06728364719e-09, 4.01511890402e-09, 2.55127141635e-09, 2.49834264388e-09, 3.41787509406e-09, 8.13242639897e-10, 6.31196650502e-10, 6.85233536579e-10, 8.58465853959e-10, 7.64441232537e-10, 1.18529386306e-09, 5.83334047732e-10, 3.03812947022e-10, 4.20388918121e-10, 2.39408465275e-10, 1.41803291331e-10, 1.11303730121e-10, 1.2609516209e-10, 7.31314939162e-11, 5.03774522098e-11, 3.79148414054e-11, 2.38268155206e-11, 2.28539114716e-11, 4.59013070608e-11, 1.85053777857e-11, 2.78447386676e-11, 4.31346494981e-12, 2.35869158406e-12, 1.88796612892e-12], "dvar2": [0.000137162540341, 0.000116057592095, 3.67994252883e-05, 1.88104677363e-05, 1.63575816714e-06, 2.72639539389e-07, 2.02731541776e-07, 1.03968204712e-07, 3.55265754592e-08, 7.08706622277e-08, 1.24424900605e-07, 1.88210282914e-08, 1.0752646773e-08, 6.19874240826e-09, 7.46877582003e-09, 8.83966944087e-09, 2.12437512026e-09, 1.6259900093e-09, 1.77958769942e-09, 2.26186314123e-09, 2.04006656013e-09, 3.27359916952e-09, 1.56532053985e-09, 7.81592623955e-10, 9.99976990101e-10, 4.87069440336e-10, 2.77700223927e-10, 2.53459614408e-10, 2.83615020358e-10, 1.37245451115e-10, 9.54608128656e-11, 8.10191913558e-11, 4.38205201292e-11, 4.54617211931e-11, 8.57001761223e-11, 3.72914824021e-11, 6.16102030504e-11, 9.20438031349e-12, 5.11386506058e-12, 4.4637310341e-12], "max": [0.0762284845114, 0.0722334682941, 0.0474116802216, 0.0350384190679, 0.0120213702321, 0.00588957360014, 0.00705578830093, 0.00363766122609, 0.00273320404813, 0.00254045659676, 0.00287250219844, 0.0014468106674, 0.000884132517967, 0.00103075383231, 0.000934778305236, 0.00230700057, 0.00056748901261, 0.000547710864339, 0.000415481918026, 0.000509275239892, 0.000427472899901, 0.0006494448171, 0.000430360814789, 0.000383459177101, 0.00031465216307, 0.000243356553256, 0.000161460207892, 0.000145776371937, 0.000202640410862, 0.000167218517163, 0.000148847029777, 8.72384698596e-05, 6.40936486889e-05, 7.5553834904e-05, 0.00020068961021, 0.000117501520435, 0.00021730059234, 6.161845522e-05, 2.64513910224e-05, 2.13340517803e-05], "mean": [0.00560860102996, 0.00406959233806, 0.00100371590815, 0.000801810005214, 0.000363875908079, 0.000290135125397, 0.000215199659579, 0.000136734131956, 9.12829418667e-05, 9.708655125e-05, 7.76224624133e-05, 5.06002397742e-05, 4.74546395708e-05, 2.83659137494e-05, 2.91179294436e-05, 2.47702719207e-05, 1.91329836525e-05, 1.79126000148e-05, 1.35037944347e-05, 1.22016172099e-05, 1.0508007108e-05, 1.06350744318e-05, 1.09038155642e-05, 9.85896258499e-06, 9.4569322755e-06, 8.56447695696e-06, 6.47882461635e-06, 6.070377367e-06, 6.02555473961e-06, 5.61405113331e-06, 4.29078227171e-06, 3.27930229105e-06, 3.02672401631e-06, 2.8586737244e-06, 3.28530700244e-06, 2.11736164601e-06, 1.55008774527e-06, 1.04062701212e-06, 8.64135813572e-07, 7.3252817856e-07], "median": [0.0028524401132, 0.00237344554625, 0.000266483431915, 0.000152005930431, 0.000144395191455, 0.000160240771947, 9.08330403036e-05, 6.39365025563e-05, 4.89378944621e-05, 4.25560756412e-05, 3.17477424687e-05, 1.67701928149e-05, 1.77242345671e-05, 1.18352209029e-05, 1.17991658044e-05, 9.24808136915e-06, 6.36721506453e-06, 6.4533251134e-06, 4.826827535e-06, 3.93075970351e-06, 3.07139521283e-06, 3.0093838177e-06, 2.89929607789e-06, 2.97684755424e-06, 2.4017188025e-06, 2.26524184654e-06, 1.87272894436e-06, 1.83051054137e-06, 1.35348841468e-06, 1.15971397463e-06, 8.39606798309e-07, 5.86435874084e-07, 6.09492531112e-07, 5.5563037904e-07, 5.5333111959e-07, 3.49116817233e-07, 1.87844293009e-07, 9.84662449355e-08, 5.76922190021e-08, 3.55361642335e-08], "min": [7.62750871436e-24, 7.67499892971e-24, 4.42332295586e-24, 1.08095085488e-23, 4.53215223419e-24, 7.179964257e-24, 9.62415431966e-24, 1.41160158775e-23, 4.05599105864e-24, 1.05869708874e-23, 8.39441719831e-24, 3.56624609272e-24, 1.20990263384e-23, 1.61017097269e-23, 6.70210387505e-24, 6.60264350326e-24, 5.62712943039e-24, 9.98521911142e-24, 6.97215383987e-24, 1.371671342e-23, 7.84155507694e-24, 4.27403536828e-24, 3.95440352341e-24, 1.2826713447e-23, 1.26635391464e-23, 6.69522895226e-24, 8.63917470479e-24, 8.43243477191e-24, 9.75849575409e-24, 1.01152951749e-23, 1.03691324704e-23, 1.27467284732e-23, 8.90365531162e-24, 1.24828363566e-23, 9.78249053625e-24, 9.84758891587e-24, 1.50806239484e-23, 1.21990026252e-23, 9.37089052603e-24, 1.23653899562e-23], "var": [7.76520100771e-05, 4.31620828749e-05, 9.11243114388e-06, 7.79210404289e-06, 5.69055998767e-07, 1.37092953878e-07, 1.29874749177e-07, 5.3698808955e-08, 1.67159406317e-08, 2.64363944069e-08, 3.26229390168e-08, 1.04103463627e-08, 6.55445031583e-09, 3.04906611071e-09, 2.8494058224e-09, 3.33373550987e-09, 1.22713872397e-09, 9.89498261106e-10, 7.62656771069e-10, 8.75917338661e-10, 7.23202442376e-10, 9.22488196942e-10, 5.6225119005e-10, 3.59379082049e-10, 5.17049181248e-10, 3.60303037406e-10, 2.08948761071e-10, 1.53132409531e-10, 1.71756567302e-10, 1.45339920654e-10, 9.12957556776e-11, 5.66422811432e-11, 4.10109932125e-11, 3.80868947492e-11, 8.79337574977e-11, 3.68387577387e-11, 4.02279945466e-11, 8.83657817058e-12, 6.85100934317e-12, 4.78220935074e-12]}, "mfcc": {"mean": [-675.69744873, 132.679504395, 14.5158958435, 29.8177127838, 0.369120270014, 11.6117210388, 3.32035636902, 10.2803592682, -0.207046881318, 8.08754825592, 2.37846779823, 5.86223363876, 2.06774163246], "cov": [[8100.99121094, -2076.70947266, 33.5993843079, 930.021362305, 129.883209229, 289.278289795, 17.2493743896, 137.952087402, 77.6002578735, 164.924346924, 38.0272140503, -58.6523857117, -50.1364364624], [-2076.70947266, 2628.33789062, -162.458740234, -268.225524902, 115.592987061, -146.493484497, -16.2083091736, -28.84116745, -12.0493602753, 0.264970511198, 22.1635036469, 56.1731376648, 19.507478714], [33.5993843079, -162.458740234, 819.552856445, 120.800300598, -56.1271591187, 63.052936554, 73.0459594727, 29.6916713715, 50.7673454285, 9.2680015564, -9.605509758, 6.61786651611, 46.6796798706], [930.021362305, -268.225524902, 120.800300598, 484.659210205, 40.3446884155, 127.80670929, 54.0271339417, 98.8138580322, 72.1176452637, 97.4060211182, 39.6913833618, 13.7142925262, 9.23143482208], [129.883209229, 115.592987061, -56.1271591187, 40.3446884155, 239.288146973, 25.5413169861, 15.284485817, 6.42439842224, 22.9084854126, 34.7369041443, 21.8298282623, 0.820381343365, -3.77054524422], [289.278289795, -146.493484497, 63.052936554, 127.80670929, 25.5413169861, 198.643661499, 82.4259033203, 63.527053833, 18.2003898621, 48.6621398926, 26.6401462555, 26.9511508942, 30.5895709991], [17.2493743896, -16.2083091736, 73.0459594727, 54.0271339417, 15.284485817, 82.4259033203, 163.391998291, 72.4090194702, 37.4719963074, 25.9552154541, 32.2731170654, 24.4215259552, 28.4524536133], [137.952087402, -28.84116745, 29.6916713715, 98.8138580322, 6.42439842224, 63.527053833, 72.4090194702, 157.01574707, 47.4798927307, 47.6774902344, 29.9575519562, 9.73075389862, 34.9625892639], [77.6002578735, -12.0493602753, 50.7673454285, 72.1176452637, 22.9084854126, 18.2003898621, 37.4719963074, 47.4798927307, 134.267364502, 50.1421394348, 36.8122138977, 1.41067588329, 1.08105242252], [164.924346924, 0.264970511198, 9.2680015564, 97.4060211182, 34.7369041443, 48.6621398926, 25.9552154541, 47.6774902344, 50.1421394348, 135.181900024, 47.2425041199, 28.4428806305, 21.135181427], [38.0272140503, 22.1635036469, -9.605509758, 39.6913833618, 21.8298282623, 26.6401462555, 32.2731170654, 29.9575519562, 36.8122138977, 47.2425041199, 92.2370834351, 31.8793945312, 10.9208936691], [-58.6523857117, 56.1731376648, 6.61786651611, 13.7142925262, 0.820381343365, 26.9511508942, 24.4215259552, 9.73075389862, 1.41067588329, 28.4428806305, 31.8793945312, 84.4667358398, 38.0874824524], [-50.1364364624, 19.507478714, 46.6796798706, 9.23143482208, -3.77054524422, 30.5895709991, 28.4524536133, 34.9625892639, 1.08105242252, 21.135181427, 10.9208936691, 38.0874824524, 93.1846008301]], "icov": [[0.000195266096853, 0.00012660693028, 4.49946091976e-05, -0.00031037357985, -0.000104739054223, -3.74787596229e-05, 7.42821503081e-05, 1.34610695568e-06, 6.42499217065e-05, -3.96915311285e-05, -2.61545869762e-06, 8.17915715743e-05, 4.67753743578e-05], [0.00012660693028, 0.000524537754245, 5.37446503586e-05, 2.76060836768e-05, -0.00032932360773, 0.000320242921589, -2.30539462791e-05, -0.000107977910375, 4.5089811465e-05, -0.00011755322339, -6.74209104545e-06, -0.000313986878609, 1.30198977786e-05], [4.49946091976e-05, 5.37446503586e-05, 0.00144207500853, -0.0004200655967, 0.000371471483959, -0.000138216972118, -0.000553394143935, 0.000453973800177, -0.000578202249017, 0.000181478666491, 0.000447828642791, 0.000235566287301, -0.000791994680185], [-0.00031037357985, 2.76060836768e-05, -0.0004200655967, 0.00365805672482, -0.00017430416483, -0.00124496023636, 0.000455494271591, -0.00124605954625, -0.000683154677972, -0.00120658567175, 6.8615328928e-05, -0.000365856074495, 0.000828421325423], [-0.000104739054223, -0.00032932360773, 0.000371471483959, -0.00017430416483, 0.00478126481175, -0.000584232795518, -0.000383579492336, 0.000717357150279, -0.000478399480926, -0.00077876431169, -0.000503194867633, 0.000772837200202, 2.26294946515e-06], [-3.74787596229e-05, 0.000320242921589, -0.000138216972118, -0.00124496023636, -0.000584232795518, 0.00817324314266, -0.00306210108101, -0.000810519850347, 0.0013400381431, -0.00116548582446, 5.68938739889e-05, -0.000975664472207, -0.000721308402717], [7.42821503081e-05, -2.30539462791e-05, -0.000553394143935, 0.000455494271591, -0.000383579492336, -0.00306210108101, 0.00975266750902, -0.00312029873021, -0.00131132884417, 0.00131128763314, -0.00139392423443, -0.00127430213615, -0.000138531511766], [1.34610695568e-06, -0.000107977910375, 0.000453973800177, -0.00124605954625, 0.000717357150279, -0.000810519850347, -0.00312029873021, 0.0103924218565, -0.00167080736719, -0.00118999590632, -0.000776428671088, 0.00242512230761, -0.00334296235815], [6.42499217065e-05, 4.5089811465e-05, -0.000578202249017, -0.000683154677972, -0.000478399480926, 0.0013400381431, -0.00131132884417, -0.00167080736719, 0.0104932328686, -0.00252895080484, -0.00261219264939, 0.00148510618601, 0.00110146251973], [-3.96915311285e-05, -0.00011755322339, 0.000181478666491, -0.00120658567175, -0.00077876431169, -0.00116548582446, 0.00131128763314, -0.00118999590632, -0.00252895080484, 0.011697194539, -0.00318724918179, -0.00184236792848, -0.00106807320844], [-2.61545869762e-06, -6.74209104545e-06, 0.000447828642791, 6.8615328928e-05, -0.000503194867633, 5.68938739889e-05, -0.00139392423443, -0.000776428671088, -0.00261219264939, -0.00318724918179, 0.0159800834954, -0.00511866668239, 0.00141931883991], [8.17915715743e-05, -0.000313986878609, 0.000235566287301, -0.000365856074495, 0.000772837200202, -0.000975664472207, -0.00127430213615, 0.00242512230761, 0.00148510618601, -0.00184236792848, -0.00511866668239, 0.0179949533194, -0.00649585947394], [4.67753743578e-05, 1.30198977786e-05, -0.000791994680185, 0.000828421325423, 2.26294946515e-06, -0.000721308402717, -0.000138531511766, -0.00334296235815, 0.00110146251973, -0.00106807320844, 0.00141931883991, -0.00649585947394, 0.0153201371431]]}, "spectral_contrast_coeffs": {"dmean": [0.0549587383866, 0.0487007535994, 0.0394245535135, 0.0305606685579, 0.021372621879, 0.0203548446298], "dmean2": [0.0910025089979, 0.0809467285872, 0.0641797930002, 0.049806676805, 0.0345385298133, 0.0306310448796], "dvar": [0.00230944436044, 0.00156308070291, 0.00103895692155, 0.000686272454914, 0.000323754473357, 0.000385673949495], "dvar2": [0.005909929052, 0.00414187740535, 0.00265451287851, 0.00170551426709, 0.000781964452472, 0.000929673318751], "max": [-0.292771071196, -0.466260552406, -0.482022672892, -0.476503908634, -0.584438562393, -0.553781330585], "mean": [-0.662075817585, -0.725917994976, -0.758367478848, -0.785315215588, -0.798879146576, -0.753915309906], "median": [-0.674445092678, -0.730718493462, -0.761857151985, -0.79115062952, -0.804998993874, -0.748130381107], "min": [-0.96197104454, -0.96410804987, -0.966839373112, -0.961685836315, -0.95645326376, -0.96396625042], "var": [0.00737030431628, 0.00452583981678, 0.00391106726602, 0.00295087625273, 0.0019043708453, 0.00263778259978]}, "spectral_contrast_valleys": {"dmean": [0.433836221695, 0.400687485933, 0.377777457237, 0.35039165616, 0.339074343443, 0.389438301325], "dmean2": [0.703567028046, 0.644547283649, 0.592477202415, 0.533496141434, 0.461511224508, 0.512990653515], "dvar": [0.176594153047, 0.178275182843, 0.163157269359, 0.169186547399, 0.194561600685, 0.26571136713], "dvar2": [0.381119728088, 0.364964812994, 0.3115414083, 0.306032478809, 0.318145871162, 0.497506797314], "max": [-4.95534276962, -4.59896087646, -5.14297056198, -5.65407419205, -5.06606006622, -7.71593809128], "mea