{"lowlevel": {"average_loudness": 0.851321935654, "barkbands_crest": {"dmean": 2.65418601036, "dmean2": 4.34996891022, "dvar": 9.0615901947, "dvar2": 23.3227901459, "max": 24.6516571045, "mean": 10.7292718887, "median": 9.91935443878, "min": 2.41781234741, "var": 18.5793895721}, "barkbands_flatness_db": {"dmean": 0.0282552633435, "dmean2": 0.0424234978855, "dvar": 0.000773688545451, "dvar2": 0.00181417178828, "max": 0.406429708004, "mean": 0.151221603155, "median": 0.14354544878, "min": 0.0235596634448, "var": 0.00319891120307}, "barkbands_kurtosis": {"dmean": 4.10478019714, "dmean2": 6.53547859192, "dvar": 72.0303039551, "dvar2": 184.383071899, "max": 136.943206787, "mean": 6.83585214615, "median": 4.64555025101, "min": -1.84640300274, "var": 94.0770797729}, "barkbands_skewness": {"dmean": 0.576053977013, "dmean2": 0.885729312897, "dvar": 0.491602867842, "dvar2": 1.13770163059, "max": 10.2230491638, "mean": 1.98451423645, "median": 1.89043068886, "min": -2.29320573807, "var": 1.35493898392}, "barkbands_spread": {"dmean": 5.96493196487, "dmean2": 8.98478984833, "dvar": 62.8372993469, "dvar2": 138.761322021, "max": 90.7048721313, "mean": 17.355594635, "median": 13.3751535416, "min": 1.06437182426, "var": 173.885025024}, "dissonance": {"dmean": 0.0241486374289, "dmean2": 0.0403960384429, "dvar": 0.000542260298971, "dvar2": 0.00147430715151, "max": 0.500000178814, "mean": 0.43918505311, "median": 0.445858865976, "min": 0.208800300956, "var": 0.00153823406436}, "dynamic_complexity": 5.11706876755, "erbbands_crest": {"dmean": 2.45850872993, "dmean2": 3.90372562408, "dvar": 7.2759180069, "dvar2": 17.8067245483, "max": 30.7875080109, "mean": 10.2968759537, "median": 9.26590156555, "min": 2.49537301064, "var": 23.4802265167}, "erbbands_flatness_db": {"dmean": 0.0237501319498, "dmean2": 0.0326008498669, "dvar": 0.000492612074595, "dvar2": 0.000989811611362, "max": 0.427150309086, "mean": 0.160067677498, "median": 0.148993089795, "min": 0.0448429957032, "var": 0.00381390051916}, "erbbands_kurtosis": {"dmean": 1.34654808044, "dmean2": 2.15630626678, "dvar": 4.1646270752, "dvar2": 10.7863006592, "max": 42.3912811279, "mean": 1.66638100147, "median": 0.953795909882, "min": -1.76705610752, "var": 8.99305057526}, "erbbands_skewness": {"dmean": 0.369729846716, "dmean2": 0.559178471565, "dvar": 0.141919225454, "dvar2": 0.319877177477, "max": 4.61177492142, "mean": 0.922293663025, "median": 0.927219212055, "min": -2.08539962769, "var": 0.569377601147}, "erbbands_spread": {"dmean": 9.0759601593, "dmean2": 13.9104776382, "dvar": 110.218330383, "dvar2": 247.492492676, "max": 146.277374268, "mean": 36.0468254089, "median": 33.0460586548, "min": 1.46976995468, "var": 400.739959717}, "hfc": {"dmean": 7.07243824005, "dmean2": 10.5785083771, "dvar": 189.253829956, "dvar2": 439.88104248, "max": 180.470825195, "mean": 12.6416978836, "median": 6.71998357773, "min": 2.56117431263e-07, "var": 287.348846436}, "melbands_crest": {"dmean": 3.12620139122, "dmean2": 4.98063993454, "dvar": 10.457233429, "dvar2": 26.1374187469, "max": 32.9319839478, "mean": 14.3868293762, "median": 13.3418188095, "min": 3.66391038895, "var": 28.4619426727}, "melbands_flatness_db": {"dmean": 0.0327663458884, "dmean2": 0.0488080978394, "dvar": 0.00109840545338, "dvar2": 0.00239079724997, "max": 0.45514652133, "mean": 0.216804474592, "median": 0.213152721524, "min": 0.0293331854045, "var": 0.00494194263592}, "melbands_kurtosis": {"dmean": 7.45949459076, "dmean2": 11.9411735535, "dvar": 196.655303955, "dvar2": 477.572937012, "max": 317.367675781, "mean": 15.5036735535, "median": 10.522023201, "min": -1.67953145504, "var": 385.366973877}, "melbands_skewness": {"dmean": 0.712675988674, "dmean2": 1.11691975594, "dvar": 0.663089990616, "dvar2": 1.52620244026, "max": 14.5681734085, "mean": 2.70512866974, "median": 2.46781635284, "min": -2.39042830467, "var": 2.36849975586}, "melbands_spread": {"dmean": 5.5231719017, "dmean2": 8.51154327393, "dvar": 90.2210617065, "dvar2": 205.370635986, "max": 204.359634399, "mean": 16.9283809662, "median": 12.3541679382, "min": 0.858128607273, "var": 282.792938232}, "pitch_salience": {"dmean": 0.0827670395374, "dmean2": 0.136957019567, "dvar": 0.00829068571329, "dvar2": 0.0226015727967, "max": 0.939684391022, "mean": 0.534507572651, "median": 0.547303915024, "min": 0.117486126721, "var": 0.0178261194378}, "silence_rate_20dB": {"dmean": 0, "dmean2": 0, "dvar": 0, "dvar2": 0, "max": 1, "mean": 1, "median": 1, "min": 1, "var": 0}, "silence_rate_30dB": {"dmean": 0.0618892498314, "dmean2": 0.123800903559, "dvar": 0.0580620281398, "dvar2": 0.112451627851, "max": 1, "mean": 0.932874977589, "median": 1, "min": 0, "var": 0.0626207888126}, "silence_rate_60dB": {"dmean": 0.0709373876452, "dmean2": 0.141719460487, "dvar": 0.0659078210592, "dvar2": 0.136473476887, "max": 1, "mean": 0.218020632863, "median": 0, "min": 0, "var": 0.170498788357}, "spectral_centroid": {"dmean": 218.572067261, "dmean2": 332.57220459, "dvar": 91081.59375, "dvar2": 179276.40625, "max": 10809.3242188, "mean": 1023.07501221, "median": 841.434387207, "min": 227.759292603, "var": 360211.09375}, "spectral_complexity": {"dmean": 3.11943531036, "dmean2": 4.63040733337, "dvar": 20.284992218, "dvar2": 37.0729866028, "max": 54, "mean": 11.8995838165, "median": 10, "min": 0, "var": 67.2560348511}, "spectral_decrease": {"dmean": 4.71577532579e-09, "dmean2": 7.52630402445e-09, "dvar": 1.64811528356e-16, "dvar2": 3.97827870161e-16, "max": -4.25291810017e-18, "mean": -6.77691680551e-09, "median": -3.05350766894e-09, "min": -1.05691235319e-07, "var": 1.66680877131e-16}, "spectral_energy": {"dmean": 0.0183287914842, "dmean2": 0.0291500035673, "dvar": 0.00241855578497, "dvar2": 0.00582561315969, "max": 0.402146309614, "mean": 0.0267242435366, "median": 0.0123758278787, "min": 3.92821643269e-11, "var": 0.00247292197309}, "spectral_energyband_high": {"dmean": 0.000354259420419, "dmean2": 0.000511123449542, "dvar": 3.36132586654e-07, "dvar2": 6.76158208535e-07, "max": 0.0123582109809, "mean": 0.000522350543179, "median": 0.000183961776202, "min": 1.62622918604e-11, "var": 7.63659841141e-07}, "spectral_energyband_low": {"dmean": 0.0128122065216, "dmean2": 0.0212300028652, "dvar": 0.00180718675256, "dvar2": 0.00459015229717, "max": 0.384881526232, "mean": 0.0135083859786, "median": 0.000552942277864, "min": 3.57255436172e-12, "var": 0.00154112989549}, "spectral_energyband_middle_high": {"dmean": 0.00133230502252, "dmean2": 0.00213351123966, "dvar": 2.13478906517e-05, "dvar2": 5.80095766054e-05, "max": 0.0925541222095, "mean": 0.00224480987526, "median": 0.00106033368502, "min": 4.4209115535e-12, "var": 1.82274216058e-05}, "spectral_energyband_middle_low": {"dmean": 0.00623988592997, "dmean2": 0.0104187838733, "dvar": 0.000289638905087, "dvar2": 0.000771424151026, "max": 0.17422118783, "mean": 0.0110695054755, "median": 0.00537978997454, "min": 1.53477265619e-11, "var": 0.00030625142972}, "spectral_entropy": {"dmean": 0.251363515854, "dmean2": 0.364915817976, "dvar": 0.0695377886295, "dvar2": 0.143676444888, "max": 9.80307292938, "mean": 7.4622130394, "median": 7.54009342194, "min": 5.4522228241, "var": 0.292898982763}, "spectral_flux": {"dmean": 0.0395945049822, "dmean2": 0.060670055449, "dvar": 0.00485931523144, "dvar2": 0.0100995479152, "max": 0.56114679575, "mean": 0.0727008953691, "median": 0.0409225299954, "min": 2.07670145755e-05, "var": 0.00817958824337}, "spectral_kurtosis": {"dmean": 2.14262604713, "dmean2": 3.36365318298, "dvar": 10.2673225403, "dvar2": 25.5907516479, "max": 60.9726676941, "mean": 5.40077066422, "median": 3.5117483139, "min": -1.20027828217, "var": 29.9781150818}, "spectral_rms": {"dmean": 0.00118726189248, "dmean2": 0.00175339076668, "dvar": 5.17752050655e-06, "dvar2": 1.08876802187e-05, "max": 0.0198075193912, "mean": 0.00401169108227, "median": 0.00347476312891, "min": 1.95765323951e-07, "var": 9.978864e-06}, "spectral_rolloff": {"dmean": 516.119995117, "dmean2": 849.551025391, "dvar": 1516397.125, "dvar2": 3430616.75, "max": 19444.4824219, "mean": 1308.58508301, "median": 732.12890625, "min": 86.1328125, "var": 3409734.25}, "spectral_skewness": {"dmean": 0.300799906254, "dmean2": 0.467724621296, "dvar": 0.116031698883, "dvar2": 0.268232524395, "max": 6.40947198868, "mean": 1.80128574371, "median": 1.64101183414, "min": 0.0462983474135, "var": 0.491109341383}, "spectral_spread": {"dmean": 969916.75, "dmean2": 1336342.75, "dvar": 1383774027780.0, "dvar2": 2472984444930.0, "max": 41116736, "mean": 5411142, "median": 5248821, "min": 1012514.3125, "var": 3656055259140.0}, "spectral_strongpeak": {"dmean": 0.319417625666, "dmean2": 0.549997150898, "dvar": 0.275328874588, "dvar2": 0.717041552067, "max": 7.95721006393, "mean": 0.717783153057, "median": 0.49587443471, "min": 2.48321589424e-06, "var": 0.4815941751}, "zerocrossingrate": {"dmean": 0.0142765268683, "dmean2": 0.0167292673141, "dvar": 0.000288481707685, "dvar2": 0.000370777357602, "max": 0.4638671875, "mean": 0.060432292521, "median": 0.04736328125, "min": 0.00390625, "var": 0.00200864160433}, "barkbands": {"dmean": [0.000372968293959, 0.0116341365501, 0.00165365834255, 0.00104136031587, 0.00279478891753, 0.00084352819249, 0.000893794640433, 0.000575070385821, 0.00116139894817, 0.000374570896383, 0.000213626233744, 0.000240373468841, 0.000240537818172, 0.000215811509406, 0.000124595942907, 8.71283991728e-05, 0.000106249754026, 7.17422517482e-05, 6.55638723401e-05, 5.57967432542e-05, 5.67560382478e-05, 7.16938229743e-05, 5.95604651608e-05, 5.77862410864e-05, 5.73261095269e-05, 4.787225771e-05, 1.63740387507e-05], "dmean2": [0.000600190716796, 0.0199911184609, 0.00289984070696, 0.00186368834693, 0.0047596776858, 0.00139699503779, 0.00145033374429, 0.000917026482057, 0.00194715941325, 0.000607535475865, 0.000351940310793, 0.000411102198996, 0.000372016482288, 0.00037424423499, 0.000217344873818, 0.000146737365867, 0.000163816235727, 0.000121486998978, 0.000108557309431, 9.02547762962e-05, 9.21831378946e-05, 0.000111210152681, 8.72739838087e-05, 8.82984750206e-05, 8.76701524248e-05, 7.71629056544e-05, 2.6238949431e-05], "dvar": [1.66780512245e-06, 0.00166964915115, 2.20054753299e-05, 9.71968802332e-06, 9.61702899076e-05, 4.60274941361e-06, 6.39173049422e-06, 2.97164160656e-06, 1.94590375031e-05, 7.05890045083e-07, 3.20838807966e-07, 1.31638785206e-06, 5.71123280224e-07, 1.47327853028e-06, 3.33910804784e-07, 1.50392509113e-07, 7.79207098844e-08, 4.14352712141e-08, 2.29863985624e-08, 1.75334271546e-08, 1.6418290727e-08, 2.08793036194e-08, 1.16305507447e-08, 1.18554996931e-08, 1.299197816e-08, 7.93055132675e-09, 9.90013626634e-10], "dvar2": [4.0827662815e-06, 0.00440866500139, 6.24500244157e-05, 2.80698932329e-05, 0.000259145133896, 1.19403985082e-05, 1.65758701769e-05, 6.91440936862e-06, 5.11129292136e-05, 1.83009944976e-06, 8.69553446137e-07, 3.71814758182e-06, 1.49536731442e-06, 4.10558641306e-06, 9.54247411755e-07, 4.23220086532e-07, 1.79508248266e-07, 1.10926357877e-07, 5.9519777551e-08, 4.38071232622e-08, 4.2794969346e-08, 5.00305432638e-08, 2.23212559547e-08, 2.63169432912e-08, 3.03532736723e-08, 1.87742141833e-08, 2.25404916954e-09], "max": [0.0147179327905, 0.357600092888, 0.0584788843989, 0.0334604084492, 0.104851394892, 0.0366299152374, 0.0640499442816, 0.0439586602151, 0.105162620544, 0.0106364106759, 0.0114339450374, 0.0240875557065, 0.0146835232154, 0.024047575891, 0.0115296822041, 0.0116920191795, 0.00365903228521, 0.00608867267147, 0.00225600134581, 0.00437464378774, 0.0037481309846, 0.0050274822861, 0.00133492785972, 0.0014311830746, 0.00115642126184, 0.001078795176, 0.000307518086629], "mean": [0.000307538110064, 0.0104952994734, 0.0022599727381, 0.00108420907054, 0.00301014748402, 0.00209081312642, 0.00175231602043, 0.00135377713013, 0.00140399707016, 0.000680707860738, 0.000312133372063, 0.000277255021501, 0.00034501121263, 0.000205278847716, 0.000141190685099, 9.72647758317e-05, 0.00014941583504, 8.9638728241e-05, 9.93402500171e-05, 9.21850732993e-05, 9.18448786251e-05, 0.00010939463391, 8.53462188388e-05, 7.40933319321e-05, 5.9888810938e-05, 4.23555393354e-05, 1.38684945341e-05], "median": [1.25084079627e-06, 8.73326789588e-05, 0.00011420690862, 0.000153983972268, 0.000527183467057, 0.000621668645181, 0.000601244275458, 0.000459504779428, 0.000479100708617, 0.000224948875257, 8.48771887831e-05, 7.24947603885e-05, 7.570283924e-05, 3.54472722393e-05, 3.8056212361e-05, 2.34210147028e-05, 3.80550227419e-05, 2.26440497499e-05, 2.82705241261e-05, 2.42772730417e-05, 2.94932615361e-05, 3.7396523112e-05, 2.60469023488e-05, 1.7832575395e-05, 1.41281889228e-05, 4.61304534838e-06, 9.94416041067e-07], "min": [6.39242754867e-14, 5.19179154963e-13, 1.49295896826e-12, 2.73685935026e-12, 3.45544404722e-12, 2.98571670859e-12, 4.66759053283e-12, 4.72373930336e-13, 9.67585712074e-13, 2.22789167214e-13, 2.78618220075e-13, 3.80345142317e-13, 2.2188862889e-13, 6.82394678958e-13, 2.30482408332e-13, 8.79972743978e-13, 2.95394920547e-13, 2.06748260547e-13, 5.71917133877e-13, 8.95742572997e-13, 1.07509194689e-12, 9.5308613432e-13, 1.27074024046e-12, 1.51146619092e-12, 1.40104909011e-12, 1.97998800515e-12, 7.66635626509e-12], "var": [1.46307831983e-06, 0.00126239540987, 2.17209235416e-05, 7.42579368307e-06, 7.5700947491e-05, 1.62316500791e-05, 1.1098518371e-05, 8.22124366096e-06, 1.58371240104e-05, 1.30729813463e-06, 3.66500586324e-07, 8.7447574515e-07, 7.05070362983e-07, 9.71712097453e-07, 2.18645325845e-07, 1.02235787836e-07, 1.17806294497e-07, 4.08006783914e-08, 3.48827313701e-08, 3.79235345349e-08, 3.17505666203e-08, 4.20264676393e-08, 2.51288980735e-08, 1.93555091954e-08, 1.48888865681e-08, 8.33433233538e-09, 9.68842117643e-10]}, "erbbands": {"dmean": [0.345134973526, 2.56079244614, 2.55474424362, 2.37895655632, 8.20834636688, 8.76190280914, 6.21914577484, 7.34085607529, 10.7679567337, 14.0050058365, 13.6888246536, 32.6460609436, 14.7245311737, 8.15776729584, 9.2081413269, 10.3592643738, 11.3777589798, 11.4635658264, 8.26639842987, 5.38454246521, 5.07952022552, 5.34005260468, 3.93547821045, 3.58332443237, 2.96779084206, 2.60273098946, 2.28352093697, 2.45939922333, 2.61179423332, 2.24949502945, 1.64393091202, 1.30965614319, 0.92812114954, 0.656377136707, 0.411041527987, 0.182597488165, 0.094604216516, 0.0258657597005, 0.00244917185046, 0.000132114611915], "dmean2": [0.593712329865, 4.4284954071, 4.33025169373, 4.1898317337, 14.3057565689, 15.2350435257, 10.1101102829, 12.2219285965, 17.3388595581, 23.3226299286, 21.5535087585, 54.3836975098, 24.5405006409, 13.0261354446, 15.369134903, 17.5426139832, 17.6108207703, 19.5179786682, 14.2153959274, 9.47316169739, 8.06477165222, 8.48369312286, 6.58803033829, 5.99072170258, 4.75264453888, 4.21340894699, 3.63645887375, 4.12122297287, 4.07446861267, 3.44143033028, 2.38555836678, 2.00779390335, 1.43246567249, 1.00596606731, 0.641017854214, 0.293325304985, 0.153102278709, 0.0416343435645, 0.00390590238385, 0.000208131110412], "dvar": [1.52943468094, 80.7370071411, 58.140625, 46.7235183716, 811.197509766, 1023.72509766, 255.915985107, 343.886138916, 678.121887207, 1860.67919922, 2529.40966797, 16117.2148438, 1413.58447266, 402.316741943, 892.05480957, 2188.10668945, 1364.30334473, 3378.10864258, 1839.90393066, 576.449523926, 377.009033203, 191.239349365, 119.661857605, 77.5061721802, 48.0431365967, 33.6353683472, 33.1414680481, 28.9938735962, 28.2381210327, 16.8385543823, 9.3793554306, 5.99871063232, 3.81455588341, 1.63888311386, 0.713806331158, 0.130001559854, 0.0331652127206, 0.00258349929936, 2.10670641536e-05, 5.29181960474e-08], "dvar2": [4.03327703476, 215.431091309, 157.271560669, 132.953338623, 2222.4934082, 2790.41064453, 641.923461914, 889.58416748, 1698.47607422, 4916.42724609, 5907.92480469, 42489.9921875, 3730.06054688, 997.882263184, 2484.08422852, 6178.29443359, 3641.83569336, 9434.12011719, 5176.74511719, 1650.57055664, 1003.17675781, 443.384796143, 314.072906494, 200.731033325, 119.61681366, 83.9780578613, 85.5843353271, 78.6523742676, 68.2737197876, 39.1163749695, 17.4749221802, 13.5992269516, 8.93301010132, 3.71141004562, 1.70826411247, 0.318247258663, 0.0803202316165, 0.00607231538743, 4.75010820082e-05, 1.19869653759e-07], "max": [10.6951160431, 82.6400146484, 77.977142334, 67.4989395142, 355.800933838, 318.033294678, 227.923034668, 280.047058105, 610.081176758, 903.209899902, 1451.55944824, 2974.59765625, 802.853637695, 349.830871582, 682.250976562, 1049.63464355, 674.546142578, 1179.44970703, 728.480712891, 721.645629883, 545.963562012, 202.527008057, 305.852966309, 161.685409546, 154.699172974, 180.366760254, 130.385803223, 175.088027954, 172.17326355, 87.3260192871, 39.9260978699, 25.2639255524, 35.4678688049, 14.709733963, 8.82561302185, 4.21516466141, 2.86345076561, 0.446624606848, 0.0494990348816, 0.00276095978916], "mean": [0.267112404108, 2.41565728188, 3.41350245476, 3.00981998444, 7.6967420578, 9.65828704834, 10.4321346283, 18.7119674683, 26.3829841614, 24.7612800598, 30.9890346527, 41.3574142456, 24.3426170349, 14.6991558075, 13.40417099, 13.3086156845, 16.3643074036, 12.5066041946, 9.0387802124, 5.82343578339, 6.34656238556, 7.46742200851, 5.07089138031, 5.30517911911, 4.69252347946, 4.30173206329, 3.76048374176, 3.74405431747, 3.93689227104, 3.26574516296, 2.34019732475, 1.70140707493, 1.14000177383, 0.725425481796, 0.411660969257, 0.165896803141, 0.0827106311917, 0.0219865199178, 0.00211210828274, 0.00013122841483], "median": [0.00280004856177, 0.0245725531131, 0.13739554584, 0.528158187866, 1.02480018139, 1.65410530567, 3.0295753479, 5.60918426514, 8.87267589569, 8.74282360077, 10.010892868, 14.8957290649, 9.44955539703, 4.91535949707, 4.08020114899, 4.08511304855, 4.24879741669, 3.0843667984, 2.34616875648, 1.72990489006, 1.66045629978, 1.85129165649, 1.45672309399, 1.36758208275, 1.42599654198, 1.25130689144, 1.24885189533, 1.14670443535, 1.24868667126, 1.02497339249, 0.700023770332, 0.376736074686, 0.284587651491, 0.173694044352, 0.0877495482564, 0.0268473308533, 0.00750839244574, 0.00154014979489, 0.000184904260095, 3.20345207001e-05], "min": [5.9349404731e-12, 1.90442231429e-10, 1.41488243344e-09, 6.17373263623e-09, 1.25329080447e-08, 1.02357811116e-08, 8.45124947801e-09, 3.22482591741e-08, 6.87275729661e-08, 4.05459381625e-08, 1.19676535348e-08, 2.07352517378e-08, 1.03765893655e-08, 7.12310077589e-09, 1.64413869186e-08, 1.33322997087e-08, 9.10233133311e-09, 2.42728930289e-08, 2.79227840849e-08, 1.91546014605e-08, 5.05582704591e-08, 1.89914679538e-08, 1.11849622897e-08, 2.01468974836e-08, 3.79500875169e-08, 4.2400166933e-08, 4.68810021914e-08, 3.18229957941e-08, 3.54753737497e-08, 3.75604649605e-08, 3.17350625778e-08, 2.75031748487e-08, 2.83712786597e-08, 1.74412448928e-08, 1.02812203195e-08, 6.88289558681e-09, 4.04437550117e-09, 1.1487234497e-09, 5.01567454236e-10, 1.33232494481e-10], "var": [1.11277830601, 60.9067077637, 55.6641197205, 43.3563957214, 601.374328613, 796.64263916, 404.433868408, 1277.57580566, 2315.42456055, 2372.81298828, 6128.86914062, 13156.9619141, 1879.09765625, 775.878417969, 789.606628418, 1525.04016113, 1514.3359375, 2295.42016602, 1200.56958008, 362.626983643, 319.821594238, 287.776763916, 123.728515625, 111.775794983, 76.7052459717, 69.2262420654, 59.5019569397, 53.1464271545, 55.6907920837, 35.1283721924, 19.6703968048, 9.83094215393, 5.29618501663, 2.09785509109, 0.755994737148, 0.128387883306, 0.0340071879327, 0.00246409652755, 2.0989236873e-05, 5.55805819147e-08]}, "gfcc": {"mean": [-50.1251068115, 78.1287994385, -105.915245056, 4.23874473572, -76.5791320801, 2.34711718559, -39.2680854797, 2.72657632828, -22.9338226318, 0.717459261417, -17.1931152344, -2.41985321045, -13.7652788162], "cov": [[13813.8183594, -511.81149292, 1075.54272461, 1454.59472656, 499.982940674, 675.817077637, 911.127868652, 596.609924316, 483.997772217, 630.520690918, 66.0167312622, 471.719512939, -187.358810425], [-511.81149292, 1977.6751709, 21.7516460419, 86.0447158813, 396.140441895, 101.437667847, 172.409072876, 95.8787231445, 140.163101196, -2.00818824768, 158.063964844, -24.2928142548, 120.753288269], [1075.54272461, 21.7516460419, 1243.43359375, 557.47467041, 552.537658691, 434.964538574, 352.467773438, 269.88885498, 181.518371582, 152.999984741, 16.7115001678, 107.249572754, -52.4827003479], [1454.59472656, 86.0447158813, 557.47467041, 807.766723633, 334.624420166, 286.583282471, 262.101318359, 217.236679077, 139.780929565, 120.048194885, 50.4706611633, 51.9352340698, -38.6492767334], [499.982940674, 396.140441895, 552.537658691, 334.624420166, 542.178771973, 267.802825928, 232.894699097, 151.001663208, 141.21875, 90.7805252075, 52.8139801025, 55.2548675537, -8.71031188965], [675.817077637, 101.437667847, 434.964538574, 286.583282471, 267.802825928, 366.092346191, 230.109863281, 176.70664978, 95.27784729, 84.3234176636, 21.8717746735, 40.8880310059, -23.19780159], [911.127868652, 172.409072876, 352.467773438, 262.101318359, 232.894699097, 230.109863281, 327.796661377, 169.607284546, 125.898841858, 89.1015090942, 36.8858985901, 44.2907562256, -12.1605758667], [596.609924316, 95.8787231445, 269.88885498, 217.236679077, 151.001663208, 176.70664978, 169.607284546, 217.906356812, 122.927330017, 78.0723495483, 32.2085609436, 29.6793022156, -13.4671068192], [483.997772217, 140.163101196, 181.518371582, 139.780929565, 141.21875, 95.27784729, 125.898841858, 122.927330017, 165.683639526, 98.2282943726, 43.2104644775, 26.1918907166, -3.44743418694], [630.520690918, -2.00818824768, 152.999984741, 120.048194885, 90.7805252075, 84.3234176636, 89.1015090942, 78.0723495483, 98.2282943726, 130.444213867, 54.0494689941, 37.1970787048, -16.4231910706], [66.0167312622, 158.063964844, 16.7115001678, 50.4706611633, 52.8139801025, 21.8717746735, 36.8858985901, 32.2085609436, 43.2104644775, 54.0494689941, 94.0135498047, 33.3047790527, 9.9278087616], [471.719512939, -24.2928142548, 107.249572754, 51.9352340698, 55.2548675537, 40.8880310059, 44.2907562256, 29.6793022156, 26.1918907166, 37.1970787048, 33.3047790527, 89.3746337891, 24.609708786], [-187.358810425, 120.753288269, -52.4827003479, -38.6492767334, -8.71031188965, -23.19780159, -12.1605758667, -13.4671068192, -3.44743418694, -16.4231910706, 9.9278087616, 24.609708786, 78.5350341797]], "icov": [[0.000165223929798, -7.2175047535e-05, 0.000156426380272, -0.000234604551224, 0.000115551672934, 7.22705372027e-05, -0.000284400070086, -3.66906278941e-05, 9.92414570646e-05, -0.00071728619514, 0.000840420194436, -0.0010949174175, 0.000569279771298], [-7.2175047535e-05, 0.00105648755562, 0.000137038325192, 0.000224167772103, -0.000967074302025, -3.13315576932e-05, -0.000193856525584, -2.55504291999e-05, -0.000644151994493, 0.00147912860848, -0.00231529842131, 0.0020233897958, -0.00180595321581], [0.000156426380272, 0.000137038325192, 0.00241978163831, -0.000607428082731, -0.00146073906217, -0.000643589708488, -0.000459145870991, -0.000627916830126, 0.000240649955231, -0.00116112572141, 0.0022195361089, -0.00245178048499, 0.00120519078337], [-0.000234604551224, 0.000224167772103, -0.000607428082731, 0.00250174477696, -0.000668053457048, -0.000306651345454, -2.045056317e-05, -0.000860686472151, 0.000166974816239, 0.000748141494114, -0.00181617215276, 0.001904742443, -0.000598043261562], [0.000115551672934, -0.000967074302025, -0.00146073906217, -0.000668053457048, 0.0054448149167, -0.00145487522241, -0.000475597014884, 0.00164027872961, -0.0019363227766, 0.000250370474532, 0.000294507102808, -0.00175073021092, 0.0013181862887], [7.22705372027e-05, -3.13315576932e-05, -0.000643589708488, -0.000306651345454, -0.00145487522241, 0.00749349268153, -0.00242057442665, -0.00332556851208, 0.00303713860922, -0.00226833554916, 0.00139597710222, -0.000211857419345, 0.000295476900646], [-0.000284400070086, -0.000193856525584, -0.000459145870991, -2.045056317e-05, -0.000475597014884, -0.00242057442665, 0.0077396905981, -0.00157017656602, -0.00188632798381, 0.00103437167127, -0.000981598393992, 0.000725922000129, -0.000505759264342], [-3.66906278941e-05, -2.55504291999e-05, -0.000627916830126, -0.000860686472151, 0.00164027872961, -0.00332556851208, -0.00157017656602, 0.0124794570729, -0.0069201416336, 0.0020878536161, -0.00126312323846, 8.14282902866e-05, 0.000472009705845], [9.92414570646e-05, -0.000644151994493, 0.000240649955231, 0.000166974816239, -0.0019363227766, 0.00303713860922, -0.00188632798381, -0.0069201416336, 0.0182497911155, -0.0112127149478, 0.00229420419782, 0.000808413082268, -0.00141323357821], [-0.00071728619514, 0.00147912860848, -0.00116112572141, 0.000748141494114, 0.000250370474532, -0.00226833554916, 0.00103437167127, 0.0020878536161, -0.0112127149478, 0.0242663826793, -0.0126868700609, 0.00249326485209, 0.000887546979357], [0.000840420194436, -0.00231529842131, 0.0022195361089, -0.00181617215276, 0.000294507102808, 0.00139597710222, -0.000981598393992, -0.00126312323846, 0.00229420419782, -0.0126868700609, 0.0250607728958, -0.0125415036455, 0.00444043101743], [-0.0010949174175, 0.0020233897958, -0.00245178048499, 0.001904742443, -0.00175073021092, -0.000211857419345, 0.000725922000129, 8.14282902866e-05, 0.000808413082268, 0.00249326485209, -0.0125415036455, 0.0270976182073, -0.012903704308], [0.000569279771298, -0.00180595321581, 0.00120519078337, -0.000598043261562, 0.0013181862887, 0.000295476900646, -0.000505759264342, 0.000472009705845, -0.00141323357821, 0.000887546979357, 0.00444043101743, -0.012903704308, 0.0212209951133]]}, "melbands": {"dmean": [0.00322623946704, 0.00203552702442, 0.000555060163606, 0.00069163023727, 0.000232906051679, 0.000164616794791, 0.000170378974872, 0.000142155884532, 0.000116595940199, 0.000202927578357, 6.73913382343e-05, 3.31694354827e-05, 3.07248810714e-05, 2.77112303593e-05, 2.31925896514e-05, 2.60676915786e-05, 2.19728390221e-05, 1.42145336213e-05, 8.04093360784e-06, 6.9349266596e-06, 6.28392581348e-06, 6.34587513559e-06, 4.14194255427e-06, 3.42503881257e-06, 3.05679441226e-06, 2.28455928664e-06, 2.11551332541e-06, 1.74749482085e-06, 1.51741051013e-06, 1.45272736063e-06, 1.55659006396e-06, 1.54467227276e-06, 1.4496406493e-06, 1.22507833566e-06, 1.02171611616e-06, 8.99539827515e-07, 7.66702385135e-07, 6.79390723235e-07, 5.63812989185e-07, 5.5970667745e-07], "dmean2": [0.00550506915897, 0.00345094595104, 0.000979491509497, 0.00119538535364, 0.0003827054461, 0.000271865719697, 0.000274141755654, 0.000236663327087, 0.000186685865629, 0.000338199519319, 0.000113373425847, 5.30209326826e-05, 5.07311087858e-05, 4.73983527627e-05, 3.84277918783e-05, 3.96579198423e-05, 3.81314494007e-05, 2.45666724368e-05, 1.4243590158e-05, 1.19640117191e-05, 9.83942936728e-06, 9.8582222563e-06, 7.17078864909e-06, 5.66319022255e-06, 5.17367925568e-06, 3.69742042494e-06, 3.42218959304e-06, 2.87736997961e-06, 2.45263549914e-06, 2.37027074945e-06, 2.68489156952e-06, 2.48079072662e-06, 2.19697676584e-06, 1.92355673789e-06, 1.49159859575e-06, 1.37701863423e-06, 1.17661295462e-06, 1.04518846911e-06, 8.88446834324e-07, 8.6645633246e-07], "dvar": [0.000129978870973, 4.34900866821e-05, 2.84597717837e-06, 6.57474492982e-06, 3.96508141876e-07, 1.68712020354e-07, 1.81498435836e-07, 1.69183408616e-07, 1.98043736077e-07, 6.36029312773e-07, 2.88260295633e-08, 7.18847292802e-09, 7.65533236802e-09, 1.82856485509e-08, 8.48528536324e-09, 6.74849598425e-09, 1.41761180572e-08, 5.77809711189e-09, 1.48004630773e-09, 9.23106535655e-10, 4.93258822676e-10, 3.04668595907e-10, 1.1800885269e-10, 1.03611626223e-10, 5.60434303132e-11, 2.63936927869e-11, 2.95087947133e-11, 1.46415848196e-11, 1.62535627318e-11, 1.1556759022e-11, 1.39797088836e-11, 9.66890716797e-12, 1.05860745517e-11, 4.92387597709e-12, 4.26527389796e-12, 3.0667094298e-12, 1.98194217114e-12, 2.15999787501e-12, 1.43160038945e-12, 1.28044038046e-12], "dvar2": [0.000341486738762, 0.000114549715363, 8.06074967841e-06, 1.78719419637e-05, 1.02423143744e-06, 4.31081105035e-07, 4.60083754206e-07, 4.4596916382e-07, 4.72910642202e-07, 1.67415350916e-06, 7.73846693392e-08, 1.77527521572e-08, 2.09760013803e-08, 5.18245393266e-08, 2.35731167919e-08, 1.71186904652e-08, 3.94485866195e-08, 1.62462914233e-08, 4.23239043812e-09, 2.63246935361e-09, 1.25269616902e-09, 6.99326097031e-10, 3.22081611381e-10, 2.74820582957e-10, 1.46851197869e-10, 6.58191764979e-11, 7.26977852916e-11, 3.8454826129e-11, 4.30088013814e-11, 2.87843238828e-11, 4.00625400909e-11, 2.46388656006e-11, 2.52430923386e-11, 1.14456014111e-11, 8.29921981832e-12, 7.05508047816e-12, 4.42527047992e-12, 5.05456744168e-12, 3.47825522724e-12, 2.95935541697e-12], "max": [0.0986547246575, 0.0639949589968, 0.0175716280937, 0.028407080099, 0.00889806635678, 0.00710096489638, 0.00985486991704, 0.00808302406222, 0.0133598102257, 0.0193326845765, 0.00303896027617, 0.00156017055269, 0.00193570414558, 0.00277615571395, 0.00219505350105, 0.00169029587414, 0.00243183458224, 0.00132714619394, 0.0010037405882, 0.000898966565728, 0.000569143681787, 0.000259678257862, 0.000240030378336, 0.00036765637924, 0.000124334081193, 8.82321255631e-05, 0.000171185180079, 0.000102907004475, 9.6030489658e-05, 8.14070808701e-05, 0.000123292193166, 8.2186961663e-05, 0.00012407398026, 3.45680600731e-05, 3.14278440783e-05, 1.81843515747e-05, 1.69467293745e-05, 2.57353367488e-05, 2.0541196136e-05, 1.10536184366e-05], "mean": [0.0027249455452, 0.00238881260157, 0.000657405180391, 0.000669674249366, 0.000384276441764, 0.000426712475019, 0.000400525925215, 0.000261680193944, 0.000242164693191, 0.00025051162811, 0.000111322427983, 5.79428306082e-05, 4.48750870419e-05, 3.42829262081e-05, 2.8783297239e-05, 3.81492900488e-05, 2.16024764086e-05, 1.47417722474e-05, 8.83945631358e-06, 7.51835887058e-06, 7.78374669608e-06, 8.67424205353e-06, 4.9851746553e-06, 4.40000985691e-06, 4.34385719927e-06, 3.40654378306e-06, 3.32569516104e-06, 2.7092792152e-06, 2.37568519879e-06, 2.18960053644e-06, 2.19526555156e-06, 2.19552384806e-06, 2.12473469219e-06, 1.69132852079e-06, 1.42137901094e-06, 1.12946963782e-06, 9.77691115622e-07, 8.31997056139e-07, 6.3324966959e-07, 6.05050217928e-07], "median": [2.29922043218e-05, 5.95435412833e-05, 0.000113927308121, 0.000100929377368, 0.000108656051452, 0.00012333173072, 0.000133200563141, 9.58732780418e-05, 7.62399067753e-05, 8.3448649093e-05, 3.88762528019e-05, 1.66347090271e-05, 1.22573728731e-05, 1.13508440336e-05, 8.83110897121e-06, 7.95055075287e-06, 4.19426305598e-06, 3.54636949851e-06, 2.41300017478e-06, 1.95596862795e-06, 1.77944400548e-06, 2.01219859264e-06, 1.27343298573e-06, 1.0955967582e-06, 1.00784836832e-06, 1.01751572856e-06, 8.16631313683e-07, 8.10600738532e-07, 7.37302855214e-07, 6.57953421523e-07, 6.69816358823e-07, 6.66884375278e-07, 6.49790820262e-07, 4.92286403642e-07, 4.15559185285e-07, 2.49626907589e-07, 2.13416484485e-07, 2.12385614873e-07, 1.38820936968e-07, 1.39167738666e-07], "min": [1.22683493139e-13, 5.79534738341e-13, 1.26552598696e-12, 8.83983695705e-13, 3.03099911706e-13, 7.2867374027e-13, 1.02371550906e-12, 3.49522440071e-13, 1.04919911192e-13, 1.27973288433e-13, 4.77549010264e-14, 2.76339840361e-14, 4.5164193159e-14, 4.98505621819e-14, 1.95120663198e-14, 2.53690433461e-14, 4.98252121799e-14, 5.43297198408e-14, 1.89730552097e-14, 3.73122214549e-14, 6.38767264451e-14, 2.16274887539e-14, 7.46682412894e-15, 1.07996217966e-14, 1.66721630533e-14, 1.91869056179e-14, 3.66202565234e-14, 2.56197498519e-14, 2.98079804925e-14, 2.52620393679e-14, 1.64041516644e-14, 1.90427389162e-14, 1.90382716645e-14, 2.22900192905e-14, 1.52845892545e-14, 2.34148316106e-14, 1.46103866039e-14, 2.13959794028e-14, 1.45951891388e-14, 1.54105057843e-14], "var": [9.74340655375e-05, 3.74740811822e-05, 2.31285798691e-06, 4.8353076636e-06, 5.53881648102e-07, 7.10836616236e-07, 5.34819946552e-07, 2.38319856294e-07, 4.03402225402e-07, 5.17370096986e-07, 3.99251440797e-08, 1.43260798779e-08, 8.12114375748e-09, 1.19551435418e-08, 6.36397023968e-09, 9.81788872423e-09, 9.5899341801e-09, 3.70718167275e-09, 9.41251854236e-10, 5.98143368169e-10, 4.82843653948e-10, 4.44949355138e-10, 1.16580634035e-10, 1.0229989772e-10, 8.14838405083e-11, 3.89917369226e-11, 5.48944709133e-11, 2.62671776691e-11, 2.6931158692e-11, 2.06534633146e-11, 2.02835161861e-11, 1.66726805972e-11, 2.02200148985e-11, 9.36132248108e-12, 8.01523084015e-12, 4.71933126259e-12, 3.32135404249e-12, 2.96717793564e-12, 1.68304205208e-12, 1.54242558396e-12]}, "mfcc": {"mean": [-697.570495605, 118.303916931, 11.8588619232, 3.40115332603, -14.8604078293, -6.43159103394, -11.1319551468, -4.62283992767, -5.43013238907, -3.04528522491, -1.15921461582, -2.05394601822, -4.27434158325], "cov": [[10128.0429688, 2.7116458416, 692.447631836, 951.768432617, 357.651947021, 561.18963623, 383.539978027, 543.522277832, 386.986877441, 475.21307373, 443.175811768, 353.112030029, 322.573791504], [2.7116458416, 1715.16723633, -41.0605926514, 20.8219070435, 188.247344971, 70.9464263916, 123.5520401, 96.7918014526, 97.524772644, 60.8123092651, 48.3719406128, 92.8945465088, 44.0228729248], [692.447631836, -41.0605926514, 680.863647461, 359.227935791, 291.438842773, 287.550994873, 252.279205322, 247.035125732, 206.398483276, 178.7943573, 152.00112915, 94.4909896851, 116.940971375], [951.768432617, 20.8219070435, 359.227935791, 559.257873535, 275.03036499, 243.816665649, 205.699081421, 188.896087646, 147.414840698, 180.737350464, 132.579360962, 87.6114807129, 85.4132080078], [357.651947021, 188.247344971, 291.438842773, 275.03036499, 392.565460205, 231.021484375, 177.709289551, 164.888259888, 132.316833496, 134.635818481, 104.134796143, 79.4683761597, 83.7523574829], [561.18963623, 70.9464263916, 287.550994873, 243.816665649, 231.021484375, 310.930725098, 213.44519043, 178.366256714, 140.858154297, 122.569396973, 108.23425293, 76.1312179565, 85.9685897827], [383.539978027, 123.5520401, 252.279205322, 205.699081421, 177.709289551, 213.44519043, 259.940551758, 196.933181763, 130.584396362, 118.874763489, 96.67943573, 80.3214569092, 67.6505126953], [543.522277832, 96.7918014526, 247.035125732, 188.896087646, 164.888259888, 178.366256714, 196.933181763, 231.205444336, 159.494262695, 124.882270813, 97.7733001709, 76.9547271729, 77.9203338623], [386.986877441, 97.524772644, 206.398483276, 147.414840698, 132.316833496, 140.858154297, 130.584396362, 159.494262695, 182.937927246, 128.091140747, 89.8776626587, 60.641166687, 67.3570327759], [475.21307373, 60.8123092651, 178.7943573, 180.737350464, 134.635818481, 122.569396973, 118.874763489, 124.882270813, 128.091140747, 193.247756958, 133.204696655, 66.4068069458, 46.4729003906], [443.175811768, 48.3719406128, 152.00112915, 132.579360962, 104.134796143, 108.23425293, 96.67943573, 97.7733001709, 89.8776626587, 133.204696655, 160.425750732, 90.2170333862, 45.6390304565], [353.112030029, 92.8945465088, 94.4909896851, 87.6114807129, 79.4683761597, 76.1312179565, 80.3214569092, 76.9547271729, 60.641166687, 66.4068069458, 90.2170333862, 121.132011414, 67.4370956421], [322.573791504, 44.0228729248, 116.940971375, 85.4132080078, 83.7523574829, 85.9685897827, 67.6505126953, 77.9203338623, 67.3570327759, 46.4729003906, 45.6390304565, 67.4370956421, 141.740936279]], "icov": [[0.000138764546136, -3.23630274579e-06, 1.52118727783e-05, -0.000191535524209, 0.00017733767163, -0.000193911924725, 0.000327949732309, -0.000377032149117, 0.000163874516147, -0.00012008084741, -6.32163137197e-05, -0.000168944243342, -8.61256412463e-05], [-3.23630274579e-06, 0.000708776933607, 0.000348964356817, 0.000152045366121, -0.000534615246579, 0.00028732145438, -0.000518828514032, 0.000204432362807, -0.000548804411665, 0.000105051498394, 0.000137689101393, -0.000466753757792, 8.86631023604e-05], [1.52118727783e-05, 0.000348964356817, 0.0034199047368, -0.000774279877078, -0.000804536219221, -0.000419528136263, -0.000854372163303, -0.000550661468878, -0.00146033323836, 0.000803010421805, -0.00124219479039, 0.000857703387737, -0.000635039643385], [-0.000191535524209, 0.000152045366121, -0.000774279877078, 0.0039463234134, -0.00128959584981, -0.000546823081095, -0.000683961552568, 0.000175093126018, 0.000735574576538, -0.00198571034707, 0.000787387019955, -0.000210072059417, 0.000121191165817], [0.00017733767163, -0.000534615246579, -0.000804536219221, -0.00128959584981, 0.00599621608853, -0.00284982076846, 0.00112006207928, -0.00109022820834, 0.000882463762537, -0.0014005858684, 0.000703902216628, -0.000720141455531, -0.000390666391468], [-0.000193911924725, 0.00028732145438, -0.000419528136263, -0.000546823081095, -0.00284982076846, 0.0108595089987, -0.00631768256426, 0.00173929124139, -0.00262641813606, 0.00235931365751, -0.00261479150504, 0.00196315604262, -0.00143325189129], [0.000327949732309, -0.000518828514032, -0.000854372163303, -0.000683961552568, 0.00112006207928, -0.00631768256426, 0.0166259668767, -0.0109110707417, 0.00406387634575, -0.00244263187051, 0.00192847894505, -0.0032552878838, 0.00156225240789], [-0.000377032149117, 0.000204432362807, -0.000550661468878, 0.000175093126018, -0.00109022820834, 0.00173929124139, -0.0109110707417, 0.0214682724327, -0.0105918645859, 0.00129921676125, -0.000450691994047, 9.52739355853e-06, -0.00111361790914], [0.000163874516147, -0.000548804411665, -0.00146033323836, 0.000735574576538, 0.000882463762537, -0.00262641813606, 0.00406387634575, -0.0105918645859, 0.0194854959846, -0.00802304688841, 0.002106243046, -0.000367643748177, -0.00161874433979], [-0.00012008084741, 0.000105051498394, 0.000803010421805, -0.00198571034707, -0.0014005858684, 0.00235931365751, -0.00244263187051, 0.00129921676125, -0.00802304688841, 0.0193349644542, -0.0127473538741, 0.0040743611753, 0.00026221954613], [-6.32163137197e-05, 0.000137689101393, -0.00124219479039, 0.000787387019955, 0.000703902216628, -0.00261479150504, 0.00192847894505, -0.000450691994047, 0.002106243046, -0.0127473538741, 0.0225049182773, -0.0116102527827, 0.00260494882241], [-0.000168944243342, -0.000466753757792, 0.000857703387737, -0.000210072059417, -0.000720141455531, 0.00196315604262, -0.0032552878838, 9.52739355853e-06, -0.000367643748177, 0.0040743611753, -0.0116102527827, 0.0200445950031, -0.00622785603628], [-8.61256412463e-05, 8.86631023604e-05, -0.000635039643385, 0.000121191165817, -0.000390666391468, -0.00143325189129, 0.00156225240789, -0.00111361790914, -0.00161874433979, 0.00026221954613, 0.00260494882241, -0.00622785603628, 0.0114487642422]]}, "spectral_contrast_coeffs": {"dmean": [0.0490174591541, 0.0390627980232, 0.0402675867081, 0.030397253111, 0.0209797378629, 0.0204147528857], "dmean2": [0.0801037997007, 0.0648639798164, 0.0633656010032, 0.0489282794297, 0.0339658260345, 0.032970443368], "dvar": [0.00188625790179, 0.00133547245059, 0.00131392257754, 0.00079741695663, 0.000347078865161, 0.000483839859953], "dvar2": [0.00467014173046, 0.00348458089866, 0.00307860085741, 0.00197304738685, 0.00083290488692, 0.00120969535783], "max": [-0.313797771931, -0.494834214449, -0.349595755339, -0.56161403656, -0.65867638588, -0.649489164352], "mean": [-0.59323656559, -0.715213596821, -0.725861608982, -0.790358960629, -0.814288973808, -0.788212299347], "median": [-0.606348097324, -0.719875097275, -0.72563803196, -0.79772567749, -0.818670034409, -0.78780400753], "min": [-0.961229324341, -0.952787339687, -0.970744967461, -0.964375078678, -0.956387162209, -0.959432303905], "var": [0.0113628040999, 0.00477353902534, 0.00628912774846, 0.00305978022516, 0.001420688699, 0.00174678128678]}, "spectral_contrast_valleys": {"dmean": [0.569124162197, 0.402299165726, 0.463864594698, 0.44780510664, 0.40821659565, 0.512542963028], "dmean2": [0.87071621418, 0.645992934704, 0.718881487846, 0.688618421555, 0.593965232372, 0.672495424747], "dvar": [0.414237529039, 0.272542715073, 0.32275930047, 0.334682881832, 0.284030765295, 0.307206571102], "dvar2": [0.721477508545, 0.512834787369, 0.60381346941, 0.648956358433, 0.541634678841, 0.565261483192], "max": [-4.52258682251, -4.33185195923, -4.81440734863, -4.6499915123, -5.56917333603, -8.03736019135], "mean": [-8.62965583801, -6.97530603409, -7.87144136429, -8.42111492157, -8.317116737