{"lowlevel": {"average_loudness": 0.960237562656, "barkbands_crest": {"dmean": 3.48202943802, "dmean2": 5.59237241745, "dvar": 10.910326004, "dvar2": 24.0856266022, "max": 26.6300086975, "mean": 12.1709852219, "median": 11.2758026123, "min": 1.99392127991, "var": 32.5003509521}, "barkbands_flatness_db": {"dmean": 0.0400540977716, "dmean2": 0.0578969120979, "dvar": 0.00195840513334, "dvar2": 0.00361194158904, "max": 0.613927721977, "mean": 0.159306585789, "median": 0.134869426489, "min": 0.0108140148222, "var": 0.0100838877261}, "barkbands_kurtosis": {"dmean": 9.59710693359, "dmean2": 15.5602273941, "dvar": 576.504089355, "dvar2": 1429.07080078, "max": 666.619445801, "mean": 11.565155983, "median": 3.18960094452, "min": -1.91623318195, "var": 733.72088623}, "barkbands_skewness": {"dmean": 1.00403320789, "dmean2": 1.53361237049, "dvar": 1.58853435516, "dvar2": 3.65486264229, "max": 18.8393173218, "mean": 2.16287255287, "median": 1.76688528061, "min": -6.41696405411, "var": 3.97278642654}, "barkbands_spread": {"dmean": 8.75169944763, "dmean2": 13.6052780151, "dvar": 101.651832581, "dvar2": 232.001647949, "max": 113.292007446, "mean": 24.060798645, "median": 20.9160385132, "min": 0.186466231942, "var": 334.235565186}, "dissonance": {"dmean": 0.0240980591625, "dmean2": 0.0395054928958, "dvar": 0.00077566067921, "dvar2": 0.00197811424732, "max": 0.500000059605, "mean": 0.457178473473, "median": 0.469748139381, "min": 0.171490639448, "var": 0.00165182386991}, "dynamic_complexity": 3.30467486382, "erbbands_crest": {"dmean": 2.84767103195, "dmean2": 4.47829008102, "dvar": 8.63608264923, "dvar2": 19.5246276855, "max": 33.1782073975, "mean": 9.08903408051, "median": 7.48086261749, "min": 2.13838386536, "var": 29.7911396027}, "erbbands_flatness_db": {"dmean": 0.0231541208923, "dmean2": 0.0321677625179, "dvar": 0.00067185779335, "dvar2": 0.00111287948675, "max": 0.486281812191, "mean": 0.14744977653, "median": 0.126542210579, "min": 0.0447822026908, "var": 0.00498591270298}, "erbbands_kurtosis": {"dmean": 2.16091775894, "dmean2": 3.27131795883, "dvar": 27.1810874939, "dvar2": 53.3760986328, "max": 158.793685913, "mean": 1.91079187393, "median": -0.165683031082, "min": -1.88481271267, "var": 57.6823730469}, "erbbands_skewness": {"dmean": 0.543849349022, "dmean2": 0.804833114147, "dvar": 0.409700900316, "dvar2": 0.818944990635, "max": 8.59289550781, "mean": 0.557449102402, "median": 0.357158988714, "min": -2.8091840744, "var": 1.51077330112}, "erbbands_spread": {"dmean": 13.5079994202, "dmean2": 19.7648525238, "dvar": 188.716644287, "dvar2": 393.319580078, "max": 152.989608765, "mean": 46.9582519531, "median": 44.4594039917, "min": 0.850099146366, "var": 629.56060791}, "hfc": {"dmean": 12.8068599701, "dmean2": 20.0558776855, "dvar": 378.010620117, "dvar2": 912.45526123, "max": 145.628738403, "mean": 25.4817008972, "median": 17.6553936005, "min": 1.04807595259e-16, "var": 595.169555664}, "melbands_crest": {"dmean": 4.37527799606, "dmean2": 7.1237206459, "dvar": 17.6701221466, "dvar2": 40.8977851868, "max": 35.6915626526, "mean": 17.0283222198, "median": 16.4139213562, "min": 1.00528562069, "var": 48.3044281006}, "melbands_flatness_db": {"dmean": 0.0478579439223, "dmean2": 0.0685252547264, "dvar": 0.00275487289764, "dvar2": 0.00477696210146, "max": 0.74394595623, "mean": 0.227358356118, "median": 0.206293538213, "min": 2.45917107122e-07, "var": 0.0148240970448}, "melbands_kurtosis": {"dmean": 22.7286434174, "dmean2": 36.6719665527, "dvar": 1992.02111816, "dvar2": 5219.67382812, "max": 661.780578613, "mean": 31.6519165039, "median": 12.6277160645, "min": -1.78498792648, "var": 2728.94287109}, "melbands_skewness": {"dmean": 1.44655013084, "dmean2": 2.17804098129, "dvar": 2.99072027206, "dvar2": 7.23581552505, "max": 21.2995986938, "mean": 3.7122168541, "median": 2.97044229507, "min": -2.6727399826, "var": 7.57363033295}, "melbands_spread": {"dmean": 9.82382297516, "dmean2": 15.0967340469, "dvar": 170.036239624, "dvar2": 368.714385986, "max": 204.614959717, "mean": 23.1582145691, "median": 16.3191299438, "min": 0.263433605433, "var": 594.241149902}, "pitch_salience": {"dmean": 0.100689284503, "dmean2": 0.166395574808, "dvar": 0.0108051681891, "dvar2": 0.0258948523551, "max": 0.995914757252, "mean": 0.482139050961, "median": 0.492534816265, "min": 0.0349004790187, "var": 0.0263678636402}, "silence_rate_20dB": {"dmean": 0, "dmean2": 0, "dvar": 0, "dvar2": 0, "max": 1, "mean": 1, "median": 1, "min": 1, "var": 0}, "silence_rate_30dB": {"dmean": 0.0316922850907, "dmean2": 0.0633888691664, "dvar": 0.0306899230927, "dvar2": 0.0813196003437, "max": 1, "mean": 0.979279518127, "median": 1, "min": 0, "var": 0.0202898345888}, "silence_rate_60dB": {"dmean": 0.0297961663455, "dmean2": 0.059528645128, "dvar": 0.0289056450129, "dvar2": 0.0687130764127, "max": 1, "mean": 0.0798347815871, "median": 0, "min": 0, "var": 0.0734563916922}, "spectral_centroid": {"dmean": 367.265869141, "dmean2": 555.684936523, "dvar": 181313.96875, "dvar2": 378469.71875, "max": 11765.5478516, "mean": 1463.31958008, "median": 1199.31176758, "min": 130.890899658, "var": 1733070.875}, "spectral_complexity": {"dmean": 5.18128252029, "dmean2": 7.85297298431, "dvar": 39.2562255859, "dvar2": 76.4264221191, "max": 56, "mean": 16.9024238586, "median": 14, "min": 0, "var": 153.092880249}, "spectral_decrease": {"dmean": 4.09909572952e-09, "dmean2": 6.96869495442e-09, "dvar": 3.94917464954e-17, "dvar2": 1.12592595668e-16, "max": 8.46216817775e-17, "mean": -9.07760355773e-09, "median": -8.01136135209e-09, "min": -6.09164843013e-08, "var": 5.47919573933e-17}, "spectral_energy": {"dmean": 0.0162049774081, "dmean2": 0.0275156162679, "dvar": 0.000585792411584, "dvar2": 0.00164822873194, "max": 0.23245370388, "mean": 0.0365722887218, "median": 0.0323320552707, "min": 9.96513531231e-21, "var": 0.000835587910842}, "spectral_energyband_high": {"dmean": 0.000955115072429, "dmean2": 0.00148552912287, "dvar": 2.63329479822e-06, "dvar2": 6.14482178207e-06, "max": 0.0119391875342, "mean": 0.00151857209858, "median": 0.000720951939002, "min": 6.98159420144e-21, "var": 3.91143339584e-06}, "spectral_energyband_low": {"dmean": 0.0111395539716, "dmean2": 0.0189228355885, "dvar": 0.000585345434956, "dvar2": 0.00173753360286, "max": 0.227765128016, "mean": 0.0171779897064, "median": 0.00926981680095, "min": 1.78708344365e-23, "var": 0.000643488776404}, "spectral_energyband_middle_high": {"dmean": 0.00311835901812, "dmean2": 0.00510315131396, "dvar": 3.77256001229e-05, "dvar2": 9.41145772231e-05, "max": 0.0626905485988, "mean": 0.00420150067657, "median": 0.00176897482015, "min": 1.13824707198e-21, "var": 3.91339381167e-05}, "spectral_energyband_middle_low": {"dmean": 0.00680120289326, "dmean2": 0.0103887021542, "dvar": 6.68795692036e-05, "dvar2": 0.000145247293403, "max": 0.0793718993664, "mean": 0.0159148238599, "median": 0.0113265980035, "min": 1.58784169679e-22, "var": 0.000226454285439}, "spectral_entropy": {"dmean": 0.267111629248, "dmean2": 0.356623739004, "dvar": 0.108714327216, "dvar2": 0.16540107131, "max": 9.82393169403, "mean": 7.59492969513, "median": 7.8472776413, "min": 3.72174930573, "var": 0.768126070499}, "spectral_flux": {"dmean": 0.0399388335645, "dmean2": 0.0655094459653, "dvar": 0.00242033181712, "dvar2": 0.00544671202078, "max": 0.436070621014, "mean": 0.0990649685264, "median": 0.0860981121659, "min": 6.21209889085e-11, "var": 0.00422866735607}, "spectral_kurtosis": {"dmean": 2.96521878242, "dmean2": 4.56736135483, "dvar": 69.7747879028, "dvar2": 150.096282959, "max": 495.992706299, "mean": 5.97119188309, "median": 2.40515089035, "min": -1.27912223339, "var": 162.988555908}, "spectral_rms": {"dmean": 0.00125858560205, "dmean2": 0.00204722536728, "dvar": 2.38335610447e-06, "dvar2": 6.04105025559e-06, "max": 0.0150593528524, "mean": 0.00544053688645, "median": 0.00561635708436, "min": 3.11802558599e-12, "var": 6.08090113019e-06}, "spectral_rolloff": {"dmean": 776.306518555, "dmean2": 1243.77844238, "dvar": 1477370.375, "dvar2": 3014527, "max": 19724.4140625, "mean": 1713.26843262, "median": 753.662109375, "min": 64.599609375, "var": 7689271}, "spectral_skewness": {"dmean": 0.324323743582, "dmean2": 0.479992806911, "dvar": 0.300375938416, "dvar2": 0.586969554424, "max": 16.9982662201, "mean": 1.60714995861, "median": 1.28181350231, "min": -0.0889075770974, "var": 1.12140953541}, "spectral_spread": {"dmean": 877279, "dmean2": 1205834.5, "dvar": 1109320663040.0, "dvar2": 1783853350910.0, "max": 44187592, "mean": 5900457.5, "median": 5564225, "min": 244038.078125, "var": 18130973753300.0}, "spectral_strongpeak": {"dmean": 0.481226623058, "dmean2": 0.824943423271, "dvar": 0.548938274384, "dvar2": 1.32295250893, "max": 9.23645877838, "mean": 0.821577131748, "median": 0.449644327164, "min": 0, "var": 0.980100035667}, "zerocrossingrate": {"dmean": 0.0159139614552, "dmean2": 0.017800077796, "dvar": 0.000306411413476, "dvar2": 0.000324837892549, "max": 0.7578125, "mean": 0.0707529708743, "median": 0.0556640625, "min": 0.00244140625, "var": 0.00497636385262}, "barkbands": {"dmean": [0.000244724156801, 0.0058930311352, 0.00545133650303, 0.00366733339615, 0.00200962135568, 0.00121568853501, 0.000711096217856, 0.000678885786328, 0.00151364225894, 0.000614214397501, 0.000657005934045, 0.000548155803699, 0.00051663845079, 0.000228238670388, 0.000220943416934, 0.000293685123324, 0.000198089881451, 0.000363734667189, 0.000248695287155, 0.000157423666678, 0.000136529342853, 0.000180312606972, 0.000228003817028, 0.000229691431741, 0.000127949911985, 6.48655695841e-05, 1.10181335913e-05], "dmean2": [0.00031400602893, 0.00962223485112, 0.00938060879707, 0.00609315512702, 0.00279401545413, 0.0016838167794, 0.00107203202788, 0.00102782528847, 0.00221536494792, 0.000994998030365, 0.0010939888889, 0.000916406570468, 0.00089419161668, 0.000399090873543, 0.000381501158699, 0.000520616013091, 0.000334588548867, 0.000653249095194, 0.000448914419394, 0.000270987889962, 0.00021173847199, 0.000298172555631, 0.000375418720068, 0.000344403058989, 0.00019339195569, 0.0001002756253, 1.77909714694e-05], "dvar": [5.48238972442e-07, 0.000157556205522, 0.00031161136576, 3.24622888002e-05, 8.49648404255e-06, 6.30275008007e-06, 3.48542539541e-06, 3.86688952858e-06, 8.92281241249e-06, 1.95700590666e-06, 2.76442551694e-06, 2.08827282222e-06, 2.2424396775e-06, 3.95601290393e-07, 3.68789130789e-07, 4.43109342996e-07, 1.12170432942e-07, 6.40302971533e-07, 2.21794351773e-07, 7.65627703458e-08, 4.34047251474e-08, 1.02477898167e-07, 1.74217774429e-07, 1.69471320532e-07, 5.87724180434e-08, 1.06522035637e-08, 4.62440807869e-10], "dvar2": [8.38883352117e-07, 0.000445570709417, 0.000841242843308, 9.12832547328e-05, 1.70608909684e-05, 9.87721068668e-06, 6.37284438199e-06, 7.38433482184e-06, 1.79655799002e-05, 4.37498147221e-06, 6.91369405104e-06, 5.26000667378e-06, 6.01109513809e-06, 1.08732626813e-06, 9.95145455818e-07, 1.2238981526e-06, 2.95772736081e-07, 1.78565358055e-06, 6.13931661064e-07, 2.05000461051e-07, 9.93022197804e-08, 2.50134803537e-07, 4.44591307769e-07, 3.74194996766e-07, 1.36099586712e-07, 2.37109656354e-08, 1.15628107089e-09], "max": [0.0131398905069, 0.0856415182352, 0.160558477044, 0.0555219575763, 0.0486272349954, 0.0354042313993, 0.0450238659978, 0.0593433491886, 0.0507989451289, 0.0256120506674, 0.0289954598993, 0.037465211004, 0.0206301175058, 0.0116466796026, 0.0136958779767, 0.0115479202941, 0.00471303705126, 0.013266980648, 0.00490267109126, 0.00341006135568, 0.00391196692362, 0.0036167500075, 0.003414434148, 0.00317989755422, 0.00208562100306, 0.000922281120438, 0.00032026603003], "mean": [0.000567190698348, 0.00983237382025, 0.00461955973879, 0.00453958800063, 0.00397141510621, 0.00200111116283, 0.00122840807308, 0.00121386989485, 0.00277520413511, 0.000676299328916, 0.00066250609234, 0.000544563459698, 0.000470274244435, 0.000244454568019, 0.000241910616751, 0.000328935624566, 0.000278445746517, 0.0004175119102, 0.000316696008667, 0.00024307257263, 0.000229449724429, 0.000249228905886, 0.000305767520331, 0.000302544678561, 0.000207905002753, 9.31290051085e-05, 1.07425330498e-05], "median": [5.3430438129e-05, 0.00413426524028, 0.000828434305731, 0.00133714522235, 0.00164518947713, 0.000553160090931, 0.000218066066736, 0.000230433885008, 0.000582996872254, 0.000165688747074, 0.000101739460661, 0.000119191281556, 0.000109087777673, 8.07957258075e-05, 6.98744843248e-05, 0.000103859070805, 0.0001184832945, 0.000153124768985, 0.000118885291158, 0.000115518501843, 0.000119012955111, 0.000111227280286, 0.000102958074422, 8.58535640873e-05, 4.94587657158e-05, 2.23155584536e-05, 1.95613847609e-06], "min": [5.39816408107e-26, 1.27971648868e-24, 9.05775613401e-25, 1.69013074235e-24, 7.94198574764e-24, 5.78286990018e-24, 6.8861498574e-24, 5.12323939959e-24, 7.22972875834e-24, 7.97391568164e-24, 1.01780246053e-23, 1.91493854818e-23, 3.03093454877e-23, 2.37385222668e-23, 4.3254799067e-23, 5.65403368934e-23, 5.7967607152e-23, 9.75120809928e-23, 9.21060550746e-23, 1.38693472766e-22, 2.45129375511e-22, 2.99218525934e-22, 3.68056951905e-22, 6.15889583344e-22, 8.12903719538e-22, 1.31770760153e-21, 1.89979173091e-21], "var": [2.66549341177e-06, 0.000228495133342, 0.000215796302655, 4.63849246444e-05, 2.83372955892e-05, 1.53933469846e-05, 1.14864078569e-05, 1.44593359437e-05, 2.67837258434e-05, 2.44827879214e-06, 3.15170063914e-06, 2.05306491807e-06, 1.68825567926e-06, 3.12736005981e-07, 3.0391402106e-07, 3.80341560913e-07, 1.49283422957e-07, 5.19533102761e-07, 2.4535094667e-07, 1.18210735423e-07, 8.69735856668e-08, 1.26062673189e-07, 2.06307149142e-07, 2.3226178314e-07, 1.0217401325e-07, 2.02947063599e-08, 4.47302389572e-10]}, "erbbands": {"dmean": [0.168318003416, 1.51317059994, 5.9037156105, 8.47695541382, 9.99257469177, 6.57915210724, 7.63146162033, 10.587515831, 7.77430152893, 12.300195694, 19.4989929199, 28.676618576, 27.7374820709, 30.5507278442, 19.409614563, 16.4057044983, 25.2114372253, 12.1913566589, 11.4999847412, 12.3670072556, 15.4369592667, 12.2155475616, 20.2274074554, 14.0962200165, 10.8895397186, 7.42100334167, 5.76879644394, 5.25448560715, 7.10372495651, 7.11477994919, 5.55425262451, 5.27429676056, 3.50705552101, 1.84402823448, 0.727777421474, 0.340418696404, 0.113178901374, 0.0224104337394, 0.00170709611848, 6.06056455581e-05], "dmean2": [0.253912806511, 2.52867865562, 10.0566186905, 13.9821863174, 15.5140008926, 9.04570293427, 10.5006856918, 14.9805040359, 11.9580612183, 18.1521778107, 28.3276557922, 42.6930541992, 43.1255264282, 50.1141853333, 31.8647823334, 27.2346954346, 43.4843101501, 21.1920452118, 19.7472438812, 21.3486385345, 27.1069793701, 20.7845535278, 36.0443458557, 25.4106121063, 19.2882423401, 12.7195281982, 9.46445178986, 8.29225349426, 11.749874115, 11.6995000839, 9.05693626404, 8.0370426178, 5.23179149628, 2.96546363831, 1.02180397511, 0.510810613632, 0.176790043712, 0.0349085666239, 0.00272205215879, 9.77008312475e-05], "dvar": [0.141931727529, 10.4459323883, 364.519165039, 196.677185059, 228.447982788, 98.2168197632, 211.267654419, 596.475952148, 272.083984375, 1324.70019531, 2065.78442383, 4163.265625, 3467.84887695, 5541.0234375, 2504.08154297, 1720.4654541, 5359.20068359, 695.93951416, 760.588012695, 777.515563965, 1090.39599609, 444.461791992, 2010.87854004, 776.315185547, 445.552886963, 185.244125366, 83.9031677246, 77.6394577026, 181.008209229, 166.898895264, 87.753944397, 96.8311386108, 38.3267974854, 14.0297384262, 1.39004611969, 0.304560601711, 0.0336280763149, 0.00152101449203, 1.05150811578e-05, 1.18584546627e-08], "dvar2": [0.345560908318, 30.8135814667, 991.375366211, 539.512573242, 533.294128418, 202.625030518, 349.334625244, 953.629272461, 543.069641113, 2442.77587891, 3886.8684082, 8761.65625, 7408.26757812, 13139.1113281, 6185.6484375, 4176.83105469, 14313.2285156, 1856.80712891, 2056.14282227, 2102.78100586, 2998.6184082, 1185.71472168, 5565.64257812, 2155.02099609, 1234.31005859, 501.065887451, 203.709976196, 177.03074646, 452.997406006, 416.615142822, 211.644485474, 221.250793457, 87.0845489502, 35.2266235352, 2.62558865547, 0.65856719017, 0.0775227919221, 0.00357604934834, 2.54437309195e-05, 2.91211712522e-08], "max": [2.51793694496, 23.2730770111, 175.413726807, 131.856918335, 200.83605957, 194.885772705, 256.75970459, 376.254364014, 411.265167236, 958.786193848, 1142.43994141, 1427.67016602, 886.596862793, 1160.27368164, 1004.81573486, 1546.80712891, 1012.04632568, 387.420501709, 491.624511719, 418.526672363, 518.868469238, 306.689605713, 655.570007324, 290.498138428, 265.748138428, 175.711700439, 133.821075439, 167.156005859, 157.355941772, 114.235458374, 87.9978561401, 81.6441268921, 51.1502990723, 31.994436264, 10.267411232, 5.13283014297, 1.38587749004, 0.418901085854, 0.055920496583, 0.00229393551126], "mean": [0.295904248953, 2.16520690918, 5.30196666718, 10.702870369, 16.2708187103, 12.3688373566, 13.0642852783, 16.146900177, 13.2061805725, 23.39494133, 36.3614349365, 49.768825531, 41.2404785156, 32.2254676819, 20.0067958832, 17.4894733429, 23.2915840149, 13.5092201233, 12.6401205063, 14.5602245331, 18.8627948761, 16.8344631195, 23.4397258759, 17.6739940643, 14.9520263672, 11.3707141876, 9.62980175018, 8.75063896179, 9.65733909607, 8.83088111877, 8.0680103302, 7.08612012863, 4.70042943954, 2.67678380013, 1.24216198921, 0.524139046669, 0.151248827577, 0.0253408998251, 0.00173187849578, 9.20810198295e-05], "median": [0.104916073382, 0.769496202469, 1.32188844681, 3.95539808273, 5.66457939148, 5.33456516266, 4.03612995148, 4.60271263123, 3.8664047718, 3.94522285461, 7.83369970322, 12.1082210541, 9.64536380768, 6.91988134384, 3.98571419716, 4.41939687729, 5.56969070435, 4.88311910629, 4.01952552795, 4.62875652313, 6.90421533585, 7.43187141418, 8.26188087463, 7.23785400391, 6.09956216812, 5.44174671173, 4.46716594696, 4.41942501068, 4.03835105896, 3.53344464302, 2.72497439384, 2.05587387085, 1.26136183739, 0.624778747559, 0.307494580746, 0.126305580139, 0.0331843644381, 0.00527994893491, 0.000347946654074, 6.06572139077e-05], "min": [3.52204968719e-23, 5.69576455744e-22, 2.82214597568e-21, 4.44142189889e-21, 9.38244553969e-21, 2.6595893949e-20, 2.567237426e-20, 6.73878389523e-20, 8.56449558423e-20, 1.57630044919e-19, 1.27279340679e-19, 2.51889111027e-19, 4.24816698153e-19, 7.09672161914e-19, 7.81701188499e-19, 1.05916186438e-18, 1.30342488715e-18, 1.31728450511e-18, 2.47212893588e-18, 2.17898501898e-18, 3.93201503589e-18, 3.49186065142e-18, 5.63421583813e-18, 5.94459592425e-18, 6.66455118195e-18, 6.53486166961e-18, 9.7453853734e-18, 1.03884496437e-17, 9.19504556826e-18, 1.09112352354e-17, 1.12932313782e-17, 1.01092794957e-17, 9.84371977744e-18, 7.43129301586e-18, 6.22754132458e-18, 4.15613714132e-18, 2.18259256043e-18, 9.36053814585e-19, 2.37178169122e-19, 2.56497754272e-20], "var": [0.214574679732, 13.5563058853, 258.263946533, 233.913452148, 551.115905762, 288.231658936, 558.085327148, 1279.21118164, 768.583679199, 5264.38574219, 7116.47216797, 10250.1904297, 7288.515625, 5922.11816406, 2552.04418945, 2050.97631836, 4022.13452148, 655.84954834, 667.340393066, 706.479614258, 1001.8651123, 543.0546875, 1698.54711914, 732.721740723, 532.549255371, 263.477020264, 156.04145813, 134.93321228, 209.497009277, 177.467330933, 128.508285522, 128.71105957, 54.0112800598, 18.5368614197, 3.34174919128, 0.641975998878, 0.0560212470591, 0.0018542103935, 1.08811436803e-05, 1.36213760271e-08]}, "gfcc": {"mean": [-19.8245277405, 75.2083587646, -98.1158447266, 36.2750320435, -55.956451416, 14.4654169083, -33.4529533386, 8.76762580872, -25.6672382355, -7.10343980789, -19.706697464, -0.77661973238, -11.960231781], "cov": [[27721.2851562, -1639.83447266, -955.715270996, 591.947814941, -1700.53820801, 893.781188965, -962.291992188, 1414.56164551, -58.3396377563, 885.816772461, -488.846405029, 325.190185547, -476.612579346], [-1639.83447266, 2874.34570312, -60.3026847839, -75.4802093506, 490.984588623, -407.786743164, 285.727172852, -459.652374268, 60.1482276917, -461.1590271, 120.692008972, -216.230728149, 134.752670288], [-955.715270996, -60.3026847839, 1331.79077148, 263.610107422, 362.820465088, 228.929244995, 79.3539581299, 181.126815796, 115.482276917, 113.761123657, 85.6912689209, 120.050941467, 20.5326824188], [591.947814941, -75.4802093506, 263.610107422, 491.088043213, 223.549377441, 136.213867188, 50.5391921997, 57.3195762634, 23.4315433502, 59.853427887, 19.0613288879, 27.8866786957, 18.5146636963], [-1700.53820801, 490.984588623, 362.820465088, 223.549377441, 607.581481934, 73.6017074585, 228.276031494, -57.9073371887, 44.3472557068, -67.8773269653, 97.4294891357, 25.9505004883, 70.1920166016], [893.781188965, -407.786743164, 228.929244995, 136.213867188, 73.6017074585, 378.482025146, 94.7499465942, 222.265457153, 50.194393158, 131.581390381, 32.3196334839, 105.406539917, 8.24191474915], [-962.291992188, 285.727172852, 79.3539581299, 50.5391921997, 228.276031494, 94.7499465942, 296.653594971, 87.2244720459, 136.886322021, 14.4876537323, 76.395942688, -0.659872412682, 54.6050643921], [1414.56164551, -459.652374268, 181.126815796, 57.3195762634, -57.9073371887, 222.265457153, 87.2244720459, 501.010070801, 243.866363525, 274.108123779, 28.1847801208, 91.4878692627, -38.8727531433], [-58.3396377563, 60.1482276917, 115.482276917, 23.4315433502, 44.3472557068, 50.194393158, 136.886322021, 243.866363525, 297.431610107, 170.885986328, 92.5374755859, 26.8423423767, 12.6830511093], [885.816772461, -461.1590271, 113.761123657, 59.853427887, -67.8773269653, 131.581390381, 14.4876537323, 274.108123779, 170.885986328, 275.729003906, 70.2862243652, 95.2776489258, -13.7926330566], [-488.846405029, 120.692008972, 85.6912689209, 19.0613288879, 97.4294891357, 32.3196334839, 76.395942688, 28.1847801208, 92.5374755859, 70.2862243652, 140.889465332, 76.6111679077, 51.3335876465], [325.190185547, -216.230728149, 120.050941467, 27.8866786957, 25.9505004883, 105.406539917, -0.659872412682, 91.4878692627, 26.8423423767, 95.2776489258, 76.6111679077, 141.154830933, 48.1315193176], [-476.612579346, 134.752670288, 20.5326824188, 18.5146636963, 70.1920166016, 8.24191474915, 54.6050643921, -38.8727531433, 12.6830511093, -13.7926330566, 51.3335876465, 48.1315193176, 105.21647644]], "icov": [[0.000122013239888, -0.000267980474746, 0.000151866537635, -0.000272660166956, 0.000284213281702, -0.000312431162456, 0.000280413456494, -0.000210221143789, 0.000191755272681, -0.000466679572128, 0.00069050892489, -0.000687459949404, 0.000419223128119], [-0.000267980474746, 0.00151336053386, -0.00036044276203, 0.000601179723162, -0.000906698871404, 0.00114169286098, -0.000599341699854, 0.000175814595423, -0.00109674257692, 0.00295077310875, -0.00313202594407, 0.00275164959021, -0.00150776025839], [0.000151866537635, -0.00036044276203, 0.00130257173441, -0.000499133660924, -0.000422255077865, -0.00080142787192, 0.00100678123999, -0.000401012046495, -0.000250112934737, -0.000465954013634, 0.00100444781128, -0.00142176670488, 0.000786415941548], [-0.000272660166956, 0.000601179723162, -0.000499133660924, 0.00367733719759, -0.00212030136026, -0.00025206108694, 0.000290056166705, 0.000572743068915, -5.97605576331e-05, -0.000577899103519, -0.00101765198633, 0.00310935615562, -0.00205385894515], [0.000284213281702, -0.000906698871404, -0.000422255077865, -0.00212030136026, 0.00491840485483, -0.000475798209663, -0.00235751341097, 0.000303802022245, 0.000628173875157, 0.000142473363667, 0.000839757267386, -0.00340563594364, 0.00208717817441], [-0.000312431162456, 0.00114169286098, -0.00080142787192, -0.00025206108694, -0.000475798209663, 0.00681977998465, -0.00362337683327, -0.00144999299664, 0.00166241405532, 0.00129444280174, -0.00152606435586, -0.00113635626622, -0.000315079785651], [0.000280413456494, -0.000599341699854, 0.00100678123999, 0.000290056166705, -0.00235751341097, -0.00362337683327, 0.0104114292189, -0.00287888059393, -0.00183277518954, 0.00102771923412, -0.00237965327688, 0.00469998177141, -0.003453416517], [-0.000210221143789, 0.000175814595423, -0.000401012046495, 0.000572743068915, 0.000303802022245, -0.00144999299664, -0.00287888059393, 0.0100041842088, -0.00619268557057, -0.00379836559296, 0.00670450087637, -0.00555212143809, 0.00341848260723], [0.000191755272681, -0.00109674257692, -0.000250112934737, -5.97605576331e-05, 0.000628173875157, 0.00166241405532, -0.00183277518954, -0.00619268557057, 0.0140961036086, -0.00624208850786, -0.00541798770428, 0.00595857901499, -0.00215332675725], [-0.000466679572128, 0.00295077310875, -0.000465954013634, -0.000577899103519, 0.000142473363667, 0.00129444280174, 0.00102771923412, -0.00379836559296, -0.00624208850786, 0.0196266397834, -0.0102615300566, 0.00108823680785, 2.90920411317e-07], [0.00069050892489, -0.00313202594407, 0.00100444781128, -0.00101765198633, 0.000839757267386, -0.00152606435586, -0.00237965327688, 0.00670450087637, -0.00541798770428, -0.0102615300566, 0.0292634423822, -0.0198798161, 0.00451830308884], [-0.000687459949404, 0.00275164959021, -0.00142176670488, 0.00310935615562, -0.00340563594364, -0.00113635626622, 0.00469998177141, -0.00555212143809, 0.00595857901499, 0.00108823680785, -0.0198798161, 0.0325421653688, -0.0148003427312], [0.000419223128119, -0.00150776025839, 0.000786415941548, -0.00205385894515, 0.00208717817441, -0.000315079785651, -0.003453416517, 0.00341848260723, -0.00215332675725, 2.90920411317e-07, 0.00451830308884, -0.0148003427312, 0.0200553331524]]}, "melbands": {"dmean": [0.00152744259685, 0.00260882591829, 0.00159043341409, 0.000541467627045, 0.000249963719398, 0.00022719539993, 0.000130283573526, 0.000136372516863, 0.000180458795512, 0.00019895315927, 0.00013845016656, 0.000119675118185, 7.11483589839e-05, 5.82394422963e-05, 4.08732412325e-05, 6.12020885455e-05, 1.87778350664e-05, 1.93365813175e-05, 1.97762637981e-05, 1.94596996153e-05, 1.70202656591e-05, 1.23288427858e-05, 1.73032785824e-05, 1.69418890437e-05, 1.13896749099e-05, 9.05995148059e-06, 6.48891091259e-06, 5.11668667968e-06, 4.08413325204e-06, 3.32217246068e-06, 2.94654273603e-06, 4.25699727202e-06, 3.63742060472e-06, 4.67424979433e-06, 3.34324795404e-06, 3.25393648382e-06, 3.19383570968e-06, 2.63872288997e-06, 1.91219487533e-06, 1.50446976477e-06], "dmean2": [0.00235406286083, 0.0045047653839, 0.00261512561701, 0.000774343847297, 0.000347653578501, 0.000321034924127, 0.000198631503736, 0.00020151498029, 0.0002588518837, 0.000297401595162, 0.000216142565478, 0.00019603666442, 0.000117111725558, 9.75585280685e-05, 6.82631725795e-05, 0.000106573235826, 3.30984184984e-05, 3.32108902512e-05, 3.43749052263e-05, 3.41530940204e-05, 2.97510669043e-05, 2.077791396e-05, 3.08430135192e-05, 3.02392109006e-05, 2.05447195185e-05, 1.62392880156e-05, 1.11756899059e-05, 8.9489039965e-06, 6.82113522998e-06, 5.1667225307e-06, 4.76504055769e-06, 6.95287826602e-06, 6.21162871539e-06, 7.75012540544e-06, 5.43627493244e-06, 5.24889810549e-06, 4.92838216815e-06, 3.99570535592e-06, 2.97513292935e-06, 2.41580710281e-06], "dvar": [1.13148489618e-05, 5.8546942455e-05, 6.06022967986e-06, 5.90600450323e-07, 1.92431301116e-07, 2.52899070574e-07, 8.77066739235e-08, 1.56665890927e-07, 1.62039583529e-07, 1.95242378709e-07, 9.06046082605e-08, 8.08442308653e-08, 3.24989990474e-08, 2.82431162901e-08, 1.23640218064e-08, 3.47230439957e-08, 2.0941377521e-09, 2.640814456e-09, 3.2620390833e-09, 2.56584797853e-09, 1.27581400999e-09, 5.02080488296e-10, 1.51339840659e-09, 1.55985668826e-09, 5.19168597002e-10, 3.47092410369e-10, 1.39602635008e-10, 1.0410077661e-10, 4.8773193817e-11, 2.53631230601e-11, 2.64120409571e-11, 7.37237146331e-11, 3.8911228406e-11, 8.2529573453e-11, 3.16607677575e-11, 3.68729213829e-11, 3.55935073082e-11, 2.3398847096e-11, 1.12388640061e-11, 1.02113421885e-11], "dvar2": [3.0024226362e-05, 0.000164595126989, 1.64197517734e-05, 1.18683578876e-06, 3.47874788531e-07, 4.04915596164e-07, 1.6709886097e-07, 2.92477778885e-07, 3.00832766698e-07, 4.13893332052e-07, 1.93376152424e-07, 1.90171220993e-07, 8.02573438818e-08, 7.05548259816e-08, 3.11107868356e-08, 9.37187252248e-08, 5.70260327848e-09, 7.17404979866e-09, 8.85706086251e-09, 7.1131029955e-09, 3.49728268567e-09, 1.34460220735e-09, 4.224200989e-09, 4.3783541237e-09, 1.4391954295e-09, 9.73085390044e-10, 3.77886361091e-10, 2.8600677382e-10, 1.26296015313e-10, 5.62740409826e-11, 6.24630208668e-11, 1.86377330236e-10, 9.70724681193e-11, 2.11776055026e-10, 7.55711743183e-11, 9.13335240771e-11, 8.05303809748e-11, 5.45766071225e-11, 2.73923401323e-11, 2.54948302053e-11], "max": [0.0242174807936, 0.0707257986069, 0.0209589675069, 0.0121715031564, 0.00695540569723, 0.00765923829749, 0.00670978659764, 0.0108548486605, 0.0103622088209, 0.00924293603748, 0.00466743903235, 0.00439917901531, 0.00456859357655, 0.00551696307957, 0.003292666981, 0.00260626780801, 0.000808544224128, 0.00108550547156, 0.00131424237043, 0.00117808033247, 0.00060264923377, 0.000393971306039, 0.000570719654206, 0.000916711520404, 0.000243403119384, 0.0002156587434, 0.000233300714171, 0.000158294613357, 0.00012187226821, 0.000167063291883, 9.46779327933e-05, 0.000126639497466, 8.03945586085e-05, 8.19975102786e-05, 5.77667087782e-05, 5.29264580109e-05, 6.00861094426e-05, 4.11156870541e-05, 2.61950208369e-05, 2.90506159217e-05], "mean": [0.00273215956986, 0.00283129466698, 0.00210366700776, 0.00103924970608, 0.000443640106823, 0.00035781841143, 0.000224830640946, 0.000258572312305, 0.000325715140207, 0.0003433120728, 0.0002003563568, 0.000124304438941, 7.43252239772e-05, 5.58137508051e-05, 4.2576186388e-05, 5.47862618987e-05, 2.04798052437e-05, 2.00382655748e-05, 2.09925510717e-05, 2.09621794056e-05, 2.11507958738e-05, 1.70235325641e-05, 1.88807862287e-05, 1.99937494472e-05, 1.37543038363e-05, 1.15206339615e-05, 9.4683809948e-06, 7.10538006388e-06, 6.28571206107e-06, 5.45578905076e-06, 4.59336524727e-06, 5.61076194572e-06, 4.65144648842e-06, 5.38094673175e-06, 4.71631619803e-06, 4.62907610199e-06, 4.04938964493e-06, 3.40630344908e-06, 2.73595742328e-06, 2.09556310438e-06], "median": [0.00107851345092, 0.00086050509708, 0.000851837452501, 0.000419781514211, 0.000173153821379, 0.000104738457594, 5.79824773013e-05, 3.80959027098e-05, 5.86578244111e-05, 7.56127265049e-05, 4.27646409662e-05, 2.36351224885e-05, 1.30630987769e-05, 1.18226198538e-05, 9.67365122051e-06, 1.20579479699e-05, 7.34583227313e-06, 5.53801328351e-06, 5.91279058426e-06, 6.04867364018e-06, 7.62895160733e-06, 7.22681579646e-06, 6.68412030791e-06, 7.31132877263e-06, 5.13181112183e-06, 4.20764990849e-06, 4.41703105025e-06, 3.24700022247e-06, 2.7318174034e-06, 2.76839864455e-06, 2.26388578994e-06, 2.25934945774e-06, 1.95207030629e-06, 1.89283366581e-06, 1.54378960815e-06, 1.44219575304e-06, 1.11879830911e-06, 9.00190400444e-07, 6.53921915728e-07, 4.64320692117e-07], "min": [3.48134424754e-25, 1.21233406092e-24, 9.25705789741e-25, 1.0248160059e-24, 1.04659083486e-24, 1.341717899e-24, 1.39650202089e-24, 1.8623875929e-24, 1.1063168745e-24, 1.60627443369e-24, 1.32931700557e-24, 2.2219348135e-24, 1.762873973e-24, 1.68947263514e-24, 3.17646518629e-24, 2.751101131e-24, 2.05108667131e-24, 3.15404674544e-24, 3.05679459253e-24, 3.5441544375e-24, 3.46783135606e-24, 3.01773513089e-24, 3.36051669067e-24, 4.5645097308e-24, 3.98238560301e-24, 2.62300175569e-24, 3.98321035709e-24, 4.22001693451e-24, 4.47121075711e-24, 4.69183582521e-24, 4.82932363137e-24, 4.44662787915e-24, 4.75049986086e-24, 5.17798279654e-24, 5.69501761661e-24, 5.8454115816e-24, 5.92448699874e-24, 5.76284663825e-24, 6.07304567884e-24, 5.86222930724e-24], "var": [1.68857386598e-05, 4.60979536001e-05, 8.27650001156e-06, 1.97290569304e-06, 5.02924933699e-07, 5.62732793696e-07, 2.6741486181e-07, 6.54125017263e-07, 5.58516205729e-07, 4.83924225136e-07, 1.86997823448e-07, 8.77358488083e-08, 3.82946474531e-08, 2.5587620911e-08, 1.45462877299e-08, 2.58812047349e-08, 1.84521620206e-09, 2.20821338992e-09, 2.53724641297e-09, 2.04944061721e-09, 1.26167321035e-09, 6.26572960183e-10, 1.17709519909e-09, 1.26512100795e-09, 4.9001630531e-10, 3.67839203541e-10, 2.02697317264e-10, 1.22066828867e-10, 7.53005574561e-11, 5.79941546175e-11, 3.95570243228e-11, 7.88971804555e-11, 4.62246491084e-11, 7.88362153337e-11, 4.66823316114e-11, 4.8781825801e-11, 4.57507191853e-11, 3.03010151692e-11, 1.71529821597e-11, 1.2584466455e-11]}, "mfcc": {"mean": [-658.324951172, 103.584205627, 14.8734083176, 24.1223754883, 4.66439771652, 3.97027087212, 2.57131147385, 10.2203550339, -0.601988613605, -1.30814194679, -4.38324308395, -4.19579982758, -7.3173956871], "cov": [[13058.7070312, -1413.71179199, 304.503417969, -397.114990234, -258.796905518, -373.968994141, -364.15612793, 153.923461914, 329.734191895, 545.737915039, 452.119232178, 407.084747314, 162.992111206], [-1413.71179199, 2439.98901367, -8.79468822479, 269.879638672, 143.792327881, 17.1389026642, 107.862991333, 81.0438995361, -45.521648407, -171.548171997, -76.3567581177, -78.9598999023, -110.242958069], [304.503417969, -8.79468822479, 864.832519531, 126.586875916, 270.110015869, 95.0315246582, 78.699798584, 109.948417664, 79.0665664673, 93.703994751, 86.3301849365, 105.600875854, 52.266078949], [-397.114990234, 269.879638672, 126.586875916, 449.295196533, 239.676589966, 121.219795227, 92.1583251953, 47.66664505, 46.5646972656, 27.4009876251, 19.9843864441, 14.3790950775, 21.6982326508], [-258.796905518, 143.792327881, 270.110015869, 239.676589966, 369.74710083, 168.156616211, 154.948379517, 108.921134949, 51.9721031189, 18.16938591, 33.4447288513, 49.4591903687, 36.8155937195], [-373.968994141, 17.1389026642, 95.0315246582, 121.219795227, 168.156616211, 240.14616394, 168.983810425, 75.0206451416, 18.5613746643, -4.25335979462, -18.1217365265, -9.68734359741, 30.7457618713], [-364.15612793, 107.862991333, 78.699798584, 92.1583251953, 154.948379517, 168.983810425, 232.018096924, 123.684265137, 54.4086761475, 5.13440227509, 0.86568069458, 9.31632518768, 31.7167339325], [153.923461914, 81.0438995361, 109.948417664, 47.66664505, 108.921134949, 75.0206451416, 123.684265137, 198.164382935, 131.286865234, 106.740318298, 108.696891785, 91.7162322998, 33.0384292603], [329.734191895, -45.521648407, 79.0665664673, 46.5646972656, 51.9721031189, 18.5613746643, 54.4086761475, 131.286865234, 189.754898071, 177.283752441, 142.039077759, 98.8445129395, 46.9100914001], [545.737915039, -171.548171997, 93.703994751, 27.4009876251, 18.16938591, -4.25335979462, 5.13440227509, 106.740318298, 177.283752441, 250.104354858, 201.677810669, 130.120681763, 65.1625061035], [452.119232178, -76.3567581177, 86.3301849365, 19.9843864441, 33.4447288513, -18.1217365265, 0.86568069458, 108.696891785, 142.039077759, 201.677810669, 241.542495728, 174.249893188, 69.3007965088], [407.084747314, -78.9598999023, 105.600875854, 14.3790950775, 49.4591903687, -9.68734359741, 9.31632518768, 91.7162322998, 98.8445129395, 130.120681763, 174.249893188, 202.147872925, 92.7959976196], [162.992111206, -110.242958069, 52.266078949, 21.6982326508, 36.8155937195, 30.7457618713, 31.7167339325, 33.0384292603, 46.9100914001, 65.1625061035, 69.3007965088, 92.7959976196, 121.041610718]], "icov": [[9.65488434304e-05, 3.68902146874e-05, -2.4726969059e-05, 4.15749454987e-05, -2.87271495836e-06, 7.8716329881e-05, 0.000155244837515, -0.000149321233039, 2.26538813877e-05, -0.000170485349372, 0.000110743952973, -9.14492702577e-05, -2.25248859351e-05], [3.68902146874e-05, 0.000554835016374, -1.28433757709e-05, -0.0003976803564, 6.95735070622e-05, 0.000385440624086, -0.000118164236483, -0.000540853885468, -9.72241759882e-05, 0.000867461785674, -0.000500655616634, 0.000222453221795, 0.000278801948298], [-2.4726969059e-05, -1.28433757709e-05, 0.00165161467157, 0.0002490618499, -0.00145878596231, 1.90250011656e-05, 0.00031475481228, -0.000250099081313, 0.000495095388032, -0.00108024803922, 0.000819057575427, -0.00069789722329, 0.000144208475831], [4.15749454987e-05, -0.0003976803564, 0.0002490618499, 0.00397854624316, -0.00268759927712, -0.000780120259151, 0.000419693154981, 0.00147149665281, -0.000941109668929, -0.00100835820194, 0.000358324294211, 0.000148667750182, -0.000146497375681], [-2.87271495836e-06, 6.95735070622e-05, -0.00145878596231, -0.00268759927712, 0.00743971858174, -0.00214977841824, -0.00123006722424, -0.00110344856512, -0.000470929517178, 0.00244375737384, -0.00113281293306, -0.000868643517606, 0.000267095834715], [7.8716329881e-05, 0.000385440624086, 1.90250011656e-05, -0.000780120259151, -0.00214977841824, 0.0109965903684, -0.00642508175224, -0.000855964026414, 0.003245763015, -0.00264301570132, 0.00113219185732, 0.0016420831671, -0.0015876366524], [0.000155244837515, -0.000118164236483, 0.00031475481228, 0.000419693154981, -0.00123006722424, -0.00642508175224, 0.014436731115, -0.00702230259776, -0.00256513943896, 0.00319684366696, 0.000508350727614, 0.00210521789268, -0.00301967910491], [-0.000149321233039, -0.000540853885468, -0.000250099081313, 0.00147149665281, -0.00110344856512, -0.000855964026414, -0.00702230259776, 0.0178738199174, -0.00869885273278, 0.001431292505, -0.0020861828234, -0.00417679222301, 0.00406438484788], [2.26538813877e-05, -9.72241759882e-05, 0.000495095388032, -0.000941109668929, -0.000470929517178, 0.003245763015, -0.00256513943896, -0.00869885273278, 0.0249385554343, -0.0168409552425, 0.00395523896441, -0.000615496304817, -0.000190225895494], [-0.000170485349372, 0.000867461785674, -0.00108024803922, -0.00100835820194, 0.00244375737384, -0.00264301570132, 0.00319684366696, 0.001431292505, -0.0168409552425, 0.0279091205448, -0.0171941574663, 0.00632920023054, -0.00313943182118], [0.000110743952973, -0.000500655616634, 0.000819057575427, 0.000358324294211, -0.00113281293306, 0.00113219185732, 0.000508350727614, -0.0020861828234, 0.00395523896441, -0.0171941574663, 0.026306618005, -0.0147331021726, 0.00342729315162], [-9.14492702577e-05, 0.000222453221795, -0.00069789722329, 0.000148667750182, -0.000868643517606, 0.0016420831671, 0.00210521789268, -0.00417679222301, -0.000615496304817, 0.00632920023054, -0.0147331021726, 0.0211315713823, -0.00989797338843], [-2.25248859351e-05, 0.000278801948298, 0.000144208475831, -0.000146497375681, 0.000267095834715, -0.0015876366524, -0.00301967910491, 0.00406438484788, -0.000190225895494, -0.00313943182118, 0.00342729315162, -0.00989797338843, 0.0159035976976]]}, "spectral_contrast_coeffs": {"dmean": [0.0609684437513, 0.0525829680264, 0.0512283295393, 0.0348607301712, 0.0233054775745, 0.0199331436306], "dmean2": [0.0969572216272, 0.0802501291037, 0.0812784135342, 0.0579772740602, 0.0385109707713, 0.0323182046413], "dvar": [0.00296530034393, 0.0020580443088, 0.00212742108852, 0.00105707312468, 0.000423858407885, 0.000427877384936], "dvar2": [0.0075734895654, 0.00454506324604, 0.00490294257179, 0.00265253055841, 0.00110715103801, 0.00104661774822], "max": [-0.216906130314, -0.367406904697, -0.345049202442, -0.519700706005, -0.637099504471, -0.570906937122], "mean": [-0.584653139114, -0.727856934071, -0.75344067812, -0.79281181097, -0.806795537472, -0.779937267303], "median": [-0.60683453083, -0.739508867264, -0.765304625034, -0.799538016319, -0.810208082199, -0.779870510101], "min": [-0.979640722275, -0.994066357613, -0.995200753212, -0.984300851822, -0.988279163837, -0.96437650919], "var": [0.0199767276645, 0.0100640552118, 0.00741758383811, 0.00309633673169, 0.00157799408771, 0.00186608592048]}, "spectral_contrast_valleys": {"dmean": [0.454682320356, 0.509801805019, 0.494906693697, 0.448887228966, 0.402337670326, 0.521124482155], "dmean2": [0.715414822102, 0.794501900673, 0.748842477798, 0.687996089458, 0.604451239109, 0.686888337135], "dvar": [0.229807585478, 0.298465520144, 0.294370651245, 0.306818902493, 0.316481262445, 0.468797504902], "dvar2": [0.476462632418, 0.601021468639, 0.584420025349, 0.607792496681, 0.595476210117, 0.797874033451], "max": [-5.2926325798, -4.29889440536, -5.04280948639, -5.71383714676, -5.69444227219, -7.53462600708], "mean": [-7.94698143005, -7.33645915985, -7.83958911896, -8.21829032898, -7.80670976639, -10.09040