{"lowlevel": {"average_loudness": 0.587309598923, "barkbands_crest": {"dmean": 2.5999891758, "dmean2": 4.09953784943, "dvar": 7.78878450394, "dvar2": 19.5438117981, "max": 26.5337562561, "mean": 13.3738441467, "median": 12.3478593826, "min": 3.73955011368, "var": 26.7494029999}, "barkbands_flatness_db": {"dmean": 0.0368717238307, "dmean2": 0.0547700300813, "dvar": 0.00163738441188, "dvar2": 0.00342351198196, "max": 0.895355343819, "mean": 0.349439650774, "median": 0.317976295948, "min": 0.0682668462396, "var": 0.0168847367167}, "barkbands_kurtosis": {"dmean": 3.91933250427, "dmean2": 5.9302945137, "dvar": 133.87437439, "dvar2": 330.230712891, "max": 293.704315186, "mean": 5.54118919373, "median": 1.90991210938, "min": -1.8904914856, "var": 219.161254883}, "barkbands_skewness": {"dmean": 0.618497312069, "dmean2": 0.90561413765, "dvar": 0.589348137379, "dvar2": 1.25903773308, "max": 11.4021749496, "mean": 0.900202810764, "median": 0.912709593773, "min": -6.01368284225, "var": 1.86726880074}, "barkbands_spread": {"dmean": 1.70800304413, "dmean2": 2.54162073135, "dvar": 4.04960393906, "dvar2": 8.78764724731, "max": 33.2359085083, "mean": 6.95951509476, "median": 6.27950334549, "min": 0.102352045476, "var": 21.987203598}, "dissonance": {"dmean": 0.0421079024673, "dmean2": 0.0708948299289, "dvar": 0.00202476861887, "dvar2": 0.00564065296203, "max": 0.497857570648, "mean": 0.377502739429, "median": 0.409726291895, "min": 0.0185921434313, "var": 0.00997628457844}, "dynamic_complexity": 7.62941408157, "erbbands_crest": {"dmean": 2.7658624649, "dmean2": 4.25511360168, "dvar": 7.76828765869, "dvar2": 18.3616905212, "max": 32.4421691895, "mean": 14.184882164, "median": 13.1657466888, "min": 3.26102471352, "var": 30.8255596161}, "erbbands_flatness_db": {"dmean": 0.0265568736941, "dmean2": 0.0375271514058, "dvar": 0.000832209014334, "dvar2": 0.00166767439805, "max": 0.689577937126, "mean": 0.377683907747, "median": 0.359660148621, "min": 0.09665389359, "var": 0.0103270737454}, "erbbands_kurtosis": {"dmean": 2.84800171852, "dmean2": 4.17833375931, "dvar": 66.9523391724, "dvar2": 148.783294678, "max": 200.56741333, "mean": 4.64313077927, "median": 1.17060947418, "min": -1.73969590664, "var": 181.968902588}, "erbbands_skewness": {"dmean": 0.488097041845, "dmean2": 0.717539250851, "dvar": 0.376628160477, "dvar2": 0.856983780861, "max": 8.1863899231, "mean": 0.67260658741, "median": 0.608948171139, "min": -2.91618490219, "var": 1.3430160284}, "erbbands_spread": {"dmean": 2.68624734879, "dmean2": 3.91640114784, "dvar": 8.48488521576, "dvar2": 17.6478843689, "max": 40.9672470093, "mean": 13.0154743195, "median": 12.856262207, "min": 0.278117716312, "var": 68.1830062866}, "hfc": {"dmean": 4.5187048912, "dmean2": 6.32169675827, "dvar": 149.511978149, "dvar2": 250.777648926, "max": 244.55821228, "mean": 13.7957277298, "median": 8.01930427551, "min": 1.141169241e-16, "var": 432.741851807}, "melbands_crest": {"dmean": 2.96185851097, "dmean2": 4.54636240005, "dvar": 9.83403015137, "dvar2": 23.1725711823, "max": 33.7220916748, "mean": 15.9442214966, "median": 14.9589481354, "min": 2.53541302681, "var": 37.5894775391}, "melbands_flatness_db": {"dmean": 0.0349903814495, "dmean2": 0.0505566336215, "dvar": 0.0017884040717, "dvar2": 0.00372304092161, "max": 1, "mean": 0.399204403162, "median": 0.351517826319, "min": 0.00615369342268, "var": 0.0256014373153}, "melbands_kurtosis": {"dmean": 3.53733921051, "dmean2": 5.32070732117, "dvar": 41.8597373962, "dvar2": 91.8274154663, "max": 132.512664795, "mean": 5.95971632004, "median": 3.10414171219, "min": -1.72111785412, "var": 89.1369628906}, "melbands_skewness": {"dmean": 0.607756793499, "dmean2": 0.898099601269, "dvar": 0.456698209047, "dvar2": 0.957160949707, "max": 7.09067344666, "mean": 1.12976789474, "median": 1.09920167923, "min": -4.26536798477, "var": 1.99164497852}, "melbands_spread": {"dmean": 2.74507021904, "dmean2": 4.11694860458, "dvar": 21.3844890594, "dvar2": 37.9133110046, "max": 142.005355835, "mean": 10.6111011505, "median": 9.58228969574, "min": 0.15889967978, "var": 65.4012069702}, "pitch_salience": {"dmean": 0.0820246264338, "dmean2": 0.130523473024, "dvar": 0.0072580864653, "dvar2": 0.0184084847569, "max": 0.838275074959, "mean": 0.470752835274, "median": 0.475939750671, "min": 0.00893282704055, "var": 0.0171696618199}, "silence_rate_20dB": {"dmean": 0, "dmean2": 0, "dvar": 0, "dvar2": 0, "max": 1, "mean": 1, "median": 1, "min": 1, "var": 0}, "silence_rate_30dB": {"dmean": 0.0093727465719, "dmean2": 0.0187522545457, "dvar": 0.00928480736911, "dvar2": 0.0198427252471, "max": 1, "mean": 0.989549577236, "median": 1, "min": 0, "var": 0.01034110412}, "silence_rate_60dB": {"dmean": 0.0151405911893, "dmean2": 0.030292103067, "dvar": 0.0149110229686, "dvar2": 0.0365850999951, "max": 1, "mean": 0.250450462103, "median": 0, "min": 0, "var": 0.187728151679}, "spectral_centroid": {"dmean": 113.197212219, "dmean2": 155.865615845, "dvar": 77839.109375, "dvar2": 80267.8828125, "max": 10950.8574219, "mean": 825.411193848, "median": 720.737854004, "min": 81.1019515991, "var": 220785.09375}, "spectral_complexity": {"dmean": 1.64311468601, "dmean2": 2.71763443947, "dvar": 6.9684844017, "dvar2": 16.5575828552, "max": 44, "mean": 8.70954990387, "median": 9, "min": 0, "var": 37.8778419495}, "spectral_decrease": {"dmean": 1.09124842496e-09, "dmean2": 1.49209788969e-09, "dvar": 7.67204062443e-18, "dvar2": 1.32180988616e-17, "max": -5.25891240793e-29, "mean": -4.1953787111e-09, "median": -3.03619951403e-09, "min": -5.2852300314e-08, "var": 2.68478590443e-17}, "spectral_energy": {"dmean": 0.00450375536457, "dmean2": 0.00616823602468, "dvar": 0.000132820030558, "dvar2": 0.000227992088185, "max": 0.221658885479, "mean": 0.0170856546611, "median": 0.0122305871919, "min": 1.05492233756e-20, "var": 0.000456072448287}, "spectral_energyband_high": {"dmean": 2.67351006187e-05, "dmean2": 3.77681899408e-05, "dvar": 1.11591695884e-08, "dvar2": 2.32040129333e-08, "max": 0.00360797927715, "mean": 4.93307707075e-05, "median": 4.2404449232e-06, "min": 7.73930699061e-21, "var": 3.81429501317e-08}, "spectral_energyband_low": {"dmean": 0.000155245696078, "dmean2": 0.000294058962027, "dvar": 2.81218092368e-07, "dvar2": 8.08855986634e-07, "max": 0.00616729306057, "mean": 9.45472493186e-05, "median": 2.23404140343e-06, "min": 5.13273799486e-23, "var": 1.5710737955e-07}, "spectral_energyband_middle_high": {"dmean": 0.00350561458617, "dmean2": 0.00492819258943, "dvar": 0.000142966411659, "dvar2": 0.000246113952016, "max": 0.219039231539, "mean": 0.00706198532134, "median": 0.00178763701115, "min": 1.22273298945e-21, "var": 0.000300375308143}, "spectral_energyband_middle_low": {"dmean": 0.00239066104405, "dmean2": 0.00331859919243, "dvar": 2.93755038001e-05, "dvar2": 5.72487260797e-05, "max": 0.129846677184, "mean": 0.0100816804916, "median": 0.007510938216, "min": 3.87956921183e-22, "var": 0.000139871408464}, "spectral_entropy": {"dmean": 0.299070268869, "dmean2": 0.438094317913, "dvar": 0.114613339305, "dvar2": 0.204741075635, "max": 9.8054189682, "mean": 5.9366774559, "median": 6.21789693832, "min": 2.18763613701, "var": 1.07537317276}, "spectral_flux": {"dmean": 0.0237652510405, "dmean2": 0.0386182628572, "dvar": 0.001246802276, "dvar2": 0.00314648286439, "max": 0.41691660881, "mean": 0.0454337000847, "median": 0.0309857949615, "min": 1.02709410421e-10, "var": 0.00216730614193}, "spectral_kurtosis": {"dmean": 36.6292572021, "dmean2": 62.7291183472, "dvar": 9258.40136719, "dvar2": 25553.46875, "max": 1572.45471191, "mean": 79.1151046753, "median": 19.8010673523, "min": -1.21964490414, "var": 24277.1796875}, "spectral_rms": {"dmean": 0.00041677991976, "dmean2": 0.000567380862776, "dvar": 4.9805657909e-07, "dvar2": 8.14171755792e-07, "max": 0.0147055285051, "mean": 0.0033910269849, "median": 0.00345431338064, "min": 3.20810305404e-12, "var": 5.16987029187e-06}, "spectral_rolloff": {"dmean": 149.738357544, "dmean2": 250.493377686, "dvar": 288841.71875, "dvar2": 464428.59375, "max": 18690.8203125, "mean": 963.042785645, "median": 839.794921875, "min": 64.599609375, "var": 559884.8125}, "spectral_skewness": {"dmean": 1.28798425198, "dmean2": 2.17812299728, "dvar": 3.49612641335, "dvar2": 9.33238315582, "max": 36.3653182983, "mean": 4.9426445961, "median": 2.85163784027, "min": -0.0336546450853, "var": 27.3344898224}, "spectral_spread": {"dmean": 357836.71875, "dmean2": 546737.5, "dvar": 1004805554180.0, "dvar2": 960178880512, "max": 42373980, "mean": 1758993.75, "median": 1688081, "min": 66152.859375, "var": 1960369717250.0}, "spectral_strongpeak": {"dmean": 0.653963506222, "dmean2": 0.987937271595, "dvar": 1.66362774372, "dvar2": 3.37964820862, "max": 20.0140304565, "mean": 1.85901093483, "median": 1.33838093281, "min": 0, "var": 4.71294927597}, "zerocrossingrate": {"dmean": 0.00393898971379, "dmean2": 0.00475832121447, "dvar": 0.000186115401448, "dvar2": 0.000293547898764, "max": 0.51611328125, "mean": 0.0350740775466, "median": 0.033203125, "min": 0.00244140625, "var": 0.000425023346907}, "barkbands": {"dmean": [2.05682954402e-06, 5.88081893511e-05, 6.52948001516e-05, 9.31353933993e-05, 0.00044795856229, 0.000719847856089, 0.000441679410869, 0.000847068964504, 0.00134236062877, 0.00117102265358, 0.000442075659521, 0.00202775700018, 0.000161065472639, 0.000374218448997, 7.75812368374e-05, 8.41534347273e-05, 7.79731271905e-05, 0.000110443754238, 6.39762802166e-05, 2.67502600764e-05, 1.21737330119e-05, 4.25748385169e-06, 1.83173051482e-06, 1.03920876882e-06, 3.20949624211e-07, 3.15230579417e-08, 1.4011120042e-09], "dmean2": [3.59441742148e-06, 0.000111931163701, 0.000126187689602, 0.000154128210852, 0.000663756392896, 0.00089880725136, 0.000684219470713, 0.00116486626212, 0.00198256503791, 0.00178245978896, 0.000717667979188, 0.00273075676523, 0.00025443310733, 0.000578933628276, 0.000126162034576, 0.000127563209389, 0.000125316277263, 0.000170295330463, 9.81540288194e-05, 3.77215437766e-05, 1.96796081582e-05, 6.40412326902e-06, 2.7697456062e-06, 1.49629863699e-06, 4.94797859574e-07, 4.99997838688e-08, 2.34584307535e-09], "dvar": [3.35310598731e-11, 4.13574845481e-08, 5.55885364406e-08, 1.08792654885e-07, 1.61237232987e-06, 1.86105194189e-06, 1.80754204848e-06, 2.84205430034e-06, 2.91530923278e-05, 3.41326085618e-05, 1.05633189378e-05, 9.49189707171e-05, 4.368558848e-07, 2.16307535084e-06, 5.44451204121e-08, 1.83371440698e-07, 9.88718156236e-08, 1.51642552737e-07, 4.37182201551e-08, 9.66537161418e-09, 8.23166868003e-09, 1.15756437769e-09, 9.38481861668e-11, 1.70569756236e-11, 2.25865159909e-12, 2.52678093564e-14, 2.66065787314e-17], "dvar2": [9.01239499695e-11, 1.18320556908e-07, 1.61082780892e-07, 2.06988275409e-07, 3.71796431864e-06, 3.00372789752e-06, 3.46968272424e-06, 5.44571503269e-06, 5.80331325182e-05, 6.9798239565e-05, 2.32389284065e-05, 0.000149234590936, 1.07837604446e-06, 5.14955172548e-06, 1.49725295273e-07, 3.72140192439e-07, 2.46631941536e-07, 3.16521067134e-07, 1.02018631765e-07, 1.68503593301e-08, 2.27237340056e-08, 3.25579030402e-09, 2.1927565319e-10, 3.68256224126e-11, 5.37946770462e-12, 6.23860907595e-14, 6.78397554832e-17], "max": [7.89749610703e-05, 0.00233148643747, 0.00280155311339, 0.00628433888778, 0.0277800038457, 0.051531355828, 0.0211300272495, 0.041071202606, 0.125826075673, 0.151542544365, 0.0929506272078, 0.216071859002, 0.0151840755716, 0.0246126279235, 0.0040849680081, 0.0184924826026, 0.00815607700497, 0.016461705789, 0.0040577291511, 0.0032497944776, 0.00304797128774, 0.00155764550436, 0.000300150219118, 7.08679071977e-05, 3.33388416038e-05, 3.59417731488e-06, 1.42325447428e-07], "mean": [1.45744229485e-06, 3.43153733411e-05, 3.62097707693e-05, 0.000103578408016, 0.00108633248601, 0.00270699593239, 0.000876489677466, 0.00208105402999, 0.00298604508862, 0.00190802756697, 0.000558532192372, 0.00318488525227, 0.000211543010664, 0.000572165416088, 0.000109373919258, 0.000129895517603, 0.000123449484818, 0.000195979882847, 9.52496629907e-05, 5.71749988012e-05, 1.68237675098e-05, 5.79312927584e-06, 2.47360844696e-06, 1.36114920224e-06, 3.99768083525e-07, 3.75216870907e-08, 1.57932389389e-09], "median": [1.039128108e-07, 4.87748991418e-07, 4.35749029748e-07, 7.19115860193e-07, 0.000204302195925, 0.000659716024529, 6.15434764768e-05, 0.000676188850775, 0.000475436536362, 0.000147183018271, 8.95608536666e-05, 0.000213219449506, 2.54073074757e-05, 7.54641805543e-05, 1.66566078406e-05, 2.06178829103e-05, 1.2274043911e-05, 1.46621259773e-05, 6.48879949949e-06, 3.56349255526e-06, 1.28127408061e-06, 2.24610403166e-07, 3.5902818496e-08, 7.55007256714e-09, 1.05364417191e-09, 3.64271612874e-10, 2.22212664935e-10], "min": [1.25770863021e-23, 2.75262284369e-23, 7.17407659363e-25, 5.76667971339e-24, 5.05702943607e-23, 3.14082508168e-23, 2.9132677406e-23, 8.57957862998e-23, 6.39656258478e-23, 2.75997187188e-23, 6.65257950297e-23, 5.36472810313e-23, 6.94597833063e-23, 8.20492839125e-23, 9.36584954708e-23, 1.13915591547e-22, 1.64599967816e-22, 1.55177535485e-22, 2.44246835795e-22, 2.26669172048e-22, 4.58804279267e-22, 4.0199483352e-22, 7.15856511121e-22, 6.90976014875e-22, 1.1571836717e-21, 1.47498864408e-21, 2.14890173642e-21], "var": [2.30011825558e-11, 2.32335466421e-08, 3.00466531655e-08, 2.11612004364e-07, 6.17545128989e-06, 3.00181145576e-05, 5.24873257746e-06, 1.09731845441e-05, 8.43693997012e-05, 7.17288494343e-05, 1.11189274321e-05, 0.000183990152436, 5.05545699525e-07, 3.70454336007e-06, 7.00897970773e-08, 3.25072562646e-07, 1.62633810419e-07, 6.69348480642e-07, 7.62679448485e-08, 5.54087655757e-08, 8.8586951108e-09, 1.46570433568e-09, 1.25650198579e-10, 2.83569175086e-11, 3.05132069785e-12, 3.04743480884e-14, 3.01676508254e-17]}, "erbbands": {"dmean": [0.00117125699762, 0.0154577773064, 0.0651797950268, 0.189563155174, 0.85992372036, 1.43241083622, 4.31559753418, 6.56727027893, 7.47642087936, 7.19553232193, 20.2430820465, 21.239397049, 43.5684013367, 28.5932292938, 47.5981559753, 45.0198059082, 8.05366420746, 11.4395494461, 12.4983692169, 2.99379658699, 5.93765687943, 4.2586388588, 7.05850982666, 2.92776489258, 2.06512141228, 1.11580300331, 0.600466787815, 0.360243797302, 0.178143918514, 0.0785733386874, 0.048522118479, 0.0273048300296, 0.0138644305989, 0.00543632544577, 0.00153364962898, 0.000281470187474, 3.75651143258e-05, 3.92610400013e-06, 2.50994685302e-06, 5.36597099199e-06], "dmean2": [0.0022165288683, 0.0294602774084, 0.125307515264, 0.330683588982, 1.39074409008, 2.19695782661, 5.66413593292, 8.43401241302, 11.1902837753, 10.0182619095, 28.4977207184, 31.9600887299, 64.7885742188, 43.0913276672, 62.3564491272, 63.5511856079, 12.260892868, 17.9658432007, 19.5840835571, 4.71444988251, 8.91180992126, 6.78089141846, 10.9325819016, 4.36498403549, 3.06692123413, 1.63519847393, 0.90936601162, 0.594467163086, 0.278613209724, 0.115619286895, 0.0719024017453, 0.0400152280927, 0.0207018647343, 0.00820105150342, 0.00238781166263, 0.000438350951299, 5.92372634856e-05, 6.04610795563e-06, 3.46016236108e-06, 7.36705396776e-06], "dvar": [1.53924193e-05, 0.00291376700625, 0.0550540946424, 0.337174683809, 11.5811004639, 21.6850814819, 75.2989501953, 232.587081909, 490.129608154, 223.166687012, 1287.05883789, 5575.27880859, 31984.4277344, 32179.2382812, 56228.8867188, 38045.8125, 689.397521973, 3745.70581055, 2051.55200195, 57.0998001099, 890.942138672, 248.075073242, 632.165649414, 78.0892486572, 48.4339332581, 17.5410137177, 21.0651016235, 8.61009693146, 2.54750871658, 0.118331171572, 0.0477265566587, 0.0125994281843, 0.0034059707541, 0.000591303396504, 5.38501917617e-05, 1.90485855001e-06, 3.33298650901e-08, 3.12869480323e-10, 3.95343757731e-11, 1.89871521283e-10], "dvar2": [4.40323383373e-05, 0.0083426758647, 0.159698173404, 0.822208404541, 24.9690685272, 50.9418563843, 125.181350708, 359.359008789, 912.492614746, 451.868865967, 2640.87329102, 11127.0722656, 63705.1953125, 69153.9140625, 83945.46875, 66876.71875, 1556.2800293, 8369.45800781, 5207.23242188, 138.774795532, 1834.90466309, 570.09777832, 1302.72314453, 180.321746826, 102.269775391, 34.0122871399, 52.0014610291, 24.7424430847, 7.16273927689, 0.22182187438, 0.10308111459, 0.0288404449821, 0.00742722256109, 0.00137985579204, 0.000127597173559, 4.59523107565e-06, 8.30586088796e-08, 7.67330587959e-10, 6.60274751541e-11, 3.24464427548e-10], "max": [0.0411751866341, 0.635590136051, 2.84271073341, 7.48788642883, 74.6192474365, 106.511169434, 224.334274292, 622.192504883, 382.361328125, 298.490081787, 715.446838379, 1781.93920898, 3953.93920898, 5957.89892578, 5170.66455078, 4647.24853516, 474.67767334, 1403.63342285, 1000.84881592, 129.188278198, 1268.97644043, 559.948303223, 1060.29248047, 182.222320557, 178.879776001, 180.188323975, 190.318603516, 122.693489075, 72.8489761353, 12.5473213196, 4.68956136703, 2.15360975266, 1.0903660059, 0.524554610252, 0.156472668052, 0.0316493324935, 0.00420821690932, 0.000467571546324, 0.000122639874462, 0.000267237104708], "mean": [0.000696887611412, 0.00900970492512, 0.0378389619291, 0.185508280993, 1.31565785408, 3.37047338486, 12.1700325012, 25.938867569, 18.0966777802, 18.3219928741, 53.1505584717, 45.7487792969, 83.0551757812, 45.4169158936, 73.389213562, 71.5378799438, 13.1728057861, 17.1708469391, 20.9956130981, 5.23162746429, 9.83817672729, 7.92290306091, 12.8012428284, 5.05956029892, 3.75973367691, 2.30489420891, 0.936191558838, 0.501593530178, 0.230389744043, 0.124038204551, 0.0662012323737, 0.0365710444748, 0.0173782836646, 0.00682556629181, 0.00183848652523, 0.000344845553627, 5.11243160872e-05, 6.54193809169e-06, 9.24487630982e-06, 2.0058143491e-05], "median": [1.95135289687e-05, 0.000162049022038, 0.000880816427525, 0.00404044706374, 0.0422994159162, 0.702232241631, 4.63600254059, 4.03537845612, 2.66933083534, 5.02569532394, 22.2080059052, 10.671579361, 9.32686424255, 8.3935585022, 7.07488536835, 6.30096054077, 2.94241738319, 3.52141809464, 2.94397735596, 1.48656570911, 1.59585571289, 1.25810706615, 1.00000524521, 0.5300116539, 0.296552121639, 0.15906073153, 0.0775212720037, 0.0312523283064, 0.0103163588792, 0.0038715149276, 0.00109685503412, 0.000294730823953, 9.25998465391e-05, 3.87843101635e-05, 2.17450360651e-05, 1.34868641908e-05, 7.15045234756e-06, 1.8670884856e-06, 6.56138945487e-06, 1.41608652484e-05], "min": [1.68960717694e-21, 2.92104151675e-21, 1.77797686491e-21, 1.11923199511e-20, 4.04711007077e-20, 2.04811871297e-19, 2.46147572847e-19, 1.62011077787e-19, 2.5425094432e-19, 1.15769189663e-18, 1.50820688947e-18, 1.60833058857e-18, 7.85957446341e-19, 2.12660608144e-18, 2.43114399768e-18, 2.61393416265e-18, 3.35295986258e-18, 3.75532346678e-18, 3.34801125456e-18, 4.65802360131e-18, 6.91472451359e-18, 9.36474084374e-18, 9.29783103117e-18, 1.09215121274e-17, 1.16992976496e-17, 1.01060683805e-17, 1.41764016633e-17, 2.10762807664e-17, 1.467206483e-17, 1.50887984226e-17, 1.80615234167e-17, 1.53998100611e-17, 1.04155464262e-17, 1.29010165446e-17, 9.3472922959e-18, 6.02399616407e-18, 2.47401552806e-18, 1.26765842464e-18, 3.05706231312e-19, 2.99429526663e-20], "var": [8.6928384917e-06, 0.00163177901413, 0.0297872647643, 0.428246289492, 24.9703273773, 72.4417800903, 413.06048584, 4129.37255859, 1604.4230957, 827.389709473, 5206.02099609, 15905.1142578, 77092.6171875, 37965.765625, 109254.320312, 71932.71875, 1142.34301758, 4359.97412109, 4361.87695312, 107.170982361, 1672.72827148, 520.207458496, 2861.203125, 168.457229614, 164.263259888, 90.6217498779, 24.7084846497, 10.0829200745, 3.06161904335, 0.268147140741, 0.0759737566113, 0.0206071417779, 0.00502617796883, 0.000832251447719, 6.78743454046e-05, 2.39652126766e-06, 4.03553954698e-08, 4.01170402453e-10, 1.37033023817e-10, 6.42036035448e-10]}, "gfcc": {"mean": [-230.33770752, 170.725128174, -172.817596436, -42.3411407471, -68.611114502, -40.0238189697, -25.6897697449, -17.3753604889, -12.9416751862, -14.2601194382, -2.07030415535, -5.69669389725, 4.97148180008], "cov": [[29082.3964844, -4050.55053711, -10101.2978516, 376.963195801, -1537.86303711, -943.401794434, -585.666259766, -924.562072754, -964.522338867, -581.725646973, 433.735229492, 62.3813362122, -109.023872375], [-4050.55053711, 2384.14501953, 1701.0657959, -814.213684082, 850.293518066, -158.360366821, 176.913696289, 49.4263305664, 335.028442383, 133.054092407, -50.1026229858, -123.073631287, -26.0684757233], [-10101.2978516, 1701.0657959, 5660.80078125, -68.4470672607, 197.216293335, 950.53137207, -13.2853374481, 389.875396729, 207.643539429, 53.5265350342, -297.061157227, -171.11227417, -17.530412674], [376.963195801, -814.213684082, -68.4470672607, 2115.08935547, -87.772605896, 336.286102295, 276.805786133, 10.4918670654, -137.919540405, -89.0202636719, 12.2665348053, 81.9920425415, -146.102706909], [-1537.86303711, 850.293518066, 197.216293335, -87.772605896, 770.159423828, -111.852493286, 186.752685547, 100.175941467, 184.060958862, 165.176177979, 12.0587673187, 1.89640247822, -40.0384864807], [-943.401794434, -158.360366821, 950.53137207, 336.286102295, -111.852493286, 972.789672852, 121.209869385, 195.316177368, -31.3729324341, -95.1398391724, -104.776893616, -52.7738304138, -29.7263031006], [-585.666259766, 176.913696289, -13.2853374481, 276.805786133, 186.752685547, 121.209869385, 322.061706543, 62.7855186462, 50.9622840881, 3.05115628242, 28.8755073547, 53.1364326477, -1.87658309937], [-924.562072754, 49.4263305664, 389.875396729, 10.4918670654, 100.175941467, 195.316177368, 62.7855186462, 230.703948975, 118.533042908, 44.5014801025, -70.4372329712, -33.4554481506, -0.458657562733], [-964.522338867, 335.028442383, 207.643539429, -137.919540405, 184.060958862, -31.3729324341, 50.9622840881, 118.533042908, 232.513748169, 120.636543274, -8.81297779083, -49.2298812866, -5.79864358902], [-581.725646973, 133.054092407, 53.5265350342, -89.0202636719, 165.176177979, -95.1398391724, 3.05115628242, 44.5014801025, 120.636543274, 197.024307251, 72.1474914551, 22.649181366, -13.0275335312], [433.735229492, -50.1026229858, -297.061157227, 12.2665348053, 12.0587673187, -104.776893616, 28.8755073547, -70.4372329712, -8.81297779083, 72.1474914551, 178.148086548, 124.138946533, 21.3911972046], [62.3813362122, -123.073631287, -171.11227417, 81.9920425415, 1.89640247822, -52.7738304138, 53.1364326477, -33.4554481506, -49.2298812866, 22.649181366, 124.138946533, 186.653091431, 69.9658889771], [-109.023872375, -26.0684757233, -17.530412674, -146.102706909, -40.0384864807, -29.7263031006, -1.87658309937, -0.458657562733, -5.79864358902, -13.0275335312, 21.3911972046, 69.9658889771, 110.247711182]], "icov": [[0.000151412343257, -0.000138715069625, 0.000319924292853, -6.06323446846e-05, 0.000189871920156, -0.000134040747071, 0.000320869701682, -0.000244663679041, 0.000390345521737, 0.000112349109259, -0.000368820939912, 0.00032960929093, 2.08994479181e-05], [-0.000138715069625, 0.00240468932316, -0.00107868597843, 0.000842875277158, -0.00224041729234, 0.000529461598489, -0.00134089251515, 0.00249693682417, -0.00269713741727, 0.00206284481101, -0.000508559343871, 0.000414543173974, 0.000631067028735], [0.000319924292853, -0.00107868597843, 0.00119535101112, -0.00038822912029, 0.00104401481804, -0.000690169981681, 0.00120049517136, -0.0012689268915, 0.00144446769264, -0.000683879479766, -1.93802170543e-05, 0.000224478018936, -0.00019842403708], [-6.06323446846e-05, 0.000842875277158, -0.00038822912029, 0.00105019810144, -0.000524774251971, 8.15115781734e-05, -0.00113965175115, 0.000943779770751, -0.000809016812127, 0.000673232309055, 0.000506064563524, -0.00106245290954, 0.00189834914636], [0.000189871920156, -0.00224041729234, 0.00104401481804, -0.000524774251971, 0.00440335692838, -0.000149815619807, -0.000193776737433, -0.0023062475957, 0.00201774644665, -0.00332378735766, 0.00166713702492, -0.00130663707387, 0.000893566408195], [-0.000134040747071, 0.000529461598489, -0.000690169981681, 8.15115781734e-05, -0.000149815619807, 0.00210803980008, -0.00121946400031, -0.00133508839644, 0.000397817027988, 0.000860432977788, -0.000667887157761, 0.000789361598436, 0.0002298316831], [0.000320869701682, -0.00134089251515, 0.00120049517136, -0.00113965175115, -0.000193776737433, -0.00121946400031, 0.00671929027885, -0.00203232211061, -6.95359267411e-05, 0.0016518291086, -0.00160865625367, -0.00097550341161, -0.0004896792816], [-0.000244663679041, 0.00249693682417, -0.0012689268915, 0.000943779770751, -0.0023062475957, -0.00133508839644, -0.00203232211061, 0.0130892135203, -0.00799017213285, -0.000157856455189, 0.006282213144, -0.00394485052675, 0.00106539297849], [0.000390345521737, -0.00269713741727, 0.00144446769264, -0.000809016812127, 0.00201774644665, 0.000397817027988, -6.95359267411e-05, -0.00799017213285, 0.0153610436246, -0.00680791400373, -0.00311731500551, 0.0069298199378, -0.00407806923613], [0.000112349109259, 0.00206284481101, -0.000683879479766, 0.000673232309055, -0.00332378735766, 0.000860432977788, 0.0016518291086, -0.000157856455189, -0.00680791400373, 0.0147617692128, -0.0074475496076, 0.000420669937739, 0.00299901049584], [-0.000368820939912, -0.000508559343871, -1.93802170543e-05, 0.000506064563524, 0.00166713702492, -0.000667887157761, -0.00160865625367, 0.006282213144, -0.00311731500551, -0.0074475496076, 0.0212421473116, -0.0149731375277, 0.00494343973696], [0.00032960929093, 0.000414543173974, 0.000224478018936, -0.00106245290954, -0.00130663707387, 0.000789361598436, -0.00097550341161, -0.00394485052675, 0.0069298199378, 0.000420669937739, -0.0149731375277, 0.0222499277443, -0.0120439687744], [2.08994479181e-05, 0.000631067028735, -0.00019842403708, 0.00189834914636, 0.000893566408195, 0.0002298316831, -0.0004896792816, 0.00106539297849, -0.00407806923613, 0.00299901049584, 0.00494343973696, -0.0120439687744, 0.0189312510192]]}, "melbands": {"dmean": [1.36253283927e-05, 3.02725820802e-05, 5.22772497789e-05, 7.88319666754e-05, 0.000129160456709, 0.000144437042763, 0.000107132698759, 0.00011232028919, 0.000166748577612, 0.000158887371072, 0.000230075791478, 0.000128597166622, 0.000103735234006, 0.000259298423771, 2.91183223453e-05, 2.0171957658e-05, 2.3846010663e-05, 2.72964934993e-05, 6.14690043221e-06, 3.79276957574e-06, 7.6789956438e-06, 4.91558057547e-06, 7.04816920916e-06, 3.59806449524e-06, 2.63594347416e-06, 2.3885322662e-06, 1.19290757539e-06, 7.56970507609e-07, 4.58973318018e-07, 2.82434996279e-07, 1.70054249793e-07, 1.33060808594e-07, 5.63762192485e-08, 4.39497753746e-08, 2.88562489459e-08, 2.25511804786e-08, 1.59559867541e-08, 1.04568149695e-08, 7.24179161082e-09, 3.78323017358e-09], "dmean2": [2.58302952716e-05, 5.80328487558e-05, 8.71419615578e-05, 0.000125928447233, 0.000170043320395, 0.000185220240382, 0.000160096780746, 0.00015096036077, 0.00023860798683, 0.000236820662394, 0.000342363317031, 0.000193691128516, 0.000139043229865, 0.000349897076376, 4.59334514744e-05, 3.15217730531e-05, 3.73873263015e-05, 4.25287362305e-05, 9.85536553344e-06, 5.84842382523e-06, 1.15785969683e-05, 7.7909862739e-06, 1.11053368528e-05, 5.45265811525e-06, 4.00955241275e-06, 3.70734801436e-06, 1.70125883869e-06, 1.0933381418e-06, 7.06589787569e-07, 4.65347852696e-07, 2.82933370954e-07, 2.15977919993e-07, 8.25021047035e-08, 6.7087093214e-08, 4.35940599175e-08, 3.42880959181e-08, 2.35376962365e-08, 1.5777130713e-08, 1.13017941672e-08, 5.7884310678e-09], "dvar": [2.15140616433e-09, 1.16669536254e-08, 2.99235480838e-08, 8.86460611582e-08, 7.49447792714e-08, 9.8484193245e-08, 8.99240077956e-08, 5.46774359123e-08, 8.59370246076e-08, 4.41256162276e-07, 9.22538106352e-07, 5.3633891639e-07, 2.3949229444e-07, 1.58108184678e-06, 2.61970782844e-08, 8.7456042408e-09, 1.32261162022e-08, 1.10772857553e-08, 3.32150085214e-10, 2.09952444319e-10, 1.42660061542e-09, 4.75704475811e-10, 5.665011793e-10, 1.39634748209e-10, 6.82391435025e-11, 6.63492732977e-11, 2.4944624491e-11, 1.03257818962e-11, 1.71323320114e-11, 3.83265294501e-12, 1.59004396021e-12, 2.12025557701e-12, 6.09013233181e-14, 5.48855191439e-14, 1.70003747679e-14, 1.07482628009e-14, 4.3756201631e-15, 1.96141130376e-15, 1.0910071293e-15, 3.09479501496e-16], "dvar2": [6.14288797607e-09, 3.3712769465e-08, 6.10573849258e-08, 2.14968338241e-07, 1.2391687676e-07, 1.56483409341e-07, 1.72725748371e-07, 1.00739249831e-07, 1.77108702815e-07, 8.68224617534e-07, 1.83502777418e-06, 1.14523709271e-06, 3.78896658049e-07, 2.54557812696e-06, 6.37685317884e-08, 2.04590371311e-08, 2.98318880709e-08, 2.76499694252e-08, 9.24992360485e-10, 4.37107766649e-10, 3.01107583311e-09, 1.10063513858e-09, 1.2466139232e-09, 2.73821021413e-10, 1.58481908152e-10, 1.56032464727e-10, 4.31694853475e-11, 1.83262242187e-11, 4.245029675e-11, 1.0649486501e-11, 4.6853636422e-12, 5.81497740584e-12, 1.37065285879e-13, 1.14137147541e-13, 3.71029365543e-14, 2.57586175154e-14, 1.00733511837e-14, 4.32025343099e-15, 2.39901414706e-15, 7.38602089154e-16], "max": [0.000513972598128, 0.00130608142354, 0.00318922055885, 0.00696309003979, 0.0058341617696, 0.0123975016177, 0.00490814773366, 0.00565944379196, 0.00468461913988, 0.0160899460316, 0.0216328501701, 0.0228544212878, 0.0100218290463, 0.0293632429093, 0.00451974291354, 0.00224425969645, 0.00257625803351, 0.00233654654585, 0.000336618744768, 0.00047245589667, 0.00151428754907, 0.000751898100134, 0.00101827061735, 0.00046737678349, 0.000170743704075, 0.000142907825648, 0.000193065759959, 0.000172359679709, 0.000175684894202, 7.11748652975e-05, 5.30789657205e-05, 6.58173521515e-05, 7.42203519621e-06, 9.68002404989e-06, 2.95431186714e-06, 2.52389622801e-06, 1.30359205741e-06, 8.23145910545e-07, 6.51344407743e-07, 3.86272404285e-07], "mean": [8.03839157015e-06, 1.70723524207e-05, 6.13760057604e-05, 0.000149572602822, 0.000366058346117, 0.000560067477636, 0.000262307294179, 0.000278713414446, 0.000439448922407, 0.000332827912644, 0.00043477548752, 0.000201188697247, 0.000157407237566, 0.000404055521358, 3.83691040042e-05, 2.63383608399e-05, 3.51811249857e-05, 4.490459105e-05, 9.50550202106e-06, 5.15270630785e-06, 1.244235591e-05, 7.76374690759e-06, 1.2401668755e-05, 6.41484166408e-06, 4.0875902414e-06, 3.62523428521e-06, 2.2559199806e-06, 1.42733654229e-06, 6.36347010641e-07, 3.7366251604e-07, 2.25713677082e-07, 1.49845305941e-07, 8.21033125931e-08, 5.97537948011e-08, 3.91884924511e-08, 2.79954459614e-08, 2.01868708416e-08, 1.28544090927e-08, 8.64210480955e-09, 4.66965488499e-09], "median": [1.41895583283e-07, 2.33277930306e-07, 5.58493013614e-07, 1.23739800983e-05, 0.000135024965857, 0.00010349695367, 3.41180748364e-05, 5.20227731613e-05, 0.000169246050064, 5.07240838488e-05, 4.40233379777e-05, 2.99290149997e-05, 2.25247640628e-05, 2.25781095651e-05, 4.00950284529e-06, 2.37385211221e-06, 5.85722864344e-06, 4.44654460807e-06, 1.51685355831e-06, 1.00189436125e-06, 1.49384459291e-06, 8.22134211376e-07, 8.5439751274e-07, 5.74582259105e-07, 3.50421743178e-07, 2.40892006786e-07, 1.41064560921e-07, 8.2687947156e-08, 4.46772148166e-08, 2.39634232457e-08, 1.16712399745e-08, 5.25289411968e-09, 3.0488873648e-09, 1.35446220906e-09, 5.4641363656e-10, 2.44753134426e-10, 1.08713878177e-10, 4.82629942955e-11, 2.05913949086e-11, 1.12756280007e-11], "min": [1.15569014028e-23, 1.69223897312e-24, 2.45722875013e-24, 9.13983316689e-24, 7.32225267619e-24, 4.31671944857e-24, 4.79695864058e-24, 1.45390946028e-23, 9.39469755929e-24, 1.0403356412e-23, 3.23129772452e-24, 7.8975563126e-24, 8.09118853267e-24, 8.8218614798e-24, 6.5070536775e-24, 7.63800766414e-24, 6.91070867511e-24, 4.46442142573e-24, 7.50630418057e-24, 5.6969124605e-24, 8.54546434013e-24, 9.18810514341e-24, 8.69997773678e-24, 8.89339854213e-24, 8.46326187837e-24, 1.06575739384e-23, 5.66746901607e-24, 6.8168318608e-24, 8.35549480124e-24, 1.19013504173e-23, 1.08086668342e-23, 7.78911633712e-24, 8.09329794673e-24, 8.6661285042e-24, 1.08418865557e-23, 9.06927192551e-24, 9.67437320488e-24, 6.26940065233e-24, 8.63663772812e-24, 1.12465927105e-23], "var": [1.2178145159e-09, 6.36812336197e-09, 5.66944606817e-08, 2.18438557908e-07, 4.00057359684e-07, 1.66007828284e-06, 3.03822986325e-07, 2.24242313607e-07, 3.73766170014e-07, 1.20529205105e-06, 2.21314689952e-06, 7.06053697286e-07, 4.39599318725e-07, 3.03821525449e-06, 3.677726923e-08, 1.02762998111e-08, 1.68127858302e-08, 2.38815172082e-08, 5.31991062314e-10, 3.57583768151e-10, 2.71121791684e-09, 7.88553555786e-10, 2.45277553823e-09, 6.25627105677e-10, 1.31915853241e-10, 1.14965148512e-10, 1.23853427514e-10, 6.49476653014e-11, 1.74234741218e-11, 4.36726826578e-12, 1.91657388744e-12, 2.34666236096e-12, 1.11680663903e-13, 8.39032145085e-14, 2.68438971138e-14, 1.39655726084e-14, 6.84463141886e-15, 2.81474659966e-15, 1.45021432048e-15, 4.26944442434e-16]}, "mfcc": {"mean": [-823.04119873, 165.946029663, -41.2617416382, -18.7630004883, -35.1820106506, -30.3698673248, -17.9035987854, -13.8372421265, -13.11810112, -10.1786680222, -9.1294593811, -8.35869503021, -6.77824449539], "cov": [[15084.5683594, 1563.07836914, -5882.04199219, 33.1613464355, -1632.75561523, -1147.69885254, -510.498687744, -508.803619385, -829.156616211, -737.976318359, -455.710540771, -93.9013519287, 58.1987266541], [1563.07836914, 1950.87133789, -630.026611328, -473.498779297, -74.9393692017, -339.954315186, -166.363357544, -180.921005249, -7.93324804306, 41.3528900146, 42.7456703186, -27.8516101837, -41.6629295349], [-5882.04199219, -630.026611328, 3808.08178711, 120.823143005, 722.542114258, 962.75604248, 374.733306885, 497.345611572, 443.901367188, 318.32019043, 117.894668579, 33.9126625061, -89.9986419678], [33.1613464355, -473.498779297, 120.823143005, 1089.69726562, 236.457321167, 96.8229904175, 146.487854004, -1.54879975319, -57.3111610413, -105.781951904, 13.1864299774, 77.930519104, 122.613937378], [-1632.75561523, -74.9393692017, 722.542114258, 236.457321167, 632.277893066, 286.646118164, 125.848579407, 124.802146912, 166.229400635, 178.002029419, 139.093276978, 98.254447937, 40.0730323792], [-1147.69885254, -339.954315186, 962.75604248, 96.8229904175, 286.646118164, 590.042053223, 287.704681396, 294.846405029, 188.2137146, 106.511032104, 59.1964378357, 51.256855011, 12.1917629242], [-510.498687744, -166.363357544, 374.733306885, 146.487854004, 125.848579407, 287.704681396, 302.615570068, 207.579345703, 86.7933807373, 10.9120111465, 26.6268978119, 44.3596801758, 49.238899231], [-508.803619385, -180.921005249, 497.345611572, -1.54879975319, 124.802146912, 294.846405029, 207.579345703, 316.193481445, 185.5078125, 70.8248443604, 20.8195171356, 12.2390203476, -11.6970596313], [-829.156616211, -7.93324804306, 443.901367188, -57.3111610413, 166.229400635, 188.2137146, 86.7933807373, 185.5078125, 276.389465332, 191.137802124, 69.7110366821, 6.31173658371, -31.9146289825], [-737.976318359, 41.3528900146, 318.32019043, -105.781951904, 178.002029419, 106.511032104, 10.9120111465, 70.8248443604, 191.137802124, 254.408172607, 139.591934204, 24.5024242401, -26.3279705048], [-455.710540771, 42.7456703186, 117.894668579, 13.1864299774, 139.093276978, 59.1964378357, 26.6268978119, 20.8195171356, 69.7110366821, 139.591934204, 177.904953003, 85.6640090942, 25.1221103668], [-93.9013519287, -27.8516101837, 33.9126625061, 77.930519104, 98.254447937, 51.256855011, 44.3596801758, 12.2390203476, 6.31173658371, 24.5024242401, 85.6640090942, 157.128494263, 109.910690308], [58.1987266541, -41.6629295349, -89.9986419678, 122.613937378, 40.0730323792, 12.1917629242, 49.238899231, -11.6970596313, -31.9146289825, -26.3279705048, 25.1221103668, 109.910690308, 173.503311157]], "icov": [[0.00042778023635, -0.000412397872424, 0.000692235480528, -0.000522855203599, 0.000751451530959, -0.000894952565432, 0.000854323501699, -0.00120046816301, 0.00133119034581, -0.00120288343169, 0.00133290374652, -0.0010248440085, 0.000570552540012], [-0.000412397872424, 0.00110096100252, -0.000614010787103, 0.00088494294323, -0.000991874490865, 0.001276262803, -0.0011571594514, 0.00169150682632, -0.00193754234351, 0.00175234582275, -0.00176628830377, 0.00119348545559, -0.000550133059733], [0.000692235480528, -0.000614010787103, 0.00163741316646, -0.000829998985864, 0.000931540154852, -0.00215677148663, 0.00154284376185, -0.00194009533152, 0.00199982966296, -0.00207940419205, 0.00237703183666, -0.00169645878486, 0.00120683456771], [-0.000522855203599, 0.00088494294323, -0.000829998985864, 0.00215711491182, -0.00173954863567, 0.00138760206755, -0.00186547008343, 0.00237612612545, -0.00250832852907, 0.00331785040908, -0.00258907629177, 0.00185775652062, -0.00133310200181], [0.000751451530959, -0.000991874490865, 0.000931540154852, -0.00173954863567, 0.00447227526456, -0.00242784037255, 0.00174808502197, -0.00204811850563, 0.00244737695903, -0.0038618335966, 0.00228572054766, -0.00292252982035, 0.00111036305316], [-0.000894952565432, 0.001276262803, -0.00215677148663, 0.00138760206755, -0.00242784037255, 0.0077793863602, -0.00493906112388, 0.000777190725785, -0.00255695148371, 0.00194079882931, -0.00241740583442, 0.00142985966522, -0.000756124034524], [0.000854323501699, -0.0011571594514, 0.00154284376185, -0.00186547008343, 0.00174808502197, -0.00493906112388, 0.0112178418785, -0.00705573195592, 0.00338131259196, -0.000773560837843, 0.000843066547532, -0.000775603402872, -0.00128787674475], [-0.00120046816301, 0.00169150682632, -0.00194009533152, 0.00237612612545, -0.00204811850563, 0.000777190725785, -0.00705573195592, 0.0151559254155, -0.0114123262465, 0.00754191726446, -0.00440509524196, 0.00264254515059, -0.000425084057497], [0.00133119034581, -0.00193754234351, 0.00199982966296, -0.00250832852907, 0.00244737695903, -0.00255695148371, 0.00338131259196, -0.0114123262465, 0.0202630255371, -0.0167722851038, 0.00965514127165, -0.00477192550898, 0.00259068678133], [-0.00120288343169, 0.00175234582275, -0.00207940419205, 0.00331785040908, -0.0038618335966, 0.00194079882931, -0.000773560837843, 0.00754191726446, -0.0167722851038, 0.0249067675322, -0.0172206517309, 0.008146032691, -0.00308810523711], [0.00133290374652, -0.00176628830377, 0.00237703183666, -0.00258907629177, 0.00228572054766, -0.00241740583442, 0.000843066547532, -0.00440509524196, 0.00965514127165, -0.0172206517309, 0.0228618513793, -0.013384738937, 0.00562874646857], [-0.0010248440085, 0.00119348545559, -0.00169645878486, 0.00185775652062, -0.00292252982035, 0.00142985966522, -0.000775603402872, 0.00264254515059, -0.00477192550898, 0.008146032691, -0.013384738937, 0.0212019104511, -0.0117242978886], [0.000570552540012, -0.000550133059733, 0.00120683456771, -0.00133310200181, 0.00111036305316, -0.000756124034524, -0.00128787674475, -0.000425084057497, 0.00259068678133, -0.00308810523711, 0.00562874646857, -0.0117242978886, 0.013761731796]]}, "spectral_contrast_coeffs": {"dmean": [0.064292371273, 0.0592243261635, 0.0626971125603, 0.050112888217, 0.0355346463621, 0.0317782759666], "dmean2": [0.0982676148415, 0.09181984514, 0.0967146828771, 0.0748095288873, 0.0545010045171, 0.0530447512865], "dvar": [0.00357895996422, 0.00417020870373, 0.00336944963783, 0.00203316356055, 0.00128996244166, 0.00107432843652], "dvar2": [0.00715984823182, 0.00840474758297, 0.00743468897417, 0.00388365425169, 0.00244394340552, 0.00291142193601], "max": [-0.195431753993, -0.27941095829, -0.300625741482, -0.417008638382, -0.432518988848, -0.501728832722], "mean": [-0.569372713566, -0.636723518372, -0.658742129803, -0.717468440533, -0.741668343544, -0.767783224583], "median": [-0.566640615463, -0.643867731094, -0.663980722427, -0.719954371452, -0.758979558945, -0.75797533989], "min": [-0.966404020786, -0.96826851368, -0.971028983593, -0.959030032158, -0.963352322578, -0.966834902763], "var": [0.0195344053209, 0.0167545583099, 0.0123722208664, 0.010515297763, 0.0117034427822, 0.0109610054642]}, "spectral_contrast_valleys": {"dmean": [0.949612617493, 0.588941276073, 0.649368584156, 0.624718487263, 0.54112225771, 0.62100070715], "dmean2": [1.47252953053, 0.905412614346, 1.00174307823, 0.928278803825, 0.796063184738, 1.02574133873], "dvar": [0.916815638542, 0.461790889502, 0.460048496723, 0.393717736006, 0.375083357096, 0.405369639397], "dva