{"lowlevel": {"average_loudness": 0.936749875546, "barkbands_crest": {"dmean": 2.70198297501, "dmean2": 3.71170401573, "dvar": 8.6909198761, "dvar2": 16.0056228638, "max": 26.7308254242, "mean": 14.722735405, "median": 13.4965686798, "min": 2.1816239357, "var": 42.7557029724}, "barkbands_flatness_db": {"dmean": 0.0441332384944, "dmean2": 0.0545373931527, "dvar": 0.00242056138813, "dvar2": 0.00408152351156, "max": 0.704795300961, "mean": 0.233359530568, "median": 0.219204112887, "min": 0.0148320458829, "var": 0.012140926905}, "barkbands_kurtosis": {"dmean": 18.5642356873, "dmean2": 22.9605731964, "dvar": 3526.28735352, "dvar2": 5828.93798828, "max": 2776.42651367, "mean": 32.8355712891, "median": 5.59587240219, "min": -1.92392206192, "var": 10464.6904297}, "barkbands_skewness": {"dmean": 1.12762892246, "dmean2": 1.36990869045, "dvar": 2.07387900352, "dvar2": 3.30472874641, "max": 34.0085220337, "mean": 3.22233986855, "median": 2.08831596375, "min": -2.5165514946, "var": 12.8282051086}, "barkbands_spread": {"dmean": 7.15548229218, "dmean2": 10.5910072327, "dvar": 200.277389526, "dvar2": 397.595184326, "max": 123.245361328, "mean": 13.5148839951, "median": 8.30100536346, "min": 0.0231313798577, "var": 300.783233643}, "dissonance": {"dmean": 0.0318636968732, "dmean2": 0.0518376454711, "dvar": 0.000917757977732, "dvar2": 0.00230519659817, "max": 0.500000119209, "mean": 0.43209451437, "median": 0.441598713398, "min": 0.0541688799858, "var": 0.0022483151406}, "dynamic_complexity": 4.95170974731, "erbbands_crest": {"dmean": 2.79274487495, "dmean2": 4.34012317657, "dvar": 7.32675886154, "dvar2": 16.3283443451, "max": 31.0135326385, "mean": 10.6853713989, "median": 9.73369598389, "min": 2.49204683304, "var": 23.0884418488}, "erbbands_flatness_db": {"dmean": 0.0304494760931, "dmean2": 0.0408371277153, "dvar": 0.00109299307223, "dvar2": 0.00203301641159, "max": 0.436607986689, "mean": 0.185537755489, "median": 0.18239864707, "min": 0.0372355543077, "var": 0.00459987809882}, "erbbands_kurtosis": {"dmean": 1.61554741859, "dmean2": 2.49450778961, "dvar": 11.4546632767, "dvar2": 27.9065685272, "max": 177.576019287, "mean": 1.54740989208, "median": 0.646270871162, "min": -1.86564803123, "var": 17.3903865814}, "erbbands_skewness": {"dmean": 0.479915201664, "dmean2": 0.701399981976, "dvar": 0.255109250546, "dvar2": 0.577350020409, "max": 10.4893083572, "mean": 0.527587652206, "median": 0.474811196327, "min": -2.71576523781, "var": 0.821727693081}, "erbbands_spread": {"dmean": 10.8329744339, "dmean2": 15.2856607437, "dvar": 236.77154541, "dvar2": 479.516815186, "max": 227.905197144, "mean": 32.5268630981, "median": 25.4984703064, "min": 0.981193244457, "var": 575.549072266}, "hfc": {"dmean": 13.1248598099, "dmean2": 20.5995197296, "dvar": 1235.5255127, "dvar2": 3063.57128906, "max": 356.182983398, "mean": 20.7884464264, "median": 12.1758003235, "min": 1.06646040566e-16, "var": 1201.48303223}, "melbands_crest": {"dmean": 3.59356856346, "dmean2": 5.17008495331, "dvar": 15.6532840729, "dvar2": 33.0747833252, "max": 36.4768371582, "mean": 19.7451438904, "median": 18.8971061707, "min": 1.56989812851, "var": 63.6491966248}, "melbands_flatness_db": {"dmean": 0.0532471239567, "dmean2": 0.0648945644498, "dvar": 0.0034686063882, "dvar2": 0.00623620022088, "max": 0.865641832352, "mean": 0.329851925373, "median": 0.317003846169, "min": 0.00311681861058, "var": 0.0182220246643}, "melbands_kurtosis": {"dmean": 20.5445785522, "dmean2": 27.1571445465, "dvar": 1670.71899414, "dvar2": 2689.15063477, "max": 1248.63012695, "mean": 42.6350746155, "median": 12.3370361328, "min": -1.78928756714, "var": 7010.15283203}, "melbands_skewness": {"dmean": 1.14159107208, "dmean2": 1.4863165617, "dvar": 1.88535320759, "dvar2": 3.28582930565, "max": 31.8742675781, "mean": 3.94336128235, "median": 2.94778871536, "min": -1.96867990494, "var": 10.6875333786}, "melbands_spread": {"dmean": 6.33057069778, "dmean2": 9.66747283936, "dvar": 160.973022461, "dvar2": 393.19619751, "max": 175.683792114, "mean": 12.9538612366, "median": 8.21650314331, "min": 0.131383895874, "var": 330.371307373}, "pitch_salience": {"dmean": 0.0868214741349, "dmean2": 0.123709954321, "dvar": 0.011094362475, "dvar2": 0.0220966115594, "max": 0.995087742805, "mean": 0.404813021421, "median": 0.435824006796, "min": 0.0260662976652, "var": 0.0374476127326}, "silence_rate_20dB": {"dmean": 0, "dmean2": 0, "dvar": 0, "dvar2": 0, "max": 1, "mean": 1, "median": 1, "min": 1, "var": 0}, "silence_rate_30dB": {"dmean": 0.0616058260202, "dmean2": 0.123217925429, "dvar": 0.0578026138246, "dvar2": 0.108120843768, "max": 1, "mean": 0.764280617237, "median": 1, "min": 0, "var": 0.180192366242}, "silence_rate_60dB": {"dmean": 0.0236240513623, "dmean2": 0.0472505092621, "dvar": 0.0230640098453, "dvar2": 0.0543929040432, "max": 1, "mean": 0.101364426315, "median": 0, "min": 0, "var": 0.0910900980234}, "spectral_centroid": {"dmean": 221.138427734, "dmean2": 324.907196045, "dvar": 135596.734375, "dvar2": 273799.15625, "max": 11682.5791016, "mean": 839.251037598, "median": 618.283325195, "min": 66.8203735352, "var": 1215236.875}, "spectral_complexity": {"dmean": 3.50246930122, "dmean2": 5.29083490372, "dvar": 31.6070022583, "dvar2": 59.2602729797, "max": 60, "mean": 12.6999282837, "median": 11, "min": 0, "var": 77.9908370972}, "spectral_decrease": {"dmean": 4.51842252502e-09, "dmean2": 4.96117547044e-09, "dvar": 3.83076639183e-17, "dvar2": 4.38360527504e-17, "max": 2.17986212237e-28, "mean": -1.64935016755e-08, "median": -8.81848816192e-09, "min": -8.20170242832e-08, "var": 3.25351866606e-16}, "spectral_energy": {"dmean": 0.0174927283078, "dmean2": 0.0196906868368, "dvar": 0.000560445419978, "dvar2": 0.000679717166349, "max": 0.31201249361, "mean": 0.0641357898712, "median": 0.0353633984923, "min": 1.00658057778e-20, "var": 0.00470317108557}, "spectral_energyband_high": {"dmean": 0.000985073042102, "dmean2": 0.00159180222545, "dvar": 1.02623116618e-05, "dvar2": 2.50630873779e-05, "max": 0.0312116444111, "mean": 0.000891604810022, "median": 3.62475402653e-05, "min": 6.72558624472e-21, "var": 8.9196191766e-06}, "spectral_energyband_low": {"dmean": 0.0159413479269, "dmean2": 0.0177499689162, "dvar": 0.000722935481463, "dvar2": 0.000818158732727, "max": 0.307869613171, "mean": 0.0492038987577, "median": 0.0177061799914, "min": 9.46925595889e-24, "var": 0.00466661108658}, "spectral_energyband_middle_high": {"dmean": 0.00180865230504, "dmean2": 0.00277795246802, "dvar": 1.14982358355e-05, "dvar2": 2.69125775958e-05, "max": 0.0522292926908, "mean": 0.00357591034845, "median": 0.00163222430274, "min": 1.18064118909e-21, "var": 2.36033156398e-05}, "spectral_energyband_middle_low": {"dmean": 0.00604714732617, "dmean2": 0.00975709781051, "dvar": 0.000186076576938, "dvar2": 0.00046086506336, "max": 0.129372179508, "mean": 0.0121055338532, "median": 0.00758690573275, "min": 1.38035537528e-22, "var": 0.000223278722842}, "spectral_entropy": {"dmean": 0.377071529627, "dmean2": 0.520098567009, "dvar": 0.184863314033, "dvar2": 0.375008612871, "max": 9.82346916199, "mean": 6.98000955582, "median": 6.95471143723, "min": 3.64006519318, "var": 0.65433961153}, "spectral_flux": {"dmean": 0.0384957566857, "dmean2": 0.050279699266, "dvar": 0.00195197283756, "dvar2": 0.00297655537724, "max": 0.464342981577, "mean": 0.099303394556, "median": 0.0689811781049, "min": 6.3254172733e-11, "var": 0.00800963211805}, "spectral_kurtosis": {"dmean": 8.13755607605, "dmean2": 12.3535404205, "dvar": 179.181549072, "dvar2": 378.406097412, "max": 321.852874756, "mean": 15.1726770401, "median": 8.82801151276, "min": -1.26418161392, "var": 421.175201416}, "spectral_rms": {"dmean": 0.00107324146666, "dmean2": 0.00123440031894, "dvar": 1.65768892657e-06, "dvar2": 2.04999378184e-06, "max": 0.0174471326172, "mean": 0.00672114221379, "median": 0.005873744376, "min": 3.13373545863e-12, "var": 1.73984626599e-05}, "spectral_rolloff": {"dmean": 745.668273926, "dmean2": 1294.89746094, "dvar": 4781142, "dvar2": 11909123, "max": 19552.1484375, "mean": 1137.09973145, "median": 452.197265625, "min": 64.599609375, "var": 6917912}, "spectral_skewness": {"dmean": 0.696059346199, "dmean2": 1.00529360771, "dvar": 0.699089229107, "dvar2": 1.44985580444, "max": 15.3167533875, "mean": 2.68484139442, "median": 2.39004302025, "min": -0.0924521535635, "var": 2.24867105484}, "spectral_spread": {"dmean": 1168573.25, "dmean2": 1591574, "dvar": 3194475773950.0, "dvar2": 4987106099200.0, "max": 46847136, "mean": 4592325, "median": 3523851, "min": 294588, "var": 20225351221200.0}, "spectral_strongpeak": {"dmean": 0.314441591501, "dmean2": 0.505770027637, "dvar": 0.314489513636, "dvar2": 0.758554935455, "max": 7.83967351913, "mean": 0.781051576138, "median": 0.582656621933, "min": 0, "var": 0.587843358517}, "zerocrossingrate": {"dmean": 0.0135667407885, "dmean2": 0.0160841438919, "dvar": 0.000528269680217, "dvar2": 0.000718602677807, "max": 0.79052734375, "mean": 0.037649165839, "median": 0.0224609375, "min": 0.001953125, "var": 0.00350237404928}, "barkbands": {"dmean": [0.00067890266655, 0.0144081143662, 0.00710342824459, 0.00291332625784, 0.00207684491761, 0.0010873968713, 0.000947513326537, 0.000551152741536, 0.000466308149043, 0.000600501894951, 0.000438954040874, 0.000252772908425, 0.000323676271364, 0.000231862984947, 0.000202010327484, 0.000160829076776, 0.000185986471479, 9.5612493169e-05, 6.9961490226e-05, 8.29433483887e-05, 0.000106793995656, 8.08572876849e-05, 0.000191817001905, 0.000138566218084, 0.00013432961714, 0.000271084281849, 4.46474550699e-05], "dmean2": [0.000733848079108, 0.0166423339397, 0.0110931871459, 0.00520762428641, 0.00373115111142, 0.00167566468008, 0.00145700515714, 0.000871878408361, 0.000699652533513, 0.000903273699805, 0.00067895592656, 0.000403827260016, 0.000502797716763, 0.000351849943399, 0.000317885889672, 0.000258423242485, 0.000310407369398, 0.000153608329128, 0.000108844600618, 0.000128806714201, 0.000170396990143, 0.000125445207232, 0.000317267840728, 0.00022094185988, 0.000209356367122, 0.000461280666059, 7.41194598959e-05], "dvar": [1.22417100101e-06, 0.000757224333938, 0.000434389541624, 9.15606142371e-05, 4.09399071941e-05, 4.32152728536e-06, 3.01680620396e-06, 1.58169928e-06, 1.3383167925e-06, 2.12042118619e-06, 1.15730028938e-06, 4.99889324601e-07, 7.65568472616e-07, 4.40624063458e-07, 2.84528709926e-07, 2.09769709159e-07, 3.96060045205e-07, 1.04564904291e-07, 4.38224212473e-08, 8.44660235089e-08, 1.79282750423e-07, 6.49611919812e-08, 4.27029021921e-07, 1.9542662244e-07, 1.96978405143e-07, 1.19977880786e-06, 3.1786392185e-08], "dvar2": [1.36280834795e-06, 0.000931175483856, 0.00102119299117, 0.000253554084338, 0.000116366478323, 1.03097327155e-05, 6.4514283622e-06, 3.3773847008e-06, 2.53406301454e-06, 4.42393729827e-06, 2.55813779404e-06, 1.2147305597e-06, 1.81141729172e-06, 9.9292287814e-07, 6.77379148328e-07, 5.30129227627e-07, 1.05899596292e-06, 2.63524896127e-07, 1.02482900388e-07, 1.97793127654e-07, 4.30483055425e-07, 1.45577672583e-07, 1.09453230834e-06, 4.53480225815e-07, 4.62854984562e-07, 3.1333215702e-06, 7.91044385551e-08], "max": [0.0172378700227, 0.276930510998, 0.230068325996, 0.096248909831, 0.0695524141192, 0.03428350389, 0.0351120978594, 0.0254769474268, 0.0342967920005, 0.0288014803082, 0.0311692506075, 0.0196114648134, 0.014517149888, 0.0237798560411, 0.0113906366751, 0.00902636907995, 0.00778339244425, 0.00394213246182, 0.00407767901197, 0.00366689357907, 0.00500302854925, 0.00303684081882, 0.0060351616703, 0.00400391966105, 0.00410939566791, 0.0091912066564, 0.00252036890015], "mean": [0.00128628953826, 0.0392176248133, 0.00736517319456, 0.00243924302049, 0.00216075545177, 0.00259499228559, 0.00240940414369, 0.00104616803583, 0.000818534346763, 0.00120030506514, 0.000716936949175, 0.000361926358892, 0.000426690879976, 0.00034992894507, 0.000261962413788, 0.000179566399311, 0.000180864750291, 9.86864324659e-05, 8.46943439683e-05, 8.84578839759e-05, 0.00010627721349, 8.90581941349e-05, 0.00016111790319, 0.000129862164613, 0.000124210535432, 0.000199478658033, 3.75494928448e-05], "median": [0.000223037917749, 0.0101144369692, 0.0011056016665, 0.000313385040499, 0.000648157962132, 0.00110275950283, 0.000963636033703, 0.000254457059782, 0.000201324219233, 0.00029256628477, 0.000169139908394, 8.82470048964e-05, 8.98011785466e-05, 8.08908298495e-05, 4.39392388216e-05, 2.72526522167e-05, 2.44546245085e-05, 1.16045957839e-05, 1.07765590656e-05, 8.12681264506e-06, 7.01074623066e-06, 5.41285544386e-06, 5.39156553714e-06, 3.44513955497e-06, 2.52574250226e-06, 1.38397831506e-06, 2.31581154253e-07], "min": [9.15520689497e-27, 1.06095323093e-24, 3.19636282211e-25, 7.8915012135e-25, 2.29813996023e-24, 8.80866147027e-24, 3.15294095966e-24, 7.10179839648e-24, 8.6696555013e-24, 1.40982680849e-23, 9.88714871254e-24, 1.44827636233e-23, 2.00778936999e-23, 3.07549730131e-23, 3.09024647588e-23, 4.12177424841e-23, 6.61891975477e-23, 9.14843885051e-23, 1.11482290131e-22, 1.37384784079e-22, 2.28714278168e-22, 3.383557456e-22, 3.70371886319e-22, 5.96969089009e-22, 8.24972407864e-22, 1.13296460692e-21, 1.94421775177e-21], "var": [4.8669953685e-06, 0.0038752364926, 0.00040378983249, 5.90991257923e-05, 2.69435149676e-05, 1.28317233248e-05, 1.29361151266e-05, 5.6442991081e-06, 3.80760934604e-06, 6.6260499807e-06, 2.70010627901e-06, 9.91188926491e-07, 1.09144627913e-06, 6.65625350393e-07, 3.81821024575e-07, 2.13785327219e-07, 3.0400994433e-07, 9.15761120268e-08, 5.05996169409e-08, 8.43025134145e-08, 1.66159566106e-07, 7.25381852362e-08, 3.35213229619e-07, 1.89765998471e-07, 1.87179679756e-07, 8.7151624939e-07, 2.73240168269e-08]}, "erbbands": {"dmean": [0.511884093285, 3.54207921028, 7.99613285065, 8.58480739594, 8.75942516327, 6.10085773468, 6.59663724899, 9.13472938538, 13.783657074, 16.1155376434, 8.55795955658, 12.3747024536, 16.2009124756, 14.6512680054, 16.5750656128, 12.6215639114, 15.638086319, 11.5579833984, 8.2677116394, 12.676117897, 8.59215545654, 10.0709629059, 5.03741836548, 4.35045051575, 4.1791305542, 3.65439724922, 4.5667886734, 3.87129354477, 3.09273123741, 3.55773329735, 6.29834079742, 3.29271173477, 1.98889386654, 1.75211429596, 0.883797645569, 1.01703310013, 0.579659581184, 0.0863553285599, 0.00830949377269, 0.000263294670731], "dmean2": [0.465960025787, 3.93845796585, 11.3211841583, 14.2867555618, 15.7341489792, 10.8309907913, 10.8967313766, 14.2595500946, 20.8266830444, 25.5286579132, 13.0862569809, 18.3915233612, 24.374994278, 22.4125919342, 25.6698856354, 19.9142398834, 24.2468471527, 17.578338623, 12.629406929, 19.8696498871, 14.2372817993, 16.7955646515, 7.78819990158, 7.16440200806, 6.64995288849, 5.65650987625, 7.20227766037, 6.17760324478, 4.82165145874, 5.7235751152, 10.4891614914, 5.35416698456, 3.09535813332, 2.80026817322, 1.36342310905, 1.71358537674, 0.991140246391, 0.14445887506, 0.0137979295105, 0.000426602375228], "dvar": [0.786126613617, 48.3937492371, 443.318145752, 679.72265625, 850.083984375, 334.040435791, 280.025787354, 294.427062988, 671.952941895, 1286.21008301, 380.291290283, 1058.33947754, 2023.13952637, 1432.96374512, 1709.05639648, 1268.51940918, 1858.28649902, 1179.08508301, 383.990814209, 1333.90637207, 690.450256348, 1259.67077637, 237.437789917, 196.007644653, 202.076431274, 149.252334595, 309.37097168, 229.361358643, 99.5441131592, 121.242805481, 477.61505127, 108.521995544, 40.2953681946, 34.2112464905, 8.54262542725, 15.6957302094, 5.83447647095, 0.117029175162, 0.00107925687917, 9.53430230766e-07], "dvar2": [0.551761686802, 67.4563064575, 934.28918457, 1766.68884277, 2372.51904297, 957.425842285, 748.520141602, 705.496643066, 1484.41088867, 2916.27148438, 740.383789062, 2001.69689941, 3958.23388672, 3223.63769531, 3736.34838867, 3088.12719727, 4419.43505859, 2668.94750977, 877.356506348, 3174.85205078, 1818.87390137, 3342.73632812, 572.165344238, 517.094543457, 494.319549561, 338.932617188, 729.946472168, 561.631286621, 228.135437012, 298.408416748, 1225.60180664, 262.898590088, 89.7131576538, 81.879699707, 19.9401512146, 40.9127922058, 15.2720355988, 0.294545650482, 0.00267729000188, 2.37847848439e-06], "max": [10.7200756073, 74.5114440918, 230.365219116, 246.004669189, 299.367767334, 262.1378479, 381.443847656, 305.832977295, 596.89453125, 747.677734375, 634.539855957, 917.348266602, 1116.9654541, 957.540222168, 1053.484375, 1002.67468262, 701.597351074, 1242.79443359, 346.113861084, 777.16973877, 333.681427002, 419.583984375, 192.64465332, 155.297637939, 277.758453369, 159.663955688, 236.122940063, 208.501937866, 122.976875305, 123.918891907, 190.054336548, 90.142616272, 61.8749084473, 58.8735122681, 24.7754592896, 33.8534660339, 19.974401474, 3.27892112732, 0.473286956549, 0.0170945804566], "mean": [1.31406152248, 7.9277806282, 10.32954216, 8.15591335297, 7.65397167206, 6.96148061752, 10.0205459595, 21.7026920319, 37.449596405, 34.9914703369, 17.5357341766, 23.0091552734, 32.9377708435, 26.9583358765, 29.2964477539, 19.6267566681, 21.3100395203, 17.9094982147, 12.5347385406, 15.5943660736, 9.3579788208, 9.62470722198, 5.70780324936, 4.70049762726, 4.49317646027, 4.14886665344, 4.57295084, 3.85666680336, 3.33628582954, 3.43840575218, 5.1284403801, 2.96454381943, 1.9439111948, 1.56469225883, 0.817831873894, 0.765822470188, 0.418763697147, 0.0677813589573, 0.00707764644176, 0.000284900772385], "median": [0.27436324954, 1.90488684177, 2.82794427872, 1.78909707069, 1.62930870056, 2.11865663528, 3.38179349899, 9.43758201599, 14.5576934814, 9.90892696381, 5.98156452179, 6.08560657501, 8.46465110779, 8.45141887665, 8.25844192505, 5.76479816437, 5.06324481964, 4.49928092957, 3.19980454445, 2.67857646942, 1.61247301102, 1.29997646809, 0.823366045952, 0.638537526131, 0.528905749321, 0.42109015584, 0.328475654125, 0.256865084171, 0.205726206303, 0.163478970528, 0.15181222558, 0.0910107493401, 0.0446842461824, 0.0286937281489, 0.0179037638009, 0.00674134027213, 0.00261780805886, 0.000513507635333, 0.00010154418851, 5.82591383136e-05], "min": [4.92405525535e-23, 2.33137856714e-22, 7.11807445867e-22, 1.78388769239e-21, 1.00738869446e-20, 4.94653279293e-21, 3.92666449565e-20, 8.93155956599e-20, 9.73387241514e-20, 1.26913688074e-19, 1.43106226778e-19, 2.22144600928e-19, 3.73560373947e-19, 4.02091978774e-19, 6.79249803153e-19, 1.00064597047e-18, 1.02914347995e-18, 1.75296983952e-18, 2.10857767999e-18, 1.80969188887e-18, 2.70668964705e-18, 4.63920276083e-18, 4.57192237135e-18, 5.60070509716e-18, 6.71059205484e-18, 6.21647199362e-18, 9.01195327557e-18, 9.18984094784e-18, 1.16318038476e-17, 1.13210908212e-17, 1.11481629239e-17, 9.86391373774e-18, 8.64529719725e-18, 7.67290171944e-18, 5.78626197448e-18, 4.16697320734e-18, 1.9720593781e-18, 9.59893263236e-19, 2.48267972799e-19, 2.74243492598e-20], "var": [5.09586811066, 182.246932983, 557.681945801, 519.669311523, 542.193237305, 244.331130981, 360.368225098, 884.331665039, 3037.33618164, 4801.64257812, 1242.40795898, 2962.37646484, 6287.92529297, 3699.45581055, 4440.61523438, 2559.79101562, 2645.46142578, 1782.44970703, 635.117370605, 1590.74853516, 594.776306152, 955.88848877, 235.285385132, 172.351364136, 192.70425415, 160.326004028, 296.425109863, 206.387451172, 107.379302979, 111.281311035, 368.269561768, 97.9703521729, 42.0408859253, 31.1574077606, 8.19155502319, 11.5740852356, 4.19072341919, 0.0928821861744, 0.000942054437473, 8.50823255405e-07]}, "gfcc": {"mean": [-71.2407455444, 121.348869324, -85.3010559082, 9.98160266876, -44.4485054016, 18.3712730408, -23.418636322, 6.72720623016, -9.73330020905, 6.45108127594, -5.63412761688, 3.31457924843, -7.48129081726], "cov": [[27761.5234375, -1900.33300781, -1198.2956543, 671.427856445, -1231.94812012, 144.094497681, -922.493164062, 392.054870605, -391.404998779, 384.282287598, -432.370056152, 259.182189941, -283.47164917], [-1900.33300781, 3521.2565918, -234.878158569, -355.520568848, 589.84387207, -197.105865479, 473.804382324, -218.359954834, 281.105712891, -186.399749756, 339.082519531, -234.945617676, 195.660797119], [-1198.2956543, -234.878158569, 1772.02441406, 172.012466431, 207.523635864, 332.364318848, 171.609466553, 157.024734497, 135.393325806, 77.408241272, 6.97820711136, 83.6670227051, -25.5624160767], [671.427856445, -355.520568848, 172.012466431, 699.476379395, 173.724822998, 135.816360474, 63.7853546143, 113.304748535, 53.5744819641, 68.8271789551, -0.247095793486, -3.16178774834, 16.2395458221], [-1231.94812012, 589.84387207, 207.523635864, 173.724822998, 626.834960938, 155.49848938, 267.921203613, 47.2650222778, 162.391296387, 8.02634334564, 115.564712524, -27.4333000183, 66.5263061523], [144.094497681, -197.105865479, 332.364318848, 135.816360474, 155.49848938, 354.212402344, 118.246612549, 91.0322189331, 41.1907920837, 69.0411682129, 19.3835887909, 54.3325119019, 2.44052672386], [-922.493164062, 473.804382324, 171.609466553, 63.7853546143, 267.921203613, 118.246612549, 341.444519043, 83.8939666748, 160.986785889, 44.7374153137, 148.093093872, 5.80807161331, 83.0511703491], [392.054870605, -218.359954834, 157.024734497, 113.304748535, 47.2650222778, 91.0322189331, 83.8939666748, 182.59362793, 96.3901138306, 84.2518157959, 36.160533905, 60.7747688293, 24.8972358704], [-391.404998779, 281.105712891, 135.393325806, 53.5744819641, 162.391296387, 41.1907920837, 160.986785889, 96.3901138306, 223.449188232, 89.3491516113, 127.565376282, 28.3569450378, 77.9747543335], [384.282287598, -186.399749756, 77.408241272, 68.8271789551, 8.02634334564, 69.0411682129, 44.7374153137, 84.2518157959, 89.3491516113, 143.863708496, 77.3816757202, 65.2017211914, 23.9916496277], [-432.370056152, 339.082519531, 6.97820711136, -0.247095793486, 115.564712524, 19.3835887909, 148.093093872, 36.160533905, 127.565376282, 77.3816757202, 188.905456543, 53.0315361023, 88.7676391602], [259.182189941, -234.945617676, 83.6670227051, -3.16178774834, -27.4333000183, 54.3325119019, 5.80807161331, 60.7747688293, 28.3569450378, 65.2017211914, 53.0315361023, 123.16784668, 44.0994186401], [-283.47164917, 195.660797119, -25.5624160767, 16.2395458221, 66.5263061523, 2.44052672386, 83.0511703491, 24.8972358704, 77.9747543335, 23.9916496277, 88.7676391602, 44.0994186401, 124.262649536]], "icov": [[5.7142420701e-05, -8.11805293779e-05, 5.51231350983e-05, -8.59506617417e-05, 9.10989692784e-05, -6.91069435561e-05, 0.000135424517794, -0.000192932755454, 9.75046350504e-05, -0.000247370335273, 0.000201959381229, -0.000185732438695, 8.97023128346e-05], [-8.11805293779e-05, 0.000952755042817, -8.53438177728e-05, 0.00047926674597, -0.000405523227528, 0.000192035440705, -0.000489365600515, 0.00084102206165, -0.000802730966825, 0.0016008609673, -0.00180156494025, 0.00180212105624, -0.000551635341253], [5.51231350983e-05, -8.53438177728e-05, 0.000829094147775, -0.000157496207976, 8.22839210741e-05, -0.000586094392929, -0.00012871088984, -0.000132003304316, -0.00064427027246, 0.000112241599709, 0.000686364946887, -0.000980830285698, 0.00077158381464], [-8.59506617417e-05, 0.00047926674597, -0.000157496207976, 0.00218657148071, -0.000860161497258, -0.000134130561491, 6.08219124842e-05, -0.000684903119691, 0.000311084266286, -0.000324484775774, -0.000545123592019, 0.00224262988195, -0.00124818482436], [9.10989692784e-05, -0.000405523227528, 8.22839210741e-05, -0.000860161497258, 0.00331676495261, -0.00120782991871, -0.000955774157774, 0.000227333657676, -0.00136005878448, 0.000999018549919, 7.34874920454e-05, -0.000273003766779, 0.000521902053151], [-6.91069435561e-05, 0.000192035440705, -0.000586094392929, -0.000134130561491, -0.00120782991871, 0.00517985969782, -0.00213035172783, -1.88934263861e-05, 0.00154037913308, -0.00202073273249, 0.0014687142102, -0.00157822249457, 0.000343920459272], [0.000135424517794, -0.000489365600515, -0.00012871088984, 6.08219124842e-05, -0.000955774157774, -0.00213035172783, 0.00870295800269, -0.00364925642498, -0.000580886378884, 0.0012489054352, -0.00449536647648, 0.0028069911059, -0.00114839640446], [-0.000192932755454, 0.00084102206165, -0.000132003304316, -0.000684903119691, 0.000227333657676, -1.88934263861e-05, -0.00364925642498, 0.0130242360756, -0.00537984678522, -0.00122817431111, 0.003156168852, -0.0038442381192, 0.000728725339286], [9.75046350504e-05, -0.000802730966825, -0.00064427027246, 0.000311084266286, -0.00136005878448, 0.00154037913308, -0.000580886378884, -0.00537984678522, 0.0142881451175, -0.00696129119024, -0.00202772463672, 0.00302736344747, -0.00377041357569], [-0.000247370335273, 0.0016008609673, 0.000112241599709, -0.000324484775774, 0.000999018549919, -0.00202073273249, 0.0012489054352, -0.00122817431111, -0.00696129119024, 0.0204968880862, -0.00964922364801, -0.00124687701464, 0.00364302820526], [0.000201959381229, -0.00180156494025, 0.000686364946887, -0.000545123592019, 7.34874920454e-05, 0.0014687142102, -0.00449536647648, 0.003156168852, -0.00202772463672, -0.00964922364801, 0.0207638833672, -0.00868029519916, -0.00280307373032], [-0.000185732438695, 0.00180212105624, -0.000980830285698, 0.00224262988195, -0.000273003766779, -0.00157822249457, 0.0028069911059, -0.0038442381192, 0.00302736344747, -0.00124687701464, -0.00868029519916, 0.0215626880527, -0.007795273792], [8.97023128346e-05, -0.000551635341253, 0.00077158381464, -0.00124818482436, 0.000521902053151, 0.000343920459272, -0.00114839640446, 0.000728725339286, -0.00377041357569, 0.00364302820526, -0.00280307373032, -0.007795273792, 0.0162093117833]]}, "melbands": {"dmean": [0.00403713155538, 0.0039195260033, 0.00142072082963, 0.000516588799655, 0.000234670136706, 0.000216497806832, 0.000201544637093, 0.000165135454154, 7.20926618669e-05, 7.07461222191e-05, 8.11692225398e-05, 6.04553133599e-05, 6.38509882265e-05, 3.2071271562e-05, 3.59704135917e-05, 2.54004135058e-05, 2.36070227402e-05, 1.39330049933e-05, 1.53190740093e-05, 1.36675971589e-05, 1.06221305032e-05, 1.20768791021e-05, 5.78304934606e-06, 4.97136215927e-06, 3.35810454999e-06, 3.06275069306e-06, 3.12225529342e-06, 2.31109993365e-06, 2.72762190434e-06, 2.88661863124e-06, 2.15410614146e-06, 1.85222393156e-06, 1.44522073242e-06, 2.24869086196e-06, 4.9657346608e-06, 1.59272269684e-06, 2.10086636798e-06, 1.34992296807e-06, 1.3839702433e-06, 1.52373718265e-06], "dmean2": [0.00412018643692, 0.00468469783664, 0.00228415429592, 0.00092932942789, 0.00039385058335, 0.000332491326844, 0.000304329034407, 0.000262434594333, 0.000107854153612, 0.000106040279206, 0.000122077006381, 9.24533160287e-05, 9.89296022453e-05, 5.04788804392e-05, 5.58163701498e-05, 4.00178469135e-05, 3.57422759407e-05, 2.15414365812e-05, 2.42029564106e-05, 2.13592938962e-05, 1.80072565854e-05, 2.06696404348e-05, 8.96986512089e-06, 8.31413944979e-06, 5.55416636416e-06, 4.80085691379e-06, 5.1287684073e-06, 3.59169848707e-06, 4.27800750913e-06, 4.71228531751e-06, 3.39948678629e-06, 2.883613206e-06, 2.26855627261e-06, 3.66036738342e-06, 8.39828953758e-06, 2.53742450695e-06, 3.43520787283e-06, 2.1154926344e-06, 2.18831200982e-06, 2.45023716161e-06], "dvar": [5.04942800035e-05, 7.01916724211e-05, 1.68033438968e-05, 2.6351424367e-06, 3.72365803969e-07, 1.6043847495e-07, 1.34972410137e-07, 1.34927219619e-07, 2.57395065262e-08, 3.22743076708e-08, 5.05076300783e-08, 2.69689355292e-08, 2.52811780399e-08, 6.72828814885e-09, 7.78262521095e-09, 3.8523646495e-09, 5.72409319943e-09, 1.0606342471e-09, 1.74697056821e-09, 1.45685064012e-09, 1.2359953061e-09, 2.02435845864e-09, 2.53300103115e-10, 3.07155800794e-10, 1.11898608435e-10, 9.96562346534e-11, 1.39111638875e-10, 5.72825849254e-11, 1.00705228878e-10, 1.3846394864e-10, 6.70623695465e-11, 3.62467313109e-11, 1.97182287859e-11, 5.08427605572e-11, 3.25659221811e-10, 2.35155592915e-11, 4.53058771055e-11, 1.82047172476e-11, 2.04518398744e-11, 2.69686460663e-11], "dvar2": [4.29650172009e-05, 0.000118565207231, 4.07924089814e-05, 7.46054865886e-06, 1.02990861706e-06, 3.77243594585e-07, 2.91371463845e-07, 3.0992961797e-07, 4.85855089494e-08, 6.22314431098e-08, 9.92696342905e-08, 6.00407759066e-08, 5.66320395023e-08, 1.57679238555e-08, 1.85744291059e-08, 9.4015755181e-09, 1.28922676979e-08, 2.46558218286e-09, 4.27627755428e-09, 3.51214146654e-09, 3.32796146196e-09, 5.52306955726e-09, 5.53286860772e-10, 8.30092272697e-10, 2.96720065185e-10, 2.3337751176e-10, 3.67198466078e-10, 1.26755023144e-10, 2.37009772919e-10, 3.43282180459e-10, 1.63445507129e-10, 8.38287772531e-11, 4.44347614259e-11, 1.29446342534e-10, 8.47316772301e-10, 5.76403334784e-11, 1.09799502823e-10, 4.18291720705e-11, 4.45666975546e-11, 6.64615584789e-11], "max": [0.078746587038, 0.0863427370787, 0.0365197770298, 0.0181250832975, 0.0120725492015, 0.00743921939284, 0.00792498514056, 0.00742688868195, 0.00503905443475, 0.00506305461749, 0.00554357003421, 0.00417625252157, 0.00477774441242, 0.00225281622261, 0.00139398488682, 0.000945723149925, 0.00283700460568, 0.000516273023095, 0.000715154921636, 0.000807680306025, 0.00046978003229, 0.000515755964443, 0.000317152153002, 0.00022812197858, 0.000129046413349, 0.00013980345102, 0.000169219623785, 0.000105935629108, 0.000145497877384, 0.000138570656418, 0.000114295056846, 7.72188068368e-05, 6.40315993223e-05, 7.89014011389e-05, 0.000146279751789, 4.47473285021e-05, 6.64051112835e-05, 4.48556202173e-05, 4.09453932662e-05, 5.318341573e-05], "mean": [0.0112983863801, 0.00729703484103, 0.00145596766379, 0.000510107900482, 0.00034440701711, 0.000528601638507, 0.000556134560611, 0.000349558045855, 0.000142570992466, 0.000129629013827, 0.000161276722793, 0.000106324972876, 0.000104669226857, 5.03540359205e-05, 5.14825842401e-05, 3.41837985616e-05, 3.53091636498e-05, 2.05122014449e-05, 1.85796761798e-05, 1.71451792994e-05, 1.04149794424e-05, 1.07687092168e-05, 6.6969114414e-06, 4.91804576086e-06, 3.54300482286e-06, 3.34586184181e-06, 3.0270557545e-06, 2.6162335871e-06, 2.78377751783e-06, 2.66783581537e-06, 2.15561567529e-06, 1.95390953195e-06, 1.59962144153e-06, 2.04663683689e-06, 3.84356553695e-06, 1.49920310832e-06, 1.8667257109e-06, 1.31795297875e-06, 1.30887610794e-06, 1.32914431106e-06], "median": [0.00267993751913, 0.00236634165049, 0.000322848063661, 0.000139857351314, 0.000118467767606, 0.000222311442485, 0.000217973312829, 9.31746617425e-05, 4.40734656877e-05, 3.39515827363e-05, 3.85091552744e-05, 2.89453237201e-05, 2.59692023974e-05, 1.33424946398e-05, 1.23677218653e-05, 8.01352052804e-06, 7.80704795034e-06, 4.81263759866e-06, 3.03623050968e-06, 2.69898919214e-06, 1.46889078678e-06, 1.29301906782e-06, 8.90749220162e-07, 5.43839064449e-07, 4.49667936664e-07, 3.73608003201e-07, 3.05607613882e-07, 2.50696444937e-07, 2.01057304139e-07, 1.63802596376e-07, 1.33735937879e-07, 1.15884716934e-07, 9.49356717683e-08, 8.93763285603e-08, 9.57392956025e-08, 6.21526652367e-08, 5.10540445475e-08, 3.05909324538e-08, 2.70830984306e-08, 2.30478409691e-08], "min": [5.90368661022e-25, 6.60264103807e-25, 3.83549743449e-25, 3.91983923772e-25, 9.62942785481e-25, 2.17573517458e-24, 1.54627919527e-24, 1.73451008472e-24, 1.0653773601e-24, 1.35573960576e-24, 1.82284179851e-24, 1.0352218701e-24, 1.62311424744e-24, 1.60320773692e-24, 1.66276752413e-24, 2.15245569206e-24, 2.79575460254e-24, 2.97632407488e-24, 2.6428603429e-24, 2.94234941342e-24, 2.97373266681e-24, 3.41007845476e-24, 3.61976754413e-24, 3.76271150674e-24, 3.16860438458e-24, 4.38969854864e-24, 4.12444801356e-24, 3.01141024137e-24, 5.36936281873e-24, 4.46985588851e-24, 4.73110334892e-24, 5.3436120322e-24, 4.84615910638e-24, 5.36634858121e-24, 5.91131578264e-24, 4.33362592106e-24, 5.65483028108e-24, 5.394910868e-24, 5.64114314994e-24, 6.02386651229e-24], "var": [0.000332896219334, 0.000166507612448, 1.4642278984e-05, 1.7028783077e-06, 4.03159845064e-07, 5.39921359177e-07, 6.43881037377e-07, 5.08381674535e-07, 8.30914430594e-08, 8.89390463499e-08, 1.55205370334e-07, 6.99785829283e-08, 5.61535422605e-08, 1.54387596041e-08, 1.25814514362e-08, 5.49169021369e-09, 8.3830240527e-09, 1.71451908226e-09, 2.00234984149e-09, 1.81880677186e-09, 9.47283140817e-10, 1.42251577184e-09, 2.99353958289e-10, 2.40121506012e-10, 9.99240828969e-11, 1.02856445583e-10, 1.10149514509e-10, 6.35655139636e-11, 1.00952371462e-10, 1.17976517444e-10, 6.17242576495e-11, 3.84699876121e-11, 2.23718456954e-11, 4.29695827531e-11, 2.40086728276e-10, 2.21352727814e-11, 4.06313836743e-11, 1.85345939985e-11, 2.11591386773e-11, 2.34524864806e-11]}, "mfcc": {"mean": [-718.405822754, 158.796691895, 18.5489120483, 9.75618171692, 6.28733825684, 11.9455118179, 2.36766886711, 6.3273229599, 2.07963037491, 6.40758991241, 3.10167264938, 5.84074020386, 6.19527769089], "cov": [[15154.8222656, -1128.50891113, -541.742614746, 170.444534302, -188.596389771, -192.6640625, -443.789154053, -202.768447876, -88.0486907959, -100.183151245, -121.690223694, -30.2331161499, -1.69702386856], [-1128.50891113, 3452.65161133, -158.125762939, -54.654548645, 81.8773498535, 98.3356933594, 154.043762207, 74.5715789795, -9.5293636322, 117.934295654, 75.4792556763, 60.067691803, 35.1315956116], [-541.742614746, -158.125762939, 1242.53027344, 83.4831619263, 149.975982666, 144.229858398, 84.2976989746, 126.404647827, 90.2475128174, 86.7211532593, 76.5740356445, 42.3268699646, 40.416759491], [170.444534302, -54.654548645, 83.4831619263, 516.854064941, 179.435745239, 95.3385620117, 87.0154800415, 72.5719680786, 103.448204041, 73.2605667114, 66.099571228, 59.7639198303, 42.2719573975], [-188.596389771, 81.8773498535, 149.975982666, 179.435745239, 341.196563721, 181.99369812, 111.183380127, 98.2362060547, 94.1204986572, 61.5602455139, 59.4572563171, 41.4273872375, 27.876991272], [-192.6640625, 98.3356933594, 144.229858398, 95.3385620117, 181.99369812, 269.50680542, 165.578857422, 98.9028015137, 78.829536438, 63.5563354492, 75.3949356079, 49.5307197571, 34.2096939087], [-443.789154053, 154.043762207, 84.2976989746, 87.0154800415, 111.183380127, 165.578857422, 217.45664978, 116.042411804, 73.5372085571, 57.0925979614, 68.2373504639, 52.280921936, 32.9828529358], [-202.768447876, 74.5715789795, 126.404647827, 72.5719680786, 98.2362060547, 98.9028015137, 116.042411804, 152.794692993, 94.98777771, 65.2548141479, 54.2863273621, 44.9206314087, 46.0525283813], [-88.0486907959, -9.5293636322, 90.2475128174, 103.448204041, 94.1204986572, 78.829536438, 73.5372085571, 94.98777771, 137.433792114, 87.4237976074, 57.403263092, 39.488494873, 40.9702568054], [-100.183151245, 117.934295654, 86.7211532593, 73.2605667114, 61.5602455139, 63.5563354492, 57.0925979614, 65.2548141479, 87.4237976074, 126.59425354, 83.7607879639, 49.815410614, 49.3406791687], [-121.690223694, 75.4792556763, 76.5740356445, 66.099571228, 59.4572563171, 75.3949356079, 68.2373504639, 54.2863273621, 57.403263092, 83.7607879639, 119.873527527, 80.8185195923, 47.2783813477], [-30.2331161499, 60.067691803, 42.3268699646, 59.7639198303, 41.4273872375, 49.5307197571, 52.280921936, 44.9206314087, 39.488494873, 49.815410614, 80.8185195923, 114.011482239, 79.7957763672], [-1.69702386856, 35.1315956116, 40.416759491, 42.2719573975, 27.876991272, 34.2096939087, 32.9828529358, 46.0525283813, 40.9702568054, 49.3406791687, 47.2783813477, 79.7957763672, 118.029426575]], "icov": [[7.49339014874e-05, 1.86462129932e-05, 3.42450293829e-05, -5.66618546145e-05, 4.70042796223e-05, -0.000115503520647, 0.000236471969401, -5.21513029526e-05, 2.05237465707e-05, -2.76662867691e-05, 7.24348574295e-05, -8.24560775072e-05, 1.19094320326e-05], [1.86462129932e-05, 0.000337530742399, 8.13082733657e-05, 7.26313446648e-05, -0.000105841216282, 2.28053413593e-05, -0.000195178639842, -0.000154885143274, 0.000573173165321, -0.000720403331798, 0.000260101893218, -0.000217002700083, 0.000124026468256], [3.42450293829e-05, 8.13082733657e-05, 0.000951314170379, -2.24047221309e-06, -0.000129462816403, -0.000383460137527, 0.00044862748473, -0.00078714027768, 0.00029287187499, -0.000385911553167, -0.00015967253421, 8.30548888189e-05, 4.22852463089e-05], [-5.66618546145e-05, 7.26313446648e-05, -2.24047221309e-06, 0.00268160132691, -0.00125291279983, 0.000599522376433, -0.000781276146881, 0.000698044372257, -0.00126796262339, -0.000265285780188, 2.97924598271e-05, -0.000728472718038, 0.000117638592201], [4.70042796223e-05, -0.000105841216282, -0.000129462816403, -0.00125291279983, 0.00564352376387, -0.00341267953627, 0.00125754624605, -0.00119771657046, -0.00124913605396, 0.000558989471756, 0.000233294951613, -0.00030247218092, 0.000608314876445], [-0.000115503520647, 2.28053413593e-05, -0.000383460137527, 0.000599522376433, -0.00341267953627, 0.00979209505022, -0.00606882525608, 0.00118825421669, -0.000527899188455, 0.000412121939007, -0.00240284111351, 0.00139518117066, -0.000861476466525], [0.000236471969401, -0.000195178639842, 0.00044862748473, -0.000781276146881, 0.00125754624605, -0.00606882525608, 0.0129570541903, -0.00669697718695, 0.000660798221361, 0.000799374480266, -0.000990507542156, -0.00175272219349, 0.00166005280335], [-5.21513029526e-05, -0.000154885143274, -0.00078714027768, 0.000698044372257, -0.00119771657046, 0.00118825421669, -0.00669697718695, 0.0173684898764, -0.00817514304072, 0.000754443753976, 8.54413956404e-05, 0.000515475228895, -0.00276235421188], [2.05237465707e-05, 0.000573173165321, 0.00029287187499, -0.00126796262339, -0.00124913605396, -0.000527899188455, 0.000660798221361, -0.00817514304072, 0.0204989109188, -0.0109534915537, 0.00245318119414, -0.000521029112861, 0.00046965922229], [-2.76662867691e-05, -0.000720403331798, -0.000385911553167, -0.000265285780188, 0.000558989471756, 0.000412121939007, 0.000799374480266, 0.000754443753976, -0.0109534915537, 0.0247770063579, -0.0153797408566, 0.00756346806884, -0.00583641137928], [7.24348574295e-05, 0.000260101893218, -0.00015967253421, 2.97924598271e-05, 0.000233294951613, -0.00240284111351, -0.000990507542156, 8.54413956404e-05, 0.00245318119414, -0.0153797408566, 0.0298211053014, -0.0191778186709, 0.00745039479807], [-8.24560775072e-05, -0.000217002700083, 8.30548888189e-05, -0.000728472718038, -0.00030247218092, 0.00139518117066, -0.00175272219349, 0.000515475228895, -0.000521029112861, 0.00756346806884, -0.0191778186709, 0.0309833809733, -0.0159942451864], [1.19094320326e-05, 0.000124026468256, 4.22852463089e-05, 0.000117638592201, 0.000608314876445, -0.000861476466525, 0.00166005280335, -0.00276235421188, 0.00046965922229, -0.00583641137928, 0.00745039479807, -0.0159942451864, 0.0192046612501]]}, "spectral_contrast_coeffs": {"dmean": [0.053309045732, 0.0492998510599, 0.0448750182986, 0.0362516492605, 0.0283787008375, 0.0255002640188], "dmean2": [0.0775483623147, 0.0800253450871, 0.0711209699512, 0.0569006539881, 0.0437915734947, 0.0394548475742], "dvar": [0.00241044652648, 0.00200924347155, 0.0017192728119, 0.00117424409837, 0.000896525743883, 0.000675061077345], "dvar2": [0.00479880720377, 0.00501843588427, 0.00398873118684, 0.00269642425701, 0.00187457422726, 0.00139499502257], "max": [-0.278932213783, -0.381687611341, -0.461206823587, -0.471507638693, -0.50094139576, -0.57391667366], "mean": [-0.645409226418, -0.701321363449, -0.746848165989, -0.777669131756, -0.802581787109, -0.790099322796], "median": [-0.664222061634, -0.701459050179, -0.754095196724, -0.787684440613, -0.813622236252, -0.794954657555], "min": [-0.997961461544, -0.998237907887, -0.998272001743, -0.998185217381, -0.981696069241, -0.970164000988], "var": [0.0130044575781, 0.00848843157291, 0.00685845455155, 0.00478063244373, 0.00405697710812, 0.00301494612359]}, "spectral_contrast_valleys": {"dmean": [0.500223577023, 0.459826648235, 0.444015294313, 0.488552182913, 0.616548120975, 0.772775411606], "dmean2": [0.759983837605, 0.752377092838, 0.714547514915, 0.726423442364, 0.838374435902, 0.979587256908], "dvar": [0.248009905219, 0.259624004364, 0.239533185959, 0.306132435799, 0.481343686581, 0.726675868034], "dvar2": [0.528403818607, 0.624600946903, 0.555612683296, 0.656804025173, 0.992441892624, 1.39385914803], "max": [-5.16909694672, -4.45781421661, -5.24906635284, -5.58249807358, -5.3419713974, -7.27373600006], "mean": [-7.68738222122, -7.22785520554, -7.92595434189, -8.616761207