{"lowlevel": {"average_loudness": 0.944088220596, "barkbands_crest": {"dmean": 2.48891186714, "dmean2": 3.7165915966, "dvar": 6.70217847824, "dvar2": 15.5051412582, "max": 26.7936763763, "mean": 13.5754728317, "median": 12.8066806793, "min": 2.41132545471, "var": 27.7584896088}, "barkbands_flatness_db": {"dmean": 0.0407683178782, "dmean2": 0.0520945563912, "dvar": 0.00225337012671, "dvar2": 0.0041129575111, "max": 0.6240645051, "mean": 0.217021331191, "median": 0.210334867239, "min": 0.0264034513384, "var": 0.010291531682}, "barkbands_kurtosis": {"dmean": 6.71655035019, "dmean2": 9.70140171051, "dvar": 607.469238281, "dvar2": 945.924804688, "max": 1722.65783691, "mean": 12.5103540421, "median": 5.57809638977, "min": -1.78999483585, "var": 1996.4987793}, "barkbands_skewness": {"dmean": 0.716687619686, "dmean2": 1.02069616318, "dvar": 0.777631998062, "dvar2": 1.4534112215, "max": 35.3497200012, "mean": 2.37997770309, "median": 2.17763328552, "min": -6.34399271011, "var": 4.3440952301}, "barkbands_spread": {"dmean": 7.55711603165, "dmean2": 11.0065765381, "dvar": 132.543365479, "dvar2": 305.859039307, "max": 131.097366333, "mean": 16.0395355225, "median": 9.86449813843, "min": 0.051701258868, "var": 265.877990723}, "dissonance": {"dmean": 0.0321272350848, "dmean2": 0.0507702119648, "dvar": 0.000935246469453, "dvar2": 0.00224173092283, "max": 0.499980211258, "mean": 0.416717976332, "median": 0.425716638565, "min": 0.183835074306, "var": 0.00281693367288}, "dynamic_complexity": 3.66776204109, "erbbands_crest": {"dmean": 2.6004755497, "dmean2": 3.93675684929, "dvar": 6.76401233673, "dvar2": 14.5453691483, "max": 29.5637283325, "mean": 11.6795482635, "median": 10.6863040924, "min": 2.25711750984, "var": 28.7401580811}, "erbbands_flatness_db": {"dmean": 0.0311744436622, "dmean2": 0.0392609685659, "dvar": 0.00142322725151, "dvar2": 0.00245090504177, "max": 0.52145588398, "mean": 0.181101292372, "median": 0.170333653688, "min": 0.0348629839718, "var": 0.00817939732224}, "erbbands_kurtosis": {"dmean": 1.23306179047, "dmean2": 1.8436871767, "dvar": 3.10323572159, "dvar2": 7.2699341774, "max": 68.755065918, "mean": 1.72372758389, "median": 0.511749148369, "min": -1.85083413124, "var": 32.7289237976}, "erbbands_skewness": {"dmean": 0.395353972912, "dmean2": 0.573840737343, "dvar": 0.160278573632, "dvar2": 0.347680717707, "max": 4.59044075012, "mean": 0.301229387522, "median": 0.350885808468, "min": -5.60239076614, "var": 1.03744769096}, "erbbands_spread": {"dmean": 10.9455757141, "dmean2": 15.5330963135, "dvar": 196.257705688, "dvar2": 396.377593994, "max": 135.829193115, "mean": 34.410774231, "median": 28.8327445984, "min": 1.27818107605, "var": 485.276245117}, "hfc": {"dmean": 15.4677476883, "dmean2": 22.1136169434, "dvar": 771.32232666, "dvar2": 1791.26196289, "max": 233.217086792, "mean": 23.2157745361, "median": 10.7281808853, "min": 1.15171705113e-16, "var": 1014.14257812}, "melbands_crest": {"dmean": 2.53261756897, "dmean2": 3.77073049545, "dvar": 6.96698665619, "dvar2": 16.0373649597, "max": 37.5049133301, "mean": 17.8908729553, "median": 18.0888404846, "min": 1.59781754017, "var": 32.4136810303}, "melbands_flatness_db": {"dmean": 0.0469867885113, "dmean2": 0.0603435598314, "dvar": 0.00305187981576, "dvar2": 0.00567144807428, "max": 0.777092218399, "mean": 0.309209883213, "median": 0.307802021503, "min": 0.00422036647797, "var": 0.0136000923812}, "melbands_kurtosis": {"dmean": 11.1680021286, "dmean2": 16.6282463074, "dvar": 359.125, "dvar2": 811.305175781, "max": 351.263061523, "mean": 23.5837955475, "median": 14.1605634689, "min": -1.95304465294, "var": 875.514099121}, "melbands_skewness": {"dmean": 0.852725446224, "dmean2": 1.21882176399, "dvar": 0.940203249454, "dvar2": 2.01586055756, "max": 14.2466192245, "mean": 3.41317200661, "median": 3.22030615807, "min": -4.14302825928, "var": 4.34211111069}, "melbands_spread": {"dmean": 5.21651315689, "dmean2": 8.05293655396, "dvar": 76.0405044556, "dvar2": 187.688659668, "max": 155.004714966, "mean": 14.5456628799, "median": 8.62692451477, "min": 0.22189617157, "var": 410.609710693}, "pitch_salience": {"dmean": 0.0684339478612, "dmean2": 0.104758493602, "dvar": 0.005821603816, "dvar2": 0.0136027801782, "max": 0.993883669376, "mean": 0.416225343943, "median": 0.419716835022, "min": 0.0193852912635, "var": 0.0204434897751}, "silence_rate_20dB": {"dmean": 0, "dmean2": 0, "dvar": 0, "dvar2": 0, "max": 1, "mean": 1, "median": 1, "min": 1, "var": 0}, "silence_rate_30dB": {"dmean": 0.0496020317078, "dmean2": 0.0992155075073, "dvar": 0.0471449270844, "dvar2": 0.111977510154, "max": 1, "mean": 0.950057685375, "median": 1, "min": 0, "var": 0.0474498979747}, "silence_rate_60dB": {"dmean": 0.0173030346632, "dmean2": 0.0346100591123, "dvar": 0.0170039869845, "dvar2": 0.0373351834714, "max": 1, "mean": 0.0966551303864, "median": 0, "min": 0, "var": 0.0873098596931}, "spectral_centroid": {"dmean": 226.625854492, "dmean2": 342.546691895, "dvar": 120511.226562, "dvar2": 264327.0625, "max": 10655.0742188, "mean": 942.145996094, "median": 671.459533691, "min": 81.3023910522, "var": 594643.9375}, "spectral_complexity": {"dmean": 3.78451943398, "dmean2": 5.50853729248, "dvar": 36.0570411682, "dvar2": 68.4134368896, "max": 56, "mean": 11.7943487167, "median": 10, "min": 0, "var": 75.1757736206}, "spectral_decrease": {"dmean": 3.6187726149e-09, "dmean2": 5.08513897657e-09, "dvar": 2.71133459706e-17, "dvar2": 6.28977748397e-17, "max": 5.16261742345e-18, "mean": -1.18233476343e-08, "median": -1.097341773e-08, "min": -6.5082545575e-08, "var": 7.98269723702e-17}, "spectral_energy": {"dmean": 0.0145626030862, "dmean2": 0.0204149428755, "dvar": 0.000417933537392, "dvar2": 0.000964038539678, "max": 0.24764367938, "mean": 0.0467297583818, "median": 0.0432773977518, "min": 1.06956561544e-20, "var": 0.00122321734671}, "spectral_energyband_high": {"dmean": 0.00115541997366, "dmean2": 0.00173341983464, "dvar": 5.18423803442e-06, "dvar2": 1.21579869301e-05, "max": 0.0183194950223, "mean": 0.001147303381, "median": 8.0136298493e-05, "min": 7.54940360875e-21, "var": 5.66393282497e-06}, "spectral_energyband_low": {"dmean": 0.0101359365508, "dmean2": 0.014695734717, "dvar": 0.000326030422002, "dvar2": 0.000785184965935, "max": 0.241307273507, "mean": 0.0306653901935, "median": 0.0261326506734, "min": 1.15723181114e-22, "var": 0.000873200478964}, "spectral_energyband_middle_high": {"dmean": 0.00191210233606, "dmean2": 0.00269802589901, "dvar": 1.06590077849e-05, "dvar2": 2.00640879484e-05, "max": 0.0396309532225, "mean": 0.00387101131491, "median": 0.00206311000511, "min": 1.74374641057e-21, "var": 2.39583077928e-05}, "spectral_energyband_middle_low": {"dmean": 0.00527808303013, "dmean2": 0.00752611504868, "dvar": 9.86609666143e-05, "dvar2": 0.00020655975095, "max": 0.159704580903, "mean": 0.0124893896282, "median": 0.00836426578462, "min": 3.95424972709e-22, "var": 0.000215754189412}, "spectral_entropy": {"dmean": 0.364800721407, "dmean2": 0.470468223095, "dvar": 0.208072155714, "dvar2": 0.382410228252, "max": 9.81583976746, "mean": 6.9474067688, "median": 6.95864486694, "min": 3.44851851463, "var": 0.938472211361}, "spectral_flux": {"dmean": 0.0343106277287, "dmean2": 0.051749534905, "dvar": 0.00181058165617, "dvar2": 0.00390828540549, "max": 0.388824641705, "mean": 0.0750172585249, "median": 0.0592230111361, "min": 1.0341980744e-10, "var": 0.00349752651528}, "spectral_kurtosis": {"dmean": 4.90135812759, "dmean2": 7.59930753708, "dvar": 57.3092155457, "dvar2": 141.247512817, "max": 120.869308472, "mean": 11.1090250015, "median": 6.50134801865, "min": -1.1879234314, "var": 170.647842407}, "spectral_rms": {"dmean": 0.000986478175037, "dmean2": 0.00132217281498, "dvar": 1.5526260313e-06, "dvar2": 3.21409720527e-06, "max": 0.015543602407, "mean": 0.00609661499038, "median": 0.00649783480912, "min": 3.23029190202e-12, "var": 8.42138888402e-06}, "spectral_rolloff": {"dmean": 546.704650879, "dmean2": 959.557067871, "dvar": 2366765, "dvar2": 6052996.5, "max": 19422.9492188, "mean": 1184.25598145, "median": 516.796875, "min": 43.06640625, "var": 6238950.5}, "spectral_skewness": {"dmean": 0.501315891743, "dmean2": 0.741951227188, "dvar": 0.379854232073, "dvar2": 0.840681135654, "max": 8.5048494339, "mean": 2.35390305519, "median": 2.0694425106, "min": 0.0449379011989, "var": 1.28207135201}, "spectral_spread": {"dmean": 1167148.75, "dmean2": 1503855.625, "dvar": 2148435099650.0, "dvar2": 3461316608000.0, "max": 40065976, "mean": 5030431, "median": 4607572, "min": 661656.6875, "var": 7540664434690.0}, "spectral_strongpeak": {"dmean": 0.263929158449, "dmean2": 0.447708129883, "dvar": 0.22234198451, "dvar2": 0.561394870281, "max": 11.2952489853, "mean": 0.652581870556, "median": 0.510169267654, "min": 0, "var": 0.356847822666}, "zerocrossingrate": {"dmean": 0.0154729792848, "dmean2": 0.0172097180039, "dvar": 0.000394338712795, "dvar2": 0.00051291420823, "max": 0.5302734375, "mean": 0.0523138456047, "median": 0.03125, "min": 0.00244140625, "var": 0.00444769533351}, "barkbands": {"dmean": [7.30385945644e-05, 0.00854247808456, 0.00289054750465, 0.000716063426808, 0.00290360534564, 0.00148838455789, 0.000367538741557, 0.000418548326707, 0.000452171749203, 0.000558785744943, 0.000390712084481, 0.000241185596678, 0.000444029312348, 0.000183973184903, 0.000216199972783, 0.000166856916621, 0.000190122125787, 0.000119755255582, 0.000110494554974, 8.58946732478e-05, 0.000142022327054, 0.000155114219524, 0.000139357740409, 0.000137243245263, 0.000197860004846, 0.000240175155341, 0.000154414330609], "dmean2": [0.00010829223902, 0.0122048128396, 0.00459499284625, 0.00116761832032, 0.00422110082582, 0.00220691249706, 0.000575923069846, 0.000624839449301, 0.000670267676469, 0.000805229181424, 0.000566433940548, 0.000389580469346, 0.000691966793966, 0.000287501112325, 0.000298548286082, 0.000255946360994, 0.000294779078104, 0.000191296610865, 0.000167879799847, 0.00013277339167, 0.000235211613472, 0.00023777813476, 0.000218336906983, 0.00021338503575, 0.000305885769194, 0.000371864822228, 0.000240967332502], "dvar": [1.4567942408e-08, 0.000244994967943, 4.31993976235e-05, 3.05106345877e-06, 5.45434195374e-05, 1.13198011604e-05, 9.04494470433e-07, 8.27057931474e-07, 9.20477930322e-07, 9.96537096398e-07, 7.77768661919e-07, 4.66449563419e-07, 1.44756927511e-06, 2.50965598525e-07, 3.59943953754e-07, 2.55075150335e-07, 4.29983799677e-07, 1.30481708993e-07, 7.94898582512e-08, 3.91818844037e-08, 1.01205813507e-07, 8.62999485207e-08, 9.33921953106e-08, 8.36980333929e-08, 1.77155030201e-07, 2.77772414847e-07, 2.61893688958e-07], "dvar2": [3.51992994752e-08, 0.000587466231082, 0.000112386427645, 7.70983933762e-06, 0.000112115194497, 2.51033397944e-05, 2.09576251109e-06, 1.94251674657e-06, 2.14351393879e-06, 2.09129962059e-06, 1.49824870732e-06, 1.09412872007e-06, 3.0655894534e-06, 5.34420905751e-07, 5.83864903092e-07, 5.31414571014e-07, 1.01888224435e-06, 3.00799342767e-07, 1.49665524418e-07, 9.66673852076e-08, 2.67950554189e-07, 1.94686521127e-07, 2.18967926457e-07, 1.95184483687e-07, 4.3762918267e-07, 6.77766763602e-07, 6.02411034833e-07], "max": [0.001468089642, 0.222792744637, 0.0998822972178, 0.0285584144294, 0.152040421963, 0.0509128049016, 0.0131389955059, 0.0151410121471, 0.0150938145816, 0.0221801120788, 0.0171788744628, 0.0189971234649, 0.0196736361831, 0.00913472939283, 0.0152774937451, 0.0120361056179, 0.0161674693227, 0.00806746818125, 0.00814563222229, 0.00202125054784, 0.00310723576695, 0.00216828449629, 0.00269123446196, 0.0026840523351, 0.00363395409659, 0.0046420218423, 0.00604153005406], "mean": [0.000118845338875, 0.0211112909019, 0.00833216309547, 0.00154066097457, 0.00542072951794, 0.00254813907668, 0.000543864618521, 0.00083896756405, 0.000832077232189, 0.00125751493033, 0.000676601659507, 0.000293997640256, 0.000708126695827, 0.000276688369922, 0.000290978670819, 0.000218577697524, 0.000242725538556, 0.000139692710945, 0.000139731666422, 9.80331315077e-05, 0.000146969323396, 0.000165726974956, 0.000134397836518, 0.000131817636429, 0.000178654081537, 0.000208789511817, 0.000134088826599], "median": [6.262610259e-05, 0.0128220636398, 0.00542686833069, 0.000745779136196, 0.00205813068897, 0.00113438593689, 0.000163213451742, 0.000232286198298, 0.000268005591352, 0.000552896643057, 0.000138323288411, 5.62075074413e-05, 9.84063153737e-05, 3.72331996914e-05, 3.48143366864e-05, 3.83814476663e-05, 3.14135359076e-05, 2.03710678761e-05, 2.32341590163e-05, 1.45832746057e-05, 1.2714532204e-05, 1.03261918412e-05, 7.13554709364e-06, 6.85194891048e-06, 6.42714348942e-06, 4.2575934458e-06, 9.63680122368e-07], "min": [1.32798271045e-22, 2.4852614746e-23, 2.2205442095e-23, 1.57908243773e-23, 4.00071249845e-23, 1.02700684224e-22, 4.00576436369e-23, 3.58638539609e-23, 7.80049518236e-23, 1.5274039705e-22, 1.70301513651e-22, 1.53270145547e-22, 1.40629652972e-22, 8.14516996887e-23, 1.30464391347e-22, 1.39914086711e-22, 1.73590861678e-22, 2.22693439304e-22, 3.39730256841e-22, 1.75638845562e-22, 2.81085857519e-22, 4.55444261925e-22, 5.39595399455e-22, 9.4659925991e-22, 1.25267557457e-21, 1.86558288504e-21, 2.25619812864e-21], "var": [2.65443897973e-08, 0.000653412076645, 8.57691484271e-05, 6.49768071526e-06, 0.000127179766423, 1.73346597876e-05, 1.19771800655e-06, 1.92810466615e-06, 1.88443061688e-06, 2.99148041449e-06, 1.78851064447e-06, 5.86738281072e-07, 2.56444695879e-06, 4.86516796627e-07, 7.69409950863e-07, 4.35367354612e-07, 6.62526304041e-07, 1.82396775017e-07, 1.35497160159e-07, 4.26116066876e-08, 9.68227951148e-08, 1.04329032524e-07, 9.59854702387e-08, 8.63056257572e-08, 1.68072787687e-07, 2.67543782684e-07, 2.74564996516e-07]}, "erbbands": {"dmean": [0.184121489525, 2.13742232323, 3.52028131485, 2.75131392479, 3.78645849228, 13.4938421249, 11.1588058472, 12.7258033752, 7.73116874695, 6.21020936966, 8.53963565826, 12.3849191666, 16.0381660461, 11.8677167892, 16.8228549957, 12.3368492126, 21.8393135071, 9.94772434235, 11.0660896301, 10.8282737732, 7.63355875015, 7.70566082001, 8.13631057739, 6.72210597992, 4.5479927063, 3.98490571976, 5.18821239471, 5.56308507919, 5.9944601059, 5.18025636673, 3.6961312294, 3.25389504433, 2.06050825119, 2.10592222214, 1.37980926037, 0.888116657734, 0.475381195545, 0.170936241746, 0.0249040219933, 0.00114196666982], "dmean2": [0.236840933561, 3.13795351982, 5.64947795868, 4.31849193573, 5.9056096077, 19.9579429626, 15.9955730438, 19.0873985291, 12.0464754105, 9.69679450989, 12.5047512054, 17.9826793671, 22.8313522339, 17.6210899353, 24.2946224213, 19.5110626221, 34.2017288208, 15.2179708481, 16.1125183105, 15.3087310791, 11.5122585297, 11.8764028549, 12.524143219, 10.3644151688, 7.05546474457, 6.09648942947, 8.46802997589, 8.88560009003, 9.33088302612, 8.0871257782, 5.80174207687, 5.08004617691, 3.21014499664, 3.23705101013, 2.13409328461, 1.4118309021, 0.736802339554, 0.265018880367, 0.0386086478829, 0.00175180123188], "dvar": [0.116540960968, 16.0202217102, 58.4808425903, 40.3306274414, 84.1490783691, 1505.70007324, 457.734588623, 1060.05065918, 522.493286133, 209.612228394, 333.214630127, 685.551269531, 1002.33129883, 739.696166992, 1391.98852539, 1057.62219238, 3549.0078125, 670.524291992, 807.506835938, 1205.26196289, 426.085693359, 547.932189941, 661.207580566, 374.376739502, 105.920158386, 79.2618560791, 134.560882568, 143.311752319, 132.203186035, 107.489204407, 69.1493148804, 51.5949287415, 18.1849708557, 19.1976222992, 8.30292129517, 3.91344165802, 1.14121592045, 0.22977937758, 0.00691564474255, 1.29652225951e-05], "dvar2": [0.196259662509, 40.861240387, 154.296127319, 99.0088043213, 179.030456543, 3252.43652344, 939.457641602, 2387.71386719, 1201.2154541, 521.522888184, 754.81652832, 1597.25878906, 2075.61474609, 1589.60583496, 2733.13110352, 2551.83740234, 7437.28076172, 1366.67358398, 1528.71166992, 1876.26513672, 957.363647461, 1275.75036621, 1431.51586914, 772.544372559, 242.416366577, 190.242248535, 349.26651001, 361.899841309, 297.565643311, 245.853881836, 167.247848511, 118.662277222, 43.5290794373, 46.6228294373, 20.5224647522, 9.70538806915, 2.78751969337, 0.538643062115, 0.0155650405213, 2.98626837321e-05], "max": [6.33190345764, 50.3869895935, 119.599746704, 117.656105042, 222.876037598, 795.515197754, 305.461090088, 595.825378418, 360.951812744, 304.590606689, 349.946655273, 409.953582764, 639.484008789, 806.148986816, 772.405700684, 963.550964355, 987.203491211, 487.633361816, 528.905395508, 1173.63244629, 521.104125977, 576.972717285, 567.678527832, 632.508789062, 260.315643311, 99.8408432007, 118.839942932, 113.653388977, 80.8106460571, 115.891822815, 70.9083251953, 63.996925354, 38.6080284119, 37.1929016113, 24.5867443085, 20.7699337006, 10.4659900665, 5.57282447815, 0.983994960785, 0.0438762009144], "mean": [0.479909390211, 5.19455003738, 10.2548713684, 7.77170467377, 7.44694757462, 22.7642021179, 22.4226589203, 20.344078064, 10.0645112991, 13.2895536423, 17.2609004974, 24.1813144684, 36.7007293701, 24.8187713623, 28.6466007233, 17.4841957092, 35.4152526855, 16.533203125, 14.7699966431, 15.1369953156, 10.6538600922, 9.96952342987, 10.1652107239, 8.4008398056, 5.33046627045, 4.76248645782, 5.39588069916, 5.9497833252, 6.34821557999, 5.17162895203, 3.53616809845, 3.13258576393, 1.93715441227, 1.9649118185, 1.23115992546, 0.748603463173, 0.414521098137, 0.149351388216, 0.0219974406064, 0.00106399820652], "median": [0.223552122712, 3.20905208588, 7.08184289932, 4.65551948547, 2.80744194984, 6.36336088181, 11.4439172745, 7.43198680878, 3.22113966942, 3.65688896179, 7.51622676849, 9.87810707092, 14.1009922028, 8.44351196289, 7.96687793732, 5.84565544128, 5.80486679077, 3.25232219696, 2.57372283936, 2.32545804977, 2.14397668839, 1.62736952305, 1.36355865002, 1.35973012447, 0.952007114887, 0.765925049782, 0.574854373932, 0.482753276825, 0.365233331919, 0.286776661873, 0.205811530352, 0.146222740412, 0.0947045981884, 0.0702034384012, 0.0454660356045, 0.0200041159987, 0.00742571055889, 0.00165122491308, 0.000191011553397, 7.20681855455e-05], "min": [1.93020475481e-21, 2.5220391545e-21, 1.74292981205e-20, 5.40468438509e-20, 5.94754492653e-20, 1.24950038848e-19, 2.39039118705e-19, 1.2224770958e-18, 7.56885666725e-19, 7.5863220689e-19, 7.03807968359e-19, 1.35818713883e-18, 5.20378206663e-18, 4.58309923579e-18, 7.67252617944e-18, 6.43424259272e-18, 6.58259867635e-18, 3.51255836471e-18, 6.46064992018e-18, 6.53525003091e-18, 8.07382210028e-18, 9.85465427796e-18, 1.24211119958e-17, 2.00670443185e-17, 1.22307256244e-17, 9.68397383036e-18, 1.01372737691e-17, 1.14366587062e-17, 1.68792672544e-17, 1.59743912213e-17, 1.32877119004e-17, 1.50441207433e-17, 1.97863637387e-17, 1.3703236155e-17, 9.26048382652e-18, 6.48762717509e-18, 3.22588920406e-18, 1.49098467892e-18, 3.34777416392e-19, 3.04281425631e-20], "var": [0.447107285261, 37.4497528076, 114.197998047, 93.9493484497, 219.089675903, 3009.10644531, 1061.02368164, 1491.94250488, 633.040649414, 519.835021973, 720.296142578, 1402.37097168, 3196.85888672, 2001.44042969, 2781.10449219, 1345.88305664, 6331.16357422, 1453.91430664, 1537.63952637, 2680.48291016, 716.361816406, 844.72454834, 1046.01745605, 611.185913086, 135.636779785, 93.5777359009, 135.227905273, 149.224914551, 155.808670044, 118.765701294, 68.2180633545, 53.0427246094, 18.2766590118, 19.1203727722, 7.8790268898, 3.493227005, 1.10403048992, 0.23821143806, 0.00741877127439, 1.39937737913e-05]}, "gfcc": {"mean": [-61.5777664185, 99.8057785034, -83.7391281128, 12.6147575378, -40.717754364, 13.3484735489, -20.1266441345, 3.40836691856, -22.8480072021, -0.98994332552, -14.4176940918, 3.17170000076, -6.29709768295], "cov": [[38937.328125, 1689.22900391, 2488.72460938, 646.760437012, -1539.37414551, 1108.93188477, -840.758178711, 442.003234863, 142.231185913, 215.87210083, -1285.84667969, 582.307556152, -116.942733765], [1689.22900391, 4328.71240234, 108.365432739, -450.996856689, 32.1606674194, -428.409759521, 262.269256592, -118.712554932, 205.584091187, -206.624938965, -52.3782234192, -82.4895324707, 348.653656006], [2488.72460938, 108.365432739, 1660.01660156, 533.036193848, 156.110046387, 411.668243408, 86.4491500854, 319.102966309, 182.199508667, 99.9038162231, -225.369094849, 20.3714046478, -19.1522846222], [646.760437012, -450.996856689, 533.036193848, 976.045227051, 298.82321167, 552.687744141, 127.900764465, 216.625808716, 113.288536072, 38.2709083557, 26.14635849, -72.7862625122, -102.299110413], [-1539.37414551, 32.1606674194, 156.110046387, 298.82321167, 668.17779541, 230.666030884, 254.90687561, 104.309555054, 71.2563095093, 17.9834384918, 112.602806091, -56.9859771729, -15.9960603714], [1108.93188477, -428.409759521, 411.668243408, 552.687744141, 230.666030884, 885.606689453, 245.627639771, 133.032196045, 49.1564331055, 32.0082015991, 46.4923820496, -50.8338317871, -117.917686462], [-840.758178711, 262.269256592, 86.4491500854, 127.900764465, 254.90687561, 245.627639771, 324.241424561, 80.0814971924, 59.0748901367, -19.3233146667, 92.1339492798, -63.7631072998, -9.05584716797], [442.003234863, -118.712554932, 319.102966309, 216.625808716, 104.309555054, 133.032196045, 80.0814971924, 226.706420898, 101.087989807, 35.5197563171, -37.1649856567, -0.626748681068, -27.0197868347], [142.231185913, 205.584091187, 182.199508667, 113.288536072, 71.2563095093, 49.1564331055, 59.0748901367, 101.087989807, 162.223846436, 46.7528457642, -14.4384088516, -14.0025663376, 18.3797359467], [215.87210083, -206.624938965, 99.9038162231, 38.2709083557, 17.9834384918, 32.0082015991, -19.3233146667, 35.5197563171, 46.7528457642, 160.633666992, 21.5267753601, 18.096036911, -13.6787729263], [-1285.84667969, -52.3782234192, -225.369094849, 26.14635849, 112.602806091, 46.4923820496, 92.1339492798, -37.1649856567, -14.4384088516, 21.5267753601, 208.404418945, 1.74763131142, -25.1485080719], [582.307556152, -82.4895324707, 20.3714046478, -72.7862625122, -56.9859771729, -50.8338317871, -63.7631072998, -0.626748681068, -14.0025663376, 18.096036911, 1.74763131142, 125.797210693, 40.3224601746], [-116.942733765, 348.653656006, -19.1522846222, -102.299110413, -15.9960603714, -117.917686462, -9.05584716797, -27.0197868347, 18.3797359467, -13.6787729263, -25.1485080719, 40.3224601746, 128.396911621]], "icov": [[5.82689717703e-05, -8.93239412108e-05, 2.68533749477e-05, -5.89579467487e-05, 8.48604395287e-05, -0.000128566462081, 7.57074885769e-05, -4.57450623799e-05, 8.44085589051e-05, -0.000162050855579, 0.000378966098651, -0.000416105816839, 0.000316423014738], [-8.93239412108e-05, 0.000578094215598, -0.000219228997594, 0.000224194489419, -4.46201702289e-05, 0.000365521962522, -0.000529860903043, 0.00054092053324, -0.000849255011417, 0.000803087488748, -0.000712852634024, 0.00105604843702, -0.00136276357807], [2.68533749477e-05, -0.000219228997594, 0.00127090816386, -0.000462634314317, -8.06500320323e-05, -0.00030623486964, -0.000185732104001, -0.000781952869147, 8.86588022695e-05, -0.000874109624419, 0.00176886096597, -0.00106403348036, 0.000546591414604], [-5.89579467487e-05, 0.000224194489419, -0.000462634314317, 0.00249842228368, -0.000669918139465, -0.00111134606414, 0.0015224555973, -0.00123898033053, -0.000785842188634, 0.000980130513199, -0.0016657076776, 0.00198210799135, -0.000730167899746], [8.48604395287e-05, -4.46201702289e-05, -8.06500320323e-05, -0.000669918139465, 0.00262202275917, 0.000106441351818, -0.00160077540204, -0.000184518197784, 0.000144628953421, -0.000419998948928, -0.000212614846532, -0.000267336814431, -9.77836025413e-05], [-0.000128566462081, 0.000365521962522, -0.00030623486964, -0.00111134606414, 0.000106441351818, 0.00293871411122, -0.00266816094518, 0.00119353528135, -5.53015634068e-05, 2.71895241895e-05, -0.000127966544824, -0.000120597884234, 0.000757949135732], [7.57074885769e-05, -0.000529860903043, -0.000185732104001, 0.0015224555973, -0.00160077540204, -0.00266816094518, 0.00904106814414, -0.00343787157908, -0.000195345943212, 0.00156229559798, -0.00360168493353, 0.0032871812582, -0.00158593372907], [-4.57450623799e-05, 0.00054092053324, -0.000781952869147, -0.00123898033053, -0.000184518197784, 0.00119353528135, -0.00343787157908, 0.0104356454685, -0.00478471862152, 0.00018753085169, 0.00234131445177, -0.00268295919523, 0.00241850316525], [8.44085589051e-05, -0.000849255011417, 8.86588022695e-05, -0.000785842188634, 0.000144628953421, -5.53015634068e-05, -0.000195345943212, -0.00478471862152, 0.0120588904247, -0.00388360070065, 0.000709219428245, 0.000896707584616, -0.00156599166803], [-0.000162050855579, 0.000803087488748, -0.000874109624419, 0.000980130513199, -0.000419998948928, 2.71895241895e-05, 0.00156229559798, 0.00018753085169, -0.00388360070065, 0.00936580076814, -0.00368309067562, 0.00122573005501, -0.00110811460763], [0.000378966098651, -0.000712852634024, 0.00176886096597, -0.0016657076776, -0.000212614846532, -0.000127966544824, -0.00360168493353, 0.00234131445177, 0.000709219428245, -0.00368309067562, 0.0123636061326, -0.00671088602394, 0.00534746935591], [-0.000416105816839, 0.00105604843702, -0.00106403348036, 0.00198210799135, -0.000267336814431, -0.000120597884234, 0.0032871812582, -0.00268295919523, 0.000896707584616, 0.00122573005501, -0.00671088602394, 0.0161736309528, -0.00869438610971], [0.000316423014738, -0.00136276357807, 0.000546591414604, -0.000730167899746, -9.77836025413e-05, 0.000757949135732, -0.00158593372907, 0.00241850316525, -0.00156599166803, -0.00110811460763, 0.00534746935591, -0.00869438610971, 0.0162417497486]]}, "melbands": {"dmean": [0.00209373934194, 0.00213211472146, 0.000458887720015, 0.000613082898781, 0.000465060904389, 0.000285960704787, 0.000106369720015, 7.24153796909e-05, 7.34564455342e-05, 7.22475961084e-05, 7.96194581199e-05, 4.81139286421e-05, 5.60968728678e-05, 3.37636265613e-05, 4.37238813902e-05, 3.53653558705e-05, 1.90650280274e-05, 1.75707027665e-05, 1.23086520034e-05, 1.71166611835e-05, 8.15499697637e-06, 7.3691826401e-06, 1.11228309834e-05, 5.98161113885e-06, 5.69605708733e-06, 3.53625114258e-06, 3.34131414093e-06, 2.4651944841e-06, 2.94615097118e-06, 3.82044663638e-06, 3.11522671836e-06, 3.60344597539e-06, 2.75278284789e-06, 2.96105326925e-06, 2.0223374122e-06, 2.02073761102e-06, 2.05241735785e-06, 1.48400749822e-06, 1.27884482026e-06, 2.03528384191e-06], "dmean2": [0.00285767484456, 0.00329849310219, 0.000720095646102, 0.000912072369829, 0.000658091390505, 0.000426880695159, 0.000166745652677, 0.000112962181447, 0.000106327752292, 0.000106180727016, 0.000113727008284, 7.22439654055e-05, 8.12199796201e-05, 5.24921269971e-05, 6.85011400492e-05, 5.60256776225e-05, 2.96143316518e-05, 2.60766737483e-05, 1.73331081896e-05, 2.53545167652e-05, 1.26117092805e-05, 1.14533813758e-05, 1.72330856003e-05, 9.50533649302e-06, 8.84705605131e-06, 5.276362117e-06, 5.57019711778e-06, 3.75491731575e-06, 4.73236696052e-06, 6.46176613373e-06, 4.97449491377e-06, 5.61251363251e-06, 4.37370135842e-06, 4.65734183308e-06, 3.17473040923e-06, 3.22011555909e-06, 3.21776701639e-06, 2.34377921515e-06, 1.97033523364e-06, 3.16530804412e-06], "dvar": [1.47199252751e-05, 1.73024800461e-05, 1.08039319002e-06, 2.84947282125e-06, 9.79343212748e-07, 5.00294390804e-07, 9.63226938211e-08, 2.96969595581e-08, 2.10317594451e-08, 2.33137225081e-08, 2.45910705132e-08, 1.37738256356e-08, 1.60066182531e-08, 7.07044156556e-09, 1.12818963061e-08, 9.76773417705e-09, 3.01858404939e-09, 1.91819937712e-09, 1.1590239879e-09, 3.0081870328e-09, 6.89163448531e-10, 5.1582599303e-10, 1.66164770832e-09, 3.15190623601e-10, 3.0894115044e-10, 6.21155626934e-11, 6.80528064456e-11, 3.10823658478e-11, 4.19631066007e-11, 8.00251254152e-11, 4.49036120787e-11, 4.87191953447e-11, 2.74361072056e-11, 3.8286481624e-11, 2.10959652525e-11, 2.04249794161e-11, 2.12856763465e-11, 1.01409106806e-11, 6.6670904908e-12, 1.90933917982e-11], "dvar2": [3.1565396057e-05, 4.56400448456e-05, 2.63992546934e-06, 5.91730213273e-06, 1.99934333978e-06, 1.123419338e-06, 2.21986766746e-07, 7.33780112228e-08, 4.75858250581e-08, 5.49643282e-08, 5.10591142699e-08, 2.97360394086e-08, 3.06681080531e-08, 1.60966546758e-08, 2.53325485033e-08, 2.02366798874e-08, 6.16029627309e-09, 3.78094133779e-09, 1.88051552108e-09, 5.67648905658e-09, 1.7518489992e-09, 1.28424804124e-09, 3.65392027746e-09, 7.28482663082e-10, 6.38398889308e-10, 1.23545992881e-10, 1.81678769251e-10, 7.27843826875e-11, 1.06085536189e-10, 2.15629014644e-10, 1.12706649569e-10, 1.1102125469e-10, 6.32637414677e-11, 8.8933409248e-11, 5.20583715025e-11, 4.70255293039e-11, 4.98976936159e-11, 2.47476466403e-11, 1.57926952765e-11, 4.75739586614e-11], "max": [0.0634111911058, 0.0516865104437, 0.0196484532207, 0.0364240817726, 0.016813384369, 0.0116945393384, 0.00477310083807, 0.0037142150104, 0.00244279904291, 0.00221617217176, 0.00313631631434, 0.00357128540054, 0.00248712021858, 0.00215138122439, 0.00166899978649, 0.00157147692516, 0.00109852408059, 0.000765866658185, 0.00100596609991, 0.0011449472513, 0.000933849078137, 0.000699089840055, 0.00103738415055, 0.000293966964819, 0.000597560021561, 0.000219470952288, 9.8396820249e-05, 6.37798002572e-05, 6.33418458165e-05, 9.11395254661e-05, 5.96571371716e-05, 5.09863784828e-05, 3.85917701351e-05, 7.2216753324e-05, 3.9497645048e-05, 3.92377296521e-05, 4.59330476588e-05, 3.02079261019e-05, 2.2498650651e-05, 3.74758492399e-05], "mean": [0.00530382990837, 0.00611215084791, 0.00130489328876, 0.0010766753694, 0.000911516253836, 0.000461592397187, 0.000137675291626, 0.000153966611833, 0.000148880761117, 0.000138622985105, 0.000178501446499, 9.63642814895e-05, 9.85286460491e-05, 4.5001746912e-05, 6.87021092745e-05, 5.43105816178e-05, 3.07351911033e-05, 2.26681659115e-05, 1.6662028429e-05, 2.28055541811e-05, 1.09429529402e-05, 9.43701252254e-06, 1.34009687827e-05, 6.84501355863e-06, 6.91872719472e-06, 4.2621159082e-06, 3.37341998602e-06, 2.98411691801e-06, 3.16426553582e-06, 3.62750347449e-06, 3.37100004799e-06, 3.68965606867e-06, 2.9433592772e-06, 2.84564453068e-06, 1.93956907424e-06, 1.92947777578e-06, 1.93115397451e-06, 1.35442780902e-06, 1.22245523926e-06, 1.86314696293e-06], "median": [0.00288676144555, 0.00509693007916, 0.000838795909658, 0.000344082480296, 0.000427912164014, 0.000178161833901, 3.89478009311e-05, 4.20037831645e-05, 7.41360054235e-05, 5.7245590142e-05, 6.60506048007e-05, 2.32499423873e-05, 2.11860824493e-05, 1.2069596778e-05, 1.48446906678e-05, 8.24311882752e-06, 3.95970164391e-06, 3.98237489208e-06, 2.30580872085e-06, 3.15861393574e-06, 2.00977092391e-06, 1.48093727148e-06, 1.20420895655e-06, 1.06538550426e-06, 9.39159860991e-07, 6.69128439768e-07, 4.75622698559e-07, 4.71964995086e-07, 3.54738972419e-07, 2.90664843305e-07, 2.50869902629e-07, 1.95419858073e-07, 1.80960824991e-07, 1.41251717878e-07, 1.09325817732e-07, 8.72473222557e-08, 8.86014674961e-08, 6.44126885163e-08, 5.28336947525e-08, 6.09742869528e-08], "min": [1.88762865696e-23, 7.37823024603e-24, 8.62523158829e-24, 6.9370069311e-24, 8.59624173888e-24, 2.4742481875e-23, 1.09527814664e-23, 8.74488206609e-24, 5.94884386805e-24, 1.05067610883e-23, 2.55930821901e-23, 1.72846539859e-23, 2.43865872776e-23, 1.93709149789e-23, 1.72027023819e-23, 1.00726170111e-23, 5.92773000592e-24, 1.07071128255e-23, 1.00933340762e-23, 7.28204443585e-24, 9.94999173883e-24, 9.28422468926e-24, 9.87555955698e-24, 1.2505116944e-23, 1.72852913855e-23, 1.02658887217e-23, 6.68633848986e-24, 6.08974270876e-24, 5.62678785362e-24, 6.25709126677e-24, 7.27984745823e-24, 1.04861860181e-23, 7.64903278416e-24, 9.61689364388e-24, 6.74085824474e-24, 9.41569782545e-24, 8.26440029935e-24, 1.55179069031e-23, 1.26084238016e-23, 1.03641760574e-23], "var": [4.66231213068e-05, 3.47962995875e-05, 2.37610697695e-06, 6.82739118929e-06, 2.15023919736e-06, 7.11142718046e-07, 1.16422548047e-07, 7.37378655913e-08, 4.42211600671e-08, 4.54159128083e-08, 7.81196263233e-08, 3.8106950484e-08, 3.76055879769e-08, 9.60249568749e-09, 2.03370813523e-08, 1.57140060963e-08, 6.60869492464e-09, 3.44214634573e-09, 2.48372855616e-09, 5.72332359283e-09, 9.86355885857e-10, 7.68625552094e-10, 2.52522869282e-09, 4.06044198265e-10, 4.99149499511e-10, 9.31476076826e-11, 6.01764818531e-11, 3.77490157188e-11, 4.49557717441e-11, 7.17431183905e-11, 4.74417206908e-11, 5.61153241929e-11, 3.15708570398e-11, 4.01883526457e-11, 2.06069709907e-11, 2.07729406593e-11, 2.11582487641e-11, 9.70293116687e-12, 6.89435357762e-12, 1.81001238303e-11]}, "mfcc": {"mean": [-707.35144043, 143.043563843, 18.6528301239, 14.6238899231, 3.27631878853, 10.8693532944, 6.82742929459, 7.70945882797, 3.33008432388, -1.18222796917, -0.510995090008, -3.20727849007, -2.93114185333], "cov": [[18690.1230469, -30.7309417725, 1464.34973145, 1164.98413086, 681.190307617, 626.952331543, 88.1293640137, 352.346862793, 627.200866699, 86.055267334, 207.621109009, 104.382843018, 17.0965499878], [-30.7309417725, 3504.80639648, 40.6716384888, 270.473144531, -52.2630233765, -90.5665283203, 74.0102157593, 100.651939392, 181.299530029, -57.1516227722, -70.0068969727, 45.4997673035, -86.6768188477], [1464.34973145, 40.6716384888, 1020.21813965, 340.954284668, 260.054779053, 286.478607178, 135.114120483, 206.313339233, 254.703277588, 112.66569519, 124.696144104, 45.6151237488, 16.1492900848], [1164.98413086, 270.473144531, 340.954284668, 541.291931152, 264.229919434, 126.718292236, 101.053260803, 157.817687988, 213.662612915, 92.4633178711, 67.0527038574, 60.9960479736, 13.6221761703], [681.190307617, -52.2630233765, 260.054779053, 264.229919434, 388.508392334, 271.267089844, 165.733047485, 174.047653198, 153.120117188, 103.33518219, 90.5565490723, 55.3901634216, 31.7587490082], [626.952331543, -90.5665283203, 286.478607178, 126.718292236, 271.267089844, 499.669921875, 303.280212402, 201.017944336, 113.331977844, 141.465057373, 139.91078186, 50.1962051392, 16.2858848572], [88.1293640137, 74.0102157593, 135.114120483, 101.053260803, 165.733047485, 303.280212402, 335.167816162, 195.709915161, 76.77684021, 112.369667053, 102.410507202, 58.8683128357, 19.3809013367], [352.346862793, 100.651939392, 206.313339233, 157.817687988, 174.047653198, 201.017944336, 195.709915161, 270.017852783, 150.431640625, 80.0043182373, 70.7191925049, 51.7606582642, 21.4458560944], [627.200866699, 181.299530029, 254.703277588, 213.662612915, 153.120117188, 113.331977844, 76.77684021, 150.431640625, 268.232391357, 95.5829162598, 37.8574028015, 26.5843982697, 3.9070763588], [86.055267334, -57.1516227722, 112.66569519, 92.4633178711, 103.33518219, 141.465057373, 112.369667053, 80.0043182373, 95.5829162598, 181.662841797, 100.823013306, 17.0787086487, -1.94486141205], [207.621109009, -70.0068969727, 124.696144104, 67.0527038574, 90.5565490723, 139.91078186, 102.410507202, 70.7191925049, 37.8574028015, 100.823013306, 171.133926392, 74.407661438, -6.42179632187], [104.382843018, 45.4997673035, 45.6151237488, 60.9960479736, 55.3901634216, 50.1962051392, 58.8683128357, 51.7606582642, 26.5843982697, 17.0787086487, 74.407661438, 137.624160767, 53.244140625], [17.0965499878, -86.6768188477, 16.1492900848, 13.6221761703, 31.7587490082, 16.2858848572, 19.3809013367, 21.4458560944, 3.9070763588, -1.94486141205, -6.42179632187, 53.244140625, 129.295211792]], "icov": [[6.9392772275e-05, 1.00760171335e-05, -3.48263602064e-05, -0.000131927314214, 3.46807501046e-05, -0.000130878281198, 0.000108510503196, 2.24051545956e-05, -8.33162775962e-05, 0.000142896271427, -6.81550664012e-05, 3.11954318022e-05, -7.75090666139e-06], [1.00760171335e-05, 0.000349471898517, 2.44204111368e-05, -0.000227945522056, 0.000230045494391, 7.61764313211e-05, -0.000266195071163, 1.62012074725e-05, -0.000287426664727, 0.000220189191168, 0.000244258262683, -0.000289176532533, 0.00036823831033], [-3.48263602064e-05, 2.44204111368e-05, 0.00164832454175, -0.000560620974284, 0.000183327429113, -0.000784930307418, 0.000543858273886, -0.000300040293951, -0.000930900336243, 0.000567754672375, -0.000987287960015, 0.000596267753281, -0.000361666374374], [-0.000131927314214, -0.000227945522056, -0.000560620974284, 0.00411956990138, -0.00236623524688, 0.0014775210293, -0.000571450451389, -2.62882531388e-06, -0.00111616041977, -0.000678705226164, 0.000239768574829, -0.000763899239246, 0.000331840681611], [3.46807501046e-05, 0.000230045494391, 0.000183327429113, -0.00236623524688, 0.00655947625637, -0.00296896183863, 0.000898948579561, -0.00109753839206, -0.000637128541712, 7.49549508328e-05, -0.000138011208037, -0.000172747764736, -0.000729241291992], [-0.000130878281198, 7.61764313211e-05, -0.000784930307418, 0.0014775210293, -0.00296896183863, 0.00713393930346, -0.00488764001057, 0.000362179300282, -5.09726196469e-05, -0.000400929362513, -0.00155288272072, 0.00114037864842, -3.72360700567e-05], [0.000108510503196, -0.000266195071163, 0.000543858273886, -0.000571450451389, 0.000898948579561, -0.00488764001057, 0.0100731933489, -0.00469233654439, 0.00205033575185, -0.00229777907953, 0.000547205912881, -0.00144696549978, -1.07983159978e-05], [2.24051545956e-05, 1.62012074725e-05, -0.000300040293951, -2.62882531388e-06, -0.00109753839206, 0.000362179300282, -0.00469233654439, 0.00964733399451, -0.0038259930443, 0.00163628312293, -0.000799414527137, -7.30172469048e-05, -0.000496602093335], [-8.33162775962e-05, -0.000287426664727, -0.000930900336243, -0.00111616041977, -0.000637128541712, -5.09726196469e-05, 0.00205033575185, -0.0038259930443, 0.00911729410291, -0.00446779280901, 0.00312093086541, -0.00146653293632, 0.00095860514557], [0.000142896271427, 0.000220189191168, 0.000567754672375, -0.000678705226164, 7.49549508328e-05, -0.000400929362513, -0.00229777907953, 0.00163628312293, -0.00446779280901, 0.0126946363598, -0.00778813986108, 0.00457511469722, -0.00171048229095], [-6.81550664012e-05, 0.000244258262683, -0.000987287960015, 0.000239768574829, -0.000138011208037, -0.00155288272072, 0.000547205912881, -0.000799414527137, 0.00312093086541, -0.00778813986108, 0.0161992125213, -0.0094646718353, 0.00504158111289], [3.11954318022e-05, -0.000289176532533, 0.000596267753281, -0.000763899239246, -0.000172747764736, 0.00114037864842, -0.00144696549978, -7.30172469048e-05, -0.00146653293632, 0.00457511469722, -0.0094646718353, 0.0151955829933, -0.00667871721089], [-7.75090666139e-06, 0.00036823831033, -0.000361666374374, 0.000331840681611, -0.000729241291992, -3.72360700567e-05, -1.07983159978e-05, -0.000496602093335, 0.00095860514557, -0.00171048229095, 0.00504158111289, -0.00667871721089, 0.0112061584368]]}, "spectral_contrast_coeffs": {"dmean": [0.0447572432458, 0.0453502610326, 0.0434365309775, 0.03524229303, 0.0236203558743, 0.0187489464879], "dmean2": [0.0711750611663, 0.0726511180401, 0.0660315901041, 0.0538316294551, 0.0370987430215, 0.0301209911704], "dvar": [0.0017411763547, 0.00189390964806, 0.00160620710813, 0.00104215636384, 0.000522648275364, 0.000354746880475], "dvar2": [0.0040651508607, 0.00469408696517, 0.00361279514618, 0.00217700866051, 0.00109162495937, 0.000849152274895], "max": [-0.233946576715, -0.374692559242, -0.436652302742, -0.48738193512, -0.515646278858, -0.590088248253], "mean": [-0.624543368816, -0.677184760571, -0.689070045948, -0.751219987869, -0.801641285419, -0.790650725365], "median": [-0.629235267639, -0.667369067669, -0.684570372105, -0.761218726635, -0.816776633263, -0.789939165115], "min": [-0.971683204174, -0.98221540451, -0.991092443466, -0.995562016964, -0.965693771839, -0.959924578667], "var": [0.0111529855058, 0.00877731386572, 0.00822026003152, 0.00588663015515, 0.00385976838879, 0.00162581866607]}, "spectral_contrast_valleys": {"dmean": [0.428179830313, 0.487130314112, 0.459421753883, 0.477669507265, 0.514088988304, 0.680834889412], "dmean2": [0.641099095345, 0.741336345673, 0.677731156349, 0.650705337524, 0.656089484692, 0.798980712891], "dvar": [0.273313462734, 0.298789799213, 0.270666003227, 0.296636760235, 0.404318600893, 0.671781539917], "dvar2": [0.465158700943, 0.629336774349, 0.517857730389, 0.526189565659, 0.723581850529, 1.20448505878], "max": [-5.03408193588, -4.86509990692, -5.19166564941, -6.03178882599, -5.868978