{"lowlevel": {"average_loudness": 0.74461555481, "barkbands_crest": {"dmean": 2.44744563103, "dmean2": 3.98464560509, "dvar": 6.54960298538, "dvar2": 17.6393756866, "max": 25.2770576477, "mean": 12.8868589401, "median": 12.23873806, "min": 2.889118433, "var": 21.8968639374}, "barkbands_flatness_db": {"dmean": 0.0207661278546, "dmean2": 0.0324368216097, "dvar": 0.000508203695063, "dvar2": 0.00119744532276, "max": 0.551841318607, "mean": 0.264547139406, "median": 0.270170629025, "min": 0.0121368747205, "var": 0.00496939010918}, "barkbands_kurtosis": {"dmean": 2.62868452072, "dmean2": 4.21390771866, "dvar": 27.5748920441, "dvar2": 70.8431854248, "max": 106.988357544, "mean": 4.68720197678, "median": 2.20497393608, "min": -1.73351478577, "var": 65.9769744873}, "barkbands_skewness": {"dmean": 0.452759742737, "dmean2": 0.720316588879, "dvar": 0.294495940208, "dvar2": 0.757669448853, "max": 8.72867488861, "mean": 1.58673644066, "median": 1.39783966541, "min": -2.1821103096, "var": 1.38601863384}, "barkbands_spread": {"dmean": 2.33746910095, "dmean2": 3.69769692421, "dvar": 15.9694738388, "dvar2": 37.2559967041, "max": 75.1412658691, "mean": 10.5538539886, "median": 9.00327587128, "min": 0.388007640839, "var": 50.6421661377}, "dissonance": {"dmean": 0.0261582713574, "dmean2": 0.0445174090564, "dvar": 0.000607556081377, "dvar2": 0.00166464422364, "max": 0.499999940395, "mean": 0.421223133802, "median": 0.430184185505, "min": 0.188740447164, "var": 0.00238931411877}, "dynamic_complexity": 4.40179395676, "erbbands_crest": {"dmean": 1.74279820919, "dmean2": 2.66450715065, "dvar": 3.67697405815, "dvar2": 8.93599224091, "max": 30.725610733, "mean": 11.3365545273, "median": 10.06062603, "min": 2.76273727417, "var": 25.5176410675}, "erbbands_flatness_db": {"dmean": 0.0132916178554, "dmean2": 0.0198008920997, "dvar": 0.000280532432953, "dvar2": 0.000579046376515, "max": 0.475654810667, "mean": 0.273094147444, "median": 0.284210443497, "min": 0.0587624944746, "var": 0.00654656207189}, "erbbands_kurtosis": {"dmean": 0.556651890278, "dmean2": 0.865704476833, "dvar": 0.598953843117, "dvar2": 1.52398884296, "max": 14.958738327, "mean": 0.19037617743, "median": -0.305615782738, "min": -1.71119618416, "var": 2.63915348053}, "erbbands_skewness": {"dmean": 0.23731534183, "dmean2": 0.36461558938, "dvar": 0.0592589527369, "dvar2": 0.141938701272, "max": 3.53789591789, "mean": 0.382312983274, "median": 0.340114206076, "min": -2.47498011589, "var": 0.602255046368}, "erbbands_spread": {"dmean": 3.44284081459, "dmean2": 5.27824926376, "dvar": 35.6220703125, "dvar2": 82.2954940796, "max": 120.579376221, "mean": 22.4599132538, "median": 19.6793117523, "min": 3.02420902252, "var": 139.525909424}, "hfc": {"dmean": 3.83185267448, "dmean2": 5.55859088898, "dvar": 138.850479126, "dvar2": 315.879760742, "max": 334.997467041, "mean": 13.90721035, "median": 9.97180271149, "min": 1.04656763837e-16, "var": 270.383544922}, "melbands_crest": {"dmean": 2.90992712975, "dmean2": 4.75514411926, "dvar": 9.74290847778, "dvar2": 25.7476463318, "max": 36.5704307556, "mean": 17.1761264801, "median": 16.5338287354, "min": 1.49918878078, "var": 39.7706565857}, "melbands_flatness_db": {"dmean": 0.0235472340137, "dmean2": 0.03663257882, "dvar": 0.000718994764611, "dvar2": 0.00168180256151, "max": 0.72357660532, "mean": 0.365857720375, "median": 0.371510505676, "min": 0.00258209160529, "var": 0.00784074980766}, "melbands_kurtosis": {"dmean": 4.73724412918, "dmean2": 7.56664848328, "dvar": 88.0142059326, "dvar2": 219.338317871, "max": 212.423019409, "mean": 10.0245084763, "median": 5.5350651741, "min": -1.58690953255, "var": 219.273880005}, "melbands_skewness": {"dmean": 0.529326200485, "dmean2": 0.842535793781, "dvar": 0.431485891342, "dvar2": 1.10547745228, "max": 13.0155572891, "mean": 2.29411315918, "median": 2.01070737839, "min": -1.07987725735, "var": 1.94653189182}, "melbands_spread": {"dmean": 2.74339461327, "dmean2": 4.39925384521, "dvar": 19.1574745178, "dvar2": 46.556804657, "max": 155.035995483, "mean": 12.4176597595, "median": 10.1436290741, "min": 0.454455345869, "var": 156.004882812}, "pitch_salience": {"dmean": 0.0576126426458, "dmean2": 0.0934664085507, "dvar": 0.003557943739, "dvar2": 0.00917368102819, "max": 0.980698764324, "mean": 0.468685656786, "median": 0.466334402561, "min": 0.0696990638971, "var": 0.0145163005218}, "silence_rate_20dB": {"dmean": 0, "dmean2": 0, "dvar": 0, "dvar2": 0, "max": 1, "mean": 1, "median": 1, "min": 1, "var": 0}, "silence_rate_30dB": {"dmean": 0.0483427084982, "dmean2": 0.0966969877481, "dvar": 0.0460078641772, "dvar2": 0.106968969107, "max": 1, "mean": 0.923665940762, "median": 1, "min": 0, "var": 0.0705041661859}, "silence_rate_60dB": {"dmean": 0.00837621185929, "dmean2": 0.0167544279248, "dvar": 0.00830477569252, "dvar2": 0.0176688022912, "max": 1, "mean": 0.105288349092, "median": 0, "min": 0, "var": 0.0942141264677}, "spectral_centroid": {"dmean": 82.8514480591, "dmean2": 125.963439941, "dvar": 35734.90625, "dvar2": 73707.6640625, "max": 11624.015625, "mean": 748.287536621, "median": 586.110473633, "min": 143.417556763, "var": 780416.0625}, "spectral_complexity": {"dmean": 1.76403009892, "dmean2": 2.89205360413, "dvar": 9.08303833008, "dvar2": 20.0265655518, "max": 64, "mean": 13.5291938782, "median": 14, "min": 0, "var": 40.7736167908}, "spectral_decrease": {"dmean": 3.59411900241e-09, "dmean2": 5.65973534705e-09, "dvar": 3.54686576333e-17, "dvar2": 9.4063922e-17, "max": 1.19538042009e-28, "mean": -1.09001074833e-08, "median": -8.36471514276e-09, "min": -8.08242717198e-08, "var": 1.08183352426e-16}, "spectral_energy": {"dmean": 0.0138173131272, "dmean2": 0.0217220205814, "dvar": 0.00051907566376, "dvar2": 0.00137020973489, "max": 0.308001935482, "mean": 0.0424008890986, "median": 0.0326462611556, "min": 9.86548509009e-21, "var": 0.00160885322839}, "spectral_energyband_high": {"dmean": 0.000182734234841, "dmean2": 0.000280357693555, "dvar": 1.9422625428e-06, "dvar2": 4.63700416731e-06, "max": 0.0345947444439, "mean": 0.000201549570193, "median": 3.47166496795e-06, "min": 7.23991123607e-21, "var": 1.96504379346e-06}, "spectral_energyband_low": {"dmean": 0.0117349727079, "dmean2": 0.019112939015, "dvar": 0.00047850998817, "dvar2": 0.00132035708521, "max": 0.267799645662, "mean": 0.0244766958058, "median": 0.0131139159203, "min": 1.62315294106e-23, "var": 0.00107387360185}, "spectral_energyband_middle_high": {"dmean": 0.000996888615191, "dmean2": 0.00141353870276, "dvar": 4.67543986815e-06, "dvar2": 9.97973347694e-06, "max": 0.0698508545756, "mean": 0.00390805490315, "median": 0.00262768706307, "min": 1.24131951164e-21, "var": 2.08287638088e-05}, "spectral_energyband_middle_low": {"dmean": 0.00348618463613, "dmean2": 0.0051566879265, "dvar": 3.87215914088e-05, "dvar2": 8.65757392603e-05, "max": 0.11000367254, "mean": 0.0142597034574, "median": 0.0105406595394, "min": 1.91430288406e-22, "var": 0.000172875370481}, "spectral_entropy": {"dmean": 0.142141610384, "dmean2": 0.217444300652, "dvar": 0.0373180173337, "dvar2": 0.0821984559298, "max": 9.82221508026, "mean": 6.44031095505, "median": 6.36763525009, "min": 4.52157831192, "var": 0.437346428633}, "spectral_flux": {"dmean": 0.0265468750149, "dmean2": 0.0422507226467, "dvar": 0.00120561697986, "dvar2": 0.0029373713769, "max": 0.422583341599, "mean": 0.0663104727864, "median": 0.049494639039, "min": 6.47003908782e-11, "var": 0.00332129187882}, "spectral_kurtosis": {"dmean": 14.3599405289, "dmean2": 25.0944843292, "dvar": 300.895721436, "dvar2": 872.732177734, "max": 237.214385986, "mean": 38.1361312866, "median": 24.4168624878, "min": -1.25461101532, "var": 1353.23364258}, "spectral_rms": {"dmean": 0.00087689346401, "dmean2": 0.0013518818887, "dvar": 1.38651148518e-06, "dvar2": 3.47464015249e-06, "max": 0.0173346381634, "mean": 0.00566367339343, "median": 0.00564358150586, "min": 3.10239637799e-12, "var": 9.2894433692e-06}, "spectral_rolloff": {"dmean": 169.401123047, "dmean2": 293.893859863, "dvar": 214375.9375, "dvar2": 491147.46875, "max": 19466.015625, "mean": 818.298339844, "median": 538.330078125, "min": 64.599609375, "var": 2423816}, "spectral_skewness": {"dmean": 0.906344532967, "dmean2": 1.57663667202, "dvar": 0.905319094658, "dvar2": 2.69986486435, "max": 12.5847225189, "mean": 3.78439021111, "median": 3.19185328484, "min": -0.0642720609903, "var": 4.22188138962}, "spectral_spread": {"dmean": 402922.0625, "dmean2": 635421.3125, "dvar": 746974543872, "dvar2": 1673090433020.0, "max": 42603960, "mean": 2350364, "median": 1506206.375, "min": 458224.71875, "var": 11926368157700.0}, "spectral_strongpeak": {"dmean": 0.287953794003, "dmean2": 0.491855829954, "dvar": 0.318114668131, "dvar2": 0.805509567261, "max": 14.2211561203, "mean": 0.797172725201, "median": 0.481384932995, "min": 0, "var": 0.70451015234}, "zerocrossingrate": {"dmean": 0.0041236015968, "dmean2": 0.00538634508848, "dvar": 6.52957314742e-05, "dvar2": 0.00010387745715, "max": 0.52197265625, "mean": 0.0297415163368, "median": 0.0244140625, "min": 0.001953125, "var": 0.00167531473562}, "barkbands": {"dmean": [0.000969977816567, 0.0103512778878, 0.00215634889901, 0.00070938031422, 0.0013887117384, 0.00103072065394, 0.00116973300464, 0.000346533954144, 0.000330458511598, 0.000296363577945, 0.00017629613285, 0.000235052706557, 0.00018805306172, 0.000297660124488, 0.000153156885062, 5.27114207216e-05, 9.13930416573e-05, 6.10865972703e-05, 4.11797846027e-05, 2.86494832835e-05, 3.44045511156e-05, 3.59464429494e-05, 5.51875200472e-05, 3.24645734509e-05, 1.37850356623e-05, 2.21313212023e-06, 1.83449003544e-06], "dmean2": [0.00153292447794, 0.0169278867543, 0.00367530249059, 0.0012039510766, 0.00230061775073, 0.0014602310257, 0.00172809709329, 0.000477737456094, 0.000438909279183, 0.000373279181076, 0.000247524934821, 0.00034782817238, 0.000292576063657, 0.000475169392303, 0.000228092700127, 8.03023285698e-05, 0.000129376654513, 9.24143387238e-05, 6.34296593489e-05, 4.57695277873e-05, 5.43086243852e-05, 5.41096706002e-05, 8.76704289112e-05, 5.0776918215e-05, 2.10865000554e-05, 3.52423489858e-06, 2.79348250842e-06], "dvar": [6.27500821793e-06, 0.000388556392863, 4.65551856905e-05, 4.8660867833e-06, 9.51861147769e-06, 5.75886997467e-06, 8.03087823442e-06, 1.03273760033e-06, 7.94878133092e-07, 6.40379994366e-07, 4.12399231209e-07, 2.84494745983e-07, 1.30908432538e-07, 1.05358026303e-06, 1.56611719149e-07, 1.85334929625e-08, 7.90528176253e-08, 8.83996946754e-08, 3.30135989657e-08, 3.23992779272e-08, 6.52443290505e-08, 9.12868500791e-08, 2.89587774205e-07, 4.35420837164e-08, 4.8330393021e-09, 1.68322855654e-10, 3.41072614596e-10], "dvar2": [1.44576169987e-05, 0.00109839835204, 0.000125013757497, 1.23065319713e-05, 2.44736820605e-05, 9.76005139819e-06, 1.96976398001e-05, 2.14306078306e-06, 1.36140272389e-06, 1.00714532891e-06, 8.0024693716e-07, 6.38393657937e-07, 2.89687676513e-07, 2.59594276031e-06, 3.12559734539e-07, 4.26443200752e-08, 1.44809391145e-07, 1.95907816192e-07, 7.88321088407e-08, 8.22730683581e-08, 1.49460930743e-07, 2.17293148808e-07, 7.65249296819e-07, 1.04532240641e-07, 1.04168114134e-08, 4.15099982165e-10, 8.35685021183e-10], "max": [0.118028633296, 0.227817386389, 0.133517295122, 0.0473633669317, 0.0597615204751, 0.0676256120205, 0.0590366087854, 0.0335193425417, 0.0329173095524, 0.0357834622264, 0.0353568270802, 0.0129533531144, 0.0104703512043, 0.0481040216982, 0.0101955179125, 0.00307391840033, 0.00672998651862, 0.013459241949, 0.00457576941699, 0.00348256691359, 0.005069618579, 0.00753803411499, 0.0159648153931, 0.00392698962241, 0.00163085770328, 0.000373446324375, 0.000488412450068], "mean": [0.00169514957815, 0.0180713944137, 0.00429857708514, 0.00116214330774, 0.00344996084459, 0.00369718368165, 0.00369158154353, 0.00106397888158, 0.00112357060425, 0.000831431068946, 0.000476968067233, 0.000719187490176, 0.000520098896232, 0.000529467652086, 0.000354160234565, 0.000119005220768, 0.000203316129046, 0.000112584704766, 6.09585804341e-05, 3.42553721566e-05, 3.74507435481e-05, 4.05093451263e-05, 5.43534297321e-05, 3.34036230925e-05, 1.61804509844e-05, 2.23611846195e-06, 1.81743530447e-06], "median": [0.000341826409567, 0.00902999844402, 0.00170670729131, 0.000349027395714, 0.00167416688055, 0.00144636211917, 0.00132634281181, 0.000388072570786, 0.000286361813778, 0.000321512139635, 0.000202062103199, 0.000355894793756, 0.000323619664414, 0.000147170430864, 9.31017275434e-05, 4.27050035796e-05, 2.41712041316e-05, 1.23226564028e-05, 4.64771073894e-06, 2.76276387012e-06, 1.19809112675e-06, 3.64584025192e-07, 7.26576701027e-08, 3.04049905253e-08, 1.27027037777e-08, 1.03749924207e-08, 4.47486048216e-09], "min": [3.50598678311e-25, 1.13675665025e-24, 1.54511296303e-24, 1.85113705589e-24, 1.07836063009e-23, 1.11198203965e-23, 8.86116410782e-24, 1.06354227242e-23, 1.17120443104e-23, 1.26644747355e-23, 2.11144569294e-23, 1.70977065732e-23, 2.95451001982e-23, 3.53579227525e-23, 3.00769218215e-23, 5.32619319455e-23, 5.94746975124e-23, 1.07807056594e-22, 1.38303182256e-22, 1.68854111663e-22, 2.84120283566e-22, 2.786341788e-22, 3.94796660775e-22, 6.01777227781e-22, 8.69980847878e-22, 1.37860665367e-21, 2.04698908637e-21], "var": [1.55245925271e-05, 0.000682399666402, 6.38565034023e-05, 5.85271118325e-06, 2.9752663977e-05, 4.11547625845e-05, 3.653134263e-05, 4.71527800983e-06, 7.4878084888e-06, 4.37839707956e-06, 1.31121691993e-06, 1.18258719795e-06, 3.98581534e-07, 2.03812851396e-06, 5.82996904086e-07, 5.07976842812e-08, 2.8384792472e-07, 1.54830246402e-07, 5.7323426006e-08, 3.00413312004e-08, 6.75077771461e-08, 9.24544565351e-08, 2.3580670927e-07, 4.64433078662e-08, 6.56829390877e-09, 1.73049380381e-10, 3.14758746844e-10]}, "erbbands": {"dmean": [0.428047448397, 1.90965020657, 2.34167981148, 2.42191529274, 2.84681177139, 4.92299461365, 6.69293403625, 10.1435537338, 19.3520298004, 8.981341362, 6.8689956665, 6.33281564713, 9.18316936493, 5.57291889191, 7.15910291672, 7.64101982117, 9.02754402161, 8.75862407684, 11.941163063, 8.57490921021, 2.85070753098, 5.10353040695, 3.13345980644, 2.25636076927, 1.90426695347, 1.27378487587, 1.51077151299, 1.16940009594, 1.12367475033, 1.96656692028, 1.31236982346, 0.795923829079, 0.479323238134, 0.194576442242, 0.0781235694885, 0.0189249645919, 0.00245860405266, 0.00205215695314, 0.000251779711107, 2.61547302216e-05], "dmean2": [0.686926662922, 3.18033909798, 3.95246171951, 4.01514816284, 5.04444313049, 8.16801643372, 10.2138433456, 13.7481555939, 28.4510040283, 13.2027387619, 8.90135288239, 8.38324546814, 11.9075555801, 7.38940620422, 10.3538589478, 11.2242536545, 13.5637340546, 13.8561191559, 19.190372467, 12.4037561417, 4.18155002594, 7.32373857498, 4.63972187042, 3.48810648918, 2.92959952354, 2.04138803482, 2.39443731308, 1.8318772316, 1.6736433506, 3.19058489799, 2.04654240608, 1.22932159901, 0.74589329958, 0.293738156557, 0.12347099185, 0.0306124389172, 0.00391898117959, 0.00311183091253, 0.000380791112548, 3.98417978431e-05], "dvar": [0.765776574612, 12.8874521255, 47.8623657227, 54.943939209, 103.913421631, 98.7855377197, 175.67338562, 752.511779785, 2394.31054688, 713.330993652, 393.251922607, 346.491027832, 449.416687012, 214.239303589, 465.396606445, 261.6769104, 299.15447998, 512.267883301, 1624.08740234, 490.699279785, 68.2069091797, 286.467376709, 162.904159546, 104.307632446, 91.1790924072, 70.5220108032, 123.570617676, 75.9680175781, 83.5066680908, 464.278045654, 123.342628479, 29.9654369354, 8.80152225494, 1.0348457098, 0.164562314749, 0.00939696189016, 0.000297326681903, 0.000417670962634, 5.52174788027e-06, 1.39331213234e-08], "dvar2": [2.12128210068, 36.7736549377, 128.003097534, 136.126785278, 284.695800781, 256.725402832, 345.153533936, 1206.00146484, 5824.83789062, 1715.32885742, 750.641540527, 564.938293457, 753.026489258, 405.164428711, 956.418029785, 553.177062988, 628.301025391, 1230.15905762, 4016.27563477, 904.797119141, 134.956008911, 543.015563965, 356.18447876, 250.156463623, 217.064331055, 181.820648193, 275.410400391, 177.499710083, 191.727493286, 1277.80065918, 310.466156006, 72.6822509766, 20.9363365173, 2.17786216736, 0.390528798103, 0.0230967588723, 0.000755946501158, 0.00100925203878, 1.37898841785e-05, 3.57988589883e-08], "max": [11.9085693359, 39.9922866821, 146.403747559, 137.00982666, 306.770996094, 153.541061401, 446.363342285, 806.279968262, 1048.89489746, 619.21484375, 625.060058594, 811.700561523, 827.280700684, 561.532165527, 1072.62426758, 425.24130249, 528.016845703, 835.179931641, 1749.94616699, 625.234130859, 206.859619141, 468.205810547, 529.20892334, 365.524414062, 247.989318848, 161.972640991, 216.781539917, 167.485122681, 225.110534668, 683.179260254, 282.360931396, 105.768043518, 55.8441429138, 22.6839733124, 8.90107917786, 2.17777752876, 0.501660883427, 0.56586676836, 0.070028565824, 0.00338377966546], "mean": [0.729403734207, 3.25409388542, 4.6927280426, 5.2043762207, 3.68435907364, 11.5572910309, 23.2407875061, 39.8617782593, 63.8326683044, 28.1225509644, 23.8733692169, 20.8245506287, 30.2982845306, 17.5291442871, 22.3770160675, 25.1850528717, 26.6240329742, 20.2579936981, 21.9575576782, 20.0998268127, 8.26417541504, 10.0533466339, 6.26199913025, 4.02013540268, 2.83644294739, 1.5615209341, 1.67957699299, 1.24694001675, 1.27242565155, 1.98262703419, 1.33822190762, 0.807619273663, 0.503887116909, 0.226872891188, 0.0850330963731, 0.019003290683, 0.00252651795745, 0.00199784780852, 0.000262305897195, 5.92955111642e-05], "median": [0.275311797857, 1.72693955898, 2.19081997871, 1.97033655643, 1.41980314255, 5.6917924881, 10.7599849701, 14.2378320694, 21.9671401978, 12.5178842545, 9.62187957764, 6.1438369751, 13.3680267334, 9.18192958832, 11.9178848267, 14.006319046, 17.5946273804, 9.25908279419, 6.06286621094, 6.53914451599, 2.19020557404, 1.37385845184, 0.831685185432, 0.483897209167, 0.2146910429, 0.139671564102, 0.073224529624, 0.0334792435169, 0.0158853195608, 0.00437080208212, 0.0018370191101, 0.000989296007901, 0.000395373790525, 0.000190114893485, 0.000106651845272, 6.2176186475e-05, 3.05226021737e-05, 7.39176130082e-06, 1.71330248122e-05, 3.71412825189e-05], "min": [7.67264985971e-23, 4.94930928039e-22, 3.10125117386e-21, 6.09110680704e-21, 1.04715184812e-20, 2.89818721921e-20, 3.2255248827e-20, 1.20033044642e-19, 1.39977571208e-19, 2.64702190414e-19, 2.87745503575e-19, 1.90626602672e-19, 5.5474350793e-19, 5.8651711792e-19, 1.23357837661e-18, 7.86279943382e-19, 1.74340535689e-18, 2.44297102608e-18, 2.3956451281e-18, 3.28018678703e-18, 3.78678610856e-18, 4.49818583719e-18, 5.63160939202e-18, 7.57849807767e-18, 7.33327790354e-18, 8.89175566076e-18, 1.0477717321e-17, 9.95246755821e-18, 7.64122483789e-18, 1.34212023077e-17, 9.94957738915e-18, 1.05484230654e-17, 1.00163606431e-17, 8.24141550983e-18, 6.6522398393e-18, 4.19732618633e-18, 2.4137783747e-18, 9.25119831055e-19, 2.61436946645e-19, 2.82197609669e-20], "var": [1.43793928623, 20.34441185, 70.3542633057, 80.9817123413, 80.215713501, 273.823791504, 1558.55566406, 5414.75390625, 11091.5908203, 2090.07397461, 2118.99316406, 2838.8059082, 3705.18432617, 1116.77844238, 1485.89404297, 1165.95263672, 980.484619141, 1254.95349121, 3173.55957031, 1746.76074219, 339.447174072, 845.102172852, 344.35244751, 158.8802948, 138.763626099, 62.1741104126, 131.170562744, 76.8155059814, 89.0403594971, 345.440093994, 111.940505981, 31.0698108673, 9.5735578537, 1.41805458069, 0.195987537503, 0.00951750669628, 0.000285657006316, 0.000402900739573, 4.96870370625e-06, 1.42905545175e-08]}, "gfcc": {"mean": [-118.339408875, 195.094741821, -123.511688232, -9.90038967133, -25.9514789581, -0.825851142406, -26.0943393707, -7.65265607834, -6.49576568604, -0.0713872760534, 2.16106319427, -1.72331809998, 0.849906742573], "cov": [[23976.296875, -728.990783691, -930.882629395, 3373.49121094, -731.843566895, 908.401794434, 233.381774902, 771.395446777, 178.375701904, 121.642906189, -26.5548324585, -356.262512207, -177.043914795], [-728.990783691, 2567.36816406, -687.020690918, -1162.64001465, 686.357055664, -728.925720215, 125.089881897, -458.71887207, -17.7900180817, -177.607696533, 83.6856536865, -182.397521973, 1.45966017246], [-930.882629395, -687.020690918, 1191.61047363, 390.939453125, -184.523712158, 518.855224609, 48.6813812256, 142.85874939, 27.6745910645, 90.492980957, -2.80949831009, 79.1984558105, 42.5508728027], [3373.49121094, -1162.64001465, 390.939453125, 1555.43322754, -233.291137695, 505.359405518, 219.170913696, 353.034118652, 136.096603394, 104.984222412, 14.948800087, -7.683365345, 44.188911438], [-731.843566895, 686.357055664, -184.523712158, -233.291137695, 442.119445801, -220.278533936, 119.355377197, -85.7148132324, 48.0992164612, -56.4813346863, 10.9886112213, -49.9437866211, 24.4621543884], [908.401794434, -728.925720215, 518.855224609, 505.359405518, -220.278533936, 592.495483398, -4.86417722702, 216.807418823, 67.673500061, 75.9119262695, -20.3542327881, 47.257976532, 29.4578170776], [233.381774902, 125.089881897, 48.6813812256, 219.170913696, 119.355377197, -4.86417722702, 251.225799561, 34.981628418, 69.0057449341, 33.1765518188, 30.2492160797, -39.6336517334, 19.9356231689], [771.395446777, -458.71887207, 142.85874939, 353.034118652, -85.7148132324, 216.807418823, 34.981628418, 236.98777771, 60.6008682251, 37.5373153687, 1.77770256996, 14.8938083649, 0.784975886345], [178.375701904, -17.7900180817, 27.6745910645, 136.096603394, 48.0992164612, 67.673500061, 69.0057449341, 60.6008682251, 147.534194946, 55.9558830261, 26.6487979889, 6.72204494476, 26.5360927582], [121.642906189, -177.607696533, 90.492980957, 104.984222412, -56.4813346863, 75.9119262695, 33.1765518188, 37.5373153687, 55.9558830261, 136.855392456, 45.9351043701, 13.2005147934, 1.24284243584], [-26.5548324585, 83.6856536865, -2.80949831009, 14.948800087, 10.9886112213, -20.3542327881, 30.2492160797, 1.77770256996, 26.6487979889, 45.9351043701, 117.141563416, 26.2907886505, 7.34686660767], [-356.262512207, -182.397521973, 79.1984558105, -7.683365345, -49.9437866211, 47.257976532, -39.6336517334, 14.8938083649, 6.72204494476, 13.2005147934, 26.2907886505, 130.934921265, 53.294719696], [-177.043914795, 1.45966017246, 42.5508728027, 44.188911438, 24.4621543884, 29.4578170776, 19.9356231689, 0.784975886345, 26.5360927582, 1.24284243584, 7.34686660767, 53.294719696, 106.088386536]], "icov": [[0.00012844716548, -0.000352588860551, 0.0002230641403, -0.000468300335342, 0.000297474092804, -0.000182644318556, 0.000202750379685, -0.000291643897071, 0.000207392367884, -0.000283609057078, 0.000328732770868, -0.000200467271497, 0.00030037004035], [-0.000352588860551, 0.00272253644653, -0.000406248233048, 0.0021731981542, -0.00188922416419, 0.00042928615585, -0.00129371217918, 0.00235192361288, -0.0012993797427, 0.00235228962265, -0.00290598813444, 0.00278818979859, -0.00172797671985], [0.0002230641403, -0.000406248233048, 0.00191984395497, -0.000627265078947, 0.000357664946932, -0.00184640579391, -0.000416391441831, 6.01435131102e-05, 0.000939886958804, -0.000716005335562, 0.000423363642767, -0.00075100781396, 0.000498369394336], [-0.000468300335342, 0.0021731981542, -0.000627265078947, 0.00353615125641, -0.000907719542738, 2.72568158834e-05, -0.00236485619098, 0.000722094671801, -0.0012962584151, 0.00202812696807, -0.00233725574799, 0.0023830588907, -0.002126772888], [0.000297474092804, -0.00188922416419, 0.000357664946932, -0.000907719542738, 0.00573756592348, 0.000514064973686, -0.00113755278289, -0.00145206053276, -0.00126309006009, 0.00052992318524, 0.00161870580632, -0.000584668188822, 7.19360787116e-06], [-0.000182644318556, 0.00042928615585, -0.00184640579391, 2.72568158834e-05, 0.000514064973686, 0.00517958775163, 0.00093082152307, -0.00182324566413, -0.00151645333972, -7.98663750174e-05, 0.000584030465689, 0.000496029970236, -0.00120906066149], [0.000202750379685, -0.00129371217918, -0.000416391441831, -0.00236485619098, -0.00113755278289, 0.00093082152307, 0.00791203696281, -0.00139248382766, -0.000504856870975, -0.00228358223103, 0.000321627128869, 0.000967811443843, -0.000319885031786], [-0.000291643897071, 0.00235192361288, 6.01435131102e-05, 0.000722094671801, -0.00145206053276, -0.00182324566413, -0.00139248382766, 0.0102490456775, -0.00295894267038, 0.00256675272249, -0.00244577648118, 0.00120353640523, 0.000457778573036], [0.000207392367884, -0.0012993797427, 0.000939886958804, -0.0012962584151, -0.00126309006009, -0.00151645333972, -0.000504856870975, -0.00295894267038, 0.0120233604684, -0.00532017461956, 0.000948753557168, -0.00155736680608, -0.00087242067093], [-0.000283609057078, 0.00235228962265, -0.000716005335562, 0.00202812696807, 0.00052992318524, -7.98663750174e-05, -0.00228358223103, 0.00256675272249, -0.00532017461956, 0.0136622218415, -0.00624545477331, 0.00265083345585, -0.000481614348246], [0.000328732770868, -0.00290598813444, 0.000423363642767, -0.00233725574799, 0.00161870580632, 0.000584030465689, 0.000321627128869, -0.00244577648118, 0.000948753557168, -0.00624545477331, 0.0143485320732, -0.00619108369574, 0.00276690186001], [-0.000200467271497, 0.00278818979859, -0.00075100781396, 0.0023830588907, -0.000584668188822, 0.000496029970236, 0.000967811443843, 0.00120353640523, -0.00155736680608, 0.00265083345585, -0.00619108369574, 0.0158028583974, -0.00840950198472], [0.00030037004035, -0.00172797671985, 0.000498369394336, -0.002126772888, 7.19360787116e-06, -0.00120906066149, -0.000319885031786, 0.000457778573036, -0.00087242067093, -0.000481614348246, 0.00276690186001, -0.00840950198472, 0.0152847636491]]}, "melbands": {"dmean": [0.0032689278014, 0.00150316860527, 0.000402428442612, 0.000254398095421, 0.000249276665272, 0.000225780604524, 0.000266036076937, 9.0923604148e-05, 5.58153296879e-05, 4.02703881264e-05, 4.93544830533e-05, 2.72747074632e-05, 2.73898403975e-05, 2.03681265702e-05, 2.84327197733e-05, 1.82377516467e-05, 1.75789937202e-05, 2.5190454835e-05, 1.20667118608e-05, 7.3666260505e-06, 3.20802087117e-06, 6.00177781962e-06, 2.98832810586e-06, 3.61690035788e-06, 1.65764390658e-06, 1.82144549399e-06, 1.10216490157e-06, 8.11750851426e-07, 9.31499243961e-07, 9.48922092903e-07, 5.85825262078e-07, 6.17367163613e-07, 7.87154078807e-07, 1.23316988265e-06, 8.30022827358e-07, 5.90274567003e-07, 4.48474992254e-07, 3.68978220422e-07, 2.256862075e-07, 1.46018237501e-07], "dmean2": [0.00530124315992, 0.00249068741687, 0.000658772012684, 0.00044221043936, 0.000387171807233, 0.000307141832309, 0.000395026698243, 0.000129531443235, 7.19286545063e-05, 5.40354449186e-05, 6.35815304122e-05, 3.5207682231e-05, 3.88278531318e-05, 3.02315420413e-05, 4.20901269536e-05, 2.82957225863e-05, 2.80127605947e-05, 4.07883089792e-05, 1.7947244487e-05, 1.06012039396e-05, 4.79737536807e-06, 8.64592220751e-06, 4.38754113929e-06, 5.38634594704e-06, 2.62239427684e-06, 2.75573711406e-06, 1.7757038222e-06, 1.30744467697e-06, 1.47684102103e-06, 1.53148334903e-06, 9.08731294658e-07, 9.53980702434e-07, 1.25445126287e-06, 2.02076171263e-06, 1.30967328005e-06, 9.17030035907e-07, 7.01376961842e-07, 5.91233344949e-07, 3.49460577809e-07, 2.27835315059e-07], "dvar": [4.09755193687e-05, 1.082849667e-05, 1.41621660532e-06, 4.59342260228e-07, 2.45008493494e-07, 3.16267090739e-07, 4.34509644265e-07, 7.62090266448e-08, 2.66881929889e-08, 1.22015002546e-08, 1.3325949233e-08, 5.05674480067e-09, 8.81137829367e-09, 3.51977202939e-09, 3.60734997429e-09, 1.37193711947e-09, 2.52875098639e-09, 8.65109939241e-09, 1.25852228638e-09, 3.71060820958e-10, 1.36088459946e-10, 4.21349927171e-10, 9.31920512981e-11, 4.05325190078e-10, 5.41156945644e-11, 7.32754482091e-11, 4.07335554176e-11, 3.10590685115e-11, 4.45416030448e-11, 5.38517806736e-11, 1.84831403655e-11, 2.59095366689e-11, 4.87582717257e-11, 1.95332958142e-10, 5.13104420063e-11, 1.99105697207e-11, 8.49943899983e-12, 5.44657591597e-12, 1.49464305949e-12, 5.91190941687e-13], "dvar2": [0.000114746981126, 2.95055997412e-05, 3.33020443577e-06, 1.27746420731e-06, 5.05479761159e-07, 5.08137532051e-07, 1.09040422558e-06, 1.81917116038e-07, 5.00442460805e-08, 2.0723877725e-08, 2.19071338847e-08, 8.84546480506e-09, 1.69527964999e-08, 8.00894373043e-09, 7.39123295901e-09, 3.24499027649e-09, 6.07172889744e-09, 2.14733280046e-08, 2.44297937435e-09, 6.8265049169e-10, 2.53394416561e-10, 7.90472465262e-10, 2.02790326198e-10, 8.70240268736e-10, 1.34152411402e-10, 1.57760166042e-10, 1.04839886772e-10, 8.08610123304e-11, 9.92516901999e-11, 1.27680102602e-10, 4.1850987953e-11, 5.9042680467e-11, 1.25460766776e-10, 5.40860412013e-10, 1.30482263883e-10, 4.85635698322e-11, 2.01625677959e-11, 1.33039057201e-11, 2.93007350154e-12, 1.34374456007e-12], "max": [0.080107063055, 0.064336925745, 0.0225137714297, 0.0152317779139, 0.0155251156539, 0.016134666279, 0.0138264643028, 0.00619525974616, 0.00681628286839, 0.00435625948012, 0.00467218086123, 0.00302985077724, 0.00508652394637, 0.00173004250973, 0.00130336871371, 0.000721226155292, 0.00224284315482, 0.00420507229865, 0.00111000274774, 0.000574296165723, 0.000309387629386, 0.000589730916545, 0.000315259647323, 0.000966186809819, 0.000206334647373, 0.00032806355739, 0.000143977129483, 0.000106888168375, 0.00012087149662, 0.000171176885488, 9.19541271287e-05, 0.000122083161841, 0.000202288181754, 0.000444142759079, 0.000185043856618, 9.74887880147e-05, 5.93684853811e-05, 4.24556092185e-05, 2.17758806684e-05, 1.84765485756e-05], "mean": [0.00573859969154, 0.00308267818764, 0.000856340688188, 0.00044921314111, 0.000829818833154, 0.000897991470993, 0.000871995347552, 0.000278265506495, 0.000187796002137, 0.000133544686832, 0.000159792543855, 8.18618500489e-05, 7.79664333095e-05, 6.87306965119e-05, 7.58204550948e-05, 5.01181493746e-05, 3.65375562978e-05, 4.06864892284e-05, 2.84822326648e-05, 1.6016590962e-05, 9.23251354834e-06, 1.16959663501e-05, 5.48858997718e-06, 6.52617609376e-06, 2.6720117603e-06, 2.75465959021e-06, 1.37387519317e-06, 9.18912178349e-07, 1.02226704257e-06, 9.73977648755e-07, 6.29345208836e-07, 6.74653733768e-07, 8.77678814959e-07, 1.20269214676e-06, 8.44523526666e-07, 5.73172371787e-07, 4.5780268465e-07, 3.74702466388e-07, 2.66169649876e-07, 1.66406678659e-07], "median": [0.00258351233788, 0.00171721319202, 0.000344062194927, 0.000234435283346, 0.000385582679883, 0.000356865872163, 0.000340904458426, 0.000108738677227, 6.73352769809e-05, 3.50522241206e-05, 6.98524090694e-05, 3.98636329919e-05, 3.781124542e-05, 2.50808952842e-05, 3.88088665204e-05, 2.91505093628e-05, 1.32406548801e-05, 8.97790232557e-06, 7.2621101026e-06, 5.19983586855e-06, 1.43803299579e-06, 1.2905290987e-06, 6.34234083918e-07, 6.33856302557e-07, 3.20063122672e-07, 1.71119381775e-07, 1.03084651926e-07, 7.87290730386e-08, 4.61909692717e-08, 2.65026329771e-08, 1.49336294442e-08, 9.74998126679e-09, 3.81333098431e-09, 1.74184155988e-09, 9.67356417192e-10, 7.29321825155e-10, 4.8937931485e-10, 2.67533051268e-10, 1.57913931931e-10, 1.29327354381e-10], "min": [8.19536599685e-25, 1.26076193607e-24, 1.59266766776e-24, 1.38808714301e-24, 1.04898995809e-24, 2.91351319467e-24, 2.28669043306e-24, 2.92724331873e-24, 2.35815531461e-24, 1.33052061009e-24, 2.95996803009e-24, 1.82249824958e-24, 3.68511835924e-24, 2.19058469226e-24, 2.42650419559e-24, 3.24003554233e-24, 4.18845658184e-24, 3.03332144465e-24, 2.09449729249e-24, 3.19720414227e-24, 3.38921466154e-24, 3.6779164536e-24, 4.21690724482e-24, 4.89509727592e-24, 5.11913613959e-24, 4.87522113656e-24, 5.02320513149e-24, 5.107031069e-24, 5.83287145422e-24, 5.83249043441e-24, 5.4197946964e-24, 3.52314864932e-24, 5.54921324435e-24, 7.24594379425e-24, 5.30413427706e-24, 6.13697851648e-24, 5.59866654007e-24, 6.11803402184e-24, 4.95126456681e-24, 6.41867167383e-24], "var": [7.53051353968e-05, 1.90725368157e-05, 2.12880058825e-06, 4.87551346851e-07, 1.9601875465e-06, 2.30676823776e-06, 1.92586298908e-06, 2.33184124454e-07, 1.5052047786e-07, 1.11546043513e-07, 1.07573079333e-07, 3.04110550076e-08, 2.8414270048e-08, 1.69536278349e-08, 1.14024922837e-08, 3.81649067904e-09, 5.77959102799e-09, 1.5896882033e-08, 4.57955051658e-09, 1.15995846262e-09, 7.44588501966e-10, 1.25942678508e-09, 2.35975738949e-10, 7.21140647197e-10, 7.72855321407e-11, 1.64554550541e-10, 3.80615018669e-11, 2.6572676351e-11, 4.75540232192e-11, 5.1309158311e-11, 1.98343234198e-11, 2.65834281671e-11, 4.58266896652e-11, 1.41617439997e-10, 4.59693672017e-11, 1.90120193894e-11, 9.23927948038e-12, 5.55422678336e-12, 2.14002600363e-12, 7.47814841735e-13]}, "mfcc": {"mean": [-745.238098145, 214.643157959, -12.6548261642, 0.879548251629, 11.6677894592, 7.79436349869, -0.959568679333, -2.31802248955, -3.96041083336, -0.697075784206, 1.17217755318, 3.04767274857, 2.56914258003], "cov": [[11893.1660156, -34.103012085, -109.515670776, 1669.76647949, 139.458969116, 339.999237061, 305.03817749, 534.911376953, 253.738128662, 579.440673828, 410.590759277, 50.5169563293, -135.830276489], [-34.103012085, 3195.44213867, -825.565673828, -378.383758545, 151.914749146, -155.864761353, 13.6105575562, -242.993469238, -115.694671631, -174.476745605, -62.3510475159, 17.7303733826, -21.8157863617], [-109.515670776, -825.565673828, 1051.50512695, -6.12451648712, -10.9355478287, 259.459564209, 45.2608451843, 134.150817871, 51.331829071, 83.7729721069, 27.4398994446, -35.6698265076, 6.50879955292], [1669.76647949, -378.383758545, -6.12451648712, 869.828979492, 33.8529129028, 107.045394897, 192.65953064, 160.380706787, 124.464614868, 195.767242432, 134.775695801, 12.6921873093, -22.3255023956], [139.458969116, 151.914749146, -10.9355478287, 33.8529129028, 192.97328186, 45.0971412659, 5.51402854919, 51.8205718994, 34.9667472839, 23.3194236755, -9.50099086761, -4.78224372864, 1.89164662361], [339.999237061, -155.864761353, 259.459564209, 107.045394897, 45.0971412659, 243.849517822, 62.5462989807, 74.8996505737, 88.3021774292, 78.8580703735, 39.052444458, 1.94834530354, 20.088596344], [305.03817749, 13.6105575562, 45.2608451843, 192.65953064, 5.51402854919, 62.5462989807, 154.163604736, 56.779384613, 35.5209999084, 66.4452514648, 39.3739280701, 4.33765649796, -9.34395503998], [534.911376953, -242.993469238, 134.150817871, 160.380706787, 51.8205718994, 74.8996505737, 56.779384613, 183.980377197, 82.640625, 65.6997833252, 32.9377822876, -1.85047733784, -4.66370391846], [253.738128662, -115.694671631, 51.331829071, 124.464614868, 34.9667472839, 88.3021774292, 35.5209999084, 82.640625, 154.930877686, 86.7888259888, 9.85283279419, 9.93587207794, 11.2496643066], [579.440673828, -174.476745605, 83.7729721069, 195.767242432, 23.3194236755, 78.8580703735, 66.4452514648, 65.6997833252, 86.7888259888, 191.075805664, 83.692527771, -1.76711010933, 10.2638664246], [410.590759277, -62.3510475159, 27.4398994446, 134.775695801, -9.50099086761, 39.052444458, 39.3739280701, 32.9377822876, 9.85283279419, 83.692527771, 129.540802002, 36.2241592407, 6.06799602509], [50.5169563293, 17.7303733826, -35.6698265076, 12.6921873093, -4.78224372864, 1.94834530354, 4.33765649796, -1.85047733784, 9.93587207794, -1.76711010933, 36.2241592407, 90.8483276367, 45.996799469], [-135.830276489, -21.8157863617, 6.50879955292, -22.3255023956, 1.89164662361, 20.088596344, -9.34395503998, -4.66370391846, 11.2496643066, 10.2638664246, 6.06799602509, 45.996799469, 92.1860046387]], "icov": [[0.000148545426782, -6.88105574227e-05, 5.55461192562e-05, -0.00025762928999, 0.000133616456878, -0.000224041723413, 0.000351446506102, -0.000424509024015, 0.000358492106898, -0.000420799042331, 0.000143975383253, -0.000302417087369, 0.000341020291671], [-6.88105574227e-05, 0.000561289140023, 0.000362817838322, 0.000438310642494, -0.000656794407405, -1.25469478007e-05, -0.000905134074856, 0.000771602790337, -0.000303048116621, 0.00058634247398, -0.000443993660156, 0.000290974159725, -6.87827705406e-05], [5.55461192562e-05, 0.000362817838322, 0.00187624176033, 0.00044679021812, 0.000335770455422, -0.00205528340302, -0.000133429246489, -0.000997470109724, 0.00112233322579, -0.000570702191908, 0.00028441066388, 0.000209081161302, 0.000323970481986], [-0.00025762928999, 0.000438310642494, 0.00044679021812, 0.00272355857305, -0.000530837103724, 0.000305606692564, -0.00271279807203, 0.000232142745517, -0.00121796131134, 0.000236637046328, -0.00153473077808, 0.000765689532273, -0.000125500344438], [0.000133616456878, -0.000656794407405, 0.000335770455422, -0.000530837103724, 0.00704171648249, -0.00181212392636, 0.00202918238938, -0.00319840433076, 0.001282236306, -0.00201318692416, 0.00243598478846, -0.000922254461329, 0.00055093318224], [-0.000224041723413, -1.25469478007e-05, -0.00205528340302, 0.000305606692564, -0.00181212392636, 0.0088064763695, -0.00258917687461, 0.001594496076, -0.00487362407148, 0.00185266626067, -0.0029154731892, 0.00226049218327, -0.00272511085495], [0.000351446506102, -0.000905134074856, -0.000133429246489, -0.00271279807203, 0.00202918238938, -0.00258917687461, 0.0121194785461, -0.00337103079073, 0.00299747870304, -0.00382063165307, 0.0023028566502, -0.00277905375697, 0.00253117852844], [-0.000424509024015, 0.000771602790337, -0.000997470109724, 0.000232142745517, -0.00319840433076, 0.001594496076, -0.00337103079073, 0.0115465931594, -0.00586349191144, 0.00326709984802, -0.0032090775203, 0.00232059787959, -0.000950480403844], [0.000358492106898, -0.000303048116621, 0.00112233322579, -0.00121796131134, 0.001282236306, -0.00487362407148, 0.00299747870304, -0.00586349191144, 0.0155803607777, -0.00839391630143, 0.00763910217211, -0.00583209423348, 0.00256558996625], [-0.000420799042331, 0.00058634247398, -0.000570702191908, 0.000236637046328, -0.00201318692416, 0.00185266626067, -0.00382063165307, 0.00326709984802, -0.00839391630143, 0.0152587266639, -0.0100016696379, 0.00758229102939, -0.00476749334484], [0.000143975383253, -0.000443993660156, 0.00028441066388, -0.00153473077808, 0.00243598478846, -0.0029154731892, 0.0023028566502, -0.0032090775203, 0.00763910217211, -0.0100016696379, 0.0182926151901, -0.0102306474, 0.00445363344625], [-0.000302417087369, 0.000290974159725, 0.000209081161302, 0.000765689532273, -0.000922254461329, 0.00226049218327, -0.00277905375697, 0.00232059787959, -0.00583209423348, 0.00758229102939, -0.0102306474, 0.021668933332, -0.0111149502918], [0.000341020291671, -6.87827705406e-05, 0.000323970481986, -0.000125500344438, 0.00055093318224, -0.00272511085495, 0.00253117852844, -0.000950480403844, 0.00256558996625, -0.00476749334484, 0.00445363344625, -0.0111149502918, 0.0175420138985]]}, "spectral_contrast_coeffs": {"dmean": [0.0422841385007, 0.0361335203052, 0.0305713992566, 0.0285405311733, 0.0205084420741, 0.0187054406852], "dmean2": [0.07101996243, 0.0578744672239, 0.048105686903, 0.0459312088788, 0.0327446646988, 0.0304766055197], "dvar": [0.00122907897457, 0.00112738437019, 0.000874185469002, 0.000799412431661, 0.000407074490795, 0.000386679603253], "dvar2": [0.00332396221347, 0.00270234025083, 0.00209587183781, 0.00193721335381, 0.000906680070329, 0.000944826111663], "max": [-0.321439296007, -0.350315362215, -0.468200087547, -0.48309853673, -0.523491084576, -0.616730213165], "mean": [-0.659231185913, -0.657089591026, -0.705146431923, -0.694254040718, -0.752592086792, -0.795406639576], "median": [-0.672226846218, -0.659822940826, -0.7064422369, -0.691039443016, -0.759001255035, -0.78890311718], "min": [-0.98599678278, -0.974463939667, -0.977426707745, -0.967742621899, -0.978227078915, -0.962757110596], "var": [0.0104259178042, 0.00724169239402, 0.00451623788103, 0.00418317457661, 0.00424656318501, 0.00310867163353]}, "spectral_contrast_valleys": {"dmean": [0.371973097324, 0.297558575869, 0.295864284039, 0.294696897268, 0.247465193272, 0.335843026638], "dmean2": [0.619099259377, 0.481486111879, 0.473836064339, 0.479741543531, 0.391904532909, 0.512615561485], "dvar": [0.120297856629, 0.108578570187, 0.122510634363, 0.140133038163, 0.131921634078, 0.217599228024], "dvar2": [0.279938846827, 0.229718491435, 0.256331682205, 0.303506046534, 0.275006204844, 0.432396113873], "max": [-4.79408073425, -4.86608028412, -5.18226337433, -5.69552993774, -5.2047