{"lowlevel": {"average_loudness": 0.958441257477, "barkbands_crest": {"dmean": 2.04411506653, "dmean2": 3.1864798069, "dvar": 3.68971586227, "dvar2": 8.53620815277, "max": 24.2667236328, "mean": 9.3137254715, "median": 8.53002548218, "min": 3.37374210358, "var": 11.3573827744}, "barkbands_flatness_db": {"dmean": 0.0267290901393, "dmean2": 0.0381022803485, "dvar": 0.000778864254244, "dvar2": 0.00172444712371, "max": 0.471411585808, "mean": 0.225081309676, "median": 0.222578138113, "min": 0.0554464273155, "var": 0.00479270052165}, "barkbands_kurtosis": {"dmean": 1.76502275467, "dmean2": 2.61449790001, "dvar": 7.05402898788, "dvar2": 16.1297836304, "max": 86.4406051636, "mean": 2.8307352066, "median": 1.69069266319, "min": -1.86277663708, "var": 28.1239871979}, "barkbands_skewness": {"dmean": 0.433972209692, "dmean2": 0.613265752792, "dvar": 0.194207906723, "dvar2": 0.395211011171, "max": 5.5247335434, "mean": 1.11916708946, "median": 1.1268633604, "min": -8.24744606018, "var": 1.07300519943}, "barkbands_spread": {"dmean": 4.21781015396, "dmean2": 6.06071519852, "dvar": 31.3519954681, "dvar2": 62.8604049683, "max": 121.044380188, "mean": 17.0255775452, "median": 12.6993494034, "min": 1.5929248333, "var": 176.436523438}, "dissonance": {"dmean": 0.0356346406043, "dmean2": 0.0585028789937, "dvar": 0.00116459582932, "dvar2": 0.0031275106594, "max": 0.500000059605, "mean": 0.417413562536, "median": 0.428132593632, "min": 0.176109701395, "var": 0.00318551110104}, "dynamic_complexity": 4.15960788727, "erbbands_crest": {"dmean": 2.91757893562, "dmean2": 4.40442466736, "dvar": 8.30714702606, "dvar2": 17.6539497375, "max": 32.2618179321, "mean": 12.889966011, "median": 11.422082901, "min": 2.06046199799, "var": 33.8016624451}, "erbbands_flatness_db": {"dmean": 0.0238973163068, "dmean2": 0.0334802865982, "dvar": 0.00056738848798, "dvar2": 0.0012320491951, "max": 0.426832973957, "mean": 0.245946615934, "median": 0.246668726206, "min": 0.0202229749411, "var": 0.00379585940391}, "erbbands_kurtosis": {"dmean": 1.46057152748, "dmean2": 2.18718338013, "dvar": 5.82347822189, "dvar2": 11.9574279785, "max": 29.9944152832, "mean": 1.53960037231, "median": 0.360648751259, "min": -1.80248820782, "var": 15.4779815674}, "erbbands_skewness": {"dmean": 0.414361357689, "dmean2": 0.576317727566, "dvar": 0.160097554326, "dvar2": 0.350048393011, "max": 4.5419344902, "mean": 0.232045546174, "median": 0.352492511272, "min": -3.50712943077, "var": 0.970891356468}, "erbbands_spread": {"dmean": 5.54577970505, "dmean2": 7.93247127533, "dvar": 35.1267662048, "dvar2": 73.4407577515, "max": 102.436759949, "mean": 27.3044567108, "median": 26.7848529816, "min": 2.27263522148, "var": 223.595352173}, "hfc": {"dmean": 4.46037149429, "dmean2": 5.51333379745, "dvar": 32.2612953186, "dvar2": 48.9611740112, "max": 92.1491012573, "mean": 12.748503685, "median": 9.99366188049, "min": 2.48797805275e-11, "var": 130.750579834}, "melbands_crest": {"dmean": 2.59433841705, "dmean2": 4.12567949295, "dvar": 5.93295574188, "dvar2": 14.4491062164, "max": 30.1010398865, "mean": 12.5511016846, "median": 11.652053833, "min": 1.6891374588, "var": 18.1788253784}, "melbands_flatness_db": {"dmean": 0.0312090348452, "dmean2": 0.0451256856322, "dvar": 0.00125439907424, "dvar2": 0.00280746724457, "max": 0.642823934555, "mean": 0.311569482088, "median": 0.310618937016, "min": 0.00398004241288, "var": 0.00745535222813}, "melbands_kurtosis": {"dmean": 3.32483935356, "dmean2": 4.95590257645, "dvar": 25.6138839722, "dvar2": 56.4189453125, "max": 88.9371490479, "mean": 7.00551557541, "median": 4.23192501068, "min": -1.78513455391, "var": 89.1628875732}, "melbands_skewness": {"dmean": 0.523383915424, "dmean2": 0.762060701847, "dvar": 0.309333354235, "dvar2": 0.666487634182, "max": 8.14000320435, "mean": 1.85483539104, "median": 1.70363664627, "min": -1.68946301937, "var": 1.60605287552}, "melbands_spread": {"dmean": 5.83010673523, "dmean2": 8.71357536316, "dvar": 91.4051437378, "dvar2": 202.163711548, "max": 215.708297729, "mean": 20.7142658234, "median": 13.9759941101, "min": 1.39280974865, "var": 383.460083008}, "pitch_salience": {"dmean": 0.0650940462947, "dmean2": 0.101939685643, "dvar": 0.00337635912001, "dvar2": 0.00822191964835, "max": 0.942593753338, "mean": 0.508335649967, "median": 0.510452628136, "min": 0.137966647744, "var": 0.0105015886948}, "silence_rate_20dB": {"dmean": 0, "dmean2": 0, "dvar": 0, "dvar2": 0, "max": 1, "mean": 1, "median": 1, "min": 1, "var": 0}, "silence_rate_30dB": {"dmean": 0.00957819074392, "dmean2": 0.0191599112004, "dvar": 0.0094862729311, "dvar2": 0.0217396765947, "max": 1, "mean": 0.990607738495, "median": 1, "min": 0, "var": 0.00930362939835}, "silence_rate_60dB": {"dmean": 0.0571007542312, "dmean2": 0.114038318396, "dvar": 0.0538427382708, "dvar2": 0.114663727582, "max": 1, "mean": 0.102762430906, "median": 0, "min": 0, "var": 0.0922009795904}, "spectral_centroid": {"dmean": 193.983169556, "dmean2": 266.513397217, "dvar": 65979.40625, "dvar2": 119448.0625, "max": 4555.32080078, "mean": 1134.50463867, "median": 866.154174805, "min": 200.289474487, "var": 506199.125}, "spectral_complexity": {"dmean": 1.723706007, "dmean2": 2.49392032623, "dvar": 2.49312019348, "dvar2": 4.6125125885, "max": 23, "mean": 11.129650116, "median": 11, "min": 0, "var": 15.8623981476}, "spectral_decrease": {"dmean": 2.22878893119e-09, "dmean2": 2.48545739545e-09, "dvar": 9.44443225114e-18, "dvar2": 1.38223609165e-17, "max": 1.28311493375e-11, "mean": -5.81446357728e-09, "median": -3.86253695694e-09, "min": -4.76884594036e-08, "var": 3.52813144595e-17}, "spectral_energy": {"dmean": 0.00875198189169, "dmean2": 0.00972184818238, "dvar": 0.000142953795148, "dvar2": 0.000206245429581, "max": 0.187312409282, "mean": 0.0231014713645, "median": 0.0155950393528, "min": 2.26758639738e-15, "var": 0.000542944879271}, "spectral_energyband_high": {"dmean": 0.00010293610103, "dmean2": 0.000178923000931, "dvar": 6.29041991829e-08, "dvar2": 1.68174281612e-07, "max": 0.00407718773931, "mean": 0.000105407896626, "median": 1.79631715582e-05, "min": 1.64675613979e-15, "var": 7.10104117729e-08}, "spectral_energyband_low": {"dmean": 0.00319511000998, "dmean2": 0.00461490545422, "dvar": 4.58249996882e-05, "dvar2": 0.000101603669464, "max": 0.0688724368811, "mean": 0.00644469214603, "median": 0.00225056475028, "min": 5.26458836162e-17, "var": 9.2879316071e-05}, "spectral_energyband_middle_high": {"dmean": 0.00163622212131, "dmean2": 0.00204009143636, "dvar": 8.1388570834e-06, "dvar2": 1.22168794405e-05, "max": 0.0427340045571, "mean": 0.00407609995455, "median": 0.00223071593791, "min": 3.30120212113e-16, "var": 2.94423316518e-05}, "spectral_energyband_middle_low": {"dmean": 0.00614248821512, "dmean2": 0.00672057038173, "dvar": 7.30990359443e-05, "dvar2": 0.000101701676613, "max": 0.152793705463, "mean": 0.014348664321, "median": 0.00720600504428, "min": 3.80846626426e-17, "var": 0.000292376760626}, "spectral_entropy": {"dmean": 0.242224246264, "dmean2": 0.379338771105, "dvar": 0.0826237276196, "dvar2": 0.198201239109, "max": 9.19027519226, "mean": 6.33572006226, "median": 6.28244018555, "min": 5.00045537949, "var": 0.260248184204}, "spectral_flux": {"dmean": 0.0222135614604, "dmean2": 0.033226005733, "dvar": 0.000685394566972, "dvar2": 0.00145031511784, "max": 0.264929026365, "mean": 0.0602780207992, "median": 0.0516656674445, "min": 7.74375712354e-06, "var": 0.00163261825219}, "spectral_kurtosis": {"dmean": 9.05714511871, "dmean2": 15.1090974808, "dvar": 133.618423462, "dvar2": 340.034667969, "max": 276.435424805, "mean": 20.8237285614, "median": 13.3810787201, "min": 0.224308729172, "var": 519.226379395}, "spectral_rms": {"dmean": 0.000860384607222, "dmean2": 0.000903735461179, "dvar": 8.79054937286e-07, "dvar2": 1.03253375983e-06, "max": 0.0135182766244, "mean": 0.0041934303008, "median": 0.00390059873462, "min": 1.48737333561e-09, "var": 4.95315362059e-06}, "spectral_rolloff": {"dmean": 332.042144775, "dmean2": 563.984619141, "dvar": 478336.71875, "dvar2": 974164.625, "max": 19745.9472656, "mean": 1346.46899414, "median": 796.728515625, "min": 107.666015625, "var": 3378199}, "spectral_skewness": {"dmean": 0.647867262363, "dmean2": 1.07085907459, "dvar": 0.422486573458, "dvar2": 1.15057122707, "max": 13.0497522354, "mean": 2.95724391937, "median": 2.64892101288, "min": 0.355893522501, "var": 1.97359383106}, "spectral_spread": {"dmean": 551821.3125, "dmean2": 850541.625, "dvar": 384559710208, "dvar2": 886219603968, "max": 19916024, "mean": 2627578.25, "median": 2383780, "min": 307168.8125, "var": 2209508491260.0}, "spectral_strongpeak": {"dmean": 0.712013363838, "dmean2": 1.16909253597, "dvar": 1.23142015934, "dvar2": 2.85056996346, "max": 8.99326515198, "mean": 1.23337781429, "median": 0.558460116386, "min": 0, "var": 2.34638047218}, "zerocrossingrate": {"dmean": 0.00825077481568, "dmean2": 0.0101014310494, "dvar": 0.000121926532302, "dvar2": 0.000158204726176, "max": 0.76318359375, "mean": 0.0497332885861, "median": 0.037109375, "min": 0.00439453125, "var": 0.00297574163415}, "barkbands": {"dmean": [7.97973189037e-06, 0.00122422387358, 0.0020400704816, 0.0011210226221, 0.00132826238405, 0.00159556558356, 0.00105848629028, 0.00128974718973, 0.000727930397261, 0.00144566188101, 0.000256237748545, 0.000129074527649, 9.6672323707e-05, 6.13025622442e-05, 5.99249106017e-05, 7.14047928341e-05, 0.000173064589035, 0.000106150502688, 0.000117204413982, 2.8500049666e-05, 8.28518204798e-06, 1.58632992679e-05, 2.43688718911e-05, 9.29949965212e-06, 1.42066692206e-05, 8.11701647763e-06, 1.0328195458e-05], "dmean2": [1.27281273308e-05, 0.00173004670069, 0.0030425931327, 0.0016722130822, 0.00168468605261, 0.00202403822914, 0.00151347834617, 0.00178574526217, 0.000998371047899, 0.0016482048668, 0.00035502036917, 0.000188354460988, 0.000143541066791, 0.000103041049442, 9.41195321502e-05, 0.000110727312858, 0.000265261391178, 0.000176794070285, 0.000189055892406, 4.66093624709e-05, 1.39238982229e-05, 2.86564263661e-05, 4.26028236689e-05, 1.59239807545e-05, 2.47675670835e-05, 1.46994016177e-05, 1.87848709174e-05], "dvar": [1.59757873597e-10, 5.81501763008e-06, 2.56053826888e-05, 4.9072841648e-06, 3.69407302969e-06, 4.86594399263e-06, 3.9867823034e-06, 1.10304263217e-05, 2.32838169723e-06, 1.55636516865e-05, 6.12035705672e-07, 1.08807249433e-07, 4.80876920506e-08, 3.82765428242e-08, 4.95567462622e-08, 3.85085883181e-08, 1.63129584507e-07, 7.4621489432e-08, 1.20674698678e-07, 2.75012190798e-08, 9.49769818348e-10, 3.87794063528e-09, 8.22954504542e-09, 2.54545895473e-09, 3.13572900978e-09, 1.28497124052e-09, 2.82112622152e-09], "dvar2": [3.89992760308e-10, 1.14315052997e-05, 6.04929373367e-05, 1.17678819151e-05, 7.81310063758e-06, 9.78158914222e-06, 7.27627730157e-06, 1.66864647326e-05, 4.16260900238e-06, 2.06315853575e-05, 1.21014727483e-06, 2.39427350834e-07, 1.14572870302e-07, 1.01945289543e-07, 1.1213889195e-07, 8.34545019757e-08, 3.43444725104e-07, 1.93933658466e-07, 2.86187770371e-07, 6.65703367986e-08, 2.58738852565e-09, 1.09151505612e-08, 2.28639276401e-08, 6.92340629271e-09, 8.69914185131e-09, 3.55550944242e-09, 7.86311726841e-09], "max": [0.000154194101924, 0.0282167233527, 0.0525262914598, 0.0252815242857, 0.0234047342092, 0.0254809856415, 0.0300695821643, 0.0934605300426, 0.038957208395, 0.0718601197004, 0.0161925237626, 0.00692244293168, 0.00298709911294, 0.00367226358503, 0.0051561514847, 0.00289574335329, 0.00525430915877, 0.00373719655909, 0.00527871213853, 0.00423647370189, 0.000451713072835, 0.000695405469742, 0.000872279808391, 0.000814379425719, 0.000634554482531, 0.00066624302417, 0.00077360321302], "mean": [1.77360161615e-05, 0.0026310198009, 0.00295748095959, 0.00162220350467, 0.00293009844609, 0.00273078307509, 0.00158186419867, 0.00222955527715, 0.00132831092924, 0.00286365114152, 0.000465534540126, 0.000189680111362, 0.00012599179172, 7.99747285782e-05, 0.000114737427793, 0.000134968431666, 0.000459699658677, 0.000235460363911, 0.000273224199191, 5.73893776163e-05, 9.9608751043e-06, 1.21502589536e-05, 1.9580937078e-05, 7.29255225451e-06, 1.12729485409e-05, 5.39801885679e-06, 6.49779667583e-06], "median": [6.08987102169e-06, 0.000956680334639, 0.000653335591778, 0.000712714740075, 0.00146604981273, 0.00101570691913, 0.000526791089214, 0.000487107114168, 0.000331456714775, 0.000227108903346, 9.48185042944e-05, 4.55609406345e-05, 3.26652661897e-05, 1.38898503792e-05, 1.34175779749e-05, 3.57240496669e-05, 0.000102735641121, 1.89505699382e-05, 1.87988025573e-05, 2.27768214245e-06, 2.33949458561e-06, 2.04413390748e-06, 1.24400446566e-06, 7.35238131711e-07, 8.26787299957e-07, 1.16431479569e-07, 7.51193240944e-09], "min": [1.96108906066e-17, 2.57777834623e-17, 1.25136809509e-17, 8.1404051765e-18, 6.83719949222e-18, 3.82135067764e-18, 7.74622135458e-18, 3.97409040493e-18, 3.73395697797e-18, 1.65992120231e-17, 7.70503355034e-18, 1.08094589329e-17, 2.82655390807e-17, 4.38686767538e-17, 6.88645065307e-17, 3.81030450774e-18, 1.94093248893e-17, 3.92204047847e-17, 8.77424886448e-17, 2.77031919218e-17, 1.09787275486e-16, 7.7497062665e-17, 1.49358047508e-16, 2.19983403187e-16, 2.33314325349e-16, 3.04770395356e-16, 5.70603586099e-16], "var": [5.64044144724e-10, 1.61002044479e-05, 3.94495000364e-05, 6.90125852998e-06, 1.14071472126e-05, 1.32038740048e-05, 7.27337555873e-06, 3.80778765248e-05, 7.61615365263e-06, 5.6929555285e-05, 1.75974321337e-06, 1.89405710671e-07, 6.58970336076e-08, 4.82351545372e-08, 1.40126232395e-07, 7.19348705047e-08, 5.74400814912e-07, 1.95276882664e-07, 3.54529021251e-07, 7.48949915419e-08, 9.1104240818e-10, 2.42432829367e-09, 6.12427797364e-09, 1.68476843587e-09, 2.02905225954e-09, 8.24054768866e-10, 1.74303349532e-09]}, "erbbands": {"dmean": [0.02207618393, 0.341566830873, 1.80211484432, 3.42314791679, 4.56814527512, 3.8661737442, 4.84673166275, 15.0569047928, 17.4220485687, 25.4830818176, 22.0963973999, 18.6074428558, 46.3408355713, 19.227766037, 10.8994598389, 5.88299179077, 4.93780422211, 3.2914378643, 2.91551351547, 3.66614556313, 3.25086236, 7.20791387558, 6.62022256851, 7.24405956268, 4.6798658371, 1.62885916233, 0.64172321558, 0.290886551142, 0.634367406368, 0.630127310753, 0.574216902256, 0.226490870118, 0.211291372776, 0.0945711508393, 0.118877306581, 0.0412485338748, 0.023164011538, 0.00567749282345, 0.00131418742239, 0.000164669720107], "dmean2": [0.0312010552734, 0.481768846512, 2.64032530785, 5.01532793045, 6.35284280777, 4.9643445015, 6.61539840698, 19.6787586212, 23.1350402832, 38.1197433472, 27.0504798889, 24.5065288544, 50.7781867981, 25.5620250702, 14.6808443069, 8.09006977081, 7.26629018784, 5.35590696335, 4.65050268173, 5.63375234604, 5.00661087036, 11.2241859436, 10.5920906067, 11.9921979904, 7.63954210281, 2.64011406898, 1.05560517311, 0.509508192539, 1.15185308456, 1.13600075245, 0.994564592838, 0.383370578289, 0.363317757845, 0.164395138621, 0.208784982562, 0.0729781910777, 0.0425717271864, 0.0101399542764, 0.00241129728965, 0.000296675250866], "dvar": [0.00170566246379, 0.443705946207, 16.86369133, 66.0614089966, 74.027671814, 36.9422912598, 55.0385360718, 475.712921143, 695.633239746, 4050.52709961, 4768.77832031, 1149.97961426, 20172.0195312, 3483.08007812, 1406.45373535, 221.53112793, 118.487335205, 99.8065719604, 128.81942749, 150.862854004, 62.7027130127, 294.561309814, 277.969665527, 371.537536621, 371.500152588, 82.8503189087, 7.31156682968, 0.803687036037, 9.68796539307, 4.41010427475, 4.54454374313, 0.885775029659, 1.71925115585, 0.0885960161686, 0.260591030121, 0.0419733300805, 0.0120581360534, 0.00114702794235, 6.14044183749e-05, 9.18251544135e-07], "dvar2": [0.00335319968872, 0.901178717613, 37.9469795227, 152.03616333, 194.041213989, 60.7123985291, 100.967170715, 1013.76733398, 1294.36950684, 7796.38769531, 5178.92382812, 2157.84936523, 25921.2851562, 6422.06835938, 2813.91210938, 456.972686768, 277.258392334, 261.169647217, 299.148956299, 342.138031006, 136.465957642, 645.338500977, 672.248413086, 932.738464355, 873.317993164, 199.842514038, 18.5218353271, 2.26174020767, 27.3802509308, 12.2318277359, 12.4637212753, 2.46547245979, 4.64395427704, 0.243197992444, 0.724331021309, 0.112693160772, 0.0344211049378, 0.00309690553695, 0.000173793436261, 2.5991887469e-06], "max": [0.630331516266, 7.51966428757, 52.1683731079, 94.3358535767, 142.586517334, 75.1364593506, 116.978263855, 243.12147522, 630.226501465, 1108.08288574, 2561.88085938, 591.16784668, 2782.13256836, 1301.38183594, 848.430847168, 336.775970459, 146.562423706, 198.310012817, 317.445007324, 258.137329102, 110.414283752, 235.647140503, 238.713775635, 268.849060059, 318.302185059, 213.386444092, 58.1237869263, 12.3747987747, 36.8250389099, 20.618106842, 22.2924747467, 12.1900577545, 22.8843212128, 3.48564910889, 5.80030250549, 5.45459127426, 1.45452821255, 0.852288663387, 0.127591207623, 0.0115780951455], "mean": [0.0543633513153, 0.698493599892, 2.97865653038, 4.90611886978, 9.35291099548, 7.92302513123, 8.71631908417, 24.8223648071, 29.9396152496, 34.7206497192, 45.4525566101, 34.125957489, 94.7952651978, 34.6175727844, 19.8696193695, 9.47574996948, 6.71210575104, 4.78711891174, 4.94655942917, 7.79235887527, 7.02386283875, 19.2332496643, 16.7773227692, 20.2929725647, 8.8147983551, 3.3999671936, 1.02429163456, 0.303139299154, 0.45951411128, 0.460473865271, 0.473272979259, 0.208608701825, 0.162143796682, 0.0796834528446, 0.094692863524, 0.0295540969819, 0.0144992480054, 0.00379021815024, 0.000825224036817, 0.000123145611724], "median": [0.0234830267727, 0.228598684072, 0.776285886765, 1.86335599422, 4.80880641937, 3.2875828743, 3.00269079208, 8.76960754395, 10.5966701508, 9.0849199295, 9.35450172424, 10.3399429321, 9.79552841187, 4.83157300949, 4.60663414001, 2.82240390778, 2.22005844116, 1.41171216965, 1.05221843719, 1.61454927921, 2.72975301743, 4.36997842789, 4.82090568542, 0.891971945763, 0.582163929939, 0.225199624896, 0.150600761175, 0.078433714807, 0.0719089731574, 0.0492598153651, 0.040788654238, 0.0200626589358, 0.0137877315283, 0.0105598773807, 0.00506193097681, 0.000927236105781, 0.000164820783539, 2.65156813839e-05, 1.69094928424e-05, 2.38971679209e-05], "min": [1.00174372683e-15, 4.96579714536e-15, 1.35838589048e-14, 2.3245343706e-14, 2.69096488934e-14, 2.07476163393e-14, 1.60852725589e-14, 3.89064797632e-14, 9.39191554931e-14, 1.21094364462e-13, 6.47587587938e-14, 7.40144368862e-14, 3.6865134426e-13, 5.45658407781e-13, 1.98698411782e-13, 6.07252908982e-13, 1.30562856533e-12, 1.61591985452e-12, 4.06700020883e-12, 1.6673630792e-12, 2.90912828766e-13, 1.15630898953e-12, 1.47602156192e-12, 4.43715333573e-12, 3.23386586606e-12, 1.44409180794e-12, 2.74976959605e-12, 4.75379371284e-12, 2.82436010343e-12, 4.25580577723e-12, 3.64548018508e-12, 4.20001273344e-12, 3.91734127775e-12, 2.50083851197e-12, 1.89720027882e-12, 1.2670170902e-12, 6.70150458564e-13, 3.00660944709e-13, 8.20013138338e-14, 8.01443516451e-15], "var": [0.00737670483068, 1.13450562954, 34.5636978149, 79.2164230347, 135.264038086, 127.008865356, 156.61869812, 1154.45397949, 1860.32836914, 6240.46240234, 23748.9296875, 3209.31201172, 75345.484375, 8245.15039062, 3515.78344727, 432.581939697, 166.035324097, 136.297958374, 388.856292725, 339.419281006, 137.530838013, 1009.34417725, 701.974243164, 1735.38549805, 669.90625, 223.305618286, 12.6942663193, 0.59405618906, 5.8318104744, 2.80257463455, 3.37046527863, 0.727940440178, 1.14745819569, 0.0632297769189, 0.167244136333, 0.0290264654905, 0.00695702712983, 0.000769154925365, 3.62280807167e-05, 5.48154616808e-07]}, "gfcc": {"mean": [-93.5036849976, 158.356140137, -112.963592529, 13.3929843903, -43.3111114502, -12.4495162964, -32.0174865723, 14.9215126038, -12.5211343765, -18.262670517, -8.94112300873, 0.0808543041348, -9.86861038208], "cov": [[11316.2861328, -1063.7467041, -347.251953125, 293.120727539, -910.911132812, 441.610839844, -425.521789551, 444.411987305, -717.062255859, 202.645309448, 83.5783615112, 56.1272087097, -375.575805664], [-1063.7467041, 3119.79321289, -271.282440186, -369.584625244, 181.934234619, -471.219970703, 359.25604248, -304.240875244, 478.081695557, -318.479034424, 134.474349976, -228.939239502, 252.779541016], [-347.251953125, -271.282440186, 643.284484863, 49.9330329895, 34.5088768005, 192.615875244, -74.3491287231, 38.3861122131, 52.6673126221, 26.3802471161, -34.7338829041, 68.7635192871, -19.7478923798], [293.120727539, -369.584625244, 49.9330329895, 462.501159668, 88.9298553467, 21.917755127, -5.56893730164, 95.6782302856, -104.664085388, 118.533119202, 26.2429580688, 9.44696140289, -53.4053993225], [-910.911132812, 181.934234619, 34.5088768005, 88.9298553467, 497.809417725, -67.9842147827, -13.9244909286, 7.99415111542, 128.913482666, -20.4351768494, -11.6846837997, 49.4260520935, -25.5962848663], [441.610839844, -471.219970703, 192.615875244, 21.917755127, -67.9842147827, 356.826293945, -175.717041016, 61.0890312195, 3.18679237366, 17.2387676239, -60.8419036865, 110.747215271, -34.2116699219], [-425.521789551, 359.25604248, -74.3491287231, -5.56893730164, -13.9244909286, -175.717041016, 437.854400635, -60.7562103271, -106.59122467, 5.02065515518, 87.5985565186, -170.167144775, 51.9049530029], [444.411987305, -304.240875244, 38.3861122131, 95.6782302856, 7.99415111542, 61.0890312195, -60.7562103271, 245.79045105, -114.496452332, 7.07114553452, 14.5979089737, 29.7072696686, -59.7868728638], [-717.062255859, 478.081695557, 52.6673126221, -104.664085388, 128.913482666, 3.18679237366, -106.59122467, -114.496452332, 405.780670166, -85.447883606, -97.1521148682, 68.9700469971, 50.4734230042], [202.645309448, -318.479034424, 26.3802471161, 118.533119202, -20.4351768494, 17.2387676239, 5.02065515518, 7.07114553452, -85.447883606, 175.949951172, -4.16745853424, -18.4409503937, -27.8249053955], [83.5783615112, 134.474349976, -34.7338829041, 26.2429580688, -11.6846837997, -60.8419036865, 87.5985565186, 14.5979089737, -97.1521148682, -4.16745853424, 164.727386475, -51.327709198, -24.3783817291], [56.1272087097, -228.939239502, 68.7635192871, 9.44696140289, 49.4260520935, 110.747215271, -170.167144775, 29.7072696686, 68.9700469971, -18.4409503937, -51.327709198, 217.854812622, -40.8184204102], [-375.575805664, 252.779541016, -19.7478923798, -53.4053993225, -25.5962848663, -34.2116699219, 51.9049530029, -59.7868728638, 50.4734230042, -27.8249053955, -24.3783817291, -40.8184204102, 207.637023926]], "icov": [[0.000145727128256, -8.77465718077e-05, 0.000106132443761, -8.9476852736e-05, 0.000242144189542, -0.000158506125445, 0.000172037922312, -0.00011830485164, 0.000233273865888, -8.86040215846e-05, 7.92420178186e-05, -3.91352159568e-06, 0.000224114744924], [-8.77465718077e-05, 0.000856677012052, 2.92447566608e-05, 0.000216304601054, -0.000213964260183, 0.000565145048313, -0.000406936596846, 0.000204877811484, -0.00114856951404, 0.000805249321274, -0.000892644340638, 0.000438654882601, -0.000547231175005], [0.000106132443761, 2.92447566608e-05, 0.00203814543784, -0.000121565739391, -1.15695238492e-05, -0.00121635105461, -0.000190809456399, -0.000298969331197, -0.000382639351301, -0.000339224905474, -0.00018885229656, -5.66215749132e-05, 9.297082579e-05], [-8.9476852736e-05, 0.000216304601054, -0.000121565739391, 0.00319097563624, -0.000843961723149, 0.000127774605062, -0.000225004157983, -0.000847093411721, -0.000100972371001, -0.00181285792496, -0.00064765533898, -9.48602246353e-05, -0.000199734175112], [0.000242144189542, -0.000213964260183, -1.15695238492e-05, -0.000843961723149, 0.00302721839398, 0.000512971950229, 9.01594466995e-05, -0.000590560375713, -0.000592165975831, -6.34483012618e-06, 0.000146232763655, -0.000677478965372, 0.000772500876337], [-0.000158506125445, 0.000565145048313, -0.00121635105461, 0.000127774605062, 0.000512971950229, 0.00518814800307, 0.000747748592403, -0.000205950680538, -0.000437218666775, 0.000479348789668, 0.00032279943116, -0.000941358448472, -0.000362334190868], [0.000172037922312, -0.000406936596846, -0.000190809456399, -0.000225004157983, 9.01594466995e-05, 0.000747748592403, 0.00437465170398, 0.000757258792873, 0.00170599645935, 3.42759740306e-05, -0.000286300462903, 0.00189111335203, -8.25937750051e-05], [-0.00011830485164, 0.000204877811484, -0.000298969331197, -0.000847093411721, -0.000590560375713, -0.000205950680538, 0.000757258792873, 0.00607278803363, 0.00178627856076, 0.0017815992469, 0.000122360113892, 0.000102090634755, 0.000581804139074], [0.000233273865888, -0.00114856951404, -0.000382639351301, -0.000100972371001, -0.000592165975831, -0.000437218666775, 0.00170599645935, 0.00178627856076, 0.00638719834387, 0.000788821838796, 0.00307657849044, -0.000842649780679, 0.000449345388915], [-8.86040215846e-05, 0.000805249321274, -0.000339224905474, -0.00181285792496, -6.34483012618e-06, 0.000479348789668, 3.42759740306e-05, 0.0017815992469, 0.000788821838796, 0.00898602139205, 0.000762902840506, 0.00134505331516, 0.000309928145725], [7.92420178186e-05, -0.000892644340638, -0.00018885229656, -0.00064765533898, 0.000146232763655, 0.00032279943116, -0.000286300462903, 0.000122360113892, 0.00307657849044, 0.000762902840506, 0.00927266664803, 0.0002898221137, 0.00172355235554], [-3.91352159568e-06, 0.000438654882601, -5.66215749132e-05, -9.48602246353e-05, -0.000677478965372, -0.000941358448472, 0.00189111335203, 0.000102090634755, -0.000842649780679, 0.00134505331516, 0.0002898221137, 0.00774773303419, 0.000689352746122], [0.000224114744924, -0.000547231175005, 9.297082579e-05, -0.000199734175112, 0.000772500876337, -0.000362334190868, -8.25937750051e-05, 0.000581804139074, 0.000449345388915, 0.000309928145725, 0.00172355235554, 0.000689352746122, 0.00633903220296]]}, "melbands": {"dmean": [0.000267035065917, 0.000741180148907, 0.000622713239864, 0.000288313545752, 0.000176366549567, 0.000346374814399, 0.000254062877502, 0.000286438153125, 0.000173402004293, 0.000111008012027, 0.000232026955928, 7.90203121142e-05, 3.42603671015e-05, 1.91254985111e-05, 1.39784951898e-05, 7.6129754234e-06, 6.66158848617e-06, 4.92675508212e-06, 2.92466415885e-06, 7.45330544305e-06, 3.20465028381e-06, 6.31102238913e-06, 1.12000116133e-05, 4.43462067778e-06, 6.32363617115e-06, 4.50515108241e-06, 1.18342870792e-06, 1.1634567727e-06, 5.61865419968e-07, 1.4842306939e-07, 1.49783048187e-07, 4.49592789664e-07, 2.3691984552e-07, 4.00545303592e-07, 3.73335609538e-07, 3.04961275788e-07, 7.32063867304e-08, 1.78295849196e-07, 7.08621428203e-08, 8.51540349345e-08], "dmean2": [0.000372097623767, 0.00110695022158, 0.000901409774087, 0.00036818839726, 0.000233047423535, 0.000441561220214, 0.000332988740411, 0.000427644408774, 0.000211322694668, 0.00014760090562, 0.000255650753388, 0.000108115193143, 4.71031526104e-05, 2.65475064225e-05, 2.0134024453e-05, 1.1247612747e-05, 1.10819128167e-05, 7.96928725322e-06, 4.53456368632e-06, 1.14656431833e-05, 4.92644812766e-06, 9.85680981103e-06, 1.73655571416e-05, 7.35028515919e-06, 1.05577000795e-05, 7.41966459827e-06, 1.92519928532e-06, 1.91929302673e-06, 9.23849711398e-07, 2.59076585962e-07, 2.6346808113e-07, 8.23137384032e-07, 4.1949374463e-07, 7.20490731965e-07, 6.50483173104e-07, 5.17335536188e-07, 1.24517796962e-07, 3.08101022028e-07, 1.21286532817e-07, 1.50748789451e-07], "dvar": [2.60706030986e-07, 2.57528358816e-06, 1.54151689458e-06, 1.84055224395e-07, 7.34751424147e-08, 2.42676691187e-07, 1.45633492821e-07, 4.99819009292e-07, 2.88925093628e-07, 3.96021526683e-08, 5.01725651247e-07, 6.71136533015e-08, 1.15813918455e-08, 3.01324920571e-09, 9.47218081748e-10, 2.42461661859e-10, 5.14517040084e-10, 3.56188328832e-10, 1.23850610323e-10, 4.3838344066e-10, 1.01194407021e-10, 2.74763267694e-10, 7.24877768921e-10, 1.39917008535e-10, 3.13857412282e-10, 3.73944125664e-10, 2.15176279572e-11, 4.95312853233e-11, 7.30796673176e-12, 3.0672290879e-13, 1.92164494495e-13, 6.67735701801e-12, 4.85512780153e-13, 2.38298074849e-12, 3.04039844516e-12, 3.42720968792e-12, 1.2629595991e-13, 1.37879193739e-12, 7.15333283059e-14, 1.05764890932e-13], "dvar2": [4.86695341806e-07, 5.64514357393e-06, 3.63405229109e-06, 4.30248690009e-07, 1.27377063563e-07, 4.95911592679e-07, 2.60899270188e-07, 9.66360630628e-07, 3.18622312534e-07, 7.45292325632e-08, 6.42763097858e-07, 1.23495752291e-07, 2.3067279642e-08, 6.3426952579e-09, 1.93252480685e-09, 5.70486324847e-10, 1.35332500761e-09, 8.53551729296e-10, 2.79732903508e-10, 9.58743306967e-10, 2.13695380835e-10, 6.23380569387e-10, 1.56207224933e-09, 3.46458473022e-10, 7.87254039736e-10, 8.89900431122e-10, 5.05862400579e-11, 1.2106207703e-10, 1.82613299482e-11, 8.51791510589e-13, 5.3634543638e-13, 1.88941952362e-11, 1.35200271117e-12, 6.52306897733e-12, 8.11939144391e-12, 9.45127483221e-12, 3.54665868072e-13, 3.7379262012e-12, 1.91429757788e-13, 2.96454484225e-13], "max": [0.00639602169394, 0.0199424028397, 0.0139779113233, 0.00631053838879, 0.00354162766598, 0.00587971601635, 0.00851184315979, 0.0127824014053, 0.0192769151181, 0.00397673202679, 0.0138215310872, 0.00571101345122, 0.00226782774553, 0.00106862769462, 0.000495650165249, 0.000182519681402, 0.000455209752545, 0.000474666594528, 0.000224021947361, 0.00031231684261, 0.000188343517948, 0.000308526563458, 0.000368381093722, 0.000264845904894, 0.000246542185778, 0.000319815095281, 9.28728841245e-05, 0.00019480442279, 6.3220737502e-05, 1.04923865365e-05, 4.67518657388e-06, 3.15377837978e-05, 7.96338645159e-06, 1.64159773703e-05, 2.01833299798e-05, 2.6231055017e-05, 7.75160424382e-06, 1.92947536561e-05, 4.69751421406e-06, 4.31543230661e-06], "mean": [0.00062281411374, 0.00136993580963, 0.00100328191184, 0.000637519406155, 0.000324336084304, 0.000582805252634, 0.000433556153439, 0.000400459975936, 0.000364220351912, 0.000200153852347, 0.000474163010949, 0.000140293544973, 6.40819271212e-05, 3.01408672385e-05, 1.95044449356e-05, 1.04696728158e-05, 8.96510391613e-06, 7.65150343796e-06, 5.92740798311e-06, 1.5044475731e-05, 6.50968831906e-06, 1.62842661666e-05, 2.85745190922e-05, 1.04760401882e-05, 1.71397077793e-05, 7.83742598287e-06, 2.10874668483e-06, 2.36352957472e-06, 9.02077317733e-07, 1.74279122689e-07, 1.45870643564e-07, 3.02927162465e-07, 2.05014202947e-07, 2.74294677638e-07, 2.77627464129e-07, 2.9903415566e-07, 6.1498703019e-08, 1.33544631353e-07, 5.68222127129e-08, 7.02863616198e-08], "median": [0.000237287633354, 0.000417073781136, 0.00054770114366, 0.000329880451318, 0.000102743550087, 0.000210759593756, 0.000151783562615, 9.6587522421e-05, 6.86789135216e-05, 5.78720973863e-05, 4.27866107202e-05, 1.52311768034e-05, 1.30561020342e-05, 7.01325188857e-06, 5.05876323587e-06, 2.85435953629e-06, 1.64653079082e-06, 1.26970849124e-06, 7.73893930273e-07, 3.14185490424e-06, 1.93645928448e-06, 3.47185755345e-06, 6.00399152972e-06, 8.8734742576e-07, 2.9617325481e-07, 2.20792927053e-07, 1.40517727232e-07, 7.47161124082e-08, 8.04447495284e-08, 4.37929870145e-08, 2.67918842667e-08, 3.0825940911e-08, 3.66105936678e-08, 1.5689746391e-08, 2.09426431752e-08, 1.49354093537e-08, 9.78698544429e-09, 6.97195234878e-09, 6.19549656022e-09, 6.87847556691e-09], "min": [8.99593078711e-18, 7.0626930631e-18, 4.20944810462e-18, 1.75748686605e-18, 6.04714160818e-19, 8.74261458273e-19, 1.4933451422e-18, 1.26518835993e-18, 4.25397249696e-19, 5.35936160836e-19, 1.91878046805e-18, 2.31071353153e-18, 8.27729033299e-19, 7.55919312974e-19, 2.75098103295e-18, 2.58729522461e-18, 2.99185003026e-18, 6.66677050753e-18, 4.51403709927e-18, 5.40089434692e-19, 2.3466563386e-19, 1.02853002213e-18, 1.21224828374e-18, 1.98803285612e-18, 3.79476467916e-18, 3.33685217451e-18, 8.16357781418e-19, 1.03074779675e-18, 1.33230931035e-18, 2.90610117924e-18, 2.43074860535e-18, 1.05955994505e-18, 2.17116588745e-18, 2.57437549063e-18, 1.89765344803e-18, 2.73670989263e-18, 2.42130737263e-18, 2.47798702898e-18, 2.82733001028e-18, 1.83694004543e-18], "var": [9.46761019804e-07, 5.52974188395e-06, 2.04081402444e-06, 5.03480009684e-07, 2.342069223e-07, 6.34890739093e-07, 3.85860374763e-07, 8.27673602544e-07, 1.45683509345e-06, 1.07147705819e-07, 1.88248588984e-06, 1.60842148489e-07, 3.42997523717e-08, 6.11310291276e-09, 1.60580304609e-09, 3.71587538517e-10, 6.65003996314e-10, 9.29837817853e-10, 3.13674003438e-10, 9.23040588408e-10, 2.13096915114e-10, 8.66709259917e-10, 2.36689534638e-09, 4.18563350646e-10, 1.38655886772e-09, 6.51638742966e-10, 4.22526458266e-11, 1.36280542407e-10, 1.33321669676e-11, 2.74955541191e-13, 1.46209609632e-13, 3.9707685924e-12, 3.35962404814e-13, 1.5259197985e-12, 2.07951234357e-12, 2.87653256249e-12, 7.92661563557e-14, 9.10073340472e-13, 5.13824111026e-14, 6.8579290738e-14]}, "mfcc": {"mean": [-743.877380371, 190.1690979, 2.59019994736, 22.0441188812, 8.98310852051, -18.1538105011, -7.99731397629, 17.1571941376, 1.23200631142, -7.88263273239, -1.12713825703, 4.38079786301, 0.824513494968], "cov": [[6978.17285156, -139.477478027, -376.169616699, 29.8716335297, -457.058532715, -157.851211548, 211.315811157, 60.9838256836, -498.820556641, 74.657081604, 350.363708496, -250.242675781, -398.204315186], [-139.477478027, 2219.57763672, 70.8578262329, -153.526580811, -55.4713935852, -128.109344482, -133.897857666, -19.9779567719, 131.010055542, 6.55905056, -121.028495789, 99.5608520508, 71.5507202148], [-376.169616699, 70.8578262329, 546.001281738, -87.8813018799, 70.6251754761, 112.436592102, -98.655921936, 23.4825782776, 113.483177185, -18.4247875214, -102.136283875, 124.694778442, 91.4576263428], [29.8716335297, -153.526580811, -87.8813018799, 435.106689453, -14.2979755402, -51.2573204041, 221.950881958, -35.3831825256, -125.527534485, 128.457962036, 94.0537872314, -115.42514801, -6.47221279144], [-457.058532715, -55.4713935852, 70.6251754761, -14.2979755402, 485.801727295, 105.511314392, -216.650390625, 119.124389648, 121.586906433, -134.570022583, 15.0717945099, 179.046157837, 61.5314216614], [-157.851211548, -128.109344482, 112.436592102, -51.2573204041, 105.511314392, 253.169433594, -109.163673401, -10.1661300659, 91.2587051392, -55.2091026306, -39.2775993347, 105.183082581, 79.5949630737], [211.315811157, -133.897857666, -98.655921936, 221.950881958, -216.650390625, -109.163673401, 470.231811523, -32.1358451843, -223.389022827, 236.141159058, 58.715763092, -261.538818359, -75.1777114868], [60.9838256836, -19.9779567719, 23.4825782776, -35.3831825256, 119.124389648, -10.1661300659, -32.1358451843, 204.604598999, 1.94882154465, -68.358505249, 67.6666488647, 17.0450000763, -30.6436805725], [-498.820556641, 131.010055542, 113.483177185, -125.527534485, 121.586906433, 91.2587051392, -223.389022827, 1.94882154465, 323.393371582, -102.81199646, -158.314376831, 173.655456543, 73.472114563], [74.657081604, 6.55905056, -18.4247875214, 128.457962036, -134.570022583, -55.2091026306, 236.141159058, -68.358505249, -102.81199646, 299.880310059, 1.2649204731, -189.372299194, -19.9784240723], [350.363708496, -121.028495789, -102.136283875, 94.0537872314, 15.0717945099, -39.2775993347, 58.715763092, 67.6666488647, -158.314376831, 1.2649204731, 324.589324951, -56.2426719666, -145.291046143], [-250.242675781, 99.5608520508, 124.694778442, -115.42514801, 179.046157837, 105.183082581, -261.538818359, 17.0450000763, 173.655456543, -189.372299194, -56.2426719666, 320.161315918, 95.5250320435], [-398.204315186, 71.5507202148, 91.4576263428, -6.47221279144, 61.5314216614, 79.5949630737, -75.1777114868, -30.6436805725, 73.472114563, -19.9784240723, -145.291046143, 95.5250320435, 264.572937012]], "icov": [[0.000186436649528, -3.70772045244e-06, 8.26112882351e-05, -2.4652463253e-05, 0.000206744647585, -0.000102974314359, 0.000161051895702, -0.000170766506926, 0.000332024908857, -6.53880561003e-05, 6.53296083328e-05, -0.000114655776997, 0.000241457441007], [-3.70772045244e-06, 0.000522596878, -3.08225135086e-05, 0.000132035900606, 0.000102272788354, 0.000459510221845, 0.0001449285337, -2.55427839875e-05, -0.00015332273324, -0.000258939166088, -1.33827157356e-07, -0.000217927386984, -0.000155194589752], [8.26112882351e-05, -3.08225135086e-05, 0.00238425913267, 0.000164263357874, 0.000245938805165, -0.000800887297373, 9.11018651095e-05, -0.000813772901893, 9.80490294751e-05, -0.000845464644954, 0.000516175408848, -0.00101000256836, -1.50704872794e-05], [-2.4652463253e-05, 0.000132035900606, 0.000164263357874, 0.00379943475127, -0.00104019208811, 0.000545676681213, -0.0019587110728, 0.00117857987061, -0.000389389519114, -0.000312178366585, -0.0014185407199, 9.27144938032e-05, -0.00110686209518], [0.000206744647585, 0.000102272788354, 0.000245938805165, -0.00104019208811, 0.00395772187039, -0.00086833856767, 0.00156812591013, -0.00241835135967, 0.000144433462992, -0.000497416651342, 6.55314261166e-06, -0.0012472794624, 5.55791593797e-05], [-0.000102974314359, 0.000459510221845, -0.000800887297373, 0.000545676681213, -0.00086833856767, 0.00584824569523, -0.000111215987999, 0.00117307470646, -0.00114438461605, 5.75583399041e-05, -0.000885822460987, -0.000364541396266, -0.00147493358236], [0.000161051895702, 0.0001449285337, 9.11018651095e-05, -0.0019587110728, 0.00156812591013, -0.000111215987999, 0.00671210093424, -0.00150162412319, 0.00250349147245, -0.00247307913378, 0.0013548877323, 0.0011935812654, 0.000956984062213], [-0.000170766506926, -2.55427839875e-05, -0.000813772901893, 0.00117857987061, -0.00241835135967, 0.00117307470646, -0.00150162412319, 0.00763335963711, -0.00100927066524, 0.00217117369175, -0.00191762461327, 0.0015800447436, -0.000452339969343], [0.000332024908857, -0.00015332273324, 9.80490294751e-05, -0.000389389519114, 0.000144433462992, -0.00114438461605, 0.00250349147245, -0.00100927066524, 0.00763936480507, -0.000815640611108, 0.00357545027509, -0.00204910174944, 0.0019231805345], [-6.53880561003e-05, -0.000258939166088, -0.000845464644954, -0.000312178366585, -0.000497416651342, 5.75583399041e-05, -0.00247307913378, 0.00217117369175, -0.000815640611108, 0.00748546142131, -0.000335491553415, 0.00339379697107, -0.000714476045687], [6.53296083328e-05, -1.33827157356e-07, 0.000516175408848, -0.0014185407199, 6.55314261166e-06, -0.000885822460987, 0.0013548877323, -0.00191762461327, 0.00357545027509, -0.000335491553415, 0.00669220183045, -0.00113569758832, 0.00337993353605], [-0.000114655776997, -0.000217927386984, -0.00101000256836, 9.27144938032e-05, -0.0012472794624, -0.000364541396266, 0.0011935812654, 0.0015800447436, -0.00204910174944, 0.00339379697107, -0.00113569758832, 0.0086853671819, -0.00177456357051], [0.000241457441007, -0.000155194589752, -1.50704872794e-05, -0.00110686209518, 5.55791593797e-05, -0.00147493358236, 0.000956984062213, -0.000452339969343, 0.0019231805345, -0.000714476045687, 0.00337993353605, -0.00177456357051, 0.00672231707722]]}, "spectral_contrast_coeffs": {"dmean": [0.0460475981236, 0.0475163348019, 0.0385220721364, 0.0315464064479, 0.0259555801749, 0.0230886060745], "dmean2": [0.0711107477546, 0.0720472484827, 0.0608143247664, 0.0516891144216, 0.043286588043, 0.0375755019486], "dvar": [0.00135688297451, 0.00145804311614, 0.00109493779019, 0.000725132762454, 0.000575782090891, 0.000482202565763], "dvar2": [0.00320492102765, 0.00331752677448, 0.00252920924686, 0.00190357572865, 0.00155936484225, 0.00120118178893], "max": [-0.373291283846, -0.436350345612, -0.445438921452, -0.528311014175, -0.529646635056, -0.633682549], "mean": [-0.639957010746, -0.707862615585, -0.705895721912, -0.719894587994, -0.68775421381, -0.772169232368], "median": [-0.641660451889, -0.713742554188, -0.714694738388, -0.723180472851, -0.680919587612, -0.771026968956], "min": [-0.981487035751, -0.957341730595, -0.959338366985, -0.962874233723, -0.949577450752, -0.937017202377], "var": [0.00614503538236, 0.00629491358995, 0.00682664150372, 0.00391423655674, 0.00397066632286, 0.00197241967544]}, "spectral_contrast_valleys": {"dmean": [0.379408150911, 0.39733377099, 0.390017956495, 0.374053001404, 0.414785474539, 0.568816781044], "dmean2": [0.58192306757, 0.569014549255, 0.559661626816, 0.550012052059, 0.639138817787, 0.806824743748], "dvar": [0.123569235206, 0.124022245407, 0.137311846018, 0.14597