{"lowlevel": {"average_loudness": 0.696368694305, "barkbands_crest": {"dmean": 1.36141705513, "dmean2": 2.10518050194, "dvar": 2.33854532242, "dvar2": 5.91123342514, "max": 24.5003128052, "mean": 11.5799636841, "median": 10.9073429108, "min": 3.61335682869, "var": 15.047416687}, "barkbands_flatness_db": {"dmean": 0.0173136666417, "dmean2": 0.0240600407124, "dvar": 0.000376887561288, "dvar2": 0.000758610083722, "max": 0.480166077614, "mean": 0.261644095182, "median": 0.258430361748, "min": 0.0489054210484, "var": 0.00438782386482}, "barkbands_kurtosis": {"dmean": 3.19527173042, "dmean2": 4.73985433578, "dvar": 36.7146453857, "dvar2": 86.6205215454, "max": 230.555541992, "mean": 9.93927574158, "median": 6.32909727097, "min": -1.84542346001, "var": 182.446990967}, "barkbands_skewness": {"dmean": 0.381144791842, "dmean2": 0.550672292709, "dvar": 0.227821260691, "dvar2": 0.529939889908, "max": 13.8065299988, "mean": 1.57919824123, "median": 1.54705262184, "min": -2.99067687988, "var": 1.63003516197}, "barkbands_spread": {"dmean": 1.0696554184, "dmean2": 1.66527533531, "dvar": 9.66817378998, "dvar2": 25.1597232819, "max": 111.126075745, "mean": 5.60881900787, "median": 4.31670045853, "min": 0.360957115889, "var": 45.9584274292}, "dissonance": {"dmean": 0.0288296435028, "dmean2": 0.0469064302742, "dvar": 0.000718616647646, "dvar2": 0.00184338109102, "max": 0.499992907047, "mean": 0.365911871195, "median": 0.374205619097, "min": 0.0869587138295, "var": 0.00447368994355}, "dynamic_complexity": 4.83290052414, "erbbands_crest": {"dmean": 1.5572488308, "dmean2": 2.25447893143, "dvar": 4.12822055817, "dvar2": 9.23990726471, "max": 33.7223510742, "mean": 14.1006278992, "median": 12.2857179642, "min": 2.67270421982, "var": 44.6847724915}, "erbbands_flatness_db": {"dmean": 0.0150559479371, "dmean2": 0.0190505962819, "dvar": 0.000285910209641, "dvar2": 0.000544293259736, "max": 0.478264123201, "mean": 0.247780293226, "median": 0.245095133781, "min": 0.0501367524266, "var": 0.00377830886282}, "erbbands_kurtosis": {"dmean": 1.90105092525, "dmean2": 2.53415775299, "dvar": 16.938205719, "dvar2": 27.0145492554, "max": 187.726150513, "mean": 7.64601373672, "median": 2.82293248177, "min": -1.66476392746, "var": 301.22769165}, "erbbands_skewness": {"dmean": 0.296549320221, "dmean2": 0.416186690331, "dvar": 0.13908393681, "dvar2": 0.283212184906, "max": 9.96141338348, "mean": 1.40207755566, "median": 1.17466115952, "min": -1.58501338959, "var": 1.72370231152}, "erbbands_spread": {"dmean": 2.6877155304, "dmean2": 3.77314329147, "dvar": 22.105638504, "dvar2": 50.6102142334, "max": 144.079727173, "mean": 15.6198158264, "median": 13.5067405701, "min": 0.319188803434, "var": 133.566497803}, "hfc": {"dmean": 1.40247035027, "dmean2": 1.98164176941, "dvar": 11.9843025208, "dvar2": 24.8952541351, "max": 99.6690368652, "mean": 7.51426124573, "median": 4.09429550171, "min": 1.21224708433e-16, "var": 76.2714004517}, "melbands_crest": {"dmean": 1.97284054756, "dmean2": 3.09336638451, "dvar": 4.8489279747, "dvar2": 12.7142915726, "max": 34.813369751, "mean": 15.9113588333, "median": 14.7773609161, "min": 1.657771945, "var": 29.8643913269}, "melbands_flatness_db": {"dmean": 0.0196270011365, "dmean2": 0.0269460305572, "dvar": 0.000520155066624, "dvar2": 0.0010454520816, "max": 0.610034883022, "mean": 0.365832418203, "median": 0.362674504519, "min": 0.00353525974788, "var": 0.00688814837486}, "melbands_kurtosis": {"dmean": 4.24802780151, "dmean2": 6.12719917297, "dvar": 150.678939819, "dvar2": 349.689361572, "max": 653.724487305, "mean": 11.8838396072, "median": 7.33953905106, "min": -1.57750451565, "var": 522.489746094}, "melbands_skewness": {"dmean": 0.398782759905, "dmean2": 0.554327487946, "dvar": 0.295584350824, "dvar2": 0.613591372967, "max": 20.1421279907, "mean": 1.79223179817, "median": 1.75172710419, "min": -4.21055793762, "var": 2.60225367546}, "melbands_spread": {"dmean": 1.27691745758, "dmean2": 1.9785964489, "dvar": 10.9497880936, "dvar2": 24.3025875092, "max": 168.543777466, "mean": 7.43249559402, "median": 5.5999417305, "min": 0.423098117113, "var": 164.247009277}, "pitch_salience": {"dmean": 0.0450082793832, "dmean2": 0.0719064250588, "dvar": 0.00242704618722, "dvar2": 0.00622616708279, "max": 0.818310081959, "mean": 0.497969985008, "median": 0.505675256252, "min": 0.0667513236403, "var": 0.013860007748}, "silence_rate_20dB": {"dmean": 0, "dmean2": 0, "dvar": 0, "dvar2": 0, "max": 1, "mean": 1, "median": 1, "min": 1, "var": 0}, "silence_rate_30dB": {"dmean": 0.012975926511, "dmean2": 0.0259562842548, "dvar": 0.012807302177, "dvar2": 0.0293799024075, "max": 1, "mean": 0.984295010567, "median": 1, "min": 0, "var": 0.0154578303918}, "silence_rate_60dB": {"dmean": 0.0184394735843, "dmean2": 0.0368852466345, "dvar": 0.018101837486, "dvar2": 0.0396210998297, "max": 1, "mean": 0.127517923713, "median": 0, "min": 0, "var": 0.111261598766}, "spectral_centroid": {"dmean": 46.1565551758, "dmean2": 70.7509536743, "dvar": 19337.0058594, "dvar2": 32566.3828125, "max": 10833.0185547, "mean": 469.709655762, "median": 414.748718262, "min": 125.689231873, "var": 155945.375}, "spectral_complexity": {"dmean": 0.934949636459, "dmean2": 1.55498635769, "dvar": 1.3228867054, "dvar2": 2.98740363121, "max": 24, "mean": 8.02065563202, "median": 7, "min": 0, "var": 15.8026733398}, "spectral_decrease": {"dmean": 1.4032446316e-09, "dmean2": 2.00720617904e-09, "dvar": 7.24587551848e-18, "dvar2": 1.52745170137e-17, "max": 2.64630091284e-18, "mean": -6.60467724956e-09, "median": -4.1166372533e-09, "min": -4.65073917155e-08, "var": 4.85081276688e-17}, "spectral_energy": {"dmean": 0.00541181582958, "dmean2": 0.00773920724168, "dvar": 0.000108178093797, "dvar2": 0.000228199583944, "max": 0.178531959653, "mean": 0.0256090685725, "median": 0.0159478578717, "min": 1.13880321765e-20, "var": 0.000726047030184}, "spectral_energyband_high": {"dmean": 1.16458704724e-05, "dmean2": 1.72709806066e-05, "dvar": 1.76175873889e-09, "dvar2": 4.45124159754e-09, "max": 0.00121095019858, "mean": 2.0095398213e-05, "median": 3.45636681232e-06, "min": 7.97862956731e-21, "var": 2.88738144505e-09}, "spectral_energyband_low": {"dmean": 0.00277325161733, "dmean2": 0.00407380191609, "dvar": 3.04097338812e-05, "dvar2": 6.579906767e-05, "max": 0.161173343658, "mean": 0.0101672708988, "median": 0.00443753320724, "min": 6.58327144601e-23, "var": 0.000217356602661}, "spectral_energyband_middle_high": {"dmean": 0.000312375545036, "dmean2": 0.0004233031068, "dvar": 2.23572874347e-06, "dvar2": 3.96316545448e-06, "max": 0.0602398179471, "mean": 0.00108950375579, "median": 0.000210241196328, "min": 1.89230853326e-21, "var": 8.55115376908e-06}, "spectral_energyband_middle_low": {"dmean": 0.00383238284849, "dmean2": 0.00562204886228, "dvar": 7.39770184737e-05, "dvar2": 0.000158104696311, "max": 0.165912374854, "mean": 0.0159950815141, "median": 0.0086059467867, "min": 4.45989997479e-22, "var": 0.000351360038621}, "spectral_entropy": {"dmean": 0.170343637466, "dmean2": 0.237736180425, "dvar": 0.0408024080098, "dvar2": 0.0847597047687, "max": 9.79577636719, "mean": 6.04148817062, "median": 6.0286283493, "min": 3.89483332634, "var": 0.439302712679}, "spectral_flux": {"dmean": 0.0146366786212, "dmean2": 0.0226635206491, "dvar": 0.000551590695977, "dvar2": 0.00132015685085, "max": 0.327877700329, "mean": 0.0374120995402, "median": 0.0268299542367, "min": 1.06714720394e-10, "var": 0.00134689616971}, "spectral_kurtosis": {"dmean": 8.00879192352, "dmean2": 13.0054101944, "dvar": 63.9412574768, "dvar2": 160.574981689, "max": 116.16796875, "mean": 25.8526554108, "median": 20.8401145935, "min": -1.18134367466, "var": 339.362579346}, "spectral_rms": {"dmean": 0.000461986783193, "dmean2": 0.000653873255942, "dvar": 5.07115430537e-07, "dvar2": 1.02796195733e-06, "max": 0.0131976334378, "mean": 0.00432926835492, "median": 0.00394447520375, "min": 3.33320784168e-12, "var": 6.24185759079e-06}, "spectral_rolloff": {"dmean": 64.7644958496, "dmean2": 109.481575012, "dvar": 143787.078125, "dvar2": 244203.84375, "max": 19121.484375, "mean": 662.905822754, "median": 495.263671875, "min": 64.599609375, "var": 3444375.25}, "spectral_skewness": {"dmean": 0.571166992188, "dmean2": 0.907717525959, "dvar": 0.274305671453, "dvar2": 0.658283114433, "max": 8.95217227936, "mean": 3.78280472755, "median": 3.55404567719, "min": 0.0161546804011, "var": 1.89784634113}, "spectral_spread": {"dmean": 353843.9375, "dmean2": 532540.6875, "dvar": 289823457280, "dvar2": 466757287936, "max": 39835788, "mean": 2498662.75, "median": 2204302, "min": 798080.125, "var": 1979111047170.0}, "spectral_strongpeak": {"dmean": 0.212924227118, "dmean2": 0.341154664755, "dvar": 0.188690066338, "dvar2": 0.395672440529, "max": 9.76121711731, "mean": 0.862662434578, "median": 0.607490837574, "min": 0, "var": 0.811973214149}, "zerocrossingrate": {"dmean": 0.00259897019714, "dmean2": 0.00327780470252, "dvar": 4.20309479523e-05, "dvar2": 3.87618529203e-05, "max": 0.515625, "mean": 0.024891924113, "median": 0.01904296875, "min": 0.00341796875, "var": 0.00240479758941}, "barkbands": {"dmean": [3.77678406949e-05, 0.00121775630396, 0.00144199095666, 0.00153632368892, 0.00172573316377, 0.000726434285752, 0.000631262140814, 0.000304264656734, 0.000133965324494, 5.94343146076e-05, 5.51516313863e-05, 0.000171796855284, 2.72666238743e-05, 3.52654278686e-05, 2.27156870096e-05, 2.04060652322e-05, 1.30582757265e-05, 6.83068265062e-06, 9.62063586485e-06, 5.31144542038e-06, 4.05233640777e-06, 2.19412709157e-06, 1.35711661642e-06, 1.16475780487e-06, 1.68509154719e-06, 9.0388090257e-07, 2.18198223934e-07], "dmean2": [6.56593038002e-05, 0.00176994758658, 0.00208865082823, 0.00240441667847, 0.00249973218888, 0.00104698957875, 0.000849914737046, 0.000382226426154, 0.000163727119798, 7.56074296078e-05, 7.67584642745e-05, 0.000227882483159, 3.9374044718e-05, 5.38402309758e-05, 3.33090029017e-05, 3.10482755594e-05, 2.01686398213e-05, 1.08700014607e-05, 1.45951225932e-05, 7.78139747126e-06, 6.44756255497e-06, 3.42970042766e-06, 2.12357213059e-06, 1.72537806975e-06, 2.78389393316e-06, 1.44220018683e-06, 3.90450736631e-07], "dvar": [3.48554074492e-08, 6.77472371535e-06, 1.04447954072e-05, 1.62549604283e-05, 1.74098786374e-05, 6.66464939059e-06, 1.36634580485e-05, 1.37983681725e-06, 2.09177954957e-07, 4.1206938306e-08, 1.09794555669e-07, 1.81843859082e-06, 6.81334721975e-09, 3.2314048326e-08, 8.03883448697e-09, 5.15098719234e-09, 3.7874152703e-09, 4.44325187754e-10, 1.75921155421e-09, 5.84399528769e-10, 3.04264169415e-10, 9.23368811967e-11, 7.74346350929e-11, 1.33635342375e-11, 1.61233124074e-10, 3.73046073199e-11, 2.29993563257e-12], "dvar2": [1.0089619451e-07, 1.53773580678e-05, 2.31255689869e-05, 4.11248656746e-05, 3.52597235178e-05, 1.2990562027e-05, 3.25185501424e-05, 2.73044747701e-06, 3.7201633063e-07, 6.89431729484e-08, 1.97479053554e-07, 3.1554875477e-06, 1.47443195431e-08, 8.95341401019e-08, 1.74146705945e-08, 1.12134443953e-08, 8.99340069083e-09, 1.10124498409e-09, 3.98771460297e-09, 1.25379551186e-09, 7.96985755169e-10, 2.39810088454e-10, 2.16204082415e-10, 3.13621802139e-11, 4.56258475445e-10, 9.75332384301e-11, 6.76321281964e-12], "max": [0.00723214168102, 0.0751827210188, 0.0869620144367, 0.077483035624, 0.0924520641565, 0.0683876574039, 0.14657714963, 0.0543732754886, 0.0149126918986, 0.00806900113821, 0.0116902440786, 0.0573367960751, 0.00174072023947, 0.00774693861604, 0.00306017068215, 0.00192389171571, 0.00316719291732, 0.000500099151395, 0.00197232491337, 0.000801152840722, 0.000547546776943, 0.000346383283613, 0.000409235741245, 8.14895174699e-05, 0.000426994287409, 0.00023566748132, 4.10299508076e-05], "mean": [5.50607765035e-05, 0.00373174156994, 0.00473089003935, 0.00334611115977, 0.00490537518635, 0.00331742991693, 0.00272418023087, 0.00112991617061, 0.000534706923645, 0.000208976853173, 0.000159784409334, 0.000423534860602, 6.80060911691e-05, 8.24323869892e-05, 5.31059886271e-05, 4.57782916783e-05, 3.10138384521e-05, 1.36948619911e-05, 2.0761104679e-05, 9.8230148069e-06, 6.85402619638e-06, 3.22680580211e-06, 2.03989952752e-06, 1.74205911208e-06, 1.76081687187e-06, 9.65622234617e-07, 2.36146917132e-07], "median": [7.10039239493e-06, 0.000656506046653, 0.00157514866441, 0.000830015633255, 0.00215889979154, 0.000810940400697, 0.000798364577349, 0.000470410508569, 0.000251523131737, 2.90650041279e-05, 1.66657446243e-05, 5.08017546963e-05, 1.17609979498e-05, 1.037900347e-05, 7.00756299921e-06, 9.15482451092e-06, 4.87797115056e-06, 2.97360065815e-06, 3.78976574211e-06, 1.56793021233e-06, 9.78955995379e-07, 4.49000424396e-07, 3.14398590717e-07, 2.68074245469e-07, 1.62062463005e-07, 1.22855254858e-07, 8.49331911468e-08], "min": [2.92652821632e-24, 3.24885264067e-23, 2.15146318671e-23, 2.39734576661e-23, 3.40143601023e-23, 7.99010768281e-23, 3.1405272078e-23, 8.75492347655e-23, 1.58939177691e-22, 1.13186785045e-22, 1.52101394474e-22, 1.02646183401e-22, 1.23591355514e-22, 1.5514983069e-22, 1.53380825888e-22, 2.4261779385e-22, 2.32363460363e-22, 3.19619352468e-22, 2.08568386235e-22, 2.51022280069e-22, 3.62978808133e-22, 5.49994529939e-22, 8.48548166037e-22, 1.16419431012e-21, 1.0867321577e-21, 1.61664695905e-21, 2.43620078864e-21], "var": [3.49636550823e-08, 4.51810774393e-05, 6.29187488812e-05, 4.47537713626e-05, 6.06354406045e-05, 5.3364528867e-05, 5.22536829521e-05, 4.38008237325e-06, 1.14492036118e-06, 3.38498580277e-07, 6.38577205336e-07, 5.60528133065e-06, 2.73621871827e-08, 6.09688655118e-08, 2.16759623584e-08, 1.70832308299e-08, 1.16100373759e-08, 1.09820019745e-09, 4.27316892981e-09, 1.0961276331e-09, 4.17436252231e-10, 1.12783948847e-10, 6.5202759858e-11, 2.34963142692e-11, 1.16810061623e-10, 3.36261296585e-11, 1.54861106577e-12]}, "erbbands": {"dmean": [0.0198182091117, 0.341324836016, 1.61256825924, 2.91415476799, 7.56385707855, 4.41199350357, 5.20086622238, 6.2390961647, 5.22088050842, 12.1597099304, 5.72110176086, 2.21132922173, 2.8271086216, 2.89204287529, 3.72811388969, 4.99637746811, 1.28273046017, 1.92777371407, 1.23235964775, 0.766706347466, 1.30192792416, 0.597461462021, 0.427910536528, 0.409876346588, 0.453599363565, 0.214376270771, 0.185675650835, 0.121440820396, 0.0912021249533, 0.0441685132682, 0.0366065315902, 0.0269129965454, 0.0209278780967, 0.0173350125551, 0.014310319908, 0.00575772067532, 0.00119399302639, 0.000199844304007, 5.27780357515e-05, 6.92340063324e-06], "dmean2": [0.0320047102869, 0.488007515669, 2.29748749733, 4.52522802353, 10.8550491333, 6.79213237762, 7.40909290314, 8.90604496002, 7.49517917633, 16.0128669739, 6.76584911346, 2.75334835052, 3.42776727676, 3.75147747993, 4.88626432419, 6.81853866577, 1.85877978802, 2.87106537819, 1.84356892109, 1.14782524109, 1.98656976223, 0.90534222126, 0.670847952366, 0.63250887394, 0.679275095463, 0.314304798841, 0.283807754517, 0.191854044795, 0.142818912864, 0.0667168945074, 0.0572577193379, 0.0413005501032, 0.030689779669, 0.0277375020087, 0.0243483558297, 0.00930138491094, 0.00191280373838, 0.000336839759257, 9.59558674367e-05, 1.03036745713e-05], "dvar": [0.00244426261634, 0.518688797951, 11.8305711746, 55.8970413208, 450.707885742, 156.198471069, 212.57623291, 584.847167969, 378.903869629, 6844.39404297, 243.048141479, 46.3141021729, 94.9049835205, 176.557479858, 728.679626465, 1135.4967041, 16.2301807404, 97.532661438, 18.6687335968, 14.847694397, 23.11769104, 5.27069616318, 1.81799685955, 2.07754421234, 5.55908441544, 0.842182278633, 0.435857415199, 0.601428508759, 0.154571533203, 0.0322307348251, 0.0474796257913, 0.0206119436771, 0.00522451894358, 0.0188483092934, 0.0116938790306, 0.00162243354134, 5.70786469325e-05, 1.42305566442e-06, 1.68350084095e-07, 2.38353503601e-10], "dvar2": [0.00652181264013, 1.10249364376, 23.5352649689, 154.545806885, 817.163085938, 404.411804199, 460.101806641, 1117.96984863, 964.884155273, 14343.2060547, 396.266082764, 89.9893493652, 158.703781128, 316.004455566, 1201.12463379, 2201.95947266, 36.3211746216, 264.480072021, 40.8582992554, 37.9924583435, 51.5647354126, 12.0547780991, 4.3399348259, 4.69811916351, 12.6828651428, 1.95162093639, 1.00403738022, 1.69578742981, 0.392988979816, 0.082843773067, 0.129096135497, 0.0568220987916, 0.0121305258945, 0.0530741028488, 0.0329037159681, 0.00425328500569, 0.000148259321577, 4.01674788009e-06, 5.03071248659e-07, 5.97363325472e-10], "max": [1.03094041348, 23.2556228638, 118.661911011, 168.61895752, 568.629455566, 278.504821777, 333.312255859, 511.562194824, 664.685119629, 3357.55664062, 474.178985596, 169.287918091, 333.76751709, 479.216583252, 1161.8815918, 1290.63513184, 88.2447509766, 430.015258789, 124.500335693, 192.149154663, 130.085586548, 79.7504882812, 33.3969841003, 34.7328834534, 128.379089355, 32.0050010681, 16.7703495026, 32.4814414978, 14.119550705, 5.65173006058, 8.68917274475, 6.25268173218, 1.97871100903, 5.15568113327, 3.05702853203, 1.7054425478, 0.21998283267, 0.0375751145184, 0.010387673974, 0.000307895155856], "mean": [0.0553075447679, 1.04767513275, 5.14564466476, 8.74349212646, 15.5307922363, 13.9410743713, 20.134677887, 29.9271850586, 23.3908443451, 53.4762992859, 24.0294761658, 10.4614744186, 10.6709594727, 10.9598703384, 9.6725769043, 12.8159809113, 3.45161867142, 4.78303146362, 3.02883172035, 2.00143837929, 3.00936627388, 1.47614204884, 0.952236711979, 0.929406344891, 0.955284178257, 0.417373389006, 0.326789051294, 0.196171239018, 0.130795314908, 0.0723583698273, 0.0535287596285, 0.038865532726, 0.0297463629395, 0.0203071720898, 0.0132614104077, 0.00587253412232, 0.00132400810253, 0.000236971507547, 5.86407259107e-05, 3.01859599858e-05], "median": [0.00935573037714, 0.221710324287, 1.78986203671, 3.08089494705, 4.86867332458, 5.95446777344, 7.21533584595, 5.16410827637, 7.14280748367, 13.2961063385, 10.5152196884, 4.32582187653, 5.19814920425, 1.28385102749, 1.34518790245, 1.83916831017, 0.690364360809, 0.631300568581, 0.454329192638, 0.401234596968, 0.549942314625, 0.294183194637, 0.221803411841, 0.18155580759, 0.187963858247, 0.0762611627579, 0.0488875173032, 0.0277852267027, 0.0163774117827, 0.0121133737266, 0.00885231420398, 0.00618116930127, 0.00399789819494, 0.00203932542354, 0.00105298694689, 0.000554895959795, 0.000223675771849, 7.41167023079e-05, 2.31729191e-05, 1.87044024642e-05], "min": [7.07808716249e-22, 8.45643219202e-21, 1.95301704709e-20, 5.64095947978e-20, 1.02689238546e-19, 9.79529897668e-20, 2.63256614745e-19, 8.00546534202e-19, 6.05159235687e-19, 5.45125568755e-19, 2.79197486333e-18, 3.71477135084e-18, 3.36814731221e-18, 4.43582345004e-18, 6.52665355639e-18, 4.10802583535e-18, 4.58034844666e-18, 7.22653520857e-18, 1.0176582219e-17, 6.807658391e-18, 1.51353885434e-17, 1.26721356691e-17, 1.52284943388e-17, 1.74603186213e-17, 8.69137529327e-18, 1.222371196e-17, 1.56694593602e-17, 1.44821573962e-17, 1.70618706833e-17, 2.07948292543e-17, 2.54560399825e-17, 2.38116876428e-17, 1.94642331384e-17, 1.23471992721e-17, 7.41611756035e-18, 4.67699416148e-18, 3.04837231549e-18, 1.50507477008e-18, 3.19386428626e-19, 3.64480819491e-20], "var": [0.0112557401881, 3.59672737122, 81.3989257812, 235.025939941, 1194.45788574, 568.312988281, 1444.55053711, 4802.62939453, 2183.92651367, 27220.9296875, 1701.5847168, 312.059967041, 571.58404541, 1304.05603027, 2430.3046875, 3196.5559082, 57.2322158813, 222.58921814, 62.3139953613, 27.453962326, 79.3422088623, 16.5727844238, 4.96658277512, 5.58863830566, 11.4347982407, 1.56853044033, 0.899065554142, 0.517517387867, 0.191078543663, 0.0461089834571, 0.0431171692908, 0.0184534657747, 0.00885751098394, 0.0144505370408, 0.00822260882705, 0.00140780746005, 5.30348406755e-05, 1.19792127862e-06, 1.01815281539e-07, 1.03644914873e-09]}, "gfcc": {"mean": [-135.423355103, 163.639984131, -81.5680084229, 5.44022035599, -50.9644699097, -8.70755290985, -31.344379425, 1.16927862167, -16.5924663544, -3.89508032799, -10.4411277771, -8.3604850769, -11.6838855743], "cov": [[17960.8105469, 2989.94799805, -1359.89440918, 330.329376221, -5.76456737518, -58.5652046204, -139.305923462, -189.035293579, -390.207275391, -352.04788208, -234.577957153, -353.944519043, -70.1492233276], [2989.94799805, 1414.10180664, 51.1015129089, -185.950012207, 136.314102173, -137.357849121, 62.3790130615, -93.4747085571, -13.7638759613, -171.237594604, -36.8075065613, -167.484054565, -62.3344841003], [-1359.89440918, 51.1015129089, 689.352294922, -11.8371248245, 75.6772155762, 42.8305587769, 22.6399478912, 23.0518856049, 40.5255584717, 14.4055786133, 26.0483551025, 23.7209796906, -13.5543861389], [330.329376221, -185.950012207, -11.8371248245, 362.624176025, 108.854354858, 70.291229248, -5.82387638092, -22.9388389587, -72.5653533936, -49.5380897522, -39.7068557739, -17.5331687927, 25.0266914368], [-5.76456737518, 136.314102173, 75.6772155762, 108.854354858, 295.336639404, 88.2727737427, 70.4823532104, -36.3838043213, -45.6768836975, -63.7849197388, -23.2243022919, -47.8247146606, -18.0698451996], [-58.5652046204, -137.357849121, 42.8305587769, 70.291229248, 88.2727737427, 179.227294922, 62.5587539673, 27.4900245667, -14.9319219589, 26.3186283112, 1.29229354858, 0.769072711468, -5.86276292801], [-139.305923462, 62.3790130615, 22.6399478912, -5.82387638092, 70.4823532104, 62.5587539673, 131.653198242, 49.6457595825, 23.835226059, 3.37716650963, 9.74708461761, -19.1512775421, -15.4080972672], [-189.035293579, -93.4747085571, 23.0518856049, -22.9388389587, -36.3838043213, 27.4900245667, 49.6457595825, 131.894592285, 66.9157180786, 42.3102722168, 15.0828952789, 18.5417366028, -4.6653418541], [-390.207275391, -13.7638759613, 40.5255584717, -72.5653533936, -45.6768836975, -14.9319219589, 23.835226059, 66.9157180786, 145.01385498, 85.4067077637, 38.9858093262, 26.0605983734, 7.05858707428], [-352.04788208, -171.237594604, 14.4055786133, -49.5380897522, -63.7849197388, 26.3186283112, 3.37716650963, 42.3102722168, 85.4067077637, 153.253219604, 71.4139480591, 61.1887016296, 22.4227027893], [-234.577957153, -36.8075065613, 26.0483551025, -39.7068557739, -23.2243022919, 1.29229354858, 9.74708461761, 15.0828952789, 38.9858093262, 71.4139480591, 103.352386475, 66.3895492554, 19.9662208557], [-353.944519043, -167.484054565, 23.7209796906, -17.5331687927, -47.8247146606, 0.769072711468, -19.1512775421, 18.5417366028, 26.0605983734, 61.1887016296, 66.3895492554, 130.331085205, 55.2772750854], [-70.1492233276, -62.3344841003, -13.5543861389, 25.0266914368, -18.0698451996, -5.86276292801, -15.4080972672, -4.6653418541, 7.05858707428, 22.4227027893, 19.9662208557, 55.2772750854, 85.2679595947]], "icov": [[0.000296207494102, -0.00110987341031, 0.000619312224444, -0.000782538321801, 0.000498964975122, -0.000817481428385, 0.00087434402667, -0.000745574303437, 0.000864213274326, -0.00089869403746, 0.00059495359892, -0.000622346473392, 0.000356111384463], [-0.00110987341031, 0.00550378905609, -0.00242746970616, 0.00372856296599, -0.00237082270905, 0.00387003342621, -0.00391305331141, 0.00353447347879, -0.00385590037331, 0.00488743931055, -0.00339734181762, 0.00405134726316, -0.00191677606199], [0.000619312224444, -0.00242746970616, 0.00289973290637, -0.00159174087457, 0.000545549439266, -0.0021302383393, 0.00222694640979, -0.00173672533128, 0.00116538791917, -0.00160856172442, 0.00107668631244, -0.00196487247013, 0.00128778221551], [-0.000782538321801, 0.00372856296599, -0.00159174087457, 0.00638181669638, -0.00283552077599, 0.00138254091144, -0.00139908783603, 0.00158043182455, -0.00140109413769, 0.00351893319748, -0.00166903424542, 0.00316540035419, -0.003186986316], [0.000498964975122, -0.00237082270905, 0.000545549439266, -0.00283552077599, 0.00720204599202, -0.00397824961692, -0.0012110399548, 0.00131168053485, 0.000706582562998, 0.000490978476591, 0.000416075839894, -0.00087060360238, 0.000981292687356], [-0.000817481428385, 0.00387003342621, -0.0021302383393, 0.00138254091144, -0.00397824961692, 0.0127294315025, -0.0064153233543, 0.000672489928547, 0.00119185796939, -0.0020790270064, 7.8677192505e-05, 0.00156201038044, -0.000261069799308], [0.00087434402667, -0.00391305331141, 0.00222694640979, -0.00139908783603, -0.0012110399548, -0.0064153233543, 0.0165256392211, -0.00755708990619, 0.00126325408928, -0.00108665658627, -0.00133339117747, 0.000504105002619, 0.000664956343826], [-0.000745574303437, 0.00353447347879, -0.00173672533128, 0.00158043182455, 0.00131168053485, 0.000672489928547, -0.00755708990619, 0.0156246051192, -0.00801454856992, 0.00373650505207, -0.000266434712103, -0.000220520261792, 0.000930260925088], [0.000864213274326, -0.00385590037331, 0.00116538791917, -0.00140109413769, 0.000706582562998, 0.00119185796939, 0.00126325408928, -0.00801454856992, 0.017837440595, -0.0114376386628, 0.00281464122236, -0.00110232271254, 9.6749572549e-05], [-0.00089869403746, 0.00488743931055, -0.00160856172442, 0.00351893319748, 0.000490978476591, -0.0020790270064, -0.00108665658627, 0.00373650505207, -0.0114376386628, 0.0213072411716, -0.0106088481843, 0.00286060897633, -0.0025123807136], [0.00059495359892, -0.00339734181762, 0.00107668631244, -0.00166903424542, 0.000416075839894, 7.8677192505e-05, -0.00133339117747, -0.000266434712103, 0.00281464122236, -0.0106088481843, 0.0221354085952, -0.0114282751456, 0.00328722549602], [-0.000622346473392, 0.00405134726316, -0.00196487247013, 0.00316540035419, -0.00087060360238, 0.00156201038044, 0.000504105002619, -0.000220520261792, -0.00110232271254, 0.00286060897633, -0.0114282751456, 0.0207987241447, -0.0102580757812], [0.000356111384463, -0.00191677606199, 0.00128778221551, -0.003186986316, 0.000981292687356, -0.000261069799308, 0.000664956343826, 0.000930260925088, 9.6749572549e-05, -0.0025123807136, 0.00328722549602, -0.0102580757812, 0.0186536405236]]}, "melbands": {"dmean": [0.000248990749242, 0.000701471755747, 0.000667174637783, 0.000425304810051, 0.000174809261807, 0.00013479415793, 9.66128791333e-05, 0.000116505507322, 3.83371552743e-05, 1.65129931702e-05, 1.44503010233e-05, 1.1685861864e-05, 9.46184718487e-06, 2.26343727263e-05, 4.37320113633e-06, 3.21237394019e-06, 3.54106214218e-06, 1.96383643924e-06, 1.61260436471e-06, 1.04791911326e-06, 1.59820410772e-06, 5.97768178068e-07, 6.14095711171e-07, 3.87828833937e-07, 3.43932612168e-07, 4.05437731388e-07, 2.74524950328e-07, 1.20630190281e-07, 1.33629058041e-07, 9.86679609127e-08, 6.90516017698e-08, 5.91459219379e-08, 3.51118139008e-08, 2.29043966016e-08, 2.04164187778e-08, 2.39188473472e-08, 1.46878091911e-08, 1.60936153293e-08, 1.20564855877e-08, 1.64499329713e-08], "dmean2": [0.000374660216039, 0.000993172288872, 0.00100642780308, 0.000629131100141, 0.000251319725066, 0.000193683619727, 0.000135498703457, 0.000153530039825, 4.46676604042e-05, 2.03650015465e-05, 1.75500499608e-05, 1.5142738448e-05, 1.27453176901e-05, 2.97959322779e-05, 6.54116593068e-06, 4.61783156425e-06, 5.33812226422e-06, 2.97769565805e-06, 2.34394178733e-06, 1.56231840265e-06, 2.45612591243e-06, 9.03368743366e-07, 9.64956370808e-07, 6.22866934918e-07, 5.3488508911e-07, 6.16039528722e-07, 4.14767981738e-07, 1.80166665587e-07, 2.05503425832e-07, 1.57267621148e-07, 1.11708871486e-07, 9.25736216573e-08, 5.54924852736e-08, 3.45473445407e-08, 3.16158725866e-08, 3.95466202008e-08, 2.21986518056e-08, 2.3735097443e-08, 1.79670820444e-08, 2.72103868326e-08], "dvar": [2.95614484003e-07, 2.10985717786e-06, 2.78879065263e-06, 1.12374470973e-06, 2.20345185653e-07, 2.64676287998e-07, 1.77730697715e-07, 5.74892908389e-07, 1.10626681149e-08, 3.05976977089e-09, 2.47715958857e-09, 2.61287591563e-09, 2.66469868393e-09, 3.43725758967e-08, 4.54505988401e-10, 9.99034396876e-11, 3.97898547444e-10, 5.10204517523e-11, 5.6986537017e-11, 1.75849248357e-11, 3.82592638126e-11, 6.68086853201e-12, 6.51274520425e-12, 1.65458282925e-12, 1.59082762154e-12, 4.11265205918e-12, 1.8474718283e-12, 2.59084149534e-13, 2.6821508339e-13, 1.45264171785e-13, 2.96491618149e-13, 5.22487360723e-14, 5.96942810395e-14, 6.69172333715e-15, 8.54713503207e-15, 7.61689363383e-14, 2.22940342267e-15, 3.28702485424e-15, 2.56000165253e-15, 2.85660099633e-14], "dvar2": [7.42091287975e-07, 4.06836625189e-06, 6.28567340755e-06, 2.26044153351e-06, 4.79553250443e-07, 5.06625269736e-07, 4.55109727682e-07, 1.18763773571e-06, 1.67082951918e-08, 5.73116798464e-09, 4.19002299523e-09, 4.61320270873e-09, 4.45938441729e-09, 5.88045523386e-08, 1.18978382702e-09, 2.08529360446e-10, 1.1119651866e-09, 1.14750445257e-10, 1.21983673163e-10, 3.99008048824e-11, 8.56892681811e-11, 1.57966764669e-11, 1.52502160206e-11, 4.11626722291e-12, 3.58352236773e-12, 9.35410082725e-12, 4.0757783433e-12, 6.01457089428e-13, 5.93225934955e-13, 3.67228112069e-13, 8.51588818993e-13, 1.23015746895e-13, 1.68135633454e-13, 1.58285250141e-14, 2.09605824451e-14, 2.21999840928e-13, 5.10967585585e-15, 7.47533342193e-15, 5.82966741354e-15, 8.23378840695e-14], "max": [0.0125513914973, 0.0520813092589, 0.0356396026909, 0.0241020936519, 0.0117827123031, 0.0119184730574, 0.0160279348493, 0.029905391857, 0.00354098342359, 0.00165736943018, 0.00168571423274, 0.00175629369915, 0.00190578959882, 0.00801506917924, 0.000739793875255, 0.000287608767394, 0.000904126150999, 0.000217027685721, 0.000312779506203, 0.000183021722478, 0.000213912309846, 0.000131460110424, 7.1947077231e-05, 3.45976732206e-05, 3.38520549121e-05, 0.000110964720079, 4.74212720292e-05, 1.63272998179e-05, 1.71146293724e-05, 9.73608166532e-06, 2.36840787693e-05, 5.34511718797e-06, 1.10285000119e-05, 2.09902668757e-06, 3.57604812962e-06, 1.42983999467e-05, 9.51843901476e-07, 1.86436500371e-06, 1.64288542237e-06, 6.97998120813e-06], "mean": [0.000745780649595, 0.00229839491658, 0.00177351175807, 0.00104970950633, 0.000690973480232, 0.000636540353298, 0.000434221234173, 0.000510894577019, 0.000157805407071, 6.82722602505e-05, 5.25550422026e-05, 4.29753308708e-05, 2.55772611126e-05, 5.48707721464e-05, 1.04734708657e-05, 8.61287298903e-06, 8.30987937661e-06, 4.47597903985e-06, 3.77657397621e-06, 2.38596976487e-06, 3.60035437552e-06, 1.3779707615e-06, 1.28612782646e-06, 7.49628725316e-07, 7.37595371447e-07, 8.69029520345e-07, 5.01949386944e-07, 2.19025537262e-07, 2.15677744109e-07, 1.68594368688e-07, 9.4274184903e-08, 8.23811205919e-08, 4.79400696918e-08, 3.74249289337e-08, 3.09696339684e-08, 2.87403274513e-08, 2.17151114867e-08, 2.19545270852e-08, 1.67861688993e-08, 1.72992642433e-08], "median": [0.000129964479129, 0.00085961620789, 0.000643425562885, 0.000411571061704, 0.000268913456239, 0.000116921495646, 0.00013735088578, 0.000161596137332, 6.22542283963e-05, 3.12542470056e-05, 2.56527455349e-05, 4.38948063675e-06, 3.61400634574e-06, 5.97065627517e-06, 2.02128012461e-06, 1.3280133544e-06, 1.01960858956e-06, 6.59307943351e-07, 4.78603737974e-07, 5.44139652447e-07, 5.49104356651e-07, 2.45237913532e-07, 2.4733697046e-07, 1.40731785336e-07, 1.37856261517e-07, 1.43873336356e-07, 9.51086605028e-08, 3.35070566848e-08, 2.79691771965e-08, 2.35868213849e-08, 1.14233431603e-08, 8.77376749031e-09, 6.83675871471e-09, 6.08229200338e-09, 4.93472285257e-09, 4.16048973051e-09, 3.22108117956e-09, 2.64703858832e-09, 2.32196617489e-09, 1.43974143718e-09], "min": [8.88408840573e-24, 1.10617389346e-23, 1.20632672735e-23, 6.56978823542e-24, 8.61190141671e-24, 1.67866492519e-23, 9.03904040903e-24, 8.21802474446e-24, 2.40667609785e-23, 2.25968070341e-23, 1.63688669388e-23, 1.69355467478e-23, 2.42063578043e-23, 1.14434797707e-23, 1.039072596e-23, 1.05536604468e-23, 1.35972009928e-23, 1.64670185903e-23, 1.09588217743e-23, 1.21132400342e-23, 1.86853932746e-23, 1.23314145058e-23, 1.44283006664e-23, 1.45997611618e-23, 1.46638087787e-23, 5.32809316604e-24, 7.77076033272e-24, 7.98434363395e-24, 9.47349608625e-24, 7.63238229703e-24, 9.37860006366e-24, 8.77856169357e-24, 1.17935052429e-23, 1.11186118616e-23, 1.354603863e-23, 1.6815635157e-23, 1.39901578533e-23, 1.32090096411e-23, 1.35603391005e-23, 9.42173497796e-24], "var": [1.67816790508e-06, 1.52639313455e-05, 9.02275860426e-06, 3.35502750204e-06, 1.54373742589e-06, 2.17308502215e-06, 8.00750285634e-07, 2.22648668569e-06, 8.65522977733e-08, 1.67141536167e-08, 1.45295357967e-08, 1.97612983754e-08, 1.01615320602e-08, 1.06003589906e-07, 8.94716190025e-10, 4.98777796842e-10, 7.51822659684e-10, 1.71675118565e-10, 1.3514636632e-10, 3.81386866533e-11, 1.32739180758e-10, 1.98283941349e-11, 1.64550872928e-11, 4.18659551471e-12, 4.07001689295e-12, 9.43565104522e-12, 3.19021415188e-12, 4.97060780123e-13, 5.36022560973e-13, 2.53944977026e-13, 2.07650059257e-13, 7.72792542307e-14, 4.97220232381e-14, 1.21317251018e-14, 1.17172845862e-14, 4.43704894061e-14, 3.98501219002e-15, 5.68220448314e-15, 3.81315936942e-15, 1.88185462357e-14]}, "mfcc": {"mean": [-787.847839355, 202.299057007, 20.6896343231, 22.4694805145, 1.6363543272, -6.07566308975, -4.09819984436, -2.28546690941, -4.12479639053, 1.11746442318, -0.807408869267, 1.61468470097, 1.06778347492], "cov": [[9415.91210938, 1456.37438965, -925.638793945, 480.994873047, 35.2827301025, 235.747634888, 187.116378784, 88.4238433838, -5.24328565598, -43.2016181946, -152.551712036, -178.178131104, -233.430404663], [1456.37438965, 1791.10717773, 95.4038467407, 40.3375091553, 61.2172279358, -21.9591655731, 52.7282524109, 38.9505577087, -23.399356842, 7.11223554611, 13.3516254425, -37.579750061, -62.4561195374], [-925.638793945, 95.4038467407, 509.005432129, 2.83319830894, 41.8339576721, -17.3219871521, -17.1163253784, 3.51195859909, 8.42321777344, 5.67370653152, 21.3764839172, 43.7715377808, 39.8820228577], [480.994873047, 40.3375091553, 2.83319830894, 240.582977295, 88.4382705688, 51.4718017578, 40.2417221069, 32.4294929504, -1.44262778759, -14.7826623917, -29.9847049713, -47.0667991638, -47.4879989624], [35.2827301025, 61.2172279358, 41.8339576721, 88.4382705688, 167.365325928, 89.3953399658, 54.9099197388, 27.1676235199, 0.33716237545, -8.91277122498, -2.0576748848, -16.166223526, -27.3353004456], [235.747634888, -21.9591655731, -17.3219871521, 51.4718017578, 89.3953399658, 173.0756073, 86.3255615234, 13.3891181946, 5.34410476685, -3.02016806602, 11.7795200348, -3.67936778069, -30.420124054], [187.116378784, 52.7282524109, -17.1163253784, 40.2417221069, 54.9099197388, 86.3255615234, 162.162414551, 67.2526855469, 11.8149147034, 17.0894050598, 3.98418021202, -1.5580855608, -31.3937721252], [88.4238433838, 38.9505577087, 3.51195859909, 32.4294929504, 27.1676235199, 13.3891181946, 67.2526855469, 114.008651733, 37.8984146118, 13.2082538605, 5.95209646225, -5.13888549805, -9.31111240387], [-5.24328565598, -23.399356842, 8.42321777344, -1.44262778759, 0.33716237545, 5.34410476685, 11.8149147034, 37.8984146118, 103.85080719, 47.1055412292, 15.378900528, 15.7919235229, 1.87782227993], [-43.2016181946, 7.11223554611, 5.67370653152, -14.7826623917, -8.91277122498, -3.02016806602, 17.0894050598, 13.2082538605, 47.1055412292, 111.142539978, 34.0060119629, 12.0962381363, 0.268122136593], [-152.551712036, 13.3516254425, 21.3764839172, -29.9847049713, -2.0576748848, 11.7795200348, 3.98418021202, 5.95209646225, 15.378900528, 34.0060119629, 100.405830383, 40.8203010559, 10.1330890656], [-178.178131104, -37.579750061, 43.7715377808, -47.0667991638, -16.166223526, -3.67936778069, -1.5580855608, -5.13888549805, 15.7919235229, 12.0962381363, 40.8203010559, 118.17199707, 62.0025024414], [-233.430404663, -62.4561195374, 39.8820228577, -47.4879989624, -27.3353004456, -30.420124054, -31.3937721252, -9.31111240387, 1.87782227993, 0.268122136593, 10.1330890656, 62.0025024414, 137.098236084]], "icov": [[0.000203278032131, -0.000195698186872, 0.000371096539311, -0.000413054483943, 0.000325690314639, -0.000356157950591, 8.41963628773e-05, -6.65845072945e-05, -5.07963923155e-05, -8.89805050974e-06, 0.000238511929638, -0.000124954880448, 4.61980744149e-05], [-0.000195698186872, 0.000789697223809, -0.000468226149678, 0.000412007269915, -0.000575017009396, 0.000720754382201, -0.000337043777108, -9.36530852869e-07, 0.000248715427006, -2.9804677979e-05, -0.000409047555877, 0.00024437889806, 0.000189862883417], [0.000371096539311, -0.000468226149678, 0.00287230173126, -0.000793979677837, -0.00039433198981, -0.000125021921122, 0.000429288833402, -0.000146196223795, -0.00018363208801, -5.22926347912e-05, 0.00022373739921, -0.000912016897928, -0.000311482319376], [-0.000413054483943, 0.000412007269915, -0.000793979677837, 0.00663632899523, -0.003144901013, 0.000374867406208, -9.58876171353e-06, -0.000969587010331, 0.000179420487257, 0.000168739745277, 0.000731510983314, 0.00129127246328, 0.000761318136938], [0.000325690314639, -0.000575017009396, -0.00039433198981, -0.003144901013, 0.0109061710536, -0.00523550901562, 0.000186709934496, -0.00140018539969, 0.000354877003701, 0.000352924369508, 0.000367941393051, 0.000173942869878, 0.000167055113707], [-0.000356157950591, 0.000720754382201, -0.000125021921122, 0.000374867406208, -0.00523550901562, 0.0119795622304, -0.00603604828939, 0.00384567002766, -0.00158980465494, 0.00164770882111, -0.00248031015508, 0.00029733098927, 0.000448769278591], [8.41963628773e-05, -0.000337043777108, 0.000429288833402, -9.58876171353e-06, 0.000186709934496, -0.00603604828939, 0.0128667270765, -0.0075301444158, 0.00273050111718, -0.00271697458811, 0.00192385539412, -0.00215667276643, 0.00179550377652], [-6.65845072945e-05, -9.36530852869e-07, -0.000146196223795, -0.000969587010331, -0.00140018539969, 0.00384567002766, -0.0075301444158, 0.0152087891474, -0.0057982779108, 0.00202881754376, -0.00189149042126, 0.00188841216732, -0.00116316287313], [-5.07963923155e-05, 0.000248715427006, -0.00018363208801, 0.000179420487257, 0.000354877003701, -0.00158980465494, 0.00273050111718, -0.0057982779108, 0.0144496848807, -0.00594793213531, 0.0010149513837, -0.00217505428009, 0.000814206665382], [-8.89805050974e-06, -2.9804677979e-05, -5.22926347912e-05, 0.000168739745277, 0.000352924369508, 0.00164770882111, -0.00271697458811, 0.00202881754376, -0.00594793213531, 0.0129087306559, -0.00407426711172, 0.0011942415731, -0.000186199729796], [0.000238511929638, -0.000409047555877, 0.00022373739921, 0.000731510983314, 0.000367941393051, -0.00248031015508, 0.00192385539412, -0.00189149042126, 0.0010149513837, -0.00407426711172, 0.0139716854319, -0.00494712265208, 0.00144187931437], [-0.000124954880448, 0.00024437889806, -0.000912016897928, 0.00129127246328, 0.000173942869878, 0.00029733098927, -0.00215667276643, 0.00188841216732, -0.00217505428009, 0.0011942415731, -0.00494712265208, 0.0141334952787, -0.005652543623], [4.61980744149e-05, 0.000189862883417, -0.000311482319376, 0.000761318136938, 0.000167055113707, 0.000448769278591, 0.00179550377652, -0.00116316287313, 0.000814206665382, -0.000186199729796, 0.00144187931437, -0.005652543623, 0.0107175391167]]}, "spectral_contrast_coeffs": {"dmean": [0.0399280153215, 0.0294058956206, 0.0288825072348, 0.0268066972494, 0.0217715855688, 0.0150245260447], "dmean2": [0.0641115531325, 0.0460163652897, 0.0438833869994, 0.0406641922891, 0.0320990942419, 0.0221300181001], "dvar": [0.00127484439872, 0.000810760946479, 0.000733618391678, 0.000623127794825, 0.000453462504083, 0.000228502001846], "dvar2": [0.00334247155115, 0.00192209274974, 0.00157183944248, 0.00129505386576, 0.00088021485135, 0.000479946291307], "max": [-0.287173956633, -0.318209588528, -0.438866764307, -0.494755715132, -0.520404577255, -0.628722131252], "mean": [-0.606448709965, -0.620726644993, -0.704432964325, -0.756315231323, -0.772656142712, -0.805302619934], "median": [-0.60561132431, -0.626786589622, -0.702953755856, -0.762674629688, -0.777846217155, -0.810073852539], "min": [-0.962931454182, -0.96962428093, -0.962568581104, -0.961578130722, -0.958459913731, -0.956978142262], "var": [0.00968224182725, 0.00902943033725, 0.00701342057437, 0.00565187912434, 0.00480034062639, 0.00216768844984]}, "spectral_contrast_valleys": {"dmean": [0.364458531141, 0.267988324165, 0.296392381191, 0.309601843357, 0.298383235931, 0.242139548063], "dmean2": [0.58227545023, 0.426593929529, 0.460554480553, 0.458022743464, 0.403957098722, 0.340451866388], "dvar": [0.117766745389, 0.0790285617113, 0.0920