{"lowlevel": {"average_loudness": 0.961617469788, "barkbands_crest": {"dmean": 2.1488237381, "dmean2": 3.34279084206, "dvar": 3.82936358452, "dvar2": 8.73494052887, "max": 21.6971931458, "mean": 9.33052444458, "median": 8.55959701538, "min": 3.63367366791, "var": 11.8489208221}, "barkbands_flatness_db": {"dmean": 0.0278667621315, "dmean2": 0.039858687669, "dvar": 0.000836618011817, "dvar2": 0.00189010857139, "max": 0.475113600492, "mean": 0.223051592708, "median": 0.217938095331, "min": 0.0579051412642, "var": 0.0048549734056}, "barkbands_kurtosis": {"dmean": 1.59661054611, "dmean2": 2.34990882874, "dvar": 4.35488176346, "dvar2": 9.4248418808, "max": 36.4414482117, "mean": 2.38477945328, "median": 1.4173913002, "min": -1.83771252632, "var": 17.2044811249}, "barkbands_skewness": {"dmean": 0.422068476677, "dmean2": 0.594369530678, "dvar": 0.175456672907, "dvar2": 0.358040928841, "max": 4.99676847458, "mean": 1.08507406712, "median": 1.04432070255, "min": -1.5831925869, "var": 0.794865608215}, "barkbands_spread": {"dmean": 4.32341241837, "dmean2": 6.36584568024, "dvar": 29.9174442291, "dvar2": 58.714931488, "max": 64.1088562012, "mean": 17.6257171631, "median": 13.650727272, "min": 1.67749142647, "var": 162.370315552}, "dissonance": {"dmean": 0.0358921214938, "dmean2": 0.0592301376164, "dvar": 0.00122234388255, "dvar2": 0.00339920911938, "max": 0.49901920557, "mean": 0.417868703604, "median": 0.430145889521, "min": 0.212072014809, "var": 0.00327652576379}, "dynamic_complexity": 3.8017680645, "erbbands_crest": {"dmean": 3.00801730156, "dmean2": 4.58336591721, "dvar": 8.54518127441, "dvar2": 17.8032093048, "max": 32.1668357849, "mean": 13.2375946045, "median": 11.7708749771, "min": 3.89912891388, "var": 33.2869644165}, "erbbands_flatness_db": {"dmean": 0.0249053426087, "dmean2": 0.0351922176778, "dvar": 0.000646764703561, "dvar2": 0.00137088610791, "max": 0.421638190746, "mean": 0.248881950974, "median": 0.249058738351, "min": 0.0381364747882, "var": 0.00336406496353}, "erbbands_kurtosis": {"dmean": 1.44977271557, "dmean2": 2.18113732338, "dvar": 5.21237754822, "dvar2": 10.4938573837, "max": 28.8828105927, "mean": 1.42311322689, "median": 0.284541845322, "min": -1.77276968956, "var": 14.3858833313}, "erbbands_skewness": {"dmean": 0.420315384865, "dmean2": 0.598199725151, "dvar": 0.154395267367, "dvar2": 0.335160464048, "max": 4.14046621323, "mean": 0.235426113009, "median": 0.387122273445, "min": -2.96492600441, "var": 0.979625344276}, "erbbands_spread": {"dmean": 5.54894924164, "dmean2": 8.05249977112, "dvar": 32.7789268494, "dvar2": 64.6247177124, "max": 78.1527557373, "mean": 27.2848796844, "median": 27.1422519684, "min": 2.43164253235, "var": 207.931060791}, "hfc": {"dmean": 4.80694437027, "dmean2": 5.9521241188, "dvar": 35.4898033142, "dvar2": 55.5667266846, "max": 83.5896835327, "mean": 13.8600177765, "median": 11.5992546082, "min": 1.25973508602e-06, "var": 144.910339355}, "melbands_crest": {"dmean": 2.66801309586, "dmean2": 4.19501066208, "dvar": 5.87342786789, "dvar2": 14.6505804062, "max": 28.8674125671, "mean": 12.5556163788, "median": 11.6344070435, "min": 4.99786901474, "var": 19.0481719971}, "melbands_flatness_db": {"dmean": 0.0323956161737, "dmean2": 0.0472215116024, "dvar": 0.00134703924414, "dvar2": 0.00307206530124, "max": 0.645896553993, "mean": 0.307715982199, "median": 0.299799561501, "min": 0.0320134870708, "var": 0.00723539758474}, "melbands_kurtosis": {"dmean": 3.14767622948, "dmean2": 4.64929437637, "dvar": 22.2702922821, "dvar2": 49.5624313354, "max": 80.7382049561, "mean": 6.42743730545, "median": 3.79304552078, "min": -1.60127592087, "var": 77.1292572021}, "melbands_skewness": {"dmean": 0.513411283493, "dmean2": 0.747532069683, "dvar": 0.291543751955, "dvar2": 0.644007146358, "max": 7.9272813797, "mean": 1.78380405903, "median": 1.61423134804, "min": -1.48353636265, "var": 1.48223149776}, "melbands_spread": {"dmean": 6.1989531517, "dmean2": 9.25983142853, "dvar": 86.9160079956, "dvar2": 193.602096558, "max": 102.993270874, "mean": 21.3101959229, "median": 15.1435136795, "min": 1.46451759338, "var": 280.131103516}, "pitch_salience": {"dmean": 0.0676856040955, "dmean2": 0.10680089891, "dvar": 0.00345654832199, "dvar2": 0.00845975615084, "max": 0.80876493454, "mean": 0.503873407841, "median": 0.504405260086, "min": 0.199584081769, "var": 0.0106193227693}, "silence_rate_20dB": {"dmean": 0, "dmean2": 0, "dvar": 0, "dvar2": 0, "max": 1, "mean": 1, "median": 1, "min": 1, "var": 0}, "silence_rate_30dB": {"dmean": 0.0107411388308, "dmean2": 0.0214938204736, "dvar": 0.0106253121048, "dvar2": 0.0242555867881, "max": 1, "mean": 0.988727867603, "median": 1, "min": 0, "var": 0.0111454520375}, "silence_rate_60dB": {"dmean": 0.054779805243, "dmean2": 0.109081141651, "dvar": 0.051777690649, "dvar2": 0.11330498755, "max": 1, "mean": 0.0880300626159, "median": 0, "min": 0, "var": 0.0802820250392}, "spectral_centroid": {"dmean": 209.462539673, "dmean2": 292.610748291, "dvar": 67520.2109375, "dvar2": 124517.742188, "max": 3560.04052734, "mean": 1224.56079102, "median": 976.841064453, "min": 204.897369385, "var": 539764.0625}, "spectral_complexity": {"dmean": 1.8227711916, "dmean2": 2.664696455, "dvar": 2.59587264061, "dvar2": 4.90421915054, "max": 24, "mean": 11.4605474472, "median": 12, "min": 0, "var": 15.8587522507}, "spectral_decrease": {"dmean": 2.23931007071e-09, "dmean2": 2.56049426106e-09, "dvar": 9.72765723851e-18, "dvar2": 1.45203069661e-17, "max": 5.63291096072e-18, "mean": -5.90429571901e-09, "median": -3.99252630956e-09, "min": -4.80856314766e-08, "var": 3.59193982753e-17}, "spectral_energy": {"dmean": 0.00881524104625, "dmean2": 0.0100285336375, "dvar": 0.00014723817003, "dvar2": 0.000216601431021, "max": 0.188973560929, "mean": 0.0235412921757, "median": 0.0163385439664, "min": 9.30017590717e-11, "var": 0.000553812307771}, "spectral_energyband_high": {"dmean": 0.000121396886243, "dmean2": 0.000213106206502, "dvar": 8.10553260067e-08, "dvar2": 2.23235275598e-07, "max": 0.00358159723692, "mean": 0.00012450547365, "median": 2.19969861064e-05, "min": 7.10133132853e-11, "var": 9.02540335801e-08}, "spectral_energyband_low": {"dmean": 0.00319194723852, "dmean2": 0.00477146776393, "dvar": 4.71122366434e-05, "dvar2": 0.000110878136184, "max": 0.0625888481736, "mean": 0.00633067591116, "median": 0.00227658217773, "min": 4.30872221582e-12, "var": 9.13171970751e-05}, "spectral_energyband_middle_high": {"dmean": 0.0018979520537, "dmean2": 0.00236345641315, "dvar": 9.16583576327e-06, "dvar2": 1.39539779411e-05, "max": 0.0412883721292, "mean": 0.00483726011589, "median": 0.00278195505962, "min": 6.5189303608e-12, "var": 3.42951971106e-05}, "spectral_energyband_middle_low": {"dmean": 0.00611176388338, "dmean2": 0.00674083642662, "dvar": 7.69052639953e-05, "dvar2": 0.000106481973489, "max": 0.154885858297, "mean": 0.014192737639, "median": 0.00733778858557, "min": 1.02222900283e-11, "var": 0.000307332433295}, "spectral_entropy": {"dmean": 0.2557554245, "dmean2": 0.403307318687, "dvar": 0.0920567885041, "dvar2": 0.219838738441, "max": 8.64110183716, "mean": 6.33508396149, "median": 6.30717849731, "min": 5.00634527206, "var": 0.225075542927}, "spectral_flux": {"dmean": 0.0227871295065, "dmean2": 0.0344642847776, "dvar": 0.000688236847054, "dvar2": 0.00150351214688, "max": 0.255677103996, "mean": 0.0617820285261, "median": 0.0530057549477, "min": 7.66493976698e-05, "var": 0.00159607594833}, "spectral_kurtosis": {"dmean": 8.89308929443, "dmean2": 14.7740545273, "dvar": 128.605453491, "dvar2": 328.220550537, "max": 269.378082275, "mean": 20.1597957611, "median": 12.4402589798, "min": 1.09950399399, "var": 540.596313477}, "spectral_rms": {"dmean": 0.000864633359015, "dmean2": 0.000932225550059, "dvar": 8.80847721874e-07, "dvar2": 1.05317212729e-06, "max": 0.0135780870914, "mean": 0.00426041195169, "median": 0.00399249838665, "min": 3.01219898802e-07, "var": 4.81602683067e-06}, "spectral_rolloff": {"dmean": 371.627166748, "dmean2": 637.711853027, "dvar": 631816, "dvar2": 1062165, "max": 19702.8808594, "mean": 1327.72070312, "median": 796.728515625, "min": 107.666015625, "var": 1419310.5}, "spectral_skewness": {"dmean": 0.646010756493, "dmean2": 1.06884300709, "dvar": 0.403364509344, "dvar2": 1.12132871151, "max": 12.3968400955, "mean": 2.84976434708, "median": 2.50319647789, "min": 0.541165590286, "var": 2.0883026123}, "spectral_spread": {"dmean": 546367.6875, "dmean2": 836547.5, "dvar": 404720680960, "dvar2": 897119813632, "max": 12742835, "mean": 2543062.25, "median": 2425960, "min": 345250.40625, "var": 1182980374530.0}, "spectral_strongpeak": {"dmean": 0.773322105408, "dmean2": 1.26157271862, "dvar": 1.33286690712, "dvar2": 3.11831903458, "max": 7.86982584, "mean": 1.36729705334, "median": 0.646431744099, "min": 0.000405584956752, "var": 2.59031391144}, "zerocrossingrate": {"dmean": 0.00842245854437, "dmean2": 0.0101337376982, "dvar": 0.000153223343659, "dvar2": 0.000174640124897, "max": 0.4990234375, "mean": 0.0477042645216, "median": 0.03955078125, "min": 0.00439453125, "var": 0.00081982841948}, "barkbands": {"dmean": [7.68002246332e-06, 0.00117981154472, 0.00207879580557, 0.00109792069998, 0.00125428987667, 0.00155666994397, 0.00107182026841, 0.00130643346347, 0.000759458576795, 0.00166799058206, 0.000322532607242, 0.000122886660392, 0.000104411177745, 5.80251653446e-05, 4.91441933264e-05, 6.01410174568e-05, 0.00017088392633, 0.000141578842886, 0.000159066941706, 4.40395488113e-05, 1.12923580673e-05, 2.09450226976e-05, 2.17379056267e-05, 8.14828126749e-06, 1.77737347258e-05, 8.1346852312e-06, 1.17731924547e-05], "dmean2": [1.2177233657e-05, 0.00171578500886, 0.00318485195749, 0.0016857390292, 0.00159117591102, 0.00196585897356, 0.00153301865794, 0.00180614017881, 0.00105061451904, 0.00192231219262, 0.000452155160019, 0.000183834927157, 0.000159403658472, 0.000100990378996, 7.8980519902e-05, 9.39663441386e-05, 0.000262665300397, 0.000236260166275, 0.000249683915172, 7.68343015807e-05, 1.89205948118e-05, 3.79440716642e-05, 3.78178083338e-05, 1.37054012157e-05, 3.14415083267e-05, 1.4916930013e-05, 2.21656591748e-05], "dvar": [1.44230599686e-10, 5.37671621714e-06, 2.6877696655e-05, 5.07930963067e-06, 3.51718949787e-06, 4.49317076345e-06, 4.06041317547e-06, 1.27743724079e-05, 2.10038388104e-06, 1.62391388585e-05, 7.3557231417e-07, 1.10181659352e-07, 5.00689658622e-08, 2.9311470584e-08, 2.42546231988e-08, 2.87485040218e-08, 1.7494969029e-07, 9.59534744993e-08, 1.71330086118e-07, 4.35419984512e-08, 1.66114699773e-09, 5.3484470186e-09, 6.76431133328e-09, 1.55143731195e-09, 4.23121582216e-09, 1.48609158312e-09, 3.40652750452e-09], "dvar2": [3.53611528947e-10, 1.06269380922e-05, 6.81744568283e-05, 1.27490011437e-05, 7.77016703069e-06, 8.22919264465e-06, 7.14260568202e-06, 1.79857415787e-05, 4.11974906456e-06, 2.10031212191e-05, 1.46675336055e-06, 2.59508709632e-07, 1.23241605365e-07, 8.34600086819e-08, 5.95175144724e-08, 6.32302743497e-08, 3.63500305411e-07, 2.5097367029e-07, 3.77880752467e-07, 1.19889975281e-07, 4.54453985554e-09, 1.50467567295e-08, 1.87644850769e-08, 4.21520507388e-09, 1.18337029065e-08, 4.27908597445e-09, 9.73361125034e-09], "max": [0.000140923424624, 0.0258656293154, 0.0495029911399, 0.0233994536102, 0.0249488316476, 0.025778170675, 0.030605552718, 0.0990586355329, 0.0246159024537, 0.0710886418819, 0.0145843522623, 0.00620497297496, 0.00259861373343, 0.00176354055293, 0.00235158903524, 0.00276883435436, 0.00581958563998, 0.00354350660928, 0.0052083581686, 0.00374159775674, 0.000428257073509, 0.000708215520717, 0.000761928618886, 0.000825965136755, 0.000584914290812, 0.000551768520381, 0.000524407718331], "mean": [1.72242544068e-05, 0.00249374168925, 0.00298776337877, 0.00158558774274, 0.00275172200054, 0.00265204883181, 0.00163677264936, 0.0021794163622, 0.00133236020338, 0.00340622849762, 0.000624426815193, 0.000182570773177, 0.000133107998408, 6.54976465739e-05, 7.21551041352e-05, 0.000112958317914, 0.000452352338471, 0.000301007879898, 0.000399382814066, 7.7505261288e-05, 1.2973398043e-05, 1.54327190103e-05, 1.71192205016e-05, 6.37087941868e-06, 1.35747068271e-05, 5.0543112593e-06, 6.99092788636e-06], "median": [6.05879358773e-06, 0.00093823223142, 0.000696053961292, 0.000713180110324, 0.00132104905788, 0.000943035120144, 0.000528437551111, 0.000496292719617, 0.000330474285875, 0.000337109580869, 0.000120739787235, 4.64346194349e-05, 3.98391894123e-05, 1.42747403515e-05, 1.5252517187e-05, 3.15999895975e-05, 8.35964165162e-05, 3.67990905943e-05, 3.11211915687e-05, 3.09504025608e-06, 2.6710019938e-06, 2.23684946832e-06, 1.20842150864e-06, 6.67468725624e-07, 8.40206666908e-07, 1.28601683969e-07, 8.13968448199e-09], "min": [6.81331293467e-13, 2.39316596054e-12, 8.35878892144e-13, 7.86425720552e-13, 3.12330716845e-12, 9.17604100342e-13, 1.79491003224e-12, 9.79712513373e-13, 9.66960669521e-13, 2.91973454962e-12, 4.57330137302e-13, 2.36570691422e-13, 3.86286570222e-13, 1.87457213923e-13, 3.30561641428e-13, 3.79319134696e-13, 5.12892733926e-13, 3.17239778284e-13, 1.23638696937e-12, 1.13146113572e-12, 6.15509487996e-13, 7.11986188322e-13, 1.21944696094e-12, 1.34496808222e-12, 2.78358564497e-12, 7.67371409471e-12, 5.64222002453e-11], "var": [5.26594878814e-10, 1.46273150676e-05, 4.01188881369e-05, 6.84485439706e-06, 1.03461234175e-05, 1.30355565489e-05, 8.01468104328e-06, 4.88598925585e-05, 6.53204460832e-06, 6.0664544435e-05, 2.47146294896e-06, 2.05796922614e-07, 6.66756037049e-08, 2.50008866942e-08, 3.5257755826e-08, 5.16292004704e-08, 6.33076069789e-07, 2.41882133878e-07, 5.46698288417e-07, 1.03316729394e-07, 1.54611112801e-09, 3.33649219364e-09, 5.00996355512e-09, 1.03656194739e-09, 2.66685962202e-09, 8.33160873626e-10, 1.93594118514e-09]}, "erbbands": {"dmean": [0.0207962468266, 0.331656038761, 1.82710695267, 3.39976024628, 4.22898626328, 3.81313276291, 4.61344718933, 14.8047704697, 17.089509964, 26.5470027924, 21.4543247223, 19.509021759, 50.7774047852, 24.3920917511, 13.6744012833, 5.51808309555, 5.23601531982, 3.00445556641, 2.89963936806, 2.63720226288, 2.76319360733, 7.28450870514, 7.54176092148, 9.92666149139, 6.80609464645, 2.51335930824, 0.980827927589, 0.351321876049, 0.854780673981, 0.672299385071, 0.525925219059, 0.200192660093, 0.17552228272, 0.0978419333696, 0.153400853276, 0.0460146032274, 0.0233618747443, 0.00471071852371, 0.00161191110965, 0.000212237107917], "dmean2": [0.0301518775523, 0.482920587063, 2.76217937469, 5.14202165604, 6.01075649261, 4.79696702957, 6.29902648926, 19.4376621246, 22.4990558624, 39.9396362305, 26.1506080627, 26.0017910004, 55.6678733826, 32.7661018372, 19.0327301025, 7.70587825775, 7.91349411011, 5.06727027893, 4.75164890289, 4.12210130692, 4.20270252228, 11.4049196243, 12.0527305603, 15.8915987015, 11.039891243, 4.32936620712, 1.63569068909, 0.627426207066, 1.56277453899, 1.21052515507, 0.909605324268, 0.333093076944, 0.29793509841, 0.172058492899, 0.273103624582, 0.0831101685762, 0.0429616123438, 0.00868420023471, 0.00304054259323, 0.000394991831854], "dvar": [0.00161330087576, 0.415270268917, 18.2959327698, 64.1768188477, 74.9660568237, 33.1092376709, 49.7751960754, 429.324707031, 718.688354492, 4190.83789062, 5850.18164062, 1207.58752441, 20239.4609375, 4269.19189453, 1636.92053223, 237.562835693, 121.507720947, 68.4161682129, 91.1538314819, 65.8463592529, 51.6984062195, 320.188140869, 320.919494629, 536.309692383, 557.983947754, 135.376098633, 11.3669233322, 1.14010834694, 13.4239521027, 4.14630699158, 3.85135173798, 0.662285089493, 1.07704257965, 0.0930896550417, 0.35788166523, 0.0275666415691, 0.0144422072917, 0.000839579384774, 8.02285794634e-05, 1.33770367938e-06], "dvar2": [0.0032209798228, 0.848965644836, 44.5129127502, 154.143920898, 204.358215332, 51.9558067322, 90.6620025635, 854.153808594, 1198.62548828, 8007.25292969, 5660.28320312, 2291.60424805, 24486.7246094, 8181.36767578, 3300.50292969, 542.580688477, 295.078979492, 194.018936157, 235.981948853, 148.138885498, 113.225837708, 677.578308105, 756.167480469, 1288.78771973, 1236.83911133, 370.718109131, 29.9349937439, 3.24253511429, 37.9166107178, 11.4642372131, 10.5547151566, 1.84325873852, 2.92217302322, 0.258228242397, 1.00344598293, 0.0769789665937, 0.0415383316576, 0.00241688778624, 0.000230342411669, 3.83298629458e-06], "max": [0.624012053013, 7.37359905243, 48.6391334534, 83.2905426025, 150.324813843, 67.2830886841, 116.723991394, 222.987945557, 656.221984863, 967.50201416, 2714.83032227, 588.104614258, 2749.3215332, 1295.18066406, 738.314880371, 304.293914795, 127.408241272, 84.8914413452, 110.563728333, 173.784500122, 112.316459656, 290.415100098, 216.591629028, 282.507141113, 299.79876709, 203.779708862, 48.2003974915, 9.37703990936, 37.0423736572, 18.8089923859, 19.3454723358, 12.1917591095, 22.5489616394, 3.59620118141, 5.36355733871, 1.47106981277, 1.71973872185, 0.483847856522, 0.120249435306, 0.0113001018763], "mean": [0.0507266744971, 0.667491555214, 2.99306678772, 4.85395002365, 8.43895435333, 7.95166063309, 8.40791797638, 24.3038349152, 30.0693664551, 35.5220413208, 43.4458465576, 34.9029273987, 106.78792572, 45.2995071411, 25.886384964, 9.10050201416, 6.92426013947, 3.85871696472, 3.46955060959, 5.65111970901, 6.00503635406, 19.3874320984, 18.7999839783, 28.3987960815, 13.254696846, 4.62169885635, 1.47088813782, 0.33281031251, 0.593833506107, 0.490818411112, 0.423478960991, 0.182515025139, 0.133683800697, 0.0798490047455, 0.1168474406, 0.0311580598354, 0.0142135452479, 0.00292360130697, 0.000958781165536, 0.000147620157804], "median": [0.022304283455, 0.224211394787, 0.824467539787, 1.84612762928, 4.41324090958, 3.29963612556, 2.90133285522, 8.1215763092, 10.0802402496, 10.1723089218, 8.75887107849, 10.1816673279, 11.9330940247, 7.59145927429, 5.55160284042, 2.96394181252, 2.52715229988, 1.54331076145, 1.17115330696, 1.45694065094, 2.04849624634, 3.78985738754, 5.64859390259, 1.28754734993, 1.21045351028, 0.293549627066, 0.207697629929, 0.0845282971859, 0.0770640298724, 0.0558894760907, 0.0382225587964, 0.0181442778558, 0.0116410218179, 0.0102730924264, 0.00527174258605, 0.000981482095085, 0.000217744454858, 3.09001807182e-05, 1.79195922101e-05, 2.47530824709e-05], "min": [1.12821529896e-10, 3.72028380324e-10, 9.07027841723e-10, 2.00767247271e-09, 5.09344522115e-09, 1.29560673301e-08, 1.11858229346e-08, 5.76424419307e-09, 1.53410066872e-08, 3.69965285074e-08, 1.38852369602e-08, 1.86113453537e-08, 1.08828253076e-07, 2.61513743993e-08, 2.32798740285e-08, 1.01661727925e-08, 2.08633288423e-08, 1.10002353892e-08, 1.40544473837e-08, 2.14885602645e-08, 1.77180705663e-08, 2.58447947488e-08, 1.93599571929e-08, 3.00472215997e-08, 6.8569221412e-08, 5.81717856107e-08, 3.63601877496e-08, 2.2716433179e-08, 2.00055971789e-08, 3.66375871863e-08, 3.51664510845e-08, 2.43110012121e-08, 2.60995101087e-08, 3.38706982461e-08, 1.77056413975e-08, 1.30081510008e-08, 1.42606069176e-08, 1.50497339035e-08, 7.04212732572e-09, 1.01852704049e-09], "var": [0.00651352154091, 1.04646670818, 35.5051574707, 75.897315979, 123.391975403, 122.113288879, 143.853668213, 1110.99536133, 2098.27734375, 6307.25927734, 31768.7109375, 3234.22216797, 78328.796875, 9986.01464844, 4437.58447266, 486.896972656, 164.423995972, 59.6025695801, 82.2457122803, 172.496307373, 120.102394104, 1130.2800293, 841.526489258, 2502.46533203, 1052.21411133, 311.539398193, 18.2723827362, 0.762680590153, 8.07137489319, 2.64631819725, 2.82364678383, 0.556746721268, 0.714761197567, 0.0625906139612, 0.223601073027, 0.0171608086675, 0.00808399450034, 0.000472148414701, 4.51015803264e-05, 7.59342185574e-07]}, "gfcc": {"mean": [-85.5052185059, 157.901367188, -115.953407288, 14.681385994, -44.8449897766, -14.2550535202, -28.0105743408, 16.6927089691, -16.9208240509, -17.6761360168, -7.81812143326, 0.152265056968, -9.89472389221], "cov": [[8244.31933594, -2072.87548828, 35.508846283, 63.5212554932, -801.967468262, 640.917907715, -261.400360107, 383.913208008, -726.87890625, 150.267425537, 107.347145081, 100.122665405, -487.10345459], [-2072.87548828, 2776.38964844, -68.0341339111, -394.116546631, 209.21472168, -401.258087158, 249.422073364, -375.546905518, 610.930114746, -305.476776123, 101.108581543, -237.528396606, 254.509750366], [35.508846283, -68.0341339111, 544.420288086, 46.1772193909, 52.3185501099, 170.05406189, -122.21875, 18.6153278351, 69.8571777344, 25.0411491394, -33.0031890869, 58.4893989563, -24.7418212891], [63.5212554932, -394.116546631, 46.1772193909, 436.832519531, 125.771270752, 28.9013576508, 8.92224216461, 90.2186737061, -126.600387573, 138.492294312, 18.5052223206, 19.9160194397, -51.2080993652], [-801.967468262, 209.21472168, 52.3185501099, 125.771270752, 463.860412598, -55.3364105225, -8.81418037415, -8.26197433472, 135.883651733, -30.857509613, -1.21918964386, 50.1830978394, -33.9944076538], [640.917907715, -401.258087158, 170.05406189, 28.9013576508, -55.3364105225, 335.766723633, -170.240463257, 62.5041694641, 2.91482377052, -2.44579815865, -51.8312568665, 109.279296875, -48.3403091431], [-261.400360107, 249.422073364, -122.21875, 8.92224216461, -8.81418037415, -170.240463257, 421.347412109, -35.8680305481, -145.550735474, 28.8762893677, 85.0505599976, -177.453918457, 61.5382881165], [383.913208008, -375.546905518, 18.6153278351, 90.2186737061, -8.26197433472, 62.5041694641, -35.8680305481, 250.775894165, -139.675582886, 11.9549121857, 8.92876338959, 35.2423286438, -70.2866287231], [-726.87890625, 610.930114746, 69.8571777344, -126.600387573, 135.883651733, 2.91482377052, -145.550735474, -139.675582886, 480.950164795, -127.118988037, -92.5914916992, 70.4142456055, 36.8957824707], [150.267425537, -305.476776123, 25.0411491394, 138.492294312, -30.857509613, -2.44579815865, 28.8762893677, 11.9549121857, -127.118988037, 206.717514038, 3.53488683701, -18.7800884247, -22.1711025238], [107.347145081, 101.108581543, -33.0031890869, 18.5052223206, -1.21918964386, -51.8312568665, 85.0505599976, 8.92876338959, -92.5914916992, 3.53488683701, 163.176193237, -61.7869262695, -31.6160526276], [100.122665405, -237.528396606, 58.4893989563, 19.9160194397, 50.1830978394, 109.279296875, -177.453918457, 35.2423286438, 70.4142456055, -18.7800884247, -61.7869262695, 211.837432861, -51.4751014709], [-487.10345459, 254.509750366, -24.7418212891, -51.2080993652, -33.9944076538, -48.3403091431, 61.5382881165, -70.2866287231, 36.8957824707, -22.1711025238, -31.6160526276, -51.4751014709, 232.559234619]], "icov": [[0.00022273909417, 4.05341415899e-05, 4.8013018386e-05, 2.25482676797e-06, 0.000295990030281, -0.000307209294988, 6.46959306323e-05, 6.31117063676e-06, 0.000183226788067, 8.38102932903e-05, -8.55199177749e-05, 8.14759987406e-05, 0.000377305259462], [4.05341415899e-05, 0.00109642243478, -0.000184379867278, 0.0002986289619, -0.00010114259203, 0.000622048682999, -0.000338588288287, 0.000339033314958, -0.00128262070939, 0.000670690962579, -0.00100390065927, 0.000671811227221, -0.00048264148063], [4.8013018386e-05, -0.000184379867278, 0.0024022788275, -2.69730626314e-05, -0.00028999656206, -0.00144925923087, 0.000310467934469, -0.000182227697223, -0.000153651883011, -0.000740935676731, -1.98321249627e-05, 0.0002129747445, 6.93035981385e-05], [2.25482676797e-06, 0.0002986289619, -2.69730626314e-05, 0.00391798885539, -0.00143780466169, -0.00026262018946, -0.000129304025904, -0.000868991715834, 7.4698451499e-05, -0.00230055814609, -0.000561409629881, 3.04317181872e-05, -0.000256188970525], [0.000295990030281, -0.00010114259203, -0.00028999656206, -0.00143780466169, 0.00360932806507, 0.000444622419309, -0.000344188738381, -0.000106933926872, -0.00068458984606, 0.000841561181005, -0.000228097866056, -0.000909886264708, 0.00101841124706], [-0.000307209294988, 0.000622048682999, -0.00144925923087, -0.00026262018946, 0.000444622419309, 0.00581739051268, 0.000709636020474, -0.000116679620987, -0.000600467261393, 0.00102216470987, 0.000209189049201, -0.000991129898466, -0.000483296171296], [6.46959306323e-05, -0.000338588288287, 0.000310467934469, -0.000129304025904, -0.000344188738381, 0.000709636020474, 0.00471624266356, 0.000472142361104, 0.00175387691706, 4.56266097899e-05, -0.000157288784976, 0.00241637486033, -0.00025792006636], [6.31117063676e-06, 0.000339033314958, -0.000182227697223, -0.000868991715834, -0.000106933926872, -0.000116679620987, 0.000472142361104, 0.00613360805437, 0.00184344162699, 0.00189097248949, 0.000392870220821, -0.000108605869173, 0.00103758240584], [0.000183226788067, -0.00128262070939, -0.000153651883011, 7.4698451499e-05, -0.00068458984606, -0.000600467261393, 0.00175387691706, 0.00184344162699, 0.00620669871569, 0.00129044638015, 0.00283958087675, -0.000727772538085, 0.00101899600122], [8.38102932903e-05, 0.000670690962579, -0.000740935676731, -0.00230055814609, 0.000841561181005, 0.00102216470987, 4.56266097899e-05, 0.00189097248949, 0.00129044638015, 0.00834530591965, 0.000838717620354, 0.0008418567013, 0.00064230611315], [-8.55199177749e-05, -0.00100390065927, -1.98321249627e-05, -0.000561409629881, -0.000228097866056, 0.000209189049201, -0.000157288784976, 0.000392870220821, 0.00283958087675, 0.000838717620354, 0.00941763725132, 0.00111471151467, 0.00212080241181], [8.14759987406e-05, 0.000671811227221, 0.0002129747445, 3.04317181872e-05, -0.000909886264708, -0.000991129898466, 0.00241637486033, -0.000108605869173, -0.000727772538085, 0.0008418567013, 0.00111471151467, 0.00897582620382, 0.000787531607784], [0.000377305259462, -0.00048264148063, 6.93035981385e-05, -0.000256188970525, 0.00101841124706, -0.000483296171296, -0.00025792006636, 0.00103758240584, 0.00101899600122, 0.00064230611315, 0.00212080241181, 0.000787531607784, 0.00636186636984]]}, "melbands": {"dmean": [0.000254715589108, 0.000745488214307, 0.000607017194852, 0.000274780730251, 0.000170606072061, 0.000339029822499, 0.000249759934377, 0.000297593185678, 0.000168144426425, 0.000117767624033, 0.000256245257333, 0.000102716716356, 4.37547387264e-05, 2.04252100957e-05, 1.34645633807e-05, 8.36589151731e-06, 6.01751708018e-06, 5.21211723026e-06, 2.12219401874e-06, 5.84793497183e-06, 2.71538283414e-06, 6.31204511592e-06, 1.21576995298e-05, 5.10541985932e-06, 8.78040009411e-06, 6.62826323605e-06, 1.77286631242e-06, 1.80595736765e-06, 8.65994365995e-07, 1.78251227112e-07, 1.73440540152e-07, 6.04012484473e-07, 3.07185842985e-07, 3.8979862893e-07, 3.40552247735e-07, 2.65008594624e-07, 6.50849116823e-08, 1.42037578144e-07, 7.19971069429e-08, 8.69752909693e-08], "dmean2": [0.000367426167941, 0.00115160981659, 0.000910285802092, 0.00034981907811, 0.000224627539865, 0.000432267988799, 0.000323988642776, 0.000447961792815, 0.000204291252885, 0.000157605216373, 0.000283071654849, 0.000141173164593, 6.11127252341e-05, 2.93457578664e-05, 1.96666624106e-05, 1.28055371533e-05, 1.0409821698e-05, 8.64206322149e-06, 3.29086037709e-06, 9.12439918466e-06, 4.10257371186e-06, 9.83972859103e-06, 1.87849309441e-05, 8.35598712001e-06, 1.41572891152e-05, 1.08384219857e-05, 2.93454945677e-06, 3.17008607453e-06, 1.44080411246e-06, 3.21386067981e-07, 3.12324146989e-07, 1.1106110378e-06, 5.44460874607e-07, 7.00933810549e-07, 5.92732646965e-07, 4.45172616992e-07, 1.07282239981e-07, 2.41270555534e-07, 1.23906872318e-07, 1.55358378606e-07], "dvar": [2.42652873794e-07, 2.74769172393e-06, 1.5425591755e-06, 1.81421569323e-07, 6.76023148571e-08, 2.20313282284e-07, 1.48413136003e-07, 5.22772324985e-07, 3.39229188739e-07, 4.1687840735e-08, 5.04969136728e-07, 8.3216150415e-08, 1.42294354077e-08, 3.32233862643e-09, 8.37000468934e-10, 2.60077182013e-10, 3.66766755855e-10, 3.0255359329e-10, 4.42816859569e-11, 2.84858470145e-10, 8.5960689955e-11, 3.05607983364e-10, 8.09155742409e-10, 1.15052696537e-10, 4.50588233392e-10, 5.51498513524e-10, 3.66936203644e-11, 7.52383919056e-11, 1.04171471796e-11, 3.96347342967e-13, 2.60077712404e-13, 8.97307401992e-12, 7.10757733051e-13, 2.0311881517e-12, 2.57349306795e-12, 2.67402181127e-12, 4.21023791189e-14, 8.22086159997e-13, 5.714496259e-14, 1.01834468321e-13], "dvar2": [4.58087669131e-07, 6.46545095151e-06, 3.79033372155e-06, 4.41883031499e-07, 1.16785557225e-07, 4.1107162474e-07, 2.38665165853e-07, 1.00585918972e-06, 3.2875155398e-07, 8.02590278681e-08, 6.10505480836e-07, 1.57754286079e-07, 2.84224555003e-08, 7.09048464387e-09, 1.89084370383e-09, 6.34949925971e-10, 1.04222408481e-09, 7.93001053712e-10, 1.03257416506e-10, 6.21711515603e-10, 1.81160433876e-10, 6.6563837775e-10, 1.76585324141e-09, 2.83285450653e-10, 1.08356679185e-09, 1.24283250358e-09, 9.0368587613e-11, 2.08903394583e-10, 2.69319514606e-11, 1.13349705056e-12, 7.34190323554e-13, 2.53795665039e-11, 1.98659686791e-12, 5.5415290412e-12, 6.86497430083e-12, 7.37258431388e-12, 1.14256789251e-13, 2.23023574435e-12, 1.54469170202e-13, 2.87641492656e-13], "max": [0.00581875722855, 0.0187239386141, 0.01228765212, 0.00668510934338, 0.00332563417032, 0.00603730743751, 0.00883422140032, 0.0114921908826, 0.0204018056393, 0.00395765760913, 0.013658859767, 0.00568204605952, 0.00198635505512, 0.000938364071772, 0.000314344855724, 0.000158615192049, 0.000195758606424, 0.0001942555391, 0.000156567795784, 0.00028340271092, 0.000179651833605, 0.000376329990104, 0.000433943525422, 0.000126801474835, 0.000256896193605, 0.000292216194794, 0.000112109381007, 0.000167476537172, 5.12803198944e-05, 6.08302070759e-06, 4.43492990598e-06, 3.17940211971e-05, 7.48833463149e-06, 1.50185296661e-05, 1.73692278622e-05, 2.62516205112e-05, 2.99387511404e-06, 1.96527253138e-05, 4.47388265457e-06, 4.45880232292e-06], "mean": [0.000584671040997, 0.00136038055643, 0.000966123538092, 0.000604214612395, 0.000319524580846, 0.000569195894059, 0.000436204572907, 0.000406398903579, 0.000346380489646, 0.00020627649792, 0.000539093278348, 0.000190143706277, 8.63408204168e-05, 3.21541519952e-05, 1.85004191735e-05, 1.09841266749e-05, 7.02809848008e-06, 5.79014522373e-06, 3.80931828659e-06, 1.18010084407e-05, 5.57165867576e-06, 1.61646603374e-05, 3.02433654724e-05, 1.22536848721e-05, 2.43071026489e-05, 1.19217620522e-05, 2.99825683214e-06, 3.20749086313e-06, 1.32570346523e-06, 1.86097651067e-07, 1.51621478039e-07, 3.96451810047e-07, 2.53121697824e-07, 2.67792188424e-07, 2.4918981012e-07, 2.54267035871e-07, 5.586286278e-08, 1.05881909462e-07, 5.53235040002e-08, 7.01877596043e-08], "median": [0.000237662883592, 0.000431600317825, 0.000495204876643, 0.000314692442771, 0.000103379177745, 0.000191897430341, 0.000144867241033, 0.000108241591079, 6.40956714051e-05, 5.86150672461e-05, 5.30678189534e-05, 2.45996143349e-05, 1.65220553754e-05, 7.34131663194e-06, 4.90648289997e-06, 3.34502442456e-06, 1.77138645086e-06, 1.5455891571e-06, 8.77087472873e-07, 2.87252987619e-06, 1.60820070505e-06, 2.76510991171e-06, 6.03361013418e-06, 1.79492690222e-06, 5.20426965522e-07, 5.25357336301e-07, 2.51177254995e-07, 9.69794982097e-08, 1.18548378225e-07, 4.83574424948e-08, 2.66606292598e-08, 3.1270499079e-08, 4.07347506837e-08, 1.95720062379e-08, 2.07889847559e-08, 1.31864439368e-08, 9.18339271294e-09, 5.86737147756e-09, 5.93134341642e-09, 6.23587492754e-09], "min": [8.55413016896e-13, 4.76695126515e-13, 4.02736329529e-13, 6.74397657944e-13, 4.44248018363e-13, 1.43471443493e-13, 2.75354500485e-13, 3.85986490166e-13, 8.8806606925e-14, 1.34729250326e-13, 4.81792828289e-13, 1.14799649279e-13, 7.20038652725e-14, 2.78052202167e-14, 4.7516800065e-14, 3.15017448433e-14, 1.96829806279e-14, 1.85180036995e-14, 2.80043237812e-14, 3.23379696502e-14, 1.94672243955e-14, 2.53355974031e-14, 2.63204392228e-14, 1.18608719173e-14, 2.24262188003e-14, 5.75035285773e-14, 2.49684458899e-14, 4.84190155147e-14, 3.07645957862e-14, 9.84033580803e-15, 1.42423050485e-14, 1.02990880052e-14, 1.62611708089e-14, 2.05868308512e-14, 2.08857098147e-14, 1.62889416311e-14, 1.50684264464e-14, 1.77309932009e-14, 2.26954973505e-14, 3.05711639543e-14], "var": [8.47808848903e-07, 5.58317742616e-06, 1.98853831535e-06, 4.65444372821e-07, 2.21492229002e-07, 6.2201951323e-07, 4.32131344041e-07, 8.43143709517e-07, 1.87548300801e-06, 1.06611487638e-07, 1.96297833099e-06, 2.02988076126e-07, 4.92734422153e-08, 6.90993084973e-09, 1.41932221531e-09, 3.69200975348e-10, 3.01811603487e-10, 2.69570227251e-10, 1.01837524524e-10, 5.93620264056e-10, 2.00964037078e-10, 9.98826799048e-10, 2.66459432297e-09, 3.72232217272e-10, 1.98717220457e-09, 1.00791852642e-09, 6.32836977266e-11, 1.86582332917e-10, 1.82473255256e-11, 2.90836229882e-13, 1.78917631036e-13, 5.33937954614e-12, 4.74315790637e-13, 1.29818638478e-12, 1.74483268545e-12, 2.26188078684e-12, 2.99878801261e-14, 5.43848223834e-13, 3.95599453532e-14, 6.37646131642e-14]}, "mfcc": {"mean": [-737.186340332, 190.047073364, -0.277069151402, 24.9219017029, 4.78446483612, -20.2523460388, -3.41480255127, 18.2567367554, -1.11422109604, -6.53386306763, -0.498837441206, 0.800304114819, 1.2299990654], "cov": [[6242.98535156, -844.460510254, -416.498626709, 1.80199694633, -598.073059082, -95.7250595093, 351.788787842, 116.928115845, -539.987304688, 108.736480713, 415.169830322, -374.02722168, -370.763458252], [-844.460510254, 1870.83581543, 157.681900024, -222.719833374, 20.4840335846, -58.1452865601, -221.703659058, -71.796913147, 167.739105225, -8.72654438019, -121.531600952, 158.43145752, 65.1480636597], [-416.498626709, 157.681900024, 538.928588867, -132.136123657, 132.94430542, 113.953102112, -159.241790771, -2.29155540466, 121.02217865, -32.0443305969, -108.616783142, 147.098678589, 83.6271362305], [1.80199694633, -222.719833374, -132.136123657, 443.802429199, -20.9993648529, -40.9949874878, 252.060256958, -39.4664344788, -152.484649658, 148.810317993, 104.171318054, -148.301071167, 9.59647369385], [-598.073059082, 20.4840335846, 132.94430542, -20.9993648529, 485.466033936, 133.487258911, -243.447692871, 126.4429245, 127.822502136, -154.382217407, 7.92305469513, 211.103393555, 88.8210678101], [-95.7250595093, -58.1452865601, 113.953102112, -40.9949874878, 133.487258911, 244.329406738, -112.409957886, -7.29321622849, 82.2526397705, -63.8909568787, -43.0569915771, 113.000770569, 95.1576766968], [351.788787842, -221.703659058, -159.241790771, 252.060256958, -243.447692871, -112.409957886, 526.30871582, -45.465965271, -249.159408569, 276.08682251, 56.5234489441, -319.895965576, -80.7963638306], [116.928115845, -71.796913147, -2.29155540466, -39.4664344788, 126.4429245, -7.29321622849, -45.465965271, 220.068191528, 8.87076568604, -88.6164093018, 98.3508758545, 21.2547092438, -57.6754379272], [-539.987304688, 167.739105225, 121.02217865, -152.484649658, 127.822502136, 82.2526397705, -249.159408569, 8.87076568604, 340.642333984, -138.606063843, -172.914001465, 216.408889771, 66.4344024658], [108.736480713, -8.72654438019, -32.0443305969, 148.810317993, -154.382217407, -63.8909568787, 276.08682251, -88.6164093018, -138.606063843, 331.711242676, 0.149871110916, -224.134613037, -13.9109888077], [415.169830322, -121.531600952, -108.616783142, 104.171318054, 7.92305469513, -43.0569915771, 56.5234489441, 98.3508758545, -172.914001465, 0.149871110916, 363.700836182, -66.8908538818, -148.137924194], [-374.02722168, 158.43145752, 147.098678589, -148.301071167, 211.103393555, 113.000770569, -319.895965576, 21.2547092438, 216.408889771, -224.134613037, -66.8908538818, 366.725799561, 110.278594971], [-370.763458252, 65.1480636597, 83.6271362305, 9.59647369385, 88.8210678101, 95.1576766968, -80.7963638306, -57.6754379272, 66.4344024658, -13.9109888077, -148.137924194, 110.278594971, 268.892242432]], "icov": [[0.000244086564635, 7.46023943066e-05, 9.68377571553e-05, 6.81476230966e-05, 0.000375216128305, -0.000230635923799, 0.000135003341711, -0.000277373124845, 0.000394003116526, -7.72879866417e-05, 1.22293795357e-05, -0.000139481329825, 0.000187282101251], [7.46023943066e-05, 0.000669772678521, -4.86803619424e-05, 0.000289461808279, 7.97318061814e-05, 0.000367112224922, 0.000237080515944, 0.000139662166475, -4.78537367599e-05, -0.000372707640054, -8.49523567013e-05, -0.000231263664318, -6.90733504598e-05], [9.68377571553e-05, -4.86803619424e-05, 0.00254254532047, 0.000472255545901, -0.000165755191119, -0.000831563898828, 0.000348297267919, -0.000353805226041, 0.000370021210983, -0.00102921889629, 0.000555975595489, -0.00084653950762, 0.000224334318773], [6.81476230966e-05, 0.000289461808279, 0.000472255545901, 0.00435460731387, -0.00129762222059, 0.000527200405486, -0.00207236618735, 0.00147413869854, -0.000439345778432, -0.000288642680971, -0.00177538127173, 0.000382640719181, -0.00138430367224], [0.000375216128305, 7.97318061814e-05, -0.000165755191119, -0.00129762222059, 0.00491665070876, -0.00160454271827, 0.00173252844252, -0.00318636302836, 0.000816674553789, -0.00052777439123, 0.000299487204757, -0.00147497770377, -8.23655864224e-05], [-0.000230635923799, 0.000367112224922, -0.000831563898828, 0.000527200405486, -0.00160454271827, 0.00637968815863, -0.000429534731666, 0.0015186566161, -0.00127859809436, 0.000457593472674, -0.000937433505896, 8.56693732203e-05, -0.00191016751342], [0.000135003341711, 0.000237080515944, 0.000348297267919, -0.00207236618735, 0.00173252844252, -0.000429534731666, 0.00673868460581, -0.00171488884371, 0.00230291415937, -0.00258733448572, 0.00170572451316, 0.00121988926549, 0.00106764596421], [-0.000277373124845, 0.000139662166475, -0.000353805226041, 0.00147413869854, -0.00318636302836, 0.0015186566161, -0.00171488884371, 0.0084867272526, -0.00187850871589, 0.00242898380384, -0.00253951759078, 0.00194724916946, -0.000146622624015], [0.000394003116526, -4.78537367599e-05, 0.000370021210983, -0.000439345778432, 0.000816674553789, -0.00127859809436, 0.00230291415937, -0.00187850871589, 0.00834767520428, -0.000790109101217, 0.00410868227482, -0.00324925524183, 0.0024200649932], [-7.72879866417e-05, -0.000372707640054, -0.00102921889629, -0.000288642680971, -0.00052777439123, 0.000457593472674, -0.00258733448572, 0.00242898380384, -0.000790109101217, 0.00773786846548, -0.000641564140096, 0.0035679966677, -0.0011511532357], [1.22293795357e-05, -8.49523567013e-05, 0.000555975595489, -0.00177538127173, 0.000299487204757, -0.000937433505896, 0.00170572451316, -0.00253951759078, 0.00410868227482, -0.000641564140096, 0.006749171298, -0.00178790581413, 0.00353173632175], [-0.000139481329825, -0.000231263664318, -0.00084653950762, 0.000382640719181, -0.00147497770377, 8.56693732203e-05, 0.00121988926549, 0.00194724916946, -0.00324925524183, 0.0035679966677, -0.00178790581413, 0.00948664080352, -0.00253384700045], [0.000187282101251, -6.90733504598e-05, 0.000224334318773, -0.00138430367224, -8.23655864224e-05, -0.00191016751342, 0.00106764596421, -0.000146622624015, 0.0024200649932, -0.0011511532357, 0.00353173632175, -0.00253384700045, 0.00729352980852]]}, "spectral_contrast_coeffs": {"dmean": [0.0449309051037, 0.0482501387596, 0.0402892976999, 0.0320239029825, 0.0272853244096, 0.0229392871261], "dmean2": [0.0685249865055, 0.0735442265868, 0.0627043768764, 0.0528470873833, 0.0457954704762, 0.0374779552221], "dvar": [0.00139296310954, 0.00147456629202, 0.00116471282672, 0.000714421272278, 0.000644617830403, 0.000434551155195], "dvar2": [0.0032412672881, 0.00317827262916, 0.0026420711074, 0.0018954987172, 0.00172810384538, 0.00107301736716], "max": [-0.420829892159, -0.475666344166, -0.458006232977, -0.540324866772, -0.537900686264, -0.630761742592], "mean": [-0.640533983707, -0.708641052246, -0.698964238167, -0.728188872337, -0.67938387394, -0.771785914898], "median": [-0.643791854382, -0.717755317688, -0.710213541985, -0.732468485832, -0.672730326653, -0.769869685173], "min": [-0.916155040264, -0.93554264307, -0.888049483299, -0.932678818703, -0.924476265907, -0.92968916893], "var": [0.00564497197047, 0.0060615055263, 0.0071738883853, 0.00315219117329, 0.00342696066946, 0.00167330575641]}, "spectral_contrast_valleys": {"dmean": [0.374152094126, 0.396584272385, 0.392083585262, 0.366912037134, 0.431383937597, 0.592477858067], "dmean2": [0.556616902351, 0.568326950073, 0.566868782043, 0.538388431072, 0.668987631798, 0.836222290993], "dvar": [0.132235094905, 0.12415317446, 0.15201933682, 0.14732095