{"lowlevel": {"average_loudness": 0.177775651217, "barkbands_crest": {"dmean": 1.98855042458, "dmean2": 3.22990608215, "dvar": 4.62524747849, "dvar2": 12.0882024765, "max": 26.9143791199, "mean": 14.895190239, "median": 14.2822980881, "min": 4.34688329697, "var": 22.9778003693}, "barkbands_flatness_db": {"dmean": 0.0240795910358, "dmean2": 0.0358676277101, "dvar": 0.000878796854522, "dvar2": 0.00177387637086, "max": 0.549049973488, "mean": 0.301538139582, "median": 0.303626477718, "min": 0.0634091198444, "var": 0.0058700744994}, "barkbands_kurtosis": {"dmean": 8.44762897491, "dmean2": 13.318813324, "dvar": 739.654907227, "dvar2": 1873.36437988, "max": 1901.94250488, "mean": 20.0123271942, "median": 10.8787755966, "min": -1.86133480072, "var": 2892.57080078}, "barkbands_skewness": {"dmean": 0.694366514683, "dmean2": 1.10188210011, "dvar": 1.05874478817, "dvar2": 2.78235936165, "max": 32.2867355347, "mean": 2.27216982841, "median": 2.11479711533, "min": -9.74120140076, "var": 3.73821473122}, "barkbands_spread": {"dmean": 1.69408488274, "dmean2": 2.65830516815, "dvar": 22.4658508301, "dvar2": 54.5046424866, "max": 111.44367218, "mean": 4.97817611694, "median": 2.86325097084, "min": 0.0486259274185, "var": 47.3857345581}, "dissonance": {"dmean": 0.0353222936392, "dmean2": 0.0587498657405, "dvar": 0.00123304571025, "dvar2": 0.00301189324819, "max": 0.499940365553, "mean": 0.36993137002, "median": 0.3799456954, "min": 0.132969409227, "var": 0.00534908380359}, "dynamic_complexity": 6.20800447464, "erbbands_crest": {"dmean": 2.12045264244, "dmean2": 3.27686238289, "dvar": 6.05624914169, "dvar2": 14.349521637, "max": 33.262752533, "mean": 15.0398254395, "median": 14.3400936127, "min": 2.26601552963, "var": 32.8640060425}, "erbbands_flatness_db": {"dmean": 0.0200859680772, "dmean2": 0.0285206735134, "dvar": 0.00064943957841, "dvar2": 0.00135334592778, "max": 0.47663718462, "mean": 0.285067975521, "median": 0.289173334837, "min": 0.0286830272526, "var": 0.00449149403721}, "erbbands_kurtosis": {"dmean": 3.01084923744, "dmean2": 4.55142211914, "dvar": 47.4673194885, "dvar2": 105.236045837, "max": 215.858718872, "mean": 8.06682491302, "median": 3.95601534843, "min": -1.8818769455, "var": 258.371276855}, "erbbands_skewness": {"dmean": 0.420369058847, "dmean2": 0.630630612373, "dvar": 0.339120417833, "dvar2": 0.783595323563, "max": 10.9002304077, "mean": 1.73895716667, "median": 1.51256036758, "min": -3.45825409889, "var": 1.7482367754}, "erbbands_spread": {"dmean": 4.44186449051, "dmean2": 6.67155075073, "dvar": 73.2349853516, "dvar2": 168.024276733, "max": 121.723854065, "mean": 17.2005596161, "median": 11.4997997284, "min": 0.580019593239, "var": 253.990829468}, "hfc": {"dmean": 2.0270190239, "dmean2": 2.84777283669, "dvar": 37.3045043945, "dvar2": 78.2216796875, "max": 159.648254395, "mean": 5.72019052505, "median": 2.5931801796, "min": 1.22337987658e-16, "var": 99.0201797485}, "melbands_crest": {"dmean": 2.24554848671, "dmean2": 3.69206929207, "dvar": 5.5953578949, "dvar2": 14.8869638443, "max": 34.3839378357, "mean": 16.9147090912, "median": 16.629486084, "min": 2.03814864159, "var": 23.9825649261}, "melbands_flatness_db": {"dmean": 0.0274588670582, "dmean2": 0.0396532192826, "dvar": 0.00125753157772, "dvar2": 0.00250616623089, "max": 0.678853571415, "mean": 0.397133052349, "median": 0.406658500433, "min": 0.00468859355897, "var": 0.00964057818055}, "melbands_kurtosis": {"dmean": 7.69098758698, "dmean2": 12.1439962387, "dvar": 220.857894897, "dvar2": 555.43951416, "max": 317.870544434, "mean": 18.7199687958, "median": 12.0392417908, "min": -1.74362802505, "var": 467.569824219}, "melbands_skewness": {"dmean": 0.59471154213, "dmean2": 0.91756016016, "dvar": 0.642004847527, "dvar2": 1.5575940609, "max": 12.8382139206, "mean": 2.44565796852, "median": 2.22904729843, "min": -2.76581645012, "var": 2.55489468575}, "melbands_spread": {"dmean": 1.79585194588, "dmean2": 2.79187512398, "dvar": 30.0438594818, "dvar2": 71.7037353516, "max": 140.411697388, "mean": 6.357172966, "median": 3.75337219238, "min": 0.293087095022, "var": 131.349807739}, "pitch_salience": {"dmean": 0.0564450807869, "dmean2": 0.0914598181844, "dvar": 0.00403256388381, "dvar2": 0.00993914715946, "max": 0.866593241692, "mean": 0.491898685694, "median": 0.500095844269, "min": 0.0438759289682, "var": 0.0201808139682}, "silence_rate_20dB": {"dmean": 0.00259437016211, "dmean2": 0.00518941367045, "dvar": 0.00258778780699, "dvar2": 0.0067190923728, "max": 1, "mean": 0.997665345669, "median": 1, "min": 0, "var": 0.00232930807397}, "silence_rate_30dB": {"dmean": 0.0116746658459, "dmean2": 0.0233523603529, "dvar": 0.0115390755236, "dvar2": 0.0269584786147, "max": 1, "mean": 0.976264595985, "median": 1, "min": 0, "var": 0.0231731310487}, "silence_rate_60dB": {"dmean": 0.0417693592608, "dmean2": 0.0835495591164, "dvar": 0.0400222539902, "dvar2": 0.087462387979, "max": 1, "mean": 0.278988331556, "median": 0, "min": 0, "var": 0.201160669327}, "spectral_centroid": {"dmean": 78.5360031128, "dmean2": 120.343139648, "dvar": 53569.2890625, "dvar2": 113313.429688, "max": 10815.7099609, "mean": 489.003723145, "median": 360.283813477, "min": 161.724395752, "var": 218141.578125}, "spectral_complexity": {"dmean": 0.965884029865, "dmean2": 1.55500781536, "dvar": 2.30148434639, "dvar2": 4.55366706848, "max": 32, "mean": 5.96977949142, "median": 5, "min": 0, "var": 13.5674953461}, "spectral_decrease": {"dmean": 1.66442837291e-09, "dmean2": 2.38475217351e-09, "dvar": 3.61019438016e-17, "dvar2": 7.11570078199e-17, "max": 6.60044653736e-16, "mean": -4.50889281467e-09, "median": -1.99264249545e-09, "min": -1.78267740125e-07, "var": 9.05584099733e-17}, "spectral_energy": {"dmean": 0.0064557553269, "dmean2": 0.00924194324762, "dvar": 0.000535382889211, "dvar2": 0.00105614529457, "max": 0.684684276581, "mean": 0.0175364352763, "median": 0.00778806488961, "min": 1.07788370814e-20, "var": 0.00134661630727}, "spectral_energyband_high": {"dmean": 6.63482933305e-05, "dmean2": 9.93426074274e-05, "dvar": 1.93598950204e-07, "dvar2": 4.53973541426e-07, "max": 0.0180630721152, "mean": 7.89484765846e-05, "median": 1.09460302156e-06, "min": 8.12424243569e-21, "var": 2.72543303481e-07}, "spectral_energyband_low": {"dmean": 0.000683395774104, "dmean2": 0.00102212943602, "dvar": 3.37819164997e-06, "dvar2": 6.80039192957e-06, "max": 0.0510888658464, "mean": 0.00176307815127, "median": 0.00065351172816, "min": 5.41423196484e-23, "var": 1.177082504e-05}, "spectral_energyband_middle_high": {"dmean": 0.000201046423172, "dmean2": 0.000268567382591, "dvar": 5.53439747364e-07, "dvar2": 1.16258729577e-06, "max": 0.0291837379336, "mean": 0.000554293510504, "median": 0.000121461111121, "min": 1.31025378736e-21, "var": 1.58187822308e-06}, "spectral_energyband_middle_low": {"dmean": 0.00609651161358, "dmean2": 0.00877317599952, "dvar": 0.00052416062681, "dvar2": 0.00103613338433, "max": 0.676553964615, "mean": 0.0155682889745, "median": 0.0062143560499, "min": 3.4232597525e-22, "var": 0.00125172780827}, "spectral_entropy": {"dmean": 0.250640839338, "dmean2": 0.374830722809, "dvar": 0.123173780739, "dvar2": 0.266605049372, "max": 9.81635189056, "mean": 5.70165348053, "median": 5.58149385452, "min": 3.36059975624, "var": 0.655710220337}, "spectral_flux": {"dmean": 0.0175636336207, "dmean2": 0.0279551353306, "dvar": 0.00121648353525, "dvar2": 0.00295056472532, "max": 0.624735414982, "mean": 0.0340551957488, "median": 0.0193841606379, "min": 1.03821180819e-10, "var": 0.00192877801601}, "spectral_kurtosis": {"dmean": 11.575053215, "dmean2": 19.041973114, "dvar": 175.05229187, "dvar2": 427.319091797, "max": 180.062072754, "mean": 33.6298370361, "median": 23.8367462158, "min": -1.18760442734, "var": 974.586181641}, "spectral_rms": {"dmean": 0.000540930719581, "dmean2": 0.000785730080679, "dvar": 1.22092114907e-06, "dvar2": 2.27083251048e-06, "max": 0.0258453991264, "mean": 0.00326276221313, "median": 0.00275646708906, "min": 3.24282874858e-12, "var": 6.46309354124e-06}, "spectral_rolloff": {"dmean": 106.37121582, "dmean2": 189.392379761, "dvar": 238429.34375, "dvar2": 511330.5625, "max": 19745.9472656, "mean": 616.87701416, "median": 409.130859375, "min": 21.533203125, "var": 2462327.75}, "spectral_skewness": {"dmean": 0.794057369232, "dmean2": 1.28066146374, "dvar": 0.650520265102, "dvar2": 1.48312389851, "max": 11.1130371094, "mean": 4.13100624084, "median": 3.84266400337, "min": -0.0317036956549, "var": 4.5591211319}, "spectral_spread": {"dmean": 509167.9375, "dmean2": 795928.125, "dvar": 520320811008, "dvar2": 1038813560830.0, "max": 39491232, "mean": 2560319, "median": 2168258, "min": 460407.46875, "var": 2831558115330.0}, "spectral_strongpeak": {"dmean": 0.20797149837, "dmean2": 0.328150063753, "dvar": 0.140782207251, "dvar2": 0.318214416504, "max": 7.36111354828, "mean": 0.765504777431, "median": 0.556124329567, "min": 0, "var": 0.529950857162}, "zerocrossingrate": {"dmean": 0.0035652955994, "dmean2": 0.00439643161371, "dvar": 7.32260814402e-05, "dvar2": 8.24971866678e-05, "max": 0.77099609375, "mean": 0.0257324855775, "median": 0.01708984375, "min": 0.00537109375, "var": 0.00321500585414}, "barkbands": {"dmean": [1.6098458218e-05, 0.000140658186865, 0.000448426580988, 0.00132604502141, 0.00418120576069, 0.000695059890859, 0.000572880031541, 0.000154820445459, 1.83373376785e-05, 3.43064966728e-05, 4.50406114396e-05, 4.47142447229e-05, 1.1674012967e-05, 3.64770094166e-05, 1.9593644538e-05, 1.57301037689e-05, 9.99743679131e-06, 1.90632745216e-05, 2.03037325264e-05, 1.67156995303e-05, 2.82562341454e-05, 2.22053931793e-05, 9.04837907001e-06, 1.97411168301e-06, 1.13445196348e-06, 2.19061433882e-07, 3.4678049321e-09], "dmean2": [2.98267386825e-05, 0.000201969072805, 0.000679790449794, 0.00188851298299, 0.00631148228422, 0.00100017664954, 0.000804775976576, 0.000176682777237, 2.74412905128e-05, 5.15702231496e-05, 5.47577401449e-05, 6.23881642241e-05, 1.61941043189e-05, 5.44940157852e-05, 2.57595729636e-05, 2.16531589103e-05, 1.41285918289e-05, 2.71801909548e-05, 3.15539218718e-05, 2.52612408076e-05, 4.15838912886e-05, 3.5254375689e-05, 1.41635482578e-05, 3.40178871738e-06, 2.0157376639e-06, 4.01142472128e-07, 6.26620710875e-09], "dvar": [5.4526749782e-10, 1.88931039702e-07, 1.6246431187e-06, 3.85083039873e-05, 0.000299948558677, 3.86147439713e-06, 4.79485379401e-06, 1.93665619008e-06, 5.89868376366e-09, 1.85003052877e-08, 5.59672557188e-08, 6.95628727954e-08, 2.06757455601e-09, 4.57222526506e-08, 1.32835573652e-08, 4.83252993178e-09, 2.79471601417e-09, 1.30287514111e-08, 2.75625406942e-08, 1.92519102882e-08, 7.38721439575e-08, 1.97485086062e-08, 3.39439387709e-09, 3.23644583355e-10, 5.18077247769e-11, 1.72315406301e-12, 3.94706686099e-16], "dvar2": [1.79971548775e-09, 3.36254316835e-07, 3.28213582179e-06, 6.12053700024e-05, 0.000662329082843, 7.65898221289e-06, 1.06263132693e-05, 2.13088083001e-06, 1.09608233601e-08, 4.09793443623e-08, 9.7432888424e-08, 1.38572218589e-07, 4.45023973228e-09, 1.14354463676e-07, 2.77277614202e-08, 1.1563328961e-08, 5.90529847244e-09, 2.57388066416e-08, 6.97259494586e-08, 5.03000521235e-08, 1.59962979751e-07, 5.10915185714e-08, 8.27548340965e-09, 8.91071105791e-10, 1.43306158606e-10, 4.87022444942e-12, 1.16595832195e-15], "max": [0.000482658302644, 0.0128858080134, 0.0400802344084, 0.254590630531, 0.488410770893, 0.0560610592365, 0.0656134858727, 0.113284215331, 0.00381068722345, 0.00394235132262, 0.0108023453504, 0.0125196166337, 0.00184695841745, 0.00785433594137, 0.00661149434745, 0.00273223221302, 0.00251916632988, 0.00515153212473, 0.00603853072971, 0.00788178667426, 0.0135274492204, 0.00362083618529, 0.00172602338716, 0.000827683485113, 0.000226152071264, 3.09342904075e-05, 9.48511626575e-07], "mean": [1.48471517605e-05, 0.000273019250017, 0.00106483488344, 0.00227856403217, 0.00799960643053, 0.00281954021193, 0.00192937406246, 0.000458050752059, 4.61115996586e-05, 8.41247892822e-05, 0.000135696376674, 9.44762941799e-05, 2.76775790553e-05, 7.49363534851e-05, 3.93073532905e-05, 2.93293778668e-05, 1.74333254108e-05, 3.07466871163e-05, 2.69623888016e-05, 2.07253851841e-05, 3.73155962734e-05, 2.29625766224e-05, 8.32280147733e-06, 1.49512050029e-06, 8.10567826193e-07, 1.59280745038e-07, 7.23711846007e-09], "median": [7.02486113369e-06, 4.54965047538e-05, 0.000291446456686, 0.000234495601035, 0.00143229053356, 0.000750641804188, 0.000566832371987, 5.08616212755e-05, 1.3142640455e-05, 6.62333241053e-06, 9.85116093943e-06, 7.5619409472e-06, 5.24076222064e-06, 7.96071799414e-06, 3.01842737827e-06, 1.82881967703e-06, 7.51093011786e-07, 7.22196318748e-07, 4.99668658449e-07, 3.63158846994e-07, 2.9228732501e-07, 2.41899044795e-07, 1.20925335523e-07, 2.87090777817e-08, 2.70040612094e-08, 2.6392623198e-08, 5.91293636276e-09], "min": [1.55974583978e-24, 2.80981715258e-23, 2.22201369959e-23, 1.49176216195e-23, 7.01233983434e-23, 3.9514465572e-23, 2.57243123572e-23, 2.76918008745e-23, 1.30236984837e-22, 5.47217537605e-23, 1.31624950889e-22, 1.12761027348e-22, 1.06480167308e-22, 1.03835918175e-22, 5.33806523563e-23, 1.65609368987e-22, 1.0052467137e-22, 2.12189951988e-22, 1.64937676014e-22, 3.15872477738e-22, 4.22591070366e-22, 4.17746227474e-22, 8.06095837304e-22, 9.64245813302e-22, 1.18234028188e-21, 1.68485795661e-21, 2.70081538192e-21], "var": [5.32669852671e-10, 5.90627394104e-07, 5.16426644026e-06, 0.000108603650006, 0.000592641474213, 2.69368792942e-05, 1.65025376191e-05, 9.68890344666e-06, 1.98233660598e-08, 6.75029880881e-08, 2.31887455016e-07, 1.57706978143e-07, 5.40531930326e-09, 7.08281717721e-08, 3.16558654845e-08, 9.09502428925e-09, 6.59773613521e-09, 2.93551458697e-08, 3.31041078994e-08, 1.74422698507e-08, 1.21680599818e-07, 2.11116830684e-08, 3.41367600853e-09, 2.2201854244e-10, 3.54496328125e-11, 1.05851113465e-12, 2.1830467653e-16]}, "erbbands": {"dmean": [0.000791077327449, 0.0501804612577, 0.485773265362, 1.89980864525, 15.8673400879, 10.5014820099, 3.99271655083, 6.24585962296, 7.70888614655, 8.33201217651, 1.66261315346, 0.379734516144, 1.0209851265, 0.902958035469, 2.00025677681, 1.83403122425, 0.56876206398, 1.544916749, 1.0002604723, 1.28606545925, 0.866264760494, 0.534838378429, 0.851236104965, 1.26219189167, 0.899143278599, 0.764904499054, 0.937909662724, 1.188757658, 0.877875268459, 0.406905978918, 0.25394436717, 0.0878659039736, 0.0175534486771, 0.0115525359288, 0.0086412159726, 0.00177448650356, 0.000268978415988, 2.10948401218e-05, 3.49959736923e-06, 7.20789739717e-06], "dmean2": [0.00117120228242, 0.0722093805671, 0.722980082035, 2.69896769524, 22.6632041931, 17.0283298492, 5.71154880524, 9.353058815, 11.8717164993, 10.0258998871, 1.93342721462, 0.555204451084, 1.51744043827, 1.25215315819, 2.55769228935, 2.47031188011, 0.798864364624, 2.26475715637, 1.49485623837, 1.7023859024, 1.15046525002, 0.74237793684, 1.2003159523, 1.90315043926, 1.37998604774, 1.12492120266, 1.46030211449, 1.78682398796, 1.35714507103, 0.650059461594, 0.402305930853, 0.147074595094, 0.0297632180154, 0.0200500711799, 0.0156010370702, 0.00322721898556, 0.000496975379065, 3.88489715988e-05, 5.15630836162e-06, 1.03178654172e-05], "dvar": [3.99824102715e-06, 0.0232720915228, 1.95931375027, 60.2431488037, 5707.70263672, 1217.46191406, 117.668395996, 330.820068359, 1250.18896484, 1070.89807129, 217.342376709, 3.2855951786, 15.5500307083, 11.2208375931, 133.183944702, 155.113372803, 5.35067749023, 80.6692810059, 25.0569458008, 61.0537910461, 11.6245117188, 6.7969865799, 25.8029937744, 92.09740448, 54.0689430237, 28.9277057648, 84.1949768066, 114.222595215, 39.0956039429, 7.38039064407, 3.05455255508, 0.525466740131, 0.0113110393286, 0.00575202191249, 0.00328054418787, 0.000100300123449, 2.30152295444e-06, 1.25260406492e-08, 1.23733467916e-10, 6.44525155469e-10], "dvar2": [7.51002562538e-06, 0.0406635031104, 3.69958114624, 97.8374710083, 10785.171875, 3141.01928711, 213.749160767, 729.933227539, 2837.61254883, 1468.64245605, 271.471374512, 6.27595472336, 33.1401062012, 24.79479599, 268.735626221, 294.64364624, 11.8163404465, 197.011444092, 57.9598197937, 129.193206787, 24.7909927368, 14.4720144272, 54.6079406738, 213.860687256, 147.564605713, 69.5046234131, 215.802108765, 246.28352356, 94.1804046631, 19.6606712341, 7.59566354752, 1.4135299921, 0.0297469738871, 0.0149349737912, 0.00931119918823, 0.00028434896376, 6.67172525937e-06, 3.63257726121e-08, 2.55142268424e-10, 1.27402999262e-09], "max": [0.0576421432197, 4.21146726608, 44.5723876953, 309.824279785, 2336.01269531, 1070.6114502, 357.868896484, 486.850006104, 1056.26000977, 2115.87792969, 1007.4387207, 99.4657592773, 133.350234985, 115.697242737, 654.896972656, 620.600830078, 98.3259506226, 322.871276855, 162.493591309, 463.096801758, 100.199424744, 114.374717712, 208.20022583, 315.93661499, 358.491027832, 272.23046875, 388.97164917, 560.574768066, 224.322296143, 102.040786743, 53.3582115173, 31.3922748566, 2.67410135269, 2.30197405815, 1.90005123615, 0.226535558701, 0.0299034323543, 0.00216567376629, 0.00030800132663, 0.000747261685319], "mean": [0.00176968763117, 0.102755203843, 1.11794948578, 3.85177254677, 24.1900272369, 24.6775836945, 16.5743408203, 23.6314105988, 22.245010376, 31.6658554077, 4.97142934799, 1.03826951981, 2.63350820541, 2.55754446983, 5.75932025909, 4.0162768364, 1.38469994068, 3.21584057808, 2.15332555771, 2.57012653351, 1.74494290352, 1.00816559792, 1.47958528996, 1.83905625343, 1.14904713631, 1.01418197155, 1.19129478931, 1.45822679996, 0.979824662209, 0.401645153761, 0.230774149299, 0.071350954473, 0.013614426367, 0.00872926414013, 0.00589041272178, 0.0012175597949, 0.000214657236938, 2.43882332143e-05, 9.30898022489e-06, 1.96006531041e-05], "median": [0.00064664601814, 0.0220081098378, 0.329804331064, 0.931028485298, 2.37386512756, 5.60851669312, 6.21927070618, 7.14679765701, 5.44990158081, 8.06044769287, 1.01508283615, 0.374634772539, 0.435207486153, 0.501047253609, 0.636623203754, 0.43257433176, 0.292245030403, 0.453841537237, 0.295116484165, 0.195156484842, 0.143255919218, 0.0632980763912, 0.0491657927632, 0.0356065705419, 0.0276586860418, 0.0182075090706, 0.0117026343942, 0.0117593575269, 0.00909419357777, 0.00639896513894, 0.0030858614482, 0.00100300414488, 0.000415790040279, 0.00031418929575, 0.000202472088858, 0.000104815444502, 5.5791802879e-05, 1.26663417177e-05, 4.46998274128e-06, 8.79612161953e-06], "min": [1.08580107464e-21, 5.46481637665e-21, 2.04721563208e-20, 3.51138719328e-20, 1.41020529638e-19, 2.48730909599e-19, 4.02071738699e-19, 2.85293869487e-19, 2.71121215365e-19, 6.65082732501e-19, 6.83143342296e-19, 3.53874235341e-18, 2.35951057023e-18, 2.28699598862e-18, 5.17170648402e-18, 5.88834764259e-18, 5.63472124549e-18, 5.54388730165e-18, 3.01269684286e-18, 6.56119910031e-18, 6.97249232603e-18, 6.59527397847e-18, 1.05358226231e-17, 7.92164237426e-18, 1.09814678325e-17, 1.34888408663e-17, 1.55980207338e-17, 1.89125102873e-17, 1.80363308039e-17, 2.47772820416e-17, 1.86184293815e-17, 1.43249947342e-17, 1.76601356788e-17, 1.25901645519e-17, 9.55977266139e-18, 4.90345553368e-18, 3.54656582764e-18, 1.45291100289e-18, 3.82761827684e-19, 3.89587334358e-20], "var": [1.39809635584e-05, 0.0723522230983, 6.28230857849, 178.244338989, 11692.6044922, 3426.84936523, 826.262695312, 1793.17407227, 3234.17773438, 6452.05908203, 799.145629883, 8.32773303986, 59.6016654968, 39.1135749817, 423.922424316, 360.900421143, 12.50963974, 126.428840637, 48.8164329529, 142.080810547, 29.4412536621, 16.0946006775, 55.601272583, 146.821884155, 45.9313621521, 34.8929748535, 98.7460403442, 180.839950562, 51.8089256287, 6.55917644501, 2.94089126587, 0.393337816, 0.00883546285331, 0.00454331096262, 0.00204677740112, 6.21638901066e-05, 1.35698303438e-06, 7.46641681815e-09, 2.9846075611e-10, 1.62720559249e-09]}, "gfcc": {"mean": [-190.924362183, 163.625015259, -87.160118103, 9.59644508362, -59.4144592285, -18.1588401794, -41.750617981, -25.3825149536, -19.9049282074, -3.13715338707, -11.2644128799, -3.28437900543, -11.8772115707], "cov": [[11283.0205078, 1439.95153809, -2428.31713867, 1050.22497559, -324.651641846, -524.711730957, -134.388626099, -692.622253418, -269.115783691, -491.81149292, 13.0823106766, -113.928489685, 133.41418457], [1439.95153809, 1749.87597656, 285.376434326, -553.079528809, 313.99899292, -272.584197998, -81.8214492798, -244.059921265, -44.4477233887, -142.917129517, 1.00600755215, -178.368286133, 4.90379667282], [-2428.31713867, 285.376434326, 1562.07702637, -284.392242432, 32.4341125488, 219.202407837, -66.077583313, 84.1843643188, 12.1018190384, 78.3394851685, -55.142036438, -105.44694519, -81.9214706421], [1050.22497559, -553.079528809, -284.392242432, 776.021728516, -119.282958984, 82.1728744507, 73.4714736938, -19.9544887543, -0.167580544949, -26.931224823, -56.5791244507, 22.3105564117, -0.803744196892], [-324.651641846, 313.99899292, 32.4341125488, -119.282958984, 386.14956665, -30.9150619507, -8.21609115601, -12.6152763367, 20.8226890564, -33.0738716125, -25.6828422546, -75.3369369507, -17.3462982178], [-524.711730957, -272.584197998, 219.202407837, 82.1728744507, -30.9150619507, 293.134033203, 31.4204883575, 71.7817153931, 10.7407646179, 61.0896034241, -30.9380264282, -8.80546283722, -69.9075775146], [-134.388626099, -81.8214492798, -66.077583313, 73.4714736938, -8.21609115601, 31.4204883575, 182.441970825, 31.8314495087, 4.82631921768, 6.18788003922, 22.9397315979, 18.8079414368, -9.28953552246], [-692.622253418, -244.059921265, 84.1843643188, -19.9544887543, -12.6152763367, 71.7817153931, 31.8314495087, 216.93057251, 62.0592651367, 59.1070823669, -0.614187657833, 42.1230201721, -49.0363121033], [-269.115783691, -44.4477233887, 12.1018190384, -0.167580544949, 20.8226890564, 10.7407646179, 4.82631921768, 62.0592651367, 139.738494873, 39.82264328, -23.1540699005, -4.91728448868, -25.7767868042], [-491.81149292, -142.917129517, 78.3394851685, -26.931224823, -33.0738716125, 61.0896034241, 6.18788003922, 59.1070823669, 39.82264328, 139.639343262, 12.9112586975, 2.57492518425, -15.8861989975], [13.0823106766, 1.00600755215, -55.142036438, -56.5791244507, -25.6828422546, -30.9380264282, 22.9397315979, -0.614187657833, -23.1540699005, 12.9112586975, 106.728942871, 28.5906906128, -6.61083602905], [-113.928489685, -178.368286133, -105.44694519, 22.3105564117, -75.3369369507, -8.80546283722, 18.8079414368, 42.1230201721, -4.91728448868, 2.57492518425, 28.5906906128, 135.086746216, 58.6956138611], [133.41418457, 4.90379667282, -81.9214706421, -0.803744196892, -17.3462982178, -69.9075775146, -9.28953552246, -49.0363121033, -25.7767868042, -15.8861989975, -6.61083602905, 58.6956138611, 162.692245483]], "icov": [[0.000737070979085, -0.00147260609083, 0.00127763731871, -0.00143950630445, 0.00136145425495, -0.000768895144574, 0.00110454857349, -0.000322030682582, 0.000481902825413, 0.000701367855072, -0.000534390390385, 0.000822973030154, -0.000316825142363], [-0.00147260609083, 0.00432851910591, -0.00282140262425, 0.00366699160077, -0.00323204905726, 0.00244514062069, -0.00249609421007, 0.00185887026601, -0.00112563732546, -0.000648356508464, 0.00123912771232, -0.000906537694391, 0.000934124516789], [0.00127763731871, -0.00282140262425, 0.00314821582288, -0.00226694974117, 0.00258238823153, -0.00218351185322, 0.00219222763553, -0.00109731662087, 0.00101962382905, 0.000992555986159, -0.000676976807881, 0.00200611492619, -0.000749898317736], [-0.00143950630445, 0.00366699160077, -0.00226694974117, 0.00501345237717, -0.00238691666164, 0.00137490755878, -0.00295421341434, 0.00163671770133, -0.00110359094106, -0.000578787003178, 0.0023137468379, -0.00122895662207, 0.000920155085623], [0.00136145425495, -0.00323204905726, 0.00258238823153, -0.00238691666164, 0.00596207845956, -0.00172264780849, 0.00187108013779, -0.00142509501893, 0.000408200168749, 0.0020211476367, -0.000645805208478, 0.00328055536374, -0.00110547733493], [-0.000768895144574, 0.00244514062069, -0.00218351185322, 0.00137490755878, -0.00172264780849, 0.00682341121137, -0.00215522269718, 0.000619416474365, 0.000594048819039, -0.0023491429165, 0.00268097477965, -0.00146927707829, 0.00277982768603], [0.00110454857349, -0.00249609421007, 0.00219222763553, -0.00295421341434, 0.00187108013779, -0.00215522269718, 0.00805139355361, -0.00166454736609, 0.000547717849258, 0.00126404606272, -0.00283347722143, 0.00108113395981, -0.000804806943052], [-0.000322030682582, 0.00185887026601, -0.00109731662087, 0.00163671770133, -0.00142509501893, 0.000619416474365, -0.00166454736609, 0.00890136975795, -0.00248660030775, -0.00157788069919, 0.00152051518671, -0.00408086786047, 0.00335170701146], [0.000481902825413, -0.00112563732546, 0.00101962382905, -0.00110359094106, 0.000408200168749, 0.000594048819039, 0.000547717849258, -0.00248660030775, 0.00988306291401, -0.00230327481404, 0.00244303094223, 0.000288293813355, 0.0010635118233], [0.000701367855072, -0.000648356508464, 0.000992555986159, -0.000578787003178, 0.0020211476367, -0.0023491429165, 0.00126404606272, -0.00157788069919, -0.00230327481404, 0.011107172817, -0.00311009399593, 0.00301991496235, -0.00175224954728], [-0.000534390390385, 0.00123912771232, -0.000676976807881, 0.0023137468379, -0.000645805208478, 0.00268097477965, -0.00283347722143, 0.00152051518671, 0.00244303094223, -0.00311009399593, 0.0138433938846, -0.00436765700579, 0.0036727078259], [0.000822973030154, -0.000906537694391, 0.00200611492619, -0.00122895662207, 0.00328055536374, -0.00146927707829, 0.00108113395981, -0.00408086786047, 0.000288293813355, 0.00301991496235, -0.00436765700579, 0.0151865324005, -0.00640916079283], [-0.000316825142363, 0.000934124516789, -0.000749898317736, 0.000920155085623, -0.00110547733493, 0.00277982768603, -0.000804806943052, 0.00335170701146, 0.0010635118233, -0.00175224954728, 0.0036727078259, -0.00640916079283, 0.0105049619451]]}, "melbands": {"dmean": [2.05469168577e-05, 0.000183176773135, 0.000774517131504, 0.00105416192673, 0.000174581102328, 0.000139587500598, 0.000117036797747, 7.94764200691e-05, 9.23362858885e-06, 2.21419281843e-06, 5.21401079823e-06, 3.63091498912e-06, 6.6360562414e-06, 5.5872556004e-06, 2.70929353974e-06, 1.23586903555e-06, 3.31418141286e-06, 2.07380549e-06, 1.19096819162e-06, 1.44934574564e-06, 1.01122793694e-06, 5.41709482604e-07, 4.88851469527e-07, 1.26042323245e-06, 1.02088165477e-06, 6.59728186747e-07, 6.53336996947e-07, 4.69971126904e-07, 5.82646748626e-07, 4.99633301843e-07, 8.80807817794e-07, 5.60400451377e-07, 3.28797796101e-07, 1.88265104839e-07, 1.54003544139e-07, 1.03394334872e-07, 3.69795749577e-08, 1.18645813174e-08, 7.65912400169e-09, 1.06756870011e-08], "dmean2": [2.97760288959e-05, 0.000271092081675, 0.00107991450932, 0.00160679931287, 0.000259290274698, 0.000207278091693, 0.000176002416993, 9.3727496278e-05, 1.12060060928e-05, 3.34064588969e-06, 7.78426874604e-06, 5.13878148922e-06, 8.17290401756e-06, 7.70509450376e-06, 3.77147193831e-06, 1.63618301485e-06, 4.92005119668e-06, 3.15047805088e-06, 1.57408226187e-06, 1.9665731088e-06, 1.35025868531e-06, 7.63074297083e-07, 6.84278234075e-07, 1.79256278443e-06, 1.56999192313e-06, 1.02894762222e-06, 9.97829147309e-07, 6.92958906257e-07, 9.34011097797e-07, 7.50366950797e-07, 1.34087474635e-06, 8.74438057963e-07, 5.10734537329e-07, 3.04197754986e-07, 2.42934504513e-07, 1.70348968709e-07, 6.38657837726e-08, 2.03418615285e-08, 1.31662902803e-08, 1.85943029862e-08], "dvar": [3.738882981e-09, 2.84297811959e-07, 1.3076302821e-05, 1.94966996787e-05, 2.06295283078e-07, 1.64562564464e-07, 2.56025572298e-07, 1.308723796e-07, 9.63269819465e-09, 6.73286218444e-11, 4.02821637158e-10, 2.09462072687e-10, 1.14891574032e-09, 1.06535846811e-09, 2.28208854591e-10, 3.1828394087e-11, 4.19959123032e-10, 1.24650748057e-10, 5.2779034615e-11, 5.69347763379e-11, 1.71103201052e-11, 6.77443908262e-12, 8.01426893599e-12, 6.92640389488e-11, 8.0414411241e-11, 3.56722394679e-11, 2.26693525063e-11, 1.41417971083e-11, 4.85773643533e-11, 1.47173523368e-11, 7.63009655458e-11, 1.7286953119e-11, 5.45335738372e-12, 1.72516146334e-12, 1.31810990074e-12, 6.45887423406e-13, 1.33009393972e-13, 5.84150215788e-15, 2.25836813782e-15, 5.81757474767e-15], "dvar2": [6.77831879514e-09, 5.28936766386e-07, 2.14406536543e-05, 4.38552997366e-05, 4.06787393104e-07, 3.51858886916e-07, 5.71864347876e-07, 1.63456704172e-07, 1.27477530754e-08, 1.45072079349e-10, 8.60893856203e-10, 4.78836692519e-10, 2.12323270077e-09, 2.17038809147e-09, 4.43515862925e-10, 6.24856624776e-11, 1.04666109113e-09, 2.9357596909e-10, 1.09437583995e-10, 1.27105631575e-10, 3.54513501888e-11, 1.49300537211e-11, 1.65127078677e-11, 1.37558672786e-10, 1.90188378935e-10, 9.85078962845e-11, 5.93415108718e-11, 3.44069286951e-11, 1.33529118318e-10, 3.3913150066e-11, 1.6251554269e-10, 4.14452430708e-11, 1.35195257767e-11, 4.50704968138e-12, 3.25336524214e-12, 1.66915591591e-12, 3.68262766202e-13, 1.54645600389e-14, 5.73558365244e-15, 1.51756709819e-14], "max": [0.00184880115557, 0.016788797453, 0.135658577085, 0.118207752705, 0.011926824227, 0.0111601483077, 0.0152833191678, 0.0265264287591, 0.00732311047614, 0.000299556821119, 0.000666733190883, 0.000536304665729, 0.00168096285779, 0.00142180116381, 0.000676722964272, 0.000180657967576, 0.000762573967222, 0.000376029027393, 0.000429540727055, 0.000388118671253, 0.000116801878903, 8.61375738168e-05, 0.000152108143084, 0.000393092341255, 0.000291500386083, 0.000313479860779, 0.000187299534446, 0.00020648552163, 0.000367854809156, 0.000205522810575, 0.000481027440401, 0.000160984360264, 6.61595258862e-05, 4.9606875109e-05, 3.91020948882e-05, 2.18724107981e-05, 1.59234532475e-05, 2.09144241126e-06, 1.65039955391e-06, 2.46065542342e-06], "mean": [4.11577530031e-05, 0.000413259404013, 0.00130241771694, 0.00194967270363, 0.000675835821312, 0.000536103907507, 0.000356403033948, 0.00029475975316, 2.26415686484e-05, 5.81306358072e-06, 1.32849254442e-05, 9.74561498879e-06, 1.98840461962e-05, 1.26570503198e-05, 5.76258253204e-06, 2.84979387288e-06, 6.76112949805e-06, 4.38135703007e-06, 2.36219034377e-06, 2.8300626127e-06, 1.9260182853e-06, 9.4854794952e-07, 8.51119750678e-07, 2.1040050342e-06, 1.39932694765e-06, 7.80136247158e-07, 8.35312278014e-07, 6.02405009431e-07, 6.69329097036e-07, 6.79445065543e-07, 1.02606736618e-06, 6.17329249053e-07, 3.41617948152e-07, 1.74534577013e-07, 1.40081795053e-07, 8.6642607755e-08, 2.76405653921e-08, 8.99695340451e-09, 5.99652416611e-09, 7.84447262703e-09], "median": [8.83699249243e-06, 0.000113094545668, 0.000225757743465, 0.000326588051394, 0.000282027409412, 0.000150808671606, 9.52794507612e-05, 6.80224475218e-05, 2.71128010354e-06, 1.78145569407e-06, 1.98470661417e-06, 1.64112839229e-06, 1.95404186343e-06, 8.40921416057e-07, 6.71701513966e-07, 4.90514537432e-07, 7.97890265858e-07, 3.86632535765e-07, 1.70647211917e-07, 2.09933546103e-07, 1.1010813239e-07, 4.87500173563e-08, 3.17883817047e-08, 3.65138994596e-08, 2.09824158048e-08, 1.81767703111e-08, 1.44525227341e-08, 9.66633173505e-09, 6.15146245053e-09, 6.08250827483e-09, 6.40365760418e-09, 4.94487961689e-09, 4.00899891062e-09, 2.91113111395e-09, 1.83256188002e-09, 9.85778791929e-10, 4.19142609509e-10, 2.71026368015e-10, 2.52913801013e-10, 2.54907872588e-10], "min": [8.52851724131e-24, 9.62752354458e-24, 9.43343457404e-24, 1.4418122783e-23, 1.30359177813e-23, 6.23090976218e-24, 4.06037002552e-24, 6.89879214227e-24, 6.53945022273e-24, 2.26278629102e-23, 1.04441058109e-23, 7.68815870733e-24, 1.80495903176e-23, 1.1540776297e-23, 1.68454746096e-23, 9.22948405333e-24, 1.06602024229e-23, 4.6845254512e-24, 5.54068013594e-24, 1.14130952152e-23, 7.52228571365e-24, 6.74110673593e-24, 6.54019254084e-24, 1.15804788775e-23, 5.536378083e-24, 7.01152036563e-24, 8.76083204473e-24, 9.51988899609e-24, 8.91638989321e-24, 1.1482610427e-23, 1.08129621818e-23, 1.00154372173e-23, 8.88790964795e-24, 1.6106586465e-23, 1.13522069862e-23, 9.23991042791e-24, 7.6239706732e-24, 1.19735509116e-23, 1.30157963062e-23, 1.00177036146e-23], "var": [1.20531664649e-08, 8.80723177943e-07, 3.26443405356e-05, 3.86897409044e-05, 1.36777975968e-06, 9.58787722993e-07, 7.19878016753e-07, 7.558809898e-07, 3.11461114677e-08, 1.87975107702e-10, 1.5457247704e-09, 6.79485134825e-10, 4.48400072628e-09, 2.51137555196e-09, 5.04625896625e-10, 7.59498020031e-11, 6.30912933008e-10, 2.41739572804e-10, 1.2624634671e-10, 1.20356613564e-10, 4.46394310405e-11, 1.42937146494e-11, 2.01658811178e-11, 1.60281538042e-10, 1.2014604589e-10, 2.75949870593e-11, 2.33850404319e-11, 1.54034042466e-11, 3.98095514886e-11, 2.42828986086e-11, 1.18673987304e-10, 2.31648294297e-11, 5.97359141319e-12, 1.53867218446e-12, 1.28586800496e-12, 5.3125998609e-13, 9.06872572371e-14, 4.41236360532e-15, 1.85318061013e-15, 4.46158426637e-15]}, "mfcc": {"mean": [-842.569641113, 189.590133667, 29.261674881, 25.2405719757, -1.12182807922, 4.95038223267, -15.9200401306, -16.8061771393, -16.9657382965, -12.6860733032, -7.15827274323, -6.69522619247, 1.72356128693], "cov": [[9283.40917969, 156.609909058, -2154.67333984, 1083.26074219, -594.718200684, 363.647277832, -284.90032959, 59.7597808838, -319.36026001, -370.834350586, -219.046096802, -264.634552002, -157.742874146], [156.609909058, 2005.3894043, 182.231765747, -392.000640869, 270.397338867, -125.010360718, 45.0199546814, -199.243621826, -83.7731781006, -56.7682266235, -94.6108398438, -83.1589279175, -69.723487854], [-2154.67333984, 182.231765747, 1226.27075195, -223.976974487, 149.031112671, 26.620716095, 67.6337738037, -0.476439237595, 49.9966888428, 112.834838867, 38.2576446533, 52.6167449951, 27.9618225098], [1083.26074219, -392.000640869, -223.976974487, 527.588745117, -90.1796340942, 96.8120574951, -30.0132732391, 69.1096115112, 22.8375358582, -33.3732948303, -10.1060781479, -24.9620952606, 11.5761451721], [-594.718200684, 270.397338867, 149.031112671, -90.1796340942, 286.83114624, -3.89757156372, 23.3864192963, -21.2403087616, 24.5690574646, 46.0855293274, 9.91695022583, 7.74833440781, -4.27362155914], [363.647277832, -125.010360718, 26.620716095, 96.8120574951, -3.89757156372, 222.930374146, 29.9899349213, 14.7627725601, 8.84229469299, 20.2398338318, 7.77461671829, -20.6146602631, -24.8105716705], [-284.90032959, 45.0199546814, 67.6337738037, -30.0132732391, 23.3864192963, 29.9899349213, 161.954025269, 17.9764900208, -12.3810882568, 21.3461418152, 20.6704177856, 6.34492254257, -22.5634460449], [59.7597808838, -199.243621826, -0.476439237595, 69.1096115112, -21.2403087616, 14.7627725601, 17.9764900208, 162.229034424, 30.3241958618, -18.5016899109, 40.671333313, 24.5465106964, 17.5653057098], [-319.36026001, -83.7731781006, 49.9966888428, 22.8375358582, 24.5690574646, 8.84229469299, -12.3810882568, 30.3241958618, 166.246139526, 30.9987716675, -32.8587684631, 30.0064468384, 36.6164550781], [-370.834350586, -56.7682266235, 112.834838867, -33.3732948303, 46.0855293274, 20.2398338318, 21.3461418152, -18.5016899109, 30.9987716675, 139.029678345, 39.9053535461, 4.08379459381, 18.4275302887], [-219.046096802, -94.6108398438, 38.2576446533, -10.1060781479, 9.91695022583, 7.77461671829, 20.6704177856, 40.671333313, -32.8587684631, 39.9053535461, 180.032455444, 60.1729278564, -11.4226236343], [-264.634552002, -83.1589279175, 52.6167449951, -24.9620952606, 7.74833440781, -20.6146602631, 6.34492254257, 24.5465106964, 30.0064468384, 4.08379459381, 60.1729278564, 142.645294189, 42.9941596985], [-157.742874146, -69.723487854, 27.9618225098, 11.5761451721, -4.27362155914, -24.8105716705, -22.5634460449, 17.5653057098, 36.6164550781, 18.4275302887, -11.4226236343, 42.9941596985, 121.172233582]], "icov": [[0.000473572843475, -0.000388515356462, 0.000642518920358, -0.000661669590045, 0.000646032451186, -0.000854461162817, 0.000770571467001, -0.000627078348771, 0.000887826026883, -0.000273306824965, 0.000603526073974, -0.000319776881952, 0.000333741423674], [-0.000388515356462, 0.00112722069025, -0.000580283347517, 0.000911762705073, -0.00120845320635, 0.000946997432038, -0.000908413552679, 0.00125399092212, -0.000635271659121, 0.000964532315265, -0.000441461685114, 0.000706838385668, -0.000257141480688], [0.000642518920358, -0.000580283347517, 0.00188096717466, -0.000527373631485, 0.000620788312517, -0.00142060697544, 0.00087205960881, -0.00107495021075, 0.0011087001767, -0.000975959177595, 0.000890145951416, -0.000700657721609, 0.000314002361847], [-0.000661669590045, 0.000911762705073, -0.000527373631485, 0.00364875025116, -0.000762075709645, 0.000140890479088, -0.000781943323091, 0.000335664721206, -0.00152984552551, 0.00099607789889, -0.00089467689395, 0.00112658750731, -0.000929166155402], [0.000646032451186, -0.00120845320635, 0.000620788312517, -0.000762075709645, 0.00547444727272, -0.00130425568204, 0.000973539019469, -0.0010989230359, 0.000510100042447, -0.00176483951509, 0.000665192666929, -0.000786204182077, 0.000797729648184], [-0.000854461162817, 0.000946997432038, -0.00142060697544, 0.000140890479088, -0.00130425568204, 0.00703220069408, -0.00234613008797, 0.00124752009287, -0.00189071008936, -0.000127710518427, -0.00116128812078, 0.00121031724848, 0.000574939709622], [0.000770571467001, -0.000908413552679, 0.00087205960881, -0.000781943323091, 0.000973539019469, -0.00234613008797, 0.00850991345942, -0.00273993401788, 0.00248474231921, -0.0020929435268, 0.00151543319225, -0.00161442207173, 0.00217278022319], [-0.000627078348771, 0.00125399092212, -0.00107495021075, 0.000335664721206, -0.0010989230359, 0.00124752009287, -0.00273993401788, 0.00990831945091, -0.00354466657154, 0.00386302010156, -0.00394294969738, 0.00160035048611, -0.00206449697725], [0.000887826026883, -0.000635271659121, 0.0011087001767, -0.00152984552551, 0.000510100042447, -0.00189071008936, 0.00248474231921, -0.00354466657154, 0.0102745965123, -0.0035289064981, 0.00481486832723, -0.00340825202875, 0.000382961385185], [-0.000273306824965, 0.000964532315265, -0.000975959177595, 0.00099607789889, -0.00176483951509, -0.000127710518427, -0.0020929435268, 0.00386302010156, -0.0035289064981, 0.0117650115862, -0.00467617809772, 0.00340156024322, -0.00307940412313], [0.000603526073974, -0.000441461685114, 0.000890145951416, -0.00089467689395, 0.000665192666929, -0.00116128812078, 0.00151543319225, -0.00394294969738, 0.00481486832723, -0.00467617809772, 0.0105105666444, -0.00550854532048, 0.00325266015716], [-0.000319776881952, 0.000706838385668, -0.000700657721609, 0.00112658750731, -0.000786204182077, 0.00121031724848, -0.00161442207173, 0.00160035048611, -0.00340825202875, 0.00340156024322, -0.00550854532048, 0.0115613322705, -0.00437686126679], [0.000333741423674, -0.000257141480688, 0.000314002361847, -0.000929166155402, 0.000797729648184, 0.000574939709622, 0.00217278022319, -0.00206449697725, 0.000382961385185, -0.00307940412313, 0.00325266015716, -0.00437686126679, 0.0116174453869]]}, "spectral_contrast_coeffs": {"dmean": [0.0439042560756, 0.0324589125812, 0.028347318992, 0.0264344066381, 0.0231135394424, 0.0224640481174], "dmean2": [0.0727242156863, 0.0504690930247, 0.0438621081412, 0.0396583899856, 0.0329999141395, 0.0311403553933], "dvar": [0.00158303172793, 0.00105477985926, 0.000840721128043, 0.000816728163045, 0.000793188228272, 0.000579977408051], "dvar2": [0.00380057655275, 0.00229279813357, 0.00179713254329, 0.00157571898308, 0.00134854519274, 0.00105540559161], "max": [-0.15536659956, -0.315567195415, -0.410598397255, -0.506106138229, -0.524770379066, -0.498772829771], "mean": [-0.539818286896, -0.583518028259, -0.740654230118, -0.736890375614, -0.788714110851, -0.781133055687], "median": [-0.53761446476, -0.578294992447, -0.747680127621, -0.737520396709, -0.808235168457, -0.795845389366], "min": [-0.962166011333, -0.975445747375, -0.967569947243, -0.957550406456, -0.960450708866, -0.961319386959], "var": [0.0133763104677, 0.0104332473129, 0.00719126453623, 0.00630713254213, 0.00753631163388, 0.00513854576275]}, "spectral_contrast_valleys": {"dmean": [0.418081015348, 0.326672196388, 0.328211575747, 0.357430815697, 0.349409252405, 0.32637450099], "dmean2": [0.693744659424, 0.514196038246, 0