{"lowlevel": {"average_loudness": 0.306923985481, "barkbands_crest": {"dmean": 1.96807336807, "dmean2": 3.2779712677, "dvar": 3.37098264694, "dvar2": 9.37383842468, "max": 26.2025165558, "mean": 13.042845726, "median": 12.0554409027, "min": 3.82642507553, "var": 23.3586788177}, "barkbands_flatness_db": {"dmean": 0.0158899948001, "dmean2": 0.0265999883413, "dvar": 0.000196522363694, "dvar2": 0.000551998964511, "max": 0.517998099327, "mean": 0.33640179038, "median": 0.341803967953, "min": 0.0303925797343, "var": 0.00400217529386}, "barkbands_kurtosis": {"dmean": 1.92830824852, "dmean2": 3.13067293167, "dvar": 7.76798152924, "dvar2": 20.8576335907, "max": 77.6980285645, "mean": 4.5343375206, "median": 2.598082304, "min": -1.7640914917, "var": 40.7424697876}, "barkbands_skewness": {"dmean": 0.3653832376, "dmean2": 0.588252365589, "dvar": 0.118419617414, "dvar2": 0.330601364374, "max": 7.86585855484, "mean": 0.884733498096, "median": 0.807258844376, "min": -2.79599499702, "var": 1.23676276207}, "barkbands_spread": {"dmean": 0.764565467834, "dmean2": 1.24488139153, "dvar": 1.48593866825, "dvar2": 3.13650560379, "max": 86.4635391235, "mean": 4.22297334671, "median": 3.34286117554, "min": 0.209654897451, "var": 25.6008872986}, "dissonance": {"dmean": 0.0481809861958, "dmean2": 0.0821260809898, "dvar": 0.00173808715772, "dvar2": 0.00483081815764, "max": 0.500000298023, "mean": 0.359469175339, "median": 0.363249450922, "min": 0.10424131155, "var": 0.00515871075913}, "dynamic_complexity": 6.62561511993, "erbbands_crest": {"dmean": 2.30158257484, "dmean2": 3.73141050339, "dvar": 4.81906270981, "dvar2": 12.4983081818, "max": 32.8249053955, "mean": 14.5365066528, "median": 13.5565547943, "min": 2.303211689, "var": 31.1234092712}, "erbbands_flatness_db": {"dmean": 0.0129921110347, "dmean2": 0.0210406631231, "dvar": 0.000136193746584, "dvar2": 0.000342151994118, "max": 0.547294020653, "mean": 0.363465100527, "median": 0.367417275906, "min": 0.055258307606, "var": 0.00382270431146}, "erbbands_kurtosis": {"dmean": 1.36199164391, "dmean2": 2.15092396736, "dvar": 3.14159440994, "dvar2": 7.0837521553, "max": 61.6376266479, "mean": 3.07575821877, "median": 1.5493710041, "min": -1.70574903488, "var": 24.4461860657}, "erbbands_skewness": {"dmean": 0.316982358694, "dmean2": 0.512908399105, "dvar": 0.0814543664455, "dvar2": 0.213992580771, "max": 6.11114788055, "mean": 0.781451940536, "median": 0.708108305931, "min": -1.80072593689, "var": 0.676518023014}, "erbbands_spread": {"dmean": 1.35117769241, "dmean2": 2.18387031555, "dvar": 2.29690217972, "dvar2": 5.69515371323, "max": 86.0166473389, "mean": 8.31175422668, "median": 7.22578144073, "min": 0.577189803123, "var": 41.0790519714}, "hfc": {"dmean": 1.66285777092, "dmean2": 2.49948239326, "dvar": 13.7069616318, "dvar2": 24.7725410461, "max": 173.458099365, "mean": 7.40565872192, "median": 3.65150785446, "min": 1.07749903167e-16, "var": 127.510887146}, "melbands_crest": {"dmean": 2.36716723442, "dmean2": 3.89207696915, "dvar": 4.96371841431, "dvar2": 13.9294719696, "max": 32.7472953796, "mean": 15.2710590363, "median": 14.3480510712, "min": 1.52489614487, "var": 33.3273353577}, "melbands_flatness_db": {"dmean": 0.0153973437846, "dmean2": 0.0254842638969, "dvar": 0.000213366540265, "dvar2": 0.000562553934287, "max": 0.619199991226, "mean": 0.415522128344, "median": 0.423874378204, "min": 0.00212769676, "var": 0.00612446945161}, "melbands_kurtosis": {"dmean": 1.74375236034, "dmean2": 2.84586811066, "dvar": 6.19725656509, "dvar2": 17.0961284637, "max": 52.0217857361, "mean": 3.83931136131, "median": 2.10227489471, "min": -1.72409617901, "var": 30.9579601288}, "melbands_skewness": {"dmean": 0.341411799192, "dmean2": 0.551378071308, "dvar": 0.0983732640743, "dvar2": 0.268149077892, "max": 5.62809705734, "mean": 0.916320562363, "median": 0.840593993664, "min": -2.50930285454, "var": 0.910821080208}, "melbands_spread": {"dmean": 1.37919509411, "dmean2": 2.29563355446, "dvar": 8.144282341, "dvar2": 22.060956955, "max": 157.433242798, "mean": 8.57196998596, "median": 5.56948661804, "min": 0.454794764519, "var": 341.978759766}, "pitch_salience": {"dmean": 0.053484197706, "dmean2": 0.0890099257231, "dvar": 0.00250715622678, "dvar2": 0.00694127706811, "max": 0.86009824276, "mean": 0.561017692089, "median": 0.573730707169, "min": 0.0935283452272, "var": 0.0181535109878}, "silence_rate_20dB": {"dmean": 0, "dmean2": 0, "dvar": 0, "dvar2": 0, "max": 1, "mean": 1, "median": 1, "min": 1, "var": 0}, "silence_rate_30dB": {"dmean": 0.00501845031977, "dmean2": 0.0100383823738, "dvar": 0.00499335071072, "dvar2": 0.0105274189264, "max": 1, "mean": 0.986570239067, "median": 1, "min": 0, "var": 0.0132506405935}, "silence_rate_60dB": {"dmean": 0.0233210325241, "dmean2": 0.04664895311, "dvar": 0.0227779466659, "dvar2": 0.0480143688619, "max": 1, "mean": 0.302833527327, "median": 0, "min": 0, "var": 0.211137190461}, "spectral_centroid": {"dmean": 37.8371086121, "dmean2": 61.2497444153, "dvar": 26589.84375, "dvar2": 55762.4335938, "max": 11646.7333984, "mean": 638.684265137, "median": 468.513977051, "min": 223.12902832, "var": 1508874.75}, "spectral_complexity": {"dmean": 0.98922508955, "dmean2": 1.70357251167, "dvar": 1.06330478191, "dvar2": 2.55137586594, "max": 18, "mean": 7.2925028801, "median": 8, "min": 0, "var": 12.529458046}, "spectral_decrease": {"dmean": 9.84535564186e-10, "dmean2": 1.52359680428e-09, "dvar": 3.56535109935e-18, "dvar2": 7.29400336806e-18, "max": 3.80665498688e-18, "mean": -4.19293932907e-09, "median": -2.12398099109e-09, "min": -6.86590766463e-08, "var": 3.28095168094e-17}, "spectral_energy": {"dmean": 0.00386192207225, "dmean2": 0.0059702382423, "dvar": 5.54802718398e-05, "dvar2": 0.000112838912173, "max": 0.274868011475, "mean": 0.0164967942983, "median": 0.00839600805193, "min": 1.01226881774e-20, "var": 0.000511697027832}, "spectral_energyband_high": {"dmean": 3.11948980425e-07, "dmean2": 4.22962529001e-07, "dvar": 1.11705122149e-12, "dvar2": 1.84385427933e-12, "max": 3.20122926496e-05, "mean": 1.10252324248e-06, "median": 2.57237445567e-07, "min": 7.12107753223e-21, "var": 5.75746611844e-12}, "spectral_energyband_low": {"dmean": 0.000298914237646, "dmean2": 0.000481210794533, "dvar": 1.45975593568e-06, "dvar2": 4.63108199256e-06, "max": 0.0278916303068, "mean": 0.000702154939063, "median": 0.000121751611005, "min": 9.09932121511e-24, "var": 3.44634622707e-06}, "spectral_energyband_middle_high": {"dmean": 0.000325778411934, "dmean2": 0.00047546546557, "dvar": 7.19763534107e-07, "dvar2": 1.48870071826e-06, "max": 0.0293496884406, "mean": 0.00120679580141, "median": 0.000451577769127, "min": 1.11213130791e-21, "var": 5.90837453274e-06}, "spectral_energyband_middle_low": {"dmean": 0.00368816615082, "dmean2": 0.00572770554572, "dvar": 5.21030888194e-05, "dvar2": 0.000105765007902, "max": 0.270532250404, "mean": 0.0147848892957, "median": 0.00718389078975, "min": 1.66983880228e-22, "var": 0.000453738117358}, "spectral_entropy": {"dmean": 0.117462024093, "dmean2": 0.192577958107, "dvar": 0.0128917703405, "dvar2": 0.0345366373658, "max": 9.81946182251, "mean": 5.74336194992, "median": 5.68547534943, "min": 4.03027248383, "var": 0.452156215906}, "spectral_flux": {"dmean": 0.0101923048496, "dmean2": 0.0170164480805, "dvar": 0.00030885176966, "dvar2": 0.000825638358947, "max": 0.320485800505, "mean": 0.0326963029802, "median": 0.0250323582441, "min": 6.40837244381e-11, "var": 0.000787612283602}, "spectral_kurtosis": {"dmean": 23.3673324585, "dmean2": 41.0529518127, "dvar": 417.198638916, "dvar2": 1230.27282715, "max": 281.508972168, "mean": 77.6498031616, "median": 76.8858032227, "min": -1.27489876747, "var": 1248.89147949}, "spectral_rms": {"dmean": 0.000397118914407, "dmean2": 0.000619012978859, "dvar": 2.95296814556e-07, "dvar2": 6.14881855654e-07, "max": 0.0163757111877, "mean": 0.00327507755719, "median": 0.00286203203723, "min": 3.14257756102e-12, "var": 5.36828520126e-06}, "spectral_rolloff": {"dmean": 73.6919631958, "dmean2": 128.821792603, "dvar": 81642.3671875, "dvar2": 154863.9375, "max": 19638.28125, "mean": 1026.00085449, "median": 581.396484375, "min": 215.33203125, "var": 6938772}, "spectral_skewness": {"dmean": 1.23685741425, "dmean2": 2.18693614006, "dvar": 1.02174913883, "dvar2": 3.08693361282, "max": 13.232998848, "mean": 6.49223470688, "median": 6.54017782211, "min": -0.0836748704314, "var": 3.49261283875}, "spectral_spread": {"dmean": 287828.84375, "dmean2": 513655.6875, "dvar": 433448583168, "dvar2": 870680428544, "max": 48752736, "mean": 1722808.875, "median": 1035726.75, "min": 393465.8125, "var": 20933400068100.0}, "spectral_strongpeak": {"dmean": 0.249408572912, "dmean2": 0.402936249971, "dvar": 0.162894532084, "dvar2": 0.353075742722, "max": 12.714384079, "mean": 1.12357962132, "median": 0.779134511948, "min": 0, "var": 1.41115188599}, "zerocrossingrate": {"dmean": 0.00190793641377, "dmean2": 0.00257634324953, "dvar": 2.49411350524e-05, "dvar2": 3.16530276905e-05, "max": 0.5302734375, "mean": 0.0338540449739, "median": 0.0224609375, "min": 0.0078125, "var": 0.00488089723513}, "barkbands": {"dmean": [1.16344688195e-06, 0.000136519636726, 0.0001517428027, 0.000158739057952, 0.000860551313963, 0.00150292518083, 0.00130851159338, 0.000895436911378, 0.000385929190088, 0.000268081639661, 9.56707663136e-05, 4.19629286625e-05, 2.08687943086e-05, 1.00345368992e-05, 3.92934180127e-06, 1.35087191211e-06, 8.4817042989e-07, 3.76125626644e-07, 2.12661603882e-07, 1.25882110069e-07, 7.30527887072e-08, 1.03554690156e-07, 1.29370064883e-07, 5.02788743972e-08, 3.4498850443e-09, 7.17371884118e-10, 7.65551178006e-10], "dmean2": [1.86710462913e-06, 0.000202722178074, 0.000261605106061, 0.000253047910519, 0.00131494295783, 0.00257636373863, 0.00222322624177, 0.00124863220844, 0.000479970069136, 0.000402117264457, 0.000129775478854, 6.0357273469e-05, 3.22770065395e-05, 1.55381312652e-05, 6.28946008874e-06, 2.12639633901e-06, 1.36533265049e-06, 5.64863285035e-07, 2.82840176169e-07, 1.90372432485e-07, 1.05444890153e-07, 1.37072404982e-07, 1.83279439625e-07, 6.97501576497e-08, 5.47532019723e-09, 1.32174071688e-09, 1.41779743501e-09], "dvar": [6.32331556907e-12, 3.24429066723e-07, 4.81146457787e-07, 2.13734153931e-07, 4.3670102059e-06, 9.70023120317e-06, 1.26462764456e-05, 1.49784254972e-05, 6.82820200382e-06, 6.65297477553e-07, 1.23289595422e-07, 7.59365725855e-09, 4.37054437086e-09, 7.93209997685e-10, 9.6521082793e-11, 9.94679078686e-12, 6.22095777669e-12, 7.86700240542e-13, 3.56815976505e-13, 2.14296205022e-13, 4.97822032349e-14, 1.34850979125e-13, 2.37769710604e-13, 5.54853539958e-14, 2.16051833588e-16, 2.66079311717e-18, 3.02512233643e-18], "dvar2": [1.52018068272e-11, 8.64427988745e-07, 1.60470835908e-06, 5.83113433095e-07, 9.77048512141e-06, 2.90076241072e-05, 3.24149586959e-05, 2.29325760301e-05, 8.9110872068e-06, 1.45405567764e-06, 1.63483164783e-07, 1.65985145628e-08, 9.42399314141e-09, 1.50401868737e-09, 2.07105360639e-10, 2.11852410614e-11, 1.31902535769e-11, 1.69259040377e-12, 6.13293216125e-13, 4.15186792281e-13, 9.20749072689e-14, 2.00647820841e-13, 4.68290553904e-13, 8.70111749036e-14, 5.124584271e-16, 8.94892045853e-18, 1.02258259352e-17], "max": [5.73292927584e-05, 0.0158229339868, 0.0179741419852, 0.0100842760876, 0.0439894236624, 0.0718888491392, 0.109241560102, 0.210023373365, 0.227004274726, 0.0276304390281, 0.0141468718648, 0.0019332281081, 0.00153469282668, 0.00120373722166, 0.000298979750369, 8.19274791866e-05, 7.96881722636e-05, 3.17920275847e-05, 2.03420440812e-05, 1.646272176e-05, 8.3884160631e-06, 1.07648820631e-05, 1.48107419591e-05, 9.60008401307e-06, 3.57077340141e-07, 2.63585562266e-08, 2.76816916056e-08], "mean": [1.55348413955e-06, 0.000292291020742, 0.000302264059428, 0.000382300670026, 0.00237309164368, 0.00394536275417, 0.00379769830033, 0.00301053118892, 0.0010783218313, 0.000826213450637, 0.000271077675279, 0.00012136650912, 5.13881750521e-05, 2.47418429353e-05, 9.8079935924e-06, 3.7311244796e-06, 2.01103966901e-06, 1.02445142147e-06, 7.47538308588e-07, 3.66178340983e-07, 2.31272650808e-07, 2.88023926487e-07, 3.08901576318e-07, 1.04100713827e-07, 5.67858382539e-09, 9.60213242251e-10, 9.04802122115e-10], "median": [4.90137040288e-07, 1.70157109096e-05, 4.21958429797e-05, 5.68721989112e-05, 0.000596731260885, 0.00109352986328, 0.000911849550903, 0.000360845937394, 0.000246166193392, 0.000177310677827, 5.12416518177e-05, 3.53073774022e-05, 1.23620939121e-05, 1.05328454083e-05, 3.91589128412e-06, 1.34760853143e-06, 5.55602923669e-07, 3.88829334952e-07, 2.08206074603e-07, 1.05544920359e-07, 5.78663517103e-08, 4.99749575056e-08, 4.69716496809e-08, 1.55626587173e-08, 1.66961788839e-09, 5.05579744736e-10, 4.72623495895e-10], "min": [3.90439950418e-25, 2.89547174856e-24, 2.70072348752e-25, 8.90991571176e-25, 6.33383796651e-24, 3.64574828361e-24, 1.13705409025e-23, 1.50657381431e-23, 1.97904106979e-23, 1.49738500472e-23, 1.23699038183e-23, 2.46607101313e-23, 2.59392564434e-23, 4.31828833514e-23, 4.77386592087e-23, 7.08731317477e-23, 6.67170149131e-23, 9.50139983197e-23, 1.46960167073e-22, 1.44687667065e-22, 2.50626865118e-22, 3.04595149429e-22, 3.16901934908e-22, 6.08787411816e-22, 9.16473002727e-22, 1.25329606101e-21, 1.93407630743e-21], "var": [1.00542985396e-11, 9.88621422948e-07, 9.30596513626e-07, 8.05252227565e-07, 2.06919685297e-05, 4.74712687719e-05, 7.20496900612e-05, 0.000147046914208, 2.9129027098e-05, 4.83700068798e-06, 8.89435739282e-07, 4.24025152768e-08, 2.00368877046e-08, 2.80638245975e-09, 3.46264739104e-10, 4.95799859501e-11, 2.70844978389e-11, 3.40440219418e-12, 3.18654911485e-12, 7.50878363393e-13, 2.4078436185e-13, 6.16026489802e-13, 7.92061295024e-13, 1.8447657952e-13, 2.85886192844e-16, 2.17145043758e-18, 2.23942255685e-18]}, "erbbands": {"dmean": [0.00144545151852, 0.0400517918169, 0.177472427487, 0.281916350126, 1.3303347826, 3.29005384445, 7.04551839828, 13.4905452728, 18.2395992279, 20.2146587372, 16.0848388672, 9.38729095459, 7.15280866623, 8.19371986389, 2.52853512764, 1.4366838932, 1.06515669823, 0.503128230572, 0.295865446329, 0.112020924687, 0.0798292383552, 0.0407033711672, 0.0238245483488, 0.0106455460191, 0.00942892115563, 0.00604949519038, 0.00327498745173, 0.00287198531441, 0.00346878776327, 0.0037057751324, 0.00403568707407, 0.00183510838542, 0.000464099051896, 7.48191014281e-05, 1.18311018014e-05, 3.79317134502e-06, 1.80664403615e-06, 5.27862937361e-07, 1.812408982e-06, 4.31261742051e-06], "dmean2": [0.00194906431716, 0.0606850683689, 0.30481082201, 0.451926976442, 2.03082895279, 5.07849693298, 10.9124765396, 23.5808944702, 31.4859981537, 32.3889694214, 21.6130981445, 11.5753765106, 9.95655632019, 11.8870515823, 3.55546021461, 2.08727121353, 1.63077676296, 0.77744358778, 0.459836274385, 0.17946241796, 0.126046270132, 0.0647742897272, 0.0352925173938, 0.0148356929421, 0.0127271814272, 0.00902935117483, 0.00491635734215, 0.00397712504491, 0.00444704340771, 0.00505379401147, 0.00573288276792, 0.00252665090375, 0.000699825526681, 0.000116318537039, 1.89927395695e-05, 6.24624999546e-06, 2.94175629278e-06, 9.08055028503e-07, 2.77364165413e-06, 6.6567590693e-06], "dvar": [3.12874071824e-05, 0.0294793732464, 0.757624983788, 0.590276062489, 10.9839019775, 90.8250656128, 310.474121094, 884.221618652, 2129.60107422, 4191.77783203, 6705.80078125, 5465.43212891, 485.440124512, 668.108215332, 46.9775466919, 9.98396492004, 12.2265090942, 1.93949437141, 0.837326228619, 0.0444572456181, 0.042173974216, 0.0101930610836, 0.0045117191039, 0.000829845492262, 0.000785480893683, 0.000481259427033, 8.90202645678e-05, 7.73182473495e-05, 0.000171344436239, 0.000150806823513, 0.0003010253713, 5.94715274929e-05, 5.21384845342e-06, 1.22756034671e-07, 1.4950195526e-09, 6.19552742442e-11, 1.34021110182e-11, 1.32027179987e-12, 1.2591784386e-11, 7.00809688059e-11], "dvar2": [4.73638719996e-05, 0.0840381830931, 2.56944227219, 1.55582523346, 25.0896625519, 202.552688599, 712.755737305, 2679.64892578, 5512.16748047, 9669.56054688, 8054.51513672, 7061.39697266, 812.541748047, 1373.96923828, 80.8784484863, 22.6269378662, 26.363483429, 3.43181586266, 1.74932229519, 0.100877828896, 0.0881155207753, 0.0228133741766, 0.00924600660801, 0.00148433714639, 0.00132904131897, 0.00093296187697, 0.000186840537935, 0.00011864706903, 0.000238483888097, 0.000251707766438, 0.000647018954623, 9.55846262514e-05, 1.22156461657e-05, 3.04075342683e-07, 3.50903928137e-09, 1.6468768016e-10, 3.47539809431e-11, 3.920382248e-12, 2.48194693964e-11, 1.41469724824e-10], "max": [0.264624685049, 4.10972833633, 20.9910068512, 19.2736854553, 92.4770050049, 254.334365845, 472.869689941, 824.963867188, 1669.90490723, 2377.82519531, 5660.25390625, 6479.26025391, 921.585876465, 1050.54382324, 410.498809814, 70.7251281738, 80.6690063477, 78.1852493286, 29.3617515564, 7.78736925125, 5.47888994217, 3.340102911, 3.43994235992, 1.44861161709, 1.30250513554, 0.767415463924, 0.316800266504, 0.28528496623, 0.463698029518, 0.364051192999, 0.663107872009, 0.271212786436, 0.0667631626129, 0.00926535110921, 0.00107312644832, 0.000210821366636, 0.000111713605293, 3.19649116136e-05, 0.000136150803883, 0.000314019940561], "mean": [0.00425529852509, 0.0833017379045, 0.34115216136, 0.771212697029, 4.09790372849, 9.04255104065, 18.3343276978, 35.3859176636, 49.7784423828, 70.4477386475, 48.5781707764, 26.9623794556, 21.3219642639, 26.5733070374, 8.48762893677, 4.18940734863, 2.76536273956, 1.32672202587, 0.807109713554, 0.330565571785, 0.228592723608, 0.10791323334, 0.0678144022822, 0.0383524484932, 0.0337986573577, 0.0190783329308, 0.00955856405199, 0.00921315234154, 0.00979113113135, 0.00967189483345, 0.00934240594506, 0.00404539285228, 0.000876282982063, 0.00013795614359, 3.017716881e-05, 1.27152043206e-05, 6.61602007312e-06, 1.50501125518e-06, 7.94799962023e-06, 1.85049248103e-05], "median": [0.000307755341055, 0.00637571141124, 0.0518501885235, 0.195408582687, 0.804077982903, 1.75166046619, 4.21712493896, 10.0834827423, 15.541595459, 13.3498573303, 9.52627182007, 6.96078920364, 6.2609577179, 5.59743118286, 3.04255247116, 1.55689144135, 0.770144701004, 0.609976887703, 0.372134149075, 0.181537210941, 0.0783396139741, 0.0395326316357, 0.0260727982968, 0.013347373344, 0.0101895127445, 0.00580301042646, 0.00291976053268, 0.00200915383175, 0.00180813425686, 0.00160642038099, 0.00134685169905, 0.00058941100724, 0.000154687339091, 3.77638389182e-05, 1.3246335584e-05, 6.81040091877e-06, 3.645203833e-06, 8.52517928251e-07, 4.07324250773e-06, 9.39000528888e-06], "min": [9.38499867224e-23, 6.42097031985e-22, 1.74793966697e-21, 5.38410972138e-21, 1.81126737067e-20, 2.94740575812e-20, 5.44432701594e-20, 5.40821250427e-20, 1.27169286883e-19, 2.87617083785e-19, 2.68160374061e-19, 5.14572773951e-19, 4.91487765717e-19, 9.68532751144e-19, 1.38548544321e-18, 1.28871709887e-18, 1.68076700161e-18, 2.09262943098e-18, 2.9340108735e-18, 2.79112762359e-18, 3.88507129536e-18, 4.79058963423e-18, 6.48802835769e-18, 5.87095782458e-18, 7.74478536903e-18, 6.89089840323e-18, 8.84410592158e-18, 1.02363807599e-17, 1.08576355861e-17, 1.08443411393e-17, 1.15780288359e-17, 1.07504875726e-17, 1.02509416202e-17, 8.21396800274e-18, 6.51022409506e-18, 4.04690628707e-18, 2.2439555066e-18, 1.00723322328e-18, 2.62920986212e-19, 2.70439301885e-20], "var": [0.000242312933551, 0.0757807344198, 1.25071847439, 2.47261071205, 71.8471450806, 493.126434326, 1384.00427246, 4468.28759766, 9575.45996094, 43393.578125, 44276.0585938, 23155.4785156, 2557.28051758, 5916.49462891, 390.074401855, 42.6126441956, 57.3908309937, 7.58081388474, 2.5664460659, 0.224598020315, 0.204515516758, 0.0445800051093, 0.015602751635, 0.00848300103098, 0.00596467684954, 0.00188726489432, 0.000325258326484, 0.000459633796709, 0.000775986060034, 0.000587186834309, 0.000851349032018, 0.000208531244425, 1.05352692117e-05, 1.60239835623e-07, 2.97374724845e-09, 2.76009992639e-10, 7.48720044297e-11, 4.15631244699e-12, 1.19195348036e-10, 6.48662124014e-10]}, "gfcc": {"mean": [-242.509872437, 210.567352295, -114.629104614, -39.4073944092, -71.0003128052, -18.8209495544, -25.170759201, -23.0928535461, -1.11305510998, -19.4404983521, 1.11994659901, -10.4189596176, -4.82438325882], "cov": [[23582.3496094, 5413.79248047, -2008.9309082, -210.477966309, -1687.41308594, -651.728637695, 5.37976121902, -999.918395996, 343.236114502, -782.719360352, 444.359863281, -388.164031982, 130.094818115], [5413.79248047, 2027.09509277, -375.39932251, -175.344818115, -131.734542847, -94.3066711426, 1.84081411362, -192.602386475, 94.5945739746, -181.78125, 69.1783065796, -135.249542236, 1.52817201614], [-2008.9309082, -375.39932251, 737.835205078, 296.336029053, 97.3045578003, 136.738540649, 87.6363372803, 56.5320129395, -19.4328269958, 56.0613670349, -40.151927948, 8.77456855774, -10.8492641449], [-210.477966309, -175.344818115, 296.336029053, 432.09375, -42.526966095, 65.0097198486, 62.0130996704, -50.3321113586, -10.5945062637, -38.6633987427, -3.48391914368, -38.7708930969, -14.4599027634], [-1687.41308594, -131.734542847, 97.3045578003, -42.526966095, 363.550292969, 98.1305236816, -7.04147005081, 114.728713989, -2.61769890785, 58.97133255, -31.3714427948, 24.5855770111, -5.21820449829], [-651.728637695, -94.3066711426, 136.738540649, 65.0097198486, 98.1305236816, 178.489074707, 27.4304733276, 34.8958091736, 10.8615636826, 19.9617023468, -11.6845226288, 15.3285942078, 16.9307727814], [5.37976121902, 1.84081411362, 87.6363372803, 62.0130996704, -7.04147005081, 27.4304733276, 126.362556458, 33.1290931702, 20.6074924469, 20.8663654327, 14.8149776459, 5.47780799866, 18.2978210449], [-999.918395996, -192.602386475, 56.5320129395, -50.3321113586, 114.728713989, 34.8958091736, 33.1290931702, 167.062561035, 46.0085296631, 63.9913902283, -12.2396612167, 22.6180534363, -7.77920007706], [343.236114502, 94.5945739746, -19.4328269958, -10.5945062637, -2.61769890785, 10.8615636826, 20.6074924469, 46.0085296631, 124.803031921, 36.5597114563, 34.8835601807, 18.2999477386, 14.1633024216], [-782.719360352, -181.78125, 56.0613670349, -38.6633987427, 58.97133255, 19.9617023468, 20.8663654327, 63.9913902283, 36.5597114563, 120.30770874, 21.9207210541, 45.5067901611, 11.1829423904], [444.359863281, 69.1783065796, -40.151927948, -3.48391914368, -31.3714427948, -11.6845226288, 14.8149776459, -12.2396612167, 34.8835601807, 21.9207210541, 86.1229858398, 30.431640625, 8.3518743515], [-388.164031982, -135.249542236, 8.77456855774, -38.7708930969, 24.5855770111, 15.3285942078, 5.47780799866, 22.6180534363, 18.2999477386, 45.5067901611, 30.431640625, 105.277641296, 57.5427894592], [130.094818115, 1.52817201614, -10.8492641449, -14.4599027634, -5.21820449829, 16.9307727814, 18.2978210449, -7.77920007706, 14.1633024216, 11.1829423904, 8.3518743515, 57.5427894592, 120.647468567]], "icov": [[0.000437035952928, -0.000835846702103, 0.000595634337515, -0.000302091590129, 0.00120294163935, 2.61770019279e-05, -0.000176477493369, 0.000315788463922, -0.000538633204997, 0.000718538707588, -0.0008270375547, 0.000292220123811, -0.000433324312326], [-0.000835846702103, 0.00259927147999, -0.00117160135414, 0.00142710469663, -0.00274656619877, 5.09045421495e-05, -0.000398984615458, 0.00081365625374, -0.000438854884123, 7.11741449777e-05, 0.000706662540324, 0.000947644293774, 0.000465121789603], [0.000595634337515, -0.00117160135414, 0.00336874299683, -0.00216959603131, 0.00151204469148, -0.000812620157376, -0.000940370722674, -3.54770031663e-06, -8.08247841633e-06, -0.000484507792862, 0.000226836287766, -0.000407837302191, -3.80317251256e-05], [-0.000302091590129, 0.00142710469663, -0.00216959603131, 0.00512742763385, -0.000904497923329, -0.000691541121341, -0.0017006729031, 0.00243497313932, -0.00145144353155, 0.00219596480019, -0.000915269309189, 0.00211173505522, 0.000222975882934], [0.00120294163935, -0.00274656619877, 0.00151204469148, -0.000904497923329, 0.00795444846153, -0.00203004176728, 0.00106492755003, -0.0024163427297, 0.000353982002707, 0.000454875436844, -0.00140538590495, -7.25718473404e-06, -0.000906142347958], [2.61770019279e-05, 5.09045421495e-05, -0.000812620157376, -0.000691541121341, -0.00203004176728, 0.00794719252735, -0.00081802578643, 0.000323045998812, -0.00114030402619, 0.000534496328328, 0.000491181679536, -0.000348753645085, -0.00102633051574], [-0.000176477493369, -0.000398984615458, -0.000940370722674, -0.0017006729031, 0.00106492755003, -0.00081802578643, 0.0114325713366, -0.00454892031848, 0.00163697346579, -0.00211828551255, -0.00185271713417, 0.000956150062848, -0.00228300550953], [0.000315788463922, 0.00081365625374, -3.54770031663e-06, 0.00243497313932, -0.0024163427297, 0.000323045998812, -0.00454892031848, 0.0141550879925, -0.00663267495111, -0.000266700953944, 0.00218770629726, 0.000456323614344, 0.00182772870176], [-0.000538633204997, -0.000438854884123, -8.08247841633e-06, -0.00145144353155, 0.000353982002707, -0.00114030402619, 0.00163697346579, -0.00663267495111, 0.0142711391672, -0.00484077306464, -0.00230530672707, -0.00101510668173, -0.000671830261126], [0.000718538707588, 7.11741449777e-05, -0.000484507792862, 0.00219596480019, 0.000454875436844, 0.000534496328328, -0.00211828551255, -0.000266700953944, -0.00484077306464, 0.0171764157712, -0.00525455316529, -0.00130147999153, -0.000346678978531], [-0.0008270375547, 0.000706662540324, 0.000226836287766, -0.000915269309189, -0.00140538590495, 0.000491181679536, -0.00185271713417, 0.00218770629726, -0.00230530672707, -0.00525455316529, 0.0203063171357, -0.00818527303636, 0.00434181606397], [0.000292220123811, 0.000947644293774, -0.000407837302191, 0.00211173505522, -7.25718473404e-06, -0.000348753645085, 0.000956150062848, 0.000456323614344, -0.00101510668173, -0.00130147999153, -0.00818527303636, 0.0206562187523, -0.00922319386154], [-0.000433324312326, 0.000465121789603, -3.80317251256e-05, 0.000222975882934, -0.000906142347958, -0.00102633051574, -0.00228300550953, 0.00182772870176, -0.000671830261126, -0.000346678978531, 0.00434181606397, -0.00922319386154, 0.0135516533628]]}, "melbands": {"dmean": [2.51618712355e-05, 7.9152348917e-05, 7.49436658225e-05, 0.000160012190463, 0.000226338932407, 0.00030027248431, 0.000285142363282, 0.000220035100938, 0.000121205608593, 5.48173302377e-05, 3.58550278179e-05, 3.52465831384e-05, 1.05841709228e-05, 5.52952224098e-06, 2.91717969958e-06, 1.77703100235e-06, 9.38716766541e-07, 5.37677578905e-07, 2.83894365793e-07, 8.12436908859e-08, 1.05593365163e-07, 4.64873153305e-08, 3.25831379655e-08, 1.57425876779e-08, 9.07389896554e-09, 8.08968980692e-09, 6.41063646611e-09, 3.94817778471e-09, 2.26850560558e-09, 2.01782168752e-09, 1.81991288706e-09, 2.03921324271e-09, 2.33910091296e-09, 2.21434759418e-09, 2.52666332301e-09, 2.00777616755e-09, 8.82431017146e-10, 4.04631272932e-10, 1.40928033132e-10, 3.86568173305e-11], "dmean2": [3.54966068699e-05, 0.000131861772388, 0.000116388036986, 0.000245225295657, 0.00035124149872, 0.000523001886904, 0.000492001592647, 0.000347286550095, 0.00015830747725, 6.76367562846e-05, 5.07477416249e-05, 5.17258849868e-05, 1.46489765029e-05, 7.95412870502e-06, 4.33837794844e-06, 2.77965727946e-06, 1.46035665693e-06, 8.37773711737e-07, 4.57731800907e-07, 1.29673551896e-07, 1.66336988627e-07, 7.49538102696e-08, 5.04694313008e-08, 2.26271392734e-08, 1.27342909551e-08, 1.09822391181e-08, 9.14078857051e-09, 5.97156768478e-09, 3.42514194784e-09, 2.93819479857e-09, 2.49726972434e-09, 2.73073141877e-09, 3.07281933232e-09, 3.08421355122e-09, 3.58646068399e-09, 2.86871282285e-09, 1.21646914764e-09, 6.09372885485e-10, 2.28216723297e-10, 6.10442946192e-11], "dvar": [9.80554748509e-09, 1.38430692687e-07, 3.84225664618e-08, 1.79287411584e-07, 2.9144553082e-07, 4.16111959112e-07, 4.97746611927e-07, 5.17391242738e-07, 3.87348819686e-07, 1.63382097185e-07, 1.22927907853e-08, 1.27630475077e-08, 1.18695808737e-09, 1.33273475589e-10, 6.62825974662e-11, 3.02135191865e-11, 6.9261926923e-12, 3.41210935374e-12, 3.77490519312e-13, 2.5671171528e-14, 8.35372556177e-14, 1.59585327131e-14, 1.9588531372e-14, 1.48639681513e-15, 7.30569040441e-16, 7.07282940051e-16, 4.65183930127e-16, 1.9682666061e-16, 5.18906842605e-17, 6.30483614158e-17, 3.29779142385e-17, 5.01415711506e-17, 8.38468650064e-17, 5.22793698129e-17, 1.05040966071e-16, 6.92562725037e-17, 1.57958542122e-17, 4.64331467566e-18, 7.53938628998e-19, 2.72691074921e-20], "dvar2": [2.13565964913e-08, 4.60863986973e-07, 9.78940093432e-08, 4.07590960094e-07, 6.58063129322e-07, 1.2812110981e-06, 1.31118133595e-06, 1.13831731596e-06, 4.3233333713e-07, 2.13091155388e-07, 2.12740207672e-08, 2.72668412293e-08, 1.80245429693e-09, 2.95054730648e-10, 1.20049997721e-10, 6.61878746255e-11, 1.23740696509e-11, 7.14254263373e-12, 8.357022214e-13, 6.13200964073e-14, 1.71196796973e-13, 3.56203544579e-14, 3.93001874533e-14, 2.68538158697e-15, 1.29340840491e-15, 1.30808970935e-15, 8.07993569292e-16, 3.84229179709e-16, 1.07653182593e-16, 1.29261727614e-16, 4.98519752181e-17, 7.58024872272e-17, 1.22094492156e-16, 9.02728142863e-17, 2.25166212503e-16, 1.32152770177e-16, 2.3747918635e-17, 1.06995158761e-17, 2.03856862846e-18, 6.41645293627e-20], "max": [0.00370440073311, 0.00843440555036, 0.00432737870142, 0.0105167869478, 0.0137809310108, 0.0167644806206, 0.0238445345312, 0.0302138477564, 0.0427559316158, 0.0352190174162, 0.00457196962088, 0.00461889896542, 0.00187500321772, 0.000242911177338, 0.000377099990146, 0.000162101379829, 0.000131769018481, 6.719672092e-05, 2.17070210056e-05, 3.73873695025e-06, 7.86810051068e-06, 4.3240947889e-06, 8.85839017428e-06, 1.90894616026e-06, 1.51719177666e-06, 1.16066701139e-06, 8.59645581386e-07, 3.85140310755e-07, 2.87623350914e-07, 4.20059762973e-07, 2.05439263823e-07, 2.13302172369e-07, 2.93759228498e-07, 2.12968004121e-07, 3.6348481558e-07, 2.48279718562e-07, 1.65231426763e-07, 7.13162648935e-08, 2.94554656222e-08, 4.46627979045e-09], "mean": [6.16997785983e-05, 0.000156668771524, 0.000221617927309, 0.000470611645142, 0.000585339905228, 0.000782288087066, 0.000792902777903, 0.000777824141551, 0.000352169474354, 0.00015258230269, 0.000103860278614, 0.000112316622108, 3.22972700815e-05, 1.62930846273e-05, 6.95173275744e-06, 4.46633202955e-06, 2.27437431022e-06, 1.37454526339e-06, 7.27145334167e-07, 2.30102642718e-07, 2.77903609458e-07, 1.08672026045e-07, 7.68470300727e-08, 4.57568773982e-08, 3.01518383594e-08, 2.53334686562e-08, 2.03900931695e-08, 1.09954836347e-08, 5.64633406697e-09, 5.51580381369e-09, 5.23237764227e-09, 5.25882004609e-09, 5.87451864931e-09, 5.13961273541e-09, 5.59322854699e-09, 4.11297707004e-09, 1.8637924537e-09, 6.8731614844e-10, 2.0105367371e-10, 6.35554456285e-11], "median": [3.67500342691e-06, 1.95840693777e-05, 4.50415900559e-05, 9.15839045774e-05, 0.000143846467836, 0.000226264412049, 0.000234320177697, 0.000129958672915, 6.40834186925e-05, 3.60882768291e-05, 2.7685362511e-05, 2.17684118979e-05, 8.70248913998e-06, 4.74317585031e-06, 1.86353281606e-06, 1.28240571939e-06, 9.62942749538e-07, 5.63821799915e-07, 2.89044606916e-07, 1.13647381283e-07, 7.44719130807e-08, 3.19456177067e-08, 2.56644003827e-08, 1.42393723479e-08, 8.39410496667e-09, 7.06370295589e-09, 5.726629837e-09, 2.76452283288e-09, 1.60288871065e-09, 1.23073307101e-09, 1.00109720513e-09, 9.74846869894e-10, 8.52686143915e-10, 8.5179241438e-10, 7.79400211037e-10, 5.37845434856e-10, 2.68832955896e-10, 1.07810427252e-10, 4.12753373147e-11, 1.871575811e-11], "min": [9.91130166131e-25, 1.05165916757e-24, 1.32233755871e-24, 1.72324357327e-24, 1.8272247097e-24, 1.11788078651e-24, 2.44439792751e-24, 2.95358535651e-24, 2.07315880222e-24, 2.53782114679e-24, 2.39904000318e-24, 3.84006957369e-24, 3.12814548369e-24, 2.63209751914e-24, 2.31662730998e-24, 3.53396629891e-24, 3.30649155157e-24, 2.7526411847e-24, 3.69110975781e-24, 3.71520590859e-24, 4.21969665698e-24, 3.67622947456e-24, 4.2545398543e-24, 4.25123531597e-24, 4.1064150477e-24, 5.11145105665e-24, 5.08430280303e-24, 4.232400473e-24, 4.99476669585e-24, 5.04286275638e-24, 6.11999197461e-24, 5.06450712747e-24, 4.76269446716e-24, 4.82779639666e-24, 5.31708224552e-24, 5.79783222497e-24, 6.39064620688e-24, 5.80305882289e-24, 6.53782753584e-24, 5.8554806022e-24], "var": [4.6020478095e-08, 2.31587989674e-07, 2.01830061997e-07, 1.04462617401e-06, 1.20785409763e-06, 1.99449618776e-06, 2.4513169592e-06, 5.98974020249e-06, 2.46791978498e-06, 6.85927602717e-07, 6.28550509418e-08, 1.11150768589e-07, 9.50259781973e-09, 7.20023818346e-10, 3.14854586847e-10, 1.35984015714e-10, 2.60992078643e-11, 9.76080154202e-12, 1.6537470178e-12, 1.1082207065e-13, 3.8603086114e-13, 7.43276764464e-14, 4.38605992888e-14, 9.93106828327e-15, 8.03135888279e-15, 4.56352637564e-15, 2.69013555938e-15, 7.3323179439e-16, 1.41245986503e-16, 1.87958768283e-16, 1.70638175356e-16, 2.13796793655e-16, 4.00266742714e-16, 1.81878355506e-16, 2.90532936183e-16, 2.12096824999e-16, 5.73019178481e-17, 9.39074822938e-18, 6.52436019814e-19, 3.69750153864e-20]}, "mfcc": {"mean": [-856.454345703, 223.129425049, 19.8722496033, -25.0093383789, -20.8802204132, -13.353890419, -17.273317337, -9.2293176651, -10.7982025146, -4.16002607346, -5.10894203186, -5.32173681259, -0.779898226261], "cov": [[6786.54833984, 3690.12963867, -208.270996094, -75.0629272461, -504.241333008, -67.5375442505, -326.719268799, 5.04171800613, -332.985107422, -48.0875396729, -193.925842285, -116.744171143, 41.0817298889], [3690.12963867, 2732.359375, 63.3844032288, -222.579406738, -125.625297546, -51.2867851257, -109.227355957, -42.795715332, -100.4871521, -32.7350845337, -71.2917022705, -69.7286071777, 22.6398506165], [-208.270996094, 63.3844032288, 444.868011475, 188.219863892, 7.63482570648, 88.3643798828, 61.2119293213, 24.6605796814, 18.9036998749, 43.9931221008, 13.8890762329, -10.4801921844, -10.2544822693], [-75.0629272461, -222.579406738, 188.219863892, 305.292419434, -3.61629199982, 35.2101478577, 39.1016845703, 40.1798248291, -26.8821563721, 28.4761238098, 5.25002479553, -20.4393863678, -8.32405662537], [-504.241333008, -125.625297546, 7.63482570648, -3.61629199982, 208.758987427, 58.906578064, 49.4721717834, 15.5103855133, 50.5380706787, 5.01013994217, 25.9171123505, 4.85366821289, -21.4143447876], [-67.5375442505, -51.2867851257, 88.3643798828, 35.2101478577, 58.906578064, 150.658981323, 48.2483482361, 21.6369686127, 20.6182289124, 12.9689245224, -2.28325176239, -1.76562488079, -7.48301506042], [-326.719268799, -109.227355957, 61.2119293213, 39.1016845703, 49.4721717834, 48.2483482361, 115.477493286, 30.5788612366, 28.2259368896, 13.0490140915, 16.1459369659, -4.41951608658, -13.2742853165], [5.04171800613, -42.795715332, 24.6605796814, 40.1798248291, 15.5103855133, 21.6369686127, 30.5788612366, 81.455619812, 37.0850791931, 19.656496048, 8.54910850525, 10.2478895187, -0.240616574883], [-332.985107422, -100.4871521, 18.9036998749, -26.8821563721, 50.5380706787, 20.6182289124, 28.2259368896, 37.0850791931, 126.203041077, 47.0263748169, 13.7753677368, 20.2120056152, 21.0492458344], [-48.0875396729, -32.7350845337, 43.9931221008, 28.4761238098, 5.01013994217, 12.9689245224, 13.0490140915, 19.656496048, 47.0263748169, 80.4217453003, 30.5600662231, 3.67151761055, 3.57786917686], [-193.925842285, -71.2917022705, 13.8890762329, 5.25002479553, 25.9171123505, -2.28325176239, 16.1459369659, 8.54910850525, 13.7753677368, 30.5600662231, 93.3455734253, 52.4949760437, 2.01001739502], [-116.744171143, -69.7286071777, -10.4801921844, -20.4393863678, 4.85366821289, -1.76562488079, -4.41951608658, 10.2478895187, 20.2120056152, 3.67151761055, 52.4949760437, 106.479881287, 51.070602417], [41.0817298889, 22.6398506165, -10.2544822693, -8.32405662537, -21.4143447876, -7.48301506042, -13.2742853165, -0.240616574883, 21.0492458344, 3.57786917686, 2.01001739502, 51.070602417, 107.672904968]], "icov": [[0.0163201279938, -0.0225996579975, 0.0222662780434, -0.0210400335491, 0.0224097650498, -0.0216815881431, 0.0205629523844, -0.020039755851, 0.0183118339628, -0.0164681058377, 0.0143432989717, -0.0102103352547, 0.00600202986971], [-0.0225996579975, 0.0317809954286, -0.0312598273158, 0.0298670344055, -0.03101471439, 0.0301348250359, -0.0281519219279, 0.0272781793028, -0.0246441289783, 0.0225713644177, -0.0197918154299, 0.0146508403122, -0.00872344244272], [0.0222662780434, -0.0312598273158, 0.0343508832157, -0.0314641222358, 0.0312786959112, -0.0313108935952, 0.0270364414901, -0.0257766302675, 0.0233253613114, -0.0227232053876, 0.0192116573453, -0.0144575033337, 0.00893055833876], [-0.0210400335491, 0.0298670344055, -0.0314641222358, 0.0337624959648, -0.029376020655, 0.0285833124071, -0.0266438964754, 0.022034842521, -0.0190970301628, 0.0188005771488, -0.0181730221957, 0.0148756839335, -0.00933806970716], [0.0224097650498, -0.03101471439, 0.0312786959112, -0.029376020655, 0.0377671979368, -0.0322461090982, 0.0269793570042, -0.0264749191701, 0.0214063767344, -0.0197521671653, 0.016885953024, -0.0132211651653, 0.00964340288192], [-0.0216815881431, 0.0301348250359, -0.0313108935952, 0.0285833124071, -0.0322461090982, 0.0382308326662, -0.0296374876052, 0.0254112314433, -0.0229872372001, 0.0201360881329, -0.0161893106997, 0.0122134480625, -0.00785541906953], [0.0205629523844, -0.0281519219279, 0.0270364414901, -0.0266438964754, 0.0269793570042, -0.0296374876052, 0.038451127708, -0.0283742379397, 0.0217119883746, -0.0190004147589, 0.0150316329673, -0.0102256946266, 0.00752819888294], [-0.020039755851, 0.0272781793028, -0.0257766302675, 0.022034842521, -0.0264749191701, 0.0254112314433, -0.0283742379397, 0.0424836166203, -0.0285996049643, 0.0200322791934, -0.0166367348284, 0.0092291450128, -0.00488515989855], [0.0183118339628, -0.0246441289783, 0.0233253613114, -0.0190970301628, 0.0214063767344, -0.0229872372001, 0.0217119883746, -0.0285996049643, 0.0376881882548, -0.0285046473145, 0.020159939304, -0.0129514783621, 0.00355890393257], [-0.0164681058377, 0.0225713644177, -0.0227232053876, 0.0188005771488, -0.0197521671653, 0.0201360881329, -0.0190004147589, 0.0200322791934, -0.0285046473145, 0.0394404567778, -0.0249680485576, 0.0163446515799, -0.00702447863296], [0.0143432989717, -0.0197918154299, 0.0192116573453, -0.0181730221957, 0.016885953024, -0.0161893106997, 0.0150316329673, -0.0166367348284, 0.020159939304, -0.0249680485576, 0.0352664999664, -0.0229210238904, 0.0102648073807], [-0.0102103352547, 0.0146508403122, -0.0144575033337, 0.0148756839335, -0.0132211651653, 0.0122134480625, -0.0102256946266, 0.0092291450128, -0.0129514783621, 0.0163446515799, -0.0229210238904, 0.0283733550459, -0.013473611325], [0.00600202986971, -0.00872344244272, 0.00893055833876, -0.00933806970716, 0.00964340288192, -0.00785541906953, 0.00752819888294, -0.00488515989855, 0.00355890393257, -0.00702447863296, 0.0102648073807, -0.013473611325, 0.0169861279428]]}, "spectral_contrast_coeffs": {"dmean": [0.0378732830286, 0.036999322474, 0.0273081380874, 0.0195790957659, 0.0131421945989, 0.0156413316727], "dmean2": [0.0628354772925, 0.0626780688763, 0.0431176349521, 0.0327376276255, 0.0222525428981, 0.0273086298257], "dvar": [0.00102562073153, 0.000956434989348, 0.000535459257662, 0.000253422302194, 0.000120540324133, 0.000216182364966], "dvar2": [0.00275605707429, 0.00271980161779, 0.00128978956491, 0.000673492148053, 0.000336406956194, 0.000635641394183], "max": [-0.277267426252, -0.359794914722, -0.439301818609, -0.597189843655, -0.68829202652, -0.695177197456], "mean": [-0.594235062599, -0.676527738571, -0.734071135521, -0.769749879837, -0.808445155621, -0.813171744347], "median": [-0.597140014172, -0.679856777191, -0.738480627537, -0.768287181854, -0.805684685707, -0.810810804367], "min": [-0.980829656124, -0.980079472065, -0.982670903206, -0.970876693726, -0.968967020512, -0.963525950909], "var": [0.013039923273, 0.00932093616575, 0.00559175992385, 0.00240922672674, 0.00158875877969, 0.00186841120012]}, "spectral_contrast_valleys": {"dmean": [0.360649526119, 0.281013637781, 0.228005260229, 0.191756725311, 0.152841448784, 0.240444004536], "dmean2": [0.602872610092, 0.468537181616, 0.3