{"lowlevel": {"average_loudness": 0.0270904451609, "barkbands_crest": {"dmean": 1.43770205975, "dmean2": 2.19513368607, "dvar": 1.81074166298, "dvar2": 4.14588499069, "max": 26.0348205566, "mean": 12.7718343735, "median": 12.4500160217, "min": 3.65782237053, "var": 12.3572921753}, "barkbands_flatness_db": {"dmean": 0.0136900255457, "dmean2": 0.0199605505913, "dvar": 0.000152208522195, "dvar2": 0.000321065395838, "max": 0.55215126276, "mean": 0.351755023003, "median": 0.350649386644, "min": 0.0259008333087, "var": 0.0023967421148}, "barkbands_kurtosis": {"dmean": 2.37540316582, "dmean2": 3.36865139008, "dvar": 9.90709209442, "dvar2": 19.4818725586, "max": 134.790390015, "mean": 8.04705429077, "median": 4.94797277451, "min": -1.8459649086, "var": 84.3983535767}, "barkbands_skewness": {"dmean": 0.357062488794, "dmean2": 0.495731443167, "dvar": 0.111060597003, "dvar2": 0.22224676609, "max": 9.18912124634, "mean": 1.65520513058, "median": 1.51063847542, "min": -2.62807750702, "var": 1.63355898857}, "barkbands_spread": {"dmean": 0.524259269238, "dmean2": 0.713177740574, "dvar": 0.690441548824, "dvar2": 1.40344250202, "max": 72.3003997803, "mean": 3.18463087082, "median": 2.88576006889, "min": 0.162996664643, "var": 4.50599431992}, "dissonance": {"dmean": 0.0387785993516, "dmean2": 0.0649291202426, "dvar": 0.00126694492064, "dvar2": 0.00342148076743, "max": 0.499384880066, "mean": 0.365452826023, "median": 0.375705629587, "min": 0.111008182168, "var": 0.00365878199227}, "dynamic_complexity": 5.38899707794, "erbbands_crest": {"dmean": 2.133685112, "dmean2": 2.98402190208, "dvar": 3.94862270355, "dvar2": 7.39673852921, "max": 33.5529136658, "mean": 17.3716220856, "median": 16.7859687805, "min": 2.71999740601, "var": 36.5902252197}, "erbbands_flatness_db": {"dmean": 0.0122519312426, "dmean2": 0.0167406704277, "dvar": 0.000136933711474, "dvar2": 0.000253073492786, "max": 0.581478357315, "mean": 0.371753841639, "median": 0.369461596012, "min": 0.067230924964, "var": 0.00194650434423}, "erbbands_kurtosis": {"dmean": 1.40549564362, "dmean2": 1.92244935036, "dvar": 4.18807220459, "dvar2": 7.72806453705, "max": 83.5241317749, "mean": 3.29666781425, "median": 1.85022926331, "min": -1.86553001404, "var": 26.9355602264}, "erbbands_skewness": {"dmean": 0.287016630173, "dmean2": 0.396345615387, "dvar": 0.0723123177886, "dvar2": 0.148237809539, "max": 7.40699100494, "mean": 0.910763204098, "median": 0.815457761288, "min": -3.8066239357, "var": 0.877754092216}, "erbbands_spread": {"dmean": 1.77454948425, "dmean2": 2.28765463829, "dvar": 3.50087809563, "dvar2": 5.78667783737, "max": 70.3986053467, "mean": 10.0926628113, "median": 8.82477855682, "min": 0.320770472288, "var": 36.6880111694}, "hfc": {"dmean": 1.1315060854, "dmean2": 1.44693529606, "dvar": 8.94110774994, "dvar2": 12.5311670303, "max": 286.907287598, "mean": 6.48749256134, "median": 3.68849444389, "min": 1.17388893262e-16, "var": 106.302635193}, "melbands_crest": {"dmean": 2.01880979538, "dmean2": 3.07761573792, "dvar": 3.48256969452, "dvar2": 8.18124961853, "max": 33.7688827515, "mean": 18.6386070251, "median": 18.0990371704, "min": 1.82655632496, "var": 31.767490387}, "melbands_flatness_db": {"dmean": 0.0134849147871, "dmean2": 0.0193212684244, "dvar": 0.000172831554664, "dvar2": 0.000355278083589, "max": 0.679502546787, "mean": 0.462294429541, "median": 0.46158105135, "min": 0.00336034456268, "var": 0.00300155719742}, "melbands_kurtosis": {"dmean": 2.82682299614, "dmean2": 3.90280914307, "dvar": 17.943819046, "dvar2": 33.4273414612, "max": 149.222335815, "mean": 9.00888252258, "median": 4.18914651871, "min": -1.81853508949, "var": 164.047225952}, "melbands_skewness": {"dmean": 0.391787797213, "dmean2": 0.526303112507, "dvar": 0.137981593609, "dvar2": 0.255945801735, "max": 9.1144361496, "mean": 1.71733653545, "median": 1.48696100712, "min": -3.49536895752, "var": 2.44245433807}, "melbands_spread": {"dmean": 0.802921235561, "dmean2": 1.10396540165, "dvar": 1.41724121571, "dvar2": 2.04805135727, "max": 155.460189819, "mean": 5.26743412018, "median": 4.94333314896, "min": 0.421324044466, "var": 14.0388212204}, "pitch_salience": {"dmean": 0.0441276580095, "dmean2": 0.0698304772377, "dvar": 0.00163012230769, "dvar2": 0.0043148859404, "max": 0.92613452673, "mean": 0.487383157015, "median": 0.488698780537, "min": 0.0714707225561, "var": 0.0118723278865}, "silence_rate_20dB": {"dmean": 0.000196502252948, "dmean2": 0.000393023830839, "dvar": 0.000196445340407, "dvar2": 0.000491063052323, "max": 1, "mean": 0.999803483486, "median": 1, "min": 0, "var": 0.000196435692487}, "silence_rate_30dB": {"dmean": 0.00471605407074, "dmean2": 0.00943257194012, "dvar": 0.00469439709559, "dvar2": 0.0107198376209, "max": 1, "mean": 0.981824457645, "median": 1, "min": 0, "var": 0.0178475230932}, "silence_rate_60dB": {"dmean": 0.0176852028817, "dmean2": 0.035372145474, "dvar": 0.0173682048917, "dvar2": 0.0415750779212, "max": 1, "mean": 0.179250374436, "median": 0, "min": 0, "var": 0.147102981806}, "spectral_centroid": {"dmean": 24.8587188721, "dmean2": 34.9210624695, "dvar": 4623.81689453, "dvar2": 3721.421875, "max": 11329.84375, "mean": 421.571655273, "median": 410.741546631, "min": 159.066467285, "var": 21489.0019531}, "spectral_complexity": {"dmean": 0.908233463764, "dmean2": 1.54065334797, "dvar": 0.860170304775, "dvar2": 2.04452991486, "max": 18, "mean": 7.10502529144, "median": 7, "min": 0, "var": 8.48827457428}, "spectral_decrease": {"dmean": 6.60817400799e-10, "dmean2": 8.98337404465e-10, "dvar": 2.26917603669e-18, "dvar2": 3.80193343994e-18, "max": 2.96826669741e-18, "mean": -4.38434755168e-09, "median": -2.4078685712e-09, "min": -1.22352389553e-07, "var": 3.89231061464e-17}, "spectral_energy": {"dmean": 0.00259212474339, "dmean2": 0.00351508450694, "dvar": 3.52395400114e-05, "dvar2": 5.85275156482e-05, "max": 0.48780977726, "mean": 0.0171358585358, "median": 0.00943325925618, "min": 1.06056946083e-20, "var": 0.000596241676249}, "spectral_energyband_high": {"dmean": 1.63630687666e-07, "dmean2": 2.17873918018e-07, "dvar": 7.02754694715e-12, "dvar2": 1.4882107699e-11, "max": 0.00030463951407, "mean": 3.90705082509e-07, "median": 1.14567896503e-07, "min": 7.47280296818e-21, "var": 1.37345725071e-11}, "spectral_energyband_low": {"dmean": 0.000425381324021, "dmean2": 0.00068602146348, "dvar": 1.43499960359e-06, "dvar2": 3.50004006577e-06, "max": 0.132140129805, "mean": 0.00319492374547, "median": 8.9657085482e-05, "min": 6.57071151822e-23, "var": 6.40862126602e-05}, "spectral_energyband_middle_high": {"dmean": 0.000215477877646, "dmean2": 0.000257469684584, "dvar": 4.73213020769e-07, "dvar2": 5.44198996977e-07, "max": 0.0350730232894, "mean": 0.000670681125484, "median": 0.000285958085442, "min": 1.7866428743e-21, "var": 2.48695232585e-06}, "spectral_energyband_middle_low": {"dmean": 0.00245715072379, "dmean2": 0.00331226596609, "dvar": 3.33242423949e-05, "dvar2": 5.47957060917e-05, "max": 0.469665259123, "mean": 0.0154223656282, "median": 0.00874006003141, "min": 3.21155801075e-22, "var": 0.000503877585288}, "spectral_entropy": {"dmean": 0.102414704859, "dmean2": 0.151849865913, "dvar": 0.0100661525503, "dvar2": 0.0228521097451, "max": 9.79751873016, "mean": 5.4153881073, "median": 5.42583370209, "min": 3.71009016037, "var": 0.123442173004}, "spectral_flux": {"dmean": 0.00740518700331, "dmean2": 0.0124125564471, "dvar": 0.000145652404171, "dvar2": 0.000392982852645, "max": 0.389774829149, "mean": 0.0244125667959, "median": 0.0214872844517, "min": 1.02983954697e-10, "var": 0.000326229113853}, "spectral_kurtosis": {"dmean": 26.5610752106, "dmean2": 45.5387992859, "dvar": 572.72265625, "dvar2": 1566.58850098, "max": 461.099456787, "mean": 99.2604370117, "median": 95.4795761108, "min": -1.23972988129, "var": 2044.74121094}, "spectral_rms": {"dmean": 0.000266465678578, "dmean2": 0.000362510676496, "dvar": 1.25456267597e-07, "dvar2": 2.26181356311e-07, "max": 0.0218154061586, "mean": 0.00344174890779, "median": 0.00303367432207, "min": 3.21667822586e-12, "var": 4.87217539558e-06}, "spectral_rolloff": {"dmean": 42.4539299011, "dmean2": 73.1131515503, "dvar": 23552.4589844, "dvar2": 42006.328125, "max": 18669.2871094, "mean": 542.309997559, "median": 581.396484375, "min": 150.732421875, "var": 212052.078125}, "spectral_skewness": {"dmean": 1.38518416882, "dmean2": 2.4006216526, "dvar": 1.30469048023, "dvar2": 3.63480830193, "max": 17.566778183, "mean": 7.34177350998, "median": 7.30739688873, "min": -0.0045128390193, "var": 4.01945304871}, "spectral_spread": {"dmean": 259864.671875, "dmean2": 455999.5625, "dvar": 91860688896, "dvar2": 178902515712, "max": 40364888, "mean": 1023118.125, "median": 960557.375, "min": 226652.8125, "var": 371029671936}, "spectral_strongpeak": {"dmean": 0.192567676306, "dmean2": 0.287536621094, "dvar": 0.131425574422, "dvar2": 0.259495705366, "max": 15.2169895172, "mean": 1.07809925079, "median": 0.857626318932, "min": 0, "var": 0.933767199516}, "zerocrossingrate": {"dmean": 0.00164210831281, "dmean2": 0.00206548604183, "dvar": 8.81037067302e-06, "dvar2": 1.01114137578e-05, "max": 0.5146484375, "mean": 0.0205999910831, "median": 0.02001953125, "min": 0.00634765625, "var": 0.000161614225362}, "barkbands": {"dmean": [3.95047436541e-06, 1.70250368683e-05, 0.000209227393498, 0.000313820492011, 0.000881176907569, 0.000657736207359, 0.000428582017776, 0.00101028126664, 0.000240928435232, 4.57636015199e-05, 0.000126150305732, 6.50724832667e-05, 1.49728120959e-05, 1.07062651296e-05, 2.00296362891e-05, 1.1317134522e-05, 2.6828006412e-06, 3.25639859966e-07, 3.06181760834e-07, 6.33466399336e-08, 5.64325404184e-08, 5.70313680726e-08, 2.63141206602e-08, 1.35566828874e-08, 4.01316224696e-09, 2.30803376411e-09, 2.17199702668e-09], "dmean2": [6.90028673489e-06, 2.90456955554e-05, 0.000364255130989, 0.000476504559629, 0.00144135730807, 0.00088116619736, 0.000550469208974, 0.00123833690304, 0.000337868696079, 6.18170597591e-05, 0.000148841791088, 8.34683232824e-05, 2.40624594881e-05, 1.377101853e-05, 2.59858097706e-05, 1.21127577586e-05, 3.7385966607e-06, 4.45342749344e-07, 4.22464978556e-07, 8.70718253054e-08, 8.08219766668e-08, 7.78316362471e-08, 3.71704445001e-08, 1.91473432665e-08, 6.32169960824e-09, 3.89122467581e-09, 3.80929288113e-09], "dvar": [5.2919468807e-10, 6.70737332342e-09, 3.34237711286e-07, 6.86579539888e-07, 7.22146478438e-06, 2.69077690973e-06, 3.33983666678e-06, 1.52381708176e-05, 1.02651233647e-06, 1.07239097602e-08, 3.86866020108e-07, 8.78589077047e-08, 1.45236089821e-09, 1.40821221351e-09, 3.50127549176e-09, 7.81937570249e-10, 8.00763275133e-11, 1.147053264e-12, 1.89959766667e-11, 1.59997368002e-13, 3.29716099258e-13, 8.75103917282e-13, 5.45897311729e-13, 1.01290591854e-13, 3.33981385333e-15, 5.02209222559e-16, 4.7439522814e-17], "dvar2": [1.50551737743e-09, 1.83105850482e-08, 9.5553104984e-07, 1.51069377807e-06, 1.66623412952e-05, 4.96930942973e-06, 5.48298703507e-06, 1.85155149666e-05, 1.68323583694e-06, 2.04881960286e-08, 4.23131950811e-07, 1.22211702092e-07, 3.58429619318e-09, 1.83919124375e-09, 6.68469857246e-09, 8.02257427157e-10, 1.61537297427e-10, 2.20388811367e-12, 3.40418145062e-11, 4.26823344463e-13, 7.08038282952e-13, 1.64964060207e-12, 1.13301902582e-12, 2.19121189292e-13, 7.98894794312e-15, 1.30978250469e-15, 1.3586468031e-16], "max": [0.00152544584125, 0.00412510614842, 0.0458244644105, 0.102083742619, 0.19619256258, 0.105376586318, 0.189087644219, 0.425514400005, 0.094757989049, 0.00885996036232, 0.0348189547658, 0.0185501482338, 0.0016604581615, 0.00262086023577, 0.00241547659971, 0.00153485056944, 0.000683208403643, 9.58728851401e-05, 0.000516654981766, 3.40309670719e-05, 4.06007820857e-05, 0.000101763784187, 8.74507823028e-05, 3.5297965951e-05, 5.53941026737e-06, 2.30588898376e-06, 3.08920931502e-07], "mean": [3.522445013e-06, 1.79214785021e-05, 0.00102576683275, 0.00261249835603, 0.00375083973631, 0.00305531034246, 0.00233503407799, 0.00304100383073, 0.000610048533417, 0.000144232530147, 0.000263308349531, 0.000146009551827, 2.6724577765e-05, 2.44201564783e-05, 4.3511903641e-05, 2.75653837889e-05, 6.08219852438e-06, 8.17675697817e-07, 6.98054520853e-07, 1.92245281028e-07, 1.24439253568e-07, 1.24966035742e-07, 5.60716344467e-08, 2.33501982194e-08, 6.80561251798e-09, 7.07271041733e-09, 9.08339004013e-09], "median": [8.312312616e-07, 6.2556659941e-06, 2.99609546346e-05, 0.000124249214423, 0.00183927838225, 0.00134125526529, 0.000372597773094, 0.000994949718006, 0.000112639092549, 5.06912256242e-05, 3.25274158968e-05, 3.85821113014e-05, 9.81533230515e-06, 5.1014658311e-06, 1.20829645311e-05, 6.34811885902e-06, 1.84352791166e-06, 2.49819748888e-07, 1.45586142253e-07, 5.0012847197e-08, 2.8620734227e-08, 2.31482815138e-08, 1.33764421761e-08, 5.89712501053e-09, 3.44372663719e-09, 5.59614354856e-09, 8.24559887036e-09], "min": [2.84428311662e-23, 1.86027096076e-23, 1.56885848486e-23, 3.62168849932e-23, 8.52816320053e-23, 4.13416094234e-23, 1.88807483669e-23, 1.910617957e-23, 8.62844950969e-23, 7.96468238029e-23, 7.36566621616e-23, 2.21554273669e-22, 9.77245180791e-23, 7.01968696926e-23, 5.87042012891e-23, 2.48133206377e-22, 2.59176047359e-22, 1.8796510644e-22, 2.56146114664e-22, 3.54623218669e-22, 3.15007734724e-22, 4.5686254548e-22, 5.50984430469e-22, 7.9701522787e-22, 1.19204440697e-21, 1.83665579741e-21, 2.44742790753e-21], "var": [3.72662622983e-10, 4.78743977794e-09, 6.60348359816e-06, 4.23146120738e-05, 6.67137210257e-05, 3.53578507202e-05, 8.28148549772e-05, 8.10681594885e-05, 7.06553237251e-06, 9.7205223426e-08, 1.84130135494e-06, 4.11214074347e-07, 3.59390450733e-09, 6.76897826679e-09, 1.11416120774e-08, 4.86065765415e-09, 3.17173870501e-10, 4.61132044008e-12, 5.47341512391e-11, 2.79477640032e-13, 7.16380242887e-13, 2.04124412685e-12, 1.09600490576e-12, 1.38774164686e-13, 3.44676976237e-15, 4.21475812439e-16, 5.25948399549e-17]}, "erbbands": {"dmean": [0.000474225409562, 0.00501263234764, 0.129647523165, 0.866690397263, 1.53527915478, 3.42547774315, 7.63092517853, 2.67593169212, 3.32669615746, 9.02945137024, 27.2990589142, 7.30931854248, 2.52779507637, 2.61608195305, 4.13812828064, 3.22226715088, 0.875214159489, 0.708608865738, 0.863233864307, 0.88710474968, 0.486325472593, 0.134542539716, 0.0413765423, 0.00940927490592, 0.0192602630705, 0.00379205495119, 0.00280770356767, 0.00162835046649, 0.00189426972065, 0.00137585622724, 0.000430522108218, 0.000326952489559, 0.000170955579961, 5.61746674066e-05, 2.52578611253e-05, 1.02250069176e-05, 4.80049266116e-06, 1.66508800703e-06, 1.35151481118e-06, 2.89704803436e-06], "dmean2": [0.000799178611487, 0.0085910782218, 0.224154502153, 1.34304559231, 2.65024518967, 5.85965299606, 9.5751581192, 3.87577223778, 4.32227087021, 11.7680644989, 33.2852401733, 9.61283683777, 3.56325602531, 3.17384529114, 4.96084499359, 4.04273605347, 1.30468916893, 0.946089148521, 1.18297278881, 1.04250717163, 0.486196100712, 0.176478251815, 0.0591910928488, 0.0125968568027, 0.0262972619385, 0.00504796439782, 0.00406648172066, 0.00218250905164, 0.00260865502059, 0.0018886331236, 0.000611763214692, 0.000464831362478, 0.000250389886787, 8.71567899594e-05, 3.96292598452e-05, 1.68943188328e-05, 7.91723323346e-06, 2.87264856524e-06, 1.87840225863e-06, 3.91707317249e-06], "dvar": [6.8925951382e-06, 0.000372677604901, 0.126878350973, 5.73074913025, 16.4750022888, 146.724533081, 402.447906494, 105.357192993, 153.463150024, 1831.48852539, 11749.7373047, 882.390930176, 148.573760986, 57.5284423828, 370.567749023, 232.005630493, 4.72996044159, 6.84841775894, 10.5264396667, 4.77382183075, 2.72317504883, 0.141858428717, 0.0131720891222, 0.00144169863779, 0.0964493378997, 0.00106659042649, 0.00085576454876, 0.000494992651511, 0.000776527507696, 0.00131770386361, 8.50561264087e-05, 4.96611937706e-05, 1.49150246216e-05, 8.2521000877e-07, 1.03100383342e-07, 6.31199403855e-09, 3.37640893022e-09, 8.03307004249e-11, 9.06074781176e-12, 4.44748439465e-11], "dvar2": [1.84535110748e-05, 0.00103013019543, 0.356476902962, 12.9930849075, 38.1985397339, 348.156433105, 817.384521484, 190.830596924, 221.658493042, 3015.54418945, 14295.9511719, 1387.02612305, 256.048370361, 69.1033248901, 413.634674072, 319.221496582, 9.51774978638, 10.7255239487, 20.4296741486, 6.67976760864, 2.21344184875, 0.263473659754, 0.0269061345607, 0.00263330736198, 0.172175109386, 0.00247754226439, 0.00190732616466, 0.000931302609388, 0.00152031215839, 0.0026386892423, 0.00018497032579, 0.000103459082311, 3.45789303537e-05, 1.95837264982e-06, 2.43556399937e-07, 1.59846607062e-08, 8.85995543598e-09, 2.24818538785e-10, 1.59480120082e-11, 7.31423810407e-11], "max": [0.167296543717, 0.980067968369, 29.3897018433, 291.008117676, 345.701599121, 828.696594238, 1250.78979492, 812.804443359, 1454.57043457, 4946.33105469, 11817.1416016, 2719.09912109, 578.958984375, 396.840270996, 1088.54309082, 958.257385254, 91.4506072998, 178.075805664, 135.144134521, 102.351867676, 105.487922668, 23.3155193329, 6.52744293213, 3.1588613987, 37.0694389343, 3.76462578773, 2.14892292023, 2.38847613335, 2.97888159752, 4.26113414764, 1.09523570538, 0.779236614704, 0.42771935463, 0.0889522060752, 0.0344408042729, 0.0075271348469, 0.0061740106903, 0.000612519274, 0.000241709174588, 0.000554997648578], "mean": [0.000690302578732, 0.0129233468324, 0.674370765686, 7.27093887329, 6.08021783829, 12.8911323547, 38.9426002502, 10.5035257339, 16.0060596466, 50.1641807556, 78.1619262695, 19.965341568, 6.7705655098, 8.02061367035, 9.31694698334, 7.28674650192, 1.78636515141, 1.64630866051, 1.74617242813, 2.23301315308, 1.26938164234, 0.351165235043, 0.0917028188705, 0.026091741398, 0.0459234267473, 0.0127339689061, 0.00619345530868, 0.0039556552656, 0.0040353005752, 0.00275208125822, 0.0010344798211, 0.000650087778922, 0.000278477382381, 9.73748319666e-05, 5.66294183955e-05, 3.3155301935e-05, 1.85527896974e-05, 6.63047558191e-06, 9.3740709417e-06, 1.91893159354e-05], "median": [0.000221569658606, 0.00300802476704, 0.0251938179135, 0.294790685177, 2.65564608574, 5.48916006088, 16.2933807373, 4.67392301559, 3.63703966141, 8.28878974915, 24.9909000397, 5.84209442139, 1.37876665592, 2.69055271149, 2.00062608719, 1.7791903019, 0.728740394115, 0.393699407578, 0.390498161316, 0.519721269608, 0.231717780232, 0.110548697412, 0.0349697172642, 0.0105030313134, 0.00932141114026, 0.00296806707047, 0.00157411536202, 0.000948918808717, 0.000816974439658, 0.000513784238137, 0.000376847136067, 0.00019836462161, 8.07853939477e-05, 4.471095599e-05, 3.53569703293e-05, 2.5064111469e-05, 1.45396379594e-05, 5.65023401577e-06, 5.96961626798e-06, 1.06419383883e-05], "min": [1.098990728e-21, 2.43734583602e-21, 1.75836028477e-20, 6.97912897703e-20, 2.03050286785e-19, 2.8218806478e-19, 3.60728502051e-19, 3.25379197067e-19, 1.76622848491e-19, 4.44300213698e-19, 5.18019480467e-19, 2.26840613833e-18, 2.65171026045e-18, 1.83021754859e-18, 4.31347309768e-18, 9.55728615647e-18, 4.48118851637e-18, 3.32594993403e-18, 3.778720684e-18, 7.41299578071e-18, 1.58154219968e-17, 1.37160682078e-17, 1.01408356088e-17, 1.47323878033e-17, 1.34251347243e-17, 1.44886226399e-17, 1.1793932902e-17, 1.53102925752e-17, 1.76662171107e-17, 1.47345897581e-17, 1.55630888966e-17, 1.78039790786e-17, 1.17204618928e-17, 1.08469120166e-17, 9.75246521226e-18, 7.47838358096e-18, 3.07392950809e-18, 1.3428928795e-18, 3.62585677622e-19, 3.41060137488e-20], "var": [5.46388127987e-06, 0.000789218000136, 2.80320334435, 326.890014648, 182.388031006, 1144.87585449, 6018.67089844, 834.107299805, 3331.54736328, 49228.8164062, 59777.6210938, 5434.35986328, 742.102783203, 360.483978271, 1776.92016602, 1092.49291992, 15.2229204178, 30.5611057281, 30.5886821747, 28.1481952667, 18.4021873474, 0.647697925568, 0.0422911904752, 0.0045805205591, 0.279598474503, 0.00262462883256, 0.00175798067357, 0.00124902441166, 0.00169086677488, 0.00273664202541, 0.0001551546884, 7.45740981074e-05, 1.78497575689e-05, 8.92209413905e-07, 1.1069803918e-07, 6.05414074428e-09, 2.82176348954e-09, 6.37752142763e-11, 1.37387864974e-10, 7.42077066462e-10]}, "gfcc": {"mean": [-226.264724731, 214.830581665, -107.738723755, -49.7926292419, -49.3823432922, -31.3091316223, -40.3543586731, -24.769367218, -13.4454660416, -20.2248363495, -19.0077114105, -12.2171430588, -9.50225448608], "cov": [[8220.73144531, 1440.37438965, -796.258789062, 257.060882568, 837.520629883, -284.730041504, 7.86600446701, -131.199859619, 230.981262207, -327.572845459, -29.3824577332, -147.756774902, 142.297637939], [1440.37438965, 640.312561035, 74.1773605347, -57.9749031067, 278.899749756, 15.1105661392, 49.7428588867, -20.1354045868, 62.9848632812, -97.8005065918, -55.1924934387, -92.3605575562, -16.6691875458], [-796.258789062, 74.1773605347, 555.279602051, 16.8836460114, -89.7849731445, 138.591323853, 64.0263595581, 16.9286975861, 4.00481700897, -30.9635829926, -44.3613090515, -47.7966003418, -80.8317108154], [257.060882568, -57.9749031067, 16.8836460114, 298.467681885, 82.0855178833, -11.9812955856, -19.5567054749, -1.64842712879, -18.8820648193, -54.6628761292, -30.9323635101, 0.961234152317, 7.13345861435], [837.520629883, 278.899749756, -89.7849731445, 82.0855178833, 347.158172607, -5.49694013596, -55.3988952637, -31.0863513947, 31.5987644196, -81.9828338623, -59.7024650574, -20.7886810303, 23.7712783813], [-284.730041504, 15.1105661392, 138.591323853, -11.9812955856, -5.49694013596, 163.57093811, 74.7347869873, 22.1316757202, 9.49746894836, -6.85245132446, -42.1790390015, -39.3124275208, -53.4868278503], [7.86600446701, 49.7428588867, 64.0263595581, -19.5567054749, -55.3988952637, 74.7347869873, 176.21975708, 88.8082122803, -3.61610555649, 15.3035326004, -4.67130756378, -74.1073303223, -56.249912262], [-131.199859619, -20.1354045868, 16.9286975861, -1.64842712879, -31.0863513947, 22.1316757202, 88.8082122803, 121.944244385, 33.5953712463, 2.99027729034, -25.4134159088, -45.455280304, -38.4496498108], [230.981262207, 62.9848632812, 4.00481700897, -18.8820648193, 31.5987644196, 9.49746894836, -3.61610555649, 33.5953712463, 100.197860718, 15.1508674622, -32.297542572, -34.8038520813, -18.7288379669], [-327.572845459, -97.8005065918, -30.9635829926, -54.6628761292, -81.9828338623, -6.85245132446, 15.3035326004, 2.99027729034, 15.1508674622, 134.511138916, 70.2200241089, -17.7323722839, -13.2396602631], [-29.3824577332, -55.1924934387, -44.3613090515, -30.9323635101, -59.7024650574, -42.1790390015, -4.67130756378, -25.4134159088, -32.297542572, 70.2200241089, 115.038284302, 44.456401825, 13.225271225], [-147.756774902, -92.3605575562, -47.7966003418, 0.961234152317, -20.7886810303, -39.3124275208, -74.1073303223, -45.455280304, -34.8038520813, -17.7323722839, 44.456401825, 131.547515869, 71.7215576172], [142.297637939, -16.6691875458, -80.8317108154, 7.13345861435, 23.7712783813, -53.4868278503, -56.249912262, -38.4496498108, -18.7288379669, -13.2396602631, 13.225271225, 71.7215576172, 111.042274475]], "icov": [[0.000675669230986, -0.00118378631305, 0.00124546629377, -0.000963989063166, 0.000463283096906, 0.000113451780635, -0.00095199275529, 0.00155962770805, -0.0026096496731, 0.00272233341821, -0.00244593108073, 0.00144794851076, -0.000821219931822], [-0.00118378631305, 0.00870857201517, -0.00407009664923, 0.00472132861614, -0.00620566261932, 0.00287963496521, -0.00439105927944, 0.00265088537708, -0.000687967985868, 0.00144555594306, 0.000140323973028, 0.00155897415243, -3.18001482924e-08], [0.00124546629377, -0.00407009664923, 0.00552995596081, -0.00299900025129, 0.00356600852683, -0.00283126230352, 0.000394600094296, 0.00185859936755, -0.00383094884455, 0.00484053045511, -0.00395977450535, 0.00233920384198, -0.000380870129447], [-0.000963989063166, 0.00472132861614, -0.00299900025129, 0.0066757099703, -0.00404767272994, 0.00180043443106, -0.000864729809109, -0.000628919573501, 0.00275188498199, -0.000511001271661, 0.00209579546936, -0.000106200503069, 0.000632259645499], [0.000463283096906, -0.00620566261932, 0.00356600852683, -0.00404767272994, 0.00962745957077, -0.00413077371195, 0.00599259557202, -0.0022586598061, 0.00027544691693, 0.000943024409935, -0.000192913590581, 0.00122162303887, -0.00107372552156], [0.000113451780635, 0.00287963496521, -0.00283126230352, 0.00180043443106, -0.00413077371195, 0.0145603241399, -0.0108644189313, 0.0071548349224, -0.00293615274131, -0.0013421367621, 0.0062936344184, -0.00430162716657, 0.00435545807704], [-0.00095199275529, -0.00439105927944, 0.000394600094296, -0.000864729809109, 0.00599259557202, -0.0108644189313, 0.0252974331379, -0.0188877154142, 0.0131149142981, -0.00525863049552, -0.00145173806231, 0.00517797796056, -0.000924291205592], [0.00155962770805, 0.00265088537708, 0.00185859936755, -0.000628919573501, -0.0022586598061, 0.0071548349224, -0.0188877154142, 0.0267034955323, -0.0167168490589, 0.0103794876486, -0.00321512832306, 0.00235123676248, 0.000683394027874], [-0.0026096496731, -0.000687967985868, -0.00383094884455, 0.00275188498199, 0.00027544691693, -0.00293615274131, 0.0131149142981, -0.0167168490589, 0.0306667853147, -0.0210941340774, 0.0180300716311, -0.00766012258828, 0.00511486735195], [0.00272233341821, 0.00144555594306, 0.00484053045511, -0.000511001271661, 0.000943024409935, -0.0013421367621, -0.00525863049552, 0.0103794876486, -0.0210941340774, 0.0368487760425, -0.0301118716598, 0.020311653614, -0.00833046901971], [-0.00244593108073, 0.000140323973028, -0.00395977450535, 0.00209579546936, -0.000192913590581, 0.0062936344184, -0.00145173806231, -0.00321512832306, 0.0180300716311, -0.0301118716598, 0.0395966731012, -0.022727387026, 0.0107767377049], [0.00144794851076, 0.00155897415243, 0.00233920384198, -0.000106200503069, 0.00122162303887, -0.00430162716657, 0.00517797796056, 0.00235123676248, -0.00766012258828, 0.020311653614, -0.022727387026, 0.0300392936915, -0.0143738323823], [-0.000821219931822, -3.18001482924e-08, -0.000380870129447, 0.000632259645499, -0.00107372552156, 0.00435545807704, -0.000924291205592, 0.000683394027874, 0.00511486735195, -0.00833046901971, 0.0107767377049, -0.0143738323823, 0.0197061914951]]}, "melbands": {"dmean": [4.51846926808e-06, 5.05410716869e-05, 0.000140142481541, 0.000196601016796, 0.000221244379645, 7.40117466194e-05, 6.08791742707e-05, 9.49380992097e-05, 0.000219588269829, 3.29561989929e-05, 1.22398241729e-05, 9.91812430584e-06, 1.88706926565e-05, 6.34200841887e-06, 5.18413844475e-06, 1.56173723553e-06, 1.22095798361e-06, 1.20550805605e-06, 1.21268772091e-06, 9.49010541262e-07, 5.07980985276e-07, 1.45660280282e-07, 9.39559754443e-08, 1.53198662645e-08, 5.94767746165e-09, 1.55933843615e-08, 6.76219213958e-09, 1.92041360592e-09, 1.84274595583e-09, 1.58555824026e-09, 9.35341804009e-10, 1.09143205584e-09, 1.04456454597e-09, 8.4439222281e-10, 2.19306517391e-10, 2.75719724829e-10, 1.42065928466e-10, 1.16635229253e-10, 8.6641853414e-11, 3.57203468193e-11], "dmean2": [7.6745327533e-06, 8.83185930434e-05, 0.000220073663513, 0.0003384987358, 0.000286226160824, 0.00010516414477, 7.86844539107e-05, 0.000123327394249, 0.000269199401373, 4.52558197139e-05, 1.72964646481e-05, 1.21397461044e-05, 2.22750568355e-05, 8.18553780846e-06, 6.86981684339e-06, 2.29044439948e-06, 1.64884443166e-06, 1.67460154898e-06, 1.53821019921e-06, 1.06829816104e-06, 5.06209914874e-07, 1.9695258402e-07, 1.38894165502e-07, 1.92895921458e-08, 8.19539103247e-09, 2.14499511486e-08, 9.13795616952e-09, 2.59214050224e-09, 2.76415512701e-09, 2.20460782963e-09, 1.28747112971e-09, 1.52747725579e-09, 1.43793243979e-09, 1.17705123426e-09, 3.24110210892e-10, 3.93179766522e-10, 2.06941880299e-10, 1.72054578917e-10, 1.32710328837e-10, 5.59985009752e-11], "dvar": [5.47524026118e-10, 1.91604936362e-08, 1.20950943483e-07, 4.08676299912e-07, 3.58145769042e-07, 5.79450016858e-08, 4.97014660539e-08, 1.59594478077e-07, 7.61337048516e-07, 2.20737010892e-08, 3.69408903467e-09, 6.90373092027e-10, 8.59281268362e-09, 7.33948957166e-10, 5.06532982225e-10, 2.18438409721e-11, 1.94773745743e-11, 2.01725303128e-11, 1.04348231444e-11, 5.36519613459e-12, 3.96984702056e-12, 2.77030758359e-13, 8.06596610792e-14, 2.20271235571e-15, 5.82491799393e-16, 4.56513556883e-14, 1.13380560772e-14, 2.32399397417e-16, 4.52509723197e-16, 4.29861094509e-16, 2.20707775176e-16, 2.57058035289e-16, 3.09466213667e-16, 7.05461131e-16, 2.45013494785e-17, 2.01360212554e-17, 1.03450830457e-17, 6.40454308641e-18, 3.51208232227e-18, 1.77340453522e-19], "dvar2": [1.4916036184e-09, 5.51625340961e-08, 2.80221343019e-07, 9.01428904854e-07, 7.65285619764e-07, 1.05465673528e-07, 7.57318119327e-08, 2.61063661355e-07, 9.43125655795e-07, 3.65534482683e-08, 6.36936414722e-09, 8.73577377103e-10, 9.42892874889e-09, 1.01679586972e-09, 7.24414417341e-10, 4.24747043093e-11, 3.05023055425e-11, 3.92602200749e-11, 1.94257960412e-11, 7.31926585312e-12, 3.32815979637e-12, 5.41037212861e-13, 1.68871860939e-13, 3.67327060763e-15, 1.18283598282e-15, 8.12127871463e-14, 2.06608920239e-14, 6.36849609387e-16, 9.95963044601e-16, 8.70868348511e-16, 4.06647441906e-16, 4.95613959334e-16, 6.1297228e-16, 1.42657680729e-15, 5.63104591659e-17, 4.24027009501e-17, 2.14719526863e-17, 1.48751707576e-17, 8.42753941946e-18, 4.12371248849e-19], "max": [0.00134920189157, 0.0103661613539, 0.0402657277882, 0.0563327521086, 0.0352594964206, 0.0186436362565, 0.0233143437654, 0.0449589192867, 0.0944701209664, 0.0149063738063, 0.00290831876919, 0.00152935343795, 0.00522861629725, 0.00171402574051, 0.00137573608663, 0.000273525511147, 0.000299663195619, 0.000185085140401, 0.000122011173517, 0.000105576225906, 0.000125858947285, 3.80262645194e-05, 1.00145607576e-05, 3.27981501869e-06, 1.82277995009e-06, 2.55660124822e-05, 1.23624749904e-05, 1.43969486999e-06, 1.98950056074e-06, 2.09479389923e-06, 1.56695830356e-06, 1.63992444868e-06, 1.98259976969e-06, 3.12295242111e-06, 5.91035757225e-07, 4.96963195928e-07, 3.52923166247e-07, 2.81346956399e-07, 1.88030170989e-07, 4.09812734858e-08], "mean": [4.70823169962e-06, 0.000234154198552, 0.00105662306305, 0.000685105507728, 0.00112087535672, 0.000300322950352, 0.000303278909996, 0.000501879723743, 0.00060083065182, 8.67018679855e-05, 3.04559798678e-05, 3.05326029775e-05, 4.02983750973e-05, 1.50076602949e-05, 1.06718653115e-05, 3.17672493111e-06, 2.71844032795e-06, 2.33757918977e-06, 2.71763769888e-06, 2.39164182858e-06, 1.29688021389e-06, 3.44501330574e-07, 1.69648373571e-07, 4.13389003029e-08, 1.42494096522e-08, 3.47323272365e-08, 1.79957915236e-08, 6.12172623704e-09, 3.64970365041e-09, 3.45208639452e-09, 2.17063989005e-09, 2.33244579206e-09, 2.10098183295e-09, 1.60680357908e-09, 5.18313225673e-10, 6.059809321e-10, 2.61279137215e-10, 1.88745352681e-10, 1.14661100059e-10, 6.02257757554e-11], "median": [1.61328409831e-06, 9.98605264613e-06, 9.76116352831e-05, 0.000271533994237, 0.000500187452417, 0.000130356522277, 5.96463978582e-05, 0.000106077444798, 0.000184778182302, 1.8661865397e-05, 5.05800744577e-06, 9.85353290162e-06, 5.9267827055e-06, 4.68220741823e-06, 2.62081357505e-06, 9.09648179004e-07, 5.5224091966e-07, 3.96695355676e-07, 7.5586552839e-07, 5.27719066667e-07, 7.25240170141e-08, 8.67511573688e-08, 3.48730679889e-08, 9.34116695106e-09, 5.19370324525e-09, 6.91111567974e-09, 4.07126066193e-09, 8.72925065565e-10, 7.96579135987e-10, 6.05163641421e-10, 4.8824860821e-10, 4.99061236781e-10, 3.20816012644e-10, 2.63082694518e-10, 2.18420434517e-10, 1.68558972335e-10, 9.16725931277e-11, 5.37698115199e-11, 3.10999351272e-11, 2.86327923177e-11], "min": [8.72032640383e-24, 6.70791146903e-24, 1.68096650577e-23, 1.63751510048e-23, 1.43729305194e-23, 7.48611565229e-24, 2.86539228502e-24, 4.96757111058e-24, 4.64223935124e-24, 1.46893915379e-23, 1.33355752736e-23, 7.20732826408e-24, 1.14789682562e-23, 2.27649432697e-23, 1.84899119645e-23, 9.36259249817e-24, 5.53518414202e-24, 6.93861226305e-24, 5.65636895428e-24, 1.06724084677e-23, 2.16932378646e-23, 1.38608998385e-23, 1.37577720524e-23, 6.0511894986e-24, 1.29242734528e-23, 7.90897665192e-24, 1.42344570316e-23, 7.90670946568e-24, 7.39048835563e-24, 7.24266371061e-24, 9.20248686657e-24, 1.07139909038e-23, 7.59917519722e-24, 9.44884576069e-24, 9.07350258654e-24, 9.18732811542e-24, 1.16890734697e-23, 7.08820868967e-24, 8.99247868296e-24, 9.57227882653e-24], "var": [3.89058785188e-10, 3.35368724791e-07, 6.3381835389e-06, 4.19646812588e-06, 4.80616108689e-06, 4.99496309203e-07, 1.14190675049e-06, 4.1649823288e-06, 3.75558602173e-06, 1.47864867017e-07, 1.77629591036e-08, 4.85792073235e-09, 4.1087535152e-08, 3.60848861902e-09, 2.202050986e-09, 8.15842324253e-11, 8.72749789105e-11, 5.84035805828e-11, 3.72803489468e-11, 3.16787360233e-11, 2.64693926499e-11, 1.14924833972e-12, 2.15469393087e-13, 1.07228348718e-14, 1.43557420302e-15, 1.326888496e-13, 3.21016372935e-14, 4.2159929396e-16, 9.9756404275e-16, 1.01128904699e-15, 5.64504578302e-16, 5.85096584524e-16, 6.41248939697e-16, 1.45287389805e-15, 4.16427039469e-17, 3.1854920604e-17, 1.49481032722e-17, 7.55997667658e-18, 3.81213340407e-18, 1.97996329565e-19]}, "mfcc": {"mean": [-859.434204102, 234.435668945, 14.7075424194, -23.6474933624, -3.27886533737, -16.0479831696, -23.9476242065, -15.8317060471, -10.0559558868, -10.9275884628, -13.8007259369, -9.18904781342, -2.82521033287], "cov": [[3622.73876953, 2180.65600586, -739.916320801, -111.773605347, 423.646148682, 69.2415466309, -95.1275787354, 20.8302745819, 81.1387710571, 13.6065998077, -114.115531921, -90.0573577881, 70.1712799072], [2180.65600586, 1655.4588623, -241.029678345, -198.326644897, 274.936798096, 82.2861785889, -68.3183135986, 24.3252182007, 84.63722229, 9.64645957947, -69.7904205322, -42.804309845, 7.36549520493], [-739.916320801, -241.029678345, 469.861968994, 49.0129013062, -143.881759644, 30.1498031616, 41.418586731, 32.6544151306, 35.0224304199, 12.1262865067, 31.873588562, 36.3679885864, -39.3407554626], [-111.773605347, -198.326644897, 49.0129013062, 228.714828491, 44.1635284424, -18.7077636719, 21.9603404999, 22.4961032867, -4.00847387314, -18.30427742, -23.2866268158, -23.6681575775, -0.274808377028], [423.646148682, 274.936798096, -143.881759644, 44.1635284424, 277.892883301, 75.2131958008, -72.6970214844, 2.97689986229, 24.6672477722, -51.4308280945, -66.7488098145, -41.6990089417, -17.8012371063], [69.2415466309, 82.2861785889, 30.1498031616, -18.7077636719, 75.2131958008, 123.431877136, 12.2911300659, -1.90470194817, 28.2682285309, -3.35277485847, -4.60718297958, 4.00080156326, -14.1548833847], [-95.1275787354, -68.3183135986, 41.418586731, 21.9603404999, -72.6970214844, 12.2911300659, 128.463912964, 41.7901191711, -15.5236597061, 33.4886054993, 24.297454834, 1.24379467964, 6.93721055984], [20.8302745819, 24.3252182007, 32.6544151306, 22.4961032867, 2.97689986229, -1.90470194817, 41.7901191711, 110.833381653, 77.9063110352, -0.265286356211, -16.9555130005, -5.38857269287, -10.859872818], [81.1387710571, 84.63722229, 35.0224304199, -4.00847387314, 24.6672477722, 28.2682285309, -15.5236597061, 77.9063110352, 154.886657715, 55.1678085327, -17.637752533, 1.74338972569, -9.11822795868], [13.6065998077, 9.64645957947, 12.1262865067, -18.30427742, -51.4308280945, -3.35277485847, 33.4886054993, -0.265286356211, 55.1678085327, 136.191879272, 67.7372055054, 10.1900854111, 13.6643724442], [-114.115531921, -69.7904205322, 31.873588562, -23.2866268158, -66.7488098145, -4.60718297958, 24.297454834, -16.9555130005, -17.637752533, 67.7372055054, 116.960113525, 63.2799835205, 0.563758909702], [-90.0573577881, -42.804309845, 36.3679885864, -23.6681575775, -41.6990089417, 4.00080156326, 1.24379467964, -5.38857269287, 1.74338972569, 10.1900854111, 63.2799835205, 99.4684524536, 31.9030017853], [70.1712799072, 7.36549520493, -39.3407554626, -0.274808377028, -17.8012371063, -14.1548833847, 6.93721055984, -10.859872818, -9.11822795868, 13.6643724442, 0.563758909702, 31.9030017853, 79.1265716553]], "icov": [[0.0318155698478, -0.0451940558851, 0.0474425777793, -0.0490123815835, 0.0503311268985, -0.0515795908868, 0.0507946126163, -0.0477401763201, 0.0430518873036, -0.0359651744366, 0.0267514567822, -0.0163809396327, 0.00808630231768], [-0.0451940558851, 0.0651629418135, -0.0675177574158, 0.0709032043815, -0.0730448290706, 0.0739652365446, -0.0729405656457, 0.068166680634, -0.0618553869426, 0.0512165203691, -0.0381625033915, 0.0236523859203, -0.011997256428], [0.0474425777793, -0.0675177574158, 0.0749919936061, -0.0756475478411, 0.0799531787634, -0.0820747986436, 0.0801125094295, -0.0758968070149, 0.0684970319271, -0.0578025616705, 0.0444210730493, -0.0285372957587, 0.0161634422839], [-0.0490123815835, 0.0709032043815, -0.0756475478411, 0.0840007811785, -0.0846243202686, 0.0867722257972, -0.086337313056, 0.0798541978002, -0.0737249925733, 0.0620488896966, -0.0469047166407, 0.030300790444, -0.0165341086686], [0.0503311268985, -0.0730448290706, 0.0799531787634, -0.0846243202686, 0.0960570499301, -0.0973559692502, 0.0976035967469, -0.091259740293, 0.0836909115314, -0.0690499097109, 0.0543177202344, -0.0322265140712, 0.018909169361], [-0.0515795908868, 0.0739652365446, -0.0820747986436, 0.0867722257972, -0.0973559692502, 0.112245008349, -0.109064035118, 0.106877982616, -0.100627504289, 0.0831556394696, -0.0629069432616, 0.0372113920748, -0.0197517536581], [0.0507946126163, -0.0729405656457, 0.0801125094295, -0.086337313056, 0.0976035967469, -0.109064035118, 0.126264646649, -0.122704088688, 0.116553902626, -0.0978800952435, 0.0720525979996, -0.0434340536594, 0.02314485237], [-0.0477401763201, 0.068166680634, -0.0758968070149, 0.0798541978002, -0.091259740293, 0.106877982616, -0.122704088688, 0.138531729579, -0.129328474402, 0.107120998204, -0.0800448507071, 0.0499199479818, -0.0260654930025], [0.0430518873036, -0.0618553869426, 0.0684970319271, -0.0737249925733, 0.0836909115314, -0.100627504289, 0.116553902626, -0.129328474402, 0.136338353157, -0.115581937134, 0.0919871255755, -0.0592576302588, 0.0331442691386], [-0.0359651744366, 0.0512165203691, -0.0578025616705, 0.0620488896966, -0.0690499097109, 0.0831556394696, -0.0978800952435, 0.107120998204, -0.115581937134, 0.112466834486, -0.0916515663266, 0.060188870877, -0.0351268239319], [0.0267514567822, -0.0381625033915, 0.0444210730493, -0.0469047166407, 0.0543177202344, -0.0629069432616, 0.0720525979996, -0.0800448507071, 0.0919871255755, -0.0916515663266, 0.093056730926, -0.0626518949866, 0.036440026015], [-0.0163809396327, 0.0236523859203, -0.0285372957587, 0.030300790444, -0.0322265140712, 0.0372113920748, -0.0434340536594, 0.0499199479818, -0.0592576302588, 0.060188870877, -0.0626518949866, 0.0559697411954, -0.0310345217586], [0.00808630231768, -0.011997256428, 0.0161634422839, -0.0165341086686, 0.018909169361, -0.0197517536581, 0.02314485237, -0.0260654930025, 0.0331442691386, -0.0351268239319, 0.036440026015, -0.0310345217586, 0.0318151786923]]}, "spectral_contrast_coeffs": {"dmean": [0.0384870134294, 0.0314630791545, 0.0271531566978, 0.0250528976321, 0.0170862432569, 0.0175165273249], "dmean2": [0.0648039206862, 0.0502024404705, 0.0431373715401, 0.0401516221464, 0.0265805609524, 0.030433088541], "dvar": [0.00095446233172, 0.000691799039487, 0.000478027155623, 0.000409813044826, 0.000235363011598, 0.000277263345197], "dvar2": [0.0026589743793, 0.00172162055969, 0.00121872033924, 0.00107023341116, 0.000563291891012, 0.00081181229325], "max": [-0.184891447425, -0.290368616581, -0.471336483955, -0.525109350681, -0.529491961002, -0.586502373219], "mean": [-0.460009545088, -0.657777547836, -0.747638106346, -0.734351217747, -0.76013815403, -0.83110165596], "median": [-0.456633061171, -0.66081058979, -0.753224849701, -0.733986496925, -0.759072780609, -0.830240368843], "min": [-0.958855271339, -0.969931900501, -0.953004479408, -0.959456264973, -0.959758579731, -0.957102179527], "var": [0.00785716250539, 0.00573595380411, 0.00321848504245, 0.0027299108915, 0.00283974851482, 0.000927964807488]}, "spectral_contrast_valleys": {"dmean": [0.439776986837, 0.256355047226, 0.236507713795, 0.22854116559, 0.190764963627, 0.280326247215], "dmean2": [0.729807376862, 0.425838053226, 0.397427618504, 0.3922188