{"lowlevel": {"average_loudness": 0.384303539991, "barkbands_crest": {"dmean": 2.32678985596, "dmean2": 3.66317296028, "dvar": 4.90822315216, "dvar2": 12.1290769577, "max": 26.7028923035, "mean": 11.1955413818, "median": 9.91858482361, "min": 2.44887042046, "var": 26.3411598206}, "barkbands_flatness_db": {"dmean": 0.018037578091, "dmean2": 0.0273590870202, "dvar": 0.00031995435711, "dvar2": 0.000758041918743, "max": 0.535361170769, "mean": 0.15271680057, "median": 0.144162476063, "min": 0.0233293361962, "var": 0.0037511556875}, "barkbands_kurtosis": {"dmean": 3.38951802254, "dmean2": 5.08601999283, "dvar": 204.187988281, "dvar2": 417.763641357, "max": 629.905029297, "mean": 5.53311443329, "median": 1.21528053284, "min": -1.95359396935, "var": 656.143371582}, "barkbands_skewness": {"dmean": 0.518882155418, "dmean2": 0.805463671684, "dvar": 0.518720686436, "dvar2": 1.33043920994, "max": 16.7881507874, "mean": 1.06613063812, "median": 1.03440105915, "min": -20.0255622864, "var": 2.83685350418}, "barkbands_spread": {"dmean": 4.51666736603, "dmean2": 7.26191425323, "dvar": 34.5116119385, "dvar2": 92.3404006958, "max": 94.6757278442, "mean": 21.0109462738, "median": 17.3866634369, "min": 0.122470714152, "var": 223.944351196}, "dissonance": {"dmean": 0.0201231427491, "dmean2": 0.0339595302939, "dvar": 0.000503155170009, "dvar2": 0.00142027589027, "max": 0.5, "mean": 0.45366576314, "median": 0.463064491749, "min": 0.161055505276, "var": 0.00163732969668}, "dynamic_complexity": 5.58518362045, "erbbands_crest": {"dmean": 2.87735414505, "dmean2": 4.54416275024, "dvar": 7.98515510559, "dvar2": 18.916217804, "max": 34.6873130798, "mean": 12.0009632111, "median": 10.3403863907, "min": 2.6835694313, "var": 40.8688354492}, "erbbands_flatness_db": {"dmean": 0.0161722507328, "dmean2": 0.024425920099, "dvar": 0.000267639465164, "dvar2": 0.00060739525361, "max": 0.566104471684, "mean": 0.204082623124, "median": 0.197498351336, "min": 0.0503851175308, "var": 0.00486152805388}, "erbbands_kurtosis": {"dmean": 2.03202843666, "dmean2": 3.13698983192, "dvar": 50.1802368164, "dvar2": 103.740943909, "max": 297.401519775, "mean": 3.15131735802, "median": 0.237457513809, "min": -1.92798352242, "var": 267.314575195}, "erbbands_skewness": {"dmean": 0.399122804403, "dmean2": 0.616879045963, "dvar": 0.201131790876, "dvar2": 0.462520420551, "max": 13.4664506912, "mean": 0.380539953709, "median": 0.447196483612, "min": -8.5803194046, "var": 2.50845575333}, "erbbands_spread": {"dmean": 5.54209566116, "dmean2": 8.73643112183, "dvar": 32.1978645325, "dvar2": 77.4006347656, "max": 100.720916748, "mean": 29.1223564148, "median": 26.2483634949, "min": 0.343267649412, "var": 259.525054932}, "hfc": {"dmean": 4.79238796234, "dmean2": 7.7147397995, "dvar": 118.146011353, "dvar2": 291.31729126, "max": 507.746734619, "mean": 17.5375728607, "median": 7.23698663712, "min": 1.08748349871e-16, "var": 950.719970703}, "melbands_crest": {"dmean": 2.85082364082, "dmean2": 4.49490976334, "dvar": 7.5670132637, "dvar2": 20.0749359131, "max": 37.7707366943, "mean": 14.8707494736, "median": 13.2049865723, "min": 1.45781385899, "var": 49.0791664124}, "melbands_flatness_db": {"dmean": 0.0191132836044, "dmean2": 0.0289992522448, "dvar": 0.000370498746634, "dvar2": 0.000908990914468, "max": 0.565916597843, "mean": 0.193516805768, "median": 0.187847450376, "min": 0.00281028472818, "var": 0.00450068665668}, "melbands_kurtosis": {"dmean": 5.06751060486, "dmean2": 7.81223630905, "dvar": 186.439498901, "dvar2": 435.901947021, "max": 541.47052002, "mean": 10.7767572403, "median": 4.34155511856, "min": -1.9628380537, "var": 849.48828125}, "melbands_skewness": {"dmean": 0.588129580021, "dmean2": 0.904892146587, "dvar": 0.474809676409, "dvar2": 1.18851220608, "max": 13.7192497253, "mean": 1.93426477909, "median": 1.69827640057, "min": -10.0024690628, "var": 2.97613501549}, "melbands_spread": {"dmean": 6.7533864975, "dmean2": 10.6810264587, "dvar": 85.675567627, "dvar2": 209.778091431, "max": 199.158233643, "mean": 28.6476802826, "median": 21.3505744934, "min": 0.200868695974, "var": 703.854492188}, "pitch_salience": {"dmean": 0.0605646036565, "dmean2": 0.0976373404264, "dvar": 0.00304114678875, "dvar2": 0.0081469444558, "max": 0.966459393501, "mean": 0.492201060057, "median": 0.501251757145, "min": 0.0158413946629, "var": 0.0158691499382}, "silence_rate_20dB": {"dmean": 0, "dmean2": 0, "dvar": 0, "dvar2": 0, "max": 1, "mean": 1, "median": 1, "min": 1, "var": 0}, "silence_rate_30dB": {"dmean": 0.000998801435344, "dmean2": 0.00199780240655, "dvar": 0.000997783034109, "dvar2": 0.00219350750558, "max": 1, "mean": 0.99760311842, "median": 1, "min": 0, "var": 0.00239112810232}, "silence_rate_60dB": {"dmean": 0.0395525358617, "dmean2": 0.0791129767895, "dvar": 0.0379909276962, "dvar2": 0.0848443806171, "max": 1, "mean": 0.247678011656, "median": 0, "min": 0, "var": 0.186348959804}, "spectral_centroid": {"dmean": 204.234970093, "dmean2": 324.282928467, "dvar": 55787.703125, "dvar2": 134413.59375, "max": 10723.3525391, "mean": 1709.1171875, "median": 1523.34814453, "min": 361.407531738, "var": 816945.1875}, "spectral_complexity": {"dmean": 2.54194974899, "dmean2": 4.24433135986, "dvar": 14.9243392944, "dvar2": 37.8228340149, "max": 61, "mean": 14.2109260559, "median": 12, "min": 0, "var": 119.779884338}, "spectral_decrease": {"dmean": 1.06959185953e-09, "dmean2": 1.77895764786e-09, "dvar": 3.11849510436e-18, "dvar2": 9.23046875081e-18, "max": -1.89138213156e-28, "mean": -4.34480851297e-09, "median": -2.21193174887e-09, "min": -4.49852635143e-08, "var": 2.30560118311e-17}, "spectral_energy": {"dmean": 0.00436094310135, "dmean2": 0.00722879450768, "dvar": 5.11109428771e-05, "dvar2": 0.000147343991557, "max": 0.19026298821, "mean": 0.0179890003055, "median": 0.00908646639436, "min": 1.05776439766e-20, "var": 0.00040617925697}, "spectral_energyband_high": {"dmean": 0.000326197157847, "dmean2": 0.000547481758986, "dvar": 1.65479127645e-06, "dvar2": 4.3693707994e-06, "max": 0.0762074068189, "mean": 0.000912772899028, "median": 0.000188050282304, "min": 7.85284964659e-21, "var": 1.07575415313e-05}, "spectral_energyband_low": {"dmean": 0.00183571677189, "dmean2": 0.00324946292676, "dvar": 2.66840379481e-05, "dvar2": 8.65333568072e-05, "max": 0.122416511178, "mean": 0.00543196778744, "median": 7.65912409406e-05, "min": 5.8808305685e-23, "var": 0.000120430362585}, "spectral_energyband_middle_high": {"dmean": 0.00190007779747, "dmean2": 0.00300245033577, "dvar": 1.25345150082e-05, "dvar2": 2.98976774502e-05, "max": 0.0727853700519, "mean": 0.00535153690726, "median": 0.00208801869303, "min": 1.68787950845e-21, "var": 5.79125808144e-05}, "spectral_energyband_middle_low": {"dmean": 0.00222461414523, "dmean2": 0.00356123526581, "dvar": 1.3084963939e-05, "dvar2": 3.50465088559e-05, "max": 0.0613199919462, "mean": 0.00667889090255, "median": 0.00428569596261, "min": 2.93685291462e-22, "var": 5.16578984389e-05}, "spectral_entropy": {"dmean": 0.129698738456, "dmean2": 0.20111015439, "dvar": 0.0194157455117, "dvar2": 0.0454586073756, "max": 9.7903585434, "mean": 7.2890958786, "median": 7.3162021637, "min": 4.08256483078, "var": 0.361669182777}, "spectral_flux": {"dmean": 0.0119096366689, "dmean2": 0.0194937754422, "dvar": 0.000214362837141, "dvar2": 0.000518412038218, "max": 0.326662689447, "mean": 0.0534691922367, "median": 0.0397672206163, "min": 1.02847674821e-10, "var": 0.00177375669591}, "spectral_kurtosis": {"dmean": 1.79562103748, "dmean2": 3.10720825195, "dvar": 5.39698314667, "dvar2": 15.5669078827, "max": 43.6417808533, "mean": 5.26531171799, "median": 3.81178712845, "min": -1.23126590252, "var": 21.9482555389}, "spectral_rms": {"dmean": 0.000432179396739, "dmean2": 0.000694023328833, "dvar": 2.68494261491e-07, "dvar2": 7.58365331421e-07, "max": 0.0136243319139, "mean": 0.00352078839205, "median": 0.00297738891095, "min": 3.21242164814e-12, "var": 5.15428473591e-06}, "spectral_rolloff": {"dmean": 390.461425781, "dmean2": 675.57434082, "dvar": 397508.25, "dvar2": 946864.6875, "max": 18906.1523438, "mean": 2075.12646484, "median": 1421.19140625, "min": 21.533203125, "var": 5511501.5}, "spectral_skewness": {"dmean": 0.218894898891, "dmean2": 0.371143370867, "dvar": 0.0530576147139, "dvar2": 0.153214707971, "max": 5.2642121315, "mean": 1.48295259476, "median": 1.33605468273, "min": -0.421775072813, "var": 0.406424760818}, "spectral_spread": {"dmean": 297557.4375, "dmean2": 483892.125, "dvar": 193673347072, "dvar2": 326978633728, "max": 41116160, "mean": 3910702.25, "median": 3650205.5, "min": 946475.625, "var": 1579464392700.0}, "spectral_strongpeak": {"dmean": 0.602718949318, "dmean2": 1.01227593422, "dvar": 1.67916464806, "dvar2": 4.2665143013, "max": 21.3841018677, "mean": 1.22135996819, "median": 0.721558868885, "min": 0, "var": 2.6153960228}, "zerocrossingrate": {"dmean": 0.00714250328019, "dmean2": 0.00877365004271, "dvar": 5.96962199779e-05, "dvar2": 8.53951423778e-05, "max": 0.50390625, "mean": 0.0740482211113, "median": 0.05810546875, "min": 0.00537109375, "var": 0.00393387163058}, "barkbands": {"dmean": [0.000423993013101, 0.00136695848778, 0.000388350366848, 0.000265059294179, 0.000585887755733, 0.000585116387811, 0.000707775354385, 0.000654508243315, 0.000493277446367, 0.000613834010437, 0.000518230604939, 0.000496033462696, 0.000215610925807, 0.000285931135295, 0.000304827524815, 0.000274447083939, 0.000214936299017, 0.000201553280931, 0.000146030230098, 0.000160841358593, 0.000156945505296, 6.88236541464e-05, 4.84609336127e-05, 3.57971257472e-05, 2.29160741583e-05, 7.32800754122e-06, 1.78806567419e-06], "dmean2": [0.000753756030463, 0.00238613947295, 0.000678448413964, 0.000456786423456, 0.00100596516859, 0.000944835075643, 0.00117367121857, 0.00105928024277, 0.000782337330747, 0.000953932874836, 0.000818606931716, 0.000813494378235, 0.000354938296368, 0.000460170442238, 0.000502351729665, 0.000432614673628, 0.0003576601448, 0.000329585105646, 0.000250469020102, 0.000285694462946, 0.000271907600109, 0.000113612069981, 7.8919067164e-05, 5.94512821408e-05, 3.62757637049e-05, 1.2141874322e-05, 2.88557976091e-06], "dvar": [1.73435705619e-06, 1.60670260811e-05, 1.39048984238e-06, 6.61120338918e-07, 2.10424104807e-06, 2.0258139557e-06, 2.40569170273e-06, 2.48876449405e-06, 1.65428821219e-06, 3.0756104934e-06, 2.29140800911e-06, 1.33512241973e-06, 5.11763801114e-07, 1.05901676761e-06, 1.48322703808e-06, 1.84432121841e-06, 1.2058997072e-06, 2.24321297537e-06, 2.60687500031e-07, 4.47878392151e-07, 4.65185109988e-07, 5.30385229069e-08, 4.25556976325e-08, 3.19622976974e-08, 1.01475361447e-08, 8.9595131314e-10, 6.55556164908e-11], "dvar2": [5.76937645747e-06, 5.10987047164e-05, 4.02829346058e-06, 1.91708954844e-06, 6.07085848969e-06, 5.49948208572e-06, 6.9996935963e-06, 6.77203433952e-06, 4.48103310191e-06, 6.38628534944e-06, 5.40457085663e-06, 3.42285034094e-06, 1.27890052681e-06, 2.58280260823e-06, 3.56839609594e-06, 3.74443811779e-06, 3.09080064653e-06, 5.31402338311e-06, 7.41401265714e-07, 1.44168518545e-06, 1.37954202728e-06, 1.29558472395e-07, 9.24855356743e-08, 6.95105342174e-08, 2.36424497757e-08, 2.34108799013e-09, 1.51012424787e-10], "max": [0.0227704793215, 0.0842633023858, 0.0330724231899, 0.0266139935702, 0.022025572136, 0.0279708821326, 0.0264881253242, 0.0245431475341, 0.0351001471281, 0.0673623904586, 0.0504893362522, 0.0215076375753, 0.0206962618977, 0.0382042266428, 0.040578097105, 0.0702730566263, 0.0390250012279, 0.0664381235838, 0.0213160961866, 0.0255825035274, 0.0290076639503, 0.010562364012, 0.00998548232019, 0.00858248956501, 0.00440119719133, 0.000907398061827, 0.000369279820006], "mean": [0.000537510553841, 0.00425657862797, 0.00055684853578, 0.000356389238732, 0.00101647363044, 0.00126091879793, 0.00140901503619, 0.00112265103962, 0.000904786982574, 0.00117326166946, 0.000825845287181, 0.000844601425342, 0.000360178528354, 0.000447884231107, 0.000462609430542, 0.00043202919187, 0.000334180804202, 0.000350779650034, 0.000290231662802, 0.000300354731735, 0.000296250771498, 0.0001632131316, 0.000121418212075, 9.48947199504e-05, 5.54415164515e-05, 1.18649268188e-05, 2.73530099548e-06], "median": [2.64685695583e-06, 1.71417377715e-05, 1.92508105101e-05, 4.47048805654e-05, 0.000359352678061, 0.000524196831975, 0.000364716514014, 0.000322691601468, 0.000299940205878, 0.000174668501131, 0.000128823288833, 0.000164528435562, 4.97003784403e-05, 9.97415263555e-05, 7.51694169594e-05, 4.94805863127e-05, 5.00045061926e-05, 6.58455464873e-05, 5.43559581274e-05, 7.11940883775e-05, 7.40559989936e-05, 2.47259522439e-05, 9.7931797427e-06, 6.20412311036e-06, 2.67197151516e-06, 6.58880821902e-07, 2.65676675326e-07], "min": [1.08640006935e-23, 1.07438997761e-23, 1.716598564e-23, 4.01851614245e-23, 2.4587761008e-23, 6.41247548697e-23, 4.95490571209e-23, 4.65232485903e-23, 5.17835498111e-23, 8.65013182499e-23, 3.85665008885e-23, 8.03845097235e-23, 2.09560116922e-22, 4.25500496669e-23, 1.18400145886e-22, 2.59782220701e-22, 1.31324590522e-22, 1.58751681231e-22, 3.71123083849e-22, 5.32608994843e-22, 5.14409607728e-22, 5.04737693403e-22, 9.18879318789e-22, 8.20424479595e-22, 1.21169509621e-21, 1.68628138985e-21, 2.0494467983e-21], "var": [2.30757359532e-06, 8.28135744086e-05, 1.87632576854e-06, 7.20433661172e-07, 2.80748849946e-06, 4.09774156651e-06, 6.06650428381e-06, 4.92094250149e-06, 3.52711845153e-06, 1.18735733849e-05, 5.12388987772e-06, 3.14861767947e-06, 1.15852765248e-06, 2.37033441408e-06, 2.77532581094e-06, 4.10696384279e-06, 1.66947506841e-06, 4.88623436468e-06, 7.50293793317e-07, 1.01595844626e-06, 9.90254761746e-07, 2.81730592633e-07, 2.67932591669e-07, 2.44645548264e-07, 7.08653686843e-08, 2.41453901317e-09, 1.76143266639e-10]}, "erbbands": {"dmean": [0.0684767588973, 0.226852491498, 0.399509012699, 0.697699248791, 1.17838895321, 2.17625403404, 3.83085179329, 5.11434698105, 9.00294876099, 10.1839895248, 15.7164545059, 10.0672521591, 18.8169593811, 17.9557285309, 18.4782218933, 22.0078983307, 10.020406723, 16.3762435913, 13.8884105682, 12.0014829636, 16.0553569794, 9.6493062973, 10.7273931503, 8.11312389374, 7.36548709869, 6.15355443954, 7.91308641434, 4.08031129837, 2.68379974365, 2.00827431679, 1.30844414234, 0.881542444229, 0.570086479187, 0.290675759315, 0.159900948405, 0.044808935374, 0.0108101442456, 0.00238215760328, 0.000336122699082, 1.66354038811e-05], "dmean2": [0.122484907508, 0.380479335785, 0.696253240108, 1.20284461975, 2.02212643623, 3.75674581528, 6.31753015518, 8.20177268982, 14.8127851486, 16.3772983551, 25.678560257, 16.027961731, 28.2878952026, 28.75207901, 29.3956298828, 36.1675987244, 16.280670166, 26.5137195587, 22.9303455353, 19.3773155212, 25.408454895, 16.1265335083, 17.186050415, 13.8798122406, 12.6505527496, 10.8383779526, 13.8378124237, 6.90441846848, 4.39639949799, 3.31886291504, 2.1470208168, 1.41613531113, 0.951134800911, 0.470711559057, 0.255932211876, 0.0742425695062, 0.0178798548877, 0.00391655554995, 0.000531177851371, 2.71481894742e-05], "dvar": [0.0424578413367, 0.496011286974, 1.39346814156, 4.84311723709, 8.98076438904, 38.1528778076, 86.7017364502, 194.350967407, 406.218505859, 567.125915527, 1677.43786621, 782.282836914, 3393.98413086, 2383.18139648, 4009.19458008, 2842.31713867, 895.851074219, 3163.12841797, 3352.26660156, 2297.64233398, 7016.35058594, 1674.1628418, 6161.70898438, 1187.96276855, 581.868530273, 589.792175293, 1295.96362305, 221.738342285, 72.7996902466, 66.6266021729, 32.2803573608, 17.2238044739, 8.70607852936, 1.74392783642, 0.539858818054, 0.0353710502386, 0.00186249206308, 9.27590663196e-05, 2.62768526227e-06, 3.20944915089e-09], "dvar2": [0.142286807299, 1.5015501976, 4.06983804703, 13.8264284134, 26.3032512665, 109.215438843, 232.422180176, 529.62298584, 1158.03918457, 1483.0838623, 4744.11767578, 2099.24194336, 6358.78320312, 6212.76855469, 9211.61035156, 7257.76757812, 2211.68383789, 7825.7890625, 7931.02783203, 5585.60205078, 14325.4023438, 4404.89550781, 15442.8564453, 2944.33154297, 1607.03930664, 1686.30480957, 3884.26171875, 579.719177246, 182.161941528, 150.889801025, 72.3724594116, 34.7887306213, 20.1559658051, 4.3037815094, 1.33317995071, 0.0934361517429, 0.00478493096307, 0.000237137122895, 5.93253935222e-06, 8.01023691821e-09], "max": [2.92044067383, 19.6108436584, 29.8814125061, 85.099281311, 45.9841156006, 107.006034851, 300.879730225, 278.670684814, 377.606414795, 709.467224121, 710.583679199, 876.050170898, 2527.52441406, 1339.13989258, 2586.07055664, 1101.9543457, 984.550231934, 1957.11401367, 2532.2644043, 2242.95385742, 4787.85595703, 1255.65686035, 3294.78930664, 1431.67871094, 816.693786621, 1497.3013916, 1554.78588867, 590.582458496, 349.936584473, 338.568206787, 272.563934326, 211.302902222, 141.426849365, 60.7498321533, 28.9546527863, 6.2465467453, 1.42322778702, 0.305448561907, 0.0763753280044, 0.00178951979615], "mean": [0.181063979864, 0.723264038563, 0.720019459724, 1.02298569679, 1.87707328796, 3.1971654892, 8.07084274292, 10.1565513611, 19.2218475342, 20.3809242249, 27.1882076263, 19.1953754425, 37.9425697327, 32.2318267822, 31.6939105988, 37.7647895813, 18.7325057983, 26.7617340088, 22.558221817, 20.0036792755, 26.8759326935, 16.8687038422, 18.570690155, 15.6064682007, 15.5011453629, 12.8743867874, 15.2284126282, 8.69287204742, 6.19008827209, 4.65850114822, 3.21752238274, 2.29526901245, 1.43463897705, 0.790696024895, 0.304123401642, 0.0755853205919, 0.017813840881, 0.00338674569502, 0.000543064321391, 4.4009044359e-05], "median": [0.000431371823652, 0.00377795123495, 0.0212476626039, 0.0906506627798, 0.348167091608, 1.14476788044, 2.29330468178, 4.04769897461, 5.27151918411, 7.12582349777, 8.41360569, 6.47053337097, 9.27761459351, 7.17374277115, 5.29387712479, 6.5112695694, 3.47913098335, 6.18602466583, 4.3345785141, 3.41742658615, 3.99782514572, 2.72630429268, 3.43791270256, 3.1850836277, 3.77164053917, 2.95802545547, 3.32240605354, 2.0449192524, 1.05020487309, 0.541489005089, 0.268772095442, 0.165312469006, 0.0815177187324, 0.0373768135905, 0.014753671363, 0.00432732328773, 0.00108253373764, 0.000241584435571, 5.06621836394e-05, 1.64365355886e-05], "min": [3.22526626759e-22, 2.47250424323e-21, 1.36568957005e-20, 9.53354090301e-20, 7.16452729417e-20, 8.86854003554e-20, 2.6734805685e-19, 6.52829292497e-19, 6.46327704581e-19, 1.00806826211e-18, 8.33102812149e-19, 1.34714417425e-18, 1.30078855914e-18, 3.92305791063e-18, 1.53062089913e-18, 3.74899429433e-18, 8.62178872424e-18, 4.49211267713e-18, 4.56684182803e-18, 8.64292070735e-18, 1.37918189268e-17, 8.18183120876e-18, 8.55414023939e-18, 1.75324074117e-17, 1.62046303273e-17, 2.49068813913e-17, 2.47095524931e-17, 1.8378378259e-17, 2.09620587044e-17, 2.04340726281e-17, 2.64054811983e-17, 1.40731695229e-17, 1.72320994903e-17, 1.33741398667e-17, 9.06279427756e-18, 5.0371734156e-18, 3.23252898283e-18, 1.55305827664e-18, 2.78079458678e-19, 2.6906065676e-20], "var": [0.175891280174, 2.45571565628, 2.46435832977, 5.71994256973, 12.7975978851, 41.3104019165, 198.010360718, 344.088745117, 1080.65856934, 1332.41235352, 3007.92333984, 1660.96179199, 14803.5087891, 5280.32373047, 9353.18554688, 6584.28515625, 2352.49902344, 6796.46630859, 5948.21777344, 4903.86376953, 15869.6875, 2810.14208984, 12180.1269531, 2928.61572266, 2050.9753418, 1854.02734375, 3519.70874023, 685.708740234, 359.010314941, 324.341186523, 186.884689331, 135.408248901, 58.8699798584, 15.6222476959, 1.99935245514, 0.106888122857, 0.00556931970641, 0.000179414724698, 7.54098391553e-06, 9.96139526421e-09]}, "gfcc": {"mean": [-77.3207855225, 72.799659729, -145.969482422, 17.2837238312, -71.226776123, -0.859230041504, -26.8135089874, 1.17845094204, -19.2257137299, 3.65210342407, -12.1390295029, -3.03856372833, -7.07312583923], "cov": [[22324.6699219, 2964.68188477, -104.053657532, 775.696289062, -439.775177002, 575.230895996, -528.025817871, 306.70803833, 118.858596802, 129.286087036, 258.720245361, 410.382324219, 83.0132446289], [2964.68188477, 1831.65637207, 80.5559539795, -354.249267578, -79.6938858032, -149.501190186, -147.423156738, -44.5758666992, 40.4464225769, -45.6875267029, 122.480735779, 94.8239898682, 51.9632339478], [-104.053657532, 80.5559539795, 961.186889648, 396.726989746, 312.819458008, 231.627029419, -77.5958480835, 75.4130859375, -1.11111962795, 53.3132858276, 22.0670547485, 103.95149231, 6.75065565109], [775.696289062, -354.249267578, 396.726989746, 1117.45129395, 451.246154785, 444.219299316, 171.160690308, 122.253005981, 83.7778549194, 98.9737701416, 22.7837924957, -52.2606658936, 14.6202383041], [-439.775177002, -79.6938858032, 312.819458008, 451.246154785, 495.715332031, 250.908340454, 122.679611206, 108.691345215, 77.4553451538, 69.9776535034, -3.82452726364, -2.58485460281, 6.52509880066], [575.230895996, -149.501190186, 231.627029419, 444.219299316, 250.908340454, 489.628601074, 164.167129517, 151.369918823, 75.1293106079, 87.217086792, 73.4407348633, -27.5465660095, 33.9975624084], [-528.025817871, -147.423156738, -77.5958480835, 171.160690308, 122.679611206, 164.167129517, 341.591674805, 126.051826477, 56.9903259277, -4.92016744614, -12.9870595932, -63.2833366394, 7.52240848541], [306.70803833, -44.5758666992, 75.4130859375, 122.253005981, 108.691345215, 151.369918823, 126.051826477, 245.99156189, 103.952270508, 15.3150472641, 11.9492549896, -3.71407151222, 2.60719799995], [118.858596802, 40.4464225769, -1.11111962795, 83.7778549194, 77.4553451538, 75.1293106079, 56.9903259277, 103.952270508, 169.424179077, 62.9485359192, 18.1321029663, -11.9536209106, 5.9513335228], [129.286087036, -45.6875267029, 53.3132858276, 98.9737701416, 69.9776535034, 87.217086792, -4.92016744614, 15.3150472641, 62.9485359192, 168.064407349, 74.8992614746, -13.8790655136, -18.4889888763], [258.720245361, 122.480735779, 22.0670547485, 22.7837924957, -3.82452726364, 73.4407348633, -12.9870595932, 11.9492549896, 18.1321029663, 74.8992614746, 170.431930542, 56.5782928467, 5.0597987175], [410.382324219, 94.8239898682, 103.95149231, -52.2606658936, -2.58485460281, -27.5465660095, -63.2833366394, -3.71407151222, -11.9536209106, -13.8790655136, 56.5782928467, 191.022186279, 51.3332748413], [83.0132446289, 51.9632339478, 6.75065565109, 14.6202383041, 6.52509880066, 33.9975624084, 7.52240848541, 2.60719799995, 5.9513335228, -18.4889888763, 5.0597987175, 51.3332748413, 147.319046021]], "icov": [[0.000140738615301, -0.000341169361491, 0.000281564629404, -0.000358860968845, 0.000437637470895, -0.000409822387155, 0.000359329191269, -0.000421699980507, 0.000320401770296, -0.000419512798544, 0.000624685897492, -0.000588295806665, 0.000245996256126], [-0.000341169361491, 0.00155019760132, -0.000892679498065, 0.00114609312732, -0.00125463213772, 0.00118812546134, -0.000711846747436, 0.00124047137797, -0.0014087727759, 0.00173843698576, -0.0024705901742, 0.00170828925911, -0.000866915681399], [0.000281564629404, -0.000892679498065, 0.0024164263159, -0.00106742070056, 0.000131075765239, -0.00146941863932, 0.0016850605607, -0.0014551068889, 0.00153955863789, -0.00128415098879, 0.0020479450468, -0.00230330531485, 0.000933312810957], [-0.000358860968845, 0.00114609312732, -0.00106742070056, 0.00282942759804, -0.0021535619162, 6.72289679642e-05, -0.00101908028591, 0.00157010054681, -0.00121733243577, 0.00132735143416, -0.00188271445222, 0.00200983579271, -0.000749704893678], [0.000437637470895, -0.00125463213772, 0.000131075765239, -0.0021535619162, 0.00554711511359, -0.00182414369192, 0.000166012177942, -0.0014217516873, 0.000483809650177, -0.00246747140773, 0.00338666187599, -0.00257177650928, 0.00104620715138], [-0.000409822387155, 0.00118812546134, -0.00146941863932, 6.72289679642e-05, -0.00182414369192, 0.00616692751646, -0.00212640571408, -0.000298882107018, -0.000541295856237, 0.00060958659742, -0.00405130907893, 0.00306056113914, -0.00218493212014], [0.000359329191269, -0.000711846747436, 0.0016850605607, -0.00101908028591, 0.000166012177942, -0.00212640571408, 0.00588241033256, -0.00278743286617, 0.000782007584348, 0.000108757376438, 0.00147590809502, -0.000516348984092, 0.000416147697251], [-0.000421699980507, 0.00124047137797, -0.0014551068889, 0.00157010054681, -0.0014217516873, -0.000298882107018, -0.00278743286617, 0.00893691554666, -0.0054107774049, 0.00319406180643, -0.00225609680638, 0.00123622058891, 9.3227281468e-05], [0.000320401770296, -0.0014087727759, 0.00153955863789, -0.00121733243577, 0.000483809650177, -0.000541295856237, 0.000782007584348, -0.0054107774049, 0.0113256825134, -0.00549586489797, 0.00291429436766, -0.00158590089995, -0.000168820493855], [-0.000419512798544, 0.00173843698576, -0.00128415098879, 0.00132735143416, -0.00246747140773, 0.00060958659742, 0.000108757376438, 0.00319406180643, -0.00549586489797, 0.0124821569771, -0.00737974839285, 0.00397070543841, 0.000115288989036], [0.000624685897492, -0.0024705901742, 0.0020479450468, -0.00188271445222, 0.00338666187599, -0.00405130907893, 0.00147590809502, -0.00225609680638, 0.00291429436766, -0.00737974839285, 0.0139390975237, -0.00692626507953, 0.00225273147225], [-0.000588295806665, 0.00170828925911, -0.00230330531485, 0.00200983579271, -0.00257177650928, 0.00306056113914, -0.000516348984092, 0.00123622058891, -0.00158590089995, 0.00397070543841, -0.00692626507953, 0.0110280541703, -0.00399530725554], [0.000245996256126, -0.000866915681399, 0.000933312810957, -0.000749704893678, 0.00104620715138, -0.00218493212014, 0.000416147697251, 9.3227281468e-05, -0.000168820493855, 0.000115288989036, 0.00225273147225, -0.00399530725554, 0.00875785946846]]}, "melbands": {"dmean": [0.000488258956466, 0.000217100547161, 0.000121736709843, 0.000114858434245, 0.000124260113807, 0.000115071125038, 0.000144077712321, 0.000111646928417, 0.000127541396068, 6.5077932959e-05, 9.49629102251e-05, 7.31385080144e-05, 5.9415549913e-05, 5.90483359701e-05, 3.78550394089e-05, 2.51067067438e-05, 3.34770775225e-05, 2.09421759791e-05, 2.10482630791e-05, 1.90140999621e-05, 2.00717349799e-05, 1.22827013911e-05, 7.53618996896e-06, 1.14005815703e-05, 6.62818001729e-06, 5.98694350629e-06, 5.19282002642e-06, 4.3706913857e-06, 6.01348074269e-06, 3.52325218955e-06, 2.21198683903e-06, 1.61202615345e-06, 1.3428046941e-06, 1.13787928058e-06, 8.46038631153e-07, 7.71685336076e-07, 5.46891612885e-07, 4.67529986281e-07, 3.07854293169e-07, 2.44886251721e-07], "dmean2": [0.000866157584824, 0.000368426321074, 0.000208431025385, 0.000197414279683, 0.000206281445571, 0.000183545809705, 0.000238032531342, 0.000179460272193, 0.000209624893614, 0.000102851547126, 0.000142770935781, 0.000117894174764, 9.43584600464e-05, 9.74885333562e-05, 6.12191870459e-05, 4.11329638155e-05, 5.42211273569e-05, 3.46346314473e-05, 3.41007253155e-05, 3.11768271786e-05, 3.21475163219e-05, 2.06129025173e-05, 1.27996818264e-05, 1.83317824849e-05, 1.14221229524e-05, 1.02902722574e-05, 9.11549432203e-06, 7.66533594287e-06, 1.0654772268e-05, 5.96321342528e-06, 3.74427099814e-06, 2.66974461738e-06, 2.21250070354e-06, 1.88504623111e-06, 1.41992006775e-06, 1.24973655602e-06, 8.99318422398e-07, 7.81697735874e-07, 5.20111768765e-07, 3.95165386635e-07], "dvar": [2.05298556466e-06, 4.03031890528e-07, 1.28406071553e-07, 9.56289341048e-08, 8.82373285549e-08, 8.97855940707e-08, 9.88269235336e-08, 6.47960831657e-08, 1.17565811308e-07, 2.83854095784e-08, 8.54326245303e-08, 4.00458617378e-08, 3.45579387329e-08, 1.92091000883e-08, 1.0323734756e-08, 7.97325583335e-09, 1.53117341029e-08, 8.04782729347e-09, 6.84201273415e-09, 7.46436068511e-09, 1.29941826188e-08, 3.6140395121e-09, 2.63431210179e-09, 1.15207656748e-08, 7.14378722844e-10, 5.43743106096e-10, 4.15980833113e-10, 3.4523531256e-10, 9.52576129087e-10, 1.60825811002e-10, 6.48183381968e-11, 2.69226255872e-11, 2.06275378722e-11, 2.39941001096e-11, 1.35465839934e-11, 1.84029180783e-11, 6.19202649224e-12, 6.21614522009e-12, 2.03160123273e-12, 1.30271422989e-12], "dvar2": [6.76664558341e-06, 1.19003459531e-06, 3.68542174556e-07, 2.75773402336e-07, 2.4186937253e-07, 2.4405375143e-07, 2.87462796678e-07, 1.66392126744e-07, 3.36208444196e-07, 7.44644239603e-08, 1.60107319402e-07, 1.05297829123e-07, 8.15621632455e-08, 4.87905147395e-08, 2.55897649737e-08, 1.95177065621e-08, 3.75483786286e-08, 1.89493594149e-08, 1.66533702384e-08, 1.88080182539e-08, 2.78680030164e-08, 9.3858041339e-09, 7.39707894937e-09, 2.58351011695e-08, 1.9433961107e-09, 1.52048684754e-09, 1.29697808049e-09, 9.92116500065e-10, 2.91897817029e-09, 4.32014174434e-10, 1.67027933151e-10, 6.78204783999e-11, 5.0727665124e-11, 5.50301575142e-11, 3.45244562105e-11, 3.80634100627e-11, 1.44064456545e-11, 1.4105642869e-11, 5.46245340627e-12, 3.23142857958e-12], "max": [0.0214080866426, 0.0167894810438, 0.0130364364013, 0.00574572244659, 0.00832379702479, 0.00636019604281, 0.00531313568354, 0.0071809515357, 0.00770208938047, 0.00470053125173, 0.0127309728414, 0.00515434797853, 0.00680217752233, 0.00341860973276, 0.00262933108024, 0.00267135049216, 0.00450162542984, 0.00395427877083, 0.00254117022268, 0.00207865657285, 0.0062140757218, 0.00205013225786, 0.00297324126586, 0.00530658708885, 0.000841070257593, 0.00108279741835, 0.00108754518442, 0.00110900751315, 0.00127378152683, 0.000433873210568, 0.000356223376002, 0.000214608560782, 0.000194160864339, 0.000194386797375, 0.000136226182804, 0.0002407074644, 0.000109714645077, 0.000115540729894, 6.76016643411e-05, 5.42561938346e-05], "mean": [0.00139357510488, 0.000566342554521, 0.000198652996914, 0.000170793777215, 0.000251114921411, 0.000234367980738, 0.000305466906866, 0.000221686685109, 0.000218095374294, 0.000120843658806, 0.000188536403584, 0.000125365550048, 9.78103344096e-05, 0.000103155034594, 6.37301127426e-05, 3.99047603423e-05, 5.15194551554e-05, 3.27397865476e-05, 3.21580373566e-05, 2.86084705294e-05, 3.17631274811e-05, 1.94671392819e-05, 1.26038721646e-05, 1.90349292097e-05, 1.1502095731e-05, 1.14838812806e-05, 9.93043613562e-06, 8.17041564005e-06, 1.0818969713e-05, 6.5452832132e-06, 4.47524826086e-06, 3.46572232957e-06, 2.99922476188e-06, 2.42187161348e-06, 1.78431935183e-06, 1.87741738955e-06, 1.21280629628e-06, 1.05231094949e-06, 8.21140133667e-07, 6.08060418017e-07], "median": [6.15165936324e-06, 8.97589143278e-06, 2.71422450169e-05, 4.40611947852e-05, 7.85551819718e-05, 9.41601465456e-05, 8.50143478601e-05, 7.63200587244e-05, 6.08377922617e-05, 3.99994823965e-05, 4.45435471192e-05, 2.50972170761e-05, 1.59112660185e-05, 1.80223432835e-05, 1.03847296486e-05, 5.79461402594e-06, 1.04246555566e-05, 5.65249820283e-06, 5.64246147405e-06, 2.98443092106e-06, 4.43773524239e-06, 2.8760987334e-06, 1.66088295828e-06, 3.48597018274e-06, 2.09359063774e-06, 2.15182330976e-06, 2.64290883933e-06, 1.43141210174e-06, 2.11245696846e-06, 1.5561422515e-06, 8.56302165175e-07, 5.125762641e-07, 4.50583513611e-07, 1.99944580004e-07, 1.38099437663e-07, 1.12806908703e-07, 8.30446538203e-08, 5.74611753734e-08, 3.6533450043e-08, 2.54792009713e-08], "min": [3.72854396878e-24, 6.13728420008e-24, 1.60000018904e-23, 4.34515946193e-24, 9.46945869614e-24, 1.37852638549e-23, 1.00373998937e-23, 1.17541316174e-23, 7.11860192262e-24, 7.93859443461e-24, 5.71216863598e-24, 1.58731420128e-23, 4.63383324943e-24, 9.33087555662e-24, 1.17174906061e-23, 2.07923681772e-23, 6.4493824233e-24, 6.93753467905e-24, 8.22965018762e-24, 1.55429563923e-23, 1.56875877284e-23, 8.05711053043e-24, 7.06332249469e-24, 7.90078433142e-24, 1.51612628878e-23, 1.26361932832e-23, 1.05345487137e-23, 1.82265996607e-23, 1.54024145111e-23, 1.64457477449e-23, 8.14991528276e-24, 1.21105571182e-23, 9.66200938791e-24, 1.25152522289e-23, 1.73225761074e-23, 9.77256745492e-24, 7.99071763006e-24, 1.24370011714e-23, 9.68637730128e-24, 1.23065795868e-23], "var": [9.35972730076e-06, 1.29784871206e-06, 1.67106392723e-07, 1.14786679717e-07, 1.78919492555e-07, 1.7041216438e-07, 2.60882075054e-07, 1.56407580221e-07, 2.12523914911e-07, 6.25645597552e-08, 3.70378700154e-07, 8.58695372585e-08, 7.87802605373e-08, 4.86425726365e-08, 2.3879689337e-08, 1.71003442517e-08, 3.25647739885e-08, 1.39659208642e-08, 1.3074150651e-08, 1.34686963804e-08, 2.67923159214e-08, 5.37816724488e-09, 5.00688868144e-09, 2.27548166976e-08, 1.40523059855e-09, 1.45329637213e-09, 9.89334836277e-10, 9.3575747151e-10, 2.45570430657e-09, 3.77841924415e-10, 1.99087968333e-10, 1.12417596065e-10, 1.06000382083e-10, 9.84110640201e-11, 5.21094799255e-11, 1.08338685245e-10, 3.54125999358e-11, 3.38883331119e-11, 1.70466314675e-11, 9.57462407969e-12]}, "mfcc": {"mean": [-707.778808594, 104.630729675, -20.7794132233, 14.7880163193, -22.0743865967, -1.8923920393, -5.37673377991, -4.06832027435, -1.69933009148, 1.95859408379, -2.0415828228, 1.07548999786, -1.44142258167], "cov": [[14557.7880859, 1953.30737305, 504.021881104, 349.382781982, 222.95123291, 231.356552124, -166.58354187, 325.171783447, -149.707870483, -65.7336349487, 173.379013062, 40.2398834229, 330.244903564], [1953.30737305, 1887.44628906, 1.22915625572, -317.30166626, -206.948822021, -280.44229126, -278.507995605, -73.3153305054, -210.676742554, -168.515487671, -30.1368694305, -139.114654541, 53.4515037537], [504.021881104, 1.22915625572, 634.995483398, 176.917175293, 304.47644043, 157.746810913, 83.6994018555, 70.9428253174, -6.76773405075, 3.50780153275, 59.0537719727, -4.97037124634, 35.1874771118], [349.382781982, -317.30166626, 176.917175293, 551.723205566, 308.282562256, 254.806488037, 167.439743042, 115.001838684, 118.079170227, 110.007278442, 67.5325241089, 44.5731811523, -8.91290378571], [222.95123291, -206.948822021, 304.47644043, 308.282562256, 517.740722656, 272.845001221, 152.570678711, 104.725067139, 104.964202881, 98.2890014648, 92.8955841064, 76.9811935425, 49.2052116394], [231.356552124, -280.44229126, 157.746810913, 254.806488037, 272.845001221, 366.626098633, 209.555236816, 75.1846618652, 107.381263733, 104.333679199, 81.5151824951, 78.2330932617, 24.985408783], [-166.58354187, -278.507995605, 83.6994018555, 167.439743042, 152.570678711, 209.555236816, 304.71270752, 130.668670654, 108.317146301, 102.219039917, 62.0420684814, 76.3996429443, 0.202233076096], [325.171783447, -73.3153305054, 70.9428253174, 115.001838684, 104.725067139, 75.1846618652, 130.668670654, 255.30116272, 124.716255188, 46.7381782532, 44.2788887024, 13.6687440872, 8.64468765259], [-149.707870483, -210.676742554, -6.76773405075, 118.079170227, 104.964202881, 107.381263733, 108.317146301, 124.716255188, 241.828048706, 100.352630615, 12.6763114929, 29.5469036102, -2.63208699226], [-65.7336349487, -168.515487671, 3.50780153275, 110.007278442, 98.2890014648, 104.333679199, 102.219039917, 46.7381782532, 100.352630615, 243.407409668, 88.7613449097, 8.30198478699, -6.75080823898], [173.379013062, -30.1368694305, 59.0537719727, 67.5325241089, 92.8955841064, 81.5151824951, 62.0420684814, 44.2788887024, 12.6763114929, 88.7613449097, 240.323959351, 78.5308990479, -0.342789113522], [40.2398834229, -139.114654541, -4.97037124634, 44.5731811523, 76.9811935425, 78.2330932617, 76.3996429443, 13.6687440872, 29.5469036102, 8.30198478699, 78.5308990479, 264.704101562, 89.512298584], [330.244903564, 53.4515037537, 35.1874771118, -8.91290378571, 49.2052116394, 24.985408783, 0.202233076096, 8.64468765259, -2.63208699226, -6.75080823898, -0.342789113522, 89.512298584, 170.716827393]], "icov": [[9.97843380901e-05, -0.000110748842417, -3.7363046431e-05, -0.00010054683662, 8.86372217792e-05, -0.00019189818704, 0.000183135358384, -0.000215665699216, 0.000108084866952, -3.75085510314e-05, -5.6839444369e-06, -3.51824783138e-05, -0.000124040903756], [-0.000110748842417, 0.000835623650346, -2.0253335606e-05, 0.000308526912704, -9.41904363572e-05, 0.00035429460695, 0.000143930039485, 3.11963322019e-06, 0.000191555038327, 0.000224801449804, -0.000248570460826, 0.000417837291025, -0.000259887543507], [-3.7363046431e-05, -2.0253335606e-05, 0.00249398266897, -3.56762284355e-05, -0.0015040562721, -0.000117042327474, -0.000338763289619, -0.000232398029766, 0.000697730691172, 0.000597776670475, -0.000327434623614, 0.000741617928725, -0.000329600414261], [-0.00010054683662, 0.000308526912704, -3.56762284355e-05, 0.00339117366821, -0.00124345673248, -0.000981576158665, -2.9536877264e-05, -0.000442132819444, -9.10057642614e-05, -0.000341353617841, 0.000209908757824, -2.49541717494e-05, 0.000805391231552], [8.86372217792e-05, -9.41904363572e-05, -0.0015040562721, -0.00124345673248, 0.00481125665829, -0.00205947179347, 0.000784812611528, -0.000522404559888, -0.000462559983134, -0.000459848844912, -0.000275475729723, -0.000476323068142, -0.000732795859221], [-0.00019189818704, 0.00035429460695, -0.000117042327474, -0.000981576158665, -0.00205947179347, 0.00762318726629, -0.00385597138666, 0.00212378241122, -0.00127989798784, 0.000209735721, -0.000803811708465, 0.000290900527034, -0.000557492894586], [0.000183135358384, 0.000143930039485, -0.000338763289619, -2.9536877264e-05, 0.000784812611528, -0.00385597138666, 0.0079522235319, -0.00344430212863, 0.000692500092555, -0.00162727269344, 0.00069909443846, -0.00174270907883, 0.00103357050102], [-0.000215665699216, 3.11963322019e-06, -0.000232398029766, -0.000442132819444, -0.000522404559888, 0.00212378241122, -0.00344430212863, 0.00754389679059, -0.00366165675223, 0.00141172006261, -0.00143077154644, 0.00128391024191, -0.000773841806222], [0.000108084866952, 0.000191555038327, 0.000697730691172, -9.10057642614e-05, -0.000462559983134, -0.00127989798784, 0.000692500092555, -0.00366165675223, 0.00782428402454, -0.00245602079667, 0.00169099087361, -0.000877688580658, 0.000574722071178], [-3.75085510314e-05, 0.000224801449804, 0.000597776670475, -0.000341353617841, -0.000459848844912, 0.000209735721, -0.00162727269344, 0.00141172006261, -0.00245602079667, 0.00682429317385, -0.00271103065461, 0.0018049320206, -0.000826407922432], [-5.6839444369e-06, -0.000248570460826, -0.000327434623614, 0.000209908757824, -0.000275475729723, -0.000803811708465, 0.00069909443846, -0.00143077154644, 0.00169099087361, -0.00271103065461, 0.00636557023972, -0.00255017448217, 0.00170472275931], [-3.51824783138e-05, 0.000417837291025, 0.000741617928725, -2.49541717494e-05, -0.000476323068142, 0.000290900527034, -0.00174270907883, 0.00128391024191, -0.000877688580658, 0.0018049320206, -0.00255017448217, 0.00650647841394, -0.00354399718344], [-0.000124040903756, -0.000259887543507, -0.000329600414261, 0.000805391231552, -0.000732795859221, -0.000557492894586, 0.00103357050102, -0.000773841806222, 0.000574722071178, -0.000826407922432, 0.00170472275931, -0.00354399718344, 0.00845756195486]]}, "spectral_contrast_coeffs": {"dmean": [0.0410257764161, 0.0403999239206, 0.0385921001434, 0.0319183692336, 0.0220475550741, 0.0165749229491], "dmean2": [0.0677627623081, 0.066117040813, 0.0622265227139, 0.0521012321115, 0.0367476269603, 0.0269176773727], "dvar": [0.00120463350322, 0.00121415709145, 0.00102146714926, 0.000687940046191, 0.000365473621059, 0.000238205786445], "dvar2": [0.00339683634229, 0.00335434731096, 0.00268246303312, 0.00181714841165, 0.000978030264378, 0.000579308019951], "max": [-0.286350905895, -0.386548340321, -0.305635720491, -0.486418873072, -0.526635408401, -0.507197678089], "mean": [-0.658020019531, -0.706897199154, -0.718297183514, -0.734853088856, -0.758775234222, -0.727630913258], "median": [-0.664542019367, -0.702420651913, -0.726842522621, -0.733617305756, -0.762538909912, -0.725112199783], "min": [-0.973991990089, -0.986231684685, -0.963586449623, -0.964937448502, -0.963988304138, -0.95642799139], "var": [0.0128419296816, 0.00901154894382, 0.00926409848034, 0.0055190208368, 0.00409903237596, 0.00297903013416]}, "spectral_contrast_valleys": {"dmean": [0.365294277668, 0.314728587866, 0.291321337223, 0.253492832184, 0.201924130321, 0.184324264526], "dmean2": [0.606467425823, 0.522918581963, 0.491975903511, 0.428456097841, 0.335744291544, 0.290151000023], "dvar": [0.10025062412, 0.080680847168, 0.0790981426835, 0.0733564347029, 0.0639439597726, 0.084805496037], "dvar2": [0.266343712807, 0.1965367347, 0.189666345716, 0.169580191374, 0.137026563287, 0.1