{"lowlevel": {"average_loudness": 0.690306544304, "barkbands_crest": {"dmean": 2.42436099052, "dmean2": 3.64178538322, "dvar": 5.66757583618, "dvar2": 12.2596511841, "max": 26.7108573914, "mean": 14.9696588516, "median": 14.3895606995, "min": 4.14769887924, "var": 24.2193641663}, "barkbands_flatness_db": {"dmean": 0.0229096543044, "dmean2": 0.0331197492778, "dvar": 0.000486119330162, "dvar2": 0.00104047544301, "max": 0.563861608505, "mean": 0.307351469994, "median": 0.303377509117, "min": 0.0777160897851, "var": 0.00392480008304}, "barkbands_kurtosis": {"dmean": 3.68616700172, "dmean2": 5.53987407684, "dvar": 78.3897781372, "dvar2": 218.764877319, "max": 217.870513916, "mean": 5.71051454544, "median": 2.02297925949, "min": -1.93030929565, "var": 154.931228638}, "barkbands_skewness": {"dmean": 0.572081565857, "dmean2": 0.822901844978, "dvar": 0.3921661973, "dvar2": 0.837455511093, "max": 9.72780323029, "mean": 0.676234066486, "median": 0.712134361267, "min": -8.81045055389, "var": 3.16766357422}, "barkbands_spread": {"dmean": 2.21759223938, "dmean2": 3.25799322128, "dvar": 10.6774921417, "dvar2": 23.0710391998, "max": 142.49949646, "mean": 10.1640272141, "median": 8.17884254456, "min": 0.246379613876, "var": 151.173751831}, "dissonance": {"dmean": 0.0367731601, "dmean2": 0.0622226856649, "dvar": 0.00139380630571, "dvar2": 0.00396159058437, "max": 0.499994575977, "mean": 0.407508164644, "median": 0.413663744926, "min": 0.180704385042, "var": 0.00318764778785}, "dynamic_complexity": 4.27971792221, "erbbands_crest": {"dmean": 2.92072510719, "dmean2": 4.41952085495, "dvar": 9.41714668274, "dvar2": 21.1086864471, "max": 33.9663314819, "mean": 18.572637558, "median": 17.8298606873, "min": 3.03051280975, "var": 51.4996414185}, "erbbands_flatness_db": {"dmean": 0.0188283212483, "dmean2": 0.0269104931504, "dvar": 0.000386666186387, "dvar2": 0.000817819207441, "max": 0.590076446533, "mean": 0.350845456123, "median": 0.347674012184, "min": 0.0483761429787, "var": 0.0046057831496}, "erbbands_kurtosis": {"dmean": 2.46087551117, "dmean2": 3.66061234474, "dvar": 21.0802230835, "dvar2": 49.3596687317, "max": 85.651763916, "mean": 3.51566362381, "median": 1.46598315239, "min": -1.82615685463, "var": 46.6478309631}, "erbbands_skewness": {"dmean": 0.468097180128, "dmean2": 0.693458676338, "dvar": 0.258957177401, "dvar2": 0.604894995689, "max": 5.73321151733, "mean": 0.463453143835, "median": 0.503212809563, "min": -5.68107891083, "var": 1.56154942513}, "erbbands_spread": {"dmean": 3.34378933907, "dmean2": 4.88805484772, "dvar": 12.7788610458, "dvar2": 27.412979126, "max": 72.9188308716, "mean": 14.9662342072, "median": 13.2937231064, "min": 0.454133987427, "var": 88.2561416626}, "hfc": {"dmean": 6.13319253922, "dmean2": 8.55445575714, "dvar": 89.882598877, "dvar2": 184.608901978, "max": 168.911575317, "mean": 22.9189548492, "median": 15.4315185547, "min": 1.25408349743e-16, "var": 528.01159668}, "melbands_crest": {"dmean": 2.73853778839, "dmean2": 4.14444351196, "dvar": 7.24071359634, "dvar2": 16.7449321747, "max": 36.3489227295, "mean": 17.108379364, "median": 16.5166397095, "min": 1.67939436436, "var": 30.5569820404}, "melbands_flatness_db": {"dmean": 0.0220810398459, "dmean2": 0.0306840017438, "dvar": 0.000471570994705, "dvar2": 0.00100237876177, "max": 0.547865688801, "mean": 0.312749415636, "median": 0.309766829014, "min": 0.00369926029816, "var": 0.00445058895275}, "melbands_kurtosis": {"dmean": 3.55528044701, "dmean2": 5.20117759705, "dvar": 39.2773399353, "dvar2": 87.2590560913, "max": 184.456436157, "mean": 6.46877670288, "median": 3.12332773209, "min": -1.89472103119, "var": 116.629425049}, "melbands_skewness": {"dmean": 0.560309052467, "dmean2": 0.791946053505, "dvar": 0.343442082405, "dvar2": 0.743349134922, "max": 10.4183969498, "mean": 1.20514249802, "median": 1.11274576187, "min": -3.97490882874, "var": 2.68021607399}, "melbands_spread": {"dmean": 4.03241157532, "dmean2": 5.93771314621, "dvar": 32.6046981812, "dvar2": 74.6348190308, "max": 200.488952637, "mean": 17.552444458, "median": 13.7646980286, "min": 0.692103147507, "var": 314.536071777}, "pitch_salience": {"dmean": 0.0597442016006, "dmean2": 0.0914030000567, "dvar": 0.00348628405482, "dvar2": 0.00786290876567, "max": 0.844006955624, "mean": 0.461399257183, "median": 0.443236172199, "min": 0.0842188671231, "var": 0.0190711896867}, "silence_rate_20dB": {"dmean": 0, "dmean2": 0, "dvar": 0, "dvar2": 0, "max": 1, "mean": 1, "median": 1, "min": 1, "var": 0}, "silence_rate_30dB": {"dmean": 0.00231548491865, "dmean2": 0.00463231047615, "dvar": 0.00231002294458, "dvar2": 0.00692669395357, "max": 1, "mean": 0.998842597008, "median": 1, "min": 0, "var": 0.0011561322026}, "silence_rate_60dB": {"dmean": 0.0225759763271, "dmean2": 0.0451650246978, "dvar": 0.0220672544092, "dvar2": 0.0483395978808, "max": 1, "mean": 0.113715276122, "median": 0, "min": 0, "var": 0.100781872869}, "spectral_centroid": {"dmean": 163.927124023, "dmean2": 231.133636475, "dvar": 50649.5546875, "dvar2": 82127.640625, "max": 10927.8583984, "mean": 1433.13195801, "median": 1323.15991211, "min": 326.355072021, "var": 522436.125}, "spectral_complexity": {"dmean": 1.10390734673, "dmean2": 1.77764904499, "dvar": 1.36140155792, "dvar2": 2.79601073265, "max": 19, "mean": 8.2146987915, "median": 8, "min": 0, "var": 11.8781385422}, "spectral_decrease": {"dmean": 1.30851085522e-09, "dmean2": 1.72750391769e-09, "dvar": 3.15664550139e-18, "dvar2": 6.10418429342e-18, "max": 1.2115600612e-16, "mean": -4.7997144037e-09, "median": -3.88196319534e-09, "min": -3.44058364021e-08, "var": 1.57200265654e-17}, "spectral_energy": {"dmean": 0.00547007890418, "dmean2": 0.00725810416043, "dvar": 5.55336773687e-05, "dvar2": 0.00010918546468, "max": 0.136381715536, "mean": 0.0201940182596, "median": 0.016387026757, "min": 1.08107554286e-20, "var": 0.000281224027276}, "spectral_energyband_high": {"dmean": 5.92922042415e-05, "dmean2": 8.80371808307e-05, "dvar": 2.41458124606e-08, "dvar2": 5.01714900736e-08, "max": 0.00427263369784, "mean": 0.000147037673742, "median": 4.49783910881e-05, "min": 7.82212925724e-21, "var": 8.56803126226e-08}, "spectral_energyband_low": {"dmean": 3.58872193829e-06, "dmean2": 6.03882426731e-06, "dvar": 1.15266400591e-10, "dvar2": 3.38562955449e-10, "max": 0.000302316911984, "mean": 4.75814249512e-06, "median": 2.20362881009e-06, "min": 6.03982138187e-23, "var": 1.37126796029e-10}, "spectral_energyband_middle_high": {"dmean": 0.00381212728098, "dmean2": 0.00541090453044, "dvar": 4.69235565106e-05, "dvar2": 9.67811720329e-05, "max": 0.111623883247, "mean": 0.0121995499358, "median": 0.00620085932314, "min": 1.46478580743e-21, "var": 0.000226067684707}, "spectral_energyband_middle_low": {"dmean": 0.00256570172496, "dmean2": 0.00293288845569, "dvar": 1.74782107933e-05, "dvar2": 2.29153356486e-05, "max": 0.108176626265, "mean": 0.00794790219516, "median": 0.00468014087528, "min": 3.13657154368e-22, "var": 9.50432222453e-05}, "spectral_entropy": {"dmean": 0.178582295775, "dmean2": 0.254257053137, "dvar": 0.039029635489, "dvar2": 0.0825776085258, "max": 9.78623390198, "mean": 5.99147367477, "median": 5.97864627838, "min": 3.97391414642, "var": 0.409228891134}, "spectral_flux": {"dmean": 0.017078327015, "dmean2": 0.0284170694649, "dvar": 0.000470591185149, "dvar2": 0.00120507122483, "max": 0.251017838717, "mean": 0.0400226898491, "median": 0.034571416676, "min": 1.03974780175e-10, "var": 0.000757302215789}, "spectral_kurtosis": {"dmean": 6.07675170898, "dmean2": 10.5688810349, "dvar": 32.8082008362, "dvar2": 95.5753326416, "max": 55.3115539551, "mean": 12.8142776489, "median": 10.9395589828, "min": -1.19385540485, "var": 68.2603912354}, "spectral_rms": {"dmean": 0.000582538719755, "dmean2": 0.000766714510974, "dvar": 4.39032504573e-07, "dvar2": 8.61925684603e-07, "max": 0.0115349618718, "mean": 0.00400370359421, "median": 0.00399841787294, "min": 3.24762656004e-12, "var": 3.67181064576e-06}, "spectral_rolloff": {"dmean": 206.55166626, "dmean2": 363.156005859, "dvar": 282263.28125, "dvar2": 619704.875, "max": 19853.6132812, "mean": 1746.26501465, "median": 1421.19140625, "min": 279.931640625, "var": 4495399}, "spectral_skewness": {"dmean": 0.531585156918, "dmean2": 0.914603412151, "dvar": 0.224273189902, "dvar2": 0.648698985577, "max": 5.31108283997, "mean": 2.16208934784, "median": 2.05585813522, "min": 0.00723324203864, "var": 0.56380033493}, "spectral_spread": {"dmean": 275785.6875, "dmean2": 454431.375, "dvar": 287643303936, "dvar2": 438678061056, "max": 39767036, "mean": 2619275, "median": 2312895, "min": 988565.25, "var": 2878069538820.0}, "spectral_strongpeak": {"dmean": 1.00800323486, "dmean2": 1.54702317715, "dvar": 2.03823137283, "dvar2": 4.21436309814, "max": 19.3510322571, "mean": 3.87496137619, "median": 2.44128227234, "min": 0, "var": 12.2771053314}, "zerocrossingrate": {"dmean": 0.00596748944372, "dmean2": 0.00686689699069, "dvar": 0.000134316534968, "dvar2": 0.000125117236166, "max": 0.7685546875, "mean": 0.0644341930747, "median": 0.05810546875, "min": 0.01171875, "var": 0.00496218120679}, "barkbands": {"dmean": [1.07830255729e-05, 7.02587442447e-07, 4.17349326653e-07, 7.82839435942e-07, 0.000541344925296, 0.000494373205584, 0.00104445137549, 0.000161509437021, 0.000687632593326, 0.000573477591388, 0.000338033627486, 0.000178800881258, 0.00178116536699, 0.000609616108704, 0.000728776736651, 6.01589708822e-05, 0.000241451038164, 0.000108924497908, 0.00018030263891, 3.53257346433e-05, 4.4947850256e-05, 1.06876113932e-05, 2.09442077903e-06, 1.81001394139e-06, 7.70041026499e-07, 2.3654558845e-07, 1.29515029812e-08], "dmean2": [1.81713057827e-05, 1.19376545626e-06, 7.40690495604e-07, 1.29015961647e-06, 0.00064380641561, 0.00058981066104, 0.00112229655497, 0.000197933681193, 0.000924802676309, 0.000787136959843, 0.000413348607253, 0.000223906725296, 0.00267059053294, 0.000780345406383, 0.00108132977039, 9.18627047213e-05, 0.000376536278054, 0.000161384348758, 0.000261920504272, 5.5319222156e-05, 6.7118620791e-05, 1.55457564688e-05, 3.28451369569e-06, 2.81215147879e-06, 1.21829100408e-06, 3.72603324195e-07, 2.00538785577e-08], "dvar": [1.50055645687e-09, 1.85620594416e-12, 5.61168245119e-13, 6.48365042211e-12, 6.49176763545e-06, 2.20625406655e-06, 4.44534225608e-06, 2.1518329163e-07, 3.7662205159e-06, 8.2900196503e-06, 7.54406812575e-07, 1.12991165224e-06, 3.0672421417e-05, 6.97639325153e-06, 4.72405918117e-06, 2.53580587639e-08, 4.23720308618e-07, 8.9825370253e-08, 2.14253603303e-07, 9.48366629672e-09, 1.9477299773e-08, 1.43813805309e-09, 4.94100246828e-11, 4.39901864935e-11, 9.3749461319e-12, 1.10443956498e-12, 2.93755790668e-15], "dvar2": [4.49779768985e-09, 5.2939744602e-12, 1.63047700341e-12, 1.5757329469e-11, 8.97858990356e-06, 2.95421568808e-06, 4.44507759312e-06, 3.11532517117e-07, 7.659736184e-06, 1.82604253496e-05, 1.11915687739e-06, 1.3291206642e-06, 6.59492288833e-05, 1.14276926979e-05, 1.04717391878e-05, 4.7095866762e-08, 8.53101312259e-07, 1.82292339446e-07, 3.74676915271e-07, 2.12976001279e-08, 4.05977580442e-08, 2.99748870169e-09, 1.06340034001e-10, 1.05373924864e-10, 2.45308807989e-11, 2.51938183857e-12, 5.83174687943e-15], "max": [0.00105343083851, 2.80336171272e-05, 1.55318011821e-05, 0.000127215331304, 0.0991790369153, 0.0289270225912, 0.070873580873, 0.0221828185022, 0.0356161445379, 0.0853266194463, 0.0280831772834, 0.0382391326129, 0.111206673086, 0.0836583524942, 0.0611132532358, 0.00287976441905, 0.0152697199956, 0.00648179464042, 0.00918675214052, 0.00202248687856, 0.00417381711304, 0.00185538840014, 0.000154798006406, 0.00015255541075, 8.49260759423e-05, 3.94856724597e-05, 1.04415062196e-06], "mean": [1.0530579857e-05, 9.30850831082e-07, 4.96046709486e-07, 4.06098615713e-06, 0.00150196952745, 0.00111106398981, 0.0028148246929, 0.000583245710004, 0.00169333431404, 0.00119842309505, 0.00126632850152, 0.000455652334495, 0.00409905612469, 0.0020403873641, 0.00203201011755, 0.000130471758894, 0.000471059174743, 0.000192831008462, 0.000394009664888, 6.93028850947e-05, 8.87397545739e-05, 2.4799928724e-05, 4.53886241303e-06, 3.75040849576e-06, 1.64096945809e-06, 5.62680213534e-07, 1.43119640583e-08], "median": [2.75475485978e-06, 4.82540599478e-07, 2.44780380854e-07, 1.41226678352e-07, 2.18646673602e-05, 1.42334647535e-05, 0.000928425986785, 2.72880492957e-06, 0.000137425144203, 0.000165063145687, 0.000122925965115, 1.74558717845e-05, 6.75974952173e-05, 2.05983087653e-05, 0.000129668420414, 2.87147340714e-05, 0.000150943524204, 4.33527457062e-05, 8.10211931821e-05, 1.74644555955e-05, 1.74591950781e-05, 2.87386956188e-06, 3.68231383163e-07, 1.93083891986e-07, 9.24256653434e-08, 6.65072761308e-08, 1.75914549594e-09], "min": [4.652554102e-24, 3.45311807466e-23, 1.70431521084e-23, 3.24358620527e-23, 6.16005198798e-23, 4.03233067462e-23, 2.6468127727e-23, 5.37769129662e-23, 9.12904170748e-23, 4.44894578915e-23, 1.75084017599e-23, 1.16733377457e-22, 4.65518937074e-23, 1.46392881419e-22, 1.20347887638e-22, 9.15530825127e-23, 1.36141766484e-22, 2.16149503618e-22, 3.48370694512e-22, 3.33866155172e-22, 4.95309278351e-22, 4.18782828568e-22, 6.6661306187e-22, 7.84166614855e-22, 1.03272166618e-21, 1.76495341508e-21, 2.67660702041e-21], "var": [1.38436462294e-09, 2.2191844716e-12, 6.42249437226e-13, 3.04085007174e-10, 2.97602346109e-05, 8.22910988063e-06, 2.57653064182e-05, 2.80555650534e-06, 1.48017252286e-05, 2.30893401749e-05, 8.75389378052e-06, 6.90629622113e-06, 0.000108137930511, 5.42953130207e-05, 2.83138288069e-05, 8.36496738543e-08, 1.26847805859e-06, 2.06600645924e-07, 6.1234493387e-07, 2.28545697922e-08, 5.25425534192e-08, 8.5179570064e-09, 1.66135008528e-10, 1.22825999371e-10, 2.68751791654e-11, 2.47349796895e-12, 4.1574041471e-15]}, "erbbands": {"dmean": [5.62843670195e-05, 0.000104393053334, 0.000443372031441, 0.0039571034722, 0.168840646744, 2.4418861866, 3.23794412613, 4.94311141968, 13.5193376541, 11.3070039749, 3.01933407784, 16.4453411102, 10.6236467361, 21.2029590607, 15.8757944107, 16.5371341705, 86.0898208618, 41.9249801636, 42.0126304626, 9.46277332306, 4.00865936279, 8.98404598236, 7.87675762177, 7.28138971329, 7.91954278946, 2.18618154526, 1.62815451622, 1.45633637905, 0.413066327572, 0.130663961172, 0.0640491470695, 0.0504360496998, 0.023527905345, 0.010833597742, 0.00387337710708, 0.0012134234421, 0.00041281391168, 5.77100836381e-05, 3.65530854651e-06, 6.64048957333e-06], "dmean2": [9.51491456362e-05, 0.000178195317858, 0.000750559265725, 0.00535257114097, 0.210392937064, 2.89154195786, 3.80866622925, 5.8328371048, 14.3846540451, 12.5839490891, 4.10382509232, 22.061214447, 13.6816692352, 29.6011371613, 19.2465114594, 23.539812088, 129.994766235, 54.2397270203, 62.1208076477, 14.1065654755, 5.76318788528, 14.1748695374, 12.1998767853, 10.264040947, 11.7727136612, 3.43218708038, 2.4419054985, 2.20147418976, 0.602237761021, 0.195041462779, 0.097314491868, 0.079159706831, 0.0365030579269, 0.0174713358283, 0.00612856075168, 0.00187915679999, 0.000657962576952, 8.93260948942e-05, 4.98163808516e-06, 8.86086854734e-06], "dvar": [2.24984297859e-08, 2.58507810713e-08, 5.94468303916e-07, 6.66302366881e-05, 0.144875735044, 117.597717285, 152.507476807, 201.637191772, 864.707519531, 893.139953613, 53.8065185547, 2177.10644531, 1194.56921387, 11975.6943359, 1526.60827637, 3961.83789062, 75962.921875, 23447.4609375, 14561.3251953, 575.574645996, 216.522613525, 498.912811279, 293.192840576, 899.31439209, 281.262115479, 33.4304389954, 21.267539978, 35.1194496155, 1.88382780552, 0.123213887215, 0.0760187506676, 0.044749904424, 0.00765397259966, 0.00162303680554, 0.000246912415605, 4.62306525151e-05, 2.24390873882e-06, 2.52006007173e-08, 2.51269751533e-11, 8.23739271238e-11], "dvar2": [6.62373125238e-08, 7.11375776064e-08, 1.56262444762e-06, 0.000126253944472, 0.23703828454, 168.934997559, 196.84085083, 276.161987305, 855.244567871, 936.039978027, 113.873291016, 4401.22265625, 2238.94921875, 27072.1660156, 2202.23925781, 5881.02392578, 160558.984375, 37650.5625, 33213.8671875, 1200.37316895, 333.588592529, 1142.05090332, 681.210327148, 1439.76782227, 612.931335449, 74.6098251343, 39.1823158264, 86.7787704468, 4.10519695282, 0.22287979722, 0.156299635768, 0.10360584408, 0.0175437703729, 0.0041531776078, 0.00062210165197, 9.05416382011e-05, 5.87176327826e-06, 6.11971771036e-08, 5.29349550304e-11, 1.64407792935e-10], "max": [0.00382944266312, 0.00308568589389, 0.0144054824486, 0.209983855486, 10.1780118942, 414.008270264, 427.356719971, 289.304534912, 1043.29821777, 1573.83520508, 207.318847656, 883.851013184, 905.953918457, 3090.26318359, 1192.76867676, 1970.47692871, 5736.41748047, 4709.96142578, 3197.51831055, 672.64465332, 432.708679199, 451.309326172, 297.361846924, 661.058105469, 332.618988037, 123.004562378, 126.597885132, 230.60194397, 63.8457336426, 9.5282535553, 7.28515100479, 5.95081520081, 1.90665686131, 0.930015861988, 0.487512856722, 0.285572171211, 0.0504323728383, 0.00273100892082, 8.15148741822e-05, 0.000154862151248], "mean": [7.393816486e-05, 0.000168905578903, 0.000916922930628, 0.0165897011757, 0.637308895588, 6.78278779984, 7.39081382751, 11.0405464172, 36.5724601746, 35.0330047607, 10.1325464249, 40.8112640381, 28.8126735687, 45.6687431335, 55.6568031311, 40.5699882507, 202.046890259, 140.083724976, 122.399803162, 24.5733642578, 9.65900325775, 18.4536590576, 15.9963989258, 15.261888504, 18.5048007965, 4.71546888351, 3.33475279808, 2.86555027962, 0.982270956039, 0.301427692175, 0.134751483798, 0.0902596563101, 0.0517368353903, 0.0222421903163, 0.00882299430668, 0.00290959165432, 0.000989570049569, 0.000126210812596, 1.42491808219e-05, 2.48888973147e-05], "median": [2.62205176114e-05, 0.000122317607747, 0.00036935263779, 0.00113591179252, 0.0165873207152, 0.119008146226, 0.457906067371, 1.56627774239, 7.80496025085, 7.12354040146, 2.31918478012, 4.70087385178, 4.59645843506, 11.6945543289, 9.42020702362, 5.28824043274, 5.90603733063, 9.29493713379, 14.2658720016, 5.60449504852, 3.18772363663, 6.96135187149, 5.67863845825, 3.77458548546, 3.11253905296, 1.87557029724, 0.869352281094, 0.463710874319, 0.123125627637, 0.0452475585043, 0.0103555582464, 0.00556602794677, 0.00251197116449, 0.00123191787861, 0.000567501818296, 0.000269878655672, 0.000134584581247, 2.41025627474e-05, 1.09921820695e-05, 2.0240964659e-05], "min": [8.36631746799e-22, 8.31104954481e-21, 2.29887321654e-20, 4.70873468425e-20, 2.0966284615e-19, 1.26131226913e-19, 2.46605288069e-19, 3.99470746811e-19, 5.0266137313e-19, 7.29664186742e-19, 1.02627357682e-18, 2.17192834118e-18, 1.22584599564e-18, 1.34757451497e-18, 1.45047371522e-18, 5.27204804182e-18, 2.45982896697e-18, 6.46623917958e-18, 8.88754613862e-18, 4.52719133896e-18, 4.49027840412e-18, 8.85504373082e-18, 1.04293545521e-17, 1.22497557416e-17, 2.02080637237e-17, 1.61935527246e-17, 1.79018361994e-17, 1.95802121321e-17, 1.38368729732e-17, 1.69141676588e-17, 1.82417908876e-17, 1.69247770773e-17, 1.3538288069e-17, 1.22165849719e-17, 7.4019628457e-18, 6.55059629922e-18, 3.53042050286e-18, 1.31478507549e-18, 3.49128043592e-19, 4.242808079e-20], "var": [2.73525628813e-08, 3.66375623173e-08, 1.53427993155e-06, 0.00116931926459, 1.36944758892, 554.563903809, 673.808166504, 677.83392334, 4498.515625, 10489.1230469, 412.898101807, 8666.11523438, 5670.75537109, 30785.8417969, 16621.515625, 20595.2988281, 269068.78125, 195258.796875, 90475.890625, 2840.84008789, 884.879577637, 1356.38000488, 778.935424805, 2364.17163086, 1081.64819336, 74.9482650757, 54.9072570801, 97.7631988525, 11.3058099747, 0.422004193068, 0.202757224441, 0.0916261002421, 0.0268564485013, 0.00436813291162, 0.000863908324391, 0.000101396777609, 6.04218030276e-06, 7.90080818547e-08, 1.56347226832e-10, 4.3290576679e-10]}, "gfcc": {"mean": [-147.92237854, 71.0345230103, -214.790359497, -21.0128955841, -65.3563766479, -26.4318847656, -28.4629039764, -7.4249215126, -19.7545909882, 5.49733829498, -2.59055185318, 1.59545075893, 0.0300140269101], "cov": [[16291.0693359, 2968.73266602, -2793.61352539, -615.141235352, -1338.47729492, -997.423706055, -225.258087158, -476.659301758, -159.201721191, -79.8456497192, 142.617340088, -304.312347412, -165.762496948], [2968.73266602, 4316.31445312, 844.625488281, -403.399780273, -729.683959961, -1834.33618164, -939.826904297, -1125.78735352, -382.590911865, -518.504394531, -94.5410919189, -229.055053711, 42.9962120056], [-2793.61352539, 844.625488281, 1477.83874512, 34.0258293152, -198.476333618, -450.577178955, -403.31729126, -241.452148438, -168.357543945, -258.348052979, -168.548843384, -29.9523220062, 56.2529067993], [-615.141235352, -403.399780273, 34.0258293152, 461.862792969, 316.037384033, 21.0837631226, 19.4736118317, 69.2460708618, -3.06410217285, -47.0628318787, -112.243095398, 27.3957443237, 106.627975464], [-1338.47729492, -729.683959961, -198.476333618, 316.037384033, 660.838928223, 302.482116699, 185.883911133, 109.756492615, 49.5516586304, 27.6629734039, -46.2790260315, 1.93716537952, 82.1896743774], [-997.423706055, -1834.33618164, -450.577178955, 21.0837631226, 302.482116699, 1023.22454834, 526.685913086, 530.034423828, 137.492080688, 162.025543213, 14.7924308777, 76.6856155396, -67.5095977783], [-225.258087158, -939.826904297, -403.31729126, 19.4736118317, 185.883911133, 526.685913086, 534.501403809, 374.690704346, 110.081497192, 28.1501235962, -47.7485351562, -9.45789813995, -61.7474594116], [-476.659301758, -1125.78735352, -241.452148438, 69.2460708618, 109.756492615, 530.034423828, 374.690704346, 607.558898926, 147.982955933, 18.3213443756, -121.943756104, -12.959487915, 6.08635759354], [-159.201721191, -382.590911865, -168.357543945, -3.06410217285, 49.5516586304, 137.492080688, 110.081497192, 147.982955933, 229.59866333, 189.837615967, 40.071269989, -33.2870178223, -36.9310531616], [-79.8456497192, -518.504394531, -258.348052979, -47.0628318787, 27.6629734039, 162.025543213, 28.1501235962, 18.3213443756, 189.837615967, 472.143737793, 268.436462402, 23.700094223, -106.524833679], [142.617340088, -94.5410919189, -168.548843384, -112.243095398, -46.2790260315, 14.7924308777, -47.7485351562, -121.943756104, 40.071269989, 268.436462402, 360.112182617, 130.383575439, -112.152839661], [-304.312347412, -229.055053711, -29.9523220062, 27.3957443237, 1.93716537952, 76.6856155396, -9.45789813995, -12.959487915, -33.2870178223, 23.700094223, 130.383575439, 275.981536865, 46.5803489685], [-165.762496948, 42.9962120056, 56.2529067993, 106.627975464, 82.1896743774, -67.5095977783, -61.7474594116, 6.08635759354, -36.9310531616, -106.524833679, -112.152839661, 46.5803489685, 217.672943115]], "icov": [[0.000385340012144, -0.000480096612591, 0.00112870207522, -0.000697754905559, 0.00104904908221, -0.000463890348328, 0.000288864801405, -8.57533959788e-05, 0.000269993091933, 4.59283401142e-05, -2.65986654995e-05, 0.000394747126848, -4.71428102173e-05], [-0.000480096612591, 0.00281993485987, -0.00127813045401, 0.00262450031005, -0.00137790071312, 0.00368184526451, -0.000363473343896, 0.00140977383126, -0.000281474902295, 0.00134163163602, 0.000413773785112, 3.03717188217e-05, 0.000457214104244], [0.00112870207522, -0.00127813045401, 0.0043217567727, -0.00202492834069, 0.00314721628092, -0.00117133092135, 0.0016776858829, -0.000218296801904, 0.000891919538844, 0.000436812959379, 0.000554659636691, 0.000950885063503, 0.000364839215763], [-0.000697754905559, 0.00262450031005, -0.00202492834069, 0.00706923846155, -0.0044503766112, 0.00454028090462, -0.000229689016123, 6.1315309722e-05, 0.00043969185208, -0.000309674564051, 0.00258711236529, -0.00201193033718, 0.000718852039427], [0.00104904908221, -0.00137790071312, 0.00314721628092, -0.0044503766112, 0.00638200063258, -0.0028786608018, 7.8489742009e-05, 0.00112227490172, -9.85272345133e-05, 0.000836364168208, -0.00141934747808, 0.00248832488433, -0.00174509407952], [-0.000463890348328, 0.00368184526451, -0.00117133092135, 0.00454028090462, -0.0028786608018, 0.00847311783582, -0.00190492835827, -0.000225498675718, 0.00134506111499, 1.66201698448e-05, 0.00185276649427, -0.00144134031143, 0.00167823268566], [0.000288864801405, -0.000363473343896, 0.0016776858829, -0.000229689016123, 7.8489742009e-05, -0.00190492835827, 0.00586844841018, -0.00150350178592, -0.000806365860626, 0.0013867856469, 0.000405419006711, 0.000174294022145, 0.0017704796046], [-8.57533959788e-05, 0.00140977383126, -0.000218296801904, 6.1315309722e-05, 0.00112227490172, -0.000225498675718, -0.00150350178592, 0.0057697170414, -0.00249199941754, 0.00161832920276, 0.000863873690832, 0.000592316966504, -0.000711382832378], [0.000269993091933, -0.000281474902295, 0.000891919538844, 0.00043969185208, -9.85272345133e-05, 0.00134506111499, -0.000806365860626, -0.00249199941754, 0.00995289068669, -0.00521865906194, 0.00218506669626, 0.00015893674572, 0.000337162782671], [4.59283401142e-05, 0.00134163163602, 0.000436812959379, -0.000309674564051, 0.000836364168208, 1.66201698448e-05, 0.0013867856469, 0.00161832920276, -0.00521865906194, 0.00878319516778, -0.00577850267291, 0.00275346916169, -0.000307327427436], [-2.65986654995e-05, 0.000413773785112, 0.000554659636691, 0.00258711236529, -0.00141934747808, 0.00185276649427, 0.000405419006711, 0.000863873690832, 0.00218506669626, -0.00577850267291, 0.0116030341014, -0.00580631289631, 0.0044524022378], [0.000394747126848, 3.03717188217e-05, 0.000950885063503, -0.00201193033718, 0.00248832488433, -0.00144134031143, 0.000174294022145, 0.000592316966504, 0.00015893674572, 0.00275346916169, -0.00580631289631, 0.00794318970293, -0.00363620696589], [-4.71428102173e-05, 0.000457214104244, 0.000364839215763, 0.000718852039427, -0.00174509407952, 0.00167823268566, 0.0017704796046, -0.000711382832378, 0.000337162782671, -0.000307327427436, 0.0044524022378, -0.00363620696589, 0.00870191305876]]}, "melbands": {"dmean": [6.99314284702e-07, 1.71229416424e-07, 1.57348324592e-06, 8.01280184533e-05, 0.000134390007588, 0.000103871141619, 0.000212441096664, 0.000102232348581, 3.13635755447e-05, 0.000106250474346, 5.21568508702e-05, 8.95078192116e-05, 5.08754674229e-05, 2.72780325759e-05, 0.000133522262331, 0.000165842837305, 6.37512493995e-05, 5.80583691772e-05, 3.56366217602e-05, 5.77096898269e-06, 4.81032702737e-06, 7.15544547347e-06, 1.67891703313e-05, 4.23725532528e-06, 6.08568961979e-06, 6.85300619807e-06, 2.4772625693e-06, 1.29843215291e-06, 1.22277083392e-06, 1.07047856091e-06, 7.58715145821e-07, 2.6509098916e-07, 1.66253428802e-07, 5.50540946165e-08, 4.74722909871e-08, 2.60301220578e-08, 3.10556629302e-08, 1.91227567115e-08, 1.16666001304e-08, 1.08171773761e-08], "dmean2": [1.17824538393e-06, 2.98461998227e-07, 2.29978991229e-06, 9.52544942265e-05, 0.000158936352818, 0.000123270743643, 0.000226968739298, 0.000115600625577, 4.56020825368e-05, 0.000141033306136, 6.66649575578e-05, 0.000125296704937, 6.21054132353e-05, 3.34880642185e-05, 0.000209234742215, 0.000236364605371, 8.01686474006e-05, 8.61105800141e-05, 5.23366798006e-05, 8.8565329861e-06, 6.67221047479e-06, 1.09367147161e-05, 2.67409959633e-05, 6.17094019617e-06, 8.53020446812e-06, 1.01824716694e-05, 3.74373735212e-06, 2.05390028896e-06, 1.91940034711e-06, 1.51145354721e-06, 1.18436673802e-06, 3.88915367466e-07, 2.39454635675e-07, 8.828945397e-08, 7.25342772512e-08, 4.0716916061e-08, 4.82153836856e-08, 2.99407325599e-08, 1.80416304119e-08, 1.7941109931e-08], "dvar": [4.66092962836e-12, 7.73313569213e-14, 1.58505552433e-11, 9.6828451035e-08, 3.02625352333e-07, 9.19913816233e-08, 2.03861858949e-07, 7.71492523199e-08, 1.06195061633e-08, 8.81103261463e-08, 3.11537284858e-08, 2.32078292584e-07, 1.63182161117e-08, 1.38922784387e-08, 2.28279532166e-07, 2.11456637089e-07, 6.94241677479e-08, 2.774018526e-08, 1.2671562466e-08, 2.86115686698e-10, 6.63045340854e-10, 6.41197039908e-10, 1.69598646238e-09, 2.81509038302e-10, 8.36340385835e-10, 2.30374608279e-10, 2.6226501873e-11, 1.63875232828e-11, 8.67690034406e-12, 2.6300520789e-11, 7.61353653733e-12, 1.17972179334e-12, 4.57591863706e-13, 1.99112949707e-14, 3.95367637555e-14, 8.43189619959e-15, 1.80465163619e-14, 5.27119148637e-15, 1.91927713211e-15, 2.01938139164e-15], "dvar2": [1.37097503489e-11, 2.23703556222e-13, 4.05444254559e-11, 1.42652083923e-07, 3.9785228978e-07, 1.24963094095e-07, 2.01775876008e-07, 8.22811898615e-08, 2.53253436e-08, 1.71183856423e-07, 5.79946330959e-08, 5.21091180872e-07, 2.41596556094e-08, 1.69150649043e-08, 5.09675828653e-07, 4.13458337789e-07, 1.11214156107e-07, 6.4251324261e-08, 2.62147175079e-08, 5.58800228312e-10, 9.89916704164e-10, 1.15196541195e-09, 4.17903711636e-09, 5.67722924227e-10, 1.33218380771e-09, 4.91893248356e-10, 5.84950976545e-11, 3.53925361241e-11, 2.1656589716e-11, 4.81171387456e-11, 1.91328463489e-11, 2.65038793863e-12, 6.93636662864e-13, 4.99427634123e-14, 8.30249226574e-14, 1.98645760214e-14, 4.01905037842e-14, 1.22218799005e-14, 4.40103411613e-15, 5.455141208e-15], "max": [5.88757029618e-05, 4.9326131375e-06, 0.000135621245136, 0.0116328373551, 0.0205806661397, 0.00548562733456, 0.0162220336497, 0.0149297863245, 0.00266851228662, 0.0049236509949, 0.0045177214779, 0.0138461645693, 0.00435895519331, 0.00417116563767, 0.00969165936112, 0.00850117020309, 0.00805666018277, 0.00422853510827, 0.00350633892231, 0.000488025747472, 0.00081323669292, 0.000750470440835, 0.000744433840737, 0.000474344822578, 0.000640708894935, 0.000297326216241, 9.33297415031e-05, 0.000105306840851, 4.485206955e-05, 0.000147388651385, 0.000100967299659, 5.88974289712e-05, 2.17076430999e-05, 3.13368832394e-06, 4.55154440715e-06, 1.71642170699e-06, 3.99959617425e-06, 1.4393725678e-06, 9.0417336196e-07, 9.73894316303e-07], "mean": [8.79945957877e-07, 2.43854628934e-07, 7.21607329979e-06, 0.000237850676058, 0.000319003447657, 0.00024063217279, 0.000568319810554, 0.00032321238541, 8.94690529094e-05, 0.000262049346929, 0.000138166666147, 0.000182721050805, 0.000187841826119, 7.8371464042e-05, 0.000279279163806, 0.000434046727605, 0.000217278677155, 0.000168636630406, 9.47403095779e-05, 1.2671877812e-05, 1.11023418867e-05, 1.49712323037e-05, 3.07353147946e-05, 8.6839118012e-06, 1.16956725833e-05, 1.54665613081e-05, 5.82478878641e-06, 2.39105179389e-06, 2.33747141465e-06, 1.8852535959e-06, 1.479067123e-06, 6.10122015132e-07, 3.07008889422e-07, 1.13111852329e-07, 8.93315998951e-08, 4.42403838008e-08, 4.98200911636e-08, 3.82746385696e-08, 2.23299387869e-08, 1.92747737771e-08], "median": [2.80150231902e-07, 1.41525475783e-07, 1.44941338931e-07, 3.80462415706e-06, 1.44157729665e-05, 1.83431875485e-05, 0.000137533788802, 5.32712183485e-05, 1.0761039448e-05, 2.44012535404e-05, 1.2619602785e-05, 3.57720236934e-05, 2.19851299335e-05, 4.13980978919e-06, 6.34205662209e-06, 6.44039755571e-06, 2.23522692977e-06, 1.29239688249e-05, 6.81222627463e-06, 2.36613504967e-06, 1.76323987944e-06, 5.87860677115e-06, 7.02171610101e-06, 1.20699633044e-06, 1.04603134332e-06, 2.00432305064e-06, 1.2871104218e-06, 5.77400271595e-07, 5.3074711559e-07, 1.60013939876e-07, 1.5538188336e-07, 6.06521979307e-08, 3.75860302881e-08, 1.25668506712e-08, 5.39302558167e-09, 3.40044881142e-09, 2.71086886272e-09, 1.67828462239e-09, 1.29696453577e-09, 8.92600660052e-10], "min": [9.04824957124e-24, 1.1837214448e-23, 1.5520232465e-23, 1.11876206247e-23, 8.84172657512e-24, 9.42906822893e-24, 6.6566071112e-24, 9.66753299197e-24, 8.18116758524e-24, 1.46108919892e-23, 6.35956982038e-24, 5.82997830685e-24, 2.90907230221e-24, 1.23071720214e-23, 8.61349254916e-24, 5.41094407147e-24, 1.35898693196e-23, 1.50345528938e-23, 7.2936903894e-24, 6.07514404885e-24, 5.06686700487e-24, 9.41644014356e-24, 9.18173272501e-24, 9.37907022476e-24, 1.0041300022e-23, 1.14126384647e-23, 1.63354318582e-23, 9.10691715676e-24, 1.20622449098e-23, 1.18199873035e-23, 9.86955159233e-24, 6.57934410199e-24, 9.72060755368e-24, 9.36548525111e-24, 9.64766158577e-24, 1.24618360904e-23, 9.88551655933e-24, 8.30771034077e-24, 1.12611984702e-23, 9.75378467677e-24], "var": [5.59073794204e-12, 1.04626966542e-13, 4.15332823689e-10, 4.75115513154e-07, 1.34163769872e-06, 3.70018966578e-07, 1.02669901025e-06, 9.44732676089e-07, 4.23689279216e-08, 3.58452780347e-07, 1.47622031932e-07, 6.06406672432e-07, 1.86002296232e-07, 9.91195463484e-08, 7.05949275925e-07, 9.91121851257e-07, 5.75007902626e-07, 1.76329464807e-07, 6.76690561363e-08, 1.09428111017e-09, 2.75670819505e-09, 2.08846495653e-09, 4.45973880048e-09, 6.47260300912e-10, 2.1585460086e-09, 8.82733608432e-10, 1.03207310753e-10, 3.41307329621e-11, 2.2720155618e-11, 6.4877714312e-11, 2.36686486382e-11, 7.40125582349e-12, 1.07904939324e-12, 7.1527853085e-14, 1.08454179882e-13, 1.81417313355e-14, 3.24271181738e-14, 1.69333270279e-14, 5.58190392373e-15, 3.97975211542e-15]}, "mfcc": {"mean": [-779.626953125, 111.293067932, -82.3289413452, 0.130770683289, -36.6169471741, -19.485824585, -12.7446594238, -14.6978321075, -7.82163000107, -6.66513347626, -2.93148064613, -3.12004446983, 0.412052333355], "cov": [[7794.23583984, 1627.6003418, -1197.19140625, 8.96715164185, -982.131835938, -469.23651123, -350.836547852, -303.141082764, -400.229125977, -245.820007324, 124.94783783, 182.440536499, -2.68888998032], [1627.6003418, 3783.94677734, 310.298248291, 405.529174805, -258.107666016, -850.101379395, -924.248840332, -933.64263916, -593.670288086, -681.546081543, -580.7265625, -196.00428772, -88.0035552979], [-1197.19140625, 310.298248291, 774.045288086, 70.3565368652, 87.2793121338, -153.661376953, -200.929077148, -144.333328247, -34.8503379822, -103.957344055, -264.846313477, -100.938652039, -12.9970741272], [8.96715164185, 405.529174805, 70.3565368652, 495.564880371, 77.9964294434, -59.504573822, -180.192108154, -176.825485229, 4.59392738342, -34.6967658997, -216.978317261, -170.696411133, 23.8819961548], [-982.131835938, -258.107666016, 87.2793121338, 77.9964294434, 366.74407959, 117.248245239, 31.7255039215, 36.1754455566, 71.6938552856, 61.595790863, -126.860908508, -160.250686646, -6.08544588089], [-469.23651123, -850.101379395, -153.661376953, -59.504573822, 117.248245239, 412.281768799, 255.817047119, 184.838531494, 111.669647217, 126.082588196, 144.77911377, 8.84726428986, 2.71901750565], [-350.836547852, -924.248840332, -200.929077148, -180.192108154, 31.7255039215, 255.817047119, 488.326690674, 386.025512695, 179.612014771, 157.696868896, 149.264373779, 58.9869384766, -4.43651485443], [-303.141082764, -933.64263916, -144.333328247, -176.825485229, 36.1754455566, 184.838531494, 386.025512695, 602.939941406, 308.417358398, 107.319458008, 55.5415534973, -44.3302955627, -17.0435638428], [-400.229125977, -593.670288086, -34.8503379822, 4.59392738342, 71.6938552856, 111.669647217, 179.612014771, 308.417358398, 450.697296143, 259.52255249, -73.6329879761, -172.171539307, -89.3735961914], [-245.820007324, -681.546081543, -103.957344055, -34.6967658997, 61.595790863, 126.082588196, 157.696868896, 107.319458008, 259.52255249, 477.993164062, 138.364776611, -48.5714530945, -90.5520095825], [124.94783783, -580.7265625, -264.846313477, -216.978317261, -126.860908508, 144.77911377, 149.264373779, 55.5415534973, -73.6329879761, 138.364776611, 615.463378906, 397.898010254, 27.6633701324], [182.440536499, -196.00428772, -100.938652039, -170.696411133, -160.250686646, 8.84726428986, 58.9869384766, -44.3302955627, -172.171539307, -48.5714530945, 397.898010254, 537.304138184, 133.394119263], [-2.68888998032, -88.0035552979, -12.9970741272, 23.8819961548, -6.08544588089, 2.71901750565, -4.43651485443, -17.0435638428, -89.3735961914, -90.5520095825, 27.6633701324, 133.394119263, 269.563842773]], "icov": [[0.000360028177965, 9.5945870271e-06, 0.000666100357193, -9.78596744972e-07, 0.000857914215885, 9.64862192632e-05, 0.000365164625691, -0.000136511051096, 0.00034214486368, -0.000156996014994, 0.000359533267329, 2.13326802623e-05, 6.7946370109e-05], [9.5945870271e-06, 0.00119165680371, 0.000385447143344, -0.000136413305881, 0.000300703221001, 0.00135151401628, 0.000302839733195, 0.00104296929203, 8.85007393663e-05, 0.0010328135686, 0.000428554631071, 0.000208042853046, 0.000713240820915], [0.000666100357193, 0.000385447143344, 0.00308818207122, 0.000222924994887, 0.00118190259673, 0.000800724665169, 0.00127811869606, 0.000158366165124, 0.00051829952281, 5.72552453377e-05, 0.0016589993611, -0.000413025321905, 0.000536490580998], [-9.78596744972e-07, -0.000136413305881, 0.000222924994887, 0.00303062796593, -0.000299150822684, -0.00037736230297, 0.000539941538591, 0.00087883125525, -0.000773043837398, 1.59175142471e-05, 0.000487034674734, 0.00047087110579, -0.000774736341555], [0.000857914215885, 0.000300703221001, 0.00118190259673, -0.000299150822684, 0.00602688174695, -0.000932817813009, 0.0010989602888, -0.000293596036499, 0.00130794500001, -0.000801949878223, 0.00152528693434, 0.000849717878737, -7.75502630859e-05], [9.64862192632e-05, 0.00135151401628, 0.000800724665169, -0.00037736230297, -0.000932817813009, 0.00620988896117, -0.00190797413234, 0.00173597119283, -0.000455773842987, 0.00158923736308, -0.00103190913796, 0.00111403071787, 0.00044625098235], [0.000365164625691, 0.000302839733195, 0.00127811869606, 0.000539941538591, 0.0010989602888, -0.00190797413234, 0.0069278171286, -0.00352442730218, 0.00151283084415, -0.00149240298197, 0.00153924757615, -0.00120584468823, 0.000490535632707], [-0.000136511051096, 0.00104296929203, 0.000158366165124, 0.00087883125525, -0.000293596036499, 0.00173597119283, -0.00352442730218, 0.00685708457604, -0.00394746987149, 0.00320518412627, -0.000842370616738, 0.00125758606009, -0.00014765081869], [0.00034214486368, 8.85007393663e-05, 0.00051829952281, -0.000773043837398, 0.00130794500001, -0.000455773842987, 0.00151283084415, -0.00394746987149, 0.00730972969905, -0.00368340802379, 0.00202111108229, -4.62831230834e-05, 0.000936913536862], [-0.000156996014994, 0.0010328135686, 5.72552453377e-05, 1.59175142471e-05, -0.000801949878223, 0.00158923736308, -0.00149240298197, 0.00320518412627, -0.00368340802379, 0.0058210757561, -0.00202855747193, 0.00125819933601, 0.00080066168448], [0.000359533267329, 0.000428554631071, 0.0016589993611, 0.000487034674734, 0.00152528693434, -0.00103190913796, 0.00153924757615, -0.000842370616738, 0.00202111108229, -0.00202855747193, 0.00610742159188, -0.00366535573266, 0.00137296097819], [2.13326802623e-05, 0.000208042853046, -0.000413025321905, 0.00047087110579, 0.000849717878737, 0.00111403071787, -0.00120584468823, 0.00125758606009, -4.62831230834e-05, 0.00125819933601, -0.00366535573266, 0.00578396674246, -0.00200463389046], [6.7946370109e-05, 0.000713240820915, 0.000536490580998, -0.000774736341555, -7.75502630859e-05, 0.00044625098235, 0.000490535632707, -0.00014765081869, 0.000936913536862, 0.00080066168448, 0.00137296097819, -0.00200463389046, 0.00546090491116]]}, "spectral_contrast_coeffs": {"dmean": [0.0433802865446, 0.0397745147347, 0.0357739217579, 0.0325720831752, 0.0255110152066, 0.021529475227], "dmean2": [0.0689432621002, 0.0594140440226, 0.0548120699823, 0.0515942126513, 0.0404765196145, 0.0340692773461], "dvar": [0.00127679738216, 0.00119519548025, 0.00102416484151, 0.000881615327671, 0.000540957320482, 0.000388983316952], "dvar2": [0.00302024977282, 0.00255285087042, 0.00225555035286, 0.00201167864725, 0.00115345336962, 0.000909009482712], "max": [-0.184253916144, -0.263141393661, -0.302112281322, -0.290891319513, -0.345378756523, -0.48123434186], "mean": [-0.627238333225, -0.575069665909, -0.581292271614, -0.581396639347, -0.645118176937, -0.697717964649], "median": [-0.636406064034, -0.530800938606, -0.57450312376, -0.569770336151, -0.647681713104, -0.69794344902], "min": [-0.956419110298, -0.962416470051, -0.967464089394, -0.966964483261, -0.962255239487, -0.958249032497], "var": [0.0333102159202, 0.0230458658189, 0.0126110771671, 0.0147491060197, 0.0098402807489, 0.00452100113034]}, "spectral_contrast_valleys": {"dmean": [0.444661974907, 0.362036019564, 0.312484592199, 0.279575824738, 0.250409215689, 0.259304791689], "dmean2": [0.754746675491, 0.588163971901, 0.507292509079, 0.440472453833, 0.3755072