{"lowlevel": {"average_loudness": 0.86349594593, "barkbands_crest": {"dmean": 2.02304840088, "dmean2": 3.12979412079, "dvar": 2.93722009659, "dvar2": 7.24404811859, "max": 20.0965023041, "mean": 9.69468975067, "median": 9.23933792114, "min": 3.70906424522, "var": 9.37515926361}, "barkbands_flatness_db": {"dmean": 0.0157406236976, "dmean2": 0.0229439828545, "dvar": 0.000194891166757, "dvar2": 0.000389029184589, "max": 0.25220477581, "mean": 0.137112423778, "median": 0.135487243533, "min": 0.0390165485442, "var": 0.00147002236918}, "barkbands_kurtosis": {"dmean": 2.33268904686, "dmean2": 3.6304371357, "dvar": 6.14244890213, "dvar2": 13.948925972, "max": 41.5818481445, "mean": 5.79123926163, "median": 4.48787975311, "min": -1.7911478281, "var": 26.8375148773}, "barkbands_skewness": {"dmean": 0.380815416574, "dmean2": 0.594150722027, "dvar": 0.110786139965, "dvar2": 0.251243323088, "max": 5.8810710907, "mean": 1.85455048084, "median": 2.02476596832, "min": -2.25560307503, "var": 1.6336979866}, "barkbands_spread": {"dmean": 4.08343458176, "dmean2": 6.15983915329, "dvar": 19.0169448853, "dvar2": 43.1231613159, "max": 74.3415222168, "mean": 17.9834918976, "median": 15.6871337891, "min": 3.32027935982, "var": 102.222755432}, "dissonance": {"dmean": 0.0160533152521, "dmean2": 0.0263392738998, "dvar": 0.000196024164325, "dvar2": 0.000547071336769, "max": 0.499996900558, "mean": 0.454742521048, "median": 0.456364482641, "min": 0.361592918634, "var": 0.000603648077231}, "dynamic_complexity": 4.04249668121, "erbbands_crest": {"dmean": 2.30525135994, "dmean2": 3.50366377831, "dvar": 4.55136489868, "dvar2": 9.99793148041, "max": 28.1519031525, "mean": 8.69056034088, "median": 7.87765026093, "min": 2.7030134201, "var": 16.2576274872}, "erbbands_flatness_db": {"dmean": 0.0141360284761, "dmean2": 0.0196657925844, "dvar": 0.000193853105884, "dvar2": 0.000334678770741, "max": 0.260870724916, "mean": 0.146991625428, "median": 0.144676551223, "min": 0.0616041086614, "var": 0.00123156688642}, "erbbands_kurtosis": {"dmean": 0.737646758556, "dmean2": 1.12373101711, "dvar": 0.621656775475, "dvar2": 1.36463272572, "max": 13.4665393829, "mean": 0.136813849211, "median": -0.139478445053, "min": -1.80232167244, "var": 1.87868118286}, "erbbands_skewness": {"dmean": 0.311170190573, "dmean2": 0.46839004755, "dvar": 0.0621695742011, "dvar2": 0.141601026058, "max": 3.45172166824, "mean": 0.643501281738, "median": 0.716175854206, "min": -1.96572339535, "var": 0.521651089191}, "erbbands_spread": {"dmean": 7.92602205276, "dmean2": 11.8923969269, "dvar": 78.2304153442, "dvar2": 171.146774292, "max": 109.295440674, "mean": 43.6877250671, "median": 40.0661392212, "min": 11.4287033081, "var": 247.146011353}, "hfc": {"dmean": 3.40019178391, "dmean2": 4.90599536896, "dvar": 19.3778648376, "dvar2": 45.2526054382, "max": 67.0416412354, "mean": 16.3815441132, "median": 15.4202041626, "min": 1.05210988082e-16, "var": 134.70526123}, "melbands_crest": {"dmean": 2.48697066307, "dmean2": 3.96402096748, "dvar": 5.37895584106, "dvar2": 14.5374002457, "max": 29.2883434296, "mean": 11.5000638962, "median": 11.1913938522, "min": 1.50140702724, "var": 19.3886356354}, "melbands_flatness_db": {"dmean": 0.0170147866011, "dmean2": 0.0250118970871, "dvar": 0.000266042450676, "dvar2": 0.000598956015892, "max": 0.34128266573, "mean": 0.192211866379, "median": 0.199920669198, "min": 0.00237530795857, "var": 0.0043056323193}, "melbands_kurtosis": {"dmean": 5.14593219757, "dmean2": 7.94379901886, "dvar": 40.0546417236, "dvar2": 90.9456787109, "max": 127.473144531, "mean": 14.8130187988, "median": 12.4674186707, "min": -1.665335536, "var": 154.445327759}, "melbands_skewness": {"dmean": 0.525501251221, "dmean2": 0.802776992321, "dvar": 0.270471781492, "dvar2": 0.644438624382, "max": 9.4400062561, "mean": 2.86231541634, "median": 2.84691810608, "min": -0.319247752428, "var": 1.64682865143}, "melbands_spread": {"dmean": 4.60033464432, "dmean2": 7.2320690155, "dvar": 45.2872314453, "dvar2": 107.912857056, "max": 168.670959473, "mean": 23.6094551086, "median": 13.8265829086, "min": 2.7021856308, "var": 985.430358887}, "pitch_salience": {"dmean": 0.056052710861, "dmean2": 0.0886183083057, "dvar": 0.00233830069192, "dvar2": 0.00596152059734, "max": 0.916665613651, "mean": 0.612749218941, "median": 0.613138496876, "min": 0.235047414899, "var": 0.00947393290699}, "silence_rate_20dB": {"dmean": 0, "dmean2": 0, "dvar": 0, "dvar2": 0, "max": 1, "mean": 1, "median": 1, "min": 1, "var": 0}, "silence_rate_30dB": {"dmean": 0.00365853658877, "dmean2": 0.00732153747231, "dvar": 0.00364513462409, "dvar2": 0.00848813075572, "max": 1, "mean": 0.995124936104, "median": 1, "min": 0, "var": 0.00485134869814}, "silence_rate_60dB": {"dmean": 0.00243902439252, "dmean2": 0.00488102482632, "dvar": 0.00243308651261, "dvar2": 0.00729773007333, "max": 1, "mean": 0.141377210617, "median": 0, "min": 0, "var": 0.121390752494}, "spectral_centroid": {"dmean": 181.786621094, "dmean2": 283.696105957, "dvar": 95476.3046875, "dvar2": 176734.71875, "max": 11611.6386719, "mean": 1667.23901367, "median": 904.216369629, "min": 335.011535645, "var": 6468616}, "spectral_complexity": {"dmean": 1.962195158, "dmean2": 3.26174497604, "dvar": 4.21929264069, "dvar2": 11.6293992996, "max": 40, "mean": 15.3589277267, "median": 17, "min": 0, "var": 56.6751365662}, "spectral_decrease": {"dmean": 1.76612058311e-09, "dmean2": 2.73015521302e-09, "dvar": 9.36159011279e-18, "dvar2": 2.48349646545e-17, "max": 1.90497666919e-28, "mean": -6.81641054712e-09, "median": -6.135993047e-09, "min": -5.10265465437e-08, "var": 2.81931409248e-17}, "spectral_energy": {"dmean": 0.00686085317284, "dmean2": 0.0105707319453, "dvar": 0.000140055839438, "dvar2": 0.00037016501301, "max": 0.19597569108, "mean": 0.0272125378251, "median": 0.024395218119, "min": 9.77027530912e-21, "var": 0.000436221249402}, "spectral_energyband_high": {"dmean": 0.000250081793638, "dmean2": 0.000370483874576, "dvar": 1.85752057291e-07, "dvar2": 4.31203915241e-07, "max": 0.00528336409479, "mean": 0.000550587661564, "median": 0.000331306684529, "min": 6.87181828686e-21, "var": 4.76487485912e-07}, "spectral_energyband_low": {"dmean": 0.0033212993294, "dmean2": 0.00573468534276, "dvar": 0.000108336294943, "dvar2": 0.000304378452711, "max": 0.172500684857, "mean": 0.00564494356513, "median": 0.00237374100834, "min": 1.38330877584e-23, "var": 0.000132474771817}, "spectral_energyband_middle_high": {"dmean": 0.000861090549733, "dmean2": 0.00133399781771, "dvar": 1.51907318013e-06, "dvar2": 3.56501141141e-06, "max": 0.0266391206533, "mean": 0.00310685578734, "median": 0.00260622357018, "min": 1.10398218543e-21, "var": 7.41439407648e-06}, "spectral_energyband_middle_low": {"dmean": 0.00480965012684, "dmean2": 0.00694469874725, "dvar": 3.18992497341e-05, "dvar2": 6.77784046275e-05, "max": 0.0930697545409, "mean": 0.0191208813339, "median": 0.017847109586, "min": 1.64024503252e-22, "var": 0.000187854529941}, "spectral_entropy": {"dmean": 0.128936260939, "dmean2": 0.183063849807, "dvar": 0.0187122095376, "dvar2": 0.034803904593, "max": 9.82030296326, "mean": 7.4588060379, "median": 7.30848169327, "min": 6.36675071716, "var": 0.496993482113}, "spectral_flux": {"dmean": 0.016334746033, "dmean2": 0.0268948152661, "dvar": 0.000552226731088, "dvar2": 0.00109767459799, "max": 0.299568384886, "mean": 0.0629089400172, "median": 0.0588378533721, "min": 6.24530288595e-11, "var": 0.00173510133754}, "spectral_kurtosis": {"dmean": 1.52349412441, "dmean2": 2.53033518791, "dvar": 2.38385605812, "dvar2": 6.70866012573, "max": 17.525812149, "mean": 4.63599443436, "median": 4.59204769135, "min": -1.28497064114, "var": 8.41192722321}, "spectral_rms": {"dmean": 0.000552651938051, "dmean2": 0.000830337579828, "dvar": 5.66357073239e-07, "dvar2": 1.43719398693e-06, "max": 0.0138273565099, "mean": 0.00462112575769, "median": 0.00487854611129, "min": 3.08738971888e-12, "var": 5.19404829902e-06}, "spectral_rolloff": {"dmean": 307.123046875, "dmean2": 511.252166748, "dvar": 406993.15625, "dvar2": 823146.3125, "max": 19509.0820312, "mean": 2207.13208008, "median": 689.0625, "min": 129.19921875, "var": 20761906}, "spectral_skewness": {"dmean": 0.197611287236, "dmean2": 0.320706307888, "dvar": 0.0368000380695, "dvar2": 0.0897476449609, "max": 3.02850222588, "mean": 1.56558704376, "median": 1.68129682541, "min": -0.0664403140545, "var": 0.353145092726}, "spectral_spread": {"dmean": 512581.15625, "dmean2": 775541.6875, "dvar": 1538607153150.0, "dvar2": 2814557028350.0, "max": 42562212, "mean": 6761444, "median": 4233927, "min": 2138731.5, "var": 83137388347400.0}, "spectral_strongpeak": {"dmean": 0.352910906076, "dmean2": 0.56402784586, "dvar": 0.199440389872, "dvar2": 0.514772832394, "max": 4.83728551865, "mean": 0.920160114765, "median": 0.796974658966, "min": 0, "var": 0.570509970188}, "zerocrossingrate": {"dmean": 0.0096646938473, "dmean2": 0.0122958095744, "dvar": 0.000221083842916, "dvar2": 0.000413733330788, "max": 0.52685546875, "mean": 0.0865935981274, "median": 0.05322265625, "min": 0.0107421875, "var": 0.0133587131277}, "barkbands": {"dmean": [6.52382823318e-06, 0.00141078338493, 0.0017073941417, 0.00134191499092, 0.00225825281814, 0.00191104807891, 0.0021083895117, 0.000335279473802, 0.000484521297039, 0.00030161999166, 0.000344670232153, 4.84079391754e-05, 0.000225648356718, 0.00016878938186, 0.000207543984288, 0.000140721240314, 0.000191538594663, 9.62331250776e-05, 9.39269884839e-05, 7.34702553018e-05, 7.29947496438e-05, 5.08847988385e-05, 5.07033510075e-05, 5.15155188623e-05, 5.09332785441e-05, 1.27427574625e-05, 3.21315746987e-06], "dmean2": [1.08057329271e-05, 0.00250141881406, 0.00294777960517, 0.00202653650194, 0.00375017756596, 0.00231982534751, 0.00296914647333, 0.000490977778099, 0.000683556485455, 0.000449723709607, 0.000515262247063, 8.0767327745e-05, 0.000361162296031, 0.00027701590443, 0.000354518240783, 0.000236393039813, 0.00031944111106, 0.00015815574443, 0.000157629823661, 0.000123616118799, 0.00011648479267, 8.85812187335e-05, 8.29369164421e-05, 7.15256246622e-05, 7.50789404265e-05, 2.01398852369e-05, 4.10014035879e-06], "dvar": [6.912575512e-10, 2.30647601711e-05, 3.27272100549e-05, 8.23482969281e-06, 9.14422798814e-06, 6.37204948362e-06, 1.04515747807e-05, 3.57380173455e-07, 5.81456788495e-07, 4.23754585199e-07, 5.45819432318e-07, 7.33033811429e-09, 1.50438708602e-07, 6.2059811512e-08, 1.31988429075e-07, 3.70515351733e-08, 1.29667824922e-07, 3.32178871076e-08, 3.116689129e-08, 1.39652183151e-08, 3.78459610317e-08, 2.12536690469e-08, 2.162991386e-08, 1.20106617985e-08, 7.97484478454e-09, 1.49589995946e-09, 7.48131834261e-11], "dvar2": [1.74422087884e-09, 6.48698987789e-05, 9.07918583835e-05, 1.882684046e-05, 2.88640785584e-05, 8.60017098603e-06, 2.1089144866e-05, 6.77377556713e-07, 1.10661551389e-06, 9.22852791518e-07, 1.26110376186e-06, 1.97003107161e-08, 3.72106029545e-07, 1.7328720503e-07, 3.70063702348e-07, 1.0086884572e-07, 3.64334283631e-07, 8.67192113674e-08, 8.1378082939e-08, 3.87539031976e-08, 9.11161848194e-08, 5.96201275016e-08, 5.68105669174e-08, 2.38048158963e-08, 1.73835168482e-08, 3.82158971135e-09, 1.31436944661e-10], "max": [0.000294761324767, 0.051904566586, 0.131895601749, 0.0502964667976, 0.0274805929512, 0.0493047945201, 0.0531376376748, 0.0103629929945, 0.0153840733692, 0.0118143735453, 0.0174116995186, 0.0016360868467, 0.00491683930159, 0.00323789520189, 0.00509105063975, 0.00196998612955, 0.00552027346566, 0.00382768549025, 0.00269872508943, 0.00159078952856, 0.00258343759924, 0.00221515120938, 0.00198436155915, 0.00133561121766, 0.000935248564929, 0.000447426806204, 0.000137761468068], "mean": [6.89330727255e-06, 0.00162581575569, 0.00283044576645, 0.00261692376807, 0.00520170712844, 0.00479620927945, 0.00455490639433, 0.000682481273543, 0.00123242475092, 0.000528446980752, 0.000540887878742, 7.89135228842e-05, 0.000348618341377, 0.000277592451312, 0.000297462276649, 0.000247985008173, 0.000333621806931, 0.000203303163289, 0.000166097146575, 0.000149646570208, 0.000124703583424, 8.06655589258e-05, 8.2281709183e-05, 8.97753998288e-05, 9.17039506021e-05, 1.74329215952e-05, 5.62135483051e-06], "median": [1.93299314333e-07, 0.000622148625553, 0.00062247866299, 0.00133566977456, 0.00427687866613, 0.00283711147495, 0.0023754669819, 0.000316650868626, 0.000528629869223, 0.000187479890883, 0.00023819267517, 4.05979662901e-05, 0.00018721059314, 0.000157169211889, 0.000172807762283, 0.00016913912259, 0.000190521386685, 0.000146081016283, 9.12463074201e-05, 9.33068076847e-05, 5.08789853484e-05, 3.2027674024e-05, 2.29945799219e-05, 2.50481025432e-05, 3.28450369125e-05, 4.54487826573e-06, 5.974375199e-07], "min": [1.03826026648e-24, 2.54375397244e-24, 1.42414321397e-24, 1.25376543009e-24, 7.48577723096e-24, 6.45866218856e-24, 9.08704259512e-24, 4.51515228169e-24, 1.48132789876e-23, 1.83237179045e-23, 1.22410875656e-23, 1.78300329728e-23, 2.05982910396e-23, 2.31625465209e-23, 4.15582243171e-23, 3.2129275995e-23, 7.50022947829e-23, 8.52985956702e-23, 1.11397736864e-22, 1.17140480171e-22, 2.20126220861e-22, 3.05820976167e-22, 3.45918914819e-22, 5.38519721347e-22, 8.22141747744e-22, 1.20371651915e-21, 1.97447103449e-21], "var": [5.98565641496e-10, 1.74312608578e-05, 5.54511752853e-05, 1.96676119231e-05, 2.1759651645e-05, 3.35196782544e-05, 4.07108891523e-05, 1.27137025174e-06, 3.25623568642e-06, 8.94406241514e-07, 1.04088235275e-06, 1.37051188176e-08, 2.36118808061e-07, 1.25908698578e-07, 1.68213844631e-07, 7.25422495407e-08, 2.09257109418e-07, 5.78316701194e-08, 5.79277426027e-08, 3.37507159998e-08, 5.66165887506e-08, 2.35008101868e-08, 2.73509215276e-08, 2.5244480284e-08, 1.8462040785e-08, 1.75294678773e-09, 1.83626724937e-10]}, "erbbands": {"dmean": [0.019388301298, 0.40048199892, 1.79147362709, 3.12495064735, 4.61080598831, 11.2619581223, 9.7133769989, 16.2902774811, 25.2997150421, 31.916885376, 4.76003694534, 12.9890432358, 7.64600133896, 6.62498855591, 10.8006916046, 2.54756093025, 11.0226411819, 6.17220211029, 4.88776683807, 17.8543567657, 5.30404281616, 9.89145946503, 6.0065703392, 3.81763935089, 4.86573171616, 3.66295170784, 2.04567790031, 3.33140969276, 1.56482040882, 1.61282491684, 1.42129945755, 1.67857944965, 0.617060244083, 0.454847097397, 0.435303062201, 0.127335876226, 0.00871601141989, 0.00340503407642, 0.000643484469038, 3.03623583022e-05], "dmean2": [0.0335570275784, 0.715761005878, 3.11532831192, 5.0326166153, 7.38765525818, 18.7869606018, 12.8790493011, 19.9240894318, 37.5967636108, 41.9962997437, 6.7328877449, 18.2449207306, 11.5035133362, 9.98598957062, 16.0346546173, 4.17154121399, 17.5262126923, 9.91274833679, 8.16421127319, 30.3851795197, 9.07304477692, 16.3567028046, 9.94981002808, 6.2105050087, 8.26427459717, 6.085044384, 3.40490412712, 5.23343753815, 2.56777691841, 2.83520078659, 2.24453568459, 2.40323019028, 0.85697388649, 0.662213802338, 0.642970263958, 0.199995145202, 0.0133954314515, 0.0049178050831, 0.000834932026919, 4.094747419e-05], "dvar": [0.0047746268101, 1.90425431728, 40.2836837769, 48.4152259827, 61.0419845581, 263.920074463, 139.588699341, 448.586151123, 1886.01953125, 4097.16455078, 43.1509094238, 435.077941895, 223.398986816, 125.472190857, 546.830444336, 12.615436554, 367.248809814, 129.687164307, 53.3000488281, 954.325073242, 60.6959190369, 334.84262085, 108.158843994, 53.5237579346, 95.5438461304, 33.3183174133, 14.013466835, 107.531341553, 12.7680921555, 30.7583198547, 15.9422473907, 13.6422290802, 1.46526324749, 0.929027438164, 0.939066171646, 0.123671799898, 0.00045203033369, 7.81022172305e-05, 3.3090211673e-06, 6.09046990618e-09], "dvar2": [0.012750393711, 5.42621278763, 112.491607666, 130.861801147, 153.298629761, 840.326904297, 244.698883057, 626.489440918, 4133.28564453, 6710.57714844, 81.8905792236, 834.081359863, 499.35534668, 289.664093018, 1246.46569824, 32.1560020447, 907.750671387, 357.070251465, 145.578521729, 2624.5222168, 183.661422729, 901.791687012, 284.801605225, 140.840744019, 252.25491333, 89.8560791016, 36.7955093384, 261.844238281, 32.996421814, 86.886505127, 41.1995277405, 28.7102413177, 3.09616374969, 2.0780172348, 2.11167621613, 0.311357736588, 0.00102369813249, 0.000178362315637, 5.84107738177e-06, 1.13830811443e-08], "max": [0.677689254284, 15.2798213959, 147.801300049, 95.5662612915, 164.56477356, 160.721237183, 227.618515015, 446.194396973, 743.942626953, 1357.72717285, 114.293663025, 423.520385742, 276.185089111, 184.930252075, 565.567565918, 38.6376075745, 245.712921143, 178.984115601, 113.25453186, 447.608551025, 98.8820419312, 344.377105713, 180.033905029, 125.756988525, 201.234710693, 90.7233505249, 56.6850128174, 133.733551025, 36.9338340759, 95.1999664307, 51.9607162476, 43.2121696472, 14.790186882, 10.8043231964, 11.7370023727, 3.97334718704, 0.502328634262, 0.148073360324, 0.0283699203283, 0.00135196291376], "mean": [0.0231473688036, 0.48770648241, 2.98991751671, 6.04523706436, 10.0571060181, 24.4965000153, 25.7476177216, 42.7108345032, 48.9193000793, 65.4473876953, 14.0933237076, 32.0548324585, 16.0728340149, 13.5436792374, 17.6712627411, 5.10820484161, 17.1748390198, 11.0928144455, 9.45523548126, 26.1051673889, 11.1265420914, 18.4613342285, 13.4132595062, 7.55876731873, 9.34255409241, 7.64393091202, 4.23982286453, 5.03298521042, 2.88619542122, 2.44259095192, 2.37824821472, 2.5952026844, 1.14949774742, 0.827293932438, 0.756807029247, 0.16704274714, 0.0168369133025, 0.00615146337077, 0.00111902982462, 7.56320805522e-05], "median": [0.00736781908199, 0.187966391444, 0.776660740376, 3.21909356117, 7.10185146332, 16.9527740479, 19.5694293976, 26.1630859375, 25.6490097046, 23.8210258484, 9.90472698212, 12.5884590149, 8.33406162262, 8.69091701508, 8.71833515167, 3.73997879028, 9.25028800964, 6.17274141312, 6.53011083603, 15.264834404, 8.13815593719, 11.46525383, 9.49724960327, 5.12167930603, 4.82482624054, 4.76114559174, 2.42759490013, 1.78533864021, 1.28822934628, 0.8077673316, 0.703553497791, 0.765257537365, 0.392659008503, 0.276469498873, 0.175772085786, 0.0491151548922, 0.00600134115666, 0.00112037570216, 0.000139382202178, 4.39205832663e-05], "min": [4.88133843733e-23, 4.74005288123e-22, 1.79318781973e-21, 3.5211240946e-21, 1.5126600163e-20, 2.49781936271e-20, 2.19484911528e-20, 6.18013260514e-20, 1.16409231002e-19, 1.62182420496e-19, 2.62839172879e-19, 3.7771848164e-19, 5.95377773245e-19, 6.78861286759e-19, 8.78423934513e-19, 1.18469303638e-18, 1.33443888684e-18, 2.01389403758e-18, 1.4653563488e-18, 2.08536202892e-18, 3.81194273894e-18, 5.03883977095e-18, 5.10445049636e-18, 5.41776169698e-18, 6.3962237174e-18, 5.79524515593e-18, 9.31004352574e-18, 1.03138677309e-17, 1.02962554013e-17, 1.12873517784e-17, 1.0514837051e-17, 1.06264799639e-17, 9.5950097283e-18, 8.04618599601e-18, 5.8387143243e-18, 4.10038806317e-18, 2.33622419521e-18, 8.87108503764e-19, 2.4459311953e-19, 2.68496913786e-20], "var": [0.00372906611301, 1.51796758175, 63.0663070679, 90.1648101807, 138.257659912, 632.474853516, 625.851135254, 2522.64599609, 4877.41699219, 17560.890625, 224.129089355, 2390.95849609, 553.508361816, 295.48840332, 1028.29699707, 26.4113273621, 577.067871094, 263.157226562, 103.489318848, 1279.62512207, 138.036300659, 579.74822998, 216.398208618, 90.8845672607, 219.593902588, 83.5007171631, 34.2916564941, 137.350189209, 22.5018939972, 31.8381328583, 20.5801429749, 22.9752445221, 3.53713178635, 2.05778765678, 2.0486779213, 0.124206162989, 0.00161595083773, 0.00017143455625, 7.68393601902e-06, 1.41935156961e-08]}, "gfcc": {"mean": [-89.0478820801, 89.2030792236, -101.404838562, 26.4983100891, -60.8968849182, -5.00113344193, -49.8339576721, 3.72393417358, -24.2054481506, -0.677225768566, -14.0582304001, -3.59172224998, -6.94616222382], "cov": [[99371.109375, 6995.70996094, -7218.07910156, 1415.19262695, -5008.78710938, 639.955932617, -4043.41455078, 717.14453125, -2048.47314453, -71.667350769, -1414.54797363, -363.490386963, -570.048156738], [6995.70996094, 1322.7232666, -844.431030273, 107.629638672, -346.221862793, -111.822502136, -309.756866455, 13.0384817123, -130.664031982, -40.5638008118, -123.321907043, -55.8723220825, 15.6800546646], [-7218.07910156, -844.431030273, 1173.59484863, -194.564422607, 509.809112549, 161.733001709, 348.208526611, -8.80604362488, 139.069580078, 2.23654556274, 99.27734375, 18.3719558716, 60.6436500549], [1415.19262695, 107.629638672, -194.564422607, 329.152374268, -102.846862793, -26.4502849579, -44.7614097595, -34.1059913635, -29.0072307587, -4.23978614807, 7.36005735397, 2.54828357697, -30.0043869019], [-5008.78710938, -346.221862793, 509.809112549, -102.846862793, 387.570800781, 33.2283058167, 253.204101562, -37.009979248, 113.245529175, -9.75740623474, 62.833442688, 14.0396976471, 34.6765785217], [639.955932617, -111.822502136, 161.733001709, -26.4502849579, 33.2283058167, 157.793624878, 11.255853653, 42.8366088867, -16.4883594513, 5.64432287216, -6.50561189651, -7.7641992569, 8.29500007629], [-4043.41455078, -309.756866455, 348.208526611, -44.7614097595, 253.204101562, 11.255853653, 312.586883545, -37.6868438721, 129.722381592, -21.7862987518, 51.4976272583, 31.1645336151, 8.47899913788], [717.14453125, 13.0384817123, -8.80604362488, -34.1059913635, -37.009979248, 42.8366088867, -37.6868438721, 98.8416137695, -7.70273447037, 33.0287895203, -16.9488334656, -3.49510717392, 12.157790184], [-2048.47314453, -130.664031982, 139.069580078, -29.0072307587, 113.245529175, -16.4883594513, 129.722381592, -7.70273447037, 128.359634399, 11.1082201004, 43.1720161438, 13.4027853012, 1.0705344677], [-71.667350769, -40.5638008118, 2.23654556274, -4.23978614807, -9.75740623474, 5.64432287216, -21.7862987518, 33.0287895203, 11.1082201004, 83.9058380127, 16.9755821228, 15.0678529739, 6.25874376297], [-1414.54797363, -123.321907043, 99.27734375, 7.36005735397, 62.833442688, -6.50561189651, 51.4976272583, -16.9488334656, 43.1720161438, 16.9755821228, 88.6018066406, 18.8782863617, 7.17647218704], [-363.490386963, -55.8723220825, 18.3719558716, 2.54828357697, 14.0396976471, -7.7641992569, 31.1645336151, -3.49510717392, 13.4027853012, 15.0678529739, 18.8782863617, 58.0170974731, 8.81747722626], [-570.048156738, 15.6800546646, 60.6436500549, -30.0043869019, 34.6765785217, 8.29500007629, 8.47899913788, 12.157790184, 1.0705344677, 6.25874376297, 7.17647218704, 8.81747722626, 67.8575286865]], "icov": [[8.17457766971e-05, -0.000216657863348, 6.12673684373e-05, -5.06739706907e-05, 0.000537821964826, -0.000724237703253, 0.000324319524225, 2.05558771995e-05, 2.46434901783e-05, 0.000105067658296, 0.000320562714478, -0.000315768935252, 0.000426158017945], [-0.000216657863348, 0.00233260821551, 0.00113986805081, 5.93720978941e-05, -0.00198244978674, 0.00198804656975, -0.000136731818202, -2.97862679872e-05, -0.000391993584344, 0.000462949799839, 9.79768519755e-05, 0.00171112618409, -0.0028282601852], [6.12673684373e-05, 0.00113986805081, 0.00358481262811, 0.000390341476304, -0.00261151348241, -0.00242753070779, 0.000153585453518, 4.41710180894e-05, 0.000109420674562, 0.000386270985473, -5.14733510499e-05, 0.000643908977509, -0.00129122775979], [-5.06739706907e-05, 5.93720978941e-05, 0.000390341476304, 0.00382041884586, 0.00058051320957, 3.56849086529e-05, -0.000888936745469, 0.00147130247205, 0.000661430414766, -0.000460648530861, -0.00142094038893, 0.000216474247281, 0.000601656094659], [0.000537821964826, -0.00198244978674, -0.00261151348241, 0.00058051320957, 0.0133793158457, -0.00418038340285, -0.00234811683185, 0.00230954983272, -0.000603302498348, -0.000217165026697, 0.00105929374695, -0.000450321909739, 0.00109627866186], [-0.000724237703253, 0.00198804656975, -0.00242753070779, 3.56849086529e-05, -0.00418038340285, 0.0160701852292, -0.00338771590032, -0.0045863785781, 0.00253370054998, -0.000486449018354, -0.00251421029679, 0.00368768977933, -0.0031497606542], [0.000324319524225, -0.000136731818202, 0.000153585453518, -0.000888936745469, -0.00234811683185, -0.00338771590032, 0.0121177155524, 0.000712148786988, -0.00666204793379, 0.00406765704975, 0.00279455096461, -0.00523902429268, 0.00231323973276], [2.05558771995e-05, -2.97862679872e-05, 4.41710180894e-05, 0.00147130247205, 0.00230954983272, -0.0045863785781, 0.000712148786988, 0.0162835009396, -0.00241774623282, -0.00585294375196, 0.00316705694422, 0.000907235953491, -0.00271021830849], [2.46434901783e-05, -0.000391993584344, 0.000109420674562, 0.000661430414766, -0.000603302498348, 0.00253370054998, -0.00666204793379, -0.00241774623282, 0.0168250463903, -0.00292882695794, -0.00445799110457, 0.00164887192659, 0.00201838649809], [0.000105067658296, 0.000462949799839, 0.000386270985473, -0.000460648530861, -0.000217165026697, -0.000486449018354, 0.00406765704975, -0.00585294375196, -0.00292882695794, 0.0172406062484, -0.00234935898334, -0.00462154811248, 0.000242631824221], [0.000320562714478, 9.79768519755e-05, -5.14733510499e-05, -0.00142094038893, 0.00105929374695, -0.00251421029679, 0.00279455096461, 0.00316705694422, -0.00445799110457, -0.00234935898334, 0.0182501003146, -0.00399166811258, -0.000186982288142], [-0.000315768935252, 0.00171112618409, 0.000643908977509, 0.000216474247281, -0.000450321909739, 0.00368768977933, -0.00523902429268, 0.000907235953491, 0.00164887192659, -0.00462154811248, -0.00399166811258, 0.0231082253158, -0.00543668726459], [0.000426158017945, -0.0028282601852, -0.00129122775979, 0.000601656094659, 0.00109627866186, -0.0031497606542, 0.00231323973276, -0.00271021830849, 0.00201838649809, 0.000242631824221, -0.000186982288142, -0.00543668726459, 0.0210836399347]]}, "melbands": {"dmean": [0.000284581561573, 0.000800965819508, 0.000569046998862, 0.000552752346266, 0.0003611689026, 0.000376665469958, 0.000367303873645, 0.000289349234663, 4.44409670308e-05, 7.14699781383e-05, 4.18302552134e-05, 3.03967881337e-05, 5.14417697559e-05, 4.31204944107e-06, 2.16760927287e-05, 1.72709369508e-05, 1.19474943858e-05, 1.08905924208e-05, 1.50771775225e-05, 1.91836588783e-05, 5.70332122152e-06, 1.09558595796e-05, 1.00111819847e-05, 6.41799579171e-06, 2.89038143819e-06, 4.33551122114e-06, 3.0020057693e-06, 2.39571363636e-06, 1.50152038714e-06, 1.00655847746e-06, 2.56368434748e-06, 8.02982867754e-07, 1.28355986817e-06, 7.64186438573e-07, 7.14710495231e-07, 1.03064212453e-06, 1.2949617485e-06, 4.55830303281e-07, 4.4036522695e-07, 3.52988621444e-07], "dmean2": [0.000497798144352, 0.00141262752004, 0.000891559291631, 0.000934088369831, 0.000506728421897, 0.000454708584584, 0.000543909147382, 0.000381643709261, 6.37078483123e-05, 0.00010081668006, 6.30077629467e-05, 4.57890710095e-05, 7.64801879996e-05, 7.04460990164e-06, 3.52942406607e-05, 2.74750382232e-05, 1.93650084839e-05, 1.82563835551e-05, 2.55764334725e-05, 3.23714011756e-05, 9.8203881862e-06, 1.79568687599e-05, 1.71358406078e-05, 1.0604572708e-05, 4.75884371554e-06, 7.39689494367e-06, 4.99503994433e-06, 3.98395741286e-06, 2.52375184573e-06, 1.72929458131e-06, 3.98170504923e-06, 1.31358649469e-06, 2.28806538871e-06, 1.34544063712e-06, 1.10174710244e-06, 1.70946259459e-06, 1.79211497198e-06, 6.29418536846e-07, 6.52229573461e-07, 5.12365716077e-07], "dvar": [9.50310436565e-07, 7.84397252573e-06, 1.34612730562e-06, 5.76868956159e-07, 1.78764480552e-07, 2.25302230206e-07, 3.45113164713e-07, 3.4175175756e-07, 4.10709999343e-09, 1.29413164629e-08, 7.15643189153e-09, 2.91167112643e-09, 1.23829426713e-08, 9.70545172008e-11, 1.31845978579e-09, 7.73185571123e-10, 4.06808670084e-10, 2.93910284999e-10, 6.73941902285e-10, 9.28285392998e-10, 9.58198867473e-11, 4.870359116e-10, 4.48729858826e-10, 1.9265344875e-10, 3.607566329e-11, 6.01965421954e-11, 3.51420108291e-11, 1.35076819521e-11, 8.45756624457e-12, 4.28265409247e-12, 7.39193498078e-11, 3.0852050515e-12, 2.17574794986e-11, 5.17174801248e-12, 2.56414854627e-12, 1.80695562679e-11, 1.08640232227e-11, 1.47681433055e-12, 1.60479583181e-12, 4.47033442165e-13], "dvar2": [2.62534808826e-06, 2.2196170903e-05, 3.35207164426e-06, 1.85558155863e-06, 3.89806757539e-07, 3.12463583896e-07, 7.82288282153e-07, 5.58893134439e-07, 8.05184185992e-09, 2.50400642443e-08, 1.59562496549e-08, 6.49008669029e-09, 2.83449796967e-08, 2.64805233297e-10, 3.27235283315e-09, 1.92316429448e-09, 1.11992493057e-09, 7.97721166901e-10, 1.8713182115e-09, 2.52437581949e-09, 2.94672480861e-10, 1.26541721546e-09, 1.28997523774e-09, 5.02974550898e-10, 9.46003761437e-11, 1.58369234393e-10, 9.52322873338e-11, 3.6383545482e-11, 2.29860991352e-11, 1.13507475988e-11, 1.78466574852e-10, 8.08842923194e-12, 6.18244622164e-11, 1.45825400366e-11, 6.00438362225e-12, 4.83325740541e-11, 2.12011207201e-11, 3.08286989686e-12, 3.47267852495e-12, 9.90322949514e-13], "max": [0.0101752001792, 0.056477304548, 0.0181578844786, 0.00670079467818, 0.00736023066565, 0.00954323541373, 0.00983816105872, 0.0123069891706, 0.00127051037271, 0.00229016714729, 0.00154311768711, 0.000890906376299, 0.00265439227223, 0.00022830873786, 0.000437241746113, 0.000335599237587, 0.000309003255097, 0.000254116632277, 0.000381266698241, 0.000429950741818, 0.000124821817735, 0.000472444779007, 0.000365790416254, 0.000291428848868, 0.000116635623272, 0.000108875996375, 0.000115984817967, 5.53558420506e-05, 4.7861263738e-05, 2.46572835749e-05, 0.000113779249659, 2.01196871785e-05, 7.73423016653e-05, 3.69012159354e-05, 1.69351224031e-05, 6.16674951743e-05, 4.32258530054e-05, 1.6878140741e-05, 1.50664445755e-05, 9.1843012342e-06], "mean": [0.000328391295625, 0.00124409119599, 0.00118594791275, 0.00122076831758, 0.00102439895272, 0.000994586152956, 0.000736203393899, 0.000580889289267, 0.000124359678011, 0.000176193527295, 8.00991256256e-05, 6.03048902121e-05, 8.09918783489e-05, 7.43367172618e-06, 3.29205686285e-05, 2.94054589176e-05, 2.03633189813e-05, 1.70929524757e-05, 2.25775729632e-05, 2.91399446724e-05, 1.02603107734e-05, 1.83955817192e-05, 1.85069457075e-05, 1.0255239431e-05, 5.0506887419e-06, 7.3870696724e-06, 6.11533187111e-06, 4.57203941551e-06, 2.76574928648e-06, 1.83783311059e-06, 3.54981011697e-06, 1.47388811911e-06, 1.71595092979e-06, 1.18363368529e-06, 1.28426131596e-06, 1.36410096729e-06, 1.92096240426e-06, 7.85478960097e-07, 7.37277218832e-07, 6.36575236967e-07], "median": [0.00011788552365, 0.000409644824686, 0.000691768364049, 0.00100730336271, 0.000905806198716, 0.000633881136309, 0.000393183901906, 0.000199519476155, 7.61418195907e-05, 7.09604501026e-05, 3.57225944754e-05, 3.52034112439e-05, 3.64433581126e-05, 3.88899934478e-06, 1.89765778487e-05, 1.57087142725e-05, 1.10227983896e-05, 9.56625717663e-06, 1.35487844091e-05, 1.7802884031e-05, 6.30177100902e-06, 9.94647871266e-06, 1.06472962216e-05, 5.48962179892e-06, 2.99848761642e-06, 3.92367701352e-06, 2.95512995763e-06, 2.86677754957e-06, 1.5704482621e-06, 8.48346246585e-07, 1.01351793091e-06, 7.30202941668e-07, 5.04677984736e-07, 3.78480962127e-07, 3.54248442136e-07, 2.34146668276e-07, 3.99346106406e-07, 2.0280741353e-07, 1.21597921066e-07, 1.93769196244e-07], "min": [9.58336035009e-25, 1.04468751071e-24, 6.27638986134e-25, 1.22022976972e-24, 7.33391361809e-25, 1.26659783044e-24, 1.67661400517e-24, 1.35852339729e-24, 2.10357905366e-24, 2.32071617327e-24, 2.37338545768e-24, 2.34917472485e-24, 2.20397757828e-24, 3.0454752274e-24, 3.07524111873e-24, 2.54305642219e-24, 2.38282496727e-24, 2.07022917003e-24, 3.55508726079e-24, 1.8926816266e-24, 4.31182693324e-24, 4.69225194934e-24, 4.092101561e-24, 4.41277430784e-24, 3.15341644557e-24, 4.67944282039e-24, 3.75194631639e-24, 3.60013555721e-24, 3.82106591448e-24, 4.91683512703e-24, 4.30893063042e-24, 4.70613550684e-24, 4.51311741498e-24, 4.70160902296e-24, 5.74858127207e-24, 3.66152629058e-24, 5.54129702517e-24, 5.38132707764e-24, 5.96558625747e-24, 6.8916182412e-24], "var": [7.14919110578e-07, 1.01753666968e-05, 3.02912917505e-06, 1.17774857245e-06, 7.7996452319e-07, 1.26732879835e-06, 9.70208134277e-07, 1.45143474128e-06, 2.37656614388e-08, 7.04704490317e-08, 1.61912296903e-08, 6.67873223392e-09, 2.33591386234e-08, 1.71911457292e-10, 2.00704364239e-09, 1.4598243725e-09, 8.41024194731e-10, 4.93401652868e-10, 9.27175725085e-10, 1.34959965425e-09, 1.83851656121e-10, 7.92718113374e-10, 6.90789814239e-10, 2.70238748046e-10, 5.52498463646e-11, 1.10440767642e-10, 9.83014364353e-11, 2.95165107633e-11, 1.64020741433e-11, 8.85415785828e-12, 9.27702636933e-11, 5.7477807236e-12, 1.83939235371e-11, 7.12969483799e-12, 5.41782677749e-12, 1.62731078612e-11, 1.85893349325e-11, 2.77976600072e-12, 3.0742923398e-12, 1.1296248225e-12]}, "mfcc": {"mean": [-687.085998535, 118.575332642, 6.35676956177, 25.3488960266, 3.95979619026, -8.37366294861, -11.6383113861, -8.12052249908, -6.33885526657, -3.36843776703, -6.51629924774, -3.1854557991, -4.26310777664], "cov": [[26056.8105469, 5543.88085938, 236.880950928, 715.112670898, 150.103530884, -218.22857666, -421.875671387, -122.140075684, -31.1668663025, -53.1419258118, -260.51473999, -157.092803955, -127.52003479], [5543.88085938, 2107.83081055, -107.536262512, 203.549987793, 45.4629898071, -116.308158875, -159.530715942, -79.5167312622, 16.1611595154, -35.7077941895, -115.955566406, -35.6911239624, -89.5693969727], [236.880950928, -107.536262512, 231.928222656, 54.561164856, 44.8939170837, 48.318862915, 40.5963363647, 6.07429790497, -7.73346996307, 2.97100925446, -20.4448375702, 0.410529911518, 19.4029808044], [715.112670898, 203.549987793, 54.561164856, 220.253341675, 22.5414619446, 19.0939712524, -11.4084730148, -7.00470066071, -26.4270362854, -14.0919027328, -4.59818124771, -9.53314876556, 8.68091392517], [150.103530884, 45.4629898071, 44.8939170837, 22.5414619446, 90.4085998535, 26.9377403259, 16.0070838928, -10.0366010666, -3.37961935997, 7.84958982468, -15.648393631, 3.76967763901, 3.24515271187], [-218.22857666, -116.308158875, 48.318862915, 19.0939712524, 26.9377403259, 107.843521118, 45.8387527466, 29.4375019073, 3.18079447746, 2.11846828461, 6.04484367371, -10.614859581, 20.751783371], [-421.875671387, -159.530715942, 40.5963363647, -11.4084730148, 16.0070838928, 45.8387527466, 85.3590545654, 26.9175357819, 14.6776809692, 4.82814311981, -1.03713047504, -3.28898835182, 11.2238397598], [-122.140075684, -79.5167312622, 6.07429790497, -7.00470066071, -10.0366010666, 29.4375019073, 26.9175357819, 83.4702301025, 14.4392986298, 16.2869510651, 0.690537929535, -8.59321403503, 9.34706878662], [-31.1668663025, 16.1611595154, -7.73346996307, -26.4270362854, -3.37961935997, 3.18079447746, 14.6776809692, 14.4392986298, 98.6037902832, -1.44569253922, 25.4299297333, -15.5439224243, -4.46489334106], [-53.1419258118, -35.7077941895, 2.97100925446, -14.0919027328, 7.84958982468, 2.11846828461, 4.82814311981, 16.2869510651, -1.44569253922, 73.9283676147, -11.8276767731, 19.2267074585, -3.07445549965], [-260.51473999, -115.955566406, -20.4448375702, -4.59818124771, -15.648393631, 6.04484367371, -1.03713047504, 0.690537929535, 25.4299297333, -11.8276767731, 117.842933655, 3.64155650139, 17.6212005615], [-157.092803955, -35.6911239624, 0.410529911518, -9.53314876556, 3.76967763901, -10.614859581, -3.28898835182, -8.59321403503, -15.5439224243, 19.2267074585, 3.64155650139, 72.5860671997, 0.775569617748], [-127.52003479, -89.5693969727, 19.4029808044, 8.68091392517, 3.24515271187, 20.751783371, 11.2238397598, 9.34706878662, -4.46489334106, -3.07445549965, 17.6212005615, 0.775569617748, 73.9348907471]], "icov": [[0.000103102320281, -0.000293667428195, -0.000275268364931, 1.26317709146e-05, 6.05242021265e-05, 1.81361065188e-05, 0.000110733955808, -0.000119161028124, 0.000112212248496, -9.71252011368e-05, -0.000124682817841, 0.00012929958757, -8.55788530316e-05], [-0.000293667428195, 0.00159782846458, 0.00117766263429, -0.000802646623924, -0.000770473852754, 0.000285914138658, 0.000769990379922, 0.000457189104054, -0.000986250466667, 0.000530732853804, 0.00115353742149, -0.000208087149076, 0.000683032441884], [-0.000275268364931, 0.00117766263429, 0.00654876139015, -0.00161164812744, -0.00204530032352, -0.000968227919657, -0.0016792191891, 0.000757131318096, -0.000632360926829, 0.000375718576834, 0.00164462579414, -0.00059968692949, -0.000464976561489], [1.26317709146e-05, -0.000802646623924, -0.00161164812744, 0.0060969023034, -0.000305196241243, -0.00114836962894, 0.000615049735643, -0.000274537247606, 0.00197422970086, 0.000619551166892, -0.00107524043415, 0.000604522414505, -0.000571529439185], [6.05242021265e-05, -0.000770473852754, -0.00204530032352, -0.000305196241243, 0.0146170314401, -0.00350680039264, -0.00200035935268, 0.00349577632733, -0.000117265975859, -0.00206007622182, 0.000989147578366, -0.000750188250095, -0.000372619047994], [1.81361065188e-05, 0.000285914138658, -0.000968227919657, -0.00114836962894, -0.00350680039264, 0.0148161053658, -0.00511984247714, -0.00351783446968, 0.000755440210924, 0.000308808928821, -0.00107442762237, 0.00188711215742, -0.00172132521402], [0.000110733955808, 0.000769990379922, -0.0016792191891, 0.000615049735643, -0.00200035935268, -0.00511984247714, 0.0191802568734, -0.00326104299165, -0.00279509439133, 0.00074998853961, 0.00160869478714, -0.000331187911797, 1.23977216049e-07], [-0.000119161028124, 0.000457189104054, 0.000757131318096, -0.000274537247606, 0.00349577632733, -0.00351783446968, -0.00326104299165, 0.016245720908, -0.00188420526683, -0.00393135938793, 0.000949177716393, 0.00160768767819, -0.00106331612915], [0.000112212248496, -0.000986250466667, -0.000632360926829, 0.00197422970086, -0.000117265975859, 0.000755440210924, -0.00279509439133, -0.00188420526683, 0.0129884257913, -0.000484726013383, -0.00392159540206, 0.00288286316209, 0.00105713750236], [-9.71252011368e-05, 0.000530732853804, 0.000375718576834, 0.000619551166892, -0.00206007622182, 0.000308808928821, 0.00074998853961, -0.00393135938793, -0.000484726013383, 0.0163983199745, 0.00189201592002, -0.00470167957246, 0.000942019221839], [-0.000124682817841, 0.00115353742149, 0.00164462579414, -0.00107524043415, 0.000989147578366, -0.00107442762237, 0.00160869478714, 0.000949177716393, -0.00392159540206, 0.00189201592002, 0.0111781414598, -0.00175641081296, -0.00203284970485], [0.00012929958757, -0.000208087149076, -0.00059968692949, 0.000604522414505, -0.000750188250095, 0.00188711215742, -0.000331187911797, 0.00160768767819, 0.00288286316209, -0.00470167957246, -0.00175641081296, 0.0164820887148, -0.000368092121789], [-8.55788530316e-05, 0.000683032441884, -0.000464976561489, -0.000571529439185, -0.000372619047994, -0.00172132521402, 1.23977216049e-07, -0.00106331612915, 0.00105713750236, 0.000942019221839, -0.00203284970485, -0.000368092121789, 0.0156196802855]]}, "spectral_contrast_coeffs": {"dmean": [0.042602095753, 0.0375899448991, 0.032384712249, 0.0274980273098, 0.0196021124721, 0.0158677734435], "dmean2": [0.0701058059931, 0.0578667335212, 0.050848312676, 0.0454664118588, 0.0320572219789, 0.0256496854126], "dvar": [0.00148556998465, 0.000965233892202, 0.000707212253474, 0.000524353701621, 0.000281259242911, 0.000263763067778], "dvar2": [0.00410291459411, 0.00218651187606, 0.00170355499722, 0.00137089763302, 0.000717480259482, 0.000660150544718], "max": [-0.35241651535, -0.449087709188, -0.499152958393, -0.610888004303, -0.615295231342, -0.606985092163], "mean": [-0.60448795557, -0.688436329365, -0.730632841587, -0.769522368908, -0.781415581703, -0.763830780983], "median": [-0.578346729279, -0.672373652458, -0.711618483067, -0.758038878441, -0.772636413574, -0.754565060139], "min": [-0.980964064598, -0.981244564056, -0.976809620857, -0.974067389965, -0.969622135162, -0.964629590511], "var": [0.0149932987988, 0.0103964889422, 0.00865011010319, 0.00487702898681, 0.00392097979784, 0.0037169882562]}, "spectral_contrast_valleys": {"dmean": [0.386971235275, 0.289524227381, 0.258736342192, 0.217659160495, 0.205709651113, 0.223631635308], "dmean2": [0.628704607487, 0.463747501373, 0.421945631504, 0.350743800402, 0.307217687368, 0.306346684694], "dvar": [0.185397595167, 0.151668831706, 0.124283730984, 0.126253560185, 0.137423694134, 0.124626085162], "dvar2": [0.356235325336, 0.212622851133, 0.170656368136, 0