{"lowlevel": {"average_loudness": 0.800542354584, "barkbands_crest": {"dmean": 2.38380217552, "dmean2": 3.81484889984, "dvar": 5.32612419128, "dvar2": 13.0991792679, "max": 26.3641929626, "mean": 11.8995809555, "median": 11.2759113312, "min": 2.15040969849, "var": 25.7947940826}, "barkbands_flatness_db": {"dmean": 0.0228925477713, "dmean2": 0.0342543758452, "dvar": 0.000556147657335, "dvar2": 0.00118509121239, "max": 0.529326558113, "mean": 0.145470663905, "median": 0.123548671603, "min": 0.0254560224712, "var": 0.0067943315953}, "barkbands_kurtosis": {"dmean": 6.63236570358, "dmean2": 10.5383672714, "dvar": 444.642974854, "dvar2": 1302.74035645, "max": 513.915466309, "mean": 13.6529903412, "median": 2.29214763641, "min": -1.89955723286, "var": 1841.66308594}, "barkbands_skewness": {"dmean": 0.686932981014, "dmean2": 1.05708992481, "dvar": 0.852912306786, "dvar2": 2.20179653168, "max": 21.9554080963, "mean": 2.28522109985, "median": 1.7177362442, "min": -2.24224233627, "var": 6.02040576935}, "barkbands_spread": {"dmean": 6.48338127136, "dmean2": 9.78864479065, "dvar": 49.4457855225, "dvar2": 102.934898376, "max": 112.240898132, "mean": 28.7366828918, "median": 25.3510379791, "min": 0.283761024475, "var": 397.329284668}, "dissonance": {"dmean": 0.0125344404951, "dmean2": 0.0203432664275, "dvar": 0.00019408420485, "dvar2": 0.000482560280943, "max": 0.499999940395, "mean": 0.471779376268, "median": 0.478845745325, "min": 0.183265313506, "var": 0.000574705190957}, "dynamic_complexity": 4.74177408218, "erbbands_crest": {"dmean": 2.16226935387, "dmean2": 3.50987648964, "dvar": 5.05580711365, "dvar2": 12.5562753677, "max": 29.025932312, "mean": 7.9528131485, "median": 7.13953876495, "min": 2.15166163445, "var": 13.9657707214}, "erbbands_flatness_db": {"dmean": 0.0175248682499, "dmean2": 0.0254487283528, "dvar": 0.000323657441186, "dvar2": 0.000667835294735, "max": 0.434158414602, "mean": 0.13092418015, "median": 0.123440794647, "min": 0.0272002909333, "var": 0.00304056424648}, "erbbands_kurtosis": {"dmean": 0.879464030266, "dmean2": 1.39208459854, "dvar": 2.86822342873, "dvar2": 7.92065095901, "max": 59.0852622986, "mean": 0.108546189964, "median": -0.487508535385, "min": -1.93306541443, "var": 4.5510892868}, "erbbands_skewness": {"dmean": 0.372968286276, "dmean2": 0.561231911182, "dvar": 0.146693989635, "dvar2": 0.321537077427, "max": 5.12285518646, "mean": -0.171605706215, "median": -0.251893907785, "min": -4.37161254883, "var": 0.748874604702}, "erbbands_spread": {"dmean": 10.3081064224, "dmean2": 15.7549905777, "dvar": 115.343513489, "dvar2": 250.460235596, "max": 192.634170532, "mean": 53.5074996948, "median": 50.6634597778, "min": 1.74300086498, "var": 575.08605957}, "hfc": {"dmean": 6.61366271973, "dmean2": 9.43640327454, "dvar": 131.547134399, "dvar2": 288.661865234, "max": 259.838012695, "mean": 20.3323669434, "median": 12.6489257812, "min": 1.05245557615e-16, "var": 523.508728027}, "melbands_crest": {"dmean": 3.19348168373, "dmean2": 5.12964248657, "dvar": 9.74530220032, "dvar2": 23.5608577728, "max": 38.0199165344, "mean": 17.8772335052, "median": 17.7317237854, "min": 1.64772319794, "var": 47.3970146179}, "melbands_flatness_db": {"dmean": 0.0279831849039, "dmean2": 0.0416051112115, "dvar": 0.000816330779344, "dvar2": 0.00170073646586, "max": 0.65457034111, "mean": 0.223764032125, "median": 0.204323351383, "min": 0.00421828590333, "var": 0.0104489289224}, "melbands_kurtosis": {"dmean": 18.7663784027, "dmean2": 29.141242981, "dvar": 2718.07666016, "dvar2": 5911.26660156, "max": 3444.36694336, "mean": 51.1332550049, "median": 15.0924758911, "min": -1.80404031277, "var": 27003.2910156}, "melbands_skewness": {"dmean": 1.02582168579, "dmean2": 1.5682015419, "dvar": 1.53458034992, "dvar2": 3.28322982788, "max": 46.5335540771, "mean": 4.47567796707, "median": 3.55594086647, "min": -0.564876973629, "var": 15.1998910904}, "melbands_spread": {"dmean": 7.32743024826, "dmean2": 11.1361865997, "dvar": 93.5152511597, "dvar2": 207.369842529, "max": 164.760864258, "mean": 25.3170413971, "median": 17.7039756775, "min": 0.131242454052, "var": 611.950622559}, "pitch_salience": {"dmean": 0.0769843682647, "dmean2": 0.124120898545, "dvar": 0.00520018162206, "dvar2": 0.0131544889882, "max": 0.876804471016, "mean": 0.477479785681, "median": 0.476450562477, "min": 0.0272936448455, "var": 0.0213232859969}, "silence_rate_20dB": {"dmean": 0, "dmean2": 0, "dvar": 0, "dvar2": 0, "max": 1, "mean": 1, "median": 1, "min": 1, "var": 0}, "silence_rate_30dB": {"dmean": 0.0185579564422, "dmean2": 0.0371215566993, "dvar": 0.0182129088789, "dvar2": 0.0466952100396, "max": 1, "mean": 0.986159682274, "median": 1, "min": 0, "var": 0.0136481802911}, "silence_rate_60dB": {"dmean": 0.0191664136946, "dmean2": 0.0383386574686, "dvar": 0.0187980923802, "dvar2": 0.0441675931215, "max": 1, "mean": 0.160760462284, "median": 0, "min": 0, "var": 0.134921729565}, "spectral_centroid": {"dmean": 281.500396729, "dmean2": 424.524810791, "dvar": 91043.1796875, "dvar2": 180589.421875, "max": 11782.9873047, "mean": 1731.53918457, "median": 1557.6550293, "min": 159.175125122, "var": 1651806.5}, "spectral_complexity": {"dmean": 3.65926384926, "dmean2": 5.24570226669, "dvar": 20.1138210297, "dvar2": 37.6606941223, "max": 56, "mean": 15.8022813797, "median": 14, "min": 0, "var": 126.777839661}, "spectral_decrease": {"dmean": 2.77590928022e-09, "dmean2": 4.31749480612e-09, "dvar": 2.28378032399e-17, "dvar2": 5.55713765973e-17, "max": 1.82284803486e-28, "mean": -7.07902048092e-09, "median": -5.33800648128e-09, "min": -5.13404607716e-08, "var": 4.89019086538e-17}, "spectral_energy": {"dmean": 0.0109131708741, "dmean2": 0.0168590657413, "dvar": 0.00034594986937, "dvar2": 0.000840425083879, "max": 0.197661370039, "mean": 0.0285620354116, "median": 0.0221151821315, "min": 1.00002832182e-20, "var": 0.000759666785598}, "spectral_energyband_high": {"dmean": 0.000519187189639, "dmean2": 0.000771335151512, "dvar": 1.23259292195e-06, "dvar2": 2.83591248262e-06, "max": 0.0306529551744, "mean": 0.00118907575961, "median": 0.000441686075646, "min": 6.98186804345e-21, "var": 3.7832144244e-06}, "spectral_energyband_low": {"dmean": 0.00763053819537, "dmean2": 0.0121517870575, "dvar": 0.000234307823121, "dvar2": 0.000574536679778, "max": 0.179109245539, "mean": 0.0162237919867, "median": 0.00905187986791, "min": 1.60593873393e-23, "var": 0.000447802536655}, "spectral_energyband_middle_high": {"dmean": 0.00139482773375, "dmean2": 0.0019778360147, "dvar": 5.35331491847e-06, "dvar2": 1.10344435598e-05, "max": 0.0607852078974, "mean": 0.00408348254859, "median": 0.00199762242846, "min": 1.13729710674e-21, "var": 2.82920955215e-05}, "spectral_energyband_middle_low": {"dmean": 0.00405927235261, "dmean2": 0.00658044498414, "dvar": 8.5068277258e-05, "dvar2": 0.000224985109526, "max": 0.101678267121, "mean": 0.00744646182284, "median": 0.0043936688453, "min": 1.50446566243e-22, "var": 0.000102642952697}, "spectral_entropy": {"dmean": 0.168636649847, "dmean2": 0.246698945761, "dvar": 0.0328672640026, "dvar2": 0.0690571516752, "max": 9.82305717468, "mean": 7.67001962662, "median": 7.70605611801, "min": 4.602622509, "var": 0.315086096525}, "spectral_flux": {"dmean": 0.0261836703867, "dmean2": 0.0399380512536, "dvar": 0.00122467998881, "dvar2": 0.00256413873285, "max": 0.361043155193, "mean": 0.07615121454, "median": 0.0634577274323, "min": 6.36502864304e-11, "var": 0.0033712037839}, "spectral_kurtosis": {"dmean": 1.48357689381, "dmean2": 2.45669984818, "dvar": 8.62584686279, "dvar2": 25.3575954437, "max": 62.8874740601, "mean": 3.97833061218, "median": 3.29046678543, "min": -1.26582670212, "var": 14.9235219955}, "spectral_rms": {"dmean": 0.000862257438712, "dmean2": 0.00128654320724, "dvar": 1.41010991683e-06, "dvar2": 3.21606785292e-06, "max": 0.0138866975904, "mean": 0.00458073848858, "median": 0.00464497460052, "min": 3.12351945524e-12, "var": 6.88217460265e-06}, "spectral_rolloff": {"dmean": 560.648742676, "dmean2": 918.258850098, "dvar": 884434.125, "dvar2": 1928090, "max": 19422.9492188, "mean": 1904.21081543, "median": 968.994140625, "min": 21.533203125, "var": 7424413.5}, "spectral_skewness": {"dmean": 0.213485136628, "dmean2": 0.341519892216, "dvar": 0.0788862928748, "dvar2": 0.206593051553, "max": 6.52715587616, "mean": 1.35910964012, "median": 1.32789695263, "min": -0.0750596597791, "var": 0.233212172985}, "spectral_spread": {"dmean": 682938.125, "dmean2": 977304.8125, "dvar": 798188371968, "dvar2": 1410582970370.0, "max": 43278824, "mean": 5709796, "median": 4984545, "min": 646206.4375, "var": 19100860416000.0}, "spectral_strongpeak": {"dmean": 0.346859544516, "dmean2": 0.604670524597, "dvar": 0.66711127758, "dvar2": 1.75767838955, "max": 11.6540307999, "mean": 0.577615022659, "median": 0.374295026064, "min": 0, "var": 0.770966887474}, "zerocrossingrate": {"dmean": 0.0118473190814, "dmean2": 0.0138458525762, "dvar": 0.000163972435985, "dvar2": 0.000215329069761, "max": 0.5205078125, "mean": 0.0725020766258, "median": 0.05712890625, "min": 0.00146484375, "var": 0.00451107649133}, "barkbands": {"dmean": [0.000553847639821, 0.00518329348415, 0.00302358227782, 0.000904497515876, 0.00191476743203, 0.000818944303319, 0.000636932672933, 0.000557197083253, 0.000411135872127, 0.000227626733249, 0.000314279313898, 0.000125265010865, 0.000149686340592, 0.000229291428695, 0.000252419878962, 0.000336019496899, 0.000292338372674, 0.000173220367287, 0.000206020224141, 0.000170121333213, 0.000162189055118, 0.000123087593238, 0.00010476620082, 7.59258546168e-05, 5.00768728671e-05, 3.81963982363e-05, 1.14352051241e-05], "dmean2": [0.000902962812688, 0.00823272857815, 0.00509164715186, 0.00159539387096, 0.00327708153054, 0.00135973352008, 0.0010055633029, 0.000839588057715, 0.000606976856943, 0.000333936768584, 0.000462402473204, 0.000195258544409, 0.00023926438007, 0.000361446582247, 0.000391024484998, 0.000530645833351, 0.000458604568848, 0.000268448493443, 0.000307754176902, 0.000260995351709, 0.000255729770288, 0.000196858687559, 0.000167206992046, 0.00011449559679, 7.15185378795e-05, 5.65299196751e-05, 1.74052674993e-05], "dvar": [2.04500611289e-06, 0.00011198764696, 4.45185141871e-05, 6.95552171237e-06, 2.05061060115e-05, 3.75268882635e-06, 3.35796926265e-06, 3.22383220919e-06, 1.40888937494e-06, 6.2902870468e-07, 1.37647577958e-06, 1.94664707465e-07, 3.24970670817e-07, 3.68725011413e-07, 5.25476309576e-07, 6.05410093613e-07, 3.30885143285e-07, 1.24973269067e-07, 1.60033422958e-07, 9.04480899067e-08, 1.26411592305e-07, 7.82806282018e-08, 1.36980602861e-07, 2.95645516957e-08, 1.31864670294e-08, 7.29048998949e-09, 7.18952564149e-10], "dvar2": [5.01971771882e-06, 0.000275491678622, 0.00012150825205, 1.93070554815e-05, 5.60793559998e-05, 9.93820322037e-06, 7.49974969949e-06, 6.86383464199e-06, 2.91059291158e-06, 1.1742758943e-06, 2.95048585031e-06, 4.44478502004e-07, 8.65124263782e-07, 8.55738505834e-07, 1.22889844079e-06, 1.41243594953e-06, 7.83253142345e-07, 2.78621229199e-07, 3.33730270086e-07, 2.10207048212e-07, 2.98948691579e-07, 2.02908111646e-07, 3.78693613357e-07, 6.08306720551e-08, 2.55192205145e-08, 1.64732636421e-08, 1.73380343416e-09], "max": [0.020689599216, 0.140156954527, 0.0892281234264, 0.045449629426, 0.0565143823624, 0.035500947386, 0.0452870950103, 0.0374644249678, 0.029959179461, 0.0273619201034, 0.0376404561102, 0.0120823448524, 0.0153863457963, 0.0168512593955, 0.0169176813215, 0.0192507039756, 0.0165181905031, 0.00934429932386, 0.0117446286604, 0.00462397839874, 0.00793852843344, 0.00543724140152, 0.0171622894704, 0.00447952002287, 0.00337143824436, 0.00190410262439, 0.00056404445786], "mean": [0.00053327914793, 0.00974597036839, 0.00563291274011, 0.000846662209369, 0.00261164177209, 0.00126718182582, 0.000885401270352, 0.000940267811529, 0.000749465252738, 0.000352317467332, 0.000573373632506, 0.000181082621566, 0.000205701566301, 0.000390197470551, 0.000404446269386, 0.000582925684284, 0.000572382297833, 0.000346594955772, 0.000395859940909, 0.000306874804664, 0.000306108180666, 0.000227946133236, 0.000191580227693, 0.000142382836202, 9.69547982095e-05, 5.85458656133e-05, 1.40417196235e-05], "median": [8.87540227268e-05, 0.00358777679503, 0.00241417018697, 0.000253342936048, 0.00139304541517, 0.000588383118156, 0.000150830252096, 8.15857638372e-05, 6.75120318192e-05, 3.89241431549e-05, 4.77550347568e-05, 3.31613664457e-05, 4.33560926467e-05, 7.27788137738e-05, 0.000128456886159, 0.000188942358363, 0.000247859919909, 0.000119725220429, 0.000188496545888, 0.000126550265122, 9.10671224119e-05, 5.90560593992e-05, 4.15749600506e-05, 4.21627446485e-05, 3.06584261125e-05, 1.3699684132e-05, 2.4453424885e-06], "min": [3.70759596466e-25, 1.90080255519e-24, 1.03536061101e-24, 1.40363736638e-24, 6.06611080263e-24, 6.76877839876e-24, 1.24541872951e-23, 7.75342511433e-24, 1.26421065845e-23, 5.2084576766e-24, 1.30920144691e-23, 2.70391951803e-23, 2.11835153907e-23, 3.47401563113e-23, 3.25612940921e-23, 5.18074018094e-23, 5.21377294249e-23, 9.99735605199e-23, 1.11897029019e-22, 1.64163456368e-22, 2.67250701368e-22, 3.17509698593e-22, 3.6441324756e-22, 5.92751093925e-22, 9.17269891081e-22, 1.27209159977e-21, 1.90186513505e-21], "var": [2.00153544938e-06, 0.000224326504394, 6.68763095746e-05, 5.12527594765e-06, 1.92421648535e-05, 4.62942716695e-06, 5.57110206501e-06, 7.83366886026e-06, 3.65594382856e-06, 1.39127018883e-06, 3.45703256244e-06, 3.21234608691e-07, 3.66694337117e-07, 8.50164838084e-07, 8.40167217575e-07, 1.5005800833e-06, 9.88363808574e-07, 4.18315124762e-07, 4.08399046137e-07, 2.27567127808e-07, 3.47210857399e-07, 1.7679903408e-07, 1.93539591464e-07, 7.53658682129e-08, 3.6981333551e-08, 1.33519924006e-08, 8.96821727991e-10]}, "erbbands": {"dmean": [0.139262974262, 1.30645215511, 3.84130644798, 2.46564435959, 5.00718736649, 7.16065645218, 7.85236549377, 5.98375177383, 7.25575590134, 11.8224906921, 10.4134168625, 9.50783157349, 6.94912719727, 8.17946147919, 10.2416658401, 5.18813943863, 6.82219552994, 10.2430038452, 9.53820323944, 18.6541957855, 12.48832798, 15.1913671494, 8.92004680634, 10.3546876907, 9.98191356659, 7.59785366058, 7.11805343628, 5.75191020966, 4.02603340149, 4.2799577713, 2.7320318222, 1.96657061577, 1.05155694485, 0.586877882481, 0.365339875221, 0.189178749919, 0.0704214498401, 0.0146595686674, 0.00203021592461, 9.44609055296e-05], "dmean2": [0.222140431404, 2.11559796333, 6.50363636017, 4.20812988281, 8.58052635193, 12.442606926, 13.4289245605, 9.96946907043, 11.4466152191, 18.2582530975, 15.5964279175, 13.9881401062, 10.2337055206, 11.8822526932, 14.9930181503, 7.99967861176, 10.8516302109, 16.1438827515, 14.6749038696, 28.9907341003, 18.9968223572, 23.6157455444, 13.5374183655, 15.4330406189, 14.9774084091, 11.6495847702, 11.2432928085, 9.02174758911, 6.44512605667, 6.83535814285, 4.3100361824, 2.97174787521, 1.60079264641, 0.84191608429, 0.536320090294, 0.282617479563, 0.106659814715, 0.0219672955573, 0.00309765827842, 0.000142898337799], "dvar": [0.0956335216761, 7.59642076492, 74.1672286987, 29.0697040558, 198.77722168, 267.778839111, 358.973297119, 244.54850769, 437.24798584, 1125.01220703, 1162.10949707, 884.982727051, 578.771057129, 832.860900879, 1803.87121582, 324.532470703, 778.687988281, 708.356384277, 824.828369141, 1869.04125977, 846.565185547, 919.582397461, 289.548156738, 331.25189209, 491.90826416, 181.726837158, 207.003952026, 197.870605469, 80.5680770874, 115.691436768, 128.627960205, 20.5097827911, 5.80019044876, 2.10222768784, 0.662624716759, 0.18365418911, 0.0285459812731, 0.00114708393812, 2.36320465774e-05, 5.13168885163e-08], "dvar2": [0.242608755827, 19.5692806244, 203.764541626, 79.1329040527, 535.341674805, 755.829528809, 995.407043457, 637.991455078, 984.079589844, 2523.703125, 2451.98999023, 1877.39978027, 1002.83074951, 1796.84606934, 3683.94677734, 752.840087891, 2111.30053711, 1654.35168457, 2013.56445312, 4112.85449219, 1748.66870117, 2164.98046875, 645.013977051, 691.230895996, 1039.32995605, 419.421051025, 507.228271484, 467.172943115, 209.415863037, 295.943664551, 361.432952881, 43.0140457153, 12.9428472519, 4.09418392181, 1.37827599049, 0.405591130257, 0.0678606256843, 0.00265690451488, 5.7633533288e-05, 1.26947341528e-07], "max": [4.14434862137, 37.7307777405, 106.465682983, 87.8384780884, 225.025894165, 214.038833618, 346.715209961, 319.203460693, 420.047637939, 679.697875977, 967.267333984, 844.336181641, 833.31628418, 1007.98364258, 1528.76171875, 488.867584229, 798.07824707, 665.092895508, 925.273254395, 1123.07214355, 1129.27734375, 689.61529541, 453.50579834, 349.649536133, 759.145751953, 236.07371521, 208.443481445, 401.290496826, 158.775802612, 281.042816162, 571.731628418, 117.134246826, 77.263923645, 53.8504371643, 15.9759502411, 9.41374969482, 4.09600114822, 0.738592147827, 0.0885057225823, 0.00647617736831], "mean": [0.21841801703, 2.40521216393, 7.16341972351, 3.72094631195, 5.2800693512, 9.57616233826, 11.2388648987, 9.72772121429, 10.9419593811, 19.1059417725, 18.5354766846, 17.8890857697, 11.8318004608, 15.1177949905, 19.0846500397, 8.83235168457, 10.1628837585, 18.2683010101, 17.1373958588, 33.2703170776, 25.3718204498, 30.8026714325, 19.5066452026, 21.6246395111, 19.1805896759, 14.0530347824, 13.4398107529, 10.8106508255, 7.63424491882, 7.49491786957, 5.12553691864, 3.66056728363, 1.99425923824, 1.16612362862, 0.64321243763, 0.295518428087, 0.102212414145, 0.0201129410416, 0.00250580860302, 0.000139672250953], "median": [0.0792595073581, 0.897109508514, 3.38190150261, 1.94603824615, 2.21621775627, 4.82741594315, 5.57137823105, 4.04268264771, 2.60229206085, 2.41095161438, 2.39032030106, 1.89078509808, 1.61384248734, 1.70137095451, 2.42051386833, 2.0111386776, 2.35246276855, 4.05868530273, 4.23217916489, 12.4079179764, 9.48711872101, 13.3020963669, 8.73023414612, 10.1083030701, 8.32863140106, 5.68709182739, 4.34748077393, 2.98510599136, 2.2294344902, 1.44994354248, 1.17189192772, 0.955538570881, 0.639239668846, 0.358544290066, 0.197476193309, 0.0748395770788, 0.0233539585024, 0.00393621390685, 0.000439599534729, 5.94339726376e-05], "min": [6.32590904667e-23, 3.98890053702e-22, 1.81880638686e-21, 1.15312103551e-20, 1.52372872687e-20, 1.72881394258e-20, 4.02068132708e-20, 4.73497505047e-20, 1.53838753055e-19, 1.04913430278e-19, 2.43038717912e-19, 3.37760514024e-19, 5.54832429846e-19, 7.79932986542e-19, 9.86377828691e-19, 9.86968435648e-19, 1.29334744914e-18, 1.53467594529e-18, 2.30557281082e-18, 2.53842808236e-18, 4.21008544728e-18, 3.62906137731e-18, 5.49382674457e-18, 6.01336399806e-18, 6.69182249956e-18, 7.79905668902e-18, 9.5881151779e-18, 1.05343353524e-17, 1.12546400939e-17, 1.05688957856e-17, 1.04075070578e-17, 9.05808596552e-18, 9.39293281338e-18, 9.26319697893e-18, 6.70897367597e-18, 4.15961915811e-18, 2.32331645534e-18, 8.38043355152e-19, 2.33596477069e-19, 2.50056472993e-20], "var": [0.142612785101, 13.9970579147, 105.434547424, 32.377532959, 150.704666138, 251.697067261, 360.220672607, 345.944641113, 718.852600098, 2547.57104492, 2957.76123047, 2311.40576172, 1561.94189453, 2224.02197266, 4502.55566406, 577.479980469, 833.340332031, 1856.6282959, 1399.71105957, 4350.84423828, 2524.3125, 2944.53515625, 981.729492188, 1156.10217285, 1248.17614746, 470.870117188, 499.332977295, 540.928283691, 177.528274536, 244.837997437, 151.319320679, 53.7252578735, 13.5326700211, 5.88669252396, 1.53703629971, 0.355206549168, 0.0440771579742, 0.00173709250521, 2.90255738946e-05, 6.02112422143e-08]}, "gfcc": {"mean": [-69.8868255615, 69.3386001587, -92.0883255005, 51.4694709778, -34.6424255371, 5.27986431122, -38.6050453186, 7.59017324448, -18.2082004547, 3.69829273224, -13.9378042221, 3.35600733757, -8.19503116608], "cov": [[58397.3671875, 1479.99633789, -3725.35058594, 667.154418945, -2260.09301758, 724.067687988, -1225.68225098, 679.176086426, -769.105041504, 11.8923597336, -1076.78637695, -213.812561035, -480.106781006], [1479.99633789, 1914.10498047, -605.944702148, 176.987457275, 319.953704834, -325.061187744, -51.615524292, -221.60597229, -12.4033174515, -133.155883789, 74.3023529053, -121.302108765, 57.3641586304], [-3725.35058594, -605.944702148, 1233.00964355, 23.0879936218, 170.15083313, 213.801971436, 128.980194092, 156.772491455, 90.5063247681, 47.6240653992, 43.299495697, 72.941696167, -29.1295757294], [667.154418945, 176.987457275, 23.0879936218, 565.747436523, 210.641448975, -4.54333162308, -55.1127624512, -40.6283569336, 14.140868187, -13.7609319687, 32.269859314, 15.4660634995, 33.6068725586], [-2260.09301758, 319.953704834, 170.15083313, 210.641448975, 541.11730957, -123.125152588, -29.2141532898, -98.994468689, 32.0090637207, -38.4034614563, 92.1035995483, 15.6524791718, 55.2893218994], [724.067687988, -325.061187744, 213.801971436, -4.54333162308, -123.125152588, 391.792785645, 150.889816284, 175.682174683, 8.74674129486, 24.7293319702, -35.7068748474, 29.2400798798, -17.7327060699], [-1225.68225098, -51.615524292, 128.980194092, -55.1127624512, -29.2141532898, 150.889816284, 276.512969971, 115.202560425, 30.9221858978, 3.45134544373, 22.9800949097, -3.02284312248, 15.1831016541], [679.176086426, -221.60597229, 156.772491455, -40.6283569336, -98.994468689, 175.682174683, 115.202560425, 262.461853027, 48.8183937073, 32.6171035767, -29.7637996674, 7.9378156662, -17.3212146759], [-769.105041504, -12.4033174515, 90.5063247681, 14.140868187, 32.0090637207, 8.74674129486, 30.9221858978, 48.8183937073, 112.813682556, 30.8014698029, 7.21284532547, -4.35258293152, -0.0607982948422], [11.8923597336, -133.155883789, 47.6240653992, -13.7609319687, -38.4034614563, 24.7293319702, 3.45134544373, 32.6171035767, 30.8014698029, 87.3185501099, 7.80432319641, -2.11136889458, -7.90983581543], [-1076.78637695, 74.3023529053, 43.299495697, 32.269859314, 92.1035995483, -35.7068748474, 22.9800949097, -29.7637996674, 7.21284532547, 7.80432319641, 95.1173477173, 26.282831192, 12.2182369232], [-213.812561035, -121.302108765, 72.941696167, 15.4660634995, 15.6524791718, 29.2400798798, -3.02284312248, 7.9378156662, -4.35258293152, -2.11136889458, 26.282831192, 80.9038467407, 16.275636673], [-480.106781006, 57.3641586304, -29.1295757294, 33.6068725586, 55.2893218994, -17.7327060699, 15.1831016541, -17.3212146759, -0.0607982948422, -7.90983581543, 12.2182369232, 16.275636673, 75.1583404541]], "icov": [[6.07244219282e-05, -0.000121420460346, 0.000129214924527, -0.000133045119583, 0.000126294064103, -0.000139107520226, 0.000279644533293, -0.000300618383335, 0.000369214569218, -0.000238706736127, 0.000452573993243, -0.000238981519942, 0.000292002427159], [-0.000121420460346, 0.00123020389583, 0.000163835531566, 0.000139060066431, -0.000625490385573, 0.000479678186821, -0.000656205462292, 0.000685761100613, -0.00109497876838, 0.00170418689959, -0.00178640894592, 0.00193175440654, -0.000798786059022], [0.000129214924527, 0.000163835531566, 0.00162860599812, -0.000212906961679, -0.000566052156501, -0.000681363570038, 0.000315130659146, -0.000870399235282, 0.00016494798183, -0.000443609722424, 0.000697834475432, -0.000909694237635, 0.00145517184865], [-0.000133045119583, 0.000139060066431, -0.000212906961679, 0.00252498057671, -0.00110054039396, -0.000405471801059, 0.000144689052831, 0.000679589575157, -0.00107118906453, 0.000506758922711, -0.00121772894636, 0.000451639964012, -0.00117362861056], [0.000126294064103, -0.000625490385573, -0.000566052156501, -0.00110054039396, 0.00382871367037, 0.000191386148799, 0.00101103249472, -0.000127277162392, -8.61894877744e-05, 0.000843399902806, -0.00129185291007, 2.64596001216e-05, -0.00115511775948], [-0.000139107520226, 0.000479678186821, -0.000681363570038, -0.000405471801059, 0.000191386148799, 0.00546347629279, -0.00298046623357, -0.00104355521034, 0.000410935550462, -0.000146742342622, 0.00108001520857, -0.00136559514794, 0.000277387996903], [0.000279644533293, -0.000656205462292, 0.000315130659146, 0.000144689052831, 0.00101103249472, -0.00298046623357, 0.00780532089993, -0.00308589148335, 0.000681119272485, 0.00079506036127, -0.00192047888413, 0.00188262935262, -0.00140155223198], [-0.000300618383335, 0.000685761100613, -0.000870399235282, 0.000679589575157, -0.000127277162392, -0.00104355521034, -0.00308589148335, 0.00841588992625, -0.00408423179761, 0.000312585209031, -0.000404428137699, 0.000403212034144, -0.00066657102434], [0.000369214569218, -0.00109497876838, 0.00016494798183, -0.00107118906453, -8.61894877744e-05, 0.000410935550462, 0.000681119272485, -0.00408423179761, 0.0141412392259, -0.0058052088134, 0.00362835428677, -0.0012680424843, 0.00190389703494], [-0.000238706736127, 0.00170418689959, -0.000443609722424, 0.000506758922711, 0.000843399902806, -0.000146742342622, 0.00079506036127, 0.000312585209031, -0.0058052088134, 0.017279131338, -0.0070513994433, 0.00496462732553, -0.0020826915279], [0.000452573993243, -0.00178640894592, 0.000697834475432, -0.00121772894636, -0.00129185291007, 0.00108001520857, -0.00192047888413, -0.000404428137699, 0.00362835428677, -0.0070513994433, 0.0216016359627, -0.00995786953717, 0.00447487551719], [-0.000238981519942, 0.00193175440654, -0.000909694237635, 0.000451639964012, 2.64596001216e-05, -0.00136559514794, 0.00188262935262, 0.000403212034144, -0.0012680424843, 0.00496462732553, -0.00995786953717, 0.0204778257757, -0.0064787985757], [0.000292002427159, -0.000798786059022, 0.00145517184865, -0.00117362861056, -0.00115511775948, 0.000277387996903, -0.00140155223198, -0.00066657102434, 0.00190389703494, -0.0020826915279, 0.00447487551719, -0.0064787985757, 0.0183715689927]]}, "melbands": {"dmean": [0.00128693517763, 0.00190378748812, 0.000514596002176, 0.000429088599049, 0.000282658991637, 0.000137758732308, 0.000118257608847, 0.000130462532979, 8.50060969242e-05, 5.68477698835e-05, 3.45736843883e-05, 3.21385050484e-05, 4.20888791268e-05, 1.34149677251e-05, 1.83915726666e-05, 1.31035740196e-05, 2.16405587707e-05, 1.62135183928e-05, 2.06048644031e-05, 3.01313339151e-05, 1.29718555399e-05, 1.70180283021e-05, 1.33960011226e-05, 8.47050068842e-06, 9.0080748123e-06, 8.54149129736e-06, 6.82611835146e-06, 5.07299091623e-06, 4.92206663694e-06, 4.61974968857e-06, 3.14495650855e-06, 2.34068215832e-06, 2.54970655078e-06, 2.43554404733e-06, 1.7042697209e-06, 1.52079724103e-06, 1.20854076613e-06, 8.08919878637e-07, 5.98283406816e-07, 4.88719081204e-07], "dmean2": [0.00201235269196, 0.00317805982195, 0.000878966937307, 0.000738507020287, 0.000487927929498, 0.000228485791013, 0.000185473021702, 0.000200687529286, 0.000126679980895, 8.36371982587e-05, 5.09085912199e-05, 4.68112993985e-05, 6.19787460892e-05, 2.05644500966e-05, 2.90164462058e-05, 2.09757108678e-05, 3.42124731105e-05, 2.5024444767e-05, 3.16425903293e-05, 4.79962836835e-05, 1.97028784896e-05, 2.68811418209e-05, 2.07232369576e-05, 1.32799359562e-05, 1.35716363729e-05, 1.29034215206e-05, 1.05821281977e-05, 7.99741155788e-06, 7.9393703345e-06, 7.39582128517e-06, 5.06325204697e-06, 3.81972222385e-06, 3.99772807214e-06, 3.95944198317e-06, 2.753666422e-06, 2.38026473198e-06, 1.84269742931e-06, 1.25736903556e-06, 9.05051592781e-07, 7.12105645562e-07], "dvar": [6.91789182383e-06, 1.74344240804e-05, 1.4486197415e-06, 1.03519914774e-06, 4.53617673202e-07, 1.18084990675e-07, 1.13871152507e-07, 1.37902304687e-07, 6.82348755277e-08, 3.19991251274e-08, 1.45703076271e-08, 1.40269023063e-08, 2.8498234883e-08, 2.3320243514e-09, 4.87048312792e-09, 2.13334683252e-09, 3.32126481872e-09, 2.56964671763e-09, 3.91541687961e-09, 4.95471041972e-09, 1.17398968325e-09, 1.18492227141e-09, 9.02436902983e-10, 2.90967472338e-10, 2.55791610115e-10, 3.07297381985e-10, 2.09087608338e-10, 8.91863388697e-11, 1.10973209788e-10, 1.418516693e-10, 5.70951688705e-11, 2.79495489253e-11, 3.20283799482e-11, 4.27294796768e-11, 7.46819203701e-11, 1.41370413639e-11, 7.87037102157e-12, 3.78466572318e-12, 1.82481156921e-12, 1.77257188962e-12], "dvar2": [1.66533845913e-05, 4.72554384032e-05, 3.94954258809e-06, 2.8282470339e-06, 1.27018597595e-06, 3.07520934939e-07, 2.55474873256e-07, 3.02761208104e-07, 1.45248520766e-07, 6.75330440458e-08, 2.54416043788e-08, 2.96723001725e-08, 5.96627174332e-08, 4.87849183273e-09, 1.1693006563e-08, 5.7864966152e-09, 7.65712204753e-09, 6.15410788996e-09, 9.08368136265e-09, 1.19451675218e-08, 2.31375318904e-09, 2.93223867409e-09, 2.16663775809e-09, 6.55074161582e-10, 5.42062894571e-10, 6.46352193989e-10, 4.91639229327e-10, 2.13962750295e-10, 2.78308515123e-10, 3.35517447159e-10, 1.45111714311e-10, 7.50756540269e-11, 7.9637692274e-11, 1.11790389445e-10, 2.16110102036e-10, 3.31308626367e-11, 1.63440302958e-11, 8.83136012236e-12, 3.95825733301e-12, 3.49396791881e-12], "max": [0.0355846881866, 0.0460284762084, 0.0175676308572, 0.0144434636459, 0.0106663368642, 0.00727652106434, 0.00706458836794, 0.00741984602064, 0.00713465129957, 0.00568910548463, 0.00396687258035, 0.00448728073388, 0.00622513657436, 0.00158854713663, 0.00175592163578, 0.00130094296765, 0.00158429832663, 0.0013498456683, 0.0016750326613, 0.00192673341371, 0.00137970305514, 0.000972794892732, 0.0008883078699, 0.000419931369834, 0.000300508138025, 0.000498425506521, 0.000457036017906, 0.000137736758916, 0.000146890874021, 0.000302543194266, 0.000195010681637, 8.95857956493e-05, 0.000102093537862, 0.000195921136765, 0.0004579165834, 8.21906724013e-05, 7.89627374616e-05, 6.16024844931e-05, 3.60377889592e-05, 5.94827070017e-05], "mean": [0.00236165313981, 0.00364900589921, 0.000731676642317, 0.000542773166671, 0.000416697526816, 0.000222043396207, 0.000171686639078, 0.000214713945752, 0.00015504618932, 0.000102752797829, 5.5176224123e-05, 5.6224722357e-05, 7.67063465901e-05, 2.14178216993e-05, 2.75932725344e-05, 1.82829317055e-05, 3.73320763174e-05, 2.60664819507e-05, 3.36092998623e-05, 5.13613995281e-05, 2.4523551474e-05, 3.19287464663e-05, 2.46917225013e-05, 1.65823021234e-05, 1.74312917807e-05, 1.53054334078e-05, 1.16326937132e-05, 8.69577070262e-06, 8.56318092701e-06, 7.97576012701e-06, 5.49377318748e-06, 4.12221424995e-06, 4.42912505605e-06, 4.04234469897e-06, 2.95098607239e-06, 2.74792682831e-06, 2.07056632462e-06, 1.41724660807e-06, 1.14792669592e-06, 9.19313833947e-07], "median": [0.000868467148393, 0.00192825170234, 0.000380557408789, 0.000278613180853, 0.000219698966248, 9.42367987591e-05, 3.5895860492e-05, 2.31779740716e-05, 1.73904008989e-05, 1.0215761904e-05, 5.31911473445e-06, 5.97757025389e-06, 7.35245293981e-06, 4.28956582255e-06, 4.38591860075e-06, 4.70700251753e-06, 7.37261007089e-06, 5.00424175698e-06, 1.06034940472e-05, 1.82806361408e-05, 8.59864303493e-06, 1.38318264362e-05, 7.91851107351e-06, 6.31061220702e-06, 7.76561955718e-06, 6.65536617817e-06, 4.45565592599e-06, 3.23600943375e-06, 2.53761186286e-06, 2.00451108867e-06, 1.41767759487e-06, 1.25805127027e-06, 9.52607649651e-07, 6.98190433468e-07, 6.14759869677e-07, 6.4299058522e-07, 5.50139191091e-07, 4.48123955721e-07, 3.46316596733e-07, 2.69668589681e-07], "min": [6.68046561764e-25, 8.6422354851e-25, 2.25912329429e-24, 9.66208669628e-25, 1.09851987192e-24, 1.10731300861e-24, 2.32946740172e-24, 1.22363685997e-24, 2.04883802329e-24, 1.66480416577e-24, 2.0524220156e-24, 2.62616725729e-24, 2.29976166104e-24, 3.36857017165e-24, 1.8321698815e-24, 2.50490868653e-24, 2.92844613439e-24, 3.80269137184e-24, 2.81135866568e-24, 3.01409611553e-24, 3.96756842863e-24, 2.76184916362e-24, 4.63803551147e-24, 4.67934855151e-24, 4.20332306003e-24, 4.06518641578e-24, 4.35792244251e-24, 3.62320539995e-24, 5.09920162451e-24, 5.27620150126e-24, 4.70345929622e-24, 4.03328448634e-24, 4.83229329825e-24, 4.93059956653e-24, 5.22038762007e-24, 4.98046346435e-24, 4.47414965841e-24, 5.95521628644e-24, 6.40319777274e-24, 6.41067025767e-24], "var": [1.37677652674e-05, 2.56752828136e-05, 1.37328595429e-06, 9.02025306004e-07, 4.63457780597e-07, 1.65199438129e-07, 1.86850698469e-07, 3.2951737694e-07, 1.84285383398e-07, 7.95507091311e-08, 3.81393334692e-08, 3.5617318872e-08, 7.13061112378e-08, 4.22168566772e-09, 7.47263850798e-09, 2.2429385016e-09, 8.54961879071e-09, 4.19239620797e-09, 6.22009110884e-09, 1.08577689062e-08, 3.16584714e-09, 3.23855897655e-09, 2.25527374553e-09, 8.63021432096e-10, 8.08137001762e-10, 7.4548456297e-10, 4.44203535066e-10, 2.02456731935e-10, 2.25754720473e-10, 3.46431439091e-10, 1.31882560428e-10, 5.11896983135e-11, 7.59264040529e-11, 7.99278629393e-11, 6.69945557363e-11, 3.40486146222e-11, 1.87158379072e-11, 7.32663929526e-12, 5.05956214425e-12, 4.30184924141e-12]}, "mfcc": {"mean": [-693.568359375, 94.9893417358, 7.68773174286, 43.8003959656, 23.2057209015, 7.71604394913, -1.66724467278, 2.62884497643, 0.373190939426, 2.0436694622, -2.62681865692, -0.265337109566, 2.04053044319], "cov": [[25835.2734375, 2012.75634766, -181.88343811, 508.701141357, -616.797607422, -69.1563415527, -254.915237427, 248.669708252, 315.01739502, 276.049560547, -15.1150159836, 27.2404842377, -204.658355713], [2012.75634766, 1694.0032959, -199.06312561, 313.911590576, 239.879196167, -32.0758628845, 3.86187243462, -41.7253494263, -53.0825080872, -25.9459037781, -38.8456916809, -48.0211448669, 18.7898578644], [-181.88343811, -199.06312561, 701.53527832, -17.73188591, 44.7602729797, 101.959327698, 72.0579528809, 130.234573364, 73.2457046509, 67.8365020752, 52.941734314, 65.8750305176, -3.91436052322], [508.701141357, 313.911590576, -17.73188591, 551.580932617, 309.107177734, 64.5281829834, 2.46203184128, -34.0358123779, -25.6799850464, -25.2752799988, -45.0882873535, -26.2838382721, 55.5243339539], [-616.797607422, 239.879196167, 44.7602729797, 309.107177734, 486.887420654, 86.3843383789, -11.9174261093, -26.7239341736, -53.2602767944, -32.7341690063, -44.3072776794, -19.3728733063, 39.1960716248], [-69.1563415527, -32.0758628845, 101.959327698, 64.5281829834, 86.3843383789, 181.585006714, 67.5621795654, 39.9692878723, 11.5934791565, -0.759614408016, 8.4183139801, 5.44897508621, -5.40840101242], [-254.915237427, 3.86187243462, 72.0579528809, 2.46203184128, -11.9174261093, 67.5621795654, 188.048034668, 99.1951522827, 42.9281272888, 27.9488677979, 29.8661460876, 14.8917255402, -4.02597665787], [248.669708252, -41.7253494263, 130.234573364, -34.0358123779, -26.7239341736, 39.9692878723, 99.1951522827, 195.9012146, 86.4694366455, 45.0850982666, 37.9672012329, 32.1988830566, -2.78503751755], [315.01739502, -53.0825080872, 73.2457046509, -25.6799850464, -53.2602767944, 11.5934791565, 42.9281272888, 86.4694366455, 154.392715454, 72.3791885376, 35.4791412354, 20.9253101349, -2.78148078918], [276.049560547, -25.9459037781, 67.8365020752, -25.2752799988, -32.7341690063, -0.759614408016, 27.9488677979, 45.0850982666, 72.3791885376, 116.834564209, 50.096031189, 14.4373369217, -5.8383436203], [-15.1150159836, -38.8456916809, 52.941734314, -45.0882873535, -44.3072776794, 8.4183139801, 29.8661460876, 37.9672012329, 35.4791412354, 50.096031189, 91.9120864868, 33.8693275452, -10.693189621], [27.2404842377, -48.0211448669, 65.8750305176, -26.2838382721, -19.3728733063, 5.44897508621, 14.8917255402, 32.1988830566, 20.9253101349, 14.4373369217, 33.8693275452, 70.8480758667, 15.4807567596], [-204.658355713, 18.7898578644, -3.91436052322, 55.5243339539, 39.1960716248, -5.40840101242, -4.02597665787, -2.78503751755, -2.78148078918, -5.8383436203, -10.693189621, 15.4807567596, 72.5410308838]], "icov": [[6.08145601291e-05, -8.39520434965e-05, 1.63632576005e-05, -0.000146138074342, 0.000198871581233, -8.91816525836e-05, 0.00022724547307, -0.000157672795467, -1.68290771398e-05, -0.000176112327608, 0.000179890441359, -0.000163268545293, 0.00024505413603], [-8.39520434965e-05, 0.00082928041229, 0.000156596957822, -0.0001221314742, -0.00050916877808, 0.000458472728496, -0.000504718511365, 0.00014003313845, 0.000146799298818, 0.000177711553988, -0.000305946916342, 0.000374856288545, -0.000168222250068], [1.63632576005e-05, 0.000156596957822, 0.00194259162527, 1.85608751053e-05, -0.000275424594292, -0.000774430925958, 0.000207420613151, -0.000894658849575, 5.14431922056e-05, -0.000837760861032, 0.000194594700588, -0.00138209888246, 0.000422645418439], [-0.000146138074342, -0.0001221314742, 1.85608751053e-05, 0.00356180081144, -0.00212221313268, -0.000295517675113, -0.000804112234619, 0.000879388186149, -0.0005147526972, 0.000476130866446, -0.000168199141626, 0.00111330195796, -0.00223593297414], [0.000198871581233, -0.00050916877808, -0.000275424594292, -0.00212221313268, 0.00436134170741, -0.00164836866315, 0.00141217350028, -0.000773161766119, 0.00101275858469, -0.000823491543997, 0.00123675446957, -0.000322282547131, 9.5353803772e-05], [-8.91816525836e-05, 0.000458472728496, -0.000774430925958, -0.000295517675113, -0.00164836866315, 0.00801216717809, -0.00294995494187, 0.000246196170337, -0.000369840592612, 0.00151778606232, -0.000903363223188, 0.000401938857976, 0.00103683269117], [0.00022724547307, -0.000504718511365, 0.000207420613151, -0.000804112234619, 0.00141217350028, -0.00294995494187, 0.00915755331516, -0.00431319279596, 0.000334503420163, -0.00110848492477, -0.000333024276188, -0.000130252272356, 0.000660515855998], [-0.000157672795467, 0.00014003313845, -0.000894658849575, 0.000879388186149, -0.000773161766119, 0.000246196170337, -0.00431319279596, 0.00989968236536, -0.00379840191454, 0.000913203461096, -0.000815131410491, -0.00105425924994, -0.000592992990278], [-1.68290771398e-05, 0.000146799298818, 5.14431922056e-05, -0.0005147526972, 0.00101275858469, -0.000369840592612, 0.000334503420163, -0.00379840191454, 0.0114835090935, -0.00573312584311, 0.00068554119207, -0.000686720071826, -0.000164286364452], [-0.000176112327608, 0.000177711553988, -0.000837760861032, 0.000476130866446, -0.000823491543997, 0.00151778606232, -0.00110848492477, 0.000913203461096, -0.00573312584311, 0.0155373476446, -0.00720979226753, 0.00282430346124, -0.00105572550092], [0.000179890441359, -0.000305946916342, 0.000194594700588, -0.000168199141626, 0.00123675446957, -0.000903363223188, -0.000333024276188, -0.000815131410491, 0.00068554119207, -0.00720979226753, 0.0188906025141, -0.00829713325948, 0.00394195271656], [-0.000163268545293, 0.000374856288545, -0.00138209888246, 0.00111330195796, -0.000322282547131, 0.000401938857976, -0.000130252272356, -0.00105425924994, -0.000686720071826, 0.00282430346124, -0.00829713325948, 0.0216332264245, -0.00696681626141], [0.00024505413603, -0.000168222250068, 0.000422645418439, -0.00223593297414, 9.5353803772e-05, 0.00103683269117, 0.000660515855998, -0.000592992990278, -0.000164286364452, -0.00105572550092, 0.00394195271656, -0.00696681626141, 0.0182707235217]]}, "spectral_contrast_coeffs": {"dmean": [0.0484005399048, 0.0472389534116, 0.0377714000642, 0.0327393636107, 0.0244699008763, 0.0204527471215], "dmean2": [0.0808403044939, 0.0769533962011, 0.0602751076221, 0.0529394522309, 0.0381081141531, 0.0318583697081], "dvar": [0.00184019957669, 0.00165704928804, 0.00119176076259, 0.000796718464699, 0.000454350170912, 0.000430079729995], "dvar2": [0.00486669875681, 0.0042398776859, 0.00280056055635, 0.00196773419157, 0.00104405800812, 0.000969336368144], "max": [-0.326972186565, -0.440450876951, -0.417291343212, -0.53837364912, -0.585686326027, -0.591471910477], "mean": [-0.668421924114, -0.713620781898, -0.78312766552, -0.766023516655, -0.774545609951, -0.773056507111], "median": [-0.661030590534, -0.709359884262, -0.796928584576, -0.764249444008, -0.768462538719, -0.770124316216], "min": [-0.981930613518, -0.979997217655, -0.979057192802, -0.973264098167, -0.965605795383, -0.963802754879], "var": [0.00968127418309, 0.00804949179292, 0.00871109776199, 0.0054794815369, 0.00362128322013, 0.00346070504747]}, "spectral_contrast_valleys": {"dmean": [0.41394674778, 0.424780279398, 0.404065608978, 0.334772050381, 0.321718662977, 0.361946165562], "dmean2": [0.666796684265, 0.674671113491, 0.627534389496, 0.497753620148, 0.455876260996, 0.496874928474], "dvar": [0.170259878039, 0.191570088267, 0.178810849786, 0.12873326242, 0.138073220849, 0.193683460355], "dvar2": [0.352454721928, 0.40820902586, 0.377456516027, 0.227450489998, 0.238292261958,