{"lowlevel": {"average_loudness": 0.704971671104, "barkbands_crest": {"dmean": 1.92532265186, "dmean2": 3.06589841843, "dvar": 3.71150922775, "dvar2": 8.98295402527, "max": 26.7177581787, "mean": 10.6143846512, "median": 9.82762432098, "min": 2.54511713982, "var": 17.266336441}, "barkbands_flatness_db": {"dmean": 0.0167213715613, "dmean2": 0.0249391794205, "dvar": 0.000343511550454, "dvar2": 0.000680363795254, "max": 0.400464564562, "mean": 0.211162760854, "median": 0.207705765963, "min": 0.0541047044098, "var": 0.00288712070324}, "barkbands_kurtosis": {"dmean": 2.43663287163, "dmean2": 3.6666033268, "dvar": 56.3145942688, "dvar2": 126.244239807, "max": 337.417907715, "mean": 4.92141771317, "median": 2.24156856537, "min": -1.86532866955, "var": 145.261489868}, "barkbands_skewness": {"dmean": 0.382423818111, "dmean2": 0.558784782887, "dvar": 0.317981690168, "dvar2": 0.637717783451, "max": 17.3651504517, "mean": 1.45599591732, "median": 1.27768850327, "min": -4.50276851654, "var": 1.7077807188}, "barkbands_spread": {"dmean": 2.5957531929, "dmean2": 3.85100269318, "dvar": 26.2800750732, "dvar2": 50.950630188, "max": 89.7542953491, "mean": 11.7506799698, "median": 9.51205062866, "min": 0.695530116558, "var": 83.799697876}, "dissonance": {"dmean": 0.0275922939181, "dmean2": 0.0460258685052, "dvar": 0.000765199889429, "dvar2": 0.00202731625177, "max": 0.499999970198, "mean": 0.43212389946, "median": 0.441523939371, "min": 0.10834889859, "var": 0.00209972634912}, "dynamic_complexity": 6.34320116043, "erbbands_crest": {"dmean": 2.23944234848, "dmean2": 3.45748257637, "dvar": 5.65079784393, "dvar2": 12.9528436661, "max": 31.0384864807, "mean": 10.6681575775, "median": 9.52553367615, "min": 2.61861014366, "var": 22.7461891174}, "erbbands_flatness_db": {"dmean": 0.0144382016733, "dmean2": 0.0206365659833, "dvar": 0.000264734349912, "dvar2": 0.000499819929246, "max": 0.394742280245, "mean": 0.232651025057, "median": 0.229682102799, "min": 0.055119112134, "var": 0.00291055138223}, "erbbands_kurtosis": {"dmean": 1.01884996891, "dmean2": 1.54728472233, "dvar": 3.48900699615, "dvar2": 7.47808551788, "max": 44.3542404175, "mean": 1.20100188255, "median": 0.223784446716, "min": -1.79164099693, "var": 10.2258996964}, "erbbands_skewness": {"dmean": 0.316027283669, "dmean2": 0.464483469725, "dvar": 0.137231111526, "dvar2": 0.268363267183, "max": 5.60963964462, "mean": 0.559931278229, "median": 0.502352178097, "min": -5.02112150192, "var": 0.68672901392}, "erbbands_spread": {"dmean": 4.30955839157, "dmean2": 6.4095082283, "dvar": 44.3885765076, "dvar2": 98.9772796631, "max": 116.976753235, "mean": 24.4907588959, "median": 20.8394393921, "min": 2.78835439682, "var": 194.278442383}, "hfc": {"dmean": 3.40438055992, "dmean2": 4.8899269104, "dvar": 36.2210235596, "dvar2": 68.6349105835, "max": 155.379821777, "mean": 13.9386711121, "median": 8.46853351593, "min": 1.26248182911e-16, "var": 217.530105591}, "melbands_crest": {"dmean": 2.37336277962, "dmean2": 3.73982024193, "dvar": 5.90242481232, "dvar2": 14.1201992035, "max": 38.8915672302, "mean": 14.0521230698, "median": 12.9947795868, "min": 2.57564735413, "var": 30.8912124634}, "melbands_flatness_db": {"dmean": 0.0185689367354, "dmean2": 0.0264415163547, "dvar": 0.000520040746778, "dvar2": 0.000946145446505, "max": 0.494996696711, "mean": 0.269506424665, "median": 0.264362215996, "min": 0.00932799652219, "var": 0.00543412519619}, "melbands_kurtosis": {"dmean": 3.38986229897, "dmean2": 5.27098655701, "dvar": 94.4349136353, "dvar2": 258.497314453, "max": 263.600585938, "mean": 8.23520755768, "median": 4.39695692062, "min": -1.85383284092, "var": 182.033737183}, "melbands_skewness": {"dmean": 0.410238683224, "dmean2": 0.615937888622, "dvar": 0.381509870291, "dvar2": 0.907027542591, "max": 15.1265239716, "mean": 1.90946137905, "median": 1.73160636425, "min": -1.85874080658, "var": 1.90404784679}, "melbands_spread": {"dmean": 3.89538264275, "dmean2": 5.68088674545, "dvar": 91.0514831543, "dvar2": 155.111663818, "max": 214.802017212, "mean": 16.2117576599, "median": 12.6414432526, "min": 1.00355815887, "var": 307.37298584}, "pitch_salience": {"dmean": 0.0509009286761, "dmean2": 0.0804884657264, "dvar": 0.00254968274385, "dvar2": 0.00610157754272, "max": 0.955654978752, "mean": 0.575838983059, "median": 0.587971866131, "min": 0.0308399107307, "var": 0.0127687035128}, "silence_rate_20dB": {"dmean": 0, "dmean2": 0, "dvar": 0, "dvar2": 0, "max": 1, "mean": 1, "median": 1, "min": 1, "var": 0}, "silence_rate_30dB": {"dmean": 0.00239599216729, "dmean2": 0.00479250634089, "dvar": 0.00239023473114, "dvar2": 0.00629435433075, "max": 1, "mean": 0.998148739338, "median": 1, "min": 0, "var": 0.00184802664444}, "silence_rate_60dB": {"dmean": 0.0243955571204, "dmean2": 0.0487964265049, "dvar": 0.0238003097475, "dvar2": 0.052078422159, "max": 1, "mean": 0.217684850097, "median": 0, "min": 0, "var": 0.170284748077}, "spectral_centroid": {"dmean": 126.801147461, "dmean2": 179.090682983, "dvar": 74281.40625, "dvar2": 112976.179688, "max": 11169.578125, "mean": 842.165039062, "median": 702.498901367, "min": 226.325592041, "var": 336161.25}, "spectral_complexity": {"dmean": 1.68329334259, "dmean2": 2.68445706367, "dvar": 3.58341479301, "dvar2": 7.60927200317, "max": 41, "mean": 11.8698682785, "median": 12, "min": 0, "var": 41.4527511597}, "spectral_decrease": {"dmean": 1.20530763148e-09, "dmean2": 1.78111492222e-09, "dvar": 4.68649184927e-18, "dvar2": 9.78217505833e-18, "max": 3.43448266077e-20, "mean": -5.14611420144e-09, "median": -3.86547061026e-09, "min": -4.95477294749e-08, "var": 2.37557206026e-17}, "spectral_energy": {"dmean": 0.00480655534193, "dmean2": 0.00709847081453, "dvar": 7.33031629352e-05, "dvar2": 0.000152976979734, "max": 0.194562003016, "mean": 0.020686911419, "median": 0.0155759481713, "min": 1.09224013853e-20, "var": 0.000380194513127}, "spectral_energyband_high": {"dmean": 0.000111374036351, "dmean2": 0.000148015096784, "dvar": 2.84004272544e-07, "dvar2": 4.33490583873e-07, "max": 0.019991569221, "mean": 0.000237755841226, "median": 5.35561448487e-05, "min": 7.67074308824e-21, "var": 9.25573999666e-07}, "spectral_energyband_low": {"dmean": 0.000541895162314, "dmean2": 0.000888261070941, "dvar": 1.66360382536e-06, "dvar2": 4.53410666523e-06, "max": 0.0294091459364, "mean": 0.00155463302508, "median": 0.000536282022949, "min": 4.46751936139e-23, "var": 6.50635729471e-06}, "spectral_energyband_middle_high": {"dmean": 0.00142220861744, "dmean2": 0.0020652350504, "dvar": 7.80594473326e-06, "dvar2": 1.63302429428e-05, "max": 0.0591225922108, "mean": 0.00484316237271, "median": 0.00183895556256, "min": 1.62150240423e-21, "var": 5.2671864978e-05}, "spectral_energyband_middle_low": {"dmean": 0.00408769864589, "dmean2": 0.00598952872679, "dvar": 6.49339417578e-05, "dvar2": 0.000135508467793, "max": 0.190771967173, "mean": 0.0145230609924, "median": 0.0100233824924, "min": 3.47410303691e-22, "var": 0.000249753793469}, "spectral_entropy": {"dmean": 0.142370536923, "dmean2": 0.201850146055, "dvar": 0.0295319594443, "dvar2": 0.050764773041, "max": 9.8111076355, "mean": 6.86916971207, "median": 6.83826875687, "min": 4.94809579849, "var": 0.247112184763}, "spectral_flux": {"dmean": 0.0169168822467, "dmean2": 0.0264064315706, "dvar": 0.000535712460987, "dvar2": 0.00124617747497, "max": 0.360790848732, "mean": 0.0519322864711, "median": 0.0425730757415, "min": 1.0451029625e-10, "var": 0.00184187153354}, "spectral_kurtosis": {"dmean": 5.90140008926, "dmean2": 10.2539787292, "dvar": 75.6442565918, "dvar2": 234.244613647, "max": 97.6868972778, "mean": 13.6255559921, "median": 8.83747577667, "min": -1.18427968025, "var": 199.190460205}, "spectral_rms": {"dmean": 0.000462505035102, "dmean2": 0.00066545419395, "dvar": 4.36610747556e-07, "dvar2": 8.16564465822e-07, "max": 0.0137773938477, "mean": 0.0038893870078, "median": 0.00389821059071, "min": 3.26435319747e-12, "var": 5.05505795445e-06}, "spectral_rolloff": {"dmean": 236.597015381, "dmean2": 388.877563477, "dvar": 438255.59375, "dvar2": 827778, "max": 19552.1484375, "mean": 1072.13793945, "median": 839.794921875, "min": 21.533203125, "var": 1170338.625}, "spectral_skewness": {"dmean": 0.465429604053, "dmean2": 0.784119606018, "dvar": 0.302760213614, "dvar2": 0.913497149944, "max": 7.5334405899, "mean": 2.40383386612, "median": 2.24502110481, "min": -0.125944763422, "var": 1.0597358942}, "spectral_spread": {"dmean": 333244.21875, "dmean2": 488631.40625, "dvar": 315634941952, "dvar2": 472140152832, "max": 40407640, "mean": 2938728.5, "median": 2895181.5, "min": 673584, "var": 1739918934020.0}, "spectral_strongpeak": {"dmean": 0.444360256195, "dmean2": 0.708984136581, "dvar": 0.534659981728, "dvar2": 1.21731281281, "max": 10.4850559235, "mean": 1.25846648216, "median": 0.694600641727, "min": 0, "var": 1.92014837265}, "zerocrossingrate": {"dmean": 0.00578279839829, "dmean2": 0.00641769962385, "dvar": 0.000146006161231, "dvar2": 0.000126999104396, "max": 0.5068359375, "mean": 0.0389295704663, "median": 0.033203125, "min": 0, "var": 0.000931349000894}, "barkbands": {"dmean": [2.91130299956e-06, 0.000154042470967, 0.000297757651424, 0.000385091378121, 0.00141274463385, 0.00114595959894, 0.00143614504486, 0.000793505168986, 0.000990164931864, 0.000713689427357, 0.00033998672734, 0.000316123361699, 0.00036845417344, 0.000303691020235, 0.000113453497761, 7.69577527535e-05, 8.41892906465e-05, 8.25325623737e-05, 3.06702058879e-05, 2.35329189309e-05, 2.55380418821e-05, 4.74842163385e-05, 3.04539626086e-05, 1.32767045216e-05, 4.72131296192e-06, 2.67984978564e-06, 1.6296179961e-09], "dmean2": [5.10825157107e-06, 0.000260812725173, 0.000490003090817, 0.000575584766921, 0.00216927356087, 0.00170419621281, 0.00216659973375, 0.00118054146878, 0.00143735157326, 0.00104984384961, 0.000493663421366, 0.000473580468679, 0.000558995932806, 0.000452492327895, 0.000178943475476, 0.000118428542919, 0.0001304630714, 0.000122382087284, 4.55613117083e-05, 3.46339802491e-05, 3.74553856091e-05, 6.67635904392e-05, 4.32777851529e-05, 1.88898866327e-05, 6.67063113724e-06, 3.8012137793e-06, 2.91356894166e-09], "dvar": [2.32192008676e-11, 2.4307894364e-07, 6.00111604854e-07, 7.27322799321e-07, 5.4998208725e-06, 1.50150217451e-05, 3.21958432323e-05, 5.89889350522e-06, 7.67299570725e-06, 4.41590918854e-06, 1.18491755075e-06, 1.34500544391e-06, 1.24769121612e-06, 5.9217126136e-07, 1.31419440663e-07, 8.44855705395e-08, 1.15164766612e-07, 7.0724155421e-08, 3.29785088127e-08, 8.41107095084e-09, 1.46978829108e-08, 4.80067789965e-08, 4.54375843617e-08, 1.02853370265e-08, 1.38847322528e-09, 1.22886978371e-10, 3.18712590755e-17], "dvar2": [6.61577528871e-11, 6.71172927014e-07, 1.68995404692e-06, 1.59376054398e-06, 1.2682173292e-05, 3.08642811433e-05, 7.22047188901e-05, 1.30232383526e-05, 1.57047834364e-05, 9.1940164566e-06, 2.46689683081e-06, 3.02602165902e-06, 2.6363966299e-06, 1.29845841457e-06, 3.0474549817e-07, 1.91955336959e-07, 2.87164112933e-07, 1.50234527041e-07, 5.45142491148e-08, 1.57231845321e-08, 2.9018911718e-08, 7.9556592425e-08, 9.2992536338e-08, 2.04961683181e-08, 3.03181746375e-09, 2.14625442418e-10, 8.91735243395e-17], "max": [8.14415834611e-05, 0.0119984056801, 0.0198001582175, 0.021369414404, 0.0607397630811, 0.142336785793, 0.16480755806, 0.061643615365, 0.0662857070565, 0.0531962811947, 0.037074521184, 0.046470977366, 0.0314957275987, 0.0158291123807, 0.0107622984797, 0.0113308774307, 0.0118455355987, 0.0111939916387, 0.0130549585447, 0.00441899290308, 0.00402032677084, 0.00865256786346, 0.0138655584306, 0.00481782201678, 0.0021626285743, 0.000392885587644, 2.06366621569e-07], "mean": [3.05616822516e-06, 0.000460646813735, 0.00073709001299, 0.000907692941837, 0.00433690985665, 0.00233792513609, 0.00264574564062, 0.00171766744461, 0.00235299579799, 0.00147626642138, 0.000719671603292, 0.000647111097351, 0.000742375501432, 0.000596404192038, 0.000197256915271, 0.000141018288559, 0.00016941933427, 0.000177847294253, 5.62926761631e-05, 4.45196601504e-05, 4.57780188299e-05, 9.17051438591e-05, 4.82869036205e-05, 2.07001230592e-05, 7.14941279512e-06, 5.37864480066e-06, 1.48093226571e-09], "median": [1.23616507608e-06, 8.14791419543e-05, 0.000203691626666, 0.000194669875782, 0.00235448614694, 0.000718179275282, 0.000561469816603, 0.000322388310451, 0.000307718815748, 0.000153377448441, 0.000132859539008, 0.000201549861231, 0.00019676964439, 9.98400355456e-05, 4.30216314271e-05, 3.43129540852e-05, 2.41487632593e-05, 3.41889171978e-05, 1.49194383994e-05, 1.05226536107e-05, 9.39896472119e-06, 1.62854648806e-05, 5.43988790014e-06, 1.83372378615e-06, 7.34857565021e-07, 7.94822142325e-07, 3.05013320157e-10], "min": [1.07353378743e-24, 4.88752618339e-24, 1.22337827136e-23, 7.06692522244e-23, 4.89298549528e-23, 4.65173447552e-23, 8.10684963045e-23, 7.48199858722e-24, 6.55383431247e-23, 5.40613951413e-23, 3.71383123958e-23, 4.14047782493e-23, 1.00770909568e-22, 1.69035511805e-22, 9.9725056713e-23, 3.34994844734e-22, 1.68086568934e-22, 2.07599475717e-22, 2.77626708761e-22, 3.03746082659e-22, 4.26599771185e-22, 4.90519819805e-22, 4.02823225823e-22, 8.38159082486e-22, 1.27653668583e-21, 1.82095754113e-21, 2.44855114449e-21], "var": [2.86280183587e-11, 1.03626234704e-06, 2.15395562009e-06, 2.80805829789e-06, 3.20761391777e-05, 3.59092919098e-05, 5.43946443941e-05, 1.59078899742e-05, 3.17017293128e-05, 1.62464202731e-05, 5.28405735167e-06, 2.67197378889e-06, 2.9265959256e-06, 1.78168568254e-06, 3.00365854855e-07, 2.24791406822e-07, 3.2051616472e-07, 3.01806153402e-07, 7.80112543453e-08, 2.18829985243e-08, 3.48592799071e-08, 1.33496556032e-07, 8.68816414368e-08, 2.12147153178e-08, 1.96741045677e-09, 2.90074742004e-10, 2.42633580358e-17]}, "erbbands": {"dmean": [0.00215759128332, 0.044276420027, 0.261117607355, 0.821979165077, 2.74825811386, 5.12885856628, 6.63115167618, 11.4611597061, 19.7050743103, 19.1127204895, 18.5442466736, 21.9023609161, 19.9771823883, 20.2671794891, 9.49113178253, 11.2709703445, 14.794511795, 11.9550266266, 11.0607318878, 4.32467269897, 4.47463464737, 4.67361450195, 4.5041270256, 2.0483250618, 1.51442909241, 1.13056433201, 0.816788971424, 1.26191735268, 1.82494771481, 1.37889158726, 0.738711059093, 0.400076061487, 0.139702752233, 0.0620300732553, 0.0300125516951, 0.0139348143712, 0.00485196290538, 0.000614043266978, 1.2110204807e-05, 5.759843134e-06], "dmean2": [0.00360341300257, 0.0751295536757, 0.432949721813, 1.27855348587, 4.30688476562, 7.87614631653, 9.60703468323, 17.0057621002, 29.4014911652, 28.3314323425, 26.6188049316, 31.3612480164, 29.0580749512, 29.9838924408, 14.0026578903, 16.8420886993, 22.2950115204, 17.9836082458, 16.2358055115, 6.66113376617, 6.71960783005, 7.12349414825, 6.61843156815, 2.99783015251, 2.1771633625, 1.65357100964, 1.18260776997, 1.80185747147, 2.58087253571, 1.97507929802, 1.04590594769, 0.560068845749, 0.201180577278, 0.088586345315, 0.0429408438504, 0.0202431436628, 0.00701784482226, 0.00090356200235, 1.74666911334e-05, 8.45780778036e-06], "dvar": [5.43459500477e-05, 0.0187426768243, 0.437677651644, 3.68943786621, 26.0530567169, 89.8773956299, 314.308227539, 1946.7545166, 6952.38574219, 5578.50683594, 2520.88354492, 4318.12548828, 3077.07568359, 3557.38989258, 908.352478027, 2190.89672852, 1982.48596191, 785.913696289, 919.956115723, 183.846160889, 318.861846924, 379.236694336, 191.479446411, 146.494338989, 70.7836303711, 21.5574569702, 14.2983808517, 40.2796173096, 65.4638671875, 56.4479141235, 32.653175354, 8.33172893524, 1.33538782597, 0.360898911953, 0.0319659560919, 0.0042232866399, 0.000353497278411, 4.49392246082e-06, 1.50157342116e-09, 9.87414455755e-11], "dvar2": [0.000137045819429, 0.0518657937646, 1.18508780003, 9.34277820587, 63.810546875, 204.97819519, 623.892211914, 3992.31323242, 15795.6845703, 12019.9003906, 5155.62011719, 8645.01953125, 6361.11669922, 7768.18017578, 2144.890625, 4883.69677734, 4012.33422852, 1656.16101074, 1962.84802246, 420.019073486, 707.871398926, 940.909729004, 404.443756104, 347.12197876, 121.704216003, 39.330696106, 28.4804782867, 75.8776779175, 111.466506958, 118.391654968, 63.7679367065, 16.8311023712, 2.63448500633, 0.842127740383, 0.0629969313741, 0.00779370777309, 0.000634666066617, 9.30993792281e-06, 2.90535129288e-09, 2.04376668367e-10], "max": [0.234853670001, 3.25825881958, 22.8593540192, 54.3605384827, 95.1170425415, 254.946212769, 520.692932129, 1665.59179688, 2992.24682617, 2083.57177734, 1049.43566895, 2071.24267578, 1496.88317871, 1673.79724121, 1324.85522461, 2349.81762695, 1012.0368042, 1000.18115234, 875.40411377, 447.267242432, 779.634399414, 704.724060059, 570.295898438, 688.952941895, 680.723571777, 199.665939331, 200.552932739, 223.462585449, 318.589263916, 255.232666016, 400.288238525, 137.584442139, 45.6105537415, 37.7258033752, 7.62819910049, 2.13308525085, 0.691226840019, 0.0785325989127, 0.0013012313284, 0.000217812310439], "mean": [0.00539698125795, 0.137440606952, 0.748599588871, 2.03648352623, 7.0845913887, 15.0597200394, 18.5365123749, 23.6938743591, 36.7925682068, 35.9124412537, 42.0470962524, 53.4227256775, 47.2311210632, 44.2557945251, 20.8764667511, 24.4586410522, 32.4025115967, 26.9636459351, 22.637304306, 8.6835193634, 9.38865852356, 10.7247610092, 10.2162017822, 4.15193510056, 2.82826113701, 2.16381859779, 1.48127126694, 2.34225749969, 3.45257687569, 2.35203313828, 1.19658696651, 0.650167644024, 0.207850694656, 0.0856615751982, 0.04926360026, 0.0252664871514, 0.00940991379321, 0.00111173233017, 3.1271676562e-05, 2.50319008046e-05], "median": [0.00127707712818, 0.0297467671335, 0.217701926827, 0.691849946976, 3.39721918106, 5.78299999237, 5.46368265152, 7.42748212814, 11.0395488739, 8.29992580414, 9.94980621338, 7.79571008682, 7.94480657578, 7.78613853455, 6.16923713684, 7.88569879532, 9.08215045929, 6.77688407898, 4.28431653976, 2.51434659958, 2.28464531898, 1.7278149128, 2.12710762024, 1.05618393421, 0.762908577919, 0.536730766296, 0.33931735158, 0.440245389938, 0.605289697647, 0.314791917801, 0.134340465069, 0.0695740059018, 0.0150778284296, 0.00659340806305, 0.00570587068796, 0.00356714054942, 0.00136951718014, 0.000116342678666, 1.32269997266e-05, 1.90069131349e-05], "min": [1.15808832476e-22, 1.39546328593e-21, 1.25947626745e-20, 1.21513607466e-19, 2.06853094555e-19, 1.52427246887e-19, 5.19599447136e-19, 2.01124261353e-19, 7.71716860012e-19, 9.59065152045e-19, 3.19071402059e-19, 1.78047566284e-18, 1.85642014885e-18, 1.50898402565e-18, 1.21085944749e-18, 2.11369751439e-18, 4.09238178202e-18, 9.9876971805e-18, 6.36301655171e-18, 6.9029694499e-18, 2.02965654318e-17, 1.01640545686e-17, 1.12403704012e-17, 1.46072320679e-17, 1.28459734651e-17, 1.36220276983e-17, 1.53296618364e-17, 1.91595709383e-17, 1.60944531784e-17, 1.62652924447e-17, 1.00020504185e-17, 1.25947868372e-17, 1.77706652066e-17, 1.17492750751e-17, 9.89371540084e-18, 6.41699091386e-18, 3.65043531075e-18, 1.20329415701e-18, 3.1740739901e-19, 4.16509672227e-20], "var": [0.000182433941518, 0.0857937410474, 2.38023304939, 11.6737556458, 104.895889282, 493.57019043, 1668.26367188, 4448.17138672, 9850.35546875, 11592.4267578, 7521.76513672, 19594.1074219, 11262.0332031, 13328.9492188, 2064.98242188, 4257.14404297, 5459.42333984, 2649.67333984, 2816.90966797, 393.722625732, 1040.37792969, 1343.75378418, 906.864074707, 245.399871826, 156.018341064, 57.5045890808, 33.2406425476, 100.581809998, 179.511444092, 130.869003296, 58.9666862488, 17.7124423981, 2.53710532188, 0.428663104773, 0.0596791580319, 0.00874292105436, 0.000850382493809, 1.03673100966e-05, 4.00983379834e-09, 5.42083378186e-10]}, "gfcc": {"mean": [-98.0118713379, 143.544967651, -135.502822876, 2.75061798096, -61.5603713989, -5.2521905899, -36.3890800476, -12.5431308746, -20.2614078522, -5.82340431213, -15.733253479, -0.633073329926, -15.9111261368], "cov": [[18151.0058594, -3422.91088867, -230.340530396, 465.308807373, -1815.40673828, 370.570831299, -791.701721191, 134.804855347, -612.220031738, 259.97756958, -1184.43188477, 395.080169678, -714.003723145], [-3422.91088867, 2915.14257812, -322.792541504, -615.764648438, 1024.8873291, -408.54309082, 351.466430664, -173.37046814, 161.049316406, -309.974884033, 484.751312256, -315.756866455, 284.153045654], [-230.340530396, -322.792541504, 505.288238525, 171.912124634, -99.4252090454, 192.130432129, -25.2799167633, 31.050611496, -1.54500210285, 73.453453064, -75.6133728027, 54.259185791, -62.7672615051], [465.308807373, -615.764648438, 171.912124634, 715.825439453, -160.887283325, 59.7723884583, -158.822555542, 47.5569801331, 37.8412361145, 34.5597381592, 15.4117937088, 50.5250892639, 19.5042266846], [-1815.40673828, 1024.8873291, -99.4252090454, -160.887283325, 585.638916016, -119.750915527, 155.47215271, 12.8642311096, 79.4323120117, -81.1447067261, 199.306167603, -99.174156189, 128.761260986], [370.570831299, -408.54309082, 192.130432129, 59.7723884583, -119.750915527, 376.680328369, 73.8365783691, 55.2214279175, -34.1112060547, 85.7551269531, -85.7838058472, 45.5531616211, -59.543762207], [-791.701721191, 351.466430664, -25.2799167633, -158.822555542, 155.47215271, 73.8365783691, 276.216339111, 14.2545175552, -1.459623456, 4.21356868744, 52.0155830383, -22.4370517731, 20.8307723999], [134.804855347, -173.37046814, 31.050611496, 47.5569801331, 12.8642311096, 55.2214279175, 14.2545175552, 144.680252075, 20.8620738983, 35.1355247498, -17.2747993469, 22.7684822083, 0.174351066351], [-612.220031738, 161.049316406, -1.54500210285, 37.8412361145, 79.4323120117, -34.1112060547, -1.459623456, 20.8620738983, 151.667877197, -3.18988370895, 55.9508857727, -7.03436231613, 32.0446968079], [259.97756958, -309.974884033, 73.453453064, 34.5597381592, -81.1447067261, 85.7551269531, 4.21356868744, 35.1355247498, -3.18988370895, 156.637496948, -33.316493988, 33.4940490723, -29.4642906189], [-1184.43188477, 484.751312256, -75.6133728027, 15.4117937088, 199.306167603, -85.7838058472, 52.0155830383, -17.2747993469, 55.9508857727, -33.316493988, 249.104171753, -29.3344650269, 104.428321838], [395.080169678, -315.756866455, 54.259185791, 50.5250892639, -99.174156189, 45.5531616211, -22.4370517731, 22.7684822083, -7.03436231613, 33.4940490723, -29.3344650269, 128.858917236, -26.2429695129], [-714.003723145, 284.153045654, -62.7672615051, 19.5042266846, 128.761260986, -59.543762207, 20.8307723999, 0.174351066351, 32.0446968079, -29.4642906189, 104.428321838, -26.2429695129, 148.522857666]], "icov": [[0.000166796642588, -0.000362052844139, 0.000408925901866, -0.000272033677902, 0.000471941457363, -0.000182819319889, 0.000432336470112, -0.000431046792073, 0.000537312589586, -0.000351302936906, 0.000678445619997, -0.000527297554072, 0.000404684105888], [-0.000362052844139, 0.0034514113795, -0.00149717449676, 0.00188778503798, -0.00340304616839, 0.00116756989155, -0.00205126288347, 0.00287984847091, -0.00221552443691, 0.00291796564125, -0.00331575376913, 0.00362136424519, -0.00149360578507], [0.000408925901866, -0.00149717449676, 0.00397881772369, -0.00154460978229, 0.00125439243857, -0.00187814352103, 0.0016413629055, -0.00114025117364, 0.00130250386428, -0.00186767592095, 0.00250746426173, -0.00237950193696, 0.00181024463382], [-0.000272033677902, 0.00188778503798, -0.00154460978229, 0.00310294469818, -0.0013324113097, 0.000386146828532, -0.000169681879925, 0.000995373236947, -0.00174842646811, 0.00174484308809, -0.00278678257018, 0.00201532500796, -0.00160825217608], [0.000471941457363, -0.00340304616839, 0.00125439243857, -0.0013324113097, 0.00711393682286, -0.000524035014678, 0.000845924834721, -0.00406556017697, 0.00163496681489, -0.00195774831809, 0.00188947410788, -0.00212568999268, 0.000547973846551], [-0.000182819319889, 0.00116756989155, -0.00187814352103, 0.000386146828532, -0.000524035014678, 0.00498201232404, -0.00275710294954, 5.33594793524e-05, -0.000360529142199, 8.59200645209e-06, -0.000641500984784, 0.00116097752471, -0.000383164122468], [0.000432336470112, -0.00205126288347, 0.0016413629055, -0.000169681879925, 0.000845924834721, -0.00275710294954, 0.00734027707949, -0.00215162010863, 0.00224695634097, -0.00212033651769, 0.00158862257376, -0.00236956961453, 0.00141202309169], [-0.000431046792073, 0.00287984847091, -0.00114025117364, 0.000995373236947, -0.00406556017697, 5.33594793524e-05, -0.00215162010863, 0.0109892403707, -0.00331636308692, 0.00101610645652, -0.00166899198666, 0.00178090203553, -0.00195435527712], [0.000537312589586, -0.00221552443691, 0.00130250386428, -0.00174842646811, 0.00163496681489, -0.000360529142199, 0.00224695634097, -0.00331636308692, 0.00998008903116, -0.00234751636162, 0.00178596156184, -0.00273554283194, 0.00137057446409], [-0.000351302936906, 0.00291796564125, -0.00186767592095, 0.00174484308809, -0.00195774831809, 8.59200645209e-06, -0.00212033651769, 0.00101610645652, -0.00234751636162, 0.0105924699455, -0.00332546350546, 0.00244630104862, -0.000914744625334], [0.000678445619997, -0.00331575376913, 0.00250746426173, -0.00278678257018, 0.00188947410788, -0.000641500984784, 0.00158862257376, -0.00166899198666, 0.00178596156184, -0.00332546350546, 0.0114889033139, -0.00454434845597, -0.00101123761851], [-0.000527297554072, 0.00362136424519, -0.00237950193696, 0.00201532500796, -0.00212568999268, 0.00116097752471, -0.00236956961453, 0.00178090203553, -0.00273554283194, 0.00244630104862, -0.00454434845597, 0.0135790836066, -0.00142495927867], [0.000404684105888, -0.00149360578507, 0.00181024463382, -0.00160825217608, 0.000547973846551, -0.000383164122468, 0.00141202309169, -0.00195435527712, 0.00137057446409, -0.000914744625334, -0.00101123761851, -0.00142495927867, 0.0116698499769]]}, "melbands": {"dmean": [3.09772331093e-05, 0.000111082779767, 0.000185312746908, 0.000273520563496, 0.000236245105043, 0.000251595425652, 0.000297281803796, 0.000206007840461, 0.000156914044055, 0.000139969110023, 0.00010594012565, 9.0676403488e-05, 3.37829915225e-05, 3.26852677972e-05, 3.24301763612e-05, 4.05968130508e-05, 2.30093537539e-05, 2.40326462517e-05, 9.03910040506e-06, 4.60977707917e-06, 5.79198194828e-06, 5.38738640898e-06, 4.92308390676e-06, 3.42515090779e-06, 1.65591177392e-06, 1.24928044443e-06, 1.03333093193e-06, 7.31839008949e-07, 5.04396155065e-07, 5.96478457737e-07, 8.61297394295e-07, 1.13877331387e-06, 9.35770742672e-07, 7.78956859904e-07, 5.12123676799e-07, 2.76814489553e-07, 2.3880744493e-07, 1.17413584633e-07, 5.35645767741e-08, 5.42102505108e-08], "dmean2": [5.23916278325e-05, 0.000185377983144, 0.000284823501715, 0.000428254134022, 0.00034566046088, 0.000373325543478, 0.000443795259343, 0.000305708672386, 0.000223860115511, 0.000200791764655, 0.000154678942636, 0.00013357460557, 4.94400810567e-05, 4.82423820358e-05, 5.01516842633e-05, 6.02927357249e-05, 3.49537112925e-05, 3.5347580706e-05, 1.41053233165e-05, 7.14982070349e-06, 8.78466380527e-06, 8.1989719547e-06, 7.40017867429e-06, 5.00319401908e-06, 2.48564947469e-06, 1.83274505616e-06, 1.52609834458e-06, 1.09535403681e-06, 7.51273887545e-07, 8.91393654001e-07, 1.25245526306e-06, 1.68635176578e-06, 1.33325761453e-06, 1.14300701171e-06, 7.46490513848e-07, 3.97389186446e-07, 3.43444838791e-07, 1.72452629954e-07, 7.66976597788e-08, 7.91727288174e-08], "dvar": [1.02422870185e-08, 7.81811237971e-08, 1.28198635707e-07, 2.11948176343e-07, 3.19855473663e-07, 8.57944883137e-07, 1.39218502682e-06, 5.29001454197e-07, 1.98066189228e-07, 1.61830328693e-07, 8.63725517775e-08, 6.7982526275e-08, 1.0684094498e-08, 1.66204898733e-08, 1.30116601937e-08, 1.64572853123e-08, 3.15888004643e-09, 4.50086945492e-09, 7.37788996563e-10, 2.81117462642e-10, 5.72757674622e-10, 5.28520949228e-10, 2.73359113123e-10, 1.64319571838e-10, 1.25976284959e-10, 7.77758066284e-11, 1.60039655139e-11, 1.02319775916e-11, 5.78989460542e-12, 9.01743350129e-12, 2.01923044257e-11, 2.63431394754e-11, 1.99292977954e-11, 2.29691612952e-11, 2.19348445657e-11, 2.95732860943e-12, 3.74592457747e-12, 1.02578264893e-12, 2.03467003987e-13, 3.31541868612e-13], "dvar2": [2.76083138573e-08, 2.12037221559e-07, 3.05127542788e-07, 5.31945488547e-07, 6.37736775388e-07, 1.7462203914e-06, 3.15062493428e-06, 1.1550129102e-06, 3.91734971572e-07, 3.23660032109e-07, 1.76865000867e-07, 1.47825616637e-07, 2.40570319221e-08, 3.43065131858e-08, 2.7861833729e-08, 3.23216582387e-08, 6.93829971254e-09, 9.58153290043e-09, 1.67694158559e-09, 6.52164378057e-10, 1.31228372613e-09, 1.25288057706e-09, 6.22187745769e-10, 3.43785444556e-10, 3.15966003361e-10, 1.48214149287e-10, 2.84861214478e-11, 1.90872560812e-11, 1.23524914256e-11, 1.98364085574e-11, 3.78595974015e-11, 4.96034394115e-11, 3.62816304778e-11, 5.38861108512e-11, 4.55729898263e-11, 5.81900413271e-12, 7.91582511345e-12, 2.04635982638e-12, 4.45705701079e-13, 8.07247823274e-13], "max": [0.00291350064799, 0.00888250209391, 0.00807870365679, 0.00878672208637, 0.0181305147707, 0.0326547473669, 0.0392775572836, 0.0189097002149, 0.010279417038, 0.0119172427803, 0.00727430125698, 0.00776637811214, 0.003494275501, 0.00570021942258, 0.00490892445669, 0.00316115166061, 0.0016782147577, 0.00171490141656, 0.00079820828978, 0.000618386082351, 0.00104742287658, 0.000965239887591, 0.000519313674886, 0.000638015801087, 0.000645289779641, 0.000743142969441, 0.00021408640896, 0.000160338473506, 0.000134731002618, 0.000109989094199, 0.000179986527655, 0.000189130994841, 0.000159532253747, 0.000205730335438, 0.000356707954779, 6.96281786077e-05, 0.000103116573882, 4.2905950977e-05, 1.98307316168e-05, 3.85625426134e-05], "mean": [8.80588922882e-05, 0.000326360139297, 0.000485729280626, 0.000782267248724, 0.000692251429427, 0.000521538429894, 0.000558981962968, 0.00040305298171, 0.000336461875122, 0.00034329330083, 0.000238055508817, 0.000192428356968, 7.38087765058e-05, 6.46694752504e-05, 6.71485395287e-05, 8.0289762991e-05, 4.73749714729e-05, 4.56483830931e-05, 1.54606605065e-05, 8.04574574431e-06, 1.11600493256e-05, 1.11364661279e-05, 1.05616036308e-05, 7.11639813744e-06, 2.94139567814e-06, 2.13855423681e-06, 1.84926216207e-06, 1.31014405724e-06, 8.59622502958e-07, 9.52362995577e-07, 1.50867560933e-06, 2.06341337616e-06, 1.63344941484e-06, 1.19384912978e-06, 7.51740628857e-07, 4.64133734113e-07, 3.64436459677e-07, 1.65753633041e-07, 7.08997873744e-08, 7.07643295073e-08], "median": [1.75370951183e-05, 9.54129645834e-05, 0.000187689845916, 0.000438860879513, 0.000226634583669, 0.000168181402842, 0.000163638833328, 7.53480635467e-05, 6.08840637142e-05, 4.0638835344e-05, 3.79824232368e-05, 3.08122580464e-05, 1.91878498299e-05, 1.91227190953e-05, 2.07158263947e-05, 1.71645879163e-05, 1.06560137283e-05, 6.56122847431e-06, 3.38484983331e-06, 2.05308265322e-06, 2.47462662628e-06, 1.48420519963e-06, 1.7408427766e-06, 1.43173247125e-06, 6.48363482014e-07, 5.07991956056e-07, 4.40101246113e-07, 2.71746813496e-07, 1.58848735055e-07, 1.77807294222e-07, 2.45806745625e-07, 3.42214008242e-07, 2.27631446137e-07, 1.294534826e-07, 6.53696474728e-08, 5.41443796465e-08, 2.96063671357e-08, 8.51158699078e-09, 3.5659373232e-09, 4.52707027421e-09], "min": [1.26556422543e-24, 4.37943389054e-24, 2.64283991141e-23, 1.04647447787e-23, 1.54760941197e-23, 5.92218549705e-24, 1.34440184045e-23, 8.58319792381e-24, 3.66374732845e-24, 1.06855343243e-23, 9.06455453729e-24, 5.92626154135e-24, 4.42725148317e-24, 3.95042017027e-24, 8.00207249393e-24, 9.35221503296e-24, 2.04097027961e-23, 9.93649196216e-24, 6.77317787603e-24, 1.43067277345e-23, 2.60974561871e-23, 1.03374565497e-23, 1.00758466077e-23, 8.92644629203e-24, 1.26975477289e-23, 8.37365674586e-24, 1.07195563175e-23, 8.66302039223e-24, 9.42864697721e-24, 8.54186950099e-24, 1.28251751682e-23, 1.08226501826e-23, 6.86044009164e-24, 9.38088618256e-24, 5.84059519135e-24, 5.26419543272e-24, 8.42544704201e-24, 1.14189059646e-23, 1.23815616047e-23, 9.10068909992e-24], "var": [3.94646306745e-08, 4.07972123639e-07, 5.31346927346e-07, 9.6035171282e-07, 1.99508713195e-06, 1.96634141503e-06, 2.0992363261e-06, 1.14591034617e-06, 5.88078307828e-07, 8.31402530821e-07, 3.18212414641e-07, 2.40304899535e-07, 3.41250263602e-08, 3.04394625061e-08, 3.25392726097e-08, 4.30845368271e-08, 9.48488754204e-09, 1.32134800879e-08, 1.52555634791e-09, 5.38185607191e-10, 1.58394863892e-09, 1.81546455646e-09, 9.81085102048e-10, 6.27512097839e-10, 1.67056493638e-10, 1.4188918096e-10, 3.92016627493e-11, 2.58796820779e-11, 1.21512808496e-11, 1.81522765569e-11, 4.6205674703e-11, 6.37772820666e-11, 4.98160471207e-11, 4.36141747717e-11, 3.2838655406e-11, 6.55204579827e-12, 7.32136139908e-12, 1.93265108778e-12, 2.76664921441e-13, 3.47392795953e-13]}, "mfcc": {"mean": [-728.459411621, 167.151473999, -12.9391937256, 6.61353969574, -12.6438989639, 5.37945985794, -15.8753194809, -0.303072601557, -14.1918401718, -7.14587593079, -0.804097115993, -4.74061346054, -7.32978916168], "cov": [[11462.8408203, -309.89050293, -939.464294434, 463.431945801, -1091.45397949, 272.122131348, -782.75982666, 231.376449585, -295.488739014, -62.896194458, 50.5294265747, -258.977142334, -429.314422607], [-309.89050293, 2022.72680664, -385.635894775, -327.496337891, 166.453460693, -109.758468628, 211.90435791, -10.2218294144, -33.126411438, -54.6474571228, 8.66275596619, -31.1771564484, -35.5819015503], [-939.464294434, -385.635894775, 553.181640625, 49.3519363403, 79.6924285889, 96.4009552002, 27.561920166, -4.19287538528, 57.1394844055, 7.11756801605, 10.1183872223, 57.8397254944, 81.9200820923], [463.431945801, -327.496337891, 49.3519363403, 454.835235596, 74.1673965454, -25.5610294342, -94.9516448975, -18.8096351624, -6.76455354691, -32.438709259, -44.8785057068, 62.781917572, 90.2180328369], [-1091.45397949, 166.453460693, 79.6924285889, 74.1673965454, 433.181671143, -89.8165588379, 81.1595306396, -24.8167209625, 46.377746582, 7.35278367996, -35.2024040222, 68.1410522461, 129.920196533], [272.122131348, -109.758468628, 96.4009552002, -25.5610294342, -89.8165588379, 229.265213013, 41.8153533936, 45.7733726501, 26.2239284515, 24.7847614288, 60.7257080078, -13.2924623489, -67.2856903076], [-782.75982666, 211.90435791, 27.561920166, -94.9516448975, 81.1595306396, 41.8153533936, 315.714141846, 25.0841312408, 44.2735023499, 39.5757369995, 31.3133640289, 18.7437534332, 15.0880918503], [231.376449585, -10.2218294144, -4.19287538528, -18.8096351624, -24.8167209625, 45.7733726501, 25.0841312408, 171.750656128, 15.3763532639, 12.3749084473, 24.9899673462, -5.62923955917, -26.9704971313], [-295.488739014, -33.126411438, 57.1394844055, -6.76455354691, 46.377746582, 26.2239284515, 44.2735023499, 15.3763532639, 142.176712036, 41.0088157654, 9.19218349457, 8.21962165833, 4.47073316574], [-62.896194458, -54.6474571228, 7.11756801605, -32.438709259, 7.35278367996, 24.7847614288, 39.5757369995, 12.3749084473, 41.0088157654, 151.263946533, 24.4463844299, -18.8017711639, -24.2216930389], [50.5294265747, 8.66275596619, 10.1183872223, -44.8785057068, -35.2024040222, 60.7257080078, 31.3133640289, 24.9899673462, 9.19218349457, 24.4463844299, 132.075271606, 8.57872581482, -20.0072040558], [-258.977142334, -31.1771564484, 57.8397254944, 62.781917572, 68.1410522461, -13.2924623489, 18.7437534332, -5.62923955917, 8.21962165833, -18.8017711639, 8.57872581482, 110.720222473, 55.9992980957], [-429.314422607, -35.5819015503, 81.9200820923, 90.2180328369, 129.920196533, -67.2856903076, 15.0880918503, -26.9704971313, 4.47073316574, -24.2216930389, -20.0072040558, 55.9992980957, 173.467483521]], "icov": [[0.000193152125576, -4.01223405788e-05, 0.000281500426354, -0.00028511826531, 0.000323253392708, -0.000285983114736, 0.000350016518496, -0.00021405093139, 0.000140336254844, -6.91577952239e-05, -1.76322082552e-05, 0.000124353333376, 1.29406271299e-05], [-4.01223405788e-05, 0.000785973563325, 0.000477779220091, 0.000563448353205, -0.000519982946571, 0.000130449305288, -0.000461487536086, 0.000116279130452, 7.07570216036e-05, 0.000490592035931, -7.4730203778e-05, 1.38478862937e-05, 9.51023830567e-05], [0.000281500426354, 0.000477779220091, 0.00323109375313, 7.5718970038e-05, -5.98178521614e-05, -0.00203314516693, 0.000505731266458, -5.1119550335e-05, -0.000338289013598, 0.000128179133753, 0.000279906904325, -0.000532724370714, -0.00133546639699], [-0.00028511826531, 0.000563448353205, 7.5718970038e-05, 0.00366529379971, -0.000983366393484, -0.000219102483243, 0.000298486935208, 0.000310177128995, -0.000120118085761, 0.000361135345884, 0.000869886833243, -0.00145458639599, -0.00123488542158], [0.000323253392708, -0.000519982946571, -5.98178521614e-05, -0.000983366393484, 0.00434004236013, 0.000546327442862, -4.4268927013e-05, -0.000335047458066, -0.000653974653687, -0.000786983408034, 0.000546589144506, -0.000706450955477, -0.00165573635604], [-0.000285983114736, 0.000130449305288, -0.00203314516693, -0.000219102483243, 0.000546327442862, 0.00772019801661, -0.00163416564465, -0.000591224932577, -0.00080445734784, 0.000225487310672, -0.00231543160044, 0.000293531396892, 0.00271908822469], [0.000350016518496, -0.000461487536086, 0.000505731266458, 0.000298486935208, -4.4268927013e-05, -0.00163416564465, 0.00494061689824, -0.000748798600398, -0.000354573130608, -0.00100080482662, -0.000199822810828, -0.000537118117791, -0.000749604718294], [-0.00021405093139, 0.000116279130452, -5.1119550335e-05, 0.000310177128995, -0.000335047458066, -0.000591224932577, -0.000748798600398, 0.00657490454614, -0.000645366089884, 0.000122654571896, -0.000596049299929, -0.000148039660417, 0.000478719506646], [0.000140336254844, 7.07570216036e-05, -0.000338289013598, -0.000120118085761, -0.000653974653687, -0.00080445734784, -0.000354573130608, -0.000645366089884, 0.00856685079634, -0.00194216077216, 0.000146563994349, -0.000192301726202, 0.000279326894088], [-6.91577952239e-05, 0.000490592035931, 0.000128179133753, 0.000361135345884, -0.000786983408034, 0.000225487310672, -0.00100080482662, 0.000122654571896, -0.00194216077216, 0.00817349180579, -0.00131421315018, 0.00151192885824, 0.00101579725742], [-1.76322082552e-05, -7.4730203778e-05, 0.000279906904325, 0.000869886833243, 0.000546589144506, -0.00231543160044, -0.000199822810828, -0.000596049299929, 0.000146563994349, -0.00131421315018, 0.00952597148716, -0.00205662497319, -0.000451021536719], [0.000124353333376, 1.38478862937e-05, -0.000532724370714, -0.00145458639599, -0.000706450955477, 0.000293531396892, -0.000537118117791, -0.000148039660417, -0.000192301726202, 0.00151192885824, -0.00205662497319, 0.0124532775953, -0.00205598562025], [1.29406271299e-05, 9.51023830567e-05, -0.00133546639699, -0.00123488542158, -0.00165573635604, 0.00271908822469, -0.000749604718294, 0.000478719506646, 0.000279326894088, 0.00101579725742, -0.000451021536719, -0.00205598562025, 0.0102699724957]]}, "spectral_contrast_coeffs": {"dmean": [0.0389315709472, 0.0392216593027, 0.0325226373971, 0.0276150796562, 0.0203008446842, 0.0239964425564], "dmean2": [0.0637813955545, 0.0624839067459, 0.0510622635484, 0.0440611541271, 0.0317677780986, 0.0377114973962], "dvar": [0.00127763079945, 0.00130175566301, 0.000804351235274, 0.000605493201874, 0.000326326815411, 0.000513258913998], "dvar2": [0.00308588799089, 0.00300843385048, 0.00183418008965, 0.0013963180827, 0.000714459456503, 0.00121110165492], "max": [-0.194127574563, -0.330543518066, -0.423586755991, -0.499393135309, -0.556019544601, -0.480780661106], "mean": [-0.556107401848, -0.680585980415, -0.729443669319, -0.739189982414, -0.763122141361, -0.721239030361], "median": [-0.552649378777, -0.686166644096, -0.741803050041, -0.743384242058, -0.764424145222, -0.718810617924], "min": [-0.978500187397, -0.98871999979, -0.965185582638, -0.960693240166, -0.955363571644, -0.962675690651], "var": [0.0122454753146, 0.00825421605259, 0.00740850670263, 0.00446754833683, 0.00271614803933, 0.00436756806448]}, "spectral_contrast_valleys": {"dmean": [0.346307396889, 0.296294361353, 0.26407828927, 0.2524728477, 0.229023635387, 0.360250324011], "dmean2": [0.579068183899, 0.487964004278, 0.427317798138, 0.399049907923, 0.33440515399, 0.511829972267], "dvar": [0.118407301605, 0.0887537151575, 0.0740373656154, 0.0747625604272,