{"lowlevel": {"average_loudness": 0.920800209045, "barkbands_crest": {"dmean": 1.81289625168, "dmean2": 2.83954071999, "dvar": 4.01180028915, "dvar2": 10.2962970734, "max": 25.9626522064, "mean": 13.2020635605, "median": 12.5918951035, "min": 4.07439661026, "var": 17.8492431641}, "barkbands_flatness_db": {"dmean": 0.0381762422621, "dmean2": 0.054932769388, "dvar": 0.00171649677213, "dvar2": 0.00393188046291, "max": 0.603657782078, "mean": 0.333393096924, "median": 0.331290662289, "min": 0.0309020988643, "var": 0.00786964409053}, "barkbands_kurtosis": {"dmean": 4.08767747879, "dmean2": 6.45688533783, "dvar": 42.8625984192, "dvar2": 106.873634338, "max": 139.443222046, "mean": 10.8505706787, "median": 7.72747898102, "min": -1.58988404274, "var": 149.697967529}, "barkbands_skewness": {"dmean": 0.468097925186, "dmean2": 0.713004529476, "dvar": 0.296467423439, "dvar2": 0.706652879715, "max": 9.21742916107, "mean": 1.83028566837, "median": 1.76769208908, "min": -2.19309043884, "var": 1.72885298729}, "barkbands_spread": {"dmean": 1.19359970093, "dmean2": 1.72264564037, "dvar": 6.44334030151, "dvar2": 13.3846998215, "max": 99.6306533813, "mean": 5.05805063248, "median": 3.27588748932, "min": 0.266732186079, "var": 26.6576290131}, "dissonance": {"dmean": 0.0399018265307, "dmean2": 0.0648275464773, "dvar": 0.00143215723801, "dvar2": 0.00351680791937, "max": 0.496865957975, "mean": 0.337826579809, "median": 0.344872266054, "min": 0.0975037291646, "var": 0.00582258077338}, "dynamic_complexity": 4.02874612808, "erbbands_crest": {"dmean": 2.27547597885, "dmean2": 3.51574516296, "dvar": 6.48261547089, "dvar2": 14.8073406219, "max": 32.1748809814, "mean": 15.0354032516, "median": 13.830368042, "min": 1.9220252037, "var": 32.8186988831}, "erbbands_flatness_db": {"dmean": 0.0330648384988, "dmean2": 0.0461734384298, "dvar": 0.00138693314511, "dvar2": 0.0032642877195, "max": 0.570048511028, "mean": 0.311729311943, "median": 0.311340391636, "min": 0.0484190657735, "var": 0.00577565003186}, "erbbands_kurtosis": {"dmean": 1.96074652672, "dmean2": 3.03326249123, "dvar": 8.39374637604, "dvar2": 19.5715618134, "max": 213.417251587, "mean": 6.691634655, "median": 3.0390458107, "min": -1.59282934666, "var": 292.606170654}, "erbbands_skewness": {"dmean": 0.36164778471, "dmean2": 0.542870461941, "dvar": 0.155726209283, "dvar2": 0.366397798061, "max": 11.2036895752, "mean": 1.5102878809, "median": 1.39324915409, "min": -1.13680565357, "var": 1.23278808594}, "erbbands_spread": {"dmean": 3.17901039124, "dmean2": 4.61081409454, "dvar": 24.1933174133, "dvar2": 49.4540252686, "max": 80.0942459106, "mean": 14.9477624893, "median": 11.8221282959, "min": 0.461565285921, "var": 128.074966431}, "hfc": {"dmean": 2.95795917511, "dmean2": 4.20221471786, "dvar": 25.7592430115, "dvar2": 56.9182357788, "max": 82.1630554199, "mean": 8.79094409943, "median": 7.27177667618, "min": 1.13063850389e-16, "var": 54.9416503906}, "melbands_crest": {"dmean": 2.35027861595, "dmean2": 3.69069814682, "dvar": 6.16933345795, "dvar2": 15.2396707535, "max": 33.2824707031, "mean": 17.5135593414, "median": 17.0695724487, "min": 2.96686911583, "var": 29.8252754211}, "melbands_flatness_db": {"dmean": 0.0391010455787, "dmean2": 0.0535427778959, "dvar": 0.0018966171192, "dvar2": 0.00426487112418, "max": 0.741610705853, "mean": 0.416629850864, "median": 0.411832600832, "min": 0.00817244313657, "var": 0.0111355120316}, "melbands_kurtosis": {"dmean": 4.39005184174, "dmean2": 6.77242612839, "dvar": 41.0108909607, "dvar2": 96.420501709, "max": 103.030464172, "mean": 12.2532758713, "median": 8.84554100037, "min": -1.37840640545, "var": 145.238037109}, "melbands_skewness": {"dmean": 0.465544134378, "dmean2": 0.701132714748, "dvar": 0.286911249161, "dvar2": 0.657793223858, "max": 7.64260435104, "mean": 1.95753490925, "median": 1.81187558174, "min": -1.90785229206, "var": 1.74181258678}, "melbands_spread": {"dmean": 1.44466495514, "dmean2": 2.05082798004, "dvar": 13.0816173553, "dvar2": 17.0009860992, "max": 157.69052124, "mean": 6.25678920746, "median": 4.17311000824, "min": 0.290536105633, "var": 44.9728240967}, "pitch_salience": {"dmean": 0.0534584112465, "dmean2": 0.0863948389888, "dvar": 0.004202935379, "dvar2": 0.0107969064265, "max": 0.866062819958, "mean": 0.492382854223, "median": 0.496428340673, "min": 0.0816665738821, "var": 0.013562168926}, "silence_rate_20dB": {"dmean": 0, "dmean2": 0, "dvar": 0, "dvar2": 0, "max": 1, "mean": 1, "median": 1, "min": 1, "var": 0}, "silence_rate_30dB": {"dmean": 0.0144861927256, "dmean2": 0.0289789456874, "dvar": 0.0142762986943, "dvar2": 0.0358365438879, "max": 1, "mean": 0.989364087582, "median": 1, "min": 0, "var": 0.0105230258778}, "silence_rate_60dB": {"dmean": 0.0239927563816, "dmean2": 0.0477699786425, "dvar": 0.023415075615, "dvar2": 0.0540957711637, "max": 1, "mean": 0.0880289673805, "median": 0, "min": 0, "var": 0.080281548202}, "spectral_centroid": {"dmean": 62.8493881226, "dmean2": 85.2828598022, "dvar": 42425.625, "dvar2": 52534.65625, "max": 11128.2089844, "mean": 470.281097412, "median": 373.04800415, "min": 180.447387695, "var": 109644.828125}, "spectral_complexity": {"dmean": 1.25305569172, "dmean2": 1.95856916904, "dvar": 2.38780713081, "dvar2": 4.75148916245, "max": 19, "mean": 7.58067417145, "median": 7, "min": 0, "var": 9.95056819916}, "spectral_decrease": {"dmean": 2.36653829866e-09, "dmean2": 3.49964168755e-09, "dvar": 1.93285788267e-17, "dvar2": 4.33060516622e-17, "max": -9.09266885615e-30, "mean": -7.05460712069e-09, "median": -5.6737801124e-09, "min": -5.81023194002e-08, "var": 3.92277799271e-17}, "spectral_energy": {"dmean": 0.0091876424849, "dmean2": 0.013573824428, "dvar": 0.000289338175207, "dvar2": 0.000648001674563, "max": 0.226743742824, "mean": 0.0274230521172, "median": 0.0220857039094, "min": 1.02895508633e-20, "var": 0.000587453600019}, "spectral_energyband_high": {"dmean": 3.15729303111e-05, "dmean2": 4.84538504679e-05, "dvar": 9.76745972991e-09, "dvar2": 2.43695517099e-08, "max": 0.00176402425859, "mean": 4.36188456661e-05, "median": 6.43489056529e-06, "min": 7.44720237446e-21, "var": 1.45137688534e-08}, "spectral_energyband_low": {"dmean": 0.00214480794966, "dmean2": 0.00312208198011, "dvar": 1.77615365828e-05, "dvar2": 3.617841503e-05, "max": 0.0727133229375, "mean": 0.00557695096359, "median": 0.002810546197, "min": 1.04397429368e-22, "var": 5.53947829758e-05}, "spectral_energyband_middle_high": {"dmean": 0.000486219825689, "dmean2": 0.000659010314848, "dvar": 8.93324056506e-07, "dvar2": 1.80118524895e-06, "max": 0.0139318397269, "mean": 0.00123712362256, "median": 0.000639612320811, "min": 1.41307853732e-21, "var": 2.49064669333e-06}, "spectral_energyband_middle_low": {"dmean": 0.0079981405288, "dmean2": 0.0121107781306, "dvar": 0.0002511353523, "dvar2": 0.000578164122999, "max": 0.219660162926, "mean": 0.0226515661925, "median": 0.0179957859218, "min": 4.34116896171e-22, "var": 0.000477576861158}, "spectral_entropy": {"dmean": 0.32200306654, "dmean2": 0.488004207611, "dvar": 0.158928781748, "dvar2": 0.399876922369, "max": 9.81018352509, "mean": 5.48991537094, "median": 5.48308706284, "min": 3.27305984497, "var": 0.50575196743}, "spectral_flux": {"dmean": 0.0287527814507, "dmean2": 0.0457572937012, "dvar": 0.00176347082015, "dvar2": 0.00434240372851, "max": 0.386595994234, "mean": 0.0485936515033, "median": 0.0326857864857, "min": 1.01437420963e-10, "var": 0.00239079003222}, "spectral_kurtosis": {"dmean": 22.7694740295, "dmean2": 36.9164657593, "dvar": 921.214355469, "dvar2": 2287.46557617, "max": 519.141418457, "mean": 47.2273178101, "median": 30.1084060669, "min": -1.20767116547, "var": 2530.37084961}, "spectral_rms": {"dmean": 0.000770089158323, "dmean2": 0.00110456801485, "dvar": 1.36374183057e-06, "dvar2": 2.88072260446e-06, "max": 0.0148732447997, "mean": 0.00465597398579, "median": 0.0046418774873, "min": 3.16837289911e-12, "var": 5.0760600061e-06}, "spectral_rolloff": {"dmean": 80.0250091553, "dmean2": 135.073486328, "dvar": 157603.828125, "dvar2": 211146.828125, "max": 18949.21875, "mean": 506.276885986, "median": 387.59765625, "min": 107.666015625, "var": 295228.21875}, "spectral_skewness": {"dmean": 1.25151228905, "dmean2": 2.04163193703, "dvar": 1.79999542236, "dvar2": 4.16351890564, "max": 18.7147464752, "mean": 4.70403671265, "median": 4.01248073578, "min": -0.0180848538876, "var": 6.83905744553}, "spectral_spread": {"dmean": 558389.1875, "dmean2": 880026.5625, "dvar": 652989300736, "dvar2": 1100785123330.0, "max": 40294812, "mean": 1959200.25, "median": 1738604.625, "min": 250572.921875, "var": 1484228263940.0}, "spectral_strongpeak": {"dmean": 0.303617656231, "dmean2": 0.489472270012, "dvar": 0.202325746417, "dvar2": 0.494958102703, "max": 4.86345911026, "mean": 1.08974969387, "median": 0.990375995636, "min": 0, "var": 0.483021527529}, "zerocrossingrate": {"dmean": 0.00304717128165, "dmean2": 0.00358279258944, "dvar": 7.21490650903e-05, "dvar2": 7.18936498743e-05, "max": 0.51220703125, "mean": 0.0222535375506, "median": 0.017578125, "min": 0.00390625, "var": 0.000516077969223}, "barkbands": {"dmean": [1.65988728895e-06, 0.000563576002605, 0.00119142245967, 0.00152170250658, 0.00412559369579, 0.00236890674569, 0.000856376136653, 0.000350493646692, 0.000171427775058, 0.000142098069773, 0.000204562049475, 0.000127697043354, 6.49813810014e-05, 1.49357074406e-05, 1.78547397809e-05, 5.4448805713e-06, 2.22661037697e-05, 7.61998944654e-06, 1.1566548892e-05, 4.05796963605e-05, 8.14866143628e-06, 9.28230838326e-06, 2.41759858e-06, 2.97679753203e-06, 1.52675340814e-06, 3.71564937041e-07, 4.47887273936e-08], "dmean2": [2.85363944386e-06, 0.000729161605705, 0.00180953985546, 0.00240103784017, 0.00656417105347, 0.003528323723, 0.00140587217174, 0.000490145466756, 0.000223377603106, 0.000166543512023, 0.00028497268795, 0.000186760938959, 9.57258234848e-05, 2.1892334189e-05, 2.63274741883e-05, 8.66990194481e-06, 3.018714051e-05, 1.1358415577e-05, 1.65639503393e-05, 5.07334334543e-05, 1.19879232443e-05, 1.36959761221e-05, 3.77123183171e-06, 5.00279475091e-06, 2.65893186224e-06, 6.92350567988e-07, 8.49887058507e-08], "dvar": [7.04296213364e-12, 1.49047502873e-06, 6.28901079835e-06, 1.90372174984e-05, 0.000126848841319, 2.26310385187e-05, 6.1567739067e-06, 9.87722160062e-07, 1.46894890918e-07, 1.48501115405e-07, 3.08078227818e-07, 1.30876046001e-07, 9.58598747047e-08, 1.15820975033e-09, 3.06091307856e-09, 1.80090456436e-10, 3.2141200812e-09, 8.02224120466e-10, 1.65803681895e-09, 2.72807501034e-08, 7.16160186709e-10, 1.2435942276e-09, 1.25292332065e-10, 1.861891058e-10, 3.28360706681e-11, 1.92459394775e-12, 5.30653300435e-14], "dvar2": [1.87127396911e-11, 2.20388187699e-06, 1.38011037052e-05, 4.28309540439e-05, 0.00030295617762, 5.5554381106e-05, 1.59162882483e-05, 1.94591802938e-06, 2.57615823784e-07, 1.81894336038e-07, 6.13590316334e-07, 2.72689902658e-07, 2.09679839713e-07, 2.55562770946e-09, 5.82186832077e-09, 4.35620206574e-10, 5.69158009611e-09, 1.76432524146e-09, 3.2402194261e-09, 4.92219776049e-08, 1.75106329436e-09, 2.87059598314e-09, 3.00224595184e-10, 4.90647633633e-10, 8.97693308577e-11, 5.46321494987e-12, 1.51397639e-13], "max": [4.42927594122e-05, 0.0306611098349, 0.054980546236, 0.0759068578482, 0.162741407752, 0.0928400307894, 0.0567967779934, 0.0225588176399, 0.00617187330499, 0.00782463140786, 0.0100549440831, 0.00786307826638, 0.00912320613861, 0.000663579558022, 0.00102455168962, 0.000261589069851, 0.00148409570102, 0.000928657769691, 0.00100368645508, 0.00313244294375, 0.000713269633707, 0.000652225513477, 0.0003479346924, 0.000228224496823, 0.00010267644393, 2.17736487684e-05, 6.35310379948e-06], "mean": [1.7805942889e-06, 0.0012178842444, 0.00243133935146, 0.00371446018107, 0.00835325475782, 0.00762138422579, 0.00147627305705, 0.000677365693264, 0.000447592727141, 0.000463615637273, 0.000380989571568, 0.000279765721643, 0.000123315840028, 3.1674571801e-05, 3.42342173099e-05, 8.30277622299e-06, 4.09540662076e-05, 1.14125132313e-05, 1.81041577889e-05, 6.25857428531e-05, 1.06317411337e-05, 1.04539640233e-05, 2.21956179303e-06, 2.21155164581e-06, 1.04170237591e-06, 2.2052452664e-07, 2.62113655225e-08], "median": [6.97154405316e-07, 0.000272208126262, 0.00111771340016, 0.000856434868183, 0.00283969775774, 0.00468002539128, 0.00063602917362, 0.000159469680511, 0.000101298996015, 0.000111610512249, 4.32119632023e-05, 4.9584912631e-05, 1.9708828404e-05, 8.64120102051e-06, 7.17253078619e-06, 2.45941760113e-06, 7.22477170711e-06, 1.99653095478e-06, 3.19212153954e-06, 3.77854894396e-06, 1.36762560032e-06, 7.88700901921e-07, 1.17513565101e-07, 5.18511207304e-08, 1.37359874586e-08, 2.6338526915e-09, 8.36303248875e-10], "min": [7.13839128729e-24, 2.43335316486e-23, 4.19098637988e-23, 4.94458110056e-23, 6.7354944639e-23, 1.64554983812e-22, 2.69166061956e-23, 4.04191880561e-23, 3.75878905366e-23, 1.69332842947e-22, 1.00464818915e-22, 6.16981619272e-23, 1.16786641345e-22, 1.51600600327e-22, 1.46561685031e-22, 1.34784483965e-22, 1.27527418021e-22, 1.73591808311e-22, 1.38568176411e-22, 3.30574926501e-22, 2.38619442886e-22, 3.8538465403e-22, 8.30122445263e-22, 8.56585005209e-22, 1.12466149879e-21, 1.69725324598e-21, 2.2278055984e-21], "var": [9.28654896037e-12, 7.54971188144e-06, 1.66231420735e-05, 4.53413958894e-05, 0.000211178223253, 7.28311497369e-05, 7.34264813218e-06, 2.31275225815e-06, 5.85273710385e-07, 9.77498416432e-07, 6.91987793289e-07, 4.60341965436e-07, 1.83680853638e-07, 3.4200422494e-09, 6.21572526782e-09, 2.48957132687e-10, 9.36369559668e-09, 1.75629477628e-09, 3.77769238114e-09, 5.44078666564e-08, 1.1932539401e-09, 1.51758705602e-09, 1.28298371926e-10, 1.37016592516e-10, 2.15072040038e-11, 1.11300248531e-12, 3.02630709663e-14]}, "erbbands": {"dmean": [0.00285892537795, 0.183698877692, 1.29960346222, 2.97843384743, 13.5222702026, 10.6103591919, 13.9153289795, 19.7768344879, 18.0376987457, 9.92905712128, 4.14163589478, 4.13269662857, 5.59388160706, 4.56553697586, 6.83982133865, 4.99678277969, 3.89941358566, 0.979546010494, 0.523090958595, 0.900306224823, 0.352389037609, 1.18688571453, 0.582852780819, 0.777064979076, 1.34936833382, 1.3367638588, 0.723286569118, 0.22628775239, 0.316835194826, 0.255086183548, 0.0586716867983, 0.0640583336353, 0.0420648343861, 0.0281388778239, 0.00522947032005, 0.00225980533287, 0.000578152074013, 8.42832887429e-05, 1.16182327474e-05, 1.03326810859e-05], "dmean2": [0.00371440919116, 0.24191519618, 1.899990201, 4.65207386017, 21.652967453, 16.9185371399, 22.0981998444, 27.8061485291, 29.2246551514, 14.1941776276, 5.82198667526, 5.34589958191, 6.53186130524, 6.24939632416, 9.92516708374, 7.1220536232, 5.42825698853, 1.42357313633, 0.790701389313, 1.32676231861, 0.525818109512, 1.59775078297, 0.811498045921, 1.13354802132, 1.81081843376, 1.71644330025, 1.09872937202, 0.336331725121, 0.488031923771, 0.374691456556, 0.0895370766521, 0.10752838105, 0.0707846432924, 0.049320731312, 0.00924942549318, 0.00415249820799, 0.00107795628719, 0.000158553142683, 1.99648184207e-05, 1.52666816575e-05], "dvar": [3.52631395799e-05, 0.154584378004, 7.55080604553, 55.7687454224, 1510.49853516, 893.477661133, 1167.03955078, 1959.46154785, 3394.8684082, 577.662658691, 69.087348938, 100.76007843, 238.602767944, 147.999053955, 438.330566406, 173.682235718, 255.055801392, 4.32077026367, 0.965073645115, 11.6545667648, 0.449642330408, 10.2332229614, 3.95145249367, 9.40484905243, 34.719127655, 34.7439079285, 5.55186891556, 0.419594824314, 1.34561347961, 1.07460141182, 0.0489915497601, 0.0900887027383, 0.0345810838044, 0.0133173018694, 0.000356167467544, 6.79653530824e-05, 6.3317211243e-06, 1.56937531415e-07, 1.56293433751e-09, 3.5304992263e-10], "dvar2": [5.25852119608e-05, 0.238078340888, 15.0189285278, 123.345825195, 3438.16992188, 2261.5144043, 3248.39941406, 3986.22094727, 8664.34277344, 1190.90002441, 146.601760864, 171.617416382, 303.989074707, 297.514892578, 955.134338379, 361.286346436, 541.315734863, 9.61569404602, 2.20702981949, 21.4107303619, 0.947521567345, 17.6827659607, 8.21894359589, 18.7600650787, 60.2289085388, 67.681022644, 13.0186033249, 1.01480293274, 3.26717305183, 2.42072224617, 0.116701141, 0.230998501182, 0.092423312366, 0.0368292145431, 0.000964505015872, 0.000190402948647, 1.806621367e-05, 4.47405284376e-07, 4.43235093073e-09, 7.89528276091e-10], "max": [0.178570330143, 8.87781047821, 62.3459205627, 112.940361023, 508.550567627, 481.93371582, 534.645874023, 871.068054199, 1516.00085449, 485.473297119, 160.881088257, 172.224075317, 304.578735352, 281.556915283, 400.405029297, 283.010986328, 449.515289307, 35.4122962952, 16.8501873016, 61.5109977722, 9.81758785248, 56.3633842468, 64.6579971313, 79.4539108276, 108.780418396, 203.744277954, 50.9543304443, 17.8015060425, 23.0840129852, 17.7992687225, 5.09021949768, 4.68389606476, 3.44797611237, 2.3640255928, 0.382710337639, 0.129664987326, 0.0485188476741, 0.00894374214113, 0.000909046677407, 0.000252252473729], "mean": [0.00707556819543, 0.391622900963, 2.6139819622, 8.5002746582, 21.7755641937, 24.5811424255, 47.4442863464, 59.8784942627, 34.8725967407, 19.20703125, 8.90510845184, 11.2420024872, 18.1612663269, 10.9292869568, 11.6944026947, 11.5417251587, 8.61871433258, 2.17378282547, 1.18944728374, 1.58258926868, 0.598938763142, 2.14819455147, 1.14098167419, 1.19956636429, 1.92298197746, 2.04984545708, 1.03621304035, 0.272735476494, 0.352077811956, 0.281473219395, 0.0558189898729, 0.0505939200521, 0.0306254569441, 0.0190830063075, 0.00345839187503, 0.00138938322198, 0.000348186382325, 5.07267395733e-05, 1.75150416908e-05, 3.05652683892e-05], "median": [0.00168962019961, 0.0974602177739, 1.14512836933, 2.9355866909, 5.78717517853, 7.64240789413, 18.0323982239, 32.5762176514, 13.886097908, 6.51306724548, 3.84236383438, 2.94688677788, 4.53045558929, 3.27261853218, 2.14043331146, 3.06071066856, 1.44516789913, 0.835703253746, 0.58286768198, 0.33123499155, 0.29477250576, 0.384367793798, 0.272847980261, 0.209673881531, 0.207732334733, 0.181885287166, 0.115421503782, 0.0443192906678, 0.0314861722291, 0.0138041526079, 0.00350878550671, 0.0016102315858, 0.000671627407428, 0.000265017501079, 6.90343731549e-05, 3.16026053042e-05, 1.31536990011e-05, 2.13095631807e-06, 1.16267701742e-05, 2.480713556e-05], "min": [1.03390478083e-21, 4.88152439393e-21, 3.58333251953e-20, 1.31679502098e-19, 1.07152802067e-19, 3.05533712455e-19, 7.23190464473e-19, 1.58860863821e-18, 4.92900176613e-19, 8.33405560253e-19, 5.50423040193e-19, 8.27341550881e-19, 4.60685834452e-18, 3.37252475201e-18, 4.10367817405e-18, 2.85499010278e-18, 4.84839136107e-18, 5.35724226823e-18, 8.11306437572e-18, 9.0938830337e-18, 7.63583079311e-18, 7.43783932323e-18, 1.00090516752e-17, 6.814706797e-18, 8.27269948059e-18, 1.68209791453e-17, 1.06999600721e-17, 1.04226270922e-17, 1.33459669222e-17, 2.49775193069e-17, 2.184936873e-17, 1.42291807495e-17, 1.52668556669e-17, 1.24467893363e-17, 8.64435338417e-18, 5.7840252781e-18, 3.59552044424e-18, 1.10796055744e-18, 3.36991804741e-19, 3.19567949534e-20], "var": [0.000224473857088, 0.720349729061, 22.3859844208, 167.358886719, 2269.88769531, 1698.87194824, 4668.40576172, 7224.32080078, 4606.17089844, 1233.46655273, 180.804977417, 400.325256348, 1516.90856934, 521.849914551, 705.159912109, 603.956115723, 561.138916016, 12.3187761307, 2.58035445213, 21.1522674561, 0.760942876339, 25.7912597656, 11.3014125824, 20.5505771637, 57.9646034241, 66.828086853, 10.9721508026, 0.560350239277, 1.47495698929, 1.3356577158, 0.0509273335338, 0.0715453624725, 0.0245231501758, 0.00849204044789, 0.000237160333199, 4.09179119742e-05, 3.6222786548e-06, 8.97598368965e-08, 1.00708619222e-09, 7.17582659959e-10]}, "gfcc": {"mean": [-163.322845459, 193.344802856, -103.924476624, 11.893699646, -58.4756126404, -25.5584964752, -22.4123077393, -24.6964378357, -23.1047363281, -13.6593284607, -2.74823665619, -9.74067020416, -1.34153068066], "cov": [[23254.3144531, 396.20880127, -3923.6628418, 974.665588379, -433.081176758, 910.694335938, 536.526245117, 199.894775391, -514.793823242, -557.929138184, -413.708892822, -720.574707031, -468.978973389], [396.20880127, 1748.95996094, 36.2566299438, -508.695159912, 474.037353516, -453.083465576, 209.994812012, -307.669647217, 85.5064620972, -177.136184692, 22.6032028198, -140.270492554, 41.2559700012], [-3923.6628418, 36.2566299438, 1583.99609375, -123.224624634, 105.366539001, -106.541519165, -299.515167236, -45.0760383606, -51.7378768921, 126.415885925, 5.87377405167, 168.068740845, 75.8164215088], [974.665588379, -508.695159912, -123.224624634, 557.835327148, -130.519699097, 229.497634888, 51.5560951233, 102.098342896, -8.88820743561, 3.33403134346, -13.678768158, -20.4815006256, -19.3707103729], [-433.081176758, 474.037353516, 105.366539001, -130.519699097, 344.115081787, -124.730789185, 78.7157974243, -53.1590690613, 14.9423646927, -54.391418457, -20.3110561371, -19.1079502106, 4.40441989899], [910.694335938, -453.083465576, -106.541519165, 229.497634888, -124.730789185, 388.180541992, 54.9832344055, 139.397994995, -18.6738815308, 31.3422641754, -19.9224395752, -8.33205032349, -24.4087848663], [536.526245117, 209.994812012, -299.515167236, 51.5560951233, 78.7157974243, 54.9832344055, 251.215194702, 20.964471817, 57.2213935852, -32.8335723877, 6.80111551285, -43.6650543213, 17.1729602814], [199.894775391, -307.669647217, -45.0760383606, 102.098342896, -53.1590690613, 139.397994995, 20.964471817, 245.832107544, 39.0434989929, 26.314748764, -21.5531253815, 42.6799926758, 19.5573997498], [-514.793823242, 85.5064620972, -51.7378768921, -8.88820743561, 14.9423646927, -18.6738815308, 57.2213935852, 39.0434989929, 147.255065918, 14.5351743698, 32.2086486816, 0.654183208942, 20.2513847351], [-557.929138184, -177.136184692, 126.415885925, 3.33403134346, -54.391418457, 31.3422641754, -32.8335723877, 26.314748764, 14.5351743698, 148.703460693, 53.8426322937, 32.1874046326, -19.9825267792], [-413.708892822, 22.6032028198, 5.87377405167, -13.678768158, -20.3110561371, -19.9224395752, 6.80111551285, -21.5531253815, 32.2086486816, 53.8426322937, 105.22077179, 27.0261421204, -9.97262382507], [-720.574707031, -140.270492554, 168.068740845, -20.4815006256, -19.1079502106, -8.33205032349, -43.6650543213, 42.6799926758, 0.654183208942, 32.1874046326, 27.0261421204, 144.225708008, 27.7639503479], [-468.978973389, 41.2559700012, 75.8164215088, -19.3707103729, 4.40441989899, -24.4087848663, 17.1729602814, 19.5573997498, 20.2513847351, -19.9825267792, -9.97262382507, 27.7639503479, 109.437744141]], "icov": [[0.000322388135828, -0.00118185183965, 0.000955461640842, -0.000835763523355, 0.000615411729086, -0.000881357002072, 0.00113916944247, -0.000730055209715, 0.00141382508446, -0.00057929783361, 0.00110241270158, -0.00037378113484, 0.000575470621698], [-0.00118185183965, 0.00694270059466, -0.00411651376635, 0.00450906297192, -0.00350869633257, 0.00454931193963, -0.0065299780108, 0.00377517170273, -0.00584150152281, 0.00442724255845, -0.00549543416128, 0.00344417616725, -0.00201125140302], [0.000955461640842, -0.00411651376635, 0.00420525670052, -0.00296335155144, 0.00108988059219, -0.00322385039181, 0.00555717060342, -0.00190827832557, 0.00426699733362, -0.00346111366525, 0.00400644913316, -0.00243524950929, 0.000475908163935], [-0.000835763523355, 0.00450906297192, -0.00296335155144, 0.00550356740132, -0.00151118345093, 0.00196550041437, -0.00485935760662, 0.00204536598176, -0.00386838894337, 0.00331451348029, -0.00380122754723, 0.00246584392153, -0.00100898370147], [0.000615411729086, -0.00350869633257, 0.00108988059219, -0.00151118345093, 0.00678291264921, -0.000861060107127, 0.00016724296438, -0.00223087705672, 0.00310496822931, -0.000587760936469, 0.00356227857992, -0.00135837495327, 0.00283217104152], [-0.000881357002072, 0.00454931193963, -0.00322385039181, 0.00196550041437, -0.000861060107127, 0.0079458290711, -0.00617974810302, 0.000345207023202, -0.00284722610377, 0.00222733733244, -0.00314700929448, 0.00257331365719, -0.000201737770112], [0.00113916944247, -0.0065299780108, 0.00555717060342, -0.00485935760662, 0.00016724296438, -0.00617974810302, 0.0142923528329, -0.00295760552399, 0.00355898356065, -0.00445497129112, 0.00403233105317, -0.00255804834887, -0.000921474245843], [-0.000730055209715, 0.00377517170273, -0.00190827832557, 0.00204536598176, -0.00223087705672, 0.000345207023202, -0.00295760552399, 0.00895990245044, -0.005945910234, 0.000738168717362, -0.000193570755073, -0.000926401116885, -0.00238552154042], [0.00141382508446, -0.00584150152281, 0.00426699733362, -0.00386838894337, 0.00310496822931, -0.00284722610377, 0.00355898356065, -0.005945910234, 0.0156338363886, -0.00351763772778, 0.00206891051494, -0.000972332723904, 0.00126404839102], [-0.00057929783361, 0.00442724255845, -0.00346111366525, 0.00331451348029, -0.000587760936469, 0.00222733733244, -0.00445497129112, 0.000738168717362, -0.00351763772778, 0.0139645738527, -0.00841869506985, 0.00254736072384, 0.00170793000143], [0.00110241270158, -0.00549543416128, 0.00400644913316, -0.00380122754723, 0.00356227857992, -0.00314700929448, 0.00403233105317, -0.000193570755073, 0.00206891051494, -0.00841869506985, 0.0195946283638, -0.00590882822871, 0.00326863583177], [-0.00037378113484, 0.00344417616725, -0.00243524950929, 0.00246584392153, -0.00135837495327, 0.00257331365719, -0.00255804834887, -0.000926401116885, -0.000972332723904, 0.00254736072384, -0.00590882822871, 0.0121053932235, -0.00254551996477], [0.000575470621698, -0.00201125140302, 0.000475908163935, -0.00100898370147, 0.00283217104152, -0.000201737770112, -0.000921474245843, -0.00238552154042, 0.00126404839102, 0.00170793000143, 0.00326863583177, -0.00254551996477, 0.0132871409878]]}, "melbands": {"dmean": [8.29737837194e-05, 0.000523845606949, 0.000797525513917, 0.000979652395472, 0.000441078591393, 0.000460369861685, 0.000247547694016, 0.000102789017546, 2.89743402391e-05, 2.73616788036e-05, 2.71298504231e-05, 1.64090688486e-05, 2.42530895775e-05, 1.11706222015e-05, 1.77899164555e-05, 3.94177186536e-06, 1.7686445517e-06, 6.88091517986e-07, 1.33931769142e-06, 8.74026227393e-07, 3.20698404721e-07, 1.31573335693e-06, 8.99707231383e-07, 3.89162977399e-07, 6.87394503984e-07, 3.93391843545e-07, 1.80096242275e-06, 6.9298971539e-07, 5.95852384322e-07, 1.85033428579e-07, 1.18414078543e-07, 1.96445768097e-07, 1.63438443224e-07, 1.17841238989e-07, 3.01546698722e-08, 2.56380463526e-08, 4.8814914777e-08, 2.19347864316e-08, 4.09805487323e-08, 1.76816978836e-08], "dmean2": [0.000106833154859, 0.000754313194193, 0.00125293957535, 0.00156939390581, 0.000696651288308, 0.00066607631743, 0.000400441756938, 0.000146170437802, 3.9712907892e-05, 3.53825707862e-05, 3.16344558087e-05, 2.25926632993e-05, 3.44297914125e-05, 1.68866790773e-05, 2.4542778192e-05, 5.61012802791e-06, 2.56880912275e-06, 1.04320793071e-06, 1.96683868126e-06, 1.32930983909e-06, 4.87022589368e-07, 1.77327171968e-06, 1.25189160372e-06, 5.54913924589e-07, 1.01489524695e-06, 5.5988425629e-07, 2.39177802541e-06, 9.63067236626e-07, 9.13619942366e-07, 2.78693676137e-07, 1.78551275098e-07, 3.04603332779e-07, 2.43193142069e-07, 1.75850516371e-07, 4.5082682476e-08, 4.21041974619e-08, 8.28063022595e-08, 3.61673500038e-08, 7.24389792595e-08, 3.08185121867e-08], "dvar": [3.185589037e-08, 1.21402638342e-06, 3.80919368581e-06, 8.49216030474e-06, 9.98987047751e-07, 1.01688272025e-06, 6.05466311754e-07, 7.23618569509e-08, 3.06135117256e-09, 4.63672167328e-09, 5.81145442879e-09, 1.99161753756e-09, 5.4288018525e-09, 7.97287846854e-10, 3.36076322327e-09, 3.64239693962e-10, 1.64798574093e-11, 1.65121464678e-12, 1.75623213888e-11, 8.28150915899e-12, 6.95215478068e-13, 1.4880369506e-11, 8.52920685468e-12, 1.51003233355e-12, 8.17201861736e-12, 1.33435688714e-12, 7.10552380823e-11, 1.10796059827e-11, 4.14010232347e-12, 5.43874732577e-13, 2.27831073235e-13, 5.85114042721e-13, 4.13637955268e-13, 2.48442108899e-13, 1.37677268877e-14, 9.17476950532e-15, 6.85338829957e-14, 1.29187483058e-14, 4.12488748399e-14, 6.7345836278e-15], "dvar2": [4.64899443386e-08, 2.30310229199e-06, 8.49577008921e-06, 2.05575852306e-05, 2.69311362899e-06, 2.25689382205e-06, 1.54204747105e-06, 1.45180791833e-07, 6.01884941887e-09, 7.87493448229e-09, 7.36081950947e-09, 4.03467304011e-09, 1.1005092837e-08, 1.96796134944e-09, 6.79970835193e-09, 7.76864239604e-10, 3.61929999859e-11, 3.72614569408e-12, 3.43414359449e-11, 1.62943807752e-11, 1.4939169693e-12, 2.58295017319e-11, 1.60615895584e-11, 3.11081022053e-12, 1.61401846749e-11, 2.39865917927e-12, 1.25369395421e-10, 2.23372622482e-11, 9.54123065278e-12, 1.34134576276e-12, 5.40422253389e-13, 1.40678105016e-12, 9.79812476813e-13, 5.69536225906e-13, 3.15368120073e-14, 2.44406579664e-14, 1.77128250218e-13, 3.49680882666e-14, 1.15302908822e-13, 1.85617258461e-14], "max": [0.00486996397376, 0.0238814372569, 0.0285316966474, 0.0440468899906, 0.01457416825, 0.022454559803, 0.0202848613262, 0.00574545236304, 0.00106684688944, 0.00119008112233, 0.00150806899182, 0.0010454938747, 0.00147925177589, 0.000546044029761, 0.0011417849455, 0.000568256131373, 7.96170425019e-05, 2.20130750677e-05, 7.58092719479e-05, 4.61302443e-05, 1.72564105014e-05, 6.63930768496e-05, 0.000104271537566, 3.53294199158e-05, 7.51176266931e-05, 1.8690356228e-05, 0.000153506887727, 0.000125627426314, 3.44213731296e-05, 2.1222009309e-05, 1.60443069035e-05, 1.68204878719e-05, 1.10026794573e-05, 1.10915925688e-05, 3.21320203511e-06, 2.71098610938e-06, 4.16599095843e-06, 3.61199454346e-06, 3.71422311218e-06, 2.09092604564e-06], "mean": [0.000186596109415, 0.00107422086876, 0.00179816433229, 0.00177390989847, 0.00149980536662, 0.00137697870377, 0.000478716508951, 0.000197902947548, 6.32749361102e-05, 7.41150652175e-05, 8.72924865689e-05, 3.88671869587e-05, 4.15629328927e-05, 2.12316699617e-05, 4.21692857344e-05, 7.63550360716e-06, 3.74827004634e-06, 1.54064503022e-06, 2.56508678831e-06, 1.35615300678e-06, 4.835056302e-07, 2.28629210142e-06, 1.77955109848e-06, 6.5404117322e-07, 1.01862303836e-06, 5.75675130676e-07, 2.48151764026e-06, 1.03740478608e-06, 8.35311197989e-07, 2.26674359283e-07, 1.27399744088e-07, 2.19609944452e-07, 1.79157950697e-07, 1.25962088759e-07, 2.87575545599e-08, 2.11784456638e-08, 3.7547803089e-08, 1.67180935762e-08, 2.71395421692e-08, 1.21434089451e-08], "median": [4.04880047427e-05, 0.000420762837166, 0.000767644029111, 0.000425214326242, 0.000662564591039, 0.000864958739839, 0.000187893994735, 4.99039560964e-05, 2.32447982853e-05, 1.81383747986e-05, 2.01481743716e-05, 1.00161487353e-05, 5.64989704799e-06, 6.38983055978e-06, 5.57030898563e-06, 1.42954547755e-06, 9.48707452153e-07, 7.97272946329e-07, 4.31443254456e-07, 2.79340611087e-07, 1.93208236965e-07, 3.74414554472e-07, 1.79560416314e-07, 1.11579353756e-07, 1.01463442093e-07, 1.20579855434e-07, 9.24733711827e-08, 9.54265217956e-08, 7.18882091633e-08, 2.61528239065e-08, 1.18949596839e-08, 1.69063216759e-08, 9.47095557535e-09, 4.68079219829e-09, 1.37801769995e-09, 1.10000097919e-09, 6.94492852116e-10, 4.4361594953e-10, 2.7955704418e-10, 1.36609987211e-10], "min": [8.36746418776e-24, 1.43721337699e-23, 2.07931112842e-23, 1.46398573839e-23, 2.38524748022e-23, 3.30980287411e-23, 6.71833074387e-24, 9.35725348757e-24, 4.51685267137e-24, 5.11768936869e-24, 2.45354279755e-23, 1.49588222469e-23, 1.33447197492e-23, 7.75765419764e-24, 7.95988579044e-24, 1.18116222225e-23, 1.05887639682e-23, 1.47374757655e-23, 1.27038128622e-23, 9.70566652813e-24, 8.58203750942e-24, 6.54664147874e-24, 9.31957039098e-24, 8.37606198276e-24, 4.85664661768e-24, 6.78224819872e-24, 5.21964135765e-24, 1.32825054451e-23, 7.16456569213e-24, 6.50137624556e-24, 5.25139655896e-24, 8.07215805219e-24, 7.34751515782e-24, 1.71887111449e-23, 1.3484878244e-23, 9.33004409722e-24, 7.86994144775e-24, 1.13003275488e-23, 9.55198301316e-24, 1.12698002095e-23], "var": [1.75376442257e-07, 3.92577294406e-06, 7.23744597053e-06, 1.3522440895e-05, 3.98210022468e-06, 3.16751857099e-06, 8.40893960685e-07, 1.60466214538e-07, 1.00225419075e-08, 1.83970261247e-08, 3.700820983e-08, 7.09457737003e-09, 9.36670030427e-09, 1.34185351719e-09, 1.12845883748e-08, 7.35089211723e-10, 4.84846260362e-11, 4.22854806725e-12, 4.02877037287e-11, 1.36190060965e-11, 9.98941597843e-13, 3.35466897317e-11, 3.20094749318e-11, 3.65490710613e-12, 1.8125450793e-11, 2.26865921882e-12, 1.18164311669e-10, 2.10526440031e-11, 8.3135130724e-12, 9.17763044381e-13, 2.99626534521e-13, 6.54095809634e-13, 4.75089423097e-13, 2.91993507281e-13, 1.53244201318e-14, 7.02360524545e-15, 5.28450472671e-14, 8.8972171373e-15, 2.55148278807e-14, 4.32040632043e-15]}, "mfcc": {"mean": [-794.023925781, 202.975067139, 19.713842392, 27.7031269073, -10.4270515442, -3.64800310135, -0.688236236572, -10.3683719635, -12.6637897491, -13.0099201202, -10.1690797806, -4.40528249741, 0.297601014376], "cov": [[8968.74707031, 1455.37658691, -836.475280762, 516.243896484, -657.614135742, 188.714691162, 219.350784302, 128.882217407, -22.7950496674, 66.1351623535, 51.3871879578, -65.4050979614, 55.2228431702], [1455.37658691, 2265.67602539, -51.453830719, -51.3843383789, 55.3951263428, -118.182037354, 34.8581047058, -90.974647522, -64.2362442017, -88.1539382935, -55.1400222778, -115.879386902, -231.390426636], [-836.475280762, -51.453830719, 553.42010498, -20.6855201721, 167.106887817, 62.9582328796, -7.76935863495, -16.1660480499, -13.0843009949, -31.1278743744, -32.0822410583, -2.00522994995, -30.5150985718], [516.243896484, -51.3843383789, -20.6855201721, 300.346984863, -10.8841314316, 72.3094024658, 52.682094574, 38.9991340637, 32.6533126831, 11.6025218964, 35.1712684631, -24.2939147949, -5.91023254395], [-657.614135742, 55.3951263428, 167.106887817, -10.8841314316, 235.654785156, -9.06451416016, -20.0536251068, 3.11131310463, 5.33095264435, -14.7635269165, -9.23749256134, 5.08749818802, -62.754447937], [188.714691162, -118.182037354, 62.9582328796, 72.3094024658, -9.06451416016, 171.843795776, 60.9266853333, 12.1163396835, 0.439184367657, 13.8081941605, 16.1507015228, 3.99482536316, 51.1535110474], [219.350784302, 34.8581047058, -7.76935863495, 52.682094574, -20.0536251068, 60.9266853333, 138.986251831, 49.3839874268, 42.4995956421, 16.1333026886, 3.42811775208, 4.43331766129, 27.2018604279], [128.882217407, -90.974647522, -16.1660480499, 38.9991340637, 3.11131310463, 12.1163396835, 49.3839874268, 178.330856323, 112.407157898, 15.248459816, -9.27871227264, 42.7504310608, 43.3648147583], [-22.7950496674, -64.2362442017, -13.0843009949, 32.6533126831, 5.33095264435, 0.439184367657, 42.4995956421, 112.407157898, 215.219589233, 35.7446327209, -33.2341346741, 52.4061584473, 22.1012172699], [66.1351623535, -88.1539382935, -31.1278743744, 11.6025218964, -14.7635269165, 13.8081941605, 16.1333026886, 15.248459816, 35.7446327209, 163.318557739, 58.9561462402, 9.3557806015, 8.84809017181], [51.3871879578, -55.1400222778, -32.0822410583, 35.1712684631, -9.23749256134, 16.1507015228, 3.42811775208, -9.27871227264, -33.2341346741, 58.9561462402, 171.438919067, -5.53586912155, -15.0246009827], [-65.4050979614, -115.879386902, -2.00522994995, -24.2939147949, 5.08749818802, 3.99482536316, 4.43331766129, 42.7504310608, 52.4061584473, 9.3557806015, -5.53586912155, 164.709579468, 91.8515319824], [55.2228431702, -231.390426636, -30.5150985718, -5.91023254395, -62.754447937, 51.1535110474, 27.2018604279, 43.3648147583, 22.1012172699, 8.84809017181, -15.0246009827, 91.8515319824, 264.998901367]], "icov": [[0.00022450517281, -0.000184477074072, 0.000181660900125, -0.000328078574967, 0.000534447608516, -0.000294991506962, 7.26369980839e-05, -0.00027795182541, 0.000203475778108, -0.000116285693366, 9.57008815021e-05, -0.000113839159894, 5.90667841607e-05], [-0.000184477074072, 0.000689397857059, -6.10819843132e-05, 0.000329095724737, -0.000547571922652, 0.000575362646487, -0.000576447229832, 0.000452343665529, -9.86673840089e-05, 0.000298594706692, 6.28664056421e-05, 0.000200054579182, 0.000317611411447], [0.000181660900125, -6.10819843132e-05, 0.00272031640634, 6.72191454214e-05, -0.00137213570997, -0.00152369879652, 0.000204790965654, -9.70085602603e-06, 0.000186651959666, 0.000169027931406, 0.000479929032736, -5.34741047886e-06, 0.000181164490641], [-0.000328078574967, 0.000329095724737, 6.72191454214e-05, 0.00463489210233, -0.000866521324497, -0.00122607918456, -0.000703543424606, -0.000126723069116, -0.000920775113627, 0.000587956223171, -0.000984954996966, 0.000979326781817, 0.000253138656262], [0.000534447608516, -0.000547571922652, -0.00137213570997, -0.000866521324497, 0.00729593401775, -0.000348090165062, 0.00081508216681, -0.00128258042969, 0.000459876522655, -0.000158236565767, 0.000165193167049, -0.00122195587028, 0.00155417015776], [-0.000294991506962, 0.000575362646487, -0.00152369879652, -0.00122607918456, -0.000348090165062, 0.0092994151637, -0.00359273934737, 0.00100088957697, 0.000416436087107, -0.000180022412678, -0.000505472766235, 0.000414604408434, -0.00151254271623], [7.26369980839e-05, -0.000576447229832, 0.000204790965654, -0.000703543424606, 0.00081508216681, -0.00359273934737, 0.0103800995275, -0.00218743598089, -0.000945811800193, -0.000490346865263, -2.75115485238e-06, 0.000412681954913, -0.000379541423172], [-0.00027795182541, 0.000452343665529, -9.70085602603e-06, -0.000126723069116, -0.00128258042969, 0.00100088957697, -0.00218743598089, 0.00968903675675, -0.0045018796809, 0.000735765846912, -0.000564186542761, -0.000337188976118, -0.000973188027274], [0.000203475778108, -9.86673840089e-05, 0.000186651959666, -0.000920775113627, 0.000459876522655, 0.000416436087107, -0.000945811800193, -0.0045018796809, 0.00839115306735, -0.00210492825136, 0.00225918157957, -0.00192999979481, 0.00090219732374], [-0.000116285693366, 0.000298594706692, 0.000169027931406, 0.000587956223171, -0.000158236565767, -0.000180022412678, -0.000490346865263, 0.000735765846912, -0.00210492825136, 0.00783787015826, -0.0030039709527, 0.00026559366961, -0.000103774706076], [9.57008815021e-05, 6.28664056421e-05, 0.000479929032736, -0.000984954996966, 0.000165193167049, -0.000505472766235, -2.75115485238e-06, -0.000564186542761, 0.00225918157957, -0.0030039709527, 0.00766856595874, -0.000685781589709, 0.000881911371835], [-0.000113839159894, 0.000200054579182, -5.34741047886e-06, 0.000979326781817, -0.00122195587028, 0.000414604408434, 0.000412681954913, -0.000337188976118, -0.00192999979481, 0.00026559366961, -0.000685781589709, 0.00868278834969, -0.00303329085], [5.90667841607e-05, 0.000317611411447, 0.000181164490641, 0.000253138656262, 0.00155417015776, -0.00151254271623, -0.000379541423172, -0.000973188027274, 0.00090219732374, -0.000103774706076, 0.000881911371835, -0.00303329085, 0.00595295056701]]}, "spectral_contrast_coeffs": {"dmean": [0.0460649356246, 0.0453701354563, 0.041424933821, 0.0394499972463, 0.0374040789902, 0.0391708090901], "dmean2": [0.0748558044434, 0.0723129957914, 0.0643550753593, 0.0631578415632, 0.0582230947912, 0.0593618862331], "dvar": [0.00170915585477, 0.00221295561641, 0.00213583419099, 0.00186956382822, 0.00171925104223, 0.0010665867012], "dvar2": [0.00412253476679, 0.00519352499396, 0.00474453810602, 0.00438679382205, 0.0039033878129, 0.00249757408164], "max": [-0.25434216857, -0.276018708944, -0.399354547262, -0.456268429756, -0.511203706264, -0.571855545044], "mean": [-0.508664548397, -0.566435515881, -0.659949481487, -0.69449365139, -0.71726500988, -0.750433087349], "median": [-0.504220604897, -0.559869766235, -0.657291412354, -0.687005996704, -0.705906569958, -0.741301059723], "min": [-0.958872914314, -0.965699911118, -0.963739693165, -0.95339679718, -0.965020596981, -0.957442343235], "var": [0.0102499909699, 0.00985892582685, 0.00833839178085, 0.00720360036939, 0.00635838368908, 0.0047892187722]}, "spectral_contrast_valleys": {"dmean": [0.573345243931, 0.467132806778, 0.486858636141, 0.581332564354, 0.655037164688, 0.849596261978], "dmean2": [0.884123325348, 0.702630281448, 0.739054322243, 0.878265500069, 0.95096051693, 1.33055055141], "dvar": [0.37198418