{"lowlevel": {"average_loudness": 0.874622941017, "barkbands_crest": {"dmean": 1.73235571384, "dmean2": 2.65602087975, "dvar": 4.13226413727, "dvar2": 9.27521038055, "max": 26.8603878021, "mean": 10.6805677414, "median": 9.50782108307, "min": 3.25871419907, "var": 19.8640480042}, "barkbands_flatness_db": {"dmean": 0.0204130988568, "dmean2": 0.0287507511675, "dvar": 0.000671224901453, "dvar2": 0.00135303253774, "max": 0.615019440651, "mean": 0.25516346097, "median": 0.24194201827, "min": 0.0479867830873, "var": 0.0102609610185}, "barkbands_kurtosis": {"dmean": 3.96081995964, "dmean2": 5.87949180603, "dvar": 224.646530151, "dvar2": 520.978881836, "max": 795.220092773, "mean": 9.16661262512, "median": 1.63810062408, "min": -1.96499037743, "var": 1195.75476074}, "barkbands_skewness": {"dmean": 0.470862329006, "dmean2": 0.670194029808, "dvar": 0.745258748531, "dvar2": 1.58409583569, "max": 21.0970058441, "mean": 1.49104130268, "median": 1.12144863605, "min": -11.4081306458, "var": 3.69042229652}, "barkbands_spread": {"dmean": 2.31276774406, "dmean2": 3.53661727905, "dvar": 26.8484535217, "dvar2": 64.1315078735, "max": 136.694458008, "mean": 11.0729112625, "median": 9.45490455627, "min": 0.0483144409955, "var": 102.06653595}, "dissonance": {"dmean": 0.0296141635627, "dmean2": 0.0494989268482, "dvar": 0.00101033691317, "dvar2": 0.00267765438184, "max": 0.499999970198, "mean": 0.397566705942, "median": 0.409053593874, "min": 0.128636494279, "var": 0.00426869047806}, "dynamic_complexity": 2.82738161087, "erbbands_crest": {"dmean": 1.50985956192, "dmean2": 2.20654511452, "dvar": 2.72596526146, "dvar2": 5.77695941925, "max": 32.7499313354, "mean": 12.4843530655, "median": 11.7098999023, "min": 2.12776565552, "var": 26.6119194031}, "erbbands_flatness_db": {"dmean": 0.0195565689355, "dmean2": 0.0241247937083, "dvar": 0.000858180632349, "dvar2": 0.00147159269545, "max": 0.652051150799, "mean": 0.272953122854, "median": 0.267456382513, "min": 0.0357381440699, "var": 0.0139146959409}, "erbbands_kurtosis": {"dmean": 1.05987656116, "dmean2": 1.48580098152, "dvar": 4.70935249329, "dvar2": 8.26763725281, "max": 100.370361328, "mean": 3.2852897644, "median": 0.846169948578, "min": -1.89190530777, "var": 106.348098755}, "erbbands_skewness": {"dmean": 0.279649466276, "dmean2": 0.387751817703, "dvar": 0.115157566965, "dvar2": 0.21555352211, "max": 8.36603355408, "mean": 0.417558044195, "median": 0.324377506971, "min": -4.05895805359, "var": 1.72818541527}, "erbbands_spread": {"dmean": 5.00161314011, "dmean2": 7.24012947083, "dvar": 92.9643325806, "dvar2": 204.448410034, "max": 202.741271973, "mean": 22.254026413, "median": 17.4005527496, "min": 0.413562625647, "var": 357.267578125}, "hfc": {"dmean": 4.11852502823, "dmean2": 5.92767190933, "dvar": 87.8597793579, "dvar2": 201.946487427, "max": 133.684783936, "mean": 16.7673339844, "median": 14.2122144699, "min": 1.78366997261e-06, "var": 169.953872681}, "melbands_crest": {"dmean": 2.36779499054, "dmean2": 3.58821797371, "dvar": 6.76447868347, "dvar2": 14.3621034622, "max": 38.6756515503, "mean": 14.1394634247, "median": 12.8704824448, "min": 3.36907982826, "var": 30.7672805786}, "melbands_flatness_db": {"dmean": 0.0246269255877, "dmean2": 0.0346484407783, "dvar": 0.00101493054535, "dvar2": 0.00201134639792, "max": 0.642237722874, "mean": 0.343729376793, "median": 0.337432682514, "min": 0.0122171165422, "var": 0.0112239569426}, "melbands_kurtosis": {"dmean": 8.15713787079, "dmean2": 11.6328344345, "dvar": 1774.05480957, "dvar2": 2946.16821289, "max": 3946.29858398, "mean": 15.9622335434, "median": 3.5258231163, "min": -1.87870931625, "var": 9379.16113281}, "melbands_skewness": {"dmean": 0.568890273571, "dmean2": 0.81520408392, "dvar": 1.21626448631, "dvar2": 2.39113402367, "max": 53.5171279907, "mean": 2.07007741928, "median": 1.61807179451, "min": -7.93074893951, "var": 5.84204912186}, "melbands_spread": {"dmean": 2.63075041771, "dmean2": 4.00117111206, "dvar": 48.2961654663, "dvar2": 110.799247742, "max": 244.702911377, "mean": 13.7808294296, "median": 11.642127037, "min": 0.198813542724, "var": 244.317428589}, "pitch_salience": {"dmean": 0.0482473783195, "dmean2": 0.0751562193036, "dvar": 0.00284173665568, "dvar2": 0.00688065262511, "max": 0.955629944801, "mean": 0.503904223442, "median": 0.508993268013, "min": 0.0307828597724, "var": 0.0131199033931}, "silence_rate_20dB": {"dmean": 0.0114230811596, "dmean2": 0.0228473823518, "dvar": 0.0112962182611, "dvar2": 0.0316196121275, "max": 1, "mean": 0.993221223354, "median": 1, "min": 0, "var": 0.0067326342687}, "silence_rate_30dB": {"dmean": 0.0314935408533, "dmean2": 0.062937065959, "dvar": 0.0305039491504, "dvar2": 0.0596080683172, "max": 1, "mean": 0.958526849747, "median": 1, "min": 0, "var": 0.0397453829646}, "silence_rate_60dB": {"dmean": 0.00096081988886, "dmean2": 0.00186836067587, "dvar": 0.000958992692176, "dvar2": 0.0018651917344, "max": 1, "mean": 0.0330397635698, "median": 0, "min": 0, "var": 0.0319546498358}, "spectral_centroid": {"dmean": 84.4169769287, "dmean2": 129.338363647, "dvar": 30071.96875, "dvar2": 56067.9726562, "max": 11491.2011719, "mean": 697.437683105, "median": 605.11517334, "min": 173.009506226, "var": 225377.28125}, "spectral_complexity": {"dmean": 1.6616846323, "dmean2": 2.63102555275, "dvar": 4.65659427643, "dvar2": 9.74059009552, "max": 42, "mean": 12.6966104507, "median": 13, "min": 0, "var": 31.5019054413}, "spectral_decrease": {"dmean": 3.93091958983e-09, "dmean2": 6.26164764483e-09, "dvar": 2.00653820164e-16, "dvar2": 5.15456711975e-16, "max": 3.11888034388e-14, "mean": -9.95425786243e-09, "median": -7.85131692993e-09, "min": -1.83183686886e-07, "var": 1.85109892079e-16}, "spectral_energy": {"dmean": 0.0151489181444, "dmean2": 0.0240747593343, "dvar": 0.00292562856339, "dvar2": 0.00750723853707, "max": 0.697430193424, "mean": 0.0390904471278, "median": 0.0310121383518, "min": 1.12170384092e-10, "var": 0.00272011011839}, "spectral_energyband_high": {"dmean": 0.000173569977051, "dmean2": 0.000249775184784, "dvar": 2.52821678259e-07, "dvar2": 5.43417399967e-07, "max": 0.00509116239846, "mean": 0.000251352292253, "median": 1.06079269244e-05, "min": 1.02157185489e-10, "var": 4.46099193141e-07}, "spectral_energyband_low": {"dmean": 0.00973758008331, "dmean2": 0.0156863760203, "dvar": 0.0023596980609, "dvar2": 0.00610602786765, "max": 0.673199057579, "mean": 0.0137458741665, "median": 0.00638506095856, "min": 1.29729180957e-12, "var": 0.00202223937958}, "spectral_energyband_middle_high": {"dmean": 0.000833595986478, "dmean2": 0.0011545206653, "dvar": 2.10382609112e-06, "dvar2": 4.21384038418e-06, "max": 0.0327796153724, "mean": 0.00543539738283, "median": 0.00449660699815, "min": 6.34083020465e-12, "var": 2.02082192118e-05}, "spectral_energyband_middle_low": {"dmean": 0.00692665437236, "dmean2": 0.0110667161644, "dvar": 0.000588373339269, "dvar2": 0.00151853752322, "max": 0.368222892284, "mean": 0.0208622980863, "median": 0.0170233696699, "min": 1.45640379097e-12, "var": 0.000606170389801}, "spectral_entropy": {"dmean": 0.1899484694, "dmean2": 0.262943208218, "dvar": 0.0766832828522, "dvar2": 0.151041656733, "max": 9.77933502197, "mean": 6.36969852448, "median": 6.36065387726, "min": 3.70312213898, "var": 0.736955046654}, "spectral_flux": {"dmean": 0.0269921328872, "dmean2": 0.042079269886, "dvar": 0.00370014226064, "dvar2": 0.00747404713184, "max": 0.759245097637, "mean": 0.0641070082784, "median": 0.0489052049816, "min": 3.0714301829e-05, "var": 0.00588540360332}, "spectral_kurtosis": {"dmean": 12.3507595062, "dmean2": 20.5516662598, "dvar": 267.007873535, "dvar2": 700.877197266, "max": 236.768783569, "mean": 30.5154514313, "median": 18.3365802765, "min": -1.17584586143, "var": 1043.48510742}, "spectral_rms": {"dmean": 0.000801435147878, "dmean2": 0.00119285681285, "dvar": 3.49892889062e-06, "dvar2": 8.04751198302e-06, "max": 0.0260848551989, "mean": 0.00561110954732, "median": 0.00550052244216, "min": 3.30808887838e-07, "var": 6.65242396281e-06}, "spectral_rolloff": {"dmean": 129.688186646, "dmean2": 224.10369873, "dvar": 472810.875, "dvar2": 1112008, "max": 19853.6132812, "mean": 1058.79101562, "median": 775.1953125, "min": 43.06640625, "var": 3876252.5}, "spectral_skewness": {"dmean": 0.828218281269, "dmean2": 1.36394023895, "dvar": 0.876802504063, "dvar2": 2.40000414848, "max": 11.9388847351, "mean": 3.50848889351, "median": 2.99008488655, "min": -0.0750576630235, "var": 3.86200118065}, "spectral_spread": {"dmean": 612897.6875, "dmean2": 815565.8125, "dvar": 1120126500860.0, "dvar2": 1849601425410.0, "max": 40220992, "mean": 2957053.5, "median": 1833244.875, "min": 364512.125, "var": 6282468655100.0}, "spectral_strongpeak": {"dmean": 0.453815847635, "dmean2": 0.80676472187, "dvar": 0.576135933399, "dvar2": 1.42023956776, "max": 9.22326946259, "mean": 1.29633104801, "median": 0.832714140415, "min": 2.60302986135e-05, "var": 1.32823991776}, "zerocrossingrate": {"dmean": 0.00526204239577, "dmean2": 0.00613347766921, "dvar": 0.000101280944364, "dvar2": 0.000116142924526, "max": 0.64404296875, "mean": 0.0406366251409, "median": 0.0302734375, "min": 0.00341796875, "var": 0.00310503970832}, "barkbands": {"dmean": [0.000454516062746, 0.00651390105486, 0.00300508155487, 0.00183351198211, 0.0048544513993, 0.00086183892563, 0.000690180924721, 0.00048941897694, 0.000448028091341, 0.000193358529941, 0.000203782154131, 0.000269181560725, 0.000229702389333, 0.000134987174533, 7.51278785174e-05, 6.48129571346e-05, 7.07715225872e-05, 4.1405128286e-05, 2.4802317057e-05, 1.88232916116e-05, 2.5903349524e-05, 2.87787697744e-05, 3.85967432521e-05, 4.45442492492e-05, 2.44895163632e-05, 1.11731815196e-05, 4.90925549457e-06], "dmean2": [0.00060500233667, 0.0108329579234, 0.0049733761698, 0.00326793408021, 0.00783173367381, 0.00127880799118, 0.000948342203628, 0.000592106487602, 0.00058549788082, 0.000255705730524, 0.00027252532891, 0.000364942708984, 0.000315169570968, 0.000183705153177, 0.000123157544294, 0.00010053171718, 0.000117069248518, 5.93392942392e-05, 3.86888059438e-05, 3.15079341817e-05, 4.05906102969e-05, 4.38563693024e-05, 5.90764866502e-05, 6.74304101267e-05, 3.39679099852e-05, 1.49694869833e-05, 6.97666291671e-06], "dvar": [6.77117486703e-06, 0.00185224285815, 7.38207891118e-05, 1.67396465258e-05, 0.000442149088485, 2.09960626307e-06, 3.03683759739e-06, 9.06452555682e-07, 7.08127970483e-07, 2.47010575549e-07, 1.93603099774e-07, 3.77080993985e-07, 3.03625682818e-07, 1.53774251999e-07, 2.69626738714e-08, 2.07668922059e-08, 2.94666069323e-08, 1.88124200662e-08, 9.15504472232e-09, 3.31098481965e-09, 5.34110222716e-09, 7.23897120025e-09, 1.40946649907e-08, 1.90697146962e-08, 4.76671546679e-09, 9.41387745534e-10, 1.97889676867e-10], "dvar2": [1.48052758959e-05, 0.00488852057606, 0.000216459578951, 4.90222191729e-05, 0.00113136589061, 4.49764684163e-06, 6.14728605797e-06, 1.65681149156e-06, 1.4023504491e-06, 4.54801494243e-07, 3.78474283025e-07, 7.15793873951e-07, 6.0134556179e-07, 2.79719614582e-07, 7.06466920519e-08, 4.79886033133e-08, 7.82197702165e-08, 2.40572859411e-08, 2.3381707237e-08, 8.48726777747e-09, 1.21984626844e-08, 1.63586513224e-08, 3.3919278053e-08, 4.54411583917e-08, 9.60624291224e-09, 1.7358730009e-09, 4.05232181144e-10], "max": [0.0383130460978, 0.582202196121, 0.150587052107, 0.0609079636633, 0.30603608489, 0.0388441421092, 0.0640990436077, 0.0255573596805, 0.0184333417565, 0.0202961396426, 0.0126050552353, 0.0158780924976, 0.0155399125069, 0.00977283343673, 0.00284646498039, 0.00436884909868, 0.00378113798797, 0.00725322775543, 0.00411336682737, 0.00102014816366, 0.00146869197488, 0.00120074325241, 0.00136625056621, 0.00147489795927, 0.000774566899054, 0.000303826993331, 0.00012975030404], "mean": [0.000596242898609, 0.00601602159441, 0.00594905624166, 0.00277922768146, 0.00902002491057, 0.00278835510835, 0.00187969207764, 0.00233868486248, 0.00200485088862, 0.000703840225469, 0.001366001321, 0.00158412766177, 0.00095816195244, 0.000380576530006, 0.000115146300232, 0.000113047855848, 0.000111370936793, 7.68142272136e-05, 4.46611375082e-05, 2.54536353168e-05, 3.89675296901e-05, 3.89035740227e-05, 5.03413466504e-05, 5.57794228371e-05, 3.42469938914e-05, 1.50386149471e-05, 5.87371459915e-06], "median": [3.97223038817e-06, 0.000769549689721, 0.00399168487638, 0.00217165402137, 0.00499602686614, 0.00146905146539, 0.000462984258775, 0.00119481410366, 0.000535737606697, 0.000263317488134, 0.000184711112524, 0.000286209426122, 0.000258056010352, 8.341071225e-05, 2.97234910249e-05, 4.02854893764e-05, 2.14630799746e-05, 2.14872961806e-05, 1.46927022797e-05, 6.79652066538e-06, 3.23095946442e-06, 1.00811871562e-06, 4.88032412704e-07, 2.04950723059e-07, 7.0551458009e-08, 2.83800769552e-08, 3.28916058834e-07], "min": [1.99138286156e-13, 2.93763114962e-13, 8.57100238764e-14, 5.05883956416e-14, 2.29396878012e-13, 2.54183691239e-13, 4.62484813901e-13, 1.30673236446e-13, 1.73110034337e-13, 4.97257237556e-13, 5.38415232537e-13, 8.3867635059e-13, 1.14576791522e-13, 2.60436745954e-13, 2.41980995788e-13, 1.91309668844e-13, 2.22799697528e-13, 9.31440796888e-13, 1.37314899035e-12, 1.95696063521e-12, 1.52531524737e-12, 2.33476736208e-12, 3.62017946003e-12, 2.05618595067e-12, 1.7447160253e-12, 4.78123747191e-12, 8.5645650294e-11], "var": [1.06700872493e-05, 0.00144588609692, 6.30927315797e-05, 1.23400795928e-05, 0.000391115783714, 1.38448849611e-05, 1.68808037415e-05, 1.04488299257e-05, 7.9213623394e-06, 1.5861267002e-06, 5.71195459997e-06, 7.51961260903e-06, 2.81792767964e-06, 7.33142769604e-07, 4.31780797783e-08, 3.95637513861e-08, 5.68955265123e-08, 7.23004092151e-08, 1.21353922466e-08, 4.25751212063e-09, 9.76346026249e-09, 1.20983667529e-08, 2.07092085702e-08, 2.70463829111e-08, 8.81212258719e-09, 1.67965552578e-09, 2.66867833387e-10]}, "erbbands": {"dmean": [0.226869538426, 1.37672448158, 3.15732979774, 4.78995132446, 13.0603275299, 16.0221252441, 10.7480792999, 5.42821550369, 11.3366174698, 5.20570850372, 12.1615285873, 8.66226387024, 5.80551052094, 8.73534679413, 6.98569965363, 7.84453725815, 9.96684741974, 6.0357375145, 5.30906152725, 4.44445848465, 3.40910029411, 3.84114861488, 2.60192847252, 1.23503100872, 1.17312955856, 0.94200438261, 1.02542471886, 1.06927955151, 1.03384888172, 0.915127277374, 1.25678122044, 1.09376525879, 0.632162392139, 0.334135532379, 0.142837375402, 0.0528223067522, 0.018884755671, 0.00601107813418, 0.000834973761812, 5.68583527638e-05], "dmean2": [0.347670853138, 2.45956707001, 5.3138885498, 8.40391254425, 21.2777118683, 26.2935848236, 15.225903511, 8.42244815826, 15.2073059082, 7.51754570007, 15.32970047, 11.4919881821, 7.67588949203, 11.9305257797, 9.22392272949, 10.8777008057, 13.5535306931, 8.82724475861, 7.31388282776, 7.07313871384, 5.34150648117, 6.22059440613, 3.68035340309, 1.95851492882, 1.82748794556, 1.57401692867, 1.64646816254, 1.63822376728, 1.64991676807, 1.30243861675, 1.95067131519, 1.74903011322, 0.909239768982, 0.469092190266, 0.199843749404, 0.0718904361129, 0.0251854211092, 0.00834918487817, 0.0011877209181, 8.05144081824e-05], "dvar": [2.06551265717, 91.5242080688, 152.450042725, 92.3305511475, 3600.53198242, 4105.38867188, 300.995880127, 107.463790894, 821.275695801, 126.874069214, 458.687316895, 267.292755127, 172.821289062, 358.70223999, 176.760955811, 289.579681396, 562.228393555, 258.593811035, 273.270477295, 109.194252014, 47.9049873352, 89.751083374, 96.2980651855, 12.5325431824, 14.9370546341, 8.16685009003, 10.36835289, 9.32160568237, 11.4931688309, 6.5681886673, 16.2698402405, 12.785990715, 3.75914955139, 0.910664379597, 0.165506318212, 0.0223865620792, 0.0026120878756, 0.000292918732157, 5.68755285713e-06, 2.44309585895e-08], "dvar2": [5.01660203934, 257.308807373, 444.614105225, 269.030639648, 9388.28417969, 10488.5068359, 589.107727051, 280.659942627, 1631.78088379, 309.32913208, 857.86517334, 552.855957031, 337.894317627, 758.960998535, 340.768463135, 575.270690918, 1075.90112305, 563.204101562, 485.9269104, 277.667602539, 113.362434387, 230.740142822, 133.351654053, 30.7945461273, 36.6732368469, 20.99376297, 25.0508003235, 21.6358547211, 28.7299251556, 12.7209405899, 40.5861053467, 32.7260856628, 8.31656742096, 1.86157178879, 0.346576571465, 0.0444212853909, 0.00488558923826, 0.000585436529946, 1.13915029942e-05, 5.01630523786e-08], "max": [19.9845905304, 127.087051392, 195.214172363, 148.072769165, 906.426269531, 936.907226562, 382.143585205, 285.212799072, 989.034973145, 342.224822998, 510.4609375, 423.625305176, 398.142700195, 564.704162598, 326.54888916, 372.773834229, 647.206298828, 421.947967529, 442.078826904, 197.449798584, 148.806762695, 269.386138916, 516.671325684, 119.358001709, 154.433334351, 63.8198661804, 74.6443862915, 36.9483146667, 50.5237998962, 42.4611625671, 49.8679351807, 42.8578147888, 26.8371887207, 12.0536470413, 4.48052501678, 1.50509703159, 0.494684100151, 0.170972332358, 0.0205072388053, 0.0016050725244], "mean": [0.225751012564, 1.22294580936, 6.00986194611, 8.24512577057, 19.6061458588, 27.5135536194, 38.4574584961, 18.2759819031, 32.4918174744, 20.3111476898, 57.3166122437, 42.9897537231, 27.7375907898, 56.5717163086, 42.9647789001, 44.2105407715, 45.2440223694, 23.3358249664, 12.0967149734, 7.7969493866, 6.34316825867, 6.74145555496, 5.02240467072, 2.24623823166, 2.18440437317, 1.34802031517, 1.51646161079, 1.49046969414, 1.29996657372, 1.35616493225, 1.58771014214, 1.2774014473, 0.843927383423, 0.462507754564, 0.193992465734, 0.0706899240613, 0.025130962953, 0.00727791152894, 0.00100095046218, 9.72683701548e-05], "median": [0.01414209418, 0.291747093201, 3.85756826401, 6.6550822258, 10.8992471695, 13.9004383087, 19.3212337494, 11.8990507126, 8.719622612, 12.8426961899, 30.8503513336, 12.2172813416, 11.1377649307, 10.931517601, 16.2540168762, 12.2350568771, 12.9489355087, 5.56883716583, 4.09124565125, 2.44139766693, 2.14807081223, 1.45836901665, 1.40039050579, 0.775587081909, 0.748175919056, 0.376785039902, 0.204613938928, 0.0746950134635, 0.0414344146848, 0.0168829970062, 0.0136222643778, 0.00579983508214, 0.00279807974584, 0.00106891687028, 0.000427997933002, 0.000155939313117, 5.83658984397e-05, 3.83624392271e-05, 5.73580546188e-05, 4.39392097178e-05], "min": [4.58708375103e-12, 9.47125017303e-11, 1.18991538844e-10, 1.40250144831e-10, 2.88008422666e-10, 8.60735982489e-10, 1.86516646572e-09, 2.08965866833e-09, 5.16435827436e-09, 6.64922605864e-09, 1.72963465772e-09, 3.22310600431e-09, 1.32753266158e-08, 1.91823854578e-08, 2.4143957944e-08, 3.32226193223e-08, 7.69837349424e-09, 1.04611466156e-08, 1.21544578846e-08, 1.74945338216e-08, 7.2071797419e-09, 1.41275604548e-08, 3.82015166167e-08, 8.65201741362e-08, 7.40429300095e-08, 8.85892177394e-08, 4.46532411047e-08, 7.77112276751e-08, 9.26972134607e-08, 9.32481114546e-08, 1.02409231317e-07, 5.22003311687e-08, 2.85701400315e-08, 1.94328801939e-08, 1.54019961229e-08, 1.20158620831e-08, 9.48179934568e-09, 7.75009389997e-09, 6.96603663641e-09, 1.22557253235e-09], "var": [2.0443353653, 57.2066459656, 105.217063904, 78.3045806885, 2789.99145508, 3622.82519531, 2627.4921875, 446.461425781, 4355.24560547, 751.010131836, 5119.19873047, 4004.03051758, 1876.04724121, 8604.03710938, 3066.22290039, 4663.48925781, 5469.65869141, 2500.13647461, 850.274963379, 195.45161438, 108.154373169, 214.743011475, 377.421264648, 20.3280277252, 26.8986988068, 11.0218381882, 16.9255466461, 15.0704784393, 15.2890825272, 14.1757221222, 21.2959308624, 15.1572904587, 6.09223365784, 1.66604876518, 0.280771464109, 0.0379115305841, 0.00470750778913, 0.000422945711762, 7.73826013756e-06, 3.24122204631e-08]}, "gfcc": {"mean": [-83.4587631226, 161.600601196, -118.580169678, -9.32920455933, -40.1283721924, -7.04093456268, -21.625, -9.50113201141, -22.5353412628, -13.9876937866, -9.80006885529, -11.876203537, -10.4406089783], "cov": [[15354.1689453, 465.274261475, 3141.33959961, 2925.87866211, -1058.70373535, 950.444946289, -1536.85510254, -230.523025513, -142.04473877, 468.816711426, -263.422698975, 311.207000732, -302.856140137], [465.274261475, 4967.94287109, -603.505187988, -208.701202393, 1090.99914551, -1041.78796387, 299.955291748, -353.755615234, 203.698242188, -228.077316284, 283.237548828, -302.21295166, 116.947898865], [3141.33959961, -603.505187988, 2726.30444336, 1210.31530762, -513.083007812, 655.927856445, -611.87890625, -5.81338214874, -6.49285507202, 208.603225708, -117.341049194, 182.396072388, -127.238327026], [2925.87866211, -208.701202393, 1210.31530762, 1375.38867188, -115.994972229, 245.768463135, -482.127685547, -151.799087524, 52.6239814758, 197.318130493, -44.3387756348, 73.137260437, -81.2135009766], [-1058.70373535, 1090.99914551, -513.083007812, -115.994972229, 586.081054688, -310.598846436, 214.819702148, -134.605163574, 42.2234153748, -40.1605224609, 116.013450623, -80.7187576294, 56.7582397461], [950.444946289, -1041.78796387, 655.927856445, 245.768463135, -310.598846436, 571.585693359, -144.571609497, 43.7751464844, -84.840713501, 111.305854797, -46.7534751892, 132.312606812, -72.3190460205], [-1536.85510254, 299.955291748, -611.87890625, -482.127685547, 214.819702148, -144.571609497, 434.362243652, 45.4790420532, -57.0024147034, -97.1507720947, 56.6759910583, -28.3317089081, 74.748588562], [-230.523025513, -353.755615234, -5.81338214874, -151.799087524, -134.605163574, 43.7751464844, 45.4790420532, 271.387451172, 35.7560043335, -92.1748809814, -77.0432815552, 7.47835922241, 35.4333648682], [-142.04473877, 203.698242188, -6.49285507202, 52.6239814758, 42.2234153748, -84.840713501, -57.0024147034, 35.7560043335, 188.55708313, 30.6271286011, -22.7181758881, -72.4849700928, -32.1537590027], [468.816711426, -228.077316284, 208.603225708, 197.318130493, -40.1605224609, 111.305854797, -97.1507720947, -92.1748809814, 30.6271286011, 193.165206909, 29.3402271271, 4.67962932587, -78.9337844849], [-263.422698975, 283.237548828, -117.341049194, -44.3387756348, 116.013450623, -46.7534751892, 56.6759910583, -77.0432815552, -22.7181758881, 29.3402271271, 120.638435364, 21.9012298584, -2.78494739532], [311.207000732, -302.21295166, 182.396072388, 73.137260437, -80.7187576294, 132.312606812, -28.3317089081, 7.47835922241, -72.4849700928, 4.67962932587, 21.9012298584, 130.350875854, 30.4302005768], [-302.856140137, 116.947898865, -127.238327026, -81.2135009766, 56.7582397461, -72.3190460205, 74.748588562, 35.4333648682, -32.1537590027, -78.9337844849, -2.78494739532, 30.4302005768, 114.878044128]], "icov": [[0.000356666394509, -0.000592129305005, 0.000346794724464, -0.000646028725896, 0.000718793831766, -0.000416838127421, 0.000575472426135, -0.000635053729638, 0.00107514974661, -0.00102022383362, 0.0013958044583, -0.00105458020698, 0.000587475602515], [-0.000592129305005, 0.00161839299835, -0.00090806215303, 0.00114809570368, -0.00173758738674, 0.00126768823247, -0.000965939834714, 0.00162291852757, -0.00222349260002, 0.0026870269794, -0.00348288356327, 0.00265471171588, -0.00118194054812], [0.000346794724464, -0.00090806215303, 0.00135848030914, -0.00119275646284, 0.00115961546544, -0.00122635473963, 0.000910568691324, -0.00101982289925, 0.00120660441462, -0.00137833680492, 0.00199946691282, -0.00174271222204, 0.000777974782977], [-0.000646028725896, 0.00114809570368, -0.00119275646284, 0.00294449133798, -0.00206801993772, 0.000868758826982, 0.000221776586841, 0.00164809054695, -0.00207843910903, 0.00118087092414, -0.00188578071538, 0.00145719537977, -0.00139745150227], [0.000718793831766, -0.00173758738674, 0.00115961546544, -0.00206801993772, 0.00615836819634, -0.000794480030891, -0.000704395934008, 0.000111850808025, 0.00097177393036, -0.00191489432473, 0.00105538626667, -0.00123934575822, -0.000322612322634], [-0.000416838127421, 0.00126768823247, -0.00122635473963, 0.000868758826982, -0.000794480030891, 0.00553586520255, -0.00123960559722, 0.00029123070999, -0.000134030880872, 4.68139442091e-05, -0.00078276154818, -0.00161430530716, 0.00186398299411], [0.000575472426135, -0.000965939834714, 0.000910568691324, 0.000221776586841, -0.000704395934008, -0.00123960559722, 0.0067022787407, -0.00270934193395, 0.00378996622749, -0.00206090183929, 0.00109738844912, -0.000464466109406, -0.000497521366924], [-0.000635053729638, 0.00162291852757, -0.00101982289925, 0.00164809054695, 0.000111850808025, 0.00029123070999, -0.00270934193395, 0.00938006397337, -0.00615235511214, 0.00603158539161, -0.00127373880241, 0.00154341664165, -0.0023103991989], [0.00107514974661, -0.00222349260002, 0.00120660441462, -0.00207843910903, 0.00097177393036, -0.000134030880872, 0.00378996622749, -0.00615235511214, 0.0133679537103, -0.00687399227172, 0.00559721468017, -0.00030572299147, 0.00306728109717], [-0.00102022383362, 0.0026870269794, -0.00137833680492, 0.00118087092414, -0.00191489432473, 4.68139442091e-05, -0.00206090183929, 0.00603158539161, -0.00687399227172, 0.015474839136, -0.00861822906882, 0.00459570204839, 0.00162187067326], [0.0013958044583, -0.00348288356327, 0.00199946691282, -0.00188578071538, 0.00105538626667, -0.00078276154818, 0.00109738844912, -0.00127373880241, 0.00559721468017, -0.00861822906882, 0.0238734614104, -0.0135114267468, 0.00657427450642], [-0.00105458020698, 0.00265471171588, -0.00174271222204, 0.00145719537977, -0.00123934575822, -0.00161430530716, -0.000464466109406, 0.00154341664165, -0.00030572299147, 0.00459570204839, -0.0135114267468, 0.0229876618832, -0.010305179283], [0.000587475602515, -0.00118194054812, 0.000777974782977, -0.00139745150227, -0.000322612322634, 0.00186398299411, -0.000497521366924, -0.0023103991989, 0.00306728109717, 0.00162187067326, 0.00657427450642, -0.010305179283, 0.018561873585]]}, "melbands": {"dmean": [0.00188278907444, 0.00171067810152, 0.000956643256359, 0.00123319309205, 0.000383057718864, 0.000133917637868, 0.000156471403898, 7.02961478964e-05, 0.000100763631053, 5.27295960637e-05, 3.06012989313e-05, 3.59094992746e-05, 2.12247923628e-05, 3.34948199452e-05, 1.78471418621e-05, 2.85145033558e-05, 9.32612056204e-06, 1.06142570075e-05, 6.0675529312e-06, 5.43668420505e-06, 4.12339841205e-06, 4.72814281238e-06, 2.48962010119e-06, 1.94741255655e-06, 1.01172190625e-06, 1.04583614302e-06, 7.65909362599e-07, 6.19744128016e-07, 6.8353244842e-07, 5.74304635848e-07, 6.57549946936e-07, 6.56157794765e-07, 4.80490484733e-07, 5.24723986928e-07, 8.16326064523e-07, 5.80554228691e-07, 7.57944235374e-07, 4.84206509554e-07, 3.65972709915e-07, 2.5827333161e-07], "dmean2": [0.00301576778293, 0.00294577865861, 0.00165491271764, 0.00200689258054, 0.000563430425245, 0.000202488954528, 0.000213416773477, 9.14333577384e-05, 0.000129050851683, 6.96885908837e-05, 3.9950133214e-05, 4.87056131533e-05, 2.85118712782e-05, 4.3739528337e-05, 2.63372185145e-05, 3.9135778934e-05, 1.3762686649e-05, 1.424238053e-05, 9.86892518995e-06, 8.50142350828e-06, 6.46839907859e-06, 7.7414279076e-06, 3.97211670133e-06, 2.81534607893e-06, 1.61970274348e-06, 1.65116762219e-06, 1.24619600683e-06, 1.04945149815e-06, 1.12152076781e-06, 8.78618664046e-07, 1.04376215404e-06, 1.07823882445e-06, 7.02471311342e-07, 7.61095407142e-07, 1.30611965687e-06, 8.88297392976e-07, 1.26656561861e-06, 7.25389099898e-07, 5.11799441938e-07, 3.73078222538e-07], "dvar": [0.000149569765199, 7.32368862373e-05, 6.10787765254e-06, 3.26155604853e-05, 4.44364843588e-07, 5.73458436293e-08, 1.59185759685e-07, 1.9408782137e-08, 3.1278737822e-08, 9.0459222335e-09, 4.98305174901e-09, 5.87909276817e-09, 1.38331446298e-09, 6.96360702435e-09, 2.06587258411e-09, 5.49508705205e-09, 6.48624931543e-10, 1.33788136125e-09, 1.77283854264e-10, 1.64305083428e-10, 8.39795802343e-11, 1.41386596875e-10, 7.26994506262e-11, 4.54702699104e-11, 9.17161919328e-12, 1.85545259712e-11, 4.87837938448e-12, 3.62380698365e-12, 4.80652236762e-12, 2.52587447486e-12, 4.2117221169e-12, 4.83564403797e-12, 2.28307715615e-12, 2.13392086119e-12, 7.80514888832e-12, 3.54669071889e-12, 6.50731812185e-12, 2.27511325751e-12, 1.17747153174e-12, 5.74009210389e-13], "dvar2": [0.000381494901376, 0.00020943157142, 1.72408090293e-05, 8.30003409646e-05, 1.00250008472e-06, 1.42554412719e-07, 3.18323088777e-07, 4.08277429642e-08, 5.94441580404e-08, 1.82544557248e-08, 9.46950873271e-09, 1.22831860239e-08, 2.78610889914e-09, 1.30582202829e-08, 4.25896917733e-09, 1.09610578392e-08, 1.39328415472e-09, 2.34439512248e-09, 4.595016867e-10, 3.97579164035e-10, 2.00095190417e-10, 3.73026443068e-10, 1.84379359003e-10, 5.72240310692e-11, 2.33343847716e-11, 4.83675981211e-11, 1.22233750899e-11, 9.44433073413e-12, 1.17014861342e-11, 5.43428236438e-12, 1.07158396739e-11, 1.27094220564e-11, 4.84359861247e-12, 4.34372546612e-12, 2.04276665028e-11, 8.53684310742e-12, 1.72936734377e-11, 5.21525791303e-12, 2.41875074657e-12, 1.25116453656e-12], "max": [0.164757594466, 0.120200969279, 0.0373646467924, 0.0825316980481, 0.0143290078267, 0.00645041139796, 0.0145948296413, 0.00460197590292, 0.00454841321334, 0.00227798032574, 0.00217212364078, 0.00217467290349, 0.000947801570874, 0.0022078063339, 0.00127502926625, 0.00220807525329, 0.000714724767022, 0.000996436807327, 0.00021145863866, 0.000329153292114, 0.00019059094484, 0.000309097289573, 0.000293162680464, 0.000366959080566, 0.000105971383164, 0.000179262977326, 6.42951854388e-05, 3.62911705452e-05, 3.79803968826e-05, 4.57403439214e-05, 2.26492011279e-05, 3.39140569849e-05, 2.29738980124e-05, 2.21469399548e-05, 3.07303271256e-05, 3.63752587873e-05, 2.49010063271e-05, 2.01468392333e-05, 1.5005853129e-05, 9.39135497902e-06], "mean": [0.00179686537012, 0.00259726401418, 0.00174261152279, 0.00181869231164, 0.00133068091236, 0.000456816167571, 0.000439580646344, 0.000310451257974, 0.000450887193438, 0.000261864450295, 0.000133460780489, 0.000220548754442, 0.000139614465297, 0.000191672035726, 7.239288243e-05, 0.000120736440294, 2.89398922177e-05, 2.29707547987e-05, 9.41529742704e-06, 8.91407125891e-06, 6.9527013693e-06, 7.5324237514e-06, 4.73833188153e-06, 3.4710037653e-06, 1.63868992331e-06, 1.77149001956e-06, 1.24711914395e-06, 7.9387501728e-07, 9.20924094316e-07, 9.26720815642e-07, 8.2018732428e-07, 7.58955081892e-07, 6.8312061785e-07, 7.55278506404e-07, 9.63257093645e-07, 7.58385908739e-07, 8.06958155408e-07, 6.24066501587e-07, 4.93509446642e-07, 3.48451123955e-07], "median": [0.00016676344967, 0.00146625423804, 0.00143205549102, 0.000906177214347, 0.000748830847442, 0.000286127498839, 0.000119393473142, 0.000162077601999, 0.000239690460148, 6.16037505097e-05, 4.15783506469e-05, 4.27101585956e-05, 4.63057876914e-05, 3.92792535422e-05, 1.58495186042e-05, 2.46642757702e-05, 6.21496747044e-06, 5.7158040363e-06, 2.6166974294e-06, 2.81960797111e-06, 1.85446651813e-06, 1.18319815101e-06, 1.32294553623e-06, 9.56819121711e-07, 5.18253216342e-07, 5.6896493561e-07, 3.92947214323e-07, 1.75088132437e-07, 1.36716849397e-07, 5.94488760441e-08, 3.20402833154e-08, 2.58997108205e-08, 1.1179213999e-08, 7.76310127293e-09, 8.23324430854e-09, 4.70690952881e-09, 2.82601142487e-09, 2.08806616442e-09, 1.29541277705e-09, 7.27217286389e-10], "min": [7.50833653606e-14, 8.68821548451e-14, 2.74935951013e-14, 3.80479203916e-14, 6.20240485491e-14, 4.8226620451e-14, 8.45901717813e-14, 6.48575770455e-14, 9.54615448918e-15, 2.49765384427e-14, 6.72314986886e-14, 7.53918412075e-14, 7.61120563819e-14, 1.02844355211e-13, 4.05110718734e-14, 1.33635422471e-14, 1.94224959737e-14, 2.12227374482e-14, 1.80961609629e-14, 2.04102160113e-14, 6.40898077474e-15, 1.10036898213e-14, 2.38222307413e-14, 4.70997447587e-14, 7.67522371071e-14, 3.57542330974e-14, 7.86838584739e-14, 5.45511376414e-14, 2.88817126953e-14, 2.93513551951e-14, 4.65711419895e-14, 5.29679890172e-14, 4.70907187756e-14, 5.43008224648e-14, 5.97068510085e-14, 4.45091419233e-14, 3.09515766153e-14, 1.84197868411e-14, 2.1024596113e-14, 1.44578867921e-14], "var": [0.000130815795274, 4.59534712718e-05, 4.7198223001e-06, 2.62807989202e-05, 2.95375389214e-06, 2.90762613986e-07, 8.76685760431e-07, 1.83644075946e-07, 3.19562417417e-07, 1.50376820329e-07, 5.33045145801e-08, 1.24157978121e-07, 3.11011376652e-08, 1.31814744009e-07, 2.43851037141e-08, 5.39201110428e-08, 5.15634601683e-09, 4.13001632893e-09, 2.95504648529e-10, 2.84786055849e-10, 1.78637118986e-10, 2.94942903434e-10, 2.15308340601e-10, 1.76195211199e-10, 1.14994255437e-11, 2.10161592989e-11, 8.98164702334e-12, 4.6180958363e-12, 6.97091082774e-12, 5.69555947544e-12, 5.11062719921e-12, 5.56294550355e-12, 4.19581470262e-12, 4.34469951335e-12, 8.4578420656e-12, 5.20210090282e-12, 6.62406804755e-12, 3.4282199475e-12, 2.11249594206e-12, 9.45408139795e-13]}, "mfcc": {"mean": [-727.062316895, 194.410385132, -7.90713167191, 5.07510471344, -1.1274214983, -1.24413347244, 4.06252861023, 2.00987887383, -7.03711795807, -4.93736553192, -3.99748086929, -1.59778773785, -5.62990856171], "cov": [[10637.9912109, 539.530334473, 1917.67456055, 1705.03845215, 574.406982422, 595.48828125, -378.74697876, -473.825836182, -216.411575317, 1.60842692852, -67.1180877686, 160.887054443, 70.819984436], [539.530334473, 4444.48193359, -698.992980957, 763.003601074, 380.98840332, -219.665313721, 66.9310455322, -188.199554443, -120.272232056, -2.96130561829, 26.2847003937, -30.6526927948, 84.8616256714], [1917.67456055, -698.992980957, 2235.79370117, 351.612701416, 244.998428345, 344.960388184, -138.677780151, -58.4666633606, -18.9663600922, 32.9411010742, 10.3333616257, 54.9239349365, 23.1239566803], [1705.03845215, 763.003601074, 351.612701416, 1056.85913086, 371.05368042, 148.421005249, -111.059913635, -239.098114014, -65.9712677002, 49.2101745605, 19.6567020416, 32.2274055481, 47.2206878662], [574.406982422, 380.98840332, 244.998428345, 371.05368042, 313.135803223, 123.675415039, -61.3999023438, -103.174621582, -44.3771514893, 25.045167923, 27.853603363, 34.1529922485, 25.962184906], [595.48828125, -219.665313721, 344.960388184, 148.421005249, 123.675415039, 302.702301025, 51.9578857422, -106.948020935, -80.5685882568, -25.2215652466, 59.0924377441, 91.9953918457, 25.6862792969], [-378.74697876, 66.9310455322, -138.677780151, -111.059913635, -61.3999023438, 51.9578857422, 250.269699097, 82.5863876343, -37.5925102234, -64.9211425781, -28.3855113983, 12.0615787506, 47.5274124146], [-473.825836182, -188.199554443, -58.4666633606, -239.098114014, -103.174621582, -106.948020935, 82.5863876343, 253.555404663, 106.71736908, -24.1845684052, -87.4469680786, -57.0258026123, 15.2567825317], [-216.411575317, -120.272232056, -18.9663600922, -65.9712677002, -44.3771514893, -80.5685882568, -37.5925102234, 106.71736908, 165.491516113, 59.3712425232, -35.1235618591, -48.08852005, -24.8849506378], [1.60842692852, -2.96130561829, 32.9411010742, 49.2101745605, 25.045167923, -25.2215652466, -64.9211425781, -24.1845684052, 59.3712425232, 144.372772217, 62.1935844421, -31.5002059937, -47.3609008789], [-67.1180877686, 26.2847003937, 10.3333616257, 19.6567020416, 27.853603363, 59.0924377441, -28.3855113983, -87.4469680786, -35.1235618591, 62.1935844421, 192.274414062, 71.0496368408, -64.3347625732], [160.887054443, -30.6526927948, 54.9239349365, 32.2274055481, 34.1529922485, 91.9953918457, 12.0615787506, -57.0258026123, -48.08852005, -31.5002059937, 71.0496368408, 149.775054932, 42.1046829224], [70.819984436, 84.8616256714, 23.1239566803, 47.2206878662, 25.962184906, 25.6862792969, 47.5274124146, 15.2567825317, -24.8849506378, -47.3609008789, -64.3347625732, 42.1046829224, 141.947219849]], "icov": [[0.000168137121364, -3.9886097511e-05, -7.1442911576e-05, -0.000253163918387, 0.000260946253547, -0.000338492536684, 0.000322949519614, -0.000171941850567, 0.000265576294623, -0.000144724210259, 0.000375362578779, -0.000229548852076, 0.000196176290046], [-3.9886097511e-05, 0.000398068659706, 7.75828229962e-05, -0.000109807238914, -0.000683471793309, 0.000900276354514, -0.000632142648101, 0.000459591858089, -0.000154421140905, 0.000312069401843, -0.000426778860856, 0.000239052867983, -0.000257122504991], [-7.1442911576e-05, 7.75828229962e-05, 0.000712817767635, -5.84265508223e-05, -0.000180660106707, -0.000842504377943, 0.000580363848712, -0.000646058644634, 0.00021597808518, -0.0002011974575, 1.34280535349e-05, 0.000163745586178, -0.000118555188237], [-0.000253163918387, -0.000109807238914, -5.84265508223e-05, 0.00242119398899, -0.00209450046532, 0.00055144081125, -0.000623319472652, 0.00190801394638, -0.00109240645543, 5.52470773982e-05, -4.96647771797e-05, 0.000538976630196, -0.000672506983392], [0.000260946253547, -0.000683471793309, -0.000180660106707, -0.00209450046532, 0.0080335251987, -0.00402328418568, 0.00311633362435, -0.00226116296835, 0.00201238994487, -0.00175484979991, 0.000980927259661, -0.000515678431839, -0.000172240528627], [-0.000338492536684, 0.000900276354514, -0.000842504377943, 0.00055144081125, -0.00402328418568, 0.0101039828733, -0.00543362786993, 0.0046347132884, -0.00160688965116, 0.00190045149066, -0.00191971450113, -0.00147914839908, -0.000265837326879], [0.000322949519614, -0.000632142648101, 0.000580363848712, -0.000623319472652, 0.00311633362435, -0.00543362786993, 0.00920567475259, -0.00569408899173, 0.00394764123484, -0.000373871269403, 0.000604803208262, 0.000342056679074, -0.00098741822876], [-0.000171941850567, 0.000459591858089, -0.000646058644634, 0.00190801394638, -0.00226116296835, 0.0046347132884, -0.00569408899173, 0.012615442276, -0.00801631063223, 0.00355182541534, -0.000191819912288, 0.00169431464747, -0.00140277331229], [0.000265576294623, -0.000154421140905, 0.00021597808518, -0.00109240645543, 0.00201238994487, -0.00160688965116, 0.00394764123484, -0.00801631063223, 0.0150106558576, -0.00767660047859, 0.00441983854398, -0.00262644910254, 0.00260308687575], [-0.000144724210259, 0.000312069401843, -0.0002011974575, 5.52470773982e-05, -0.00175484979991, 0.00190045149066, -0.000373871269403, 0.00355182541534, -0.00767660047859, 0.0153703866526, -0.00824114028364, 0.00618272507563, -0.00216598599218], [0.000375362578779, -0.000426778860856, 1.34280535349e-05, -4.96647771797e-05, 0.000980927259661, -0.00191971450113, 0.000604803208262, -0.000191819912288, 0.00441983854398, -0.00824114028364, 0.015516243875, -0.00956429168582, 0.00796288065612], [-0.000229548852076, 0.000239052867983, 0.000163745586178, 0.000538976630196, -0.000515678431839, -0.00147914839908, 0.000342056679074, 0.00169431464747, -0.00262644910254, 0.00618272507563, -0.00956429168582, 0.015545912087, -0.00751267746091], [0.000196176290046, -0.000257122504991, -0.000118555188237, -0.000672506983392, -0.000172240528627, -0.000265837326879, -0.00098741822876, -0.00140277331229, 0.00260308687575, -0.00216598599218, 0.00796288065612, -0.00751267746091, 0.0134758492932]]}, "spectral_contrast_coeffs": {"dmean": [0.0450840592384, 0.0359827540815, 0.0318327695131, 0.0299557931721, 0.0227869711816, 0.0212499648333], "dmean2": [0.0755254849792, 0.0579481646419, 0.0515574067831, 0.0482090450823, 0.0362869761884, 0.035816013813], "dvar": [0.00159457151312, 0.00113107485231, 0.00115600775462, 0.00102525635157, 0.000599703576881, 0.000577671336941], "dvar2": [0.00413736747578, 0.00276581360959, 0.00287271640263, 0.00229445891455, 0.00127886875998, 0.00161499669775], "max": [-0.206661701202, -0.255053520203, -0.340429365635, -0.399425208569, -0.506009817123, -0.520682573318], "mean": [-0.579731881618, -0.670164465904, -0.647394478321, -0.692288458347, -0.745886981487, -0.798133552074], "median": [-0.569355487823, -0.669969141483, -0.643491566181, -0.702145695686, -0.747971177101, -0.800898909569], "min": [-0.955147087574, -0.975042104721, -0.975699663162, -0.962775468826, -0.949967861176, -0.958369493484], "var": [0.00916087813675, 0.00805850047618, 0.0110711893067, 0.0079937800765, 0.00497606303543, 0.00255215773359]}, "spectral_contrast_valleys": {"dmean": [0.402457118034, 0.314982920885, 0.33290630579, 0.332256704569, 0.328425705433, 0.528355121613], "dmean2": [0.682287931442, 0.510595083237, 0.533449470997, 0.518097579479, 0.470209389925, 0.70351600647], "dvar": [0.177230462432, 0.139779761434, 0.170299053192, 0.180157274008, 0.225307047367, 0.572562754154], "dvar2": 