{"lowlevel": {"average_loudness": 0.861975908279, "barkbands_crest": {"dmean": 3.01961946487, "dmean2": 4.45176649094, "dvar": 8.97842216492, "dvar2": 18.1962528229, "max": 26.7507381439, "mean": 12.1760396957, "median": 10.931219101, "min": 2.07259511948, "var": 44.7981948853}, "barkbands_flatness_db": {"dmean": 0.0284934602678, "dmean2": 0.0385268777609, "dvar": 0.000906671397388, "dvar2": 0.00159753777552, "max": 0.42185652256, "mean": 0.1162205562, "median": 0.0985948741436, "min": 0.0129330353811, "var": 0.0053819399327}, "barkbands_kurtosis": {"dmean": 8.18813705444, "dmean2": 11.3475561142, "dvar": 1133.23669434, "dvar2": 2746.26977539, "max": 984.271728516, "mean": 11.6386651993, "median": 1.08966803551, "min": -1.88456964493, "var": 1855.62792969}, "barkbands_skewness": {"dmean": 0.911781489849, "dmean2": 1.21072030067, "dvar": 1.53269958496, "dvar2": 3.10628056526, "max": 30.249792099, "mean": 1.93993401527, "median": 1.3793888092, "min": -5.75318479538, "var": 7.49351215363}, "barkbands_spread": {"dmean": 11.9768619537, "dmean2": 17.2574176788, "dvar": 182.470870972, "dvar2": 343.327423096, "max": 116.029335022, "mean": 36.4437942505, "median": 33.0704345703, "min": 0.37539768219, "var": 584.501037598}, "dissonance": {"dmean": 0.00946036353707, "dmean2": 0.0155417351052, "dvar": 0.000103594618849, "dvar2": 0.000269445969025, "max": 0.500000178814, "mean": 0.484524488449, "median": 0.489061832428, "min": 0.376388072968, "var": 0.00022778956918}, "dynamic_complexity": 2.83925938606, "erbbands_crest": {"dmean": 1.88653039932, "dmean2": 3.02604436874, "dvar": 3.74484109879, "dvar2": 8.80103206635, "max": 25.6691875458, "mean": 6.41111803055, "median": 5.31023693085, "min": 1.93345081806, "var": 12.4293060303}, "erbbands_flatness_db": {"dmean": 0.0180509015918, "dmean2": 0.0262934137136, "dvar": 0.000334322103299, "dvar2": 0.000663750630338, "max": 0.314648449421, "mean": 0.107188634574, "median": 0.0963624119759, "min": 0.0290313642472, "var": 0.00183556065895}, "erbbands_kurtosis": {"dmean": 0.751648902893, "dmean2": 1.20205545425, "dvar": 0.967314660549, "dvar2": 2.31048822403, "max": 31.2967376709, "mean": 0.050729803741, "median": -0.344555258751, "min": -1.89035701752, "var": 2.53063154221}, "erbbands_skewness": {"dmean": 0.353007167578, "dmean2": 0.534453690052, "dvar": 0.116665221751, "dvar2": 0.265146017075, "max": 4.32426023483, "mean": -0.126435920596, "median": -0.176364034414, "min": -3.44987797737, "var": 0.456678748131}, "erbbands_spread": {"dmean": 11.6060123444, "dmean2": 17.4678516388, "dvar": 138.722518921, "dvar2": 308.912017822, "max": 210.074432373, "mean": 52.2006149292, "median": 50.7165145874, "min": 4.49923801422, "var": 493.550384521}, "hfc": {"dmean": 26.8419895172, "dmean2": 40.973236084, "dvar": 1791.13818359, "dvar2": 4165.35107422, "max": 422.57321167, "mean": 50.8526420593, "median": 30.7886428833, "min": 9.45508116246e-09, "var": 3193.44165039}, "melbands_crest": {"dmean": 3.76152634621, "dmean2": 5.7058300972, "dvar": 12.8343391418, "dvar2": 29.5648517609, "max": 35.8640937805, "mean": 17.7750892639, "median": 17.557559967, "min": 1.97689366341, "var": 62.1485290527}, "melbands_flatness_db": {"dmean": 0.0376950390637, "dmean2": 0.0505899637938, "dvar": 0.00146437785588, "dvar2": 0.00271338340826, "max": 0.535570323467, "mean": 0.176698073745, "median": 0.155058383942, "min": 0.0106686893851, "var": 0.00987022276968}, "melbands_kurtosis": {"dmean": 20.1304454803, "dmean2": 25.4003677368, "dvar": 2688.25415039, "dvar2": 3413.99707031, "max": 1511.20996094, "mean": 41.825881958, "median": 11.0705089569, "min": -1.70322155952, "var": 13599.75}, "melbands_skewness": {"dmean": 1.23809289932, "dmean2": 1.66942989826, "dvar": 2.33901143074, "dvar2": 4.01384496689, "max": 30.4139003754, "mean": 4.09776544571, "median": 3.11479520798, "min": -1.34736716747, "var": 14.4665985107}, "melbands_spread": {"dmean": 15.088596344, "dmean2": 22.4719429016, "dvar": 389.835174561, "dvar2": 864.022338867, "max": 215.505264282, "mean": 35.6633110046, "median": 25.3819618225, "min": 0.276895165443, "var": 1111.51049805}, "pitch_salience": {"dmean": 0.0877416208386, "dmean2": 0.122792415321, "dvar": 0.00839779525995, "dvar2": 0.0156669784337, "max": 0.962985515594, "mean": 0.514148056507, "median": 0.547656178474, "min": 0.017256744206, "var": 0.047545786947}, "silence_rate_20dB": {"dmean": 0, "dmean2": 0, "dvar": 0, "dvar2": 0, "max": 1, "mean": 1, "median": 1, "min": 1, "var": 0}, "silence_rate_30dB": {"dmean": 0.0532520860434, "dmean2": 0.106518283486, "dvar": 0.0504180938005, "dvar2": 0.113460712135, "max": 1, "mean": 0.93562912941, "median": 1, "min": 0, "var": 0.0602315478027}, "silence_rate_60dB": {"dmean": 0.0219896677881, "dmean2": 0.0438526757061, "dvar": 0.0215063970536, "dvar2": 0.0461686402559, "max": 1, "mean": 0.0683443695307, "median": 0, "min": 0, "var": 0.0636717230082}, "spectral_centroid": {"dmean": 374.253265381, "dmean2": 538.38104248, "dvar": 152103.484375, "dvar2": 307797.0625, "max": 5617.69140625, "mean": 2071.53662109, "median": 2044.07116699, "min": 166.958618164, "var": 713481.4375}, "spectral_complexity": {"dmean": 6.92807006836, "dmean2": 10.08730793, "dvar": 56.5204696655, "dvar2": 112.779388428, "max": 64, "mean": 25.9521846771, "median": 26, "min": 0, "var": 231.253616333}, "spectral_decrease": {"dmean": 3.37864802802e-09, "dmean2": 4.65332083976e-09, "dvar": 1.77129792851e-17, "dvar2": 3.92802397215e-17, "max": 2.65764771301e-10, "mean": -1.05504307513e-08, "median": -8.63153282182e-09, "min": -5.44099023614e-08, "var": 8.13881004141e-17}, "spectral_energy": {"dmean": 0.0135861793533, "dmean2": 0.0192610193044, "dvar": 0.000259157619439, "dvar2": 0.000584193039685, "max": 0.208069190383, "mean": 0.0444323718548, "median": 0.0388735458255, "min": 8.71247464364e-13, "var": 0.00114908954129}, "spectral_energyband_high": {"dmean": 0.00262243137695, "dmean2": 0.00394844776019, "dvar": 1.84363852895e-05, "dvar2": 4.20704418502e-05, "max": 0.0430690050125, "mean": 0.00407609064132, "median": 0.00195470592007, "min": 6.14371455186e-13, "var": 2.91558790195e-05}, "spectral_energyband_low": {"dmean": 0.0125168059021, "dmean2": 0.015902960673, "dvar": 0.000285874906695, "dvar2": 0.000596081314143, "max": 0.200216174126, "mean": 0.0288730412722, "median": 0.0176313556731, "min": 1.80398756236e-14, "var": 0.00116228638217}, "spectral_energyband_middle_high": {"dmean": 0.0022537515033, "dmean2": 0.00356418546289, "dvar": 9.60255965765e-06, "dvar2": 2.39099808823e-05, "max": 0.0270741842687, "mean": 0.00528630521148, "median": 0.00398737983778, "min": 1.38128955973e-13, "var": 2.20863948925e-05}, "spectral_energyband_middle_low": {"dmean": 0.00445925723761, "dmean2": 0.0069235553965, "dvar": 8.92773459782e-05, "dvar2": 0.000200237132958, "max": 0.104784198105, "mean": 0.0072003621608, "median": 0.00433232355863, "min": 2.15292769777e-14, "var": 0.000101611862192}, "spectral_entropy": {"dmean": 0.162762477994, "dmean2": 0.234649300575, "dvar": 0.0305246468633, "dvar2": 0.0618962347507, "max": 8.98815155029, "mean": 8.11916065216, "median": 8.19682502747, "min": 6.08629369736, "var": 0.133587241173}, "spectral_flux": {"dmean": 0.0340819954872, "dmean2": 0.0531617291272, "dvar": 0.00132747250609, "dvar2": 0.00285113183782, "max": 0.375478327274, "mean": 0.108607366681, "median": 0.096663236618, "min": 2.12808263313e-05, "var": 0.004122256767}, "spectral_kurtosis": {"dmean": 0.949302613735, "dmean2": 1.45380866528, "dvar": 1.27805876732, "dvar2": 3.09881258011, "max": 26.0270023346, "mean": 3.09252142906, "median": 2.73597240448, "min": -0.580149650574, "var": 3.29102158546}, "spectral_rms": {"dmean": 0.000994384754449, "dmean2": 0.00139461853541, "dvar": 1.0633450529e-06, "dvar2": 2.27684427045e-06, "max": 0.0142476074398, "mean": 0.00599518790841, "median": 0.00615836121142, "min": 2.91547159748e-08, "var": 7.40635323382e-06}, "spectral_rolloff": {"dmean": 1534.49768066, "dmean2": 2332.56030273, "dvar": 4918165, "dvar2": 10061155, "max": 19702.8808594, "mean": 3968.48168945, "median": 1873.38867188, "min": 64.599609375, "var": 23305530}, "spectral_skewness": {"dmean": 0.177912682295, "dmean2": 0.266679167747, "dvar": 0.0306705012918, "dvar2": 0.0720814540982, "max": 4.07307195663, "mean": 1.36886847019, "median": 1.32864809036, "min": -0.232686474919, "var": 0.123106732965}, "spectral_spread": {"dmean": 974260.6875, "dmean2": 1395269, "dvar": 957520084992, "dvar2": 1849595396100.0, "max": 14131204, "mean": 6414743.5, "median": 6410131, "min": 1850290.25, "var": 3194382974980.0}, "spectral_strongpeak": {"dmean": 0.368494987488, "dmean2": 0.620457947254, "dvar": 2.51800990105, "dvar2": 7.10136365891, "max": 63.4514808655, "mean": 0.600630879402, "median": 0.425219118595, "min": 0, "var": 2.15979862213}, "zerocrossingrate": {"dmean": 0.0270566288382, "dmean2": 0.03031677939, "dvar": 0.000794759427663, "dvar2": 0.00102592480835, "max": 0.77392578125, "mean": 0.126364469528, "median": 0.09521484375, "min": 0.00244140625, "var": 0.0128427818418}, "barkbands": {"dmean": [0.000611824856605, 0.0112443901598, 0.00433508679271, 0.00211313832551, 0.00251266919076, 0.000572415650822, 0.000484738295199, 0.00031550085987, 0.000392362329876, 0.000408826046623, 0.000365699699614, 0.000472683488624, 0.000315951008815, 0.000278771593003, 0.000254227226833, 0.000303474080283, 0.000326573353959, 0.000318851380143, 0.000304115150357, 0.000353231938789, 0.000393762165913, 0.000368455686839, 0.00045193254482, 0.000381575839128, 0.00045702647185, 0.000439152354375, 0.000213208390051], "dmean2": [0.00096717471024, 0.0138256289065, 0.00675533805043, 0.00378295825794, 0.00451488979161, 0.00093078619102, 0.000759816321079, 0.000502651440911, 0.000615120632574, 0.000646295840852, 0.000583032495342, 0.0007883728249, 0.000532201374881, 0.000463796663098, 0.000423246616265, 0.000504932133481, 0.000548630603589, 0.000523501075804, 0.000497540284414, 0.000541507382877, 0.000604725209996, 0.000556078797672, 0.000698540359735, 0.000599124410655, 0.000698153395206, 0.000711738248356, 0.000346422428265], "dvar": [1.06039294678e-06, 0.000292084616376, 0.000116298419016, 4.44629440608e-05, 5.58485407964e-05, 1.20724996577e-06, 8.54735105804e-07, 3.73145553567e-07, 6.13382837855e-07, 8.19816477815e-07, 5.29398334947e-07, 8.28412566989e-07, 2.89720162527e-07, 2.34146099842e-07, 1.75241126499e-07, 3.24287668718e-07, 2.17719929196e-07, 1.71971095142e-07, 2.73033776921e-07, 3.1737459949e-07, 4.92014123665e-07, 3.64225428484e-07, 5.86855549045e-07, 3.97261345597e-07, 6.20448247446e-07, 7.04362093984e-07, 1.89127675299e-07], "dvar2": [2.84993666355e-06, 0.000532112724613, 0.000271400582278, 0.000124038124341, 0.000159464267199, 3.13273039865e-06, 2.11416954699e-06, 9.65013896348e-07, 1.30242517571e-06, 1.6557115714e-06, 1.17407546441e-06, 2.07573475564e-06, 7.80459629368e-07, 6.10503093412e-07, 4.61640865979e-07, 8.15898431483e-07, 5.68105406273e-07, 4.25896331535e-07, 7.11292329925e-07, 7.46448108657e-07, 1.10147254873e-06, 7.8418082694e-07, 1.3612955172e-06, 9.54393954089e-07, 1.43778981965e-06, 1.70323437487e-06, 4.67251339842e-07], "max": [0.013954388909, 0.197685167193, 0.130424365401, 0.0716015398502, 0.0878635942936, 0.0188015736639, 0.0163294691592, 0.01367360726, 0.0142873777077, 0.0182032156736, 0.014603946358, 0.0160032659769, 0.00672715064138, 0.0107189016417, 0.0065467772074, 0.0155443167314, 0.00829205289483, 0.0054250205867, 0.0121817132458, 0.0112473201007, 0.0145480278879, 0.0137137742713, 0.00849484279752, 0.00530255166814, 0.00653068767861, 0.0120562892407, 0.0107398098335], "mean": [0.00112995761447, 0.0218962933868, 0.00494719436392, 0.00166720605921, 0.00252773729153, 0.000874440884218, 0.000781811715569, 0.000501103291754, 0.000686718442012, 0.000669221859425, 0.000571211217903, 0.000642981904093, 0.000428394821938, 0.000400461518439, 0.00036594553967, 0.000444344070274, 0.000518765591551, 0.000591182673816, 0.000457136105979, 0.000537406827789, 0.000587352842558, 0.000572133460082, 0.000595112389419, 0.000534137361683, 0.00056545046391, 0.000529946875758, 0.000408650230384], "median": [0.000437142676674, 0.0092352759093, 0.00128849525936, 0.000341047096299, 0.000872886390425, 0.000472672720207, 0.00042349746218, 0.000265681184828, 0.000335501041263, 0.0002661110193, 0.000253439095104, 0.000266978109721, 0.000209372650716, 0.000210025827982, 0.000181117822649, 0.000235079351114, 0.000359908328392, 0.000429566425737, 0.000292178156087, 0.00027436792152, 0.000257811392657, 0.000251323275734, 0.000244744034717, 0.000226007337915, 0.000217262786464, 0.000171992753167, 7.15667774784e-05], "min": [2.52535453215e-14, 3.79975846116e-15, 7.39834945609e-16, 3.39264118067e-16, 3.65072629635e-16, 3.68463609572e-15, 6.49429732132e-15, 6.35223295541e-15, 2.6688491979e-15, 6.58759207123e-15, 3.62543103381e-15, 6.24655966601e-15, 2.02754666219e-14, 9.41293060614e-15, 1.35652733079e-14, 2.26548973673e-14, 6.90181080148e-15, 1.4952648901e-14, 2.35142885252e-14, 2.07969373737e-14, 1.53415251152e-14, 3.08459380542e-14, 4.44194784037e-14, 7.85322870102e-14, 1.02877782519e-13, 1.36541304522e-13, 2.16626385883e-13], "var": [2.39943415181e-06, 0.000963582016993, 0.000116160241305, 2.82216988126e-05, 3.58594043064e-05, 1.73697264927e-06, 1.37886706852e-06, 5.66018513837e-07, 1.26493966945e-06, 2.21056939154e-06, 1.04181185634e-06, 1.15614682272e-06, 3.57795187256e-07, 3.10024859118e-07, 2.30686566738e-07, 4.17988928803e-07, 3.33734448077e-07, 3.83508705681e-07, 3.28099247326e-07, 4.96723259857e-07, 7.62363242757e-07, 6.75705280173e-07, 7.73953672706e-07, 5.29628209733e-07, 7.59253907745e-07, 9.22208528209e-07, 1.21537982523e-06]}, "erbbands": {"dmean": [0.381694465876, 2.45449113846, 4.81961393356, 5.54818248749, 6.68788385391, 9.41654205322, 5.96333599091, 4.56734132767, 6.26940441132, 6.65174818039, 7.22878265381, 7.80640459061, 11.8755846024, 13.6220140457, 13.675570488, 17.2831020355, 14.6425609589, 13.526093483, 13.247759819, 13.6873273849, 16.4558238983, 18.220331192, 17.8912773132, 15.0048980713, 15.8199949265, 17.389913559, 15.8207654953, 15.4245738983, 12.9424371719, 14.3876123428, 12.0222253799, 8.3315114975, 6.41105175018, 4.84784126282, 3.35278940201, 1.91577851772, 0.814166247845, 0.263633847237, 0.0402314700186, 0.00148080603685], "dmean2": [0.469624370337, 3.06651449203, 7.20605421066, 8.95973205566, 11.4019966125, 16.9705371857, 9.98459148407, 7.43044233322, 9.97339248657, 10.4625864029, 11.3769750595, 12.3884048462, 18.628704071, 21.3129405975, 22.1780567169, 29.2244567871, 24.4846858978, 22.5827198029, 22.1893939972, 22.902715683, 27.0018997192, 30.7568454742, 29.2792835236, 24.6558628082, 24.7546787262, 27.0832633972, 24.3863754272, 23.6367092133, 19.6244068146, 22.1645565033, 18.3865299225, 13.2028608322, 9.92607784271, 7.3055729866, 5.23474693298, 3.08832454681, 1.32725977898, 0.435028910637, 0.0644468665123, 0.00232566683553], "dvar": [0.35370850563, 15.6089611053, 117.581855774, 230.082580566, 352.379638672, 808.059814453, 179.215011597, 75.8822174072, 132.597106934, 227.892883301, 155.581726074, 245.312835693, 632.949707031, 827.5078125, 602.648742676, 1083.20263672, 632.215209961, 572.979797363, 584.287414551, 557.672363281, 878.335998535, 675.173339844, 548.831298828, 529.094360352, 787.470703125, 875.933837891, 856.451049805, 676.914733887, 451.674835205, 588.626647949, 406.251281738, 182.574249268, 116.321899414, 60.675201416, 37.7898178101, 13.349603653, 2.51304507256, 0.308534562588, 0.00768670812249, 8.87536043592e-06], "dvar2": [0.665710091591, 26.7498588562, 267.357299805, 559.758483887, 943.871887207, 2310.18823242, 488.491851807, 193.771697998, 333.263763428, 622.274536133, 371.452331543, 578.443054199, 1359.82250977, 1686.33129883, 1507.90625, 2804.97558594, 1667.66564941, 1535.70495605, 1551.48303223, 1481.31628418, 2197.01049805, 1750.93029785, 1334.14916992, 1380.30407715, 1923.75622559, 2120.85522461, 1957.45349121, 1491.96105957, 967.640380859, 1396.1394043, 922.115600586, 427.21383667, 281.662780762, 139.421783447, 89.24193573, 31.9217758179, 6.13683462143, 0.772503495216, 0.0183894503862, 2.07547691389e-05], "max": [6.96245622635, 44.4231300354, 140.312362671, 173.663070679, 210.499954224, 324.393218994, 161.550750732, 170.386367798, 161.752243042, 272.654602051, 247.146606445, 304.901733398, 606.995727539, 781.869567871, 378.270996094, 573.981628418, 323.415618896, 347.034759521, 397.143554688, 470.145904541, 890.737792969, 389.117706299, 383.425292969, 627.26361084, 715.724243164, 670.384887695, 836.625244141, 291.652648926, 522.675415039, 273.90032959, 215.627288818, 129.659957886, 98.7791213989, 99.4136734009, 53.0274734497, 35.7372016907, 18.2193984985, 10.9636583328, 2.94285440445, 0.10784843564], "mean": [0.723590433598, 4.48876905441, 6.65174627304, 5.69958257675, 6.53731632233, 9.1676902771, 7.80372714996, 6.88467693329, 10.0311594009, 11.1530056, 12.4620885849, 13.4878015518, 20.4316082001, 24.0378894806, 22.027507782, 24.2295570374, 21.0476570129, 19.8650169373, 19.6542510986, 20.5719051361, 25.982213974, 30.2932109833, 33.0724105835, 25.9148178101, 23.9648017883, 25.767496109, 23.0811386108, 23.1804180145, 20.3996620178, 19.4556617737, 16.2412471771, 11.746295929, 8.78495883942, 6.25447416306, 3.8955180645, 2.12353467941, 0.977706193924, 0.372081577778, 0.0783760771155, 0.00331043940969], "median": [0.273718327284, 1.78469991684, 2.84405708313, 1.54177558422, 1.83584010601, 3.05362462997, 3.56651592255, 3.67713952065, 5.35503768921, 6.49787712097, 6.76632881165, 7.3719162941, 8.44547843933, 10.7844562531, 10.610660553, 10.9502086639, 10.5900821686, 11.0976705551, 10.7502593994, 11.2346611023, 15.0713176727, 21.5764102936, 24.1098442078, 19.5596466064, 13.0022335052, 12.6486358643, 10.9289455414, 9.99141216278, 9.23806762695, 7.83135128021, 6.36836147308, 5.12872314453, 3.51935434341, 2.34437203407, 1.44661796093, 0.758234739304, 0.302305877209, 0.0803174376488, 0.0128266057, 0.000624343869276], "min": [4.69524701237e-13, 5.34158600598e-13, 8.34759724452e-13, 1.03572478285e-12, 1.04123350567e-12, 1.76261815473e-12, 8.24699943752e-12, 3.97472367519e-11, 6.1685247188e-11, 1.57104912413e-10, 9.46722769624e-11, 6.32128030476e-11, 1.55300008964e-10, 2.12574124969e-10, 1.39678740796e-10, 3.41577294227e-10, 9.74814007293e-10, 5.60424873175e-10, 8.42160285952e-10, 5.70240021869e-10, 1.35196465134e-09, 4.69866923147e-10, 7.3914574461e-10, 6.97666147076e-10, 1.54490653603e-09, 1.08323328085e-09, 4.57890059202e-10, 9.85741932524e-10, 1.2834269203e-09, 7.81724796006e-10, 1.48579870629e-09, 1.41009470767e-09, 1.38092359769e-09, 1.04949904323e-09, 8.08594358137e-10, 4.676947718e-10, 2.47617093496e-10, 1.15084400343e-10, 3.1600302236e-11, 2.95349270214e-12], "var": [1.12814593315, 45.9552268982, 144.807571411, 206.573074341, 263.669647217, 513.915710449, 184.834915161, 110.104530334, 206.164703369, 302.643554688, 298.727783203, 419.799865723, 1693.10571289, 2224.88671875, 1012.4387207, 1432.15429688, 843.20489502, 710.791748047, 701.104858398, 722.280029297, 1228.64221191, 1074.12097168, 1287.57678223, 746.180725098, 1055.72570801, 1234.41650391, 1244.09008789, 1113.07470703, 860.832763672, 824.721984863, 566.885864258, 256.78616333, 149.656768799, 82.726272583, 42.0623512268, 14.0975236893, 3.3130133152, 0.762846231461, 0.052188128233, 8.21310750325e-05]}, "gfcc": {"mean": [30.1686325073, 21.7651290894, -95.311416626, 24.8467903137, -45.7530860901, 12.9248943329, -27.3105812073, 11.9728374481, -17.6265258789, 4.0363073349, -11.1984815598, 6.82748651505, -10.0975599289], "cov": [[17072.3105469, 1691.5300293, 1264.26538086, 1266.26086426, 182.107696533, 802.830200195, 26.2282180786, -245.309692383, -458.548522949, 223.746673584, -451.141052246, -17.2408447266, -61.0391159058], [1691.5300293, 3306.29833984, 506.515289307, 1084.24755859, 615.313354492, 496.076171875, 316.942230225, 276.882507324, 111.859916687, 18.5659408569, 39.1506652832, -50.044002533, 63.3969268799], [1264.26538086, 506.515289307, 1065.63598633, 652.28894043, 456.70501709, 303.605773926, 212.272186279, 149.650466919, 61.9231987, 54.2986412048, -19.5796890259, 2.77728366852, -56.7375297546], [1266.26086426, 1084.24755859, 652.28894043, 1031.7878418, 513.978759766, 426.774810791, 251.367095947, 179.800048828, 50.0709381104, 50.1339073181, -3.02517604828, -27.4972686768, 2.19567656517], [182.107696533, 615.313354492, 456.70501709, 513.978759766, 562.869567871, 337.039642334, 233.915084839, 161.642562866, 99.0205078125, 44.0924072266, 36.1424827576, 7.34920740128, -3.45757174492], [802.830200195, 496.076171875, 303.605773926, 426.774810791, 337.039642334, 516.760498047, 283.430969238, 169.527832031, 38.1387519836, 78.1471252441, 19.1427879333, 17.5334529877, 9.32611751556], [26.2282180786, 316.942230225, 212.272186279, 251.367095947, 233.915084839, 283.430969238, 308.361938477, 198.137771606, 102.321434021, 54.5924720764, 46.7508811951, 14.6669692993, 15.0678215027], [-245.309692383, 276.882507324, 149.650466919, 179.800048828, 161.642562866, 169.527832031, 198.137771606, 262.09942627, 136.845581055, 47.4744262695, 52.835067749, 35.0877723694, 0.216857478023], [-458.548522949, 111.859916687, 61.9231987, 50.0709381104, 99.0205078125, 38.1387519836, 102.321434021, 136.845581055, 174.061050415, 74.6969223022, 64.0730438232, 21.2096366882, 18.7591285706], [223.746673584, 18.5659408569, 54.2986412048, 50.1339073181, 44.0924072266, 78.1471252441, 54.5924720764, 47.4744262695, 74.6969223022, 122.099227905, 54.6137390137, 24.6668758392, 20.2516059875], [-451.141052246, 39.1506652832, -19.5796890259, -3.02517604828, 36.1424827576, 19.1427879333, 46.7508811951, 52.835067749, 64.0730438232, 54.6137390137, 98.6055450439, 48.6506462097, 22.8707122803], [-17.2408447266, -50.044002533, 2.77728366852, -27.4972686768, 7.34920740128, 17.5334529877, 14.6669692993, 35.0877723694, 21.2096366882, 24.6668758392, 48.6506462097, 81.7092666626, 29.72423172], [-61.0391159058, 63.3969268799, -56.7375297546, 2.19567656517, -3.45757174492, 9.32611751556, 15.0678215027, 0.216857478023, 18.7591285706, 20.2516059875, 22.8707122803, 29.72423172, 74.3251266479]], "icov": [[0.000122298573842, -8.47032279125e-05, -5.91412608628e-05, -8.00834022812e-05, 0.000142312710523, -3.87425207009e-05, -9.90648259176e-05, 0.000188834004803, 0.000259629887296, -0.000708560517523, 0.000958971795626, -0.000632948824205, 0.000246497424087], [-8.47032279125e-05, 0.000586222799029, 0.000101201490907, -0.000412101653637, -0.000217214386794, -0.000155645233463, 0.000363037455827, -0.000496567983646, -0.000208898141864, 0.000963387603406, -0.001192836673, 0.00118657795247, -0.000860148225911], [-5.91412608628e-05, 0.000101201490907, 0.00214565172791, -0.00102332618553, -0.00101517152507, 0.000710412976332, -0.000875413243193, 0.00035491026938, -0.000275331869489, -0.000790148449596, 0.00156557688024, -0.00181045359932, 0.00210041366518], [-8.00834022812e-05, -0.000412101653637, -0.00102332618553, 0.00310697569512, -0.00122206495143, -0.000731421343517, 0.000722091295756, -0.00123778404668, 0.00117782899179, -6.07520523772e-05, -0.000898501079064, 0.00231923861429, -0.0016268263571], [0.000142312710523, -0.000217214386794, -0.00101517152507, -0.00122206495143, 0.00541009474546, -0.0022898549214, -0.000476363289636, 0.00178853911348, -0.00307141360827, 0.00193258596119, -0.000615388562437, -0.000944459054153, 0.00100935192313], [-3.87425207009e-05, -0.000155645233463, 0.000710412976332, -0.000731421343517, -0.0022898549214, 0.00736434664577, -0.0050758891739, -0.00121990276966, 0.00483072269708, -0.00505962781608, 0.00299768731929, -0.00209414819255, 0.000741308380384], [-9.90648259176e-05, 0.000363037455827, -0.000875413243193, 0.000722091295756, -0.000476363289636, -0.0050758891739, 0.0121907126158, -0.00568082788959, -0.00143393513281, 0.00301145995036, -0.00494735175744, 0.00578315369785, -0.00416977005079], [0.000188834004803, -0.000496567983646, 0.00035491026938, -0.00123778404668, 0.00178853911348, -0.00121990276966, -0.00568082788959, 0.013913876377, -0.00903323572129, 0.00205122772604, 0.00312765920535, -0.00792535021901, 0.00616159196943], [0.000259629887296, -0.000208898141864, -0.000275331869489, 0.00117782899179, -0.00307141360827, 0.00483072269708, -0.00143393513281, -0.00903323572129, 0.0197548847646, -0.0103700347245, -0.00111816555727, 0.00367669854313, -0.00357229681686], [-0.000708560517523, 0.000963387603406, -0.000790148449596, -6.07520523772e-05, 0.00193258596119, -0.00505962781608, 0.00301145995036, 0.00205122772604, -0.0103700347245, 0.0218499805778, -0.0131324669346, 0.00501552829519, -0.00319775962271], [0.000958971795626, -0.001192836673, 0.00156557688024, -0.000898501079064, -0.000615388562437, 0.00299768731929, -0.00494735175744, 0.00312765920535, -0.00111816555727, -0.0131324669346, 0.0314105302095, -0.0182299539447, 0.00510136084631], [-0.000632948824205, 0.00118657795247, -0.00181045359932, 0.00231923861429, -0.000944459054153, -0.00209414819255, 0.00578315369785, -0.00792535021901, 0.00367669854313, 0.00501552829519, -0.0182299539447, 0.0294630024582, -0.0123808244243], [0.000246497424087, -0.000860148225911, 0.00210041366518, -0.0016268263571, 0.00100935192313, 0.000741308380384, -0.00416977005079, 0.00616159196943, -0.00357229681686, -0.00319775962271, 0.00510136084631, -0.0123808244243, 0.0219777934253]]}, "melbands": {"dmean": [0.00326688610949, 0.00238613039255, 0.000908321642783, 0.000605746230576, 0.000243921545916, 0.000103561098513, 9.70875553321e-05, 7.15017376933e-05, 6.22022125754e-05, 5.18021879543e-05, 6.20412101853e-05, 5.60619082535e-05, 4.48179125669e-05, 5.29247736267e-05, 4.09072854382e-05, 3.13459640893e-05, 2.62538287643e-05, 2.30754922086e-05, 2.03303734452e-05, 2.09841637115e-05, 1.97957033379e-05, 1.97555873456e-05, 1.9335628167e-05, 1.48373028424e-05, 1.28528799905e-05, 1.19540382002e-05, 1.23824720504e-05, 1.18899515655e-05, 1.03592883534e-05, 1.00202596514e-05, 9.13276016945e-06, 7.36700121706e-06, 7.56216013542e-06, 9.09947902983e-06, 7.66429002397e-06, 5.40366045243e-06, 5.27902557224e-06, 4.53320581073e-06, 4.44140732725e-06, 4.06971139455e-06], "dmean2": [0.00394610594958, 0.00326623348519, 0.00138129643165, 0.00107824895531, 0.000416905444581, 0.000167595237144, 0.000153196117026, 0.000112399386126, 9.76575538516e-05, 8.18676271592e-05, 9.72705020104e-05, 8.78080609255e-05, 7.25374775357e-05, 8.79562139744e-05, 6.80935627315e-05, 5.30375946255e-05, 4.38293864136e-05, 3.90032364521e-05, 3.34394717356e-05, 3.57942153641e-05, 3.26183071593e-05, 3.3182081097e-05, 3.26081062667e-05, 2.43127014983e-05, 2.13653966057e-05, 1.96735418285e-05, 1.88815720321e-05, 1.91277904378e-05, 1.62843298313e-05, 1.59612354764e-05, 1.39523908729e-05, 1.13596406663e-05, 1.17527652037e-05, 1.44432187881e-05, 1.18658208521e-05, 8.37575680634e-06, 8.60916406964e-06, 7.18725686966e-06, 6.7652481448e-06, 6.22424704488e-06], "dvar": [2.4539516744e-05, 1.74283559318e-05, 5.31169098394e-06, 3.2960815588e-06, 3.49561958046e-07, 3.69088191121e-08, 3.0870250356e-08, 2.5563542394e-08, 1.1884830009e-08, 1.13109752675e-08, 1.77375927279e-08, 1.3481174399e-08, 6.58845378254e-09, 1.14683844643e-08, 5.91450444176e-09, 2.76573053348e-09, 2.25619478655e-09, 1.85779069906e-09, 1.01060182445e-09, 1.60876068023e-09, 1.23628729476e-09, 8.34233016e-10, 6.87861267945e-10, 3.75499242811e-10, 4.08330730339e-10, 4.30131430473e-10, 4.11638279019e-10, 4.34638630642e-10, 3.96911448153e-10, 3.54573287398e-10, 2.25819224431e-10, 1.51885753974e-10, 1.68123223676e-10, 2.57196069997e-10, 1.7626854143e-10, 7.38761690711e-11, 7.66007951514e-11, 5.95100704825e-11, 5.03761581061e-11, 4.48271871012e-11], "dvar2": [4.53793691122e-05, 3.51813650923e-05, 1.21252069221e-05, 9.2750924523e-06, 9.75878833742e-07, 9.50972705027e-08, 7.70961605667e-08, 7.05006542034e-08, 2.76750391492e-08, 2.50533425117e-08, 3.76256110712e-08, 2.70672391167e-08, 1.61530859799e-08, 2.92194286544e-08, 1.31720740981e-08, 7.46243866701e-09, 6.04351502176e-09, 4.90937646092e-09, 2.60532595497e-09, 4.18681622705e-09, 3.0881097679e-09, 2.15977080664e-09, 1.81296899715e-09, 9.39795907762e-10, 1.08622244532e-09, 1.11491560428e-09, 9.49625378333e-10, 1.08557740575e-09, 9.35893362808e-10, 8.57413862132e-10, 5.06637232167e-10, 3.36011080071e-10, 3.88772597448e-10, 6.28823271231e-10, 4.08917649741e-10, 1.67359320846e-10, 1.85503196137e-10, 1.47184736621e-10, 1.1805119382e-10, 1.04822470148e-10], "max": [0.05723503232, 0.0563766621053, 0.0260033775121, 0.0219678170979, 0.00606309249997, 0.00344188464805, 0.0027718259953, 0.00294560287148, 0.0023361062631, 0.00215373700485, 0.00303570902906, 0.00303261377849, 0.00133656291291, 0.00157979689538, 0.00258386088535, 0.000551258504856, 0.000719330331776, 0.000922066683415, 0.000587179616559, 0.00098095042631, 0.0010807440849, 0.000555491540581, 0.000278741819784, 0.000240876688622, 0.000564614136238, 0.000404917722335, 0.000403425598051, 0.000496732885949, 0.000665931787807, 0.000298813160043, 0.000166453697602, 0.000303513428662, 0.000305429508444, 0.000169607403222, 0.000150226900587, 0.000103435697383, 7.55953442422e-05, 8.31474681036e-05, 6.82715181028e-05, 8.87098140083e-05], "mean": [0.00631577009335, 0.00440422771499, 0.00101173389703, 0.000589826609939, 0.000297566934023, 0.000160070048878, 0.000157884016517, 0.00012078738655, 0.000104711958556, 8.79952713149e-05, 0.000103906015283, 9.77919917204e-05, 7.21508768038e-05, 7.13211775292e-05, 5.71156560909e-05, 4.11267683376e-05, 3.66987405869e-05, 3.12750016747e-05, 2.95293739327e-05, 2.83260906144e-05, 2.99512885249e-05, 3.04386830976e-05, 3.2238647691e-05, 2.66395709332e-05, 2.03516465263e-05, 1.71254032466e-05, 1.80257902684e-05, 1.66240024555e-05, 1.43094039231e-05, 1.38033074109e-05, 1.30634098241e-05, 1.13185687951e-05, 1.10331684482e-05, 1.11244862637e-05, 9.7975234894e-06, 7.58286159908e-06, 7.14054112905e-06, 6.15623866906e-06, 5.77973651161e-06, 5.04188437844e-06], "median": [0.00260631320998, 0.00210075685754, 0.00031397328712, 0.000179264810868, 0.000133512745379, 8.86824709596e-05, 8.63996247062e-05, 6.88307045493e-05, 5.4924574215e-05, 4.473017907e-05, 4.02315636165e-05, 4.20772485086e-05, 3.44823638443e-05, 2.9250557418e-05, 2.51680248766e-05, 1.98223115149e-05, 1.90869341168e-05, 1.56983460329e-05, 1.45115882333e-05, 1.4226598978e-05, 1.71135452547e-05, 2.02719857043e-05, 2.26766387641e-05, 1.88438425539e-05, 1.48898434418e-05, 1.00850147646e-05, 8.26663108455e-06, 7.68028985476e-06, 6.64125400363e-06, 5.61052229386e-06, 5.55041879124e-06, 5.24984807271e-06, 4.45584646513e-06, 4.51538744528e-06, 3.77500327886e-06, 3.22921346196e-06, 3.03754677589e-06, 2.42989790422e-06, 2.16948546949e-06, 1.8841436713e-06], "min": [4.19193175113e-15, 4.87614156663e-16, 1.89670740983e-16, 8.60856392605e-17, 2.5349335007e-16, 8.25801537036e-16, 1.07669735469e-15, 1.77531922404e-15, 6.05984205246e-16, 4.15390357169e-16, 7.90264481492e-16, 8.84940900957e-16, 4.55044575171e-16, 5.71530557781e-16, 1.33519518717e-15, 2.1997233882e-15, 8.23747693897e-16, 1.37981074185e-15, 8.42031164761e-16, 8.54141724204e-16, 1.72276252373e-15, 3.94705918476e-16, 6.20696744023e-16, 5.93662522841e-16, 5.06767636244e-16, 1.03623321437e-15, 9.22936099053e-16, 6.92503168033e-16, 3.09024644803e-16, 2.44078525922e-16, 7.02577407331e-16, 8.30888022824e-16, 4.21210294079e-16, 4.67347305214e-16, 8.81744569191e-16, 8.48376712086e-16, 8.62405695274e-16, 8.23432227064e-16, 1.05684311417e-15, 8.88974101275e-16], "var": [8.15950188553e-05, 3.94701637561e-05, 5.50333425053e-06, 2.17784418055e-06, 2.93772046689e-07, 5.48474901052e-08, 4.99130123899e-08, 3.42819994614e-08, 2.2955916279e-08, 2.09130135431e-08, 4.7042895801e-08, 3.84567577782e-08, 1.16367955272e-08, 1.48178420645e-08, 1.01485913007e-08, 3.40448425007e-09, 2.69663691377e-09, 2.12411732647e-09, 1.50416357148e-09, 1.88160753645e-09, 1.72784664354e-09, 1.27099064606e-09, 1.26238264286e-09, 7.95611132531e-10, 5.1512005772e-10, 5.09984943164e-10, 6.47823905631e-10, 5.54965906563e-10, 5.33624977539e-10, 4.62160282266e-10, 3.61940449833e-10, 2.61700744408e-10, 2.86049045561e-10, 3.03734509766e-10, 2.26499735634e-10, 1.11453991869e-10, 9.94109031205e-11, 7.51078158001e-11, 6.76263350874e-11, 5.74431648082e-11]}, "mfcc": {"mean": [-619.430236816, 71.4711837769, 5.79781866074, 18.7025222778, 6.08884096146, 5.93638181686, 3.92129993439, 8.60092544556, 2.17793750763, 1.59589779377, 2.18337392807, 4.23332691193, 2.29695606232], "cov": [[9845.87109375, 672.665588379, 634.364379883, 501.056304932, 314.574188232, 427.169342041, 316.367034912, 228.035354614, 164.396209717, 32.2329711914, 72.569694519, -26.0380725861, -1.35553216934], [672.665588379, 1934.82373047, 253.777740479, 525.020324707, 378.056671143, 220.438568115, 243.673156738, 286.075958252, 191.851242065, 132.305725098, 138.181137085, 74.6366882324, 34.5359611511], [634.364379883, 253.777740479, 658.067443848, 416.940826416, 277.082794189, 219.353744507, 199.053741455, 175.698806763, 124.743362427, 93.0349807739, 92.052406311, 55.1302986145, 27.6882801056], [501.056304932, 525.020324707, 416.940826416, 683.437194824, 395.40625, 239.939315796, 206.017150879, 193.044830322, 149.439224243, 94.9178543091, 89.105255127, 61.7729454041, 40.458065033], [314.574188232, 378.056671143, 277.082794189, 395.40625, 427.601043701, 270.973846436, 204.07875061, 174.971435547, 122.47089386, 76.4964599609, 86.778427124, 57.5640220642, 36.0910568237], [427.169342041, 220.438568115, 219.353744507, 239.939315796, 270.973846436, 365.703460693, 270.605316162, 157.544433594, 133.523178101, 95.0790634155, 72.6659317017, 44.6703033447, 59.0795059204], [316.367034912, 243.673156738, 199.053741455, 206.017150879, 204.07875061, 270.605316162, 316.118255615, 216.094161987, 146.464080811, 90.7056808472, 88.0260467529, 66.4823379517, 40.7100639343], [228.035354614, 286.075958252, 175.698806763, 193.044830322, 174.971435547, 157.544433594, 216.094161987, 264.763122559, 156.154373169, 87.040435791, 96.7870101929, 81.5108642578, 32.1630744934], [164.396209717, 191.851242065, 124.743362427, 149.439224243, 122.47089386, 133.523178101, 146.464080811, 156.154373169, 171.569396973, 113.185279846, 78.1859664917, 54.7602767944, 47.1626052856], [32.2329711914, 132.305725098, 93.0349807739, 94.9178543091, 76.4964599609, 95.0790634155, 90.7056808472, 87.040435791, 113.185279846, 134.498138428, 86.1354675293, 50.2567138672, 45.3444290161], [72.569694519, 138.181137085, 92.052406311, 89.105255127, 86.778427124, 72.6659317017, 88.0260467529, 96.7870101929, 78.1859664917, 86.1354675293, 121.146255493, 79.0278167725, 36.6259765625], [-26.0380725861, 74.6366882324, 55.1302986145, 61.7729454041, 57.5640220642, 44.6703033447, 66.4823379517, 81.5108642578, 54.7602767944, 50.2567138672, 79.0278167725, 101.172645569, 48.8887519836], [-1.35553216934, 34.5359611511, 27.6882801056, 40.458065033, 36.0910568237, 59.0795059204, 40.7100639343, 32.1630744934, 47.1626052856, 45.3444290161, 36.6259765625, 48.8887519836, 95.7412414551]], "icov": [[0.00011629499204, -2.87147304334e-05, -8.97355857887e-05, -3.06748333969e-05, 0.000119538686704, -0.000192514489754, 7.29414023226e-05, -1.29399995785e-05, -0.000121163488075, 0.000260104861809, -0.000179525261046, 0.000165919132996, 1.84341988643e-05], [-2.87147304334e-05, 0.000737973197829, 0.000236914362176, -0.000444054545369, -0.000258486368693, 0.000230411576922, -4.63772521471e-05, -0.000545537273865, 0.000162306198035, -0.000261535518803, -0.000360907317372, 0.000446588674095, -3.52958049916e-05], [-8.97355857887e-05, 0.000236914362176, 0.00283207721077, -0.00145954580512, -5.96524841967e-05, -0.000350410176907, -0.000160002513439, -0.0006859836285, 0.000658660312183, -0.000702139921486, -0.000595178746153, 0.000291843462037, 0.000334949902026], [-3.06748333969e-05, -0.000444054545369, -0.00145954580512, 0.00427534338087, -0.00309594161808, 0.00104876351543, -0.000417453236878, 0.00058211555006, -0.00108696031384, -0.000175970199052, 0.001128519536, -0.000449284998467, -0.000306484784232], [0.000119538686704, -0.000258486368693, -5.96524841967e-05, -0.00309594161808, 0.00845927465707, -0.00568397343159, 0.00277696200646, -0.00202630250715, 0.000190148770344, 0.00213133287616, -0.00232335412875, -0.000256808940321, 0.00115581112914], [-0.000192514489754, 0.000230411576922, -0.000350410176907, 0.00104876351543, -0.00568397343159, 0.0135526889935, -0.0105857737362, 0.0040486920625, -0.000566619972233, -0.00262206350453, 0.00142183317803, 0.0026505428832, -0.00388340558857], [7.29414023226e-05, -4.63772521471e-05, -0.000160002513439, -0.000417453236878, 0.00277696200646, -0.0105857737362, 0.016553491354, -0.00829379912466, -0.000449436716735, 0.00138313660864, -0.00105798745062, -0.00135679647792, 0.00213722209446], [-1.29399995785e-05, -0.000545537273865, -0.0006859836285, 0.00058211555006, -0.00202630250715, 0.0040486920625, -0.00829379912466, 0.0165146663785, -0.0105461487547, 0.00466493098065, -0.00172970583662, -0.00444744760171, 0.00231163110584], [-0.000121163488075, 0.000162306198035, 0.000658660312183, -0.00108696031384, 0.000190148770344, -0.000566619972233, -0.000449436716735, -0.0105461487547, 0.02567259036, -0.0160037279129, 0.00379596091807, 0.00170946319122, -0.00317141343839], [0.000260104861809, -0.000261535518803, -0.000702139921486, -0.000175970199052, 0.00213133287616, -0.00262206350453, 0.00138313660864, 0.00466493098065, -0.0160037279129, 0.0270747449249, -0.0145104900002, 0.00364553835243, -0.00221522920765], [-0.000179525261046, -0.000360907317372, -0.000595178746153, 0.001128519536, -0.00232335412875, 0.00142183317803, -0.00105798745062, -0.00172970583662, 0.00379596091807, -0.0145104900002, 0.0289173964411, -0.0163024440408, 0.00311692152172], [0.000165919132996, 0.000446588674095, 0.000291843462037, -0.000449284998467, -0.000256808940321, 0.0026505428832, -0.00135679647792, -0.00444744760171, 0.00170946319122, 0.00364553835243, -0.0163024440408, 0.0280880574137, -0.0101959416643], [1.84341988643e-05, -3.52958049916e-05, 0.000334949902026, -0.000306484784232, 0.00115581112914, -0.00388340558857, 0.00213722209446, 0.00231163110584, -0.00317141343839, -0.00221522920765, 0.00311692152172, -0.0101959416643, 0.0173912104219]]}, "spectral_contrast_coeffs": {"dmean": [0.0564089380205, 0.0433185808361, 0.0366777479649, 0.0297672171146, 0.0218809470534, 0.0179300606251], "dmean2": [0.0888382792473, 0.0705173015594, 0.059137891978, 0.0491118729115, 0.035857219249, 0.0280487574637], "dvar": [0.0029538879171, 0.00130627851468, 0.000941717298701, 0.000608226342592, 0.000327484478476, 0.000246832991252], "dvar2": [0.00707347458228, 0.00333029963076, 0.00232902588323, 0.001569586806, 0.000852786295582, 0.00056718615815], "max": [-0.273571163416, -0.477004557848, -0.464343845844, -0.555706977844, -0.638257145882, -0.502370595932], "mean": [-0.664148330688, -0.78271818161, -0.807711064816, -0.818594574928, -0.805122375488, -0.777784585953], "median": [-0.681569814682, -0.792345285416, -0.815774440765, -0.819892466068, -0.805561423302, -0.777817726135], "min": [-0.942280828953, -0.957031965256, -0.973591327667, -0.960166454315, -0.937078714371, -0.929581284523], "var": [0.0112590398639, 0.00465114414692, 0.00389777449891, 0.00223270291463, 0.0011264217319, 0.00107928179204]}, "spectral_contrast_valleys": {"dmean": [0.537862956524, 0.428780883551, 0.399975001812, 0.3840534091, 0.350217103958, 0.445351094007], "dmean2": [0.800274550915, 0.662087261677, 0.62372803688, 0.595858871937, 0.509945690632, 0.602748811245], "dvar": [0.401041567326, 0.189517557621, 0.161563068628, 0.151525199413, 0.144315719604, 0.245399832726], "dvar2": [0.741295397282, 0.411921232939, 0.364853054285, 0.338609695435, 0.30307674408, 0.472333759069], "max": [-5.05158042908, -4.87428426743, -5.31485557556, -5.61761188507, -5.38946914673, -7.16964197159], "mean": [-7.68378067017, -6.89708757401, -7.20683383942, -7.38498878479, -7.01807498932, -9.14294147491], "median": [-6.82964420319, -6.59619522095, -6.8865108