{"lowlevel": {"average_loudness": 0.648362576962, "barkbands_crest": {"dmean": 2.50838971138, "dmean2": 3.80197119713, "dvar": 5.72347211838, "dvar2": 13.4770355225, "max": 26.2845096588, "mean": 14.3772230148, "median": 13.5794458389, "min": 4.50280475616, "var": 23.4806537628}, "barkbands_flatness_db": {"dmean": 0.0229268539697, "dmean2": 0.0336742699146, "dvar": 0.000473117717775, "dvar2": 0.00108726776671, "max": 0.46366506815, "mean": 0.281076729298, "median": 0.283031523228, "min": 0.0542652532458, "var": 0.00296393735334}, "barkbands_kurtosis": {"dmean": 4.17308187485, "dmean2": 6.09173297882, "dvar": 76.0468826294, "dvar2": 164.402435303, "max": 343.891845703, "mean": 8.61710453033, "median": 4.3029255867, "min": -1.65951299667, "var": 263.841918945}, "barkbands_skewness": {"dmean": 0.555519640446, "dmean2": 0.792569458485, "dvar": 0.365763008595, "dvar2": 0.753572046757, "max": 14.8895759583, "mean": 1.47598409653, "median": 1.35058200359, "min": -3.29237818718, "var": 2.20413327217}, "barkbands_spread": {"dmean": 1.3789358139, "dmean2": 2.02861523628, "dvar": 3.16623330116, "dvar2": 7.11600542068, "max": 83.3198394775, "mean": 6.76499271393, "median": 5.01199197769, "min": 0.36374771595, "var": 57.5406036377}, "dissonance": {"dmean": 0.0494040139019, "dmean2": 0.0837994366884, "dvar": 0.00214879726991, "dvar2": 0.00613553123549, "max": 0.5, "mean": 0.359470367432, "median": 0.359396725893, "min": 0.0704741552472, "var": 0.00521571980789}, "dynamic_complexity": 5.60722827911, "erbbands_crest": {"dmean": 3.32762765884, "dmean2": 5.02061605453, "dvar": 11.4178256989, "dvar2": 24.6859073639, "max": 33.9620704651, "mean": 17.6737442017, "median": 16.5518360138, "min": 3.78506660461, "var": 50.6424369812}, "erbbands_flatness_db": {"dmean": 0.0216382741928, "dmean2": 0.0321581736207, "dvar": 0.000469828519272, "dvar2": 0.00107192958239, "max": 0.469076931477, "mean": 0.328384250402, "median": 0.33388710022, "min": 0.0603372044861, "var": 0.00341687211767}, "erbbands_kurtosis": {"dmean": 4.58555269241, "dmean2": 6.77409029007, "dvar": 82.8675003052, "dvar2": 184.540008545, "max": 218.914077759, "mean": 7.93152523041, "median": 2.45315217972, "min": -1.74818980694, "var": 260.600067139}, "erbbands_skewness": {"dmean": 0.541085004807, "dmean2": 0.768254637718, "dvar": 0.473516315222, "dvar2": 0.995599806309, "max": 11.4628171921, "mean": 1.19920015335, "median": 1.01691496372, "min": -4.28225660324, "var": 2.47936534882}, "erbbands_spread": {"dmean": 2.65246558189, "dmean2": 3.87328195572, "dvar": 7.9608464241, "dvar2": 17.6482944489, "max": 56.4880485535, "mean": 11.1971759796, "median": 10.2376012802, "min": 0.747240185738, "var": 49.5043754578}, "hfc": {"dmean": 4.8351931572, "dmean2": 7.00362014771, "dvar": 96.6753921509, "dvar2": 212.859146118, "max": 144.21572876, "mean": 11.7246551514, "median": 6.07953357697, "min": 1.27308535812e-16, "var": 237.194244385}, "melbands_crest": {"dmean": 3.0893201828, "dmean2": 4.73773384094, "dvar": 8.86292076111, "dvar2": 20.2380447388, "max": 34.0310440063, "mean": 16.9215259552, "median": 16.1211662292, "min": 2.44079351425, "var": 31.8050422668}, "melbands_flatness_db": {"dmean": 0.0228867847472, "dmean2": 0.0325763300061, "dvar": 0.000528272532392, "dvar2": 0.00115726981312, "max": 0.563331544399, "mean": 0.350468575954, "median": 0.355295479298, "min": 0.00429186969995, "var": 0.00470921397209}, "melbands_kurtosis": {"dmean": 5.19784832001, "dmean2": 7.94035959244, "dvar": 144.152297974, "dvar2": 334.475219727, "max": 312.904663086, "mean": 10.4175653458, "median": 4.82250881195, "min": -1.81224644184, "var": 398.597808838}, "melbands_skewness": {"dmean": 0.619960606098, "dmean2": 0.901449918747, "dvar": 0.491545379162, "dvar2": 1.0440928936, "max": 13.5201931, "mean": 1.47666084766, "median": 1.34254717827, "min": -3.31643629074, "var": 2.52311134338}, "melbands_spread": {"dmean": 2.08935379982, "dmean2": 3.00493383408, "dvar": 13.6087779999, "dvar2": 19.2361488342, "max": 163.450744629, "mean": 9.87313652039, "median": 7.13023805618, "min": 0.548749983311, "var": 111.495452881}, "pitch_salience": {"dmean": 0.0633513107896, "dmean2": 0.0969311967492, "dvar": 0.00357712269761, "dvar2": 0.00824986957014, "max": 0.941033840179, "mean": 0.464746445417, "median": 0.469304203987, "min": 0.125151023269, "var": 0.013801869005}, "silence_rate_20dB": {"dmean": 0, "dmean2": 0, "dvar": 0, "dvar2": 0, "max": 1, "mean": 1, "median": 1, "min": 1, "var": 0}, "silence_rate_30dB": {"dmean": 0.0104972375557, "dmean2": 0.0210002753884, "dvar": 0.0103873359039, "dvar2": 0.0260866209865, "max": 1, "mean": 0.992267310619, "median": 1, "min": 0, "var": 0.00767274573445}, "silence_rate_60dB": {"dmean": 0.0337016582489, "dmean2": 0.0674219429493, "dvar": 0.0325666293502, "dvar2": 0.0684039965272, "max": 1, "mean": 0.176746755838, "median": 0, "min": 0, "var": 0.145506173372}, "spectral_centroid": {"dmean": 65.6959762573, "dmean2": 89.5731658936, "dvar": 38084.4648438, "dvar2": 41406.1132812, "max": 11399.140625, "mean": 742.854858398, "median": 631.658569336, "min": 301.282562256, "var": 174442.625}, "spectral_complexity": {"dmean": 1.24088394642, "dmean2": 2.04365849495, "dvar": 1.76294970512, "dvar2": 4.12689208984, "max": 22, "mean": 7.59707260132, "median": 8, "min": 0, "var": 10.8061313629}, "spectral_decrease": {"dmean": 1.6707151218e-09, "dmean2": 2.3175845687e-09, "dvar": 9.57508294735e-18, "dvar2": 2.02052016788e-17, "max": 7.43636459008e-29, "mean": -4.38051195317e-09, "median": -2.56782994867e-09, "min": -5.34695878684e-08, "var": 2.75051251785e-17}, "spectral_energy": {"dmean": 0.00673519261181, "dmean2": 0.00937062222511, "dvar": 0.000157056740136, "dvar2": 0.000332561699906, "max": 0.214887008071, "mean": 0.0175964720547, "median": 0.0102639617398, "min": 1.12665917229e-20, "var": 0.000445975165349}, "spectral_energyband_high": {"dmean": 4.56299785583e-05, "dmean2": 6.29627829767e-05, "dvar": 3.15330908052e-08, "dvar2": 7.05293956571e-08, "max": 0.0023089889437, "mean": 7.71304985392e-05, "median": 2.61543345914e-06, "min": 8.4861436472e-21, "var": 5.44717302375e-08}, "spectral_energyband_low": {"dmean": 4.82725845359e-05, "dmean2": 7.95998857939e-05, "dvar": 4.06629618865e-09, "dvar2": 9.47933997963e-09, "max": 0.000579151324928, "mean": 6.08987757005e-05, "median": 4.3528227252e-05, "min": 4.87105989528e-23, "var": 4.41179448529e-09}, "spectral_energyband_middle_high": {"dmean": 0.00235660001636, "dmean2": 0.00375147466548, "dvar": 3.92649344576e-05, "dvar2": 9.2756585218e-05, "max": 0.0887749269605, "mean": 0.00443310849369, "median": 0.00107781286351, "min": 1.3388603829e-21, "var": 9.26993525354e-05}, "spectral_energyband_middle_low": {"dmean": 0.00527849374339, "dmean2": 0.00707126362249, "dvar": 0.000127745253849, "dvar2": 0.000265383714577, "max": 0.213369771838, "mean": 0.0136496145278, "median": 0.00686661433429, "min": 3.79086186614e-22, "var": 0.000368164503016}, "spectral_entropy": {"dmean": 0.194525718689, "dmean2": 0.284574508667, "dvar": 0.051762342453, "dvar2": 0.120039008558, "max": 9.80428600311, "mean": 5.93300199509, "median": 5.87245035172, "min": 4.43158149719, "var": 0.349762231112}, "spectral_flux": {"dmean": 0.0183250773698, "dmean2": 0.0309011377394, "dvar": 0.000860495376401, "dvar2": 0.00218327622861, "max": 0.288444250822, "mean": 0.0420357994735, "median": 0.0320091806352, "min": 1.06144204537e-10, "var": 0.00146440486424}, "spectral_kurtosis": {"dmean": 13.2957105637, "dmean2": 22.6874198914, "dvar": 193.294006348, "dvar2": 509.942657471, "max": 183.690551758, "mean": 36.6770858765, "median": 31.0660972595, "min": -1.22849178314, "var": 646.130065918}, "spectral_rms": {"dmean": 0.000664315419272, "dmean2": 0.000896153564099, "dvar": 8.58979717577e-07, "dvar2": 1.68268707057e-06, "max": 0.0144791528583, "mean": 0.00351392803714, "median": 0.00316443061456, "min": 3.31538789478e-12, "var": 4.81955930809e-06}, "spectral_rolloff": {"dmean": 98.5406417847, "dmean2": 161.72164917, "dvar": 164150.265625, "dvar2": 170167.71875, "max": 18561.6210938, "mean": 859.657775879, "median": 796.728515625, "min": 21.533203125, "var": 295401.9375}, "spectral_skewness": {"dmean": 0.862337648869, "dmean2": 1.4720954895, "dvar": 0.676995992661, "dvar2": 1.82615077496, "max": 10.8782186508, "mean": 4.23177957535, "median": 4.06707334518, "min": -0.0405031852424, "var": 2.15368175507}, "spectral_spread": {"dmean": 374789.34375, "dmean2": 612895.875, "dvar": 680069234688, "dvar2": 1014591127550.0, "max": 41143044, "mean": 2067430.5, "median": 1617136.5, "min": 466854.84375, "var": 2519441866750.0}, "spectral_strongpeak": {"dmean": 0.664407253265, "dmean2": 0.975859224796, "dvar": 0.934701085091, "dvar2": 1.77948129177, "max": 10.5938930511, "mean": 1.96508145332, "median": 1.32976424694, "min": 0, "var": 3.65373706818}, "zerocrossingrate": {"dmean": 0.00399972498417, "dmean2": 0.00470404140651, "dvar": 8.8018430688e-05, "dvar2": 8.25881506898e-05, "max": 0.50439453125, "mean": 0.0382756665349, "median": 0.0322265625, "min": 0.01171875, "var": 0.000650775502436}, "barkbands": {"dmean": [6.84118560912e-07, 1.33488092615e-05, 3.43900246662e-05, 1.21449056678e-05, 0.000796598091256, 0.000967644387856, 0.000770099635702, 0.00131728907581, 0.00202189129777, 0.0015393437352, 0.00110825907905, 0.000165879740962, 3.20931649185e-05, 8.62074593897e-05, 2.45747942245e-05, 2.13415787584e-05, 9.53121798375e-06, 2.77387266578e-06, 2.45128831011e-06, 2.66079291578e-06, 1.59062960847e-06, 1.04275986814e-05, 4.62559273728e-06, 1.57754693646e-05, 1.2094066733e-05, 7.30768249468e-07, 6.33605907296e-07], "dmean2": [1.14059594125e-06, 2.22061062232e-05, 5.7709068642e-05, 2.14146766666e-05, 0.000900725484826, 0.00124374986626, 0.00110742507968, 0.00200885068625, 0.00278418487869, 0.00239937612787, 0.00167216151021, 0.00026089567109, 4.64633194497e-05, 0.000124234356917, 3.96473042201e-05, 3.20899089274e-05, 1.51791164171e-05, 3.99674172513e-06, 3.70383304471e-06, 4.14488249589e-06, 2.76124660559e-06, 1.51376798385e-05, 7.48760930946e-06, 2.07138782571e-05, 1.67121779668e-05, 1.17396018595e-06, 8.54748236634e-07], "dvar": [1.27584889268e-12, 2.73511518989e-10, 2.33897123891e-09, 1.86154189286e-10, 6.4307514549e-06, 4.02495197704e-06, 2.1196394755e-06, 1.81813720701e-05, 8.5975501861e-05, 3.57720127795e-05, 1.73341650225e-05, 1.86486957432e-07, 4.16503631584e-09, 3.28232836466e-08, 1.8254725509e-09, 3.65289221094e-09, 3.31180582958e-10, 2.25973545431e-11, 3.40914033115e-11, 1.17064496985e-10, 5.12110770456e-11, 2.6550754928e-09, 1.04976982662e-09, 1.01609556324e-08, 6.7212524435e-09, 1.3342164179e-11, 1.32776446088e-11], "dvar2": [3.26733605449e-12, 6.76995459692e-10, 5.60861845855e-09, 5.45073208791e-10, 6.74087459629e-06, 8.07124342828e-06, 4.6360351007e-06, 4.43798708147e-05, 0.000182177434908, 8.62966408022e-05, 3.83755759685e-05, 5.92693879753e-07, 8.59005044873e-09, 7.24587536638e-08, 4.74479611157e-09, 6.76885392181e-09, 8.44023517743e-10, 4.12818425277e-11, 6.42330702516e-11, 2.82572604204e-10, 1.35306363336e-10, 5.98422733589e-09, 2.6494060279e-09, 2.25268212972e-08, 1.46002596679e-08, 3.35046539124e-11, 2.49772702521e-11], "max": [1.90655628103e-05, 0.000155037312652, 0.000435764959548, 9.69341563177e-05, 0.0750359296799, 0.0401792563498, 0.0246203280985, 0.0868315398693, 0.191899523139, 0.0858459025621, 0.0786903426051, 0.00733489915729, 0.00140015897341, 0.00495605310425, 0.000926444015931, 0.00279478286393, 0.000292690383503, 0.00011895984062, 0.000107522246253, 0.00015915480617, 0.000122859360999, 0.000847762334161, 0.000559721200261, 0.0021683361847, 0.00142175937071, 5.34515165782e-05, 6.92493194947e-05], "mean": [7.94243817381e-07, 1.57023077918e-05, 3.6325349356e-05, 1.24960270114e-05, 0.00218443898484, 0.00214517349377, 0.00165030930657, 0.00295653054491, 0.00331886624917, 0.00237574381754, 0.00212573586032, 0.000311542884447, 7.24631026969e-05, 0.000175145061803, 5.46871888218e-05, 5.33942911716e-05, 1.76508965524e-05, 6.7159817263e-06, 4.85576128995e-06, 5.48367415831e-06, 2.32504203268e-06, 1.57491849677e-05, 5.05867819811e-06, 2.63333859039e-05, 2.09281952266e-05, 9.92423451862e-07, 1.0923482705e-06], "median": [4.15967463141e-07, 9.81009907264e-06, 2.18663626583e-05, 7.72926614445e-06, 0.000401756929932, 0.00106027082074, 0.000693287001923, 0.000768714759033, 5.29891512997e-05, 0.000246408744715, 9.95719747152e-05, 0.000167055681231, 2.45518876909e-05, 6.20621358394e-05, 2.78237675957e-05, 9.72260750132e-06, 9.12189261726e-06, 3.35453319167e-06, 1.92474226424e-06, 5.17602416039e-07, 2.72860972927e-07, 2.77037855767e-07, 9.11474913323e-08, 6.46011244498e-08, 2.81773289146e-08, 1.01467190206e-08, 3.88903442783e-09], "min": [6.13048421907e-24, 3.35582154833e-23, 8.59038129122e-24, 7.03822488499e-24, 8.44301229225e-23, 4.45632416297e-23, 1.2819147482e-22, 2.82031941558e-23, 7.50560446095e-23, 6.67976554303e-23, 2.60411141635e-23, 5.71698605175e-23, 6.31884274623e-23, 1.21569574433e-22, 1.05731721324e-22, 1.9495562575e-22, 1.38892568637e-22, 1.45337991373e-22, 2.44708691767e-22, 4.15463705776e-22, 5.92557223469e-22, 5.71348805317e-22, 5.81850626558e-22, 7.15061238354e-22, 1.36560794251e-21, 2.06770777967e-21, 2.57712603095e-21], "var": [1.58913886824e-12, 3.24361815185e-10, 2.27262608732e-09, 1.84837090078e-10, 3.15815050271e-05, 1.03210604721e-05, 6.71067209623e-06, 4.63905744255e-05, 0.000180331044248, 6.31541188341e-05, 5.40009932593e-05, 2.33915301351e-07, 1.33441693251e-08, 1.24457159245e-07, 6.44037578823e-09, 3.39926664594e-08, 7.39883709855e-10, 1.04496522546e-10, 1.14219474157e-10, 3.53772372508e-10, 8.75559000302e-11, 4.23942525529e-09, 1.01939012787e-09, 1.86219537568e-08, 1.23360770488e-08, 1.85027323324e-11, 2.618768917e-11]}, "erbbands": {"dmean": [0.000142366203363, 0.00437319371849, 0.035925976932, 0.0373929962516, 0.114692367613, 3.3415453434, 4.12171459198, 9.21672153473, 14.2633495331, 23.0465965271, 21.5570640564, 56.4381752014, 47.3249816895, 31.5683822632, 46.3952484131, 7.59343147278, 1.65858793259, 4.58078289032, 1.1748033762, 1.64039361477, 0.80915158987, 0.319719046354, 0.170482650399, 0.168710574508, 0.0838953107595, 0.0869023054838, 0.12201654911, 0.173537835479, 0.350887417793, 0.120696358383, 0.166758045554, 0.155591577291, 0.386428385973, 0.248265907168, 0.0496139749885, 0.00572660332546, 0.00132382591255, 0.000383192469599, 0.00014719547471, 9.73852002062e-06], "dmean2": [0.000233884973568, 0.00729547720402, 0.0600865520537, 0.0617132224143, 0.147009909153, 3.60751366615, 5.37282896042, 11.962266922, 18.6463623047, 34.5808067322, 33.0720596313, 76.4676208496, 71.5926742554, 51.1426849365, 69.2658691406, 10.5763063431, 2.37716460228, 6.60062456131, 1.73972213268, 2.60867977142, 1.25113344193, 0.508952498436, 0.249948635697, 0.26280811429, 0.117443025112, 0.136920273304, 0.200808495283, 0.264539450407, 0.511741816998, 0.176544234157, 0.267574071884, 0.212433561683, 0.502823352814, 0.348156154156, 0.0628420487046, 0.00803450681269, 0.00208338606171, 0.000536332954653, 0.000197093409952, 1.3564846995e-05], "dvar": [3.09408072496e-08, 3.22221021634e-05, 0.00264025107026, 0.00157469767146, 0.0970312058926, 117.66570282, 141.386978149, 417.875976562, 797.998901367, 3529.90722656, 9349.16992188, 68264.3359375, 35288.3476562, 21844.6679688, 25264.953125, 247.41557312, 8.94754695892, 90.5572662354, 5.59595727921, 7.20894479752, 3.33428001404, 0.330740988255, 0.0835793241858, 0.153362393379, 0.0798803269863, 0.099824115634, 0.222440347075, 0.953321814537, 2.51725792885, 0.874537825584, 1.11620151997, 0.726053535938, 8.29130077362, 3.20037579536, 0.0885155424476, 0.000528624863364, 3.49546098732e-05, 6.23018377155e-06, 5.76433080823e-07, 4.0948827662e-10], "dvar2": [7.94280836658e-08, 7.90827543824e-05, 0.00629135454074, 0.00404177233577, 0.119763441384, 113.862350464, 208.939086914, 875.994689941, 1445.91052246, 8611.33105469, 22390.4511719, 143982.375, 87669.2734375, 48760.7890625, 54804.3242188, 601.122680664, 18.2556724548, 196.010375977, 14.0190238953, 16.1508350372, 6.76541662216, 0.831412553787, 0.165152415633, 0.34730899334, 0.108101949096, 0.245163023472, 0.593974471092, 2.21253609657, 5.53387784958, 1.97499763966, 2.82757544518, 1.52861762047, 18.3230323792, 6.99180650711, 0.160557493567, 0.00115579471458, 8.77159036463e-05, 1.12549241749e-05, 1.13575902105e-06, 8.44428527103e-10], "max": [0.00200702110305, 0.0539719387889, 0.45691806078, 0.454136997461, 8.85244083405, 326.298187256, 297.726531982, 383.593658447, 514.526977539, 1047.58874512, 2342.19433594, 5584.57714844, 2922.42480469, 3132.09375, 3316.98364258, 399.339355469, 71.461479187, 261.023834229, 59.1695671082, 78.3000793457, 80.3527832031, 13.1077718735, 5.69253206253, 8.97530174255, 6.72810983658, 4.47627210617, 5.96613788605, 20.1959514618, 22.942035675, 22.8615703583, 16.7756690979, 14.5642795563, 63.1930274963, 32.6869010925, 5.86888837814, 0.295380413532, 0.0814003124833, 0.0521598048508, 0.0107241161168, 0.000255793420365], "mean": [0.000214173676795, 0.00494997855276, 0.0382506661117, 0.0490626320243, 0.281861513853, 9.34872436523, 10.4504098892, 19.97290802, 31.2893714905, 58.7029342651, 40.1860809326, 94.2859802246, 73.559211731, 50.6121406555, 93.4611740112, 19.4985237122, 4.56817722321, 9.65901470184, 2.91761636734, 3.90016531944, 2.05195331573, 0.692310929298, 0.444753319025, 0.334336727858, 0.174896806479, 0.179350584745, 0.218197003007, 0.276893347502, 0.544218719006, 0.145384863019, 0.192884400487, 0.244560331106, 0.656696498394, 0.39509382844, 0.107468299568, 0.0110518392175, 0.00186533504166, 0.000546823022887, 0.000287218921585, 2.53394191532e-05], "median": [0.000131298031192, 0.00309651531279, 0.0231027025729, 0.0362893454731, 0.0904386341572, 1.69261050224, 2.66051793098, 9.77132511139, 15.332326889, 16.1912231445, 8.99032783508, 2.97123479843, 11.7619495392, 3.00181436539, 5.81895208359, 10.0166397095, 2.84999012947, 3.56541490555, 1.43305146694, 1.91095280647, 0.718164682388, 0.393027037382, 0.253063857555, 0.147462695837, 0.0541795268655, 0.027505254373, 0.0209356583655, 0.0159394741058, 0.0111550306901, 0.00498926639557, 0.0035595188383, 0.00148995651398, 0.00162875361275, 0.000694974325597, 0.000231633312069, 0.000107640640636, 2.99804105452e-05, 5.72420003664e-06, 7.28999384592e-06, 1.22995643324e-05], "min": [9.42600479805e-22, 7.39758042343e-21, 1.41899085921e-20, 2.04508402641e-20, 2.46704885785e-19, 1.87759258626e-19, 3.48594718892e-19, 2.93665557671e-19, 1.47017788119e-18, 1.26580636725e-18, 1.01406697591e-18, 1.32357469668e-18, 1.9515370271e-18, 2.04728525096e-18, 1.74322192959e-18, 1.99629039338e-18, 2.89569586752e-18, 5.86513902256e-18, 5.60391786666e-18, 6.79208216648e-18, 1.14159518939e-17, 8.94641823718e-18, 7.16526263188e-18, 1.00791825291e-17, 1.35215004385e-17, 2.04384798464e-17, 2.56203246696e-17, 2.05573126132e-17, 2.11961326198e-17, 1.59449237391e-17, 1.57265166245e-17, 1.29006029543e-17, 1.33944595585e-17, 1.33569063858e-17, 1.11858773968e-17, 6.17675284856e-18, 4.38440673034e-18, 1.5296066723e-18, 3.91604879571e-19, 3.48779186631e-20], "var": [5.2112540061e-08, 3.52596180164e-05, 0.00257896399125, 0.00217111548409, 0.416156798601, 580.948303223, 596.525695801, 1003.55126953, 2056.88500977, 15101.3203125, 12115.3701172, 142561.578125, 57424.109375, 43419.7773438, 97463.2578125, 998.535095215, 30.0830154419, 362.184448242, 21.4772624969, 41.2840080261, 27.6047039032, 0.895653128624, 0.392390996218, 0.400175750256, 0.329428613186, 0.283500790596, 0.43164986372, 1.51948130131, 4.24795341492, 1.15927863121, 1.22709357738, 1.62013077736, 15.1800661087, 5.72382164001, 0.296632707119, 0.0013847820228, 4.75065244245e-05, 1.05799881567e-05, 1.44497369092e-06, 1.16941900608e-09]}, "gfcc": {"mean": [-190.293014526, 144.823608398, -145.258163452, -43.4015808105, -67.3460083008, -14.6192827225, -38.0083503723, -8.00222015381, -11.3993968964, -0.530633687973, -3.11179018021, -1.1038838625, -0.995826363564], "cov": [[33350.359375, 4013.32421875, 83.4851074219, -1183.86547852, -2642.35009766, -138.047515869, -1812.83251953, -1109.87207031, -921.471740723, -679.644836426, -485.811218262, -347.636779785, 766.677978516], [4013.32421875, 3284.9152832, -799.314453125, -288.850860596, 423.538665771, -806.886169434, -89.7308425903, -696.023132324, 46.2313232422, -200.513336182, 170.636123657, -150.711044312, -11.6954088211], [83.4851074219, -799.314453125, 682.64465332, 1.52773356438, -299.356536865, 250.461517334, -93.6987304688, 101.287200928, -150.868484497, 29.5658969879, -104.398925781, 61.6612014771, 53.5141067505], [-1183.86547852, -288.850860596, 1.52773356438, 278.414428711, 71.3742599487, 48.8334083557, 38.9828948975, 87.2435455322, 49.6518516541, 48.6170196533, -9.54483127594, -19.1705722809, -49.3011398315], [-2642.35009766, 423.538665771, -299.356536865, 71.3742599487, 571.574035645, -177.793075562, 223.697479248, -101.184829712, 119.102027893, 17.214345932, 88.5590057373, 39.6668548584, -90.3497924805], [-138.047515869, -806.886169434, 250.461517334, 48.8334083557, -177.793075562, 372.582946777, 6.59365940094, 151.955993652, -78.1842193604, -0.634635150433, -64.6672363281, 39.0213317871, 88.2025222778], [-1812.83251953, -89.7308425903, -93.6987304688, 38.9828948975, 223.697479248, 6.59365940094, 288.104095459, 43.5805435181, 51.8222389221, 17.340681076, 24.4178581238, 27.9797267914, -24.7620792389], [-1109.87207031, -696.023132324, 101.287200928, 87.2435455322, -101.184829712, 151.955993652, 43.5805435181, 390.96307373, 63.6445579529, 98.9021682739, -57.1152534485, -55.3215332031, -94.1976623535], [-921.471740723, 46.2313232422, -150.868484497, 49.6518516541, 119.102027893, -78.1842193604, 51.8222389221, 63.6445579529, 204.766311646, 75.01537323, 44.459022522, -19.3288459778, -109.256950378], [-679.644836426, -200.513336182, 29.5658969879, 48.6170196533, 17.214345932, -0.634635150433, 17.340681076, 98.9021682739, 75.01537323, 134.383407593, -0.0486623905599, -19.6842327118, -71.7500305176], [-485.811218262, 170.636123657, -104.398925781, -9.54483127594, 88.5590057373, -64.6672363281, 24.4178581238, -57.1152534485, 44.459022522, -0.0486623905599, 133.447250366, 17.5242710114, 4.45512962341], [-347.636779785, -150.711044312, 61.6612014771, -19.1705722809, 39.6668548584, 39.0213317871, 27.9797267914, -55.3215332031, -19.3288459778, -19.6842327118, 17.5242710114, 182.004425049, 29.8190517426], [766.677978516, -11.6954088211, 53.5141067505, -49.3011398315, -90.3497924805, 88.2025222778, -24.7620792389, -94.1976623535, -109.256950378, -71.7500305176, 4.45512962341, 29.8190517426, 224.293609619]], "icov": [[0.000168515820405, -0.000338715413818, 0.000236374617089, 0.000123427555081, 0.000846359762363, -0.000403975689551, 0.000297464226605, 0.000194287786144, 0.000138522678753, -0.000126090992126, 0.000485548924189, -0.000160825569765, 3.01585514535e-05], [-0.000338715413818, 0.00196349667385, 8.09125704109e-05, 0.00036441948032, -0.00196219747886, 0.00241784728132, -0.000291957694571, 0.000845496775582, -0.000194102030946, 0.00104251306038, -0.000880897801835, 0.00138205394614, -2.46899999183e-05], [0.000236374617089, 8.09125704109e-05, 0.00346314441413, 0.000353207607986, 0.00196739612147, -0.000978851690888, 0.000684755796101, 0.000954169197939, 0.00208092643879, -0.00152572547086, 0.00138825445902, -0.000846061855555, 0.000711860659067], [0.000123427555081, 0.00036441948032, 0.000353207607986, 0.00481753610075, -0.000552508106921, -0.000570576696191, 0.000714093097486, 0.000299918319797, -0.000329477508785, -0.000384261889849, 0.000665051571559, 0.000950609275606, 0.000355359981768], [0.000846359762363, -0.00196219747886, 0.00196739612147, -0.000552508106921, 0.00864428374916, -0.00157291756477, -0.00142940785736, 0.00205283518881, 0.000491141690873, -0.00117981305812, 0.00177260150667, -0.00189465004951, 0.00129728810862], [-0.000403975689551, 0.00241784728132, -0.000978851690888, -0.000570576696191, -0.00157291756477, 0.00879704672843, -0.00117450905964, -0.00127740530297, 6.87291030772e-05, 0.00199941871688, -0.000387756474083, 0.000424774276325, -0.0025197705254], [0.000297464226605, -0.000291957694571, 0.000684755796101, 0.000714093097486, -0.00142940785736, -0.00117450905964, 0.00652142288163, -0.000774823653046, 7.25179124856e-05, 0.00011389033898, 0.000956846633926, -0.000471955921967, -0.000642291270196], [0.000194287786144, 0.000845496775582, 0.000954169197939, 0.000299918319797, 0.00205283518881, -0.00127740530297, -0.000774823653046, 0.00694245705381, -0.000697351060808, -0.00144410051871, 0.00140645715874, 0.00209791492671, 0.00226912018843], [0.000138522678753, -0.000194102030946, 0.00208092643879, -0.000329477508785, 0.000491141690873, 6.87291030772e-05, 7.25179124856e-05, -0.000697351060808, 0.0102766677737, -0.0038595511578, -0.00168592808768, -0.000589518283959, 0.00271656783298], [-0.000126090992126, 0.00104251306038, -0.00152572547086, -0.000384261889849, -0.00117981305812, 0.00199941871688, 0.00011389033898, -0.00144410051871, -0.0038595511578, 0.0129320602864, -0.000823627167847, 0.00137509941123, 0.000999871757813], [0.000485548924189, -0.000880897801835, 0.00138825445902, 0.000665051571559, 0.00177260150667, -0.000387756474083, 0.000956846633926, 0.00140645715874, -0.00168592808768, -0.000823627167847, 0.0113711208105, -0.00134902307764, -0.00145906792022], [-0.000160825569765, 0.00138205394614, -0.000846061855555, 0.000950609275606, -0.00189465004951, 0.000424774276325, -0.000471955921967, 0.00209791492671, -0.000589518283959, 0.00137509941123, -0.00134902307764, 0.00795780681074, 5.28878517798e-05], [3.01585514535e-05, -2.46899999183e-05, 0.000711860659067, 0.000355359981768, 0.00129728810862, -0.0025197705254, -0.000642291270196, 0.00226912018843, 0.00271656783298, 0.000999871757813, -0.00145906792022, 5.28878517798e-05, 0.00832294579595]]}, "melbands": {"dmean": [2.22461403609e-06, 1.40914435178e-05, 6.19662250756e-06, 9.56921940087e-05, 0.000178236048669, 0.000224433722906, 0.000197301895241, 0.000275044614682, 0.000197339322767, 0.000342099345289, 0.000228926204727, 0.00012383289868, 0.000154446752276, 4.66669225716e-05, 6.33877561995e-06, 2.2369852104e-06, 1.03906804725e-05, 2.06126901503e-06, 1.60172578489e-06, 2.59039393313e-06, 7.48471222778e-07, 4.31597641182e-07, 2.3889140266e-07, 1.28557687162e-07, 1.54169214284e-07, 5.57636532506e-08, 5.23096943539e-08, 7.05798584022e-08, 1.02376645827e-07, 5.25213117442e-08, 1.45868028767e-07, 2.89563132583e-07, 7.49610151729e-08, 5.97708407213e-08, 1.17067685323e-07, 4.17911323325e-08, 1.12515358808e-07, 2.30829698467e-07, 1.97771029775e-07, 2.45283473532e-07], "dmean2": [3.67314260075e-06, 2.36129490077e-05, 1.04007340269e-05, 0.00010269536142, 0.000216744534555, 0.00028689703322, 0.00025914714206, 0.000415758840973, 0.000292207900202, 0.000466400233563, 0.00034918700112, 0.000202649083803, 0.000235034458456, 7.02670658939e-05, 7.97456414148e-06, 3.32408285431e-06, 1.4923114577e-05, 3.08567473439e-06, 2.58548288912e-06, 3.9647675294e-06, 1.19491039641e-06, 6.90262368153e-07, 3.7837011746e-07, 1.80785704629e-07, 2.44301759267e-07, 7.99424881848e-08, 7.94974681639e-08, 1.09614887833e-07, 1.65372739502e-07, 8.90369662443e-08, 2.20488146851e-07, 4.24160816692e-07, 1.0497855385e-07, 9.22857239516e-08, 1.90513688381e-07, 6.4366062702e-08, 1.53029759531e-07, 2.99355690458e-07, 2.61523666722e-07, 3.51755176098e-07], "dvar": [6.98371308699e-12, 3.95127930375e-10, 4.40959352366e-11, 9.83185373116e-08, 2.8158240184e-07, 2.22158476504e-07, 1.48145076651e-07, 5.09422363848e-07, 7.50252581838e-07, 2.53082657764e-06, 8.69608186349e-07, 4.19437327537e-07, 3.26689956864e-07, 2.54753160789e-08, 6.83386472411e-11, 2.37725793911e-11, 4.7386872204e-10, 1.83235128459e-11, 6.84001596682e-12, 3.43946052195e-11, 1.92591363864e-12, 6.57650962767e-13, 2.75593512854e-13, 5.88810548713e-14, 1.44925358606e-13, 3.30318285474e-14, 4.09332601994e-14, 8.99292440645e-14, 1.9716368295e-13, 9.01370991735e-14, 1.01291371124e-12, 2.04484584647e-12, 6.73639529575e-13, 2.11570507207e-13, 7.78313774107e-13, 5.80951505977e-14, 5.41123732194e-13, 3.17979193323e-12, 2.0031001597e-12, 4.22009259135e-12], "dvar2": [1.74191234353e-11, 9.39410327305e-10, 1.14598407153e-10, 9.56810310981e-08, 3.43280902371e-07, 4.42802672751e-07, 2.75255814586e-07, 1.24164023418e-06, 1.71011322436e-06, 5.379315553e-06, 2.17574802264e-06, 9.28442545955e-07, 7.28406007511e-07, 6.27549141541e-08, 1.22744217568e-10, 5.6771757434e-11, 1.02457076157e-09, 4.71265595992e-11, 1.7470516353e-11, 6.2318726568e-11, 4.62117497046e-12, 1.66959653568e-12, 7.37323938883e-13, 8.46158605965e-14, 3.27909628704e-13, 4.66275950413e-14, 9.13400011551e-14, 2.15897436105e-13, 5.12050417258e-13, 2.28201030121e-13, 2.34784739393e-12, 4.49898755403e-12, 1.49293218846e-12, 5.14191337078e-13, 1.95627932256e-12, 1.50971235838e-13, 1.13147826612e-12, 6.98551676573e-12, 4.48289842747e-12, 9.38634933667e-12], "max": [2.54762126133e-05, 0.00017862993991, 5.74798141315e-05, 0.00936730578542, 0.0149610666558, 0.0093293543905, 0.00701007852331, 0.0132877537981, 0.0174165088683, 0.0370704345405, 0.014516226016, 0.0139842452481, 0.0109300389886, 0.00401435233653, 0.000140716132591, 8.46107795951e-05, 0.000598786806222, 0.000107390398625, 6.76201307215e-05, 0.000270791788353, 4.36278023699e-05, 1.22651435959e-05, 1.71381707332e-05, 4.88240993946e-06, 8.02948216005e-06, 4.29899682786e-06, 3.40464862347e-06, 4.50986726719e-06, 5.95045185037e-06, 6.37189441477e-06, 2.14537358261e-05, 2.19562170969e-05, 2.18129389395e-05, 7.3610895015e-06, 1.5753603293e-05, 4.87982060804e-06, 1.27260218505e-05, 3.89044434996e-05, 3.03594897559e-05, 3.71182031813e-05], "mean": [3.01371051137e-06, 1.52768570842e-05, 7.67588153394e-06, 0.000267616909696, 0.000474268570542, 0.000487862329464, 0.000435976136941, 0.000692970701493, 0.000355824886356, 0.000555894919671, 0.000346457993146, 0.000190131366253, 0.000293252087431, 0.000103576938272, 1.86842316907e-05, 5.50567256141e-06, 2.10787147807e-05, 4.51621326647e-06, 3.53537052433e-06, 6.55351732348e-06, 1.56036833232e-06, 8.14184602405e-07, 4.88455043524e-07, 3.24437706922e-07, 2.75759731494e-07, 1.11161206462e-07, 9.10055888426e-08, 1.49816841599e-07, 1.84174282936e-07, 9.59731352168e-08, 2.21908052822e-07, 4.57185052483e-07, 9.36319608513e-08, 6.21676292667e-08, 1.2269683225e-07, 6.07703114497e-08, 1.75079961195e-07, 3.92914728309e-07, 3.35926159778e-07, 3.70334873878e-07], "median": [1.98077191271e-06, 9.38678022067e-06, 5.63206549486e-06, 4.86437893414e-05, 0.000109240820166, 0.000235362604144, 0.000211972335819, 0.000179256676347, 4.9940583267e-05, 1.3973309251e-05, 4.84672491439e-05, 6.33389345239e-06, 1.41895698107e-05, 2.47505849984e-05, 1.41089712997e-05, 1.7460139361e-06, 7.30972760721e-06, 2.12237387132e-06, 1.89478987522e-06, 1.94606855075e-06, 6.3571752662e-07, 4.35976488689e-07, 2.58121332308e-07, 1.49611111055e-07, 1.04413466318e-07, 3.22278310705e-08, 2.24438192475e-08, 1.41268650111e-08, 1.27687886931e-08, 6.74582567584e-09, 5.83911408114e-09, 6.26039264873e-09, 2.41078979002e-09, 1.60654811676e-09, 1.71684522154e-09, 7.92405141503e-10, 3.40972861057e-10, 4.26957885713e-10, 3.78190950778e-10, 1.7899040583e-10], "min": [9.04466104298e-24, 8.40171337282e-24, 8.63912816199e-24, 1.89259059205e-23, 1.01203754392e-23, 7.22624514858e-24, 2.48511616642e-23, 1.18558394539e-23, 9.11075969823e-24, 8.9832403329e-24, 1.00829069128e-23, 8.62000932909e-24, 5.0486202577e-24, 6.70185696159e-24, 5.10698649836e-24, 5.66130840683e-24, 1.20933607393e-23, 9.08988722754e-24, 7.76076152074e-24, 1.10502830965e-23, 1.32021757391e-23, 9.94179784061e-24, 6.13757095102e-24, 6.03174565501e-24, 8.32387883388e-24, 1.07803135955e-23, 9.95925769903e-24, 1.40176133682e-23, 1.72096554019e-23, 1.42647745339e-23, 1.16122857492e-23, 1.14076102653e-23, 1.09468350329e-23, 8.6171055321e-24, 7.44957009313e-24, 1.17639655575e-23, 6.2941831121e-24, 8.26212285792e-24, 1.08702106065e-23, 1.17959593892e-23], "var": [9.85861479258e-12, 3.91204318939e-10, 5.34724417522e-11, 4.76599268495e-07, 1.33169260152e-06, 5.58602039291e-07, 3.91045688275e-07, 2.21530626732e-06, 1.27199916733e-06, 4.97798509969e-06, 1.40246504543e-06, 8.37714821955e-07, 1.01124999219e-06, 9.52588194991e-08, 3.15623222003e-10, 8.30642013505e-11, 1.85714921219e-09, 5.83461334802e-11, 2.48912106204e-11, 3.27835564251e-10, 9.28506837389e-12, 1.5116870429e-12, 6.07273942504e-13, 3.55700874571e-13, 3.72097833231e-13, 1.3860145128e-13, 8.97233405194e-14, 2.80577888397e-13, 4.55914928206e-13, 2.21652272816e-13, 1.60900199414e-12, 3.50351822206e-12, 9.50643860506e-13, 2.06881834255e-13, 7.12620609224e-13, 1.04975219056e-13, 1.20600393821e-12, 5.88400465504e-12, 3.61846121642e-12, 6.9038841484e-12]}, "mfcc": {"mean": [-813.267822266, 187.262878418, -22.5121479034, -26.3226299286, -14.1170530319, -19.0893287659, -20.4618721008, -15.3844299316, -7.18276071548, -11.1380519867, -2.58548784256, 1.19117712975, 3.66666674614], "cov": [[9802.77832031, 3774.56469727, -332.090118408, -663.066833496, -601.612365723, -343.612823486, -435.725646973, -484.059906006, -64.4957809448, -359.090270996, -189.533035278, -236.163253784, -204.143493652], [3774.56469727, 2999.45922852, -423.761444092, -272.909851074, -34.5521583557, -202.619400024, -346.561950684, -254.30329895, -304.558227539, -133.179443359, -89.5602111816, -17.938747406, -47.4183006287], [-332.090118408, -423.761444092, 454.111175537, -19.3453598022, -29.969587326, 61.9033622742, 67.251449585, -9.41888999939, 54.9776802063, -87.5483093262, 30.6602497101, -72.4106521606, -24.6979866028], [-663.066833496, -272.909851074, -19.3453598022, 211.062210083, 47.0365715027, -1.50827383995, -11.5039930344, 39.9616622925, -28.0353546143, 114.634246826, 27.3693256378, 43.8913116455, 14.3266525269], [-601.612365723, -34.5521583557, -29.969587326, 47.0365715027, 217.404693604, 38.4853820801, 14.7693309784, -22.7800693512, -2.40662288666, -67.2093734741, 53.5914154053, 22.6767024994, 30.8126907349], [-343.612823486, -202.619400024, 61.9033622742, -1.50827383995, 38.4853820801, 157.604278564, 69.2518539429, 26.7544803619, 15.7518978119, -70.8168106079, -28.0206680298, -37.1966590881, 2.63488698006], [-435.725646973, -346.561950684, 67.251449585, -11.5039930344, 14.7693309784, 69.2518539429, 189.968765259, 39.7076911926, 90.4415664673, -64.5556716919, -36.4301872253, -36.0942230225, -7.49017286301], [-484.059906006, -254.30329895, -9.41888999939, 39.9616622925, -22.7800693512, 26.7544803619, 39.7076911926, 181.593093872, 9.49758529663, 76.055480957, -13.1717538834, 6.54656076431, 41.6776237488], [-64.4957809448, -304.558227539, 54.9776802063, -28.0353546143, -2.40662288666, 15.7518978119, 90.4415664673, 9.49758529663, 238.952484131, -83.265335083, 39.5157966614, -3.67200136185, 5.16228437424], [-359.090270996, -133.179443359, -87.5483093262, 114.634246826, -67.2093734741, -70.8168106079, -64.5556716919, 76.055480957, -83.265335083, 530.209655762, -66.1811828613, 110.642044067, -128.080078125], [-189.533035278, -89.5602111816, 30.6602497101, 27.3693256378, 53.5914154053, -28.0206680298, -36.4301872253, -13.1717538834, 39.5157966614, -66.1811828613, 299.403991699, -11.1606750488, 124.552520752], [-236.163253784, -17.938747406, -72.4106521606, 43.8913116455, 22.6767024994, -37.1966590881, -36.0942230225, 6.54656076431, -3.67200136185, 110.642044067, -11.1606750488, 179.956619263, -12.0802202225], [-204.143493652, -47.4183006287, -24.6979866028, 14.3266525269, 30.8126907349, 2.63488698006, -7.49017286301, 41.6776237488, 5.16228437424, -128.080078125, 124.552520752, -12.0802202225, 261.614044189]], "icov": [[0.000374051800463, -0.000408327934565, 5.5566582887e-05, 0.000189987476915, 0.000929352361709, 2.82472301478e-05, 0.000277989776805, 0.000380646379199, -0.000485820288304, 0.000115394417662, 3.09629103867e-05, 0.000285603950033, 0.000114815389679], [-0.000408327934565, 0.00118089583702, 0.000488646444865, 0.000613754848018, -0.00108249171171, 0.000440870440798, 0.000528638600372, 1.06222796603e-05, 0.00114937371109, 0.000184685457498, 0.000160590847372, -0.000116142386105, 3.0349858207e-05], [5.5566582887e-05, 0.000488646444865, 0.00311862141825, 0.000383656821214, 0.00084572454216, -0.000521678477526, 9.0530331363e-05, 0.000580716121476, 0.000229935059906, 0.000559755309951, -0.00054113304941, 0.000745069002733, 0.000782598741353], [0.000189987476915, 0.000613754848018, 0.000383656821214, 0.00738622387871, -0.00127315451391, 0.000328578782501, 0.000958149728831, -0.000125824997667, 0.000855154765304, -0.00118402694352, -0.000257667707046, -0.0002087958419, -0.000398166710511], [0.000929352361709, -0.00108249171171, 0.00084572454216, -0.00127315451391, 0.00863852258772, -0.00176072132308, -0.000262784800725, 0.00193638913333, -0.000585442292504, 0.00136767304502, -0.00126559869386, -0.000703206576873, 0.000614043266978], [2.82472301478e-05, 0.000440870440798, -0.000521678477526, 0.000328578782501, -0.00176072132308, 0.00938400812447, -0.00158388365526, -0.00122086505871, 0.000953897659201, 0.00113021198194, 0.00114480522461, 0.00109741580673, 0.000336862372933], [0.000277989776805, 0.000528638600372, 9.0530331363e-05, 0.000958149728831, -0.000262784800725, -0.00158388365526, 0.00990048982203, -0.000903043372091, -0.00276617286727, 0.000781716487836, 0.00171546952333, 0.00154310616199, 0.000434863613918], [0.000380646379199, 1.06222796603e-05, 0.000580716121476, -0.000125824997667, 0.00193638913333, -0.00122086505871, -0.000903043372091, 0.00842104014009, -0.000508642347995, -0.00151418417227, 0.000688112049829, 0.000593070755713, -0.00225400272757], [-0.000485820288304, 0.00114937371109, 0.000229935059906, 0.000855154765304, -0.000585442292504, 0.000953897659201, -0.00276617286727, -0.000508642347995, 0.00710844900459, 0.00104513764381, -0.00132404139731, -0.00143028167076, 0.000801017042249], [0.000115394417662, 0.000184685457498, 0.000559755309951, -0.00118402694352, 0.00136767304502, 0.00113021198194, 0.000781716487836, -0.00151418417227, 0.00104513764381, 0.0039617693983, -0.000191866187379, -0.00131618743762, 0.00228187907487], [3.09629103867e-05, 0.000160590847372, -0.00054113304941, -0.000257667707046, -0.00126559869386, 0.00114480522461, 0.00171546952333, 0.000688112049829, -0.00132404139731, -0.000191866187379, 0.00523314066231, 0.000869558309205, -0.00242579774931], [0.000285603950033, -0.000116142386105, 0.000745069002733, -0.0002087958419, -0.000703206576873, 0.00109741580673, 0.00154310616199, 0.000593070755713, -0.00143028167076, -0.00131618743762, 0.000869558309205, 0.00768333720043, -0.000370303954696], [0.000114815389679, 3.0349858207e-05, 0.000782598741353, -0.000398166710511, 0.000614043266978, 0.000336862372933, 0.000434863613918, -0.00225400272757, 0.000801017042249, 0.00228187907487, -0.00242579774931, -0.000370303954696, 0.0065481797792]]}, "spectral_contrast_coeffs": {"dmean": [0.0432789027691, 0.0422879345715, 0.0390613116324, 0.0266034640372, 0.0190833266824, 0.0193396881223], "dmean2": [0.0684999078512, 0.0665517151356, 0.0626014396548, 0.0419423542917, 0.0315970778465, 0.0321005992591], "dvar": [0.00131684972439, 0.00137768429704, 0.00139203714207, 0.000594687939156, 0.000382233585697, 0.000414460344473], "dvar2": [0.00294975237921, 0.00328342313878, 0.00324337789789, 0.00139685871545, 0.000984255573712, 0.00109582184814], "max": [-0.266324460506, -0.367120265961, -0.403533220291, -0.516756951809, -0.607805669308, -0.642925441265], "mean": [-0.599484980106, -0.620908081532, -0.658682823181, -0.707617342472, -0.753923416138, -0.763882160187], "median": [-0.594732344151, -0.613499641418, -0.65390753746, -0.702695548534, -0.750061511993, -0.758882701397], "min": [-0.96434366703, -0.971551179886, -0.966813981533, -0.962244510651, -0.954155921936, -0.960067629814], "var": [0.016680246219, 0.00838129408658, 0.00775786209852, 0.00427743140608, 0.00278505217284, 0.00291363638826]}, "spectral_contrast_valleys": {"dmean": [0.461009889841, 0.336079329252, 0.313720494509, 0.257086127996, 0.21565784