{"lowlevel": {"average_loudness": 0.967836916447, "barkbands_crest": {"dmean": 3.18410992622, "dmean2": 5.05763339996, "dvar": 10.2095069885, "dvar2": 21.3459186554, "max": 26.0300598145, "mean": 13.7211008072, "median": 13.2426815033, "min": 2.67836785316, "var": 33.9347572327}, "barkbands_flatness_db": {"dmean": 0.0387598387897, "dmean2": 0.0570695213974, "dvar": 0.00151040579658, "dvar2": 0.00319671630859, "max": 0.584247946739, "mean": 0.177954778075, "median": 0.164369300008, "min": 0.0337478779256, "var": 0.00688316812739}, "barkbands_kurtosis": {"dmean": 10.3531579971, "dmean2": 16.3110904694, "dvar": 498.477172852, "dvar2": 1279.25146484, "max": 414.454437256, "mean": 13.2318677902, "median": 5.68001365662, "min": -1.91931295395, "var": 587.305297852}, "barkbands_skewness": {"dmean": 1.09371042252, "dmean2": 1.62152683735, "dvar": 1.6380944252, "dvar2": 3.766092062, "max": 19.2892398834, "mean": 2.68143844604, "median": 2.3942425251, "min": -2.76267576218, "var": 4.27332544327}, "barkbands_spread": {"dmean": 11.5480089188, "dmean2": 17.1848602295, "dvar": 170.793487549, "dvar2": 345.749328613, "max": 137.350814819, "mean": 26.7656097412, "median": 21.6733837128, "min": 0.244229197502, "var": 450.906524658}, "dissonance": {"dmean": 0.023666203022, "dmean2": 0.0391654781997, "dvar": 0.000700790376868, "dvar2": 0.00182502495591, "max": 0.500000178814, "mean": 0.456634640694, "median": 0.469041854143, "min": 0.102643154562, "var": 0.00170798436739}, "dynamic_complexity": 2.15766000748, "erbbands_crest": {"dmean": 2.90278077126, "dmean2": 4.71846532822, "dvar": 7.4076089859, "dvar2": 18.4435119629, "max": 32.0076179504, "mean": 8.83417987823, "median": 7.89065122604, "min": 1.93141460419, "var": 17.8502807617}, "erbbands_flatness_db": {"dmean": 0.0266611389816, "dmean2": 0.0377060621977, "dvar": 0.000823470938485, "dvar2": 0.00153868214693, "max": 0.5526304245, "mean": 0.138044461608, "median": 0.12184523046, "min": 0.0328253619373, "var": 0.00530707649887}, "erbbands_kurtosis": {"dmean": 2.0069475174, "dmean2": 3.17943096161, "dvar": 30.3080444336, "dvar2": 76.7335205078, "max": 170.393707275, "mean": 1.00151050091, "median": -0.411292791367, "min": -1.93457591534, "var": 34.2422370911}, "erbbands_skewness": {"dmean": 0.599933445454, "dmean2": 0.887805700302, "dvar": 0.387470394373, "dvar2": 0.863292098045, "max": 9.74252033234, "mean": 0.423001408577, "median": 0.272320002317, "min": -3.75606536865, "var": 1.25821125507}, "erbbands_spread": {"dmean": 19.5619831085, "dmean2": 29.1969947815, "dvar": 376.787414551, "dvar2": 739.646179199, "max": 183.518112183, "mean": 63.5332069397, "median": 60.6130447388, "min": 0.552025794983, "var": 1093.20117188}, "hfc": {"dmean": 21.2298946381, "dmean2": 32.0532073975, "dvar": 632.556030273, "dvar2": 1604.2076416, "max": 295.628570557, "mean": 35.041595459, "median": 25.8602790833, "min": 1.60155868798e-05, "var": 1007.39196777}, "melbands_crest": {"dmean": 3.59051251411, "dmean2": 5.70877361298, "dvar": 11.990404129, "dvar2": 28.2285232544, "max": 33.4363250732, "mean": 18.1464195251, "median": 18.2781352997, "min": 3.56071066856, "var": 37.8155288696}, "melbands_flatness_db": {"dmean": 0.047043222934, "dmean2": 0.0678106620908, "dvar": 0.0021810089238, "dvar2": 0.00442805886269, "max": 0.689529359341, "mean": 0.247423678637, "median": 0.237657144666, "min": 0.0247847475111, "var": 0.0112637160346}, "melbands_kurtosis": {"dmean": 30.8427963257, "dmean2": 47.6216163635, "dvar": 2863.74121094, "dvar2": 7168.42675781, "max": 853.532775879, "mean": 49.385345459, "median": 28.396150589, "min": -1.79126417637, "var": 4529.20654297}, "melbands_skewness": {"dmean": 1.65591752529, "dmean2": 2.46473145485, "dvar": 3.30448770523, "dvar2": 7.45621061325, "max": 23.7157096863, "mean": 4.99953460693, "median": 4.53505659103, "min": -2.77924132347, "var": 9.92952442169}, "melbands_spread": {"dmean": 10.5611534119, "dmean2": 15.9521141052, "dvar": 288.378570557, "dvar2": 610.887329102, "max": 187.193572998, "mean": 20.9130840302, "median": 11.4733104706, "min": 0.453253239393, "var": 684.897888184}, "pitch_salience": {"dmean": 0.0969172939658, "dmean2": 0.156381636858, "dvar": 0.0105313574895, "dvar2": 0.0253689773381, "max": 0.933912038803, "mean": 0.460879474878, "median": 0.481920897961, "min": 0.0659503266215, "var": 0.0303770918399}, "silence_rate_20dB": {"dmean": 0, "dmean2": 0, "dvar": 0, "dvar2": 0, "max": 1, "mean": 1, "median": 1, "min": 1, "var": 0}, "silence_rate_30dB": {"dmean": 0.101195439696, "dmean2": 0.202419012785, "dvar": 0.0909628346562, "dvar2": 0.178406834602, "max": 1, "mean": 0.863794326782, "median": 1, "min": 0, "var": 0.117657117546}, "silence_rate_60dB": {"dmean": 0.0175145957619, "dmean2": 0.0348950363696, "dvar": 0.0172073338181, "dvar2": 0.0392391905189, "max": 1, "mean": 0.038915913552, "median": 0, "min": 0, "var": 0.0374016202986}, "spectral_centroid": {"dmean": 393.566680908, "dmean2": 597.585693359, "dvar": 186846.53125, "dvar2": 384257.3125, "max": 4623.90332031, "mean": 1287.36047363, "median": 1143.07946777, "min": 155.19744873, "var": 591386.25}, "spectral_complexity": {"dmean": 4.91882133484, "dmean2": 7.4334769249, "dvar": 33.2068138123, "dvar2": 61.8774795532, "max": 59, "mean": 15.0193185806, "median": 13, "min": 0, "var": 83.1954803467}, "spectral_decrease": {"dmean": 5.69302738285e-09, "dmean2": 8.22464940597e-09, "dvar": 7.39883080903e-17, "dvar2": 1.7543385091e-16, "max": 1.83784723551e-10, "mean": -1.33944881853e-08, "median": -1.00593764429e-08, "min": -7.79808004836e-08, "var": 1.5104227988e-16}, "spectral_energy": {"dmean": 0.0226277410984, "dmean2": 0.0327639430761, "dvar": 0.00109090819024, "dvar2": 0.00256974785589, "max": 0.297817975283, "mean": 0.0537323541939, "median": 0.0411180481315, "min": 3.82098654939e-08, "var": 0.00222915131599}, "spectral_energyband_high": {"dmean": 0.00204781000502, "dmean2": 0.00315089547075, "dvar": 7.00877853888e-06, "dvar2": 1.76279390871e-05, "max": 0.0315039716661, "mean": 0.00265747727826, "median": 0.00169280532282, "min": 2.72949718383e-10, "var": 9.92551576928e-06}, "spectral_energyband_low": {"dmean": 0.0177190378308, "dmean2": 0.0261462144554, "dvar": 0.00107767770533, "dvar2": 0.00271199131384, "max": 0.287305533886, "mean": 0.0358452349901, "median": 0.0198652241379, "min": 2.25670246379e-10, "var": 0.00191133993212}, "spectral_energyband_middle_high": {"dmean": 0.0017994515365, "dmean2": 0.00275168777443, "dvar": 7.39231927582e-06, "dvar2": 1.48960443767e-05, "max": 0.0682641044259, "mean": 0.00334192090668, "median": 0.00208458816633, "min": 2.0320995997e-09, "var": 1.75172008312e-05}, "spectral_energyband_middle_low": {"dmean": 0.00760013470426, "dmean2": 0.012560242787, "dvar": 0.000159137358423, "dvar2": 0.000422292592702, "max": 0.139648392797, "mean": 0.0126571441069, "median": 0.00946883205324, "min": 1.2401071281e-08, "var": 0.000172753469087}, "spectral_entropy": {"dmean": 0.316280245781, "dmean2": 0.447200357914, "dvar": 0.122965142131, "dvar2": 0.239482402802, "max": 8.74993133545, "mean": 7.68397092819, "median": 7.85981845856, "min": 4.06904220581, "var": 0.54251152277}, "spectral_flux": {"dmean": 0.0497701726854, "dmean2": 0.0759759396315, "dvar": 0.0031485487707, "dvar2": 0.00620084116235, "max": 0.462264716625, "mean": 0.114333868027, "median": 0.0911059826612, "min": 0.000359367841156, "var": 0.0059556667693}, "spectral_kurtosis": {"dmean": 3.1894056797, "dmean2": 4.86984729767, "dvar": 153.644012451, "dvar2": 376.548706055, "max": 375.577789307, "mean": 6.34249687195, "median": 1.69554710388, "min": -0.952054738998, "var": 760.836669922}, "spectral_rms": {"dmean": 0.00144131993875, "dmean2": 0.00205767294392, "dvar": 3.0069973036e-06, "dvar2": 6.37690527583e-06, "max": 0.0170456487685, "mean": 0.00652756821364, "median": 0.00633365381509, "min": 6.10556435277e-06, "var": 9.81258926913e-06}, "spectral_rolloff": {"dmean": 1176.31884766, "dmean2": 1993.88256836, "dvar": 4551535, "dvar2": 9384193, "max": 17398.828125, "mean": 2019.51940918, "median": 473.73046875, "min": 64.599609375, "var": 8991465}, "spectral_skewness": {"dmean": 0.391157060862, "dmean2": 0.561842441559, "dvar": 0.449644505978, "dvar2": 0.918683826923, "max": 16.406036377, "mean": 1.55000555515, "median": 1.27976310253, "min": 0.202927008271, "var": 2.46542978287}, "spectral_spread": {"dmean": 1409028, "dmean2": 2073398.125, "dvar": 2145239957500.0, "dvar2": 4294385598460.0, "max": 19542910, "mean": 7325213.5, "median": 7579586, "min": 264481.78125, "var": 6510943404030.0}, "spectral_strongpeak": {"dmean": 0.378355741501, "dmean2": 0.630189478397, "dvar": 0.352753609419, "dvar2": 0.867623567581, "max": 7.87055206299, "mean": 0.770400524139, "median": 0.641215860844, "min": 0, "var": 0.452191740274}, "zerocrossingrate": {"dmean": 0.0230453945696, "dmean2": 0.0237214546651, "dvar": 0.000492636871058, "dvar2": 0.000529910321347, "max": 0.53759765625, "mean": 0.0791249722242, "median": 0.06005859375, "min": 0.00341796875, "var": 0.00408320548013}, "barkbands": {"dmean": [0.000218536544708, 0.0143149681389, 0.00469233235344, 0.00206158519723, 0.00325223058462, 0.00148566800635, 0.00112667994108, 0.000781652226578, 0.00090546044521, 0.000496897147968, 0.000303835753584, 0.000316725403536, 0.000196381020942, 0.0002307229297, 0.000273823883617, 0.000243601665716, 0.000226174452109, 0.000164648459759, 0.000198336623725, 0.000128619751194, 0.000181914365385, 0.000317651458317, 0.000614114163909, 0.000416231079726, 0.000372822920326, 0.000156683163368, 8.50746073411e-05], "dmean2": [0.000266775139607, 0.0218644496053, 0.00750199193135, 0.00363451219164, 0.00546867121011, 0.00245116604492, 0.0018348704325, 0.00128397950903, 0.00141786399763, 0.000814118888229, 0.000483377720229, 0.000510958314408, 0.000318996259011, 0.000364582199836, 0.000432606000686, 0.000378295138944, 0.000362852937542, 0.000255089573329, 0.000307392823743, 0.000201652524993, 0.000277356040897, 0.000505307456478, 0.00095607386902, 0.000636497861706, 0.00062642164994, 0.00024425672018, 0.000130884800456], "dvar": [1.34721133804e-07, 0.000771228980739, 0.000125458129332, 2.50730536209e-05, 3.65430787497e-05, 4.896649898e-06, 2.1606694645e-05, 4.03234798796e-06, 7.76446267992e-06, 1.35400205181e-06, 8.18489695575e-07, 3.69828171642e-07, 1.54712978429e-07, 3.45330306573e-07, 6.63092066588e-07, 2.32457438187e-07, 1.82873236554e-07, 1.33663419888e-07, 1.6801031677e-07, 4.47650130297e-08, 7.70718386889e-08, 2.08396485846e-07, 8.19746787784e-07, 3.89248043575e-07, 4.23526785198e-07, 4.82920903266e-08, 5.38364268721e-08], "dvar2": [1.58817755391e-07, 0.00194364588242, 0.000304384971969, 6.75751798553e-05, 9.82274796115e-05, 1.26154818645e-05, 5.35768958798e-05, 1.03039237729e-05, 1.75498626049e-05, 3.1627230328e-06, 1.76049832135e-06, 8.64834078129e-07, 3.45758195408e-07, 8.03442276265e-07, 1.29614215894e-06, 5.24248832789e-07, 4.08316680023e-07, 3.0214013691e-07, 3.73800872921e-07, 1.05286027008e-07, 1.64795849855e-07, 5.34284481546e-07, 2.15179943552e-06, 9.41977646107e-07, 1.13816861358e-06, 1.12000726915e-07, 1.20971748174e-07], "max": [0.00390103878453, 0.230233073235, 0.101509854198, 0.0354722961783, 0.085291326046, 0.0680851191282, 0.119183294475, 0.0375359281898, 0.0767177119851, 0.0322254411876, 0.0407123193145, 0.0105309188366, 0.00774210970849, 0.0182257778943, 0.017869612202, 0.00708077568561, 0.0078557934612, 0.006269776728, 0.00897994637489, 0.00419843755662, 0.00609909463674, 0.00416627153754, 0.0085821794346, 0.0103071378544, 0.00733409356326, 0.00312088639475, 0.00441383803263], "mean": [0.000417006813223, 0.027584373951, 0.0071417177096, 0.00174753344618, 0.00466709304601, 0.00270786625333, 0.00129065907095, 0.000999571406282, 0.00110477022827, 0.000572702439968, 0.000345274922438, 0.000455069617601, 0.000257143750787, 0.000266603630735, 0.000330741953803, 0.00028951241984, 0.000305570632918, 0.000209807345527, 0.00029036050546, 0.000182449512067, 0.000241552479565, 0.000400325690862, 0.000697093550116, 0.000515991996508, 0.000374382449081, 0.000204283758649, 0.000132700675749], "median": [6.05571494816e-06, 0.0105830142274, 0.00123289949261, 0.000169856211869, 0.00196801172569, 0.00147804000881, 0.00032305411878, 0.000252978352364, 0.000234753373661, 0.000137802097015, 6.6687411163e-05, 0.000115990857012, 8.9003056928e-05, 7.03584228177e-05, 7.98421606305e-05, 7.18374576536e-05, 0.00010038925393, 6.03102198511e-05, 0.000126960585476, 8.61858279677e-05, 0.000105008657556, 0.000167384918313, 0.00030463852454, 0.000272325356491, 0.000164272641996, 7.79772817623e-05, 2.12607737922e-05], "min": [2.56227036116e-11, 5.7604716136e-11, 6.47946418741e-11, 1.47534678918e-10, 2.69618216642e-10, 2.25898327821e-10, 1.65429803189e-09, 4.80973760819e-10, 2.94377344723e-09, 7.03932134805e-10, 5.28815158329e-10, 2.0027653147e-10, 1.32014066345e-10, 1.59724997117e-10, 1.25094434811e-10, 1.04743248797e-10, 7.87274481717e-11, 6.79463499353e-11, 5.85856085866e-11, 5.20281595584e-11, 4.91189033891e-11, 4.00259513034e-11, 3.47410052115e-11, 3.18581584724e-11, 3.0351679503e-11, 3.04805729268e-11, 1.30524297967e-11], "var": [5.66794426504e-07, 0.00132579030469, 0.000176278976141, 1.88152498595e-05, 4.38699353253e-05, 1.16430210255e-05, 2.17834549403e-05, 5.46704723092e-06, 9.24390678847e-06, 1.78622894964e-06, 1.16915384751e-06, 7.20660466413e-07, 2.58513011886e-07, 4.3940553951e-07, 9.40278937378e-07, 3.16879862794e-07, 3.36903042353e-07, 1.99551408286e-07, 3.06690481011e-07, 7.48579154219e-08, 1.4032050899e-07, 2.85185933535e-07, 1.00781369383e-06, 5.24139920799e-07, 3.67521806766e-07, 1.08523252607e-07, 1.6346282905e-07]}, "erbbands": {"dmean": [0.332577437162, 3.74052429199, 6.83321857452, 5.14700269699, 11.4175958633, 8.8569316864, 11.2785339355, 13.4696912766, 15.2795734406, 13.8676538467, 19.9772567749, 22.8408870697, 13.9463443756, 14.4305734634, 10.9368190765, 15.0966024399, 8.75342941284, 10.8113698959, 13.4762010574, 12.5778875351, 13.9435272217, 11.3410358429, 8.25865840912, 9.8598575592, 10.0781068802, 5.49151659012, 6.34384536743, 8.98929786682, 11.7185325623, 17.3981990814, 15.6366386414, 9.18279647827, 6.44561910629, 5.0147986412, 2.23302221298, 0.740104138851, 0.281832277775, 0.0818697810173, 0.0151586374268, 0.000759416550864], "dmean2": [0.435587793589, 5.7144446373, 10.9873991013, 8.75090885162, 19.8083553314, 14.6319818497, 18.0619850159, 22.3537254333, 24.7099342346, 22.9090919495, 32.3040046692, 34.2121734619, 23.190536499, 23.3596763611, 17.5627727509, 24.10414505, 14.2497425079, 17.384765625, 21.0981025696, 18.7508506775, 21.5114650726, 17.5886383057, 12.6446685791, 15.3516168594, 15.7197494507, 8.46420097351, 10.1247119904, 13.4907932281, 18.5093727112, 27.9432430267, 24.150428772, 14.148106575, 9.8226108551, 8.46825504303, 3.72018432617, 1.19241929054, 0.443351626396, 0.125061675906, 0.0233210399747, 0.00119366834406], "dvar": [0.33112102747, 57.4282646179, 256.317657471, 153.990966797, 683.656433105, 238.633728027, 270.460601807, 459.834136963, 4462.51464844, 2757.36352539, 2738.00927734, 5279.01123047, 1386.63696289, 1671.86376953, 579.678039551, 912.525634766, 295.416870117, 600.619262695, 1507.53710938, 670.333618164, 754.34173584, 566.81463623, 322.86138916, 459.338623047, 485.147613525, 84.9412689209, 105.195495605, 188.916946411, 265.192626953, 666.82434082, 497.941131592, 170.827529907, 111.934257507, 76.1676330566, 14.2747907639, 1.0035854578, 0.182237103581, 0.0414971783757, 0.00191562646069, 3.24893494508e-06], "dvar2": [0.502267479897, 153.219940186, 647.781494141, 412.71963501, 1871.390625, 626.124145508, 670.064453125, 1183.48474121, 11256.9042969, 6888.85839844, 6702.60546875, 11876.6435547, 3089.0012207, 3720.44677734, 1361.06103516, 2113.76757812, 684.57989502, 1376.03234863, 3276.03222656, 1312.35412598, 1721.46472168, 1256.54785156, 711.868164062, 1074.42980957, 1137.70556641, 189.928344727, 240.889785767, 432.884735107, 679.509338379, 1754.22509766, 1282.1574707, 421.299743652, 272.248199463, 205.064910889, 38.4644622803, 2.39737439156, 0.424771934748, 0.0919055491686, 0.00440288707614, 7.75258558861e-06], "max": [4.82374095917, 60.6887626648, 145.717086792, 93.997543335, 402.276153564, 220.775512695, 377.100830078, 696.142883301, 1968.98925781, 1488.76538086, 1090.85302734, 2262.13964844, 1199.83837891, 2006.36682129, 627.544250488, 528.097900391, 409.993591309, 649.244750977, 907.335449219, 530.542724609, 437.389129639, 472.664581299, 265.683258057, 443.01965332, 603.844848633, 193.137374878, 226.442993164, 235.832504272, 153.747665405, 243.976699829, 197.489532471, 159.114852905, 194.398376465, 103.204833984, 42.0992393494, 12.4727859497, 6.23635292053, 3.9008231163, 0.841936945915, 0.0299975071102], "mean": [0.65498059988, 6.54359531403, 10.9884653091, 5.44232082367, 12.5126399994, 13.7190980911, 19.8818073273, 24.1978321075, 19.0623416901, 16.508310318, 26.3313102722, 27.8171234131, 15.8027744293, 18.4707298279, 14.1003875732, 22.0776424408, 12.5163726807, 13.5944185257, 16.4064426422, 16.0831813812, 17.8319950104, 15.725110054, 11.236082077, 12.6420450211, 15.262465477, 8.04163646698, 8.70125293732, 11.5736284256, 14.9219617844, 18.7141799927, 18.2586364746, 11.7725372314, 7.86582565308, 4.90874910355, 2.29451298714, 0.901793777943, 0.363942742348, 0.1292976439, 0.0240383148193, 0.0010920696659], "median": [0.0938971489668, 2.66001987457, 3.50516223907, 1.56250309944, 2.02237677574, 6.35855102539, 10.0584411621, 12.0192155838, 5.25831794739, 6.00657606125, 6.14107322693, 6.16499233246, 4.77302980423, 4.45121192932, 5.04352045059, 5.60029745102, 5.40479946136, 4.32479476929, 4.7669839859, 4.20525550842, 5.79438591003, 5.35065984726, 3.32563710213, 4.38422489166, 7.17905712128, 4.0312538147, 4.20193481445, 4.23299598694, 5.99630403519, 8.26497650146, 8.40560245514, 6.59964323044, 3.54817843437, 1.95981562138, 1.08908367157, 0.420738697052, 0.125334426761, 0.0267582144588, 0.00368119636551, 0.00024874493829], "min": [3.65244012812e-09, 6.36053743008e-09, 4.77029615809e-08, 3.36136139367e-07, 4.70511821504e-07, 8.35018568068e-07, 2.70673513114e-06, 1.81692564638e-06, 1.8732071112e-05, 1.62674205058e-05, 1.54819153977e-05, 6.77979405737e-05, 3.79273769795e-05, 1.93849209609e-05, 1.72045220097e-05, 8.87250280357e-06, 8.46971852297e-06, 8.80976222106e-06, 7.15056057743e-06, 6.04926344749e-06, 5.08196899318e-06, 4.56618045064e-06, 3.80457572646e-06, 3.34959281645e-06, 2.83945928459e-06, 2.45745218308e-06, 2.19433491111e-06, 1.83180031854e-06, 1.46591412431e-06, 1.18308673791e-06, 9.50561116042e-07, 7.21465426068e-07, 4.99695318013e-07, 3.46416072716e-07, 2.12940676647e-07, 1.20784875435e-07, 5.59399957467e-08, 1.86440090033e-08, 4.43220615765e-09, 4.28806934405e-10], "var": [0.973772525787, 79.8234558105, 322.425201416, 121.280693054, 650.920898438, 353.919464111, 646.58203125, 1082.01171875, 4611.94384766, 2751.2331543, 4074.29760742, 6166.72802734, 1766.90869141, 2564.36669922, 969.05480957, 1782.67834473, 516.747192383, 836.635437012, 2094.41137695, 1082.24853516, 1026.92797852, 1016.82684326, 544.480041504, 668.555664062, 822.239624023, 148.448547363, 191.377502441, 298.73223877, 388.923950195, 744.844604492, 646.895019531, 230.12562561, 143.44430542, 65.7307434082, 12.6062870026, 1.45343387127, 0.416542053223, 0.129496797919, 0.00571599649265, 8.14489339973e-06]}, "gfcc": {"mean": [13.2956447601, 47.8253746033, -74.8075256348, 24.2843704224, -68.1346435547, 12.1554365158, -42.3770141602, 1.36880326271, -20.6891899109, 0.735059380531, -12.1780586243, 4.68250322342, -9.41062927246], "cov": [[8606.70214844, -1933.21447754, 281.193817139, 1642.57421875, 1317.90979004, 1076.49755859, 515.997497559, 741.271850586, 204.700515747, 318.941131592, 3.52396035194, 82.001739502, -362.477203369], [-1933.21447754, 2557.0012207, 364.721221924, 30.5549182892, 468.146453857, 228.383590698, 356.389373779, 164.576812744, 215.583312988, 47.8800849915, 209.765808105, -34.9353485107, 64.3460769653], [281.193817139, 364.721221924, 1990.38574219, 672.276367188, 382.605010986, 397.855102539, 433.405883789, 59.0179786682, 158.912368774, 151.377914429, 123.414962769, 95.8475189209, -95.3485336304], [1642.57421875, 30.5549182892, 672.276367188, 1310.51074219, 687.965454102, 539.417419434, 248.53666687, 280.488494873, 256.332458496, 235.157058716, 128.241500854, 106.567489624, -12.9708566666], [1317.90979004, 468.146453857, 382.605010986, 687.965454102, 1079.97399902, 450.667999268, 267.042755127, 298.778289795, 207.51322937, 141.672805786, 117.083053589, 27.729095459, -58.3687133789], [1076.49755859, 228.383590698, 397.855102539, 539.417419434, 450.667999268, 687.506408691, 415.349273682, 239.106567383, 193.02381897, 136.467880249, 80.2112503052, 91.4715652466, -28.0724430084], [515.997497559, 356.389373779, 433.405883789, 248.53666687, 267.042755127, 415.349273682, 484.022766113, 193.040756226, 119.94959259, 74.7023468018, 86.9258880615, 54.2959442139, -34.7385215759], [741.271850586, 164.576812744, 59.0179786682, 280.488494873, 298.778289795, 239.106567383, 193.040756226, 292.951965332, 152.25592041, 88.92628479, 33.4910697937, 23.6735954285, -15.8619670868], [204.700515747, 215.583312988, 158.912368774, 256.332458496, 207.51322937, 193.02381897, 119.94959259, 152.25592041, 260.328033447, 128.960021973, 48.1151123047, 51.0978736877, 11.5567102432], [318.941131592, 47.8800849915, 151.377914429, 235.157058716, 141.672805786, 136.467880249, 74.7023468018, 88.92628479, 128.960021973, 185.364730835, 101.405952454, 67.7506484985, 12.5708789825], [3.52396035194, 209.765808105, 123.414962769, 128.241500854, 117.083053589, 80.2112503052, 86.9258880615, 33.4910697937, 48.1151123047, 101.405952454, 207.072433472, 92.8012466431, 7.82430315018], [82.001739502, -34.9353485107, 95.8475189209, 106.567489624, 27.729095459, 91.4715652466, 54.2959442139, 23.6735954285, 51.0978736877, 67.7506484985, 92.8012466431, 153.342453003, 57.3245429993], [-362.477203369, 64.3460769653, -95.3485336304, -12.9708566666, -58.3687133789, -28.0724430084, -34.7385215759, -15.8619670868, 11.5567102432, 12.5708789825, 7.82430315018, 57.3245429993, 123.085876465]], "icov": [[0.000381082063541, 0.000323940999806, 0.000115754919534, -0.000211306411074, -0.000263342983089, -0.000184815944522, -0.000126544153318, -0.00055007688934, 0.000403659127187, -0.000282351917122, 0.000193316242076, -0.000200745256734, 0.000818814325612], [0.000323940999806, 0.000979386153631, -4.86093267682e-05, 0.000106791005237, -0.000480743474327, -0.000205279691727, -0.000397376599722, -0.00048905791482, -0.000378946744604, 0.000464730226668, -0.0011061092373, 0.00122657581232, -0.000547210685909], [0.000115754919534, -4.86093267682e-05, 0.000957262527663, -0.000596179277636, -0.000121997232782, 0.000380634854082, -0.00109665526543, 0.00086216168711, 1.55633661052e-05, -0.000523178197909, 0.000686448765919, -0.000879876199178, 0.00129369308706], [-0.000211306411074, 0.000106791005237, -0.000596179277636, 0.00203495263122, -0.000473399966722, -0.000992649584077, 0.00105020171031, -0.000472350337077, -0.00043915832066, -0.000327759364154, -0.000726593134459, 0.000710418273229, -0.00135081901681], [-0.000263342983089, -0.000480743474327, -0.000121997232782, -0.000473399966722, 0.0020978488028, -0.000477184832562, 0.000572140910663, -0.000688933243509, -0.00024726180709, 0.000480578833958, -0.000675891875289, 0.000496293534525, 7.60507318773e-05], [-0.000184815944522, -0.000205279691727, 0.000380634854082, -0.000992649584077, -0.000477184832562, 0.00499244593084, -0.00356897665188, 0.000797645247076, -0.000691851542797, -0.000687231018674, 0.00166579836514, -0.00198913901113, 0.000716824608389], [-0.000126544153318, -0.000397376599722, -0.00109665526543, 0.00105020171031, 0.000572140910663, -0.00356897665188, 0.00677071558312, -0.00280178966932, 0.000408637977671, 0.0012451459188, -0.00183656462468, 0.000482097850181, -0.000169926002854], [-0.00055007688934, -0.00048905791482, 0.00086216168711, -0.000472350337077, -0.000688933243509, 0.000797645247076, -0.00280178966932, 0.00890646036714, -0.00300248479471, -0.000770708720665, 0.00121774303261, -7.78312314651e-05, -0.000214465515455], [0.000403659127187, -0.000378946744604, 1.55633661052e-05, -0.00043915832066, -0.00024726180709, -0.000691851542797, 0.000408637977671, -0.00300248479471, 0.00889601651579, -0.00504991505295, 0.00262785074301, -0.00202620984055, 0.00126308680046], [-0.000282351917122, 0.000464730226668, -0.000523178197909, -0.000327759364154, 0.000480578833958, -0.000687231018674, 0.0012451459188, -0.000770708720665, -0.00504991505295, 0.0131641533226, -0.00607741903514, 0.00119080406148, -0.00222960207611], [0.000193316242076, -0.0011061092373, 0.000686448765919, -0.000726593134459, -0.000675891875289, 0.00166579836514, -0.00183656462468, 0.00121774303261, 0.00262785074301, -0.00607741903514, 0.0120125878602, -0.00785771198571, 0.00457063829526], [-0.000200745256734, 0.00122657581232, -0.000879876199178, 0.000710418273229, 0.000496293534525, -0.00198913901113, 0.000482097850181, -7.78312314651e-05, -0.00202620984055, 0.00119080406148, -0.00785771198571, 0.0161238834262, -0.00887263938785], [0.000818814325612, -0.000547210685909, 0.00129369308706, -0.00135081901681, 7.60507318773e-05, 0.000716824608389, -0.000169926002854, -0.000214465515455, 0.00126308680046, -0.00222960207611, 0.00457063829526, -0.00887263938785, 0.0157563891262]]}, "melbands": {"dmean": [0.00341204088181, 0.00412919279188, 0.00112103938591, 0.000743901182432, 0.000379086355679, 0.000292562326649, 0.000231503159739, 0.000144363119034, 0.000171411258634, 0.000140785574331, 6.9941743277e-05, 6.26080072834e-05, 3.92718939111e-05, 3.74146329705e-05, 2.67771338258e-05, 1.9004331989e-05, 2.13956227526e-05, 2.17214928853e-05, 2.13099629036e-05, 1.48824801727e-05, 1.84946202353e-05, 1.31920960484e-05, 8.61378339323e-06, 7.23786797607e-06, 8.4520161181e-06, 8.10226447356e-06, 5.64483525523e-06, 3.50913455804e-06, 3.97400208385e-06, 4.43391172666e-06, 5.55706765226e-06, 7.56615099817e-06, 5.43011719856e-06, 1.24078342196e-05, 1.0370590644e-05, 6.17120031166e-06, 5.30858005732e-06, 4.41204565504e-06, 4.35340052718e-06, 4.50648985861e-06], "dmean2": [0.00494196591899, 0.00641903700307, 0.00190061714966, 0.00125762366224, 0.000611450290307, 0.000485732365632, 0.000375733419787, 0.000238640917814, 0.000274810008705, 0.000210779049667, 0.000117263625725, 0.00010198786913, 6.25720131211e-05, 6.01271131018e-05, 4.30891632277e-05, 3.11550720653e-05, 3.4375127143e-05, 3.45195294358e-05, 3.2329618989e-05, 2.26120628213e-05, 2.8963875593e-05, 2.08176952583e-05, 1.3590427443e-05, 1.09824222818e-05, 1.33674666358e-05, 1.27047660499e-05, 8.72439341038e-06, 5.47568197362e-06, 6.3735024014e-06, 7.09864980308e-06, 8.25418464956e-06, 1.24810439956e-05, 8.36740764498e-06, 2.02025730687e-05, 1.63296099345e-05, 9.40642621572e-06, 8.29750024423e-06, 6.51554637443e-06, 7.11057145963e-06, 7.81549715612e-06], "dvar": [3.77294090868e-05, 8.02245558589e-05, 6.48386549074e-06, 2.39914606937e-06, 2.88299219164e-07, 2.2709247105e-07, 9.56219992077e-07, 2.51673071716e-07, 2.08300065196e-07, 2.1142804485e-07, 3.66352281844e-08, 2.76156182366e-08, 9.67207558489e-09, 4.76870098964e-09, 2.93750024305e-09, 1.50779899677e-09, 2.92481483477e-09, 3.67411034929e-09, 4.0890459907e-09, 8.47061532028e-10, 1.32383148888e-09, 7.72231667501e-10, 4.31048308158e-10, 2.30867783224e-10, 3.6822997429e-10, 3.46597306411e-10, 9.78769010285e-11, 4.59161320077e-11, 5.10231405737e-11, 4.97222749085e-11, 7.73076602734e-11, 1.1761770724e-10, 5.88872492435e-11, 3.62339547255e-10, 2.42237813142e-10, 6.94381149802e-11, 6.62093366244e-11, 5.55111477618e-11, 5.36692496e-11, 6.89232351747e-11], "dvar2": [8.16943647806e-05, 0.000212647981243, 1.72846775968e-05, 6.4827395363e-06, 7.04727199263e-07, 5.81047743253e-07, 2.40513895733e-06, 6.35622598111e-07, 4.95262895583e-07, 4.85203202061e-07, 8.2440479332e-08, 6.28439877914e-08, 2.23207479166e-08, 1.12493907523e-08, 6.63185728556e-09, 3.27670668376e-09, 6.69314159651e-09, 8.41210745506e-09, 7.80649855869e-09, 1.77536041424e-09, 3.07057601567e-09, 1.73103076317e-09, 9.88985338068e-10, 5.04981279015e-10, 8.7786100611e-10, 8.08744737846e-10, 2.20661613981e-10, 1.03799635554e-10, 1.22846802175e-10, 1.09311955321e-10, 1.81673939781e-10, 3.07297992608e-10, 1.40791572845e-10, 9.6814034567e-10, 6.34673369415e-10, 1.70560440771e-10, 1.5669020248e-10, 1.22434312688e-10, 1.4447272545e-10, 1.86895152132e-10], "max": [0.051621556282, 0.078994512558, 0.0209198966622, 0.0218942705542, 0.0105745829642, 0.0153496079147, 0.0278663784266, 0.0137859256938, 0.00895484630018, 0.014680672437, 0.00602373713627, 0.00755790341645, 0.00259591056965, 0.00117563689128, 0.00131326552946, 0.00100660871249, 0.00155474350322, 0.00151546206325, 0.0016412276309, 0.000631303701084, 0.00066746660741, 0.00060512550408, 0.000366272055544, 0.000273016456049, 0.000391868466977, 0.000468629819807, 0.000178970149136, 0.000155235393322, 0.000146064761793, 0.000161384799867, 0.000132066386868, 0.00010058702901, 8.62476226757e-05, 0.000178915870492, 0.000146470119944, 8.8637607405e-05, 0.000126584913232, 0.000149625018821, 9.67747255345e-05, 8.85016997927e-05], "mean": [0.00691387197003, 0.00702690612525, 0.00119974301197, 0.00100336375181, 0.000673632486723, 0.000515926862136, 0.000280695647234, 0.000172784930328, 0.000225471274462, 0.000162990952958, 7.48394522816e-05, 7.62606869102e-05, 4.5643071644e-05, 5.30973666173e-05, 3.90848254028e-05, 2.60497909039e-05, 2.49875629379e-05, 2.51281016972e-05, 2.50713019341e-05, 1.89966158359e-05, 2.24579289352e-05, 1.79393646249e-05, 1.10579021566e-05, 9.45554802456e-06, 1.00347133412e-05, 1.17891004265e-05, 8.22995298222e-06, 4.76469358546e-06, 5.2043424148e-06, 5.85694897381e-06, 6.86135444994e-06, 9.44493513089e-06, 6.52524249745e-06, 1.27969915411e-05, 1.15964467113e-05, 8.16360716271e-06, 6.67638096274e-06, 5.63668936593e-06, 4.56435509477e-06, 4.13201041738e-06], "median": [0.00215244991705, 0.00397623376921, 0.000397861876991, 0.000283523026155, 0.00035754032433, 0.000262805697275, 7.53199783503e-05, 6.01119209023e-05, 4.79076479678e-05, 3.47278000845e-05, 2.031873737e-05, 1.67733833223e-05, 1.00155075415e-05, 1.59675528266e-05, 1.20957456602e-05, 9.9188700915e-06, 6.7865166784e-06, 6.59486886434e-06, 5.64721494811e-06, 4.7801436267e-06, 6.53119150229e-06, 5.72283352085e-06, 2.61335162577e-06, 2.81939605884e-06, 3.21555648952e-06, 5.10633071826e-06, 3.74955266125e-06, 2.16804392039e-06, 2.239737114e-06, 2.69633915195e-06, 2.01450279746e-06, 3.42639623341e-06, 3.15067450174e-06, 5.26110989085e-06, 4.94597225043e-06, 4.41443580712e-06, 3.54316648554e-06, 2.429056849e-06, 1.86804084024e-06, 1.46606589624e-06], "min": [2.49089117388e-11, 1.84743800119e-11, 6.2701004111e-11, 3.88337556556e-11, 8.49216599819e-11, 4.01368452363e-11, 3.14470560703e-10, 1.59582028147e-10, 1.10532860642e-10, 4.21175261334e-10, 1.7760556914e-10, 7.39369745983e-11, 6.78635550533e-11, 2.24648875891e-11, 1.34941328944e-11, 1.50552521838e-11, 1.63605431286e-11, 1.11931739918e-11, 8.78054053077e-12, 7.57800419637e-12, 5.7277910713e-12, 4.74315942425e-12, 3.27756810407e-12, 2.9528306883e-12, 2.49348371811e-12, 2.17741623343e-12, 1.85823773903e-12, 1.58697664385e-12, 1.37938380336e-12, 1.20976601133e-12, 1.00831376668e-12, 8.52071722641e-13, 7.10255910075e-13, 6.38595025384e-13, 5.55406957405e-13, 4.91463965878e-13, 4.21221813939e-13, 3.52769733997e-13, 3.18556541822e-13, 2.83490272273e-13], "var": [8.64042012836e-05, 9.74039139692e-05, 5.39072516403e-06, 2.73154068964e-06, 6.83228734033e-07, 4.86711257963e-07, 9.67359142123e-07, 2.58387530039e-07, 3.15773462489e-07, 2.32154476976e-07, 4.40221015197e-08, 4.1856690558e-08, 1.42652334389e-08, 9.07067576605e-09, 5.52101298013e-09, 2.75377409764e-09, 3.76189657203e-09, 4.9175428174e-09, 5.70067193451e-09, 1.42182177143e-09, 1.71108527347e-09, 1.35858935213e-09, 6.80270118014e-10, 3.60636825958e-10, 4.97478946926e-10, 5.67562719045e-10, 1.86415771708e-10, 7.24243373607e-11, 8.65623753232e-11, 8.66205718264e-11, 1.13731989104e-10, 1.6568858785e-10, 7.85887466215e-11, 3.84219073224e-10, 2.89619467297e-10, 1.0248891319e-10, 8.90636522866e-11, 8.15362360962e-11, 5.06650346677e-11, 5.46967471315e-11]}, "mfcc": {"mean": [-644.141967773, 87.8632354736, 38.0841331482, 13.6051330566, 2.66697525978, 4.25286054611, -8.46875476837, 0.99066144228, -8.36561584473, -0.926008403301, -3.5509159565, -2.71591305733, -0.0378962159157], "cov": [[7401.13427734, -1283.36682129, -542.405517578, 655.267578125, 1050.13024902, 764.009155273, 718.380981445, 656.554626465, 502.558532715, 481.252655029, 403.680114746, 303.303344727, 336.264953613], [-1283.36682129, 1901.2331543, 138.699310303, 69.0844650269, 192.455413818, 110.068145752, 278.703399658, 196.432647705, 122.718322754, 131.484893799, 179.401031494, 143.755813599, 84.2162704468], [-542.405517578, 138.699310303, 1592.33898926, 433.878051758, 67.703704834, 423.505706787, 242.749984741, 196.473251343, 92.4624176025, 91.9060516357, 134.997512817, 155.791915894, 128.420974731], [655.267578125, 69.0844650269, 433.878051758, 786.603637695, 591.003356934, 347.283905029, 240.88381958, 182.682540894, 171.04524231, 172.398010254, 135.694671631, 183.229171753, 185.378509521], [1050.13024902, 192.455413818, 67.703704834, 591.003356934, 849.225524902, 403.655334473, 273.938446045, 247.93800354, 219.508026123, 213.039413452, 178.605575562, 173.471893311, 170.675735474], [764.009155273, 110.068145752, 423.505706787, 347.283905029, 403.655334473, 603.268981934, 345.478271484, 314.84552002, 229.451797485, 188.80480957, 191.165679932, 209.235488892, 169.029846191], [718.380981445, 278.703399658, 242.749984741, 240.88381958, 273.938446045, 345.478271484, 480.513092041, 286.120849609, 147.666976929, 134.678314209, 153.394500732, 170.914230347, 117.15499115], [656.554626465, 196.432647705, 196.473251343, 182.682540894, 247.93800354, 314.84552002, 286.120849609, 374.8671875, 216.164840698, 173.433166504, 149.997589111, 135.205169678, 119.047988892], [502.558532715, 122.718322754, 92.4624176025, 171.04524231, 219.508026123, 229.451797485, 147.666976929, 216.164840698, 303.211456299, 163.747283936, 97.0421218872, 79.5140075684, 87.2482299805], [481.252655029, 131.484893799, 91.9060516357, 172.398010254, 213.039413452, 188.80480957, 134.678314209, 173.433166504, 163.747283936, 229.395935059, 148.020278931, 90.3275146484, 74.2932891846], [403.680114746, 179.401031494, 134.997512817, 135.694671631, 178.605575562, 191.165679932, 153.394500732, 149.997589111, 97.0421218872, 148.020278931, 194.802719116, 131.240127563, 76.4401779175], [303.303344727, 143.755813599, 155.791915894, 183.229171753, 173.471893311, 209.235488892, 170.914230347, 135.205169678, 79.5140075684, 90.3275146484, 131.240127563, 216.980514526, 144.622024536], [336.264953613, 84.2162704468, 128.420974731, 185.378509521, 170.675735474, 169.029846191, 117.15499115, 119.047988892, 87.2482299805, 74.2932891846, 76.4401779175, 144.622024536, 185.49105835]], "icov": [[0.000344139698427, 0.000373136979761, 0.000232184742345, -8.35966966406e-06, -0.000169503968209, 3.29147114826e-05, -0.000481055787532, -0.000141481956234, -0.000121052849863, -4.86106400786e-05, -0.000600500905421, 0.00037099851761, -0.000390451226849], [0.000373136979761, 0.00104791449849, 0.00013803159527, 0.000244351744186, -0.000420387950726, 0.000497188419104, -0.000904491811525, -0.000160500800121, -0.000317253347021, -3.23340577779e-06, -0.00108349544462, 0.000233201921219, -0.000468746147817], [0.000232184742345, 0.00013803159527, 0.00129643362015, -0.00111721432768, 0.000968065869529, -0.000990445376374, -0.000202224488021, -0.000304633344058, 0.000197787609068, 0.000298296799883, -0.000920189369936, 0.00068431859836, -0.000296407495625], [-8.35966966406e-06, 0.000244351744186, -0.00111721432768, 0.00416510598734, -0.00281959725544, 0.000735998677555, -0.00054326991085, 0.000945057487115, -0.000293428689474, -0.00108206679579, 0.00129134324379, -0.00107186939567, -0.00094962620642], [-0.000169503968209, -0.000420387950726, 0.000968065869529, -0.00281959725544, 0.00409005768597, -0.00163631164469, 0.000327973684762, -0.00019884367066, 6.40972793917e-05, -7.44475983083e-06, -0.00082671479322, 0.000936136813834, -0.000122358833323], [3.29147114826e-05, 0.000497188419104, -0.000990445376374, 0.000735998677555, -0.00163631164469, 0.00552701717243, -0.00146489066537, -0.000996196642518, -0.00132745155133, 0.000140606134664, -0.000672689639032, -0.00151402526535, -0.000275850848993], [-0.000481055787532, -0.000904491811525, -0.000202224488021, -0.00054326991085, 0.000327973684762, -0.00146489066537, 0.00572242029011, -0.00258947117254, 0.000948003784288, 0.000633362738881, 0.000729695020709, -0.00198012101464, 0.00159002130385], [-0.000141481956234, -0.000160500800121, -0.000304633344058, 0.000945057487115, -0.00019884367066, -0.000996196642518, -0.00258947117254, 0.00835997238755, -0.00272941123694, -0.00139176100492, -0.000679957622197, 0.000583305081818, -0.0013767312048], [-0.000121052849863, -0.000317253347021, 0.000197787609068, -0.000293428689474, 6.40972793917e-05, -0.00132745155133, 0.000948003784288, -0.00272941123694, 0.00745469843969, -0.00357677461579, 0.00206801015884, 0.000505350064486, -0.000496611755807], [-4.86106400786e-05, -3.23340577779e-06, 0.000298296799883, -0.00108206679579, -7.44475983083e-06, 0.000140606134664, 0.000633362738881, -0.00139176100492, -0.00357677461579, 0.0128689436242, -0.00824910774827, 0.00230855331756, -0.000535992323421], [-0.000600500905421, -0.00108349544462, -0.000920189369936, 0.00129134324379, -0.00082671479322, -0.000672689639032, 0.000729695020709, -0.000679957622197, 0.00206801015884, -0.00824910774827, 0.017869932577, -0.00834629591554, 0.00375072052702], [0.00037099851761, 0.000233201921219, 0.00068431859836, -0.00107186939567, 0.000936136813834, -0.00151402526535, -0.00198012101464, 0.000583305081818, 0.000505350064486, 0.00230855331756, -0.00834629591554, 0.0163066033274, -0.00922306347638], [-0.000390451226849, -0.000468746147817, -0.000296407495625, -0.00094962620642, -0.000122358833323, -0.000275850848993, 0.00159002130385, -0.0013767312048, -0.000496611755807, -0.000535992323421, 0.00375072052702, -0.00922306347638, 0.0138028580695]]}, "spectral_contrast_coeffs": {"dmean": [0.05630902946, 0.0591406710446, 0.0488729961216, 0.039835203439, 0.0294427815825, 0.0230959858745], "dmean2": [0.0852077752352, 0.0942648053169, 0.0791026130319, 0.0620023310184, 0.045926745981, 0.0374329462647], "dvar": [0.00236787972972, 0.00227362313308, 0.00162016972899, 0.00113763671834, 0.000612341740634, 0.000394255534047], "dvar2": [0.00491759786382, 0.00578887667507, 0.00391917303205, 0.00245386292227, 0.0013438554015, 0.000912737625185], "max": [-0.196072280407, -0.391307979822, -0.501187622547, -0.533301651478, -0.579427599907, -0.622784495354], "mean": [-0.549001574516, -0.699328482151, -0.765984475613, -0.786250948906, -0.792776882648, -0.791673660278], "median": [-0.568553805351, -0.707460105419, -0.773854255676, -0.792498767376, -0.796353697777, -0.789559841156], "min": [-0.919768691063, -0.925469577312, -0.939523041248, -0.982839882374, -0.979287266731, -0.932760834694], "var": [0.0143147250637, 0.00771986180916, 0.00496029481292, 0.00326354173012, 0.00250347005203, 0.00136348721571]}, "spectral_contrast_valleys": {"dmean": [0.627397298813, 0.499226689339, 0.508933603764, 0.48952794075, 0.494671434164, 0.602427124977], "dmean2": [0.926836967468, 0.806022167206, 0.8026086092, 0.726300418377, 0.680553555489, 0.81290012598], "dvar": [0.466452091932, 0.215189293027, 0.264890700579, 0.226496189833, 0.229121670127, 0.331153124571], "dvar2": [0.719296097755, 0.534362316132, 0.624308466911, 0.485892534256, 0.464572757483, 0.676061868668], "max": [-4.97667980194, -4.6822271347, -4.98251914978, -5.75703859329, -5.86501693726, -6.97878932953], "mean": [-7.97966957092, -6.85807657242, -7.6541929245, -8.11279296875, -7.85119342804, -