{"lowlevel": {"average_loudness": 0.122345879674, "barkbands_crest": {"dmean": 1.79020619392, "dmean2": 2.73160457611, "dvar": 2.74190807343, "dvar2": 6.54466533661, "max": 25.0047416687, "mean": 11.2073822021, "median": 10.420091629, "min": 3.03639769554, "var": 16.4935665131}, "barkbands_flatness_db": {"dmean": 0.0138407135382, "dmean2": 0.0204313006252, "dvar": 0.000150832507643, "dvar2": 0.000340081140166, "max": 0.451936662197, "mean": 0.240224838257, "median": 0.240315303206, "min": 0.0668165162206, "var": 0.0037970780395}, "barkbands_kurtosis": {"dmean": 2.15247344971, "dmean2": 3.29387879372, "dvar": 8.08965396881, "dvar2": 18.5422706604, "max": 56.4471092224, "mean": 4.99595451355, "median": 3.30929374695, "min": -1.81221520901, "var": 33.5968704224}, "barkbands_skewness": {"dmean": 0.382427722216, "dmean2": 0.571336209774, "dvar": 0.126899778843, "dvar2": 0.291635274887, "max": 6.23243522644, "mean": 1.35345876217, "median": 1.25806081295, "min": -1.889934659, "var": 0.972712874413}, "barkbands_spread": {"dmean": 1.3242058754, "dmean2": 2.02388048172, "dvar": 2.26649641991, "dvar2": 5.43112230301, "max": 54.9726371765, "mean": 6.68226671219, "median": 6.02968215942, "min": 0.636913657188, "var": 14.7182617188}, "dissonance": {"dmean": 0.0330887138844, "dmean2": 0.055652141571, "dvar": 0.000905226625036, "dvar2": 0.00250868988223, "max": 0.499992102385, "mean": 0.404511839151, "median": 0.407810091972, "min": 0.13400515914, "var": 0.00304866582155}, "dynamic_complexity": 6.95756244659, "erbbands_crest": {"dmean": 2.41014719009, "dmean2": 3.74817943573, "dvar": 4.75127887726, "dvar2": 11.6285877228, "max": 30.8366909027, "mean": 12.8743305206, "median": 12.0466995239, "min": 2.32185959816, "var": 27.3299560547}, "erbbands_flatness_db": {"dmean": 0.0140072144568, "dmean2": 0.0205727554858, "dvar": 0.000159760136739, "dvar2": 0.000352101575118, "max": 0.479651778936, "mean": 0.264550536871, "median": 0.263813704252, "min": 0.0282410550863, "var": 0.00254038558342}, "erbbands_kurtosis": {"dmean": 1.50352442265, "dmean2": 2.35679650307, "dvar": 3.77340841293, "dvar2": 8.72458267212, "max": 41.6344261169, "mean": 2.63004302979, "median": 1.49973011017, "min": -1.80087602139, "var": 14.5542783737}, "erbbands_skewness": {"dmean": 0.350662559271, "dmean2": 0.536486387253, "dvar": 0.101928524673, "dvar2": 0.234954833984, "max": 5.14359521866, "mean": 0.975006759167, "median": 0.895898103714, "min": -2.68138766289, "var": 0.657119274139}, "erbbands_spread": {"dmean": 2.98971390724, "dmean2": 4.58994245529, "dvar": 9.82585144043, "dvar2": 23.4587039948, "max": 87.5748214722, "mean": 15.2526330948, "median": 13.8148260117, "min": 1.14226019382, "var": 69.6652984619}, "hfc": {"dmean": 1.52167117596, "dmean2": 2.15762066841, "dvar": 5.21051692963, "dvar2": 11.0079545975, "max": 68.4817428589, "mean": 8.0427646637, "median": 5.92749500275, "min": 1.15022415556e-16, "var": 64.4102096558}, "melbands_crest": {"dmean": 2.15633583069, "dmean2": 3.27500772476, "dvar": 4.12237119675, "dvar2": 9.98714256287, "max": 32.0321617126, "mean": 14.8719577789, "median": 13.8262195587, "min": 2.46318769455, "var": 29.2391338348}, "melbands_flatness_db": {"dmean": 0.0142788114026, "dmean2": 0.0209114290774, "dvar": 0.000168636048329, "dvar2": 0.000368404551409, "max": 0.541632711887, "mean": 0.314082056284, "median": 0.316858947277, "min": 0.00929014384747, "var": 0.00605693785474}, "melbands_kurtosis": {"dmean": 2.9675219059, "dmean2": 4.47395563126, "dvar": 19.6176261902, "dvar2": 43.6896476746, "max": 94.5706329346, "mean": 7.02077674866, "median": 4.33681869507, "min": -1.6877669096, "var": 75.6910247803}, "melbands_skewness": {"dmean": 0.429040253162, "dmean2": 0.641004085541, "dvar": 0.166307121515, "dvar2": 0.374981850386, "max": 7.79526281357, "mean": 1.58915996552, "median": 1.37036180496, "min": -1.80470752716, "var": 1.3910523653}, "melbands_spread": {"dmean": 1.90511095524, "dmean2": 2.88307476044, "dvar": 8.10486030579, "dvar2": 14.9001045227, "max": 128.807678223, "mean": 9.22096729279, "median": 8.33803844452, "min": 0.922129809856, "var": 28.8427448273}, "pitch_salience": {"dmean": 0.0506780818105, "dmean2": 0.078863427043, "dvar": 0.00193505804054, "dvar2": 0.00452025095001, "max": 0.89131218195, "mean": 0.532461166382, "median": 0.536102890968, "min": 0.118056811392, "var": 0.0194114558399}, "silence_rate_20dB": {"dmean": 0, "dmean2": 0, "dvar": 0, "dvar2": 0, "max": 1, "mean": 1, "median": 1, "min": 1, "var": 0}, "silence_rate_30dB": {"dmean": 0.00381970964372, "dmean2": 0.00764087866992, "dvar": 0.0038053849712, "dvar2": 0.00872817169875, "max": 1, "mean": 0.990070641041, "median": 1, "min": 0, "var": 0.00983119104058}, "silence_rate_60dB": {"dmean": 0.0183346066624, "dmean2": 0.0366762168705, "dvar": 0.0179980434477, "dvar2": 0.0406776964664, "max": 1, "mean": 0.278785556555, "median": 0, "min": 0, "var": 0.201064884663}, "spectral_centroid": {"dmean": 68.209197998, "dmean2": 103.992874146, "dvar": 26073.953125, "dvar2": 35642.1640625, "max": 11281.3378906, "mean": 647.908874512, "median": 553.210327148, "min": 206.266235352, "var": 115715.039062}, "spectral_complexity": {"dmean": 1.20741021633, "dmean2": 2.06685757637, "dvar": 1.42606449127, "dvar2": 3.83739376068, "max": 23, "mean": 8.43421840668, "median": 10, "min": 0, "var": 21.5649242401}, "spectral_decrease": {"dmean": 7.42399086651e-10, "dmean2": 1.03433939191e-09, "dvar": 1.11994940304e-18, "dvar2": 2.32875061838e-18, "max": 2.34935389252e-21, "mean": -4.9415742609e-09, "median": -3.27363025576e-09, "min": -3.46451010103e-08, "var": 3.28647261522e-17}, "spectral_energy": {"dmean": 0.00292805908248, "dmean2": 0.00408307928592, "dvar": 1.74663564394e-05, "dvar2": 3.63662438758e-05, "max": 0.133508592844, "mean": 0.0193800553679, "median": 0.0129730049521, "min": 1.08855151076e-20, "var": 0.00049692299217}, "spectral_energyband_high": {"dmean": 2.86409954242e-06, "dmean2": 4.84023530589e-06, "dvar": 3.48505599379e-11, "dvar2": 9.91380588733e-11, "max": 0.000121314755233, "mean": 8.92722164281e-06, "median": 4.6170753194e-06, "min": 8.03781094741e-21, "var": 1.50586723646e-10}, "spectral_energyband_low": {"dmean": 0.000505959033035, "dmean2": 0.000579487183131, "dvar": 7.48844740883e-07, "dvar2": 1.05293599972e-06, "max": 0.0255384277552, "mean": 0.00270936544985, "median": 0.000820588378701, "min": 1.5792578804e-23, "var": 1.65991023096e-05}, "spectral_energyband_middle_high": {"dmean": 0.000573674507905, "dmean2": 0.000869571347721, "dvar": 1.27379394144e-06, "dvar2": 2.88638739221e-06, "max": 0.0217335931957, "mean": 0.00151927478146, "median": 0.000798125751317, "min": 1.72599736836e-21, "var": 4.29805686508e-06}, "spectral_energyband_middle_low": {"dmean": 0.00271315034479, "dmean2": 0.00376882287674, "dvar": 1.60290164786e-05, "dvar2": 3.37761630362e-05, "max": 0.131762742996, "mean": 0.016551040113, "median": 0.00987898558378, "min": 3.05561598701e-22, "var": 0.00044771033572}, "spectral_entropy": {"dmean": 0.113980732858, "dmean2": 0.170170515776, "dvar": 0.0105211809278, "dvar2": 0.0224247686565, "max": 9.7921962738, "mean": 6.51272249222, "median": 6.47472572327, "min": 4.67119407654, "var": 0.34158706665}, "spectral_flux": {"dmean": 0.00834535434842, "dmean2": 0.0141355916858, "dvar": 0.000115514158097, "dvar2": 0.000314464006806, "max": 0.163701027632, "mean": 0.0329059809446, "median": 0.0326627194881, "min": 1.04333673645e-10, "var": 0.000440847972641}, "spectral_kurtosis": {"dmean": 6.99157333374, "dmean2": 12.2667865753, "dvar": 55.9795570374, "dvar2": 168.248001099, "max": 128.37109375, "mean": 21.6839084625, "median": 16.8973445892, "min": -1.2063574791, "var": 286.625976562}, "spectral_rms": {"dmean": 0.000309353083139, "dmean2": 0.000432439963333, "dvar": 1.27335155753e-07, "dvar2": 2.73192114264e-07, "max": 0.0114128123969, "mean": 0.00361242471263, "median": 0.00355761009268, "min": 3.25883634314e-12, "var": 5.85778388995e-06}, "spectral_rolloff": {"dmean": 114.019493103, "dmean2": 192.301849365, "dvar": 145923.28125, "dvar2": 182178.953125, "max": 18776.953125, "mean": 736.565368652, "median": 624.462890625, "min": 172.265625, "var": 247288.25}, "spectral_skewness": {"dmean": 0.500231444836, "dmean2": 0.873528063297, "dvar": 0.212237328291, "dvar2": 0.641240775585, "max": 9.32830429077, "mean": 3.26061487198, "median": 2.96181488037, "min": 0.0105819161981, "var": 1.57214212418}, "spectral_spread": {"dmean": 234722.859375, "dmean2": 393373.40625, "dvar": 220595290112, "dvar2": 273796169728, "max": 40419632, "mean": 2292623.75, "median": 2163947.5, "min": 678534.125, "var": 891057995776}, "spectral_strongpeak": {"dmean": 0.274789959192, "dmean2": 0.429885327816, "dvar": 0.207772016525, "dvar2": 0.489382505417, "max": 8.00915908813, "mean": 1.11801183224, "median": 0.844001591206, "min": 0, "var": 0.940634906292}, "zerocrossingrate": {"dmean": 0.00287830410525, "dmean2": 0.00364359468222, "dvar": 2.68869789579e-05, "dvar2": 2.40220360865e-05, "max": 0.4716796875, "mean": 0.0300229098648, "median": 0.02587890625, "min": 0.0078125, "var": 0.000377282558475}, "barkbands": {"dmean": [7.54144252824e-07, 6.76634153933e-05, 0.000213757899473, 0.000627688248642, 0.000625384040177, 0.000436501810327, 0.000893758959137, 0.00112014054321, 0.000591588672251, 0.00018628773978, 0.000258914369624, 0.000212162573007, 0.000101795048977, 3.84665290767e-05, 3.05948742607e-05, 2.85478181468e-05, 1.98296256713e-05, 1.57465092343e-05, 1.83159827429e-05, 6.74036436976e-06, 1.07532184757e-06, 5.61337344607e-07, 2.85531939426e-07, 1.27916052861e-07, 9.43633082784e-08, 4.47114771873e-08, 5.06040898074e-09], "dmean2": [1.25358656078e-06, 9.05559136299e-05, 0.000257607520325, 0.000754272739869, 0.000883828091901, 0.000649799942039, 0.00130537827499, 0.00152012088802, 0.000762685434893, 0.000271643541055, 0.000401975557907, 0.000331729417667, 0.000169582126546, 6.51896189083e-05, 5.26467920281e-05, 4.86360804643e-05, 3.29930662701e-05, 2.61267559836e-05, 2.99367256957e-05, 1.1439521586e-05, 1.79465200745e-06, 9.50917694809e-07, 4.61881199953e-07, 2.15028236994e-07, 1.59147958811e-07, 7.60225447038e-08, 8.78259776016e-09], "dvar": [5.88985500996e-12, 3.79927591609e-08, 1.91762353552e-07, 1.5364422552e-06, 1.59546209488e-06, 6.63711603011e-07, 3.75249214812e-06, 6.66741016175e-06, 2.31662875194e-06, 2.8687725262e-07, 6.04217689215e-07, 3.40505636132e-07, 6.4874598138e-08, 2.30547527735e-08, 3.63716767815e-09, 6.30081098407e-09, 2.73033551323e-09, 1.34068434132e-09, 2.97877056354e-09, 5.28720289772e-10, 7.38119027704e-12, 2.39444488542e-12, 6.87696698632e-13, 5.81782072604e-14, 3.10484433031e-14, 7.19106916483e-15, 1.42094567932e-16], "dvar2": [1.48110499559e-11, 7.38195495842e-08, 3.2681026596e-07, 2.31394051298e-06, 3.4355648495e-06, 1.64400319136e-06, 9.56941585173e-06, 1.44341074702e-05, 3.29018848788e-06, 4.86852798076e-07, 1.46472291362e-06, 7.74874422405e-07, 1.69932548033e-07, 6.53886260693e-08, 1.02798054513e-08, 1.78372197013e-08, 6.81526524104e-09, 3.60689855761e-09, 7.63068452869e-09, 1.52506640649e-09, 1.97267792379e-11, 6.8606383595e-12, 1.75445357027e-12, 1.53112304736e-13, 8.50052653593e-14, 1.85468756645e-14, 4.02996147568e-16], "max": [5.49339856661e-05, 0.00513915158808, 0.014571711421, 0.0849779844284, 0.0629897639155, 0.0271674636751, 0.0620235353708, 0.0724534466863, 0.0751844793558, 0.0203004963696, 0.0150050939992, 0.0163130313158, 0.0070720394142, 0.00366380927153, 0.00107225927059, 0.00185060303193, 0.00152276817244, 0.00101883988827, 0.00143619603477, 0.00075151398778, 6.80744997226e-05, 3.53716823156e-05, 2.64208701992e-05, 7.80754453444e-06, 5.98583392275e-06, 2.47875004789e-06, 3.47977049842e-07], "mean": [1.02770889043e-06, 0.000223662602366, 0.00111352768727, 0.0043375454843, 0.00339895137586, 0.00148753356189, 0.00261506065726, 0.003104821546, 0.00152011949103, 0.000347680994309, 0.000434560817666, 0.000362050661352, 0.000160970434081, 5.88987568335e-05, 5.14238090545e-05, 5.00139140058e-05, 3.65992309526e-05, 2.84462057607e-05, 2.90106199827e-05, 1.28961992232e-05, 2.36039204538e-06, 1.27214229906e-06, 6.86104897341e-07, 4.35784357933e-07, 3.51915304009e-07, 1.83388564778e-07, 9.72861169402e-09], "median": [4.7260951419e-07, 5.55579890715e-06, 0.000149180559674, 0.000334862270392, 0.000800892477855, 0.000535799714271, 0.00068727415055, 0.000487561745103, 0.000311548588797, 0.000136755770654, 9.11518291105e-05, 0.000108551808808, 5.54392208869e-05, 1.28310402943e-05, 1.96019045688e-05, 1.33829917104e-05, 1.03481734186e-05, 7.0156838774e-06, 5.21973743162e-06, 3.89819933844e-06, 8.81435880729e-07, 4.85752991608e-07, 2.30505946774e-07, 3.02821689502e-07, 2.74838669156e-07, 1.47570091258e-07, 5.52840440093e-09], "min": [1.22970888013e-23, 5.72315352408e-24, 4.75514309615e-24, 3.95633623263e-24, 3.88835661744e-23, 1.1439495392e-22, 3.89841017636e-23, 6.76955558452e-23, 2.28972920415e-23, 1.00347657294e-22, 5.58254458975e-23, 4.97768485959e-23, 5.43553184037e-23, 1.50635627803e-22, 1.30336242471e-22, 2.06371326573e-22, 1.79790500599e-22, 1.55816967203e-22, 3.97375566981e-22, 4.61036010944e-22, 7.10220838327e-22, 4.29441286031e-22, 7.1514691496e-22, 8.96588861154e-22, 1.30354910076e-21, 1.81042350912e-21, 2.12837105707e-21], "var": [5.37841472747e-12, 2.83848351046e-07, 4.28409066444e-06, 0.000110762171971, 6.0301481426e-05, 5.94002676735e-06, 2.26227002713e-05, 4.18462550442e-05, 1.34644742502e-05, 8.47799753956e-07, 1.29333727727e-06, 7.22393622254e-07, 1.22781514733e-07, 3.73968482847e-08, 6.29065599611e-09, 1.18927490078e-08, 6.14776407559e-09, 2.91546942144e-09, 4.79578643464e-09, 1.02304287264e-09, 1.93448208841e-11, 5.73674744861e-12, 2.18213576549e-12, 2.55160720027e-13, 1.38726473343e-13, 3.30749221956e-14, 2.43362571323e-16]}, "erbbands": {"dmean": [0.000482098432258, 0.021932112053, 0.190886721015, 1.18000805378, 2.4302945137, 1.81000542641, 3.16393756866, 3.50448393822, 9.16464328766, 19.1336994171, 20.345495224, 12.8194160461, 6.99345779419, 10.5705051422, 5.66841506958, 8.8214225769, 4.70960092545, 2.89446616173, 1.11525213718, 1.47278261185, 1.23076677322, 1.10287725925, 0.906063020229, 0.859225988388, 0.726491749287, 0.198634952307, 0.065795250237, 0.030286276713, 0.0243170652539, 0.0127753932029, 0.006533798296, 0.00334556028247, 0.00195275852457, 0.00148817477748, 0.000550115422811, 0.000181120878551, 0.000113503134344, 1.46414240589e-05, 1.71123679138e-06, 3.29438398694e-06], "dmean2": [0.000647061911877, 0.0291120968759, 0.239667028189, 1.35297775269, 3.21116280556, 2.74225568771, 4.78237485886, 5.15814399719, 13.7255563736, 25.3527259827, 28.3218307495, 17.1314125061, 9.37910175323, 15.9407625198, 8.65985584259, 13.7981147766, 7.8039226532, 4.85905456543, 1.89399862289, 2.52614116669, 2.10429215431, 1.81455612183, 1.49520075321, 1.42945146561, 1.20646977425, 0.337256103754, 0.111624203622, 0.0512530915439, 0.0413815826178, 0.0212989021093, 0.0107005862519, 0.00562816066667, 0.00324389827438, 0.00251792231575, 0.000921133556403, 0.00030666202656, 0.000192164094187, 2.46852232522e-05, 2.5104022825e-06, 4.59649891127e-06], "dvar": [1.55809539137e-06, 0.00356480409391, 0.160440683365, 4.33178377151, 36.7477378845, 23.6417655945, 44.465221405, 53.1857872009, 411.209503174, 1572.25695801, 1837.27868652, 1024.05981445, 625.549377441, 895.225952148, 206.887695312, 731.703308105, 116.750869751, 106.337806702, 5.16638422012, 8.70147514343, 7.8596496582, 11.7462291718, 5.25060224533, 5.82860040665, 4.04125785828, 0.252200990915, 0.0264387335628, 0.00643352791667, 0.00561487255618, 0.00127203017473, 0.000288369425107, 4.09084350395e-05, 1.5206856915e-05, 6.14267446508e-06, 1.73418573013e-06, 1.47805295114e-07, 4.32173443699e-08, 1.0208712764e-09, 7.01854113022e-12, 2.21563861008e-11], "dvar2": [2.20974516196e-06, 0.00755534647033, 0.359804928303, 5.61935472488, 59.4260025024, 62.5822410583, 126.614456177, 108.932044983, 1130.96936035, 3174.31469727, 3914.66064453, 1571.49230957, 848.110290527, 2070.62133789, 352.929107666, 1751.20361328, 308.64553833, 279.169464111, 14.5213880539, 24.2164897919, 22.4189147949, 28.6543807983, 14.183016777, 14.7999258041, 11.0232791901, 0.709642529488, 0.0756173506379, 0.0180693902075, 0.0161538850516, 0.00340501125902, 0.000761993636843, 0.000109014632471, 3.87174259231e-05, 1.71744213731e-05, 4.69387850899e-06, 3.883044144e-07, 1.14588438294e-07, 2.79506950918e-09, 1.66824366821e-11, 4.61475718749e-11], "max": [0.0400431454182, 1.45608186722, 14.7757968903, 105.17754364, 372.910491943, 137.030136108, 137.273834229, 338.000549316, 869.169250488, 1111.71325684, 1219.49523926, 924.177612305, 1631.04858398, 615.953125, 668.322814941, 833.525085449, 291.296051025, 256.650299072, 49.8123779297, 57.0758743286, 52.0872344971, 107.168525696, 69.190536499, 68.5340805054, 30.6693840027, 17.9855289459, 4.42081642151, 2.81826901436, 1.8683886528, 0.864935159683, 0.419325381517, 0.206113219261, 0.102344989777, 0.059823166579, 0.0493213683367, 0.0110236592591, 0.00502901244909, 0.000888663984369, 9.95192604023e-05, 0.000147751372424], "mean": [0.00186128437053, 0.0792346075177, 0.940875530243, 7.53800106049, 17.7563858032, 6.70458841324, 12.8059768677, 11.6603221893, 27.9137535095, 60.8074417114, 53.9102172852, 35.012512207, 15.5430221558, 19.0790100098, 11.0509433746, 14.8244867325, 8.15040779114, 4.97468900681, 2.18038678169, 2.77436709404, 2.42546653748, 2.17060875893, 1.74707663059, 1.57616436481, 1.26039886475, 0.451749652624, 0.156902045012, 0.0706159844995, 0.0536115281284, 0.030893811956, 0.0162848047912, 0.0102049121633, 0.00690420810133, 0.00522487377748, 0.00180707371328, 0.000615429249592, 0.000453953980468, 5.13213562954e-05, 1.07332971311e-05, 2.17438882828e-05], "median": [0.000629981688689, 0.0202083718032, 0.275089532137, 1.02018225193, 2.00096273422, 2.26077151299, 2.80270862579, 5.11280822754, 9.18464374542, 15.0675210953, 16.1657829285, 9.26730060577, 5.48591947556, 4.82574462891, 4.12017679214, 4.63445425034, 3.46812701225, 1.11441814899, 0.982368648052, 1.14501976967, 0.782688975334, 0.650942623615, 0.441353499889, 0.411596983671, 0.269584804773, 0.169161140919, 0.0590746738017, 0.0306624863297, 0.0186076629907, 0.0111300135031, 0.00631177099422, 0.00652641849592, 0.00496494118124, 0.00388893671334, 0.00121567421593, 0.000450253137387, 0.000335306744091, 3.70167399524e-05, 7.68896279624e-06, 1.47187492985e-05], "min": [3.08649944969e-22, 8.71805855494e-22, 4.65432033633e-21, 8.93643201523e-21, 2.20064713439e-20, 2.05684120329e-19, 2.02929983705e-19, 1.24461803246e-18, 8.22124574456e-19, 8.89676589373e-19, 1.22608835956e-18, 7.21203886834e-19, 2.36357161344e-18, 2.03648950999e-18, 2.84593929932e-18, 2.19379548105e-18, 2.53500851771e-18, 7.1395174625e-18, 6.31903453136e-18, 7.1242129668e-18, 1.35581983063e-17, 1.03226962296e-17, 8.12882961101e-18, 1.88029601413e-17, 1.78547977467e-17, 2.40721006433e-17, 1.91085901427e-17, 3.03020544401e-17, 1.80839069241e-17, 1.41838429801e-17, 2.3359133821e-17, 1.23764533417e-17, 1.95543362682e-17, 1.17940147929e-17, 1.03494853009e-17, 7.65617364592e-18, 3.19717838538e-18, 1.23295385525e-18, 3.00201396034e-19, 3.1909581035e-20], "var": [1.52443335537e-05, 0.0236765034497, 1.96744430065, 202.79864502, 2915.34179688, 141.579376221, 525.069519043, 600.412231445, 2338.88818359, 11741.6855469, 9640.5, 6659.72216797, 2564.78295898, 2164.67944336, 640.500488281, 1329.60717773, 221.438110352, 219.134185791, 9.69611167908, 17.5924797058, 16.7788677216, 26.1824989319, 11.4539804459, 12.3064107895, 7.30717277527, 0.658375203609, 0.0810359194875, 0.015164016746, 0.0129682281986, 0.00365471187979, 0.000931535498239, 0.000160972296726, 6.52873422951e-05, 3.04484619846e-05, 5.10098061568e-06, 4.40833190396e-07, 2.24230319645e-07, 3.68147956564e-09, 1.26406232703e-10, 6.11374950665e-10]}, "gfcc": {"mean": [-151.263320923, 151.411712646, -129.757171631, -16.5382022858, -62.0253295898, -15.3702707291, -37.6607933044, 0.409441411495, -25.2594184875, -7.63953542709, -14.3005819321, -11.6401100159, -15.9131469727], "cov": [[16596.2519531, 3265.62255859, 377.549438477, 507.789672852, 467.172271729, -702.430969238, -75.8932571411, -91.5829544067, -368.244476318, -608.520385742, 97.3853225708, -756.940795898, -300.276031494], [3265.62255859, 1761.50610352, 1015.64044189, 163.489120483, 474.08001709, -85.9975357056, 56.1650161743, -58.6796112061, 4.28134632111, -198.078689575, 47.2012405396, -224.851669312, 44.7122039795], [377.549438477, 1015.64044189, 1161.84558105, 155.942092896, 374.430877686, 117.360343933, 39.6568489075, -26.1470222473, 43.5383033752, -61.6860694885, 28.6055641174, -61.2488136292, 83.7018585205], [507.789672852, 163.489120483, 155.942092896, 311.921356201, 140.880569458, 45.1467704773, 23.4752426147, -55.7122879028, -26.6328487396, -60.3588562012, -39.1956634521, -13.5556554794, -7.53874015808], [467.172271729, 474.08001709, 374.430877686, 140.880569458, 301.505706787, 64.8837966919, 38.1247215271, -15.9290351868, -27.0154094696, -77.8363342285, -14.4239673615, -82.2589492798, -2.10426139832], [-702.430969238, -85.9975357056, 117.360343933, 45.1467704773, 64.8837966919, 203.035049438, 38.9474830627, 9.48277664185, -5.24096488953, 34.2555847168, -20.2761116028, 55.0197372437, 18.2490577698], [-75.8932571411, 56.1650161743, 39.6568489075, 23.4752426147, 38.1247215271, 38.9474830627, 104.624954224, 22.178647995, 17.582824707, -15.2862482071, -10.3389368057, -17.3254108429, -1.01530361176], [-91.5829544067, -58.6796112061, -26.1470222473, -55.7122879028, -15.9290351868, 9.48277664185, 22.178647995, 111.031692505, 27.0608406067, 34.501953125, 25.5398445129, 3.59708070755, -0.847386658192], [-368.244476318, 4.28134632111, 43.5383033752, -26.6328487396, -27.0154094696, -5.24096488953, 17.582824707, 27.0608406067, 104.355567932, 51.0312919617, 17.3501014709, 21.1759147644, 16.8654117584], [-608.520385742, -198.078689575, -61.6860694885, -60.3588562012, -77.8363342285, 34.2555847168, -15.2862482071, 34.501953125, 51.0312919617, 127.708427429, 49.5761795044, 60.467300415, 7.03657150269], [97.3853225708, 47.2012405396, 28.6055641174, -39.1956634521, -14.4239673615, -20.2761116028, -10.3389368057, 25.5398445129, 17.3501014709, 49.5761795044, 104.02797699, 29.7125873566, 10.4860181808], [-756.940795898, -224.851669312, -61.2488136292, -13.5556554794, -82.2589492798, 55.0197372437, -17.3254108429, 3.59708070755, 21.1759147644, 60.467300415, 29.7125873566, 145.891021729, 57.4902191162], [-300.276031494, 44.7122039795, 83.7018585205, -7.53874015808, -2.10426139832, 18.2490577698, -1.01530361176, -0.847386658192, 16.8654117584, 7.03657150269, 10.4860181808, 57.4902191162, 86.2180786133]], "icov": [[0.000290587166091, -0.00103279517498, 0.000526799820364, -0.000669214117806, 0.000980002339929, -0.000161586576723, 0.000491398037411, -0.000651951821055, 0.00078824639786, 0.000174142987817, -0.000274514517514, 0.000376284413505, 0.000649279449135], [-0.00103279517498, 0.00605854950845, -0.00323830684647, 0.00255462247878, -0.00499691348523, 0.00194821320474, -0.00219612498768, 0.00309861218557, -0.00344017264433, 0.00110881845467, -0.000992711400613, 0.000637229240965, -0.00362317170948], [0.000526799820364, -0.00323830684647, 0.00365933519788, -0.00139758421574, 0.000755068555009, -0.00216046418063, 0.00184812536463, -0.00109705748037, 0.000157743721502, -4.57951900898e-05, -0.000644571438897, 0.00083338865079, -0.000178393966053], [-0.000669214117806, 0.00255462247878, -0.00139758421574, 0.00651949457824, -0.00493163662031, 0.000881130574271, -0.00204642326571, 0.00339430081658, -0.00184186862316, 0.000368184788385, 0.00181135896128, -0.00332935666665, 0.000303687062114], [0.000980002339929, -0.00499691348523, 0.000755068555009, -0.00493163662031, 0.0141719318926, -0.00521322852001, 0.00227480055764, -0.00349852605723, 0.00350200501271, 0.0030596961733, -0.00249674241059, 0.00550757348537, 0.0019784134347], [-0.000161586576723, 0.00194821320474, -0.00216046418063, 0.000881130574271, -0.00521322852001, 0.0121908225119, -0.00524387974292, 4.79367081425e-05, 0.00380039424635, -0.00605902681127, 0.00527745066211, -0.00641820998862, 0.00122141325846], [0.000491398037411, -0.00219612498768, 0.00184812536463, -0.00204642326571, 0.00227480055764, -0.00524387974292, 0.0144660752267, -0.00380640942603, -0.00339039857499, 0.00475620338693, -0.00183713249862, 0.00361324520782, 0.000264739239356], [-0.000651951821055, 0.00309861218557, -0.00109705748037, 0.00339430081658, -0.00349852605723, 4.79367081425e-05, -0.00380640942603, 0.013610439375, -0.00365406600758, -0.00150835118257, -0.0021220552735, 0.000840145919938, -0.0019864984788], [0.00078824639786, -0.00344017264433, 0.000157743721502, -0.00184186862316, 0.00350200501271, 0.00380039424635, -0.00339039857499, -0.00365406600758, 0.0184472799301, -0.00882410909981, 0.00323001574725, -0.00111420918256, 0.000882110209204], [0.000174142987817, 0.00110881845467, -4.57951900898e-05, 0.000368184788385, 0.0030596961733, -0.00605902681127, 0.00475620338693, -0.00150835118257, -0.00882410909981, 0.0219604037702, -0.00979943946004, 0.000511562626343, 0.00229100836441], [-0.000274514517514, -0.000992711400613, -0.000644571438897, 0.00181135896128, -0.00249674241059, 0.00527745066211, -0.00183713249862, -0.0021220552735, 0.00323001574725, -0.00979943946004, 0.0182856265455, -0.00759026734158, 0.00212761922739], [0.000376284413505, 0.000637229240965, 0.00083338865079, -0.00332935666665, 0.00550757348537, -0.00641820998862, 0.00361324520782, 0.000840145919938, -0.00111420918256, 0.000511562626343, -0.00759026734158, 0.0220620557666, -0.0121880555525], [0.000649279449135, -0.00362317170948, -0.000178393966053, 0.000303687062114, 0.0019784134347, 0.00122141325846, 0.000264739239356, -0.0019864984788, 0.000882110209204, 0.00229100836441, 0.00212761922739, -0.0121880555525, 0.0232205241919]]}, "melbands": {"dmean": [1.09404300019e-05, 7.4854666309e-05, 0.000257037812844, 0.000142492834129, 0.00010203718557, 7.8811950516e-05, 0.000160968091222, 0.00022492017888, 0.000161753618158, 7.99163753982e-05, 3.46601627825e-05, 4.20086034865e-05, 2.25514286285e-05, 2.30152108998e-05, 1.59345672728e-05, 1.31249944388e-05, 4.17096998717e-06, 1.53832718297e-06, 2.8002750696e-06, 2.31764215641e-06, 1.27422060814e-06, 1.30560022171e-06, 9.17704483072e-07, 6.97020198004e-07, 7.63358627864e-07, 7.41208395993e-07, 4.17625017235e-07, 1.07881348299e-07, 5.47768372883e-08, 2.69226028138e-08, 1.68650515775e-08, 1.76121481843e-08, 8.50652259743e-09, 7.93925991616e-09, 4.23331192323e-09, 3.18744963757e-09, 2.29491714521e-09, 1.73520509072e-09, 1.33010202852e-09, 1.41332623382e-09], "dmean2": [1.45805070133e-05, 9.40550016821e-05, 0.000309012451908, 0.000200278343982, 0.000153584012878, 0.000116275441542, 0.000238523993175, 0.000299317500321, 0.000223421026021, 0.000106092375063, 4.67011741421e-05, 6.2996892666e-05, 3.49561341864e-05, 3.54391304427e-05, 2.53608395724e-05, 2.21843656618e-05, 6.98569374435e-06, 2.59894477495e-06, 4.83259873363e-06, 3.94528115066e-06, 2.17505726141e-06, 2.14958458855e-06, 1.53220548782e-06, 1.15414138691e-06, 1.27012935991e-06, 1.21161531297e-06, 7.09289111001e-07, 1.81987473979e-07, 9.26819865299e-08, 4.52610784407e-08, 2.88023436212e-08, 3.02152507459e-08, 1.40895783929e-08, 1.31083472965e-08, 6.97466617794e-09, 5.34195176982e-09, 3.91201115946e-09, 2.90615309595e-09, 2.23395124621e-09, 2.40750308578e-09], "dvar": [9.65012625365e-10, 2.5506409429e-08, 2.42158307628e-07, 1.03405966456e-07, 4.0562422754e-08, 2.33531078919e-08, 1.29431654727e-07, 2.50410835179e-07, 1.09880588184e-07, 4.69003218484e-08, 1.65187010737e-08, 1.34934676765e-08, 3.67148733638e-09, 4.69831284988e-09, 1.46146295066e-09, 1.29042698749e-09, 2.88564366846e-10, 1.27583525342e-11, 3.46520798167e-11, 5.60889529266e-11, 7.08153631221e-12, 1.69684977874e-11, 4.38059614624e-12, 2.63362899197e-12, 5.21568899181e-12, 5.27086750982e-12, 2.23248828278e-12, 5.63902121883e-14, 2.08773326589e-14, 5.76206232589e-15, 3.46256269167e-15, 3.59921451706e-15, 6.27067278819e-16, 6.33823743002e-16, 1.29150038379e-16, 8.06300522484e-17, 1.69783254415e-17, 1.17891666873e-17, 5.56663394132e-18, 5.89669844447e-18], "dvar2": [1.63278468523e-09, 5.796290381e-08, 3.63519745861e-07, 2.22840270681e-07, 1.08264501364e-07, 4.91643241674e-08, 3.49053465243e-07, 5.20223068179e-07, 2.22873410394e-07, 7.03373004285e-08, 2.25984830848e-08, 3.02326128576e-08, 8.35332158999e-09, 9.98186422407e-09, 3.58108587228e-09, 3.41429617912e-09, 7.60589313753e-10, 3.51761744732e-11, 9.84053394326e-11, 1.57546781177e-10, 2.03097764301e-11, 4.16119950997e-11, 1.19250642347e-11, 6.96292459454e-12, 1.31872741893e-11, 1.38800880511e-11, 6.46873093285e-12, 1.56587362434e-13, 5.9184590822e-14, 1.561092225e-14, 1.00248873466e-14, 1.05464614364e-14, 1.50841628362e-15, 1.66833822165e-15, 3.42388610851e-16, 2.17284676808e-16, 4.77670069272e-17, 3.12424231389e-17, 1.46953681622e-17, 1.68537884372e-17], "max": [0.000904683722183, 0.00575083866715, 0.0315056331456, 0.0159254092723, 0.00478973472491, 0.00654580816627, 0.0137746892869, 0.0149977849796, 0.00910474918783, 0.00847695488483, 0.00827753078192, 0.00271478341892, 0.00174842157867, 0.00209545018151, 0.000967572559603, 0.000989037798718, 0.000427972292528, 7.50519393478e-05, 9.13685726118e-05, 0.000181623967364, 5.42685302207e-05, 0.000129284337163, 5.58504871151e-05, 3.56218770321e-05, 6.37301636743e-05, 4.85659438709e-05, 5.06841788592e-05, 3.71327405446e-06, 4.73999534734e-06, 1.97213421416e-06, 2.51907704296e-06, 1.60971796959e-06, 9.59619910645e-07, 7.49085927509e-07, 2.91278325903e-07, 2.35052809217e-07, 1.37116657584e-07, 8.60087538967e-08, 7.62687335509e-08, 5.80263943561e-08], "mean": [3.73809489247e-05, 0.000350431975676, 0.00182120059617, 0.000817997730337, 0.000407771789469, 0.000258946296526, 0.000482765608467, 0.000706200604327, 0.000413267116528, 0.000208935307455, 7.1254253271e-05, 7.45526485844e-05, 4.09254134865e-05, 3.94438939111e-05, 2.6637033443e-05, 1.9226803488e-05, 7.00884811522e-06, 2.75715024145e-06, 4.50788775197e-06, 3.88764692616e-06, 2.39222254095e-06, 2.37065091824e-06, 1.66507140875e-06, 1.26025520331e-06, 1.29711293084e-06, 1.08300423562e-06, 7.43128623526e-07, 2.06545607284e-07, 1.11386114554e-07, 5.54378800643e-08, 3.35852519129e-08, 3.43688491e-08, 1.86918267531e-08, 1.66213318664e-08, 9.49783007798e-09, 7.07740532846e-09, 6.34612984385e-09, 5.20957721406e-09, 4.19199341906e-09, 4.43290915086e-09], "median": [1.34401670948e-06, 7.38388262107e-05, 0.000237242740695, 0.000116116629215, 0.000107988693344, 0.000104343482235, 0.000134152112878, 0.000169225211721, 0.000118994576042, 4.52022941317e-05, 2.19100966206e-05, 1.77901110874e-05, 1.14547638077e-05, 1.22184192151e-05, 7.54073016651e-06, 4.22044831794e-06, 1.381768584e-06, 1.23970119148e-06, 1.58447073773e-06, 1.01495697891e-06, 7.85272391113e-07, 6.55283201922e-07, 3.88725851508e-07, 3.09773525942e-07, 2.41913710397e-07, 1.70906773178e-07, 1.2611472755e-07, 7.27739859485e-08, 3.81973492836e-08, 1.96523757268e-08, 1.32677158149e-08, 9.9972146117e-09, 6.97568891539e-09, 4.79576245382e-09, 3.1484275187e-09, 2.86369150615e-09, 4.05647071489e-09, 3.49128770338e-09, 3.10725067898e-09, 2.95850433041e-09], "min": [2.50431585756e-24, 1.9599738284e-24, 1.73869795005e-24, 7.43414234041e-24, 7.9459978942e-24, 2.57271412124e-23, 1.32236611547e-23, 1.14064569507e-23, 9.38988235233e-24, 3.96918164918e-24, 1.26804767789e-23, 9.03712663248e-24, 8.53173894924e-24, 6.87562014204e-24, 4.02752580173e-24, 8.6344084072e-24, 1.33495885987e-23, 1.06152720612e-23, 9.16181872032e-24, 1.0497081765e-23, 1.64543542174e-23, 1.06695662019e-23, 8.13511309673e-24, 7.97729279518e-24, 1.64276197213e-23, 1.29452319094e-23, 1.45650244607e-23, 1.54766668327e-23, 1.03611018664e-23, 1.61813704788e-23, 1.7920955503e-23, 1.01206207749e-23, 7.66068347086e-24, 7.44060074464e-24, 1.52368688947e-23, 9.21555671405e-24, 7.07450065372e-24, 1.33085978084e-23, 1.30650527811e-23, 8.83926217365e-24], "var": [8.34120505999e-09, 2.97468375265e-07, 1.78799327841e-05, 4.63722972199e-06, 4.70435395528e-07, 2.51523715633e-07, 7.29055500415e-07, 1.78726497779e-06, 5.73941235871e-07, 2.90485075993e-07, 6.55290008922e-08, 3.41780186375e-08, 8.80753869836e-09, 1.08358335638e-08, 2.84841727982e-09, 2.33513564041e-09, 5.87020654308e-10, 2.05139256276e-11, 5.73595893005e-11, 1.0041733417e-10, 1.50875891641e-11, 3.74070600884e-11, 9.28637115122e-12, 5.89872248269e-12, 1.03078023547e-11, 7.49549467632e-12, 4.93455103168e-12, 1.17365291747e-13, 5.40494874606e-14, 1.4693968427e-14, 5.85402215188e-15, 7.23958382392e-15, 1.63380045322e-15, 1.49212540483e-15, 3.50589319149e-16, 2.03955422243e-16, 5.61312190533e-17, 4.3887116264e-17, 2.09350446399e-17, 2.56521909755e-17]}, "mfcc": {"mean": [-791.963317871, 189.154220581, -17.8998184204, -1.41039085388, -12.2922382355, -20.8890533447, -8.30256271362, -8.14130115509, -9.17419338226, -6.25280475616, -4.28681182861, -3.27789163589, -1.9517223835], "cov": [[9081.79101562, 2971.3112793, -621.404174805, 844.585388184, -68.6118545532, -532.174072266, 38.2089157104, -128.803283691, -326.364379883, -157.857925415, -206.748901367, -220.00680542, -93.5726013184], [2971.3112793, 2309.11181641, 515.65411377, 375.209625244, 371.126312256, -61.1043205261, 163.959350586, -37.0437164307, 44.3677062988, -15.4078540802, -62.9536819458, -7.6556725502, 4.24117565155], [-621.404174805, 515.65411377, 751.366088867, 130.595489502, 317.326782227, 194.090148926, 105.097412109, 46.9138526917, 129.322494507, 39.5995407104, -6.55039787292, 47.7118186951, 35.8402938843], [844.585388184, 375.209625244, 130.595489502, 306.167816162, 129.066848755, 45.6144332886, 36.7698936462, 21.5182743073, 3.71878910065, -9.58870792389, -43.4102096558, -45.235824585, -14.6487474442], [-68.6118545532, 371.126312256, 317.326782227, 129.066848755, 287.676147461, 114.065818787, 101.626564026, 27.3698348999, 66.1035003662, 16.5585231781, -25.577829361, 9.21598148346, 12.3191108704], [-532.174072266, -61.1043205261, 194.090148926, 45.6144332886, 114.065818787, 235.550079346, 50.5488090515, 60.5116844177, 48.1146392822, 8.97785758972, -1.78059351444, -16.3519821167, -9.83421325684], [38.2089157104, 163.959350586, 105.097412109, 36.7698936462, 101.626564026, 50.5488090515, 147.673187256, 40.0926246643, 37.2497177124, 18.3562602997, -3.90663075447, 11.8730306625, 15.2427158356], [-128.803283691, -37.0437164307, 46.9138526917, 21.5182743073, 27.3698348999, 60.5116844177, 40.0926246643, 95.301940918, 43.338432312, 16.2496967316, -5.27199029922, -11.3020420074, 1.52333045006], [-326.364379883, 44.3677062988, 129.322494507, 3.71878910065, 66.1035003662, 48.1146392822, 37.2497177124, 43.338432312, 111.302627563, 41.1620407104, 4.28704166412, 18.3411216736, 6.72866487503], [-157.857925415, -15.4078540802, 39.5995407104, -9.58870792389, 16.5585231781, 8.97785758972, 18.3562602997, 16.2496967316, 41.1620407104, 89.7725982666, 42.9678382874, 19.2279624939, 13.5986690521], [-206.748901367, -62.9536819458, -6.55039787292, -43.4102096558, -25.577829361, -1.78059351444, -3.90663075447, -5.27199029922, 4.28704166412, 42.9678382874, 99.9323577881, 58.3148803711, 15.532084465], [-220.00680542, -7.6556725502, 47.7118186951, -45.235824585, 9.21598148346, -16.3519821167, 11.8730306625, -11.3020420074, 18.3411216736, 19.2279624939, 58.3148803711, 117.450042725, 63.19165802], [-93.5726013184, 4.24117565155, 35.8402938843, -14.6487474442, 12.3191108704, -9.83421325684, 15.2427158356, 1.52333045006, 6.72866487503, 13.5986690521, 15.532084465, 63.19165802, 105.950485229]], "icov": [[0.000734619214199, -0.00107224856038, 0.0010431323899, -0.0014831465669, 0.000891502946615, 0.000292873650324, -0.000180069371709, -0.000418281706516, 0.00116687756963, -0.000454474473372, 0.000777790031862, -0.000312462245347, 0.000145804238855], [-0.00107224856038, 0.00235566613264, -0.00197632773779, 0.00151699327398, -0.0018060291186, 0.000553992344067, -0.00030631761183, 0.00102408439852, -0.00174833333585, 0.00104264391121, -0.00140911992639, 0.000758109032176, -0.000140613221447], [0.0010431323899, -0.00197632773779, 0.00474282260984, -0.00198778440244, -0.000939919846132, -0.00132540939376, 0.000507306307554, -0.000306066765916, 1.40183019539e-05, -0.000875072844792, 0.0013925593812, -0.00153430353384, -0.00013876943558], [-0.0014831465669, 0.00151699327398, -0.00198778440244, 0.00810769200325, -0.00368226855062, -0.000908837304451, 0.00112455326598, -0.000562891829759, -0.000988556421362, 0.000606829475146, -0.0010134561453, 0.00206455402076, -0.000485004973598], [0.000891502946615, -0.0018060291186, -0.000939919846132, -0.00368226855062, 0.0110169891268, -0.00197999295779, -0.00363731617108, 0.00156271655578, 0.000155660876771, -0.00146767881233, 0.00338791729882, -0.00182923150714, 0.00047738358262], [0.000292873650324, 0.000553992344067, -0.00132540939376, -0.000908837304451, -0.00197999295779, 0.00829963758588, -0.000722628552467, -0.00319454353303, 0.000276329054032, 0.00178774504457, -0.0023922950495, 0.00254152086563, 0.000297521648463], [-0.000180069371709, -0.00030631761183, 0.000507306307554, 0.00112455326598, -0.00363731617108, -0.000722628552467, 0.0105779087171, -0.0036998083815, -6.1108105001e-05, -0.00108170043677, 0.000429158855695, -0.00111002312042, -0.000533813494258], [-0.000418281706516, 0.00102408439852, -0.000306066765916, -0.000562891829759, 0.00156271655578, -0.00319454353303, -0.0036998083815, 0.0170689336956, -0.00664050038904, 0.000203672621865, -0.000619937549345, 0.00294441077858, -0.00184571137652], [0.00116687756963, -0.00174833333585, 1.40183019539e-05, -0.000988556421362, 0.000155660876771, 0.000276329054032, -6.1108105001e-05, -0.00664050038904, 0.0188730414957, -0.00793834216893, 0.00562529964373, -0.00500311609358, 0.00305056944489], [-0.000454474473372, 0.00104264391121, -0.000875072844792, 0.000606829475146, -0.00146767881233, 0.00178774504457, -0.00108170043677, 0.000203672621865, -0.00793834216893, 0.0196155235171, -0.011412599124, 0.00581293273717, -0.00338134239428], [0.000777790031862, -0.00140911992639, 0.0013925593812, -0.0010134561453, 0.00338791729882, -0.0023922950495, 0.000429158855695, -0.000619937549345, 0.00562529964373, -0.011412599124, 0.0229257456958, -0.0135246925056, 0.00527651561424], [-0.000312462245347, 0.000758109032176, -0.00153430353384, 0.00206455402076, -0.00182923150714, 0.00254152086563, -0.00111002312042, 0.00294441077858, -0.00500311609358, 0.00581293273717, -0.0135246925056, 0.0227147620171, -0.0109292380512], [0.000145804238855, -0.000140613221447, -0.00013876943558, -0.000485004973598, 0.00047738358262, 0.000297521648463, -0.000533813494258, -0.00184571137652, 0.00305056944489, -0.00338134239428, 0.00527651561424, -0.0109292380512, 0.0156133184209]]}, "spectral_contrast_coeffs": {"dmean": [0.0388758406043, 0.0368735007942, 0.0341577418149, 0.0259303860366, 0.0179333947599, 0.0127972634509], "dmean2": [0.0644156858325, 0.059234701097, 0.0550810582936, 0.0431703515351, 0.0304173473269, 0.021536886692], "dvar": [0.00105307041667, 0.000896997342352, 0.000750181789044, 0.000414293113863, 0.000205068281502, 0.000115828748676], "dvar2": [0.00297718099318, 0.00228405999951, 0.00188998389058, 0.00118458096404, 0.000561508233659, 0.000328987720422], "max": [-0.194375514984, -0.364165097475, -0.468429088593, -0.582455337048, -0.584688782692, -0.661722183228], "mean": [-0.540921449661, -0.677845537663, -0.752277255058, -0.789227366447, -0.792262732983, -0.808404564857], "median": [-0.557028889656, -0.66860806942, -0.754426717758, -0.79090744257, -0.797765731812, -0.809416890144], "min": [-0.930997550488, -0.973131656647, -0.975136756897, -0.959770023823, -0.959736764431, -0.960186600685], "var": [0.0213058404624, 0.00948511809111, 0.00620218645781, 0.00370943685994, 0.0038363521453, 0.00126089819241]}, "spectral_contrast_valleys": {"dmean": [0.396107822657, 0.286282867193, 0.257624834776, 0.202695518732, 0.152941778302, 0.124410651624], "dmean2": [0.670974552631, 0.47214