{"lowlevel": {"average_loudness": 0.91881030798, "barkbands_crest": {"dmean": 2.76042604446, "dmean2": 4.5639796257, "dvar": 8.08433437347, "dvar2": 21.0371818542, "max": 26.5323886871, "mean": 14.9713020325, "median": 14.5754795074, "min": 2.02835702896, "var": 28.3837852478}, "barkbands_flatness_db": {"dmean": 0.0382166318595, "dmean2": 0.0558785870671, "dvar": 0.00161251693498, "dvar2": 0.00339321559295, "max": 0.830115258694, "mean": 0.294727087021, "median": 0.285757184029, "min": 0.0129371881485, "var": 0.0108863813803}, "barkbands_kurtosis": {"dmean": 15.8715457916, "dmean2": 25.0439548492, "dvar": 1589.63452148, "dvar2": 4422.63671875, "max": 1327.80273438, "mean": 26.168170929, "median": 10.5258827209, "min": -1.91311788559, "var": 2303.74707031}, "barkbands_skewness": {"dmean": 1.07424759865, "dmean2": 1.61760759354, "dvar": 2.07220745087, "dvar2": 4.99257040024, "max": 28.534040451, "mean": 3.34633922577, "median": 2.82265257835, "min": -2.19781041145, "var": 7.28111839294}, "barkbands_spread": {"dmean": 3.18304514885, "dmean2": 5.08958721161, "dvar": 32.9625968933, "dvar2": 78.102104187, "max": 127.096542358, "mean": 8.72758769989, "median": 6.14112186432, "min": 0.0968154370785, "var": 74.7367095947}, "dissonance": {"dmean": 0.0309131890535, "dmean2": 0.0510539114475, "dvar": 0.000923161627725, "dvar2": 0.00246375240386, "max": 0.5, "mean": 0.411345154047, "median": 0.425903379917, "min": 0.129563555121, "var": 0.00402193563059}, "dynamic_complexity": 3.87953281403, "erbbands_crest": {"dmean": 2.49380254745, "dmean2": 3.90456366539, "dvar": 6.68773031235, "dvar2": 16.157907486, "max": 31.0502376556, "mean": 13.2016410828, "median": 12.0557460785, "min": 2.70419836044, "var": 32.1929283142}, "erbbands_flatness_db": {"dmean": 0.0282576642931, "dmean2": 0.0377958118916, "dvar": 0.00097870035097, "dvar2": 0.00176763324998, "max": 0.573645472527, "mean": 0.228805586696, "median": 0.226294502616, "min": 0.0474684610963, "var": 0.00672423746437}, "erbbands_kurtosis": {"dmean": 1.65077841282, "dmean2": 2.62548923492, "dvar": 10.6368732452, "dvar2": 27.5245361328, "max": 97.2399902344, "mean": 2.24804186821, "median": 0.433763742447, "min": -1.92624509335, "var": 50.2838668823}, "erbbands_skewness": {"dmean": 0.443979769945, "dmean2": 0.663570225239, "dvar": 0.265254825354, "dvar2": 0.600548028946, "max": 7.6599407196, "mean": 0.407886236906, "median": 0.385416597128, "min": -4.50579071045, "var": 1.80792844296}, "erbbands_spread": {"dmean": 7.82664012909, "dmean2": 12.2225084305, "dvar": 146.639938354, "dvar2": 349.149688721, "max": 168.114028931, "mean": 30.7931079865, "median": 28.5688095093, "min": 0.376572728157, "var": 324.944549561}, "hfc": {"dmean": 4.7872838974, "dmean2": 6.90133190155, "dvar": 57.4502830505, "dvar2": 119.349891663, "max": 89.5740737915, "mean": 12.7736530304, "median": 8.99572181702, "min": 1.0679394046e-16, "var": 154.038146973}, "melbands_crest": {"dmean": 2.95054626465, "dmean2": 4.78569507599, "dvar": 8.54576873779, "dvar2": 22.0661354065, "max": 32.155128479, "mean": 18.6991176605, "median": 19.4811782837, "min": 1.57435595989, "var": 34.2308273315}, "melbands_flatness_db": {"dmean": 0.042609680444, "dmean2": 0.0622773580253, "dvar": 0.00209395261481, "dvar2": 0.00425867829472, "max": 1, "mean": 0.417721807957, "median": 0.414790093899, "min": 0.00340853654779, "var": 0.0166074912995}, "melbands_kurtosis": {"dmean": 19.7991771698, "dmean2": 30.3597278595, "dvar": 1249.59057617, "dvar2": 3003.2199707, "max": 486.684356689, "mean": 39.0528335571, "median": 21.6377258301, "min": -1.59223616123, "var": 2558.44360352}, "melbands_skewness": {"dmean": 1.04763782024, "dmean2": 1.57893180847, "dvar": 1.59976255894, "dvar2": 3.70591521263, "max": 16.3379116058, "mean": 4.12183427811, "median": 3.75458025932, "min": -0.870554745197, "var": 6.4117732048}, "melbands_spread": {"dmean": 2.80507850647, "dmean2": 4.41457366943, "dvar": 23.2441158295, "dvar2": 54.4250335693, "max": 164.313278198, "mean": 9.86909484863, "median": 4.76482105255, "min": 0.25219425559, "var": 376.809265137}, "pitch_salience": {"dmean": 0.0779754221439, "dmean2": 0.126348361373, "dvar": 0.00665637850761, "dvar2": 0.0167933404446, "max": 0.924102127552, "mean": 0.401829063892, "median": 0.397952854633, "min": 0.0217297878116, "var": 0.0236781965941}, "silence_rate_20dB": {"dmean": 0.00488400505856, "dmean2": 0.00976933538914, "dvar": 0.00486046215519, "dvar2": 0.0142896799371, "max": 1, "mean": 0.99742269516, "median": 1, "min": 0, "var": 0.00257046171464}, "silence_rate_30dB": {"dmean": 0.11585944891, "dmean2": 0.23175033927, "dvar": 0.102438010275, "dvar2": 0.205724269152, "max": 1, "mean": 0.784047722816, "median": 1, "min": 0, "var": 0.169316738844}, "silence_rate_60dB": {"dmean": 0.0124813457951, "dmean2": 0.0249660778791, "dvar": 0.0123237706721, "dvar2": 0.0267871767282, "max": 1, "mean": 0.0906131342053, "median": 0, "min": 0, "var": 0.0824011564255}, "spectral_centroid": {"dmean": 119.648841858, "dmean2": 186.598251343, "dvar": 46948.6757812, "dvar2": 96522.6875, "max": 11654.0810547, "mean": 744.641418457, "median": 465.695861816, "min": 86.2817764282, "var": 2331897.75}, "spectral_complexity": {"dmean": 1.55989694595, "dmean2": 2.45237445831, "dvar": 3.67918658257, "dvar2": 7.68989181519, "max": 31, "mean": 8.59074878693, "median": 8, "min": 0, "var": 18.1601333618}, "spectral_decrease": {"dmean": 7.77743380809e-09, "dmean2": 1.18644880587e-08, "dvar": 1.68937108205e-16, "dvar2": 3.57481070375e-16, "max": 1.99766276998e-28, "mean": -1.67174629695e-08, "median": -1.07132152039e-08, "min": -1.42131682423e-07, "var": 3.30974100733e-16}, "spectral_energy": {"dmean": 0.0297043658793, "dmean2": 0.0452541671693, "dvar": 0.0024497450795, "dvar2": 0.00517623592168, "max": 0.540235161781, "mean": 0.0642542019486, "median": 0.0414063259959, "min": 9.86784061613e-21, "var": 0.00482608005404}, "spectral_energyband_high": {"dmean": 0.000114256647066, "dmean2": 0.00017977328389, "dvar": 6.83437804128e-08, "dvar2": 1.62472119314e-07, "max": 0.00341616012156, "mean": 0.000109307504317, "median": 7.50639947e-06, "min": 6.96880925265e-21, "var": 7.09718293024e-08}, "spectral_energyband_low": {"dmean": 0.026994233951, "dmean2": 0.0417317263782, "dvar": 0.00232938537374, "dvar2": 0.00501493643969, "max": 0.536148428917, "mean": 0.0511626303196, "median": 0.0275437831879, "min": 1.53757163027e-23, "var": 0.00427561998367}, "spectral_energyband_middle_high": {"dmean": 0.000998253934085, "dmean2": 0.00145543704275, "dvar": 7.1998238127e-06, "dvar2": 1.69194554474e-05, "max": 0.0635951980948, "mean": 0.00284244446084, "median": 0.00104028615169, "min": 1.19636216456e-21, "var": 1.97817244043e-05}, "spectral_energyband_middle_low": {"dmean": 0.00599582260475, "dmean2": 0.00949090253562, "dvar": 0.0001691999787, "dvar2": 0.000415582704591, "max": 0.232948318124, "mean": 0.0115009984002, "median": 0.00636331178248, "min": 1.3715425999e-22, "var": 0.00026353719295}, "spectral_entropy": {"dmean": 0.293621182442, "dmean2": 0.432259976864, "dvar": 0.119382016361, "dvar2": 0.248607650399, "max": 9.82604503632, "mean": 6.27286624908, "median": 6.2264509201, "min": 2.72217345238, "var": 0.796982109547}, "spectral_flux": {"dmean": 0.047927800566, "dmean2": 0.0777099058032, "dvar": 0.0044884425588, "dvar2": 0.0110243875533, "max": 0.582338511944, "mean": 0.0941978171468, "median": 0.0668797343969, "min": 6.40889286085e-11, "var": 0.00746847875416}, "spectral_kurtosis": {"dmean": 10.7429447174, "dmean2": 17.2907733917, "dvar": 320.278747559, "dvar2": 799.138549805, "max": 468.000213623, "mean": 28.4050750732, "median": 16.6951446533, "min": -1.26176226139, "var": 1832.58007812}, "spectral_rms": {"dmean": 0.00159308430739, "dmean2": 0.00237986748107, "dvar": 4.58132853964e-06, "dvar2": 9.01911425899e-06, "max": 0.022957758978, "mean": 0.00682730879635, "median": 0.00635581742972, "min": 3.10276674145e-12, "var": 1.6074944142e-05}, "spectral_rolloff": {"dmean": 180.188186646, "dmean2": 315.055664062, "dvar": 388640.625, "dvar2": 932825.75, "max": 19853.6132812, "mean": 820.614013672, "median": 236.865234375, "min": 64.599609375, "var": 7403748}, "spectral_skewness": {"dmean": 0.718639433384, "dmean2": 1.1405094862, "dvar": 0.648354589939, "dvar2": 1.50968563557, "max": 18.9167747498, "mean": 3.61376667023, "median": 3.14118814468, "min": -0.0880957171321, "var": 4.58559322357}, "spectral_spread": {"dmean": 1099521.75, "dmean2": 1621356.125, "dvar": 2975999197180.0, "dvar2": 5831235469310.0, "max": 43043652, "mean": 4031357.5, "median": 2413767.75, "min": 246966.421875, "var": 34458059145200.0}, "spectral_strongpeak": {"dmean": 0.329176127911, "dmean2": 0.552522063255, "dvar": 0.423094689846, "dvar2": 1.12022614479, "max": 10.5738229752, "mean": 0.692304432392, "median": 0.543590903282, "min": 0, "var": 0.571808159351}, "zerocrossingrate": {"dmean": 0.00652658008039, "dmean2": 0.00853710435331, "dvar": 0.000155359521159, "dvar2": 0.000245564209763, "max": 0.52880859375, "mean": 0.0323933400214, "median": 0.01806640625, "min": 0.001953125, "var": 0.00512701785192}, "barkbands": {"dmean": [0.000154084118549, 0.0217587035149, 0.00781112303957, 0.00217934697866, 0.00337646272965, 0.000983727280982, 0.000335128046572, 0.00027084822068, 0.000167317150044, 0.000215639331145, 0.000258401618339, 0.000145865022205, 0.000117988609418, 8.79575745785e-05, 0.000306095957058, 9.42102415138e-05, 8.5909581685e-05, 1.51521799125e-05, 1.58862312674e-05, 1.54557219503e-05, 1.11013205242e-05, 1.64597586263e-05, 7.72030580265e-06, 9.30102760321e-06, 2.99831226585e-05, 2.84802954411e-05, 1.2825077647e-05], "dmean2": [0.000238586319028, 0.0342110283673, 0.0121698481962, 0.0037552609574, 0.00533301895484, 0.00154357089195, 0.00050348660443, 0.000391452835174, 0.000254130834946, 0.000295248173643, 0.000388743821532, 0.000226135394769, 0.00017305793881, 0.000112667621579, 0.000478488189401, 0.000149239829625, 0.000150526771904, 2.42952628469e-05, 2.5581666705e-05, 2.45774735959e-05, 1.69300037669e-05, 2.59210773947e-05, 1.265084029e-05, 1.53545843204e-05, 5.0477363402e-05, 4.65030570922e-05, 2.09682020795e-05], "dvar": [6.33958592289e-08, 0.00148684659507, 0.000291591248242, 2.51713154285e-05, 7.34235145501e-05, 5.16120235261e-06, 4.62275494328e-07, 6.03347984907e-07, 4.37978940226e-07, 3.64117056506e-07, 1.14388092243e-06, 4.90693082611e-07, 9.55933501245e-07, 1.08831905266e-07, 1.25990152355e-06, 7.15506800475e-08, 2.99853212482e-07, 3.63951668803e-09, 8.10999711831e-09, 3.28728244625e-09, 1.74571990197e-09, 4.01079702783e-09, 9.86717152429e-10, 4.65764704582e-10, 5.57207080476e-09, 4.99070873516e-09, 1.27943167172e-09], "dvar2": [1.55242702249e-07, 0.00345357391052, 0.000667687272653, 7.08681836841e-05, 0.000176175264642, 1.21653547467e-05, 1.03984473299e-06, 1.29839952479e-06, 1.02512819922e-06, 6.52424432701e-07, 2.71650833383e-06, 1.12969109978e-06, 2.16068633563e-06, 1.40337334642e-07, 3.03717229144e-06, 1.71767425172e-07, 8.60994248342e-07, 9.47975742349e-09, 2.25338148141e-08, 8.17118017693e-09, 3.66653352124e-09, 1.00288239935e-08, 2.61200971963e-09, 1.18413223671e-09, 1.40670843862e-08, 1.21349890136e-08, 3.14817105718e-09], "max": [0.00558255519718, 0.506678819656, 0.218898206949, 0.0726980194449, 0.184795513749, 0.035354539752, 0.0133111178875, 0.0206657778472, 0.0190952103585, 0.0151451975107, 0.0216575190425, 0.0171566456556, 0.0499286986887, 0.015365164727, 0.026142437011, 0.0070639741607, 0.0151178576052, 0.00184115674347, 0.0045857145451, 0.00141608587001, 0.00106152251828, 0.00182316766586, 0.000773316714913, 0.000238742213696, 0.000754548644181, 0.000762564537581, 0.000468196230941], "mean": [0.000318116188282, 0.0368902012706, 0.0127498926595, 0.00273848487996, 0.00517032388598, 0.00165592797566, 0.000737964117434, 0.000503434450366, 0.000371348549379, 0.0004654895165, 0.000505989126395, 0.000201619157451, 0.000217758570216, 0.000272864941508, 0.000929109985009, 0.000216649481445, 0.000151529355207, 1.93070045498e-05, 1.93792748178e-05, 1.74116030394e-05, 1.26155355247e-05, 1.54813333211e-05, 6.67489894113e-06, 8.28731481306e-06, 2.38575175899e-05, 2.39855162363e-05, 1.05789349618e-05], "median": [0.000157594244229, 0.0138540212065, 0.00527789629996, 0.00130982650444, 0.00181197165512, 0.000721578602679, 0.000305283057969, 0.000107398089312, 7.11640605005e-05, 7.83497744123e-05, 5.01858085045e-05, 1.80411225301e-05, 1.54378903972e-05, 2.42148416874e-05, 5.4174761317e-05, 3.20657709381e-05, 1.19588930829e-05, 4.25829512096e-06, 3.1572685657e-06, 2.34091021412e-06, 1.32183527057e-06, 9.64169316831e-07, 4.23965900609e-07, 4.23343635703e-07, 4.33779973719e-07, 2.92213712783e-07, 1.40276270599e-07], "min": [8.29298605476e-25, 1.14701667379e-24, 1.35481368028e-24, 9.27336956878e-25, 4.86394358105e-24, 6.2319979958e-24, 5.65583962861e-24, 4.99506094097e-24, 1.0921188376e-23, 1.85413393847e-23, 1.41506942029e-23, 1.91393937696e-23, 2.23547561094e-23, 3.14450306676e-23, 2.53648394867e-23, 5.45472955936e-23, 6.90468493323e-23, 9.29425568676e-23, 1.04811284731e-22, 1.60677347499e-22, 2.30522877477e-22, 2.90460529056e-22, 3.7093943703e-22, 4.94053108867e-22, 7.8153280393e-22, 1.25960331318e-21, 1.89093063938e-21], "var": [1.52482684257e-07, 0.00267981924117, 0.00043919676682, 2.13405455725e-05, 0.000109377891931, 7.87862427387e-06, 1.5321642195e-06, 1.50980224589e-06, 1.08541053123e-06, 1.37940833156e-06, 2.11249221138e-06, 6.68475081511e-07, 1.83977920187e-06, 1.10313681034e-06, 5.75949115955e-06, 2.76849220882e-07, 4.15818504962e-07, 3.59453422583e-09, 6.05722494385e-09, 3.40153105682e-09, 2.20308327137e-09, 3.68290131725e-09, 7.55730977797e-10, 4.11237460751e-10, 4.70592409485e-09, 4.72170436083e-09, 1.12215314818e-09]}, "erbbands": {"dmean": [0.397172123194, 5.65479850769, 11.2461328506, 5.61402368546, 13.0723810196, 8.23342227936, 9.054895401, 8.15501308441, 5.9033241272, 5.90546035767, 5.09529256821, 4.60835981369, 7.23245334625, 5.33906984329, 9.50365352631, 7.34023857117, 5.88236093521, 5.20111131668, 9.7306470871, 16.3219909668, 4.90884113312, 2.86696815491, 1.03631281853, 0.95483982563, 0.630358695984, 0.826031506062, 0.532364249229, 0.370952010155, 0.557941675186, 0.394499450922, 0.256490916014, 0.188009038568, 0.17024949193, 0.219879299402, 0.287531375885, 0.157761842012, 0.0429373420775, 0.0120286159217, 0.00233435025439, 0.000111750647193], "dmean2": [0.640666425228, 8.90845584869, 17.3488178253, 9.452460289, 20.7919940948, 13.3527822495, 14.3399143219, 13.0436429977, 9.18526268005, 8.70101356506, 7.21254253387, 6.74755144119, 9.85950565338, 8.07702636719, 14.0768451691, 11.1226844788, 8.54050636292, 6.68116617203, 14.3093538284, 26.4087371826, 8.08875751495, 4.9826259613, 1.66712319851, 1.50785624981, 1.00723767281, 1.33194434643, 0.807764947414, 0.563251256943, 0.880395591259, 0.625350415707, 0.422619402409, 0.307309806347, 0.285385727882, 0.375703334808, 0.483084022999, 0.261508226395, 0.0696431696415, 0.0195877384394, 0.00382087356411, 0.000172331929207], "dvar": [0.425652980804, 107.493232727, 583.926513672, 152.270965576, 1125.2800293, 462.510314941, 799.029174805, 324.661804199, 152.685394287, 227.204803467, 321.959442139, 342.246856689, 502.729370117, 273.972259521, 1376.1439209, 1224.2644043, 2315.49414062, 326.4871521, 2166.97290039, 4567.92333984, 350.930053711, 256.212005615, 41.4816207886, 19.0746021271, 7.15893268585, 11.2123155594, 4.57111167908, 1.27602958679, 4.69901227951, 1.84526908398, 1.53577005863, 0.193655505776, 0.160920232534, 0.317628413439, 0.525093615055, 0.162438854575, 0.0117149744183, 0.00100574397948, 4.06037106586e-05, 6.94485038366e-08], "dvar2": [1.06864309311, 245.799591064, 1262.2454834, 419.317077637, 2662.34375, 1217.27746582, 1935.17382812, 832.48223877, 391.102172852, 474.912597656, 705.901916504, 793.026855469, 888.932922363, 646.28338623, 3073.1027832, 2811.1628418, 5285.70947266, 441.569122314, 4600.03564453, 11681.6289062, 965.007385254, 735.001464844, 116.299835205, 49.7671813965, 19.3136234283, 28.8794746399, 9.55202674866, 2.96054935455, 11.856921196, 4.58386421204, 4.09382772446, 0.490430593491, 0.413061767817, 0.828826069832, 1.31533491611, 0.400736004114, 0.0285214409232, 0.00245144939981, 9.98173854896e-05, 1.64024058336e-07], "max": [9.62619590759, 128.339630127, 264.13571167, 168.713150024, 708.315368652, 456.937866211, 481.703430176, 279.433746338, 175.93057251, 409.35635376, 562.220031738, 550.29473877, 586.276123047, 352.73046875, 811.880493164, 868.190307617, 2560.11157227, 807.976928711, 1490.6418457, 1388.6072998, 506.054626465, 392.19720459, 280.629608154, 197.640579224, 118.07925415, 85.7655029297, 57.9202537537, 22.6910762787, 63.3409118652, 31.589630127, 32.2970504761, 4.49733352661, 4.77936077118, 5.10468769073, 7.65130853653, 4.23474740982, 1.28341662884, 0.405380189419, 0.0783915296197, 0.00444096652791], "mean": [0.711936235428, 9.32573890686, 18.6426486969, 9.60680866241, 17.5216579437, 13.2537059784, 12.8631277084, 13.7225055695, 11.5162992477, 13.2176132202, 9.57237052917, 11.0120658875, 15.9897670746, 10.1234121323, 19.7713928223, 11.0289936066, 11.124165535, 16.5564155579, 28.4571475983, 47.1632919312, 11.8386468887, 5.0469121933, 1.69532287121, 1.21580505371, 0.776247322559, 0.912084102631, 0.626986265182, 0.404038518667, 0.532644212246, 0.358532696962, 0.216524064541, 0.171645566821, 0.144511252642, 0.169259250164, 0.230489596725, 0.129744008183, 0.0360465534031, 0.0101322811097, 0.00196717842482, 0.000145829297253], "median": [0.317343175411, 3.38802337646, 8.04435348511, 6.21207857132, 5.8793888092, 4.61772441864, 3.2873544693, 5.95124149323, 5.74646234512, 3.09794569016, 2.52594566345, 2.44212150574, 2.99564552307, 2.21180534363, 2.5386698246, 1.458948493, 1.16908931732, 1.9727987051, 2.68929457664, 4.05934333801, 2.21955442429, 0.824400901794, 0.323032170534, 0.239475697279, 0.141087710857, 0.121781125665, 0.069674000144, 0.040600515902, 0.0358314923942, 0.0208807475865, 0.0126242814586, 0.0094785457477, 0.0061808032915, 0.00405525043607, 0.0033105914481, 0.00155998743139, 0.000494778098073, 0.000123723002616, 5.41031513421e-05, 6.01877472945e-05], "min": [6.70880824611e-23, 7.8982106885e-22, 2.2443799068e-21, 7.39200664782e-21, 2.03404229615e-20, 2.11081790481e-20, 3.04871534988e-20, 8.55737213744e-20, 1.10180638538e-19, 9.3248587441e-20, 1.54622364513e-19, 2.65457354614e-19, 4.14236618678e-19, 7.33203589185e-19, 4.8456979576e-19, 1.01845630644e-18, 1.35940143997e-18, 2.01551572517e-18, 2.21818510821e-18, 2.93290513981e-18, 4.2872241753e-18, 4.76093355491e-18, 5.2369859236e-18, 6.30796644118e-18, 5.73456111824e-18, 8.93230901747e-18, 8.46222806562e-18, 8.45107105352e-18, 1.03008809953e-17, 1.14580256086e-17, 1.16635047173e-17, 9.44789069328e-18, 9.31818463733e-18, 7.82619813928e-18, 5.74815335007e-18, 4.1351250994e-18, 2.19329296883e-18, 8.68804030784e-19, 2.44223369796e-19, 2.66762710245e-20], "var": [1.00838077068, 183.565704346, 890.871765137, 154.761932373, 1518.35693359, 643.752441406, 966.195007324, 504.769439697, 273.352478027, 905.866943359, 560.947692871, 878.86340332, 1910.23193359, 549.480529785, 3126.46020508, 1705.71850586, 4343.32373047, 3215.12988281, 11194.9228516, 13653.9980469, 675.304260254, 351.169433594, 53.0038528442, 17.9061317444, 5.98331451416, 10.8454418182, 5.77922534943, 1.51060664654, 4.25790214539, 1.68149912357, 1.13960802555, 0.175117075443, 0.136068180203, 0.244936481118, 0.453152865171, 0.147005602717, 0.0109511399642, 0.00091973063536, 3.62609680451e-05, 7.25595512563e-08]}, "gfcc": {"mean": [-120.572509766, 154.425262451, -65.3933868408, 11.5649147034, -16.8686828613, 9.06706619263, -28.7241611481, 2.28358674049, -8.4377784729, 3.37795495987, -14.2696151733, -3.0737183094, -0.00719466153532], "cov": [[37241.1054688, 1204.49450684, -2083.07275391, 1439.03417969, 303.672363281, 1472.5078125, -544.41986084, 658.675476074, -380.727416992, 212.84513855, -1090.07397461, 60.8976097107, -152.069458008], [1204.49450684, 2765.15527344, -706.761962891, -146.240585327, 414.513305664, -149.937438965, 138.928222656, -281.059143066, 289.165618896, -206.791870117, 128.254455566, -247.011581421, 163.775741577], [-2083.07275391, -706.761962891, 1528.34350586, 25.8808441162, 23.3408546448, 154.006530762, 17.6567230225, 117.300094604, -90.3192520142, 63.867225647, 4.00959157944, 3.62796854973, -113.414993286], [1439.03417969, -146.240585327, 25.8808441162, 483.940643311, 189.931732178, 111.510757446, 45.6908187866, 35.6507453918, 36.3135757446, -26.01354599, -93.1171417236, -3.86485862732, -0.506070315838], [303.672363281, 414.513305664, 23.3408546448, 189.931732178, 829.702209473, 289.260162354, 83.3117370605, 2.51659011841, 191.097198486, -52.4570922852, -66.9369812012, -87.025718689, 76.3929443359], [1472.5078125, -149.937438965, 154.006530762, 111.510757446, 289.260162354, 438.380371094, 63.2902488708, 59.5317573547, 25.3783187866, 45.7982673645, -66.6697387695, -45.56275177, -46.6399497986], [-544.41986084, 138.928222656, 17.6567230225, 45.6908187866, 83.3117370605, 63.2902488708, 311.964019775, 79.5789871216, 25.5915412903, -34.2288513184, 62.738910675, 10.1211023331, -19.2208652496], [658.675476074, -281.059143066, 117.300094604, 35.6507453918, 2.51659011841, 59.5317573547, 79.5789871216, 268.228240967, 14.3720474243, -5.67331552505, -39.214630127, 76.4867553711, -27.4687538147], [-380.727416992, 289.165618896, -90.3192520142, 36.3135757446, 191.097198486, 25.3783187866, 25.5915412903, 14.3720474243, 221.385116577, 15.6237668991, -12.5669841766, -64.8993377686, 34.2259483337], [212.84513855, -206.791870117, 63.867225647, -26.01354599, -52.4570922852, 45.7982673645, -34.2288513184, -5.67331552505, 15.6237668991, 188.643676758, 26.5279750824, -31.9428710938, -43.5130310059], [-1090.07397461, 128.254455566, 4.00959157944, -93.1171417236, -66.9369812012, -66.6697387695, 62.738910675, -39.214630127, -12.5669841766, 26.5279750824, 168.119918823, 16.848361969, -15.4783792496], [60.8976097107, -247.011581421, 3.62796854973, -3.86485862732, -87.025718689, -45.56275177, 10.1211023331, 76.4867553711, -64.8993377686, -31.9428710938, 16.848361969, 173.183792114, 39.7640304565], [-152.069458008, 163.775741577, -113.414993286, -0.506070315838, 76.3929443359, -46.6399497986, -19.2208652496, -27.4687538147, 34.2259483337, -43.5130310059, -15.4783792496, 39.7640304565, 144.264343262]], "icov": [[0.000124723272165, -0.000329678936396, 0.000181697134394, -0.000382795813493, 0.000139357114676, -0.000468517566333, 0.000382716942113, -0.000525106384885, 0.000648243702017, -0.00056279823184, 0.000639300444163, -0.000341929320712, 0.000212277518585], [-0.000329678936396, 0.00167197047267, -0.000258220214164, 0.00125302374363, -0.000567481678445, 0.00138813420199, -0.0012687566923, 0.00172335212119, -0.00224268133752, 0.0023988194298, -0.00236045802012, 0.00200835661963, -0.0010870808037], [0.000181697134394, -0.000258220214164, 0.00108275783714, -0.000509576871991, 1.95142165467e-05, -0.00076871184865, 0.000607833382674, -0.00105442618951, 0.00122228928376, -0.000725866935682, 0.000559799780603, -8.02088397904e-05, 0.000528719043359], [-0.000382795813493, 0.00125302374363, -0.000509576871991, 0.00387459015474, -0.000975885719527, 0.00144665583503, -0.00186285318341, 0.00208763219416, -0.00232203351334, 0.00194669957273, -0.000476914487081, 0.000672078982461, -0.00017761408526], [0.000139357114676, -0.000567481678445, 1.95142165467e-05, -0.000975885719527, 0.00274027977139, -0.00222176709212, 0.000368611625163, -0.000452971522463, -0.000771675433498, 0.000165229139384, 0.000572290620767, 3.27646957885e-05, -0.00111816555727], [-0.000468517566333, 0.00138813420199, -0.00076871184865, 0.00144665583503, -0.00222176709212, 0.00587546639144, -0.00226888991892, 0.00170298479497, -0.00149466563016, 0.000733263033908, -0.000927781162318, 0.00155904027633, 0.000475480977912], [0.000382716942113, -0.0012687566923, 0.000607833382674, -0.00186285318341, 0.000368611625163, -0.00226888991892, 0.0060059921816, -0.00355041143484, 0.00198648963124, -0.000564768328331, -0.00102779234294, -0.000669473025482, 0.000943189894315], [-0.000525106384885, 0.00172335212119, -0.00105442618951, 0.00208763219416, -0.000452971522463, 0.00170298479497, -0.00355041143484, 0.00882867723703, -0.0049915141426, 0.00250992039219, -6.42803497612e-05, -0.00245467643254, 0.00127780006733], [0.000648243702017, -0.00224268133752, 0.00122228928376, -0.00232203351334, -0.000771675433498, -0.00149466563016, 0.00198648963124, -0.0049915141426, 0.01128985174, -0.00495002791286, 0.00326129677705, 0.000956125266384, -0.000663365004584], [-0.00056279823184, 0.0023988194298, -0.000725866935682, 0.00194669957273, 0.000165229139384, 0.000733263033908, -0.000564768328331, 0.00250992039219, -0.00495002791286, 0.0106208892539, -0.00569703988731, 0.00366810522974, -0.000572552380618], [0.000639300444163, -0.00236045802012, 0.000559799780603, -0.000476914487081, 0.000572290620767, -0.000927781162318, -0.00102779234294, -6.42803497612e-05, 0.00326129677705, -0.00569703988731, 0.0138624738902, -0.00547284120694, 0.00354360044003], [-0.000341929320712, 0.00200835661963, -8.02088397904e-05, 0.000672078982461, 3.27646957885e-05, 0.00155904027633, -0.000669473025482, -0.00245467643254, 0.000956125266384, 0.00366810522974, -0.00547284120694, 0.0133038787171, -0.00614565238357], [0.000212277518585, -0.0010870808037, 0.000528719043359, -0.00017761408526, -0.00111816555727, 0.000475480977912, 0.000943189894315, 0.00127780006733, -0.000663365004584, -0.000572552380618, 0.00354360044003, -0.00614565238357, 0.0119782472029]]}, "melbands": {"dmean": [0.00490968860686, 0.00645444495603, 0.00123427144717, 0.000795925385319, 0.000318452657666, 0.000180946153705, 8.3571743744e-05, 6.23967498541e-05, 3.79158118449e-05, 2.92774584523e-05, 3.54916519427e-05, 2.01930288313e-05, 3.66487147403e-05, 1.84203508979e-05, 1.3906618733e-05, 1.1886610082e-05, 9.89869204204e-06, 1.439585958e-05, 1.70691801031e-05, 1.75440454768e-05, 5.22160917171e-06, 3.86339252145e-06, 1.58626244229e-06, 7.17430339137e-07, 8.20032028059e-07, 5.16595662248e-07, 4.76198238175e-07, 5.47122738226e-07, 3.78697535552e-07, 2.33590952803e-07, 2.13847414443e-07, 2.67698624157e-07, 4.44996913984e-07, 1.33037715955e-07, 1.5690852706e-07, 1.11277536519e-07, 1.18835458807e-07, 1.14968344178e-07, 1.3250176778e-07, 2.01648759912e-07], "dmean2": [0.00779394246638, 0.0099971331656, 0.00202565966174, 0.00126897066366, 0.000502793351188, 0.000286607857561, 0.000128821207909, 9.19287631405e-05, 5.40432010894e-05, 4.34280518675e-05, 4.8690217227e-05, 3.10380673909e-05, 5.4869986343e-05, 2.77368635579e-05, 2.10270136449e-05, 1.75776131073e-05, 1.23413365145e-05, 2.10855614569e-05, 2.71486442216e-05, 2.80294825643e-05, 8.99243059393e-06, 6.78728383718e-06, 2.68422536465e-06, 1.12665304641e-06, 1.31162619255e-06, 8.46973875923e-07, 7.63311561514e-07, 8.89560794803e-07, 5.76507034111e-07, 3.68793564576e-07, 3.29058593707e-07, 4.24026723067e-07, 7.13920428552e-07, 2.16364199446e-07, 2.62098211579e-07, 1.8279635583e-07, 1.95665123215e-07, 1.91750118006e-07, 2.26793886782e-07, 3.46499035686e-07], "dvar": [6.98867879692e-05, 0.000165971679962, 7.07385561327e-06, 4.26334872827e-06, 8.94514982974e-07, 1.53019314553e-07, 2.91800823504e-08, 2.50279672542e-08, 1.790145987e-08, 1.49304231201e-08, 1.22253283052e-08, 3.88980447852e-09, 2.34469617055e-08, 5.80991299515e-09, 7.69305508186e-09, 7.72728192544e-09, 1.50238887997e-09, 4.85658313565e-09, 4.06821998311e-09, 4.04769284756e-09, 9.53082390787e-10, 5.37764111019e-10, 2.68373157031e-10, 6.04477839311e-12, 1.61058631709e-11, 1.1565503763e-11, 2.89921819191e-12, 4.68744574406e-12, 2.78754254922e-12, 7.45630553828e-13, 4.84740990837e-13, 8.87078550806e-13, 3.96562817306e-12, 1.62713606152e-13, 7.05215454175e-13, 1.16267482838e-13, 8.03757559641e-14, 7.68345212758e-14, 1.07101901946e-13, 2.79881776392e-13], "dvar2": [0.000168793645571, 0.000352698931238, 1.86466095329e-05, 1.05110384538e-05, 2.23337087846e-06, 3.87161463777e-07, 7.3210088658e-08, 5.29433812346e-08, 3.96930310842e-08, 3.46631310322e-08, 2.1610544465e-08, 9.08329589322e-09, 5.54553523102e-08, 1.27764812063e-08, 1.74587277968e-08, 1.74424048538e-08, 1.80643477954e-09, 1.02716066763e-08, 1.02021298076e-08, 1.0228963454e-08, 2.70139177694e-09, 1.5515754237e-09, 7.66114505169e-10, 1.37770168537e-11, 4.25297401463e-11, 3.25200734397e-11, 6.94303642357e-12, 1.22935030211e-11, 5.5850307018e-12, 1.72325413487e-12, 1.16120427076e-12, 2.24361870228e-12, 1.01670165342e-11, 4.06152000053e-13, 1.89624054306e-12, 3.03069066154e-13, 2.04246003248e-13, 1.95961966814e-13, 2.84273255977e-13, 7.34838188562e-13], "max": [0.123714089394, 0.129829511046, 0.0329047851264, 0.0449550971389, 0.0182923767716, 0.00548030994833, 0.00267156260088, 0.00491206394508, 0.00423759082332, 0.00359750189818, 0.00291333417408, 0.0015027372865, 0.00311656505801, 0.00163223501295, 0.00431757187471, 0.00342340045609, 0.00185531715397, 0.00220606848598, 0.00120827613864, 0.00125206017401, 0.000909659371246, 0.000654937117361, 0.000744442746509, 6.73144604662e-05, 0.000184414209798, 0.000172218627995, 5.54059588467e-05, 5.04409072164e-05, 4.37631751993e-05, 1.90374357771e-05, 1.51402782649e-05, 2.33346163441e-05, 5.96219360887e-05, 4.35361562268e-06, 2.15392847167e-05, 7.68874178902e-06, 3.07265418087e-06, 4.3751206249e-06, 3.77397645934e-06, 4.51212054031e-06], "mean": [0.00853924732655, 0.0111868679523, 0.00202600518242, 0.00116754486226, 0.000471807667054, 0.000310541392537, 0.000170552753843, 0.000134936737595, 7.01794706401e-05, 6.76646595821e-05, 7.72381972638e-05, 3.60370177077e-05, 7.27305741748e-05, 3.03088781948e-05, 2.15300824493e-05, 2.21252303163e-05, 3.23474378092e-05, 4.03919148084e-05, 5.02355178469e-05, 4.9248286814e-05, 9.91157685348e-06, 6.41146698399e-06, 2.79446385321e-06, 9.44117402923e-07, 9.87311750578e-07, 5.81080030315e-07, 5.54267899133e-07, 5.75272395054e-07, 4.39353300408e-07, 2.59604689745e-07, 2.22952564854e-07, 2.56986396607e-07, 3.89732065287e-07, 1.20251286262e-07, 1.28406554722e-07, 9.77772813826e-08, 1.07842346608e-07, 9.96455966629e-08, 1.0333486955e-07, 1.52760762262e-07], "median": [0.00340065127239, 0.00551168527454, 0.00123238016386, 0.000433467328548, 0.000130861153593, 0.000140907533932, 8.56378755998e-05, 3.04596705973e-05, 1.72797881532e-05, 1.29059435494e-05, 1.31516799229e-05, 7.23732046026e-06, 7.20836305845e-06, 3.56272630597e-06, 2.1923967779e-06, 1.74944136688e-06, 2.48331116381e-06, 2.38969460042e-06, 3.33769457939e-06, 4.56476755062e-06, 1.0596500033e-06, 6.30664374057e-07, 2.39556868564e-07, 1.86161429383e-07, 1.64361665611e-07, 9.21503229279e-08, 8.27316526397e-08, 6.94654147537e-08, 4.45749108735e-08, 2.71031233012e-08, 1.85124804375e-08, 1.88440836268e-08, 1.79431545178e-08, 7.5754762463e-09, 6.53617426849e-09, 5.83556492018e-09, 5.44168266003e-09, 4.31119229205e-09, 3.40137251698e-09, 3.15550607866e-09], "min": [1.08728590098e-24, 9.35357700132e-25, 1.89055564646e-24, 1.37376123175e-24, 9.20472880926e-25, 1.53929767765e-24, 1.35780957678e-24, 1.12955691398e-24, 1.05926526581e-24, 1.65535518985e-24, 1.3669632229e-24, 2.60003190107e-24, 1.52215760372e-24, 2.2586791656e-24, 2.02423877647e-24, 2.15881371374e-24, 2.99776590593e-24, 2.8363840946e-24, 2.59353503987e-24, 3.80029954558e-24, 3.67519409462e-24, 4.03270546244e-24, 3.67242400955e-24, 3.32625646155e-24, 4.13997910706e-24, 3.36868021774e-24, 3.81742098267e-24, 5.0202145598e-24, 3.70667477233e-24, 4.9335483286e-24, 3.67311662943e-24, 5.68931927986e-24, 5.82907545555e-24, 5.74140500441e-24, 5.43260776965e-24, 5.02234014551e-24, 4.96859860191e-24, 5.2111311262e-24, 4.89664620431e-24, 6.28125683731e-24], "var": [0.000140054340591, 0.000264417612925, 7.76637170929e-06, 5.79877178097e-06, 1.12033126243e-06, 2.38899076521e-07, 5.91012785378e-08, 9.63532471587e-08, 2.98554638789e-08, 3.73824811106e-08, 4.6422030664e-08, 8.12241740533e-09, 4.35787370634e-08, 1.02942676605e-08, 1.33646675948e-08, 1.50754697614e-08, 1.64362639055e-08, 2.46592417597e-08, 1.53136401337e-08, 1.24144428071e-08, 1.31979127627e-09, 6.99127700177e-10, 3.92629373458e-10, 8.25726292897e-12, 1.44826208318e-11, 7.74189046204e-12, 3.22729017989e-12, 4.31347969496e-12, 3.70291601201e-12, 8.4903205343e-13, 5.20125283988e-13, 8.1509603754e-13, 3.37082271817e-12, 1.45806706552e-13, 5.08691938399e-13, 9.51065059498e-14, 7.18430238802e-14, 6.58664136145e-14, 8.19550793874e-14, 2.11246967727e-13]}, "mfcc": {"mean": [-771.743713379, 192.775238037, 23.9635162354, 25.382276535, 26.8052978516, 14.7154502869, 1.07936966419, 1.20674932003, 11.2431592941, 6.96446609497, -3.60620379448, -2.89452886581, 5.95862770081], "cov": [[12674.9609375, 1034.43347168, -882.005065918, 506.505004883, 381.707580566, 467.316772461, 212.296417236, 301.291595459, 508.690673828, 110.785621643, -185.96270752, -211.105712891, 124.792877197], [1034.43347168, 2632.15698242, -268.656494141, 122.18813324, 397.024383545, 295.013946533, 85.7631835938, 102.766601562, 219.119659424, 188.538619995, -16.8739089966, -5.48970317841, 64.7666854858], [-882.005065918, -268.656494141, 1068.09545898, 30.4975185394, 33.7096214294, -17.356300354, 82.5519332886, -8.17784404755, -88.78465271, 2.81081151962, 105.165985107, 14.5667133331, -107.8775177], [506.505004883, 122.18813324, 30.4975185394, 352.733459473, 97.6896591187, 70.918258667, 23.523607254, 61.5373420715, 87.1287536621, -4.63203620911, -23.8351726532, -11.9841632843, 34.432674408], [381.707580566, 397.024383545, 33.7096214294, 97.6896591187, 539.883422852, 262.142669678, 48.3982963562, 51.1000823975, 176.41456604, 120.241676331, -46.8338012695, -32.215007782, 44.3347015381], [467.316772461, 295.013946533, -17.356300354, 70.918258667, 262.142669678, 346.200500488, 97.8889465332, 19.4610481262, 80.3110733032, 111.554405212, 32.1048126221, -54.1563301086, -19.1771583557], [212.296417236, 85.7631835938, 82.5519332886, 23.523607254, 48.3982963562, 97.8889465332, 244.801879883, 117.527694702, 11.4228477478, 4.4581079483, 40.1682434082, 40.4224205017, -21.2899589539], [301.291595459, 102.766601562, -8.17784404755, 61.5373420715, 51.1000823975, 19.4610481262, 117.527694702, 272.993377686, 120.748466492, -44.9511260986, -24.6623573303, 68.6194229126, 65.3483581543], [508.690673828, 219.119659424, -88.78465271, 87.1287536621, 176.41456604, 80.3110733032, 11.4228477478, 120.748466492, 230.429718018, 81.6432647705, -49.0073432922, -9.90520954132, 61.3312911987], [110.785621643, 188.538619995, 2.81081151962, -4.63203620911, 120.241676331, 111.554405212, 4.4581079483, -44.9511260986, 81.6432647705, 220.992599487, 95.6507568359, -49.944683075, -60.7621383667], [-185.96270752, -16.8739089966, 105.165985107, -23.8351726532, -46.8338012695, 32.1048126221, 40.1682434082, -24.6623573303, -49.0073432922, 95.6507568359, 228.721633911, 60.5044898987, -98.0508346558], [-211.105712891, -5.48970317841, 14.5667133331, -11.9841632843, -32.215007782, -54.1563301086, 40.4224205017, 68.6194229126, -9.90520954132, -49.944683075, 60.5044898987, 191.5027771, 46.9741210938], [124.792877197, 64.7666854858, -107.8775177, 34.432674408, 44.3347015381, -19.1771583557, -21.2899589539, 65.3483581543, 61.3312911987, -60.7621383667, -98.0508346558, 46.9741210938, 193.171310425]], "icov": [[9.94580623228e-05, -1.44237646964e-05, 7.30356769054e-05, -8.75884870766e-05, 3.35800468747e-05, -6.267416029e-05, -9.67080122791e-05, 2.50054563367e-05, -0.000198785637622, 0.000102817437437, -4.3825362809e-05, 0.000126372542582, 6.41669475954e-06], [-1.44237646964e-05, 0.000471778097562, 0.000102289639472, -6.55363255646e-05, -0.000172152242158, -0.000153930697707, -2.44436305366e-05, -0.000120151242299, 7.65820659581e-05, -0.000399972108426, 0.000158895301865, -0.000178302274435, -4.39876821474e-05], [7.30356769054e-05, 0.000102289639472, 0.00120788661297, -0.000298569502775, -0.000538784894161, 0.000441829673946, -0.000435210735304, -0.000127310544485, 0.000416870665504, 0.000135262758704, -0.000488842022605, 0.000255687453318, 0.000408800202422], [-8.75884870766e-05, -6.55363255646e-05, -0.000298569502775, 0.00351378275082, -0.000110924549517, -0.000455020228401, 2.82900909951e-05, 0.000189603728359, -0.00160863378551, 0.00145821517799, -0.000763243820984, 0.000546044786461, -0.000346023851307], [3.35800468747e-05, -0.000172152242158, -0.000538784894161, -0.000110924549517, 0.00424275686964, -0.00279438472353, 0.000265992537607, 0.000450058054412, -0.00183281570207, -0.00107905361801, 0.00178195780609, -0.00111787999049, -0.000200362308533], [-6.267416029e-05, -0.000153930697707, 0.000441829673946, -0.000455020228401, -0.00279438472353, 0.00653735781088, -0.00241178972647, 0.000537374755368, 0.00028508665855, -0.000415791117121, -0.00182804907672, 0.00214349525049, -0.000407746963901], [-9.67080122791e-05, -2.44436305366e-05, -0.000435210735304, 2.82900909951e-05, 0.000265992537607, -0.00241178972647, 0.00738484412432, -0.00422652345151, 0.00272945826873, -0.00119596289005, 0.000795762985945, -0.00149263255298, 0.00128990854137], [2.50054563367e-05, -0.000120151242299, -0.000127310544485, 0.000189603728359, 0.000450058054412, 0.000537374755368, -0.00422652345151, 0.00946730095893, -0.00719508063048, 0.00467337714508, -0.001818574965, -0.000604221771937, -0.000820961373392], [-0.000198785637622, 7.65820659581e-05, 0.000416870665504, -0.00160863378551, -0.00183281570207, 0.00028508665855, 0.00272945826873, -0.00719508063048, 0.0145517894998, -0.00846775434911, 0.00436318060383, -0.00116924731992, -0.000978572992608], [0.000102817437437, -0.000399972108426, 0.000135262758704, 0.00145821517799, -0.00107905361801, -0.000415791117121, -0.00119596289005, 0.00467337714508, -0.00846775434911, 0.0142625933513, -0.00796070788056, 0.00413451716304, 0.000505543546751], [-4.3825362809e-05, 0.000158895301865, -0.000488842022605, -0.000763243820984, 0.00178195780609, -0.00182804907672, 0.000795762985945, -0.001818574965, 0.00436318060383, -0.00796070788056, 0.0124956294894, -0.0065677058883, 0.0040008877404], [0.000126372542582, -0.000178302274435, 0.000255687453318, 0.000546044786461, -0.00111787999049, 0.00214349525049, -0.00149263255298, -0.000604221771937, -0.00116924731992, 0.00413451716304, -0.0065677058883, 0.0103049520403, -0.00363495456986], [6.41669475954e-06, -4.39876821474e-05, 0.000408800202422, -0.000346023851307, -0.000200362308533, -0.000407746963901, 0.00128990854137, -0.000820961373392, -0.000978572992608, 0.000505543546751, 0.0040008877404, -0.00363495456986, 0.00928715243936]]}, "spectral_contrast_coeffs": {"dmean": [0.049434274435, 0.042461078614, 0.0355906412005, 0.030370792374, 0.021377781406, 0.0205041207373], "dmean2": [0.0819005519152, 0.0685346275568, 0.054946821183, 0.0473532155156, 0.0339068584144, 0.0321279317141], "dvar": [0.00196914980188, 0.00142977270298, 0.001045771176, 0.000871980504598, 0.000421338598244, 0.000459886854514], "dvar2": [0.00512127298862, 0.0036400295794, 0.00230805901811, 0.00187406828627, 0.000981179531664, 0.00104946363717], "max": [-0.261922597885, -0.422320872545, -0.479762524366, -0.445005714893, -0.547628283501, -0.634872198105], "mean": [-0.645201563835, -0.68880546093, -0.727621018887, -0.718230783939, -0.801898181438, -0.81712269783], "median": [-0.64245724678, -0.684812784195, -0.724612116814, -0.720576167107, -0.804331421852, -0.818305015564], "min": [-0.978527724743, -0.979127407074, -0.978892683983, -0.974211275578, -0.967528700829, -0.964961111546], "var": [0.00809566304088, 0.00749438954517, 0.00745491264388, 0.0091997217387, 0.00347210443579, 0.00242566806264]}, "spectral_contrast_valleys": {"dmean": [0.382496893406, 0.38891941309, 0.398317992687, 0.392880886793, 0.409809887409, 0.582949757576], "dmean2": [0.61908519268, 0.607132196426, 0.599744975567, 0.567612349987, 0.546149849892, 0.706916451454], "dvar": [0.146114423871, 0.174719527364, 0.193829700351, 0.205067664385, 0.237046852708, 0.425380319357], "dvar2": [0.29287570715, 0.341505080462, 0.357987254858, 0.386359781027, 0.4