{"lowlevel": {"average_loudness": 0.977118492126, "barkbands_crest": {"dmean": 1.70011746883, "dmean2": 2.61730718613, "dvar": 6.58923053741, "dvar2": 15.7707700729, "max": 26.3376903534, "mean": 17.5165081024, "median": 18.088891983, "min": 4.23824310303, "var": 14.6720714569}, "barkbands_flatness_db": {"dmean": 0.0711789876223, "dmean2": 0.102793201804, "dvar": 0.00798872765154, "dvar2": 0.0154454614967, "max": 0.900716245174, "mean": 0.479201734066, "median": 0.481734603643, "min": 0.054014980793, "var": 0.0264286417514}, "barkbands_kurtosis": {"dmean": 17.6505641937, "dmean2": 29.0740566254, "dvar": 1396.59729004, "dvar2": 3719.88330078, "max": 436.789337158, "mean": 25.1522769928, "median": 13.0773468018, "min": -1.9605486393, "var": 1412.92370605}, "barkbands_skewness": {"dmean": 1.33969116211, "dmean2": 2.10350799561, "dvar": 4.00256633759, "dvar2": 9.76280975342, "max": 15.8710365295, "mean": 2.39292502403, "median": 2.21458363533, "min": -4.38011646271, "var": 7.46336555481}, "barkbands_spread": {"dmean": 2.87457942963, "dmean2": 4.75997591019, "dvar": 43.9769248962, "dvar2": 114.482223511, "max": 75.3775787354, "mean": 4.24518585205, "median": 1.73102986813, "min": 0.086516879499, "var": 47.1218681335}, "dissonance": {"dmean": 0.0572360828519, "dmean2": 0.0915427356958, "dvar": 0.00369539950043, "dvar2": 0.00925951357931, "max": 0.499762684107, "mean": 0.353449761868, "median": 0.377237230539, "min": 0.0588184408844, "var": 0.011890206486}, "dynamic_complexity": 4.69371461868, "erbbands_crest": {"dmean": 3.25929117203, "dmean2": 5.02114295959, "dvar": 16.4895362854, "dvar2": 38.0302238464, "max": 34.4130172729, "mean": 21.4398040771, "median": 21.5091342926, "min": 2.84338641167, "var": 52.2703475952}, "erbbands_flatness_db": {"dmean": 0.0490932501853, "dmean2": 0.0735918805003, "dvar": 0.00436394941062, "dvar2": 0.00876056961715, "max": 0.678660809994, "mean": 0.394739836454, "median": 0.387719064951, "min": 0.0942036211491, "var": 0.0121577400714}, "erbbands_kurtosis": {"dmean": 14.9896802902, "dmean2": 24.9117012024, "dvar": 1261.44555664, "dvar2": 3470.92529297, "max": 666.596374512, "mean": 26.124174118, "median": 4.75705623627, "min": -1.95132470131, "var": 2006.01318359}, "erbbands_skewness": {"dmean": 1.20739841461, "dmean2": 1.84302806854, "dvar": 2.60289239883, "dvar2": 6.17222213745, "max": 17.3760890961, "mean": 1.869322896, "median": 1.48837018013, "min": -8.71953296661, "var": 8.42163848877}, "erbbands_spread": {"dmean": 9.31647968292, "dmean2": 15.0752592087, "dvar": 360.49420166, "dvar2": 936.245239258, "max": 155.522567749, "mean": 15.4031915665, "median": 10.1796770096, "min": 0.252173751593, "var": 391.724731445}, "hfc": {"dmean": 4.00895357132, "dmean2": 5.71959257126, "dvar": 45.5482406616, "dvar2": 106.292060852, "max": 75.6766586304, "mean": 6.67598772049, "median": 3.48782134056, "min": 1.182111902e-16, "var": 78.4699249268}, "melbands_crest": {"dmean": 2.0338537693, "dmean2": 3.10045337677, "dvar": 11.2167263031, "dvar2": 25.8217964172, "max": 34.0411911011, "mean": 25.4162750244, "median": 25.4612255096, "min": 1.65299105644, "var": 33.280632019}, "melbands_flatness_db": {"dmean": 0.0775216147304, "dmean2": 0.11136149615, "dvar": 0.00982032157481, "dvar2": 0.0187830012292, "max": 1, "mean": 0.584086060524, "median": 0.588319718838, "min": 0.00408590678126, "var": 0.0348163545132}, "melbands_kurtosis": {"dmean": 34.8389892578, "dmean2": 59.4911155701, "dvar": 9860.76855469, "dvar2": 25388.1757812, "max": 1232.79064941, "mean": 43.8266639709, "median": 20.4962234497, "min": -1.96990311146, "var": 8071.50341797}, "melbands_skewness": {"dmean": 1.66287958622, "dmean2": 2.65241408348, "dvar": 8.965883255, "dvar2": 22.2210063934, "max": 26.7622890472, "mean": 3.51100277901, "median": 2.95057702065, "min": -3.6797337532, "var": 12.2143669128}, "melbands_spread": {"dmean": 3.42537331581, "dmean2": 5.64155817032, "dvar": 94.5824661255, "dvar2": 222.638061523, "max": 167.126800537, "mean": 6.16054773331, "median": 1.83612346649, "min": 0.186780944467, "var": 214.998428345}, "pitch_salience": {"dmean": 0.07620921731, "dmean2": 0.11908018589, "dvar": 0.0119163906202, "dvar2": 0.0275993254036, "max": 0.924695193768, "mean": 0.235409617424, "median": 0.198577970266, "min": 0.00315868551843, "var": 0.0348044037819}, "silence_rate_20dB": {"dmean": 0, "dmean2": 0, "dvar": 0, "dvar2": 0, "max": 1, "mean": 1, "median": 1, "min": 1, "var": 0}, "silence_rate_30dB": {"dmean": 0.0183066353202, "dmean2": 0.036627240479, "dvar": 0.0179719198495, "dvar2": 0.0536001771688, "max": 1, "mean": 0.990850150585, "median": 1, "min": 0, "var": 0.00906626880169}, "silence_rate_60dB": {"dmean": 0.0465293675661, "dmean2": 0.0930942371488, "dvar": 0.0443655848503, "dvar2": 0.0989264696836, "max": 1, "mean": 0.101791843772, "median": 0, "min": 0, "var": 0.0914294868708}, "spectral_centroid": {"dmean": 145.951644897, "dmean2": 233.214797974, "dvar": 131827.46875, "dvar2": 281388.15625, "max": 10883.7050781, "mean": 412.866943359, "median": 236.391021729, "min": 108.21270752, "var": 268765.78125}, "spectral_complexity": {"dmean": 1.20976352692, "dmean2": 1.98855400085, "dvar": 5.80349206924, "dvar2": 13.865530014, "max": 23, "mean": 3.69043087959, "median": 2, "min": 0, "var": 12.6597137451}, "spectral_decrease": {"dmean": 4.0872389917e-09, "dmean2": 5.51740253485e-09, "dvar": 4.57062915718e-17, "dvar2": 1.06412663137e-16, "max": -2.31677184784e-29, "mean": -6.80035050493e-09, "median": -3.26874016743e-09, "min": -4.00673698664e-08, "var": 6.47408788282e-17}, "spectral_energy": {"dmean": 0.0157445091754, "dmean2": 0.0212634149939, "dvar": 0.000671211106237, "dvar2": 0.00156327628065, "max": 0.153839066625, "mean": 0.0262716095895, "median": 0.0127704860643, "min": 1.08095380837e-20, "var": 0.000955819908995}, "spectral_energyband_high": {"dmean": 8.44945607241e-05, "dmean2": 0.000155816465849, "dvar": 1.05560104657e-07, "dvar2": 2.95787828009e-07, "max": 0.00348011148162, "mean": 5.0991489843e-05, "median": 1.24603758422e-07, "min": 7.87943655626e-21, "var": 6.37484873778e-08}, "spectral_energyband_low": {"dmean": 0.0085922870785, "dmean2": 0.0115399360657, "dvar": 0.000368072331185, "dvar2": 0.000813556951471, "max": 0.1510592103, "mean": 0.0135270589963, "median": 0.00474793370813, "min": 6.6818039596e-23, "var": 0.000551089877263}, "spectral_energyband_middle_high": {"dmean": 0.00133718037978, "dmean2": 0.00193547888193, "dvar": 3.09862625727e-05, "dvar2": 7.00656310073e-05, "max": 0.0843890532851, "mean": 0.00179458549246, "median": 6.06149005762e-05, "min": 1.69417272521e-21, "var": 4.97617074871e-05}, "spectral_energyband_middle_low": {"dmean": 0.0103840110824, "dmean2": 0.0141185102984, "dvar": 0.000417394185206, "dvar2": 0.000956255360506, "max": 0.152930140495, "mean": 0.0169224310666, "median": 0.00725667038932, "min": 2.5723123386e-22, "var": 0.000604613800533}, "spectral_entropy": {"dmean": 0.637235999107, "dmean2": 0.956684827805, "dvar": 0.780141711235, "dvar2": 1.59849143028, "max": 9.79109859467, "mean": 4.79969167709, "median": 4.82926893234, "min": 2.03648924828, "var": 2.23870897293}, "spectral_flux": {"dmean": 0.0410402603447, "dmean2": 0.0633645802736, "dvar": 0.00431047100574, "dvar2": 0.0113536920398, "max": 0.335160702467, "mean": 0.0551322512329, "median": 0.0306954029948, "min": 1.03968930687e-10, "var": 0.0047253058292}, "spectral_kurtosis": {"dmean": 48.6324157715, "dmean2": 80.3087844849, "dvar": 6984.25537109, "dvar2": 20103.921875, "max": 1450.09436035, "mean": 90.2774047852, "median": 67.9799423218, "min": -1.15521466732, "var": 9407.68164062}, "spectral_rms": {"dmean": 0.00124427862465, "dmean2": 0.00151100452058, "dvar": 3.2218169963e-06, "dvar2": 7.14747693564e-06, "max": 0.0122509961948, "mean": 0.00431542983279, "median": 0.0035297323484, "min": 3.24744376355e-12, "var": 7.00794498698e-06}, "spectral_rolloff": {"dmean": 183.91847229, "dmean2": 333.884613037, "dvar": 646461.0625, "dvar2": 1367786.75, "max": 18497.0214844, "mean": 527.463623047, "median": 193.798828125, "min": 86.1328125, "var": 2190790.75}, "spectral_skewness": {"dmean": 2.20763897896, "dmean2": 3.48748135567, "dvar": 6.64042901993, "dvar2": 15.6351966858, "max": 32.5152397156, "mean": 6.62665224075, "median": 6.01905202866, "min": -0.00139596872032, "var": 17.2074661255}, "spectral_spread": {"dmean": 968415.6875, "dmean2": 1612490.5, "dvar": 2844743696380.0, "dvar2": 6295377149950.0, "max": 39393936, "mean": 1943072, "median": 1305609.25, "min": 111392.625, "var": 3930365362180.0}, "spectral_strongpeak": {"dmean": 0.420024216175, "dmean2": 0.567989885807, "dvar": 0.699616611004, "dvar2": 1.47453999519, "max": 10.9318027496, "mean": 1.05216658115, "median": 0.729388713837, "min": 0, "var": 1.35201704502}, "zerocrossingrate": {"dmean": 0.00489379977807, "dmean2": 0.00605647591874, "dvar": 0.00027030101046, "dvar2": 0.000332283787429, "max": 0.7998046875, "mean": 0.0225398670882, "median": 0.00927734375, "min": 0.0048828125, "var": 0.00486967712641}, "barkbands": {"dmean": [1.97538702196e-05, 0.000621842278633, 0.00436635222286, 0.00624034879729, 0.0041362317279, 3.7263129343e-05, 4.70893755846e-05, 0.000327141635353, 0.00019130151486, 0.000723555625882, 0.000103247199149, 0.000346762943082, 2.02147912205e-05, 3.44150939782e-05, 0.000110851578938, 2.28548633459e-05, 2.00669419428e-05, 7.74110085331e-05, 6.74444072502e-06, 1.77173023985e-05, 2.47536754614e-05, 3.17717567668e-05, 6.79837785356e-06, 4.91516175316e-06, 2.31145759244e-06, 1.1468679304e-06, 7.53623865535e-08], "dmean2": [3.73595612473e-05, 0.000945279898588, 0.00585099728778, 0.00855633337051, 0.00567521061748, 4.93681945954e-05, 4.52858112112e-05, 0.00040539377369, 0.000300525891362, 0.00100343464874, 0.000187272016774, 0.000443455006462, 3.61423226423e-05, 6.40151411062e-05, 0.000203240604606, 4.2646737711e-05, 3.60979902325e-05, 0.000128420098918, 1.20593304018e-05, 3.1787687476e-05, 4.66474666609e-05, 5.95366436755e-05, 1.26646809804e-05, 9.34976560529e-06, 4.48300988865e-06, 2.21899063035e-06, 1.44433030869e-07], "dvar": [5.15038944826e-09, 6.80645007378e-06, 0.000121019933431, 0.000183483076398, 0.000156643902301, 1.63824420696e-08, 2.36768009643e-08, 2.47691127697e-06, 2.02493367851e-07, 2.15818436118e-05, 3.97765091975e-07, 7.03537762092e-06, 6.00478111679e-09, 2.38440591716e-08, 2.89960581767e-07, 9.94415128019e-09, 6.24499518764e-09, 1.24423394254e-07, 5.66253488543e-10, 4.95434626657e-09, 1.57166741843e-08, 1.88683699776e-08, 7.26128435158e-10, 4.0186462491e-10, 1.53266871417e-10, 3.42040215595e-11, 1.10093507119e-13], "dvar2": [1.45680330021e-08, 1.69616469066e-05, 0.000268803560175, 0.000411153567256, 0.000345152569935, 2.46163942563e-08, 1.66129314749e-08, 4.30052705269e-06, 4.343722253e-07, 5.03001065226e-05, 1.12353450277e-06, 1.1975952475e-05, 1.68275420265e-08, 6.86925929472e-08, 8.25083589007e-07, 2.86746768552e-08, 1.73839822537e-08, 3.24901748172e-07, 1.5807452014e-09, 1.36277380491e-08, 4.53133957024e-08, 5.38844808773e-08, 2.06940775627e-09, 1.15965659298e-09, 4.51296194859e-10, 1.00512514978e-10, 3.20174632249e-13], "max": [0.000945652718656, 0.033488444984, 0.12310127914, 0.100173920393, 0.118334017694, 0.00297702895477, 0.00528316339478, 0.0348071977496, 0.00830814801157, 0.0822619348764, 0.0107585182413, 0.0580478273332, 0.00106754119042, 0.00178413162939, 0.00903452374041, 0.00152264616918, 0.00131962879095, 0.00536718871444, 0.000338171812473, 0.000668623717502, 0.00180679303594, 0.00146725238301, 0.000305869180011, 0.00023289960518, 0.000166223355336, 8.92449024832e-05, 4.33864124716e-06], "mean": [1.16962355605e-05, 0.000777197012212, 0.00675097526982, 0.00958447344601, 0.00599166518077, 6.419782585e-05, 0.000122783414554, 0.000551983481273, 0.000524003466126, 0.0010439712787, 9.25313288462e-05, 0.000490482954774, 1.71542524185e-05, 2.14632182178e-05, 8.19218621473e-05, 1.43014231071e-05, 1.30396165332e-05, 6.04885499342e-05, 4.67713289254e-06, 1.11812887553e-05, 1.43754750752e-05, 1.83414813364e-05, 4.06240906159e-06, 2.78130937659e-06, 1.23939810237e-06, 6.21262927325e-07, 4.24724717618e-08], "median": [1.05263325167e-07, 2.18362160354e-07, 0.00171630037948, 0.0036213689018, 3.04699569824e-05, 2.00795147975e-06, 1.09683687697e-05, 6.35399464954e-06, 2.44989350904e-05, 7.71849227021e-06, 1.73481032562e-06, 2.38490042648e-06, 8.27262795156e-07, 4.70779013995e-07, 2.28314843298e-06, 5.07708989517e-07, 1.83496567274e-07, 3.51793602249e-07, 9.7370872254e-08, 4.9687592707e-08, 3.42848203161e-08, 1.81865331683e-08, 5.04611463725e-09, 2.49304532574e-09, 1.04072672702e-09, 1.10770448369e-09, 6.57421228567e-10], "min": [3.4491756634e-23, 4.67834906474e-24, 4.39004817179e-23, 2.47432297152e-23, 3.94514261193e-23, 1.77838956539e-23, 5.99618348986e-23, 1.6559118101e-23, 7.00474531263e-23, 4.92117307315e-23, 9.60715326274e-23, 1.52961947058e-22, 1.04718924896e-22, 1.80264574449e-22, 1.74624395681e-22, 2.00726174826e-22, 1.86456728658e-22, 1.56924628888e-22, 2.35373450655e-22, 2.84260915378e-22, 5.1464982534e-22, 3.71494113532e-22, 6.48838978068e-22, 9.37846109792e-22, 1.3372301545e-21, 1.78316390936e-21, 2.398743199e-21], "var": [3.03470426566e-09, 7.71389932197e-06, 0.000182421543286, 0.000268437608611, 0.00023702836188, 6.39401420699e-08, 1.9355864822e-07, 5.31423165739e-06, 8.72531472851e-07, 3.08690759994e-05, 2.73712942089e-07, 1.59091596288e-05, 3.84172516021e-09, 1.37129392286e-08, 1.80681510642e-07, 5.59845281245e-09, 3.96081256682e-09, 9.81413919021e-08, 3.7341060799e-10, 3.14812220736e-09, 8.77315819992e-09, 1.08224691431e-08, 4.19215384628e-10, 2.22799764749e-10, 8.01328101097e-11, 1.79704341685e-11, 5.95127720433e-14]}, "erbbands": {"dmean": [0.00583135383204, 0.23993909359, 3.73041915894, 15.6930389404, 23.3794975281, 6.05601215363, 0.517845928669, 0.323324531317, 0.820332407951, 0.96285879612, 9.22656059265, 4.36201334, 8.64789295197, 23.4604225159, 4.67206525803, 17.4275817871, 2.02982807159, 1.57295000553, 5.51432085037, 3.11956310272, 0.978397667408, 1.96196472645, 3.89925956726, 0.500082194805, 0.300372868776, 0.685169696808, 1.50410270691, 0.645850539207, 1.08298838139, 0.709125101566, 0.161948084831, 0.102427817881, 0.0897856876254, 0.0343364663422, 0.012778153643, 0.00653406279162, 0.00190040213056, 0.000256659986917, 1.89576712728e-05, 1.74789292942e-05], "dmean2": [0.00960136204958, 0.338845223188, 4.964802742, 21.2017326355, 31.9838237762, 8.60613441467, 0.867196083069, 0.409626275301, 0.742344856262, 1.22168529034, 11.4472265244, 6.58655691147, 13.2201557159, 31.594877243, 7.35296487808, 21.7911167145, 3.27111291885, 2.85801291466, 10.1414413452, 5.75975131989, 1.78732120991, 3.32623100281, 6.5042347908, 0.865755140781, 0.536061048508, 1.22677087784, 2.80717635155, 1.20164847374, 2.02801322937, 1.33657288551, 0.300065070391, 0.192543908954, 0.171644046903, 0.0664549916983, 0.0247621014714, 0.0126178050414, 0.00368655053899, 0.000495547719765, 3.22255582432e-05, 2.37811018451e-05], "dvar": [0.000516789208632, 0.848573803902, 108.188285828, 1250.33630371, 3613.75976562, 377.043762207, 3.39680624008, 1.15540909767, 6.89171552658, 9.22004032135, 1840.4342041, 96.2198638916, 1830.64746094, 21882.078125, 440.421234131, 18267.3691406, 126.411972046, 41.9934310913, 841.359191895, 148.136108398, 15.2351198196, 65.2899246216, 307.563140869, 2.62115907669, 1.04013311863, 7.27245044708, 49.5250549316, 8.32304000854, 24.4632873535, 9.84120941162, 0.358252167702, 0.145497843623, 0.163610056043, 0.0283119957894, 0.00474466290325, 0.00137914123479, 9.77578383754e-05, 1.6282846218e-06, 3.20180326696e-09, 7.94887988764e-10], "dvar2": [0.00140308344271, 1.98215246201, 236.15965271, 2767.60083008, 8065.29882812, 900.122558594, 9.4823217392, 1.58789098263, 4.6545958519, 16.3699989319, 3191.52148438, 195.744277954, 4717.92138672, 48290.9257812, 1107.93591309, 30827.921875, 298.502685547, 118.979537964, 2387.98242188, 426.442962646, 43.5198440552, 170.167617798, 800.528503418, 7.10665130615, 2.89822816849, 19.8088760376, 141.422851562, 23.684305191, 69.9077835083, 28.4838447571, 1.00609064102, 0.410100787878, 0.475752919912, 0.0830541029572, 0.0139718139544, 0.00406816415489, 0.000287319475319, 4.77315188618e-06, 9.34359789539e-09, 1.85371573647e-09], "max": [0.280429363251, 10.9768238068, 122.321670532, 268.820373535, 516.671813965, 186.732574463, 29.7076854706, 25.921081543, 79.2634277344, 63.4366722107, 951.140563965, 127.717948914, 702.37689209, 2623.90942383, 332.275024414, 2973.45239258, 198.942825317, 80.6089019775, 496.252838135, 135.014678955, 54.8953132629, 116.183326721, 260.484069824, 16.8969554901, 11.6482620239, 27.6287593842, 87.6803665161, 40.391002655, 55.7712593079, 44.8100967407, 6.13940620422, 4.92403411865, 5.00462436676, 1.86627531052, 1.14055633545, 0.706438958645, 0.136571347713, 0.0184955298901, 0.000687186664436, 0.000167892270838], "mean": [0.00615906435996, 0.342816442251, 5.87736845016, 24.6002750397, 35.0772514343, 7.93091154099, 0.52098941803, 0.614502966404, 2.12283015251, 1.92194616795, 16.8757305145, 12.7914514542, 13.3905792236, 34.8473091125, 6.16057014465, 24.6779251099, 2.42218542099, 1.07579779625, 3.83325171471, 2.30240869522, 0.650283455849, 1.47427141666, 3.03921556473, 0.380844831467, 0.204646319151, 0.435634553432, 0.886186897755, 0.382634848356, 0.628231525421, 0.407239884138, 0.097719438374, 0.0597498528659, 0.0503928884864, 0.0185742676258, 0.00691031245515, 0.00354778952897, 0.00103027815931, 0.000141036973218, 1.93934392883e-05, 2.91899887088e-05], "median": [0.000715388916433, 0.0216573141515, 1.27761507034, 8.04258060455, 6.49228143692, 0.362868964672, 0.0743876025081, 0.056391403079, 0.168218359351, 0.136243641376, 0.245199501514, 0.655852973461, 0.931969642639, 0.329445332289, 0.112234838307, 0.10838791728, 0.0654696449637, 0.0383916348219, 0.100520446897, 0.0782485157251, 0.0277512017637, 0.0151855526492, 0.0153512712568, 0.0100633315742, 0.00255893124267, 0.00206921016797, 0.0023866884876, 0.000861293054186, 0.00078703998588, 0.000372436654288, 0.000148462291691, 8.29979690025e-05, 5.27738047822e-05, 2.77145045402e-05, 1.84502696357e-05, 1.21282073451e-05, 7.44605540604e-06, 1.37774134146e-06, 6.94611981089e-06, 1.45657741086e-05], "min": [1.72557125726e-22, 1.98588495564e-21, 3.52811433623e-20, 7.3289255635e-20, 1.79493488334e-19, 4.94991631706e-20, 1.31468907084e-19, 1.60111160242e-19, 8.53142658355e-19, 5.63852369137e-19, 7.7863260692e-19, 1.3823030726e-18, 1.82649482224e-18, 2.39079019829e-18, 4.25756561444e-18, 6.56169003201e-18, 5.53477714798e-18, 4.97661552296e-18, 1.19952215138e-17, 8.77806133993e-18, 1.31521593319e-17, 1.13398521047e-17, 8.31073407234e-18, 1.09498397546e-17, 1.13695652595e-17, 1.44439780479e-17, 1.90913765142e-17, 1.83830915342e-17, 1.26000311623e-17, 1.72781585612e-17, 1.76041520949e-17, 1.9628570765e-17, 1.57491714472e-17, 1.29479706249e-17, 1.0873989774e-17, 6.82155295734e-18, 3.3963541711e-18, 1.26347258055e-18, 3.61872647934e-19, 3.31096294645e-20], "var": [0.00043349218322, 1.14317834377, 169.299560547, 1854.92944336, 5357.90625, 481.393066406, 2.56240534782, 4.83852243423, 52.0015830994, 23.169670105, 3998.01513672, 426.824829102, 2266.78564453, 35573.390625, 599.015136719, 41236.8515625, 221.709274292, 25.7804603577, 528.333862305, 87.1762084961, 8.91261386871, 50.4278869629, 243.090286255, 1.95133757591, 0.68859153986, 4.72048521042, 28.3620281219, 4.82230424881, 14.026889801, 5.42997932434, 0.21492305398, 0.0860905721784, 0.0888729542494, 0.0149580370635, 0.00248033623211, 0.000718666124158, 5.13408449478e-05, 8.61696378252e-07, 1.95213911702e-09, 1.14819398433e-09]}, "gfcc": {"mean": [-280.104614258, 178.712356567, -71.1112365723, 4.1728143692, -24.686208725, -5.01138877869, -5.524269104, -10.9838533401, -16.3662147522, -33.8771934509, -36.9034461975, -30.5423679352, -16.8460178375], "cov": [[22562.6445312, 1294.67492676, -3660.50878906, 1414.7454834, -169.118118286, 445.334533691, 69.6710357666, 46.7513160706, 168.193618774, -498.923614502, -399.013214111, -419.597717285, -459.580322266], [1294.67492676, 3048.65649414, 451.837005615, -575.057922363, 959.240112305, -371.965332031, 337.82043457, -285.157165527, 190.46055603, -357.619171143, -49.9326133728, -366.966308594, 1.9867991209], [-3660.50878906, 451.837005615, 3793.16967773, 809.544433594, 362.295013428, -295.132476807, -283.403839111, -477.574127197, -478.676544189, -235.14364624, -116.347625732, -128.899627686, 78.7810287476], [1414.7454834, -575.057922363, 809.544433594, 1258.10949707, -59.6377944946, -33.1737632751, -188.60534668, -103.046890259, -95.4472885132, -69.5967330933, -7.76897192001, 32.3584899902, -91.6555099487], [-169.118118286, 959.240112305, 362.295013428, -59.6377944946, 912.669433594, 217.430496216, 273.678070068, -106.098434448, -24.7034873962, -119.47026062, 23.7268505096, -76.5446243286, 45.8465080261], [445.334533691, -371.965332031, -295.132476807, -33.1737632751, 217.430496216, 774.674987793, 463.281524658, 190.034042358, -82.8898925781, 1.94665372372, -83.0547790527, -27.7867660522, 35.1618385315], [69.6710357666, 337.82043457, -283.403839111, -188.60534668, 273.678070068, 463.281524658, 614.69720459, 199.165969849, 85.7826690674, -76.5119857788, -99.6399917603, -120.986534119, 35.5756225586], [46.7513160706, -285.157165527, -477.574127197, -103.046890259, -106.098434448, 190.034042358, 199.165969849, 474.781036377, 367.352264404, 254.390136719, 34.6109962463, -14.0528240204, -61.6521911621], [168.193618774, 190.46055603, -478.676544189, -95.4472885132, -24.7034873962, -82.8898925781, 85.7826690674, 367.352264404, 578.437194824, 327.009002686, 113.242118835, -72.3125228882, -104.939857483], [-498.923614502, -357.619171143, -235.14364624, -69.5967330933, -119.47026062, 1.94665372372, -76.5119857788, 254.390136719, 327.009002686, 458.178436279, 214.809951782, 50.7744674683, -87.1576461792], [-399.013214111, -49.9326133728, -116.347625732, -7.76897192001, 23.7268505096, -83.0547790527, -99.6399917603, 34.6109962463, 113.242118835, 214.809951782, 296.556365967, 151.054824829, -54.8932991028], [-419.597717285, -366.966308594, -128.899627686, 32.3584899902, -76.5446243286, -27.7867660522, -120.986534119, -14.0528240204, -72.3125228882, 50.7744674683, 151.054824829, 260.226501465, 47.5805206299], [-459.580322266, 1.9867991209, 78.7810287476, -91.6555099487, 45.8465080261, 35.1618385315, 35.5756225586, -61.6521911621, -104.939857483, -87.1576461792, -54.8932991028, 47.5805206299, 131.218673706]], "icov": [[0.000182358082384, -0.000568869349081, 0.000356592237949, -0.000602767046075, 0.000322367413901, -0.000535409606528, 0.000589830218814, -0.000341596460203, 0.000511269667186, -0.000304318265989, 0.000373366579879, 6.35099604551e-06, 8.32477089716e-05], [-0.000568869349081, 0.00346333766356, -0.00130498013459, 0.00268233171664, -0.00218816148117, 0.00277351681143, -0.00276479916647, 0.00217720493674, -0.00323904072866, 0.00287289568223, -0.00230631604791, 0.00129668146838, 0.000288943730993], [0.000356592237949, -0.00130498013459, 0.00120345852338, -0.00164532079361, 0.000461827643448, -0.000659542740323, 0.00118186278269, -0.00108127319254, 0.00207439553924, -0.00135909905657, 0.000793163315393, 0.000571006210521, -0.000535184750333], [-0.000602767046075, 0.00268233171664, -0.00164532079361, 0.00363899650984, -0.00142099231016, 0.00153894524556, -0.00185587769374, 0.00213762745261, -0.00341429654509, 0.00271044299006, -0.00137756136246, -0.000432034343248, 0.00161967345048], [0.000322367413901, -0.00218816148117, 0.000461827643448, -0.00142099231016, 0.00336445565335, -0.00280107092112, 0.00141373008955, -0.000134886155138, 0.000566749717109, -0.000609422510024, -0.000136224465678, -0.000303984212223, -0.00087752181571], [-0.000535409606528, 0.00277351681143, -0.000659542740323, 0.00153894524556, -0.00280107092112, 0.00726333539933, -0.00573142012581, -0.000428080616985, 0.00187615200412, -0.0013003537897, -8.39615167934e-05, 0.000555449281819, 0.000338989892043], [0.000589830218814, -0.00276479916647, 0.00118186278269, -0.00185587769374, 0.00141373008955, -0.00573142012581, 0.00837900489569, -0.00335909589194, 0.000521829293575, 0.00177592539694, -0.000610649469309, 0.00191600667313, -0.00205955887213], [-0.000341596460203, 0.00217720493674, -0.00108127319254, 0.00213762745261, -0.000134886155138, -0.000428080616985, -0.00335909589194, 0.010389873758, -0.0077301627025, 0.000161147894687, 0.00215693889186, -0.00333016249351, 0.00290190777741], [0.000511269667186, -0.00323904072866, 0.00207439553924, -0.00341429654509, 0.000566749717109, 0.00187615200412, 0.000521829293575, -0.0077301627025, 0.0127630606294, -0.00709770340472, 0.00137949420605, 0.00221427273937, -0.000997969647869], [-0.000304318265989, 0.00287289568223, -0.00135909905657, 0.00271044299006, -0.000609422510024, -0.0013003537897, 0.00177592539694, 0.000161147894687, -0.00709770340472, 0.0122964605689, -0.00822312477976, 0.00355667807162, -0.000482968956931], [0.000373366579879, -0.00230631604791, 0.000793163315393, -0.00137756136246, -0.000136224465678, -8.39615167934e-05, -0.000610649469309, 0.00215693889186, 0.00137949420605, -0.00822312477976, 0.0153989726678, -0.0105443326756, 0.00705989217386], [6.35099604551e-06, 0.00129668146838, 0.000571006210521, -0.000432034343248, -0.000303984212223, 0.000555449281819, 0.00191600667313, -0.00333016249351, 0.00221427273937, 0.00355667807162, -0.0105443326756, 0.014242391102, -0.00821091700345], [8.32477089716e-05, 0.000288943730993, -0.000535184750333, 0.00161967345048, -0.00087752181571, 0.000338989892043, -0.00205955887213, 0.00290190777741, -0.000997969647869, -0.000482968956931, 0.00705989217386, -0.00821091700345, 0.0163100976497]]}, "melbands": {"dmean": [0.000101761084807, 0.00136883521918, 0.00291349785402, 0.00110960879829, 2.55625745922e-05, 7.6640262705e-06, 1.19415899462e-05, 1.73701591848e-05, 7.39659517421e-05, 2.40290282818e-05, 4.89067024319e-05, 0.000105903054646, 1.43501520142e-05, 3.85483835998e-05, 2.13091188925e-05, 2.02621117751e-06, 2.64767413682e-06, 8.12183861854e-06, 7.06640958015e-06, 2.39444784711e-06, 8.56810402183e-07, 7.74863224251e-07, 6.78538026477e-06, 1.13958265047e-06, 3.09334495796e-07, 2.43339172812e-07, 1.877432112e-07, 5.39016014045e-07, 1.02186913864e-06, 6.8481932658e-07, 2.80263037666e-07, 4.55173250202e-07, 8.92913135431e-07, 2.25087561034e-07, 7.78485684805e-08, 9.3908802512e-08, 5.00782135759e-08, 6.38827373223e-08, 5.00977002105e-08, 2.30245262856e-08], "dmean2": [0.000161700969329, 0.00183954986278, 0.00392485177144, 0.00152658554725, 4.88886980747e-05, 9.44908879319e-06, 1.07335417852e-05, 2.14648534893e-05, 9.43764025578e-05, 3.69857043552e-05, 7.50838080421e-05, 0.000143120763823, 2.55117174675e-05, 4.63701217086e-05, 3.00061747112e-05, 3.59851537723e-06, 4.88468185722e-06, 1.49431261889e-05, 1.29994396048e-05, 4.49014578408e-06, 1.55997770435e-06, 1.38420864459e-06, 1.1375926988e-05, 1.93958362615e-06, 5.56213819891e-07, 4.35089020812e-07, 3.41775233892e-07, 9.63775505625e-07, 1.89384002169e-06, 1.29942839067e-06, 5.20483354194e-07, 8.53948790791e-07, 1.69229167568e-06, 4.26505152973e-07, 1.44166989458e-07, 1.75338428221e-07, 9.45519715856e-08, 1.21969705447e-07, 9.66785691503e-08, 4.47795756031e-08], "dvar": [1.81373579267e-07, 1.53065539052e-05, 3.17931662721e-05, 1.01788737084e-05, 1.21021388466e-08, 7.75010888798e-10, 1.47633316683e-09, 4.65600180632e-09, 1.02801685387e-07, 3.03583402861e-09, 6.77319960118e-08, 4.64557956548e-07, 7.51846052083e-09, 8.08889950576e-08, 2.68055515562e-08, 5.54155089871e-11, 1.35599170781e-10, 1.7975517741e-09, 1.03782482608e-09, 1.03899472359e-10, 1.19960898853e-11, 6.95268235346e-12, 1.03771458093e-09, 1.77539961899e-11, 1.15589081275e-12, 7.02092789288e-13, 5.02424707741e-13, 5.0309890802e-12, 2.05106313877e-11, 1.47166740599e-11, 1.59907222012e-12, 4.57508640347e-12, 1.7705163724e-11, 1.71463689601e-12, 9.49881856114e-14, 1.35484654637e-13, 4.4102935415e-14, 7.85059680024e-14, 5.43496827133e-14, 1.75980734027e-14], "dvar2": [4.69168213613e-07, 3.36144039466e-05, 7.24804049241e-05, 2.28405569942e-05, 3.53855575952e-08, 9.51160261664e-10, 9.61949853107e-10, 7.87611487141e-09, 1.82087759981e-07, 6.49089182403e-09, 1.75057977003e-07, 1.03812783436e-06, 2.10672492784e-08, 1.26440681925e-07, 5.38580913201e-08, 1.53077495124e-10, 3.88379883809e-10, 5.07819075679e-09, 2.99388158709e-09, 2.99733515785e-10, 3.43260905811e-11, 1.92467517618e-11, 2.71394640095e-09, 4.78015890759e-11, 3.24096196928e-12, 1.95054606147e-12, 1.41606507336e-12, 1.37195177094e-11, 5.78610770408e-11, 4.27831312044e-11, 4.5317131124e-12, 1.30175887431e-11, 5.11959571958e-11, 5.02992916415e-12, 2.69366695832e-13, 3.79961822639e-13, 1.26876130045e-13, 2.27559914271e-13, 1.58973854046e-13, 5.19321388735e-14], "max": [0.00554887671024, 0.0458265356719, 0.0389446876943, 0.0293285958469, 0.00143496785313, 0.000684063998051, 0.00121999089606, 0.00144621357322, 0.00720602273941, 0.000953594513703, 0.00433886982501, 0.0121078807861, 0.00154604017735, 0.00634590769187, 0.00337860709988, 0.000106523897557, 0.000139339841553, 0.000717268441804, 0.000504708266817, 0.00016832484107, 5.03620649397e-05, 3.310397733e-05, 0.000488027842948, 5.26917210664e-05, 1.56102796609e-05, 9.9887693068e-06, 9.10940798349e-06, 2.5291210477e-05, 5.56900486117e-05, 6.0274698626e-05, 2.0857736672e-05, 2.69656393357e-05, 4.35225374531e-05, 2.38383981923e-05, 4.19737853008e-06, 3.50395271198e-06, 3.00913598039e-06, 3.24108850691e-06, 2.65240873887e-06, 1.76634000582e-06], "mean": [0.000116358729429, 0.00212869537063, 0.00455603329465, 0.00160144479014, 1.57496106112e-05, 1.43076886161e-05, 3.11587427859e-05, 3.14797580359e-05, 0.000143962766742, 7.0963462349e-05, 7.12672917871e-05, 0.000154717286932, 1.41378077387e-05, 5.40829423699e-05, 2.92242057185e-05, 1.55646421263e-06, 1.69520535565e-06, 5.46729597772e-06, 5.46344153918e-06, 1.53161306571e-06, 5.56861436962e-07, 5.135246397e-07, 5.18302158525e-06, 8.42692486458e-07, 2.22038991637e-07, 1.6533279279e-07, 1.19869568493e-07, 3.40868240301e-07, 6.05796401487e-07, 3.93234188323e-07, 1.66338878671e-07, 2.63170107928e-07, 5.08012362843e-07, 1.27797832761e-07, 4.68755700922e-08, 5.50882290895e-08, 2.86592598542e-08, 3.61397880511e-08, 2.73884044333e-08, 1.22829746374e-08], "median": [1.1842342218e-07, 0.000418633135268, 0.00199376698583, 0.000121777295135, 5.23821199749e-07, 5.61460865356e-07, 2.30472301155e-06, 1.41409896059e-06, 1.47866785483e-06, 3.79606649403e-06, 3.54045027962e-06, 7.09775292762e-07, 2.52203562923e-07, 2.60791097162e-07, 1.97764094878e-07, 7.68735475276e-08, 3.63492489441e-08, 1.18875952637e-07, 1.51769782519e-07, 5.17086533591e-08, 1.95517735335e-08, 9.78797487505e-09, 1.28002302091e-08, 8.97724028448e-09, 6.38715524914e-09, 2.27951635345e-09, 6.77481515332e-10, 1.34377742267e-09, 1.68558411673e-09, 5.9800886465e-10, 3.25835664006e-10, 3.26729421296e-10, 3.37809252793e-10, 1.09280244576e-10, 7.3466885353e-11, 4.59956760179e-11, 3.55053902945e-11, 2.46158371464e-11, 1.85159439864e-11, 9.32224956951e-12], "min": [2.85053980912e-24, 1.33933120033e-23, 1.72549786164e-23, 8.28897647199e-24, 3.78124500484e-24, 3.42962208925e-24, 1.29139693517e-23, 5.07536776998e-24, 7.69955301425e-24, 8.99635593431e-24, 8.55040497598e-24, 8.16761337717e-24, 1.41404169231e-23, 1.79343408948e-23, 1.2489452533e-23, 1.04578154245e-23, 8.34513547984e-24, 2.13291580465e-23, 1.39250452742e-23, 8.26679528106e-24, 1.76464271748e-23, 1.19631766019e-23, 8.03696381177e-24, 6.84782620577e-24, 9.32568879616e-24, 8.52380616398e-24, 9.85002097404e-24, 8.56277825928e-24, 1.19249089594e-23, 1.25578846388e-23, 9.08945177632e-24, 6.2342580823e-24, 8.37843172092e-24, 1.05511495025e-23, 9.45717770957e-24, 1.206289572e-23, 1.15020992357e-23, 1.09569931947e-23, 1.12884891132e-23, 1.01507308068e-23], "var": [1.8246964828e-07, 2.36121086346e-05, 4.50152729172e-05, 1.4891345927e-05, 6.62220589476e-09, 3.33310867795e-09, 1.16103668901e-08, 1.02822141912e-08, 2.26291518857e-07, 1.42700420369e-08, 7.85133380532e-08, 7.32719968255e-07, 5.50546808142e-09, 1.90832849967e-07, 5.45965761489e-08, 3.63027177763e-11, 7.97482704873e-11, 1.13962550508e-09, 6.17854267748e-10, 5.85657147778e-11, 6.96812659656e-12, 4.52643001206e-12, 7.97839849742e-10, 1.37516404514e-11, 7.45337873451e-13, 4.70877948178e-13, 3.09282628804e-13, 3.25125169842e-12, 1.21289835814e-11, 8.03667722649e-12, 9.36171170966e-13, 2.65577620659e-12, 9.78511716099e-12, 9.11870839254e-13, 5.56781183658e-14, 8.15070125108e-14, 2.46943595807e-14, 4.29871660186e-14, 2.90179189813e-14, 9.15027500656e-15]}, "mfcc": {"mean": [-912.575500488, 162.669723511, 28.6170272827, 9.32197761536, 3.84102869034, 4.901720047, 5.94545269012, 15.4595317841, 14.6261558533, 4.28220748901, -6.20251369476, -16.8257598877, -23.1542358398], "cov": [[12302.1865234, 2364.14013672, -2960.60595703, -423.788574219, -505.827941895, 93.1777114868, -338.626464844, 232.312683105, 266.406524658, 218.862121582, 398.328826904, 350.604278564, 139.191940308], [2364.14013672, 3244.90649414, -488.098632812, -629.289306641, 179.568466187, -103.541145325, 13.2247657776, 87.3195648193, 184.226837158, 193.4765625, 187.861251831, -21.2208862305, 61.2965698242], [-2960.60595703, -488.098632812, 2207.85473633, 891.568481445, 272.222717285, 78.0779037476, 112.408943176, -84.1168823242, -117.052574158, -35.2431106567, -121.945617676, -81.3202438354, -97.3332443237], [-423.788574219, -629.289306641, 891.568481445, 1001.87365723, 249.600326538, 69.8891067505, -83.365234375, -69.75730896, -132.152084351, -51.5430030823, 69.5200424194, 99.2771835327, -30.3555812836], [-505.827941895, 179.568466187, 272.222717285, 249.600326538, 427.000701904, 200.042831421, 117.850700378, 35.1601791382, 4.8278260231, 19.8052425385, 73.9744644165, 57.7147102356, 55.5394554138], [93.1777114868, -103.541145325, 78.0779037476, 69.8891067505, 200.042831421, 497.366119385, 418.494049072, 274.877929688, 185.926254272, 60.1652069092, -63.523639679, -26.9258346558, 38.1601371765], [-338.626464844, 13.2247657776, 112.408943176, -83.365234375, 117.850700378, 418.494049072, 555.453430176, 369.981933594, 224.465515137, 58.8725814819, -86.2531661987, -41.1270713806, 50.4170532227], [232.312683105, 87.3195648193, -84.1168823242, -69.75730896, 35.1601791382, 274.877929688, 369.981933594, 421.825836182, 318.695220947, 140.103179932, 24.9912052155, 8.8309879303, 28.3028850555], [266.406524658, 184.226837158, -117.052574158, -132.152084351, 4.8278260231, 185.926254272, 224.465515137, 318.695220947, 474.607025146, 375.682861328, 157.63079834, 70.7758712769, 50.9554328918], [218.862121582, 193.4765625, -35.2431106567, -51.5430030823, 19.8052425385, 60.1652069092, 58.8725814819, 140.103179932, 375.682861328, 516.921386719, 361.31048584, 223.965011597, 182.749832153], [398.328826904, 187.861251831, -121.945617676, 69.5200424194, 73.9744644165, -63.523639679, -86.2531661987, 24.9912052155, 157.63079834, 361.31048584, 488.203887939, 375.665283203, 274.556610107], [350.604278564, -21.2208862305, -81.3202438354, 99.2771835327, 57.7147102356, -26.9258346558, -41.1270713806, 8.8309879303, 70.7758712769, 223.965011597, 375.665283203, 400.839294434, 307.847442627], [139.191940308, 61.2965698242, -97.3332443237, -30.3555812836, 55.5394554138, 38.1601371765, 50.4170532227, 28.3028850555, 50.9554328918, 182.749832153, 274.556610107, 307.847442627, 354.486175537]], "icov": [[0.000309654249577, -0.00036968299537, 0.000471639534226, -0.000542969501112, 0.000801732647233, -0.00090013386216, 0.00061769381864, -0.000331745424774, 0.000395739538362, -0.000349291280145, 0.000515145889949, -0.000785014417488, 0.00034119040356], [-0.00036968299537, 0.000895478762686, -0.000588067923672, 0.00101900286973, -0.00145767081995, 0.00137710303534, -0.000702036835719, 0.000234336272115, -0.000580894062296, 0.000568215560634, -0.00117300567217, 0.00153844652232, -0.000559573119972], [0.000471639534226, -0.000588067923672, 0.00178009702358, -0.00198044371791, 0.000905853346922, -0.00023744624923, -0.000509521574713, 0.000239939239691, 0.000779082940426, -0.00156848516781, 0.00176342041232, -0.000986256403849, 0.000359931815183], [-0.000542969501112, 0.00101900286973, -0.00198044371791, 0.00411093607545, -0.00234239036217, -0.000103789861896, 0.00147722125985, -0.00155305152293, 0.000994519912638, 0.000435142748756, -0.00123509287369, -0.000583331857342, 0.00123321742285], [0.000801732647233, -0.00145767081995, 0.000905853346922, -0.00234239036217, 0.00698639219627, -0.00502930069342, 0.000959652825259, 0.00133274123073, -0.000397318450268, 0.0017490250757, -0.00217665638775, -0.00053989427397, 0.000499448389746], [-0.00090013386216, 0.00137710303534, -0.00023744624923, -0.000103789861896, -0.00502930069342, 0.0114343231544, -0.00779213616624, 0.00183502875734, -0.00226597022265, -0.000466768891783, 0.0010800648015, 0.00275081093423, -0.00209902902134], [0.00061769381864, -0.000702036835719, -0.000509521574713, 0.00147722125985, 0.000959652825259, -0.00779213616624, 0.0136511586607, -0.00984129309654, 0.00489000696689, -0.00317386724055, 0.00469015166163, -0.00312623823993, -0.000586249225307], [-0.000331745424774, 0.000234336272115, 0.000239939239691, -0.00155305152293, 0.00133274123073, 0.00183502875734, -0.00984129309654, 0.0173302982002, -0.0142088532448, 0.0105583583936, -0.00800180993974, 0.00456075975671, -0.00153162202332], [0.000395739538362, -0.000580894062296, 0.000779082940426, 0.000994519912638, -0.000397318450268, -0.00226597022265, 0.00489000696689, -0.0142088532448, 0.022439148277, -0.018478596583, 0.0100972764194, -0.00732203340158, 0.00582829630002], [-0.000349291280145, 0.000568215560634, -0.00156848516781, 0.000435142748756, 0.0017490250757, -0.000466768891783, -0.00317386724055, 0.0105583583936, -0.018478596583, 0.0219558384269, -0.0164710208774, 0.00930915772915, -0.00495992368087], [0.000515145889949, -0.00117300567217, 0.00176342041232, -0.00123509287369, -0.00217665638775, 0.0010800648015, 0.00469015166163, -0.00800180993974, 0.0100972764194, -0.0164710208774, 0.0243836399168, -0.0167613737285, 0.00328602874652], [-0.000785014417488, 0.00153844652232, -0.000986256403849, -0.000583331857342, -0.00053989427397, 0.00275081093423, -0.00312623823993, 0.00456075975671, -0.00732203340158, 0.00930915772915, -0.0167613737285, 0.0242327898741, -0.0122187994421], [0.00034119040356, -0.000559573119972, 0.000359931815183, 0.00123321742285, 0.000499448389746, -0.00209902902134, -0.000586249225307, -0.00153162202332, 0.00582829630002, -0.00495992368087, 0.00328602874652, -0.0122187994421, 0.0131269181147]]}, "spectral_contrast_coeffs": {"dmean": [0.0675837099552, 0.0503830499947, 0.0388895682991, 0.025661053136, 0.0288623087108, 0.0405180491507], "dmean2": [0.102171078324, 0.0794597193599, 0.0609012022614, 0.0415596365929, 0.0443346127868, 0.0648109018803], "dvar": [0.00585319660604, 0.00311525817961, 0.00144948565867, 0.000601623847615, 0.000891931704246, 0.00155279203318], "dvar2": [0.0126566011459, 0.00655362941325, 0.00334361335263, 0.0014720838517, 0.00199695397168, 0.00377615867183], "max": [-0.121640786529, -0.272206544876, -0.379764586687, -0.632085323334, -0.584861040115, -0.618267357349], "mean": [-0.36943346262, -0.719424128532, -0.765944182873, -0.83861887455, -0.826230883598, -0.813012778759], "median": [-0.323241531849, -0.718515574932, -0.789222240448, -0.850514054298, -0.832189798355, -0.808969855309], "min": [-0.956534147263, -0.966965854168, -0.960128128529, -0.955853044987, -0.957589447498, -0.964530527592], "var": [0.0214262213558, 0.0134663088247, 0.0108962571248, 0.0031199848745, 0.00352551648393, 0.00493907602504]}, "spectral_contrast_valleys": {"dmean": [0.991472840309, 0.700751662254, 0.607486188412, 0.664085865021, 0.721139132977, 0.973346889019], "dmean2": [1.53667283058, 1.11198043823, 0.957575321198, 0.979562520981, 1.05741930008, 1.49371242523], "dvar": [1.1862475872, 0.756811797619, 0.653196871281, 0.721511185169, 0.902726888657, 1.12920963764], "dvar2": [2.2766568