{"lowlevel": {"average_loudness": 0.271418005228, "barkbands_crest": {"dmean": 1.72948145866, "dmean2": 2.66174578667, "dvar": 3.26071071625, "dvar2": 7.02850246429, "max": 26.4495658875, "mean": 14.2727661133, "median": 13.5896167755, "min": 3.07993817329, "var": 23.4827423096}, "barkbands_flatness_db": {"dmean": 0.0201907679439, "dmean2": 0.032962501049, "dvar": 0.000431307504186, "dvar2": 0.00100949802436, "max": 0.596773087978, "mean": 0.366132974625, "median": 0.366893291473, "min": 0.0241871383041, "var": 0.00385888316669}, "barkbands_kurtosis": {"dmean": 2.62622714043, "dmean2": 3.9679338932, "dvar": 21.4417552948, "dvar2": 44.588508606, "max": 176.52520752, "mean": 7.56653261185, "median": 3.98542046547, "min": -1.64820277691, "var": 137.641433716}, "barkbands_skewness": {"dmean": 0.405584573746, "dmean2": 0.62691950798, "dvar": 0.232599198818, "dvar2": 0.540507316589, "max": 8.74589252472, "mean": 1.55909657478, "median": 1.38415122032, "min": -2.34742021561, "var": 1.62154233456}, "barkbands_spread": {"dmean": 0.96981471777, "dmean2": 1.50657165051, "dvar": 2.76174402237, "dvar2": 6.14949893951, "max": 88.169342041, "mean": 4.82308340073, "median": 3.9790930748, "min": 0.132350459695, "var": 18.2495937347}, "dissonance": {"dmean": 0.0378256104887, "dmean2": 0.0642898380756, "dvar": 0.00145793706179, "dvar2": 0.00390600110404, "max": 0.5, "mean": 0.377537786961, "median": 0.382914364338, "min": 0.076635055244, "var": 0.00447540916502}, "dynamic_complexity": 7.45714759827, "erbbands_crest": {"dmean": 2.04746603966, "dmean2": 3.07690310478, "dvar": 4.4663476944, "dvar2": 9.852850914, "max": 32.4413414001, "mean": 15.609046936, "median": 14.7644634247, "min": 2.16988182068, "var": 37.9593811035}, "erbbands_flatness_db": {"dmean": 0.0145735507831, "dmean2": 0.0226582475007, "dvar": 0.000277784827631, "dvar2": 0.000598635524511, "max": 0.598176777363, "mean": 0.38362005353, "median": 0.387370407581, "min": 0.0359902828932, "var": 0.00338986422867}, "erbbands_kurtosis": {"dmean": 1.41331028938, "dmean2": 2.05133366585, "dvar": 5.77173042297, "dvar2": 10.8916940689, "max": 74.3566970825, "mean": 3.38103079796, "median": 1.50312709808, "min": -1.61991477013, "var": 38.599609375}, "erbbands_skewness": {"dmean": 0.301662266254, "dmean2": 0.440811216831, "dvar": 0.11035285145, "dvar2": 0.213430345058, "max": 7.18087530136, "mean": 1.1671962738, "median": 0.99389564991, "min": -1.77935600281, "var": 1.14365661144}, "erbbands_spread": {"dmean": 1.94054710865, "dmean2": 2.9192237854, "dvar": 7.57841348648, "dvar2": 17.9826698303, "max": 108.921600342, "mean": 11.9887523651, "median": 10.6198616028, "min": 0.568111896515, "var": 60.1157875061}, "hfc": {"dmean": 1.86125969887, "dmean2": 2.6283056736, "dvar": 15.7242069244, "dvar2": 32.6606750488, "max": 88.688583374, "mean": 7.68975067139, "median": 4.30582284927, "min": 1.09175499322e-16, "var": 92.4092102051}, "melbands_crest": {"dmean": 2.09445953369, "dmean2": 3.25468039513, "dvar": 4.68284702301, "dvar2": 10.3832006454, "max": 33.7894554138, "mean": 17.0114002228, "median": 16.0634269714, "min": 1.61606132984, "var": 33.6515464783}, "melbands_flatness_db": {"dmean": 0.0221694726497, "dmean2": 0.035166926682, "dvar": 0.000651230162475, "dvar2": 0.00144426431507, "max": 0.761802554131, "mean": 0.476973235607, "median": 0.477645844221, "min": 0.00443801051006, "var": 0.00744503317401}, "melbands_kurtosis": {"dmean": 3.0305454731, "dmean2": 4.57376527786, "dvar": 26.4683971405, "dvar2": 57.4674110413, "max": 155.497375488, "mean": 9.59361839294, "median": 5.61369180679, "min": -1.60108339787, "var": 159.1743927}, "melbands_skewness": {"dmean": 0.399185210466, "dmean2": 0.612123310566, "dvar": 0.212095424533, "dvar2": 0.483894944191, "max": 8.42860031128, "mean": 1.77964043617, "median": 1.65385437012, "min": -1.58175253868, "var": 1.65091645718}, "melbands_spread": {"dmean": 1.37870287895, "dmean2": 2.14846038818, "dvar": 19.7593250275, "dvar2": 49.3554878235, "max": 156.028457642, "mean": 6.85773897171, "median": 5.36699485779, "min": 0.250190466642, "var": 89.6452713013}, "pitch_salience": {"dmean": 0.0492792502046, "dmean2": 0.0803047567606, "dvar": 0.00276847905479, "dvar2": 0.00681528728455, "max": 0.912117660046, "mean": 0.466757565737, "median": 0.468824326992, "min": 0.0552599839866, "var": 0.0152287855744}, "silence_rate_20dB": {"dmean": 0, "dmean2": 0, "dvar": 0, "dvar2": 0, "max": 1, "mean": 1, "median": 1, "min": 1, "var": 0}, "silence_rate_30dB": {"dmean": 0.00515369046479, "dmean2": 0.0103092780337, "dvar": 0.00512723391876, "dvar2": 0.0124125108123, "max": 1, "mean": 0.993927121162, "median": 1, "min": 0, "var": 0.0060360878706}, "silence_rate_60dB": {"dmean": 0.0276090558618, "dmean2": 0.0552282780409, "dvar": 0.0268473438919, "dvar2": 0.0588069558144, "max": 1, "mean": 0.277327924967, "median": 0, "min": 0, "var": 0.20041449368}, "spectral_centroid": {"dmean": 43.4202270508, "dmean2": 66.8061523438, "dvar": 66147.125, "dvar2": 112250.132812, "max": 11258.9619141, "mean": 508.023376465, "median": 451.62322998, "min": 163.944702148, "var": 417078.84375}, "spectral_complexity": {"dmean": 1.03221058846, "dmean2": 1.66494846344, "dvar": 1.57355642319, "dvar2": 3.39582276344, "max": 22, "mean": 7.70813417435, "median": 7.5, "min": 0, "var": 21.2735214233}, "spectral_decrease": {"dmean": 1.02094477317e-09, "dmean2": 1.49218748469e-09, "dvar": 4.08730661537e-18, "dvar2": 8.76413575432e-18, "max": 2.0272538575e-19, "mean": -4.33605285011e-09, "median": -2.56886112382e-09, "min": -4.78597357301e-08, "var": 2.70647855056e-17}, "spectral_energy": {"dmean": 0.00401613395661, "dmean2": 0.00586087629199, "dvar": 6.35282558505e-05, "dvar2": 0.000136050584842, "max": 0.188678011298, "mean": 0.0170627664775, "median": 0.0100964289159, "min": 1.01910775964e-20, "var": 0.000419280084316}, "spectral_energyband_high": {"dmean": 2.83333815787e-06, "dmean2": 4.2255956032e-06, "dvar": 2.42087877522e-10, "dvar2": 5.91368065628e-10, "max": 0.000521708920132, "mean": 3.36701327797e-06, "median": 4.5496321377e-08, "min": 7.41727039163e-21, "var": 2.7022761806e-10}, "spectral_energyband_low": {"dmean": 0.000486623146571, "dmean2": 0.000736563641112, "dvar": 2.05514061236e-06, "dvar2": 3.62401624443e-06, "max": 0.0559708811343, "mean": 0.0018547544023, "median": 0.000403271493269, "min": 2.38156444643e-23, "var": 1.61380048667e-05}, "spectral_energyband_middle_high": {"dmean": 0.00031134794699, "dmean2": 0.000418386276579, "dvar": 4.83843223265e-07, "dvar2": 8.5908533265e-07, "max": 0.0190070681274, "mean": 0.00103157549165, "median": 0.000462863972643, "min": 1.18092048371e-21, "var": 2.10205666917e-06}, "spectral_energyband_middle_low": {"dmean": 0.00372276850976, "dmean2": 0.00552473170683, "dvar": 5.74294535909e-05, "dvar2": 0.00012611571583, "max": 0.179912820458, "mean": 0.0146048776805, "median": 0.00812489259988, "min": 2.23951577784e-22, "var": 0.000352119532181}, "spectral_entropy": {"dmean": 0.15830104053, "dmean2": 0.252979397774, "dvar": 0.0453909039497, "dvar2": 0.107332870364, "max": 9.81683540344, "mean": 5.53676271439, "median": 5.49398803711, "min": 3.22770380974, "var": 0.304422527552}, "spectral_flux": {"dmean": 0.0143237961456, "dmean2": 0.0237366948277, "dvar": 0.00060046982253, "dvar2": 0.00152740557678, "max": 0.279946863651, "mean": 0.0302739739418, "median": 0.0217601116747, "min": 6.56148815836e-11, "var": 0.000954846851528}, "spectral_kurtosis": {"dmean": 31.004240036, "dmean2": 53.9278182983, "dvar": 975.675476074, "dvar2": 2623.30249023, "max": 481.584503174, "mean": 103.678527832, "median": 86.927520752, "min": -1.24300062656, "var": 5580.73339844}, "spectral_rms": {"dmean": 0.000397759285988, "dmean2": 0.000570803997107, "dvar": 3.42611002679e-07, "dvar2": 6.72932912948e-07, "max": 0.0135674653575, "mean": 0.00337211415172, "median": 0.00313849886879, "min": 3.15317542042e-12, "var": 5.27546171725e-06}, "spectral_rolloff": {"dmean": 75.0146179199, "dmean2": 131.28515625, "dvar": 261281.125, "dvar2": 517968.40625, "max": 19918.2128906, "mean": 636.411865234, "median": 538.330078125, "min": 86.1328125, "var": 1606696.125}, "spectral_skewness": {"dmean": 1.62197041512, "dmean2": 2.85049009323, "dvar": 2.13148331642, "dvar2": 5.79268455505, "max": 17.3169498444, "mean": 6.843708992, "median": 6.4206404686, "min": -0.0333013981581, "var": 10.1452598572}, "spectral_spread": {"dmean": 317564.625, "dmean2": 556639.3125, "dvar": 930021703680, "dvar2": 1758077911040.0, "max": 51599540, "mean": 1223444.5, "median": 958223.375, "min": 207146.46875, "var": 6538896343040.0}, "spectral_strongpeak": {"dmean": 0.28056332469, "dmean2": 0.457892537117, "dvar": 0.234343573451, "dvar2": 0.544037163258, "max": 6.42852544785, "mean": 1.09411811829, "median": 0.776415646076, "min": 0, "var": 1.12518084049}, "zerocrossingrate": {"dmean": 0.00227918499149, "dmean2": 0.0029791269917, "dvar": 0.000115995353553, "dvar2": 0.000173862747033, "max": 0.53369140625, "mean": 0.0246239677072, "median": 0.021484375, "min": 0.005859375, "var": 0.00136365392245}, "barkbands": {"dmean": [7.64149262977e-06, 7.48235615902e-05, 0.000355380645487, 0.000177916721441, 0.00080573069863, 0.00129073183052, 0.00113858492114, 0.00103668449447, 0.000396889692638, 6.43747189315e-05, 3.42738967447e-05, 0.000127252613311, 8.99681181181e-05, 2.81132270175e-05, 4.25368598371e-05, 2.36864634644e-05, 1.32538152684e-05, 6.36101640339e-06, 7.23796392776e-06, 1.35020582093e-06, 1.14012357244e-06, 7.78648654887e-07, 1.70226073237e-07, 3.81411950912e-08, 9.51253831261e-09, 1.26214627638e-09, 8.10243871996e-10], "dmean2": [1.36339340315e-05, 0.000117887466331, 0.000544534123037, 0.00027510029031, 0.00123708811589, 0.0019046793459, 0.00179753336124, 0.00149234861601, 0.000524109462276, 9.07451831154e-05, 4.85098462377e-05, 0.000173403852386, 0.000122057463159, 4.14297464886e-05, 6.19489146629e-05, 3.57958051609e-05, 2.11321530514e-05, 9.40697100305e-06, 9.86925715551e-06, 2.05841183742e-06, 1.69442705555e-06, 1.1618087683e-06, 2.62598774725e-07, 5.75734802055e-08, 1.65084372838e-08, 2.14975326429e-09, 1.46579537397e-09], "dvar": [1.29078206457e-10, 1.15256867161e-07, 1.28405599753e-06, 1.87478335079e-07, 7.28953000362e-06, 1.16598266686e-05, 2.37360218307e-05, 1.11262907012e-05, 2.63778406406e-06, 3.36218057839e-08, 2.17860964824e-08, 1.50353329786e-07, 6.16244122398e-08, 7.79015252306e-09, 1.72250729236e-08, 4.84290385572e-09, 2.51807819041e-09, 8.81306416733e-10, 8.94068430402e-10, 4.71921217382e-11, 5.03313259126e-11, 3.25217387742e-11, 2.00038857007e-12, 1.40909365339e-13, 1.61566350847e-14, 1.04214440585e-16, 3.15683678691e-18], "dvar2": [3.69155150892e-10, 1.94388519503e-07, 2.47271555054e-06, 3.57890712621e-07, 1.54543304234e-05, 2.37787589867e-05, 5.71734453843e-05, 2.30775403907e-05, 4.91136006531e-06, 7.05341349772e-08, 4.7671864678e-08, 2.4707892976e-07, 1.05260262728e-07, 1.68282401347e-08, 3.47373223519e-08, 1.05933208872e-08, 6.27097751504e-09, 1.79389580968e-09, 1.57391244482e-09, 1.26116422861e-10, 1.20928433933e-10, 7.25987742145e-11, 4.60043678499e-12, 3.24982228628e-13, 4.57321456908e-14, 2.76350110635e-16, 9.45663233799e-18], "max": [0.000147412982187, 0.0198939312249, 0.0360708609223, 0.0174605827779, 0.0768404379487, 0.111052908003, 0.119185239077, 0.085569165647, 0.0410433970392, 0.00427752826363, 0.00906616263092, 0.0128394262865, 0.00554728414863, 0.00218812609091, 0.00274403765798, 0.00135282683186, 0.00102005095687, 0.000758835521992, 0.000746058300138, 0.000234767037909, 0.000157437098096, 0.000180237169843, 4.86568169435e-05, 1.24415682876e-05, 5.85912857787e-06, 5.34197795332e-07, 4.3639840186e-08], "mean": [7.19599074728e-06, 0.00015388058091, 0.00130314286798, 0.000557220249902, 0.00215977453627, 0.00450826203451, 0.00259565631859, 0.0035608834587, 0.00114565412514, 0.000196773908101, 9.23994812183e-05, 0.000274521211395, 0.0002403359249, 5.53480786039e-05, 0.000102282516309, 5.1416685892e-05, 2.85595506284e-05, 1.12369152703e-05, 1.39070916703e-05, 1.91070034816e-06, 1.34041874844e-06, 8.57002987686e-07, 1.66626151099e-07, 3.61557610518e-08, 7.94685917072e-09, 1.32567778977e-09, 9.9859642777e-10], "median": [3.3288904433e-06, 1.16351147881e-05, 0.000219001609366, 0.000139045529068, 0.000453940359876, 0.00062017631717, 0.000233006008784, 0.000449058396043, 0.000103214959381, 3.53484138031e-05, 3.13210402965e-05, 7.09446030669e-05, 4.80723028886e-05, 8.10925303085e-06, 1.82478815987e-05, 9.26731900108e-06, 3.03063325191e-06, 8.2236954313e-07, 6.38823621557e-07, 5.18177571962e-08, 9.27793308847e-09, 2.59852139806e-09, 7.75820296894e-10, 4.51882892216e-10, 3.94962340611e-10, 3.28332694366e-10, 5.09453590425e-10], "min": [4.63590824944e-25, 6.81251521393e-24, 5.00832169279e-24, 2.07004457658e-24, 1.27200886404e-23, 7.83701518243e-24, 1.30499729161e-23, 6.49361779856e-24, 3.10674061077e-23, 2.40227062524e-23, 4.46336908528e-24, 2.21332487004e-23, 5.23093887133e-23, 4.06654988297e-23, 4.59383176954e-23, 5.45198937212e-23, 7.60779855132e-23, 9.29940537075e-23, 1.39717792875e-22, 2.20752387093e-22, 2.94309110044e-22, 3.69512116285e-22, 4.04979327827e-22, 6.67666828578e-22, 8.00566944722e-22, 1.35751375e-21, 2.09430418092e-21], "var": [1.15824551339e-10, 6.13373515534e-07, 9.54160259425e-06, 1.36185667543e-06, 2.32322217926e-05, 9.89313630271e-05, 5.45235343452e-05, 7.19059316907e-05, 1.02268486444e-05, 1.52672626541e-07, 5.22044913964e-08, 4.17146083009e-07, 2.44855556275e-07, 2.01818579626e-08, 5.24186916095e-08, 1.33599744601e-08, 5.81102588271e-09, 1.39285827316e-09, 1.99252592203e-09, 4.74421266161e-11, 5.79814286861e-11, 3.733936077e-11, 2.00281566505e-12, 1.54973134477e-13, 1.03112361518e-14, 8.15298063792e-17, 2.74195380413e-18]}, "erbbands": {"dmean": [0.000501702248584, 0.0265816114843, 0.31165382266, 0.568483412266, 0.686023414135, 3.73000311852, 7.34722757339, 11.688328743, 12.0472946167, 23.5364151001, 18.0116519928, 9.68601036072, 3.0214703083, 1.36846494675, 1.52690839767, 5.83482933044, 4.03645038605, 2.49825716019, 0.915163516998, 2.83564257622, 0.893652021885, 0.703407943249, 0.445431083441, 0.315323829651, 0.26949185133, 0.0583541803062, 0.0396144390106, 0.0559491179883, 0.0319651141763, 0.0138053456321, 0.00441017700359, 0.00154354213737, 0.000245891802479, 0.000158081355039, 4.01352954214e-05, 8.53889923746e-06, 2.70463419838e-06, 6.75656906424e-07, 1.91537856153e-06, 4.50535890195e-06], "dmean2": [0.000798749970272, 0.0409152135253, 0.474279016256, 0.87103921175, 1.07947182655, 5.82804346085, 11.2952337265, 16.6643276215, 18.9747543335, 36.250743866, 25.8036785126, 13.1699495316, 4.22166728973, 2.02074408531, 2.09707403183, 7.73207807541, 5.47747755051, 3.55870366096, 1.31556916237, 4.18364858627, 1.35479187965, 1.13775026798, 0.657417237759, 0.438840031624, 0.364814817905, 0.0877703726292, 0.0605925284326, 0.0809777230024, 0.0468093566597, 0.0209363792092, 0.00696691684425, 0.00231739738956, 0.000399148382712, 0.00027224898804, 6.82552781655e-05, 1.34086294565e-05, 4.28376461059e-06, 1.11002441372e-06, 2.77344770439e-06, 6.55952362649e-06], "dvar": [2.62299090537e-06, 0.0128008713946, 1.14202570915, 1.85324263573, 2.44129371643, 186.381149292, 566.192321777, 1016.45812988, 1636.29321289, 8574.90625, 3494.44995117, 1933.86950684, 114.032173157, 32.0717926025, 15.5877771378, 352.798400879, 100.88583374, 51.3518600464, 4.68390369415, 108.484916687, 5.89868402481, 8.45376873016, 4.44339370728, 1.39752244949, 1.78916978836, 0.0889314934611, 0.043083678931, 0.125849246979, 0.0417866967618, 0.0134258903563, 0.00171531760134, 0.00020499524544, 6.11889163338e-06, 4.75951765111e-06, 2.48476283105e-07, 5.03623454051e-09, 1.63462646197e-10, 3.27129989763e-12, 1.46705408238e-11, 8.03844421582e-11], "dvar2": [5.13938175573e-06, 0.0193310081959, 1.94675123692, 3.67773723602, 5.53930711746, 413.934234619, 1437.18640137, 1760.20910645, 3728.44360352, 20319.140625, 8146.83300781, 3729.91967773, 216.056396484, 71.699180603, 30.3083209991, 543.948303223, 172.953048706, 109.809379578, 9.70596218109, 225.877487183, 12.7559127808, 22.1658725739, 9.03031826019, 2.64966654778, 2.94857215881, 0.241145387292, 0.113386623561, 0.286264747381, 0.0950927063823, 0.0286191571504, 0.00441018491983, 0.000484863412566, 1.62674059538e-05, 1.35060381581e-05, 6.88944396643e-07, 1.28880035533e-08, 4.30191465783e-10, 8.43837066195e-12, 3.0980554927e-11, 1.71736708188e-10], "max": [0.0897443965077, 6.64066696167, 45.0239372253, 41.9232444763, 59.6782836914, 419.437347412, 637.62677002, 898.352233887, 1009.95941162, 1806.5592041, 1423.48535156, 1077.59741211, 231.783233643, 318.906463623, 144.15234375, 666.037963867, 227.02406311, 155.019561768, 43.0487861633, 250.544631958, 52.7919960022, 69.0242385864, 53.9457321167, 30.7137374878, 35.3461952209, 10.9112358093, 6.06419229507, 8.78570842743, 6.4217209816, 3.91425275803, 1.63006341457, 0.514731764793, 0.118191234767, 0.103760503232, 0.0178137812763, 0.0032660709694, 0.000566414149944, 6.76154668326e-05, 9.15866257856e-05, 0.000212187107536], "mean": [0.00116065097973, 0.0655958577991, 1.05588829517, 2.20139765739, 2.1113038063, 10.0592432022, 21.0606327057, 44.2981033325, 31.6994724274, 68.5285644531, 60.1385154724, 27.3098926544, 8.95505428314, 3.79930615425, 4.2223110199, 13.0241165161, 10.8797569275, 6.12024259567, 2.30615997314, 6.64792585373, 2.33761525154, 1.48835587502, 0.804594933987, 0.658847332001, 0.488275587559, 0.0899619311094, 0.0486623905599, 0.0655253231525, 0.0360309332609, 0.0146917942911, 0.0041722599417, 0.00147171400022, 0.000239694403717, 0.000139859053888, 4.37193884864e-05, 1.63506974786e-05, 7.3858691394e-06, 1.91392041415e-06, 8.24401286081e-06, 1.91618401004e-05], "median": [0.000352518167347, 0.00928679853678, 0.17518940568, 0.554509758949, 0.636856913567, 1.69326496124, 4.20167541504, 5.52529144287, 5.66051912308, 7.48365545273, 9.91652870178, 3.97793412209, 2.75476551056, 1.13815236092, 1.53957223892, 3.58212804794, 3.17210292816, 1.47835206985, 0.634908914566, 1.23008573055, 0.491274178028, 0.202411055565, 0.0778252035379, 0.0445026159286, 0.017387535423, 0.00352069782093, 0.001026452519, 0.000349463778548, 0.000154208624735, 5.19844907103e-05, 2.80011681753e-05, 1.82697494893e-05, 1.47568753164e-05, 1.18817033581e-05, 9.38791708904e-06, 6.8237841333e-06, 3.97669191443e-06, 1.21768744066e-06, 4.89662261316e-06, 1.13637706818e-05], "min": [1.09799946432e-22, 1.83434772924e-21, 8.24542439543e-21, 6.16281100691e-21, 3.55130091966e-20, 2.45462599445e-20, 7.14970848274e-20, 6.05647556592e-20, 1.57346580463e-19, 2.32367881215e-19, 2.65107405517e-19, 7.10750236746e-19, 8.68662479502e-19, 8.99273642238e-19, 8.71636814189e-19, 1.10794225607e-18, 2.35153199963e-18, 2.58527276802e-18, 3.14396502939e-18, 2.83927925461e-18, 3.74954312866e-18, 4.07573890809e-18, 6.37966480231e-18, 6.17073014652e-18, 8.83165437182e-18, 1.19148253485e-17, 8.17785247001e-18, 1.25603446908e-17, 1.18537066274e-17, 1.22713873418e-17, 1.13837853214e-17, 1.19158014216e-17, 1.06106105039e-17, 7.99610186428e-18, 6.460461323e-18, 4.95425765818e-18, 2.58804051434e-18, 1.18330461372e-18, 2.61222138179e-19, 2.70735939839e-20], "var": [1.23374538816e-05, 0.0764304697514, 8.0303030014, 16.4859085083, 16.5967960358, 556.660705566, 2753.04199219, 9847.20019531, 5241.30419922, 32985.5546875, 14618.5849609, 6172.47607422, 377.169250488, 69.2388916016, 71.6116867065, 1000.02697754, 393.213806152, 161.62890625, 15.2838907242, 292.754516602, 21.5521354675, 14.8030920029, 6.96145009995, 3.47191500664, 4.3483300209, 0.0902197137475, 0.0411478877068, 0.158137649298, 0.0488902591169, 0.0153995268047, 0.00141844106838, 0.000212349827052, 4.6838081289e-06, 2.99819407701e-06, 1.71055717146e-07, 4.73113592747e-09, 1.97322894135e-10, 6.13263086147e-12, 9.74483757576e-11, 5.28923849163e-10]}, "gfcc": {"mean": [-258.556243896, 237.366760254, -121.308242798, -47.4945640564, -24.7238254547, -34.25989151, -31.6339836121, -20.115070343, -8.81305503845, -10.1394882202, -6.6157283783, -14.7361574173, -10.6751260757], "cov": [[25258.8222656, 1031.56811523, -6413.04394531, 1539.2590332, 48.8069076538, -2280.96972656, 345.538085938, -484.643432617, 524.745605469, 63.5039558411, 438.630493164, -220.788742065, -208.45300293], [1031.56811523, 1414.43530273, 258.842041016, -649.288757324, 427.669433594, 71.4639434814, -138.488555908, -27.996257782, -57.6466140747, -120.614944458, -66.65284729, -127.627174377, -17.8588657379], [-6413.04394531, 258.842041016, 2282.26635742, -506.739593506, -16.8309230804, 787.550048828, -115.868766785, 49.7073135376, -176.437576294, -72.368347168, -170.307388306, -3.9843814373, 34.5000762939], [1539.2590332, -649.288757324, -506.739593506, 830.642028809, -182.482803345, -131.670394897, 212.30128479, -72.1549987793, 15.0928344727, 23.1891746521, 15.1143980026, 62.0602111816, -28.2547302246], [48.8069076538, 427.669433594, -16.8309230804, -182.482803345, 430.637664795, 8.17594528198, -56.8045578003, 49.1496658325, -32.7621688843, -61.985408783, -18.9417457581, -33.3569068909, -8.21624469757], [-2280.96972656, 71.4639434814, 787.550048828, -131.670394897, 8.17594528198, 439.866546631, 12.3960733414, 22.4750938416, -32.6800079346, -53.2359428406, -92.4551544189, 7.37649917603, 1.66928327084], [345.538085938, -138.488555908, -115.868766785, 212.30128479, -56.8045578003, 12.3960733414, 225.576217651, 68.5811462402, 12.1810350418, 14.5340194702, -36.8920021057, -69.3937911987, -66.9367828369], [-484.643432617, -27.996257782, 49.7073135376, -72.1549987793, 49.1496658325, 22.4750938416, 68.5811462402, 182.586776733, 50.833442688, 8.24271774292, -18.3474369049, -69.5853881836, -55.6587524414], [524.745605469, -57.6466140747, -176.437576294, 15.0928344727, -32.7621688843, -32.6800079346, 12.1810350418, 50.833442688, 147.08354187, 37.7679595947, 8.92519855499, -0.755823433399, -20.3016109467], [63.5039558411, -120.614944458, -72.368347168, 23.1891746521, -61.985408783, -53.2359428406, 14.5340194702, 8.24271774292, 37.7679595947, 90.7283935547, 44.4677619934, -9.66255283356, -5.34290647507], [438.630493164, -66.65284729, -170.307388306, 15.1143980026, -18.9417457581, -92.4551544189, -36.8920021057, -18.3474369049, 8.92519855499, 44.4677619934, 103.314292908, 40.5587539673, 11.6309785843], [-220.788742065, -127.627174377, -3.9843814373, 62.0602111816, -33.3569068909, 7.37649917603, -69.3937911987, -69.5853881836, -0.755823433399, -9.66255283356, 40.5587539673, 174.771377563, 87.2723312378], [-208.45300293, -17.8588657379, 34.5000762939, -28.2547302246, -8.21624469757, 1.66928327084, -66.9367828369, -55.6587524414, -20.3016109467, -5.34290647507, 11.6309785843, 87.2723312378, 105.156234741]], "icov": [[0.000554249214474, -0.00129911128897, 0.00120531080756, -0.00110006076284, 0.000795883126557, 0.000310721923597, 2.54402457358e-05, 0.000723143748473, -0.00113392388448, 0.000925461819861, -0.00116867967881, 0.00106557446998, -0.000283734319964], [-0.00129911128897, 0.00525830686092, -0.00316790211946, 0.00438067084178, -0.00351906963624, 6.19476923021e-05, -0.00161794002634, 0.00114359951112, 0.00130596896634, 0.0003428417549, 0.00219637341797, -0.00120517925825, 0.000860470288899], [0.00120531080756, -0.00316790211946, 0.00457464391366, -0.00237747305073, 0.00257207173854, -0.00247566099279, 0.00195096700918, -0.000109588334453, 0.000182565083378, -0.000234840990743, -0.000936642754823, 0.00180827022996, -0.000238063832512], [-0.00110006076284, 0.00438067084178, -0.00237747305073, 0.0062398002483, -0.00247195991687, 0.000419591087848, -0.00413335580379, 0.00229048589244, 0.00133047031704, 0.00017188709171, 0.00237560761161, -0.0032752242405, 0.00212242291309], [0.000795883126557, -0.00351906963624, 0.00257207173854, -0.00247195991687, 0.00560593931004, -0.00076829228783, 0.00237432518043, -0.00250181020238, 0.000621530343778, 0.00104640400968, -0.00112995808013, 0.000922752078623, -0.00035831038258], [0.000310721923597, 6.19476923021e-05, -0.00247566099279, 0.000419591087848, -0.00076829228783, 0.00861535221338, -0.00381657038815, 0.00315522728488, -0.00418490776792, 0.00435192277655, -5.41009194421e-06, -0.000542725902051, 0.00045946604223], [2.54402457358e-05, -0.00161794002634, 0.00195096700918, -0.00413335580379, 0.00237432518043, -0.00381657038815, 0.0129697415978, -0.00690371450037, 0.00445029092953, -0.00539610348642, 0.00439346441999, 0.00101677211933, 0.00212801084854], [0.000723143748473, 0.00114359951112, -0.000109588334453, 0.00229048589244, -0.00250181020238, 0.00315522728488, -0.00690371450037, 0.0149129433557, -0.00803581345826, 0.00602375762537, -0.00394273875281, 0.00405308185145, 0.00135934946593], [-0.00113392388448, 0.00130596896634, 0.000182565083378, 0.00133047031704, 0.000621530343778, -0.00418490776792, 0.00445029092953, -0.00803581345826, 0.0157414264977, -0.0102730756626, 0.00735865766183, -0.00619455752894, 0.00381030584686], [0.000925461819861, 0.0003428417549, -0.000234840990743, 0.00017188709171, 0.00104640400968, 0.00435192277655, -0.00539610348642, 0.00602375762537, -0.0102730756626, 0.0259645842016, -0.0139993978664, 0.0084247617051, -0.00432545784861], [-0.00116867967881, 0.00219637341797, -0.000936642754823, 0.00237560761161, -0.00112995808013, -5.41009194421e-06, 0.00439346441999, -0.00394273875281, 0.00735865766183, -0.0139993978664, 0.0234470870346, -0.00996094290167, 0.00600634934381], [0.00106557446998, -0.00120517925825, 0.00180827022996, -0.0032752242405, 0.000922752078623, -0.000542725902051, 0.00101677211933, 0.00405308185145, -0.00619455752894, 0.0084247617051, -0.00996094290167, 0.018000787124, -0.0112979747355], [-0.000283734319964, 0.000860470288899, -0.000238063832512, 0.00212242291309, -0.00035831038258, 0.00045946604223, 0.00212801084854, 0.00135934946593, 0.00381030584686, -0.00432545784861, 0.00600634934381, -0.0112979747355, 0.0210085511208]]}, "melbands": {"dmean": [1.16923620226e-05, 0.000119764918054, 9.04008411453e-05, 0.000140559030115, 0.000244863418629, 0.000255940452917, 0.00019290993805, 0.000250421318924, 0.000139204654261, 5.74503355892e-05, 1.41271139e-05, 6.06053299634e-06, 4.25237203672e-06, 1.02191124824e-05, 1.38652058013e-05, 1.09151687866e-05, 3.57140379492e-06, 1.17508386666e-06, 3.55168776878e-06, 3.09690221911e-06, 7.84384269537e-07, 8.59486647187e-07, 3.87904634636e-07, 3.24375207583e-07, 2.73328453204e-07, 2.49615567327e-07, 9.32076176241e-08, 3.31250937791e-08, 2.94416988567e-08, 1.88599660333e-08, 4.25338058108e-08, 1.97217548958e-08, 1.03368673621e-08, 6.10727646233e-09, 2.8943225594e-09, 1.40824629735e-09, 6.35147823225e-10, 1.5816825627e-10, 1.41408967869e-10, 1.19440540791e-10], "dmean2": [1.85560820682e-05, 0.000181353752851, 0.000138629853609, 0.000220006797463, 0.000373074988602, 0.000371088652173, 0.000304784509353, 0.000379178643925, 0.000195489701582, 7.80585105531e-05, 2.00910872081e-05, 8.9818968263e-06, 5.99427858106e-06, 1.34354504553e-05, 1.93594714801e-05, 1.46566953845e-05, 5.22862410435e-06, 1.70886585238e-06, 5.17759190188e-06, 4.65053653897e-06, 1.18425839446e-06, 1.3860975514e-06, 5.9599267388e-07, 4.78741753795e-07, 3.8488602172e-07, 3.34713377015e-07, 1.30148777089e-07, 5.33252055845e-08, 4.44200551897e-08, 3.21362740863e-08, 6.02739476108e-08, 2.92514918954e-08, 1.53576849016e-08, 9.50176914927e-09, 4.68714578261e-09, 2.15027706751e-09, 9.58289447794e-10, 2.71525801843e-10, 2.37608377418e-10, 2.09181463817e-10], "dvar": [2.41386777233e-09, 1.68845687654e-07, 4.4881311112e-08, 2.08663038848e-07, 5.34618607162e-07, 4.2874950168e-07, 5.48214757146e-07, 8.82091228505e-07, 2.17576783257e-07, 8.81695072508e-08, 2.16928519592e-09, 5.60077373368e-10, 1.75567824168e-10, 1.27419896856e-09, 1.55152291015e-09, 1.09564435302e-09, 1.27108629178e-10, 9.3435268203e-12, 1.30939092902e-10, 1.12159566357e-10, 4.24283481612e-12, 1.19370823989e-11, 2.10716795575e-12, 2.16581223442e-12, 1.24187281552e-12, 1.66513873003e-12, 1.7582907786e-13, 6.69032768096e-14, 2.74614349544e-14, 2.56852492156e-14, 8.88737800258e-14, 2.07377755105e-14, 5.331751801e-15, 2.84539352224e-15, 9.00432445348e-16, 1.49766436503e-16, 3.85264531904e-17, 3.56496273806e-18, 3.55912739242e-18, 2.71910583484e-18], "dvar2": [4.39869962676e-09, 2.77760136669e-07, 8.98416701034e-08, 4.7590685881e-07, 1.2656414583e-06, 7.73252281761e-07, 1.2896057342e-06, 2.00664317163e-06, 5.0751634717e-07, 1.68594539218e-07, 4.19093293402e-09, 1.2502214819e-09, 3.62574748003e-10, 1.90304860759e-09, 3.06952485651e-09, 1.8242862776e-09, 2.84750695245e-10, 1.96025140564e-11, 2.71176719968e-10, 2.35589214803e-10, 9.33999579067e-12, 3.06165787167e-11, 4.74275913681e-12, 4.37467033085e-12, 2.36597937422e-12, 2.76486841234e-12, 3.2269019813e-13, 1.93737333034e-13, 7.15057218081e-14, 7.39968660348e-14, 1.9730735329e-13, 4.71528300075e-14, 1.17616631834e-14, 6.04128758399e-15, 2.41656572852e-15, 3.64576559495e-16, 9.01308502409e-17, 9.68045996712e-18, 1.00993169324e-17, 7.68203213904e-18], "max": [0.00283521553501, 0.0183510519564, 0.0064715850167, 0.0139798223972, 0.017369421199, 0.0186493769288, 0.0193277802318, 0.0214212313294, 0.0125327706337, 0.00729858921841, 0.00095389818307, 0.00117292150389, 0.000632887356915, 0.00130720343441, 0.000861098931637, 0.000763595977332, 0.000256968225585, 5.65499103686e-05, 0.000233451486565, 0.000253147940384, 4.25134785473e-05, 7.6039461419e-05, 3.08164126182e-05, 3.75160598196e-05, 2.87813727482e-05, 3.05085613945e-05, 1.04280707092e-05, 1.02965095721e-05, 5.69393660044e-06, 5.23550897924e-06, 7.74171530793e-06, 4.72404190077e-06, 2.24870359489e-06, 1.7588671426e-06, 1.20903314382e-06, 5.07191089127e-07, 2.20427537556e-07, 9.9323827385e-08, 9.49425640329e-08, 7.273535374e-08], "mean": [2.36834766838e-05, 0.000407513725804, 0.000359736266546, 0.000391623441828, 0.000718883995432, 0.000943656719755, 0.000478111265693, 0.000774651125539, 0.000452837703051, 0.000153050059453, 4.09546410083e-05, 1.6117348423e-05, 1.14180074888e-05, 2.37952790485e-05, 3.05821122311e-05, 2.78174793493e-05, 8.09829816717e-06, 2.48779338108e-06, 7.99689041742e-06, 7.2778689173e-06, 1.97924964596e-06, 1.80643519343e-06, 6.7704098683e-07, 5.86939336245e-07, 5.56361555937e-07, 4.29705011129e-07, 1.58488020929e-07, 4.32413713725e-08, 3.68019605901e-08, 1.74293806054e-08, 5.09085182898e-08, 2.21682849855e-08, 1.09742748222e-08, 6.28580876239e-09, 2.61587973505e-09, 1.31362876132e-09, 6.01171445958e-10, 1.36631553294e-10, 1.23585711109e-10, 9.47601788703e-11], "median": [3.27213365381e-06, 7.01142853359e-05, 0.000102865204099, 7.1904505603e-05, 0.000167479010997, 0.000133694906253, 7.13387926226e-05, 7.57952220738e-05, 6.46484768367e-05, 1.61832413141e-05, 1.04389855551e-05, 3.29559861711e-06, 3.72389968106e-06, 6.32177216175e-06, 8.07509422884e-06, 4.25263942816e-06, 1.71513988789e-06, 4.60558851501e-07, 1.37194138006e-06, 1.27537907701e-06, 3.39712585173e-07, 1.86882658681e-07, 7.19589081655e-08, 4.54204212019e-08, 2.1574393827e-08, 1.10965565625e-08, 4.25640589441e-09, 1.06755981832e-09, 6.25082707817e-10, 1.65796126828e-10, 1.45661413486e-10, 6.57885412814e-11, 3.99680566421e-11, 1.71508727359e-11, 1.21872824332e-11, 8.29978273609e-12, 5.80032029351e-12, 4.93961859263e-12, 4.3238928063e-12, 3.52609694915e-12], "min": [1.99107427516e-24, 4.84396686192e-24, 2.2116455035e-24, 4.55324913581e-24, 2.45950698042e-24, 1.64292264337e-24, 2.26644589565e-24, 1.90689216695e-24, 1.99056979861e-24, 4.25313962619e-24, 4.16817733455e-24, 3.43567383569e-24, 1.52583724541e-24, 2.68004665433e-24, 4.92113205238e-24, 3.50989854712e-24, 4.69005142184e-24, 2.34143718266e-24, 4.26424797103e-24, 3.43630452998e-24, 4.48946499846e-24, 3.96513518717e-24, 4.53078474381e-24, 4.13403819559e-24, 4.83673892388e-24, 5.70234416226e-24, 4.91414511134e-24, 8.13226846431e-24, 3.69553368977e-24, 5.70967899096e-24, 6.55347932506e-24, 6.08274472367e-24, 7.78275101848e-24, 6.34305107303e-24, 5.50896871641e-24, 7.26362216714e-24, 6.94650718298e-24, 7.15900974477e-24, 6.78751778956e-24, 6.01864977512e-24], "var": [1.19501510909e-08, 1.19493540751e-06, 4.07061435226e-07, 6.94222990205e-07, 2.46982608587e-06, 4.07694960813e-06, 1.45131321005e-06, 4.23766323365e-06, 8.66978780323e-07, 2.66970801022e-07, 7.32821492377e-09, 1.38080546996e-09, 6.2463395567e-10, 3.66297236987e-09, 3.91709509273e-09, 4.15806500342e-09, 3.70331265653e-10, 2.53136539508e-11, 3.43629596999e-10, 3.15724280053e-10, 1.63347963628e-11, 2.40998210971e-11, 3.21881583887e-12, 3.47297039217e-12, 3.09334177197e-12, 3.67808561386e-12, 3.79719042667e-13, 5.0908428406e-14, 2.73134430519e-14, 1.58143609292e-14, 1.16704849994e-13, 2.45571639602e-14, 5.91102323406e-15, 3.25965107872e-15, 6.77398082424e-16, 1.43502905791e-16, 4.0891739756e-17, 2.53831682657e-18, 2.23316410833e-18, 1.74156550041e-18]}, "mfcc": {"mean": [-848.183044434, 219.331069946, 0.635943889618, -9.09484291077, 2.9430437088, -9.85556030273, -16.6802253723, -13.7536172867, -10.8350915909, -6.70201921463, -1.6527094841, -1.22902262211, 0.304867565632], "cov": [[9847.31347656, 3734.3503418, -3218.27392578, 310.685882568, 49.2446746826, -532.399902344, -432.704772949, -254.466506958, -331.121856689, -145.477615356, 294.157043457, 100.407142639, 90.5948028564], [3734.3503418, 2426.74072266, -820.671569824, -353.017883301, 183.773391724, -152.977996826, -171.420043945, -149.734069824, -137.653488159, -46.8431549072, 43.0769996643, 30.7841396332, 0.488875716925], [-3218.27392578, -820.671569824, 1592.46496582, -159.771102905, -89.7771759033, 320.612609863, 166.171142578, 79.3738632202, 133.907653809, 49.4801673889, -127.879119873, -55.4169769287, -66.3680725098], [310.685882568, -353.017883301, -159.771102905, 472.160461426, -31.8958587646, -40.7815361023, 76.0268478394, 56.9158973694, 5.78242540359, -9.32053089142, 46.3148422241, -7.78084516525, -15.0151968002], [49.2446746826, 183.773391724, -89.7771759033, -31.8958587646, 258.600646973, 22.3315296173, -5.84025001526, 31.0747203827, -11.6892433167, -57.5309677124, -50.7094612122, 1.38435530663, 0.513807296753], [-532.399902344, -152.977996826, 320.612609863, -40.7815361023, 22.3315296173, 228.785888672, 48.3305511475, 19.9456329346, 43.5874443054, -47.7582588196, -69.3244094849, -27.8067855835, -19.6038475037], [-432.704772949, -171.420043945, 166.171142578, 76.0268478394, -5.84025001526, 48.3305511475, 181.894241333, 76.8947372437, 28.1993808746, 55.1268882751, 13.4375905991, -22.4751682281, -68.225402832], [-254.466506958, -149.734069824, 79.3738632202, 56.9158973694, 31.0747203827, 19.9456329346, 76.8947372437, 153.471374512, 77.888420105, 7.00459194183, 25.7733707428, 3.43814492226, -41.9485397339], [-331.121856689, -137.653488159, 133.907653809, 5.78242540359, -11.6892433167, 43.5874443054, 28.1993808746, 77.888420105, 132.874603271, 49.1437454224, 4.3207192421, 21.110578537, -6.50027894974], [-145.477615356, -46.8431549072, 49.4801673889, -9.32053089142, -57.5309677124, -47.7582588196, 55.1268882751, 7.00459194183, 49.1437454224, 181.525177002, 81.6540985107, 11.6845407486, 1.67832899094], [294.157043457, 43.0769996643, -127.879119873, 46.3148422241, -50.7094612122, -69.3244094849, 13.4375905991, 25.7733707428, 4.3207192421, 81.6540985107, 141.443511963, 48.4228096008, -15.7997350693], [100.407142639, 30.7841396332, -55.4169769287, -7.78084516525, 1.38435530663, -27.8067855835, -22.4751682281, 3.43814492226, 21.110578537, 11.6845407486, 48.4228096008, 101.88192749, 44.9653282166], [90.5948028564, 0.488875716925, -66.3680725098, -15.0151968002, 0.513807296753, -19.6038475037, -68.225402832, -41.9485397339, -6.50027894974, 1.67832899094, -15.7997350693, 44.9653282166, 145.016693115]], "icov": [[0.0130552519113, -0.0183081422001, 0.0185863934457, -0.0186574850231, 0.0186718739569, -0.0184766873717, 0.0185807086527, -0.0171081516892, 0.0150466803461, -0.0123286303133, 0.00997283495963, -0.00744412699714, 0.00392100401223], [-0.0183081422001, 0.0263597220182, -0.0257268808782, 0.0267799347639, -0.0266022812575, 0.0259923841804, -0.026181994006, 0.0245937369764, -0.0212341472507, 0.0175463855267, -0.0144538357854, 0.0105542792007, -0.0052504860796], [0.0185863934457, -0.0257268808782, 0.0278082750738, -0.0259971581399, 0.0271400548518, -0.0277043394744, 0.0262726061046, -0.0249826218933, 0.021798633039, -0.0186546314508, 0.0156972911209, -0.0112692723051, 0.00620024697855], [-0.0186574850231, 0.0267799347639, -0.0259971581399, 0.0301227476448, -0.0267553832382, 0.0273447036743, -0.0291971620172, 0.0255092047155, -0.0232007335871, 0.0202846415341, -0.0167888700962, 0.0124120758846, -0.00673189526424], [0.0186718739569, -0.0266022812575, 0.0271400548518, -0.0267553832382, 0.0323624350131, -0.0277308169752, 0.0277010891587, -0.0286578461528, 0.0246252398938, -0.0193777494133, 0.0188682861626, -0.0132711110637, 0.00645358487964], [-0.0184766873717, 0.0259923841804, -0.0277043394744, 0.0273447036743, -0.0277308169752, 0.0353086926043, -0.0307613499463, 0.0288085918874, -0.0276161450893, 0.0238726679236, -0.0169805232435, 0.0139253940433, -0.00734213367105], [0.0185807086527, -0.026181994006, 0.0262726061046, -0.0291971620172, 0.0277010891587, -0.0307613499463, 0.0414469018579, -0.0341811701655, 0.0305013079196, -0.0282639153302, 0.021743401885, -0.0153779899701, 0.0116681195796], [-0.0171081516892, 0.0245937369764, -0.0249826218933, 0.0255092047155, -0.0286578461528, 0.0288085918874, -0.0341811701655, 0.0435504503548, -0.035892367363, 0.0280575994402, -0.0253156274557, 0.0165980421007, -0.00751303788275], [0.0150466803461, -0.0212341472507, 0.021798633039, -0.0232007335871, 0.0246252398938, -0.0276161450893, 0.0305013079196, -0.035892367363, 0.0412384197116, -0.0288907866925, 0.0244112256914, -0.0191406942904, 0.00917000416666], [-0.0123286303133, 0.0175463855267, -0.0186546314508, 0.0202846415341, -0.0193777494133, 0.0238726679236, -0.0282639153302, 0.0280575994402, -0.0288907866925, 0.0322450846434, -0.0255418028682, 0.0168452430516, -0.0103537943214], [0.00997283495963, -0.0144538357854, 0.0156972911209, -0.0167888700962, 0.0188682861626, -0.0169805232435, 0.021743401885, -0.0253156274557, 0.0244112256914, -0.0255418028682, 0.0337022095919, -0.0205542426556, 0.011243339628], [-0.00744412699714, 0.0105542792007, -0.0112692723051, 0.0124120758846, -0.0132711110637, 0.0139253940433, -0.0153779899701, 0.0165980421007, -0.0191406942904, 0.0168452430516, -0.0205542426556, 0.0254420321435, -0.0109425960109], [0.00392100401223, -0.0052504860796, 0.00620024697855, -0.00673189526424, 0.00645358487964, -0.00734213367105, 0.0116681195796, -0.00751303788275, 0.00917000416666, -0.0103537943214, 0.011243339628, -0.0109425960109, 0.0140540860593]]}, "spectral_contrast_coeffs": {"dmean": [0.0410317927599, 0.0372979268432, 0.0288717858493, 0.0261411275715, 0.0204474236816, 0.0390422493219], "dmean2": [0.0681803002954, 0.0607051886618, 0.0459911711514, 0.0419872440398, 0.0321999676526, 0.0676138699055], "dvar": [0.0011214177357, 0.00140323210508, 0.00090246158652, 0.000848154129926, 0.000535932253115, 0.00141039630398], "dvar2": [0.00299320137128, 0.00341149256565, 0.00211173924617, 0.00215797801502, 0.00128223001957, 0.00370378862135], "max": [-0.271609306335, -0.311394065619, -0.412682622671, -0.534336268902, -0.562847852707, -0.598871409893], "mean": [-0.564254879951, -0.622990310192, -0.721247136593, -0.700339615345, -0.737299621105, -0.841941177845], "median": [-0.560457885265, -0.616713225842, -0.723153233528, -0.69203877449, -0.721558392048, -0.868373632431], "min": [-0.978266656399, -0.976751685143, -0.974861264229, -0.974909007549, -0.966055095196, -0.964505434036], "var": [0.00993675459176, 0.0131487548351, 0.00521422550082, 0.00491064088419, 0.00622126925737, 0.00674019800499]}, "spectral_contrast_valleys": {"dmean": [0.446028530598, 0.342769384384, 0.302319020033, 0.302625775337, 0.309480965137, 0.700443744659], "dmean2": [0.740746498108, 0.554317116737, 0.480172336102, 0.483180940151, 0.484631359577, 1.24161243439], "dvar": [0.191941067576, 0.211581513286, 0.180138230324, 0.208960711956, 0.276268661022, 0.409032702446], "dvar2": [0.386285573244, 