{"lowlevel": {"average_loudness": 0.578247010708, "barkbands_crest": {"dmean": 2.00864052773, "dmean2": 3.03679084778, "dvar": 3.90539264679, "dvar2": 8.90485095978, "max": 25.7226238251, "mean": 12.1572942734, "median": 11.2531118393, "min": 3.4152879715, "var": 21.7164020538}, "barkbands_flatness_db": {"dmean": 0.0196132175624, "dmean2": 0.0307317748666, "dvar": 0.000363923521945, "dvar2": 0.00081837939797, "max": 0.562810659409, "mean": 0.349230527878, "median": 0.350897789001, "min": 0.074937954545, "var": 0.00316346460022}, "barkbands_kurtosis": {"dmean": 2.5366756916, "dmean2": 3.79891943932, "dvar": 69.3154220581, "dvar2": 175.990951538, "max": 271.864685059, "mean": 6.19924116135, "median": 1.73672294617, "min": -1.90000557899, "var": 302.221466064}, "barkbands_skewness": {"dmean": 0.397374510765, "dmean2": 0.570085942745, "dvar": 0.258826971054, "dvar2": 0.570267379284, "max": 14.7825174332, "mean": 1.01000463963, "median": 0.852025568485, "min": -10.8014640808, "var": 2.70348763466}, "barkbands_spread": {"dmean": 1.23546648026, "dmean2": 1.79885625839, "dvar": 3.29756999016, "dvar2": 6.4039144516, "max": 89.8663787842, "mean": 6.63226985931, "median": 5.47609329224, "min": 0.195523843169, "var": 21.3873348236}, "dissonance": {"dmean": 0.0410752482712, "dmean2": 0.069391220808, "dvar": 0.00155125022866, "dvar2": 0.00427851825953, "max": 0.499750465155, "mean": 0.387070477009, "median": 0.3946210742, "min": 0.0898988619447, "var": 0.00405433913693}, "dynamic_complexity": 5.35546207428, "erbbands_crest": {"dmean": 2.48206305504, "dmean2": 3.54128861427, "dvar": 6.87298297882, "dvar2": 12.7697954178, "max": 34.2698745728, "mean": 15.1405210495, "median": 13.8786687851, "min": 3.25912284851, "var": 40.7653465271}, "erbbands_flatness_db": {"dmean": 0.0151026695967, "dmean2": 0.0222932957113, "dvar": 0.000241274319706, "dvar2": 0.000483499083202, "max": 0.581599056721, "mean": 0.389441311359, "median": 0.393899589777, "min": 0.0282566770911, "var": 0.00361787946895}, "erbbands_kurtosis": {"dmean": 1.45226371288, "dmean2": 2.03338265419, "dvar": 6.05268907547, "dvar2": 10.2062797546, "max": 73.252281189, "mean": 3.25925207138, "median": 1.19783067703, "min": -1.76279485226, "var": 45.7741127014}, "erbbands_skewness": {"dmean": 0.331618845463, "dmean2": 0.455669075251, "dvar": 0.128386735916, "dvar2": 0.221851184964, "max": 6.63146591187, "mean": 0.490796327591, "median": 0.473999112844, "min": -5.12812852859, "var": 1.64279067516}, "erbbands_spread": {"dmean": 2.00559091568, "dmean2": 2.94754290581, "dvar": 5.86994457245, "dvar2": 13.1056623459, "max": 123.550430298, "mean": 11.3580207825, "median": 10.337770462, "min": 0.585647404194, "var": 52.8581619263}, "hfc": {"dmean": 4.16614627838, "dmean2": 5.39061498642, "dvar": 58.7448196411, "dvar2": 104.501564026, "max": 135.174636841, "mean": 12.8606262207, "median": 8.21603298187, "min": 1.12510843753e-16, "var": 208.435958862}, "melbands_crest": {"dmean": 2.44749855995, "dmean2": 3.75581979752, "dvar": 5.93959140778, "dvar2": 13.6972618103, "max": 35.4882507324, "mean": 14.7538576126, "median": 13.632267952, "min": 2.61485266685, "var": 36.6334114075}, "melbands_flatness_db": {"dmean": 0.0226218961179, "dmean2": 0.0357896760106, "dvar": 0.00056274572853, "dvar2": 0.00123839161824, "max": 0.677235662937, "mean": 0.458370268345, "median": 0.465302020311, "min": 0.00895517040044, "var": 0.00592401856557}, "melbands_kurtosis": {"dmean": 2.41329360008, "dmean2": 3.5608458519, "dvar": 102.467666626, "dvar2": 249.729995728, "max": 911.853820801, "mean": 6.16791772842, "median": 2.27382564545, "min": -1.91133391857, "var": 475.077301025}, "melbands_skewness": {"dmean": 0.380339026451, "dmean2": 0.554100930691, "dvar": 0.184119835496, "dvar2": 0.395077854395, "max": 19.4744129181, "mean": 1.11658155918, "median": 1.01340556145, "min": -3.10435700417, "var": 1.65453386307}, "melbands_spread": {"dmean": 2.04623699188, "dmean2": 2.9827682972, "dvar": 12.1988267899, "dvar2": 23.2743396759, "max": 131.849411011, "mean": 10.8469371796, "median": 8.37497806549, "min": 0.312827140093, "var": 89.3898010254}, "pitch_salience": {"dmean": 0.0553024411201, "dmean2": 0.0860777646303, "dvar": 0.00304218009114, "dvar2": 0.00709809083492, "max": 0.833790421486, "mean": 0.507682621479, "median": 0.515031576157, "min": 0.0686656907201, "var": 0.0133229075}, "silence_rate_20dB": {"dmean": 0, "dmean2": 0, "dvar": 0, "dvar2": 0, "max": 1, "mean": 1, "median": 1, "min": 1, "var": 0}, "silence_rate_30dB": {"dmean": 0.00449378788471, "dmean2": 0.00898876413703, "dvar": 0.00447347247973, "dvar2": 0.00970186199993, "max": 1, "mean": 0.993920981884, "median": 1, "min": 0, "var": 0.00604226486757}, "silence_rate_60dB": {"dmean": 0.01506740693, "dmean2": 0.0301387961954, "dvar": 0.0148411877453, "dvar2": 0.0321398600936, "max": 1, "mean": 0.125941589475, "median": 0, "min": 0, "var": 0.110078245401}, "spectral_centroid": {"dmean": 65.4143676758, "dmean2": 93.1081466675, "dvar": 21861.1269531, "dvar2": 34880.328125, "max": 11195.6630859, "mean": 639.06262207, "median": 549.092102051, "min": 142.739456177, "var": 123957.78125}, "spectral_complexity": {"dmean": 1.40311920643, "dmean2": 2.26490426064, "dvar": 2.43115615845, "dvar2": 5.22357416153, "max": 28, "mean": 11.0660762787, "median": 12, "min": 0, "var": 26.4444065094}, "spectral_decrease": {"dmean": 1.40513123359e-09, "dmean2": 1.89661042427e-09, "dvar": 4.6360425173e-18, "dvar2": 8.16072073235e-18, "max": 1.10455150377e-15, "mean": -5.3190158944e-09, "median": -4.03798461335e-09, "min": -4.35086207062e-08, "var": 2.45999841491e-17}, "spectral_energy": {"dmean": 0.00566930649802, "dmean2": 0.00762520032004, "dvar": 7.59499889682e-05, "dvar2": 0.000133096968057, "max": 0.176472350955, "mean": 0.0212417282164, "median": 0.0160279497504, "min": 1.05271512242e-20, "var": 0.000394638162106}, "spectral_energyband_high": {"dmean": 3.01837462757e-06, "dmean2": 4.64597815153e-06, "dvar": 2.48984666218e-10, "dvar2": 5.44259193269e-10, "max": 0.000280159583781, "mean": 3.63330150321e-06, "median": 1.27682781681e-07, "min": 7.46948051324e-21, "var": 3.06080411017e-10}, "spectral_energyband_low": {"dmean": 0.000582608161494, "dmean2": 0.000906978733838, "dvar": 1.80297047336e-06, "dvar2": 4.99484394823e-06, "max": 0.0220146831125, "mean": 0.00155789381824, "median": 0.000429928099038, "min": 5.04289399528e-23, "var": 6.8500917223e-06}, "spectral_energyband_middle_high": {"dmean": 0.00222246325575, "dmean2": 0.00283840182237, "dvar": 2.7254653105e-05, "dvar2": 4.53358734376e-05, "max": 0.10382758826, "mean": 0.00531086046249, "median": 0.00185863871593, "min": 1.95766589907e-21, "var": 9.25405402086e-05}, "spectral_energyband_middle_low": {"dmean": 0.00393096450716, "dmean2": 0.00553148472682, "dvar": 4.26919250458e-05, "dvar2": 8.00354973762e-05, "max": 0.152025014162, "mean": 0.0153796942905, "median": 0.0111669450998, "min": 3.25833758865e-22, "var": 0.000242435649852}, "spectral_entropy": {"dmean": 0.152619257569, "dmean2": 0.232922807336, "dvar": 0.0374177880585, "dvar2": 0.0845464989543, "max": 9.80423259735, "mean": 5.7759513855, "median": 5.79456329346, "min": 3.53286862373, "var": 0.273070752621}, "spectral_flux": {"dmean": 0.0184504333884, "dmean2": 0.0293883215636, "dvar": 0.000648346671369, "dvar2": 0.00157144328114, "max": 0.299692809582, "mean": 0.0437560528517, "median": 0.036499992013, "min": 1.02601906138e-10, "var": 0.0011211609235}, "spectral_kurtosis": {"dmean": 31.5279521942, "dmean2": 54.5901679993, "dvar": 956.649658203, "dvar2": 2595.51904297, "max": 448.805969238, "mean": 96.8011856079, "median": 88.604850769, "min": -1.19639921188, "var": 4103.80859375}, "spectral_rms": {"dmean": 0.000549200281966, "dmean2": 0.000737018650398, "dvar": 4.75615365758e-07, "dvar2": 8.06053776614e-07, "max": 0.0131212864071, "mean": 0.004053063225, "median": 0.00395436771214, "min": 3.20474506307e-12, "var": 4.29635383625e-06}, "spectral_rolloff": {"dmean": 95.682220459, "dmean2": 163.394317627, "dvar": 123286.46875, "dvar2": 211492.578125, "max": 19702.8808594, "mean": 875.344177246, "median": 775.1953125, "min": 64.599609375, "var": 1004399.0625}, "spectral_skewness": {"dmean": 1.69597125053, "dmean2": 2.96454262733, "dvar": 2.31453537941, "dvar2": 6.43829965591, "max": 16.7191047668, "mean": 6.38066053391, "median": 6.14075040817, "min": -0.0398499779403, "var": 8.50066280365}, "spectral_spread": {"dmean": 259055.5625, "dmean2": 449256.75, "dvar": 144648781824, "dvar2": 237492961280, "max": 40735456, "mean": 1136101.625, "median": 873355.375, "min": 214266.96875, "var": 2067336134660.0}, "spectral_strongpeak": {"dmean": 0.675155103207, "dmean2": 0.997966110706, "dvar": 1.37210559845, "dvar2": 2.79741406441, "max": 14.6417818069, "mean": 1.84166121483, "median": 1.26520967484, "min": 0, "var": 3.59405565262}, "zerocrossingrate": {"dmean": 0.00328954169527, "dmean2": 0.00394362164661, "dvar": 5.4259733588e-05, "dvar2": 5.90860072407e-05, "max": 0.77099609375, "mean": 0.0323080606759, "median": 0.02734375, "min": 0.001953125, "var": 0.00130395602901}, "barkbands": {"dmean": [3.04312266053e-06, 9.36104988796e-05, 0.000348354835296, 0.000419548799982, 0.00101173738949, 0.00128170079552, 0.000890115101356, 0.00110593484715, 0.000529458979145, 0.000707649160177, 0.000650518282782, 0.0005760359345, 0.000309921248117, 0.0002914617653, 0.000113568625238, 5.41212830285e-05, 8.86276902747e-05, 6.96832939866e-05, 8.96020446817e-06, 7.24529354557e-06, 5.59836564662e-07, 1.59123612775e-06, 7.18868449212e-08, 8.45192076326e-08, 2.83142798096e-09, 1.10022047028e-09, 1.36407785067e-09], "dmean2": [5.18762362844e-06, 0.000140839780215, 0.000534979859367, 0.000674442970194, 0.00170892802998, 0.00172549881972, 0.00139744929038, 0.00146317842882, 0.000708780949935, 0.00092120282352, 0.000855441612657, 0.000730290368665, 0.000415787711972, 0.00037038809387, 0.000169256149093, 7.90722697275e-05, 0.000136868853588, 0.000112286332296, 1.32457680593e-05, 1.15697230285e-05, 8.6866532456e-07, 2.47193293035e-06, 1.19901471862e-07, 1.47171704157e-07, 4.76509898206e-09, 1.96026173072e-09, 2.36741914961e-09], "dvar": [1.91803482819e-11, 1.12700334398e-07, 6.75361434332e-07, 1.60510910518e-06, 4.68604412163e-06, 1.01045689007e-05, 5.38253243576e-06, 9.14861720958e-06, 5.37844653081e-06, 4.1928092287e-06, 7.24996016288e-06, 6.06426237937e-06, 2.77854769593e-06, 1.72630370798e-06, 2.16952287246e-07, 1.2535822691e-07, 4.39485745574e-07, 5.36624497727e-07, 3.2689739804e-09, 4.42138059498e-09, 1.16421525198e-11, 1.41282582855e-10, 3.8142687793e-13, 1.33495926986e-12, 1.2253969532e-15, 2.50068759468e-17, 1.94053655893e-18], "dvar2": [5.17481509033e-11, 3.01296154248e-07, 1.75894808763e-06, 4.20253763878e-06, 1.48879162225e-05, 1.40629035741e-05, 9.54989536694e-06, 1.67503858393e-05, 9.06121749722e-06, 7.02328179614e-06, 1.07710156954e-05, 9.39106757869e-06, 4.99524730913e-06, 2.86405293082e-06, 3.79454888844e-07, 2.67723351044e-07, 1.06879974737e-06, 1.31666172365e-06, 6.64591270905e-09, 1.05544692985e-08, 2.23115345643e-11, 2.90384022383e-10, 9.68004973054e-13, 3.68343376633e-12, 3.12910572562e-15, 6.90402261626e-17, 5.70035844068e-18], "max": [7.25110294297e-05, 0.00897815171629, 0.0128984432667, 0.0286628939211, 0.0371087379754, 0.132609024644, 0.067425146699, 0.0826362669468, 0.0772374644876, 0.075785420835, 0.0941357538104, 0.0591548420489, 0.0474420711398, 0.0335251539946, 0.0111922100186, 0.0121533144265, 0.0166353564709, 0.0212409123778, 0.00270576192997, 0.00232207030058, 0.00011897899094, 0.000221572714509, 1.84239106602e-05, 3.69566041627e-05, 1.44049477058e-06, 1.54402698627e-07, 2.24466312204e-08], "mean": [3.85758130506e-06, 0.000224999836064, 0.000812951242551, 0.000958562712185, 0.0026805694215, 0.00394673040137, 0.0026202397421, 0.00271675316617, 0.00140571035445, 0.00169103511143, 0.00140600069426, 0.00109217618592, 0.000531131401658, 0.000622965220828, 0.000231419820921, 9.87778330455e-05, 0.000108019405161, 6.6198350396e-05, 1.25240885609e-05, 8.79635808815e-06, 6.1711438093e-07, 1.54632152771e-06, 6.13830195562e-08, 5.82409249716e-08, 2.6479982651e-09, 1.56846569066e-09, 7.03564317917e-09], "median": [1.896331014e-06, 2.76090431726e-05, 0.000209955920582, 0.000257074541878, 0.00143745262176, 0.00202260515653, 0.00101177778561, 0.000957199372351, 0.000273084559012, 0.000636074692011, 0.000192610532395, 0.000135619135108, 7.5841016951e-05, 4.56518610008e-05, 4.07611951232e-05, 2.05872511287e-05, 1.21386046885e-05, 1.50078244587e-06, 1.26078020912e-06, 2.11270219097e-07, 1.33074422592e-08, 2.76649481101e-09, 1.38743450062e-09, 7.82579390179e-10, 6.97858548726e-10, 1.00018215932e-09, 6.81897027732e-09], "min": [1.91983563891e-23, 2.43515429208e-23, 1.04379881946e-23, 7.15557425553e-24, 1.66707419191e-23, 6.64493007654e-23, 8.11227194477e-23, 1.09628631087e-22, 2.4860951428e-23, 1.10997714966e-22, 8.42618999121e-23, 6.8279596905e-23, 1.09703629671e-22, 2.87781727815e-23, 4.30247110601e-22, 2.23981668094e-22, 2.11007544154e-22, 1.83894697765e-22, 1.87899612052e-22, 4.68627250989e-22, 2.8956981043e-22, 3.85272799865e-22, 6.90420606311e-22, 8.30542396943e-22, 1.25638890063e-21, 1.49116460929e-21, 2.62165948835e-21], "var": [2.9773135346e-11, 4.70171926281e-07, 2.06259460356e-06, 4.54113614978e-06, 1.38716386573e-05, 4.79084555991e-05, 3.35958175128e-05, 3.96369759983e-05, 2.69297324849e-05, 1.38004224937e-05, 2.83310855593e-05, 1.77690362761e-05, 5.62871309739e-06, 6.0328343352e-06, 5.31805994797e-07, 2.00665368766e-07, 4.1762260139e-07, 4.74495664093e-07, 4.57525173303e-09, 4.49545067838e-09, 1.93800531179e-11, 1.59349880513e-10, 3.13840289477e-13, 8.48541614577e-13, 9.38597950006e-16, 1.73012914942e-17, 2.81121074168e-18]}, "erbbands": {"dmean": [0.00126018188894, 0.0293029937893, 0.299688965082, 0.977858960629, 2.40205287933, 3.19619250298, 5.43582248688, 12.9012823105, 13.7092857361, 13.8841133118, 25.8396377563, 12.2021427155, 20.2690525055, 25.7745437622, 18.1495952606, 26.6982326508, 14.8220014572, 17.4698486328, 7.94072818756, 3.15670800209, 2.53534770012, 3.65986561775, 5.93517446518, 0.859427392483, 0.324061542749, 0.224739074707, 0.0458478033543, 0.0341294892132, 0.06819126755, 0.00764495460317, 0.00120146095287, 0.00270341616124, 0.000590431096498, 6.85413542669e-05, 1.63404347404e-05, 8.81873074832e-06, 2.88104070023e-06, 9.53606331677e-07, 2.91074093184e-06, 6.57171540297e-06], "dmean2": [0.00208368618041, 0.0430145673454, 0.45157378912, 1.5710041523, 4.03130102158, 5.38966178894, 8.9576921463, 16.8355102539, 20.7039642334, 18.9207649231, 34.6190910339, 16.6583499908, 25.5912132263, 34.3316688538, 25.386297226, 32.5775985718, 19.6965141296, 22.2576656342, 11.2057733536, 4.66750526428, 3.70176482201, 5.66609764099, 9.49183940887, 1.28716719151, 0.494132876396, 0.355144679546, 0.0725058615208, 0.0503178536892, 0.107225932181, 0.0123466476798, 0.00197945628315, 0.00473445653915, 0.00100686238147, 0.000113565409265, 2.60659580817e-05, 1.39055209729e-05, 4.1858829718e-06, 1.44232751609e-06, 3.88435910281e-06, 8.80687821336e-06], "dvar": [5.59793670618e-06, 0.0103729944676, 0.522198557854, 6.93525457382, 40.4502792358, 47.1855697632, 92.0613708496, 1503.07214355, 862.066650391, 862.777160645, 8418.12695312, 1913.25109863, 3582.01733398, 11733.7158203, 4349.77148438, 13925.8271484, 4551.1328125, 4794.49755859, 856.569580078, 116.133491516, 151.394439697, 635.349609375, 3227.0222168, 29.1861610413, 5.4879488945, 3.83304286003, 0.0567074231803, 0.0474496372044, 0.283344328403, 0.00303871370852, 5.89535084146e-05, 0.00191076891497, 2.51567453233e-05, 6.5569599883e-07, 9.44726252783e-09, 2.09426231912e-09, 2.02564631735e-11, 2.00246134778e-12, 2.01786243964e-11, 1.0307853876e-10], "dvar2": [1.69930681295e-05, 0.0263175554574, 1.29032361507, 19.7849617004, 123.862579346, 136.962936401, 252.530349731, 1972.72192383, 1650.69018555, 1343.94506836, 15893.6679688, 3832.60302734, 5001.04345703, 18624.1796875, 8685.8515625, 19900.4335938, 7954.16894531, 7956.89941406, 1497.15673828, 249.539413452, 332.546691895, 1540.21276855, 7926.70410156, 64.5234527588, 12.7353334427, 9.15989112854, 0.153418064117, 0.089516825974, 0.598132669926, 0.00675604026765, 0.000154503170052, 0.00527919689193, 6.69837609166e-05, 1.68142150869e-06, 2.38351063331e-08, 5.62077495658e-09, 4.22198734307e-11, 4.23279727241e-12, 3.50436762941e-11, 1.80077591727e-10], "max": [0.0520969778299, 2.81157517433, 14.3358716965, 57.5918960571, 119.272590637, 123.529205322, 195.19883728, 1669.21923828, 617.018798828, 859.816162109, 2259.37597656, 1124.35644531, 1634.22241211, 3546.62866211, 1126.43676758, 3025.18017578, 1866.68225098, 1669.66503906, 664.895996094, 316.75012207, 404.738067627, 631.659851074, 1530.44042969, 197.851043701, 88.5489730835, 67.0401687622, 6.56349420547, 5.15186357498, 11.9625301361, 1.17690563202, 0.173016652465, 1.41559839249, 0.11253695935, 0.0318638533354, 0.00317253055982, 0.00134311453439, 6.73492831993e-05, 2.23454208026e-05, 9.10020680749e-05, 0.000204897121876], "mean": [0.00232157483697, 0.0749855414033, 0.739143967628, 2.45547890663, 6.02010822296, 8.20528316498, 12.9122886658, 39.3989715576, 41.8820457458, 40.6058578491, 68.1392669678, 33.0008506775, 52.2868881226, 61.9234085083, 32.0630531311, 51.7183647156, 27.6807022095, 37.7672729492, 17.0781669617, 6.8620557785, 4.9441318512, 4.57711219788, 5.77038812637, 1.12398886681, 0.422196835279, 0.271967083216, 0.0564152151346, 0.0375396460295, 0.0664525553584, 0.00755342748016, 0.0010584059637, 0.00185487908311, 0.000451648258604, 7.14626148692e-05, 2.84611796815e-05, 1.84693672054e-05, 9.72645284492e-06, 3.56238183485e-06, 1.14503245641e-05, 2.44092807407e-05], "median": [0.000993588124402, 0.0104577634484, 0.175252586603, 0.766975641251, 2.15844941139, 3.42949056625, 7.53937101364, 16.7881641388, 20.3507900238, 12.3084726334, 22.047542572, 10.2018375397, 19.5649757385, 13.1003446579, 7.07326316833, 7.19202899933, 4.69916296005, 4.06686830521, 2.22815895081, 2.36528897285, 1.45222389698, 0.630192220211, 0.221350595355, 0.114705748856, 0.0317393057048, 0.0103134494275, 0.00326637690887, 0.000745189143345, 0.000175392255187, 8.25562747195e-05, 5.22829759575e-05, 3.51612943632e-05, 2.71953522315e-05, 2.15318941628e-05, 1.65736619238e-05, 1.20889653772e-05, 7.46557634557e-06, 2.85534861177e-06, 8.80661082192e-06, 1.83528936759e-05], "min": [6.0762262398e-22, 5.58673625581e-21, 1.41440485357e-20, 2.3841351813e-20, 4.28668290191e-20, 5.85974616686e-20, 3.9797321386e-19, 3.77534330556e-19, 1.07669778317e-18, 1.82622722931e-18, 1.84831894873e-18, 8.1102148419e-19, 2.79566595002e-18, 2.35278807339e-18, 3.33783548546e-18, 3.07649624953e-18, 5.91925855491e-18, 2.00314792745e-18, 1.39942548381e-17, 2.05266192494e-17, 1.12787821873e-17, 1.14628563433e-17, 1.05652537093e-17, 8.46028088246e-18, 1.48067199075e-17, 2.26343532052e-17, 1.50601399231e-17, 1.01687992766e-17, 1.36883394593e-17, 1.76561635575e-17, 1.77029455842e-17, 2.0143805025e-17, 1.20991873634e-17, 1.23894235337e-17, 9.77764459011e-18, 4.57472734081e-18, 3.06741608115e-18, 1.35914015429e-18, 3.7447076376e-19, 3.69529496973e-20], "var": [1.5100696146e-05, 0.0468180440366, 2.04340291023, 20.693397522, 104.406745911, 173.712677002, 288.788269043, 6853.31103516, 3892.88549805, 6270.20166016, 35999.859375, 7550.78662109, 13676.9287109, 43687.984375, 7412.8046875, 42975.2265625, 9800.90527344, 16709.9492188, 2483.95263672, 242.26763916, 253.578491211, 614.855895996, 2902.40722656, 35.1576728821, 6.03667211533, 3.84424877167, 0.0679652392864, 0.0631262138486, 0.307283729315, 0.00311180599965, 4.54536129837e-05, 0.00120961735956, 1.77221318154e-05, 4.9759154308e-07, 7.83754838807e-09, 1.63228164318e-09, 6.91046456169e-11, 6.0023717767e-12, 1.00122521385e-10, 5.20208709442e-10]}, "gfcc": {"mean": [-206.868835449, 236.431030273, -137.548171997, -56.9884872437, -19.6595573425, -37.8256492615, -24.3251247406, -11.4520673752, -12.3198385239, -14.6089782715, -7.21484565735, -12.357872963, -2.58252620697], "cov": [[15668.6484375, 2912.97436523, -5027.99804688, -165.294799805, 220.525344849, -1134.17565918, -604.752868652, -1163.34094238, -534.587402344, -25.4720802307, 291.725067139, -127.567581177, -28.2742271423], [2912.97436523, 1702.68994141, -405.001861572, -627.213439941, 335.792572021, -275.913513184, -362.289916992, -158.52142334, -169.910598755, -7.03666067123, 98.6803207397, -89.5456314087, 2.87073326111], [-5027.99804688, -405.001861572, 2401.50488281, 21.0796909332, 52.7026824951, 469.088104248, 109.639175415, 395.188415527, 138.809524536, -56.2728919983, -120.786277771, -48.5741729736, -78.0741577148], [-165.294799805, -627.213439941, 21.0796909332, 806.519165039, -89.5059967041, 103.587188721, 237.806930542, -55.1493759155, 27.4173316956, -51.5367889404, -116.474052429, -23.9807472229, -70.7899703979], [220.525344849, 335.792572021, 52.7026824951, -89.5059967041, 278.942260742, 0.063691586256, -78.0444641113, -7.50319576263, -62.9013977051, 8.70068264008, 9.03274059296, -53.5290184021, -7.57382726669], [-1134.17565918, -275.913513184, 469.088104248, 103.587188721, 0.063691586256, 337.947845459, 139.799346924, 32.0238723755, 43.6706390381, -33.8539123535, -94.8473358154, -18.9936161041, -26.9172210693], [-604.752868652, -362.289916992, 109.639175415, 237.806930542, -78.0444641113, 139.799346924, 305.852630615, 92.1988754272, -4.57913446426, -27.6538581848, -88.025642395, -14.6462516785, -21.0100746155], [-1163.34094238, -158.52142334, 395.188415527, -55.1493759155, -7.50319576263, 32.0238723755, 92.1988754272, 282.030059814, 91.2484893799, -9.16271018982, 6.00857877731, 22.6774482727, -5.69487571716], [-534.587402344, -169.910598755, 138.809524536, 27.4173316956, -62.9013977051, 43.6706390381, -4.57913446426, 91.2484893799, 179.036483765, 54.6074409485, -11.7339801788, 39.9141426086, 8.96448612213], [-25.4720802307, -7.03666067123, -56.2728919983, -51.5367889404, 8.70068264008, -33.8539123535, -27.6538581848, -9.16271018982, 54.6074409485, 139.818008423, 76.7146606445, -1.68545162678, 16.9347991943], [291.725067139, 98.6803207397, -120.786277771, -116.474052429, 9.03274059296, -94.8473358154, -88.025642395, 6.00857877731, -11.7339801788, 76.7146606445, 179.338821411, 57.6318588257, -3.99194812775], [-127.567581177, -89.5456314087, -48.5741729736, -23.9807472229, -53.5290184021, -18.9936161041, -14.6462516785, 22.6774482727, 39.9141426086, -1.68545162678, 57.6318588257, 135.212615967, 45.6209030151], [-28.2742271423, 2.87073326111, -78.0741577148, -70.7899703979, -7.57382726669, -26.9172210693, -21.0100746155, -5.69487571716, 8.96448612213, 16.9347991943, -3.99194812775, 45.6209030151, 110.773979187]], "icov": [[0.000730642990675, -0.00127158081159, 0.00131272955332, -0.000796459557023, 0.00055747787701, -0.000310649629682, 0.000108180109237, 0.000425522302976, -0.000351126334863, 0.000850238895509, -0.000887489237357, 0.000715837639291, 0.000212354003452], [-0.00127158081159, 0.0038752220571, -0.00249237334356, 0.00281771365553, -0.00294602103531, 0.00219435221516, -0.00139292213134, 0.00157539208885, -0.00143485167064, 0.00117988348939, -4.32941706094e-05, 0.000296465936117, -0.000420302181737], [0.00131272955332, -0.00249237334356, 0.00351546588354, -0.00213732291013, 0.001936555258, -0.00289298407733, 0.00288141448982, -0.0026497754734, 0.00221883668564, -0.00105599104427, 0.000646343105473, 0.000217475448153, 0.00126684096176], [-0.000796459557023, 0.00281771365553, -0.00213732291013, 0.00468222843483, -0.00325056631118, 0.00352189131081, -0.00541213154793, 0.00536554399878, -0.00554876076058, 0.00463010929525, -0.00229709874839, 0.00153351912741, 0.000119210664707], [0.00055747787701, -0.00294602103531, 0.001936555258, -0.00325056631118, 0.00900161918253, -0.00506657967344, 0.0073385220021, -0.00759137002751, 0.00964576937258, -0.00833103619516, 0.0055716545321, -0.00221778987907, 0.00149936624803], [-0.000310649629682, 0.00219435221516, -0.00289298407733, 0.00352189131081, -0.00506657967344, 0.0106030479074, -0.00968017522246, 0.0101035758853, -0.0107301399112, 0.00909624155611, -0.00530366646126, 0.00340806925669, -0.00112798053306], [0.000108180109237, -0.00139292213134, 0.00288141448982, -0.00541213154793, 0.0073385220021, -0.00968017522246, 0.0194989647716, -0.0170617252588, 0.0198450945318, -0.0178561992943, 0.0154464254156, -0.00850689876825, 0.0047905491665], [0.000425522302976, 0.00157539208885, -0.0026497754734, 0.00536554399878, -0.00759137002751, 0.0101035758853, -0.0170617252588, 0.0226291716099, -0.022565709427, 0.0208881385624, -0.0169628635049, 0.0099074319005, -0.00456627225503], [-0.000351126334863, -0.00143485167064, 0.00221883668564, -0.00554876076058, 0.00964576937258, -0.0107301399112, 0.0198450945318, -0.022565709427, 0.0344223938882, -0.0300196819007, 0.024296309799, -0.0169016979635, 0.00826145987958], [0.000850238895509, 0.00117988348939, -0.00105599104427, 0.00463010929525, -0.00833103619516, 0.00909624155611, -0.0178561992943, 0.0208881385624, -0.0300196819007, 0.0384460985661, -0.0290542002767, 0.0200054235756, -0.0110052814707], [-0.000887489237357, -4.32941706094e-05, 0.000646343105473, -0.00229709874839, 0.0055716545321, -0.00530366646126, 0.0154464254156, -0.0169628635049, 0.024296309799, -0.0290542002767, 0.0318064503372, -0.020145105198, 0.0118302237242], [0.000715837639291, 0.000296465936117, 0.000217475448153, 0.00153351912741, -0.00221778987907, 0.00340806925669, -0.00850689876825, 0.0099074319005, -0.0169016979635, 0.0200054235756, -0.020145105198, 0.0232026707381, -0.011091616936], [0.000212354003452, -0.000420302181737, 0.00126684096176, 0.000119210664707, 0.00149936624803, -0.00112798053306, 0.0047905491665, -0.00456627225503, 0.00826145987958, -0.0110052814707, 0.0118302237242, -0.011091616936, 0.0165719799697]]}, "melbands": {"dmean": [1.73323333001e-05, 0.000116349845484, 0.000194625928998, 0.000203170842724, 0.000183973068488, 0.000283294619294, 0.000208928235224, 0.000161318574101, 0.000210995523958, 7.00018499629e-05, 9.98863397399e-05, 0.000100258919701, 6.24256717856e-05, 6.97305513313e-05, 4.1610768676e-05, 3.69659173884e-05, 3.49921538145e-05, 1.30563857965e-05, 7.14459702067e-06, 4.778933544e-06, 2.58144746113e-06, 2.83334679807e-06, 8.06253319752e-06, 2.49522804552e-06, 5.91127275129e-07, 1.08967675772e-07, 4.27052185614e-07, 7.75784130269e-08, 3.42258417163e-08, 2.17163247385e-08, 2.33474040101e-08, 4.76056492005e-08, 1.30539525856e-08, 2.54627496865e-09, 3.75463937718e-10, 1.14187903577e-09, 1.55443369287e-09, 4.59440985257e-10, 7.20375981089e-11, 5.16185358346e-11], "dmean2": [2.7158874218e-05, 0.000172996878973, 0.000313430762617, 0.000346983928466, 0.000301452877466, 0.000372765760403, 0.000316518795444, 0.000217754248297, 0.000281415937934, 9.61952682701e-05, 0.00012670175056, 0.00013498638873, 8.47489936859e-05, 9.02595202206e-05, 5.25139221281e-05, 4.98169320053e-05, 4.48669234174e-05, 1.83262091014e-05, 1.07418709376e-05, 6.96696451996e-06, 3.8454713831e-06, 4.29727288065e-06, 1.28900037453e-05, 4.0093723328e-06, 8.70372730333e-07, 1.74449240831e-07, 6.80201424075e-07, 1.22720379636e-07, 5.60906912028e-08, 3.16874846362e-08, 3.52933327008e-08, 7.4149049567e-08, 2.14010906774e-08, 4.18746992636e-09, 6.57695065076e-10, 2.02375427527e-09, 2.72119016209e-09, 7.8105233392e-10, 1.23857660239e-10, 8.5671678085e-11], "dvar": [2.83282153291e-09, 8.22857444405e-08, 2.31457335076e-07, 2.65190635673e-07, 1.14611694357e-07, 5.97194230068e-07, 2.23432081725e-07, 1.00858052576e-07, 6.54972154734e-07, 6.32314609561e-08, 9.27256564864e-08, 1.73867505282e-07, 5.11813773585e-08, 8.1461614343e-08, 2.59781494094e-08, 5.14021074594e-08, 2.30947403423e-08, 2.31960717301e-09, 5.7070731474e-10, 1.02580510752e-09, 1.16607848377e-10, 1.72020189759e-10, 5.91434323738e-09, 1.12597475788e-09, 1.88018264152e-11, 2.8113107545e-13, 1.76241868322e-11, 2.75893674226e-13, 5.12983515529e-14, 2.33326609444e-14, 4.22744318392e-14, 1.29696790417e-13, 1.67029357603e-14, 6.20688908968e-16, 4.32165391394e-18, 3.11708283408e-16, 5.89951036224e-16, 1.79946326293e-17, 5.66474738473e-19, 8.5651900282e-19], "dvar2": [8.11277445223e-09, 1.98763316916e-07, 6.20995365352e-07, 8.5531081595e-07, 3.1920151855e-07, 8.01595490429e-07, 4.17910626993e-07, 1.60680599492e-07, 1.26995394112e-06, 1.26506208176e-07, 1.3330365789e-07, 2.82438179511e-07, 8.81646329276e-08, 1.35048253469e-07, 3.66154502274e-08, 9.24608443142e-08, 3.78109348276e-08, 4.21870316458e-09, 1.10761699812e-09, 2.19958806724e-09, 2.85103524122e-10, 4.14765999324e-10, 1.45736782642e-08, 2.75622125123e-09, 3.86212589687e-11, 6.55666764372e-13, 4.17138094899e-11, 6.96357468216e-13, 1.48680885854e-13, 3.63787064437e-14, 8.47657922044e-14, 2.68228391971e-13, 3.61062566022e-14, 1.569934169e-15, 1.20853759287e-17, 8.62981889437e-16, 1.62761573628e-15, 4.75121327281e-17, 1.51167205245e-18, 2.18086975001e-18], "max": [0.00139162701089, 0.00625442806631, 0.00962391775101, 0.00974690634757, 0.0065421750769, 0.0322274118662, 0.0112611399963, 0.00941764283925, 0.0190953463316, 0.00604167021811, 0.00937826186419, 0.013048985973, 0.00623693317175, 0.00646142568439, 0.00350912869908, 0.00645939726382, 0.00384872849099, 0.000980789889582, 0.0005820406368, 0.00108638138045, 0.000275673373835, 0.000243141417741, 0.0018723331159, 0.0010251714848, 0.00020778606995, 1.55158322741e-05, 0.0001516706252, 1.42222943396e-05, 7.11089660399e-06, 6.33223908153e-06, 5.19326977155e-06, 6.86113162374e-06, 3.16273781209e-06, 7.46342436742e-07, 4.004265719e-08, 5.69926953631e-07, 7.81441485742e-07, 9.88266677382e-08, 1.97405789493e-08, 3.87323169093e-08], "mean": [3.83718142984e-05, 0.000290667667286, 0.000517712032888, 0.000510063720867, 0.000462920463178, 0.000871219439432, 0.000648050627206, 0.000450886698673, 0.000553966558073, 0.000183611540706, 0.000251480232691, 0.000234839491895, 0.000121818098705, 0.000124791476992, 8.17859763629e-05, 6.24195017735e-05, 7.50506660552e-05, 2.73394307442e-05, 1.45397170854e-05, 8.79754225025e-06, 4.867338248e-06, 4.04500678997e-06, 7.99577628641e-06, 2.33559785556e-06, 8.39526194341e-07, 1.25776281834e-07, 5.08319146775e-07, 9.2126882123e-08, 4.09245686228e-08, 2.54180090309e-08, 2.26827996386e-08, 4.61888483017e-08, 1.24590311401e-08, 2.19075757535e-09, 3.1476216078e-10, 7.89747212071e-10, 1.05163611153e-09, 3.45134198998e-10, 5.69065454481e-11, 4.38993355556e-11], "median": [8.11747304397e-06, 6.61352241877e-05, 0.000206601165701, 0.000243556787609, 0.0002584104368, 0.000400730205001, 0.000290236494038, 0.000134565329063, 0.000150556748849, 5.15924621141e-05, 8.5111350927e-05, 4.59741204395e-05, 2.24298692046e-05, 2.06959703064e-05, 1.11090303108e-05, 7.83798532211e-06, 5.66902417631e-06, 2.85177975456e-06, 3.07331447402e-06, 2.36282767219e-06, 1.3133704897e-06, 5.84309930218e-07, 2.10555157309e-07, 8.57502939766e-08, 6.94140354085e-08, 9.91869342215e-09, 1.23660299778e-08, 3.39312289377e-09, 1.6274316339e-09, 3.47356282626e-10, 1.54049092926e-10, 5.99274657676e-11, 3.72430350448e-11, 2.77077458199e-11, 1.84464266778e-11, 1.22385070828e-11, 1.00698798258e-11, 8.31091445663e-12, 7.46407363e-12, 6.45161484999e-12], "min": [6.99146042167e-24, 8.01817787817e-24, 3.90683954956e-24, 4.27004452096e-24, 1.03449901713e-23, 1.02780474349e-23, 1.61521558041e-23, 2.23229523931e-23, 1.29677838649e-23, 4.03513515402e-24, 1.50927866058e-23, 1.07557886988e-23, 1.22666924129e-23, 6.02074893399e-24, 1.28498373267e-23, 9.6599394169e-24, 2.07346113316e-24, 1.76421578596e-23, 3.42577173806e-23, 1.93411133916e-23, 1.17503884724e-23, 1.10267127215e-23, 1.28899138272e-23, 7.66726572626e-24, 6.42232528311e-24, 8.05944240326e-24, 1.70292523793e-23, 1.36990886896e-23, 8.88039338125e-24, 6.44922110125e-24, 6.10778632425e-24, 7.44832763721e-24, 8.0986882333e-24, 1.1289250364e-23, 9.09593305752e-24, 1.38403295016e-23, 1.1393115735e-23, 7.13216480817e-24, 1.10283188423e-23, 1.00925799252e-23], "var": [1.04236868026e-08, 3.39747344924e-07, 7.33137994757e-07, 6.22522065896e-07, 4.16203675968e-07, 2.74402032119e-06, 1.17231650165e-06, 6.77866523802e-07, 2.7431901799e-06, 2.35232903378e-07, 3.46573557408e-07, 6.29251871942e-07, 1.52375406515e-07, 2.17014445525e-07, 8.3068442791e-08, 1.01691362886e-07, 8.27216339871e-08, 6.76559386292e-09, 1.40119804648e-09, 1.60241808711e-09, 1.82293138917e-10, 2.0554781488e-10, 5.41665023945e-09, 9.69636371195e-10, 2.57332228443e-11, 3.27188037948e-13, 1.80865929872e-11, 2.7802695042e-13, 5.85006151052e-14, 4.70200457346e-14, 4.93408075898e-14, 1.45213837699e-13, 1.73422186307e-14, 5.1137268968e-16, 2.87903190049e-18, 1.97488577154e-16, 3.74211982787e-16, 1.29264267058e-17, 3.95843559824e-19, 6.5805743586e-19]}, "mfcc": {"mean": [-814.505065918, 241.366638184, -17.6385612488, -23.0411739349, 2.93360447884, -15.3822450638, -15.1320228577, -6.33216762543, -4.94827604294, -5.62733840942, -6.37693834305, -5.53508377075, -2.64003372192], "cov": [[7730.14208984, 3676.0925293, -2419.54931641, -292.457183838, 104.775993347, -382.985961914, -191.337188721, -438.5519104, -640.545471191, -429.008422852, -259.598693848, -221.037124634, 45.9764900208], [3676.0925293, 2758.79882812, -634.744567871, -577.918579102, 180.534133911, -198.472091675, -265.001678467, -279.214141846, -363.582580566, -236.140518188, -166.363708496, -88.5670852661, 40.1521186829], [-2419.54931641, -634.744567871, 1261.04846191, 10.9313106537, 7.49731588364, 174.736541748, -29.5100078583, 130.17578125, 214.544250488, 107.249786377, 76.6936264038, 83.6586151123, -19.1798591614], [-292.457183838, -577.918579102, 10.9313106537, 485.044769287, 66.6915969849, 40.1667518616, 144.233001709, 90.025138855, 71.9719543457, 57.0030059814, 35.1417427063, 3.36447668076, 2.15506196022], [104.775993347, 180.534133911, 7.49731588364, 66.6915969849, 257.799316406, 87.1919250488, -0.175781086087, -14.5851278305, -38.748085022, 5.29520511627, 8.02351093292, -25.1853294373, -22.0733909607], [-382.985961914, -198.472091675, 174.736541748, 40.1667518616, 87.1919250488, 263.841125488, 94.5469665527, 3.00984406471, 39.9879264832, 27.2305316925, 22.6925487518, -49.2817001343, -67.4454803467], [-191.337188721, -265.001678467, -29.5100078583, 144.233001709, -0.175781086087, 94.5469665527, 258.031921387, 98.5044631958, 14.9993085861, 66.8581390381, -15.1465187073, -35.3476524353, 5.96531820297], [-438.5519104, -279.214141846, 130.17578125, 90.025138855, -14.5851278305, 3.00984406471, 98.5044631958, 187.195739746, 104.635322571, 5.49070739746, 45.7635192871, 43.8527183533, -30.6886978149], [-640.545471191, -363.582580566, 214.544250488, 71.9719543457, -38.748085022, 39.9879264832, 14.9993085861, 104.635322571, 195.429763794, 73.4462661743, 32.2286262512, 36.1702919006, -53.9210319519], [-429.008422852, -236.140518188, 107.249786377, 57.0030059814, 5.29520511627, 27.2305316925, 66.8581390381, 5.49070739746, 73.4462661743, 191.913803101, 42.0290985107, -40.9086952209, 9.04796504974], [-259.598693848, -166.363708496, 76.6936264038, 35.1417427063, 8.02351093292, 22.6925487518, -15.1465187073, 45.7635192871, 32.2286262512, 42.0290985107, 183.824264526, 64.7203826904, -62.9720153809], [-221.037124634, -88.5670852661, 83.6586151123, 3.36447668076, -25.1853294373, -49.2817001343, -35.3476524353, 43.8527183533, 36.1702919006, -40.9086952209, 64.7203826904, 187.437088013, 42.0001564026], [45.9764900208, 40.1521186829, -19.1798591614, 2.15506196022, -22.0733909607, -67.4454803467, 5.96531820297, -30.6886978149, -53.9210319519, 9.04796504974, -62.9720153809, 42.0001564026, 207.357879639]], "icov": [[0.0264778211713, -0.0374702140689, 0.0390832908452, -0.0405462048948, 0.0416257046163, -0.0425813831389, 0.0426989272237, -0.0390181206167, 0.0341768786311, -0.0252383686602, 0.0176221635193, -0.011292017065, 0.00662666559219], [-0.0374702140689, 0.0538691729307, -0.0552135668695, 0.0584201700985, -0.0601160191, 0.0613678619266, -0.0611666366458, 0.0563166514039, -0.0487753860652, 0.0368281528354, -0.0252289250493, 0.0164927821606, -0.0094743007794], [0.0390832908452, -0.0552135668695, 0.0592491552234, -0.0600875988603, 0.0623361878097, -0.0656593218446, 0.0664183273911, -0.0612922795117, 0.0526442378759, -0.0402497462928, 0.0279447715729, -0.0182334464043, 0.0100532863289], [-0.0405462048948, 0.0584201700985, -0.0600875988603, 0.0670278295875, -0.0678384229541, 0.0698537528515, -0.0719532072544, 0.065672069788, -0.0589072220027, 0.0443078354001, -0.0311377253383, 0.0202216245234, -0.0120915723965], [0.0416257046163, -0.0601160191, 0.0623361878097, -0.0678384229541, 0.0752826556563, -0.0762378051877, 0.0777563080192, -0.072915352881, 0.065767608583, -0.0500678494573, 0.0345307514071, -0.0226825922728, 0.0134382145479], [-0.0425813831389, 0.0613678619266, -0.0656593218446, 0.0698537528515, -0.0762378051877, 0.0872501432896, -0.0883397683501, 0.084122762084, -0.0743415132165, 0.0582963638008, -0.0409503988922, 0.0275068599731, -0.0138689931482], [0.0426989272237, -0.0611666366458, 0.0664183273911, -0.0719532072544, 0.0777563080192, -0.0883397683501, 0.0995184257627, -0.0940215066075, 0.0831133276224, -0.0661904290318, 0.0466569960117, -0.0292363893241, 0.0166254341602], [-0.0390181206167, 0.0563166514039, -0.0612922795117, 0.065672069788, -0.072915352881, 0.084122762084, -0.0940215066075, 0.0986121147871, -0.0844643712044, 0.066409856081, -0.0469366461039, 0.0290371514857, -0.0167035125196], [0.0341768786311, -0.0487753860652, 0.0526442378759, -0.0589072220027, 0.065767608583, -0.0743415132165, 0.0831133276224, -0.0844643712044, 0.0847804024816, -0.0629715248942, 0.0446132421494, -0.0303971711546, 0.0197767205536], [-0.0252383686602, 0.0368281528354, -0.0402497462928, 0.0443078354001, -0.0500678494573, 0.0582963638008, -0.0661904290318, 0.066409856081, -0.0629715248942, 0.0564357824624, -0.037627030164, 0.0264292377979, -0.0159718543291], [0.0176221635193, -0.0252289250493, 0.0279447715729, -0.0311377253383, 0.0345307514071, -0.0409503988922, 0.0466569960117, -0.0469366461039, 0.0446132421494, -0.037627030164, 0.0336919277906, -0.0209176000208, 0.0136654768139], [-0.011292017065, 0.0164927821606, -0.0182334464043, 0.0202216245234, -0.0226825922728, 0.0275068599731, -0.0292363893241, 0.0290371514857, -0.0303971711546, 0.0264292377979, -0.0209176000208, 0.0206772014499, -0.0105139240623], [0.00662666559219, -0.0094743007794, 0.0100532863289, -0.0120915723965, 0.0134382145479, -0.0138689931482, 0.0166254341602, -0.0167035125196, 0.0197767205536, -0.0159718543291, 0.0136654768139, -0.0105139240623, 0.0123317483813]]}, "spectral_contrast_coeffs": {"dmean": [0.0399828180671, 0.0371445454657, 0.0321193560958, 0.0264439992607, 0.020862756297, 0.0394327566028], "dmean2": [0.0673727616668, 0.0598137788475, 0.0500897169113, 0.0409341789782, 0.0327115729451, 0.0683132335544], "dvar": [0.00111537240446, 0.00105054862797, 0.000938874203712, 0.000645837921184, 0.000478497880977, 0.00134361069649], "dvar2": [0.00309064309113, 0.00255552912131, 0.00221687695011, 0.0014584477758, 0.00111098738853, 0.00349942105822], "max": [-0.289221942425, -0.368827819824, -0.421212852001, -0.521239280701, -0.533861100674, -0.508449494839], "mean": [-0.560662150383, -0.670978367329, -0.700774848461, -0.713513791561, -0.694728434086, -0.851243674755], "median": [-0.544841051102, -0.674479603767, -0.710432767868, -0.709172129631, -0.683479309082, -0.875877022743], "min": [-0.943278133869, -0.957383036613, -0.978448867798, -0.958395063877, -0.960473656654, -0.96260291338], "var": [0.0127405123785, 0.00670804549009, 0.00535637838766, 0.00499272625893, 0.00554590625688, 0.00674211187288]}, "spectral_contrast_valleys": {"dmean": [0.382951229811, 0.29356110096, 0.293495357037, 0.315338432789, 0.30803501606, 0.726963937283], "dmean2": [0.65078920126, 0.486293822527, 0.460544973612, 0.487094700336, 0.472681224346, 1.28290140629], "dvar": [0.109363511205, 0.0919666141272, 0.114391103387, 0.150957658887, 0.203464090824, 0.358183503151], "dvar2": [0.27592843771, 0.198733448982, 0.226389139891, 0.292773336172, 0.409884780645, 1.02746331692], "max": [