{"lowlevel": {"average_loudness": 0.945876300335, "barkbands_crest": {"dmean": 3.28798151016, "dmean2": 5.50667762756, "dvar": 8.40942573547, "dvar2": 22.7070560455, "max": 25.9599666595, "mean": 12.5335245132, "median": 11.8541250229, "min": 3.09822702408, "var": 18.9616203308}, "barkbands_flatness_db": {"dmean": 0.0311294235289, "dmean2": 0.0485149510205, "dvar": 0.00087080168305, "dvar2": 0.00198415759951, "max": 0.400031030178, "mean": 0.157138302922, "median": 0.152050733566, "min": 0.0322145521641, "var": 0.00256426725537}, "barkbands_kurtosis": {"dmean": 5.04578256607, "dmean2": 8.24171161652, "dvar": 121.897270203, "dvar2": 307.528411865, "max": 447.021575928, "mean": 6.87044858932, "median": 3.59300708771, "min": -1.90154981613, "var": 178.917678833}, "barkbands_skewness": {"dmean": 0.791111767292, "dmean2": 1.19655632973, "dvar": 0.677072107792, "dvar2": 1.6007784605, "max": 19.0075950623, "mean": 1.8882856369, "median": 1.86034214497, "min": -2.86121845245, "var": 2.37534451485}, "barkbands_spread": {"dmean": 6.38507223129, "dmean2": 10.2108469009, "dvar": 60.8628158569, "dvar2": 146.157226562, "max": 103.544975281, "mean": 19.5762996674, "median": 17.1174488068, "min": 0.378416985273, "var": 157.082275391}, "dissonance": {"dmean": 0.0258026290685, "dmean2": 0.0439898371696, "dvar": 0.000751287385356, "dvar2": 0.00205800868571, "max": 0.499999821186, "mean": 0.455372989178, "median": 0.463996171951, "min": 0.223061218858, "var": 0.0011561033316}, "dynamic_complexity": 3.25451374054, "erbbands_crest": {"dmean": 3.42451524734, "dmean2": 5.26713371277, "dvar": 12.3984155655, "dvar2": 25.1747169495, "max": 32.5654144287, "mean": 12.8654632568, "median": 11.0049581528, "min": 2.43980264664, "var": 46.2068939209}, "erbbands_flatness_db": {"dmean": 0.0283810179681, "dmean2": 0.0367133840919, "dvar": 0.000758472189773, "dvar2": 0.00130406289827, "max": 0.376329630613, "mean": 0.153772100806, "median": 0.145536676049, "min": 0.0382641591132, "var": 0.00352852325886}, "erbbands_kurtosis": {"dmean": 1.49083662033, "dmean2": 2.29276823997, "dvar": 5.20387220383, "dvar2": 11.0956907272, "max": 35.9353866577, "mean": 1.35025846958, "median": 0.259744405746, "min": -1.80737245083, "var": 12.080201149}, "erbbands_skewness": {"dmean": 0.465076327324, "dmean2": 0.686492264271, "dvar": 0.198117285967, "dvar2": 0.436242312193, "max": 5.21585702896, "mean": 0.199588656425, "median": 0.293626517057, "min": -3.63823795319, "var": 0.91038531065}, "erbbands_spread": {"dmean": 11.1137723923, "dmean2": 15.9672365189, "dvar": 146.711700439, "dvar2": 295.977905273, "max": 167.262649536, "mean": 39.7791900635, "median": 34.8185882568, "min": 2.28279447556, "var": 583.12512207}, "hfc": {"dmean": 8.18865776062, "dmean2": 11.7937450409, "dvar": 102.909599304, "dvar2": 234.152587891, "max": 108.17741394, "mean": 21.480670929, "median": 18.2227230072, "min": 1.04735762894e-16, "var": 279.275787354}, "melbands_crest": {"dmean": 3.88512229919, "dmean2": 6.42991256714, "dvar": 10.9518032074, "dvar2": 29.3496246338, "max": 36.1401786804, "mean": 15.8848390579, "median": 15.2267637253, "min": 1.55510985851, "var": 26.5467586517}, "melbands_flatness_db": {"dmean": 0.0365578755736, "dmean2": 0.0580054856837, "dvar": 0.00127079640515, "dvar2": 0.00301411817782, "max": 0.522381186485, "mean": 0.243710577488, "median": 0.242469266057, "min": 0.00137199938763, "var": 0.00402653217316}, "melbands_kurtosis": {"dmean": 12.3556394577, "dmean2": 19.9186763763, "dvar": 479.679290771, "dvar2": 1212.52099609, "max": 496.402557373, "mean": 19.8588943481, "median": 11.2083110809, "min": -1.77109956741, "var": 886.794555664}, "melbands_skewness": {"dmean": 1.05762195587, "dmean2": 1.60719895363, "dvar": 1.30724048615, "dvar2": 3.06775546074, "max": 17.2935466766, "mean": 3.07650065422, "median": 2.85109519958, "min": -1.64787876606, "var": 4.38680124283}, "melbands_spread": {"dmean": 6.89313793182, "dmean2": 10.9256429672, "dvar": 86.6481704712, "dvar2": 193.208129883, "max": 156.950897217, "mean": 19.332567215, "median": 14.4902114868, "min": 0.37794148922, "var": 328.616882324}, "pitch_salience": {"dmean": 0.0852420926094, "dmean2": 0.141252592206, "dvar": 0.0071618957445, "dvar2": 0.0188268348575, "max": 0.976442396641, "mean": 0.458157390356, "median": 0.446651905775, "min": 0.103556282818, "var": 0.0138637339696}, "silence_rate_20dB": {"dmean": 0, "dmean2": 0, "dvar": 0, "dvar2": 0, "max": 1, "mean": 1, "median": 1, "min": 1, "var": 0}, "silence_rate_30dB": {"dmean": 0.0360419414937, "dmean2": 0.0720917508006, "dvar": 0.034742988646, "dvar2": 0.0946346074343, "max": 1, "mean": 0.977831184864, "median": 1, "min": 0, "var": 0.021675715223}, "silence_rate_60dB": {"dmean": 0.0268676280975, "dmean2": 0.0537411235273, "dvar": 0.026142237708, "dvar2": 0.0591511875391, "max": 1, "mean": 0.0773179009557, "median": 0, "min": 0, "var": 0.0713428929448}, "spectral_centroid": {"dmean": 244.968566895, "dmean2": 391.36907959, "dvar": 99131.4609375, "dvar2": 228396.171875, "max": 11666.5712891, "mean": 1071.13439941, "median": 892.099853516, "min": 174.817214966, "var": 802326.125}, "spectral_complexity": {"dmean": 3.77391862869, "dmean2": 5.92200994492, "dvar": 24.4049911499, "dvar2": 54.7853012085, "max": 54, "mean": 13.712023735, "median": 13, "min": 0, "var": 55.9183158875}, "spectral_decrease": {"dmean": 4.83171858079e-09, "dmean2": 7.7072197513e-09, "dvar": 4.47269593574e-17, "dvar2": 1.10790930119e-16, "max": 1.5567490352e-28, "mean": -9.45758316107e-09, "median": -7.60859553139e-09, "min": -5.07501347613e-08, "var": 6.54214830362e-17}, "spectral_energy": {"dmean": 0.0187920909375, "dmean2": 0.029821401462, "dvar": 0.000665185099933, "dvar2": 0.00164137594402, "max": 0.193143174052, "mean": 0.0376435443759, "median": 0.0305643342435, "min": 9.93793205615e-21, "var": 0.000995150068775}, "spectral_energyband_high": {"dmean": 0.000509326113388, "dmean2": 0.000725095625967, "dvar": 6.48940670089e-07, "dvar2": 1.52202630943e-06, "max": 0.0122554861009, "mean": 0.000805812538601, "median": 0.000311826210236, "min": 7.18600959473e-21, "var": 1.41509713103e-06}, "spectral_energyband_low": {"dmean": 0.0121675068513, "dmean2": 0.020669432357, "dvar": 0.000448796374258, "dvar2": 0.00118702661712, "max": 0.187424018979, "mean": 0.0155068943277, "median": 0.00625274190679, "min": 2.23403751751e-23, "var": 0.000468178332085}, "spectral_energyband_middle_high": {"dmean": 0.00225040339865, "dmean2": 0.00323657528497, "dvar": 1.09508901005e-05, "dvar2": 1.92069692275e-05, "max": 0.0567464642227, "mean": 0.00636582588777, "median": 0.00373005843721, "min": 1.21491213409e-21, "var": 5.46428127564e-05}, "spectral_energyband_middle_low": {"dmean": 0.00904017314315, "dmean2": 0.0143486522138, "dvar": 0.000208560057217, "dvar2": 0.000488672114443, "max": 0.160892531276, "mean": 0.0155361685902, "median": 0.010666962713, "min": 1.51178957329e-22, "var": 0.000297252670862}, "spectral_entropy": {"dmean": 0.283488124609, "dmean2": 0.401697903872, "dvar": 0.0842650085688, "dvar2": 0.164805188775, "max": 9.83010005951, "mean": 7.31559371948, "median": 7.36037111282, "min": 5.45144557953, "var": 0.319800257683}, "spectral_flux": {"dmean": 0.0440385602415, "dmean2": 0.0652308538556, "dvar": 0.00265481229872, "dvar2": 0.00519787846133, "max": 0.398450225592, "mean": 0.100235000253, "median": 0.0786919519305, "min": 6.21760351538e-11, "var": 0.00505861546844}, "spectral_kurtosis": {"dmean": 2.3138217926, "dmean2": 3.44560718536, "dvar": 10.2457036972, "dvar2": 22.8262290955, "max": 45.4803237915, "mean": 5.93605279922, "median": 4.35047721863, "min": -1.27155792713, "var": 24.9454421997}, "spectral_rms": {"dmean": 0.00138042191975, "dmean2": 0.00209709908813, "dvar": 2.59161288341e-06, "dvar2": 5.92603828409e-06, "max": 0.0137270670384, "mean": 0.00547937257215, "median": 0.0054606650956, "min": 3.11376662301e-12, "var": 6.70200597597e-06}, "spectral_rolloff": {"dmean": 440.931671143, "dmean2": 776.070068359, "dvar": 965371.875, "dvar2": 2229194.25, "max": 19422.9492188, "mean": 1160.73522949, "median": 796.728515625, "min": 64.599609375, "var": 3047922.25}, "spectral_skewness": {"dmean": 0.307480573654, "dmean2": 0.455547630787, "dvar": 0.115175567567, "dvar2": 0.248267114162, "max": 4.91861772537, "mean": 1.86975443363, "median": 1.77058136463, "min": -0.0927502885461, "var": 0.404045671225}, "spectral_spread": {"dmean": 912265.0625, "dmean2": 1118810.125, "dvar": 1063311179780.0, "dvar2": 1685196898300.0, "max": 45919056, "mean": 5669767, "median": 5271594, "min": 1264340.375, "var": 10224046964700.0}, "spectral_strongpeak": {"dmean": 0.828324317932, "dmean2": 1.40218710899, "dvar": 2.38047575951, "dvar2": 5.19945716858, "max": 20.3184490204, "mean": 1.38632833958, "median": 0.527830123901, "min": 0, "var": 4.85951757431}, "zerocrossingrate": {"dmean": 0.0114401057363, "dmean2": 0.0137825980783, "dvar": 0.000204599738936, "dvar2": 0.000275687751127, "max": 0.52587890625, "mean": 0.0570055171847, "median": 0.04736328125, "min": 0.001953125, "var": 0.00211784476414}, "barkbands": {"dmean": [0.000207730350667, 0.00953130237758, 0.00319350766949, 0.00151334877592, 0.00645914720371, 0.00185159407556, 0.000337810139172, 0.00019810795493, 0.000464708078653, 0.000282659020741, 0.00040149668348, 0.000546148279682, 0.000766059150919, 0.000650550646242, 0.000187943282072, 0.000144166959217, 0.000108416024887, 6.23194355285e-05, 0.00010059872875, 9.28431763896e-05, 0.000119283475215, 0.000125804552226, 7.75745502324e-05, 4.74263761134e-05, 6.67002968839e-05, 5.69387557334e-05, 3.27322268276e-05], "dmean2": [0.000367827276932, 0.0163165237755, 0.00563866272569, 0.00249030138366, 0.0104901595041, 0.003067223588, 0.000593413307797, 0.00032699626172, 0.000763190095313, 0.000453171087429, 0.000601218664087, 0.000734386674594, 0.00114061869681, 0.00096466409741, 0.000297199876513, 0.000229791519814, 0.000171270381543, 0.000100697900052, 0.000165900026332, 0.00015269558935, 0.000177767331479, 0.000206894721487, 0.000111920591735, 6.89072112436e-05, 9.37070144573e-05, 7.94421648607e-05, 4.63739379484e-05], "dvar": [1.24985589878e-07, 0.000287459406536, 3.99344498874e-05, 1.27092162074e-05, 0.000109213084215, 1.14803005999e-05, 6.59213185372e-07, 1.2986166098e-07, 5.99434656579e-07, 2.33078935707e-07, 8.86627617547e-07, 2.58833006228e-06, 3.87978298022e-06, 5.83845621804e-06, 2.49505490046e-07, 8.83083970393e-08, 9.03999577417e-08, 1.94547737919e-08, 3.58978837767e-08, 3.04585690003e-08, 8.75475407724e-08, 9.08772435082e-08, 3.13694741294e-08, 5.24158538795e-09, 1.24486057018e-08, 1.0084874269e-08, 4.00927424593e-09], "dvar2": [3.66835450905e-07, 0.000766793382354, 0.00010800898599, 3.01996333292e-05, 0.000264744157903, 3.00505289488e-05, 1.81599887128e-06, 3.17695707963e-07, 1.42883209264e-06, 5.41434872048e-07, 1.6296423837e-06, 3.52749907506e-06, 7.22417235011e-06, 1.01325758806e-05, 5.73279407945e-07, 1.83229246886e-07, 1.83407962595e-07, 4.50788917306e-08, 8.82632988919e-08, 7.15565562359e-08, 1.42241290746e-07, 2.42510878934e-07, 5.46685328118e-08, 1.15940279599e-08, 2.88834556272e-08, 2.25349019445e-08, 9.21343534799e-09], "max": [0.00393692031503, 0.150841921568, 0.0636310577393, 0.040273308754, 0.119151487947, 0.0538591146469, 0.00947087258101, 0.00936527177691, 0.0144821424037, 0.0122589087114, 0.0330531857908, 0.0337160751224, 0.0332042425871, 0.0539867244661, 0.0117761604488, 0.00833484437317, 0.00898781511933, 0.00537771126255, 0.00341626396403, 0.00392325315624, 0.0117725254968, 0.00608727987856, 0.0075384886004, 0.001440425287, 0.00152079365216, 0.00144657026976, 0.000961636484135], "mean": [0.000234089471633, 0.0115871233866, 0.00327034294605, 0.0013147367863, 0.00944357924163, 0.00284640071914, 0.000323052576277, 0.000477419642266, 0.000817155290861, 0.000525409297552, 0.000722398632206, 0.00109250948299, 0.00152156222612, 0.00139648141339, 0.000388415646739, 0.000297430407954, 0.0002631310781, 0.000102246776805, 0.000158079492394, 0.00012960852473, 0.000199397545657, 0.000145768310176, 0.000110462751763, 7.56833323976e-05, 8.86543639353e-05, 7.26018843125e-05, 3.97810945287e-05], "median": [9.20839738683e-05, 0.00377464550547, 0.000589911476709, 0.000174676359165, 0.00568517483771, 0.00158914725762, 0.00010385200585, 0.00013369336375, 0.000259662338067, 0.000192018298549, 0.000186123797903, 0.000161454358022, 0.000125931474031, 0.000164265729836, 0.000145780606545, 8.85090921656e-05, 8.76426202012e-05, 3.42791972798e-05, 5.96721583861e-05, 3.59173754987e-05, 4.98886365676e-05, 4.47536440333e-05, 3.46550368704e-05, 2.68298917945e-05, 2.71742665063e-05, 2.08466608456e-05, 1.06005290945e-05], "min": [1.03955202622e-24, 3.44477374066e-24, 6.22416874853e-25, 2.55772469907e-24, 4.42814329042e-24, 6.30328775024e-24, 1.06147585128e-23, 4.61105686295e-24, 1.65753418144e-23, 1.77821712039e-23, 3.10504550646e-23, 2.72557753641e-23, 2.23324534339e-23, 3.02693912606e-23, 5.66261712708e-23, 3.48544685673e-23, 6.69209007472e-23, 1.18675136487e-22, 1.34624704922e-22, 1.60337039215e-22, 2.44733910073e-22, 3.334428461e-22, 4.0726601471e-22, 5.5001679475e-22, 1.00116995627e-21, 1.39000704428e-21, 2.0086366634e-21], "var": [1.16493062308e-07, 0.000295154342894, 3.81335994462e-05, 1.21777156892e-05, 0.000143628945807, 1.50823771037e-05, 4.85915165882e-07, 7.36234028409e-07, 1.97825875148e-06, 9.69230654846e-07, 2.90442312689e-06, 1.03858319562e-05, 1.46067295645e-05, 2.36515697907e-05, 8.91331012554e-07, 3.8783770151e-07, 4.52530485973e-07, 6.11026251818e-08, 6.41888959763e-08, 7.89626213304e-08, 4.57079181615e-07, 1.00425964433e-07, 5.60593171883e-08, 1.33486039999e-08, 1.88411330981e-08, 1.47302818831e-08, 5.35651523137e-09]}, "erbbands": {"dmean": [0.248332262039, 2.26385211945, 4.13170862198, 3.85158634186, 13.2508306503, 22.2815055847, 30.2309341431, 12.0544233322, 7.49173355103, 3.35376167297, 4.36615610123, 11.7276477814, 10.0076007843, 7.01035547256, 21.2567691803, 19.9848690033, 37.0031089783, 36.7914352417, 15.3676452637, 7.85981607437, 5.88616895676, 4.96466302872, 4.01112365723, 5.46573257446, 3.80328559875, 4.58106374741, 4.13913869858, 5.24800443649, 4.62139225006, 4.09678554535, 1.59506797791, 1.011526227, 0.821793913841, 0.595554471016, 0.557834208012, 0.283425360918, 0.106148205698, 0.029507977888, 0.00554921012372, 0.000335039454512], "dmean2": [0.430836319923, 3.87900257111, 7.19941949844, 6.54592132568, 21.6320343018, 37.1546096802, 50.2149734497, 20.1791706085, 13.2206115723, 5.51882314682, 7.21339941025, 19.1377067566, 16.3852348328, 11.2912464142, 30.4501667023, 26.605255127, 53.6446304321, 53.1883239746, 22.1897792816, 12.7708539963, 9.45870494843, 7.93556547165, 6.53646850586, 8.99247741699, 6.26037549973, 7.68786334991, 6.38100528717, 7.95073366165, 7.47439908981, 6.16949319839, 2.43235325813, 1.47444355488, 1.22839653492, 0.83485865593, 0.792524576187, 0.402087211609, 0.156465142965, 0.043170619756, 0.0079131713137, 0.00046525435755], "dvar": [0.189122408628, 16.8654079437, 61.4405593872, 73.3372268677, 1246.31433105, 1064.57617188, 3428.05175781, 536.233947754, 377.138946533, 35.8522720337, 65.6661148071, 392.041107178, 305.971282959, 195.523773193, 3534.92651367, 3747.70947266, 8776.89550781, 15618.5439453, 1525.51513672, 205.574081421, 146.172470093, 212.001327515, 85.2746734619, 110.097846985, 67.2798614502, 74.2112503052, 74.9115447998, 205.921401978, 137.580703735, 103.202125549, 7.08306646347, 2.46189403534, 1.71645021439, 0.961020052433, 0.981802105904, 0.239083632827, 0.0418100431561, 0.00314303301275, 0.000124500817037, 3.73806699372e-07], "dvar2": [0.516092061996, 45.1740074158, 166.466552734, 186.53263855, 3147.49975586, 2745.89453125, 8939.00195312, 1449.74743652, 1046.1862793, 89.0772323608, 158.79347229, 904.773803711, 740.880493164, 461.113067627, 5621.62353516, 4867.40136719, 16316.6425781, 26486.2890625, 2970.18237305, 473.954772949, 311.56350708, 430.986694336, 197.698883057, 274.517089844, 156.180923462, 189.043640137, 145.33732605, 331.650299072, 359.153411865, 197.772888184, 16.9666080475, 5.59812641144, 3.69888806343, 2.1450676918, 2.30254483223, 0.495998769999, 0.10416764766, 0.00740982871503, 0.000284839916276, 8.57023906065e-07], "max": [3.85149788857, 36.5461082458, 57.6699981689, 114.762130737, 412.459686279, 421.427459717, 931.234008789, 359.591888428, 229.10534668, 102.771751404, 251.774780273, 422.945098877, 419.743896484, 462.34274292, 1506.56079102, 1268.64245605, 1639.5369873, 2623.39648438, 902.457458496, 458.916137695, 293.695098877, 569.909057617, 380.053466797, 157.015151978, 236.758209229, 132.698669434, 325.12008667, 744.327514648, 340.826477051, 406.044616699, 33.4042282104, 38.6740226746, 24.2282676697, 13.2489004135, 14.0783987045, 6.27682781219, 3.18829536438, 0.737212002277, 0.175497442484, 0.00984254851937], "mean": [0.275276631117, 2.74757957458, 4.70930099487, 3.61164069176, 13.6609191895, 34.1048851013, 42.4158058167, 19.0077018738, 7.03276205063, 6.34083271027, 11.4658460617, 22.3485336304, 17.9186115265, 12.4288005829, 44.2682952881, 44.235496521, 79.8353347778, 79.6628189087, 31.5945930481, 19.141494751, 13.5480823517, 11.8549346924, 8.1148815155, 8.82412147522, 5.81493091583, 5.96572065353, 6.36377620697, 8.73121166229, 5.75936603546, 5.20206069946, 2.31279230118, 1.62003552914, 1.23826551437, 0.848849773407, 0.705863595009, 0.378453075886, 0.124799691141, 0.0341433957219, 0.00660512177274, 0.000454052700661], "median": [0.102956995368, 0.825444281101, 1.28780567646, 0.935160636902, 3.33538675308, 21.4999408722, 23.0206317902, 10.6657133102, 2.57967662811, 2.45354676247, 4.06745290756, 7.53421592712, 8.26088523865, 5.11104011536, 9.76339817047, 10.1271028519, 8.7289648056, 13.3453741074, 9.03673171997, 8.92522621155, 5.64150714874, 4.24420118332, 3.48636937141, 3.42904114723, 2.10961556435, 1.9686062336, 1.9462890625, 1.79618215561, 1.72332143784, 1.60435712337, 0.856459319592, 0.550420105457, 0.447124868631, 0.260107308626, 0.208577945828, 0.113912142813, 0.0328815616667, 0.00946869328618, 0.00169000064489, 0.000158064358402], "min": [8.73853031585e-23, 1.34288632506e-21, 1.13539909478e-21, 4.79864437007e-21, 2.82814634707e-20, 1.45633935634e-20, 6.68248003738e-20, 6.19369384355e-20, 1.2220695284e-19, 1.36479450247e-19, 2.25556953599e-19, 5.36476723366e-19, 4.42796968031e-19, 8.50692756176e-19, 1.21102881272e-18, 1.19146257912e-18, 1.45582360923e-18, 1.13763659249e-18, 3.03953058193e-18, 4.42478968784e-18, 3.03735716487e-18, 5.2372249788e-18, 4.87825713068e-18, 7.69675264523e-18, 7.57948490414e-18, 8.63732234897e-18, 1.06320841126e-17, 9.75904791558e-18, 1.29671165473e-17, 1.36000784608e-17, 1.18653045268e-17, 1.1219182997e-17, 1.00654728376e-17, 9.5134968692e-18, 7.41214130314e-18, 3.97636391084e-18, 2.50756535332e-18, 9.96567039476e-19, 2.63178678822e-19, 2.98646903943e-20], "var": [0.181303456426, 17.1899204254, 60.4493026733, 65.5180664062, 1102.91772461, 1588.42883301, 4002.34008789, 609.897155762, 251.177246094, 112.345085144, 425.989349365, 1485.73632812, 913.402099609, 667.393859863, 14525.6835938, 16308.6269531, 38098.8828125, 57692.0742188, 5833.46386719, 1056.02697754, 599.451904297, 1078.10290527, 335.925415039, 207.074295044, 116.638961792, 125.565589905, 271.841766357, 1163.33886719, 199.778091431, 159.59992981, 11.262544632, 6.56221914291, 3.63429236412, 1.66571593285, 1.34479010105, 0.375549703836, 0.0495987646282, 0.00382944522426, 0.000161786403623, 5.47008937701e-07]}, "gfcc": {"mean": [-9.8324508667, 82.7104721069, -87.5438690186, 20.7621269226, -40.582321167, 14.9534063339, -34.320526123, -6.7025179863, -25.2824802399, 3.78631877899, -13.7806129456, 7.98181533813, -2.46433067322], "cov": [[15567.9355469, -811.277954102, -41.4750442505, 151.989898682, -128.283462524, 300.029846191, -288.261505127, -82.4588546753, -251.40322876, 39.5085716248, -235.945831299, 32.453578949, -221.818618774], [-811.277954102, 1747.61584473, -573.820495605, -121.261688232, 88.3268737793, 5.92363548279, 36.9623680115, -106.87953949, 42.1523132324, -82.620803833, 60.4304695129, -92.9628372192, -103.61378479], [-41.4750442505, -573.820495605, 825.495056152, 139.019989014, 81.7059020996, 70.6097335815, 38.1501235962, 137.151107788, 20.9834079742, 68.6504821777, 3.04965686798, 48.5795135498, 59.9143447876], [151.989898682, -121.261688232, 139.019989014, 482.891479492, 54.3993301392, 2.43696784973, 72.4838562012, 53.835735321, 26.9045276642, 1.92224574089, -19.0421123505, -25.7737426758, 50.5085411072], [-128.283462524, 88.3268737793, 81.7059020996, 54.3993301392, 298.383209229, 107.832527161, 53.3535881042, 28.8409404755, 25.667596817, 41.109210968, 45.5713996887, -21.053483963, -12.7653970718], [300.029846191, 5.92363548279, 70.6097335815, 2.43696784973, 107.832527161, 180.435211182, 55.662311554, 15.7782564163, 6.63244724274, 34.7624473572, 44.765296936, 0.589034020901, -38.2617492676], [-288.261505127, 36.9623680115, 38.1501235962, 72.4838562012, 53.3535881042, 55.662311554, 131.163146973, 47.6376342773, 9.35902309418, 1.67172777653, 20.982427597, 7.90803670883, 3.43728995323], [-82.4588546753, -106.87953949, 137.151107788, 53.835735321, 28.8409404755, 15.7782564163, 47.6376342773, 162.789215088, 70.6255569458, 10.8595523834, -9.41840457916, -1.51202583313, 21.9623832703], [-251.40322876, 42.1523132324, 20.9834079742, 26.9045276642, 25.667596817, 6.63244724274, 9.35902309418, 70.6255569458, 146.98979187, 39.8717346191, -4.28298568726, 6.54713630676, 8.08296775818], [39.5085716248, -82.620803833, 68.6504821777, 1.92224574089, 41.109210968, 34.7624473572, 1.67172777653, 10.8595523834, 39.8717346191, 97.2671661377, 32.3552970886, 0.467037498951, -3.76888108253], [-235.945831299, 60.4304695129, 3.04965686798, -19.0421123505, 45.5713996887, 44.765296936, 20.982427597, -9.41840457916, -4.28298568726, 32.3552970886, 105.343086243, 24.4494857788, -14.651725769], [32.453578949, -92.9628372192, 48.5795135498, -25.7737426758, -21.053483963, 0.589034020901, 7.90803670883, -1.51202583313, 6.54713630676, 0.467037498951, 24.4494857788, 134.548919678, 53.2618408203], [-221.818618774, -103.61378479, 59.9143447876, 50.5085411072, -12.7653970718, -38.2617492676, 3.43728995323, 21.9623832703, 8.08296775818, -3.76888108253, -14.651725769, 53.2618408203, 144.63470459]], "icov": [[9.29993911996e-05, 8.31237230159e-06, 7.56543158786e-05, -0.000122742872918, 4.71712010039e-05, -0.000326635374222, 0.000363791215932, -0.000180443938007, 0.000306130415993, -0.000210787111428, 0.00037057074951, -0.000243233822403, 0.000201126051252], [8.31237230159e-06, 0.00095572049031, 0.000452239444712, 0.000187353420188, -0.000364501815056, 0.000107845080493, -0.000492026272696, 0.000675162824336, -0.000975067785475, 0.00119446392637, -0.000779102439992, 0.000647995213512, 0.000118243289762], [7.56543158786e-05, 0.000452239444712, 0.00204843329266, -0.000444661738584, -0.000338317186106, -0.000742074800655, 0.000641605642159, -0.00162251421716, 0.000956607225817, -0.00106119690463, 0.000504370022099, -0.00077324983431, 6.41867700324e-06], [-0.000122742872918, 0.000187353420188, -0.000444661738584, 0.00282541080378, -0.000407945888583, 0.000895664445125, -0.00215312838554, 0.000707234081347, -0.00112216500565, 0.000813705497421, -0.000395627779653, 0.00154016772285, -0.00123511953279], [4.71712010039e-05, -0.000364501815056, -0.000338317186106, -0.000407945888583, 0.00491993920878, -0.00251659634523, -0.000221970811253, -0.000216990069021, -9.34368581511e-05, -0.000959735189099, -0.00078588683391, 0.000938462675549, -0.000544445356354], [-0.000326635374222, 0.000107845080493, -0.000742074800655, 0.000895664445125, -0.00251659634523, 0.0102541074157, -0.00428643124178, 0.000991830485873, -0.000889910908882, -0.000609447073657, -0.00261467904784, 0.000272121862508, 0.00168148486409], [0.000363791215932, -0.000492026272696, 0.000641605642159, -0.00215312838554, -0.000221970811253, -0.00428643124178, 0.0130051095039, -0.00462987134233, 0.00287457602099, -0.000357944431016, 0.000484995573061, -0.00240706466138, 0.000697566312738], [-0.000180443938007, 0.000675162824336, -0.00162251421716, 0.000707234081347, -0.000216990069021, 0.000991830485873, -0.00462987134233, 0.011788607575, -0.00675514014438, 0.00334231974557, -0.00109201518353, 0.00268262322061, -0.00143862166442], [0.000306130415993, -0.000975067785475, 0.000956607225817, -0.00112216500565, -9.34368581511e-05, -0.000889910908882, 0.00287457602099, -0.00675514014438, 0.0129084298387, -0.00706852274016, 0.00389783456922, -0.00335195218213, 0.0012039821595], [-0.000210787111428, 0.00119446392637, -0.00106119690463, 0.000813705497421, -0.000959735189099, -0.000609447073657, -0.000357944431016, 0.00334231974557, -0.00706852274016, 0.0173538904637, -0.00643732491881, 0.00319009833038, -0.00103671953548], [0.00037057074951, -0.000779102439992, 0.000504370022099, -0.000395627779653, -0.00078588683391, -0.00261467904784, 0.000484995573061, -0.00109201518353, 0.00389783456922, -0.00643732491881, 0.0155545976013, -0.00496196607128, 0.00235003558919], [-0.000243233822403, 0.000647995213512, -0.00077324983431, 0.00154016772285, 0.000938462675549, 0.000272121862508, -0.00240706466138, 0.00268262322061, -0.00335195218213, 0.00319009833038, -0.00496196607128, 0.0118271559477, -0.00490924622864], [0.000201126051252, 0.000118243289762, 6.41867700324e-06, -0.00123511953279, -0.000544445356354, 0.00168148486409, 0.000697566312738, -0.00143862166442, 0.0012039821595, -0.00103671953548, 0.00235003558919, -0.00490924622864, 0.0102860340849]]}, "melbands": {"dmean": [0.0024773941841, 0.00243501341902, 0.000934651063289, 0.00118315638974, 0.00112660671584, 0.000280476961052, 0.000102553472971, 3.66823878721e-05, 4.1476716433e-05, 7.22747936379e-05, 4.94577179779e-05, 2.74119138339e-05, 6.13714219071e-05, 5.63085450267e-05, 6.73830727465e-05, 8.10965211713e-05, 7.49969913159e-05, 3.02635871776e-05, 1.17790432341e-05, 1.26063923744e-05, 6.33296667729e-06, 5.66671496927e-06, 4.89439935336e-06, 3.0126400361e-06, 4.95558560942e-06, 2.93383163807e-06, 2.71770545623e-06, 3.21369498124e-06, 2.47041270995e-06, 3.02464195556e-06, 3.164084319e-06, 2.53305029219e-06, 2.75143656836e-06, 2.09429435927e-06, 9.10310461677e-07, 7.11561142452e-07, 6.29946612207e-07, 5.8158389038e-07, 5.49542107819e-07, 4.96109350934e-07], "dmean2": [0.00426859268919, 0.00418417342007, 0.00153536675498, 0.00194826046936, 0.00187015789561, 0.000469994760351, 0.000180851959158, 6.02926593274e-05, 6.76583586028e-05, 0.000118668060168, 8.09569828562e-05, 4.46299709438e-05, 9.0619418188e-05, 7.55604851292e-05, 9.25838103285e-05, 0.000121958953969, 0.000107554122224, 4.31899316027e-05, 1.89946185856e-05, 2.00700415007e-05, 1.01694522527e-05, 8.9951490736e-06, 8.07190554042e-06, 4.79375057694e-06, 8.22019956104e-06, 4.88205932925e-06, 4.52759604741e-06, 5.40450082553e-06, 3.86293413612e-06, 4.43895442004e-06, 4.9667469284e-06, 4.13888074036e-06, 4.48940227216e-06, 3.06203332912e-06, 1.43891509197e-06, 1.07533662685e-06, 9.74554723143e-07, 9.02885119558e-07, 7.89410023572e-07, 7.26189682609e-07], "dvar": [1.91431681742e-05, 1.99715832423e-05, 4.2456031224e-06, 4.76622744827e-06, 4.12932877225e-06, 2.83308537519e-07, 6.96496016417e-08, 4.37658131958e-09, 5.30480814831e-09, 1.47595455857e-08, 7.56601092888e-09, 3.4354492584e-09, 2.31343957324e-08, 2.45293794165e-08, 4.48393784325e-08, 4.8653994611e-08, 7.33888541049e-08, 8.74656169714e-09, 1.21317489388e-09, 7.19794224224e-10, 2.2665383459e-10, 3.34211824882e-10, 1.32738639524e-10, 3.58178729731e-11, 9.79093264797e-11, 4.61811318353e-11, 2.37828038513e-11, 4.09371807286e-11, 2.12562883961e-11, 1.10991112134e-10, 7.15865006162e-11, 4.86942743072e-11, 3.65036473271e-11, 3.43152450899e-11, 2.74132496217e-12, 1.13422021341e-12, 1.16604534188e-12, 9.40735011591e-13, 7.63721930749e-13, 7.25959169081e-13], "dvar2": [5.15380233992e-05, 5.36633269803e-05, 1.0315658983e-05, 1.20911327031e-05, 1.06865536509e-05, 7.63330774589e-07, 1.92516267816e-07, 1.07061408627e-08, 1.22980576833e-08, 3.51884992256e-08, 1.83359034622e-08, 8.04525157605e-09, 3.94243215851e-08, 3.39495933588e-08, 6.49868141522e-08, 9.1334982244e-08, 1.22339287145e-07, 1.49424881357e-08, 2.95664559502e-09, 1.50348489214e-09, 4.81308548572e-10, 6.69175270751e-10, 2.99241714741e-10, 8.33823912694e-11, 2.46621167932e-10, 1.08839534607e-10, 6.1178770383e-11, 9.90217352559e-11, 4.75188569049e-11, 1.49258258531e-10, 1.31442134954e-10, 1.2503628688e-10, 9.60130239203e-11, 5.95482413379e-11, 6.78028770282e-12, 2.63324908753e-12, 2.6608617653e-12, 2.17796982706e-12, 1.45513375654e-12, 1.70257872471e-12], "max": [0.0396426916122, 0.0366904884577, 0.0218505226076, 0.029015455395, 0.0309452768415, 0.00843092147261, 0.00313033908606, 0.00121805851813, 0.00197064667009, 0.00251068035141, 0.00208079419099, 0.00204287515953, 0.00470950407907, 0.00287472968921, 0.0066319257021, 0.00314203812741, 0.00596467172727, 0.00204965216108, 0.00112102192361, 0.000723207835108, 0.000494910345878, 0.000710253196303, 0.000440572737716, 0.000212419472518, 0.000157238187967, 0.000187273777556, 7.48499151086e-05, 0.000130544925923, 0.000106242456241, 0.000517004984431, 0.000408090592828, 0.000239970773691, 7.5404495874e-05, 0.000258614774793, 2.46625186264e-05, 1.74052438524e-05, 3.16719233524e-05, 1.99244514079e-05, 1.18244242913e-05, 1.16548981168e-05], "mean": [0.00291065499187, 0.00300131342374, 0.000907725770958, 0.00165064586326, 0.00164822291117, 0.000434146873886, 9.21071332414e-05, 7.43413183955e-05, 0.000106444625999, 0.000131049615447, 8.47089613671e-05, 4.34657667938e-05, 0.000120499033073, 0.000119757896755, 0.000134071728098, 0.000162812677445, 0.000156166162924, 5.52489218535e-05, 2.60238157352e-05, 2.8647680665e-05, 1.31432288981e-05, 1.32381301228e-05, 1.01527784864e-05, 5.15239571541e-06, 7.69828329794e-06, 4.01037641495e-06, 3.92353877032e-06, 4.01519400839e-06, 3.49746210304e-06, 5.32975263923e-06, 4.66011033495e-06, 3.04645618598e-06, 3.12950942316e-06, 2.69800761998e-06, 1.2268582168e-06, 1.10569271783e-06, 9.66192942542e-07, 8.44578437409e-07, 8.18668809188e-07, 6.71270697694e-07], "median": [0.00100270682015, 0.00106123764999, 0.000208968296647, 0.000888353330083, 0.00096055038739, 0.000241949048359, 2.8084301448e-05, 2.64063983195e-05, 3.56952805305e-05, 4.55670706287e-05, 3.43841347785e-05, 1.32138602567e-05, 2.75925740425e-05, 2.36595024035e-05, 1.88229059859e-05, 1.27663906824e-05, 1.95728316612e-05, 1.19749165606e-05, 8.78706941876e-06, 9.29130237637e-06, 4.74434546049e-06, 3.71463283955e-06, 3.5682021462e-06, 1.94899985217e-06, 2.47483649218e-06, 1.15454804472e-06, 1.44633963828e-06, 1.02706781036e-06, 1.06730067273e-06, 1.08773701868e-06, 8.84306246007e-07, 7.7565346146e-07, 1.03193087853e-06, 7.40437826607e-07, 4.14896732082e-07, 4.23798553584e-07, 2.9294108117e-07, 3.09247326413e-07, 2.61231889453e-07, 1.92385115838e-07], "min": [1.71153549693e-24, 1.28434049549e-24, 2.01464780559e-24, 1.23699286674e-24, 2.16614617585e-24, 1.25434149577e-24, 1.92735916313e-24, 1.03032619932e-24, 2.08133416221e-24, 2.89199306918e-24, 2.0581223245e-24, 3.06389946828e-24, 4.29941420689e-24, 2.98379281272e-24, 3.17231045311e-24, 3.32254013783e-24, 1.76692082944e-24, 4.27269943234e-24, 5.1151224153e-24, 3.44423218765e-24, 3.83333309598e-24, 4.03189964102e-24, 2.86265474047e-24, 5.66376018653e-24, 4.71637294924e-24, 5.01516703329e-24, 5.31267448522e-24, 5.03279215807e-24, 4.97289986599e-24, 5.20558425075e-24, 4.64140591969e-24, 6.58406701223e-24, 6.41328533157e-24, 7.08189859129e-24, 6.49587236303e-24, 6.5593614664e-24, 6.14494719491e-24, 6.32479801497e-24, 6.99983023587e-24, 7.16827570496e-24], "var": [1.91093495232e-05, 2.01628390641e-05, 4.08066443924e-06, 5.67004917684e-06, 4.92661047247e-06, 3.20674388377e-07, 4.69799914526e-08, 1.59845114922e-08, 3.36802159495e-08, 4.9775938038e-08, 2.24563532214e-08, 1.21785843632e-08, 8.99969236912e-08, 9.98846303446e-08, 1.85328488556e-07, 1.80036067832e-07, 2.82586626099e-07, 2.77790608294e-08, 4.46774528484e-09, 3.50867268573e-09, 8.45735592669e-10, 1.6925069124e-09, 6.78639811014e-10, 1.03859858214e-10, 1.84835105554e-10, 7.74633551748e-11, 3.90280897877e-11, 9.18303558195e-11, 6.33605876099e-11, 5.93590232523e-10, 3.37657651839e-10, 8.07927891255e-11, 3.46904657778e-11, 5.77032206739e-11, 3.92235549596e-12, 2.27291189342e-12, 3.01642738565e-12, 1.74195467079e-12, 1.58813543913e-12, 1.11305008179e-12]}, "mfcc": {"mean": [-667.502990723, 127.20690155, 13.721909523, 19.4949207306, 10.8488912582, 19.8012008667, 1.88208687305, -0.265972048044, -3.42175650597, -4.82486629486, -3.41400289536, -5.83549642563, -4.57832098007], "cov": [[8942.38964844, -347.16986084, 2.97436952591, 146.237350464, 85.9640731812, 200.661209106, 13.2461156845, -3.94604086876, -35.906036377, 6.37103414536, 84.1381225586, -68.4104232788, -115.684661865], [-347.16986084, 1493.25463867, -377.002990723, -135.895568848, 1.80610966682, 85.0134506226, -36.5006103516, 22.8336791992, -81.9155197144, -17.1648044586, 80.0792999268, 4.56060552597, 5.79436635971], [2.97436952591, -377.002990723, 501.325256348, 110.830787659, 76.3867797852, -8.3492231369, 56.189540863, 30.1733093262, 70.7006607056, 51.5220489502, -31.4070663452, 22.4468517303, 39.4736938477], [146.237350464, -135.895568848, 110.830787659, 333.820404053, 56.0918235779, 32.6615638733, 39.0054702759, 31.0214824677, 73.0399703979, 22.8861579895, -15.4663248062, -17.9042282104, -7.52478551865], [85.9640731812, 1.80610966682, 76.3867797852, 56.0918235779, 210.649703979, 63.6669883728, 54.1492004395, 24.490228653, 31.4477519989, 62.1173019409, 35.0609016418, 31.1116065979, -18.9377250671], [200.661209106, 85.0134506226, -8.3492231369, 32.6615638733, 63.6669883728, 166.952270508, 75.2782440186, 8.91816329956, -17.4664440155, -1.18425989151, 39.680015564, 17.3955116272, 16.7320842743], [13.2461156845, -36.5006103516, 56.189540863, 39.0054702759, 54.1492004395, 75.2782440186, 187.147918701, 43.0806045532, -19.836107254, 27.4606056213, 29.257566452, -14.8913707733, -39.3828086853], [-3.94604086876, 22.8336791992, 30.1733093262, 31.0214824677, 24.490228653, 8.91816329956, 43.0806045532, 122.004493713, 46.7127685547, -4.06413125992, 15.2753982544, 44.2930831909, 18.776102066], [-35.906036377, -81.9155197144, 70.7006607056, 73.0399703979, 31.4477519989, -17.4664440155, -19.836107254, 46.7127685547, 155.741958618, 40.6154022217, -51.143787384, 40.9877166748, 50.6490058899], [6.37103414536, -17.1648044586, 51.5220489502, 22.8861579895, 62.1173019409, -1.18425989151, 27.4606056213, -4.06413125992, 40.6154022217, 166.809234619, 44.6215324402, -44.4616851807, -19.8360519409], [84.1381225586, 80.0792999268, -31.4070663452, -15.4663248062, 35.0609016418, 39.680015564, 29.257566452, 15.2753982544, -51.143787384, 44.6215324402, 168.396636963, 28.2686920166, -68.7486572266], [-68.4104232788, 4.56060552597, 22.4468517303, -17.9042282104, 31.1116065979, 17.3955116272, -14.8913707733, 44.2930831909, 40.9877166748, -44.4616851807, 28.2686920166, 202.442581177, 75.6494979858], [-115.684661865, 5.79436635971, 39.4736938477, -7.52478551865, -18.9377250671, 16.7320842743, -39.3828086853, 18.776102066, 50.6490058899, -19.8360519409, -68.7486572266, 75.6494979858, 217.614105225]], "icov": [[0.000120707751194, 4.88405130454e-05, 1.52418269863e-05, -2.80992808257e-05, -6.72589976602e-06, -0.000228230535868, 0.000141193930176, -7.74146828917e-05, 4.12930639868e-05, -1.28729607241e-05, -3.32648801304e-06, 4.21827207902e-05, 8.18279149826e-05], [4.88405130454e-05, 0.00093374599237, 0.000635813747067, 0.000170452723978, -0.000185057375347, -0.000576901773456, 0.000448518578196, -0.000622218300123, 0.000384831917472, -0.000204334995942, -7.96085005277e-05, 0.000120528195112, -0.000120470751426], [1.52418269863e-05, 0.000635813747067, 0.00295701785944, -0.000505331961904, -0.000814000261016, 0.000577912491281, -0.000744664808735, -0.000174210828845, -8.72417876963e-05, -0.000532920239493, 0.000245867908234, -0.000203484858503, -0.000677550386172], [-2.80992808257e-05, 0.000170452723978, -0.000505331961904, 0.00394476484507, -0.000530545949005, -0.000772283761762, -0.000295544276014, -0.000141801763675, -0.00229769106954, 0.00090668379562, -0.000488096062327, 0.00119605148211, 0.000227992408327], [-6.72589976602e-06, -0.000185057375347, -0.000814000261016, -0.000530545949005, 0.00736029772088, -0.00282366084866, -1.64463872352e-05, -0.000627590343356, 7.00178134139e-05, -0.00315565243363, 0.0010813777335, -0.00226173945703, 0.00186340534128], [-0.000228230535868, -0.000576901773456, 0.000577912491281, -0.000772283761762, -0.00282366084866, 0.010906628333, -0.00494132842869, 0.00278466474265, -0.0010189776076, 0.00294798170216, -0.00360058946535, 0.000963078869972, -0.00342276575975], [0.000141193930176, 0.000448518578196, -0.000744664808735, -0.000295544276014, -1.64463872352e-05, -0.00494132842869, 0.00978280883282, -0.00500944349915, 0.00372971990146, -0.00279097608291, 0.00242710369639, -0.000312703370582, 0.00252213818021], [-7.74146828917e-05, -0.000622218300123, -0.000174210828845, -0.000141801763675, -0.000627590343356, 0.00278466474265, -0.00500944349915, 0.0134113868698, -0.00616601901129, 0.00379728223197, -0.0041981022805, -9.37923468882e-05, -0.00184276315849], [4.12930639868e-05, 0.000384831917472, -8.72417876963e-05, -0.00229769106954, 7.00178134139e-05, -0.0010189776076, 0.00372971990146, -0.00616601901129, 0.0150765795261, -0.00712602678686, 0.00731281377375, -0.00448137195781, 0.000949070556089], [-1.28729607241e-05, -0.000204334995942, -0.000532920239493, 0.00090668379562, -0.00315565243363, 0.00294798170216, -0.00279097608291, 0.00379728223197, -0.00712602678686, 0.012628743425, -0.00733685167506, 0.00556644145399, -0.00265062926337], [-3.32648801304e-06, -7.96085005277e-05, 0.000245867908234, -0.000488096062327, 0.0010813777335, -0.00360058946535, 0.00242710369639, -0.0041981022805, 0.00731281377375, -0.00733685167506, 0.0137675954029, -0.00574489263818, 0.00508704921231], [4.21827207902e-05, 0.000120528195112, -0.000203484858503, 0.00119605148211, -0.00226173945703, 0.000963078869972, -0.000312703370582, -9.37923468882e-05, -0.00448137195781, 0.00556644145399, -0.00574489263818, 0.00971816014498, -0.00386473629624], [8.18279149826e-05, -0.000120470751426, -0.000677550386172, 0.000227992408327, 0.00186340534128, -0.00342276575975, 0.00252213818021, -0.00184276315849, 0.000949070556089, -0.00265062926337, 0.00508704921231, -0.00386473629624, 0.00830166041851]]}, "spectral_contrast_coeffs": {"dmean": [0.0604394376278, 0.0524285696447, 0.0450212433934, 0.0377600751817, 0.0223078150302, 0.0207688249648], "dmean2": [0.0979969501495, 0.0847899243236, 0.069735892117, 0.0572211742401, 0.0347781740129, 0.0322168059647], "dvar": [0.00259027886204, 0.00189368007705, 0.00155429181177, 0.00125851889607, 0.000393083610106, 0.000397770490963], "dvar2": [0.0064998511225, 0.00488622998819, 0.0034274442587, 0.00242496863939, 0.000861450796947, 0.00086435949197], "max": [-0.285728156567, -0.417650461197, -0.459155470133, -0.461531281471, -0.597081959248, -0.59807062149], "mean": [-0.611074566841, -0.692364752293, -0.738609790802, -0.731350660324, -0.79503595829, -0.774006426334], "median": [-0.613759279251, -0.693306148052, -0.744426727295, -0.738124728203, -0.796794593334, -0.776169836521], "min": [-0.979156255722, -0.974249839783, -0.972664237022, -0.977695763111, -0.977186501026, -0.964357316494], "var": [0.00958321522921, 0.00647721951827, 0.00729393446818, 0.00789714790881, 0.00213691359386, 0.00168272084557]}, "spectral_contrast_valleys": {"dmean": [0.510059177876, 0.526179730892, 0.491291046143, 0.464825898409, 0.479942560196, 0.509664952755], "dmean2": [0.780717730522, 0.806488275528, 0.729218900204, 0.687933921814, 0.650214672089, 0.612406790257], "dvar": [0.261003375053, 0.250972688198, 0.238415241241, 0.252982527018, 0.264982879162, 0.293027698994], "dvar2": [0.530927062035, 0.531575262547, 0.487124353647, 0.48230150342, 0.510781705379, 0.543991327286], "max": [-4.91530036926, -4.860457