{"lowlevel": {"average_loudness": 0.893319368362, "barkbands_crest": {"dmean": 3.01655960083, "dmean2": 4.42950582504, "dvar": 9.04139041901, "dvar2": 19.3651847839, "max": 26.2650527954, "mean": 10.2909564972, "median": 9.32320976257, "min": 2.17103505135, "var": 23.5927810669}, "barkbands_flatness_db": {"dmean": 0.0225831028074, "dmean2": 0.0322207957506, "dvar": 0.000578049570322, "dvar2": 0.0012151816627, "max": 0.500356256962, "mean": 0.120682403445, "median": 0.0994562357664, "min": 0.0183353200555, "var": 0.00557427760214}, "barkbands_kurtosis": {"dmean": 3.05889368057, "dmean2": 4.6790394783, "dvar": 29.4913234711, "dvar2": 67.490020752, "max": 206.378936768, "mean": 3.44180297852, "median": 0.225017905235, "min": -1.81281995773, "var": 69.1205596924}, "barkbands_skewness": {"dmean": 0.642340481281, "dmean2": 0.936468720436, "dvar": 0.530680239201, "dvar2": 1.16090285778, "max": 13.0114870071, "mean": 1.48195326328, "median": 1.25680184364, "min": -2.66951727867, "var": 1.72231340408}, "barkbands_spread": {"dmean": 8.0649356842, "dmean2": 11.9593133926, "dvar": 76.8941421509, "dvar2": 161.723007202, "max": 91.9507293701, "mean": 37.2242088318, "median": 40.2376327515, "min": 0.541530907154, "var": 314.730773926}, "dissonance": {"dmean": 0.00612038886175, "dmean2": 0.0101140858606, "dvar": 5.8126723161e-05, "dvar2": 0.000131580251036, "max": 0.500000059605, "mean": 0.486487179995, "median": 0.491436243057, "min": 0.261877596378, "var": 0.000318760197842}, "dynamic_complexity": 2.49237775803, "erbbands_crest": {"dmean": 1.57984566689, "dmean2": 2.60511493683, "dvar": 2.63229680061, "dvar2": 6.67578458786, "max": 27.302148819, "mean": 6.51930809021, "median": 5.58878612518, "min": 2.29368019104, "var": 10.2842979431}, "erbbands_flatness_db": {"dmean": 0.0116383647546, "dmean2": 0.0170216467232, "dvar": 0.00015946678468, "dvar2": 0.000287125614705, "max": 0.39832264185, "mean": 0.13236528635, "median": 0.116068065166, "min": 0.0508653633296, "var": 0.00281289452687}, "erbbands_kurtosis": {"dmean": 0.865153551102, "dmean2": 1.34305047989, "dvar": 1.40804505348, "dvar2": 2.68750214577, "max": 68.4150390625, "mean": 1.15969944, "median": 0.570487499237, "min": -1.69902229309, "var": 17.4133052826}, "erbbands_skewness": {"dmean": 0.281178146601, "dmean2": 0.435246199369, "dvar": 0.0960576534271, "dvar2": 0.21415887773, "max": 7.1415348053, "mean": -0.626880645752, "median": -0.869106769562, "min": -2.32891702652, "var": 1.00158011913}, "erbbands_spread": {"dmean": 8.74840164185, "dmean2": 13.4991931915, "dvar": 78.206489563, "dvar2": 169.203399658, "max": 114.410545349, "mean": 43.8854408264, "median": 41.5648651123, "min": 3.24554276466, "var": 242.975204468}, "hfc": {"dmean": 4.97008371353, "dmean2": 7.90091848373, "dvar": 66.1990509033, "dvar2": 175.81300354, "max": 97.5706558228, "mean": 22.9765949249, "median": 22.7082614899, "min": 1.08354883215e-16, "var": 202.984283447}, "melbands_crest": {"dmean": 3.38448476791, "dmean2": 4.97598552704, "dvar": 8.70341777802, "dvar2": 19.0936660767, "max": 36.4374084473, "mean": 16.5640640259, "median": 15.6205673218, "min": 1.62365424633, "var": 38.4763221741}, "melbands_flatness_db": {"dmean": 0.0299409888685, "dmean2": 0.0426596663892, "dvar": 0.000929717614781, "dvar2": 0.00192490383051, "max": 0.590457379818, "mean": 0.18725246191, "median": 0.170189917088, "min": 0.00360430707224, "var": 0.00789878889918}, "melbands_kurtosis": {"dmean": 11.3299636841, "dmean2": 17.1936435699, "dvar": 379.775665283, "dvar2": 893.472290039, "max": 217.489379883, "mean": 18.0190925598, "median": 10.2263965607, "min": -1.70363640785, "var": 557.194091797}, "melbands_skewness": {"dmean": 1.02121639252, "dmean2": 1.48989391327, "dvar": 1.47147071362, "dvar2": 3.10612368584, "max": 12.8249263763, "mean": 3.46335983276, "median": 3.06697463989, "min": -1.45646858215, "var": 3.84335851669}, "melbands_spread": {"dmean": 10.9353103638, "dmean2": 16.4944496155, "dvar": 131.2603302, "dvar2": 289.246368408, "max": 164.552978516, "mean": 33.8382568359, "median": 29.5878810883, "min": 0.767900884151, "var": 613.601135254}, "pitch_salience": {"dmean": 0.0825366601348, "dmean2": 0.12693066895, "dvar": 0.00675927335396, "dvar2": 0.0150087717921, "max": 0.937302470207, "mean": 0.546091079712, "median": 0.568761348724, "min": 0.0760507136583, "var": 0.0188469942659}, "silence_rate_20dB": {"dmean": 0, "dmean2": 0, "dvar": 0, "dvar2": 0, "max": 1, "mean": 1, "median": 1, "min": 1, "var": 0}, "silence_rate_30dB": {"dmean": 0.0255771111697, "dmean2": 0.0511597655714, "dvar": 0.0249241832644, "dvar2": 0.0676237344742, "max": 1, "mean": 0.983961880207, "median": 1, "min": 0, "var": 0.0157823245972}, "silence_rate_60dB": {"dmean": 0.00346808275208, "dmean2": 0.00693691754714, "dvar": 0.00345598207787, "dvar2": 0.00710551487282, "max": 1, "mean": 0.05299089849, "median": 0, "min": 0, "var": 0.0501822307706}, "spectral_centroid": {"dmean": 297.051879883, "dmean2": 463.922454834, "dvar": 116719.757812, "dvar2": 250787.984375, "max": 10804.9765625, "mean": 2269.69946289, "median": 2511.59814453, "min": 207.771026611, "var": 676734.1875}, "spectral_complexity": {"dmean": 4.12680196762, "dmean2": 6.64491653442, "dvar": 16.3081169128, "dvar2": 38.5802993774, "max": 57, "mean": 29.145860672, "median": 31, "min": 0, "var": 156.797653198}, "spectral_decrease": {"dmean": 3.31135674436e-09, "dmean2": 4.90661777874e-09, "dvar": 2.99136997599e-17, "dvar2": 6.59650928999e-17, "max": 8.25924383697e-19, "mean": -7.27413240753e-09, "median": -4.75566297453e-09, "min": -4.53191866256e-08, "var": 5.31983906345e-17}, "spectral_energy": {"dmean": 0.0126701965928, "dmean2": 0.0187789127231, "dvar": 0.000435881578596, "dvar2": 0.000957362179179, "max": 0.174431294203, "mean": 0.0295381583273, "median": 0.0202432237566, "min": 1.0114981019e-20, "var": 0.000794996914919}, "spectral_energyband_high": {"dmean": 0.000568508112337, "dmean2": 0.000975608127192, "dvar": 1.27056853216e-06, "dvar2": 3.6351145809e-06, "max": 0.0112660629675, "mean": 0.001754452358, "median": 0.00157979736105, "min": 7.40469062241e-21, "var": 2.02739852284e-06}, "spectral_energyband_low": {"dmean": 0.00894298683852, "dmean2": 0.013118644245, "dvar": 0.000304937944748, "dvar2": 0.000648493354674, "max": 0.162284240127, "mean": 0.0164622701705, "median": 0.00861092004925, "min": 5.74935269915e-23, "var": 0.000563526817132}, "spectral_energyband_middle_high": {"dmean": 0.000848956289701, "dmean2": 0.00136841286439, "dvar": 9.44544694903e-07, "dvar2": 2.4176883926e-06, "max": 0.0143861304969, "mean": 0.00403951946646, "median": 0.00397071056068, "min": 1.61289516183e-21, "var": 5.34986793355e-06}, "spectral_energyband_middle_low": {"dmean": 0.00539386970922, "dmean2": 0.00844269897789, "dvar": 0.000211456950638, "dvar2": 0.000497448607348, "max": 0.150108858943, "mean": 0.00828796997666, "median": 0.0040146978572, "min": 3.2543589529e-22, "var": 0.000250292330747}, "spectral_entropy": {"dmean": 0.0848941206932, "dmean2": 0.128480747342, "dvar": 0.0102728409693, "dvar2": 0.0222176928073, "max": 9.81152820587, "mean": 7.85870695114, "median": 7.97804737091, "min": 5.10467529297, "var": 0.224951028824}, "spectral_flux": {"dmean": 0.0299714077264, "dmean2": 0.0493022315204, "dvar": 0.0019558116328, "dvar2": 0.00471683591604, "max": 0.380333572626, "mean": 0.086361669004, "median": 0.0723813325167, "min": 1.00573264994e-10, "var": 0.00354017806239}, "spectral_kurtosis": {"dmean": 1.12808144093, "dmean2": 1.90179669857, "dvar": 4.13892602921, "dvar2": 11.8277597427, "max": 49.6112976074, "mean": 3.86554598808, "median": 3.31878495216, "min": -1.24004876614, "var": 9.75837039948}, "spectral_rms": {"dmean": 0.000944690662436, "dmean2": 0.00136894523166, "dvar": 1.67929988493e-06, "dvar2": 3.45267949342e-06, "max": 0.0130451861769, "mean": 0.00484875123948, "median": 0.00444403942674, "min": 3.14138103551e-12, "var": 5.30736633664e-06}, "spectral_rolloff": {"dmean": 694.922424316, "dmean2": 1102.2878418, "dvar": 732028.625, "dvar2": 1381890.5, "max": 19143.0175781, "mean": 2448.43798828, "median": 2304.05273438, "min": 64.599609375, "var": 6735725}, "spectral_skewness": {"dmean": 0.173647835851, "dmean2": 0.287227332592, "dvar": 0.0448728725314, "dvar2": 0.117732539773, "max": 5.1787571907, "mean": 1.16294121742, "median": 1.17105197906, "min": -0.0323561020195, "var": 0.226635411382}, "spectral_spread": {"dmean": 364849.09375, "dmean2": 536011.625, "dvar": 269419937792, "dvar2": 384907837440, "max": 41823536, "mean": 4431561.5, "median": 4454207, "min": 1272489.75, "var": 1911541858300.0}, "spectral_strongpeak": {"dmean": 0.220132306218, "dmean2": 0.347349584103, "dvar": 0.125756666064, "dvar2": 0.281381517649, "max": 5.42228841782, "mean": 0.388186603785, "median": 0.270475059748, "min": 0, "var": 0.17318803072}, "zerocrossingrate": {"dmean": 0.0129654100165, "dmean2": 0.0144662186503, "dvar": 0.000146593840327, "dvar2": 0.000173516076757, "max": 0.521484375, "mean": 0.0851256549358, "median": 0.0771484375, "min": 0.005859375, "var": 0.00431700050831}, "barkbands": {"dmean": [0.000949087319896, 0.00765197351575, 0.0025490175467, 0.00184052833356, 0.00365638220683, 0.000510481535457, 0.000117821531603, 5.21743677382e-05, 0.00011081345292, 0.000132982764626, 0.000107984582428, 0.000136032263981, 0.00010507596744, 0.00021234988526, 0.000103955979284, 0.000359655125067, 0.000202577837626, 0.000138059796882, 0.000253129692283, 0.00030040438287, 0.000313514203299, 0.000105345279735, 5.75634367124e-05, 4.04496131523e-05, 3.94794224121e-05, 2.21964291995e-05, 7.74203090259e-06], "dmean2": [0.00126100948546, 0.0111913755536, 0.00438496051356, 0.00308914366178, 0.00562535040081, 0.000778953311965, 0.000192282604985, 8.54578902363e-05, 0.000184931035619, 0.000216214801185, 0.000172132378793, 0.000212192186154, 0.000175240551471, 0.00034713873174, 0.000173831023858, 0.000601998646744, 0.000339642108884, 0.000235356506892, 0.000430302956374, 0.000513329869136, 0.000559777836315, 0.000177336507477, 9.25011263462e-05, 6.33316085441e-05, 6.04682536505e-05, 3.40074839187e-05, 1.12217076094e-05], "dvar": [4.83207895741e-06, 0.000326468492858, 2.03681902349e-05, 1.26722379719e-05, 0.000119913704111, 6.7333081688e-07, 5.69208609136e-08, 9.56037382593e-09, 1.88608542118e-08, 2.69011248832e-08, 3.19506092694e-08, 4.68468037695e-08, 1.97071443608e-08, 8.67188276743e-08, 1.65132458818e-08, 1.95363980993e-07, 4.89564655481e-08, 3.51629765305e-08, 8.37113631746e-08, 1.39858514103e-07, 4.70975436428e-07, 5.05035302467e-08, 9.97691795845e-09, 3.45128392532e-09, 3.08232683821e-09, 1.42899381217e-09, 2.24777058078e-10], "dvar2": [8.55736925587e-06, 0.000716636190191, 5.83407963859e-05, 3.27068810293e-05, 0.000286235910608, 1.54778103933e-06, 1.32263721753e-07, 2.44588598264e-08, 5.10840223455e-08, 6.78277203292e-08, 7.1903833998e-08, 9.82139880534e-08, 5.2906734993e-08, 2.14555356592e-07, 4.46524133224e-08, 5.12517658535e-07, 1.32954326659e-07, 9.58497139436e-08, 2.34097882412e-07, 3.91989175341e-07, 1.36768767334e-06, 1.41782550145e-07, 2.41086048902e-08, 7.86710341316e-09, 7.22273485465e-09, 2.93947333141e-09, 4.83233009163e-10], "max": [0.0193497389555, 0.155144691467, 0.0593799464405, 0.0336256995797, 0.111443415284, 0.0141080887988, 0.00426532933488, 0.00149321940262, 0.0019394280389, 0.0024273484014, 0.00335910031572, 0.00338755268604, 0.0022831459064, 0.00442051887512, 0.00179662776645, 0.00809363089502, 0.00290111359209, 0.00270110717975, 0.00411107344553, 0.00504364352673, 0.00782893784344, 0.00307306507602, 0.002258365741, 0.00142684567254, 0.0011421010131, 0.000608486530837, 0.000193378495169], "mean": [0.00146536924876, 0.0106178056449, 0.0034656545613, 0.00253125932068, 0.00417429674417, 0.000962031481322, 0.00017917828518, 8.30790813779e-05, 0.000220859496039, 0.000250837620115, 0.000192589461221, 0.00028437236324, 0.000214917017729, 0.000415971968323, 0.0002019348467, 0.000727534876205, 0.000458580820123, 0.000291533913696, 0.000663573096972, 0.000813341757748, 0.000620048202109, 0.00021182114142, 0.000148098406498, 0.000137712588185, 0.000129348089104, 6.00047605985e-05, 1.65134533745e-05], "median": [2.48393025686e-05, 0.0032636502292, 0.00212365644984, 0.00134961027652, 0.00103135767858, 0.00057063519489, 0.000107698055217, 4.56479974673e-05, 0.000171519568539, 0.000176896282937, 0.000103934573417, 0.000140696196468, 0.000156845635502, 0.000283863482764, 0.000155316025484, 0.000607660098467, 0.000413196219597, 0.000241317902692, 0.00062510126736, 0.000764205120504, 0.000526889110915, 0.000135520182084, 7.92490754975e-05, 0.000107642335934, 9.53607086558e-05, 3.47472487192e-05, 4.84855081595e-06], "min": [3.45505535927e-24, 1.55932304978e-23, 2.66795534936e-23, 1.78611472246e-23, 4.19167111114e-23, 1.2968696577e-22, 3.38814622833e-23, 2.63949671889e-23, 5.77827107776e-23, 2.41967100355e-23, 2.11582355542e-23, 8.10225214909e-23, 1.34525863806e-22, 9.76310285955e-23, 1.08595879634e-22, 2.74961444374e-22, 1.47617370249e-22, 2.71847980775e-22, 2.43827161794e-22, 4.01823101656e-22, 6.20596243049e-22, 4.35269213694e-22, 5.85517756917e-22, 9.13269293441e-22, 8.45446642637e-22, 1.52280386382e-21, 2.44597327327e-21], "var": [1.12103734864e-05, 0.000452520383988, 1.90923801711e-05, 1.48679837366e-05, 0.00013152329484, 1.48072626871e-06, 7.01257079072e-08, 1.42586484841e-08, 3.73153028477e-08, 6.13038366737e-08, 6.98843436453e-08, 1.73568935224e-07, 4.19086241266e-08, 2.13003602312e-07, 3.26418820862e-08, 3.56666220114e-07, 1.04262539935e-07, 6.11839041653e-08, 1.95213161192e-07, 3.0728119782e-07, 3.92431900309e-07, 6.8333243064e-08, 4.44455956483e-08, 2.18244977646e-08, 1.74151804089e-08, 5.58060797573e-09, 5.71732272636e-10]}, "erbbands": {"dmean": [0.226417347789, 1.79958629608, 2.76317453384, 4.09579849243, 15.2285041809, 7.99755811691, 3.18987107277, 4.52801990509, 2.919516325, 1.07016527653, 1.18407332897, 2.69916248322, 4.71435976028, 2.33134031296, 4.94006729126, 5.30037546158, 4.96498823166, 8.92789745331, 7.90089988708, 7.53976202011, 19.4215869904, 11.4681243896, 5.49629306793, 14.268611908, 11.5184669495, 14.564458847, 14.3943080902, 9.52232170105, 4.13299512863, 3.06687545776, 1.44159507751, 0.988583445549, 0.641407907009, 0.464256197214, 0.306582003832, 0.13470621407, 0.0411773249507, 0.00761110614985, 0.00132807984482, 7.93615545263e-05], "dmean2": [0.308698147535, 2.87466287613, 4.58940505981, 6.85927963257, 23.3399734497, 13.3735027313, 5.09787845612, 7.01722860336, 4.59947013855, 1.80176138878, 1.98524057865, 4.47062969208, 7.67683792114, 3.821808815, 7.8516998291, 8.40834617615, 8.05862998962, 14.6691570282, 13.0228805542, 12.5533027649, 32.5659942627, 19.1998004913, 9.36885738373, 24.1147613525, 19.5811977386, 25.1384716034, 25.6475257874, 16.8229217529, 6.95910406113, 5.11603832245, 2.29481101036, 1.53426229954, 1.0117713213, 0.718424916267, 0.466799676418, 0.208201229572, 0.0656863749027, 0.0114242276177, 0.0019486870151, 0.000120561177027], "dvar": [0.262629628181, 21.0486888885, 25.4940261841, 35.4706077576, 1963.46398926, 626.20501709, 35.8963928223, 59.0924110413, 48.4864730835, 4.68492794037, 3.26341700554, 11.8445310593, 33.939163208, 11.3383636475, 75.1266021729, 71.8610687256, 45.8491744995, 151.753555298, 113.487754822, 86.4317932129, 540.110229492, 166.901412964, 57.3967971802, 278.727661133, 190.314758301, 354.053924561, 940.457580566, 348.023681641, 79.6409225464, 28.9010334015, 5.530585289, 2.14461612701, 0.883389532566, 0.375013560057, 0.193011939526, 0.0459836795926, 0.00604210514575, 0.000223093724344, 6.56481279293e-06, 2.00071283984e-08], "dvar2": [0.405750632286, 50.0686187744, 69.3279800415, 94.7714996338, 4358.45898438, 1712.26818848, 93.6599273682, 143.061828613, 109.792541504, 12.7975597382, 8.90816020966, 31.2763595581, 85.5816650391, 28.1959819794, 162.384399414, 158.158981323, 113.737037659, 378.748168945, 289.770812988, 227.760162354, 1421.16796875, 444.766174316, 157.236618042, 767.275085449, 525.491699219, 1004.62646484, 2730.46923828, 1002.9442749, 225.975830078, 78.333366394, 12.6981391907, 5.07242631912, 2.1419916153, 0.871537387371, 0.47182533145, 0.10157815367, 0.0139517029747, 0.000449243409093, 1.44249943332e-05, 4.716790869e-08], "max": [4.81738138199, 37.1422157288, 56.3449134827, 75.7099914551, 461.745391846, 268.839996338, 115.580505371, 107.856903076, 118.707382202, 31.6496486664, 25.3868923187, 52.3251800537, 90.022064209, 41.7808189392, 178.966674805, 125.659355164, 100.679008484, 226.09375, 193.92980957, 195.649703979, 449.778594971, 205.62487793, 108.638404846, 250.727828979, 189.640838623, 241.752456665, 367.388763428, 182.304611206, 123.669067383, 79.8532028198, 62.5714416504, 45.6614227295, 23.1125659943, 13.2508335114, 7.21114206314, 3.49235796928, 1.29643166065, 0.226684063673, 0.0333285443485, 0.00176088046283], "mean": [0.377369880676, 2.09327721596, 3.8295083046, 6.81178855896, 17.6325359344, 8.7677154541, 5.85998487473, 7.87260484695, 4.14000463486, 1.81162059307, 2.05928468704, 5.38391971588, 9.04271507263, 4.96062612534, 8.84942054749, 11.4513187408, 11.5136995316, 17.9938468933, 17.0496044159, 16.7588310242, 40.5020523071, 27.0231132507, 14.258646965, 34.4335899353, 32.3287010193, 37.8007888794, 29.9107666016, 18.5926494598, 8.27531242371, 6.72291278839, 3.8677136898, 2.94079828262, 2.10783195496, 1.48158967495, 0.869324922562, 0.34898814559, 0.100046224892, 0.0187742915004, 0.00282729673199, 0.00017578311963], "median": [0.0629793554544, 0.75678730011, 2.34806776047, 4.4339556694, 3.95614981651, 2.88345623016, 3.42364525795, 4.59533023834, 2.23556470871, 1.09314632416, 1.40014147758, 4.00038051605, 6.59608268738, 3.57365965843, 4.87041139603, 6.03866291046, 8.037525177, 12.9672040939, 13.0547981262, 14.1280937195, 34.8239517212, 24.3949871063, 12.7189722061, 31.3474388123, 30.4363002777, 35.706867218, 26.3760604858, 15.0923452377, 5.30316877365, 3.93977308273, 2.33387041092, 2.10918998718, 1.69223642349, 1.14969313145, 0.57540166378, 0.209032595158, 0.0510044619441, 0.00776428170502, 0.000912967021577, 8.0935205915e-05], "min": [6.19864483051e-22, 3.3512285477e-21, 2.24115055007e-20, 6.18640948428e-20, 3.4094429989e-20, 1.65894225474e-19, 6.9613106019e-19, 9.9654129348e-19, 5.56677146009e-19, 5.4346138476e-19, 7.91171992923e-19, 1.08964222918e-18, 1.38120778207e-18, 7.3365476451e-19, 1.45044404011e-18, 2.73143041237e-18, 5.81784910694e-18, 3.69154205129e-18, 7.2678305463e-18, 8.84639059443e-18, 1.43389046034e-17, 7.80104936712e-18, 1.52705994863e-17, 1.22664606541e-17, 1.56436629057e-17, 1.83772748001e-17, 2.32864875108e-17, 2.08167065271e-17, 1.65491709048e-17, 1.38991472656e-17, 1.77663456695e-17, 1.94785152388e-17, 1.53360973016e-17, 8.75104810266e-18, 6.80098014833e-18, 5.64504694107e-18, 3.06665093908e-18, 1.33912993149e-18, 3.55359996478e-19, 3.33695742032e-20], "var": [0.6073179245, 20.47382164, 24.6665229797, 51.997253418, 2389.78686523, 499.168884277, 68.541229248, 92.3128814697, 54.6702690125, 5.75954771042, 4.77042150497, 25.0715484619, 75.4088973999, 22.6011142731, 165.272445679, 250.389526367, 138.425735474, 360.490539551, 269.968841553, 177.017211914, 1008.56231689, 362.020965576, 111.254844666, 609.236083984, 478.609710693, 664.259887695, 804.958251953, 337.669006348, 100.800422668, 76.6906890869, 26.0951099396, 11.1364526749, 5.04089832306, 2.30302190781, 0.858904898167, 0.167109727859, 0.0192746333778, 0.000670009816531, 1.61646021297e-05, 4.5724171116e-08]}, "gfcc": {"mean": [-5.12414836884, 65.5602798462, -110.742790222, 58.099067688, -32.8784332275, 7.73541116714, -28.1909370422, 4.31848669052, -30.9676189423, 3.83125782013, -19.2709960938, -3.33368492126, -3.06774759293], "cov": [[26553.1875, -1509.85009766, -623.069396973, 730.117431641, -579.164550781, 1478.89978027, -545.090759277, 760.099304199, -702.278076172, 100.184104919, -331.83001709, 47.5925559998, -445.469604492], [-1509.85009766, 3087.22998047, -659.476074219, 205.326461792, 275.39541626, -852.333312988, 235.390136719, -532.917114258, 84.8524703979, -163.014907837, 39.8196296692, -197.864807129, 300.246917725], [-623.069396973, -659.476074219, 746.299987793, -92.1463851929, 54.7964630127, 165.015518188, -63.3596992493, 109.892379761, 11.8772859573, 37.7598991394, -6.60515499115, 81.7174072266, -72.511756897], [730.117431641, 205.326461792, -92.1463851929, 405.03112793, 45.268409729, 95.4165267944, 45.7252540588, 31.0532836914, 56.7275810242, 27.8883037567, 18.6606578827, -6.65594482422, 35.0027122498], [-579.164550781, 275.39541626, 54.7964630127, 45.268409729, 249.393325806, -60.7764930725, 114.87664032, -8.63670730591, 50.9968261719, 29.5541419983, 27.5478382111, -11.8799324036, 52.7857933044], [1478.89978027, -852.333312988, 165.015518188, 95.4165267944, -60.7764930725, 458.416229248, -29.2427120209, 237.222091675, -9.58458995819, 67.3988494873, 10.7015457153, 62.6734580994, -86.5563659668], [-545.090759277, 235.390136719, -63.3596992493, 45.7252540588, 114.87664032, -29.2427120209, 164.801818848, 11.4965276718, 69.178855896, 16.7336292267, 38.5594329834, -7.25150299072, 44.4181480408], [760.099304199, -532.917114258, 109.892379761, 31.0532836914, -8.63670730591, 237.222091675, 11.4965276718, 199.212875366, 16.6614265442, 64.8354110718, 5.45450115204, 43.4890861511, -39.5676383972], [-702.278076172, 84.8524703979, 11.8772859573, 56.7275810242, 50.9968261719, -9.58458995819, 69.178855896, 16.6614265442, 97.5503234863, 36.0578346252, 31.7931919098, 4.22171831131, 30.8271408081], [100.184104919, -163.014907837, 37.7598991394, 27.8883037567, 29.5541419983, 67.3988494873, 16.7336292267, 64.8354110718, 36.0578346252, 73.273979187, 31.0063400269, 26.0163402557, -0.387961834669], [-331.83001709, 39.8196296692, -6.60515499115, 18.6606578827, 27.5478382111, 10.7015457153, 38.5594329834, 5.45450115204, 31.7931919098, 31.0063400269, 66.284072876, 25.5815830231, 23.6853103638], [47.5925559998, -197.864807129, 81.7174072266, -6.65594482422, -11.8799324036, 62.6734580994, -7.25150299072, 43.4890861511, 4.22171831131, 26.0163402557, 25.5815830231, 56.8862228394, 0.772868871689], [-445.469604492, 300.246917725, -72.511756897, 35.0027122498, 52.7857933044, -86.5563659668, 44.4181480408, -39.5676383972, 30.8271408081, -0.387961834669, 23.6853103638, 0.772868871689, 77.9864425659]], "icov": [[9.68071544776e-05, -0.000181552750291, 0.000119804644783, -0.000112436377094, 4.350074596e-05, -0.000294770288747, 8.31174402265e-05, -0.00030512016383, 0.000752751773689, -0.000503544288222, 0.000524644798134, -0.00038696610136, 0.000399492622819], [-0.000181552750291, 0.0018837437965, -9.10027010832e-05, -0.000649524619803, -0.000345473585185, 0.00188820390031, -0.000961005571298, 0.00180424470454, -0.000931648188271, 0.0019504657248, -0.0021883007139, 0.00331024010666, -0.00328045804054], [0.000119804644783, -9.10027010832e-05, 0.00277090957388, 0.000362236518413, -0.00236088363454, -0.00053119804943, 0.00224760989659, -0.000573558325414, -0.00173765711952, 0.00143443152774, 0.0015139534371, -0.00478853564709, 0.00316742691211], [-0.000112436377094, -0.000649524619803, 0.000362236518413, 0.00412777112797, -0.000548716576304, -0.00266509782523, 0.000896628247574, 0.00107382028364, -0.0033123428002, -0.000255924387602, 0.000929809873924, -0.000126724262373, -0.001182960812], [4.350074596e-05, -0.000345473585185, -0.00236088363454, -0.000548716576304, 0.00909811351448, 0.000148516381159, -0.00643300125375, 0.000761598465033, 0.00419422518462, -0.00661999778822, 0.00103765202221, 0.00473231310025, -0.00436611659825], [-0.000294770288747, 0.00188820390031, -0.00053119804943, -0.00266509782523, 0.000148516381159, 0.0106994817033, -0.000249169679591, -0.00706756394356, -7.47024969314e-05, 0.00446063373238, -0.00642205402255, 0.00170532602351, 0.0020650033839], [8.31174402265e-05, -0.000961005571298, 0.00224760989659, 0.000896628247574, -0.00643300125375, -0.000249169679591, 0.016461012885, -0.00597229553387, -0.00848911795765, 0.00749316671863, -0.00518108811229, -0.00144192564767, 0.00251476932317], [-0.00030512016383, 0.00180424470454, -0.000573558325414, 0.00107382028364, 0.000761598465033, -0.00706756394356, -0.00597229553387, 0.0223142802715, -0.00232593039982, -0.00935112126172, 0.00702411355451, -0.00104142294731, -0.00459117023274], [0.000752751773689, -0.000931648188271, -0.00173765711952, -0.0033123428002, 0.00419422518462, -7.47024969314e-05, -0.00848911795765, -0.00232593039982, 0.0287431981415, -0.0146589884534, 0.00122903217562, 0.00395645899698, -0.00335641391575], [-0.000503544288222, 0.0019504657248, 0.00143443152774, -0.000255924387602, -0.00661999778822, 0.00446063373238, 0.00749316671863, -0.00935112126172, -0.0146589884534, 0.0378041937947, -0.0155980372801, -0.00229520956054, 0.00222499552183], [0.000524644798134, -0.0021883007139, 0.0015139534371, 0.000929809873924, 0.00103765202221, -0.00642205402255, -0.00518108811229, 0.00702411355451, 0.00122903217562, -0.0155980372801, 0.0355711914599, -0.0178072601557, -9.35363859753e-05], [-0.00038696610136, 0.00331024010666, -0.00478853564709, -0.000126724262373, 0.00473231310025, 0.00170532602351, -0.00144192564767, -0.00104142294731, 0.00395645899698, -0.00229520956054, -0.0178072601557, 0.044996958226, -0.01698083058], [0.000399492622819, -0.00328045804054, 0.00316742691211, -0.001182960812, -0.00436611659825, 0.0020650033839, 0.00251476932317, -0.00459117023274, -0.00335641391575, 0.00222499552183, -9.35363859753e-05, -0.01698083058, 0.0342304110527]]}, "melbands": {"dmean": [0.00207491684705, 0.00168427254539, 0.00101998553146, 0.000929230998736, 0.000122926372569, 0.000100505152659, 4.07685984101e-05, 1.13307733045e-05, 1.04298887891e-05, 1.82432850124e-05, 2.3804468583e-05, 9.8647451523e-06, 1.44761816046e-05, 1.04947966975e-05, 2.26277134061e-05, 8.97471636563e-06, 1.98520247068e-05, 1.52252659973e-05, 6.74748343954e-06, 2.1260637368e-05, 2.38054508372e-05, 1.40660440593e-05, 7.04174999555e-06, 6.37315270069e-06, 1.34394713314e-05, 9.06835794012e-06, 1.10200280687e-05, 1.08873719e-05, 9.51108177105e-06, 9.58658984018e-06, 4.41139809482e-06, 2.52357654063e-06, 1.98650195671e-06, 1.75173533989e-06, 1.01700004507e-06, 6.6631662321e-07, 5.90673266743e-07, 4.99311738622e-07, 4.74103842407e-07, 4.56780867353e-07], "dmean2": [0.00292006274685, 0.00268450425938, 0.00165559630841, 0.00146533059888, 0.000203788396902, 0.00015470800281, 6.4343053964e-05, 1.90578721231e-05, 1.7595686586e-05, 3.02038824884e-05, 3.87869877159e-05, 1.62648193509e-05, 2.32119527936e-05, 1.69161085068e-05, 3.53538489435e-05, 1.49343322846e-05, 3.26057670463e-05, 2.50946468441e-05, 1.12321613415e-05, 3.58510260412e-05, 4.0022063331e-05, 2.36462674366e-05, 1.19719388749e-05, 1.09244147097e-05, 2.2732780053e-05, 1.54136741912e-05, 1.87017649296e-05, 1.88696212717e-05, 1.68919887074e-05, 1.71528881765e-05, 7.68327663536e-06, 4.30550835517e-06, 3.30515240421e-06, 2.95459062727e-06, 1.65880931036e-06, 1.04299351733e-06, 9.1802667157e-07, 8.10525364159e-07, 7.47115393551e-07, 7.16122883659e-07], "dvar": [2.31234680541e-05, 1.13675660032e-05, 4.1254147618e-06, 7.94615880295e-06, 7.87016247727e-08, 2.98184659187e-08, 9.43671984999e-09, 5.59014556867e-10, 2.07029629551e-10, 5.46504952403e-10, 8.64708860071e-10, 1.98579486188e-10, 5.80495373992e-10, 2.25776841667e-10, 1.54454915524e-09, 1.50157317136e-10, 7.81293751917e-10, 4.87737517041e-10, 6.72231506571e-11, 8.41025249443e-10, 8.06472610915e-10, 2.59382071377e-10, 6.52179282801e-11, 7.89111623267e-11, 2.39172820438e-10, 1.11564736616e-10, 1.6677775827e-10, 1.94628840822e-10, 3.28138738404e-10, 4.40868563878e-10, 5.93818119676e-11, 3.18517538733e-11, 1.33251508785e-11, 9.92563149727e-12, 3.23283847609e-12, 1.20618922836e-12, 8.21589215931e-13, 5.71586723265e-13, 4.82543096193e-13, 3.62610738961e-13], "dvar2": [4.69599763164e-05, 2.69613028649e-05, 9.29209545575e-06, 1.95101856661e-05, 2.19348137875e-07, 7.11223719918e-08, 2.13008739536e-08, 1.53660095759e-09, 5.70748892592e-10, 1.44245337896e-09, 2.18627294046e-09, 4.96869878575e-10, 1.3045198255e-09, 5.50342382777e-10, 3.13155990028e-09, 4.00155297786e-10, 1.94181870583e-09, 1.22137955305e-09, 1.81184844905e-10, 2.20871032575e-09, 2.13379380831e-09, 6.99797553239e-10, 1.78117617877e-10, 2.19609302965e-10, 6.60179744205e-10, 3.12630255017e-10, 4.55259829835e-10, 5.55290979865e-10, 9.51519862902e-10, 1.27883181822e-09, 1.692172652e-10, 9.09564992768e-11, 3.58650782684e-11, 2.72493624887e-11, 7.57551573555e-12, 3.02838396721e-12, 1.97690171524e-12, 1.44124469303e-12, 1.19154664434e-12, 8.59963901305e-13], "max": [0.0421792939305, 0.0296268556267, 0.0209849998355, 0.0288122817874, 0.00337333953939, 0.00252439407632, 0.00160134374164, 0.000360548729077, 0.000197702669539, 0.000356775417458, 0.000456390756881, 0.000183510870556, 0.000462655938463, 0.000246818439336, 0.000633859424852, 0.000219465509872, 0.000503407791257, 0.000427273305831, 0.000111198198283, 0.000680031429511, 0.00062644953141, 0.000219738241867, 0.000149061306729, 0.000130605927552, 0.000225083698751, 0.000159315590281, 0.000198218796868, 0.000180948627531, 0.000210503989365, 0.000248434138484, 8.98357466212e-05, 8.11614372651e-05, 5.39561297046e-05, 5.13554696226e-05, 4.32901979366e-05, 4.85376403958e-05, 1.87851819646e-05, 1.84695018106e-05, 1.46962456711e-05, 1.03583342934e-05], "mean": [0.00324226077646, 0.00233551906422, 0.0015542897163, 0.00104108767118, 0.000205683871172, 0.000177574605914, 5.72193421249e-05, 1.82792573469e-05, 1.76310077222e-05, 3.59724726877e-05, 4.49401450169e-05, 1.92804491235e-05, 2.59149055637e-05, 2.19959838432e-05, 4.38240822405e-05, 1.80321476364e-05, 3.68263536075e-05, 3.04566201521e-05, 1.39790881803e-05, 3.89803026337e-05, 4.71268904221e-05, 2.95339341392e-05, 1.53813798534e-05, 1.31044316731e-05, 3.03219858324e-05, 2.24878058361e-05, 2.5989704227e-05, 2.50591729127e-05, 1.87701007235e-05, 1.66945919773e-05, 8.30003045849e-06, 4.50342304248e-06, 3.94356584366e-06, 3.59395289706e-06, 2.33069522437e-06, 1.82532687631e-06, 1.6632606048e-06, 1.40743395605e-06, 1.46690138081e-06, 1.20518666336e-06], "median": [0.000776219938416, 0.0013605793938, 0.000819842098281, 0.000255688035395, 0.000122974946862, 0.00010494342132, 3.04626555589e-05, 1.04476766865e-05, 1.24367506942e-05, 2.6412672014e-05, 3.2536980143e-05, 1.31538472488e-05, 1.43930874401e-05, 1.43083416333e-05, 1.89924430742e-05, 1.35065056384e-05, 2.47542157013e-05, 2.2142969101e-05, 1.08728327177e-05, 3.08786693495e-05, 4.00789285777e-05, 2.57481260633e-05, 1.34883603096e-05, 1.0831677173e-05, 2.72244833468e-05, 2.06588647416e-05, 2.33409264183e-05, 2.32338061323e-05, 1.63647855516e-05, 1.3569908333e-05, 6.31158127362e-06, 2.80131007457e-06, 2.1776218091e-06, 1.94050198843e-06, 1.22240862765e-06, 1.34216202241e-06, 1.13339251584e-06, 1.07382186343e-06, 1.13755390885e-06, 8.96851872767e-07], "min": [4.8605364908e-24, 9.07684341247e-24, 8.97066431235e-24, 5.90077029006e-24, 2.10447878897e-23, 2.33883784654e-23, 8.40042121866e-24, 5.79798092525e-24, 7.21109665262e-24, 7.40925456771e-24, 6.65006350999e-24, 2.52429178783e-24, 3.94489104419e-24, 7.11796846732e-24, 7.14202635834e-24, 1.6510383852e-23, 4.9684120363e-24, 1.21496207214e-23, 1.01871162272e-23, 1.57491551666e-23, 1.73448708943e-23, 7.41695700559e-24, 9.80763232216e-24, 1.49610105471e-23, 9.10563446893e-24, 8.95818137739e-24, 1.4309220535e-23, 1.13470762349e-23, 1.22981553412e-23, 1.82074271853e-23, 1.0159089577e-23, 7.15485639211e-24, 1.16790935904e-23, 6.66669269788e-24, 9.14493709695e-24, 1.2948035521e-23, 1.06569231282e-23, 1.18800243516e-23, 7.14307081018e-24, 7.57895905881e-24], "var": [4.08280538977e-05, 1.23146219266e-05, 5.7539205045e-06, 8.32051591715e-06, 8.45380654368e-08, 4.79064539149e-08, 1.07028910179e-08, 6.82270850927e-10, 3.09072739624e-10, 1.15997578209e-09, 1.90552640333e-09, 3.79724973687e-10, 1.26563859393e-09, 5.37670297174e-10, 5.65522606522e-09, 2.91751234283e-10, 1.78258807715e-09, 1.12123421658e-09, 1.47867287859e-10, 1.34458832957e-09, 1.45126699547e-09, 4.97962893142e-10, 1.3431747381e-10, 1.22146362469e-10, 4.95169794057e-10, 2.51934945128e-10, 3.75088765603e-10, 3.203700083e-10, 2.99768820877e-10, 3.43891554122e-10, 7.01398661374e-11, 3.46011622132e-11, 2.64696077557e-11, 2.61508089489e-11, 1.19171695082e-11, 4.68523744107e-12, 3.77359732004e-12, 2.43148274952e-12, 2.53123845669e-12, 1.61722946233e-12]}, "mfcc": {"mean": [-637.780578613, 91.1739959717, -7.01230335236, 49.9937171936, 14.9539194107, 13.7067108154, 14.3737573624, -1.30420434475, 6.22501277924, 0.489554852247, -8.07771968842, -2.71277284622, -1.76514816284], "cov": [[11621.2617188, -1195.18762207, -274.110015869, 245.828796387, 143.971435547, 474.58215332, 418.996124268, 396.858123779, 141.877716064, 252.442337036, 110.586143494, 4.47006320953, 37.1105194092], [-1195.18762207, 1811.61608887, -348.218475342, 370.041107178, -39.6521644592, -103.412147522, -18.7509593964, -239.450927734, 1.8260037899, -142.260528564, -120.150688171, -68.4964370728, -66.8968429565], [-274.110015869, -348.218475342, 589.930419922, -140.141677856, 118.961997986, 18.1301898956, -46.2477684021, 76.3855743408, -48.4056053162, 12.2907524109, -2.82528543472, 15.7770719528, 24.9729995728], [245.828796387, 370.041107178, -140.141677856, 294.523345947, 25.779083252, 57.8306007385, 38.7939758301, -18.49376297, 54.8888397217, 5.3186955452, 7.38771820068, -1.05623304844, -3.56767582893], [143.971435547, -39.6521644592, 118.961997986, 25.779083252, 126.775863647, 45.6006507874, 34.2460708618, 27.2388877869, 17.4034614563, 31.3629608154, 6.35263204575, 15.4108543396, 9.07984256744], [474.58215332, -103.412147522, 18.1301898956, 57.8306007385, 45.6006507874, 106.973503113, 47.606502533, 52.3199882507, 28.7779045105, 38.8160400391, 33.515838623, 15.4100027084, 14.5274181366], [418.996124268, -18.7509593964, -46.2477684021, 38.7939758301, 34.2460708618, 47.606502533, 102.801269531, 49.4792137146, 37.4227256775, 35.1967430115, 24.2483615875, 21.4393177032, 12.5065040588], [396.858123779, -239.450927734, 76.3855743408, -18.49376297, 27.2388877869, 52.3199882507, 49.4792137146, 101.361778259, 35.5321846008, 46.3591537476, 34.9410324097, 20.6629829407, 21.958732605], [141.877716064, 1.8260037899, -48.4056053162, 54.8888397217, 17.4034614563, 28.7779045105, 37.4227256775, 35.5321846008, 77.0210952759, 47.3662223816, 27.7182350159, 13.9652900696, 8.1227350235], [252.442337036, -142.260528564, 12.2907524109, 5.3186955452, 31.3629608154, 38.8160400391, 35.1967430115, 46.3591537476, 47.3662223816, 79.9428405762, 46.4877319336, 22.6878128052, 13.5002069473], [110.586143494, -120.150688171, -2.82528543472, 7.38771820068, 6.35263204575, 33.515838623, 24.2483615875, 34.9410324097, 27.7182350159, 46.4877319336, 66.0103149414, 30.7229290009, 16.5288600922], [4.47006320953, -68.4964370728, 15.7770719528, -1.05623304844, 15.4108543396, 15.4100027084, 21.4393177032, 20.6629829407, 13.9652900696, 22.6878128052, 30.7229290009, 48.4655532837, 25.5110549927], [37.1105194092, -66.8968429565, 24.9729995728, -3.56767582893, 9.07984256744, 14.5274181366, 12.5065040588, 21.958732605, 8.1227350235, 13.5002069473, 16.5288600922, 25.5110549927, 43.077457428]], "icov": [[0.000133511217427, 9.70644759946e-05, 0.000128482904984, -0.000158701805049, 1.69063496287e-05, -0.000301361287711, -0.000295073114103, -0.000279116880847, 0.000342228187947, -0.000292816926958, 0.000330389098963, 0.000227658354561, 3.97473886551e-05], [9.70644759946e-05, 0.00147425546311, -9.27550281631e-05, -0.00162010244094, 9.26227803575e-05, 0.000752853055019, -0.00155002868269, 0.00262103136629, -0.00097395881312, 0.00112139200792, 0.000828173011541, 0.000503773801029, 0.000182040064828], [0.000128482904984, -9.27550281631e-05, 0.00419571064413, 0.000778576126322, -0.00456855725497, 0.000257215637248, 0.00403482001275, -0.00573335960507, 0.00357569847256, -0.00032455753535, 0.000650056754239, -0.000467426201794, -0.000540351320524], [-0.000158701805049, -0.00162010244094, 0.000778576126322, 0.00768717285246, -0.00134013232309, -0.00464906590059, 0.00119479710702, 0.000922993058339, -0.00444723619148, 0.00237183691934, -0.00168276554905, 0.000116657181934, -0.000489120546263], [1.69063496287e-05, 9.26227803575e-05, -0.00456855725497, -0.00134013232309, 0.0160762686282, -0.00458080600947, -0.00592243066058, 0.00585355376825, -0.00196275627241, -0.00549238687381, 0.00578824011609, -0.00316126854159, 0.00130122271366], [-0.000301361287711, 0.000752853055019, 0.000257215637248, -0.00464906590059, -0.00458080600947, 0.0203803293407, -0.00201390613802, -0.00549306534231, 0.00289718434215, -0.00039926925092, -0.00576891331002, 0.00296201999299, -0.00158990500495], [-0.000295073114103, -0.00155002868269, 0.00403482001275, 0.00119479710702, -0.00592243066058, -0.00201390613802, 0.0219448916614, -0.0124680651352, 0.000788831501268, -0.00104938552249, 0.000848472584039, -0.00611764891073, 0.000996411079541], [-0.000279116880847, 0.00262103136629, -0.00573335960507, 0.000922993058339, 0.00585355376825, -0.00549306534231, -0.0124680651352, 0.0339696928859, -0.0127555141225, 0.00115911255125, -0.00222220853902, 0.00345391058363, -0.00451745884493], [0.000342228187947, -0.00097395881312, 0.00357569847256, -0.00444723619148, -0.00196275627241, 0.00289718434215, 0.000788831501268, -0.0127555141225, 0.0324055738747, -0.0168775971979, 0.00204569473863, -0.000776115048211, 0.000314798497129], [-0.000292816926958, 0.00112139200792, -0.00032455753535, 0.00237183691934, -0.00549238687381, -0.00039926925092, -0.00104938552249, 0.00115911255125, -0.0168775971979, 0.0367515385151, -0.0169939734042, 0.00176974688657, 0.000521733250935], [0.000330389098963, 0.000828173011541, 0.000650056754239, -0.00168276554905, 0.00578824011609, -0.00576891331002, 0.000848472584039, -0.00222220853902, 0.00204569473863, -0.0169939734042, 0.0376566722989, -0.0161946974695, 0.0021790494211], [0.000227658354561, 0.000503773801029, -0.000467426201794, 0.000116657181934, -0.00316126854159, 0.00296201999299, -0.00611764891073, 0.00345391058363, -0.000776115048211, 0.00176974688657, -0.0161946974695, 0.042267870158, -0.0186762195081], [3.97473886551e-05, 0.000182040064828, -0.000540351320524, -0.000489120546263, 0.00130122271366, -0.00158990500495, 0.000996411079541, -0.00451745884493, 0.000314798497129, 0.000521733250935, 0.0021790494211, -0.0186762195081, 0.0360119380057]]}, "spectral_contrast_coeffs": {"dmean": [0.0546514578164, 0.0440610870719, 0.0325541161001, 0.0279096961021, 0.0173022653908, 0.0211258903146], "dmean2": [0.0865667164326, 0.0722002014518, 0.0544277578592, 0.0470420718193, 0.0295625831932, 0.0344787985086], "dvar": [0.00247360835783, 0.00123643968254, 0.00065875222208, 0.000470178085379, 0.000178322283318, 0.000554911210202], "dvar2": [0.00574689591303, 0.00338128278963, 0.00181063474156, 0.00132096989546, 0.000505830568727, 0.00133426277898], "max": [-0.276861399412, -0.426780283451, -0.62394297123, -0.646475195885, -0.710132062435, -0.549035429955], "mean": [-0.658398628235, -0.752989351749, -0.812821805477, -0.800659656525, -0.808752894402, -0.718172848225], "median": [-0.666462123394, -0.756113827229, -0.814120948315, -0.801075220108, -0.805686473846, -0.725516915321], "min": [-0.976329624653, -0.968283057213, -0.977284371853, -0.955703914165, -0.961611092091, -0.960320055485], "var": [0.00837590917945, 0.00418444862589, 0.00184094673023, 0.00156912428793, 0.000894975732081, 0.0028134000022]}, "spectral_contrast_valleys": {"dmean": [0.365462660789, 0.332266420126, 0.278979241848, 0.218291088939, 0.174783945084, 0.223729178309], "dmean2": [0.603963553905, 0.547889173031, 0.458323776722, 0.356307297945, 0.283880770206, 0.30183750391], "dvar": [0.107964195311, 0.0912395939231, 0.0665142014623, 0.0504806451499, 0.0496348254383, 0.115318089724], "dvar2": [0.265315800905, 0.214012265205, 0.143045574427, 0.0929217487574, 0.0846482738853, 0.188869550824], "max": [-5.47945022583, -5.29781675339, -5.74005746841, -6.15160226822, -5.4191365242, -7.96777105331], "mean": [-7.173589