{"lowlevel": {"average_loudness": 0.936756789684, "barkbands_crest": {"dmean": 3.05206036568, "dmean2": 4.84883356094, "dvar": 9.80665779114, "dvar2": 24.3770256042, "max": 26.5546646118, "mean": 13.4085035324, "median": 12.5498065948, "min": 2.51758146286, "var": 25.009645462}, "barkbands_flatness_db": {"dmean": 0.0393725410104, "dmean2": 0.0530705489218, "dvar": 0.00173196266405, "dvar2": 0.00317077850923, "max": 0.570349991322, "mean": 0.240020364523, "median": 0.241924971342, "min": 0.0221144910902, "var": 0.0074013392441}, "barkbands_kurtosis": {"dmean": 12.6444320679, "dmean2": 18.7908191681, "dvar": 2238.10327148, "dvar2": 4115.22607422, "max": 2205.01147461, "mean": 17.968580246, "median": 3.89019155502, "min": -1.95661187172, "var": 3983.74975586}, "barkbands_skewness": {"dmean": 0.955432832241, "dmean2": 1.41328024864, "dvar": 2.19966959953, "dvar2": 4.48099803925, "max": 31.8024978638, "mean": 2.27695894241, "median": 1.6376414299, "min": -17.4185028076, "var": 7.20359754562}, "barkbands_spread": {"dmean": 6.06024932861, "dmean2": 9.16526412964, "dvar": 143.041763306, "dvar2": 315.777313232, "max": 141.399703979, "mean": 13.521364212, "median": 8.96608924866, "min": 0.0710798278451, "var": 247.803405762}, "dissonance": {"dmean": 0.0336747132242, "dmean2": 0.0546485595405, "dvar": 0.00098599481862, "dvar2": 0.00253469147719, "max": 0.500000119209, "mean": 0.414986938238, "median": 0.423243165016, "min": 0.163020133972, "var": 0.002923944965}, "dynamic_complexity": 4.01716423035, "erbbands_crest": {"dmean": 2.42394948006, "dmean2": 3.74903774261, "dvar": 5.83914136887, "dvar2": 12.9754657745, "max": 29.9674797058, "mean": 11.521604538, "median": 10.6946773529, "min": 2.13413238525, "var": 23.8831691742}, "erbbands_flatness_db": {"dmean": 0.0325705967844, "dmean2": 0.0410772301257, "dvar": 0.00124396476895, "dvar2": 0.00216775108129, "max": 0.449226021767, "mean": 0.219270497561, "median": 0.222507983446, "min": 0.0393769033253, "var": 0.00716749299318}, "erbbands_kurtosis": {"dmean": 1.83755660057, "dmean2": 2.89701962471, "dvar": 15.4743700027, "dvar2": 37.0127868652, "max": 114.986610413, "mean": 1.79413855076, "median": 0.514500141144, "min": -1.95281112194, "var": 23.2598075867}, "erbbands_skewness": {"dmean": 0.488957554102, "dmean2": 0.742192327976, "dvar": 0.345392137766, "dvar2": 0.752980411053, "max": 9.39154624939, "mean": 0.701296329498, "median": 0.600989103317, "min": -8.81006526947, "var": 1.12902116776}, "erbbands_spread": {"dmean": 10.9551048279, "dmean2": 15.8920640945, "dvar": 286.198059082, "dvar2": 563.389709473, "max": 252.172622681, "mean": 31.5510501862, "median": 21.5526866913, "min": 2.31246590614, "var": 749.960327148}, "hfc": {"dmean": 9.80033779144, "dmean2": 15.1886806488, "dvar": 469.270904541, "dvar2": 1146.73449707, "max": 234.179458618, "mean": 18.315530777, "median": 11.5496673584, "min": 1.23703007723e-16, "var": 535.160644531}, "melbands_crest": {"dmean": 3.23438096046, "dmean2": 5.15377283096, "dvar": 10.9529418945, "dvar2": 25.3836708069, "max": 36.5454292297, "mean": 16.8460597992, "median": 16.2141036987, "min": 1.82190978527, "var": 32.0243606567}, "melbands_flatness_db": {"dmean": 0.0458616316319, "dmean2": 0.0610240735114, "dvar": 0.00245001865551, "dvar2": 0.0044772438705, "max": 0.721611022949, "mean": 0.328753679991, "median": 0.334160923958, "min": 0.005602076184, "var": 0.011308837682}, "melbands_kurtosis": {"dmean": 20.4318199158, "dmean2": 30.1962528229, "dvar": 4346.19384766, "dvar2": 9337.16796875, "max": 1637.01647949, "mean": 31.7960567474, "median": 8.47223377228, "min": -1.94487679005, "var": 8139.49072266}, "melbands_skewness": {"dmean": 1.08847403526, "dmean2": 1.62366247177, "dvar": 2.60058808327, "dvar2": 5.46986532211, "max": 34.264957428, "mean": 3.06128144264, "median": 2.28662872314, "min": -5.20401954651, "var": 8.23910903931}, "melbands_spread": {"dmean": 5.68831300735, "dmean2": 8.96509838104, "dvar": 205.579055786, "dvar2": 460.921356201, "max": 317.256317139, "mean": 14.6680908203, "median": 9.41171455383, "min": 0.161827743053, "var": 601.484985352}, "pitch_salience": {"dmean": 0.0833697915077, "dmean2": 0.130832418799, "dvar": 0.00821781996638, "dvar2": 0.019366716966, "max": 0.898077666759, "mean": 0.469683676958, "median": 0.469584137201, "min": 0.0660331621766, "var": 0.0213996935636}, "silence_rate_20dB": {"dmean": 0, "dmean2": 0, "dvar": 0, "dvar2": 0, "max": 1, "mean": 1, "median": 1, "min": 1, "var": 0}, "silence_rate_30dB": {"dmean": 0.0580320581794, "dmean2": 0.116077698767, "dvar": 0.0546594969928, "dvar2": 0.109399572015, "max": 1, "mean": 0.927819371223, "median": 1, "min": 0, "var": 0.0669706016779}, "silence_rate_60dB": {"dmean": 0.0283140279353, "dmean2": 0.056634683162, "dvar": 0.0275163184851, "dvar2": 0.059274636209, "max": 1, "mean": 0.0897285938263, "median": 0, "min": 0, "var": 0.0816823542118}, "spectral_centroid": {"dmean": 205.153671265, "dmean2": 317.08895874, "dvar": 171890.578125, "dvar2": 358420.9375, "max": 11094.9960938, "mean": 800.672363281, "median": 625.811157227, "min": 71.273475647, "var": 609220.25}, "spectral_complexity": {"dmean": 2.58149051666, "dmean2": 3.88930487633, "dvar": 19.0257320404, "dvar2": 40.1241493225, "max": 49, "mean": 10.894244194, "median": 10, "min": 0, "var": 48.1346626282}, "spectral_decrease": {"dmean": 4.48246018081e-09, "dmean2": 6.83550149816e-09, "dvar": 6.14571835546e-17, "dvar2": 1.15173690346e-16, "max": 9.9855082536e-11, "mean": -1.10368949535e-08, "median": -8.40114022793e-09, "min": -8.03825201956e-08, "var": 1.26941664666e-16}, "spectral_energy": {"dmean": 0.0176152512431, "dmean2": 0.0268500596285, "dvar": 0.000899486767594, "dvar2": 0.00168600666802, "max": 0.307397812605, "mean": 0.0433170869946, "median": 0.0335958339274, "min": 1.10680909941e-20, "var": 0.00187701068353}, "spectral_energyband_high": {"dmean": 0.000728348793928, "dmean2": 0.00115846400149, "dvar": 4.92437493449e-06, "dvar2": 1.22566380014e-05, "max": 0.0248387698084, "mean": 0.000604906177614, "median": 1.5824156435e-05, "min": 8.45943233732e-21, "var": 4.18017089032e-06}, "spectral_energyband_low": {"dmean": 0.0134642980993, "dmean2": 0.0202370565385, "dvar": 0.000820536690298, "dvar2": 0.00163347076159, "max": 0.281750828028, "mean": 0.0225451234728, "median": 0.0112705230713, "min": 5.33620226171e-23, "var": 0.00130390899722}, "spectral_energyband_middle_high": {"dmean": 0.001335537876, "dmean2": 0.00193607609253, "dvar": 7.87478984421e-06, "dvar2": 1.61364114319e-05, "max": 0.0665755569935, "mean": 0.00455463305116, "median": 0.0021514990367, "min": 1.3835096577e-21, "var": 3.85469429602e-05}, "spectral_energyband_middle_low": {"dmean": 0.00619676476344, "dmean2": 0.0102627761662, "dvar": 0.000107021041913, "dvar2": 0.000283974164631, "max": 0.123070575297, "mean": 0.0163051392883, "median": 0.0125367119908, "min": 3.25230564263e-22, "var": 0.000229035998927}, "spectral_entropy": {"dmean": 0.372448414564, "dmean2": 0.495364516973, "dvar": 0.192318439484, "dvar2": 0.331066220999, "max": 9.81257534027, "mean": 6.66797590256, "median": 6.52277994156, "min": 4.3744096756, "var": 0.77704012394}, "spectral_flux": {"dmean": 0.0381916761398, "dmean2": 0.0617672987282, "dvar": 0.0024432153441, "dvar2": 0.00577502744272, "max": 0.421628415585, "mean": 0.0869820713997, "median": 0.062699586153, "min": 1.05204997491e-10, "var": 0.00600093929097}, "spectral_kurtosis": {"dmean": 8.17319393158, "dmean2": 12.402554512, "dvar": 107.798950195, "dvar2": 256.313171387, "max": 157.82901001, "mean": 16.9358444214, "median": 12.4770288467, "min": -1.1939009428, "var": 301.175476074}, "spectral_rms": {"dmean": 0.00117676018272, "dmean2": 0.0017563997535, "dvar": 2.64059758592e-06, "dvar2": 4.77610683447e-06, "max": 0.0173176303506, "mean": 0.00575215788558, "median": 0.00572506990284, "min": 3.28605198607e-12, "var": 9.17325269256e-06}, "spectral_rolloff": {"dmean": 499.034973145, "dmean2": 867.963134766, "dvar": 2238796.25, "dvar2": 5264001, "max": 19509.0820312, "mean": 1180.69360352, "median": 516.796875, "min": 21.533203125, "var": 5764859.5}, "spectral_skewness": {"dmean": 0.726055800915, "dmean2": 1.03897607327, "dvar": 0.602864801884, "dvar2": 1.31569385529, "max": 10.756690979, "mean": 2.83238887787, "median": 2.68181157112, "min": -0.0302492976189, "var": 2.09264302254}, "spectral_spread": {"dmean": 1084221.375, "dmean2": 1365350.375, "dvar": 2045859332100.0, "dvar2": 3171881844740.0, "max": 40423212, "mean": 4341292, "median": 2920466, "min": 568784.375, "var": 9967485583360.0}, "spectral_strongpeak": {"dmean": 0.461401253939, "dmean2": 0.806026935577, "dvar": 0.606399178505, "dvar2": 1.53578054905, "max": 8.81454372406, "mean": 0.956092298031, "median": 0.487038522959, "min": 0, "var": 1.29044032097}, "zerocrossingrate": {"dmean": 0.0124185802415, "dmean2": 0.0139429261908, "dvar": 0.000475027336506, "dvar2": 0.000501277449075, "max": 0.748046875, "mean": 0.0464123077691, "median": 0.02685546875, "min": 0.00146484375, "var": 0.004929759074}, "barkbands": {"dmean": [0.00168473471422, 0.0121973454952, 0.00271035730839, 0.00171355798375, 0.00217979657464, 0.00259213941172, 0.000517706794199, 0.000225403782679, 0.000376849173335, 0.000516945903655, 0.00035898477654, 0.000299634120893, 0.00018970790552, 0.000242730675382, 0.000132756409585, 0.000114996255434, 8.97428035387e-05, 6.12602307228e-05, 4.42328600911e-05, 4.80351154692e-05, 5.9611415054e-05, 7.89832411101e-05, 0.000106657171273, 0.000183424446732, 0.000255456427112, 2.74360791082e-05, 7.90825288277e-06], "dmean2": [0.00283284555189, 0.0187369380146, 0.00480470294133, 0.00306637072936, 0.00349668459967, 0.00452364003286, 0.000823025358841, 0.000351446476998, 0.000537910673302, 0.000662020174786, 0.000502653303556, 0.000456459529232, 0.000294611672871, 0.000360766687663, 0.00020928750746, 0.000185943499673, 0.000142680262798, 9.56333897193e-05, 7.25782956579e-05, 7.64886790421e-05, 9.33213304961e-05, 0.000125949678477, 0.000162182041095, 0.000294461875455, 0.00042628342635, 4.19421157858e-05, 1.19581809486e-05], "dvar": [1.87119658221e-05, 0.000761291070376, 6.61442099954e-05, 3.44262261933e-05, 1.53858745762e-05, 2.29904944717e-05, 1.12458781132e-06, 7.67999665641e-07, 8.69421228344e-07, 2.13125599657e-06, 2.35815036831e-06, 5.26514725152e-07, 2.38972035049e-07, 4.6900024131e-07, 1.48179339021e-07, 1.07081987721e-07, 3.95601382763e-08, 2.60028016896e-08, 1.81515034114e-08, 1.62880748888e-08, 3.16200150507e-08, 5.43232694383e-08, 8.1738328106e-08, 3.27642965203e-07, 1.0621176898e-06, 6.37129993208e-09, 8.39726232993e-10], "dvar2": [4.96019711136e-05, 0.00171656219754, 0.000181253795745, 9.48423185037e-05, 3.73840703105e-05, 7.63618518249e-05, 2.40969052356e-06, 2.00942645279e-06, 1.92732227333e-06, 3.16860837302e-06, 4.00013004764e-06, 1.29777129132e-06, 5.587388614e-07, 9.50134960931e-07, 3.41556699368e-07, 2.698411663e-07, 9.03163908106e-08, 6.1601156176e-08, 4.84240381127e-08, 4.07132958458e-08, 7.76847599582e-08, 1.32444952783e-07, 1.86764339105e-07, 8.36388664993e-07, 2.85103647002e-06, 1.4272212745e-08, 1.92779303632e-09], "max": [0.0562958195806, 0.250215083361, 0.0727266669273, 0.0552320107818, 0.0462018214166, 0.0704367756844, 0.0230729375035, 0.0345240533352, 0.0267285164446, 0.0406831540167, 0.0523816049099, 0.0117091825232, 0.0126862246543, 0.0140633713454, 0.0127383191139, 0.00759507482871, 0.00433611497283, 0.00380757683888, 0.00139903090894, 0.00136533309706, 0.00209617661312, 0.00364039372653, 0.00331834075041, 0.00558422366157, 0.0147062549368, 0.00147499493323, 0.00103833968751], "mean": [0.00178745447192, 0.0181321278214, 0.00268938904628, 0.00138468551449, 0.00361252226867, 0.00655838334933, 0.00160806404892, 0.000411925226217, 0.0010330908699, 0.00202231761068, 0.00106736528687, 0.000843539368361, 0.000377422577003, 0.000483515264932, 0.000233378799749, 0.000151087078848, 0.000151341417222, 9.00772647583e-05, 4.83324583911e-05, 4.58920840174e-05, 5.14346029377e-05, 6.82417303324e-05, 9.58042946877e-05, 0.000146299396874, 0.00018969863595, 2.60182441707e-05, 7.57421321396e-06], "median": [0.000156876907567, 0.00825100392103, 0.000371590664145, 0.000107853848021, 0.0013847516384, 0.00446816300973, 0.000473364721984, 8.06199313956e-05, 0.000372725335183, 0.000166486133821, 4.99931047671e-05, 0.000117345618492, 8.40267894091e-05, 0.000123685851577, 6.16794568487e-05, 3.00756419165e-05, 4.44104662165e-05, 1.93113628484e-05, 8.81032610778e-06, 7.15236456017e-06, 2.77503818324e-06, 1.12176167022e-06, 1.04674631984e-06, 1.63241918472e-06, 2.09633390114e-06, 1.09180973595e-06, 1.49154516293e-07], "min": [6.81008473348e-24, 2.72435322429e-23, 1.35654966731e-23, 7.95874351985e-24, 6.56639234699e-23, 4.82332970844e-23, 8.8106820586e-23, 5.19818126447e-23, 5.34891175753e-23, 1.02852858648e-22, 1.57126968554e-22, 7.35709792455e-23, 5.90412531549e-23, 1.89977976547e-22, 1.23707513704e-22, 1.15945980678e-22, 1.21414452825e-22, 1.30151686885e-22, 2.03328204123e-22, 2.6876349677e-22, 4.84398158207e-22, 4.24932081366e-22, 8.22229292372e-22, 8.96786972526e-22, 1.3205329605e-21, 1.94854247657e-21, 2.67354103993e-21], "var": [1.68757906067e-05, 0.000953257083893, 4.90287857247e-05, 2.40022291109e-05, 3.00373631035e-05, 5.48903917661e-05, 7.08002926331e-06, 1.08622600692e-06, 2.66866550191e-06, 2.30769128393e-05, 1.11126128104e-05, 2.14723422687e-06, 6.05095692663e-07, 1.08432402612e-06, 2.8009017683e-07, 1.40978869467e-07, 8.67277663019e-08, 4.07320612794e-08, 1.60213566858e-08, 1.43643390516e-08, 2.85844521386e-08, 4.96936571892e-08, 8.24866290827e-08, 2.63449237536e-07, 7.37276309337e-07, 7.18296711e-09, 1.04864095185e-09]}, "erbbands": {"dmean": [0.355051130056, 2.77397584915, 3.6615395546, 4.35945749283, 6.00664424896, 7.92588424683, 9.31492900848, 24.0524501801, 16.0780735016, 6.02133464813, 5.16067504883, 7.53764533997, 19.7459163666, 9.5053768158, 12.9273681641, 13.0899810791, 8.61982727051, 13.6989116669, 5.74031877518, 7.18846178055, 6.33246707916, 4.20962524414, 3.57178974152, 2.10265302658, 2.42531085014, 2.16068792343, 2.10615849495, 2.65956330299, 2.78470230103, 3.17140388489, 2.97199583054, 2.60742545128, 3.66593694687, 3.83662128448, 1.26545417309, 0.179244354367, 0.0444905348122, 0.0103234704584, 0.00128341163509, 8.94321856322e-05], "dmean2": [0.556083798409, 4.30689001083, 6.00262546539, 7.78718185425, 10.1747741699, 12.7752799988, 14.4876422882, 42.2613105774, 28.5825099945, 9.01162242889, 7.90709543228, 10.7313575745, 25.2903461456, 13.1564407349, 18.2336273193, 19.848361969, 13.146777153, 20.488407135, 8.85517120361, 11.4625177383, 10.2302684784, 6.63551282883, 5.53544282913, 3.42073726654, 3.85252690315, 3.44157934189, 3.33057546616, 4.1782336235, 4.43800592422, 4.95621871948, 4.4671497345, 3.95106816292, 6.071144104, 6.49944448471, 2.05986690521, 0.273418277502, 0.0683798491955, 0.0158583912998, 0.00191704183817, 0.000135621143272], "dvar": [0.55609023571, 45.1577224731, 106.141067505, 211.596679688, 252.544082642, 212.909790039, 306.505310059, 2223.8034668, 954.943725586, 358.343994141, 710.600341797, 316.825500488, 3040.22680664, 694.444152832, 2365.36181641, 1003.78521729, 527.684875488, 1417.33435059, 358.468505859, 440.985778809, 262.941955566, 83.2918167114, 96.9918670654, 31.3183135986, 36.7911491394, 34.0321502686, 41.0744132996, 64.3258895874, 67.8094482422, 75.1675262451, 62.4436340332, 53.5154685974, 160.309616089, 278.395690918, 18.7273979187, 0.391347229481, 0.015987880528, 0.00127242901362, 2.28877579502e-05, 7.1683167846e-08], "dvar2": [1.33699011803, 100.570114136, 264.38458252, 580.039306641, 651.33782959, 541.102416992, 684.736572266, 7242.06152344, 3238.30541992, 641.050170898, 1914.83093262, 728.315551758, 4358.52734375, 1267.87670898, 3985.28955078, 2425.81762695, 1171.7208252, 2905.3112793, 788.784118652, 1040.53991699, 648.05657959, 186.400741577, 229.742401123, 83.444770813, 92.6481781006, 84.6958847046, 102.696586609, 157.902938843, 165.914169312, 179.102584839, 140.925460815, 125.577255249, 424.797424316, 761.331848145, 47.6108818054, 0.873697221279, 0.0351209826767, 0.00280123087578, 5.62052082387e-05, 1.65617393577e-07], "max": [6.108066082, 64.5707321167, 91.9177017212, 139.723175049, 269.641845703, 230.718292236, 398.525726318, 809.955688477, 362.892608643, 598.48815918, 1151.11218262, 532.197753906, 1597.84216309, 661.290222168, 1635.04089355, 537.77331543, 619.185119629, 753.35546875, 730.445495605, 613.916687012, 379.843811035, 179.565505981, 219.594940186, 61.8602867126, 64.7318954468, 63.1398200989, 66.8862075806, 97.6326293945, 108.609779358, 119.041717529, 79.408454895, 112.941749573, 121.146110535, 244.999023438, 51.0865707397, 21.0438251495, 1.94641327858, 1.48472940922, 0.200135454535, 0.00587825849652], "mean": [0.534648120403, 3.91912126541, 4.48015213013, 3.75285124779, 6.3751707077, 14.3430948257, 22.0173454285, 61.5995330811, 40.3246459961, 17.4127120972, 10.7107133865, 23.1143665314, 80.0086288452, 27.7908763885, 40.9386940002, 38.1814079285, 19.592716217, 28.7424468994, 10.451259613, 11.6655235291, 9.56597709656, 7.29125547409, 5.57152175903, 2.61392521858, 2.83880114555, 2.0588965416, 1.84767138958, 2.22944545746, 2.38084411621, 2.80385684967, 2.69084882736, 2.27643990517, 2.75869750977, 2.7560710907, 0.991255581379, 0.172476500273, 0.0405665002763, 0.00956792477518, 0.0012752560433, 0.0001137111758], "median": [0.269018083811, 1.56211566925, 1.25494337082, 0.569138646126, 1.43206596375, 5.46586370468, 10.8673496246, 36.8994827271, 21.0504951477, 3.75604152679, 3.5063521862, 8.70598888397, 10.6327762604, 5.75220108032, 7.07769775391, 9.06477737427, 6.66733455658, 7.345038414, 3.4493355751, 3.38221406937, 2.8585934639, 2.36869668961, 1.37507939339, 0.696678221226, 0.558035850525, 0.344686746597, 0.139777600765, 0.0812277048826, 0.0442351326346, 0.036925047636, 0.0302068535239, 0.0275626890361, 0.0260142721236, 0.0219323001802, 0.015379355289, 0.00656606443226, 0.00151119020302, 0.000291614211164, 4.65400371468e-05, 4.52836393379e-05], "min": [1.0545645052e-21, 4.65603932104e-21, 1.77564318969e-20, 2.63079155423e-20, 1.15661317557e-19, 2.19393734253e-19, 2.23528499942e-19, 5.11499487783e-19, 1.65023028513e-18, 4.31853911364e-19, 1.31052075263e-18, 1.25610653719e-18, 1.68591640772e-18, 5.60387733481e-18, 6.06869783155e-18, 2.77912233777e-18, 3.07675681142e-18, 6.99805965158e-18, 1.04748428684e-17, 4.57808073101e-18, 6.50557161771e-18, 7.72941718043e-18, 8.13946219061e-18, 9.65774641468e-18, 9.58919382142e-18, 1.38472689791e-17, 1.75673458664e-17, 1.95930450121e-17, 1.43216297635e-17, 1.85607600036e-17, 2.51721664855e-17, 1.98544274682e-17, 1.60783976028e-17, 1.35236924671e-17, 8.84066898613e-18, 5.61624451214e-18, 4.04607248901e-18, 1.63172511745e-18, 3.67094613292e-19, 3.71924346405e-20], "var": [0.691585958004, 54.3317985535, 101.412185669, 147.050720215, 258.505279541, 516.462158203, 948.997375488, 5917.76806641, 2553.28393555, 2852.82739258, 736.465270996, 1116.48303223, 34899.53125, 2885.33764648, 11163.4316406, 4582.75146484, 1382.73376465, 3690.4296875, 656.655273438, 677.053771973, 395.63067627, 195.780258179, 151.449554443, 32.2949714661, 39.1108970642, 29.8812236786, 35.7928543091, 57.2820014954, 61.2336654663, 71.6773529053, 65.077911377, 53.9130744934, 115.628105164, 183.294815063, 14.9337997437, 0.477422773838, 0.0171533748507, 0.0015048396308, 2.89283616439e-05, 7.77202657787e-08]}, "gfcc": {"mean": [-74.9921035767, 127.285606384, -97.1468429565, -0.288939833641, -45.1231918335, 7.44211959839, -36.4309959412, 5.54439592361, -16.680765152, 5.20602369308, -0.486123859882, 9.39651679993, 4.30062198639], "cov": [[15364.5761719, -35.4940681458, -338.71206665, 1096.15405273, 4.96401453018, 989.602905273, -293.692840576, 431.586730957, -243.124404907, -7.49193763733, -39.6565742493, -49.9614143372, -122.896034241], [-35.4940681458, 4535.97558594, -1175.44396973, -590.193664551, 1141.26293945, -660.014648438, 529.982055664, -96.1000595093, 279.483764648, -73.1401519775, 464.126556396, -14.6451425552, 372.840270996], [-338.71206665, -1175.44396973, 2506.19604492, 1028.13635254, 12.0895195007, 819.690856934, -34.647403717, 203.048065186, -43.3999824524, -42.3668365479, -368.921234131, -57.9168586731, -260.514373779], [1096.15405273, -590.193664551, 1028.13635254, 1233.48083496, 196.963653564, 369.930664062, 109.451187134, 182.007217407, 75.7317810059, 1.44052135944, -128.785995483, -84.9826202393, -127.592681885], [4.96401453018, 1141.26293945, 12.0895195007, 196.963653564, 803.775512695, -46.9721946716, 212.36114502, 163.220245361, 94.7313690186, 10.4723320007, 115.654762268, -51.0774917603, 40.1032409668], [989.602905273, -660.014648438, 819.690856934, 369.930664062, -46.9721946716, 649.792419434, 69.2723464966, 142.636932373, -9.69653511047, 25.7481880188, -127.742805481, -4.25928592682, -104.092453003], [-293.692840576, 529.982055664, -34.647403717, 109.451187134, 212.36114502, 69.2723464966, 360.525970459, 31.7446575165, 121.335525513, 25.9178066254, 79.0261917114, -12.9828023911, 61.5648040771], [431.586730957, -96.1000595093, 203.048065186, 182.007217407, 163.220245361, 142.636932373, 31.7446575165, 208.042144775, 20.0172080994, 35.8920974731, -4.4174656868, -0.510937213898, -25.7849655151], [-243.124404907, 279.483764648, -43.3999824524, 75.7317810059, 94.7313690186, -9.69653511047, 121.335525513, 20.0172080994, 187.092483521, 62.0734329224, 85.2343826294, 30.2668209076, 48.2816047668], [-7.49193763733, -73.1401519775, -42.3668365479, 1.44052135944, 10.4723320007, 25.7481880188, 25.9178066254, 35.8920974731, 62.0734329224, 116.409706116, 59.7082901001, 31.4551010132, 9.45244312286], [-39.6565742493, 464.126556396, -368.921234131, -128.785995483, 115.654762268, -127.742805481, 79.0261917114, -4.4174656868, 85.2343826294, 59.7082901001, 188.098251343, 49.5589942932, 82.1492538452], [-49.9614143372, -14.6451425552, -57.9168586731, -84.9826202393, -51.0774917603, -4.25928592682, -12.9828023911, -0.510937213898, 30.2668209076, 31.4551010132, 49.5589942932, 93.2532424927, 42.5039138794], [-122.896034241, 372.840270996, -260.514373779, -127.592681885, 40.1032409668, -104.092453003, 61.5648040771, -25.7849655151, 48.2816047668, 9.45244312286, 82.1492538452, 42.5039138794, 129.337112427]], "icov": [[0.000148101986269, -0.00016849952226, 0.000283499335637, -0.000340033904649, 0.000185006894753, -0.000527324446011, 0.000402137608035, -0.000221568843699, 0.000306519970763, -6.15990356891e-05, -6.11960695096e-06, -4.93668230774e-05, 5.48784482817e-05], [-0.00016849952226, 0.00095080625033, -0.000402185280109, 0.000760913011618, -0.00116060045548, 0.000783884432167, -0.000798017252237, 0.000782706192695, -0.000843345595058, 0.00106801535003, -0.000755139801186, 0.000514873769134, -0.000886598136276], [0.000283499335637, -0.000402185280109, 0.0016884066863, -0.00121961766854, 0.000124800615595, -0.00190590613056, 0.00104563578498, -0.000193516883883, 0.000346136570442, -0.000109164131572, 0.00154067703988, -0.00109735189471, 0.000778340443503], [-0.000340033904649, 0.000760913011618, -0.00121961766854, 0.00250147166662, -0.000922012084629, 0.0013036550954, -0.00127598724794, 9.16650897125e-05, -0.00180952181108, 0.000824372924399, -0.00038894554018, 0.0014208793873, -0.000149357903865], [0.000185006894753, -0.00116060045548, 0.000124800615595, -0.000922012084629, 0.00376978632994, -0.000192900406546, 6.97001160006e-05, -0.00300219305791, 0.000915908720344, -0.000415279791923, -0.000995216658339, 0.00119428010657, 0.00083550286945], [-0.000527324446011, 0.000783884432167, -0.00190590613056, 0.0013036550954, -0.000192900406546, 0.00547218555585, -0.00306143448688, -0.000763025076594, -0.000520735920873, -0.000362848251825, 0.000483245734358, -0.000676269817632, 0.00059163174592], [0.000402137608035, -0.000798017252237, 0.00104563578498, -0.00127598724794, 6.97001160006e-05, -0.00306143448688, 0.00626948662102, -8.89622242539e-05, -0.00131262512878, -0.000115793060104, -0.000677814532537, 0.0019307686016, -0.00166312314104], [-0.000221568843699, 0.000782706192695, -0.000193516883883, 9.16650897125e-05, -0.00300219305791, -0.000763025076594, -8.89622242539e-05, 0.00890384800732, -0.00034974492155, -0.00153911649249, 0.000317244936014, -0.00110806489829, -0.00022628667648], [0.000306519970763, -0.000843345595058, 0.000346136570442, -0.00180952181108, 0.000915908720344, -0.000520735920873, -0.00131262512878, -0.00034974492155, 0.0108251608908, -0.00430952431634, -0.00151663867291, -0.00209494167939, -0.000587873102631], [-6.15990356891e-05, 0.00106801535003, -0.000109164131572, 0.000824372924399, -0.000415279791923, -0.000362848251825, -0.000115793060104, -0.00153911649249, -0.00430952431634, 0.0150269996375, -0.00543477153406, -0.000811002391856, 0.00127005169634], [-6.11960695096e-06, -0.000755139801186, 0.00154067703988, -0.00038894554018, -0.000995216658339, 0.000483245734358, -0.000677814532537, 0.000317244936014, -0.00151663867291, -0.00543477153406, 0.0155211696401, -0.00555972522125, -0.00109392544255], [-4.93668230774e-05, 0.000514873769134, -0.00109735189471, 0.0014208793873, 0.00119428010657, -0.000676269817632, 0.0019307686016, -0.00110806489829, -0.00209494167939, -0.000811002391856, -0.00555972522125, 0.0190484728664, -0.00628154585138], [5.48784482817e-05, -0.000886598136276, 0.000778340443503, -0.000149357903865, 0.00083550286945, 0.00059163174592, -0.00166312314104, -0.00022628667648, -0.000587873102631, 0.00127005169634, -0.00109392544255, -0.00628154585138, 0.0156094608828]]}, "melbands": {"dmean": [0.00335179129615, 0.00235841656104, 0.000809785386082, 0.000471827836009, 0.000335399818141, 0.000535490573384, 0.000234088351135, 5.81132590014e-05, 4.5643409976e-05, 5.1404851547e-05, 9.83547506621e-05, 3.62519931514e-05, 5.30839097337e-05, 3.55438387487e-05, 2.52642730629e-05, 2.00645390578e-05, 2.61364493781e-05, 8.91943727765e-06, 9.39156143431e-06, 8.58652765601e-06, 8.12731832411e-06, 4.81327833768e-06, 3.98564361603e-06, 2.86863178189e-06, 1.5653193941e-06, 1.88011767932e-06, 1.68149233559e-06, 1.36604614909e-06, 1.3942417354e-06, 1.35450966354e-06, 1.56428200171e-06, 1.42402791425e-06, 1.82999315257e-06, 1.82914277502e-06, 1.79674896117e-06, 1.73713635832e-06, 1.45641286053e-06, 2.31815579355e-06, 3.04923855765e-06, 3.5207210658e-06], "dmean2": [0.00509859668091, 0.00372906774282, 0.00142914580647, 0.000769597361796, 0.000523546128534, 0.000941583653912, 0.000416170398239, 8.68405841175e-05, 6.91242676112e-05, 7.27055594325e-05, 0.000126132668811, 5.0641650887e-05, 7.39630049793e-05, 5.40763430763e-05, 3.87035797758e-05, 3.07274895022e-05, 3.91365138057e-05, 1.3868426322e-05, 1.47610526255e-05, 1.38700288517e-05, 1.32087534439e-05, 7.69131929701e-06, 6.16200077275e-06, 4.59675038655e-06, 2.56337330029e-06, 3.1214090086e-06, 2.63826200353e-06, 2.20346419155e-06, 2.31198555412e-06, 2.07398875318e-06, 2.48016181104e-06, 2.25670009968e-06, 3.01580644191e-06, 2.81317443296e-06, 2.68768349088e-06, 2.7563689855e-06, 2.15630734601e-06, 3.87485033571e-06, 5.08832090418e-06, 6.00926159677e-06], "dvar": [5.11972248205e-05, 3.64273364539e-05, 6.77561138218e-06, 9.12998530112e-07, 3.7904266037e-07, 1.07075948108e-06, 1.97259822698e-07, 3.23367750354e-08, 5.94760791728e-08, 1.24193935136e-08, 7.4666729688e-08, 1.12438529598e-08, 5.06249691057e-08, 7.28592786103e-09, 3.38119998666e-09, 2.92000401636e-09, 5.409808157e-09, 8.3227769121e-10, 6.43356978802e-10, 6.76379563469e-10, 4.45779468894e-10, 1.26740104522e-10, 1.05536315798e-10, 5.25415370933e-11, 1.97245535877e-11, 3.50646248148e-11, 1.36369431372e-11, 1.60965997476e-11, 2.22714433701e-11, 1.52206424547e-11, 2.15214703697e-11, 1.73164989292e-11, 3.36576218285e-11, 2.37663812241e-11, 2.26698763928e-11, 2.85061228095e-11, 1.6364210334e-11, 6.31333527124e-11, 1.32015232079e-10, 2.75766465219e-10], "dvar2": [0.000117836250865, 7.78968751547e-05, 1.84954224096e-05, 2.28716589845e-06, 8.54440315834e-07, 3.55283941644e-06, 6.75469038924e-07, 6.09913612948e-08, 1.61208760119e-07, 2.66060240506e-08, 1.07456251897e-07, 2.07768362515e-08, 8.4630826791e-08, 1.7638773997e-08, 8.07221844923e-09, 6.3684675311e-09, 1.11326379226e-08, 1.8139474367e-09, 1.50222667639e-09, 1.66904234877e-09, 1.07885722578e-09, 2.82852491429e-10, 2.35331004683e-10, 1.33116559442e-10, 5.2508730003e-11, 9.42758718314e-11, 3.24196849921e-11, 4.06225886262e-11, 5.96221197413e-11, 3.46603128143e-11, 5.28079559248e-11, 4.082770233e-11, 8.69728664088e-11, 5.54814250098e-11, 5.08035453983e-11, 7.02451014023e-11, 3.73637995543e-11, 1.68457747751e-10, 3.51295020851e-10, 7.62531149334e-10], "max": [0.0573084205389, 0.0609771758318, 0.0230837259442, 0.0115421591327, 0.0131667209789, 0.0164654701948, 0.00515674799681, 0.00543858669698, 0.0105073787272, 0.00274762581103, 0.00787957198918, 0.00294984970242, 0.00782426819205, 0.00140183279291, 0.00110328744631, 0.00105228740722, 0.00159932742827, 0.0010283193551, 0.000593880133238, 0.000674149079714, 0.000534618331585, 0.000229056691751, 0.000249578646617, 0.000152886059368, 5.83788241784e-05, 6.09228663961e-05, 4.23047786171e-05, 4.53979628219e-05, 5.06209689775e-05, 4.83450421598e-05, 5.36021143489e-05, 5.19334316778e-05, 8.67001072038e-05, 5.62591449125e-05, 5.07457443746e-05, 7.81163034844e-05, 6.99430456734e-05, 7.55898436182e-05, 0.000147547209053, 0.000250090757618], "mean": [0.00505868066102, 0.00345553923398, 0.000724873621948, 0.000707022089045, 0.000773836101871, 0.00136749097146, 0.000582795066293, 0.000155204208568, 9.65174549492e-05, 0.000158177877893, 0.000394032191252, 9.49760651565e-05, 0.000162947253557, 0.00010142881365, 6.05466666457e-05, 4.26826118201e-05, 5.32504382136e-05, 1.46107213368e-05, 1.6589585357e-05, 1.20540289572e-05, 1.18373136502e-05, 7.81377912062e-06, 6.63321270622e-06, 3.91483717976e-06, 1.84118118796e-06, 2.02145224648e-06, 1.90228843167e-06, 1.21002551623e-06, 1.12704981348e-06, 1.24644031985e-06, 1.27910254832e-06, 1.23306722344e-06, 1.51800600179e-06, 1.63513175266e-06, 1.65076039593e-06, 1.4460725879e-06, 1.3179491134e-06, 1.71878014044e-06, 2.27611508308e-06, 2.48307037509e-06], "median": [0.00253918394446, 0.00143480638508, 0.000111823501356, 0.000245691015152, 0.000367719039787, 0.00086335814558, 0.000307919457555, 2.04105381272e-05, 2.63459860435e-05, 5.59643012821e-05, 4.93612133141e-05, 1.7085676518e-05, 1.15218936116e-05, 1.40139527502e-05, 1.29261134134e-05, 9.69858228927e-06, 1.25347760331e-05, 3.80517531084e-06, 4.60406727143e-06, 2.72075862995e-06, 3.23411768477e-06, 2.22742528422e-06, 1.48733374772e-06, 8.61120327045e-07, 4.23798610427e-07, 3.33901397198e-07, 3.68145947505e-07, 1.44879322761e-07, 7.07343730255e-08, 6.94273225577e-08, 2.93327566681e-08, 2.5121353886e-08, 1.82577437613e-08, 2.10893489339e-08, 1.81864727722e-08, 1.40986546882e-08, 1.67623390723e-08, 1.58010937668e-08, 1.9644511795e-08, 1.73683272209e-08], "min": [7.9795442042e-24, 8.56936761442e-24, 6.28972407583e-24, 1.23209731429e-23, 9.23004098913e-24, 1.27751811083e-23, 2.22374982467e-23, 4.1235120301e-24, 1.02535280602e-23, 8.45894444263e-24, 8.78720682023e-24, 2.19790642587e-23, 2.19233643679e-23, 9.72599074049e-24, 5.28775318593e-24, 7.81881537248e-24, 1.38897737254e-23, 1.97682216184e-23, 6.98291942465e-24, 5.89696876936e-24, 7.1185964006e-24, 7.1058578747e-24, 8.60112163244e-24, 6.04858073559e-24, 8.17075777674e-24, 7.32018112746e-24, 6.87411026227e-24, 9.6665658485e-24, 1.05494936835e-23, 1.14258676621e-23, 1.04029359491e-23, 8.18408242629e-24, 8.19723352644e-24, 1.07099479916e-23, 1.34690126735e-23, 1.62608135051e-23, 1.00451954172e-23, 9.67978715727e-24, 1.43963912428e-23, 1.06198182666e-23], "var": [6.59272045596e-05, 4.55338849861e-05, 4.91798800795e-06, 1.32031482281e-06, 1.20608262932e-06, 2.65779158326e-06, 5.24291351667e-07, 2.42162684572e-07, 6.18228170879e-08, 4.92411089681e-08, 8.53202948292e-07, 4.35801510434e-08, 2.39403988189e-07, 3.07268841482e-08, 1.03652464389e-08, 7.84806708509e-09, 1.29531088078e-08, 1.49237755487e-09, 1.24255206124e-09, 9.42264377635e-10, 6.87566004132e-10, 2.96981272907e-10, 2.01808444955e-10, 7.46693470943e-11, 1.95390561369e-11, 3.02936876972e-11, 1.53621056848e-11, 1.33899722907e-11, 1.65074030833e-11, 1.54927719959e-11, 1.90487556284e-11, 1.63461483932e-11, 2.76187388931e-11, 2.32872974376e-11, 2.40101619142e-11, 2.49171759614e-11, 1.76125954099e-11, 4.46976240742e-11, 9.33966237682e-11, 1.76129069662e-10]}, "mfcc": {"mean": [-729.606323242, 168.252700806, 6.94071245193, 5.43511009216, 12.2443361282, -0.942738711834, -1.00176656246, -0.870306491852, -2.79076647758, -2.9198448658, -1.30126988888, 1.80911540985, 4.55981349945], "cov": [[11882.3378906, -71.1351089478, -200.037948608, 335.726013184, 244.965637207, 259.855102539, 251.378433228, 177.511520386, -16.6611328125, 44.3373794556, -88.7566986084, -4.76538133621, 35.6935119629], [-71.1351089478, 4179.72949219, -1436.33178711, 160.733169556, 302.03414917, -211.091217041, 213.504440308, 20.1066246033, -25.6655216217, 52.5989646912, 24.2624645233, 19.5494670868, 57.3392753601], [-200.037948608, -1436.33178711, 2279.09545898, 319.17880249, 281.227935791, 586.350158691, 78.4854660034, 303.544281006, 193.009902954, 85.5392303467, 63.7593383789, -32.2997398376, -70.1803894043], [335.726013184, 160.733169556, 319.17880249, 783.885192871, 372.112518311, 163.136276245, 180.490768433, 161.099456787, 115.45123291, 117.932395935, 69.4891891479, 49.2243995667, -4.75025606155], [244.965637207, 302.03414917, 281.227935791, 372.112518311, 503.503753662, 137.511322021, 158.778091431, 154.105422974, 82.6478500366, 92.0938415527, 50.6766090393, 41.187587738, 3.77897691727], [259.855102539, -211.091217041, 586.350158691, 163.136276245, 137.511322021, 369.978149414, 149.53314209, 164.175445557, 120.837745667, 83.9458007812, 58.8480072021, 12.099521637, 1.52009880543], [251.378433228, 213.504440308, 78.4854660034, 180.490768433, 158.778091431, 149.53314209, 259.72555542, 129.415893555, 91.3090286255, 81.2568893433, 38.3554611206, 28.4558944702, 10.6013050079], [177.511520386, 20.1066246033, 303.544281006, 161.099456787, 154.105422974, 164.175445557, 129.415893555, 199.78263855, 102.902565002, 65.8416976929, 45.5921440125, 14.8039693832, 0.828112840652], [-16.6611328125, -25.6655216217, 193.009902954, 115.45123291, 82.6478500366, 120.837745667, 91.3090286255, 102.902565002, 143.103286743, 78.5480422974, 36.9813613892, 23.3129730225, 18.1187000275], [44.3373794556, 52.5989646912, 85.5392303467, 117.932395935, 92.0938415527, 83.9458007812, 81.2568893433, 65.8416976929, 78.5480422974, 124.885353088, 62.6172714233, 29.5177364349, 24.2590236664], [-88.7566986084, 24.2624645233, 63.7593383789, 69.4891891479, 50.6766090393, 58.8480072021, 38.3554611206, 45.5921440125, 36.9813613892, 62.6172714233, 110.871238708, 56.5625457764, 23.6894054413], [-4.76538133621, 19.5494670868, -32.2997398376, 49.2243995667, 41.187587738, 12.099521637, 28.4558944702, 14.8039693832, 23.3129730225, 29.5177364349, 56.5625457764, 106.532974243, 58.6446075439], [35.6935119629, 57.3392753601, -70.1803894043, -4.75025606155, 3.77897691727, 1.52009880543, 10.6013050079, 0.828112840652, 18.1187000275, 24.2590236664, 23.6894054413, 58.6446075439, 101.284606934]], "icov": [[9.4328475825e-05, 2.23322385864e-05, 6.45073669148e-05, -3.50479131157e-05, -2.32325146499e-05, -0.000146565434989, -1.38519981192e-05, -0.000126794431708, 0.000187399127753, -6.3306913944e-05, 0.000192382431123, -1.38150489875e-05, -5.26362018718e-05], [2.23322385864e-05, 0.000384041777579, 0.000332748808432, -1.01525502032e-05, -0.000333093601512, -8.07916730992e-05, -0.000148667531903, -0.00020019566, 8.55248654261e-05, 8.28553456813e-05, -0.000153688131832, 0.000383775768569, -0.000185767115909], [6.45073669148e-05, 0.000332748808432, 0.00124939996749, -0.000119678625197, -0.000499281857628, -0.00166243931744, 0.000929186411668, -0.000833498314023, -0.000101442201412, 0.000284950918285, 9.97310344246e-05, 0.000329763657646, 0.00033776339842], [-3.50479131157e-05, -1.01525502032e-05, -0.000119678625197, 0.00217189150862, -0.00120153406169, 0.000172548912815, -0.000406539271353, -1.35923073685e-05, -0.000422651093686, -0.000595837889705, -0.000103729173134, -0.000546214927454, 0.000680780911352], [-2.32325146499e-05, -0.000333093601512, -0.000499281857628, -0.00120153406169, 0.00395884690806, 0.000431238644524, -0.00064983573975, -0.00138706353027, 0.000953024777118, -0.00118830834981, 0.000754605047405, -0.00123389728833, 0.000371704576537], [-0.000146565434989, -8.07916730992e-05, -0.00166243931744, 0.000172548912815, 0.000431238644524, 0.00751653220505, -0.00268293428235, -0.00103093252983, -0.00154660630506, -0.000246203911956, -0.00179935235064, 0.00102358695585, -0.000722254917491], [-1.38519981192e-05, -0.000148667531903, 0.000929186411668, -0.000406539271353, -0.00064983573975, -0.00268293428235, 0.00806988403201, -0.00289284484461, -0.000657304597553, -0.00191046053078, 0.00170043180697, -0.00147547980305, 0.000989082967862], [-0.000126794431708, -0.00020019566, -0.000833498314023, -1.35923073685e-05, -0.00138706353027, -0.00103093252983, -0.00289284484461, 0.0127553706989, -0.00510110007599, 0.00178083055653, -0.00268650474027, 0.00140768813435, 0.000144852456287], [0.000187399127753, 8.55248654261e-05, -0.000101442201412, -0.000422651093686, 0.000953024777118, -0.00154660630506, -0.000657304597553, -0.00510110007599, 0.0158428885043, -0.00701836403459, 0.00291196629405, -0.0016899217153, -0.000962135847658], [-6.3306913944e-05, 8.28553456813e-05, 0.000284950918285, -0.000595837889705, -0.00118830834981, -0.000246203911956, -0.00191046053078, 0.00178083055653, -0.00701836403459, 0.0179853644222, -0.00831442885101, 0.0036143225152, -0.00282195420004], [0.000192382431123, -0.000153688131832, 9.97310344246e-05, -0.000103729173134, 0.000754605047405, -0.00179935235064, 0.00170043180697, -0.00268650474027, 0.00291196629405, -0.00831442885101, 0.0184080898762, -0.00962795130908, 0.002665983513], [-1.38150489875e-05, 0.000383775768569, 0.000329763657646, -0.000546214927454, -0.00123389728833, 0.00102358695585, -0.00147547980305, 0.00140768813435, -0.0016899217153, 0.0036143225152, -0.00962795130908, 0.020091695711, -0.00978066492826], [-5.26362018718e-05, -0.000185767115909, 0.00033776339842, 0.000680780911352, 0.000371704576537, -0.000722254917491, 0.000989082967862, 0.000144852456287, -0.000962135847658, -0.00282195420004, 0.002665983513, -0.00978066492826, 0.0160426609218]]}, "spectral_contrast_coeffs": {"dmean": [0.0522578544915, 0.0485026799142, 0.0405411235988, 0.0376817472279, 0.0302197188139, 0.020049424842], "dmean2": [0.0837958678603, 0.0782114863396, 0.062466789037, 0.0563216358423, 0.0446350090206, 0.0297436285764], "dvar": [0.00254811998457, 0.00205423822626, 0.00147575431038, 0.0012460971484, 0.000927991175558, 0.000448893464636], "dvar2": [0.00599242793396, 0.00495749618858, 0.00320928636938, 0.00264718569815, 0.00179542927071, 0.000947849359363], "max": [-0.259098052979, -0.332259714603, -0.3490421772, -0.487544327974, -0.516191899776, -0.56707572937], "mean": [-0.662823736668, -0.621961832047, -0.680640518665, -0.728469073772, -0.771788299084, -0.818343222141], "median": [-0.676417708397, -0.613007307053, -0.684894561768, -0.724212169647, -0.783764004707, -0.826408028603], "min": [-0.988561630249, -0.979739785194, -0.96307772398, -0.970536589622, -0.961746692657, -0.960180997849], "var": [0.0109305912629, 0.0133988894522, 0.0124121997505, 0.00768127338961, 0.00592784304172, 0.00232344353572]}, "spectral_contrast_valleys": {"dmean": [0.514941513538, 0.455884844065, 0.445500612259, 0.513742744923, 0.587299466133, 0.680693268776], "dmean2": [0.777516722679, 0.679517149925, 0.652421534061, 0.703014552593, 0.742785513401, 0.754105329514], "dvar": [0.383688032627, 0.268762946129, 0.259180784225, 0.310366988182, 0.407664120197, 0.542111575603], "dvar2": [0.711386740208, 0.503363192081, 0.499893158674, 0.589983761311, 0.777688324451, 0.927135288715], "max": [-4.83220291138, -4.64290428162, -5.4425