{"lowlevel": {"average_loudness": 0.910184025764, "barkbands_crest": {"dmean": 3.15341281891, "dmean2": 4.83692121506, "dvar": 10.8959655762, "dvar2": 24.144826889, "max": 26.5634059906, "mean": 13.8444261551, "median": 13.2750301361, "min": 1.95504379272, "var": 29.4571933746}, "barkbands_flatness_db": {"dmean": 0.0358220115304, "dmean2": 0.0505271367729, "dvar": 0.00195253931452, "dvar2": 0.00341736571863, "max": 0.721534907818, "mean": 0.213048994541, "median": 0.193550512195, "min": 0.0195254106075, "var": 0.0128916958347}, "barkbands_kurtosis": {"dmean": 9.90866279602, "dmean2": 14.7331666946, "dvar": 1865.34118652, "dvar2": 3564.30517578, "max": 2263.47607422, "mean": 14.6187038422, "median": 3.77309608459, "min": -1.95909881592, "var": 3088.96166992}, "barkbands_skewness": {"dmean": 0.927235484123, "dmean2": 1.37741458416, "dvar": 1.8788383007, "dvar2": 3.81474661827, "max": 34.4495277405, "mean": 2.21004509926, "median": 1.7219851017, "min": -3.96125650406, "var": 5.12771034241}, "barkbands_spread": {"dmean": 6.47997951508, "dmean2": 9.80145168304, "dvar": 108.967422485, "dvar2": 244.198364258, "max": 124.338226318, "mean": 16.5671195984, "median": 12.7516736984, "min": 0.0447717569768, "var": 234.149337769}, "dissonance": {"dmean": 0.0307484939694, "dmean2": 0.0507576800883, "dvar": 0.000990041065961, "dvar2": 0.00262598204426, "max": 0.49995547533, "mean": 0.435072094202, "median": 0.448593199253, "min": 0.147371351719, "var": 0.00278071244247}, "dynamic_complexity": 4.87959623337, "erbbands_crest": {"dmean": 3.37164092064, "dmean2": 5.21547889709, "dvar": 11.1244497299, "dvar2": 24.8664016724, "max": 32.6348304749, "mean": 12.544593811, "median": 11.3945026398, "min": 2.17124986649, "var": 40.7254333496}, "erbbands_flatness_db": {"dmean": 0.0251112934202, "dmean2": 0.0343428663909, "dvar": 0.000739863608032, "dvar2": 0.0013525217073, "max": 0.566883146763, "mean": 0.195444583893, "median": 0.179626554251, "min": 0.0423693209887, "var": 0.00773494271562}, "erbbands_kurtosis": {"dmean": 2.16273093224, "dmean2": 3.34238171577, "dvar": 12.8268957138, "dvar2": 28.5350131989, "max": 78.1515274048, "mean": 3.02483654022, "median": 1.09569168091, "min": -1.92322134972, "var": 32.5549964905}, "erbbands_skewness": {"dmean": 0.492609500885, "dmean2": 0.752329468727, "dvar": 0.282697319984, "dvar2": 0.622652649879, "max": 6.446849823, "mean": 0.779469847679, "median": 0.691807985306, "min": -5.24602890015, "var": 1.08777809143}, "erbbands_spread": {"dmean": 9.62200164795, "dmean2": 14.4213705063, "dvar": 177.63269043, "dvar2": 384.850982666, "max": 169.329086304, "mean": 30.6622142792, "median": 25.5478897095, "min": 1.03137278557, "var": 502.773071289}, "hfc": {"dmean": 11.0550041199, "dmean2": 16.8462429047, "dvar": 521.92755127, "dvar2": 1225.94042969, "max": 230.732467651, "mean": 22.0547122955, "median": 12.4949035645, "min": 1.09079288291e-16, "var": 813.650939941}, "melbands_crest": {"dmean": 3.65036082268, "dmean2": 5.81010389328, "dvar": 15.2754430771, "dvar2": 39.2663764954, "max": 36.9317703247, "mean": 18.1901836395, "median": 18.3625717163, "min": 1.76127254963, "var": 38.5725898743}, "melbands_flatness_db": {"dmean": 0.0437448434532, "dmean2": 0.0614371336997, "dvar": 0.00314068188891, "dvar2": 0.00570744462311, "max": 0.898999631405, "mean": 0.2914891541, "median": 0.268936097622, "min": 0.00265074963681, "var": 0.0184722132981}, "melbands_kurtosis": {"dmean": 14.3714103699, "dmean2": 22.4174823761, "dvar": 1941.27990723, "dvar2": 5005.67089844, "max": 1539.67553711, "mean": 24.1668682098, "median": 9.06206989288, "min": -1.81770932674, "var": 3193.61523438}, "melbands_skewness": {"dmean": 1.0809135437, "dmean2": 1.63753449917, "dvar": 2.03489041328, "dvar2": 4.80983161926, "max": 28.9814014435, "mean": 3.05673933029, "median": 2.4549741745, "min": -1.83781123161, "var": 6.10168457031}, "melbands_spread": {"dmean": 7.51708889008, "dmean2": 11.5642805099, "dvar": 190.582214355, "dvar2": 422.961151123, "max": 189.650665283, "mean": 17.3584194183, "median": 11.6771087646, "min": 0.0992799177766, "var": 393.386444092}, "pitch_salience": {"dmean": 0.0881106331944, "dmean2": 0.13444507122, "dvar": 0.010385745205, "dvar2": 0.0228776428849, "max": 0.937944889069, "mean": 0.446186691523, "median": 0.436127305031, "min": 0.0145028624684, "var": 0.0240471549332}, "silence_rate_20dB": {"dmean": 0, "dmean2": 0, "dvar": 0, "dvar2": 0, "max": 1, "mean": 1, "median": 1, "min": 1, "var": 0}, "silence_rate_30dB": {"dmean": 0.0166283771396, "dmean2": 0.0332603938878, "dvar": 0.0163506120443, "dvar2": 0.0382764004171, "max": 1, "mean": 0.98271715641, "median": 1, "min": 0, "var": 0.0169849153608}, "silence_rate_60dB": {"dmean": 0.0161907896399, "dmean2": 0.032385122031, "dvar": 0.0159275829792, "dvar2": 0.0341808907688, "max": 1, "mean": 0.137497261167, "median": 0, "min": 0, "var": 0.118590161204}, "spectral_centroid": {"dmean": 249.246139526, "dmean2": 362.558502197, "dvar": 170330.015625, "dvar2": 316640.21875, "max": 10977.7607422, "mean": 1046.66381836, "median": 845.474243164, "min": 63.4396057129, "var": 545001.625}, "spectral_complexity": {"dmean": 4.05054140091, "dmean2": 6.11838054657, "dvar": 45.8074531555, "dvar2": 84.6949005127, "max": 64, "mean": 14.0450668335, "median": 11, "min": 0, "var": 140.709716797}, "spectral_decrease": {"dmean": 2.92812951663e-09, "dmean2": 4.778942575e-09, "dvar": 1.65994916102e-17, "dvar2": 4.28202981193e-17, "max": 1.56197691216e-19, "mean": -9.72704761182e-09, "median": -9.58369561488e-09, "min": -4.32799147632e-08, "var": 5.15098072931e-17}, "spectral_energy": {"dmean": 0.0114751281217, "dmean2": 0.0186809990555, "dvar": 0.000249813310802, "dvar2": 0.000645144027658, "max": 0.165005624294, "mean": 0.038712464273, "median": 0.0377859100699, "min": 1.00941666021e-20, "var": 0.000803176430054}, "spectral_energyband_high": {"dmean": 0.000849863630719, "dmean2": 0.00131267402321, "dvar": 4.23639357905e-06, "dvar2": 1.0225106962e-05, "max": 0.0207149703056, "mean": 0.00101875083055, "median": 0.000181668321602, "min": 7.08486414662e-21, "var": 4.88420073452e-06}, "spectral_energyband_low": {"dmean": 0.0095873856917, "dmean2": 0.0155708175153, "dvar": 0.000222385802772, "dvar2": 0.000564628688153, "max": 0.156866416335, "mean": 0.0224965661764, "median": 0.0211900733411, "min": 1.31312372644e-22, "var": 0.00046001948067}, "spectral_energyband_middle_high": {"dmean": 0.00289920903742, "dmean2": 0.00434590084478, "dvar": 3.05597714032e-05, "dvar2": 7.13566623745e-05, "max": 0.0691243335605, "mean": 0.00668184645474, "median": 0.00232289917767, "min": 1.51917020641e-21, "var": 0.000102189929748}, "spectral_energyband_middle_low": {"dmean": 0.00461632478982, "dmean2": 0.00753287924454, "dvar": 9.85698425211e-05, "dvar2": 0.000265999668045, "max": 0.0854143798351, "mean": 0.00949302595109, "median": 0.00670738052577, "min": 4.2148297954e-22, "var": 0.000115794988233}, "spectral_entropy": {"dmean": 0.263024836779, "dmean2": 0.370789736509, "dvar": 0.124783396721, "dvar2": 0.244271427393, "max": 9.80280685425, "mean": 7.17252874374, "median": 7.31745433807, "min": 3.95361256599, "var": 0.718269050121}, "spectral_flux": {"dmean": 0.031857278198, "dmean2": 0.0472950637341, "dvar": 0.00136935466435, "dvar2": 0.0026815882884, "max": 0.349595010281, "mean": 0.0830499380827, "median": 0.0645403191447, "min": 1.00469729758e-10, "var": 0.00437262607738}, "spectral_kurtosis": {"dmean": 5.87547636032, "dmean2": 9.74791812897, "dvar": 283.58795166, "dvar2": 787.98236084, "max": 539.719299316, "mean": 14.4053678513, "median": 4.5001616478, "min": -1.44322538376, "var": 962.676330566}, "spectral_rms": {"dmean": 0.000869095441885, "dmean2": 0.00139158463571, "dvar": 1.21210177895e-06, "dvar2": 3.02990633827e-06, "max": 0.0126878330484, "mean": 0.00552072515711, "median": 0.00607159826905, "min": 3.13814707727e-12, "var": 7.28980285203e-06}, "spectral_rolloff": {"dmean": 596.803405762, "dmean2": 999.125610352, "dvar": 2047210.75, "dvar2": 4832696.5, "max": 19035.3515625, "mean": 1174.2833252, "median": 667.529296875, "min": 64.599609375, "var": 3709955.25}, "spectral_skewness": {"dmean": 0.46804061532, "dmean2": 0.748519480228, "dvar": 0.700356125832, "dvar2": 1.82004368305, "max": 16.8124675751, "mean": 2.34874248505, "median": 1.77759289742, "min": -0.608262896538, "var": 3.18733668327}, "spectral_spread": {"dmean": 891123.5625, "dmean2": 1276363, "dvar": 1864403910660.0, "dvar2": 3497642688510.0, "max": 40379988, "mean": 4612534.5, "median": 4380627, "min": 189865.03125, "var": 5796201496580.0}, "spectral_strongpeak": {"dmean": 0.494932413101, "dmean2": 0.876494765282, "dvar": 1.09062170982, "dvar2": 2.97016835213, "max": 9.84434604645, "mean": 0.848112404346, "median": 0.430409133434, "min": 0, "var": 1.67996966839}, "zerocrossingrate": {"dmean": 0.0124586233869, "dmean2": 0.0142147541046, "dvar": 0.000316949561238, "dvar2": 0.000361073267413, "max": 0.5078125, "mean": 0.0458146370947, "median": 0.03369140625, "min": 0.001953125, "var": 0.00218540080823}, "barkbands": {"dmean": [0.000154087247211, 0.00819735787809, 0.00236297654919, 0.00121690169908, 0.00155709020328, 0.000889185350388, 0.000820807355922, 0.000819412700366, 0.000906339671928, 0.00130097323563, 0.00104996771552, 0.000323309592204, 0.000293851742754, 0.000227816301049, 0.000168315847986, 0.000222527291044, 0.000179232883966, 0.00018309627194, 0.000181348223123, 0.000170372717548, 0.000139065799885, 0.000105928949779, 0.000202905226615, 0.000139720257721, 0.000105503138911, 0.000116941417218, 1.1682854165e-05], "dmean2": [0.000174477565452, 0.0131260147318, 0.00399449234828, 0.0022388198413, 0.00273938383907, 0.00150672695599, 0.0012871575309, 0.00128663971554, 0.00135944236536, 0.00195716042072, 0.00166154536419, 0.000514336046763, 0.000491258688271, 0.000373256858438, 0.000274089543382, 0.00035674116225, 0.000285364774754, 0.000299861945678, 0.000300382496789, 0.000269778218353, 0.000215878884774, 0.000158351031132, 0.000328584574163, 0.000217713910388, 0.000167764374055, 0.000199005298782, 1.85413355211e-05], "dvar": [7.52045821173e-08, 0.000183063617442, 2.91710875899e-05, 1.58223920153e-05, 1.92852949112e-05, 4.73150703328e-06, 3.52215056409e-06, 3.54038775185e-06, 4.85279315399e-06, 1.09615584734e-05, 9.37802451517e-06, 1.16207115752e-06, 9.35691446102e-07, 2.9324218076e-07, 1.52411232079e-07, 3.82378715358e-07, 1.8378979405e-07, 2.91149376608e-07, 2.75627712654e-07, 1.95946512349e-07, 1.49336642608e-07, 7.28944229422e-08, 2.8822117315e-07, 1.15249349619e-07, 6.70606681297e-08, 1.13799117685e-07, 8.27065582687e-10], "dvar2": [9.56120302931e-08, 0.00045982314623, 7.68443132984e-05, 4.58496542706e-05, 5.50906552235e-05, 1.31284941745e-05, 8.19765318738e-06, 8.42291774461e-06, 1.05886592792e-05, 2.43175327341e-05, 2.44567108894e-05, 2.66681604444e-06, 2.44074885813e-06, 7.28563861685e-07, 3.79998908784e-07, 9.37378104027e-07, 4.13291957102e-07, 6.6531970333e-07, 6.39505117306e-07, 4.60761299337e-07, 3.4860184428e-07, 1.6696617422e-07, 7.38960977742e-07, 2.73587318134e-07, 1.68706009163e-07, 3.05257344735e-07, 1.96512051076e-09], "max": [0.00382053200155, 0.151709720492, 0.0810190290213, 0.0394179522991, 0.0448263883591, 0.0310299918056, 0.033725772053, 0.0448866710067, 0.0448060929775, 0.0669465363026, 0.0568039566278, 0.0283051151782, 0.0163946989924, 0.00930375233293, 0.00893517676741, 0.00853318627924, 0.0101469354704, 0.00632081134245, 0.00533333001658, 0.00633201235905, 0.00580127956346, 0.00374588905834, 0.00544981472194, 0.00356754357927, 0.00232547195628, 0.00244133803062, 0.000242208130658], "mean": [0.000462980387965, 0.0168625321239, 0.00448371469975, 0.00115678971633, 0.0018573901616, 0.00130478991196, 0.00140963087324, 0.00148607371375, 0.00169628567528, 0.00270564178936, 0.00185042968951, 0.000417442788603, 0.000358285935363, 0.000312024902087, 0.000234163744608, 0.000277160230326, 0.000285202404484, 0.000225218420383, 0.000205928925425, 0.000225312105613, 0.00017316902813, 0.000126228303998, 0.000207858873182, 0.000176105269929, 0.000110985638457, 9.05319175217e-05, 1.0558136637e-05], "median": [6.09648668615e-05, 0.0112302219495, 0.00147882476449, 0.000519702618476, 0.000662765756715, 0.00047463455121, 0.000361597281881, 0.000247283896897, 0.000314910226734, 0.000381138059311, 0.000221410387894, 7.7984535892e-05, 7.52355117584e-05, 6.07909096288e-05, 5.90104464209e-05, 4.9585585657e-05, 4.68101789011e-05, 3.47086825059e-05, 2.76154751191e-05, 3.87434556615e-05, 3.24447682942e-05, 9.92336572381e-06, 2.17894266825e-05, 2.86881004286e-05, 1.25138130898e-05, 2.33165019381e-06, 4.48122818852e-08], "min": [3.86459368151e-24, 8.07612823136e-23, 4.24967068925e-23, 1.02332172585e-23, 6.70594373439e-23, 5.41873983159e-23, 2.39452132903e-23, 1.52951925369e-22, 1.09192750727e-22, 5.67469553417e-23, 1.28562782182e-22, 9.32300935121e-23, 8.09945831931e-23, 1.04070134133e-22, 9.18662981574e-23, 1.44113654005e-22, 1.60518893742e-22, 1.99916058853e-22, 2.36125455978e-22, 4.99022099533e-22, 3.23555478084e-22, 4.68032159566e-22, 6.35122188918e-22, 8.45202184109e-22, 9.28579202967e-22, 1.39754658553e-21, 2.39454307634e-21], "var": [5.85145755849e-07, 0.000350452552084, 4.42482705694e-05, 9.27775909076e-06, 1.3756935914e-05, 5.36729430678e-06, 7.78130379331e-06, 9.64738774201e-06, 1.57105932885e-05, 4.43066528533e-05, 2.51844758168e-05, 1.9707795218e-06, 9.52851166858e-07, 5.23556195731e-07, 2.28188298479e-07, 4.74252487948e-07, 4.72463540291e-07, 3.44021515275e-07, 3.04037143906e-07, 2.56746290006e-07, 1.82254979109e-07, 1.03524129713e-07, 2.73279937346e-07, 1.45385357087e-07, 6.84611620727e-08, 8.13936651411e-08, 8.11735623163e-10]}, "erbbands": {"dmean": [0.235676467419, 1.87338805199, 2.79181528091, 3.47927498817, 4.48010206223, 5.42777299881, 5.37624120712, 8.10880088806, 13.200761795, 12.9160614014, 16.5529899597, 23.1766624451, 23.1845016479, 47.4074172974, 35.1958732605, 13.7887392044, 13.4486999512, 10.7652454376, 10.5343122482, 10.0023517609, 11.8133840561, 8.51746940613, 9.8151845932, 10.4038419724, 8.2321805954, 7.75980138779, 7.0445394516, 4.47713756561, 3.44811868668, 5.17211198807, 6.11152648926, 3.00675034523, 2.43612980843, 1.11355900764, 0.838357269764, 0.578118026257, 0.215790480375, 0.0232445150614, 0.00195123127196, 8.66314585437e-05], "dmean2": [0.371180295944, 3.01292681694, 4.61728525162, 6.17777490616, 8.20577812195, 9.47084712982, 9.18375778198, 13.7766075134, 20.569524765, 20.7020969391, 25.7564620972, 34.341632843, 35.8129692078, 70.0325698853, 54.2817344666, 21.6945228577, 22.2377052307, 17.6837120056, 17.3111076355, 15.7405328751, 19.0884552002, 13.6276044846, 16.2112255096, 16.8944988251, 13.3751926422, 12.4172801971, 11.2942991257, 6.82307672501, 5.14084529877, 8.14630794525, 9.95293521881, 4.63775587082, 3.8871216774, 1.73227405548, 1.36988592148, 0.982666790485, 0.371270239353, 0.0372486375272, 0.00307299103588, 0.000137669296237], "dvar": [0.169740274549, 10.0522871017, 34.8187255859, 105.816558838, 215.821060181, 223.266830444, 152.737625122, 409.709747314, 952.014343262, 768.647399902, 1579.97485352, 3465.77783203, 3606.40649414, 15987.3134766, 9935.39160156, 1976.92773438, 1889.9362793, 704.508117676, 633.866027832, 615.833984375, 1197.45153809, 416.195068359, 777.984375, 1005.22961426, 540.357910156, 396.886627197, 361.412719727, 172.518707275, 84.9251708984, 182.27494812, 266.813201904, 49.6351203918, 36.9763259888, 7.00583553314, 4.6212105751, 2.73492050171, 0.403524011374, 0.0034287837334, 2.31285721384e-05, 4.13452454495e-08], "dvar2": [0.465992808342, 23.9463787079, 87.494972229, 300.093475342, 624.218994141, 636.244689941, 428.037689209, 1128.28442383, 2273.23950195, 1909.58496094, 3601.38793945, 7360.87158203, 8132.80712891, 36240.8085938, 25087.6210938, 4432.45898438, 4830.64794922, 1720.61608887, 1635.07434082, 1400.34008789, 2971.92724609, 945.523071289, 1919.46252441, 2169.8059082, 1223.25195312, 941.633239746, 869.61328125, 406.332336426, 196.138717651, 455.828704834, 691.261474609, 115.71131134, 91.9704666138, 16.9555740356, 11.9674139023, 7.32982492447, 1.09241592884, 0.00842235423625, 5.48772914044e-05, 1.01470860159e-07], "max": [4.33794546127, 34.0179328918, 75.1798248291, 126.421615601, 156.281845093, 159.678314209, 122.491027832, 325.83203125, 583.189819336, 538.302978516, 1003.90991211, 1325.01843262, 1572.74536133, 2525.65185547, 2132.39794922, 1412.56933594, 757.616333008, 516.770507812, 515.692871094, 732.427612305, 530.867797852, 354.689300537, 310.701965332, 347.066864014, 232.922927856, 246.237121582, 248.428207397, 217.602722168, 145.511978149, 135.99307251, 158.299667358, 68.7091369629, 63.4603309631, 37.6396522522, 15.8581647873, 12.3069591522, 4.68501901627, 0.464522212744, 0.0400295928121, 0.00248950719833], "mean": [0.465518325567, 3.76766967773, 6.08054733276, 4.52741146088, 4.27753257751, 6.72359895706, 7.42506504059, 11.8179006577, 23.1208381653, 23.7130680084, 30.8530540466, 45.5209312439, 45.4000816345, 100.484832764, 66.2444839478, 20.4327449799, 17.3622550964, 15.353053093, 14.8121242523, 14.2053661346, 15.895822525, 12.9291887283, 12.5108165741, 12.2903575897, 9.94486427307, 10.4620065689, 8.62136650085, 5.77898216248, 4.26591825485, 5.34204292297, 6.15315341949, 3.87957572937, 2.83805823326, 1.29609119892, 0.801918387413, 0.465544342995, 0.160144746304, 0.0200663916767, 0.00180289382115, 0.000113903239253], "median": [0.252502977848, 2.20329523087, 3.60827112198, 2.39493751526, 1.56484532356, 2.02191519737, 3.00099515915, 4.33444309235, 5.63473796844, 8.06064605713, 6.97804450989, 10.1236553192, 11.2338581085, 13.7901439667, 11.6076669693, 4.99020385742, 4.1384139061, 4.07888793945, 3.77868747711, 3.47866916656, 2.77722167969, 2.33688211441, 2.21962404251, 1.82141685486, 1.52054023743, 1.83229160309, 1.50068867207, 1.02664661407, 0.407881051302, 0.33372426033, 0.643198013306, 0.666843652725, 0.388559430838, 0.150189593434, 0.0843156427145, 0.021025788039, 0.0027048191987, 0.000230316363741, 3.41546474374e-05, 4.95658387081e-05], "min": [1.92335668485e-21, 1.94297665773e-20, 5.29147340915e-20, 3.7384069124e-20, 8.4507414479e-20, 2.07375885627e-19, 4.86212266264e-19, 4.04473276661e-19, 3.69493592165e-19, 9.20767930455e-19, 3.6217065009e-18, 2.90881495204e-18, 1.49372119918e-18, 5.09214907989e-18, 3.51607595026e-18, 4.10118836041e-18, 3.26601180646e-18, 5.4396613037e-18, 4.3998406798e-18, 7.53915819492e-18, 6.8525515508e-18, 9.57627739615e-18, 1.00839371632e-17, 1.12374587254e-17, 1.27673772448e-17, 2.92377012936e-17, 1.28781516181e-17, 1.3999947495e-17, 1.67445377306e-17, 1.74119947299e-17, 2.01697371372e-17, 1.85579145023e-17, 1.28842429761e-17, 9.22247156865e-18, 7.25722195494e-18, 4.65292486002e-18, 2.46817625332e-18, 1.40897633863e-18, 3.28151467041e-19, 3.23865960609e-20], "var": [0.320675253868, 19.1217193604, 59.6740188599, 71.892906189, 129.074752808, 173.063064575, 146.238311768, 469.914611816, 1957.96435547, 1945.28637695, 4402.40869141, 11277.1298828, 9747.13964844, 62247.1054688, 27685.2832031, 3768.74780273, 2050.515625, 1207.63439941, 898.892150879, 929.64239502, 1582.2097168, 847.397033691, 891.151977539, 1165.62634277, 652.08605957, 522.874389648, 418.081787109, 217.847702026, 119.096557617, 193.980300903, 243.225494385, 68.8725128174, 40.2734451294, 8.65974140167, 4.03184652328, 1.9945204258, 0.278641968966, 0.00308062997647, 2.30468504014e-05, 4.26276010046e-08]}, "gfcc": {"mean": [-67.2882156372, 110.338516235, -103.332649231, 15.5817470551, -55.3723068237, 17.2706508636, -27.0906200409, 16.0998821259, -16.1385555267, 0.446121782064, -6.81344985962, -2.60345077515, -0.716132044792], "cov": [[31639.0566406, -4331.36962891, 489.90536499, 3409.62133789, -793.132568359, 3017.59155273, 639.234802246, 1367.92626953, -619.183044434, 438.666992188, -720.030944824, 129.709945679, -556.929260254], [-4331.36962891, 3850.88232422, 92.7651062012, -654.895385742, 600.411743164, -610.041809082, 255.96031189, -316.201660156, 292.267211914, -259.781982422, 344.675323486, -340.901763916, 298.572387695], [489.90536499, 92.7651062012, 1376.00061035, 497.967559814, 385.956298828, 539.344299316, 244.903564453, 152.526382446, 103.538162231, 69.9992141724, -2.24388718605, -0.966501057148, -81.4253387451], [3409.62133789, -654.895385742, 497.967559814, 1303.46801758, 248.235641479, 687.831298828, 336.345733643, 290.555999756, 96.8551864624, 143.365921021, -33.4027748108, 14.4266271591, -89.7724304199], [-793.132568359, 600.411743164, 385.956298828, 248.235641479, 722.828613281, 125.736297607, 304.375335693, 13.3817939758, 151.637207031, 3.10312342644, 70.2705154419, -4.46816253662, -28.3482952118], [3017.59155273, -610.041809082, 539.344299316, 687.831298828, 125.736297607, 884.936340332, 355.083374023, 316.87008667, -5.73774528503, 109.93762207, -52.0620422363, -13.8684902191, -66.5919570923], [639.234802246, 255.96031189, 244.903564453, 336.345733643, 304.375335693, 355.083374023, 437.12991333, 151.937225342, 118.967948914, 52.6430397034, 27.3215637207, -34.8939437866, 5.68522596359], [1367.92626953, -316.201660156, 152.526382446, 290.555999756, 13.3817939758, 316.87008667, 151.937225342, 351.073822021, 76.2566452026, 80.9724807739, -1.84770262241, 3.36613297462, 9.19097900391], [-619.183044434, 292.267211914, 103.538162231, 96.8551864624, 151.637207031, -5.73774528503, 118.967948914, 76.2566452026, 216.001693726, 56.0808563232, 65.0046234131, 3.98185801506, 23.2441139221], [438.666992188, -259.781982422, 69.9992141724, 143.365921021, 3.10312342644, 109.93762207, 52.6430397034, 80.9724807739, 56.0808563232, 155.657119751, 37.2386894226, 49.9995536804, -4.59826993942], [-720.030944824, 344.675323486, -2.24388718605, -33.4027748108, 70.2705154419, -52.0620422363, 27.3215637207, -1.84770262241, 65.0046234131, 37.2386894226, 157.690826416, 8.54344177246, 67.4149780273], [129.709945679, -340.901763916, -0.966501057148, 14.4266271591, -4.46816253662, -13.8684902191, -34.8939437866, 3.36613297462, 3.98185801506, 49.9995536804, 8.54344177246, 146.883560181, -7.65902614594], [-556.929260254, 298.572387695, -81.4253387451, -89.7724304199, -28.3482952118, -66.5919570923, 5.68522596359, 9.19097900391, 23.2441139221, -4.59826993942, 67.4149780273, -7.65902614594, 157.965332031]], "icov": [[8.34875027067e-05, -0.000111185792775, 9.79017058853e-05, -0.00017996643146, 0.000115193724923, -0.000206411961699, 7.95546511654e-05, -0.000200187045266, 0.000301740539726, -0.000166060985066, 0.000291856238618, -0.000263708090642, 0.000208555778954], [-0.000111185792775, 0.00123669113964, -0.000423449208029, 0.000532407138962, -0.000500782509334, 0.000847615068778, -0.000907239678781, 0.000862921297085, -0.00117338798009, 0.00143116537947, -0.00187164545059, 0.00233015534468, -0.00126923271455], [9.79017058853e-05, -0.000423449208029, 0.00138835504185, -0.000267757364782, -0.000377067539375, -0.00138736818917, 0.000940224854276, -0.000155318237375, -9.53586786636e-05, -0.000494145031553, 0.000801484333351, -0.000791229249444, 0.000650916190352], [-0.00017996643146, 0.000532407138962, -0.000267757364782, 0.00193619250786, -0.000624975073151, -0.000407659448683, -0.000304224085994, 0.000456849607872, -0.00134590372909, 0.000216545478906, -0.000759866496082, 0.00104859680869, -0.000398642005166], [0.000115193724923, -0.000500782509334, -0.000377067539375, -0.000624975073151, 0.00310461316258, 0.000239736036747, -0.001766549889, 5.43259775441e-05, 4.75203196402e-05, 0.000519082765095, -0.000234525970882, -0.00159229850397, 0.00155276188161], [-0.000206411961699, 0.000847615068778, -0.00138736818917, -0.000407659448683, 0.000239736036747, 0.00523043749854, -0.00335159897804, -0.00119795196224, 0.00173963024281, 0.000145915473695, -0.0013952634763, 0.00187607738189, -0.00040365383029], [7.95546511654e-05, -0.000907239678781, 0.000940224854276, -0.000304224085994, -0.001766549889, -0.00335159897804, 0.00698084523901, -0.000561375694815, -0.0015351427719, -0.00128654297441, 0.0018329299055, -0.000479271810036, -0.000258516316535], [-0.000200187045266, 0.000862921297085, -0.000155318237375, 0.000456849607872, 5.43259775441e-05, -0.00119795196224, -0.000561375694815, 0.00611592456698, -0.00344207580201, 0.000353878102032, -0.000843069516122, 0.00166465621442, -0.00203083897941], [0.000301740539726, -0.00117338798009, -9.53586786636e-05, -0.00134590372909, 4.75203196402e-05, 0.00173963024281, -0.0015351427719, -0.00344207580201, 0.0104978987947, -0.00365183432586, 0.000417501549236, -0.00196376489475, 0.00154061045032], [-0.000166060985066, 0.00143116537947, -0.000494145031553, 0.000216545478906, 0.000519082765095, 0.000145915473695, -0.00128654297441, 0.000353878102032, -0.00365183432586, 0.012146060355, -0.00503575382754, -0.000595138524659, -0.00023062992841], [0.000291856238618, -0.00187164545059, 0.000801484333351, -0.000759866496082, -0.000234525970882, -0.0013952634763, 0.0018329299055, -0.000843069516122, 0.000417501549236, -0.00503575382754, 0.0129929501563, -0.00336379813962, -0.00201541557908], [-0.000263708090642, 0.00233015534468, -0.000791229249444, 0.00104859680869, -0.00159229850397, 0.00187607738189, -0.000479271810036, 0.00166465621442, -0.00196376489475, -0.000595138524659, -0.00336379813962, 0.0126438625157, -0.00240015168674], [0.000208555778954, -0.00126923271455, 0.000650916190352, -0.000398642005166, 0.00155276188161, -0.00040365383029, -0.000258516316535, -0.00203083897941, 0.00154061045032, -0.00023062992841, -0.00201541557908, -0.00240015168674, 0.0103200590238]]}, "melbands": {"dmean": [0.00224004825577, 0.00169834273402, 0.000621513405349, 0.000358725024853, 0.000199908739887, 0.000182475851034, 0.000193182117073, 0.000151329513756, 0.000146461927216, 0.000137379727676, 0.0001197392412, 0.000196936089196, 0.000143108743941, 4.63789401692e-05, 2.67297073151e-05, 2.98157683574e-05, 2.06918957701e-05, 1.90384762391e-05, 1.17305944514e-05, 1.52212633111e-05, 1.47060600284e-05, 9.08020228962e-06, 1.02285221146e-05, 8.91915078682e-06, 8.77919501363e-06, 6.26203154752e-06, 5.77423224968e-06, 5.18281058248e-06, 4.87537954541e-06, 3.88860735256e-06, 2.29697957366e-06, 2.08251003642e-06, 1.88133662959e-06, 3.39896905643e-06, 3.79819903173e-06, 2.41251791522e-06, 1.75640138877e-06, 1.76654748429e-06, 1.31181968754e-06, 8.80309414697e-07], "dmean2": [0.00354790431447, 0.00275198370218, 0.00110691052396, 0.00064035266405, 0.000340726866852, 0.000309442606522, 0.000300259271171, 0.000241364410613, 0.000223850292969, 0.000204329640837, 0.000184995049494, 0.000288824550807, 0.000223183742492, 7.30626561563e-05, 4.32909109804e-05, 4.98233057442e-05, 3.41053928423e-05, 3.13247401209e-05, 1.88514550246e-05, 2.45744013228e-05, 2.38194679696e-05, 1.43464649227e-05, 1.71547962964e-05, 1.4471637769e-05, 1.43658835441e-05, 1.02243238871e-05, 9.20549609873e-06, 8.46150669531e-06, 7.98430028226e-06, 6.15974158791e-06, 3.52740107701e-06, 3.2383186408e-06, 2.78665152109e-06, 5.51100765733e-06, 6.23551295575e-06, 3.81855443266e-06, 2.71863677881e-06, 2.84388443106e-06, 2.05611422643e-06, 1.38449991027e-06], "dvar": [1.4112878489e-05, 9.29212637857e-06, 3.31152546096e-06, 1.18594459764e-06, 2.17040565076e-07, 2.06060192909e-07, 2.00580942078e-07, 1.09577143803e-07, 1.12278456754e-07, 1.14447090027e-07, 9.57463157647e-08, 2.8853972367e-07, 1.86546586178e-07, 2.02561452056e-08, 5.34462740731e-09, 1.15055236449e-08, 2.66659450077e-09, 2.16720041912e-09, 7.54331874742e-10, 1.46205525464e-09, 1.90067495076e-09, 4.66722771542e-10, 8.07344635589e-10, 6.99493629686e-10, 7.22843118695e-10, 3.46510709015e-10, 2.53728066335e-10, 1.70215327944e-10, 1.68387581656e-10, 1.38937500394e-10, 4.67832300677e-11, 3.69866984262e-11, 1.97798201429e-11, 8.48257436514e-11, 1.10845436996e-10, 2.92929396017e-11, 1.77681411251e-11, 1.93801346499e-11, 1.03797847054e-11, 4.49063182473e-12], "dvar2": [3.71137539332e-05, 2.19362136704e-05, 9.38304310694e-06, 3.39496773449e-06, 6.10215465713e-07, 5.68019345337e-07, 4.72218744108e-07, 2.70497054089e-07, 2.52607833318e-07, 2.45391049702e-07, 2.14343131688e-07, 6.43782868792e-07, 4.80096446154e-07, 4.76821746531e-08, 1.23645582661e-08, 3.02750429171e-08, 6.52925269407e-09, 5.59107737885e-09, 1.78451853294e-09, 3.36788996691e-09, 4.76787587189e-09, 1.02296038307e-09, 2.08491113263e-09, 1.61145752298e-09, 1.57431279124e-09, 8.22414969459e-10, 5.67651758931e-10, 4.16040701889e-10, 4.21947171647e-10, 3.35375921479e-10, 1.11102828326e-10, 9.08195949001e-11, 4.24771502694e-11, 2.17228179888e-10, 2.89980622847e-10, 7.13586065237e-11, 4.15913206653e-11, 4.81512919814e-11, 2.55012469474e-11, 1.10374426612e-11], "max": [0.0432241857052, 0.0378253124654, 0.018659312278, 0.00970168132335, 0.00521447183564, 0.00714233890176, 0.00800574943423, 0.00691178627312, 0.0075718536973, 0.00727504352108, 0.00797035731375, 0.0111613860354, 0.00887790136039, 0.00363949430175, 0.00159234425519, 0.0019025009824, 0.00117968209088, 0.000756352150347, 0.000597822305281, 0.00078964617569, 0.000663263665047, 0.000384086510167, 0.000534973980393, 0.000363084312994, 0.000296083686408, 0.000220440910198, 0.000267089431873, 0.000157357862918, 0.000183092764928, 0.00018396966334, 0.00011261999316, 0.000105179926322, 5.78807703278e-05, 9.17309880606e-05, 0.000108615982754, 5.55242295377e-05, 5.09307064931e-05, 4.81435054098e-05, 3.93746522604e-05, 3.3418127714e-05], "mean": [0.00448668049648, 0.00396487116814, 0.000788771372754, 0.000399629119784, 0.00028190316516, 0.000267653289484, 0.00033912746585, 0.000273275451036, 0.000273187237326, 0.000260959815932, 0.000223214214202, 0.000412919878727, 0.000260548025835, 6.47028355161e-05, 3.4951568523e-05, 3.66220810974e-05, 2.85884852929e-05, 2.54967526416e-05, 1.62697324413e-05, 2.05840733543e-05, 1.93287432921e-05, 1.40562660818e-05, 1.2393007637e-05, 1.116340718e-05, 9.89769068838e-06, 7.00560531186e-06, 7.15719625077e-06, 6.94501522958e-06, 5.72768658458e-06, 4.64345339424e-06, 2.89522972707e-06, 2.41260477196e-06, 2.31057811106e-06, 3.27629072672e-06, 3.60131002708e-06, 2.97500605484e-06, 2.16216858462e-06, 2.03371632779e-06, 1.53970881911e-06, 9.66887341747e-07], "median": [0.00313285319135, 0.00342002417892, 0.000395296461647, 0.000128646352096, 0.000117264600703, 9.02049505385e-05, 7.86827877164e-05, 8.35773389554e-05, 5.75915655645e-05, 5.49341457372e-05, 4.34930734627e-05, 4.93002735311e-05, 3.48558387486e-05, 1.3339191355e-05, 8.35395258036e-06, 7.31019827072e-06, 6.24884523859e-06, 5.7286270021e-06, 4.00729004468e-06, 4.22215225626e-06, 2.64866298494e-06, 2.29630586546e-06, 2.00644240067e-06, 1.69084137269e-06, 1.30587636704e-06, 8.82864014784e-07, 1.13531655188e-06, 1.14996942102e-06, 8.89646571522e-07, 7.58548424074e-07, 4.69804660952e-07, 2.01947017331e-07, 1.58096099767e-07, 1.70935152255e-07, 2.92180004635e-07, 5.05830314523e-07, 3.25349276409e-07, 2.68431222139e-07, 1.8674695923e-07, 9.05108805682e-08], "min": [2.00896335279e-23, 2.78832037737e-23, 8.0620022569e-24, 9.22941542243e-24, 1.66240602862e-23, 9.52119140544e-24, 5.50058628043e-24, 1.59511493122e-23, 2.56483576738e-23, 1.86658453013e-23, 6.7006279163e-24, 1.93820410731e-23, 1.41290967691e-23, 1.11107950388e-23, 7.06545557458e-24, 8.4623128787e-24, 1.03404565877e-23, 7.15205435817e-24, 7.8531844644e-24, 1.23811143206e-23, 7.02317736322e-24, 1.03161225953e-23, 7.93724232702e-24, 1.02459258077e-23, 8.70484185312e-24, 1.0009245448e-23, 1.12705054511e-23, 2.07002323789e-23, 7.01298370261e-24, 7.10354966769e-24, 8.69717018082e-24, 9.2378041693e-24, 9.7936884168e-24, 9.92240053981e-24, 1.16140843521e-23, 1.0433131178e-23, 1.1421405076e-23, 9.30889946952e-24, 8.34719519566e-24, 7.50683271738e-24], "var": [2.60055221588e-05, 1.79629878403e-05, 2.22067865252e-06, 8.17254885987e-07, 2.05067735237e-07, 2.46956204819e-07, 4.32147885476e-07, 2.83328972728e-07, 3.24850731204e-07, 3.55781253347e-07, 2.58810700871e-07, 1.17545607736e-06, 5.16631246228e-07, 3.4334739496e-08, 8.07257283242e-09, 1.13906617472e-08, 4.94541030349e-09, 3.00483549154e-09, 1.12559761511e-09, 2.18249907036e-09, 2.81621326259e-09, 1.11652587176e-09, 1.00103703105e-09, 8.72346861414e-10, 8.16082534882e-10, 3.79363401803e-10, 3.20982573854e-10, 2.24194968146e-10, 1.84351811594e-10, 1.55267770863e-10, 5.82502795998e-11, 4.33929871202e-11, 3.24664496676e-11, 8.03040689501e-11, 9.57351350972e-11, 3.76380974998e-11, 2.39451392742e-11, 2.0959831093e-11, 1.22298707619e-11, 5.22026215657e-12]}, "mfcc": {"mean": [-703.290527344, 133.699478149, 14.7091140747, 8.94392871857, 2.3252799511, -0.269963264465, 5.88019752502, 7.06748771667, 4.85319042206, 8.95278549194, -5.09231424332, 5.97073745728, -1.39022147655], "cov": [[19167.8867188, -1334.46069336, -255.844116211, 682.504699707, 206.825668335, 930.470947266, 1008.8548584, 985.153259277, 559.628601074, 676.491821289, -94.3296661377, 233.40512085, 139.251098633], [-1334.46069336, 2776.1809082, 227.314346313, 134.358886719, 224.175598145, 38.0221252441, 208.524337769, 10.5014181137, 104.955841064, 109.893890381, 12.1819639206, 76.046661377, -62.392326355], [-255.844116211, 227.314346313, 847.549316406, 94.1829147339, 202.237136841, 204.422744751, 135.662109375, 136.691894531, 85.1943435669, 121.766120911, 66.3835601807, 17.4489898682, 11.1553640366], [682.504699707, 134.358886719, 94.1829147339, 622.380981445, 285.270751953, 266.735717773, 184.087722778, 186.905288696, 155.373352051, 99.4650726318, 125.893669128, 114.227203369, 99.7325668335], [206.825668335, 224.175598145, 202.237136841, 285.270751953, 428.356018066, 219.029724121, 209.359054565, 182.640472412, 119.084457397, 85.5418624878, 91.5265960693, 97.9450378418, 43.0026512146], [930.470947266, 38.0221252441, 204.422744751, 266.735717773, 219.029724121, 499.514648438, 294.410736084, 242.224899292, 134.166244507, 134.723312378, 145.387496948, 3.26678538322, 51.3419570923], [1008.8548584, 208.524337769, 135.662109375, 184.087722778, 209.359054565, 294.410736084, 438.228118896, 247.545288086, 173.931152344, 208.927719116, 57.1981506348, 58.7348060608, 6.1252450943], [985.153259277, 10.5014181137, 136.691894531, 186.905288696, 182.640472412, 242.224899292, 247.545288086, 316.735870361, 189.408660889, 151.697769165, 94.0872573853, 63.0564613342, 46.077091217], [559.628601074, 104.955841064, 85.1943435669, 155.373352051, 119.084457397, 134.166244507, 173.931152344, 189.408660889, 235.908782959, 160.356842041, 53.8847618103, 80.7623825073, 52.6485939026], [676.491821289, 109.893890381, 121.766120911, 99.4650726318, 85.5418624878, 134.723312378, 208.927719116, 151.697769165, 160.356842041, 251.405014038, 58.2541847229, 51.6541404724, 26.1956005096], [-94.3296661377, 12.1819639206, 66.3835601807, 125.893669128, 91.5265960693, 145.387496948, 57.1981506348, 94.0872573853, 53.8847618103, 58.2541847229, 200.293273926, 58.0587272644, 24.5206871033], [233.40512085, 76.046661377, 17.4489898682, 114.227203369, 97.9450378418, 3.26678538322, 58.7348060608, 63.0564613342, 80.7623825073, 51.6541404724, 58.0587272644, 188.547088623, 51.5962409973], [139.251098633, -62.392326355, 11.1553640366, 99.7325668335, 43.0026512146, 51.3419570923, 6.1252450943, 46.077091217, 52.6485939026, 26.1956005096, 24.5206871033, 51.5962409973, 144.666137695]], "icov": [[8.24668677524e-05, 3.78434524464e-05, 6.77666685078e-05, -5.66512135265e-05, 9.81920529739e-05, -0.000166812373209, 2.46553645411e-05, -0.000260749802692, 0.000137915965752, -0.000184824035387, 0.000300630374113, -0.000180677699973, 7.95500454842e-05], [3.78434524464e-05, 0.000436061178334, -6.0517606471e-05, -7.2028953582e-05, -0.000144779041875, 6.18765261606e-05, -0.000277108716546, 0.000306116940919, -0.000220248359255, -5.83730688959e-05, 8.78365462995e-05, -0.000101427584013, 0.000253283971688], [6.77666685078e-05, -6.0517606471e-05, 0.00155538879335, 0.000216568776523, -0.000596462923568, -0.000724425306544, 0.00060877710348, -0.000471918494441, 0.000338123034453, -0.000935587740969, 0.000419940741267, -0.000121194862004, 0.000216767133679], [-5.66512135265e-05, -7.2028953582e-05, 0.000216568776523, 0.00298616127111, -0.00133053236641, -0.000883977685589, 0.000215384934563, 0.000364305451512, -0.000848327705171, 0.000295220088447, -0.000550740922336, -0.000503161689267, -0.000939729332458], [9.81920529739e-05, -0.000144779041875, -0.000596462923568, -0.00133053236641, 0.00484949396923, -0.000483993790112, -0.00109544210136, -0.00128269090783, 0.000402337405831, 0.000893026241101, 0.000173745676875, -0.00146081158891, 0.000174895772943], [-0.000166812373209, 6.18765261606e-05, -0.000724425306544, -0.000883977685589, -0.000483993790112, 0.00647704862058, -0.00342952390201, -0.000568068411667, -0.000178195041372, 0.00144688121509, -0.00368487951346, 0.0034867238719, -0.00179229211062], [2.46553645411e-05, -0.000277108716546, 0.00060877710348, 0.000215384934563, -0.00109544210136, -0.00342952390201, 0.00793248880655, -0.00276128668338, 0.000772492669057, -0.00409007770941, 0.0029227908235, -0.00177695776802, 0.00234554638155], [-0.000260749802692, 0.000306116940919, -0.000471918494441, 0.000364305451512, -0.00128269090783, -0.000568068411667, -0.00276128668338, 0.0106885693967, -0.00567367579788, 0.00129933364224, -0.0025130326394, 0.00100730150007, -0.000640072918031], [0.000137915965752, -0.000220248359255, 0.000338123034453, -0.000848327705171, 0.000402337405831, -0.000178195041372, 0.000772492669057, -0.00567367579788, 0.0124281859025, -0.00512733496726, 0.00184504524805, -0.00235680467449, -0.00101767468732], [-0.000184824035387, -5.83730688959e-05, -0.000935587740969, 0.000295220088447, 0.000893026241101, 0.00144688121509, -0.00409007770941, 0.00129933364224, -0.00512733496726, 0.0101378867403, -0.00260310713202, 0.000969939283095, -0.00087271706434], [0.000300630374113, 8.78365462995e-05, 0.000419940741267, -0.000550740922336, 0.000173745676875, -0.00368487951346, 0.0029227908235, -0.0025130326394, 0.00184504524805, -0.00260310713202, 0.00939388293773, -0.00359450606629, 0.00151823158376], [-0.000180677699973, -0.000101427584013, -0.000121194862004, -0.000503161689267, -0.00146081158891, 0.0034867238719, -0.00177695776802, 0.00100730150007, -0.00235680467449, 0.000969939283095, -0.00359450606629, 0.0093645863235, -0.00261100637726], [7.95500454842e-05, 0.000253283971688, 0.000216767133679, -0.000939729332458, 0.000174895772943, -0.00179229211062, 0.00234554638155, -0.000640072918031, -0.00101767468732, -0.00087271706434, 0.00151823158376, -0.00261100637726, 0.00946720503271]]}, "spectral_contrast_coeffs": {"dmean": [0.0478862971067, 0.0490387044847, 0.0411196276546, 0.0291621275246, 0.0215845871717, 0.019940957427], "dmean2": [0.0769075155258, 0.0788944587111, 0.0647391974926, 0.0473993197083, 0.0350039824843, 0.0313466377556], "dvar": [0.00217581656761, 0.00199015554972, 0.00128266250249, 0.000629461952485, 0.000418638956035, 0.000474845292047], "dvar2": [0.00541786570102, 0.00490042055026, 0.00296982447617, 0.00154633121565, 0.000986920204014, 0.00117742549628], "max": [-0.260965764523, -0.393439084291, -0.404021888971, -0.533694684505, -0.573305368423, -0.652938246727], "mean": [-0.654168188572, -0.704315245152, -0.729875326157, -0.79317855835, -0.806802332401, -0.798409819603], "median": [-0.66901832819, -0.712088823318, -0.740891158581, -0.797670483589, -0.814212083817, -0.796878278255], "min": [-0.95731896162, -0.979459822178, -0.968503892422, -0.950855791569, -0.966248512268, -0.963574647903], "var": [0.00965769123286, 0.00831545889378, 0.00805164966732, 0.00302157970145, 0.00256598833948, 0.00222447654232]}, "spectral_contrast_valleys": {"dmean": [0.448540359735, 0.470268368721, 0.409464329481, 0.408992022276, 0.422613501549, 0.472567617893], "dmean2": [0.712829828262, 0.754321575165, 0.643751204014, 0.625743329525, 0.615959942341, 0.617746829987], "dvar": [0.234778031707, 0.324068337679, 0.23820233345, 0.329189062119, 0.448964446783, 0.418100953102], "dvar2": [0.491138488054, 0.730954170227, 0.471258729696, 0.626493692398, 0.868661046028, 0.735774993896], "max": [-5.19634437561, -4.21662664413, -5.03511476517, -5.452