{"lowlevel": {"average_loudness": 0.93524056673, "barkbands_crest": {"dmean": 1.82223808765, "dmean2": 2.77964305878, "dvar": 2.93291735649, "dvar2": 6.30417871475, "max": 21.8694095612, "mean": 10.2509613037, "median": 9.66979885101, "min": 3.20513892174, "var": 12.3201694489}, "barkbands_flatness_db": {"dmean": 0.0160506460816, "dmean2": 0.0230194963515, "dvar": 0.000272011966445, "dvar2": 0.000545641640201, "max": 0.30815950036, "mean": 0.173889666796, "median": 0.173480540514, "min": 0.0238250158727, "var": 0.00196963292547}, "barkbands_kurtosis": {"dmean": 1.74288284779, "dmean2": 2.63744926453, "dvar": 3.57413697243, "dvar2": 8.24071121216, "max": 26.5972042084, "mean": 4.46078586578, "median": 3.47463464737, "min": -1.07708418369, "var": 14.6343278885}, "barkbands_skewness": {"dmean": 0.331383109093, "dmean2": 0.494704902172, "dvar": 0.0984079763293, "dvar2": 0.204776585102, "max": 4.28200006485, "mean": 1.5680565834, "median": 1.60897529125, "min": -2.15590715408, "var": 0.967374742031}, "barkbands_spread": {"dmean": 2.07304549217, "dmean2": 3.20113492012, "dvar": 5.46622085571, "dvar2": 12.8197250366, "max": 68.9708251953, "mean": 11.525680542, "median": 10.4161891937, "min": 3.40561127663, "var": 29.3425655365}, "dissonance": {"dmean": 0.022586831823, "dmean2": 0.0380454063416, "dvar": 0.000390350731323, "dvar2": 0.00104931206442, "max": 0.49962207675, "mean": 0.440907299519, "median": 0.442760437727, "min": 0.325042575598, "var": 0.000841062632389}, "dynamic_complexity": 3.13345146179, "erbbands_crest": {"dmean": 1.9642714262, "dmean2": 2.92833828926, "dvar": 3.33829283714, "dvar2": 7.28852319717, "max": 23.4008750916, "mean": 9.36044883728, "median": 8.76319026947, "min": 2.69884538651, "var": 12.5172786713}, "erbbands_flatness_db": {"dmean": 0.0150996269658, "dmean2": 0.0212112255394, "dvar": 0.000301285501337, "dvar2": 0.000566598260775, "max": 0.333982110023, "mean": 0.196181863546, "median": 0.194532170892, "min": 0.0708281993866, "var": 0.00186089135241}, "erbbands_kurtosis": {"dmean": 0.647710502148, "dmean2": 1.05000913143, "dvar": 0.427101880312, "dvar2": 1.01051485538, "max": 7.1579990387, "mean": 0.326413929462, "median": 0.163363456726, "min": -1.60170280933, "var": 1.2133872509}, "erbbands_skewness": {"dmean": 0.234860345721, "dmean2": 0.368873953819, "dvar": 0.03832000494, "dvar2": 0.0939222425222, "max": 2.4075949192, "mean": 0.700990736485, "median": 0.699223935604, "min": -0.965181708336, "var": 0.202784657478}, "erbbands_spread": {"dmean": 4.2225985527, "dmean2": 6.65646076202, "dvar": 20.1790885925, "dvar2": 48.3515777588, "max": 66.8876266479, "mean": 27.5877609253, "median": 26.0467758179, "min": 8.48936653137, "var": 94.4954299927}, "hfc": {"dmean": 3.75069522858, "dmean2": 5.66255331039, "dvar": 27.93608284, "dvar2": 63.945274353, "max": 59.2780418396, "mean": 15.5171890259, "median": 14.0108222961, "min": 1.06810450985e-16, "var": 99.262298584}, "melbands_crest": {"dmean": 2.10366368294, "dmean2": 3.27566599846, "dvar": 4.17846250534, "dvar2": 9.95635414124, "max": 29.5246086121, "mean": 12.0345172882, "median": 11.5716142654, "min": 1.41532099247, "var": 18.2760829926}, "melbands_flatness_db": {"dmean": 0.0154925342649, "dmean2": 0.0227863043547, "dvar": 0.000278687424725, "dvar2": 0.000594770535827, "max": 0.389298319817, "mean": 0.239096194506, "median": 0.245239719748, "min": 0.000462438445538, "var": 0.00385050917976}, "melbands_kurtosis": {"dmean": 2.66481113434, "dmean2": 4.02290725708, "dvar": 9.24661922455, "dvar2": 20.8780708313, "max": 43.8817558289, "mean": 7.98576116562, "median": 6.47155380249, "min": -1.40640604496, "var": 45.7270126343}, "melbands_skewness": {"dmean": 0.374419242144, "dmean2": 0.567898869514, "dvar": 0.133355304599, "dvar2": 0.284086704254, "max": 5.57327127457, "mean": 2.05631518364, "median": 1.9847509861, "min": -0.269039094448, "var": 0.987797737122}, "melbands_spread": {"dmean": 2.64180827141, "dmean2": 4.07933759689, "dvar": 22.7104206085, "dvar2": 48.8811912537, "max": 157.821044922, "mean": 16.6384792328, "median": 12.5417757034, "min": 3.46572399139, "var": 495.038269043}, "pitch_salience": {"dmean": 0.0554041191936, "dmean2": 0.0863553211093, "dvar": 0.00250531057827, "dvar2": 0.00622270908207, "max": 0.982773661613, "mean": 0.594669640064, "median": 0.591807126999, "min": 0.274361282587, "var": 0.00856353249401}, "silence_rate_20dB": {"dmean": 0, "dmean2": 0, "dvar": 0, "dvar2": 0, "max": 1, "mean": 1, "median": 1, "min": 1, "var": 0}, "silence_rate_30dB": {"dmean": 0.00132450333331, "dmean2": 0.00265076220967, "dvar": 0.00132275710348, "dvar2": 0.00396914687008, "max": 1, "mean": 0.999338209629, "median": 1, "min": 0, "var": 0.000661370402668}, "silence_rate_60dB": {"dmean": 0.00132450333331, "dmean2": 0.00265076220967, "dvar": 0.0013227268355, "dvar2": 0.00264373677783, "max": 1, "mean": 0.0794176012278, "median": 0, "min": 0, "var": 0.0731091573834}, "spectral_centroid": {"dmean": 111.307929993, "dmean2": 172.178665161, "dvar": 53675.5742188, "dvar2": 86702.0078125, "max": 11642.9179688, "mean": 1067.04199219, "median": 703.106079102, "min": 340.312774658, "var": 3257700.25}, "spectral_complexity": {"dmean": 2.69006633759, "dmean2": 4.29821062088, "dvar": 9.26951885223, "dvar2": 21.8501930237, "max": 44, "mean": 17.0840511322, "median": 17, "min": 0, "var": 47.6722564697}, "spectral_decrease": {"dmean": 1.8990786721e-09, "dmean2": 2.8716102829e-09, "dvar": 7.69671873082e-18, "dvar2": 1.8542199725e-17, "max": 1.68472852445e-28, "mean": -7.75996245039e-09, "median": -7.17938286598e-09, "min": -3.04893177372e-08, "var": 2.39938212332e-17}, "spectral_energy": {"dmean": 0.00747451838106, "dmean2": 0.0112918447703, "dvar": 0.000118463474791, "dvar2": 0.000284730864223, "max": 0.119303017855, "mean": 0.0306953433901, "median": 0.0285533219576, "min": 1.01583361075e-20, "var": 0.000372804293875}, "spectral_energyband_high": {"dmean": 7.93603758211e-05, "dmean2": 0.000125130492961, "dvar": 1.91166726893e-08, "dvar2": 4.70143390885e-08, "max": 0.00124034902547, "mean": 0.000138094284921, "median": 5.96238533035e-05, "min": 7.25529000999e-21, "var": 3.08819778638e-08}, "spectral_energyband_low": {"dmean": 0.00277717760764, "dmean2": 0.00474485429004, "dvar": 3.60783669748e-05, "dvar2": 9.25494314288e-05, "max": 0.0739929527044, "mean": 0.00544446753338, "median": 0.00350971193984, "min": 1.50266974169e-23, "var": 4.50290062872e-05}, "spectral_energyband_middle_high": {"dmean": 0.00155155558605, "dmean2": 0.0023588410113, "dvar": 4.40222447651e-06, "dvar2": 9.58471810009e-06, "max": 0.0253620371222, "mean": 0.00492127425969, "median": 0.00396948494017, "min": 1.09066853576e-21, "var": 1.51728609126e-05}, "spectral_energyband_middle_low": {"dmean": 0.00514001678675, "dmean2": 0.0075327726081, "dvar": 4.28102866863e-05, "dvar2": 0.000100169454527, "max": 0.0812445878983, "mean": 0.0209244452417, "median": 0.0193375311792, "min": 1.83285520441e-22, "var": 0.000177559093572}, "spectral_entropy": {"dmean": 0.127593636513, "dmean2": 0.190726146102, "dvar": 0.0233590919524, "dvar2": 0.0483339503407, "max": 9.82199192047, "mean": 7.15633535385, "median": 7.04511451721, "min": 6.03482437134, "var": 0.331036984921}, "spectral_flux": {"dmean": 0.0221506338567, "dmean2": 0.0342458710074, "dvar": 0.000820419751108, "dvar2": 0.00169669487514, "max": 0.243955716491, "mean": 0.0643445253372, "median": 0.0556746572256, "min": 6.35151792272e-11, "var": 0.00163257110398}, "spectral_kurtosis": {"dmean": 3.77903842926, "dmean2": 6.57078027725, "dvar": 17.1929359436, "dvar2": 52.3394851685, "max": 43.8896217346, "mean": 9.59810447693, "median": 8.65203762054, "min": -1.26988518238, "var": 35.6702613831}, "spectral_rms": {"dmean": 0.000603793014307, "dmean2": 0.000894740514923, "dvar": 5.98121232542e-07, "dvar2": 1.38575092024e-06, "max": 0.0107885673642, "mean": 0.00508648296818, "median": 0.00527796335518, "min": 3.14810612474e-12, "var": 4.07434754379e-06}, "spectral_rolloff": {"dmean": 157.534347534, "dmean2": 265.218841553, "dvar": 380264.25, "dvar2": 705910.9375, "max": 19595.2148438, "mean": 1370.63842773, "median": 818.26171875, "min": 258.3984375, "var": 10413355}, "spectral_skewness": {"dmean": 0.359491944313, "dmean2": 0.606657624245, "dvar": 0.123888805509, "dvar2": 0.35212957859, "max": 4.51073074341, "mean": 2.09375596046, "median": 2.10169959068, "min": -0.105403184891, "var": 0.480240315199}, "spectral_spread": {"dmean": 375044.375, "dmean2": 565076, "dvar": 796580511744, "dvar2": 1328976494590.0, "max": 43096872, "mean": 4198960, "median": 2904636.75, "min": 1188431.5, "var": 43261943087100.0}, "spectral_strongpeak": {"dmean": 0.384518325329, "dmean2": 0.634654819965, "dvar": 0.233421713114, "dvar2": 0.530008494854, "max": 4.84520626068, "mean": 1.18282663822, "median": 1.10806143284, "min": 0, "var": 0.593541800976}, "zerocrossingrate": {"dmean": 0.00576559919864, "dmean2": 0.00739734759554, "dvar": 0.000222023794777, "dvar2": 0.000383640028303, "max": 0.53515625, "mean": 0.0514795780182, "median": 0.0341796875, "min": 0.01416015625, "var": 0.00715531595051}, "barkbands": {"dmean": [8.6332720457e-06, 0.000956574280281, 0.00159376778174, 0.0010378313018, 0.00247656740248, 0.00164952117484, 0.00190726714209, 0.000442722026492, 0.000849284406286, 0.00077442091424, 0.00057582865702, 0.000318326929118, 0.000210817102925, 0.000168320868397, 0.00018237324548, 0.000159104398335, 0.00011759919289, 8.96105339052e-05, 7.89991536294e-05, 4.19917923864e-05, 2.84093293885e-05, 1.32659279188e-05, 4.17551746068e-06, 4.80652397528e-06, 5.81720860282e-06, 2.27155924222e-05, 1.43908982864e-06], "dmean2": [1.3161534298e-05, 0.00167191890068, 0.00271797413006, 0.00185432715807, 0.0038123826962, 0.00214837444946, 0.00265420041978, 0.000624027627055, 0.00129499519244, 0.00114245549776, 0.00086941261543, 0.000506281794515, 0.000359429512173, 0.000284676032607, 0.000311140320264, 0.000272088655038, 0.000196069420781, 0.000152010543388, 0.000128479267005, 6.94650807418e-05, 4.86785720568e-05, 2.28504795814e-05, 6.76094714436e-06, 7.06962464392e-06, 7.88321449363e-06, 3.44295840478e-05, 1.92560355572e-06], "dvar": [5.88372572885e-10, 5.43891337657e-06, 1.46986521941e-05, 3.30954139827e-06, 1.48342469402e-05, 4.90444654133e-06, 9.24718369788e-06, 5.39794427823e-07, 1.79248650056e-06, 1.89928300642e-06, 8.55833320657e-07, 4.09027933301e-07, 9.50842959924e-08, 5.00334103037e-08, 6.85031054104e-08, 5.48029994718e-08, 3.18445181335e-08, 3.07494296692e-08, 2.049115011e-08, 7.05534741741e-09, 4.64325156102e-09, 9.6217855905e-10, 5.91202642397e-11, 5.2414059204e-11, 3.82832626711e-10, 3.63991525809e-09, 1.3476918366e-11], "dvar2": [1.46808565304e-09, 1.43131746881e-05, 3.90623572457e-05, 8.99006317923e-06, 3.17651865771e-05, 7.74059026298e-06, 1.86490742635e-05, 9.7856047887e-07, 4.2484016376e-06, 3.94828020944e-06, 1.70992132098e-06, 8.05617332844e-07, 2.78534542986e-07, 1.3408160271e-07, 1.98351131075e-07, 1.42772222489e-07, 8.58212345634e-08, 8.79390569253e-08, 5.24518881662e-08, 1.83377437679e-08, 1.26937385048e-08, 2.63868304984e-09, 1.51693241301e-10, 1.00963307159e-10, 6.58693988242e-10, 8.14541145644e-09, 2.36799330144e-11], "max": [0.000457916874439, 0.0255050249398, 0.0497818700969, 0.0150731578469, 0.0430914163589, 0.0492653176188, 0.0759616866708, 0.0118563724682, 0.0171613711864, 0.0183933693916, 0.0117156300694, 0.010385970585, 0.00466912332922, 0.00204439158551, 0.00351507496089, 0.00438751839101, 0.00220425589941, 0.00317396712489, 0.00175187562127, 0.000859913649037, 0.000593186356127, 0.00026579250698, 0.000121740900795, 0.000115375805763, 0.000364815816283, 0.000378938857466, 6.46034386591e-05], "mean": [9.18316436582e-06, 0.00167856179178, 0.00307328114286, 0.00129354873206, 0.00744695123285, 0.00515443691984, 0.00435505621135, 0.000937480479479, 0.00164959626272, 0.00166178378277, 0.00107083655894, 0.00049248378491, 0.000347855238942, 0.000278617779259, 0.000297423044685, 0.00028070085682, 0.000210938727832, 0.000154920504428, 0.000120570177387, 6.76766139804e-05, 3.80490091629e-05, 2.04243569897e-05, 9.462682101e-06, 1.13507403512e-05, 1.09718994281e-05, 2.14382434933e-05, 1.77157892267e-06], "median": [5.23651237927e-07, 0.000545080751181, 0.0013818864245, 0.000697113166098, 0.00445190118626, 0.0034852467943, 0.00207004789263, 0.00043411727529, 0.000892574491445, 0.000620203325525, 0.000451160507509, 0.000254996761214, 0.000243541420787, 0.00019570501172, 0.000194306805497, 0.000193079133169, 0.000134520334541, 9.5453709946e-05, 5.69964286115e-05, 3.59143268724e-05, 1.40235542858e-05, 5.81696031077e-06, 2.99541352433e-06, 5.39159964319e-06, 1.87738248769e-06, 1.07433493213e-06, 5.91340736378e-08], "min": [1.02051267105e-24, 5.04860250833e-24, 1.4124140356e-24, 2.55954972878e-24, 8.19623640625e-24, 9.56666134802e-24, 7.54185104182e-24, 1.06270789424e-23, 1.93421120896e-23, 1.15775245934e-23, 1.55478851952e-23, 2.85471469768e-23, 2.51313950345e-23, 4.52976332671e-23, 6.00191440656e-23, 6.35425628998e-23, 7.26157065547e-23, 7.00741860446e-23, 1.07860219508e-22, 1.43910014295e-22, 2.42345340226e-22, 3.61204388589e-22, 4.52488999648e-22, 6.53148253826e-22, 9.35942948149e-22, 1.1669812989e-21, 1.87162336339e-21], "var": [5.70209324202e-10, 8.16305691842e-06, 2.07725806831e-05, 3.13916507366e-06, 6.21527433395e-05, 3.07032423734e-05, 3.80252749892e-05, 2.01589273274e-06, 4.15877821069e-06, 6.16699662714e-06, 2.31318608712e-06, 8.16725616914e-07, 1.46154206959e-07, 8.83511503957e-08, 1.12532092089e-07, 1.08991876857e-07, 6.20601880996e-08, 4.05238544943e-08, 2.96266158273e-08, 8.47801295834e-09, 4.25663237991e-09, 1.13950737735e-09, 2.35104019586e-10, 2.13741482846e-10, 9.73099600898e-10, 3.76123665546e-09, 2.92335704255e-11]}, "erbbands": {"dmean": [0.0148124312982, 0.272860914469, 1.55505609512, 2.79436469078, 4.46664953232, 10.5573425293, 12.8006010056, 14.027680397, 28.4268474579, 15.320523262, 9.90038967133, 19.0439376831, 18.0946731567, 24.3579616547, 20.3403091431, 9.18994426727, 10.2855491638, 6.56469869614, 7.52541828156, 9.88980674744, 9.21472263336, 6.41176462173, 4.61671113968, 4.1589384079, 3.70900011063, 1.85157930851, 0.907814621925, 1.3246730566, 0.523720920086, 0.220452293754, 0.115342028439, 0.149621739984, 0.0549239553511, 0.0465580075979, 0.0584430210292, 0.128798976541, 0.0365443490446, 0.00228818738833, 0.000216502128751, 3.49001747963e-05], "dmean2": [0.0260900463909, 0.47244271636, 2.6253387928, 4.940782547, 7.81403112411, 16.134016037, 17.9160327911, 18.1398429871, 40.6793861389, 19.9356575012, 14.4811286926, 29.49933815, 27.8384437561, 36.230594635, 31.0173511505, 14.5317792892, 17.5268058777, 11.0391969681, 12.5528869629, 17.2520923615, 15.5916376114, 10.8688459396, 7.75865507126, 6.59386587143, 6.33363056183, 3.05092453957, 1.47854495049, 2.3877863884, 0.91798889637, 0.351540505886, 0.181717276573, 0.241682633758, 0.0815363675356, 0.0652137249708, 0.0822179690003, 0.196795284748, 0.0555875040591, 0.0034203522373, 0.000289737537969, 4.77225839859e-05], "dvar": [0.00110801693518, 0.439993590117, 14.8242797852, 24.0253982544, 67.7141113281, 318.773406982, 305.530853271, 432.445037842, 2427.88793945, 1043.09313965, 205.535720825, 1013.46887207, 830.840698242, 2039.25927734, 958.752502441, 249.186645508, 241.883773804, 97.6629104614, 79.6450042725, 247.449691772, 223.968566895, 100.202430725, 92.4904251099, 56.3572540283, 56.8715133667, 12.3650932312, 2.55325126648, 14.9252586365, 1.71753776073, 0.178102448583, 0.0391158051789, 0.050825111568, 0.00825984310359, 0.0204333309084, 0.0375649519265, 0.116153672338, 0.00939092878252, 3.15721154038e-05, 2.79765032474e-07, 5.47462786216e-09], "dvar2": [0.00295695569366, 1.14431667328, 38.1085395813, 65.9468765259, 172.629364014, 626.69128418, 575.125427246, 661.840209961, 5126.27099609, 1690.35986328, 407.200012207, 2428.42871094, 1944.13574219, 4184.37646484, 1961.10266113, 487.420928955, 710.906738281, 268.894317627, 211.963165283, 677.45690918, 580.524047852, 273.354217529, 264.893920898, 141.2290802, 154.34274292, 31.9594669342, 6.14228105545, 42.485660553, 4.83283805847, 0.438984334469, 0.100145958364, 0.11553183198, 0.0182491969317, 0.0364216789603, 0.0662695094943, 0.270929723978, 0.0200148578733, 6.67579006404e-05, 4.98519170833e-07, 9.86663550862e-09], "max": [0.28323417902, 7.33096456528, 53.4685211182, 43.6437721252, 89.3746948242, 253.150299072, 271.387115479, 557.676208496, 1193.34387207, 744.514099121, 222.884918213, 465.996826172, 358.022644043, 683.692382812, 364.739532471, 257.864044189, 233.601501465, 122.746231079, 96.9427566528, 248.561416626, 295.531524658, 136.588470459, 204.053741455, 141.175720215, 77.7331695557, 36.2706871033, 16.2227115631, 34.2421417236, 13.5540161133, 5.31505680084, 3.43884754181, 2.59485840797, 1.95591580868, 2.7779519558, 3.62681722641, 2.2160885334, 0.603596448898, 0.0385257564485, 0.00838289875537, 0.00123136909679], "mean": [0.0212769266218, 0.50876390934, 3.07473945618, 4.29568433762, 8.00014209747, 30.2572402954, 43.8460083008, 44.3785629272, 64.9766464233, 37.991645813, 24.2453136444, 35.151763916, 36.6594161987, 57.1412200928, 39.8472290039, 16.9903907776, 17.7579116821, 12.2158613205, 13.6440877914, 17.2894420624, 16.2801132202, 12.2381277084, 9.11240673065, 7.18168401718, 5.54663133621, 3.14885473251, 1.70010244846, 1.40388035774, 0.74692684412, 0.450791150331, 0.267965137959, 0.323991328478, 0.116129420698, 0.0960828065872, 0.0972312986851, 0.121108323336, 0.034960322082, 0.00243955827318, 0.000296119687846, 6.6493099439e-05], "median": [0.0064364336431, 0.193295896053, 1.62019777298, 2.64898204803, 3.681381464, 16.5028495789, 31.0532836914, 28.4172954559, 30.8377914429, 18.845539093, 14.3895292282, 19.0915222168, 20.3326911926, 27.8564338684, 22.0629997253, 11.3032541275, 12.3793725967, 8.19581031799, 10.2496232986, 11.1961765289, 11.0537242889, 8.11384391785, 6.00288295746, 3.77673316002, 2.67844057083, 1.7539151907, 0.868917703629, 0.382333785295, 0.210752621293, 0.11595466733, 0.112056754529, 0.168175414205, 0.0436347387731, 0.020873753354, 0.0125448964536, 0.00686167972162, 0.00169350870419, 0.000196945475182, 3.00279025396e-05, 3.70705056412e-05], "min": [1.79377011267e-22, 9.66059713757e-22, 2.05185038806e-21, 5.61274518919e-21, 1.91065635244e-20, 2.19462842608e-20, 5.68562206297e-20, 5.70932789611e-20, 1.3835572852e-19, 2.06192758857e-19, 2.50180750417e-19, 4.31766902304e-19, 7.04078094528e-19, 1.03353250028e-18, 1.31031292351e-18, 1.07343848476e-18, 1.41220647893e-18, 1.91070056783e-18, 3.3317282042e-18, 2.7168207484e-18, 4.13281064805e-18, 4.64216199948e-18, 4.60842337024e-18, 5.43755488827e-18, 7.39880797885e-18, 8.54719523096e-18, 1.01628096618e-17, 1.07204485087e-17, 1.19642038952e-17, 1.04914989772e-17, 1.30780505664e-17, 1.17302085619e-17, 1.03668188707e-17, 9.10825446967e-18, 6.87805435626e-18, 4.40621286565e-18, 2.21889544956e-18, 1.02628608792e-18, 2.35398334937e-19, 2.78146234125e-20], "var": [0.00127946166322, 0.652590215206, 20.7680034637, 26.6213798523, 137.270004272, 1384.87609863, 1854.9855957, 2496.93383789, 9309.18945312, 4292.26074219, 864.000671387, 2177.64501953, 2267.5222168, 5663.60546875, 2416.82885742, 518.791809082, 369.589752197, 185.534988403, 162.859191895, 430.517486572, 421.124450684, 183.238494873, 123.464035034, 101.443588257, 61.0411605835, 16.5312652588, 4.67264842987, 10.1874866486, 1.67644226551, 0.537748515606, 0.173951104283, 0.158792644739, 0.0330039188266, 0.0550223104656, 0.0887042507529, 0.114944368601, 0.0100611513481, 3.5552711779e-05, 6.47942385967e-07, 1.13922045131e-08]}, "gfcc": {"mean": [-65.618270874, 135.704559326, -123.583251953, 8.79620552063, -52.230140686, -10.2392368317, -38.3931617737, 0.288848459721, -25.295419693, -6.65571117401, -12.0245075226, -0.0575523041189, -4.46923875809], "cov": [[49848.8125, 4618.93554688, -4097.16796875, 33.746723175, -1638.75012207, 124.617713928, -1578.49121094, 325.452789307, -1039.18920898, -77.019493103, -743.91595459, 136.403594971, -239.974197388], [4618.93554688, 2000.10717773, -1041.57470703, 131.126937866, 15.5371608734, -169.847000122, 84.7538299561, -188.41897583, 119.409355164, -194.677505493, 99.0404205322, -145.097015381, 168.625076294], [-4097.16796875, -1041.57470703, 906.766235352, -149.674179077, 220.402923584, 89.4834747314, 23.1435585022, 83.3867111206, -28.8256282806, 95.0477142334, -36.1308441162, 62.0241012573, -83.005317688], [33.746723175, 131.126937866, -149.674179077, 290.7265625, -76.8748245239, 9.72352218628, 61.8347015381, -64.2834243774, 57.3863868713, -19.7752780914, 47.313949585, -40.326675415, 37.5248641968], [-1638.75012207, 15.5371608734, 220.402923584, -76.8748245239, 294.550689697, 9.18224334717, 95.8572921753, -10.098824501, 62.2901077271, -2.0794942379, 18.0088233948, -8.35463619232, 28.8234539032], [124.617713928, -169.847000122, 89.4834747314, 9.72352218628, 9.18224334717, 123.940307617, 17.2661056519, 53.465965271, 2.65040874481, 29.6173343658, -8.35863113403, 24.9806556702, -0.325376868248], [-1578.49121094, 84.7538299561, 23.1435585022, 61.8347015381, 95.8572921753, 17.2661056519, 230.900146484, -11.1980676651, 110.258972168, -9.93175506592, 72.1357955933, -9.68357658386, 76.4540786743], [325.452789307, -188.41897583, 83.3867111206, -64.2834243774, -10.098824501, 53.465965271, -11.1980676651, 122.37322998, -7.12222146988, 48.4490585327, -23.8868217468, 47.3999023438, -29.2105445862], [-1039.18920898, 119.409355164, -28.8256282806, 57.3863868713, 62.2901077271, 2.65040874481, 110.258972168, -7.12222146988, 136.522628784, 8.80855178833, 62.0830039978, -25.8982906342, 55.0265693665], [-77.019493103, -194.677505493, 95.0477142334, -19.7752780914, -2.0794942379, 29.6173343658, -9.93175506592, 48.4490585327, 8.80855178833, 77.5596008301, 3.94075083733, 32.5753707886, -23.4882526398], [-743.91595459, 99.0404205322, -36.1308441162, 47.313949585, 18.0088233948, -8.35863113403, 72.1357955933, -23.8868217468, 62.0830039978, 3.94075083733, 86.417137146, 2.0347597599, 41.6683959961], [136.403594971, -145.097015381, 62.0241012573, -40.326675415, -8.35463619232, 24.9806556702, -9.68357658386, 47.3999023438, -25.8982906342, 32.5753707886, 2.0347597599, 69.7957611084, -2.09986805916], [-239.974197388, 168.625076294, -83.005317688, 37.5248641968, 28.8234539032, -0.325376868248, 76.4540786743, -29.2105445862, 55.0265693665, -23.4882526398, 41.6683959961, -2.09986805916, 82.6274871826]], "icov": [[0.000133118548547, -0.000464766344521, 0.000228543445701, -0.000166231780895, 0.000213560721022, -0.0005006614374, 0.000375701871235, -0.000347510445863, 0.000756748020649, -0.000931106158532, 0.000947861815803, -0.000349756708601, -0.000162301643286], [-0.000464766344521, 0.00408752914518, 0.00218646577559, 0.000914907315746, -0.00298473075964, 0.00231750379317, -0.00102603889536, 0.000958822260145, -0.0023213820532, 0.00487015582621, -0.00487980525941, 0.00301589071751, -0.000104113714769], [0.000228543445701, 0.00218646577559, 0.00609677564353, 0.0003965330543, -0.00392358982936, -0.00116676383186, 0.000186146746273, -0.000155188274221, 0.00204539112747, -0.00108587485738, 0.000121515906358, 0.00029822520446, 0.00155868462753], [-0.000166231780895, 0.000914907315746, 0.0003965330543, 0.00617549102753, 0.00181564397644, -0.00172321859282, -0.00174688769039, 0.00413258932531, -0.00301736290567, 0.00123852177057, -0.00212323688902, 0.00162671855651, 0.00115462660324], [0.000213560721022, -0.00298473075964, -0.00392358982936, 0.00181564397644, 0.00885912310332, -0.00177957373671, -0.00119403889403, 0.00183777848724, -0.00222541159019, -0.00165982253384, 0.00406822189689, -0.00198728288524, -0.00048940005945], [-0.0005006614374, 0.00231750379317, -0.00116676383186, -0.00172321859282, -0.00177957373671, 0.0140654146671, -0.00173201400321, -0.00467637553811, -0.000671836431138, 0.00162395450752, -0.00247938558459, 0.00247879954986, -0.00372514268383], [0.000375701871235, -0.00102603889536, 0.000186146746273, -0.00174688769039, -0.00119403889403, -0.00173201400321, 0.0108632929623, -0.00331739312969, -0.00138486758806, 1.53859291459e-05, -0.000910842092708, -0.000458102556877, -0.00527498032898], [-0.000347510445863, 0.000958822260145, -0.000155188274221, 0.00413258932531, 0.00183777848724, -0.00467637553811, -0.00331739312969, 0.0220233984292, -0.0103404615074, -0.000335614051437, 0.00487832399085, -0.0118699939921, 0.00922622065991], [0.000756748020649, -0.0023213820532, 0.00204539112747, -0.00301736290567, -0.00222541159019, -0.000671836431138, -0.00138486758806, -0.0103404615074, 0.0288350600749, -0.0145700667053, -0.00415938254446, 0.0141946626827, -0.0121266748756], [-0.000931106158532, 0.00487015582621, -0.00108587485738, 0.00123852177057, -0.00165982253384, 0.00162395450752, 1.53859291459e-05, -0.000335614051437, -0.0145700667053, 0.0339121855795, -0.0102959247306, -0.00754307350144, 0.0104996999726], [0.000947861815803, -0.00487980525941, 0.000121515906358, -0.00212323688902, 0.00406822189689, -0.00247938558459, -0.000910842092708, 0.00487832399085, -0.00415938254446, -0.0102959247306, 0.0321859568357, -0.0131267393008, -0.00178522616625], [-0.000349756708601, 0.00301589071751, 0.00029822520446, 0.00162671855651, -0.00198728288524, 0.00247879954986, -0.000458102556877, -0.0118699939921, 0.0141946626827, -0.00754307350144, -0.0131267393008, 0.0375560894608, -0.0147023471072], [-0.000162301643286, -0.000104113714769, 0.00155868462753, 0.00115462660324, -0.00048940005945, -0.00372514268383, -0.00527498032898, 0.00922622065991, -0.0121266748756, 0.0104996999726, -0.00178522616625, -0.0147023471072, 0.0327708646655]]}, "melbands": {"dmean": [0.000198381749215, 0.000640934449621, 0.000496476888657, 0.00050437101163, 0.000463216070784, 0.000316493096761, 0.000408450665418, 0.000147998565808, 8.92801908776e-05, 0.000120233562484, 9.60977631621e-05, 0.000106771782157, 8.32525620353e-05, 3.95113129343e-05, 2.38248121605e-05, 1.82578623935e-05, 1.25322194435e-05, 1.34941956276e-05, 1.39257435876e-05, 1.08674530566e-05, 1.136021001e-05, 7.1422664405e-06, 5.63788125874e-06, 4.98549616168e-06, 3.34915989697e-06, 3.23900917465e-06, 2.35345191868e-06, 1.04479477159e-06, 6.3489733293e-07, 5.33124648427e-07, 8.9696931127e-07, 3.35704754661e-07, 1.79043396997e-07, 1.07169043417e-07, 6.7210827126e-08, 9.95961215722e-08, 7.88820457842e-08, 4.57942270771e-08, 2.91181123657e-08, 4.36533831305e-08], "dmean2": [0.00034595123725, 0.00108379044104, 0.000869756971952, 0.000824593240395, 0.000648705055937, 0.000408339896239, 0.000576646591071, 0.000193398998817, 0.0001312198292, 0.00018687620468, 0.000147430124343, 0.000158747498062, 0.000126293292851, 6.22150037088e-05, 4.04557213187e-05, 3.06765214191e-05, 2.1148871383e-05, 2.24442646868e-05, 2.40783465415e-05, 1.86267679965e-05, 1.9359829821e-05, 1.21724833662e-05, 9.56853909884e-06, 8.47806313686e-06, 5.30327724846e-06, 5.39917209608e-06, 4.04172988056e-06, 1.728005941e-06, 1.02906324173e-06, 9.16717567634e-07, 1.63452170909e-06, 5.94057610215e-07, 2.91422935561e-07, 1.74701241917e-07, 1.07528556725e-07, 1.66582623251e-07, 1.2486508183e-07, 7.29070990246e-08, 4.41315464172e-08, 6.19025470883e-08], "dvar": [2.17110198264e-07, 2.41215866481e-06, 7.30411841232e-07, 7.34811123948e-07, 4.13151354905e-07, 1.98291260745e-07, 4.75672067068e-07, 8.9699874195e-08, 1.42897311761e-08, 3.94665882197e-08, 2.32355947816e-08, 3.90466041722e-08, 1.82568271612e-08, 8.05263944414e-09, 1.01455932544e-09, 5.8021559779e-10, 3.19393539394e-10, 3.17825293861e-10, 4.69333294451e-10, 2.43136871747e-10, 3.41502048862e-10, 1.48033377223e-10, 1.23469026669e-10, 8.93608312347e-11, 4.11922336518e-11, 3.72615618915e-11, 2.77186329445e-11, 3.14372009327e-12, 1.12272170727e-12, 1.29718295567e-12, 7.65223041183e-12, 6.92706796871e-13, 1.02354404249e-13, 4.55217460948e-14, 1.76644994205e-14, 2.12517940664e-14, 1.3514012568e-14, 6.70474181003e-15, 3.96633172541e-15, 2.48907916034e-14], "dvar2": [5.77342063934e-07, 6.09218204772e-06, 1.96123119167e-06, 1.6434897816e-06, 7.83188738751e-07, 3.02839652022e-07, 9.91397769212e-07, 1.44439411542e-07, 2.95611375378e-08, 9.66267492686e-08, 5.39122098075e-08, 7.93372763042e-08, 3.64023335919e-08, 1.57212056706e-08, 2.81697953852e-09, 1.67078595403e-09, 8.7913687441e-10, 8.48088044236e-10, 1.35713984495e-09, 6.50435760807e-10, 8.9482299348e-10, 4.10070533086e-10, 3.45701967053e-10, 2.49562093213e-10, 1.01875438641e-10, 9.70697550118e-11, 7.60729534921e-11, 7.91106503223e-12, 2.70046528542e-12, 3.51478221527e-12, 2.19128656193e-11, 1.95645192755e-12, 2.50591837862e-13, 1.15172994297e-13, 4.7257912915e-14, 5.19176749389e-14, 2.92065599949e-14, 1.59692985018e-14, 1.00116812559e-14, 4.52916275719e-14], "max": [0.00480029825121, 0.0215120892972, 0.00701841525733, 0.00991471577436, 0.00942350458354, 0.011405014433, 0.0179232042283, 0.00680074747652, 0.0018050794024, 0.00251436489634, 0.00190843211021, 0.00303578656167, 0.00174260989297, 0.00144814210944, 0.000431456341175, 0.000298119935906, 0.000207863500691, 0.000188104284462, 0.000281467975583, 0.000238185020862, 0.000350474438164, 0.000188563164556, 0.00022605562117, 0.000139871131978, 0.000126748622279, 6.09939052083e-05, 5.54954822292e-05, 1.72365143953e-05, 1.08463900688e-05, 8.52009998198e-06, 2.44963011937e-05, 7.03179557604e-06, 4.12538429373e-06, 2.45979549618e-06, 2.17792899093e-06, 1.76959008513e-06, 1.51528990955e-06, 1.36092876346e-06, 1.4981728782e-06, 3.16263071909e-06], "mean": [0.000328699155943, 0.00131827115547, 0.000820676737931, 0.00126781710424, 0.00164729659446, 0.00100416131318, 0.000942810962442, 0.000352108851075, 0.000211911828956, 0.000214845655137, 0.000191012135474, 0.000247034186032, 0.000160897878231, 5.83806940995e-05, 4.20975047746e-05, 3.11317999149e-05, 2.15251093323e-05, 2.2514781449e-05, 2.23614588322e-05, 1.95858774532e-05, 1.82809963007e-05, 1.22731353258e-05, 9.80503500614e-06, 8.25403003546e-06, 5.4296383496e-06, 4.69708493256e-06, 3.2554412428e-06, 1.76558239673e-06, 1.15826458114e-06, 7.61155206419e-07, 8.36271283333e-07, 4.39532584551e-07, 3.28167004682e-07, 2.12481708672e-07, 1.39700432555e-07, 2.0845941151e-07, 1.69568224351e-07, 8.25190866749e-08, 6.32640251297e-08, 8.48522176966e-08], "median": [9.7369433206e-05, 0.000764949480072, 0.00050156947691, 0.000631674251053, 0.00122714915778, 0.000676027091686, 0.000475855660625, 0.000164977653185, 0.000121452496387, 0.000112604408059, 0.000102389945823, 0.000115007409477, 7.53498679842e-05, 2.44957282121e-05, 2.9046970667e-05, 2.24583272939e-05, 1.39964331538e-05, 1.49268616951e-05, 1.35495329232e-05, 1.22610572362e-05, 1.18782281788e-05, 7.71685154177e-06, 5.93868844589e-06, 4.80603557662e-06, 2.65669473265e-06, 2.13850375985e-06, 1.49567381413e-06, 1.00843169548e-06, 5.95096423694e-07, 2.99526220715e-07, 1.88328499462e-07, 1.18904367241e-07, 1.06666256272e-07, 4.17297130184e-08, 3.164681317e-08, 1.13180064432e-07, 8.46810834787e-08, 2.88976647056e-08, 1.67810725316e-08, 1.49509560288e-08], "min": [1.75845497142e-24, 2.23784495467e-24, 1.59420012868e-24, 1.78002992275e-24, 2.66632126344e-24, 1.09682125717e-24, 2.1248640986e-24, 2.74879529057e-24, 1.63877106564e-24, 2.82936185204e-24, 2.97137712815e-24, 3.8167492676e-24, 3.51685156714e-24, 2.93107797159e-24, 2.24512298538e-24, 3.13152831647e-24, 3.16562485694e-24, 4.53550292089e-24, 4.79658393165e-24, 2.06901570474e-24, 4.36567221205e-24, 4.3737836743e-24, 4.04407018707e-24, 3.92194031944e-24, 3.49253808518e-24, 3.90688806451e-24, 5.51794792567e-24, 4.53772119775e-24, 6.03455242211e-24, 4.98661736827e-24, 5.80343116524e-24, 5.87650413975e-24, 6.01471020376e-24, 5.38491442261e-24, 7.24204761024e-24, 5.89235748293e-24, 5.85335541092e-24, 6.53513081484e-24, 4.62182954747e-24, 7.29270510213e-24], "var": [3.12852080242e-07, 3.29353133566e-06, 9.14987538181e-07, 2.40540589402e-06, 2.38197571889e-06, 1.2080987517e-06, 1.90659068267e-06, 3.6207040921e-07, 6.52056755257e-08, 7.68672592244e-08, 6.75189752997e-08, 1.13161362947e-07, 4.96791408011e-08, 1.57759583175e-08, 2.01687244683e-09, 9.38516264704e-10, 5.84689241467e-10, 5.96195481872e-10, 7.67695906845e-10, 5.40065381305e-10, 5.99090721476e-10, 2.24745708155e-10, 1.664962751e-10, 1.36156530495e-10, 7.01576852169e-11, 4.72576838773e-11, 2.55836515167e-11, 4.90393793282e-12, 2.19998216693e-12, 1.42712664603e-12, 4.85712164933e-12, 6.31227980042e-13, 2.6660834998e-13, 1.3124305245e-13, 6.51861580664e-14, 6.11578252234e-14, 4.71200904901e-14, 1.71699101063e-14, 1.56102886693e-14, 5.86643025282e-14]}, "mfcc": {"mean": [-685.468505859, 169.731445312, -17.7799968719, 20.1501064301, -2.60792374611, -8.80412864685, -6.08584451675, -1.47898030281, -7.44266080856, -4.40149879456, -12.2080020905, -3.33574223518, -3.85764312744], "cov": [[13973.5498047, 3409.21728516, -533.456237793, 431.974914551, 17.3888111115, -11.8564777374, -72.747505188, 103.736839294, 17.1438503265, -15.2342433929, -149.368087769, -85.5456314087, -73.4959869385], [3409.21728516, 2350.64575195, -548.540100098, 225.101318359, 51.3745346069, -16.1611347198, -0.479997605085, 34.1526451111, 6.70048761368, 9.10354137421, -134.549621582, 13.9227313995, -83.0157165527], [-533.456237793, -548.540100098, 297.747131348, -54.8403549194, 1.85351848602, -21.3603382111, 3.16470766068, -23.0972633362, -33.7349586487, -12.5038194656, 8.63095283508, 3.32007718086, 14.6809606552], [431.974914551, 225.101318359, -54.8403549194, 174.735198975, -17.3323726654, 55.1057014465, -2.24205684662, 2.61969304085, 8.89775753021, -11.1314353943, 19.3878898621, -13.3129873276, 8.48157024384], [17.3888111115, 51.3745346069, 1.85351848602, -17.3323726654, 127.071334839, 0.0090356990695, 1.40010380745, -9.25255012512, -14.4368476868, 12.1517858505, -23.678440094, 12.3116903305, -28.9166259766], [-11.8564777374, -16.1611347198, -21.3603382111, 55.1057014465, 0.0090356990695, 102.259086609, 20.1005535126, 7.30620527267, 22.4342250824, 1.79794156551, 19.1564006805, -5.57252550125, 8.81797027588], [-72.747505188, -0.479997605085, 3.16470766068, -2.24205684662, 1.40010380745, 20.1005535126, 66.1311798096, 29.0717658997, 13.2119951248, 8.44819259644, -6.19710540771, 2.26973462105, -0.901296198368], [103.736839294, 34.1526451111, -23.0972633362, 2.61969304085, -9.25255012512, 7.30620527267, 29.0717658997, 63.1151847839, 34.9540481567, 18.6330032349, -0.706432759762, 3.36682248116, 2.62929391861], [17.1438503265, 6.70048761368, -33.7349586487, 8.89775753021, -14.4368476868, 22.4342250824, 13.2119951248, 34.9540481567, 78.6553573608, 28.786397934, 22.2298030853, -0.063993319869, 19.9209957123], [-15.2342433929, 9.10354137421, -12.5038194656, -11.1314353943, 12.1517858505, 1.79794156551, 8.44819259644, 18.6330032349, 28.786397934, 65.7503433228, 5.93884325027, 12.2791996002, -9.87543296814], [-149.368087769, -134.549621582, 8.63095283508, 19.3878898621, -23.678440094, 19.1564006805, -6.19710540771, -0.706432759762, 22.2298030853, 5.93884325027, 87.4225997925, 7.42798185349, 37.3795394897], [-85.5456314087, 13.9227313995, 3.32007718086, -13.3129873276, 12.3116903305, -5.57252550125, 2.26973462105, 3.36682248116, -0.063993319869, 12.2791996002, 7.42798185349, 57.9496498108, 10.5370397568], [-73.4959869385, -83.0157165527, 14.6809606552, 8.48157024384, -28.9166259766, 8.81797027588, -0.901296198368, 2.62929391861, 19.9209957123, -9.87543296814, 37.3795394897, 10.5370397568, 81.2718505859]], "icov": [[0.000127156003146, -0.000252044294029, -0.000261811481323, -2.20463334699e-06, 1.22978178752e-06, -8.04306837381e-05, 0.000290213880362, -0.000337920122547, 6.00909479544e-05, -6.24799395155e-06, -0.000117964766105, 0.000292405864457, -7.07671861164e-05], [-0.000252044294029, 0.00158240459859, 0.00230612722225, -0.00141814164817, -0.000261451699771, 0.00118875468615, -0.000919194484595, 0.0008383760578, -8.26510440675e-05, -1.82504572876e-05, 0.00172707426827, -0.00131698057521, 0.000254980055615], [-0.000261811481323, 0.00230612722225, 0.00743787083775, -0.00111653190106, -0.000453318614746, 0.00203689141199, -0.00220929062925, 0.00186709291302, 0.00175121251959, -0.000148001359776, 0.00189383956604, -0.00143370951992, -0.00070779438829], [-2.20463334699e-06, -0.00141814164817, -0.00111653190106, 0.0095753967762, 0.000990627217107, -0.00542789930478, 0.00177645753138, -0.00108132592868, 0.00100262532942, 0.00105797022115, -0.00302154105157, 0.00207140063867, -0.000248152704444], [1.22978178752e-06, -0.000261451699771, -0.000453318614746, 0.000990627217107, 0.00952708628029, -0.00150319875684, -0.00011721370538, 0.00166298320983, 0.000802460184786, -0.00175947498064, 0.00139762903564, -0.0021917889826, 0.00244116433896], [-8.04306837381e-05, 0.00118875468615, 0.00203689141199, -0.00542789930478, -0.00150319875684, 0.0150867225602, -0.00558951403946, 0.00286854337901, -0.00370810623281, 0.000803264090791, -0.000633080664556, -9.76582887233e-05, 0.000323861953802], [0.000290213880362, -0.000919194484595, -0.00220929062925, 0.00177645753138, -0.00011721370538, -0.00558951403946, 0.0220321603119, -0.0111131444573, 0.00152889383025, -0.000359254045179, 0.00133237696718, 0.000430410727859, -0.000381171063054], [-0.000337920122547, 0.0008383760578, 0.00186709291302, -0.00108132592868, 0.00166298320983, 0.00286854337901, -0.0111131444573, 0.0282520279288, -0.0105484668165, -0.00199282891117, 0.0026176488027, -0.00245087966323, 0.00102682143915], [6.00909479544e-05, -8.26510440675e-05, 0.00175121251959, 0.00100262532942, 0.000802460184786, -0.00370810623281, 0.00152889383025, -0.0105484668165, 0.0243605151772, -0.00861405022442, -0.00290409266017, 0.00349632161669, -0.0055404570885], [-6.24799395155e-06, -1.82504572876e-05, -0.000148001359776, 0.00105797022115, -0.00175947498064, 0.000803264090791, -0.000359254045179, -0.00199282891117, -0.00861405022442, 0.0219575054944, -0.00228735408746, -0.00457120174542, 0.00566355371848], [-0.000117964766105, 0.00172707426827, 0.00189383956604, -0.00302154105157, 0.00139762903564, -0.000633080664556, 0.00133237696718, 0.0026176488027, -0.00290409266017, -0.00228735408746, 0.0185397081077, -0.00283062038943, -0.00559937674552], [0.000292405864457, -0.00131698057521, -0.00143370951992, 0.00207140063867, -0.0021917889826, -9.76582887233e-05, 0.000430410727859, -0.00245087966323, 0.00349632161669, -0.00457120174542, -0.00283062038943, 0.0213154740632, -0.00459732860327], [-7.07671861164e-05, 0.000254980055615, -0.00070779438829, -0.000248152704444, 0.00244116433896, 0.000323861953802, -0.000381171063054, 0.00102682143915, -0.0055404570885, 0.00566355371848, -0.00559937674552, -0.00459732860327, 0.0186681970954]]}, "spectral_contrast_coeffs": {"dmean": [0.0446050986648, 0.0405879206955, 0.0376155003905, 0.0316009372473, 0.0197811536491, 0.0181740187109], "dmean2": [0.0723299905658, 0.0659642219543, 0.0623267069459, 0.0529537722468, 0.0323273018003, 0.0293687582016], "dvar": [0.0014154544333, 0.00118308432866, 0.00111373956315, 0.000703596509993, 0.000251153425779, 0.000435130117694], "dvar2": [0.00361468689516, 0.00302406121045, 0.0029222369194, 0.00190846424084, 0.000648115295917, 0.0010351317469], "max": [-0.33525159955, -0.469583809376, -0.512161612511, -0.622121453285, -0.680673956871, -0.624216854572], "mean": [-0.581041634083, -0.6658462286, -0.725393354893, -0.768994390965, -0.786831080914, -0.759196579456], "median": [-0.570152878761, -0.656595349312, -0.721899688244, -0.761543512344, -0.782505750656, -0.754379153252], "min": [-0.985070407391, -0.976995408535, -0.985132694244, -0.981711685658, -0.977163612843, -0.964479744434], "var": [0.0123662315309, 0.00717772031203, 0.00564175844193, 0.00344164692797, 0.00184699462261, 0.00226482748985]}, "spectral_contrast_valleys": {"dmean": [0.459643959999, 0.341369062662, 0.386861771345, 0.287163466215, 0.262462407351, 0.275580763817], "dmean2": [0.766516387463, 0.554169178009, 0.613176703453, 0.456911683083, 0.381386011839, 0.362861722708], "dvar": [0.267752975225, 0.201759010553, 0.241176173091, 0.172073423862, 0.180970147252, 0.168897762895], "dvar2": [0.49018907547, 0.299619972706, 0.4056039