{"lowlevel": {"average_loudness": 0.891575157642, "barkbands_crest": {"dmean": 4.18386602402, "dmean2": 6.4927649498, "dvar": 14.8721971512, "dvar2": 33.0567779541, "max": 26.6875953674, "mean": 13.9463891983, "median": 13.4900197983, "min": 2.10382294655, "var": 45.9936294556}, "barkbands_flatness_db": {"dmean": 0.0483283959329, "dmean2": 0.0671932473779, "dvar": 0.00216121645644, "dvar2": 0.00379702402279, "max": 0.684355676174, "mean": 0.168951526284, "median": 0.155175581574, "min": 0.00727552687749, "var": 0.0086516700685}, "barkbands_kurtosis": {"dmean": 26.8777503967, "dmean2": 41.5597839355, "dvar": 22437.7167969, "dvar2": 59455.546875, "max": 5119.11523438, "mean": 29.7310600281, "median": 6.79316234589, "min": -1.9726973772, "var": 18277.2382812}, "barkbands_skewness": {"dmean": 1.60017836094, "dmean2": 2.26014709473, "dvar": 5.95052480698, "dvar2": 13.953666687, "max": 59.466003418, "mean": 3.29087567329, "median": 2.47127580643, "min": -9.30120849609, "var": 12.1501054764}, "barkbands_spread": {"dmean": 10.1262321472, "dmean2": 15.8193149567, "dvar": 155.951522827, "dvar2": 366.085968018, "max": 142.578170776, "mean": 19.606218338, "median": 14.3604784012, "min": 0.0228151753545, "var": 292.475128174}, "dissonance": {"dmean": 0.0189945120364, "dmean2": 0.0320456549525, "dvar": 0.000450486259069, "dvar2": 0.00122444203589, "max": 0.500000298023, "mean": 0.469676852226, "median": 0.478586643934, "min": 0.182080075145, "var": 0.0011970178457}, "dynamic_complexity": 3.04023480415, "erbbands_crest": {"dmean": 2.86612129211, "dmean2": 4.58876419067, "dvar": 8.4627828598, "dvar2": 19.8617286682, "max": 31.9326286316, "mean": 7.9413933754, "median": 6.39995765686, "min": 1.91918349266, "var": 25.9140739441}, "erbbands_flatness_db": {"dmean": 0.026083542034, "dmean2": 0.0394998341799, "dvar": 0.00067690218566, "dvar2": 0.00141388725024, "max": 0.502203822136, "mean": 0.136600315571, "median": 0.110759019852, "min": 0.025607239455, "var": 0.00745581556112}, "erbbands_kurtosis": {"dmean": 1.68820893764, "dmean2": 2.57682752609, "dvar": 38.406047821, "dvar2": 65.0249633789, "max": 266.331848145, "mean": 1.11989426613, "median": -0.321917295456, "min": -1.90338587761, "var": 79.3776245117}, "erbbands_skewness": {"dmean": 0.49166572094, "dmean2": 0.76384729147, "dvar": 0.378201723099, "dvar2": 0.772474050522, "max": 13.0743017197, "mean": 0.562458992004, "median": 0.434181928635, "min": -3.35838961601, "var": 1.09033215046}, "erbbands_spread": {"dmean": 16.1624279022, "dmean2": 23.6590976715, "dvar": 315.467773438, "dvar2": 586.912414551, "max": 226.25100708, "mean": 54.6153297424, "median": 47.8828048706, "min": 0.952941179276, "var": 1226.99853516}, "hfc": {"dmean": 18.5840702057, "dmean2": 29.7329826355, "dvar": 717.177856445, "dvar2": 1910.78820801, "max": 244.536834717, "mean": 31.9414577484, "median": 21.9578056335, "min": 1.15023937568e-16, "var": 981.625488281}, "melbands_crest": {"dmean": 5.70315074921, "dmean2": 9.57159042358, "dvar": 31.6654834747, "dvar2": 80.873298645, "max": 38.1399078369, "mean": 19.3437900543, "median": 19.1507987976, "min": 2.48756670952, "var": 62.7058601379}, "melbands_flatness_db": {"dmean": 0.0608524419367, "dmean2": 0.0847506299615, "dvar": 0.00351154385135, "dvar2": 0.00648273387924, "max": 0.838393986225, "mean": 0.248906895518, "median": 0.244915723801, "min": 0.0114687979221, "var": 0.0128317540511}, "melbands_kurtosis": {"dmean": 43.7384033203, "dmean2": 62.7618980408, "dvar": 5551.55273438, "dvar2": 10716.2421875, "max": 1825.60681152, "mean": 68.7971725464, "median": 22.3252601624, "min": -1.88600111008, "var": 12401.5585938}, "melbands_skewness": {"dmean": 2.17525911331, "dmean2": 3.14090037346, "dvar": 5.73518943787, "dvar2": 10.8041124344, "max": 33.1088790894, "mean": 5.25002622604, "median": 3.91596651077, "min": -1.8326536417, "var": 19.8886127472}, "melbands_spread": {"dmean": 10.6766786575, "dmean2": 17.1534729004, "dvar": 242.082321167, "dvar2": 578.090759277, "max": 307.582885742, "mean": 16.7319698334, "median": 9.6872215271, "min": 0.118302822113, "var": 381.590820312}, "pitch_salience": {"dmean": 0.148245379329, "dmean2": 0.235462635756, "dvar": 0.0220851115882, "dvar2": 0.0493446290493, "max": 0.983033061028, "mean": 0.466701358557, "median": 0.490954041481, "min": 0.0174504034221, "var": 0.054662052542}, "silence_rate_20dB": {"dmean": 0.0491926148534, "dmean2": 0.0983919352293, "dvar": 0.0467722415924, "dvar2": 0.121271431446, "max": 1, "mean": 0.966957330704, "median": 1, "min": 0, "var": 0.0319560579956}, "silence_rate_30dB": {"dmean": 0.194862708449, "dmean2": 0.389751970768, "dvar": 0.156891733408, "dvar2": 0.260703057051, "max": 1, "mean": 0.687968373299, "median": 1, "min": 0, "var": 0.214701399207}, "silence_rate_60dB": {"dmean": 0.0411528237164, "dmean2": 0.08231125772, "dvar": 0.0394520908594, "dvar2": 0.0991409569979, "max": 1, "mean": 0.0440114438534, "median": 0, "min": 0, "var": 0.0420787110925}, "spectral_centroid": {"dmean": 462.617645264, "dmean2": 687.575622559, "dvar": 247439.4375, "dvar2": 506000.46875, "max": 10422.1611328, "mean": 1274.44091797, "median": 1132.08837891, "min": 62.0475387573, "var": 539334.4375}, "spectral_complexity": {"dmean": 8.20944309235, "dmean2": 12.3160257339, "dvar": 74.2021408081, "dvar2": 164.159683228, "max": 66, "mean": 18.0056552887, "median": 16, "min": 0, "var": 138.611465454}, "spectral_decrease": {"dmean": 1.18261977988e-08, "dmean2": 1.45940486362e-08, "dvar": 1.75131949839e-16, "dvar2": 2.51895713582e-16, "max": 3.90255605609e-11, "mean": -2.10983035487e-08, "median": -9.79024683545e-09, "min": -1.36549601848e-07, "var": 6.42054097453e-16}, "spectral_energy": {"dmean": 0.0456699095666, "dmean2": 0.0568234026432, "dvar": 0.00254776095971, "dvar2": 0.00375361111946, "max": 0.524483561516, "mean": 0.0825270712376, "median": 0.0397404059768, "min": 1.08454178506e-20, "var": 0.00940026622266}, "spectral_energyband_high": {"dmean": 0.00106412055902, "dmean2": 0.00171639944892, "dvar": 3.19659466186e-06, "dvar2": 7.81584185461e-06, "max": 0.0186265520751, "mean": 0.00187108188402, "median": 0.000960552657489, "min": 7.85383838591e-21, "var": 5.11027656103e-06}, "spectral_energyband_low": {"dmean": 0.0411783419549, "dmean2": 0.0486275181174, "dvar": 0.00276250578463, "dvar2": 0.00371719896793, "max": 0.51606297493, "mean": 0.0671078413725, "median": 0.0156194865704, "min": 1.83641921487e-22, "var": 0.0092404326424}, "spectral_energyband_middle_high": {"dmean": 0.00391687778756, "dmean2": 0.00684168329462, "dvar": 7.09860760253e-05, "dvar2": 0.000200268026674, "max": 0.0629160180688, "mean": 0.00418339995667, "median": 0.00222739367746, "min": 1.58548713e-21, "var": 4.66237943328e-05}, "spectral_energyband_middle_low": {"dmean": 0.00900890119374, "dmean2": 0.0141362287104, "dvar": 0.000136867573019, "dvar2": 0.000275904370937, "max": 0.0853210911155, "mean": 0.0115730725229, "median": 0.00616521155462, "min": 3.57887865882e-22, "var": 0.000169896753505}, "spectral_entropy": {"dmean": 0.282311141491, "dmean2": 0.399939566851, "dvar": 0.0980485379696, "dvar2": 0.185756474733, "max": 9.7946395874, "mean": 7.72062444687, "median": 7.94912147522, "min": 3.73428964615, "var": 0.513714194298}, "spectral_flux": {"dmean": 0.0669181495905, "dmean2": 0.10577776283, "dvar": 0.00437240581959, "dvar2": 0.0125243216753, "max": 0.583158135414, "mean": 0.158136695623, "median": 0.130316913128, "min": 1.04141334445e-10, "var": 0.012087170966}, "spectral_kurtosis": {"dmean": 2.50204563141, "dmean2": 4.13179159164, "dvar": 30.5877056122, "dvar2": 87.1846389771, "max": 190.601425171, "mean": 5.12656736374, "median": 3.06429243088, "min": -1.15615952015, "var": 53.8636741638}, "spectral_rms": {"dmean": 0.00253702839836, "dmean2": 0.00325125618838, "dvar": 5.37501682629e-06, "dvar2": 9.52465325099e-06, "max": 0.022620594129, "mean": 0.00743942800909, "median": 0.00622664671391, "min": 3.2528287789e-12, "var": 2.51693709288e-05}, "spectral_rolloff": {"dmean": 903.145690918, "dmean2": 1529.69897461, "dvar": 2437207.75, "dvar2": 5743700.5, "max": 18432.421875, "mean": 1351.91687012, "median": 473.73046875, "min": 21.533203125, "var": 4574352}, "spectral_skewness": {"dmean": 0.334239780903, "dmean2": 0.507201075554, "dvar": 0.191593289375, "dvar2": 0.506316125393, "max": 11.8354978561, "mean": 1.61785113811, "median": 1.44995510578, "min": 0.101316660643, "var": 0.517656087875}, "spectral_spread": {"dmean": 990634.5, "dmean2": 1452591.625, "dvar": 1312179093500.0, "dvar2": 2549437693950.0, "max": 40300160, "mean": 5992873.5, "median": 5973756, "min": 526099.5625, "var": 6917133959170.0}, "spectral_strongpeak": {"dmean": 0.356522917747, "dmean2": 0.530217468739, "dvar": 0.191332921386, "dvar2": 0.472354739904, "max": 12.5617790222, "mean": 0.69518071413, "median": 0.46997371316, "min": 0, "var": 0.416487872601}, "zerocrossingrate": {"dmean": 0.0207521691918, "dmean2": 0.0267636086792, "dvar": 0.000474056054372, "dvar2": 0.000719301460776, "max": 0.6630859375, "mean": 0.0616659149528, "median": 0.04736328125, "min": 0, "var": 0.00285231065936}, "barkbands": {"dmean": [0.00167282694019, 0.0335189439356, 0.0127870887518, 0.0037061679177, 0.00291902106255, 0.00157910317648, 0.00126641732641, 0.000783819006756, 0.000919269339647, 0.000870557152666, 0.000570203352254, 0.000739329843782, 0.000510384328663, 0.000559963693377, 0.000401453813538, 0.000245709699811, 0.000259293417912, 0.000226834177738, 0.000205182659556, 0.000173439446371, 0.00017566610768, 0.000173982523847, 0.000177363166586, 0.000121170771308, 0.000151809377712, 0.000253853388131, 9.13337862585e-05], "dmean2": [0.00254466710612, 0.0401839539409, 0.019942432642, 0.00644125090912, 0.00507450057194, 0.0025645357091, 0.00209749978967, 0.00130356103182, 0.00155702547636, 0.00147299724631, 0.000985241495073, 0.00130078510847, 0.000912452465855, 0.00102008599788, 0.000735683308449, 0.000439960742369, 0.000448601145763, 0.000402400066378, 0.000363220431609, 0.000298339728033, 0.000297514459817, 0.000283961504465, 0.000293849239824, 0.000180723654921, 0.000235406056163, 0.000417222647229, 0.000142836215673], "dvar": [7.23332095731e-06, 0.00253875018097, 0.000658002158161, 6.63570681354e-05, 2.44631974056e-05, 5.37738378625e-06, 4.37977359979e-06, 1.7139176407e-06, 2.75672823591e-06, 2.177016313e-06, 1.18564582863e-06, 3.12528641189e-06, 1.34605625135e-06, 2.32288721236e-06, 1.12229577098e-06, 3.39263010574e-07, 2.97335134292e-07, 2.35138244875e-07, 2.15553981775e-07, 1.17135343203e-07, 1.26354962049e-07, 8.69927845315e-08, 9.82494299251e-08, 5.40030775653e-08, 6.71096316296e-08, 1.82868944876e-07, 2.77052478737e-08], "dvar2": [1.90691662283e-05, 0.00380272977054, 0.00158612884115, 0.000180121060112, 6.22978550382e-05, 1.25506585391e-05, 1.09682514449e-05, 4.37157723354e-06, 7.48133561501e-06, 5.89092860537e-06, 3.19422110806e-06, 8.78976425156e-06, 3.78856771022e-06, 6.51922209727e-06, 3.22585674439e-06, 9.60970396591e-07, 7.7002823673e-07, 6.50011713788e-07, 5.95635242462e-07, 3.19615224953e-07, 3.46168121723e-07, 2.20108233862e-07, 2.47118776997e-07, 1.11552928672e-07, 1.5796828734e-07, 4.50211501857e-07, 6.40469863811e-08], "max": [0.0669800490141, 0.463741391897, 0.233110100031, 0.0657449811697, 0.044234585017, 0.0356233566999, 0.0407613106072, 0.0202897898853, 0.0262254048139, 0.0168367605656, 0.012906325981, 0.0230996664613, 0.0139723746106, 0.0212551411241, 0.016444677487, 0.00853702798486, 0.0149121629074, 0.00599013781175, 0.00604537688196, 0.00457232445478, 0.00490565923974, 0.00477959541604, 0.00551328854635, 0.00544091081247, 0.00214788806625, 0.0025287293829, 0.00107159314211], "mean": [0.00175611430313, 0.0524886548519, 0.0108760558069, 0.00309842498973, 0.00296865636483, 0.00181569927372, 0.00142124085687, 0.000777790672146, 0.00101360003464, 0.000940212630667, 0.000547386705875, 0.000631034956314, 0.000436867412645, 0.000470474798931, 0.000333374453476, 0.000235361716477, 0.000279554340523, 0.000238140521105, 0.000218115950702, 0.000223574345, 0.000255843886407, 0.000298162194667, 0.000274479272775, 0.000229376542848, 0.000243667760515, 0.000316343415761, 0.000138426592457], "median": [0.00030603230698, 0.00846122950315, 0.000550366181415, 0.000222903967369, 0.000580333813559, 0.000762858660892, 0.000612743373495, 0.000299472041661, 0.000359113386367, 0.000430164305726, 0.000205713760806, 0.000207440069062, 0.000142020784551, 0.000146527570905, 0.000124791069538, 0.000108074920718, 0.000135565642267, 0.000111780522275, 9.89264954114e-05, 0.000117095536552, 0.000140784482937, 0.000164578028489, 0.000122067031043, 9.54364586505e-05, 8.36764666019e-05, 8.47029295983e-05, 1.84885066119e-05], "min": [5.11769220859e-23, 9.82335416223e-23, 4.93335056117e-23, 8.04949407839e-24, 1.40609486532e-23, 1.09861162039e-22, 6.05540485574e-23, 1.09419564015e-22, 5.30804497611e-23, 1.39650610324e-23, 9.88897350559e-23, 2.38952380053e-22, 1.29030002408e-22, 1.32821570841e-22, 9.58636015146e-23, 2.33925733121e-22, 1.7534378634e-22, 1.64672353693e-22, 1.50587059215e-22, 4.95609777558e-22, 5.1947139368e-22, 4.2051683319e-22, 6.8557086617e-22, 7.51889405352e-22, 1.32685172373e-21, 1.60260427568e-21, 2.3653659766e-21], "var": [8.61107946548e-06, 0.00720556359738, 0.000581834232435, 4.47456877737e-05, 2.30370969803e-05, 6.69910559736e-06, 6.16390025243e-06, 1.63931554198e-06, 3.31233286488e-06, 1.99984970095e-06, 9.87977273326e-07, 2.03854870051e-06, 8.87653925474e-07, 1.49261870774e-06, 6.62343893509e-07, 2.22597961397e-07, 2.99637747503e-07, 1.76647333205e-07, 1.63217464433e-07, 1.1261166577e-07, 1.27309562004e-07, 1.32094854166e-07, 1.38572588071e-07, 1.10246084262e-07, 1.22398375879e-07, 2.17580648609e-07, 4.89494702549e-08]}, "erbbands": {"dmean": [0.968637287617, 8.07216453552, 16.5939044952, 12.0680046082, 10.3178844452, 9.24071502686, 10.564031601, 13.1505422592, 18.7160892487, 15.7333211899, 19.1479797363, 21.0460529327, 29.6375637054, 23.1919288635, 24.2859973907, 29.011384964, 24.1427497864, 25.1232967377, 27.0148353577, 16.8180923462, 14.4176912308, 13.5079421997, 12.2884635925, 10.8140258789, 10.0108184814, 8.20698451996, 7.02408123016, 7.1000161171, 6.22869586945, 5.26692819595, 5.40034198761, 2.95135354996, 1.93892896175, 1.4037052393, 1.41399204731, 1.23066699505, 0.395937204361, 0.130256995559, 0.0150080798194, 0.000624991313089], "dmean2": [1.11518383026, 9.94948673248, 23.9596176147, 19.633014679, 17.943769455, 16.2097988129, 17.8290805817, 21.3645038605, 30.7313976288, 26.1997432709, 31.8135299683, 35.5803909302, 50, 39.9053115845, 42.2353248596, 50.8115730286, 42.9944877625, 45.4507675171, 49.4355354309, 30.5796318054, 25.3686275482, 23.5734825134, 21.6816883087, 19.1585254669, 17.6274871826, 14.1572875977, 11.7894945145, 12.2469778061, 10.1904726028, 8.6725025177, 8.82811260223, 4.51632356644, 2.92400050163, 2.16664147377, 2.27598667145, 2.04751706123, 0.643176734447, 0.216625258327, 0.0234374403954, 0.000919999903999], "dvar": [1.32863283157, 188.311828613, 935.517456055, 538.750061035, 429.500457764, 253.452148438, 285.954925537, 434.415679932, 918.142822266, 632.932800293, 1110.90319824, 1430.15307617, 2798.13134766, 1854.77758789, 2815.67211914, 4150.671875, 2949.82543945, 3700.97509766, 7393.7578125, 1787.6282959, 1010.34918213, 965.854309082, 721.321533203, 532.996459961, 513.727233887, 255.836471558, 203.799118042, 214.861221313, 113.102722168, 82.5669326782, 100.169723511, 27.220998764, 15.68699646, 5.55290222168, 6.1275844574, 4.17999982834, 0.453630775213, 0.0620953552425, 0.000731391017325, 1.19071319205e-06], "dvar2": [1.94793188572, 291.988098145, 2027.45080566, 1333.13842773, 1147.16467285, 647.250793457, 672.044006348, 1029.48791504, 2196.30126953, 1628.34033203, 2834.41113281, 3887.86035156, 7548.63574219, 5076.92626953, 7759.09326172, 11535.9130859, 8277.95996094, 10507.7558594, 21007.9921875, 5106.82226562, 2829.91577148, 2496.46923828, 1990.26464844, 1461.52441406, 1405.56323242, 694.991821289, 547.167785645, 601.644836426, 288.934082031, 216.723846436, 247.265197754, 59.1798477173, 32.6855125427, 12.4930810928, 15.1105489731, 10.3292722702, 1.09997355938, 0.154367223382, 0.00166653259657, 2.40815870711e-06], "max": [11.4124307632, 125.918800354, 263.3125, 177.438156128, 178.438720703, 213.647979736, 290.807312012, 429.573699951, 600.33782959, 475.204711914, 566.61706543, 506.52935791, 911.234436035, 505.705200195, 714.459289551, 767.810180664, 710.978820801, 533.378479004, 1753.67480469, 338.600616455, 327.235870361, 1038.40563965, 350.932128906, 447.273223877, 441.910705566, 198.196731567, 222.421295166, 277.042755127, 195.79888916, 124.722106934, 163.546417236, 84.243309021, 108.689758301, 37.9737968445, 20.7308921814, 13.6081962585, 3.88523340225, 1.45551252365, 0.177473068237, 0.015542363748], "mean": [1.57106947899, 11.2485513687, 16.2595100403, 10.9151649475, 9.59761142731, 9.29583454132, 11.0315465927, 15.1672773361, 22.0588855743, 16.4376850128, 20.7134990692, 23.1896362305, 32.2509536743, 23.9191989899, 22.3951473236, 25.9877490997, 21.1388969421, 21.8769073486, 22.2506923676, 15.1154851913, 14.8022184372, 14.4500083923, 12.8360109329, 11.7708463669, 11.1806325912, 10.6546363831, 10.1654157639, 10.2622766495, 10.5388174057, 8.77993488312, 8.22709465027, 5.42550325394, 3.56460261345, 2.47542309761, 1.96679008007, 1.40849709511, 0.534297943115, 0.168540343642, 0.0229296479374, 0.00116342492402], "median": [0.30902338028, 1.37781858444, 1.05839204788, 1.16115474701, 1.40508317947, 1.70425057411, 2.8131737709, 6.42648601532, 10.2592983246, 6.74195766449, 7.82863378525, 8.96692657471, 13.8784093857, 9.60092353821, 8.61866378784, 9.49732017517, 7.29230976105, 8.0555524826, 7.21343755722, 6.54634380341, 7.3685798645, 6.960313797, 5.92988109589, 5.76005792618, 5.16541481018, 5.67770910263, 5.54046440125, 5.79450750351, 6.11154127121, 4.24706459045, 3.52682137489, 2.40547132492, 1.40050184727, 0.862492263317, 0.636983394623, 0.387946069241, 0.135184362531, 0.0252266898751, 0.00300442520529, 0.000250047189184], "min": [2.87468486927e-21, 2.21883961487e-20, 5.90341742579e-20, 4.31923730578e-20, 1.99533428245e-20, 5.60462492513e-20, 4.41340664864e-19, 9.81853667728e-19, 1.01082742644e-18, 1.52844375976e-18, 1.71644588637e-18, 1.37270839788e-18, 4.85025106989e-19, 1.32580653337e-18, 7.99849324343e-18, 7.41234148085e-18, 5.72551507106e-18, 5.92732397947e-18, 6.78964239726e-18, 8.78169266282e-18, 1.22565460673e-17, 1.12071144318e-17, 6.60265615184e-18, 9.2329949604e-18, 9.93004186463e-18, 2.48466891125e-17, 2.02770356975e-17, 2.16673691429e-17, 1.42403096374e-17, 1.39167744844e-17, 2.17947384136e-17, 1.49843983031e-17, 1.39441276929e-17, 1.29615545849e-17, 9.52959214956e-18, 5.3405485227e-18, 2.87027123063e-18, 1.44356851486e-18, 3.52184320859e-19, 3.35214910925e-20], "var": [5.00318098068, 435.196716309, 1086.19775391, 456.613464355, 324.84866333, 239.410766602, 311.206665039, 526.499938965, 1281.45214844, 764.995910645, 1339.07519531, 1606.32275391, 2657.3527832, 1616.87329102, 2010.34851074, 2831.65063477, 1959.20446777, 2305.16625977, 4507.18505859, 1096.53674316, 696.733459473, 1015.34197998, 538.690368652, 415.598266602, 420.159545898, 245.468643188, 212.47833252, 202.312103271, 167.008911133, 122.974739075, 137.336074829, 54.3733177185, 29.5063591003, 11.9962062836, 8.82312583923, 4.62535619736, 0.610929191113, 0.0732205808163, 0.00133875873871, 3.48453386323e-06]}, "gfcc": {"mean": [7.26923465729, 64.2276611328, -97.231628418, 20.6885814667, -51.7858581543, 11.5964002609, -25.1731548309, 6.72646284103, -15.0871963501, 6.28471469879, -11.5821018219, 7.0163359642, -8.5360250473], "cov": [[10291.4208984, -3041.97436523, 3031.82910156, 566.203308105, 586.567687988, 1245.73046875, 86.4373931885, 601.91973877, -350.857635498, 581.980712891, -385.65512085, 192.618484497, -451.393463135], [-3041.97436523, 3203.95922852, -711.34954834, 37.1419410706, 163.354187012, -284.605926514, 286.580932617, -185.402938843, 176.152008057, -374.690582275, 110.296768188, -211.607345581, 156.803756714], [3031.82910156, -711.34954834, 3201.83105469, 1017.96557617, 1011.08209229, 954.096984863, 334.190948486, 320.32333374, -24.3227958679, 304.85736084, -131.824768066, 87.8085861206, -199.84085083], [566.203308105, 37.1419410706, 1017.96557617, 920.072692871, 507.430908203, 468.077331543, 188.126220703, 120.556182861, 101.467308044, 104.092788696, 44.5479774475, 32.6943740845, -13.6550292969], [586.567687988, 163.354187012, 1011.08209229, 507.430908203, 688.918945312, 470.775878906, 291.471130371, 167.179519653, 86.548828125, 101.932067871, -3.58941364288, 19.6321544647, -42.9572296143], [1245.73046875, -284.605926514, 954.096984863, 468.077331543, 470.775878906, 615.088012695, 264.553527832, 238.253356934, 52.3595542908, 161.474914551, -11.4767665863, 50.0423316956, -58.6470413208], [86.4373931885, 286.580932617, 334.190948486, 188.126220703, 291.471130371, 264.553527832, 328.409454346, 148.569610596, 112.733909607, 17.7002925873, 23.7198638916, -20.3908233643, 5.65336513519], [601.91973877, -185.402938843, 320.32333374, 120.556182861, 167.179519653, 238.253356934, 148.569610596, 208.476715088, 67.5507736206, 117.64591217, 12.840461731, 53.6994132996, -14.0392627716], [-350.857635498, 176.152008057, -24.3227958679, 101.467308044, 86.548828125, 52.3595542908, 112.733909607, 67.5507736206, 163.860458374, 48.4272384644, 81.7886886597, 17.1880722046, 38.2835235596], [581.980712891, -374.690582275, 304.85736084, 104.092788696, 101.932067871, 161.474914551, 17.7002925873, 117.64591217, 48.4272384644, 193.278579712, 45.7274932861, 96.8369674683, -9.15476512909], [-385.65512085, 110.296768188, -131.824768066, 44.5479774475, -3.58941364288, -11.4767665863, 23.7198638916, 12.840461731, 81.7886886597, 45.7274932861, 116.757408142, 52.1601486206, 56.7374725342], [192.618484497, -211.607345581, 87.8085861206, 32.6943740845, 19.6321544647, 50.0423316956, -20.3908233643, 53.6994132996, 17.1880722046, 96.8369674683, 52.1601486206, 132.418838501, 39.0631523132], [-451.393463135, 156.803756714, -199.84085083, -13.6550292969, -42.9572296143, -58.6470413208, 5.65336513519, -14.0392627716, 38.2835235596, -9.15476512909, 56.7374725342, 39.0631523132, 92.6187744141]], "icov": [[0.000242135618464, 7.72366329329e-05, -0.000106283616333, 5.56762961423e-06, 0.000180935807293, -0.00023102814157, -1.26180448206e-05, -0.000291727134027, 0.000350545917172, -0.000234087492572, 0.000322694337228, -9.97130046017e-05, 0.000391344423406], [7.72366329329e-05, 0.000667536573019, 1.7630361981e-05, -2.65922080871e-05, -0.000464628421469, 0.000363340019248, -0.00045455963118, 2.39149303525e-05, -2.16723747144e-05, 0.000877013488207, -0.000580763735343, 0.000521849957295, -0.000442332151579], [-0.000106283616333, 1.7630361981e-05, 0.00103177584242, -0.000563468784094, -0.000800340028945, -5.81159838475e-05, -0.000390259781852, 0.000469815247925, 0.000448973762104, -0.000785433163401, 0.000898723374121, -0.0005121420254, 0.000684589031152], [5.56762961423e-06, -2.65922080871e-05, -0.000563468784094, 0.00281724124216, -0.00081890419824, -0.00199208292179, 0.0017015930498, 0.000567792740185, -0.00157857337035, 0.00125045573805, -0.00152354186866, 0.000712698325515, -0.000978472526185], [0.000180935807293, -0.000464628421469, -0.000800340028945, -0.00081890419824, 0.00540541158989, -0.00172525446396, -0.00227430392988, 0.00121297664009, -0.000570832460653, -0.00121063704137, 0.0016342230374, -0.0013102296507, 0.00122592353728], [-0.00023102814157, 0.000363340019248, -5.81159838475e-05, -0.00199208292179, -0.00172525446396, 0.00826873723418, -0.00370983988978, -0.00299978465773, 0.00294611393474, -0.00201078131795, -0.000288869923679, 0.000213383318624, 0.000717651739251], [-1.26180448206e-05, -0.00045455963118, -0.000390259781852, 0.0017015930498, -0.00227430392988, -0.00370983988978, 0.0122270900756, -0.00596097810194, -0.00447851372883, 0.00549709470943, -0.00222328701057, 0.00337520125322, -0.00260399561375], [-0.000291727134027, 2.39149303525e-05, 0.000469815247925, 0.000567792740185, 0.00121297664009, -0.00299978465773, -0.00596097810194, 0.0167721547186, -0.00385783193633, -0.00604225508869, 0.00485140504315, -0.00401929300278, 0.000925076659769], [0.000350545917172, -2.16723747144e-05, 0.000448973762104, -0.00157857337035, -0.000570832460653, 0.00294611393474, -0.00447851372883, -0.00385783193633, 0.0168125331402, -0.0047892909497, -0.00734732858837, 0.00383455306292, -0.000768649741076], [-0.000234087492572, 0.000877013488207, -0.000785433163401, 0.00125045573805, -0.00121063704137, -0.00201078131795, 0.00549709470943, -0.00604225508869, -0.0047892909497, 0.0195173509419, -0.00705760298297, -0.00568646099418, 0.00340838334523], [0.000322694337228, -0.000580763735343, 0.000898723374121, -0.00152354186866, 0.0016342230374, -0.000288869923679, -0.00222328701057, 0.00485140504315, -0.00734732858837, -0.00705760298297, 0.024555714801, -0.00634638406336, -0.00430996110663], [-9.97130046017e-05, 0.000521849957295, -0.0005121420254, 0.000712698325515, -0.0013102296507, 0.000213383318624, 0.00337520125322, -0.00401929300278, 0.00383455306292, -0.00568646099418, -0.00634638406336, 0.0201964974403, -0.0104347206652], [0.000391344423406, -0.000442332151579, 0.000684589031152, -0.000978472526185, 0.00122592353728, 0.000717651739251, -0.00260399561375, 0.000925076659769, -0.000768649741076, 0.00340838334523, -0.00430996110663, -0.0104347206652, 0.023803981021]]}, "melbands": {"dmean": [0.0088549265638, 0.00899926014245, 0.00200446671806, 0.000679385790136, 0.000371600326616, 0.000302352447761, 0.000286846392555, 0.000165705423569, 0.000153750675963, 0.000136720263981, 0.000147132916027, 9.3059228675e-05, 7.70707119955e-05, 8.42852678034e-05, 6.24755994068e-05, 5.10870740982e-05, 4.74690714327e-05, 4.81311799376e-05, 2.76195696642e-05, 1.87099012692e-05, 1.74529577635e-05, 1.53429336933e-05, 1.16110213639e-05, 1.07935211417e-05, 8.67711059982e-06, 7.95688902144e-06, 6.43336352368e-06, 5.4001038734e-06, 4.5338883865e-06, 4.32137494499e-06, 4.27432860306e-06, 3.67435609405e-06, 3.48764933733e-06, 2.78023981082e-06, 3.37915412274e-06, 2.53634129876e-06, 1.65855806245e-06, 1.36184803523e-06, 1.2443133528e-06, 1.22615722375e-06], "dmean2": [0.0100086750463, 0.0114768752828, 0.00320752966218, 0.00119107414503, 0.000633056217339, 0.0004906776594, 0.000470785947982, 0.000276125327218, 0.000255594262853, 0.000231562240515, 0.000248547788942, 0.000160299969139, 0.000133624213049, 0.000147416605614, 0.000110561319161, 9.18196747079e-05, 8.59823048813e-05, 8.80523657543e-05, 5.05412426719e-05, 3.38786157954e-05, 3.0432951462e-05, 2.67856703431e-05, 2.02517221624e-05, 1.92768602574e-05, 1.5376641386e-05, 1.41579848787e-05, 1.1164431271e-05, 9.38185439736e-06, 7.69793587097e-06, 7.46123441786e-06, 7.40220048101e-06, 5.99549593971e-06, 5.74095338379e-06, 4.62578418592e-06, 5.53485915589e-06, 4.12548661188e-06, 2.52687459579e-06, 2.04940647563e-06, 1.97363101506e-06, 1.9014174768e-06], "dvar": [0.000131292181322, 0.000223465627641, 1.38115283335e-05, 1.51929452841e-06, 3.58531792699e-07, 2.28050353712e-07, 2.11034986819e-07, 6.57151488781e-08, 7.10977587914e-08, 6.14976514157e-08, 6.96818602819e-08, 3.01474365472e-08, 2.43538949007e-08, 3.79414473173e-08, 1.97189393703e-08, 1.43204754721e-08, 1.31155637462e-08, 2.64298076758e-08, 4.78175721241e-09, 2.2129862387e-09, 1.29194777099e-09, 1.26219945606e-09, 5.6361670886e-10, 5.89160331632e-10, 3.45025258364e-10, 3.43347517084e-10, 1.85270326858e-10, 1.11759317079e-10, 8.74798566919e-11, 7.25030244175e-11, 7.63861959796e-11, 3.79032950859e-11, 3.64216261317e-11, 2.27492504001e-11, 4.03929389936e-11, 2.03215378553e-11, 8.22596938482e-12, 8.82552971676e-12, 4.96229749999e-12, 4.2242216669e-12], "dvar2": [0.000179877417395, 0.000396732939407, 3.26046756527e-05, 3.99998543799e-06, 8.55099756336e-07, 5.35510707778e-07, 5.09841527219e-07, 1.68752066543e-07, 1.81670856136e-07, 1.66650835354e-07, 1.88084513297e-07, 8.26333277359e-08, 6.66673471983e-08, 1.06144085521e-07, 5.54558035049e-08, 4.03475652888e-08, 3.71612784988e-08, 7.47335135998e-08, 1.36841116216e-08, 6.29308516409e-09, 3.55710128019e-09, 3.19607851296e-09, 1.54021662091e-09, 1.63622226879e-09, 9.44837652561e-10, 9.50141965106e-10, 4.8959536425e-10, 3.0743455004e-10, 2.34585684211e-10, 1.99516916877e-10, 2.12398723609e-10, 9.74971076095e-11, 9.37861871497e-11, 6.11448114363e-11, 1.0141523038e-10, 4.80088330201e-11, 1.77990278766e-11, 1.7973981678e-11, 1.13103658383e-11, 9.42827586836e-12], "max": [0.123994976282, 0.135661587119, 0.0281264260411, 0.0100444704294, 0.00862158369273, 0.00848286226392, 0.00793792959303, 0.00422960193828, 0.00607417663559, 0.00341081735678, 0.00444152578712, 0.00196065171622, 0.00188441353384, 0.00249748816714, 0.00152238656301, 0.00153425103053, 0.00112850556616, 0.00341830844991, 0.000639560224954, 0.000661569647491, 0.000508572848048, 0.00127383589279, 0.000356001168257, 0.000354189542122, 0.000431279448094, 0.000242786336457, 0.000330680370098, 0.000128036437673, 0.000152964377776, 0.000126298036776, 0.000177233247086, 0.000141980941407, 9.83069257927e-05, 7.44276185287e-05, 9.13692929316e-05, 8.03049624665e-05, 5.31206096639e-05, 8.82260574144e-05, 4.56200941699e-05, 3.01813633996e-05], "mean": [0.0143954250962, 0.0110424635932, 0.00187906576321, 0.000663937826175, 0.000388309272239, 0.000351113121724, 0.000336971192155, 0.00016966892872, 0.000169621096575, 0.000148659411934, 0.000158078750246, 9.39553428907e-05, 7.19914096408e-05, 7.39345268812e-05, 5.3859926993e-05, 4.3347979954e-05, 4.08873165725e-05, 3.87099753425e-05, 2.34653743973e-05, 1.70160528796e-05, 1.81478371815e-05, 1.60635045177e-05, 1.23685122162e-05, 1.07299329102e-05, 9.344666978e-06, 8.17747695692e-06, 7.7890126704e-06, 6.78958258504e-06, 6.2266049099e-06, 6.02206591793e-06, 5.94201264903e-06, 5.88107332078e-06, 5.79598054173e-06, 4.38207234765e-06, 4.90604315928e-06, 4.04875618187e-06, 3.03863953377e-06, 2.50461130236e-06, 2.11236351788e-06, 2.10822895497e-06], "median": [0.00270422035828, 0.00134354736656, 0.00019942416111, 0.000101088808151, 9.62420017458e-05, 0.000149962303112, 0.000155222136527, 6.92813919159e-05, 5.8754994825e-05, 5.61024571653e-05, 6.65308398311e-05, 3.49524998455e-05, 2.75989477814e-05, 2.61481036432e-05, 1.89201819012e-05, 1.37978158818e-05, 1.38603963933e-05, 1.10621867861e-05, 8.91043782758e-06, 7.15159694664e-06, 8.9168888735e-06, 7.42301017453e-06, 5.89324736211e-06, 4.70320537715e-06, 4.52645326732e-06, 3.43959527527e-06, 3.79695939046e-06, 3.55098245564e-06, 3.22547066389e-06, 3.29159956891e-06, 3.26148983731e-06, 3.44980253431e-06, 2.95164113595e-06, 2.01385682885e-06, 2.00326439881e-06, 1.78133268491e-06, 1.27910334413e-06, 9.86738768916e-07, 7.45341139918e-07, 6.96749737017e-07], "min": [3.00515741429e-23, 3.158798173e-23, 6.88637862707e-24, 2.20624535617e-24, 1.28930953033e-23, 2.15869514794e-23, 1.4650110998e-23, 2.08882905078e-23, 1.30523418654e-23, 7.77483558815e-24, 2.11589751113e-24, 4.24253851892e-24, 1.9662503213e-23, 3.36849223219e-23, 1.00063968713e-23, 1.30074217588e-23, 1.0009012734e-23, 1.18217133312e-23, 7.60152915816e-24, 1.44941595079e-23, 1.36472337069e-23, 1.23827725062e-23, 5.80162033503e-24, 7.70028665489e-24, 7.40893902335e-24, 5.19973918587e-24, 9.41896686504e-24, 1.92826982416e-23, 1.09489681127e-23, 1.41668342971e-23, 1.30878224623e-23, 8.44775208411e-24, 7.2404785659e-24, 7.55248567569e-24, 1.4021783287e-23, 1.00665916915e-23, 8.99564911494e-24, 1.03250446122e-23, 9.21240442587e-24, 1.12469090437e-23], "var": [0.000475170003483, 0.000408311461797, 1.26988452394e-05, 1.332136776e-06, 3.79400006523e-07, 2.86155511731e-07, 3.01057440311e-07, 7.50757251922e-08, 1.05787073323e-07, 6.85603183115e-08, 6.58054872815e-08, 2.63109409815e-08, 1.82663750792e-08, 2.53701681885e-08, 1.28699833013e-08, 9.32286248201e-09, 8.28952462228e-09, 1.63765108141e-08, 2.8855253742e-09, 1.40315237207e-09, 9.60184265431e-10, 1.44356404608e-09, 4.56965909557e-10, 4.20956880465e-10, 2.72355610287e-10, 2.56068721782e-10, 1.88242921251e-10, 1.04945496737e-10, 8.90843024348e-11, 7.21532000814e-11, 7.08242076097e-11, 5.36717267852e-11, 5.45691929144e-11, 3.23307457195e-11, 5.28584225001e-11, 3.07573411185e-11, 1.7781573089e-11, 1.62895166106e-11, 9.07760498714e-12, 9.04512922895e-12]}, "mfcc": {"mean": [-646.090698242, 106.907897949, 8.6493024826, 17.2177238464, -0.871259987354, 9.06392765045, -0.120224751532, 5.98848867416, 1.92549145222, 1.24778449535, 2.66560721397, 3.40535521507, 3.62259626389], "cov": [[8156.15771484, -1817.20275879, 1207.08764648, 23.9825553894, 403.172515869, 505.960144043, 418.244750977, 257.004974365, 212.148208618, 368.008270264, 165.788101196, 147.481994629, -100.511360168], [-1817.20275879, 2190.97314453, -232.767150879, 56.330821991, -71.9531936646, -59.4156265259, 64.2924194336, 88.624206543, 58.1096839905, -38.2715950012, -30.8117141724, -65.0559005737, -19.6465549469], [1207.08764648, -232.767150879, 1686.90466309, 601.749084473, 717.652404785, 605.565490723, 455.56362915, 276.33694458, 243.858413696, 206.158676147, 113.715713501, 155.906951904, 48.3721923828], [23.9825553894, 56.330821991, 601.749084473, 559.423950195, 426.503631592, 350.760223389, 195.833251953, 143.873474121, 115.560691833, 66.1094207764, 57.7907142639, 99.2446517944, 64.4654312134], [403.172515869, -71.9531936646, 717.652404785, 426.503631592, 575.974243164, 440.395355225, 295.052246094, 193.706069946, 163.96585083, 122.677253723, 99.4326477051, 128.537963867, 50.7793045044], [505.960144043, -59.4156265259, 605.565490723, 350.760223389, 440.395355225, 471.838897705, 302.059631348, 221.228302002, 174.195785522, 144.853393555, 108.21156311, 122.52041626, 39.0186729431], [418.244750977, 64.2924194336, 455.56362915, 195.833251953, 295.052246094, 302.059631348, 321.57901001, 211.882110596, 179.9427948, 151.790405273, 90.1426620483, 89.9186401367, 23.1488132477], [257.004974365, 88.624206543, 276.33694458, 143.873474121, 193.706069946, 221.228302002, 211.882110596, 223.124038696, 159.903244019, 127.984603882, 85.4666366577, 75.815322876, 29.6259078979], [212.148208618, 58.1096839905, 243.858413696, 115.560691833, 163.96585083, 174.195785522, 179.9427948, 159.903244019, 175.281845093, 128.163864136, 74.1966400146, 69.4144439697, 31.2243499756], [368.008270264, -38.2715950012, 206.158676147, 66.1094207764, 122.677253723, 144.853393555, 151.790405273, 127.984603882, 128.163864136, 196.392410278, 97.1652526855, 42.887096405, 12.8693561554], [165.788101196, -30.8117141724, 113.715713501, 57.7907142639, 99.4326477051, 108.21156311, 90.1426620483, 85.4666366577, 74.1966400146, 97.1652526855, 112.595970154, 62.1454620361, 31.7926216125], [147.481994629, -65.0559005737, 155.906951904, 99.2446517944, 128.537963867, 122.52041626, 89.9186401367, 75.815322876, 69.4144439697, 42.887096405, 62.1454620361, 127.736152649, 67.8826599121], [-100.511360168, -19.6465549469, 48.3721923828, 64.4654312134, 50.7793045044, 39.0186729431, 23.1488132477, 29.6259078979, 31.2243499756, 12.8693561554, 31.7926216125, 67.8826599121, 100.545463562]], "icov": [[0.000193145329831, 0.00014017423382, -0.000126222439576, 0.000149922940182, 9.25738422666e-05, -0.00010874641157, -6.62658931105e-05, -9.37678923947e-05, 0.000111771434604, -0.000204335854505, 7.34740606276e-05, -0.00020319756004, 0.000328802794684], [0.00014017423382, 0.000659447920043, 7.14292691555e-05, -0.000244664784987, 0.000189932572539, 0.000282812776277, -0.000554727623239, -0.00044382372289, -0.00023087504087, 0.000339789577993, -4.70661070722e-05, 0.000380087352823, 0.000230777412071], [-0.000126222439576, 7.14292691555e-05, 0.00157902494539, -0.000715619942639, -0.000986829865724, -3.02921762341e-05, -0.00103513733484, 0.000430435553426, -7.66092271078e-05, -0.000286649214104, 0.000591844378505, 0.000175500725163, -3.65767446056e-05], [0.000149922940182, -0.000244664784987, -0.000715619942639, 0.00522987078875, -0.00249851844274, -0.00200292142108, 0.00194354413543, -0.000538557884283, -8.73683165992e-05, 0.000188626057934, 0.000924071006011, 0.000315166689688, -0.00165846582968], [9.25738422666e-05, 0.000189932572539, -0.000986829865724, -0.00249851844274, 0.00894165132195, -0.00446106027812, -0.00202279980294, 0.00178969628178, -0.00057995232055, 0.00102212303318, -0.00131161755417, -0.000807926873676, 0.000369542831322], [-0.00010874641157, 0.000282812776277, -3.02921762341e-05, -0.00200292142108, -0.00446106027812, 0.0119066825137, -0.00363044976257, -0.00329998740926, 0.00146135722753, -0.000206481781788, -0.00117003160994, -0.00162816420197, 0.00172770291101], [-6.62658931105e-05, -0.000554727623239, -0.00103513733484, 0.00194354413543, -0.00202279980294, -0.00363044976257, 0.015227816999, -0.00516357412562, -0.00388896325603, -0.00215029297397, 0.0017700898461, -0.00132997951005, 0.00134439521935], [-9.37678923947e-05, -0.00044382372289, 0.000430435553426, -0.000538557884283, 0.00178969628178, -0.00329998740926, -0.00516357412562, 0.0186085123569, -0.0090647879988, 0.000284223438939, -0.00276580173522, 0.000107226871478, -0.000378847529646], [0.000111771434604, -0.00023087504087, -7.66092271078e-05, -8.73683165992e-05, -0.00057995232055, 0.00146135722753, -0.00388896325603, -0.0090647879988, 0.0231098756194, -0.00736586516723, 0.00231682043523, -0.00332192564383, -0.00127216428518], [-0.000204335854505, 0.000339789577993, -0.000286649214104, 0.000188626057934, 0.00102212303318, -0.000206481781788, -0.00215029297397, 0.000284223438939, -0.00736586516723, 0.0152600370347, -0.00947254989296, 0.00455792807043, 0.000106561732537], [7.34740606276e-05, -4.70661070722e-05, 0.000591844378505, 0.000924071006011, -0.00131161755417, -0.00117003160994, 0.0017700898461, -0.00276580173522, 0.00231682043523, -0.00947254989296, 0.021213658154, -0.00652814935893, -0.00109646306373], [-0.00020319756004, 0.000380087352823, 0.000175500725163, 0.000315166689688, -0.000807926873676, -0.00162816420197, -0.00132997951005, 0.000107226871478, -0.00332192564383, 0.00455792807043, -0.00652814935893, 0.0197797250003, -0.00994260143489], [0.000328802794684, 0.000230777412071, -3.65767446056e-05, -0.00165846582968, 0.000369542831322, 0.00172770291101, 0.00134439521935, -0.000378847529646, -0.00127216428518, 0.000106561732537, -0.00109646306373, -0.00994260143489, 0.0177862923592]]}, "spectral_contrast_coeffs": {"dmean": [0.0725068449974, 0.0614447630942, 0.0492418333888, 0.0388402342796, 0.0283934436738, 0.0216804482043], "dmean2": [0.106910526752, 0.10170981288, 0.0803280621767, 0.0638854280114, 0.0462141260505, 0.0348190329969], "dvar": [0.00480023864657, 0.00281493971124, 0.00185449048877, 0.0012232005829, 0.000711713801138, 0.000443034601631], "dvar2": [0.00885161943734, 0.00719900662079, 0.00473512196913, 0.00304675358348, 0.00167523126584, 0.00102215493098], "max": [-0.307353526354, -0.235484600067, -0.465928137302, -0.599689424038, -0.597580552101, -0.522076249123], "mean": [-0.660669386387, -0.755511105061, -0.799397289753, -0.819865822792, -0.809547424316, -0.761626362801], "median": [-0.69917845726, -0.775690436363, -0.811011910439, -0.82378423214, -0.818198025227, -0.771174550056], "min": [-0.96068572998, -0.977147936821, -0.987156808376, -0.97790491581, -0.973294436932, -0.962164342403], "var": [0.0166705101728, 0.00986284017563, 0.00602957280353, 0.00253042997792, 0.00216871639714, 0.00186178355943]}, "spectral_contrast_valleys": {"dmean": [0.774753391743, 0.81913036108, 0.722162723541, 0.630839884281, 0.508999168873, 0.492788851261], "dmean2": [1.13654959202, 1.33390510082, 1.13471865654, 1.00982940197, 0.810587048531, 0.732736468315], "dvar": [0.481455236673, 0.675543427467, 0.577488124371, 0.542375922203, 0.356768190861, 0.355296552181], "dvar2": [0.97201526165, 1.49281084538, 1.36156332493, 1.22448396683, 0.837407410145, 0.745335578918], "max": [-4.75213909149, -4.22297763824, -4.39217424393, -4.64619684219, -5.14726400375, -7.60604715347], "mean": [-7.48419952393, -6.70720672607, -7.11109876633, -7.602