{"lowlevel": {"average_loudness": 0.955355882645, "barkbands_crest": {"dmean": 2.34921121597, "dmean2": 3.60981154442, "dvar": 5.50566291809, "dvar2": 11.0864868164, "max": 25.2450942993, "mean": 9.67978096008, "median": 8.37573337555, "min": 2.47503423691, "var": 22.2938709259}, "barkbands_flatness_db": {"dmean": 0.0195102710277, "dmean2": 0.0290629677474, "dvar": 0.000589860079344, "dvar2": 0.00113019789569, "max": 0.418121993542, "mean": 0.126714974642, "median": 0.108594670892, "min": 0.0238516312093, "var": 0.00410312414169}, "barkbands_kurtosis": {"dmean": 4.70171785355, "dmean2": 7.04602575302, "dvar": 199.995620728, "dvar2": 415.146575928, "max": 396.046783447, "mean": 7.58766269684, "median": 2.12410831451, "min": -1.92469882965, "var": 456.694580078}, "barkbands_skewness": {"dmean": 0.580039441586, "dmean2": 0.859156370163, "dvar": 0.784057676792, "dvar2": 1.47792577744, "max": 18.5334396362, "mean": 1.9457038641, "median": 1.63518178463, "min": -2.79845356941, "var": 3.24634218216}, "barkbands_spread": {"dmean": 6.13429546356, "dmean2": 9.45603752136, "dvar": 55.4706039429, "dvar2": 108.952613831, "max": 112.199409485, "mean": 26.8772983551, "median": 25.1013431549, "min": 0.371137887239, "var": 257.677276611}, "dissonance": {"dmean": 0.0134352529421, "dmean2": 0.0227148439735, "dvar": 0.000266481976723, "dvar2": 0.000748751801439, "max": 0.500000059605, "mean": 0.473829030991, "median": 0.478966116905, "min": 0.124484457076, "var": 0.000629676447716}, "dynamic_complexity": 2.167491436, "erbbands_crest": {"dmean": 1.91748321056, "dmean2": 3.14213728905, "dvar": 4.0951333046, "dvar2": 10.4668903351, "max": 34.2020492554, "mean": 7.35227489471, "median": 6.1476893425, "min": 2.25744915009, "var": 19.014831543}, "erbbands_flatness_db": {"dmean": 0.0113504631445, "dmean2": 0.0170750059187, "dvar": 0.000148784529301, "dvar2": 0.000302010041196, "max": 0.450027137995, "mean": 0.132794395089, "median": 0.122069187462, "min": 0.0455358661711, "var": 0.002078268677}, "erbbands_kurtosis": {"dmean": 0.630551934242, "dmean2": 1.01796889305, "dvar": 3.17571973801, "dvar2": 7.91927909851, "max": 131.881164551, "mean": 0.0949222370982, "median": -0.590093374252, "min": -1.84350085258, "var": 12.1792440414}, "erbbands_skewness": {"dmean": 0.278217077255, "dmean2": 0.443572044373, "dvar": 0.0828432142735, "dvar2": 0.217506080866, "max": 7.65202188492, "mean": -0.0514510683715, "median": -0.023752566427, "min": -5.91418790817, "var": 0.482451885939}, "erbbands_spread": {"dmean": 8.02949714661, "dmean2": 12.3903255463, "dvar": 81.3854827881, "dvar2": 183.622146606, "max": 159.681518555, "mean": 48.8503837585, "median": 45.3039474487, "min": 1.05395710468, "var": 450.052062988}, "hfc": {"dmean": 9.26334095001, "dmean2": 14.3554525375, "dvar": 389.261322021, "dvar2": 903.149963379, "max": 447.347412109, "mean": 29.7956848145, "median": 22.2931003571, "min": 1.10820430688e-16, "var": 920.772155762}, "melbands_crest": {"dmean": 3.24197173119, "dmean2": 5.09627962112, "dvar": 9.90384674072, "dvar2": 19.2905483246, "max": 37.0663452148, "mean": 15.473069191, "median": 14.3395118713, "min": 1.52889847755, "var": 42.0581703186}, "melbands_flatness_db": {"dmean": 0.0252706408501, "dmean2": 0.0379252806306, "dvar": 0.000882484251633, "dvar2": 0.0017065879656, "max": 0.556147575378, "mean": 0.198714971542, "median": 0.1820461303, "min": 0.00423167319968, "var": 0.0066557424143}, "melbands_kurtosis": {"dmean": 13.2957210541, "dmean2": 19.7901153564, "dvar": 1321.4621582, "dvar2": 2441.33740234, "max": 1031.71020508, "mean": 25.8856658936, "median": 11.1721067429, "min": -1.8435395956, "var": 3112.95776367}, "melbands_skewness": {"dmean": 0.862045407295, "dmean2": 1.28912949562, "dvar": 1.57843077183, "dvar2": 2.81452894211, "max": 28.5580501556, "mean": 3.54563713074, "median": 2.9983727932, "min": -3.02243566513, "var": 6.62276363373}, "melbands_spread": {"dmean": 6.44563961029, "dmean2": 10.0579862595, "dvar": 67.0725479126, "dvar2": 144.893798828, "max": 182.663589478, "mean": 25.4128170013, "median": 20.225019455, "min": 0.353517264128, "var": 490.160583496}, "pitch_salience": {"dmean": 0.0697179585695, "dmean2": 0.109423428774, "dvar": 0.00505452370271, "dvar2": 0.00986036285758, "max": 0.911222696304, "mean": 0.552742063999, "median": 0.580961346626, "min": 0.0693804323673, "var": 0.0190994441509}, "silence_rate_20dB": {"dmean": 0, "dmean2": 0, "dvar": 0, "dvar2": 0, "max": 1, "mean": 1, "median": 1, "min": 1, "var": 0}, "silence_rate_30dB": {"dmean": 0.0594148747623, "dmean2": 0.118837401271, "dvar": 0.0558906942606, "dvar2": 0.108718529344, "max": 1, "mean": 0.927830398083, "median": 1, "min": 0, "var": 0.0669550895691}, "silence_rate_60dB": {"dmean": 0.000644412939437, "dmean2": 0.001288908883, "dvar": 0.00064399256371, "dvar2": 0.00141605385579, "max": 1, "mean": 0.0349893681705, "median": 0, "min": 0, "var": 0.0337637588382}, "spectral_centroid": {"dmean": 255.048034668, "dmean2": 419.346282959, "dvar": 93191.15625, "dvar2": 229305.78125, "max": 11783.6416016, "mean": 1560.73364258, "median": 1460.92382812, "min": 145.719863892, "var": 724734}, "spectral_complexity": {"dmean": 4.16213417053, "dmean2": 6.66649484634, "dvar": 22.5854492188, "dvar2": 51.7373580933, "max": 61, "mean": 25.8097171783, "median": 26, "min": 0, "var": 120.643722534}, "spectral_decrease": {"dmean": 4.08735401081e-09, "dmean2": 6.26161700268e-09, "dvar": 4.69202452952e-17, "dvar2": 1.02563917478e-16, "max": 1.94739512698e-19, "mean": -1.19806822241e-08, "median": -9.89986936872e-09, "min": -8.14538623217e-08, "var": 8.00679466263e-17}, "spectral_energy": {"dmean": 0.0159209128469, "dmean2": 0.0244256574661, "dvar": 0.000695725379046, "dvar2": 0.00153468665667, "max": 0.311292409897, "mean": 0.0479203611612, "median": 0.040016643703, "min": 1.01577254156e-20, "var": 0.00117803167086}, "spectral_energyband_high": {"dmean": 0.000891050265636, "dmean2": 0.00140645250212, "dvar": 5.36451261723e-06, "dvar2": 1.25356045828e-05, "max": 0.044360883534, "mean": 0.00185750471428, "median": 0.000951513880864, "min": 7.14733405433e-21, "var": 1.12699744932e-05}, "spectral_energyband_low": {"dmean": 0.0130701847374, "dmean2": 0.0196339450777, "dvar": 0.000690799148288, "dvar2": 0.00148427730892, "max": 0.305748909712, "mean": 0.0269033443183, "median": 0.0168637409806, "min": 1.44277405751e-23, "var": 0.00117965508252}, "spectral_energyband_middle_high": {"dmean": 0.00162460154388, "dmean2": 0.00259604956955, "dvar": 6.81522124069e-06, "dvar2": 1.69067425304e-05, "max": 0.0660035684705, "mean": 0.00588134676218, "median": 0.00431779492646, "min": 1.09905848169e-21, "var": 3.21339430229e-05}, "spectral_energyband_middle_low": {"dmean": 0.00477588735521, "dmean2": 0.00800475571305, "dvar": 7.76605593273e-05, "dvar2": 0.000212224113056, "max": 0.144816488028, "mean": 0.0120502496138, "median": 0.0100184353068, "min": 2.1701992643e-22, "var": 9.68627427937e-05}, "spectral_entropy": {"dmean": 0.115342497826, "dmean2": 0.183130651712, "dvar": 0.0190918184817, "dvar2": 0.0451760105789, "max": 9.82502555847, "mean": 7.82565736771, "median": 7.87903356552, "min": 4.74715995789, "var": 0.166871875525}, "spectral_flux": {"dmean": 0.0318394973874, "dmean2": 0.0511438399553, "dvar": 0.0024294112809, "dvar2": 0.00494495034218, "max": 0.461717277765, "mean": 0.10347519815, "median": 0.0881191268563, "min": 6.43352385254e-11, "var": 0.00444269087166}, "spectral_kurtosis": {"dmean": 1.18785917759, "dmean2": 2.01538085938, "dvar": 4.00911188126, "dvar2": 11.9458656311, "max": 93.1030426025, "mean": 3.3628578186, "median": 2.71904325485, "min": -1.27336609364, "var": 16.9643192291}, "spectral_rms": {"dmean": 0.000985838589258, "dmean2": 0.00150074413978, "dvar": 1.66933682522e-06, "dvar2": 3.52206393472e-06, "max": 0.0174269881099, "mean": 0.00647509191185, "median": 0.00624825013801, "min": 3.14801136547e-12, "var": 4.82484301756e-06}, "spectral_rolloff": {"dmean": 471.49786377, "dmean2": 760.260681152, "dvar": 802764.875, "dvar2": 1590204.75, "max": 19875.1464844, "mean": 1493.76269531, "median": 861.328125, "min": 64.599609375, "var": 4411265.5}, "spectral_skewness": {"dmean": 0.176097691059, "dmean2": 0.292480677366, "dvar": 0.045111656189, "dvar2": 0.119221352041, "max": 7.99929904938, "mean": 1.29910135269, "median": 1.26892232895, "min": -0.0727694779634, "var": 0.248975098133}, "spectral_spread": {"dmean": 449601.375, "dmean2": 657882.5625, "dvar": 612029366272, "dvar2": 1123677241340.0, "max": 46352764, "mean": 5024995, "median": 4886503, "min": 839018.3125, "var": 6967138975740.0}, "spectral_strongpeak": {"dmean": 0.430968344212, "dmean2": 0.738558471203, "dvar": 0.855231165886, "dvar2": 2.12715196609, "max": 17.2738418579, "mean": 0.679876506329, "median": 0.350592494011, "min": 0, "var": 1.49639379978}, "zerocrossingrate": {"dmean": 0.0106659149751, "dmean2": 0.0119407214224, "dvar": 0.000172837550053, "dvar2": 0.000182669595233, "max": 0.521484375, "mean": 0.0658228248358, "median": 0.0576171875, "min": 0.001953125, "var": 0.00281413062476}, "barkbands": {"dmean": [0.00164435908664, 0.00963266286999, 0.00521966163069, 0.00125143129844, 0.00257092062384, 0.00133782846387, 0.000914293457754, 0.000514084240422, 0.000461565592559, 0.000483890384203, 0.000366899213986, 0.000193382162252, 0.000191997401998, 0.000292904413072, 0.0003356190864, 0.000432771194028, 0.000284770590952, 0.000232180056628, 0.000147785729496, 0.000170816842001, 0.000210882324609, 0.000304197776131, 0.000175773137016, 0.00010032227874, 0.000113581911137, 4.47718848591e-05, 2.20023025577e-06], "dmean2": [0.00256108539179, 0.0139603018761, 0.0093956599012, 0.00222442252561, 0.00437476905063, 0.00216072704643, 0.0014729591785, 0.000836047111079, 0.000730251951609, 0.000769427919295, 0.00059554388281, 0.000317501864629, 0.000314665114274, 0.000475103908684, 0.000538188498467, 0.00071952684084, 0.000481399969431, 0.000394588103518, 0.000250866520219, 0.000293317105388, 0.000352781411493, 0.000517349457368, 0.000285626301775, 0.000148870283738, 0.000157807502546, 6.44144747639e-05, 3.34436890626e-06], "dvar": [6.63607033857e-06, 0.000358191289706, 0.000182021365617, 4.01207989853e-06, 3.60008925782e-05, 3.49282026946e-06, 2.74615922535e-06, 1.21627010685e-06, 7.59283693696e-07, 1.01843090761e-06, 6.15133785686e-07, 7.95965036104e-08, 1.74688011612e-07, 3.23386132095e-07, 4.11191223293e-07, 2.46222907663e-06, 1.6573515893e-07, 1.55513092182e-07, 6.14452559944e-08, 2.13677580518e-07, 3.22670928199e-07, 7.26241921711e-07, 2.48182431051e-07, 7.93288847944e-08, 3.01627665067e-07, 4.83392312844e-08, 7.95565904821e-11], "dvar2": [1.84551172424e-05, 0.000690337328706, 0.00051785929827, 1.18385714813e-05, 9.87928578979e-05, 9.14290558285e-06, 6.63826631353e-06, 2.88774026558e-06, 1.69573775111e-06, 2.45474575422e-06, 1.58218301749e-06, 1.97799010948e-07, 4.14401256421e-07, 7.93522360709e-07, 9.75703528638e-07, 6.16458692093e-06, 4.52684332686e-07, 4.14077305777e-07, 1.65020964005e-07, 5.20449418673e-07, 8.10939411622e-07, 1.98015140995e-06, 6.38881829218e-07, 1.45344529301e-07, 4.76765137591e-07, 9.86616583987e-08, 1.79229950326e-10], "max": [0.0346102416515, 0.201603204012, 0.159884274006, 0.0284194666892, 0.0914949923754, 0.0304809119552, 0.0523592494428, 0.0347397215664, 0.0283232871443, 0.0330248139799, 0.0348875299096, 0.00797173567116, 0.0281913112849, 0.0222235061228, 0.0192227493972, 0.057463157922, 0.00830704346299, 0.00863393768668, 0.00529491575435, 0.0239361468703, 0.0156506150961, 0.0118197416887, 0.0115438783541, 0.0113268410787, 0.0255012046546, 0.00831708777696, 0.000345504260622], "mean": [0.00426702015102, 0.0180221647024, 0.00613819807768, 0.00153465894982, 0.00360134220682, 0.00269939098507, 0.00176759425085, 0.000907097070012, 0.000924923631828, 0.00104116031434, 0.000715338857844, 0.000374494877178, 0.000376325449906, 0.000613639014773, 0.000693234789651, 0.000784682109952, 0.000684621511027, 0.000451568106655, 0.000320533697959, 0.00031914236024, 0.000382586556952, 0.000451973144663, 0.00030653437716, 0.000233129991102, 0.000227543874644, 7.83410359873e-05, 3.20535127685e-06], "median": [0.00342144537717, 0.00949368067086, 0.00331263663247, 0.000944572326262, 0.00212576030754, 0.00200168043375, 0.000938707788009, 0.000467808014946, 0.000501235306729, 0.000343756546499, 0.000319571961882, 0.000244320428465, 0.000226763746468, 0.000318337144563, 0.000370929163182, 0.000331630755682, 0.000494982115924, 0.000304592365865, 0.000219438225031, 0.000199411195354, 0.000208657569601, 0.000172690415638, 0.000140935633681, 0.000113943642646, 5.23005910509e-05, 1.1734173313e-05, 3.66867737966e-07], "min": [3.5007319834e-25, 4.8697843072e-24, 1.96383076658e-24, 9.18217527598e-25, 9.32078365906e-24, 1.06062348707e-23, 8.6676620498e-24, 6.69313294884e-24, 8.01560224732e-24, 1.58076570913e-23, 1.18649255538e-23, 3.18090237111e-23, 3.93285373675e-23, 4.34458138466e-23, 5.59127002245e-23, 7.4276492263e-23, 6.37439937988e-23, 1.10842063243e-22, 1.18943096759e-22, 1.76513130637e-22, 2.39914638896e-22, 3.3859694771e-22, 4.3211069036e-22, 6.57920294322e-22, 8.73213132862e-22, 1.35640616404e-21, 1.99170329075e-21], "var": [1.21241082525e-05, 0.000700079835951, 0.000120233329653, 3.71312694369e-06, 3.11579788104e-05, 6.55555095364e-06, 7.44599537938e-06, 2.46636932388e-06, 2.58413274423e-06, 5.08978337166e-06, 2.1835478492e-06, 2.13566025309e-07, 4.50351848258e-07, 1.20408913062e-06, 1.22328401631e-06, 4.6448849389e-06, 5.02812213199e-07, 2.78334852055e-07, 1.16090689062e-07, 3.59168637942e-07, 5.25316693256e-07, 7.67754670505e-07, 3.57998999334e-07, 2.79548345361e-07, 9.47784315031e-07, 1.04374301202e-07, 1.45496323323e-10]}, "erbbands": {"dmean": [0.353856414557, 2.41024947166, 6.381690979, 4.37932920456, 7.70100736618, 7.95508909225, 10.945397377, 9.77168369293, 12.9068498611, 15.3670797348, 9.30658435822, 8.54450798035, 18.2105007172, 10.6044921875, 12.2225589752, 8.89969921112, 7.75684118271, 14.3642139435, 14.2943048477, 26.6685829163, 16.0259075165, 14.9577999115, 11.5802202225, 8.6377363205, 7.7155995369, 7.74766540527, 8.91893577576, 8.68393325806, 10.7583665848, 8.59317016602, 4.83877897263, 2.52741384506, 1.63942980766, 1.42113053799, 0.725353240967, 0.275353729725, 0.0720974653959, 0.00784652493894, 0.000366536580259, 2.73085879599e-05], "dmean2": [0.485523372889, 3.82416033745, 11.3147277832, 7.79333686829, 13.4419679642, 13.6516056061, 17.4995040894, 16.1710567474, 20.9737758636, 24.721157074, 14.8076467514, 13.5414438248, 29.0335617065, 16.9458866119, 19.9159069061, 14.5706624985, 12.6162052155, 23.1684646606, 23.093536377, 43.1038703918, 26.8694953918, 25.4884147644, 19.6634559631, 14.6629600525, 12.9898271561, 13.2398529053, 15.0717735291, 14.5306854248, 18.3974666595, 14.5747900009, 7.77360200882, 3.89407157898, 2.43069696426, 2.0518591404, 1.000831604, 0.391845494509, 0.104612730443, 0.0114065539092, 0.000544288777746, 4.07926163462e-05], "dvar": [0.515854775906, 29.8614444733, 296.798522949, 53.6473083496, 374.542114258, 322.537963867, 276.574981689, 199.316162109, 461.838653564, 1336.59460449, 384.72958374, 214.774078369, 1458.47265625, 554.324157715, 728.559082031, 169.035949707, 306.630981445, 775.099060059, 827.441101074, 8765.36035156, 790.056884766, 474.741882324, 399.947296143, 221.176971436, 190.799072266, 376.359069824, 583.952636719, 642.168212891, 956.253356934, 575.46105957, 174.122970581, 45.500705719, 25.5674228668, 44.4252586365, 15.6119756699, 1.97350871563, 0.126581206918, 0.00125414645299, 2.05934907171e-06, 3.21595794439e-09], "dvar2": [0.946108162403, 70.0508422852, 825.645385742, 153.654846191, 1056.04211426, 883.551635742, 692.883239746, 528.776062012, 1153.35131836, 3183.57519531, 894.378112793, 483.914489746, 3592.08520508, 1141.9161377, 1905.09887695, 421.52520752, 721.420715332, 1886.58630371, 1992.23803711, 21446.7070312, 2025.17614746, 1312.23376465, 1060.45031738, 597.294067383, 491.665740967, 877.600402832, 1401.27575684, 1653.1295166, 2620.37060547, 1569.01513672, 436.587890625, 92.8486633301, 47.9331970215, 76.3232421875, 25.4673728943, 3.92131209373, 0.263373494148, 0.00240297452547, 4.24099744123e-06, 6.75702560571e-09], "max": [8.40567874908, 54.817779541, 189.715194702, 98.6088790894, 303.154022217, 268.332519531, 248.87361145, 305.853088379, 445.111999512, 1021.55938721, 729.656738281, 448.70223999, 1166.44897461, 1733.89941406, 1230.6706543, 367.349822998, 1575.99414062, 1185.45117188, 1030.40588379, 3234.79907227, 713.008666992, 392.419921875, 513.943664551, 303.027923584, 420.12600708, 926.17779541, 1127.03869629, 727.137023926, 498.319732666, 440.170318604, 272.499633789, 266.054504395, 188.891448975, 293.05682373, 192.836578369, 72.5773544312, 18.7660007477, 1.3610445261, 0.0415658093989, 0.00152137677651], "mean": [0.606833040714, 3.66432785988, 7.73908948898, 5.89666128159, 8.77851390839, 11.0991983414, 19.5048999786, 18.7435073853, 24.2382125854, 28.7011470795, 18.4787445068, 18.8001422882, 41.069026947, 23.3233680725, 25.2614898682, 18.3018226624, 17.2178192139, 31.4866008759, 31.0028057098, 51.2774238586, 37.5112075806, 37.0461578369, 24.4316272736, 17.8175582886, 17.1851654053, 14.8550014496, 16.7779140472, 14.4717950821, 15.8209323883, 12.4536437988, 8.81502437592, 5.57794332504, 3.68570542336, 2.91445112228, 1.37346637249, 0.479423761368, 0.123596124351, 0.0134443826973, 0.000595819496084, 7.60018301662e-05], "median": [0.279603838921, 1.95426774025, 4.23570919037, 4.03735017776, 4.38032054901, 6.03028678894, 11.7956781387, 13.4034900665, 15.5633296967, 10.6576623917, 9.94227600098, 11.7717494965, 14.4111871719, 11.9546957016, 12.2021856308, 12.174079895, 11.1126899719, 17.4693641663, 14.971326828, 20.7767467499, 24.9264850616, 27.2120494843, 17.4457416534, 11.7958507538, 11.9419574738, 9.26872825623, 9.71543312073, 6.48669862747, 6.05815124512, 4.46137905121, 4.19664621353, 2.76723885536, 1.6839401722, 0.846973776817, 0.220465704799, 0.0692413076758, 0.0185540504754, 0.00195529824123, 0.000103324375232, 5.42292837054e-05], "min": [7.82623729142e-23, 3.27840393816e-22, 1.93560121974e-21, 5.53578871555e-21, 2.46861891773e-20, 2.21668555254e-20, 5.50590867384e-20, 1.2579813162e-19, 1.41051044848e-19, 1.63322171982e-19, 2.07244415608e-19, 1.71656300997e-19, 4.44673530648e-19, 5.77666388764e-19, 9.17131437687e-19, 1.25447264869e-18, 1.820873096e-18, 2.0089609392e-18, 2.55131348835e-18, 3.62361604734e-18, 4.00149241708e-18, 3.97652066157e-18, 6.28830559879e-18, 6.11771490029e-18, 5.89877963089e-18, 8.47583353234e-18, 9.54899449801e-18, 1.0204766744e-17, 1.04680707407e-17, 1.19664678885e-17, 1.0798728746e-17, 1.19957823422e-17, 1.00923371824e-17, 8.82733483466e-18, 5.7935225523e-18, 4.34457177999e-18, 2.35687455241e-18, 9.81553090973e-19, 2.41261520366e-19, 2.49402386386e-20], "var": [1.01654660702, 34.9230422974, 201.080871582, 45.7087631226, 272.715118408, 329.211151123, 531.065490723, 378.176727295, 953.915649414, 3566.05029297, 988.828186035, 709.606201172, 6859.00341797, 2902.13305664, 2666.40893555, 471.944061279, 887.028198242, 2779.08496094, 2935.68212891, 18126.0371094, 2307.6965332, 1398.44311523, 731.964904785, 394.886535645, 386.143798828, 731.08984375, 1054.28381348, 883.209533691, 983.600646973, 618.57043457, 280.915710449, 138.744338989, 83.5712738037, 126.199241638, 47.4301834106, 4.62417268753, 0.250758260489, 0.00293968617916, 4.37777634943e-06, 7.25057258677e-09]}, "gfcc": {"mean": [23.4296455383, 92.330619812, -110.912101746, 48.7907562256, -52.4888191223, 19.1578540802, -34.6931838989, 12.4134273529, -15.7099485397, 5.11290073395, -13.2301092148, 3.24052119255, -4.80924367905], "cov": [[16868.6132812, 20.540096283, -315.796539307, 199.5987854, -953.181335449, 651.589660645, -786.020751953, 153.607543945, -166.513565063, 213.365646362, -170.882339478, 198.839569092, -223.692199707], [20.540096283, 1594.1776123, -465.020751953, -144.734222412, 280.325073242, -341.209960938, 235.327392578, -100.911407471, 102.633720398, -138.877731323, 141.664672852, -91.1871032715, 142.165023804], [-315.796539307, -465.020751953, 850.418640137, 70.9106369019, -100.36341095, 294.280792236, 21.6814002991, 51.4752349854, 19.0065879822, 59.4709968567, -19.0859680176, 52.9956359863, -50.0742416382], [199.5987854, -144.734222412, 70.9106369019, 339.890808105, -58.7251243591, 49.7848091125, 10.1408462524, -46.2129096985, 15.9222335815, -3.38111114502, 27.0060501099, 13.4655561447, -17.3241119385], [-953.181335449, 280.325073242, -100.36341095, -58.7251243591, 305.301696777, -121.919487, 91.7929916382, 16.9888782501, 26.2795372009, -8.16222476959, 24.955083847, -5.58450508118, 47.4196777344], [651.589660645, -341.209960938, 294.280792236, 49.7848091125, -121.919487, 324.174194336, -19.4074878693, 55.7686233521, 16.4526367188, 28.3639507294, -20.3408355713, 20.8365364075, -36.7861442566], [-786.020751953, 235.327392578, 21.6814002991, 10.1408462524, 91.7929916382, -19.4074878693, 201.681716919, -4.44577074051, 35.7331733704, -37.7241477966, 31.3817253113, -25.7333335876, 36.6126441956], [153.607543945, -100.911407471, 51.4752349854, -46.2129096985, 16.9888782501, 55.7686233521, -4.44577074051, 127.396644592, 23.2255077362, 33.7533073425, -7.39844846725, 6.36450958252, -5.08357906342], [-166.513565063, 102.633720398, 19.0065879822, 15.9222335815, 26.2795372009, 16.4526367188, 35.7331733704, 23.2255077362, 97.927154541, 7.55948829651, 32.1202964783, 0.0859739035368, 10.1341667175], [213.365646362, -138.877731323, 59.4709968567, -3.38111114502, -8.16222476959, 28.3639507294, -37.7241477966, 33.7533073425, 7.55948829651, 85.9117126465, 15.9095201492, 17.0046043396, -18.3387565613], [-170.882339478, 141.664672852, -19.0859680176, 27.0060501099, 24.955083847, -20.3408355713, 31.3817253113, -7.39844846725, 32.1202964783, 15.9095201492, 100.531608582, 7.96417617798, 13.2801198959], [198.839569092, -91.1871032715, 52.9956359863, 13.4655561447, -5.58450508118, 20.8365364075, -25.7333335876, 6.36450958252, 0.0859739035368, 17.0046043396, 7.96417617798, 65.3751220703, 1.91476309299], [-223.692199707, 142.165023804, -50.0742416382, -17.3241119385, 47.4196777344, -36.7861442566, 36.6126441956, -5.08357906342, 10.1341667175, -18.3387565613, 13.2801198959, 1.91476309299, 63.7761802673]], "icov": [[0.000189532293007, -0.000561627559364, 0.000225139126997, -0.000327271671267, 0.000516813772265, -0.000625419896096, 0.00051351840375, -0.000445442012278, 0.000573332945351, -0.000803233473562, 0.000747036770917, -0.00088279141346, 0.000478142115753], [-0.000561627559364, 0.00338296941482, -0.000404046906624, 0.00171480164863, -0.00194478244521, 0.00255317380652, -0.00206701830029, 0.00214113038965, -0.00306533789262, 0.0041134422645, -0.00408378103748, 0.00390941929072, -0.00268349400721], [0.000225139126997, -0.000404046906624, 0.00224495958537, -0.000348543806467, 0.000630655500572, -0.00215304037556, -0.000432732427726, -0.000195534696104, 0.000465515127871, -0.00170803221408, 0.00114036456216, -0.00213631265797, 0.00114191730972], [-0.000327271671267, 0.00171480164863, -0.000348543806467, 0.00438884459436, -0.000612057221588, 0.000926317938138, -0.0015043563908, 0.00265391450375, -0.00225529028103, 0.00232144934125, -0.0029139094986, 0.00133344868664, -0.000394697417505], [0.000516813772265, -0.00194478244521, 0.000630655500572, -0.000612057221588, 0.00653837714344, -8.28468764666e-05, -0.000523923139554, -0.00251385266893, 0.00134175724816, -0.00338620017283, 0.00262004951946, -0.0034876128193, 4.01103388867e-05], [-0.000625419896096, 0.00255317380652, -0.00215304037556, 0.000926317938138, -8.28468764666e-05, 0.0080682290718, -0.00212524691597, -0.00033977048588, -0.00322302035056, 0.00359638570808, -0.0026223429013, 0.0030656279996, -0.00141519238241], [0.00051351840375, -0.00206701830029, -0.000432732427726, -0.0015043563908, -0.000523923139554, -0.00212524691597, 0.00968938600272, -0.0016371535603, 0.000613483600318, 0.000740028917789, 0.000415001413785, 0.000602902320679, -0.00085809850134], [-0.000445442012278, 0.00214113038965, -0.000195534696104, 0.00265391450375, -0.00251385266893, -0.00033977048588, -0.0016371535603, 0.0124432398006, -0.00445535918698, -0.00121953862254, -0.000898108934052, 0.00247299810871, -0.00169292080682], [0.000573332945351, -0.00306533789262, 0.000465515127871, -0.00225529028103, 0.00134175724816, -0.00322302035056, 0.000613483600318, -0.00445535918698, 0.0158158596605, -0.00407340191305, 0.000136649541673, -0.003134499304, 0.00141401018482], [-0.000803233473562, 0.0041134422645, -0.00170803221408, 0.00232144934125, -0.00338620017283, 0.00359638570808, 0.000740028917789, -0.00121953862254, -0.00407340191305, 0.0223464984447, -0.00940582342446, 0.00339137809351, 0.000302681728499], [0.000747036770917, -0.00408378103748, 0.00114036456216, -0.0029139094986, 0.00262004951946, -0.0026223429013, 0.000415001413785, -0.000898108934052, 0.000136649541673, -0.00940582342446, 0.0183531865478, -0.0068218074739, 0.00171357311774], [-0.00088279141346, 0.00390941929072, -0.00213631265797, 0.00133344868664, -0.0034876128193, 0.0030656279996, 0.000602902320679, 0.00247299810871, -0.003134499304, 0.00339137809351, -0.0068218074739, 0.0237632729113, -0.00673331459984], [0.000478142115753, -0.00268349400721, 0.00114191730972, -0.000394697417505, 4.01103388867e-05, -0.00141519238241, -0.00085809850134, -0.00169292080682, 0.00141401018482, 0.000302681728499, 0.00171357311774, -0.00673331459984, 0.0233473591506]]}, "melbands": {"dmean": [0.0027015991509, 0.00323652802035, 0.000818767992314, 0.000608990201727, 0.000344992819009, 0.000236392079387, 0.000189688158571, 0.000153334447532, 7.00698583387e-05, 6.2449813413e-05, 9.14501360967e-05, 4.28516686952e-05, 5.17660846526e-05, 2.12927425309e-05, 1.8819451725e-05, 2.14114061237e-05, 2.89681029244e-05, 2.40372155531e-05, 2.70996715699e-05, 3.64763764082e-05, 1.80755232577e-05, 1.74933447852e-05, 1.3230888726e-05, 1.1458224435e-05, 7.05105730958e-06, 6.25325037618e-06, 5.55232190891e-06, 5.53908830625e-06, 6.2035069277e-06, 5.17229500474e-06, 5.36495826964e-06, 6.23142113909e-06, 6.20367609372e-06, 4.28042585554e-06, 2.96614689432e-06, 2.32842558034e-06, 1.34997583245e-06, 1.13224291454e-06, 1.29478053168e-06, 1.26868405914e-06], "dmean2": [0.00367105193436, 0.00550523074344, 0.00145174318459, 0.00105729734059, 0.000553249497898, 0.000387156440411, 0.00030719730421, 0.000247882911935, 0.00011180259753, 9.8585303931e-05, 0.000145779995364, 6.84200786054e-05, 8.40442371555e-05, 3.4749511542e-05, 3.10841569444e-05, 3.47966124536e-05, 4.67967583972e-05, 3.885733895e-05, 4.35962247138e-05, 5.99749946559e-05, 3.0422130294e-05, 2.98057620967e-05, 2.25939747907e-05, 1.95604952751e-05, 1.20312870422e-05, 1.07014539026e-05, 9.45385181694e-06, 9.53645212576e-06, 1.04790497062e-05, 8.83887605596e-06, 8.98423604667e-06, 1.06335464807e-05, 1.07133610072e-05, 7.24534675101e-06, 4.80938251712e-06, 3.694985935e-06, 2.08740539165e-06, 1.71389046955e-06, 1.93078540178e-06, 1.85019825949e-06], "dvar": [2.47307962127e-05, 6.88498039381e-05, 1.91600383914e-06, 2.45710089075e-06, 2.64477677092e-07, 1.11978842199e-07, 9.39305806469e-08, 1.28978697944e-07, 2.24063079202e-08, 1.20848886453e-08, 3.62738283854e-08, 9.67572599819e-09, 1.35986768512e-08, 8.81046124945e-10, 1.12982623257e-09, 2.06297179339e-09, 3.25164450921e-09, 2.46414555427e-09, 4.05441902274e-09, 2.08397867851e-08, 7.65527696789e-10, 6.21079576657e-10, 4.29940055779e-10, 4.1560432873e-10, 1.4689742478e-10, 1.15393486433e-10, 1.21782833817e-10, 2.231937829e-10, 3.41278866278e-10, 2.07888345427e-10, 2.57628918199e-10, 3.33552324649e-10, 2.99772540124e-10, 1.51110318702e-10, 7.12302647421e-11, 3.12788371593e-11, 1.57461699929e-11, 1.06573933706e-11, 2.44922311599e-11, 4.09281809832e-11], "dvar2": [4.18648487539e-05, 0.000180154573172, 5.43418173038e-06, 6.8442632255e-06, 6.67845995395e-07, 2.94316379268e-07, 2.33092862345e-07, 3.08695831563e-07, 5.21259515551e-08, 2.69620965554e-08, 8.93081590903e-08, 1.99360812303e-08, 3.58069520701e-08, 2.18062568003e-09, 2.74474731832e-09, 4.75315475867e-09, 7.8303612483e-09, 5.90685367285e-09, 9.55620471643e-09, 5.25085717129e-08, 2.02987604503e-09, 1.72394054587e-09, 1.1751194462e-09, 1.10732334413e-09, 4.02384958686e-10, 3.14144765756e-10, 2.97324165288e-10, 5.2650117599e-10, 8.21036350018e-10, 5.42265732317e-10, 6.67817467992e-10, 9.12600439662e-10, 8.26936297216e-10, 4.13381551212e-10, 1.81506115693e-10, 7.22392423658e-11, 3.20169481205e-11, 2.11241961423e-11, 4.62607729901e-11, 7.33138619258e-11], "max": [0.0636503919959, 0.087573312223, 0.015755917877, 0.0242290534079, 0.00705521786585, 0.00635062670335, 0.00672933086753, 0.0090046916157, 0.00548589555547, 0.00313630327582, 0.00568957487121, 0.00706968083978, 0.00556673016399, 0.000743122363929, 0.00174705462996, 0.0025866010692, 0.00270640780218, 0.00215335306711, 0.0017320595216, 0.00507845403627, 0.00065711530624, 0.0004544860858, 0.000560474582016, 0.000476863817312, 0.00023460072407, 0.000276652775938, 0.000409782427596, 0.000745330238715, 0.00121430377476, 0.000409998523537, 0.000425477832323, 0.000286543858238, 0.000290713767754, 0.000263087451458, 0.000187942452612, 0.000149798128405, 0.000171803010744, 0.000126424216432, 0.000205312870094, 0.000305703724734], "mean": [0.00526397721842, 0.00441491045058, 0.00112217932474, 0.000734163681045, 0.000627081550192, 0.000465713790618, 0.000369871209841, 0.000283246277831, 0.000135243724799, 0.000131383858388, 0.000203511561267, 8.77805869095e-05, 0.000101266188722, 4.20802498411e-05, 3.8653233787e-05, 4.30340987805e-05, 5.99305712967e-05, 4.83690819237e-05, 5.40004693903e-05, 6.68566062814e-05, 4.03929479944e-05, 4.11901928601e-05, 2.6553601856e-05, 2.05338601518e-05, 1.33466228363e-05, 1.28119800138e-05, 1.11597364594e-05, 9.37875483942e-06, 1.13062387754e-05, 8.46476541483e-06, 8.33400554257e-06, 8.9527493401e-06, 8.48090076033e-06, 6.10809229329e-06, 5.00923488289e-06, 4.63820106233e-06, 2.86013255391e-06, 2.42639316639e-06, 2.65805874733e-06, 2.41847283178e-06], "median": [0.00272137974389, 0.00264732749201, 0.000792213657405, 0.000362918246537, 0.000401085650083, 0.000337602803484, 0.000237273779931, 0.000109309621621, 7.02425822965e-05, 7.59022877901e-05, 7.03943369444e-05, 4.2730858695e-05, 4.45138102805e-05, 2.84200777969e-05, 2.56641123997e-05, 2.52996978816e-05, 3.2012907468e-05, 2.16297630686e-05, 2.56249604718e-05, 2.58925738308e-05, 2.87162747554e-05, 2.98923623632e-05, 1.82832536666e-05, 1.31506867547e-05, 8.33458125271e-06, 8.67458038556e-06, 7.22355071048e-06, 5.30489796802e-06, 6.4055770963e-06, 4.33360401075e-06, 3.30189959641e-06, 3.32284048454e-06, 2.9058896871e-06, 2.21540017264e-06, 2.21721211346e-06, 2.32714455706e-06, 1.30763044126e-06, 1.09873894871e-06, 9.93093863144e-07, 5.6542683069e-07], "min": [1.82007013572e-24, 6.57270031545e-25, 9.58184968146e-25, 2.11408175054e-24, 2.85689151991e-24, 3.14987879884e-24, 2.11483866258e-24, 1.56868274637e-24, 1.57625827625e-24, 1.12552948324e-24, 1.96288827501e-24, 2.00877572222e-24, 2.10447697459e-24, 2.89051868815e-24, 2.74817011831e-24, 4.52585002442e-24, 3.26924587836e-24, 4.06318507566e-24, 4.0427792162e-24, 3.4743753517e-24, 4.65939392048e-24, 3.76784344136e-24, 4.20317159874e-24, 4.52309966087e-24, 4.20773673679e-24, 4.02736960727e-24, 4.15097306707e-24, 5.53623411588e-24, 5.25719665876e-24, 5.96786764321e-24, 5.50640610176e-24, 5.45753459096e-24, 5.46043838795e-24, 6.16522407562e-24, 5.25769285227e-24, 5.13826562211e-24, 5.22610843935e-24, 6.55767014862e-24, 6.91303423705e-24, 6.13284330761e-24], "var": [5.88459006394e-05, 5.53510908503e-05, 1.55808788804e-06, 1.89094021152e-06, 4.97789130804e-07, 2.1976137532e-07, 2.10933052358e-07, 3.28338643385e-07, 5.94049289759e-08, 4.31858317995e-08, 1.71759396039e-07, 4.9583487538e-08, 4.86334528205e-08, 2.37788122526e-09, 3.19813353578e-09, 5.50863754611e-09, 1.15580824911e-08, 8.83216610958e-09, 1.03212451918e-08, 3.94797936565e-08, 2.17605866659e-09, 1.86911597311e-09, 8.5392948268e-10, 6.96490976004e-10, 2.47109332996e-10, 1.99462280026e-10, 2.57434240591e-10, 3.89734688966e-10, 5.7744303783e-10, 2.71542649477e-10, 3.42442407764e-10, 3.44890671578e-10, 2.97734420451e-10, 1.59818422385e-10, 1.04042642557e-10, 7.18624187934e-11, 4.74595814037e-11, 3.46092494941e-11, 6.69310440404e-11, 1.07578036757e-10]}, "mfcc": {"mean": [-610.882202148, 113.110656738, 6.22185182571, 31.3953762054, 10.6954631805, 10.0430583954, -0.745844602585, 6.29641628265, 5.78395318985, 3.03069972992, 0.118441924453, 2.82336616516, 1.81645691395], "cov": [[8184.81396484, -317.067016602, 303.351348877, -216.711257935, 107.601379395, 101.667190552, -250.527786255, -52.6471595764, -181.937515259, 32.401725769, -43.3410682678, 35.3516731262, 15.0636873245], [-317.067016602, 1582.99060059, -562.481872559, 185.791809082, -3.91036438942, -127.831291199, 74.8613510132, -7.86434268951, 81.2467193604, -43.0764427185, -3.61459827423, 42.8848686218, 33.8901405334], [303.351348877, -562.481872559, 900.930358887, -113.046455383, 12.6386194229, 204.175704956, -2.13021564484, 94.4717254639, -35.33852005, 100.409660339, 35.9312286377, -10.7680683136, -48.6600227356], [-216.711257935, 185.791809082, -113.046455383, 315.4347229, -11.8922128677, 17.758972168, 19.6455364227, 3.53911542892, 3.13369560242, -46.2063446045, 1.05121731758, 23.3631153107, 38.0020751953], [107.601379395, -3.91036438942, 12.6386194229, -11.8922128677, 137.812286377, 6.44137907028, -2.76714396477, 10.1018848419, 17.4086818695, 16.7673568726, 3.88189411163, 16.3014030457, 11.4301128387], [101.667190552, -127.831291199, 204.175704956, 17.758972168, 6.44137907028, 170.760345459, 18.0410442352, 50.1982002258, -11.7335958481, 25.121969223, 10.8767337799, -14.9425954819, -4.64343261719], [-250.527786255, 74.8613510132, -2.13021564484, 19.6455364227, -2.76714396477, 18.0410442352, 111.570175171, 22.3341388702, 20.1730461121, 18.6644210815, 5.22193527222, 1.85451126099, -2.06389212608], [-52.6471595764, -7.86434268951, 94.4717254639, 3.53911542892, 10.1018848419, 50.1982002258, 22.3341388702, 108.740623474, 25.8864173889, 32.4856796265, 7.74948644638, -7.72447013855, 3.72302293777], [-181.937515259, 81.2467193604, -35.33852005, 3.13369560242, 17.4086818695, -11.7335958481, 20.1730461121, 25.8864173889, 94.7032241821, 24.1272525787, 3.85566353798, -14.3858804703, -5.3040895462], [32.401725769, -43.0764427185, 100.409660339, -46.2063446045, 16.7673568726, 25.121969223, 18.6644210815, 32.4856796265, 24.1272525787, 93.8022994995, 21.506980896, -4.58555364609, -8.39758586884], [-43.3410682678, -3.61459827423, 35.9312286377, 1.05121731758, 3.88189411163, 10.8767337799, 5.22193527222, 7.74948644638, 3.85566353798, 21.506980896, 64.2417297363, 16.764175415, 10.5876235962], [35.3516731262, 42.8848686218, -10.7680683136, 23.3631153107, 16.3014030457, -14.9425954819, 1.85451126099, -7.72447013855, -14.3858804703, -4.58555364609, 16.764175415, 81.4361495972, 34.8688049316], [15.0636873245, 33.8901405334, -48.6600227356, 38.0020751953, 11.4301128387, -4.64343261719, -2.06389212608, 3.72302293777, -5.3040895462, -8.39758586884, 10.5876235962, 34.8688049316, 78.6553726196]], "icov": [[0.000142987584695, -2.15054933506e-05, -1.40606925925e-05, 7.59692702559e-05, -0.00010308977653, -0.000115345559607, 0.00030205148505, 5.08829471073e-05, 0.000229142257012, -0.00013533065794, 0.000150440406287, -5.61773813388e-05, -4.41751872131e-05], [-2.15054933506e-05, 0.000920027378015, 0.000523557129782, -0.000341316481354, 7.04158592271e-05, 0.000185394557775, -0.000453817192465, -0.00030551769305, -0.000485351745738, -1.55164907483e-05, -9.60613106145e-05, -0.000502482056618, 0.000301076914184], [-1.40606925925e-05, 0.000523557129782, 0.00223927991465, 0.000318934966344, 0.000104583785287, -0.00185749470256, 0.000265248818323, -0.000992165762, 0.000563386885915, -0.00119966245256, -0.000428557628766, -0.000980307697318, 0.00133958936203], [7.59692702559e-05, -0.000341316481354, 0.000318934966344, 0.00415224581957, 0.000339921476552, -0.00143669045065, -0.000309604918584, -0.000196031774976, -0.000373493559891, 0.00196170224808, -0.000179028065759, -0.000714217778295, -0.00128440617118], [-0.00010308977653, 7.04158592271e-05, 0.000104583785287, 0.000339921476552, 0.00806046742946, -0.000591014570091, 0.000501787173562, -0.000116065355542, -0.00197763601318, -0.00100144592579, 0.000559178180993, -0.00203719036654, -0.000710136722773], [-0.000115345559607, 0.000185394557775, -0.00185749470256, -0.00143669045065, -0.000591014570091, 0.00979547481984, -0.00155466375872, -0.0026585245505, 0.0017630449729, -8.2708625996e-05, -0.0008206202765, 0.0025894921273, -0.000691017485224], [0.00030205148505, -0.000453817192465, 0.000265248818323, -0.000309604918584, 0.000501787173562, -0.00155466375872, 0.0109996050596, -0.000993300694972, -0.000893193762749, -0.00212519033812, 0.000441660260549, -0.00121588085312, 0.000814748054836], [5.08829471073e-05, -0.00030551769305, -0.000992165762, -0.000196031774976, -0.000116065355542, -0.0026585245505, -0.000993300694972, 0.0130175277591, -0.00307820434682, -0.00225482112728, 0.000578716455493, 0.000983868958429, -0.00214187521487], [0.000229142257012, -0.000485351745738, 0.000563386885915, -0.000373493559891, -0.00197763601318, 0.0017630449729, -0.000893193762749, -0.00307820434682, 0.0146368704736, -0.00340565689839, -0.000543139933143, 0.00305574014783, 0.000549858727027], [-0.00013533065794, -1.55164907483e-05, -0.00119966245256, 0.00196170224808, -0.00100144592579, -8.2708625996e-05, -0.00212519033812, -0.00225482112728, -0.00340565689839, 0.0162911266088, -0.00435904460028, 0.000380558834877, 0.000461961637484], [0.000150440406287, -9.60613106145e-05, -0.000428557628766, -0.000179028065759, 0.000559178180993, -0.0008206202765, 0.000441660260549, 0.000578716455493, -0.000543139933143, -0.00435904460028, 0.0186380371451, -0.00369458016939, -0.00168455229141], [-5.61773813388e-05, -0.000502482056618, -0.000980307697318, -0.000714217778295, -0.00203719036654, 0.0025894921273, -0.00121588085312, 0.000983868958429, 0.00305574014783, 0.000380558834877, -0.00369458016939, 0.0179057698697, -0.00685750832781], [-4.41751872131e-05, 0.000301076914184, 0.00133958936203, -0.00128440617118, -0.000710136722773, -0.000691017485224, 0.000814748054836, -0.00214187521487, 0.000549858727027, 0.000461961637484, -0.00168455229141, -0.00685750832781, 0.0175800435245]]}, "spectral_contrast_coeffs": {"dmean": [0.0528852753341, 0.04550197348, 0.0346692800522, 0.0265271067619, 0.0182448141277, 0.0184577126056], "dmean2": [0.0869989916682, 0.0762832537293, 0.0580155588686, 0.0445788390934, 0.0308999046683, 0.0306158736348], "dvar": [0.00207130075432, 0.00126439367887, 0.000773861305788, 0.000445177516667, 0.000219973182539, 0.000443587865448], "dvar2": [0.00540080154315, 0.00354656297714, 0.00209185038693, 0.00122954102699, 0.00060616445262, 0.00114238576498], "max": [-0.387666583061, -0.461151182652, -0.426650226116, -0.551645517349, -0.605101466179, -0.582054674625], "mean": [-0.681966781616, -0.73430532217, -0.776187300682, -0.79860663414, -0.798848569393, -0.750358223915], "median": [-0.686755895615, -0.734326779842, -0.785600781441, -0.805886626244, -0.800439298153, -0.750422298908], "min": [-0.97364372015, -0.986421406269, -0.974398195744, -0.971136748791, -0.967551231384, -0.964615464211], "var": [0.00515311444178, 0.00436531193554, 0.00464351056144, 0.00243126950227, 0.00127985619474, 0.00197681644931]}, "spectral_contrast_valleys": {"dmean": [0.334207743406, 0.318775445223, 0.290810227394, 0.237333402038, 0.217620998621, 0.229134231806], "dmean2": [0.563997328281, 0.537128508091, 0.486186444759, 0.389030843973, 0.347348541021, 0.327937334776], "dvar": [0.0832745283842, 0.0861122384667, 0.0859314128757, 0.0670939460397, 0.0962096974254, 0.116627179086], "dvar2": [0.211577653885, 0.21102117002, 0.198580428958, 0.142892882228, 0.201308041811, 0.207464978099], "max": [-5.10566186905, -4.7293920517, -5.30299854279, -5.54600763321, -5.34