{"lowlevel": {"average_loudness": 0.953400909901, "barkbands_crest": {"dmean": 2.82769799232, "dmean2": 4.7294011116, "dvar": 7.62921524048, "dvar2": 20.4344787598, "max": 26.1730194092, "mean": 14.4344339371, "median": 13.8466129303, "min": 2.80242323875, "var": 23.3243331909}, "barkbands_flatness_db": {"dmean": 0.0347492657602, "dmean2": 0.051160030067, "dvar": 0.001169652096, "dvar2": 0.00253762118518, "max": 0.563993990421, "mean": 0.209747672081, "median": 0.205626383424, "min": 0.0337391868234, "var": 0.00587823754176}, "barkbands_kurtosis": {"dmean": 12.3971757889, "dmean2": 19.2215938568, "dvar": 276.869354248, "dvar2": 640.878845215, "max": 369.046600342, "mean": 26.446023941, "median": 16.7110481262, "min": -1.92799031734, "var": 1228.87255859}, "barkbands_skewness": {"dmean": 1.0525226593, "dmean2": 1.61843335629, "dvar": 1.1366610527, "dvar2": 2.72729945183, "max": 15.0620288849, "mean": 3.83864998817, "median": 3.54594397545, "min": -2.27058815956, "var": 4.41893339157}, "barkbands_spread": {"dmean": 6.45334243774, "dmean2": 10.007973671, "dvar": 111.158287048, "dvar2": 253.515609741, "max": 104.984710693, "mean": 12.9133968353, "median": 7.68044757843, "min": 0.270164489746, "var": 221.916320801}, "dissonance": {"dmean": 0.0227847602218, "dmean2": 0.0370300076902, "dvar": 0.000479672307847, "dvar2": 0.00117178598884, "max": 0.5, "mean": 0.443398177624, "median": 0.452283293009, "min": 0.249820530415, "var": 0.00145667640027}, "dynamic_complexity": 3.96296453476, "erbbands_crest": {"dmean": 2.65678668022, "dmean2": 4.18635416031, "dvar": 6.8625164032, "dvar2": 15.3595180511, "max": 29.8515319824, "mean": 10.6166267395, "median": 9.63167190552, "min": 2.20147109032, "var": 25.1875934601}, "erbbands_flatness_db": {"dmean": 0.0258490107954, "dmean2": 0.0344928540289, "dvar": 0.000774148502387, "dvar2": 0.00149135314859, "max": 0.424072653055, "mean": 0.139032229781, "median": 0.124950617552, "min": 0.0350636951625, "var": 0.00363396573812}, "erbbands_kurtosis": {"dmean": 1.70694208145, "dmean2": 2.52088832855, "dvar": 6.54827070236, "dvar2": 14.0322093964, "max": 58.8604278564, "mean": 1.96018695831, "median": 0.50682091713, "min": -1.87094318867, "var": 21.4762859344}, "erbbands_skewness": {"dmean": 0.479808717966, "dmean2": 0.708262979984, "dvar": 0.248204812407, "dvar2": 0.567820131779, "max": 6.96043920517, "mean": 1.08215856552, "median": 0.998893260956, "min": -3.12942290306, "var": 1.01634430885}, "erbbands_spread": {"dmean": 16.2671222687, "dmean2": 22.4963169098, "dvar": 366.82043457, "dvar2": 696.368103027, "max": 174.676330566, "mean": 55.6775779724, "median": 47.0597724915, "min": 3.50655508041, "var": 1269.67004395}, "hfc": {"dmean": 9.72838020325, "dmean2": 14.5792760849, "dvar": 301.577331543, "dvar2": 719.069885254, "max": 174.55355835, "mean": 14.5107717514, "median": 7.75194263458, "min": 1.16420694898e-16, "var": 367.19430542}, "melbands_crest": {"dmean": 3.15020823479, "dmean2": 5.29683542252, "dvar": 8.47894382477, "dvar2": 22.6701030731, "max": 35.0687713623, "mean": 18.5750026703, "median": 18.6908531189, "min": 1.66334223747, "var": 25.4092006683}, "melbands_flatness_db": {"dmean": 0.039691157639, "dmean2": 0.0585481189191, "dvar": 0.00160170940217, "dvar2": 0.00346556981094, "max": 0.69041466713, "mean": 0.314883679152, "median": 0.314193814993, "min": 0.00323426513933, "var": 0.00843752268702}, "melbands_kurtosis": {"dmean": 28.096364975, "dmean2": 43.8860435486, "dvar": 1481.45874023, "dvar2": 3517.38574219, "max": 535.845092773, "mean": 60.5751647949, "median": 40.0686683655, "min": -1.49926948547, "var": 4056.84472656}, "melbands_skewness": {"dmean": 1.40582430363, "dmean2": 2.14378237724, "dvar": 2.27821445465, "dvar2": 5.1994767189, "max": 19.7553443909, "mean": 5.26411342621, "median": 4.77372121811, "min": -1.03426837921, "var": 7.86616373062}, "melbands_spread": {"dmean": 3.65341830254, "dmean2": 5.9483590126, "dvar": 57.369594574, "dvar2": 139.680923462, "max": 174.478271484, "mean": 8.07536888123, "median": 4.80123949051, "min": 0.413102090359, "var": 170.992324829}, "pitch_salience": {"dmean": 0.078921854496, "dmean2": 0.129566907883, "dvar": 0.00575922196731, "dvar2": 0.0148707432672, "max": 0.859615981579, "mean": 0.44832727313, "median": 0.439325660467, "min": 0.0788417235017, "var": 0.01813214086}, "silence_rate_20dB": {"dmean": 0.000891662959475, "dmean2": 0.0017835246399, "dvar": 0.000890993745998, "dvar2": 0.00244958465919, "max": 1, "mean": 0.999442756176, "median": 1, "min": 0, "var": 0.0005570257199}, "silence_rate_30dB": {"dmean": 0.100089162588, "dmean2": 0.200200647116, "dvar": 0.0900668278337, "dvar2": 0.172148808837, "max": 1, "mean": 0.886994302273, "median": 1, "min": 0, "var": 0.10022687912}, "silence_rate_60dB": {"dmean": 0.041908159852, "dmean2": 0.0838256627321, "dvar": 0.0401558578014, "dvar2": 0.0832589268684, "max": 1, "mean": 0.10598462075, "median": 0, "min": 0, "var": 0.0947494059801}, "spectral_centroid": {"dmean": 195.44354248, "dmean2": 306.999786377, "dvar": 87974.0546875, "dvar2": 204334.046875, "max": 10876.8603516, "mean": 670.152160645, "median": 509.08984375, "min": 118.991188049, "var": 270351.90625}, "spectral_complexity": {"dmean": 2.98372721672, "dmean2": 4.43740940094, "dvar": 26.9534797668, "dvar2": 54.4714927673, "max": 62, "mean": 9.32419490814, "median": 8, "min": 0, "var": 52.635799408}, "spectral_decrease": {"dmean": 7.72886021849e-09, "dmean2": 1.2986676623e-08, "dvar": 2.99900035319e-16, "dvar2": 8.14921504707e-16, "max": 6.25023680829e-20, "mean": -1.23859296153e-08, "median": -8.80934436509e-09, "min": -1.71529649151e-07, "var": 2.66934095347e-16}, "spectral_energy": {"dmean": 0.0298126433045, "dmean2": 0.0499861985445, "dvar": 0.00441015232354, "dvar2": 0.0119543354958, "max": 0.654726326466, "mean": 0.0480635240674, "median": 0.0343667082489, "min": 1.0722751974e-20, "var": 0.00394691573456}, "spectral_energyband_high": {"dmean": 0.000670394219924, "dmean2": 0.000997166964225, "dvar": 1.67030884768e-06, "dvar2": 3.95776214646e-06, "max": 0.014099014923, "mean": 0.000770692888182, "median": 0.000181489478564, "min": 8.20732561964e-21, "var": 1.99169085136e-06}, "spectral_energyband_low": {"dmean": 0.0244213119149, "dmean2": 0.042419500649, "dvar": 0.00365808117203, "dvar2": 0.010159721598, "max": 0.589770853519, "mean": 0.0351751372218, "median": 0.0238518770784, "min": 5.54885518039e-23, "var": 0.00298762717284}, "spectral_energyband_middle_high": {"dmean": 0.00069285556674, "dmean2": 0.0010329480283, "dvar": 3.66949348063e-06, "dvar2": 9.51267156779e-06, "max": 0.0274035129696, "mean": 0.00114011403639, "median": 0.000506586278789, "min": 1.3525562199e-21, "var": 3.89021988667e-06}, "spectral_energyband_middle_low": {"dmean": 0.00766122434288, "dmean2": 0.011861843057, "dvar": 0.000262818997726, "dvar2": 0.000617331592366, "max": 0.21350902319, "mean": 0.0127786071971, "median": 0.00694657443091, "min": 3.64597020596e-22, "var": 0.000336435652571}, "spectral_entropy": {"dmean": 0.336929708719, "dmean2": 0.459734022617, "dvar": 0.13669206202, "dvar2": 0.281869798899, "max": 9.79223442078, "mean": 7.14861488342, "median": 7.21806335449, "min": 4.77410411835, "var": 0.508749961853}, "spectral_flux": {"dmean": 0.0493642166257, "dmean2": 0.0779814198613, "dvar": 0.00694650411606, "dvar2": 0.0138798318803, "max": 0.748364508152, "mean": 0.094349719584, "median": 0.057870849967, "min": 1.03550723551e-10, "var": 0.0103915063664}, "spectral_kurtosis": {"dmean": 2.88767147064, "dmean2": 4.18276023865, "dvar": 24.8982486725, "dvar2": 53.8596305847, "max": 137.580841064, "mean": 6.16046094894, "median": 3.48671960831, "min": -1.18873715401, "var": 58.6360321045}, "spectral_rms": {"dmean": 0.00164245290216, "dmean2": 0.00257794838399, "dvar": 7.55187829782e-06, "dvar2": 1.87880468729e-05, "max": 0.025273649022, "mean": 0.00583417899907, "median": 0.0057903798297, "min": 3.23438129578e-12, "var": 1.28535448312e-05}, "spectral_rolloff": {"dmean": 394.928527832, "dmean2": 701.427246094, "dvar": 1706683, "dvar2": 4094873.25, "max": 18324.7558594, "mean": 699.297058105, "median": 301.46484375, "min": 64.599609375, "var": 3509368}, "spectral_skewness": {"dmean": 0.382654935122, "dmean2": 0.526126384735, "dvar": 0.230704262853, "dvar2": 0.460130363703, "max": 9.33860111237, "mean": 1.93617486954, "median": 1.73627185822, "min": -0.0142233856022, "var": 0.768076717854}, "spectral_spread": {"dmean": 1218282.375, "dmean2": 1545465.75, "dvar": 2179707568130.0, "dvar2": 3828827815940.0, "max": 40628120, "mean": 6421120.5, "median": 6316065.5, "min": 757287, "var": 7479856463870.0}, "spectral_strongpeak": {"dmean": 0.23718264699, "dmean2": 0.398176342249, "dvar": 0.0911058112979, "dvar2": 0.227707803249, "max": 3.31331634521, "mean": 0.533963799477, "median": 0.435156732798, "min": 0, "var": 0.162337079644}, "zerocrossingrate": {"dmean": 0.0130886258557, "dmean2": 0.0154720544815, "dvar": 0.000283634231891, "dvar2": 0.000361418613466, "max": 0.51025390625, "mean": 0.0434517525136, "median": 0.0302734375, "min": 0.0029296875, "var": 0.00236669438891}, "barkbands": {"dmean": [0.000305841676891, 0.0181446652859, 0.00696188630536, 0.00303427642211, 0.00363550009206, 0.00186674948782, 0.000396867282689, 9.87395033007e-05, 0.000122435871162, 0.000158605645993, 0.000162495940458, 9.86428785836e-05, 6.20258215349e-05, 7.21713076928e-05, 7.37690061214e-05, 6.72909154673e-05, 6.35796532151e-05, 5.40897053725e-05, 7.2395974712e-05, 5.78828876314e-05, 9.26958600758e-05, 9.54833958531e-05, 0.00017357703473, 6.9942092523e-05, 0.000127371502458, 8.2764941908e-05, 3.11137882818e-05], "dmean2": [0.000509515521117, 0.0315921679139, 0.012379033491, 0.00529656605795, 0.00573369767517, 0.00285480404273, 0.000666395644657, 0.000164612618391, 0.000195999091375, 0.000236607840634, 0.000238263208303, 0.000156981957844, 0.000102204088762, 0.000112580542918, 0.000128585030325, 0.00010395947902, 0.000109284897917, 8.86687776074e-05, 0.000118755160656, 9.37048098422e-05, 0.000137456707307, 0.000148209132021, 0.000283594301436, 0.000105780614831, 0.000182068150025, 0.000130010288558, 4.9950889661e-05], "dvar": [3.90355694435e-07, 0.00199433625676, 0.000384456361644, 6.31427101325e-05, 6.56058109598e-05, 1.47595601447e-05, 2.23535789701e-06, 7.67495009768e-08, 9.44770732758e-08, 9.81125012345e-08, 1.38029335517e-07, 7.25279036828e-08, 4.06838296385e-08, 4.71426560011e-08, 1.55785826905e-07, 3.29954161771e-08, 5.98748499669e-08, 3.15694599351e-08, 5.02749131215e-08, 3.5764504247e-08, 3.77930042816e-08, 5.38459481447e-08, 1.82675563565e-07, 1.72321215075e-08, 6.02082366186e-08, 3.05842320358e-08, 4.73249928135e-09], "dvar2": [1.09248958324e-06, 0.00555438129231, 0.00109970220365, 0.000171261679498, 0.000157514266903, 3.28152746079e-05, 5.88672219237e-06, 1.975288626e-07, 2.29536567531e-07, 2.01613829631e-07, 2.94913689913e-07, 1.84486296462e-07, 1.05499729841e-07, 1.16456234878e-07, 4.46451593916e-07, 8.12834741737e-08, 1.64082919696e-07, 8.49750065868e-08, 1.35744372187e-07, 9.61532435895e-08, 8.9063547648e-08, 1.32582684387e-07, 4.77717264857e-07, 3.85341785147e-08, 1.35905239063e-07, 7.31051201797e-08, 1.17841869596e-08], "max": [0.00643005874008, 0.509287297726, 0.237522184849, 0.0779313221574, 0.113857261837, 0.0896866321564, 0.0214592479169, 0.004924391862, 0.0055128922686, 0.00748590985313, 0.00754638947546, 0.00386303779669, 0.00551757309586, 0.00354417669587, 0.00793213304132, 0.00519469287246, 0.00381983420812, 0.0029547510203, 0.00294042751193, 0.00306260376237, 0.00242382776923, 0.00467132823542, 0.00401082076132, 0.00140226620715, 0.00224263966084, 0.00157132023014, 0.000779431662522], "mean": [0.000362296297681, 0.023520860821, 0.00958911888301, 0.00307529000565, 0.00464831199497, 0.00408529769629, 0.000451564264949, 0.00013461621711, 0.000203911724384, 0.000280015257886, 0.000249618606176, 0.000125452541397, 6.93291076459e-05, 9.72500201897e-05, 6.91543973517e-05, 9.56347867032e-05, 6.08479931543e-05, 5.88567454542e-05, 8.01698988653e-05, 6.94198242854e-05, 0.000117946256069, 0.000112839450594, 0.000161747579114, 9.01257953956e-05, 0.000144941834151, 8.19162014523e-05, 2.6912370231e-05], "median": [6.9951878686e-05, 0.0111750997603, 0.00380233861506, 0.000986443716101, 0.00167504209094, 0.00216247770004, 0.000130870525027, 3.39379403158e-05, 7.21436954336e-05, 0.000120651195175, 7.9794190242e-05, 3.28061796608e-05, 1.94359818124e-05, 2.01709681278e-05, 1.20716113088e-05, 2.03757481358e-05, 1.10335295176e-05, 1.13032565423e-05, 1.39775020216e-05, 1.08059639388e-05, 2.77420640487e-05, 2.12644426938e-05, 2.77002327493e-05, 1.81584564416e-05, 2.61783898168e-05, 1.34257415993e-05, 2.89877038995e-06], "min": [9.61243086053e-25, 2.21842043817e-23, 2.52244411782e-23, 2.55060219229e-23, 1.10767354959e-22, 7.37330428299e-23, 4.34839316055e-23, 4.45113850692e-23, 6.14830616465e-23, 5.15972965959e-23, 6.24299156138e-23, 8.49837391949e-23, 2.83533995831e-23, 1.27080140199e-22, 7.96439397274e-23, 1.39762953584e-22, 1.8277715323e-22, 2.43324916144e-22, 2.80558115885e-22, 2.04590823334e-22, 5.24128323594e-22, 4.88146067922e-22, 6.46792433067e-22, 1.02972182379e-21, 1.28653605947e-21, 2.02260664535e-21, 2.19373609692e-21], "var": [5.17643456988e-07, 0.00166166422423, 0.000286998430965, 5.07577715325e-05, 7.73403880885e-05, 3.24028915202e-05, 1.75466698238e-06, 8.84239881316e-08, 1.38468877253e-07, 2.35498873735e-07, 2.32655125387e-07, 8.69031211437e-08, 3.41189085873e-08, 5.71162601659e-08, 9.60270014616e-08, 4.82827893222e-08, 4.38047287332e-08, 2.57004888482e-08, 4.45771739521e-08, 3.4368241586e-08, 5.02505415056e-08, 5.82662131876e-08, 1.50653107767e-07, 2.74938081191e-08, 7.70890125068e-08, 3.18033350766e-08, 4.26192459102e-09]}, "erbbands": {"dmean": [0.429130226374, 4.45277166367, 8.73785114288, 8.42462444305, 11.4191408157, 10.8364906311, 17.5340385437, 16.1952991486, 6.24628829956, 4.7436375618, 1.70530807972, 2.98506808281, 5.26147985458, 3.24725079536, 7.82115888596, 3.68581199646, 2.91519880295, 3.6372821331, 3.68399167061, 3.54161167145, 3.47265791893, 3.31828093529, 2.98186802864, 3.95443034172, 2.85165786743, 2.89777040482, 2.97744035721, 4.14638710022, 3.60136294365, 2.74618935585, 6.5083193779, 2.07745456696, 0.981888115406, 0.695593595505, 1.22804355621, 0.59691286087, 0.110844813287, 0.0255532097071, 0.00462944060564, 0.000434611720266], "dmean2": [0.732271194458, 7.81273078918, 15.5443515778, 14.6895589828, 19.2592468262, 17.4375495911, 28.0545921326, 24.6893863678, 9.92372608185, 8.1246547699, 2.86102962494, 4.70319223404, 7.72614526749, 5.10564565659, 11.4208717346, 5.62305688858, 4.76307010651, 5.51128864288, 6.30511808395, 5.94677448273, 5.61968851089, 5.63362407684, 4.86086082458, 6.39629173279, 4.71961021423, 4.6622710228, 4.45909500122, 6.22421741486, 5.60223054886, 4.28564739227, 10.7105693817, 3.22732830048, 1.48038303852, 1.00230741501, 1.81043624878, 0.912376105785, 0.173545703292, 0.040419112891, 0.00744609674439, 0.000702213088516], "dvar": [0.897198140621, 129.49357605, 592.13885498, 493.690551758, 1077.19445801, 625.961914062, 1603.97692871, 1124.84411621, 279.687561035, 394.599639893, 24.0285072327, 51.6738700867, 133.812957764, 42.2983665466, 353.685760498, 98.1362075806, 91.5471572876, 109.072265625, 219.74230957, 234.475143433, 138.420440674, 144.328979492, 101.564689636, 116.283576965, 92.1606216431, 90.0620803833, 49.1001091003, 81.4185714722, 74.104850769, 30.785861969, 299.004760742, 14.5981349945, 3.67409062386, 1.7192851305, 6.29991388321, 1.6588062048, 0.0563225261867, 0.00319532887079, 0.000106416118797, 8.5295982899e-07], "dvar2": [2.43613648415, 364.543670654, 1684.85083008, 1378.3347168, 2801.56738281, 1564.70617676, 3916.77929688, 2590.22241211, 707.582946777, 1047.1262207, 62.0224685669, 124.564933777, 266.332580566, 99.0617523193, 772.872741699, 242.951126099, 236.79788208, 252.509674072, 613.603942871, 663.740783691, 381.663879395, 389.175537109, 271.423919678, 303.064147949, 253.934570312, 238.741500854, 117.518112183, 195.450378418, 180.735794067, 71.5858306885, 786.282714844, 33.8720817566, 8.43261432648, 3.51439976692, 14.5650691986, 3.90218472481, 0.138018906116, 0.00778247741982, 0.000268221483566, 2.15474119614e-06], "max": [9.51385402679, 129.464477539, 267.965545654, 256.30847168, 483.385375977, 404.198669434, 699.734130859, 738.993469238, 254.14730835, 287.818145752, 75.808265686, 148.455459595, 292.176696777, 121.333496094, 390.022705078, 160.420898438, 293.778259277, 160.097320557, 271.732025146, 302.131866455, 186.976226807, 186.793945312, 180.660736084, 148.951583862, 125.815063477, 147.71546936, 95.8191680908, 158.635467529, 198.570968628, 87.4149703979, 158.890823364, 37.9455833435, 21.038898468, 15.4967327118, 20.0351200104, 11.2963418961, 2.30772447586, 1.00177443027, 0.119975320995, 0.00881267804652], "mean": [0.583927810192, 5.58999061584, 11.5116195679, 11.1073799133, 11.0990667343, 14.4843730927, 28.5834655762, 36.8353042603, 10.5686664581, 5.03576660156, 2.25513458252, 5.49986839294, 9.44459438324, 5.24030971527, 12.3084907532, 5.1383600235, 3.47539687157, 5.24679088593, 3.94801855087, 4.03918981552, 4.48005437851, 3.30485010147, 3.23783683777, 4.59157657623, 3.29800724983, 3.45822429657, 4.01178216934, 4.86225700378, 4.2513217926, 3.23743033409, 5.7740483284, 2.50846529007, 1.22797453403, 0.894387543201, 1.32401323318, 0.606069087982, 0.111282601953, 0.0237991865724, 0.00403851969168, 0.000394207832869], "median": [0.232509374619, 2.70482230186, 5.18284845352, 5.353703022, 2.87557387352, 5.18738555908, 12.4005146027, 17.4697189331, 5.13610982895, 1.30896651745, 0.776168048382, 2.05239439011, 4.05094051361, 2.09818696976, 3.96824407578, 1.57233667374, 1.13412475586, 1.29571449757, 0.885194718838, 0.83196079731, 1.01808476448, 0.65050560236, 0.640608906746, 0.978301882744, 0.500690221786, 0.563345909119, 0.863308906555, 1.0136936903, 0.83269071579, 0.628422796726, 0.873970150948, 0.531590104103, 0.238415941596, 0.193680495024, 0.218606054783, 0.0912112519145, 0.0198575723916, 0.00328879593872, 0.000513995881192, 8.10149940662e-05], "min": [5.12166314506e-22, 5.55483002551e-21, 3.07073967992e-20, 4.96049550473e-20, 1.86709837848e-19, 4.03783382181e-19, 6.81035479301e-19, 5.70791432199e-19, 5.15210478504e-19, 6.39791064886e-19, 1.27854381131e-18, 1.62093330559e-18, 9.33762937878e-19, 2.30872726408e-18, 2.84187577456e-18, 3.65478173128e-18, 1.8523861958e-18, 5.57105439451e-18, 5.33861416084e-18, 5.85046235695e-18, 8.41318866301e-18, 9.74080775589e-18, 1.28201530222e-17, 1.43381965368e-17, 1.20965039895e-17, 1.05550769063e-17, 1.55720092123e-17, 2.39107226688e-17, 1.85974305745e-17, 1.61234822549e-17, 1.6898720888e-17, 2.37978654548e-17, 1.47985109671e-17, 1.26799814772e-17, 1.11928422575e-17, 7.1306426417e-18, 4.33561920422e-18, 1.40943707823e-18, 3.21227422476e-19, 2.81658358996e-20], "var": [0.923713982105, 99.9458312988, 426.95703125, 383.977630615, 897.607727051, 742.612548828, 2500.86694336, 2649.74023438, 328.584716797, 296.116546631, 23.1676292419, 91.3001174927, 305.556396484, 80.7362823486, 586.031005859, 121.23626709, 76.9113311768, 148.290267944, 156.856124878, 166.473495483, 126.465759277, 112.089744568, 81.7010803223, 116.390907288, 79.5283966064, 85.7521972656, 67.5510559082, 93.9321975708, 80.5213317871, 39.8015441895, 235.551269531, 20.5776939392, 5.40160083771, 2.75373411179, 7.43999004364, 1.77468430996, 0.0585070624948, 0.00315760099329, 9.43300110521e-05, 7.38464393635e-07]}, "gfcc": {"mean": [-49.5130233765, 90.4952850342, -55.0669631958, 33.8735580444, -48.9090270996, 16.7567462921, -32.1022949219, 0.139680251479, -25.4835987091, 1.83989596367, -12.2032518387, 11.8066492081, -0.935402154922], "cov": [[16016.2607422, -1103.4798584, 862.100952148, 850.229858398, -303.122741699, 349.047821045, -230.484191895, -24.3883190155, -326.770721436, 8.2799577713, -282.227264404, 81.7484512329, -149.794067383], [-1103.4798584, 2312.67944336, -529.308776855, -218.747436523, 316.113525391, -65.4964141846, 212.674697876, -2.15106296539, 192.963821411, -95.7071228027, 190.21925354, -37.8450469971, 138.865631104], [862.100952148, -529.308776855, 900.198913574, 272.907897949, 94.7900466919, 236.998687744, 65.8470306396, 68.040802002, 12.7728557587, 76.761138916, -70.3677444458, 23.6641521454, -44.8495521545], [850.229858398, -218.747436523, 272.907897949, 595.975891113, 224.47428894, 96.4191970825, 108.779205322, 69.0226516724, 35.3563041687, 15.5536756516, 30.2849903107, -89.8249435425, -60.7086982727], [-303.122741699, 316.113525391, 94.7900466919, 224.47428894, 343.309844971, 92.0871429443, 147.109985352, 57.1047439575, 93.8643417358, 2.00801157951, 61.662311554, -61.1383056641, -14.5579967499], [349.047821045, -65.4964141846, 236.998687744, 96.4191970825, 92.0871429443, 203.46585083, 95.354598999, 52.6063919067, 31.5246734619, 35.569442749, -21.743473053, 0.275449723005, -25.3471508026], [-230.484191895, 212.674697876, 65.8470306396, 108.779205322, 147.109985352, 95.354598999, 212.432296753, 85.712638855, 78.592666626, -2.27307319641, 59.127910614, -30.5076560974, -16.2995300293], [-24.3883190155, -2.15106296539, 68.040802002, 69.0226516724, 57.1047439575, 52.6063919067, 85.712638855, 121.59980011, 54.8536682129, 24.8533229828, 14.5004205704, -9.86768913269, -20.0538730621], [-326.770721436, 192.963821411, 12.7728557587, 35.3563041687, 93.8643417358, 31.5246734619, 78.592666626, 54.8536682129, 139.704727173, 43.75207901, 35.1371994019, -22.6462974548, 5.82670211792], [8.2799577713, -95.7071228027, 76.761138916, 15.5536756516, 2.00801157951, 35.569442749, -2.27307319641, 24.8533229828, 43.75207901, 95.5609893799, 20.8633785248, 19.0356807709, -5.99407196045], [-282.227264404, 190.21925354, -70.3677444458, 30.2849903107, 61.662311554, -21.743473053, 59.127910614, 14.5004205704, 35.1371994019, 20.8633785248, 111.991043091, 14.1357221603, 14.8351535797], [81.7484512329, -37.8450469971, 23.6641521454, -89.8249435425, -61.1383056641, 0.275449723005, -30.5076560974, -9.86768913269, -22.6462974548, 19.0356807709, 14.1357221603, 97.0493240356, 43.0062942505], [-149.794067383, 138.865631104, -44.8495521545, -60.7086982727, -14.5579967499, -25.3471508026, -16.2995300293, -20.0538730621, 5.82670211792, -5.99407196045, 14.8351535797, 43.0062942505, 92.2382125854]], "icov": [[8.87374917511e-05, -5.95895144215e-05, -5.21912943441e-06, -0.000249072472798, 0.00020481296815, -0.000185121403774, 0.000132024666527, -9.72535417532e-06, 0.00010079160711, 2.37920667132e-05, 0.000144605903188, -0.000224322386202, 0.000146533318912], [-5.95895144215e-05, 0.000978718628176, 0.000292362412438, 0.000757538480684, -0.00091778166825, -8.94484546734e-05, -0.000310037663439, 0.000305252353428, -0.000938375596888, 0.00106262904592, -0.00106080190744, 0.000622460909653, -0.00107862893492], [-5.21912943441e-06, 0.000292362412438, 0.00218405784108, -0.000728460145183, -0.000406916864449, -0.00145284994505, -0.000369164976291, 0.000181138821063, -6.95827693562e-05, -0.000841476547066, 0.00153754127678, -0.00154274783563, 6.62942547933e-05], [-0.000249072472798, 0.000757538480684, -0.000728460145183, 0.00415707891807, -0.00241685542278, 0.00040361576248, -0.00016864752979, -0.000751888903324, 0.000474921020214, 0.000294671801385, -0.00244456343353, 0.0037203063257, -0.000979194650427], [0.00020481296815, -0.00091778166825, -0.000406916864449, -0.00241685542278, 0.00746074458584, -0.00259060086682, -0.000101906160126, 0.000220417539822, -0.00178770837374, 0.00151753996033, -0.00205867760815, 0.00149676331785, 0.000266109942459], [-0.000185121403774, -8.94484546734e-05, -0.00145284994505, 0.00040361576248, -0.00259060086682, 0.0124813001603, -0.00687142275274, 0.000693874491844, 0.00175602571107, -0.00553329754621, 0.00674534821883, -0.00290502118878, 0.00114992470481], [0.000132024666527, -0.000310037663439, -0.000369164976291, -0.00016864752979, -0.000101906160126, -0.00687142275274, 0.015051512979, -0.00581943616271, -0.00364779867232, 0.00754926307127, -0.00846887566149, 0.00230424827896, 0.000889609684236], [-9.72535417532e-06, 0.000305252353428, 0.000181138821063, -0.000751888903324, 0.000220417539822, 0.000693874491844, -0.00581943616271, 0.0140288565308, -0.00327063119039, -0.00216404022649, 0.00250219670124, -0.00256860535592, 0.00222617783584], [0.00010079160711, -0.000938375596888, -6.95827693562e-05, 0.000474921020214, -0.00178770837374, 0.00175602571107, -0.00364779867232, -0.00327063119039, 0.0160318054259, -0.00962873641402, 0.00201402790844, 0.00414805021137, -0.00319653656334], [2.37920667132e-05, 0.00106262904592, -0.000841476547066, 0.000294671801385, 0.00151753996033, -0.00553329754621, 0.00754926307127, -0.00216404022649, -0.00962873641402, 0.0219101943076, -0.00905461981893, -0.00227146269754, 0.00235358602367], [0.000144605903188, -0.00106080190744, 0.00153754127678, -0.00244456343353, -0.00205867760815, 0.00674534821883, -0.00846887566149, 0.00250219670124, 0.00201402790844, -0.00905461981893, 0.0212468188256, -0.00831817183644, 0.00129221600946], [-0.000224322386202, 0.000622460909653, -0.00154274783563, 0.0037203063257, 0.00149676331785, -0.00290502118878, 0.00230424827896, -0.00256860535592, 0.00414805021137, -0.00227146269754, -0.00831817183644, 0.0230953302234, -0.0101563287899], [0.000146533318912, -0.00107862893492, 6.62942547933e-05, -0.000979194650427, 0.000266109942459, 0.00114992470481, 0.000889609684236, 0.00222617783584, -0.00319653656334, 0.00235358602367, 0.00129221600946, -0.0101563287899, 0.0179727654904]]}, "melbands": {"dmean": [0.00454952940345, 0.00502623291686, 0.0016032110434, 0.000700642296579, 0.000635641335975, 0.000348237314029, 9.21891987673e-05, 4.54284672742e-05, 1.2907816199e-05, 1.96113396669e-05, 2.62357061729e-05, 1.28573665279e-05, 2.31223730225e-05, 1.5838395484e-05, 5.40805422133e-06, 7.04271360519e-06, 7.17185730537e-06, 5.80535652261e-06, 5.64172250961e-06, 5.14959538123e-06, 4.05093896916e-06, 3.70500333702e-06, 3.15527313433e-06, 2.47981711254e-06, 3.48165826836e-06, 2.26859060604e-06, 1.96474866243e-06, 1.91066010302e-06, 1.82145743111e-06, 1.95051302398e-06, 2.74509375231e-06, 2.03468380278e-06, 1.88194655948e-06, 1.27095040625e-06, 4.16893317379e-06, 2.12738041228e-06, 1.09518077807e-06, 6.96471431638e-07, 5.76784259465e-07, 5.83804251164e-07], "dmean2": [0.0078546218574, 0.00883612036705, 0.00277478457429, 0.00112495070789, 0.00101240852382, 0.0005295141018, 0.000148465274833, 7.72687417339e-05, 2.14407627936e-05, 3.10292780341e-05, 3.86500760214e-05, 2.06391359825e-05, 3.40423503076e-05, 2.38419506786e-05, 8.48603394843e-06, 1.16416758829e-05, 1.0863600437e-05, 9.9799462987e-06, 1.00314036899e-05, 7.85277461546e-06, 6.83314328853e-06, 6.39051222606e-06, 5.28121017851e-06, 4.02781051889e-06, 5.6805101849e-06, 3.85830207961e-06, 3.22528194374e-06, 3.13209193337e-06, 2.81778511635e-06, 2.92491654363e-06, 4.19315438194e-06, 3.2397722407e-06, 2.94302685688e-06, 2.0288473479e-06, 6.96976030667e-06, 3.36258221978e-06, 1.70154532952e-06, 1.07235609903e-06, 8.61838657329e-07, 8.55655287069e-07], "dvar": [0.000114610338642, 0.000183259646292, 1.66948539118e-05, 2.95874497169e-06, 2.03905779017e-06, 5.15420765623e-07, 7.36226510867e-08, 3.30271348048e-08, 1.23011256736e-09, 2.25306440171e-09, 3.30304916751e-09, 7.11689096544e-10, 2.78241851781e-09, 1.45675438379e-09, 2.93959245834e-10, 5.4684379247e-10, 4.30606911239e-10, 4.38133973546e-10, 1.23312027256e-09, 1.78849282606e-10, 2.72936645507e-10, 2.0616491847e-10, 1.18664023052e-10, 6.1435669052e-11, 8.8017718114e-11, 6.86320375531e-11, 3.7368663719e-11, 4.26260346464e-11, 2.13782481301e-11, 1.88014100816e-11, 3.9525323986e-11, 2.69209689263e-11, 2.10132519024e-11, 6.46050270572e-12, 1.31571406548e-10, 2.18203927149e-11, 4.3260893999e-12, 1.88473997693e-12, 1.27422519151e-12, 1.39488269026e-12], "dvar2": [0.000317424332025, 0.000518905115314, 4.55777189927e-05, 7.30119108994e-06, 5.0269741223e-06, 1.17632043839e-06, 1.87606843838e-07, 8.70619132343e-08, 3.1669602496e-09, 5.43217781868e-09, 6.58746657223e-09, 1.7020254095e-09, 6.09196026957e-09, 3.54261242563e-09, 7.56220253084e-10, 1.42175882178e-09, 1.00200159281e-09, 1.21658905172e-09, 3.55667650886e-09, 4.04772659834e-10, 7.79643738458e-10, 5.6570992335e-10, 3.18074261374e-10, 1.63340299619e-10, 2.28751559361e-10, 1.91259008631e-10, 1.02175615191e-10, 1.13743965635e-10, 5.32886061666e-11, 4.45643938418e-11, 9.69115690475e-11, 6.81165332472e-11, 5.14717192479e-11, 1.45400471177e-11, 3.48445411413e-10, 5.56221180226e-11, 9.7815011299e-12, 4.34218199591e-12, 2.86388556099e-12, 2.81340120471e-12], "max": [0.116681873798, 0.142669379711, 0.0426594689488, 0.0271039325744, 0.021889962256, 0.0164622031152, 0.00408740807325, 0.00276309601031, 0.000560619519092, 0.000989243271761, 0.00144499668386, 0.000504428462591, 0.00102848152164, 0.000549965130631, 0.000611185736489, 0.000516080064699, 0.000324336113408, 0.000352623261278, 0.000721538322978, 0.00050453125732, 0.000283932371531, 0.000215488180402, 0.000189804180991, 0.000141678756336, 0.000127724124468, 0.000112872330646, 9.59354365477e-05, 9.83549616649e-05, 5.92409814999e-05, 7.49458267819e-05, 0.000145301659359, 0.000146091304487, 7.94192455942e-05, 3.69382578356e-05, 9.74985377979e-05, 4.79609916511e-05, 2.99596049445e-05, 1.55080670083e-05, 1.32354216476e-05, 1.52817319758e-05], "mean": [0.00605319160968, 0.00673535373062, 0.00201401719823, 0.000814252707642, 0.00102106819395, 0.000787856173702, 0.000140723917866, 4.86443059344e-05, 1.73413172888e-05, 3.54791518475e-05, 4.6329540055e-05, 1.91242088476e-05, 3.56944183295e-05, 2.33563750953e-05, 6.69569044476e-06, 7.82829738455e-06, 1.02466565295e-05, 6.17795967628e-06, 4.90786715091e-06, 7.41118310543e-06, 4.59163447886e-06, 3.42552789334e-06, 3.23270410263e-06, 2.75209345091e-06, 3.98400652557e-06, 2.31482886193e-06, 2.48191122409e-06, 2.12935992749e-06, 2.30563318837e-06, 2.5874126095e-06, 3.01094769384e-06, 2.30759178521e-06, 2.19324329009e-06, 1.521896138e-06, 3.54945154868e-06, 2.17813067138e-06, 1.38113750836e-06, 8.50590083701e-07, 7.13044585154e-07, 7.45840679883e-07], "median": [0.00270886206999, 0.00432492140681, 0.000950296409428, 0.000274572754279, 0.000443389377324, 0.000397088442696, 6.25945976935e-05, 1.03398897409e-05, 5.51507446289e-06, 1.3176286302e-05, 1.91094150068e-05, 6.69348264637e-06, 1.19602382256e-05, 7.21343849364e-06, 1.9453011646e-06, 2.07145581044e-06, 2.1924702196e-06, 1.33181765705e-06, 7.45799354718e-07, 1.46937338741e-06, 1.01429634469e-06, 5.49587241494e-07, 5.88479053931e-07, 5.4436083019e-07, 8.16116937585e-07, 3.01357601984e-07, 3.53209117065e-07, 3.28404382799e-07, 4.45826572104e-07, 5.42598286302e-07, 4.93348125019e-07, 4.51358971532e-07, 3.5991729419e-07, 2.83488645891e-07, 4.58990342622e-07, 4.36254055103e-07, 2.56854065128e-07, 1.59486361895e-07, 1.30146773358e-07, 1.57870985618e-07], "min": [4.82216866296e-24, 1.28767579939e-23, 1.27517069744e-23, 2.06000565103e-23, 2.37375756337e-23, 1.32069018048e-23, 7.52072376906e-24, 7.59201312907e-24, 9.47091887768e-24, 1.01071572858e-23, 4.43855980424e-24, 9.31883122832e-24, 8.65613284767e-24, 9.57100797161e-24, 6.55976930749e-24, 4.91583603469e-24, 1.02783976891e-23, 9.47964367929e-24, 5.40195618475e-24, 9.72796841478e-24, 1.0301741661e-23, 9.87900451256e-24, 1.16575758315e-23, 1.15117493711e-23, 1.20260740596e-23, 8.36940557445e-24, 7.47139393007e-24, 7.11644833235e-24, 8.93657526606e-24, 1.12122796277e-23, 1.35924741383e-23, 1.05215656409e-23, 9.32011154956e-24, 8.51600275191e-24, 7.29181842247e-24, 1.7417392455e-23, 1.36189136004e-23, 1.05453797739e-23, 9.31916807192e-24, 1.1421053244e-23], "var": [0.000103547987237, 0.000132622400997, 1.34142292154e-05, 3.0197779779e-06, 2.90603816211e-06, 1.1842943195e-06, 7.59039480158e-08, 2.58471928305e-08, 1.30815769328e-09, 3.81292863949e-09, 7.53668505382e-09, 1.34377498018e-09, 4.54181625642e-09, 2.12622230933e-09, 2.75256456517e-10, 4.57527266073e-10, 6.09474137825e-10, 3.26776550263e-10, 7.25681015279e-10, 3.16367182451e-10, 1.97088137477e-10, 1.49229184565e-10, 9.37495914233e-11, 5.24342513852e-11, 8.88980070113e-11, 5.33227698107e-11, 3.95564275779e-11, 3.75708630873e-11, 2.59216641207e-11, 2.61353612363e-11, 4.16992620988e-11, 2.6382142998e-11, 2.31790593663e-11, 9.00314978819e-12, 1.00143615622e-10, 2.06304695549e-11, 6.93239562977e-12, 2.70601444897e-12, 1.82455157753e-12, 2.20405464713e-12]}, "mfcc": {"mean": [-712.971618652, 130.083404541, 46.2999572754, 30.3479328156, 10.8521080017, 18.1166934967, 4.12050390244, 7.17963933945, -1.71759796143, -6.38948822021, -8.41879749298, -2.92537784576, -1.2270232439], "cov": [[10609.9599609, -844.579956055, 546.540222168, 591.710205078, 148.316452026, 169.612686157, 68.6133651733, -29.546043396, -68.2626724243, -56.1538925171, -76.9796676636, -32.5836753845, 9.38726139069], [-844.579956055, 2103.40991211, -380.910400391, -135.036911011, -7.55839681625, -1.65347528458, -8.50984096527, 88.6085357666, 35.7908554077, -54.0989685059, 35.6874809265, -35.0450973511, 27.364528656], [546.540222168, -380.910400391, 632.164428711, 139.729309082, 113.776077271, 160.788452148, 72.0193099976, 60.9823417664, 67.9690093994, 67.1054458618, -15.1542329788, 62.4591217041, 18.1916828156], [591.710205078, -135.036911011, 139.729309082, 388.204559326, 187.60585022, 81.6451950073, 124.525108337, 45.7863578796, 42.8098449707, 72.337097168, 67.8602294922, 21.9829959869, 24.2628288269], [148.316452026, -7.55839681625, 113.776077271, 187.60585022, 222.176437378, 107.929275513, 90.936164856, 39.4571876526, 60.7299232483, 65.6793899536, 37.5445251465, 28.1641426086, 27.559677124], [169.612686157, -1.65347528458, 160.788452148, 81.6451950073, 107.929275513, 175.855010986, 73.389831543, 50.7233314514, 50.2056350708, 41.5549736023, 28.6950073242, 26.8614711761, 23.581079483], [68.6133651733, -8.50984096527, 72.0193099976, 124.525108337, 90.936164856, 73.389831543, 181.321685791, 85.3277664185, 46.9423370361, 43.7836647034, 48.8349952698, 37.9821052551, 21.4853515625], [-29.546043396, 88.6085357666, 60.9823417664, 45.7863578796, 39.4571876526, 50.7233314514, 85.3277664185, 127.984703064, 64.8174972534, 32.9910469055, 44.266620636, 30.32746315, 12.9892435074], [-68.2626724243, 35.7908554077, 67.9690093994, 42.8098449707, 60.7299232483, 50.2056350708, 46.9423370361, 64.8174972534, 112.758865356, 67.6867218018, 31.2440052032, 29.8057956696, 20.8401584625], [-56.1538925171, -54.0989685059, 67.1054458618, 72.337097168, 65.6793899536, 41.5549736023, 43.7836647034, 32.9910469055, 67.6867218018, 125.323196411, 70.1265335083, 26.9857311249, 27.5092163086], [-76.9796676636, 35.6874809265, -15.1542329788, 67.8602294922, 37.5445251465, 28.6950073242, 48.8349952698, 44.266620636, 31.2440052032, 70.1265335083, 136.558883667, 49.4054450989, 13.4081192017], [-32.5836753845, -35.0450973511, 62.4591217041, 21.9829959869, 28.1641426086, 26.8614711761, 37.9821052551, 30.32746315, 29.8057956696, 26.9857311249, 49.4054450989, 90.708984375, 35.8076515198], [9.38726139069, 27.364528656, 18.1916828156, 24.2628288269, 27.559677124, 23.581079483, 21.4853515625, 12.9892435074, 20.8401584625, 27.5092163086, 13.4081192017, 35.8076515198, 84.6304473877]], "icov": [[0.00011327888933, 2.39257078647e-05, -5.57547828066e-05, -0.000237420652411, 0.000118375544844, -9.90971311694e-05, 6.30143040325e-05, 4.52501853943e-06, 4.24675854447e-05, 0.000127381048515, 4.36957197962e-05, 5.45426883036e-05, -4.97417568113e-05], [2.39257078647e-05, 0.000634072115645, 0.000378000753699, 0.00021838810062, -0.000298029452097, -0.000214017389226, 0.000220403817366, -0.000618926656898, -0.000300564861391, 0.000619251688477, -0.000353785057086, 0.000489529396873, -0.000434160378063], [-5.57547828066e-05, 0.000378000753699, 0.0030948233325, -0.000781150418334, 0.000402551406296, -0.00249057076871, 0.000772875035182, -0.00135422928724, 0.000478550326079, -0.0019485183293, 0.00293687172234, -0.00273446599022, 0.00122437684331], [-0.000237420652411, 0.00021838810062, -0.000781150418334, 0.00606373697519, -0.00449020555243, 0.00170614419039, -0.00220218719915, 0.000376343989046, 0.000373931543436, 0.000436475063907, -0.002841406269, 0.00241563050076, -0.000932502676733], [0.000118375544844, -0.000298029452097, 0.000402551406296, -0.00449020555243, 0.0112484106794, -0.00446270871907, -0.00109919928946, 0.00186683994252, -0.00207532709464, -0.00201676040888, 0.00211042445153, -0.00161032588221, 0.000370573397959], [-9.90971311694e-05, -0.000214017389226, -0.00249057076871, 0.00170614419039, -0.00446270871907, 0.011189953424, -0.00192603340838, -0.000279468134977, -0.00128967594355, 0.00168460852001, -0.00267215725034, 0.0022257543169, -0.00175475724973], [6.30143040325e-05, 0.000220403817366, 0.000772875035182, -0.00220218719915, -0.00109919928946, -0.00192603340838, 0.0110562480986, -0.00643266178668, 0.0018150008982, -0.00101002736483, 0.000924547959585, -0.002329391893, 0.000182463118108], [4.52501853943e-06, -0.000618926656898, -0.00135422928724, 0.000376343989046, 0.00186683994252, -0.000279468134977, -0.00643266178668, 0.0171964541078, -0.00867925956845, 0.0039835087955, -0.00436131097376, 0.00113239814527, -9.92452551145e-05], [4.24675854447e-05, -0.000300564861391, 0.000478550326079, 0.000373931543436, -0.00207532709464, -0.00128967594355, 0.0018150008982, -0.00867925956845, 0.0203275103122, -0.0106641929597, 0.00518731586635, -0.0041527505964, 0.00118490972091], [0.000127381048515, 0.000619251688477, -0.0019485183293, 0.000436475063907, -0.00201676040888, 0.00168460852001, -0.00101002736483, 0.0039835087955, -0.0106641929597, 0.0206833891571, -0.0111680794507, 0.00615464756265, -0.00502007408068], [4.36957197962e-05, -0.000353785057086, 0.00293687172234, -0.002841406269, 0.00211042445153, -0.00267215725034, 0.000924547959585, -0.00436131097376, 0.00518731586635, -0.0111680794507, 0.0180602092296, -0.0102947559208, 0.00463212421164], [5.45426883036e-05, 0.000489529396873, -0.00273446599022, 0.00241563050076, -0.00161032588221, 0.0022257543169, -0.002329391893, 0.00113239814527, -0.0041527505964, 0.00615464756265, -0.0102947559208, 0.0214053262025, -0.00835097488016], [-4.97417568113e-05, -0.000434160378063, 0.00122437684331, -0.000932502676733, 0.000370573397959, -0.00175475724973, 0.000182463118108, -9.92452551145e-05, 0.00118490972091, -0.00502007408068, 0.00463212421164, -0.00835097488016, 0.016442777589]]}, "spectral_contrast_coeffs": {"dmean": [0.0541132539511, 0.05011164397, 0.0358387306333, 0.0287732016295, 0.0207911208272, 0.0183096788824], "dmean2": [0.0898107364774, 0.0810372903943, 0.0553077720106, 0.0451755598187, 0.0327868945897, 0.0294383689761], "dvar": [0.00235255248845, 0.0020904680714, 0.000943746301346, 0.000625068729278, 0.000340312923072, 0.000296693615383], "dvar2": [0.0061361421831, 0.00497095473111, 0.00214794185013, 0.00142457499169, 0.000770499987993, 0.000697499490343], "max": [-0.236335292459, -0.350832462311, -0.540262281895, -0.593508422375, -0.669407963753, -0.685185909271], "mean": [-0.652572572231, -0.637492179871, -0.769168019295, -0.795433580875, -0.816135048866, -0.788119375706], "median": [-0.659761667252, -0.638184607029, -0.772546231747, -0.800517499447, -0.819595456123, -0.785070419312], "min": [-0.974998295307, -0.979940295219, -0.966597259045, -0.9536896348, -0.962988138199, -0.955794751644], "var": [0.00798614975065, 0.0101926010102, 0.00459177792072, 0.00272839795798, 0.00145313038956, 0.00103777949698]}, "spectral_contrast_valleys": {"dmean": [0.452900439501, 0.458958148956, 0.419270426035, 0.423094600439, 0.470507591963, 0.608704984188], "dmean2": [0.721321463585, 0.709622263908, 0.613608419895, 0.602177500725, 0.611707687378, 0.708424329758], "dvar": [0.232491597533, 0.216114059091, 0.196735545993, 0.264298170805, 0.306253224611, 0.403654903173], "dvar2": [0.45157533884, 0.431329876184, 0.354081004858, 0.498065054417, 0.576799631119, 0.808254957199], "max": [-4.3946814537, -4.72368955612, -5.53874588013, -5.68628740311, -5.47320795059, -7.90156316