{"lowlevel": {"average_loudness": 0.935530304909, "barkbands_crest": {"dmean": 2.36687755585, "dmean2": 3.67917704582, "dvar": 6.89400243759, "dvar2": 15.71829319, "max": 26.8355579376, "mean": 14.4100027084, "median": 14.0751018524, "min": 2.61547064781, "var": 29.78074646}, "barkbands_flatness_db": {"dmean": 0.0389533005655, "dmean2": 0.0502656958997, "dvar": 0.00202135555446, "dvar2": 0.00353760807775, "max": 0.83147674799, "mean": 0.256241410971, "median": 0.236981540918, "min": 0.0222847722471, "var": 0.0153235793114}, "barkbands_kurtosis": {"dmean": 20.1544189453, "dmean2": 30.7856140137, "dvar": 16106.8486328, "dvar2": 40127.2070312, "max": 7212.31884766, "mean": 33.4352455139, "median": 8.1254940033, "min": -1.97073566914, "var": 20700.0117188}, "barkbands_skewness": {"dmean": 1.12983584404, "dmean2": 1.70092749596, "dvar": 3.3533847332, "dvar2": 7.82878065109, "max": 74.0025100708, "mean": 2.27351117134, "median": 2.02158355713, "min": -17.8609333038, "var": 15.6051588058}, "barkbands_spread": {"dmean": 4.99929666519, "dmean2": 7.93323373795, "dvar": 66.778968811, "dvar2": 162.654846191, "max": 120.204910278, "mean": 10.9815664291, "median": 8.00488853455, "min": 0.0190743915737, "var": 114.312774658}, "dissonance": {"dmean": 0.0267087258399, "dmean2": 0.0442685782909, "dvar": 0.00078085862333, "dvar2": 0.00207463186234, "max": 0.500000178814, "mean": 0.441209346056, "median": 0.44958037138, "min": 0.101334698498, "var": 0.00197846093215}, "dynamic_complexity": 4.41995382309, "erbbands_crest": {"dmean": 2.78361701965, "dmean2": 4.43366146088, "dvar": 9.00098609924, "dvar2": 21.4979057312, "max": 30.470199585, "mean": 11.9313201904, "median": 10.2016706467, "min": 2.3330078125, "var": 36.6256065369}, "erbbands_flatness_db": {"dmean": 0.0320240408182, "dmean2": 0.0441486872733, "dvar": 0.00148177787196, "dvar2": 0.00264345249161, "max": 0.810753941536, "mean": 0.234340578318, "median": 0.204257428646, "min": 0.0448032766581, "var": 0.0168147291988}, "erbbands_kurtosis": {"dmean": 3.63639259338, "dmean2": 5.70654821396, "dvar": 93.6324768066, "dvar2": 226.045730591, "max": 326.642730713, "mean": 4.89638900757, "median": 0.645722746849, "min": -1.94476568699, "var": 213.193374634}, "erbbands_skewness": {"dmean": 0.635521650314, "dmean2": 0.944292485714, "dvar": 0.680881023407, "dvar2": 1.51612150669, "max": 15.3250598907, "mean": 0.396955549717, "median": 0.378489077091, "min": -9.29998779297, "var": 2.92650198936}, "erbbands_spread": {"dmean": 10.1542215347, "dmean2": 15.3969736099, "dvar": 235.629623413, "dvar2": 546.012634277, "max": 181.052001953, "mean": 30.6330223083, "median": 26.0704231262, "min": 0.254757851362, "var": 542.265869141}, "hfc": {"dmean": 8.05438804626, "dmean2": 12.146894455, "dvar": 254.165496826, "dvar2": 596.998718262, "max": 232.288772583, "mean": 17.3095302582, "median": 10.2200317383, "min": 1.13046459744e-16, "var": 416.55279541}, "melbands_crest": {"dmean": 2.82736587524, "dmean2": 4.36318302155, "dvar": 9.48497676849, "dvar2": 20.7972354889, "max": 39.8648414612, "mean": 18.1138916016, "median": 19.096031189, "min": 1.40995264053, "var": 38.5993156433}, "melbands_flatness_db": {"dmean": 0.0439577363431, "dmean2": 0.0562934689224, "dvar": 0.00272888527252, "dvar2": 0.00488236360252, "max": 0.939043343067, "mean": 0.342841297388, "median": 0.324791461229, "min": 0.00157486100215, "var": 0.0201512426138}, "melbands_kurtosis": {"dmean": 25.7838306427, "dmean2": 41.3395576477, "dvar": 39522.046875, "dvar2": 115058.359375, "max": 13075.8007812, "mean": 44.7838478088, "median": 14.0678377151, "min": -1.98201298714, "var": 33216.6875}, "melbands_skewness": {"dmean": 1.24074494839, "dmean2": 1.86014819145, "dvar": 3.1568338871, "dvar2": 7.4978427887, "max": 57.9632987976, "mean": 3.25773406029, "median": 2.81364870071, "min": -9.56269931793, "var": 13.1975269318}, "melbands_spread": {"dmean": 5.18744182587, "dmean2": 8.12244796753, "dvar": 76.198928833, "dvar2": 187.021255493, "max": 161.845825195, "mean": 15.2931041718, "median": 8.26844596863, "min": 0.00451057590544, "var": 553.389404297}, "pitch_salience": {"dmean": 0.0770694091916, "dmean2": 0.119958892465, "dvar": 0.0063053322956, "dvar2": 0.0142191024497, "max": 0.864355564117, "mean": 0.455228030682, "median": 0.445376783609, "min": 0.00994218233973, "var": 0.0243158526719}, "silence_rate_20dB": {"dmean": 0, "dmean2": 0, "dvar": 0, "dvar2": 0, "max": 1, "mean": 1, "median": 1, "min": 1, "var": 0}, "silence_rate_30dB": {"dmean": 0.0433792211115, "dmean2": 0.0867670327425, "dvar": 0.041501250118, "dvar2": 0.0978497490287, "max": 1, "mean": 0.958605647087, "median": 1, "min": 0, "var": 0.0396779961884}, "silence_rate_60dB": {"dmean": 0.0267406161875, "dmean2": 0.0534865297377, "dvar": 0.0260267667472, "dvar2": 0.0579586736858, "max": 1, "mean": 0.155278265476, "median": 0, "min": 0, "var": 0.131163299084}, "spectral_centroid": {"dmean": 181.116104126, "dmean2": 272.792175293, "dvar": 89283.7421875, "dvar2": 204909.984375, "max": 11308.0185547, "mean": 868.589233398, "median": 684.466552734, "min": 33.6553955078, "var": 492876.96875}, "spectral_complexity": {"dmean": 2.98147964478, "dmean2": 4.42016649246, "dvar": 20.0546836853, "dvar2": 42.4210968018, "max": 45, "mean": 11.2898597717, "median": 10, "min": 0, "var": 63.92527771}, "spectral_decrease": {"dmean": 3.01796965196e-09, "dmean2": 4.64680516288e-09, "dvar": 2.37824898216e-17, "dvar2": 4.83410801985e-17, "max": 5.6138945582e-16, "mean": -1.16088036961e-08, "median": -1.15382778887e-08, "min": -4.9179590178e-08, "var": 8.26099189707e-17}, "spectral_energy": {"dmean": 0.0119198150933, "dmean2": 0.0181889068335, "dvar": 0.000368124019587, "dvar2": 0.000749798608012, "max": 0.190329164267, "mean": 0.0453842431307, "median": 0.0453914664686, "min": 1.06655658441e-20, "var": 0.0012499159202}, "spectral_energyband_high": {"dmean": 0.000466979341581, "dmean2": 0.000756509194616, "dvar": 1.54400072461e-06, "dvar2": 3.88736771129e-06, "max": 0.0134919686243, "mean": 0.000463977135951, "median": 3.08857233904e-05, "min": 7.70784585456e-21, "var": 1.57383567512e-06}, "spectral_energyband_low": {"dmean": 0.00781444087625, "dmean2": 0.0122749200091, "dvar": 0.000216982894926, "dvar2": 0.000423588993726, "max": 0.160245984793, "mean": 0.0289726182818, "median": 0.0126781035215, "min": 8.51580269678e-23, "var": 0.000913401250727}, "spectral_energyband_middle_high": {"dmean": 0.00190952955745, "dmean2": 0.0028362183366, "dvar": 1.645003249e-05, "dvar2": 3.90763634641e-05, "max": 0.0685862526298, "mean": 0.00413923570886, "median": 0.00155078643002, "min": 1.60150759494e-21, "var": 3.92086039938e-05}, "spectral_energyband_middle_low": {"dmean": 0.00589725887403, "dmean2": 0.00897561945021, "dvar": 0.000106266808871, "dvar2": 0.000242751906626, "max": 0.110194705427, "mean": 0.0142397778109, "median": 0.00938913226128, "min": 5.58434155179e-22, "var": 0.000229081488214}, "spectral_entropy": {"dmean": 0.356494814157, "dmean2": 0.480395197868, "dvar": 0.179568201303, "dvar2": 0.335512816906, "max": 9.78993415833, "mean": 6.65638208389, "median": 6.64289855957, "min": 3.38383793831, "var": 0.827120184898}, "spectral_flux": {"dmean": 0.0350281409919, "dmean2": 0.0529470965266, "dvar": 0.00202088942751, "dvar2": 0.00469902018085, "max": 0.393546283245, "mean": 0.073525249958, "median": 0.0541682653129, "min": 1.03274229446e-10, "var": 0.00405455986038}, "spectral_kurtosis": {"dmean": 12.8647003174, "dmean2": 20.7214775085, "dvar": 1125.68652344, "dvar2": 3272.5546875, "max": 1045.60974121, "mean": 29.0647830963, "median": 10.6034564972, "min": -1.22850596905, "var": 4575.34814453}, "spectral_rms": {"dmean": 0.000907411216758, "dmean2": 0.00134595739655, "dvar": 1.79366497832e-06, "dvar2": 3.32349031851e-06, "max": 0.0136267011985, "mean": 0.00585231976584, "median": 0.00665464904159, "min": 3.22574497495e-12, "var": 1.00273446151e-05}, "spectral_rolloff": {"dmean": 265.548858643, "dmean2": 469.781066895, "dvar": 811240.0625, "dvar2": 2121782, "max": 19810.546875, "mean": 1342.96972656, "median": 538.330078125, "min": 21.533203125, "var": 10665062}, "spectral_skewness": {"dmean": 0.802432239056, "dmean2": 1.24667584896, "dvar": 1.02270591259, "dvar2": 2.65672016144, "max": 27.6348400116, "mean": 3.19295501709, "median": 2.48303937912, "min": -0.0410019904375, "var": 6.83773469925}, "spectral_spread": {"dmean": 993822.375, "dmean2": 1463080.625, "dvar": 1850163855360.0, "dvar2": 3240431452160.0, "max": 41171644, "mean": 3975959.75, "median": 3171423.5, "min": 101879.289062, "var": 8470794862590.0}, "spectral_strongpeak": {"dmean": 0.393869757652, "dmean2": 0.654840052128, "dvar": 0.488158851862, "dvar2": 1.13446009159, "max": 11.3701057434, "mean": 1.05140459538, "median": 0.816631674767, "min": 0, "var": 1.37572479248}, "zerocrossingrate": {"dmean": 0.00831291917711, "dmean2": 0.00963571947068, "dvar": 0.00017246491916, "dvar2": 0.0001978588989, "max": 0.7978515625, "mean": 0.0554219521582, "median": 0.0283203125, "min": 0, "var": 0.0154543668032}, "barkbands": {"dmean": [0.000827946758363, 0.00409926613793, 0.00376276182942, 0.001859116368, 0.00141827994958, 0.000933174800593, 0.00208378164098, 0.000943306600675, 0.000555153528694, 0.000672745285556, 0.00017641800514, 0.000307182082906, 0.000321724714013, 0.000332497089403, 0.000330281007336, 0.000157533388119, 7.77676905273e-05, 0.000135822570883, 4.3530617404e-05, 6.57336277072e-05, 6.30066206213e-05, 7.86954697105e-05, 9.19134618016e-05, 7.35219437047e-05, 6.34230382275e-05, 7.08435036358e-05, 4.20216820203e-05], "dmean2": [0.00144312856719, 0.0066897389479, 0.00572077278048, 0.003041024087, 0.00212425272912, 0.00151289906353, 0.00333513994701, 0.00147910264786, 0.000789772428107, 0.00111939478666, 0.000229123354075, 0.000391218665754, 0.000504557159729, 0.00051736360183, 0.000554366444703, 0.000238311055, 0.000114352369565, 0.000224870949751, 7.13115223334e-05, 0.000108227191959, 0.000101534729765, 0.000127657927806, 0.000157407135703, 0.000126282946439, 0.00010230193584, 0.000119539086882, 6.78079450154e-05], "dvar": [3.79351990887e-06, 9.00872546481e-05, 7.24860219634e-05, 1.28128294818e-05, 1.03948414107e-05, 5.64820129512e-06, 4.29147876275e-05, 5.61022352485e-06, 2.51826168096e-06, 3.84960048905e-06, 2.78879554116e-07, 7.38011465273e-07, 1.90933019439e-06, 7.39776510272e-07, 1.5849477677e-06, 1.50771356289e-07, 3.86559584342e-08, 1.59921071941e-07, 1.14229399273e-08, 5.1746933849e-08, 3.09184819969e-08, 4.84558349001e-08, 7.84152121014e-08, 5.80821080121e-08, 3.63481866827e-08, 3.62912935259e-08, 1.84922441804e-08], "dvar2": [1.05078297565e-05, 0.000199434914975, 0.000128338637296, 3.17793492286e-05, 1.95041302504e-05, 1.48281369547e-05, 0.000105143903056, 1.35409163704e-05, 5.1647998589e-06, 1.02964768303e-05, 4.0031599724e-07, 1.08274400645e-06, 3.82566668122e-06, 1.81746406724e-06, 4.52293761555e-06, 3.5606976212e-07, 7.90665595218e-08, 4.31825469605e-07, 2.95045410326e-08, 1.4393891945e-07, 7.48701580733e-08, 1.22397793234e-07, 2.03806763466e-07, 1.57373008847e-07, 9.02958348092e-08, 8.65954135065e-08, 4.28288302601e-08], "max": [0.0575800985098, 0.106342658401, 0.109610907733, 0.0431119836867, 0.057045865804, 0.0368984639645, 0.0787194520235, 0.0370312221348, 0.0401794016361, 0.0237640030682, 0.018560629338, 0.0262158736587, 0.0445421412587, 0.0187381915748, 0.0353868491948, 0.00767186656594, 0.00459855841473, 0.00928363762796, 0.00122265063692, 0.00645415298641, 0.00193761102855, 0.00244887173176, 0.00302323605865, 0.0029715616256, 0.00212780851871, 0.00186286703683, 0.00127678073477], "mean": [0.000897447403986, 0.0136351743713, 0.0121362200007, 0.00442915502936, 0.00317939720117, 0.00155684829224, 0.00238186074421, 0.00141377944965, 0.00102031521965, 0.000856705068145, 0.00033289779094, 0.000781557406299, 0.000646227155812, 0.000554732978344, 0.000426626182161, 0.000259798631305, 0.000139170660987, 0.000191793224076, 5.22656046087e-05, 7.31663603801e-05, 5.84328881814e-05, 6.46526095807e-05, 7.00027230778e-05, 5.96239806328e-05, 5.74346595386e-05, 7.09379019099e-05, 3.79604316549e-05], "median": [0.000162031865329, 0.00107828201726, 0.0043239351362, 0.00168393598869, 0.000886043766513, 0.000316113058943, 0.000287024537101, 0.000181269002496, 0.000114892158308, 4.93325060233e-05, 2.50997236435e-05, 8.73884855537e-05, 5.54305697733e-05, 0.000135873415275, 0.000102799283923, 5.72772842133e-05, 1.92525640159e-05, 1.47316341099e-05, 5.58723650101e-06, 6.49599905955e-06, 5.6030912674e-06, 3.19581772601e-06, 3.46579827237e-06, 2.79817368209e-06, 1.49743175371e-06, 1.45003946272e-06, 2.32297253433e-07], "min": [1.90184598151e-23, 3.74994813172e-23, 2.03818654725e-23, 3.32762513522e-23, 2.16186662122e-22, 1.38221898028e-22, 2.97065579374e-23, 4.14683478165e-23, 7.83991613952e-23, 6.93127901207e-23, 1.3420012105e-22, 9.51108767497e-23, 5.49223957985e-23, 1.57845374714e-22, 9.70364862194e-23, 1.75812205634e-22, 1.8849623071e-22, 1.85364137372e-22, 3.06041831977e-22, 4.22222312602e-22, 3.00716957757e-22, 5.01262262555e-22, 6.98497784674e-22, 7.71593560421e-22, 1.31736459218e-21, 1.490038747e-21, 2.55354027633e-21], "var": [3.90743753087e-06, 0.000461837276816, 0.00028994466993, 3.42040293617e-05, 3.52361530531e-05, 8.58589555719e-06, 3.9127888158e-05, 9.28680128709e-06, 6.0000133999e-06, 4.31734360973e-06, 1.11132465008e-06, 4.01701709052e-06, 9.59969202086e-06, 1.3706877553e-06, 1.29108912006e-06, 2.99555040328e-07, 9.5495146013e-08, 2.1179117482e-07, 1.20991581198e-08, 3.89651759747e-08, 2.76394711562e-08, 3.93470216409e-08, 5.8126108371e-08, 4.40502994081e-08, 3.56112828115e-08, 4.66568970126e-08, 2.01631298324e-08]}, "erbbands": {"dmean": [0.0967032536864, 1.03095507622, 3.74731016159, 5.76884412766, 5.64926338196, 4.39929771423, 6.86131715775, 6.57745027542, 13.2160005569, 40.4517974854, 17.292596817, 9.87773323059, 22.4410018921, 14.2388515472, 8.22400283813, 10.6086597443, 13.9977903366, 16.5865955353, 18.8289737701, 10.8700675964, 8.87816333771, 4.46994066238, 7.44905805588, 3.9422852993, 1.9850975275, 3.36959123611, 2.25086760521, 2.96494674683, 3.1162481308, 2.34649467468, 2.56760215759, 1.89221310616, 1.02858841419, 0.74063706398, 0.462807744741, 0.301293760538, 0.131201773882, 0.0445515401661, 0.0078420881182, 0.000377489195671], "dmean2": [0.163327366114, 1.67079162598, 5.79217147827, 9.02822780609, 8.85224437714, 6.30254840851, 11.5348186493, 10.3059902191, 20.1557331085, 64.9463729858, 26.9167747498, 14.2290592194, 35.0188407898, 22.0033473969, 10.0890398026, 13.8561477661, 21.4450778961, 25.636341095, 31.1146469116, 17.2454490662, 13.318936348, 6.5488243103, 12.1547260284, 6.45281028748, 3.36501646042, 5.5571475029, 3.650192976, 4.77213811874, 5.06879329681, 3.93914747238, 4.40249252319, 3.25414800644, 1.76072347164, 1.21897339821, 0.747988760471, 0.494893491268, 0.213495537639, 0.0727204680443, 0.0127230538055, 0.000599133549258], "dvar": [0.0545288398862, 5.90713310242, 64.1550674438, 132.850219727, 144.804870605, 130.400619507, 405.809783936, 225.921386719, 1330.328125, 13571.34375, 2028.06396484, 793.72076416, 3407.79125977, 1277.21740723, 482.236907959, 754.030517578, 3241.4855957, 1814.98803711, 4730.22949219, 1203.52526855, 516.023742676, 120.518768311, 489.11907959, 103.340873718, 34.9065818787, 137.529434204, 42.2322998047, 64.0571517944, 78.9833374023, 46.9256858826, 63.2262916565, 35.4130210876, 11.9229307175, 4.91812038422, 2.06291151047, 0.695108175278, 0.146090164781, 0.0210042931139, 0.000668360327836, 1.37898666708e-06], "dvar2": [0.135996893048, 12.7319412231, 118.810455322, 277.577545166, 330.623687744, 230.121154785, 1118.57165527, 555.887695312, 3105.38598633, 33590.0585938, 4881.94677734, 1767.76806641, 8234.71679688, 3109.57592773, 675.378967285, 1260.30688477, 6488.9375, 4307.85839844, 13424.1777344, 3279.14794922, 1230.72106934, 262.122467041, 1304.62390137, 270.429931641, 96.1069030762, 382.376434326, 108.64427948, 152.963668823, 198.459655762, 118.8253479, 165.950592041, 94.3929748535, 32.3821792603, 12.335226059, 5.23858785629, 1.75313687325, 0.334594845772, 0.050018645823, 0.00157406972721, 3.15605143442e-06], "max": [4.34643554688, 28.7380142212, 112.069213867, 122.510047913, 202.84803772, 233.925872803, 245.199508667, 268.644042969, 506.71395874, 1263.58447266, 766.323730469, 754.764648438, 931.920288086, 599.570251465, 618.572570801, 918.564331055, 1833.37683105, 909.657287598, 1635.48400879, 882.036682129, 503.372161865, 261.36227417, 535.053100586, 163.599273682, 123.276222229, 332.361633301, 101.005088806, 79.1671905518, 97.123046875, 83.8330001831, 84.4993515015, 60.548500061, 51.9606628418, 24.4983863831, 17.3954391479, 9.44245624542, 3.45554924011, 1.27746796608, 0.238377779722, 0.011642344296], "mean": [0.292014658451, 3.47500276566, 12.0928077698, 16.8778648376, 13.7794923782, 9.07199573517, 9.51168727875, 12.0991010666, 18.4599533081, 48.7854042053, 26.3213500977, 18.4775390625, 33.9030265808, 22.5732135773, 20.4286785126, 25.9351329803, 29.1180496216, 28.9469356537, 26.8294429779, 16.9886417389, 15.239906311, 8.11595153809, 10.8688755035, 5.21489906311, 2.29033756256, 3.66807627678, 2.32269787788, 2.59004426003, 2.55953216553, 1.86655175686, 1.95477449894, 1.47436320782, 0.867852449417, 0.653170585632, 0.410004913807, 0.266168177128, 0.13301537931, 0.0399828404188, 0.00702537130564, 0.000385593564715], "median": [0.0351475477219, 0.349954366684, 4.3921957016, 8.04279613495, 5.85948085785, 2.76970267296, 1.93157434464, 2.77758646011, 3.13125181198, 7.52121353149, 3.92866706848, 2.62780427933, 3.56471347809, 2.81826400757, 2.86006188393, 4.15803050995, 3.93501520157, 7.6034412384, 7.14357280731, 4.70320415497, 3.36939096451, 1.54726839066, 0.965601563454, 0.527445316315, 0.275898933411, 0.340840309858, 0.299877673388, 0.18012714386, 0.121702715755, 0.095123976469, 0.0958795696497, 0.0715809687972, 0.0362844653428, 0.016234792769, 0.0102203758433, 0.00633470155299, 0.00264267693274, 0.00044676871039, 6.65523257339e-05, 6.25771499472e-05], "min": [1.58153055711e-21, 6.61549609844e-21, 2.51631541201e-20, 6.61676312265e-20, 2.380686549e-19, 5.74691071799e-19, 2.02822949119e-18, 7.13942998815e-19, 3.7975789544e-19, 5.64503411977e-19, 9.64522165944e-19, 2.09213498377e-18, 2.19482221899e-18, 2.61311504705e-18, 5.58979582565e-18, 4.76036445465e-18, 2.67193875554e-18, 5.82330394949e-18, 8.11230667828e-18, 6.5387146769e-18, 8.9981964348e-18, 1.12924918787e-17, 9.90240741472e-18, 1.47216377641e-17, 1.50888447447e-17, 1.93915752477e-17, 1.52736799069e-17, 1.286692595e-17, 1.77190193579e-17, 1.85536396329e-17, 1.6972525251e-17, 1.36104289718e-17, 1.52711040665e-17, 1.50579809817e-17, 9.7725251693e-18, 4.57769940075e-18, 2.60166872853e-18, 1.47705930011e-18, 3.43069204099e-19, 3.72366952656e-20], "var": [0.332491487265, 27.575717926, 229.650085449, 468.397949219, 513.796813965, 400.041381836, 398.749023438, 502.758972168, 1622.39294434, 12783.3583984, 3138.93334961, 1668.71801758, 5475.76757812, 2415.54589844, 2346.64282227, 3377.72241211, 15466.9394531, 4099.22021484, 4221.03125, 1382.88964844, 1026.43432617, 271.153625488, 683.183288574, 128.491958618, 29.1827430725, 101.85256958, 36.402179718, 57.3319778442, 63.8747291565, 37.2697753906, 46.1822547913, 26.1763801575, 9.54735946655, 4.67474317551, 1.9094465971, 0.690079092979, 0.189263701439, 0.0221515595913, 0.000707684317604, 1.5640609945e-06]}, "gfcc": {"mean": [-114.062614441, 117.504570007, -100.318054199, 10.9149303436, -25.1242580414, 12.8485841751, -32.832359314, -5.25304460526, -7.86201620102, 1.42503464222, -14.2655105591, -7.40898799896, -11.9954366684], "cov": [[45272.3320312, 4104.47509766, 3079.19433594, 2913.65576172, -3941.98632812, -292.855529785, -53.7973899841, 2453.60961914, -1779.36828613, -880.427368164, -1563.90576172, 257.804443359, -1200.1229248], [4104.47509766, 4153.01367188, -269.278717041, 165.453994751, 336.252502441, -129.845046997, 12.4536838531, -180.216552734, 149.420227051, -358.874633789, 15.0287475586, -175.154678345, 55.3177490234], [3079.19433594, -269.278717041, 3231.38549805, 1323.80786133, -633.692749023, 66.9394607544, 311.777099609, 494.178070068, -215.746337891, -110.174728394, -393.888275146, -9.05216312408, -317.646026611], [2913.65576172, 165.453994751, 1323.80786133, 1127.56433105, -365.382232666, 113.090187073, 130.216781616, 248.098739624, -144.778274536, -96.9366073608, -225.570373535, -20.2942085266, -154.106918335], [-3941.98632812, 336.252502441, -633.692749023, -365.382232666, 1260.734375, 321.852966309, -24.837097168, -441.922210693, 284.760192871, 117.547080994, 191.714523315, -128.427474976, 137.786346436], [-292.855529785, -129.845046997, 66.9394607544, 113.090187073, 321.852966309, 452.316223145, 72.3526229858, -148.59336853, 18.4173164368, 87.5729598999, -4.14938735962, -26.3573112488, -19.721244812], [-53.7973899841, 12.4536838531, 311.777099609, 130.216781616, -24.837097168, 72.3526229858, 260.945037842, 147.151519775, -9.04822254181, -35.8752861023, 0.8411013484, 12.2206754684, -24.4955101013], [2453.60961914, -180.216552734, 494.178070068, 248.098739624, -441.922210693, -148.59336853, 147.151519775, 528.208435059, -81.3912658691, -59.3299369812, -97.4307556152, 65.9719390869, -96.1620178223], [-1779.36828613, 149.420227051, -215.746337891, -144.778274536, 284.760192871, 18.4173164368, -9.04822254181, -81.3912658691, 284.608764648, 109.585090637, 86.5245513916, -16.4449558258, 84.0573196411], [-880.427368164, -358.874633789, -110.174728394, -96.9366073608, 117.547080994, 87.5729598999, -35.8752861023, -59.3299369812, 109.585090637, 222.786026001, 67.2537307739, 5.42711448669, 6.93739032745], [-1563.90576172, 15.0287475586, -393.888275146, -225.570373535, 191.714523315, -4.14938735962, 0.8411013484, -97.4307556152, 86.5245513916, 67.2537307739, 177.48260498, 32.7389984131, 82.9503479004], [257.804443359, -175.154678345, -9.05216312408, -20.2942085266, -128.427474976, -26.3573112488, 12.2206754684, 65.9719390869, -16.4449558258, 5.42711448669, 32.7389984131, 159.554824829, 64.8055114746], [-1200.1229248, 55.3177490234, -317.646026611, -154.106918335, 137.786346436, -19.721244812, -24.4955101013, -96.1620178223, 84.0573196411, 6.93739032745, 82.9503479004, 64.8055114746, 171.082839966]], "icov": [[0.000118386822578, -0.000217493550736, 8.37328625494e-05, -5.64363035664e-05, 9.69376269495e-05, -0.00022880731558, 0.000329632137436, -0.000499310961459, 0.000518338929396, -0.000344958418282, 0.000609454640653, -0.000383241422242, 0.000276506412774], [-0.000217493550736, 0.000757896748837, -9.18482037378e-05, -7.16406430001e-05, -0.000199159534532, 0.000487931218231, -0.000597482547164, 0.00104531843681, -0.00141746038571, 0.00147250213195, -0.00134749768768, 0.000924277235754, -0.000347209308529], [8.37328625494e-05, -9.18482037378e-05, 0.000865190580953, -0.000769584032241, -4.13949746871e-05, 0.000245466188062, -0.000543352973182, -0.000166507044923, 0.000222709379159, -0.000482042465592, 0.00143189181108, -0.000803818460554, 0.000940828351304], [-5.64363035664e-05, -7.16406430001e-05, -0.000769584032241, 0.00213068816811, 0.000328535650624, -0.000871174619533, 0.000207044315175, -0.000213003324461, -0.000107290885353, 0.000386866915505, 7.38504677429e-05, 0.000626155873761, -0.000573395402171], [9.69376269495e-05, -0.000199159534532, -4.13949746871e-05, 0.000328535650624, 0.00217089313082, -0.00168288126588, 0.000478312460473, 5.10244935867e-05, -0.000836729770526, 0.000464605313027, -0.000920077611227, 0.00139477406628, -0.000571700802539], [-0.00022880731558, 0.000487931218231, 0.000245466188062, -0.000871174619533, -0.00168288126588, 0.00532092805952, -0.00322956498712, 0.0027102699969, 9.75399889285e-05, -0.00182330596726, 0.00132653187029, -0.00102912669536, 0.000710559776053], [0.000329632137436, -0.000597482547164, -0.000543352973182, 0.000207044315175, 0.000478312460473, -0.00322956498712, 0.00798865128309, -0.00408785697073, 0.000817941850983, 0.00156159803737, -0.00197653332725, 7.80037080403e-05, 0.000235375584452], [-0.000499310961459, 0.00104531843681, -0.000166507044923, -0.000213003324461, 5.10244935867e-05, 0.0027102699969, -0.00408785697073, 0.00655603036284, -0.00293714506552, 0.00124199758284, -0.000948467117269, -0.000590579758864, 0.00110573577695], [0.000518338929396, -0.00141746038571, 0.000222709379159, -0.000107290885353, -0.000836729770526, 9.75399889285e-05, 0.000817941850983, -0.00293714506552, 0.00966528523713, -0.00600743060932, 0.00302977813408, -0.00040397173143, -0.00225859181955], [-0.000344958418282, 0.00147250213195, -0.000482042465592, 0.000386866915505, 0.000464605313027, -0.00182330596726, 0.00156159803737, 0.00124199758284, -0.00600743060932, 0.0111608495936, -0.00599686754867, 0.00110174925067, 0.00188415823504], [0.000609454640653, -0.00134749768768, 0.00143189181108, 7.38504677429e-05, -0.000920077611227, 0.00132653187029, -0.00197653332725, -0.000948467117269, 0.00302977813408, -0.00599686754867, 0.0165624581277, -0.00533924857154, 0.000260503089521], [-0.000383241422242, 0.000924277235754, -0.000803818460554, 0.000626155873761, 0.00139477406628, -0.00102912669536, 7.80037080403e-05, -0.000590579758864, -0.00040397173143, 0.00110174925067, -0.00533924857154, 0.0133001478389, -0.00777386222035], [0.000276506412774, -0.000347209308529, 0.000940828351304, -0.000573395402171, -0.000571700802539, 0.000710559776053, 0.000235375584452, 0.00110573577695, -0.00225859181955, 0.00188415823504, 0.000260503089521, -0.00777386222035, 0.0141766183078]]}, "melbands": {"dmean": [0.00100310938433, 0.00177503144369, 0.000967812375166, 0.000365223037079, 0.000205444914172, 0.000152016014908, 0.00028370184009, 0.000402461650083, 0.000113298010547, 7.2625472967e-05, 0.00011682479817, 6.5130450821e-05, 2.69001429842e-05, 3.47696586687e-05, 2.41391335294e-05, 3.81811187253e-05, 2.99670446111e-05, 3.21123407048e-05, 2.17435444938e-05, 1.07479063445e-05, 1.05265835373e-05, 4.33879267803e-06, 5.74003388465e-06, 7.26546477381e-06, 2.95986296805e-06, 1.22266976632e-06, 1.77366655407e-06, 2.56314160652e-06, 1.29992349684e-06, 1.67732719092e-06, 1.82344513178e-06, 1.91102230929e-06, 1.30288287892e-06, 1.44345335684e-06, 1.53652115387e-06, 1.30309399538e-06, 1.14037368348e-06, 7.52129437842e-07, 5.55952624381e-07, 6.61122385281e-07], "dmean2": [0.00165875151288, 0.00277339830063, 0.00151750363875, 0.000541522575077, 0.000339515536325, 0.000240621026023, 0.000442563963588, 0.000639009638689, 0.000177745489054, 0.000104098617157, 0.000183831900358, 0.000103614016552, 3.34770265908e-05, 4.41370866611e-05, 3.37187993864e-05, 5.91575153521e-05, 4.62515163235e-05, 5.271925329e-05, 3.49996371369e-05, 1.6784239051e-05, 1.57321283041e-05, 6.33882063994e-06, 9.11779807211e-06, 1.21879620565e-05, 4.83324947709e-06, 2.06745517062e-06, 3.09763527184e-06, 4.23761412094e-06, 2.13927432924e-06, 2.72824536296e-06, 2.94291226055e-06, 3.12556494464e-06, 2.15869181375e-06, 2.45512524089e-06, 2.63815582002e-06, 2.25140024668e-06, 1.97322606255e-06, 1.28853412207e-06, 9.53152834882e-07, 1.08127801468e-06], "dvar": [5.24441884409e-06, 1.3149091501e-05, 3.08474363919e-06, 7.61456135479e-07, 3.24140700059e-07, 1.27536409877e-07, 7.18778039754e-07, 1.19959906897e-06, 8.8270816434e-08, 4.5096530954e-08, 9.34394392971e-08, 2.9339506824e-08, 6.42491926328e-09, 1.09386801839e-08, 5.15202103202e-09, 3.28210276734e-08, 6.30557117631e-09, 1.27334276456e-08, 5.76570924338e-09, 8.88516038522e-10, 7.52611306609e-10, 1.33832486759e-10, 2.18819615205e-10, 6.00618277335e-10, 5.3440380593e-11, 1.086676929e-11, 5.22791566981e-11, 6.34196861693e-11, 1.26056109995e-11, 2.96076427264e-11, 2.32232670594e-11, 3.04440882226e-11, 1.53126712699e-11, 1.90264227984e-11, 2.37045869045e-11, 1.53771197164e-11, 1.44944143493e-11, 7.01135807399e-12, 2.93134613805e-12, 3.95373837836e-12], "dvar2": [1.22649926197e-05, 2.48993474088e-05, 6.6021029852e-06, 1.38877931022e-06, 8.8503219331e-07, 3.18104270036e-07, 1.7170469846e-06, 2.94367805509e-06, 2.15328128661e-07, 9.75254224045e-08, 2.28997222962e-07, 7.38568530778e-08, 8.81234463179e-09, 1.60974291674e-08, 8.60430304783e-09, 6.30477288155e-08, 1.54444101952e-08, 3.56626763676e-08, 1.59510236131e-08, 2.24381624392e-09, 1.80440540287e-09, 2.83487538999e-10, 5.25499255222e-10, 1.6632176747e-09, 1.36027369924e-10, 2.93393018214e-11, 1.50244330865e-10, 1.73521974567e-10, 3.35315872291e-11, 7.23330839669e-11, 5.67490880676e-11, 7.69882421703e-11, 3.99239703797e-11, 4.86065632188e-11, 6.24635551616e-11, 4.05868810782e-11, 3.92947306638e-11, 1.90867027045e-11, 7.80712560572e-12, 9.80499448994e-12], "max": [0.0315623097122, 0.0442392714322, 0.0180169083178, 0.0156456679106, 0.00730627961457, 0.00596137298271, 0.0110781202093, 0.0115258600563, 0.00506665371358, 0.00496602524072, 0.00468081701547, 0.00259359530173, 0.00282836495899, 0.00346996588632, 0.00183947349433, 0.0061941887252, 0.00201104464941, 0.0026892030146, 0.00221663992852, 0.000554277212359, 0.000622801773716, 0.00027037304244, 0.000234838225879, 0.000656402262393, 0.000100344121165, 4.51259220426e-05, 0.000212473605643, 0.000201398535864, 6.45114196232e-05, 6.08215559623e-05, 5.44774884474e-05, 5.89368537476e-05, 5.48301977688e-05, 4.93524494232e-05, 5.75538215344e-05, 4.45888981631e-05, 4.36011468992e-05, 4.52962376585e-05, 1.77190941031e-05, 2.38279644691e-05], "mean": [0.00330540607683, 0.00602226238698, 0.00290719605982, 0.000839704938699, 0.000308917107759, 0.000273418612778, 0.000360994628863, 0.000508695200551, 0.000173064370756, 0.000133081615786, 0.000171814695932, 9.38125376706e-05, 6.03677835898e-05, 8.97165155038e-05, 4.52079912066e-05, 8.18195258034e-05, 4.82998184452e-05, 4.46883714176e-05, 3.13015261781e-05, 1.62378037203e-05, 1.76283210749e-05, 7.64399646869e-06, 8.92748266779e-06, 9.65780691331e-06, 3.70455927623e-06, 1.45941396568e-06, 1.8375695845e-06, 2.67642076324e-06, 1.41426653499e-06, 1.46138233958e-06, 1.5475576447e-06, 1.55731390805e-06, 1.03897411918e-06, 1.11321503482e-06, 1.15843295134e-06, 9.97526967694e-07, 8.74237912285e-07, 6.21921572019e-07, 5.06143351231e-07, 5.66173127936e-07], "median": [0.000381542369723, 0.002004717011, 0.00180542981252, 0.000261663721176, 7.62327981647e-05, 5.56769373361e-05, 5.51071680093e-05, 7.6329393778e-05, 2.65797934844e-05, 1.55826419359e-05, 1.7389356799e-05, 7.2382235885e-06, 7.46636123949e-06, 9.85660335573e-06, 5.1086849453e-06, 8.01182159194e-06, 1.26277027448e-05, 9.79362903308e-06, 7.40683799449e-06, 3.74794672098e-06, 3.52770553036e-06, 1.12831799015e-06, 7.12719895546e-07, 7.40225004847e-07, 3.49519780229e-07, 1.85613430403e-07, 1.64970089145e-07, 2.17985757445e-07, 1.75211454234e-07, 1.10506519491e-07, 8.6625050244e-08, 6.26432239414e-08, 5.07394375404e-08, 4.94363554537e-08, 5.40162403695e-08, 5.00385297642e-08, 3.95314927459e-08, 2.69172293343e-08, 1.48904977237e-08, 1.27508066328e-08], "min": [1.29586196678e-23, 1.14534912044e-23, 1.67528875829e-23, 2.28802005811e-23, 6.56138718232e-23, 1.76050451094e-23, 5.9776905392e-24, 6.75213027822e-24, 7.57541549562e-24, 1.36825162997e-23, 1.08791949434e-23, 9.18747247696e-24, 2.09744088751e-23, 1.15607825984e-23, 9.94542660078e-24, 4.89120069748e-24, 1.14574370867e-23, 1.40896852782e-23, 6.48490364657e-24, 1.25028639573e-23, 9.71567243985e-24, 1.22922538728e-23, 8.06304986418e-24, 9.70421817951e-24, 1.23483379388e-23, 1.12164937227e-23, 1.05458633456e-23, 1.39562794328e-23, 1.06335838894e-23, 6.90189788766e-24, 7.59753831085e-24, 1.02243070746e-23, 9.59983373795e-24, 1.12340403558e-23, 8.48578385721e-24, 1.25429120588e-23, 6.74719516439e-24, 9.34308949001e-24, 1.24367376919e-23, 1.34879895114e-23], "var": [3.0170993341e-05, 4.86315911985e-05, 1.07452815428e-05, 2.62892149294e-06, 3.37825355246e-07, 2.62365887238e-07, 7.39609163247e-07, 1.22131098124e-06, 1.3424687495e-07, 9.83920429576e-08, 1.43459857327e-07, 4.72348347103e-08, 2.72960782866e-08, 6.06078671694e-08, 2.07294501564e-08, 1.79968935754e-07, 1.05901349912e-08, 1.236854974e-08, 5.94615912064e-09, 1.33334498997e-09, 1.45971879029e-09, 3.06905167946e-10, 4.59638244132e-10, 6.27601970393e-10, 6.74912695176e-11, 9.86625711685e-12, 3.4625767531e-11, 4.98007468597e-11, 1.13915344171e-11, 2.53494430308e-11, 2.00742304723e-11, 2.42450799021e-11, 1.16730757005e-11, 1.46498889408e-11, 1.71541756494e-11, 1.11789041565e-11, 1.03802791016e-11, 5.52046863084e-12, 2.66292500203e-12, 3.69570433284e-12]}, "mfcc": {"mean": [-746.064880371, 153.153274536, 3.29103040695, 12.3503599167, 20.4331798553, 17.6200523376, -4.85191392899, -0.438480347395, 2.65369749069, 7.1471786499, 1.96597194672, 2.52545785904, -2.73514819145], "cov": [[20587.1503906, 2239.4284668, 1436.45678711, 1504.01257324, -1286.03930664, -1483.04577637, 270.757720947, 1185.09423828, 258.109527588, -218.505874634, -499.796417236, 201.384475708, 71.6706008911], [2239.4284668, 3294.69116211, -40.4444732666, 257.425354004, 247.147521973, -41.0844116211, -5.82438898087, 229.093475342, 48.8319892883, -17.0463161469, -109.250778198, 23.8152351379, 0.750952363014], [1436.45678711, -40.4444732666, 2084.84692383, 960.471008301, -135.283630371, 8.84422779083, 113.410316467, 286.212341309, 195.559814453, -38.1129188538, 19.8972816467, 81.8946380615, 63.0126533508], [1504.01257324, 257.425354004, 960.471008301, 858.611877441, -40.6438789368, -115.016220093, 98.0215835571, 261.068725586, 113.409233093, -25.0072135925, -53.7027282715, 70.2309570312, 23.5771369934], [-1286.03930664, 247.147521973, -135.283630371, -40.6438789368, 614.846069336, 435.127960205, 13.8386821747, -112.092132568, 55.6460533142, 67.8799057007, 79.3929748535, -8.17847919464, -20.2490196228], [-1483.04577637, -41.0844116211, 8.84422779083, -115.016220093, 435.127960205, 755.483032227, 100.048042297, -141.142318726, 20.9152030945, 41.0347557068, 94.4911880493, -32.2034568787, -12.91776371], [270.757720947, -5.82438898087, 113.410316467, 98.0215835571, 13.8386821747, 100.048042297, 247.820297241, 122.176277161, 12.1813802719, 27.9779815674, -4.25114965439, 21.7737770081, 6.24000453949], [1185.09423828, 229.093475342, 286.212341309, 261.068725586, -112.092132568, -141.142318726, 122.176277161, 310.749420166, 101.972953796, -30.6588249207, -58.9965324402, 53.1624069214, 51.3833999634], [258.109527588, 48.8319892883, 195.559814453, 113.409233093, 55.6460533142, 20.9152030945, 12.1813802719, 101.972953796, 169.478179932, 41.083442688, 19.0782775879, 24.2936420441, 40.5148124695], [-218.505874634, -17.0463161469, -38.1129188538, -25.0072135925, 67.8799057007, 41.0347557068, 27.9779815674, -30.6588249207, 41.083442688, 161.102264404, 91.1129608154, 12.0708436966, -22.6279964447], [-499.796417236, -109.250778198, 19.8972816467, -53.7027282715, 79.3929748535, 94.4911880493, -4.25114965439, -58.9965324402, 19.0782775879, 91.1129608154, 171.018127441, 39.611076355, -19.4098148346], [201.384475708, 23.8152351379, 81.8946380615, 70.2309570312, -8.17847919464, -32.2034568787, 21.7737770081, 53.1624069214, 24.2936420441, 12.0708436966, 39.611076355, 98.2578430176, 49.3679771423], [71.6706008911, 0.750952363014, 63.0126533508, 23.5771369934, -20.2490196228, -12.91776371, 6.24000453949, 51.3833999634, 40.5148124695, -22.6279964447, -19.4098148346, 49.3679771423, 126.963378906]], "icov": [[7.9229241237e-05, -4.60266892333e-05, 2.53217831414e-06, -5.99184386374e-05, 0.000132065295475, 3.83863916795e-05, -2.72250763373e-05, -9.45958963712e-05, -8.32956648082e-05, -6.1268178797e-06, 0.000120372475067, -0.000116863338917, 0.000119339056255], [-4.60266892333e-05, 0.000402356032282, 4.30431573477e-05, -3.29859940393e-05, -0.000367145956261, -3.12211632263e-05, 0.000355513766408, -0.000526073097717, 0.000368752342183, -0.000218666551518, 0.000200672555366, -4.62787056676e-06, 1.79027520062e-05], [2.53217831414e-06, 4.30431573477e-05, 0.00126794492826, -0.00148869503755, 0.000634894124232, -0.000437043549027, -2.90367806883e-05, 0.000192395149497, -0.000778846966568, 0.000620172300842, -0.000963279453572, 0.000484545336803, -0.000350775080733], [-5.99184386374e-05, -3.29859940393e-05, -0.00148869503755, 0.00346340681426, -0.00096551963361, 0.000543084926903, -3.11285948555e-05, -0.0011710623512, 0.000367222964996, -0.000540179316886, 0.00155500462279, -0.00159545708448, 0.00115109002218], [0.000132065295475, -0.000367145956261, 0.000634894124232, -0.00096551963361, 0.00388744589873, -0.00191967340652, 0.000117265568406, 0.00109796016477, -0.00188526825514, -0.000172012281837, -3.95214265154e-05, -0.000757640227675, 0.000625879853033], [3.83863916795e-05, -3.12211632263e-05, -0.000437043549027, 0.000543084926903, -0.00191967340652, 0.00332139688544, -0.00229717069305, 0.00157083582599, -0.000701030541677, 0.00133434298914, -0.00113888189662, 0.00126298621763, -0.000600179249886], [-2.72250763373e-05, 0.000355513766408, -2.90367806883e-05, -3.11285948555e-05, 0.000117265568406, -0.00229717069305, 0.00802339427173, -0.00550603913143, 0.00370030477643, -0.00350219197571, 0.00130667746998, -0.0006973502459, 0.000318402686389], [-9.45958963712e-05, -0.000526073097717, 0.000192395149497, -0.0011710623512, 0.00109796016477, 0.00157083582599, -0.00550603913143, 0.0110400617123, -0.00648728758097, 0.00323446514085, 0.000808014825452, -0.00224797497503, -3.97753283323e-05], [-8.32956648082e-05, 0.000368752342183, -0.000778846966568, 0.000367222964996, -0.00188526825514, -0.000701030541677, 0.00370030477643, -0.00648728758097, 0.0125920251012, -0.00467963656411, -0.000448960461654, 0.00206671119668, -0.00328966858797], [-6.1268178797e-06, -0.000218666551518, 0.000620172300842, -0.000540179316886, -0.000172012281837, 0.00133434298914, -0.00350219197571, 0.00323446514085, -0.00467963656411, 0.0118000991642, -0.00587359396741, 0.000897222256754, 0.00111825799104], [0.000120372475067, 0.000200672555366, -0.000963279453572, 0.00155500462279, -3.95214265154e-05, -0.00113888189662, 0.00130667746998, 0.000808014825452, -0.000448960461654, -0.00587359396741, 0.0134386867285, -0.00829312112182, 0.00398235302418], [-0.000116863338917, -4.62787056676e-06, 0.000484545336803, -0.00159545708448, -0.000757640227675, 0.00126298621763, -0.0006973502459, -0.00224797497503, 0.00206671119668, 0.000897222256754, -0.00829312112182, 0.019818674773, -0.00840013381094], [0.000119339056255, 1.79027520062e-05, -0.000350775080733, 0.00115109002218, 0.000625879853033, -0.000600179249886, 0.000318402686389, -3.97753283323e-05, -0.00328966858797, 0.00111825799104, 0.00398235302418, -0.00840013381094, 0.0129324961454]]}, "spectral_contrast_coeffs": {"dmean": [0.0500444173813, 0.0460117384791, 0.0388002097607, 0.0371445715427, 0.0260717142373, 0.0221562143415], "dmean2": [0.0786668583751, 0.0737399160862, 0.0569219812751, 0.0545574426651, 0.0381923802197, 0.0346360504627], "dvar": [0.00227920128964, 0.00193861639127, 0.00134437682573, 0.00102782389149, 0.000561469583772, 0.00045036803931], "dvar2": [0.00495948316529, 0.00455941492692, 0.00273371464573, 0.0021749578882, 0.00110922253225, 0.00108758616261], "max": [-0.255016416311, -0.345364034176, -0.440339237452, -0.436122775078, -0.605135798454, -0.650986909866], "mean": [-0.59337413311, -0.718978881836, -0.730081140995, -0.723921716213, -0.77770614624, -0.800362050533], "median": [-0.588219106197, -0.720928311348, -0.735178470612, -0.721068024635, -0.779203534126, -0.794025659561], "min": [-0.984991669655, -0.972123503685, -0.972261607647, -0.955303072929, -0.95741468668, -0.95868229866], "var": [0.0191884301603, 0.00857071951032, 0.0101020541042, 0.00711314240471, 0.00415903795511, 0.00195062567946]}, "spectral_contrast_valleys": {"dmean": [0.477816700935, 0.441397875547, 0.455940306187, 0.460519522429, 0.49016174674, 0.638492047787], "dmean2": [0.764183938503, 0.668223142624, 0.657902598381, 0.651828706264, 0.662489831448, 0.804349303246], "dvar": [0.23694832623, 0.228975862265, 0.283600896597, 0.279151111841, 0.405800104141, 0.619871854782], "dvar2": [0.548072457314, 0.418460518122, 0.518287062645, 0.520456135273, 0.725418865681, 1.022179842], "max": [-5.15782356262, -4.760815