{"lowlevel": {"average_loudness": 0.977588713169, "barkbands_crest": {"dmean": 2.919475317, "dmean2": 4.68846178055, "dvar": 8.43711662292, "dvar2": 22.9920310974, "max": 24.2018318176, "mean": 8.71890449524, "median": 7.65178489685, "min": 1.96732294559, "var": 17.9152355194}, "barkbands_flatness_db": {"dmean": 0.0273770634085, "dmean2": 0.0427277088165, "dvar": 0.000791253172792, "dvar2": 0.00181359623093, "max": 0.356389343739, "mean": 0.106004692614, "median": 0.0824767053127, "min": 0.013509824872, "var": 0.00459864456207}, "barkbands_kurtosis": {"dmean": 4.30271244049, "dmean2": 7.08538722992, "dvar": 72.0077209473, "dvar2": 186.552001953, "max": 140.179870605, "mean": 4.60263729095, "median": 0.813945531845, "min": -1.82729876041, "var": 111.546035767}, "barkbands_skewness": {"dmean": 0.758032619953, "dmean2": 1.19744920731, "dvar": 0.751266241074, "dvar2": 1.82139754295, "max": 11.0968561172, "mean": 1.59201574326, "median": 1.26497149467, "min": -3.07433342934, "var": 2.23392343521}, "barkbands_spread": {"dmean": 9.800116539, "dmean2": 14.9307899475, "dvar": 98.5273361206, "dvar2": 230.03288269, "max": 99.1343078613, "mean": 31.7013225555, "median": 31.2547836304, "min": 1.99065232277, "var": 307.692687988}, "dissonance": {"dmean": 0.0152368303388, "dmean2": 0.025245398283, "dvar": 0.000264164729742, "dvar2": 0.000711803149898, "max": 0.500000119209, "mean": 0.469624191523, "median": 0.478805601597, "min": 0.248879209161, "var": 0.000846695969813}, "dynamic_complexity": 3.10006570816, "erbbands_crest": {"dmean": 2.23292183876, "dmean2": 3.55502939224, "dvar": 4.88494539261, "dvar2": 12.0565891266, "max": 29.1736907959, "mean": 7.16873216629, "median": 6.08948040009, "min": 2.20094966888, "var": 13.9551649094}, "erbbands_flatness_db": {"dmean": 0.0189901161939, "dmean2": 0.0275747422129, "dvar": 0.000404160266044, "dvar2": 0.000824024726171, "max": 0.432817280293, "mean": 0.125623077154, "median": 0.107752785087, "min": 0.0537910349667, "var": 0.0034562535584}, "erbbands_kurtosis": {"dmean": 0.65300488472, "dmean2": 1.05699372292, "dvar": 0.958661139011, "dvar2": 2.32630372047, "max": 21.0016498566, "mean": -0.261791050434, "median": -0.624218225479, "min": -1.74992287159, "var": 2.35835766792}, "erbbands_skewness": {"dmean": 0.356032133102, "dmean2": 0.533302724361, "dvar": 0.0973187834024, "dvar2": 0.229650080204, "max": 3.92933893204, "mean": 0.0362495966256, "median": -0.00436672009528, "min": -1.90853977203, "var": 0.408539235592}, "erbbands_spread": {"dmean": 11.8812656403, "dmean2": 18.5728664398, "dvar": 145.109588623, "dvar2": 345.294128418, "max": 127.12953186, "mean": 51.7266197205, "median": 50.7348937988, "min": 3.59774136543, "var": 424.892456055}, "hfc": {"dmean": 15.1389570236, "dmean2": 22.7344360352, "dvar": 377.086700439, "dvar2": 808.854736328, "max": 142.721603394, "mean": 33.757938385, "median": 26.8968410492, "min": 1.13599007534e-07, "var": 717.356872559}, "melbands_crest": {"dmean": 3.7087829113, "dmean2": 5.89672899246, "dvar": 10.9889955521, "dvar2": 24.4573078156, "max": 31.9332904816, "mean": 14.2201728821, "median": 13.6183242798, "min": 2.44251418114, "var": 33.6205482483}, "melbands_flatness_db": {"dmean": 0.0370858795941, "dmean2": 0.0568813160062, "dvar": 0.00137118878774, "dvar2": 0.0029355220031, "max": 0.46030369401, "mean": 0.169471159577, "median": 0.154911860824, "min": 0.00720266997814, "var": 0.00650013331324}, "melbands_kurtosis": {"dmean": 14.6910228729, "dmean2": 24.8601055145, "dvar": 718.311401367, "dvar2": 1900.24206543, "max": 350.967132568, "mean": 21.0443229675, "median": 8.59851074219, "min": -1.69146740437, "var": 1134.11157227}, "melbands_skewness": {"dmean": 1.17569518089, "dmean2": 1.90763497353, "dvar": 2.04141664505, "dvar2": 4.93526601791, "max": 15.2277727127, "mean": 3.30211305618, "median": 2.68320655823, "min": -1.5632199049, "var": 5.58768415451}, "melbands_spread": {"dmean": 12.3520126343, "dmean2": 19.4007949829, "dvar": 215.969894409, "dvar2": 519.886474609, "max": 142.48236084, "mean": 31.1674900055, "median": 26.5497779846, "min": 0.987452745438, "var": 537.034423828}, "pitch_salience": {"dmean": 0.0795736685395, "dmean2": 0.131245791912, "dvar": 0.00513471197337, "dvar2": 0.0145224491134, "max": 0.845329582691, "mean": 0.561041593552, "median": 0.568776488304, "min": 0.201278343797, "var": 0.00937084574252}, "silence_rate_20dB": {"dmean": 0, "dmean2": 0, "dvar": 0, "dvar2": 0, "max": 1, "mean": 1, "median": 1, "min": 1, "var": 0}, "silence_rate_30dB": {"dmean": 0.0121839782223, "dmean2": 0.0243753809482, "dvar": 0.0120358252898, "dvar2": 0.035969786346, "max": 1, "mean": 0.99390989542, "median": 1, "min": 0, "var": 0.00605281116441}, "silence_rate_60dB": {"dmean": 0.00670118816197, "dmean2": 0.0131017668173, "dvar": 0.00665625045076, "dvar2": 0.0171958114952, "max": 1, "mean": 0.0654689371586, "median": 0, "min": 0, "var": 0.0611826963723}, "spectral_centroid": {"dmean": 388.389648438, "dmean2": 577.153503418, "dvar": 144386.625, "dvar2": 323351.53125, "max": 4051.34741211, "mean": 1814.25048828, "median": 1823.29309082, "min": 250.791244507, "var": 534814}, "spectral_complexity": {"dmean": 5.35607671738, "dmean2": 8.11486911774, "dvar": 35.7025375366, "dvar2": 74.4939422607, "max": 60, "mean": 23.9619369507, "median": 24, "min": 0, "var": 149.728240967}, "spectral_decrease": {"dmean": 5.79254910704e-09, "dmean2": 1.06405906308e-08, "dvar": 1.02250323382e-16, "dvar2": 3.18595243605e-16, "max": -2.71292183258e-19, "mean": -8.78053363351e-09, "median": -7.03879976527e-09, "min": -6.83089425024e-08, "var": 7.52896749521e-17}, "spectral_energy": {"dmean": 0.0227442514151, "dmean2": 0.0414415560663, "dvar": 0.00151435018051, "dvar2": 0.00471523497254, "max": 0.264417439699, "mean": 0.0362016819417, "median": 0.029629053548, "min": 1.13276853175e-11, "var": 0.00112799520139}, "spectral_energyband_high": {"dmean": 0.00144746608566, "dmean2": 0.00211033993401, "dvar": 4.06404342357e-06, "dvar2": 8.33002832223e-06, "max": 0.0148852402344, "mean": 0.00240809004754, "median": 0.0015061943559, "min": 8.94360020071e-12, "var": 6.65505376674e-06}, "spectral_energyband_low": {"dmean": 0.0177898854017, "dmean2": 0.0331575386226, "dvar": 0.00120481697377, "dvar2": 0.00377720897086, "max": 0.224904805422, "mean": 0.0183433350176, "median": 0.00857808068395, "min": 1.07244521965e-13, "var": 0.000886233930942}, "spectral_energyband_middle_high": {"dmean": 0.00208025053144, "dmean2": 0.00312366662547, "dvar": 8.77544880495e-06, "dvar2": 1.76090525201e-05, "max": 0.0376050584018, "mean": 0.00582439498976, "median": 0.0047983629629, "min": 1.60817171212e-12, "var": 2.78181796602e-05}, "spectral_energyband_middle_low": {"dmean": 0.00619069579989, "dmean2": 0.0103185484186, "dvar": 8.15882303868e-05, "dvar2": 0.00021610884869, "max": 0.07400932163, "mean": 0.0121448654681, "median": 0.00925066042691, "min": 3.90167553214e-13, "var": 0.000107385450974}, "spectral_entropy": {"dmean": 0.214409604669, "dmean2": 0.298487365246, "dvar": 0.0442257449031, "dvar2": 0.0847969800234, "max": 8.81136512756, "mean": 7.80622386932, "median": 7.91000843048, "min": 5.65537166595, "var": 0.247676223516}, "spectral_flux": {"dmean": 0.045368604362, "dmean2": 0.0746518522501, "dvar": 0.00394840724766, "dvar2": 0.00797374919057, "max": 0.46788546443, "mean": 0.110988631845, "median": 0.088022634387, "min": 2.15117015614e-05, "var": 0.00629096617922}, "spectral_kurtosis": {"dmean": 1.16171205044, "dmean2": 1.80518066883, "dvar": 2.99387764931, "dvar2": 7.10645675659, "max": 33.8567504883, "mean": 2.89405608177, "median": 2.37113904953, "min": -0.641215801239, "var": 4.67133331299}, "spectral_rms": {"dmean": 0.00155015988275, "dmean2": 0.00271364022046, "dvar": 4.68915277452e-06, "dvar2": 1.43309089253e-05, "max": 0.0160613898188, "mean": 0.00541201187298, "median": 0.00537646654993, "min": 1.05125643302e-07, "var": 6.02885756962e-06}, "spectral_rolloff": {"dmean": 1179.26818848, "dmean2": 1903.09973145, "dvar": 2399790.25, "dvar2": 5205182.5, "max": 16580.5664062, "mean": 2463.87597656, "median": 1614.99023438, "min": 86.1328125, "var": 5824623}, "spectral_skewness": {"dmean": 0.196260377765, "dmean2": 0.295375972986, "dvar": 0.0466022528708, "dvar2": 0.0944654345512, "max": 4.1631975174, "mean": 1.25845813751, "median": 1.22518754005, "min": 0.127609714866, "var": 0.126538589597}, "spectral_spread": {"dmean": 750876.6875, "dmean2": 1050711.5, "dvar": 669853155328, "dvar2": 1146704625660.0, "max": 11439209, "mean": 5674593.5, "median": 5658671.5, "min": 1766460.375, "var": 2545353752580.0}, "spectral_strongpeak": {"dmean": 0.582674443722, "dmean2": 0.992108523846, "dvar": 1.12448763847, "dvar2": 2.72993588448, "max": 12.4156913757, "mean": 0.833302974701, "median": 0.416026175022, "min": 4.73622167192e-05, "var": 1.48138475418}, "zerocrossingrate": {"dmean": 0.0201469939202, "dmean2": 0.0220401994884, "dvar": 0.000383457168937, "dvar2": 0.000464729906525, "max": 0.48779296875, "mean": 0.0923630669713, "median": 0.08251953125, "min": 0.00390625, "var": 0.00301781157032}, "barkbands": {"dmean": [0.000448414561106, 0.0112916361541, 0.00594150321558, 0.00272013642825, 0.00204442813993, 0.000926661072299, 0.000669089728035, 0.0006482329336, 0.000603201624472, 0.000797841756139, 0.000326742505422, 0.000405602884712, 0.000320484279655, 0.000497243716381, 0.000279963132925, 0.000201418777579, 0.000325781729771, 0.000288938957965, 0.000405580940424, 0.000256265455391, 0.000302691711113, 0.00027285979013, 0.000333351577865, 0.000297474151012, 0.00018645770615, 9.98318282655e-05, 2.51725177804e-05], "dmean2": [0.000646323547699, 0.0210536736995, 0.0109801935032, 0.00460996013135, 0.00344157544896, 0.00162308791187, 0.00112417619675, 0.00103601999581, 0.000930946727749, 0.00126618519425, 0.000534790451638, 0.000660401885398, 0.0004921889049, 0.000710465363227, 0.000455948786112, 0.000332348892698, 0.000532569363713, 0.000493050727528, 0.000634970201645, 0.000406151608331, 0.000458155962406, 0.000394851726014, 0.000503026007209, 0.0004542657407, 0.00027610026882, 0.000142685850733, 3.69274421246e-05], "dvar": [4.82323116557e-07, 0.000476440531202, 0.000183652955457, 2.18218428927e-05, 1.3084618331e-05, 4.75259912491e-06, 2.21083405449e-06, 1.93004643734e-06, 1.84916609669e-06, 2.79339565168e-06, 6.37336881937e-07, 4.47050155117e-07, 4.05670732562e-07, 1.31957472149e-06, 2.75639223446e-07, 1.38592071153e-07, 4.69788545843e-07, 2.4981463298e-07, 5.06188257532e-07, 1.47772354353e-07, 1.49468263544e-07, 1.38880452027e-07, 3.44290981502e-07, 2.13806771399e-07, 8.17580598778e-08, 2.38724329193e-08, 2.49992382351e-09], "dvar2": [1.10143753318e-06, 0.0015339453239, 0.000523905153386, 5.73419420107e-05, 3.50072150468e-05, 1.333207274e-05, 6.18860576651e-06, 5.13005124958e-06, 4.36238906332e-06, 7.1676463449e-06, 1.64053767548e-06, 1.09160271222e-06, 8.208124882e-07, 2.59701960204e-06, 6.719927228e-07, 3.70464874777e-07, 9.85553583632e-07, 6.78997650994e-07, 1.1222654166e-06, 3.45679865177e-07, 3.28920719994e-07, 2.71031183274e-07, 7.84896656114e-07, 4.76509313785e-07, 1.72005016452e-07, 4.90545275511e-08, 5.53706902551e-09], "max": [0.00576483039185, 0.144752979279, 0.0999951288104, 0.0299614593387, 0.03507072106, 0.033958081156, 0.0227802302688, 0.0201639160514, 0.0282605290413, 0.0373293273151, 0.0215976405889, 0.0171147752553, 0.0100935501978, 0.0170829221606, 0.00755166914314, 0.0079051470384, 0.0234277695417, 0.00432273931801, 0.00978960283101, 0.00477953674272, 0.00482400692999, 0.00306709087454, 0.00517464661971, 0.00518987793475, 0.00225592614152, 0.00150754826609, 0.000623013591394], "mean": [0.000766071432736, 0.010025780648, 0.00529262050986, 0.0040802131407, 0.00355815072544, 0.00113489141222, 0.000982413068414, 0.000955938186962, 0.000902451050933, 0.00109813641757, 0.000406891515013, 0.000591786054429, 0.000497450761031, 0.000789939716924, 0.0004387490917, 0.000320483493851, 0.000561813823879, 0.000439414405264, 0.000676528608892, 0.00044957298087, 0.000545098911971, 0.000425196747528, 0.000423030141974, 0.000392075366108, 0.000263260037173, 0.000145547513966, 3.82003927371e-05], "median": [0.000232343387324, 0.0026347595267, 0.00232935673557, 0.00203018891625, 0.00198968569748, 0.000598108978011, 0.000544729176909, 0.000396318384446, 0.000321646308294, 0.000560074695386, 0.000167010177393, 0.000329677888658, 0.000212926679524, 0.00027390953619, 0.000248283962719, 0.000200801558094, 0.000351539929397, 0.000292315962724, 0.000413321598899, 0.000270436576102, 0.000370413530618, 0.000217444379814, 0.000190817430848, 0.000190922699403, 0.000123238249216, 5.74494915782e-05, 1.29777708935e-05], "min": [3.41712877612e-14, 5.10379363555e-14, 5.17256424054e-15, 2.29825856154e-14, 3.91648824103e-14, 3.42895843826e-14, 7.71591364884e-15, 5.69299110891e-14, 1.27203206735e-13, 1.6037339642e-13, 4.75695329481e-14, 1.32425781495e-13, 8.66864699055e-14, 1.59450957212e-13, 1.18679222808e-13, 1.34171319888e-13, 1.85010969218e-13, 2.49073006144e-13, 2.52894547751e-13, 2.56246819553e-13, 6.05513577646e-13, 7.95362040118e-13, 5.63158894518e-13, 8.64274255462e-13, 1.96048515963e-12, 1.89664169786e-12, 2.1845780393e-12], "var": [1.18287016448e-06, 0.000363436818589, 0.000115684590128, 2.73016412393e-05, 1.98829202418e-05, 3.6315784655e-06, 2.12728832594e-06, 2.60797310148e-06, 3.08625521939e-06, 3.10875611831e-06, 7.36513186439e-07, 6.98853796166e-07, 7.84821963862e-07, 2.80653125628e-06, 4.25909348678e-07, 1.68639161302e-07, 7.97154598331e-07, 2.72282704827e-07, 9.37627930853e-07, 2.69584035095e-07, 3.03908478827e-07, 2.65893504547e-07, 3.94138425008e-07, 2.77408474858e-07, 1.2167581076e-07, 4.37306724166e-08, 4.75125183641e-09]}, "erbbands": {"dmean": [0.307194918394, 2.67934250832, 7.03363323212, 8.37641239166, 7.83205842972, 6.262758255, 7.17350912094, 7.81081342697, 9.38778591156, 11.4124670029, 14.0164384842, 11.9713478088, 25.7549877167, 16.5340442657, 12.3785219193, 16.7939319611, 13.0197467804, 26.429599762, 15.0835638046, 13.0667800903, 13.9331235886, 14.4960842133, 16.1554756165, 13.6941251755, 23.0613098145, 12.2674713135, 12.0208625793, 11.1672468185, 10.7056074142, 9.41320323944, 9.56602478027, 6.29252195358, 5.01153659821, 2.31613397598, 1.31078839302, 0.537013173103, 0.170674711466, 0.0322323404253, 0.0042851199396, 0.000279842905002], "dmean2": [0.528503775597, 5.12941026688, 13.1527748108, 14.7585411072, 12.5686502457, 10.9861545563, 12.3690748215, 13.838850975, 16.1972923279, 19.0511341095, 21.672958374, 18.613658905, 40.3215293884, 26.721414566, 20.3544120789, 27.3123683929, 19.4635753632, 37.546131134, 23.6229724884, 21.3311271667, 22.8544120789, 23.383266449, 27.7768058777, 22.5077342987, 35.2186813354, 19.2137145996, 18.6500892639, 16.8814945221, 15.6274700165, 13.6319437027, 14.5172700882, 9.32087135315, 7.84878635406, 3.5240213871, 1.9246827364, 0.774962604046, 0.248092100024, 0.047104768455, 0.00630100211129, 0.000414874812122], "dvar": [0.333038836718, 30.1676578522, 262.612213135, 234.960632324, 131.326095581, 181.440048218, 233.121841431, 394.942016602, 541.383728027, 615.251342773, 822.82598877, 785.251831055, 2593.92895508, 1211.39013672, 585.76159668, 727.438293457, 645.266418457, 4143.01855469, 1081.17736816, 631.87286377, 931.20300293, 583.852294922, 804.657104492, 404.326599121, 2245.91894531, 319.680236816, 261.856292725, 227.620910645, 222.353347778, 199.483459473, 287.645874023, 107.851661682, 65.3758010864, 11.2507286072, 5.10161352158, 0.723553717136, 0.0711874738336, 0.0028228033334, 6.63586470182e-05, 3.83348037758e-07], "dvar2": [0.985245347023, 95.2454452515, 764.803649902, 643.163818359, 317.441619873, 513.434814453, 625.43951416, 1120.75476074, 1524.46972656, 1693.99035645, 2068.25756836, 1883.04138184, 6544.47119141, 3083.40869141, 1502.58349609, 1765.2923584, 1288.88146973, 7660.24853516, 2352.82568359, 1563.31896973, 2259.8269043, 1281.2388916, 2219.38549805, 1055.1463623, 4767.81396484, 752.665527344, 598.193481445, 498.449951172, 458.61630249, 424.573974609, 671.073608398, 231.974822998, 155.52192688, 24.3039016724, 11.0889883041, 1.49767971039, 0.148727923632, 0.00590080209076, 0.000148123523104, 8.3651065097e-07], "max": [3.51487731934, 37.4384765625, 111.98500824, 103.806510925, 93.5107192993, 137.567077637, 177.203552246, 322.81338501, 442.178344727, 279.933166504, 549.417663574, 538.240539551, 1050.89660645, 517.474853516, 585.020263672, 467.239318848, 525.996398926, 1025.57104492, 544.019226074, 464.090911865, 887.62109375, 564.007568359, 241.58782959, 234.678375244, 691.842712402, 235.126113892, 232.612045288, 139.810348511, 133.05255127, 137.24067688, 155.344299316, 160.727630615, 60.7255249023, 23.0014095306, 23.6010341644, 7.04777479172, 2.88256502151, 0.676282465458, 0.106631226838, 0.00976421963423], "mean": [0.317112565041, 2.12034296989, 5.97252845764, 10.9316110611, 14.7732114792, 8.84610462189, 8.81837177277, 9.06919765472, 12.6432504654, 16.8684101105, 22.2391662598, 18.1535835266, 39.5401573181, 23.3565158844, 17.870880127, 25.4909572601, 22.4826412201, 44.0316963196, 24.8108005524, 21.6288108826, 23.79920578, 26.4073963165, 24.644826889, 24.7423286438, 38.7414894104, 22.5383758545, 21.9072628021, 18.7280635834, 16.099653244, 13.213265419, 12.0836954117, 8.79378509521, 6.00426673889, 3.19013786316, 1.78971385956, 0.772594928741, 0.244408279657, 0.0494617596269, 0.00641185138375, 0.00042556237895], "median": [0.0589187964797, 0.623938798904, 2.47759199142, 5.73587417603, 8.22432422638, 4.69781494141, 3.46020483971, 4.52940177917, 6.76264095306, 8.1320400238, 9.19966411591, 8.12828063965, 20.0571842194, 13.3428201675, 10.6383552551, 14.8921775818, 10.5743589401, 15.0260801315, 12.1316261292, 13.8058509827, 15.4220981598, 17.3250617981, 16.7424697876, 18.2026844025, 21.3413124084, 14.1399879456, 14.9083147049, 11.7574663162, 8.05540275574, 6.51807975769, 5.57441425323, 4.27858781815, 2.61889767647, 1.60085511208, 0.756372153759, 0.301683306694, 0.0942636206746, 0.0182666406035, 0.00223185447976, 0.000156911031809], "min": [2.94042351232e-12, 6.41912564769e-12, 5.35735822024e-12, 5.00262123393e-11, 6.9634069344e-11, 1.93285026873e-10, 1.66842095695e-10, 3.30428046036e-10, 1.51689480421e-10, 3.90837917585e-10, 1.34127697837e-09, 2.43102804554e-09, 6.36882324656e-09, 3.01986435858e-09, 2.99199287568e-09, 5.31816191085e-09, 4.25113633185e-09, 6.03674932265e-09, 7.18167969538e-09, 5.93554760897e-09, 8.41800584794e-09, 1.20113918811e-08, 1.38926425919e-08, 1.10089333205e-08, 1.37033469017e-08, 1.15470601969e-08, 1.75814083292e-08, 2.94692217295e-08, 2.80117475882e-08, 2.91287243215e-08, 1.16435607822e-08, 1.46131764467e-08, 1.60760080803e-08, 2.10547010937e-08, 1.34102080551e-08, 7.01728630759e-09, 3.96616606224e-09, 1.61780833174e-09, 3.36684069513e-10, 2.41262253231e-11], "var": [0.350378364325, 19.7830848694, 159.771453857, 220.98638916, 309.268798828, 169.341598511, 234.305480957, 286.684936523, 454.271118164, 629.950195312, 1466.48535156, 1221.33203125, 3548.6784668, 1361.59802246, 727.531494141, 1206.29370117, 1399.25744629, 9303.37695312, 1784.03894043, 904.698547363, 1249.88110352, 1132.7286377, 809.61907959, 595.323791504, 4282.07324219, 607.685241699, 522.296386719, 394.814056396, 390.143615723, 298.446289062, 320.463165283, 147.946578979, 72.3136749268, 16.0680961609, 6.9497423172, 1.21920287609, 0.128478422761, 0.00579987419769, 0.000129254185595, 6.5634958446e-07]}, "gfcc": {"mean": [18.9953155518, 50.5470695496, -110.637069702, 32.155166626, -55.7465324402, 14.7619390488, -28.2662563324, 11.1917200089, -22.0148334503, 3.12150883675, -14.9253387451, -1.28738820553, -11.8454618454], "cov": [[22457.171875, 863.639404297, 3097.67236328, 2498.14428711, 1299.27429199, 1038.56030273, -391.983642578, 78.5154953003, -479.620727539, -309.213470459, -791.223266602, -225.201660156, -470.987854004], [863.639404297, 2204.48535156, 179.3956604, 834.220581055, 650.861877441, 14.1371717453, 133.619003296, -189.597930908, -90.1941757202, -247.968780518, -75.0577468872, -331.96975708, 13.7315587997], [3097.67236328, 179.3956604, 1619.2265625, 820.596313477, 610.579589844, 403.072723389, -53.9405822754, 43.9856185913, -106.976699829, -170.360366821, -299.322265625, -52.4446334839, -181.644393921], [2498.14428711, 834.220581055, 820.596313477, 1081.88037109, 635.750061035, 274.168243408, 29.7621116638, -50.9739532471, -78.7394332886, -153.866699219, -148.042068481, -148.010345459, -52.4589920044], [1299.27429199, 650.861877441, 610.579589844, 635.750061035, 632.109863281, 187.088867188, 58.4689826965, -43.8843460083, -60.8344650269, -102.359321594, -97.5134506226, -126.694564819, -52.1555595398], [1038.56030273, 14.1371717453, 403.072723389, 274.168243408, 187.088867188, 255.248184204, 36.3657531738, 47.9647712708, -10.7302904129, -15.8904342651, -65.3354949951, 5.29883861542, -49.1567153931], [-391.983642578, 133.619003296, -53.9405822754, 29.7621116638, 58.4689826965, 36.3657531738, 155.804138184, 34.3512077332, 50.9133834839, 7.64665746689, 28.9236526489, -27.6958618164, 12.90599823], [78.5154953003, -189.597930908, 43.9856185913, -50.9739532471, -43.8843460083, 47.9647712708, 34.3512077332, 115.579528809, 50.1879920959, 34.4911460876, -0.770202100277, 40.6807365417, -5.89635419846], [-479.620727539, -90.1941757202, -106.976699829, -78.7394332886, -60.8344650269, -10.7302904129, 50.9133834839, 50.1879920959, 123.842010498, 65.9353485107, 55.9080734253, 24.1555709839, 22.2224559784], [-309.213470459, -247.968780518, -170.360366821, -153.866699219, -102.359321594, -15.8904342651, 7.64665746689, 34.4911460876, 65.9353485107, 155.430801392, 86.8485641479, 53.4240646362, 16.7902145386], [-791.223266602, -75.0577468872, -299.322265625, -148.042068481, -97.5134506226, -65.3354949951, 28.9236526489, -0.770202100277, 55.9080734253, 86.8485641479, 139.748672485, 49.2648010254, 51.3410453796], [-225.201660156, -331.96975708, -52.4446334839, -148.010345459, -126.694564819, 5.29883861542, -27.6958618164, 40.6807365417, 24.1555709839, 53.4240646362, 49.2648010254, 129.437835693, 30.3801956177], [-470.987854004, 13.7315587997, -181.644393921, -52.4589920044, -52.1555595398, -49.1567153931, 12.90599823, -5.89635419846, 22.2224559784, 16.7902145386, 51.3410453796, 30.3801956177, 84.3313293457]], "icov": [[8.18845874164e-05, -2.04897442018e-05, -9.92805507849e-06, -0.00017315473815, 6.13304946455e-05, -9.13382609724e-05, 0.00017654907424, -0.000151915708557, 0.000182274525287, -0.000200791590032, 0.000219240813749, -3.23067397403e-05, 0.00014872085012], [-2.04897442018e-05, 0.00127889565192, 0.000292364304187, -0.000544291746337, -0.00064419634873, 0.000308107759338, -0.000422233424615, 0.000576691760216, -0.000157012342243, 0.00118615210522, -0.00068323535379, 0.00175613467582, -0.000556871236768], [-9.92805507849e-06, 0.000292364304187, 0.00267047109082, -0.000872588308994, -0.00159585662186, -0.000781743146945, 0.000649347435683, -0.000186271849088, -0.000819282722659, 0.000491517304908, 0.00319716706872, -0.00238894973882, 0.00258332840167], [-0.00017315473815, -0.000544291746337, -0.000872588308994, 0.00377813051455, -0.00151652295608, -0.00179768085945, 0.000766828306951, 0.00048782734666, -0.00066149054328, 0.000881249259692, -0.00119288754649, 0.00163234071806, -0.00233970349655], [6.13304946455e-05, -0.00064419634873, -0.00159585662186, -0.00151652295608, 0.00565182184801, -0.000683213642333, -0.0013457176974, 0.000596046564169, 0.00135375629179, -0.000856474332977, -0.00165276741609, 0.00200353795663, -0.000490288599394], [-9.13382609724e-05, 0.000308107759338, -0.000781743146945, -0.00179768085945, -0.000683213642333, 0.00979355443269, -0.00365542364307, -0.00153323041741, 0.000995318638161, -0.00172554689925, 0.00201821699739, -0.00397734250873, 0.00266137369908], [0.00017654907424, -0.000422233424615, 0.000649347435683, 0.000766828306951, -0.0013457176974, -0.00365542364307, 0.0119414636865, -0.00419410178438, -0.00293842772953, 0.0019249652978, -0.00322406366467, 0.00437363376841, -0.00137505831663], [-0.000151915708557, 0.000576691760216, -0.000186271849088, 0.00048782734666, 0.000596046564169, -0.00153323041741, -0.00419410178438, 0.0161973647773, -0.00539410114288, -0.000983066740446, 0.00411840947345, -0.00397625379264, 0.000751457351726], [0.000182274525287, -0.000157012342243, -0.000819282722659, -0.00066149054328, 0.00135375629179, 0.000995318638161, -0.00293842772953, -0.00539410114288, 0.0152845354751, -0.00434062071145, -0.00290910666808, 0.0016017134767, -0.00161206466146], [-0.000200791590032, 0.00118615210522, 0.000491517304908, 0.000881249259692, -0.000856474332977, -0.00172554689925, 0.0019249652978, -0.000983066740446, -0.00434062071145, 0.014823329635, -0.00887936539948, 0.00159127044026, 0.00141851929948], [0.000219240813749, -0.00068323535379, 0.00319716706872, -0.00119288754649, -0.00165276741609, 0.00201821699739, -0.00322406366467, 0.00411840947345, -0.00290910666808, -0.00887936539948, 0.024461934343, -0.0101605029777, -0.000281943008304], [-3.23067397403e-05, 0.00175613467582, -0.00238894973882, 0.00163234071806, 0.00200353795663, -0.00397734250873, 0.00437363376841, -0.00397625379264, 0.0016017134767, 0.00159127044026, -0.0101605029777, 0.0224689040333, -0.00927079562098], [0.00014872085012, -0.000556871236768, 0.00258332840167, -0.00233970349655, -0.000490288599394, 0.00266137369908, -0.00137505831663, 0.000751457351726, -0.00161206466146, 0.00141851929948, -0.000281943008304, -0.00927079562098, 0.0220530405641]]}, "melbands": {"dmean": [0.00284845544957, 0.00369147071615, 0.00141008174978, 0.000498250999954, 0.000250612414675, 0.000177102716407, 0.000140322008519, 0.000125119375298, 0.00010874200234, 8.26832038001e-05, 0.000131658875034, 7.16040158295e-05, 4.78926485812e-05, 4.63103351649e-05, 3.5158751416e-05, 3.72760769096e-05, 5.04501258547e-05, 2.60718607024e-05, 1.6341871742e-05, 1.60467243404e-05, 1.91070976143e-05, 1.63079621416e-05, 1.85890257853e-05, 1.34449774123e-05, 1.14766726256e-05, 1.78120262717e-05, 1.30077378344e-05, 7.68316567701e-06, 7.17216653356e-06, 8.71569864103e-06, 6.38550636722e-06, 6.20540595264e-06, 5.26906160303e-06, 5.61684146305e-06, 5.60584112463e-06, 4.93976904181e-06, 3.71844544134e-06, 3.86734564017e-06, 2.78991956293e-06, 1.7484945829e-06], "dmean2": [0.00515428418294, 0.00699003366753, 0.00244358391501, 0.000834387785289, 0.000435364898294, 0.000311986193992, 0.000240231587668, 0.000209308767808, 0.00016833304835, 0.00012841251737, 0.000206272758078, 0.000115519600513, 7.8197736002e-05, 7.56108493079e-05, 5.67231072637e-05, 5.33689490112e-05, 7.17445582268e-05, 4.15288268414e-05, 2.65368653345e-05, 2.61328950728e-05, 3.1544965168e-05, 2.61481764028e-05, 3.17165322485e-05, 2.28852059081e-05, 1.89290549315e-05, 2.77743401966e-05, 1.97296030819e-05, 1.23743084259e-05, 1.14018466775e-05, 1.35072850753e-05, 9.72565612756e-06, 9.10458766157e-06, 7.75898388383e-06, 8.3406421254e-06, 8.53365054354e-06, 7.58723172112e-06, 5.53611562282e-06, 6.15484032096e-06, 4.41319843958e-06, 2.6544762477e-06], "dvar": [2.87640395982e-05, 6.69404616929e-05, 6.36746653981e-06, 6.89130843057e-07, 2.88011023031e-07, 1.92694486145e-07, 1.12699332533e-07, 7.76654118795e-08, 4.91127813973e-08, 3.69953809809e-08, 6.91972630307e-08, 2.49577194467e-08, 1.18484360101e-08, 6.36320907077e-09, 3.40348460526e-09, 6.86180490206e-09, 1.44206984132e-08, 3.7040825962e-09, 8.65636839986e-10, 6.89624912731e-10, 2.16678630593e-09, 9.83094605722e-10, 1.0576658438e-09, 5.63389557229e-10, 3.06189601451e-10, 1.32012933918e-09, 6.01484251295e-10, 1.21036652923e-10, 1.17895887497e-10, 1.38235589642e-10, 8.72871358526e-11, 8.23394963323e-11, 5.26095937647e-11, 8.31941598944e-11, 9.53941509119e-11, 8.00984972793e-11, 3.52701826078e-11, 4.18337205155e-11, 1.86006574726e-11, 6.55543588163e-12], "dvar2": [9.10078451852e-05, 0.000200878683245, 1.72517484316e-05, 1.82669873539e-06, 7.79401943873e-07, 5.43408077647e-07, 3.17472057532e-07, 2.14546986399e-07, 1.22935787772e-07, 9.02178314277e-08, 1.74725087732e-07, 6.3673390116e-08, 3.05147302981e-08, 1.55737378549e-08, 8.15902634344e-09, 1.24257750755e-08, 2.69773554606e-08, 7.92361287694e-09, 2.11970263564e-09, 1.67091851466e-09, 4.89491114308e-09, 2.06025108085e-09, 2.79143708148e-09, 1.50269507948e-09, 7.94186882924e-10, 2.96866931038e-09, 1.24243215716e-09, 2.99018282357e-10, 2.80175466161e-10, 3.04907765702e-10, 1.94034593948e-10, 1.69613420531e-10, 1.10615225313e-10, 1.84468856856e-10, 2.23028345792e-10, 1.89552179508e-10, 7.41241373836e-11, 1.01898031679e-10, 4.44075644312e-11, 1.4354508901e-11], "max": [0.032547056675, 0.0525854341686, 0.0168801620603, 0.00733996136114, 0.00643608858809, 0.00690224440768, 0.0062204413116, 0.00373292481527, 0.00401592394337, 0.00345819699578, 0.00556103512645, 0.00244575622492, 0.0029800448101, 0.00231629656628, 0.000976967508905, 0.00149754411541, 0.0019993125461, 0.0011778648477, 0.000470666127512, 0.000354869785951, 0.00157987244893, 0.000943382037804, 0.000400109420298, 0.000342344923411, 0.000205264586839, 0.000453328480944, 0.000316015532007, 0.000131625609356, 0.000166883517522, 0.000155648769578, 0.000104559323518, 0.000110596411105, 6.20400023763e-05, 0.000109588829218, 9.26376596908e-05, 9.66592197074e-05, 7.91079219198e-05, 5.24212373421e-05, 2.91458218271e-05, 1.8796792574e-05], "mean": [0.00278100604191, 0.00307387206703, 0.00204310193658, 0.000860659114551, 0.000310533010634, 0.000210284153582, 0.00019692859496, 0.000184114440344, 0.000169117047335, 0.000123637029901, 0.000200312249945, 9.61113910307e-05, 6.23092491878e-05, 6.62870006636e-05, 5.21947913512e-05, 5.98322330916e-05, 8.23435839266e-05, 3.97812873416e-05, 2.69409083558e-05, 2.59695698333e-05, 3.01917916659e-05, 2.87206676148e-05, 2.52088502748e-05, 2.11451715586e-05, 1.85711996892e-05, 2.81087541225e-05, 2.29391916946e-05, 1.26619625007e-05, 1.20344848256e-05, 1.50430651047e-05, 9.63519141806e-06, 9.20043385122e-06, 7.59484464652e-06, 7.35731509849e-06, 6.9681759669e-06, 6.23558571533e-06, 5.10258087161e-06, 4.32922206528e-06, 3.5202701838e-06, 2.39665064328e-06], "median": [0.000633622228634, 0.0012023258023, 0.00119788991287, 0.000481157680042, 0.000129896856379, 0.000106925755972, 0.000110828623292, 9.11950482987e-05, 6.70432054903e-05, 5.01363465446e-05, 0.000100351404399, 4.87136894662e-05, 3.08914131892e-05, 3.69444096577e-05, 2.74756439467e-05, 2.35767856793e-05, 2.71036660706e-05, 1.76540634129e-05, 1.6281283024e-05, 1.6864752979e-05, 1.85242606676e-05, 1.78359241545e-05, 1.43772085721e-05, 1.32478398882e-05, 1.23297904793e-05, 1.50694504555e-05, 1.14848990052e-05, 7.9549572547e-06, 7.77169407229e-06, 9.53842027229e-06, 5.394292657e-06, 4.50182096756e-06, 3.76762341148e-06, 3.35135314344e-06, 3.16685873258e-06, 2.87252873932e-06, 2.37256335822e-06, 1.70846760739e-06, 1.63269328368e-06, 1.18763887258e-06], "min": [2.38595645655e-14, 4.51001549271e-15, 8.72576072812e-15, 9.41761723943e-15, 6.97452392132e-15, 7.1080573949e-15, 1.93394393111e-15, 6.89505994889e-15, 1.04664185169e-14, 1.79724822942e-14, 3.11830639435e-14, 1.16967270965e-14, 8.32542669922e-15, 1.40945045755e-14, 1.01865689955e-14, 9.51602468021e-15, 1.22270603541e-14, 1.29371644962e-14, 9.85891208759e-15, 6.26460739701e-15, 1.11667165586e-14, 9.85437453209e-15, 1.76273909071e-14, 8.90842338319e-15, 8.6553646669e-15, 1.08525859198e-14, 9.78612654643e-15, 6.50150218357e-15, 1.25339581785e-14, 8.4959496781e-15, 2.09608721303e-14, 1.65746610908e-14, 1.51880190282e-14, 1.55796904512e-14, 5.8796825915e-15, 5.89005196884e-15, 1.04384096785e-14, 1.26096642893e-14, 9.95408132141e-15, 2.14212667244e-14], "var": [2.58198160736e-05, 4.12498520745e-05, 6.60628438709e-06, 1.110899575e-06, 2.79838673123e-07, 1.43217107507e-07, 9.81576491199e-08, 7.54489590804e-08, 8.77940351529e-08, 5.56782318029e-08, 9.26423027181e-08, 2.74469336148e-08, 1.39280640354e-08, 9.63226298722e-09, 5.66830937743e-09, 1.44979264149e-08, 3.30835803197e-08, 5.84519765923e-09, 1.41467981774e-09, 1.05487252267e-09, 2.98514790664e-09, 1.81638037944e-09, 1.29427701889e-09, 7.22925885821e-10, 4.22820251034e-10, 2.28292629245e-09, 1.24568977355e-09, 1.90640447872e-10, 1.98198915613e-10, 2.82928569462e-10, 1.33994107476e-10, 1.4549113303e-10, 8.7735964327e-11, 1.08382663955e-10, 1.07155749551e-10, 8.90751500338e-11, 5.01843011591e-11, 4.31975011317e-11, 2.12269316707e-11, 9.49290299146e-12]}, "mfcc": {"mean": [-621.002990723, 85.9330596924, 3.97342395782, 21.3173675537, 0.830705821514, 6.14293384552, 5.22382068634, 6.26103115082, 2.5140376091, 4.98102045059, 0.877524614334, 2.20249080658, -1.4235419035], "cov": [[13027.4619141, 615.83984375, 1138.29406738, 1068.39599609, 898.716247559, 645.646179199, 149.397674561, 154.307525635, 28.5918827057, -17.9356708527, -136.785949707, -171.217895508, -229.901977539], [615.83984375, 1414.65637207, -35.5521507263, 553.467407227, 316.335998535, 220.352706909, 200.694976807, 7.65175104141, 21.9740276337, 21.6552829742, -61.6273880005, -80.3891067505, -112.280197144], [1138.29406738, -35.5521507263, 754.17980957, 303.11416626, 357.905334473, 229.709671021, 43.894657135, 156.194564819, 58.9093208313, -43.4784011841, -28.3311500549, -68.1523284912, -52.3702087402], [1068.39599609, 553.467407227, 303.11416626, 734.829284668, 484.117431641, 322.117462158, 176.880554199, 63.7479896545, 43.1839370728, -0.076878093183, -40.4443473816, -77.3577270508, -107.546806335], [898.716247559, 316.335998535, 357.905334473, 484.117431641, 506.041870117, 291.678833008, 135.056671143, 77.9031829834, 29.0583705902, -16.4558238983, -35.5763168335, -71.2359085083, -79.4576416016], [645.646179199, 220.352706909, 229.709671021, 322.117462158, 291.678833008, 289.267242432, 127.219703674, 61.0584373474, 26.7021942139, 9.86780452728, -3.11754989624, -28.8816814423, -38.673828125], [149.397674561, 200.694976807, 43.894657135, 176.880554199, 135.056671143, 127.219703674, 149.957168579, 42.8429794312, 21.636888504, 10.8801736832, -5.73644590378, -12.6118965149, -24.3447723389], [154.307525635, 7.65175104141, 156.194564819, 63.7479896545, 77.9031829834, 61.0584373474, 42.8429794312, 137.600662231, 55.3159790039, -14.1912870407, -7.42911148071, -13.0756111145, 3.48103475571], [28.5918827057, 21.9740276337, 58.9093208313, 43.1839370728, 29.0583705902, 26.7021942139, 21.636888504, 55.3159790039, 88.9658203125, 27.288898468, 10.5788459778, 8.22186756134, 7.67658519745], [-17.9356708527, 21.6552829742, -43.4784011841, -0.076878093183, -16.4558238983, 9.86780452728, 10.8801736832, -14.1912870407, 27.288898468, 84.9558410645, 39.0647735596, 16.2316856384, -1.28853201866], [-136.785949707, -61.6273880005, -28.3311500549, -40.4443473816, -35.5763168335, -3.11754989624, -5.73644590378, -7.42911148071, 10.5788459778, 39.0647735596, 84.7865447998, 52.5486831665, 19.9435272217], [-171.217895508, -80.3891067505, -68.1523284912, -77.3577270508, -71.2359085083, -28.8816814423, -12.6118965149, -13.0756111145, 8.22186756134, 16.2316856384, 52.5486831665, 91.5524978638, 55.5915031433], [-229.901977539, -112.280197144, -52.3702087402, -107.546806335, -79.4576416016, -38.673828125, -24.3447723389, 3.48103475571, 7.67658519745, -1.28853201866, 19.9435272217, 55.5915031433, 95.6843032837]], "icov": [[9.79153846856e-05, -1.12155466923e-05, -0.000110264016257, -7.142333925e-05, 1.19830019685e-05, -0.000112597706902, 0.00012966695067, -9.54123152042e-06, 0.000103562175354, -0.000131199005409, 0.000201188289793, -0.000149744359078, 0.000114243288408], [-1.12155466923e-05, 0.00121122912969, 0.00049895682605, -0.00084834016161, -1.18592060971e-05, 3.25265973515e-05, -0.000658664328512, 3.35788827215e-05, -0.000128951869556, -0.000185240307474, 0.000504823983647, 0.000143773970194, 0.000367532629753], [-0.000110264016257, 0.00049895682605, 0.00318814604543, -6.8955727329e-05, -0.00151384714991, -0.00119508965872, 0.00175230007153, -0.00219718669541, -0.00075734348502, 0.0010903988732, -0.000569831288885, 0.000824560062028, 0.000488775142003], [-7.142333925e-05, -0.00084834016161, -6.8955727329e-05, 0.00512712681666, -0.00307828653604, -0.0013034758158, -0.000819091452286, 0.000995373004116, -0.00150172261056, 0.000468896207167, 0.000234775056015, -0.000389318680391, 0.00153427722398], [1.19830019685e-05, -1.18592060971e-05, -0.00151384714991, -0.00307828653604, 0.00836200546473, -0.0035616979003, -0.000433007488027, 0.00014800846111, 0.000401316618081, 0.000949629873503, 0.000139854557347, 0.00107535230927, 0.000441873125965], [-0.000112597706902, 3.25265973515e-05, -0.00119508965872, -0.0013034758158, -0.0035616979003, 0.0116519974545, -0.00504883890972, -0.000278705527307, 0.00141932570841, -0.00185462611262, -0.001664800453, 0.000254407845205, -0.00181379553396], [0.00012966695067, -0.000658664328512, 0.00175230007153, -0.000819091452286, -0.000433007488027, -0.00504883890972, 0.0138825969771, -0.00397995999083, 0.000361028854968, -0.00126497016754, 0.00153959647287, -0.00200343830511, 0.0016508505214], [-9.54123152042e-06, 3.35788827215e-05, -0.00219718669541, 0.000995373004116, 0.00014800846111, -0.000278705527307, -0.00397995999083, 0.0148054026067, -0.00860251765698, 0.00482865702361, -0.0017028193688, 0.00310083758086, -0.00229973928072], [0.000103562175354, -0.000128951869556, -0.00075734348502, -0.00150172261056, 0.000401316618081, 0.00141932570841, 0.000361028854968, -0.00860251765698, 0.0199833512306, -0.00882657524198, 0.00232431432232, -0.00305022438988, -0.00112755934242], [-0.000131199005409, -0.000185240307474, 0.0010903988732, 0.000468896207167, 0.000949629873503, -0.00185462611262, -0.00126497016754, 0.00482865702361, -0.00882657524198, 0.0204331520945, -0.00995856150985, 0.00373447476886, 0.00102197739761], [0.000201188289793, 0.000504823983647, -0.000569831288885, 0.000234775056015, 0.000139854557347, -0.001664800453, 0.00153959647287, -0.0017028193688, 0.00232431432232, -0.00995856150985, 0.02515164949, -0.0153223350644, 0.00426385225728], [-0.000149744359078, 0.000143773970194, 0.000824560062028, -0.000389318680391, 0.00107535230927, 0.000254407845205, -0.00200343830511, 0.00310083758086, -0.00305022438988, 0.00373447476886, -0.0153223350644, 0.0282852593809, -0.0127488626167], [0.000114243288408, 0.000367532629753, 0.000488775142003, 0.00153427722398, 0.000441873125965, -0.00181379553396, 0.0016508505214, -0.00229973928072, -0.00112755934242, 0.00102197739761, 0.00426385225728, -0.0127488626167, 0.0199087914079]]}, "spectral_contrast_coeffs": {"dmean": [0.0581740662456, 0.0454314015806, 0.0454795099795, 0.0369705967605, 0.0277344323695, 0.020967733115], "dmean2": [0.0949473083019, 0.0743616074324, 0.0732345506549, 0.0573192276061, 0.0432915650308, 0.0325184762478], "dvar": [0.0023419004865, 0.00144766550511, 0.00152421498206, 0.00105803168844, 0.000643137842417, 0.000443614699179], "dvar2": [0.0059863734059, 0.00370335974731, 0.00361851649359, 0.00223022513092, 0.00137879466638, 0.000934084237088], "max": [-0.393320351839, -0.501210331917, -0.430646777153, -0.483746081591, -0.512284696102, -0.548271000385], "mean": [-0.664273202419, -0.743105769157, -0.735130369663, -0.763399362564, -0.767110943794, -0.751075267792], "median": [-0.663372159004, -0.747628331184, -0.739319801331, -0.774288475513, -0.774262428284, -0.754144251347], "min": [-0.967295706272, -0.95339089632, -0.948622405529, -0.946604728699, -0.938490569592, -0.912098050117], "var": [0.00915527995676, 0.0046503781341, 0.00534064183012, 0.00394641654566, 0.00275587756187, 0.00207806751132]}, "spectral_contrast_valleys": {"dmean": [0.540725111961, 0.450494498014, 0.432510584593, 0.375589758158, 0.376642644405, 0.510431885719], "dmean2": [0.911627173424, 0.723703503609, 0.682496964931, 0.588693261147, 0.559059023857, 0.68140566349], "dvar": [0.326236486435, 0.199948862195, 0.188830897212, 0.164462193847, 0.175599917769, 0.319008022547], "dvar2": [0.72177863121, 0.455848306417, 0.435553133488, 0.365942597389, 0.376079618931, 0.582067787647], "max": [-4.97932720184, -4.54061508179, -5.24768018723, -5.73607206345, -5.649818897