{"lowlevel": {"average_loudness": 0.975995063782, "barkbands_crest": {"dmean": 3.05923581123, "dmean2": 5.18527460098, "dvar": 18.0450572968, "dvar2": 45.6378479004, "max": 26.3766899109, "mean": 8.83939361572, "median": 6.56161594391, "min": 2.50443530083, "var": 32.2878494263}, "barkbands_flatness_db": {"dmean": 0.0282341893762, "dmean2": 0.0485013872385, "dvar": 0.00157929921988, "dvar2": 0.00422383239493, "max": 0.592317581177, "mean": 0.105439551175, "median": 0.0919320434332, "min": 0.0186812914908, "var": 0.00292553636245}, "barkbands_kurtosis": {"dmean": 8.96893978119, "dmean2": 16.0538825989, "dvar": 3062.50292969, "dvar2": 8212.82128906, "max": 1685.99328613, "mean": 7.31278371811, "median": -0.0430577993393, "min": -1.7267510891, "var": 3680.93408203}, "barkbands_skewness": {"dmean": 0.830393791199, "dmean2": 1.4036437273, "dvar": 2.9216029644, "dvar2": 7.43407821655, "max": 30.9988117218, "mean": 1.50603055954, "median": 1.02042722702, "min": -1.20966994762, "var": 4.10470628738}, "barkbands_spread": {"dmean": 6.53659582138, "dmean2": 10.8725986481, "dvar": 67.6028060913, "dvar2": 173.101806641, "max": 94.4192886353, "mean": 31.2845516205, "median": 32.0252304077, "min": 0.0610880516469, "var": 134.634155273}, "dissonance": {"dmean": 0.0115192001686, "dmean2": 0.0195288956165, "dvar": 0.000142847100506, "dvar2": 0.000383699807571, "max": 0.500000059605, "mean": 0.476761907339, "median": 0.480045557022, "min": 0.325964421034, "var": 0.00024755258346}, "dynamic_complexity": 2.61202168465, "erbbands_crest": {"dmean": 1.74543964863, "dmean2": 2.66836857796, "dvar": 2.70125150681, "dvar2": 5.93827724457, "max": 22.6111469269, "mean": 7.3679318428, "median": 6.76218414307, "min": 2.56524372101, "var": 8.84928131104}, "erbbands_flatness_db": {"dmean": 0.0117490226403, "dmean2": 0.0172276925296, "dvar": 0.000145914658788, "dvar2": 0.000302252621623, "max": 0.333320140839, "mean": 0.124427691102, "median": 0.123427249491, "min": 0.0550850182772, "var": 0.000722443684936}, "erbbands_kurtosis": {"dmean": 0.491068571806, "dmean2": 0.79184794426, "dvar": 4.9049243927, "dvar2": 13.3406686783, "max": 118.400947571, "mean": -0.283436447382, "median": -0.589180231094, "min": -1.81420266628, "var": 8.06507205963}, "erbbands_skewness": {"dmean": 0.237309589982, "dmean2": 0.363245248795, "dvar": 0.0840347856283, "dvar2": 0.19364951551, "max": 9.78579807281, "mean": -0.150922343135, "median": -0.167877301574, "min": -1.80424439907, "var": 0.33262616396}, "erbbands_spread": {"dmean": 7.36412763596, "dmean2": 11.4589967728, "dvar": 102.738632202, "dvar2": 248.480636597, "max": 165.526809692, "mean": 45.8792762756, "median": 43.8546066284, "min": 3.04998207092, "var": 225.30897522}, "hfc": {"dmean": 9.11322402954, "dmean2": 15.2085723877, "dvar": 285.136352539, "dvar2": 785.34942627, "max": 145.063186646, "mean": 26.5429916382, "median": 24.0581321716, "min": 1.35542052249e-07, "var": 346.230407715}, "melbands_crest": {"dmean": 2.93069171906, "dmean2": 4.88008356094, "dvar": 12.4078054428, "dvar2": 24.2545394897, "max": 29.6367855072, "mean": 12.5834980011, "median": 10.8689212799, "min": 2.3212120533, "var": 29.5367450714}, "melbands_flatness_db": {"dmean": 0.0352708362043, "dmean2": 0.0593377649784, "dvar": 0.00244776136242, "dvar2": 0.00589818833396, "max": 0.72708183527, "mean": 0.166719302535, "median": 0.150089889765, "min": 0.0145989172161, "var": 0.00524905463681}, "melbands_kurtosis": {"dmean": 17.0589637756, "dmean2": 29.8002109528, "dvar": 2039.12744141, "dvar2": 5303.63378906, "max": 537.087524414, "mean": 18.3468570709, "median": 5.45689916611, "min": -1.25869083405, "var": 2195.79541016}, "melbands_skewness": {"dmean": 1.13893604279, "dmean2": 1.90169489384, "dvar": 3.8903222084, "dvar2": 9.42122173309, "max": 19.6109485626, "mean": 2.92698025703, "median": 2.22904706001, "min": 0.0386048480868, "var": 5.83666181564}, "melbands_spread": {"dmean": 8.62167549133, "dmean2": 14.0316743851, "dvar": 113.721061707, "dvar2": 247.179336548, "max": 158.152023315, "mean": 32.1645278931, "median": 31.6843719482, "min": 0.260653823614, "var": 300.526519775}, "pitch_salience": {"dmean": 0.0900127887726, "dmean2": 0.155793905258, "dvar": 0.0122174695134, "dvar2": 0.0331755653024, "max": 0.866526603699, "mean": 0.502240598202, "median": 0.527155518532, "min": 0.056390684098, "var": 0.0180090554059}, "silence_rate_20dB": {"dmean": 0, "dmean2": 0, "dvar": 0, "dvar2": 0, "max": 1, "mean": 1, "median": 1, "min": 1, "var": 0}, "silence_rate_30dB": {"dmean": 0.069720543921, "dmean2": 0.139481261373, "dvar": 0.0648618340492, "dvar2": 0.187469214201, "max": 1, "mean": 0.963997721672, "median": 1, "min": 0, "var": 0.0347068458796}, "silence_rate_60dB": {"dmean": 0.00806683953851, "dmean2": 0.0158501435071, "dvar": 0.00800155568868, "dvar2": 0.0196339376271, "max": 1, "mean": 0.0437788031995, "median": 0, "min": 0, "var": 0.0418614856899}, "spectral_centroid": {"dmean": 265.45614624, "dmean2": 415.723510742, "dvar": 93705.953125, "dvar2": 225936.75, "max": 3984.45605469, "mean": 1914.79064941, "median": 1951.09350586, "min": 82.3122787476, "var": 267178.03125}, "spectral_complexity": {"dmean": 4.84759426117, "dmean2": 7.90518712997, "dvar": 37.7456893921, "dvar2": 87.1768188477, "max": 51, "mean": 24.137096405, "median": 25, "min": 0, "var": 117.661773682}, "spectral_decrease": {"dmean": 4.26242641183e-09, "dmean2": 7.01786539992e-09, "dvar": 7.55888297837e-17, "dvar2": 1.85907876524e-16, "max": -2.41120898628e-17, "mean": -7.49650563847e-09, "median": -5.9914126993e-09, "min": -5.34394821727e-08, "var": 6.44967745208e-17}, "spectral_energy": {"dmean": 0.0166292656213, "dmean2": 0.0272769965231, "dvar": 0.00113248813432, "dvar2": 0.0027827352751, "max": 0.212131783366, "mean": 0.0307010672987, "median": 0.0251061245799, "min": 1.03298883336e-10, "var": 0.000978760421276}, "spectral_energyband_high": {"dmean": 0.000641073973384, "dmean2": 0.00110356404912, "dvar": 1.45411695485e-06, "dvar2": 4.11284327129e-06, "max": 0.00972074177116, "mean": 0.00139466754626, "median": 0.00104549364187, "min": 5.68239812843e-12, "var": 1.56103214977e-06}, "spectral_energyband_low": {"dmean": 0.0138667989522, "dmean2": 0.023643957451, "dvar": 0.00100524537265, "dvar2": 0.00250668614171, "max": 0.172283604741, "mean": 0.013319093734, "median": 0.00508210482076, "min": 2.53534904659e-13, "var": 0.000782933842856}, "spectral_energyband_middle_high": {"dmean": 0.00231329468079, "dmean2": 0.00378270377405, "dvar": 1.52830525622e-05, "dvar2": 4.1616618546e-05, "max": 0.0382982343435, "mean": 0.0067613106221, "median": 0.00568920373917, "min": 2.03578126579e-11, "var": 2.66965489573e-05}, "spectral_energyband_middle_low": {"dmean": 0.0036669971887, "dmean2": 0.00594480382279, "dvar": 4.93245752295e-05, "dvar2": 0.000130079119117, "max": 0.0661839619279, "mean": 0.0104110669345, "median": 0.0102195423096, "min": 7.78221168063e-11, "var": 6.59045326756e-05}, "spectral_entropy": {"dmean": 0.14023578167, "dmean2": 0.220288485289, "dvar": 0.0307454802096, "dvar2": 0.0747166723013, "max": 8.66272068024, "mean": 7.7360253334, "median": 7.75016880035, "min": 4.67176485062, "var": 0.094768434763}, "spectral_flux": {"dmean": 0.0402371063828, "dmean2": 0.0586029365659, "dvar": 0.00380285526626, "dvar2": 0.0065862131305, "max": 0.41609659791, "mean": 0.0899589657784, "median": 0.0566999316216, "min": 3.11871554004e-05, "var": 0.00659916410223}, "spectral_kurtosis": {"dmean": 0.777213275433, "dmean2": 1.31816768646, "dvar": 1.02497446537, "dvar2": 2.83761978149, "max": 22.0837841034, "mean": 3.29279088974, "median": 3.20125770569, "min": 0.0517141819, "var": 1.97811412811}, "spectral_rms": {"dmean": 0.00117752677761, "dmean2": 0.00181967183016, "dvar": 3.69598683392e-06, "dvar2": 8.01533224148e-06, "max": 0.0143860289827, "mean": 0.00500184576958, "median": 0.00494911894202, "min": 3.17457704568e-07, "var": 4.93378229294e-06}, "spectral_rolloff": {"dmean": 596.080871582, "dmean2": 1009.06262207, "dvar": 674801.125, "dvar2": 1414347.75, "max": 11778.6621094, "mean": 2064.10205078, "median": 1959.52148438, "min": 64.599609375, "var": 1815364.875}, "spectral_skewness": {"dmean": 0.129772916436, "dmean2": 0.212313205004, "dvar": 0.0226921383291, "dvar2": 0.0581544302404, "max": 3.68228769302, "mean": 1.264554739, "median": 1.25791883469, "min": 0.41227376461, "var": 0.0576270930469}, "spectral_spread": {"dmean": 380084.09375, "dmean2": 580544.125, "dvar": 174657568768, "dvar2": 424152039424, "max": 10036550, "mean": 4921943.5, "median": 4813976, "min": 2398642.75, "var": 958118756352}, "spectral_strongpeak": {"dmean": 0.531524658203, "dmean2": 0.947589993477, "dvar": 0.731723546982, "dvar2": 1.88338887691, "max": 8.26007175446, "mean": 0.858966290951, "median": 0.37279188633, "min": 1.79966937139e-05, "var": 1.15572452545}, "zerocrossingrate": {"dmean": 0.011375926435, "dmean2": 0.0145199643448, "dvar": 0.000176272413228, "dvar2": 0.000241664369241, "max": 0.40380859375, "mean": 0.0789322406054, "median": 0.0791015625, "min": 0.00244140625, "var": 0.000956118223257}, "barkbands": {"dmean": [8.00870984676e-05, 0.00965575128794, 0.00496786413714, 0.00124445883557, 0.00107609084807, 0.000814500439446, 0.000545724004041, 0.0006689982838, 0.000724698591512, 0.000377866526833, 0.000565266935155, 0.000397203373723, 0.000281747779809, 0.000390277709812, 0.000338440702762, 0.00015025115863, 0.000354261777829, 0.000327199377352, 0.000320478837239, 0.000215887295781, 0.000253135920502, 0.000155790301505, 0.000130874876049, 5.80950400035e-05, 5.12495826115e-05, 2.23989845836e-05, 8.72441341926e-06], "dmean2": [0.000135519410833, 0.0168163105845, 0.00931748282164, 0.00223274389282, 0.00170534651261, 0.00119308766443, 0.000902402272914, 0.00111473328434, 0.00103828252759, 0.000596473459154, 0.000847725372296, 0.000712459033821, 0.000484037096612, 0.000645697291475, 0.000524988106918, 0.000257101492025, 0.000593617616687, 0.000498049659654, 0.000523222377524, 0.000361730606528, 0.000403593323426, 0.000276796665275, 0.000238335967879, 0.000105369566882, 8.5612773546e-05, 3.77862452297e-05, 1.53569289978e-05], "dvar": [4.87744564737e-08, 0.000484643678647, 0.000188315127161, 4.9982818382e-06, 3.43635929312e-06, 2.34533536059e-06, 1.61607806604e-06, 4.81573306388e-06, 1.10816688448e-06, 4.53862696759e-07, 1.07004393612e-06, 5.96863003466e-07, 3.04069516233e-07, 4.26043754942e-07, 2.15829473404e-07, 9.04922998757e-08, 3.69856650195e-07, 2.20468052703e-07, 1.74613759896e-07, 1.03648375216e-07, 1.31872212705e-07, 8.37027087641e-08, 7.06379026383e-08, 1.57088351216e-08, 8.51129655643e-09, 1.02545805181e-09, 2.32031546754e-10], "dvar2": [1.25968469433e-07, 0.00121901230887, 0.000538654043339, 1.38769464684e-05, 8.61169701238e-06, 5.49660990146e-06, 4.51606911156e-06, 1.26924387587e-05, 2.14735632653e-06, 9.5606708328e-07, 2.21388290811e-06, 1.71693716311e-06, 8.44218902785e-07, 1.15126442779e-06, 5.08250195708e-07, 2.57751139543e-07, 1.00526517599e-06, 4.67163459916e-07, 4.24379152264e-07, 2.62773880877e-07, 3.2058449051e-07, 2.36766425132e-07, 2.01579197778e-07, 4.52513013727e-08, 2.48791760527e-08, 2.59297405769e-09, 6.55817844475e-10], "max": [0.00255772960372, 0.106738656759, 0.0827696993947, 0.0255269184709, 0.0212177820504, 0.0178636517376, 0.0148071032017, 0.0261082109064, 0.014801624231, 0.008221690543, 0.0156401302665, 0.00571076525375, 0.00626500463113, 0.00771088479087, 0.0052667115815, 0.00441790884361, 0.00506813172251, 0.00630309293047, 0.00420527392998, 0.00247107609175, 0.00467092962936, 0.00233785202727, 0.00206034746952, 0.000877981365193, 0.000941923179198, 0.000267901690677, 0.000190153892618], "mean": [7.18701339792e-05, 0.00768896332011, 0.00442434987053, 0.00250867335126, 0.00289375381544, 0.00147710135207, 0.000856407685205, 0.0008476471412, 0.00174028507899, 0.000771330611315, 0.00104946782812, 0.000417104747612, 0.000462967349449, 0.000634551048279, 0.000723561330233, 0.00029623991577, 0.000633264542557, 0.000799601606559, 0.000720318290405, 0.000446410529548, 0.00056756217964, 0.000239926113863, 0.000196462540771, 8.93109026947e-05, 9.38759112614e-05, 3.86160645576e-05, 1.14471968118e-05], "median": [2.01562806978e-06, 0.00126516306773, 0.00210249098018, 0.00234375102445, 0.0025910846889, 0.000577058410272, 0.00051015522331, 5.94068915234e-05, 0.000804992276244, 0.000271283235634, 0.000450013496447, 0.000194600404939, 0.000194225111045, 0.000310482661007, 0.000392214162275, 0.000201646675123, 0.000436064146925, 0.000501329137478, 0.000533640501089, 0.000318378384691, 0.000409505999414, 0.000180283022928, 0.000124956495711, 5.44620852452e-05, 7.32812331989e-05, 1.97222252609e-05, 6.77525986248e-06], "min": [1.6446421319e-13, 1.11592525043e-13, 2.55378570125e-14, 1.37108369363e-13, 3.60188615045e-12, 1.3444783481e-11, 3.76649926526e-11, 7.6461397977e-12, 6.31234517781e-12, 1.01068970901e-11, 3.98615732436e-12, 3.30634131185e-12, 1.28699492469e-12, 4.60769063963e-13, 3.36602029886e-13, 5.00750645376e-13, 5.69097503497e-13, 2.83051522759e-13, 3.77578529423e-13, 2.54032526351e-13, 8.16078378919e-13, 5.32912310201e-13, 2.77444679644e-13, 4.28010220582e-13, 9.13569025117e-13, 9.97116235066e-13, 1.70626219317e-12], "var": [4.29970548055e-08, 0.000370642286725, 0.000108295367681, 4.98975896335e-06, 6.35989181319e-06, 4.4326002353e-06, 1.41212842664e-06, 7.09132018528e-06, 4.25937514592e-06, 1.74199533376e-06, 2.79299706563e-06, 4.48081664217e-07, 5.75780575218e-07, 8.22117499411e-07, 7.825431112e-07, 1.14753134994e-07, 4.65799672611e-07, 7.62100569318e-07, 4.84863221573e-07, 1.94817900478e-07, 3.2164808772e-07, 6.68686439553e-08, 5.78824135289e-08, 1.33608324404e-08, 9.71227454016e-09, 1.83276249732e-09, 2.27888388715e-10]}, "erbbands": {"dmean": [0.162455037236, 2.56923174858, 5.89997005463, 5.14194154739, 3.62412977219, 4.0286822319, 3.57261705399, 7.62095975876, 8.72647380829, 8.76133918762, 14.0764980316, 17.8145332336, 9.03690242767, 14.1002178192, 20.7567424774, 16.2318973541, 13.1258077621, 15.9359712601, 22.5535831451, 9.3970823288, 10.4909114838, 19.589302063, 16.1417541504, 16.2045402527, 14.3829231262, 10.2969608307, 9.83287239075, 10.2212085724, 5.72219467163, 4.62972736359, 3.3861644268, 1.94137811661, 0.449036866426, 0.376749008894, 0.55183583498, 0.115980997682, 0.0413512773812, 0.00935437716544, 0.00150056055281, 9.31737449719e-05], "dmean2": [0.271401584148, 4.5352025032, 10.8205728531, 9.47004890442, 5.70962285995, 6.57802200317, 5.34287118912, 11.4037389755, 14.6916790009, 15.4828033447, 21.5597324371, 25.2113761902, 14.3391551971, 21.2496128082, 31.8368225098, 29.1368408203, 22.2926521301, 27.7243251801, 34.8474960327, 15.0792865753, 17.5804862976, 33.2018585205, 24.5442295074, 25.5429401398, 23.6602172852, 16.6854324341, 14.989197731, 17.6524105072, 10.1378688812, 8.387840271, 6.26133394241, 3.58688950539, 0.753420591354, 0.636173546314, 0.911299347878, 0.196022182703, 0.071527518332, 0.0160026624799, 0.00265407911502, 0.00015560555039], "dvar": [0.126996204257, 35.3970603943, 244.161010742, 137.231414795, 27.2390232086, 70.2807159424, 39.9331245422, 224.3175354, 479.817932129, 857.991760254, 1383.87353516, 687.26574707, 295.21875, 461.293334961, 1305.83813477, 1102.24157715, 650.897766113, 1059.45861816, 997.325927734, 176.001159668, 368.977233887, 1180.83520508, 529.877624512, 445.156646729, 386.359680176, 200.743621826, 209.813934326, 274.061004639, 123.640037537, 98.1289367676, 53.4781532288, 20.176733017, 0.461484909058, 0.390138536692, 1.08663845062, 0.0271271634847, 0.00376820075326, 0.00024167454103, 6.60843807054e-06, 3.59370417868e-08], "dvar2": [0.297543644905, 90.8478546143, 679.389404297, 390.819671631, 61.6594467163, 190.724746704, 89.1844482422, 553.911071777, 1355.82299805, 2452.88769531, 3094.47558594, 1194.69909668, 666.537475586, 1007.88586426, 2789.31103516, 3190.40209961, 1778.4630127, 3106.95581055, 2335.58203125, 482.305053711, 1014.87713623, 3220.74267578, 1140.12365723, 1014.4831543, 933.434265137, 488.217712402, 415.712402344, 747.781555176, 350.177581787, 279.545166016, 154.72328186, 58.1914291382, 1.22518837452, 1.10310745239, 3.19036269188, 0.0708763971925, 0.00975562445819, 0.000659969984554, 1.91642302525e-05, 9.80920873417e-08], "max": [1.8230266571, 29.4446582794, 92.1128692627, 85.676651001, 63.0910797119, 91.9339294434, 85.007232666, 161.236053467, 257.1925354, 407.878967285, 433.795593262, 431.318695068, 232.997695923, 252.691375732, 494.075012207, 279.818817139, 322.790161133, 396.673919678, 408.415679932, 175.562652588, 262.892822266, 335.932037354, 342.863922119, 209.613311768, 238.465652466, 141.318359375, 257.37713623, 127.760734558, 90.5691299438, 74.3569335938, 56.0565948486, 30.9377880096, 16.5348072052, 9.91174793243, 11.3511810303, 1.42192387581, 0.586532652378, 0.159030422568, 0.0319778732955, 0.00238430150785], "mean": [0.148140117526, 1.99758601189, 5.08296489716, 6.92829084396, 10.3065919876, 9.27548408508, 7.70406389236, 13.7769565582, 13.2921657562, 10.2702140808, 26.5970134735, 44.1182403564, 20.1981220245, 32.1370773315, 37.3477516174, 18.6502914429, 22.7935771942, 24.7250709534, 48.9966621399, 20.5243778229, 20.8281879425, 33.958316803, 38.9183158875, 41.7079429626, 35.0877685547, 22.2973594666, 23.0389842987, 18.5019798279, 8.95939254761, 6.71977043152, 4.66628074646, 2.56245470047, 1.08552718163, 0.756137609482, 0.905806183815, 0.201980158687, 0.0679964721203, 0.0148519231007, 0.0019648829475, 0.000141490920214], "median": [0.0260750260204, 0.345251202583, 2.22800302505, 5.13704204559, 9.45169830322, 6.91714763641, 4.30152082443, 5.45027351379, 7.39597034454, 4.60329341888, 4.17437934875, 18.847568512, 9.01938056946, 16.9338607788, 18.3333511353, 10.2794742584, 10.7836294174, 12.862241745, 24.497505188, 14.0437068939, 15.555147171, 21.3780822754, 24.1180152893, 32.4492340088, 27.2511711121, 15.8602628708, 14.5395545959, 14.5643634796, 6.61857032776, 4.63992643356, 2.78425788879, 1.34515106678, 0.774254083633, 0.497972607613, 0.723783373833, 0.111853942275, 0.0352634601295, 0.00802687555552, 0.00113742647227, 9.93757857941e-05], "min": [5.96687543125e-12, 1.61504698504e-11, 3.05081168661e-11, 2.60947791153e-10, 2.60405008667e-09, 1.41523024411e-08, 4.67602170318e-08, 1.24291275938e-07, 5.56324152967e-07, 3.37011215379e-07, 1.60536657745e-07, 1.4632597356e-07, 2.52894579944e-07, 2.63763723751e-07, 1.58270978545e-07, 1.31442220663e-07, 7.01271787307e-08, 1.89694855379e-08, 2.15612150356e-08, 1.75568981575e-08, 3.12848875694e-08, 3.31274421228e-08, 1.82758537193e-08, 1.28713244507e-08, 2.20894005309e-08, 8.67054339437e-09, 2.1530333072e-08, 3.52817011162e-08, 1.85819484244e-08, 1.33736151042e-08, 7.44681383225e-09, 8.72464767099e-09, 6.80956979693e-09, 8.91314311247e-09, 6.97574575881e-09, 3.24658055995e-09, 1.88696058778e-09, 6.64113652959e-10, 2.64362060021e-10, 2.95827043417e-11], "var": [0.11295684427, 25.8093852997, 149.358474731, 87.485710144, 77.7639389038, 93.2882461548, 85.4495239258, 379.194946289, 397.284301758, 534.723083496, 4411.21386719, 2863.29785156, 1070.5723877, 1789.3692627, 2865.93920898, 808.767883301, 1325.65161133, 1142.70263672, 3958.04589844, 438.088867188, 466.583374023, 1534.68188477, 1656.46850586, 1420.08862305, 1053.64111328, 456.766906738, 743.867431641, 311.324676514, 96.3725814819, 69.4547576904, 39.7371940613, 14.3902750015, 1.33428621292, 0.70190936327, 1.0597268343, 0.0454427823424, 0.00582603923976, 0.000319685263094, 6.41918677502e-06, 3.27176223891e-08]}, "gfcc": {"mean": [29.0201148987, 63.5033302307, -114.024734497, 40.0722808838, -48.7646141052, 9.92315196991, -27.751329422, 8.01050186157, -28.4337158203, 0.240550592542, -20.6893558502, 0.218698948622, -12.9636440277], "cov": [[8474.56542969, -30.0833778381, -488.344207764, 92.5558700562, -232.924133301, -247.600662231, -271.080352783, -165.290359497, -452.034057617, -272.013458252, -529.006835938, -335.154388428, -246.611541748], [-30.0833778381, 662.335144043, -72.1518707275, 151.922271729, 68.1720504761, -42.0321502686, 66.5057678223, -72.2702178955, 31.6623783112, -54.7998580933, 5.59865665436, -55.8141937256, 56.4141311646], [-488.344207764, -72.1518707275, 394.2081604, 82.4701156616, 142.082138062, 130.594009399, 55.6200714111, 71.7518768311, 69.9923706055, 56.8472061157, 41.1753578186, 57.2411499023, -10.0430145264], [92.5558700562, 151.922271729, 82.4701156616, 252.008666992, 103.257232666, 71.6207427979, 73.9423446655, 38.1667289734, 29.2611751556, -29.193561554, 22.9891338348, 8.79972553253, 31.2551651001], [-232.924133301, 68.1720504761, 142.082138062, 103.257232666, 290.869598389, 145.900787354, 115.244628906, 29.3818225861, 73.6864318848, 40.1530303955, 37.4558753967, 37.6784095764, 19.0387992859], [-247.600662231, -42.0321502686, 130.594009399, 71.6207427979, 145.900787354, 256.476348877, 127.820884705, 67.1187744141, 119.777839661, 78.6066894531, 70.2122573853, 39.0308074951, 48.2270965576], [-271.080352783, 66.5057678223, 55.6200714111, 73.9423446655, 115.244628906, 127.820884705, 186.978424072, 78.9490432739, 80.162399292, 16.8935089111, 40.4239006042, 27.8355522156, 61.6129722595], [-165.290359497, -72.2702178955, 71.7518768311, 38.1667289734, 29.3818225861, 67.1187744141, 78.9490432739, 132.884017944, 75.8604888916, 34.0320053101, 23.3282146454, 26.7670097351, 14.1647577286], [-452.034057617, 31.6623783112, 69.9923706055, 29.2611751556, 73.6864318848, 119.777839661, 80.162399292, 75.8604888916, 180.972961426, 104.122535706, 79.0603790283, 18.8386058807, 22.0596008301], [-272.013458252, -54.7998580933, 56.8472061157, -29.193561554, 40.1530303955, 78.6066894531, 16.8935089111, 34.0320053101, 104.122535706, 125.653503418, 68.0772247314, 27.2933731079, 8.55646133423], [-529.006835938, 5.59865665436, 41.1753578186, 22.9891338348, 37.4558753967, 70.2122573853, 40.4239006042, 23.3282146454, 79.0603790283, 68.0772247314, 123.974884033, 66.9609069824, 28.5400829315], [-335.154388428, -55.8141937256, 57.2411499023, 8.79972553253, 37.6784095764, 39.0308074951, 27.8355522156, 26.7670097351, 18.8386058807, 27.2933731079, 66.9609069824, 97.3924484253, 36.4912109375], [-246.611541748, 56.4141311646, -10.0430145264, 31.2551651001, 19.0387992859, 48.2270965576, 61.6129722595, 14.1647577286, 22.0596008301, 8.55646133423, 28.5400829315, 36.4912109375, 91.7732391357]], "icov": [[0.000220651563723, -6.49197027087e-05, 0.000366813503206, -0.000427423452493, 0.000181502051419, -0.000385777268093, -4.13452798966e-05, 1.53260032221e-06, 0.000518025422934, -0.000632145034615, 0.00109364266973, -0.000306565692881, 0.000727352977265], [-6.49197027087e-05, 0.00328322988935, -0.000153659071657, -0.00147884432226, -0.000793417508248, 0.00254759099334, -0.00137859093957, 0.00304031535052, -0.00277634360828, 0.00173377385363, -0.00152117514517, 0.00277894129977, -0.00254995957948], [0.000366813503206, -0.000153659071657, 0.00473028933629, -0.00175793503877, -0.000558561005164, -0.00205734628253, 0.000472961401101, -0.00104107148945, 0.00096454040613, -0.00225845305249, 0.00338209723122, -0.00346078560688, 0.00353970238939], [-0.000427423452493, -0.00147884432226, -0.00175793503877, 0.00820522941649, -0.00228206580505, -0.000885775138158, 0.00208190316334, -0.00369667378254, -0.000239686109126, 0.00584018509835, -0.00540475174785, 0.00291129411198, -0.00307826907374], [0.000181502051419, -0.000793417508248, -0.000558561005164, -0.00228206580505, 0.00770649313927, -0.00255478755571, -0.00433865841478, 0.00348360417411, -0.000122370562167, -0.00315891904756, 0.00479211937636, -0.0051081487909, 0.00467523746192], [-0.000385777268093, 0.00254759099334, -0.00205734628253, -0.000885775138158, -0.00255478755571, 0.0116465119645, -0.00421507237479, 0.00238147331402, -0.00407235510647, -0.000617606681772, -0.00371485087089, 0.00364853744395, -0.00491319410503], [-4.13452798966e-05, -0.00137859093957, 0.000472961401101, 0.00208190316334, -0.00433865841478, -0.00421507237479, 0.016550630331, -0.00867205765098, -0.00106961303391, 0.0063716894947, -0.00363936438225, 0.00318799493834, -0.00705158477649], [1.53260032221e-06, 0.00304031535052, -0.00104107148945, -0.00369667378254, 0.00348360417411, 0.00238147331402, -0.00867205765098, 0.0188198387623, -0.00850147660822, -0.000791482394561, 0.00604874501005, -0.00560168735683, 0.00268700974993], [0.000518025422934, -0.00277634360828, 0.00096454040613, -0.000239686109126, -0.000122370562167, -0.00407235510647, -0.00106961303391, -0.00850147660822, 0.0221295338124, -0.0130274426192, -0.003947944846, 0.00508490623906, 0.00258273351938], [-0.000632145034615, 0.00173377385363, -0.00225845305249, 0.00584018509835, -0.00315891904756, -0.000617606681772, 0.0063716894947, -0.000791482394561, -0.0130274426192, 0.0267508029938, -0.0111134555191, 0.00432172231376, -0.00580124882981], [0.00109364266973, -0.00152117514517, 0.00338209723122, -0.00540475174785, 0.00479211937636, -0.00371485087089, -0.00363936438225, 0.00604874501005, -0.003947944846, -0.0111134555191, 0.0309250056744, -0.0203567575663, 0.00901471171528], [-0.000306565692881, 0.00277894129977, -0.00346078560688, 0.00291129411198, -0.0051081487909, 0.00364853744395, 0.00318799493834, -0.00560168735683, 0.00508490623906, 0.00432172231376, -0.0203567575663, 0.0305733215064, -0.0134868100286], [0.000727352977265, -0.00254995957948, 0.00353970238939, -0.00307826907374, 0.00467523746192, -0.00491319410503, -0.00705158477649, 0.00268700974993, 0.00258273351938, -0.00580124882981, 0.00901471171528, -0.0134868100286, 0.0242649000138]]}, "melbands": {"dmean": [0.00216743652709, 0.00323521485552, 0.000843338726554, 0.000270414690021, 0.000127170918859, 0.000169726277818, 0.000125086298794, 0.00010777064017, 0.000119019161502, 0.000102152072941, 4.66100500489e-05, 5.79407023906e-05, 8.49170683068e-05, 4.34594148828e-05, 3.82934304071e-05, 2.8091671993e-05, 3.10811956297e-05, 3.93061673094e-05, 1.80296992767e-05, 1.0310248399e-05, 1.41834134411e-05, 2.21351692744e-05, 1.53926866915e-05, 2.06161730603e-05, 1.35585032695e-05, 1.33106095745e-05, 9.10824292077e-06, 6.98069561622e-06, 7.50260232962e-06, 5.53369318368e-06, 6.72046826367e-06, 3.79871403311e-06, 2.08610458685e-06, 3.07405775857e-06, 2.19629646381e-06, 1.76843673216e-06, 9.28858298721e-07, 3.29664118226e-07, 2.6994274549e-07, 3.26058113842e-07], "dmean2": [0.00372551218607, 0.00571806030348, 0.00152590149082, 0.000428835948696, 0.000192271691049, 0.00025431078393, 0.0002093163057, 0.000191461644135, 0.000181501163752, 0.000145195022924, 7.40446776035e-05, 8.79927320057e-05, 0.00012702884851, 7.85110387369e-05, 6.62277452648e-05, 4.8699133913e-05, 5.35092149221e-05, 6.03055159445e-05, 2.88010123768e-05, 1.7100788682e-05, 2.38704124058e-05, 3.74960582121e-05, 2.50688208325e-05, 3.08417183987e-05, 2.14584579226e-05, 2.14596111618e-05, 1.53802538989e-05, 1.13665964818e-05, 1.11206800284e-05, 9.12247196538e-06, 1.16629662443e-05, 6.64489016344e-06, 3.7391157548e-06, 5.52990195501e-06, 4.01926945415e-06, 3.27889961227e-06, 1.69530608218e-06, 5.49366575342e-07, 4.36047287167e-07, 5.49758283341e-07], "dvar": [2.35150782828e-05, 6.27236440778e-05, 3.22317646351e-06, 2.08874254781e-07, 5.31629815725e-08, 1.14537442641e-07, 9.3757734021e-08, 1.48574997638e-07, 7.08062941612e-08, 2.16531965691e-08, 7.88863818713e-09, 8.35485192141e-09, 2.41010997826e-08, 7.89108689503e-09, 5.01257657604e-09, 2.9303450777e-09, 3.67156993697e-09, 2.97128566196e-09, 5.95591076458e-10, 3.82148201972e-10, 6.43784303644e-10, 1.58798485472e-09, 7.70258079541e-10, 8.6426954482e-10, 3.1115801602e-10, 3.12125741919e-10, 1.69109712345e-10, 1.08638327501e-10, 1.81470227734e-10, 5.49985126885e-11, 1.234805036e-10, 4.50450267364e-11, 1.97825575365e-11, 3.69539086831e-11, 1.88202300966e-11, 1.94404613935e-11, 3.59926129699e-12, 2.27115770851e-13, 1.23728745348e-13, 3.22135953979e-13], "dvar2": [5.76665697736e-05, 0.000166149940924, 9.15424061532e-06, 5.18433068919e-07, 1.241215557e-07, 2.85126191102e-07, 2.6411751719e-07, 4.25390510372e-07, 1.48346558149e-07, 3.9114826933e-08, 1.75354291088e-08, 1.77780936639e-08, 5.00228090061e-08, 2.26710330509e-08, 1.42042546614e-08, 8.40894820442e-09, 1.06765538632e-08, 6.86035317443e-09, 1.51168177975e-09, 1.1410175027e-09, 1.72465963733e-09, 4.23615365008e-09, 1.91555771245e-09, 1.7672714403e-09, 7.4064387956e-10, 6.93938795315e-10, 4.32407110118e-10, 2.49437581701e-10, 3.15750786628e-10, 1.394686866e-10, 3.42974870726e-10, 1.26445978688e-10, 5.62135060722e-11, 1.04782946209e-10, 5.46852910177e-11, 5.60508132963e-11, 1.03043511224e-11, 5.64716134098e-13, 3.16847541043e-13, 9.03374055249e-13], "max": [0.0232722871006, 0.044380184263, 0.0129668647423, 0.00575166242197, 0.00291629787534, 0.00357727264054, 0.00356542645022, 0.00517254741862, 0.00345086865127, 0.00235631386749, 0.00118322658818, 0.00109525467269, 0.00230338633992, 0.00067617802415, 0.000821195659228, 0.000660459510982, 0.000725259247702, 0.000730380415916, 0.000229398632655, 0.000253901380347, 0.000332986877766, 0.000443771714345, 0.00039592871326, 0.000365473795682, 0.000180295886821, 0.00023641975713, 0.00013629400928, 0.000108112995804, 0.000260881031863, 0.000131634253194, 8.77978964127e-05, 5.92115466134e-05, 4.12418376072e-05, 4.88767764182e-05, 3.67233951692e-05, 3.01526943076e-05, 1.33406974783e-05, 1.20379972941e-05, 8.20301465865e-06, 8.95605444384e-06], "mean": [0.00181616807822, 0.00276425736956, 0.00134642934427, 0.000764576427173, 0.000287348491838, 0.000303680135403, 0.000192380568478, 0.000113639973279, 0.000257673178567, 0.000249327160418, 9.65904910117e-05, 0.000129709093017, 0.000157669681357, 4.16942457377e-05, 5.71003438381e-05, 4.31195148849e-05, 4.6903573093e-05, 8.40837528813e-05, 3.80928031518e-05, 1.94618678506e-05, 2.52443587669e-05, 3.70943162125e-05, 2.4871505957e-05, 5.05093703396e-05, 3.01017789752e-05, 3.17781086778e-05, 1.87869391084e-05, 1.27705679915e-05, 1.582414734e-05, 1.18080197353e-05, 1.04026821646e-05, 5.71930149817e-06, 2.897301556e-06, 4.36713526142e-06, 3.04318882627e-06, 2.00217778001e-06, 1.29775116875e-06, 7.61472165323e-07, 5.89525541272e-07, 5.94131506659e-07], "median": [0.00030296301702, 0.000968510168605, 0.00106404826511, 0.000693260401022, 0.000171877036337, 0.000123923193314, 0.000105824736238, 3.70464404114e-05, 4.99281086377e-05, 0.00011140780407, 3.25557775795e-05, 6.3367682742e-05, 6.98859294062e-05, 1.63870136021e-05, 2.62201119767e-05, 1.78620102815e-05, 2.22196067625e-05, 4.13638335885e-05, 2.20378278755e-05, 1.20691856864e-05, 1.74732304004e-05, 2.14799529203e-05, 1.55911948241e-05, 2.72326597042e-05, 2.23983661272e-05, 2.0931551262e-05, 1.57115719048e-05, 7.65617733123e-06, 6.9550619628e-06, 9.37282584346e-06, 7.98148357717e-06, 4.17300634581e-06, 1.66531503965e-06, 2.90777097689e-06, 1.83497877515e-06, 8.83181428435e-07, 7.4048841725e-07, 5.2643338222e-07, 4.15095598783e-07, 3.48778996795e-07], "min": [4.98760578736e-14, 1.63984223336e-14, 8.29826523252e-14, 5.24104739642e-13, 1.43109905437e-12, 2.15572958789e-12, 8.35998718168e-12, 3.13095187797e-12, 1.20532056558e-12, 8.95798463619e-13, 1.31192181684e-12, 1.1474307832e-12, 5.4135591409e-13, 3.63646667032e-13, 3.23214328565e-13, 6.37573422334e-14, 3.5852841285e-14, 3.7759068604e-14, 2.63184961292e-14, 2.74919213642e-14, 3.69420578925e-14, 3.85463078015e-14, 1.88291917458e-14, 1.40709773884e-14, 8.38678576592e-15, 2.04663454966e-14, 1.13229992196e-14, 3.85015014526e-15, 1.02937652502e-14, 2.25744953058e-14, 1.99377223986e-14, 9.20453509012e-15, 1.17982854999e-14, 6.0546076006e-15, 4.14623347659e-15, 3.956719172e-15, 6.16201518996e-15, 3.65909551126e-15, 6.57601651897e-15, 7.96328538592e-15], "var": [1.89871880139e-05, 4.3018393626e-05, 2.32885167861e-06, 4.16471948483e-07, 1.0562499142e-07, 1.8596601592e-07, 7.96953472104e-08, 9.29907457703e-08, 2.77003948668e-07, 8.79474555404e-08, 3.05391836264e-08, 3.31924319141e-08, 6.05322156844e-08, 5.73887737332e-09, 6.92551882508e-09, 4.01238109404e-09, 4.34836966434e-09, 1.21789609508e-08, 1.73606307108e-09, 5.65543112341e-10, 7.80616182805e-10, 2.23000218291e-09, 9.86719372875e-10, 3.5024629863e-09, 8.42253988775e-10, 1.18785836722e-09, 2.70247574319e-10, 2.45606007754e-10, 6.32962127156e-10, 1.40943451354e-10, 1.11342643438e-10, 3.80222832386e-11, 1.58099037334e-11, 2.80537051922e-11, 1.539092985e-11, 1.27432786545e-11, 2.96466518869e-12, 7.30828863139e-13, 3.88261119219e-13, 5.86032958272e-13]}, "mfcc": {"mean": [-616.944946289, 98.0440750122, -6.31584692001, 35.3955802917, 0.336560100317, 9.81394481659, 5.00228881836, 8.05175113678, -0.173435822129, 1.47784125805, -0.538925409317, -5.20965623856, -6.19184112549], "cov": [[7176.46972656, 159.921325684, -519.646850586, 102.99041748, -390.661621094, -196.60118103, -190.809814453, -214.651641846, -162.323165894, -129.646835327, -232.990219116, -319.734802246, -437.136627197], [159.921325684, 446.591064453, -50.9381332397, 125.459266663, 21.8233222961, 61.8939170837, 2.36421656609, -2.09822750092, 14.8732805252, 4.31457424164, -0.139019146562, -28.6416988373, -12.1198587418], [-519.646850586, -50.9381332397, 278.244018555, 17.1957702637, 68.6798553467, 31.9405422211, 25.4539012909, 58.3296852112, 22.7746753693, 32.8945503235, 40.2002220154, 55.4468345642, 43.5433158875], [102.99041748, 125.459266663, 17.1957702637, 224.348403931, 38.8690834045, 9.66203022003, 26.4124240875, 48.1138496399, 2.86721754074, -33.5036392212, -21.4363613129, -28.8246173859, -7.37771749496], [-390.661621094, 21.8233222961, 68.6798553467, 38.8690834045, 159.731689453, 109.782936096, 51.1414794922, 53.4239768982, 29.5244541168, 24.6622009277, 41.3040351868, 48.2849464417, 62.0963439941], [-196.60118103, 61.8939170837, 31.9405422211, 9.66203022003, 109.782936096, 207.913482666, 72.5738067627, 58.0935325623, 55.4002799988, 50.8041572571, 49.6513175964, 57.709400177, 60.91173172], [-190.809814453, 2.36421656609, 25.4539012909, 26.4124240875, 51.1414794922, 72.5738067627, 120.002593994, 79.5050201416, 44.0933952332, 10.5810270309, -0.810613691807, 14.3771982193, 17.7603645325], [-214.651641846, -2.09822750092, 58.3296852112, 48.1138496399, 53.4239768982, 58.0935325623, 79.5050201416, 140.163040161, 69.3050079346, 27.4550895691, 11.6553440094, 42.5782241821, 50.4119796753], [-162.323165894, 14.8732805252, 22.7746753693, 2.86721754074, 29.5244541168, 55.4002799988, 44.0933952332, 69.3050079346, 118.608657837, 73.3808059692, 23.2782382965, 28.5496711731, 30.1426448822], [-129.646835327, 4.31457424164, 32.8945503235, -33.5036392212, 24.6622009277, 50.8041572571, 10.5810270309, 27.4550895691, 73.3808059692, 114.789398193, 63.6123466492, 42.9812316895, 31.5489215851], [-232.990219116, -0.139019146562, 40.2002220154, -21.4363613129, 41.3040351868, 49.6513175964, -0.810613691807, 11.6553440094, 23.2782382965, 63.6123466492, 103.402862549, 64.2105941772, 48.489528656], [-319.734802246, -28.6416988373, 55.4468345642, -28.8246173859, 48.2849464417, 57.709400177, 14.3771982193, 42.5782241821, 28.5496711731, 42.9812316895, 64.2105941772, 105.433387756, 77.0084152222], [-437.136627197, -12.1198587418, 43.5433158875, -7.37771749496, 62.0963439941, 60.91173172, 17.7603645325, 50.4119796753, 30.1426448822, 31.5489215851, 48.489528656, 77.0084152222, 115.650268555]], "icov": [[0.000223418537644, 3.9250451664e-05, 0.00029145530425, -0.000177120469743, 0.000314136967063, -0.000326457025949, 0.00040236627683, -0.000288092996925, 0.000280681299046, -0.000246416049777, 0.00019335464458, -5.32457415829e-05, 0.00074307055911], [3.9250451664e-05, 0.00311025581323, 0.000590061652474, -0.00202185707167, 0.000447302300017, -0.00152557855472, 0.00068501138594, 0.000624375301413, -0.000298849015962, -0.000450097402791, -0.000207247780054, 0.000662524544168, 0.000155546993483], [0.00029145530425, 0.000590061652474, 0.00505426106974, -0.000709794403519, -0.00136546976864, 0.000322116073221, 0.000803357281256, -0.00189388263971, 0.00125462550204, -0.00147238618229, 4.66254496132e-05, -0.0016801484162, 0.00165479059797], [-0.000177120469743, -0.00202185707167, -0.000709794403519, 0.00746774487197, -0.00230368087068, 0.00117321999278, 0.000409467844293, -0.00356309069321, -0.000267440569587, 0.00286896107718, -0.0012503209291, 0.00289415963925, -0.000144312056364], [0.000314136967063, 0.000447302300017, -0.00136546976864, -0.00230368087068, 0.0132390633225, -0.00554280588403, -0.00110680318903, 7.53233689466e-05, 0.000789409386925, 0.000613931275439, -0.00164895539638, 0.000684378552251, -0.00258816429414], [-0.000326457025949, -0.00152557855472, 0.000322116073221, 0.00117321999278, -0.00554280588403, 0.0110337007791, -0.0050711450167, 0.00161089340691, -0.00141305220313, -0.00103068898898, -0.000830946257338, -0.00207563303411, -0.00181892851833], [0.00040236627683, 0.00068501138594, 0.000803357281256, 0.000409467844293, -0.00110680318903, -0.0050711450167, 0.0178524367511, -0.0094641642645, -0.000854458019603, 0.0016747295158, 0.000901487248484, 0.00166573061142, 0.00424404768273], [-0.000288092996925, 0.000624375301413, -0.00189388263971, -0.00356309069321, 7.53233689466e-05, 0.00161089340691, -0.0094641642645, 0.0200024265796, -0.00789221469313, 0.00134203839116, 0.00235286075622, -0.00466123409569, -0.00488409772515], [0.000280681299046, -0.000298849015962, 0.00125462550204, -0.000267440569587, 0.000789409386925, -0.00141305220313, -0.000854458019603, -0.00789221469313, 0.0219818949699, -0.0148071423173, 0.00500061968341, 0.000622677034698, 0.000230764300795], [-0.000246416049777, -0.000450097402791, -0.00147238618229, 0.00286896107718, 0.000613931275439, -0.00103068898898, 0.0016747295158, 0.00134203839116, -0.0148071423173, 0.0253935214132, -0.0124827530235, 0.00100304791704, 0.000627701287158], [0.00019335464458, -0.000207247780054, 4.66254496132e-05, -0.0012503209291, -0.00164895539638, -0.000830946257338, 0.000901487248484, 0.00235286075622, 0.00500061968341, -0.0124827530235, 0.0236088614911, -0.0101453894749, -0.000270431657555], [-5.32457415829e-05, 0.000662524544168, -0.0016801484162, 0.00289415963925, 0.000684378552251, -0.00207563303411, 0.00166573061142, -0.00466123409569, 0.000622677034698, 0.00100304791704, -0.0101453894749, 0.0275299586356, -0.0113264834508], [0.00074307055911, 0.000155546993483, 0.00165479059797, -0.000144312056364, -0.00258816429414, -0.00181892851833, 0.00424404768273, -0.00488409772515, 0.000230764300795, 0.000627701287158, -0.000270431657555, -0.0113264834508, 0.0220883898437]]}, "spectral_contrast_coeffs": {"dmean": [0.0464606918395, 0.0493905767798, 0.0422012172639, 0.0292993765324, 0.0259894933552, 0.0192851237953], "dmean2": [0.0776523351669, 0.0800984203815, 0.0668092742562, 0.0453344210982, 0.0384185649455, 0.0298602562398], "dvar": [0.00176958146039, 0.0022831982933, 0.00154807674699, 0.000658634293359, 0.000637543387711, 0.000346726999851], "dvar2": [0.00422874605283, 0.00522980187088, 0.00340505572967, 0.001369370264, 0.00119315157644, 0.000765209435485], "max": [-0.431290268898, -0.466654390097, -0.501037716866, -0.582523405552, -0.576131105423, -0.558917045593], "mean": [-0.633122801781, -0.695058345795, -0.734520256519, -0.766850650311, -0.742366552353, -0.721817553043], "median": [-0.622518539429, -0.690768063068, -0.735950708389, -0.76710665226, -0.738116204739, -0.720864892006], "min": [-0.866397798061, -0.933595538139, -0.960422992706, -0.93570035696, -0.929515600204, -0.900593042374], "var": [0.00599838513881, 0.00711790286005, 0.00570904277265, 0.00306317559443, 0.00287037133239, 0.00174084829632]}, "spectral_contrast_valleys": {"dmean": [0.449370890856, 0.490124255419, 0.451648950577, 0.372562110424, 0.336541622877, 0.28148701787], "dmean2": [0.727906405926, 0.809538960457, 0.730708599091, 0.591169059277, 0.54803532362, 0.451295942068], "dvar": [0.201943591237, 0.30234515667, 0.27459320426, 0.235427126288, 0.240639358759, 0.158543527126], "dvar2": [0.432256102562, 0.723352253437, 0.620791494846, 0.518501341343, 0.526214599609, 0.354294478893], "max": [-5.03892374039, -4.41687297821, -5.26030826569, -5.29973363876, -5.59969806671, -8.33729171753], "mean":