{"lowlevel": {"average_loudness": 0.820867180824, "barkbands_crest": {"dmean": 1.99315202236, "dmean2": 3.13087463379, "dvar": 4.02558374405, "dvar2": 9.25726318359, "max": 25.2800235748, "mean": 8.56797599792, "median": 7.96141719818, "min": 2.95812940598, "var": 10.9264125824}, "barkbands_flatness_db": {"dmean": 0.0168822612613, "dmean2": 0.024904685095, "dvar": 0.000260534201516, "dvar2": 0.000557674153242, "max": 0.359480232, "mean": 0.126787096262, "median": 0.12186703831, "min": 0.0233277790248, "var": 0.00178602000233}, "barkbands_kurtosis": {"dmean": 1.67098367214, "dmean2": 2.61062169075, "dvar": 5.62125205994, "dvar2": 13.7079725266, "max": 36.0987052917, "mean": 2.67756724358, "median": 1.82436323166, "min": -1.59041059017, "var": 10.9861593246}, "barkbands_skewness": {"dmean": 0.391180872917, "dmean2": 0.587386727333, "dvar": 0.172986462712, "dvar2": 0.386758923531, "max": 5.33047533035, "mean": 1.37256896496, "median": 1.2595063448, "min": -1.95227122307, "var": 0.5703997612}, "barkbands_spread": {"dmean": 3.66820120811, "dmean2": 5.65408945084, "dvar": 15.3738098145, "dvar2": 34.6505851746, "max": 79.5737304688, "mean": 18.1165752411, "median": 16.0090332031, "min": 2.18912982941, "var": 82.8796920776}, "dissonance": {"dmean": 0.0215675979853, "dmean2": 0.0361867845058, "dvar": 0.000430138024967, "dvar2": 0.00114763726015, "max": 0.500000119209, "mean": 0.456365466118, "median": 0.46243596077, "min": 0.269739538431, "var": 0.000799381872639}, "dynamic_complexity": 3.27047085762, "erbbands_crest": {"dmean": 2.90483641624, "dmean2": 4.55828857422, "dvar": 7.60967683792, "dvar2": 17.6370658875, "max": 33.1794433594, "mean": 10.1552457809, "median": 8.90643501282, "min": 2.32211446762, "var": 24.3525314331}, "erbbands_flatness_db": {"dmean": 0.015858894214, "dmean2": 0.0224813036621, "dvar": 0.000246241892455, "dvar2": 0.0004793026892, "max": 0.4197691679, "mean": 0.162293240428, "median": 0.15275144577, "min": 0.0562178455293, "var": 0.00306145241484}, "erbbands_kurtosis": {"dmean": 0.884884476662, "dmean2": 1.39478349686, "dvar": 1.35894095898, "dvar2": 3.4005715847, "max": 25.5922451019, "mean": 0.709368169308, "median": 0.389643669128, "min": -1.65012872219, "var": 2.51430916786}, "erbbands_skewness": {"dmean": 0.292389035225, "dmean2": 0.445167571306, "dvar": 0.0879838913679, "dvar2": 0.2122785151, "max": 4.55266952515, "mean": 0.537988722324, "median": 0.533301234245, "min": -2.11979103088, "var": 0.276582479477}, "erbbands_spread": {"dmean": 6.36044645309, "dmean2": 9.59633350372, "dvar": 40.7701797485, "dvar2": 87.6649703979, "max": 101.488204956, "mean": 31.504901886, "median": 28.5175075531, "min": 3.66294956207, "var": 232.146286011}, "hfc": {"dmean": 6.69255590439, "dmean2": 9.69542503357, "dvar": 214.146362305, "dvar2": 508.304046631, "max": 227.509140015, "mean": 17.9867267609, "median": 12.5009717941, "min": 1.16399307316e-16, "var": 355.213500977}, "melbands_crest": {"dmean": 2.64592146873, "dmean2": 4.17050361633, "dvar": 6.37543439865, "dvar2": 14.3938055038, "max": 30.8199043274, "mean": 12.9793691635, "median": 12.1866292953, "min": 1.98682570457, "var": 23.2380466461}, "melbands_flatness_db": {"dmean": 0.0204198230058, "dmean2": 0.0294519569725, "dvar": 0.000414285284933, "dvar2": 0.000854586483911, "max": 0.373138785362, "mean": 0.191063627601, "median": 0.1908210814, "min": 0.00483264168724, "var": 0.00209633703344}, "melbands_kurtosis": {"dmean": 3.88241291046, "dmean2": 5.97856140137, "dvar": 37.9595336914, "dvar2": 90.8122406006, "max": 92.3588562012, "mean": 7.92667341232, "median": 4.94792366028, "min": -1.40145814419, "var": 79.3820724487}, "melbands_skewness": {"dmean": 0.543127119541, "dmean2": 0.809822916985, "dvar": 0.331292659044, "dvar2": 0.730198442936, "max": 8.11069011688, "mean": 2.07629275322, "median": 1.84232366085, "min": -0.956831634045, "var": 1.35406410694}, "melbands_spread": {"dmean": 4.67438030243, "dmean2": 7.11429262161, "dvar": 32.8848342896, "dvar2": 67.3153533936, "max": 136.699279785, "mean": 20.0385551453, "median": 17.9086418152, "min": 2.86428689957, "var": 116.58555603}, "pitch_salience": {"dmean": 0.0654302462935, "dmean2": 0.102005578578, "dvar": 0.00353222852573, "dvar2": 0.00819513387978, "max": 0.93567854166, "mean": 0.554663300514, "median": 0.55633610487, "min": 0.164336681366, "var": 0.0100396927446}, "silence_rate_20dB": {"dmean": 0, "dmean2": 0, "dvar": 0, "dvar2": 0, "max": 1, "mean": 1, "median": 1, "min": 1, "var": 0}, "silence_rate_30dB": {"dmean": 0.0311926603317, "dmean2": 0.0623948611319, "dvar": 0.0302220825106, "dvar2": 0.077471204102, "max": 1, "mean": 0.976609110832, "median": 1, "min": 0, "var": 0.0228450745344}, "silence_rate_60dB": {"dmean": 0.0134556572884, "dmean2": 0.026762502268, "dvar": 0.0132762286812, "dvar2": 0.0306349955499, "max": 1, "mean": 0.0691025853157, "median": 0, "min": 0, "var": 0.0643285512924}, "spectral_centroid": {"dmean": 191.956085205, "dmean2": 295.910217285, "dvar": 51718.3867188, "dvar2": 96693, "max": 11379.3808594, "mean": 1243.49926758, "median": 1132.42468262, "min": 346.861938477, "var": 264031.34375}, "spectral_complexity": {"dmean": 3.4064218998, "dmean2": 5.06575918198, "dvar": 18.0044136047, "dvar2": 33.2797966003, "max": 62, "mean": 18.2352848053, "median": 18, "min": 0, "var": 63.5173149109}, "spectral_decrease": {"dmean": 2.69247291129e-09, "dmean2": 3.97890964621e-09, "dvar": 2.73250843551e-17, "dvar2": 6.35489578877e-17, "max": 1.6459192907e-29, "mean": -7.0093424398e-09, "median": -4.92502616467e-09, "min": -5.48483747309e-08, "var": 5.1491020367e-17}, "spectral_energy": {"dmean": 0.010687279515, "dmean2": 0.0157473813742, "dvar": 0.000429535342846, "dvar2": 0.000999320531264, "max": 0.211862981319, "mean": 0.0280864275992, "median": 0.0200608056039, "min": 1.0495631927e-20, "var": 0.000806526921224}, "spectral_energyband_high": {"dmean": 0.000340573460562, "dmean2": 0.000496554304846, "dvar": 6.37596826891e-07, "dvar2": 1.37222195917e-06, "max": 0.0187476277351, "mean": 0.000705514044967, "median": 0.000232580467127, "min": 7.41237435482e-21, "var": 1.66778374933e-06}, "spectral_energyband_low": {"dmean": 0.00548251438886, "dmean2": 0.00843019876629, "dvar": 0.000176758083398, "dvar2": 0.000398884614697, "max": 0.184419766068, "mean": 0.0118991024792, "median": 0.00357563979924, "min": 3.71623000782e-23, "var": 0.000324234482832}, "spectral_energyband_middle_high": {"dmean": 0.00239467667416, "dmean2": 0.00367720448412, "dvar": 3.74323280994e-05, "dvar2": 9.67192536336e-05, "max": 0.177574977279, "mean": 0.00556446099654, "median": 0.00437582097948, "min": 1.62149987988e-21, "var": 3.77234573534e-05}, "spectral_energyband_middle_low": {"dmean": 0.00538129080087, "dmean2": 0.00840738788247, "dvar": 0.000121023491374, "dvar2": 0.000322392734233, "max": 0.136804565787, "mean": 0.0118324737996, "median": 0.0088333375752, "min": 2.90726116434e-22, "var": 0.000152194363181}, "spectral_entropy": {"dmean": 0.144285693765, "dmean2": 0.20330940187, "dvar": 0.0211801230907, "dvar2": 0.0396135300398, "max": 9.79979038239, "mean": 7.41939401627, "median": 7.43345689774, "min": 5.80976438522, "var": 0.148987933993}, "spectral_flux": {"dmean": 0.0271126907319, "dmean2": 0.0414053313434, "dvar": 0.00154937675688, "dvar2": 0.00329563766718, "max": 0.40488037467, "mean": 0.0709917843342, "median": 0.0558961108327, "min": 1.02448188821e-10, "var": 0.00289675500244}, "spectral_kurtosis": {"dmean": 1.45181035995, "dmean2": 2.44341945648, "dvar": 2.94833230972, "dvar2": 8.13773155212, "max": 25.6373901367, "mean": 5.39191675186, "median": 4.73781824112, "min": -1.1403580904, "var": 8.72132205963}, "spectral_rms": {"dmean": 0.000849942385685, "dmean2": 0.0011998884147, "dvar": 1.53060227603e-06, "dvar2": 3.3098451695e-06, "max": 0.014376912266, "mean": 0.00467060273513, "median": 0.00442397082224, "min": 3.19994399901e-12, "var": 5.58677947993e-06}, "spectral_rolloff": {"dmean": 335.410369873, "dmean2": 552.897521973, "dvar": 372181.65625, "dvar2": 718956.5, "max": 18906.1523438, "mean": 1294.77636719, "median": 1055.12695312, "min": 129.19921875, "var": 995879.8125}, "spectral_skewness": {"dmean": 0.189737334847, "dmean2": 0.30649960041, "dvar": 0.0357478000224, "dvar2": 0.0896795168519, "max": 3.86312580109, "mean": 1.7474064827, "median": 1.70588123798, "min": -0.00880050286651, "var": 0.146728396416}, "spectral_spread": {"dmean": 447890.40625, "dmean2": 623817.375, "dvar": 483820732416, "dvar2": 692618788864, "max": 39574592, "mean": 4391153, "median": 4128708.75, "min": 1748817.25, "var": 1849373753340.0}, "spectral_strongpeak": {"dmean": 0.452336609364, "dmean2": 0.766316413879, "dvar": 0.58683359623, "dvar2": 1.39331638813, "max": 12.2032232285, "mean": 0.881506741047, "median": 0.592345118523, "min": 0, "var": 0.897068202496}, "zerocrossingrate": {"dmean": 0.00808568391949, "dmean2": 0.00963502377272, "dvar": 0.000110492284875, "dvar2": 0.000126672719489, "max": 0.5107421875, "mean": 0.0572787262499, "median": 0.05224609375, "min": 0.01220703125, "var": 0.000779640104156}, "barkbands": {"dmean": [3.48498433596e-05, 0.00302658742294, 0.00241680839099, 0.00200171698816, 0.00153364462312, 0.0011646586936, 0.000719315197784, 0.000850098382216, 0.000546055089217, 0.000958376331255, 0.000969177286606, 0.000487809767947, 0.000295251840726, 0.000178828166099, 0.000173039545189, 0.00016561083612, 0.000162488548085, 0.000137558701681, 0.000134730231366, 9.1074660304e-05, 8.29946002341e-05, 7.2932576586e-05, 7.88893739809e-05, 3.9677532186e-05, 4.21513941546e-05, 3.12841257255e-05, 8.52323864819e-06], "dmean2": [5.88314469496e-05, 0.004755389411, 0.00393859250471, 0.00342400884256, 0.00256453128532, 0.00187987438403, 0.0011207589414, 0.00119343551341, 0.000833669677377, 0.00143046479207, 0.00148373423144, 0.000802895985544, 0.000489880621899, 0.000287335307803, 0.000278419640381, 0.000278398307273, 0.000267310475465, 0.000227387659834, 0.000217468870687, 0.000142368575325, 0.000127854727907, 0.00011231663666, 0.000122984783957, 5.92762626184e-05, 6.0188358475e-05, 4.64211952931e-05, 1.27237390188e-05], "dvar": [7.04236313709e-09, 8.73912358657e-05, 3.75836025341e-05, 3.91813628084e-05, 1.12286716103e-05, 1.08144222395e-05, 3.41105055668e-06, 1.61290449796e-06, 8.82700931015e-07, 2.38000825448e-06, 2.58542218035e-06, 5.69986013943e-06, 2.08119968192e-06, 1.74384524598e-07, 1.70859735249e-07, 7.86812819342e-08, 1.06841966385e-07, 1.31451741936e-07, 8.07547664294e-08, 3.97061192814e-08, 3.78149458413e-08, 4.00601187778e-08, 4.5810420346e-08, 9.28960108837e-09, 1.59369140107e-08, 1.15087317454e-08, 9.69264446482e-10], "dvar2": [1.77541803481e-08, 0.000188276317203, 9.94509537122e-05, 0.000110442604637, 3.05822068185e-05, 2.9491391615e-05, 9.24206051423e-06, 3.2990044474e-06, 2.09593372347e-06, 5.74955356569e-06, 6.10617416896e-06, 1.53305118147e-05, 5.86295300309e-06, 4.50957315934e-07, 4.4032964297e-07, 1.98725530254e-07, 2.57681563198e-07, 3.32400219349e-07, 1.76348166292e-07, 8.18262861912e-08, 8.71295355864e-08, 9.31408408178e-08, 1.08900692908e-07, 1.98573797405e-08, 3.44547288478e-08, 2.57526568959e-08, 2.23357221607e-09], "max": [0.00313106551766, 0.153658211231, 0.0773095488548, 0.0878376588225, 0.0543250516057, 0.0488446205854, 0.0321165695786, 0.0207895450294, 0.0130849862471, 0.0197792928666, 0.0344371497631, 0.0961511805654, 0.0572120584548, 0.008763496764, 0.0069303768687, 0.00977953057736, 0.00659603299573, 0.00725307315588, 0.00975183770061, 0.00466367322952, 0.00286758178845, 0.00528071541339, 0.00404489086941, 0.00329044670798, 0.00215097749606, 0.00176002411172, 0.000822184374556], "mean": [4.43804965471e-05, 0.00523270014673, 0.00510304095224, 0.0026906079147, 0.00264877825975, 0.0018943430623, 0.00131352478638, 0.00160022219643, 0.000916994235013, 0.0016501363134, 0.00173007615376, 0.000618534220848, 0.000375208735932, 0.000243294227403, 0.000258371786913, 0.000239898814471, 0.000267382594757, 0.00022871728288, 0.00024528222275, 0.000173459542566, 0.000153064946062, 0.000131537948619, 0.000116192291898, 8.04887313279e-05, 7.20962198102e-05, 4.45258665422e-05, 1.35165710162e-05], "median": [8.84129258338e-06, 0.00113421410788, 0.00100643013138, 0.000759464630391, 0.00144820590504, 0.00105360907037, 0.000714262190741, 0.000848126073834, 0.000532228499651, 0.000999265699647, 0.00108648394234, 0.000280675420072, 0.000179906215635, 0.000126049562823, 0.00013708548795, 0.000162086187629, 0.000138612143928, 0.000103637597931, 0.00013175640197, 8.01412970759e-05, 5.27628399141e-05, 3.32522140525e-05, 2.99670173263e-05, 2.29529960052e-05, 1.22651636048e-05, 5.44019349036e-06, 1.07318487608e-06], "min": [1.72948650015e-23, 2.02486647309e-23, 4.41640859003e-24, 7.49645840762e-24, 8.03330381271e-23, 1.43341617925e-22, 2.86115432703e-23, 6.50936267337e-24, 1.11902798748e-23, 4.53220753334e-23, 1.30909203191e-23, 7.38095434051e-23, 1.28163328263e-22, 1.9240528262e-22, 1.46391593998e-22, 2.33660751588e-22, 9.87792945292e-23, 2.20755441562e-22, 2.01789294269e-22, 3.88084830245e-22, 3.6095515903e-22, 4.60889194463e-22, 7.4489047994e-22, 1.04976651434e-21, 1.12544980434e-21, 1.51924088834e-21, 2.26813550002e-21], "var": [1.24410286517e-08, 0.000117483541544, 6.25589309493e-05, 3.2916010241e-05, 1.4210284462e-05, 9.81709945336e-06, 3.84265331377e-06, 3.96366522182e-06, 1.32031982503e-06, 4.02105479225e-06, 4.12198642152e-06, 4.15581871493e-06, 1.33523678869e-06, 1.77214602104e-07, 1.9805975171e-07, 9.10197996973e-08, 1.98088940806e-07, 2.77979552266e-07, 2.78932475339e-07, 1.19725839909e-07, 8.89140636673e-08, 9.31897901069e-08, 6.77662583826e-08, 2.87847736757e-08, 3.19421431527e-08, 1.552465001e-08, 2.15230056e-09]}, "erbbands": {"dmean": [0.0502785071731, 0.811850667, 2.42385578156, 5.13555526733, 6.7081990242, 4.242603302, 5.98925924301, 10.3213844299, 11.4683876038, 15.8257951736, 13.5900506973, 14.4547147751, 25.9971885681, 22.7110118866, 47.5968894958, 19.7428703308, 13.9222917557, 9.10958099365, 9.59752464294, 8.03664779663, 7.9772977829, 7.22950792313, 6.79929876328, 9.05041122437, 5.07153701782, 4.78789520264, 3.29533410072, 3.32043457031, 2.68358397484, 2.59853076935, 2.14907193184, 0.965792000294, 0.677484095097, 0.496892273426, 0.281055420637, 0.147462368011, 0.0551438815892, 0.0125423735008, 0.00148226809688, 8.00264970167e-05], "dmean2": [0.0758137404919, 1.28133451939, 3.90959858894, 8.62878322601, 11.4402456284, 7.07857942581, 9.99607086182, 16.4594078064, 17.3772983551, 23.7619972229, 18.7590961456, 21.774887085, 38.9719810486, 34.2758789062, 73.7911376953, 31.596036911, 22.8599205017, 14.3214559555, 15.5795602798, 13.0915775299, 13.2449207306, 11.96571064, 11.0439538956, 14.8907823563, 7.86431646347, 7.60026502609, 5.12703847885, 5.15154886246, 4.11703205109, 4.04087781906, 3.31479239464, 1.43202400208, 1.00069367886, 0.725246250629, 0.410980701447, 0.220176056027, 0.0822104141116, 0.0185783132911, 0.00219297967851, 0.000119328331493], "dvar": [0.0239735804498, 6.17746686935, 32.6040039062, 240.348373413, 311.677612305, 88.6040496826, 280.749359131, 741.69152832, 802.986022949, 763.365112305, 529.609436035, 603.446044922, 2077.76782227, 1389.92773438, 10445.8730469, 6177.421875, 3537.91308594, 365.743499756, 890.38293457, 169.877471924, 255.007659912, 271.643615723, 392.17755127, 419.0625, 197.019760132, 120.246444702, 64.677696228, 68.6827316284, 59.8640136719, 52.9114265442, 32.4607810974, 4.40428256989, 3.39571499825, 2.35594582558, 0.691702008247, 0.236389368773, 0.0352770611644, 0.00188869028352, 3.29382783093e-05, 1.24754208741e-07], "dvar2": [0.0503968931735, 13.4802312851, 82.1870574951, 673.989501953, 869.091552734, 232.190704346, 768.856628418, 1988.3392334, 2095.28393555, 1899.83972168, 1037.36108398, 1441.3380127, 5130.71923828, 3114.39086914, 26196.6855469, 16170.5058594, 9842.4140625, 895.774902344, 2380.0559082, 407.60369873, 651.882019043, 703.503356934, 1024.49682617, 1004.04962158, 354.997741699, 257.555267334, 140.409210205, 166.426574707, 137.33493042, 130.901306152, 74.7309799194, 9.26008033752, 7.34034013748, 5.18914318085, 1.53198719025, 0.551035344601, 0.0770816281438, 0.00421554921195, 7.34117420507e-05, 3.20837756362e-07], "max": [2.51615428925, 40.3158226013, 80.5030136108, 208.083755493, 294.288269043, 126.253959656, 296.095275879, 478.515075684, 489.824890137, 393.493011475, 400.590423584, 332.683288574, 615.097290039, 514.914306641, 3206.7109375, 2855.04077148, 2189.56225586, 433.887542725, 590.348205566, 280.847717285, 294.960906982, 220.213150024, 337.871459961, 882.890563965, 615.701293945, 289.231048584, 178.37727356, 134.110137939, 181.561630249, 166.373077393, 91.4105758667, 58.9214019775, 58.7007102966, 29.0676517487, 15.1378803253, 7.31751060486, 3.27309656143, 0.764513731003, 0.210367396474, 0.0124605288729], "mean": [0.0803309977055, 1.43974363804, 5.40951013565, 8.3342590332, 9.3404712677, 7.76648569107, 9.00661373138, 17.3475894928, 22.0656337738, 27.927816391, 26.7609367371, 26.0201797485, 43.4406852722, 41.9847068787, 79.4087219238, 29.042470932, 19.4590015411, 13.8586139679, 13.3762693405, 13.5000391006, 13.2626533508, 11.7959098816, 11.7602624893, 16.4797058105, 9.25052642822, 9.17327404022, 6.31030988693, 5.92300796509, 4.53536605835, 4.32195854187, 3.25933814049, 1.80725955963, 1.30867826939, 0.859821677208, 0.46762868762, 0.220127224922, 0.0779236778617, 0.0178508125246, 0.0023221524898, 0.000146835547639], "median": [0.0159312132746, 0.310901463032, 1.28113651276, 2.31910228729, 3.66426467896, 4.33453130722, 5.13717412949, 9.67813777924, 11.526424408, 13.9365034103, 14.379034996, 16.6276683807, 24.4286937714, 27.322561264, 48.5412063599, 15.5647220612, 10.3389835358, 7.76285266876, 6.71042823792, 8.77430820465, 8.34702014923, 6.758913517, 6.1142244339, 8.53733539581, 4.28468418121, 4.11799383163, 2.42693853378, 1.86410152912, 1.19984674454, 1.09219300747, 0.857249557972, 0.5563159585, 0.294615656137, 0.158153280616, 0.0753781422973, 0.0323727801442, 0.00824753381312, 0.00172692851629, 0.000184275879292, 3.50920709025e-05], "min": [1.26169701313e-21, 2.08207943697e-21, 4.30599369181e-21, 1.45809339929e-20, 1.80150799653e-19, 2.39404060451e-19, 8.29516001916e-19, 1.12673683356e-18, 3.62103612271e-19, 4.64420503219e-19, 1.17348080997e-19, 3.00494786658e-19, 9.79128727995e-19, 1.21758659722e-18, 1.01893751876e-18, 3.18956294707e-18, 5.44153486779e-18, 1.09343987741e-17, 8.26308516033e-18, 6.47645113783e-18, 1.38664479888e-17, 6.52252385718e-18, 1.45656149569e-17, 7.94962175848e-18, 1.37795931973e-17, 1.8309808295e-17, 1.58791876958e-17, 1.31549403131e-17, 1.75788188615e-17, 2.00582679322e-17, 2.10412761373e-17, 1.84011919003e-17, 1.89664556981e-17, 1.18548721249e-17, 9.04858248746e-18, 4.26847778108e-18, 3.18074664931e-18, 1.24316188439e-18, 3.25146759315e-19, 3.33083208326e-20], "var": [0.0362883359194, 8.18981933594, 62.647190094, 241.658554077, 313.325958252, 117.746925354, 231.062606812, 769.024719238, 1022.60144043, 1318.43139648, 1315.90673828, 942.707458496, 3336.39208984, 2578.76538086, 12096.7685547, 5000.2890625, 2408.90405273, 443.799926758, 770.86907959, 346.165771484, 358.728027344, 324.275939941, 584.109130859, 1096.29394531, 660.610168457, 365.273162842, 167.271453857, 136.130554199, 116.759269714, 105.267913818, 51.3363418579, 12.0529384613, 9.78326797485, 4.61349487305, 1.35951650143, 0.332809537649, 0.0494950152934, 0.00292230839841, 7.36063011573e-05, 2.27475609904e-07]}, "gfcc": {"mean": [-7.14764022827, 84.6326446533, -124.477996826, 10.3659505844, -64.9066162109, 5.70230102539, -32.2816390991, 6.39634799957, -28.926279068, -6.67473316193, -16.3836307526, 1.54065060616, -12.8855066299], "cov": [[12629.8925781, 1631.52563477, 2835.19165039, 1517.25964355, 388.30657959, 1139.47473145, 163.134353638, 321.936706543, -70.2699050903, 153.868041992, -612.127502441, -134.465484619, -292.690185547], [1631.52563477, 1330.28820801, 367.871917725, 223.713165283, 149.18536377, 262.020233154, 93.4290542603, 83.0936660767, 107.786956787, 3.30824756622, -19.1019649506, -75.4244232178, -27.9532299042], [2835.19165039, 367.871917725, 1267.9263916, 617.496398926, 284.056335449, 492.567169189, 175.607727051, 171.397247314, 79.1623916626, 90.6277923584, -165.751037598, 9.22055625916, -72.7627944946], [1517.25964355, 223.713165283, 617.496398926, 490.763122559, 204.752593994, 286.571746826, 101.939208984, 95.5256652832, 44.8985519409, 33.3756103516, -75.5868148804, 11.6415910721, -28.5148887634], [388.30657959, 149.18536377, 284.056335449, 204.752593994, 238.179946899, 165.19960022, 92.4337463379, 71.0203857422, 51.9356460571, 22.4546756744, -13.3831186295, 6.3613820076, -9.16787719727], [1139.47473145, 262.020233154, 492.567169189, 286.571746826, 165.19960022, 340.098083496, 125.39099884, 98.4495697021, 55.9331283569, 38.1790008545, -60.1873283386, 7.15209531784, -24.4896774292], [163.134353638, 93.4290542603, 175.607727051, 101.939208984, 92.4337463379, 125.39099884, 153.579788208, 81.5607070923, 61.8445014954, 33.633934021, 14.8813171387, 5.13428878784, -3.24419617653], [321.936706543, 83.0936660767, 171.397247314, 95.5256652832, 71.0203857422, 98.4495697021, 81.5607070923, 124.747123718, 60.4956817627, 25.6490249634, -0.588165163994, -3.82674908638, -14.0500049591], [-70.2699050903, 107.786956787, 79.1623916626, 44.8985519409, 51.9356460571, 55.9331283569, 61.8445014954, 60.4956817627, 131.4375, 50.3441085815, 24.4135227203, 3.91572213173, -3.42033243179], [153.868041992, 3.30824756622, 90.6277923584, 33.3756103516, 22.4546756744, 38.1790008545, 33.633934021, 25.6490249634, 50.3441085815, 80.719619751, 13.9836006165, 1.41399335861, -0.652964711189], [-612.127502441, -19.1019649506, -165.751037598, -75.5868148804, -13.3831186295, -60.1873283386, 14.8813171387, -0.588165163994, 24.4135227203, 13.9836006165, 100.787353516, 21.3486461639, 16.939332962], [-134.465484619, -75.4244232178, 9.22055625916, 11.6415910721, 6.3613820076, 7.15209531784, 5.13428878784, -3.82674908638, 3.91572213173, 1.41399335861, 21.3486461639, 59.0390625, 24.4988956451], [-292.690185547, -27.9532299042, -72.7627944946, -28.5148887634, -9.16787719727, -24.4896774292, -3.24419617653, -14.0500049591, -3.42033243179, -0.652964711189, 16.939332962, 24.4988956451, 58.4523735046]], "icov": [[0.000287751434371, -0.000296275364235, -0.000286177062662, -0.000369613117073, 0.000396338582505, -2.04693005799e-05, 0.000221102440264, -0.000377141463105, 0.000779607216828, -0.000752143678255, 0.000815534964204, -0.000292451819405, 0.000661289261188], [-0.000296275364235, 0.00149111822248, -3.0829145544e-05, 0.000376739742933, -0.000389498018194, -0.00104079558514, 0.000233150509303, 0.000807135598734, -0.00191991368774, 0.00213842955418, -0.00216274242848, 0.00287548825145, -0.0015821447596], [-0.000286177062662, -3.0829145544e-05, 0.00383525248617, -0.00189277390018, -0.000582151464187, -0.0013087579282, -0.000755537883379, -0.000654119940009, 5.43762398593e-05, -0.00215322221629, 0.00289606908336, -0.0023772767745, 0.00170056393836], [-0.000369613117073, 0.000376739742933, -0.00189277390018, 0.00687475921586, -0.00263907201588, -0.00142738944851, 0.000399166136049, 0.000321985484334, -0.000934164680075, 0.00189502316061, -0.00121475430205, 5.41260942555e-06, -0.001269186032], [0.000396338582505, -0.000389498018194, -0.000582151464187, -0.00263907201588, 0.0084471013397, -0.0014211788075, -0.00128722621594, -0.00079327361891, 7.38724520488e-06, 0.000154321125592, -0.000274920545053, 0.000357075332431, 0.000185727170901], [-2.04693005799e-05, -0.00104079558514, -0.0013087579282, -0.00142738944851, -0.0014211788075, 0.0101549066603, -0.00401331251487, -0.000971488305368, 0.00064791215118, -0.0012218245538, 0.00346738169901, -0.00340359983966, 0.00109565933235], [0.000221102440264, 0.000233150509303, -0.000755537883379, 0.000399166136049, -0.00128722621594, -0.00401331251487, 0.0142364148051, -0.00487382570282, -0.00114495144226, -0.000501373666339, -0.00409479346126, 0.00213238922879, -0.00157153699547], [-0.000377141463105, 0.000807135598734, -0.000654119940009, 0.000321985484334, -0.00079327361891, -0.000971488305368, -0.00487382570282, 0.0156566202641, -0.00546272005886, 0.00281960982829, -0.00256230565719, 0.00309020583518, -3.9074497181e-05], [0.000779607216828, -0.00191991368774, 5.43762398593e-05, -0.000934164680075, 7.38724520488e-06, 0.00064791215118, -0.00114495144226, -0.00546272005886, 0.0161329731345, -0.00948053225875, 0.00192678114399, -0.00376569922082, 0.00335162645206], [-0.000752143678255, 0.00213842955418, -0.00215322221629, 0.00189502316061, 0.000154321125592, -0.0012218245538, -0.000501373666339, 0.00281960982829, -0.00948053225875, 0.0224052332342, -0.00825064722449, 0.00647495500743, -0.00496457191184], [0.000815534964204, -0.00216274242848, 0.00289606908336, -0.00121475430205, -0.000274920545053, 0.00346738169901, -0.00409479346126, -0.00256230565719, 0.00192678114399, -0.00825064722449, 0.0232827458531, -0.0116540472955, 0.00478613236919], [-0.000292451819405, 0.00287548825145, -0.0023772767745, 5.41260942555e-06, 0.000357075332431, -0.00340359983966, 0.00213238922879, 0.00309020583518, -0.00376569922082, 0.00647495500743, -0.0116540472955, 0.0304428171366, -0.0130848642439], [0.000661289261188, -0.0015821447596, 0.00170056393836, -0.001269186032, 0.000185727170901, 0.00109565933235, -0.00157153699547, -3.9074497181e-05, 0.00335162645206, -0.00496457191184, 0.00478613236919, -0.0130848642439, 0.0257897898555]]}, "melbands": {"dmean": [0.000664931139909, 0.00119872344658, 0.000933987728786, 0.000385907071177, 0.000196435968974, 0.000231804719078, 0.000167087389855, 0.000180053102667, 0.000103121848952, 9.03256077436e-05, 0.000130983215058, 9.55513023655e-05, 0.000140837044455, 8.02022623247e-05, 4.32224042015e-05, 2.15620984818e-05, 1.84169857675e-05, 1.59704777616e-05, 9.72729048954e-06, 1.43442066474e-05, 9.10697872314e-06, 7.58862097427e-06, 8.63820423547e-06, 6.66116011416e-06, 8.04553747003e-06, 4.30455929745e-06, 2.87549005407e-06, 3.47566174241e-06, 2.31252579397e-06, 2.08956271308e-06, 2.14948249777e-06, 1.64315281381e-06, 1.44119223933e-06, 1.55211887432e-06, 1.41901932693e-06, 9.4085874025e-07, 5.23630546923e-07, 4.88989428504e-07, 5.35584945283e-07, 3.99425744035e-07], "dmean2": [0.00102425005753, 0.00189090776257, 0.00156684231479, 0.000653886469081, 0.00032329786336, 0.00036888269824, 0.000253769481787, 0.000265611073701, 0.000143219309393, 0.000137255119625, 0.000196604101802, 0.000144621400977, 0.000217007589526, 0.000127848310512, 7.25554637029e-05, 3.44718173437e-05, 2.92288477795e-05, 2.61737877736e-05, 1.56224286911e-05, 2.41254183493e-05, 1.49973411681e-05, 1.25113056129e-05, 1.45268795677e-05, 1.06831721496e-05, 1.3286234207e-05, 6.70135977998e-06, 4.47835873274e-06, 5.60224589208e-06, 3.63631079381e-06, 3.30089460476e-06, 3.39309485753e-06, 2.57847568719e-06, 2.20056108446e-06, 2.48698324867e-06, 2.24780251301e-06, 1.4464724245e-06, 8.01630790193e-07, 7.40659970688e-07, 7.8877303622e-07, 5.83995017678e-07], "dvar": [4.42347709395e-06, 8.28488009574e-06, 7.49761329644e-06, 8.08750257875e-07, 2.37949052462e-07, 3.79220637114e-07, 1.76633804472e-07, 9.00264680581e-08, 3.08864400722e-08, 2.43299300706e-08, 5.3293856439e-08, 2.66524899928e-08, 6.9803085978e-08, 7.90735086298e-08, 5.87669788388e-08, 5.16505593851e-09, 1.23582699629e-09, 2.84759815727e-09, 4.80932405011e-10, 4.76550354733e-10, 4.4985909442e-10, 3.12111197998e-10, 5.00681329729e-10, 3.40822980949e-10, 3.63074709187e-10, 1.73417100124e-10, 4.26281961119e-11, 6.04964758844e-11, 3.85370658995e-11, 2.52819015722e-11, 3.0666524875e-11, 2.37359385619e-11, 1.62691856515e-11, 2.13704557522e-11, 1.57393716116e-11, 4.97993703566e-12, 1.31711427789e-12, 1.66886209713e-12, 2.86193594864e-12, 1.43381367976e-12], "dvar2": [9.33171759243e-06, 1.9415969291e-05, 2.08558194572e-05, 2.21005507228e-06, 6.42584382149e-07, 1.01920295492e-06, 4.64983173742e-07, 2.12901881014e-07, 6.08334431718e-08, 5.80097676561e-08, 1.32284142751e-07, 5.99873004603e-08, 1.70478855921e-07, 2.05882599857e-07, 1.65532185292e-07, 1.40504505808e-08, 2.9650608635e-09, 7.71777397546e-09, 1.23672949659e-09, 1.18524345893e-09, 1.12293674359e-09, 7.87331977392e-10, 1.35943800661e-09, 7.24089177506e-10, 8.55647552811e-10, 3.12877918018e-10, 8.60093316013e-11, 1.36625627478e-10, 8.7120005654e-11, 5.54523996166e-11, 7.65357638377e-11, 5.64935771774e-11, 3.71583701309e-11, 5.37527487798e-11, 3.71303821023e-11, 1.10547968349e-11, 2.90052422185e-12, 3.73415751445e-12, 6.35258902773e-12, 3.11125322554e-12], "max": [0.0348152630031, 0.0397780463099, 0.0365330018103, 0.0147085562348, 0.00822086073458, 0.0102466642857, 0.00736364722252, 0.00404292903841, 0.0031424947083, 0.00218665343709, 0.00296917976812, 0.00228995177895, 0.00736803328618, 0.0103976167738, 0.00821607001126, 0.00257864128798, 0.000944910629187, 0.00109067931771, 0.000371266680304, 0.000931881659199, 0.000402248231694, 0.000282607506961, 0.000406811363064, 0.000555642647669, 0.000812734186184, 0.000579262734391, 0.000143824378029, 0.000207804449019, 0.000147766812006, 0.000106499130197, 8.82716049091e-05, 0.00012173102732, 0.000102529564174, 0.000116150964459, 5.80163141422e-05, 5.86731584917e-05, 3.38295212714e-05, 3.98265110562e-05, 4.3773183279e-05, 1.98186007765e-05], "mean": [0.00110631342977, 0.00262972502969, 0.0015065940097, 0.000617769139353, 0.000327083194861, 0.000393317546695, 0.000319451588439, 0.000320454593748, 0.000203527728445, 0.000155458459631, 0.000215267617023, 0.000161938834935, 0.000248867640039, 0.000114877526357, 5.50990371266e-05, 3.1282670534e-05, 2.61514196609e-05, 2.12737886613e-05, 1.48168128362e-05, 2.18811055674e-05, 1.46309985212e-05, 1.21900075101e-05, 1.18422904052e-05, 1.2388461073e-05, 1.35706759465e-05, 7.0700057222e-06, 5.01730664837e-06, 6.34389380139e-06, 4.03565218221e-06, 3.48064759237e-06, 3.56126543011e-06, 2.53412372331e-06, 2.49521485784e-06, 2.28706494454e-06, 2.02834371521e-06, 1.43323700286e-06, 9.70955511548e-07, 9.17150998703e-07, 8.72277439612e-07, 6.86111889081e-07], "median": [0.000245261704549, 0.000666705949698, 0.000493352243211, 0.000306626519887, 0.000196150183911, 0.000217668144614, 0.000166937912581, 0.000159667135449, 0.000113676651381, 9.38263256103e-05, 0.000120000440802, 9.59244716796e-05, 0.000155965943122, 6.45759719191e-05, 2.6249759685e-05, 1.60196959769e-05, 1.37744700623e-05, 1.0459934856e-05, 8.1543403212e-06, 1.49167253767e-05, 7.6927635746e-06, 6.23353162155e-06, 6.4612991082e-06, 4.93146762892e-06, 7.01781891621e-06, 2.62869571088e-06, 2.27356099458e-06, 2.91753985948e-06, 1.56742964919e-06, 1.06248967313e-06, 1.0325097719e-06, 6.82384097672e-07, 5.49522439997e-07, 5.92946094002e-07, 5.4133232652e-07, 3.37022527219e-07, 3.38605019579e-07, 2.16309032908e-07, 1.68033281511e-07, 1.19210753269e-07], "min": [9.12945017966e-24, 2.3217113213e-24, 6.94344719153e-24, 1.58219828053e-23, 2.499075849e-23, 2.53974431079e-23, 5.32635254445e-24, 4.27522497053e-24, 7.57963047804e-25, 1.81406276271e-24, 5.16026143073e-24, 5.24982238702e-24, 2.11751349269e-24, 8.83868630519e-24, 8.31072063398e-24, 1.41571549738e-23, 2.12674596574e-23, 1.30202652032e-23, 9.1473675774e-24, 1.20350402526e-23, 1.53203004018e-23, 5.9198145756e-24, 9.81131472486e-24, 1.20740707236e-23, 5.74133637352e-24, 7.02094488686e-24, 1.54697280122e-23, 1.03966660826e-23, 1.0392274494e-23, 7.8901993958e-24, 7.30967823336e-24, 9.23947418783e-24, 9.0571408225e-24, 1.29341870678e-23, 1.21277227315e-23, 1.05737054024e-23, 1.17863834067e-23, 1.40297239608e-23, 1.04676162324e-23, 1.01324347558e-23], "var": [6.07152514931e-06, 1.50271671373e-05, 7.5974144238e-06, 9.44923101542e-07, 2.26695860306e-07, 3.85753708088e-07, 2.19247340283e-07, 1.75247691914e-07, 7.52183737518e-08, 3.68544341711e-08, 8.40360385723e-08, 4.7762046762e-08, 9.57051682349e-08, 6.61941612634e-08, 3.6845811735e-08, 4.03675004534e-09, 1.63985569568e-09, 2.29372831839e-09, 5.8375393408e-10, 7.28344773382e-10, 7.32971239259e-10, 4.64215055285e-10, 4.19735607382e-10, 1.23701393573e-09, 8.37377445162e-10, 5.69418345808e-10, 1.09552492078e-10, 1.65363070459e-10, 8.78305067564e-11, 5.77566189319e-11, 5.40933166315e-11, 3.80174364212e-11, 4.15966948386e-11, 3.14745139673e-11, 2.33000077565e-11, 1.01795117474e-11, 3.32360679776e-12, 4.73067548676e-12, 5.53685612983e-12, 3.06092412701e-12]}, "mfcc": {"mean": [-649.532897949, 123.319503784, -6.15101337433, 9.04660892487, -9.82800674438, -4.20203399658, -0.327172935009, 6.80787467957, -3.8926589489, -4.92571020126, -8.04041671753, -2.46218466759, 0.267717599869], "cov": [[8941.94335938, 1280.6965332, 1335.52832031, 505.199890137, 324.50088501, 740.682556152, 283.384246826, 317.007324219, 353.492736816, 278.718261719, 188.372512817, -22.062002182, -224.097106934], [1280.6965332, 1107.90270996, 78.0849990845, 6.74738693237, 45.1581039429, 121.981887817, 43.1228179932, 92.0576171875, 51.296962738, 143.120422363, 61.4726600647, 4.23580884933, -47.798286438], [1335.52832031, 78.0849990845, 747.773864746, 225.084518433, 235.874694824, 335.568389893, 154.688980103, 189.053146362, 197.255767822, 102.012908936, 108.285949707, 50.5040435791, 1.78918707371], [505.199890137, 6.74738693237, 225.084518433, 243.794616699, 143.745681763, 120.046730042, 68.3101425171, 79.2455978394, 71.4144592285, 34.9668273926, 35.4091377258, 19.837934494, 29.2022628784], [324.50088501, 45.1581039429, 235.874694824, 143.745681763, 226.147781372, 166.765045166, 80.8747406006, 105.466369629, 88.6276016235, 53.2057914734, 47.1521263123, 24.9045276642, 15.4936828613], [740.682556152, 121.981887817, 335.568389893, 120.046730042, 166.765045166, 290.518127441, 112.966072083, 122.029556274, 121.180152893, 70.966468811, 67.9670715332, 35.9719238281, 1.47631657124], [283.384246826, 43.1228179932, 154.688980103, 68.3101425171, 80.8747406006, 112.966072083, 149.575973511, 89.9752578735, 67.6880950928, 43.6743469238, 38.8747711182, 26.3658809662, 13.2519760132], [317.007324219, 92.0576171875, 189.053146362, 79.2455978394, 105.466369629, 122.029556274, 89.9752578735, 165.016616821, 90.6494750977, 65.1386108398, 48.0517501831, 22.9439048767, 17.3468818665], [353.492736816, 51.296962738, 197.255767822, 71.4144592285, 88.6276016235, 121.180152893, 67.6880950928, 90.6494750977, 142.547805786, 66.1234588623, 49.4817390442, 33.2584495544, 9.21991443634], [278.718261719, 143.120422363, 102.012908936, 34.9668273926, 53.2057914734, 70.966468811, 43.6743469238, 65.1386108398, 66.1234588623, 124.430686951, 63.0291061401, 22.2946395874, 13.3959817886], [188.372512817, 61.4726600647, 108.285949707, 35.4091377258, 47.1521263123, 67.9670715332, 38.8747711182, 48.0517501831, 49.4817390442, 63.0291061401, 108.524513245, 38.06016922, 1.84443533421], [-22.062002182, 4.23580884933, 50.5040435791, 19.837934494, 24.9045276642, 35.9719238281, 26.3658809662, 22.9439048767, 33.2584495544, 22.2946395874, 38.06016922, 76.834777832, 31.9581661224], [-224.097106934, -47.798286438, 1.78918707371, 29.2022628784, 15.4936828613, 1.47631657124, 13.2519760132, 17.3468818665, 9.21991443634, 13.3959817886, 1.84443533421, 31.9581661224, 84.868309021]], "icov": [[0.000226535237744, -0.000204092924832, -0.000312562799081, -0.00037575015449, 0.000369001034414, -0.000243759102887, -2.29794059123e-05, 0.000114794682304, 2.3943684937e-06, -0.000123856094433, 0.000132890985697, 0.00010215221846, 0.000514041690622], [-0.000204092924832, 0.00137238949537, 0.000514154904522, 0.000304032466374, -8.82752428879e-05, -0.000397453055484, 0.000214406260056, -0.00063679786399, 0.000501022033859, -0.0014644555049, 0.000183791911695, -0.000324148539221, 0.000533074664418], [-0.000312562799081, 0.000514154904522, 0.00396608142182, -0.000832180026919, -0.000500325171743, -0.00221751700155, 6.8920875492e-05, -0.000919580517802, -0.00155279226601, 0.000298713246593, -0.000878177350387, -0.000102105390397, 0.000153164728545], [-0.00037575015449, 0.000304032466374, -0.000832180026919, 0.00815114658326, -0.0042539848946, 0.00101742846891, -0.000597886857577, 7.88086690591e-05, -0.000331462797476, 0.000973985064775, -0.000641600927338, 0.000921000901144, -0.00322255608626], [0.000369001034414, -8.82752428879e-05, -0.000500325171743, -0.0042539848946, 0.0110654775053, -0.00392533885315, 0.000153020533617, -0.00210167770274, -0.000186482080608, -0.000725951220375, 0.000265898299403, 0.000136883201776, 0.000930297886953], [-0.000243759102887, -0.000397453055484, -0.00221751700155, 0.00101742846891, -0.00392533885315, 0.0104619618505, -0.00233377492987, -0.000168969112565, -0.00179792707786, 0.000554773723707, -0.000645006191917, -0.000762124836911, 0.00017149913765], [-2.29794059123e-05, 0.000214406260056, 6.8920875492e-05, -0.000597886857577, 0.000153020533617, -0.00233377492987, 0.0114323087037, -0.00392523501068, -0.00039095961256, -0.000249823846389, -0.000159504415933, -0.00123127317056, -0.00015678301861], [0.000114794682304, -0.00063679786399, -0.000919580517802, 7.88086690591e-05, -0.00210167770274, -0.000168969112565, -0.00392523501068, 0.0134040536359, -0.00344942719676, -0.00138164998498, -0.000664233928546, 0.00175176304765, -0.00185586384032], [2.3943684937e-06, 0.000501022033859, -0.00155279226601, -0.000331462797476, -0.000186482080608, -0.00179792707786, -0.00039095961256, -0.00344942719676, 0.0156312249601, -0.00447765691206, 0.000882700202055, -0.00339697278105, 0.00153532752302], [-0.000123856094433, -0.0014644555049, 0.000298713246593, 0.000973985064775, -0.000725951220375, 0.000554773723707, -0.000249823846389, -0.00138164998498, -0.00447765691206, 0.0162290651351, -0.00706701911986, 0.00241477880627, -0.00387992337346], [0.000132890985697, 0.000183791911695, -0.000878177350387, -0.000641600927338, 0.000265898299403, -0.000645006191917, -0.000159504415933, -0.000664233928546, 0.000882700202055, -0.00706701911986, 0.0167274419218, -0.00710285780951, 0.00414777128026], [0.00010215221846, -0.000324148539221, -0.000102105390397, 0.000921000901144, 0.000136883201776, -0.000762124836911, -0.00123127317056, 0.00175176304765, -0.00339697278105, 0.00241477880627, -0.00710285780951, 0.0207508727908, -0.00807684846222], [0.000514041690622, 0.000533074664418, 0.000153164728545, -0.00322255608626, 0.000930297886953, 0.00017149913765, -0.00015678301861, -0.00185586384032, 0.00153532752302, -0.00387992337346, 0.00414777128026, -0.00807684846222, 0.018174065277]]}, "spectral_contrast_coeffs": {"dmean": [0.0447232685983, 0.0432215966284, 0.0416339412332, 0.0350871607661, 0.0241247918457, 0.017037043348], "dmean2": [0.0727407038212, 0.0687232166529, 0.066394098103, 0.0555483363569, 0.0384558849037, 0.0271483324468], "dvar": [0.00155381602235, 0.00129644852132, 0.00114224490244, 0.00084199255798, 0.000375917297788, 0.000309643277433], "dvar2": [0.00409102020785, 0.0032425771933, 0.00281770620495, 0.0020189487841, 0.000902089173906, 0.00071742158616], "max": [-0.291710108519, -0.488560736179, -0.46680393815, -0.547336220741, -0.566282570362, -0.619349420071], "mean": [-0.606404185295, -0.724033594131, -0.712184131145, -0.75531744957, -0.756587743759, -0.759786009789], "median": [-0.618731021881, -0.725556731224, -0.713695168495, -0.758814156055, -0.761110544205, -0.762800574303], "min": [-0.968325972557, -0.962312817574, -0.961248040199, -0.953420460224, -0.954055666924, -0.961784243584], "var": [0.00792089290917, 0.00339025771245, 0.00325215887278, 0.00238051731139, 0.00199477933347, 0.000935246003792]}, "spectral_contrast_valleys": {"dmean": [0.426950365305, 0.352248370647, 0.378137499094, 0.367832541466, 0.296442329884, 0.294881403446], "dmean2": [0.685211658478, 0.5411632061, 0.578002631664, 0.543741703033, 0.419816374779, 0.377359390259], "dvar": [0.21003100276, 0.168066874146, 0.18944439292, 0.193022355437, 0.153055205941, 0.159966126084], "dvar2": [0.448484659195, 0.279816299677, 0.322244942188, 0.298079967499, 0.230223372579, 0.256861835718], "max": [-4.96070194244, -4.66393089294, -4.85181713104, -5.49603271484, -5.67787885666, -7.6373295784], "mean": [-7.9451