{"lowlevel": {"average_loudness": 0.869467556477, "barkbands_crest": {"dmean": 2.62233304977, "dmean2": 4.13860559464, "dvar": 7.77437639236, "dvar2": 18.195268631, "max": 23.8319377899, "mean": 12.4274692535, "median": 12.0283899307, "min": 2.62133765221, "var": 19.3121986389}, "barkbands_flatness_db": {"dmean": 0.0426754951477, "dmean2": 0.0580291077495, "dvar": 0.00206088949926, "dvar2": 0.00399842206389, "max": 0.695644378662, "mean": 0.22379514575, "median": 0.204457730055, "min": 0.0240801032633, "var": 0.0145478090271}, "barkbands_kurtosis": {"dmean": 14.5425071716, "dmean2": 20.9983329773, "dvar": 991.453674316, "dvar2": 1748.8269043, "max": 464.113983154, "mean": 21.7590866089, "median": 8.97939968109, "min": -1.94429838657, "var": 2011.19848633}, "barkbands_skewness": {"dmean": 1.2595821619, "dmean2": 1.75851511955, "dvar": 2.49402475357, "dvar2": 4.71995973587, "max": 17.1015357971, "mean": 2.5680565834, "median": 2.28692102432, "min": -5.48845434189, "var": 8.34461688995}, "barkbands_spread": {"dmean": 9.6833524704, "dmean2": 15.2179756165, "dvar": 238.793319702, "dvar2": 551.161743164, "max": 103.669746399, "mean": 17.256439209, "median": 8.26405525208, "min": 0.283743083477, "var": 453.614379883}, "dissonance": {"dmean": 0.0251872651279, "dmean2": 0.0414746068418, "dvar": 0.000769220292568, "dvar2": 0.00199857656844, "max": 0.500000059605, "mean": 0.439265817404, "median": 0.44412997365, "min": 0.292346477509, "var": 0.00230865413323}, "dynamic_complexity": 8.21417045593, "erbbands_crest": {"dmean": 3.49128198624, "dmean2": 5.32174253464, "dvar": 13.6343412399, "dvar2": 30.7624225616, "max": 30.216381073, "mean": 13.0322151184, "median": 11.948431015, "min": 2.67322659492, "var": 41.9504966736}, "erbbands_flatness_db": {"dmean": 0.0311376266181, "dmean2": 0.0432384163141, "dvar": 0.000853303703479, "dvar2": 0.00159031478688, "max": 0.465151667595, "mean": 0.189548134804, "median": 0.183945789933, "min": 0.0486798547208, "var": 0.00557680986822}, "erbbands_kurtosis": {"dmean": 4.25942707062, "dmean2": 6.45685529709, "dvar": 31.8155670166, "dvar2": 72.7625808716, "max": 93.7324523926, "mean": 6.68209791183, "median": 2.93367028236, "min": -1.9311504364, "var": 142.119476318}, "erbbands_skewness": {"dmean": 0.778251945972, "dmean2": 1.12766480446, "dvar": 0.625062525272, "dvar2": 1.35407924652, "max": 7.88550138474, "mean": 1.11164629459, "median": 1.22925794125, "min": -4.87610244751, "var": 3.58190655708}, "erbbands_spread": {"dmean": 18.0111541748, "dmean2": 27.5239429474, "dvar": 584.745178223, "dvar2": 1304.22436523, "max": 177.026916504, "mean": 40.8113059998, "median": 27.2621555328, "min": 1.2591432333, "var": 1510.84863281}, "hfc": {"dmean": 7.24225282669, "dmean2": 11.0506315231, "dvar": 200.608734131, "dvar2": 486.031219482, "max": 116.076637268, "mean": 9.88808822632, "median": 3.67492580414, "min": 1.14144519614e-07, "var": 252.887359619}, "melbands_crest": {"dmean": 3.36090493202, "dmean2": 5.48350524902, "dvar": 19.1463165283, "dvar2": 46.539768219, "max": 32.3941268921, "mean": 18.1004981995, "median": 17.0428695679, "min": 1.63383448124, "var": 64.8039627075}, "melbands_flatness_db": {"dmean": 0.0513864047825, "dmean2": 0.0706930235028, "dvar": 0.00319117121398, "dvar2": 0.00635420996696, "max": 0.87016505003, "mean": 0.303028434515, "median": 0.289646327496, "min": 0.00272344634868, "var": 0.024289984256}, "melbands_kurtosis": {"dmean": 44.077507019, "dmean2": 61.7975387573, "dvar": 13202.2402344, "dvar2": 21337.9746094, "max": 1356.73693848, "mean": 69.8005142212, "median": 16.5254669189, "min": -1.9001005888, "var": 33012.96875}, "melbands_skewness": {"dmean": 1.86832392216, "dmean2": 2.63400626183, "dvar": 8.73515510559, "dvar2": 16.3052845001, "max": 27.7940063477, "mean": 4.33348417282, "median": 2.83755278587, "min": -4.15943098068, "var": 27.5846309662}, "melbands_spread": {"dmean": 11.6316461563, "dmean2": 18.5270824432, "dvar": 707.824279785, "dvar2": 1609.28808594, "max": 252.758468628, "mean": 23.6917114258, "median": 7.54722261429, "min": 0.283630132675, "var": 1935.89709473}, "pitch_salience": {"dmean": 0.0870625674725, "dmean2": 0.135421901941, "dvar": 0.0122747309506, "dvar2": 0.0271272026002, "max": 0.898836433887, "mean": 0.485910952091, "median": 0.506684064865, "min": 0.017072333023, "var": 0.0405544042587}, "silence_rate_20dB": {"dmean": 0, "dmean2": 0, "dvar": 0, "dvar2": 0, "max": 1, "mean": 1, "median": 1, "min": 1, "var": 0}, "silence_rate_30dB": {"dmean": 0.0201005022973, "dmean2": 0.0402298867702, "dvar": 0.0196966547519, "dvar2": 0.0515420362353, "max": 1, "mean": 0.986370146275, "median": 1, "min": 0, "var": 0.0134439701214}, "silence_rate_60dB": {"dmean": 0.0603015087545, "dmean2": 0.12068965286, "dvar": 0.0566660612822, "dvar2": 0.114746257663, "max": 1, "mean": 0.325681477785, "median": 0, "min": 0, "var": 0.219611272216}, "spectral_centroid": {"dmean": 349.843719482, "dmean2": 530.064575195, "dvar": 344363.15625, "dvar2": 667153.75, "max": 5656.92724609, "mean": 1153.49475098, "median": 561.278808594, "min": 108.121742249, "var": 1663921.25}, "spectral_complexity": {"dmean": 2.20100498199, "dmean2": 3.46479892731, "dvar": 15.780128479, "dvar2": 37.5157012939, "max": 41, "mean": 6.88020086288, "median": 7, "min": 0, "var": 41.6763725281}, "spectral_decrease": {"dmean": 2.88298140916e-09, "dmean2": 4.5838794982e-09, "dvar": 4.20554869249e-17, "dvar2": 1.10592883228e-16, "max": 4.68226371557e-18, "mean": -5.65177504797e-09, "median": -2.801007426e-09, "min": -7.07178244852e-08, "var": 5.6013203541e-17}, "spectral_energy": {"dmean": 0.0114412736148, "dmean2": 0.018133206293, "dvar": 0.000643883540761, "dvar2": 0.00168398721144, "max": 0.273959457874, "mean": 0.0222279950976, "median": 0.0108546037227, "min": 1.0394002499e-11, "var": 0.000864295579959}, "spectral_energyband_high": {"dmean": 0.000406392093282, "dmean2": 0.000665212690365, "dvar": 7.0972322419e-07, "dvar2": 1.75489890353e-06, "max": 0.00640154862776, "mean": 0.00033490039641, "median": 3.91132998629e-05, "min": 7.59143962969e-12, "var": 6.63130549583e-07}, "spectral_energyband_low": {"dmean": 0.00457425694913, "dmean2": 0.00751627935097, "dvar": 0.000278986408375, "dvar2": 0.000799176166765, "max": 0.230873271823, "mean": 0.0093055004254, "median": 0.00228331959806, "min": 1.8256995579e-13, "var": 0.000269933079835}, "spectral_energyband_middle_high": {"dmean": 0.000733142951503, "dmean2": 0.00121609587222, "dvar": 4.59465809399e-06, "dvar2": 1.26453223857e-05, "max": 0.0204722546041, "mean": 0.000867173192091, "median": 0.000244042224949, "min": 1.61223259135e-12, "var": 3.80104575015e-06}, "spectral_energyband_middle_low": {"dmean": 0.00748814130202, "dmean2": 0.0114808175713, "dvar": 0.000239931992837, "dvar2": 0.000589103379752, "max": 0.131610617042, "mean": 0.012312611565, "median": 0.00431717652828, "min": 2.45247832459e-13, "var": 0.000350822461769}, "spectral_entropy": {"dmean": 0.370062887669, "dmean2": 0.49862152338, "dvar": 0.147025600076, "dvar2": 0.28307774663, "max": 8.83517360687, "mean": 7.11326169968, "median": 7.21251392365, "min": 3.63523602486, "var": 1.15101850033}, "spectral_flux": {"dmean": 0.0335057452321, "dmean2": 0.0511663928628, "dvar": 0.00269716791809, "dvar2": 0.00557987950742, "max": 0.499961912632, "mean": 0.0581658631563, "median": 0.034915715456, "min": 1.0793050933e-05, "var": 0.00463520316407}, "spectral_kurtosis": {"dmean": 4.05090522766, "dmean2": 6.13999938965, "dvar": 48.4335403442, "dvar2": 118.460296631, "max": 250.530838013, "mean": 13.7995471954, "median": 3.80117034912, "min": -0.459977149963, "var": 1296.9519043}, "spectral_rms": {"dmean": 0.000988755258732, "dmean2": 0.0014449544251, "dvar": 2.68042367679e-06, "dvar2": 6.27110057394e-06, "max": 0.016348624602, "mean": 0.00362391653471, "median": 0.00325420545414, "min": 1.0069999945e-07, "var": 8.55305370351e-06}, "spectral_rolloff": {"dmean": 715.067382812, "dmean2": 1216.67370605, "dvar": 2780875.75, "dvar2": 6076564, "max": 19078.4179688, "mean": 2125.6550293, "median": 452.197265625, "min": 107.666015625, "var": 17679986}, "spectral_skewness": {"dmean": 0.455507159233, "dmean2": 0.667319357395, "dvar": 0.230430111289, "dvar2": 0.505257189274, "max": 13.8144006729, "mean": 2.24567818642, "median": 1.79410731792, "min": 0.142943277955, "var": 4.79857587814}, "spectral_spread": {"dmean": 1163168.75, "dmean2": 1642605.375, "dvar": 1234320359420.0, "dvar2": 2476356403200.0, "max": 12509707, "mean": 5666810.5, "median": 5672818.5, "min": 447904.15625, "var": 6651451015170.0}, "spectral_strongpeak": {"dmean": 0.377279073, "dmean2": 0.610618472099, "dvar": 0.406613588333, "dvar2": 0.911650300026, "max": 4.45895910263, "mean": 0.60856872797, "median": 0.293556749821, "min": 0, "var": 0.708450675011}, "zerocrossingrate": {"dmean": 0.0176247451454, "dmean2": 0.0200479440391, "dvar": 0.000530025106855, "dvar2": 0.000545068236534, "max": 0.5234375, "mean": 0.0745136812329, "median": 0.033203125, "min": 0.001953125, "var": 0.0119313998148}, "barkbands": {"dmean": [0.000157977978233, 0.00293743191287, 0.00163444818463, 0.000825535622425, 0.00182169186883, 0.000928899156861, 0.00433395290747, 0.000639971753117, 0.000520345929544, 0.000168490922078, 7.39137030905e-05, 8.64003886818e-05, 6.85901177349e-05, 5.84361114306e-05, 9.7691983683e-05, 7.50464751036e-05, 9.3610251497e-05, 6.03364387644e-05, 6.08826267126e-05, 6.35757678538e-05, 4.78757683595e-05, 6.93287292961e-05, 6.79159056745e-05, 5.73238830839e-05, 5.64169131394e-05, 4.9300811952e-05, 2.74289723166e-05], "dmean2": [0.000274874764727, 0.00508846156299, 0.00251026288606, 0.00134123326279, 0.00316949887201, 0.00156040303409, 0.00654196040705, 0.00100327446125, 0.000732255983166, 0.000256214640103, 0.0001266124018, 0.000150684252731, 0.000117681651318, 0.000103514073999, 0.000175864901394, 0.000132035958814, 0.000169720966369, 0.000109624867036, 0.000107429950731, 0.000114125636173, 8.49256030051e-05, 0.000122301687952, 0.000114901122288, 9.57736992859e-05, 8.65095134941e-05, 7.20397292753e-05, 4.04751517635e-05], "dvar": [3.56226678377e-07, 0.000176048764843, 1.71635838342e-05, 8.04625506134e-06, 2.61173117906e-05, 5.85905809203e-06, 9.53427661443e-05, 4.76582636111e-06, 5.05599518874e-06, 2.56927592091e-07, 5.8078274634e-08, 9.61058930216e-08, 4.67708645147e-08, 3.80572657832e-08, 1.09196903963e-07, 8.76391226257e-08, 1.28071079075e-07, 6.35820640582e-08, 2.87293477896e-08, 1.95245792867e-08, 1.01455537305e-08, 2.15418598515e-08, 2.03289918232e-08, 1.60475170929e-08, 2.18716387224e-08, 2.19672653401e-08, 9.80000613993e-09], "dvar2": [9.04015678316e-07, 0.000512414728291, 4.30960753874e-05, 2.09548361454e-05, 7.31733598514e-05, 1.56653932208e-05, 0.00022743162117, 1.1164701391e-05, 1.07307450889e-05, 5.70597137539e-07, 1.63465429637e-07, 2.73808979045e-07, 1.27059536226e-07, 1.08349837546e-07, 3.12961958571e-07, 2.49713821177e-07, 3.66470487734e-07, 1.86309989658e-07, 8.04612056982e-08, 5.42515365964e-08, 2.79709109208e-08, 5.92201629956e-08, 5.35635145127e-08, 4.19911962979e-08, 5.14061255785e-08, 4.48341843651e-08, 2.14986570768e-08], "max": [0.00793416798115, 0.192973762751, 0.0516860745847, 0.0319636203349, 0.0486315973103, 0.0270389802754, 0.0871695876122, 0.0331787988544, 0.0334852710366, 0.00685738865286, 0.00295779621229, 0.00456044776365, 0.00221938290633, 0.00198409846053, 0.00478203967214, 0.00410311482847, 0.0032621899154, 0.0028383906465, 0.00182534311898, 0.000886640977114, 0.000813055492472, 0.00119773612823, 0.00116403854918, 0.00112679612357, 0.00148885336239, 0.00154188403394, 0.00105025095399], "mean": [0.000172924817889, 0.00493533303961, 0.00362231885083, 0.00155700102914, 0.00202401541173, 0.00136636500247, 0.00556206982583, 0.000921656901482, 0.00085211568512, 0.000223293580348, 8.54313911987e-05, 8.46254188218e-05, 7.44516437408e-05, 5.29415374331e-05, 9.16163771763e-05, 8.14517916297e-05, 6.93430047249e-05, 4.77071371279e-05, 4.7220968554e-05, 4.75144261145e-05, 3.59400073648e-05, 5.16645959578e-05, 5.34194005013e-05, 4.52369386039e-05, 5.00070855196e-05, 4.68013604404e-05, 2.55412069237e-05], "median": [1.20904887808e-05, 0.000570077158045, 0.00106972479261, 9.72154230112e-05, 0.000666359730531, 0.000499723188113, 0.000235761879594, 5.80311607337e-05, 4.74736661999e-05, 2.50000994129e-05, 1.5866382455e-05, 1.20376653285e-05, 1.14003578346e-05, 9.32073180593e-06, 1.60288254847e-05, 1.13272262752e-05, 7.01683029547e-06, 5.44671729585e-06, 6.40367215965e-06, 5.23021753907e-06, 4.71896146337e-06, 9.63733600656e-06, 8.62062552187e-06, 5.28521559318e-06, 3.76464731744e-06, 1.17149534162e-06, 2.19064531848e-07], "min": [1.72839254844e-13, 4.79312668386e-14, 3.20744653236e-15, 3.80491308016e-15, 7.58791765315e-15, 3.472466455e-14, 4.33921595758e-14, 2.98060187642e-14, 1.03899433002e-13, 5.89267539928e-14, 5.53533185e-14, 5.71964283119e-14, 1.18540079011e-13, 1.91874321336e-13, 1.9218951246e-13, 7.43319522687e-14, 3.45468743673e-13, 9.54963511697e-14, 2.12482700705e-13, 4.49043715623e-13, 4.14378411142e-13, 3.83324313047e-13, 6.74722593335e-13, 5.74726572757e-13, 8.37596214175e-13, 1.80212453033e-12, 2.80437673951e-12], "var": [3.18318228665e-07, 0.000129114385345, 3.45950647898e-05, 1.06629686343e-05, 2.069553193e-05, 5.84633517065e-06, 0.000128310639411, 8.88900285645e-06, 1.00507895695e-05, 3.76922713485e-07, 5.00652888036e-08, 6.71088997706e-08, 4.03615807443e-08, 2.52998635375e-08, 7.07498699626e-08, 6.11364399106e-08, 7.58781979471e-08, 3.58876626194e-08, 1.87455082568e-08, 1.31441906248e-08, 6.94124713263e-09, 1.46003404922e-08, 1.56907393745e-08, 1.29353487921e-08, 2.29119248019e-08, 2.73005440476e-08, 1.0855472965e-08]}, "erbbands": {"dmean": [0.060360673815, 0.74287968874, 2.11630320549, 1.86191105843, 5.32415008545, 5.57124042511, 6.11960744858, 10.0641078949, 70.1447677612, 23.3222942352, 14.3427591324, 14.7102603912, 3.9699985981, 5.22212553024, 3.24872803688, 3.44416689873, 3.3221912384, 2.01036000252, 4.01880693436, 5.05797386169, 4.65553236008, 5.10411500931, 3.48234152794, 3.52465057373, 2.88627910614, 2.64967083931, 2.38193488121, 2.16065597534, 2.55486392975, 2.2214615345, 1.86756646633, 1.21971940994, 0.954991281033, 0.573605358601, 0.417771548033, 0.230344548821, 0.0866365432739, 0.0263834930956, 0.00502726901323, 0.000254307116847], "dmean2": [0.105622641742, 1.28512895107, 3.34389090538, 2.97159051895, 9.28161716461, 9.49438095093, 10.4323816299, 16.2695655823, 108.271492004, 34.3678398132, 21.1415939331, 20.4835700989, 6.25360250473, 7.63632392883, 5.57872772217, 6.03503274918, 5.68037939072, 3.58129811287, 7.10395526886, 8.92865371704, 8.25766372681, 9.22031497955, 6.32981157303, 6.34507513046, 5.101541996, 4.72386598587, 4.32565307617, 3.88496446609, 4.53718042374, 3.74470829964, 3.17889928818, 2.03384661674, 1.58922159672, 0.899385452271, 0.630118310452, 0.350719660521, 0.122709490359, 0.0378259755671, 0.00752421142533, 0.000378223339794], "dvar": [0.104570128024, 9.75791454315, 33.32081604, 23.5172309875, 391.264312744, 206.502243042, 328.489776611, 593.614379883, 27347.5644531, 3291.98388672, 2317.38354492, 4361.44189453, 181.179153442, 272.434204102, 120.7161026, 161.743041992, 108.603172302, 49.6214065552, 152.844833374, 252.690322876, 364.684051514, 382.096496582, 203.992523193, 201.764404297, 53.0092658997, 32.6813697815, 29.0839614868, 22.3091449738, 29.196352005, 19.3484573364, 19.4915390015, 8.82362365723, 3.94706726074, 1.7753354311, 1.44763255119, 0.459901303053, 0.0740914046764, 0.00775938527659, 0.000333627656801, 8.63333752932e-07], "dvar2": [0.300998985767, 28.5007133484, 90.6217803955, 59.5961418152, 1114.44506836, 557.103088379, 906.293579102, 1482.23596191, 66185.6328125, 7362.41259766, 4977.64794922, 9406.36425781, 464.725067139, 567.846740723, 342.061767578, 462.029174805, 299.591888428, 140.249526978, 425.054382324, 717.794372559, 1037.03283691, 1087.01025391, 596.406738281, 583.758056641, 146.272262573, 90.6367797852, 81.5071105957, 62.138256073, 80.5188598633, 50.227848053, 52.8848381042, 23.6157474518, 10.0641946793, 4.23875141144, 3.38869857788, 1.04711997509, 0.141517043114, 0.0160563364625, 0.000742319331039, 1.94832182387e-06], "max": [4.64353704453, 45.0596847534, 66.0618743896, 54.7349815369, 222.558074951, 148.702194214, 210.025375366, 243.285720825, 1466.95751953, 692.946105957, 849.274291992, 996.51776123, 159.940917969, 280.736175537, 134.73588562, 181.459762573, 101.711677551, 64.866859436, 150.438034058, 197.264648438, 262.797088623, 183.932220459, 155.228393555, 203.315582275, 73.0014266968, 37.3440513611, 49.8780632019, 28.3756065369, 38.9468536377, 38.1660614014, 44.5813102722, 27.6840782166, 15.9774723053, 11.7370834351, 12.5339508057, 7.29974746704, 2.71165370941, 0.887696623802, 0.189885944128, 0.0104695567861], "mean": [0.117244981229, 1.21628916264, 4.38330554962, 4.01004123688, 6.37256336212, 6.39893198013, 8.68738555908, 14.8853635788, 81.8726959229, 38.4115219116, 22.9268474579, 24.6216430664, 4.56876468658, 7.66245412827, 4.00098991394, 3.49992370605, 3.65583848953, 1.8994024992, 4.09675121307, 5.08565807343, 4.74262285233, 3.82301235199, 2.82000279427, 2.72817826271, 2.30128145218, 2.07740235329, 1.70118820667, 1.56185150146, 1.87176656723, 1.7950810194, 1.43756151199, 0.956569075584, 0.762603282928, 0.489003688097, 0.384859800339, 0.206621274352, 0.0856114849448, 0.0252545047551, 0.00458363862708, 0.000249824457569], "median": [0.00386145478114, 0.189351126552, 1.4681198597, 0.899841964245, 0.838123321533, 1.91514158249, 3.74486494064, 4.13844108582, 2.93641662598, 2.54584789276, 2.42170524597, 1.58445906639, 0.751949727535, 1.15952289104, 0.881112456322, 0.523198246956, 0.605162858963, 0.357517302036, 0.841911971569, 0.827923119068, 0.633509039879, 0.418303966522, 0.398497760296, 0.401002645493, 0.311840593815, 0.273015737534, 0.164979577065, 0.194806963205, 0.332458585501, 0.342287540436, 0.213530555367, 0.119056023657, 0.0882380455732, 0.0462970510125, 0.024017283693, 0.00840703677386, 0.0014877243666, 0.00025441579055, 5.31783080078e-05, 1.8955746782e-05], "min": [3.74457452892e-12, 8.83392838047e-12, 4.83544974894e-12, 1.22762737476e-11, 1.9284051786e-11, 1.69929573884e-11, 8.67358476708e-11, 3.56503160326e-10, 7.49801554178e-10, 3.10402703541e-10, 9.66481783493e-10, 1.66592495354e-09, 2.88303292351e-09, 1.63132929387e-09, 2.24224749878e-09, 2.73869416034e-09, 6.51232578974e-09, 9.37276922741e-09, 6.99489444145e-09, 1.00210097997e-08, 6.24909057834e-09, 1.65384381745e-08, 6.98929980558e-09, 8.55834958458e-09, 1.59952389112e-08, 2.03002539223e-08, 1.69256910709e-08, 1.48061634064e-08, 1.13858424911e-08, 2.4800913323e-08, 1.596036725e-08, 1.34278916875e-08, 8.88259332754e-09, 8.96424445784e-09, 6.3764686864e-09, 6.97513824477e-09, 3.38762973229e-09, 1.35194300199e-09, 3.87413240377e-10, 4.16556407423e-11], "var": [0.0911383256316, 7.10648012161, 48.3017044067, 37.3793678284, 294.072418213, 177.935745239, 267.95223999, 704.598083496, 32143.7304688, 6364.15722656, 4968.39794922, 8221.3359375, 167.927352905, 471.915161133, 97.4248123169, 111.758552551, 91.7298431396, 33.2419776917, 111.172286987, 182.924514771, 251.378051758, 229.396835327, 115.608085632, 115.818336487, 37.3396682739, 22.8332691193, 18.4022293091, 14.3754148483, 19.4350643158, 15.592212677, 13.9152059555, 6.65363121033, 3.41380476952, 1.79139900208, 1.5435615778, 0.496071755886, 0.098447419703, 0.00939115695655, 0.000359344761819, 9.20050069908e-07]}, "gfcc": {"mean": [-175.189926147, 69.946105957, -63.9280166626, 38.8531913757, -55.2186660767, 11.5926218033, -32.0837478638, 6.39967727661, -15.6661109924, 1.06371378899, -13.6844425201, -1.80721712112, -14.0413236618], "cov": [[54452.96875, 8243.17382812, -2603.09985352, -1925.70336914, -2009.54577637, -1749.23327637, -2139.05395508, -55.8354988098, 378.371185303, 272.115600586, -378.968139648, -403.651824951, -459.281097412], [8243.17382812, 7397.45800781, 211.314025879, -1871.3145752, 85.4286575317, -1059.39880371, -389.716674805, -459.317718506, 446.859802246, -257.518707275, 161.806381226, -178.711425781, 629.919128418], [-2603.09985352, 211.314025879, 1538.70239258, 617.202758789, 573.23236084, 381.523651123, 417.7550354, 39.1191940308, -8.74302577972, -77.4813156128, -0.848550438881, -22.9917621613, 32.6670837402], [-1925.70336914, -1871.3145752, 617.202758789, 1820.28503418, 533.207092285, 870.680908203, 456.019561768, 192.749282837, -140.989135742, -52.5250854492, -104.714172363, -108.116584778, -308.364746094], [-2009.54577637, 85.4286575317, 573.23236084, 533.207092285, 870.08581543, 399.928161621, 357.854736328, 47.7309036255, 61.9014549255, -52.0492706299, 27.6175041199, -61.9853401184, 15.6389694214], [-1749.23327637, -1059.39880371, 381.523651123, 870.680908203, 399.928161621, 610.99041748, 323.42779541, 115.405517578, -71.2837905884, -44.3803024292, -66.3915252686, -32.3339424133, -150.496170044], [-2139.05395508, -389.716674805, 417.7550354, 456.019561768, 357.854736328, 323.42779541, 354.886230469, 106.349029541, 7.42921686172, -43.2133560181, 0.787556111813, -32.8537139893, -22.76222229], [-55.8354988098, -459.317718506, 39.1191940308, 192.749282837, 47.7309036255, 115.405517578, 106.349029541, 176.515457153, 51.8152542114, 40.540096283, -27.8052082062, -17.1575450897, -74.7094192505], [378.371185303, 446.859802246, -8.74302577972, -140.989135742, 61.9014549255, -71.2837905884, 7.42921686172, 51.8152542114, 161.045333862, 40.993270874, 20.782781601, -30.7122612, 28.9476337433], [272.115600586, -257.518707275, -77.4813156128, -52.5250854492, -52.0492706299, -44.3803024292, -43.2133560181, 40.540096283, 40.993270874, 116.219444275, 31.3080348969, 19.7961845398, -34.2949180603], [-378.968139648, 161.806381226, -0.848550438881, -104.714172363, 27.6175041199, -66.3915252686, 0.787556111813, -27.8052082062, 20.782781601, 31.3080348969, 85.7884750366, 31.2492790222, 45.1405487061], [-403.651824951, -178.711425781, -22.9917621613, -108.116584778, -61.9853401184, -32.3339424133, -32.8537139893, -17.1575450897, -30.7122612, 19.7961845398, 31.2492790222, 94.4430084229, 48.4476051331], [-459.281097412, 629.919128418, 32.6670837402, -308.364746094, 15.6389694214, -150.496170044, -22.76222229, -74.7094192505, 28.9476337433, -34.2949180603, 45.1405487061, 48.4476051331, 182.073440552]], "icov": [[5.2431209042e-05, -0.000150370353367, 6.72315145493e-05, -8.46453185659e-05, -1.51087863287e-06, 1.85337721632e-05, 0.000201789283892, -0.000274351914413, 0.000251793215284, -0.000314271863317, 0.000310785748297, -0.000229334036703, 0.000309920171276], [-0.000150370353367, 0.000944486644585, -0.000469242222607, 0.00050562893739, -5.42383895663e-05, -5.72625467612e-05, 0.00022025196813, 0.00112052913755, -0.00184242776595, 0.00226391060278, -0.00180011230987, 0.00222159083933, -0.00168726290576], [6.72315145493e-05, -0.000469242222607, 0.00133657397237, -0.000550356926396, -0.000300379062537, 0.000564241607208, -0.00157919060439, 0.00026619862183, 0.000734364439268, -0.00137744878884, 0.00178368773777, -0.00182845129166, 0.000693211855832], [-8.46453185659e-05, 0.00050562893739, -0.000550356926396, 0.00249772542156, -5.59459022043e-06, -0.00275053735822, 0.000503532181028, -0.000282962777419, 0.000398392352508, 0.00117532815784, -0.00211754627526, 0.00314041203819, -0.000112655456178], [-1.51087863287e-06, -5.42383895663e-05, -0.000300379062537, -5.59459022043e-06, 0.00293196528219, -0.00210508913733, -0.000899337406736, 0.000754702836275, -0.00122572528198, -0.000254851649515, -0.00173253763933, 0.00182414171286, -0.00147531088442], [1.85337721632e-05, -5.72625467612e-05, 0.000564241607208, -0.00275053735822, -0.00210508913733, 0.010713763535, -0.00573226483539, 0.00236106058583, -0.000532413541805, 0.000422728364356, 0.00652610138059, -0.00746215693653, 0.00530576938763], [0.000201789283892, 0.00022025196813, -0.00157919060439, 0.000503532181028, -0.000899337406736, -0.00573226483539, 0.0150604760274, -0.00858918111771, 0.00134357134812, 0.00422448758036, -0.00798159465194, 0.00724461907521, -0.00478604389355], [-0.000274351914413, 0.00112052913755, 0.00026619862183, -0.000282962777419, 0.000754702836275, 0.00236106058583, -0.00858918111771, 0.0171447917819, -0.00892046280205, -0.00142199778929, 0.00590692088008, -0.00427201390266, 0.00357484072447], [0.000251793215284, -0.00184242776595, 0.000734364439268, 0.000398392352508, -0.00122572528198, -0.000532413541805, 0.00134357134812, -0.00892046280205, 0.0176068842411, -0.00891834218055, 0.000599774066359, 0.00456776982173, -0.00211801985279], [-0.000314271863317, 0.00226391060278, -0.00137744878884, 0.00117532815784, -0.000254851649515, 0.000422728364356, 0.00422448758036, -0.00142199778929, -0.00891834218055, 0.0233109779656, -0.0121029121801, -5.40365435882e-05, 0.00275217019953], [0.000310785748297, -0.00180011230987, 0.00178368773777, -0.00211754627526, -0.00173253763933, 0.00652610138059, -0.00798159465194, 0.00590692088008, 0.000599774066359, -0.0121029121801, 0.0284138526767, -0.0135259898379, 0.00425402726978], [-0.000229334036703, 0.00222159083933, -0.00182845129166, 0.00314041203819, 0.00182414171286, -0.00746215693653, 0.00724461907521, -0.00427201390266, 0.00456776982173, -5.40365435882e-05, -0.0135259898379, 0.0312682650983, -0.0154927577823], [0.000309920171276, -0.00168726290576, 0.000693211855832, -0.000112655456178, -0.00147531088442, 0.00530576938763, -0.00478604389355, 0.00357484072447, -0.00211801985279, 0.00275217019953, 0.00425402726978, -0.0154927577823, 0.0211000237614]]}, "melbands": {"dmean": [0.000667530985083, 0.00107816804666, 0.000429299921962, 0.0004114008334, 0.000217389271711, 0.000266334362095, 0.000984463491477, 0.000206715107197, 0.000114588001452, 7.99305635155e-05, 1.76390640263e-05, 2.21996015171e-05, 1.0977833881e-05, 1.06721226985e-05, 8.44207170303e-06, 5.4180591178e-06, 3.83220140066e-06, 6.71650059303e-06, 7.66248376749e-06, 4.67789595859e-06, 5.7859961089e-06, 4.66542314825e-06, 5.3943876992e-06, 2.55278223449e-06, 2.95645577353e-06, 2.08353412745e-06, 1.88709339e-06, 1.8463364313e-06, 1.92492598217e-06, 7.65371225953e-07, 1.48704123148e-06, 1.59580849868e-06, 1.13575413252e-06, 1.28037800096e-06, 1.16850515042e-06, 7.85885845289e-07, 7.5864545579e-07, 7.28851773601e-07, 5.79001380174e-07, 4.45456180387e-07], "dmean2": [0.00117056805175, 0.00175478518941, 0.000707228668034, 0.000710436317604, 0.000370717112673, 0.000424341269536, 0.00151226588059, 0.00030804911512, 0.000167063379195, 0.00011317388271, 2.89783856715e-05, 3.24076463585e-05, 1.86513461813e-05, 1.87957775779e-05, 1.43572879097e-05, 9.3993739938e-06, 6.88565705786e-06, 1.17851177492e-05, 1.39807671076e-05, 8.03868715593e-06, 1.03455076896e-05, 8.4013763626e-06, 9.98991072265e-06, 4.56829366158e-06, 5.33732554686e-06, 3.68267092199e-06, 3.26964163833e-06, 3.35670392815e-06, 3.54708845407e-06, 1.34145022912e-06, 2.70079362963e-06, 2.89077911475e-06, 1.92216020878e-06, 2.16081457438e-06, 2.00746103474e-06, 1.32617947202e-06, 1.27729390442e-06, 1.22379822187e-06, 9.63119418884e-07, 6.97158156981e-07], "dvar": [1.0986595953e-05, 1.16564733617e-05, 1.72886575456e-06, 1.45747583247e-06, 4.47811089543e-07, 4.2021383706e-07, 5.20056482856e-06, 3.08467150489e-07, 1.3729267323e-07, 1.37223040042e-07, 4.34344871181e-09, 5.00920505075e-09, 1.30077393301e-09, 1.49221812684e-09, 7.19570680818e-10, 3.25336563245e-10, 1.89997961808e-10, 4.17928441854e-10, 8.17323431157e-10, 1.98435462506e-10, 6.30615837327e-10, 3.14858750183e-10, 5.30193944304e-10, 1.03584370248e-10, 1.51349183186e-10, 3.4094310708e-11, 1.86498247401e-11, 1.78408832846e-11, 2.09719550753e-11, 2.76445749972e-12, 1.1904676897e-11, 1.26827350705e-11, 8.90784408042e-12, 6.00044276419e-12, 8.07445169754e-12, 3.36308498411e-12, 3.76946520872e-12, 2.38307420672e-12, 1.53662553602e-12, 1.28132324629e-12], "dvar2": [3.17402664223e-05, 3.34034884872e-05, 4.66415758638e-06, 4.06355729865e-06, 1.2299088894e-06, 1.02520357359e-06, 1.2560549294e-05, 7.20280752375e-07, 2.88313344754e-07, 3.01072333286e-07, 1.13993987583e-08, 1.03503392523e-08, 3.64413033083e-09, 4.25463886344e-09, 1.98438399046e-09, 9.16485609626e-10, 5.39996269922e-10, 1.16889298241e-09, 2.35327712872e-09, 5.61180102387e-10, 1.7867584079e-09, 8.89751550215e-10, 1.54635737548e-09, 3.01176972251e-10, 4.37855168789e-10, 9.44887362797e-11, 5.0807750368e-11, 5.02326409635e-11, 5.92274215783e-11, 7.53019868682e-12, 3.34817555625e-11, 3.5565786427e-11, 2.44301662233e-11, 1.52940212578e-11, 2.20563636799e-11, 8.97073127587e-12, 1.02005322591e-11, 6.1323762908e-12, 3.95059245734e-12, 3.04079244423e-12], "max": [0.0486661866307, 0.0435318276286, 0.0138295162469, 0.0129491724074, 0.00788608565927, 0.00672964891419, 0.0203353725374, 0.00636948039755, 0.00640205480158, 0.00550436694175, 0.000848698604386, 0.00121058430523, 0.000394159636926, 0.000527234456968, 0.000292772194371, 0.000171635125298, 0.000124226178741, 0.000197766086785, 0.000426939397585, 0.000166770187207, 0.000343791209161, 0.000184572156286, 0.000244710972765, 0.000114702052088, 0.000182559539098, 6.89423759468e-05, 3.72863942175e-05, 2.75729489658e-05, 3.77340766136e-05, 1.58394032042e-05, 2.28561948461e-05, 2.34916442423e-05, 3.44906875398e-05, 1.76603516593e-05, 3.01146792481e-05, 1.58906495926e-05, 1.96671971935e-05, 1.26844424813e-05, 1.02803869595e-05, 9.83362770057e-06], "mean": [0.00120236352086, 0.00207176827826, 0.000826549425256, 0.000471610721434, 0.000304737361148, 0.000374475232093, 0.00118555140216, 0.000340202066582, 0.000188516336493, 0.000129215593915, 1.75210479938e-05, 3.25076762238e-05, 1.37032129714e-05, 1.00915267467e-05, 9.47134685703e-06, 5.53489871891e-06, 3.40804763255e-06, 6.71569705446e-06, 6.66520963932e-06, 5.44366685062e-06, 5.54878170078e-06, 3.409365263e-06, 3.9858132368e-06, 2.15629052036e-06, 2.21850064008e-06, 1.67736527601e-06, 1.56405121743e-06, 1.36072594614e-06, 1.31139711357e-06, 6.10831250469e-07, 1.03958802811e-06, 1.11106862732e-06, 9.26707059534e-07, 1.0353618336e-06, 8.88567342372e-07, 6.14712121205e-07, 5.83312555591e-07, 5.73026909478e-07, 4.58866054487e-07, 3.87474671015e-07], "median": [8.92732714419e-05, 0.000621876562946, 0.000193339248654, 0.000101997778984, 0.000133566878503, 9.32115217438e-05, 4.52491512988e-05, 2.56019811786e-05, 1.70492203324e-05, 7.06198807165e-06, 2.41782845478e-06, 4.26655515184e-06, 2.84287602881e-06, 1.34526612783e-06, 1.19596688819e-06, 1.00380225376e-06, 5.82281472816e-07, 1.40367251333e-06, 1.03744264379e-06, 1.01673322206e-06, 5.28561372448e-07, 3.287861432e-07, 3.79642074222e-07, 2.7872880537e-07, 2.76069783922e-07, 2.46185152264e-07, 1.77584723815e-07, 1.57903500053e-07, 8.41896650172e-08, 9.60617114742e-08, 1.10375957263e-07, 1.66616416664e-07, 1.94259328623e-07, 1.99261108946e-07, 1.31799339442e-07, 8.13894800444e-08, 6.31608614299e-08, 6.09032184684e-08, 4.7835676753e-08, 3.57963969577e-08], "min": [4.68795704025e-14, 6.68703585682e-15, 2.13296745107e-15, 1.34850832164e-15, 2.42702489135e-15, 8.28927025084e-15, 1.06709388572e-14, 2.96092585163e-15, 8.17758133344e-15, 1.32451295821e-14, 1.47149595975e-14, 6.42297164145e-15, 7.85806102398e-15, 4.54991963837e-15, 1.13365924043e-14, 1.46053213469e-14, 1.79067762544e-14, 1.01431636392e-14, 1.75639295046e-14, 7.82509365464e-15, 8.05776852306e-15, 2.03153042755e-14, 1.04559915413e-14, 4.57026409922e-15, 6.86098974265e-15, 9.1320510927e-15, 1.41873114344e-14, 1.36105988879e-14, 1.18165288955e-14, 9.63637196839e-15, 7.17551171069e-15, 4.2812174941e-15, 1.14504615845e-14, 1.44731774308e-14, 8.05617610111e-15, 1.12974069661e-14, 6.41025810043e-15, 6.69872914666e-15, 6.51249116551e-15, 7.25411636819e-15], "var": [8.42593362904e-06, 1.19491514852e-05, 1.9371811959e-06, 1.21178800327e-06, 3.58483163154e-07, 5.12706833433e-07, 6.39403924652e-06, 5.46734383988e-07, 3.03440970129e-07, 2.4797458309e-07, 3.49482887074e-09, 8.80163142369e-09, 1.17373977204e-09, 1.02552644154e-09, 6.14012618527e-10, 2.43048747794e-10, 1.22985205353e-10, 3.04094055492e-10, 4.9800857882e-10, 1.62205859855e-10, 4.24435570023e-10, 1.92472177085e-10, 2.96101948516e-10, 6.1815393082e-11, 8.6347935746e-11, 2.32686734464e-11, 1.42419201432e-11, 1.13764683438e-11, 1.26600049888e-11, 2.00102347886e-12, 7.32201018566e-12, 7.85103405898e-12, 6.22493029345e-12, 4.98528432077e-12, 5.61192368617e-12, 2.5203446101e-12, 2.74166626901e-12, 1.98753665435e-12, 1.31791344331e-12, 1.28364094527e-12]}, "mfcc": {"mean": [-805.168029785, 99.4196777344, 41.1756706238, 30.8159866333, 8.71800994873, 8.97246742249, -1.90591812134, 6.08083343506, -0.0933351442218, 5.42283916473, 3.78677654266, -1.2169816494, 5.86043167114], "cov": [[28087.0371094, 7523.52539062, -1219.30456543, -1159.53552246, -728.412353516, -1840.29418945, -2002.48657227, -1415.31286621, -567.612731934, -394.707550049, -491.502410889, 353.974212646, 279.756652832], [7523.52539062, 6450.72412109, -129.040725708, -570.03125, -66.4599685669, -809.840515137, -926.381835938, -702.580444336, -159.04309082, -250.157302856, -390.368438721, 21.4906864166, -42.7401046753], [-1219.30456543, -129.040725708, 921.536804199, 447.175170898, 220.891021729, 349.763275146, 311.365600586, 274.396636963, 148.016494751, 139.735427856, 124.859870911, -59.9299850464, -5.50830078125], [-1159.53552246, -570.03125, 447.175170898, 575.839355469, 336.341583252, 420.103271484, 389.924224854, 309.396697998, 182.92036438, 173.899612427, 147.119018555, 25.7006549835, 32.8930892944], [-728.412353516, -66.4599685669, 220.891021729, 336.341583252, 434.424346924, 357.55657959, 287.512969971, 218.494415283, 166.257141113, 105.667816162, 87.2222213745, 39.9413070679, 15.5683393478], [-1840.29418945, -809.840515137, 349.763275146, 420.103271484, 357.55657959, 559.815124512, 446.136352539, 353.492370605, 174.702209473, 142.707015991, 148.334320068, -2.40591025352, 15.0349245071], [-2002.48657227, -926.381835938, 311.365600586, 389.924224854, 287.512969971, 446.136352539, 487.230834961, 343.248199463, 165.817123413, 141.290222168, 128.73097229, 0.350228488445, 15.4230079651], [-1415.31286621, -702.580444336, 274.396636963, 309.396697998, 218.494415283, 353.492370605, 343.248199463, 350.236450195, 174.725341797, 138.10647583, 136.01361084, 3.13496780396, 12.6519956589], [-567.612731934, -159.04309082, 148.016494751, 182.92036438, 166.257141113, 174.702209473, 165.817123413, 174.725341797, 172.922927856, 114.342697144, 74.3292541504, 27.6154003143, 15.894159317], [-394.707550049, -250.157302856, 139.735427856, 173.899612427, 105.667816162, 142.707015991, 141.290222168, 138.10647583, 114.342697144, 151.215927124, 119.23513031, 31.3097763062, 34.0200881958], [-491.502410889, -390.368438721, 124.859870911, 147.119018555, 87.2222213745, 148.334320068, 128.73097229, 136.01361084, 74.3292541504, 119.23513031, 166.272277832, 50.367893219, 32.3787460327], [353.974212646, 21.4906864166, -59.9299850464, 25.7006549835, 39.9413070679, -2.40591025352, 0.350228488445, 3.13496780396, 27.6154003143, 31.3097763062, 50.367893219, 89.6926803589, 40.2912483215], [279.756652832, -42.7401046753, -5.50830078125, 32.8930892944, 15.5683393478, 15.0349245071, 15.4230079651, 12.6519956589, 15.894159317, 34.0200881958, 32.3787460327, 40.2912483215, 77.7026138306]], "icov": [[7.05383426975e-05, -5.96987010795e-05, 3.02896442008e-05, -8.56827391544e-05, 8.85242479853e-06, 1.85080825759e-05, 0.000236108782701, -0.000132559784106, 0.000214487008634, -0.000154361143359, 0.000147627477418, -0.000223911323701, -0.000200718714041], [-5.96987010795e-05, 0.00038200331619, -0.000335334829288, 0.000301438180031, -0.000693229259923, 0.000218191329623, 0.000491112063173, 0.000214034167584, -0.000170621307916, -0.000323868793203, 0.000628855370451, -0.000152975102537, 0.000232001242694], [3.02896442008e-05, -0.000335334829288, 0.00245114415884, -0.00199695536867, 0.000836101535242, -0.000133616835228, -0.000353773968527, 6.15232638665e-05, -0.000931544054765, 0.00128044874873, -0.00221900409088, 0.00305262161419, -0.000384137209039], [-8.56827391544e-05, 0.000301438180031, -0.00199695536867, 0.00696101086214, -0.00235495576635, -0.00088182464242, -0.00133927119896, -0.000771571707446, 0.0016241617268, -0.00412768637761, 0.002447047038, -0.0025210683234, 0.000182458694326], [8.85242479853e-06, -0.000693229259923, 0.000836101535242, -0.00235495576635, 0.00866090133786, -0.00464809592813, -0.00141878204886, 0.00215812353417, -0.00446678418666, 0.00256382278167, -0.000528961129021, -0.00234219944105, 0.00096340168966], [1.85080825759e-05, 0.000218191329623, -0.000133616835228, -0.00088182464242, -0.00464809592813, 0.0110597666353, -0.0041674063541, -0.00270329648629, 0.00070564536145, 0.00251015066169, -0.00362565740943, 0.004072626587, -0.00136847456452], [0.000236108782701, 0.000491112063173, -0.000353773968527, -0.00133927119896, -0.00141878204886, -0.0041674063541, 0.0130931893364, -0.00633919797838, 0.00345986406319, -0.00440397066996, 0.00524343596771, -0.00263323402032, -0.000113183501526], [-0.000132559784106, 0.000214034167584, 6.15232638665e-05, -0.000771571707446, 0.00215812353417, -0.00270329648629, -0.00633919797838, 0.0176001042128, -0.0118241114542, 0.00590200675651, -0.00796434376389, 0.00522992061451, -0.000149389132275], [0.000214487008634, -0.000170621307916, -0.000931544054765, 0.0016241617268, -0.00446678418666, 0.00070564536145, 0.00345986406319, -0.0118241114542, 0.0259377323091, -0.0187379270792, 0.0122392755002, -0.00910485908389, 0.00289665884338], [-0.000154361143359, -0.000323868793203, 0.00128044874873, -0.00412768637761, 0.00256382278167, 0.00251015066169, -0.00440397066996, 0.00590200675651, -0.0187379270792, 0.0343576818705, -0.0216575879604, 0.0102644581348, -0.00637800153345], [0.000147627477418, 0.000628855370451, -0.00221900409088, 0.002447047038, -0.000528961129021, -0.00362565740943, 0.00524343596771, -0.00796434376389, 0.0122392755002, -0.0216575879604, 0.0275644753128, -0.0156984571368, 0.00331742758863], [-0.000223911323701, -0.000152975102537, 0.00305262161419, -0.0025210683234, -0.00234219944105, 0.004072626587, -0.00263323402032, 0.00522992061451, -0.00910485908389, 0.0102644581348, -0.0156984571368, 0.0280036423355, -0.00925284344703], [-0.000200718714041, 0.000232001242694, -0.000384137209039, 0.000182458694326, 0.00096340168966, -0.00136847456452, -0.000113183501526, -0.000149389132275, 0.00289665884338, -0.00637800153345, 0.00331742758863, -0.00925284344703, 0.019349379465]]}, "spectral_contrast_coeffs": {"dmean": [0.0527426116168, 0.0493068918586, 0.0367733128369, 0.0303085669875, 0.0251342132688, 0.0200466159731], "dmean2": [0.0857051238418, 0.0765492543578, 0.0563369169831, 0.0462287664413, 0.0387266874313, 0.0327854119241], "dvar": [0.00313023081981, 0.00252749025822, 0.00143803830724, 0.000874866091181, 0.000512576370966, 0.000377915945137], "dvar2": [0.00704991398379, 0.00606987718493, 0.00306467665359, 0.0019747838378, 0.00121907889843, 0.00104704487603], "max": [-0.284644424915, -0.436977058649, -0.504343152046, -0.574777245522, -0.678615689278, -0.725098729134], "mean": [-0.629161536694, -0.720591187477, -0.783195793629, -0.812241315842, -0.818672001362, -0.819485783577], "median": [-0.642303407192, -0.70346224308, -0.778448104858, -0.817579388618, -0.817623436451, -0.815117537975], "min": [-0.929774522781, -0.975438535213, -0.960776984692, -0.951858878136, -0.940964460373, -0.915002465248], "var": [0.0128804938868, 0.0136286066845, 0.00899238698184, 0.00626933854073, 0.0028337079566, 0.00142788037192]}, "spectral_contrast_valleys": {"dmean": [0.589163661003, 0.57836407423, 0.643905043602, 0.656498670578, 0.688090920448, 0.706915438175], "dmean2": [0.883706569672, 0.854445815086, 0.905606389046, 0.920921564102, 0.952024698257, 0.839173138142], "dvar": [0.485328257084, 0.572691082954, 0.617221653461, 0.555856227875, 0.577828168869, 0.377624034882], "dvar2": [0.978318989277, 1.15762901306, 1.24784994125, 1.1282749176, 1.24357509613, 0.776236951351], "max": [-5.14801216125, -4.39404916763, -5.29603385925, -5.78220939636, -5.62344789505, -8