{"lowlevel": {"average_loudness": 0.105970814824, "barkbands_crest": {"dmean": 2.01681852341, "dmean2": 3.08457446098, "dvar": 3.83020281792, "dvar2": 9.00528335571, "max": 24.1467895508, "mean": 9.11786174774, "median": 8.32889080048, "min": 2.03687334061, "var": 14.649189949}, "barkbands_flatness_db": {"dmean": 0.0175039283931, "dmean2": 0.0242578890175, "dvar": 0.000276544509688, "dvar2": 0.000506921904162, "max": 0.298922926188, "mean": 0.129755064845, "median": 0.125339344144, "min": 0.0312457084656, "var": 0.0019504140364}, "barkbands_kurtosis": {"dmean": 1.95135259628, "dmean2": 2.87573289871, "dvar": 6.43805837631, "dvar2": 13.4202747345, "max": 40.654460907, "mean": 3.74492239952, "median": 2.67950534821, "min": -1.86315083504, "var": 23.1892814636}, "barkbands_skewness": {"dmean": 0.46540132165, "dmean2": 0.650399684906, "dvar": 0.276287585497, "dvar2": 0.451141625643, "max": 5.99665641785, "mean": 1.25302004814, "median": 1.3714441061, "min": -4.45231533051, "var": 1.40520405769}, "barkbands_spread": {"dmean": 7.44351863861, "dmean2": 10.5229911804, "dvar": 111.605873108, "dvar2": 213.749893188, "max": 98.55884552, "mean": 25.1468486786, "median": 19.5651950836, "min": 2.59413027763, "var": 335.691864014}, "dissonance": {"dmean": 0.0218716971576, "dmean2": 0.0352442413568, "dvar": 0.000591800606344, "dvar2": 0.00150563544594, "max": 0.499999970198, "mean": 0.440793484449, "median": 0.453537791967, "min": 0.182386666536, "var": 0.00213835458271}, "dynamic_complexity": 5.41522407532, "erbbands_crest": {"dmean": 1.88479566574, "dmean2": 2.8383102417, "dvar": 3.50261569023, "dvar2": 7.61624765396, "max": 29.4889259338, "mean": 9.00643825531, "median": 8.06637477875, "min": 2.51334285736, "var": 17.4988307953}, "erbbands_flatness_db": {"dmean": 0.0164808463305, "dmean2": 0.0207732208073, "dvar": 0.000295731588267, "dvar2": 0.000454453576822, "max": 0.328304708004, "mean": 0.154713302851, "median": 0.147726610303, "min": 0.0489148274064, "var": 0.00258822483011}, "erbbands_kurtosis": {"dmean": 1.09215676785, "dmean2": 1.57759952545, "dvar": 2.47833442688, "dvar2": 4.79956626892, "max": 38.047039032, "mean": 1.80991566181, "median": 0.376268148422, "min": -1.66514778137, "var": 12.6529636383}, "erbbands_skewness": {"dmean": 0.335347861052, "dmean2": 0.471194773912, "dvar": 0.131315261126, "dvar2": 0.223744526505, "max": 3.50667619705, "mean": 0.569733381271, "median": 0.642238020897, "min": -3.31108760834, "var": 0.865033149719}, "erbbands_spread": {"dmean": 8.14789676666, "dmean2": 11.4630508423, "dvar": 112.791801453, "dvar2": 229.034423828, "max": 127.304031372, "mean": 37.1572265625, "median": 34.7864151001, "min": 3.07853269577, "var": 464.409088135}, "hfc": {"dmean": 7.13435840607, "dmean2": 8.75800609589, "dvar": 446.523468018, "dvar2": 544.485778809, "max": 999.943115234, "mean": 20.4382801056, "median": 7.74708032608, "min": 1.24218400801e-16, "var": 2388.15185547}, "melbands_crest": {"dmean": 2.66362690926, "dmean2": 4.20310974121, "dvar": 6.94850349426, "dvar2": 17.402513504, "max": 32.2151145935, "mean": 12.6579761505, "median": 11.8145017624, "min": 1.95022177696, "var": 25.0411682129}, "melbands_flatness_db": {"dmean": 0.0224892999977, "dmean2": 0.0298190116882, "dvar": 0.00051075743977, "dvar2": 0.000842834124342, "max": 0.3509734869, "mean": 0.16539517045, "median": 0.166329964995, "min": 0.00505248410627, "var": 0.00362605392002}, "melbands_kurtosis": {"dmean": 3.35846042633, "dmean2": 5.13415765762, "dvar": 20.7857913971, "dvar2": 46.4729804993, "max": 97.8768692017, "mean": 7.45759344101, "median": 5.34564685822, "min": -1.84006822109, "var": 58.4997253418}, "melbands_skewness": {"dmean": 0.51414591074, "dmean2": 0.742449045181, "dvar": 0.31725654006, "dvar2": 0.636948287487, "max": 8.40491771698, "mean": 1.87414264679, "median": 1.81825435162, "min": -2.17678546906, "var": 1.51948046684}, "melbands_spread": {"dmean": 10.4607801437, "dmean2": 14.8259649277, "dvar": 367.260070801, "dvar2": 671.978759766, "max": 240.712280273, "mean": 31.9500865936, "median": 20.1300773621, "min": 2.86740350723, "var": 1110.36315918}, "pitch_salience": {"dmean": 0.0571080856025, "dmean2": 0.0875371173024, "dvar": 0.00296361022629, "dvar2": 0.00658694468439, "max": 0.963674962521, "mean": 0.627268433571, "median": 0.636755228043, "min": 0.223562091589, "var": 0.0137187801301}, "silence_rate_20dB": {"dmean": 0, "dmean2": 0, "dvar": 0, "dvar2": 0, "max": 1, "mean": 1, "median": 1, "min": 1, "var": 0}, "silence_rate_30dB": {"dmean": 0.00058004638413, "dmean2": 0.00116026110481, "dvar": 0.000579675252084, "dvar2": 0.00173890648875, "max": 1, "mean": 0.999710023403, "median": 1, "min": 0, "var": 0.000289909483399}, "silence_rate_60dB": {"dmean": 0.0698955953121, "dmean2": 0.139811456203, "dvar": 0.0650077909231, "dvar2": 0.133894458413, "max": 1, "mean": 0.293170958757, "median": 0, "min": 0, "var": 0.207218766212}, "spectral_centroid": {"dmean": 269.408935547, "dmean2": 365.070709229, "dvar": 170847.296875, "dvar2": 246997.453125, "max": 11230.7919922, "mean": 1448.42163086, "median": 1151.5390625, "min": 303.507568359, "var": 794977.1875}, "spectral_complexity": {"dmean": 2.09048724174, "dmean2": 3.06424951553, "dvar": 6.90737915039, "dvar2": 10.9825611115, "max": 47, "mean": 11.0198640823, "median": 10, "min": 0, "var": 40.1803512573}, "spectral_decrease": {"dmean": 6.61819210546e-10, "dmean2": 8.41870573254e-10, "dvar": 1.45650696381e-18, "dvar2": 2.29864848191e-18, "max": 7.23991921969e-10, "mean": -2.78350720251e-09, "median": -1.3897237805e-09, "min": -3.0582629762e-08, "var": 1.50332036136e-17}, "spectral_energy": {"dmean": 0.00297233788297, "dmean2": 0.00373750878498, "dvar": 2.74868289125e-05, "dvar2": 4.30036525358e-05, "max": 0.125448435545, "mean": 0.0123593872413, "median": 0.00631829304621, "min": 1.09608992111e-20, "var": 0.000272742530797}, "spectral_energyband_high": {"dmean": 0.000613017589785, "dmean2": 0.000740305637009, "dvar": 4.86720773551e-06, "dvar2": 6.06668436376e-06, "max": 0.0947456508875, "mean": 0.00120970176067, "median": 0.00023151327332, "min": 7.73960748982e-21, "var": 2.33508544625e-05}, "spectral_energyband_low": {"dmean": 0.000113676447654, "dmean2": 0.000187291821931, "dvar": 3.27716342952e-08, "dvar2": 8.40585414608e-08, "max": 0.00474696466699, "mean": 0.000238497275859, "median": 0.000142975579365, "min": 6.89374942782e-23, "var": 8.9414164961e-08}, "spectral_energyband_middle_high": {"dmean": 0.00117279728875, "dmean2": 0.00143685401417, "dvar": 7.9380315583e-06, "dvar2": 1.17059844342e-05, "max": 0.0968503281474, "mean": 0.00417096540332, "median": 0.00117173371837, "min": 1.66936275944e-21, "var": 7.38762682886e-05}, "spectral_energyband_middle_low": {"dmean": 0.00198474363424, "dmean2": 0.00266315415502, "dvar": 1.39734265758e-05, "dvar2": 2.40453628066e-05, "max": 0.0901515260339, "mean": 0.00716978590935, "median": 0.00379774253815, "min": 3.14072057338e-22, "var": 9.7647360235e-05}, "spectral_entropy": {"dmean": 0.204674422741, "dmean2": 0.25107768178, "dvar": 0.0505128577352, "dvar2": 0.0694184377789, "max": 9.80024051666, "mean": 7.53627824783, "median": 7.50589036942, "min": 5.80729627609, "var": 0.335703223944}, "spectral_flux": {"dmean": 0.0128383915871, "dmean2": 0.019202509895, "dvar": 0.000286629045149, "dvar2": 0.000640214828309, "max": 0.255370765924, "mean": 0.0421774461865, "median": 0.0328139737248, "min": 1.04694315717e-10, "var": 0.00116313726176}, "spectral_kurtosis": {"dmean": 1.35786783695, "dmean2": 1.93571567535, "dvar": 2.58062076569, "dvar2": 5.04172754288, "max": 28.2326412201, "mean": 5.1102771759, "median": 3.99904346466, "min": -1.23194265366, "var": 15.0317430496}, "spectral_rms": {"dmean": 0.000396101007937, "dmean2": 0.000490037782583, "dvar": 2.49411726827e-07, "dvar2": 3.51937984533e-07, "max": 0.0110629433766, "mean": 0.00292170071043, "median": 0.00248277839273, "min": 3.27010098687e-12, "var": 3.52159918293e-06}, "spectral_rolloff": {"dmean": 1016.45916748, "dmean2": 1538.29089355, "dvar": 3975990.75, "dvar2": 7101903, "max": 19207.6171875, "mean": 2868.10131836, "median": 1313.52539062, "min": 236.865234375, "var": 12088571}, "spectral_skewness": {"dmean": 0.218162000179, "dmean2": 0.294200628996, "dvar": 0.0569297969341, "dvar2": 0.0934730768204, "max": 4.57277917862, "mean": 1.76529800892, "median": 1.65492105484, "min": -0.0116107007489, "var": 0.431310147047}, "spectral_spread": {"dmean": 812269.5, "dmean2": 1039278.375, "dvar": 1285919342590.0, "dvar2": 1948026011650.0, "max": 42795320, "mean": 5812952, "median": 5345746, "min": 2041432.5, "var": 4762346979330.0}, "spectral_strongpeak": {"dmean": 0.474490463734, "dmean2": 0.757091581821, "dvar": 1.22882926464, "dvar2": 2.90229344368, "max": 27.7146606445, "mean": 1.23017716408, "median": 0.486451148987, "min": 0, "var": 3.75356698036}, "zerocrossingrate": {"dmean": 0.0212375428528, "dmean2": 0.0215922296047, "dvar": 0.000823534501251, "dvar2": 0.0007456431631, "max": 0.578125, "mean": 0.100576877594, "median": 0.07373046875, "min": 0.0126953125, "var": 0.00687514431775}, "barkbands": {"dmean": [1.07372857272e-08, 4.77872708871e-06, 4.20358919655e-05, 0.000232712831348, 0.00064669828862, 0.000347524124663, 0.000246336770942, 0.000585433561355, 0.000669770757668, 0.00061133899726, 0.000249744130997, 0.000229920769925, 0.000138388553751, 0.000121691999084, 0.000127725710627, 6.97536379448e-05, 0.000135507711093, 0.000115539492981, 6.78163705743e-05, 7.24333149265e-05, 9.49960376602e-05, 9.01456951397e-05, 0.000110425484309, 0.000123204576084, 0.000111514171294, 0.00011376443581, 4.53410866612e-05], "dmean2": [1.82507360336e-08, 7.19738181942e-06, 6.8741494033e-05, 0.000376675772713, 0.000975088274572, 0.000499745190609, 0.000343227089616, 0.000799050787464, 0.000904198386706, 0.000776486471295, 0.000341850740369, 0.00032006969559, 0.000190664679394, 0.000166867568623, 0.000177469206392, 9.72778288997e-05, 0.000191314247786, 0.000169519960764, 9.49521854636e-05, 0.000103515398223, 0.000126832630485, 0.000126931598061, 0.00014763668878, 0.000161211049999, 0.000144997364259, 0.000144157820614, 6.54781251797e-05], "dvar": [3.47597012209e-14, 7.15754677749e-11, 4.29071711494e-09, 1.23459230394e-07, 1.38133225391e-06, 2.1107343855e-06, 9.42330757425e-07, 3.79115203941e-06, 5.25886343894e-06, 4.54886230727e-06, 5.69402857309e-07, 1.11494796329e-06, 1.83127966125e-07, 1.50716189751e-07, 3.80591501425e-07, 1.03682346264e-07, 3.05776723053e-07, 5.07397942329e-07, 2.68560569339e-07, 1.27194823563e-07, 1.58559316787e-07, 8.31600175388e-08, 1.52165426925e-07, 3.1803500633e-07, 3.30734650333e-07, 2.49599708013e-07, 1.93637337276e-08], "dvar2": [1.03915038737e-13, 1.25947280383e-10, 1.28282184875e-08, 3.03176932448e-07, 3.27532166011e-06, 3.65962523574e-06, 1.97775307242e-06, 7.37353866498e-06, 9.0696657935e-06, 6.62878528601e-06, 1.07717517039e-06, 2.40184385802e-06, 3.51538005816e-07, 2.98211119798e-07, 6.82380800754e-07, 1.91356562596e-07, 5.65334744351e-07, 1.1854465356e-06, 5.14659916462e-07, 2.25753367999e-07, 2.69517926199e-07, 1.6826403737e-07, 2.58209610138e-07, 5.15252793321e-07, 5.26764097231e-07, 2.6998463909e-07, 3.44035733235e-08], "max": [1.13304959086e-05, 0.000306289788568, 0.00132019037846, 0.00619403459132, 0.0214156731963, 0.0564698800445, 0.027288755402, 0.0589100793004, 0.066960901022, 0.0852044969797, 0.024497333914, 0.0408761836588, 0.0118493009359, 0.010762845166, 0.0293834134936, 0.0146731408313, 0.0403510555625, 0.0222273040563, 0.0386630631983, 0.0133348302916, 0.0129207884893, 0.00836450140923, 0.0121716884896, 0.0221103746444, 0.0285197440535, 0.031906619668, 0.00463093118742], "mean": [1.01245998252e-08, 1.17946010505e-05, 7.93919607531e-05, 0.00042607303476, 0.00145026273094, 0.000742802978493, 0.000534974678885, 0.00142759643495, 0.00201756414026, 0.00159570691176, 0.000627403962426, 0.000517632055562, 0.000304704852169, 0.000272705598036, 0.000256622617599, 0.000134554094984, 0.000355308904545, 0.00019208539743, 0.000120378434076, 0.000121952019981, 0.000164718410815, 0.000148773993715, 0.000183185766218, 0.000203099873033, 0.000184309101314, 0.000216440646909, 6.93382753525e-05], "median": [2.04154648742e-09, 3.13757914228e-06, 4.46593585366e-05, 0.000226769727306, 0.000791478785686, 0.000262838730123, 8.7690721557e-05, 0.000250585377216, 0.000195361164515, 0.000200331560336, 0.000108565334813, 9.47370572248e-05, 4.76198692922e-05, 3.16886653309e-05, 3.3304993849e-05, 2.79934374703e-05, 5.32209560333e-05, 3.96241375711e-05, 4.13710949942e-05, 2.6939495001e-05, 2.4452312573e-05, 3.29193098878e-05, 3.54164476448e-05, 2.33561113419e-05, 2.00905415113e-05, 2.90345069516e-05, 8.84109431354e-06], "min": [1.11860058264e-23, 3.57463168414e-23, 5.22057181909e-24, 6.88153817655e-24, 1.39949320395e-23, 3.30635996957e-23, 2.78291541799e-23, 8.68912805943e-23, 7.51364642456e-23, 1.26283030964e-23, 2.77597659747e-23, 9.19882308098e-23, 1.04440898759e-22, 1.00728140686e-22, 3.16639648124e-23, 7.39243636875e-23, 2.27449525877e-22, 1.68208621494e-22, 3.41673934381e-22, 3.33924493014e-22, 3.501733111e-22, 2.94092899047e-22, 4.91603626337e-22, 7.99030369897e-22, 1.04512210522e-21, 1.65573588781e-21, 2.81202210085e-21], "var": [3.05872643565e-14, 4.80978201711e-10, 9.86460868546e-09, 3.17829289997e-07, 3.78121194444e-06, 4.72661031381e-06, 2.61194031737e-06, 1.12492771223e-05, 4.0585109673e-05, 3.04559434881e-05, 2.80037943412e-06, 3.01618229059e-06, 7.00089685779e-07, 6.31498153325e-07, 1.7161426058e-06, 2.37023996874e-07, 3.04539844365e-06, 8.92764262517e-07, 4.46059516435e-07, 2.69175217227e-07, 5.00523810842e-07, 2.49529335861e-07, 5.10044912971e-07, 9.90782609733e-07, 1.06314712411e-06, 1.32297009259e-06, 6.75152378449e-08]}, "erbbands": {"dmean": [2.9835573514e-05, 0.00194148090668, 0.035104688257, 0.379190117121, 2.11663150787, 1.8283406496, 2.15657019615, 2.4610645771, 2.893242836, 5.87168741226, 13.6386423111, 14.4298467636, 18.5714607239, 16.0372219086, 7.28056240082, 9.83914661407, 6.20064401627, 6.53707265854, 4.87207984924, 6.49909353256, 3.14278697968, 6.65773057938, 6.75799226761, 2.68245601654, 4.29989767075, 3.21545147896, 3.62643289566, 3.56604743004, 3.2220659256, 3.09846568108, 3.20632743835, 2.89937376976, 1.97006571293, 1.6130771637, 0.562176406384, 0.330103754997, 0.264172554016, 0.0661149099469, 0.00782058853656, 0.000348961970303], "dmean2": [4.68526668556e-05, 0.00306424195878, 0.0576875135303, 0.616391718388, 3.18693327904, 2.87224125862, 2.94569253922, 3.65373206139, 4.2268986702, 8.07416152954, 18.3110256195, 19.4285106659, 24.2134475708, 20.2241077423, 9.83645153046, 13.5292005539, 8.36515808105, 8.80448532104, 6.47619152069, 9.01695346832, 4.1889591217, 9.33524513245, 9.67800140381, 3.81253600121, 6.24979925156, 4.54012489319, 4.98786592484, 4.6761097908, 4.4948182106, 4.29458284378, 4.26918697357, 3.79335212708, 2.57165598869, 2.08263063431, 0.75939655304, 0.433333188295, 0.337151616812, 0.0908116400242, 0.0111917909235, 0.000510954472702], "dvar": [6.65386101772e-09, 1.0590914826e-05, 0.00273326737806, 0.31445723772, 12.1641759872, 15.8797445297, 155.410766602, 68.0121994019, 128.494094849, 715.941589355, 2001.61523438, 2852.56738281, 3562.31176758, 3871.08984375, 324.806640625, 2280.33300781, 343.52722168, 495.276824951, 418.46786499, 1419.8729248, 124.858718872, 460.205688477, 1333.70788574, 437.49041748, 734.513916016, 208.216201782, 276.972167969, 187.86315918, 119.075897217, 96.8028717041, 131.880432129, 135.12512207, 97.5032806396, 81.241027832, 6.98887681961, 2.01338601112, 1.47656178474, 0.0641186907887, 0.000609792012256, 1.07710377506e-06], "dvar2": [1.71503486968e-08, 2.34448198171e-05, 0.00819125957787, 0.761798560619, 28.3407382965, 37.7012176514, 232.367294312, 150.555374146, 265.04788208, 1449.47595215, 3854.74462891, 4850.87353516, 6087.36523438, 5775.63623047, 608.480651855, 4899.11523438, 646.563903809, 949.270996094, 739.868286133, 2328.04931641, 197.718948364, 867.208068848, 3046.95556641, 778.731811523, 1566.25354004, 347.969299316, 510.080444336, 312.376983643, 245.519668579, 183.395507812, 224.869598389, 233.750564575, 155.551528931, 131.767074585, 10.809803009, 2.94954419136, 1.72872436047, 0.0891726464033, 0.00104988832027, 2.1808780275e-06], "max": [0.00469802413136, 0.105571247637, 0.83781260252, 12.9195327759, 61.6963768005, 109.293777466, 571.885009766, 293.484527588, 293.142547607, 1116.67932129, 1622.9420166, 1738.75561523, 2543.39819336, 2261.32739258, 539.309082031, 1890.38659668, 643.089355469, 752.542541504, 1149.00720215, 2154.67553711, 532.272521973, 1347.22033691, 1234.07763672, 1599.36877441, 1403.73999023, 500.562866211, 572.054382324, 387.076782227, 381.104827881, 252.089096069, 338.190307617, 453.946472168, 477.764801025, 466.544952393, 125.137367249, 84.8216781616, 72.431022644, 12.1313076019, 0.829058229923, 0.0280351005495], "mean": [8.33024678286e-05, 0.00483865384012, 0.0757992565632, 0.787840127945, 4.09933137894, 4.39336919785, 5.02372312546, 5.28654146194, 5.92911100388, 15.0369329453, 35.2927360535, 41.5852088928, 57.1408004761, 46.1439704895, 21.5014133453, 23.0167980194, 15.6052484512, 15.9121742249, 10.882525444, 13.9251070023, 8.79782867432, 17.0250930786, 13.770740509, 5.60419082642, 7.29926586151, 5.67115688324, 5.90646934509, 6.20307970047, 5.13319444656, 5.35878324509, 5.17752885818, 4.53808927536, 3.24497771263, 2.68390345573, 0.906097948551, 0.576997995377, 0.49285569787, 0.117536276579, 0.012012408115, 0.000493894156534], "median": [4.87843972223e-05, 0.00218827999197, 0.0498061478138, 0.486367315054, 2.2553653717, 1.79489684105, 1.40925145149, 2.1214454174, 1.76988685131, 2.5374917984, 7.95097446442, 5.19663906097, 8.48685359955, 5.07668304443, 4.96901893616, 4.87091588974, 2.81747221947, 1.64300811291, 1.88058745861, 1.89818429947, 1.70558464527, 2.92404532433, 2.54682135582, 2.10904049873, 2.06185078621, 1.30891096592, 0.891701161861, 0.958762049675, 1.00125670433, 1.39860141277, 0.894960641861, 0.48542073369, 0.415804564953, 0.292731374502, 0.0905174091458, 0.0592022240162, 0.0616957806051, 0.0156043032184, 0.00149777450133, 8.03670845926e-05], "min": [1.2224761111e-21, 7.29305274366e-21, 1.11301319634e-20, 2.18540100017e-20, 1.95463021084e-20, 3.85855554261e-20, 2.08910305663e-19, 3.35070987961e-19, 3.38203882832e-19, 7.68625582665e-19, 1.04439927539e-18, 1.40048357189e-18, 7.87186378237e-19, 6.82041020733e-19, 3.06464171737e-18, 3.03161136154e-18, 3.8622431784e-18, 6.32339087806e-18, 4.38567024873e-18, 4.04339035588e-18, 4.67009506158e-18, 1.50399567161e-17, 1.05327827344e-17, 1.19203426432e-17, 1.93376728503e-17, 1.53139305155e-17, 1.29094289714e-17, 1.44768535141e-17, 9.85199902819e-18, 1.07642932171e-17, 1.58381314133e-17, 1.31908879282e-17, 1.39703178855e-17, 1.18414337487e-17, 7.73194918029e-18, 5.72435619102e-18, 3.41027251888e-18, 1.30912540234e-18, 4.01289406785e-19, 3.89193712709e-20], "var": [1.63390261321e-08, 5.37087544217e-05, 0.00648913206533, 0.885199248791, 26.953660965, 53.687335968, 455.023742676, 115.127326965, 253.305831909, 1905.43579102, 6830.06298828, 14903.7089844, 28453.96875, 28163.0429688, 2200.4140625, 6203.0859375, 1478.36779785, 2300.20263672, 1028.97998047, 7682.89697266, 979.944702148, 4183.41748047, 3976.57470703, 723.55670166, 1260.07568359, 492.481536865, 730.192993164, 631.914123535, 334.594848633, 307.102386475, 419.561767578, 427.049499512, 289.274658203, 252.134658813, 22.2602062225, 8.78116035461, 7.39678239822, 0.295938134193, 0.00210895040073, 2.59118633039e-06]}, "gfcc": {"mean": [-46.1967430115, 41.1025085449, -113.014823914, -10.2548646927, -76.3011550903, -6.4727768898, -42.5730514526, -5.16606521606, -36.2406692505, -19.1319160461, -30.1554775238, -5.86557912827, -23.5874633789], "cov": [[8369.00292969, -1293.01025391, -568.474182129, -617.21875, -175.710494995, -208.303115845, -386.454223633, 28.0536060333, 45.6056442261, 13.7902765274, -287.676116943, -48.1168212891, -129.238098145], [-1293.01025391, 2034.1628418, -589.914001465, -238.670715332, 3.32884144783, 13.4683027267, 83.6318130493, -7.3431725502, 58.0623817444, -106.511703491, 96.5963668823, 24.6455059052, -28.8103866577], [-568.474182129, -589.914001465, 771.990661621, 102.889030457, 50.8296203613, 6.72984075546, 27.4670600891, 1.88111627102, -62.7494888306, 76.1024169922, -7.61355447769, 40.0316772461, 10.4307384491], [-617.21875, -238.670715332, 102.889030457, 831.381652832, -55.4927444458, 21.9656963348, -54.9270095825, -39.9146118164, -51.2321853638, 6.97999238968, 72.8334884644, -7.76163768768, 115.597549438], [-175.710494995, 3.32884144783, 50.8296203613, -55.4927444458, 214.255889893, -7.33055686951, -26.1354293823, 7.85306358337, 15.8061332703, 19.92537117, -13.4892444611, 0.026198990643, 0.250015586615], [-208.303115845, 13.4683027267, 6.72984075546, 21.9656963348, -7.33055686951, 151.414855957, 63.1033439636, -16.0591926575, -15.9199399948, 7.7787322998, 14.5802593231, -11.3454942703, -2.59615373611], [-386.454223633, 83.6318130493, 27.4670600891, -54.9270095825, -26.1354293823, 63.1033439636, 179.547317505, 10.6363916397, -21.2971038818, -10.494304657, 26.5178756714, 14.2863731384, -19.4538459778], [28.0536060333, -7.3431725502, 1.88111627102, -39.9146118164, 7.85306358337, -16.0591926575, 10.6363916397, 102.445587158, 10.5815849304, -0.514274895191, 1.01826548576, 6.27275562286, -1.37212312222], [45.6056442261, 58.0623817444, -62.7494888306, -51.2321853638, 15.8061332703, -15.9199399948, -21.2971038818, 10.5815849304, 90.5372619629, 13.2920084, 4.51889371872, -8.4918680191, -5.4625825882], [13.7902765274, -106.511703491, 76.1024169922, 6.97999238968, 19.92537117, 7.7787322998, -10.494304657, -0.514274895191, 13.2920084, 86.3232650757, 11.1124839783, -4.21654558182, -16.7956581116], [-287.676116943, 96.5963668823, -7.61355447769, 72.8334884644, -13.4892444611, 14.5802593231, 26.5178756714, 1.01826548576, 4.51889371872, 11.1124839783, 92.3041915894, 24.1430149078, 14.646478653], [-48.1168212891, 24.6455059052, 40.0316772461, -7.76163768768, 0.026198990643, -11.3454942703, 14.2863731384, 6.27275562286, -8.4918680191, -4.21654558182, 24.1430149078, 63.9225654602, 12.5731191635], [-129.238098145, -28.8103866577, 10.4307384491, 115.597549438, 0.250015586615, -2.59615373611, -19.4538459778, -1.37212312222, -5.4625825882, -16.7956581116, 14.646478653, 12.5731191635, 75.0959625244]], "icov": [[0.000226608579396, 0.000223911032663, 0.000319626677083, 0.000174284024979, 0.000225106137805, 4.96347711305e-05, 0.000421240372816, -2.84834713966e-05, 0.000114824128104, -8.63848908921e-05, 0.000317681668093, -0.0003382707946, 0.000256491359323], [0.000223911032663, 0.000976128852926, 0.000814770872239, 0.000328279740643, -1.19761243695e-05, 6.34600946796e-05, 0.000192400446394, 0.000166786441696, -2.95020599879e-05, 0.000603056629188, -0.000591337389778, -0.000573407567572, 0.000540523382369], [0.000319626677083, 0.000814770872239, 0.00250857858919, 0.000104229438875, -0.00020937215595, 0.000249199249083, -5.24352290086e-05, 2.33283208217e-06, 0.00121366570238, -0.0015792917693, 0.00079370016465, -0.00186646287329, 0.000242304726271], [0.000174284024979, 0.000328279740643, 0.000104229438875, 0.00209016678855, 0.000601828156505, -9.03506079339e-05, 0.000924083928112, 0.000433847220847, 0.00107815151569, -0.000288520328468, -0.00153058127034, 0.00110941939056, -0.00243719806895], [0.000225106137805, -1.19761243695e-05, -0.00020937215595, 0.000601828156505, 0.00543297640979, -0.000189956088434, 0.00125069345813, -0.000354986987077, -0.000501900503878, -0.00120738160331, 0.00104992848355, -0.000311317737214, -0.000680867931806], [4.96347711305e-05, 6.34600946796e-05, 0.000249199249083, -9.03506079339e-05, -0.000189956088434, 0.00857579987496, -0.00324279419146, 0.00137477298267, 0.00108844297938, -0.00137515866663, -0.000680578988977, 0.002427281579, -0.000805639661849], [0.000421240372816, 0.000192400446394, -5.24352290086e-05, 0.000924083928112, 0.00125069345813, -0.00324279419146, 0.00903370976448, -0.00127451785374, 0.00148829130922, 0.00167985702865, -0.00178397318814, -0.00162859959528, 0.00268880464137], [-2.84834713966e-05, 0.000166786441696, 2.33283208217e-06, 0.000433847220847, -0.000354986987077, 0.00137477298267, -0.00127451785374, 0.0104631781578, -0.00114065094385, 0.000113564805361, -0.000370434223441, -0.000406451668823, -0.00066074373899], [0.000114824128104, -2.95020599879e-05, 0.00121366570238, 0.00107815151569, -0.000501900503878, 0.00108844297938, 0.00148829130922, -0.00114065094385, 0.0138720395043, -0.00301872915588, -0.00169330416247, 0.00190004729666, -0.000891862146091], [-8.63848908921e-05, 0.000603056629188, -0.0015792917693, -0.000288520328468, -0.00120738160331, -0.00137515866663, 0.00167985702865, 0.000113564805361, -0.00301872915588, 0.0164534356445, -0.00424296967685, 0.00128794566263, 0.00521213142201], [0.000317681668093, -0.000591337389778, 0.00079370016465, -0.00153058127034, 0.00104992848355, -0.000680578988977, -0.00178397318814, -0.000370434223441, -0.00169330416247, -0.00424296967685, 0.0170035883784, -0.00658982805908, -0.0012153997086], [-0.0003382707946, -0.000573407567572, -0.00186646287329, 0.00110941939056, -0.000311317737214, 0.002427281579, -0.00162859959528, -0.000406451668823, 0.00190004729666, 0.00128794566263, -0.00658982805908, 0.0214554108679, -0.00447572069243], [0.000256491359323, 0.000540523382369, 0.000242304726271, -0.00243719806895, -0.000680867931806, -0.000805639661849, 0.00268880464137, -0.00066074373899, -0.000891862146091, 0.00521213142201, -0.0012153997086, -0.00447572069243, 0.0204292200506]]}, "melbands": {"dmean": [6.77421326145e-07, 1.22599194583e-05, 0.00011073207861, 0.000158468450536, 6.68064167257e-05, 5.94760276726e-05, 4.5166543714e-05, 7.44877761463e-05, 0.000108946282126, 9.66875668382e-05, 9.56766161835e-05, 6.83711186866e-05, 2.96220950986e-05, 2.60916003754e-05, 1.85588578461e-05, 1.32669611048e-05, 1.26993381855e-05, 7.81140988693e-06, 9.18357272894e-06, 7.47688454794e-06, 3.8922917156e-06, 6.53627648717e-06, 1.02016383607e-05, 4.25808184445e-06, 2.02924047699e-06, 2.9506802548e-06, 3.53629525307e-06, 1.82906046575e-06, 2.16870444092e-06, 2.58660907093e-06, 1.99668829737e-06, 1.83774295692e-06, 1.96222845261e-06, 1.76091486992e-06, 1.86434044736e-06, 1.98979137167e-06, 1.85125611551e-06, 1.30891987737e-06, 1.69036354691e-06, 1.32586035306e-06], "dmean2": [1.02100705135e-06, 2.001609937e-05, 0.000172934072907, 0.000240966182901, 9.46183427004e-05, 8.72918826644e-05, 6.5006694058e-05, 0.000101343888673, 0.000147563885548, 0.000129459105665, 0.000125074831885, 8.6331863713e-05, 3.9724403905e-05, 3.67625507351e-05, 2.47404423135e-05, 1.81169889402e-05, 1.72553463926e-05, 1.05720564534e-05, 1.29407126224e-05, 1.02954973045e-05, 5.36177822141e-06, 9.2837954071e-06, 1.48047229231e-05, 6.57665668768e-06, 2.99073849419e-06, 4.32143633589e-06, 5.08440143676e-06, 2.66693359663e-06, 3.10705604534e-06, 3.62406558452e-06, 2.6552061172e-06, 2.62782236859e-06, 2.93344510283e-06, 2.48796800406e-06, 2.5231215659e-06, 2.74408557743e-06, 2.53522284765e-06, 1.7399297576e-06, 2.2695626285e-06, 1.76388459749e-06], "dvar": [1.55876895593e-12, 3.64783314666e-10, 2.53888821078e-08, 8.45115195602e-08, 1.08462010928e-07, 4.06996818469e-08, 2.88601640364e-08, 9.71897833324e-08, 1.36297714448e-07, 1.26926465782e-07, 9.57673336188e-08, 7.45971107108e-08, 6.07438543909e-09, 1.74181433721e-08, 4.30932800555e-09, 2.13173767527e-09, 1.89022530961e-09, 9.05368724435e-10, 1.8039166827e-09, 1.64089908328e-09, 2.78050998892e-10, 3.81130432769e-10, 3.61895624579e-09, 3.87474413666e-10, 3.34729327589e-10, 4.92345442193e-10, 4.60253612999e-10, 5.6742392035e-11, 9.02670438396e-11, 1.5082220195e-10, 5.58426985209e-11, 5.08927934517e-11, 3.56989784955e-11, 3.85630416488e-11, 5.13591009998e-11, 5.76496211879e-11, 7.2837784415e-11, 3.72547444283e-11, 1.1460268845e-10, 5.57898900688e-11], "dvar2": [2.75058600029e-12, 1.09143549754e-09, 6.09287269526e-08, 2.03592819048e-07, 1.66321683537e-07, 8.38817655335e-08, 6.06560135452e-08, 1.97006656322e-07, 2.70067516794e-07, 2.141072315e-07, 1.62382335134e-07, 1.08764844242e-07, 1.08547704158e-08, 3.97323418611e-08, 7.43418926419e-09, 4.04627487072e-09, 3.58812179968e-09, 1.62614655075e-09, 3.04089731173e-09, 2.85674217615e-09, 4.19552836917e-10, 6.85985379612e-10, 7.90807241913e-09, 8.90089613126e-10, 5.72454583736e-10, 1.12996756396e-09, 9.30967136714e-10, 1.06418145129e-10, 1.76995404444e-10, 2.90146212611e-10, 9.47691994324e-11, 1.10412450016e-10, 8.18889886456e-11, 7.61533683336e-11, 9.319166272e-11, 1.11757728072e-10, 1.44105047339e-10, 6.87744722283e-11, 1.75230191468e-10, 1.03172650978e-10], "max": [4.30620711995e-05, 0.000321002473356, 0.00252481037751, 0.0057462695986, 0.0147445192561, 0.00666492898017, 0.00457032304257, 0.0138948522508, 0.0148237496614, 0.0109434118494, 0.012746504508, 0.0109217204154, 0.00298658688553, 0.00537327164784, 0.00338563858531, 0.00143792794552, 0.0013258412946, 0.00157631631009, 0.00201805564575, 0.00222086510621, 0.000900903774891, 0.00101703626569, 0.00319761154242, 0.000884314707946, 0.00139308266807, 0.00153298454825, 0.00079625681974, 0.000291862001177, 0.000347218185198, 0.000372303300537, 0.000261600129306, 0.000260147789959, 0.000130804590299, 0.000174486107426, 0.000187333702343, 0.000269915966783, 0.000347695837263, 0.000252717611147, 0.000545314338524, 0.000424103986006], "mean": [1.69650809312e-06, 2.5062392524e-05, 0.000223450304475, 0.000346926273778, 0.000162651602295, 0.000126921731862, 9.5757379313e-05, 0.000187086319784, 0.000280950131128, 0.000283048255369, 0.000284123525489, 0.000189168320503, 8.21069988888e-05, 5.48077150597e-05, 4.82155519421e-05, 3.11340263579e-05, 2.88931078103e-05, 1.65314631886e-05, 1.83612410183e-05, 1.45554249684e-05, 1.03517086245e-05, 1.63621261891e-05, 2.0760586267e-05, 8.01172700449e-06, 3.77759351977e-06, 4.86790622745e-06, 5.7151250985e-06, 3.06281435769e-06, 3.25627775055e-06, 4.22481843998e-06, 3.33059915647e-06, 2.77958088191e-06, 3.06514857584e-06, 2.96776670439e-06, 2.94058418149e-06, 2.92847403216e-06, 2.8164588457e-06, 2.01460420612e-06, 2.76803598354e-06, 2.11078804568e-06], "median": [4.6422962896e-07, 1.43984661918e-05, 0.000140480682603, 0.000180181566975, 5.25078976352e-05, 4.85804994241e-05, 2.5266317607e-05, 2.92283475574e-05, 5.55951155548e-05, 2.99567345792e-05, 4.01977158617e-05, 1.86682536878e-05, 1.63808708749e-05, 1.25853011923e-05, 8.45215618028e-06, 4.26705719292e-06, 2.84119892058e-06, 2.88759633804e-06, 2.38067605096e-06, 2.2629499199e-06, 1.80623123924e-06, 2.79776440948e-06, 2.55887084677e-06, 2.14176452573e-06, 1.48510014242e-06, 1.55871396146e-06, 1.18525883863e-06, 7.0707994837e-07, 4.7782106094e-07, 5.68192945138e-07, 4.91253331347e-07, 4.44318203563e-07, 7.9087078575e-07, 7.36692470582e-07, 4.96323082189e-07, 3.81074698907e-07, 2.50552204761e-07, 2.4385440156e-07, 3.4078178146e-07, 1.97886151909e-07], "min": [1.11942959657e-23, 8.33007849174e-24, 4.14511498599e-24, 1.74164335946e-24, 8.1833235421e-24, 7.14367744422e-24, 5.83047252821e-24, 1.26250395788e-23, 7.24918049054e-24, 9.86284864122e-24, 3.28081767898e-24, 2.22547699618e-24, 8.7122295355e-24, 1.10911610798e-23, 6.55713766751e-24, 1.06123745751e-23, 1.20028768158e-23, 7.15163231759e-24, 3.14452834975e-24, 6.41773569037e-24, 5.2734767757e-24, 1.19601505314e-23, 1.30603945575e-23, 7.74808058169e-24, 9.50012171953e-24, 1.28090784614e-23, 1.43436558912e-23, 9.18624579825e-24, 7.31893709381e-24, 9.04672549197e-24, 8.52703812711e-24, 5.49101108677e-24, 5.79909755786e-24, 5.74198560604e-24, 9.30927023414e-24, 8.29563998006e-24, 7.74328194081e-24, 9.3862670028e-24, 9.22965681387e-24, 1.03555056872e-23], "var": [1.00371993703e-11, 8.99413599154e-10, 6.2095409703e-08, 2.40121210027e-07, 3.30123469894e-07, 7.77187949552e-08, 6.09346599845e-08, 2.40768173398e-07, 4.41253860117e-07, 7.74018644734e-07, 7.38550397728e-07, 5.49229241642e-07, 4.2704662917e-08, 3.46178765653e-08, 2.21923226462e-08, 8.33341218254e-09, 8.0053190743e-09, 2.32970709391e-09, 8.99961793976e-09, 6.25105700536e-09, 2.12638751051e-09, 3.40999539716e-09, 1.39630058626e-08, 1.24045440586e-09, 5.15396669787e-10, 7.32845506501e-10, 8.15461975723e-10, 1.22502286093e-10, 2.09680758867e-10, 4.07198691432e-10, 1.80746612122e-10, 1.24029828075e-10, 8.28585741686e-11, 1.1166577385e-10, 1.43038386691e-10, 1.59503507624e-10, 1.90513937959e-10, 9.80841657894e-11, 3.18134962818e-10, 1.5803312825e-10]}, "mfcc": {"mean": [-697.296508789, 95.3895568848, -1.70226311684, -7.1784029007, -18.1097183228, -14.2684202194, -11.7559671402, 0.479562997818, -11.7863883972, -12.4752998352, -10.7289352417, -14.0754785538, -12.6146411896], "cov": [[6874.82080078, -650.670227051, -504.316558838, -473.455657959, -82.9210586548, -315.613677979, -316.029876709, -123.613960266, -3.76368141174, 4.31664037704, -102.043548584, -116.1771698, -55.7484474182], [-650.670227051, 1796.45458984, -456.111480713, -378.719207764, -125.066543579, -98.2879867554, -37.3417510986, 109.167419434, -46.3224487305, -29.8136482239, 88.1906509399, -64.2969665527, 40.1599807739], [-504.316558838, -456.111480713, 570.330383301, 221.673629761, 11.5968770981, 78.0740127563, 77.8160324097, -15.0503673553, 9.86604690552, -9.85683917999, -28.5320014954, 51.9586448669, 31.6163291931], [-473.455657959, -378.719207764, 221.673629761, 511.828186035, 115.210990906, 66.6866226196, 36.7883148193, -13.1392803192, -6.32734918594, -7.66729688644, -57.6291542053, 62.1694068909, 12.4941291809], [-82.9210586548, -125.066543579, 11.5968770981, 115.210990906, 248.04649353, 11.6105194092, -24.9070968628, -44.0006561279, 25.4875869751, 21.9489421844, -18.8352603912, 3.43473434448, 22.7964935303], [-315.613677979, -98.2879867554, 78.0740127563, 66.6866226196, 11.6105194092, 195.998535156, 66.5455322266, -0.90341514349, -7.21796131134, 10.2409324646, 21.3403453827, 22.6985530853, -21.0910129547], [-316.029876709, -37.3417510986, 77.8160324097, 36.7883148193, -24.9070968628, 66.5455322266, 153.720352173, 46.2690429688, 4.47995185852, 0.582335054874, 22.7669658661, 26.1513175964, 0.993177592754], [-123.613960266, 109.167419434, -15.0503673553, -13.1392803192, -44.0006561279, -0.90341514349, 46.2690429688, 110.140670776, 9.38617515564, -9.88571166992, 8.45339775085, 15.6256074905, 6.69694805145], [-3.76368141174, -46.3224487305, 9.86604690552, -6.32734918594, 25.4875869751, -7.21796131134, 4.47995185852, 9.38617515564, 76.5777587891, 18.7282676697, -2.7069735527, -1.93546175957, 0.0447328910232], [4.31664037704, -29.8136482239, -9.85683917999, -7.66729688644, 21.9489421844, 10.2409324646, 0.582335054874, -9.88571166992, 18.7282676697, 87.519241333, 27.7928333282, -3.84608864784, 16.7031078339], [-102.043548584, 88.1906509399, -28.5320014954, -57.6291542053, -18.8352603912, 21.3403453827, 22.7669658661, 8.45339775085, -2.7069735527, 27.7928333282, 85.6467132568, 8.72796154022, 4.16393136978], [-116.1771698, -64.2969665527, 51.9586448669, 62.1694068909, 3.43473434448, 22.6985530853, 26.1513175964, 15.6256074905, -1.93546175957, -3.84608864784, 8.72796154022, 92.0394287109, 31.2024154663], [-55.7484474182, 40.1599807739, 31.6163291931, 12.4941291809, 22.7964935303, -21.0910129547, 0.993177592754, 6.69694805145, 0.0447328910232, 16.7031078339, 4.16393136978, 31.2024154663, 113.164802551]], "icov": [[0.000217159598833, 0.000191389335669, 0.000213652994717, 0.000211445469176, 8.93045362318e-05, 0.00018246586842, 0.000226632648264, 2.41582129092e-05, 0.000100073128124, -1.98596771952e-05, 0.000195817832719, 2.46583149419e-05, -4.24908976129e-05], [0.000191389335669, 0.00105927709956, 0.000709288753569, 0.000451152445748, 0.000164774508448, 0.000184343036381, 0.000322227540892, -0.000744414457586, 0.000493916799314, 0.000545715505723, -0.000531200901605, 0.000583677028771, -0.000709348358214], [0.000213652994717, 0.000709288753569, 0.00297107570805, -0.000546534894966, 0.00072314607678, -0.000319922255585, -0.000728371029254, 0.000615523429587, -0.000444471661467, 0.000678737764247, 0.000342400831869, 2.93017837976e-05, -0.00127220479771], [0.000211445469176, 0.000451152445748, -0.000546534894966, 0.0034598771017, -0.00131171010435, -0.0002400228841, -5.11432153871e-05, -0.000475812703371, 0.00123920943588, -0.000371380068827, 0.00206528091803, -0.00155356607866, 0.000369560177205], [8.93045362318e-05, 0.000164774508448, 0.00072314607678, -0.00131171010435, 0.00557143194601, -0.000456939364085, 0.000608591246419, 0.0019747025799, -0.00213141459972, -0.000466133962618, 0.000382077821996, 0.000505152682308, -0.00148509372957], [0.00018246586842, 0.000184343036381, -0.000319922255585, -0.0002400228841, -0.000456939364085, 0.0071149552241, -0.00243826257065, 0.000788965553511, 0.00116330827586, -0.000912141345907, -0.00120054604486, -0.00105564983096, 0.00200256775133], [0.000226632648264, 0.000322227540892, -0.000728371029254, -5.11432153871e-05, 0.000608591246419, -0.00243826257065, 0.0101486416534, -0.00392163358629, -0.000416574213887, 0.000347920955392, -0.00198334036395, -0.000461809278931, -7.84616349847e-05], [2.41582129092e-05, -0.000744414457586, 0.000615523429587, -0.000475812703371, 0.0019747025799, 0.000788965553511, -0.00392163358629, 0.0129041727632, -0.00281574414112, 0.00116285053082, 0.000422595650889, -0.00173064030241, -0.000532232108526], [0.000100073128124, 0.000493916799314, -0.000444471661467, 0.00123920943588, -0.00213141459972, 0.00116330827586, -0.000416574213887, -0.00281574414112, 0.0156928598881, -0.00379900028929, 0.00160843564663, -0.000115526454465, 0.00120504002552], [-1.98596771952e-05, 0.000545715505723, 0.000678737764247, -0.000371380068827, -0.000466133962618, -0.000912141345907, 0.000347920955392, 0.00116285053082, -0.00379900028929, 0.015414332971, -0.00590058974922, 0.00238317530602, -0.00321368081495], [0.000195817832719, -0.000531200901605, 0.000342400831869, 0.00206528091803, 0.000382077821996, -0.00120054604486, -0.00198334036395, 0.000422595650889, 0.00160843564663, -0.00590058974922, 0.0170661993325, -0.00301618431695, 0.000726949947421], [2.46583149419e-05, 0.000583677028771, 2.93017837976e-05, -0.00155356607866, 0.000505152682308, -0.00105564983096, -0.000461809278931, -0.00173064030241, -0.000115526454465, 0.00238317530602, -0.00301618431695, 0.0149402841926, -0.00458383280784], [-4.24908976129e-05, -0.000709348358214, -0.00127220479771, 0.000369560177205, -0.00148509372957, 0.00200256775133, -7.84616349847e-05, -0.000532232108526, 0.00120504002552, -0.00321368081495, 0.000726949947421, -0.00458383280784, 0.0117976730689]]}, "spectral_contrast_coeffs": {"dmean": [0.0421338528395, 0.0359384194016, 0.0322229899466, 0.0274215117097, 0.0243770778179, 0.0174497123808], "dmean2": [0.0697247833014, 0.056210540235, 0.0488325543702, 0.0412863790989, 0.0358894430101, 0.0257752928883], "dvar": [0.00125483993907, 0.00114979839418, 0.00084032776067, 0.00063191994559, 0.000513735809363, 0.000326535198838], "dvar2": [0.00325020169839, 0.0024269267451, 0.00168743205722, 0.00119879492559, 0.000983914826065, 0.000719852454495], "max": [-0.276207864285, -0.376446962357, -0.360962092876, -0.484831303358, -0.524000108242, -0.600588917732], "mean": [-0.512735903263, -0.689256191254, -0.722040593624, -0.760783433914, -0.764900743961, -0.780791759491], "median": [-0.503130972385, -0.699126005173, -0.740195512772, -0.770830154419, -0.770991683006, -0.785024762154], "min": [-0.971452116966, -0.968238294125, -0.970250248909, -0.962913274765, -0.959640264511, -0.958900332451], "var": [0.0069027915597, 0.00776577182114, 0.00827682204545, 0.00507369730622, 0.00344502995722, 0.00205341051333]}, "spectral_contrast_valleys": {"dmean": [0.401549786329, 0.289618462324, 0.2676230371, 0.281658828259, 0.329886883497, 0.418299496174], "dmean2": [0.683503687382, 0.462997496128, 0.417356222868, 0.401520639658, 0.389282822609, 0.457953453064], "dvar": [0.13807952404, 0.1050016433, 0.0987022891641, 0.104572109878, 0.146324500442, 0.240600526333], "dvar2": [0.328492999077, 0