{"lowlevel": {"average_loudness": 0.88114386797, "barkbands_crest": {"dmean": 2.51148843765, "dmean2": 3.7198433876, "dvar": 6.52522468567, "dvar2": 13.5976343155, "max": 25.8581199646, "mean": 11.3403501511, "median": 10.2268533707, "min": 2.894094944, "var": 23.6929244995}, "barkbands_flatness_db": {"dmean": 0.0234211347997, "dmean2": 0.0326146744192, "dvar": 0.000581068918109, "dvar2": 0.00115683942568, "max": 0.403797030449, "mean": 0.150448188186, "median": 0.146388828754, "min": 0.0228752847761, "var": 0.00273591117002}, "barkbands_kurtosis": {"dmean": 1.91550207138, "dmean2": 2.67915534973, "dvar": 10.9193220139, "dvar2": 19.9014968872, "max": 78.1962966919, "mean": 2.80237436295, "median": 0.959387421608, "min": -1.90281391144, "var": 33.1686096191}, "barkbands_skewness": {"dmean": 0.462121903896, "dmean2": 0.617099583149, "dvar": 0.289977729321, "dvar2": 0.49714577198, "max": 8.15166473389, "mean": 1.25496339798, "median": 1.10928380489, "min": -4.8073220253, "var": 1.5288836956}, "barkbands_spread": {"dmean": 5.71704053879, "dmean2": 8.20420455933, "dvar": 57.0130958557, "dvar2": 118.496238708, "max": 109.770050049, "mean": 25.2570667267, "median": 22.8554954529, "min": 1.51050913334, "var": 184.672744751}, "dissonance": {"dmean": 0.0201502721757, "dmean2": 0.0332091599703, "dvar": 0.000428694969742, "dvar2": 0.00116963207256, "max": 0.500000059605, "mean": 0.452598184347, "median": 0.458696812391, "min": 0.279537349939, "var": 0.000970180262811}, "dynamic_complexity": 3.4060716629, "erbbands_crest": {"dmean": 2.57377433777, "dmean2": 3.92208456993, "dvar": 6.229575634, "dvar2": 14.1671438217, "max": 33.4796638489, "mean": 12.4421949387, "median": 11.2313261032, "min": 2.57273387909, "var": 30.119102478}, "erbbands_flatness_db": {"dmean": 0.0208986513317, "dmean2": 0.0277614239603, "dvar": 0.00051014078781, "dvar2": 0.000911582785193, "max": 0.443619847298, "mean": 0.177085161209, "median": 0.173907756805, "min": 0.0363871604204, "var": 0.00279279076494}, "erbbands_kurtosis": {"dmean": 0.852188646793, "dmean2": 1.25968837738, "dvar": 1.76778495312, "dvar2": 3.51485586166, "max": 63.1797943115, "mean": 0.637404322624, "median": -0.311093688011, "min": -1.89915943146, "var": 14.6857271194}, "erbbands_skewness": {"dmean": 0.33598485589, "dmean2": 0.470006465912, "dvar": 0.12399713695, "dvar2": 0.233489379287, "max": 4.19887256622, "mean": 0.172986134887, "median": 0.194092914462, "min": -4.18585681915, "var": 0.828556120396}, "erbbands_spread": {"dmean": 7.52912092209, "dmean2": 10.9742136002, "dvar": 78.6034240723, "dvar2": 168.354034424, "max": 135.394073486, "mean": 41.7542114258, "median": 39.2846298218, "min": 1.19201290607, "var": 403.695678711}, "hfc": {"dmean": 6.15217733383, "dmean2": 8.32069969177, "dvar": 123.240203857, "dvar2": 277.324768066, "max": 257.264343262, "mean": 20.9194145203, "median": 13.7227611542, "min": 1.1784963948e-16, "var": 385.742797852}, "melbands_crest": {"dmean": 3.1309595108, "dmean2": 4.45716524124, "dvar": 8.88943195343, "dvar2": 17.7819824219, "max": 34.1001014709, "mean": 14.8412618637, "median": 13.4365234375, "min": 1.67976176739, "var": 40.3065071106}, "melbands_flatness_db": {"dmean": 0.0236212089658, "dmean2": 0.0324424505234, "dvar": 0.000616409932263, "dvar2": 0.00111840246245, "max": 0.515091598034, "mean": 0.194169789553, "median": 0.190906614065, "min": 0.00319864228368, "var": 0.003712201491}, "melbands_kurtosis": {"dmean": 5.47211074829, "dmean2": 7.55781984329, "dvar": 109.350524902, "dvar2": 186.027709961, "max": 244.222671509, "mean": 11.691950798, "median": 5.44249868393, "min": -1.92317223549, "var": 330.909240723}, "melbands_skewness": {"dmean": 0.631087303162, "dmean2": 0.8431686759, "dvar": 0.582813858986, "dvar2": 0.962404429913, "max": 13.9237241745, "mean": 2.44022297859, "median": 2.06117534637, "min": -3.50887179375, "var": 3.23596477509}, "melbands_spread": {"dmean": 8.38321495056, "dmean2": 11.9354696274, "dvar": 269.542449951, "dvar2": 565.224121094, "max": 288.928283691, "mean": 30.1436672211, "median": 24.7929286957, "min": 1.69656670094, "var": 682.166503906}, "pitch_salience": {"dmean": 0.065217666328, "dmean2": 0.0969025269151, "dvar": 0.00494006555527, "dvar2": 0.0107124857605, "max": 0.922213196754, "mean": 0.514194190502, "median": 0.518961489201, "min": 0.0854936763644, "var": 0.0195465367287}, "silence_rate_20dB": {"dmean": 0, "dmean2": 0, "dvar": 0, "dvar2": 0, "max": 1, "mean": 1, "median": 1, "min": 1, "var": 0}, "silence_rate_30dB": {"dmean": 0, "dmean2": 0, "dvar": 0, "dvar2": 0, "max": 1, "mean": 1, "median": 1, "min": 1, "var": 0}, "silence_rate_60dB": {"dmean": 0.0274682566524, "dmean2": 0.0549412593246, "dvar": 0.0267094969749, "dvar2": 0.0586557649076, "max": 1, "mean": 0.0656417310238, "median": 0, "min": 0, "var": 0.0613280013204}, "spectral_centroid": {"dmean": 249.070983887, "dmean2": 350.872497559, "dvar": 105113.585938, "dvar2": 203952.25, "max": 11161.9912109, "mean": 1667.42407227, "median": 1592.77929688, "min": 300.905853271, "var": 502615.34375}, "spectral_complexity": {"dmean": 2.598082304, "dmean2": 3.92829990387, "dvar": 9.31053256989, "dvar2": 18.8426475525, "max": 52, "mean": 14.1704959869, "median": 13, "min": 0, "var": 50.2072792053}, "spectral_decrease": {"dmean": 1.4271540616e-09, "dmean2": 1.75606973407e-09, "dvar": 3.2198545079e-18, "dvar2": 4.78088060179e-18, "max": 7.70318278542e-20, "mean": -5.22773735412e-09, "median": -4.25010959759e-09, "min": -2.541539601e-08, "var": 1.71342291346e-17}, "spectral_energy": {"dmean": 0.0057656513527, "dmean2": 0.00712646497414, "dvar": 4.98819681525e-05, "dvar2": 7.49238242861e-05, "max": 0.103903472424, "mean": 0.0216280855238, "median": 0.0174925308675, "min": 1.08973412055e-20, "var": 0.000280455249595}, "spectral_energyband_high": {"dmean": 0.000446637306595, "dmean2": 0.000661487749312, "dvar": 1.19911135243e-06, "dvar2": 2.77689150607e-06, "max": 0.0265527963638, "mean": 0.000990726868622, "median": 0.00058538466692, "min": 7.50778285301e-21, "var": 2.10551297641e-06}, "spectral_energyband_low": {"dmean": 0.0026019772049, "dmean2": 0.00321091432124, "dvar": 3.26581175614e-05, "dvar2": 5.01913018525e-05, "max": 0.0550312884152, "mean": 0.00460886349902, "median": 0.00114670069888, "min": 1.39182856828e-22, "var": 7.98160035629e-05}, "spectral_energyband_middle_high": {"dmean": 0.00191665207967, "dmean2": 0.00240493868478, "dvar": 1.43912948261e-05, "dvar2": 2.22515118367e-05, "max": 0.0730838105083, "mean": 0.00627648457885, "median": 0.0024482535664, "min": 1.81164448909e-21, "var": 8.10832207208e-05}, "spectral_energyband_middle_low": {"dmean": 0.00301939132623, "dmean2": 0.00434788083658, "dvar": 1.73367789102e-05, "dvar2": 3.53185532731e-05, "max": 0.0674874261022, "mean": 0.0101397139952, "median": 0.00787372142076, "min": 3.51163842718e-22, "var": 7.90136255091e-05}, "spectral_entropy": {"dmean": 0.202133521438, "dmean2": 0.277736365795, "dvar": 0.0491643920541, "dvar2": 0.0920353010297, "max": 9.79864311218, "mean": 7.30941104889, "median": 7.32616329193, "min": 5.13471317291, "var": 0.248414978385}, "spectral_flux": {"dmean": 0.0237683355808, "dmean2": 0.0352739617229, "dvar": 0.000702581659425, "dvar2": 0.00134951376822, "max": 0.281108409166, "mean": 0.066204443574, "median": 0.0550627671182, "min": 1.04390329714e-10, "var": 0.00210015010089}, "spectral_kurtosis": {"dmean": 1.4304510355, "dmean2": 2.36615419388, "dvar": 2.5566470623, "dvar2": 7.31168603897, "max": 23.1194171906, "mean": 3.66125202179, "median": 3.12593126297, "min": -1.65079534054, "var": 6.55270719528}, "spectral_rms": {"dmean": 0.000606895249803, "dmean2": 0.000743978831451, "dvar": 4.55186579984e-07, "dvar2": 6.60659225105e-07, "max": 0.0100682293996, "mean": 0.00421119295061, "median": 0.00413108756766, "min": 3.26060619477e-12, "var": 3.36641846843e-06}, "spectral_rolloff": {"dmean": 583.952209473, "dmean2": 955.362731934, "dvar": 1496793.25, "dvar2": 2891065.5, "max": 19121.484375, "mean": 2098.66821289, "median": 1658.05664062, "min": 64.599609375, "var": 4590907}, "spectral_skewness": {"dmean": 0.220142483711, "dmean2": 0.343229591846, "dvar": 0.0433598048985, "dvar2": 0.10686814785, "max": 3.29488778114, "mean": 1.41211211681, "median": 1.40722203255, "min": -0.713164687157, "var": 0.201578587294}, "spectral_spread": {"dmean": 775266.5625, "dmean2": 1012151, "dvar": 1268980252670.0, "dvar2": 2072426184700.0, "max": 39152312, "mean": 5121413.5, "median": 4643955.5, "min": 1923902.625, "var": 4293279875070.0}, "spectral_strongpeak": {"dmean": 0.671056330204, "dmean2": 1.10565292835, "dvar": 1.18412220478, "dvar2": 2.74301457405, "max": 15.7391853333, "mean": 1.55855119228, "median": 1.0162280798, "min": 0, "var": 2.48821568489}, "zerocrossingrate": {"dmean": 0.0136669399217, "dmean2": 0.0148635581136, "dvar": 0.000392266083509, "dvar2": 0.000422571145464, "max": 0.52587890625, "mean": 0.0775299370289, "median": 0.06494140625, "min": 0.0078125, "var": 0.00308311753906}, "barkbands": {"dmean": [0.000108569707663, 0.00223773275502, 0.000814011495095, 0.000376522715669, 0.00143556052353, 0.000707487459294, 0.000557212275453, 0.000607156194746, 0.000772137194872, 0.00073959043948, 0.000448824779596, 0.000490993144922, 0.000293356133625, 0.000280828360701, 0.000258074025624, 0.000166711266502, 0.000146396414493, 0.00010926140385, 0.000163635573699, 0.00016777208657, 0.00011798999185, 7.99952467787e-05, 6.25603424851e-05, 7.99146582722e-05, 0.000103449507151, 4.22072771471e-05, 7.10722451913e-06], "dmean2": [0.00015054976393, 0.0028325302992, 0.00148111605085, 0.000674975395668, 0.0021805872675, 0.000947469903622, 0.000797660730314, 0.000875938683748, 0.00104795163497, 0.00100779766217, 0.000622919644229, 0.00072200212162, 0.000429870997323, 0.00040862953756, 0.000400029093726, 0.000276821083389, 0.000225599826081, 0.000170441009686, 0.000237103624386, 0.000250635464909, 0.000179549257155, 0.000121948156448, 9.39651581575e-05, 0.000124461163068, 0.000162978685694, 6.33551826468e-05, 1.07648493213e-05], "dvar": [5.21393523911e-08, 3.06084257318e-05, 6.96545930623e-06, 1.23392169371e-06, 5.4356455621e-06, 3.74580008611e-06, 2.03178478841e-06, 4.30835143561e-06, 3.6370424823e-06, 4.61898889625e-06, 2.38009624809e-06, 4.96101483805e-06, 1.5605127146e-06, 9.7057147741e-07, 4.63634535208e-07, 1.22222630239e-07, 1.11835824157e-07, 5.90552851065e-08, 1.05975452414e-07, 1.4437635798e-07, 4.21848476151e-08, 3.15519343985e-08, 4.63816007823e-08, 1.26909753817e-07, 2.6224952876e-07, 2.09337045476e-08, 2.25261864717e-10], "dvar2": [1.06330595884e-07, 5.08622906636e-05, 1.97923691303e-05, 3.58810848411e-06, 1.1867649846e-05, 6.06789626545e-06, 4.33359900853e-06, 9.40909922065e-06, 7.21210790289e-06, 8.23208301881e-06, 4.47501361123e-06, 1.07445921458e-05, 3.0012033676e-06, 1.77719391559e-06, 1.03717684397e-06, 3.02885240444e-07, 2.42623940494e-07, 1.21966522215e-07, 2.09173975918e-07, 2.87185542902e-07, 9.36020398967e-08, 6.69121860142e-08, 9.59658663646e-08, 3.04165922671e-07, 6.60017178689e-07, 5.57712809268e-08, 4.95403773559e-10], "max": [0.00316135119647, 0.0504875034094, 0.0253926888108, 0.0153853874654, 0.0547665841877, 0.0545693300664, 0.0398183017969, 0.0463341400027, 0.0413739681244, 0.0545465052128, 0.0394419021904, 0.0634207576513, 0.048547051847, 0.0550442188978, 0.0222135912627, 0.00994969345629, 0.00894305109978, 0.00865048076957, 0.00620197039098, 0.0104169426486, 0.00386698264629, 0.00635804096237, 0.00685756606981, 0.0117899542674, 0.0126798758283, 0.00584564451128, 0.00040220777737], "mean": [0.000148951774463, 0.00337002333254, 0.000835121609271, 0.000522848509718, 0.00359167414717, 0.00168905314058, 0.00116416835226, 0.00101514626294, 0.00189836637583, 0.00170851778239, 0.00083890138194, 0.000780234811828, 0.000502204638906, 0.000498390814755, 0.000609647249803, 0.000303550070385, 0.00033154382254, 0.000208107827348, 0.000372189737391, 0.000388369400753, 0.000304587651044, 0.000172466257936, 9.94745787466e-05, 0.000104186561657, 0.000117178991786, 4.60745504824e-05, 7.10948143023e-06], "median": [1.59282462846e-05, 0.000378366763471, 0.000409323634813, 0.000286102091195, 0.00178019958548, 0.000477270077681, 0.000380244746339, 0.000161993521033, 0.000296111917123, 0.000150468506035, 5.01211907249e-05, 8.61403605086e-05, 6.50347428746e-05, 6.90309389029e-05, 0.000139893556479, 0.000108453081339, 8.53105302667e-05, 6.02366999374e-05, 0.000104355101939, 6.29634887446e-05, 0.000137951632496, 5.98879923928e-05, 4.1380058974e-05, 3.06845831801e-05, 2.35973602685e-05, 4.93245897815e-06, 1.30958e-08], "min": [2.17041982981e-23, 7.9489600669e-23, 3.68942482981e-23, 2.6176782462e-23, 3.4613345343e-23, 8.41746014089e-23, 4.3310151859e-23, 4.24307202555e-23, 9.41898027568e-23, 6.62038956041e-23, 4.4582925287e-23, 1.39498805087e-22, 1.17236620227e-22, 8.88309317881e-23, 1.62911767614e-22, 1.67590040948e-22, 5.95814777245e-23, 3.15096440556e-22, 4.63940180278e-22, 3.66530903639e-22, 4.4470156674e-22, 5.4282733103e-22, 6.49626475822e-22, 7.78661249261e-22, 9.95706242535e-22, 1.89931513271e-21, 2.36153440977e-21], "var": [1.02091860299e-07, 6.11804789514e-05, 4.20874494012e-06, 8.53724543504e-07, 2.30939294852e-05, 2.0715266146e-05, 5.06056858285e-06, 8.15482690086e-06, 1.34260271807e-05, 1.78091959242e-05, 7.48960383135e-06, 8.8125016191e-06, 4.91109403811e-06, 2.21631876229e-06, 1.2914196077e-06, 2.98758607187e-07, 4.08950995734e-07, 1.95032285433e-07, 4.12039327102e-07, 6.18793251306e-07, 1.62104797141e-07, 9.10652744324e-08, 7.7198251347e-08, 1.51087675704e-07, 2.75947400041e-07, 2.33615580214e-08, 2.60767130111e-10]}, "erbbands": {"dmean": [0.0885412022471, 0.484819680452, 0.914270579815, 1.12153851986, 2.2194108963, 5.81925010681, 7.18442392349, 5.71623849869, 6.79389715195, 10.1857843399, 13.4403028488, 18.0223579407, 15.6763448715, 24.9882659912, 18.3571796417, 15.8076839447, 12.9351396561, 14.2032546997, 14.3672580719, 8.42190265656, 10.6132001877, 7.10461330414, 6.19548797607, 5.26039457321, 10.1272659302, 8.15032958984, 5.43431329727, 3.64222502708, 2.9893951416, 2.11152362823, 1.78165090084, 1.47506248951, 1.48595106602, 1.30685722828, 0.656971752644, 0.258967936039, 0.0589119046926, 0.0152829336002, 0.000763466581702, 1.97420031327e-05], "dmean2": [0.107615031302, 0.66666084528, 1.60892641544, 2.01664638519, 3.62424921989, 9.07820796967, 10.1713962555, 7.58236646652, 9.86161136627, 14.4137239456, 19.0395030975, 23.9830684662, 20.8394260406, 32.9083442688, 24.2383079529, 22.8993663788, 18.1104316711, 20.2602062225, 21.7971668243, 13.0835905075, 17.578130722, 10.8359222412, 9.66457080841, 7.82774496078, 14.423412323, 12.1490526199, 8.13611030579, 5.66759490967, 4.59210109711, 3.16190385818, 2.68812990189, 2.2665271759, 2.32301974297, 2.06499314308, 1.04144501686, 0.395250946283, 0.0879819765687, 0.0228070579469, 0.00113918457646, 2.7203501304e-05], "dvar": [0.0457508340478, 1.62450230122, 8.40019226074, 10.8607311249, 16.0579452515, 102.501068115, 298.302093506, 361.446350098, 353.548034668, 813.448730469, 1935.22741699, 2150.40893555, 1659.03234863, 5859.13330078, 3184.40014648, 5364.42089844, 3316.83935547, 2752.76708984, 1383.8671875, 651.441894531, 475.735168457, 247.437011719, 158.703613281, 117.982398987, 420.928619385, 322.638275146, 106.302833557, 48.8202590942, 42.5823059082, 36.4501075745, 39.4263153076, 39.497795105, 48.9592666626, 48.4466934204, 9.68948841095, 1.00607609749, 0.0282839052379, 0.00115389167331, 2.42673354478e-06, 1.14586395927e-09], "dvar2": [0.0734789669514, 3.36007213593, 23.1283493042, 31.1545600891, 42.181640625, 240.942642212, 554.657592773, 604.538085938, 771.313293457, 1655.31567383, 4242.34179688, 4270.27246094, 3113.33349609, 9928.64160156, 5623.67871094, 11959.0605469, 5992.70507812, 4855.55517578, 2997.87329102, 1450.54956055, 1181.44897461, 521.843322754, 334.980987549, 241.618331909, 819.650756836, 661.621887207, 228.152130127, 110.418830872, 92.4092407227, 78.7713623047, 80.7035598755, 93.3981170654, 120.716339111, 123.263961792, 23.9388504028, 2.61986637115, 0.0726876184344, 0.00268170749769, 5.29974840902e-06, 2.64169996989e-09], "max": [2.07477402687, 11.3825731277, 28.6006069183, 35.6362686157, 61.47315979, 233.294906616, 489.495483398, 562.603271484, 532.934265137, 816.219787598, 960.248535156, 1035.42138672, 869.032592773, 2060.08984375, 1389.33056641, 2432.96948242, 2508.47973633, 3082.78491211, 1096.09875488, 1090.09130859, 633.472839355, 368.540222168, 366.993469238, 277.740203857, 437.52722168, 432.721862793, 192.955032349, 148.910980225, 232.535720825, 207.444107056, 202.359481812, 256.068634033, 258.360168457, 248.088317871, 86.1524353027, 42.9920463562, 7.84124660492, 0.864253997803, 0.0402281619608, 0.000797521381173], "mean": [0.13040921092, 0.623459517956, 0.987577915192, 1.46040642262, 4.37268400192, 13.7129297256, 17.2496623993, 14.0235652924, 14.5396060944, 20.5879001617, 25.7149581909, 44.549823761, 37.8090934753, 57.1167411804, 38.4321136475, 25.810716629, 24.6129322052, 27.7570667267, 35.4825210571, 17.300365448, 21.3924942017, 16.0642547607, 13.8208456039, 11.1991615295, 25.340139389, 19.5737628937, 13.1825294495, 9.09331512451, 6.95468568802, 3.82554411888, 2.82647562027, 2.01425886154, 1.89162480831, 1.48230969906, 0.734874606133, 0.285073429346, 0.0635142326355, 0.0158265624195, 0.000789172307122, 4.2256051529e-05], "median": [0.0107515556738, 0.0912362486124, 0.470628499985, 0.838669240475, 2.43141460419, 6.27870178223, 5.44556617737, 4.00283765793, 5.74829006195, 4.99881649017, 6.75845623016, 8.07783222198, 4.89156341553, 5.52519798279, 4.028175354, 2.96717309952, 3.31373715401, 4.51680278778, 8.24573135376, 5.8286151886, 8.05988407135, 5.66555404663, 5.2774553299, 4.09241580963, 6.75503826141, 4.70843791962, 4.17239141464, 3.52641105652, 2.55661916733, 1.33122968674, 1.14948248863, 0.669602870941, 0.51372385025, 0.291647017002, 0.157473564148, 0.0390050858259, 0.00550286378711, 0.000350878341123, 3.20262479363e-05, 3.0476210668e-05], "min": [1.32017833912e-21, 2.14080788721e-20, 4.95639159029e-20, 5.95172671227e-20, 1.38059740033e-19, 6.73563608526e-20, 4.32112095113e-19, 6.64227996434e-19, 8.85706846216e-19, 2.29027286462e-19, 1.26145394966e-18, 2.35807706622e-18, 2.27780601202e-18, 1.77899418236e-18, 3.27614600974e-18, 5.21188471432e-18, 5.05600045994e-18, 5.71976492503e-18, 8.963321673e-18, 7.10733351922e-18, 6.75703328315e-18, 4.34850874612e-18, 1.76958020525e-17, 1.40503095595e-17, 2.93345972305e-17, 1.64142279684e-17, 1.80101058698e-17, 1.63373216781e-17, 2.14721644445e-17, 1.43491318645e-17, 1.95750472163e-17, 1.60937881252e-17, 1.37207732111e-17, 9.05627526715e-18, 8.94552653648e-18, 6.54886418302e-18, 3.80874609947e-18, 1.31298068438e-18, 3.2301751887e-19, 3.3911277338e-20], "var": [0.0961680859327, 2.33669638634, 5.6424665451, 7.14335584641, 32.5402259827, 354.111450195, 1275.46484375, 1877.26000977, 873.115722656, 2006.06005859, 3649.52416992, 8082.58300781, 5765.31787109, 21123.4980469, 10704.5078125, 8529.50097656, 11648.6513672, 7177.83789062, 4742.86083984, 1363.87854004, 1306.48303223, 782.964904785, 538.566833496, 399.793487549, 1806.38867188, 1348.79309082, 401.828369141, 175.856338501, 131.066467285, 69.9844970703, 64.4076004028, 47.6653175354, 56.1331710815, 49.337348938, 10.4813861847, 1.13443136215, 0.0339620932937, 0.00136148021556, 2.9496550269e-06, 1.90985716131e-09]}, "gfcc": {"mean": [-20.6445007324, 74.0020370483, -123.991241455, 30.9896469116, -70.6442260742, 6.51114177704, -43.6638412476, 6.08246231079, -26.7505474091, 3.32617783546, -20.1510295868, -1.44528365135, -2.60573363304], "cov": [[9957.48632812, 683.884155273, 227.36807251, 73.1177368164, -397.958404541, 220.083892822, 251.390045166, 349.046905518, -268.109405518, -36.8731040955, -9.90770721436, -42.1085357666, -191.576141357], [683.884155273, 1518.65283203, -203.609359741, 389.183898926, 133.093994141, 144.711914062, 233.703491211, 16.2254581451, 113.192680359, -125.42301178, 121.970870972, -118.148773193, 139.718292236], [227.36807251, -203.609359741, 1405.75744629, 269.807952881, 413.996856689, 141.341491699, -31.7952423096, 230.044158936, 70.312210083, 155.17868042, -19.2066612244, 181.977111816, -138.548110962], [73.1177368164, 389.183898926, 269.807952881, 659.641113281, 178.82321167, 53.1940917969, 54.8156433105, 88.7632293701, 80.5330429077, 41.6125221252, 102.666114807, -47.2082290649, 48.9584465027], [-397.958404541, 133.093994141, 413.996856689, 178.82321167, 618.354125977, 192.589508057, 30.0780181885, 95.7750854492, 95.8032608032, 57.9972305298, -3.88786888123, 77.4119338989, -24.5914497375], [220.083892822, 144.711914062, 141.341491699, 53.1940917969, 192.589508057, 398.219024658, 154.832519531, 24.7211380005, 56.0326576233, 37.0448989868, 15.4992904663, -2.98794078827, 14.8424911499], [251.390045166, 233.703491211, -31.7952423096, 54.8156433105, 30.0780181885, 154.832519531, 432.827545166, 98.6277542114, -20.5730381012, 44.3075752258, 42.3499946594, -37.249206543, 8.9289226532], [349.046905518, 16.2254581451, 230.044158936, 88.7632293701, 95.7750854492, 24.7211380005, 98.6277542114, 284.496917725, 56.9574737549, 3.70174741745, 56.2494430542, 37.7602386475, -45.4818611145], [-268.109405518, 113.192680359, 70.312210083, 80.5330429077, 95.8032608032, 56.0326576233, -20.5730381012, 56.9574737549, 239.431549072, 53.3171005249, -9.3670835495, 29.8455295563, 32.6041488647], [-36.8731040955, -125.42301178, 155.17868042, 41.6125221252, 57.9972305298, 37.0448989868, 44.3075752258, 3.70174741745, 53.3171005249, 204.634033203, 5.3335185051, 7.83528137207, -0.0331864207983], [-9.90770721436, 121.970870972, -19.2066612244, 102.666114807, -3.88786888123, 15.4992904663, 42.3499946594, 56.2494430542, -9.3670835495, 5.3335185051, 191.734207153, 16.8930454254, 8.96214103699], [-42.1085357666, -118.148773193, 181.977111816, -47.2082290649, 77.4119338989, -2.98794078827, -37.249206543, 37.7602386475, 29.8455295563, 7.83528137207, 16.8930454254, 189.850311279, -16.3696861267], [-191.576141357, 139.718292236, -138.548110962, 48.9584465027, -24.5914497375, 14.8424911499, 8.9289226532, -45.4818611145, 32.6041488647, -0.0331864207983, 8.96214103699, -16.3696861267, 133.442184448]], "icov": [[0.000149436935317, -0.000180762290256, 3.14799399348e-05, -3.62364553439e-05, 0.000245303701377, -0.000232381105889, 0.000164789584232, -0.000366414402379, 0.000365666812286, -0.00025273844949, 0.000267596624326, -0.000165690318681, 0.000257217179751], [-0.000180762290256, 0.00144794373773, -5.59505024285e-05, -0.000395776878577, -0.000593025237322, 0.000363424856914, -0.000981836230494, 0.000978518975899, -0.00126617599744, 0.00159885012545, -0.000968578853644, 0.000812572718132, -0.000964442442637], [3.14799399348e-05, -5.59505024285e-05, 0.00156060839072, -0.000738151196856, -0.000262042274699, -0.00057889544405, 0.000613254320342, -0.00108341011219, 0.000695114023983, -0.001151097822, 0.000938124314416, -0.00131496461108, 0.00120627728757], [-3.62364553439e-05, -0.000395776878577, -0.000738151196856, 0.00261750654317, -0.000507053919137, 0.000517945562024, -3.80282544938e-05, -1.28706906253e-05, -0.000500318594277, -5.18843553436e-05, -0.00136077299248, 0.00141854956746, -0.00112961663399], [0.000245303701377, -0.000593025237322, -0.000262042274699, -0.000507053919137, 0.00299950665794, -0.00147975073196, 0.000660367193632, -0.00101460679434, 0.000502070353832, -0.000838300562464, 0.00107735092752, -0.00116921984591, 0.000875736761373], [-0.000232381105889, 0.000363424856914, -0.00057889544405, 0.000517945562024, -0.00147975073196, 0.00422724662349, -0.00189649639651, 0.00160848419182, -0.00164281809703, 0.000967166677583, -0.00116016168613, 0.00107485929038, -0.000961559417192], [0.000164789584232, -0.000981836230494, 0.000613254320342, -3.80282544938e-05, 0.000660367193632, -0.00189649639651, 0.00423382781446, -0.00262088398449, 0.00219436641783, -0.00232198904268, 0.000903631444089, -0.000411932356656, 0.000423366873292], [-0.000366414402379, 0.000978518975899, -0.00108341011219, -1.28706906253e-05, -0.00101460679434, 0.00160848419182, -0.00262088398449, 0.00706437276676, -0.00331980921328, 0.00269977748394, -0.00272402213886, 0.000790590711404, 0.000638286175672], [0.000365666812286, -0.00126617599744, 0.000695114023983, -0.000500318594277, 0.000502070353832, -0.00164281809703, 0.00219436641783, -0.00331980921328, 0.00745139131323, -0.00332683790475, 0.00244262162596, -0.00192921573762, -0.000469268386951], [-0.00025273844949, 0.00159885012545, -0.001151097822, -5.18843553436e-05, -0.000838300562464, 0.000967166677583, -0.00232198904268, 0.00269977748394, -0.00332683790475, 0.00807570945472, -0.00196621823125, 0.00165077007841, -0.00125009275507], [0.000267596624326, -0.000968578853644, 0.000938124314416, -0.00136077299248, 0.00107735092752, -0.00116016168613, 0.000903631444089, -0.00272402213886, 0.00244262162596, -0.00196621823125, 0.00773543631658, -0.00244217505679, 0.000793847138993], [-0.000165690318681, 0.000812572718132, -0.00131496461108, 0.00141854956746, -0.00116921984591, 0.00107485929038, -0.000411932356656, 0.000790590711404, -0.00192921573762, 0.00165077007841, -0.00244217505679, 0.00793650280684, -0.00140300299972], [0.000257217179751, -0.000964442442637, 0.00120627728757, -0.00112961663399, 0.000875736761373, -0.000961559417192, 0.000423366873292, 0.000638286175672, -0.000469268386951, -0.00125009275507, 0.000793847138993, -0.00140300299972, 0.0108863161877]]}, "melbands": {"dmean": [0.00068187242141, 0.000493170053232, 0.000208555633435, 0.000294453842798, 0.000255500694038, 0.0001264874154, 0.000106285253423, 0.000120069205877, 0.000115458271466, 0.000110148110252, 8.46749680932e-05, 0.000108172323962, 6.55595140415e-05, 5.98839578743e-05, 3.25933724525e-05, 2.93154862447e-05, 2.64915979642e-05, 2.45446008194e-05, 1.43853922054e-05, 9.30498390517e-06, 1.30251373776e-05, 7.35978028388e-06, 8.06010666565e-06, 5.85981251788e-06, 4.0394475036e-06, 8.09919220046e-06, 6.89503895046e-06, 5.24238976141e-06, 4.4054099817e-06, 2.00978411158e-06, 2.55311965702e-06, 1.74582703494e-06, 1.66625363818e-06, 1.10879511794e-06, 1.05963772512e-06, 1.02059209439e-06, 9.49568175201e-07, 9.9086003047e-07, 1.19981609714e-06, 1.13722012429e-06], "dmean2": [0.000844896072522, 0.000762516632676, 0.000369434361346, 0.000459098053398, 0.000365092244465, 0.000167724909261, 0.000153405417223, 0.000170954095665, 0.000161905190907, 0.000147591752466, 0.00011310895934, 0.000142767952639, 8.66110713105e-05, 8.62643646542e-05, 4.69756996608e-05, 4.26759834227e-05, 3.82299185731e-05, 3.73316179321e-05, 2.24537143367e-05, 1.4807070329e-05, 2.16282005567e-05, 1.13269443318e-05, 1.25354663396e-05, 9.19752164918e-06, 6.18983358436e-06, 1.16122619147e-05, 1.01582736534e-05, 7.97189568402e-06, 6.60374053041e-06, 3.14780072586e-06, 4.03887997891e-06, 2.70700297733e-06, 2.56103544416e-06, 1.67984637756e-06, 1.62003937021e-06, 1.56897760917e-06, 1.49423840412e-06, 1.56901433002e-06, 1.89634317849e-06, 1.81318239356e-06], "dvar": [2.74751209872e-06, 1.89415754903e-06, 3.17099818403e-07, 2.26873297038e-07, 3.15739470125e-07, 1.56716893684e-07, 7.77202942004e-08, 1.16461066568e-07, 1.11981734108e-07, 7.71912951336e-08, 4.69520990976e-08, 1.10219936289e-07, 4.14803231763e-08, 8.08735407531e-08, 2.60457362344e-08, 1.38841951269e-08, 9.2191063672e-09, 4.41254099925e-09, 2.00990046828e-09, 5.26078625107e-10, 7.33909488737e-10, 3.26321886179e-10, 3.6363878575e-10, 1.91922949755e-10, 8.47941092341e-11, 2.9956498393e-10, 2.61159399662e-10, 1.4019570227e-10, 7.83777626134e-11, 2.18227692861e-11, 2.85498829439e-11, 1.41529227574e-11, 1.68426349256e-11, 1.27183480761e-11, 1.37182426876e-11, 1.54706698841e-11, 1.63529762648e-11, 1.95603186426e-11, 3.91473901906e-11, 3.69807899581e-11], "dvar2": [4.28762132287e-06, 4.65747962153e-06, 9.05107185645e-07, 5.56204383884e-07, 5.86453381857e-07, 2.55088849599e-07, 1.71038266217e-07, 2.45347138161e-07, 2.39830171722e-07, 1.54904654437e-07, 8.71480523301e-08, 1.86084847087e-07, 6.97848676623e-08, 1.68482884533e-07, 5.52124248543e-08, 2.75412919137e-08, 1.66989639894e-08, 9.48652356669e-09, 4.80311346251e-09, 1.14286169417e-09, 1.80511994241e-09, 7.00650093499e-10, 8.00427946146e-10, 3.96795263313e-10, 1.81149942269e-10, 5.94324867098e-10, 5.28091848029e-10, 2.95014623841e-10, 1.6831917804e-10, 4.83960441167e-11, 6.65155569513e-11, 3.1301874287e-11, 3.6404310122e-11, 2.81824667769e-11, 2.82682974251e-11, 3.45934392243e-11, 3.95160085209e-11, 4.76002744165e-11, 9.98423010934e-11, 9.45116832018e-11], "max": [0.0157407969236, 0.0142352469265, 0.00624069431797, 0.00932734366506, 0.0168362762779, 0.0113280527294, 0.0085836648941, 0.00747453095391, 0.0063846828416, 0.00571837788448, 0.00491658737883, 0.00887037161738, 0.00556546961889, 0.00943315587938, 0.00652981642634, 0.0042019165121, 0.00533845229074, 0.00164276128635, 0.00182674464304, 0.000600573956035, 0.000682308105752, 0.000426860671723, 0.000626161519904, 0.000669152301271, 0.000246869341936, 0.000402627454605, 0.000616123725194, 0.00027319858782, 0.000172711836058, 0.000159984105267, 0.000114073460281, 0.000116567462101, 0.000148108476424, 0.000133245863253, 0.000139051640872, 0.000128430867335, 0.000156477981363, 0.000149349754793, 0.000252743717283, 0.000189483136637], "mean": [0.00103019038215, 0.000618088874035, 0.000289983785478, 0.000673071190249, 0.000642786966637, 0.000305672496324, 0.000227921060286, 0.000233178332564, 0.000235591287492, 0.00026547073503, 0.000190447317436, 0.000243403832428, 0.000132819026476, 9.60418910836e-05, 5.3637457313e-05, 5.10594181833e-05, 4.88102596137e-05, 5.61279921385e-05, 3.00398587569e-05, 1.7918226149e-05, 2.54577062151e-05, 1.48331782839e-05, 1.74018259713e-05, 1.13695077744e-05, 7.15450960342e-06, 1.91766903299e-05, 1.61372008733e-05, 1.14425320135e-05, 1.014082045e-05, 3.91635239794e-06, 6.250190836e-06, 4.02719069825e-06, 3.25066844198e-06, 1.71340343513e-06, 1.60242586844e-06, 1.47069158629e-06, 1.17603849503e-06, 1.25911969917e-06, 1.40312783969e-06, 1.22562641991e-06], "median": [9.97923634714e-05, 0.000220792266191, 0.000172248663148, 0.000353946583346, 0.000223633018322, 8.41868532007e-05, 8.59612773638e-05, 4.92679537274e-05, 4.85741911689e-05, 4.41462325398e-05, 1.92094885278e-05, 2.09139743674e-05, 1.19331907626e-05, 1.04665887193e-05, 5.18705473951e-06, 6.98515896147e-06, 6.14732743998e-06, 1.17860818136e-05, 8.29141754366e-06, 6.24803305982e-06, 8.47966839501e-06, 4.30567069998e-06, 4.60388037027e-06, 2.72051124739e-06, 1.85312057965e-06, 4.89725334774e-06, 3.47063860318e-06, 1.81593202342e-06, 2.65654989562e-06, 1.08073186311e-06, 1.81986570169e-06, 1.52403436005e-06, 7.10471454113e-07, 5.71305236008e-07, 5.927940947e-07, 5.30363990947e-07, 3.2841620623e-07, 3.45212924913e-07, 3.15713577947e-07, 2.01342743367e-07], "min": [1.97108414539e-23, 2.80914693636e-23, 1.37364538753e-23, 7.1456290861e-24, 1.22687955161e-23, 1.63610209282e-23, 1.15187513005e-23, 3.41704054668e-24, 1.07152096939e-23, 1.47494017647e-23, 1.16218530543e-23, 7.2143357155e-24, 8.78992444605e-24, 1.70809338126e-23, 1.24209644181e-23, 1.06852818888e-23, 9.5026405524e-24, 1.30057343854e-23, 8.8961130125e-24, 1.37690811623e-23, 6.35253278668e-24, 2.99912767707e-24, 1.12320437488e-23, 1.63853052223e-23, 9.8662975411e-24, 1.92301474836e-23, 1.98242607194e-23, 9.31589035486e-24, 1.10632693247e-23, 1.16010026717e-23, 7.65549355497e-24, 1.15977935855e-23, 1.11847389158e-23, 7.00478112691e-24, 1.05270758343e-23, 1.24474291237e-23, 8.86980923448e-24, 1.08768993582e-23, 6.55127840314e-24, 7.95904486472e-24], "var": [5.82677239436e-06, 1.90030664271e-06, 2.24600555043e-07, 7.50901335778e-07, 1.47382138493e-06, 8.55208156736e-07, 1.96483014747e-07, 2.59023437366e-07, 2.44247985393e-07, 2.72856567562e-07, 1.62011048133e-07, 4.08434090104e-07, 1.55099854737e-07, 1.57568564418e-07, 5.77554573056e-08, 3.48403794703e-08, 2.39076651809e-08, 1.4068994858e-08, 3.47858764016e-09, 1.28850774495e-09, 2.0733246231e-09, 9.01598795622e-10, 1.26112598142e-09, 7.37272576323e-10, 2.45191339454e-10, 1.18654641668e-09, 1.01864627844e-09, 5.38409095086e-10, 2.84007956042e-10, 7.40502520413e-11, 1.11103438949e-10, 4.15504922135e-11, 5.02954344839e-11, 2.06760528837e-11, 2.21341590889e-11, 2.14555699596e-11, 1.8633414256e-11, 2.30345256758e-11, 4.12257901428e-11, 3.65824454063e-11]}, "mfcc": {"mean": [-663.157409668, 105.378257751, -0.13601501286, 19.1590270996, -5.7118229866, -0.805049955845, -8.35105323792, -5.13327026367, 0.372011393309, -1.0196877718, -6.39231395721, -6.94467973709, -3.50448894501], "cov": [[6326.28369141, 328.018554688, 90.4980773926, -40.8874130249, -437.183166504, -74.3896560669, 529.338012695, 151.27722168, -53.8621520996, 137.233764648, 65.248916626, -103.474281311, 4.24626636505], [328.018554688, 1016.59887695, -33.5791625977, 168.165557861, 84.7786102295, 146.384399414, 106.833236694, 164.436126709, 91.145362854, 33.5088577271, 52.2852897644, 18.1233234406, 8.97622013092], [90.4980773926, -33.5791625977, 853.989196777, 186.79284668, 305.368652344, 62.6010360718, 88.2949066162, 84.5021820068, 46.8253974915, 47.2371711731, 59.272895813, 122.685142517, 61.9576416016], [-40.8874130249, 168.165557861, 186.79284668, 578.953857422, 195.337005615, 29.2360115051, 67.5266189575, 56.7522468567, 46.1804275513, 65.9534301758, 15.7644395828, 123.196586609, 51.0292930603], [-437.183166504, 84.7786102295, 305.368652344, 195.337005615, 660.721801758, 125.317878723, -29.3153686523, 99.7468032837, 85.7939147949, 16.3051643372, 25.9975700378, 120.642059326, 61.0773620605], [-74.3896560669, 146.384399414, 62.6010360718, 29.2360115051, 125.317878723, 351.370361328, 93.3552398682, 27.8279476166, 103.243728638, 58.3533172607, 50.5348052979, -5.66170454025, -4.2126288414], [529.338012695, 106.833236694, 88.2949066162, 67.5266189575, -29.3153686523, 93.3552398682, 403.056060791, 123.567146301, 17.3395347595, 70.8607940674, 93.1807785034, -11.9178218842, 22.8144321442], [151.27722168, 164.436126709, 84.5021820068, 56.7522468567, 99.7468032837, 27.8279476166, 123.567146301, 272.370513916, 67.6446228027, 3.30513453484, 76.5729370117, 36.3735847473, 27.315826416], [-53.8621520996, 91.145362854, 46.8253974915, 46.1804275513, 85.7939147949, 103.243728638, 17.3395347595, 67.6446228027, 233.849243164, 55.798286438, 49.5510368347, 35.8392829895, -15.849354744], [137.233764648, 33.5088577271, 47.2371711731, 65.9534301758, 16.3051643372, 58.3533172607, 70.8607940674, 3.30513453484, 55.798286438, 218.51940918, 27.2407169342, 12.451048851, 23.7575626373], [65.248916626, 52.2852897644, 59.272895813, 15.7644395828, 25.9975700378, 50.5348052979, 93.1807785034, 76.5729370117, 49.5510368347, 27.2407169342, 196.536758423, 44.1374588013, -14.0674495697], [-103.474281311, 18.1233234406, 122.685142517, 123.196586609, 120.642059326, -5.66170454025, -11.9178218842, 36.3735847473, 35.8392829895, 12.451048851, 44.1374588013, 221.290374756, 48.7951965332], [4.24626636505, 8.97622013092, 61.9576416016, 51.0292930603, 61.0773620605, -4.2126288414, 22.8144321442, 27.315826416, -15.849354744, 23.7575626373, -14.0674495697, 48.7951965332, 170.456192017]], "icov": [[0.000194299718714, -6.84533588355e-05, -5.94974990236e-05, 3.697217835e-05, 0.000119966352941, 0.000100408295111, -0.00023448272259, -2.64545142272e-05, 1.8920392904e-05, -8.33329904708e-05, 5.04269737576e-05, 2.61181230599e-05, 1.45001540659e-05], [-6.84533588355e-05, 0.00125340314116, 0.000225077208597, -0.000372034293832, 8.2878933938e-08, -0.000499082438182, 9.41712933127e-05, -0.00069590396015, -8.04364826763e-05, 4.12927183788e-05, 9.15112104849e-06, 5.81953172514e-05, 2.26783122343e-05], [-5.94974990236e-05, 0.000225077208597, 0.00157908757683, -0.000218373941607, -0.000632870825939, -4.96442262374e-05, -0.000250618177233, -9.07088106032e-05, 2.980725003e-05, -7.95784653747e-05, -0.000165928999195, -0.000392969755922, -0.000132682034746], [3.697217835e-05, -0.000372034293832, -0.000218373941607, 0.00234169512987, -0.000438255723566, 0.000306859030388, -0.000483214302221, 0.000174962668098, -7.53697604523e-05, -0.00049424165627, 0.000410246982938, -0.000978978932835, -2.57511037489e-05], [0.000119966352941, 8.2878933938e-08, -0.000632870825939, -0.000438255723566, 0.00244509777986, -0.000817930616904, 0.000610705581494, -0.000788252335042, -0.000132486224174, 0.00012145616347, 0.000189060738194, -0.000482231494971, -0.00036911026109], [0.000100408295111, -0.000499082438182, -4.96442262374e-05, 0.000306859030388, -0.000817930616904, 0.00413523102179, -0.00111470441334, 0.000985325081274, -0.0014707109658, -0.000374992290745, -0.000432040542364, 0.00061052077217, 4.1623996367e-05], [-0.00023448272259, 9.41712933127e-05, -0.000250618177233, -0.000483214302221, 0.000610705581494, -0.00111470441334, 0.00412832153961, -0.0016235425137, 0.000800716690719, -0.00077412230894, -0.00122575846035, 0.000667550833896, -0.000412019784562], [-2.64545142272e-05, -0.00069590396015, -9.07088106032e-05, 0.000174962668098, -0.000788252335042, 0.000985325081274, -0.0016235425137, 0.00580159341916, -0.00146735087037, 0.000937110453378, -0.00124999461696, 1.36275857585e-05, -0.000761828385293], [1.8920392904e-05, -8.04364826763e-05, 2.980725003e-05, -7.53697604523e-05, -0.000132486224174, -0.0014707109658, 0.000800716690719, -0.00146735087037, 0.00598711287603, -0.00136131583713, -0.000496091612149, -0.000666013453156, 0.00105073465966], [-8.33329904708e-05, 4.12927183788e-05, -7.95784653747e-05, -0.00049424165627, 0.00012145616347, -0.000374992290745, -0.00077412230894, 0.000937110453378, -0.00136131583713, 0.00560002867132, -0.00037802933366, 0.00018785255088, -0.000914624601137], [5.04269737576e-05, 9.15112104849e-06, -0.000165928999195, 0.000410246982938, 0.000189060738194, -0.000432040542364, -0.00122575846035, -0.00124999461696, -0.000496091612149, -0.00037802933366, 0.00687586748973, -0.00163683784194, 0.00126428971998], [2.61181230599e-05, 5.81953172514e-05, -0.000392969755922, -0.000978978932835, -0.000482231494971, 0.00061052077217, 0.000667550833896, 1.36275857585e-05, -0.000666013453156, 0.00018785255088, -0.00163683784194, 0.00635936390609, -0.0015150946565], [1.45001540659e-05, 2.26783122343e-05, -0.000132682034746, -2.57511037489e-05, -0.00036911026109, 4.1623996367e-05, -0.000412019784562, -0.000761828385293, 0.00105073465966, -0.000914624601137, 0.00126428971998, -0.0015150946565, 0.00699473917484]]}, "spectral_contrast_coeffs": {"dmean": [0.0475191138685, 0.0427419692278, 0.0398967638612, 0.0339694395661, 0.0299352724105, 0.0293256789446], "dmean2": [0.0715746507049, 0.0670008584857, 0.0617365539074, 0.0544806160033, 0.0464561842382, 0.0408273153007], "dvar": [0.00205295765772, 0.00139739934821, 0.00121811311692, 0.000861693057232, 0.000753520173021, 0.000700059114024], "dvar2": [0.00435206154361, 0.00326953595504, 0.00266035483219, 0.00203101546504, 0.00172608415596, 0.00119923742022], "max": [-0.24986192584, -0.361475527287, -0.452986776829, -0.476486712694, -0.497779965401, -0.432562798262], "mean": [-0.612176895142, -0.69043469429, -0.714480280876, -0.733393192291, -0.728014349937, -0.727644145489], "median": [-0.62403845787, -0.694118022919, -0.727697610855, -0.739248394966, -0.728261828423, -0.737014055252], "min": [-0.993434667587, -0.974656820297, -0.973294436932, -0.963098526001, -0.958211421967, -0.957684218884], "var": [0.0124284839258, 0.00633679656312, 0.00811974611133, 0.00439340109006, 0.00323458388448, 0.00503298360854]}, "spectral_contrast_valleys": {"dmean": [0.449926108122, 0.353830814362, 0.351046055555, 0.357223570347, 0.373603820801, 0.489025533199], "dmean2": [0.666047275066, 0.563258171082, 0.545285284519, 0.544244229794, 0.542665421963, 0.581530511379], "dvar": [0.324099838734, 0.126567453146, 0.117818243802, 0.133144453168, 0.194710671902, 0.26654613018], "dvar2": [0.577413856983, 0.286412864923, 0.241843134165, 0.263259351254, 0.378221571445, 0.358074337244], "max": [-5.46997737885, -5.11127758026, -4.89977407455, -5.83254289627, -5.7687516