{"lowlevel": {"average_loudness": 0.934713125229, "barkbands_crest": {"dmean": 1.64925336838, "dmean2": 2.5475153923, "dvar": 2.98961734772, "dvar2": 7.76171970367, "max": 24.8586597443, "mean": 13.5804662704, "median": 13.3644399643, "min": 2.11183786392, "var": 18.4018421173}, "barkbands_flatness_db": {"dmean": 0.020046422258, "dmean2": 0.0279088970274, "dvar": 0.000739448936656, "dvar2": 0.00128105096519, "max": 0.540291488171, "mean": 0.234321475029, "median": 0.210786342621, "min": 0.0142627907917, "var": 0.0099169081077}, "barkbands_kurtosis": {"dmean": 4.51967191696, "dmean2": 7.07013034821, "dvar": 91.8711853027, "dvar2": 219.931976318, "max": 265.632080078, "mean": 11.9373674393, "median": 7.82044315338, "min": -1.87193286419, "var": 224.224807739}, "barkbands_skewness": {"dmean": 0.470535963774, "dmean2": 0.726560771465, "dvar": 0.409547448158, "dvar2": 0.990637660027, "max": 12.2168569565, "mean": 2.56538534164, "median": 2.37426376343, "min": -2.15123391151, "var": 1.56566548347}, "barkbands_spread": {"dmean": 2.41160750389, "dmean2": 3.60982561111, "dvar": 21.1916694641, "dvar2": 42.3433761597, "max": 94.0102920532, "mean": 9.79841136932, "median": 7.66034269333, "min": 0.303696125746, "var": 79.1046600342}, "dissonance": {"dmean": 0.0233108606189, "dmean2": 0.0386215001345, "dvar": 0.000528468051925, "dvar2": 0.00132817169651, "max": 0.500000059605, "mean": 0.434277296066, "median": 0.444642901421, "min": 0.154986515641, "var": 0.00217082723975}, "dynamic_complexity": 2.71681165695, "erbbands_crest": {"dmean": 1.97355258465, "dmean2": 3.17087030411, "dvar": 4.41177940369, "dvar2": 11.9147958755, "max": 27.391954422, "mean": 8.97979736328, "median": 8.03817558289, "min": 2.49322891235, "var": 15.068564415}, "erbbands_flatness_db": {"dmean": 0.0168568585068, "dmean2": 0.023864172399, "dvar": 0.000475994776934, "dvar2": 0.00089263432892, "max": 0.411325603724, "mean": 0.179215356708, "median": 0.165143296123, "min": 0.04795313254, "var": 0.00402575312182}, "erbbands_kurtosis": {"dmean": 0.989720463753, "dmean2": 1.58425569534, "dvar": 2.73612380028, "dvar2": 6.77914571762, "max": 39.2091293335, "mean": 1.38689565659, "median": 0.392266988754, "min": -1.8646876812, "var": 10.0514450073}, "erbbands_skewness": {"dmean": 0.301663517952, "dmean2": 0.467201322317, "dvar": 0.118082694709, "dvar2": 0.277393877506, "max": 4.58547115326, "mean": 0.836114525795, "median": 0.759643733501, "min": -2.61241221428, "var": 0.506921708584}, "erbbands_spread": {"dmean": 7.1295132637, "dmean2": 11.0073213577, "dvar": 135.072647095, "dvar2": 313.528533936, "max": 182.958648682, "mean": 33.9598007202, "median": 31.1203231812, "min": 1.98852217197, "var": 397.580718994}, "hfc": {"dmean": 3.42816925049, "dmean2": 4.93344163895, "dvar": 48.8420028687, "dvar2": 89.8967514038, "max": 277.128204346, "mean": 16.9299049377, "median": 13.0494432449, "min": 1.08220277768e-16, "var": 234.173873901}, "melbands_crest": {"dmean": 1.94867014885, "dmean2": 3.07021999359, "dvar": 4.17325925827, "dvar2": 10.8850927353, "max": 34.8338165283, "mean": 17.721288681, "median": 16.98554039, "min": 1.62932348251, "var": 32.206489563}, "melbands_flatness_db": {"dmean": 0.0231971088797, "dmean2": 0.031841840595, "dvar": 0.00101118779276, "dvar2": 0.00173766491935, "max": 0.695968747139, "mean": 0.336780160666, "median": 0.309943556786, "min": 0.0021887565963, "var": 0.0151981757954}, "melbands_kurtosis": {"dmean": 9.53182983398, "dmean2": 15.0500431061, "dvar": 536.502563477, "dvar2": 1310.74157715, "max": 625.434326172, "mean": 24.1769523621, "median": 16.2272644043, "min": -1.35770642757, "var": 982.620727539}, "melbands_skewness": {"dmean": 0.635922789574, "dmean2": 0.994703352451, "dvar": 0.85836315155, "dvar2": 2.06281304359, "max": 20.4964962006, "mean": 3.41497039795, "median": 3.15074706078, "min": -0.546022832394, "var": 2.7464902401}, "melbands_spread": {"dmean": 1.93011498451, "dmean2": 2.9643266201, "dvar": 21.4971389771, "dvar2": 50.9096908569, "max": 160.089706421, "mean": 8.58177947998, "median": 6.52129745483, "min": 0.327892899513, "var": 108.008789062}, "pitch_salience": {"dmean": 0.0521269440651, "dmean2": 0.081742554903, "dvar": 0.00265933247283, "dvar2": 0.00697206752375, "max": 0.86607426405, "mean": 0.479293197393, "median": 0.478397458792, "min": 0.135028615594, "var": 0.0128134470433}, "silence_rate_20dB": {"dmean": 0, "dmean2": 0, "dvar": 0, "dvar2": 0, "max": 1, "mean": 1, "median": 1, "min": 1, "var": 0}, "silence_rate_30dB": {"dmean": 0.0386890470982, "dmean2": 0.0773842856288, "dvar": 0.0371911004186, "dvar2": 0.0908956676722, "max": 1, "mean": 0.945408046246, "median": 1, "min": 0, "var": 0.0516145937145}, "silence_rate_60dB": {"dmean": 0.00143884890713, "dmean2": 0.00287792785093, "dvar": 0.00143662840128, "dvar2": 0.00334894121625, "max": 1, "mean": 0.0322915837169, "median": 0, "min": 0, "var": 0.0312485359609}, "spectral_centroid": {"dmean": 121.049453735, "dmean2": 184.336959839, "dvar": 47629.3164062, "dvar2": 89111.265625, "max": 11536.7285156, "mean": 677.575256348, "median": 539.867553711, "min": 122.558013916, "var": 544139.375}, "spectral_complexity": {"dmean": 2.32102322578, "dmean2": 3.54640650749, "dvar": 9.54908466339, "dvar2": 17.4290542603, "max": 57, "mean": 15.4534406662, "median": 14, "min": 0, "var": 75.882774353}, "spectral_decrease": {"dmean": 2.37611219589e-09, "dmean2": 3.63299723638e-09, "dvar": 1.18012294622e-17, "dvar2": 2.83575579608e-17, "max": 1.71596746926e-28, "mean": -1.59276396516e-08, "median": -1.60244457703e-08, "min": -6.48474909326e-08, "var": 5.42262750422e-17}, "spectral_energy": {"dmean": 0.00913403742015, "dmean2": 0.0139474915341, "dvar": 0.00017190320068, "dvar2": 0.000412484980188, "max": 0.247151464224, "mean": 0.0616500601172, "median": 0.0620690956712, "min": 9.99827908236e-21, "var": 0.000803439295851}, "spectral_energyband_high": {"dmean": 0.000231174068176, "dmean2": 0.000320819031913, "dvar": 7.03640125721e-07, "dvar2": 1.20810841509e-06, "max": 0.0327356681228, "mean": 0.000442742952146, "median": 8.38335399749e-05, "min": 7.21707571972e-21, "var": 1.92201355276e-06}, "spectral_energyband_low": {"dmean": 0.00702440040186, "dmean2": 0.0106324190274, "dvar": 0.00014480324171, "dvar2": 0.000348246539943, "max": 0.226086914539, "mean": 0.0412486605346, "median": 0.0394355021417, "min": 2.73528940023e-24, "var": 0.000636654614937}, "spectral_energyband_middle_high": {"dmean": 0.000786346849054, "dmean2": 0.0011747572571, "dvar": 2.15728482544e-06, "dvar2": 4.9442251111e-06, "max": 0.0406049527228, "mean": 0.00297557981685, "median": 0.00178370624781, "min": 1.22518989359e-21, "var": 1.26831318994e-05}, "spectral_energyband_middle_low": {"dmean": 0.00494213309139, "dmean2": 0.00790105480701, "dvar": 4.55102199339e-05, "dvar2": 0.000116806899314, "max": 0.110302865505, "mean": 0.0192318893969, "median": 0.0175455193967, "min": 1.83864329775e-22, "var": 0.000153070199303}, "spectral_entropy": {"dmean": 0.190568566322, "dmean2": 0.275699317455, "dvar": 0.0664140880108, "dvar2": 0.128393635154, "max": 9.82315635681, "mean": 6.9005355835, "median": 7.04155254364, "min": 4.3428478241, "var": 0.588021874428}, "spectral_flux": {"dmean": 0.0207538884133, "dmean2": 0.0326813235879, "dvar": 0.000697969924659, "dvar2": 0.00166462163907, "max": 0.464642614126, "mean": 0.0711253136396, "median": 0.0632282942533, "min": 6.51011813901e-11, "var": 0.00189925823361}, "spectral_kurtosis": {"dmean": 5.57922744751, "dmean2": 9.18960952759, "dvar": 112.757064819, "dvar2": 274.170288086, "max": 217.156082153, "mean": 16.0231304169, "median": 6.71370601654, "min": -1.30158817768, "var": 639.123779297}, "spectral_rms": {"dmean": 0.000562526576687, "dmean2": 0.000849966309033, "dvar": 5.49699450403e-07, "dvar2": 1.24748544295e-06, "max": 0.0155281480402, "mean": 0.00745464069769, "median": 0.00778172304854, "min": 3.12320655449e-12, "var": 4.57494707007e-06}, "spectral_rolloff": {"dmean": 130.779953003, "dmean2": 221.149795532, "dvar": 232241.015625, "dvar2": 501663.65625, "max": 19509.0820312, "mean": 505.319763184, "median": 344.53125, "min": 43.06640625, "var": 1559695.75}, "spectral_skewness": {"dmean": 0.447422623634, "dmean2": 0.714299440384, "dvar": 0.393371403217, "dvar2": 0.918637573719, "max": 11.7667264938, "mean": 2.64516758919, "median": 2.11223196983, "min": -0.0885093659163, "var": 2.95683574677}, "spectral_spread": {"dmean": 662644.5, "dmean2": 971630.1875, "dvar": 1176708317180.0, "dvar2": 2366698684420.0, "max": 42375028, "mean": 3911225.5, "median": 3619648.5, "min": 528227.9375, "var": 8665465094140.0}, "spectral_strongpeak": {"dmean": 0.146866321564, "dmean2": 0.262832820415, "dvar": 0.110899627209, "dvar2": 0.280543833971, "max": 5.84095811844, "mean": 0.496891915798, "median": 0.42510831356, "min": 0, "var": 0.16340520978}, "zerocrossingrate": {"dmean": 0.00508452625945, "dmean2": 0.00627911183983, "dvar": 6.00791463512e-05, "dvar2": 7.29835155653e-05, "max": 0.5146484375, "mean": 0.0262319166213, "median": 0.02001953125, "min": 0.00146484375, "var": 0.00125609419774}, "barkbands": {"dmean": [0.000361037004041, 0.00544217508286, 0.00219875923358, 0.00198209099472, 0.00247415737249, 0.00194921682123, 0.000873775687069, 0.000726663682144, 0.000581017520744, 0.000235129904468, 0.000192942781723, 0.000195581786102, 0.000196687193238, 0.000184997625183, 0.00014055223437, 9.98778486974e-05, 8.49732678034e-05, 6.81425954099e-05, 6.39907884761e-05, 6.78731157677e-05, 4.04832135246e-05, 5.4109012126e-05, 5.97786638536e-05, 3.59560217476e-05, 5.41594017704e-05, 6.20921218797e-06, 8.89282262051e-07], "dmean2": [0.000566818926018, 0.00795646104962, 0.00349162216298, 0.00324929296039, 0.00403139833361, 0.00316563248634, 0.00139847781975, 0.00112247560173, 0.000882694032043, 0.000368980923668, 0.000297633407172, 0.000307848880766, 0.000320520339301, 0.000292439217446, 0.000223052775254, 0.000160903422511, 0.000131267879624, 0.000107774212665, 0.000100438730442, 0.000104708400613, 6.00204584771e-05, 7.85496085882e-05, 8.69728537509e-05, 5.32341800863e-05, 8.39657877805e-05, 9.67260075413e-06, 1.34569063448e-06], "dvar": [2.91409924102e-06, 9.05747147044e-05, 1.35843811222e-05, 1.095405878e-05, 1.48221561176e-05, 1.12606248877e-05, 4.5113251872e-06, 3.33511184181e-06, 1.52544498633e-06, 2.95364515068e-07, 2.122788203e-07, 2.62244640226e-07, 3.14707790494e-07, 2.22825036644e-07, 2.00637941816e-07, 5.4564363694e-08, 3.81682632167e-08, 2.39164759108e-08, 3.10446779395e-08, 5.57349757457e-08, 1.93007778648e-08, 6.01623497687e-08, 8.53510542242e-08, 2.23011085154e-08, 6.22261637773e-08, 3.15826614861e-10, 9.15247912181e-12], "dvar2": [7.59340173317e-06, 0.000217724300455, 3.7202033127e-05, 2.99535331578e-05, 3.97431285819e-05, 3.19273203786e-05, 1.16840246847e-05, 8.25608913146e-06, 3.65985147255e-06, 7.04690080511e-07, 4.86283227019e-07, 6.59096713207e-07, 8.47395654091e-07, 5.75876811126e-07, 5.22001073477e-07, 1.37742901529e-07, 8.71986785e-08, 5.89691850905e-08, 7.77918529593e-08, 1.35564221182e-07, 4.19230943294e-08, 1.21070016235e-07, 1.67931275996e-07, 4.1795605199e-08, 1.34948550112e-07, 7.25592030903e-10, 1.9892438391e-11], "max": [0.0799190029502, 0.193471759558, 0.0819256901741, 0.0753174722195, 0.0606827810407, 0.0614256933331, 0.0439543053508, 0.0412029996514, 0.0318554192781, 0.0256778690964, 0.0213351771235, 0.0247133560479, 0.0167787075043, 0.0160003956407, 0.014319610782, 0.0066908178851, 0.00534092634916, 0.00477921729907, 0.00651731761172, 0.0180395077914, 0.00534100318328, 0.00981377251446, 0.015134435147, 0.00635759346187, 0.0171605776995, 0.00079563568579, 6.30685390206e-05], "mean": [0.00199309387244, 0.0307987034321, 0.00626200344414, 0.00406618928537, 0.00595195218921, 0.00457785045728, 0.0017540329136, 0.00149086758029, 0.00126413325779, 0.000504203431774, 0.00039447817835, 0.000367375905626, 0.000384623010177, 0.000380829907954, 0.000248161086347, 0.000192765466636, 0.000189243844943, 0.000152456079377, 0.000137771887239, 0.000140672695125, 7.00492892065e-05, 8.7084074039e-05, 9.76582596195e-05, 6.13017327851e-05, 7.23098710296e-05, 9.0628336693e-06, 1.18175205444e-06], "median": [0.000462111172965, 0.028579108417, 0.00417030369863, 0.00246318546124, 0.00449783261865, 0.00292966747656, 0.000518716522492, 0.000462316995254, 0.000581140397117, 0.000240267487243, 0.000161567237228, 0.000148633931531, 0.000148244638694, 0.000125974576804, 6.29564092378e-05, 7.0501868322e-05, 5.80519117648e-05, 5.51385564904e-05, 3.81738827855e-05, 3.38507270499e-05, 1.15906541396e-05, 1.0767042113e-05, 1.14315971587e-05, 9.48590422922e-06, 6.99187921782e-06, 9.28497058794e-07, 1.13005974356e-07], "min": [5.88774175917e-25, 1.0491235714e-24, 7.13280585626e-25, 3.83113330805e-25, 6.28027786092e-24, 1.63890034022e-23, 9.97830159014e-24, 1.05623387056e-23, 1.96671843137e-23, 1.33129081444e-23, 9.98486806832e-24, 3.52601260883e-23, 3.45507192535e-23, 2.88928447582e-23, 6.32028667723e-23, 6.51041288389e-23, 8.30287714778e-23, 1.22774688839e-22, 1.45964208092e-22, 1.8343979639e-22, 2.42070463221e-22, 3.36635397737e-22, 4.57599505649e-22, 6.06980731016e-22, 9.28097354104e-22, 1.28487220667e-21, 1.94618169988e-21], "var": [9.01808380149e-06, 0.00043177214684, 4.15231806983e-05, 2.28476874327e-05, 3.15180441248e-05, 2.64584305114e-05, 1.05039598566e-05, 8.05885338195e-06, 3.89876095142e-06, 7.23623145404e-07, 6.04774413659e-07, 6.02524437454e-07, 6.86502630742e-07, 5.42243924428e-07, 4.32029224839e-07, 1.25986815647e-07, 1.21853787505e-07, 7.1660423373e-08, 6.52645795185e-08, 1.02082118758e-07, 3.99580208921e-08, 1.15458178129e-07, 1.67143113572e-07, 6.01440603987e-08, 1.06989340054e-07, 5.74553904453e-10, 1.3787008861e-11]}, "erbbands": {"dmean": [0.164042532444, 1.23904800415, 2.39599084854, 4.79311656952, 7.76012325287, 9.12396430969, 9.93070888519, 19.556142807, 13.1259241104, 12.1762266159, 15.451883316, 11.7991781235, 9.71667098999, 8.02229213715, 5.81166696548, 6.61596727371, 8.30312728882, 7.89650154114, 8.15765953064, 5.22357988358, 5.87152147293, 4.66096544266, 3.96068358421, 2.66704535484, 3.778403759, 3.0815808773, 1.62416577339, 1.63221824169, 1.82033371925, 2.06064891815, 1.67874276638, 0.760667145252, 0.684851884842, 0.796117663383, 0.265155792236, 0.0470401868224, 0.00846102740616, 0.00148697709665, 0.000154653680511, 1.56432051881e-05], "dmean2": [0.236049845815, 1.84229063988, 3.76464414597, 7.72367954254, 12.7759180069, 14.7257232666, 15.8251619339, 32.168422699, 21.2609920502, 19.1098327637, 23.7648200989, 18.2957344055, 14.5721616745, 12.3095197678, 9.03761768341, 10.3741178513, 13.4934339523, 12.4743251801, 12.7343254089, 8.24374103546, 9.36205768585, 7.17909860611, 6.24633932114, 4.14457416534, 5.93322610855, 4.72768306732, 2.42115330696, 2.39129853249, 2.66678524017, 3.02037596703, 2.45367765427, 1.12326598167, 1.03576385975, 1.22860872746, 0.416826277971, 0.0738701894879, 0.012946520932, 0.0022426918149, 0.000227982265642, 2.38078482653e-05], "dvar": [0.103744864464, 4.39957904816, 14.9491529465, 56.8876838684, 194.424407959, 210.457214355, 238.677993774, 1475.03088379, 803.938049316, 771.233093262, 1535.9642334, 789.641174316, 377.975341797, 421.681365967, 222.645629883, 317.800292969, 653.357055664, 326.792480469, 558.611816406, 314.136138916, 172.027954102, 119.88684082, 83.0966949463, 46.5432472229, 112.227577209, 115.975517273, 27.227148056, 40.8246116638, 65.8348007202, 95.9510803223, 70.1512527466, 10.3478307724, 9.17290973663, 16.5807151794, 0.844492673874, 0.0175998471677, 0.000692510278895, 2.30546120292e-05, 2.97344740829e-07, 1.01087083149e-09], "dvar2": [0.250321745872, 10.4942998886, 39.8031463623, 155.983352661, 508.216278076, 557.592346191, 642.214233398, 4234.09912109, 2136.86669922, 1915.68164062, 3810.41259766, 2008.24401855, 835.047912598, 1068.51159668, 542.713989258, 793.579345703, 1768.54797363, 846.754394531, 1399.17675781, 776.063781738, 427.355072021, 281.089813232, 206.167953491, 110.388748169, 279.098815918, 277.346038818, 58.2398757935, 84.9464950562, 137.867202759, 186.025009155, 138.769622803, 19.8121910095, 16.8931007385, 34.8471107483, 1.90612900257, 0.0415564030409, 0.00152781582437, 5.20743742527e-05, 6.55033886687e-07, 2.26665952674e-09], "max": [6.22500228882, 41.9060974121, 100.464920044, 127.450965881, 280.961395264, 293.05682373, 272.414764404, 785.205932617, 541.598205566, 563.625854492, 1024.70043945, 711.515930176, 590.025085449, 1189.53747559, 937.233642578, 937.327209473, 819.772949219, 411.220672607, 695.67779541, 922.762878418, 408.579406738, 333.998352051, 257.382080078, 160.299331665, 422.09967041, 824.264831543, 205.103393555, 252.802337646, 336.764862061, 393.003204346, 488.505737305, 107.396888733, 161.978271484, 288.725006104, 42.2796554565, 4.30148363113, 1.37624835968, 0.171670526266, 0.0108324261382, 0.000827373471111], "mean": [1.06753277779, 6.10262489319, 8.09704113007, 11.5751523972, 15.5582523346, 22.5027732849, 22.9789009094, 43.2389259338, 29.894903183, 25.4094963074, 33.5045204163, 24.9681758881, 24.1295719147, 18.6711235046, 12.8951320648, 13.3955659866, 17.1797809601, 16.7404289246, 17.2067661285, 10.7112855911, 12.2440023422, 11.0043878555, 8.99706554413, 6.43236494064, 8.48288345337, 6.31289386749, 3.02145862579, 2.67750191689, 2.93347382545, 3.35602140427, 2.70087480545, 1.29030716419, 1.12834584713, 1.09193360806, 0.332769691944, 0.0657787099481, 0.012490411289, 0.00213548121974, 0.000229047174798, 7.83014911576e-05], "median": [0.844132840633, 5.38284873962, 6.56357002258, 8.10000419617, 10.7548685074, 14.191403389, 17.1658325195, 22.4382724762, 17.0777664185, 12.7132167816, 13.5411272049, 11.6493139267, 11.6576852798, 9.71296596527, 6.59955263138, 5.50560474396, 6.56992435455, 7.02157640457, 5.57553434372, 3.5101313591, 4.53815364838, 3.55879282951, 3.34297537804, 2.14646291733, 2.19716143608, 1.54466414452, 0.570480108261, 0.384383946657, 0.384089082479, 0.40474319458, 0.32085865736, 0.188620522618, 0.162862792611, 0.0993621721864, 0.0351542830467, 0.00806240271777, 0.00119556754362, 0.000157574701007, 4.84275988129e-05, 7.35601570341e-05], "min": [2.90672177281e-23, 2.83656256649e-22, 9.27811698104e-22, 2.32196888281e-21, 1.11438991891e-20, 2.90073726194e-20, 8.535577867e-20, 1.1756409146e-19, 1.49499169691e-19, 2.16477160037e-19, 3.88755449156e-19, 4.96413316072e-19, 2.30397588695e-19, 8.3064861897e-19, 8.28134196703e-19, 1.71033116048e-18, 1.22020865637e-18, 2.49199016277e-18, 3.56652486864e-18, 3.36640940575e-18, 4.64312401053e-18, 5.72945617309e-18, 6.31798111685e-18, 7.29960834389e-18, 7.69251417177e-18, 9.89385354001e-18, 9.33989481968e-18, 8.48164364896e-18, 1.24326759807e-17, 1.1706425465e-17, 1.40535322551e-17, 1.09497487648e-17, 1.067018157e-17, 9.45293566783e-18, 5.60217334274e-18, 4.44423504968e-18, 2.46615296954e-18, 9.43540522911e-19, 2.68483052048e-19, 2.80853570421e-20], "var": [0.748215317726, 19.7903614044, 51.2329139709, 127.433555603, 323.796203613, 618.843200684, 460.579162598, 3390.30078125, 1708.65478516, 1702.46948242, 3531.20996094, 1744.61364746, 1291.31518555, 936.104919434, 641.206359863, 718.328491211, 1444.05163574, 836.868591309, 1282.98388672, 780.212219238, 422.434509277, 374.658630371, 248.26222229, 123.411201477, 252.117477417, 212.318832397, 62.7531738281, 81.1134185791, 122.163482666, 192.926071167, 132.185668945, 26.3575382233, 22.9448986053, 30.0013866425, 1.35974156857, 0.0283918604255, 0.00136980670504, 4.26888982474e-05, 4.19362805815e-07, 2.23861218451e-09]}, "gfcc": {"mean": [-36.8477401733, 150.23614502, -82.6609802246, 32.7755737305, -43.4988861084, 11.6434783936, -29.5570316315, 8.08824443817, -13.4435892105, -1.51948225498, -3.29730987549, -4.07981157303, -2.53527140617], "cov": [[17880.7519531, -2394.56152344, -2346.05004883, 897.705444336, -1106.94873047, 864.553344727, -1020.77355957, 748.529174805, -364.013336182, 322.124725342, -264.915802002, 0.27213743329, -356.230285645], [-2394.56152344, 2447.40234375, 204.152740479, -478.687042236, 691.164855957, -543.205688477, 560.838195801, -249.553649902, 254.689468384, -220.69631958, 291.566772461, -118.940246582, 182.072784424], [-2346.05004883, 204.152740479, 1129.07971191, -97.9987182617, 58.9547080994, 74.2347869873, 113.668838501, -97.5807647705, 63.6426773071, 0.615346610546, -17.9223918915, 85.5328445435, 55.27784729], [897.705444336, -478.687042236, -97.9987182617, 371.000396729, -107.743476868, 99.6051864624, -83.6947174072, 56.454536438, -25.4514789581, 13.2555532455, -47.5566978455, 4.074862957, 3.72226405144], [-1106.94873047, 691.164855957, 58.9547080994, -107.743476868, 450.315216064, -183.830276489, 230.781341553, -54.4804115295, 65.6077346802, -65.0855102539, 89.2819976807, -25.8420391083, 53.7253265381], [864.553344727, -543.205688477, 74.2347869873, 99.6051864624, -183.830276489, 319.263336182, -124.624191284, 58.0975036621, -44.7053222656, 40.2488212585, -60.2753639221, 32.6951980591, -44.4651069641], [-1020.77355957, 560.838195801, 113.668838501, -83.6947174072, 230.781341553, -124.624191284, 289.962768555, -69.2886657715, 58.0873794556, -49.4824333191, 60.8418006897, -20.189491272, 53.6002235413], [748.529174805, -249.553649902, -97.5807647705, 56.454536438, -54.4804115295, 58.0975036621, -69.2886657715, 131.513336182, -8.53774452209, 31.3544692993, -18.5536365509, 1.34541618824, -18.9550132751], [-364.013336182, 254.689468384, 63.6426773071, -25.4514789581, 65.6077346802, -44.7053222656, 58.0873794556, -8.53774452209, 116.41116333, -9.06175804138, 46.2295951843, -9.37993526459, 26.3084506989], [322.124725342, -220.69631958, 0.615346610546, 13.2555532455, -65.0855102539, 40.2488212585, -49.4824333191, 31.3544692993, -9.06175804138, 105.642974854, -4.12169885635, 25.2603740692, -20.1252651215], [-264.915802002, 291.566772461, -17.9223918915, -47.5566978455, 89.2819976807, -60.2753639221, 60.8418006897, -18.5536365509, 46.2295951843, -4.12169885635, 106.352424622, 0.62261146307, 24.8838653564], [0.27213743329, -118.940246582, 85.5328445435, 4.074862957, -25.8420391083, 32.6951980591, -20.189491272, 1.34541618824, -9.37993526459, 25.2603740692, 0.62261146307, 81.7153015137, 11.6119289398], [-356.230285645, 182.072784424, 55.27784729, 3.72226405144, 53.7253265381, -44.4651069641, 53.6002235413, -18.9550132751, 26.3084506989, -20.1252651215, 24.8838653564, 11.6119289398, 85.3011169434]], "icov": [[0.000188240679563, -0.000500883383211, 0.00037424985203, -0.000484244053951, 0.000259869353613, -0.000538729538675, 0.000316292484058, -0.000711281551048, 0.000388196262065, -0.000551055942196, 0.000556824437808, -0.000569773255847, 0.000497933942825], [-0.000500883383211, 0.00405974732712, -0.0011663150508, 0.0030833366327, -0.00155586563051, 0.00272749899887, -0.0020885693375, 0.00320526212454, -0.00283624790609, 0.00376868317835, -0.00449480488896, 0.00381761277094, -0.00315414555371], [0.00037424985203, -0.0011663150508, 0.00202573090792, -0.000735160836484, 0.000429755920777, -0.00181744107977, 0.000295602716506, -0.00061576848384, -4.13050584029e-05, -0.00142545637209, 0.00231865071692, -0.00249927048571, 0.00057135662064], [-0.000484244053951, 0.0030833366327, -0.000735160836484, 0.00580003950745, -0.00101930100936, 0.00140527973417, -0.00139024946839, 0.00199118000455, -0.00231263996102, 0.00299286539666, -0.00235428009182, 0.00310553377494, -0.00400627823547], [0.000259869353613, -0.00155586563051, 0.000429755920777, -0.00101930100936, 0.00516630290076, 8.50293727126e-05, -0.00176270189695, -0.00214818725362, 0.00113262573723, -0.00024797723745, 6.13448864897e-05, -0.00145260279533, 0.00136489258148], [-0.000538729538675, 0.00272749899887, -0.00181744107977, 0.00140527973417, 8.50293727126e-05, 0.00727245537564, -0.00114083767403, 0.00126682023983, -0.00137077365071, 0.00280922348611, -0.00274679693393, 0.00169362872839, -0.000563108129427], [0.000316292484058, -0.0020885693375, 0.000295602716506, -0.00139024946839, -0.00176270189695, -0.00114083767403, 0.00810312386602, -0.000215828928049, 0.000703233294189, -0.00161860976368, 0.00173093646299, -0.000813010381535, 3.07786394842e-05], [-0.000711281551048, 0.00320526212454, -0.00061576848384, 0.00199118000455, -0.00214818725362, 0.00126682023983, -0.000215828928049, 0.0136243877932, -0.00371220707893, 0.000913200667128, -0.00248880358413, 0.00344419293106, -0.00270577846095], [0.000388196262065, -0.00283624790609, -4.13050584029e-05, -0.00231263996102, 0.00113262573723, -0.00137077365071, 0.000703233294189, -0.00371220707893, 0.0138848479837, -0.00280385231599, -0.00136339769233, -0.000447050057119, 0.000622761494014], [-0.000551055942196, 0.00376868317835, -0.00142545637209, 0.00299286539666, -0.00024797723745, 0.00280922348611, -0.00161860976368, 0.000913200667128, -0.00280385231599, 0.0158243589103, -0.00578651251271, 0.000105774022813, -0.000439875439042], [0.000556824437808, -0.00449480488896, 0.00231865071692, -0.00235428009182, 6.13448864897e-05, -0.00274679693393, 0.00173093646299, -0.00248880358413, -0.00136339769233, -0.00578651251271, 0.0194445699453, -0.00601137941703, 0.00160968315322], [-0.000569773255847, 0.00381761277094, -0.00249927048571, 0.00310553377494, -0.00145260279533, 0.00169362872839, -0.000813010381535, 0.00344419293106, -0.000447050057119, 0.000105774022813, -0.00601137941703, 0.0197832826525, -0.00674661435187], [0.000497933942825, -0.00315414555371, 0.00057135662064, -0.00400627823547, 0.00136489258148, -0.000563108129427, 3.07786394842e-05, -0.00270577846095, 0.000622761494014, -0.000439875439042, 0.00160968315322, -0.00674661435187, 0.0187188182026]]}, "melbands": {"dmean": [0.00148379127495, 0.00132429134101, 0.000858212297317, 0.000595605175477, 0.00033693673322, 0.00040851655649, 0.000201487651793, 0.000145375990542, 0.000117490541015, 7.98024120741e-05, 4.9375645176e-05, 3.33782263624e-05, 2.04196312552e-05, 2.53725520452e-05, 1.73758453457e-05, 1.94864169316e-05, 1.53040000441e-05, 1.51403937707e-05, 1.1451631508e-05, 5.74230534767e-06, 7.72139082983e-06, 5.45648163097e-06, 4.01208626499e-06, 3.0515727758e-06, 2.2711026304e-06, 2.72267470791e-06, 3.21655329572e-06, 1.91835215446e-06, 1.07463938548e-06, 1.00412808024e-06, 9.90878106677e-07, 1.02362798771e-06, 1.19594369608e-06, 1.2141466641e-06, 1.09313953089e-06, 6.80336256664e-07, 4.0024534087e-07, 4.27198955322e-07, 6.58310398194e-07, 7.19738295629e-07], "dmean2": [0.00213652988896, 0.00205356488004, 0.00138681044336, 0.000970964727458, 0.000540395441931, 0.000669785076752, 0.000323837273754, 0.000226044940064, 0.000181723604328, 0.000122513447423, 7.41239564377e-05, 5.14970997756e-05, 3.18741040246e-05, 3.9465016016e-05, 2.83179433609e-05, 3.15328470606e-05, 2.42399109993e-05, 2.36605847022e-05, 1.8068947611e-05, 9.26513257582e-06, 1.24139605759e-05, 8.5475103333e-06, 6.29660144114e-06, 4.8358569984e-06, 3.58753322871e-06, 4.33326658822e-06, 5.07110235048e-06, 2.9785528568e-06, 1.65188055234e-06, 1.51838617057e-06, 1.48420986079e-06, 1.53767587108e-06, 1.79167432179e-06, 1.8093825247e-06, 1.62536446169e-06, 1.01985619949e-06, 6.04104172908e-07, 6.45974409963e-07, 1.00399597613e-06, 1.12775819616e-06], "dvar": [7.52541336624e-06, 4.44720672022e-06, 1.77453398464e-06, 9.52403354404e-07, 2.29627318049e-07, 5.8637147049e-07, 1.82939501769e-07, 9.54028394062e-08, 8.35007369915e-08, 3.33161018773e-08, 9.81417880297e-09, 7.1360770626e-09, 2.79070544451e-09, 4.83974460508e-09, 2.49948106656e-09, 2.9227888998e-09, 1.34013877773e-09, 2.01827532464e-09, 1.31893107547e-09, 2.97462804388e-10, 3.12470854746e-10, 1.85577303524e-10, 8.22794818389e-11, 4.80631888455e-11, 3.52272759574e-11, 6.47700920675e-11, 1.18011433958e-10, 4.11076277185e-11, 1.21767587333e-11, 1.19071124488e-11, 1.77277376806e-11, 1.97586426387e-11, 3.21444364182e-11, 3.50004365768e-11, 2.98439849222e-11, 1.08870638199e-11, 2.75701792125e-12, 3.28852461755e-12, 1.18831845405e-11, 1.26686439117e-11], "dvar2": [1.82350504474e-05, 1.11251920316e-05, 4.80956077809e-06, 2.54318683801e-06, 6.21554590907e-07, 1.67742030044e-06, 4.86181477299e-07, 2.36679156274e-07, 2.06007598536e-07, 8.40655403067e-08, 2.17177724693e-08, 1.80367543123e-08, 6.50012577097e-09, 1.17687077861e-08, 6.72902711329e-09, 7.73166597412e-09, 3.46914363902e-09, 4.95203167361e-09, 3.3674518729e-09, 7.33250904439e-10, 7.81549491791e-10, 4.40739916785e-10, 2.03330102755e-10, 1.18319784526e-10, 8.55713902514e-11, 1.70015598822e-10, 3.01644931255e-10, 9.54738441084e-11, 2.66813845323e-11, 2.69340418024e-11, 3.75485371962e-11, 4.26750891569e-11, 6.72304434346e-11, 7.22072332482e-11, 6.00245408933e-11, 2.33700090529e-11, 5.46594236886e-12, 6.47148740845e-12, 2.35081641653e-11, 2.76676945243e-11], "max": [0.0534734651446, 0.0410847067833, 0.026828918606, 0.0165054965764, 0.00795094110072, 0.015230233781, 0.00838442612439, 0.00524613354355, 0.00727849779651, 0.00470986543223, 0.00286493171006, 0.00502185290679, 0.00348169053905, 0.00366700394079, 0.00141206558328, 0.00219510006718, 0.000806144613307, 0.00137509219348, 0.00145058974158, 0.00060994271189, 0.000522232323419, 0.000487697659992, 0.000223972398089, 0.000217629349208, 0.000150883410242, 0.000307749636704, 0.000744874356315, 0.000455626228359, 0.00013486482203, 0.000134693094878, 0.000154758425197, 0.000170831175637, 0.000222778253374, 0.000265578826657, 0.000317079917295, 0.000136902206577, 7.24653727957e-05, 9.97176684905e-05, 0.000238838925725, 0.000240680383286], "mean": [0.00910840462893, 0.00568603165448, 0.00210728566162, 0.00139074388426, 0.000825677998364, 0.000928845780436, 0.000456915586255, 0.000305083434796, 0.00024924846366, 0.000166746132891, 0.000120307340694, 7.59644972277e-05, 4.40973271907e-05, 4.68870275654e-05, 3.25487271766e-05, 3.86046995118e-05, 3.00546471408e-05, 2.98003506032e-05, 1.98884044948e-05, 1.08001586341e-05, 1.4885082237e-05, 1.1674788766e-05, 8.77161801327e-06, 6.77037087371e-06, 4.97480323247e-06, 5.61150136491e-06, 6.767875675e-06, 3.47164223058e-06, 1.83875783932e-06, 1.64490552379e-06, 1.49881532252e-06, 1.56683233854e-06, 1.84514601642e-06, 1.8888674731e-06, 1.71401552507e-06, 1.0478808008e-06, 6.62695754272e-07, 6.97671680427e-07, 9.63728780334e-07, 9.25236349758e-07], "median": [0.00804684776813, 0.00509890820831, 0.00156201631762, 0.00095718097873, 0.00067245651735, 0.000524753821082, 0.00026062130928, 0.000138711809996, 0.000101331534097, 7.3157105362e-05, 5.56359482289e-05, 3.83945189242e-05, 2.13237708522e-05, 1.80614315468e-05, 1.05529088614e-05, 1.41622167575e-05, 1.15606071631e-05, 8.41019573272e-06, 5.09880101163e-06, 3.71278974853e-06, 5.02830562255e-06, 3.36163338943e-06, 2.8938441119e-06, 2.46721310759e-06, 1.51515564539e-06, 1.39493204188e-06, 1.63540983067e-06, 7.57517739203e-07, 3.02547960018e-07, 2.71294908316e-07, 1.73812026105e-07, 1.90990320448e-07, 2.23009237743e-07, 2.18615369363e-07, 1.95697481331e-07, 1.20696128647e-07, 1.0000784556e-07, 1.04695388359e-07, 1.04638552045e-07, 7.33552099064e-08], "min": [4.04493334881e-25, 4.20268506877e-25, 1.04335729401e-24, 1.39200728867e-24, 2.69079547581e-24, 2.65748897953e-24, 2.12604285401e-24, 2.65989579415e-24, 2.74057042956e-24, 3.19503970516e-24, 9.43290978433e-25, 2.78583664881e-24, 1.82683520963e-24, 3.33553898782e-24, 3.43362910822e-24, 3.04545215322e-24, 3.5812782317e-24, 4.13636257424e-24, 4.01836791548e-24, 4.10372937075e-24, 4.69446943734e-24, 4.41981291926e-24, 5.57895211719e-24, 5.53321948393e-24, 4.32966150058e-24, 5.53547878156e-24, 6.15123559962e-24, 5.54539949631e-24, 5.26474684649e-24, 3.87858570738e-24, 5.08431463594e-24, 6.65901629241e-24, 6.47382527845e-24, 6.13861303627e-24, 6.39794040924e-24, 5.48371925099e-24, 6.41838965606e-24, 6.29592333926e-24, 6.43385014651e-24, 6.95708344114e-24], "var": [4.04319216614e-05, 1.72983491211e-05, 3.72365298063e-06, 2.01585203286e-06, 4.63980711629e-07, 1.35543666602e-06, 4.13961203094e-07, 2.196509854e-07, 1.87979452448e-07, 7.78896875886e-08, 3.36150236535e-08, 1.57199249173e-08, 8.04272737298e-09, 1.13638023436e-08, 4.88900520068e-09, 7.10305148033e-09, 3.15413140051e-09, 4.46744063964e-09, 2.96307844927e-09, 7.04775682259e-10, 6.97621682644e-10, 5.09151443229e-10, 2.48701920169e-10, 1.381473963e-10, 8.26976889745e-11, 1.20286058891e-10, 2.02407757222e-10, 7.74963773709e-11, 2.64386776361e-11, 2.24857927417e-11, 3.20376260243e-11, 3.47695587599e-11, 5.71170090391e-11, 6.50430889704e-11, 5.41678542298e-11, 2.00320645488e-11, 7.15750245531e-12, 8.06349952087e-12, 2.38643896311e-11, 2.13685995981e-11]}, "mfcc": {"mean": [-682.94342041, 173.785049438, 26.4042243958, 28.7052173615, 15.854634285, 5.23505496979, 4.90580511093, 6.77172470093, -1.14767754078, 5.88475561142, 3.12686777115, -1.5276119709, 3.65955686569], "cov": [[12482.1523438, -2074.06176758, -1456.83447266, -282.990997314, -285.490539551, -119.140159607, -210.626876831, -65.9644851685, -68.4407653809, 160.413192749, 116.551338196, -14.2172574997, 95.6181716919], [-2074.06176758, 2764.6340332, -169.528015137, 111.279548645, 100.662437439, -74.6716156006, 204.958114624, 97.5665054321, -17.679599762, 69.8681716919, 10.443813324, 36.5201225281, 43.6373710632], [-1456.83447266, -169.528015137, 1011.31628418, -74.9450683594, 44.5019416809, 144.453384399, -53.3343429565, 15.8945016861, 53.9721984863, -76.5226898193, 25.2532730103, 4.03688621521, -33.2198181152], [-282.990997314, 111.279548645, -74.9450683594, 310.970703125, 26.9867286682, -12.8032722473, 38.5214538574, 11.1362848282, 40.701625824, 9.91147422791, -40.7928199768, 23.3304538727, 21.1244258881], [-285.490539551, 100.662437439, 44.5019416809, 26.9867286682, 170.140701294, 6.83588886261, 10.729010582, 26.0405654907, 6.49607086182, 3.97189474106, 2.8326394558, 2.10204124451, 9.57536792755], [-119.140159607, -74.6716156006, 144.453384399, -12.8032722473, 6.83588886261, 162.919509888, 29.2125720978, 24.4052734375, 17.5319232941, -23.0627269745, 6.42100954056, 0.413296580315, -11.1034708023], [-210.626876831, 204.958114624, -53.3343429565, 38.5214538574, 10.729010582, 29.2125720978, 133.178710938, 30.5787143707, 13.3050794601, 9.13855266571, -7.87238645554, 3.90698313713, 5.40598106384], [-65.9644851685, 97.5665054321, 15.8945016861, 11.1362848282, 26.0405654907, 24.4052734375, 30.5787143707, 94.89478302, 19.2541160583, 3.30091428757, 1.99548709393, -7.13681602478, -2.04516458511], [-68.4407653809, -17.679599762, 53.9721984863, 40.701625824, 6.49607086182, 17.5319232941, 13.3050794601, 19.2541160583, 91.7229919434, 3.92599868774, -10.2092628479, -1.33416700363, -2.05304002762], [160.413192749, 69.8681716919, -76.5226898193, 9.91147422791, 3.97189474106, -23.0627269745, 9.13855266571, 3.30091428757, 3.92599868774, 91.182800293, 24.5268516541, -8.7491350174, -4.7966709137], [116.551338196, 10.443813324, 25.2532730103, -40.7928199768, 2.8326394558, 6.42100954056, -7.87238645554, 1.99548709393, -10.2092628479, 24.5268516541, 78.8037109375, 14.9268321991, -5.71179294586], [-14.2172574997, 36.5201225281, 4.03688621521, 23.3304538727, 2.10204124451, 0.413296580315, 3.90698313713, -7.13681602478, -1.33416700363, -8.7491350174, 14.9268321991, 68.0283660889, 32.3045425415], [95.6181716919, 43.6373710632, -33.2198181152, 21.1244258881, 9.57536792755, -11.1034708023, 5.40598106384, -2.04516458511, -2.05304002762, -4.7966709137, -5.71179294586, 32.3045425415, 78.0168533325]], "icov": [[0.000135709982715, 0.000103151120129, 0.000229877128731, 0.000113118017907, 0.000120092590805, -8.43756570248e-05, 0.000161239688168, -0.000104115533759, -8.0188139691e-05, -0.000126998740598, -0.000203184521524, 3.65578744095e-05, -0.000237351036048], [0.000103151120129, 0.000528861244675, 0.000142993187183, 3.31573937729e-05, -7.60258553782e-05, 0.000285253685433, -0.000557009188924, -0.000413737085182, 0.000183671625564, -0.000312699150527, -0.000181476629223, -0.000171394713107, -0.000249352742685], [0.000229877128731, 0.000142993187183, 0.00174494669773, 0.000427046761615, -0.000189377344213, -0.0011802300578, 0.00101801857818, -0.000108190521132, -0.00103108165786, 0.000781221664511, -0.000846043345518, -9.05164342839e-05, 4.39847062808e-05], [0.000113118017907, 3.31573937729e-05, 0.000427046761615, 0.00423303432763, -0.000494066451211, 0.000117512208817, -0.000451170053566, -0.000106160710857, -0.00167031306773, -0.000981671037152, 0.00232198601589, -0.00206540618092, -9.4758324849e-05], [0.000120092590805, -7.60258553782e-05, -0.000189377344213, -0.000494066451211, 0.0065576764755, -2.63631391135e-05, 0.000229848374147, -0.00161540380213, 0.000185654513189, -0.000383646431146, -0.000570644799154, 0.000505125091877, -0.00118804071099], [-8.43756570248e-05, 0.000285253685433, -0.0011802300578, 0.000117512208817, -2.63631391135e-05, 0.00832924898714, -0.00273905578069, -0.00137034151703, -0.000419325369876, 0.00163257494569, -0.000853420060594, -0.000196855107788, 0.000860406726133], [0.000161239688168, -0.000557009188924, 0.00101801857818, -0.000451170053566, 0.000229848374147, -0.00273905578069, 0.010426396504, -0.0020115065854, -0.000854211335536, -0.000881262065377, 0.000824332120828, -0.000532511679921, -0.000319475744618], [-0.000104115533759, -0.000413737085182, -0.000108190521132, -0.000106160710857, -0.00161540380213, -0.00137034151703, -0.0020115065854, 0.0129714375362, -0.00220339722, 0.000430493237218, -0.000993433292024, 0.00207369355485, -0.000138547708048], [-8.0188139691e-05, 0.000183671625564, -0.00103108165786, -0.00167031306773, 0.000185654513189, -0.000419325369876, -0.000854211335536, -0.00220339722, 0.0131653733552, -0.001701374189, 0.00186499243136, -0.000226331685553, 0.000399843323976], [-0.000126998740598, -0.000312699150527, 0.000781221664511, -0.000981671037152, -0.000383646431146, 0.00163257494569, -0.000881262065377, 0.000430493237218, -0.001701374189, 0.0148181384429, -0.00627032807097, 0.00370438885875, 0.000154129476869], [-0.000203184521524, -0.000181476629223, -0.000846043345518, 0.00232198601589, -0.000570644799154, -0.000853420060594, 0.000824332120828, -0.000993433292024, 0.00186499243136, -0.00627032807097, 0.0184682905674, -0.00716644851491, 0.00321006937884], [3.65578744095e-05, -0.000171394713107, -9.05164342839e-05, -0.00206540618092, 0.000505125091877, -0.000196855107788, -0.000532511679921, 0.00207369355485, -0.000226331685553, 0.00370438885875, -0.00716644851491, 0.0219861194491, -0.00883368495852], [-0.000237351036048, -0.000249352742685, 4.39847062808e-05, -9.4758324849e-05, -0.00118804071099, 0.000860406726133, -0.000319475744618, -0.000138547708048, 0.000399843323976, 0.000154129476869, 0.00321006937884, -0.00883368495852, 0.0174920633435]]}, "spectral_contrast_coeffs": {"dmean": [0.0400774218142, 0.0425333231688, 0.0327284969389, 0.0268476232886, 0.0204707402736, 0.0171558428556], "dmean2": [0.0663464069366, 0.0692343860865, 0.0525250136852, 0.0436436124146, 0.0326354317367, 0.027024295181], "dvar": [0.00125721632503, 0.001433608355, 0.0007613026537, 0.000510940561071, 0.000344504020177, 0.000292866607197], "dvar2": [0.00349280214868, 0.00379683473147, 0.00190335756633, 0.00124881626107, 0.000801042187959, 0.000647456909064], "max": [-0.31825876236, -0.389226138592, -0.515079319477, -0.564517378807, -0.595866501331, -0.618785023689], "mean": [-0.669568777084, -0.670672953129, -0.747205913067, -0.775981724262, -0.788154482841, -0.797803640366], "median": [-0.673112094402, -0.674352049828, -0.750056743622, -0.774752438068, -0.785379290581, -0.802853941917], "min": [-0.98219782114, -0.975300490856, -0.978519260883, -0.972468912601, -0.965385615826, -0.964326143265], "var": [0.00556376902387, 0.00723350094631, 0.00421150401235, 0.00327318231575, 0.00255986279808, 0.00183023454156]}, "spectral_contrast_valleys": {"dmean": [0.276362240314, 0.314743578434, 0.293861597776, 0.279671669006, 0.275364875793, 0.36855328083], "dmean2": [0.453568518162, 0.502835333347, 0.460138469934, 0.429477095604, 0.392925262451, 0.488470256329], "dvar": [0.0775517374277, 0.0980789586902, 0.0910571366549, 0.104994356632, 0.134241759777, 0.271119594574], "dvar2": [0.177658438683, 0.210055813193, 0.182351946831, 0.190073892474