{"lowlevel": {"average_loudness": 0.943999290466, "barkbands_crest": {"dmean": 1.58248925209, "dmean2": 2.55287265778, "dvar": 2.82086634636, "dvar2": 7.44828271866, "max": 25.7621421814, "mean": 7.19781684875, "median": 6.28398180008, "min": 2.08910441399, "var": 14.0124130249}, "barkbands_flatness_db": {"dmean": 0.0114298164845, "dmean2": 0.0179742593318, "dvar": 0.000168691272847, "dvar2": 0.000369477813365, "max": 0.380402952433, "mean": 0.0724351778626, "median": 0.0611276105046, "min": 0.0187233965844, "var": 0.00158777774777}, "barkbands_kurtosis": {"dmean": 0.753747820854, "dmean2": 1.18939626217, "dvar": 8.29096984863, "dvar2": 18.483373642, "max": 152.441223145, "mean": 0.49200502038, "median": -0.954848527908, "min": -1.9436866045, "var": 41.0779418945}, "barkbands_skewness": {"dmean": 0.307437956333, "dmean2": 0.493193536997, "dvar": 0.155367597938, "dvar2": 0.34431219101, "max": 8.71821403503, "mean": 0.348016887903, "median": 0.260006636381, "min": -10.7237405777, "var": 1.26916503906}, "barkbands_spread": {"dmean": 8.35708045959, "dmean2": 11.8310489655, "dvar": 93.6923904419, "dvar2": 179.46836853, "max": 110.00592041, "mean": 48.0705680847, "median": 47.4341125488, "min": 1.09453094006, "var": 368.891052246}, "dissonance": {"dmean": 0.0099766664207, "dmean2": 0.0168343838304, "dvar": 0.000120006094221, "dvar2": 0.000321248080581, "max": 0.500000059605, "mean": 0.476118385792, "median": 0.481324374676, "min": 0.225903376937, "var": 0.00041706499178}, "dynamic_complexity": 3.02072525024, "erbbands_crest": {"dmean": 1.63321638107, "dmean2": 2.49383568764, "dvar": 3.06925344467, "dvar2": 6.88607597351, "max": 27.8490219116, "mean": 7.15978002548, "median": 6.13711071014, "min": 2.39852261543, "var": 13.6099729538}, "erbbands_flatness_db": {"dmean": 0.0129184257239, "dmean2": 0.0173528026789, "dvar": 0.000206766912015, "dvar2": 0.000354476680513, "max": 0.375005871058, "mean": 0.109998218715, "median": 0.103687554598, "min": 0.042025025934, "var": 0.00140945345629}, "erbbands_kurtosis": {"dmean": 0.430363148451, "dmean2": 0.673997938633, "dvar": 0.661700963974, "dvar2": 1.65494644642, "max": 48.6525039673, "mean": 0.0940914899111, "median": -0.385439872742, "min": -1.55504512787, "var": 8.66325569153}, "erbbands_skewness": {"dmean": 0.236400172114, "dmean2": 0.363927841187, "dvar": 0.0593763254583, "dvar2": 0.13932056725, "max": 6.4905591011, "mean": -0.129822909832, "median": -0.207339957356, "min": -2.10903596878, "var": 0.523663759232}, "erbbands_spread": {"dmean": 7.39345979691, "dmean2": 11.0332555771, "dvar": 66.2404022217, "dvar2": 140.381759644, "max": 123.576599121, "mean": 47.7224197388, "median": 45.9112739563, "min": 4.31269693375, "var": 288.963104248}, "hfc": {"dmean": 27.991771698, "dmean2": 38.570400238, "dvar": 1790.75305176, "dvar2": 3989.56225586, "max": 359.29977417, "mean": 65.5666122437, "median": 47.0242042542, "min": 1.19727193887e-16, "var": 3309.55541992}, "melbands_crest": {"dmean": 2.57579112053, "dmean2": 4.30314683914, "dvar": 8.93537902832, "dvar2": 24.5077037811, "max": 30.7447242737, "mean": 11.5953035355, "median": 10.7925319672, "min": 1.51444673538, "var": 21.080953598}, "melbands_flatness_db": {"dmean": 0.0165071301162, "dmean2": 0.027049196884, "dvar": 0.000378847733373, "dvar2": 0.000925868342165, "max": 0.369431138039, "mean": 0.102032415569, "median": 0.0889068990946, "min": 0.00399491284043, "var": 0.00263192877173}, "melbands_kurtosis": {"dmean": 2.56779122353, "dmean2": 4.18957090378, "dvar": 101.665924072, "dvar2": 234.758789062, "max": 401.354370117, "mean": 5.22713422775, "median": 2.394323349, "min": -1.67705130577, "var": 143.69493103}, "melbands_skewness": {"dmean": 0.441887199879, "dmean2": 0.702222287655, "dvar": 0.411140501499, "dvar2": 0.925766646862, "max": 17.0168037415, "mean": 1.81938672066, "median": 1.65392589569, "min": -1.97621870041, "var": 1.3659607172}, "melbands_spread": {"dmean": 11.8889904022, "dmean2": 19.4170742035, "dvar": 199.87928772, "dvar2": 511.403900146, "max": 165.141860962, "mean": 58.6200561523, "median": 58.1029930115, "min": 1.39181983471, "var": 771.306213379}, "pitch_salience": {"dmean": 0.0509982928634, "dmean2": 0.0823084786534, "dvar": 0.00306865409948, "dvar2": 0.00780583778396, "max": 0.948138237, "mean": 0.572390258312, "median": 0.572433531284, "min": 0.109010763466, "var": 0.0083230054006}, "silence_rate_20dB": {"dmean": 0, "dmean2": 0, "dvar": 0, "dvar2": 0, "max": 1, "mean": 1, "median": 1, "min": 1, "var": 0}, "silence_rate_30dB": {"dmean": 0.00217509525828, "dmean2": 0.0043507819064, "dvar": 0.00217039627023, "dvar2": 0.00569159816951, "max": 1, "mean": 0.998232960701, "median": 1, "min": 0, "var": 0.00176386209205}, "silence_rate_60dB": {"dmean": 0.00543773779646, "dmean2": 0.0108769545332, "dvar": 0.0054090982303, "dvar2": 0.0110307699069, "max": 1, "mean": 0.0746228098869, "median": 0, "min": 0, "var": 0.0690550878644}, "spectral_centroid": {"dmean": 248.618301392, "dmean2": 404.44631958, "dvar": 83783.6875, "dvar2": 190323.5, "max": 11064.2841797, "mean": 2413.38671875, "median": 2506.28515625, "min": 381.061676025, "var": 446615.6875}, "spectral_complexity": {"dmean": 4.10957050323, "dmean2": 6.49326992035, "dvar": 24.3258266449, "dvar2": 53.8239746094, "max": 58, "mean": 25.0093784332, "median": 25, "min": 0, "var": 102.807998657}, "spectral_decrease": {"dmean": 1.31843536089e-09, "dmean2": 2.12781570141e-09, "dvar": 4.93531398138e-18, "dvar2": 1.17536872565e-17, "max": 1.9329591706e-14, "mean": -4.80401673997e-09, "median": -4.21962331743e-09, "min": -4.67484326805e-08, "var": 1.2135590755e-17}, "spectral_energy": {"dmean": 0.00688183261082, "dmean2": 0.0104966228828, "dvar": 0.000120847995277, "dvar2": 0.000277871382423, "max": 0.193188294768, "mean": 0.0240785963833, "median": 0.0213069152087, "min": 1.03953718206e-20, "var": 0.00027248763945}, "spectral_energyband_high": {"dmean": 0.00275454483926, "dmean2": 0.00388276414014, "dvar": 1.89765778487e-05, "dvar2": 4.46314079454e-05, "max": 0.0321563407779, "mean": 0.00549939461052, "median": 0.00368338893168, "min": 8.06437927782e-21, "var": 3.0371147659e-05}, "spectral_energyband_low": {"dmean": 0.00234845792875, "dmean2": 0.00376747688279, "dvar": 4.08970663557e-05, "dvar2": 9.88954343484e-05, "max": 0.164465516806, "mean": 0.00463615078479, "median": 0.0014579242561, "min": 6.75102808176e-23, "var": 7.69797479734e-05}, "spectral_energyband_middle_high": {"dmean": 0.00143829989247, "dmean2": 0.00218334188685, "dvar": 6.74734883432e-06, "dvar2": 1.69347058545e-05, "max": 0.0720283091068, "mean": 0.00674532167614, "median": 0.00629837531596, "min": 1.2053989512e-21, "var": 1.93843443412e-05}, "spectral_energyband_middle_low": {"dmean": 0.00286393705755, "dmean2": 0.00480780750513, "dvar": 1.89604834304e-05, "dvar2": 5.02942893945e-05, "max": 0.045589517802, "mean": 0.00851722899824, "median": 0.00698834238574, "min": 2.35355628709e-22, "var": 4.41712254542e-05}, "spectral_entropy": {"dmean": 0.151724427938, "dmean2": 0.21436189115, "dvar": 0.0348011292517, "dvar2": 0.0591110549867, "max": 9.80917167664, "mean": 7.98125982285, "median": 8.06952571869, "min": 5.52516841888, "var": 0.21265873313}, "spectral_flux": {"dmean": 0.0223474167287, "dmean2": 0.0321149230003, "dvar": 0.000986832892522, "dvar2": 0.00201111659408, "max": 0.289636105299, "mean": 0.0713904947042, "median": 0.0626126900315, "min": 1.01957699228e-10, "var": 0.00205679843202}, "spectral_kurtosis": {"dmean": 0.595299422741, "dmean2": 0.947720587254, "dvar": 0.535162746906, "dvar2": 1.27148461342, "max": 19.999048233, "mean": 2.47121024132, "median": 2.13808202744, "min": -1.19092524052, "var": 2.68447709084}, "spectral_rms": {"dmean": 0.000619623053353, "dmean2": 0.000921922910493, "dvar": 7.68642792082e-07, "dvar2": 1.69995053056e-06, "max": 0.0137286707759, "mean": 0.00451924419031, "median": 0.00455930177122, "min": 3.18462335495e-12, "var": 3.06765150526e-06}, "spectral_rolloff": {"dmean": 1409.07214355, "dmean2": 2067.54394531, "dvar": 3590745.75, "dvar2": 7281021, "max": 19982.8125, "mean": 5813.77832031, "median": 5275.63476562, "min": 129.19921875, "var": 13847576}, "spectral_skewness": {"dmean": 0.115228250623, "dmean2": 0.18623688817, "dvar": 0.0162844192237, "dvar2": 0.0392989516258, "max": 3.34683728218, "mean": 1.22757637501, "median": 1.18056738377, "min": -0.00304353889078, "var": 0.0905562788248}, "spectral_spread": {"dmean": 777155.875, "dmean2": 1031906.1875, "dvar": 892301803520, "dvar2": 1505267810300.0, "max": 40443692, "mean": 6911876.5, "median": 6877584.5, "min": 2252900.5, "var": 3447931797500.0}, "spectral_strongpeak": {"dmean": 0.650731682777, "dmean2": 1.15810787678, "dvar": 1.51251626015, "dvar2": 3.80306959152, "max": 15.8491172791, "mean": 1.24046254158, "median": 0.571986496449, "min": 0, "var": 2.29155683517}, "zerocrossingrate": {"dmean": 0.022601461038, "dmean2": 0.0241807755083, "dvar": 0.000557731080335, "dvar2": 0.000633154530078, "max": 0.8515625, "mean": 0.173543795943, "median": 0.16357421875, "min": 0.0234375, "var": 0.0100042717531}, "barkbands": {"dmean": [1.10476048576e-05, 0.000617952027824, 0.00143767381087, 0.00103281345218, 0.00165147555526, 0.000298926985124, 0.000298859697068, 0.000244417577051, 0.000308510614559, 0.000482630217448, 9.81095727184e-05, 0.000127947656438, 0.000129944077344, 0.000604579807259, 0.0002429994056, 0.000295410602121, 0.00019772577798, 0.00020458077779, 0.000435596564785, 0.000372630078346, 0.000398097763536, 0.000491129932925, 0.000359113211744, 0.000437666312791, 0.000607269234024, 0.000407417624956, 0.00033881465788], "dmean2": [1.98175730475e-05, 0.000994310481474, 0.00235471129417, 0.00181536772288, 0.00278006563894, 0.000498171662912, 0.000476021377835, 0.000400959193939, 0.000489683880005, 0.000627215602435, 0.00015148705279, 0.000199278394575, 0.00019370415248, 0.000844298454467, 0.000395046401536, 0.00048476838856, 0.000327025423758, 0.000329986360157, 0.000718498777132, 0.000605653971434, 0.000654498697259, 0.000850233482197, 0.000559144944418, 0.00065997330239, 0.000909333350137, 0.000583534711041, 0.00046607296099], "dvar": [4.72026806531e-10, 4.31162197856e-06, 1.93091364054e-05, 4.46350213679e-06, 5.93202412347e-06, 2.59597385366e-07, 3.31894710826e-07, 1.60359988399e-07, 4.31997534633e-07, 5.51023617845e-07, 4.91374194667e-08, 3.98864408169e-08, 4.90062781466e-08, 6.29907162875e-07, 1.18549351669e-07, 2.42698843067e-06, 4.634465256e-07, 8.66865050853e-08, 3.80560123858e-07, 3.03451543004e-07, 5.87612419167e-07, 1.14269857932e-06, 3.21386011137e-07, 4.57561583289e-07, 1.05649201032e-06, 4.59142427189e-07, 3.42670006148e-07], "dvar2": [1.31474076071e-09, 9.74635622697e-06, 4.9088113883e-05, 1.18367133837e-05, 1.65100100276e-05, 6.66762844048e-07, 8.06941443443e-07, 4.26165968292e-07, 1.08779488528e-06, 1.08375365926e-06, 1.14367509241e-07, 9.38604216572e-08, 9.3548656821e-08, 1.12087366233e-06, 2.94497397135e-07, 6.56978045299e-06, 1.23022130083e-06, 2.11788091065e-07, 1.01747241388e-06, 7.35337494007e-07, 1.51106883095e-06, 3.1308582038e-06, 7.75687794885e-07, 1.04116486455e-06, 2.54033807323e-06, 1.00534225567e-06, 7.47853107441e-07], "max": [0.000250577722909, 0.0654469579458, 0.0921193212271, 0.0292149595916, 0.0337362736464, 0.00652946857736, 0.0104044731706, 0.00812533777207, 0.0125659229234, 0.014475046657, 0.00604326184839, 0.00342207634822, 0.00501823425293, 0.0147531181574, 0.00590720726177, 0.053480707109, 0.0211793985218, 0.0046108039096, 0.00970083288848, 0.00697690434754, 0.0111632421613, 0.00941421836615, 0.00502710137516, 0.00542955473065, 0.00950748100877, 0.00753567228094, 0.00519001949579], "mean": [1.04181708593e-05, 0.0017396005569, 0.00214120722376, 0.00120469392277, 0.00369858113118, 0.000564265763387, 0.000704746402334, 0.000559633655939, 0.000675790244713, 0.00125364935957, 0.000209655248909, 0.000358381163096, 0.000323374755681, 0.00157632108312, 0.000657016411424, 0.000489901402034, 0.000361664424418, 0.000512637197971, 0.000931600807235, 0.000991304055788, 0.000710705760866, 0.000794094230514, 0.000814449042082, 0.000818463275209, 0.000910396804102, 0.000603408145253, 0.000462600844912], "median": [4.41176871391e-06, 0.000405194470659, 0.000466211989988, 0.000298771163216, 0.00263886805624, 0.000275197904557, 0.000256735365838, 0.000371669506421, 0.00025297672255, 0.000715933332685, 0.000130098225782, 0.000180137998541, 0.000159444549354, 0.000827709736768, 0.000455733155832, 0.000313357071718, 0.000254126207437, 0.000367956818081, 0.000675085233524, 0.000706936523784, 0.000492638268042, 0.000479607871966, 0.000587734510191, 0.000524045084603, 0.000472884974442, 0.00022415802232, 0.000143116834806], "min": [5.22333582993e-23, 2.427704763e-23, 1.23156522761e-23, 1.67455858863e-23, 2.92645686385e-23, 4.36089029501e-23, 5.52388678611e-23, 3.9636445556e-23, 2.94229371984e-23, 6.01150947953e-23, 2.84451693499e-23, 6.00996015671e-23, 6.16582518763e-23, 1.98345670293e-22, 1.39848175805e-22, 1.48027830355e-22, 9.70797410405e-23, 1.09706318109e-22, 2.14565723355e-22, 2.63224733961e-22, 4.07004996414e-22, 4.62040502245e-22, 5.27990536098e-22, 7.22887899738e-22, 1.59257147958e-21, 1.76542859964e-21, 2.56425343657e-21], "var": [3.503481949e-10, 1.57992053573e-05, 2.46280433203e-05, 5.14139219376e-06, 1.38972454806e-05, 5.77398111545e-07, 1.1574495602e-06, 3.86776321193e-07, 1.2651292991e-06, 2.35709399021e-06, 9.61421022794e-08, 1.96377996531e-07, 2.26025704819e-07, 3.77550168196e-06, 4.17997853219e-07, 1.74620402049e-06, 3.84731578151e-07, 2.76843820757e-07, 8.45870602006e-07, 9.39469487093e-07, 7.14457542017e-07, 1.05310698473e-06, 6.07833555932e-07, 7.68053041611e-07, 1.34161655296e-06, 7.76435683747e-07, 5.26427811565e-07]}, "erbbands": {"dmean": [0.00546929473057, 0.192758977413, 1.37914443016, 2.70704603195, 4.43553876877, 6.18620252609, 4.3247294426, 2.28069829941, 3.06420111656, 6.74174165726, 4.10344266891, 7.8993268013, 19.0596961975, 3.23100161552, 3.78417348862, 6.24006557465, 6.41619491577, 31.2737312317, 8.83618545532, 15.881280899, 15.9143323898, 8.93562793732, 11.8392820358, 18.3011608124, 19.2775859833, 18.1252861023, 18.3184375763, 15.5348739624, 17.5385074615, 14.7003927231, 9.73413467407, 9.04948425293, 7.55592536926, 8.36134719849, 3.46627664566, 1.79622554779, 0.752384066582, 0.262395441532, 0.0548122413456, 0.00371065922081], "dmean2": [0.00884674396366, 0.3126347363, 2.30442237854, 4.47047233582, 7.9188079834, 10.2391424179, 6.87464332581, 3.79192566872, 4.98009824753, 10.9275970459, 6.71689367294, 12.4329519272, 25.1628475189, 4.79295444489, 5.77838277817, 9.60585212708, 9.50323963165, 43.7041969299, 12.9235010147, 26.295211792, 26.5560703278, 14.8941335678, 19.1621875763, 30.6440086365, 31.7361240387, 29.6573181152, 30.2945919037, 25.9381046295, 30.8080348969, 24.5604801178, 15.038772583, 14.4500131607, 10.9831314087, 12.8895511627, 5.12823438644, 2.6075463295, 1.08914005756, 0.380081832409, 0.0786577090621, 0.00493814051151], "dvar": [0.00022126865224, 0.418714433908, 19.0639591217, 32.5817718506, 76.6283111572, 73.3554458618, 38.1523323059, 15.8123941422, 35.4306335449, 158.00402832, 66.2486572266, 329.876739502, 896.392578125, 27.4414234161, 47.0245246887, 91.8267288208, 106.750579834, 1711.6126709, 110.151008606, 550.521972656, 11840.1708984, 1156.37524414, 308.573028564, 607.609985352, 734.448974609, 720.926818848, 1106.76330566, 953.328308105, 1346.42907715, 830.411132812, 214.765899658, 206.267776489, 134.02394104, 226.305358887, 30.2937240601, 8.46505451202, 1.73852849007, 0.222006633878, 0.00929863471538, 3.83360020351e-05], "dvar2": [0.000490988546517, 0.973357856274, 49.1890220642, 78.6521911621, 218.371276855, 204.021362305, 97.556022644, 40.7089424133, 84.6982269287, 401.533477783, 172.567657471, 868.633666992, 1842.88024902, 61.320476532, 110.226509094, 215.994186401, 208.685958862, 3048.71850586, 228.657394409, 1396.90124512, 32613.40625, 3067.01245117, 756.58795166, 1582.35534668, 1961.06323242, 1775.57995605, 2864.63183594, 2566.25463867, 3690.27172852, 2252.18017578, 484.846466064, 508.727264404, 280.668029785, 563.455566406, 69.0514831543, 18.4300327301, 3.86074137688, 0.510431230068, 0.0204616356641, 7.73065694375e-05], "max": [0.516177594662, 20.0848369598, 99.9506835938, 86.5687561035, 95.9550476074, 103.588363647, 98.3068771362, 61.3985900879, 125.697418213, 271.907684326, 213.258743286, 332.971191406, 560.541687012, 113.424964905, 188.196105957, 176.193222046, 232.634918213, 763.760681152, 159.759597778, 420.214141846, 3564.96875, 1017.84100342, 290.672180176, 345.69329834, 295.815185547, 331.349151611, 457.901977539, 306.978363037, 324.105438232, 248.339569092, 166.105133057, 118.985687256, 122.412628174, 152.443878174, 53.9666862488, 28.9243869781, 16.3760814667, 5.90542650223, 0.807094097137, 0.0559062249959], "mean": [0.0198091994971, 0.505837500095, 2.30425643921, 3.71092844009, 5.60701656342, 14.293926239, 11.2584705353, 4.99075222015, 8.00954818726, 14.1677513123, 10.4987258911, 17.8892192841, 50.530834198, 8.94010734558, 9.3985042572, 18.7881813049, 19.4595890045, 83.4452972412, 27.9907932281, 42.0538024902, 28.2860221863, 18.4308338165, 30.037027359, 40.9379501343, 42.9966201782, 46.1808738708, 35.9771194458, 27.2732620239, 27.6098423004, 26.315196991, 22.7999992371, 17.867729187, 13.4545822144, 12.060965538, 5.14456701279, 2.74996876717, 1.10109484196, 0.352721810341, 0.0738710835576, 0.00514997821301], "median": [0.00692334864289, 0.107272818685, 0.487407147884, 0.936036288738, 2.48423552513, 9.74195194244, 7.82856416702, 2.46361613274, 3.03323745728, 8.65978050232, 6.23713827133, 8.21890068054, 28.9327373505, 7.24547433853, 6.59420776367, 10.5865411758, 12.5360918045, 43.4053153992, 21.9417648315, 29.2517719269, 20.7406749725, 14.1425065994, 21.7624912262, 30.2192592621, 31.4723777771, 31.6863422394, 26.7259941101, 18.3124065399, 16.6760959625, 16.8624248505, 16.117603302, 12.3656511307, 7.96044254303, 5.92353630066, 2.72197961807, 1.24708473682, 0.348192155361, 0.106305032969, 0.024049801752, 0.00145384552889], "min": [1.38363739005e-21, 3.24360479714e-21, 1.44713632579e-20, 3.45773289833e-20, 8.84738876878e-20, 6.54452117461e-20, 2.2519725928e-19, 4.38732616091e-19, 5.01034929251e-19, 1.23181979063e-18, 6.79344567032e-19, 5.59959295282e-19, 1.46581791558e-18, 2.40868707803e-18, 8.11551706963e-19, 2.92965783552e-18, 2.72749179189e-18, 7.09266016234e-18, 1.09143561879e-17, 6.9499359379e-18, 8.01347431151e-18, 6.02175409102e-18, 5.06128118097e-18, 1.22643149476e-17, 8.35168282138e-18, 1.23403138207e-17, 1.05732004335e-17, 2.14428855596e-17, 1.50255091795e-17, 1.51452750061e-17, 1.65976056384e-17, 1.51087748344e-17, 1.24572680603e-17, 1.85753729763e-17, 1.11578152945e-17, 5.95156492091e-18, 3.6761349852e-18, 1.49267926181e-18, 3.20856380273e-19, 3.79993816398e-20], "var": [0.00112839636859, 1.35215306282, 26.5004386902, 47.349395752, 79.6634597778, 218.996810913, 128.993423462, 56.6604385376, 150.613037109, 379.614746094, 189.790908813, 814.481933594, 3795.20019531, 67.4621582031, 116.588409424, 457.441955566, 525.249206543, 10509.2480469, 516.472595215, 1786.63146973, 7897.25830078, 941.390441895, 912.363586426, 1493.41650391, 1526.62609863, 2278.10864258, 1434.15332031, 1004.15228271, 1244.36682129, 921.094848633, 506.63848877, 335.345275879, 230.599807739, 263.80847168, 40.976688385, 14.1911115646, 2.94761419296, 0.306326836348, 0.013450063765, 6.70008521411e-05]}, "gfcc": {"mean": [37.1014289856, 10.6682472229, -100.313072205, 22.455406189, -55.8254547119, 6.02192258835, -38.1599884033, 0.289985507727, -26.8837890625, 0.299757152796, -20.3644294739, -8.75988101959, -12.6503400803], "cov": [[30547.1074219, -242.801925659, -669.233337402, 826.061950684, -242.102462769, 512.517700195, -837.294433594, -186.951812744, -696.502197266, -60.4822731018, -743.264343262, -300.253356934, -360.266143799], [-242.801925659, 1313.05041504, -357.924316406, 161.602218628, -218.144332886, -69.7744674683, 26.034778595, 121.368225098, 43.2422485352, 23.6068344116, 42.7883148193, 45.28647995, 24.9527778625], [-669.233337402, -357.924316406, 802.749938965, -22.390630722, 194.356201172, -6.62790250778, 90.904296875, 6.23565530777, 94.6257171631, -25.7763671875, -5.71508216858, -6.60297203064, 17.8693943024], [826.061950684, 161.602218628, -22.390630722, 336.856628418, 32.0780601501, 89.8465576172, -41.0048866272, 39.9633407593, -4.24994516373, 12.665225029, -48.840007782, 7.90827941895, -19.9076519012], [-242.102462769, -218.144332886, 194.356201172, 32.0780601501, 278.346710205, 86.5265960693, 87.6659698486, 13.4669208527, 48.8492584229, 20.2537269592, 28.5571670532, -5.63143777847, 13.6577072144], [512.517700195, -69.7744674683, -6.62790250778, 89.8465576172, 86.5265960693, 167.690689087, 30.0139579773, 28.7558917999, -9.38764572144, 29.7254276276, -10.1956119537, 3.31303024292, -8.55792617798], [-837.294433594, 26.034778595, 90.904296875, -41.0048866272, 87.6659698486, 30.0139579773, 145.997055054, 47.8231544495, 57.449054718, 6.75443792343, 49.8843078613, 8.87385559082, 25.6935367584], [-186.951812744, 121.368225098, 6.23565530777, 39.9633407593, 13.4669208527, 28.7558917999, 47.8231544495, 106.478462219, 40.8581047058, 22.1009578705, 6.66540431976, 24.6609249115, 12.1923484802], [-696.502197266, 43.2422485352, 94.6257171631, -4.24994516373, 48.8492584229, -9.38764572144, 57.449054718, 40.8581047058, 105.974365234, 28.1190719604, 33.9584083557, 9.36296463013, 12.0505180359], [-60.4822731018, 23.6068344116, -25.7763671875, 12.665225029, 20.2537269592, 29.7254276276, 6.75443792343, 22.1009578705, 28.1190719604, 82.3032989502, 35.9895057678, 4.27737188339, 0.458081513643], [-743.264343262, 42.7883148193, -5.71508216858, -48.840007782, 28.5571670532, -10.1956119537, 49.8843078613, 6.66540431976, 33.9584083557, 35.9895057678, 91.3881530762, 21.55701828, 18.3450164795], [-300.253356934, 45.28647995, -6.60297203064, 7.90827941895, -5.63143777847, 3.31303024292, 8.87385559082, 24.6609249115, 9.36296463013, 4.27737188339, 21.55701828, 60.648059845, 27.0739459991], [-360.266143799, 24.9527778625, 17.8693943024, -19.9076519012, 13.6577072144, -8.55792617798, 25.6935367584, 12.1923484802, 12.0505180359, 0.458081513643, 18.3450164795, 27.0739459991, 61.1876106262]], "icov": [[5.16704822076e-05, -2.29389297601e-05, -4.30254658568e-06, -9.92068271444e-06, -4.04463607993e-05, -0.000126500264741, 0.00018438504776, -3.19759092235e-05, 0.000198918700335, -8.7597160018e-05, 0.000244117953116, 0.000122105207993, 6.61558733555e-05], [-2.29389297601e-05, 0.0014311861014, 0.000503724790178, -0.00113055389374, 0.00115640799049, 0.000895681558177, -0.000990607659332, -0.0010281058494, -0.000471854174975, 0.00021940516308, -0.000948750588577, 0.000250726705417, -0.000480870512547], [-4.30254658568e-06, 0.000503724790178, 0.00197278824635, -0.000279108731775, -0.000830030243378, 0.000881058746018, -0.00087039230857, 0.00017560980632, -0.00156128895469, 0.000542528636288, 0.000986254774034, -0.000313108495902, -0.000112434194307], [-9.92068271444e-06, -0.00113055389374, -0.000279108731775, 0.00522507494316, -0.00153416674584, -0.00270317657851, 0.00296358414926, -0.000833297846839, -0.000693191890605, 0.000130465356051, 0.00210246699862, -0.00113713764586, 0.00107845244929], [-4.04463607993e-05, 0.00115640799049, -0.000830030243378, -0.00153416674584, 0.00754938647151, -0.0025124642998, -0.00298197451048, 0.000840712513309, -0.0017447907012, 0.000219821900828, -0.00234486325644, 0.00181418133434, -0.00167605327442], [-0.000126500264741, 0.000895681558177, 0.000881058746018, -0.00270317657851, -0.0025124642998, 0.0121661946177, -0.00545748369768, -0.000940326310229, 0.0038488896098, -0.00535045657307, 0.00329274497926, -0.00287027307786, 0.00205942569301], [0.00018438504776, -0.000990607659332, -0.00087039230857, 0.00296358414926, -0.00298197451048, -0.00545748369768, 0.0185527913272, -0.00658889161423, -0.00355999148451, 0.00705727702007, -0.00792463403195, 0.00548576842993, -0.00327043305151], [-3.19759092235e-05, -0.0010281058494, 0.00017560980632, -0.000833297846839, 0.000840712513309, -0.000940326310229, -0.00658889161423, 0.0175539683551, -0.00396681996062, -0.00474441098049, 0.00657879328355, -0.00706940703094, 0.00083072076086], [0.000198918700335, -0.000471854174975, -0.00156128895469, -0.000693191890605, -0.0017447907012, 0.0038488896098, -0.00355999148451, -0.00396681996062, 0.0183894131333, -0.00591067038476, -0.000203962044907, 0.000116226809041, 0.00123946275562], [-8.7597160018e-05, 0.00021940516308, 0.000542528636288, 0.000130465356051, 0.000219821900828, -0.00535045657307, 0.00705727702007, -0.00474441098049, -0.00591067038476, 0.0218709204346, -0.0122360223904, 0.00481963111088, -0.00100038002711], [0.000244117953116, -0.000948750588577, 0.000986254774034, 0.00210246699862, -0.00234486325644, 0.00329274497926, -0.00792463403195, 0.00657879328355, -0.000203962044907, -0.0122360223904, 0.0262754335999, -0.00932207982987, 0.0015997266164], [0.000122105207993, 0.000250726705417, -0.000313108495902, -0.00113713764586, 0.00181418133434, -0.00287027307786, 0.00548576842993, -0.00706940703094, 0.000116226809041, 0.00481963111088, -0.00932207982987, 0.0271161310375, -0.0106253735721], [6.61558733555e-05, -0.000480870512547, -0.000112434194307, 0.00107845244929, -0.00167605327442, 0.00205942569301, -0.00327043305151, 0.00083072076086, 0.00123946275562, -0.00100038002711, 0.0015997266164, -0.0106253735721, 0.0231676511467]]}, "melbands": {"dmean": [0.000105738734419, 0.000558897096198, 0.000497209315654, 0.000373298680643, 0.000193873274839, 5.06830328959e-05, 5.03841147292e-05, 6.98300500517e-05, 3.64834995707e-05, 4.8838184739e-05, 9.4507173344e-05, 1.18119778563e-05, 1.34062693178e-05, 1.33763060148e-05, 1.59463470482e-05, 1.06117040559e-05, 7.17811926734e-05, 1.55193702085e-05, 1.76501544047e-05, 2.23024035222e-05, 2.09504105442e-05, 1.0678892977e-05, 9.98072300717e-06, 1.14922022476e-05, 1.64478351508e-05, 1.98892848857e-05, 1.25986171042e-05, 1.19926980915e-05, 1.31748929562e-05, 9.0360390459e-06, 1.01552031992e-05, 1.11705385279e-05, 8.50323613122e-06, 8.88693011802e-06, 6.39956442683e-06, 5.10322115588e-06, 6.05748937232e-06, 5.03107412442e-06, 6.66922369419e-06, 7.29545172362e-06], "dmean2": [0.000169655497302, 0.000920948921703, 0.000845964939799, 0.000646511442028, 0.000306847650791, 8.43779052957e-05, 8.13924707472e-05, 0.00011321160855, 5.86923524679e-05, 7.68164463807e-05, 0.000124395213788, 1.81490377145e-05, 2.0792864234e-05, 2.0877489078e-05, 2.36581145145e-05, 1.60851705004e-05, 0.000100246797956, 2.24687537411e-05, 2.85991536657e-05, 3.60118610843e-05, 3.53757714038e-05, 1.78767677426e-05, 1.60187446454e-05, 1.87339392141e-05, 2.75593320112e-05, 3.31853334501e-05, 2.04804491659e-05, 1.98837806238e-05, 2.19882385863e-05, 1.41928985613e-05, 1.75325913006e-05, 1.98419475055e-05, 1.43713805301e-05, 1.49987154145e-05, 1.00142624433e-05, 8.19100114313e-06, 9.80651384452e-06, 7.48140973883e-06, 9.92758123175e-06, 1.15686352729e-05], "dvar": [1.16240514103e-07, 3.14221142617e-06, 9.81950620371e-07, 3.98008836555e-07, 6.80905074546e-08, 7.59524532157e-09, 9.57543999647e-09, 1.57122581612e-08, 5.12437736688e-09, 1.0900126135e-08, 2.19011990765e-08, 4.08581640743e-10, 9.27122267846e-10, 4.03395650217e-10, 6.40065056512e-10, 2.33177310793e-10, 9.05319819111e-09, 3.21810411652e-10, 6.24580498432e-10, 9.85079240401e-10, 2.99718188046e-08, 1.95063032393e-09, 2.46842518647e-10, 3.07605024785e-10, 5.11326814223e-10, 9.48347622654e-10, 2.90628132671e-10, 3.45527828571e-10, 5.68361191444e-10, 3.17891823975e-10, 4.61487598136e-10, 5.52927426067e-10, 2.98444324809e-10, 2.86105666936e-10, 9.38833941144e-11, 5.76428314802e-11, 1.00129057823e-10, 5.80850818832e-11, 1.27797966654e-10, 1.78060968747e-10], "dvar2": [2.57405076809e-07, 7.93833623902e-06, 2.4615037546e-06, 1.11325209673e-06, 1.78194881073e-07, 1.94274978327e-08, 2.3072372457e-08, 4.07840339278e-08, 1.3047194436e-08, 2.90790200808e-08, 4.46788881447e-08, 9.26467569329e-10, 2.17443818507e-09, 9.87715464973e-10, 1.31910193879e-09, 4.89720819452e-10, 1.60900501811e-08, 6.55353604717e-10, 1.54293444687e-09, 2.53903142955e-09, 8.33469115946e-08, 5.28228305541e-09, 5.86758808208e-10, 7.69013130952e-10, 1.34886524172e-09, 2.63595567596e-09, 6.93637536298e-10, 8.8524282349e-10, 1.54126866825e-09, 6.75675349004e-10, 1.28967014845e-09, 1.52965129452e-09, 7.95927712627e-10, 7.83618614442e-10, 2.14783996144e-10, 1.32849301004e-10, 2.57374732637e-10, 1.23705531929e-10, 2.81527412493e-10, 4.5623096967e-10], "max": [0.0112857269123, 0.0453694052994, 0.0133958682418, 0.00844395812601, 0.00402626115829, 0.00125245470554, 0.00202037766576, 0.00262347608805, 0.0016097323969, 0.00185006682295, 0.0027814633213, 0.000451188476291, 0.000897253048606, 0.000369311426766, 0.000549821124878, 0.000259032036411, 0.00175551872235, 0.000293132325169, 0.000417301635025, 0.000615438155364, 0.00568694295362, 0.00134255760349, 0.000444087316282, 0.000295748410281, 0.000336364697432, 0.000414034060668, 0.000228730175877, 0.00020247840439, 0.000242441004957, 0.000445002864581, 0.000202998824534, 0.00022262125276, 0.000151829081005, 0.000161214135005, 0.000130902684759, 7.64529104345e-05, 8.26541581773e-05, 7.51804836909e-05, 0.000136129485327, 0.00013407006918], "mean": [0.000327804475091, 0.00106129783671, 0.000664526654873, 0.000710258202162, 0.000514452520292, 0.000102304933534, 0.000128912812215, 0.000149371335283, 8.80899606273e-05, 0.000112538757094, 0.000248398340773, 2.89203362627e-05, 2.87775728793e-05, 3.78734439437e-05, 4.98586632602e-05, 2.66824481514e-05, 0.00018699055363, 4.40941985289e-05, 4.69764527224e-05, 5.10362006025e-05, 3.19101163768e-05, 1.857843381e-05, 2.52189111052e-05, 2.58315812971e-05, 3.36014381901e-05, 3.43212377629e-05, 3.17286649079e-05, 2.78573133983e-05, 2.47676816798e-05, 1.66370991792e-05, 1.5658666598e-05, 1.60764138855e-05, 1.41480213642e-05, 1.4897706933e-05, 1.39747407957e-05, 1.13225250971e-05, 1.06005691123e-05, 8.65433048602e-06, 1.09689126475e-05, 9.79921514954e-06], "median": [8.88356662472e-05, 0.000240659763222, 0.000214149389649, 0.000459283823147, 0.00035673941602, 4.89021076646e-05, 4.88467121613e-05, 9.66002044152e-05, 4.80469207105e-05, 5.40813598491e-05, 0.000140843301779, 2.29165361816e-05, 1.73226944753e-05, 2.37183394347e-05, 2.72614233836e-05, 1.5507952412e-05, 9.49823952396e-05, 3.30161565216e-05, 3.28741807607e-05, 3.8737362047e-05, 2.07343564398e-05, 1.26241648104e-05, 1.68252427102e-05, 1.88371577678e-05, 2.3081425752e-05, 2.14814008359e-05, 2.27630880545e-05, 1.83837200893e-05, 1.79687467607e-05, 1.07251407826e-05, 9.93901721813e-06, 9.3195685622e-06, 8.24605376692e-06, 9.32679449761e-06, 9.1654874268e-06, 8.23083519208e-06, 6.63486935082e-06, 5.01694057675e-06, 5.45483453607e-06, 4.67418522021e-06], "min": [1.16526738498e-23, 6.35993427412e-24, 7.88362976218e-24, 5.56568939322e-24, 7.33451788555e-24, 9.17058769815e-24, 8.30233819801e-24, 1.24280799435e-23, 4.96198558094e-24, 3.98336655155e-24, 6.94212979382e-24, 9.46323695018e-24, 2.79501642595e-24, 5.46490965157e-24, 7.27190441778e-24, 6.05840087057e-24, 1.39774713922e-23, 1.97529587376e-23, 9.39069330134e-24, 9.02878127296e-24, 9.11696961128e-24, 6.20735161454e-24, 4.30801002975e-24, 5.31204024105e-24, 1.09771067812e-23, 6.60489333456e-24, 5.81051631946e-24, 8.87556476365e-24, 7.00162331671e-24, 7.6173663297e-24, 1.43884631907e-23, 8.29883486673e-24, 9.02665055966e-24, 7.71464234564e-24, 8.84725333462e-24, 1.0139296268e-23, 8.9067934003e-24, 7.64642717659e-24, 8.76127301798e-24, 1.92853645915e-23], "var": [4.65258153781e-07, 5.32306376044e-06, 1.3580081486e-06, 7.37644313631e-07, 2.65518025344e-07, 2.29941488072e-08, 3.8957441717e-08, 3.61046375019e-08, 1.46209799823e-08, 2.83292607151e-08, 9.364133291e-08, 8.28413337928e-10, 1.93002547277e-09, 1.76327719092e-09, 3.92754717637e-09, 9.82197212451e-10, 5.54453158941e-08, 1.4485481703e-09, 2.1447603693e-09, 2.11938644412e-09, 1.92135019006e-08, 1.47253620408e-09, 7.82192643989e-10, 7.53187512359e-10, 1.20461363107e-09, 1.54535417796e-09, 9.42530054004e-10, 8.78228212375e-10, 6.65194788141e-10, 5.47424716668e-10, 4.10427636321e-10, 4.7141390791e-10, 3.3073346839e-10, 3.10026920802e-10, 2.26211022136e-10, 1.20938647985e-10, 1.37418881829e-10, 9.82033412922e-11, 1.96575380973e-10, 1.88730919781e-10]}, "mfcc": {"mean": [-604.914489746, 57.5060768127, 5.52842998505, 17.0156402588, 3.03822898865, 2.55519556999, -1.65818786621, -5.100938797, -2.74750137329, 6.48715734482, -3.0367474556, -10.8577280045, -8.82869720459], "cov": [[13367.0146484, -61.6579322815, 187.338699341, 308.769348145, 382.291442871, 282.536987305, 76.5728683472, -56.3257408142, 23.217168808, 115.583633423, -84.7702026367, -290.738311768, -222.368927002], [-61.6579322815, 728.107299805, -50.740814209, 97.3583755493, -91.4807891846, -57.7370223999, -5.83901309967, 56.4284248352, 28.9567718506, 38.9000396729, 71.924659729, 29.2705535889, 2.55576753616], [187.338699341, -50.740814209, 408.109649658, 70.1585083008, 74.9991912842, 33.5120620728, -4.21556282043, 23.9011611938, 74.3992767334, -38.8670387268, 30.9877796173, 20.9811401367, 2.15983653069], [308.769348145, 97.3583755493, 70.1585083008, 208.884628296, 73.0586547852, 31.0898990631, -5.41115903854, 35.8610649109, 38.8728561401, 14.9542961121, 19.3300170898, 2.91964840889, -6.96201324463], [382.291442871, -91.4807891846, 74.9991912842, 73.0586547852, 176.291442871, 87.6286849976, 45.5392189026, 20.4428157806, 41.5455780029, 25.5971546173, 6.9033575058, 4.6411075592, 4.63398885727], [282.536987305, -57.7370223999, 33.5120620728, 31.0898990631, 87.6286849976, 122.335906982, 54.4522438049, 17.7607460022, 16.2821578979, 24.3759593964, 8.3175201416, 1.95658862591, 1.64718973637], [76.5728683472, -5.83901309967, -4.21556282043, -5.41115903854, 45.5392189026, 54.4522438049, 116.821075439, 32.7931747437, 12.5211229324, 34.4764137268, 9.89947795868, -0.484309494495, 10.2316064835], [-56.3257408142, 56.4284248352, 23.9011611938, 35.8610649109, 20.4428157806, 17.7607460022, 32.7931747437, 96.2979812622, 43.4265136719, -2.09459853172, 29.6381340027, 4.50612258911, -2.27993059158], [23.217168808, 28.9567718506, 74.3992767334, 38.8728561401, 41.5455780029, 16.2821578979, 12.5211229324, 43.4265136719, 90.5473709106, 20.0313167572, 17.9689979553, 11.4219932556, 5.2244887352], [115.583633423, 38.9000396729, -38.8670387268, 14.9542961121, 25.5971546173, 24.3759593964, 34.4764137268, -2.09459853172, 20.0313167572, 101.753746033, 17.8155822754, 3.17833971977, 14.8591718674], [-84.7702026367, 71.924659729, 30.9877796173, 19.3300170898, 6.9033575058, 8.3175201416, 9.89947795868, 29.6381340027, 17.9689979553, 17.8155822754, 80.4685211182, 29.972114563, 4.91372060776], [-290.738311768, 29.2705535889, 20.9811401367, 2.91964840889, 4.6411075592, 1.95658862591, -0.484309494495, 4.50612258911, 11.4219932556, 3.17833971977, 29.972114563, 76.4207000732, 27.0322570801], [-222.368927002, 2.55576753616, 2.15983653069, -6.96201324463, 4.63398885727, 1.64718973637, 10.2316064835, -2.27993059158, 5.2244887352, 14.8591718674, 4.91372060776, 27.0322570801, 71.0118026733]], "icov": [[9.49577442952e-05, -3.78834083676e-05, -4.23035853601e-05, -5.86323294556e-05, -0.000151483400259, -0.000125208491227, 1.82183375728e-05, 0.000119994932902, 4.33392779087e-05, -8.90487135621e-05, 2.58844811469e-05, 0.000310015602736, 0.000203912408324], [-3.78834083676e-05, 0.00206771120429, 0.000331369694322, -0.00137487077154, 0.00169003743213, 0.000637877150439, -0.00041826555389, -0.000524035654962, -0.000488015764859, -0.000536478764843, -0.00124481110834, -0.000481043913169, -2.14318424696e-06], [-4.23035853601e-05, 0.000331369694322, 0.00371993007138, -0.000813016085885, -0.000439893890871, -0.000329685950419, -0.000260197819443, 0.00161761639174, -0.00351039879024, 0.00285144080408, -0.00187093589921, -5.94071680098e-05, -0.000397787458496], [-5.86323294556e-05, -0.00137487077154, -0.000813016085885, 0.00751825748011, -0.00356513052247, -0.000403878715588, 0.00268192007206, -0.0022792655509, 0.000388594518881, -0.00103748345282, 0.000566320843063, 0.00021128282242, 0.000479003472719], [-0.000151483400259, 0.00169003743213, -0.000439893890871, -0.00356513052247, 0.0125876227394, -0.00550145283341, -0.00205093133263, 0.000901281018741, -0.00328225479461, -0.000499200774357, -3.26879990098e-06, -0.000956098549068, -0.000530578545295], [-0.000125208491227, 0.000637877150439, -0.000329685950419, -0.000403878715588, -0.00550145283341, 0.0150430062786, -0.00437679933384, -0.000836438324768, 0.00153605185915, -0.00120635842904, -0.00051077757962, -0.000860856147483, 0.00067169504473], [1.82183375728e-05, -0.00041826555389, -0.000260197819443, 0.00268192007206, -0.00205093133263, -0.00437679933384, 0.0141243636608, -0.005851584021, 0.00247279228643, -0.00420752400532, 0.0010911540594, 0.000703179219272, -0.00128933356609], [0.000119994932902, -0.000524035654962, 0.00161761639174, -0.0022792655509, 0.000901281018741, -0.000836438324768, -0.005851584021, 0.0193085912615, -0.00942060165107, 0.00614725472406, -0.00606717541814, 0.00247043394484, 0.000431769207353], [4.33392779087e-05, -0.000488015764859, -0.00351039879024, 0.000388594518881, -0.00328225479461, 0.00153605185915, 0.00247279228643, -0.00942060165107, 0.0204161200672, -0.00625766813755, 0.0025147870183, -0.00179292005487, 0.000133813751745], [-8.90487135621e-05, -0.000536478764843, 0.00285144080408, -0.00103748345282, -0.000499200774357, -0.00120635842904, -0.00420752400532, 0.00614725472406, -0.00625766813755, 0.0157436095178, -0.0046673854813, 0.00190397491679, -0.00281960330904], [2.58844811469e-05, -0.00124481110834, -0.00187093589921, 0.000566320843063, -3.26879990098e-06, -0.00051077757962, 0.0010911540594, -0.00606717541814, 0.0025147870183, -0.0046673854813, 0.019263420254, -0.00700780795887, 0.00202469597571], [0.000310015602736, -0.000481043913169, -5.94071680098e-05, 0.00021128282242, -0.000956098549068, -0.000860856147483, 0.000703179219272, 0.00247043394484, -0.00179292005487, 0.00190397491679, -0.00700780795887, 0.019503692165, -0.00613512052223], [0.000203912408324, -2.14318424696e-06, -0.000397787458496, 0.000479003472719, -0.000530578545295, 0.00067169504473, -0.00128933356609, 0.000431769207353, 0.000133813751745, -0.00281960330904, 0.00202469597571, -0.00613512052223, 0.01777404733]]}, "spectral_contrast_coeffs": {"dmean": [0.0453221462667, 0.0380425006151, 0.0332767628133, 0.0295729432255, 0.0258851051331, 0.0185285191983], "dmean2": [0.075710631907, 0.0640113949776, 0.0523064024746, 0.0459870062768, 0.0402352847159, 0.0282815340906], "dvar": [0.00158179900609, 0.0011024386622, 0.000808906683233, 0.000661417434458, 0.000680310884491, 0.000300631247228], "dvar2": [0.0042782202363, 0.00297558633611, 0.00196184869856, 0.00139125960413, 0.00133018032648, 0.000613426382188], "max": [-0.311888188124, -0.518105447292, -0.465815365314, -0.483043581247, -0.535800695419, -0.610834896564], "mean": [-0.592612564564, -0.745300471783, -0.7244759202, -0.72935128212, -0.738563656807, -0.763454258442], "median": [-0.59132373333, -0.745476484299, -0.722065091133, -0.72878575325, -0.740001678467, -0.765331208706], "min": [-0.972680568695, -0.970051527023, -0.962983489037, -0.965584218502, -0.955272257328, -0.963482022285], "var": [0.00828104931861, 0.00424457993358, 0.0046171345748, 0.00513653783128, 0.00433691870421, 0.00193653802853]}, "spectral_contrast_valleys": {"dmean": [0.35464027524, 0.350911915302, 0.284872204065, 0.269635736942, 0.28494644165, 0.342885285616], "dmean2": [0.58065700531, 0.57696133852, 0.455631256104, 0.418912649155, 0.433628708124, 0.452312588692], "dvar": [0.141233250499, 0.144248321652, 0.0786524564028, 0.0874682217836, 0.146635234356, 0.20408333838], "dvar2": [0.299599736929, 0.316073775291, 0.162114858627, 0.155639126897, 0.296470195055, 0.353220164776], "max": [-5.19281959534, -5.07486724854, -6.09709835052, -6.12690639496, -5.61654949188, -7.29