{"lowlevel": {"average_loudness": 0.811730802059, "barkbands_crest": {"dmean": 1.01508939266, "dmean2": 1.38123953342, "dvar": 0.899530053139, "dvar2": 2.00088310242, "max": 22.4254016876, "mean": 9.62263011932, "median": 8.98036289215, "min": 3.15166330338, "var": 13.1270952225}, "barkbands_flatness_db": {"dmean": 0.00830421969295, "dmean2": 0.0119841843843, "dvar": 4.90737984364e-05, "dvar2": 0.000106791841972, "max": 0.344964087009, "mean": 0.174807950854, "median": 0.16767257452, "min": 0.0695507004857, "var": 0.00210063881241}, "barkbands_kurtosis": {"dmean": 1.00254154205, "dmean2": 1.46004378796, "dvar": 1.47505438328, "dvar2": 3.15766692162, "max": 25.6364173889, "mean": 1.81996202469, "median": 0.537878990173, "min": -1.70263016224, "var": 13.099814415}, "barkbands_skewness": {"dmean": 0.264929056168, "dmean2": 0.374204188585, "dvar": 0.0528854504228, "dvar2": 0.110295586288, "max": 4.2760720253, "mean": 1.22623956203, "median": 1.17603766918, "min": -1.94629216194, "var": 0.734170079231}, "barkbands_spread": {"dmean": 2.56436491013, "dmean2": 3.92281341553, "dvar": 5.59566164017, "dvar2": 13.8544139862, "max": 48.3170661926, "mean": 18.995672226, "median": 19.4727954865, "min": 2.42007517815, "var": 68.1539764404}, "dissonance": {"dmean": 0.0206103082746, "dmean2": 0.0346766188741, "dvar": 0.000387830077671, "dvar2": 0.00103634886909, "max": 0.499980300665, "mean": 0.446836024523, "median": 0.455718189478, "min": 0.251686424017, "var": 0.00126021110918}, "dynamic_complexity": 4.03333425522, "erbbands_crest": {"dmean": 2.27096366882, "dmean2": 3.47723579407, "dvar": 4.6191649437, "dvar2": 10.4971246719, "max": 30.3438549042, "mean": 10.1787652969, "median": 9.262550354, "min": 3.15602421761, "var": 16.9340419769}, "erbbands_flatness_db": {"dmean": 0.0101268719882, "dmean2": 0.0147169549018, "dvar": 7.58849928388e-05, "dvar2": 0.000156958107254, "max": 0.347519248724, "mean": 0.206712767482, "median": 0.200847253203, "min": 0.0956092625856, "var": 0.00129066093359}, "erbbands_kurtosis": {"dmean": 0.541194736958, "dmean2": 0.806708037853, "dvar": 0.360856354237, "dvar2": 0.732888996601, "max": 21.0268135071, "mean": 0.271263629198, "median": -0.0740220546722, "min": -1.75351679325, "var": 2.77463006973}, "erbbands_skewness": {"dmean": 0.236383408308, "dmean2": 0.354242116213, "dvar": 0.0377423763275, "dvar2": 0.0867590084672, "max": 3.25010418892, "mean": -0.161395519972, "median": -0.217295214534, "min": -2.03923749924, "var": 0.32155829668}, "erbbands_spread": {"dmean": 4.20038461685, "dmean2": 6.08461332321, "dvar": 14.265794754, "dvar2": 31.8087081909, "max": 68.0576477051, "mean": 28.3194274902, "median": 27.1955738068, "min": 3.39582324028, "var": 114.396537781}, "hfc": {"dmean": 3.14898729324, "dmean2": 4.67285680771, "dvar": 11.4032421112, "dvar2": 25.5580768585, "max": 81.4048843384, "mean": 18.1218261719, "median": 17.7730255127, "min": 1.17332817034e-16, "var": 102.167388916}, "melbands_crest": {"dmean": 1.31597054005, "dmean2": 1.68350636959, "dvar": 1.6943770647, "dvar2": 3.65278124809, "max": 28.2461833954, "mean": 14.8516435623, "median": 14.7526988983, "min": 2.4657394886, "var": 21.2328643799}, "melbands_flatness_db": {"dmean": 0.00964658334851, "dmean2": 0.0139946592972, "dvar": 8.14754603198e-05, "dvar2": 0.00016318805865, "max": 0.452408313751, "mean": 0.245126292109, "median": 0.23976688087, "min": 0.00572068756446, "var": 0.00299492944032}, "melbands_kurtosis": {"dmean": 2.27538466454, "dmean2": 3.2059867382, "dvar": 7.53419876099, "dvar2": 16.1317176819, "max": 57.7261238098, "mean": 6.89367628098, "median": 4.66471481323, "min": -1.42227101326, "var": 55.6050453186}, "melbands_skewness": {"dmean": 0.341588258743, "dmean2": 0.469066113234, "dvar": 0.0878925696015, "dvar2": 0.187568947673, "max": 6.62844467163, "mean": 2.17149472237, "median": 2.11592698097, "min": -0.727237522602, "var": 1.32143437862}, "melbands_spread": {"dmean": 3.55032753944, "dmean2": 5.27124643326, "dvar": 15.6705303192, "dvar2": 31.0551490784, "max": 142.927017212, "mean": 22.0206184387, "median": 20.0745792389, "min": 2.12521457672, "var": 145.234893799}, "pitch_salience": {"dmean": 0.0315027460456, "dmean2": 0.0464559569955, "dvar": 0.000750173698179, "dvar2": 0.00174846162554, "max": 0.793997347355, "mean": 0.444697380066, "median": 0.444301903248, "min": 0.191020578146, "var": 0.00664957985282}, "silence_rate_20dB": {"dmean": 0, "dmean2": 0, "dvar": 0, "dvar2": 0, "max": 1, "mean": 1, "median": 1, "min": 1, "var": 0}, "silence_rate_30dB": {"dmean": 0.00317460321821, "dmean2": 0.00635032635182, "dvar": 0.00316450186074, "dvar2": 0.00631038891152, "max": 1, "mean": 0.991535902023, "median": 1, "min": 0, "var": 0.00839296821505}, "silence_rate_60dB": {"dmean": 0.000352733681211, "dmean2": 0.000705591810402, "dvar": 0.00035260405275, "dvar2": 0.000705072947312, "max": 1, "mean": 0.0592488087714, "median": 0, "min": 0, "var": 0.05573752895}, "spectral_centroid": {"dmean": 148.480407715, "dmean2": 237.62677002, "dvar": 37857.796875, "dvar2": 69032.6328125, "max": 11288.1259766, "mean": 1167.78601074, "median": 1190.14587402, "min": 236.533828735, "var": 225486.25}, "spectral_complexity": {"dmean": 1.62151670456, "dmean2": 2.69394946098, "dvar": 1.95092988014, "dvar2": 5.18579673767, "max": 30, "mean": 17.0923995972, "median": 18, "min": 0, "var": 32.7403488159}, "spectral_decrease": {"dmean": 8.56635151703e-10, "dmean2": 1.03015596054e-09, "dvar": 7.38937501794e-19, "dvar2": 1.13484485792e-18, "max": 3.17048814302e-29, "mean": -8.27416712923e-09, "median": -7.34399607794e-09, "min": -3.51692541756e-08, "var": 2.87161407563e-17}, "spectral_energy": {"dmean": 0.00343717844225, "dmean2": 0.00420669559389, "dvar": 1.17462486742e-05, "dvar2": 1.85533317563e-05, "max": 0.136583343148, "mean": 0.0328722447157, "median": 0.0294862333685, "min": 1.05227705596e-20, "var": 0.000435185211245}, "spectral_energyband_high": {"dmean": 7.51563202357e-05, "dmean2": 0.000127193750814, "dvar": 1.0640436976e-08, "dvar2": 2.84325221145e-08, "max": 0.00240174564533, "mean": 0.00017997949908, "median": 0.000145553349284, "min": 7.69883007056e-21, "var": 2.87708221691e-08}, "spectral_energyband_low": {"dmean": 0.00136463309173, "dmean2": 0.00151096482296, "dvar": 3.79408629669e-06, "dvar2": 5.5285909184e-06, "max": 0.0925737023354, "mean": 0.0110864751041, "median": 0.00713756354526, "min": 7.4739124474e-23, "var": 0.000130304688355}, "spectral_energyband_middle_high": {"dmean": 0.00184763851576, "dmean2": 0.00262547051534, "dvar": 4.29351848652e-06, "dvar2": 8.7422768047e-06, "max": 0.051593080163, "mean": 0.00746414717287, "median": 0.00668087275699, "min": 1.43504062687e-21, "var": 2.81104694295e-05}, "spectral_energyband_middle_low": {"dmean": 0.00199814070947, "dmean2": 0.00220901705325, "dvar": 5.3234398365e-06, "dvar2": 6.96574079484e-06, "max": 0.124240338802, "mean": 0.0153570445254, "median": 0.0104201324284, "min": 3.17680016818e-22, "var": 0.000250700686593}, "spectral_entropy": {"dmean": 0.0687532797456, "dmean2": 0.103745393455, "dvar": 0.00429010903463, "dvar2": 0.00848655030131, "max": 9.82165813446, "mean": 6.76349020004, "median": 6.8047208786, "min": 5.70619392395, "var": 0.0816658809781}, "spectral_flux": {"dmean": 0.0083477543667, "dmean2": 0.0144783323631, "dvar": 6.08682858001e-05, "dvar2": 0.000182392002898, "max": 0.122304618359, "mean": 0.0439466200769, "median": 0.0450810678303, "min": 1.02580555161e-10, "var": 0.000318242644425}, "spectral_kurtosis": {"dmean": 3.54407072067, "dmean2": 6.21934604645, "dvar": 13.5584974289, "dvar2": 40.6897888184, "max": 48.6515808105, "mean": 9.11376190186, "median": 7.2512960434, "min": -1.23428916931, "var": 35.4671287537}, "spectral_rms": {"dmean": 0.000292351818644, "dmean2": 0.000362768274499, "dvar": 6.88215635591e-08, "dvar2": 1.23950059105e-07, "max": 0.011543485336, "mean": 0.00530150998384, "median": 0.00536349322647, "min": 3.20407827874e-12, "var": 3.96433051719e-06}, "spectral_rolloff": {"dmean": 220.995147705, "dmean2": 379.05557251, "dvar": 188709.796875, "dvar2": 299022.625, "max": 18884.6191406, "mean": 1217.77478027, "median": 1184.32617188, "min": 129.19921875, "var": 479364.71875}, "spectral_skewness": {"dmean": 0.315692692995, "dmean2": 0.548814475536, "dvar": 0.0806928649545, "dvar2": 0.239228188992, "max": 5.23418045044, "mean": 1.95213639736, "median": 1.79728031158, "min": -0.00179716723505, "var": 0.327577233315}, "spectral_spread": {"dmean": 177270.96875, "dmean2": 286657.625, "dvar": 297684631552, "dvar2": 319534956544, "max": 41940960, "mean": 2655495, "median": 2660294.25, "min": 1319651.25, "var": 628934377472}, "spectral_strongpeak": {"dmean": 0.344115406275, "dmean2": 0.595254838467, "dvar": 0.726684093475, "dvar2": 1.78974294662, "max": 10.4877691269, "mean": 0.872344374657, "median": 0.578050553799, "min": 0, "var": 1.0285551548}, "zerocrossingrate": {"dmean": 0.00407848320901, "dmean2": 0.00519659090787, "dvar": 7.33132692403e-05, "dvar2": 8.22261863505e-05, "max": 0.49560546875, "mean": 0.0430478788912, "median": 0.0419921875, "min": 0.005859375, "var": 0.00034354350646}, "barkbands": {"dmean": [2.79455798591e-06, 0.000750039471313, 0.000715678441338, 0.00077829696238, 0.000888017530087, 0.000360694131814, 0.000450583407655, 0.000309454160742, 0.000156135472935, 0.000391773181036, 0.000604380271398, 0.000403918063967, 0.00049997161841, 0.000396940857172, 0.000449422979727, 0.000311136362143, 0.000422710581915, 0.000161972086062, 0.000169311446371, 8.64857938723e-05, 3.95595779992e-05, 1.48131512105e-05, 7.28845043341e-06, 2.79146684079e-06, 7.68828783748e-07, 2.95532203154e-07, 9.40782740599e-08], "dmean2": [2.91673109132e-06, 0.000946748361457, 0.000689942738973, 0.000814063241705, 0.00100088224281, 0.000356487114914, 0.000578868959565, 0.000422767800046, 0.000172457628651, 0.000483338808408, 0.000811173347756, 0.000497962580994, 0.000714925175998, 0.000569084542803, 0.000671916815918, 0.000487916113343, 0.000691937457304, 0.000269441748969, 0.000285697402433, 0.000149599640281, 6.82049212628e-05, 2.48084070336e-05, 1.24700300148e-05, 4.73607769891e-06, 1.2822864619e-06, 4.50685291753e-07, 1.33047166173e-07], "dvar": [2.81670745755e-11, 1.16738829092e-06, 1.46995228079e-06, 1.34637639349e-06, 1.73310309037e-06, 3.54651689349e-07, 4.42408406798e-07, 2.40260789042e-07, 5.88573634275e-08, 5.70053373394e-07, 1.26756037844e-06, 4.83266092033e-07, 9.83121026366e-07, 6.04337060395e-07, 6.89859859904e-07, 3.68783588556e-07, 4.79419384192e-07, 1.05646073223e-07, 8.33014226487e-08, 1.71941909599e-08, 3.78700804049e-09, 5.55756163312e-10, 1.69406877415e-10, 3.09930969777e-11, 1.3852315562e-12, 2.47051565403e-13, 8.21818877056e-14], "dvar2": [2.765740241e-11, 2.23273104893e-06, 1.62706999163e-06, 1.75771106115e-06, 2.53234816228e-06, 2.40820384079e-07, 8.83607356172e-07, 4.59498807004e-07, 6.95865338685e-08, 1.02225044429e-06, 2.39078872255e-06, 7.95081689375e-07, 1.88260048617e-06, 1.39734572713e-06, 1.45848468946e-06, 9.00885481769e-07, 1.21913842577e-06, 2.79452279983e-07, 2.31657352856e-07, 4.94130354411e-08, 1.06877751094e-08, 1.51660684011e-09, 4.80978590289e-10, 8.97623850249e-11, 4.01768288777e-12, 5.63784804432e-13, 1.31418503467e-13], "max": [0.000550541502889, 0.0452785082161, 0.0737178251147, 0.0638948529959, 0.0777938365936, 0.0303708128631, 0.0188072230667, 0.0150013267994, 0.0080704363063, 0.0211391355842, 0.0230469889939, 0.0157169178128, 0.031866684556, 0.0221741925925, 0.02243363671, 0.0130596105009, 0.00890600308776, 0.0070264604874, 0.00475683622062, 0.00231643766165, 0.000867875525728, 0.000329151982442, 0.000284382607788, 9.98028845061e-05, 2.19880894292e-05, 1.27149933178e-05, 1.09625534606e-05], "mean": [4.5440170652e-05, 0.00480354903266, 0.00508301705122, 0.0042195469141, 0.00619323598221, 0.00192646367941, 0.00149860186502, 0.000872266187798, 0.00053793459665, 0.00084668159252, 0.00127194903325, 0.000908987829462, 0.00096318096621, 0.000867265393026, 0.000828189891763, 0.000533643062226, 0.000667289132252, 0.000266995630227, 0.00027734352625, 0.000142819262692, 6.67991844239e-05, 2.66109800577e-05, 1.39782978295e-05, 6.92576350048e-06, 2.38112306761e-06, 9.40686618378e-07, 2.79247132084e-07], "median": [6.67820722811e-06, 0.00302494503558, 0.00258167297579, 0.00180080707651, 0.00210130517371, 0.000899799983017, 0.000844335881993, 0.000396125746192, 0.00024701046641, 0.0003708168515, 0.000466802273877, 0.000331338291289, 0.000384428101825, 0.000309252092848, 0.000374872761313, 0.000213634819374, 0.000301779306028, 0.000104304672277, 0.000133568973979, 8.06181778898e-05, 4.18419258494e-05, 1.66785775946e-05, 7.24431947674e-06, 4.69050746688e-06, 1.88712829186e-06, 5.52207382043e-07, 7.99310484467e-08], "min": [1.90198734538e-23, 2.01611201031e-23, 1.79231737798e-23, 2.39309696178e-23, 1.39474306223e-22, 4.37188196732e-23, 2.4060440625e-23, 3.88166329043e-23, 4.62885309165e-23, 6.38228357131e-23, 7.23755520516e-23, 1.1116603895e-22, 9.78990141113e-23, 5.82063290837e-23, 1.55470726685e-22, 1.3067132534e-22, 1.43126593375e-22, 1.94072808356e-22, 2.09182372455e-22, 3.96121568443e-22, 3.24397098006e-22, 6.25588053883e-22, 5.54901875859e-22, 9.1152839733e-22, 1.25772872723e-21, 1.6673359044e-21, 2.32062794548e-21], "var": [6.84780854243e-09, 2.97546393995e-05, 5.12906699441e-05, 3.68033433915e-05, 0.000108191292384, 9.54226561589e-06, 4.08119694839e-06, 1.79061419203e-06, 5.71648570258e-07, 1.81891300599e-06, 3.8949106056e-06, 1.89955733276e-06, 2.4222117645e-06, 1.94672315956e-06, 2.01271609512e-06, 7.25479765151e-07, 8.72777320637e-07, 2.44649186243e-07, 1.5048009061e-07, 3.24462305912e-08, 6.67598509807e-09, 1.06984143766e-09, 3.47399747858e-10, 6.88558307593e-11, 5.46670868296e-12, 1.5126142526e-12, 4.67820443842e-13]}, "erbbands": {"dmean": [0.00750850699842, 0.213945358992, 0.831294536591, 1.34133923054, 4.44548225403, 1.95428431034, 0.897031068802, 3.48021459579, 6.58863735199, 8.62578582764, 4.6750125885, 4.44787693024, 4.27301883698, 15.289773941, 25.9577350616, 18.7843456268, 23.7283763885, 22.3485641479, 18.3201503754, 23.9511241913, 15.5776977539, 14.7579174042, 11.8153877258, 9.08411502838, 6.56925153732, 5.0770201683, 1.5123976469, 1.5015847683, 0.634913384914, 0.311683297157, 0.170632839203, 0.0755871832371, 0.0305558573455, 0.0113888345659, 0.00456437561661, 0.00190468563233, 0.000595288234763, 0.000134340749355, 1.67498965311e-05, 4.22267430622e-06], "dmean2": [0.00882255937904, 0.266751855612, 0.815399050713, 1.42784500122, 4.88728523254, 2.22921538353, 1.0972725153, 3.52145862579, 7.79394865036, 12.0906095505, 5.78240537643, 4.8953204155, 5.04011631012, 19.4671764374, 34.3056678772, 24.0266666412, 34.1224250793, 31.8294372559, 27.0956382751, 36.0321884155, 24.435968399, 24.2899627686, 19.7894935608, 15.5204534531, 11.1059474945, 8.78544425964, 2.58631896973, 2.59644460678, 1.08580768108, 0.52743601799, 0.291473895311, 0.127463698387, 0.0522746294737, 0.0192715320736, 0.00739967310801, 0.00305114453658, 0.000900413666386, 0.000197227316676, 2.34383805946e-05, 5.34600894753e-06], "dvar": [0.000144128294778, 0.0942437052727, 1.87826859951, 2.99040317535, 41.8865013123, 8.09790039062, 1.31411528587, 30.7319965363, 157.634994507, 161.563156128, 85.0278625488, 45.9710960388, 44.5935668945, 800.480163574, 2269.65283203, 1128.91186523, 2167.59667969, 1913.25024414, 2032.5526123, 1610.25292969, 564.813598633, 498.27746582, 520.437316895, 274.692687988, 216.534286499, 62.0554008484, 5.00089025497, 8.15948677063, 0.91251885891, 0.245949223638, 0.125006496906, 0.021966887638, 0.00699333660305, 0.000433784385677, 3.91744179069e-05, 1.0164860214e-05, 1.37069662287e-06, 9.74146914245e-08, 3.657497194e-09, 1.94706646639e-11], "dvar2": [0.000216045926209, 0.175349012017, 2.18156504631, 4.46921110153, 57.4197921753, 12.1085567474, 1.98704504967, 27.5863876343, 255.955993652, 391.793609619, 111.996139526, 55.8537559509, 59.4220161438, 1432.60656738, 4278.73193359, 1940.23583984, 4192.88964844, 4445.40478516, 4198.41210938, 3613.51513672, 1355.96459961, 1306.63513184, 1382.31726074, 756.462341309, 618.204162598, 177.718200684, 14.4880495071, 22.0207920074, 2.57326078415, 0.686799943447, 0.361045837402, 0.0624328814447, 0.0208145845681, 0.00131202745251, 0.000104893893877, 2.58994714386e-05, 2.69629458671e-06, 1.73357236122e-07, 6.00266236717e-09, 3.28882927836e-11], "max": [0.911222279072, 12.6713256836, 77.8397903442, 100.749404907, 321.120025635, 130.437438965, 51.3278121948, 268.012420654, 410.917663574, 307.207794189, 407.010131836, 222.9271698, 207.645797729, 754.833068848, 1171.07958984, 779.330688477, 1487.69274902, 1227.96191406, 1401.4083252, 824.981018066, 369.715820312, 299.656799316, 456.435760498, 291.735412598, 288.571868896, 153.198196411, 34.367149353, 49.0918502808, 13.8022890091, 11.7669744492, 6.84872913361, 2.93108558655, 1.94812095165, 0.45270422101, 0.112142466009, 0.0867783725262, 0.028802851215, 0.0112057905644, 0.00225152564235, 0.000166198355146], "mean": [0.0862426757812, 1.29364943504, 5.86321640015, 8.7579202652, 29.3524208069, 11.7180938721, 5.15369081497, 18.7386016846, 22.8717098236, 24.9868164062, 16.6708164215, 16.1723823547, 11.3980226517, 33.8309860229, 60.9439086914, 44.8989868164, 48.9598388672, 51.8776931763, 37.1111946106, 44.7605552673, 29.5526561737, 25.3824005127, 20.2815437317, 15.8770608902, 10.642745018, 8.56136512756, 2.83877563477, 2.51117277145, 1.13321650028, 0.657337486744, 0.347379893064, 0.174333393574, 0.0756480693817, 0.0325761809945, 0.0143425585702, 0.00599978910759, 0.00173065776471, 0.000393307243939, 6.03133958066e-05, 3.96556642954e-05], "median": [0.0336454026401, 0.811414539814, 3.33255505562, 5.81784105301, 11.3637886047, 5.56521272659, 3.20190143585, 8.23784923553, 8.20916175842, 14.7884025574, 8.55860137939, 8.07610607147, 6.57859134674, 16.8108959198, 28.5830898285, 22.0088558197, 23.1677627563, 21.8676986694, 13.7353372574, 23.1965503693, 16.5315380096, 14.9262294769, 10.0737524033, 7.66257095337, 4.56615972519, 4.9705786705, 1.93342006207, 1.43469929695, 0.747920155525, 0.441897630692, 0.223214045167, 0.114135995507, 0.0522567294538, 0.0250880606472, 0.0112976161763, 0.003926448524, 0.000970436958596, 0.000171255902387, 3.55811898771e-05, 3.59232581104e-05], "min": [1.23903224415e-21, 2.1814638951e-21, 1.44803491535e-20, 7.2219303975e-20, 1.42273863362e-19, 6.36122984159e-19, 5.75022202538e-19, 2.56428212939e-19, 2.50967890318e-19, 5.89268010445e-19, 1.01455521927e-18, 1.26845024328e-18, 9.58247690805e-19, 3.27241645915e-18, 2.54796175251e-18, 4.95131496315e-18, 4.64665193584e-18, 3.31306101252e-18, 5.38667997187e-18, 9.16630186915e-18, 6.42319352769e-18, 7.45976539973e-18, 1.28588170984e-17, 8.71536849412e-18, 1.16002245733e-17, 2.17040347508e-17, 1.55677111818e-17, 1.52942833216e-17, 2.04713768194e-17, 2.05255339884e-17, 1.40780846301e-17, 1.94640776284e-17, 1.40576532689e-17, 1.19379723436e-17, 1.06622505623e-17, 6.24059382105e-18, 2.63696990194e-18, 1.43248460485e-18, 3.6606006884e-19, 3.29680264834e-20], "var": [0.016099402681, 2.22919988632, 56.6707420349, 91.1168212891, 2138.58984375, 240.926620483, 35.8946762085, 789.992248535, 1925.2166748, 950.782836914, 913.474182129, 451.468994141, 243.556671143, 2468.9128418, 7538.40380859, 4171.37207031, 5377.04101562, 6365.80371094, 6256.57324219, 3967.79956055, 1248.51501465, 912.768676758, 1159.28991699, 481.615264893, 348.986236572, 114.784263611, 9.72387886047, 13.5566053391, 1.73518764973, 0.557673990726, 0.236468791962, 0.0460674874485, 0.0149896116927, 0.00119600677863, 0.000197300163563, 5.41471890756e-05, 6.07658694207e-06, 5.13017653248e-07, 1.40750504585e-08, 5.88870285867e-10]}, "gfcc": {"mean": [-41.0045890808, 140.134185791, -143.277679443, 29.260679245, -35.8440933228, 6.21211624146, -27.5059261322, -4.19364786148, -20.3758640289, -5.83066511154, -11.087146759, -7.66852760315, -11.2599992752], "cov": [[20824.4433594, 1032.66882324, 607.989685059, 2857.30981445, 93.4705581665, 549.76348877, 164.272216797, 143.666870117, -48.2657852173, 283.672393799, 232.761505127, -18.587097168, -364.230682373], [1032.66882324, 1178.33752441, 53.0173873901, 111.179962158, 98.1146850586, -135.46697998, 61.4190483093, -125.195709229, 107.623336792, -134.341766357, 106.950042725, -207.422515869, 145.5184021], [607.989685059, 53.0173873901, 307.445800781, 139.727752686, 7.95446443558, 18.145149231, -7.60371351242, -4.40890264511, -1.76532769203, -11.5847206116, 5.86758136749, 4.81319713593, -21.0506725311], [2857.30981445, 111.179962158, 139.727752686, 501.406707764, 40.5030021667, 80.9521331787, 33.9147071838, 23.4744682312, -1.54475665092, 47.5348815918, 35.1059265137, -3.84108543396, -65.9021377563], [93.4705581665, 98.1146850586, 7.95446443558, 40.5030021667, 122.593894958, 59.634059906, 38.0057945251, 13.2417631149, 28.6222667694, 7.09731864929, 15.6621570587, -25.6816501617, -4.96716117859], [549.76348877, -135.46697998, 18.145149231, 80.9521331787, 59.634059906, 178.109970093, 64.9984207153, 59.9891967773, 20.380897522, 56.8614807129, 4.70786714554, 18.7531833649, -35.6535835266], [164.272216797, 61.4190483093, -7.60371351242, 33.9147071838, 38.0057945251, 64.9984207153, 110.860527039, 37.1001930237, 32.8231468201, 23.6236858368, 6.22351312637, -22.7194290161, -10.1281576157], [143.666870117, -125.195709229, -4.40890264511, 23.4744682312, 13.2417631149, 59.9891967773, 37.1001930237, 106.844070435, 31.1617164612, 42.5668525696, -5.12232160568, 27.3980922699, -20.9587211609], [-48.2657852173, 107.623336792, -1.76532769203, -1.54475665092, 28.6222667694, 20.380897522, 32.8231468201, 31.1617164612, 100.964866638, 26.5453128815, 18.397518158, -25.5606479645, 19.0787086487], [283.672393799, -134.341766357, -11.5847206116, 47.5348815918, 7.09731864929, 56.8614807129, 23.6236858368, 42.5668525696, 26.5453128815, 107.575973511, 14.6525602341, 26.4264392853, -31.8202991486], [232.761505127, 106.950042725, 5.86758136749, 35.1059265137, 15.6621570587, 4.70786714554, 6.22351312637, -5.12232160568, 18.397518158, 14.6525602341, 86.5553588867, 8.02277851105, 4.25123929977], [-18.587097168, -207.422515869, 4.81319713593, -3.84108543396, -25.6816501617, 18.7531833649, -22.7194290161, 27.3980922699, -25.5606479645, 26.4264392853, 8.02277851105, 116.474182129, -17.3930721283], [-364.230682373, 145.5184021, -21.0506725311, -65.9021377563, -4.96716117859, -35.6535835266, -10.1281576157, -20.9587211609, 19.0787086487, -31.8202991486, 4.25123929977, -17.3930721283, 112.908287048]], "icov": [[0.00036080161226, -0.000734708504751, 0.000317280297168, -0.00183636252768, 0.00103616074193, -0.00115162401926, 0.000794688356109, -0.000491893501021, 0.000633983232547, -0.000451417057775, 0.000402251054766, -0.000358046178007, 0.000455382920336], [-0.000734708504751, 0.00503880903125, -0.000871343887411, 0.0024346136488, -0.00384026602842, 0.00505939079449, -0.00418567843735, 0.00311745423824, -0.00385584495962, 0.00389834470116, -0.00429615797475, 0.00380757334642, -0.0034752425272], [0.000317280297168, -0.000871343887411, 0.00420029833913, -0.00269828783348, 0.00114810396917, -0.00163232861087, 0.00147025706246, -0.000197220186237, -6.80214507156e-05, 0.000724876590539, 0.000730298284907, -0.000991810229607, 0.00102052895818], [-0.00183636252768, 0.0024346136488, -0.00269828783348, 0.0125707443804, -0.00489699980244, 0.00425482774153, -0.00325879501179, 0.00155227282085, -0.00151933275629, 0.000349495850969, -0.00185304763727, 0.00145002582576, -0.000455171393696], [0.00103616074193, -0.00384026602842, 0.00114810396917, -0.00489699980244, 0.0153027465567, -0.00869187060744, 0.00269637349993, -0.00196737190709, 0.0011118883267, -0.000955839524977, 0.00107075716369, -0.000298601196846, 0.00290937907994], [-0.00115162401926, 0.00505939079449, -0.00163232861087, 0.00425482774153, -0.00869187060744, 0.0164784211665, -0.00845784507692, 0.000726580561604, -0.00291839241982, 0.000611860945355, -0.00293870992027, 0.00164422974922, -0.00282976380549], [0.000794688356109, -0.00418567843735, 0.00147025706246, -0.00325879501179, 0.00269637349993, -0.00845784507692, 0.0175667740405, -0.00552552798763, 0.00161297537852, -0.00304473284632, 0.00260647409596, 0.000527391792275, 0.00318061490543], [-0.000491893501021, 0.00311745423824, -0.000197220186237, 0.00155227282085, -0.00196737190709, 0.000726580561604, -0.00552552798763, 0.0173324793577, -0.00725068291649, 0.000601543171797, 0.000261592649622, -0.00203827233054, -0.000799905799795], [0.000633983232547, -0.00385584495962, -6.80214507156e-05, -0.00151933275629, 0.0011118883267, -0.00291839241982, 0.00161297537852, -0.00725068291649, 0.0186453741044, -0.00709841120988, 0.00023839919595, 0.00147522694897, -0.000891532574315], [-0.000451417057775, 0.00389834470116, 0.000724876590539, 0.000349495850969, -0.000955839524977, 0.000611860945355, -0.00304473284632, 0.000601543171797, -0.00709841120988, 0.0178363602608, -0.00498321233317, 0.000598772545345, 0.000354396208422], [0.000402251054766, -0.00429615797475, 0.000730298284907, -0.00185304763727, 0.00107075716369, -0.00293870992027, 0.00260647409596, 0.000261592649622, 0.00023839919595, -0.00498321233317, 0.0175356734544, -0.00621389690787, 0.00222851196304], [-0.000358046178007, 0.00380757334642, -0.000991810229607, 0.00145002582576, -0.000298601196846, 0.00164422974922, 0.000527391792275, -0.00203827233054, 0.00147522694897, 0.000598772545345, -0.00621389690787, 0.0158733110875, -0.0026271797251], [0.000455382920336, -0.0034752425272, 0.00102052895818, -0.000455171393696, 0.00290937907994, -0.00282976380549, 0.00318061490543, -0.000799905799795, -0.000891532574315, 0.000354396208422, 0.00222851196304, -0.0026271797251, 0.0138624785468]]}, "melbands": {"dmean": [0.000133127628942, 0.000373889488401, 0.000345886626747, 0.000245271046879, 3.36504708685e-05, 8.1728285295e-05, 9.55362993409e-05, 8.91200470505e-05, 3.65343657904e-05, 2.45572482527e-05, 2.31659469137e-05, 6.44151296001e-05, 8.61856678966e-05, 5.84701811022e-05, 5.07302429469e-05, 4.0710419853e-05, 4.70261729788e-05, 2.85201313091e-05, 2.31250487559e-05, 3.74842056772e-05, 1.84809596249e-05, 1.62650594575e-05, 1.86726301763e-05, 8.08075583336e-06, 7.91727507021e-06, 6.54262112221e-06, 2.56890439232e-06, 3.58942520506e-06, 9.88331294138e-07, 1.02969215732e-06, 1.06559843971e-06, 4.50352644066e-07, 1.70179106362e-07, 2.11198951661e-07, 1.38142667083e-07, 3.60597525173e-08, 5.0661295603e-08, 2.58708947598e-08, 1.77357186715e-08, 1.01752108961e-08], "dmean2": [0.000168338840012, 0.000399341224693, 0.000366333406419, 0.000271429220447, 4.16905168095e-05, 8.09341145214e-05, 0.000113268368295, 0.000125175458379, 4.36554728367e-05, 2.71013304882e-05, 2.76880073216e-05, 8.16919346107e-05, 0.000115021284728, 7.33478736947e-05, 7.08960578777e-05, 5.78236649744e-05, 6.7523229518e-05, 4.21227850893e-05, 3.45117186953e-05, 5.77457249165e-05, 2.93487973977e-05, 2.61765635514e-05, 3.18056845572e-05, 1.36830449264e-05, 1.34964539029e-05, 1.09939937829e-05, 4.40807752966e-06, 6.18315380052e-06, 1.68218525687e-06, 1.77971060111e-06, 1.85452609003e-06, 7.71469501615e-07, 2.88612028498e-07, 3.58015086022e-07, 2.36581229274e-07, 6.08580563721e-08, 8.55451389725e-08, 4.4704854929e-08, 2.9936810364e-08, 1.71411240757e-08], "dvar": [3.78260871514e-08, 3.35275387897e-07, 2.10895166219e-07, 1.16418625851e-07, 1.64378066714e-09, 1.89221633917e-08, 2.82795244999e-08, 1.77671619639e-08, 4.78845718632e-09, 1.39306566282e-09, 1.30220245698e-09, 1.553034501e-08, 2.47600908665e-08, 8.51101322752e-09, 9.18900333602e-09, 5.77138248303e-09, 9.75605374265e-09, 4.71178029926e-09, 1.56069479562e-09, 4.14460288312e-09, 1.12844011912e-09, 6.88117673953e-10, 1.371606273e-09, 2.1673872419e-10, 2.46354270317e-10, 2.12522652254e-10, 1.58884658902e-11, 3.04926014993e-11, 2.49002424582e-12, 4.30415252051e-12, 4.53218365615e-12, 5.84179352028e-13, 1.06890109828e-13, 1.61077870335e-13, 1.03165346817e-13, 4.76736654846e-15, 1.3749480951e-14, 8.9951316049e-15, 6.2028990351e-16, 3.50366867121e-16], "dvar2": [7.10447167762e-08, 4.49238115152e-07, 2.8149844411e-07, 1.7126876628e-07, 2.64397193028e-09, 1.40896503353e-08, 4.69706087358e-08, 4.3423131757e-08, 6.53618581481e-09, 1.74294179089e-09, 1.85744264414e-09, 2.78188725389e-08, 4.65952005868e-08, 1.45214444913e-08, 1.74154095589e-08, 1.11020064253e-08, 2.29447323363e-08, 9.89107018512e-09, 3.34259731005e-09, 9.77509806432e-09, 2.68927591307e-09, 1.65546898412e-09, 3.8562006921e-09, 6.04008176808e-10, 6.78960720979e-10, 6.04875427523e-10, 4.61284135889e-11, 8.57406992627e-11, 6.86912375938e-12, 1.23957970624e-11, 1.28416530881e-11, 1.64351052299e-12, 2.98744779999e-13, 4.49590885354e-13, 2.98475355759e-13, 1.31747513086e-14, 3.96991331952e-14, 2.67797614731e-14, 1.77654233962e-15, 1.03543319176e-15], "max": [0.00764999631792, 0.0288173034787, 0.0240516588092, 0.0190720427781, 0.00203691096976, 0.00684009306133, 0.00586827285588, 0.00281154923141, 0.00300193973817, 0.0011989902705, 0.00102692563087, 0.00338981649838, 0.00322926556692, 0.00195331056602, 0.00330532179214, 0.00173382600769, 0.00277591892518, 0.00209573144093, 0.000815139326733, 0.00129577331245, 0.000512858678121, 0.000377460615709, 0.000489895173814, 0.000249786331551, 0.000266755698249, 0.000272365548881, 6.59445286146e-05, 0.000102064528619, 3.86651627196e-05, 2.78424013231e-05, 2.85013047687e-05, 1.23076424643e-05, 4.86802309752e-06, 1.08566573545e-05, 6.29726946499e-06, 1.4924281686e-06, 2.94207734441e-06, 2.26459974328e-06, 4.5084169642e-07, 3.86456804335e-07], "mean": [0.00102421024349, 0.00263300468214, 0.00233417260461, 0.00162665557582, 0.000191888102563, 0.000431088788901, 0.000337288744049, 0.000251589401159, 0.000131620035972, 8.52942175698e-05, 5.67054630665e-05, 0.000135864174808, 0.000189564059838, 0.000140637945151, 0.000103358077467, 8.48556082929e-05, 0.000101796664239, 5.41384069948e-05, 4.28239291068e-05, 6.60202567815e-05, 3.10233517666e-05, 2.74609319604e-05, 2.69381653197e-05, 1.35512473207e-05, 1.25251553982e-05, 9.67804953689e-06, 4.21898221248e-06, 5.83718883718e-06, 1.69644454218e-06, 1.52068753323e-06, 1.61612979355e-06, 7.33707793188e-07, 3.22465808722e-07, 3.92268020732e-07, 2.46198510467e-07, 8.16531979808e-08, 1.05726627453e-07, 5.494221611e-08, 4.00393282973e-08, 2.36283028698e-08], "median": [0.000578844104894, 0.00157978956122, 0.00152412406169, 0.00068193860352, 0.000130316082505, 0.00018604809884, 0.000139292533277, 0.000151089581777, 6.67989079375e-05, 4.19962598244e-05, 2.9894101317e-05, 5.86333808315e-05, 7.69006219343e-05, 6.44621613901e-05, 5.35193030373e-05, 3.91764333472e-05, 3.40809856425e-05, 1.80815768545e-05, 2.04405569093e-05, 2.90524494631e-05, 1.34371366585e-05, 1.31849628815e-05, 8.01632631919e-06, 6.16932857156e-06, 3.79042012355e-06, 2.76613809547e-06, 2.44101624958e-06, 3.15117222272e-06, 9.3970851367e-07, 4.98386498293e-07, 5.55196947971e-07, 4.01575562137e-07, 1.37509189813e-07, 1.60048685416e-07, 1.24331947404e-07, 5.17063938332e-08, 6.2577875326e-08, 2.92200930119e-08, 3.03307885474e-08, 1.56447583777e-08], "min": [9.56060289627e-24, 6.25899912687e-24, 1.19677235961e-23, 2.75606890366e-23, 2.37169768977e-23, 6.34478735588e-24, 4.09513552004e-24, 6.26680884983e-24, 9.34837328036e-24, 6.96101196845e-24, 5.0799439521e-24, 1.36227190654e-23, 8.4694639028e-24, 1.45634751379e-23, 1.06196533947e-23, 8.49475399456e-24, 5.82611564943e-24, 6.71633334806e-24, 1.38163575964e-23, 1.03574249857e-23, 7.05736896144e-24, 7.73898186001e-24, 9.36551601669e-24, 1.07653788809e-23, 6.59332626711e-24, 7.62741720649e-24, 1.03305981929e-23, 1.49654250127e-23, 1.02343066754e-23, 7.50587661796e-24, 1.05859051363e-23, 1.23850105046e-23, 9.80616267429e-24, 1.20698006195e-23, 7.05926222761e-24, 8.38073519477e-24, 1.42434768672e-23, 1.16000741824e-23, 5.87489289135e-24, 1.16064174129e-23], "var": [1.38849145515e-06, 9.70302698988e-06, 6.58496992401e-06, 6.30368913335e-06, 5.37399742484e-08, 4.89989474772e-07, 3.66448375644e-07, 9.39829263302e-08, 5.26906340781e-08, 1.30329311787e-08, 6.69768818184e-09, 4.69188385921e-08, 7.83280285077e-08, 3.54412676984e-08, 2.22486722379e-08, 1.70838170277e-08, 3.01915399348e-08, 1.40600597831e-08, 4.24662127685e-09, 9.4626688707e-09, 2.21772267217e-09, 1.46477718843e-09, 2.14281015154e-09, 4.41775394044e-10, 4.16979867301e-10, 3.42583850177e-10, 2.9316958583e-11, 5.74917440044e-11, 4.91700387004e-12, 6.81806867908e-12, 7.42563302514e-12, 1.06936920256e-12, 2.26182015283e-13, 3.4743852218e-13, 1.83621103348e-13, 1.10999449514e-14, 2.44928521367e-14, 1.81965360613e-14, 1.60372877189e-15, 8.1906227821e-16]}, "mfcc": {"mean": [-671.883911133, 162.350067139, -28.5341377258, 27.9940853119, 7.46975421906, 13.3161792755, 3.96178817749, 2.87170100212, -2.23446083069, -0.702531695366, -4.54151582718, 1.82869780064, 3.28172898293], "cov": [[10983.1054688, 2053.97802734, -491.392913818, 985.225463867, 257.87979126, 463.84161377, 131.005477905, 164.724609375, -80.2141113281, 29.464176178, 117.367515564, 205.931213379, 52.310749054], [2053.97802734, 1598.66442871, -75.6260147095, 227.857955933, 111.40499115, 39.6940956116, -2.24458503723, -46.1767997742, 10.8208370209, 49.8135566711, -67.7210235596, -44.2991447449, -19.2615146637], [-491.392913818, -75.6260147095, 217.913955688, 29.088432312, 4.18180513382, -21.2803039551, -13.2581281662, -4.34277439117, -11.9406032562, -19.3430461884, -7.52440547943, -4.24309873581, -21.6699371338], [985.225463867, 227.857955933, 29.088432312, 216.172592163, 51.9667892456, 42.2351989746, 5.65204191208, 6.48014450073, -20.7064113617, -10.8217506409, 6.55634355545, 21.8421096802, 2.62296819687], [257.87979126, 111.40499115, 4.18180513382, 51.9667892456, 101.608032227, 39.2980155945, 12.1307659149, 11.2783184052, -3.69294118881, 15.9642276764, 7.51233005524, 8.04967021942, -2.83152389526], [463.84161377, 39.6940956116, -21.2803039551, 42.2351989746, 39.2980155945, 117.518455505, 44.942817688, 21.8986473083, 8.28645610809, 22.2478485107, 34.645488739, 27.398431778, -2.54937982559], [131.005477905, -2.24458503723, -13.2581281662, 5.65204191208, 12.1307659149, 44.942817688, 92.3809814453, 32.5144500732, 5.66605424881, 14.6431951523, 25.5732822418, 21.1481227875, -7.1090965271], [164.724609375, -46.1767997742, -4.34277439117, 6.48014450073, 11.2783184052, 21.8986473083, 32.5144500732, 97.2902374268, 10.9417133331, 5.09124135971, 18.6637363434, 32.4228134155, 5.38030910492], [-80.2141113281, 10.8208370209, -11.9406032562, -20.7064113617, -3.69294118881, 8.28645610809, 5.66605424881, 10.9417133331, 106.590278625, 43.2203369141, 5.68513298035, -20.0203514099, -5.8917722702], [29.464176178, 49.8135566711, -19.3430461884, -10.8217506409, 15.9642276764, 22.2478485107, 14.6431951523, 5.09124135971, 43.2203369141, 117.140365601, 42.7965240479, -7.99610757828, -16.4332427979], [117.367515564, -67.7210235596, -7.52440547943, 6.55634355545, 7.51233005524, 34.645488739, 25.5732822418, 18.6637363434, 5.68513298035, 42.7965240479, 113.921722412, 43.4459495544, -24.94490242], [205.931213379, -44.2991447449, -4.24309873581, 21.8421096802, 8.04967021942, 27.398431778, 21.1481227875, 32.4228134155, -20.0203514099, -7.99610757828, 43.4459495544, 133.984146118, 23.1709518433], [52.310749054, -19.2615146637, -21.6699371338, 2.62296819687, -2.83152389526, -2.54937982559, -7.1090965271, 5.38030910492, -5.8917722702, -16.4332427979, -24.94490242, 23.1709518433, 107.698181152]], "icov": [[0.000279574131127, -0.000204468160518, 0.000651752110571, -0.00106403196696, 0.000294353521895, -0.000600002007559, 0.000182150295586, -0.000406889070291, 0.000147929415107, 8.50536380312e-05, -0.000128751940792, -6.21828439762e-05, 1.52054954015e-05], [-0.000204468160518, 0.00104474020191, 1.34718689537e-07, -0.000204006908461, -0.000775062828325, 0.000598149956204, -0.000255050894339, 0.000735409965273, -0.000196874811081, -0.000647898588795, 0.000959890370723, 4.22222401539e-05, 0.000334978714818], [0.000651752110571, 1.34718689537e-07, 0.006781055592, -0.00378419435583, 6.92772882758e-05, -0.000212361570448, 0.000666873296723, -0.000838074891362, 0.000378714787075, 0.000548136828002, 0.000234830120462, -0.000268991658231, 0.00143933843356], [-0.00106403196696, -0.000204006908461, -0.00378419435583, 0.0108961667866, -0.00288255908526, 0.000359829427907, 4.50786028523e-05, 0.0011493160855, 0.000219093999476, 0.00100324233063, -0.000468893354991, -0.000169696606463, -0.000575197394937], [0.000294353521895, -0.000775062828325, 6.92772882758e-05, -0.00288255908526, 0.0134337013587, -0.00421753805131, 0.000677145493682, -0.00168466463219, 0.00135724677239, -0.00171087810304, 0.000512714846991, 3.5152406781e-05, 0.000109151587822], [-0.000600002007559, 0.000598149956204, -0.000212361570448, 0.000359829427907, -0.00421753805131, 0.014641658403, -0.00530560920015, 0.00100407458376, -0.00136862078216, -0.000668140186463, -0.00164349423721, -0.000766739365645, -0.000210283222259], [0.000182150295586, -0.000255050894339, 0.000666873296723, 4.50786028523e-05, 0.000677145493682, -0.00530560920015, 0.0150469643995, -0.00404858775437, 0.000439226540038, -0.000335554446792, -0.00093226111494, -0.00051885395078, 0.000955232942943], [-0.000406889070291, 0.000735409965273, -0.000838074891362, 0.0011493160855, -0.00168466463219, 0.00100407458376, -0.00404858775437, 0.013543387875, -0.00213606934994, 0.000272965145996, 3.83795595553e-05, -0.00233469298109, -0.00039583563921], [0.000147929415107, -0.000196874811081, 0.000378714787075, 0.000219093999476, 0.00135724677239, -0.00136862078216, 0.000439226540038, -0.00213606934994, 0.0119707947597, -0.00433151889592, 0.000700944568962, 0.0016492032446, -9.57260417636e-05], [8.50536380312e-05, -0.000647898588795, 0.000548136828002, 0.00100324233063, -0.00171087810304, -0.000668140186463, -0.000335554446792, 0.000272965145996, -0.00433151889592, 0.0130721041933, -0.00547941867262, 0.00165084621403, -3.4563952795e-05], [-0.000128751940792, 0.000959890370723, 0.000234830120462, -0.000468893354991, 0.000512714846991, -0.00164349423721, -0.00093226111494, 3.83795595553e-05, 0.000700944568962, -0.00547941867262, 0.0148326577619, -0.00465429294854, 0.00384314125404], [-6.21828439762e-05, 4.22222401539e-05, -0.000268991658231, -0.000169696606463, 3.5152406781e-05, -0.000766739365645, -0.00051885395078, -0.00233469298109, 0.0016492032446, 0.00165084621403, -0.00465429294854, 0.0107666663826, -0.00299939629622], [1.52054954015e-05, 0.000334978714818, 0.00143933843356, -0.000575197394937, 0.000109151587822, -0.000210283222259, 0.000955232942943, -0.00039583563921, -9.57260417636e-05, -3.4563952795e-05, 0.00384314125404, -0.00299939629622, 0.0112470155582]]}, "spectral_contrast_coeffs": {"dmean": [0.024735275656, 0.0301280748099, 0.0286698378623, 0.0265366062522, 0.0218389537185, 0.0152985565364], "dmean2": [0.0370193012059, 0.0465813614428, 0.0418963432312, 0.0416528955102, 0.0365851670504, 0.0261671766639], "dvar": [0.00049021729501, 0.000584763474762, 0.00051053945208, 0.000432824541349, 0.000302196945995, 0.000146133912494], "dvar2": [0.00126680382527, 0.00148732413072, 0.00113447778858, 0.0010865383083, 0.000846809358336, 0.000415894639445], "max": [-0.334050238132, -0.459343969822, -0.456157505512, -0.4376257658, -0.530248820782, -0.603956401348], "mean": [-0.594968616962, -0.695717811584, -0.676924943924, -0.648710131645, -0.664568603039, -0.709415793419], "median": [-0.588987350464, -0.693925380707, -0.672978937626, -0.647628426552, -0.653432786465, -0.699504137039], "min": [-0.968012392521, -0.96676325798, -0.956636965275, -0.962049126625, -0.963440597057, -0.961724281311], "var": [0.00792165473104, 0.00572613347322, 0.0042614559643, 0.00449584657326, 0.00324250990525, 0.00254732579924]}, "spectral_contrast_valleys": {"dmean": [0.214119300246, 0.222307473421, 0.198810294271, 0.177054822445, 0.126200124621, 0.0900463014841], "dmean2": [0.329193264246, 0.359426021576, 0.321719110012, 0.295767009258, 0.212589338422, 0.147824093699], "dvar": [0.0760657340288, 0.0790796875954, 0.070172637701, 0.0