{"lowlevel": {"average_loudness": 0.868989765644, "barkbands_crest": {"dmean": 3.01015639305, "dmean2": 4.55990886688, "dvar": 9.73377513885, "dvar2": 19.0437107086, "max": 26.3930301666, "mean": 12.1389360428, "median": 11.0101661682, "min": 2.83259153366, "var": 25.7647514343}, "barkbands_flatness_db": {"dmean": 0.0264421869069, "dmean2": 0.038358181715, "dvar": 0.000683245947585, "dvar2": 0.00156105367932, "max": 0.386558324099, "mean": 0.130719825625, "median": 0.123378440738, "min": 0.0211114212871, "var": 0.00240391702391}, "barkbands_kurtosis": {"dmean": 5.07922697067, "dmean2": 7.99868392944, "dvar": 163.535003662, "dvar2": 356.610107422, "max": 389.708190918, "mean": 7.79916238785, "median": 4.31829452515, "min": -1.92984926701, "var": 250.957778931}, "barkbands_skewness": {"dmean": 0.696099340916, "dmean2": 1.04004538059, "dvar": 0.787973284721, "dvar2": 1.63543534279, "max": 18.0756320953, "mean": 2.01832747459, "median": 1.88483786583, "min": -4.29193353653, "var": 2.47944736481}, "barkbands_spread": {"dmean": 8.76426124573, "dmean2": 13.4235639572, "dvar": 150.702224731, "dvar2": 331.751800537, "max": 128.652053833, "mean": 23.168926239, "median": 18.3284835815, "min": 0.56365531683, "var": 326.881622314}, "dissonance": {"dmean": 0.0218781456351, "dmean2": 0.0359655022621, "dvar": 0.000399246346205, "dvar2": 0.00105656136293, "max": 0.500000119209, "mean": 0.448474049568, "median": 0.455011039972, "min": 0.21830445528, "var": 0.00114001787733}, "dynamic_complexity": 4.34834861755, "erbbands_crest": {"dmean": 2.69065141678, "dmean2": 4.22544288635, "dvar": 6.42423582077, "dvar2": 15.5206604004, "max": 28.9361591339, "mean": 9.83274173737, "median": 9.00219726562, "min": 2.46875715256, "var": 18.660112381}, "erbbands_flatness_db": {"dmean": 0.0218578521162, "dmean2": 0.0292754024267, "dvar": 0.000463063770439, "dvar2": 0.000773376959842, "max": 0.33868214488, "mean": 0.126453101635, "median": 0.119845092297, "min": 0.0286229364574, "var": 0.00240736501291}, "erbbands_kurtosis": {"dmean": 1.24865293503, "dmean2": 1.92139661312, "dvar": 3.24872732162, "dvar2": 6.51163768768, "max": 75.9264144897, "mean": 1.50414717197, "median": 0.7614620924, "min": -1.81913483143, "var": 9.35348320007}, "erbbands_skewness": {"dmean": 0.395324587822, "dmean2": 0.584895670414, "dvar": 0.164196804166, "dvar2": 0.336216568947, "max": 7.77561378479, "mean": 0.764198064804, "median": 0.803516387939, "min": -4.08708810806, "var": 0.742809474468}, "erbbands_spread": {"dmean": 11.3798112869, "dmean2": 16.2521743774, "dvar": 190.399673462, "dvar2": 389.068084717, "max": 156.642852783, "mean": 42.404624939, "median": 37.4970703125, "min": 4.66957902908, "var": 612.376342773}, "hfc": {"dmean": 11.3958749771, "dmean2": 15.9381847382, "dvar": 349.880065918, "dvar2": 735.919311523, "max": 374.883239746, "mean": 24.2097053528, "median": 14.8229465485, "min": 1.21297566501e-16, "var": 868.505371094}, "melbands_crest": {"dmean": 3.36052322388, "dmean2": 5.20883512497, "dvar": 11.2905311584, "dvar2": 25.1236305237, "max": 33.8672409058, "mean": 16.328622818, "median": 15.6312885284, "min": 2.079454422, "var": 37.0641822815}, "melbands_flatness_db": {"dmean": 0.029746690765, "dmean2": 0.043420355767, "dvar": 0.000946454238147, "dvar2": 0.0021851665806, "max": 0.536870121956, "mean": 0.212140724063, "median": 0.207977175713, "min": 0.00534903584048, "var": 0.00411396007985}, "melbands_kurtosis": {"dmean": 12.8088769913, "dmean2": 19.7157039642, "dvar": 934.534423828, "dvar2": 2099.88330078, "max": 483.77166748, "mean": 21.7334384918, "median": 11.1769504547, "min": -1.78624284267, "var": 1455.56945801}, "melbands_skewness": {"dmean": 0.946290850639, "dmean2": 1.38870942593, "dvar": 1.63474047184, "dvar2": 3.17819714546, "max": 19.7387962341, "mean": 3.0605635643, "median": 2.6540119648, "min": -3.47767519951, "var": 5.17498588562}, "melbands_spread": {"dmean": 6.56943130493, "dmean2": 9.91143894196, "dvar": 167.097183228, "dvar2": 310.964355469, "max": 247.446411133, "mean": 20.0615177155, "median": 14.5197811127, "min": 0.565590381622, "var": 516.066162109}, "pitch_salience": {"dmean": 0.0798958837986, "dmean2": 0.122492291033, "dvar": 0.00689670164138, "dvar2": 0.0145357074216, "max": 0.826699793339, "mean": 0.501748919487, "median": 0.516113698483, "min": 0.0521573089063, "var": 0.0173448733985}, "silence_rate_20dB": {"dmean": 0, "dmean2": 0, "dvar": 0, "dvar2": 0, "max": 1, "mean": 1, "median": 1, "min": 1, "var": 0}, "silence_rate_30dB": {"dmean": 0.0407369248569, "dmean2": 0.0814831778407, "dvar": 0.0390769168735, "dvar2": 0.0885843262076, "max": 1, "mean": 0.960755169392, "median": 1, "min": 0, "var": 0.0377032905817}, "silence_rate_60dB": {"dmean": 0.0235724914819, "dmean2": 0.0471503771842, "dvar": 0.0230139475316, "dvar2": 0.0474486164749, "max": 1, "mean": 0.0773455351591, "median": 0, "min": 0, "var": 0.0713626220822}, "spectral_centroid": {"dmean": 246.566116333, "dmean2": 378.141601562, "dvar": 125223.929688, "dvar2": 254806.015625, "max": 10915.3505859, "mean": 1191.90319824, "median": 1038.8815918, "min": 216.022262573, "var": 542669.375}, "spectral_complexity": {"dmean": 2.94106888771, "dmean2": 4.45571088791, "dvar": 12.9501476288, "dvar2": 27.1610488892, "max": 49, "mean": 14.2668190002, "median": 13, "min": 0, "var": 61.9470252991}, "spectral_decrease": {"dmean": 3.44011819031e-09, "dmean2": 5.51948442507e-09, "dvar": 3.6969467667e-17, "dvar2": 8.91209355048e-17, "max": 3.69252284999e-12, "mean": -7.62631824358e-09, "median": -4.66772176466e-09, "min": -5.64503004341e-08, "var": 6.8102739361e-17}, "spectral_energy": {"dmean": 0.0136475069448, "dmean2": 0.0218085553497, "dvar": 0.000559626088943, "dvar2": 0.00134311500005, "max": 0.218162491918, "mean": 0.0309794377536, "median": 0.0198778137565, "min": 1.10409523614e-20, "var": 0.00105814600829}, "spectral_energyband_high": {"dmean": 0.000851741468068, "dmean2": 0.00115819415078, "dvar": 2.70384930445e-06, "dvar2": 4.8818187679e-06, "max": 0.0419951602817, "mean": 0.00135422009043, "median": 0.000481374561787, "min": 8.3381607125e-21, "var": 7.82767529017e-06}, "spectral_energyband_low": {"dmean": 0.0095980213955, "dmean2": 0.0158786959946, "dvar": 0.000439856317826, "dvar2": 0.00104325904977, "max": 0.177970573306, "mean": 0.0142744937912, "median": 0.00629330053926, "min": 5.01791108595e-23, "var": 0.000610428338405}, "spectral_energyband_middle_high": {"dmean": 0.00152577983681, "dmean2": 0.0022237857338, "dvar": 8.16566353024e-06, "dvar2": 1.81134782906e-05, "max": 0.0582761913538, "mean": 0.00453292671591, "median": 0.001787173911, "min": 1.64281391704e-21, "var": 5.1015005738e-05}, "spectral_energyband_middle_low": {"dmean": 0.00559552432969, "dmean2": 0.00908881332725, "dvar": 0.000104537692096, "dvar2": 0.00028323859442, "max": 0.0972950831056, "mean": 0.0119268102571, "median": 0.00737422658131, "min": 3.31686955321e-22, "var": 0.000166874728166}, "spectral_entropy": {"dmean": 0.21473518014, "dmean2": 0.305261582136, "dvar": 0.0534949712455, "dvar2": 0.103230699897, "max": 9.79222488403, "mean": 7.6458978653, "median": 7.6507434845, "min": 5.13674974442, "var": 0.22642301023}, "spectral_flux": {"dmean": 0.0364397726953, "dmean2": 0.0591239891946, "dvar": 0.00248533161357, "dvar2": 0.00538741890341, "max": 0.372102081776, "mean": 0.0871553272009, "median": 0.0681474804878, "min": 1.05075934065e-10, "var": 0.0052549270913}, "spectral_kurtosis": {"dmean": 1.34031021595, "dmean2": 1.97235715389, "dvar": 2.53868937492, "dvar2": 5.45385074615, "max": 45.9956321716, "mean": 4.2566576004, "median": 3.99768972397, "min": -1.29197990894, "var": 8.10474777222}, "spectral_rms": {"dmean": 0.00102617871016, "dmean2": 0.0015486117918, "dvar": 2.18716400013e-06, "dvar2": 4.59550892629e-06, "max": 0.014589086175, "mean": 0.00483687687665, "median": 0.00440374715254, "min": 3.28202070556e-12, "var": 6.82858672008e-06}, "spectral_rolloff": {"dmean": 698.178588867, "dmean2": 1200.0447998, "dvar": 3069014, "dvar2": 7136168.5, "max": 18497.0214844, "mean": 1477.82189941, "median": 796.728515625, "min": 64.599609375, "var": 5175605}, "spectral_skewness": {"dmean": 0.215974405408, "dmean2": 0.315968424082, "dvar": 0.056462969631, "dvar2": 0.111985825002, "max": 5.43077278137, "mean": 1.70134687424, "median": 1.73549032211, "min": -0.0317711681128, "var": 0.257679134607}, "spectral_spread": {"dmean": 1250415.125, "dmean2": 1617645.5, "dvar": 1988404314110.0, "dvar2": 3355914272770.0, "max": 40307572, "mean": 6543845, "median": 6151676, "min": 1962984.375, "var": 5426232950780.0}, "spectral_strongpeak": {"dmean": 0.401546120644, "dmean2": 0.673652529716, "dvar": 0.446552097797, "dvar2": 1.10352730751, "max": 10.7004880905, "mean": 0.816494107246, "median": 0.433935403824, "min": 0, "var": 0.981268525124}, "zerocrossingrate": {"dmean": 0.0192991495132, "dmean2": 0.0222416073084, "dvar": 0.000510513200425, "dvar2": 0.000631246133707, "max": 0.51171875, "mean": 0.0731228515506, "median": 0.05908203125, "min": 0.00244140625, "var": 0.00307926512323}, "barkbands": {"dmean": [0.000169743230799, 0.00774757983163, 0.00326663278975, 0.00199914025143, 0.00189557950944, 0.000775351654738, 0.00147079606541, 0.000724549172446, 0.000679005403072, 0.000641917868052, 0.000581275147852, 0.000304795481497, 0.000410123873735, 0.000143492768984, 0.000136051938171, 8.68017014e-05, 0.000120578610222, 0.000108592983452, 8.01203495939e-05, 8.4420251369e-05, 8.31141078379e-05, 0.000105020117189, 0.000103395388578, 0.000157007598318, 0.000201980306883, 0.000170760671608, 0.000100949619082], "dmean2": [0.000273321056738, 0.0113905128092, 0.00615616934374, 0.00376244145446, 0.00313283572905, 0.00114093918819, 0.00222688773647, 0.00109370087739, 0.00101925944909, 0.000935093732551, 0.000868922972586, 0.000467736535938, 0.000666508742142, 0.000222152084461, 0.000214486397454, 0.000131056047394, 0.000191927218111, 0.000170470826561, 0.000124456579215, 0.000123920297483, 0.000121241690067, 0.00015608072863, 0.000142752905958, 0.000218254630454, 0.000290648953523, 0.00025363988243, 0.000160017720191], "dvar": [1.15349983787e-07, 0.000324863824062, 0.00010913843289, 3.70957568521e-05, 1.32891418616e-05, 3.37507958648e-06, 8.53804340295e-06, 2.98847066915e-06, 2.73399496109e-06, 2.06557615456e-06, 2.38457710111e-06, 1.38017276186e-06, 1.86081808806e-06, 1.55915387268e-07, 1.63400130759e-07, 6.9993291163e-08, 8.9671857495e-08, 5.0144212338e-08, 2.2585197712e-08, 5.00130425962e-08, 6.58833201328e-08, 6.2941111878e-08, 1.14432161524e-07, 2.15837459905e-07, 2.0684481683e-07, 1.44113883493e-07, 7.35223935067e-08], "dvar2": [2.80220007198e-07, 0.000654716510326, 0.000312813266646, 0.000106775361928, 3.46608794644e-05, 6.62336151436e-06, 2.05210690183e-05, 6.14973623669e-06, 6.29098303762e-06, 4.2735664465e-06, 5.59855971005e-06, 3.16435762215e-06, 5.24214510733e-06, 3.46320348399e-07, 3.98227086862e-07, 1.51983584828e-07, 2.16241602402e-07, 1.19429600431e-07, 5.26006154189e-08, 8.58120827729e-08, 1.26604220441e-07, 1.12415833087e-07, 1.71550453842e-07, 4.07104607802e-07, 4.27599246677e-07, 3.59921756399e-07, 1.91342081735e-07], "max": [0.00439088977873, 0.171837151051, 0.0724351406097, 0.0496673062444, 0.0552388913929, 0.0510408692062, 0.0626676157117, 0.0341830216348, 0.038833592087, 0.0351318567991, 0.0278317295015, 0.0414283312857, 0.0307153817266, 0.00922739040107, 0.014011551626, 0.00701967207715, 0.00737403519452, 0.00419819494709, 0.00279092113487, 0.00844074785709, 0.00771307712421, 0.00695162685588, 0.013475196436, 0.0182044282556, 0.0168370585889, 0.0127924699336, 0.00364103843458], "mean": [0.000357308192179, 0.0109952837229, 0.00209305225872, 0.00151442794595, 0.00315219466574, 0.0016459809849, 0.00256878114305, 0.00126818055287, 0.00117412849795, 0.00143429089803, 0.00105231057387, 0.000446179270511, 0.000687792547978, 0.000226132906391, 0.000205153482966, 0.000140076343087, 0.000223805167479, 0.000205565869692, 0.000149764615344, 0.000158723676577, 0.00013819738524, 0.000173744672793, 0.00018472901138, 0.000246598036028, 0.000248616590397, 0.000191366940271, 9.70229302766e-05], "median": [0.000159483490279, 0.00512310490012, 0.000304805231281, 0.000208059092984, 0.00103747856338, 0.000532720470801, 0.00093513855245, 0.000297789694741, 0.000331238668878, 0.000295418984024, 0.000146714039147, 0.000110277069325, 0.00012047016935, 6.18218473392e-05, 8.25997412903e-05, 4.80180169689e-05, 7.71402701503e-05, 6.87135616317e-05, 6.07088768447e-05, 6.32772280369e-05, 4.76989698655e-05, 4.95619970025e-05, 4.47383754363e-05, 5.80358610023e-05, 7.24667916074e-05, 5.15066021762e-05, 2.59753942373e-05], "min": [6.55311487133e-24, 2.96016489033e-23, 1.56782744365e-23, 1.91467861851e-24, 3.14246654345e-23, 1.04624444603e-22, 4.8935802964e-23, 5.34622521283e-23, 7.1256663298e-23, 5.29016970354e-23, 4.08892040052e-23, 8.73296853092e-23, 1.44476479534e-22, 2.56944921528e-22, 1.10707691831e-22, 1.95290064909e-22, 1.8393236114e-22, 2.63259519571e-22, 1.62263677359e-22, 3.56307367281e-22, 4.32215097679e-22, 4.22108590414e-22, 6.50680696914e-22, 8.29015970024e-22, 1.17535165584e-21, 2.09869332726e-21, 2.62036621085e-21], "var": [2.35031691886e-07, 0.000430749176303, 6.25160173513e-05, 2.25085532293e-05, 2.55604045378e-05, 1.24101234178e-05, 1.94315616682e-05, 7.24377605366e-06, 5.89893352299e-06, 9.81260564004e-06, 6.89113221597e-06, 2.07807465813e-06, 4.25212283517e-06, 3.07328434701e-07, 2.50550215242e-07, 1.42000786241e-07, 2.79279333881e-07, 1.35832934234e-07, 5.0618290004e-08, 1.37376929388e-07, 1.4415921612e-07, 1.82854492436e-07, 4.46021090283e-07, 6.01351757723e-07, 3.17893125157e-07, 1.52302973788e-07, 5.87901318738e-08]}, "erbbands": {"dmean": [0.235829338431, 1.70050013065, 3.38792276382, 5.85556507111, 6.23406076431, 6.85112714767, 6.28136205673, 6.61254930496, 18.5060710907, 22.3881454468, 11.1502370834, 15.8407144547, 17.4319629669, 19.348443985, 22.8411865234, 13.8651723862, 19.721912384, 7.29836988449, 7.84225606918, 5.0174074173, 4.01663446426, 5.67342996597, 6.25016403198, 3.86733579636, 4.64790964127, 4.12418222427, 2.96684885025, 3.89453530312, 3.7593858242, 3.34453368187, 2.90574383736, 3.04638385773, 2.66771650314, 2.10919308662, 1.493740201, 0.658885955811, 0.337811291218, 0.108077079058, 0.0181176420301, 0.000881258340087], "dmean2": [0.352241843939, 2.54278159142, 6.12491226196, 11.0662488937, 11.174700737, 11.0454654694, 9.4371919632, 9.87665939331, 28.0118465424, 33.8228759766, 16.5130252838, 23.7307262421, 25.2301483154, 28.7692890167, 34.2705307007, 21.3560619354, 32.0581054688, 11.3721227646, 12.0848455429, 7.66386318207, 6.09131288528, 8.75942420959, 9.7561416626, 6.00433778763, 7.05859899521, 6.16634178162, 4.38906335831, 5.66721391678, 5.58843374252, 4.7647190094, 3.95350146294, 4.24847364426, 3.8088619709, 3.04631066322, 2.14737606049, 0.949226021767, 0.509946703911, 0.168315842748, 0.0286766253412, 0.00139072048478], "dvar": [0.325848698616, 15.9393434525, 95.9929656982, 340.791931152, 237.409790039, 182.305877686, 202.613174438, 230.570281982, 1630.09130859, 2292.76782227, 1007.3394165, 1451.58959961, 2205.55957031, 2214.80444336, 3809.734375, 2675.81713867, 4372.08105469, 334.703063965, 550.916687012, 223.086883545, 140.580245972, 183.217285156, 173.373779297, 49.621635437, 99.9209442139, 108.473007202, 53.7997627258, 185.564575195, 90.2424545288, 91.3616790771, 89.0791015625, 107.338768005, 52.020488739, 28.5484809875, 12.0133914948, 2.94664978981, 0.518462181091, 0.0679080933332, 0.00231169024482, 5.58378133064e-06], "dvar2": [0.721022963524, 31.1025161743, 271.800231934, 980.147949219, 675.200317383, 436.95803833, 427.069946289, 474.743713379, 3858.34887695, 5384.35351562, 1968.4420166, 3305.67407227, 4459.12597656, 5134.05175781, 9199.94238281, 6083.83496094, 12460.1621094, 730.933288574, 1264.42834473, 498.716522217, 311.942840576, 401.873382568, 414.883636475, 118.952545166, 206.260116577, 201.525100708, 104.019187927, 359.473205566, 164.324142456, 147.999328613, 138.009414673, 196.771591187, 98.4609298706, 57.1319999695, 25.6574020386, 7.14542913437, 1.29389774799, 0.173767924309, 0.00602814787999, 1.45478088598e-05], "max": [5.34678936005, 36.3272857666, 70.6387405396, 129.702865601, 169.043792725, 286.318634033, 281.16696167, 430.509002686, 945.473937988, 1043.77966309, 892.504211426, 1027.1159668, 1047.34094238, 867.021850586, 1191.72424316, 1732.80126953, 1464.10620117, 499.841033936, 900.061035156, 386.226928711, 425.074707031, 451.350402832, 275.242523193, 158.353225708, 304.965332031, 389.393554688, 190.09274292, 422.346618652, 242.556854248, 433.296630859, 310.850646973, 328.991027832, 280.114685059, 284.906097412, 101.818130493, 58.052406311, 22.5920352936, 4.51442050934, 0.681432366371, 0.0312011148781], "mean": [0.335774868727, 2.35420084, 2.83940148354, 4.17709589005, 6.51446819305, 11.9264383316, 13.5166807175, 13.3208961487, 32.5129051208, 39.1223526001, 21.6855068207, 29.3133029938, 39.3551521301, 39.414188385, 44.2308731079, 23.9781608582, 33.461643219, 12.8502721786, 12.8562574387, 8.49929428101, 7.40748691559, 11.2167110443, 12.4548082352, 7.88514375687, 8.65341091156, 7.7314915657, 5.30687141418, 6.23289346695, 6.21209096909, 5.75548791885, 5.19627761841, 5.11844015121, 3.89798474312, 2.67068481445, 1.80736923218, 0.791875362396, 0.359498471022, 0.107465811074, 0.017247421667, 0.000889623654075], "median": [0.197581589222, 0.833426356316, 0.614880442619, 0.634641110897, 1.68374562263, 3.22321224213, 3.86348843575, 4.94700479507, 11.1689720154, 12.9054222107, 8.0605506897, 9.41781520844, 7.99717712402, 8.66869831085, 7.72252559662, 6.45960760117, 6.29854011536, 4.24357318878, 4.56611442566, 3.24969601631, 2.94732379913, 4.09270238876, 4.0055513382, 3.54718494415, 3.31693029404, 3.15177512169, 2.18577861786, 1.71227455139, 1.80357003212, 1.48619771004, 1.22496581078, 1.10338187218, 0.98564851284, 0.780560493469, 0.498134642839, 0.220290109515, 0.0882793515921, 0.0264625810087, 0.0045486362651, 0.000279736472294], "min": [3.36396164624e-22, 8.38989262032e-21, 2.30294950444e-20, 8.79413513944e-21, 5.04261935304e-20, 1.40808138091e-19, 2.20285383254e-19, 1.07996855871e-18, 7.24200968988e-19, 1.01307559995e-18, 1.24252040583e-18, 1.88846595296e-18, 1.85944204642e-18, 1.38946862805e-18, 2.29860505493e-18, 3.51235074238e-18, 4.92000121388e-18, 1.14367794745e-17, 8.80226464465e-18, 7.70830422248e-18, 1.18865316356e-17, 1.10883552841e-17, 9.26037960176e-18, 1.3729245195e-17, 9.01276143103e-18, 1.84394853996e-17, 1.64100110016e-17, 1.821358072e-17, 1.7586835896e-17, 2.26728799694e-17, 1.3161786887e-17, 1.59811807197e-17, 1.3735822108e-17, 1.04653336001e-17, 9.60314918553e-18, 7.45473696879e-18, 4.23944829107e-18, 1.71060402669e-18, 3.64222849e-19, 3.48548706971e-20], "var": [0.363192439079, 22.2393512726, 65.8169403076, 195.837097168, 188.595230103, 464.827514648, 753.683837891, 738.58984375, 3717.54003906, 4823.87695312, 2314.20849609, 3170.57958984, 10306.2714844, 7010.6953125, 11240.84375, 4419.63867188, 9586.50976562, 732.137329102, 1026.93225098, 462.391448975, 300.450653076, 590.773864746, 556.816833496, 128.006652832, 241.543624878, 296.216033936, 121.878707886, 395.047302246, 238.324981689, 336.452087402, 340.496490479, 337.770782471, 123.251876831, 46.3361740112, 17.3594455719, 3.46289944649, 0.523761332035, 0.059191711247, 0.00183602620382, 4.47491493105e-06]}, "gfcc": {"mean": [-2.13087630272, 61.8713798523, -82.3167877197, 8.35328102112, -56.5513725281, 8.59047889709, -29.9991493225, 12.3241977692, -21.3663520813, 5.7366809845, -9.11605453491, 5.64048576355, -10.2038526535], "cov": [[12712.8544922, -605.100280762, 906.251098633, 29.1652641296, 573.626586914, 442.514404297, 265.088409424, 385.88104248, 14.3655080795, 144.548660278, 1.68141138554, 117.120407104, -113.196762085], [-605.100280762, 1545.61181641, -166.075057983, -20.5369911194, 208.593353271, 40.9679107666, 104.18662262, 33.196395874, 66.3620223999, -58.31042099, 120.585792542, 40.7195205688, 61.0307388306], [906.251098633, -166.075057983, 949.832214355, 287.858337402, 258.731872559, 206.09312439, 85.9736251831, 97.5206451416, 105.38041687, 105.580780029, -40.8686561584, 37.3547744751, 10.4931373596], [29.1652641296, -20.5369911194, 287.858337402, 582.063659668, 148.354980469, 160.876281738, 99.9008026123, 89.2710418701, 156.347763062, 68.8784942627, 2.69657564163, 31.0065002441, 32.9488983154], [573.626586914, 208.593353271, 258.731872559, 148.354980469, 395.597991943, 170.93057251, 134.343215942, 119.983558655, 95.0562591553, 63.37733078, 37.9141387939, 54.2960739136, 36.8709335327], [442.514404297, 40.9679107666, 206.09312439, 160.876281738, 170.93057251, 312.463226318, 170.950408936, 115.367401123, 87.5206069946, 73.7728652954, 40.081237793, 36.7395057678, 15.5557947159], [265.088409424, 104.18662262, 85.9736251831, 99.9008026123, 134.343215942, 170.950408936, 281.975036621, 89.6786575317, 74.3684310913, 61.5235443115, 58.7170715332, 51.5451126099, 14.2871704102], [385.88104248, 33.196395874, 97.5206451416, 89.2710418701, 119.983558655, 115.367401123, 89.6786575317, 185.556976318, 92.4708633423, 57.0262336731, 34.9481925964, 40.3971328735, 39.3242073059], [14.3655080795, 66.3620223999, 105.38041687, 156.347763062, 95.0562591553, 87.5206069946, 74.3684310913, 92.4708633423, 169.930145264, 71.3352966309, 27.4559211731, 31.4723682404, 30.3158359528], [144.548660278, -58.31042099, 105.580780029, 68.8784942627, 63.37733078, 73.7728652954, 61.5235443115, 57.0262336731, 71.3352966309, 119.771484375, 40.5991783142, 24.4633102417, 17.1771678925], [1.68141138554, 120.585792542, -40.8686561584, 2.69657564163, 37.9141387939, 40.081237793, 58.7170715332, 34.9481925964, 27.4559211731, 40.5991783142, 97.4671478271, 46.3928642273, 17.4392757416], [117.120407104, 40.7195205688, 37.3547744751, 31.0065002441, 54.2960739136, 36.7395057678, 51.5451126099, 40.3971328735, 31.4723682404, 24.4633102417, 46.3928642273, 89.9902954102, 43.373374939], [-113.196762085, 61.0307388306, 10.4931373596, 32.9488983154, 36.8709335327, 15.5557947159, 14.2871704102, 39.3242073059, 30.3158359528, 17.1771678925, 17.4392757416, 43.373374939, 82.102722168]], "icov": [[0.000101221732621, 3.60755584552e-05, -5.22793889104e-05, 5.06244541612e-05, -0.000107909712824, -3.93342343159e-05, 7.62974104873e-06, -0.000222605915042, 0.00013839721214, -1.3439873328e-05, 6.75497649354e-05, -0.000190405160538, 0.000298259750707], [3.60755584552e-05, 0.000985224265605, 7.2672686656e-05, 0.000158228082, -0.000690236629453, 5.2388117183e-05, -0.000191076935153, 0.000309935829137, -0.000675461429637, 0.00145077554043, -0.00161133671645, 0.000800403882749, -0.000705254846253], [-5.22793889104e-05, 7.2672686656e-05, 0.00178449321538, -0.000472949788673, -0.000787780969404, -0.000560456130188, 0.000321621395415, 0.000176893358002, 0.000119496849948, -0.00124837225303, 0.00181675795466, -0.000985326827504, 0.000506600597873], [5.06244541612e-05, 0.000158228082, -0.000472949788673, 0.00268314103596, -0.000203000250622, -0.000660318590235, -0.000130888278363, 0.000345160835423, -0.00212519941851, 0.000530304212589, 0.000225743016927, 0.000140711985296, -0.000438944116468], [-0.000107909712824, -0.000690236629453, -0.000787780969404, -0.000203000250622, 0.00469207204878, -0.000830447708722, -0.00053028849652, -0.00103857694194, -0.000114121867227, -0.000456114648841, 0.000370589026716, -0.000718602095731, -0.000375138130039], [-3.93342343159e-05, 5.2388117183e-05, -0.000560456130188, -0.000660318590235, -0.000830447708722, 0.00644899113104, -0.00251050456427, -0.00160632492043, 0.000219929934246, -0.000619201513473, -0.000788507924881, 0.000830767443404, 0.000377699645469], [7.62974104873e-06, -0.000191076935153, 0.000321621395415, -0.000130888278363, -0.00053028849652, -0.00251050456427, 0.0062119429931, -0.000541981135029, -0.000286541326204, -0.000769761507399, -0.000873234472238, -0.00196858285926, 0.00154869130347], [-0.000222605915042, 0.000309935829137, 0.000176893358002, 0.000345160835423, -0.00103857694194, -0.00160632492043, -0.000541981135029, 0.0101289534941, -0.00372647214681, 5.17139560543e-05, -0.0011704597855, 0.000504185911268, -0.0033373425249], [0.00013839721214, -0.000675461429637, 0.000119496849948, -0.00212519941851, -0.000114121867227, 0.000219929934246, -0.000286541326204, -0.00372647214681, 0.0121956970543, -0.00514064403251, 0.00164125475567, -0.00120231427718, 0.000233673374169], [-1.3439873328e-05, 0.00145077554043, -0.00124837225303, 0.000530304212589, -0.000456114648841, -0.000619201513473, -0.000769761507399, 5.17139560543e-05, -0.00514064403251, 0.0162704121321, -0.00788835063577, 0.00315066147596, -0.00221366086043], [6.75497649354e-05, -0.00161133671645, 0.00181675795466, 0.000225743016927, 0.000370589026716, -0.000788507924881, -0.000873234472238, -0.0011704597855, 0.00164125475567, -0.00788835063577, 0.0211300794035, -0.0101043935865, 0.00355777796358], [-0.000190405160538, 0.000800403882749, -0.000985326827504, 0.000140711985296, -0.000718602095731, 0.000830767443404, -0.00196858285926, 0.000504185911268, -0.00120231427718, 0.00315066147596, -0.0101043935865, 0.0220665484667, -0.0102479699999], [0.000298259750707, -0.000705254846253, 0.000506600597873, -0.000438944116468, -0.000375138130039, 0.000377699645469, 0.00154869130347, -0.0033373425249, 0.000233673374169, -0.00221366086043, 0.00355777796358, -0.0102479699999, 0.0196875780821]]}, "melbands": {"dmean": [0.00219479436055, 0.00173127197195, 0.00101699656807, 0.000460532814031, 0.000234927691054, 0.000152003514813, 0.000285798159894, 0.000228215722018, 9.07212306629e-05, 0.000100332501461, 8.74240431585e-05, 8.00428679213e-05, 8.14621380414e-05, 3.74415249098e-05, 5.18300039403e-05, 2.86273425445e-05, 1.38890027301e-05, 1.32490558826e-05, 7.67178971728e-06, 7.1739464147e-06, 4.83533494844e-06, 5.6722028603e-06, 7.94129937276e-06, 5.77334367335e-06, 3.08611720357e-06, 3.16833347824e-06, 3.6604944853e-06, 2.73937007478e-06, 2.01306215786e-06, 1.92573838831e-06, 2.56204953075e-06, 2.39984046857e-06, 1.84917098522e-06, 1.96840960598e-06, 1.86623719856e-06, 1.5166593812e-06, 2.11278256756e-06, 1.8827548729e-06, 1.92811626221e-06, 1.82380438218e-06], "dmean2": [0.00320152961649, 0.00294935517013, 0.00190665386617, 0.000784515752457, 0.000353255891241, 0.000225570140174, 0.000431234540883, 0.000344354775734, 0.000134384055855, 0.000150120002218, 0.000126639613882, 0.000119702999655, 0.000122003912111, 5.65749578527e-05, 8.30982098705e-05, 4.64485892735e-05, 2.16452917812e-05, 2.04590305657e-05, 1.20489285109e-05, 1.08311878648e-05, 7.45728948459e-06, 8.7254875325e-06, 1.24776033772e-05, 9.28986992221e-06, 4.86643875774e-06, 5.0024018492e-06, 5.50738332095e-06, 4.17501723859e-06, 3.111942533e-06, 2.87346642835e-06, 3.81320251108e-06, 3.65045320905e-06, 2.8459794521e-06, 2.79983873952e-06, 2.61038826466e-06, 2.16016928789e-06, 2.99300154438e-06, 2.70039640782e-06, 2.8691974876e-06, 2.66504684987e-06], "dvar": [2.70800974249e-05, 1.74010492628e-05, 9.47685930441e-06, 9.23462437186e-07, 2.3462656884e-07, 1.19852757052e-07, 3.67240176047e-07, 2.40747226599e-07, 6.38392236851e-08, 6.0312906669e-08, 5.51606511578e-08, 3.7747636128e-08, 4.89939537829e-08, 1.06056416982e-08, 3.19585851116e-08, 7.94765497858e-09, 1.24925558787e-09, 1.64919400358e-09, 6.19210405173e-10, 4.76332473465e-10, 2.50789056189e-10, 2.07016140341e-10, 3.78294257031e-10, 1.4501737311e-10, 3.35759857417e-11, 3.76231060195e-11, 1.0763146624e-10, 5.22489794486e-11, 2.62035341342e-11, 3.34002721314e-11, 8.63631804959e-11, 4.37832096967e-11, 1.78598993233e-11, 4.33833143021e-11, 3.84001268283e-11, 2.79533878683e-11, 5.11599686226e-11, 2.69240497952e-11, 3.1830156566e-11, 2.04496107548e-11], "dvar2": [5.63738394703e-05, 4.45978439529e-05, 2.72265478998e-05, 2.49469712799e-06, 4.95887206853e-07, 2.38930425667e-07, 8.74993247635e-07, 5.60681598927e-07, 1.28113399001e-07, 1.36439012977e-07, 1.11538412284e-07, 8.7531688564e-08, 1.17185905424e-07, 2.22364047175e-08, 8.37632256889e-08, 2.20047233768e-08, 2.74966027725e-09, 3.72884434441e-09, 1.55194301854e-09, 1.00117025781e-09, 5.78559700148e-10, 4.50411263841e-10, 9.57310897221e-10, 3.63379493162e-10, 8.15776335372e-11, 8.73176947414e-11, 1.89591384259e-10, 1.03868628976e-10, 5.7574962159e-11, 7.0525238427e-11, 1.72441380619e-10, 8.71576213979e-11, 3.43282659243e-11, 6.96046553728e-11, 6.45516765041e-11, 4.56721084563e-11, 9.77186456752e-11, 5.23676380038e-11, 6.60890647763e-11, 4.19491316683e-11], "max": [0.0496863387525, 0.0322110392153, 0.0224172305316, 0.014970314689, 0.00950905866921, 0.00965231843293, 0.0144778247923, 0.0108929201961, 0.00678782910109, 0.00557717494667, 0.00544415321201, 0.0035305051133, 0.00430393917486, 0.00275438884273, 0.00472687231377, 0.00178054184653, 0.000865235924721, 0.0014620248694, 0.000689498032443, 0.000577600148972, 0.000549274613149, 0.000516040017828, 0.000509114935994, 0.000239713146584, 0.000132957429742, 0.000148445047671, 0.00043093264685, 0.000273344863672, 0.000157108792337, 0.000152336491738, 0.000276667473372, 0.000170200233697, 0.000125106977066, 0.000309265567921, 0.000208233293961, 0.000175005610799, 0.000236438310822, 0.000221970243729, 0.000324094842654, 0.000205840013223], "mean": [0.00309911929071, 0.00210921629332, 0.000770001148339, 0.00067422905704, 0.000508617376909, 0.000303479348077, 0.000505265197717, 0.000397090276238, 0.000170452520251, 0.000180133705726, 0.000193430125364, 0.00015578676539, 0.000152415537741, 6.36972981738e-05, 8.56275582919e-05, 4.6648317948e-05, 2.21889276872e-05, 2.09308291232e-05, 1.16804703794e-05, 1.14524145829e-05, 8.04964747658e-06, 1.05542976598e-05, 1.40433139677e-05, 1.03158563434e-05, 5.68648283661e-06, 5.63354660699e-06, 6.45237514618e-06, 4.8028114179e-06, 3.35646927851e-06, 3.06763013214e-06, 3.86894953408e-06, 3.73672878595e-06, 2.9310501759e-06, 3.34449077855e-06, 3.17090984936e-06, 2.63087167696e-06, 3.31596584147e-06, 2.76195146398e-06, 2.44792045123e-06, 2.20722381528e-06], "median": [0.00159537862055, 0.000581793719903, 0.000130773783894, 0.000207074597711, 0.000149332976434, 0.000105448132672, 0.000178026326466, 0.000123283040011, 6.10316783423e-05, 5.32818303327e-05, 3.59972436854e-05, 3.18055936077e-05, 2.35749903368e-05, 1.58580260177e-05, 1.60248819157e-05, 1.05469134724e-05, 6.51007121633e-06, 6.81569599692e-06, 4.48813852927e-06, 4.06590334023e-06, 2.97128008242e-06, 3.91728826798e-06, 3.85033308703e-06, 3.4345093809e-06, 2.53595544564e-06, 2.30100977205e-06, 2.16947228182e-06, 1.87846717381e-06, 1.38583095577e-06, 9.46355385167e-07, 9.41957978284e-07, 1.02952549241e-06, 8.7128114501e-07, 7.95845721768e-07, 6.84079509483e-07, 6.32720684735e-07, 6.58630199268e-07, 6.65094603391e-07, 6.55018880025e-07, 6.14054897596e-07], "min": [6.32752786813e-24, 1.2372202559e-23, 2.21704643968e-24, 7.66623468505e-24, 7.33481528611e-24, 2.33500429808e-23, 1.08175399416e-23, 1.02865008683e-23, 1.04644868212e-23, 1.15687366829e-23, 9.14184555106e-24, 5.6776705653e-24, 6.90979911848e-24, 9.30342477484e-24, 8.01861569597e-24, 1.53662610158e-23, 2.34144187639e-23, 1.78847294325e-23, 8.54966896876e-24, 1.17770062171e-23, 1.45945783457e-23, 1.1868900624e-23, 8.54572071993e-24, 9.78850717837e-24, 1.10736712446e-23, 7.4028482283e-24, 7.21991217324e-24, 1.29040439038e-23, 9.12438253721e-24, 1.12793517373e-23, 1.10532405361e-23, 1.11693072188e-23, 7.08956553042e-24, 1.51009039845e-23, 6.9835378916e-24, 7.53691356142e-24, 1.08889618303e-23, 8.84290592217e-24, 1.01743216922e-23, 8.64756266279e-24], "var": [3.32994641212e-05, 1.94526528503e-05, 5.58727469979e-06, 1.34126651119e-06, 8.74805721196e-07, 3.97958018539e-07, 8.51096217502e-07, 5.13223824328e-07, 1.40729540021e-07, 1.31273310444e-07, 2.53583067433e-07, 1.1492839036e-07, 1.44620059928e-07, 2.27117382678e-08, 6.15121820147e-08, 1.61690998368e-08, 2.52403031809e-09, 3.0814815144e-09, 9.06465791317e-10, 1.00112051982e-09, 4.49002612868e-10, 5.87923654205e-10, 1.0577768661e-09, 3.54715395945e-10, 7.26590940192e-11, 7.7664909226e-11, 2.5178337193e-10, 1.30360430783e-10, 4.75246543508e-11, 6.79757292121e-11, 1.72208872162e-10, 9.69370000936e-11, 5.03429312126e-11, 1.52481388627e-10, 1.35042380056e-10, 8.88436407775e-11, 1.50984280634e-10, 6.60852067513e-11, 5.02320650353e-11, 3.06143929651e-11]}, "mfcc": {"mean": [-661.25592041, 112.913368225, 20.4677658081, 10.0592136383, -0.625077962875, -2.85191202164, 3.02665019035, 3.6588408947, -1.68065142632, 0.283667385578, 3.18726968765, 2.82429933548, 1.4022179842], "cov": [[9095.52539062, 21.8389987946, 116.156188965, 7.97934103012, 217.484848022, 124.41582489, 369.584747314, 276.338897705, 150.059692383, 105.806480408, 170.956726074, 76.8230819702, 182.389358521], [21.8389987946, 1339.94787598, -185.687438965, -40.4235229492, 86.6043243408, 7.46557998657, 105.047462463, 112.921142578, -9.61168575287, 33.7829170227, 14.0671300888, 22.5876522064, 31.6694908142], [116.156188965, -185.687438965, 634.74041748, 194.297180176, 166.112609863, 163.621749878, 37.2381477356, 48.0596961975, 121.234764099, 66.7927856445, 44.0178527832, 39.1940994263, 32.228427887], [7.97934103012, -40.4235229492, 194.297180176, 366.347595215, 152.012573242, 115.647994995, 14.4508867264, 67.5858535767, 101.858970642, 44.8805236816, 38.9451751709, 50.214263916, 46.4250335693], [217.484848022, 86.6043243408, 166.112609863, 152.012573242, 334.459869385, 102.364723206, 50.583190918, 73.5098571777, 113.926063538, 70.284576416, 29.8040275574, 54.3167877197, 27.6980266571], [124.41582489, 7.46557998657, 163.621749878, 115.647994995, 102.364723206, 259.487060547, 117.100776672, 96.4166564941, 90.6808547974, 68.7993774414, 75.594367981, 44.6876983643, 52.1760444641], [369.584747314, 105.047462463, 37.2381477356, 14.4508867264, 50.583190918, 117.100776672, 214.805877686, 106.879837036, 58.9702339172, 49.7540779114, 60.65574646, 31.5518894196, 52.0726242065], [276.338897705, 112.921142578, 48.0596961975, 67.5858535767, 73.5098571777, 96.4166564941, 106.879837036, 185.54989624, 89.2676925659, 57.1915855408, 52.799243927, 43.1739196777, 50.3913116455], [150.059692383, -9.61168575287, 121.234764099, 101.858970642, 113.926063538, 90.6808547974, 58.9702339172, 89.2676925659, 170.382247925, 79.4640274048, 50.4450531006, 39.9990997314, 46.9915771484], [105.806480408, 33.7829170227, 66.7927856445, 44.8805236816, 70.284576416, 68.7993774414, 49.7540779114, 57.1915855408, 79.4640274048, 128.477584839, 56.1224517822, 34.7329597473, 26.1232700348], [170.956726074, 14.0671300888, 44.0178527832, 38.9451751709, 29.8040275574, 75.594367981, 60.65574646, 52.799243927, 50.4450531006, 56.1224517822, 108.828056335, 49.6164665222, 33.6376075745], [76.8230819702, 22.5876522064, 39.1940994263, 50.214263916, 54.3167877197, 44.6876983643, 31.5518894196, 43.1739196777, 39.9990997314, 34.7329597473, 49.6164665222, 102.920310974, 48.9265518188], [182.389358521, 31.6694908142, 32.228427887, 46.4250335693, 27.6980266571, 52.1760444641, 52.0726242065, 50.3913116455, 46.9915771484, 26.1232700348, 33.6376075745, 48.9265518188, 103.787826538]], "icov": [[0.000125266771647, 2.91894029942e-05, -1.40031916089e-05, 4.52715466963e-05, -0.00010231458873, 0.000121050972666, -0.000168744387338, -0.000109269181849, 4.75095148431e-05, 2.88411611109e-05, -0.000154123161337, 0.000109935324872, -0.000171421212144], [2.91894029942e-05, 0.000903372478206, 0.000296591082588, 9.15572236408e-05, -0.000440963747678, 0.000153684362886, -0.000301499501802, -0.000589467934333, 0.000517198874149, -0.000235357598285, 6.56179981888e-05, 7.6792181062e-05, -0.000214508472709], [-1.40031916089e-05, 0.000296591082588, 0.00232541398145, -0.000572789111175, -0.000527507916559, -0.00101729377639, 0.000136269474751, 0.000378737167921, -0.000649495224934, -0.000172642568941, 0.000178697286174, 1.67492853507e-05, 0.000139873285661], [4.52715466963e-05, 9.15572236408e-05, -0.000572789111175, 0.00423971423879, -0.00112399889622, -0.00098095042631, 0.00124887307175, -0.000676880299579, -0.000868212431669, 0.000623086874839, -0.000250989105552, -0.000327655550791, -0.000858854269609], [-0.00010231458873, -0.000440963747678, -0.000527507916559, -0.00112399889622, 0.00501359067857, -0.000591062533204, -0.000192641309695, 0.000209503268707, -0.00201778160408, -0.000832691439427, 0.00167488644365, -0.00191125134006, 0.00141633837484], [0.000121050972666, 0.000153684362886, -0.00101729377639, -0.00098095042631, -0.000591062533204, 0.00750968884677, -0.00267192698084, -0.000895127479453, 6.6338348006e-06, -0.000523533963133, -0.00238267192617, 0.000673682021443, -0.000763881951571], [-0.000168744387338, -0.000301499501802, 0.000136269474751, 0.00124887307175, -0.000192641309695, -0.00267192698084, 0.00864753033966, -0.00290526263416, 0.000141889002407, -9.61385158007e-05, -0.00161092972849, 0.000921643164475, -0.00169826857746], [-0.000109269181849, -0.000589467934333, 0.000378737167921, -0.000676880299579, 0.000209503268707, -0.000895127479453, -0.00290526263416, 0.0101726511493, -0.00322877662256, -0.000322416250128, -0.000129440464661, -0.00106482382398, -0.000443321012426], [4.75095148431e-05, 0.000517198874149, -0.000649495224934, -0.000868212431669, -0.00201778160408, 6.6338348006e-06, 0.000141889002407, -0.00322877662256, 0.012447017245, -0.00415167957544, -0.000886839930899, 0.00103131518699, -0.00240901554935], [2.88411611109e-05, -0.000235357598285, -0.000172642568941, 0.000623086874839, -0.000832691439427, -0.000523533963133, -9.61385158007e-05, -0.000322416250128, -0.00415167957544, 0.0129709914327, -0.0041216625832, -0.000465576420538, 0.00065648049349], [-0.000154123161337, 6.56179981888e-05, 0.000178697286174, -0.000250989105552, 0.00167488644365, -0.00238267192617, -0.00161092972849, -0.000129440464661, -0.000886839930899, -0.0041216625832, 0.0165183916688, -0.00570969283581, 0.000706464867108], [0.000109935324872, 7.6792181062e-05, 1.67492853507e-05, -0.000327655550791, -0.00191125134006, 0.000673682021443, 0.000921643164475, -0.00106482382398, 0.00103131518699, -0.000465576420538, -0.00570969283581, 0.0159491170198, -0.00586710171774], [-0.000171421212144, -0.000214508472709, 0.000139873285661, -0.000858854269609, 0.00141633837484, -0.000763881951571, -0.00169826857746, -0.000443321012426, -0.00240901554935, 0.00065648049349, 0.000706464867108, -0.00586710171774, 0.0148781407624]]}, "spectral_contrast_coeffs": {"dmean": [0.0597753338516, 0.0455119162798, 0.0387027934194, 0.0314550846815, 0.0210842657834, 0.0190001744777], "dmean2": [0.0934758484364, 0.0725923776627, 0.0603277608752, 0.0491561293602, 0.0330546200275, 0.0285584162921], "dvar": [0.00330665847287, 0.00143001182005, 0.00102880981285, 0.000671420188155, 0.000317182857543, 0.000257334555499], "dvar2": [0.00726585462689, 0.00353138474748, 0.00245141191408, 0.00156968669035, 0.000724211044144, 0.000543738540728], "max": [-0.212388530374, -0.415725499392, -0.482821643353, -0.544180989265, -0.620769143105, -0.650353491306], "mean": [-0.664331257343, -0.701336145401, -0.730941295624, -0.768086433411, -0.794143557549, -0.800952851772], "median": [-0.679103970528, -0.705151677132, -0.737847030163, -0.772224605083, -0.798636436462, -0.801950514317], "min": [-0.942758738995, -0.962671101093, -0.95756393671, -0.961415529251, -0.955613255501, -0.963468074799], "var": [0.0136322593316, 0.00597832538188, 0.00502054346725, 0.00335776526481, 0.00165370584, 0.00110079941805]}, "spectral_contrast_valleys": {"dmean": [0.499432653189, 0.351992249489, 0.352187752724, 0.326523214579, 0.289306432009, 0.464762270451], "dmean2": [0.715865254402, 0.556187093258, 0.532166242599, 0.471018344164, 0.389590442181, 0.562595665455], "dvar": [0.320932805538, 0.1124484092, 0.124214485288, 0.123239427805, 0.12540024519, 0.255312144756], "dvar2": [0.498185902834, 0.247351646423, 0.235507056117, 0.223976433277, 0.196047097445, 0.395622998476], "max": [-5.16998386383, -4.86790943146, -5.1847281456, -6.10952997208, -5.83593130112, -6.85301971436], "mean": [-7.52540397644, -6.9376745224, -7.65888786316,