{"lowlevel": {"average_loudness": 0.747611880302, "barkbands_crest": {"dmean": 1.24926316738, "dmean2": 1.98038041592, "dvar": 2.47206330299, "dvar2": 6.83192253113, "max": 25.8158302307, "mean": 13.1964035034, "median": 12.0227613449, "min": 4.0350856781, "var": 21.9508514404}, "barkbands_flatness_db": {"dmean": 0.0155677376315, "dmean2": 0.0262468997389, "dvar": 0.000427789258538, "dvar2": 0.00121312378906, "max": 0.561670541763, "mean": 0.417653977871, "median": 0.431324362755, "min": 0.03550452739, "var": 0.00688388152048}, "barkbands_kurtosis": {"dmean": 1.63230240345, "dmean2": 2.475263834, "dvar": 5.61574220657, "dvar2": 13.6249036789, "max": 58.8293685913, "mean": 7.15730333328, "median": 4.22500181198, "min": -1.81124722958, "var": 69.3670883179}, "barkbands_skewness": {"dmean": 0.289497613907, "dmean2": 0.457488358021, "dvar": 0.133847624063, "dvar2": 0.356742560863, "max": 5.8733830452, "mean": 1.39205026627, "median": 1.2366951704, "min": -2.30275511742, "var": 1.56301760674}, "barkbands_spread": {"dmean": 0.562410533428, "dmean2": 0.862916231155, "dvar": 2.39809918404, "dvar2": 4.68384361267, "max": 102.907058716, "mean": 4.27804994583, "median": 2.40665197372, "min": 0.466184049845, "var": 84.0698852539}, "dissonance": {"dmean": 0.0329700410366, "dmean2": 0.0569723211229, "dvar": 0.00157627731096, "dvar2": 0.0043803001754, "max": 0.499964594841, "mean": 0.339627146721, "median": 0.339987903833, "min": 0.0899978652596, "var": 0.00799973495305}, "dynamic_complexity": 7.75870513916, "erbbands_crest": {"dmean": 1.21737277508, "dmean2": 1.8151216507, "dvar": 2.41892409325, "dvar2": 5.45900964737, "max": 32.2229042053, "mean": 15.0578956604, "median": 13.7069740295, "min": 2.54476499557, "var": 45.9539985657}, "erbbands_flatness_db": {"dmean": 0.00941549614072, "dmean2": 0.0150933908299, "dvar": 0.000179988666787, "dvar2": 0.000388545537135, "max": 0.529289364815, "mean": 0.373906373978, "median": 0.380122482777, "min": 0.0425303652883, "var": 0.00632295710966}, "erbbands_kurtosis": {"dmean": 0.716852962971, "dmean2": 0.990648210049, "dvar": 1.21714496613, "dvar2": 2.50679135323, "max": 24.2622909546, "mean": 3.1201980114, "median": 1.66695523262, "min": -1.45624816418, "var": 17.5416946411}, "erbbands_skewness": {"dmean": 0.171797841787, "dmean2": 0.236838102341, "dvar": 0.045093305409, "dvar2": 0.0959839820862, "max": 4.13781261444, "mean": 1.15429794788, "median": 1.07601070404, "min": -1.1363401413, "var": 0.816928744316}, "erbbands_spread": {"dmean": 1.01937353611, "dmean2": 1.46428251266, "dvar": 2.56380677223, "dvar2": 4.96056842804, "max": 106.093254089, "mean": 10.8133478165, "median": 9.06481075287, "min": 1.28685665131, "var": 99.6837158203}, "hfc": {"dmean": 1.37640154362, "dmean2": 1.82582104206, "dvar": 35.8170928955, "dvar2": 64.715171814, "max": 173.798599243, "mean": 6.81271505356, "median": 2.51235151291, "min": 1.09496041736e-16, "var": 173.303085327}, "melbands_crest": {"dmean": 1.98915314674, "dmean2": 3.34145975113, "dvar": 7.76966047287, "dvar2": 24.5105609894, "max": 33.4715805054, "mean": 18.3906269073, "median": 18.101984024, "min": 1.6041572094, "var": 34.8386001587}, "melbands_flatness_db": {"dmean": 0.0174020994455, "dmean2": 0.0295990649611, "dvar": 0.000550259836018, "dvar2": 0.00155893259216, "max": 0.730483949184, "mean": 0.548257470131, "median": 0.564815759659, "min": 0.00373833766207, "var": 0.0125632407144}, "melbands_kurtosis": {"dmean": 2.27854371071, "dmean2": 3.51829528809, "dvar": 9.90891933441, "dvar2": 25.560754776, "max": 98.1470565796, "mean": 10.1282482147, "median": 6.92395210266, "min": -1.43038737774, "var": 141.068939209}, "melbands_skewness": {"dmean": 0.307690888643, "dmean2": 0.489416837692, "dvar": 0.148014232516, "dvar2": 0.416547477245, "max": 6.75857973099, "mean": 1.81737971306, "median": 1.78243398666, "min": -1.57531094551, "var": 1.83626842499}, "melbands_spread": {"dmean": 0.968466281891, "dmean2": 1.50783336163, "dvar": 12.5545482635, "dvar2": 30.6021366119, "max": 164.028991699, "mean": 7.05904817581, "median": 2.96782493591, "min": 0.619611918926, "var": 383.534851074}, "pitch_salience": {"dmean": 0.0447794385254, "dmean2": 0.073397025466, "dvar": 0.00342353829183, "dvar2": 0.0105373542756, "max": 0.844787955284, "mean": 0.481921434402, "median": 0.48945659399, "min": 0.145124182105, "var": 0.0233910325915}, "silence_rate_20dB": {"dmean": 0, "dmean2": 0, "dvar": 0, "dvar2": 0, "max": 1, "mean": 1, "median": 1, "min": 1, "var": 0}, "silence_rate_30dB": {"dmean": 0.00515198335052, "dmean2": 0.0103092780337, "dvar": 0.00512548815459, "dvar2": 0.0102031622082, "max": 1, "mean": 0.985066950321, "median": 1, "min": 0, "var": 0.0147101972252}, "silence_rate_60dB": {"dmean": 0.0154559509829, "dmean2": 0.0309278350323, "dvar": 0.0152167817578, "dvar2": 0.0371874682605, "max": 1, "mean": 0.246652930975, "median": 0, "min": 0, "var": 0.18581533432}, "spectral_centroid": {"dmean": 25.5724010468, "dmean2": 37.9278259277, "dvar": 33270, "dvar2": 41237.6367188, "max": 11222.4775391, "mean": 434.938812256, "median": 297.405944824, "min": 148.717254639, "var": 382989.65625}, "spectral_complexity": {"dmean": 0.585265338421, "dmean2": 0.988659799099, "dvar": 0.800167858601, "dvar2": 1.56689691544, "max": 16, "mean": 5.89804315567, "median": 6, "min": 0, "var": 7.59515142441}, "spectral_decrease": {"dmean": 9.99638816168e-10, "dmean2": 1.42288059113e-09, "dvar": 8.00877675281e-18, "dvar2": 1.59813196861e-17, "max": 1.09923966979e-19, "mean": -4.94089658076e-09, "median": -2.57033683226e-09, "min": -7.1238510202e-08, "var": 4.23619507244e-17}, "spectral_energy": {"dmean": 0.00389520009048, "dmean2": 0.00553266936913, "dvar": 0.000125315578771, "dvar2": 0.000248325173743, "max": 0.284634381533, "mean": 0.0192659907043, "median": 0.00994759425521, "min": 1.013112235e-20, "var": 0.000659182376694}, "spectral_energyband_high": {"dmean": 1.30970585488e-08, "dmean2": 1.86687323378e-08, "dvar": 5.21609792238e-15, "dvar2": 8.83781217561e-15, "max": 3.04983473143e-06, "mean": 5.60900303981e-08, "median": 3.89568164394e-08, "min": 7.48127268373e-21, "var": 1.57061439998e-14}, "spectral_energyband_low": {"dmean": 0.00145469896961, "dmean2": 0.00234933337197, "dvar": 1.33599824039e-05, "dvar2": 4.25794278271e-05, "max": 0.0636227577925, "mean": 0.00544573087245, "median": 0.00228375848383, "min": 2.87889770205e-23, "var": 6.92373942002e-05}, "spectral_energyband_middle_high": {"dmean": 0.000142280259752, "dmean2": 0.0001647251338, "dvar": 4.31080394492e-07, "dvar2": 7.63554396599e-07, "max": 0.0143832601607, "mean": 0.000651901878882, "median": 9.44582279772e-05, "min": 1.46041948126e-21, "var": 2.44405327976e-06}, "spectral_energyband_middle_low": {"dmean": 0.00281499652192, "dmean2": 0.00375827448443, "dvar": 0.000105857667222, "dvar2": 0.000196472799871, "max": 0.274237126112, "mean": 0.0142713841051, "median": 0.00597417680547, "min": 2.86850878258e-22, "var": 0.000532606616616}, "spectral_entropy": {"dmean": 0.0978488475084, "dmean2": 0.155557379127, "dvar": 0.0316658169031, "dvar2": 0.0734048187733, "max": 9.79024791718, "mean": 5.11102628708, "median": 5.02613925934, "min": 3.78003644943, "var": 0.623808085918}, "spectral_flux": {"dmean": 0.0106748035178, "dmean2": 0.0166477505118, "dvar": 0.000673511298373, "dvar2": 0.00164804828819, "max": 0.47533762455, "mean": 0.0229809489101, "median": 0.0139589942992, "min": 1.00653478607e-10, "var": 0.000952781643718}, "spectral_kurtosis": {"dmean": 29.421453476, "dmean2": 50.59557724, "dvar": 847.091186523, "dvar2": 2376.15356445, "max": 398.148498535, "mean": 160.312240601, "median": 157.417648315, "min": -1.18071985245, "var": 4965.29833984}, "spectral_rms": {"dmean": 0.0003746903094, "dmean2": 0.000543955364265, "dvar": 5.46029980342e-07, "dvar2": 1.15054945127e-06, "max": 0.0166640952229, "mean": 0.00360431242734, "median": 0.00311527913436, "min": 3.14388640989e-12, "var": 5.80505138714e-06}, "spectral_rolloff": {"dmean": 58.1649589539, "dmean2": 100.517539978, "dvar": 161878.84375, "dvar2": 336507.09375, "max": 18475.4882812, "mean": 888.325622559, "median": 344.53125, "min": 107.666015625, "var": 7925371}, "spectral_skewness": {"dmean": 1.16014015675, "dmean2": 2.03543996811, "dvar": 1.28588783741, "dvar2": 3.52397799492, "max": 15.9960794449, "mean": 9.87878036499, "median": 10.1529922485, "min": -0.0324564166367, "var": 7.79440593719}, "spectral_spread": {"dmean": 308784.78125, "dmean2": 531976.5625, "dvar": 600783978496, "dvar2": 730917568512, "max": 41430876, "mean": 1239449, "median": 787084.625, "min": 250431.6875, "var": 4152497537020.0}, "spectral_strongpeak": {"dmean": 0.169854298234, "dmean2": 0.255500882864, "dvar": 0.211637571454, "dvar2": 0.420538336039, "max": 12.1779661179, "mean": 0.966002166271, "median": 0.473383903503, "min": 9.59243684484e-10, "var": 1.62875497341}, "zerocrossingrate": {"dmean": 0.00216695247218, "dmean2": 0.00261154957116, "dvar": 9.66131410678e-05, "dvar2": 0.000105274033558, "max": 0.498046875, "mean": 0.0286064427346, "median": 0.013671875, "min": 0.00390625, "var": 0.00559692643583}, "barkbands": {"dmean": [3.06993428012e-07, 0.000526260701008, 0.000911310955416, 0.000284288165858, 0.000453809072496, 0.000942903978284, 0.000718131137546, 0.000790886464529, 0.000111648179882, 5.12275983056e-05, 3.39398247888e-05, 4.0451202949e-05, 8.10202254797e-06, 7.19143645256e-06, 1.5512585378e-05, 4.0453951442e-06, 1.11557676519e-06, 2.47106441975e-07, 3.51820368394e-08, 1.31400792469e-08, 2.39338326935e-09, 1.30652055841e-09, 1.18484322353e-09, 1.20303755846e-09, 1.32604716097e-09, 1.45928569228e-09, 1.72829150991e-09], "dmean2": [5.29780436409e-07, 0.000902969681192, 0.00146241334733, 0.0003680298978, 0.000625389511697, 0.00150142633356, 0.00078463961836, 0.0010689876508, 0.000146324266098, 6.44440733595e-05, 3.93780064769e-05, 5.36484840268e-05, 1.05965636976e-05, 9.17175566428e-06, 1.75362220034e-05, 4.71974499305e-06, 1.55769691901e-06, 2.88974604246e-07, 4.72273384844e-08, 1.56568926712e-08, 3.759790701e-09, 2.29998620149e-09, 2.10486517105e-09, 2.1243633519e-09, 2.32572250347e-09, 2.53728282829e-09, 3.01980329631e-09], "dvar": [2.84954975198e-13, 2.11056317312e-06, 5.50863251192e-06, 4.76990351217e-07, 1.8228895442e-06, 1.79300168384e-05, 1.30875769173e-05, 5.983216397e-05, 5.91675529904e-07, 1.46751588659e-07, 6.42710205057e-08, 6.6809249688e-08, 1.4036861673e-09, 1.96397365038e-09, 7.2427885911e-09, 6.89171553159e-10, 1.08814790512e-10, 6.16418591518e-12, 9.98731804723e-14, 1.15915560977e-14, 6.49456027211e-17, 4.29694147955e-18, 2.39944457545e-18, 2.19099423391e-18, 2.35325088094e-18, 2.23003964036e-18, 2.94100096326e-18], "dvar2": [8.20180945729e-13, 7.00788223185e-06, 1.69247596205e-05, 7.76167269123e-07, 2.9824543617e-06, 4.83213043481e-05, 1.37594015541e-05, 0.000107791471237, 1.22573385397e-06, 2.56034155655e-07, 9.48425693537e-08, 1.40627975043e-07, 2.58156052091e-09, 3.44007222708e-09, 1.161444807e-08, 1.01163133426e-09, 2.34787217446e-10, 1.22259225313e-11, 2.25338939674e-13, 2.25168682663e-14, 1.3369561422e-16, 1.2479735113e-17, 7.42543988585e-18, 6.8386466447e-18, 7.34698594065e-18, 6.91182648631e-18, 8.92848578868e-18], "max": [8.27772146295e-06, 0.0221922174096, 0.0547326952219, 0.0431179776788, 0.0500966086984, 0.0920051187277, 0.137441247702, 0.258600890636, 0.0174165070057, 0.0111669879407, 0.0102450130507, 0.00711631402373, 0.00082480662968, 0.00136089220177, 0.00194416509476, 0.000912698393222, 0.000373046670575, 7.9748700955e-05, 1.0773055692e-05, 3.53209429704e-06, 1.76976129751e-07, 3.34974146199e-08, 2.38651356455e-08, 2.32098749109e-08, 2.5890937394e-08, 2.66763535706e-08, 2.90873458653e-08], "mean": [4.54281121165e-07, 0.00143718684558, 0.00291508086957, 0.00168200058397, 0.00240349653177, 0.00312050362118, 0.00367835862562, 0.00303350342438, 0.000327168789227, 0.000206790267839, 0.000142829376273, 0.00018493711832, 2.5970812203e-05, 2.41589277721e-05, 6.41680016997e-05, 1.4737280253e-05, 3.96777613787e-06, 5.54908012873e-07, 9.82674777106e-08, 2.82716658973e-08, 5.07608399758e-09, 3.36630612274e-09, 3.53766749228e-09, 4.47224257627e-09, 6.20505291593e-09, 8.54658566141e-09, 1.09447944041e-08], "median": [1.35399773171e-07, 0.000352722825482, 0.000966845836956, 0.000372023438103, 0.000755898479838, 0.000545666902326, 0.000116520488518, 6.68086286169e-05, 2.2658463422e-05, 1.51312633534e-05, 8.76351896295e-06, 1.04886521513e-05, 1.48413846546e-06, 1.30908210849e-06, 2.74736316896e-06, 3.6607272591e-07, 2.73768314685e-08, 9.12798725494e-09, 3.99246458116e-09, 2.42096720449e-09, 2.63924615496e-09, 2.79942868886e-09, 3.19466364473e-09, 4.19015133701e-09, 5.95283777827e-09, 8.34068636379e-09, 1.07305409003e-08], "min": [4.20583597644e-24, 2.26525795001e-23, 2.03683057424e-24, 1.21144333835e-24, 1.99076433171e-23, 1.30001046006e-22, 5.03655186914e-23, 3.2857760642e-23, 4.27310616902e-23, 4.64899555046e-23, 1.79166467447e-22, 8.49037171446e-23, 4.88158613966e-23, 1.00018759094e-22, 8.67443946938e-23, 1.59781151023e-22, 1.78297710709e-22, 2.21609304606e-22, 1.9234425634e-22, 3.80456355965e-22, 3.9104711023e-22, 6.5425705147e-22, 7.05820837255e-22, 8.90140447058e-22, 9.95103022688e-22, 1.77651940337e-21, 1.98915732738e-21], "var": [7.02082651998e-13, 6.73792419548e-06, 3.01096388284e-05, 1.40399060911e-05, 1.89873444469e-05, 4.74796142953e-05, 0.000159689312568, 0.000224549221457, 1.944824362e-06, 7.84327198744e-07, 4.62522876887e-07, 4.23429469265e-07, 7.61880425415e-09, 7.02687286136e-09, 4.31753939267e-08, 3.59744012357e-09, 4.93116381062e-10, 1.52850076346e-11, 2.09344179361e-13, 2.65674069251e-14, 1.23504749074e-16, 5.89278918889e-18, 2.64461222362e-18, 2.43861984926e-18, 2.70387971451e-18, 2.70069837787e-18, 3.7064490867e-18]}, "erbbands": {"dmean": [0.00375240459107, 0.162280082703, 0.988431811333, 0.912914335728, 1.0262554884, 1.46171104908, 3.75344586372, 8.42536449432, 9.29114151001, 13.1076917648, 18.8312473297, 3.04229044914, 2.02401566505, 1.97972035408, 1.37615609169, 1.78567194939, 0.48557689786, 0.367126882076, 0.70800614357, 0.52402061224, 0.187531217933, 0.0561233311892, 0.0114724487066, 0.00702722975984, 0.00227805017494, 0.000766738201492, 0.000230879712035, 8.55405451148e-05, 4.7591587645e-05, 3.89733613702e-05, 3.41971790476e-05, 2.70979453489e-05, 2.18828463403e-05, 1.61371954164e-05, 1.15761558845e-05, 6.97976793163e-06, 3.56902364729e-06, 1.23573090605e-06, 1.89912361748e-06, 4.32206206824e-06], "dmean2": [0.00630455929786, 0.277721077204, 1.6388977766, 1.24405229092, 1.31670641899, 2.09558105469, 5.33783006668, 13.7641878128, 13.0552778244, 12.6669740677, 25.9229240417, 3.91236329079, 2.27316617966, 2.32255554199, 1.56968581676, 2.36169815063, 0.634670257568, 0.482329636812, 0.787588298321, 0.566280007362, 0.249127909541, 0.0756056979299, 0.0133346356452, 0.00823416002095, 0.00301418104209, 0.000934896641411, 0.000291071046377, 0.000137260722113, 8.33529702504e-05, 6.88738800818e-05, 6.0194714024e-05, 4.71861967526e-05, 3.81453210139e-05, 2.76500486507e-05, 1.94940112124e-05, 1.15350931083e-05, 5.86348369325e-06, 2.03978629543e-06, 2.75473166766e-06, 6.12536086919e-06], "dvar": [8.68412826094e-05, 0.208808004856, 7.75324392319, 4.66420698166, 8.08878135681, 39.0397834778, 115.80884552, 1898.89538574, 1234.08300781, 7787.03515625, 44618.9921875, 742.233154297, 149.808135986, 191.387512207, 70.4831848145, 148.804611206, 4.36684417725, 5.47673177719, 16.0527477264, 13.1753387451, 0.983087360859, 0.165554970503, 0.00777549808845, 0.00622107321396, 0.000510874553584, 4.91218779644e-05, 2.56824682765e-06, 1.11413264392e-07, 5.55833690186e-09, 2.94023005942e-09, 1.85793835872e-09, 1.14997134038e-09, 6.14138850885e-10, 3.37874839218e-10, 1.52095003259e-10, 5.84522083513e-11, 1.66308720267e-11, 1.47905038911e-12, 2.84178618137e-11, 1.5935228137e-10], "dvar2": [0.000252202677075, 0.701101779938, 25.759513855, 8.2084569931, 13.4080057144, 61.7490692139, 215.360992432, 5008.81689453, 2637.36694336, 7386.87646484, 82352.1328125, 1565.18347168, 210.346252441, 309.120239258, 108.391342163, 303.400665283, 8.23117542267, 9.89820766449, 25.8055171967, 19.5565929413, 1.93913054466, 0.336154252291, 0.0151800746098, 0.0120204463601, 0.00113769143354, 0.00010196686344, 4.38952520199e-06, 2.3750776279e-07, 1.51641419421e-08, 8.64313065563e-09, 5.52694023881e-09, 3.38776939834e-09, 1.75627312693e-09, 9.25197085611e-10, 3.84264231545e-10, 1.28220448148e-10, 3.35994357337e-11, 3.53142471862e-12, 5.40127213788e-11, 3.13201214963e-10], "max": [0.161626175046, 7.12369918823, 42.1039543152, 121.22631073, 93.7348403931, 291.238861084, 274.36038208, 971.901489258, 803.337646484, 3577.81079102, 7059.6640625, 919.003662109, 370.28036499, 409.805236816, 325.437744141, 356.475738525, 43.1801719666, 68.5151748657, 114.861106873, 118.810470581, 23.6959533691, 12.8281316757, 2.67339515686, 2.57298660278, 0.764477074146, 0.23763731122, 0.0672986805439, 0.00919055286795, 0.00136509502772, 0.00101283658296, 0.000847916235216, 0.000691551540513, 0.000566866830923, 0.00046049329103, 0.00036099346471, 0.0002404141851, 0.000138191564474, 3.78568511223e-05, 0.000141571814311, 0.000324583816109], "mean": [0.0107064321637, 0.460869371891, 3.04037284851, 5.12231349945, 5.92614793777, 7.42497682571, 16.8347797394, 26.0387954712, 38.9127883911, 66.8658828735, 69.3017654419, 10.5100736618, 7.3751039505, 8.44447231293, 6.00843667984, 8.73839187622, 1.83979737759, 1.16147315502, 3.3576271534, 1.71749198437, 0.803283452988, 0.19757977128, 0.0316380448639, 0.0154588157311, 0.00591662386432, 0.00173186324537, 0.000506503158249, 0.0001814050338, 0.000129294974613, 0.00011769565026, 0.00011034731142, 0.000100324199593, 8.7934480689e-05, 7.39912429708e-05, 5.81760505156e-05, 3.95683455281e-05, 2.18292079808e-05, 7.40576660974e-06, 1.06345751192e-05, 2.1536998247e-05], "median": [0.0033841971308, 0.120193690062, 0.957346796989, 1.4950158596, 1.77718269825, 2.3697385788, 3.38233828545, 4.6837682724, 3.26215362549, 2.22914171219, 2.07068347931, 0.990638852119, 0.660121679306, 1.05941867828, 0.892996609211, 0.531895160675, 0.158996284008, 0.119066499174, 0.197102218866, 0.0858704596758, 0.0234577041119, 0.00471620028839, 0.000871938595083, 0.000385808554711, 0.000198033245397, 0.000132047498482, 0.000118286086945, 0.000106435378257, 0.000104678947537, 0.000101772697235, 9.83037389233e-05, 9.05804918148e-05, 8.05659947218e-05, 6.76595955156e-05, 5.28795972059e-05, 3.57921308023e-05, 1.94477433979e-05, 6.92354342391e-06, 6.22631796432e-06, 1.11047475002e-05], "min": [6.21271962367e-22, 5.31809804278e-21, 4.04621091575e-21, 2.0597879696e-21, 1.32961908313e-20, 9.56326964498e-20, 5.1165618681e-19, 1.14625364312e-18, 5.5493846406e-19, 8.94125270105e-19, 7.82439292099e-19, 1.07007971789e-18, 1.10436356254e-18, 3.0726149113e-18, 7.04138489052e-18, 3.96588890915e-18, 2.68777864388e-18, 2.99118994013e-18, 7.06348384777e-18, 3.22505643997e-18, 1.00616405098e-17, 1.17821232444e-17, 1.17906101175e-17, 7.08836461341e-18, 1.31539476964e-17, 1.98001445677e-17, 1.60095645953e-17, 1.88960708998e-17, 2.40483605597e-17, 1.65378468022e-17, 2.30574775952e-17, 1.65661959361e-17, 1.65317786052e-17, 8.95143591478e-18, 8.84099985838e-18, 6.27114945929e-18, 3.0799832294e-18, 1.17503342798e-18, 3.29359977916e-19, 2.88380784748e-20], "var": [0.000429857493145, 0.611141204834, 27.5770320892, 115.514938354, 119.289054871, 349.480377197, 1064.4798584, 4272.54199219, 10292.7685547, 95079.0390625, 157758.71875, 2254.20776367, 871.818847656, 1117.08532715, 479.395141602, 1049.67480469, 24.3884773254, 17.0279464722, 118.740127563, 56.6527252197, 6.31885290146, 0.677268266678, 0.0213196072727, 0.0156126925722, 0.00109469355084, 9.92753411992e-05, 7.63880234445e-06, 1.60960638595e-07, 9.68900515375e-09, 4.39197078705e-09, 2.91441426548e-09, 1.97359995013e-09, 1.28216159911e-09, 8.68275840116e-10, 5.32600685776e-10, 2.66054428488e-10, 8.75272493372e-11, 5.4984623625e-12, 1.52485093996e-10, 8.34290525553e-10]}, "gfcc": {"mean": [-271.046020508, 225.869567871, -44.9042892456, -52.4524688721, -29.3128166199, -0.770903587341, -35.8947601318, -15.7430486679, -9.94979286194, -8.40014362335, -12.760799408, -8.78453063965, -3.62017035484], "cov": [[9808.83007812, 5298.59082031, -1767.33959961, -1900.98632812, 1093.46533203, -534.790222168, -486.996276855, -203.305038452, 675.656860352, -50.2781143188, 330.366760254, -246.589279175, 201.857025146], [5298.59082031, 3901.71704102, 255.334915161, -807.911254883, 450.095916748, -1.87217342854, -106.00617981, -286.472564697, 205.101608276, -120.368766785, 91.6826477051, -134.371459961, 151.739151001], [-1767.33959961, 255.334915161, 2203.68017578, 879.471191406, -423.703033447, 445.19644165, 417.002563477, -154.665557861, -387.218658447, -135.985855103, -159.465087891, 27.1848583221, 9.12480545044], [-1900.98632812, -807.911254883, 879.471191406, 711.893676758, -167.058746338, 167.589614868, 171.482376099, 19.0842227936, -204.485916138, -66.9727935791, -121.390090942, 54.9801635742, -4.02298545837], [1093.46533203, 450.095916748, -423.703033447, -167.058746338, 388.841827393, -34.1609535217, -185.342330933, -45.6313591003, 160.571914673, -33.3883399963, -11.7561626434, 7.02122497559, 91.6602783203], [-534.790222168, -1.87217342854, 445.19644165, 167.589614868, -34.1609535217, 240.390014648, 84.6220169067, -100.074081421, -88.4028015137, -11.6885871887, -70.0019226074, 6.74890375137, 20.3980445862], [-486.996276855, -106.00617981, 417.002563477, 171.482376099, -185.342330933, 84.6220169067, 262.673370361, 69.8824081421, -105.998199463, 23.1485347748, 43.994556427, -36.1609191895, -75.5615768433], [-203.305038452, -286.472564697, -154.665557861, 19.0842227936, -45.6313591003, -100.074081421, 69.8824081421, 194.783065796, 61.0923957825, 18.6467971802, 50.2432250977, 11.7705841064, -58.0171432495], [675.656860352, 205.101608276, -387.218658447, -204.485916138, 160.571914673, -88.4028015137, -105.998199463, 61.0923957825, 183.842407227, 35.4143562317, 39.0202903748, 14.4953641891, 31.0515460968], [-50.2781143188, -120.368766785, -135.985855103, -66.9727935791, -33.3883399963, -11.6885871887, 23.1485347748, 18.6467971802, 35.4143562317, 97.6802825928, 72.6973495483, -11.3700027466, -34.5697097778], [330.366760254, 91.6826477051, -159.465087891, -121.390090942, -11.7561626434, -70.0019226074, 43.994556427, 50.2432250977, 39.0202903748, 72.6973495483, 145.478668213, 22.4348659515, -29.649433136], [-246.589279175, -134.371459961, 27.1848583221, 54.9801635742, 7.02122497559, 6.74890375137, -36.1609191895, 11.7705841064, 14.4953641891, -11.3700027466, 22.4348659515, 133.072219849, 87.7668838501], [201.857025146, 151.739151001, 9.12480545044, -4.02298545837, 91.6602783203, 20.3980445862, -75.5615768433, -58.0171432495, 31.0515460968, -34.5697097778, -29.649433136, 87.7668838501, 150.76322937]], "icov": [[0.00299906893633, -0.00439468724653, 0.00410566432402, -0.00306884362362, 0.0010967728449, 0.00179895956535, -0.00300491647795, 0.00368964159861, -0.00405704369769, 0.00385732227005, -0.00291166664101, 0.00222187046893, -0.00106509914622], [-0.00439468724653, 0.00843362510204, -0.00961131881922, 0.0102326469496, -0.00641240086406, 0.000364668958355, 0.00371303036809, -0.00613493984565, 0.00806498154998, -0.00695336982608, 0.0054032439366, -0.00326742790639, 0.00130919355433], [0.00410566432402, -0.00961131881922, 0.0167670827359, -0.0208988245577, 0.0178939905018, -0.0081914300099, -0.00509611750022, 0.0142518365756, -0.0206049513072, 0.0219030920416, -0.015610024333, 0.0087543707341, -0.00313662434928], [-0.00306884362362, 0.0102326469496, -0.0208988245577, 0.0329646468163, -0.0288872756064, 0.016576513648, -0.00132934155408, -0.016649004072, 0.030835673213, -0.0323997437954, 0.0290945637971, -0.0185018423945, 0.00691376905888], [0.0010967728449, -0.00641240086406, 0.0178939905018, -0.0288872756064, 0.0364327542484, -0.0240274704993, 0.0087770735845, 0.0126865813509, -0.0339532010257, 0.0409155450761, -0.0364356637001, 0.0258706044406, -0.0123378001153], [0.00179895956535, 0.000364668958355, -0.0081914300099, 0.016576513648, -0.0240274704993, 0.0363591983914, -0.0258744210005, 0.0131912892684, 0.0101222172379, -0.0300454366952, 0.0402914956212, -0.0324500873685, 0.0177999157459], [-0.00300491647795, 0.00371303036809, -0.00509611750022, -0.00132934155408, 0.0087770735845, -0.0258744210005, 0.0423286892474, -0.0336662568152, 0.0166968591511, 0.0051631052047, -0.0313097015023, 0.0323748402297, -0.0202764570713], [0.00368964159861, -0.00613493984565, 0.0142518365756, -0.016649004072, 0.0126865813509, 0.0131912892684, -0.0336662568152, 0.0517294742167, -0.0436626300216, 0.0258041862398, 0.00171679025516, -0.0154639035463, 0.0177128817886], [-0.00405704369769, 0.00806498154998, -0.0206049513072, 0.030835673213, -0.0339532010257, 0.0101222172379, 0.0166968591511, -0.0436626300216, 0.0663419887424, -0.0551219210029, 0.0310580804944, -0.014322576113, -0.00163358484861], [0.00385732227005, -0.00695336982608, 0.0219030920416, -0.0323997437954, 0.0409155450761, -0.0300454366952, 0.0051631052047, 0.0258041862398, -0.0551219210029, 0.0849951133132, -0.0663427188993, 0.0421122126281, -0.0153696825728], [-0.00291166664101, 0.0054032439366, -0.015610024333, 0.0290945637971, -0.0364356637001, 0.0402914956212, -0.0313097015023, 0.00171679025516, 0.0310580804944, -0.0663427188993, 0.0838032215834, -0.0626096874475, 0.0331705249846], [0.00222187046893, -0.00326742790639, 0.0087543707341, -0.0185018423945, 0.0258706044406, -0.0324500873685, 0.0323748402297, -0.0154639035463, -0.014322576113, 0.0421122126281, -0.0626096874475, 0.0670796781778, -0.040530141443], [-0.00106509914622, 0.00130919355433, -0.00313662434928, 0.00691376905888, -0.0123378001153, 0.0177999157459, -0.0202764570713, 0.0177128817886, -0.00163358484861, -0.0153696825728, 0.0331705249846, -0.040530141443, 0.0357925519347]]}, "melbands": {"dmean": [8.6139603809e-05, 0.000408793828683, 0.000156179637997, 8.39510248625e-05, 0.000114760376164, 0.000188609090401, 0.000149410931044, 0.000143491299241, 0.000135363588925, 1.36818043757e-05, 1.0205025319e-05, 8.29318196338e-06, 5.25963923792e-06, 4.82829818793e-06, 2.35805191551e-06, 7.126762398e-07, 6.815831739e-07, 9.87632802207e-07, 1.0758069493e-06, 3.6483871213e-07, 2.09147017927e-07, 6.67676403054e-08, 1.04826174407e-08, 1.34575257604e-08, 4.89635532119e-09, 1.52985091262e-09, 9.26618781705e-10, 4.75964490043e-10, 2.03369432406e-10, 5.89757825908e-11, 4.4885668099e-11, 2.95528185257e-11, 2.5439143847e-11, 2.27920998047e-11, 2.18112264361e-11, 1.9677282373e-11, 1.81586724823e-11, 1.69330816729e-11, 1.5746865617e-11, 1.5024499006e-11], "dmean2": [0.000146479418618, 0.000683188787661, 0.000212935818126, 0.000111986933916, 0.000163170916494, 0.00030545113259, 0.000201220042072, 0.000148488528794, 0.000186943289009, 1.75669501914e-05, 1.15418761197e-05, 9.91752585833e-06, 6.04320530329e-06, 6.40084272163e-06, 3.18835986945e-06, 9.4644985893e-07, 9.07220453428e-07, 1.09256006908e-06, 1.21857294744e-06, 3.87502581134e-07, 2.95310627507e-07, 9.33303496709e-08, 1.21860672664e-08, 1.63822679866e-08, 5.64755797683e-09, 2.07312944589e-09, 1.21363818995e-09, 5.82620895972e-10, 2.46454717745e-10, 9.56567464128e-11, 7.29327293003e-11, 5.20816584304e-11, 4.5321149611e-11, 4.05968765549e-11, 3.83909813662e-11, 3.45604690699e-11, 3.19531068271e-11, 2.99479191446e-11, 2.76668202237e-11, 2.62758495517e-11], "dvar": [5.12891737969e-08, 1.30674084176e-06, 1.18528753035e-07, 7.43200132547e-08, 1.10915841844e-07, 8.85271163042e-07, 3.07122007825e-07, 7.39552433515e-07, 2.60141428043e-06, 8.37345393023e-09, 3.93796950604e-09, 3.78414233282e-09, 1.48665291189e-09, 8.53343395946e-10, 2.23797147481e-10, 9.22522995495e-12, 2.5328563899e-11, 3.08003691996e-11, 4.13606093819e-11, 1.1554450105e-11, 1.40944103177e-12, 3.67142460097e-13, 4.28943583127e-15, 2.34801835906e-14, 3.10430227158e-15, 1.96820215219e-16, 7.77840480154e-17, 1.99643217213e-17, 3.20709979644e-18, 3.28570356473e-20, 2.37189565473e-20, 2.06347574918e-21, 1.15766269328e-21, 8.40580797113e-22, 6.4030887995e-22, 5.34218523525e-22, 4.05051726325e-22, 3.1392049507e-22, 2.69082676203e-22, 2.44767383019e-22], "dvar2": [1.65527850982e-07, 4.34985258835e-06, 2.128730614e-07, 1.21308900702e-07, 2.0496469233e-07, 2.35416655414e-06, 5.94855521285e-07, 7.66028904309e-07, 4.92835852128e-06, 1.68286096169e-08, 5.6009161753e-09, 6.22965146135e-09, 2.21138196643e-09, 1.80943260375e-09, 4.64734362104e-10, 1.76642433319e-11, 4.47372104639e-11, 4.85556247987e-11, 6.47976880486e-11, 1.65091204596e-11, 2.9185573229e-12, 7.75941322913e-13, 6.0746886342e-15, 4.73617794831e-14, 5.89449973884e-15, 4.44207423886e-16, 1.68630058762e-16, 4.09358251739e-17, 5.5313757813e-18, 6.60559941556e-20, 5.26536681354e-20, 5.90564346252e-21, 3.50935615792e-21, 2.54671765187e-21, 1.99042091847e-21, 1.65384878106e-21, 1.25167249691e-21, 9.66267114755e-22, 8.35255821919e-22, 7.45745024559e-22], "max": [0.00329079199582, 0.0177600961179, 0.0168142542243, 0.0103190792724, 0.00765701057389, 0.0209477543831, 0.0109362313524, 0.0324521884322, 0.0545369461179, 0.00206765136681, 0.00187810091302, 0.00182867865078, 0.00154813192785, 0.000752411549911, 0.000435263937106, 6.87101710355e-05, 0.000156454203534, 0.000163269971381, 0.00014997375547, 0.000126771308715, 2.8432414183e-05, 2.07716184377e-05, 1.89859088096e-06, 4.93717789141e-06, 1.85255885299e-06, 4.56851239505e-07, 3.16510636367e-07, 1.51352068656e-07, 7.65313572515e-08, 4.41473213542e-09, 4.46971748502e-09, 7.00095925676e-10, 5.18373954872e-10, 4.39132313845e-10, 3.96106730749e-10, 3.44507783412e-10, 2.99184010899e-10, 2.70528710544e-10, 2.44173126163e-10, 2.33078806255e-10], "mean": [0.000237377826124, 0.00127463135868, 0.000898347992916, 0.000462985277409, 0.000533505401108, 0.000589867588133, 0.000647544977255, 0.000690546992701, 0.000483338662889, 4.41231677542e-05, 3.64819788956e-05, 3.44456930179e-05, 2.25211879297e-05, 2.1373067284e-05, 1.08481672214e-05, 2.26546444537e-06, 2.0461116037e-06, 4.82465020468e-06, 4.04667662224e-06, 1.10070084247e-06, 9.23964535104e-07, 2.21915769316e-07, 3.2195675459e-08, 2.71196238799e-08, 1.06677759959e-08, 3.6915011048e-09, 2.46653808489e-09, 9.55568291161e-10, 4.15042555879e-10, 1.13405881907e-10, 8.6481551087e-11, 6.81910222733e-11, 6.2780988741e-11, 5.96177968104e-11, 5.76908798511e-11, 5.70095810837e-11, 5.4167777902e-11, 5.35238381394e-11, 5.28895885421e-11, 5.30348646943e-11], "median": [6.38304918539e-05, 0.000401875178795, 0.000311736133881, 0.000144320714753, 0.000114852147817, 0.000103002799733, 3.78426411771e-05, 2.04942334676e-05, 1.14918584586e-05, 3.52698316419e-06, 2.45421051659e-06, 3.70578118236e-06, 2.03675631383e-06, 1.44850241668e-06, 3.60250510312e-07, 1.89890243973e-07, 1.17082613826e-07, 1.94709329548e-07, 1.78103420012e-07, 2.486277495e-08, 1.71739227284e-08, 1.37028444147e-09, 5.61349411399e-10, 3.75274200604e-10, 2.37788122526e-10, 1.27652416415e-10, 1.00794449176e-10, 7.54115242474e-11, 6.88603757348e-11, 6.38362140926e-11, 5.68794594757e-11, 5.56751034164e-11, 5.37350164365e-11, 5.29105717573e-11, 5.15468813467e-11, 5.16930075134e-11, 5.00263754033e-11, 4.99798778753e-11, 4.99842806034e-11, 4.99817964794e-11], "min": [6.96389762164e-24, 3.89059295922e-24, 5.83431812652e-25, 3.32289788625e-24, 1.58103060862e-23, 2.49918786725e-23, 9.39129046904e-24, 9.25363897425e-24, 5.88928960287e-24, 6.9394082237e-24, 5.34485054382e-24, 1.07907928238e-23, 2.67225306357e-23, 1.01240633639e-23, 7.44443855294e-24, 5.30004008896e-24, 5.30162491052e-24, 1.24531893861e-23, 6.12313479645e-24, 5.17594635211e-24, 1.25046018178e-23, 9.63117202627e-24, 1.51269316613e-23, 9.08923326185e-24, 4.6328250852e-24, 9.02465474157e-24, 9.83877181753e-24, 1.38471421043e-23, 1.05460566165e-23, 8.69237075107e-24, 1.1879454794e-23, 1.55550164978e-23, 9.8860821726e-24, 8.47940670565e-24, 1.45031619886e-23, 1.0858593052e-23, 9.52846233641e-24, 1.25634958064e-23, 7.55849206262e-24, 7.75779461488e-24], "var": [1.95548054194e-07, 4.31768830822e-06, 2.56056023318e-06, 8.18162959604e-07, 1.02556771253e-06, 2.22076369027e-06, 2.78937818621e-06, 8.32113255456e-06, 8.99879250937e-06, 2.91620878556e-08, 2.26440253215e-08, 2.16008526621e-08, 1.05640483028e-08, 5.11987741092e-09, 1.47719292354e-09, 4.18802492685e-11, 7.94393995029e-11, 2.39422009995e-10, 1.86334836449e-10, 5.15474989082e-11, 9.17239374731e-12, 1.56639902871e-12, 2.057034759e-14, 5.57378070835e-14, 7.99494493639e-15, 3.95876809176e-16, 1.8090690136e-16, 4.10738617658e-17, 9.49215809094e-18, 5.38692326637e-20, 2.97803858265e-20, 2.87331404359e-21, 1.37841975043e-21, 9.77321668744e-22, 7.5828177877e-22, 6.1889967461e-22, 4.78295277808e-22, 3.76770444406e-22, 3.23096626094e-22, 2.99966896187e-22]}, "mfcc": {"mean": [-899.616943359, 234.165145874, 58.6379318237, -9.86866855621, 5.94184494019, 9.56191635132, -6.39443302155, -9.43317222595, -1.31395697594, -1.38962936401, -8.49802684784, -6.19348812103, 4.01825761795], "cov": [[4947.60058594, 3732.96142578, -795.28125, -1011.85314941, 294.393493652, 62.4330406189, -495.341583252, -360.348968506, -26.3814659119, 58.6948547363, -37.1173210144, 53.7176055908, 253.578796387], [3732.96142578, 3280.23999023, 159.121917725, -562.942382812, 144.03074646, 213.263534546, -173.03086853, -223.878509521, -35.4385299683, 17.989616394, -52.5608825684, -15.1635341644, 91.9069213867], [-795.28125, 159.121917725, 1448.48071289, 627.700195312, -160.357315063, 200.136062622, 433.783203125, 197.327972412, -2.57296681404, -42.5867843628, -20.9134101868, -88.2340240479, -190.899139404], [-1011.85314941, -562.942382812, 627.700195312, 568.430603027, 6.60361433029, -21.8395671844, 205.075408936, 206.536453247, 58.7508010864, -18.7247314453, -15.5171499252, -35.3395881653, -64.1930618286], [294.393493652, 144.03074646, -160.357315063, 6.60361433029, 210.89175415, 61.9135742188, -100.213035583, -18.7005405426, 63.2066421509, -10.3318872452, -82.8416213989, -39.0505714417, 43.5527610779], [62.4330406189, 213.263534546, 200.136062622, -21.8395671844, 61.9135742188, 229.326675415, 85.8154067993, -48.7847709656, -4.71297454834, -9.4807062149, -61.1892089844, -61.3880386353, -58.9819374084], [-495.341583252, -173.03086853, 433.783203125, 205.075408936, -100.213035583, 85.8154067993, 242.895706177, 104.461418152, -21.4832859039, -0.575314164162, 36.4029846191, -2.97708296776, -81.5144042969], [-360.348968506, -223.878509521, 197.327972412, 206.536453247, -18.7005405426, -48.7847709656, 104.461418152, 156.87197876, 56.6264381409, -12.4613142014, 4.83641242981, 12.124455452, 3.50654292107], [-26.3814659119, -35.4385299683, -2.57296681404, 58.7508010864, 63.2066421509, -4.71297454834, -21.4832859039, 56.6264381409, 92.2590713501, 16.6491336823, -52.4990997314, -28.7347164154, 30.8253536224], [58.6948547363, 17.989616394, -42.5867843628, -18.7247314453, -10.3318872452, -9.4807062149, -0.575314164162, -12.4613142014, 16.6491336823, 69.4634399414, 51.8215751648, 7.12583017349, -1.87956058979], [-37.1173210144, -52.5608825684, -20.9134101868, -15.5171499252, -82.8416213989, -61.1892089844, 36.4029846191, 4.83641242981, -52.4990997314, 51.8215751648, 156.633468628, 94.6717376709, -8.57915878296], [53.7176055908, -15.1635341644, -88.2340240479, -35.3395881653, -39.0505714417, -61.3880386353, -2.97708296776, 12.124455452, -28.7347164154, 7.12583017349, 94.6717376709, 113.952728271, 58.1304664612], [253.578796387, 91.9069213867, -190.899139404, -64.1930618286, 43.5527610779, -58.9819374084, -81.5144042969, 3.50654292107, 30.8253536224, -1.87956058979, -8.57915878296, 58.1304664612, 137.485855103]], "icov": [[-46.791934967, 64.7855453491, -60.744102478, 54.416015625, -46.3765068054, 37.3792877197, -28.2669467926, 19.8120727539, -12.6626205444, 7.20728635788, -3.49610257149, 1.34588253498, -0.328224241734], [64.7855453491, -88.6599807739, 80.278755188, -67.8465652466, 53.2897567749, -38.6377410889, 25.5830917358, -15.2381811142, 7.96768093109, -3.49576544762, 1.19427967072, -0.25314283371, 0.0134885162115], [-60.744102478, 80.278755188, -64.7675094604, 43.0247497559, -19.951374054, 0.160354301333, 13.3083896637, -19.2883758545, 18.8908195496, -14.6098937988, 8.95192432404, -4.21610975266, 1.20765590668], [54.416015625, -67.8465652466, 43.0247497559, -9.12099170685, -25.0522708893, 51.4946098328, -65.4027023315, 65.4986953735, -54.8557701111, 38.8898239136, -22.5859146118, 10.241309166, -2.85804128647], [-46.3765068054, 53.2897567749, -19.951374054, -25.0522708893, 69.3276596069, -101.697525024, 115.749923706, -110.07447052, 89.545249939, -62.3584709167, 35.8088684082, -16.110118866, 4.47527122498], [37.3792877197, -38.6377410889, 0.160354301333, 51.4946098328, -101.697525024, 137.319335938, -150.914520264, 140.986602783, -113.55934906, 78.6382293701, -45.0237045288, 20.2340755463, -5.62235975266], [-28.2669467926, 25.5830917358, 13.3083896637, -65.4027023315, 115.749923706, -150.914520264, 163.356414795, -151.488006592, 121.602600098, -84.1344985962, 48.2071342468, -21.710691452, 6.05506515503], [19.8120727539, -15.2381811142, -19.2883758545, 65.4986953735, -110.07447052, 140.986602783, -151.488006592, 140.097488403, -112.398918152, 77.8589324951, -44.7168312073, 20.2020072937, -5.65811061859], [-12.6626205444, 7.96768093109, 18.8908195496, -54.8557701111, 89.545249939, -113.55934906, 121.602600098, -112.398918152, 90.2995529175, -62.7056694031, 36.1424942017, -16.3974819183, 4.61182975769], [7.20728635788, -3.49576544762, -14.6098937988, 38.8898239136, -62.3584709167, 78.6382293701, -84.1344985962, 77.8589324951, -62.7056694031, 43.740020752, -25.3372383118, 11.5733146667, -3.28002882004], [-3.49610257149, 1.19427967072, 8.95192432404, -22.5859146118, 35.8088684082, -45.0237045288, 48.2071342468, -44.7168312073, 36.1424942017, -25.3372383118, 14.7839794159, -6.81126737595, 1.9499874115], [1.34588253498, -0.25314283371, -4.21610975266, 10.241309166, -16.110118866, 20.2340755463, -21.710691452, 20.2020072937, -16.3974819183, 11.5733146667, -6.81126737595, 3.18844389915, -0.927442550659], [-0.328224241734, 0.0134885162115, 1.20765590668, -2.85804128647, 4.47527122498, -5.62235975266, 6.05506515503, -5.65811061859, 4.61182975769, -3.28002882004, 1.9499874115, -0.927442550659, 0.28561514616]]}, "spectral_contrast_coeffs": {"dmean": [0.0344653278589, 0.026905303821, 0.0209329649806, 0.0182330682874, 0.0131074329838, 0.0117596387863], "dmean2": [0.0573225803673, 0.0433364771307, 0.03213936463, 0.0292365904897, 0.0211689248681, 0.0206294152886], "dvar": [0.00100583734456, 0.000980294193141, 0.000735132372938, 0.000502916343976, 0.000291173229925, 0.000142603035783], "dvar2": [0.00282746832818, 0.00234730355442, 0.00157723424491, 0.00110233144369, 0.000540189677849, 0.000443266006187], "max": [-0.275453716516, -0.301895499229, -0.408645987511, -0.489478111267, -0.572276592255, -0.805918514729], "mean": [-0.599217057228, -0.630803763866, -0.721497535706, -0.72578138113, -0.808102250099, -0.894727647305], "median": [-0.597048163414, -0.659950494766, -0.724846720695, -0.730863034725, -0.824312090874, -0.892780721188], "min": [-0.970724880695, -0.964407622814, -0.971169650555, -0.961238563061, -0.954637885094, -0.959439218044], "var": [0.0109390448779, 0.0170925334096, 0.00943812355399, 0.00962021853775, 0.00727808102965, 0.000173796637682]}, "spectral_contrast_valleys": {"dmean": [0.354881823063, 0.2547506392, 0.23775242269, 0.244895100594, 0.174076631665, 0.250337719917], "dmean2": [0.58248513937, 0.411426246166, 0.372430384159, 0.393597126007, 0.284168452024, 0.438405334949], "dvar": [0.169114157557, 0.200029209256, 0.207814842463, 0.230827018619, 0.143965616822, 0.166336268187], "dvar2": [0.322475731373, 0.321788728237, 0.326634794474, 0.382720321417, 0.194140344858, 0.341873943806], "max": [-5.60186910629, -5.34192180634, -6.43518733978, -7.46424293518, -9.75385189056, -11.9027223587], "mean": [-8.34539222717, -8.05713176727, -9.38514709473, -11.2800579071, -12.5430612564, -14.1096315384], "median": [-8.0664939880