{"lowlevel": {"average_loudness": 0.949917733669, "barkbands_crest": {"dmean": 2.4893860817, "dmean2": 4.05738782883, "dvar": 6.05677747726, "dvar2": 15.4267177582, "max": 25.8277053833, "mean": 9.44143867493, "median": 8.88686561584, "min": 2.21513271332, "var": 13.8187742233}, "barkbands_flatness_db": {"dmean": 0.021832568571, "dmean2": 0.0324828624725, "dvar": 0.000509148230776, "dvar2": 0.00108639709651, "max": 0.639930546284, "mean": 0.123056389391, "median": 0.111169315875, "min": 0.0283999163657, "var": 0.00311970175244}, "barkbands_kurtosis": {"dmean": 3.28020739555, "dmean2": 5.26000118256, "dvar": 187.959518433, "dvar2": 533.937683105, "max": 651.61730957, "mean": 4.14975738525, "median": 0.78876209259, "min": -1.90046429634, "var": 190.161804199}, "barkbands_skewness": {"dmean": 0.604135870934, "dmean2": 0.915387570858, "dvar": 0.581950128078, "dvar2": 1.25698935986, "max": 15.024312973, "mean": 1.50175333023, "median": 1.26074290276, "min": -3.33443784714, "var": 1.90465199947}, "barkbands_spread": {"dmean": 6.34927272797, "dmean2": 9.76878643036, "dvar": 51.8550033569, "dvar2": 109.231513977, "max": 107.597221375, "mean": 27.5242671967, "median": 25.6598033905, "min": 0.141684278846, "var": 222.239456177}, "dissonance": {"dmean": 0.0127501813695, "dmean2": 0.0213076807559, "dvar": 0.000168198894244, "dvar2": 0.000443211611127, "max": 0.500000059605, "mean": 0.471745759249, "median": 0.476738870144, "min": 0.261800259352, "var": 0.000441943091573}, "dynamic_complexity": 4.08904409409, "erbbands_crest": {"dmean": 2.22931146622, "dmean2": 3.57198572159, "dvar": 4.88555908203, "dvar2": 12.2137870789, "max": 28.4891414642, "mean": 8.06570243835, "median": 7.11613559723, "min": 2.38559985161, "var": 14.7145042419}, "erbbands_flatness_db": {"dmean": 0.0201345570385, "dmean2": 0.0264398604631, "dvar": 0.000533898768481, "dvar2": 0.000966711260844, "max": 0.478769302368, "mean": 0.145830333233, "median": 0.134645164013, "min": 0.0535002984107, "var": 0.00246339081787}, "erbbands_kurtosis": {"dmean": 0.625270962715, "dmean2": 0.981773853302, "dvar": 1.72232103348, "dvar2": 3.89466142654, "max": 42.1843986511, "mean": -0.0451708063483, "median": -0.577141523361, "min": -1.77676773071, "var": 4.71459627151}, "erbbands_skewness": {"dmean": 0.300613671541, "dmean2": 0.451347142458, "dvar": 0.09876768291, "dvar2": 0.203988939524, "max": 5.15077114105, "mean": -0.059242554009, "median": 0.00141230283771, "min": -5.41495943069, "var": 0.598206996918}, "erbbands_spread": {"dmean": 8.77350711823, "dmean2": 13.0508584976, "dvar": 97.9116897583, "dvar2": 206.21307373, "max": 147.732498169, "mean": 44.3763847351, "median": 41.8473892212, "min": 2.36753487587, "var": 300.822021484}, "hfc": {"dmean": 5.47240591049, "dmean2": 8.08000564575, "dvar": 95.589805603, "dvar2": 235.576477051, "max": 146.796707153, "mean": 16.7605037689, "median": 11.0396404266, "min": 1.15049110329e-16, "var": 273.149383545}, "melbands_crest": {"dmean": 3.52894449234, "dmean2": 5.84849357605, "dvar": 12.877286911, "dvar2": 30.7835903168, "max": 29.2262992859, "mean": 14.4382457733, "median": 14.1362724304, "min": 2.5020134449, "var": 26.480430603}, "melbands_flatness_db": {"dmean": 0.0288837123662, "dmean2": 0.0423078909516, "dvar": 0.000944468076341, "dvar2": 0.00178170821164, "max": 0.83088105917, "mean": 0.183423608541, "median": 0.172558858991, "min": 0.00711421947926, "var": 0.00564342970029}, "melbands_kurtosis": {"dmean": 8.94746303558, "dmean2": 14.0721673965, "dvar": 289.091003418, "dvar2": 680.727722168, "max": 285.241729736, "mean": 15.6693534851, "median": 7.67592144012, "min": -1.85536527634, "var": 647.445495605}, "melbands_skewness": {"dmean": 0.897189974785, "dmean2": 1.36522901058, "dvar": 1.24757349491, "dvar2": 2.61387372017, "max": 13.4850416183, "mean": 2.92137670517, "median": 2.58815598488, "min": -1.56599795818, "var": 3.45974421501}, "melbands_spread": {"dmean": 8.96938514709, "dmean2": 13.8082065582, "dvar": 144.522140503, "dvar2": 275.240722656, "max": 191.787338257, "mean": 29.1365699768, "median": 24.4157352448, "min": 0.286157608032, "var": 552.022094727}, "pitch_salience": {"dmean": 0.0689740180969, "dmean2": 0.116242095828, "dvar": 0.00458690803498, "dvar2": 0.0126179028302, "max": 0.871280550957, "mean": 0.527995824814, "median": 0.533556878567, "min": 0.139734297991, "var": 0.00885138940066}, "silence_rate_20dB": {"dmean": 0, "dmean2": 0, "dvar": 0, "dvar2": 0, "max": 1, "mean": 1, "median": 1, "min": 1, "var": 0}, "silence_rate_30dB": {"dmean": 0.0076849181205, "dmean2": 0.0153722977266, "dvar": 0.00762551510707, "dvar2": 0.0228212866932, "max": 1, "mean": 0.996158182621, "median": 1, "min": 0, "var": 0.0038270202931}, "silence_rate_60dB": {"dmean": 0.0496317632496, "dmean2": 0.0991192981601, "dvar": 0.0471682436764, "dvar2": 0.103067025542, "max": 1, "mean": 0.0942852571607, "median": 0, "min": 0, "var": 0.0853924751282}, "spectral_centroid": {"dmean": 292.131896973, "dmean2": 435.85345459, "dvar": 111750.578125, "dvar2": 198387, "max": 10733.6474609, "mean": 1709.16210938, "median": 1656.39648438, "min": 90.2797241211, "var": 591786.25}, "spectral_complexity": {"dmean": 3.75408267975, "dmean2": 5.56893491745, "dvar": 22.0382347107, "dvar2": 42.4819908142, "max": 59, "mean": 17.985912323, "median": 16, "min": 0, "var": 103.664672852}, "spectral_decrease": {"dmean": 3.04236480453e-09, "dmean2": 4.83369344551e-09, "dvar": 3.77532312235e-17, "dvar2": 9.75927936071e-17, "max": -3.03260479977e-29, "mean": -5.47383027794e-09, "median": -3.98469524043e-09, "min": -4.90529750152e-08, "var": 4.09355439325e-17}, "spectral_energy": {"dmean": 0.0118850516155, "dmean2": 0.0188159383833, "dvar": 0.000568807008676, "dvar2": 0.00147034495603, "max": 0.18957798183, "mean": 0.0221797134727, "median": 0.0163966137916, "min": 1.05497605583e-20, "var": 0.000627480389085}, "spectral_energyband_high": {"dmean": 0.000383522856282, "dmean2": 0.000555673614144, "dvar": 4.3640298486e-07, "dvar2": 9.53042672336e-07, "max": 0.0159075651318, "mean": 0.00105559348594, "median": 0.000432191824075, "min": 7.59876383466e-21, "var": 2.66551955974e-06}, "spectral_energyband_low": {"dmean": 0.00651898048818, "dmean2": 0.010779639706, "dvar": 0.000254667742411, "dvar2": 0.000677382864524, "max": 0.155606374145, "mean": 0.0100491102785, "median": 0.00890037231147, "min": 3.12532806697e-23, "var": 0.000237874919549}, "spectral_energyband_middle_high": {"dmean": 0.00107250723522, "dmean2": 0.00160949060228, "dvar": 3.35700610776e-06, "dvar2": 7.81416292739e-06, "max": 0.0453946366906, "mean": 0.00313042686321, "median": 0.00229863077402, "min": 1.46661798422e-21, "var": 8.2241031123e-06}, "spectral_energyband_middle_low": {"dmean": 0.00574813550338, "dmean2": 0.00911267567426, "dvar": 0.000219624489546, "dvar2": 0.000560563639738, "max": 0.127220347524, "mean": 0.00889791268855, "median": 0.00458610244095, "min": 4.88421172118e-22, "var": 0.000226408970775}, "spectral_entropy": {"dmean": 0.155176252127, "dmean2": 0.22116330266, "dvar": 0.0310456156731, "dvar2": 0.0607445240021, "max": 9.79222869873, "mean": 7.64376544952, "median": 7.72542047501, "min": 4.1863656044, "var": 0.205446660519}, "spectral_flux": {"dmean": 0.0365191176534, "dmean2": 0.0589937753975, "dvar": 0.00282876938581, "dvar2": 0.0063767451793, "max": 0.40473896265, "mean": 0.0743303373456, "median": 0.0604695528746, "min": 1.02712026384e-10, "var": 0.00376311363652}, "spectral_kurtosis": {"dmean": 1.55304145813, "dmean2": 2.52556490898, "dvar": 76.446434021, "dvar2": 160.500015259, "max": 741.167419434, "mean": 4.28273105621, "median": 2.97234153748, "min": -1.16456055641, "var": 269.029632568}, "spectral_rms": {"dmean": 0.00104959995952, "dmean2": 0.00157396227587, "dvar": 2.7732048693e-06, "dvar2": 6.37761831968e-06, "max": 0.0135997841135, "mean": 0.00407418422401, "median": 0.00399958714843, "min": 3.20818480289e-12, "var": 5.03975979882e-06}, "spectral_rolloff": {"dmean": 607.038330078, "dmean2": 966.250183105, "dvar": 750397, "dvar2": 1340252.625, "max": 19401.4160156, "mean": 1884.62768555, "median": 1485.79101562, "min": 86.1328125, "var": 2716742.25}, "spectral_skewness": {"dmean": 0.180164113641, "dmean2": 0.292812407017, "dvar": 0.0744738802314, "dvar2": 0.148613587022, "max": 21.1007518768, "mean": 1.29579555988, "median": 1.23031914234, "min": -0.249774545431, "var": 0.502959251404}, "spectral_spread": {"dmean": 579399.3125, "dmean2": 827348.5625, "dvar": 627263799296, "dvar2": 1078348939260.0, "max": 38946732, "mean": 4598311, "median": 4515973, "min": 172029.765625, "var": 1971302039550.0}, "spectral_strongpeak": {"dmean": 0.399260371923, "dmean2": 0.688009142876, "dvar": 0.667423844337, "dvar2": 1.69792521, "max": 14.1132860184, "mean": 0.607325673103, "median": 0.339945018291, "min": 2.81322676265e-09, "var": 0.758847594261}, "zerocrossingrate": {"dmean": 0.0119318552315, "dmean2": 0.013123780489, "dvar": 0.000158581649885, "dvar2": 0.000156687645358, "max": 0.4970703125, "mean": 0.0721359550953, "median": 0.064453125, "min": 0.00439453125, "var": 0.00161908741575}, "barkbands": {"dmean": [7.94747902546e-05, 0.00327306939289, 0.00347304693423, 0.00109335337766, 0.00395031319931, 0.000441240292275, 0.000245867850026, 0.000516909058206, 0.000463613396278, 0.000239704750129, 0.00025171157904, 0.000171462714206, 0.000188348087249, 0.000146411781316, 0.00014899141388, 0.000164906377904, 0.000187896890566, 0.000133029112476, 0.000225391093409, 0.000201288639801, 0.000106494459033, 8.83590182639e-05, 7.57125599193e-05, 4.91865139338e-05, 4.00769276894e-05, 1.70395942405e-05, 2.711265779e-06], "dmean2": [9.64111677604e-05, 0.00547357089818, 0.0058929962106, 0.00181680603418, 0.00642494158819, 0.000751942163333, 0.000396202463889, 0.000829684140626, 0.000710327993147, 0.000366918946384, 0.000399123644456, 0.0002830697631, 0.000308267859509, 0.000235876243096, 0.000242747133598, 0.000260624918155, 0.000302699336316, 0.000217855180381, 0.000363119208487, 0.000326296314597, 0.000164197466802, 0.000135289796162, 0.000113678739581, 7.43721975596e-05, 6.05156637903e-05, 2.54054866673e-05, 4.22239963882e-06], "dvar": [3.676064253e-08, 4.93642546644e-05, 9.3654540251e-05, 5.13993518325e-06, 0.000135896902066, 1.38915982006e-06, 3.41292263784e-07, 2.03340778171e-06, 6.50038430194e-07, 3.15058429123e-07, 2.83797845668e-07, 1.06755265961e-07, 1.93400722992e-07, 8.83721398282e-08, 6.78769751516e-08, 1.05050446564e-07, 7.59622196256e-08, 4.37715428347e-08, 1.96595010493e-07, 2.19270461344e-07, 3.57196761058e-08, 3.50505224844e-08, 2.52427501124e-08, 1.0399545225e-08, 1.08994395731e-08, 1.89150273222e-09, 5.41552254429e-11], "dvar2": [5.12344442427e-08, 0.000127524559502, 0.000262086017756, 1.26740069391e-05, 0.000345799664501, 3.91125058741e-06, 8.8229398898e-07, 5.55940960112e-06, 1.62044898389e-06, 7.31652221475e-07, 6.15283170191e-07, 2.75253967175e-07, 5.28408520495e-07, 2.24877155119e-07, 1.73138715809e-07, 2.58061874092e-07, 1.81171358804e-07, 1.0682359175e-07, 4.9116675882e-07, 5.36897744041e-07, 8.64141398438e-08, 8.35579712088e-08, 6.24807015015e-08, 2.39937012481e-08, 2.37416237781e-08, 4.24155777168e-09, 1.27019478269e-10], "max": [0.00205867527984, 0.0720937252045, 0.103572458029, 0.0313022844493, 0.101345926523, 0.0135182403028, 0.00709227472544, 0.0142197255045, 0.0136066265404, 0.0140086682513, 0.008405235596, 0.00780121516436, 0.00648553995416, 0.00656000571325, 0.00673644291237, 0.00938263908029, 0.00456064380705, 0.00652414606884, 0.00939861126244, 0.0094305947423, 0.0044276653789, 0.00560131901875, 0.00503781251609, 0.00287653552368, 0.0046532265842, 0.0021736912895, 0.000283656932879], "mean": [0.000135448062792, 0.00460515310988, 0.00449444912374, 0.00134741002694, 0.00433038407937, 0.000646667613182, 0.000415938324295, 0.000795036554337, 0.00111766718328, 0.000340010650689, 0.000370959285647, 0.000263376510702, 0.000268069677986, 0.00021618201572, 0.000267975672614, 0.000283180881524, 0.000367311818991, 0.000264532194706, 0.000428789848229, 0.000385343155358, 0.000262646062765, 0.000197001339984, 0.000167883219547, 0.00010612927872, 7.3813534982e-05, 2.52632144111e-05, 3.14593739859e-06], "median": [1.18416310215e-05, 0.00288141518831, 0.00255061057396, 0.000682389072608, 0.00124728085939, 0.000290869793389, 0.000144568737596, 0.000247930001933, 0.000452734442661, 0.000119331976748, 0.000117995681649, 0.000103913276689, 0.000111718385597, 0.00011117408576, 0.000140425050631, 0.000143178534927, 0.000242417125264, 0.000153744986164, 0.000225889874855, 0.000172071217094, 0.000115196875413, 5.71115488128e-05, 3.95875067625e-05, 2.95607133012e-05, 1.71104675246e-05, 5.58928832106e-06, 3.30905379542e-07], "min": [2.01228556161e-23, 1.48444484597e-23, 7.48311403654e-24, 2.12082619573e-23, 5.11310356247e-23, 5.73690194971e-23, 9.09370704982e-23, 1.11033876349e-22, 1.35809220592e-22, 1.91713685109e-22, 2.90323216771e-23, 7.69513618204e-23, 8.7816172674e-23, 1.49985429712e-22, 1.28950926991e-22, 1.00435624751e-22, 1.54354873468e-22, 2.64374754321e-22, 1.30294249827e-22, 4.46915930855e-22, 4.7836101201e-22, 6.31596119511e-22, 3.93015501204e-22, 7.49687763986e-22, 1.15967702751e-21, 1.71746787609e-21, 2.59343033436e-21], "var": [1.15035462045e-07, 5.35707513336e-05, 6.83235921315e-05, 5.330392014e-06, 0.00012948049698, 1.27768248603e-06, 6.08798700341e-07, 2.47813204624e-06, 2.05172386814e-06, 5.0543405905e-07, 5.16763179803e-07, 1.67591693412e-07, 2.21990603677e-07, 1.11336120767e-07, 1.25969705778e-07, 2.01360151664e-07, 1.72907419937e-07, 1.45997276491e-07, 3.69259907984e-07, 4.75888725759e-07, 1.77671168444e-07, 1.34988070499e-07, 1.08231084539e-07, 4.62328024753e-08, 2.9095234666e-08, 3.46151995956e-09, 7.84348003213e-11]}, "erbbands": {"dmean": [0.065344043076, 0.891962349415, 3.68842053413, 3.89239048958, 7.78721523285, 17.4611721039, 5.83940792084, 3.41766142845, 2.91827821732, 9.44628620148, 8.84504318237, 11.8013191223, 9.65016460419, 3.78061342239, 12.0386037827, 6.90473175049, 8.23132324219, 8.03205490112, 6.45206451416, 9.41211509705, 7.45700788498, 8.61087417603, 7.64777088165, 10.5084457397, 9.85129833221, 10.4840250015, 5.52595806122, 3.92602539062, 3.07694244385, 3.04426312447, 1.9767562151, 1.13713216782, 0.763648271561, 0.498609811068, 0.259087771177, 0.100204452872, 0.0255174860358, 0.00443943496794, 0.000483398325741, 3.2781263144e-05], "dmean2": [0.0977525264025, 1.52032566071, 6.30058717728, 6.40542507172, 12.605260849, 29.0656852722, 10.5138626099, 5.71897935867, 4.50855445862, 14.5907497406, 14.9348678589, 17.9701499939, 14.6344804764, 5.93984699249, 19.2948589325, 11.1561326981, 13.5619945526, 13.0089073181, 10.6211109161, 15.0675029755, 11.5210580826, 13.8462820053, 12.4331188202, 17.0924472809, 15.9328107834, 16.8744773865, 8.6333732605, 6.00408935547, 4.71341371536, 4.7486410141, 2.93869757652, 1.7363152504, 1.15736782551, 0.762240111828, 0.385645806789, 0.147633984685, 0.0385632291436, 0.00683341827244, 0.00075188849587, 5.00515961903e-05], "dvar": [0.0198796615005, 4.4761300087, 109.787857056, 72.4174804688, 304.528289795, 3273.54345703, 361.123809814, 77.0759353638, 40.6863327026, 530.603759766, 667.082641602, 423.516082764, 456.411224365, 61.2526626587, 693.600036621, 175.212860107, 406.427764893, 254.574584961, 154.563964844, 265.687713623, 157.006225586, 182.706573486, 124.217399597, 353.839782715, 670.003295898, 720.710510254, 94.245475769, 59.6768913269, 37.6835365295, 55.5642623901, 14.762635231, 5.08446455002, 2.32860994339, 1.60328543186, 0.497223705053, 0.0722560808063, 0.00331991538405, 0.000122805795399, 1.49861728005e-06, 4.58145921201e-09], "dvar2": [0.0500611811876, 11.9026832581, 306.314910889, 185.38104248, 718.544250488, 8723.47363281, 1041.78674316, 212.238830566, 96.5227355957, 1333.30554199, 1932.72106934, 1042.58447266, 1036.99316406, 151.647018433, 1503.24511719, 439.770690918, 1105.43029785, 650.985168457, 421.219970703, 651.889770508, 380.046325684, 459.738739014, 323.787658691, 786.651184082, 1690.45031738, 1801.55114746, 231.267440796, 141.195465088, 92.2376937866, 134.068481445, 33.2599143982, 11.71641922, 5.45284032822, 3.86642479897, 1.00758183002, 0.155456438661, 0.00744564598426, 0.000287046364974, 3.50248046743e-06, 1.08271915877e-08], "max": [1.63675916195, 21.1640872955, 102.889884949, 89.2401580811, 216.303085327, 482.789825439, 191.431808472, 99.9918289185, 79.5934677124, 268.952941895, 295.959472656, 335.00668335, 499.823944092, 121.747512817, 427.480743408, 311.745849609, 292.935180664, 329.128601074, 272.150817871, 453.843200684, 432.566162109, 271.974609375, 217.926116943, 501.979766846, 618.107299805, 597.325500488, 193.359817505, 197.665603638, 143.908493042, 275.19418335, 117.377815247, 70.3182449341, 38.88829422, 52.9255599976, 33.5625610352, 15.0153217316, 1.96832168102, 0.403386801481, 0.035562235862, 0.00158483628184], "mean": [0.0972812175751, 1.18121278286, 4.73067617416, 5.393638134, 9.08180522919, 17.4722499847, 6.41379880905, 5.30493783951, 5.20398521423, 15.8531742096, 14.5161018372, 28.9614467621, 15.8178701401, 6.06696510315, 18.2476005554, 12.0130224228, 12.0775260925, 12.5584001541, 11.1437864304, 17.6884326935, 15.5415821075, 18.0696468353, 16.0716590881, 20.4360637665, 18.4825172424, 19.7257652283, 12.5053730011, 9.43124103546, 6.88462591171, 6.65802717209, 4.38262939453, 2.59431648254, 1.56906616688, 0.936797082424, 0.441875368357, 0.154646471143, 0.0367262139916, 0.00569188967347, 0.000567739771213, 5.04025811097e-05], "median": [0.0354328230023, 0.792484641075, 2.58024263382, 3.5535774231, 3.34816765785, 3.63084506989, 2.68873953819, 2.17699360847, 2.16038060188, 4.30494642258, 7.17902135849, 11.2664299011, 7.04689788818, 2.70803451538, 6.05622768402, 5.3002204895, 5.47316789627, 6.90753364563, 6.95494890213, 8.1909160614, 9.78781414032, 12.3114929199, 10.3211488724, 11.9954843521, 7.99939632416, 8.43548774719, 6.45618629456, 3.46190905571, 2.03397297859, 1.777110219, 1.04442059994, 0.653531908989, 0.437514811754, 0.219338983297, 0.102133303881, 0.0363383367658, 0.00801177229732, 0.000913326395676, 7.30027750251e-05, 2.75599322777e-05], "min": [7.86726714617e-22, 1.97810953866e-21, 5.59691849373e-21, 3.06840903392e-20, 1.71197254531e-19, 1.82830813139e-19, 1.44443609808e-19, 6.6666440523e-19, 9.18763775228e-19, 1.80558514392e-18, 2.63466661752e-18, 2.85586236474e-18, 3.8981039395e-18, 6.44657833719e-18, 1.97039777905e-18, 2.71432514449e-18, 4.24928015983e-18, 5.36962764355e-18, 7.63134912855e-18, 7.74900564452e-18, 4.72354664558e-18, 7.95117768521e-18, 1.37583693971e-17, 1.01967306844e-17, 1.07045906292e-17, 1.80627228286e-17, 1.97273460564e-17, 2.29577493918e-17, 2.32068267091e-17, 1.72538593035e-17, 1.07624171714e-17, 1.31517655939e-17, 1.3038680078e-17, 1.2125258442e-17, 9.57124731085e-18, 7.55776479562e-18, 2.83507510915e-18, 1.05177431433e-18, 2.82112532851e-19, 4.43006205952e-20], "var": [0.029037963599, 3.92147064209, 79.4778442383, 69.6645812988, 328.158447266, 2844.78442383, 235.843109131, 83.1496734619, 78.2469406128, 913.897888184, 575.611450195, 1439.34020996, 815.530883789, 90.0062561035, 1272.7598877, 296.148376465, 443.632232666, 327.771911621, 190.956420898, 594.307067871, 332.915161133, 369.278106689, 365.817138672, 1112.76843262, 1054.66003418, 1478.86364746, 291.816345215, 281.689178467, 155.482681274, 204.558883667, 67.0102615356, 25.3237037659, 9.50850200653, 4.2149939537, 1.2151030302, 0.139330625534, 0.00613506697118, 0.000197615096113, 2.17701813199e-06, 6.17785067547e-09]}, "gfcc": {"mean": [-23.0693054199, 80.4694442749, -120.851226807, 44.5699195862, -54.6024284363, 8.64770317078, -33.5455703735, 10.7472028732, -24.2333564758, -1.51255941391, -20.8773365021, -7.20837116241, -12.2316484451], "cov": [[14003.2568359, -954.690063477, 370.094451904, 1468.6361084, -283.309906006, 1378.15161133, 125.076438904, 562.736877441, -251.917205811, 382.533752441, -259.391265869, 230.942779541, -414.852111816], [-954.690063477, 1358.70178223, -192.946624756, -9.45732784271, 332.319000244, -178.204696655, 162.471328735, -17.3559627533, 103.062156677, -86.2994842529, 60.8575706482, -136.305007935, 78.6078414917], [370.094451904, -192.946624756, 1035.59191895, 156.892837524, 175.682144165, 309.308532715, 29.2202758789, -1.17568027973, -24.8184165955, 13.5210523605, -41.8632698059, 84.5944213867, -63.3251342773], [1468.6361084, -9.45732784271, 156.892837524, 602.793701172, 202.557250977, 249.618896484, 167.115921021, 158.287094116, 57.067363739, 51.0842094421, -23.6264133453, -35.149597168, -20.6458759308], [-283.309906006, 332.319000244, 175.682144165, 202.557250977, 362.519500732, 30.0671730042, 148.976364136, 77.0224151611, 71.6035690308, -6.95201063156, -4.0391163826, -63.7335205078, 14.944152832], [1378.15161133, -178.204696655, 309.308532715, 249.618896484, 30.0671730042, 368.569122314, 89.9928588867, 92.9621658325, -2.76723670959, 49.4775657654, -23.0484676361, 61.8088531494, -59.4508628845], [125.076438904, 162.471328735, 29.2202758789, 167.115921021, 148.976364136, 89.9928588867, 188.109313965, 112.581375122, 82.049331665, 13.9238901138, -2.15545940399, -47.2436256409, 2.08937454224], [562.736877441, -17.3559627533, -1.17568027973, 158.287094116, 77.0224151611, 92.9621658325, 112.581375122, 175.807403564, 76.8724975586, 40.7680473328, -30.6726856232, -38.7347412109, -15.349486351], [-251.917205811, 103.062156677, -24.8184165955, 57.067363739, 71.6035690308, -2.76723670959, 82.049331665, 76.8724975586, 117.079414368, 26.1761856079, 5.89237785339, -49.6881904602, 7.58356428146], [382.533752441, -86.2994842529, 13.5210523605, 51.0842094421, -6.95201063156, 49.4775657654, 13.9238901138, 40.7680473328, 26.1761856079, 79.3301086426, 21.9582023621, 17.9989128113, -20.910161972], [-259.391265869, 60.8575706482, -41.8632698059, -23.6264133453, -4.0391163826, -23.0484676361, -2.15545940399, -30.6726856232, 5.89237785339, 21.9582023621, 82.1550979614, 41.1916389465, 12.1783895493], [230.942779541, -136.305007935, 84.5944213867, -35.149597168, -63.7335205078, 61.8088531494, -47.2436256409, -38.7347412109, -49.6881904602, 17.9989128113, 41.1916389465, 110.92263031, 0.356863051653], [-414.852111816, 78.6078414917, -63.3251342773, -20.6458759308, 14.944152832, -59.4508628845, 2.08937454224, -15.349486351, 7.58356428146, -20.910161972, 12.1783895493, 0.356863051653, 66.449005127]], "icov": [[0.00028629071312, -0.00029436533805, 0.000171574400156, -0.000615323078819, 0.000447696336778, -0.000410875072703, 0.000270050950348, -0.000595442659687, 0.000921075872611, -0.00101293483749, 0.00117966695689, -0.000754220469389, 0.000857568404172], [-0.00029436533805, 0.00178454234265, 0.000143422366818, 0.00106345256791, -0.00177729676943, 1.59129267558e-05, -0.000762358540669, 0.0012865915196, -0.00120109680574, 0.00229781563394, -0.00299231382087, 0.00233257049695, -0.00135059806053], [0.000171574400156, 0.000143422366818, 0.00211354554631, -1.20363574752e-05, -0.00171138148289, -0.00197705905885, 0.000877360755112, 0.00114241277333, -0.000648156157695, -0.000280427047983, 0.00223639421165, -0.00198539183475, 0.00135080923792], [-0.000615323078819, 0.00106345256791, -1.20363574752e-05, 0.00497904326767, -0.00285083078779, -0.00194578326773, -0.000559457985219, 0.000261778535787, -0.000797959393822, 0.00129991513677, -0.00387893710285, 0.00435723876581, -0.00339810014702], [0.000447696336778, -0.00177729676943, -0.00171138148289, -0.00285083078779, 0.00811718869954, 0.00202996702865, -0.00311997253448, -0.00196068757214, 0.00210779649206, -0.00174326752312, 0.00166611559689, -0.000589673465583, 0.000925387954339], [-0.000410875072703, 1.59129267558e-05, -0.00197705905885, -0.00194578326773, 0.00202996702865, 0.010194930248, -0.0054442496039, -0.000267703057034, -0.000504404364619, 0.00033753956086, 0.00246975221671, -0.00636952649802, 0.00344674335793], [0.000270050950348, -0.000762358540669, 0.000877360755112, -0.000559457985219, -0.00311997253448, -0.0054442496039, 0.0170476362109, -0.00634124176577, -0.00299336761236, 0.00244361581281, -0.00403214804828, 0.00370546616614, -0.00109026650898], [-0.000595442659687, 0.0012865915196, 0.00114241277333, 0.000261778535787, -0.00196068757214, -0.000267703057034, -0.00634124176577, 0.0176205243915, -0.00821920949966, -0.00296384794638, 0.0060123372823, -0.000924010237213, -0.000689887499902], [0.000921075872611, -0.00120109680574, -0.000648156157695, -0.000797959393822, 0.00210779649206, -0.000504404364619, -0.00299336761236, -0.00821920949966, 0.023136202246, -0.00874476879835, -0.00253448472358, 0.00692344037816, -0.00138903991319], [-0.00101293483749, 0.00229781563394, -0.000280427047983, 0.00129991513677, -0.00174326752312, 0.00033753956086, 0.00244361581281, -0.00296384794638, -0.00874476879835, 0.0270351301879, -0.0132266487926, 0.000972579815425, 0.00295132352039], [0.00117966695689, -0.00299231382087, 0.00223639421165, -0.00387893710285, 0.00166611559689, 0.00246975221671, -0.00403214804828, 0.0060123372823, -0.00253448472358, -0.0132266487926, 0.0345029756427, -0.0209229290485, 0.00509727280587], [-0.000754220469389, 0.00233257049695, -0.00198539183475, 0.00435723876581, -0.000589673465583, -0.00636952649802, 0.00370546616614, -0.000924010237213, 0.00692344037816, 0.000972579815425, -0.0209229290485, 0.0315606854856, -0.0107213668525], [0.000857568404172, -0.00135059806053, 0.00135080923792, -0.00339810014702, 0.000925387954339, 0.00344674335793, -0.00109026650898, -0.000689887499902, -0.00138903991319, 0.00295132352039, 0.00509727280587, -0.0107213668525, 0.025193490088]]}, "melbands": {"dmean": [0.00071310705971, 0.00166987720877, 0.000719017465599, 0.001003635698, 0.000308400049107, 7.70746046328e-05, 4.53110187664e-05, 0.000111637164082, 7.41003532312e-05, 7.10477324901e-05, 4.75972083223e-05, 1.39013136504e-05, 3.50812952092e-05, 2.60470842477e-05, 1.83130359801e-05, 1.83053052751e-05, 1.59390801855e-05, 1.06746765596e-05, 9.81815446721e-06, 1.62205360539e-05, 8.62433444127e-06, 1.01896466731e-05, 9.16278531804e-06, 6.41265614831e-06, 9.54542520049e-06, 8.48684339871e-06, 6.1272903622e-06, 7.84422263678e-06, 4.20049491368e-06, 2.99983480545e-06, 2.54750102613e-06, 1.92204993255e-06, 1.86321415185e-06, 1.82444887287e-06, 1.29868328713e-06, 8.93666424417e-07, 7.45273268876e-07, 6.21983872406e-07, 5.087482009e-07, 4.09047402172e-07], "dmean2": [0.0011428988073, 0.00283855688758, 0.00118232239038, 0.00161224941257, 0.000548109703232, 0.000128347426653, 7.04541962477e-05, 0.000172905463842, 0.000123626712593, 0.000107770320028, 7.21965479897e-05, 2.20084657485e-05, 5.63039975532e-05, 4.23734054493e-05, 3.0573370168e-05, 3.03216456814e-05, 2.56140501733e-05, 1.75654258783e-05, 1.61890020536e-05, 2.55305731116e-05, 1.3509321434e-05, 1.63351542142e-05, 1.52083603098e-05, 1.05591761894e-05, 1.56709575094e-05, 1.37381121021e-05, 1.01667637864e-05, 1.26234999698e-05, 6.76581385051e-06, 4.72275542052e-06, 4.07938887292e-06, 3.01076556752e-06, 2.95728546007e-06, 2.9081518278e-06, 1.95970869754e-06, 1.37390986765e-06, 1.16244518722e-06, 9.56345729719e-07, 7.89329760664e-07, 6.37565619854e-07], "dvar": [1.94140443455e-06, 2.13543044083e-05, 2.49329468716e-06, 8.67374092195e-06, 1.03273589502e-06, 3.82337042026e-08, 1.00729380392e-08, 7.78689255299e-08, 3.80445648318e-08, 1.57171271553e-08, 1.14268194906e-08, 9.21973553059e-10, 5.67734881329e-09, 2.25071850046e-09, 1.20904708467e-09, 2.14548157018e-09, 9.53711887242e-10, 4.18906825894e-10, 3.80718262472e-10, 8.73161487558e-10, 2.23262158761e-10, 2.69171407385e-10, 1.95413824011e-10, 9.94943502586e-11, 3.14377163191e-10, 3.80499409758e-10, 2.55984289321e-10, 3.63745311649e-10, 6.06260527891e-11, 3.67460402384e-11, 2.80855130819e-11, 1.57376455617e-11, 2.18730415724e-11, 2.15060018405e-11, 7.13072960054e-12, 2.93287833256e-12, 3.06214775758e-12, 2.2491767563e-12, 1.28574245434e-12, 1.51029395153e-12], "dvar2": [4.83242638438e-06, 5.88634538872e-05, 6.45202544547e-06, 2.14352767216e-05, 2.96045709547e-06, 1.05115766758e-07, 2.41693420833e-08, 1.98831770604e-07, 1.09557603878e-07, 3.89695031799e-08, 2.61411088331e-08, 2.28207386321e-09, 1.25282566543e-08, 5.39775379949e-09, 3.1213047702e-09, 5.96699756272e-09, 2.34868124949e-09, 1.13989584438e-09, 9.68453428563e-10, 2.09917883076e-09, 5.28798949073e-10, 6.52887743868e-10, 5.18257270432e-10, 2.43413900147e-10, 6.96761315311e-10, 9.61667856458e-10, 6.58523291452e-10, 8.96214991108e-10, 1.45533876617e-10, 9.98936836027e-11, 7.19376780367e-11, 4.01733160627e-11, 5.0486462233e-11, 5.72883684935e-11, 1.64615994447e-11, 6.95724988037e-12, 7.03950656447e-12, 5.33896451355e-12, 3.15989248656e-12, 3.95104522016e-12], "max": [0.0146415270865, 0.0427895374596, 0.0159367043525, 0.0256639178842, 0.00913446955383, 0.00225528492592, 0.00123270589393, 0.00321237929165, 0.00228867470287, 0.00223497208208, 0.00251892837696, 0.000493860279676, 0.00114623212721, 0.00099367427174, 0.000582768407185, 0.000756807276048, 0.000594515528064, 0.000423535821028, 0.000699117663316, 0.00063800252974, 0.000516174011864, 0.000334102689521, 0.000311504671117, 0.000256092840573, 0.000467648962513, 0.000384068931453, 0.000299467123114, 0.00037814542884, 0.000143534896779, 0.000126394312247, 0.000105243641883, 7.31086693122e-05, 0.000174883272848, 0.000176175148226, 8.60819418449e-05, 4.52663553006e-05, 4.95217536809e-05, 4.41947413492e-05, 4.59110560769e-05, 5.70208030695e-05], "mean": [0.00107539701276, 0.00223885383457, 0.000984133919701, 0.0010833098786, 0.000321361003444, 0.000121472512546, 7.99348199507e-05, 0.000182535412023, 0.000133402500069, 0.00017128638865, 7.29457533453e-05, 2.03450545087e-05, 5.20481080457e-05, 4.08540290664e-05, 2.71990920737e-05, 2.47038515226e-05, 2.35733405134e-05, 1.73428907146e-05, 1.72227864823e-05, 2.85335809167e-05, 1.65588135133e-05, 1.98455509235e-05, 1.65334604389e-05, 1.27659041027e-05, 1.69449685927e-05, 1.50264040712e-05, 1.08039239421e-05, 1.3675487935e-05, 8.32331625134e-06, 6.26565361017e-06, 5.3255680541e-06, 3.97069334213e-06, 3.65824394066e-06, 3.72870363208e-06, 2.7147164019e-06, 1.82217343081e-06, 1.58529383043e-06, 1.19760215966e-06, 9.25514314076e-07, 7.26697862774e-07], "median": [0.000640813959762, 0.00161425280385, 0.000639795383904, 0.000281599612208, 0.000106371677248, 5.16100808454e-05, 3.06388137687e-05, 5.05265779793e-05, 5.40506189282e-05, 6.84621918481e-05, 2.79679279629e-05, 7.96094991529e-06, 1.71020747075e-05, 1.73866519617e-05, 1.18647776617e-05, 1.11109411591e-05, 1.22328501675e-05, 1.037959737e-05, 8.00490670372e-06, 1.35651634992e-05, 9.42526639847e-06, 1.20640834211e-05, 1.1051828551e-05, 7.2588909461e-06, 9.10808012122e-06, 6.28513271295e-06, 4.1187640818e-06, 5.66715061723e-06, 4.48947093901e-06, 2.52653558164e-06, 1.81684970357e-06, 1.14268652851e-06, 1.00097349787e-06, 9.27281632812e-07, 6.27097961114e-07, 4.31964195968e-07, 3.86725844237e-07, 3.21702344763e-07, 2.42442268927e-07, 1.62152218763e-07], "min": [6.13681837771e-24, 3.13738659476e-24, 1.13293568412e-23, 1.24588226418e-23, 6.03415089191e-24, 1.33789279135e-23, 1.58560442415e-23, 2.06926640474e-23, 2.10139954931e-23, 1.85369470071e-23, 1.95605871173e-23, 2.77644928292e-23, 5.5031465285e-24, 6.74921859262e-24, 1.02429494355e-23, 7.47702403035e-24, 1.0320701144e-23, 1.33773012823e-23, 1.08842365534e-23, 8.43827155375e-24, 4.96748039157e-24, 7.05748413513e-24, 1.1304801179e-23, 1.44286256771e-23, 7.35417866589e-24, 5.30918850887e-24, 1.0346608125e-23, 1.29744852383e-23, 1.32581091327e-23, 1.10805564226e-23, 1.38274079599e-23, 1.25001021552e-23, 1.2232578123e-23, 8.70205875185e-24, 5.89030644458e-24, 6.56161524201e-24, 8.66473143153e-24, 9.43611827884e-24, 8.34720702857e-24, 1.07377387725e-23], "var": [2.71845897259e-06, 1.59775972861e-05, 2.30355885833e-06, 8.70209441928e-06, 7.0837165822e-07, 4.21254178207e-08, 1.87607085422e-08, 1.25692096731e-07, 3.989418218e-08, 4.78495501e-08, 2.00960545982e-08, 1.31073796261e-09, 9.9374961593e-09, 3.83903042689e-09, 1.82244686009e-09, 2.01444838588e-09, 1.30509092422e-09, 5.02001773484e-10, 6.46418973904e-10, 1.83984549817e-09, 4.75634365227e-10, 5.69672031769e-10, 3.6110925361e-10, 3.15850345878e-10, 9.24466947438e-10, 6.81525502699e-10, 4.55194021365e-10, 7.02608915493e-10, 1.24099244769e-10, 1.22662519031e-10, 9.77954939252e-11, 5.55194328011e-11, 6.23137930145e-11, 6.88495024881e-11, 2.67376051855e-11, 1.13785135827e-11, 1.27383173454e-11, 7.71890537599e-12, 3.38421565077e-12, 3.07721144573e-12]}, "mfcc": {"mean": [-659.719299316, 102.269226074, -3.24929690361, 34.8312225342, 3.3613550663, 3.79748487473, 1.50762760639, 4.35122251511, 2.71320319176, 3.88715076447, -1.39038443565, -0.0899229645729, -5.0858464241], "cov": [[10715.5380859, -138.427810669, 243.583114624, 189.624526978, 83.2102584839, 518.092712402, 263.755371094, 350.735565186, 112.027160645, 150.307861328, 120.770759583, 194.482925415, 217.453063965], [-138.427810669, 1208.17736816, -302.3855896, 151.258972168, 98.889541626, -31.2821235657, 58.2618713379, 12.2519378662, 59.7291069031, 32.51304245, 7.70466995239, 25.1214733124, -25.5669403076], [243.583114624, -302.3855896, 774.062866211, -35.6324958801, 156.551208496, 235.597229004, 74.7311096191, 108.620239258, 4.4073138237, -29.1582279205, 13.8483915329, -3.73086500168, 36.3085098267], [189.624526978, 151.258972168, -35.6324958801, 401.048034668, 171.155593872, 77.4607315063, 121.204650879, 78.7754669189, 131.904205322, 129.12802124, 56.2544517517, 11.1301898956, -8.39432621002], [83.2102584839, 98.889541626, 156.551208496, 171.155593872, 202.646194458, 117.286964417, 94.8059768677, 77.2704467773, 70.9368515015, 46.0438537598, 37.7102966309, 9.30302429199, -5.43798017502], [518.092712402, -31.2821235657, 235.597229004, 77.4607315063, 117.286964417, 204.136444092, 103.948440552, 97.6523895264, 41.8338470459, 19.4555721283, 33.6797485352, 26.9678821564, 27.2616996765], [263.755371094, 58.2618713379, 74.7311096191, 121.204650879, 94.8059768677, 103.948440552, 136.724609375, 95.3044586182, 71.0088272095, 50.7291755676, 33.7172737122, 23.2106266022, 13.2157144547], [350.735565186, 12.2519378662, 108.620239258, 78.7754669189, 77.2704467773, 97.6523895264, 95.3044586182, 138.329452515, 86.0447769165, 55.2985954285, 39.1583824158, 25.7667865753, 16.6368122101], [112.027160645, 59.7291069031, 4.4073138237, 131.904205322, 70.9368515015, 41.8338470459, 71.0088272095, 86.0447769165, 147.621932983, 113.544387817, 47.4023590088, 7.03785800934, 1.48296821117], [150.307861328, 32.51304245, -29.1582279205, 129.12802124, 46.0438537598, 19.4555721283, 50.7291755676, 55.2985954285, 113.544387817, 149.756362915, 60.9236717224, 4.59085559845, 3.56481719017], [120.770759583, 7.70466995239, 13.8483915329, 56.2544517517, 37.7102966309, 33.6797485352, 33.7172737122, 39.1583824158, 47.4023590088, 60.9236717224, 82.4908370972, 38.2436485291, 9.00169277191], [194.482925415, 25.1214733124, -3.73086500168, 11.1301898956, 9.30302429199, 26.9678821564, 23.2106266022, 25.7667865753, 7.03785800934, 4.59085559845, 38.2436485291, 90.748260498, 43.6807403564], [217.453063965, -25.5669403076, 36.3085098267, -8.39432621002, -5.43798017502, 27.2616996765, 13.2157144547, 16.6368122101, 1.48296821117, 3.56481719017, 9.00169277191, 43.6807403564, 83.8252105713]], "icov": [[0.000120877790323, 3.71708347302e-06, 7.49712271499e-05, -4.73138170491e-05, 0.00017442360695, -0.000417266332079, 0.000119079813885, -0.00026912408066, 0.000207245175261, -0.000194212974748, 8.72970267665e-05, -7.87466269685e-05, -0.00013173892512], [3.71708347302e-06, 0.00109264010098, 0.000626184919383, 0.000154670371558, -0.00111907569226, 0.000147969971295, -0.000336080905981, 9.37840377446e-05, -0.000259241904132, 0.000193092913833, 0.00040321747656, -0.000402701611165, 0.000144447170896], [7.49712271499e-05, 0.000626184919383, 0.00302190589719, 0.00122705940157, -0.00244618696161, -0.00274461484514, 0.00105838093441, -0.00122420850676, 0.000532057601959, 7.94129082351e-05, 6.39820354991e-05, 0.00120520591736, -0.00102720630821], [-4.73138170491e-05, 0.000154670371558, 0.00122705940157, 0.00626656087115, -0.00483774673194, -1.84348646144e-05, -0.00252352189273, 0.00164292112458, -0.0010843349155, -0.00297873071395, 0.000961259822361, -0.000246153911576, 0.000200797541765], [0.00017442360695, -0.00111907569226, -0.00244618696161, -0.00483774673194, 0.0145666021854, -0.00346056488343, -0.00143057887908, 0.000176330300746, -0.00193344254512, 0.00247597740963, -0.00224628765136, 0.000248405209277, 0.00208295928314], [-0.000417266332079, 0.000147969971295, -0.00274461484514, -1.84348646144e-05, -0.00346056488343, 0.0154626881704, -0.00621192250401, -0.00224029785022, 0.00121514790226, 0.00173939194065, -0.00189999793656, 3.02065654978e-05, -0.00142192305066], [0.000119079813885, -0.000336080905981, 0.00105838093441, -0.00252352189273, -0.00143057887908, -0.00621192250401, 0.0207965876907, -0.00859659630805, -0.000103941849375, -0.00067016587127, 0.00122883031145, -0.00100400438532, -0.000346134125721], [-0.00026912408066, 9.37840377446e-05, -0.00122420850676, 0.00164292112458, 0.000176330300746, -0.00224029785022, -0.00859659630805, 0.0215426683426, -0.0103069348261, 0.00212995242327, -0.00117093569133, -0.0020366627723, 0.000520098663401], [0.000207245175261, -0.000259241904132, 0.000532057601959, -0.0010843349155, -0.00193344254512, 0.00121514790226, -0.000103941849375, -0.0103069348261, 0.0247621163726, -0.0143818212673, 0.00184461206663, 0.000443691940745, 0.000329904316459], [-0.000194212974748, 0.000193092913833, 7.94129082351e-05, -0.00297873071395, 0.00247597740963, 0.00173939194065, -0.00067016587127, 0.00212995242327, -0.0143818212673, 0.0234322268516, -0.0117195276543, 0.00585232907906, -0.00302527658641], [8.72970267665e-05, 0.00040321747656, 6.39820354991e-05, 0.000961259822361, -0.00224628765136, -0.00189999793656, 0.00122883031145, -0.00117093569133, 0.00184461206663, -0.0117195276543, 0.0259350147098, -0.0122714135796, 0.00455116759986], [-7.87466269685e-05, -0.000402701611165, 0.00120520591736, -0.000246153911576, 0.000248405209277, 3.02065654978e-05, -0.00100400438532, -0.0020366627723, 0.000443691940745, 0.00585232907906, -0.0122714135796, 0.0219714995474, -0.0102845728397], [-0.00013173892512, 0.000144447170896, -0.00102720630821, 0.000200797541765, 0.00208295928314, -0.00142192305066, -0.000346134125721, 0.000520098663401, 0.000329904316459, -0.00302527658641, 0.00455116759986, -0.0102845728397, 0.0183226447552]]}, "spectral_contrast_coeffs": {"dmean": [0.0576973892748, 0.0427046120167, 0.0375558361411, 0.0311902500689, 0.0230823867023, 0.0185586865991], "dmean2": [0.0934202820063, 0.0691791772842, 0.0587741881609, 0.0488631203771, 0.0372966937721, 0.0291194375604], "dvar": [0.00284988735802, 0.00138445198536, 0.00102871353738, 0.000754998938646, 0.000406127423048, 0.00034420756856], "dvar2": [0.00710326246917, 0.003515613731, 0.00237648794428, 0.00170543324202, 0.000959005090408, 0.00078507460421], "max": [-0.275949329138, -0.403833270073, -0.448178946972, -0.514523923397, -0.513630390167, -0.53110730648], "mean": [-0.645362496376, -0.73634237051, -0.747629463673, -0.775398313999, -0.774764478207, -0.752011597157], "median": [-0.659486830235, -0.738190293312, -0.750790655613, -0.7799872756, -0.776838600636, -0.752657771111], "min": [-0.943248450756, -0.962068796158, -0.961208343506, -0.955727934837, -0.959150731564, -0.960042476654], "var": [0.00749016134068, 0.00424621952698, 0.00436335289851, 0.0028818231076, 0.00229859957471, 0.00158891640604]}, "spectral_contrast_valleys": {"dmean": [0.609452724457, 0.421163678169, 0.376082569361, 0.326213508844, 0.272375971079, 0.422470808029], "dmean2": [0.878878593445, 0.675463080406, 0.584538280964, 0.500743508339, 0.395406991243, 0.531415760517], "dvar": [0.500128626823, 0.28637650609, 0.220907121897, 0.207991927862, 0.174704700708, 0.338014423847], "dvar2": [0.788210809231, 0.567621290684, 0.392074584961, 0.367791026831, 0.277997761965, 0.623407661915], "max": [-5.16990709305, -4.47167921066, -5.33537483215, -5.21671962738,