{"lowlevel": {"average_loudness": 0.931165874004, "barkbands_crest": {"dmean": 2.73871016502, "dmean2": 4.26071643829, "dvar": 6.73328971863, "dvar2": 15.3583841324, "max": 24.9920768738, "mean": 10.8802461624, "median": 10.2166385651, "min": 2.66245961189, "var": 18.5841712952}, "barkbands_flatness_db": {"dmean": 0.0274544321001, "dmean2": 0.0385435409844, "dvar": 0.000685900798999, "dvar2": 0.00136010802817, "max": 0.306553423405, "mean": 0.136763602495, "median": 0.133186131716, "min": 0.0235961135477, "var": 0.00249756360427}, "barkbands_kurtosis": {"dmean": 4.44500875473, "dmean2": 6.57903957367, "dvar": 40.4199447632, "dvar2": 72.8157730103, "max": 129.660552979, "mean": 8.03294372559, "median": 4.64334440231, "min": -1.87663280964, "var": 123.850349426}, "barkbands_skewness": {"dmean": 0.63223695755, "dmean2": 0.937298953533, "dvar": 0.423652112484, "dvar2": 0.834095478058, "max": 10.4799079895, "mean": 2.0940849781, "median": 1.92187440395, "min": -2.34875798225, "var": 2.21846008301}, "barkbands_spread": {"dmean": 7.9209690094, "dmean2": 12.6852617264, "dvar": 137.492492676, "dvar2": 342.483856201, "max": 120.431594849, "mean": 19.9767284393, "median": 14.8880634308, "min": 1.54611432552, "var": 247.177978516}, "dissonance": {"dmean": 0.0205669589341, "dmean2": 0.0343296900392, "dvar": 0.000388598011341, "dvar2": 0.000997128896415, "max": 0.499999940395, "mean": 0.456381380558, "median": 0.461280018091, "min": 0.0170426592231, "var": 0.000768637051806}, "dynamic_complexity": 5.41529560089, "erbbands_crest": {"dmean": 2.91418218613, "dmean2": 4.54968833923, "dvar": 8.58897209167, "dvar2": 18.3759174347, "max": 32.4980278015, "mean": 10.0642166138, "median": 8.56258773804, "min": 2.55015325546, "var": 28.8423480988}, "erbbands_flatness_db": {"dmean": 0.0217203386128, "dmean2": 0.0307953003794, "dvar": 0.000474394764751, "dvar2": 0.00096479075728, "max": 0.311183542013, "mean": 0.139431282878, "median": 0.136973112822, "min": 0.0258007626981, "var": 0.00224771141075}, "erbbands_kurtosis": {"dmean": 1.18520367146, "dmean2": 1.84518373013, "dvar": 4.24629354477, "dvar2": 9.16048431396, "max": 50.7599716187, "mean": 0.974394738674, "median": 0.0800223350525, "min": -1.76233708858, "var": 10.3570833206}, "erbbands_skewness": {"dmean": 0.365656048059, "dmean2": 0.544248759747, "dvar": 0.120861582458, "dvar2": 0.256802171469, "max": 4.83365535736, "mean": 0.61953663826, "median": 0.575794517994, "min": -1.90145933628, "var": 0.583622515202}, "erbbands_spread": {"dmean": 9.56798362732, "dmean2": 14.7518844604, "dvar": 108.774719238, "dvar2": 259.755004883, "max": 140.103118896, "mean": 42.3152694702, "median": 40.0073204041, "min": 2.31599783897, "var": 486.608154297}, "hfc": {"dmean": 10.6509809494, "dmean2": 17.8389968872, "dvar": 522.714172363, "dvar2": 1447.12243652, "max": 221.475341797, "mean": 17.2023563385, "median": 10.8295440674, "min": 1.22002800839e-16, "var": 468.767669678}, "melbands_crest": {"dmean": 3.61382079124, "dmean2": 5.53555250168, "dvar": 11.7010755539, "dvar2": 24.6888542175, "max": 32.4251976013, "mean": 15.8658676147, "median": 15.309422493, "min": 2.52401065826, "var": 36.4006080627}, "melbands_flatness_db": {"dmean": 0.0308651402593, "dmean2": 0.0427363179624, "dvar": 0.000954070303123, "dvar2": 0.00178619287908, "max": 0.41964545846, "mean": 0.210084542632, "median": 0.209590271115, "min": 0.00504301954061, "var": 0.00544386077672}, "melbands_kurtosis": {"dmean": 10.2181816101, "dmean2": 14.765381813, "dvar": 257.618713379, "dvar2": 479.713592529, "max": 349.644958496, "mean": 21.9766101837, "median": 11.8269281387, "min": -1.69769132137, "var": 857.629394531}, "melbands_skewness": {"dmean": 0.855240881443, "dmean2": 1.24455177784, "dvar": 0.793990135193, "dvar2": 1.52449917793, "max": 14.9288482666, "mean": 3.20740461349, "median": 2.81959152222, "min": -1.54516792297, "var": 4.58163690567}, "melbands_spread": {"dmean": 5.98321628571, "dmean2": 9.04311561584, "dvar": 71.5629348755, "dvar2": 136.263626099, "max": 167.615783691, "mean": 19.6197147369, "median": 12.9199914932, "min": 0.950047016144, "var": 506.069854736}, "pitch_salience": {"dmean": 0.0809464678168, "dmean2": 0.123973570764, "dvar": 0.00644986890256, "dvar2": 0.0128874480724, "max": 0.979624271393, "mean": 0.526424705982, "median": 0.540229320526, "min": 0.090462140739, "var": 0.0155451633036}, "silence_rate_20dB": {"dmean": 0, "dmean2": 0, "dvar": 0, "dvar2": 0, "max": 1, "mean": 1, "median": 1, "min": 1, "var": 0}, "silence_rate_30dB": {"dmean": 0.0523371957242, "dmean2": 0.104695305228, "dvar": 0.0496005788445, "dvar2": 0.0957294479012, "max": 1, "mean": 0.922907948494, "median": 1, "min": 0, "var": 0.0711478218436}, "silence_rate_60dB": {"dmean": 0.0223731528968, "dmean2": 0.0447552464902, "dvar": 0.0218743495643, "dvar2": 0.0527456738055, "max": 1, "mean": 0.122029155493, "median": 0, "min": 0, "var": 0.107139766216}, "spectral_centroid": {"dmean": 228.052505493, "dmean2": 345.471801758, "dvar": 71716.0703125, "dvar2": 127656.851562, "max": 11101.7294922, "mean": 1157.68249512, "median": 993.926330566, "min": 220.353805542, "var": 543978.8125}, "spectral_complexity": {"dmean": 2.836196661, "dmean2": 4.53906106949, "dvar": 12.0709199905, "dvar2": 27.4163780212, "max": 44, "mean": 13.5813856125, "median": 14, "min": 0, "var": 41.3581848145}, "spectral_decrease": {"dmean": 3.01546854153e-09, "dmean2": 4.34705249575e-09, "dvar": 2.37947585644e-17, "dvar2": 4.60183967431e-17, "max": -9.92584420569e-31, "mean": -8.13945977285e-09, "median": -4.93188245798e-09, "min": -5.00360926026e-08, "var": 8.75648631888e-17}, "spectral_energy": {"dmean": 0.0119147868827, "dmean2": 0.0174366794527, "dvar": 0.000363677274436, "dvar2": 0.000718801165931, "max": 0.196623340249, "mean": 0.0322805568576, "median": 0.0201565511525, "min": 1.10697647423e-20, "var": 0.00131435238291}, "spectral_energyband_high": {"dmean": 0.000678033742588, "dmean2": 0.00116659817286, "dvar": 2.8681895401e-06, "dvar2": 7.95988944446e-06, "max": 0.0171267148107, "mean": 0.00075180066051, "median": 0.000232920836424, "min": 8.14796814054e-21, "var": 2.38070219893e-06}, "spectral_energyband_low": {"dmean": 0.00858222134411, "dmean2": 0.0117157138884, "dvar": 0.000265960581601, "dvar2": 0.000453346321592, "max": 0.17006456852, "mean": 0.0183640103787, "median": 0.0033114682883, "min": 6.01148991578e-23, "var": 0.000833111582324}, "spectral_energyband_middle_high": {"dmean": 0.00168587791268, "dmean2": 0.0026377257891, "dvar": 1.1686376638e-05, "dvar2": 2.84879261017e-05, "max": 0.0509162731469, "mean": 0.00333324400708, "median": 0.00214729295112, "min": 1.53828108759e-21, "var": 1.97810422833e-05}, "spectral_energyband_middle_low": {"dmean": 0.00613190233707, "dmean2": 0.00959508307278, "dvar": 0.000164107666933, "dvar2": 0.00033080598223, "max": 0.165956288576, "mean": 0.0121299894527, "median": 0.00783235765994, "min": 3.28065717734e-22, "var": 0.000244979397394}, "spectral_entropy": {"dmean": 0.24366080761, "dmean2": 0.353049963713, "dvar": 0.0687261372805, "dvar2": 0.153918594122, "max": 9.79742527008, "mean": 7.51026058197, "median": 7.45449924469, "min": 6.09597206116, "var": 0.199130058289}, "spectral_flux": {"dmean": 0.0320305265486, "dmean2": 0.0507497750223, "dvar": 0.00152001902461, "dvar2": 0.00326265464537, "max": 0.377939671278, "mean": 0.083169490099, "median": 0.0603930614889, "min": 1.05212949464e-10, "var": 0.00452480837703}, "spectral_kurtosis": {"dmean": 1.27783977985, "dmean2": 2.03319978714, "dvar": 1.87334418297, "dvar2": 4.57355594635, "max": 16.9033069611, "mean": 4.70029401779, "median": 4.52112388611, "min": -1.1737382412, "var": 6.25407600403}, "spectral_rms": {"dmean": 0.0009274436743, "dmean2": 0.00133788178209, "dvar": 1.47350021962e-06, "dvar2": 2.70189639195e-06, "max": 0.0138501860201, "mean": 0.00476487539709, "median": 0.00443451525643, "min": 3.28630048521e-12, "var": 8.78916671354e-06}, "spectral_rolloff": {"dmean": 770.385009766, "dmean2": 1317.45825195, "dvar": 3424639.25, "dvar2": 8520119, "max": 19250.6835938, "mean": 1744.79003906, "median": 818.26171875, "min": 86.1328125, "var": 7504253}, "spectral_skewness": {"dmean": 0.198186084628, "dmean2": 0.317881911993, "dvar": 0.0408640168607, "dvar2": 0.103556357324, "max": 3.11620807648, "mean": 1.72859561443, "median": 1.7381196022, "min": 0.0110711213201, "var": 0.208457797766}, "spectral_spread": {"dmean": 1041049.125, "dmean2": 1522025.75, "dvar": 2387060195330.0, "dvar2": 4939342413820.0, "max": 39105696, "mean": 5808192.5, "median": 5165423.5, "min": 2667448.5, "var": 4334960508930.0}, "spectral_strongpeak": {"dmean": 0.392975866795, "dmean2": 0.622276723385, "dvar": 0.309388071299, "dvar2": 0.671042025089, "max": 9.1001958847, "mean": 0.803299427032, "median": 0.557179868221, "min": 0, "var": 0.749946534634}, "zerocrossingrate": {"dmean": 0.0176138244569, "dmean2": 0.0210533607751, "dvar": 0.00044439433259, "dvar2": 0.000591404445004, "max": 0.50439453125, "mean": 0.0744057893753, "median": 0.05419921875, "min": 0.00634765625, "var": 0.0041254828684}, "barkbands": {"dmean": [0.000162631171406, 0.00418220786378, 0.00650868564844, 0.00306121911854, 0.00304784579203, 0.000878074206412, 0.000830342876725, 0.000430353597039, 0.000417639443185, 0.00086120312335, 0.00020332778513, 0.000519929628354, 0.000252615689533, 0.00021333550103, 0.000179788519745, 8.41802175273e-05, 0.000143207595102, 7.47839003452e-05, 8.32412115415e-05, 4.36318223365e-05, 5.77499813517e-05, 7.59616377763e-05, 6.88511499902e-05, 7.79243928264e-05, 0.000134007656015, 0.000147821658175, 0.000146382400999], "dmean2": [0.000276491453405, 0.00609244918451, 0.00943091697991, 0.00505346804857, 0.00518148578703, 0.00140524108429, 0.00131325202528, 0.000720379350241, 0.000684464233927, 0.0013147246791, 0.000364478444681, 0.000773986859713, 0.000440861767856, 0.000358937802957, 0.000305915949866, 0.000146666396176, 0.000245683768298, 0.000125928025227, 0.000134899572004, 6.93372930982e-05, 9.7016854852e-05, 0.000129098043544, 0.000116129151138, 0.000134121233714, 0.000238075270317, 0.000262036977801, 0.000257448438788], "dvar": [1.24165126181e-07, 7.3258743214e-05, 0.000230078570894, 7.48718666728e-05, 6.54233590467e-05, 3.06832384922e-06, 3.18859019899e-06, 9.95906020762e-07, 9.56984308687e-07, 3.3218743738e-06, 4.65096178459e-07, 2.76477817351e-06, 1.0413630207e-06, 4.44717329628e-07, 1.39179036296e-07, 3.53982940737e-08, 5.53825891814e-08, 2.64781014891e-08, 1.54972372712e-08, 5.91495075142e-09, 1.54142352216e-08, 2.39678943359e-08, 2.22395275529e-08, 3.70356367796e-08, 1.85798853636e-07, 1.83695320288e-07, 1.50355560891e-07], "dvar2": [3.43943241887e-07, 0.000161811418366, 0.000502922281157, 0.000181576207979, 0.000182440533536, 7.46177147448e-06, 7.75761782279e-06, 2.6440181955e-06, 2.3821207833e-06, 6.68787879476e-06, 1.29207217014e-06, 5.18286378792e-06, 2.9526158869e-06, 1.23684424125e-06, 3.57451966693e-07, 9.77738920938e-08, 1.53397635927e-07, 7.08698806307e-08, 4.0756063413e-08, 1.44904079846e-08, 4.07702671623e-08, 6.49186162605e-08, 5.89266697659e-08, 1.02340322883e-07, 5.26821565927e-07, 5.13869906626e-07, 4.08830743481e-07], "max": [0.0040401997976, 0.0784976109862, 0.126697465777, 0.0712244808674, 0.137215301394, 0.023763269186, 0.0220473017544, 0.00973885785788, 0.0173342358321, 0.0425745509565, 0.0152512863278, 0.043316654861, 0.0200467500836, 0.0152095369995, 0.0068952399306, 0.00211211503483, 0.00300627364777, 0.00281051825732, 0.00113354693167, 0.00163592875469, 0.00176112307236, 0.00213489355519, 0.00176061142702, 0.00207978719845, 0.00441295420751, 0.00477291550487, 0.0039335261099], "mean": [0.000196916691493, 0.00713110994548, 0.00912313256413, 0.00320405047387, 0.00411358382553, 0.00130301120225, 0.00151304120664, 0.000494939216878, 0.000672584574204, 0.00150254170876, 0.000178560527274, 0.000797518587206, 0.00026053871261, 0.000263574765995, 0.000225091571338, 9.49278182816e-05, 0.000195021959371, 0.000101545039797, 0.00012746048742, 7.20479729353e-05, 8.80557345226e-05, 0.000113804351713, 8.55622420204e-05, 8.2508820924e-05, 0.0001188107708, 0.000118062846013, 0.000102513964521], "median": [4.3467618525e-05, 0.0013448233949, 0.000629810383543, 0.000403253827244, 0.0012663906673, 0.000659654906485, 0.000487534329295, 0.000207343327929, 0.000308466842398, 0.0006751724286, 5.17853004567e-05, 0.000174760469235, 9.98068935587e-05, 0.000120059608889, 0.000121119453979, 3.97724506911e-05, 0.000120140175568, 5.36479819857e-05, 6.58289573039e-05, 3.64848892787e-05, 3.86174069718e-05, 3.26394292642e-05, 1.90137598111e-05, 1.64932589541e-05, 1.60485014931e-05, 1.27985895233e-05, 7.69899907027e-06], "min": [3.9402608251e-24, 1.42300883199e-23, 3.92526836583e-23, 6.56532367712e-24, 3.36534593936e-23, 5.84566946023e-23, 1.37471205369e-22, 2.72044773172e-23, 5.20647250813e-23, 4.1113003844e-23, 3.50959104914e-23, 1.41931475414e-22, 1.19074199131e-22, 1.81420249364e-22, 1.05422500471e-22, 2.11115371974e-22, 1.09737456027e-22, 1.41649871004e-22, 3.3341866278e-22, 4.15166109577e-22, 3.98980955722e-22, 4.89167018016e-22, 5.98781878747e-22, 1.02724684528e-21, 1.42320584527e-21, 1.73587829928e-21, 2.35573606754e-21], "var": [1.24326021478e-07, 0.000125625505461, 0.000360314064892, 6.90936212777e-05, 5.87419890508e-05, 3.74939008907e-06, 6.3074044192e-06, 8.47671856263e-07, 1.72339855453e-06, 7.80691243563e-06, 3.02699532995e-07, 6.79372351442e-06, 6.71945031172e-07, 3.35376341809e-07, 1.38816105277e-07, 3.02598657242e-08, 5.73614862276e-08, 2.46671323367e-08, 2.47015634613e-08, 1.12084608261e-08, 2.07374117878e-08, 4.54066508837e-08, 3.13635339921e-08, 3.32565797123e-08, 1.23678532304e-07, 1.20947689197e-07, 1.00802360237e-07]}, "erbbands": {"dmean": [0.065603248775, 1.16918480396, 6.17299747467, 8.52586650848, 7.7597322464, 12.1231250763, 7.03283166885, 7.51633262634, 12.4825668335, 7.97641992569, 10.4114303589, 10.6780204773, 26.9528846741, 17.2669391632, 8.55730247498, 25.3922538757, 12.0253257751, 11.2241830826, 10.5570249557, 5.82859182358, 6.02244567871, 5.83343696594, 4.64529561996, 4.50524759293, 3.41336965561, 2.46074271202, 2.21837282181, 2.21710681915, 2.41473126411, 2.81624007225, 1.97092449665, 1.55824577808, 1.42800867558, 1.2753623724, 1.05754947662, 0.64610594511, 0.246124371886, 0.0889185220003, 0.0221934448928, 0.00202092761174], "dmean2": [0.103320047259, 1.61676335335, 9.40286064148, 12.2452878952, 12.6860637665, 21.0955810547, 11.9510250092, 12.2607526779, 19.429599762, 13.5888280869, 17.1121463776, 17.1086292267, 41.2089118958, 27.5096988678, 14.6056909561, 37.7417488098, 20.1881542206, 19.0403385162, 17.89402771, 10.0755701065, 10.5232696533, 10.0749549866, 7.70255374908, 7.13632392883, 5.56714630127, 3.93727517128, 3.60133957863, 3.66313886642, 4.02489948273, 4.70828866959, 3.3368241787, 2.64495515823, 2.49309682846, 2.24596691132, 1.88233542442, 1.15420722961, 0.433365255594, 0.155666813254, 0.0387266092002, 0.00357744679786], "dvar": [0.0135272666812, 5.51385974884, 201.308685303, 431.271759033, 366.140869141, 1148.14440918, 332.30166626, 229.511032104, 626.466918945, 551.709960938, 510.409057617, 564.967163086, 3892.03564453, 1772.48217773, 556.068969727, 7322.5546875, 1636.72094727, 1824.8013916, 558.425170898, 227.54888916, 140.426757812, 124.876457214, 88.8611068726, 61.3877906799, 38.5341720581, 19.2271938324, 18.0743503571, 23.5824356079, 25.3167743683, 37.8160934448, 18.3833389282, 12.088766098, 15.2428331375, 15.7405910492, 11.5578155518, 4.61898708344, 0.412620961666, 0.0506217740476, 0.00317501276731, 2.99524472211e-05], "dvar2": [0.0337213650346, 11.6515855789, 398.809967041, 884.084716797, 887.832885742, 3246.57836914, 890.124084473, 558.221679688, 1433.26586914, 1535.09924316, 1340.27319336, 1351.65734863, 8417.79394531, 3304.671875, 1473.51782227, 13870.3125, 4544.01123047, 5125.36669922, 1426.26452637, 628.678649902, 391.060180664, 349.514373779, 235.137954712, 154.573654175, 101.170692444, 47.1716308594, 45.6528549194, 63.6008872986, 68.2056503296, 99.7280807495, 48.8881072998, 32.8405036926, 42.9927024841, 44.6110267639, 32.797252655, 13.0691947937, 1.14062523842, 0.137518152595, 0.00857374910265, 8.20908608148e-05], "max": [1.10106992722, 22.6002044678, 132.567337036, 215.893417358, 343.000854492, 485.520050049, 231.621856689, 199.915618896, 315.582061768, 276.737731934, 277.665039062, 396.342132568, 1305.43640137, 1581.18835449, 464.670806885, 2205.07568359, 786.065368652, 1079.05993652, 519.534851074, 276.059661865, 148.655670166, 146.073272705, 138.920181274, 103.471870422, 60.8096008301, 92.5888214111, 52.8313522339, 76.6301193237, 74.290145874, 104.221763611, 49.5112037659, 35.0781173706, 41.7675018311, 40.5208435059, 36.7406730652, 24.5770320892, 6.62868928909, 2.33073329926, 0.516540586948, 0.0578933134675], "mean": [0.13213558495, 1.95050990582, 9.99988746643, 10.8755731583, 11.2588224411, 15.6265773773, 8.94378376007, 11.0434551239, 25.1017780304, 10.5851202011, 13.8268766403, 18.4605693817, 41.8320770264, 27.2445392609, 10.6396970749, 39.6523246765, 14.7211923599, 13.7688941956, 14.2876415253, 6.78652620316, 7.78985023499, 7.95536708832, 6.5736041069, 7.24412536621, 5.03412246704, 4.06500434875, 3.5825445652, 3.39630484581, 3.39243340492, 3.84302902222, 2.39576029778, 1.75693106651, 1.41583311558, 1.17828190327, 0.89761942625, 0.514261364937, 0.19914008677, 0.0666550919414, 0.015781160444, 0.00142400886398], "median": [0.0232438370585, 0.320946574211, 1.25852608681, 1.43064558506, 3.88138437271, 4.56506919861, 3.68092513084, 5.87589931488, 9.30338954926, 3.3509991169, 7.00378036499, 9.55856132507, 14.0058393478, 12.4536619186, 4.38159990311, 8.9267911911, 6.17410707474, 6.44918680191, 8.64202880859, 3.24696421623, 4.36448478699, 4.77672243118, 3.69656014442, 3.88416552544, 2.79128623009, 2.12133479118, 1.72430586815, 1.39203310013, 1.05204975605, 0.86575460434, 0.511800944805, 0.385903954506, 0.256942003965, 0.177418544888, 0.112678274512, 0.056223411113, 0.0232088733464, 0.00552213611081, 0.00106932315975, 0.000141180978972], "min": [5.40508155699e-22, 3.62191774861e-21, 3.47781173835e-20, 3.94708163961e-20, 2.12990784394e-20, 1.78960176559e-19, 2.78836639131e-19, 5.97654381085e-19, 1.82407718011e-18, 1.2740729001e-18, 7.51214516445e-19, 1.07846577834e-18, 1.33165800902e-18, 1.7221401977e-18, 1.47340853847e-18, 5.94314256791e-18, 6.58621841871e-18, 8.02847357755e-18, 5.13006207608e-18, 8.42076315588e-18, 1.14905693754e-17, 6.91403547214e-18, 8.02268000454e-18, 1.27462427802e-17, 1.59403411585e-17, 1.9995385662e-17, 1.66154446155e-17, 1.93656166658e-17, 1.60838354881e-17, 2.11316919413e-17, 1.56809108486e-17, 2.43990404717e-17, 1.49465150854e-17, 1.48853301899e-17, 1.05003084507e-17, 5.18235353927e-18, 3.85048811472e-18, 1.15118115803e-18, 3.7546614638e-19, 3.42992638194e-20], "var": [0.0288222078234, 10.270154953, 367.3387146, 598.64453125, 424.518310547, 940.525756836, 300.96875, 279.242248535, 1547.95910645, 444.10446167, 501.291992188, 1078.42590332, 7480.42578125, 4106.42431641, 501.220031738, 17709.8574219, 1234.39001465, 1260.0057373, 552.981689453, 184.02935791, 130.989883423, 112.620307922, 90.3091888428, 96.2186965942, 49.960269928, 34.1849708557, 30.0315341949, 33.8222770691, 35.3873558044, 72.8126068115, 25.0829677582, 12.9170446396, 11.8603363037, 10.8992452621, 7.520216465, 2.88772368431, 0.284609258175, 0.0350456796587, 0.00217938493006, 1.97165336431e-05]}, "gfcc": {"mean": [-29.832069397, 61.6724395752, -97.9304275513, 6.47883749008, -56.1689682007, 4.36397266388, -31.7251224518, 1.55375003815, -26.2236270905, -2.72415208817, -18.4524326324, 0.149031743407, -12.2208242416], "cov": [[20496.7148438, 3545.35839844, 1858.49182129, 1128.16687012, 1340.69213867, -247.258666992, -536.309448242, -66.0151748657, 5.0462679863, -47.163192749, -64.2033004761, -3.39998245239, -333.233032227], [3545.35839844, 2376.10766602, 390.647216797, 840.137634277, 604.432922363, 8.67812347412, 101.019966125, 81.568145752, 103.546524048, 14.7798938751, 74.6362838745, -61.8794517517, -70.878074646], [1858.49182129, 390.647216797, 1197.6998291, 658.824768066, 461.049102783, 302.801635742, 231.915557861, 175.071716309, 107.6667099, 39.2666130066, 19.955904007, 5.54069900513, -78.278968811], [1128.16687012, 840.137634277, 658.824768066, 1044.79150391, 417.518035889, 257.50390625, 196.084030151, 182.132385254, 94.1582870483, 80.1273803711, 23.3820838928, 15.7952203751, -56.6665687561], [1340.69213867, 604.432922363, 461.049102783, 417.518035889, 535.388061523, 201.980072021, 183.361709595, 101.234802246, 74.3005218506, 8.39934539795, 48.4045448303, -20.8203220367, -29.1501693726], [-247.258666992, 8.67812347412, 302.801635742, 257.50390625, 201.980072021, 314.566986084, 201.526596069, 119.039665222, 60.8425712585, 47.0882987976, 16.7853851318, 17.1627197266, -10.7636547089], [-536.309448242, 101.019966125, 231.915557861, 196.084030151, 183.361709595, 201.526596069, 293.267211914, 145.37852478, 88.9433898926, 32.9717712402, 31.507516861, -10.7629995346, -1.67058801651], [-66.0151748657, 81.568145752, 175.071716309, 182.132385254, 101.234802246, 119.039665222, 145.37852478, 172.22593689, 87.0099258423, 54.554485321, 25.661687851, 0.716743350029, -10.9486780167], [5.0462679863, 103.546524048, 107.6667099, 94.1582870483, 74.3005218506, 60.8425712585, 88.9433898926, 87.0099258423, 137.704483032, 57.7315711975, 23.0067176819, -2.51536917686, -18.0721874237], [-47.163192749, 14.7798938751, 39.2666130066, 80.1273803711, 8.39934539795, 47.0882987976, 32.9717712402, 54.554485321, 57.7315711975, 93.8530349731, 33.5191268921, 14.4723148346, -4.79721164703], [-64.2033004761, 74.6362838745, 19.955904007, 23.3820838928, 48.4045448303, 16.7853851318, 31.507516861, 25.661687851, 23.0067176819, 33.5191268921, 77.8240280151, 24.0090618134, -2.76710128784], [-3.39998245239, -61.8794517517, 5.54069900513, 15.7952203751, -20.8203220367, 17.1627197266, -10.7629995346, 0.716743350029, -2.51536917686, 14.4723148346, 24.0090618134, 62.7532272339, 15.6072731018], [-333.233032227, -70.878074646, -78.278968811, -56.6665687561, -29.1501693726, -10.7636547089, -1.67058801651, -10.9486780167, -18.0721874237, -4.79721164703, -2.76710128784, 15.6072731018, 64.9297714233]], "icov": [[0.000135762529681, -0.000193264771951, -0.00021634985751, 0.000234863211517, -0.000386449828511, 0.000228137083468, 0.00040189633728, -0.000223116119741, 0.000229102399317, -0.000366655760445, 0.000686655752361, -0.000631908886135, 0.000484809046611], [-0.000193264771951, 0.00120948604308, 0.000566207570955, -0.00113017717376, -0.000345672859112, 0.000547296134755, -0.000537250249181, 0.000575791811571, -0.000762879732065, 0.000832843012176, -0.00164754036814, 0.00160111894365, -0.000562388508115], [-0.00021634985751, 0.000566207570955, 0.00209748884663, -0.00107969995588, -0.000430071959272, -0.00060503964778, -0.000713023357093, 6.32479714113e-05, -0.000625139218755, 0.000972319452558, -0.000596208032221, 0.000368244742276, 0.000577009166591], [0.000234863211517, -0.00113017717376, -0.00107969995588, 0.00306094414555, -0.00109052169137, -0.000214971616515, 0.000605435343459, -0.00159509689547, 0.00157662096899, -0.00252946512774, 0.00323730171658, -0.00296395132318, 0.00166510685813], [-0.000386449828511, -0.000345672859112, -0.000430071959272, -0.00109052169137, 0.00652938429266, -0.00318859983236, -0.00118982756976, 0.00127339898609, -0.00177968945354, 0.00387909403071, -0.00552901113406, 0.00461572874337, -0.00279789231718], [0.000228137083468, 0.000547296134755, -0.00060503964778, -0.000214971616515, -0.00318859983236, 0.0093136485666, -0.00398015696555, -0.000774923886638, 0.00203685951419, -0.00404262030497, 0.00445930147544, -0.0049001602456, 0.00236674607731], [0.00040189633728, -0.000537250249181, -0.000713023357093, 0.000605435343459, -0.00118982756976, -0.00398015696555, 0.0110512534156, -0.00507106073201, -0.0019777121488, 0.00260215927847, -0.00169857591391, 0.00242650415748, -0.00163368321955], [-0.000223116119741, 0.000575791811571, 6.32479714113e-05, -0.00159509689547, 0.00127339898609, -0.000774923886638, -0.00507106073201, 0.0141959460452, -0.0043434551917, -0.00202206429094, -0.00197983649559, 0.00185621122364, -0.00101474521216], [0.000229102399317, -0.000762879732065, -0.000625139218755, 0.00157662096899, -0.00177968945354, 0.00203685951419, -0.0019777121488, -0.0043434551917, 0.0146304992959, -0.00820705015212, 0.00359311769716, -0.00238748919219, 0.00391353806481], [-0.000366655760445, 0.000832843012176, 0.000972319452558, -0.00252946512774, 0.00387909403071, -0.00404262030497, 0.00260215927847, -0.00202206429094, -0.00820705015212, 0.0222501661628, -0.0109435366467, 0.00374082359485, -0.00321656581946], [0.000686655752361, -0.00164754036814, -0.000596208032221, 0.00323730171658, -0.00552901113406, 0.00445930147544, -0.00169857591391, -0.00197983649559, 0.00359311769716, -0.0109435366467, 0.0264298766851, -0.014751763083, 0.00657536042854], [-0.000631908886135, 0.00160111894365, 0.000368244742276, -0.00296395132318, 0.00461572874337, -0.0049001602456, 0.00242650415748, 0.00185621122364, -0.00238748919219, 0.00374082359485, -0.014751763083, 0.0286068115383, -0.00989581458271], [0.000484809046611, -0.000562388508115, 0.000577009166591, 0.00166510685813, -0.00279789231718, 0.00236674607731, -0.00163368321955, -0.00101474521216, 0.00391353806481, -0.00321656581946, 0.00657536042854, -0.00989581458271, 0.0218579303473]]}, "melbands": {"dmean": [0.000847256858833, 0.00243101059459, 0.001334513654, 0.000762822281104, 0.000291947537335, 0.000171780848177, 0.000186209465028, 8.30366261653e-05, 8.6047592049e-05, 6.37302873656e-05, 0.000134625763167, 7.38428498153e-05, 2.81917727989e-05, 5.85096386203e-05, 4.12017470808e-05, 2.19125249714e-05, 2.25857820624e-05, 1.73021689989e-05, 1.01521955003e-05, 5.97195639784e-06, 8.0955123849e-06, 6.17238902123e-06, 7.50759090806e-06, 3.42947100762e-06, 4.07554625781e-06, 2.68495614364e-06, 1.66925042322e-06, 1.70299938418e-06, 1.40874749377e-06, 1.60982938269e-06, 1.38151335705e-06, 1.40810425364e-06, 1.70309408531e-06, 1.51521282987e-06, 1.12667567009e-06, 1.07297898921e-06, 9.74047111413e-07, 7.87581711847e-07, 1.44466696383e-06, 9.7495785667e-07], "dmean2": [0.00125264609233, 0.00366003857926, 0.00186851108447, 0.00127048580907, 0.000507778953761, 0.000277758954326, 0.000288645911496, 0.000142027405673, 0.000140651260153, 0.000102535814221, 0.000205568096135, 0.000117252733617, 5.03224910062e-05, 8.69989889907e-05, 6.32469018456e-05, 3.85647690564e-05, 3.80195051548e-05, 2.92969962175e-05, 1.74461383722e-05, 1.03685169961e-05, 1.41814562085e-05, 1.09018801595e-05, 1.2374724065e-05, 5.77419905312e-06, 6.40343841951e-06, 4.44059787696e-06, 2.69046859103e-06, 2.72518491329e-06, 2.25264329856e-06, 2.73545583696e-06, 2.27947703024e-06, 2.31849276133e-06, 2.90569869321e-06, 2.51600545198e-06, 1.90834703062e-06, 1.79788673904e-06, 1.67359610259e-06, 1.34213053116e-06, 2.6193292797e-06, 1.69633699443e-06], "dvar": [2.65051994575e-06, 2.87492221105e-05, 9.37665481615e-06, 3.86888223147e-06, 6.67830931889e-07, 1.18481416678e-07, 1.41395815945e-07, 5.87259236795e-08, 3.56998093309e-08, 1.91525266757e-08, 9.72897709062e-08, 3.41779795576e-08, 8.18113399248e-09, 3.33224683402e-08, 1.22051497797e-08, 1.1494895702e-08, 5.81133807742e-09, 1.56416424257e-09, 6.361438043e-10, 1.86779217093e-10, 2.31498223369e-10, 1.64762731236e-10, 2.28693217141e-10, 5.55254141277e-11, 5.58267841677e-11, 2.0181694857e-11, 7.75857329771e-12, 1.12480346218e-11, 6.81040293604e-12, 1.47749971979e-11, 9.03860233187e-12, 9.55346132064e-12, 1.32052008217e-11, 1.10217442811e-11, 6.08083331952e-12, 5.44633609045e-12, 4.99055614542e-12, 3.07561398225e-12, 2.37649466078e-11, 8.61278409703e-12], "dvar2": [6.04342812949e-06, 5.42975321878e-05, 1.77534184331e-05, 1.0575477063e-05, 1.84273176274e-06, 2.82633152437e-07, 3.24725164091e-07, 1.62639466339e-07, 9.3317083838e-08, 4.63614817647e-08, 2.12056306736e-07, 6.24813480954e-08, 2.27369501005e-08, 6.30909582355e-08, 2.45716975655e-08, 3.26039710785e-08, 1.62790065872e-08, 4.04414723931e-09, 1.71801894933e-09, 5.11856890206e-10, 6.48128939407e-10, 4.73789285582e-10, 5.60593016452e-10, 1.51337026244e-10, 1.36062841549e-10, 5.32958226163e-11, 2.00338079459e-11, 2.70146249121e-11, 1.61252591141e-11, 3.89605119e-11, 2.43603488076e-11, 2.47981166851e-11, 3.63284541338e-11, 2.88003110943e-11, 1.59291295432e-11, 1.44753185133e-11, 1.36348293767e-11, 8.41182765804e-12, 6.85038276105e-11, 2.42139849838e-11], "max": [0.0140671618283, 0.0512644201517, 0.0303005464375, 0.0370523110032, 0.00967375654727, 0.00486797140911, 0.00495577789843, 0.00292183412239, 0.00266283703968, 0.00218666461296, 0.00636968854815, 0.00700643239543, 0.00178778544068, 0.00486542470753, 0.00240174774081, 0.00233858590946, 0.00188978284132, 0.00087729038205, 0.000464858690975, 0.000168598009623, 0.00018557801377, 0.000187040495803, 0.000183130017831, 0.000140559510328, 9.17001161724e-05, 4.2446077714e-05, 3.12688462145e-05, 8.07691976661e-05, 3.82451253245e-05, 7.07630024408e-05, 5.9838850575e-05, 5.3394211136e-05, 6.79224031046e-05, 5.0406644732e-05, 3.44138825312e-05, 3.39141442964e-05, 2.3210688596e-05, 1.70798830368e-05, 5.30707256985e-05, 3.22095002048e-05], "mean": [0.00155497016385, 0.00436801323667, 0.00188017170876, 0.00109148211777, 0.00035329896491, 0.000250504730502, 0.000373195682187, 0.000102934747702, 0.000119671494758, 0.000109495733341, 0.000207091987249, 0.000112929716124, 2.71312910627e-05, 8.91258459887e-05, 6.17200348643e-05, 2.16365242522e-05, 2.72708712146e-05, 2.34600174736e-05, 1.1906603504e-05, 6.5981980697e-06, 1.03690008473e-05, 8.06578282209e-06, 9.10533344722e-06, 4.86206317873e-06, 6.10526558376e-06, 3.87218187825e-06, 2.51319397648e-06, 2.69072097581e-06, 2.19985554395e-06, 2.10272651202e-06, 2.00446015697e-06, 1.85208068615e-06, 2.28361000154e-06, 1.93093387679e-06, 1.320250135e-06, 1.24719713313e-06, 1.02623801013e-06, 8.61511239236e-07, 1.20981974305e-06, 9.27286123442e-07], "median": [0.000319010490784, 0.000597445003223, 0.000287099042907, 0.000349601818016, 0.000145666897879, 0.000127619307023, 0.000134249843541, 3.55601659976e-05, 6.18271005806e-05, 5.55521910428e-05, 6.8375011324e-05, 4.89235535497e-05, 9.79921696853e-06, 2.07359134947e-05, 1.99635051104e-05, 7.99671215646e-06, 1.16160263133e-05, 1.41336486195e-05, 6.05933746556e-06, 2.84580664811e-06, 5.85985071666e-06, 4.9575637604e-06, 3.77187507183e-06, 2.46799777415e-06, 2.73187492894e-06, 2.06405366043e-06, 1.38328834964e-06, 1.21435141409e-06, 9.30498060825e-07, 7.93025947132e-07, 7.08330730959e-07, 5.53770405531e-07, 5.21391200436e-07, 4.11000030454e-07, 2.75657896509e-07, 2.62144425278e-07, 2.10320166616e-07, 1.71059426179e-07, 1.81846345981e-07, 1.27847215481e-07], "min": [4.52502684807e-24, 1.33915907088e-23, 6.06507660598e-24, 6.62178047996e-24, 1.03123329075e-23, 1.38575708455e-23, 2.69478103776e-23, 1.09114009787e-23, 6.39626486868e-24, 7.13509148213e-24, 6.71530388458e-24, 6.87338608796e-24, 4.30130589535e-24, 1.19505642937e-23, 1.78873200517e-23, 1.15269870084e-23, 1.67804961368e-23, 9.56249458472e-24, 8.83022498312e-24, 1.29071859368e-23, 1.34388482102e-23, 6.88915936176e-24, 6.28119767274e-24, 8.03461695057e-24, 1.03339200862e-23, 1.23697436795e-23, 8.9444780746e-24, 1.53523439318e-23, 1.17786304817e-23, 9.75110728285e-24, 1.12977534957e-23, 9.35162733159e-24, 9.03888184799e-24, 1.30604474112e-23, 8.16662177901e-24, 9.53924922043e-24, 1.70099726187e-23, 9.44121589801e-24, 1.13854196081e-23, 1.20988504224e-23], "var": [4.98273448102e-06, 6.01993888267e-05, 1.52985448949e-05, 3.79609059564e-06, 5.26341807472e-07, 1.47574667153e-07, 3.46452139866e-07, 4.48274022347e-08, 3.79500448844e-08, 3.79875189083e-08, 1.85456144663e-07, 7.983491912e-08, 5.47888800995e-09, 8.12514500126e-08, 2.687631806e-08, 7.15108416927e-09, 4.22030188574e-09, 1.51255186154e-09, 5.20477438926e-10, 1.54435186861e-10, 2.19573983995e-10, 1.29008664862e-10, 2.53674553585e-10, 5.5468261928e-11, 8.73302263837e-11, 2.71812919395e-11, 1.08374568e-11, 2.00453525306e-11, 1.25950786259e-11, 1.7364597607e-11, 1.29661463857e-11, 1.20616095237e-11, 2.46126972969e-11, 1.87647883343e-11, 8.07403015973e-12, 7.21241035645e-12, 4.83900029422e-12, 3.23416402166e-12, 1.48956298684e-11, 6.28936529593e-12]}, "mfcc": {"mean": [-682.334594727, 112.372001648, 6.53794717789, 10.7869291306, -3.29761695862, 0.54503685236, -2.13529777527, 1.73873567581, -2.83955478668, -3.14033412933, -1.67695128918, -4.61562013626, -5.86569881439], "cov": [[13634.7167969, 2820.71606445, 742.501159668, 921.437255859, 794.375244141, 359.47555542, 122.515403748, 157.027008057, 6.12159252167, 35.2734031677, 65.3953933716, -43.8900489807, -128.203155518], [2820.71606445, 1580.5826416, 87.9093551636, 508.8331604, 287.581359863, 145.610809326, 130.961990356, 107.839332581, 42.7313156128, 70.4195251465, 77.118309021, 44.9138832092, -44.3216285706], [742.501159668, 87.9093551636, 771.260314941, 434.858581543, 283.642272949, 241.905166626, 198.546020508, 202.7290802, 140.60836792, 88.5154495239, 102.770591736, 80.1166305542, 91.8662643433], [921.437255859, 508.8331604, 434.858581543, 737.640136719, 351.262420654, 256.448425293, 215.155792236, 192.102981567, 129.334213257, 105.257591248, 108.538276672, 95.099395752, 59.2588005066], [794.375244141, 287.581359863, 283.642272949, 351.262420654, 367.581970215, 218.623977661, 174.856491089, 142.465408325, 83.0844650269, 79.2583389282, 67.7243347168, 61.8769340515, 38.0304222107], [359.47555542, 145.610809326, 241.905166626, 256.448425293, 218.623977661, 265.376586914, 168.849868774, 137.427459717, 99.6934204102, 57.3289222717, 72.2940216064, 60.2997703552, 43.3176841736], [122.515403748, 130.961990356, 198.546020508, 215.155792236, 174.856491089, 168.849868774, 244.974502563, 148.955444336, 103.174331665, 68.7692947388, 57.7218666077, 65.8713226318, 42.9463195801], [157.027008057, 107.839332581, 202.7290802, 192.102981567, 142.465408325, 137.427459717, 148.955444336, 184.25944519, 108.177322388, 76.7685852051, 70.3362808228, 61.4776954651, 49.4182815552], [6.12159252167, 42.7313156128, 140.60836792, 129.334213257, 83.0844650269, 99.6934204102, 103.174331665, 108.177322388, 149.21887207, 85.5501098633, 64.7979888916, 40.7823486328, 26.1505126953], [35.2734031677, 70.4195251465, 88.5154495239, 105.257591248, 79.2583389282, 57.3289222717, 68.7692947388, 76.7685852051, 85.5501098633, 124.413314819, 72.0000228882, 36.0346107483, 21.6962051392], [65.3953933716, 77.118309021, 102.770591736, 108.538276672, 67.7243347168, 72.2940216064, 57.7218666077, 70.3362808228, 64.7979888916, 72.0000228882, 112.465713501, 60.2032318115, 33.0818519592], [-43.8900489807, 44.9138832092, 80.1166305542, 95.099395752, 61.8769340515, 60.2997703552, 65.8713226318, 61.4776954651, 40.7823486328, 36.0346107483, 60.2032318115, 111.998847961, 63.0562934875], [-128.203155518, -44.3216285706, 91.8662643433, 59.2588005066, 38.0304222107, 43.3176841736, 42.9463195801, 49.4182815552, 26.1505126953, 21.6962051392, 33.0818519592, 63.0562934875, 102.718048096]], "icov": [[0.000141164753586, -0.000265542883426, -0.000177884227014, 0.000121988283354, -0.000213219333091, -2.40997924266e-05, 0.000179947353899, 3.17028461723e-05, 1.24412354126e-05, 9.06964050955e-05, 3.6986071791e-05, 0.000114363239845, 4.45018449682e-05], [-0.000265542883426, 0.00146106444299, 0.000703558966052, -0.000964118982665, -2.2878186428e-05, 0.000252518599154, -0.000364581937902, -0.000321447034366, 0.000335227814503, -0.000130697837449, -0.000455227593193, -0.000362699007383, 0.000746571517084], [-0.000177884227014, 0.000703558966052, 0.00279391510412, -0.00117847078945, -0.000438889459474, -0.000259643100435, -0.000159483752213, -0.00102385052014, -0.000539086060598, 0.000574832432903, -0.000766401877627, 0.000724126119167, -0.00108793715481], [0.000121988283354, -0.000964118982665, -0.00117847078945, 0.00363725493662, -0.00160577672068, -0.00047306806664, 1.68667993421e-05, -2.22901817324e-05, -0.00036195787834, -5.34091777808e-05, -6.7253546149e-05, -0.000404550257372, -0.000137010749313], [-0.000213219333091, -2.2878186428e-05, -0.000438889459474, -0.00160577672068, 0.00811981968582, -0.00387534103356, -0.0012768242741, -0.000645379594062, 0.00236875936389, -0.00290360860527, 0.00146678707097, -0.00066927872831, 0.000463953969302], [-2.40997924266e-05, 0.000252518599154, -0.000259643100435, -0.00047306806664, -0.00387534103356, 0.0108722886071, -0.00289321853779, -0.00104316545185, -0.0026220139116, 0.00356221408583, -0.00300262868404, 0.000680900528096, -0.000390494213207], [0.000179947353899, -0.000364581937902, -0.000159483752213, 1.68667993421e-05, -0.0012768242741, -0.00289321853779, 0.0106126461178, -0.00451767444611, -0.00143192696851, -0.000602902960964, 0.00245373207144, -0.00215358217247, 0.000653041934129], [3.17028461723e-05, -0.000321447034366, -0.00102385052014, -2.22901817324e-05, -0.000645379594062, -0.00104316545185, -0.00451767444611, 0.0161393191665, -0.00474375672638, -0.00119219883345, -0.00120234326459, -0.00032809714321, -0.00231946166605], [1.24412354126e-05, 0.000335227814503, -0.000539086060598, -0.00036195787834, 0.00236875936389, -0.0026220139116, -0.00143192696851, -0.00474375672638, 0.0165184121579, -0.00728512834758, -0.00072006956907, -4.67926402052e-05, 0.00155485142022], [9.06964050955e-05, -0.000130697837449, 0.000574832432903, -5.34091777808e-05, -0.00290360860527, 0.00356221408583, -0.000602902960964, -0.00119219883345, -0.00728512834758, 0.0183918103576, -0.008396060206, 0.00199002935551, -0.000575651123654], [3.6986071791e-05, -0.000455227593193, -0.000766401877627, -6.7253546149e-05, 0.00146678707097, -0.00300262868404, 0.00245373207144, -0.00120234326459, -0.00072006956907, -0.008396060206, 0.0200148578733, -0.00751933362335, 0.000976323790383], [0.000114363239845, -0.000362699007383, 0.000724126119167, -0.000404550257372, -0.00066927872831, 0.000680900528096, -0.00215358217247, -0.00032809714321, -4.67926402052e-05, 0.00199002935551, -0.00751933362335, 0.0188678894192, -0.00897837430239], [4.45018449682e-05, 0.000746571517084, -0.00108793715481, -0.000137010749313, 0.000463953969302, -0.000390494213207, 0.000653041934129, -0.00231946166605, 0.00155485142022, -0.000575651123654, 0.000976323790383, -0.00897837430239, 0.0169238131493]]}, "spectral_contrast_coeffs": {"dmean": [0.0501610301435, 0.0475244261324, 0.0460218936205, 0.0394799634814, 0.0271985512227, 0.0207429025322], "dmean2": [0.0786520093679, 0.0768619179726, 0.0726456046104, 0.0635750964284, 0.0422716885805, 0.0311900768429], "dvar": [0.00195301964413, 0.00166883599013, 0.00162680051289, 0.00127740472089, 0.000553607649636, 0.000401951110689], "dvar2": [0.00436921464279, 0.00418932596222, 0.00369733385742, 0.00312456232496, 0.00120562606025, 0.000827506941278], "max": [-0.262608110905, -0.428494930267, -0.517051339149, -0.570604503155, -0.64689463377, -0.613034963608], "mean": [-0.598570525646, -0.718245446682, -0.734665393829, -0.759645819664, -0.775856018066, -0.782287478447], "median": [-0.607195794582, -0.717927157879, -0.734811544418, -0.755053281784, -0.774418115616, -0.786871492863], "min": [-0.979497075081, -0.970161437988, -0.962681412697, -0.958085477352, -0.965809583664, -0.96050542593], "var": [0.0122457239777, 0.0049465787597, 0.00498924637213, 0.00335117499344, 0.0017711048713, 0.00166754040401]}, "spectral_contrast_valleys": {"dmean": [0.48534488678, 0.443205416203, 0.440131425858, 0.465056866407, 0.344423800707, 0.463319152594], "dmean2": [0.738204538822, 0.721119582653, 0.708273053169, 0.723428308964, 0.522333502769, 0.613378286362], "dvar": [0.294508785009, 0.226695731282, 0.253813266754, 0.304479658604, 0.178925946355, 0.301104217768], "dvar2": [0.499705076218, 0.476439476013, 0.520562529564, 0.654619991779, 0.344197005033, 0.607434511185], "max": [-5.10079479218, -4.67424106598, -5.03708744049, -5.37316608429, -5.85151433945, -7.73780059814], "mean": [-8.21900272369, -7.28748369217, -