{"lowlevel": {"average_loudness": 0.976695179939, "barkbands_crest": {"dmean": 3.82171797752, "dmean2": 6.15874433517, "dvar": 12.4992389679, "dvar2": 27.6236820221, "max": 26.9269161224, "mean": 13.8818025589, "median": 12.6692409515, "min": 2.38977074623, "var": 46.0943336487}, "barkbands_flatness_db": {"dmean": 0.0422809533775, "dmean2": 0.0648691356182, "dvar": 0.00143572117668, "dvar2": 0.0032269989606, "max": 0.615366280079, "mean": 0.176577299833, "median": 0.162308946252, "min": 0.0342374294996, "var": 0.00777967227623}, "barkbands_kurtosis": {"dmean": 12.9107131958, "dmean2": 22.6308822632, "dvar": 4889.43212891, "dvar2": 13486.8535156, "max": 1607.51257324, "mean": 13.0088167191, "median": 2.1909160614, "min": -1.83287990093, "var": 5251.6796875}, "barkbands_skewness": {"dmean": 0.883928120136, "dmean2": 1.39863717556, "dvar": 1.95730400085, "dvar2": 4.92338562012, "max": 31.2553863525, "mean": 0.450477957726, "median": 0.397099792957, "min": -6.74433994293, "var": 4.22375297546}, "barkbands_spread": {"dmean": 7.87947893143, "dmean2": 12.0606060028, "dvar": 86.201385498, "dvar2": 183.618453979, "max": 79.2134246826, "mean": 16.9630146027, "median": 13.0368680954, "min": 0.0161325689405, "var": 207.692718506}, "dissonance": {"dmean": 0.0406357981265, "dmean2": 0.0694706663489, "dvar": 0.00196797819808, "dvar2": 0.00567406509072, "max": 0.500000119209, "mean": 0.433563441038, "median": 0.452656775713, "min": 0.112583719194, "var": 0.00297825760208}, "dynamic_complexity": 4.89763069153, "erbbands_crest": {"dmean": 4.19067716599, "dmean2": 6.76315307617, "dvar": 15.2910318375, "dvar2": 32.0227355957, "max": 32.628326416, "mean": 15.8946256638, "median": 16.2971057892, "min": 2.51364350319, "var": 55.4404602051}, "erbbands_flatness_db": {"dmean": 0.0435738526285, "dmean2": 0.0661271512508, "dvar": 0.00156695442274, "dvar2": 0.00322862830944, "max": 0.673257112503, "mean": 0.227743193507, "median": 0.214902296662, "min": 0.0625035688281, "var": 0.00985743012279}, "erbbands_kurtosis": {"dmean": 8.42859745026, "dmean2": 13.9844436646, "dvar": 214.143096924, "dvar2": 539.320983887, "max": 197.378387451, "mean": 11.1006507874, "median": 2.25886487961, "min": -1.54931664467, "var": 454.316864014}, "erbbands_skewness": {"dmean": 0.80258667469, "dmean2": 1.25433588028, "dvar": 0.840400934219, "dvar2": 1.96147191525, "max": 8.58702373505, "mean": 0.657458305359, "median": 0.390481829643, "min": -5.31625127792, "var": 2.96567988396}, "erbbands_spread": {"dmean": 8.6740322113, "dmean2": 13.2534885406, "dvar": 97.8579025269, "dvar2": 196.237426758, "max": 91.671875, "mean": 21.9832019806, "median": 15.3210716248, "min": 0.239333629608, "var": 359.590881348}, "hfc": {"dmean": 16.0797271729, "dmean2": 26.9681720734, "dvar": 466.583892822, "dvar2": 1233.82946777, "max": 171.172485352, "mean": 23.2751331329, "median": 11.6239213943, "min": 1.39278100164e-07, "var": 801.347351074}, "melbands_crest": {"dmean": 4.38463497162, "dmean2": 7.12961244583, "dvar": 17.6986370087, "dvar2": 40.0376739502, "max": 35.7224235535, "mean": 16.7500934601, "median": 14.7337703705, "min": 2.37667369843, "var": 62.9968299866}, "melbands_flatness_db": {"dmean": 0.0451254583895, "dmean2": 0.0683596804738, "dvar": 0.00155820720829, "dvar2": 0.0034254307393, "max": 0.645616531372, "mean": 0.202203840017, "median": 0.194939166307, "min": 0.00959165394306, "var": 0.00797970499843}, "melbands_kurtosis": {"dmean": 6.80787134171, "dmean2": 11.0789890289, "dvar": 282.199707031, "dvar2": 663.363891602, "max": 359.605133057, "mean": 8.63782215118, "median": 3.00649309158, "min": -1.80720555782, "var": 569.50378418}, "melbands_skewness": {"dmean": 0.869295358658, "dmean2": 1.34407556057, "dvar": 0.640149354935, "dvar2": 1.53414189816, "max": 8.00615119934, "mean": 0.484413146973, "median": 0.558048844337, "min": -8.92194652557, "var": 3.01076841354}, "melbands_spread": {"dmean": 13.0420217514, "dmean2": 20.9636478424, "dvar": 297.079498291, "dvar2": 716.841674805, "max": 159.432449341, "mean": 26.6217041016, "median": 20.7150363922, "min": 0.155881658196, "var": 514.974304199}, "pitch_salience": {"dmean": 0.0988608747721, "dmean2": 0.154162675142, "dvar": 0.00794115196913, "dvar2": 0.0170161183923, "max": 0.930208802223, "mean": 0.417654395103, "median": 0.418823719025, "min": 0.0237559471279, "var": 0.0289572644979}, "silence_rate_20dB": {"dmean": 0, "dmean2": 0, "dvar": 0, "dvar2": 0, "max": 1, "mean": 1, "median": 1, "min": 1, "var": 0}, "silence_rate_30dB": {"dmean": 0.00725851487368, "dmean2": 0.0145210837945, "dvar": 0.00720602273941, "dvar2": 0.0204538870603, "max": 1, "mean": 0.995813548565, "median": 1, "min": 0, "var": 0.00416878191754}, "silence_rate_60dB": {"dmean": 0.0737018436193, "dmean2": 0.147165596485, "dvar": 0.0682701021433, "dvar2": 0.148410260677, "max": 1, "mean": 0.133128657937, "median": 0, "min": 0, "var": 0.115409500897}, "spectral_centroid": {"dmean": 335.831207275, "dmean2": 525.381958008, "dvar": 252893.65625, "dvar2": 566508.4375, "max": 11269.8837891, "mean": 1475.62475586, "median": 1280.08764648, "min": 609.051391602, "var": 388305.5}, "spectral_complexity": {"dmean": 2.89112234116, "dmean2": 4.21781635284, "dvar": 15.64894104, "dvar2": 30.409406662, "max": 51, "mean": 11.1440134048, "median": 10, "min": 0, "var": 40.4860992432}, "spectral_decrease": {"dmean": 2.7422681903e-09, "dmean2": 4.50442261268e-09, "dvar": 1.6426422265e-17, "dvar2": 4.28559793822e-17, "max": 1.73007461754e-19, "mean": -4.27490132182e-09, "median": -2.01545913292e-09, "min": -3.38713377346e-08, "var": 2.83108553434e-17}, "spectral_energy": {"dmean": 0.0116301719099, "dmean2": 0.0191788896918, "dvar": 0.000287131842924, "dvar2": 0.000750915380195, "max": 0.143364280462, "mean": 0.0182455554605, "median": 0.00892810802907, "min": 1.32739990874e-11, "var": 0.000502133741975}, "spectral_energyband_high": {"dmean": 0.00070778792724, "dmean2": 0.00118008791469, "dvar": 2.65179119197e-06, "dvar2": 7.08431161911e-06, "max": 0.0168704390526, "mean": 0.000623205094598, "median": 0.000129138992634, "min": 1.00689647592e-11, "var": 2.18241711991e-06}, "spectral_energyband_low": {"dmean": 0.000165686840774, "dmean2": 0.00023034356127, "dvar": 7.06044858134e-08, "dvar2": 1.47594050759e-07, "max": 0.00391499977559, "mean": 0.00033424954745, "median": 0.000213917592191, "min": 2.15848104906e-13, "var": 1.55865251372e-07}, "spectral_energyband_middle_high": {"dmean": 0.0110868141055, "dmean2": 0.0184741057456, "dvar": 0.000296649726806, "dvar2": 0.000774790591095, "max": 0.137815147638, "mean": 0.0147769870237, "median": 0.00404033157974, "min": 1.56361468912e-12, "var": 0.000488608842716}, "spectral_energyband_middle_low": {"dmean": 0.000900496612303, "dmean2": 0.00112811173312, "dvar": 1.95019811144e-06, "dvar2": 4.21973663833e-06, "max": 0.0240784976631, "mean": 0.00277151353657, "median": 0.00235228263773, "min": 3.61609044574e-13, "var": 5.96173913436e-06}, "spectral_entropy": {"dmean": 0.383263289928, "dmean2": 0.577247619629, "dvar": 0.123861074448, "dvar2": 0.27704924345, "max": 9.80484580994, "mean": 7.23406744003, "median": 7.29277420044, "min": 3.72161889076, "var": 0.540575683117}, "spectral_flux": {"dmean": 0.0317059904337, "dmean2": 0.0522941127419, "dvar": 0.00118607701734, "dvar2": 0.00339429802261, "max": 0.299851775169, "mean": 0.0673475116491, "median": 0.0526855774224, "min": 3.92091851609e-06, "var": 0.0025252699852}, "spectral_kurtosis": {"dmean": 2.50796937943, "dmean2": 4.08636713028, "dvar": 14.3399982452, "dvar2": 38.5642929077, "max": 150.983291626, "mean": 6.82506465912, "median": 4.65776586533, "min": -1.21857702732, "var": 92.0615081787}, "spectral_rms": {"dmean": 0.00114442023914, "dmean2": 0.00179187336471, "dvar": 1.53995847541e-06, "dvar2": 3.96266250391e-06, "max": 0.0118265626952, "mean": 0.00359775288962, "median": 0.00295133003965, "min": 1.13799131896e-07, "var": 4.85673672301e-06}, "spectral_rolloff": {"dmean": 1017.4319458, "dmean2": 1737.10852051, "dvar": 3453127.25, "dvar2": 8281683, "max": 18906.1523438, "mean": 2085.57470703, "median": 1270.45898438, "min": 322.998046875, "var": 4135628.25}, "spectral_skewness": {"dmean": 0.331353724003, "dmean2": 0.52828848362, "dvar": 0.107920370996, "dvar2": 0.283974438906, "max": 9.64655208588, "mean": 1.84152114391, "median": 1.69459104538, "min": -0.0187170244753, "var": 0.734802246094}, "spectral_spread": {"dmean": 959617.0625, "dmean2": 1481015.875, "dvar": 1592758894590.0, "dvar2": 3424778452990.0, "max": 41092496, "mean": 4524018, "median": 4203023, "min": 612800.6875, "var": 2732154159100.0}, "spectral_strongpeak": {"dmean": 1.4958012104, "dmean2": 2.40782523155, "dvar": 3.38140249252, "dvar2": 7.93742513657, "max": 16.8265705109, "mean": 2.8383538723, "median": 2.02731633186, "min": 0, "var": 8.53820514679}, "zerocrossingrate": {"dmean": 0.0159671511501, "dmean2": 0.0193819422275, "dvar": 0.000454742083093, "dvar2": 0.000613529817201, "max": 0.5107421875, "mean": 0.0744918510318, "median": 0.0615234375, "min": 0.02880859375, "var": 0.00153393531218}, "barkbands": {"dmean": [4.38566658545e-08, 9.55558243732e-06, 5.86215355725e-05, 0.000239004919422, 0.000305221677991, 0.000154881578055, 0.00012632542348, 7.66018347349e-05, 0.000200721638976, 0.000755501154345, 0.00480299955234, 0.00501890992746, 0.00104397616815, 0.000467315287096, 0.000144572899444, 7.80494083301e-05, 6.3727478846e-05, 7.08833395038e-05, 6.95239141351e-05, 5.91529897065e-05, 0.000173531079781, 0.000181319075637, 0.000111236229714, 6.86574057909e-05, 7.32706976123e-05, 7.66270823078e-05, 2.57964657067e-05], "dmean2": [7.57178071353e-08, 1.27321472974e-05, 8.65713082021e-05, 0.000339252525009, 0.000415531801991, 0.000198684749193, 0.000157117960043, 8.07540563983e-05, 0.000306814705255, 0.00124171620701, 0.0081110727042, 0.00849429704249, 0.00172101985663, 0.000783810392022, 0.000229834360653, 0.000126581435325, 9.81778794085e-05, 0.000111051194835, 0.000104253464087, 8.90982046258e-05, 0.000300653715385, 0.000315266515827, 0.000188620717381, 0.000113160036562, 0.000123709411127, 0.000133472014568, 4.44147226517e-05], "dvar": [1.02227728778e-14, 2.37706437867e-10, 9.17592313243e-09, 1.38280725537e-07, 1.6361346411e-07, 6.75055176202e-08, 3.17162971442e-08, 3.0385923111e-08, 8.06574746548e-07, 7.37261279937e-06, 0.000129466381622, 0.000190213962924, 1.25024453155e-05, 9.39180245041e-06, 8.80274129145e-08, 3.44403900954e-08, 2.41393465217e-08, 1.7452242318e-08, 1.7376372341e-08, 9.86895898336e-09, 2.52717001104e-07, 2.09346453062e-07, 8.47779801916e-08, 3.0448870092e-08, 3.50415589878e-08, 6.36894981199e-08, 7.34169036676e-09], "dvar2": [2.81481431994e-14, 3.94752758259e-10, 2.13295052731e-08, 2.78704902712e-07, 3.25606805518e-07, 1.15281459045e-07, 4.74451979926e-08, 4.42497345432e-08, 2.09629524761e-06, 1.87080004252e-05, 0.000351573107764, 0.000493863190059, 3.31150476995e-05, 2.56431721937e-05, 1.83353591865e-07, 8.09939209034e-08, 4.86529962984e-08, 4.0444557925e-08, 4.24591846127e-08, 2.42816877716e-08, 7.05920797373e-07, 5.9415378928e-07, 2.33214038303e-07, 8.06360560546e-08, 9.30657861886e-08, 1.74053937485e-07, 1.93461797693e-08], "max": [3.32866557073e-06, 0.000297826452879, 0.00135928182863, 0.00495350826532, 0.00487022660673, 0.00505246967077, 0.00250094034709, 0.00337096420117, 0.0213450714946, 0.0374609567225, 0.082174256444, 0.124823957682, 0.0384212769568, 0.0597619600594, 0.00408874172717, 0.00305463164113, 0.00272016134113, 0.00139415892772, 0.00202687340789, 0.000950635352638, 0.00708304205909, 0.00402472633868, 0.00334316096269, 0.00193147209939, 0.00189029087778, 0.00409469101578, 0.00113877025433], "mean": [4.37263594222e-08, 1.84688215086e-05, 0.000135093272547, 0.000396445015213, 0.000991208013147, 0.00041798123857, 0.000339493475622, 0.000193524290808, 0.000326999870595, 0.000873386859894, 0.0049058534205, 0.00603780010715, 0.00129850010853, 0.000670663372148, 0.000435417692643, 0.000202386072488, 0.000152533670189, 9.42967672017e-05, 9.51989059104e-05, 9.03944528545e-05, 0.000143894925714, 0.000139314026455, 9.30366732064e-05, 6.12860239926e-05, 5.77803803026e-05, 5.57554776606e-05, 1.88161156984e-05], "median": [1.42577381013e-08, 6.93641004545e-06, 6.81475212332e-05, 0.000229920915444, 0.000780261587352, 0.000216449523577, 0.000204923679121, 7.8127537563e-05, 0.000119582677144, 4.24415484304e-05, 0.000167668418726, 6.82036406943e-05, 4.14166461269e-05, 6.82251338731e-05, 8.96514102351e-05, 4.37337621406e-05, 4.2010233301e-05, 4.73234795209e-05, 4.72341416753e-05, 4.75761480629e-05, 2.43782433245e-05, 1.92968691408e-05, 1.39204821608e-05, 1.15148914119e-05, 6.40516191197e-06, 2.98102531815e-06, 5.78560957365e-07], "min": [1.30235693107e-13, 1.6148749208e-14, 4.00654884974e-15, 1.45753685678e-14, 3.03023495781e-14, 7.49874337971e-14, 7.52342117641e-14, 7.15853496814e-14, 7.52751065148e-14, 4.93656121027e-14, 4.22005061917e-14, 4.19637333779e-14, 9.37049510251e-14, 1.19991107436e-13, 1.72124548772e-13, 3.15250402822e-13, 2.46114652096e-13, 9.51453339401e-14, 2.87085296941e-13, 2.99971825808e-13, 7.47266072805e-13, 6.42380408849e-13, 1.03979661253e-12, 1.20641257401e-12, 1.52925903277e-12, 2.24517019559e-12, 2.57769673662e-12], "var": [8.93654572407e-15, 1.4953177585e-09, 3.34493286402e-08, 2.64866883981e-07, 7.04508295257e-07, 2.90862288921e-07, 1.66128899082e-07, 1.17213645012e-07, 1.06313746073e-06, 9.97713868855e-06, 0.000150114807184, 0.000289386254735, 1.72648396983e-05, 1.28212832351e-05, 4.51707535376e-07, 1.55271493441e-07, 1.09645910129e-07, 2.09065476042e-08, 2.02517753678e-08, 1.31041186791e-08, 1.73716202312e-07, 1.46783222021e-07, 6.33782804016e-08, 2.46892728484e-08, 2.6131047548e-08, 4.21310168974e-08, 5.25629229031e-09]}, "erbbands": {"dmean": [6.00931125518e-05, 0.0031957689207, 0.0447322428226, 0.452233880758, 0.904591500759, 1.24699747562, 1.23781168461, 1.10958337784, 1.01839482784, 2.57161259651, 2.11709499359, 2.93085026741, 19.1269168854, 76.462059021, 183.378356934, 160.639328003, 63.0470542908, 30.3547229767, 5.3791847229, 8.2862329483, 4.67817831039, 4.08727836609, 3.92712569237, 3.53442931175, 3.36798620224, 2.78024315834, 6.67077732086, 6.93882656097, 6.05349493027, 4.71952152252, 3.09632396698, 1.77233529091, 1.0095154047, 0.789688706398, 0.540734767914, 0.330407381058, 0.143747642636, 0.0333848297596, 0.00444896798581, 0.000201310380362], "dmean2": [7.91802813183e-05, 0.00429577287287, 0.0635100901127, 0.630527734756, 1.28153645992, 1.66982138157, 1.61694121361, 1.48876476288, 1.30502593517, 3.02426671982, 2.38716125488, 4.33491325378, 31.5454902649, 127.318977356, 308.184570312, 266.58001709, 104.066726685, 50.5025405884, 8.27608013153, 13.6182880402, 7.47282791138, 6.25064182281, 6.09480476379, 5.38839149475, 5.12253856659, 4.2275853157, 11.5687961578, 11.9590044022, 10.5033578873, 8.07326984406, 5.2748632431, 2.9369726181, 1.65946495533, 1.32712197304, 0.928337752819, 0.574991941452, 0.253093212843, 0.0580289289355, 0.00755436997861, 0.000350274378434], "dvar": [8.28269541842e-09, 2.4920427677e-05, 0.00501572294161, 0.524615824223, 1.61893737316, 3.26931214333, 4.39074230194, 2.98734140396, 1.94931936264, 14.6678247452, 58.7368125916, 123.162277222, 4076.86132812, 24908.2070312, 141749.15625, 182317.3125, 39785.6367188, 41603.9335938, 133.361404419, 355.060577393, 148.842529297, 108.882492065, 50.4860801697, 52.3322868347, 39.689655304, 24.0135631561, 493.395355225, 282.880279541, 237.169296265, 150.356262207, 66.3047637939, 22.696187973, 5.8337521553, 4.15315961838, 2.09824943542, 0.908647119999, 0.317439347506, 0.0125905657187, 0.000203847637749, 4.16196797914e-07], "dvar2": [1.35888553743e-08, 4.50490988442e-05, 0.0112123815343, 1.04785633087, 3.62959337234, 6.44724655151, 7.10169458389, 5.88423776627, 3.62734866142, 21.4689903259, 107.475692749, 307.241912842, 9956.09570312, 63337.28125, 371267.5, 476765.59375, 106065, 112601.578125, 308.590301514, 792.253967285, 347.734283447, 216.177093506, 116.443946838, 131.349746704, 96.6162109375, 60.3401908875, 1415.40673828, 778.753723145, 676.890625, 408.117431641, 185.965179443, 61.8146247864, 15.2164640427, 11.0419359207, 5.62377548218, 2.45218634605, 0.883330225945, 0.0338835716248, 0.000522377609741, 1.10825612865e-06], "max": [0.00184783886652, 0.0994785651565, 1.01986908913, 10.6535110474, 18.2805690765, 23.8817691803, 44.2673835754, 25.0048980713, 17.3897686005, 53.4934806824, 204.791595459, 258.580291748, 936.28326416, 1759.76977539, 2464.13134766, 3956.40380859, 2114.19189453, 4157.57373047, 192.075668335, 295.457550049, 206.916320801, 187.99269104, 59.6289901733, 91.1124420166, 69.0935211182, 47.8355674744, 380.858703613, 151.956390381, 151.640319824, 157.422271729, 91.7510147095, 54.8914527893, 25.5733146667, 24.4564189911, 14.4301624298, 13.1194095612, 10.1446037292, 1.79869675636, 0.156014055014, 0.00776263419539], "mean": [0.000145223093568, 0.0073993219994, 0.114984162152, 0.819437980652, 2.10722255707, 3.92518424988, 3.85538196564, 2.94258260727, 2.89589071274, 6.67372894287, 5.15172386169, 5.29904174805, 24.2633914948, 84.618850708, 202.359115601, 196.897796631, 76.1914596558, 45.1962623596, 13.1611537933, 24.903087616, 13.7784547806, 10.6399917603, 5.65943670273, 4.81968021393, 4.66758489609, 3.97844576836, 6.0190410614, 5.63356399536, 4.71326494217, 3.76735591888, 2.61659288406, 1.5710709095, 0.88457006216, 0.647122919559, 0.408841490746, 0.244469866157, 0.102114193141, 0.024173265323, 0.00334619428031, 0.000159112722031], "median": [8.18000044092e-05, 0.00370824593119, 0.0694632604718, 0.509737789631, 1.57895588875, 2.80616283417, 2.51393318176, 1.86375105381, 1.89888191223, 3.23292660713, 2.21464395523, 2.47115302086, 3.56425881386, 8.40306758881, 14.7812519073, 7.10673141479, 3.13915801048, 3.63787722588, 5.08056306839, 4.70651292801, 3.21650648117, 2.95109629631, 2.93467092514, 2.42518377304, 2.38659191132, 2.10789775848, 1.64150118828, 0.769749283791, 0.64554131031, 0.599846482277, 0.377101033926, 0.312414765358, 0.146934464574, 0.0793629139662, 0.0409690476954, 0.0157406553626, 0.00456909649074, 0.000991649110802, 0.000114370595838, 2.71482949756e-05], "min": [3.3755791131e-12, 2.92481555468e-12, 5.72447948419e-12, 3.32859885488e-11, 3.37562026942e-11, 1.7454820922e-10, 2.15509610157e-10, 8.08947298037e-10, 7.78486552999e-10, 1.24574217608e-09, 1.73474812293e-09, 1.93392657444e-09, 1.75626913013e-09, 1.54006096764e-09, 1.58073742984e-09, 1.8009059799e-09, 4.62562210757e-09, 5.52396617337e-09, 9.47490796932e-09, 9.77887104625e-09, 1.70921623521e-08, 1.67301923426e-08, 7.24291515652e-09, 1.07713180597e-08, 1.18032756902e-08, 1.50783137087e-08, 3.69004915513e-08, 1.80115335979e-08, 2.12220463425e-08, 3.76982178807e-08, 2.28609593478e-08, 2.35140085181e-08, 1.92213569505e-08, 1.54180739287e-08, 1.27010322259e-08, 8.03994293364e-09, 3.8987897355e-09, 1.40038103336e-09, 3.68062635925e-10, 4.09620774799e-11], "var": [5.02416988013e-08, 0.000143420867971, 0.0197863914073, 1.04013633728, 4.11327457428, 14.8230772018, 20.6931362152, 10.3917989731, 8.71398448944, 74.7754135132, 132.945663452, 187.630706787, 6321.72705078, 33495.5195312, 182158.359375, 278897.25, 55467.03125, 67634.9375, 408.917663574, 1706.34082031, 725.05682373, 529.963806152, 64.3905181885, 54.8218002319, 47.4949989319, 28.6572055817, 307.772186279, 217.446640015, 165.525054932, 111.45954895, 48.5374336243, 17.5348567963, 4.89477205276, 3.14669060707, 1.50012266636, 0.625767290592, 0.198610678315, 0.00860066711903, 0.0001554335322, 2.91639963734e-07]}, "gfcc": {"mean": [-65.9551849365, 56.3659172058, -138.755874634, -2.00174832344, -67.7850494385, 1.94240641594, -43.2852325439, -13.8494272232, -40.8375740051, -14.5417957306, -24.5848712921, -2.57721543312, -12.8023853302], "cov": [[16709.6953125, -613.960510254, 812.133544922, 1176.76916504, -556.671569824, -259.28036499, -589.832885742, -141.870697021, -675.738769531, -61.2528152466, -221.086288452, 106.653488159, -419.142974854], [-613.960510254, 1688.80285645, -367.547332764, 96.0017623901, -28.4668865204, -40.8038482666, 63.1856498718, -32.4263191223, 56.9909629822, -156.7368927, 114.966545105, -128.428161621, 16.9541873932], [812.133544922, -367.547332764, 582.68548584, 272.957580566, -32.6425590515, -159.546951294, -124.582794189, 114.362876892, -34.3181343079, 98.1601486206, -115.595703125, -85.5041427612, -76.8204193115], [1176.76916504, 96.0017623901, 272.957580566, 553.044433594, -85.0688705444, -201.338623047, -208.335845947, 33.9880943298, 100.232261658, 75.5661697388, -116.467536926, -112.355812073, -73.8665542603], [-556.671569824, -28.4668865204, -32.6425590515, -85.0688705444, 300.748840332, 161.747451782, -0.623910307884, -19.0070037842, 18.4243068695, 51.4364013672, 38.7739334106, 6.11725902557, -31.2818851471], [-259.28036499, -40.8038482666, -159.546951294, -201.338623047, 161.747451782, 297.683105469, 167.159515381, -18.1331501007, -78.8347625732, -51.0510139465, 87.2633590698, 84.0512771606, 8.74365234375], [-589.832885742, 63.1856498718, -124.582794189, -208.335845947, -0.623910307884, 167.159515381, 285.704559326, 49.9484519958, -91.9507522583, -117.160079956, 69.0411224365, 80.9648666382, 49.3136940002], [-141.870697021, -32.4263191223, 114.362876892, 33.9880943298, -19.0070037842, -18.1331501007, 49.9484519958, 154.91468811, 33.051158905, -28.5837631226, -71.5057830811, -12.8748855591, 48.9514579773], [-675.738769531, 56.9909629822, -34.3181343079, 100.232261658, 18.4243068695, -78.8347625732, -91.9507522583, 33.051158905, 250.656524658, 54.6503791809, -88.4913406372, -80.9812393188, 31.7398529053], [-61.2528152466, -156.7368927, 98.1601486206, 75.5661697388, 51.4364013672, -51.0510139465, -117.160079956, -28.5837631226, 54.6503791809, 149.739440918, 10.7093744278, -64.8240890503, -76.0173492432], [-221.086288452, 114.966545105, -115.595703125, -116.467536926, 38.7739334106, 87.2633590698, 69.0411224365, -71.5057830811, -88.4913406372, 10.7093744278, 190.395935059, 54.670375824, -59.5823249817], [106.653488159, -128.428161621, -85.5041427612, -112.355812073, 6.11725902557, 84.0512771606, 80.9648666382, -12.8748855591, -80.9812393188, -64.8240890503, 54.670375824, 162.807556152, 47.5578117371], [-419.142974854, 16.9541873932, -76.8204193115, -73.8665542603, -31.2818851471, 8.74365234375, 49.3136940002, 48.9514579773, 31.7398529053, -76.0173492432, -59.5823249817, 47.5578117371, 174.30480957]], "icov": [[0.00012697261991, 2.05662818189e-05, 4.46325284429e-05, -0.000235881598201, 0.000290394382318, -0.000335284566972, 0.000476372282719, -6.91522145644e-05, 0.00044445777894, 0.000225086783757, 0.000253028789302, -0.000155000438099, 0.000322630512528], [2.05662818189e-05, 0.00160198728554, 0.00121361366473, -0.00103008013684, -0.000977000803687, 0.001142723253, 0.000167278238223, -0.000578379142098, 0.000209774516406, 0.00331468624063, -0.00244500301778, 0.00283541390672, -0.000327578658471], [4.46325284429e-05, 0.00121361366473, 0.00584422471002, -0.00210025487468, -0.00145660096314, 0.00246319756843, 9.55066789174e-05, -0.00433260621503, 0.00395843200386, -0.00102341827005, 0.000751707237214, 0.00194665091112, 0.00103838928044], [-0.000235881598201, -0.00103008013684, -0.00210025487468, 0.00469685392454, 0.000989392399788, -0.000250209035585, 0.00109659740701, 0.000259767228272, -0.00224832654931, -0.000864955538418, 0.00128272350412, -0.00119705765974, 0.00120194943156], [0.000290394382318, -0.000977000803687, -0.00145660096314, 0.000989392399788, 0.00830709282309, -0.00728133879602, 0.00373203190975, -0.000357249664376, -0.000651650712825, -0.00294203986414, 0.00166877079755, -0.0019477851456, 0.00140868639573], [-0.000335284566972, 0.001142723253, 0.00246319756843, -0.000250209035585, -0.00728133879602, 0.0127294715494, -0.00654147844762, 0.000408768304624, 0.000844798516482, 0.00128406356089, -0.00166845310014, 0.000882323889527, -0.000552136974875], [0.000476372282719, 0.000167278238223, 9.55066789174e-05, 0.00109659740701, 0.00373203190975, -0.00654147844762, 0.0134317651391, -0.00539873447269, 0.00175553478766, 0.00640526646748, -0.0026218383573, 0.00054111861391, 0.00177998200525], [-6.91522145644e-05, -0.000578379142098, -0.00433260621503, 0.000259767228272, -0.000357249664376, 0.000408768304624, -0.00539873447269, 0.0139071969315, -0.00341976317577, 0.000238842316321, 0.00265349214897, -0.000670574663673, -0.0025554522872], [0.00044445777894, 0.000209774516406, 0.00395843200386, -0.00224832654931, -0.000651650712825, 0.000844798516482, 0.00175553478766, -0.00341976317577, 0.0106873931363, -0.00354708917439, 0.00378698925488, 0.0016236588126, -0.000497006170917], [0.000225086783757, 0.00331468624063, -0.00102341827005, -0.000864955538418, -0.00294203986414, 0.00128406356089, 0.00640526646748, 0.000238842316321, -0.00354708917439, 0.0248169787228, -0.00956613756716, 0.00808983668685, 0.00292139640078], [0.000253028789302, -0.00244500301778, 0.000751707237214, 0.00128272350412, 0.00166877079755, -0.00166845310014, -0.0026218383573, 0.00265349214897, 0.00378698925488, -0.00956613756716, 0.0166270956397, -0.00745897274464, 0.00495808804408], [-0.000155000438099, 0.00283541390672, 0.00194665091112, -0.00119705765974, -0.0019477851456, 0.000882323889527, 0.00054111861391, -0.000670574663673, 0.0016236588126, 0.00808983668685, -0.00745897274464, 0.0157534945756, -0.00427191285416], [0.000322630512528, -0.000327578658471, 0.00103838928044, 0.00120194943156, 0.00140868639573, -0.000552136974875, 0.00177998200525, -0.0025554522872, -0.000497006170917, 0.00292139640078, 0.00495808804408, -0.00427191285416, 0.0122312987223]]}, "melbands": {"dmean": [1.47919115534e-06, 1.63981421792e-05, 9.03424370335e-05, 7.21914329915e-05, 4.52281565231e-05, 2.61367968051e-05, 1.75886289071e-05, 2.57907249761e-05, 1.86210800166e-05, 2.22363632929e-05, 0.000100276774901, 0.000276620441582, 0.00073777185753, 0.000473381252959, 0.000435764552094, 5.50167715119e-05, 4.98577101098e-05, 7.39819552109e-06, 1.13856567623e-05, 7.27926408217e-06, 5.56600843993e-06, 4.56806037619e-06, 3.79918969884e-06, 3.15123270411e-06, 2.95267614092e-06, 2.57816577687e-06, 2.19212392949e-06, 1.75187688001e-06, 3.81777817893e-06, 4.04147749578e-06, 4.41628390035e-06, 3.54609619535e-06, 3.25592986883e-06, 2.38271854869e-06, 1.81192638138e-06, 1.34262120355e-06, 1.02912065358e-06, 6.912068784e-07, 6.93758181569e-07, 6.70108306622e-07], "dmean2": [1.95503616851e-06, 2.34756407735e-05, 0.0001267662592, 9.85452279565e-05, 5.96728787059e-05, 3.45692897099e-05, 2.24223094847e-05, 2.91265623673e-05, 2.1961002858e-05, 3.39204125339e-05, 0.000166039608303, 0.000461360410554, 0.00124378176406, 0.000788896169979, 0.000719553907402, 9.3451984867e-05, 8.27100811875e-05, 1.121258083e-05, 1.83840274985e-05, 1.19750511658e-05, 8.94937147677e-06, 7.0244291237e-06, 5.95447818341e-06, 4.92156004839e-06, 4.57348414784e-06, 3.93951586375e-06, 3.40484348271e-06, 2.67288078248e-06, 6.61993090034e-06, 6.98704752722e-06, 7.70018777985e-06, 6.22501102043e-06, 5.60703665542e-06, 4.07973357142e-06, 3.09507504426e-06, 2.27319878832e-06, 1.70983571479e-06, 1.14737588319e-06, 1.17472222882e-06, 1.14326167022e-06], "dvar": [5.66138325456e-12, 6.72689515202e-10, 1.80762960156e-08, 9.46796063772e-09, 4.69267913417e-09, 1.68505365217e-09, 5.11025832761e-10, 1.33895161625e-09, 6.57211840505e-09, 1.00638324341e-08, 1.25483055058e-07, 3.15113538818e-07, 2.76945070254e-06, 2.57301758211e-06, 2.47475895776e-06, 1.11794335567e-07, 1.17403494926e-07, 3.27987415005e-10, 6.13799955307e-10, 2.86042300957e-10, 2.23872892446e-10, 1.72689945677e-10, 5.53082475652e-11, 3.41779521351e-11, 3.89917334531e-11, 2.50316972011e-11, 1.87749833042e-11, 8.31339424384e-12, 1.43085515658e-10, 1.62501137546e-10, 1.15010397039e-10, 8.87435402941e-11, 6.46366155044e-11, 4.64648181042e-11, 2.35675454846e-11, 1.23055376652e-11, 8.77006627042e-12, 3.06665240077e-12, 3.49338505172e-12, 3.31919582965e-12], "dvar2": [9.13179948325e-12, 1.5241216067e-09, 3.72148534211e-08, 1.87266930851e-08, 8.12852096743e-09, 3.18210635619e-09, 8.73783323474e-10, 1.89711646392e-09, 1.2486519374e-08, 2.59937369407e-08, 3.09399780463e-07, 7.92287266904e-07, 7.5040147749e-06, 6.28726729701e-06, 6.65881179884e-06, 3.0380493854e-07, 3.17169565278e-07, 6.9645844647e-10, 1.26479293705e-09, 6.6442712443e-10, 5.26703125558e-10, 3.3496538876e-10, 1.35578492877e-10, 7.81386413906e-11, 9.95883583932e-11, 6.19322718109e-11, 4.8079113607e-11, 2.05844664231e-11, 4.07147371373e-10, 4.62644200727e-10, 3.2059496724e-10, 2.56122151265e-10, 1.78727005418e-10, 1.26174820592e-10, 6.54792192689e-11, 3.53052378999e-11, 2.35533450382e-11, 8.1076421618e-12, 9.36228265053e-12, 8.93604721469e-12], "max": [4.64278746222e-05, 0.000371725240257, 0.00178247934673, 0.00128258869518, 0.00128492258955, 0.000632847601082, 0.000297573802527, 0.000487761746626, 0.0022370966617, 0.00248768460006, 0.0051583298482, 0.00653278734535, 0.0120335519314, 0.0168156977743, 0.017213286832, 0.00636621052399, 0.00700165284798, 0.000396156829083, 0.000353632902261, 0.000271148048341, 0.000250667682849, 0.000246167095611, 7.15300557204e-05, 6.82392710587e-05, 8.17521067802e-05, 7.45532597648e-05, 5.58923529752e-05, 2.49092772719e-05, 0.000198196838028, 0.000199155198061, 8.1130565377e-05, 9.78127063718e-05, 8.61615335452e-05, 8.84838154889e-05, 5.561584112e-05, 4.33534223703e-05, 3.95713759644e-05, 2.06296699616e-05, 2.50864122791e-05, 2.16601729335e-05], "mean": [2.89191325464e-06, 4.11842411268e-05, 0.000176862173248, 0.000218506334932, 0.000149213767145, 7.02902398189e-05, 4.93231600558e-05, 6.72139794915e-05, 4.25655925937e-05, 3.58661382052e-05, 0.000123506557429, 0.000303964217892, 0.00076814572094, 0.000573947501834, 0.000487885205075, 7.78845569585e-05, 7.45377037674e-05, 1.73021308001e-05, 3.34887590725e-05, 2.13282073673e-05, 1.41713426274e-05, 1.17200415843e-05, 5.72545377509e-06, 4.12301369579e-06, 3.89886372432e-06, 3.52622623723e-06, 2.92283925774e-06, 2.57395163317e-06, 3.70641646441e-06, 3.32590570906e-06, 3.45865896634e-06, 2.71293833976e-06, 2.56106682173e-06, 1.89006095752e-06, 1.51375434143e-06, 1.13997441531e-06, 9.26120776512e-07, 5.9551001641e-07, 5.84432712003e-07, 5.34838989097e-07], "median": [1.11034796646e-06, 2.20062865992e-05, 0.000122878598631, 0.000160708121257, 0.000112011402962, 4.23652527388e-05, 3.26882909576e-05, 3.25175460603e-05, 1.60447998496e-05, 1.39582325573e-05, 1.25542883325e-05, 2.43419999606e-05, 3.72524264094e-05, 1.12802763397e-05, 4.65262201033e-06, 3.63786921298e-06, 5.05186062583e-06, 5.41451618119e-06, 6.47228080197e-06, 3.33631373906e-06, 2.69821794063e-06, 2.66794609161e-06, 2.74719718618e-06, 2.00828435482e-06, 1.92927586795e-06, 1.77241508936e-06, 1.45614137637e-06, 1.39690075684e-06, 1.12264842755e-06, 5.32000228759e-07, 4.13057705373e-07, 3.41497553791e-07, 3.62696255252e-07, 2.97208032407e-07, 2.11893848245e-07, 1.85217714943e-07, 1.73303362772e-07, 9.35785280376e-08, 7.4018714713e-08, 6.32007939316e-08], "min": [4.47223299518e-14, 5.20206046886e-15, 5.64085021707e-15, 6.92515968818e-15, 8.22855408214e-15, 1.62909541814e-14, 1.41942156e-14, 1.50385465121e-14, 1.2617856792e-14, 1.23488823266e-14, 8.54450160664e-15, 6.11929550678e-15, 6.04726213088e-15, 5.15576376554e-15, 4.4569370201e-15, 1.1410857712e-14, 9.87109411544e-15, 1.60358431042e-14, 1.13255606472e-14, 1.54175852857e-14, 1.94599111131e-14, 1.48844525843e-14, 1.26136868488e-14, 3.09781039931e-15, 9.17823810524e-15, 1.25247509304e-14, 6.04178521584e-15, 9.94475464163e-15, 2.22757247625e-14, 2.17300966311e-14, 6.764372506e-15, 1.17706493559e-14, 1.49080780273e-14, 2.45603809913e-14, 1.57112922661e-14, 6.7077847759e-15, 1.81930818609e-14, 1.38776726113e-14, 9.31636546202e-15, 1.55297714114e-14], "var": [3.62378738128e-11, 2.87738588511e-09, 3.73108903773e-08, 3.83499880741e-08, 2.17449951379e-08, 6.37697405992e-09, 2.43785347465e-09, 7.20182979919e-09, 1.36924747096e-08, 1.35109488042e-08, 1.89563763797e-07, 4.29753384878e-07, 3.18856655213e-06, 3.95104871131e-06, 3.19522837344e-06, 1.78100819426e-07, 1.91475891143e-07, 1.36520461602e-09, 3.02685498887e-09, 1.39644229513e-09, 9.87726789248e-10, 8.60529147939e-10, 6.7520343483e-11, 4.17102151429e-11, 3.86204401792e-11, 2.80583889456e-11, 2.03667395449e-11, 1.07998922305e-11, 9.20344703226e-11, 1.06077556461e-10, 8.64372323717e-11, 5.94796573106e-11, 4.77528953879e-11, 3.32500867117e-11, 1.72152830186e-11, 8.76910089681e-12, 6.90793559507e-12, 2.45654625114e-12, 2.64834031441e-12, 2.39641249553e-12]}, "mfcc": {"mean": [-704.704589844, 98.5177230835, -18.4245872498, 0.448770493269, -14.5036449432, -1.44257044792, -6.75593233109, -4.39165353775, -12.4313001633, -14.0543899536, -20.3925323486, -13.1534528732, -5.36224555969], "cov": [[8844.55664062, 39.2573623657, 267.930175781, 520.552124023, 28.2668266296, -55.1382408142, -268.297515869, -130.335693359, -180.693252563, -170.970840454, -92.2251205444, -75.3968734741, -175.911682129], [39.2573623657, 1256.5279541, -180.109786987, 26.1293964386, -70.7034225464, -34.9313240051, 98.0877075195, 89.7264328003, -103.243209839, 3.64687776566, -66.368019104, 44.417339325, 52.1826400757], [267.930175781, -180.109786987, 316.921875, 207.598846436, -0.172408536077, -124.115432739, -63.4253921509, -74.7477035522, 33.1927528381, 105.93119812, 55.5067443848, -92.7752151489, -141.478179932], [520.552124023, 26.1293964386, 207.598846436, 374.357788086, 59.218788147, -103.17641449, -162.389923096, -97.7627410889, 26.9153499603, 120.649421692, 61.6745071411, -63.0049133301, -123.186302185], [28.2668266296, -70.7034225464, -0.172408536077, 59.218788147, 266.833343506, 60.3923988342, -44.7715950012, -67.0346450806, 54.3960647583, 61.4062232971, 44.6595954895, 31.8712921143, 33.576171875], [-55.1382408142, -34.9313240051, -124.115432739, -103.17641449, 60.3923988342, 180.687454224, 77.2966156006, 43.732875824, -23.822013855, -63.3980751038, 20.9346618652, 88.9269256592, 79.1863250732], [-268.297515869, 98.0877075195, -63.4253921509, -162.389923096, -44.7715950012, 77.2966156006, 314.16293335, 122.877540588, -71.5768661499, -107.636474609, -8.21810340881, 93.1496124268, 61.3556022644], [-130.335693359, 89.7264328003, -74.7477035522, -97.7627410889, -67.0346450806, 43.732875824, 122.877540588, 211.068206787, 59.9109039307, -73.4076538086, -81.2984619141, 17.7483272552, 100.348976135], [-180.693252563, -103.243209839, 33.1927528381, 26.9153499603, 54.3960647583, -23.822013855, -71.5768661499, 59.9109039307, 222.629470825, 88.5727844238, -65.1067657471, -132.405731201, -1.69946575165], [-170.970840454, 3.64687776566, 105.93119812, 120.649421692, 61.4062232971, -63.3980751038, -107.636474609, -73.4076538086, 88.5727844238, 218.771194458, 76.9566879272, -100.392082214, -139.104598999], [-92.2251205444, -66.368019104, 55.5067443848, 61.6745071411, 44.6595954895, 20.9346618652, -8.21810340881, -81.2984619141, -65.1067657471, 76.9566879272, 189.1378479, 71.6622467041, -95.451385498], [-75.3968734741, 44.417339325, -92.7752151489, -63.0049133301, 31.8712921143, 88.9269256592, 93.1496124268, 17.7483272552, -132.405731201, -100.392082214, 71.6622467041, 243.513687134, 109.473724365], [-175.911682129, 52.1826400757, -141.478179932, -123.186302185, 33.576171875, 79.1863250732, 61.3556022644, 100.348976135, -1.69946575165, -139.104598999, -95.451385498, 109.473724365, 258.339813232]], "icov": [[0.00015123464982, -1.95767843252e-05, -0.000121272387332, -0.000172694723005, -0.000170048791915, -0.000157083704835, 0.000216276835999, -0.000177372232429, 0.000252102123341, 0.000355963449692, 0.000221600406803, 5.38118838449e-05, 0.000298358791042], [-1.95767843252e-05, 0.00140603107866, 0.00168255344033, -0.00109515152872, 2.2951484425e-05, 0.0008657311555, -0.000754170876462, -0.000859223713633, 0.00169528461993, -0.00180789607111, 0.000896542100236, 0.000207148652407, -0.000372431444703], [-0.000121272387332, 0.00168255344033, 0.00926840398461, -0.00430431216955, 0.000360567268217, 0.0042117824778, -0.00302335317247, 0.000320029212162, 0.000282507215161, -0.00150869006757, -0.00123995053582, 0.0015479568392, -6.78444994264e-05], [-0.000172694723005, -0.00109515152872, -0.00430431216955, 0.00710103940219, -0.00168163352646, 0.000430044310633, 0.00319413468242, -0.000919583835639, -0.000119118405564, 0.000591849326156, -0.000726519385353, -0.000920232443605, 0.00125719828065], [-0.000170048791915, 2.2951484425e-05, 0.000360567268217, -0.00168163352646, 0.00826386455446, -0.00311523280106, -0.00199943478219, 0.00573622668162, -0.00483022537082, -0.00265406235121, -0.000289170537144, -0.00211830949411, -0.00326736178249], [-0.000157083704835, 0.0008657311555, 0.0042117824778, 0.000430044310633, -0.00311523280106, 0.0120203169063, -0.00137663027272, -0.00219776947051, 0.000326726702042, 0.00146660127211, -0.00362820411101, 0.000311417825287, -0.000549819436856], [0.000216276835999, -0.000754170876462, -0.00302335317247, 0.00319413468242, -0.00199943478219, -0.00137663027272, 0.00790686253458, -0.00528920441866, 0.00293983891606, 0.00236471439712, -0.000124385638628, -0.000502823386341, 0.00248520309106], [-0.000177372232429, -0.000859223713633, 0.000320029212162, -0.000919583835639, 0.00573622668162, -0.00219776947051, -0.00528920441866, 0.0150663293898, -0.00970500521362, 0.0008571742801, 0.000897159450687, -0.00291467853822, -0.00291416374967], [0.000252102123341, 0.00169528461993, 0.000282507215161, -0.000119118405564, -0.00483022537082, 0.000326726702042, 0.00293983891606, -0.00970500521362, 0.0175951197743, -0.00638826517388, 0.00320110912435, 0.00655957125127, -0.00139462493826], [0.000355963449692, -0.00180789607111, -0.00150869006757, 0.000591849326156, -0.00265406235121, 0.00146660127211, 0.00236471439712, 0.0008571742801, -0.00638826517388, 0.0169197749346, -0.00694550620392, 0.00235505611636, 0.00456871232018], [0.000221600406803, 0.000896542100236, -0.00123995053582, -0.000726519385353, -0.000289170537144, -0.00362820411101, -0.000124385638628, 0.000897159450687, 0.00320110912435, -0.00694550620392, 0.0171917304397, -0.00824595801532, 0.00590257253498], [5.38118838449e-05, 0.000207148652407, 0.0015479568392, -0.000920232443605, -0.00211830949411, 0.000311417825287, -0.000502823386341, -0.00291467853822, 0.00655957125127, 0.00235505611636, -0.00824595801532, 0.0147310877219, -0.00614271871746], [0.000298358791042, -0.000372431444703, -6.78444994264e-05, 0.00125719828065, -0.00326736178249, -0.000549819436856, 0.00248520309106, -0.00291416374967, -0.00139462493826, 0.00456871232018, 0.00590257253498, -0.00614271871746, 0.0130812982097]]}, "spectral_contrast_coeffs": {"dmean": [0.0382105000317, 0.0323967672884, 0.0588960647583, 0.0343445576727, 0.0203843358904, 0.0272418111563], "dmean2": [0.0603070519865, 0.049176607281, 0.0909328311682, 0.0529216974974, 0.0328496433794, 0.0450084768236], "dvar": [0.00114041694906, 0.000954647839535, 0.00228899857029, 0.00103523465805, 0.000327720917994, 0.000883692700882], "dvar2": [0.00258476496674, 0.00226126797497, 0.0051283268258, 0.00219987262972, 0.000781013164669, 0.00255503994413], "max": [-0.33964201808, -0.494587391615, -0.330497503281, -0.408276051283, -0.687035560608, -0.620804607868], "mean": [-0.542174875736, -0.720370769501, -0.659580528736, -0.723231434822, -0.790671646595, -0.763509452343], "median": [-0.536210775375, -0.711039245129, -0.671742677689, -0.730187237263, -0.789629161358, -0.757727563381], "min": [-0.974662601948, -0.976612091064, -0.963377296925, -0.955422759056, -0.958596348763, -0.960798799992], "var": [0.00678006047383, 0.00478482991457, 0.011332356371, 0.00750675564632, 0.00147929764353, 0.00178223534022]}, "spectral_contrast_valleys": {"dmean": [0.422354400158, 0.312494009733, 0.347899198532, 0.31657999754, 0.354490727186, 0.545499801636], "dmean2": [0.650816857815, 0.458507061005, 0.508674561977, 0.454545766115, 0.465433955193, 0.69294667244], "dvar": [0.214432448149, 0.201425895095, 0.196688354015, 0.199402332306, 0.240817010403, 0.414257466793], "dvar2": [0.368465602398, 0.282744437456, 0.28602522611