{"lowlevel": {"average_loudness": 0.955009758472, "barkbands_crest": {"dmean": 2.17634797096, "dmean2": 3.18714666367, "dvar": 5.33749866486, "dvar2": 10.3971357346, "max": 24.4196491241, "mean": 8.83999729156, "median": 7.48166942596, "min": 2.34949088097, "var": 19.7042961121}, "barkbands_flatness_db": {"dmean": 0.0172548014671, "dmean2": 0.0253352615982, "dvar": 0.000458814261947, "dvar2": 0.000912056013476, "max": 0.536022901535, "mean": 0.12933576107, "median": 0.100336223841, "min": 0.0188458319753, "var": 0.00794359203428}, "barkbands_kurtosis": {"dmean": 2.63147544861, "dmean2": 4.04045724869, "dvar": 42.1773071289, "dvar2": 94.9451599121, "max": 145.49899292, "mean": 3.64532923698, "median": 0.380281090736, "min": -1.8694229126, "var": 97.0143051147}, "barkbands_skewness": {"dmean": 0.499145537615, "dmean2": 0.722124755383, "dvar": 0.497691184282, "dvar2": 0.982979655266, "max": 10.7380542755, "mean": 1.25160050392, "median": 1.0397465229, "min": -2.75787854195, "var": 2.0826458931}, "barkbands_spread": {"dmean": 5.66519117355, "dmean2": 8.41862106323, "dvar": 57.1570129395, "dvar2": 110.527183533, "max": 111.644195557, "mean": 30.2993602753, "median": 29.8324966431, "min": 0.688491344452, "var": 296.846893311}, "dissonance": {"dmean": 0.0129352947697, "dmean2": 0.0219846460968, "dvar": 0.000241125642788, "dvar2": 0.00067240052158, "max": 0.500000119209, "mean": 0.470938026905, "median": 0.480981528759, "min": 0.220326021314, "var": 0.000978409312665}, "dynamic_complexity": 2.31666588783, "erbbands_crest": {"dmean": 1.86460256577, "dmean2": 3.02542233467, "dvar": 3.50481057167, "dvar2": 9.16927051544, "max": 29.8851852417, "mean": 8.72866725922, "median": 7.03277015686, "min": 2.05537414551, "var": 25.4952030182}, "erbbands_flatness_db": {"dmean": 0.0116757219657, "dmean2": 0.0173749551177, "dvar": 0.000145199504914, "dvar2": 0.000303064007312, "max": 0.338372856379, "mean": 0.150300055742, "median": 0.134003221989, "min": 0.0235980208963, "var": 0.00277655594982}, "erbbands_kurtosis": {"dmean": 0.742644786835, "dmean2": 1.17628264427, "dvar": 1.42978811264, "dvar2": 3.64725971222, "max": 30.8101730347, "mean": 0.678929626942, "median": -0.133013248444, "min": -1.64403617382, "var": 6.38029050827}, "erbbands_skewness": {"dmean": 0.254847854376, "dmean2": 0.39845764637, "dvar": 0.0599430389702, "dvar2": 0.147383674979, "max": 4.06599569321, "mean": -0.0634512528777, "median": -0.215341135859, "min": -3.16721177101, "var": 0.63694101572}, "erbbands_spread": {"dmean": 7.04009342194, "dmean2": 10.7756738663, "dvar": 79.9906082153, "dvar2": 187.734832764, "max": 111.881637573, "mean": 38.349445343, "median": 37.5607452393, "min": 2.49157691002, "var": 337.280578613}, "hfc": {"dmean": 7.56567192078, "dmean2": 11.6875858307, "dvar": 282.371887207, "dvar2": 660.640686035, "max": 389.586456299, "mean": 29.2300205231, "median": 25.0329399109, "min": 1.04996046855e-16, "var": 747.58996582}, "melbands_crest": {"dmean": 2.98510861397, "dmean2": 4.5015206337, "dvar": 10.643954277, "dvar2": 19.6149940491, "max": 35.8904304504, "mean": 14.8697967529, "median": 12.9597606659, "min": 1.54491472244, "var": 51.0211868286}, "melbands_flatness_db": {"dmean": 0.0228680130094, "dmean2": 0.0330690704286, "dvar": 0.000764754950069, "dvar2": 0.00149234558921, "max": 0.694627404213, "mean": 0.197712361813, "median": 0.164803773165, "min": 0.00301636429504, "var": 0.0128239737824}, "melbands_kurtosis": {"dmean": 8.5096950531, "dmean2": 12.9194374084, "dvar": 398.002319336, "dvar2": 892.730102539, "max": 388.965515137, "mean": 14.7798671722, "median": 5.4640083313, "min": -1.75551879406, "var": 748.328063965}, "melbands_skewness": {"dmean": 0.75976473093, "dmean2": 1.10221362114, "dvar": 1.26925992966, "dvar2": 2.50260329247, "max": 15.0769042969, "mean": 2.66861915588, "median": 2.27887296677, "min": -1.90556585789, "var": 4.25044393539}, "melbands_spread": {"dmean": 7.7540640831, "dmean2": 11.6100072861, "dvar": 100.859596252, "dvar2": 208.234985352, "max": 176.205108643, "mean": 33.4300231934, "median": 30.8991928101, "min": 0.393836438656, "var": 656.334594727}, "pitch_salience": {"dmean": 0.0613885894418, "dmean2": 0.093878082931, "dvar": 0.00507530709729, "dvar2": 0.00987477786839, "max": 0.875532388687, "mean": 0.543611228466, "median": 0.56619989872, "min": 0.0920273512602, "var": 0.0180866271257}, "silence_rate_20dB": {"dmean": 0, "dmean2": 0, "dvar": 0, "dvar2": 0, "max": 1, "mean": 1, "median": 1, "min": 1, "var": 0}, "silence_rate_30dB": {"dmean": 0.0599006377161, "dmean2": 0.119818285108, "dvar": 0.0563173145056, "dvar2": 0.115108050406, "max": 1, "mean": 0.942804455757, "median": 1, "min": 0, "var": 0.0539210289717}, "silence_rate_60dB": {"dmean": 0.000283889268758, "dmean2": 0.000567859155126, "dvar": 0.00028379043215, "dvar2": 0.000567560142372, "max": 1, "mean": 0.0464093089104, "median": 0, "min": 0, "var": 0.0442551672459}, "spectral_centroid": {"dmean": 245.085647583, "dmean2": 381.767822266, "dvar": 100338.085938, "dvar2": 227171.578125, "max": 11957.5849609, "mean": 2026.85766602, "median": 1950.08911133, "min": 116.050765991, "var": 2380236.25}, "spectral_complexity": {"dmean": 3.94606113434, "dmean2": 6.28421354294, "dvar": 17.9586162567, "dvar2": 41.8713569641, "max": 61, "mean": 26.9202384949, "median": 29, "min": 0, "var": 147.785385132}, "spectral_decrease": {"dmean": 3.40562555934e-09, "dmean2": 5.13834086391e-09, "dvar": 4.12279688227e-17, "dvar2": 9.36904731145e-17, "max": 4.73420376918e-20, "mean": -9.83006209765e-09, "median": -7.84267850662e-09, "min": -7.06805707296e-08, "var": 6.81459909809e-17}, "spectral_energy": {"dmean": 0.0132198920473, "dmean2": 0.0199827216566, "dvar": 0.000603304884862, "dvar2": 0.00138396280818, "max": 0.27050858736, "mean": 0.0397522263229, "median": 0.0323281437159, "min": 9.94612550629e-21, "var": 0.00100466853473}, "spectral_energyband_high": {"dmean": 0.000632658600807, "dmean2": 0.000989130581729, "dvar": 2.73946602647e-06, "dvar2": 6.03613170824e-06, "max": 0.0445830672979, "mean": 0.0016403113259, "median": 0.00111877999734, "min": 7.04980267464e-21, "var": 6.89039370627e-06}, "spectral_energyband_low": {"dmean": 0.0103860870004, "dmean2": 0.015037980862, "dvar": 0.000538324879017, "dvar2": 0.0011558753904, "max": 0.258979707956, "mean": 0.0204681586474, "median": 0.0111364591867, "min": 1.28863521203e-23, "var": 0.000887071539182}, "spectral_energyband_middle_high": {"dmean": 0.00190761056729, "dmean2": 0.00301206344739, "dvar": 1.33081448439e-05, "dvar2": 3.50022964994e-05, "max": 0.122179068625, "mean": 0.00731898518279, "median": 0.00539719406515, "min": 1.1768916133e-21, "var": 6.16307952441e-05}, "spectral_energyband_middle_low": {"dmean": 0.00424070190638, "dmean2": 0.00730417389423, "dvar": 0.000157722664881, "dvar2": 0.000445837125881, "max": 0.141698464751, "mean": 0.00952497310936, "median": 0.00708827190101, "min": 1.59942381571e-22, "var": 0.000123557401821}, "spectral_entropy": {"dmean": 0.0968332067132, "dmean2": 0.149798154831, "dvar": 0.0124111119658, "dvar2": 0.0294383689761, "max": 9.83046627045, "mean": 7.69173669815, "median": 7.81059837341, "min": 4.7878537178, "var": 0.463336080313}, "spectral_flux": {"dmean": 0.0297471377999, "dmean2": 0.0475459173322, "dvar": 0.0025301091373, "dvar2": 0.00478956615552, "max": 0.477325350046, "mean": 0.0905423462391, "median": 0.0748319923878, "min": 6.29995222656e-11, "var": 0.00495103979483}, "spectral_kurtosis": {"dmean": 1.79678952694, "dmean2": 3.13705039024, "dvar": 20.1703166962, "dvar2": 63.893901825, "max": 121.054679871, "mean": 6.45174312592, "median": 3.39502239227, "min": -1.25705242157, "var": 205.117935181}, "spectral_rms": {"dmean": 0.000855362857692, "dmean2": 0.00126966636162, "dvar": 1.69684631146e-06, "dvar2": 3.74687920157e-06, "max": 0.0162453316152, "mean": 0.00580000830814, "median": 0.00561601761729, "min": 3.11505010155e-12, "var": 5.14273278895e-06}, "spectral_rolloff": {"dmean": 487.880493164, "dmean2": 769.643188477, "dvar": 864640.1875, "dvar2": 1592931.125, "max": 19638.28125, "mean": 2139.29663086, "median": 1593.45703125, "min": 64.599609375, "var": 9122176}, "spectral_skewness": {"dmean": 0.201260566711, "dmean2": 0.335805267096, "dvar": 0.085534773767, "dvar2": 0.265158325434, "max": 9.40783405304, "mean": 1.45057868958, "median": 1.21326398849, "min": -0.107694476843, "var": 1.52704143524}, "spectral_spread": {"dmean": 381765.65625, "dmean2": 555222.8125, "dvar": 527994912768, "dvar2": 901868158976, "max": 44909804, "mean": 5014720, "median": 4125343.5, "min": 799299.875, "var": 30576987865100.0}, "spectral_strongpeak": {"dmean": 0.521156549454, "dmean2": 0.89352107048, "dvar": 1.23896241188, "dvar2": 2.99653124809, "max": 21.6009616852, "mean": 1.00955963135, "median": 0.31999656558, "min": 0, "var": 3.51386475563}, "zerocrossingrate": {"dmean": 0.0101638743654, "dmean2": 0.0112470360473, "dvar": 0.000217671069549, "dvar2": 0.000247227348154, "max": 0.5283203125, "mean": 0.0767981335521, "median": 0.0673828125, "min": 0.00390625, "var": 0.00592984678224}, "barkbands": {"dmean": [0.00124317163136, 0.00772710563615, 0.00382545334287, 0.00128602609038, 0.00240497011691, 0.000806146184914, 0.000385341787478, 0.000351318129105, 0.000401848577894, 0.000358733668691, 0.000283439730993, 0.000403670448577, 0.00046201510122, 0.000570179196075, 0.000414230598835, 0.00028620325611, 0.000319276354276, 0.000271839875495, 0.000203589865123, 0.000250984856393, 0.0002068442991, 0.000136564151035, 6.92709581926e-05, 5.11751131853e-05, 0.000120058823086, 5.14809580636e-05, 2.23717688641e-06], "dmean2": [0.00184445851482, 0.0108714355156, 0.00687698600814, 0.00218310020864, 0.00429157633334, 0.00133266614284, 0.000600361789111, 0.000555789098144, 0.000639825477265, 0.000556293991394, 0.000475893262774, 0.000629323825706, 0.000727550068405, 0.000886316003744, 0.000656820484437, 0.00047435934539, 0.000531871104613, 0.000457072252175, 0.000320231512887, 0.000413397268858, 0.000349019741407, 0.000225655749091, 0.00010833102715, 7.8514109191e-05, 0.000162205658853, 7.5641546573e-05, 3.42004295817e-06], "dvar": [3.72341833099e-06, 0.000277819461189, 0.000128565981868, 1.21410648717e-05, 6.93858528393e-05, 3.29214162775e-06, 4.17852788814e-07, 4.02323706794e-07, 5.33042509687e-07, 5.17717865023e-07, 5.23051028267e-07, 7.2239288329e-07, 2.50604830399e-06, 5.95768733547e-06, 9.53746393861e-07, 5.28594284788e-07, 6.83384769218e-07, 2.87238293595e-07, 2.2382421605e-07, 1.51775097379e-07, 4.25813965421e-07, 9.59974642001e-08, 4.21201491463e-08, 2.67801247844e-08, 4.08139101182e-07, 8.55328821103e-08, 8.83856737799e-11], "dvar2": [8.62473916641e-06, 0.000537593150511, 0.000365992542356, 3.31636983901e-05, 0.000200916896574, 9.1871161203e-06, 9.90730086414e-07, 9.40326003729e-07, 1.19314029234e-06, 1.31761112243e-06, 1.36816368013e-06, 1.71587169007e-06, 6.13862630416e-06, 1.55027646542e-05, 2.19520370592e-06, 1.41381144658e-06, 1.79539927103e-06, 8.17227203243e-07, 6.03958710599e-07, 4.08878662483e-07, 1.19348146654e-06, 2.39484592157e-07, 8.41034903942e-08, 5.13120070877e-08, 7.2415213026e-07, 2.0258912059e-07, 2.11588274679e-10], "max": [0.0287742111832, 0.15884616971, 0.115221612155, 0.0469189435244, 0.10147665441, 0.0294477678835, 0.0186571907252, 0.0124723846093, 0.0217239465564, 0.0223671998829, 0.0183041021228, 0.0217838808894, 0.0517955049872, 0.109785735607, 0.0401982478797, 0.0233548395336, 0.0310774929821, 0.0144515521824, 0.0205937270075, 0.0106733869761, 0.0332296043634, 0.00694410176948, 0.00694480258971, 0.00568936346099, 0.0192274749279, 0.0114413704723, 0.000225584517466], "mean": [0.00356987048872, 0.0134494425729, 0.00445819692686, 0.00163891992997, 0.00293871294707, 0.00162198999897, 0.000969289219938, 0.000666460313369, 0.00130430655554, 0.00065986107802, 0.000478625646792, 0.000813315506093, 0.00102325878106, 0.00114410626702, 0.000811384583358, 0.000565542955883, 0.000644805026241, 0.000561406370252, 0.000545707065612, 0.000608408008702, 0.000456610752735, 0.000266054499662, 0.000139759868034, 0.00010659302643, 0.000221229158342, 8.44918249641e-05, 3.94610469812e-06], "median": [0.0026678275317, 0.00595699064434, 0.00223949877545, 0.00075204949826, 0.00135839986615, 0.000912969699129, 0.000497268512845, 0.000267678464297, 0.00042967981426, 0.000321143132169, 0.00023860039073, 0.000337583303917, 0.000228649849305, 0.000272962846793, 0.000364980427548, 0.000298106169794, 0.000395631068386, 0.000408964639064, 0.000433798122685, 0.000510292418767, 0.000343417923432, 0.000159486167831, 5.85005218454e-05, 4.99101588503e-05, 4.01240067731e-05, 1.58763978106e-05, 9.33730575525e-07], "min": [5.50488784034e-25, 1.82559630357e-24, 7.35422432121e-25, 8.44775366183e-25, 5.60013737123e-24, 1.41878773589e-24, 5.54021668016e-24, 7.48078374143e-24, 1.1024418714e-23, 8.77252690765e-24, 7.60168140832e-24, 2.00379757604e-23, 2.45705007313e-23, 2.91236244383e-23, 4.34462177433e-23, 4.29644099014e-23, 7.25991909627e-23, 6.74348089171e-23, 1.18605855567e-22, 1.84834502471e-22, 2.64100356944e-22, 2.93473901983e-22, 3.28416577821e-22, 5.55878195359e-22, 8.62561062018e-22, 1.18944603799e-21, 1.9911955925e-21], "var": [1.26839577206e-05, 0.000513259088621, 8.31409925013e-05, 9.97716233542e-06, 4.42695854872e-05, 4.88720434078e-06, 2.10040184356e-06, 1.20372760648e-06, 6.8382819336e-06, 1.09806160253e-06, 9.11576933049e-07, 2.15924296754e-06, 9.23584229895e-06, 1.75726327143e-05, 2.53984626397e-06, 1.08760718831e-06, 1.1178560726e-06, 4.14621240452e-07, 3.28300131969e-07, 3.27635376607e-07, 4.07409146419e-07, 1.70216736706e-07, 1.08928617237e-07, 7.2312744237e-08, 1.17013053114e-06, 1.3244923025e-07, 1.69522285098e-10]}, "erbbands": {"dmean": [0.265798449516, 1.98006010056, 5.06176042557, 3.64498400688, 5.07712602615, 9.53223323822, 9.11956310272, 5.91577577591, 5.55449199677, 8.11961460114, 6.35710382462, 8.47321510315, 13.2604475021, 7.560942173, 13.1742973328, 16.4794788361, 14.8354635239, 33.1236000061, 21.9137439728, 16.3176307678, 16.8422756195, 14.8774499893, 13.9599933624, 9.70545959473, 10.5743217468, 10.9379224777, 10.6470756531, 6.55471944809, 5.1518201828, 3.03244519234, 1.96976840496, 1.40557849407, 0.804685473442, 1.12614071369, 0.972353756428, 0.340659856796, 0.0772419422865, 0.00840749870986, 0.000385722378269, 2.51439669228e-05], "dmean2": [0.336509495974, 3.17508935928, 9.05262088776, 6.24329042435, 8.98858833313, 17.0154209137, 15.5058317184, 9.77300834656, 8.62234687805, 12.7774915695, 9.98316287994, 13.2358942032, 20.6250247955, 12.3872470856, 21.8499832153, 25.4021492004, 23.2932395935, 52.1867637634, 34.4684562683, 25.8180503845, 27.8882293701, 24.8180141449, 23.6326885223, 15.5688772202, 16.9049339294, 18.0746860504, 17.7606887817, 11.1394462585, 8.5778875351, 4.97316265106, 3.08166670799, 2.17476773262, 1.2173140049, 1.58696484566, 1.33275210857, 0.499793112278, 0.115203946829, 0.0124057997018, 0.000557858438697, 3.73452276108e-05], "dvar": [0.344416379929, 24.5749320984, 237.374740601, 59.0257301331, 364.892456055, 970.825683594, 676.003601074, 178.736938477, 102.190063477, 202.582733154, 144.987884521, 342.25592041, 591.000732422, 487.486236572, 1014.26623535, 1190.77075195, 2316.30126953, 16627.3144531, 2742.96459961, 2381.57446289, 1755.41784668, 1221.15332031, 786.072387695, 737.636291504, 367.869140625, 329.785461426, 315.666137695, 1020.11279297, 175.127471924, 49.9319190979, 39.0411186218, 21.5392475128, 7.32641839981, 29.748134613, 31.63514328, 4.30758619308, 0.154318377376, 0.00125679140911, 2.6084151159e-06, 4.45382708492e-09], "dvar2": [0.598732948303, 57.8110961914, 663.240539551, 162.082626343, 1034.31018066, 2816.10595703, 1910.74377441, 486.518981934, 253.395263672, 476.738952637, 345.570983887, 717.594787598, 1472.38244629, 1303.32849121, 2657.52294922, 2773.6706543, 5562.81591797, 44072.890625, 6628.17041016, 5059.63769531, 4775.01708984, 3423.6706543, 2251.28955078, 2052.73486328, 968.320983887, 896.539916992, 871.257873535, 2835.86035156, 444.898864746, 117.010826111, 81.5201950073, 42.0382766724, 14.2569437027, 50.5731124878, 60.8948516846, 10.0588941574, 0.356314390898, 0.00269105425104, 5.93026288698e-06, 1.08171835933e-08], "max": [6.08324050903, 41.5147438049, 151.414718628, 89.7459487915, 225.432785034, 382.113220215, 388.646240234, 221.163009644, 322.10836792, 292.135192871, 337.886901855, 546.121704102, 901.332214355, 662.156982422, 806.514282227, 829.654907227, 2638.71850586, 5621.62744141, 1357.02905273, 2470.22143555, 1403.62695312, 1520.36743164, 799.649841309, 1232.50720215, 629.459594727, 568.547851562, 514.674377441, 1846.92224121, 504.462249756, 198.689468384, 229.602966309, 130.711364746, 95.7185516357, 136.194091797, 177.986465454, 76.7905654907, 15.2116336823, 0.930160284042, 0.0413844361901, 0.00168553972617], "mean": [0.441761463881, 2.71946954727, 6.07817745209, 5.0398979187, 5.58046197891, 11.2826652527, 14.8198738098, 11.3786668777, 13.0961551666, 18.9417686462, 15.9637966156, 30.6576499939, 26.2627563477, 14.3918457031, 26.4779834747, 32.7241706848, 36.1655960083, 73.9083251953, 46.0860900879, 33.7587051392, 37.9680709839, 33.6713218689, 30.5109977722, 26.6303634644, 28.3893947601, 27.4076023102, 25.8155212402, 13.3213167191, 10.2670755386, 5.5258603096, 3.96819639206, 2.67712283134, 1.70800924301, 2.18995380402, 1.65902042389, 0.546955645084, 0.128345519304, 0.0146584566683, 0.000736520742066, 6.93040055921e-05], "median": [0.145509764552, 1.29074215889, 3.05402803421, 2.72744846344, 2.56520581245, 4.54552316666, 6.59156131744, 6.55188035965, 7.93026447296, 7.37945175171, 6.85386610031, 9.72738456726, 15.913061142, 7.99426364899, 11.6299743652, 15.7926826477, 12.5294589996, 17.5233840942, 17.6408462524, 16.7183265686, 21.6045722961, 23.5512752533, 22.9122505188, 21.8932666779, 22.436208725, 22.9828186035, 20.9288349152, 9.00448989868, 6.38627529144, 2.59486317635, 1.68069028854, 1.0939822197, 0.773569345474, 0.531143069267, 0.213267594576, 0.0900093615055, 0.0256596617401, 0.00318173505366, 0.000187092562555, 4.66938436148e-05], "min": [7.55140320075e-23, 5.71804653324e-22, 1.94918548025e-21, 2.14650460901e-21, 1.17894999247e-20, 2.11099868901e-20, 2.65828997816e-20, 1.83285403816e-20, 7.54911587268e-20, 2.26249148676e-19, 2.27281134038e-19, 3.75455780773e-19, 4.64773657642e-19, 5.94309107592e-19, 7.56052695848e-19, 1.1411175753e-18, 1.50249158842e-18, 1.67058120294e-18, 2.27803121194e-18, 2.97664707099e-18, 3.57105285532e-18, 4.60759453527e-18, 4.40564500616e-18, 3.96847467575e-18, 6.32569457606e-18, 8.65511004086e-18, 9.27264338152e-18, 1.14725103683e-17, 9.77512499796e-18, 9.11373454122e-18, 9.1480600551e-18, 9.98577481276e-18, 9.4695810233e-18, 9.09830183254e-18, 6.22040523743e-18, 4.29190312244e-18, 2.21360562954e-18, 9.17866697854e-19, 2.29872096361e-19, 2.76179547595e-20], "var": [0.743830621243, 25.9943313599, 157.67175293, 53.024394989, 231.497787476, 640.843383789, 713.946472168, 287.103240967, 339.635345459, 997.445800781, 554.717346191, 4336.90869141, 1224.46105957, 695.763671875, 2663.67138672, 2787.55908203, 6915.82861328, 51549.5625, 7851.48291016, 6435.35009766, 4717.61621094, 1998.56225586, 1146.62841797, 870.200439453, 747.43548584, 691.973205566, 626.269958496, 822.865234375, 272.822906494, 97.2325897217, 94.461769104, 55.3176078796, 19.8849716187, 93.4419250488, 76.9683761597, 6.75805854797, 0.267860919237, 0.00277062086388, 5.77170339966e-06, 8.46210035377e-09]}, "gfcc": {"mean": [-7.50881528854, 89.7151565552, -114.345298767, 43.6288833618, -42.8310813904, 11.3998632431, -26.399055481, 11.9605007172, -22.1156330109, 9.88988304138, -15.1989336014, 1.05296754837, -7.51609659195], "cov": [[41528.7539062, -709.155151367, -4680.65722656, 2083.77026367, -1938.9432373, 763.377929688, -1028.53137207, 475.137329102, -972.342285156, 606.956298828, -479.595214844, 423.811462402, -344.15145874], [-709.155151367, 1980.13110352, -69.2072601318, -203.305923462, 234.868347168, -341.139068604, 208.156341553, -123.656150818, 157.535415649, -186.756576538, 43.4939613342, -220.215499878, 42.2390441895], [-4680.65722656, -69.2072601318, 1675.33483887, -313.8855896, 252.632553101, 158.543304443, -72.3023300171, 199.698699951, 91.0553512573, -48.7842826843, -39.8000602722, 10.1597194672, 42.8368682861], [2083.77026367, -203.305923462, -313.8855896, 392.241241455, -166.551742554, -3.60531997681, -13.852142334, 22.7614517212, -10.608496666, 12.7468118668, -18.7941513062, 51.1394195557, -19.2933292389], [-1938.9432373, 234.868347168, 252.632553101, -166.551742554, 322.900787354, 26.3150424957, 89.7774810791, -46.5508728027, 32.4386940002, 10.8672332764, 45.9761924744, -32.3401107788, 29.7188739777], [763.377929688, -341.139068604, 158.543304443, -3.60531997681, 26.3150424957, 312.917907715, -48.6268577576, 38.6988868713, -64.540977478, 75.8897323608, 1.06822347641, 31.201543808, -8.47790145874], [-1028.53137207, 208.156341553, -72.3023300171, -13.852142334, 89.7774810791, -48.6268577576, 184.931549072, -28.7903118134, 57.8916435242, -21.0981464386, 40.5828170776, -33.8439331055, 7.31165599823], [475.137329102, -123.656150818, 199.698699951, 22.7614517212, -46.5508728027, 38.6988868713, -28.7903118134, 209.790328979, 42.2587890625, 28.5995883942, -39.8437995911, 26.016866684, -3.4039773941], [-972.342285156, 157.535415649, 91.0553512573, -10.608496666, 32.4386940002, -64.540977478, 57.8916435242, 42.2587890625, 137.064437866, -31.7395515442, 6.65606403351, -36.3908805847, 13.0391025543], [606.956298828, -186.756576538, -48.7842826843, 12.7468118668, 10.8672332764, 75.8897323608, -21.0981464386, 28.5995883942, -31.7395515442, 113.860183716, 24.7466106415, 33.8344497681, -5.60083675385], [-479.595214844, 43.4939613342, -39.8000602722, -18.7941513062, 45.9761924744, 1.06822347641, 40.5828170776, -39.8437995911, 6.65606403351, 24.7466106415, 81.3911132812, 17.2154216766, 11.9290561676], [423.811462402, -220.215499878, 10.1597194672, 51.1394195557, -32.3401107788, 31.201543808, -33.8439331055, 26.016866684, -36.3908805847, 33.8344497681, 17.2154216766, 95.0812072754, 14.2126722336], [-344.15145874, 42.2390441895, 42.8368682861, -19.2933292389, 29.7188739777, -8.47790145874, 7.31165599823, -3.4039773941, 13.0391025543, -5.60083675385, 11.9290561676, 14.2126722336, 54.090259552]], "icov": [[0.000208154393476, -0.000480022019474, 0.00057626812486, -0.000473023217637, 0.000363150669727, -0.00080949004041, 0.000761966162827, -0.000658586912323, 0.000586135487538, -0.000577628961764, 0.00100119411945, -0.000816748884972, 0.000395992508857], [-0.000480022019474, 0.00213613733649, -0.0012181942584, 0.00111781049054, -0.00141345127486, 0.00261382642202, -0.00180258566979, 0.00107509887312, -0.00104890030343, 0.00238559232093, -0.00334933004342, 0.00394587079063, -0.00165949121583], [0.00057626812486, -0.0012181942584, 0.0028047724627, -0.000645109219477, -8.88257636689e-05, -0.00281278812326, 0.00298935826868, -0.00298772589304, 0.000916881370358, -5.35917097295e-05, 0.00279061566107, -0.00286714732647, 0.00109364988748], [-0.000473023217637, 0.00111781049054, -0.000645109219477, 0.00515686441213, 0.000551660021301, 0.00133641378488, -0.00239850371145, 0.00163189647719, -0.00268574105576, 0.00142394937575, -0.000862656510435, -0.000941982318182, 3.36776538461e-05], [0.000363150669727, -0.00141345127486, -8.88257636689e-05, 0.000551660021301, 0.00717058544978, -0.00214076275006, -0.00153794279322, 0.00109071319457, 0.00059544359101, -0.00403353851289, 0.00187046127394, -0.00142233353108, -0.000917283818126], [-0.00080949004041, 0.00261382642202, -0.00281278812326, 0.00133641378488, -0.00214076275006, 0.00838058628142, -0.00284317648038, 0.00178612663876, 0.000248608004767, 0.000309542519972, -0.00482360832393, 0.00540488073602, -0.00188505917322], [0.000761966162827, -0.00180258566979, 0.00298935826868, -0.00239850371145, -0.00153794279322, -0.00284317648038, 0.0119691109285, -0.00342711666599, -0.000160013980349, 0.000214875966776, -0.000452438165667, -0.00136498932261, 0.00211776630022], [-0.000658586912323, 0.00107509887312, -0.00298772589304, 0.00163189647719, 0.00109071319457, 0.00178612663876, -0.00342711666599, 0.0115168383345, -0.00659417547286, -0.00300556747243, 0.00300139561296, -0.00169436086435, -0.000151236978127], [0.000586135487538, -0.00104890030343, 0.000916881370358, -0.00268574105576, 0.00059544359101, 0.000248608004767, -0.000160013980349, -0.00659417547286, 0.0155616598204, 0.000469011021778, -0.00169206107967, 0.0046213362366, -0.00236112857237], [-0.000577628961764, 0.00238559232093, -5.35917097295e-05, 0.00142394937575, -0.00403353851289, 0.000309542519972, 0.000214875966776, -0.00300556747243, 0.000469011021778, 0.0181932300329, -0.00977099034935, 0.00217818072997, 0.00041206512833], [0.00100119411945, -0.00334933004342, 0.00279061566107, -0.000862656510435, 0.00187046127394, -0.00482360832393, -0.000452438165667, 0.00300139561296, -0.00169206107967, -0.00977099034935, 0.027494167909, -0.0132265528664, 0.00174218544271], [-0.000816748884972, 0.00394587079063, -0.00286714732647, -0.000941982318182, -0.00142233353108, 0.00540488073602, -0.00136498932261, -0.00169436086435, 0.0046213362366, 0.00217818072997, -0.0132265528664, 0.0266554318368, -0.00961222220212], [0.000395992508857, -0.00165949121583, 0.00109364988748, 3.36776538461e-05, -0.000917283818126, -0.00188505917322, 0.00211776630022, -0.000151236978127, -0.00236112857237, 0.00041206512833, 0.00174218544271, -0.00961222220212, 0.0241149831563]]}, "melbands": {"dmean": [0.00210046209395, 0.00265428400598, 0.000681377481669, 0.00050846679369, 0.000350956717739, 0.000137275477755, 8.19829001557e-05, 8.64717876539e-05, 5.2329578466e-05, 5.65576337976e-05, 6.64136241539e-05, 3.02811768051e-05, 4.3605974497e-05, 4.69462720503e-05, 2.60498309217e-05, 5.31802106707e-05, 6.42527884338e-05, 3.81879217457e-05, 2.55549603025e-05, 1.97844710783e-05, 2.31380508922e-05, 1.79913477041e-05, 1.61354164447e-05, 1.26958757392e-05, 8.17627005745e-06, 9.66665174928e-06, 7.17839748177e-06, 8.67136077431e-06, 8.29872988106e-06, 5.08366019858e-06, 3.92448555431e-06, 3.17742910738e-06, 2.52244171861e-06, 1.49167658492e-06, 1.12009388431e-06, 1.26964425817e-06, 7.3033282888e-07, 4.87340969357e-07, 8.05955494343e-07, 1.04611365259e-06], "dmean2": [0.00261583272368, 0.00456260330975, 0.00117629219312, 0.000910893490072, 0.000605581561103, 0.00022553888266, 0.000126760744024, 0.000136576214572, 8.21353241918e-05, 8.89323637239e-05, 0.000103281832708, 4.93866646138e-05, 7.29347812012e-05, 7.34482746338e-05, 4.01576362492e-05, 8.41452128952e-05, 0.000101071418612, 6.00539060542e-05, 4.0328130126e-05, 3.23126587318e-05, 3.84669110645e-05, 3.02371936414e-05, 2.72616234724e-05, 2.11183905776e-05, 1.31223687276e-05, 1.52972697833e-05, 1.16491637527e-05, 1.44315490616e-05, 1.39210724228e-05, 8.59394822328e-06, 6.70211784382e-06, 5.28435793967e-06, 4.25944517701e-06, 2.43510407927e-06, 1.75651382506e-06, 2.04122602554e-06, 1.12640327643e-06, 7.62929118991e-07, 1.2129054312e-06, 1.49421634887e-06], "dvar": [1.70104067365e-05, 5.82567481615e-05, 2.65019707513e-06, 3.30922193825e-06, 1.07952848794e-06, 8.96222402957e-08, 2.05571097922e-08, 2.29726122569e-08, 9.74843938906e-09, 1.31836781492e-08, 1.48000971478e-08, 8.24887358419e-09, 1.12172502398e-08, 1.02979678118e-08, 4.07695344151e-09, 3.17049355658e-08, 7.54679021497e-08, 1.04850750304e-08, 4.39292024978e-09, 2.53011500639e-09, 4.1919587801e-09, 2.05767758388e-09, 1.06935593713e-09, 6.40293762455e-10, 5.4013071793e-10, 3.80462217286e-10, 1.2034929997e-10, 2.18475071367e-10, 1.57845611581e-10, 1.32306485212e-10, 7.44065420388e-10, 6.28465543495e-11, 3.7617482046e-11, 1.16087252658e-11, 1.22883057896e-11, 1.94040131185e-11, 5.85976709863e-12, 2.79312575673e-12, 9.75334656789e-12, 2.95368278447e-11], "dvar2": [2.7545973353e-05, 0.000154134162585, 7.27450515114e-06, 9.5435862022e-06, 3.08821722683e-06, 2.4663250997e-07, 5.07187500887e-08, 5.39026920876e-08, 2.29049721412e-08, 2.79289249505e-08, 3.69109329768e-08, 2.19434888038e-08, 2.94416100388e-08, 2.45151117184e-08, 8.99041996405e-09, 8.05658544323e-08, 2.00291950136e-07, 2.43704540992e-08, 9.80957004515e-09, 5.79625947239e-09, 1.13566667181e-08, 5.72206104721e-09, 2.9830096171e-09, 1.77060166529e-09, 1.49547807471e-09, 9.90013737656e-10, 3.07228187335e-10, 5.98058436108e-10, 4.3321390919e-10, 3.67498614873e-10, 2.09817363483e-09, 1.61124613651e-10, 9.43418121402e-11, 2.61382356731e-11, 2.55077643035e-11, 4.4308008651e-11, 1.12625212975e-11, 6.08334476543e-12, 1.87130328594e-11, 5.13784327583e-11], "max": [0.042477555573, 0.0740641355515, 0.0198010411114, 0.0231383815408, 0.0139601565897, 0.00450261682272, 0.00454991171136, 0.00309016252868, 0.00240546278656, 0.00321704428643, 0.00444993237033, 0.00263832462952, 0.00284196971916, 0.00328908185475, 0.00331414025277, 0.00630593346432, 0.0129362149164, 0.00255534285679, 0.00341775198467, 0.00189795810729, 0.00225343625061, 0.00195748498663, 0.000861657608766, 0.000741498486605, 0.00109755247831, 0.000746248930227, 0.000300711340969, 0.000403515383368, 0.000291944947094, 0.000285825284664, 0.00168603227939, 0.000313973810989, 0.000148642648128, 9.96941089397e-05, 0.000126176790218, 0.000150815743837, 6.13753582002e-05, 7.95085798018e-05, 9.90215194179e-05, 0.000147849917994], "mean": [0.00382162397727, 0.00342866778374, 0.00089820107678, 0.00057729560649, 0.000536598148756, 0.000273624871625, 0.000201327013201, 0.000195202737814, 0.000153173750732, 0.000183272728464, 0.000126792991068, 5.36860025022e-05, 8.01082715043e-05, 9.53405615292e-05, 5.23186863575e-05, 0.000122234429, 0.00013639361714, 7.48943712097e-05, 5.05173484271e-05, 3.8037673221e-05, 4.79561531392e-05, 3.59223267878e-05, 3.07292684738e-05, 2.60152046394e-05, 2.02511091629e-05, 2.29864272114e-05, 1.73742646439e-05, 1.8737740902e-05, 1.87039040611e-05, 1.0331278645e-05, 6.96019833413e-06, 6.23441246717e-06, 4.16804095948e-06, 2.61951277025e-06, 2.22738844968e-06, 2.23360052587e-06, 1.34620097469e-06, 9.41669668464e-07, 1.64598395713e-06, 1.92089328266e-06], "median": [0.00159643846564, 0.00182280503213, 0.000499837915413, 0.000240636873059, 0.000253939477261, 0.000158779148478, 0.000121173237858, 7.7875200077e-05, 4.7380097385e-05, 6.40148646198e-05, 7.44721619412e-05, 2.55289196502e-05, 3.5532972106e-05, 3.75571617042e-05, 2.80943786493e-05, 2.78169136436e-05, 2.95455029118e-05, 2.55720042333e-05, 2.18802633754e-05, 2.02669962164e-05, 2.35198931477e-05, 2.24560135393e-05, 2.02800529223e-05, 1.88966259884e-05, 1.60324307217e-05, 1.65190140251e-05, 1.35555383167e-05, 1.41380205605e-05, 1.44940222526e-05, 7.50045728637e-06, 4.09834001402e-06, 3.88186890632e-06, 2.05975220524e-06, 1.12270049613e-06, 9.41945529576e-07, 8.37458628666e-07, 5.24502183907e-07, 4.29681335845e-07, 5.94363541495e-07, 3.8178785644e-07], "min": [1.05766585032e-24, 1.27436909643e-24, 3.89312520273e-25, 1.55557049762e-24, 1.45727714693e-24, 4.20060050383e-25, 1.08341998951e-24, 1.87493738383e-24, 1.55282526167e-24, 1.69141540233e-24, 2.02774546041e-24, 2.41794130768e-24, 1.72858475325e-24, 2.76378857815e-24, 2.80136734788e-24, 2.15363267253e-24, 2.27151906013e-24, 2.86233347686e-24, 3.18737513261e-24, 2.9626156445e-24, 3.65309573408e-24, 3.46530502901e-24, 3.06587438155e-24, 3.48896572857e-24, 2.78257175074e-24, 4.26220797673e-24, 3.71182563961e-24, 5.37989568953e-24, 4.80916862967e-24, 4.56248275271e-24, 5.22964726937e-24, 4.81186968941e-24, 4.69953392435e-24, 4.10019014629e-24, 4.97799945731e-24, 5.50031057355e-24, 5.587539657e-24, 5.30899760454e-24, 5.99186834182e-24, 6.53095734622e-24], "var": [4.23001110903e-05, 4.47124839411e-05, 2.08098185794e-06, 2.08938763535e-06, 9.44553733007e-07, 1.44246442346e-07, 7.56757074782e-08, 1.01167501043e-07, 7.70381944903e-08, 1.29171738195e-07, 3.12024219795e-08, 1.21149161814e-08, 2.39118094214e-08, 3.14464507767e-08, 8.8628890893e-09, 1.1785155607e-07, 2.22421235208e-07, 3.00777749374e-08, 1.33969866312e-08, 5.43476375015e-09, 1.10453690638e-08, 3.04865599432e-09, 1.62760094291e-09, 9.08912167752e-10, 6.13575190656e-10, 6.69473365633e-10, 2.76796141563e-10, 4.11399109224e-10, 3.31455002334e-10, 1.58493898561e-10, 5.28594223947e-10, 9.86887099819e-11, 5.85238593698e-11, 2.41627395176e-11, 2.90192245234e-11, 4.04550073996e-11, 1.48913624487e-11, 5.69795773064e-12, 2.75835691094e-11, 8.80504003042e-11]}, "mfcc": {"mean": [-630.802612305, 112.916389465, -7.38890266418, 38.422290802, 5.3044719696, 9.917137146, 7.36606216431, 1.57121002674, 6.09148263931, 2.99612092972, 3.66969823837, 2.26307201385, 0.69916498661], "cov": [[14261.8349609, -281.095001221, -1144.00256348, 361.487365723, -241.798171997, 125.658416748, 104.882339478, -150.233566284, -42.185256958, -81.3968963623, -112.087890625, 63.8282241821, 68.5289382935], [-281.095001221, 1706.27404785, -91.0394058228, 176.914764404, 15.3529949188, -44.6581306458, 10.2990865707, 13.5700283051, 65.5658416748, 32.8495483398, 98.3528137207, -13.2018022537, -29.1676387787], [-1144.00256348, -91.0394058228, 1031.67810059, -99.1441650391, 265.943145752, -36.868812561, -38.4616470337, 149.974182129, 61.4682121277, 70.1013259888, -21.8057022095, 40.6417236328, -39.7931632996], [361.487365723, 176.914764404, -99.1441650391, 336.901489258, -78.3351135254, -46.6516075134, -39.7213821411, 26.8069992065, 23.933757782, -24.4695510864, 18.1744194031, 19.7336521149, 29.1545886993], [-241.798171997, 15.3529949188, 265.943145752, -78.3351135254, 215.196914673, 43.8149604797, 22.9216709137, 26.6951541901, 25.3701877594, 35.7619361877, -5.26189041138, 16.9740219116, -6.59909963608], [125.658416748, -44.6581306458, -36.868812561, -46.6516075134, 43.8149604797, 205.004333496, 89.7301101685, -18.3310012817, -30.5956687927, -1.3798263073, -7.24605512619, -12.7915935516, 7.80053520203], [104.882339478, 10.2990865707, -38.4616470337, -39.7213821411, 22.9216709137, 89.7301101685, 135.321563721, -5.29328536987, -5.39735555649, -1.74809145927, 13.8411846161, 4.20777130127, 11.1548137665], [-150.233566284, 13.5700283051, 149.974182129, 26.8069992065, 26.6951541901, -18.3310012817, -5.29328536987, 108.316711426, 40.1672286987, 23.1798553467, 4.2329249382, 16.6639194489, -3.23320126534], [-42.185256958, 65.5658416748, 61.4682121277, 23.933757782, 25.3701877594, -30.5956687927, -5.39735555649, 40.1672286987, 86.8224487305, 44.2610282898, 17.1827487946, 5.32575559616, -0.632932901382], [-81.3968963623, 32.8495483398, 70.1013259888, -24.4695510864, 35.7619361877, -1.3798263073, -1.74809145927, 23.1798553467, 44.2610282898, 100.219421387, 43.5272903442, -10.1558933258, -16.7538566589], [-112.087890625, 98.3528137207, -21.8057022095, 18.1744194031, -5.26189041138, -7.24605512619, 13.8411846161, 4.2329249382, 17.1827487946, 43.5272903442, 86.1137313843, 5.05485057831, 0.171905323863], [63.8282241821, -13.2018022537, 40.6417236328, 19.7336521149, 16.9740219116, -12.7915935516, 4.20777130127, 16.6639194489, 5.32575559616, -10.1558933258, 5.05485057831, 74.3079910278, 28.8967418671], [68.5289382935, -29.1676387787, -39.7931632996, 29.1545886993, -6.59909963608, 7.80053520203, 11.1548137665, -3.23320126534, -0.632932901382, -16.7538566589, 0.171905323863, 28.8967418671, 62.3076057434]], "icov": [[8.38498744997e-05, 2.12393642869e-05, 0.000105374550913, -0.00011161105067, -2.66801398539e-05, -1.66846984939e-05, -7.93706858531e-05, 4.74596781714e-05, -6.66332925903e-06, -0.000138554649311, 0.000223626571824, -0.000169301230926, 9.37555814744e-05], [2.12393642869e-05, 0.000711170199793, 0.00013711838983, -0.000417745555751, -0.000382915575756, 0.000131656124722, -0.000163290314958, 7.2231858212e-05, -0.000416863447754, 0.000323945307173, -0.000741502619348, 0.000143607248901, 0.000586854817811], [0.000105374550913, 0.00013711838983, 0.00209314376116, 4.62041753053e-05, -0.00220027798787, 0.000472778338008, 0.000377365649911, -0.00207169051282, 0.000430704239989, -0.000521602807567, 0.000665997737087, -0.000731483509298, 0.000997716095299], [-0.00011161105067, -0.000417745555751, 4.62041753053e-05, 0.00433575874195, 0.00127388979308, -0.00031145408866, 0.00159250933211, -0.00138001469895, -0.00139614625368, 0.00186918163672, -0.00136037834454, -0.000179122376721, -0.00167960964609], [-2.66801398539e-05, -0.000382915575756, -0.00220027798787, 0.00127388979308, 0.0087361568585, -0.00210929429159, -0.00034684833372, 0.00144897692371, -0.00188369513489, -0.00144314998761, 0.00113117718138, -0.0018336471403, -0.000384487386327], [-1.66846984939e-05, 0.000131656124722, 0.000472778338008, -0.00031145408866, -0.00210929429159, 0.00834769569337, -0.00514542777091, -0.000241191111854, 0.00349887064658, -0.00184988032561, 0.00154815718997, 0.00199258443899, -0.00122241477948], [-7.93706858531e-05, -0.000163290314958, 0.000377365649911, 0.00159250933211, -0.00034684833372, -0.00514542777091, 0.0118902297691, -0.000878583465237, -0.00180175644346, 0.00259616458789, -0.00338538363576, -0.000763163960073, -0.00101707363501], [4.74596781714e-05, 7.2231858212e-05, -0.00207169051282, -0.00138001469895, 0.00144897692371, -0.000241191111854, -0.000878583465237, 0.0144793791696, -0.00495737744495, -0.000991431064904, 0.000872512813658, -0.00240074167959, 0.00119059788994], [-6.66332925903e-06, -0.000416863447754, 0.000430704239989, -0.00139614625368, -0.00188369513489, 0.00349887064658, -0.00180175644346, -0.00495737744495, 0.019828768447, -0.00859594717622, 0.00195194839034, 0.000416735594627, -0.00214027916081], [-0.000138554649311, 0.000323945307173, -0.000521602807567, 0.00186918163672, -0.00144314998761, -0.00184988032561, 0.00259616458789, -0.000991431064904, -0.00859594717622, 0.0204666573554, -0.0105095915496, 0.00315303588286, 0.00264145247638], [0.000223626571824, -0.000741502619348, 0.000665997737087, -0.00136037834454, 0.00113117718138, 0.00154815718997, -0.00338538363576, 0.000872512813658, 0.00195194839034, -0.0105095915496, 0.0190085675567, -0.00303449551575, -0.000405056402087], [-0.000169301230926, 0.000143607248901, -0.000731483509298, -0.000179122376721, -0.0018336471403, 0.00199258443899, -0.000763163960073, -0.00240074167959, 0.000416735594627, 0.00315303588286, -0.00303449551575, 0.0194117520005, -0.00870380643755], [9.37555814744e-05, 0.000586854817811, 0.000997716095299, -0.00167960964609, -0.000384487386327, -0.00122241477948, -0.00101707363501, 0.00119059788994, -0.00214027916081, 0.00264145247638, -0.000405056402087, -0.00870380643755, 0.0227265488356]]}, "spectral_contrast_coeffs": {"dmean": [0.0508164614439, 0.0395133271813, 0.0349411591887, 0.0277846343815, 0.0186674296856, 0.0171795114875], "dmean2": [0.0824517980218, 0.0641390830278, 0.0566317811608, 0.0452480874956, 0.0307000726461, 0.0274344794452], "dvar": [0.00250229635276, 0.00108548125718, 0.000809891207609, 0.000523560564034, 0.000233034501434, 0.000288642011583], "dvar2": [0.00637209089473, 0.00279781012796, 0.00210458459333, 0.00133090268355, 0.000603519089054, 0.000668130815029], "max": [-0.330280065536, -0.439782768488, -0.540132641792, -0.483968406916, -0.646969199181, -0.517983138561], "mean": [-0.685434520245, -0.730924963951, -0.763398468494, -0.775892138481, -0.793440461159, -0.732490003109], "median": [-0.686152637005, -0.732458472252, -0.767218887806, -0.784736156464, -0.791923284531, -0.729361057281], "min": [-0.983183324337, -0.979011833668, -0.976875007153, -0.971102952957, -0.967207431793, -0.965359508991], "var": [0.00708358595148, 0.00623630732298, 0.00502932816744, 0.00505857449025, 0.00197851751, 0.00488638877869]}, "spectral_contrast_valleys": {"dmean": [0.336173951626, 0.312359124422, 0.276346623898, 0.229336738586, 0.191323012114, 0.230655491352], "dmean2": [0.557431161404, 0.511124193668, 0.451753348112, 0.372711271048, 0.299289792776, 0.33369666338], "dvar": [0.109021507204, 0.107127085328, 0.089687526226, 0.072194211185, 0.0777706876397, 0.115589298308], "dvar2": [0.242256551981, 0.221881717443, 0.178484171629, 0.127705231309, 0.130190446973, 0.213859304786], "max": [-5.0658864975, -4.59770059586, -5.20598316193,