{"lowlevel": {"average_loudness": 0.934565484524, "barkbands_crest": {"dmean": 1.93463766575, "dmean2": 2.82928156853, "dvar": 4.58343696594, "dvar2": 9.39943313599, "max": 26.6170921326, "mean": 9.97131919861, "median": 9.00297641754, "min": 2.38375401497, "var": 20.7600669861}, "barkbands_flatness_db": {"dmean": 0.021075995639, "dmean2": 0.0322153270245, "dvar": 0.000778615125455, "dvar2": 0.00190844247118, "max": 0.815614938736, "mean": 0.164711266756, "median": 0.107293367386, "min": 0.0217987000942, "var": 0.0236045513302}, "barkbands_kurtosis": {"dmean": 1.97345423698, "dmean2": 3.07602119446, "dvar": 72.3580093384, "dvar2": 194.861984253, "max": 515.667602539, "mean": 2.47747564316, "median": 0.324496984482, "min": -1.87740302086, "var": 102.549156189}, "barkbands_skewness": {"dmean": 0.364189505577, "dmean2": 0.537624061108, "dvar": 0.388577252626, "dvar2": 0.887361526489, "max": 18.1578121185, "mean": 1.25855946541, "median": 1.04123950005, "min": -3.09253168106, "var": 1.09935510159}, "barkbands_spread": {"dmean": 4.93409776688, "dmean2": 7.33013629913, "dvar": 42.9514160156, "dvar2": 100.368721008, "max": 90.0288619995, "mean": 31.0292739868, "median": 31.4736557007, "min": 0.0452445410192, "var": 343.852966309}, "dissonance": {"dmean": 0.0200459808111, "dmean2": 0.0334057472646, "dvar": 0.000724891549908, "dvar2": 0.00201035267673, "max": 0.499976605177, "mean": 0.443580001593, "median": 0.467943817377, "min": 0.0748340710998, "var": 0.0039005742874}, "dynamic_complexity": 2.46664118767, "erbbands_crest": {"dmean": 1.92038667202, "dmean2": 2.99390697479, "dvar": 4.48687076569, "dvar2": 10.8283481598, "max": 32.0850410461, "mean": 8.83564472198, "median": 7.79148292542, "min": 2.47389698029, "var": 19.7906627655}, "erbbands_flatness_db": {"dmean": 0.0136029161513, "dmean2": 0.0193890910596, "dvar": 0.000317244208418, "dvar2": 0.00064257561462, "max": 0.573445737362, "mean": 0.172649845481, "median": 0.120604880154, "min": 0.0635326057673, "var": 0.0123643968254}, "erbbands_kurtosis": {"dmean": 0.647056221962, "dmean2": 0.972695589066, "dvar": 1.79081654549, "dvar2": 3.98675441742, "max": 38.056804657, "mean": 0.0588501505554, "median": -0.539736747742, "min": -1.78215885162, "var": 4.08067035675}, "erbbands_skewness": {"dmean": 0.255558818579, "dmean2": 0.365302830935, "dvar": 0.0880586355925, "dvar2": 0.191835835576, "max": 4.88540363312, "mean": 0.263811737299, "median": 0.211468666792, "min": -2.91180157661, "var": 0.47598657012}, "erbbands_spread": {"dmean": 6.72208786011, "dmean2": 9.80863380432, "dvar": 92.4143447876, "dvar2": 201.291351318, "max": 143.997451782, "mean": 40.9608383179, "median": 43.6801109314, "min": 0.894748687744, "var": 453.836914062}, "hfc": {"dmean": 5.71625518799, "dmean2": 8.7974615097, "dvar": 85.2958297729, "dvar2": 223.567321777, "max": 127.925971985, "mean": 31.7756156921, "median": 27.4361076355, "min": 1.22512476446e-16, "var": 536.081054688}, "melbands_crest": {"dmean": 2.94309854507, "dmean2": 4.37039375305, "dvar": 7.61429262161, "dvar2": 17.5637893677, "max": 37.9088897705, "mean": 15.5551052094, "median": 14.4393615723, "min": 2.23075485229, "var": 32.8046112061}, "melbands_flatness_db": {"dmean": 0.02558603324, "dmean2": 0.0390303730965, "dvar": 0.0010919936467, "dvar2": 0.00265703466721, "max": 1, "mean": 0.240244314075, "median": 0.167563825846, "min": 0.00656429352239, "var": 0.0346804074943}, "melbands_kurtosis": {"dmean": 5.58388519287, "dmean2": 8.58757591248, "dvar": 303.541290283, "dvar2": 750.15423584, "max": 299.802886963, "mean": 10.2333240509, "median": 5.43417549133, "min": -1.64824342728, "var": 391.994506836}, "melbands_skewness": {"dmean": 0.539664506912, "dmean2": 0.777892589569, "dvar": 0.905759096146, "dvar2": 1.99198281765, "max": 14.1497974396, "mean": 2.39006495476, "median": 2.06719732285, "min": -0.680473089218, "var": 2.2589507103}, "melbands_spread": {"dmean": 5.22300100327, "dmean2": 7.73791503906, "dvar": 54.7096328735, "dvar2": 112.279220581, "max": 142.569229126, "mean": 28.1049499512, "median": 25.6244411469, "min": 0.144781783223, "var": 331.389404297}, "pitch_salience": {"dmean": 0.0536078736186, "dmean2": 0.0830119773746, "dvar": 0.00344349816442, "dvar2": 0.00816043559462, "max": 0.818885087967, "mean": 0.477174937725, "median": 0.490356475115, "min": 0.0300655402243, "var": 0.0122435437515}, "silence_rate_20dB": {"dmean": 0, "dmean2": 0, "dvar": 0, "dvar2": 0, "max": 1, "mean": 1, "median": 1, "min": 1, "var": 0}, "silence_rate_30dB": {"dmean": 0.000598712766077, "dmean2": 0.00119751517195, "dvar": 0.000598421727773, "dvar2": 0.00179510819726, "max": 1, "mean": 0.999700665474, "median": 1, "min": 0, "var": 0.000299234467093}, "silence_rate_60dB": {"dmean": 0.00284388568252, "dmean2": 0.00568819697946, "dvar": 0.00283534754999, "dvar2": 0.00625282758847, "max": 1, "mean": 0.0107011897489, "median": 0, "min": 0, "var": 0.0105866156518}, "spectral_centroid": {"dmean": 205.639068604, "dmean2": 303.564697266, "dvar": 88505.4296875, "dvar2": 199263.09375, "max": 10952.4091797, "mean": 1575.26098633, "median": 1700.58117676, "min": 67.3170471191, "var": 619703}, "spectral_complexity": {"dmean": 3.48316121101, "dmean2": 5.60616731644, "dvar": 21.8025283813, "dvar2": 49.9095649719, "max": 56, "mean": 23.3281440735, "median": 22, "min": 0, "var": 155.429458618}, "spectral_decrease": {"dmean": 1.37213473916e-09, "dmean2": 1.94721638813e-09, "dvar": 2.52320175523e-18, "dvar2": 5.94620851285e-18, "max": 1.02802891611e-17, "mean": -8.44936831612e-09, "median": -8.59695159505e-09, "min": -3.23582547423e-08, "var": 1.39971598964e-17}, "spectral_energy": {"dmean": 0.00539314793423, "dmean2": 0.00768719427288, "dvar": 3.81034587917e-05, "dvar2": 8.78479404491e-05, "max": 0.125601917505, "mean": 0.034772131592, "median": 0.0347765535116, "min": 1.10024399953e-20, "var": 0.000239984772634}, "spectral_energyband_high": {"dmean": 0.000585067959037, "dmean2": 0.000929391419049, "dvar": 1.14802253393e-06, "dvar2": 3.29521708409e-06, "max": 0.0146993426606, "mean": 0.00222165556625, "median": 0.00169365899637, "min": 8.23669780152e-21, "var": 4.52737913292e-06}, "spectral_energyband_low": {"dmean": 0.00435055512935, "dmean2": 0.00643552932888, "dvar": 3.90649656765e-05, "dvar2": 0.000102097292256, "max": 0.10656632483, "mean": 0.0147404586896, "median": 0.0139527106658, "min": 3.25047737859e-23, "var": 7.73721985752e-05}, "spectral_energyband_middle_high": {"dmean": 0.0012695727637, "dmean2": 0.0018624397926, "dvar": 3.28873488797e-06, "dvar2": 6.64000981487e-06, "max": 0.0409497953951, "mean": 0.00557281589136, "median": 0.00414004921913, "min": 1.3704179493e-21, "var": 2.46574727498e-05}, "spectral_energyband_middle_low": {"dmean": 0.00267539755441, "dmean2": 0.00373377767392, "dvar": 1.3611284885e-05, "dvar2": 2.97596870951e-05, "max": 0.082537189126, "mean": 0.0130555694923, "median": 0.0132540781051, "min": 4.1665166719e-22, "var": 6.09083144809e-05}, "spectral_entropy": {"dmean": 0.160260304809, "dmean2": 0.243105620146, "dvar": 0.0485207736492, "dvar2": 0.104879967868, "max": 9.80677890778, "mean": 7.37254810333, "median": 7.83231115341, "min": 3.43717646599, "var": 1.05009317398}, "spectral_flux": {"dmean": 0.0209951233119, "dmean2": 0.032372366637, "dvar": 0.000619664613623, "dvar2": 0.0011867089197, "max": 0.322831481695, "mean": 0.0665289536119, "median": 0.0610324703157, "min": 1.04892518282e-10, "var": 0.00136357313022}, "spectral_kurtosis": {"dmean": 15.0124845505, "dmean2": 25.9122467041, "dvar": 2682.41259766, "dvar2": 7874.81005859, "max": 1564.17614746, "mean": 44.2710762024, "median": 2.49079990387, "min": -1.2106153965, "var": 12268.0722656}, "spectral_rms": {"dmean": 0.000463286123704, "dmean2": 0.000648989283945, "dvar": 2.28952202974e-07, "dvar2": 5.12669942054e-07, "max": 0.0110697094351, "mean": 0.00564463576302, "median": 0.00582480430603, "min": 3.27629178128e-12, "var": 2.06203003472e-06}, "spectral_rolloff": {"dmean": 491.99005127, "dmean2": 818.358642578, "dvar": 748001.0625, "dvar2": 1879716.875, "max": 19121.484375, "mean": 1766.12768555, "median": 1055.12695312, "min": 43.06640625, "var": 2542368.25}, "spectral_skewness": {"dmean": 0.525140583515, "dmean2": 0.89247995615, "dvar": 1.76792323589, "dvar2": 5.11532831192, "max": 31.7764015198, "mean": 2.98070001602, "median": 1.25099158287, "min": 0.0380941107869, "var": 18.2971591949}, "spectral_spread": {"dmean": 443596.65625, "dmean2": 643823.0625, "dvar": 405397176320, "dvar2": 625593483264, "max": 41550712, "mean": 4670277.5, "median": 5365551.5, "min": 69816.3046875, "var": 4484644732930.0}, "spectral_strongpeak": {"dmean": 0.38104647398, "dmean2": 0.693200111389, "dvar": 0.731842160225, "dvar2": 1.71738672256, "max": 13.8693113327, "mean": 0.593127608299, "median": 0.220067158341, "min": 0, "var": 1.16560721397}, "zerocrossingrate": {"dmean": 0.0086409188807, "dmean2": 0.0101424064487, "dvar": 0.000107043553726, "dvar2": 0.000129374835524, "max": 0.60546875, "mean": 0.0661112293601, "median": 0.0654296875, "min": 0.00146484375, "var": 0.00177981401794}, "barkbands": {"dmean": [0.000524653645698, 0.00326380459592, 0.00115229247604, 0.000471768988064, 0.0008574728854, 0.00118896819185, 0.000576316495426, 0.000597384059802, 0.000870016636327, 0.000647685548756, 0.000254494050751, 0.000125599239254, 0.000238735607127, 0.000182880787179, 0.000360476144124, 0.000145156460349, 0.000211847815081, 0.000138187286211, 0.000204714902793, 0.000168977785506, 0.000190900536836, 0.000189285958186, 0.000124528072774, 8.64163739607e-05, 6.13000811427e-05, 4.11400287703e-05, 4.57748774352e-06], "dmean2": [0.000853039091453, 0.00452812435105, 0.00194826873485, 0.000794089282863, 0.00139310769737, 0.00184001459274, 0.000821427383926, 0.000848150113598, 0.00124827690888, 0.000935919699259, 0.000393608468585, 0.000196295062779, 0.000371345784515, 0.000278482912108, 0.000575226382352, 0.000221306676394, 0.00034405340557, 0.000221662965487, 0.000332128372975, 0.000273323035799, 0.000309364055283, 0.000316876568832, 0.00020159491396, 0.000139631418278, 9.90518383333e-05, 6.46931730444e-05, 7.31761883799e-06], "dvar": [2.95653990179e-07, 1.23870750031e-05, 2.3686019631e-05, 3.62005926036e-06, 8.47705632623e-06, 3.68829091713e-06, 1.10303551537e-06, 9.47249645833e-07, 1.47186699451e-06, 1.0267616517e-06, 2.40605146473e-07, 4.29126387758e-08, 1.80474998501e-07, 2.10239221587e-07, 9.32164311962e-07, 5.88402180313e-08, 1.00869321784e-07, 4.28236397454e-08, 9.3042764604e-08, 5.77003582691e-08, 1.01825371246e-07, 1.53542018211e-07, 3.51524498399e-08, 1.77612662355e-08, 1.06218154272e-08, 6.77091493984e-09, 7.46860143175e-11], "dvar2": [8.59047190716e-07, 2.81514494418e-05, 6.34003663436e-05, 9.93736284727e-06, 2.10555353988e-05, 9.56540861807e-06, 1.96655423679e-06, 1.87880516478e-06, 3.10383848046e-06, 2.08908704735e-06, 5.86682631365e-07, 9.43343110293e-08, 4.24761395834e-07, 4.93695665682e-07, 2.13414341488e-06, 1.37716554605e-07, 2.58968498201e-07, 1.0605086942e-07, 2.37678023041e-07, 1.50491032969e-07, 2.79319152696e-07, 4.60484585574e-07, 9.41999189763e-08, 4.74434855846e-08, 2.76804978938e-08, 1.61437814228e-08, 1.78040873711e-10], "max": [0.00986143667251, 0.0691148638725, 0.0959775149822, 0.0249925646931, 0.0691538453102, 0.026965521276, 0.027170740068, 0.0198246948421, 0.024410713464, 0.0182610563934, 0.0153213748708, 0.00640676449984, 0.0109132230282, 0.0135082677007, 0.0387011654675, 0.00623534247279, 0.00511673558503, 0.00299685331993, 0.00420908024535, 0.00369857042097, 0.00397548731416, 0.00658452883363, 0.00326900416985, 0.00271064811386, 0.00118910952006, 0.000886471476406, 0.000158037393703], "mean": [0.00178118573967, 0.0104747917503, 0.0020404800307, 0.000884879380465, 0.00138681731187, 0.00401541078463, 0.00169212277979, 0.00184130226262, 0.00240587326698, 0.00149786833208, 0.000506688898895, 0.00025971190189, 0.000522544432897, 0.000451535772299, 0.000762958195992, 0.000366791733541, 0.000524782633875, 0.000370246270904, 0.00052194937598, 0.000452078238595, 0.000547797069885, 0.000533637125045, 0.000407583429478, 0.000253127567703, 0.000165909354109, 9.58797318162e-05, 8.09242919786e-06], "median": [0.0013116444461, 0.00984109938145, 0.000362634396879, 2.15714917431e-05, 0.000602964137215, 0.00300005986355, 0.000680393888615, 0.000677388801705, 0.00155103032012, 0.000798804685473, 0.000181871684617, 0.000143745943205, 0.000283867149847, 0.000159037925187, 0.00024936319096, 0.000183223048225, 0.000321674684528, 0.000235364423133, 0.000362279417459, 0.00031455050339, 0.000391855981434, 0.00036766284029, 0.000272014760412, 0.000182267423952, 0.000117446281365, 6.04101187491e-05, 3.35914455718e-06], "min": [1.87383416185e-23, 1.1874656942e-23, 2.50132390536e-24, 2.48192956279e-24, 3.38257844806e-23, 5.99609955506e-23, 2.50654636177e-23, 9.38742710165e-23, 1.9117431882e-22, 1.10021180896e-22, 1.24780276183e-22, 4.3260532508e-23, 1.44430914928e-22, 6.12415250591e-23, 1.27208415293e-22, 1.03602270197e-22, 9.22969152375e-23, 2.36166173823e-22, 2.18690165847e-22, 3.97777570499e-22, 3.84061715359e-22, 5.66083455387e-22, 6.77074695382e-22, 8.60527239764e-22, 1.14303102743e-21, 1.99173055379e-21, 2.49961500703e-21], "var": [2.36789037444e-06, 3.29705289914e-05, 2.66872775683e-05, 4.18184527007e-06, 8.3152372099e-06, 1.39647654578e-05, 7.69821508584e-06, 5.68218820263e-06, 6.60024443278e-06, 3.34573883265e-06, 7.45654688217e-07, 1.42896809052e-07, 6.03517889886e-07, 9.9675776255e-07, 4.24314066549e-06, 2.61749732999e-07, 3.47265654455e-07, 1.63419699106e-07, 2.94886490337e-07, 2.20990017397e-07, 3.13418979658e-07, 3.3397591892e-07, 1.96206954683e-07, 7.11739929216e-08, 3.00048910162e-08, 1.29458097575e-08, 1.39646294528e-10]}, "erbbands": {"dmean": [0.167806923389, 0.504759073257, 1.0501203537, 1.79158055782, 1.04559719563, 4.3437743187, 4.72783851624, 12.3111190796, 9.69829559326, 9.9235124588, 10.4050779343, 24.2815189362, 19.1078052521, 13.5240058899, 12.1764822006, 5.84066152573, 10.8985614777, 10.1796522141, 19.616979599, 9.60700416565, 7.99432086945, 8.97904586792, 8.13246536255, 9.15315628052, 10.0781679153, 8.24126625061, 7.78655767441, 7.26840353012, 6.90300321579, 5.37404108047, 3.62581562996, 2.2827835083, 1.27315330505, 0.74135017395, 0.429358392954, 0.203061521053, 0.0718803405762, 0.0165443234146, 0.000426757906098, 1.50394962475e-05], "dmean2": [0.238622158766, 0.663467764854, 1.69883286953, 3.01863527298, 1.69729065895, 7.18308401108, 7.53458023071, 18.9209384918, 13.3269195557, 14.106051445, 15.4953842163, 34.4086761475, 27.9504413605, 19.4444828033, 18.9296550751, 8.91413593292, 16.8966598511, 15.4240217209, 30.6631240845, 15.370880127, 12.1636571884, 14.6854782104, 13.1485815048, 14.580532074, 16.3449649811, 13.0769863129, 12.6101560593, 11.9279155731, 11.6088724136, 8.58752727509, 5.89494514465, 3.75810194016, 2.01990628242, 1.20855462551, 0.697961032391, 0.318222671747, 0.112852178514, 0.026262735948, 0.000671934278216, 2.28008448175e-05], "dvar": [0.0270075276494, 0.479161471128, 15.1516580582, 57.3365325928, 19.3147697449, 214.776992798, 98.2906723022, 352.419036865, 305.560272217, 280.300842285, 330.248657227, 1135.42773438, 1060.42944336, 725.984436035, 599.359558105, 100.073135376, 350.130432129, 564.843261719, 3424.88183594, 295.087127686, 142.307983398, 178.811935425, 160.13293457, 220.675292969, 228.557723999, 135.072967529, 144.262008667, 205.78086853, 221.80581665, 68.3836975098, 30.836763382, 12.7405815125, 3.70262718201, 1.32173550129, 0.52618521452, 0.142639383674, 0.0210172068328, 0.00116411363706, 7.16939211998e-07, 5.54571499833e-10], "dvar2": [0.064593359828, 1.03621947765, 39.5746078491, 156.199172974, 49.6788291931, 525.702453613, 254.761993408, 896.323913574, 530.242248535, 550.523803711, 722.547546387, 2308.83178711, 2198.62231445, 1411.42565918, 1483.40100098, 213.572921753, 817.223632812, 1320.82910156, 7737.06201172, 794.716918945, 324.819061279, 471.457458496, 396.808898926, 533.422668457, 584.428955078, 337.597259521, 383.746948242, 589.320800781, 674.3671875, 181.453430176, 82.7914352417, 35.3007736206, 9.42946624756, 3.43334722519, 1.35595226288, 0.336959928274, 0.0502613559365, 0.00280406652018, 1.67014070485e-06, 1.30574184798e-09], "max": [1.87944447994, 17.6787662506, 83.3055267334, 123.221496582, 142.993347168, 295.435180664, 126.291748047, 278.893920898, 415.801025391, 380.938964844, 322.236663818, 713.904174805, 677.16217041, 663.546203613, 807.082092285, 330.244598389, 474.913818359, 736.853759766, 2377.14086914, 367.388092041, 243.917678833, 223.477508545, 217.863754272, 254.305801392, 229.4715271, 178.297805786, 148.751205444, 197.833618164, 250.20513916, 119.590675354, 97.4298782349, 65.0975494385, 43.9903450012, 16.2790164948, 7.91731977463, 4.23670339584, 1.6288677454, 0.385992109776, 0.0117468833923, 0.000298842322081], "mean": [0.404080450535, 1.92302560806, 2.53203606606, 3.2019469738, 2.05252194405, 6.1837310791, 12.6924505234, 42.6305923462, 31.475894928, 30.904296875, 32.4560317993, 69.397064209, 48.98853302, 28.7165279388, 24.7477111816, 13.8854484558, 24.6385917664, 27.7735538483, 42.8466529846, 22.7823352814, 22.6766834259, 24.0364246368, 22.6375656128, 23.638710022, 25.4014644623, 23.1394195557, 21.6367301941, 19.898481369, 18.7587528229, 16.4865894318, 11.2708950043, 6.32961034775, 3.82008600235, 2.0861260891, 1.07525980473, 0.481949627399, 0.161751508713, 0.0332562997937, 0.00087059661746, 6.73160466249e-05], "median": [0.370517790318, 1.82839608192, 1.39729821682, 0.336575567722, 0.739877581596, 2.37751030922, 8.97979259491, 32.3837623596, 13.2274551392, 14.582072258, 17.1728096008, 45.6986160278, 28.9214439392, 13.4726667404, 10.3180789948, 8.01292800903, 13.9530706406, 11.8091821671, 12.4982976913, 11.821231842, 14.7437858582, 15.9277677536, 14.5476922989, 15.1635332108, 17.8323669434, 16.1575012207, 14.8721065521, 14.3507118225, 12.8553276062, 10.1057081223, 7.54774188995, 4.4725112915, 2.88385510445, 1.49930989742, 0.738210618496, 0.312226802111, 0.101414084435, 0.0176773834974, 0.000459264498204, 5.58167266718e-05], "min": [5.63356293817e-22, 2.1665080011e-21, 4.38799685576e-21, 4.76172497289e-21, 3.50864812686e-20, 1.50087760395e-19, 1.90479493769e-19, 5.96750479471e-19, 5.15000374629e-19, 4.42272535523e-19, 3.21007289036e-18, 4.41276785841e-18, 2.25242790403e-18, 6.4885569261e-18, 3.44796610542e-18, 2.52562932354e-18, 6.53931934593e-18, 3.80931147741e-18, 3.52971988088e-18, 7.84163167515e-18, 5.87131640737e-18, 6.05925473768e-18, 1.24523322736e-17, 1.08043626731e-17, 1.07372138053e-17, 1.80136064982e-17, 1.63866332231e-17, 1.73041601565e-17, 2.10578280213e-17, 1.93401924425e-17, 2.01872121548e-17, 1.78210967542e-17, 1.41279950539e-17, 1.35614664969e-17, 7.89677815223e-18, 6.11714207771e-18, 3.78304807938e-18, 1.61740310553e-18, 3.7138088228e-19, 3.53017259424e-20], "var": [0.0577530376613, 1.25673627853, 20.7439670563, 54.3587799072, 23.098443985, 213.235107422, 190.50869751, 1506.10742188, 2152.7565918, 1660.62963867, 1792.74682617, 5300.0703125, 3469.41723633, 2093.19213867, 1682.42431641, 376.725524902, 1201.93823242, 2889.13085938, 15257.0322266, 1037.49682617, 637.697509766, 648.6875, 613.611633301, 693.695373535, 712.019470215, 578.287414551, 497.221435547, 455.328826904, 417.5887146, 346.565368652, 150.418518066, 45.8600845337, 15.7049026489, 4.61532115936, 1.32165336609, 0.302408188581, 0.0388325378299, 0.00196564127691, 1.3287768752e-06, 1.91754301326e-09]}, "gfcc": {"mean": [5.32536840439, 97.9701766968, -99.838760376, 21.6642112732, -59.7278785706, 15.8371963501, -23.5063171387, 18.9069824219, -7.7720041275, 15.716586113, -5.64045524597, 10.6073846817, -2.89683675766], "cov": [[18640.3632812, -9938.30957031, -3275.99755859, 4592.36523438, -1869.29919434, 553.138427734, -1448.77160645, 985.023071289, -811.49822998, 654.57409668, -1597.32189941, 174.792602539, -1049.44519043], [-9938.30957031, 6781.45849609, 1406.7767334, -3087.33251953, 1233.91564941, -493.719573975, 898.604187012, -596.948608398, 556.634643555, -425.449768066, 1037.77905273, -145.464126587, 676.056640625], [-3275.99755859, 1406.7767334, 1141.89221191, -778.918701172, 333.403381348, 26.89412117, 190.60786438, -186.482727051, 28.7017402649, -127.003913879, 156.175460815, -45.1919059753, 65.571685791], [4592.36523438, -3087.33251953, -778.918701172, 1727.71411133, -590.24609375, 171.608596802, -385.493835449, 271.789276123, -211.435287476, 169.578262329, -462.942443848, 30.3767280579, -286.140411377], [-1869.29919434, 1233.91564941, 333.403381348, -590.24609375, 400.535247803, -30.6248683929, 169.713928223, -118.219322205, 69.5592651367, -97.7130050659, 145.59147644, -63.2109909058, 65.1016159058], [553.138427734, -493.719573975, 26.89412117, 171.608596802, -30.6248683929, 173.214706421, -40.8998260498, 18.4186763763, -58.1505699158, 19.3201160431, -93.0646133423, -3.58727574348, -87.471862793], [-1448.77160645, 898.604187012, 190.60786438, -385.493835449, 169.713928223, -40.8998260498, 193.003494263, -54.3813934326, 85.9770431519, -59.7013206482, 143.392105103, -21.0348167419, 94.3656539917], [985.023071289, -596.948608398, -186.482727051, 271.789276123, -118.219322205, 18.4186763763, -54.3813934326, 139.902786255, -5.70602798462, 54.9653511047, -84.1139831543, 23.0881996155, -45.2713165283], [-811.49822998, 556.634643555, 28.7017402649, -211.435287476, 69.5592651367, -58.1505699158, 85.9770431519, -5.70602798462, 135.678909302, 6.11690235138, 111.137413025, -12.3650407791, 79.4690856934], [654.57409668, -425.449768066, -127.003913879, 169.578262329, -97.7130050659, 19.3201160431, -59.7013206482, 54.9653511047, 6.11690235138, 92.7464141846, -28.9354934692, 20.1436862946, -33.3447685242], [-1597.32189941, 1037.77905273, 156.175460815, -462.942443848, 145.59147644, -93.0646133423, 143.392105103, -84.1139831543, 111.137413025, -28.9354934692, 229.118515015, 15.6852664948, 132.22203064], [174.792602539, -145.464126587, -45.1919059753, 30.3767280579, -63.2109909058, -3.58727574348, -21.0348167419, 23.0881996155, -12.3650407791, 20.1436862946, 15.6852664948, 69.3193130493, 28.4735240936], [-1049.44519043, 676.056640625, 65.571685791, -286.140411377, 65.1016159058, -87.471862793, 94.3656539917, -45.2713165283, 79.4690856934, -33.3447685242, 132.22203064, 28.4735240936, 154.105422974]], "icov": [[0.000813732098322, -0.000523638154846, 0.00141780986451, -0.000322184670949, 0.000705165439285, -0.000456835870864, 0.0012987513328, -0.00123550742865, 0.00155149411876, -0.00159524229821, 0.00266825943254, -0.00122764729895, 0.00171391607728], [-0.000523638154846, 0.0069760158658, -0.00142802856863, 0.00461615482345, -0.00336789339781, 0.00424670381472, -0.00398986088112, 0.00465857470408, -0.00661136489362, 0.00952129438519, -0.0105441687629, 0.00756806135178, -0.00422769086435], [0.00141780986451, -0.00142802856863, 0.00405286345631, -0.000261423963821, 0.00138697819784, -0.00171982287429, 0.00189546961337, -0.00152001797687, 0.00325126526877, -0.0029822923243, 0.00579782668501, -0.00298200850375, 0.00379521190189], [-0.000322184670949, 0.00461615482345, -0.000261423963821, 0.00547565380111, -0.000416420691181, 0.00238738418557, -0.00225836015306, 0.00239612511359, -0.00416853511706, 0.00612675817683, -0.00485199596733, 0.00555962417275, -0.0019377626013], [0.000705165439285, -0.00336789339781, 0.00138697819784, -0.000416420691181, 0.00920674484223, -0.00301151257008, 0.000965425453614, -0.00247803004459, 0.00356423668563, -0.00230609858409, 0.00515231769532, -0.000135122521897, 0.00456304010004], [-0.000456835870864, 0.00424670381472, -0.00171982287429, 0.00238738418557, -0.00301151257008, 0.0130371442065, -0.00680361688137, 0.00642424356192, -0.00522890780121, 0.00309597956948, -0.0011608650675, -0.0010615196079, 0.00270756264217], [0.0012987513328, -0.00398986088112, 0.00189546961337, -0.00225836015306, 0.000965425453614, -0.00680361688137, 0.0216723978519, -0.0105774197727, 0.0044355429709, 0.000349799433025, -0.0013683969155, 0.00253593479283, -0.000806044146884], [-0.00123550742865, 0.00465857470408, -0.00152001797687, 0.00239612511359, -0.00247803004459, 0.00642424356192, -0.0105774197727, 0.0233308505267, -0.0141458613798, 0.00254884315655, 0.00248068850487, -0.00636015972123, 0.00116226961836], [0.00155149411876, -0.00661136489362, 0.00325126526877, -0.00416853511706, 0.00356423668563, -0.00522890780121, 0.0044355429709, -0.0141458613798, 0.030748102814, -0.0172103755176, 0.00239496212453, 0.00669038761407, -0.00377054908313], [-0.00159524229821, 0.00952129438519, -0.0029822923243, 0.00612675817683, -0.00230609858409, 0.00309597956948, 0.000349799433025, 0.00254884315655, -0.0172103755176, 0.0376215204597, -0.0229731798172, 0.00852934177965, -0.00157158880029], [0.00266825943254, -0.0105441687629, 0.00579782668501, -0.00485199596733, 0.00515231769532, -0.0011608650675, -0.0013683969155, 0.00248068850487, 0.00239496212453, -0.0229731798172, 0.0468305572867, -0.0272923745215, 0.0103390645236], [-0.00122764729895, 0.00756806135178, -0.00298200850375, 0.00555962417275, -0.000135122521897, -0.0010615196079, 0.00253593479283, -0.00636015972123, 0.00669038761407, 0.00852934177965, -0.0272923745215, 0.0450193397701, -0.0204417780042], [0.00171391607728, -0.00422769086435, 0.00379521190189, -0.0019377626013, 0.00456304010004, 0.00270756264217, -0.000806044146884, 0.00116226961836, -0.00377054908313, -0.00157158880029, 0.0103390645236, -0.0204417780042, 0.0284492168576]]}, "melbands": {"dmean": [0.00113105413038, 0.000521682377439, 0.000270871736575, 0.000180823364644, 0.000172643500264, 0.00025695367367, 0.00014122108405, 0.000116261391668, 8.67108756211e-05, 0.000153991553816, 9.3728180218e-05, 5.86724818277e-05, 3.5174030927e-05, 2.15810741793e-05, 1.57082558871e-05, 2.5778390409e-05, 2.10582566069e-05, 3.11601615977e-05, 1.62899450515e-05, 1.40611409734e-05, 1.03250695247e-05, 1.02271305877e-05, 1.10915043479e-05, 6.53897404845e-06, 8.15313160274e-06, 9.5755658549e-06, 6.07030233368e-06, 5.66583594264e-06, 5.41151257494e-06, 4.99090765516e-06, 4.71180965178e-06, 4.60020874016e-06, 3.61782895197e-06, 2.85230385089e-06, 2.58321506408e-06, 1.76746459601e-06, 1.37841288961e-06, 1.0272721056e-06, 7.69933535594e-07, 6.37725236174e-07], "dmean2": [0.00158812245354, 0.000773444771767, 0.000448371603852, 0.000302732601995, 0.000269586918876, 0.000395255134208, 0.000194768595975, 0.000165388191817, 0.00012955031707, 0.000218909030082, 0.000137961003929, 8.47343690111e-05, 5.43587120774e-05, 3.34459582518e-05, 2.45044557232e-05, 3.99308992201e-05, 3.20095241477e-05, 4.84933189e-05, 2.56668463408e-05, 2.19029425352e-05, 1.58451475727e-05, 1.66834670381e-05, 1.82080220839e-05, 1.04461560113e-05, 1.306008744e-05, 1.57125286933e-05, 9.73075202637e-06, 9.0031144282e-06, 8.89043985808e-06, 7.81846210884e-06, 7.88271427155e-06, 7.87417047832e-06, 5.84617009736e-06, 4.57397391074e-06, 4.1436196625e-06, 2.9511259072e-06, 2.29110628425e-06, 1.64005973602e-06, 1.24725067963e-06, 1.05155788788e-06], "dvar": [1.2822035842e-06, 1.9180840809e-06, 1.2091810504e-06, 4.83125234041e-07, 1.27614114831e-07, 1.57690422498e-07, 6.56625900319e-08, 4.02552409184e-08, 2.23148450829e-08, 4.57394939701e-08, 2.59752930276e-08, 1.45454039924e-08, 4.59243754136e-09, 1.26019128466e-09, 5.87569770616e-10, 2.76939760013e-09, 2.92059021412e-09, 8.13338552064e-09, 1.447421627e-09, 5.3557691615e-10, 2.44281400663e-10, 2.22109261538e-10, 3.3778957409e-10, 9.17395742706e-11, 1.80105597103e-10, 2.29401775353e-10, 7.90167306586e-11, 6.37212574373e-11, 7.29547186551e-11, 5.41114965336e-11, 9.95682147842e-11, 1.07248321335e-10, 3.45737813379e-11, 1.83984945334e-11, 1.54748384246e-11, 6.99742824448e-12, 4.76867330346e-12, 2.26854429339e-12, 1.54336732196e-12, 9.13645136109e-13], "dvar2": [2.97654150927e-06, 4.84914471599e-06, 3.25624228026e-06, 1.25126973671e-06, 2.95972654385e-07, 3.99165799081e-07, 1.12445711409e-07, 7.76592372631e-08, 4.9766011756e-08, 9.36429813692e-08, 5.407573056e-08, 2.8173786859e-08, 1.13250138156e-08, 2.90950818993e-09, 1.34622046843e-09, 6.49926468199e-09, 6.83799283863e-09, 1.84044868234e-08, 3.16388626409e-09, 1.30988742075e-09, 5.49425727137e-10, 5.64345958853e-10, 8.81799466779e-10, 2.23964707891e-10, 4.37940766984e-10, 5.98270655239e-10, 2.03854932934e-10, 1.59605273442e-10, 1.95123639468e-10, 1.36884989455e-10, 2.90060420127e-10, 3.28275184813e-10, 9.34557847776e-11, 4.6737100301e-11, 4.05578487461e-11, 1.96724806584e-11, 1.31149700475e-11, 5.85395967811e-12, 3.89062783726e-12, 2.44973138996e-12], "max": [0.0170945934951, 0.0303213410079, 0.0179699324071, 0.0190632585436, 0.00427016522735, 0.00630664639175, 0.00633603474125, 0.00471833581105, 0.00236996659078, 0.00478409742936, 0.00335252960213, 0.00295578641817, 0.00211824011058, 0.00111791829113, 0.000624600565061, 0.00149663968477, 0.00166123802774, 0.00356006342918, 0.00139415927697, 0.000685804407112, 0.000230194025789, 0.000223332172027, 0.000309245369863, 0.000138532253914, 0.000228288699873, 0.000236638254137, 0.000166181634995, 0.000113299734949, 0.000112531328341, 0.000123352234368, 0.000142748409417, 0.000183826909051, 7.32206754037e-05, 6.9179579441e-05, 7.12323453627e-05, 4.65035300294e-05, 5.22168411408e-05, 4.19578936999e-05, 1.66753579833e-05, 1.3058186596e-05], "mean": [0.00333992461674, 0.00179964979179, 0.000509752950165, 0.000264165864792, 0.000453715532785, 0.000885558081791, 0.000446695979917, 0.000357762299245, 0.000257416279055, 0.000433218752733, 0.000229112352827, 0.000115171278594, 7.112500316e-05, 4.56485176983e-05, 3.41844315699e-05, 5.63769172004e-05, 5.1161085139e-05, 6.55900148558e-05, 3.66895728803e-05, 3.21756342601e-05, 2.6174231607e-05, 2.58050295088e-05, 2.50999510172e-05, 1.74055112439e-05, 1.83429729077e-05, 2.04806583497e-05, 1.5632229406e-05, 1.4836338778e-05, 1.31634333229e-05, 1.33103094413e-05, 1.10558930828e-05, 1.09619440991e-05, 9.85917631624e-06, 8.59913780005e-06, 7.21232527212e-06, 4.75489059681e-06, 3.41111149282e-06, 2.91449919132e-06, 1.96968812816e-06, 1.66315282968e-06], "median": [0.00308069447055, 0.00152145291213, 6.46168991807e-05, 0.000131434440846, 0.000322955136653, 0.000665169791318, 0.000169899096363, 0.000167871228768, 0.000128962608869, 0.0002866142313, 0.000127629027702, 4.22760494985e-05, 2.70922373602e-05, 2.34199214901e-05, 2.08752808248e-05, 2.8401529562e-05, 1.73637326952e-05, 1.94889016711e-05, 1.33793100758e-05, 1.65733436006e-05, 1.64772100106e-05, 1.65168785315e-05, 1.48713870658e-05, 1.05268572952e-05, 1.07004852907e-05, 1.28739275169e-05, 1.10770606625e-05, 9.85715541901e-06, 8.38711366669e-06, 9.02286410565e-06, 7.51539346311e-06, 7.15997884981e-06, 6.14178770775e-06, 4.98932968185e-06, 4.43297039965e-06, 3.2680457025e-06, 2.35167726714e-06, 2.15178442886e-06, 1.29577460939e-06, 1.20696790873e-06], "min": [6.4195934578e-24, 2.554907874e-24, 1.43216415444e-24, 6.39671294167e-24, 7.17542594021e-24, 1.29843247004e-23, 7.61720776866e-24, 6.57059839557e-24, 3.00205024895e-23, 2.61694870764e-23, 9.85043197057e-24, 2.55487813394e-23, 1.45708131221e-23, 3.59227692487e-24, 1.46222957625e-23, 1.17692146379e-23, 6.38413731555e-24, 4.65013032687e-24, 1.03479933648e-23, 7.39983004647e-24, 7.09882123543e-24, 4.85998271045e-24, 1.21866182978e-23, 9.47485450473e-24, 8.644221048e-24, 8.69866507223e-24, 6.93016908478e-24, 1.41575273161e-23, 9.85231971472e-24, 1.30540197725e-23, 8.63480599309e-24, 1.22624215199e-23, 1.05494637068e-23, 1.15581130931e-23, 1.33887523872e-23, 8.51909666438e-24, 1.17665561767e-23, 9.45888874887e-24, 1.09416758825e-23, 1.07980045902e-23], "var": [3.39662392435e-06, 3.24024063048e-06, 1.2194050214e-06, 4.11277056855e-07, 2.43261808919e-07, 6.65049071813e-07, 4.75439406955e-07, 2.44989905696e-07, 1.15311308946e-07, 2.05425962463e-07, 8.28824013865e-08, 4.15827408062e-08, 1.40387221848e-08, 4.0210257346e-09, 1.85248871798e-09, 9.09387232184e-09, 1.39366802543e-08, 3.47551853963e-08, 7.35300975663e-09, 2.11755124546e-09, 8.89287421479e-10, 8.09681155456e-10, 9.30979904279e-10, 3.75217579229e-10, 4.9385739942e-10, 5.74996217306e-10, 2.75303085884e-10, 2.59647359169e-10, 2.10396977618e-10, 2.07434847077e-10, 1.67162395037e-10, 1.63424773714e-10, 1.18853760167e-10, 1.02404959512e-10, 7.10801140169e-11, 2.49926520451e-11, 1.52005300708e-11, 9.49948713441e-12, 4.71972114169e-12, 2.97906621247e-12]}, "mfcc": {"mean": [-632.491149902, 119.502494812, 18.8940105438, 18.4202270508, -5.75876903534, 4.77605485916, -2.20320749283, 6.6783862114, 6.12221813202, 10.1792831421, 7.70481586456, 6.72256803513, 4.48404932022], "cov": [[14596.609375, -6627.81787109, -2456.82421875, 1381.89099121, 276.152526855, -130.30758667, -599.875, -54.1657714844, 121.71811676, 232.483901978, -105.121192932, -352.072479248, -343.922302246], [-6627.81787109, 4511.35595703, 774.227600098, -1069.49890137, -226.892227173, -4.97599220276, 246.422210693, -31.0864810944, -65.4373397827, -127.27154541, 52.5165405273, 233.978317261, 188.162094116], [-2456.82421875, 774.227600098, 827.419555664, -206.910064697, -18.2797641754, 63.6229515076, 132.942489624, 11.5782804489, -38.4850311279, -65.2333068848, 5.45875549316, 18.0625953674, 25.9817676544], [1381.89099121, -1069.49890137, -206.910064697, 478.739959717, 68.5755844116, -28.347650528, -72.4217300415, 17.7170028687, 27.3449382782, 49.1602172852, -5.76861286163, -53.9511947632, -46.2479248047], [276.152526855, -226.892227173, -18.2797641754, 68.5755844116, 127.45866394, 50.00233078, 5.85443162918, 12.1917047501, 11.0237073898, 12.3985261917, -2.90041804314, -29.1183681488, -18.9494056702], [-130.30758667, -4.97599220276, 63.6229515076, -28.347650528, 50.00233078, 117.049003601, 48.1251678467, 7.79560136795, -11.3944816589, -6.28267621994, -0.827388167381, -20.1888961792, -8.39863777161], [-599.875, 246.422210693, 132.942489624, -72.4217300415, 5.85443162918, 48.1251678467, 102.632164001, 30.5262317657, -8.82968997955, -23.1189365387, -2.01920080185, 6.60263442993, 7.48762130737], [-54.1657714844, -31.0864810944, 11.5782804489, 17.7170028687, 12.1917047501, 7.79560136795, 30.5262317657, 65.443359375, 24.6955757141, -3.03643989563, -5.17386293411, -0.339475154877, 2.96985602379], [121.71811676, -65.4373397827, -38.4850311279, 27.3449382782, 11.0237073898, -11.3944816589, -8.82968997955, 24.6955757141, 63.1294631958, 35.1238555908, 1.05878484249, -6.12663888931, -3.49085760117], [232.483901978, -127.27154541, -65.2333068848, 49.1602172852, 12.3985261917, -6.28267621994, -23.1189365387, -3.03643989563, 35.1238555908, 69.4333267212, 28.9638690948, -5.84837675095, -8.64680957794], [-105.121192932, 52.5165405273, 5.45875549316, -5.76861286163, -2.90041804314, -0.827388167381, -2.01920080185, -5.17386293411, 1.05878484249, 28.9638690948, 54.6821517944, 29.6450939178, 4.48906040192], [-352.072479248, 233.978317261, 18.0625953674, -53.9511947632, -29.1183681488, -20.1888961792, 6.60263442993, -0.339475154877, -6.12663888931, -5.84837675095, 29.6450939178, 73.1066207886, 37.8904647827], [-343.922302246, 188.162094116, 25.9817676544, -46.2479248047, -18.9494056702, -8.39863777161, 7.48762130737, 2.96985602379, -3.49085760117, -8.64680957794, 4.48906040192, 37.8904647827, 58.1769104004]], "icov": [[0.000537841464393, 0.000698188669048, 0.000988228712231, 0.000577455037273, -7.14917696314e-05, 0.000130216532853, 0.000461323390482, 0.000229358367505, -4.55212611996e-05, 0.000254313694313, 0.000157742353622, -3.56668056156e-06, 0.000888734939508], [0.000698188669048, 0.00150593696162, 0.00107590446714, 0.00178366119508, 1.29891604956e-05, 0.000616230536252, -0.000130663553136, 0.000708097883034, -0.000289753632387, 0.00031186605338, 0.000190102160559, -0.000663049286231, 0.000714221620001], [0.000988228712231, 0.00107590446714, 0.0035853155423, 0.00101324659772, -8.21853973321e-05, 0.000117568350106, -0.000819708337076, 0.000923165760469, -0.000435630150605, 0.00208582752384, -0.00121368211694, 0.00127627956681, 0.00116141838953], [0.000577455037273, 0.00178366119508, 0.00101324659772, 0.00555473659188, -0.0013419809984, 0.00189352943562, 0.000923143001273, -0.0012644296512, 0.00108943285886, -0.00159732089378, 0.000505781092215, -4.86132266815e-05, 0.00121062702965], [-7.14917696314e-05, 1.29891604956e-05, -8.21853973321e-05, -0.0013419809984, 0.0113942129537, -0.00521629629657, 0.000483383337269, -0.000791527272668, -0.00178427889477, 0.000206224256544, -0.000872260308824, 0.00177029706538, 0.000279624364339], [0.000130216532853, 0.000616230536252, 0.000117568350106, 0.00189352943562, -0.00521629629657, 0.0149015309289, -0.00668092537671, 0.00107400328852, 0.00255442457274, -0.000468900252599, -0.00245647178963, 0.00442251656204, -0.00112053984776], [0.000461323390482, -0.000130663553136, -0.000819708337076, 0.000923143001273, 0.000483383337269, -0.00668092537671, 0.0209470596164, -0.0100575732067, 0.00320239551365, 0.000766797282267, 0.00103105942253, -0.00139827118255, 0.00239740149118], [0.000229358367505, 0.000708097883034, 0.000923165760469, -0.0012644296512, -0.000791527272668, 0.00107400328852, -0.0100575732067, 0.0266940239817, -0.0151213947684, 0.00893821381032, -0.00281130615622, 0.000385457562516, -0.00213576154783], [-4.55212611996e-05, -0.000289753632387, -0.000435630150605, 0.00108943285886, -0.00178427889477, 0.00255442457274, 0.00320239551365, -0.0151213947684, 0.0346227996051, -0.0235096495599, 0.0127367926762, -0.00395152112469, 0.00205010175705], [0.000254313694313, 0.00031186605338, 0.00208582752384, -0.00159732089378, 0.000206224256544, -0.000468900252599, 0.000766797282267, 0.00893821381032, -0.0235096495599, 0.0419235676527, -0.0278644096106, 0.013132981956, -0.00384506443515], [0.000157742353622, 0.000190102160559, -0.00121368211694, 0.000505781092215, -0.000872260308824, -0.00245647178963, 0.00103105942253, -0.00281130615622, 0.0127367926762, -0.0278644096106, 0.0456387810409, -0.0252536218613, 0.0101826563478], [-3.56668056156e-06, -0.000663049286231, 0.00127627956681, -4.86132266815e-05, 0.00177029706538, 0.00442251656204, -0.00139827118255, 0.000385457562516, -0.00395152112469, 0.013132981956, -0.0252536218613, 0.0378149673343, -0.0180751681328], [0.000888734939508, 0.000714221620001, 0.00116141838953, 0.00121062702965, 0.000279624364339, -0.00112053984776, 0.00239740149118, -0.00213576154783, 0.00205010175705, -0.00384506443515, 0.0101826563478, -0.0180751681328, 0.0308444425464]]}, "spectral_contrast_coeffs": {"dmean": [0.0377962775528, 0.0442929640412, 0.0378033593297, 0.0329812504351, 0.0288126319647, 0.0198960639536], "dmean2": [0.0630934461951, 0.0726180523634, 0.0610001385212, 0.0536894388497, 0.0449056960642, 0.0310251433402], "dvar": [0.00144615711179, 0.00199923175387, 0.00110691261943, 0.000905554217752, 0.000887390284333, 0.000483141862787], "dvar2": [0.00372866750695, 0.00499959709123, 0.00274656177498, 0.00228439830244, 0.00191396044102, 0.00110969762318], "max": [-0.387339442968, -0.43036288023, -0.423639297485, -0.487228125334, -0.554407835007, -0.534623265266], "mean": [-0.659835278988, -0.669308662415, -0.685626387596, -0.747102200985, -0.759549379349, -0.761872589588], "median": [-0.670182943344, -0.670985341072, -0.686400175095, -0.747578382492, -0.759323835373, -0.737946867943], "min": [-0.962335288525, -0.963716268539, -0.964216470718, -0.963772833347, -0.974924206734, -0.968462824821], "var": [0.00394518487155, 0.00611931458116, 0.00452743750066, 0.00305275898427, 0.0032364919316, 0.00618803827092]}, "spectral_contrast_valleys": {"dmean": [0.29260751605, 0.392535150051, 0.337546825409, 0.328125923872, 0.349814087152, 0.382753252983], "dmean2": [0.475128084421, 0.637576162815, 0.555304944515, 0.537434279919, 0.570918262005, 0.603366017342], "dvar": [0.0898795053363, 0.189483165741, 0.125524967909, 0.156773582101, 0.21455770731, 0.297187745571], "dvar2": [0.201967343688, 0.441454529762, 0.290215492249, 0.355896830559, 0.510250151157, 0.735302805901], "max": [-5.13419532776, -4.39753723145, -5.59187173843, -5.82971572876, -5.74042129517, -7.83084535599], "mean": [-7.40747833252, -6.69622707367, -7.