{"lowlevel": {"average_loudness": 0.948440611362, "barkbands_crest": {"dmean": 2.04047179222, "dmean2": 3.02682948112, "dvar": 6.63397884369, "dvar2": 14.7368898392, "max": 26.0549259186, "mean": 17.6228199005, "median": 18.6246490479, "min": 3.88972830772, "var": 25.7227420807}, "barkbands_flatness_db": {"dmean": 0.0313564576209, "dmean2": 0.0458724759519, "dvar": 0.00110748352017, "dvar2": 0.0026232751552, "max": 0.451521337032, "mean": 0.197790428996, "median": 0.19404643774, "min": 0.0333318188787, "var": 0.00366064347327}, "barkbands_kurtosis": {"dmean": 11.2185869217, "dmean2": 17.6611289978, "dvar": 532.532348633, "dvar2": 1421.81799316, "max": 754.451843262, "mean": 24.139465332, "median": 15.9497432709, "min": -1.45348203182, "var": 845.471374512}, "barkbands_skewness": {"dmean": 0.9222458601, "dmean2": 1.42620742321, "dvar": 1.15295994282, "dvar2": 2.85910391808, "max": 24.9460315704, "mean": 4.07976388931, "median": 3.76962804794, "min": -2.12350344658, "var": 3.21694016457}, "barkbands_spread": {"dmean": 5.1070599556, "dmean2": 8.22627258301, "dvar": 48.5714759827, "dvar2": 121.873931885, "max": 80.317817688, "mean": 12.0871276855, "median": 9.82707977295, "min": 0.493758618832, "var": 82.4400863647}, "dissonance": {"dmean": 0.0201538689435, "dmean2": 0.0335839726031, "dvar": 0.000336145545589, "dvar2": 0.000902027066331, "max": 0.500000059605, "mean": 0.460254818201, "median": 0.464489638805, "min": 0.319370627403, "var": 0.000658710196149}, "dynamic_complexity": 1.39863240719, "erbbands_crest": {"dmean": 1.99663686752, "dmean2": 3.23910570145, "dvar": 4.17340230942, "dvar2": 10.8136100769, "max": 21.1491374969, "mean": 7.26495552063, "median": 6.69436407089, "min": 2.08388638496, "var": 8.82992935181}, "erbbands_flatness_db": {"dmean": 0.0237277690321, "dmean2": 0.0318130776286, "dvar": 0.00063277373556, "dvar2": 0.00106200214941, "max": 0.256540328264, "mean": 0.109819687903, "median": 0.0982916802168, "min": 0.0475620441139, "var": 0.0016679847613}, "erbbands_kurtosis": {"dmean": 0.683267772198, "dmean2": 1.061419487, "dvar": 1.53785502911, "dvar2": 2.92750000954, "max": 23.6467456818, "mean": 0.00553772039711, "median": -0.311085224152, "min": -1.866320014, "var": 2.9200797081}, "erbbands_skewness": {"dmean": 0.344553261995, "dmean2": 0.518994808197, "dvar": 0.158973738551, "dvar2": 0.312834948301, "max": 4.1555685997, "mean": 0.199067443609, "median": 0.129504874349, "min": -1.76847505569, "var": 0.448540717363}, "erbbands_spread": {"dmean": 14.2781257629, "dmean2": 20.4868717194, "dvar": 258.795471191, "dvar2": 467.458496094, "max": 188.22354126, "mean": 57.5952224731, "median": 49.8643569946, "min": 10.4624023438, "var": 781.550292969}, "hfc": {"dmean": 18.1746997833, "dmean2": 27.4111995697, "dvar": 935.897460938, "dvar2": 2227.16259766, "max": 326.440612793, "mean": 39.2253608704, "median": 28.053401947, "min": 6.22923366222e-08, "var": 1218.27954102}, "melbands_crest": {"dmean": 2.38098335266, "dmean2": 3.55794048309, "dvar": 9.01140975952, "dvar2": 19.4327907562, "max": 36.7618522644, "mean": 24.0689144135, "median": 24.949092865, "min": 4.7583694458, "var": 38.814704895}, "melbands_flatness_db": {"dmean": 0.0350934490561, "dmean2": 0.0508889593184, "dvar": 0.00142017146572, "dvar2": 0.00333541282453, "max": 0.595948576927, "mean": 0.307691454887, "median": 0.30441480875, "min": 0.0125217949972, "var": 0.00469141127542}, "melbands_kurtosis": {"dmean": 31.0206985474, "dmean2": 47.6917304993, "dvar": 2543.63305664, "dvar2": 5881.24853516, "max": 1288.09875488, "mean": 70.0087356567, "median": 47.7117996216, "min": -1.22456586361, "var": 5769.86132812}, "melbands_skewness": {"dmean": 1.39558970928, "dmean2": 2.07606863976, "dvar": 2.51475954056, "dvar2": 5.53010797501, "max": 30.7676258087, "mean": 6.36397409439, "median": 5.87406349182, "min": -0.140525609255, "var": 7.67519235611}, "melbands_spread": {"dmean": 2.6340265274, "dmean2": 4.28293561935, "dvar": 18.223739624, "dvar2": 38.5202903748, "max": 156.090911865, "mean": 6.91498327255, "median": 5.66277742386, "min": 0.332356333733, "var": 29.5457286835}, "pitch_salience": {"dmean": 0.0629559382796, "dmean2": 0.094413548708, "dvar": 0.00550965359434, "dvar2": 0.0121348714456, "max": 0.776305377483, "mean": 0.377396911383, "median": 0.367769390345, "min": 0.0765981599689, "var": 0.0214241705835}, "silence_rate_20dB": {"dmean": 0.0564306750894, "dmean2": 0.112880885601, "dvar": 0.0532445274293, "dvar2": 0.131658747792, "max": 1, "mean": 0.952405691147, "median": 1, "min": 0, "var": 0.0453245416284}, "silence_rate_30dB": {"dmean": 0.112861350179, "dmean2": 0.225588649511, "dvar": 0.100122727454, "dvar2": 0.194098323584, "max": 1, "mean": 0.311007261276, "median": 0, "min": 0, "var": 0.21429052949}, "silence_rate_60dB": {"dmean": 0.00103860138915, "dmean2": 0.00190443207975, "dvar": 0.00103751604911, "dvar2": 0.00190076802392, "max": 1, "mean": 0.011249567382, "median": 0, "min": 0, "var": 0.0111230546609}, "spectral_centroid": {"dmean": 250.416503906, "dmean2": 404.925842285, "dvar": 122433.328125, "dvar2": 309580.6875, "max": 3797.06176758, "mean": 936.94921875, "median": 857.558227539, "min": 155.217803955, "var": 186374.359375}, "spectral_complexity": {"dmean": 4.5289940834, "dmean2": 7.1346950531, "dvar": 43.3356781006, "dvar2": 101.311080933, "max": 57, "mean": 18.6837997437, "median": 17, "min": 0, "var": 70.170249939}, "spectral_decrease": {"dmean": 1.3736865867e-08, "dmean2": 2.13873576627e-08, "dvar": 4.38856690288e-16, "dvar2": 1.07360155515e-15, "max": 1.47328040303e-20, "mean": -4.16476808596e-08, "median": -3.65304657635e-08, "min": -2.10943937873e-07, "var": 7.43761631534e-16}, "spectral_energy": {"dmean": 0.052889123559, "dmean2": 0.0822038128972, "dvar": 0.00642623752356, "dvar2": 0.0156208286062, "max": 0.801313996315, "mean": 0.160746023059, "median": 0.140855997801, "min": 5.59449014892e-12, "var": 0.010935514234}, "spectral_energyband_high": {"dmean": 0.00162968062796, "dmean2": 0.00247078714892, "dvar": 8.81314190337e-06, "dvar2": 2.15257532545e-05, "max": 0.0313406512141, "mean": 0.0021368174348, "median": 0.000815425417386, "min": 4.02838830002e-12, "var": 1.12233792606e-05}, "spectral_energyband_low": {"dmean": 0.0482118949294, "dmean2": 0.0753210857511, "dvar": 0.00573010509834, "dvar2": 0.014354380779, "max": 0.779810905457, "mean": 0.136643052101, "median": 0.118064910173, "min": 1.12284503527e-13, "var": 0.0099082486704}, "spectral_energyband_middle_high": {"dmean": 0.00198645400815, "dmean2": 0.00339965010062, "dvar": 8.7411262939e-06, "dvar2": 2.45677038038e-05, "max": 0.0367018505931, "mean": 0.00534746935591, "median": 0.0051493505016, "min": 6.82233024414e-13, "var": 1.38688801599e-05}, "spectral_energyband_middle_low": {"dmean": 0.00462850369513, "dmean2": 0.0072810286656, "dvar": 7.11540415068e-05, "dvar2": 0.000183879878023, "max": 0.121329568326, "mean": 0.0184221100062, "median": 0.0165557712317, "min": 9.17925674707e-14, "var": 0.000112352216092}, "spectral_entropy": {"dmean": 0.330034017563, "dmean2": 0.436833739281, "dvar": 0.141838505864, "dvar2": 0.255826085806, "max": 8.80247497559, "mean": 7.43302059174, "median": 7.51269721985, "min": 5.42623806, "var": 0.333946734667}, "spectral_flux": {"dmean": 0.0636761710048, "dmean2": 0.0954178646207, "dvar": 0.00619078008458, "dvar2": 0.0131558449939, "max": 0.753275632858, "mean": 0.122685112059, "median": 0.0770854949951, "min": 4.55293011328e-05, "var": 0.0109291318804}, "spectral_kurtosis": {"dmean": 2.21349906921, "dmean2": 3.2117934227, "dvar": 7.66924619675, "dvar2": 14.7260293961, "max": 31.6227073669, "mean": 4.49888467789, "median": 3.00933933258, "min": -0.847623586655, "var": 15.0370588303}, "spectral_rms": {"dmean": 0.0018834779039, "dmean2": 0.0028410658706, "dvar": 6.38834171696e-06, "dvar2": 1.44679297591e-05, "max": 0.027960145846, "mean": 0.0118453418836, "median": 0.0117226485163, "min": 7.38785459475e-08, "var": 1.65132132679e-05}, "spectral_rolloff": {"dmean": 149.854309082, "dmean2": 263.631469727, "dvar": 274550.8125, "dvar2": 604255.75, "max": 18949.21875, "mean": 262.117767334, "median": 150.732421875, "min": 64.599609375, "var": 249833.609375}, "spectral_skewness": {"dmean": 0.317121773958, "dmean2": 0.462934076786, "dvar": 0.129768267274, "dvar2": 0.243552744389, "max": 4.82703256607, "mean": 1.72537994385, "median": 1.65584683418, "min": 0.403086185455, "var": 0.323992550373}, "spectral_spread": {"dmean": 1517634, "dmean2": 1972789, "dvar": 2465792786430.0, "dvar2": 3178546593790.0, "max": 14759594, "mean": 6399014.5, "median": 6687088.5, "min": 1939528.75, "var": 6587602698240.0}, "spectral_strongpeak": {"dmean": 0.213087156415, "dmean2": 0.350328922272, "dvar": 0.0810708850622, "dvar2": 0.212549582124, "max": 2.64526772499, "mean": 0.759612679482, "median": 0.759803771973, "min": 0, "var": 0.140093192458}, "zerocrossingrate": {"dmean": 0.00986164156348, "dmean2": 0.0120709277689, "dvar": 0.000132430635858, "dvar2": 0.000171715611941, "max": 0.47607421875, "mean": 0.0340511538088, "median": 0.029296875, "min": 0.001953125, "var": 0.000518181710504}, "barkbands": {"dmean": [0.00786175951362, 0.0437832809985, 0.00544825382531, 0.0031038003508, 0.00197363062762, 0.000794620777015, 0.000539210392162, 0.000432942266343, 0.000328764785081, 0.00037475823774, 0.000497608562, 0.000297700171359, 0.000405103637604, 0.000557207153179, 0.000182228468475, 0.000173437932972, 0.000150510211824, 0.000103774254967, 0.00020066567231, 0.000255157996435, 0.00030422481359, 0.000167403093656, 0.00022794349934, 0.000280832551653, 0.000510997895617, 0.000134848552989, 2.34152321354e-05], "dmean2": [0.012871991843, 0.0688192769885, 0.00926482863724, 0.00476579088718, 0.00308903865516, 0.00131562084425, 0.000743908982258, 0.000646986358333, 0.000517580949236, 0.000627611123491, 0.000832989171613, 0.000465779128717, 0.000685914128553, 0.000969987770077, 0.000292675918899, 0.000299949053442, 0.000254414597293, 0.000162878190167, 0.000346450746292, 0.000467706326162, 0.000540668668691, 0.000260489643551, 0.000379513163352, 0.000412191846408, 0.000758509791922, 0.000195514177904, 3.97334442823e-05], "dvar": [0.000331738061504, 0.00525747053325, 0.000130733213155, 4.04813690693e-05, 1.58568218467e-05, 1.34526067086e-06, 8.74721536093e-07, 6.22348181878e-07, 6.11957887031e-07, 1.11317081064e-06, 6.17999774022e-07, 3.43346414411e-07, 5.412348969e-07, 8.85910139914e-07, 1.4423453365e-07, 1.08309215818e-07, 6.4551464618e-08, 3.03674063673e-08, 3.41568323847e-07, 4.43403649797e-07, 5.88704040183e-07, 1.18025084817e-07, 3.43790674151e-07, 2.12335379501e-07, 6.16444651769e-07, 5.54056462931e-08, 3.19574833263e-09], "dvar2": [0.000845518196002, 0.0133330496028, 0.000367040542187, 0.000105166625872, 3.87605177821e-05, 3.82460984838e-06, 1.54068084157e-06, 1.31066826725e-06, 1.50237906382e-06, 3.1408499126e-06, 1.70682437783e-06, 8.47016451644e-07, 1.64340553965e-06, 2.63924425781e-06, 4.09054592865e-07, 3.09148930455e-07, 1.83998068337e-07, 7.42073211768e-08, 9.67740902524e-07, 1.26437737435e-06, 1.63828633504e-06, 2.89624722427e-07, 9.54430447564e-07, 4.39211078174e-07, 1.29620025291e-06, 1.23785397932e-07, 8.88638940211e-09], "max": [0.220302611589, 0.756220042706, 0.139247000217, 0.0990575924516, 0.0599328130484, 0.0145998056978, 0.0141839515418, 0.0156547445804, 0.0131414048374, 0.0150491287932, 0.00948022399098, 0.00823183078319, 0.00861688144505, 0.00820564106107, 0.00624217186123, 0.00554730789736, 0.003162127221, 0.00198729336262, 0.00912668183446, 0.00684596644714, 0.00820194743574, 0.00549620715901, 0.00797253102064, 0.00762122776359, 0.0086328284815, 0.00232027843595, 0.000564929505344], "mean": [0.0117391226813, 0.114579930902, 0.00861295871437, 0.00750893261284, 0.00518000358716, 0.00212530349381, 0.00160707661416, 0.000844499387313, 0.000970326305833, 0.000618272577412, 0.000950428366195, 0.000789321202319, 0.000737401947845, 0.000839855754748, 0.000358269811841, 0.000268673175015, 0.000289576040814, 0.000211107049836, 0.00026007933775, 0.000249802193139, 0.000305250578094, 0.000235390558373, 0.00027986933128, 0.000396965479013, 0.000571620126721, 0.000188528705621, 2.77280287264e-05], "median": [0.00525684701279, 0.0967660024762, 0.00444754585624, 0.00458356365561, 0.00373657001182, 0.00156307045836, 0.000845156726427, 0.000331707677105, 0.000326472043525, 0.000248822499998, 0.000632816459984, 0.000240085093537, 0.00038911117008, 0.000436013273429, 0.00018126363284, 0.000158947514137, 0.000165505625773, 0.000135634123581, 0.00013641314581, 7.19138843124e-05, 8.1545629655e-05, 5.97159232711e-05, 7.14893540135e-05, 0.000125571299577, 0.00020223564934, 6.65205152472e-05, 6.3069837779e-06], "min": [1.88734051716e-13, 4.09129652899e-14, 3.96101744069e-15, 7.21375609529e-15, 1.52212091672e-14, 1.20033174481e-14, 1.01883748698e-14, 3.51591221482e-15, 3.96380553434e-14, 2.94898010362e-14, 4.51050567068e-14, 2.51764788759e-14, 4.06434495705e-14, 3.87209321139e-14, 6.19102615311e-14, 6.01180821162e-14, 4.54555792691e-14, 2.12908737949e-13, 7.77496014619e-14, 2.0100411678e-13, 1.70762777291e-13, 2.50429641217e-13, 3.72664084921e-13, 3.6693461854e-13, 6.49300166584e-13, 8.79832881898e-13, 1.34047569052e-12], "var": [0.000340743630659, 0.00883754529059, 0.000140768723213, 7.15370042599e-05, 2.48498054134e-05, 3.27792145072e-06, 4.27313125329e-06, 1.91558751794e-06, 2.27829400501e-06, 1.13024179882e-06, 1.08796064069e-06, 1.15850014026e-06, 8.72962118592e-07, 1.22437370464e-06, 2.37414340631e-07, 1.38907481073e-07, 1.09789873193e-07, 5.59598092309e-08, 2.42548594542e-07, 3.05281218971e-07, 4.32629718716e-07, 1.94982916923e-07, 3.33844582201e-07, 4.36034895301e-07, 7.83113819125e-07, 8.95341898399e-08, 2.95089153113e-09]}, "erbbands": {"dmean": [1.71306204796, 8.36017036438, 6.47407627106, 9.22912120819, 8.45943641663, 5.23890256882, 4.2321805954, 7.7037935257, 7.25465679169, 10.8354167938, 5.95077848434, 8.05235385895, 8.63063144684, 14.2219562531, 21.2030124664, 10.8189678192, 17.7235164642, 27.4881343842, 14.4712371826, 9.19095420837, 9.04240703583, 6.57274675369, 6.54470920563, 7.10142660141, 12.4639387131, 11.8477363586, 12.4519577026, 10.0839576721, 5.90092039108, 6.36331796646, 6.41154527664, 5.93087768555, 5.25725650787, 5.08334732056, 4.00659751892, 0.849940955639, 0.230773389339, 0.0424171499908, 0.00472388695925, 0.000187297046068], "dmean2": [2.66093993187, 13.2683486938, 10.8109560013, 14.4004659653, 13.2172079086, 8.36051654816, 6.68688344955, 12.8807907104, 10.0184621811, 16.4427185059, 8.68676567078, 12.4661426544, 14.4373083115, 23.9579753876, 35.5838508606, 17.1021671295, 30.0448970795, 48.3241500854, 23.8716316223, 15.602347374, 15.5866289139, 10.9789657593, 10.2227325439, 11.5119810104, 22.2710380554, 21.6146373749, 22.6324748993, 17.4895057678, 9.46243476868, 10.086148262, 10.6103496552, 8.5651922226, 8.16490745544, 7.31242132187, 6.18660593033, 1.21393096447, 0.342551499605, 0.0662601590157, 0.00810016039759, 0.000306362257106], "dvar": [7.28492498398, 221.457565308, 158.137817383, 334.686676025, 252.879241943, 101.16721344, 37.4732322693, 138.801361084, 161.854904175, 391.899597168, 142.76600647, 335.684448242, 597.772399902, 1250.1060791, 1045.22741699, 310.670623779, 1096.73339844, 2255.07324219, 662.979736328, 428.21762085, 221.230728149, 124.112373352, 115.129936218, 177.151428223, 1699.43652344, 929.080993652, 1113.91271973, 622.133483887, 158.996627808, 194.972000122, 284.284332275, 140.823379517, 73.1678695679, 64.9557647705, 40.9380073547, 1.61814665794, 0.188236728311, 0.00859876908362, 0.000139428084367, 1.62270524129e-07], "dvar2": [18.7009124756, 557.974060059, 430.631835938, 872.432922363, 634.135803223, 257.866882324, 94.3919906616, 420.959259033, 286.147125244, 884.934326172, 261.000396729, 773.780395508, 1664.4263916, 3528.44921875, 2871.49389648, 739.377868652, 3294.52709961, 6879.71044922, 1907.61804199, 1202.42248535, 623.505187988, 338.342102051, 278.576507568, 462.283721924, 4843.74462891, 2648.53857422, 3157.17651367, 1709.51696777, 414.688537598, 508.248168945, 784.285644531, 302.861907959, 164.697189331, 134.328887939, 90.1783981323, 3.37915658951, 0.442684739828, 0.0223236326128, 0.000386870582588, 4.38002558667e-07], "max": [24.849817276, 164.752807617, 142.370315552, 249.919540405, 213.636108398, 172.756820679, 109.777633667, 169.296844482, 217.252731323, 366.876953125, 326.142333984, 368.906585693, 366.06918335, 523.183288574, 409.08203125, 316.926177979, 382.23526001, 445.202606201, 380.376464844, 484.332092285, 162.529983521, 150.186218262, 148.888259888, 173.022399902, 606.595581055, 319.215606689, 342.356689453, 303.885040283, 214.026672363, 200.200637817, 243.248245239, 245.717224121, 82.2268753052, 92.8862609863, 61.6978034973, 12.4822797775, 4.87383413315, 1.11980414391, 0.127051994205, 0.00429754611105], "mean": [4.92350769043, 19.1738319397, 11.8744268417, 22.0261249542, 21.3687858582, 13.6558904648, 12.846124649, 19.5477104187, 24.6413822174, 23.4743041992, 15.0042171478, 25.8033103943, 16.1447162628, 24.5166854858, 44.2849006653, 32.4765281677, 36.2708320618, 42.8832435608, 27.997592926, 16.1188716888, 15.9714813232, 12.8850975037, 13.688451767, 12.8157453537, 13.1279287338, 11.7568473816, 11.3982019424, 11.5248527527, 8.00148487091, 8.17487430573, 7.88883066177, 8.79127216339, 6.88853883743, 6.61211776733, 3.79147863388, 1.02441132069, 0.327025085688, 0.0606768727303, 0.00525637622923, 0.000340675906045], "median": [3.98629426956, 13.7172889709, 8.12559127808, 12.9833202362, 15.1854248047, 10.950876236, 10.5703220367, 13.6788272858, 14.2702198029, 12.6574716568, 7.6226348877, 8.34539604187, 7.78619384766, 12.2082824707, 34.0143966675, 17.2706184387, 22.1323394775, 24.8898391724, 18.0017814636, 9.9951915741, 11.7704906464, 7.87531852722, 9.13446235657, 8.23858261108, 6.03331661224, 3.70310688019, 3.14577913284, 2.94316267967, 1.86662209034, 2.46267771721, 2.04379606247, 2.19163918495, 2.4817097187, 2.38264274597, 1.0321739912, 0.375749230385, 0.116221904755, 0.0156134869903, 0.00120247667655, 0.000236605745158], "min": [2.40626442383e-12, 6.5683600052e-12, 5.29782901576e-12, 1.7183192369e-11, 3.69589775451e-11, 4.85869088018e-11, 8.25649895675e-11, 9.17382766974e-11, 1.1947774714e-10, 9.51892800694e-11, 1.52333937131e-10, 9.25741872049e-10, 7.21872228659e-10, 1.73651593105e-09, 1.31414468196e-09, 1.18685594686e-09, 2.19864437767e-09, 1.76418302189e-09, 3.32862848396e-09, 2.11090100954e-09, 4.03424582629e-09, 3.41703265683e-09, 1.19424807821e-08, 6.10526607048e-09, 3.95891097682e-09, 8.53756620955e-09, 1.03389083961e-08, 6.32010310753e-09, 1.09421671723e-08, 8.21065881951e-09, 1.0704459541e-08, 6.93425361575e-09, 7.61422924711e-09, 6.64587940236e-09, 4.3519685633e-09, 3.26250026994e-09, 1.77505254939e-09, 6.57470244914e-10, 1.94472743464e-10, 1.90525234478e-11], "var": [16.5236186981, 344.563537598, 164.957061768, 587.397705078, 408.327636719, 131.701187134, 93.3907165527, 329.115203857, 856.210083008, 1098.24047852, 582.823974609, 1638.27587891, 633.84576416, 1288.40942383, 1968.08081055, 1464.6640625, 1847.87744141, 3039.97338867, 1094.23828125, 547.674499512, 268.974700928, 185.829315186, 228.282669067, 225.580505371, 1068.23937988, 670.474060059, 727.099182129, 541.055419922, 233.850921631, 247.979431152, 275.041870117, 298.758300781, 110.831886292, 100.882148743, 42.8695983887, 2.40753889084, 0.276270270348, 0.0116469087079, 0.000115760187327, 1.50316367353e-07]}, "gfcc": {"mean": [53.3251113892, 92.0880508423, -69.4505691528, 37.2801742554, -32.1926460266, 30.956401825, -29.207408905, 14.0431184769, -21.7433433533, 9.15075206757, -6.19507312775, 4.71268177032, -7.65032243729], "cov": [[4329.83203125, -1471.43103027, 191.897720337, 70.9114456177, -365.257141113, 304.028625488, -117.847480774, 208.329071045, -56.2959327698, 301.604309082, -99.8891220093, 117.945075989, -90.7784881592], [-1471.43103027, 1531.04003906, -568.63494873, -255.555343628, 406.009429932, -273.191802979, 111.368370056, -194.325897217, 99.6030807495, -148.653900146, 188.106674194, -91.8184280396, 60.6828765869], [191.897720337, -568.63494873, 614.676574707, 197.113769531, -239.020446777, 122.335220337, -46.5398139954, 126.759361267, -40.8863792419, -16.8830547333, -105.824241638, 43.7167167664, 35.9021530151], [70.9114456177, -255.555343628, 197.113769531, 210.096572876, -42.3094711304, -33.8786201477, 30.4189453125, 4.57379388809, -5.61379671097, -34.546710968, -49.3128852844, 15.3248500824, 23.4091415405], [-365.257141113, 406.009429932, -239.020446777, -42.3094711304, 205.525222778, -66.8315048218, 39.1569252014, -54.7845230103, 38.6837005615, -20.0584697723, 76.8571090698, -16.1414337158, 22.250617981], [304.028625488, -273.191802979, 122.335220337, -33.8786201477, -66.8315048218, 161.986419678, -41.1415557861, 70.2015380859, -26.255197525, 60.9242591858, -17.8136558533, 25.7205619812, -12.1423912048], [-117.847480774, 111.368370056, -46.5398139954, 30.4189453125, 39.1569252014, -41.1415557861, 112.724189758, -28.4879055023, 24.9721317291, -31.8201141357, 16.5065402985, -14.920545578, 14.1275501251], [208.329071045, -194.325897217, 126.759361267, 4.57379388809, -54.7845230103, 70.2015380859, -28.4879055023, 136.778076172, -5.29217290878, 27.0718898773, -19.6861419678, 22.4852638245, 15.1361351013], [-56.2959327698, 99.6030807495, -40.8863792419, -5.61379671097, 38.6837005615, -26.255197525, 24.9721317291, -5.29217290878, 72.3150482178, 11.0764408112, 28.2928562164, -6.5194144249, 1.33861815929], [301.604309082, -148.653900146, -16.8830547333, -34.546710968, -20.0584697723, 60.9242591858, -31.8201141357, 27.0718898773, 11.0764408112, 100.067153931, 23.5975780487, 10.7305164337, -22.0438919067], [-99.8891220093, 188.106674194, -105.824241638, -49.3128852844, 76.8571090698, -17.8136558533, 16.5065402985, -19.6861419678, 28.2928562164, 23.5975780487, 92.797492981, 22.132062912, 6.36865615845], [117.945075989, -91.8184280396, 43.7167167664, 15.3248500824, -16.1414337158, 25.7205619812, -14.920545578, 22.4852638245, -6.5194144249, 10.7305164337, 22.132062912, 67.2797698975, 27.0869197845], [-90.7784881592, 60.6828765869, 35.9021530151, 23.4091415405, 22.250617981, -12.1423912048, 14.1275501251, 15.1361351013, 1.33861815929, -22.0438919067, 6.36865615845, 27.0869197845, 65.3182754517]], "icov": [[0.00042530320934, 0.000265747046797, 0.000591581803747, -0.00034548426629, 0.000680010125507, -0.000301580759697, 2.00846170628e-06, -0.000236486390349, -0.000138301926199, -0.000521929236129, -3.20352410199e-05, -0.000174495216925, -0.000188317673746], [0.000265747046797, 0.00822903867811, -0.00392271066085, 0.0129588665441, -0.00967135280371, 0.00866379868239, -0.00115761603229, 0.00333220884204, -0.00149116106331, 0.00646744342521, -0.00569428503513, 0.006131360773, -0.00515476707369], [0.000591581803747, -0.00392271066085, 0.0146178817376, -0.0188887529075, 0.0193350426853, -0.0157988686115, 0.00695181638002, -0.00456916261464, -0.00341343553737, 0.00523514952511, -0.00731877749786, 0.00612253881991, -0.006755576469], [-0.00034548426629, 0.0129588665441, -0.0188887529075, 0.0404887869954, -0.0298381205648, 0.0280460603535, -0.0110270343721, 0.00799362082034, 0.00141749286558, 0.00108880805783, 0.00738182663918, -0.00440520653501, 0.000708313891664], [0.000680010125507, -0.00967135280371, 0.0193350426853, -0.0298381205648, 0.0390405617654, -0.0236308425665, 0.00948548037559, -0.00555863091722, -0.00456029130146, 0.00403133220971, -0.0145117016509, 0.00977548118681, -0.00964428298175], [-0.000301580759697, 0.00866379868239, -0.0157988686115, 0.0280460603535, -0.0236308425665, 0.0327618308365, -0.00873922836035, 0.00207626144402, 0.00585050741211, -0.0079001262784, 0.00855803489685, -0.00771524896845, 0.00529256276786], [2.00846170628e-06, -0.00115761603229, 0.00695181638002, -0.0110270343721, 0.00948548037559, -0.00873922836035, 0.0168551634997, -0.00028262817068, -0.00547490874305, 0.00864835456014, -0.0106916474178, 0.01048814971, -0.00750275840983], [-0.000236486390349, 0.00333220884204, -0.00456916261464, 0.00799362082034, -0.00555863091722, 0.00207626144402, -0.00028262817068, 0.0132643440738, -0.00204040016979, 0.000570868898649, 0.000470563856652, 0.000940931553487, -0.00471245637164], [-0.000138301926199, -0.00149116106331, -0.00341343553737, 0.00141749286558, -0.00456029130146, 0.00585050741211, -0.00547490874305, -0.00204040016979, 0.0207651481032, -0.00896363053471, 0.00143028260209, -0.00252730539069, 0.00431728782132], [-0.000521929236129, 0.00646744342521, 0.00523514952511, 0.00108880805783, 0.00403133220971, -0.0079001262784, 0.00864835456014, 0.000570868898649, -0.00896363053471, 0.0334732718766, -0.0224903486669, 0.016168853268, -0.00787807349116], [-3.20352410199e-05, -0.00569428503513, -0.00731877749786, 0.00738182663918, -0.0145117016509, 0.00855803489685, -0.0106916474178, 0.000470563856652, 0.00143028260209, -0.0224903486669, 0.0452400147915, -0.0317143984139, 0.0164818577468], [-0.000174495216925, 0.006131360773, 0.00612253881991, -0.00440520653501, 0.00977548118681, -0.00771524896845, 0.01048814971, 0.000940931553487, -0.00252730539069, 0.016168853268, -0.0317143984139, 0.0456684269011, -0.0253135375679], [-0.000188317673746, -0.00515476707369, -0.006755576469, 0.000708313891664, -0.00964428298175, 0.00529256276786, -0.00750275840983, -0.00471245637164, 0.00431728782132, -0.00787807349116, 0.0164818577468, -0.0253135375679, 0.0364232696593]]}, "melbands": {"dmean": [0.0138975279406, 0.00546911219135, 0.00144253403414, 0.000509738980327, 0.000145973142935, 0.000165002042195, 0.000110557928565, 0.000118535572255, 4.47646780231e-05, 5.06538563059e-05, 4.42150230811e-05, 5.80058367632e-05, 6.78248979966e-05, 4.4210224587e-05, 3.08379749185e-05, 4.00805183745e-05, 5.78061990382e-05, 2.68708827207e-05, 1.26238664961e-05, 1.35645695991e-05, 1.09716056613e-05, 7.69664802647e-06, 6.4624573497e-06, 5.34473610969e-06, 5.86865917285e-06, 8.03155580797e-06, 9.44238217926e-06, 7.7337390394e-06, 7.77891273174e-06, 8.35142782307e-06, 5.00653095514e-06, 3.13937857754e-06, 3.70504653802e-06, 3.60516241926e-06, 4.03066724175e-06, 3.3799888115e-06, 3.60342232852e-06, 3.88624084735e-06, 3.2330403883e-06, 4.98495637657e-06], "dmean2": [0.0217861235142, 0.00872482452542, 0.00224208901636, 0.00080092146527, 0.000227788172197, 0.000272846897133, 0.000151655505761, 0.00018017043476, 6.600060442e-05, 7.91907150415e-05, 7.41137628211e-05, 9.74276481429e-05, 0.000113535257697, 7.1813185059e-05, 4.97930559504e-05, 6.89913940732e-05, 0.000101466692286, 4.45432633569e-05, 2.0736373699e-05, 2.32766742556e-05, 1.90392638615e-05, 1.30842227009e-05, 1.0263126569e-05, 8.4419743871e-06, 9.46006639424e-06, 1.42823646456e-05, 1.70029288711e-05, 1.42213266372e-05, 1.43963370647e-05, 1.48139615703e-05, 8.68738879944e-06, 5.02086095366e-06, 5.85770931139e-06, 5.8839709709e-06, 6.74483862895e-06, 5.43606211068e-06, 5.31833165951e-06, 6.11353107161e-06, 4.98086683365e-06, 7.22711820345e-06], "dvar": [0.000500509573612, 8.78352002474e-05, 7.9998972069e-06, 1.09435075046e-06, 4.16994758723e-08, 6.02561911478e-08, 3.64594541225e-08, 4.4789267406e-08, 8.18790280022e-09, 1.41532252584e-08, 1.58728319377e-08, 2.26205472131e-08, 1.05882023149e-08, 6.33711927378e-09, 3.85123177793e-09, 6.22778406623e-09, 1.09985487384e-08, 2.90597235164e-09, 7.86884613024e-10, 8.36630376089e-10, 3.6188652075e-10, 2.00725477906e-10, 8.97614135797e-11, 8.37689084765e-11, 1.09108909407e-10, 6.95298096876e-10, 8.21523016281e-10, 3.70470459865e-10, 4.59198429281e-10, 4.49048215279e-10, 1.61717944591e-10, 4.46455615533e-11, 5.66125757384e-11, 6.49465620173e-11, 1.02000137503e-10, 7.25348947572e-11, 5.77598906204e-11, 3.8755412074e-11, 2.82628781489e-11, 6.1869218082e-11], "dvar2": [0.00127977668308, 0.000213882914977, 2.11515980482e-05, 2.69924612439e-06, 1.04427911651e-07, 1.7743583669e-07, 6.32954169077e-08, 1.02151069825e-07, 1.52369317163e-08, 3.39555192852e-08, 4.42973231429e-08, 6.39017443405e-08, 2.89577286594e-08, 1.57150008562e-08, 1.10354951843e-08, 1.92493381235e-08, 3.35305259114e-08, 8.363108428e-09, 2.20703277876e-09, 2.41634778853e-09, 1.02872277363e-09, 5.62789093106e-10, 2.15298265327e-10, 2.06598488317e-10, 2.75220291002e-10, 1.97924499012e-09, 2.3362471957e-09, 1.05934438999e-09, 1.3096457252e-09, 1.25657617644e-09, 4.46587794523e-10, 1.12490981807e-10, 1.41405137599e-10, 1.72235267715e-10, 2.78392614517e-10, 1.84749160415e-10, 1.28774588215e-10, 9.19510925734e-11, 6.28065932595e-11, 1.23778723382e-10], "max": [0.218101680279, 0.100679509342, 0.0410930141807, 0.0159697066993, 0.00363857205957, 0.00336219579913, 0.00330097950064, 0.00358308665454, 0.0024855544325, 0.00200126459822, 0.00190159957856, 0.00216828775592, 0.00120078981854, 0.00114442757331, 0.000794563675299, 0.00115289329551, 0.00102048320696, 0.000606218643952, 0.000539125932846, 0.000524688221049, 0.000234165781876, 0.000184628006537, 0.00015461431758, 8.76834601513e-05, 0.00012143249478, 0.000394779490307, 0.000365725049051, 0.000192003586562, 0.000223087408813, 0.000251984078204, 0.000176397821633, 0.000119954958791, 0.000121824145026, 0.000105816230644, 0.000145884594531, 0.000114211099572, 0.000162592885317, 6.64688195684e-05, 5.72774006287e-05, 9.16307108128e-05], "mean": [0.0375086329877, 0.0125260557979, 0.00371862272732, 0.00127691368107, 0.000472013402032, 0.000434263114585, 0.000368358654669, 0.000247294665314, 0.000124681959278, 0.0001533934701, 7.6421580161e-05, 9.41874168348e-05, 0.000133040608489, 0.000111434099381, 7.38848975743e-05, 7.15862406651e-05, 8.53867968544e-05, 4.80627022625e-05, 2.30557270697e-05, 2.23458227993e-05, 1.80751467269e-05, 1.38928862725e-05, 1.31230463012e-05, 1.09197972051e-05, 1.03708944152e-05, 8.5881947598e-06, 9.05694105313e-06, 7.5973453022e-06, 6.61269996272e-06, 8.32101886772e-06, 5.95024403083e-06, 4.23752726419e-06, 4.88280647915e-06, 4.42192640548e-06, 4.61871741209e-06, 4.84224983666e-06, 5.35947492608e-06, 4.94134155815e-06, 4.2827755351e-06, 6.23607320449e-06], "median": [0.0316908508539, 0.00899886898696, 0.00255226902664, 0.000923303538002, 0.000393023365177, 0.000311016890919, 0.000212101032957, 0.000132980931085, 5.10585996381e-05, 5.21267174918e-05, 3.28690075548e-05, 4.24983300036e-05, 9.80701297522e-05, 6.95305352565e-05, 3.55513184331e-05, 3.56389027729e-05, 4.23593264713e-05, 2.65101552941e-05, 1.06396437332e-05, 1.04253913378e-05, 1.05623857962e-05, 6.68871689413e-06, 8.81790856511e-06, 6.24910444458e-06, 6.15914314039e-06, 3.43477563547e-06, 2.92464710583e-06, 1.93827099793e-06, 1.47442858633e-06, 2.4065307116e-06, 1.31118827085e-06, 7.90307240095e-07, 1.41546115628e-06, 1.34608626468e-06, 1.24683253944e-06, 9.50904393449e-07, 1.33507376177e-06, 1.81002064892e-06, 1.54948588715e-06, 2.11906080949e-06], "min": [2.52505078614e-14, 4.25017712471e-15, 3.21129333249e-15, 3.38765914463e-15, 2.83328836263e-15, 2.25120732128e-15, 1.85540174228e-15, 8.53210887934e-16, 1.56533298015e-15, 6.24832064751e-15, 3.41446371401e-15, 6.84035263192e-15, 5.46427222318e-15, 1.94500279326e-15, 5.04143972865e-15, 3.99704641062e-15, 3.04049316208e-15, 5.14715918135e-15, 4.25575356612e-15, 2.38615555164e-15, 4.94842577017e-15, 2.68262936516e-15, 7.41690339516e-15, 1.09444652776e-14, 4.38568587913e-15, 2.55602292702e-15, 3.19376292685e-15, 6.43339565241e-15, 7.7314279043e-15, 3.63829661724e-15, 3.23808837274e-15, 6.5720477461e-15, 4.03903510437e-15, 5.03186783283e-15, 5.89468396851e-15, 5.44559895834e-15, 4.13151331452e-15, 5.65539377278e-15, 5.66366123786e-15, 5.67494752837e-15], "var": [0.000908923742827, 0.000133351160912, 1.30648113554e-05, 1.55765849286e-06, 1.16965551911e-07, 1.52038680312e-07, 1.94853583935e-07, 1.22747294995e-07, 4.18126653301e-08, 5.6017654515e-08, 1.65913309758e-08, 2.27349321591e-08, 1.92523916809e-08, 1.68761538077e-08, 8.6861406956e-09, 9.04329144902e-09, 1.46376235577e-08, 4.44484005158e-09, 1.21788690244e-09, 1.23010490682e-09, 4.53362375419e-10, 3.07772418662e-10, 2.07500863714e-10, 1.56437640619e-10, 1.60671975724e-10, 4.48009684906e-10, 5.21692633537e-10, 2.86761475676e-10, 2.86197343602e-10, 3.24333587765e-10, 1.51033283102e-10, 7.29728291682e-11, 7.73237654461e-11, 7.66276556097e-11, 1.00774111278e-10, 9.90195841988e-11, 1.15268017353e-10, 5.60763865898e-11, 4.46317184599e-11, 9.39501185182e-11]}, "mfcc": {"mean": [-609.086975098, 129.359619141, 31.2588272095, 25.449514389, 26.4010982513, 18.2002277374, 17.903459549, 7.45904588699, 3.64506435394, 2.27208518982, 5.95504140854, 6.40680551529, 3.93083453178], "cov": [[3935.05688477, -1229.68591309, 142.657546997, -202.393692017, -114.29826355, 73.2057876587, -37.0886802673, -61.6219177246, 45.8059043884, 70.9125823975, 92.996307373, 59.8553276062, 112.208976746], [-1229.68591309, 1414.00756836, -652.07208252, 7.05801677704, 77.4481582642, -32.8197059631, 32.7069015503, -39.5933189392, -95.361366272, -50.7809791565, 18.5662250519, 47.6009407043, -22.4544734955], [142.657546997, -652.07208252, 724.732116699, 8.33336353302, -14.1345777512, -31.6955356598, -18.8777770996, 81.672996521, 86.4607849121, 25.8044204712, -50.3896636963, -59.0752220154, -19.5215930939], [-202.393692017, 7.05801677704, 8.33336353302, 243.270751953, -14.1876153946, 0.616142749786, -15.2670850754, 21.8314876556, 20.1303100586, -3.37085032463, -45.1090354919, -38.484539032, -23.2130699158], [-114.29826355, 77.4481582642, -14.1345777512, -14.1876153946, 110.71144104, -9.28418540955, -1.07937097549, 0.221363857388, 0.714029729366, -7.01529455185, 7.07094287872, 9.06404972076, 17.6341342926], [73.2057876587, -32.8197059631, -31.6955356598, 0.616142749786, -9.28418540955, 81.7336120605, 10.4597940445, -21.9022312164, -17.1569595337, 3.2812435627, 4.6457233429, 8.76174545288, 11.6813497543], [-37.0886802673, 32.7069015503, -18.8777770996, -15.2670850754, -1.07937097549, 10.4597940445, 69.0571975708, 15.7515983582, -0.314826101065, -2.17798137665, -2.655179739, 4.44548606873, 9.87476444244], [-61.6219177246, -39.5933189392, 81.672996521, 21.8314876556, 0.221363857388, -21.9022312164, 15.7515983582, 76.3492431641, 34.3471603394, -6.7844285965, -19.7732124329, -20.2628860474, -13.2711181641], [45.8059043884, -95.361366272, 86.4607849121, 20.1303100586, 0.714029729366, -17.1569595337, -0.314826101065, 34.3471603394, 68.8263320923, 20.8207397461, -8.47463512421, -23.1896800995, -18.7305469513], [70.9125823975, -50.7809791565, 25.8044204712, -3.37085032463, -7.01529455185, 3.2812435627, -2.17798137665, -6.7844285965, 20.8207397461, 57.7031860352, 26.7736854553, 10.4973869324, -8.88235569], [92.996307373, 18.5662250519, -50.3896636963, -45.1090354919, 7.07094287872, 4.6457233429, -2.655179739, -19.7732124329, -8.47463512421, 26.7736854553, 71.9190826416, 40.7574043274, 11.0920982361], [59.8553276062, 47.6009407043, -59.0752220154, -38.484539032, 9.06404972076, 8.76174545288, 4.44548606873, -20.2628860474, -23.1896800995, 10.4973869324, 40.7574043274, 65.8455276489, 33.6143379211], [112.208976746, -22.4544734955, -19.5215930939, -23.2130699158, 17.6341342926, 11.6813497543, 9.87476444244, -13.2711181641, -18.7305469513, -8.88235569, 11.0920982361, 33.6143379211, 75.4315795898]], "icov": [[0.000457809132058, 0.000538614578545, 0.000406563369324, 0.000319355807733, 0.000273975805612, -3.22509117723e-06, 0.000211815335206, 0.000101739453385, -0.000364597886801, -4.85660857521e-05, -0.000147017810377, -8.61784646986e-05, -0.000426797487307], [0.000538614578545, 0.00214177044109, 0.00177659105975, 0.000267212017206, -0.000695066177286, 0.00102148985025, -0.000308455637423, -0.000343072140822, 0.000694425019901, 6.90904053045e-05, 0.000520666828379, -0.000957681157161, 0.000893449352589], [0.000406563369324, 0.00177659105975, 0.00338838086464, 0.000720513868146, -0.000415084621636, 0.000844754162244, 0.000794249586761, -0.0019666638691, -0.000414204172557, -0.00138483685441, 0.0017201686278, 0.000120373289974, -3.35696131515e-05], [0.000319355807733, 0.000267212017206, 0.000720513868146, 0.00535192806274, 0.000557367573492, -0.00081028387649, 0.00190018792637, -0.00131906196475, -0.000759632210247, -0.00149878684897, 0.00299533689395, 0.00107482657768, -0.000332251976943], [0.000273975805612, -0.000695066177286, -0.000415084621636, 0.000557367573492, 0.0106225674972, 0.000462759431684, 0.000946922926232, 0.000395036739064, -0.00250229029916, 0.00166934076697, -0.00165689620189, 0.000419838179369, -0.00352801848203], [-3.22509117723e-06, 0.00102148985025, 0.000844754162244, -0.00081028387649, 0.000462759431684, 0.0151494732127, -0.00343402917497, 0.00349338189699, 0.00296514807269, -0.00151674391236, 0.000655410811305, -1.47106857185e-05, -0.000644073355943], [0.000211815335206, -0.000308455637423, 0.000794249586761, 0.00190018792637, 0.000946922926232, -0.00343402917497, 0.0178538039327, -0.00642068171874, 0.000204742551432, -0.0019646845758, 0.0019349475624, -0.000207558841794, -0.00314559438266], [0.000101739453385, -0.000343072140822, -0.0019666638691, -0.00131906196475, 0.000395036739064, 0.00349338189699, -0.00642068171874, 0.023122176528, -0.0103040402755, 0.0068025989458, 0.00021957194258, -0.001128511969, 0.00181987835094], [-0.000364597886801, 0.000694425019901, -0.000414204172557, -0.000759632210247, -0.00250229029916, 0.00296514807269, 0.000204742551432, -0.0103040402755, 0.0288025643677, -0.0122059844434, 0.000624009175226, 0.00683295913041, 0.00127225986216], [-4.85660857521e-05, 6.90904053045e-05, -0.00138483685441, -0.00149878684897, 0.00166934076697, -0.00151674391236, -0.0019646845758, 0.0068025989458, -0.0122059844434, 0.0300063136965, -0.0107669113204, -0.00479062832892, 0.00479239365086], [-0.000147017810377, 0.000520666828379, 0.0017201686278, 0.00299533689395, -0.00165689620189, 0.000655410811305, 0.0019349475624, 0.00021957194258, 0.000624009175226, -0.0107669113204, 0.0290975607932, -0.0143923079595, 0.00283376639709], [-8.61784646986e-05, -0.000957681157161, 0.000120373289974, 0.00107482657768, 0.000419838179369, -1.47106857185e-05, -0.000207558841794, -0.001128511969, 0.00683295913041, -0.00479062832892, -0.0143923079595, 0.0346363559365, -0.0122481491417], [-0.000426797487307, 0.000893449352589, -3.35696131515e-05, -0.000332251976943, -0.00352801848203, -0.000644073355943, -0.00314559438266, 0.00181987835094, 0.00127225986216, 0.00479239365086, 0.00283376639709, -0.0122481491417, 0.0216250866652]]}, "spectral_contrast_coeffs": {"dmean": [0.0381112247705, 0.0415421910584, 0.0383380576968, 0.0434081368148, 0.0284351501614, 0.0206434186548], "dmean2": [0.0621857456863, 0.0670221671462, 0.0597703680396, 0.0668710321188, 0.0438999272883, 0.0343144983053], "dvar": [0.00118606316391, 0.00138826027978, 0.00112498318776, 0.00173817318864, 0.000745317200199, 0.000287119561108], "dvar2": [0.00311255687848, 0.00346130155958, 0.00259085302241, 0.00377945718355, 0.00153697212227, 0.000605070497841], "max": [-0.476153105497, -0.471369147301, -0.514383018017, -0.490584462881, -0.587378978729, -0.696546316147], "mean": [-0.701708137989, -0.694248020649, -0.713694393635, -0.694806694984, -0.752780795097, -0.783436894417], "median": [-0.703534007072, -0.696285247803, -0.706258893013, -0.682043671608, -0.755832135677, -0.782361268997], "min": [-0.927476167679, -0.958670496941, -0.942506015301, -0.938819527626, -0.936848402023, -0.924238622189], "var": [0.0033500387799, 0.00501128332689, 0.00487826112658, 0.00676770647988, 0.00281313247979, 0.000678832933772]}, "spectral_contrast_valleys": {"dmean": [0.251393586397, 0.339281380177, 0.369021624327, 0.470209181309, 0.50416713953, 0.653396487236], "dmean2": [0.413086980581, 0.533211827278, 0.549781382084, 0.692782223225, 0.73012560606, 0.824609577656], "dvar": [0.069264292717, 0.119302883744, 0.144455686212, 0.26572778821, 0.356618076563, 0.515371739864], "dvar2": [0.151301696897, 0.256528109312, 0.293018937111, 0.535016655922, 0.768947541714, 0.890917062759], "max": [-4.53944730759, -4.7007317543, -5.57889080048, -5.5837187767, -5.23492240906, -7.21977758408], "mean": [-5.72628879547, -6.7198200