{"lowlevel": {"average_loudness": 0.95972263813, "barkbands_crest": {"dmean": 2.73905777931, "dmean2": 4.37560653687, "dvar": 7.60410642624, "dvar2": 18.8146743774, "max": 26.9953041077, "mean": 11.97560215, "median": 11.2994194031, "min": 2.86731767654, "var": 24.3443470001}, "barkbands_flatness_db": {"dmean": 0.056037902832, "dmean2": 0.0829106196761, "dvar": 0.00480397650972, "dvar2": 0.00993111263961, "max": 0.944825053215, "mean": 0.344124048948, "median": 0.301533609629, "min": 0.0431079603732, "var": 0.0318715944886}, "barkbands_kurtosis": {"dmean": 18.1374034882, "dmean2": 32.1950416565, "dvar": 159437.90625, "dvar2": 474584.21875, "max": 20907.1015625, "mean": 15.4818372726, "median": 1.8922162056, "min": -1.98119533062, "var": 93521.5859375}, "barkbands_skewness": {"dmean": 0.848504602909, "dmean2": 1.31211149693, "dvar": 1.85291302204, "dvar2": 4.29924488068, "max": 24.5614624023, "mean": 1.28321409225, "median": 1.15353322029, "min": -47.1755332947, "var": 4.21553659439}, "barkbands_spread": {"dmean": 4.68623924255, "dmean2": 7.38023662567, "dvar": 51.8481864929, "dvar2": 109.711761475, "max": 91.2312164307, "mean": 14.0957393646, "median": 11.6741046906, "min": 0.000855732650962, "var": 196.10546875}, "dissonance": {"dmean": 0.0407688841224, "dmean2": 0.067176528275, "dvar": 0.00320741883479, "dvar2": 0.00859733112156, "max": 0.500000059605, "mean": 0.399202227592, "median": 0.438788414001, "min": 0.0164771135896, "var": 0.0107525065541}, "dynamic_complexity": 3.74446821213, "erbbands_crest": {"dmean": 3.4593296051, "dmean2": 5.54024505615, "dvar": 12.3803014755, "dvar2": 28.7888584137, "max": 32.7935295105, "mean": 13.345161438, "median": 12.4889183044, "min": 2.64909005165, "var": 42.6466941833}, "erbbands_flatness_db": {"dmean": 0.0419495292008, "dmean2": 0.0619958788157, "dvar": 0.00254698749632, "dvar2": 0.00514631904662, "max": 0.710223376751, "mean": 0.327292352915, "median": 0.31639623642, "min": 0.0394922830164, "var": 0.014374573715}, "erbbands_kurtosis": {"dmean": 6.3687286377, "dmean2": 10.2289047241, "dvar": 318.441741943, "dvar2": 707.495910645, "max": 426.725982666, "mean": 8.08900928497, "median": 0.0238134860992, "min": -1.88993108273, "var": 668.607299805}, "erbbands_skewness": {"dmean": 0.786498486996, "dmean2": 1.19947504997, "dvar": 1.32006287575, "dvar2": 2.87580418587, "max": 15.7842559814, "mean": 0.646287798882, "median": 0.18872089684, "min": -11.9461307526, "var": 4.11178731918}, "erbbands_spread": {"dmean": 7.35709238052, "dmean2": 11.4727344513, "dvar": 118.155654907, "dvar2": 270.479919434, "max": 145.191848755, "mean": 25.1956253052, "median": 24.3319034576, "min": 0.230093851686, "var": 383.218231201}, "hfc": {"dmean": 6.62273836136, "dmean2": 10.7189807892, "dvar": 119.127883911, "dvar2": 307.106506348, "max": 119.526496887, "mean": 15.4924316406, "median": 13.2884349823, "min": 1.16126747996e-16, "var": 213.851593018}, "melbands_crest": {"dmean": 3.56999826431, "dmean2": 5.70698022842, "dvar": 12.5980577469, "dvar2": 31.4949893951, "max": 38.8578300476, "mean": 17.7501525879, "median": 17.6448783875, "min": 1.55043256283, "var": 43.0420417786}, "melbands_flatness_db": {"dmean": 0.0626309961081, "dmean2": 0.0919276177883, "dvar": 0.00664567295462, "dvar2": 0.0135728353634, "max": 1, "mean": 0.436230391264, "median": 0.384813606739, "min": 0.00298370351084, "var": 0.0499067567289}, "melbands_kurtosis": {"dmean": 11.0867795944, "dmean2": 17.7986717224, "dvar": 788.273132324, "dvar2": 2040.57104492, "max": 712.363586426, "mean": 15.1091375351, "median": 5.07986354828, "min": -1.80982041359, "var": 982.360412598}, "melbands_skewness": {"dmean": 0.92683506012, "dmean2": 1.43665993214, "dvar": 1.60329401493, "dvar2": 3.98876714706, "max": 14.8322029114, "mean": 2.23523402214, "median": 1.83832812309, "min": -1.81821799278, "var": 3.7840731144}, "melbands_spread": {"dmean": 6.75261449814, "dmean2": 10.8392648697, "dvar": 131.064163208, "dvar2": 306.703887939, "max": 155.490615845, "mean": 19.4693393707, "median": 11.7525157928, "min": 0.100161358714, "var": 732.829650879}, "pitch_salience": {"dmean": 0.0838826373219, "dmean2": 0.137532398105, "dvar": 0.00784450396895, "dvar2": 0.0193625204265, "max": 0.980549573898, "mean": 0.487338632345, "median": 0.488518357277, "min": 0.0141303911805, "var": 0.0204011760652}, "silence_rate_20dB": {"dmean": 0, "dmean2": 0, "dvar": 0, "dvar2": 0, "max": 1, "mean": 1, "median": 1, "min": 1, "var": 0}, "silence_rate_30dB": {"dmean": 0.0209876541048, "dmean2": 0.0419839471579, "dvar": 0.0205480027944, "dvar2": 0.0463996268809, "max": 1, "mean": 0.968524992466, "median": 1, "min": 0, "var": 0.0304852053523}, "silence_rate_60dB": {"dmean": 0.0283950623125, "dmean2": 0.0565960071981, "dvar": 0.027590656653, "dvar2": 0.0608031116426, "max": 1, "mean": 0.113145440817, "median": 0, "min": 0, "var": 0.100342258811}, "spectral_centroid": {"dmean": 237.119216919, "dmean2": 375.334259033, "dvar": 169465.515625, "dvar2": 343342.375, "max": 11002.2148438, "mean": 1011.52929688, "median": 893.328857422, "min": 91.3388519287, "var": 853239.125}, "spectral_complexity": {"dmean": 2.98065853119, "dmean2": 4.88598489761, "dvar": 26.398733139, "dvar2": 62.382396698, "max": 59, "mean": 11.5441265106, "median": 13, "min": 0, "var": 81.1317138672}, "spectral_decrease": {"dmean": 3.3220561857e-09, "dmean2": 5.12241271622e-09, "dvar": 2.62723961096e-17, "dvar2": 6.15990483384e-17, "max": -8.39294931748e-29, "mean": -8.67300453677e-09, "median": -6.6147878286e-09, "min": -5.83769939055e-08, "var": 6.50010569094e-17}, "spectral_energy": {"dmean": 0.012987469323, "dmean2": 0.0200854111463, "dvar": 0.000389481370803, "dvar2": 0.000914454460144, "max": 0.223405435681, "mean": 0.0341390743852, "median": 0.0266832541674, "min": 1.08498187099e-20, "var": 0.000962570193224}, "spectral_energyband_high": {"dmean": 0.000264363741735, "dmean2": 0.000429594452726, "dvar": 1.00425245364e-06, "dvar2": 2.44739248956e-06, "max": 0.0120741613209, "mean": 0.00025604153052, "median": 4.26428232458e-06, "min": 7.86632687446e-21, "var": 1.08418396394e-06}, "spectral_energyband_low": {"dmean": 0.00777382543311, "dmean2": 0.0117189455777, "dvar": 0.000199732938199, "dvar2": 0.000488507968839, "max": 0.179959595203, "mean": 0.0172031987458, "median": 0.00804943218827, "min": 1.223197496e-22, "var": 0.000539943692274}, "spectral_energyband_middle_high": {"dmean": 0.0022520290222, "dmean2": 0.00370335578918, "dvar": 1.56821770361e-05, "dvar2": 3.96851683035e-05, "max": 0.064997933805, "mean": 0.0048408168368, "median": 0.00311004254036, "min": 1.62398293633e-21, "var": 4.71489256597e-05}, "spectral_energyband_middle_low": {"dmean": 0.00741771515459, "dmean2": 0.0115920575336, "dvar": 0.000163861113833, "dvar2": 0.000412065041019, "max": 0.15506388247, "mean": 0.014777992852, "median": 0.0103913135827, "min": 3.63660434442e-22, "var": 0.000252680911217}, "spectral_entropy": {"dmean": 0.390004247427, "dmean2": 0.586988985538, "dvar": 0.347281634808, "dvar2": 0.68571382761, "max": 9.81221580505, "mean": 6.10672044754, "median": 6.49353456497, "min": 2.22911334038, "var": 2.03529286385}, "spectral_flux": {"dmean": 0.0357791818678, "dmean2": 0.0561497360468, "dvar": 0.00206197518855, "dvar2": 0.00437036948279, "max": 0.41350504756, "mean": 0.0770056769252, "median": 0.0644812583923, "min": 1.04162463377e-10, "var": 0.0033467055764}, "spectral_kurtosis": {"dmean": 59.1023139954, "dmean2": 101.011581421, "dvar": 28317.1816406, "dvar2": 84078.7890625, "max": 2645.15576172, "mean": 82.8598709106, "median": 14.4407253265, "min": -1.16376185417, "var": 37311.1328125}, "spectral_rms": {"dmean": 0.00104658748023, "dmean2": 0.00155985692982, "dvar": 1.81476343641e-06, "dvar2": 3.74860314878e-06, "max": 0.0147633505985, "mean": 0.00510151311755, "median": 0.00510219996795, "min": 3.25348862434e-12, "var": 7.28082750356e-06}, "spectral_rolloff": {"dmean": 401.692169189, "dmean2": 689.18536377, "dvar": 576120.0625, "dvar2": 1215085.25, "max": 18281.6894531, "mean": 1591.0135498, "median": 602.9296875, "min": 43.06640625, "var": 9794313}, "spectral_skewness": {"dmean": 1.80657434464, "dmean2": 2.94264340401, "dvar": 9.70345497131, "dvar2": 25.8415241241, "max": 44.5839996338, "mean": 4.71229124069, "median": 1.96968793869, "min": -1.22515404224, "var": 38.5405464172}, "spectral_spread": {"dmean": 612868.9375, "dmean2": 989852.875, "dvar": 1052180283390.0, "dvar2": 2145517305860.0, "max": 39851860, "mean": 2328910.25, "median": 1737218.5, "min": 45751.734375, "var": 4053572517890.0}, "spectral_strongpeak": {"dmean": 0.523662149906, "dmean2": 0.86257904768, "dvar": 0.992113530636, "dvar2": 2.5237660408, "max": 14.5100765228, "mean": 1.10143268108, "median": 0.634306073189, "min": 0, "var": 1.95499801636}, "zerocrossingrate": {"dmean": 0.00689963530749, "dmean2": 0.00826289691031, "dvar": 0.000146389837028, "dvar2": 0.000183597105206, "max": 0.85107421875, "mean": 0.0662309676409, "median": 0.0322265625, "min": 0.00341796875, "var": 0.0253203101456}, "barkbands": {"dmean": [4.35482506873e-05, 0.00190829660278, 0.00535075506195, 0.00293973088264, 0.00373977143317, 0.000673061877023, 0.000663127109874, 0.000745322671719, 0.000256024941336, 0.000978936906904, 0.000243672839133, 0.000117329436762, 0.000185522047104, 0.000327294721501, 0.000167262158357, 0.000255265913438, 0.000778347894084, 0.000146688660607, 0.000125593418488, 0.000110098633741, 9.40164754866e-05, 6.26031323918e-05, 2.92540298688e-05, 2.19696376007e-05, 1.2668009731e-05, 3.03865112983e-06, 1.64757281595e-07], "dmean2": [7.39637762308e-05, 0.00307845766656, 0.00810364820063, 0.00492478953674, 0.00593218859285, 0.00103620777372, 0.000956054776907, 0.00097336008912, 0.000356325559551, 0.00144978624303, 0.000425736303441, 0.000206088545383, 0.000310500850901, 0.000564950925764, 0.000287194328848, 0.00044151279144, 0.00131986080669, 0.000252155296039, 0.000223179784371, 0.000196424793103, 0.00015902845189, 0.000103571750515, 4.54087712569e-05, 3.39291727869e-05, 2.05782926059e-05, 5.2967634474e-06, 3.0451056432e-07], "dvar": [8.33634050679e-09, 1.18453244795e-05, 0.000115074348287, 3.83519873139e-05, 5.10420468345e-05, 4.66597521154e-06, 2.26269798986e-06, 2.1702619506e-06, 7.06108551185e-07, 9.14915108297e-06, 2.52452309724e-07, 9.68056639294e-08, 2.93843072541e-07, 7.02238025951e-07, 7.44672732367e-08, 3.00617301718e-07, 3.39647249348e-06, 9.78912098049e-08, 2.00687253482e-07, 2.41131743905e-07, 1.47701939568e-07, 6.94897082099e-08, 2.11049666632e-08, 1.3485166761e-08, 5.05648234395e-09, 3.52976897711e-10, 6.81714721566e-13], "dvar2": [2.24282494798e-08, 2.96554153465e-05, 0.000282662804238, 0.000102952581074, 0.000122350364109, 1.02777630673e-05, 3.90694822272e-06, 3.43435340255e-06, 1.1806062048e-06, 2.01346374524e-05, 7.09250230102e-07, 2.63444007942e-07, 7.18083413176e-07, 1.99517808142e-06, 2.0047157534e-07, 8.79601088855e-07, 9.44576368056e-06, 2.67370779738e-07, 5.72009753341e-07, 6.7948025162e-07, 3.92097604163e-07, 1.69777095493e-07, 4.90711578038e-08, 3.08208498723e-08, 1.15693010727e-08, 9.16247022698e-10, 1.93097035757e-12], "max": [0.00110935675912, 0.0502351522446, 0.126424729824, 0.088977240026, 0.0972687974572, 0.0559939816594, 0.0274882130325, 0.0310183912516, 0.0245966818184, 0.048862926662, 0.00725801289082, 0.00481918640435, 0.0130249578506, 0.00970350392163, 0.00317108863965, 0.0101773934439, 0.044634219259, 0.00332768051885, 0.00680204294622, 0.00536440266296, 0.00421201391146, 0.00356707465835, 0.00204912829213, 0.00193876214325, 0.00115491938777, 0.000386428437196, 9.77924355539e-06], "mean": [6.89342195983e-05, 0.00343942828476, 0.0110728321597, 0.0043162512593, 0.00550490617752, 0.00102247379255, 0.00106382893864, 0.00179819832556, 0.000584094959777, 0.00179194111843, 0.000304523535306, 0.000115960705443, 0.000236188745475, 0.000410789332818, 0.000235484796576, 0.000390223663999, 0.00112369423732, 0.000199313479243, 0.000150089355884, 9.21855389606e-05, 8.93363758223e-05, 6.43628736725e-05, 2.71958397207e-05, 2.19543580897e-05, 1.2388457435e-05, 2.39928408519e-06, 1.02635986821e-07], "median": [3.0323257306e-05, 0.000892046373338, 0.00360348355025, 0.00125318113714, 0.00211915001273, 0.000263322086539, 6.80453886162e-05, 0.000472505023936, 5.76354905206e-05, 8.08991244412e-05, 7.2641276347e-05, 2.13766215893e-05, 4.21507065766e-05, 0.000132718123496, 0.000125068138004, 0.000194088584976, 0.000412312045228, 5.15832980454e-05, 6.26315231784e-05, 1.3548361494e-05, 1.20690538097e-06, 7.85726470554e-08, 1.41475560156e-08, 5.00966290673e-09, 2.22272134032e-09, 1.38723210696e-09, 7.25510318489e-10], "min": [4.22736233394e-23, 6.40482038074e-23, 1.09290785627e-23, 7.03163474099e-23, 4.78223415735e-23, 5.1002265126e-23, 9.00201301364e-23, 3.46021088083e-23, 4.40463073894e-23, 4.9123804295e-23, 3.62786275585e-23, 8.84606278574e-23, 1.32981513967e-22, 1.21751302742e-22, 1.05238014305e-22, 1.63838710732e-22, 1.85079794036e-22, 2.94313174255e-22, 2.58833467156e-22, 3.36592963332e-22, 3.84723197317e-22, 5.15529815457e-22, 6.13279299406e-22, 1.24764079922e-21, 1.17157158584e-21, 1.75222359821e-21, 2.17472063635e-21], "var": [1.04192743322e-08, 2.81114680547e-05, 0.000316878140438, 4.85957716592e-05, 7.7374286775e-05, 7.11604161552e-06, 8.08170352684e-06, 1.0788065083e-05, 3.82088592232e-06, 2.91386550089e-05, 3.31630644723e-07, 9.90325759176e-08, 5.50895322249e-07, 6.51305811061e-07, 1.11622462384e-07, 4.01169870656e-07, 5.17322496307e-06, 1.20403115034e-07, 1.38504148595e-07, 1.50146121314e-07, 1.50904966745e-07, 8.23660499805e-08, 2.28642793587e-08, 1.60848667718e-08, 6.20117646122e-09, 2.81270035041e-10, 4.14459021573e-13]}, "erbbands": {"dmean": [0.0211139079183, 0.601121485233, 5.08478593826, 8.59143257141, 10.2000131607, 15.8673114777, 6.93543291092, 4.71421957016, 4.90661334991, 15.9944105148, 17.3023757935, 5.37944936752, 16.0215110779, 33.2527389526, 8.74209308624, 5.20111942291, 8.70638275146, 18.2812843323, 7.60513830185, 11.3303260803, 30.6427764893, 23.6383457184, 7.40716123581, 7.10064935684, 5.56761741638, 5.57047271729, 3.35695409775, 4.08109617233, 2.30376529694, 1.30240225792, 0.82035189867, 0.473723888397, 0.392901480198, 0.191070392728, 0.0621630959213, 0.0194520503283, 0.00417554890737, 0.000484742195113, 2.77044819086e-05, 1.53545042849e-05], "dmean2": [0.0355821214616, 0.936794877052, 7.42782974243, 14.1024150848, 17.0003986359, 24.4505710602, 10.481007576, 7.56845283508, 8.45445537567, 21.0881309509, 21.8231220245, 7.2105755806, 22.2825546265, 51.926448822, 15.1214532852, 8.90952396393, 14.4037704468, 31.3968467712, 13.0610542297, 19.6685657501, 52.3798866272, 39.6863365173, 12.7581996918, 12.5491847992, 9.71032142639, 10.0271015167, 5.79701328278, 6.85418176651, 3.75720381737, 2.11841082573, 1.27514064312, 0.733165681362, 0.619406759739, 0.307941943407, 0.103553809226, 0.0337929278612, 0.00727697042748, 0.000860147702042, 4.78064685012e-05, 2.39711862378e-05], "dvar": [0.00131945870817, 1.13324296474, 93.657989502, 311.156921387, 420.556213379, 1084.37585449, 315.682678223, 244.306045532, 143.891204834, 1483.67810059, 1495.70556641, 126.877403259, 2905.46728516, 14007.3779297, 314.987487793, 161.261657715, 708.52545166, 2060.02490234, 189.029922485, 561.165771484, 4373.55371094, 2616.98681641, 243.675765991, 588.24786377, 262.870239258, 707.418701172, 222.574996948, 253.713272095, 100.289283752, 32.4003486633, 17.6628074646, 5.26493692398, 6.12340259552, 1.1934274435, 0.109571665525, 0.0119531229138, 0.000862337416038, 6.04903834756e-06, 1.34204451996e-08, 5.26754029284e-10], "dvar2": [0.00341308861971, 2.74812030792, 209.357559204, 845.922424316, 1042.14245605, 2459.5300293, 735.032287598, 546.203674316, 397.628814697, 1966.17370605, 2277.51879883, 201.267990112, 4501.71044922, 34696.171875, 894.408508301, 419.711791992, 1667.73718262, 5834.79199219, 511.930175781, 1617.74401855, 12564.0957031, 6961.72314453, 671.573608398, 1672.8770752, 719.110900879, 2009.75158691, 603.554260254, 647.462585449, 251.459381104, 73.2676315308, 40.3622550964, 10.7401475906, 15.322142601, 2.82309818268, 0.243907660246, 0.0303121265024, 0.00225982815027, 1.60872677952e-05, 3.65651189327e-08, 1.25060140022e-09], "max": [0.376798659563, 14.5857019424, 133.889572144, 246.88293457, 283.882019043, 413.984161377, 307.41217041, 403.984313965, 153.234848022, 835.771362305, 809.315795898, 270.187896729, 1526.94995117, 2158.07299805, 240.865158081, 247.290664673, 722.027099609, 556.762268066, 180.833480835, 415.30456543, 1562.1940918, 1445.8494873, 189.370223999, 330.245697021, 242.996948242, 280.90612793, 171.894134521, 261.119110107, 138.351821899, 77.0883331299, 66.6402587891, 32.2696533203, 51.3726119995, 18.0551643372, 5.35221862793, 2.00161719322, 0.656673491001, 0.0394644923508, 0.00182188744657, 0.00024321739329], "mean": [0.0376250855625, 1.16616117954, 11.0172615051, 14.6945085526, 15.0333156586, 22.8995056152, 11.3659524918, 6.30380249023, 5.52677297592, 31.0018634796, 43.2286529541, 13.4362869263, 34.8094711304, 56.5646133423, 11.4778118134, 6.04420614243, 11.881102562, 23.4838294983, 11.1310787201, 17.1573524475, 48.9498748779, 37.6357727051, 11.1997966766, 8.4057264328, 7.63742351532, 4.6026673317, 2.80422210693, 4.17351293564, 2.43738341331, 1.2174526453, 0.772627413273, 0.49346023798, 0.363198161125, 0.183130979538, 0.0626420006156, 0.0168869271874, 0.00318042421713, 0.000341492763255, 3.18072816299e-05, 3.94694070565e-05], "median": [0.0238938517869, 0.301071882248, 3.31763887405, 7.45041513443, 5.40902900696, 8.02372169495, 4.18269252777, 1.65805459023, 1.35813105106, 3.09443020821, 12.3341760635, 3.59100437164, 2.72012758255, 5.27660417557, 3.33612179756, 1.6377414465, 2.55625915527, 8.15867519379, 6.44610738754, 7.81634235382, 24.1673812866, 19.1288089752, 5.17737960815, 3.60418224335, 3.30262160301, 0.875920295715, 0.123373799026, 0.0280864201486, 0.00395658100024, 0.000965649262071, 0.000494454521686, 0.000206749740755, 0.000101490491943, 6.34906755295e-05, 4.40950061602e-05, 2.85158930637e-05, 1.50236346599e-05, 3.47109585164e-06, 1.45483563756e-05, 3.15616925946e-05], "min": [2.27804369396e-21, 1.27724893761e-20, 1.99979685723e-20, 1.09728480935e-19, 1.93538149181e-19, 2.16935663665e-19, 1.26786069615e-19, 6.63066996746e-19, 9.92968183426e-19, 1.25168680778e-18, 7.75898774996e-19, 7.66412357538e-19, 2.39742977028e-18, 1.14291048928e-18, 1.90785444614e-18, 4.15906742864e-18, 6.58114490642e-18, 5.27643540778e-18, 7.10852135058e-18, 6.1550298449e-18, 8.32024913092e-18, 1.21037649809e-17, 1.51036777474e-17, 1.17354280716e-17, 1.62771591778e-17, 1.60305551305e-17, 1.4795877224e-17, 1.95195682126e-17, 1.57554563654e-17, 1.68861560145e-17, 1.70411051412e-17, 2.39432374844e-17, 2.16392946329e-17, 1.32286239077e-17, 7.91053582018e-18, 5.74695187023e-18, 3.3355727329e-18, 1.3798325943e-18, 3.38982931873e-19, 3.0463517459e-20], "var": [0.00205211644061, 3.10015797615, 319.702331543, 438.104492188, 647.889831543, 1758.0456543, 516.65045166, 343.397094727, 129.553878784, 7068.45898438, 7180.9140625, 694.419128418, 14832.5380859, 36547.8828125, 405.991424561, 215.524108887, 1531.06799316, 1993.60620117, 255.034759521, 858.677612305, 7200.8515625, 4882.09960938, 297.072723389, 407.205780029, 241.292373657, 426.442474365, 163.05090332, 348.677429199, 119.107460022, 35.8154945374, 19.4591064453, 7.47527980804, 5.73364210129, 1.34669923782, 0.15270934999, 0.0114048998803, 0.00063571636565, 4.353517852e-06, 9.45084988047e-09, 1.21518328733e-09]}, "gfcc": {"mean": [-203.880447388, 180.177307129, -104.870498657, 24.7217216492, -10.5602798462, -21.8704547882, -21.1653270721, -7.89584589005, -17.570476532, -17.4238510132, -13.0641927719, -15.5687036514, -4.0881152153], "cov": [[51644.3046875, 6516.49462891, -12432.1523438, 147.443374634, 158.040481567, -2351.33081055, -414.011077881, 1124.69750977, 414.282073975, -547.78717041, -767.220031738, -1077.63427734, -47.7945518494], [6516.49462891, 5327.45410156, 140.770584106, -839.095031738, 1160.21289062, -1142.55603027, 245.690246582, -290.440307617, -43.7976264954, -514.708740234, 109.012901306, -438.013824463, 102.488609314], [-12432.1523438, 140.770584106, 9230.38476562, 1192.80151367, -264.430419922, 1721.98095703, -179.182922363, -1213.33117676, -558.204345703, -204.802642822, 129.131744385, 313.129821777, -120.545562744], [147.443374634, -839.095031738, 1192.80151367, 1448.69799805, -86.0813140869, 572.116516113, -20.0622024536, -260.386016846, -65.1006546021, 36.7011299133, -123.750488281, 29.9997005463, -73.275177002], [158.040481567, 1160.21289062, -264.430419922, -86.0813140869, 885.084960938, -338.269012451, 184.871612549, 80.7563171387, 47.6082038879, -97.3187408447, 61.1396026611, -171.107055664, 23.7754077911], [-2351.33081055, -1142.55603027, 1721.98095703, 572.116516113, -338.269012451, 1011.38446045, -78.478843689, -134.826385498, -89.5637893677, 70.2948532104, -6.38335800171, 168.565322876, -108.53981781], [-414.011077881, 245.690246582, -179.182922363, -20.0622024536, 184.871612549, -78.478843689, 320.816497803, 50.4955062866, 72.9715423584, 10.6282749176, -8.25985908508, -27.9209270477, 34.9585914612], [1124.69750977, -290.440307617, -1213.33117676, -260.386016846, 80.7563171387, -134.826385498, 50.4955062866, 458.821716309, 146.842559814, 59.8034858704, -17.0924663544, -50.8070793152, -5.98855686188], [414.282073975, -43.7976264954, -558.204345703, -65.1006546021, 47.6082038879, -89.5637893677, 72.9715423584, 146.842559814, 179.580963135, 64.6572799683, 10.2197465897, -39.7208518982, -14.2749643326], [-547.78717041, -514.708740234, -204.802642822, 36.7011299133, -97.3187408447, 70.2948532104, 10.6282749176, 59.8034858704, 64.6572799683, 174.659194946, 30.3607807159, 42.3547554016, -45.6343307495], [-767.220031738, 109.012901306, 129.131744385, -123.750488281, 61.1396026611, -6.38335800171, -8.25985908508, -17.0924663544, 10.2197465897, 30.3607807159, 134.983428955, 18.3637084961, -16.8529090881], [-1077.63427734, -438.013824463, 313.129821777, 29.9997005463, -171.107055664, 168.565322876, -27.9209270477, -50.8070793152, -39.7208518982, 42.3547554016, 18.3637084961, 136.097213745, 20.7277793884], [-47.7945518494, 102.488609314, -120.545562744, -73.275177002, 23.7754077911, -108.53981781, 34.9585914612, -5.98855686188, -14.2749643326, -45.6343307495, -16.8529090881, 20.7277793884, 105.12562561]], "icov": [[0.00013871966803, -0.000433136709034, 0.000271680852165, -0.000363728991942, 0.000376928917831, -0.000268103874987, 0.000366651918739, -0.000319780869177, 0.000197510496946, -0.000153528759256, 0.000376244162908, -3.44734035025e-05, 6.84289407218e-05], [-0.000433136709034, 0.00196328689344, -0.000909358030185, 0.00141187850386, -0.001505262102, 0.00121129571926, -0.00139746582136, 0.00158999708947, -0.000838174019009, 0.00163447461091, -0.0014514302602, 0.00100511929486, 0.000141604337841], [0.000271680852165, -0.000909358030185, 0.000812074227724, -0.000717251270544, 0.000673016882502, -0.000999140087515, 0.000703389232513, -0.000151956570335, 0.000572102668229, -0.000159735165653, 0.000553885940462, -0.000195544256712, 0.000150646694237], [-0.000363728991942, 0.00141187850386, -0.000717251270544, 0.00231117755175, -0.00147424545139, 8.99683363969e-05, -0.00094822718529, 0.00196541682817, -0.000871153431945, 0.000218678542296, 0.000328800641, 0.00102330383379, -7.21671603969e-05], [0.000376928917831, -0.001505262102, 0.000673016882502, -0.00147424545139, 0.00334262638353, -0.000434125191532, 8.10681303847e-05, -0.0018510594964, 0.001140118693, -0.000246874056756, -0.00068012427073, 0.00153196963947, -0.000317026278935], [-0.000268103874987, 0.00121129571926, -0.000999140087515, 8.99683363969e-05, -0.000434125191532, 0.00363589264452, -0.00113079987932, -0.000219558336539, -0.000343240448274, 0.00149165641051, -0.000866929709446, -0.00217016856186, 0.00271972757764], [0.000366651918739, -0.00139746582136, 0.000703389232513, -0.00094822718529, 8.10681303847e-05, -0.00113079987932, 0.0053345747292, -0.000779573398177, -0.0011938958196, -0.00178730848711, 0.00214049010538, -0.000500844616909, -0.00182558072265], [-0.000319780869177, 0.00158999708947, -0.000151956570335, 0.00196541682817, -0.0018510594964, -0.000219558336539, -0.000779573398177, 0.00599535834044, -0.0028314429801, 0.00081509933807, 0.000226748757996, 0.00141072762199, 2.04641855817e-05], [0.000197510496946, -0.000838174019009, 0.000572102668229, -0.000871153431945, 0.001140118693, -0.000343240448274, -0.0011938958196, -0.0028314429801, 0.0106626804918, -0.00370168453082, -0.00088796345517, 0.0027218637988, -0.000258786836639], [-0.000153528759256, 0.00163447461091, -0.000159735165653, 0.000218678542296, -0.000246874056756, 0.00149165641051, -0.00178730848711, 0.00081509933807, -0.00370168453082, 0.0132626798004, -0.00313381920569, -0.00355439353734, 0.00599573133513], [0.000376244162908, -0.0014514302602, 0.000553885940462, 0.000328800641, -0.00068012427073, -0.000866929709446, 0.00214049010538, 0.000226748757996, -0.00088796345517, -0.00313381920569, 0.0124587267637, -0.00360213918611, 0.00223681773059], [-3.44734035025e-05, 0.00100511929486, -0.000195544256712, 0.00102330383379, 0.00153196963947, -0.00217016856186, -0.000500844616909, 0.00141072762199, 0.0027218637988, -0.00355439353734, -0.00360213918611, 0.0192362368107, -0.00839038845152], [6.84289407218e-05, 0.000141604337841, 0.000150646694237, -7.21671603969e-05, -0.000317026278935, 0.00271972757764, -0.00182558072265, 2.04641855817e-05, -0.000258786836639, 0.00599573133513, 0.00223681773059, -0.00839038845152, 0.0175964310765]]}, "melbands": {"dmean": [0.000334399635904, 0.00198281160556, 0.00147208746057, 0.000981253921054, 0.000303807115415, 0.000108866770461, 8.88102003955e-05, 0.00016184989363, 0.000130562431877, 3.19347855111e-05, 7.9739416833e-05, 0.000139641997521, 3.45892040059e-05, 1.28491547002e-05, 1.38909699672e-05, 2.39509299718e-05, 3.57159478881e-05, 1.20358427012e-05, 1.186258487e-05, 1.53441087605e-05, 5.02299517393e-05, 3.63746621588e-05, 7.39055030863e-06, 8.65417314344e-06, 5.71531018068e-06, 4.36072150478e-06, 3.69738427253e-06, 3.7139802771e-06, 2.25076269089e-06, 2.10404846257e-06, 2.4687435598e-06, 1.47997525346e-06, 1.00632223621e-06, 5.84041629281e-07, 4.40865534301e-07, 4.12814614492e-07, 2.62712688937e-07, 3.25316335648e-07, 1.84045731544e-07, 1.51507393298e-07], "dmean2": [0.000549791497178, 0.00289097893983, 0.00241632759571, 0.00155905401334, 0.000464341399493, 0.000173605047166, 0.00014538418327, 0.00021480351279, 0.000164244454936, 4.43706849182e-05, 0.000109900516691, 0.000217077074922, 6.0030943132e-05, 2.28393091675e-05, 2.30236073548e-05, 4.03946869483e-05, 6.17699115537e-05, 2.07422053791e-05, 2.03966192203e-05, 2.67577906925e-05, 8.57359700603e-05, 6.11754439888e-05, 1.28863366626e-05, 1.49607431013e-05, 1.01992254713e-05, 7.71514169173e-06, 6.43541397949e-06, 6.73768681736e-06, 3.97699295718e-06, 3.57784074367e-06, 4.15380873164e-06, 2.48686524174e-06, 1.63689992405e-06, 9.22304991491e-07, 6.82358518134e-07, 6.60377452277e-07, 3.96052627138e-07, 5.25361087966e-07, 2.82715006961e-07, 2.50629199172e-07], "dvar": [3.63187979247e-07, 1.35156687975e-05, 8.5319925347e-06, 3.441615263e-06, 4.47015338523e-07, 1.26751061202e-07, 4.03879241162e-08, 1.32352184323e-07, 9.11322004526e-08, 8.72899175164e-09, 7.38520498089e-08, 2.53894114621e-07, 4.79567852096e-09, 1.32347977022e-09, 1.21862242519e-09, 3.66579477884e-09, 8.74084538083e-09, 4.96384267024e-10, 4.22737067574e-10, 1.10062758907e-09, 1.33550202008e-08, 6.88748436062e-09, 2.6472196657e-10, 3.57993690248e-10, 4.5529116588e-10, 1.83286746891e-10, 1.5228093786e-10, 3.39118400028e-10, 1.10896153371e-10, 7.88036580435e-11, 9.06863820149e-11, 4.84855454397e-11, 1.98958349795e-11, 6.41126084513e-12, 5.02743289707e-12, 5.01697208083e-12, 1.67949920464e-12, 5.29243142366e-12, 9.66202486942e-13, 9.47419117985e-13], "dvar2": [9.00239797375e-07, 3.1036335713e-05, 2.26918182307e-05, 8.20604054752e-06, 1.06316167603e-06, 2.82917852701e-07, 1.03024909492e-07, 1.82850442343e-07, 1.39790387266e-07, 1.43432679067e-08, 1.13210198549e-07, 6.208917398e-07, 1.36620847968e-08, 3.71794950382e-09, 2.8512825434e-09, 9.49918543824e-09, 2.48335894071e-08, 1.34245070615e-09, 1.16942244777e-09, 3.21785886825e-09, 3.83331730802e-08, 1.8479697772e-08, 7.30176641373e-10, 9.90881487972e-10, 1.29942989702e-09, 5.15180509364e-10, 4.20115942035e-10, 9.62948387695e-10, 3.06893732649e-10, 2.03520991726e-10, 2.31804533901e-10, 1.27207189227e-10, 4.552190222e-11, 1.47143078971e-11, 1.12117598192e-11, 1.22497793159e-11, 3.21504715212e-12, 1.37915850615e-11, 1.98276638164e-12, 2.39606251506e-12], "max": [0.00866822339594, 0.0494766384363, 0.0371838398278, 0.0269017945975, 0.00882438663393, 0.00923723075539, 0.0028303458821, 0.00786814279854, 0.006160474848, 0.00260865874588, 0.00775659317151, 0.00910155009478, 0.000883521337528, 0.000422657380113, 0.000910188711714, 0.0011228362564, 0.00109642604366, 0.000254011771176, 0.00027577514993, 0.000586719135754, 0.0028106297832, 0.00219668471254, 0.000242259760853, 0.00021889184427, 0.000276337377727, 0.000210531332414, 0.000183796932106, 0.000186171600944, 0.00010375592683, 0.000129526946694, 0.000202179217013, 9.69931716099e-05, 7.81473281677e-05, 3.76710595447e-05, 3.91182220483e-05, 3.14180579153e-05, 2.32294441957e-05, 5.15490028192e-05, 1.95212596736e-05, 1.81835494004e-05], "mean": [0.000602225307375, 0.00431523937732, 0.00256967963651, 0.00142259488348, 0.000490945472848, 0.00015049483045, 0.000112802692456, 0.000321596191498, 0.000324982713209, 7.38243325031e-05, 0.000171505351318, 0.000236492327531, 4.45181176474e-05, 1.24423704619e-05, 1.70790372067e-05, 3.23115709762e-05, 4.41725023848e-05, 1.65899728017e-05, 1.72576965269e-05, 2.24925333896e-05, 7.63442221796e-05, 5.42151501577e-05, 1.01785535662e-05, 1.13165006042e-05, 5.9962794694e-06, 5.60179205422e-06, 4.4065259317e-06, 2.72033662441e-06, 1.69189991084e-06, 1.99003716261e-06, 2.5535223358e-06, 1.53859627972e-06, 9.25184792777e-07, 5.37177811566e-07, 4.26435633472e-07, 3.78656750399e-07, 2.76815683264e-07, 2.81237532818e-07, 1.90232412933e-07, 1.41397521247e-07], "median": [0.000229328099522, 0.00140815856867, 0.00127723964397, 0.00051990832435, 0.000205780816032, 3.84895538446e-05, 1.90103583009e-05, 4.50781735708e-05, 6.46240805509e-05, 1.1239370906e-05, 1.16308810902e-05, 1.63160984812e-05, 1.06857396531e-05, 2.65861740445e-06, 2.92995650852e-06, 6.18951162323e-06, 1.42769576996e-05, 7.38533799449e-06, 8.75088244356e-06, 8.08054937806e-06, 2.90349016723e-05, 2.10545767914e-05, 2.36324513025e-06, 2.54459541793e-06, 1.84055932095e-06, 2.41988800553e-06, 1.32398758979e-06, 2.33469634736e-07, 4.63476972357e-08, 2.87779631236e-08, 6.51423182063e-09, 1.78259673689e-09, 4.59620008719e-10, 3.28853944076e-10, 2.33766006552e-10, 1.4530017467e-10, 7.41975370033e-11, 4.43229862535e-11, 3.11034635547e-11, 2.10709193149e-11], "min": [2.17324284744e-23, 1.24822076345e-23, 2.38062775299e-23, 1.47885639755e-23, 5.64819280542e-24, 1.2873337493e-23, 1.59641008306e-23, 1.15372556108e-23, 5.33567293605e-24, 5.99147903897e-24, 1.1777471645e-23, 4.37439070277e-24, 5.98521232793e-24, 8.83980648767e-24, 1.5801505554e-23, 1.10571225206e-23, 9.12247743812e-24, 1.22953714511e-23, 6.63218003327e-24, 1.18557290134e-23, 8.70235694127e-24, 1.30299216496e-23, 1.13143274633e-23, 1.43028307617e-23, 8.59463956238e-24, 1.16478042115e-23, 1.23807538112e-23, 9.59315208608e-24, 1.03278545347e-23, 6.00154056538e-24, 1.50419950076e-23, 8.69313515729e-24, 9.17250936331e-24, 9.55561808421e-24, 9.59693230754e-24, 9.24574168773e-24, 1.75132706094e-23, 1.62487612882e-23, 1.2298082766e-23, 1.0870366801e-23], "var": [7.61938622418e-07, 4.44941142632e-05, 1.27851362777e-05, 5.34150694875e-06, 6.85565396452e-07, 1.81053167125e-07, 5.96259184249e-08, 6.34759601326e-07, 4.23403065497e-07, 4.71021905923e-08, 3.77811858243e-07, 6.73214060498e-07, 6.38806696429e-09, 1.1012415424e-09, 2.51091814008e-09, 6.18706952338e-09, 7.86589016144e-09, 6.49312770218e-10, 6.32073782203e-10, 1.55883816966e-09, 2.1428139263e-08, 1.22928902613e-08, 3.85127263414e-10, 4.59880578063e-10, 2.97043667441e-10, 1.48048351356e-10, 1.2309413211e-10, 2.02240418856e-10, 7.2077684099e-11, 8.06905653405e-11, 1.41714640023e-10, 5.36442314181e-11, 2.1332095812e-11, 7.20648063793e-12, 5.85820064333e-12, 4.97653784501e-12, 2.55525505269e-12, 4.29196738913e-12, 1.39527115989e-12, 9.14248060938e-13]}, "mfcc": {"mean": [-804.934753418, 182.715148926, -8.23545455933, 45.2485847473, 26.0527839661, -1.86701691151, 5.07250547409, 1.87926602364, 0.755464851856, -0.177617132664, -7.02843809128, -5.78274106979, -5.57321357727], "cov": [[23827.4296875, 4331.77685547, -8394.05566406, -572.166687012, -703.570861816, -2140.98974609, -844.941162109, 9.06118679047, 508.070526123, 847.58392334, 144.821624756, 107.110671997, 155.90953064], [4331.77685547, 4805.30224609, -1455.98095703, 51.4834747314, 424.499908447, -891.44744873, 123.526451111, -3.60472083092, 22.6504116058, 256.029510498, -116.577941895, -40.7166519165, 26.7744445801], [-8394.05566406, -1455.98095703, 6785.74316406, 1068.76391602, 573.044006348, 2099.84350586, 521.959655762, 170.805175781, -314.351928711, -711.503295898, -70.8042221069, -84.7305755615, -207.678222656], [-572.166687012, 51.4834747314, 1068.76391602, 930.942504883, 371.126251221, 501.190216064, 161.942474365, 44.4991531372, 34.0399208069, -71.8491744995, -14.685005188, -82.7176818848, -90.887802124], [-703.570861816, 424.499908447, 573.044006348, 371.126251221, 580.848083496, 193.212387085, 187.94241333, 79.0352478027, -47.0704078674, 42.2445907593, -30.4433746338, -34.3587722778, -25.9119415283], [-2140.98974609, -891.44744873, 2099.84350586, 501.190216064, 193.212387085, 1071.89453125, 221.437042236, 96.1556396484, -55.9542312622, -275.457550049, 51.1451530457, -2.70680594444, -77.1791305542], [-844.941162109, 123.526451111, 521.959655762, 161.942474365, 187.94241333, 221.437042236, 239.719726562, 96.603515625, 1.13456785679, -22.5670967102, -14.5772151947, 5.4041800499, -11.8392820358], [9.06118679047, -3.60472083092, 170.805175781, 44.4991531372, 79.0352478027, 96.1556396484, 96.603515625, 156.93927002, 77.7693252563, 29.8370571136, -0.0906790867448, 0.895635902882, 5.55398082733], [508.070526123, 22.6504116058, -314.351928711, 34.0399208069, -47.0704078674, -55.9542312622, 1.13456785679, 77.7693252563, 195.760345459, 91.9323883057, 24.3225364685, 2.92953848839, 15.904458046], [847.58392334, 256.029510498, -711.503295898, -71.8491744995, 42.2445907593, -275.457550049, -22.5670967102, 29.8370571136, 91.9323883057, 222.664276123, 50.7595710754, 23.5235805511, 24.9782657623], [144.821624756, -116.577941895, -70.8042221069, -14.685005188, -30.4433746338, 51.1451530457, -14.5772151947, -0.0906790867448, 24.3225364685, 50.7595710754, 149.160964966, 77.8026580811, 19.9260654449], [107.110671997, -40.7166519165, -84.7305755615, -82.7176818848, -34.3587722778, -2.70680594444, 5.4041800499, 0.895635902882, 2.92953848839, 23.5235805511, 77.8026580811, 132.842727661, 77.2243041992], [155.90953064, 26.7744445801, -207.678222656, -90.887802124, -25.9119415283, -77.1791305542, -11.8392820358, 5.55398082733, 15.904458046, 24.9782657623, 19.9260654449, 77.2243041992, 122.140022278]], "icov": [[0.000133332505357, -0.000133853885927, 0.000209971622098, -0.000151516593178, 0.000171307168785, -0.000302645261399, 0.000553107471205, -0.000529005075805, 0.000227358817938, -0.000134096233523, 0.000167832229636, -0.000264604284894, 0.000163928110851], [-0.000133853885927, 0.000451438507298, -0.000203683885047, 5.45537222933e-05, -0.000437472830527, 0.00079561304301, -0.000912027666345, 0.000595579738729, -0.000316393561661, 0.000426872691605, -0.000252807571087, 0.000211138045415, -7.77386230766e-05], [0.000209971622098, -0.000203683885047, 0.000788463745266, -0.000294160505291, 0.000140451171319, -0.00114630884491, 0.000782924005762, -0.00105342909228, 0.000717052898835, 0.000231356767472, 0.000502216455061, -0.000530840479769, 0.000440639210865], [-0.000151516593178, 5.45537222933e-05, -0.000294160505291, 0.00247854460031, -0.00149552687071, -0.000619630271103, -0.000708609062713, 0.00213552615605, -0.00203221151605, 0.000290518713882, -0.0002610135125, 0.00115948973689, 0.000165720615769], [0.000171307168785, -0.000437472830527, 0.000140451171319, -0.00149552687071, 0.00439880788326, -0.000947533699218, -0.000587274145801, -0.00191657373216, 0.00321368733421, -0.00354195199907, 0.00118318444584, 0.000326680165017, -0.000725825084373], [-0.000302645261399, 0.00079561304301, -0.00114630884491, -0.000619630271103, -0.000947533699218, 0.00550610246137, -0.00272436696105, 5.39831999049e-05, -0.0013357042335, 0.00436481554061, -0.00362315308303, 0.000519158435054, 0.000357573444489], [0.000553107471205, -0.000912027666345, 0.000782924005762, -0.000708609062713, -0.000587274145801, -0.00272436696105, 0.0110488384962, -0.00616536661983, 0.00165057531558, -0.00122142001055, 0.00282909465022, -0.00379033689387, 0.00177287054248], [-0.000529005075805, 0.000595579738729, -0.00105342909228, 0.00213552615605, -0.00191657373216, 5.39831999049e-05, -0.00616536661983, 0.0152372904122, -0.00673685502261, -0.000898867263459, 0.000269761309028, 0.00197080592625, -0.00154935731553], [0.000227358817938, -0.000316393561661, 0.000717052898835, -0.00203221151605, 0.00321368733421, -0.0013357042335, 0.00165057531558, -0.00673685502261, 0.0114084836096, -0.00482191378251, 0.000515004852787, 0.000720489246305, -0.00124876969494], [-0.000134096233523, 0.000426872691605, 0.000231356767472, 0.000290518713882, -0.00354195199907, 0.00436481554061, -0.00122142001055, -0.000898867263459, -0.00482191378251, 0.0146804172546, -0.00628768652678, 0.000392649788409, 0.00101949088275], [0.000167832229636, -0.000252807571087, 0.000502216455061, -0.0002610135125, 0.00118318444584, -0.00362315308303, 0.00282909465022, 0.000269761309028, 0.000515004852787, -0.00628768652678, 0.0149525338784, -0.00971443392336, 0.00364590995014], [-0.000264604284894, 0.000211138045415, -0.000530840479769, 0.00115948973689, 0.000326680165017, 0.000519158435054, -0.00379033689387, 0.00197080592625, 0.000720489246305, 0.000392649788409, -0.00971443392336, 0.0207090713084, -0.0114908013493], [0.000163928110851, -7.77386230766e-05, 0.000440639210865, 0.000165720615769, -0.000725825084373, 0.000357573444489, 0.00177287054248, -0.00154935731553, -0.00124876969494, 0.00101949088275, 0.00364590995014, -0.0114908013493, 0.0158064272255]]}, "spectral_contrast_coeffs": {"dmean": [0.0534141622484, 0.0559710711241, 0.0448350198567, 0.0365531146526, 0.0300000794232, 0.038682859391], "dmean2": [0.0858178883791, 0.0893663018942, 0.0731482952833, 0.0601079389453, 0.0479946397245, 0.0633544847369], "dvar": [0.00254674255848, 0.00283719343133, 0.0018501727609, 0.00132452498656, 0.000935739080887, 0.00164251890965], "dvar2": [0.0057527795434, 0.00671341596171, 0.00454922579229, 0.00332930940203, 0.00206826627254, 0.00375624513254], "max": [-0.281863868237, -0.39501619339, -0.408670693636, -0.518667161465, -0.487541943789, -0.458883434534], "mean": [-0.568981051445, -0.697798967361, -0.76581788063, -0.783928155899, -0.760552167892, -0.779764354229], "median": [-0.55825728178, -0.704764008522, -0.777838110924, -0.76659488678, -0.732559800148, -0.767736911774], "min": [-0.970999419689, -0.970209538937, -0.975600838661, -0.99225705862, -0.971887052059, -0.964822947979], "var": [0.012234788388, 0.0155516220257, 0.0160422325134, 0.00807549245656, 0.0129551133141, 0.0106930360198]}, "spectral_contrast_valleys": {"dmean": [0.54694288969, 0.744592607021, 0.698287725449, 0.624531686306, 0.57329428196, 0.904711902142], "dmean2": [0.846973419189, 1.1981972456, 1.11390578747, 0.976589143276, 0.855620384216, 1.39860367775], "dvar": [0.41083535552, 0.843757510185, 0.812776088715, 0.85380667448, 0.786277532578, 0.880193769932], "dvar2": [0.739518105984, 1.76830351353, 1.67697250843, 1.74459922314, 1.5