{"lowlevel": {"average_loudness": 0.805801510811, "barkbands_crest": {"dmean": 1.93005347252, "dmean2": 3.00412988663, "dvar": 5.65704059601, "dvar2": 13.138510704, "max": 26.0202598572, "mean": 14.8396406174, "median": 12.6094665527, "min": 2.87190937996, "var": 47.5206375122}, "barkbands_flatness_db": {"dmean": 0.0262578818947, "dmean2": 0.0362588688731, "dvar": 0.000934278126806, "dvar2": 0.00174462364521, "max": 0.602670252323, "mean": 0.202315047383, "median": 0.180906817317, "min": 0.0416753478348, "var": 0.00749944429845}, "barkbands_kurtosis": {"dmean": 13.1050224304, "dmean2": 18.7891197205, "dvar": 1091.68518066, "dvar2": 2182.21459961, "max": 890.539611816, "mean": 31.0041103363, "median": 6.45247554779, "min": -1.95846474171, "var": 4448.36474609}, "barkbands_skewness": {"dmean": 0.903367877007, "dmean2": 1.30535972118, "dvar": 1.6295362711, "dvar2": 3.29988694191, "max": 22.6825847626, "mean": 3.55361461639, "median": 2.23848676682, "min": -2.13703656197, "var": 11.2445545197}, "barkbands_spread": {"dmean": 5.99255228043, "dmean2": 8.94570732117, "dvar": 91.2464294434, "dvar2": 185.132949829, "max": 134.77545166, "mean": 17.1451511383, "median": 13.0263004303, "min": 0.0742243379354, "var": 257.323760986}, "dissonance": {"dmean": 0.0249997433275, "dmean2": 0.0399792417884, "dvar": 0.00052018777933, "dvar2": 0.00132860953454, "max": 0.499999821186, "mean": 0.44543454051, "median": 0.450732290745, "min": 0.251417577267, "var": 0.00132600392681}, "dynamic_complexity": 2.30316901207, "erbbands_crest": {"dmean": 3.25264334679, "dmean2": 5.04427289963, "dvar": 9.1454076767, "dvar2": 22.0139122009, "max": 30.4996356964, "mean": 11.5881671906, "median": 10.5187997818, "min": 2.55359101295, "var": 24.4137554169}, "erbbands_flatness_db": {"dmean": 0.0188667289913, "dmean2": 0.0275791715831, "dvar": 0.000325469736708, "dvar2": 0.000715818197932, "max": 0.328898608685, "mean": 0.148986548185, "median": 0.145402953029, "min": 0.048214469105, "var": 0.00152176653501}, "erbbands_kurtosis": {"dmean": 1.52707028389, "dmean2": 2.36678862572, "dvar": 4.55917644501, "dvar2": 11.6134328842, "max": 36.7714767456, "mean": 1.24853718281, "median": 0.424779176712, "min": -1.78590536118, "var": 7.91936588287}, "erbbands_skewness": {"dmean": 0.468820154667, "dmean2": 0.665601611137, "dvar": 0.21574473381, "dvar2": 0.433797985315, "max": 5.88677978516, "mean": 0.54076230526, "median": 0.592254042625, "min": -4.15512514114, "var": 0.820501148701}, "erbbands_spread": {"dmean": 11.7191114426, "dmean2": 17.6266784668, "dvar": 180.381576538, "dvar2": 399.78515625, "max": 175.545288086, "mean": 46.5726737976, "median": 40.1896400452, "min": 3.11293053627, "var": 698.670959473}, "hfc": {"dmean": 13.5182790756, "dmean2": 21.3551082611, "dvar": 883.060974121, "dvar2": 2120.55297852, "max": 291.697509766, "mean": 32.2746505737, "median": 25.1741714478, "min": 1.06010937909e-16, "var": 992.736328125}, "melbands_crest": {"dmean": 2.5917904377, "dmean2": 3.89888739586, "dvar": 8.9867181778, "dvar2": 19.5637607574, "max": 36.6387176514, "mean": 22.3834152222, "median": 20.9899959564, "min": 1.9212230444, "var": 75.888343811}, "melbands_flatness_db": {"dmean": 0.0307710245252, "dmean2": 0.0415038317442, "dvar": 0.0013540929649, "dvar2": 0.00254320446402, "max": 0.752131640911, "mean": 0.282201915979, "median": 0.260019391775, "min": 0.0102161634713, "var": 0.0123799480498}, "melbands_kurtosis": {"dmean": 28.0848331451, "dmean2": 42.1673431396, "dvar": 4431.67285156, "dvar2": 9593.203125, "max": 1235.40368652, "mean": 70.0556869507, "median": 15.7796783447, "min": -1.76233661175, "var": 15804.453125}, "melbands_skewness": {"dmean": 1.23540961742, "dmean2": 1.8089492321, "dvar": 3.15219402313, "dvar2": 6.84048509598, "max": 28.3204307556, "mean": 5.19031143188, "median": 3.27176189423, "min": -2.34688448906, "var": 21.6135692596}, "melbands_spread": {"dmean": 6.36316394806, "dmean2": 9.47919273376, "dvar": 170.111022949, "dvar2": 330.056976318, "max": 186.399688721, "mean": 16.0935001373, "median": 11.0921869278, "min": 0.135946556926, "var": 400.771820068}, "pitch_salience": {"dmean": 0.0622966960073, "dmean2": 0.0964517593384, "dvar": 0.00573257589713, "dvar2": 0.0132133234292, "max": 0.915115177631, "mean": 0.38284522295, "median": 0.426967769861, "min": 0.022343667224, "var": 0.0351713225245}, "silence_rate_20dB": {"dmean": 0.046395432204, "dmean2": 0.0928019061685, "dvar": 0.0442461632192, "dvar2": 0.0882300436497, "max": 1, "mean": 0.839538455009, "median": 1, "min": 0, "var": 0.134719967842}, "silence_rate_30dB": {"dmean": 0.021413275972, "dmean2": 0.0428316481411, "dvar": 0.0209541022778, "dvar2": 0.0421841368079, "max": 1, "mean": 0.672296881676, "median": 1, "min": 0, "var": 0.220323011279}, "silence_rate_60dB": {"dmean": 0.0068998336792, "dmean2": 0.0138013083488, "dvar": 0.00685171037912, "dvar2": 0.0164664238691, "max": 1, "mean": 0.0170096345246, "median": 0, "min": 0, "var": 0.0167206805199}, "spectral_centroid": {"dmean": 280.347259521, "dmean2": 405.743591309, "dvar": 147971.15625, "dvar2": 255556.75, "max": 11635.4082031, "mean": 1098.1607666, "median": 892.463012695, "min": 73.5444946289, "var": 444336.625}, "spectral_complexity": {"dmean": 3.85843443871, "dmean2": 5.89601421356, "dvar": 23.4198303223, "dvar2": 50.456111908, "max": 55, "mean": 15.2545499802, "median": 14, "min": 0, "var": 54.9494552612}, "spectral_decrease": {"dmean": 6.40707842336e-09, "dmean2": 7.35295468957e-09, "dvar": 1.25527715214e-16, "dvar2": 2.42072116628e-16, "max": -1.3504174195e-28, "mean": -3.37781678184e-08, "median": -1.14044320654e-08, "min": -1.91007018202e-07, "var": 1.77314965502e-15}, "spectral_energy": {"dmean": 0.0247288905084, "dmean2": 0.0287277512252, "dvar": 0.00177399918903, "dvar2": 0.00341285788454, "max": 0.725038051605, "mean": 0.130414187908, "median": 0.0458077862859, "min": 1.01251834517e-20, "var": 0.0254834517837}, "spectral_energyband_high": {"dmean": 0.000970997789409, "dmean2": 0.00149199971929, "dvar": 3.79423522645e-06, "dvar2": 8.79453364178e-06, "max": 0.0223125051707, "mean": 0.00151064153761, "median": 0.000553047691938, "min": 7.49237176734e-21, "var": 5.80506502956e-06}, "spectral_energyband_low": {"dmean": 0.0215621851385, "dmean2": 0.0237370431423, "dvar": 0.00202549039386, "dvar2": 0.00400614878163, "max": 0.719727039337, "mean": 0.109867043793, "median": 0.0188585873693, "min": 1.61355676369e-23, "var": 0.0259584113955}, "spectral_energyband_middle_high": {"dmean": 0.00282853352837, "dmean2": 0.00458577508107, "dvar": 6.74789480399e-05, "dvar2": 0.000173988955794, "max": 0.0799901485443, "mean": 0.004389683716, "median": 0.00251405569725, "min": 1.72896116296e-21, "var": 5.74217738176e-05}, "spectral_energyband_middle_low": {"dmean": 0.00579358963296, "dmean2": 0.00870789773762, "dvar": 7.79386318754e-05, "dvar2": 0.000169324688613, "max": 0.174935683608, "mean": 0.0154141429812, "median": 0.0130632882938, "min": 2.47068054828e-22, "var": 0.000180634699063}, "spectral_entropy": {"dmean": 0.201424747705, "dmean2": 0.281379520893, "dvar": 0.0466327220201, "dvar2": 0.0829131007195, "max": 9.78903675079, "mean": 7.52287864685, "median": 7.5444278717, "min": 5.2229347229, "var": 0.236193552613}, "spectral_flux": {"dmean": 0.0365236401558, "dmean2": 0.0548391565681, "dvar": 0.00262941396795, "dvar2": 0.00512886047363, "max": 0.595618367195, "mean": 0.0946301743388, "median": 0.0740495249629, "min": 1.00623967492e-10, "var": 0.00502232415602}, "spectral_kurtosis": {"dmean": 1.45849108696, "dmean2": 2.18863129616, "dvar": 3.50912022591, "dvar2": 7.8794002533, "max": 44.5176124573, "mean": 4.26269817352, "median": 3.76564359665, "min": -1.23854458332, "var": 12.7959480286}, "spectral_rms": {"dmean": 0.00107765314169, "dmean2": 0.00131119904108, "dvar": 1.93418031813e-06, "dvar2": 3.60664694199e-06, "max": 0.0265961308032, "mean": 0.00940192583948, "median": 0.00668509677052, "min": 3.14296483804e-12, "var": 3.88371627196e-05}, "spectral_rolloff": {"dmean": 471.985931396, "dmean2": 798.519897461, "dvar": 1370591.75, "dvar2": 2905695.25, "max": 18303.2226562, "mean": 1014.62866211, "median": 581.396484375, "min": 64.599609375, "var": 2614332.5}, "spectral_skewness": {"dmean": 0.251042336226, "dmean2": 0.358360409737, "dvar": 0.0712218284607, "dvar2": 0.133205875754, "max": 5.25440645218, "mean": 1.70824503899, "median": 1.72251152992, "min": -0.195987030864, "var": 0.368928849697}, "spectral_spread": {"dmean": 851184.625, "dmean2": 1228592, "dvar": 1005823393790.0, "dvar2": 1761972715520.0, "max": 40083960, "mean": 6062055.5, "median": 5837541, "min": 1524264.125, "var": 3573127053310.0}, "spectral_strongpeak": {"dmean": 0.40914440155, "dmean2": 0.680157899857, "dvar": 0.678658664227, "dvar2": 1.85004651546, "max": 8.89906024933, "mean": 1.13228368759, "median": 0.934943020344, "min": 0, "var": 0.76871407032}, "zerocrossingrate": {"dmean": 0.01223433204, "dmean2": 0.0141688706353, "dvar": 0.000278145627817, "dvar2": 0.000311350624543, "max": 0.50244140625, "mean": 0.0488285310566, "median": 0.0400390625, "min": 0.001953125, "var": 0.00178402033634}, "barkbands": {"dmean": [0.00164474279154, 0.0200037118047, 0.00213666958734, 0.0013561360538, 0.00210798624903, 0.000467833131552, 0.00167980114929, 0.00143037410453, 0.00153195520397, 0.000452884676633, 0.000289769144729, 0.000135549562401, 0.00012068918295, 0.00019911005802, 0.00040037088911, 0.00113680015784, 0.00071528647095, 0.000200326147024, 0.000115170012577, 0.000116533650726, 8.49861680763e-05, 0.000195325817913, 0.000304121465888, 0.000176479792572, 0.000197715577087, 8.18094486021e-05, 1.15485090646e-05], "dmean2": [0.00227941782214, 0.0222423262894, 0.00352265825495, 0.00223926990293, 0.00329103018157, 0.000729045423213, 0.00248889275827, 0.0020938415546, 0.00226420513354, 0.000682949903421, 0.000429116305895, 0.000211577658774, 0.000196896362468, 0.000324927386828, 0.000643069390208, 0.00193771126214, 0.00126507354435, 0.000330264883814, 0.000187234065379, 0.000192510502529, 0.000131964305183, 0.000294045108603, 0.000481761031551, 0.000290335941827, 0.000319851649692, 0.000131738095661, 2.01927705348e-05], "dvar": [2.06427921512e-05, 0.00202161772177, 2.6172176149e-05, 2.94313995255e-05, 1.31487167891e-05, 1.65270103025e-06, 9.43457416724e-06, 9.50668436417e-06, 7.95455616753e-06, 1.0798673884e-06, 5.02804994085e-07, 1.53637287781e-07, 9.93969138108e-08, 2.11812064776e-07, 5.2319040833e-07, 2.46468662226e-05, 8.33291323943e-06, 1.88068241869e-07, 7.03790163925e-08, 7.54240190304e-08, 5.20847542873e-08, 1.7386065565e-07, 4.68486604177e-07, 1.82241265634e-07, 1.98907287086e-07, 2.80042566914e-08, 9.19705367419e-10], "dvar2": [4.28454404755e-05, 0.00426742341369, 7.08205698174e-05, 6.71622401569e-05, 2.9708206057e-05, 3.42033331435e-06, 1.97209392354e-05, 1.89801648958e-05, 1.7281374312e-05, 2.19906155507e-06, 9.61558384915e-07, 3.46360678805e-07, 2.60116678419e-07, 5.2349366797e-07, 1.23537506624e-06, 6.59938013996e-05, 2.16955922951e-05, 4.82779796585e-07, 1.79354287866e-07, 1.93191354469e-07, 1.11514694368e-07, 3.70325238919e-07, 1.05741276002e-06, 4.6952729349e-07, 5.02477746522e-07, 6.8273621423e-08, 2.44839792884e-09], "max": [0.0687175542116, 0.676617026329, 0.0993735343218, 0.123817026615, 0.0731965973973, 0.0544738918543, 0.0502166040242, 0.044771514833, 0.0491890273988, 0.0250639989972, 0.0179100632668, 0.010314210318, 0.0102137513459, 0.011546949856, 0.0129606677219, 0.0568414703012, 0.0303181298077, 0.00837093126029, 0.0045231427066, 0.00658336048946, 0.00613663485274, 0.00827421993017, 0.0160635281354, 0.0064906119369, 0.00704534258693, 0.00425299210474, 0.000286543450784], "mean": [0.00640995008871, 0.0978361591697, 0.00495629245415, 0.00147824315354, 0.00445732614025, 0.000705379119609, 0.00314275082201, 0.00246541458182, 0.00298956176266, 0.000746482983232, 0.000467842095532, 0.000201759292395, 0.00017199049762, 0.000266413902864, 0.000487214827444, 0.000960399047472, 0.000691113062203, 0.000253412465099, 0.000142121163663, 0.000136783710332, 0.000111341360025, 0.000262168061454, 0.000478734873468, 0.000235418585362, 0.000253944832366, 9.73246060312e-05, 8.4905186668e-06], "median": [1.39184967338e-05, 0.00786921195686, 0.00228461809456, 0.000300667976262, 0.00180065550376, 0.000236864856561, 0.000938365526963, 0.000653082039207, 0.00103600567672, 0.000176802146598, 0.000128589614178, 5.7882436522e-05, 6.0440863308e-05, 8.44337919261e-05, 0.000191158047528, 0.000228216144023, 0.000213408333366, 9.8647957202e-05, 4.85376549477e-05, 5.12457045261e-05, 3.5853299778e-05, 6.41627411824e-05, 8.78810460563e-05, 6.32563314866e-05, 0.000108224565338, 3.66751846741e-05, 6.53683287055e-07], "min": [5.36740604925e-24, 9.37997583708e-24, 4.89194064901e-24, 1.83269624894e-24, 6.15908642223e-23, 2.99871841603e-23, 1.03559624376e-23, 8.01013528347e-23, 5.64349766309e-23, 3.86672194934e-23, 1.62921028841e-23, 1.81702762542e-22, 1.85166265813e-22, 1.00474512438e-22, 1.06456602455e-22, 1.24492790026e-22, 3.2578400383e-22, 2.60571031119e-22, 2.4384349437e-22, 3.68744636666e-22, 3.96093017989e-22, 6.45889875217e-22, 7.1731543679e-22, 8.98693062422e-22, 1.13637975617e-21, 1.43673285342e-21, 2.14617361559e-21], "var": [0.000111482600914, 0.0232697632164, 3.7296089431e-05, 3.04998102365e-05, 3.9251986891e-05, 3.69442182091e-06, 2.57038245763e-05, 2.16088319576e-05, 2.16922144318e-05, 2.93235689242e-06, 1.16460239497e-06, 2.72528183132e-07, 1.33140787284e-07, 3.25846912119e-07, 6.62706383991e-07, 1.66947702382e-05, 6.0298139033e-06, 2.11857724253e-07, 7.94206016508e-08, 7.99805235374e-08, 7.27170572645e-08, 2.85729925054e-07, 1.0201429177e-06, 2.05466832881e-07, 1.90516402654e-07, 3.04223171099e-08, 6.47443376689e-10]}, "erbbands": {"dmean": [0.938675582409, 3.47788929939, 2.83694911003, 3.19493794441, 6.38149452209, 7.37818241119, 3.18652939796, 4.82878684998, 22.7686901093, 17.2174835205, 42.7231941223, 34.116558075, 14.5491418839, 11.1496620178, 8.66330718994, 5.56301784515, 5.1073179245, 7.88055801392, 18.531747818, 20.1564407349, 77.5839691162, 35.9050674438, 11.2189683914, 8.36203193665, 5.31759691238, 5.69535541534, 3.30749773979, 4.42968034744, 6.59474468231, 8.54844284058, 9.79671096802, 4.80899953842, 2.39983773232, 2.38870596886, 1.36369431019, 0.439899027348, 0.134495973587, 0.0306303258985, 0.00130918738432, 8.42644367367e-05], "dmean2": [0.870778560638, 4.72368097305, 4.55718278885, 5.28065681458, 10.0949525833, 11.4614667892, 4.82199525833, 7.30956459045, 33.7946472168, 25.6719532013, 61.5932998657, 50.3897132874, 21.3814163208, 16.2729587555, 12.6846494675, 8.50414562225, 8.22412490845, 12.8747444153, 29.6557693481, 32.8080024719, 132.137619019, 62.9073753357, 18.2974014282, 13.8942975998, 8.47539138794, 9.35202026367, 5.24644088745, 6.74334716797, 10.0210971832, 13.2105083466, 15.6783409119, 8.05194473267, 3.76910161972, 3.86670160294, 2.2391307354, 0.695025801659, 0.221223607659, 0.0515721961856, 0.00223835255019, 0.000138092393172], "dvar": [4.64828062057, 68.7680740356, 40.9564094543, 118.492507935, 243.47618103, 173.954772949, 70.276473999, 199.735916138, 1996.62475586, 1299.12512207, 7125.71484375, 4560.12109375, 1035.64929199, 589.828186035, 575.191345215, 255.446105957, 181.913238525, 293.160644531, 1296.58679199, 2356.22045898, 122572.367188, 20947.53125, 553.614807129, 410.970428467, 153.728118896, 184.573654175, 74.0890655518, 115.790275574, 214.608535767, 360.649810791, 563.922119141, 185.557723999, 23.2694187164, 27.2031078339, 10.7067832947, 0.769569039345, 0.087711468339, 0.00555007206276, 1.0762754755e-05, 1.20836446627e-07], "dvar2": [7.29304456711, 195.625656128, 108.101631165, 275.187225342, 585.151611328, 360.143096924, 137.272033691, 393.913146973, 4078.06347656, 2842.96411133, 13971.1347656, 9822.9453125, 2044.85522461, 1063.7734375, 1177.24645996, 563.834289551, 467.496337891, 748.960144043, 3169.05712891, 6071.38623047, 327970.3125, 53353.0898438, 1348.20202637, 1085.10595703, 380.267242432, 470.442138672, 164.198440552, 253.333618164, 469.06640625, 821.6953125, 1358.13952637, 488.07913208, 53.6492996216, 67.5360717773, 27.8163299561, 1.83165073395, 0.222670838237, 0.0142810717225, 2.80162712443e-05, 3.43280817106e-07], "max": [34.8802986145, 104.160949707, 117.773849487, 239.787918091, 352.738189697, 245.041015625, 256.750427246, 673.973144531, 1047.86853027, 772.162231445, 1065.59204102, 1462.2902832, 985.970153809, 738.713867188, 863.131835938, 525.480285645, 469.084442139, 319.873138428, 585.265136719, 601.462402344, 3807.00537109, 1552.12219238, 555.593322754, 357.74029541, 229.004898071, 336.451416016, 288.650512695, 306.905639648, 272.334533691, 301.011535645, 588.176025391, 217.30178833, 129.172668457, 112.416069031, 45.1646995544, 35.032535553, 2.81236314774, 0.745515406132, 0.0283728446811, 0.00732277100906], "mean": [4.92801046371, 13.4808921814, 7.50080251694, 4.74584054947, 11.454372406, 15.0239839554, 6.14487504959, 8.42468166351, 41.5692329407, 32.0977096558, 81.1127090454, 68.4005432129, 27.9901561737, 20.593126297, 14.5141782761, 9.09167098999, 8.01487541199, 11.5003194809, 23.588300705, 24.3372325897, 64.2916107178, 36.4375305176, 14.9851198196, 9.9266834259, 6.95483827591, 6.57697582245, 4.20042324066, 5.67681646347, 8.68653774261, 11.5235500336, 15.6810188293, 6.02900600433, 3.59488487244, 3.04211425781, 1.67809963226, 0.589005291462, 0.142380520701, 0.0263445042074, 0.00110562739428, 0.000194622014533], "median": [0.0448016487062, 2.24955105782, 5.71836233139, 2.52062654495, 3.8932056427, 5.75481557846, 2.14229512215, 2.55208587646, 12.6897268295, 10.1269779205, 27.3402385712, 26.6171360016, 9.57736492157, 6.336997509, 4.36321783066, 2.71359777451, 2.88528299332, 4.47312116623, 9.19441318512, 10.8578128815, 15.1248350143, 11.9942779541, 6.2557964325, 3.47091150284, 2.51124811172, 2.36529684067, 1.43120539188, 1.73296022415, 2.08608818054, 2.93785572052, 2.21306347847, 1.13792610168, 1.16230154037, 1.17220938206, 0.704600095749, 0.257652044296, 0.0446942448616, 0.00448028603569, 0.00021793077758, 7.16644135537e-05], "min": [2.42560490994e-22, 2.33664386659e-21, 5.6850463485e-21, 6.87758674072e-21, 6.6957911829e-20, 2.63229033442e-19, 3.43279592318e-19, 1.64097808903e-19, 1.87197344496e-19, 4.93947077076e-19, 2.10894267343e-18, 1.11242443761e-18, 1.10550134948e-18, 1.06022158614e-18, 2.52238201925e-18, 7.1832968236e-18, 9.05001930018e-18, 5.28143447382e-18, 6.58289149829e-18, 7.22668161954e-18, 1.04799143127e-17, 1.4152181815e-17, 1.37657404036e-17, 1.25868202607e-17, 1.27769626137e-17, 1.67983408663e-17, 1.31430851606e-17, 1.90952824611e-17, 2.14768115452e-17, 2.63817080275e-17, 1.83913980819e-17, 1.5806973174e-17, 1.74037361587e-17, 9.32855500067e-18, 1.01919967297e-17, 5.26201599535e-18, 2.47590480858e-18, 1.24838325521e-18, 2.79129512767e-19, 3.4574653571e-20], "var": [62.8700027466, 414.559631348, 56.687122345, 124.752082825, 377.081451416, 610.077087402, 269.18371582, 470.051513672, 4813.01220703, 3497.75561523, 17474.5683594, 12045.578125, 2709.24829102, 1973.49487305, 1242.48706055, 512.937744141, 272.032714844, 418.275146484, 1568.31030273, 2218.26318359, 82800.796875, 15847.0419922, 689.319396973, 402.100189209, 186.81640625, 193.942810059, 100.190536499, 159.112854004, 326.41192627, 556.833496094, 1311.12109375, 197.077819824, 38.4279747009, 28.2469615936, 9.32360935211, 1.00985383987, 0.0775782316923, 0.00431776419282, 8.142014849e-06, 1.00663143598e-07]}, "gfcc": {"mean": [18.3216609955, 79.5887145996, -84.5423278809, 32.9444618225, -52.4925193787, 24.1781520844, -41.0720558167, 28.9598464966, -5.11814785004, 3.65094709396, -26.3576374054, -2.38063383102, -13.3416986465], "cov": [[4501.84375, -860.530822754, 102.172584534, -11.2501487732, -309.269012451, 189.410598755, -103.531585693, 113.049880981, -169.482543945, 185.749511719, -80.327911377, 184.012023926, -123.476257324], [-860.530822754, 1345.19934082, 63.1891593933, -247.989486694, 187.056274414, -101.925888062, 103.987632751, 19.8328666687, 38.7654380798, -48.9609069824, 182.542739868, -102.947364807, 135.96963501], [102.172584534, 63.1891593933, 737.13659668, 185.037490845, 203.944396973, 209.106002808, 162.163619995, 98.1725845337, 163.344711304, 95.0566482544, 106.568611145, 104.175956726, 109.362640381], [-11.2501487732, -247.989486694, 185.037490845, 583.19921875, 175.64100647, 54.0767707825, 159.621154785, 61.0039291382, 246.376556396, 88.5233764648, 82.8553314209, 61.5073738098, 35.7660331726], [-309.269012451, 187.056274414, 203.944396973, 175.64100647, 467.908691406, 121.689224243, 186.745574951, 122.062019348, 192.786819458, 67.7352523804, 108.284996033, 45.2354011536, 115.545181274], [189.410598755, -101.925888062, 209.106002808, 54.0767707825, 121.689224243, 406.047424316, 191.575317383, 61.2350692749, 79.263381958, 35.4007072449, 46.9800605774, 17.4170646667, 60.9042663574], [-103.531585693, 103.987632751, 162.163619995, 159.621154785, 186.745574951, 191.575317383, 357.439056396, 99.363319397, 157.998397827, 69.3626708984, 108.969673157, 21.8681735992, 53.5561332703], [113.049880981, 19.8328666687, 98.1725845337, 61.0039291382, 122.062019348, 61.2350692749, 99.363319397, 171.173919678, 103.785888672, 47.6592063904, 46.9882164001, 30.6739025116, 36.5966186523], [-169.482543945, 38.7654380798, 163.344711304, 246.376556396, 192.786819458, 79.263381958, 157.998397827, 103.785888672, 316.827331543, 97.2724227905, 103.834838867, 40.1359596252, 57.5393180847], [185.749511719, -48.9609069824, 95.0566482544, 88.5233764648, 67.7352523804, 35.4007072449, 69.3626708984, 47.6592063904, 97.2724227905, 152.24848938, 78.6959762573, 44.1283798218, -2.59636974335], [-80.327911377, 182.542739868, 106.568611145, 82.8553314209, 108.284996033, 46.9800605774, 108.969673157, 46.9882164001, 103.834838867, 78.6959762573, 192.782836914, 69.2228851318, 58.503276825], [184.012023926, -102.947364807, 104.175956726, 61.5073738098, 45.2354011536, 17.4170646667, 21.8681735992, 30.6739025116, 40.1359596252, 44.1283798218, 69.2228851318, 171.411392212, 47.8652610779], [-123.476257324, 135.96963501, 109.362640381, 35.7660331726, 115.545181274, 60.9042663574, 53.5561332703, 36.5966186523, 57.5393180847, -2.59636974335, 58.503276825, 47.8652610779, 137.424835205]], "icov": [[0.00032727883081, 4.33825589425e-05, -5.38018957741e-06, -8.10780766187e-05, 0.000248952419497, -0.000249821692705, 0.000142570905155, -0.000436481932411, 0.000338953279424, -0.000538960157428, 0.000199759568204, -0.000326790381223, 0.000115275361168], [4.33825589425e-05, 0.00195819279179, -0.000433847686509, 0.00136837421451, -0.000522163347341, 0.00134209275711, -0.000727865786757, 0.000333567557391, -0.000353767769411, 0.00106261356268, -0.00247526913881, 0.00213426095434, -0.00139170791954], [-5.38018957741e-06, -0.000433847686509, 0.00208090245724, -0.000568860501517, -5.70905358472e-05, -0.00101612624712, 0.00021168065723, -0.000278071529465, -2.22644466703e-05, -0.000858782208525, 0.000625115935691, -0.0010616738582, -0.000496863212902], [-8.10780766187e-05, 0.00136837421451, -0.000568860501517, 0.00376996654086, -0.000737889786251, 0.00136453437153, -0.00117834098637, 0.00111045618542, -0.00233852281235, 0.000853716454003, -0.00143868953455, 0.000958521151915, -0.000502160808537], [0.000248952419497, -0.000522163347341, -5.70905358472e-05, -0.000737889786251, 0.00413951463997, -0.000584549154155, -0.000382891477784, -0.00153444462921, -0.000422178767622, -0.00103451113682, 0.000662573496811, -0.00042954608216, -0.00166098948102], [-0.000249821692705, 0.00134209275711, -0.00101612624712, 0.00136453437153, -0.000584549154155, 0.00488400505856, -0.00255205575377, 0.000644520390779, -0.000432847096818, 0.00100322137587, -0.00128373957705, 0.00195806473494, -0.00188424764201], [0.000142570905155, -0.000727865786757, 0.00021168065723, -0.00117834098637, -0.000382891477784, -0.00255205575377, 0.00581054389477, -0.00154754100367, -0.000276336388197, -0.000590096227825, -0.000817703432404, -0.000158996874234, 0.00109514489304], [-0.000436481932411, 0.000333567557391, -0.000278071529465, 0.00111045618542, -0.00153444462921, 0.000644520390779, -0.00154754100367, 0.00916581042111, -0.00233243918046, 2.36648902501e-05, -6.18552221567e-05, 8.22198780952e-05, -0.000648487301078], [0.000338953279424, -0.000353767769411, -2.22644466703e-05, -0.00233852281235, -0.000422178767622, -0.000432847096818, -0.000276336388197, -0.00233243918046, 0.00746975513175, -0.0026994345244, -0.000218501634663, 7.33602573746e-05, -0.00055456411792], [-0.000538960157428, 0.00106261356268, -0.000858782208525, 0.000853716454003, -0.00103451113682, 0.00100322137587, -0.000590096227825, 2.36648902501e-05, -0.0026994345244, 0.012410026975, -0.00509919133037, 0.000335119431838, 0.00299324118532], [0.000199759568204, -0.00247526913881, 0.000625115935691, -0.00143868953455, 0.000662573496811, -0.00128373957705, -0.000817703432404, -6.18552221567e-05, -0.000218501634663, -0.00509919133037, 0.0125180380419, -0.00497621111572, -0.00074820430018], [-0.000326790381223, 0.00213426095434, -0.0010616738582, 0.000958521151915, -0.00042954608216, 0.00195806473494, -0.000158996874234, 8.22198780952e-05, 7.33602573746e-05, 0.000335119431838, -0.00497621111572, 0.0106840031222, -0.00390363042243], [0.000115275361168, -0.00139170791954, -0.000496863212902, -0.000502160808537, -0.00166098948102, -0.00188424764201, 0.00109514489304, -0.000648487301078, -0.00055456411792, 0.00299324118532, -0.00074820430018, -0.00390363042243, 0.0132277589291]]}, "melbands": {"dmean": [0.00663671409711, 0.00228586047888, 0.000618848425802, 0.000539543631021, 0.000146217702422, 0.000122334604384, 0.000340107508237, 0.000183052005013, 0.000376737734769, 0.000204156836844, 7.31439940864e-05, 4.88313562528e-05, 3.19927748933e-05, 1.60730196512e-05, 1.45305912156e-05, 1.25067890622e-05, 1.61877505889e-05, 2.80657113763e-05, 3.10300601996e-05, 4.09133572248e-05, 0.000105353268737, 4.51419509773e-05, 1.0433159332e-05, 1.07667601696e-05, 6.56164911561e-06, 4.15589374825e-06, 4.06006847697e-06, 3.88469106838e-06, 2.07076095649e-06, 2.19437652049e-06, 2.93978678201e-06, 4.24528889198e-06, 3.67479037777e-06, 5.27919792148e-06, 6.34048592474e-06, 3.96537325287e-06, 2.52957602243e-06, 1.71043734554e-06, 1.83255133379e-06, 2.17887327381e-06], "dmean2": [0.00677118869498, 0.00339440396056, 0.00101080629975, 0.000839632586576, 0.000220274232561, 0.000184881573659, 0.000505268631969, 0.000273373763775, 0.000546811614186, 0.000300800486002, 0.000107955507701, 7.17556322343e-05, 4.7019279009e-05, 2.46937506745e-05, 2.29438664974e-05, 2.04075731745e-05, 2.65902599494e-05, 4.53810680483e-05, 4.99243542436e-05, 6.95913695381e-05, 0.000179890324944, 7.93660947238e-05, 1.68116184796e-05, 1.80886363523e-05, 1.09905995487e-05, 6.83688722347e-06, 6.53455163047e-06, 6.5092181103e-06, 3.37694473274e-06, 3.45075113728e-06, 4.55840881841e-06, 6.60295927446e-06, 5.57303201276e-06, 8.35256741993e-06, 1.02127660284e-05, 6.45760519546e-06, 4.26945871368e-06, 2.72166448667e-06, 2.90793764179e-06, 3.58578972737e-06], "dvar": [0.000228375720326, 2.45190167334e-05, 4.09800713896e-06, 8.74295494668e-07, 1.32815415554e-07, 1.03446339494e-07, 4.02247309239e-07, 1.41957144706e-07, 4.94903304116e-07, 1.8857453199e-07, 2.68917936808e-08, 1.0695822894e-08, 6.44791331439e-09, 1.80614412315e-09, 2.12242334818e-09, 1.09256304004e-09, 1.3442574831e-09, 3.31299476741e-09, 3.28487170798e-09, 2.09609041235e-08, 2.27400903441e-07, 3.40038468494e-08, 5.46009015778e-10, 7.33463956237e-10, 3.09811593047e-10, 1.12431161603e-10, 1.00156417882e-10, 8.79112130314e-11, 2.85602774069e-11, 3.97756098891e-11, 4.84811288337e-11, 9.2318090672e-11, 7.39565839125e-11, 1.46722134442e-10, 2.4287494238e-10, 1.0087133212e-10, 5.31827186456e-11, 1.1784803168e-11, 1.5358233782e-11, 2.25454516167e-11], "dvar2": [0.000426496291766, 7.15187998139e-05, 9.63885577221e-06, 2.01893908525e-06, 2.44507248226e-07, 2.03572810165e-07, 8.30523731565e-07, 3.14496446663e-07, 9.93942876448e-07, 4.02302987368e-07, 5.24414680569e-08, 1.99616909669e-08, 1.24807586488e-08, 4.21252277505e-09, 4.65336436051e-09, 2.84877565981e-09, 3.39593797527e-09, 8.12570988273e-09, 7.7948136834e-09, 5.61614470485e-08, 6.0768121557e-07, 8.75977974601e-08, 1.25172061605e-09, 1.95354399324e-09, 8.27579782481e-10, 2.95346913592e-10, 2.49153919718e-10, 2.25520019326e-10, 6.84357501224e-11, 8.65020485796e-11, 1.0869328354e-10, 2.09543396523e-10, 1.60157831441e-10, 3.47523787525e-10, 5.86322268514e-10, 2.46823006478e-10, 1.41382558438e-10, 2.82947103247e-11, 3.64330059177e-11, 5.67024587006e-11], "max": [0.236559689045, 0.0660723149776, 0.0460384264588, 0.018003564328, 0.00990877300501, 0.0132320420817, 0.0133897233754, 0.00770074455068, 0.00875316746533, 0.00972627755255, 0.0049117510207, 0.00288534979336, 0.00248654745519, 0.00106380763464, 0.00134663749486, 0.00117868359666, 0.000712926674169, 0.000898036698345, 0.0010609732708, 0.00156680773944, 0.00519521767274, 0.00203438312747, 0.000596192257944, 0.000326023407979, 0.000316547055263, 0.000188009304111, 0.000245090515818, 0.000221391237574, 0.000156543625053, 0.000185176933883, 0.000182472591405, 0.000180549977813, 0.000196940396563, 0.000246890034759, 0.00042275825399, 0.000189824335393, 0.000123427715153, 8.78216305864e-05, 9.18755395105e-05, 9.45781066548e-05], "mean": [0.0336738489568, 0.00791482347995, 0.000990914180875, 0.00108246691525, 0.000294820754789, 0.000211709950236, 0.000631344446447, 0.000331338989781, 0.000706723192707, 0.00040180576616, 0.000130366010126, 8.69218274602e-05, 5.18232081959e-05, 2.54786791629e-05, 2.14599458559e-05, 1.75265158759e-05, 2.20338279178e-05, 3.50078407791e-05, 3.80295714422e-05, 3.88758380723e-05, 8.49370844662e-05, 4.33657478425e-05, 1.45129124576e-05, 1.25584147099e-05, 7.43806504033e-06, 5.0036378525e-06, 5.04142599311e-06, 4.17967657995e-06, 2.42754208557e-06, 2.73912019111e-06, 3.53396785613e-06, 5.05914022142e-06, 5.11683674631e-06, 6.55063468002e-06, 1.00284532891e-05, 5.48713796888e-06, 2.85514488496e-06, 2.44672105509e-06, 2.49743811764e-06, 2.61826312453e-06], "median": [0.00119962252211, 0.004740096163, 0.000545464106835, 0.000451612926554, 8.26629184303e-05, 5.22555164935e-05, 0.000194979162188, 8.39725835249e-05, 0.000231546611758, 0.000135071779368, 3.82561011065e-05, 2.46629206231e-05, 1.54348854267e-05, 8.0664676716e-06, 6.00871453571e-06, 5.7267475313e-06, 7.41855001252e-06, 1.20185895867e-05, 1.471403084e-05, 1.16198889373e-05, 1.81656232598e-05, 1.29465670398e-05, 6.36766799289e-06, 4.27459144703e-06, 2.25134886023e-06, 1.64531729752e-06, 1.76320759238e-06, 1.3741029079e-06, 7.84549513355e-07, 7.7867298387e-07, 1.01998648461e-06, 1.11924225621e-06, 1.20801132653e-06, 1.66971130966e-06, 1.35136031076e-06, 7.79857089128e-07, 5.5110467656e-07, 7.27216104224e-07, 8.41855637645e-07, 9.9057456282e-07], "min": [2.67138811703e-24, 2.97697311019e-24, 1.62519753048e-24, 1.29121100065e-23, 1.16372074429e-23, 4.11751432063e-24, 2.4622875179e-24, 6.74484909206e-24, 1.86163647899e-23, 6.31177786573e-24, 5.52455818562e-24, 4.57461543343e-24, 5.02555909243e-24, 1.94073082879e-23, 1.8225712981e-23, 1.75375848802e-23, 8.94924594992e-24, 1.05879080541e-23, 8.07064028381e-24, 9.37337228244e-24, 1.56456944811e-23, 1.83990399214e-23, 8.55177522738e-24, 1.53699544626e-23, 9.55883111468e-24, 8.04904600539e-24, 1.06540027651e-23, 1.15342240183e-23, 9.38132794467e-24, 6.62041022857e-24, 1.35326737485e-23, 1.10276656655e-23, 1.44743417442e-23, 1.4753426533e-23, 1.14181959898e-23, 9.16853981524e-24, 9.3197557733e-24, 1.23907975882e-23, 9.38059035972e-24, 7.47906165807e-24], "var": [0.00286861788481, 7.86175514804e-05, 4.29468855145e-06, 2.2273943614e-06, 5.91816160522e-07, 2.50515086009e-07, 1.02379544842e-06, 3.76401914082e-07, 1.27554687879e-06, 5.07183358422e-07, 7.01055213881e-08, 3.56131515389e-08, 1.4347963706e-08, 3.35688143949e-09, 3.90637522329e-09, 1.5089296479e-09, 1.91691507112e-09, 4.16354373201e-09, 4.31429292291e-09, 1.49042218567e-08, 1.53874637476e-07, 2.51056953005e-08, 7.51955331335e-10, 6.84157841491e-10, 2.86605988942e-10, 1.14751548541e-10, 1.1611405587e-10, 8.62911964106e-11, 3.40928257847e-11, 5.3391492616e-11, 6.27676174925e-11, 1.21621254734e-10, 1.27530527805e-10, 2.03227254469e-10, 5.64497393274e-10, 1.61517618724e-10, 4.86009045508e-11, 1.94996536279e-11, 2.11564533253e-11, 2.23668479571e-11]}, "mfcc": {"mean": [-637.32208252, 115.786682129, 25.5872459412, 18.5116481781, 20.707069397, 2.46561408043, -9.75378417969, 16.2429866791, 17.4628925323, 12.7981357574, 7.03407144547, -1.01335370541, 4.04709434509], "cov": [[4099.79492188, -861.820129395, 67.7657852173, -190.628692627, -203.151947021, -31.7008876801, -25.8907279968, -34.3757514954, -83.6932830811, -24.5303287506, 16.9846897125, -60.637676239, 40.3847846985], [-861.820129395, 1442.83642578, -61.5912895203, -146.862564087, 70.5183410645, -142.120422363, 156.213531494, -49.6831283569, 14.2942762375, -57.8070983887, 37.1962013245, -19.0776557922, 62.7368621826], [67.7657852173, -61.5912895203, 583.303405762, 46.761844635, 76.7722702026, 153.256790161, 64.002281189, 87.5138549805, 62.321346283, 75.185760498, 44.9663543701, 50.3947715759, 42.5932655334], [-190.628692627, -146.862564087, 46.761844635, 558.140197754, 112.166885376, 57.272605896, -57.847278595, 69.5857849121, 58.361240387, 85.8769226074, 76.3996200562, 144.512878418, 82.6231536865], [-203.151947021, 70.5183410645, 76.7722702026, 112.166885376, 316.810577393, 76.6453399658, 32.969959259, 73.5724258423, 108.213378906, 63.8655052185, 40.3513793945, 45.9809608459, 56.3085746765], [-31.7008876801, -142.120422363, 153.256790161, 57.272605896, 76.6453399658, 302.453338623, 112.398002625, 105.88684082, 82.6990203857, 110.353492737, 70.5793838501, 64.5987014771, 20.3517684937], [-25.8907279968, 156.213531494, 64.002281189, -57.847278595, 32.969959259, 112.398002625, 266.628845215, 83.9859695435, 63.3948440552, 44.5626602173, 66.4490432739, 0.940040171146, 18.7174415588], [-34.3757514954, -49.6831283569, 87.5138549805, 69.5857849121, 73.5724258423, 105.88684082, 83.9859695435, 198.779342651, 95.1626052856, 68.5772857666, 44.3217124939, 44.6215286255, 52.7008743286], [-83.6932830811, 14.2942762375, 62.321346283, 58.361240387, 108.213378906, 82.6990203857, 63.3948440552, 95.1626052856, 186.393478394, 90.7200775146, 50.006149292, 36.5228347778, 21.188041687], [-24.5303287506, -57.8070983887, 75.185760498, 85.8769226074, 63.8655052185, 110.353492737, 44.5626602173, 68.5772857666, 90.7200775146, 204.617294312, 99.2472991943, 45.0744132996, 1.83787572384], [16.9846897125, 37.1962013245, 44.9663543701, 76.3996200562, 40.3513793945, 70.5793838501, 66.4490432739, 44.3217124939, 50.006149292, 99.2472991943, 172.915328979, 72.7236862183, 34.6985702515], [-60.637676239, -19.0776557922, 50.3947715759, 144.512878418, 45.9809608459, 64.5987014771, 0.940040171146, 44.6215286255, 36.5228347778, 45.0744132996, 72.7236862183, 181.211730957, 77.4381408691], [40.3847846985, 62.7368621826, 42.5932655334, 82.6231536865, 56.3085746765, 20.3517684937, 18.7174415588, 52.7008743286, 21.188041687, 1.83787572384, 34.6985702515, 77.4381408691, 156.688034058]], "icov": [[0.000320171500789, 0.000254997983575, -5.67612478335e-05, 0.000159340401297, 0.000122897632536, 0.000166702491697, -0.000113310183224, 0.000115954906505, -6.77963782891e-07, -5.54068174097e-06, -0.000209338686545, 0.000148307473864, -0.000371277070371], [0.000254997983575, 0.00113572378177, -3.04172281176e-05, 0.000337184086675, -0.000239603410591, 0.000850049080327, -0.000894861819688, 0.000537247513421, -0.000150557549205, 0.000105028637336, -0.000385272724088, 3.24073189404e-05, -0.000699668948073], [-5.67612478335e-05, -3.04172281176e-05, 0.00204548262991, 4.18500276282e-05, -0.000192278530449, -0.000834319682326, 1.58156217367e-05, -0.000299278326565, 3.58510042133e-05, -0.000235640793107, 0.000135345311719, -9.67100786511e-05, -0.000259316264419], [0.000159340401297, 0.000337184086675, 4.18500276282e-05, 0.00272515183315, -0.000534686842002, 0.000266291637672, 0.000708919833414, -0.00035206915345, 4.14979294874e-05, -0.000543698784895, -0.000456548208604, -0.00138604152016, -0.000646282860544], [0.000122897632536, -0.000239603410591, -0.000192278530449, -0.000534686842002, 0.00449484679848, -0.000588649418205, 0.000361714250175, -6.60637088004e-05, -0.00205970322713, -0.000125261445646, 9.08428046387e-05, 0.000474825617857, -0.00113615242299], [0.000166702491697, 0.000850049080327, -0.000834319682326, 0.000266291637672, -0.000588649418205, 0.00627931207418, -0.00229438417591, -0.000862794637214, 2.72350553132e-05, -0.00168776372448, 8.47288101795e-05, -0.00148891017307, 0.000396470160922], [-0.000113310183224, -0.000894861819688, 1.58156217367e-05, 0.000708919833414, 0.000361714250175, -0.00229438417591, 0.00647358689457, -0.00189512630459, -0.000725869729649, 0.000818503380287, -0.00203453330323, 0.00122769759037, -2.614607547e-05], [0.000115954906505, 0.000537247513421, -0.000299278326565, -0.00035206915345, -6.60637088004e-05, -0.000862794637214, -0.00189512630459, 0.00875004194677, -0.00276512908749, -0.000665421423037, 0.000552512821741, 0.000155475252541, -0.00237628747709], [-6.77963782891e-07, -0.000150557549205, 3.58510042133e-05, 4.14979294874e-05, -0.00205970322713, 2.72350553132e-05, -0.000725869729649, -0.00276512908749, 0.00937639456242, -0.00254349922761, 0.000294031196972, -0.00055957888253, 0.00075558089884], [-5.54068174097e-06, 0.000105028637336, -0.000235640793107, -0.000543698784895, -0.000125261445646, -0.00168776372448, 0.000818503380287, -0.000665421423037, -0.00254349922761, 0.00930830463767, -0.00430293520913, 0.000530796300154, 0.00162571296096], [-0.000209338686545, -0.000385272724088, 0.000135345311719, -0.000456548208604, 9.08428046387e-05, 8.47288101795e-05, -0.00203453330323, 0.000552512821741, 0.000294031196972, -0.00430293520913, 0.0103342225775, -0.00292560388334, -0.000406194536481], [0.000148307473864, 3.24073189404e-05, -9.67100786511e-05, -0.00138604152016, 0.000474825617857, -0.00148891017307, 0.00122769759037, 0.000155475252541, -0.00055957888253, 0.000530796300154, -0.00292560388334, 0.00975052639842, -0.00357180810533], [-0.000371277070371, -0.000699668948073, -0.000259316264419, -0.000646282860544, -0.00113615242299, 0.000396470160922, -2.614607547e-05, -0.00237628747709, 0.00075558089884, 0.00162571296096, -0.000406194536481, -0.00357180810533, 0.0100623602048]]}, "spectral_contrast_coeffs": {"dmean": [0.049564037472, 0.0568710304797, 0.0429876744747, 0.0366450175643, 0.0296072047204, 0.0215606540442], "dmean2": [0.0804667845368, 0.090335957706, 0.0668801218271, 0.0587975569069, 0.0471540279686, 0.0327662080526], "dvar": [0.0017167897895, 0.00231040711515, 0.00123620603699, 0.00100816693157, 0.000616641889792, 0.000408861669712], "dvar2": [0.00439273146912, 0.00543750124052, 0.00283298455179, 0.00251275184564, 0.00145484344102, 0.000867669295985], "max": [-0.248849973083, -0.395534694195, -0.467922329903, -0.55013525486, -0.597968399525, -0.525719761848], "mean": [-0.589672923088, -0.662266850471, -0.739588439465, -0.770918130875, -0.772300958633, -0.785991728306], "median": [-0.595612943172, -0.658113479614, -0.746795296669, -0.7745013237, -0.775945425034, -0.792757153511], "min": [-0.974335312843, -0.962921798229, -0.961701989174, -0.953660607338, -0.959070324898, -0.960755228996], "var": [0.00923258438706, 0.00793782714754, 0.00612012157217, 0.00225846492685, 0.00167210632935, 0.00168301630765]}, "spectral_contrast_valleys": {"dmean": [0.452940762043, 0.431335568428, 0.375250041485, 0.318479061127, 0.344374597073, 0.387576848269], "dmean2": [0.73604375124, 0.716154873371, 0.611170589924, 0.498235970736, 0.504316091537, 0.50932520628], "dvar": [0.186354681849, 0.184770196676, 0.154876276851, 0.130273267627, 0.166379407048, 0.19031983614], "dvar2": [0.414581537247, 0.427339792252, 0.338802009821, 0.251952767372, 0.299451559782, 0.288617521524], "max": [-4.81863117218, -4.60620450974,