{"lowlevel": {"average_loudness": 0.948230206966, "barkbands_crest": {"dmean": 2.24985909462, "dmean2": 3.48741722107, "dvar": 6.74590206146, "dvar2": 16.175699234, "max": 25.1459350586, "mean": 15.4709291458, "median": 16.2803421021, "min": 2.08129286766, "var": 20.8206043243}, "barkbands_flatness_db": {"dmean": 0.0373018272221, "dmean2": 0.0470577664673, "dvar": 0.00189173792023, "dvar2": 0.00324826757424, "max": 0.723066687584, "mean": 0.245599478483, "median": 0.246363863349, "min": 0.0346892476082, "var": 0.01125839632}, "barkbands_kurtosis": {"dmean": 8.65146446228, "dmean2": 13.2358865738, "dvar": 145.283966064, "dvar2": 326.440002441, "max": 173.296585083, "mean": 19.8832530975, "median": 16.5522918701, "min": -1.86043453217, "var": 350.17376709}, "barkbands_skewness": {"dmean": 0.857813596725, "dmean2": 1.26033222675, "dvar": 0.98415273428, "dvar2": 2.2890920639, "max": 10.7916440964, "mean": 2.94554758072, "median": 3.00857496262, "min": -2.33387136459, "var": 3.18063688278}, "barkbands_spread": {"dmean": 5.02287912369, "dmean2": 7.44100093842, "dvar": 74.6619873047, "dvar2": 149.361068726, "max": 103.144683838, "mean": 11.5525884628, "median": 5.37571144104, "min": 0.498067677021, "var": 221.509506226}, "dissonance": {"dmean": 0.0160932168365, "dmean2": 0.0264533348382, "dvar": 0.000374020048184, "dvar2": 0.00091900647385, "max": 0.500000536442, "mean": 0.463498234749, "median": 0.472761213779, "min": 0.184706106782, "var": 0.0015937613789}, "dynamic_complexity": 4.3838057518, "erbbands_crest": {"dmean": 2.15866184235, "dmean2": 3.35846281052, "dvar": 6.13280725479, "dvar2": 13.6944179535, "max": 24.3274841309, "mean": 10.9424190521, "median": 11.084936142, "min": 2.60753655434, "var": 18.8078155518}, "erbbands_flatness_db": {"dmean": 0.0297164656222, "dmean2": 0.0354175530374, "dvar": 0.00114084163215, "dvar2": 0.00187578273471, "max": 0.59650427103, "mean": 0.210415437818, "median": 0.202625736594, "min": 0.0427419319749, "var": 0.00734229106456}, "erbbands_kurtosis": {"dmean": 2.77714347839, "dmean2": 3.92974305153, "dvar": 26.6384239197, "dvar2": 47.1847305298, "max": 154.299301147, "mean": 4.86214876175, "median": 1.47757124901, "min": -1.79585087299, "var": 109.11277771}, "erbbands_skewness": {"dmean": 0.556917846203, "dmean2": 0.794515788555, "dvar": 0.461568802595, "dvar2": 0.929187774658, "max": 8.84955406189, "mean": 1.4874278307, "median": 1.49205553532, "min": -2.92617726326, "var": 1.91479003429}, "erbbands_spread": {"dmean": 10.536359787, "dmean2": 15.1661186218, "dvar": 196.845626831, "dvar2": 413.378509521, "max": 136.53302002, "mean": 36.7756004333, "median": 34.8806152344, "min": 0.948558270931, "var": 588.95300293}, "hfc": {"dmean": 4.74122095108, "dmean2": 6.99050998688, "dvar": 88.789680481, "dvar2": 206.506912231, "max": 107.922409058, "mean": 10.5792541504, "median": 7.7002825737, "min": 8.07718392171e-10, "var": 133.176467896}, "melbands_crest": {"dmean": 2.46019816399, "dmean2": 3.89060020447, "dvar": 6.94386148453, "dvar2": 17.3650665283, "max": 32.0648384094, "mean": 17.2317028046, "median": 17.244562149, "min": 2.9841542244, "var": 23.3687133789}, "melbands_flatness_db": {"dmean": 0.0447390824556, "dmean2": 0.0566644221544, "dvar": 0.00273407902569, "dvar2": 0.00491627398878, "max": 0.89750546217, "mean": 0.321347177029, "median": 0.325306475163, "min": 0.0222061555833, "var": 0.0166066288948}, "melbands_kurtosis": {"dmean": 15.1575727463, "dmean2": 22.9144535065, "dvar": 412.077362061, "dvar2": 963.242004395, "max": 202.49168396, "mean": 37.8764877319, "median": 31.1847667694, "min": -1.76067996025, "var": 1114.08215332}, "melbands_skewness": {"dmean": 0.993433833122, "dmean2": 1.48190975189, "dvar": 1.37886357307, "dvar2": 3.20127940178, "max": 10.9885988235, "mean": 4.00557470322, "median": 3.9904897213, "min": -0.818499028683, "var": 4.42141532898}, "melbands_spread": {"dmean": 5.45616769791, "dmean2": 8.10178184509, "dvar": 144.787475586, "dvar2": 303.43737793, "max": 200.373046875, "mean": 11.1442985535, "median": 4.12388801575, "min": 0.695290386677, "var": 400.133666992}, "pitch_salience": {"dmean": 0.0577744208276, "dmean2": 0.0940435826778, "dvar": 0.00299635040574, "dvar2": 0.00799953192472, "max": 0.884573996067, "mean": 0.596127986908, "median": 0.603165388107, "min": 0.200854554772, "var": 0.0110496869311}, "silence_rate_20dB": {"dmean": 0, "dmean2": 0, "dvar": 0, "dvar2": 0, "max": 1, "mean": 1, "median": 1, "min": 1, "var": 0}, "silence_rate_30dB": {"dmean": 0.00901838392019, "dmean2": 0.0180430263281, "dvar": 0.00893715396523, "dvar2": 0.0260448940098, "max": 1, "mean": 0.995145618916, "median": 1, "min": 0, "var": 0.00483082979918}, "silence_rate_60dB": {"dmean": 0.0235865414143, "dmean2": 0.0468424707651, "dvar": 0.0230307914317, "dvar2": 0.0460385084152, "max": 1, "mean": 0.123786404729, "median": 0, "min": 0, "var": 0.108460776508}, "spectral_centroid": {"dmean": 230.857620239, "dmean2": 337.563079834, "dvar": 160658.609375, "dvar2": 341408.65625, "max": 4317.17041016, "mean": 751.045959473, "median": 444.9715271, "min": 174.946960449, "var": 535309.1875}, "spectral_complexity": {"dmean": 3.36940693855, "dmean2": 4.76127672195, "dvar": 35.1873893738, "dvar2": 58.5379142761, "max": 58, "mean": 10.995839119, "median": 9, "min": 0, "var": 86.4337997437}, "spectral_decrease": {"dmean": 2.21714246962e-09, "dmean2": 3.40417716238e-09, "dvar": 1.90447053297e-17, "dvar2": 4.40606190519e-17, "max": -1.24479039864e-21, "mean": -7.09479142103e-09, "median": -5.77536152235e-09, "min": -4.58363551559e-08, "var": 3.94618621143e-17}, "spectral_energy": {"dmean": 0.00871834903955, "dmean2": 0.0133457677439, "dvar": 0.000284506822936, "dvar2": 0.000657226191834, "max": 0.17633831501, "mean": 0.0277369469404, "median": 0.0227898322046, "min": 7.79606143097e-14, "var": 0.000590802868828}, "spectral_energyband_high": {"dmean": 0.00028986306279, "dmean2": 0.000415053393226, "dvar": 4.62167662363e-07, "dvar2": 9.64382138591e-07, "max": 0.00806721951813, "mean": 0.000340159720508, "median": 2.14492392843e-05, "min": 4.5502752228e-14, "var": 6.71933150898e-07}, "spectral_energyband_low": {"dmean": 0.00356360175647, "dmean2": 0.00597214745358, "dvar": 0.000123786943732, "dvar2": 0.000327492976794, "max": 0.109585344791, "mean": 0.00550220254809, "median": 0.00232176645659, "min": 1.26268874337e-15, "var": 0.000106231462269}, "spectral_energyband_middle_high": {"dmean": 0.000966359104495, "dmean2": 0.00152814527974, "dvar": 6.88042655383e-06, "dvar2": 1.82909479918e-05, "max": 0.0300105046481, "mean": 0.00133377907332, "median": 0.000423019257141, "min": 1.63802043489e-14, "var": 7.06950640961e-06}, "spectral_energyband_middle_low": {"dmean": 0.00605392595753, "dmean2": 0.00913129281253, "dvar": 0.000111315042886, "dvar2": 0.000247179996222, "max": 0.137695550919, "mean": 0.021795142442, "median": 0.0182220377028, "min": 5.96905303776e-15, "var": 0.000349347857991}, "spectral_entropy": {"dmean": 0.36268132925, "dmean2": 0.454510807991, "dvar": 0.206548944116, "dvar2": 0.354839712381, "max": 8.77771949768, "mean": 6.61496257782, "median": 6.54287290573, "min": 3.86263418198, "var": 1.06606769562}, "spectral_flux": {"dmean": 0.0239412114024, "dmean2": 0.0350988693535, "dvar": 0.0013853762066, "dvar2": 0.00285013089888, "max": 0.362468272448, "mean": 0.0535357110202, "median": 0.037247158587, "min": 4.72423744213e-05, "var": 0.00267763016745}, "spectral_kurtosis": {"dmean": 11.4235210419, "dmean2": 17.4618206024, "dvar": 2006.14025879, "dvar2": 4790.125, "max": 1461.12683105, "mean": 22.9139862061, "median": 6.12867927551, "min": -0.249294519424, "var": 6166.28076172}, "spectral_rms": {"dmean": 0.000732189742848, "dmean2": 0.00106816564221, "dvar": 1.38871610034e-06, "dvar2": 2.94273172585e-06, "max": 0.0131163019687, "mean": 0.0046429047361, "median": 0.00471529224887, "min": 8.72118910422e-09, "var": 5.50390541321e-06}, "spectral_rolloff": {"dmean": 410.053283691, "dmean2": 662.293884277, "dvar": 1194158.125, "dvar2": 2371770.5, "max": 19035.3515625, "mean": 856.617919922, "median": 301.46484375, "min": 172.265625, "var": 2343015.75}, "spectral_skewness": {"dmean": 0.703763961792, "dmean2": 1.02064418793, "dvar": 1.16590261459, "dvar2": 2.41962480545, "max": 30.918056488, "mean": 2.82295513153, "median": 2.00189733505, "min": 0.485886245966, "var": 7.59769010544}, "spectral_spread": {"dmean": 847665.8125, "dmean2": 1124407.75, "dvar": 1040358244350.0, "dvar2": 1677985972220.0, "max": 19572058, "mean": 3992676.75, "median": 3772600.75, "min": 76035.671875, "var": 4761170477060.0}, "spectral_strongpeak": {"dmean": 0.242505043745, "dmean2": 0.401585400105, "dvar": 0.0958150029182, "dvar2": 0.22123759985, "max": 3.66265702248, "mean": 0.80546349287, "median": 0.753901839256, "min": 3.52341544385e-07, "var": 0.271165281534}, "zerocrossingrate": {"dmean": 0.0111976116896, "dmean2": 0.0121829733253, "dvar": 0.000310846051434, "dvar2": 0.000354699091986, "max": 0.505859375, "mean": 0.0387106798589, "median": 0.025390625, "min": 0.00732421875, "var": 0.00158231449313}, "barkbands": {"dmean": [6.45070940664e-07, 0.00121436594054, 0.00210123020224, 0.00134992552921, 0.00475009763613, 0.000660591991618, 0.000298818253214, 8.74623729032e-05, 9.97392999125e-05, 7.978388021e-05, 8.50527503644e-05, 0.000182924501132, 0.000181210954906, 6.93728725309e-05, 8.28823394841e-05, 7.84376097727e-05, 8.06674433989e-05, 7.2175731475e-05, 0.000123129706481, 0.000112048408482, 8.3986989921e-05, 8.03769944469e-05, 4.07658299082e-05, 2.92870226986e-05, 2.26637203014e-05, 9.88322608464e-06, 3.45735793417e-06], "dmean2": [1.04617697616e-06, 0.00188902532682, 0.00370351248421, 0.00232642027549, 0.00720422994345, 0.000991398585029, 0.000451172178145, 0.000143172364915, 0.000150226260303, 0.000125244085211, 0.000139187337481, 0.000319998827763, 0.000294042401947, 0.000112628295028, 0.000130196436658, 0.000133042369271, 0.000128531319206, 0.000121324126667, 0.000207331060665, 0.000184513599379, 0.000131261142087, 0.000121714641864, 5.89376868447e-05, 4.13252419094e-05, 3.14147546305e-05, 1.399107623e-05, 4.53966958958e-06], "dvar": [1.95134750372e-12, 1.62124852068e-05, 4.56063244201e-05, 1.21181228678e-05, 8.1177255197e-05, 1.78203345058e-06, 5.0617177294e-07, 6.60445635958e-08, 5.57965975645e-08, 4.43234462466e-08, 5.98039449073e-08, 3.48379785464e-07, 2.33893317159e-07, 3.34034915284e-08, 5.20618357314e-08, 5.99081744213e-08, 6.35848493857e-08, 6.01062311034e-08, 1.39203450544e-07, 1.11466718522e-07, 5.97423692739e-08, 4.81651731832e-08, 7.93849608272e-09, 3.13200376745e-09, 1.9651187344e-09, 5.19535303667e-10, 5.59125315491e-11], "dvar2": [4.71515144637e-12, 3.84003142244e-05, 0.000131059321575, 3.18766433338e-05, 0.000189728641999, 4.23140545536e-06, 1.22795086099e-06, 1.82270085247e-07, 1.45178603361e-07, 1.16064612143e-07, 1.54701567112e-07, 9.77601644081e-07, 6.18364765614e-07, 8.85824960051e-08, 1.29604089238e-07, 1.60773268476e-07, 1.61278691735e-07, 1.63366962624e-07, 3.96436462324e-07, 3.04644345306e-07, 1.4868726339e-07, 1.07285870854e-07, 1.40222571332e-08, 5.69999158984e-09, 3.58621465857e-09, 1.03958097686e-09, 9.38663313743e-11], "max": [1.36839216793e-05, 0.0427507571876, 0.0679549574852, 0.0425875633955, 0.101939618587, 0.0282610226423, 0.0109593365341, 0.00433949427679, 0.00387834245339, 0.00301627558656, 0.00300283823162, 0.0063301473856, 0.00625123037025, 0.00232129194774, 0.00216739950702, 0.00247685937211, 0.00307684694417, 0.0034504213836, 0.00385303562507, 0.00494119850919, 0.00282111763954, 0.00219588936307, 0.00120936403982, 0.000729821505956, 0.000549740914721, 0.000261495326413, 0.000114470007247], "mean": [1.55063025886e-06, 0.00167298433371, 0.00260955584235, 0.00287150614895, 0.0154635058716, 0.00229122606106, 0.000796571781393, 0.000179240261787, 0.000164657103596, 0.000112179906864, 9.66208681348e-05, 0.000213460371015, 0.000245091097895, 7.62433119235e-05, 9.91628694464e-05, 7.86106757005e-05, 8.12918151496e-05, 7.84085132182e-05, 0.00017080536054, 0.000137210576213, 9.04002590687e-05, 8.43062007334e-05, 4.9904025218e-05, 3.44298641721e-05, 2.46196213993e-05, 9.84640428214e-06, 3.6113999613e-06], "median": [7.10030064965e-07, 0.00060883210972, 0.000964218575973, 0.00115987088066, 0.0127497706562, 0.00136952963658, 0.000262850779109, 8.29934433568e-05, 6.57576310914e-05, 3.47096283804e-05, 2.0565228624e-05, 2.83853478322e-05, 4.56108900835e-05, 1.48905965034e-05, 1.37480492413e-05, 8.71104930411e-06, 7.43061673347e-06, 7.59180238674e-06, 2.30965124501e-05, 1.37231509143e-05, 5.06378319187e-06, 3.92602942156e-06, 2.60443175648e-06, 1.82217195288e-06, 8.90975456969e-07, 1.40076565458e-07, 2.22349143542e-08], "min": [7.29887231858e-16, 6.11660437723e-16, 1.60544123428e-16, 3.62916269039e-16, 1.65128850721e-15, 4.50300714211e-16, 1.36770547636e-15, 5.82494975767e-16, 1.40049253356e-15, 9.00707519298e-16, 1.26461119053e-15, 2.86097236396e-15, 9.8461248547e-16, 2.13242662054e-15, 1.77609997666e-15, 1.52586188008e-15, 2.20064898345e-15, 1.24639860573e-15, 1.06944738794e-15, 1.16500318642e-15, 1.20395219656e-15, 1.34479905849e-15, 3.94368291143e-15, 3.02786898303e-15, 9.28462713748e-15, 1.20635042212e-14, 1.49200737079e-14], "var": [3.93548128114e-12, 1.62061551237e-05, 3.10947289108e-05, 1.8196838937e-05, 0.00019312495715, 8.07983087725e-06, 1.5902156747e-06, 8.62559446091e-08, 6.802018504e-08, 5.02610646436e-08, 5.83428878542e-08, 3.03128274481e-07, 2.64601908384e-07, 3.16551087565e-08, 5.80629944125e-08, 5.74679646093e-08, 6.20795717055e-08, 5.85970809652e-08, 1.35154394343e-07, 1.16814611317e-07, 6.61411974079e-08, 5.76944643171e-08, 1.3751665584e-08, 5.30526467202e-09, 2.89447643631e-09, 6.46521114422e-10, 9.00883326271e-11]}, "erbbands": {"dmean": [0.0142183108255, 0.353440582752, 1.96835184097, 3.72188019753, 9.9003944397, 20.7591056824, 10.1768932343, 4.57198381424, 4.8559217453, 2.09571456909, 1.94425296783, 2.26460170746, 2.03601551056, 3.04169130325, 5.47730445862, 6.31905984879, 8.00728988647, 4.60439538956, 3.34646558762, 4.72885370255, 4.23027992249, 4.87080335617, 3.38524603844, 6.12479686737, 6.61817884445, 4.77110815048, 3.86297535896, 2.92103505135, 3.33420562744, 1.89744997025, 1.08791732788, 0.652793169022, 0.490853250027, 0.288665533066, 0.137409806252, 0.0593109242618, 0.0132941845804, 0.00382466241717, 0.000626815890428, 3.57339267794e-05], "dmean2": [0.0216917116195, 0.554616212845, 3.43501329422, 6.50608110428, 14.907790184, 33.0123329163, 15.6629238129, 6.4668841362, 7.3272485733, 3.18536329269, 3.14146971703, 3.42753815651, 3.04025793076, 4.81117868423, 9.66551971436, 10.5960483551, 12.743516922, 7.53010797501, 5.26854896545, 7.60007238388, 6.93991041183, 7.81708335876, 5.32948970795, 10.2571144104, 11.30555439, 7.64743471146, 6.09610319138, 4.50468969345, 5.15650987625, 2.72211384773, 1.58946168423, 0.957441329956, 0.695260584354, 0.401478976011, 0.191631883383, 0.084835216403, 0.0188220664859, 0.00514051225036, 0.000826816423796, 4.78937909065e-05], "dvar": [0.00188790843822, 1.3738181591, 41.7975616455, 109.103721619, 269.928039551, 1826.8572998, 351.757293701, 73.6806335449, 115.312988281, 23.7605552673, 33.6727828979, 29.400472641, 22.351102829, 67.7607421875, 351.511505127, 346.67868042, 407.21270752, 122.169235229, 82.2290267944, 149.414779663, 181.073745728, 244.227981567, 102.745674133, 342.417327881, 389.718261719, 181.748046875, 147.748641968, 58.9834060669, 93.7651977539, 20.2187671661, 5.53953647614, 1.80107986927, 0.832769930363, 0.303686648607, 0.0762972086668, 0.0204038694501, 0.00085932930233, 6.80792072671e-05, 1.84162320238e-06, 4.51932313794e-09], "dvar2": [0.00435682851821, 3.28761291504, 118.180503845, 301.710845947, 598.01965332, 4561.04736328, 810.00769043, 149.526657104, 276.780944824, 57.5628623962, 92.2822875977, 77.2853393555, 55.3606872559, 172.522293091, 990.898742676, 937.509643555, 1040.77722168, 333.433929443, 201.50958252, 376.123046875, 479.204559326, 624.946655273, 252.061569214, 950.807067871, 1162.13989258, 477.517944336, 392.154418945, 133.318862915, 226.734970093, 38.1643829346, 10.1998472214, 3.49612808228, 1.57288706303, 0.570922553539, 0.142541691661, 0.042410235852, 0.00168406206649, 0.000113509806397, 3.18091588269e-06, 7.94620458322e-09], "max": [0.430922061205, 11.8581953049, 67.8566589355, 113.704231262, 159.381149292, 516.901245117, 316.769073486, 166.519378662, 172.32093811, 69.3149032593, 90.2578887939, 94.7250289917, 72.3734207153, 98.5405960083, 193.736206055, 186.814071655, 258.874084473, 111.809112549, 131.173568726, 118.528083801, 128.918838501, 190.265167236, 131.60697937, 176.288589478, 209.809280396, 187.822616577, 145.717163086, 83.0691452026, 95.8059310913, 54.1453895569, 32.071346283, 14.0852842331, 12.6655073166, 6.9379196167, 3.35828137398, 1.46558022499, 0.332977443933, 0.122955754399, 0.0223128087819, 0.00111778173596], "mean": [0.0247375331819, 0.490622758865, 2.55571007729, 6.95680236816, 29.7476520538, 57.2987480164, 35.1123504639, 17.1045532227, 13.9951601028, 6.0667014122, 3.65370678902, 3.78489279747, 3.3178999424, 3.98794579506, 5.62171268463, 8.41879463196, 11.4720687866, 5.53416633606, 3.82026267052, 5.64728069305, 4.31763362885, 4.84649658203, 4.28576755524, 8.9354095459, 7.68030643463, 5.55631113052, 3.87415933609, 3.31039142609, 3.31047177315, 2.17854547501, 1.30361437798, 0.770735025406, 0.556094765663, 0.315705418587, 0.144910275936, 0.0582260675728, 0.0134438052773, 0.00405854079872, 0.000661688914988, 6.04659981036e-05], "median": [0.0109914001077, 0.189953148365, 0.863261699677, 2.97783613205, 23.0424251556, 42.747833252, 26.2475738525, 8.56269836426, 5.08724832535, 2.90419173241, 1.7297809124, 1.57683515549, 1.0636330843, 1.2075047493, 1.11697912216, 1.66214060783, 2.51475691795, 1.33702135086, 0.57315158844, 0.8072655797, 0.482180207968, 0.462565273046, 0.692487716675, 1.17305588722, 1.50825214386, 0.637147188187, 0.228440433741, 0.209138095379, 0.148299962282, 0.115559466183, 0.0664552301168, 0.038578376174, 0.030185058713, 0.0144479395822, 0.00421637296677, 0.000974349328317, 0.000200861191843, 3.84042905353e-05, 2.2240805265e-05, 3.43729989254e-05], "min": [2.9502828403e-14, 9.77534161473e-14, 1.84164058244e-13, 7.31142902298e-13, 3.04400450159e-12, 6.25606684512e-12, 4.9921659688e-12, 3.8687469027e-12, 1.62630377915e-11, 1.7940463351e-11, 1.63834727035e-11, 3.24176518962e-11, 2.18265284319e-11, 5.70116523435e-11, 4.5678898164e-11, 1.21867183012e-10, 5.24578401551e-11, 1.22719640006e-10, 8.33538654765e-11, 8.66685057055e-11, 7.61302826335e-11, 1.13450547568e-10, 9.70134389489e-11, 7.53459031277e-11, 3.25055191097e-11, 5.54206264214e-11, 3.41825456829e-11, 5.9796896601e-11, 5.29571733687e-11, 7.21803589121e-11, 1.19224755069e-10, 5.9461185975e-11, 5.69333226397e-11, 5.62350305211e-11, 8.57645204855e-11, 5.10471977189e-11, 2.2222857235e-11, 7.66127786211e-12, 2.40932707812e-12, 2.23875307398e-13], "var": [0.00212218728848, 1.34808301926, 29.5930671692, 108.315307617, 752.288391113, 3471.24731445, 1207.28759766, 506.070037842, 429.603729248, 64.4586181641, 38.5027885437, 36.0044250488, 30.4900531769, 75.0094146729, 254.130706787, 384.012969971, 527.765930176, 125.034210205, 93.731803894, 173.167404175, 169.452529907, 233.255523682, 127.242256165, 363.98336792, 323.690155029, 195.994415283, 137.419143677, 77.475189209, 98.2560653687, 30.5628166199, 9.39242649078, 2.89691638947, 1.33591341972, 0.451294839382, 0.107310429215, 0.0240234900266, 0.00110660714563, 0.000107369756734, 2.88274304694e-06, 7.52435269646e-09]}, "gfcc": {"mean": [-94.6282958984, 127.023796082, -81.6133575439, 37.8363418579, -55.1480636597, -5.71838235855, -41.4304389954, -17.197385788, -35.0246429443, -10.5650291443, -5.42013502121, -6.80975914001, -8.02054786682], "cov": [[15235.8017578, -1353.05554199, -1613.6697998, 603.585083008, -536.956481934, 141.999557495, -390.660003662, -79.5794067383, -426.64465332, -63.9972572327, -207.27696228, 2.67805624008, -278.525695801], [-1353.05554199, 4092.07641602, 438.550323486, -591.260192871, 255.290557861, -730.371765137, 213.36882019, -420.196380615, 99.6279678345, -361.313751221, 412.638000488, -368.287414551, 161.511322021], [-1613.6697998, 438.550323486, 1464.13806152, -193.545974731, -174.012405396, -14.0341844559, 31.4324035645, 89.5288772583, 27.8115100861, -79.6530227661, -99.3831481934, -0.324272662401, 29.7880401611], [603.585083008, -591.260192871, -193.545974731, 484.081207275, -2.29272341728, 127.085708618, -28.5901489258, 45.330291748, -40.1595573425, 58.1102027893, -4.82917547226, 27.5515365601, -22.4990253448], [-536.956481934, 255.290557861, -174.012405396, -2.29272341728, 318.660675049, -35.2969894409, 33.4729728699, -47.025932312, -5.15228557587, 34.0759735107, 96.3890151978, -21.7091426849, 17.5168743134], [141.999557495, -730.371765137, -14.0341844559, 127.085708618, -35.2969894409, 262.697418213, -34.272441864, 90.9217987061, 21.6763916016, 53.1786727905, -117.056243896, 85.5717468262, 3.19111180305], [-390.660003662, 213.36882019, 31.4324035645, -28.5901489258, 33.4729728699, -34.272441864, 164.619003296, 35.0127334595, -27.1381454468, -47.2938613892, 60.8254241943, -12.8257732391, 6.29389953613], [-79.5794067383, -420.196380615, 89.5288772583, 45.330291748, -47.025932312, 90.9217987061, 35.0127334595, 160.651824951, -21.1887378693, 10.2364253998, -23.3676891327, 43.5983963013, -37.3285102844], [-426.64465332, 99.6279678345, 27.8115100861, -40.1595573425, -5.15228557587, 21.6763916016, -27.1381454468, -21.1887378693, 197.180038452, 25.3633232117, -94.4926528931, 0.49795871973, 75.8668441772], [-63.9972572327, -361.313751221, -79.6530227661, 58.1102027893, 34.0759735107, 53.1786727905, -47.2938613892, 10.2364253998, 25.3633232117, 166.349014282, -5.26666975021, 10.8350143433, -10.2167901993], [-207.27696228, 412.638000488, -99.3831481934, -4.82917547226, 96.3890151978, -117.056243896, 60.8254241943, -23.3676891327, -94.4926528931, -5.26666975021, 225.798431396, -32.9250793457, -43.1233215332], [2.67805624008, -368.287414551, -0.324272662401, 27.5515365601, -21.7091426849, 85.5717468262, -12.8257732391, 43.5983963013, 0.49795871973, 10.8350143433, -32.9250793457, 105.823112488, 5.96503162384], [-278.525695801, 161.511322021, 29.7880401611, -22.4990253448, 17.5168743134, 3.19111180305, 6.29389953613, -37.3285102844, 75.8668441772, -10.2167901993, -43.1233215332, 5.96503162384, 98.3357849121]], "icov": [[0.000111713947263, -0.000107190433482, 0.000176308880327, -0.000113383146527, 0.000210394588066, -2.36152645812e-05, 0.000198460373213, -6.55054609524e-05, 0.000396500894567, -6.85012710164e-05, 0.000398507603677, -0.00011507718591, 0.000207560617127], [-0.000107190433482, 0.00188915117178, -0.000763035321143, 0.000804276962299, -0.000596485857386, 0.00102410127874, -0.00050744751934, 0.00219263741747, -0.00223970855586, 0.00284863146953, -0.00345795438625, 0.00319133722223, -0.00173953932244], [0.000176308880327, -0.000763035321143, 0.00131794367917, -9.212007717e-05, 0.000790666555986, -0.000180284259841, 0.000452075095382, -0.00152477389202, 0.00141628424171, -0.000881243206095, 0.00191088102292, -0.000979958800599, 0.00030276668258], [-0.000113383146527, 0.000804276962299, -9.212007717e-05, 0.00306805712171, -0.000145151148899, -0.00108206400182, 5.67364804738e-05, 0.000542641500942, -0.000473696214613, 0.0007447010139, -0.00214330572635, 0.00196182006039, -0.00126500835177], [0.000210394588066, -0.000596485857386, 0.000790666555986, -0.000145151148899, 0.00475099030882, -0.00105350464582, -0.000245000963332, 0.000294053024845, 0.000988315790892, -0.00169233453926, -0.000639003294054, -0.000362897786545, -0.000578452716582], [-2.36152645812e-05, 0.00102410127874, -0.000180284259841, -0.00108206400182, -0.00105350464582, 0.00976296328008, -1.59830324264e-05, -0.00204330286942, -0.000351395021426, -5.74904697714e-05, 0.00253645540215, -0.00255425553769, -0.0013132704189], [0.000198460373213, -0.00050744751934, 0.000452075095382, 5.67364804738e-05, -0.000245000963332, -1.59830324264e-05, 0.0095723522827, -0.00458661001176, 0.00166223547421, 0.00171279383358, -0.00132606492843, 0.000788516714238, -0.00277181225829], [-6.55054609524e-05, 0.00219263741747, -0.00152477389202, 0.000542641500942, 0.000294053024845, -0.00204330286942, -0.00458661001176, 0.0142681058496, -0.00332385487854, 0.00277228141204, -0.00365002080798, 0.00115221948363, 0.00370478257537], [0.000396500894567, -0.00223970855586, 0.00141628424171, -0.000473696214613, 0.000988315790892, -0.000351395021426, 0.00166223547421, -0.00332385487854, 0.0125596178696, -0.00503008812666, 0.00768583733588, -0.00254904758185, -0.00395588763058], [-6.85012710164e-05, 0.00284863146953, -0.000881243206095, 0.0007447010139, -0.00169233453926, -5.74904697714e-05, 0.00171279383358, 0.00277228141204, -0.00503008812666, 0.0123190023005, -0.00638350751251, 0.00532486056909, -0.00115106231533], [0.000398507603677, -0.00345795438625, 0.00191088102292, -0.00214330572635, -0.000639003294054, 0.00253645540215, -0.00132606492843, -0.00365002080798, 0.00768583733588, -0.00638350751251, 0.0166100598872, -0.00684868264943, 0.00557639915496], [-0.00011507718591, 0.00319133722223, -0.000979958800599, 0.00196182006039, -0.000362897786545, -0.00255425553769, 0.000788516714238, 0.00115221948363, -0.00254904758185, 0.00532486056909, -0.00684868264943, 0.0193282365799, -0.00594334723428], [0.000207560617127, -0.00173953932244, 0.00030276668258, -0.00126500835177, -0.000578452716582, -0.0013132704189, -0.00277181225829, 0.00370478257537, -0.00395588763058, -0.00115106231533, 0.00557639915496, -0.00594334723428, 0.020700853318]]}, "melbands": {"dmean": [0.000238241496845, 0.000837589672301, 0.000716516980901, 0.00121870508883, 0.000438727700384, 0.00010111235315, 7.03273908584e-05, 2.14706051338e-05, 1.57948743436e-05, 1.41668497236e-05, 1.01102468761e-05, 1.23737963804e-05, 1.43864572237e-05, 2.28548542509e-05, 1.23379095385e-05, 2.03839772439e-05, 7.29206112737e-06, 5.19033574164e-06, 7.02343004377e-06, 5.76048614676e-06, 4.61813124275e-06, 5.25425048181e-06, 3.70032671526e-06, 3.26577969645e-06, 5.2804648476e-06, 4.66843584945e-06, 5.57033899895e-06, 2.60071738012e-06, 2.5039130378e-06, 2.0447564566e-06, 1.57944941748e-06, 1.91131789506e-06, 1.51329209075e-06, 9.35010803005e-07, 7.17912485015e-07, 4.14253690906e-07, 4.09921796063e-07, 3.58362029829e-07, 3.06638668235e-07, 2.28352107001e-07], "dmean2": [0.000364267616533, 0.0014239018783, 0.00121400004718, 0.00186224339996, 0.000686318730004, 0.000145972939208, 0.00010486967949, 3.34460164595e-05, 2.53267717198e-05, 2.11832848436e-05, 1.51481353896e-05, 1.97503868549e-05, 2.4328712243e-05, 4.04738020734e-05, 2.00561626116e-05, 3.2815416489e-05, 1.20912500279e-05, 8.48054787639e-06, 1.10779610623e-05, 9.72330690274e-06, 7.59972726883e-06, 8.62713204697e-06, 5.74662817598e-06, 5.37673167855e-06, 8.82958011061e-06, 8.02776412456e-06, 9.58716282184e-06, 4.00636099585e-06, 4.02909745389e-06, 3.27978045789e-06, 2.41123188971e-06, 2.98947884403e-06, 2.29562147069e-06, 1.33915568767e-06, 1.08014364741e-06, 6.39872951069e-07, 6.04092520007e-07, 5.27128349859e-07, 4.27781060353e-07, 3.23057236074e-07], "dvar": [5.89591820699e-07, 7.43569671613e-06, 3.03508818433e-06, 5.68998439121e-06, 6.01782460308e-07, 3.89837317982e-08, 2.57808050463e-08, 2.50519027745e-09, 2.16081530446e-09, 1.01977581934e-09, 5.5281473843e-10, 1.13985665351e-09, 2.14631556972e-09, 5.34373389982e-09, 9.28544630074e-10, 3.18749715511e-09, 3.11128622865e-10, 2.33758956636e-10, 3.581898389e-10, 2.89392954045e-10, 2.08237913024e-10, 3.31997873637e-10, 9.96942389753e-11, 1.39269137889e-10, 2.58030291578e-10, 2.0351249852e-10, 3.00262842368e-10, 4.87038950836e-11, 6.68611832566e-11, 3.50859133413e-11, 1.67684789665e-11, 3.15747844537e-11, 1.69559522673e-11, 4.58572112574e-12, 2.56301728972e-12, 8.56247581518e-13, 7.06573959498e-13, 4.7324942359e-13, 3.37304159213e-13, 2.0202829481e-13], "dvar2": [1.36714675136e-06, 2.02166429517e-05, 8.08469212643e-06, 1.32782752189e-05, 1.39046801451e-06, 8.42398861778e-08, 6.16106774487e-08, 6.32050101146e-09, 5.85622705884e-09, 2.65198907279e-09, 1.36713951271e-09, 2.96617708173e-09, 5.85685988597e-09, 1.5006516918e-08, 2.4067550175e-09, 8.481879199e-09, 8.5009266293e-10, 5.94208071636e-10, 9.00110597168e-10, 7.79157849351e-10, 5.42838773931e-10, 8.69863570063e-10, 2.32648872389e-10, 3.8455760798e-10, 7.10164038686e-10, 5.99752081332e-10, 8.80192030372e-10, 1.18922191539e-10, 1.7903971361e-10, 8.98046706443e-11, 3.64701879807e-11, 7.53125478647e-11, 3.94169696882e-11, 8.08744304165e-12, 4.94603490109e-12, 1.81959764096e-12, 1.40844530049e-12, 9.31788717365e-13, 6.16595966993e-13, 3.9950285918e-13], "max": [0.0080888364464, 0.0289987027645, 0.0183320604265, 0.0285499487072, 0.0111142769456, 0.00395314255729, 0.00253976299427, 0.000785676413216, 0.000645728607196, 0.000520554604009, 0.000363992818166, 0.00042184634367, 0.000477719207993, 0.00079707527766, 0.000327273126459, 0.000724717567209, 0.000167279620655, 0.000240804467467, 0.000181512557901, 0.000208152123378, 0.000143084165757, 0.00022110719874, 0.000104488841316, 0.000172105632373, 0.000159137140145, 0.000150917519932, 0.000224191317102, 9.78175376076e-05, 9.69747707131e-05, 8.93418109627e-05, 5.42258712812e-05, 5.5412423535e-05, 4.14950554841e-05, 2.73964142252e-05, 2.39424916799e-05, 9.82167239272e-06, 9.7140109574e-06, 8.29187501949e-06, 9.34309355216e-06, 5.23603739566e-06], "mean": [0.000356920063496, 0.00111773272511, 0.00160974159371, 0.00361286755651, 0.00146251730621, 0.000375034811441, 0.000201475399081, 5.75737576582e-05, 2.78066308965e-05, 2.35605621128e-05, 1.61966181622e-05, 1.59448554768e-05, 1.54002445925e-05, 2.58600139205e-05, 1.8422751964e-05, 2.61689001491e-05, 8.09225184639e-06, 5.4490360526e-06, 8.43937141326e-06, 6.02347472523e-06, 4.71731891594e-06, 4.88699106427e-06, 4.44814259026e-06, 3.7238155528e-06, 7.98878136266e-06, 5.32281228516e-06, 6.61738613417e-06, 2.81373218058e-06, 2.35984111896e-06, 2.16686385102e-06, 1.77438630544e-06, 1.91424032892e-06, 1.52977122525e-06, 1.09904385681e-06, 8.2772641008e-07, 4.92072274483e-07, 4.63580306587e-07, 4.02964133173e-07, 3.35455297318e-07, 2.44560226292e-07], "median": [0.000137213704875, 0.000392392044887, 0.000870517513249, 0.0027420707047, 0.00108308531344, 0.000189334794413, 7.38084127079e-05, 2.82569526462e-05, 1.22559285956e-05, 9.7189367807e-06, 5.11929647473e-06, 4.8349802455e-06, 3.05394041789e-06, 3.52967026629e-06, 4.69340147902e-06, 4.46605827165e-06, 1.76810885932e-06, 6.68261805004e-07, 1.09844188501e-06, 7.90240051174e-07, 4.45453110842e-07, 3.90036007047e-07, 5.36727156941e-07, 5.49026879071e-07, 9.61445721259e-07, 6.37218477095e-07, 5.1143535984e-07, 2.65317964931e-07, 1.04525454958e-07, 1.23475302871e-07, 1.0462275668e-07, 8.00521462452e-08, 6.42672404183e-08, 6.06779479995e-08, 3.96810193593e-08, 2.46471358878e-08, 2.34738468663e-08, 2.19009876901e-08, 1.54494284033e-08, 1.0741336709e-08], "min": [2.51560685582e-16, 1.06220499154e-16, 1.82586130943e-16, 3.49543524626e-16, 2.0458873819e-16, 9.25840826492e-17, 2.60430946955e-16, 1.76369848787e-16, 1.49928405084e-16, 2.0426028793e-16, 1.01066852918e-16, 2.23110119433e-16, 1.52527552153e-16, 3.09334023587e-16, 2.00008103125e-16, 1.2623388923e-16, 2.30592861429e-16, 1.13193552309e-16, 1.40293431779e-16, 1.19153752582e-16, 7.75508757269e-17, 1.13189502433e-16, 1.22382112781e-16, 6.18439335044e-17, 6.60867413895e-17, 1.92780314738e-17, 2.85749112473e-17, 3.97732426753e-17, 2.12097579388e-17, 2.53511352829e-17, 3.38481214778e-17, 2.17918680969e-17, 3.83765283587e-17, 4.17214052191e-17, 7.45351472671e-17, 4.97298701248e-17, 3.38499181141e-17, 3.23644671701e-17, 3.76017016615e-17, 5.26802480075e-17], "var": [6.23609651029e-07, 5.74975683776e-06, 4.12194185628e-06, 1.271615929e-05, 1.90164848846e-06, 2.51948989671e-07, 9.02279069237e-08, 5.87288173648e-09, 2.40215958236e-09, 1.31776367596e-09, 7.54674767123e-10, 1.22189436347e-09, 1.78383097182e-09, 4.54235715708e-09, 1.21395959951e-09, 3.40169781232e-09, 3.08848724373e-10, 2.34724767401e-10, 4.09021955194e-10, 2.83434387072e-10, 1.99847721705e-10, 2.84043455423e-10, 1.33386718337e-10, 1.26284510626e-10, 2.91292434618e-10, 1.79249712295e-10, 2.904224361e-10, 5.68125546607e-11, 5.8023291033e-11, 3.67123727252e-11, 2.30962991787e-11, 3.33950471443e-11, 1.91264695054e-11, 7.41669139298e-12, 4.03006447658e-12, 1.29528885447e-12, 1.0786405406e-12, 7.28507098396e-13, 5.13426595076e-13, 2.8185703012e-13]}, "mfcc": {"mean": [-743.372802734, 153.000350952, 30.3348617554, 37.7631416321, 7.40425443649, 6.31787252426, 1.62033867836, -7.00376319885, -20.1537017822, -10.8612422943, -6.36818504333, -10.8838253021, -5.87196350098], "cov": [[11395.1894531, -1928.875, -1016.7722168, 276.361114502, -140.141448975, 254.664474487, -34.641368866, 5.64928150177, -27.6674118042, -23.0125255585, -101.668617249, 66.8843078613, 6.5296831131], [-1928.875, 3767.72290039, 420.283721924, 98.7658462524, 30.9109249115, -276.618255615, 54.3321990967, -104.471839905, -262.843811035, -75.7551956177, 22.7951698303, -124.585838318, -12.9525671005], [-1016.7722168, 420.283721924, 1230.4510498, 26.3431758881, -79.3753356934, -108.350212097, -11.0546789169, 69.5374145508, 73.896736145, -40.1047172546, -19.0624217987, -23.7779960632, -67.8444519043], [276.361114502, 98.7658462524, 26.3431758881, 281.776611328, 63.626537323, 26.4274139404, 44.0241737366, -11.7163410187, -56.4792442322, 14.9550657272, 20.4012947083, -19.1627597809, 0.588157474995], [-140.141448975, 30.9109249115, -79.3753356934, 63.626537323, 187.271194458, 62.0264053345, 12.3879261017, -47.7497673035, -13.8837175369, 12.6252679825, 20.0365638733, 2.74111294746, 5.67759656906], [254.664474487, -276.618255615, -108.350212097, 26.4274139404, 62.0264053345, 154.961807251, -27.0151081085, -18.5662975311, 65.2210235596, 4.24820518494, -24.8429775238, 18.9706420898, -11.8960866928], [-34.641368866, 54.3321990967, -11.0546789169, 44.0241737366, 12.3879261017, -27.0151081085, 202.327896118, 62.2765617371, -116.982124329, 1.92322957516, 51.38073349, -37.4863929749, 22.415687561], [5.64928150177, -104.471839905, 69.5374145508, -11.7163410187, -47.7497673035, -18.5662975311, 62.2765617371, 164.703536987, 25.1245346069, -27.3656425476, -3.09773898125, -28.6313228607, -19.5506019592], [-27.6674118042, -262.843811035, 73.896736145, -56.4792442322, -13.8837175369, 65.2210235596, -116.982124329, 25.1245346069, 231.547088623, 26.4245223999, -62.876663208, 29.8703479767, -39.9984321594], [-23.0125255585, -75.7551956177, -40.1047172546, 14.9550657272, 12.6252679825, 4.24820518494, 1.92322957516, -27.3656425476, 26.4245223999, 91.8810348511, 11.3692073822, 8.299451828, 19.8622169495], [-101.668617249, 22.7951698303, -19.0624217987, 20.4012947083, 20.0365638733, -24.8429775238, 51.38073349, -3.09773898125, -62.876663208, 11.3692073822, 70.5609741211, 7.54219150543, 16.6333618164], [66.8843078613, -124.585838318, -23.7779960632, -19.1627597809, 2.74111294746, 18.9706420898, -37.4863929749, -28.6313228607, 29.8703479767, 8.299451828, 7.54219150543, 69.0514297485, 17.980386734], [6.5296831131, -12.9525671005, -67.8444519043, 0.588157474995, 5.67759656906, -11.8960866928, 22.415687561, -19.5506019592, -39.9984321594, 19.8622169495, 16.6333618164, 17.980386734, 71.3025283813]], "icov": [[0.000115710376122, 5.18880515301e-05, 8.69395516929e-05, -0.000177518770215, 0.000177119858563, -6.90843444318e-05, 6.21624849373e-06, -3.54681674253e-07, 0.000131738823256, 4.04732709285e-05, 0.000248820229899, -0.000136184360599, 9.42599217524e-05], [5.18880515301e-05, 0.000392563815694, -5.103183139e-05, -0.00015844067093, -0.000154303575982, 0.000619690807071, 3.20233557431e-05, 0.000362263119314, 0.00025905619259, 0.000261441105977, 0.000354423245881, 0.000387451960705, 0.000116359391541], [8.69395516929e-05, -5.103183139e-05, 0.00110627827235, -0.000487840705318, 0.000331002607709, 0.00086038315203, -0.000346020271536, 4.2407795263e-05, -0.000800177862402, 0.000563921988942, 0.000100658624433, -0.00026944160345, 0.000715516449418], [-0.000177518770215, -0.00015844067093, -0.000487840705318, 0.00469744484872, -0.00133282435127, -0.00138483766932, 0.000143920769915, -0.000477176421555, 0.00156135950238, -0.00160363642499, -0.000462167983642, 0.000795525906142, 0.000413337053033], [0.000177119858563, -0.000154303575982, 0.000331002607709, -0.00133282435127, 0.00808367133141, -0.00353425112553, -0.000714763184078, 0.00219200598076, -0.000772912288085, 0.000552522600628, -0.00297013297677, 0.00113746512216, -0.000307360343868], [-6.90843444318e-05, 0.000619690807071, 0.00086038315203, -0.00138483766932, -0.00353425112553, 0.0121493441984, -0.00206245481968, 0.00184638123028, -0.00354668102227, 0.00203961320221, 0.00355909205973, -0.0019489278784, 0.00151550327428], [6.21624849373e-06, 3.20233557431e-05, -0.000346020271536, 0.000143920769915, -0.000714763184078, -0.00206245481968, 0.0114698670805, -0.00573797523975, 0.00588341150433, -0.00309600587934, -0.0034731014166, 0.00303382682614, -0.00158350751735], [-3.54681674253e-07, 0.000362263119314, 4.2407795263e-05, -0.000477176421555, 0.00219200598076, 0.00184638123028, -0.00573797523975, 0.0115992734209, -0.00575012387708, 0.00509613705799, -0.00159780716058, 0.00367849622853, 2.78357074421e-05], [0.000131738823256, 0.00025905619259, -0.000800177862402, 0.00156135950238, -0.000772912288085, -0.00354668102227, 0.00588341150433, -0.00575012387708, 0.0140051590279, -0.00741324061528, 0.00692729139701, -0.00487146573141, 0.00483827618882], [4.04732709285e-05, 0.000261441105977, 0.000563921988942, -0.00160363642499, 0.000552522600628, 0.00203961320221, -0.00309600587934, 0.00509613705799, -0.00741324061528, 0.0165913347155, -0.00475834356621, 0.0031170330476, -0.00519581278786], [0.000248820229899, 0.000354423245881, 0.000100658624433, -0.000462167983642, -0.00297013297677, 0.00355909205973, -0.0034731014166, -0.00159780716058, 0.00692729139701, -0.00475834356621, 0.0263449754566, -0.00918853282928, 0.00300807249732], [-0.000136184360599, 0.000387451960705, -0.00026944160345, 0.000795525906142, 0.00113746512216, -0.0019489278784, 0.00303382682614, 0.00367849622853, -0.00487146573141, 0.0031170330476, -0.00918853282928, 0.0239315200597, -0.00803331192583], [9.42599217524e-05, 0.000116359391541, 0.000715516449418, 0.000413337053033, -0.000307360343868, 0.00151550327428, -0.00158350751735, 2.78357074421e-05, 0.00483827618882, -0.00519581278786, 0.00300807249732, -0.00803331192583, 0.0209829472005]]}, "spectral_contrast_coeffs": {"dmean": [0.0385287776589, 0.0370054654777, 0.0296232551336, 0.028119251132, 0.0224754977971, 0.0197726059705], "dmean2": [0.0607152506709, 0.0597785525024, 0.0475837029517, 0.0441315621138, 0.0352467820048, 0.0294487532228], "dvar": [0.00142103678081, 0.00114599487279, 0.000638746714685, 0.000633786898106, 0.000555750506464, 0.000465325574623], "dvar2": [0.00336262909696, 0.00281892693602, 0.00162922020536, 0.00142103945836, 0.00116370560136, 0.00094981311122], "max": [-0.224348157644, -0.428784966469, -0.639082074165, -0.604454219341, -0.546124517918, -0.642544567585], "mean": [-0.530763804913, -0.70719575882, -0.807434439659, -0.800590157509, -0.794310450554, -0.791561543941], "median": [-0.515512466431, -0.706678390503, -0.810814142227, -0.817753791809, -0.807089567184, -0.789759993553], "min": [-0.958702504635, -0.971543967724, -0.959303677082, -0.954599022865, -0.95067191124, -0.956614792347], "var": [0.00744106946513, 0.00661638937891, 0.0028188356664, 0.0047012520954, 0.00460638292134, 0.00234387465753]}, "spectral_contrast_valleys": {"dmean": [0.355110138655, 0.351050585508, 0.410450130701, 0.469457030296, 0.541354358196, 0.606078445911], "dmean2": [0.546193540096, 0.54072535038, 0.598766505718, 0.619836449623, 0.634836494923, 0.656629920006], "dvar": [0.17589135468, 0.148429051042, 0.221825808287, 0.309966832399, 0.409630149603, 0.430868059397], "dvar2": [0.308561950922, 0.26986810565, 0.404998451471