{"lowlevel": {"average_loudness": 0.961515128613, "barkbands_crest": {"dmean": 2.04460525513, "dmean2": 3.19050121307, "dvar": 3.66910004616, "dvar2": 8.44124698639, "max": 23.9353675842, "mean": 9.07090854645, "median": 8.32387447357, "min": 3.44224071503, "var": 11.0426263809}, "barkbands_flatness_db": {"dmean": 0.0277160909027, "dmean2": 0.0396197997034, "dvar": 0.000769700505771, "dvar2": 0.00170764978975, "max": 0.472919970751, "mean": 0.209995135665, "median": 0.204225301743, "min": 0.0594032593071, "var": 0.00443374784663}, "barkbands_kurtosis": {"dmean": 1.63583624363, "dmean2": 2.40885353088, "dvar": 5.3467669487, "dvar2": 10.5885648727, "max": 61.7319259644, "mean": 2.30647969246, "median": 1.26369571686, "min": -1.86313676834, "var": 18.739118576}, "barkbands_skewness": {"dmean": 0.423098146915, "dmean2": 0.60452413559, "dvar": 0.178926333785, "dvar2": 0.347580879927, "max": 4.88702917099, "mean": 1.07161915302, "median": 1.05752539635, "min": -7.35200643539, "var": 0.875546097755}, "barkbands_spread": {"dmean": 4.77647304535, "dmean2": 6.95461750031, "dvar": 35.4964866638, "dvar2": 69.3385467529, "max": 109.649742126, "mean": 19.2943820953, "median": 15.2211256027, "min": 1.62831830978, "var": 194.648269653}, "dissonance": {"dmean": 0.0327685065567, "dmean2": 0.0534875132143, "dvar": 0.000993228051811, "dvar2": 0.00259157153778, "max": 0.499561578035, "mean": 0.423634558916, "median": 0.436154276133, "min": 0.21190802753, "var": 0.00296359928325}, "dynamic_complexity": 3.9831404686, "erbbands_crest": {"dmean": 2.95316791534, "dmean2": 4.48113298416, "dvar": 7.79702281952, "dvar2": 16.4468612671, "max": 32.4633140564, "mean": 12.8934345245, "median": 11.7068243027, "min": 3.00997805595, "var": 30.6427955627}, "erbbands_flatness_db": {"dmean": 0.0251394901425, "dmean2": 0.0356132574379, "dvar": 0.000599336577579, "dvar2": 0.0012986472575, "max": 0.426979720592, "mean": 0.237904533744, "median": 0.233757659793, "min": 0.0335364416242, "var": 0.0034469794482}, "erbbands_kurtosis": {"dmean": 1.35163331032, "dmean2": 2.02248930931, "dvar": 4.5332069397, "dvar2": 9.08625793457, "max": 32.562171936, "mean": 1.26611793041, "median": 0.182549238205, "min": -1.81978964806, "var": 12.8238954544}, "erbbands_skewness": {"dmean": 0.425187975168, "dmean2": 0.596070408821, "dvar": 0.159890919924, "dvar2": 0.323251157999, "max": 4.18080759048, "mean": 0.158791974187, "median": 0.328401505947, "min": -3.16409635544, "var": 1.05274283886}, "erbbands_spread": {"dmean": 5.78535985947, "dmean2": 8.44721603394, "dvar": 34.8122825623, "dvar2": 73.3611755371, "max": 92.8551635742, "mean": 28.5426712036, "median": 28.1033763885, "min": 2.11947369576, "var": 210.601074219}, "hfc": {"dmean": 4.73661661148, "dmean2": 6.070997715, "dvar": 32.3263244629, "dvar2": 51.0179901123, "max": 85.3140182495, "mean": 14.2205152512, "median": 12.2952404022, "min": 1.17382303877e-09, "var": 132.577514648}, "melbands_crest": {"dmean": 2.54007291794, "dmean2": 4.04043674469, "dvar": 5.64126729965, "dvar2": 13.8273735046, "max": 29.4370193481, "mean": 12.225859642, "median": 11.4220571518, "min": 2.1481628418, "var": 17.6053886414}, "melbands_flatness_db": {"dmean": 0.0314805842936, "dmean2": 0.0458634570241, "dvar": 0.00118642859161, "dvar2": 0.00266882847063, "max": 0.642165064812, "mean": 0.29245531559, "median": 0.287669301033, "min": 0.00921308528632, "var": 0.00656122388318}, "melbands_kurtosis": {"dmean": 3.13489985466, "dmean2": 4.6967997551, "dvar": 21.2566776276, "dvar2": 47.9963264465, "max": 82.2943191528, "mean": 6.36475515366, "median": 4.06248044968, "min": -1.77672743797, "var": 67.7652130127}, "melbands_skewness": {"dmean": 0.501763820648, "dmean2": 0.733954191208, "dvar": 0.27599966526, "dvar2": 0.610628306866, "max": 7.74445152283, "mean": 1.82274377346, "median": 1.67594468594, "min": -1.48612761497, "var": 1.33346807957}, "melbands_spread": {"dmean": 6.72101831436, "dmean2": 10.0572519302, "dvar": 96.9877853394, "dvar2": 203.442626953, "max": 215.484237671, "mean": 23.3222579956, "median": 16.0548171997, "min": 1.45808458328, "var": 391.818450928}, "pitch_salience": {"dmean": 0.0651976689696, "dmean2": 0.101645976305, "dvar": 0.00328998826444, "dvar2": 0.00794190913439, "max": 0.878792107105, "mean": 0.507151126862, "median": 0.510032236576, "min": 0.189928591251, "var": 0.0108007183298}, "silence_rate_20dB": {"dmean": 0, "dmean2": 0, "dvar": 0, "dvar2": 0, "max": 1, "mean": 1, "median": 1, "min": 1, "var": 0}, "silence_rate_30dB": {"dmean": 0.00840807147324, "dmean2": 0.0168208573014, "dvar": 0.00833726953715, "dvar2": 0.0182194560766, "max": 1, "mean": 0.991033911705, "median": 1, "min": 0, "var": 0.00888548139483}, "silence_rate_60dB": {"dmean": 0.0420403592288, "dmean2": 0.083823941648, "dvar": 0.0402749031782, "dvar2": 0.0868847593665, "max": 1, "mean": 0.0837769657373, "median": 0, "min": 0, "var": 0.0767587572336}, "spectral_centroid": {"dmean": 223.270584106, "dmean2": 310.721374512, "dvar": 76678.4375, "dvar2": 134784.328125, "max": 4550.30419922, "mean": 1295.90319824, "median": 1095.79211426, "min": 206.057281494, "var": 564153}, "spectral_complexity": {"dmean": 1.77746641636, "dmean2": 2.61592364311, "dvar": 2.60907721519, "dvar2": 5.00696372986, "max": 23, "mean": 11.8125524521, "median": 12, "min": 0, "var": 16.8870220184}, "spectral_decrease": {"dmean": 2.22823315355e-09, "dmean2": 2.56526822007e-09, "dvar": 9.32480704531e-18, "dvar2": 1.37676321656e-17, "max": 1.21700956604e-11, "mean": -5.97625815502e-09, "median": -4.10254497041e-09, "min": -4.92565739307e-08, "var": 3.53234576573e-17}, "spectral_energy": {"dmean": 0.00875443220139, "dmean2": 0.0100355772302, "dvar": 0.000140750518767, "dvar2": 0.00020486950234, "max": 0.193572670221, "mean": 0.0238455440849, "median": 0.0167506504804, "min": 1.06940952133e-13, "var": 0.000542927824426}, "spectral_energyband_high": {"dmean": 0.000124477752252, "dmean2": 0.000218182904064, "dvar": 7.49671613676e-08, "dvar2": 1.97327381102e-07, "max": 0.0033397176303, "mean": 0.000128531028167, "median": 2.41044708673e-05, "min": 7.85437795532e-14, "var": 8.77650165876e-08}, "spectral_energyband_low": {"dmean": 0.00319365411997, "dmean2": 0.00463182618842, "dvar": 4.45196455985e-05, "dvar2": 0.000101383455331, "max": 0.0671446099877, "mean": 0.00652192253619, "median": 0.00232706707902, "min": 3.05959036691e-15, "var": 9.40063036978e-05}, "spectral_energyband_middle_high": {"dmean": 0.00177480524871, "dmean2": 0.00227481755428, "dvar": 8.35522041598e-06, "dvar2": 1.27400180645e-05, "max": 0.042622834444, "mean": 0.00469621550292, "median": 0.00302509684116, "min": 1.24897354354e-14, "var": 3.0531486118e-05}, "spectral_energyband_middle_low": {"dmean": 0.00613054120913, "dmean2": 0.00683436868712, "dvar": 7.29452513042e-05, "dvar2": 0.000102597354271, "max": 0.158686369658, "mean": 0.0144065255299, "median": 0.00764046050608, "min": 2.05332009601e-15, "var": 0.000293193355901}, "spectral_entropy": {"dmean": 0.254865080118, "dmean2": 0.401522487402, "dvar": 0.0808058157563, "dvar2": 0.197838544846, "max": 9.06066894531, "mean": 6.41897296906, "median": 6.39168787003, "min": 5.02561998367, "var": 0.233988434076}, "spectral_flux": {"dmean": 0.0223070252687, "dmean2": 0.0336309075356, "dvar": 0.000652777438518, "dvar2": 0.0013966485858, "max": 0.259604632854, "mean": 0.0620734207332, "median": 0.0544302277267, "min": 2.78743227682e-05, "var": 0.00156772078481}, "spectral_kurtosis": {"dmean": 7.77536773682, "dmean2": 12.9654483795, "dvar": 96.6836471558, "dvar2": 249.704467773, "max": 271.916717529, "mean": 17.6280403137, "median": 11.4137935638, "min": 0.3003013134, "var": 373.578948975}, "spectral_rms": {"dmean": 0.000848057854455, "dmean2": 0.000916627643164, "dvar": 8.48650870466e-07, "dvar2": 1.02506385247e-06, "max": 0.0137423211709, "mean": 0.00429208530113, "median": 0.00404253602028, "min": 1.02143351555e-08, "var": 4.84191104988e-06}, "spectral_rolloff": {"dmean": 383.036254883, "dmean2": 663.441894531, "dvar": 579054.1875, "dvar2": 1141698.375, "max": 19724.4140625, "mean": 1505.71533203, "median": 818.26171875, "min": 107.666015625, "var": 3246576}, "spectral_skewness": {"dmean": 0.58660620451, "dmean2": 0.970728695393, "dvar": 0.327784061432, "dvar2": 0.89905411005, "max": 12.4656400681, "mean": 2.68781995773, "median": 2.38042020798, "min": 0.366035312414, "var": 1.63985610008}, "spectral_spread": {"dmean": 573556.6875, "dmean2": 882668.8125, "dvar": 392485535744, "dvar2": 906646913024, "max": 16098074, "mean": 2766338.25, "median": 2583092, "min": 346331.96875, "var": 1834527621120.0}, "spectral_strongpeak": {"dmean": 0.78952306509, "dmean2": 1.31510818005, "dvar": 1.44150710106, "dvar2": 3.47267270088, "max": 8.94789218903, "mean": 1.34496474266, "median": 0.635555148125, "min": 0, "var": 2.51911568642}, "zerocrossingrate": {"dmean": 0.00920946616679, "dmean2": 0.0113168451935, "dvar": 0.000135644571856, "dvar2": 0.000172201165697, "max": 0.7412109375, "mean": 0.0541019439697, "median": 0.04345703125, "min": 0.00439453125, "var": 0.00237762765028}, "barkbands": {"dmean": [8.34568163555e-06, 0.00116832216736, 0.00208194484003, 0.00110776163638, 0.00131176854484, 0.0016714282101, 0.00113304913975, 0.00125338870566, 0.000723722740076, 0.00148478301708, 0.000270115066087, 0.000131719309138, 0.000104062462924, 8.45326576382e-05, 7.01581448084e-05, 6.51782902423e-05, 0.000189369631698, 0.000152847162099, 0.000180282295332, 3.95361785195e-05, 1.06060560938e-05, 2.25608473556e-05, 2.00688264158e-05, 1.00294400909e-05, 1.89124384633e-05, 9.28942790779e-06, 1.4384617316e-05], "dmean2": [1.32443828988e-05, 0.0016497077886, 0.00314845051616, 0.00165978237055, 0.00165142701007, 0.00219961674884, 0.00162085820921, 0.00173828413244, 0.00101886305492, 0.00171427882742, 0.000381109421141, 0.000194712847588, 0.000156373367645, 0.000143251279951, 0.00011230691598, 0.000102336518466, 0.00029181613354, 0.00025526760146, 0.000290437805234, 6.2522070948e-05, 1.78487734956e-05, 4.12319968746e-05, 3.53985451511e-05, 1.72870077222e-05, 3.35129261657e-05, 1.67145226442e-05, 2.65382768703e-05], "dvar": [1.60730609378e-10, 5.02288230564e-06, 2.63167730736e-05, 4.74307535114e-06, 3.60048306902e-06, 5.4083093346e-06, 4.27626173405e-06, 1.11781000669e-05, 1.99024316316e-06, 1.445318685e-05, 6.02825764418e-07, 1.12044325817e-07, 4.59300082412e-08, 5.34185673473e-08, 5.97881140152e-08, 3.06486072077e-08, 1.75634298216e-07, 1.0511980264e-07, 1.94582128188e-07, 3.25690621139e-08, 1.46079304209e-09, 6.05855809965e-09, 5.98388050221e-09, 2.51798648598e-09, 4.56110260671e-09, 1.63879088078e-09, 4.18938839175e-09], "dvar2": [3.93019422562e-10, 9.85977385426e-06, 6.42106097075e-05, 1.1642332538e-05, 7.77950663178e-06, 1.08036674646e-05, 7.820924111e-06, 1.59893061209e-05, 3.95933329855e-06, 1.85782810149e-05, 1.19699654988e-06, 2.5786962965e-07, 1.0998577693e-07, 1.41101679674e-07, 1.36064613798e-07, 6.61034320615e-08, 3.58078978024e-07, 2.66168342478e-07, 4.57443405821e-07, 7.4242272774e-08, 4.00342203832e-09, 1.70852985093e-08, 1.63821862742e-08, 6.89429313638e-09, 1.26449704041e-08, 4.54048576515e-09, 1.17626504093e-08], "max": [0.000140099480632, 0.0296000093222, 0.0513762459159, 0.0240601487458, 0.025548774749, 0.0264273826033, 0.0312888361514, 0.100895494223, 0.0248116366565, 0.0724094212055, 0.0148356277496, 0.00596608733758, 0.00298782391474, 0.00429081637412, 0.00629519764334, 0.00251381262206, 0.00645038718358, 0.00377598428167, 0.0066608665511, 0.0035740332678, 0.000464428245323, 0.000739322276786, 0.000802030379418, 0.000860517960973, 0.000643486448098, 0.000653391995002, 0.000699788739439], "mean": [1.90217160707e-05, 0.00255938875489, 0.00305644585751, 0.00165434414521, 0.0029137909878, 0.00279058981687, 0.00167858239729, 0.00214042677544, 0.00133328314405, 0.0030455882661, 0.000502509356011, 0.000201281145564, 0.00013915222371, 0.000107964100607, 0.000127398496261, 0.000124874670291, 0.000523195019923, 0.000349432521034, 0.000412938941736, 8.3913851995e-05, 1.25981414385e-05, 1.65670680872e-05, 1.53520031745e-05, 7.93663730292e-06, 1.40985184771e-05, 6.13471684119e-06, 8.76339618117e-06], "median": [7.47408876123e-06, 0.000953400798608, 0.000705752172507, 0.000770970422309, 0.00147544813808, 0.000945884268731, 0.000545972376131, 0.000487188284751, 0.000370210764231, 0.000315522047458, 9.72961279331e-05, 5.19027598784e-05, 4.58246249764e-05, 2.07887896977e-05, 1.67950493051e-05, 2.87852362817e-05, 0.000124128622701, 7.63203424867e-05, 5.96322097408e-05, 3.29952194988e-06, 3.49855690729e-06, 2.83426174974e-06, 1.55081340836e-06, 1.23284826259e-06, 1.34339461511e-06, 2.76628583151e-07, 2.0681056867e-08], "min": [1.99534323187e-15, 1.5986785497e-15, 3.57656353256e-16, 2.78606394648e-16, 6.53940246104e-16, 3.82168110321e-16, 4.85544067697e-17, 7.44462088077e-17, 5.29182404429e-16, 8.24283124599e-16, 1.57154999023e-15, 9.52124113262e-16, 2.98064832559e-16, 6.26316172353e-16, 2.25893707926e-16, 4.32519163307e-16, 2.28527477466e-15, 9.33547092542e-16, 2.08712793379e-15, 4.97060405734e-15, 7.37138469161e-15, 3.12697247314e-15, 5.69737992542e-15, 8.75873402669e-15, 1.15134986235e-14, 1.77365785362e-14, 2.32665567991e-14], "var": [5.96357518923e-10, 1.51627700689e-05, 4.14183887187e-05, 6.7503142418e-06, 1.11648159873e-05, 1.44213081512e-05, 8.15602379589e-06, 4.1871357098e-05, 6.04613478572e-06, 5.45935654372e-05, 1.93848268282e-06, 2.14364348494e-07, 6.37375947576e-08, 6.68477682098e-08, 1.76990866407e-07, 6.15174897689e-08, 6.58788223973e-07, 2.7072567832e-07, 5.23767823779e-07, 1.04441717497e-07, 1.35512712163e-09, 3.73177311275e-09, 4.29461799456e-09, 1.64057556429e-09, 2.89227752859e-09, 1.03820108066e-09, 2.51469489676e-09]}, "erbbands": {"dmean": [0.0214890763164, 0.327048718929, 1.81367480755, 3.49234604836, 4.16052865982, 4.09002971649, 5.2375421524, 15.8983221054, 18.945848465, 25.114068985, 21.2165298462, 18.1680335999, 46.1677093506, 21.3154582977, 11.5726671219, 6.09131813049, 5.13488483429, 4.44763803482, 4.20321321487, 3.14609241486, 3.29270362854, 7.62990522385, 8.68529129028, 10.8641405106, 6.98972272873, 2.28939008713, 0.88251709938, 0.362710744143, 0.917137444019, 0.731326580048, 0.486655861139, 0.17871402204, 0.211915865541, 0.104084700346, 0.161146938801, 0.0588150881231, 0.0236701518297, 0.00620424095541, 0.00189931644127, 0.000241020024987], "dmean2": [0.0308267883956, 0.458678930998, 2.68105959892, 5.17049074173, 5.78621435165, 5.18914270401, 7.33068752289, 21.5434608459, 25.4195957184, 37.7903366089, 26.3124351501, 24.4438743591, 51.1934089661, 28.9730567932, 16.0422992706, 8.58804035187, 7.65874099731, 7.32693481445, 6.80870580673, 4.87528944016, 5.06539916992, 11.9520807266, 14.0936365128, 17.80727005, 11.2714891434, 3.57880496979, 1.43781924248, 0.64217966795, 1.68491590023, 1.33246958256, 0.849466919899, 0.303114801645, 0.364784181118, 0.183392897248, 0.286747336388, 0.104156978428, 0.0431628674269, 0.0110605601221, 0.00352666922845, 0.000444549834356], "dvar": [0.00163724739105, 0.38274204731, 17.4867343903, 62.1805725098, 68.1120452881, 39.4106521606, 63.5885810852, 529.83380127, 825.68145752, 3963.34741211, 4935.13037109, 1108.0090332, 17697.984375, 3946.58105469, 1326.50561523, 252.697677612, 110.655601501, 138.076599121, 206.221328735, 101.615097046, 62.2726745605, 287.927947998, 382.219604492, 560.377685547, 558.551574707, 99.6869888306, 9.85838508606, 1.16482162476, 15.2279586792, 4.41515779495, 3.6869802475, 0.553913414478, 1.43958759308, 0.103799507022, 0.379961252213, 0.0622337125242, 0.0127732846886, 0.00139950495213, 9.46108266362e-05, 1.4319030015e-06], "dvar2": [0.0033436040394, 0.77920871973, 40.7506256104, 145.625778198, 180.520217896, 67.4576873779, 121.116363525, 1141.4239502, 1562.84155273, 7668.76660156, 4782.99462891, 2085.42675781, 21022.6953125, 7764.54199219, 2655.21289062, 562.426086426, 261.743682861, 356.99029541, 483.336456299, 226.385559082, 130.252838135, 609.839904785, 911.096374512, 1417.77490234, 1232.48657227, 227.200149536, 24.4904403687, 3.29265356064, 43.1284980774, 12.2889680862, 9.98276233673, 1.54368782043, 3.89258790016, 0.290373444557, 1.05430984497, 0.166715085506, 0.03648564592, 0.00379752204753, 0.000268828851404, 4.083796739e-06], "max": [0.650137364864, 7.94211339951, 52.6614952087, 85.7497406006, 154.013671875, 71.4778518677, 120.969268799, 228.594848633, 671.20703125, 1199.11108398, 2762.64941406, 597.68737793, 2799.55249023, 1328.10351562, 765.589538574, 302.773956299, 146.554519653, 228.38885498, 388.121459961, 232.389053345, 112.399658203, 244.774963379, 232.980911255, 282.067382812, 355.664520264, 183.366394043, 46.2880630493, 12.9114370346, 39.2008743286, 19.3504505157, 21.743970871, 12.471534729, 23.4665355682, 4.18534326553, 5.75061941147, 5.36857938766, 1.60944116116, 0.776462137699, 0.121191903949, 0.0109218871221], "mean": [0.053471583873, 0.6803830266, 3.04212760925, 5.08221769333, 8.77976226807, 8.39013385773, 9.23827552795, 25.5278091431, 31.4817752838, 34.4357337952, 42.5855903625, 34.4103355408, 98.7174835205, 38.9215888977, 21.3650588989, 10.0644025803, 7.18881225586, 6.4055185318, 6.91761779785, 6.70849084854, 7.45510530472, 21.26811409, 22.0594482422, 30.3822174072, 13.4227437973, 5.02879571915, 1.43169331551, 0.360748052597, 0.634538888931, 0.532726585865, 0.388533324003, 0.158465698361, 0.164985537529, 0.0842626690865, 0.119019925594, 0.0411504618824, 0.0148278959095, 0.00405337987468, 0.00115324312355, 0.000166924699442], "median": [0.0238850302994, 0.219694346189, 0.796807587147, 2.02120423317, 4.58973073959, 3.57143783569, 3.20736980438, 8.49816226959, 10.5083456039, 9.52807235718, 9.1876411438, 11.7497711182, 13.0296792984, 6.424741745, 4.92786645889, 3.28706669807, 2.92143535614, 2.11726737022, 1.59309196472, 1.50569820404, 2.52034521103, 5.60332202911, 9.69145107269, 3.7375562191, 1.75405144691, 0.337732255459, 0.242692783475, 0.110450029373, 0.0927223786712, 0.0715892612934, 0.0515571720898, 0.0248987507075, 0.0227456539869, 0.0170779824257, 0.008270310238, 0.00202334322967, 0.000372794631403, 6.14530290477e-05, 2.185664016e-05, 2.76603659586e-05], "min": [7.78734037974e-14, 2.52445959102e-13, 4.27394447958e-13, 7.30913376698e-13, 1.23251528341e-12, 2.31393246578e-12, 4.08721884462e-12, 2.42930870732e-12, 8.2634994767e-13, 5.76089956988e-13, 3.93340958763e-12, 1.18876236979e-11, 1.39315338779e-11, 4.42388105315e-11, 7.33721694512e-11, 2.97390584381e-11, 1.5022573463e-11, 2.52379298016e-11, 2.10230426817e-11, 2.01988391291e-11, 4.81727990831e-11, 1.17152176848e-10, 4.90380930307e-11, 7.02684507803e-11, 1.40240583035e-10, 2.5065505227e-10, 2.40449798961e-10, 2.87103174568e-10, 1.40459088804e-10, 1.39865896642e-10, 1.26820762225e-10, 1.15990335392e-10, 2.10487030583e-10, 1.29157601281e-10, 7.07835665081e-11, 4.72648899186e-11, 4.19455511991e-11, 1.12310707609e-11, 3.29296746121e-12, 3.67476177526e-13], "var": [0.00710251973942, 1.07189190388, 36.5305595398, 76.9517745972, 124.124443054, 135.769165039, 167.324005127, 1248.96496582, 2199.68652344, 6102.60009766, 26217.0332031, 3030.70776367, 69892.9453125, 8883.34960938, 3548.00439453, 516.709594727, 154.909317017, 187.674316406, 592.040893555, 246.697540283, 156.360855103, 1063.88745117, 947.200744629, 2414.33129883, 1041.54785156, 313.546447754, 17.5230770111, 0.808541297913, 9.06082630157, 2.7727792263, 2.63864350319, 0.424444317818, 0.960567712784, 0.0673419907689, 0.239675298333, 0.0428650900722, 0.00731864618137, 0.000926345703192, 5.49146279809e-05, 8.25905488e-07]}, "gfcc": {"mean": [-80.0047302246, 148.98828125, -115.582481384, 16.5276603699, -44.5737724304, -13.8312530518, -30.3034629822, 16.8707847595, -17.8925266266, -16.0990390778, -7.78247976303, -0.73749935627, -11.3735818863], "cov": [[11431.3486328, -817.651916504, -475.990020752, 204.147018433, -501.402069092, 427.900604248, -407.293579102, 491.005523682, -576.581237793, 142.582199097, 92.4425811768, 44.7973556519, -488.298309326], [-817.651916504, 2876.4230957, -236.06602478, -328.347839355, 67.6724395752, -347.796356201, 267.256866455, -286.472747803, 480.715911865, -306.446777344, 138.434432983, -208.264770508, 233.893234253], [-475.990020752, -236.06602478, 598.796936035, 66.1112136841, 14.2318992615, 125.385429382, -23.198972702, -9.51982212067, 21.9264144897, 49.1085205078, -25.9287204742, 40.5376243591, -5.64224910736], [204.147018433, -328.347839355, 66.1112136841, 476.146789551, 116.758171082, 24.464176178, 14.8360719681, 88.0361709595, -114.896873474, 133.483093262, 29.3455085754, -3.35617518425, -56.7644462585], [-501.402069092, 67.6724395752, 14.2318992615, 116.758171082, 433.917877197, -39.0144500732, -10.8918781281, 7.89516592026, 95.8172454834, -9.20952701569, 7.93956327438, 29.7509708405, -54.3306236267], [427.900604248, -347.796356201, 125.385429382, 24.464176178, -39.0144500732, 296.983337402, -130.200744629, 42.6326713562, 10.4091367722, 2.70945119858, -56.4560813904, 89.1313323975, -32.5710258484], [-407.293579102, 267.256866455, -23.198972702, 14.8360719681, -10.8918781281, -130.200744629, 392.643066406, -43.9041213989, -95.2844543457, 2.96892309189, 62.7148513794, -137.976379395, 65.5207519531], [491.005523682, -286.472747803, -9.51982212067, 88.0361709595, 7.89516592026, 42.6326713562, -43.9041213989, 235.781051636, -122.750991821, 16.2917118073, 10.8670120239, 19.5978527069, -68.1720581055], [-576.581237793, 480.715911865, 21.9264144897, -114.896873474, 95.8172454834, 10.4091367722, -95.2844543457, -122.750991821, 398.003875732, -97.899848938, -77.2340011597, 48.6034660339, 50.7271270752], [142.582199097, -306.446777344, 49.1085205078, 133.483093262, -9.20952701569, 2.70945119858, 2.96892309189, 16.2917118073, -97.899848938, 185.753860474, -2.57794952393, -18.9704990387, -28.6319236755], [92.4425811768, 138.434432983, -25.9287204742, 29.3455085754, 7.93956327438, -56.4560813904, 62.7148513794, 10.8670120239, -77.2340011597, -2.57794952393, 160.849761963, -46.2712211609, -36.2183914185], [44.7973556519, -208.264770508, 40.5376243591, -3.35617518425, 29.7509708405, 89.1313323975, -137.976379395, 19.5978527069, 48.6034660339, -18.9704990387, -46.2712211609, 204.000900269, -43.216293335], [-488.298309326, 233.893234253, -5.64224910736, -56.7644462585, -54.3306236267, -32.5710258484, 65.5207519531, -68.1720581055, 50.7271270752, -28.6319236755, -36.2183914185, -43.216293335, 230.436096191]], "icov": [[0.000131352164317, -5.68241412111e-05, 0.000127450475702, -3.82894722861e-05, 0.00014164786262, -0.000210603117011, 0.000122892044601, -0.000118439551443, 0.000158615133842, -5.45752191101e-05, 2.85007699858e-05, 6.72172391205e-05, 0.000238738241023], [-5.68241412111e-05, 0.000821693858597, 6.16882753093e-05, 7.20946918591e-05, 7.76035176386e-06, 0.000539122906048, -0.000333074392984, 0.00020328242681, -0.00107682845555, 0.000703634286765, -0.000865161768161, 0.000391240027966, -0.000440418894868], [0.000127450475702, 6.16882753093e-05, 0.00207389052957, -0.000153271234012, 7.41570038372e-05, -0.00104205310345, -0.000187687779544, 6.03790213063e-05, -0.000236904321355, -0.000537704327144, -0.000187366589671, -8.22812507977e-05, 0.000102363555925], [-3.82894722861e-05, 7.20946918591e-05, -0.000153271234012, 0.00324697652832, -0.0010301793227, -0.000303704291582, -0.000289879681077, -0.000820469227619, 0.000147302795085, -0.00208236160688, -0.000571485783439, -6.87778592692e-05, -0.000198224995984], [0.00014164786262, 7.76035176386e-06, 7.41570038372e-05, -0.0010301793227, 0.00317575526424, 0.000481011928059, -0.000112045141577, -0.000370757916244, -0.00105276540853, 0.000368870329112, -0.000180624148925, -0.000318986159982, 0.000968614942394], [-0.000210603117011, 0.000539122906048, -0.00104205310345, -0.000303704291582, 0.000481011928059, 0.00550953065977, 0.000661666214, -0.00013965900871, -0.000615262135398, 0.00104826630559, 0.000621031038463, -0.000882191001438, -0.00023325496295], [0.000122892044601, -0.000333074392984, -0.000187687779544, -0.000289879681077, -0.000112045141577, 0.000661666214, 0.00430845702067, 0.000727189239115, 0.00172989664134, 0.000498744484503, 9.89711588772e-06, 0.00178818532731, -0.000402251025662], [-0.000118439551443, 0.00020328242681, 6.03790213063e-05, -0.000820469227619, -0.000370757916244, -0.00013965900871, 0.000727189239115, 0.00628836033866, 0.00190858682618, 0.00156961963512, 0.00047877751058, 0.000174084489117, 0.000771263847128], [0.000158615133842, -0.00107682845555, -0.000236904321355, 0.000147302795085, -0.00105276540853, -0.000615262135398, 0.00172989664134, 0.00190858682618, 0.0061858468689, 0.00113782368135, 0.00277194799855, -0.000341063976521, 0.000348531088093], [-5.45752191101e-05, 0.000703634286765, -0.000537704327144, -0.00208236160688, 0.000368870329112, 0.00104826630559, 0.000498744484503, 0.00156961963512, 0.00113782368135, 0.0089032240212, 0.000948060303926, 0.00134678476024, 0.000459068978671], [2.85007699858e-05, -0.000865161768161, -0.000187366589671, -0.000571485783439, -0.000180624148925, 0.000621031038463, 9.89711588772e-06, 0.00047877751058, 0.00277194799855, 0.000948060303926, 0.00926625262946, 0.00082764175022, 0.0020964089781], [6.72172391205e-05, 0.000391240027966, -8.22812507977e-05, -6.87778592692e-05, -0.000318986159982, -0.000882191001438, 0.00178818532731, 0.000174084489117, -0.000341063976521, 0.00134678476024, 0.00082764175022, 0.00750050973147, 0.000848684110679], [0.000238738241023, -0.000440418894868, 0.000102363555925, -0.000198224995984, 0.000968614942394, -0.00023325496295, -0.000402251025662, 0.000771263847128, 0.000348531088093, 0.000459068978671, 0.0020964089781, 0.000848684110679, 0.00625311769545]]}, "melbands": {"dmean": [0.000255696999375, 0.000740154588129, 0.000614100368693, 0.000279608939309, 0.000191988161532, 0.000364579696907, 0.000275515281828, 0.000281438202364, 0.0001647847821, 0.000110462140583, 0.000232644277276, 8.96698402357e-05, 3.66299100278e-05, 2.03697982215e-05, 1.33513531182e-05, 8.82755375642e-06, 9.12437735678e-06, 7.22990080249e-06, 2.97196993415e-06, 6.51397749607e-06, 3.70745692635e-06, 6.52399285173e-06, 1.31142205646e-05, 6.39856398266e-06, 9.47071384871e-06, 6.65640027364e-06, 1.76089793058e-06, 1.6037762407e-06, 7.8068677567e-07, 1.82636199497e-07, 1.73176601947e-07, 6.63666639866e-07, 3.15289213404e-07, 4.25788783787e-07, 3.41616555488e-07, 1.72125211861e-07, 8.81119035512e-08, 1.84443919693e-07, 7.10320193775e-08, 9.76455183377e-08], "dmean2": [0.000359474914148, 0.00110846315511, 0.000900147831999, 0.000352307863068, 0.000258765590843, 0.000483192823594, 0.000365741143469, 0.000421613600338, 0.000204395633773, 0.000149980129208, 0.000259279884631, 0.000124789439724, 5.14364801347e-05, 2.89411127596e-05, 1.95570119104e-05, 1.31848501042e-05, 1.52812372107e-05, 1.18599491543e-05, 4.61233048554e-06, 1.0149409718e-05, 5.72442559132e-06, 1.02435597e-05, 2.06386121135e-05, 1.05325852928e-05, 1.56266451086e-05, 1.08282247311e-05, 2.8362296689e-06, 2.5617407573e-06, 1.27150633489e-06, 3.25651910771e-07, 3.08934886561e-07, 1.22940355141e-06, 5.64151150684e-07, 7.76418744408e-07, 5.98453993916e-07, 2.89994460445e-07, 1.52075926962e-07, 3.19647170954e-07, 1.21861376101e-07, 1.7467435498e-07], "dvar": [2.33522271742e-07, 2.58550539911e-06, 1.4709039533e-06, 1.74531578523e-07, 8.36013995809e-08, 2.71442104349e-07, 1.69722099486e-07, 4.85892485358e-07, 2.85898522634e-07, 3.93095120899e-08, 4.42078430751e-07, 7.65319754237e-08, 1.16065361766e-08, 2.93468271906e-09, 7.60458640503e-10, 2.5869581477e-10, 7.18995252225e-10, 5.65746338665e-10, 1.06159123159e-10, 3.3364322416e-10, 1.27962460073e-10, 2.44402248439e-10, 8.23153045726e-10, 1.97166755145e-10, 4.67698713091e-10, 5.53941781334e-10, 3.15832429654e-11, 5.66637604893e-11, 9.46030320054e-12, 4.56173510424e-13, 2.4695539667e-13, 1.05235395051e-11, 7.14647254135e-13, 2.09949614118e-12, 2.76668792043e-12, 1.48185738853e-12, 2.36516101842e-13, 1.25233081284e-12, 6.0533453521e-14, 1.3722295598e-13], "dvar2": [4.36725542841e-07, 5.88116563449e-06, 3.50968139173e-06, 4.10292614106e-07, 1.53625336452e-07, 5.57317264338e-07, 3.07781931497e-07, 9.46703323734e-07, 2.78521525843e-07, 7.47865414041e-08, 5.25189079781e-07, 1.48614020645e-07, 2.3143911676e-08, 6.22415052831e-09, 1.71177783059e-09, 6.06346028942e-10, 1.87145521302e-09, 1.36428679465e-09, 2.34970515267e-10, 7.21062043407e-10, 2.55755389089e-10, 5.20931464632e-10, 1.76772607663e-09, 4.82043960304e-10, 1.1746963402e-09, 1.23079635372e-09, 7.23989757034e-11, 1.29611321675e-10, 2.28522496065e-11, 1.29620717371e-12, 6.93154138687e-13, 2.98526585396e-11, 1.99846866486e-12, 5.75151775165e-12, 7.37501899828e-12, 4.08154152837e-12, 6.69752718997e-13, 3.41170993366e-12, 1.62042376587e-13, 3.90218917292e-13], "max": [0.00664037372917, 0.0202607102692, 0.0126514965668, 0.00684633199126, 0.00345109775662, 0.00618613883853, 0.00903690233827, 0.0137395197526, 0.0207614414394, 0.00406315736473, 0.013908945024, 0.00582608021796, 0.00202687596902, 0.00097978208214, 0.000382542930311, 0.000182604897418, 0.000524620932993, 0.000580930500291, 0.000227120908676, 0.000263277179329, 0.000202189432457, 0.00032642079168, 0.000399399898015, 0.000254002196016, 0.000256351137068, 0.000348451489117, 9.73913483904e-05, 0.000161089104949, 4.99626912642e-05, 1.11220497274e-05, 4.65490256829e-06, 3.34550168191e-05, 8.72741838975e-06, 1.54794724949e-05, 2.03225863515e-05, 2.68374424195e-05, 1.00004708656e-05, 2.04680891329e-05, 4.64670620204e-06, 5.14789462613e-06], "mean": [0.000606669462286, 0.00138289202005, 0.0010069074342, 0.000628327252343, 0.000348147499608, 0.000596843485255, 0.000456258247141, 0.000395375507651, 0.000336178025464, 0.000206183220143, 0.000496964843478, 0.000162209311384, 7.00296150171e-05, 3.22398627759e-05, 1.91487215488e-05, 1.24177022371e-05, 1.20697441162e-05, 1.09827478809e-05, 5.93421464146e-06, 1.32300474434e-05, 7.84234271123e-06, 1.74686865648e-05, 3.42176535923e-05, 1.55394372996e-05, 2.57085866906e-05, 1.19841233754e-05, 3.19551600114e-06, 3.45597072737e-06, 1.2703876564e-06, 2.03577002367e-07, 1.619857386e-07, 4.30569002674e-07, 2.65249951781e-07, 2.92157011472e-07, 2.54033778901e-07, 1.66229327192e-07, 7.20526927012e-08, 1.40513307656e-07, 5.75418894755e-08, 7.69575194681e-08], "median": [0.000242411275394, 0.000413726374973, 0.000540535198525, 0.000322859938024, 0.000116302260722, 0.000199940681341, 0.000149089100887, 0.000102141253592, 6.81297460687e-05, 6.622512592e-05, 5.73510551476e-05, 2.01681741601e-05, 1.36582038976e-05, 8.0516183516e-06, 5.88836019233e-06, 4.00363296649e-06, 2.49935919783e-06, 2.21858385885e-06, 8.97129268651e-07, 2.45141131927e-06, 1.94121548702e-06, 4.50734614788e-06, 8.36055733089e-06, 3.42070279657e-06, 1.27746659473e-06, 4.45373757429e-07, 2.8324421919e-07, 1.03479798952e-07, 1.2286110973e-07, 7.6930582793e-08, 3.73475579352e-08, 3.83054121755e-08, 5.96244333906e-08, 2.54531489219e-08, 2.70744191511e-08, 1.75916508027e-08, 1.28677948297e-08, 1.45552556674e-08, 9.19028586566e-09, 1.29378703306e-08], "min": [6.65229977681e-16, 2.62457420341e-16, 1.4085054123e-16, 1.21498776531e-16, 1.40143745175e-16, 5.70472256288e-17, 1.17036196683e-17, 5.59325137266e-18, 4.22813039234e-17, 7.63342253948e-17, 6.88441314179e-17, 1.69554105533e-16, 2.34319912276e-16, 1.49725924505e-16, 2.12106827267e-17, 4.08464433457e-17, 4.82247091212e-17, 3.92068059355e-17, 2.05035045144e-17, 3.20785373021e-17, 6.91751161594e-17, 1.51439300104e-16, 4.58534271505e-17, 4.91965470793e-17, 5.13609015479e-17, 9.93557073984e-17, 1.25172570182e-16, 1.76948861981e-16, 1.2021442312e-16, 2.18941936474e-16, 1.39522764146e-16, 8.35089120954e-17, 5.30383775081e-17, 9.16098491761e-17, 6.20810828773e-17, 8.34090085297e-17, 7.32734122828e-17, 1.45847598868e-16, 1.78759130208e-16, 8.1887790296e-17], "var": [9.01855457869e-07, 5.71575083086e-06, 2.00692556973e-06, 4.90214574711e-07, 2.50159558846e-07, 6.9247130341e-07, 4.53093889519e-07, 8.0795825852e-07, 1.5466964669e-06, 1.02877301345e-07, 1.75239495093e-06, 1.79687745572e-07, 3.86341802994e-08, 6.16652551244e-09, 1.30818211819e-09, 4.11932932209e-10, 9.22588505592e-10, 1.41294587142e-09, 3.12119358137e-10, 7.489091014e-10, 2.9179353378e-10, 8.34610713873e-10, 2.83506751408e-09, 5.82293047113e-10, 1.94081972715e-09, 1.01342145786e-09, 6.32514526866e-11, 1.87807838725e-10, 1.81291266721e-11, 3.40883110584e-13, 1.78091821347e-13, 6.19354827841e-12, 4.7704732959e-13, 1.3323504626e-12, 1.88482714679e-12, 1.2541990016e-12, 1.42089397431e-13, 8.1929775464e-13, 4.33208360135e-14, 8.26591060681e-14]}, "mfcc": {"mean": [-730.321594238, 182.378417969, -2.10912656784, 26.2544879913, 6.33897161484, -20.1046657562, -3.65420675278, 16.8198986053, -2.67140364647, -6.51086616516, 2.72554159164, 0.565603613853, -2.11249351501], "cov": [[7127.69482422, 145.634078979, -479.94442749, 66.6291351318, -296.344665527, -203.032836914, 191.194351196, 164.937072754, -428.854644775, 29.2334461212, 397.414459229, -226.875259399, -346.198120117], [145.634078979, 2167.74511719, 71.6771316528, -174.559844971, -56.1224479675, -118.385009766, -157.571365356, -9.44262504578, 126.802391052, -8.75322914124, -122.04675293, 123.049346924, 85.2187957764], [-479.94442749, 71.6771316528, 534.307189941, -67.7805786133, 20.1705093384, 106.711257935, -74.2456893921, -17.2582530975, 86.5321273804, -1.27210092545, -114.626014709, 98.0307159424, 96.033416748], [66.6291351318, -174.559844971, -67.7805786133, 460.186523438, -0.2867872715, -28.8060874939, 237.655166626, -35.1221351624, -144.786880493, 151.60496521, 93.5592422485, -115.740394592, 16.375579834], [-296.344665527, -56.1224479675, 20.1705093384, -0.2867872715, 437.839691162, 93.5497817993, -184.49987793, 93.8932113647, 84.5331497192, -123.390945435, 61.0823249817, 158.750274658, 25.5277004242], [-203.032836914, -118.385009766, 106.711257935, -28.8060874939, 93.5497817993, 240.530700684, -80.3385925293, -11.8905305862, 78.7429656982, -38.1959991455, -33.36561203, 80.5834274292, 68.6619644165], [191.194351196, -157.571365356, -74.2456893921, 237.655166626, -184.49987793, -80.3385925293, 443.593414307, -24.487197876, -206.859100342, 229.755233765, 40.6281051636, -243.017272949, -48.0213661194], [164.937072754, -9.44262504578, -17.2582530975, -35.1221351624, 93.8932113647, -11.8905305862, -24.487197876, 203.394683838, 1.18881630898, -84.6438674927, 88.412399292, 16.8166809082, -49.769203186], [-428.854644775, 126.802391052, 86.5321273804, -144.786880493, 84.5331497192, 78.7429656982, -206.859100342, 1.18881630898, 325.994598389, -98.1157913208, -171.864715576, 161.449127197, 63.7773361206], [29.2334461212, -8.75322914124, -1.27210092545, 151.60496521, -123.390945435, -38.1959991455, 229.755233765, -84.6438674927, -98.1157913208, 330.892272949, -26.816865921, -192.375961304, 4.75776720047], [397.414459229, -122.04675293, -114.626014709, 93.5592422485, 61.0823249817, -33.36561203, 40.6281051636, 88.412399292, -171.864715576, -26.816865921, 360.395324707, -39.4101333618, -156.621871948], [-226.875259399, 123.049346924, 98.0307159424, -115.740394592, 158.750274658, 80.5834274292, -243.017272949, 16.8166809082, 161.449127197, -192.375961304, -39.4101333618, 308.885498047, 74.5096969604], [-346.198120117, 85.2187957764, 96.033416748, 16.375579834, 25.5277004242, 68.6619644165, -48.0213661194, -49.769203186, 63.7773361206, 4.75776720047, -156.621871948, 74.5096969604, 274.684448242]], "icov": [[0.000174195141881, -2.50025877904e-05, 0.000121458324429, -2.45817973337e-05, 0.000164205470355, -5.87814793107e-05, 0.00010368002404, -0.000183656869922, 0.000228465287364, -4.04591628467e-05, 3.22941900777e-06, -6.47442575428e-05, 0.000137646406074], [-2.50025877904e-05, 0.000541001500096, -4.70589693577e-05, 0.000136001719511, 9.88530446193e-05, 0.000430875923485, 0.000160652693012, -7.40990508348e-05, -0.000112272100523, -0.000276961509371, -2.88471051135e-06, -0.000268854113529, -0.000191092083696], [0.000121458324429, -4.70589693577e-05, 0.00241474504583, 0.000130463988171, 0.000340607541148, -0.000909887487069, 0.000196116030565, -0.000530622724909, 0.000416187162045, -0.000672086142004, 0.000572314660531, -0.000912249437533, -6.16057004663e-05], [-2.45817973337e-05, 0.000136001719511, 0.000130463988171, 0.00389437517151, -0.00103060074616, 0.000351986236637, -0.00218495959416, 0.00101424998138, -0.000193350133486, -0.000565046502743, -0.00137770699803, -0.000118286479847, -0.00124016124755], [0.000164205470355, 9.88530446193e-05, 0.000340607541148, -0.00103060074616, 0.00404882477596, -0.000971265486442, 0.00163954449818, -0.00195842864923, 0.000170770552359, -0.00051974656526, -0.000329305621563, -0.00131209136453, 5.44429276488e-05], [-5.87814793107e-05, 0.000430875923485, -0.000909887487069, 0.000351986236637, -0.000971265486442, 0.00583594711497, -0.000196126755327, 0.000889105373062, -0.00123101077043, 2.34484741668e-05, -0.000826723640785, -0.000154953697347, -0.00129629904404], [0.00010368002404, 0.000160652693012, 0.000196116030565, -0.00218495959416, 0.00163954449818, -0.000196126755327, 0.00685958517715, -0.00177227670792, 0.00235010543838, -0.00209127925336, 0.00141796423122, 0.00127301248722, 0.000871045922395], [-0.000183656869922, -7.40990508348e-05, -0.000530622724909, 0.00101424998138, -0.00195842864923, 0.000889105373062, -0.00177227670792, 0.0076028816402, -0.00151191593613, 0.00234420085326, -0.00202034856193, 0.00147352635395, -0.000297212798614], [0.000228465287364, -0.000112272100523, 0.000416187162045, -0.000193350133486, 0.000170770552359, -0.00123101077043, 0.00235010543838, -0.00151191593613, 0.00750964321196, -0.000751516316086, 0.00387579877861, -0.00213001528755, 0.00167466746643], [-4.04591628467e-05, -0.000276961509371, -0.000672086142004, -0.000565046502743, -0.00051974656526, 2.34484741668e-05, -0.00209127925336, 0.00234420085326, -0.000751516316086, 0.00685806199908, -5.5332253396e-05, 0.00334237515926, -0.000477322231745], [3.22941900777e-06, -2.88471051135e-06, 0.000572314660531, -0.00137770699803, -0.000329305621563, -0.000826723640785, 0.00141796423122, -0.00202034856193, 0.00387579877861, -5.5332253396e-05, 0.0067670061253, -0.00106583279558, 0.00325474119745], [-6.47442575428e-05, -0.000268854113529, -0.000912249437533, -0.000118286479847, -0.00131209136453, -0.000154953697347, 0.00127301248722, 0.00147352635395, -0.00213001528755, 0.00334237515926, -0.00106583279558, 0.0086057158187, -0.00152740685735], [0.000137646406074, -0.000191092083696, -6.16057004663e-05, -0.00124016124755, 5.44429276488e-05, -0.00129629904404, 0.000871045922395, -0.000297212798614, 0.00167466746643, -0.000477322231745, 0.00325474119745, -0.00152740685735, 0.006275750231]]}, "spectral_contrast_coeffs": {"dmean": [0.0455480441451, 0.0478157959878, 0.0384545251727, 0.0322821103036, 0.0273800864816, 0.0231954008341], "dmean2": [0.0707086995244, 0.0733986347914, 0.0603653639555, 0.0534511320293, 0.0459200032055, 0.0383036062121], "dvar": [0.00143057527021, 0.00147330551408, 0.00107832055073, 0.000732488406356, 0.000614265911281, 0.00050476344768], "dvar2": [0.00335830729455, 0.00342868990265, 0.00242704735138, 0.00196569459513, 0.00172705214936, 0.0012494501425], "max": [-0.425109744072, -0.469549417496, -0.439575254917, -0.521891117096, -0.541369855404, -0.63067394495], "mean": [-0.641051292419, -0.712881922722, -0.703262269497, -0.726679801941, -0.676485478878, -0.77186280489], "median": [-0.644199430943, -0.718071043491, -0.712152004242, -0.72973048687, -0.666440248489, -0.770629525185], "min": [-0.910025000572, -0.969909250736, -0.968085944653, -0.952735126019, -0.949681341648, -0.925068378448], "var": [0.00585389044136, 0.00594856822863, 0.00706739351153, 0.00373491924256, 0.00410584500059, 0.00170732673723]}, "spectral_contrast_valleys": {"dmean": [0.374683320522, 0.395283192396, 0.379943758249, 0.361920416355, 0.425837367773, 0.573592126369], "dmean2": [0.574378430843, 0.565404295921, 0.540966868401, 0.548581779003, 0.674453794956, 0.821952581406], "dvar": [0.122474186122, 0.117183506489, 0.130877673626, 0.129950135946, 0.213