{"lowlevel": {"average_loudness": 0.943777441978, "barkbands_crest": {"dmean": 3.3761973381, "dmean2": 5.47767782211, "dvar": 8.0614156723, "dvar2": 19.9889297485, "max": 26.8378143311, "mean": 13.1579847336, "median": 12.978313446, "min": 2.22454047203, "var": 23.8316631317}, "barkbands_flatness_db": {"dmean": 0.0314316898584, "dmean2": 0.0450247488916, "dvar": 0.000908638176043, "dvar2": 0.00176331354305, "max": 0.460148543119, "mean": 0.140998780727, "median": 0.131245940924, "min": 0.0173333007842, "var": 0.00469732517377}, "barkbands_kurtosis": {"dmean": 6.97394323349, "dmean2": 10.8773078918, "dvar": 181.506164551, "dvar2": 461.113494873, "max": 366.069976807, "mean": 9.08121299744, "median": 2.26544237137, "min": -1.91335773468, "var": 342.388702393}, "barkbands_skewness": {"dmean": 0.967329859734, "dmean2": 1.40725588799, "dvar": 1.05711662769, "dvar2": 2.35491728783, "max": 13.9985809326, "mean": 2.01068806648, "median": 1.68230724335, "min": -7.02121448517, "var": 4.39992952347}, "barkbands_spread": {"dmean": 10.4654417038, "dmean2": 16.1149578094, "dvar": 157.589141846, "dvar2": 371.172637939, "max": 119.659103394, "mean": 30.1086940765, "median": 25.3941669464, "min": 0.148564442992, "var": 405.082550049}, "dissonance": {"dmean": 0.0262444820255, "dmean2": 0.043798148632, "dvar": 0.00130229990464, "dvar2": 0.00335478107445, "max": 0.499999970198, "mean": 0.4593526721, "median": 0.478163719177, "min": 0.136429145932, "var": 0.00229500490241}, "dynamic_complexity": 3.66498708725, "erbbands_crest": {"dmean": 3.54937624931, "dmean2": 5.35236358643, "dvar": 19.461889267, "dvar2": 33.3601989746, "max": 34.6095619202, "mean": 12.091293335, "median": 7.76499509811, "min": 1.9433773756, "var": 88.8532867432}, "erbbands_flatness_db": {"dmean": 0.0264439620078, "dmean2": 0.0355211719871, "dvar": 0.0011135666864, "dvar2": 0.00154586159624, "max": 0.511501967907, "mean": 0.127044528723, "median": 0.102777227759, "min": 0.0286071132869, "var": 0.00519382581115}, "erbbands_kurtosis": {"dmean": 4.30481910706, "dmean2": 6.26101922989, "dvar": 118.239349365, "dvar2": 230.043457031, "max": 259.380859375, "mean": 5.59091091156, "median": -0.163379073143, "min": -1.82944989204, "var": 248.581207275}, "erbbands_skewness": {"dmean": 0.571268081665, "dmean2": 0.857958436012, "dvar": 0.479140490294, "dvar2": 0.990119576454, "max": 7.42098808289, "mean": 0.259118914604, "median": 0.199569299817, "min": -7.92338132858, "var": 1.65197014809}, "erbbands_spread": {"dmean": 14.656460762, "dmean2": 21.8284702301, "dvar": 278.965576172, "dvar2": 574.838500977, "max": 187.184249878, "mean": 52.7921562195, "median": 53.832988739, "min": 0.362481027842, "var": 1071.81848145}, "hfc": {"dmean": 17.4181690216, "dmean2": 26.2875385284, "dvar": 616.729858398, "dvar2": 1495.26574707, "max": 183.272567749, "mean": 37.8170394897, "median": 29.0386924744, "min": 9.09053110565e-11, "var": 1129.27148438}, "melbands_crest": {"dmean": 3.88165616989, "dmean2": 6.42577409744, "dvar": 11.8534317017, "dvar2": 30.2684020996, "max": 35.1900749207, "mean": 17.4972934723, "median": 17.2189273834, "min": 2.63699793816, "var": 33.7214241028}, "melbands_flatness_db": {"dmean": 0.0365656465292, "dmean2": 0.0528747439384, "dvar": 0.0012325324351, "dvar2": 0.00245484779589, "max": 0.53453284502, "mean": 0.2204965204, "median": 0.220650985837, "min": 0.0160415414721, "var": 0.00790048856288}, "melbands_kurtosis": {"dmean": 22.7669506073, "dmean2": 35.1858291626, "dvar": 1773.4609375, "dvar2": 4410.88916016, "max": 645.168823242, "mean": 38.3512229919, "median": 16.8775882721, "min": -1.95138609409, "var": 3890.0012207}, "melbands_skewness": {"dmean": 1.44317436218, "dmean2": 2.13808441162, "dvar": 2.51137137413, "dvar2": 5.61292076111, "max": 20.7681369781, "mean": 4.14001321793, "median": 3.53313970566, "min": -5.1757183075, "var": 11.1339044571}, "melbands_spread": {"dmean": 9.73132133484, "dmean2": 14.7887849808, "dvar": 197.581924438, "dvar2": 408.024749756, "max": 255.144943237, "mean": 26.3804531097, "median": 19.0537605286, "min": 0.371483325958, "var": 838.226928711}, "pitch_salience": {"dmean": 0.0891495496035, "dmean2": 0.145014837384, "dvar": 0.00696796830744, "dvar2": 0.0181868989021, "max": 0.876250386238, "mean": 0.48006311059, "median": 0.467462837696, "min": 0.0605748966336, "var": 0.017793091014}, "silence_rate_20dB": {"dmean": 0, "dmean2": 0, "dvar": 0, "dvar2": 0, "max": 1, "mean": 1, "median": 1, "min": 1, "var": 0}, "silence_rate_30dB": {"dmean": 0.0234859921038, "dmean2": 0.0469798669219, "dvar": 0.0229331664741, "dvar2": 0.0628921166062, "max": 1, "mean": 0.985239863396, "median": 1, "min": 0, "var": 0.0145430946723}, "silence_rate_60dB": {"dmean": 0.035900015384, "dmean2": 0.0716442987323, "dvar": 0.0346083901823, "dvar2": 0.0698624253273, "max": 1, "mean": 0.078832603991, "median": 0, "min": 0, "var": 0.0726203024387}, "spectral_centroid": {"dmean": 309.502075195, "dmean2": 461.027526855, "dvar": 127852.140625, "dvar2": 267358.625, "max": 7077.60595703, "mean": 1485.74890137, "median": 1230.53161621, "min": 178.704925537, "var": 738340.5625}, "spectral_complexity": {"dmean": 5.06794166565, "dmean2": 7.33288574219, "dvar": 37.5393486023, "dvar2": 74.562210083, "max": 57, "mean": 15.99949646, "median": 12, "min": 0, "var": 153.996582031}, "spectral_decrease": {"dmean": 3.89970500336e-09, "dmean2": 6.08712591443e-09, "dvar": 1.84928253142e-17, "dvar2": 4.16112049092e-17, "max": 3.63009483584e-10, "mean": -1.03747037627e-08, "median": -9.86145920479e-09, "min": -3.64211878434e-08, "var": 5.55914208379e-17}, "spectral_energy": {"dmean": 0.0156750325114, "dmean2": 0.0242689382285, "dvar": 0.000292561482638, "dvar2": 0.000648812041618, "max": 0.139720335603, "mean": 0.0425867624581, "median": 0.0405662059784, "min": 9.75435688168e-15, "var": 0.000894604949281}, "spectral_energyband_high": {"dmean": 0.00117830105592, "dmean2": 0.00171318056528, "dvar": 3.8321077227e-06, "dvar2": 8.80754487298e-06, "max": 0.0185623485595, "mean": 0.00236389623024, "median": 0.00101555825677, "min": 5.83582957824e-15, "var": 8.56177302921e-06}, "spectral_energyband_low": {"dmean": 0.00983345787972, "dmean2": 0.0162891987711, "dvar": 0.000176822009962, "dvar2": 0.000436071248259, "max": 0.129298835993, "mean": 0.0210024323314, "median": 0.0182364303619, "min": 4.56395963299e-16, "var": 0.000402070552809}, "spectral_energyband_middle_high": {"dmean": 0.00555955292657, "dmean2": 0.00817273277789, "dvar": 9.8055563285e-05, "dvar2": 0.000189962796867, "max": 0.0755979269743, "mean": 0.0104326633736, "median": 0.0033753302414, "min": 1.5617342548e-15, "var": 0.000240627749008}, "spectral_energyband_middle_low": {"dmean": 0.0056151249446, "dmean2": 0.0086234677583, "dvar": 7.56093577365e-05, "dvar2": 0.000177246547537, "max": 0.086719289422, "mean": 0.009560697712, "median": 0.0047424742952, "min": 1.07426594662e-15, "var": 0.000145559199154}, "spectral_entropy": {"dmean": 0.216021344066, "dmean2": 0.292299598455, "dvar": 0.0638418346643, "dvar2": 0.0968958586454, "max": 9.2181634903, "mean": 7.88554334641, "median": 8.03345108032, "min": 4.67773962021, "var": 0.325502038002}, "spectral_flux": {"dmean": 0.0378406047821, "dmean2": 0.0582296326756, "dvar": 0.00150453590322, "dvar2": 0.00348245468922, "max": 0.311729878187, "mean": 0.106777973473, "median": 0.099619962275, "min": 5.97016696702e-06, "var": 0.00349146639928}, "spectral_kurtosis": {"dmean": 0.902978479862, "dmean2": 1.31815934181, "dvar": 1.92674553394, "dvar2": 3.63637828827, "max": 34.529132843, "mean": 2.53327131271, "median": 1.9845700264, "min": -1.1459505558, "var": 5.88435697556}, "spectral_rms": {"dmean": 0.00120864936616, "dmean2": 0.00181271135807, "dvar": 1.50202379245e-06, "dvar2": 3.0901021546e-06, "max": 0.01167529542, "mean": 0.00590079044923, "median": 0.00629100808874, "min": 3.08487368983e-09, "var": 6.72862643114e-06}, "spectral_rolloff": {"dmean": 1054.49987793, "dmean2": 1822.9909668, "dvar": 4462969.5, "dvar2": 11437643, "max": 17872.5585938, "mean": 2008.11572266, "median": 1012.06054688, "min": 64.599609375, "var": 7535803}, "spectral_skewness": {"dmean": 0.189704194665, "dmean2": 0.264575451612, "dvar": 0.044185936451, "dvar2": 0.0796200782061, "max": 4.82718372345, "mean": 1.36652898788, "median": 1.29100489616, "min": 0.0807025432587, "var": 0.235698238015}, "spectral_spread": {"dmean": 1154827.75, "dmean2": 1675400.125, "dvar": 2093866680320.0, "dvar2": 4988464005120.0, "max": 19849396, "mean": 7436001, "median": 7072185.5, "min": 2324785.5, "var": 4966860193790.0}, "spectral_strongpeak": {"dmean": 1.08830833435, "dmean2": 1.78552019596, "dvar": 4.08308315277, "dvar2": 8.92398071289, "max": 14.6899175644, "mean": 1.53383624554, "median": 0.432129085064, "min": 0, "var": 6.461373806}, "zerocrossingrate": {"dmean": 0.0207393802702, "dmean2": 0.0254015214741, "dvar": 0.000601540319622, "dvar2": 0.000821573485155, "max": 0.4951171875, "mean": 0.0872672125697, "median": 0.069091796875, "min": 0.0048828125, "var": 0.00406739814207}, "barkbands": {"dmean": [0.000318669626722, 0.00773847103119, 0.00362258311361, 0.00108174432535, 0.00336887012236, 0.000729772262275, 0.00125225179363, 0.000401333847549, 0.000247610296356, 0.000666003325023, 0.0020457347855, 0.00242018932477, 0.000914769654628, 0.000164504526765, 0.000120437529404, 0.000187566271052, 0.000235578787397, 0.000103108293843, 0.000105950450234, 0.000119398129755, 0.000166597543284, 0.000177331370651, 0.000209759309655, 0.000142162592965, 0.000271717464784, 0.000353466748493, 0.000107559419121], "dmean2": [0.000529571843799, 0.013019551523, 0.00601744791493, 0.00189329765271, 0.00520211923867, 0.0011799930362, 0.00194870692212, 0.000627145229373, 0.000390679808334, 0.00102780165616, 0.0031015558634, 0.00362290791236, 0.00130844768137, 0.000273958110483, 0.000202582930797, 0.000324631750118, 0.000425940903369, 0.000173128806637, 0.000171132851392, 0.00018820130208, 0.000249202246778, 0.000259038439253, 0.000307547248667, 0.000206864919164, 0.000414051959524, 0.000593609292991, 0.000187520534382], "dvar": [2.27419064913e-07, 0.000122546029161, 2.81251632259e-05, 3.32984518536e-06, 4.76663517475e-05, 3.65770301869e-06, 7.17966440789e-06, 1.06902211883e-06, 4.0363013909e-07, 4.94238975079e-06, 4.03821650252e-05, 5.99880950176e-05, 1.84867894859e-05, 7.38739231565e-07, 5.44278648817e-08, 2.41581915361e-07, 5.42165878414e-07, 3.94307555496e-08, 2.87128330001e-08, 6.31546797081e-08, 6.34219574636e-08, 8.42314449301e-08, 1.5279830734e-07, 4.5338811816e-08, 2.15017465166e-07, 6.19899708454e-07, 6.8396524e-08], "dvar2": [6.35556716588e-07, 0.000333232979756, 7.18361407053e-05, 9.26976463234e-06, 0.000109604297904, 8.17212003312e-06, 1.85091503226e-05, 2.62707317233e-06, 7.55029645916e-07, 1.16233086374e-05, 8.60233558342e-05, 0.000116282710223, 3.08179332933e-05, 1.78649872851e-06, 1.45544518659e-07, 6.87335671046e-07, 1.57309762017e-06, 1.07298838259e-07, 7.46723571865e-08, 1.41336073511e-07, 1.51319198949e-07, 1.8880963637e-07, 3.5906535345e-07, 9.97065896513e-08, 5.1077478247e-07, 1.65070389357e-06, 1.87460287293e-07], "max": [0.00478936452419, 0.101135015488, 0.0911396220326, 0.0406808108091, 0.0691228732467, 0.0364330485463, 0.0342680737376, 0.0151177113876, 0.0199211873114, 0.0451433286071, 0.066783182323, 0.0738535225391, 0.0658683180809, 0.0301191695035, 0.00315240863711, 0.00773808453232, 0.00852857157588, 0.00232353061438, 0.00346441264264, 0.00911809876561, 0.00432724971324, 0.00616762088612, 0.00972041487694, 0.00329701928422, 0.00637378776446, 0.00566408131272, 0.00187706865836], "mean": [0.000510720012244, 0.0144291138276, 0.00537688471377, 0.00132438901346, 0.00406681094319, 0.00106477469672, 0.00206937012263, 0.000581484986469, 0.000327837158693, 0.00096317921998, 0.00297629181296, 0.00375763652846, 0.00147090747487, 0.000216119704419, 0.000164290293469, 0.000219562251004, 0.000237445812672, 0.000157686445164, 0.000197028566618, 0.000238394350163, 0.000341132836184, 0.000370113208191, 0.000405874598073, 0.000304716057144, 0.000417406670749, 0.000317100639222, 8.04390147096e-05], "median": [0.000367702887161, 0.011413667351, 0.00297051249072, 0.000725317571778, 0.000971051398665, 0.00031159556238, 0.000370566733181, 8.23877417133e-05, 9.43293707678e-05, 0.000166382378666, 0.00016042610514, 0.000235626066569, 0.000142818345921, 7.31415566406e-05, 6.7179556936e-05, 7.86366290413e-05, 8.25068200356e-05, 8.29248165246e-05, 0.000103370926809, 9.92448476609e-05, 0.000157201779075, 0.000146702746861, 0.000127490173327, 0.000124436133774, 0.000155335612362, 7.90585909272e-05, 1.18287498481e-05], "min": [3.07415361613e-16, 2.61245395603e-16, 3.44542926656e-17, 3.62178748188e-17, 2.86179822109e-16, 2.20354721256e-16, 2.48802349259e-16, 6.66528108612e-17, 2.09370053889e-16, 1.86831063028e-16, 8.38339940761e-17, 2.1985509424e-17, 1.54390905523e-16, 1.16839380637e-16, 8.65890613813e-17, 6.26211854952e-17, 2.05206807543e-16, 1.42417658062e-16, 2.42422126523e-16, 3.33347963507e-16, 3.2446269377e-16, 3.12664610075e-16, 4.02699606627e-16, 6.60959555198e-16, 8.21390612963e-16, 1.47885441025e-15, 1.94109754786e-15], "var": [3.31547738597e-07, 0.000217363107367, 4.66874225822e-05, 4.17236060457e-06, 6.87854699208e-05, 9.23441530176e-06, 1.92596162378e-05, 2.28444878303e-06, 8.37905929529e-07, 7.8534030763e-06, 8.31734578242e-05, 0.000128766085254, 4.44210672867e-05, 6.76886713791e-07, 6.53460290323e-08, 2.0061888506e-07, 3.54459103846e-07, 4.77675961008e-08, 6.80547316279e-08, 2.10718823723e-07, 1.99907645992e-07, 2.54206952377e-07, 4.42494126673e-07, 1.53886077214e-07, 3.52771451162e-07, 4.58833284256e-07, 4.518263097e-08]}, "erbbands": {"dmean": [0.214987501502, 1.86337041855, 4.16061544418, 3.59362626076, 6.96038722992, 14.9669475555, 6.27756071091, 6.60403776169, 19.6727523804, 8.62166023254, 8.27820968628, 5.93792247772, 10.2613668442, 40.6248130798, 90.0467758179, 101.22428894, 49.9747009277, 14.5033693314, 6.25472784042, 7.93591070175, 10.9679584503, 12.6141061783, 6.38025999069, 5.03140306473, 5.4460568428, 6.02753829956, 5.74418306351, 7.1976890564, 5.66093349457, 7.24715280533, 5.461186409, 2.99959802628, 2.45616960526, 2.76049685478, 2.24251747131, 1.56841158867, 0.608189165592, 0.158422797918, 0.0180082768202, 0.000799207075033], "dmean2": [0.349905908108, 3.18587327003, 6.96667480469, 6.16145706177, 11.3537664413, 23.6899662018, 10.8903474808, 10.0966844559, 30.3151531219, 13.4527549744, 12.793346405, 9.30444717407, 16.4706859589, 59.2238349915, 137.842178345, 142.984222412, 69.083442688, 21.4901981354, 10.3112649918, 13.429060936, 19.2609825134, 22.7541790009, 10.9119596481, 8.08718967438, 8.92366409302, 9.58640289307, 8.69685554504, 10.8511075974, 8.3705368042, 10.5608100891, 8.0526008606, 4.42817592621, 3.58543872833, 4.09144353867, 3.52371168137, 2.58979701996, 1.03238594532, 0.274206995964, 0.0314424671233, 0.00139547628351], "dvar": [0.106746830046, 7.21495437622, 34.2738952637, 34.0352706909, 141.968719482, 1313.51464844, 176.493850708, 354.571929932, 1621.21691895, 346.019592285, 540.523925781, 260.161346436, 547.860900879, 18159.5390625, 68324.3984375, 98720.9296875, 49571.3164062, 5279.78515625, 138.187240601, 293.021148682, 929.272155762, 1610.83581543, 209.646102905, 64.4239196777, 76.5662918091, 207.444046021, 81.7586593628, 132.276184082, 79.1030578613, 166.844284058, 97.0298309326, 21.8122272491, 14.1482343674, 19.8748836517, 17.0688018799, 11.4099998474, 1.89524662495, 0.150833800435, 0.00191555416677, 3.96239511247e-06], "dvar2": [0.298898667097, 19.1055088043, 88.8709869385, 89.0233840942, 334.093109131, 3221.80444336, 485.15927124, 728.11126709, 3916.02148438, 882.893432617, 1308.75109863, 461.94619751, 1283.65063477, 36097.2304688, 144152.359375, 179791.15625, 85599.75, 10495.7011719, 357.255950928, 791.911254883, 2676.66186523, 4679.26025391, 586.309875488, 168.470291138, 200.875946045, 484.785430908, 202.450561523, 320.113220215, 179.952285767, 373.779602051, 226.060531616, 48.5162124634, 31.1753673553, 43.7960090637, 42.7759284973, 30.1368675232, 5.08009338379, 0.409476429224, 0.00524972192943, 1.09466609501e-05], "max": [3.16866850853, 26.0718822479, 60.0826568604, 186.740188599, 129.290710449, 355.518615723, 123.791442871, 448.030975342, 523.544311523, 293.788482666, 364.062469482, 526.452026367, 493.683258057, 2244.95288086, 2921.36108398, 3548.30639648, 3655.29101562, 1805.98449707, 172.3309021, 322.190093994, 395.862060547, 457.890655518, 192.421020508, 178.539459229, 177.996154785, 562.149597168, 189.150878906, 185.42817688, 147.768585205, 243.871871948, 256.20199585, 83.1741104126, 48.8502082825, 79.4328842163, 40.8353385925, 27.4225959778, 10.8095197678, 2.95603752136, 0.308055460453, 0.0165923181921], "mean": [0.390277653933, 3.26752924919, 6.68536281586, 5.3684797287, 8.60063838959, 17.2236232758, 7.17074489594, 10.9469585419, 32.5756187439, 14.322221756, 12.5591926575, 8.16501522064, 15.9255819321, 63.6202201843, 138.237365723, 158.246765137, 80.3495407104, 19.1614398956, 9.36147975922, 10.6096668243, 12.394282341, 13.1650428772, 9.13325309753, 9.40723228455, 10.1661987305, 11.6475086212, 11.7139015198, 14.2266569138, 11.9288949966, 14.9016427994, 10.6065292358, 6.4705748558, 4.99080848694, 4.79830121994, 2.9392516613, 1.53443098068, 0.52453905344, 0.123447358608, 0.0135438507423, 0.000643425737508], "median": [0.269717156887, 2.28816008568, 4.42324447632, 3.26716089249, 3.30346536636, 3.2664103508, 2.46199607849, 3.14204263687, 5.56190395355, 3.57628107071, 2.69484567642, 2.84410715103, 4.49483537674, 10.3306312561, 12.2948246002, 12.5330066681, 9.07211017609, 4.66716003418, 4.10790920258, 4.39152526855, 4.45042800903, 4.72297096252, 4.58909702301, 4.83464431763, 5.08417224884, 4.78131628036, 5.24133968353, 6.56201457977, 5.20138549805, 5.02276992798, 3.481944561, 2.48689365387, 2.10453748703, 1.79025292397, 1.01625740528, 0.413856118917, 0.128612115979, 0.0219399593771, 0.00201826286502, 0.000146721780766], "min": [1.2599295759e-14, 4.11592248728e-14, 5.09608665217e-14, 7.72740094026e-14, 4.10746388074e-13, 1.10687294833e-12, 1.47538264158e-12, 1.94809706561e-12, 3.5196351042e-12, 2.42357544623e-12, 2.50100851487e-12, 5.20441025345e-12, 2.8082737958e-12, 8.08752283893e-12, 1.73102504553e-12, 1.04088634413e-12, 6.10758839337e-12, 5.44846676456e-12, 6.2311813695e-12, 3.84113400809e-12, 5.79418674498e-12, 1.05545338094e-11, 5.03701594323e-12, 1.63877696135e-11, 1.03915565389e-11, 1.59245273218e-11, 1.08819541919e-11, 1.26748186599e-11, 1.2491411551e-11, 1.2108064551e-11, 1.17954743195e-11, 1.1893592014e-11, 1.20717056143e-11, 8.15910707053e-12, 6.62949773203e-12, 5.78461410716e-12, 2.5023316752e-12, 1.19909778721e-12, 2.6262065439e-13, 2.6850327788e-14], "var": [0.182704389095, 12.4778690338, 59.3174858093, 53.9888877869, 186.28086853, 1675.39025879, 184.190628052, 1092.47705078, 4817.38037109, 850.426879883, 1197.56982422, 572.668579102, 885.344665527, 39322.8945312, 142711.5, 215923.328125, 117255.242188, 6878.34667969, 181.983932495, 315.446166992, 713.19732666, 1055.50366211, 197.738693237, 157.272277832, 190.167526245, 590.649475098, 253.729095459, 360.383850098, 244.390319824, 548.731140137, 271.467407227, 72.9931106567, 41.846534729, 46.1847953796, 20.4533748627, 9.00633907318, 1.35991370678, 0.101851604879, 0.00126657390501, 2.57194437836e-06]}, "gfcc": {"mean": [18.4557476044, 45.6978302002, -76.0084762573, 31.3489627838, -48.3668479919, 31.8364849091, -26.2336788177, 9.40684986115, -29.5111961365, 5.74499320984, -12.4389305115, 10.8294992447, -10.8390579224], "cov": [[9063.15332031, -240.904418945, -24.1995506287, 52.4775352478, -518.243896484, -114.847076416, -200.668716431, -283.773223877, -241.259063721, -83.7045288086, -229.92678833, -35.0372924805, -111.575042725], [-240.904418945, 1480.59436035, 19.1664237976, -28.4297447205, 186.85887146, 156.436965942, 174.531784058, -10.0082740784, -77.9128265381, -68.9804000854, 120.262489319, -9.80222702026, -13.5391645432], [-24.1995506287, 19.1664237976, 867.419067383, 88.5932388306, 336.881561279, 135.951431274, 71.8762969971, 75.3478393555, 1.84412503242, 43.7362289429, -62.1923217773, 49.4543457031, -7.60499429703], [52.4775352478, -28.4297447205, 88.5932388306, 552.925415039, 124.966964722, 95.7113494873, 52.8584671021, 30.5656890869, 25.4501628876, -30.7305603027, -43.7382087708, -50.9558258057, 17.2368221283], [-518.243896484, 186.85887146, 336.881561279, 124.966964722, 595.901794434, 270.946960449, 184.752670288, 64.4170455933, -29.5156383514, -19.8573169708, -46.1995506287, -2.97515058517, -16.2885608673], [-114.847076416, 156.436965942, 135.951431274, 95.7113494873, 270.946960449, 360.454040527, 233.478775024, 43.2091712952, -57.0391197205, -21.4897060394, 29.650894165, 20.5613098145, -15.5517377853], [-200.668716431, 174.531784058, 71.8762969971, 52.8584671021, 184.752670288, 233.478775024, 259.110748291, 66.0531234741, -41.717300415, -30.0690746307, 44.8164520264, 29.9433574677, -6.12252569199], [-283.773223877, -10.0082740784, 75.3478393555, 30.5656890869, 64.4170455933, 43.2091712952, 66.0531234741, 112.547569275, 62.1302337646, 19.9952983856, -0.578103125095, 7.34367322922, 13.5616359711], [-241.259063721, -77.9128265381, 1.84412503242, 25.4501628876, -29.5156383514, -57.0391197205, -41.717300415, 62.1302337646, 142.209762573, 78.605255127, 14.0751447678, -9.70140552521, 1.20442891121], [-83.7045288086, -68.9804000854, 43.7362289429, -30.7305603027, -19.8573169708, -21.4897060394, -30.0690746307, 19.9952983856, 78.605255127, 117.78490448, 56.1500701904, 3.62639093399, -32.0577049255], [-229.92678833, 120.262489319, -62.1923217773, -43.7382087708, -46.1995506287, 29.650894165, 44.8164520264, -0.578103125095, 14.0751447678, 56.1500701904, 130.588531494, 42.4179763794, -16.1059551239], [-35.0372924805, -9.80222702026, 49.4543457031, -50.9558258057, -2.97515058517, 20.5613098145, 29.9433574677, 7.34367322922, -9.70140552521, 3.62639093399, 42.4179763794, 86.4324798584, 38.9252929688], [-111.575042725, -13.5391645432, -7.60499429703, 17.2368221283, -16.2885608673, -15.5517377853, -6.12252569199, 13.5616359711, 1.20442891121, -32.0577049255, -16.1059551239, 38.9252929688, 87.8096237183]], "icov": [[0.000158785303938, -6.98739968357e-05, 2.89652725769e-05, -0.000110942019091, 0.000285430549411, -0.000101090256067, -7.92747814558e-05, 0.000254550279351, 0.000252258323599, -0.000448620296083, 0.000882109045051, -0.000576840364374, 0.000455735658761], [-6.98739968357e-05, 0.00106440403033, -0.00034100189805, 0.000342566811014, -0.00051159132272, 0.000152010223246, -0.000183673182619, 0.00025188291329, -0.000499921501614, 0.00207805819809, -0.00296272407286, 0.00218920176849, -0.00088948791381], [2.89652725769e-05, -0.00034100189805, 0.00218663178384, -0.000526873220224, -0.000694830843713, -4.48171813332e-05, 0.000403172103688, -0.00134660268668, 0.00157444167417, -0.00306391343474, 0.00335522810929, -0.00362546788529, 0.00145866547246], [-0.000110942019091, 0.000342566811014, -0.000526873220224, 0.00253147841431, -0.000373066985048, -0.000627844186965, -0.000164931087056, 0.000596121128183, -0.00182366615627, 0.00215156655759, -0.00196073297411, 0.00350707722828, -0.00201845169067], [0.000285430549411, -0.00051159132272, -0.000694830843713, -0.000373066985048, 0.00403778860345, -0.00204022205435, -0.00095940916799, 0.000369085115381, 0.000269746611593, -0.00163194781635, 0.00397275714204, -0.00125060928985, 0.0012441923609], [-0.000101090256067, 0.000152010223246, -4.48171813332e-05, -0.000627844186965, -0.00204022205435, 0.00870176870376, -0.00651629222557, 0.000918901991099, 0.00184491788968, -0.00175128411502, -0.000648999586701, 0.000451472762506, -0.000403067155275], [-7.92747814558e-05, -0.000183673182619, 0.000403172103688, -0.000164931087056, -0.00095940916799, -0.00651629222557, 0.0148673476651, -0.0087786288932, 0.0027805310674, 0.00507113337517, -0.00547819817439, -0.0016173456097, 0.00252400990576], [0.000254550279351, 0.00025188291329, -0.00134660268668, 0.000596121128183, 0.000369085115381, 0.000918901991099, -0.0087786288932, 0.0215528476983, -0.0118360249326, 0.000946249754634, 0.00314157549292, 0.000590136565734, -0.0027585150674], [0.000252258323599, -0.000499921501614, 0.00157444167417, -0.00182366615627, 0.000269746611593, 0.00184491788968, 0.0027805310674, -0.0118360249326, 0.0224067624658, -0.0153284696862, 0.00362663785927, 9.00853137864e-06, -0.00210583815351], [-0.000448620296083, 0.00207805819809, -0.00306391343474, 0.00215156655759, -0.00163194781635, -0.00175128411502, 0.00507113337517, 0.000946249754634, -0.0153284696862, 0.0318180583417, -0.0186594519764, 0.00564800389111, 0.00455745635554], [0.000882109045051, -0.00296272407286, 0.00335522810929, -0.00196073297411, 0.00397275714204, -0.000648999586701, -0.00547819817439, 0.00314157549292, 0.00362663785927, -0.0186594519764, 0.0311674755067, -0.0190102532506, 0.00837617088109], [-0.000576840364374, 0.00218920176849, -0.00362546788529, 0.00350707722828, -0.00125060928985, 0.000451472762506, -0.0016173456097, 0.000590136565734, 9.00853137864e-06, 0.00564800389111, -0.0190102532506, 0.0332487635314, -0.0179176647216], [0.000455735658761, -0.00088948791381, 0.00145866547246, -0.00201845169067, 0.0012441923609, -0.000403067155275, 0.00252400990576, -0.0027585150674, -0.00210583815351, 0.00455745635554, 0.00837617088109, -0.0179176647216, 0.0242860186845]]}, "melbands": {"dmean": [0.00204503745772, 0.0021621955093, 0.000652918359265, 0.000860550673679, 0.000297544553177, 0.000151019950863, 0.000284556648694, 8.84680339368e-05, 6.18997073616e-05, 3.53541799996e-05, 5.24191600562e-05, 0.000149074068759, 0.000300129555399, 0.000337739620591, 0.000150354375364, 8.75489058672e-05, 2.08967703657e-05, 1.04344653664e-05, 9.46055570239e-06, 1.19760861708e-05, 1.36521121021e-05, 1.44802688737e-05, 8.57436043589e-06, 4.86589215143e-06, 4.21005597673e-06, 4.37477365267e-06, 4.20379274146e-06, 4.1414655243e-06, 3.47670720657e-06, 4.4588136916e-06, 4.46084231953e-06, 3.39440316566e-06, 4.08274490837e-06, 4.50588549938e-06, 4.03450758313e-06, 1.97053805095e-06, 2.03047329705e-06, 1.65114568063e-06, 2.31315266319e-06, 2.43190288529e-06], "dmean2": [0.00338990218006, 0.00360742001794, 0.00110957666766, 0.00131425342988, 0.000512402795721, 0.000235114479437, 0.000442162010586, 0.00013739343558, 9.55049617914e-05, 5.62652239751e-05, 8.42552763061e-05, 0.00021638351609, 0.000461432471639, 0.000509050849359, 0.000216995671508, 0.00012459786376, 3.42827006534e-05, 1.74172218976e-05, 1.59675491886e-05, 2.04411517188e-05, 2.41345314862e-05, 2.62070370809e-05, 1.5279987565e-05, 8.10887650005e-06, 6.79733420839e-06, 7.21615651855e-06, 6.87620467943e-06, 6.68487655275e-06, 5.42134557691e-06, 6.85162649461e-06, 6.90154956828e-06, 5.1630240705e-06, 6.21210165264e-06, 6.69841756462e-06, 6.10420147495e-06, 2.95492054647e-06, 3.06391348204e-06, 2.48920127888e-06, 3.50098775925e-06, 3.66216636394e-06], "dvar": [9.07989033294e-06, 8.72897089721e-06, 1.09443328711e-06, 3.14055409945e-06, 4.35568097146e-07, 1.57219730568e-07, 3.61572432439e-07, 3.92792891546e-08, 2.60492125648e-08, 8.3699447373e-09, 1.46643603927e-08, 2.71316508815e-07, 8.98593782495e-07, 1.13504336241e-06, 2.51549465702e-07, 1.85154576116e-07, 1.74384311435e-08, 4.33773517106e-10, 3.6064778941e-10, 8.59735838077e-10, 1.47218770508e-09, 2.16270401587e-09, 5.69132130313e-10, 8.3817668084e-11, 4.91978749406e-11, 4.86251004739e-11, 7.77697559129e-11, 9.71233579672e-11, 3.58932189526e-11, 4.63165408804e-11, 5.5285859224e-11, 3.06692032881e-11, 5.50422138423e-11, 7.69212124552e-11, 6.15010334326e-11, 1.08105260854e-11, 1.02798169282e-11, 6.86238219028e-12, 1.45115083144e-11, 1.60141275241e-11], "dvar2": [2.53538764809e-05, 2.2049578547e-05, 2.8692052183e-06, 7.03136038283e-06, 1.20096990486e-06, 3.38608344919e-07, 9.10822450351e-07, 9.6510802905e-08, 6.13363440038e-08, 1.59186104298e-08, 3.41371162449e-08, 5.45782540939e-07, 1.95338520825e-06, 2.23546180678e-06, 5.07722802467e-07, 2.82615587821e-07, 3.95047301538e-08, 1.14729914458e-09, 9.67820823483e-10, 2.39575626004e-09, 4.25504653734e-09, 6.28259266833e-09, 1.63842528433e-09, 2.18402212981e-10, 1.27968385888e-10, 1.26655436139e-10, 1.86383408707e-10, 2.31905911141e-10, 9.18338044498e-11, 1.10123833663e-10, 1.38227540525e-10, 7.30173838059e-11, 1.2708126218e-10, 1.8079066022e-10, 1.48000126043e-10, 2.53556724228e-11, 2.3684020023e-11, 1.61673053417e-11, 3.2662463012e-11, 3.58589997973e-11], "max": [0.0287177730352, 0.0282812397927, 0.0263639334589, 0.018174406141, 0.00585373071954, 0.00867910496891, 0.00794683862478, 0.00330440048128, 0.00238227285445, 0.00283330585808, 0.0025406065397, 0.00926569197327, 0.0108926212415, 0.0111810453236, 0.00747486716136, 0.00668016448617, 0.00363484444097, 0.000316413643304, 0.000282835302642, 0.000594840967096, 0.000473727384815, 0.000573822122533, 0.000341655715602, 0.000167615304235, 0.000171921943547, 0.000127559556859, 0.00026583718136, 0.000349239911884, 0.000119093936519, 0.000107142237539, 0.000113853158837, 0.000105126629933, 0.000183608266525, 0.000183629221283, 0.000215589927393, 5.46994378965e-05, 5.46739611309e-05, 3.6990884837e-05, 5.95653618802e-05, 7.24911442376e-05], "mean": [0.00378410075791, 0.00393984513357, 0.000991930253804, 0.00104461540468, 0.00033703976078, 0.000249756936682, 0.000466866680654, 0.000142746532219, 9.261102241e-05, 4.62276657345e-05, 7.68879544921e-05, 0.000226810734603, 0.00043639758951, 0.000516098167282, 0.000220277215703, 0.000132123648655, 2.4542765459e-05, 1.49407396748e-05, 1.27496432469e-05, 1.4542019926e-05, 1.46771353684e-05, 1.44388013723e-05, 9.63020283962e-06, 7.65112417866e-06, 7.53992935643e-06, 7.68381323724e-06, 7.44162662158e-06, 7.6024352893e-06, 6.54589575788e-06, 8.34125421534e-06, 8.24368544272e-06, 6.41249289401e-06, 7.73743249738e-06, 8.69825817063e-06, 7.14634006727e-06, 3.85853900298e-06, 4.06428171118e-06, 3.17695935337e-06, 4.12655390392e-06, 4.00316321247e-06], "median": [0.00310451723635, 0.00302059436217, 0.00064148218371, 0.000240806868533, 9.95573427645e-05, 7.1350899816e-05, 8.01165733719e-05, 3.38364734489e-05, 2.25145013246e-05, 1.32731183839e-05, 1.80567076313e-05, 3.48007379216e-05, 3.21769766742e-05, 2.86166723527e-05, 2.20766141865e-05, 1.10171222332e-05, 6.70987901685e-06, 6.00050407229e-06, 5.15649026056e-06, 5.1305287343e-06, 4.96047732668e-06, 4.71440307592e-06, 4.058261311e-06, 4.07764946431e-06, 3.69936742572e-06, 4.19356001657e-06, 3.16831551572e-06, 3.02039347844e-06, 2.87323473458e-06, 3.80279766432e-06, 3.6749966057e-06, 2.65234302788e-06, 2.94460642181e-06, 2.70045757134e-06, 2.12343366002e-06, 1.51838344209e-06, 1.49027130192e-06, 1.41923396768e-06, 1.50398113874e-06, 1.47032767472e-06], "min": [1.07294450905e-16, 3.61955012376e-17, 2.08258998125e-17, 5.50584385907e-17, 5.32807447363e-17, 4.45119519551e-17, 5.36928725872e-17, 2.18385988384e-17, 2.51720920393e-17, 3.05765394371e-17, 1.3857435856e-17, 3.45183627671e-17, 7.98862994181e-18, 2.78778994982e-18, 4.80062623019e-18, 1.7503024302e-17, 8.89058354583e-18, 1.16022230417e-17, 6.11999791878e-18, 3.81259042136e-18, 7.88599419858e-18, 1.23355773845e-17, 5.19390470294e-18, 6.47034819927e-18, 1.45341142648e-17, 8.68163606874e-18, 1.2019481894e-17, 9.02702533351e-18, 4.82346882281e-18, 9.15501168097e-18, 7.22872971874e-18, 7.3510416072e-18, 5.64751069853e-18, 6.99605208423e-18, 6.37380836357e-18, 7.15828122751e-18, 7.15099624786e-18, 8.27724566524e-18, 7.37381885254e-18, 6.64588171552e-18], "var": [1.52927677846e-05, 1.71536103153e-05, 1.62019307481e-06, 4.70539362141e-06, 4.3642276637e-07, 4.66752794637e-07, 9.84510279523e-07, 1.00650758839e-07, 5.75411291948e-08, 1.76461121271e-08, 2.33719337217e-08, 5.86211342579e-07, 1.81903908469e-06, 2.39559790316e-06, 4.51914246469e-07, 4.29568814297e-07, 1.67419553776e-08, 5.24180920891e-10, 4.15932538411e-10, 7.9168122058e-10, 1.08809539157e-09, 1.4074386101e-09, 4.02058164539e-10, 1.16533560579e-10, 1.16388017279e-10, 9.68459618056e-11, 2.05128108943e-10, 2.5805380055e-10, 8.8449497726e-11, 1.25048721378e-10, 1.35488134601e-10, 7.77814063158e-11, 1.35212716024e-10, 2.26669280567e-10, 1.49353085455e-10, 2.82680684416e-11, 3.10661461833e-11, 1.72219998679e-11, 3.57869428536e-11, 3.40849917735e-11]}, "mfcc": {"mean": [-640.84588623, 86.9828643799, 29.4394359589, 17.5544719696, 9.3425951004, 18.9355258942, 14.7637195587, 10.5903692245, 1.33912563324, -6.11012172699, -0.00362664274871, 3.17528223991, 8.1687707901], "cov": [[7857.94140625, -90.8341827393, -188.0206604, -2.36807107925, -383.674499512, -85.2962188721, -274.07019043, -208.76965332, -187.809341431, -111.329093933, -142.692993164, -105.615386963, -195.490020752], [-90.8341827393, 1261.30456543, 96.2261123657, -54.6447677612, 112.066513062, 74.8232345581, 200.275512695, 84.708770752, -7.67780208588, -74.3098831177, 16.0093955994, 36.9029121399, 78.5061035156], [-188.0206604, 96.2261123657, 443.34072876, 107.905845642, 101.936599731, 72.1778564453, 59.4365768433, 39.3131408691, 34.3127059937, 11.1804800034, 12.8474769592, 2.06875538826, 50.8572998047], [-2.36807107925, -54.6447677612, 107.905845642, 308.038269043, 129.178909302, 87.4375991821, 55.6585884094, 56.4894676208, 46.6127967834, 57.7408790588, 4.38480949402, -38.0734176636, -38.4637527466], [-383.674499512, 112.066513062, 101.936599731, 129.178909302, 305.445587158, 158.873016357, 123.395172119, 87.7737731934, 109.879333496, 49.1910324097, 42.5958213806, -28.8216114044, -24.670129776], [-85.2962188721, 74.8232345581, 72.1778564453, 87.4375991821, 158.873016357, 250.041748047, 212.040634155, 130.623641968, 61.2747344971, 23.1153049469, 35.4434242249, 12.6334066391, 13.5525350571], [-274.07019043, 200.275512695, 59.4365768433, 55.6585884094, 123.395172119, 212.040634155, 315.040985107, 177.568954468, 63.7327728271, -6.5583357811, 23.9908103943, 24.4049358368, 52.7729988098], [-208.76965332, 84.708770752, 39.3131408691, 56.4894676208, 87.7737731934, 130.623641968, 177.568954468, 173.824020386, 84.8489227295, 16.4097995758, 2.52171587944, -6.09217119217, 33.1384353638], [-187.809341431, -7.67780208588, 34.3127059937, 46.6127967834, 109.879333496, 61.2747344971, 63.7327728271, 84.8489227295, 134.105743408, 54.4305229187, 4.90238904953, -32.5077095032, -10.1675806046], [-111.329093933, -74.3098831177, 11.1804800034, 57.7408790588, 49.1910324097, 23.1153049469, -6.5583357811, 16.4097995758, 54.4305229187, 108.342933655, 58.1450195312, 2.7716357708, -33.1779708862], [-142.692993164, 16.0093955994, 12.8474769592, 4.38480949402, 42.5958213806, 35.4434242249, 23.9908103943, 2.52171587944, 4.90238904953, 58.1450195312, 114.971450806, 74.1053466797, 9.45027351379], [-105.615386963, 36.9029121399, 2.06875538826, -38.0734176636, -28.8216114044, 12.6334066391, 24.4049358368, -6.09217119217, -32.5077095032, 2.7716357708, 74.1053466797, 139.571411133, 82.5993423462], [-195.490020752, 78.5061035156, 50.8572998047, -38.4637527466, -24.670129776, 13.5525350571, 52.7729988098, 33.1384353638, -10.1675806046, -33.1779708862, 9.45027351379, 82.5993423462, 144.383132935]], "icov": [[0.000157668269821, -4.97767177876e-05, 2.12641207327e-05, -0.000112961490231, 0.000353234354407, -0.000380888377549, 0.000229084616876, 0.000110293687612, -0.000119397860544, 0.000228158140089, 1.62389751495e-05, -8.04753017292e-06, 0.000237583051785], [-4.97767177876e-05, 0.00104816583917, -0.000179198788828, 0.000374925904907, -0.000826141797006, 0.000914649572223, -0.0009940614691, -0.00020746368682, 0.000620323931798, 0.00037931164843, -0.000200806054636, 4.792787513e-05, -0.000173808512045], [2.12641207327e-05, -0.000179198788828, 0.00288989115506, -0.00100345979445, -0.000298622151604, -0.000624159758445, 0.000274049438303, 0.000716704118531, -0.000338077254128, 0.000213062521652, -0.000731924257707, 0.00124815967865, -0.00205712020397], [-0.000112961490231, 0.000374925904907, -0.00100345979445, 0.00529503403232, -0.00244683632627, 0.000233431797824, -0.000311149924528, -0.00165748014115, 0.00278408150189, -0.0038875429891, 0.00278454110958, -0.000554596656002, 0.000899161736015], [0.000353234354407, -0.000826141797006, -0.000298622151604, -0.00244683632627, 0.00956783443689, -0.00527783622965, 0.00112067000009, 0.00281217973679, -0.00703537883237, 0.00393605884165, -0.0051261279732, 0.00288102892227, 0.000552342040464], [-0.000380888377549, 0.000914649572223, -0.000624159758445, 0.000233431797824, -0.00527783622965, 0.0143288280815, -0.00760668795556, -0.00289541459642, 0.00325036188588, -0.00209823995829, 0.000780390750151, -0.00204438949004, 0.00133228849154], [0.000229084616876, -0.0009940614691, 0.000274049438303, -0.000311149924528, 0.00112067000009, -0.00760668795556, 0.013723009266, -0.00836537312716, 2.63168258243e-05, 0.00396808516234, -0.00219951127656, -0.000195413318579, -0.000349667883711], [0.000110293687612, -0.00020746368682, 0.000716704118531, -0.00165748014115, 0.00281217973679, -0.00289541459642, -0.00836537312716, 0.0210391301662, -0.00925569795072, -0.000351046706783, 0.000345527689205, 0.00283119594678, -0.00382558791898], [-0.000119397860544, 0.000620323931798, -0.000338077254128, 0.00278408150189, -0.00703537883237, 0.00325036188588, 2.63168258243e-05, -0.00925569795072, 0.021149456501, -0.0112693207338, 0.0055852397345, 0.00125869060867, -0.00121653859969], [0.000228158140089, 0.00037931164843, 0.000213062521652, -0.0038875429891, 0.00393605884165, -0.00209823995829, 0.00396808516234, -0.000351046706783, -0.0112693207338, 0.0257808081806, -0.015877187252, 0.0027770625893, 0.00307277869433], [1.62389751495e-05, -0.000200806054636, -0.000731924257707, 0.00278454110958, -0.0051261279732, 0.000780390750151, -0.00219951127656, 0.000345527689205, 0.0055852397345, -0.015877187252, 0.0291006602347, -0.0169498175383, 0.00544317578897], [-8.04753017292e-06, 4.792787513e-05, 0.00124815967865, -0.000554596656002, 0.00288102892227, -0.00204438949004, -0.000195413318579, 0.00283119594678, 0.00125869060867, 0.0027770625893, -0.0169498175383, 0.0247517414391, -0.0128424605355], [0.000237583051785, -0.000173808512045, -0.00205712020397, 0.000899161736015, 0.000552342040464, 0.00133228849154, -0.000349667883711, -0.00382558791898, -0.00121653859969, 0.00307277869433, 0.00544317578897, -0.0128424605355, 0.0168926306069]]}, "spectral_contrast_coeffs": {"dmean": [0.057672932744, 0.0497372113168, 0.0481290817261, 0.0290721170604, 0.0196202397346, 0.0183245688677], "dmean2": [0.0947686806321, 0.0795752182603, 0.0738405361772, 0.0467899851501, 0.0321564041078, 0.0284378547221], "dvar": [0.00246497476473, 0.00174165156204, 0.00237418198958, 0.000711822940502, 0.000296699057799, 0.000278635736322], "dvar2": [0.00594963738695, 0.00415547611192, 0.00438342941925, 0.00151806452777, 0.000771047023591, 0.00065785436891], "max": [-0.317010045052, -0.21610660851, -0.339783072472, -0.487742334604, -0.634663820267, -0.648439526558], "mean": [-0.67973279953, -0.738410890102, -0.75433832407, -0.812998712063, -0.821864902973, -0.78618490696], "median": [-0.693552851677, -0.75833106041, -0.790091395378, -0.826778709888, -0.826564908028, -0.782005429268], "min": [-0.912023961544, -0.967018604279, -0.953202903271, -0.951409757137, -0.94642239809, -0.940435647964], "var": [0.0083463517949, 0.0107660926878, 0.0135348122567, 0.00370316696353, 0.00107210280839, 0.00136161502451]}, "spectral_contrast_valleys": {"dmean": [0.422152638435, 0.487461268902, 0.43320953846, 0.405742019415, 0.3339394629, 0.32058352232], "dmean2": [0.680542111397, 0.752228081226, 0.665578603745, 0.587878644466, 0.45668977499, 0.37245196104], "dvar": [0.174164697528, 0.229487910867, 0.210654005408, 0.201401993632, 0.154933586717, 0.138740420341], "dvar2": [0.340402394533, 0.477359890938, 0.431722342968, 0.394057154655, 0.295842051506, 0.209801077843], "max": [-5.28647994995, -4.70344877243, -5.06080913544, -5.68696784973, -5.42353343964, -7.56004619598], "mean": [-7.00798082352, -7.27761507034, -7.45303726196, -7.78935480118, -7.53631639481, -9.26499176025]