{"lowlevel": {"average_loudness": 0.889497935772, "barkbands_crest": {"dmean": 2.74110412598, "dmean2": 4.51877450943, "dvar": 7.67566347122, "dvar2": 20.5916061401, "max": 26.5404968262, "mean": 12.6118612289, "median": 11.400056839, "min": 2.41617536545, "var": 29.4909763336}, "barkbands_flatness_db": {"dmean": 0.0311472471803, "dmean2": 0.0457556471229, "dvar": 0.00122592365369, "dvar2": 0.00261373957619, "max": 0.594508171082, "mean": 0.177162483335, "median": 0.165969073772, "min": 0.0161743592471, "var": 0.00752346590161}, "barkbands_kurtosis": {"dmean": 10.3241157532, "dmean2": 17.1143798828, "dvar": 1702.13134766, "dvar2": 4866.96191406, "max": 1654.47277832, "mean": 26.4731769562, "median": 7.48641014099, "min": -1.69160723686, "var": 7463.20117188}, "barkbands_skewness": {"dmean": 0.800088882446, "dmean2": 1.27822744846, "dvar": 1.25933086872, "dvar2": 3.30928134918, "max": 33.8485069275, "mean": 2.94998693466, "median": 2.30941271782, "min": -1.87861967087, "var": 8.15118122101}, "barkbands_spread": {"dmean": 5.03629636765, "dmean2": 7.9678401947, "dvar": 51.9435844421, "dvar2": 123.268852234, "max": 112.062385559, "mean": 13.4002771378, "median": 10.1886339188, "min": 0.12351359427, "var": 148.867477417}, "dissonance": {"dmean": 0.0249368026853, "dmean2": 0.0403760932386, "dvar": 0.000555443984922, "dvar2": 0.00135729240719, "max": 0.5, "mean": 0.439358770847, "median": 0.446644723415, "min": 0.11809823662, "var": 0.00167448318098}, "dynamic_complexity": 6.85748624802, "erbbands_crest": {"dmean": 2.36979198456, "dmean2": 3.71517419815, "dvar": 5.45755338669, "dvar2": 13.651930809, "max": 28.8428668976, "mean": 9.29507064819, "median": 8.57269001007, "min": 2.49837708473, "var": 15.0341539383}, "erbbands_flatness_db": {"dmean": 0.0222211442888, "dmean2": 0.030329618603, "dvar": 0.000450741383247, "dvar2": 0.000837138330098, "max": 0.319693565369, "mean": 0.142225012183, "median": 0.140456974506, "min": 0.032294973731, "var": 0.00237195636146}, "erbbands_kurtosis": {"dmean": 1.3057860136, "dmean2": 2.04431891441, "dvar": 3.13503098488, "dvar2": 7.6378068924, "max": 36.8122596741, "mean": 1.67918527126, "median": 0.752953052521, "min": -1.6608799696, "var": 10.252779007}, "erbbands_skewness": {"dmean": 0.394236803055, "dmean2": 0.621057987213, "dvar": 0.151090592146, "dvar2": 0.393448889256, "max": 4.81927204132, "mean": 0.931081593037, "median": 0.87347561121, "min": -2.24785757065, "var": 0.534642219543}, "erbbands_spread": {"dmean": 9.34505748749, "dmean2": 13.8129501343, "dvar": 110.992118835, "dvar2": 253.177230835, "max": 133.512039185, "mean": 35.5506820679, "median": 32.561668396, "min": 3.25966048241, "var": 327.884979248}, "hfc": {"dmean": 9.02110481262, "dmean2": 12.5093164444, "dvar": 342.552429199, "dvar2": 710.526977539, "max": 239.682723999, "mean": 14.0651493073, "median": 6.50880765915, "min": 1.15624695686e-16, "var": 507.260955811}, "melbands_crest": {"dmean": 3.86396598816, "dmean2": 6.46932697296, "dvar": 18.4881744385, "dvar2": 48.8616981506, "max": 39.5316352844, "mean": 17.7103977203, "median": 16.1593341827, "min": 1.98759126663, "var": 58.0407180786}, "melbands_flatness_db": {"dmean": 0.0346509590745, "dmean2": 0.0512291714549, "dvar": 0.00153408281039, "dvar2": 0.00327771250159, "max": 0.69964236021, "mean": 0.272228419781, "median": 0.262925624847, "min": 0.00552248768508, "var": 0.0105837546289}, "melbands_kurtosis": {"dmean": 17.5363903046, "dmean2": 29.0856304169, "dvar": 10153.1816406, "dvar2": 29321.4394531, "max": 6823.36572266, "mean": 41.2775840759, "median": 14.4008903503, "min": -1.43665742874, "var": 19216.4355469}, "melbands_skewness": {"dmean": 0.986220479012, "dmean2": 1.55123925209, "dvar": 1.877161026, "dvar2": 4.88749599457, "max": 63.5720443726, "mean": 3.65769147873, "median": 2.91023540497, "min": -0.661772429943, "var": 9.41757488251}, "melbands_spread": {"dmean": 4.11337137222, "dmean2": 6.65220308304, "dvar": 39.2367668152, "dvar2": 101.099464417, "max": 123.662010193, "mean": 12.1682138443, "median": 8.77200126648, "min": 0.0380391962826, "var": 181.216247559}, "pitch_salience": {"dmean": 0.0854388773441, "dmean2": 0.141990244389, "dvar": 0.00743590621278, "dvar2": 0.0199027583003, "max": 0.953902244568, "mean": 0.489200204611, "median": 0.51305013895, "min": 0.0096783451736, "var": 0.0277305580676}, "silence_rate_20dB": {"dmean": 0.000205044081667, "dmean2": 0.00041013021837, "dvar": 0.000204978481634, "dvar2": 0.00061493285466, "max": 1, "mean": 0.999897480011, "median": 1, "min": 0, "var": 0.000102495127067}, "silence_rate_30dB": {"dmean": 0.0606930479407, "dmean2": 0.121398545802, "dvar": 0.057009074837, "dvar2": 0.135982438922, "max": 1, "mean": 0.948231697083, "median": 1, "min": 0, "var": 0.0490913838148}, "silence_rate_60dB": {"dmean": 0.0192741435021, "dmean2": 0.0385522395372, "dvar": 0.0189000554383, "dvar2": 0.0430168844759, "max": 1, "mean": 0.188621222973, "median": 0, "min": 0, "var": 0.153014153242}, "spectral_centroid": {"dmean": 220.638885498, "dmean2": 347.168273926, "dvar": 100541.078125, "dvar2": 231159.15625, "max": 10639.5380859, "mean": 851.446716309, "median": 693.835144043, "min": 120.223175049, "var": 287595.5}, "spectral_complexity": {"dmean": 4.00246047974, "dmean2": 5.61632299423, "dvar": 36.4337310791, "dvar2": 64.399559021, "max": 56, "mean": 12.3215789795, "median": 11, "min": 0, "var": 101.570205688}, "spectral_decrease": {"dmean": 4.64014204837e-09, "dmean2": 7.13341741232e-09, "dvar": 6.77656136305e-17, "dvar2": 1.64854885855e-16, "max": 8.81840972128e-17, "mean": -9.40473476874e-09, "median": -7.10443037732e-09, "min": -1.17915050168e-07, "var": 1.02368458008e-16}, "spectral_energy": {"dmean": 0.0181435476989, "dmean2": 0.0276537481695, "dvar": 0.00102166691795, "dvar2": 0.00246349675581, "max": 0.44861894846, "mean": 0.0367713496089, "median": 0.0275164376944, "min": 1.03702066276e-20, "var": 0.00156588479877}, "spectral_energyband_high": {"dmean": 0.000575686222874, "dmean2": 0.000843422720209, "dvar": 1.83586234925e-06, "dvar2": 4.03766125601e-06, "max": 0.0166372265667, "mean": 0.000598163227551, "median": 6.73026588629e-05, "min": 7.53060948362e-21, "var": 2.10302619053e-06}, "spectral_energyband_low": {"dmean": 0.0120032597333, "dmean2": 0.0198456067592, "dvar": 0.0005986141623, "dvar2": 0.00153149059042, "max": 0.356232970953, "mean": 0.0210686661303, "median": 0.0147132612765, "min": 5.62440912245e-23, "var": 0.000742242089473}, "spectral_energyband_middle_high": {"dmean": 0.00116521830205, "dmean2": 0.00168678315822, "dvar": 5.7086376728e-06, "dvar2": 1.30899679789e-05, "max": 0.0378200523555, "mean": 0.00211030105129, "median": 0.000910403847229, "min": 1.55112752966e-21, "var": 9.49346940615e-06}, "spectral_energyband_middle_low": {"dmean": 0.00653897132725, "dmean2": 0.0101758707315, "dvar": 0.000189813887118, "dvar2": 0.000475693494081, "max": 0.225460380316, "mean": 0.0115956524387, "median": 0.00716861058027, "min": 2.99078550455e-22, "var": 0.000240613691858}, "spectral_entropy": {"dmean": 0.253939330578, "dmean2": 0.351435959339, "dvar": 0.0672773867846, "dvar2": 0.128655076027, "max": 9.79010295868, "mean": 7.29850244522, "median": 7.26728582382, "min": 5.18113803864, "var": 0.346954464912}, "spectral_flux": {"dmean": 0.0356538593769, "dmean2": 0.0529311411083, "dvar": 0.00252223620191, "dvar2": 0.00502861337736, "max": 0.500019907951, "mean": 0.0878622978926, "median": 0.0653364434838, "min": 1.01834214672e-10, "var": 0.00673569180071}, "spectral_kurtosis": {"dmean": 2.11556911469, "dmean2": 3.39333891869, "dvar": 7.74586725235, "dvar2": 20.1942310333, "max": 86.8977432251, "mean": 6.51820325851, "median": 5.32981491089, "min": -1.19057428837, "var": 19.4069747925}, "spectral_rms": {"dmean": 0.00123267632443, "dmean2": 0.00178670324385, "dvar": 3.10143877869e-06, "dvar2": 6.86986777509e-06, "max": 0.0209207311273, "mean": 0.00510181859136, "median": 0.00518124550581, "min": 3.18076641415e-12, "var": 9.84606595011e-06}, "spectral_rolloff": {"dmean": 255.778289795, "dmean2": 445.005371094, "dvar": 418408.15625, "dvar2": 1068342, "max": 19186.0839844, "mean": 825.039306641, "median": 430.6640625, "min": 21.533203125, "var": 4857301.5}, "spectral_skewness": {"dmean": 0.280827015638, "dmean2": 0.434495478868, "dvar": 0.0813658982515, "dvar2": 0.19637234509, "max": 7.67755842209, "mean": 1.98684310913, "median": 1.89347136021, "min": 0.0351208150387, "var": 0.3155849576}, "spectral_spread": {"dmean": 734887.75, "dmean2": 1007509, "dvar": 665893470208, "dvar2": 1172953104380.0, "max": 40096384, "mean": 4758612.5, "median": 4431180, "min": 950207.1875, "var": 3111077019650.0}, "spectral_strongpeak": {"dmean": 0.260453253984, "dmean2": 0.454936146736, "dvar": 0.249744266272, "dvar2": 0.640039801598, "max": 6.42755889893, "mean": 0.410929441452, "median": 0.304025232792, "min": 0, "var": 0.290772199631}, "zerocrossingrate": {"dmean": 0.00900071486831, "dmean2": 0.0104887094349, "dvar": 0.000108123560494, "dvar2": 0.000133938359795, "max": 0.53173828125, "mean": 0.0401279591024, "median": 0.02783203125, "min": 0, "var": 0.0034951500129}, "barkbands": {"dmean": [0.00522104091942, 0.00737815955654, 0.00346605596133, 0.00135146221146, 0.00141728762537, 0.00183978851419, 0.00156241783407, 0.00108913576696, 0.000955504830927, 0.000466927594971, 0.000270021351753, 0.00018807539891, 0.000162302778335, 0.000159054325195, 0.000103742626379, 5.76721431571e-05, 0.000102966150735, 8.02378708613e-05, 9.91784254438e-05, 8.84379333002e-05, 0.000113425499876, 9.44130806602e-05, 8.03656948847e-05, 7.65443983255e-05, 7.03708501533e-05, 7.59593604016e-05, 5.59061518288e-05], "dmean2": [0.0086428206414, 0.0123405661434, 0.00605909992009, 0.00238687498495, 0.00227698055096, 0.0030654957518, 0.00263350852765, 0.0016827264335, 0.00153593963478, 0.0007456006133, 0.000436929811258, 0.000295791833196, 0.000251778110396, 0.000248435157118, 0.000166160272784, 9.35338175623e-05, 0.00016416341532, 0.00012199372577, 0.000152489694301, 0.000134365109261, 0.000175213339389, 0.000148215171066, 0.000124071593746, 0.00011276738951, 0.000103693389974, 0.000117753290397, 8.78787686815e-05], "dvar": [0.000167551217601, 0.00023382868676, 6.7378001404e-05, 1.069596874e-05, 7.64055675972e-06, 3.06574402202e-05, 1.9071439965e-05, 5.31597243025e-06, 1.05826720755e-05, 1.6564354155e-06, 5.03989610934e-07, 1.36877048362e-07, 1.10806738007e-07, 1.13366326104e-07, 4.97153145318e-08, 2.95317494903e-08, 5.74818628252e-08, 3.37785373006e-08, 4.90500049466e-08, 4.53680755186e-08, 9.33087633825e-08, 6.76337066352e-08, 4.11790033183e-08, 3.87997651785e-08, 2.82470669077e-08, 4.24473221017e-08, 2.50236666943e-08], "dvar2": [0.000454225490103, 0.000621854735073, 0.000183804571861, 3.01448035316e-05, 2.00398644665e-05, 8.12122452771e-05, 5.16380714544e-05, 1.33135554279e-05, 2.59929693129e-05, 4.31503531217e-06, 1.324905611e-06, 3.24737214896e-07, 2.72988188499e-07, 2.73573107279e-07, 1.24375816313e-07, 8.84302338022e-08, 1.56890308745e-07, 7.99679682473e-08, 1.16073294976e-07, 1.09043511998e-07, 2.31987982602e-07, 1.68511476772e-07, 9.89519080008e-08, 8.969239218e-08, 6.14814084088e-08, 1.00554551352e-07, 5.99514109467e-08], "max": [0.22945022583, 0.19950838387, 0.0926874428988, 0.0464977473021, 0.0545041151345, 0.109991766512, 0.0699736624956, 0.036202210933, 0.0727196037769, 0.029449403286, 0.0160488579422, 0.00983135774732, 0.00518666440621, 0.00804869830608, 0.00408614706248, 0.00399911450222, 0.00744392862543, 0.00360514526255, 0.00349278142676, 0.00312735862099, 0.00503131048754, 0.00403909850866, 0.0030273871962, 0.00691288663074, 0.0025640539825, 0.00235463352874, 0.00212830258533], "mean": [0.00527927605435, 0.0137823596597, 0.00355710880831, 0.00157823553309, 0.00223373132758, 0.00255265762098, 0.00189299939666, 0.00170850241557, 0.0012971292017, 0.00062031293055, 0.000327835383359, 0.00026777619496, 0.000238909953623, 0.000226767384447, 0.000140074596857, 6.93176625646e-05, 0.000143014054629, 9.20022212085e-05, 0.000116543815238, 0.000103654107079, 0.000114973030577, 9.10680828383e-05, 7.9223755165e-05, 7.63302086852e-05, 6.89040316502e-05, 6.59632278257e-05, 4.6740842663e-05], "median": [0.00127126276493, 0.00809522531927, 0.00116941495799, 0.000557356222998, 0.00123455247376, 0.00118604535237, 0.000643010949716, 0.000459479575511, 0.000168894577655, 0.00010467053653, 7.28768791305e-05, 7.75531225372e-05, 6.58050994389e-05, 6.13066586084e-05, 3.27800989908e-05, 1.75049044628e-05, 4.65392877231e-05, 1.83728407137e-05, 3.02497537632e-05, 1.83601223398e-05, 1.60947347467e-05, 1.23665658975e-05, 9.2628188213e-06, 5.17656098964e-06, 3.71570490643e-06, 1.85160627098e-06, 6.21165725079e-07], "min": [3.19227238111e-23, 9.44717179785e-24, 3.24892363815e-23, 1.44862330335e-23, 3.41042744682e-23, 4.93847216171e-23, 4.59023866589e-23, 5.50797703937e-23, 8.42550967757e-23, 4.55611033431e-23, 3.13209396918e-23, 3.72072714607e-23, 3.97859346976e-23, 1.55619057779e-22, 1.34770057277e-22, 2.19470595407e-22, 2.76160462463e-22, 2.13148070889e-22, 2.14591446532e-22, 3.60775223013e-22, 4.60198329015e-22, 3.73378064835e-22, 5.58394876216e-22, 8.34973094171e-22, 1.49428107687e-21, 1.40157323452e-21, 2.38589705985e-21], "var": [0.00015761324903, 0.000323488318827, 5.40247456229e-05, 8.979030099e-06, 9.71186727838e-06, 2.55703489529e-05, 1.57480953931e-05, 8.49393654789e-06, 1.35885729833e-05, 1.85668125141e-06, 5.14666169238e-07, 2.23932644872e-07, 1.81802406019e-07, 1.71263863535e-07, 7.45635659882e-08, 2.83785350774e-08, 7.60997025395e-08, 3.75582906997e-08, 5.34877315772e-08, 4.97309642356e-08, 8.72590391054e-08, 6.0934802093e-08, 4.01980138065e-08, 4.05770244072e-08, 3.23131565949e-08, 3.98671247126e-08, 2.27215348758e-08]}, "erbbands": {"dmean": [0.337709337473, 1.30328226089, 3.58704590797, 4.48528862, 5.06742715836, 4.09092378616, 10.6068067551, 13.9785757065, 17.7466125488, 31.7800064087, 17.7563896179, 20.7669563293, 20.8554668427, 11.7282524109, 10.5402441025, 7.9539642334, 7.54694604874, 8.47093296051, 5.73197555542, 4.58883190155, 3.61388707161, 5.45608234406, 4.40980958939, 4.60745954514, 5.24733877182, 4.14020395279, 4.59444141388, 4.21298980713, 3.49923467636, 2.81643939018, 2.2089111805, 1.64972305298, 1.26296293736, 0.853282868862, 0.468845307827, 0.284362733364, 0.147788763046, 0.0475118719041, 0.00903263874352, 0.000652948860079], "dmean2": [0.58601218462, 2.13753771782, 6.14976978302, 7.91420125961, 8.32471752167, 6.60296344757, 17.6954574585, 23.6119384766, 29.2957172394, 52.578037262, 26.4800758362, 33.43907547, 33.3940391541, 18.7807807922, 16.7595863342, 12.3785505295, 11.4933261871, 13.0870962143, 8.925573349, 7.42630004883, 5.71866130829, 8.71621990204, 6.77999544144, 7.0392036438, 8.10927963257, 6.28755092621, 7.06029176712, 6.55737495422, 5.49364328384, 4.40669870377, 3.41088914871, 2.46014976501, 1.86248385906, 1.25765931606, 0.700763583183, 0.436391323805, 0.23074233532, 0.0750289931893, 0.0141979912296, 0.00102257914841], "dvar": [0.726058125496, 5.7963385582, 69.205039978, 114.767417908, 104.209716797, 69.6558456421, 1245.94934082, 1555.77416992, 1801.10803223, 7306.81982422, 1538.53149414, 4675.46630859, 4398.05322266, 1075.82470703, 717.63885498, 220.917007446, 226.612823486, 301.537017822, 203.292770386, 109.567367554, 107.462440491, 182.417694092, 88.5654754639, 112.496116638, 145.169509888, 99.5777511597, 137.346786499, 136.130905151, 93.8221359253, 60.0272445679, 31.5051517487, 17.9330615997, 9.98992061615, 4.3156914711, 1.28848814964, 0.568740963936, 0.169369310141, 0.0179447028786, 0.000661986297928, 3.5103000755e-06], "dvar2": [1.95325994492, 15.1753177643, 186.089141846, 321.636077881, 279.056091309, 187.493103027, 3241.22070312, 4222.41015625, 4749.64892578, 19777.2753906, 3501.28735352, 11669.3466797, 10877.2734375, 2840.85571289, 1864.62744141, 525.829223633, 548.138183594, 708.507629395, 504.331451416, 305.91217041, 328.928985596, 505.72869873, 208.989501953, 262.297576904, 350.878997803, 238.601257324, 334.654632568, 342.901550293, 234.143798828, 150.511245728, 75.4925537109, 41.8163490295, 22.56524086, 9.51937007904, 2.85572719574, 1.33507883549, 0.406638115644, 0.0434875451028, 0.00159353518393, 8.43444286147e-06], "max": [13.235408783, 36.014957428, 84.0538406372, 156.319000244, 185.699264526, 162.413604736, 714.182556152, 822.442138672, 632.115600586, 1257.25842285, 559.82824707, 1352.30957031, 1570.59387207, 673.495178223, 645.045593262, 221.864959717, 275.437561035, 285.180725098, 501.201385498, 178.286911011, 272.013519287, 316.227600098, 156.251205444, 141.67414856, 168.536697388, 136.720397949, 192.390670776, 195.406219482, 157.976028442, 141.804977417, 92.7548904419, 135.514801025, 97.336517334, 42.4976348877, 14.0121421814, 11.1406106949, 5.03226709366, 1.52202284336, 0.353659600019, 0.0297969859093], "mean": [0.555037081242, 2.49922537804, 4.2157497406, 5.24771404266, 7.08227491379, 6.31300592422, 12.0383701324, 19.8846416473, 26.77186203, 39.2169456482, 30.0542449951, 29.8873119354, 27.7826728821, 14.4882287979, 13.7680063248, 12.4153728485, 11.9363918304, 12.5241966248, 7.96968698502, 6.22995519638, 5.0320019722, 7.13904476166, 5.40109920502, 5.22235155106, 6.08648204803, 4.87813186646, 5.00111246109, 4.13305473328, 3.37669301033, 2.70383739471, 2.19024062157, 1.64631831646, 1.25789618492, 0.841340065002, 0.449745327234, 0.252358138561, 0.126311480999, 0.0398586243391, 0.00758244656026, 0.00056896917522], "median": [0.181526303291, 1.71359109879, 1.98696863651, 2.06060600281, 3.32347273827, 3.37122583389, 3.91387414932, 9.42746829987, 11.2722511292, 10.8862276077, 7.34040546417, 4.92372274399, 4.08854198456, 2.50697612762, 3.70594859123, 4.50302362442, 3.88590717316, 3.73755550385, 1.79345118999, 1.75007867813, 1.8950650692, 2.10936927795, 1.28065812588, 1.25873196125, 1.50725722313, 0.933983981609, 0.72919434309, 0.572346687317, 0.463419497013, 0.350932300091, 0.254166007042, 0.132981672883, 0.0796591490507, 0.0470973700285, 0.0230522677302, 0.00861879065633, 0.0031728122849, 0.000750269158743, 0.000116550610983, 4.22120428993e-05], "min": [5.44761744187e-22, 1.57453142975e-21, 2.3068925064e-20, 5.78082990524e-20, 7.06685600463e-20, 1.05930435917e-19, 3.79797238218e-19, 2.95972383454e-19, 4.4096579695e-19, 1.19457122726e-18, 1.20783227664e-18, 2.03781734167e-18, 1.56798588817e-18, 1.56941577326e-18, 1.29471136657e-18, 1.14275105022e-18, 1.68240368185e-18, 4.75263403823e-18, 7.65219242563e-18, 1.03449209183e-17, 1.31777696708e-17, 1.39502355946e-17, 1.43960958709e-17, 1.08217880599e-17, 1.14778556094e-17, 1.91141802293e-17, 1.76156714122e-17, 1.93396067986e-17, 1.33950766352e-17, 1.49387263528e-17, 1.48887282478e-17, 1.40908314833e-17, 1.5018238262e-17, 1.14024126016e-17, 1.34514407221e-17, 5.89254351625e-18, 2.60055555022e-18, 1.30852931531e-18, 2.95274915101e-19, 3.80775243583e-20], "var": [0.883028864861, 8.55254936218, 58.8424263, 95.5697402954, 123.310920715, 81.1533889771, 1001.38299561, 1319.24560547, 1943.7232666, 6687.56591797, 2994.63549805, 5987.96435547, 5508.86865234, 1107.8671875, 804.08190918, 390.111450195, 413.386474609, 483.04019165, 276.923950195, 153.120758057, 108.942642212, 230.814788818, 106.496025085, 121.886444092, 152.957870483, 109.286201477, 139.699050903, 121.327857971, 84.0569381714, 53.6447525024, 30.9058532715, 18.4421367645, 10.8675136566, 4.84876823425, 1.42465412617, 0.550474286079, 0.154474943876, 0.01597638987, 0.000597363570705, 3.17985472975e-06]}, "gfcc": {"mean": [-72.7637023926, 102.325508118, -83.4805450439, 21.1303939819, -48.8089179993, 7.97288894653, -25.2292747498, 6.35471773148, -13.1732139587, 6.34295558929, -6.99966859818, 0.0948076248169, -12.1384859085], "cov": [[28511.6582031, 800.383972168, 37.2356987, 893.006958008, -667.109008789, -29.9559574127, -118.772789001, 307.588287354, -201.797607422, 280.24395752, -186.860015869, 86.1261672974, -120.614608765], [800.383972168, 1815.18493652, -37.7565002441, 237.874893188, 81.054397583, -36.5412635803, 33.6389503479, -51.1604766846, 151.800613403, -38.2367744446, 127.516044617, -64.0604019165, 31.5851020813], [37.2356987, -37.7565002441, 603.748596191, 145.209625244, 155.832275391, 63.6999931335, 78.0927658081, 47.7580566406, 46.0553283691, 28.7321128845, 33.2098922729, 21.450750351, 17.0399971008], [893.006958008, 237.874893188, 145.209625244, 428.930969238, 205.481796265, 113.003982544, 91.204208374, 50.6398162842, 49.1549987793, 33.322013855, 72.1634368896, 41.8865814209, 26.2840747833], [-667.109008789, 81.054397583, 155.832275391, 205.481796265, 312.348022461, 167.6771698, 143.034744263, 59.9652175903, 88.0096435547, 35.7723999023, 86.8634262085, 37.1335792542, 34.1327056885], [-29.9559574127, -36.5412635803, 63.6999931335, 113.003982544, 167.6771698, 221.084014893, 143.622802734, 72.6040115356, 50.8920707703, 24.5017299652, 32.7343673706, 23.4729003906, 29.0214176178], [-118.772789001, 33.6389503479, 78.0927658081, 91.204208374, 143.034744263, 143.622802734, 192.264343262, 93.7308959961, 80.3737869263, 29.6918373108, 34.7297058105, 11.6921224594, 34.3059844971], [307.588287354, -51.1604766846, 47.7580566406, 50.6398162842, 59.9652175903, 72.6040115356, 93.7308959961, 120.181465149, 73.2438812256, 34.4448661804, 15.5622777939, 9.64989566803, 19.9147262573], [-201.797607422, 151.800613403, 46.0553283691, 49.1549987793, 88.0096435547, 50.8920707703, 80.3737869263, 73.2438812256, 155.837005615, 58.3855285645, 65.9784622192, 2.54179763794, 24.9690761566], [280.24395752, -38.2367744446, 28.7321128845, 33.322013855, 35.7723999023, 24.5017299652, 29.6918373108, 34.4448661804, 58.3855285645, 91.8781738281, 51.9625778198, 20.3855705261, 5.75435829163], [-186.860015869, 127.516044617, 33.2098922729, 72.1634368896, 86.8634262085, 32.7343673706, 34.7297058105, 15.5622777939, 65.9784622192, 51.9625778198, 131.880691528, 49.7401313782, 24.7041416168], [86.1261672974, -64.0604019165, 21.450750351, 41.8865814209, 37.1335792542, 23.4729003906, 11.6921224594, 9.64989566803, 2.54179763794, 20.3855705261, 49.7401313782, 73.016784668, 26.0710468292], [-120.614608765, 31.5851020813, 17.0399971008, 26.2840747833, 34.1327056885, 29.0214176178, 34.3059844971, 19.9147262573, 24.9690761566, 5.75435829163, 24.7041416168, 26.0710468292, 59.780582428]], "icov": [[6.20888095e-05, -7.94189836597e-05, -2.31973208429e-05, -0.000195292450371, 0.000316528254189, -0.00012241913646, 7.28840168449e-05, -0.000310431641992, 0.000226460804697, -0.000359840341844, 0.000196882829187, -0.0002118088305, 0.000151063140947], [-7.94189836597e-05, 0.00108581455424, 0.000161421106895, -0.000543781148735, 3.86670835724e-05, 0.000484929129016, -0.000496513501275, 0.00152923818678, -0.00160750397481, 0.00183590839151, -0.00160615646746, 0.00189721665811, -0.000691811554134], [-2.31973208429e-05, 0.000161421106895, 0.00200408161618, -0.000310896662995, -0.00110407243483, 0.000690223183483, -0.000328291644109, -6.6285385401e-05, -0.000137084629387, -3.65193518519e-05, 0.000201919436222, 7.90590056567e-05, -0.000118007876154], [-0.000195292450371, -0.000543781148735, -0.000310896662995, 0.0048144585453, -0.0034724867437, 2.62356115854e-05, 0.000418743060436, -0.000747164769564, 0.00109815539327, -0.000187724494026, -0.00013169736485, -0.000983540900052, -0.000113611647976], [0.000316528254189, 3.86670835724e-05, -0.00110407243483, -0.0034724867437, 0.0109081892297, -0.00451016426086, -0.00212447182275, 0.00114253209904, -0.00170085544232, 0.000329675967805, -0.00222748937085, -0.000892494514119, 0.00124795595184], [-0.00012241913646, 0.000484929129016, 0.000690223183483, 2.62356115854e-05, -0.00451016426086, 0.0115956161171, -0.00591100938618, -0.00054196867859, 0.00102521362714, 0.000304291257635, 0.00048223437625, -0.000248200813076, -0.000741477997508], [7.28840168449e-05, -0.000496513501275, -0.000328291644109, 0.000418743060436, -0.00212447182275, -0.00591100938618, 0.0152659779415, -0.0070096636191, -0.000518144166563, -0.000499104673509, 0.000464650074719, 0.00158104789443, -0.00264110253192], [-0.000310431641992, 0.00152923818678, -6.6285385401e-05, -0.000747164769564, 0.00114253209904, -0.00054196867859, -0.0070096636191, 0.0206516087055, -0.00929135642946, 0.00111225876026, 0.00202324520797, -0.000858506944496, -0.00102117715869], [0.000226460804697, -0.00160750397481, -0.000137084629387, 0.00109815539327, -0.00170085544232, 0.00102521362714, -0.000518144166563, -0.00929135642946, 0.0181579850614, -0.00791901070625, -0.00384777178988, 0.00468905689195, -0.00254832790233], [-0.000359840341844, 0.00183590839151, -3.65193518519e-05, -0.000187724494026, 0.000329675967805, 0.000304291257635, -0.000499104673509, 0.00111225876026, -0.00791901070625, 0.0214029680938, -0.00751668168232, 0.000485085067339, 0.00211894698441], [0.000196882829187, -0.00160615646746, 0.000201919436222, -0.00013169736485, -0.00222748937085, 0.00048223437625, 0.000464650074719, 0.00202324520797, -0.00384777178988, -0.00751668168232, 0.0199020821601, -0.0126609345898, 0.000971047731582], [-0.0002118088305, 0.00189721665811, 7.90590056567e-05, -0.000983540900052, -0.000892494514119, -0.000248200813076, 0.00158104789443, -0.000858506944496, 0.00468905689195, 0.000485085067339, -0.0126609345898, 0.0285209417343, -0.0102225318551], [0.000151063140947, -0.000691811554134, -0.000118007876154, -0.000113611647976, 0.00124795595184, -0.000741477997508, -0.00264110253192, -0.00102117715869, -0.00254832790233, 0.00211894698441, 0.000971047731582, -0.0102225318551, 0.0239022839814]]}, "melbands": {"dmean": [0.0026176313404, 0.00170327210799, 0.000754701672122, 0.000335821503541, 0.000311529816827, 0.000331617891788, 0.000284428679151, 0.000328938214807, 0.00013232944184, 0.000139521158417, 0.000103138925624, 4.69393671665e-05, 3.76899188268e-05, 2.34435647144e-05, 1.66138834174e-05, 1.62127744261e-05, 1.65279980138e-05, 9.82765141089e-06, 6.4285022745e-06, 5.00550140714e-06, 4.55501049146e-06, 6.13268275629e-06, 4.7674839152e-06, 3.94568633055e-06, 3.78092340725e-06, 3.86670944863e-06, 3.53606901626e-06, 2.60250726569e-06, 2.81463280771e-06, 2.93662719741e-06, 2.3115244403e-06, 2.06317349694e-06, 1.71404394678e-06, 1.53689688887e-06, 1.3328752857e-06, 1.08469953375e-06, 1.00548004411e-06, 9.05497131498e-07, 8.14862460174e-07, 6.99784663993e-07], "dmean2": [0.00445079477504, 0.00283609330654, 0.00131298205815, 0.000546391413081, 0.000515866326168, 0.000553266145289, 0.000471061241115, 0.000538618420251, 0.000195630957023, 0.000227271113545, 0.000165504330653, 7.60093462304e-05, 6.056926577e-05, 3.66015374311e-05, 2.50543416769e-05, 2.56199091382e-05, 2.5635219572e-05, 1.55424877448e-05, 1.02750973383e-05, 8.17818818177e-06, 7.24097253624e-06, 9.89465297607e-06, 7.61919363867e-06, 6.07174297329e-06, 5.86474607189e-06, 5.99189024797e-06, 5.52787651031e-06, 3.99849523092e-06, 4.36119444203e-06, 4.62013667857e-06, 3.64122138308e-06, 3.27296106661e-06, 2.72250076705e-06, 2.4126320568e-06, 2.08977280636e-06, 1.6529053255e-06, 1.5049367903e-06, 1.34924323447e-06, 1.20393247016e-06, 1.04337254925e-06], "dvar": [3.67030661437e-05, 1.30118560264e-05, 2.92825984616e-06, 4.7942268111e-07, 9.18360342439e-07, 8.49359594213e-07, 5.05873458678e-07, 7.13509791694e-07, 8.78451444919e-08, 2.36274104282e-07, 1.08963895684e-07, 1.78590227051e-08, 9.85361214845e-09, 2.18900608751e-09, 9.3712160254e-10, 1.20478271803e-09, 1.1951729606e-09, 6.45603959182e-10, 1.7394032048e-10, 1.48844894743e-10, 1.58290797136e-10, 2.70344635567e-10, 1.2519876802e-10, 8.82589279438e-11, 7.96369012401e-11, 7.76715913808e-11, 7.59820747986e-11, 3.98866564777e-11, 5.06082953322e-11, 6.68258642866e-11, 4.01907361558e-11, 3.29232127672e-11, 2.43515606985e-11, 1.75322915907e-11, 1.2379385711e-11, 7.53078155391e-12, 6.94711345742e-12, 5.5125261994e-12, 4.0635641553e-12, 2.97969092976e-12], "dvar2": [9.77831005002e-05, 3.45285261574e-05, 8.16182910057e-06, 1.28337376282e-06, 2.38286315835e-06, 2.27564351007e-06, 1.34468689339e-06, 1.91839899344e-06, 1.94481188487e-07, 5.99490590503e-07, 2.69400146635e-07, 4.73002081947e-08, 2.5822822991e-08, 5.25217869196e-09, 2.20304374743e-09, 3.04619907077e-09, 2.78912359875e-09, 1.64505742362e-09, 4.44050546333e-10, 4.16135043091e-10, 4.76992223497e-10, 7.78135167412e-10, 3.2408864481e-10, 2.13359524492e-10, 1.88948398594e-10, 1.8827014947e-10, 1.88291437997e-10, 9.57217707875e-11, 1.24197319096e-10, 1.68662805944e-10, 1.01341539327e-10, 8.23671270078e-11, 6.19556489445e-11, 4.39537434227e-11, 3.04675555618e-11, 1.77558193842e-11, 1.63953538246e-11, 1.28321268542e-11, 9.00579177204e-12, 6.70109714246e-12], "max": [0.0934978500009, 0.0423692502081, 0.0255404431373, 0.0135165117681, 0.0187438875437, 0.0189629849046, 0.0107540143654, 0.0121064484119, 0.00491367885843, 0.0104825617746, 0.00782778393477, 0.00272715697065, 0.002267758362, 0.0012132715201, 0.000835722021293, 0.00054848450236, 0.000634053023532, 0.00097721000202, 0.000182846371899, 0.000255744118476, 0.000316767866025, 0.000427216291428, 0.00047178947716, 0.000208121069591, 0.000128048355691, 0.000137941606226, 0.000117801879242, 8.29608543427e-05, 9.91231572698e-05, 0.000154876892339, 9.69342727331e-05, 9.44806597545e-05, 7.99291956355e-05, 7.31384934625e-05, 6.3775703893e-05, 7.23760094843e-05, 8.26360046631e-05, 7.90398189565e-05, 5.07626937178e-05, 3.01770887745e-05], "mean": [0.00457127997652, 0.00260560237803, 0.000962663209066, 0.000494568783324, 0.000376133219106, 0.000486469012685, 0.000406006642152, 0.000422565033659, 0.000231046913541, 0.000186943711014, 0.000134851768962, 5.5673517636e-05, 4.68244761578e-05, 3.3639051253e-05, 2.76119026239e-05, 2.30898913287e-05, 2.37477543124e-05, 1.30236303448e-05, 8.68784172781e-06, 6.48652530799e-06, 6.16400893705e-06, 7.97013763076e-06, 5.84714416618e-06, 4.44488387075e-06, 4.09265294365e-06, 4.50939887742e-06, 3.84150234822e-06, 3.08584753839e-06, 3.12153315463e-06, 2.92446929961e-06, 2.21121808863e-06, 1.94444442059e-06, 1.65280778219e-06, 1.45236469962e-06, 1.29597287923e-06, 1.08071560589e-06, 9.85082124316e-07, 8.89786633707e-07, 8.07386527413e-07, 6.77326454479e-07], "median": [0.00221675098874, 0.00192925031297, 0.000456221489003, 0.000258573854808, 0.000145257290569, 0.000228499789955, 0.000162883472512, 0.000117205323477, 5.30321158294e-05, 2.56170987996e-05, 1.82809744729e-05, 8.24951621325e-06, 1.10806358862e-05, 1.03560632851e-05, 1.08295462269e-05, 7.368128081e-06, 6.2762564994e-06, 2.563895805e-06, 2.20547326535e-06, 1.73731541508e-06, 2.1247026325e-06, 2.28534622693e-06, 1.19596006698e-06, 9.77125296231e-07, 8.46952104894e-07, 1.08479309802e-06, 8.02346050932e-07, 5.28267435129e-07, 4.35705516111e-07, 3.90877062273e-07, 2.9469450169e-07, 2.45489189865e-07, 2.30926701761e-07, 1.73279346427e-07, 1.52053701186e-07, 1.01478711656e-07, 6.80727367808e-08, 5.31774837498e-08, 4.84271218681e-08, 3.57642271354e-08], "min": [4.04745952795e-24, 9.25137888775e-24, 1.05772544876e-23, 5.47204410959e-24, 1.17115489058e-23, 7.92257188076e-24, 7.02629494152e-24, 1.36560657936e-23, 1.06177656505e-23, 1.25028442357e-23, 7.61574916484e-24, 6.26081784568e-24, 4.16358853066e-24, 3.99591298982e-24, 3.02689084777e-24, 3.90880381322e-24, 9.88791942965e-24, 1.48401097247e-23, 9.81452144444e-24, 1.09619606519e-23, 1.87413014246e-23, 1.45626531449e-23, 1.42849393963e-23, 1.20024492532e-23, 7.98536441996e-24, 9.16499309661e-24, 8.85477433449e-24, 1.33459645717e-23, 8.72035006966e-24, 1.39268501879e-23, 1.03563750119e-23, 8.61129241609e-24, 5.14154491689e-24, 9.88181601282e-24, 8.07489382181e-24, 9.49353630869e-24, 7.65375569439e-24, 9.56224214923e-24, 1.04768324944e-23, 9.06268809239e-24], "var": [4.46674530394e-05, 1.31014003273e-05, 2.5747779091e-06, 5.44742817965e-07, 7.62339652738e-07, 7.59276872486e-07, 4.973318255e-07, 7.12092287358e-07, 1.81965745583e-07, 2.75133857031e-07, 1.3578032565e-07, 1.82453288033e-08, 1.0358750302e-08, 3.44666295504e-09, 1.95723326435e-09, 1.68399894029e-09, 1.91706650554e-09, 8.06122391062e-10, 2.56846571789e-10, 1.85421081267e-10, 1.61629098994e-10, 3.31628974282e-10, 1.56021071063e-10, 9.21088622041e-11, 8.25762860868e-11, 8.21380879978e-11, 7.44342365522e-11, 4.43360383129e-11, 5.22342308296e-11, 6.03324959436e-11, 3.53850490575e-11, 2.91025745169e-11, 2.10149311147e-11, 1.56201891699e-11, 1.14777172142e-11, 7.62008598582e-12, 6.95491971306e-12, 5.69575940232e-12, 4.53453464014e-12, 3.23770827856e-12]}, "mfcc": {"mean": [-721.550415039, 139.686584473, 21.0864810944, 23.78931427, 3.79310059547, 6.73602247238, 1.49275648594, 2.60294532776, -0.343950629234, 4.62636518478, 5.43491458893, 7.668592453, 4.51373243332], "cov": [[20416.6386719, 1095.83325195, 180.410995483, 377.772247314, -381.002227783, 53.9654426575, 75.1189422607, -79.0027389526, -76.473197937, 41.6001281738, 158.965103149, 43.7433662415, -38.3219337463], [1095.83325195, 1634.69750977, 67.286277771, 179.396224976, 70.3330459595, 78.8142852783, -43.9890861511, -3.99335289001, -49.463470459, 23.1430702209, 51.1407394409, 66.9646987915, 74.3543319702], [180.410995483, 67.286277771, 365.220245361, 116.364044189, 79.4946212769, 21.064496994, 28.8466911316, 18.1856441498, 28.0703754425, 10.0959997177, 13.0453605652, 13.8924303055, 8.81061267853], [377.772247314, 179.396224976, 116.364044189, 300.915222168, 128.343826294, 100.286750793, 60.6455230713, 41.1695709229, 6.11526060104, 8.79345321655, 25.6131267548, 56.9707679749, 56.143081665], [-381.002227783, 70.3330459595, 79.4946212769, 128.343826294, 193.6434021, 102.315467834, 70.7143783569, 55.9034004211, 20.2413845062, 17.9784603119, 25.7939758301, 60.5013084412, 50.2833938599], [53.9654426575, 78.8142852783, 21.064496994, 100.286750793, 102.315467834, 174.012985229, 105.235061646, 76.1968688965, 38.7770805359, 31.762430191, 33.8159294128, 44.4191970825, 34.0820541382], [75.1189422607, -43.9890861511, 28.8466911316, 60.6455230713, 70.7143783569, 105.235061646, 153.608154297, 96.7549819946, 52.062587738, 31.1990242004, 26.3994235992, 24.4285469055, 19.3636722565], [-79.0027389526, -3.99335289001, 18.1856441498, 41.1695709229, 55.9034004211, 76.1968688965, 96.7549819946, 130.267303467, 71.8325424194, 42.6539459229, 30.7384319305, 21.0395431519, 16.909570694], [-76.473197937, -49.463470459, 28.0703754425, 6.11526060104, 20.2413845062, 38.7770805359, 52.062587738, 71.8325424194, 122.480224609, 76.1337127686, 36.4022789001, 8.06605434418, -2.03897666931], [41.6001281738, 23.1430702209, 10.0959997177, 8.79345321655, 17.9784603119, 31.762430191, 31.1990242004, 42.6539459229, 76.1337127686, 107.263931274, 58.5838432312, 19.7294387817, 9.33128070831], [158.965103149, 51.1407394409, 13.0453605652, 25.6131267548, 25.7939758301, 33.8159294128, 26.3994235992, 30.7384319305, 36.4022789001, 58.5838432312, 93.3551483154, 47.8871307373, 25.100233078], [43.7433662415, 66.9646987915, 13.8924303055, 56.9707679749, 60.5013084412, 44.4191970825, 24.4285469055, 21.0395431519, 8.06605434418, 19.7294387817, 47.8871307373, 102.021659851, 58.3614273071], [-38.3219337463, 74.3543319702, 8.81061267853, 56.143081665, 50.2833938599, 34.0820541382, 19.3636722565, 16.909570694, -2.03897666931, 9.33128070831, 25.100233078, 58.3614273071, 85.8118743896]], "icov": [[6.13034790149e-05, -3.57138123945e-05, -3.53607101715e-05, -0.000132402565214, 0.000288979674224, -3.09763672703e-05, -0.000142296514241, 7.76035813033e-05, 5.94226839894e-05, -1.26002978504e-05, -0.000100977151305, -6.88212458044e-05, 8.74887700775e-05], [-3.57138123945e-05, 0.000758250942454, -8.32141013234e-05, -0.00025801389711, -1.8577406081e-05, -0.000514095067047, 0.000896679761354, -0.000407454877859, 0.000631475239061, -0.000431026215665, -0.000115185866889, 6.59967336105e-05, -0.000351903028786], [-3.53607101715e-05, -8.32141013234e-05, 0.00347821530886, -0.00115364498924, -0.0015071653761, 0.00124977284577, -0.00051045458531, 0.000680676894262, -0.0014468341833, 0.000685994862579, -0.000417513132561, 0.000445093493909, 0.00053224817384], [-0.000132402565214, -0.00025801389711, -0.00115364498924, 0.00592833710834, -0.00248508201912, -0.00154296297114, 6.78396099829e-05, -3.32190429617e-05, 0.00034909468377, 0.000369473913452, 0.000248968368396, -0.0001125823037, -0.00156366522424], [0.000288979674224, -1.8577406081e-05, -0.0015071653761, -0.00248508201912, 0.0116326026618, -0.00360909220763, -0.000884502078407, -0.0010589818703, 0.00116312375758, -0.000652419577818, 0.00101141596679, -0.0032723096665, -0.00102064176463], [-3.09763672703e-05, -0.000514095067047, 0.00124977284577, -0.00154296297114, -0.00360909220763, 0.0134834134951, -0.00653609260917, -0.000572989170905, -0.000585784902796, -0.000313804426696, -0.000487004872411, -0.000929669593461, 0.000455121742561], [-0.000142296514241, 0.000896679761354, -0.00051045458531, 6.78396099829e-05, -0.000884502078407, -0.00653609260917, 0.0171491745859, -0.00886298250407, 0.000346322689438, 0.000213592487853, -8.39598142193e-05, 0.000770025129896, -0.000355641241185], [7.76035813033e-05, -0.000407454877859, 0.000680676894262, -3.32190429617e-05, -0.0010589818703, -0.000572989170905, -0.00886298250407, 0.0193029381335, -0.00825331639498, 0.00179199466947, -0.00133576756343, 0.000760268536396, -0.00113342201803], [5.94226839894e-05, 0.000631475239061, -0.0014468341833, 0.00034909468377, 0.00116312375758, -0.000585784902796, 0.000346322689438, -0.00825331639498, 0.0209924355149, -0.0128120994195, 0.00168165878858, -0.000509292993229, 0.00224531674758], [-1.26002978504e-05, -0.000431026215665, 0.000685994862579, 0.000369473913452, -0.000652419577818, -0.000313804426696, 0.000213592487853, 0.00179199466947, -0.0128120994195, 0.023488888517, -0.010936233215, 0.00230517471209, -0.00106622476596], [-0.000100977151305, -0.000115185866889, -0.000417513132561, 0.000248968368396, 0.00101141596679, -0.000487004872411, -8.39598142193e-05, -0.00133576756343, 0.00168165878858, -0.010936233215, 0.0217709969729, -0.00859061535448, 0.00052126502851], [-6.88212458044e-05, 6.59967336105e-05, 0.000445093493909, -0.0001125823037, -0.0032723096665, -0.000929669593461, 0.000770025129896, 0.000760268536396, -0.000509292993229, 0.00230517471209, -0.00859061535448, 0.0213528126478, -0.0103690382093], [8.74887700775e-05, -0.000351903028786, 0.00053224817384, -0.00156366522424, -0.00102064176463, 0.000455121742561, -0.000355641241185, -0.00113342201803, 0.00224531674758, -0.00106622476596, 0.00052126502851, -0.0103690382093, 0.0207555796951]]}, "spectral_contrast_coeffs": {"dmean": [0.0499752499163, 0.0451523736119, 0.0406934544444, 0.0306706484407, 0.0236160140485, 0.0207707900554], "dmean2": [0.0827556401491, 0.0716571956873, 0.0621076747775, 0.0473823919892, 0.036439795047, 0.032861109823], "dvar": [0.00187539122999, 0.00166994729079, 0.00122573878616, 0.000721337855794, 0.000543981033843, 0.000396821473259], "dvar2": [0.00500430725515, 0.00415438832715, 0.00274968869053, 0.0015732687898, 0.00114141346421, 0.00099500559736], "max": [-0.38199454546, -0.43387517333, -0.476400643587, -0.543134212494, -0.554253578186, -0.609257698059], "mean": [-0.688362717628, -0.708600699902, -0.772530734539, -0.79792714119, -0.810281276703, -0.7866320014], "median": [-0.69383597374, -0.700801074505, -0.780619740486, -0.803119361401, -0.819274663925, -0.783530473709], "min": [-0.954996943474, -0.970321238041, -0.975042402744, -0.965231478214, -0.950107991695, -0.960970282555], "var": [0.00769986119121, 0.00857607927173, 0.00643208902329, 0.00442930497229, 0.00393530214205, 0.00252633402124]}, "spectral_contrast_valleys": {"dmean": [0.449834525585, 0.455775111914, 0.474117338657, 0.424729734659, 0.464573830366, 0.566803395748], "dmean2": [0.707940638065, 0.668155312538, 0.677829623222, 0.576919078827, 0.566425442696, 0.653821289539], "dvar": [0.199279353023, 0.237862050533, 0.251522809267, 0.224147930741, 0.250431865454, 0.336766153574], "dvar2": [0.414120435715, 0.459069043398, 0.446255624294, 0.377417862415, 0.405485719442, 0.508868932724], "max": [-4.84608411789, -3.96048164368, -4.75035619736, -5.60369825363, -5.68609476089, -7.27181959152], "mean"