{"lowlevel": {"average_loudness": 0.882779538631, "barkbands_crest": {"dmean": 1.90383970737, "dmean2": 2.92880630493, "dvar": 4.9753651619, "dvar2": 12.5298376083, "max": 24.9159965515, "mean": 10.8999786377, "median": 10.0971632004, "min": 3.04489088058, "var": 15.6521110535}, "barkbands_flatness_db": {"dmean": 0.026141602546, "dmean2": 0.0381775796413, "dvar": 0.000975504633971, "dvar2": 0.00220822892152, "max": 0.563350439072, "mean": 0.231167793274, "median": 0.226153463125, "min": 0.0408708713949, "var": 0.00641413079575}, "barkbands_kurtosis": {"dmean": 3.90078735352, "dmean2": 6.14344882965, "dvar": 75.6818847656, "dvar2": 179.749176025, "max": 253.490203857, "mean": 8.21520519257, "median": 3.87211942673, "min": -1.92370867729, "var": 217.535903931}, "barkbands_skewness": {"dmean": 0.506151020527, "dmean2": 0.79212552309, "dvar": 0.557648420334, "dvar2": 1.43327176571, "max": 12.6639471054, "mean": 1.9898519516, "median": 1.82666087151, "min": -8.90879249573, "var": 2.04631948471}, "barkbands_spread": {"dmean": 4.00991725922, "dmean2": 6.65624666214, "dvar": 67.9521865845, "dvar2": 188.812179565, "max": 137.868133545, "mean": 13.7388715744, "median": 10.9618339539, "min": 0.610748171806, "var": 163.70916748}, "dissonance": {"dmean": 0.030721032992, "dmean2": 0.0516004376113, "dvar": 0.000934469455387, "dvar2": 0.00247865519486, "max": 0.499999821186, "mean": 0.416286885738, "median": 0.42839178443, "min": 0.141235664487, "var": 0.00308870221488}, "dynamic_complexity": 3.83296179771, "erbbands_crest": {"dmean": 1.78403878212, "dmean2": 2.81868028641, "dvar": 4.33371305466, "dvar2": 10.4631471634, "max": 32.5410728455, "mean": 12.4477920532, "median": 11.5645475388, "min": 3.11108875275, "var": 24.0692806244}, "erbbands_flatness_db": {"dmean": 0.0227623134851, "dmean2": 0.0307954661548, "dvar": 0.000700989505276, "dvar2": 0.00141845305916, "max": 0.448965102434, "mean": 0.216151550412, "median": 0.21111522615, "min": 0.0691306591034, "var": 0.00482978112996}, "erbbands_kurtosis": {"dmean": 1.04849731922, "dmean2": 1.65325701237, "dvar": 4.14176940918, "dvar2": 9.79552650452, "max": 46.9349975586, "mean": 1.27382314205, "median": 0.0726902484894, "min": -1.87920403481, "var": 13.8575086594}, "erbbands_skewness": {"dmean": 0.371435910463, "dmean2": 0.586749494076, "dvar": 0.272956073284, "dvar2": 0.720663011074, "max": 6.05252933502, "mean": 0.21986630559, "median": 0.157189652324, "min": -3.91287684441, "var": 1.28753101826}, "erbbands_spread": {"dmean": 6.75432634354, "dmean2": 10.6194267273, "dvar": 126.150993347, "dvar2": 310.6612854, "max": 113.871490479, "mean": 29.2410259247, "median": 26.1097011566, "min": 3.20457410812, "var": 251.4818573}, "hfc": {"dmean": 5.39450502396, "dmean2": 8.76390361786, "dvar": 109.851593018, "dvar2": 284.326660156, "max": 130.12677002, "mean": 14.5073547363, "median": 9.59500980377, "min": 1.25437400326e-16, "var": 208.213668823}, "melbands_crest": {"dmean": 2.38218855858, "dmean2": 3.49675536156, "dvar": 6.59036588669, "dvar2": 15.3564119339, "max": 34.1377296448, "mean": 16.9717292786, "median": 16.4362792969, "min": 1.98887979984, "var": 27.6775131226}, "melbands_flatness_db": {"dmean": 0.0321962460876, "dmean2": 0.0471200458705, "dvar": 0.00170091167092, "dvar2": 0.00392851606011, "max": 0.733255505562, "mean": 0.327024638653, "median": 0.329511076212, "min": 0.0105281053111, "var": 0.0100148553029}, "melbands_kurtosis": {"dmean": 6.84738254547, "dmean2": 10.9360427856, "dvar": 188.680114746, "dvar2": 496.436676025, "max": 293.078643799, "mean": 15.9466533661, "median": 9.45060539246, "min": -1.81406164169, "var": 498.857666016}, "melbands_skewness": {"dmean": 0.605736374855, "dmean2": 0.930631101131, "dvar": 0.741748213768, "dvar2": 1.91266679764, "max": 12.9518737793, "mean": 2.88881206512, "median": 2.62324118614, "min": -1.35082650185, "var": 2.4119515419}, "melbands_spread": {"dmean": 4.23601579666, "dmean2": 7.14322757721, "dvar": 107.624229431, "dvar2": 304.985565186, "max": 174.342208862, "mean": 13.9996604919, "median": 10.3127031326, "min": 0.544960558414, "var": 188.289520264}, "pitch_salience": {"dmean": 0.0519583374262, "dmean2": 0.0817624852061, "dvar": 0.00365648255683, "dvar2": 0.0088318688795, "max": 0.960674166679, "mean": 0.458539485931, "median": 0.448949068785, "min": 0.130262240767, "var": 0.0144657129422}, "silence_rate_20dB": {"dmean": 0, "dmean2": 0, "dvar": 0, "dvar2": 0, "max": 1, "mean": 1, "median": 1, "min": 1, "var": 0}, "silence_rate_30dB": {"dmean": 0.0435424372554, "dmean2": 0.0870955809951, "dvar": 0.0416448265314, "dvar2": 0.0851723626256, "max": 1, "mean": 0.946870028973, "median": 1, "min": 0, "var": 0.0503045991063}, "silence_rate_60dB": {"dmean": 0.00934809353203, "dmean2": 0.0186984874308, "dvar": 0.00925975013524, "dvar2": 0.0208102781326, "max": 1, "mean": 0.0644447207451, "median": 0, "min": 0, "var": 0.0602896399796}, "spectral_centroid": {"dmean": 177.318267822, "dmean2": 305.203887939, "dvar": 175696.859375, "dvar2": 479637.375, "max": 10507.8330078, "mean": 706.710632324, "median": 573.787719727, "min": 152.344711304, "var": 261057.953125}, "spectral_complexity": {"dmean": 2.35375142097, "dmean2": 3.99630951881, "dvar": 20.3882732391, "dvar2": 54.8134803772, "max": 46, "mean": 9.95265007019, "median": 9, "min": 0, "var": 34.7146453857}, "spectral_decrease": {"dmean": 3.46848261223e-09, "dmean2": 5.12385867069e-09, "dvar": 5.97149161915e-17, "dvar2": 1.38891962828e-16, "max": 6.73202677414e-14, "mean": -9.31319821262e-09, "median": -6.81910750089e-09, "min": -8.44288621238e-08, "var": 9.77175059737e-17}, "spectral_energy": {"dmean": 0.0134451976046, "dmean2": 0.0198671724647, "dvar": 0.000874537334312, "dvar2": 0.00203164690174, "max": 0.322435081005, "mean": 0.0364661067724, "median": 0.026780359447, "min": 1.10983509411e-20, "var": 0.00145322061144}, "spectral_energyband_high": {"dmean": 0.000363009312423, "dmean2": 0.000628906185739, "dvar": 1.28412887079e-06, "dvar2": 3.64550555787e-06, "max": 0.0129184424877, "mean": 0.000332444993546, "median": 3.56843229383e-05, "min": 8.13886349925e-21, "var": 9.35976629535e-07}, "spectral_energyband_low": {"dmean": 0.00870560389012, "dmean2": 0.0127958077937, "dvar": 0.000655421928968, "dvar2": 0.00151098205242, "max": 0.300473183393, "mean": 0.0181415136904, "median": 0.0098224086687, "min": 1.00345681986e-22, "var": 0.000905209919438}, "spectral_energyband_middle_high": {"dmean": 0.00094020011602, "dmean2": 0.00153748225421, "dvar": 4.35136598753e-06, "dvar2": 1.13366340884e-05, "max": 0.0434799306095, "mean": 0.00386516866274, "median": 0.00244043907151, "min": 1.18070934667e-21, "var": 2.03645140573e-05}, "spectral_energyband_middle_low": {"dmean": 0.00580094289035, "dmean2": 0.00900205224752, "dvar": 0.000126397062559, "dvar2": 0.000312548101647, "max": 0.218675434589, "mean": 0.0170227158815, "median": 0.0135738104582, "min": 5.89226185721e-22, "var": 0.000248312862823}, "spectral_entropy": {"dmean": 0.284853130579, "dmean2": 0.421917200089, "dvar": 0.13033811748, "dvar2": 0.287936836481, "max": 9.79774284363, "mean": 6.52098083496, "median": 6.46944236755, "min": 3.69434499741, "var": 0.711525380611}, "spectral_flux": {"dmean": 0.0315529108047, "dmean2": 0.0473971329629, "dvar": 0.00285765877925, "dvar2": 0.00565344979987, "max": 0.476863265038, "mean": 0.063436076045, "median": 0.0398027338088, "min": 1.05348708923e-10, "var": 0.00500372890383}, "spectral_kurtosis": {"dmean": 6.88994216919, "dmean2": 11.1523141861, "dvar": 126.685020447, "dvar2": 294.326141357, "max": 280.61315918, "mean": 19.0806007385, "median": 10.6821165085, "min": -1.17534780502, "var": 720.203369141}, "spectral_rms": {"dmean": 0.000872274162248, "dmean2": 0.00125377939548, "dvar": 2.25445705837e-06, "dvar2": 4.93375182486e-06, "max": 0.0177361443639, "mean": 0.00533680571243, "median": 0.00511147547513, "min": 3.29054079991e-12, "var": 7.09518644726e-06}, "spectral_rolloff": {"dmean": 304.328582764, "dmean2": 563.640136719, "dvar": 951285.25, "dvar2": 2670149.75, "max": 19767.4804688, "mean": 1012.28363037, "median": 495.263671875, "min": 64.599609375, "var": 3915358.5}, "spectral_skewness": {"dmean": 0.580722987652, "dmean2": 0.927214741707, "dvar": 0.470400005579, "dvar2": 1.1103272438, "max": 14.2453346252, "mean": 2.92755746841, "median": 2.63048696518, "min": 0.050447948277, "var": 2.73977589607}, "spectral_spread": {"dmean": 688904.9375, "dmean2": 953993.0625, "dvar": 654114422784, "dvar2": 1204235272190.0, "max": 40194036, "mean": 3705266.25, "median": 3325474.75, "min": 369767.84375, "var": 4971477073920.0}, "spectral_strongpeak": {"dmean": 0.269054681063, "dmean2": 0.470958173275, "dvar": 0.399724692106, "dvar2": 0.979295015335, "max": 10.2009391785, "mean": 0.74711561203, "median": 0.577122271061, "min": 0, "var": 0.664453923702}, "zerocrossingrate": {"dmean": 0.00655786320567, "dmean2": 0.00809253007174, "dvar": 0.000114241614938, "dvar2": 0.000129501597257, "max": 0.7744140625, "mean": 0.0384024716914, "median": 0.0283203125, "min": 0.001953125, "var": 0.00313755241223}, "barkbands": {"dmean": [0.000490116188303, 0.00642743473873, 0.00241122301668, 0.00139361037873, 0.00322929467075, 0.00129279715475, 0.00122111907694, 0.000210437516216, 0.000188346530194, 0.000126895480207, 0.00011740840273, 0.000141496755532, 0.000123135992908, 0.000164467142895, 0.000196476539713, 8.40657012304e-05, 5.44005997654e-05, 4.63011165266e-05, 0.000135645110277, 6.4078340074e-05, 0.000120060365589, 8.86152993189e-05, 4.92884646519e-05, 4.23164165113e-05, 2.37468011619e-05, 1.2007544683e-05, 5.17129365107e-06], "dmean2": [0.000615048455074, 0.00956883840263, 0.00409522745758, 0.00235720863566, 0.00521776406094, 0.00189342023805, 0.00185989937745, 0.000310650095344, 0.000259951106273, 0.000191076236661, 0.000191985469428, 0.000222805771045, 0.000205656862818, 0.000258388463408, 0.00031279650284, 0.00013383795158, 9.28319204831e-05, 8.52759330883e-05, 0.000259332766291, 0.000116106311907, 0.000218113695155, 0.000157311282237, 8.48370909807e-05, 7.17862712918e-05, 3.62554455933e-05, 1.80040951818e-05, 7.00300961398e-06], "dvar": [2.34370213548e-06, 0.000445050682174, 5.24613024027e-05, 9.60684883466e-06, 6.71195302857e-05, 5.70140355194e-06, 1.06116694951e-05, 2.73377168014e-07, 2.59049812712e-07, 1.29710741703e-07, 2.4631293627e-07, 1.39612680528e-07, 1.11929651325e-07, 2.00871880907e-07, 4.17643406081e-07, 1.27478500644e-07, 3.52347484522e-08, 2.24699299167e-08, 2.20984944121e-07, 4.61932927465e-08, 2.62965585307e-07, 1.03064628831e-07, 1.72953722455e-08, 1.15340714757e-08, 3.88119181238e-09, 1.11260045621e-09, 2.00294322794e-10], "dvar2": [3.39368648383e-06, 0.00102474365849, 0.000151192507474, 2.72933448286e-05, 0.000172180312802, 1.28621904878e-05, 2.69000429398e-05, 5.93703646246e-07, 4.37817760712e-07, 2.59807791281e-07, 5.27727991084e-07, 3.02035346067e-07, 2.74201653383e-07, 4.31327777051e-07, 8.76648186932e-07, 2.46571119078e-07, 7.76364288413e-08, 6.55908962699e-08, 6.59701186123e-07, 1.34460137247e-07, 7.66324490087e-07, 2.95181081356e-07, 4.6593907399e-08, 3.0988115185e-08, 9.03017216558e-09, 2.45603537508e-09, 3.59395790905e-10], "max": [0.0203365311027, 0.223382890224, 0.098597958684, 0.0396041497588, 0.158913761377, 0.0442221909761, 0.0567192398012, 0.0160918086767, 0.0155102945864, 0.0214378498495, 0.0296844094992, 0.0109269097447, 0.0108137959614, 0.0178647618741, 0.0205911062658, 0.0142612364143, 0.00770513061434, 0.00160310987849, 0.00444900104776, 0.00354285817593, 0.00621581543237, 0.00421725073829, 0.00124482740648, 0.000966384541243, 0.000789834244642, 0.000425645324867, 0.000191808314412], "mean": [0.000862356217112, 0.00930273346603, 0.00514577468857, 0.00393824279308, 0.00598594313487, 0.00405206670985, 0.00186278985348, 0.000477784051327, 0.000556895625778, 0.000375702016754, 0.000534129154403, 0.000610790506471, 0.000323888001731, 0.000592005788349, 0.000886182126123, 0.000346471380908, 0.000124648679048, 3.94210910599e-05, 9.08636720851e-05, 5.28241507709e-05, 9.36272917897e-05, 7.35910871299e-05, 4.69785736641e-05, 4.27075792686e-05, 2.62407211267e-05, 1.40031270348e-05, 7.39160850571e-06], "median": [2.98564464174e-06, 0.00118452054448, 0.0030409116298, 0.00265639089048, 0.0023690238595, 0.00223227031529, 0.000456198933534, 0.000134002664709, 7.64828873798e-05, 7.9772551544e-05, 3.30277762259e-05, 0.00012048665667, 4.79788286611e-05, 0.000117295538075, 0.000108590815216, 2.07344546652e-05, 1.11556264528e-05, 6.2922217694e-06, 8.84596556716e-06, 6.1992245719e-06, 9.60803663475e-06, 6.46305124974e-06, 3.59956993634e-06, 3.17094077218e-06, 1.5840140577e-06, 7.51616994421e-07, 2.39800419877e-06], "min": [2.06567073729e-24, 5.58061408934e-23, 2.07160711282e-23, 2.91333053393e-23, 1.05906267844e-22, 1.39640926268e-22, 1.02549891884e-22, 1.11420506545e-22, 9.43568771856e-23, 4.83289070261e-23, 5.72721095126e-23, 5.46665713624e-23, 6.15058187059e-23, 1.5380256986e-22, 1.28913389834e-22, 9.76013548037e-23, 1.23610427015e-22, 8.66406058422e-23, 2.74633379211e-22, 2.39869705379e-22, 2.80076847624e-22, 6.42555454834e-22, 5.88830114438e-22, 7.77760811869e-22, 1.57948189165e-21, 1.97926771269e-21, 2.42923296328e-21], "var": [6.09067637924e-06, 0.00053585722344, 5.06130199938e-05, 1.85492062883e-05, 8.94799813977e-05, 2.50036518992e-05, 1.34791071105e-05, 8.80582376794e-07, 1.53438190864e-06, 1.10655366825e-06, 3.90516970583e-06, 1.29809939153e-06, 5.77348544084e-07, 1.45201056512e-06, 3.91669027522e-06, 1.23703921417e-06, 2.37014702975e-07, 1.45822669495e-08, 1.27182019583e-07, 2.96767606045e-08, 1.5179024615e-07, 6.60489476445e-08, 1.57798503153e-08, 1.20626335587e-08, 5.2393236416e-09, 1.59454127679e-09, 3.36358635389e-10]}, "erbbands": {"dmean": [0.226179674268, 1.43754839897, 2.85193729401, 3.87383651733, 8.11815452576, 9.88770866394, 15.6095714569, 8.56898403168, 17.0323619843, 12.4318380356, 3.22072219849, 2.8782453537, 5.78743028641, 3.84990119934, 4.48281335831, 6.75884151459, 5.20827770233, 8.85266876221, 9.22412776947, 7.31375980377, 4.45874023438, 2.60989618301, 2.26994109154, 7.92208337784, 3.68512845039, 3.13126373291, 4.47706651688, 4.05623149872, 2.88011956215, 2.5540099144, 1.44214522839, 0.91138702631, 0.709561288357, 0.358547508717, 0.123070545495, 0.0556518957019, 0.0209741126746, 0.00580861186609, 0.00096553977346, 5.26458352397e-05], "dmean2": [0.30360391736, 2.40238165855, 4.88236999512, 6.59882068634, 13.4079418182, 15.996175766, 23.9645118713, 12.2642478943, 25.0179462433, 19.5813751221, 4.5701751709, 3.97647976875, 8.40136051178, 5.85101366043, 7.3665304184, 10.5046072006, 8.60329341888, 13.5113306046, 15.0918369293, 11.3817224503, 7.23489904404, 4.56234550476, 4.15587043762, 15.0795068741, 6.93607473373, 5.68723154068, 8.13637638092, 7.32449865341, 5.10227870941, 4.54211759567, 2.46688246727, 1.58671188354, 1.20323872566, 0.576444327831, 0.17837664485, 0.0839921608567, 0.0320247672498, 0.00827292352915, 0.0012917756103, 7.25274076103e-05], "dvar": [0.537265181541, 25.9859466553, 87.7293548584, 81.4143447876, 656.401245117, 631.330749512, 953.527526855, 305.612701416, 1876.68896484, 859.122009277, 50.8730163574, 52.5865058899, 170.011917114, 232.533432007, 240.686218262, 318.062194824, 200.551147461, 585.452514648, 1010.25866699, 581.979553223, 261.088195801, 51.5593948364, 39.8233032227, 787.147521973, 139.399871826, 134.396194458, 324.323608398, 252.838058472, 97.834564209, 89.8330230713, 15.3542861938, 5.76344680786, 3.58113884926, 0.911397635937, 0.0978209972382, 0.0241947229952, 0.00354152405635, 0.000244282739004, 6.77914931657e-06, 1.61744306837e-08], "dvar2": [1.04927885532, 68.1404190063, 248.647842407, 236.369003296, 1740.18469238, 1616.87304688, 2329.20458984, 691.585021973, 4551.48291016, 2181.95751953, 105.606567383, 93.1289367676, 338.368591309, 494.307647705, 516.493164062, 675.460083008, 479.432800293, 1104.01599121, 2241.64453125, 1194.27575684, 544.092651367, 134.988098145, 118.113349915, 2332.19018555, 417.226074219, 391.715454102, 944.818664551, 732.409179688, 279.414611816, 256.897521973, 41.4804611206, 15.6948738098, 9.6266002655, 2.28373551369, 0.196599677205, 0.0533737689257, 0.0081803239882, 0.000468409154564, 1.17558975035e-05, 2.92934494439e-08], "max": [7.73492908478, 55.1564178467, 130.170425415, 119.525665283, 583.074035645, 306.116668701, 655.256835938, 401.240997314, 876.893310547, 469.285095215, 258.009399414, 194.501434326, 318.213806152, 892.444702148, 814.733337402, 440.247314453, 539.529785156, 1163.45703125, 1265.93505859, 812.822265625, 591.142272949, 198.740127563, 64.9378585815, 256.758178711, 116.265136719, 204.260696411, 212.484207153, 174.604476929, 155.528656006, 133.491668701, 38.380821228, 23.6229133606, 19.6407928467, 10.710978508, 4.69058990479, 1.89690482616, 0.830257177353, 0.196948736906, 0.0360926762223, 0.0017929096939], "mean": [0.302714943886, 1.91523420811, 5.98057126999, 11.5055675507, 13.257642746, 18.0825977325, 38.1566543579, 26.6312255859, 31.1514110565, 19.7703971863, 8.43135547638, 8.85193538666, 16.9241638184, 16.5336914062, 20.402053833, 30.5117511749, 15.0698747635, 37.0884590149, 36.7466316223, 34.3343391418, 16.811252594, 4.79032087326, 2.13971590996, 5.24566555023, 2.77979588509, 2.58738231659, 3.48468208313, 3.30527162552, 2.45259046555, 2.16225457191, 1.36847305298, 0.900592088699, 0.703472435474, 0.372608244419, 0.148633256555, 0.0653372704983, 0.0234066378325, 0.00726343458518, 0.00133679434657, 0.000109876491479], "median": [0.0158320795745, 0.258346736431, 2.4779856205, 8.28420352936, 4.84496879578, 5.76639890671, 18.6601982117, 12.5591154099, 9.81578159332, 5.00329113007, 3.43569016457, 2.10383987427, 4.00481510162, 2.87764453888, 4.01533460617, 7.29052257538, 4.75700378418, 8.9102678299, 5.4439330101, 4.87218856812, 1.72842943668, 0.711520016193, 0.430518895388, 0.516774833202, 0.330467641354, 0.314299046993, 0.373882114887, 0.332897573709, 0.236580133438, 0.161520645022, 0.106790073216, 0.0691323131323, 0.0448375269771, 0.0221659410745, 0.00916751567274, 0.00361642125063, 0.00133288663346, 0.000647301436402, 0.00037397898268, 7.16631766409e-05], "min": [1.83417344778e-21, 1.11637838356e-20, 1.82535302865e-20, 8.87526669413e-20, 1.13524800507e-19, 2.20450819377e-19, 1.74068372588e-18, 5.97473125134e-19, 9.32704250092e-19, 2.18973919413e-18, 2.72827864745e-18, 2.17912109019e-18, 7.85242710593e-19, 2.4891386644e-18, 1.91352435564e-18, 2.48820374352e-18, 3.02838184163e-18, 5.29822458589e-18, 8.90686080593e-18, 5.67503802854e-18, 5.47955167515e-18, 7.83678853267e-18, 4.75779564526e-18, 8.9200286941e-18, 1.47927140854e-17, 1.16042612147e-17, 1.10735255901e-17, 1.14391419024e-17, 2.40722164485e-17, 2.08617630551e-17, 1.74251121601e-17, 1.64880521837e-17, 1.29212105049e-17, 1.49399108754e-17, 1.1306544023e-17, 7.46981978007e-18, 3.11030084641e-18, 1.6225199414e-18, 3.65271558921e-19, 3.33042075477e-20], "var": [0.836495161057, 22.1969890594, 87.7734451294, 139.266448975, 731.649230957, 904.827026367, 2705.75048828, 1404.61193848, 2993.86889648, 1301.21765137, 199.389144897, 291.766265869, 1003.44329834, 3044.29589844, 3946.95483398, 2944.36572266, 995.50177002, 5797.48388672, 8329.43652344, 5583.03662109, 2205.09033203, 187.305175781, 29.3123054504, 449.555419922, 87.4271697998, 82.9800338745, 188.379043579, 152.513412476, 64.0857849121, 59.0079994202, 13.6550378799, 5.36631631851, 3.67410182953, 1.08223247528, 0.16049875319, 0.0348942689598, 0.00457792216912, 0.000403906946303, 1.16526252896e-05, 2.7536623648e-08]}, "gfcc": {"mean": [-68.4583206177, 130.678222656, -87.9313278198, 10.9740819931, -37.1335029602, 5.80278110504, -34.3672065735, -23.5872325897, -17.6511917114, -0.990452945232, -10.75365448, -7.18281078339, -7.71643066406], "cov": [[15317.9824219, -1555.56152344, -355.830444336, 1161.71118164, -1413.05883789, 439.743164062, -1148.43334961, 699.874511719, -176.164428711, 594.695129395, -501.513366699, 390.124450684, 158.127624512], [-1555.56152344, 2851.56152344, -126.874954224, -514.064208984, 484.892303467, -273.401580811, 500.526916504, -361.833618164, 57.1499214172, -223.699081421, 201.485244751, -161.94732666, 85.1598205566], [-355.830444336, -126.874954224, 726.40447998, 86.5996551514, 43.9217643738, 33.2645149231, 26.2558841705, 31.5390377045, -14.6804456711, 14.0171756744, 33.8761672974, 52.3999824524, 13.5867099762], [1161.71118164, -514.064208984, 86.5996551514, 525.106933594, -91.7389678955, 59.8559379578, -45.4721412659, 121.819389343, 35.0459136963, 44.0707244873, -8.74773406982, 60.1211395264, 5.35051822662], [-1413.05883789, 484.892303467, 43.9217643738, -91.7389678955, 532.077331543, 141.066223145, 172.214691162, -38.5963249207, 138.891220093, 13.9995651245, 73.4105377197, -33.4040527344, 50.1196479797], [439.743164062, -273.401580811, 33.2645149231, 59.8559379578, 141.066223145, 428.42364502, 47.4381980896, 91.5712356567, 18.8852558136, 137.036376953, -0.385552287102, 49.189956665, 36.911819458], [-1148.43334961, 500.526916504, 26.2558841705, -45.4721412659, 172.214691162, 47.4381980896, 411.686950684, -43.0692520142, -27.0389480591, -95.4256439209, 126.92440033, 17.1415843964, 24.7831497192], [699.874511719, -361.833618164, 31.5390377045, 121.819389343, -38.5963249207, 91.5712356567, -43.0692520142, 336.54864502, 104.25932312, 67.9466781616, -96.0741195679, 57.6256942749, 42.2560958862], [-176.164428711, 57.1499214172, -14.6804456711, 35.0459136963, 138.891220093, 18.8852558136, -27.0389480591, 104.25932312, 259.416320801, 94.9559402466, -40.7797584534, -25.5663146973, 58.180770874], [594.695129395, -223.699081421, 14.0171756744, 44.0707244873, 13.9995651245, 137.036376953, -95.4256439209, 67.9466781616, 94.9559402466, 213.28414917, 12.6696748734, 17.8863105774, 11.6425962448], [-501.513366699, 201.485244751, 33.8761672974, -8.74773406982, 73.4105377197, -0.385552287102, 126.92440033, -96.0741195679, -40.7797584534, 12.6696748734, 192.222808838, 40.8032875061, -34.9483528137], [390.124450684, -161.94732666, 52.3999824524, 60.1211395264, -33.4040527344, 49.189956665, 17.1415843964, 57.6256942749, -25.5663146973, 17.8863105774, 40.8032875061, 155.364532471, 50.8292579651], [158.127624512, 85.1598205566, 13.5867099762, 5.35051822662, 50.1196479797, 36.911819458, 24.7831497192, 42.2560958862, 58.180770874, 11.6425962448, -34.9483528137, 50.8292579651, 137.144622803]], "icov": [[0.000262581597781, -0.000364303996321, 0.000148365215864, -0.000610798539128, 0.000575616839342, -0.000387579028029, 0.000636567943729, -0.000271934695775, 0.00050734548131, -0.000622861436568, 0.000490418926347, -0.000534935330506, -4.38230927102e-05], [-0.000364303996321, 0.00131308462005, -0.000129683088744, 0.00129582337104, -0.00115398096386, 0.00105854053982, -0.00149817869533, 0.000660154852085, -0.000823642709292, 0.0010058064945, -0.00119029718917, 0.00149302417412, -0.000821517256554], [0.000148365215864, -0.000129683088744, 0.00155619136058, -0.000551162520424, -2.16931730392e-05, -1.70777984749e-05, 0.00028902629856, -0.000281964283204, 0.000655119132716, -0.000552160199732, 0.000168302402017, -0.000568476621993, -0.000153499509906], [-0.000610798539128, 0.00129582337104, -0.000551162520424, 0.0039908750914, -0.000867162598297, 0.000635096104816, -0.00154326227494, 0.000225433439482, -0.0020424479153, 0.00209660409018, -0.00206946581602, 0.00123825285118, -0.000143899524119], [0.000575616839342, -0.00115398096386, -2.16931730392e-05, -0.000867162598297, 0.00532854674384, -0.00311357108876, 0.0013458194444, -0.000140964242746, -0.00192087190226, 0.000619763799477, -0.000823441660032, -0.000253594014794, -0.000573801225983], [-0.000387579028029, 0.00105854053982, -1.70777984749e-05, 0.000635096104816, -0.00311357108876, 0.00578948995098, -0.00288640428334, 2.76443151961e-05, 0.00206314120442, -0.00376115809195, 0.00164293393027, 8.46350885695e-05, -0.000309434748488], [0.000636567943729, -0.00149817869533, 0.00028902629856, -0.00154326227494, 0.0013458194444, -0.00288640428334, 0.00716266967356, -0.00206617731601, 0.000942752638366, 0.0024651857093, -0.0033639871981, -0.000226588730584, -0.00152727984823], [-0.000271934695775, 0.000660154852085, -0.000281964283204, 0.000225433439482, -0.000140964242746, 2.76443151961e-05, -0.00206617731601, 0.00602148706093, -0.00293378182687, -0.000191113780602, 0.00327451713383, -0.00247653550468, 0.00149803329259], [0.00050734548131, -0.000823642709292, 0.000655119132716, -0.0020424479153, -0.00192087190226, 0.00206314120442, 0.000942752638366, -0.00293378182687, 0.0103129753843, -0.00641999021173, 0.00252096704207, 0.00102764705662, -0.00274698575959], [-0.000622861436568, 0.0010058064945, -0.000552160199732, 0.00209660409018, 0.000619763799477, -0.00376115809195, 0.0024651857093, -0.000191113780602, -0.00641999021173, 0.013744671829, -0.00746105099097, 0.00272134388797, -0.000887443427928], [0.000490418926347, -0.00119029718917, 0.000168302402017, -0.00206946581602, -0.000823441660032, 0.00164293393027, -0.0033639871981, 0.00327451713383, 0.00252096704207, -0.00746105099097, 0.015684703365, -0.0081701958552, 0.00628435332328], [-0.000534935330506, 0.00149302417412, -0.000568476621993, 0.00123825285118, -0.000253594014794, 8.46350885695e-05, -0.000226588730584, -0.00247653550468, 0.00102764705662, 0.00272134388797, -0.0081701958552, 0.0143667329103, -0.00750205805525], [-4.38230927102e-05, -0.000821517256554, -0.000153499509906, -0.000143899524119, -0.000573801225983, -0.000309434748488, -0.00152727984823, 0.00149803329259, -0.00274698575959, -0.000887443427928, 0.00628435332328, -0.00750205805525, 0.0136030223221]]}, "melbands": {"dmean": [0.00181674421765, 0.00162629515398, 0.000733726541512, 0.000711773871444, 0.000502117036376, 0.000199546862859, 0.000268369185505, 0.000114409958769, 2.16364951484e-05, 2.32938054978e-05, 2.90827774734e-05, 1.5270368749e-05, 1.63451641129e-05, 1.64868288266e-05, 1.36199187182e-05, 1.31443784994e-05, 1.69754912349e-05, 1.42792450788e-05, 1.26446211652e-05, 7.97873326519e-06, 5.030072316e-06, 2.98933173326e-06, 2.13303155761e-06, 2.04644061341e-06, 7.38473772799e-06, 3.7851327761e-06, 2.00125418814e-06, 1.9490601062e-06, 2.27216560234e-06, 3.9157584979e-06, 1.67160681031e-06, 1.4065965388e-06, 2.15210411625e-06, 1.0558694612e-06, 8.28981228551e-07, 7.25727602457e-07, 5.1869511708e-07, 4.96542099881e-07, 4.80934090774e-07, 2.47980608492e-07], "dmean2": [0.00255816127174, 0.00275553879328, 0.00124400737695, 0.00116117857397, 0.000781078706495, 0.000286945636617, 0.000398502452299, 0.000181106239324, 3.03165270452e-05, 3.21438965329e-05, 4.20424476033e-05, 2.30771820497e-05, 2.69609099632e-05, 2.57439951383e-05, 2.20180154429e-05, 2.10283633351e-05, 2.59655480477e-05, 2.39511100517e-05, 2.03716244869e-05, 1.20578015412e-05, 8.41517885419e-06, 5.22156369698e-06, 3.83585665986e-06, 3.76534330826e-06, 1.40849269883e-05, 7.21568721929e-06, 3.69965619029e-06, 3.52526740244e-06, 4.09583981309e-06, 7.17028888175e-06, 2.98539089272e-06, 2.46572903961e-06, 3.89117030863e-06, 1.85615203918e-06, 1.40875272336e-06, 1.2718560356e-06, 9.06988645966e-07, 8.42960503178e-07, 8.20983188987e-07, 3.8110300693e-07], "dvar": [3.47563618561e-05, 3.03489341604e-05, 2.92639401778e-06, 4.57883470517e-06, 9.55578911999e-07, 1.55299488824e-07, 4.73894942843e-07, 6.93728665624e-08, 2.52239917842e-09, 3.71852215686e-09, 4.32774927006e-09, 3.92054699816e-09, 4.20812673596e-09, 1.84614190601e-09, 1.36958633323e-09, 1.48223588958e-09, 2.1608652645e-09, 2.49685849774e-09, 2.29649899097e-09, 1.13461418039e-09, 3.57596730005e-10, 8.50068904157e-11, 3.39772134039e-11, 4.25210353039e-11, 6.97558566465e-10, 1.92585364323e-10, 4.07258601842e-11, 5.65411398257e-11, 6.39704469951e-11, 3.77937986462e-10, 3.11752949844e-11, 2.4948858951e-11, 8.66281768541e-11, 1.04249065977e-11, 4.75795401342e-12, 4.71635751287e-12, 1.79948948537e-12, 1.82407105913e-12, 1.89652568823e-12, 4.18492958386e-13], "dvar2": [7.35017674742e-05, 8.35848331917e-05, 8.35040646052e-06, 1.17802328532e-05, 2.38256416196e-06, 3.54095902821e-07, 1.16734042876e-06, 1.74253784735e-07, 5.11051023722e-09, 6.35099217661e-09, 8.49913561751e-09, 8.21390777617e-09, 8.88994122761e-09, 3.95198274106e-09, 3.37738148559e-09, 3.16716564086e-09, 4.20644941102e-09, 5.8668265801e-09, 4.92817697761e-09, 2.12574913228e-09, 7.81317677223e-10, 2.04786035352e-10, 9.91393495076e-11, 1.24412632974e-10, 2.06675032643e-09, 5.74082725802e-10, 1.21226945149e-10, 1.63951491272e-10, 1.85611165326e-10, 1.10393405528e-09, 8.9266302683e-11, 7.10725298059e-11, 2.51222015413e-10, 2.88078571414e-11, 1.26222903657e-11, 1.31255076252e-11, 4.91978376441e-12, 4.90584526128e-12, 5.13074522104e-12, 1.00499665014e-12], "max": [0.0609799288213, 0.0711352601647, 0.0227358229458, 0.0384855829179, 0.0188791248947, 0.00842565111816, 0.0133492192253, 0.0042646387592, 0.00192214897834, 0.00182552344631, 0.00161684199702, 0.003905110294, 0.00322626391426, 0.00143552222289, 0.00110584567301, 0.00153001979925, 0.00205341656692, 0.00189178506844, 0.00222454802133, 0.00134084874298, 0.000693474605214, 0.000324999564327, 7.10990134394e-05, 6.94377886248e-05, 0.000239582630456, 0.000157960472279, 9.49792884057e-05, 0.000134107642225, 0.000140457603266, 0.000246031966526, 6.236655463e-05, 0.000111484718218, 0.000134569650982, 3.81266836484e-05, 2.02788251045e-05, 2.40972367465e-05, 1.3088059859e-05, 1.46252814375e-05, 1.4139563973e-05, 8.77150250744e-06], "mean": [0.00257157091983, 0.00297297677025, 0.00192795007024, 0.00110272422899, 0.00120942201465, 0.000628896872513, 0.000472795421956, 0.00018573392299, 5.72619901504e-05, 6.96865463397e-05, 8.46235998324e-05, 6.23688974883e-05, 6.91303575877e-05, 7.75284715928e-05, 4.4027583499e-05, 4.30605105066e-05, 6.8602632382e-05, 4.90622660436e-05, 5.50300683244e-05, 4.04285310651e-05, 1.55816833285e-05, 5.87733848079e-06, 2.03962008527e-06, 1.7991040977e-06, 4.76754894407e-06, 2.63326091954e-06, 1.60487729772e-06, 1.62657352121e-06, 1.82481039701e-06, 2.84981683762e-06, 1.48985009218e-06, 1.25461042444e-06, 1.64772541211e-06, 9.65808908404e-07, 7.99754104719e-07, 6.6136476562e-07, 5.14924181516e-07, 4.98878989674e-07, 4.50118847084e-07, 2.6794359087e-07], "median": [0.000284104346065, 0.00102357170545, 0.00149075174704, 0.000270653923508, 0.000620304956101, 0.000313427735819, 0.000149505969603, 4.96515422128e-05, 1.87283112609e-05, 1.21112652778e-05, 1.782295476e-05, 8.0952022472e-06, 5.61138631383e-06, 1.83940119314e-05, 1.23594627439e-05, 5.83174187341e-06, 1.32581017169e-05, 5.9048870753e-06, 6.05825380262e-06, 1.92499851437e-06, 9.32416924115e-07, 5.84165661621e-07, 3.8310017203e-07, 3.08187452447e-07, 4.06954939081e-07, 2.50856885486e-07, 1.85108049777e-07, 1.9687676911e-07, 2.12086305851e-07, 2.43154488544e-07, 1.58146406193e-07, 1.18473323596e-07, 1.16132120809e-07, 7.1938266899e-08, 5.80007757378e-08, 4.90208194037e-08, 3.55058382695e-08, 3.13179349121e-08, 2.40361917037e-08, 1.54506221151e-08], "min": [1.56601732342e-23, 1.2222397873e-23, 1.50127503561e-23, 7.52033643836e-24, 4.98074784871e-23, 1.68182147322e-23, 1.57883804862e-23, 2.46851979515e-23, 2.33715157747e-23, 1.22922199518e-23, 3.34071115435e-24, 1.01436657685e-23, 7.44197494034e-24, 6.41362256961e-24, 6.68564271454e-24, 6.93413705513e-24, 9.93352978946e-24, 1.56098849292e-23, 9.28220441649e-24, 6.70525379665e-24, 6.08879725897e-24, 8.84326169844e-24, 4.86402128385e-24, 3.76222320184e-24, 7.19411011075e-24, 1.13294609709e-23, 8.44657747022e-24, 7.96836841175e-24, 6.60298626332e-24, 6.49485078816e-24, 6.54297643097e-24, 1.21832593281e-23, 1.54747041468e-23, 1.00487050593e-23, 1.061051523e-23, 7.91842483898e-24, 1.10864081928e-23, 7.49365874026e-24, 1.10637584185e-23, 1.36734522879e-23], "var": [4.89177291456e-05, 2.75032489299e-05, 3.8611869968e-06, 5.07504728375e-06, 2.55546547123e-06, 7.06459218236e-07, 7.12115991064e-07, 1.15826722435e-07, 1.04619557462e-08, 2.15328448405e-08, 2.60514472217e-08, 4.86876317041e-08, 6.09727450751e-08, 2.13436130991e-08, 5.69104452453e-09, 1.17379395093e-08, 1.97764844501e-08, 1.70887588524e-08, 2.25807834653e-08, 1.19506040619e-08, 2.69528910302e-09, 4.40414704705e-10, 2.82361235088e-11, 2.77139422522e-11, 3.95679461418e-10, 1.12369981375e-10, 2.65720744019e-11, 3.44534747954e-11, 3.88391159512e-11, 2.10795866873e-10, 2.13043437058e-11, 1.67195580297e-11, 5.11691869431e-11, 8.23157167429e-12, 4.56764790921e-12, 3.64457899624e-12, 1.730014027e-12, 1.83182483939e-12, 1.8514048801e-12, 5.45516539927e-13]}, "mfcc": {"mean": [-725.816772461, 165.87322998, 18.0801258087, 17.2647628784, 11.1021146774, 20.2241630554, -2.55986452103, -11.8319711685, -7.98429250717, -3.78569340706, -5.44063568115, -3.41319108009, -2.69468832016], "cov": [[11237.2734375, -1471.37963867, 90.9634933472, 246.408004761, 50.4064102173, -79.6093444824, -718.405151367, -281.884979248, 214.9503479, 356.513519287, 8.39224815369, -154.047149658, 63.9525604248], [-1471.37963867, 2493.65332031, -39.7319068909, -150.85609436, 71.035697937, 118.713256836, 204.997711182, -30.0340805054, -14.9443807602, -23.5564918518, -15.3564891815, -2.81331586838, -32.3403892517], [90.9634933472, -39.7319068909, 565.664367676, 146.209503174, -29.0298671722, 21.0037746429, 46.1173019409, 35.3175086975, -40.7858734131, -62.7846221924, -38.5978507996, 27.6107883453, -12.5921344757], [246.408004761, -150.85609436, 146.209503174, 363.738769531, 28.0229187012, -2.92442774773, -22.5730285645, 63.1828765869, 15.7909402847, -0.586294472218, -4.84616947174, 55.4299125671, 44.8002128601], [50.4064102173, 71.035697937, -29.0298671722, 28.0229187012, 269.067474365, 97.3521347046, -26.0042705536, -11.2809410095, 98.2711715698, 110.825363159, 40.1672477722, 26.0323543549, 60.1826019287], [-79.6093444824, 118.713256836, 21.0037746429, -2.92442774773, 97.3521347046, 325.785797119, 157.905899048, -4.88721656799, -14.0183076859, 25.4503746033, 43.1175880432, 33.1075897217, 38.235244751], [-718.405151367, 204.997711182, 46.1173019409, -22.5730285645, -26.0042705536, 157.905899048, 348.350311279, 132.221618652, -64.8811187744, -66.9466552734, 17.518787384, 41.4954223633, -9.56368541718], [-281.884979248, -30.0340805054, 35.3175086975, 63.1828765869, -11.2809410095, -4.88721656799, 132.221618652, 231.106628418, 95.5060195923, -28.103603363, -25.085319519, 27.8386669159, 49.8421821594], [214.9503479, -14.9443807602, -40.7858734131, 15.7909402847, 98.2711715698, -14.0183076859, -64.8811187744, 95.5060195923, 327.259399414, 146.87727356, -10.7642812729, -28.8750286102, 37.1027297974], [356.513519287, -23.5564918518, -62.7846221924, -0.586294472218, 110.825363159, 25.4503746033, -66.9466552734, -28.103603363, 146.87727356, 263.859130859, 71.3195953369, -12.5532951355, -28.5932483673], [8.39224815369, -15.3564891815, -38.5978507996, -4.84616947174, 40.1672477722, 43.1175880432, 17.518787384, -25.085319519, -10.7642812729, 71.3195953369, 155.457122803, 55.2274513245, 25.207649231], [-154.047149658, -2.81331586838, 27.6107883453, 55.4299125671, 26.0323543549, 33.1075897217, 41.4954223633, 27.8386669159, -28.8750286102, -12.5532951355, 55.2274513245, 152.391265869, 68.4866027832], [63.9525604248, -32.3403892517, -12.5921344757, 44.8002128601, 60.1826019287, 38.235244751, -9.56368541718, 49.8421821594, 37.1027297974, -28.5932483673, 25.207649231, 68.4866027832, 210.810501099]], "icov": [[0.000116431612696, 4.81770039187e-05, -3.38024401572e-05, -5.18273445778e-05, 9.02119572856e-05, -0.000111173838377, 0.000216841857764, 3.01500840578e-05, 1.03223119368e-05, -0.000144396384712, 1.82916046469e-05, 0.00010724816093, -8.02477734396e-05], [4.81770039187e-05, 0.000475224747788, -1.59468271477e-07, 9.1849709861e-05, -0.000152746710228, 6.52049202472e-05, -0.000414268375607, 0.000427599530667, -0.000174161308678, 2.29739980568e-05, 0.00016946674441, -6.67731819703e-06, -3.36777920893e-05], [-3.38024401572e-05, -1.59468271477e-07, 0.00211853184737, -0.000853419129271, 7.73740248405e-05, -0.000156140347826, -0.00024853888317, 6.05588902545e-05, -5.03199680679e-06, 0.000385736755561, 0.000440481904661, -0.000343800929841, 0.0004110011796], [-5.18273445778e-05, 9.1849709861e-05, -0.000853419129271, 0.00371257052757, -0.000393177790102, -0.000289408635581, 0.00113961042371, -0.00175413535908, 0.00064544135239, -0.000304807967041, 0.000262991117779, -0.00110095052514, -7.68747850088e-06], [9.02119572856e-05, -0.000152746710228, 7.73740248405e-05, -0.000393177790102, 0.00599653692916, -0.00178143789526, 0.000760964991059, 0.00054219015874, -0.000952194619458, -0.00189449149184, 0.000135042209877, -0.00048569633509, -0.00139282085001], [-0.000111173838377, 6.52049202472e-05, -0.000156140347826, -0.000289408635581, -0.00178143789526, 0.0059222583659, -0.00449281744659, 0.00308103859425, -0.000598339131102, -0.00034798021079, 7.38810194889e-05, 0.000163565564435, -0.00140579929575], [0.000216841857764, -0.000414268375607, -0.00024853888317, 0.00113961042371, 0.000760964991059, -0.00449281744659, 0.00917716883123, -0.00698869023472, 0.0026706198696, 0.000411996035837, -0.00138061936013, -0.000475941953482, 0.00218550534919], [3.01500840578e-05, 0.000427599530667, 6.05588902545e-05, -0.00175413535908, 0.00054219015874, 0.00308103859425, -0.00698869023472, 0.0119636068121, -0.00506818015128, 0.00111085595563, 0.00150694337208, -0.000751461426262, -0.00231976574287], [1.03223119368e-05, -0.000174161308678, -5.03199680679e-06, 0.00064544135239, -0.000952194619458, -0.000598339131102, 0.0026706198696, -0.00506818015128, 0.0072379540652, -0.00382847082801, 0.00124499574304, 0.00123372976668, -0.000810359080788], [-0.000144396384712, 2.29739980568e-05, 0.000385736755561, -0.000304807967041, -0.00189449149184, -0.00034798021079, 0.000411996035837, 0.00111085595563, -0.00382847082801, 0.00862174946815, -0.00390193122439, 0.000138006711495, 0.0027601136826], [1.82916046469e-05, 0.00016946674441, 0.000440481904661, 0.000262991117779, 0.000135042209877, 7.38810194889e-05, -0.00138061936013, 0.00150694337208, 0.00124499574304, -0.00390193122439, 0.0101604191586, -0.00323418341577, -0.0013925943058], [0.00010724816093, -6.67731819703e-06, -0.000343800929841, -0.00110095052514, -0.00048569633509, 0.000163565564435, -0.000475941953482, -0.000751461426262, 0.00123372976668, 0.000138006711495, -0.00323418341577, 0.0100468955934, -0.00263071409427], [-8.02477734396e-05, -3.36777920893e-05, 0.0004110011796, -7.68747850088e-06, -0.00139282085001, -0.00140579929575, 0.00218550534919, -0.00231976574287, -0.000810359080788, 0.0027601136826, -0.0013925943058, -0.00263071409427, 0.00762732792646]]}, "spectral_contrast_coeffs": {"dmean": [0.043398194015, 0.0407700613141, 0.0369303002954, 0.0295638237149, 0.0226334035397, 0.02144218795], "dmean2": [0.069230504334, 0.0661592110991, 0.0602836273611, 0.0467956997454, 0.0376484505832, 0.035633970052], "dvar": [0.00171354354825, 0.00149446749128, 0.00140937312972, 0.000980954850093, 0.000594404235017, 0.000592591823079], "dvar2": [0.00385151943192, 0.00374520593323, 0.00328430044465, 0.00207122811116, 0.0014117914252, 0.00144507561345], "max": [-0.257872611284, -0.31764549017, -0.440538823605, -0.441670924425, -0.535701155663, -0.605208575726], "mean": [-0.546851754189, -0.627970516682, -0.69052952528, -0.692185342312, -0.809212386608, -0.778734028339], "median": [-0.547251224518, -0.626485466957, -0.688664019108, -0.691002368927, -0.821198046207, -0.785841941833], "min": [-0.97252613306, -0.963783800602, -0.95811855793, -0.963943660259, -0.96068751812, -0.95963871479], "var": [0.0117146167904, 0.00914085563272, 0.0095304120332, 0.00895198993385, 0.00274040759541, 0.00213869614527]}, "spectral_contrast_valleys": {"dmean": [0.461407929659, 0.377711027861, 0.419330120087, 0.404483020306, 0.451854020357, 0.541043102741], "dmean2": [0.715556561947, 0.584299862385, 0.685491383076, 0.633433699608, 0.690669953823, 0.740466952324], "dvar": [0.281409084797, 0.161872670054, 0.232018917799, 0.250342130661, 0.34984126687, 0.413730621338], "dvar2": [0.539896130562, 0.342577069998, 0.504878222942, 0.521458148956, 0.76