{"lowlevel": {"average_loudness": 0.401821583509, "barkbands_crest": {"dmean": 1.33124613762, "dmean2": 1.85061216354, "dvar": 2.20385837555, "dvar2": 4.92035531998, "max": 26.8428077698, "mean": 17.7925357819, "median": 17.3361282349, "min": 5.57086658478, "var": 27.3297519684}, "barkbands_flatness_db": {"dmean": 0.0168675370514, "dmean2": 0.0227557830513, "dvar": 0.000332164840074, "dvar2": 0.0006496302085, "max": 0.584416687489, "mean": 0.362289220095, "median": 0.36505317688, "min": 0.0640462860465, "var": 0.00788432918489}, "barkbands_kurtosis": {"dmean": 9.73390960693, "dmean2": 13.9649057388, "dvar": 418.342346191, "dvar2": 847.621459961, "max": 596.593139648, "mean": 32.3852996826, "median": 21.0351238251, "min": -1.93589043617, "var": 1811.65942383}, "barkbands_skewness": {"dmean": 0.700351893902, "dmean2": 1.0471752882, "dvar": 0.867057561874, "dvar2": 1.75264251232, "max": 22.0440483093, "mean": 2.63206768036, "median": 2.40214490891, "min": -9.536693573, "var": 6.7510881424}, "barkbands_spread": {"dmean": 0.942122459412, "dmean2": 1.45849525928, "dvar": 11.0606079102, "dvar2": 26.8229465485, "max": 90.5313491821, "mean": 3.12490081787, "median": 1.43382430077, "min": 0.0566935203969, "var": 66.1658248901}, "dissonance": {"dmean": 0.0486007407308, "dmean2": 0.0830713734031, "dvar": 0.00190186896361, "dvar2": 0.00521550886333, "max": 0.499987542629, "mean": 0.286373049021, "median": 0.282761454582, "min": 0.0647790059447, "var": 0.00708357896656}, "dynamic_complexity": 5.55610370636, "erbbands_crest": {"dmean": 1.55008113384, "dmean2": 2.16059279442, "dvar": 3.51119995117, "dvar2": 7.3338098526, "max": 30.5411148071, "mean": 19.5149497986, "median": 20.0821838379, "min": 3.04684638977, "var": 19.7789306641}, "erbbands_flatness_db": {"dmean": 0.0148502532393, "dmean2": 0.0200546626002, "dvar": 0.000256663450273, "dvar2": 0.000492257415317, "max": 0.575406610966, "mean": 0.366505980492, "median": 0.365951657295, "min": 0.0696884393692, "var": 0.00828691292554}, "erbbands_kurtosis": {"dmean": 4.42850923538, "dmean2": 6.23456048965, "dvar": 48.9483070374, "dvar2": 93.6655654907, "max": 211.872406006, "mean": 16.1880073547, "median": 10.6204357147, "min": -1.89230895042, "var": 335.094360352}, "erbbands_skewness": {"dmean": 0.422073870897, "dmean2": 0.592633426189, "dvar": 0.254840195179, "dvar2": 0.514126241207, "max": 12.5585422516, "mean": 2.34469938278, "median": 2.27047085762, "min": -5.66172885895, "var": 3.0472433567}, "erbbands_spread": {"dmean": 2.00866961479, "dmean2": 3.08963179588, "dvar": 42.0667152405, "dvar2": 104.065635681, "max": 135.1875, "mean": 7.20807886124, "median": 4.28045368195, "min": 0.409652084112, "var": 163.652954102}, "hfc": {"dmean": 1.4265100956, "dmean2": 1.55926072598, "dvar": 7.27279758453, "dvar2": 9.09160900116, "max": 62.4574546814, "mean": 7.25205802917, "median": 3.94227838516, "min": 1.28469870922e-16, "var": 89.0202484131}, "melbands_crest": {"dmean": 1.74118387699, "dmean2": 2.50580120087, "dvar": 4.42181253433, "dvar2": 9.43332290649, "max": 32.7596206665, "mean": 20.0776767731, "median": 20.344203949, "min": 1.61225998402, "var": 31.6147079468}, "melbands_flatness_db": {"dmean": 0.0166242923588, "dmean2": 0.0223929267377, "dvar": 0.000360712088877, "dvar2": 0.000678813899867, "max": 0.689665794373, "mean": 0.457818835974, "median": 0.462438553572, "min": 0.00436270143837, "var": 0.0119270719588}, "melbands_kurtosis": {"dmean": 8.35581684113, "dmean2": 12.6294822693, "dvar": 418.514587402, "dvar2": 969.914245605, "max": 643.352111816, "mean": 25.0738601685, "median": 14.4551115036, "min": -1.92108869553, "var": 2092.46386719}, "melbands_skewness": {"dmean": 0.630066275597, "dmean2": 0.969925761223, "dvar": 0.765938460827, "dvar2": 1.76262378693, "max": 17.4424571991, "mean": 1.95651721954, "median": 1.61605715752, "min": -5.91112136841, "var": 4.84912204742}, "melbands_spread": {"dmean": 1.63504362106, "dmean2": 2.54861068726, "dvar": 65.2059020996, "dvar2": 162.592132568, "max": 244.885482788, "mean": 7.16678142548, "median": 2.31871366501, "min": 0.316096514463, "var": 727.211791992}, "pitch_salience": {"dmean": 0.0422808751464, "dmean2": 0.0591415166855, "dvar": 0.00221625831909, "dvar2": 0.0047631887719, "max": 0.881850242615, "mean": 0.408766597509, "median": 0.426355063915, "min": 0.0593878701329, "var": 0.0234371162951}, "silence_rate_20dB": {"dmean": 0, "dmean2": 0, "dvar": 0, "dvar2": 0, "max": 1, "mean": 1, "median": 1, "min": 1, "var": 0}, "silence_rate_30dB": {"dmean": 0.00453058164567, "dmean2": 0.00906344410032, "dvar": 0.00451027788222, "dvar2": 0.00998867023736, "max": 1, "mean": 0.992954194546, "median": 1, "min": 0, "var": 0.00699610868469}, "silence_rate_60dB": {"dmean": 0.0367480479181, "dmean2": 0.0735146030784, "dvar": 0.035398516804, "dvar2": 0.0776748284698, "max": 1, "mean": 0.20332159102, "median": 0, "min": 0, "var": 0.161987245083}, "spectral_centroid": {"dmean": 33.3733596802, "dmean2": 50.1908798218, "dvar": 35359.9804688, "dvar2": 64476.9023438, "max": 11349.2265625, "mean": 567.221374512, "median": 437.542785645, "min": 260.157867432, "var": 763131.9375}, "spectral_complexity": {"dmean": 0.744022130966, "dmean2": 1.24773418903, "dvar": 1.06985509396, "dvar2": 2.15614128113, "max": 16, "mean": 4.97710132599, "median": 5, "min": 0, "var": 7.0057721138}, "spectral_decrease": {"dmean": 7.39920902326e-10, "dmean2": 8.05958577654e-10, "dvar": 1.7928589702e-18, "dvar2": 2.24833046486e-18, "max": 6.2747672371e-19, "mean": -4.02451938442e-09, "median": -2.41997710759e-09, "min": -3.23643796207e-08, "var": 2.34822894336e-17}, "spectral_energy": {"dmean": 0.00291797379032, "dmean2": 0.00317517644726, "dvar": 2.79645828414e-05, "dvar2": 3.49326037394e-05, "max": 0.127815559506, "mean": 0.0158471632749, "median": 0.00952995661646, "min": 1.15478969468e-20, "var": 0.000366276275599}, "spectral_energyband_high": {"dmean": 1.57747381309e-05, "dmean2": 2.34061772062e-05, "dvar": 5.73316505381e-09, "dvar2": 1.4080264954e-08, "max": 0.00112695910502, "mean": 2.06408021768e-05, "median": 8.58478983901e-07, "min": 8.55110721365e-21, "var": 6.70311717244e-09}, "spectral_energyband_low": {"dmean": 0.000109261483885, "dmean2": 0.000173490581801, "dvar": 4.45667183158e-08, "dvar2": 1.10393642672e-07, "max": 0.00308168074116, "mean": 0.000251197023317, "median": 5.64907240914e-05, "min": 1.59181730331e-22, "var": 1.59900366725e-07}, "spectral_energyband_middle_high": {"dmean": 0.000175405482878, "dmean2": 0.000216627508053, "dvar": 3.4130417248e-07, "dvar2": 7.15663816209e-07, "max": 0.021180190146, "mean": 0.000684751197696, "median": 0.00019582992536, "min": 1.37346928853e-21, "var": 1.63730260283e-06}, "spectral_energyband_middle_low": {"dmean": 0.00282573723234, "dmean2": 0.00310968747362, "dvar": 2.56200964941e-05, "dvar2": 3.36327357218e-05, "max": 0.122556269169, "mean": 0.0149805769324, "median": 0.00897784903646, "min": 4.39607771968e-22, "var": 0.00032550751348}, "spectral_entropy": {"dmean": 0.163316011429, "dmean2": 0.221354559064, "dvar": 0.0406567081809, "dvar2": 0.0787436813116, "max": 9.81053543091, "mean": 5.15078687668, "median": 5.04636478424, "min": 3.19721388817, "var": 0.875777304173}, "spectral_flux": {"dmean": 0.00847576279193, "dmean2": 0.0130420476198, "dvar": 0.000181043389603, "dvar2": 0.000389182532672, "max": 0.200116977096, "mean": 0.0209727697074, "median": 0.0156497769058, "min": 1.0746114415e-10, "var": 0.000378446071409}, "spectral_kurtosis": {"dmean": 13.8595466614, "dmean2": 23.0147285461, "dvar": 307.13861084, "dvar2": 875.493041992, "max": 292.84588623, "mean": 73.3120803833, "median": 54.2612457275, "min": -1.22932612896, "var": 3584.05712891}, "spectral_rms": {"dmean": 0.000327768124407, "dmean2": 0.000355000491254, "dvar": 1.99504697207e-07, "dvar2": 2.408413593e-07, "max": 0.0111668305472, "mean": 0.00336599559523, "median": 0.00304918317124, "min": 3.35652209152e-12, "var": 4.13070802097e-06}, "spectral_rolloff": {"dmean": 51.9385299683, "dmean2": 93.9606781006, "dvar": 208952.40625, "dvar2": 479653.09375, "max": 19143.0175781, "mean": 819.820373535, "median": 473.73046875, "min": 279.931640625, "var": 4244232.5}, "spectral_skewness": {"dmean": 0.676094591618, "dmean2": 1.10250294209, "dvar": 0.540754020214, "dvar2": 1.45034134388, "max": 14.0412483215, "mean": 6.63367080688, "median": 6.29782962799, "min": -0.212978690863, "var": 9.86763000488}, "spectral_spread": {"dmean": 597447, "dmean2": 960259, "dvar": 913719951360, "dvar2": 1740463669250.0, "max": 40697460, "mean": 2861040.25, "median": 1844147.5, "min": 363646.40625, "var": 7508645117950.0}, "spectral_strongpeak": {"dmean": 0.197692602873, "dmean2": 0.210645198822, "dvar": 0.0750128626823, "dvar2": 0.0930323749781, "max": 6.42772817612, "mean": 1.53436815739, "median": 1.20642232895, "min": 0, "var": 1.40901505947}, "zerocrossingrate": {"dmean": 0.00264898408204, "dmean2": 0.00328200729564, "dvar": 5.61913984711e-05, "dvar2": 6.6147877078e-05, "max": 0.5078125, "mean": 0.0348096378148, "median": 0.02099609375, "min": 0.009765625, "var": 0.00478658592328}, "barkbands": {"dmean": [8.13782889963e-07, 3.40855949617e-05, 6.37245830148e-05, 5.98085898673e-05, 0.00026475742925, 0.000442684133304, 0.00249361991882, 9.5501440228e-05, 7.53497515689e-05, 9.79256437859e-05, 8.08382174e-05, 1.55891793838e-05, 9.89479212876e-06, 6.04999831921e-06, 3.15045122079e-06, 3.2229675071e-06, 5.75155127081e-06, 6.01148997248e-07, 3.72227020762e-07, 1.49253168047e-07, 1.87058176948e-07, 5.56287602649e-07, 1.36250463356e-07, 2.4913820198e-06, 1.22571182146e-05, 2.60850157474e-07, 3.26971417053e-07], "dmean2": [1.43501188177e-06, 5.40430701221e-05, 0.000105756109406, 9.7909651231e-05, 0.000363704340998, 0.000595057441387, 0.00263513159007, 0.000131817985675, 0.000135050358949, 0.000141166048707, 8.54737227201e-05, 2.24859668378e-05, 1.32691711769e-05, 8.94030017662e-06, 4.96328402733e-06, 3.91710091208e-06, 1.04834416561e-05, 8.33642786802e-07, 5.2007544582e-07, 1.96508878503e-07, 2.60346951109e-07, 8.23329742161e-07, 1.90823044477e-07, 3.74036881112e-06, 1.91315557458e-05, 3.79369424763e-07, 4.90749584969e-07], "dvar": [1.49407266073e-12, 4.25020285633e-09, 1.59476147843e-08, 1.37728273231e-08, 2.60285844433e-07, 9.03991917767e-07, 2.29706292885e-05, 4.32734680089e-07, 1.98614472424e-07, 1.99163608272e-07, 5.80831169827e-08, 2.67149191657e-09, 1.28379784581e-09, 1.04338593321e-09, 2.00423358465e-10, 2.83526480072e-10, 7.16256443045e-10, 9.24715512496e-12, 3.41651706925e-12, 2.04717997112e-13, 6.90040526889e-13, 4.5576940659e-12, 3.28686540875e-13, 1.33850028283e-10, 3.7495713201e-09, 1.83628329556e-12, 2.89525304772e-12], "dvar2": [4.17303648234e-12, 9.53148848737e-09, 4.16452259344e-08, 3.56775693433e-08, 4.92314768508e-07, 1.61586365266e-06, 2.90166080958e-05, 8.64056403316e-07, 5.60348439649e-07, 4.86953581458e-07, 6.18173174871e-08, 5.90967674796e-09, 2.25574181556e-09, 2.22152318763e-09, 5.21136467313e-10, 3.82613163374e-10, 2.37479813592e-09, 1.94021448213e-11, 5.64694081426e-12, 3.5308797444e-13, 1.35538195251e-12, 1.02217991016e-11, 6.62399280392e-13, 3.08633951729e-10, 9.50760004059e-09, 4.41654655556e-12, 7.12466804303e-12], "max": [1.80763963726e-05, 0.00144662335515, 0.00165118160658, 0.0029950409662, 0.0176528822631, 0.0242373794317, 0.120385445654, 0.0192316658795, 0.00860167760402, 0.0149722015485, 0.00787555426359, 0.000953677110374, 0.00102987105493, 0.000815619889181, 0.000549909484107, 0.000842505076434, 0.000473365187645, 0.000134797039209, 0.000107982734335, 1.64197717822e-05, 1.92883962882e-05, 4.45881778433e-05, 1.04016207843e-05, 0.000252223020652, 0.000940826488659, 2.67807772616e-05, 3.17563753924e-05], "mean": [1.0327498785e-06, 6.91728564561e-05, 0.000104183804069, 0.000194408537936, 0.00143151613884, 0.00170029955916, 0.0112780127674, 0.00025004404597, 9.80060722213e-05, 0.000285362446448, 0.00032876120531, 2.64907939709e-05, 2.07720186154e-05, 1.43517754623e-05, 6.56732072457e-06, 8.5718857008e-06, 6.96149982105e-06, 1.08659833131e-06, 7.95153482613e-07, 3.81549028816e-07, 3.21891803878e-07, 9.45954468534e-07, 2.24173348329e-07, 3.49196989191e-06, 1.47198170453e-05, 3.37171826459e-07, 4.25747629151e-07], "median": [6.03519538345e-07, 1.71095707628e-05, 2.12262348214e-05, 2.30505902437e-05, 0.00047590243048, 0.00075075525092, 0.00488917622715, 1.5914787582e-05, 1.31363849505e-05, 6.55185358482e-05, 3.96623872803e-05, 4.71925432066e-06, 2.90171556117e-06, 1.15439775072e-06, 1.12896168503e-06, 6.92096193688e-07, 3.57216720204e-07, 1.57274115509e-07, 1.11553831061e-07, 3.3922130882e-08, 4.14975716012e-08, 4.05224263034e-08, 1.70729368421e-08, 9.22356946376e-08, 3.62921639407e-07, 2.2735932248e-08, 3.64505048367e-08], "min": [1.80768060188e-23, 4.54331280162e-23, 5.74612215597e-23, 7.25822904067e-23, 7.46568241935e-23, 3.2695592928e-23, 5.47423398747e-23, 6.57581639491e-23, 1.12955806572e-22, 7.05946638481e-23, 4.7002771891e-23, 4.74116763635e-23, 1.22757952366e-22, 6.86021274193e-23, 1.69647705733e-22, 7.80792877645e-23, 2.33092266865e-22, 1.60799185488e-22, 1.98273637826e-22, 4.53854221263e-22, 4.29473749235e-22, 7.16701614653e-22, 6.35143847883e-22, 9.89909414924e-22, 1.30420967395e-21, 1.83086937014e-21, 2.53290882474e-21], "var": [1.72199656878e-12, 1.94212930182e-08, 3.64966368238e-08, 1.11734188124e-07, 4.99672523802e-06, 5.69313124288e-06, 0.000290177413262, 1.24999223772e-06, 2.1974908293e-07, 5.0067308166e-07, 6.36620654859e-07, 4.84065454387e-09, 4.42229808328e-09, 3.26052407296e-09, 3.4777355995e-10, 1.31333888209e-09, 8.46217651507e-10, 1.67145342705e-11, 9.12027484784e-12, 9.44325780766e-13, 1.2110111091e-12, 9.04063456042e-12, 5.6839006158e-13, 1.82504053536e-10, 3.91917343023e-09, 2.06062142176e-12, 3.24841976235e-12]}, "erbbands": {"dmean": [0.00101203704253, 0.00791324861348, 0.0446303673089, 0.175000891089, 0.255653172731, 0.718109607697, 3.35019612312, 4.41144132614, 24.0436439514, 26.0831775665, 3.28640627861, 2.11947345734, 1.32055675983, 5.54956293106, 1.31781792641, 0.740454494953, 0.471517205238, 0.383737266064, 0.173062130809, 0.130697995424, 0.271859705448, 0.20803283155, 0.0342371724546, 0.0209832638502, 0.0116311898455, 0.00853942986578, 0.00807585660368, 0.00727262767032, 0.026969647035, 0.00768380844966, 0.011301252991, 0.0737595260143, 0.0629613995552, 0.208819419146, 0.0277608521283, 0.00381655595265, 0.000220220623305, 9.7681862826e-05, 9.35173375183e-05, 5.00574242324e-06], "dmean2": [0.00158107455354, 0.0124502442777, 0.0742588937283, 0.287901461124, 0.329036206007, 1.04782855511, 4.23388051987, 5.77797269821, 27.2351970673, 26.0282440186, 4.21088933945, 3.70658683777, 2.08041810989, 6.81163692474, 1.60060203075, 1.04619812965, 0.625552177429, 0.556298315525, 0.268797129393, 0.187300622463, 0.402131855488, 0.373343616724, 0.0493769086897, 0.0269995741546, 0.0176074020565, 0.0111961420625, 0.0113084111363, 0.0103556280956, 0.041291564703, 0.0105983633548, 0.0166801400483, 0.113775961101, 0.0946056097746, 0.331670820713, 0.0422867499292, 0.00557869998738, 0.000318517995765, 0.000144635501783, 0.000140410658787, 6.12824896962e-06], "dvar": [3.85231942346e-06, 0.000214484854951, 0.00734896492213, 0.130855917931, 0.448259025812, 2.30049347878, 45.4221687317, 125.368232727, 1946.16955566, 3286.16064453, 318.461853027, 139.061767578, 24.1104660034, 400.228912354, 11.8380641937, 6.47090435028, 2.76025748253, 2.90757679939, 0.694435477257, 0.242953032255, 1.1863052845, 0.854264438152, 0.0254767537117, 0.0155622903258, 0.00117960339412, 0.000760141992941, 0.00160888477694, 0.000910470029339, 0.0108173536137, 0.000975222035777, 0.00261415401474, 0.12290045619, 0.0959703698754, 1.09280359745, 0.0193825867027, 0.000376181909814, 1.16905016512e-06, 2.5764867928e-07, 2.2804931632e-07, 1.71532954507e-10], "dvar2": [8.56988754094e-06, 0.000482148316223, 0.0189047735184, 0.34839117527, 0.551909267902, 4.09405326843, 77.5415496826, 205.113479614, 2691.26879883, 3686.2409668, 630.976928711, 389.771514893, 64.8550949097, 894.382568359, 18.9937057495, 14.0518636703, 4.70009994507, 6.07186794281, 1.76217556, 0.509369730949, 2.33647489548, 2.81583738327, 0.0532301850617, 0.0235587209463, 0.00273174466565, 0.00127388141118, 0.00299243628979, 0.00214780797251, 0.0259135421365, 0.0018281674711, 0.00593906035647, 0.293728202581, 0.236479356885, 2.78162741661, 0.0490832403302, 0.000928574765567, 2.75795832749e-06, 6.3681818574e-07, 5.5621512729e-07, 3.71480735062e-10], "max": [0.0466948933899, 0.344601452351, 1.14884388447, 5.06714296341, 68.5883483887, 49.8757362366, 271.750244141, 306.622802734, 1398.79821777, 1522.41992188, 517.178833008, 243.744232178, 109.245376587, 736.691833496, 87.2445907593, 48.8183822632, 52.5997467041, 41.8889961243, 32.0151824951, 16.8143806458, 52.5817489624, 16.4063873291, 6.61770915985, 7.68116855621, 0.831113815308, 1.08265185356, 1.06788825989, 0.747560322285, 2.24715948105, 0.55223107338, 1.06306004524, 7.98629665375, 4.8754529953, 15.9043951035, 2.06625652313, 0.364007174969, 0.016706161201, 0.00984408613294, 0.00868315901607, 0.000259410735453], "mean": [0.00189427519217, 0.0171082541347, 0.0796789079905, 0.476506710052, 2.79675245285, 3.16488981247, 14.4005336761, 15.1619739532, 104.113433838, 121.355949402, 11.1809835434, 3.46126031876, 3.32018280029, 20.3282165527, 4.58055353165, 1.42800879478, 1.01807713509, 0.930662214756, 0.411446750164, 0.327060729265, 0.550651311874, 0.268867492676, 0.0667222589254, 0.0443010665476, 0.0277838595212, 0.0218645259738, 0.0142186637968, 0.0132676437497, 0.0440537594259, 0.013457573019, 0.0160239264369, 0.097885966301, 0.0812539383769, 0.24877974391, 0.0334539301693, 0.00475181266665, 0.000309482216835, 0.000132446089992, 0.000126066544908, 2.07364646485e-05], "median": [0.000455731904367, 0.00441979151219, 0.0249182805419, 0.0840332359076, 0.115245498717, 1.15038359165, 5.33155536652, 5.51775979996, 50.6997947693, 37.3196411133, 3.02075624466, 0.722544968128, 1.09058332443, 4.69483423233, 1.23615884781, 0.268696278334, 0.168066322803, 0.128313630819, 0.0738107711077, 0.0574769824743, 0.0558315292001, 0.0251279473305, 0.0107678771019, 0.00602610083297, 0.00382843799889, 0.001827534521, 0.00147603242658, 0.0015262295492, 0.0019623064436, 0.000703568162862, 0.000741583935451, 0.00266040675342, 0.00213403487578, 0.00602930691093, 0.00093944137916, 0.000166131940205, 4.40569201601e-05, 1.81251216418e-05, 1.55025463755e-05, 1.19603082567e-05], "min": [8.94133774556e-22, 1.23885580184e-20, 5.38585859445e-20, 1.96979634119e-19, 9.57985203132e-20, 2.33970853845e-19, 5.61006247444e-19, 3.14050958578e-19, 9.18268190644e-19, 5.29468797518e-19, 2.04703626959e-18, 2.88090525779e-18, 1.73434369668e-18, 2.48348674607e-18, 1.68737576111e-18, 2.54812532748e-18, 5.73899480632e-18, 2.41738322781e-18, 6.50922237934e-18, 9.7350174916e-18, 7.18604223605e-18, 1.14783527449e-17, 8.95963741055e-18, 8.29830320209e-18, 1.37527991629e-17, 2.35223580625e-17, 1.69730662271e-17, 1.80540142711e-17, 2.40139713529e-17, 2.19196625385e-17, 2.03784695473e-17, 1.84898077594e-17, 1.68428713074e-17, 1.17969628646e-17, 1.14812983351e-17, 6.74564962356e-18, 3.8605449766e-18, 1.21654579722e-18, 3.80525648295e-19, 3.74316869392e-20], "var": [1.58932816703e-05, 0.0011002792744, 0.0182004645467, 0.498030751944, 58.2654876709, 26.8599872589, 585.801147461, 704.414611816, 21322.1132812, 44769.6171875, 1004.85925293, 170.243225098, 45.3467445374, 1638.08483887, 70.1577072144, 12.7849493027, 9.50648021698, 9.50386142731, 1.42777991295, 0.763338565826, 3.94179081917, 1.02243435383, 0.0501273497939, 0.0430060997605, 0.00340680661611, 0.00339953182265, 0.0029000993818, 0.00154370593373, 0.0195941906422, 0.00201162160374, 0.00364542170428, 0.15478618443, 0.109167329967, 1.12834405899, 0.0204453300685, 0.000416664290242, 1.38981772579e-06, 2.81219740828e-07, 2.6394991437e-07, 6.86061207844e-10]}, "gfcc": {"mean": [-228.191757202, 154.406829834, -67.5999221802, -49.326133728, -77.7314147949, -14.9605150223, -50.6439819336, -0.317394942045, -11.9404382706, -0.188899099827, 3.27863049507, 2.28893280029, 5.84527111053], "cov": [[18127.6894531, 3126.65063477, -941.941101074, -523.088562012, -337.53503418, 413.672180176, -454.33505249, 188.251281738, -313.622039795, -489.546051025, -191.68170166, -651.711547852, -134.047164917], [3126.65063477, 3264.94018555, -458.655456543, -1067.35705566, 595.390563965, -706.946228027, 174.597412109, -331.151092529, 221.005661011, -165.7474823, -113.469871521, 75.390335083, 45.6415290833], [-941.941101074, -458.655456543, 872.578796387, 375.172821045, -264.059997559, 241.242645264, -168.457077026, -46.0944747925, -78.6301803589, -45.8358840942, -123.660713196, -48.8691177368, -17.2198562622], [-523.088562012, -1067.35705566, 375.172821045, 710.409973145, -160.598937988, 400.670562744, -141.976974487, 79.2310562134, -222.845718384, -27.8192882538, -34.7180290222, -161.004653931, -31.2270355225], [-337.53503418, 595.390563965, -264.059997559, -160.598937988, 435.041625977, -139.878433228, 107.261505127, -75.5099563599, 93.2753601074, -24.6894245148, -33.8864860535, 43.4818458557, 22.6593647003], [413.672180176, -706.946228027, 241.242645264, 400.670562744, -139.878433228, 479.089050293, -119.313423157, 99.587890625, -112.934669495, -18.8428211212, -36.2112579346, -122.857116699, -7.83985996246], [-454.33505249, 174.597412109, -168.457077026, -141.976974487, 107.261505127, -119.313423157, 180.79296875, 19.2111930847, 69.9188842773, 55.5632400513, 45.7313957214, 51.1083297729, -20.9696655273], [188.251281738, -331.151092529, -46.0944747925, 79.2310562134, -75.5099563599, 99.587890625, 19.2111930847, 158.053909302, 42.2423744202, 23.0824928284, 31.6437397003, -35.3720321655, -36.7035980225], [-313.622039795, 221.005661011, -78.6301803589, -222.845718384, 93.2753601074, -112.934669495, 69.9188842773, 42.2423744202, 236.288391113, 52.0658683777, -8.29404258728, 85.9711761475, 4.24433755875], [-489.546051025, -165.7474823, -45.8358840942, -27.8192882538, -24.6894245148, -18.8428211212, 55.5632400513, 23.0824928284, 52.0658683777, 110.648605347, 63.1394538879, 47.8227920532, 18.7673053741], [-191.68170166, -113.469871521, -123.660713196, -34.7180290222, -33.8864860535, -36.2112579346, 45.7313957214, 31.6437397003, -8.29404258728, 63.1394538879, 102.907791138, 35.0914039612, 11.9885339737], [-651.711547852, 75.390335083, -48.8691177368, -161.004653931, 43.4818458557, -122.857116699, 51.1083297729, -35.3720321655, 85.9711761475, 47.8227920532, 35.0914039612, 147.607559204, 48.0272598267], [-134.047164917, 45.6415290833, -17.2198562622, -31.2270355225, 22.6593647003, -7.83985996246, -20.9696655273, -36.7035980225, 4.24433755875, 18.7673053741, 11.9885339737, 48.0272598267, 85.903968811]], "icov": [[0.000276305770967, -0.000772230210714, 0.00079509220086, -0.000393236201489, 0.000969020475168, -0.000722906959709, 0.00086484500207, -0.000890050083399, 0.000438066665083, -0.000445792567916, 0.000834395817947, -0.000448006641818, 0.0005769059062], [-0.000772230210714, 0.00371394772083, -0.00292078522034, 0.00358226173557, -0.00395185733214, 0.00257896748371, -0.00301998993382, 0.00371645344421, -0.0014018494403, 0.00313481828198, -0.00301811425015, 0.00436488073319, -0.00296780117787], [0.00079509220086, -0.00292078522034, 0.00583428703249, -0.00435918895528, 0.00591563573107, -0.00296379043721, 0.00226262933575, 0.000515339081176, -0.00106805318501, -0.00127252435777, 0.00520589808002, -0.00390428840183, 0.00310611189343], [-0.000393236201489, 0.00358226173557, -0.00435918895528, 0.0101955458522, -0.00599018158391, 0.000703435798641, 0.000117750190839, -0.00216908194125, 0.0054412712343, -0.000904147746041, -0.000434655492427, 0.00585078215227, -0.00222001085058], [0.000969020475168, -0.00395185733214, 0.00591563573107, -0.00599018158391, 0.0108999237418, -0.00356448907405, -0.00105819909368, 0.00241359253414, -0.00396496243775, 0.00187515688594, 0.00406854925677, -0.00316009903327, 0.00117774517275], [-0.000722906959709, 0.00257896748371, -0.00296379043721, 0.000703435798641, -0.00356448907405, 0.00743813021109, -0.000974783790298, -0.00153743370902, 0.000700128322933, -0.000266470218776, 2.86187896563e-05, 0.00347127649002, -0.00403355527669], [0.00086484500207, -0.00301998993382, 0.00226262933575, 0.000117750190839, -0.00105819909368, -0.000974783790298, 0.0163681861013, -0.00862790644169, 0.00574738439173, -0.0102008236572, 0.00337012368254, -0.00562858162448, 0.00857088342309], [-0.000890050083399, 0.00371645344421, 0.000515339081176, -0.00216908194125, 0.00241359253414, -0.00153743370902, -0.00862790644169, 0.0268231611699, -0.0167160201818, 0.0123165184632, -0.0135928057134, 0.00842732004821, -0.000150603867951], [0.000438066665083, -0.0014018494403, -0.00106805318501, 0.0054412712343, -0.00396496243775, 0.000700128322933, 0.00574738439173, -0.0167160201818, 0.0204044394195, -0.0141779761761, 0.0139326062053, -0.00757358642295, 0.00294198747724], [-0.000445792567916, 0.00313481828198, -0.00127252435777, -0.000904147746041, 0.00187515688594, -0.000266470218776, -0.0102008236572, 0.0123165184632, -0.0141779761761, 0.0298160538077, -0.0186147280037, 0.00614448962733, -0.00734236743301], [0.000834395817947, -0.00301811425015, 0.00520589808002, -0.000434655492427, 0.00406854925677, 2.86187896563e-05, 0.00337012368254, -0.0135928057134, 0.0139326062053, -0.0186147280037, 0.0337674841285, -0.00985785759985, 0.00191268848721], [-0.000448006641818, 0.00436488073319, -0.00390428840183, 0.00585078215227, -0.00316009903327, 0.00347127649002, -0.00562858162448, 0.00842732004821, -0.00757358642295, 0.00614448962733, -0.00985785759985, 0.0238630883396, -0.0112307621166], [0.0005769059062, -0.00296780117787, 0.00310611189343, -0.00222001085058, 0.00117774517275, -0.00403355527669, 0.00857088342309, -0.000150603867951, 0.00294198747724, -0.00734236743301, 0.00191268848721, -0.0112307621166, 0.022753354162]]}, "melbands": {"dmean": [9.53005383053e-06, 1.8051612642e-05, 2.97811729979e-05, 2.63058573182e-05, 0.000102245001472, 8.85829722392e-05, 0.000445401965408, 0.000228783246712, 2.0640427465e-05, 1.27145940496e-05, 6.61101330479e-06, 2.26170268434e-05, 6.35290962236e-06, 2.11770884562e-06, 1.15386103516e-06, 1.11382769319e-06, 7.37700531772e-07, 2.74744138551e-07, 2.15423696659e-07, 2.33419186202e-07, 4.01695615437e-07, 3.22778618056e-07, 3.31358478434e-08, 2.39173125749e-08, 1.84638455636e-08, 1.14511751192e-08, 5.24844745442e-09, 6.00281646612e-09, 6.57203136356e-09, 2.97524316295e-09, 4.59988447332e-09, 1.58621542568e-08, 1.01229904459e-08, 2.80066525526e-09, 1.5034229417e-09, 3.26065716649e-08, 4.2047204829e-08, 1.12521805207e-08, 1.75925478629e-07, 1.52820973653e-07], "dmean2": [1.50254472828e-05, 2.93782995868e-05, 4.62444477307e-05, 3.67033935618e-05, 0.000130336760776, 0.000118877731438, 0.000489429163281, 0.000229676370509, 2.85346977762e-05, 2.28916269407e-05, 1.04623877633e-05, 2.82622677332e-05, 7.0951282396e-06, 2.99446060126e-06, 1.5774738813e-06, 1.53604639763e-06, 1.09931943371e-06, 4.18860309992e-07, 3.35891513714e-07, 3.06465778976e-07, 6.31617240288e-07, 5.89436979226e-07, 4.98757017908e-08, 3.12124264212e-08, 2.38486865811e-08, 1.81867481075e-08, 7.49888950935e-09, 7.94235610613e-09, 9.25474985536e-09, 4.22943058354e-09, 6.85961687452e-09, 2.45079565531e-08, 1.46988714533e-08, 3.93264931731e-09, 2.16975903911e-09, 5.01208923254e-08, 6.47610534088e-08, 1.69419660523e-08, 2.77817491678e-07, 2.42492916414e-07], "dvar": [3.40002970223e-10, 1.11823816873e-09, 3.08881076272e-09, 3.11802739184e-09, 3.94296293393e-08, 4.77845496505e-08, 6.80205403114e-07, 2.56628737816e-07, 1.74555321308e-08, 5.61701618551e-09, 5.96838689582e-10, 7.10294267847e-09, 2.96198982008e-10, 3.94205085241e-11, 1.4745399346e-11, 1.74613986464e-11, 1.47221228264e-11, 1.60252822297e-12, 6.68075187185e-13, 9.86750394935e-13, 2.56392888691e-12, 2.24985091321e-12, 5.07276410819e-14, 1.16942435959e-14, 1.48165239301e-14, 1.53185664989e-15, 1.94291530704e-16, 5.0413304614e-16, 1.40694141891e-15, 1.43847859958e-16, 3.71112292186e-16, 3.59988579067e-15, 1.55957029737e-15, 1.37491142387e-16, 4.21528063783e-17, 2.33071923577e-14, 3.99078183965e-14, 2.64546685339e-15, 8.00947903921e-13, 5.83151148897e-13], "dvar2": [7.49205475437e-10, 2.78981571178e-09, 7.48518136362e-09, 5.1226276554e-09, 7.05985456761e-08, 8.24345107731e-08, 9.16362182579e-07, 2.88464065079e-07, 3.50905260404e-08, 1.63803619557e-08, 1.59134894151e-09, 1.62708690965e-08, 3.58013202417e-10, 8.23949866668e-11, 2.91107762895e-11, 3.36510125321e-11, 3.19000659221e-11, 3.9289465778e-12, 1.71583092786e-12, 1.61507461051e-12, 6.34024300075e-12, 7.45339033548e-12, 1.1612903022e-13, 1.96492737988e-14, 2.18830572288e-14, 4.12585979311e-15, 4.19159044979e-16, 8.64918259694e-16, 2.62353886445e-15, 3.21467135282e-16, 9.03629359449e-16, 8.67769753759e-15, 3.42083530759e-15, 2.51719583669e-16, 9.02671894581e-17, 5.50913447619e-14, 9.61521240774e-14, 6.15965535617e-15, 2.04780268263e-12, 1.48029917317e-12], "max": [0.000415718968725, 0.00049704592675, 0.00275526358746, 0.0038059852086, 0.00760836852714, 0.00590555043891, 0.0213304199278, 0.0134922498837, 0.00381766515784, 0.00139627163298, 0.000529688200913, 0.00299896649085, 0.000538122141734, 0.000113019668788, 9.26122374949e-05, 0.000143990357174, 9.51110050664e-05, 4.53644970548e-05, 2.54797505477e-05, 2.7414482247e-05, 6.64976905682e-05, 2.65862399829e-05, 1.16368246381e-05, 2.90246975965e-06, 7.78754292696e-06, 1.13677401714e-06, 2.80066188907e-07, 1.02464105112e-06, 1.04219350305e-06, 3.07765702701e-07, 4.83286839881e-07, 1.26772158637e-06, 8.19533283902e-07, 2.53563086972e-07, 9.60033972319e-08, 3.41332315656e-06, 4.5419392336e-06, 8.83827738107e-07, 1.3974688045e-05, 1.15077900773e-05], "mean": [1.9004495698e-05, 3.61191741831e-05, 0.000148749692016, 0.000192295192392, 0.000426747952588, 0.000291817414109, 0.00197722017765, 0.00106328492984, 5.27578195033e-05, 1.72747531906e-05, 1.51710119098e-05, 8.10257188277e-05, 2.41668003582e-05, 4.13919678977e-06, 2.14854389924e-06, 2.31594754041e-06, 1.70811063072e-06, 6.29767953342e-07, 4.60414298686e-07, 6.05746379279e-07, 6.85594898187e-07, 3.87998994711e-07, 5.53151942029e-08, 4.44509922204e-08, 3.61697374274e-08, 2.47988065638e-08, 1.28807604582e-08, 1.43737359792e-08, 1.07728483911e-08, 4.72691530362e-09, 7.89145193636e-09, 2.60820449682e-08, 1.62611968335e-08, 4.59817650622e-09, 2.25611285209e-09, 4.28831619104e-08, 5.53162209371e-08, 1.68072684659e-08, 2.07926618145e-07, 1.82894325462e-07], "median": [4.44039505965e-06, 9.69666780293e-06, 1.293407513e-05, 1.88378908206e-05, 0.000170254381374, 0.00010121606465, 0.000932153780013, 0.000309334514895, 2.84348084278e-06, 2.64220875579e-06, 4.21717868448e-06, 1.88457997865e-05, 4.38079587184e-06, 8.15984719793e-07, 3.16965213187e-07, 3.02350684933e-07, 1.638560434e-07, 8.95921203892e-08, 8.65705729325e-08, 6.05684107313e-08, 6.19465083673e-08, 2.18012097264e-08, 9.41148492473e-09, 5.09928010928e-09, 3.5982496982e-09, 3.36731664774e-09, 1.54907453531e-09, 1.03320330069e-09, 8.92300511257e-10, 5.77109582345e-10, 7.5688449952e-10, 1.13978715355e-09, 6.59063137398e-10, 2.59382904044e-10, 1.95728322439e-10, 1.25521371075e-09, 1.3539253052e-09, 5.39344680028e-10, 4.57157156575e-09, 4.55688198286e-09], "min": [1.15355650819e-23, 2.45438198778e-23, 3.00389965446e-23, 8.38362163682e-24, 1.95289269737e-23, 6.58881082729e-24, 1.30282847632e-23, 7.98826663923e-24, 1.94455569978e-23, 1.55882748736e-23, 7.95116019997e-24, 9.80860104335e-24, 6.17074728525e-24, 5.28854520228e-24, 9.59196011725e-24, 1.13936000956e-23, 3.26038519546e-24, 1.13774339691e-23, 9.84760705967e-24, 1.02588481382e-23, 8.9822818669e-24, 1.34280250386e-23, 7.27467410842e-24, 8.87937180637e-24, 5.9820904109e-24, 9.39498470466e-24, 1.0819681699e-23, 1.73652361274e-23, 1.0383443985e-23, 1.00474846915e-23, 1.09229333363e-23, 1.22985726486e-23, 1.51456560637e-23, 1.04916701792e-23, 1.0249740739e-23, 1.30322511558e-23, 1.07575328703e-23, 1.2191200002e-23, 1.06640315538e-23, 9.35279642345e-24], "var": [1.56288126885e-09, 3.8645802114e-09, 9.56217007797e-08, 1.9100198756e-07, 4.62057244022e-07, 2.46511348223e-07, 7.95879805082e-06, 3.52457254849e-06, 5.25178940336e-08, 6.03167427116e-09, 1.1084462237e-09, 2.62955381913e-08, 2.81584866535e-09, 8.6763568552e-11, 3.38337864669e-11, 5.7949089971e-11, 4.45541901983e-11, 3.76064717561e-12, 1.42476178425e-12, 4.56518763764e-12, 6.06703359426e-12, 2.62212842585e-12, 6.86586204557e-14, 3.22358310293e-14, 4.03165660036e-14, 3.02956071959e-15, 7.89476582032e-16, 1.92174517436e-15, 2.3711609509e-15, 2.36115251547e-16, 6.11498072095e-16, 6.70615508451e-15, 2.88157051118e-15, 2.62182081694e-16, 6.36120486073e-17, 2.96228936292e-14, 4.97056246802e-14, 3.71496919259e-15, 8.10535557942e-13, 6.07429525516e-13]}, "mfcc": {"mean": [-876.505981445, 192.66619873, 46.1671447754, -24.1441249847, -8.10402965546, -24.0610351562, -17.6621589661, -18.3901023865, -7.63275766373, -15.6433229446, -8.49801635742, -0.0625928863883, 14.2837104797], "cov": [[7548.02148438, 2048.6550293, -218.905685425, -740.971862793, 541.71081543, -297.106658936, 223.772766113, 34.3949661255, 250.730270386, -186.54850769, 125.892349243, -14.2500324249, 14.3843584061], [2048.6550293, 2543.578125, -231.194946289, -226.782852173, 55.1963653564, -65.331413269, -255.977539062, -25.4582328796, 5.61485528946, -16.3952312469, -149.650405884, -32.5786514282, 41.567363739], [-218.905685425, -231.194946289, 895.559387207, 130.976852417, 15.995677948, 36.2879905701, -1.97780239582, -72.5356140137, 7.24772500992, -74.9217147827, -0.528658270836, -93.5011749268, -86.7260665894], [-740.971862793, -226.782852173, 130.976852417, 261.625946045, -15.0939207077, 16.1650295258, 23.484998703, -13.7128973007, -59.605381012, 8.40742969513, -17.8011398315, -18.4135627747, -52.8788490295], [541.71081543, 55.1963653564, 15.995677948, -15.0939207077, 269.906066895, 90.0068588257, 62.9451065063, 40.0656433105, 87.1062164307, -10.3600502014, 24.785068512, -50.6938247681, -90.1397171021], [-297.106658936, -65.331413269, 36.2879905701, 16.1650295258, 90.0068588257, 171.232635498, 36.5356140137, 15.3530921936, 34.3000488281, 32.3869667053, -3.31780672073, -38.4499893188, -60.385635376], [223.772766113, -255.977539062, -1.97780239582, 23.484998703, 62.9451065063, 36.5356140137, 217.289825439, 15.2695665359, -11.7738618851, 1.03506731987, 49.5051651001, -10.795791626, -36.7813835144], [34.3949661255, -25.4582328796, -72.5356140137, -13.7128973007, 40.0656433105, 15.3530921936, 15.2695665359, 88.8120574951, 49.6462974548, 0.256054610014, 14.6160850525, 31.4079742432, 4.59265375137], [250.730270386, 5.61485528946, 7.24772500992, -59.605381012, 87.1062164307, 34.3000488281, -11.7738618851, 49.6462974548, 123.869880676, 29.6185092926, 20.1454696655, 5.08125972748, 3.31857919693], [-186.54850769, -16.3952312469, -74.9217147827, 8.40742969513, -10.3600502014, 32.3869667053, 1.03506731987, 0.256054610014, 29.6185092926, 92.9831237793, 16.306684494, -0.226841762662, 3.66591620445], [125.892349243, -149.650405884, -0.528658270836, -17.8011398315, 24.785068512, -3.31780672073, 49.5051651001, 14.6160850525, 20.1454696655, 16.306684494, 80.975982666, 29.2222061157, -18.4708175659], [-14.2500324249, -32.5786514282, -93.5011749268, -18.4135627747, -50.6938247681, -38.4499893188, -10.795791626, 31.4079742432, 5.08125972748, -0.226841762662, 29.2222061157, 113.444656372, 86.3144760132], [14.3843584061, 41.567363739, -86.7260665894, -52.8788490295, -90.1397171021, -60.385635376, -36.7813835144, 4.59265375137, 3.31857919693, 3.66591620445, -18.4708175659, 86.3144760132, 171.225219727]], "icov": [[0.000541767280083, -0.000424603640568, -4.74515436508e-05, 0.000968085834756, -0.000908850866836, 0.00140963273589, -0.00114170240704, 0.000708774547093, -0.000843792629894, 0.000630664988421, -0.000353315117536, -0.000127068691654, 0.000115708375233], [-0.000424603640568, 0.000937076983973, -3.11348412652e-05, 2.89735162369e-05, -2.85619771603e-05, -0.000597620906774, 0.00139803881757, -0.000655763957184, 0.00144579529297, -0.00131532025989, 0.00180797721259, -0.000497125321999, 0.000339241640177], [-4.74515436508e-05, -3.11348412652e-05, 0.00211513089016, -0.00192488345783, 0.00151113769971, -0.00124038860667, 0.000209810226806, 0.00233698287047, -0.00319470930845, 0.00383241707459, -0.00237823789939, 0.00224996637553, -0.000582016771659], [0.000968085834756, 2.89735162369e-05, -0.00192488345783, 0.009322155267, -0.00400537159294, 0.00426861643791, -0.00210173707455, -0.00127261132002, 0.00493682827801, -0.00513610849157, 0.00595766492188, -0.00487466994673, 0.00390935596079], [-0.000908850866836, -2.85619771603e-05, 0.00151113769971, -0.00400537159294, 0.0113674020395, -0.00589253613725, -0.000234407678363, 0.000414032139815, -0.00780217163265, 0.00614537252113, -0.00356532679871, 0.00380650837906, 0.00117257842794], [0.00140963273589, -0.000597620906774, -0.00124038860667, 0.00426861643791, -0.00589253613725, 0.0136596579105, -0.00399254029617, 0.000167725564097, -0.000460367649794, -0.00501325214282, 0.00552014401183, -0.00308389379643, 0.00383609742858], [-0.00114170240704, 0.00139803881757, 0.000209810226806, -0.00210173707455, -0.000234407678363, -0.00399254029617, 0.00974346231669, -0.00379340955988, 0.00591980013996, -0.00144944840576, -0.00431674998254, 0.00318726547994, -0.00227902201004], [0.000708774547093, -0.000655763957184, 0.00233698287047, -0.00127261132002, 0.000414032139815, 0.000167725564097, -0.00379340955988, 0.0227136146277, -0.013635545969, 0.00733262859285, 0.000739891605917, -0.00697458395734, 0.00344631681219], [-0.000843792629894, 0.00144579529297, -0.00319470930845, 0.00493682827801, -0.00780217163265, -0.000460367649794, 0.00591980013996, -0.013635545969, 0.0270665325224, -0.0140291815624, 0.00184042612091, -0.000380320794648, -0.00283991987817], [0.000630664988421, -0.00131532025989, 0.00383241707459, -0.00513610849157, 0.00614537252113, -0.00501325214282, -0.00144944840576, 0.00733262859285, -0.0140291815624, 0.0245260968804, -0.0120970280841, 0.00759505201131, -0.00380640267394], [-0.000353315117536, 0.00180797721259, -0.00237823789939, 0.00595766492188, -0.00356532679871, 0.00552014401183, -0.00431674998254, 0.000739891605917, 0.00184042612091, -0.0120970280841, 0.0332722179592, -0.0193666927516, 0.0129240565002], [-0.000127068691654, -0.000497125321999, 0.00224996637553, -0.00487466994673, 0.00380650837906, -0.00308389379643, 0.00318726547994, -0.00697458395734, -0.000380320794648, 0.00759505201131, -0.0193666927516, 0.0294520147145, -0.0155375488102], [0.000115708375233, 0.000339241640177, -0.000582016771659, 0.00390935596079, 0.00117257842794, 0.00383609742858, -0.00227902201004, 0.00344631681219, -0.00283991987817, -0.00380640267394, 0.0129240565002, -0.0155375488102, 0.0174120366573]]}, "spectral_contrast_coeffs": {"dmean": [0.0372204072773, 0.0352909602225, 0.0285949893296, 0.0207860581577, 0.0174812339246, 0.0117899170145], "dmean2": [0.0622251518071, 0.0550309158862, 0.044458117336, 0.0323713459074, 0.0287419501692, 0.0203119982034], "dvar": [0.000953109411057, 0.000948355766013, 0.000686791958287, 0.000339092919603, 0.000262083834969, 0.000136056391057], "dvar2": [0.00246097636409, 0.00209468440153, 0.00167125009466, 0.000755967805162, 0.000586880603805, 0.000390611850889], "max": [-0.334341228008, -0.298637330532, -0.490975260735, -0.582368791103, -0.609764277935, -0.760474920273], "mean": [-0.617368102074, -0.533752501011, -0.69799298048, -0.767777681351, -0.813888013363, -0.855815887451], "median": [-0.614268779755, -0.520524859428, -0.695421218872, -0.770297348499, -0.817839503288, -0.852284312248], "min": [-0.968451678753, -0.971137046814, -0.974586844444, -0.958204448223, -0.957548320293, -0.962647140026], "var": [0.0101567516103, 0.0100912721828, 0.0050701177679, 0.00396726513281, 0.00311939860694, 0.00091327104019]}, "spectral_contrast_valleys": {"dmean": [0.388785928488, 0.366003483534, 0.318434357643, 0.2563503980