{"lowlevel": {"average_loudness": 0.103719189763, "barkbands_crest": {"dmean": 2.25217103958, "dmean2": 3.42797493935, "dvar": 4.79887294769, "dvar2": 11.0282077789, "max": 26.7357635498, "mean": 12.1225566864, "median": 11.2744655609, "min": 3.22927570343, "var": 22.2658481598}, "barkbands_flatness_db": {"dmean": 0.016331711784, "dmean2": 0.0240536499768, "dvar": 0.000239237051574, "dvar2": 0.000504270603415, "max": 0.587566256523, "mean": 0.214898452163, "median": 0.200325340033, "min": 0.0355520397425, "var": 0.00470275431871}, "barkbands_kurtosis": {"dmean": 2.21620345116, "dmean2": 3.39982199669, "dvar": 35.2757759094, "dvar2": 78.2509841919, "max": 301.664672852, "mean": 4.63763618469, "median": 1.83153104782, "min": -1.81437134743, "var": 112.094703674}, "barkbands_skewness": {"dmean": 0.426566332579, "dmean2": 0.638257145882, "dvar": 0.180618703365, "dvar2": 0.393549799919, "max": 12.9467134476, "mean": 1.46246635914, "median": 1.3630105257, "min": -2.170347929, "var": 1.31502211094}, "barkbands_spread": {"dmean": 2.70709252357, "dmean2": 4.16072034836, "dvar": 10.8029584885, "dvar2": 23.4724349976, "max": 84.4903182983, "mean": 13.1280488968, "median": 12.3497333527, "min": 0.18530741334, "var": 72.3450775146}, "dissonance": {"dmean": 0.0259845219553, "dmean2": 0.0430437251925, "dvar": 0.00059648079332, "dvar2": 0.00156785361469, "max": 0.500000059605, "mean": 0.417883187532, "median": 0.42533788085, "min": 0.0399638265371, "var": 0.00229522259906}, "dynamic_complexity": 4.72045850754, "erbbands_crest": {"dmean": 2.77653408051, "dmean2": 4.33983707428, "dvar": 6.95374345779, "dvar2": 16.5127754211, "max": 33.2647972107, "mean": 13.0842971802, "median": 11.8473596573, "min": 2.43192505836, "var": 31.7505111694}, "erbbands_flatness_db": {"dmean": 0.0138722397387, "dmean2": 0.020678749308, "dvar": 0.000193118248717, "dvar2": 0.00040117991739, "max": 0.562094032764, "mean": 0.251884967089, "median": 0.244442179799, "min": 0.0707134976983, "var": 0.00335034308955}, "erbbands_kurtosis": {"dmean": 1.17572534084, "dmean2": 1.82241129875, "dvar": 7.30606746674, "dvar2": 14.9366388321, "max": 89.0854492188, "mean": 1.22998297215, "median": -0.170839071274, "min": -1.76100039482, "var": 28.7554244995}, "erbbands_skewness": {"dmean": 0.3823145926, "dmean2": 0.579146623611, "dvar": 0.139559745789, "dvar2": 0.301702678204, "max": 7.77617406845, "mean": 0.703713297844, "median": 0.588423132896, "min": -4.72832012177, "var": 1.07020771503}, "erbbands_spread": {"dmean": 4.38109111786, "dmean2": 6.761323452, "dvar": 20.8105735779, "dvar2": 47.0155715942, "max": 107.928787231, "mean": 24.5181083679, "median": 24.756061554, "min": 0.703529894352, "var": 120.348487854}, "hfc": {"dmean": 3.3864543438, "dmean2": 5.0138502121, "dvar": 94.6775054932, "dvar2": 170.979705811, "max": 714.166992188, "mean": 12.7523431778, "median": 6.98045825958, "min": 1.16312764372e-16, "var": 409.370880127}, "melbands_crest": {"dmean": 2.72480511665, "dmean2": 4.10660457611, "dvar": 6.97792768478, "dvar2": 16.4971656799, "max": 33.2570343018, "mean": 15.8947353363, "median": 15.0364694595, "min": 1.72174727917, "var": 35.1301231384}, "melbands_flatness_db": {"dmean": 0.0173993296921, "dmean2": 0.0246474165469, "dvar": 0.000287305098027, "dvar2": 0.00059032876743, "max": 0.666258811951, "mean": 0.263809293509, "median": 0.243681028485, "min": 0.00391138764098, "var": 0.00768569204956}, "melbands_kurtosis": {"dmean": 3.38799071312, "dmean2": 5.14275169373, "dvar": 28.9293994904, "dvar2": 62.9201850891, "max": 160.896392822, "mean": 8.21738243103, "median": 5.10349082947, "min": -1.77313351631, "var": 131.739700317}, "melbands_skewness": {"dmean": 0.487441509962, "dmean2": 0.724494040012, "dvar": 0.224084898829, "dvar2": 0.49556350708, "max": 10.0735321045, "mean": 2.01020979881, "median": 1.86461651325, "min": -1.69038438797, "var": 1.4284106493}, "melbands_spread": {"dmean": 4.45576620102, "dmean2": 6.81904792786, "dvar": 34.4325904846, "dvar2": 77.905632019, "max": 182.427337646, "mean": 18.1560935974, "median": 14.9296808243, "min": 0.343988806009, "var": 218.608383179}, "pitch_salience": {"dmean": 0.0561307519674, "dmean2": 0.0866801962256, "dvar": 0.00269983010367, "dvar2": 0.00620655203238, "max": 0.947902798653, "mean": 0.482020974159, "median": 0.484660863876, "min": 0.0480240322649, "var": 0.0130025502294}, "silence_rate_20dB": {"dmean": 0.000474721106002, "dmean2": 0.000949554902036, "dvar": 0.000474498228868, "dvar2": 0.000948662869632, "max": 1, "mean": 0.99916934967, "median": 1, "min": 0, "var": 0.000829933735076}, "silence_rate_30dB": {"dmean": 0.00474721100181, "dmean2": 0.00949554890394, "dvar": 0.00472487742081, "dvar2": 0.0110679576173, "max": 1, "mean": 0.992524027824, "median": 1, "min": 0, "var": 0.00742028746754}, "silence_rate_60dB": {"dmean": 0.0277711842209, "dmean2": 0.0555489622056, "dvar": 0.0270040519536, "dvar2": 0.0593446344137, "max": 1, "mean": 0.181203275919, "median": 0, "min": 0, "var": 0.148368880153}, "spectral_centroid": {"dmean": 159.265563965, "dmean2": 241.578018188, "dvar": 36776.25, "dvar2": 75607.3203125, "max": 10808.9072266, "mean": 1146.03686523, "median": 1073.82568359, "min": 202.937942505, "var": 342616.90625}, "spectral_complexity": {"dmean": 1.35770237446, "dmean2": 2.28391695023, "dvar": 1.69402420521, "dvar2": 4.29684591293, "max": 28, "mean": 10.7802305222, "median": 11, "min": 0, "var": 28.1681251526}, "spectral_decrease": {"dmean": 1.05552855345e-09, "dmean2": 1.46173106952e-09, "dvar": 9.95000007845e-18, "dvar2": 1.79408725069e-17, "max": 6.52221862754e-18, "mean": -3.86138587771e-09, "median": -2.30108332389e-09, "min": -2.08760795317e-07, "var": 3.62895119686e-17}, "spectral_energy": {"dmean": 0.00425165286288, "dmean2": 0.00591353932396, "dvar": 0.000161776319146, "dvar2": 0.000290647090878, "max": 0.85268753767, "mean": 0.0157303847373, "median": 0.00938805844635, "min": 1.05263232358e-20, "var": 0.000596310594119}, "spectral_energyband_high": {"dmean": 5.32227604708e-05, "dmean2": 8.33624144434e-05, "dvar": 3.42565549261e-08, "dvar2": 7.47237862697e-08, "max": 0.00437151128426, "mean": 0.000155461500981, "median": 3.88347143598e-05, "min": 7.88091885745e-21, "var": 1.05129764449e-07}, "spectral_energyband_low": {"dmean": 0.000133113615448, "dmean2": 0.000204793643206, "dvar": 2.56119164987e-07, "dvar2": 5.88402144786e-07, "max": 0.0228178016841, "mean": 0.000553379533812, "median": 6.10731221968e-05, "min": 6.47769282681e-23, "var": 1.65387291418e-06}, "spectral_energyband_middle_high": {"dmean": 0.00167333742138, "dmean2": 0.00240769749507, "dvar": 9.45549109019e-05, "dvar2": 0.000154477689648, "max": 0.848099648952, "mean": 0.00462403194979, "median": 0.00169877742883, "min": 1.52538577401e-21, "var": 0.00031836744165}, "spectral_energyband_middle_low": {"dmean": 0.00328417308629, "dmean2": 0.00462584430352, "dvar": 6.63810133119e-05, "dvar2": 0.000139923737152, "max": 0.267400443554, "mean": 0.0106372311711, "median": 0.00593334529549, "min": 2.53190549464e-22, "var": 0.000221766618779}, "spectral_entropy": {"dmean": 0.119147993624, "dmean2": 0.177565157413, "dvar": 0.015194626525, "dvar2": 0.0330471210182, "max": 9.80692005157, "mean": 6.52199459076, "median": 6.61640882492, "min": 3.46796250343, "var": 0.253570735455}, "spectral_flux": {"dmean": 0.0122042605653, "dmean2": 0.0200223084539, "dvar": 0.000436230679043, "dvar2": 0.001080281334, "max": 0.518841147423, "mean": 0.0408111661673, "median": 0.0333871394396, "min": 1.02597874641e-10, "var": 0.00108974042814}, "spectral_kurtosis": {"dmean": 4.95650434494, "dmean2": 8.59915161133, "dvar": 60.542842865, "dvar2": 167.625991821, "max": 285.399291992, "mean": 17.9745483398, "median": 9.19564342499, "min": -1.18713665009, "var": 614.239379883}, "spectral_rms": {"dmean": 0.000430935324403, "dmean2": 0.000598088314291, "dvar": 4.39693053522e-07, "dvar2": 8.04338185389e-07, "max": 0.0288425087929, "mean": 0.00336883380078, "median": 0.00302639743313, "min": 3.20461907878e-12, "var": 3.9976921471e-06}, "spectral_rolloff": {"dmean": 311.186798096, "dmean2": 535.255737305, "dvar": 351237.3125, "dvar2": 763734.8125, "max": 19659.8144531, "mean": 1478.78930664, "median": 1119.7265625, "min": 193.798828125, "var": 2817091}, "spectral_skewness": {"dmean": 0.381634771824, "dmean2": 0.663520216942, "dvar": 0.194955736399, "dvar2": 0.568881332874, "max": 13.9246587753, "mean": 2.57738399506, "median": 1.99327540398, "min": 0.00271543464623, "var": 2.51691746712}, "spectral_spread": {"dmean": 240380.21875, "dmean2": 397084.90625, "dvar": 202933698560, "dvar2": 316748300288, "max": 40222936, "mean": 2743011, "median": 2694899.75, "min": 287475.9375, "var": 1287858159620.0}, "spectral_strongpeak": {"dmean": 0.531328976154, "dmean2": 0.860280990601, "dvar": 1.39994823933, "dvar2": 3.59856414795, "max": 28.1868286133, "mean": 1.42403578758, "median": 1.05656349659, "min": 0, "var": 2.53117132187}, "zerocrossingrate": {"dmean": 0.00612872373313, "dmean2": 0.00727286934853, "dvar": 8.28147240099e-05, "dvar2": 0.000100782926893, "max": 0.51806640625, "mean": 0.0522003769875, "median": 0.04541015625, "min": 0.00830078125, "var": 0.00191111583263}, "barkbands": {"dmean": [3.30910324919e-07, 2.87338443741e-05, 6.80221855873e-05, 8.61173975863e-05, 0.000424988073064, 0.000929544854444, 0.0012453548843, 0.00104275182821, 0.000533617567271, 0.000759527203627, 0.000182169213076, 0.000323180807754, 0.000277445768006, 0.000242275942583, 0.000225215728278, 0.000304961955408, 0.000148680075654, 0.00016114047321, 9.38504599617e-05, 3.84240956919e-05, 2.38524207816e-05, 1.08476851892e-05, 4.95284666613e-06, 9.04097305465e-06, 7.61636010793e-06, 1.88375383914e-06, 9.87559815258e-07], "dmean2": [5.63516891816e-07, 4.34560170106e-05, 0.000108328116767, 0.000125275895698, 0.000564667861909, 0.00123246829025, 0.00183874391951, 0.00154061650392, 0.000775949913077, 0.000928999332245, 0.000277454644674, 0.000515695603099, 0.000456678244518, 0.000399868818931, 0.000373383023543, 0.000525141251273, 0.000251312798355, 0.000274844293017, 0.000158424983965, 6.39311692794e-05, 3.86021019949e-05, 1.71902629518e-05, 7.86810960562e-06, 1.39013263833e-05, 1.06272400444e-05, 2.82028827314e-06, 1.53034557115e-06], "dvar": [8.12361571241e-13, 7.37162864084e-08, 6.19615292408e-08, 9.1297124527e-08, 9.24735388708e-07, 9.18461410038e-06, 2.67380164587e-05, 1.3576684978e-05, 1.10452265289e-05, 9.15276250453e-05, 6.90948752435e-07, 1.24360997233e-06, 9.19482658901e-07, 7.40301913993e-07, 5.24991492057e-07, 7.3307802495e-07, 2.58126476638e-07, 2.50555530101e-07, 6.26548697369e-08, 1.06638218256e-08, 5.62130075821e-09, 1.53441348516e-09, 2.23345453243e-10, 1.50491672457e-08, 6.07054051471e-09, 1.61821681055e-10, 1.15215094409e-11], "dvar2": [2.25202495541e-12, 1.39453717907e-07, 1.58099695113e-07, 2.41310658566e-07, 1.71250349013e-06, 2.15643594856e-05, 5.75320154894e-05, 2.69206739176e-05, 2.41698962782e-05, 0.000147746497532, 1.58936586558e-06, 3.24580514643e-06, 2.44262287197e-06, 1.85438648259e-06, 1.44870534768e-06, 2.18922855311e-06, 7.38750088658e-07, 7.1543405511e-07, 1.81158640089e-07, 3.00801943354e-08, 1.42289255933e-08, 3.91704491065e-09, 5.57895951658e-10, 3.08945260485e-08, 1.08139968091e-08, 3.85459220098e-10, 2.83658131706e-11], "max": [2.9896167689e-05, 0.018373850733, 0.00877980794758, 0.00890666432679, 0.0302512869239, 0.105690762401, 0.263224035501, 0.170823723078, 0.15946161747, 0.844344735146, 0.0264096856117, 0.0418875962496, 0.0227115303278, 0.0328579843044, 0.0215520970523, 0.0199022423476, 0.0126595133916, 0.0131626091897, 0.00556058669463, 0.00274061504751, 0.00212871958502, 0.00109254743438, 0.000472459912999, 0.00431219348684, 0.0036065839231, 0.000585435715038, 0.000110517736175], "mean": [4.05108579571e-07, 0.000165382371051, 0.000191275772522, 0.000323798682075, 0.00117485155351, 0.00294837565161, 0.00316225783899, 0.00202652998269, 0.000945707724895, 0.0014627041528, 0.000335748714861, 0.000509783392772, 0.000405687926104, 0.000370429508621, 0.000339135411195, 0.000466559751658, 0.000248577649472, 0.000286932307063, 0.000171766310814, 7.24466372048e-05, 4.89280864713e-05, 2.15838899749e-05, 1.17986155601e-05, 1.55513262143e-05, 1.48683720909e-05, 5.23117296325e-06, 4.10661277783e-06], "median": [6.84248178118e-08, 2.50769085142e-06, 1.8534319679e-05, 2.41610268858e-05, 0.000467843841761, 0.000943697348703, 0.000446640769951, 0.00052056950517, 0.000169661390828, 9.03980835574e-05, 2.17889628402e-05, 7.31524050934e-05, 5.19216009707e-05, 7.33241686248e-05, 8.88669746928e-05, 0.000112847956188, 4.39038340119e-05, 7.88958495832e-05, 3.1386698538e-05, 2.50825323747e-05, 1.16783130579e-05, 2.63400602307e-06, 1.93851042241e-06, 1.16396608973e-06, 7.06380376414e-07, 3.5934002085e-07, 4.86697274482e-07], "min": [1.26118427247e-23, 8.38410520855e-24, 4.17250305332e-23, 1.51161936866e-23, 7.90142961964e-23, 1.960861928e-23, 2.94260705539e-23, 2.89977632586e-23, 6.24562383245e-23, 5.09493483365e-23, 9.69787794664e-23, 4.78918843955e-23, 8.33621819616e-23, 1.35635077969e-22, 1.03774008371e-22, 9.89092924954e-23, 1.97774156345e-22, 1.58681213864e-22, 4.01626252461e-22, 3.15181006445e-22, 4.06708561418e-22, 4.80885770803e-22, 7.72667976352e-22, 9.65407824348e-22, 1.36208434697e-21, 1.35639909585e-21, 2.50507609544e-21], "var": [1.05365889624e-12, 6.70063911912e-07, 1.94316001512e-07, 5.51650373382e-07, 4.11773771702e-06, 3.66398780898e-05, 7.54046195652e-05, 3.12412812491e-05, 1.80799906957e-05, 0.000280025269603, 1.62911067036e-06, 2.0838817818e-06, 1.72027682765e-06, 1.377498279e-06, 8.09314713024e-07, 1.2326322576e-06, 5.23679943853e-07, 5.56202223834e-07, 1.79165112968e-07, 2.32513688303e-08, 1.46248719801e-08, 3.39368111391e-09, 7.62587715197e-10, 2.18906670568e-08, 1.28409407552e-08, 3.65988989115e-10, 1.17387835563e-10]}, "erbbands": {"dmean": [0.000357282784535, 0.0083545697853, 0.0542471408844, 0.21612367034, 0.318613559008, 1.3280518055, 5.47996234894, 8.9837884903, 17.8419494629, 16.0752563477, 21.7674102783, 11.6953201294, 18.2876873016, 16.9255657196, 10.5820960999, 9.45680332184, 10.3708124161, 10.4632987976, 10.8595685959, 12.3673086166, 18.6776275635, 7.56963253021, 9.10410785675, 4.77982568741, 4.18103981018, 1.68686819077, 1.30030274391, 0.508720636368, 0.381359249353, 0.238371327519, 0.128998026252, 0.0727274492383, 0.233028948307, 0.156947731972, 0.0231869481504, 0.0104737374932, 0.00320871267468, 0.00073320325464, 0.00019578091451, 1.77274541784e-05], "dmean2": [0.000515679188538, 0.0127040026709, 0.0868642106652, 0.32389035821, 0.424540042877, 1.8736358881, 6.98940706253, 12.1407670975, 27.2005405426, 22.3018398285, 31.9281787872, 16.8922309875, 22.7784748077, 22.058965683, 16.3806858063, 14.848780632, 16.7987327576, 17.2832527161, 17.5867958069, 21.0612640381, 32.2896118164, 12.8141536713, 15.5086145401, 8.11789035797, 7.02778863907, 2.76550412178, 2.13864445686, 0.824917018414, 0.625271260738, 0.370104193687, 0.205471590161, 0.112926252186, 0.356505274773, 0.222603574395, 0.0341122969985, 0.0160875301808, 0.00478335795924, 0.00107010651845, 0.000304800720187, 2.7668525945e-05], "dvar": [1.24720754684e-05, 0.00537594826892, 0.0378660149872, 0.624797046185, 0.548624455929, 10.0119066238, 233.414916992, 983.712768555, 7034.86035156, 2030.00024414, 6541.69287109, 7106.09326172, 44430.6367188, 26798.0058594, 988.867126465, 1007.72705078, 1592.31237793, 1201.22570801, 1387.69775391, 1732.54394531, 2944.24658203, 518.918334961, 756.739013672, 139.644165039, 161.372070312, 20.2155818939, 19.583240509, 1.86381423473, 1.35206127167, 1.50785195827, 0.251757442951, 0.071662388742, 12.8526134491, 2.82579612732, 0.0233130734414, 0.0111919753253, 0.000155905043357, 8.00702764536e-06, 4.5698033091e-07, 3.79296327679e-09], "dvar2": [1.8706676201e-05, 0.0103885559365, 0.0962977260351, 1.64297568798, 1.04634022713, 23.4346847534, 421.999633789, 2348.58081055, 15789.0302734, 3755.09594727, 12794.1191406, 15970.5654297, 72680.2734375, 46603.3671875, 2324.50292969, 2425.81518555, 4026.94165039, 2816.27294922, 3428.92724609, 5058.16455078, 8698.82128906, 1419.21118164, 2148.99707031, 411.119476318, 450.633789062, 54.5619087219, 50.3830108643, 4.7104101181, 3.69862985611, 3.59138798714, 0.632299304008, 0.15822198987, 26.2712879181, 5.07285785675, 0.0418606363237, 0.0270022712648, 0.000338636629749, 1.57078466145e-05, 1.15417697089e-06, 1.06517532572e-08], "max": [0.297349870205, 5.07972574234, 7.50313234329, 25.7630844116, 22.4567699432, 89.5082778931, 622.824890137, 968.271972656, 3952.46191406, 1677.61535645, 3354.40600586, 4343.21240234, 19321.3632812, 11162.5341797, 877.257507324, 1157.73632812, 1130.57556152, 1726.5559082, 1424.57751465, 1280.10583496, 1287.26574707, 602.651062012, 714.59588623, 241.07194519, 376.835632324, 133.12348938, 130.433639526, 33.9301986694, 27.0650939941, 43.0834960938, 20.24949646, 7.7395067215, 125.992630005, 78.4060058594, 6.86651229858, 5.20882034302, 0.407949835062, 0.121147088706, 0.0193729642779, 0.00227723363787], "mean": [0.00209613819607, 0.0469728857279, 0.183068588376, 0.802914500237, 1.17848086357, 3.48782157898, 14.8945083618, 29.6137390137, 46.2481040955, 38.3568115234, 42.8261413574, 21.4787750244, 36.5065116882, 33.1298713684, 19.4956188202, 16.4900894165, 17.0404872894, 17.1865520477, 17.9241695404, 20.7345676422, 29.2944107056, 13.7910070419, 16.3930797577, 9.31428718567, 8.36490726471, 3.63841938972, 2.81237506866, 1.08630514145, 0.83541738987, 0.524054527283, 0.309852778912, 0.17350268364, 0.367763131857, 0.271356403828, 0.0539171285927, 0.0257714577019, 0.00903639383614, 0.00253846053965, 0.000706738326699, 6.90429442329e-05], "median": [8.45085814944e-05, 0.00130290223751, 0.020625738427, 0.114256314933, 0.294059872627, 1.30654263496, 4.52668523788, 7.71093511581, 8.66040992737, 11.4912137985, 11.2365264893, 4.86161422729, 4.50903987885, 3.97881269455, 3.9449441433, 3.51077914238, 2.81612229347, 4.15195989609, 5.261698246, 6.23758935928, 7.16993713379, 3.95950031281, 4.74979686737, 3.16436624527, 1.89838635921, 1.36173593998, 0.670177400112, 0.254915058613, 0.11426897347, 0.0761422291398, 0.0542642325163, 0.0290828887373, 0.0142516512424, 0.00905650854111, 0.00525424955413, 0.00186739524361, 0.000643772014882, 0.000181299255928, 6.55105759506e-05, 2.30548139371e-05], "min": [1.83501062484e-22, 2.94107035435e-21, 3.56256414692e-20, 6.46335278453e-20, 1.17073108067e-19, 3.41166378497e-19, 1.61474095398e-19, 2.36472428963e-19, 5.03181359543e-19, 3.85020806238e-19, 7.70507263462e-19, 1.07597462052e-18, 2.09686583649e-18, 1.71226841748e-18, 4.23084064962e-18, 2.1359300613e-18, 3.86247189384e-18, 6.04390805577e-18, 6.51821300542e-18, 5.43892842168e-18, 6.16416067809e-18, 1.23092515343e-17, 9.28667980934e-18, 9.76227226561e-18, 2.47463190169e-17, 1.52180569738e-17, 1.5705744465e-17, 1.69380384369e-17, 1.736567427e-17, 1.93445583017e-17, 2.37261257346e-17, 2.05485378813e-17, 1.60762800204e-17, 1.14291594867e-17, 1.11948291454e-17, 5.03336590324e-18, 2.61131882435e-18, 1.35762155409e-18, 2.93505549921e-19, 4.02728229299e-20], "var": [0.00014883246331, 0.0473954342306, 0.153035596013, 3.43386173248, 4.65852403641, 37.5219955444, 940.354797363, 4152.59472656, 19234.1347656, 8273.32910156, 14436.3251953, 10770.5292969, 133844.515625, 74018.828125, 2297.16088867, 2204.8059082, 3496.19042969, 2489.09472656, 2358.30053711, 2978.06787109, 4823.06884766, 1186.3828125, 1605.74108887, 322.459014893, 519.721130371, 56.0807304382, 55.2603416443, 4.96510362625, 4.22882223129, 2.7655608654, 0.743256986141, 0.223749428988, 18.6601390839, 5.83852052689, 0.0547001324594, 0.0205734614283, 0.000643041043077, 5.09336096002e-05, 3.53064888259e-06, 2.31197212486e-08]}, "gfcc": {"mean": [-105.903930664, 95.8549957275, -157.388153076, -18.5132923126, -62.6656417847, -33.5434989929, -49.8355255127, -5.3072552681, -19.7045001984, -1.46884942055, -12.0818901062, -3.06776356697, -7.68294715881], "cov": [[14310.4775391, -764.039916992, -607.579833984, 425.983093262, -411.116851807, 137.585205078, -62.5611572266, 102.991958618, -414.555664062, -159.934707642, -256.793914795, 0.245313927531, -188.512557983], [-764.039916992, 3528.13867188, 1454.44689941, -239.031280518, 858.836364746, -57.4693145752, 194.166107178, -311.24621582, 188.547653198, -273.113922119, -27.6603527069, -281.259185791, -0.1974529773], [-607.579833984, 1454.44689941, 1651.95776367, -11.4241991043, 663.049682617, 213.923034668, 163.184997559, -100.713035583, 69.4553222656, -179.237121582, -134.693786621, -133.5806427, -81.2472610474], [425.983093262, -239.031280518, -11.4241991043, 474.178222656, 13.5309925079, 100.400405884, 33.5896987915, 71.6341400146, -53.7531700134, 11.7284154892, -18.2808227539, -18.4760322571, -41.8956680298], [-411.116851807, 858.836364746, 663.049682617, 13.5309925079, 503.946716309, 122.809181213, 124.208518982, -80.088142395, 53.0866279602, -95.9101867676, -62.1313819885, -74.8216400146, -40.7033157349], [137.585205078, -57.4693145752, 213.923034668, 100.400405884, 122.809181213, 286.022216797, 73.5378799438, 47.4010467529, -41.0742301941, -26.5024089813, -27.4204330444, 13.8514785767, -10.9810819626], [-62.5611572266, 194.166107178, 163.184997559, 33.5896987915, 124.208518982, 73.5378799438, 170.143203735, 13.69328022, 23.7215824127, -19.2381763458, -10.8137588501, -3.92572784424, -15.6845197678], [102.991958618, -311.24621582, -100.713035583, 71.6341400146, -80.088142395, 47.4010467529, 13.69328022, 175.263458252, 22.469575882, 56.0203590393, 13.4906177521, 4.14828968048, -11.6426897049], [-414.555664062, 188.547653198, 69.4553222656, -53.7531700134, 53.0866279602, -41.0742301941, 23.7215824127, 22.469575882, 153.911865234, 66.391494751, 46.3311195374, -4.28780269623, -1.04580640793], [-159.934707642, -273.113922119, -179.237121582, 11.7284154892, -95.9101867676, -26.5024089813, -19.2381763458, 56.0203590393, 66.391494751, 155.817077637, 76.3913345337, 40.5898246765, 2.98014760017], [-256.793914795, -27.6603527069, -134.693786621, -18.2808227539, -62.1313819885, -27.4204330444, -10.8137588501, 13.4906177521, 46.3311195374, 76.3913345337, 145.108200073, 59.6188659668, 35.4439315796], [0.245313927531, -281.259185791, -133.5806427, -18.4760322571, -74.8216400146, 13.8514785767, -3.92572784424, 4.14828968048, -4.28780269623, 40.5898246765, 59.6188659668, 132.600219727, 43.5846748352], [-188.512557983, -0.1974529773, -81.2472610474, -41.8956680298, -40.7033157349, -10.9810819626, -15.6845197678, -11.6426897049, -1.04580640793, 2.98014760017, 35.4439315796, 43.5846748352, 116.555709839]], "icov": [[8.43410016387e-05, -5.213937402e-05, 4.30760228483e-05, -5.20289686392e-05, 0.000101729841845, -4.97168693983e-05, 1.54311546794e-05, -5.80831765546e-05, 0.000151242435095, 8.745400919e-06, 0.000177121968591, -0.000145103826071, 0.000176294735866], [-5.213937402e-05, 0.00101310864557, -0.00043931932305, 0.000204208568903, -0.000821597699542, 0.000554209633265, -0.000407872052165, 0.000778046320193, -0.000686699349899, 0.00104293937329, -0.00149739300832, 0.00175948278047, -0.000762732583098], [4.30760228483e-05, -0.00043931932305, 0.00160160951782, 2.29251436394e-05, -0.0010927352123, -0.000753295142204, 0.00029857235495, -0.000267835828708, -0.000293983583106, 0.000238036111114, 0.000958120275754, -0.000568313640542, 0.000666879001074], [-5.20289686392e-05, 0.000204208568903, 2.29251436394e-05, 0.00270085339434, -0.000562214059755, -0.000389269000152, -0.000380352168577, -0.000749483646359, 0.00122995185666, -0.000570873206016, -0.000517106149346, 0.000885197950993, 0.000395805895096], [0.000101729841845, -0.000821597699542, -0.0010927352123, -0.000562214059755, 0.00652511976659, -0.00196609599516, -0.00144079711754, 0.00174542726018, -0.00184162973892, 0.000534964550752, 0.00126228516456, -0.000234053106396, 0.000946731597651], [-4.97168693983e-05, 0.000554209633265, -0.000753295142204, -0.000389269000152, -0.00196609599516, 0.00615073414519, -0.00137575936969, -0.00198917882517, 0.00237938854843, -6.24982494628e-05, -0.00055147940293, -0.000775798456743, -0.000754685839638], [1.54311546794e-05, -0.000407872052165, 0.00029857235495, -0.000380352168577, -0.00144079711754, -0.00137575936969, 0.00822359230369, -0.00136094086338, -0.00120133312885, 0.000754883105401, 0.000551201228518, -0.00181954912841, 0.000916289165616], [-5.80831765546e-05, 0.000778046320193, -0.000267835828708, -0.000749483646359, 0.00174542726018, -0.00198917882517, -0.00136094086338, 0.00935040134937, -0.00291374395601, -0.000932245922741, -0.000502179260366, 0.00262042460963, -0.00020520221733], [0.000151242435095, -0.000686699349899, -0.000293983583106, 0.00122995185666, -0.00184162973892, 0.00237938854843, -0.00120133312885, -0.00291374395601, 0.0132883870974, -0.00647103553638, -0.00102056807373, -1.30168491523e-05, 0.000208856989047], [8.745400919e-06, 0.00104293937329, 0.000238036111114, -0.000570873206016, 0.000534964550752, -6.24982494628e-05, 0.000754883105401, -0.000932245922741, -0.00647103553638, 0.0146185345948, -0.00521345483139, -4.72598403576e-05, 0.0013372504618], [0.000177121968591, -0.00149739300832, 0.000958120275754, -0.000517106149346, 0.00126228516456, -0.00055147940293, 0.000551201228518, -0.000502179260366, -0.00102056807373, -0.00521345483139, 0.0139616699889, -0.00596135528758, -0.000713539135177], [-0.000145103826071, 0.00175948278047, -0.000568313640542, 0.000885197950993, -0.000234053106396, -0.000775798456743, -0.00181954912841, 0.00262042460963, -1.30168491523e-05, -4.72598403576e-05, -0.00596135528758, 0.0146883474663, -0.00412623304874], [0.000176294735866, -0.000762732583098, 0.000666879001074, 0.000395805895096, 0.000946731597651, -0.000754685839638, 0.000916289165616, -0.00020520221733, 0.000208856989047, 0.0013372504618, -0.000713539135177, -0.00412623304874, 0.0115605015308]]}, "melbands": {"dmean": [5.69792200622e-06, 2.33790615312e-05, 3.78400654881e-05, 4.38623865193e-05, 0.000168599028257, 0.000198069566977, 0.000260977656581, 0.000191902465303, 0.000160633673659, 7.23883276805e-05, 9.96185553959e-05, 8.2092032244e-05, 3.38349382218e-05, 4.12897097704e-05, 1.69873546838e-05, 2.69701886282e-05, 1.93042760657e-05, 2.04864099942e-05, 1.45004769365e-05, 1.88937610801e-05, 2.14233969018e-05, 8.07099058875e-06, 7.44656153984e-06, 1.03711636257e-05, 3.1866018162e-06, 4.09438462157e-06, 1.96220935322e-06, 1.09069617338e-06, 1.19059336612e-06, 3.01971283534e-07, 3.24676022956e-07, 2.33674128935e-07, 2.13259752968e-07, 1.29164732243e-07, 9.66332009966e-08, 4.88035354351e-08, 4.29007727121e-08, 1.45104692706e-07, 1.43764594895e-07, 1.58705162789e-07], "dmean2": [8.40253414935e-06, 3.67188549717e-05, 5.45283983229e-05, 6.31240109215e-05, 0.000216488231672, 0.000269571435638, 0.000393072870793, 0.000270939257462, 0.000235372965108, 0.000105332466774, 0.000122867524624, 0.00010480376659, 5.17774205946e-05, 6.63192549837e-05, 2.65886992565e-05, 4.43362150691e-05, 3.2022700907e-05, 3.3354270272e-05, 2.42548685492e-05, 3.25410946971e-05, 3.69441695511e-05, 1.35781474455e-05, 1.2805762708e-05, 1.76097983058e-05, 5.35711023986e-06, 6.90968636263e-06, 3.24642633132e-06, 1.78868970124e-06, 1.96397650143e-06, 4.87826639528e-07, 5.24321478679e-07, 3.84259919883e-07, 3.39746918598e-07, 2.01848806114e-07, 1.53996779773e-07, 7.79408395601e-08, 6.52318732364e-08, 2.26858915653e-07, 2.08840916116e-07, 2.25855544045e-07], "dvar": [3.16579162885e-09, 8.96245122561e-09, 1.42939677872e-08, 1.11909361777e-08, 2.00631575353e-07, 4.6764569106e-07, 1.40742974963e-06, 2.93254458938e-07, 3.97264244612e-07, 2.22893902446e-07, 1.41527152664e-06, 7.2094422876e-07, 1.35201609908e-08, 2.23593090709e-08, 5.66661340073e-09, 8.24975288083e-09, 3.95165145051e-09, 5.89195270351e-09, 2.13244288894e-09, 2.56203702698e-09, 3.99958555164e-09, 7.42986672186e-10, 8.58427440242e-10, 1.24246946065e-09, 8.82584699768e-11, 1.45241790817e-10, 4.08366118698e-11, 1.18721005249e-11, 1.84786144719e-11, 9.12478426152e-13, 1.17592816994e-12, 5.36504705679e-13, 1.26642533266e-12, 2.73373798642e-13, 1.76092904906e-13, 2.35560438614e-14, 3.67852178839e-14, 4.84720250049e-12, 3.45020388128e-12, 4.38808798325e-12], "dvar2": [5.52481838056e-09, 2.072851224e-08, 3.61840832852e-08, 2.91082837833e-08, 3.61686034012e-07, 1.11668418867e-06, 3.1001309253e-06, 5.72579381242e-07, 7.92254979842e-07, 5.02607406361e-07, 2.29885995395e-06, 1.21168216083e-06, 2.97228464063e-08, 5.91570774588e-08, 1.43022793608e-08, 2.08662456203e-08, 9.54600665182e-09, 1.47202667833e-08, 6.09580430577e-09, 7.79733699829e-09, 1.16838583253e-08, 1.98361327364e-09, 2.53807175277e-09, 3.50494455681e-09, 2.60272386976e-10, 4.11853551263e-10, 1.15076316531e-10, 3.25574879556e-11, 4.80837418493e-11, 2.44159141689e-12, 3.02153744733e-12, 1.44417388204e-12, 3.31327933839e-12, 6.216348508e-13, 4.37389490945e-13, 6.10362997124e-14, 7.75151427421e-14, 9.89162397824e-12, 6.93470498039e-12, 7.85194478881e-12], "max": [0.00374663877301, 0.00544290756807, 0.00361291226, 0.00278191524558, 0.0171118844301, 0.020899888128, 0.0604538358748, 0.021068032831, 0.0223472099751, 0.0234557390213, 0.109223090112, 0.0642542615533, 0.00404816493392, 0.00590507872403, 0.00209929002449, 0.00222856830806, 0.00295194867067, 0.00326353148557, 0.00167927739676, 0.00124032131862, 0.00137776741758, 0.0007260319544, 0.000879235507455, 0.00104480027221, 0.000227220050874, 0.00036961902515, 0.00014461959654, 0.000128325234982, 0.000132046829094, 4.48940481874e-05, 3.12520023726e-05, 2.20471101784e-05, 3.82071193599e-05, 2.06693257496e-05, 1.8083192117e-05, 3.39730718224e-06, 7.34519517209e-06, 7.73983338149e-05, 6.04262131674e-05, 0.000100741432107], "mean": [3.37920719176e-05, 8.7840242486e-05, 0.000142213568324, 0.000131955632241, 0.000458962400444, 0.000647305569146, 0.000676059629768, 0.000427986029536, 0.000306999543682, 0.000127967228764, 0.000197884568479, 0.00015928663197, 6.22709994786e-05, 6.41025835648e-05, 2.93349112326e-05, 4.18504532718e-05, 3.03463457385e-05, 3.17414487654e-05, 2.32328911807e-05, 2.95541849482e-05, 3.28550231643e-05, 1.35743430292e-05, 1.16818237075e-05, 1.80246515811e-05, 5.61272781852e-06, 7.74191903474e-06, 3.47404920831e-06, 2.10882876672e-06, 2.34689673562e-06, 6.21505932941e-07, 6.05442210144e-07, 4.6165402523e-07, 4.10554065411e-07, 2.67292193712e-07, 2.1078361101e-07, 1.01296855348e-07, 9.34071806569e-08, 2.28176133987e-07, 2.23405692168e-07, 2.70598917496e-07], "median": [6.37195626041e-07, 6.6882766987e-06, 2.77061826637e-05, 5.0438917242e-05, 0.000139683586895, 0.000172068976099, 0.000137729482958, 0.000134161178721, 6.99472002452e-05, 2.307714567e-05, 2.19894118345e-05, 1.49121797222e-05, 8.94498498383e-06, 8.25038023322e-06, 3.14205544782e-06, 6.21751723884e-06, 6.7576688707e-06, 6.51311847832e-06, 6.17700288785e-06, 8.11483914731e-06, 6.16872193859e-06, 2.42902751779e-06, 2.58901582129e-06, 3.73307125301e-06, 1.58717341492e-06, 1.36048845434e-06, 7.89113641986e-07, 6.60814691855e-07, 4.53399991329e-07, 1.34152429609e-07, 1.02201248353e-07, 5.64665079139e-08, 3.54524800628e-08, 3.60319596382e-08, 3.05617788854e-08, 1.74111498552e-08, 1.26244374954e-08, 9.00568952744e-09, 6.68515909297e-09, 6.09808514795e-09], "min": [2.48374216794e-24, 1.3768805061e-23, 1.18229258104e-23, 1.63342201678e-23, 8.62187340741e-24, 4.7887820973e-24, 7.27341508641e-24, 4.5556101965e-24, 6.23073424063e-24, 7.74996359267e-24, 1.09840598013e-23, 6.59730488708e-24, 1.28813247097e-23, 8.25572440712e-24, 7.11310277325e-24, 7.25190363839e-24, 1.24518538446e-23, 1.12955131307e-23, 6.26248352548e-24, 7.88408572378e-24, 6.89618495698e-24, 1.37399721949e-23, 1.09598370383e-23, 5.76273383114e-24, 7.25362651061e-24, 1.67363672578e-23, 1.45310624211e-23, 9.30476504951e-24, 1.05613660401e-23, 9.26426335292e-24, 9.13231768905e-24, 9.27156031629e-24, 1.04470624615e-23, 1.07752017768e-23, 1.34740850491e-23, 1.44450292507e-23, 1.1024027439e-23, 1.06516803586e-23, 1.07743987164e-23, 9.20982248413e-24], "var": [3.21304902684e-08, 5.22845624573e-08, 8.48728021197e-08, 5.14903248927e-08, 8.35645266761e-07, 1.90449372894e-06, 3.6909739265e-06, 9.6753433354e-07, 8.19176420919e-07, 3.46872013779e-07, 4.30919408245e-06, 2.09632071346e-06, 3.59608804956e-08, 3.57342955226e-08, 1.22312222572e-08, 1.65735922764e-08, 7.93216869965e-09, 1.01207096037e-08, 3.63836738515e-09, 4.57913440499e-09, 6.66874644395e-09, 1.75184744489e-09, 1.21550780552e-09, 2.74974065739e-09, 1.81296130886e-10, 4.95410379386e-10, 7.66397015295e-11, 3.05847326632e-11, 4.80634282374e-11, 3.7603618136e-12, 2.64644339429e-12, 1.46730490171e-12, 2.24900003135e-12, 7.28647339947e-13, 4.91450630191e-13, 6.94898104987e-14, 1.18842815363e-13, 7.06371072745e-12, 5.31057186073e-12, 9.18985026965e-12]}, "mfcc": {"mean": [-747.095214844, 141.457366943, -44.806552887, 3.31178092957, -13.5227918625, -27.436706543, -25.7395839691, -18.9324455261, -12.8268861771, -6.56585502625, -8.68721580505, -5.37512588501, -0.265706837177], "cov": [[9199.3828125, -341.222808838, -812.88684082, 341.573547363, -417.705566406, -127.807289124, 63.4179916382, 74.2493972778, -103.674827576, -87.8090744019, -87.0542678833, -327.785675049, -110.796722412], [-341.222808838, 3422.43164062, 1035.22814941, 83.8585281372, 632.737731934, 352.711090088, 137.51411438, 146.138580322, 163.791183472, 31.5027637482, -46.0532264709, -3.96965122223, -98.0905609131], [-812.88684082, 1035.22814941, 1078.04650879, 60.3326835632, 441.32901001, 304.561981201, 196.095336914, 173.891296387, 163.53137207, -10.5093870163, 24.7815876007, 23.4602069855, -104.346664429], [341.573547363, 83.8585281372, 60.3326835632, 331.647155762, 63.2127342224, 47.4951629639, 51.2723579407, 35.3542938232, 11.3969745636, 60.1259880066, 30.4265518188, 2.2923374176, -21.2293548584], [-417.705566406, 632.737731934, 441.32901001, 63.2127342224, 378.453491211, 206.926177979, 111.665878296, 106.408233643, 99.3609848022, 31.3797798157, 11.3517618179, 16.2014350891, -53.2837753296], [-127.807289124, 352.711090088, 304.561981201, 47.4951629639, 206.926177979, 289.232452393, 131.683013916, 119.055130005, 66.0747680664, 20.2364749908, -11.1550607681, -8.59392738342, -20.8866691589], [63.4179916382, 137.51411438, 196.095336914, 51.2723579407, 111.665878296, 131.683013916, 208.844787598, 110.170303345, 66.5721054077, 8.80956935883, 13.4263820648, -6.03204059601, -17.487739563], [74.2493972778, 146.138580322, 173.891296387, 35.3542938232, 106.408233643, 119.055130005, 110.170303345, 177.005386353, 65.1568527222, 21.6663417816, -7.19498538971, -11.3591909409, -10.578666687], [-103.674827576, 163.791183472, 163.53137207, 11.3969745636, 99.3609848022, 66.0747680664, 66.5721054077, 65.1568527222, 148.60168457, 35.9005393982, 30.1260852814, 11.7652540207, -24.8981189728], [-87.8090744019, 31.5027637482, -10.5093870163, 60.1259880066, 31.3797798157, 20.2364749908, 8.80956935883, 21.6663417816, 35.9005393982, 130.645477295, 49.341835022, 31.4053268433, 3.04756641388], [-87.0542678833, -46.0532264709, 24.7815876007, 30.4265518188, 11.3517618179, -11.1550607681, 13.4263820648, -7.19498538971, 30.1260852814, 49.341835022, 158.107803345, 74.2752151489, -1.67627024651], [-327.785675049, -3.96965122223, 23.4602069855, 2.2923374176, 16.2014350891, -8.59392738342, -6.03204059601, -11.3591909409, 11.7652540207, 31.4053268433, 74.2752151489, 178.823379517, 41.4007110596], [-110.796722412, -98.0905609131, -104.346664429, -21.2293548584, -53.2837753296, -20.8866691589, -17.487739563, -10.578666687, -24.8981189728, 3.04756641388, -1.67627024651, 41.4007110596, 188.733428955]], "icov": [[0.000146409249282, -4.53633838333e-05, 0.000158758528414, -0.000187186247786, 0.000171551524545, -2.81676584564e-05, -7.84855656093e-05, -0.000176901128725, -2.53435027844e-05, 0.000195217086002, -8.40209831949e-05, 0.000195649132365, 0.000107060513983], [-4.53633838333e-05, 0.000486447446747, -0.00035427021794, 5.42672714801e-05, -0.000587738235481, 1.6126616174e-05, 0.000188883423107, 0.000205867007026, 1.11550352813e-05, -0.00020843250968, 0.000263051304501, -5.58538067708e-06, -9.02811443666e-05], [0.000158758528414, -0.00035427021794, 0.00247050379403, -0.000205885458854, -0.00123904610518, -0.000638647587039, -0.000435038673459, -0.000609506038018, -0.000742660777178, 0.00144102599006, -0.000545159273315, -0.000141133772559, 0.000661717611365], [-0.000187186247786, 5.42672714801e-05, -0.000205885458854, 0.00377510371618, -0.000616533623543, 7.1383343311e-05, -0.000669620058034, 0.000118348943943, 0.000908331014216, -0.00189018063247, -0.000264982198132, 2.86260928988e-05, 0.000149265863001], [0.000171551524545, -0.000587738235481, -0.00123904610518, -0.000616533623543, 0.00732473330572, -0.00250922306441, -1.74037504621e-05, -0.000448186096037, -0.00113935803529, -0.000494036998134, 7.33966808184e-05, -0.0003830405185, 0.000746716395952], [-2.81676584564e-05, 1.6126616174e-05, -0.000638647587039, 7.1383343311e-05, -0.00250922306441, 0.00747394561768, -0.00216768030077, -0.00166490592528, 0.00062603643164, -0.000802585855126, 0.000883466331288, 0.000284984562313, -0.000487800571136], [-7.84855656093e-05, 0.000188883423107, -0.000435038673459, -0.000669620058034, -1.74037504621e-05, -0.00216768030077, 0.0088056428358, -0.00323945307173, -0.00139712751843, 0.0011842319509, -0.00107404647861, 0.000279053376289, -0.000148401013575], [-0.000176901128725, 0.000205867007026, -0.000609506038018, 0.000118348943943, -0.000448186096037, -0.00166490592528, -0.00323945307173, 0.0104158297181, -0.00180622423068, -0.00148483808152, 0.00140357855707, 0.000206009251997, -0.000594685378019], [-2.53435027844e-05, 1.11550352813e-05, -0.000742660777178, 0.000908331014216, -0.00113935803529, 0.00062603643164, -0.00139712751843, -0.00180622423068, 0.0102344620973, -0.00233523081988, -0.00117217202205, 0.000106520608824, 0.000553492456675], [0.000195217086002, -0.00020843250968, 0.00144102599006, -0.00189018063247, -0.000494036998134, -0.000802585855126, 0.0011842319509, -0.00148483808152, -0.00233523081988, 0.0110386060551, -0.00277521717362, -0.000488554709591, -1.52157663251e-05], [-8.40209831949e-05, 0.000263051304501, -0.000545159273315, -0.000264982198132, 7.33966808184e-05, 0.000883466331288, -0.00107404647861, 0.00140357855707, -0.00117217202205, -0.00277521717362, 0.00943139474839, -0.00347393960692, 0.000589812989347], [0.000195649132365, -5.58538067708e-06, -0.000141133772559, 2.86260928988e-05, -0.0003830405185, 0.000284984562313, 0.000279053376289, 0.000206009251997, 0.000106520608824, -0.000488554709591, -0.00347393960692, 0.00796860363334, -0.00175896717701], [0.000107060513983, -9.02811443666e-05, 0.000661717611365, 0.000149265863001, 0.000746716395952, -0.000487800571136, -0.000148401013575, -0.000594685378019, 0.000553492456675, -1.52157663251e-05, 0.000589812989347, -0.00175896717701, 0.00627114484087]]}, "spectral_contrast_coeffs": {"dmean": [0.0409705676138, 0.0375090688467, 0.0353129506111, 0.0292473584414, 0.0199290178716, 0.0124763147905], "dmean2": [0.0663428902626, 0.0582888945937, 0.0548743754625, 0.047632932663, 0.033231716603, 0.0204794760793], "dvar": [0.00110085192136, 0.00112816679757, 0.000904986576643, 0.000585626519751, 0.000259733904386, 0.000119309712318], "dvar2": [0.0029396621976, 0.00260875653476, 0.00218430627137, 0.00155592896044, 0.000712540233508, 0.000313489552354], "max": [-0.236419767141, -0.296894222498, -0.337108194828, -0.396395683289, -0.480132520199, -0.565991044044], "mean": [-0.541638970375, -0.601687908173, -0.668089389801, -0.675820171833, -0.692639529705, -0.746684372425], "median": [-0.535686433315, -0.603950381279, -0.671261131763, -0.680656015873, -0.693533658981, -0.738716006279], "min": [-0.968627274036, -0.966367065907, -0.990271449089, -0.958102524281, -0.958180189133, -0.960823357105], "var": [0.0119913024828, 0.0087302448228, 0.00704861665145, 0.00832845084369, 0.00532387103885, 0.00389352976345]}, "spectral_contrast_valleys": {"dmean": [0.425184220076, 0.277741223574, 0.256093621254, 0.203328207135, 0.141392931342, 0.1329206