{"lowlevel": {"average_loudness": 0.732209265232, "barkbands_crest": {"dmean": 1.31297290325, "dmean2": 2.17060184479, "dvar": 2.37365436554, "dvar2": 6.51595401764, "max": 26.3580188751, "mean": 13.6112804413, "median": 12.8620223999, "min": 3.79530286789, "var": 22.5924396515}, "barkbands_flatness_db": {"dmean": 0.0137172071263, "dmean2": 0.0224516801536, "dvar": 0.000232421196415, "dvar2": 0.000564166810364, "max": 0.532377481461, "mean": 0.403002768755, "median": 0.425127267838, "min": 0.0450558252633, "var": 0.00823956448585}, "barkbands_kurtosis": {"dmean": 2.08295512199, "dmean2": 3.37020111084, "dvar": 23.2448577881, "dvar2": 61.8878288269, "max": 123.274238586, "mean": 7.89161729813, "median": 3.39331531525, "min": -1.83987534046, "var": 207.336532593}, "barkbands_skewness": {"dmean": 0.278030753136, "dmean2": 0.443221360445, "dvar": 0.128483220935, "dvar2": 0.31875115633, "max": 6.87073516846, "mean": 0.512014865875, "median": 0.452383697033, "min": -2.16823410988, "var": 1.28426885605}, "barkbands_spread": {"dmean": 0.735482633114, "dmean2": 1.1034553051, "dvar": 5.25870323181, "dvar2": 11.0306854248, "max": 108.436500549, "mean": 5.277572155, "median": 2.40072202682, "min": 0.181828439236, "var": 169.73815918}, "dissonance": {"dmean": 0.042152762413, "dmean2": 0.0750557556748, "dvar": 0.00226532807574, "dvar2": 0.00710253790021, "max": 0.499946624041, "mean": 0.332720756531, "median": 0.337916433811, "min": 0.118025429547, "var": 0.00641647400334}, "dynamic_complexity": 9.36700344086, "erbbands_crest": {"dmean": 1.46522271633, "dmean2": 2.36864757538, "dvar": 2.60446310043, "dvar2": 6.68371725082, "max": 29.8566322327, "mean": 15.7838068008, "median": 15.1448173523, "min": 2.72879385948, "var": 33.1099891663}, "erbbands_flatness_db": {"dmean": 0.0119867306203, "dmean2": 0.0199114326388, "dvar": 0.000194253560039, "dvar2": 0.000499679066706, "max": 0.544390439987, "mean": 0.383486062288, "median": 0.410611510277, "min": 0.0321194194257, "var": 0.0096113588661}, "erbbands_kurtosis": {"dmean": 1.27731919289, "dmean2": 2.06317901611, "dvar": 2.96984744072, "dvar2": 8.10214424133, "max": 56.3185997009, "mean": 6.46592998505, "median": 4.25620079041, "min": -1.67351078987, "var": 64.6835098267}, "erbbands_skewness": {"dmean": 0.213169142604, "dmean2": 0.338821291924, "dvar": 0.0508477799594, "dvar2": 0.133768752217, "max": 5.17637062073, "mean": 1.26371598244, "median": 1.21363961697, "min": -1.40465688705, "var": 1.19640755653}, "erbbands_spread": {"dmean": 1.04463529587, "dmean2": 1.597671628, "dvar": 4.70221948624, "dvar2": 8.49429416656, "max": 143.950546265, "mean": 8.9616727829, "median": 5.22657203674, "min": 0.701280772686, "var": 273.390350342}, "hfc": {"dmean": 1.32857358456, "dmean2": 1.74855518341, "dvar": 13.1907281876, "dvar2": 20.8329162598, "max": 96.0649642944, "mean": 7.42597961426, "median": 4.50558328629, "min": 1.21035700972e-16, "var": 102.312507629}, "melbands_crest": {"dmean": 1.63834416866, "dmean2": 2.67272377014, "dvar": 3.17009043694, "dvar2": 8.12340831757, "max": 30.2126560211, "mean": 15.3895235062, "median": 14.6688117981, "min": 1.91889977455, "var": 25.585565567}, "melbands_flatness_db": {"dmean": 0.0150226978585, "dmean2": 0.024281680584, "dvar": 0.000288311275654, "dvar2": 0.000633708201349, "max": 0.699585974216, "mean": 0.531068503857, "median": 0.557407975197, "min": 0.00610356358811, "var": 0.0141275534406}, "melbands_kurtosis": {"dmean": 1.74324369431, "dmean2": 2.75592446327, "dvar": 13.8210515976, "dvar2": 36.8906898499, "max": 108.086250305, "mean": 5.94040155411, "median": 3.20984244347, "min": -1.4679158926, "var": 100.724281311}, "melbands_skewness": {"dmean": 0.260659694672, "dmean2": 0.414663046598, "dvar": 0.102927491069, "dvar2": 0.252829343081, "max": 8.47037410736, "mean": 0.793991684914, "median": 0.64302945137, "min": -1.40712857246, "var": 1.60545897484}, "melbands_spread": {"dmean": 1.01475322247, "dmean2": 1.56643593311, "dvar": 12.2617902756, "dvar2": 23.2208576202, "max": 162.925765991, "mean": 7.7809920311, "median": 3.43838644028, "min": 0.529583275318, "var": 423.352172852}, "pitch_salience": {"dmean": 0.0410447828472, "dmean2": 0.0693375393748, "dvar": 0.00222454825416, "dvar2": 0.0063005881384, "max": 0.938160359859, "mean": 0.532548129559, "median": 0.523849666119, "min": 0.12350949645, "var": 0.0205571260303}, "silence_rate_20dB": {"dmean": 0, "dmean2": 0, "dvar": 0, "dvar2": 0, "max": 1, "mean": 1, "median": 1, "min": 1, "var": 0}, "silence_rate_30dB": {"dmean": 0.00421052612364, "dmean2": 0.00842696614563, "dvar": 0.00419273925945, "dvar2": 0.00976012460887, "max": 1, "mean": 0.991584837437, "median": 1, "min": 0, "var": 0.00834417436272}, "silence_rate_60dB": {"dmean": 0.0112280705944, "dmean2": 0.0224719103426, "dvar": 0.0111019043252, "dvar2": 0.0233713556081, "max": 1, "mean": 0.305049091578, "median": 0, "min": 0, "var": 0.211994886398}, "spectral_centroid": {"dmean": 24.9773101807, "dmean2": 35.0509986877, "dvar": 44689.0039062, "dvar2": 51096.28125, "max": 11127.3789062, "mean": 487.733917236, "median": 349.775085449, "min": 181.196975708, "var": 441172.90625}, "spectral_complexity": {"dmean": 0.534736871719, "dmean2": 0.931179761887, "dvar": 0.664237439632, "dvar2": 1.37868273258, "max": 14, "mean": 6.03927087784, "median": 7, "min": 0, "var": 12.0545377731}, "spectral_decrease": {"dmean": 8.57857174186e-10, "dmean2": 1.17232334951e-09, "dvar": 3.55296861917e-18, "dvar2": 5.87182140114e-18, "max": 4.27537993121e-21, "mean": -5.26728705097e-09, "median": -4.02820266032e-09, "min": -4.56233912871e-08, "var": 3.35413234974e-17}, "spectral_energy": {"dmean": 0.00335634103976, "dmean2": 0.00457997992635, "dvar": 5.52364908799e-05, "dvar2": 9.10289018066e-05, "max": 0.18090647459, "mean": 0.0205535050482, "median": 0.0155945569277, "min": 1.10304292346e-20, "var": 0.00051685370272}, "spectral_energyband_high": {"dmean": 1.03080761704e-08, "dmean2": 1.68757310348e-08, "dvar": 3.37100319464e-16, "dvar2": 7.29067092207e-16, "max": 4.68291403877e-07, "mean": 5.08482322914e-08, "median": 4.03143722849e-08, "min": 7.80071545757e-21, "var": 9.20107114889e-16}, "spectral_energyband_low": {"dmean": 0.000603650987614, "dmean2": 0.000945080129895, "dvar": 2.09366226045e-06, "dvar2": 4.61959507447e-06, "max": 0.0385702811182, "mean": 0.00340565829538, "median": 0.00112593022641, "min": 1.53199059713e-22, "var": 2.64935406449e-05}, "spectral_energyband_middle_high": {"dmean": 9.61691766861e-05, "dmean2": 0.000107435938844, "dvar": 1.55415406766e-07, "dvar2": 2.3050770892e-07, "max": 0.0131499310955, "mean": 0.000456151756225, "median": 0.000107265281258, "min": 1.63341998468e-21, "var": 1.06303116354e-06}, "spectral_energyband_middle_low": {"dmean": 0.00306292623281, "dmean2": 0.00416921870783, "dvar": 4.6848126658e-05, "dvar2": 7.63417119742e-05, "max": 0.168236762285, "mean": 0.0171931274235, "median": 0.0107251573354, "min": 3.52715740378e-22, "var": 0.00042246337398}, "spectral_entropy": {"dmean": 0.105371318758, "dmean2": 0.168376579881, "dvar": 0.0212987177074, "dvar2": 0.0503134615719, "max": 9.80371856689, "mean": 5.14452934265, "median": 4.95472955704, "min": 3.81300210953, "var": 0.803497850895}, "spectral_flux": {"dmean": 0.0103897657245, "dmean2": 0.016528563574, "dvar": 0.000421312695835, "dvar2": 0.00103350996505, "max": 0.290058225393, "mean": 0.0237540025264, "median": 0.0169777348638, "min": 1.05025849129e-10, "var": 0.000710500229616}, "spectral_kurtosis": {"dmean": 39.1172866821, "dmean2": 69.325592041, "dvar": 1652.7635498, "dvar2": 4934.94873047, "max": 454.313018799, "mean": 184.888671875, "median": 198.139007568, "min": -1.15561592579, "var": 10696.8623047}, "spectral_rms": {"dmean": 0.000314418110065, "dmean2": 0.000440883246483, "dvar": 2.94607474416e-07, "dvar2": 4.79840934986e-07, "max": 0.013285108842, "mean": 0.00366529077291, "median": 0.00390053819865, "min": 3.28045641866e-12, "var": 6.61782814859e-06}, "spectral_rolloff": {"dmean": 86.8277664185, "dmean2": 134.340270996, "dvar": 306359.125, "dvar2": 589617.8125, "max": 18518.5546875, "mean": 1056.98156738, "median": 387.59765625, "min": 172.265625, "var": 9382396}, "spectral_skewness": {"dmean": 1.13180446625, "dmean2": 1.96274495125, "dvar": 1.42793571949, "dvar2": 4.03067588806, "max": 17.7231941223, "mean": 10.5893621445, "median": 11.6187515259, "min": -0.000368744222214, "var": 14.2877025604}, "spectral_spread": {"dmean": 356201.15625, "dmean2": 622915.75, "dvar": 818023694336, "dvar2": 1110702686210.0, "max": 39204520, "mean": 1517513.25, "median": 805812.25, "min": 202284.46875, "var": 5972783267840.0}, "spectral_strongpeak": {"dmean": 0.205243587494, "dmean2": 0.330681860447, "dvar": 0.186156779528, "dvar2": 0.430944383144, "max": 7.75470638275, "mean": 1.07447195053, "median": 0.68793129921, "min": 2.39970221472e-09, "var": 1.27088034153}, "zerocrossingrate": {"dmean": 0.00259731360711, "dmean2": 0.00324103538878, "dvar": 0.000154595807544, "dvar2": 0.00028129707789, "max": 0.50390625, "mean": 0.0343060381711, "median": 0.01611328125, "min": 0.00537109375, "var": 0.00643228227273}, "barkbands": {"dmean": [5.49645449155e-07, 0.00020470857271, 0.000417430943344, 0.000270775402896, 0.000522203976288, 0.00130037567578, 0.000798992288765, 0.000825215829536, 6.46345943096e-05, 2.34926901612e-05, 5.10028439749e-05, 2.27427099162e-05, 1.03431766547e-05, 5.01623298987e-06, 3.3582141441e-06, 1.86826775916e-06, 3.77181351041e-07, 1.36453095934e-07, 2.04450252284e-08, 4.33585212178e-09, 3.57710927545e-09, 1.41619904692e-09, 1.31775135248e-09, 1.29532795601e-09, 1.42278633319e-09, 1.52170465118e-09, 1.72958769529e-09], "dmean2": [9.76593128144e-07, 0.000321892788634, 0.000652459799312, 0.000396515766624, 0.000764482654631, 0.00208112411201, 0.000933525618166, 0.00111371092498, 7.96282765805e-05, 2.85889927909e-05, 5.70416341361e-05, 3.11677104037e-05, 1.33077928695e-05, 6.72966234561e-06, 4.31805574408e-06, 2.09686209018e-06, 5.09212327415e-07, 1.62398478665e-07, 2.59576609096e-08, 6.1040879018e-09, 5.42813793913e-09, 2.47229747785e-09, 2.32167574055e-09, 2.27339835845e-09, 2.49196974167e-09, 2.6543840459e-09, 2.97495050816e-09], "dvar": [1.65260589501e-12, 2.4952083777e-07, 1.13395162771e-06, 4.77198454973e-07, 1.49957088524e-06, 7.93066101323e-06, 9.91321485344e-06, 1.43892229971e-05, 6.72221531772e-08, 9.23782650375e-09, 7.70845858256e-08, 1.43849030465e-08, 2.62627386505e-09, 2.87954743383e-10, 5.09710884611e-10, 3.32412902759e-10, 7.94028905127e-12, 3.94201121398e-12, 7.49768916251e-15, 1.39386616835e-16, 9.75327535296e-17, 3.63863227059e-18, 2.45624686132e-18, 2.2001124526e-18, 2.15657235349e-18, 2.22139663694e-18, 2.67492405037e-18], "dvar2": [5.20626380549e-12, 5.10033885348e-07, 2.56629459727e-06, 9.46875218233e-07, 2.88537557935e-06, 1.77929796337e-05, 1.16976743811e-05, 2.50754837907e-05, 1.15403707923e-07, 1.44443674799e-08, 1.14846514521e-07, 2.50207516928e-08, 4.44213421602e-09, 5.0165926968e-10, 8.03235811198e-10, 4.3938880312e-10, 1.49571726532e-11, 7.58870223605e-12, 1.36009444064e-14, 1.95593380639e-16, 2.05231517083e-16, 1.10165560069e-17, 7.65149924827e-18, 6.99625639785e-18, 6.6361122989e-18, 6.73481562549e-18, 8.07343828847e-18], "max": [1.78441059688e-05, 0.0203126594424, 0.0349529534578, 0.0168577209115, 0.0283499341458, 0.0584831163287, 0.126434996724, 0.111660607159, 0.00608362723142, 0.00266954628751, 0.0102370893583, 0.00507259368896, 0.00157265015878, 0.00032285990892, 0.000908784684725, 0.000792719423771, 0.000101427998743, 8.29849232105e-05, 2.62424146058e-06, 3.43799854363e-07, 1.54920215323e-07, 2.23157279322e-08, 2.05008685583e-08, 1.91515105996e-08, 1.93653484359e-08, 2.18275211239e-08, 2.60594159585e-08], "mean": [6.90405954629e-07, 0.00119251769502, 0.00174007588066, 0.0013595832279, 0.00231172842905, 0.00590949971229, 0.00395916495472, 0.0033774592448, 0.000213666833588, 0.000118305921205, 0.000202340001124, 9.8654309113e-05, 3.46313354385e-05, 1.70529874595e-05, 1.15891589303e-05, 5.48891875951e-06, 7.40575273994e-07, 2.46677700488e-07, 4.9905889199e-08, 1.17164651314e-08, 7.54440776518e-09, 3.62563246092e-09, 3.76695119542e-09, 4.58470728049e-09, 6.32604590933e-09, 8.638234128e-09, 1.10870743697e-08], "median": [2.26772328915e-07, 0.000279744563159, 0.000359811034286, 0.000186529447092, 0.000609523558524, 0.00190338073298, 0.00052859185962, 0.000169959574123, 3.77411561203e-05, 2.59748248936e-05, 1.9992745365e-05, 1.40797310451e-05, 3.83418137062e-06, 3.69365739061e-06, 9.65116896623e-07, 1.78613589696e-07, 3.62981111834e-08, 6.27882768001e-09, 6.76356304297e-09, 3.28021343421e-09, 3.09390979503e-09, 3.00341485016e-09, 3.38079386708e-09, 4.26443680368e-09, 6.05274008691e-09, 8.39977154499e-09, 1.08243920494e-08], "min": [1.60735931465e-23, 9.07415213461e-23, 4.23583533115e-23, 4.23958021164e-23, 9.23505072919e-23, 4.44968416296e-23, 3.00073853104e-23, 5.16806697273e-23, 7.04201236397e-23, 9.52041958394e-23, 1.39098732701e-22, 7.66677189933e-23, 7.79453707372e-23, 5.26013619116e-23, 1.63560072438e-22, 2.68679713431e-22, 1.55326750103e-22, 2.41662906123e-22, 2.90430034848e-22, 3.22044601191e-22, 3.85627496971e-22, 5.72660460122e-22, 5.56924792899e-22, 8.18456139107e-22, 1.22954531455e-21, 1.76983955642e-21, 2.50460797907e-21], "var": [1.83081262824e-12, 6.09912513028e-06, 1.2104968846e-05, 6.67515678288e-06, 1.65524215845e-05, 7.22259137547e-05, 0.000113237714686, 6.94180998835e-05, 2.96334007999e-07, 7.72762049905e-08, 4.73013955116e-07, 1.82421416639e-07, 1.44118583734e-08, 1.43117040441e-09, 2.44340481181e-09, 1.61260726994e-09, 1.62252988822e-11, 9.44616954102e-12, 2.12036097502e-14, 5.78442981905e-16, 2.10892979423e-16, 4.50180061646e-18, 2.69257008758e-18, 2.36414402243e-18, 2.49613123571e-18, 2.78195563816e-18, 3.65766321494e-18]}, "erbbands": {"dmean": [0.00225313473493, 0.0612259879708, 0.420003205538, 0.597750484943, 1.61898124218, 1.62390208244, 5.37229919434, 11.7569761276, 9.40367507935, 22.7758407593, 10.2683067322, 1.67565977573, 1.27012896538, 0.903483271599, 1.9250742197, 1.0905829668, 0.561423540115, 0.266357243061, 0.138682186604, 0.24490185082, 0.041345871985, 0.0196638852358, 0.00664250273257, 0.00489339791238, 0.000991068314761, 0.000230615347391, 0.000208487428608, 7.55531727918e-05, 5.28847485839e-05, 4.4425316446e-05, 3.78230579372e-05, 2.90228472295e-05, 2.27235541388e-05, 1.71350966411e-05, 1.19555861602e-05, 7.2610469033e-06, 3.68349810742e-06, 1.30166756662e-06, 1.66964457549e-06, 3.74153182747e-06], "dmean2": [0.00354309938848, 0.0968544110656, 0.667725503445, 0.883391618729, 2.33164978027, 2.26916718483, 8.96115684509, 19.4035301208, 13.9919910431, 27.5608520508, 14.0729675293, 2.1500017643, 1.48982858658, 1.0214266777, 2.15063762665, 1.40291762352, 0.721728265285, 0.364378899336, 0.165375262499, 0.296784430742, 0.0489165261388, 0.025900779292, 0.00860586762428, 0.00570625253022, 0.00124106172007, 0.0003037705319, 0.000305255292915, 0.000125317877973, 9.20983293327e-05, 7.7459946624e-05, 6.57326891087e-05, 5.06272699567e-05, 3.96838986489e-05, 2.92996192002e-05, 2.05729338631e-05, 1.23296904349e-05, 6.07143556408e-06, 2.21637719733e-06, 2.29461579693e-06, 5.09575193064e-06], "dvar": [2.21719128604e-05, 0.0226644128561, 1.04768192768, 1.79792785645, 21.140789032, 17.641040802, 113.590309143, 774.824401855, 583.520812988, 8498.87792969, 7224.59082031, 118.691169739, 20.8164520264, 15.4791889191, 104.929969788, 38.3776931763, 7.41517353058, 0.800799667835, 0.346073329449, 6.34435176849, 0.0846997946501, 0.0379500761628, 0.00470910640433, 0.00408400408924, 3.6623874621e-05, 4.24989764269e-07, 4.12576667941e-07, 1.38353382084e-08, 4.82548534464e-09, 3.08600900389e-09, 1.94039428969e-09, 1.12033804456e-09, 6.15650863622e-10, 3.08077896527e-10, 1.43645553785e-10, 5.10203788939e-11, 1.32399351899e-11, 1.34657747192e-12, 1.24725663825e-11, 6.97082808143e-11], "dvar2": [4.35236470366e-05, 0.0480630248785, 2.50838565826, 3.62084746361, 39.8803367615, 28.1068344116, 301.355834961, 1755.74243164, 1082.16235352, 12074.3525391, 13149.6376953, 237.739135742, 29.3610267639, 22.9346561432, 150.760696411, 65.7151260376, 12.8475933075, 1.52670669556, 0.487571924925, 9.55054092407, 0.119509160519, 0.0700366720557, 0.00907361414284, 0.0076942066662, 6.20365317445e-05, 5.50576544356e-07, 8.07866967989e-07, 3.65393582058e-08, 1.45865461931e-08, 9.100269871e-09, 5.96549831755e-09, 3.44707662414e-09, 1.88125870437e-09, 9.08473019035e-10, 4.027110867e-10, 1.33087138532e-10, 3.26253676852e-11, 3.67031101692e-12, 2.0083197258e-11, 1.14426204623e-10], "max": [0.202911257744, 5.57083559036, 27.0066890717, 33.7856292725, 132.97505188, 109.546554565, 196.19229126, 505.685272217, 649.498596191, 3336.39697266, 3066.52075195, 387.038330078, 105.956344604, 112.897026062, 326.462280273, 260.742126465, 81.5154418945, 17.2063941956, 17.2631721497, 108.732673645, 11.8838367462, 7.47295379639, 2.74279165268, 2.6866106987, 0.246757254004, 0.01717559807, 0.00984415132552, 0.00206180266105, 0.000963441329077, 0.000777264183853, 0.000634195981547, 0.00050941912923, 0.000411362096202, 0.000307340029394, 0.000224916191655, 0.000158767303219, 8.75470723258e-05, 2.48366904998e-05, 8.91183226486e-05, 0.000204669151572], "mean": [0.0112044718117, 0.364393204451, 1.89851784706, 3.08340358734, 7.04751396179, 7.77965974808, 22.2368659973, 48.8714447021, 43.0601654053, 107.525291443, 40.3432502747, 5.98582077026, 5.38277864456, 4.2671122551, 7.60779571533, 5.05924224854, 2.04241156578, 0.853395283222, 0.708484947681, 0.65940028429, 0.136734709144, 0.0393180698156, 0.0118363546208, 0.0095771541819, 0.00230655167252, 0.000609422684647, 0.000438826769823, 0.000178139584023, 0.000136988150189, 0.000126347120386, 0.00011695962894, 0.000104784361611, 8.98637081264e-05, 7.63911739341e-05, 5.93832919549e-05, 4.03955382353e-05, 2.23371462198e-05, 7.58141050028e-06, 1.12602292575e-05, 2.29765009863e-05], "median": [0.00317126372829, 0.0950901433825, 0.474946051836, 0.970838665962, 1.39434337616, 2.24470186234, 7.78329086304, 15.5008306503, 11.3088960648, 5.67768096924, 4.87143135071, 2.315990448, 1.23005342484, 1.18065226078, 0.97005045414, 0.730287671089, 0.282848834991, 0.23695500195, 0.104593962431, 0.0470880791545, 0.011514602229, 0.00267255399376, 0.000686806626618, 0.000431401247624, 0.000329588947352, 0.000180679155164, 0.000143324868986, 0.00012073275866, 0.000111856497824, 0.000108085529064, 0.000104386766907, 9.58190648817e-05, 8.26886098366e-05, 7.03596670064e-05, 5.48363641428e-05, 3.75436648028e-05, 2.05651213037e-05, 7.26070447854e-06, 8.90627507033e-06, 1.73303815245e-05], "min": [1.68371664528e-21, 2.36580909176e-20, 5.92174916988e-20, 7.94063402754e-20, 1.36289534748e-19, 4.40801136309e-19, 2.77274767038e-19, 5.46836281659e-19, 3.81020741741e-19, 1.00308377514e-18, 1.20106821398e-18, 1.70843309117e-18, 1.72171099436e-18, 5.16406664388e-18, 4.18595328009e-18, 3.12243269087e-18, 3.06476496728e-18, 2.42579792938e-18, 4.88387079191e-18, 1.33652592557e-17, 1.12637035119e-17, 1.06065473927e-17, 1.13296322882e-17, 1.05563929506e-17, 1.79078580743e-17, 1.87097898258e-17, 1.62431604002e-17, 1.34478582029e-17, 2.0059677448e-17, 1.76526331506e-17, 1.72199945292e-17, 1.69278905852e-17, 1.43807020397e-17, 1.3331750169e-17, 8.14021823369e-18, 5.95805663436e-18, 3.53618305659e-18, 1.48775888133e-18, 3.68446484907e-19, 3.26280552516e-20], "var": [0.000544706068467, 0.479080766439, 10.2375993729, 23.3077964783, 220.747802734, 226.974411011, 896.678100586, 5176.546875, 5844.43261719, 81500.8359375, 20675.8847656, 286.995117188, 128.975036621, 108.591743469, 600.02166748, 480.633544922, 41.31848526, 2.95964550972, 3.37306833267, 27.1828517914, 0.408843129873, 0.0799186006188, 0.0109030073509, 0.0100585203618, 9.70141772996e-05, 1.68225722064e-06, 9.69214397628e-07, 2.96296747138e-08, 6.90257762059e-09, 4.54306858799e-09, 2.69969335775e-09, 1.68997671413e-09, 1.10927578234e-09, 6.89490242678e-10, 4.12051254228e-10, 2.15865492148e-10, 6.99756433353e-11, 3.97436207208e-12, 1.17224438489e-10, 6.46692421835e-10]}, "gfcc": {"mean": [-283.129608154, 220.307388306, -36.4943733215, -52.851764679, -43.8645553589, -5.29047727585, -31.7360153198, -18.3257846832, -14.9022312164, -1.23717784882, -3.58104896545, -7.35260391235, -6.1163315773], "cov": [[14102.6025391, 8181.68164062, -1640.18029785, -3053.40869141, 820.318481445, -729.34588623, -306.898162842, -314.129608154, 1119.36633301, 135.257873535, 464.379119873, -595.409057617, 234.821334839], [8181.68164062, 5574.07617188, -178.763656616, -1714.68383789, 304.57913208, -302.631500244, -112.184898376, -320.23916626, 530.745300293, 72.0512008667, 289.253234863, -321.996185303, 164.508056641], [-1640.18029785, -178.763656616, 1329.54602051, 666.359436035, -335.02722168, 234.695663452, 134.70513916, -185.645172119, -388.151153564, -49.6680641174, -41.0043792725, 93.4294967651, -4.75527048111], [-3053.40869141, -1714.68383789, 666.359436035, 945.616638184, -155.907485962, 202.13230896, 116.955299377, 31.2901535034, -360.281738281, -64.5648040771, -118.097259521, 118.667037964, -67.7924346924], [820.318481445, 304.57913208, -335.02722168, -155.907485962, 268.310668945, -16.2541809082, -26.1407775879, 30.6252117157, 148.470855713, 5.6440281868, 3.03545403481, -83.3169326782, -5.49606609344], [-729.34588623, -302.631500244, 234.695663452, 202.13230896, -16.2541809082, 166.898147583, 58.735294342, -16.5330142975, -81.7352828979, 0.0436649993062, -39.7123336792, 17.4849720001, -26.659866333], [-306.898162842, -112.184898376, 134.70513916, 116.955299377, -26.1407775879, 58.735294342, 85.9409103394, 37.0159759521, -51.2833824158, -15.710360527, -10.8728179932, 4.32671308517, -28.3196735382], [-314.129608154, -320.23916626, -185.645172119, 31.2901535034, 30.6252117157, -16.5330142975, 37.0159759521, 196.498306274, 96.0825653076, -21.9947719574, -43.2195663452, 5.10630655289, -55.4314804077], [1119.36633301, 530.745300293, -388.151153564, -360.281738281, 148.470855713, -81.7352828979, -51.2833824158, 96.0825653076, 278.992248535, 40.9241256714, 8.40908241272, -70.2888336182, 7.58715105057], [135.257873535, 72.0512008667, -49.6680641174, -64.5648040771, 5.6440281868, 0.0436649993062, -15.710360527, -21.9947719574, 40.9241256714, 55.5448303223, 28.7216701508, 2.24718260765, 22.746427536], [464.379119873, 289.253234863, -41.0043792725, -118.097259521, 3.03545403481, -39.7123336792, -10.8728179932, -43.2195663452, 8.40908241272, 28.7216701508, 80.9523010254, 25.6521606445, 30.4421329498], [-595.409057617, -321.996185303, 93.4294967651, 118.667037964, -83.3169326782, 17.4849720001, 4.32671308517, 5.10630655289, -70.2888336182, 2.24718260765, 25.6521606445, 106.299583435, 32.5825119019], [234.821334839, 164.508056641, -4.75527048111, -67.7924346924, -5.49606609344, -26.659866333, -28.3196735382, -55.4314804077, 7.58715105057, 22.746427536, 30.4421329498, 32.5825119019, 91.4838104248]], "icov": [[0.00215985090472, -0.00364473974332, 0.00415341416374, -0.00373313832097, 0.00248630926944, -0.000204961979762, -0.000682939833496, 0.00297792628407, -0.00321792019531, 0.00341743929312, -0.00283590750769, 0.0019887778908, -0.000205228294362], [-0.00364473974332, 0.00794913433492, -0.0104488059878, 0.011671455577, -0.00821248535067, 0.00266200327314, 0.000513299950399, -0.00664570881054, 0.00778809841722, -0.00702715059742, 0.00489668548107, -0.00263938494027, -6.68794427838e-06], [0.00415341416374, -0.0104488059878, 0.0194225739688, -0.0230456572026, 0.0203650668263, -0.00973325222731, -0.00323147606105, 0.0165089666843, -0.0201033409685, 0.0201656781137, -0.0141644589603, 0.00743047473952, -0.00182976212818], [-0.00373313832097, 0.011671455577, -0.0230456572026, 0.0347527265549, -0.0289455670863, 0.0145439309999, -0.000165306701092, -0.0201245285571, 0.032074097544, -0.0297755040228, 0.026209032163, -0.0140468245372, 0.00442867027596], [0.00248630926944, -0.00821248535067, 0.0203650668263, -0.0289455670863, 0.0351850911975, -0.0210343729705, 0.00406298739836, 0.0147339701653, -0.0305828135461, 0.035236556083, -0.0333293676376, 0.0235747080296, -0.00936612486839], [-0.000204961979762, 0.00266200327314, -0.00973325222731, 0.0145439309999, -0.0210343729705, 0.0309686362743, -0.0197889283299, 0.00686244200915, 0.0108106341213, -0.0276090726256, 0.0365727208555, -0.0277059283108, 0.01546993386], [-0.000682939833496, 0.000513299950399, -0.00323147606105, -0.000165306701092, 0.00406298739836, -0.0197889283299, 0.0446796901524, -0.0322337634861, 0.0161636266857, 0.00450402358547, -0.0279134437442, 0.0285509675741, -0.0140236914158], [0.00297792628407, -0.00664570881054, 0.0165089666843, -0.0201245285571, 0.0147339701653, 0.00686244200915, -0.0322337634861, 0.0528737492859, -0.0420089885592, 0.0229701008648, 0.00889242812991, -0.0222045108676, 0.0179176181555], [-0.00321792019531, 0.00778809841722, -0.0201033409685, 0.032074097544, -0.0305828135461, 0.0108106341213, 0.0161636266857, -0.0420089885592, 0.0571738258004, -0.0462538562715, 0.0261029191315, -0.00361664406955, -0.00279827369377], [0.00341743929312, -0.00702715059742, 0.0201656781137, -0.0297755040228, 0.035236556083, -0.0276090726256, 0.00450402358547, 0.0229701008648, -0.0462538562715, 0.0771414935589, -0.0561462752521, 0.0302364919335, -0.0151985902339], [-0.00283590750769, 0.00489668548107, -0.0141644589603, 0.026209032163, -0.0333293676376, 0.0365727208555, -0.0279134437442, 0.00889242812991, 0.0261029191315, -0.0561462752521, 0.0888154283166, -0.0603355616331, 0.0262921191752], [0.0019887778908, -0.00263938494027, 0.00743047473952, -0.0140468245372, 0.0235747080296, -0.0277059283108, 0.0285509675741, -0.0222045108676, -0.00361664406955, 0.0302364919335, -0.0603355616331, 0.0660811811686, -0.03233101964], [-0.000205228294362, -6.68794427838e-06, -0.00182976212818, 0.00442867027596, -0.00936612486839, 0.01546993386, -0.0140236914158, 0.0179176181555, -0.00279827369377, -0.0151985902339, 0.0262921191752, -0.03233101964, 0.0318942442536]]}, "melbands": {"dmean": [3.8058948121e-05, 0.000168250917341, 0.000139206109452, 0.000109728367534, 0.000162343858392, 0.00026229993091, 0.000148579463712, 0.00024250712886, 6.52262169751e-05, 8.05373565527e-06, 6.27174313195e-06, 3.26590156874e-06, 7.39927281757e-06, 3.14135331791e-06, 1.86954116543e-06, 8.07335368336e-07, 5.10075267357e-07, 2.32600740446e-07, 2.58439655454e-07, 2.51947710694e-07, 2.20665494766e-08, 2.28765291155e-08, 8.15356404615e-09, 8.06675348741e-09, 3.65868269014e-09, 6.91521229168e-10, 3.37398692318e-10, 1.38730929522e-10, 1.63837249323e-10, 6.23475507333e-11, 4.09553502223e-11, 3.23858093121e-11, 2.81443514327e-11, 2.58064802167e-11, 2.39219546949e-11, 2.14332648851e-11, 1.90182470466e-11, 1.77659432304e-11, 1.65420437764e-11, 1.60107413438e-11], "dmean2": [5.91085699853e-05, 0.00026755023282, 0.000202515817364, 0.00015150012041, 0.000266362243565, 0.00042924907757, 0.000208556069992, 0.000299406354316, 9.10794115043e-05, 1.00521929198e-05, 7.35461389922e-06, 3.77791070605e-06, 8.35104310681e-06, 4.1165399125e-06, 2.38181451095e-06, 1.07225389456e-06, 6.91102115979e-07, 2.73652972282e-07, 3.2788565818e-07, 2.95984278864e-07, 2.94762667608e-08, 3.02309643985e-08, 1.21517595986e-08, 9.54625267724e-09, 4.28837410027e-09, 8.76565098284e-10, 4.6807718812e-10, 1.93951354976e-10, 2.37900671385e-10, 1.00174084305e-10, 6.9824257487e-11, 5.67669695972e-11, 4.85283757623e-11, 4.53933418632e-11, 4.16559182981e-11, 3.7359178251e-11, 3.3520471121e-11, 3.14455302075e-11, 2.91720397838e-11, 2.7622980292e-11], "dvar": [7.68972974186e-09, 1.63707980505e-07, 1.13294632342e-07, 7.36351069008e-08, 9.97438220907e-08, 3.68073102663e-07, 1.58540615303e-07, 8.54389099914e-07, 4.22850035875e-07, 1.07802378135e-09, 5.27391519345e-10, 2.34411406952e-10, 1.67959768316e-09, 2.3235791069e-10, 7.47498868359e-11, 1.31720502561e-11, 2.82186535423e-12, 9.69986569364e-13, 3.7418254259e-12, 6.97027721999e-12, 1.16382589533e-14, 5.30287348321e-14, 4.92461694457e-15, 1.46755183553e-14, 2.11312824538e-15, 1.5144381651e-17, 1.56220472287e-18, 1.46839008539e-19, 2.9036241869e-19, 1.21068093158e-20, 3.28219875039e-21, 1.66180544672e-21, 1.22705842108e-21, 8.71755671319e-22, 6.85120925154e-22, 5.22524802876e-22, 4.00911304667e-22, 3.30983291393e-22, 2.61269141466e-22, 2.2158130951e-22], "dvar2": [1.48070400385e-08, 3.8363188537e-07, 2.22275147621e-07, 1.24051936723e-07, 2.58330999259e-07, 8.18077353415e-07, 2.50373517474e-07, 1.2729676655e-06, 7.90387275629e-07, 1.99147076607e-09, 7.41524397441e-10, 3.47460477057e-10, 2.53396392758e-09, 3.7672517883e-10, 1.30421728972e-10, 2.37131408259e-11, 5.16164715136e-12, 1.33810800981e-12, 5.62575897325e-12, 1.01088469193e-11, 2.12700798137e-14, 9.98372120652e-14, 1.14589768067e-14, 2.83490272273e-14, 3.97504218872e-15, 2.54823013126e-17, 2.75277477411e-18, 1.92746188368e-19, 5.60092729855e-19, 2.88720639657e-20, 9.41002603545e-21, 5.07514806907e-21, 3.63909386322e-21, 2.63319478049e-21, 2.14182203165e-21, 1.61446308914e-21, 1.24381650253e-21, 1.03638127396e-21, 7.82601060435e-22, 6.75634399452e-22], "max": [0.00391727127135, 0.010030079633, 0.008435966447, 0.00811801850796, 0.00517909787595, 0.0127024417743, 0.00981044210494, 0.0305628310889, 0.023704694584, 0.000781315262429, 0.000535653322004, 0.00044220656855, 0.00154544238467, 0.000546261842828, 0.000304072280414, 0.000109496570076, 2.89836989396e-05, 2.36126870732e-05, 8.18593471195e-05, 0.000114822658361, 2.71543558483e-06, 8.68171628099e-06, 1.70972759861e-06, 5.06188007421e-06, 1.92887864614e-06, 1.53987571139e-07, 3.82788201136e-08, 1.24620953557e-08, 8.2550632996e-09, 1.51346435384e-09, 9.00399144133e-10, 5.01442554146e-10, 4.10611045165e-10, 3.81625675505e-10, 3.20905663154e-10, 2.78428086142e-10, 2.51178189359e-10, 2.27018265297e-10, 2.03744521254e-10, 1.68993527505e-10], "mean": [0.000215018822928, 0.000835878425278, 0.000699881522451, 0.000527321011759, 0.000703734636772, 0.00114304269664, 0.000689146865625, 0.0011206259951, 0.000244516617386, 2.71814387816e-05, 2.61229433818e-05, 1.53543405759e-05, 2.99099847325e-05, 1.29530590129e-05, 7.86690361565e-06, 2.55402324001e-06, 1.608906814e-06, 1.19486492167e-06, 8.12567520825e-07, 6.62113109229e-07, 8.31034512316e-08, 4.32933404682e-08, 1.26945653989e-08, 1.45577310207e-08, 7.22400672615e-09, 1.5706392853e-09, 8.31847091209e-10, 3.08850833797e-10, 3.11393300034e-10, 1.33898891974e-10, 8.51513720646e-11, 7.28927543325e-11, 6.92310167527e-11, 6.3584977561e-11, 6.15054049358e-11, 5.99009453151e-11, 5.66394396662e-11, 5.4309605424e-11, 5.40845389307e-11, 5.45459302725e-11], "median": [5.46944793314e-05, 0.000212063343497, 0.000226211472182, 0.000148620747495, 0.000223504495807, 0.000358988647349, 0.000151345608174, 5.44183203601e-05, 3.14058634103e-05, 7.18877981853e-06, 4.15920931118e-06, 3.59170121556e-06, 2.85011356027e-06, 1.97572808247e-06, 1.04913169707e-06, 4.17890191784e-07, 3.92931440274e-07, 1.21839633493e-07, 8.01467621159e-08, 1.17514309395e-08, 5.48600720407e-09, 1.54536361485e-09, 4.98067531662e-10, 2.92942253788e-10, 2.84666429318e-10, 2.11086287338e-10, 1.53006968207e-10, 9.33127186631e-11, 8.37233476991e-11, 7.42847588997e-11, 6.27785184948e-11, 6.00179142496e-11, 5.78675649066e-11, 5.54823964549e-11, 5.46173800631e-11, 5.49571881059e-11, 5.22706773698e-11, 5.06271483069e-11, 5.01155089649e-11, 5.18704870722e-11], "min": [2.14802264876e-23, 3.18810183127e-23, 1.70252197223e-23, 1.84976286019e-23, 1.4371650987e-23, 1.08989543314e-23, 5.66654368223e-24, 1.19040412218e-23, 1.10785045954e-23, 9.74153603349e-24, 8.73332762041e-24, 2.08856588679e-23, 1.69271090915e-23, 9.97540173745e-24, 8.22488862319e-24, 5.7443462723e-24, 3.98122439976e-24, 6.04778438051e-24, 1.50401490731e-23, 2.09676814693e-23, 1.11830349762e-23, 1.00455811702e-23, 1.09038389581e-23, 1.06271814943e-23, 7.69934869927e-24, 1.35742482959e-23, 8.8025146661e-24, 1.42485097997e-23, 9.56809944145e-24, 9.39900158439e-24, 6.84950805722e-24, 9.65954971961e-24, 1.44023124327e-23, 7.17757637504e-24, 8.5738798988e-24, 1.21141488019e-23, 9.69121380749e-24, 1.0638117473e-23, 1.04530428161e-23, 1.105341093e-23], "var": [2.13067451682e-07, 1.69297459252e-06, 1.27262205751e-06, 9.57633687904e-07, 8.71169106631e-07, 2.91307128464e-06, 1.65097355875e-06, 7.76485012466e-06, 1.10356495497e-06, 3.89229670716e-09, 3.2430100827e-09, 1.6594642327e-09, 1.04293889081e-08, 2.43348940998e-09, 7.53912043905e-10, 6.77454897735e-11, 1.14167399493e-11, 9.54110748741e-12, 1.67698598064e-11, 3.10345846244e-11, 7.32494441621e-14, 1.05292761543e-13, 7.85172860567e-15, 3.49157145254e-14, 5.23539417995e-15, 3.94324111757e-17, 4.84440145539e-18, 5.77710125939e-19, 6.74222716378e-19, 2.81230583834e-20, 5.34576739583e-21, 2.00763964419e-21, 1.71470158702e-21, 1.05885298028e-21, 7.89698536663e-22, 6.03610919178e-22, 4.60017433743e-22, 3.71899954069e-22, 3.25541059915e-22, 2.78764637461e-22]}, "mfcc": {"mean": [-907.648864746, 232.411468506, 65.7234802246, -11.7596597672, -3.68592619896, 5.82164859772, -5.55546760559, -13.8648357391, -9.74855136871, -4.17940044403, -3.51130437851, -1.45394194126, 3.21296620369], "cov": [[7245.60791016, 6105.67626953, -315.37097168, -1719.6036377, -141.761703491, 159.312942505, -536.00177002, -606.901245117, -52.647518158, 294.737365723, 197.729095459, 193.329788208, 372.863739014], [6105.67626953, 5421.49267578, 211.776641846, -1289.02233887, -169.460098267, 193.723175049, -372.702178955, -524.787963867, -84.3144302368, 214.583312988, 129.993438721, 111.777694702, 243.802627563], [-315.37097168, 211.776641846, 881.69708252, 436.415802002, -49.5655708313, 76.3617553711, 173.522705078, 31.0257091522, -73.4417190552, -91.9021682739, -82.8269271851, -101.069015503, -143.907669067], [-1719.6036377, -1289.02233887, 436.415802002, 681.1953125, 95.7240371704, -20.8072757721, 198.18800354, 191.020812988, -14.5369672775, -126.570068359, -89.7315216064, -80.7977600098, -140.718185425], [-141.761703491, -169.460098267, -49.5655708313, 95.7240371704, 120.740913391, 52.8932228088, 19.2393760681, 26.0788440704, 17.7633743286, -4.4083108902, -5.32863616943, 9.40723419189, -3.92492246628], [159.312942505, 193.723175049, 76.3617553711, -20.8072757721, 52.8932228088, 139.502059937, 57.8560295105, -38.3346862793, -17.3841190338, 14.0406990051, 6.0806183815, 0.561571478844, -20.2825603485], [-536.00177002, -372.702178955, 173.522705078, 198.18800354, 19.2393760681, 57.8560295105, 142.664260864, 78.0645141602, -22.925447464, -40.4520835876, -13.7032213211, -21.7471313477, -57.638507843], [-606.901245117, -524.787963867, 31.0257091522, 191.020812988, 26.0788440704, -38.3346862793, 78.0645141602, 136.128036499, 51.9922637939, -17.3423423767, -6.87044048309, -1.52046203613, -16.1458015442], [-52.647518158, -84.3144302368, -73.4417190552, -14.5369672775, 17.7633743286, -17.3841190338, -22.925447464, 51.9922637939, 106.240364075, 76.7284240723, 25.7074279785, 11.1737642288, 21.5620536804], [294.737365723, 214.583312988, -91.9021682739, -126.570068359, -4.4083108902, 14.0406990051, -40.4520835876, -17.3423423767, 76.7284240723, 120.610603333, 69.4141235352, 12.8104314804, 17.5924224854], [197.729095459, 129.993438721, -82.8269271851, -89.7315216064, -5.32863616943, 6.0806183815, -13.7032213211, -6.87044048309, 25.7074279785, 69.4141235352, 73.7786712646, 34.7225151062, 18.7974624634], [193.329788208, 111.777694702, -101.069015503, -80.7977600098, 9.40723419189, 0.561571478844, -21.7471313477, -1.52046203613, 11.1737642288, 12.8104314804, 34.7225151062, 62.023601532, 59.6002540588], [372.863739014, 243.802627563, -143.907669067, -140.718185425, -3.92492246628, -20.2825603485, -57.638507843, -16.1458015442, 21.5620536804, 17.5924224854, 18.7974624634, 59.6002540588, 100.92325592]], "icov": [[-24.6883201599, 60.8389854431, -129.441970825, 216.587219238, -292.609802246, 333.003051758, -326.65032959, 278.618438721, -206.144302368, 129.762649536, -67.2308425903, 26.2604579926, -6.34143161774], [60.8389854431, -102.523887634, 145.795608521, -199.61428833, 244.159393311, -263.318359375, 250.272232056, -209.286087036, 152.839996338, -95.3665161133, 49.1117477417, -19.1085319519, 4.60083293915], [-129.441970825, 145.795608521, -45.8965759277, -85.2080764771, 208.388366699, -290.342346191, 314.167297363, -283.315185547, 217.006515503, -139.721374512, 73.5097808838, -29.0009078979, 7.05555534363], [216.587219238, -199.61428833, -85.2080764771, 455.166473389, -794.954406738, 1007.42504883, -1045.01806641, 921.119018555, -695.933105469, 444.226013184, -232.402282715, 91.3844604492, -22.1773471832], [-292.609802246, 244.159393311, 208.388366699, -794.954406738, 1331.13830566, -1661.7800293, 1711.50012207, -1502.67700195, 1132.71069336, -722.069885254, 377.511047363, -148.433273315, 36.0340118408], [333.003051758, -263.318359375, -290.342346191, 1007.42504883, -1661.7800293, 2063.21679688, -2119.49389648, 1858.41882324, -1399.93676758, 892.201965332, -466.502502441, 183.502349854, -44.5741577148], [-326.65032959, 250.272232056, 314.167297363, -1045.01806641, 1711.50012207, -2119.49389648, 2174.9387207, -1906.1907959, 1435.87255859, -915.350769043, 478.878967285, -188.564071655, 45.8635940552], [278.618438721, -209.286087036, -283.315185547, 921.119018555, -1502.67700195, 1858.41882324, -1906.1907959, 1670.6484375, -1258.81799316, 802.946655273, -420.452575684, 165.785415649, -40.3887825012], [-206.144302368, 152.839996338, 217.006515503, -695.933105469, 1132.71069336, -1399.93676758, 1435.87255859, -1258.81799316, 949.104736328, -605.963012695, 317.722595215, -125.530975342, 30.6454486847], [129.762649536, -95.3665161133, -139.721374512, 444.226013184, -722.069885254, 892.201965332, -915.350769043, 802.946655273, -605.963012695, 387.425964355, -203.527404785, 80.6478042603, -19.7518901825], [-67.2308425903, 49.1117477417, 73.5097808838, -232.402282715, 377.511047363, -466.502502441, 478.878967285, -420.452575684, 317.722595215, -203.527404785, 107.220436096, -42.6627349854, 10.5025434494], [26.2604579926, -19.1085319519, -29.0009078979, 91.3844604492, -148.433273315, 183.502349854, -188.564071655, 165.785415649, -125.530975342, 80.6478042603, -42.6627349854, 17.1225910187, -4.26075744629], [-6.34143161774, 4.60083293915, 7.05555534363, -22.1773471832, 36.0340118408, -44.5741577148, 45.8635940552, -40.3887825012, 30.6454486847, -19.7518901825, 10.5025434494, -4.26075744629, 1.09355890751]]}, "spectral_contrast_coeffs": {"dmean": [0.0297478903085, 0.0282848086208, 0.0208190120757, 0.0199428256601, 0.0137889152393, 0.0135125210509], "dmean2": [0.0496646277606, 0.0465933382511, 0.0331970155239, 0.0315347164869, 0.0217673461884, 0.0237872824073], "dvar": [0.000634216412436, 0.000947971420828, 0.000621217419393, 0.000489300698973, 0.000258893705904, 0.000155218993314], "dvar2": [0.00168392446358, 0.00245946110226, 0.00135759799741, 0.00106332963333, 0.000455295317806, 0.000469407706987], "max": [-0.395007520914, -0.314570069313, -0.445223629475, -0.529130876064, -0.5901658535, -0.843241393566], "mean": [-0.61940407753, -0.596537828445, -0.70946252346, -0.712696194649, -0.843116164207, -0.894758939743], "median": [-0.617407858372, -0.582927286625, -0.709422647953, -0.695746898651, -0.849595963955, -0.892455637455], "min": [-0.967721998692, -0.966984093189, -0.965177536011, -0.956384539604, -0.959812045097, -0.96035939455], "var": [0.00738240499049, 0.0147039163858, 0.00668250350282, 0.00717113865539, 0.00367976329289, 0.000202099225135]}, "spectral_contrast_valleys": {"dmean": [0.322776705027, 0.242475792766, 0.246851310134, 0.276914268732, 0.192732274532, 0.30473151803], "dmean2": [0.527286827564, 0.378791034222, 0.390272945166, 0.435064584017, 0.314296662807, 0.54020100832], "dvar": [0.190124377608, 0.206926092505, 0.231355383992, 0.254942238331, 0.188637569547, 0.217526361346], "dvar2": [0.306148260832, 0.253771990538, 0.303001582623, 0.362154334784, 0.230550214648, 0.403607666492], "max": [-6.06328725815, -5.2401638031, -6.83483457565, -7.99427938461, -10.2867431641, -12.5361652374], "mean": [-8.49245929718, -8.08961677551,