{"lowlevel": {"average_loudness": 0.936016142368, "barkbands_crest": {"dmean": 2.28490352631, "dmean2": 3.67500734329, "dvar": 4.81741714478, "dvar2": 13.1147089005, "max": 22.7683944702, "mean": 11.7352838516, "median": 11.5109939575, "min": 2.99100589752, "var": 12.6607837677}, "barkbands_flatness_db": {"dmean": 0.0266787167639, "dmean2": 0.0393656790257, "dvar": 0.00118676619604, "dvar2": 0.00255287927575, "max": 0.545335352421, "mean": 0.206052869558, "median": 0.175661817193, "min": 0.0342135317624, "var": 0.0118998531252}, "barkbands_kurtosis": {"dmean": 4.13161563873, "dmean2": 6.54719686508, "dvar": 54.7976112366, "dvar2": 137.485015869, "max": 181.727737427, "mean": 7.46756458282, "median": 3.79697704315, "min": -1.73266172409, "var": 119.77129364}, "barkbands_skewness": {"dmean": 0.554720342159, "dmean2": 0.85800075531, "dvar": 0.441747695208, "dvar2": 1.09504520893, "max": 9.59292984009, "mean": 1.92518520355, "median": 1.75930261612, "min": -1.93869435787, "var": 1.3527841568}, "barkbands_spread": {"dmean": 5.82197713852, "dmean2": 9.66297340393, "dvar": 80.2348251343, "dvar2": 216.237747192, "max": 87.5747146606, "mean": 17.6713466644, "median": 14.870018959, "min": 0.225515976548, "var": 195.08253479}, "dissonance": {"dmean": 0.0226208902895, "dmean2": 0.0366963408887, "dvar": 0.000675999501254, "dvar2": 0.00162753020413, "max": 0.500000059605, "mean": 0.437637388706, "median": 0.458981782198, "min": 0.139422848821, "var": 0.00337898801081}, "dynamic_complexity": 3.05532360077, "erbbands_crest": {"dmean": 1.83734416962, "dmean2": 2.8500995636, "dvar": 3.77617931366, "dvar2": 8.45959568024, "max": 28.5639629364, "mean": 9.44881725311, "median": 8.45632648468, "min": 2.35511493683, "var": 21.1653385162}, "erbbands_flatness_db": {"dmean": 0.0202533286065, "dmean2": 0.0267029665411, "dvar": 0.000726345402654, "dvar2": 0.00137094617821, "max": 0.475284487009, "mean": 0.199304610491, "median": 0.162477478385, "min": 0.0448107272387, "var": 0.00863223243505}, "erbbands_kurtosis": {"dmean": 1.9179930687, "dmean2": 2.79500150681, "dvar": 19.8912353516, "dvar2": 38.3108139038, "max": 111.368019104, "mean": 2.44293761253, "median": -0.382574081421, "min": -1.91395556927, "var": 52.5484886169}, "erbbands_skewness": {"dmean": 0.451883971691, "dmean2": 0.67544233799, "dvar": 0.383779525757, "dvar2": 0.88221937418, "max": 8.50646400452, "mean": 0.725707828999, "median": 0.464250952005, "min": -1.76273143291, "var": 1.47493040562}, "erbbands_spread": {"dmean": 10.8674573898, "dmean2": 16.3507671356, "dvar": 272.838592529, "dvar2": 596.385437012, "max": 146.175384521, "mean": 42.2363471985, "median": 47.3889045715, "min": 0.994818389416, "var": 699.289245605}, "hfc": {"dmean": 6.40882778168, "dmean2": 10.2413835526, "dvar": 126.095474243, "dvar2": 332.829620361, "max": 121.421875, "mean": 19.7490634918, "median": 14.6800889969, "min": 1.08630241715e-16, "var": 302.098388672}, "melbands_crest": {"dmean": 2.88979840279, "dmean2": 4.6864361763, "dvar": 8.50886631012, "dvar2": 22.6685523987, "max": 30.4608573914, "mean": 14.8753099442, "median": 14.4197559357, "min": 1.69024133682, "var": 17.1842899323}, "melbands_flatness_db": {"dmean": 0.0332942046225, "dmean2": 0.0496106855571, "dvar": 0.00197232607752, "dvar2": 0.00436329655349, "max": 0.661593794823, "mean": 0.282260268927, "median": 0.241855859756, "min": 0.0049068024382, "var": 0.0161999743432}, "melbands_kurtosis": {"dmean": 8.22266101837, "dmean2": 12.631772995, "dvar": 175.520523071, "dvar2": 404.567718506, "max": 200.52796936, "mean": 18.3948230743, "median": 12.1420698166, "min": -1.47514152527, "var": 404.381744385}, "melbands_skewness": {"dmean": 0.716603279114, "dmean2": 1.07271873951, "dvar": 0.791466414928, "dvar2": 1.68220293522, "max": 10.7701454163, "mean": 2.99679541588, "median": 2.95622777939, "min": -0.865297615528, "var": 2.58548927307}, "melbands_spread": {"dmean": 4.94859266281, "dmean2": 8.254155159, "dvar": 65.0471801758, "dvar2": 174.91796875, "max": 144.989074707, "mean": 14.8354320526, "median": 11.8584718704, "min": 0.598337233067, "var": 159.792648315}, "pitch_salience": {"dmean": 0.067303493619, "dmean2": 0.111052654684, "dvar": 0.0039638816379, "dvar2": 0.0107454918325, "max": 0.962767481804, "mean": 0.542239487171, "median": 0.544639289379, "min": 0.22762323916, "var": 0.01045138482}, "silence_rate_20dB": {"dmean": 0, "dmean2": 0, "dvar": 0, "dvar2": 0, "max": 1, "mean": 1, "median": 1, "min": 1, "var": 0}, "silence_rate_30dB": {"dmean": 0, "dmean2": 0, "dvar": 0, "dvar2": 0, "max": 1, "mean": 1, "median": 1, "min": 1, "var": 0}, "silence_rate_60dB": {"dmean": 0.0140612078831, "dmean2": 0.0281262919307, "dvar": 0.01386381872, "dvar2": 0.0309209041297, "max": 1, "mean": 0.0766367986798, "median": 0, "min": 0, "var": 0.0707640498877}, "spectral_centroid": {"dmean": 234.537979126, "dmean2": 386.082824707, "dvar": 158562.796875, "dvar2": 384512, "max": 11381.6875, "mean": 1097.69995117, "median": 990.058654785, "min": 213.247558594, "var": 545954.1875}, "spectral_complexity": {"dmean": 3.70554184914, "dmean2": 5.87481021881, "dvar": 34.3439712524, "dvar2": 74.255607605, "max": 61, "mean": 17.1473464966, "median": 11, "min": 0, "var": 166.716918945}, "spectral_decrease": {"dmean": 1.80812675943e-09, "dmean2": 2.83192513884e-09, "dvar": 5.82319558883e-18, "dvar2": 1.4900444434e-17, "max": -4.94122093488e-29, "mean": -8.83675088659e-09, "median": -8.77269989985e-09, "min": -2.9099918919e-08, "var": 2.81864870839e-17}, "spectral_energy": {"dmean": 0.00708016660064, "dmean2": 0.0109853670001, "dvar": 8.54312675074e-05, "dvar2": 0.000217214867007, "max": 0.111698232591, "mean": 0.0351431742311, "median": 0.0353941731155, "min": 1.03228093401e-20, "var": 0.00043951155385}, "spectral_energyband_high": {"dmean": 0.000747629674152, "dmean2": 0.00124525406864, "dvar": 2.11011456486e-06, "dvar2": 5.87353588344e-06, "max": 0.0151050463319, "mean": 0.00106412509922, "median": 0.000470057828352, "min": 7.5112999862e-21, "var": 2.48211108556e-06}, "spectral_energyband_low": {"dmean": 0.00604036729783, "dmean2": 0.00943594705313, "dvar": 8.31909055705e-05, "dvar2": 0.000209672653, "max": 0.0949792563915, "mean": 0.0149661675096, "median": 0.0102547453716, "min": 3.81111293532e-23, "var": 0.000241389483563}, "spectral_energyband_middle_high": {"dmean": 0.000839649117552, "dmean2": 0.00130214344244, "dvar": 1.97154508896e-06, "dvar2": 4.48824357591e-06, "max": 0.0192938037217, "mean": 0.00306136813015, "median": 0.00140052870847, "min": 1.44867406182e-21, "var": 1.10374485303e-05}, "spectral_energyband_middle_low": {"dmean": 0.00307924719527, "dmean2": 0.00497817527503, "dvar": 2.10792768485e-05, "dvar2": 5.63162429899e-05, "max": 0.0719153285027, "mean": 0.0172820873559, "median": 0.0178355947137, "min": 2.56720910274e-22, "var": 8.64231551532e-05}, "spectral_entropy": {"dmean": 0.28084692359, "dmean2": 0.401405483484, "dvar": 0.151660948992, "dvar2": 0.328436791897, "max": 9.80881786346, "mean": 6.94107103348, "median": 7.23066520691, "min": 4.07812404633, "var": 0.949248790741}, "spectral_flux": {"dmean": 0.0224523935467, "dmean2": 0.0350713171065, "dvar": 0.000710064952727, "dvar2": 0.00151153327897, "max": 0.242399871349, "mean": 0.0688390880823, "median": 0.0611689798534, "min": 6.61842386451e-11, "var": 0.00204665400088}, "spectral_kurtosis": {"dmean": 6.93377685547, "dmean2": 10.8511066437, "dvar": 288.294372559, "dvar2": 654.680725098, "max": 257.78805542, "mean": 21.1387863159, "median": 3.17373466492, "min": -1.22775053978, "var": 2243.81616211}, "spectral_rms": {"dmean": 0.00054156803526, "dmean2": 0.000828105781693, "dvar": 4.07997390539e-07, "dvar2": 9.9821340882e-07, "max": 0.0104390559718, "mean": 0.0054519828409, "median": 0.00587629992515, "min": 3.17348924916e-12, "var": 4.56207817479e-06}, "spectral_rolloff": {"dmean": 444.025787354, "dmean2": 802.346313477, "dvar": 853958.875, "dvar2": 2252239.25, "max": 18712.3535156, "mean": 1037.89074707, "median": 495.263671875, "min": 86.1328125, "var": 1305434.5}, "spectral_skewness": {"dmean": 0.532418072224, "dmean2": 0.80106574297, "dvar": 0.767641186714, "dvar2": 1.63926553726, "max": 14.0026988983, "mean": 2.46202707291, "median": 1.31422305107, "min": -0.0660116001964, "var": 7.72582435608}, "spectral_spread": {"dmean": 787089.375, "dmean2": 1084227.875, "dvar": 1258658070530.0, "dvar2": 2559166119940.0, "max": 41185880, "mean": 4086883.5, "median": 4061340.75, "min": 344369.03125, "var": 4316592078850.0}, "spectral_strongpeak": {"dmean": 0.24305087328, "dmean2": 0.427051633596, "dvar": 0.289030700922, "dvar2": 0.799103736877, "max": 15.3609876633, "mean": 0.628221988678, "median": 0.446784973145, "min": 0, "var": 0.402934521437}, "zerocrossingrate": {"dmean": 0.00830394495279, "dmean2": 0.0103395385668, "dvar": 0.000111231762276, "dvar2": 0.00014883793483, "max": 0.4990234375, "mean": 0.0445941090584, "median": 0.0439453125, "min": 0.005859375, "var": 0.000744220335037}, "barkbands": {"dmean": [0.00017712204135, 0.00481781316921, 0.00212941481732, 0.001758556813, 0.00172683480196, 0.000808565353509, 0.000596203724854, 0.000344490224961, 0.000156304609845, 0.000106685023638, 4.3001055019e-05, 9.62318226811e-05, 9.71434128587e-05, 0.000130002372316, 0.000145487734699, 0.000138894320116, 0.000278845080175, 0.000197271932848, 0.000269923737505, 0.000181286333827, 0.000204995667445, 0.000188860925846, 0.000256458006334, 6.2122111558e-05, 2.62679968728e-05, 8.15772727947e-06, 1.0393860066e-06], "dmean2": [0.000267937604804, 0.00747980363667, 0.00365719199181, 0.00288933282718, 0.00276246271096, 0.00132780184504, 0.000932670838665, 0.000521799956914, 0.00023694599804, 0.000164640179719, 6.63007886033e-05, 0.000154470151756, 0.000152784923557, 0.000205447518965, 0.000226881675189, 0.000211715567275, 0.000456025707535, 0.000322778680129, 0.00044180842815, 0.000319347396726, 0.000339752092259, 0.000315831537591, 0.000433083012467, 0.000107359046524, 4.4894455641e-05, 1.32461373141e-05, 1.6501552409e-06], "dvar": [7.26427202835e-08, 5.94149350945e-05, 2.40586032305e-05, 1.79942526302e-05, 4.84338079332e-06, 1.18954505979e-06, 8.60722934704e-07, 3.75055691393e-07, 8.54311466014e-08, 3.34092824517e-08, 7.85778553336e-09, 2.66834092599e-08, 4.2513441656e-08, 5.00579986351e-08, 7.18680936984e-08, 5.61640653984e-08, 2.36157703171e-07, 1.23359427562e-07, 3.8318296447e-07, 1.56121870987e-07, 1.35096499321e-07, 1.54210070491e-07, 2.49650923934e-07, 2.5297909545e-08, 3.92878973798e-09, 4.12543027517e-10, 1.45041374744e-11], "dvar2": [1.57950950097e-07, 0.000151081723743, 6.9009809522e-05, 4.5535442041e-05, 1.31443885039e-05, 2.91395076601e-06, 2.12620102502e-06, 8.46110367547e-07, 1.95895864863e-07, 7.41466479326e-08, 1.68174523196e-08, 6.15382234059e-08, 9.88214665654e-08, 1.24906563315e-07, 1.75623441123e-07, 1.2929170623e-07, 6.21720630534e-07, 3.23305556549e-07, 9.20288243833e-07, 4.36814616478e-07, 3.57999795142e-07, 4.35496929185e-07, 6.99871122833e-07, 6.96867274996e-08, 1.0951673346e-08, 1.08024833523e-09, 3.72829683792e-11], "max": [0.00301153911278, 0.0735727995634, 0.0499888770282, 0.0520865432918, 0.0339607521892, 0.0214076675475, 0.0157811641693, 0.00924147572368, 0.00632301019505, 0.0031780928839, 0.00221324199811, 0.00265214429237, 0.00498105213046, 0.0032959189266, 0.0051918332465, 0.00355688878335, 0.0067870975472, 0.0058213789016, 0.0133683551103, 0.00578398397192, 0.00521185621619, 0.00481627555564, 0.00375419226475, 0.00137386459392, 0.000577785249334, 0.000250377925113, 7.61368064559e-05], "mean": [0.000355955620762, 0.0107414517552, 0.00272759492509, 0.00268546305597, 0.00718659954146, 0.00397028075531, 0.00197322084568, 0.000866730581038, 0.000421649951022, 0.000244208902586, 8.79773870111e-05, 0.000194979351363, 0.000200623864657, 0.000225546929869, 0.000295101024676, 0.000271682714811, 0.000527737545781, 0.000406736013247, 0.000529791635927, 0.000318028818583, 0.00031976547325, 0.000237030762946, 0.000261097011389, 5.7313562138e-05, 2.5749370252e-05, 9.54377992457e-06, 1.40266286053e-06], "median": [0.000109788306872, 0.00464271334931, 0.000852530472912, 0.00112043810077, 0.00635272916406, 0.00238482118584, 0.00150796910748, 0.000460307201138, 0.000117199102533, 7.99652625574e-05, 4.11957335018e-05, 7.64822907513e-05, 3.89170199924e-05, 5.92123942624e-05, 7.18831288395e-05, 6.1123224441e-05, 0.000132051674882, 6.00882412982e-05, 7.80630289228e-05, 5.78424660489e-05, 0.000111291425128, 7.02271499904e-05, 5.70059601159e-05, 1.04796472442e-05, 7.55416203901e-06, 1.98067118617e-06, 1.89777310311e-07], "min": [1.95001603719e-24, 2.81963089779e-23, 1.46284098289e-24, 4.97750050279e-24, 2.74317071232e-23, 2.72841080924e-23, 2.97697835612e-23, 1.84558536838e-23, 3.59878534288e-23, 6.39194680186e-23, 3.99434954639e-23, 5.43609792695e-23, 5.86639252067e-23, 2.68705398742e-23, 4.69683049803e-23, 5.87990286808e-23, 9.54090661719e-23, 1.60457375213e-22, 2.93195894778e-22, 2.73010547179e-22, 3.83153427224e-22, 4.86920796542e-22, 6.16086331564e-22, 7.60088611031e-22, 1.03375998383e-21, 1.57519634483e-21, 2.2225436311e-21], "var": [2.40592868295e-07, 0.000164255601703, 2.37532422034e-05, 2.22490616579e-05, 3.27513698721e-05, 1.64076827787e-05, 3.6677170101e-06, 1.24892585518e-06, 5.67501103887e-07, 1.46793723843e-07, 1.93344593669e-08, 1.06398630351e-07, 1.63877601267e-07, 1.18807541583e-07, 2.25437830181e-07, 1.69135915939e-07, 6.16138379428e-07, 3.54176961537e-07, 1.23976587929e-06, 2.34451263736e-07, 2.32775818176e-07, 1.78353687375e-07, 2.26317368401e-07, 1.84552249038e-08, 2.92984481121e-09, 3.97140070829e-10, 1.41390779293e-11]}, "erbbands": {"dmean": [0.149455696344, 1.09413444996, 2.36553859711, 4.00531053543, 5.6045331955, 7.62727546692, 4.96528911591, 8.30105018616, 8.17829704285, 9.2831287384, 5.66560649872, 4.09655189514, 4.12848901749, 1.94068562984, 1.7294639349, 4.62523317337, 4.19087648392, 6.32451915741, 7.8107175827, 5.36820030212, 10.2563781738, 11.0467071533, 11.4606790543, 10.3532762527, 14.4792261124, 8.6156578064, 8.11546993256, 7.45794296265, 6.62959051132, 6.03451490402, 7.84767198563, 2.39969348907, 0.866330742836, 0.340736418962, 0.172658964992, 0.0539813563228, 0.0117202959955, 0.002154646907, 0.000201528862817, 1.32627073981e-05], "dmean2": [0.229046940804, 1.70452547073, 3.96142339706, 6.69247150421, 9.3723783493, 12.1574449539, 8.13459205627, 13.8474836349, 12.6455659866, 14.7074947357, 8.66164112091, 6.06908416748, 6.32276678085, 3.07625842094, 2.71226620674, 7.32029676437, 6.60676002502, 9.91737651825, 12.2850532532, 8.50266170502, 15.9383077621, 17.9447898865, 18.5792102814, 17.8072223663, 23.2182655334, 15.0646028519, 14.0262985229, 12.2413778305, 11.0945148468, 10.3242340088, 12.978354454, 4.00188398361, 1.53949844837, 0.591552853584, 0.295186638832, 0.0894257947803, 0.0188575331122, 0.00341828912497, 0.000326022825902, 2.05585402e-05], "dvar": [0.0585837103426, 3.46111106873, 27.5092773438, 77.8315353394, 100.134712219, 101.163993835, 44.8449745178, 123.072036743, 171.025970459, 270.20123291, 110.408164978, 64.4610214233, 48.2798538208, 15.8816366196, 12.7557210922, 62.7984619141, 78.0412826538, 116.603881836, 228.97946167, 76.077293396, 263.364898682, 352.670532227, 400.872528076, 544.643371582, 1385.67797852, 320.444793701, 313.225524902, 167.416549683, 218.843688965, 174.615280151, 188.554153442, 27.1327610016, 5.2596077919, 0.747883915901, 0.152294665575, 0.0138024836779, 0.000942354090512, 5.62455206818e-05, 6.29617659342e-07, 5.30616106609e-10], "dvar2": [0.147655054927, 8.7209148407, 77.2123413086, 193.312789917, 281.366546631, 274.838104248, 125.482620239, 319.335113525, 358.220428467, 709.125305176, 255.639587402, 143.064819336, 112.791946411, 36.7132797241, 30.3095417023, 142.587097168, 183.989807129, 294.605529785, 564.849060059, 186.759338379, 631.038391113, 923.830871582, 1048.15905762, 1465.7277832, 3211.07788086, 886.997314453, 868.982971191, 444.043945312, 612.483337402, 497.194793701, 516.602722168, 74.8109054565, 14.8422784805, 2.07918405533, 0.427685081959, 0.0370414182544, 0.00243787607178, 0.000147075013956, 1.66752772657e-06, 1.31857802455e-09], "max": [2.082644701, 19.7431602478, 62.9069099426, 95.7875213623, 137.582000732, 160.322341919, 120.433914185, 196.963226318, 279.39642334, 343.898529053, 164.970626831, 190.13092041, 127.890144348, 84.1071472168, 82.8905715942, 133.945877075, 213.975234985, 176.123397827, 310.314575195, 102.078910828, 201.937576294, 222.816070557, 254.766860962, 356.784759521, 893.388366699, 209.23336792, 192.368515015, 124.5832901, 200.363021851, 126.195297241, 101.614707947, 40.3673858643, 17.3967037201, 7.48110198975, 3.8268904686, 0.993081867695, 0.410861641169, 0.110510624945, 0.0167288258672, 0.000513868813869], "mean": [0.3173430264, 2.30733442307, 3.78994679451, 6.02856063843, 14.8123445511, 26.6709117889, 22.8586082458, 37.0709838867, 34.5916023254, 26.6993122101, 14.9079198837, 12.1922187805, 10.7871246338, 3.71016120911, 4.11905479431, 9.64961528778, 9.36339855194, 12.4567680359, 16.291103363, 12.0913209915, 22.8529014587, 22.3753623962, 24.8980731964, 18.3700485229, 30.4090461731, 15.4062137604, 12.9325714111, 10.6878566742, 8.63161182404, 6.57170629501, 8.39834213257, 2.46369886398, 0.784328103065, 0.314504414797, 0.176583468914, 0.0573859512806, 0.0145305767655, 0.00301654776558, 0.000275108992355, 5.17899279657e-05], "median": [0.154426142573, 0.72584182024, 1.19522702694, 2.99688482285, 8.95935153961, 23.5693912506, 21.5381507874, 18.3814601898, 18.7707290649, 13.6887617111, 8.10341262817, 4.07567214966, 4.73451948166, 1.89877164364, 2.25233125687, 4.14398527145, 2.83605384827, 5.18830633163, 4.28531742096, 5.52608537674, 9.2108669281, 5.5903635025, 4.19515037537, 3.10415935516, 4.81208658218, 3.13002181053, 3.66676282883, 4.11366558075, 2.61247944832, 1.72391688824, 1.82971596718, 0.518627762794, 0.156582847238, 0.0777399390936, 0.0538872927427, 0.0162788499147, 0.00224123080261, 0.000349263311364, 5.34092432645e-05, 4.8676989536e-05], "min": [1.25979041836e-21, 3.73443854572e-21, 3.25218033365e-21, 1.44344697101e-20, 2.1199319165e-20, 1.12608891849e-19, 2.13826744107e-19, 1.71366270795e-19, 2.2772990537e-19, 6.24767552107e-19, 8.04818922066e-19, 8.52908411145e-19, 9.51501929512e-19, 1.52003122953e-18, 1.66774686857e-18, 3.07900922423e-18, 2.55891300343e-18, 2.03335987214e-18, 3.80795241967e-18, 3.91437954523e-18, 3.80306047352e-18, 6.02161926058e-18, 9.04535400153e-18, 1.17761394198e-17, 1.56515376651e-17, 1.05166303786e-17, 1.34830506021e-17, 1.46955104372e-17, 1.63121902767e-17, 1.4113491269e-17, 1.62466891527e-17, 1.47348610733e-17, 1.23358677249e-17, 1.1355379112e-17, 6.2524998452e-18, 4.90369913837e-18, 2.97058073517e-18, 1.17899014305e-18, 2.89163756434e-19, 2.93010540486e-20], "var": [0.159864068031, 8.77347564697, 35.7896232605, 97.7088165283, 270.006225586, 491.982025146, 259.386291504, 1543.74829102, 1725.27075195, 934.19732666, 368.182769775, 448.707763672, 225.058837891, 31.0731201172, 33.4987182617, 248.870574951, 306.780090332, 301.426391602, 725.796569824, 227.84765625, 879.992492676, 976.290344238, 1286.10180664, 962.003540039, 5112.73095703, 538.392944336, 435.43951416, 246.129898071, 243.786437988, 156.020828247, 204.926605225, 23.2601852417, 3.59418988228, 0.530554533005, 0.119080133736, 0.0124928690493, 0.000970719847828, 5.73158868065e-05, 5.56300619792e-07, 1.46146472702e-09]}, "gfcc": {"mean": [-44.9691734314, 114.275894165, -99.2025680542, 38.2599639893, -68.4256515503, -6.54695129395, -43.2172622681, -7.38086462021, -15.5162410736, 0.0850008949637, -8.81875419617, 1.61871397495, -8.31635189056], "cov": [[17279.5761719, -3522.78173828, -1487.18103027, 3367.91894531, 720.867736816, 1172.55053711, 79.6573028564, 993.158630371, 322.965301514, 851.083618164, -352.00189209, 383.622650146, -541.252319336], [-3522.78173828, 3248.09350586, 1597.5723877, -674.974060059, 368.563934326, -265.454864502, 434.307006836, -318.520355225, -51.3629837036, -392.554382324, 449.899597168, -335.357055664, 270.716339111], [-1487.18103027, 1597.5723877, 2097.97241211, 385.933319092, 182.389938354, 370.575958252, 379.416870117, -129.072174072, -60.4888725281, -140.370559692, 293.075317383, -34.9294967651, 144.033004761], [3367.91894531, -674.974060059, 385.933319092, 1878.97143555, 472.273284912, 568.851928711, 230.3046875, 317.890838623, 17.7975463867, 266.181182861, 60.9189987183, 151.884628296, -76.1197357178], [720.867736816, 368.563934326, 182.389938354, 472.273284912, 529.06060791, 24.5697460175, 179.818191528, 100.408996582, 19.0445423126, 47.9141578674, 105.842803955, -30.0396518707, -0.168467625976], [1172.55053711, -265.454864502, 370.575958252, 568.851928711, 24.5697460175, 427.36328125, 107.524932861, 105.254257202, 24.9083766937, 95.5606155396, 11.7405900955, 93.2980194092, -21.8868713379], [79.6573028564, 434.307006836, 379.416870117, 230.3046875, 179.818191528, 107.524932861, 278.950714111, 84.6543807983, 42.7847251892, 37.7868728638, 103.052444458, 4.63914489746, 48.2816543579], [993.158630371, -318.520355225, -129.072174072, 317.890838623, 100.408996582, 105.254257202, 84.6543807983, 209.737014771, 74.613609314, 116.73651886, -20.1492366791, 53.3497428894, -23.8792629242], [322.965301514, -51.3629837036, -60.4888725281, 17.7975463867, 19.0445423126, 24.9083766937, 42.7847251892, 74.613609314, 124.815162659, 69.7682266235, -12.8559513092, 27.3448219299, 4.26003599167], [851.083618164, -392.554382324, -140.370559692, 266.181182861, 47.9141578674, 95.5606155396, 37.7868728638, 116.73651886, 69.7682266235, 169.395904541, 12.7712039948, 94.7665176392, -23.4908332825], [-352.00189209, 449.899597168, 293.075317383, 60.9189987183, 105.842803955, 11.7405900955, 103.052444458, -20.1492366791, -12.8559513092, 12.7712039948, 186.219482422, 28.3425769806, 51.4348068237], [383.622650146, -335.357055664, -34.9294967651, 151.884628296, -30.0396518707, 93.2980194092, 4.63914489746, 53.3497428894, 27.3448219299, 94.7665176392, 28.3425769806, 160.674743652, 21.7979869843], [-541.252319336, 270.716339111, 144.033004761, -76.1197357178, -0.168467625976, -21.8868713379, 48.2816543579, -23.8792629242, 4.26003599167, -23.4908332825, 51.4348068237, 21.7979869843, 108.212371826]], "icov": [[0.000142251388752, -0.000116049748613, 0.000170599203557, -0.000185913508176, -4.63522846985e-05, -0.000264929840341, 0.000112456720672, -0.000126274419017, -7.32934640837e-05, -0.000158348368132, 0.0002286513336, -0.000174900982529, 0.000407346873544], [-0.000116049748613, 0.00422285031527, -0.00149195839185, 0.0010354219703, -0.00135725585278, 0.00100175396074, -0.00254298164509, 0.0016091989819, -0.00354909454472, 0.00501961540431, -0.00661658402532, 0.00578103680164, -0.00353060336784], [0.000170599203557, -0.00149195839185, 0.00197007087991, -0.000695136841387, 0.000478377420222, -0.00186506472528, -0.000231493148021, 0.000572677643504, 0.000621664861683, -0.000216847722186, 0.00111802096944, -0.0017687517684, 0.00108107621782], [-0.000185913508176, 0.0010354219703, -0.000695136841387, 0.00219369144179, -0.00162574637216, -0.0011703929631, -0.000223649985855, -0.000595866295043, 0.000973061658442, -0.000334649637807, -0.00122562376782, 0.00136080023367, -0.00112534407526], [-4.63522846985e-05, -0.00135725585278, 0.000478377420222, -0.00162574637216, 0.00452293362468, 0.0015984212514, -0.000736790127121, -0.00105372967664, 0.000553991703782, -0.00096812407719, 0.000366239371942, -0.000587131362408, 0.00152206141502], [-0.000264929840341, 0.00100175396074, -0.00186506472528, -0.0011703929631, 0.0015984212514, 0.00733935181051, -0.00175014266279, -0.000208991084946, -0.00091951264767, 0.000765261414926, -0.000162652009749, -0.000749977421947, 0.0004803291813], [0.000112456720672, -0.00254298164509, -0.000231493148021, -0.000223649985855, -0.000736790127121, -0.00175014266279, 0.0105606447905, -0.00499920779839, 0.00107822741847, -0.00395027734339, 0.0016145631671, -0.00125072686933, -0.00051056506345], [-0.000126274419017, 0.0016091989819, 0.000572677643504, -0.000595866295043, -0.00105372967664, -0.000208991084946, -0.00499920779839, 0.0133201545104, -0.0044578849338, -0.000997829134576, -0.000218429515371, 0.00150902394671, -0.000954036309849], [-7.32934640837e-05, -0.00354909454472, 0.000621664861683, 0.000973061658442, 0.000553991703782, -0.00091951264767, 0.00107822741847, -0.0044578849338, 0.017225522548, -0.011228993535, 0.00820668879896, -0.00374919245951, 0.000458087335574], [-0.000158348368132, 0.00501961540431, -0.000216847722186, -0.000334649637807, -0.00096812407719, 0.000765261414926, -0.00395027734339, -0.000997829134576, -0.011228993535, 0.0257899463177, -0.0119458548725, -0.000272039847914, 0.000172548796399], [0.0002286513336, -0.00661658402532, 0.00111802096944, -0.00122562376782, 0.000366239371942, -0.000162652009749, 0.0016145631671, -0.000218429515371, 0.00820668879896, -0.0119458548725, 0.0213978756219, -0.0114003578201, 0.00375476339832], [-0.000174900982529, 0.00578103680164, -0.0017687517684, 0.00136080023367, -0.000587131362408, -0.000749977421947, -0.00125072686933, 0.00150902394671, -0.00374919245951, -0.000272039847914, -0.0114003578201, 0.0210666935891, -0.0100237270817], [0.000407346873544, -0.00353060336784, 0.00108107621782, -0.00112534407526, 0.00152206141502, 0.0004803291813, -0.00051056506345, -0.000954036309849, 0.000458087335574, 0.000172548796399, 0.00375476339832, -0.0100237270817, 0.0182512383908]]}, "melbands": {"dmean": [0.0013097388437, 0.0012062912574, 0.00073071278166, 0.000410483655287, 0.000220089525101, 0.000179495982593, 0.000127120976686, 9.3937960628e-05, 4.11896398873e-05, 2.68529620371e-05, 2.0356834284e-05, 8.01747955848e-06, 5.41264034837e-06, 1.05410335891e-05, 8.4816965682e-06, 1.186884856e-05, 1.34254451041e-05, 1.21751290862e-05, 9.17377656151e-06, 9.809864423e-06, 1.50091482283e-05, 1.49533607328e-05, 1.05790877569e-05, 1.00899551398e-05, 9.02467036212e-06, 1.171958138e-05, 7.31715181246e-06, 5.89420415054e-06, 5.00327450936e-06, 6.8084641498e-06, 3.35573508892e-06, 3.31358364747e-06, 5.05012758367e-06, 3.09981373903e-06, 4.72511919725e-06, 3.2975835893e-06, 1.05532728867e-06, 6.84919712057e-07, 3.36075800078e-07, 2.66501587021e-07], "dmean2": [0.00203223270364, 0.00194002664648, 0.00122372678015, 0.000660065154079, 0.000354159245035, 0.000295727077173, 0.000195342930965, 0.000148133505718, 6.29119385849e-05, 3.969779209e-05, 3.1249364838e-05, 1.28448373289e-05, 8.42816461954e-06, 1.66840127349e-05, 1.36584121719e-05, 1.82985149877e-05, 2.13603998418e-05, 1.9268174583e-05, 1.44681362144e-05, 1.5170907318e-05, 2.3808061087e-05, 2.45905230258e-05, 1.73277967406e-05, 1.68255701283e-05, 1.5734032786e-05, 1.89572747331e-05, 1.19755422929e-05, 1.03727479654e-05, 8.89967031981e-06, 1.12916613944e-05, 5.5644600252e-06, 5.67406823393e-06, 8.23235041025e-06, 5.47326908418e-06, 7.9463743532e-06, 5.39648181075e-06, 1.84588304819e-06, 1.23500944937e-06, 5.83639405249e-07, 4.66308449631e-07], "dvar": [4.32475280832e-06, 5.51553921468e-06, 2.46349577537e-06, 3.15058144906e-07, 7.99060018153e-08, 6.06535479619e-08, 3.79992002308e-08, 2.77583627195e-08, 6.0238813937e-09, 2.8647286765e-09, 1.19395215936e-09, 2.76218686812e-10, 1.11254255808e-10, 3.20120846498e-10, 1.92981242098e-10, 7.61351093281e-10, 5.73249780977e-10, 5.26585830496e-10, 2.48843168293e-10, 3.17735365796e-10, 6.56330212401e-10, 6.84714118737e-10, 3.55514978567e-10, 3.56462720452e-10, 4.73549865987e-10, 8.73203009899e-10, 2.44804509997e-10, 1.53376561451e-10, 1.55021051551e-10, 1.45559606035e-10, 4.06647528151e-11, 9.19455692139e-11, 7.73258332365e-11, 6.82111242489e-11, 7.35327007617e-11, 3.56054352668e-11, 7.89022232967e-12, 3.4989847391e-12, 7.08772070982e-13, 4.8807138886e-13], "dvar2": [1.11141180241e-05, 1.45280555444e-05, 6.3818720264e-06, 8.56971212215e-07, 2.22568516506e-07, 1.47566396436e-07, 8.11088938235e-08, 7.08166965069e-08, 1.37034144032e-08, 6.30945162783e-09, 2.77934364412e-09, 6.50221598786e-10, 2.59284482773e-10, 7.24680704334e-10, 4.75362471608e-10, 1.69997027566e-09, 1.4645440416e-09, 1.31429578332e-09, 6.17393469682e-10, 7.48057282784e-10, 1.63903401962e-09, 1.81906467667e-09, 9.04264940704e-10, 9.90562964986e-10, 1.28082877637e-09, 2.04949501814e-09, 6.13504913538e-10, 4.28309249179e-10, 4.40531638946e-10, 3.79441672527e-10, 1.09599863907e-10, 2.58940230369e-10, 2.05351097238e-10, 1.92243249098e-10, 2.03421945955e-10, 9.68810379143e-11, 2.17397887886e-11, 9.89479245067e-12, 1.96937952057e-12, 1.36009075096e-12], "max": [0.0183158647269, 0.028405232355, 0.0183511786163, 0.00811507180333, 0.00497179850936, 0.00478425761685, 0.00376983871683, 0.00319630582817, 0.00124719913583, 0.00119028310291, 0.000629871792626, 0.000353266659658, 0.000236128733377, 0.000341087783454, 0.000223077804549, 0.000692099507432, 0.000400081829866, 0.000451288302429, 0.000285154586891, 0.00030781692476, 0.000361033395166, 0.000354041869286, 0.000282892928226, 0.000319291139022, 0.00028455798747, 0.000672328460496, 0.000366215826944, 0.000153354500071, 0.000126100931084, 0.000249778822763, 6.975550059e-05, 0.000135372421937, 0.000114158749057, 7.58694659453e-05, 6.69539876981e-05, 5.22989466845e-05, 2.63665460807e-05, 1.49920151671e-05, 6.1049145188e-06, 6.97427094565e-06], "mean": [0.00290436390787, 0.00243023457006, 0.00131808535662, 0.00147814198863, 0.000986904487945, 0.000835813756566, 0.000514987332281, 0.000267082534265, 0.000100671881228, 7.71916529629e-05, 5.11493926751e-05, 1.35764830702e-05, 1.14474887596e-05, 2.29351153394e-05, 1.61825591931e-05, 2.42992900894e-05, 2.33403061429e-05, 2.48446449405e-05, 1.82753537956e-05, 1.94315725821e-05, 3.11137955578e-05, 2.72148754448e-05, 2.08051988011e-05, 1.99679361685e-05, 1.30355829242e-05, 2.30887908401e-05, 1.50762671183e-05, 9.38921402849e-06, 6.78874221194e-06, 1.02798048829e-05, 4.52915128335e-06, 4.0943282329e-06, 6.02160798735e-06, 2.79926075564e-06, 4.8801534831e-06, 3.59479099643e-06, 9.210149301e-07, 5.97815699166e-07, 3.16375604825e-07, 2.40365608306e-07], "median": [0.00140123639721, 0.000789124460425, 0.000812971964478, 0.00109457038343, 0.000929264933802, 0.00040691770846, 0.000310911884299, 0.000140529169585, 4.81388196931e-05, 2.00050963031e-05, 2.18008299271e-05, 6.19612183073e-06, 5.72913995711e-06, 1.04264208858e-05, 7.45522675061e-06, 4.35700303569e-06, 7.2944171734e-06, 6.3007969402e-06, 4.96803841088e-06, 4.61512581751e-06, 9.71230747382e-06, 6.2768490352e-06, 3.50504501512e-06, 3.27282623402e-06, 1.63101026374e-06, 3.35314871336e-06, 1.86959891835e-06, 1.78261825567e-06, 1.12320060452e-06, 3.05314983962e-06, 1.55736938723e-06, 1.08441122393e-06, 1.64459697771e-06, 5.81762606089e-07, 1.03710704025e-06, 7.47067190332e-07, 1.38986095521e-07, 1.11883188936e-07, 6.78851890257e-08, 5.91211453127e-08], "min": [9.27390165546e-24, 2.82671759028e-24, 2.56165717069e-24, 5.84146214948e-24, 6.74333605684e-24, 4.41690083923e-24, 4.57173214682e-24, 6.10089089108e-24, 5.71438139082e-24, 5.13421166592e-24, 3.93641118389e-24, 6.0352931625e-24, 5.21194128635e-24, 5.54345732076e-24, 2.46959789191e-24, 6.65809648059e-24, 3.09345986133e-24, 4.52375480986e-24, 4.03500893628e-24, 3.53097572722e-24, 4.47966537386e-24, 5.58917851553e-24, 5.90154100716e-24, 9.47868442443e-24, 8.20053175388e-24, 1.06704623479e-23, 6.94920508728e-24, 5.57403435831e-24, 6.55581908651e-24, 7.97310078832e-24, 7.91108291054e-24, 8.3119331132e-24, 8.30233267598e-24, 7.00131960526e-24, 9.22194885396e-24, 7.62131773397e-24, 8.9264833685e-24, 6.29838813516e-24, 1.07145415287e-23, 9.18395889049e-24], "var": [1.19700553114e-05, 1.07235709947e-05, 3.17105536851e-06, 1.76462708623e-06, 4.84324289118e-07, 8.29477642128e-07, 3.29609065375e-07, 1.00850002127e-07, 1.96683327403e-08, 2.06969446026e-08, 5.39423128387e-09, 5.00205044052e-10, 2.85323237259e-10, 1.41855549529e-09, 5.05378572324e-10, 2.84903878267e-09, 1.33212219033e-09, 1.65444236089e-09, 7.39302619124e-10, 9.62403712279e-10, 1.89955962071e-09, 1.64397540026e-09, 1.03973873955e-09, 9.04189167983e-10, 6.86338874623e-10, 3.16075632334e-09, 7.60994822713e-10, 2.24895282952e-10, 1.48441314796e-10, 2.86754897605e-10, 5.38032708663e-11, 8.07823113957e-11, 1.08439431046e-10, 4.76627834423e-11, 7.33291830035e-11, 3.90340433587e-11, 5.52354776501e-12, 2.31479245494e-12, 5.16174939163e-13, 3.35858700877e-13]}, "mfcc": {"mean": [-688.620056152, 134.862167358, 21.9335460663, 36.4576148987, -2.39372491837, 3.42321443558, -19.2095928192, -4.84866094589, -11.959936142, -4.59697198868, -4.20904922485, 0.297044992447, 0.524683117867], "cov": [[15277.9169922, -3777.59033203, -1899.1940918, 2235.10400391, 695.889709473, 989.964599609, 121.33455658, 712.530029297, 393.482452393, 996.255249023, 374.729187012, 595.385742188, 22.8769550323], [-3777.59033203, 3208.41772461, 1167.49902344, -419.337524414, 1.93073487282, -177.213577271, 329.012542725, -103.84400177, -101.909744263, -160.249893188, -136.618286133, -68.1057052612, 30.0397262573], [-1899.1940918, 1167.49902344, 2102.87426758, 210.687286377, 231.295547485, 476.467010498, 468.518768311, 217.870147705, -30.9848651886, -20.2953929901, -128.393966675, 150.254776001, 84.94090271], [2235.10400391, -419.337524414, 210.687286377, 1154.97290039, 477.009857178, 446.248168945, 400.893981934, 266.708770752, 113.001869202, 269.442749023, 40.6927261353, 278.670166016, 78.8052902222], [695.889709473, 1.93073487282, 231.295547485, 477.009857178, 386.472259521, 232.554138184, 241.832885742, 117.889015198, 16.9496974945, 113.321685791, -5.04635047913, 106.034141541, 24.2411518097], [989.964599609, -177.213577271, 476.467010498, 446.248168945, 232.554138184, 407.275756836, 232.300415039, 184.952880859, 46.0117988586, 118.373542786, 5.61770343781, 158.289306641, 42.071308136], [121.33455658, 329.012542725, 468.518768311, 400.893981934, 241.832885742, 232.300415039, 381.081268311, 137.340988159, 21.5015392303, 93.638671875, -18.6646385193, 130.232803345, 54.3846817017], [712.530029297, -103.84400177, 217.870147705, 266.708770752, 117.889015198, 184.952880859, 137.340988159, 178.844314575, 73.3625869751, 104.281364441, 21.8000431061, 100.176506042, 35.8309440613], [393.482452393, -101.909744263, -30.9848651886, 113.001869202, 16.9496974945, 46.0117988586, 21.5015392303, 73.3625869751, 140.072052002, 94.9537200928, 33.0101127625, 27.9525279999, 11.3572378159], [996.255249023, -160.249893188, -20.2953929901, 269.442749023, 113.321685791, 118.373542786, 93.638671875, 104.281364441, 94.9537200928, 205.367248535, 61.9597167969, 74.6341094971, 6.44251775742], [374.729187012, -136.618286133, -128.393966675, 40.6927261353, -5.04635047913, 5.61770343781, -18.6646385193, 21.8000431061, 33.0101127625, 61.9597167969, 93.54296875, 37.3549385071, 9.68964958191], [595.385742188, -68.1057052612, 150.254776001, 278.670166016, 106.034141541, 158.289306641, 130.232803345, 100.176506042, 27.9525279999, 74.6341094971, 37.3549385071, 170.017990112, 63.7526550293], [22.8769550323, 30.0397262573, 84.94090271, 78.8052902222, 24.2411518097, 42.071308136, 54.3846817017, 35.8309440613, 11.3572378159, 6.44251775742, 9.68964958191, 63.7526550293, 94.9636383057]], "icov": [[0.000212827289943, 3.31567898684e-05, 0.000288902898319, -0.000183984302566, 0.000108096486656, -0.0004917049082, 0.000311209325446, -0.000485501193907, 0.000369543908164, -0.000593794626184, 0.000185244978638, -0.000120759948913, 8.59695064719e-05], [3.31567898684e-05, 0.000669654167723, -0.000392310175812, 0.000281051325146, -0.000206512704608, 0.000927892746404, -0.000865307229105, 0.000419062242145, -0.000158568436746, -0.000160450319527, 9.35495409067e-05, -0.00022253212228, 4.66258061351e-05], [0.000288902898319, -0.000392310175812, 0.00172126328107, 0.00018185438239, 0.000363282917533, -0.00253619719297, -7.02228571754e-05, -0.0014377933694, 0.000715620757546, -0.000373687158572, 0.00109363568481, -9.8287819128e-05, -0.00012826618331], [-0.000183984302566, 0.000281051325146, 0.00018185438239, 0.00359563180245, -0.00221606413834, -0.000380523619242, -0.00165374588687, 0.000374931260012, -0.00109562452417, -0.000533938058652, 0.00098244426772, -0.0023018817883, -3.8828671677e-05], [0.000108096486656, -0.000206512704608, 0.000363282917533, -0.00221606413834, 0.00684969313443, -0.00178255361971, -0.00147131772246, -0.000255383638432, 0.00198481115513, -0.00133870227728, 0.000505153555423, 0.0015565600479, 0.000290441646939], [-0.0004917049082, 0.000927892746404, -0.00253619719297, -0.000380523619242, -0.00178255361971, 0.0107480874285, -0.00138248084113, -0.00183648592792, -0.000491864804644, 0.000852602825034, -8.37441839394e-05, -0.00256458600052, 0.00131847325247], [0.000311209325446, -0.000865307229105, -7.02228571754e-05, -0.00165374588687, -0.00147131772246, -0.00138248084113, 0.0087555218488, -0.00235549733043, 0.00160579255316, -0.00202020513825, 0.00175549904816, -0.00118835619651, -0.000939791963901], [-0.000485501193907, 0.000419062242145, -0.0014377933694, 0.000374931260012, -0.000255383638432, -0.00183648592792, -0.00235549733043, 0.017090478912, -0.00578806735575, -0.000750818406232, -0.000450230319984, -0.00209177285433, -0.00106798158959], [0.000369543908164, -0.000158568436746, 0.000715620757546, -0.00109562452417, 0.00198481115513, -0.000491864804644, 0.00160579255316, -0.00578806735575, 0.0134743331, -0.00599932018667, 6.12988660578e-05, 0.00215542456135, -0.00145195517689], [-0.000593794626184, -0.000160450319527, -0.000373687158572, -0.000533938058652, -0.00133870227728, 0.000852602825034, -0.00202020513825, -0.000750818406232, -0.00599932018667, 0.0142663829029, -0.00624360283837, 0.0004160432145, 0.00248277792707], [0.000185244978638, 9.35495409067e-05, 0.00109363568481, 0.00098244426772, 0.000505153555423, -8.37441839394e-05, 0.00175549904816, -0.000450230319984, 6.12988660578e-05, -0.00624360283837, 0.0180272329599, -0.00555001245812, -0.000492270628456], [-0.000120759948913, -0.00022253212228, -9.8287819128e-05, -0.0023018817883, 0.0015565600479, -0.00256458600052, -0.00118835619651, -0.00209177285433, 0.00215542456135, 0.0004160432145, -0.00555001245812, 0.0168356075883, -0.00671582529321], [8.59695064719e-05, 4.66258061351e-05, -0.00012826618331, -3.8828671677e-05, 0.000290441646939, 0.00131847325247, -0.000939791963901, -0.00106798158959, -0.00145195517689, 0.00248277792707, -0.000492270628456, -0.00671582529321, 0.0154887773097]]}, "spectral_contrast_coeffs": {"dmean": [0.0476201176643, 0.036577552557, 0.0349296852946, 0.0313708297908, 0.0252329669893, 0.0230056121945], "dmean2": [0.0778264924884, 0.0600428730249, 0.0560183748603, 0.0492745488882, 0.0402435995638, 0.0350013785064], "dvar": [0.00163004896604, 0.00102433224674, 0.000939044693951, 0.000756771652959, 0.000586168374866, 0.000531685713213], "dvar2": [0.00393968494609, 0.00264715240337, 0.00222434452735, 0.00177519477438, 0.00137638684828, 0.00117808266077], "max": [-0.248197987676, -0.397498965263, -0.535874128342, -0.577981054783, -0.590561687946, -0.578570187092], "mean": [-0.586827397346, -0.666196286678, -0.757494449615, -0.783250749111, -0.785959482193, -0.73216098547], "median": [-0.609216988087, -0.674153625965, -0.763407111168, -0.79500991106, -0.789722919464, -0.719503164291], "min": [-0.976432025433, -0.966176688671, -0.972551763058, -0.963295102119, -0.964708983898, -0.969182670116], "var": [0.0129927536473, 0.00752668501809, 0.00440258346498, 0.00441873306409, 0.00431168172508, 0.00418878765777]}, "spectral_contrast_valleys": {"dmean": [0.418373584747, 0.29056379199, 0.341720789671, 0.407929748297, 0.419712096453, 0.561029970646], "dmean2": [0.690377652645, 0.474431812763, 0.528277397156, 0.605974555016, 0.619615972042, 0.738140881062], "dvar": [0.191699370742, 0.100172162056, 0.137740507722, 0.255659848452, 0.37525343895, 0.441055983305], "dvar2": [0.409264415503, 0.175397738814, 0.238716006279, 0.464975237846, 0.742106795311, 0.962279200554], "max": [-5.23309278488, -5.17405033112, -6.23567390442, -6.15700149536, -5.41141223907, -7.92590999603], "mean": [-7.47487831116, -6.8949704170