{"lowlevel": {"average_loudness": 0.87082952261, "barkbands_crest": {"dmean": 2.40010428429, "dmean2": 3.77653837204, "dvar": 4.46398591995, "dvar2": 10.1929693222, "max": 21.8795108795, "mean": 8.63131046295, "median": 7.76375675201, "min": 2.93062925339, "var": 11.3097448349}, "barkbands_flatness_db": {"dmean": 0.0164165850729, "dmean2": 0.0232113171369, "dvar": 0.000180124799954, "dvar2": 0.000353828101652, "max": 0.252300232649, "mean": 0.144632458687, "median": 0.146237641573, "min": 0.0277127400041, "var": 0.00114927021787}, "barkbands_kurtosis": {"dmean": 1.18736207485, "dmean2": 1.85633397102, "dvar": 1.30285060406, "dvar2": 3.07655763626, "max": 11.3474025726, "mean": 1.45835518837, "median": 1.12304401398, "min": -1.58828580379, "var": 3.1030356884}, "barkbands_skewness": {"dmean": 0.345273524523, "dmean2": 0.536586105824, "dvar": 0.0841545462608, "dvar2": 0.191053509712, "max": 3.0963075161, "mean": 0.984240889549, "median": 1.03079295158, "min": -2.20237374306, "var": 0.515878140926}, "barkbands_spread": {"dmean": 3.04226469994, "dmean2": 4.51514005661, "dvar": 7.01421642303, "dvar2": 15.4188365936, "max": 59.0694847107, "mean": 14.9325218201, "median": 13.2876672745, "min": 3.65504717827, "var": 46.0932846069}, "dissonance": {"dmean": 0.020707577467, "dmean2": 0.0347431190312, "dvar": 0.000333963689627, "dvar2": 0.00093201227719, "max": 0.499989539385, "mean": 0.460573971272, "median": 0.464584052563, "min": 0.365974664688, "var": 0.000594168668613}, "dynamic_complexity": 4.10708618164, "erbbands_crest": {"dmean": 3.29431319237, "dmean2": 5.3892250061, "dvar": 7.86078500748, "dvar2": 20.4626941681, "max": 25.7777252197, "mean": 9.87801742554, "median": 9.08117389679, "min": 2.86191725731, "var": 16.9789390564}, "erbbands_flatness_db": {"dmean": 0.0156114064157, "dmean2": 0.0226821005344, "dvar": 0.000179191469215, "dvar2": 0.000346929271473, "max": 0.302799254656, "mean": 0.203731477261, "median": 0.209814026952, "min": 0.088836170733, "var": 0.00144231179729}, "erbbands_kurtosis": {"dmean": 0.74286711216, "dmean2": 1.19625306129, "dvar": 0.553075373173, "dvar2": 1.47256183624, "max": 8.21006679535, "mean": 0.235176324844, "median": 0.0323519706726, "min": -1.50242435932, "var": 1.10871756077}, "erbbands_skewness": {"dmean": 0.319487631321, "dmean2": 0.492411315441, "dvar": 0.0659166574478, "dvar2": 0.161477401853, "max": 2.41683101654, "mean": 0.542663276196, "median": 0.544550836086, "min": -0.912700355053, "var": 0.236804351211}, "erbbands_spread": {"dmean": 4.4433555603, "dmean2": 7.06817674637, "dvar": 12.9508218765, "dvar2": 34.3010673523, "max": 64.9988937378, "mean": 24.7842960358, "median": 23.0193691254, "min": 7.65151691437, "var": 83.1231994629}, "hfc": {"dmean": 4.12923336029, "dmean2": 6.2389831543, "dvar": 25.0888690948, "dvar2": 55.3131942749, "max": 86.1518630981, "mean": 17.8533687592, "median": 15.0555429459, "min": 1.08115755226e-16, "var": 183.688461304}, "melbands_crest": {"dmean": 3.06267476082, "dmean2": 4.88381242752, "dvar": 6.94306755066, "dvar2": 15.4613933563, "max": 28.1385211945, "mean": 11.0104179382, "median": 10.0997123718, "min": 1.55577015877, "var": 21.3682060242}, "melbands_flatness_db": {"dmean": 0.0174511056393, "dmean2": 0.024159014225, "dvar": 0.000209338410059, "dvar2": 0.000389403343434, "max": 0.279398143291, "mean": 0.17215923965, "median": 0.177577063441, "min": 0.00215563108213, "var": 0.00222608726472}, "melbands_kurtosis": {"dmean": 1.95143222809, "dmean2": 3.09193849564, "dvar": 3.97138404846, "dvar2": 9.4904499054, "max": 21.3751544952, "mean": 3.5904738903, "median": 2.99808597565, "min": -1.38926804066, "var": 9.37035942078}, "melbands_skewness": {"dmean": 0.395750313997, "dmean2": 0.628288686275, "dvar": 0.10905560106, "dvar2": 0.272853940725, "max": 4.12086963654, "mean": 1.42304778099, "median": 1.4024605751, "min": -0.355576217175, "var": 0.413264155388}, "melbands_spread": {"dmean": 4.95632457733, "dmean2": 7.50431442261, "dvar": 35.9360122681, "dvar2": 75.1754608154, "max": 159.822998047, "mean": 23.8752670288, "median": 18.9963512421, "min": 5.25805425644, "var": 485.078094482}, "pitch_salience": {"dmean": 0.0564710609615, "dmean2": 0.0899649560452, "dvar": 0.00218807836063, "dvar2": 0.00573108624667, "max": 0.952592849731, "mean": 0.612881243229, "median": 0.615312218666, "min": 0.329863488674, "var": 0.00659237010404}, "silence_rate_20dB": {"dmean": 0, "dmean2": 0, "dvar": 0, "dvar2": 0, "max": 1, "mean": 1, "median": 1, "min": 1, "var": 0}, "silence_rate_30dB": {"dmean": 0.00149476830848, "dmean2": 0.00299177272245, "dvar": 0.00149254465941, "dvar2": 0.00298285996541, "max": 1, "mean": 0.998506367207, "median": 1, "min": 0, "var": 0.00149143289309}, "silence_rate_60dB": {"dmean": 0.00448430515826, "dmean2": 0.0089753177017, "dvar": 0.00446411874145, "dvar2": 0.0103903766721, "max": 1, "mean": 0.110530249774, "median": 0, "min": 0, "var": 0.0983131080866}, "spectral_centroid": {"dmean": 182.019042969, "dmean2": 269.086120605, "dvar": 64177.6132812, "dvar2": 109115.765625, "max": 11683.5566406, "mean": 1583.34936523, "median": 1200.74194336, "min": 547.207214355, "var": 3166492.75}, "spectral_complexity": {"dmean": 2.57249617577, "dmean2": 3.84592366219, "dvar": 5.27308988571, "dvar2": 11.7189731598, "max": 40, "mean": 19.9275569916, "median": 21, "min": 0, "var": 66.6424255371}, "spectral_decrease": {"dmean": 1.23752463832e-09, "dmean2": 1.88263804546e-09, "dvar": 2.25322944204e-18, "dvar2": 4.89065325934e-18, "max": 1.02478190673e-28, "mean": -4.99016916677e-09, "median": -4.16818712878e-09, "min": -2.95937923056e-08, "var": 1.48902552232e-17}, "spectral_energy": {"dmean": 0.00501007912681, "dmean2": 0.00760179990903, "dvar": 3.66049607692e-05, "dvar2": 8.00474517746e-05, "max": 0.119119688869, "mean": 0.0204533673823, "median": 0.0170313175768, "min": 1.01255380731e-20, "var": 0.000247084914008}, "spectral_energyband_high": {"dmean": 6.42139857518e-05, "dmean2": 8.33194571896e-05, "dvar": 1.07191500121e-08, "dvar2": 1.6427918581e-08, "max": 0.0020327558741, "mean": 0.000217233289732, "median": 0.000130527245346, "min": 7.01922849593e-21, "var": 8.24803549904e-08}, "spectral_energyband_low": {"dmean": 0.000157329282956, "dmean2": 0.00022600714874, "dvar": 6.74846276638e-08, "dvar2": 1.61754599048e-07, "max": 0.00470523536205, "mean": 0.000522461778019, "median": 0.00023183671874, "min": 1.71373720772e-23, "var": 5.18551019013e-07}, "spectral_energyband_middle_high": {"dmean": 0.00215734005906, "dmean2": 0.00347898062319, "dvar": 8.13002134237e-06, "dvar2": 1.95189404621e-05, "max": 0.0465872809291, "mean": 0.00669084209949, "median": 0.00534466654062, "min": 1.24932716926e-21, "var": 3.31750743499e-05}, "spectral_energyband_middle_low": {"dmean": 0.00421420391649, "dmean2": 0.00650138035417, "dvar": 3.1454495911e-05, "dvar2": 6.49731373414e-05, "max": 0.102615259588, "mean": 0.0136866094545, "median": 0.0111099630594, "min": 1.40625980036e-22, "var": 0.000141702403198}, "spectral_entropy": {"dmean": 0.109365753829, "dmean2": 0.15102212131, "dvar": 0.00882175657898, "dvar2": 0.0155608737841, "max": 9.81990242004, "mean": 7.53727340698, "median": 7.44573020935, "min": 6.7909078598, "var": 0.232943743467}, "spectral_flux": {"dmean": 0.0129887592047, "dmean2": 0.0219107288867, "dvar": 0.000202141440241, "dvar2": 0.000567927665543, "max": 0.186019673944, "mean": 0.0658019706607, "median": 0.065482981503, "min": 6.35172608954e-11, "var": 0.000988491578028}, "spectral_kurtosis": {"dmean": 1.94287979603, "dmean2": 3.37680625916, "dvar": 3.50243473053, "dvar2": 10.2163906097, "max": 19.3373203278, "mean": 6.15491533279, "median": 5.9177312851, "min": -1.26094818115, "var": 8.68677997589}, "spectral_rms": {"dmean": 0.000502308947034, "dmean2": 0.000758498848882, "dvar": 2.27958622645e-07, "dvar2": 4.99367615703e-07, "max": 0.010780274868, "mean": 0.00406261114404, "median": 0.004076262936, "min": 3.14301991551e-12, "var": 3.4497300021e-06}, "spectral_rolloff": {"dmean": 321.500762939, "dmean2": 523.045654297, "dvar": 381057.78125, "dvar2": 632490.4375, "max": 19552.1484375, "mean": 2086.74047852, "median": 1291.9921875, "min": 516.796875, "var": 10492232}, "spectral_skewness": {"dmean": 0.201637849212, "dmean2": 0.341158986092, "dvar": 0.0309232398868, "dvar2": 0.0859402194619, "max": 2.950476408, "mean": 1.65772509575, "median": 1.71942853928, "min": -0.0828370526433, "var": 0.206212669611}, "spectral_spread": {"dmean": 290343.59375, "dmean2": 424329.8125, "dvar": 814745976832, "dvar2": 1440138395650.0, "max": 42164192, "mean": 4457505, "median": 3006062.5, "min": 1910401.125, "var": 44600618123300.0}, "spectral_strongpeak": {"dmean": 0.634305417538, "dmean2": 1.0008534193, "dvar": 0.526939928532, "dvar2": 1.23828601837, "max": 10.7969427109, "mean": 1.39762842655, "median": 1.1653444767, "min": 0, "var": 1.36531555653}, "zerocrossingrate": {"dmean": 0.00662281643599, "dmean2": 0.00810868293047, "dvar": 0.000218962071813, "dvar2": 0.000406259583542, "max": 0.52392578125, "mean": 0.0721474736929, "median": 0.05224609375, "min": 0.02490234375, "var": 0.00715046701953}, "barkbands": {"dmean": [4.20638421872e-08, 1.82762887562e-05, 6.651043077e-05, 0.000202771989279, 0.000566278467886, 0.00101580587216, 0.00112761242781, 0.00224790582433, 0.00128960458096, 0.00112984736916, 0.000704730220605, 0.000854851619806, 0.000435032387031, 0.000254693150055, 0.000294944940833, 0.000222237184062, 0.000230182689847, 0.000139952768222, 0.000135025766212, 4.56629313703e-05, 2.26937208936e-05, 1.52066240844e-05, 7.4794320426e-06, 5.3808098528e-06, 1.30930602609e-05, 1.2568513057e-06, 2.015334303e-06], "dmean2": [7.16319519256e-08, 3.02382377413e-05, 9.0796391305e-05, 0.000316761434078, 0.000799963891041, 0.0014767764369, 0.0016491956776, 0.00329892593436, 0.00217287288979, 0.00188200117555, 0.00116712099407, 0.00147778005339, 0.000692159170285, 0.000410509266658, 0.000494599924423, 0.000361166486982, 0.000375344796339, 0.00022742668807, 0.000219251582166, 7.32505650376e-05, 3.53261966666e-05, 2.29766301345e-05, 1.14012700578e-05, 7.56897907195e-06, 1.73883781827e-05, 1.69335771716e-06, 2.2123697363e-06], "dvar": [6.08368751223e-15, 9.04466168627e-10, 1.49122367787e-08, 9.14130993124e-08, 5.6145893268e-07, 3.11336339109e-06, 3.55611359737e-06, 1.93617524928e-05, 1.01970008473e-05, 4.31771286458e-06, 1.46188915551e-06, 2.97555538964e-06, 1.72476620719e-06, 6.15311989804e-07, 1.85611312986e-07, 2.86000357619e-07, 1.48396978261e-07, 5.82240176072e-08, 5.07201178834e-08, 3.35872729629e-09, 1.0618265156e-09, 5.83341319693e-10, 2.04179992358e-10, 1.16269112393e-10, 2.15054907216e-09, 7.44793376278e-12, 5.77475775532e-11], "dvar2": [1.5561150594e-14, 2.29912799909e-09, 3.09248342489e-08, 2.72901104381e-07, 1.14970112008e-06, 7.93521667219e-06, 6.5296712819e-06, 3.48528192262e-05, 2.88446717605e-05, 1.13413025247e-05, 3.70567272512e-06, 8.38363303046e-06, 3.32787499246e-06, 1.35690538627e-06, 4.87220688683e-07, 8.14685279238e-07, 3.85757147114e-07, 1.45176997535e-07, 1.36123588845e-07, 8.08848810152e-09, 2.66699795581e-09, 1.23626653359e-09, 5.51560186413e-10, 2.76562245327e-10, 3.71539643496e-09, 1.41904474282e-11, 7.72674979554e-11], "max": [9.59378894549e-07, 0.000567827839404, 0.00211260607466, 0.00375260296278, 0.00969473551959, 0.0480946525931, 0.0425325371325, 0.0888580605388, 0.0540192052722, 0.0292976964265, 0.0197211373597, 0.0346575714648, 0.0354635752738, 0.0170567352325, 0.00466841366142, 0.0118222525343, 0.00583596900105, 0.00541411386803, 0.00401280261576, 0.000766115088481, 0.000590858282521, 0.000550042255782, 0.000391490611946, 0.00032313563861, 0.000579271523748, 8.77033671713e-05, 0.000108552980237], "mean": [4.84083315655e-08, 5.1208804507e-05, 0.00019293295918, 0.000481309427414, 0.00150270294398, 0.00235864333808, 0.00238897977397, 0.00387027463876, 0.0021973582916, 0.00182768679224, 0.00106535875238, 0.00125904334709, 0.000735257286578, 0.00040394224925, 0.000505194300786, 0.000365877494914, 0.000415305054048, 0.000280623149592, 0.000270756863756, 0.000110463784949, 5.82498687436e-05, 4.02253317588e-05, 2.19654430111e-05, 1.56193891598e-05, 2.71881526714e-05, 3.7267038806e-06, 3.46676824847e-06], "median": [2.41061783868e-08, 2.36425366893e-05, 8.48599738674e-05, 0.000273584213573, 0.00108199054375, 0.00128449476324, 0.00118805514649, 0.00149964820594, 0.000950317131355, 0.00084581685951, 0.000519102904946, 0.000536728475709, 0.000287070695776, 0.000206850396353, 0.000318765203701, 0.000216121945414, 0.000250366108958, 0.000199550835532, 0.000185180819244, 8.26750401757e-05, 3.75304662157e-05, 2.30209352594e-05, 9.95274876914e-06, 6.19893080511e-06, 4.602511126e-06, 1.15133116196e-06, 1.27295379571e-07], "min": [1.18455501439e-25, 6.37055589178e-24, 8.92874976588e-25, 1.84770708867e-24, 1.20875886441e-23, 1.22312836023e-23, 1.97256909715e-23, 8.07448519186e-24, 1.41598591889e-23, 1.82823595049e-23, 1.57918057203e-23, 2.03059328772e-23, 2.91189512263e-23, 3.24531633501e-23, 4.49725089782e-23, 5.99520277798e-23, 9.5121270781e-23, 9.43750525409e-23, 1.59425418931e-22, 2.23479472931e-22, 2.94708715424e-22, 3.27386565293e-22, 3.70436610779e-22, 5.39862324742e-22, 8.77106394932e-22, 1.37396981762e-21, 2.04961239598e-21], "var": [6.5895707402e-15, 4.58965354611e-09, 8.03657087545e-08, 3.38788282761e-07, 2.07816242437e-06, 1.23159597933e-05, 1.38708974191e-05, 4.78504334751e-05, 1.93325868167e-05, 7.76389697421e-06, 2.52544850809e-06, 4.39974382971e-06, 3.67088409803e-06, 9.99539224722e-07, 3.24932813101e-07, 3.1429090086e-07, 2.54152155321e-07, 9.77512755185e-08, 9.30995369686e-08, 1.06076045725e-08, 4.86080065087e-09, 3.04394465189e-09, 1.47936551897e-09, 9.82750769651e-10, 5.59450974436e-09, 6.61677518332e-11, 1.56272009222e-10]}, "erbbands": {"dmean": [0.000153927248903, 0.00559041136876, 0.0523843690753, 0.401356190443, 1.02417767048, 2.15694689751, 4.77633142471, 9.62002182007, 14.6791915894, 29.9866733551, 46.2961540222, 34.8999862671, 32.8701438904, 25.4909706116, 31.5297412872, 39.5233268738, 21.1587715149, 15.0634870529, 14.7904129028, 12.7122612, 10.6391611099, 9.28393363953, 7.87399339676, 7.66553544998, 5.71766424179, 2.26521587372, 1.15029513836, 0.764118671417, 0.545088589191, 0.42094913125, 0.205704674125, 0.123287990689, 0.0908566042781, 0.13305658102, 0.108412928879, 0.0119288731366, 0.00207381043583, 0.000609172333498, 0.000335681892466, 3.6715373426e-05], "dmean2": [0.000258071901044, 0.00907209236175, 0.074442088604, 0.600812673569, 1.48857629299, 3.06652283669, 6.66843032837, 14.1718196869, 20.4329986572, 46.7191314697, 67.2598190308, 58.2045173645, 54.8893318176, 42.3232154846, 52.5652351379, 68.5015792847, 34.2144088745, 23.9128341675, 24.410282135, 21.1378650665, 17.2914562225, 14.886089325, 12.6219320297, 12.1944293976, 9.41673374176, 3.56175422668, 1.79918205738, 1.15374732018, 0.8063570261, 0.664773762226, 0.314001739025, 0.176950082183, 0.131532490253, 0.179834991693, 0.146967545152, 0.0162459947169, 0.00283616920933, 0.000772653962485, 0.000390090368455, 4.08568157582e-05], "dvar": [4.26828350442e-08, 8.99294100236e-05, 0.00913436710835, 0.396699398756, 1.96744573116, 9.94646072388, 50.5832328796, 353.243347168, 648.410522461, 3533.7421875, 10999.5849609, 9013.84472656, 4491.34960938, 3220.54077148, 3242.24780273, 6967.57568359, 3447.16259766, 1897.93884277, 574.620056152, 526.143676758, 401.325012207, 205.177947998, 155.896606445, 206.550476074, 93.2672271729, 8.0894203186, 3.15567588806, 1.00099623203, 0.583154201508, 0.692668497562, 0.154678761959, 0.0599268190563, 0.0332239419222, 0.192603841424, 0.171309992671, 0.00101705058478, 2.23100323637e-05, 2.80855647361e-06, 1.65360938809e-06, 1.57970294623e-08], "dvar2": [1.1193530014e-07, 0.000218859786401, 0.0192553233355, 1.12085390091, 4.19515657425, 20.3210983276, 109.552284241, 881.789550781, 1106.27624512, 8351.20996094, 18233.4082031, 26078.0742188, 12449.6191406, 8055.80615234, 8234.19042969, 19468.1757812, 6847.17041016, 4102.57275391, 1546.67785645, 1326.72180176, 1084.36828613, 527.458740234, 405.09942627, 570.93182373, 249.004928589, 19.1896972656, 8.38819694519, 2.42464208603, 1.25966417789, 1.75093770027, 0.432823359966, 0.137584477663, 0.0869845151901, 0.356330603361, 0.314644008875, 0.00198909291066, 4.5135471737e-05, 4.10993334299e-06, 2.46010836236e-06, 2.11175787967e-08], "max": [0.002703624079, 0.176913067698, 1.80348455906, 10.2752103806, 20.101354599, 42.4391212463, 126.280036926, 570.747619629, 645.114318848, 851.901428223, 2421.45361328, 1617.02624512, 1126.89575195, 778.980834961, 1025.73168945, 1741.00024414, 1533.60095215, 916.424255371, 260.280456543, 389.554229736, 376.160614014, 213.751296997, 252.969680786, 269.448394775, 249.827392578, 36.6523742676, 26.3341426849, 19.4740009308, 17.7285251617, 13.1314725876, 10.4957427979, 7.20886230469, 4.70936918259, 7.92711210251, 5.27436685562, 0.517943441868, 0.129060342908, 0.0232994835824, 0.0184484850615, 0.00187861407176], "mean": [0.000422676646849, 0.0170744247735, 0.168965145946, 1.12542676926, 2.55171060562, 4.98742055893, 12.3767051697, 20.9946975708, 33.1239089966, 53.2851638794, 80.74168396, 61.1897773743, 58.1344795227, 41.4941062927, 52.9845314026, 60.042224884, 37.2488899231, 26.0474147797, 25.3233356476, 22.9284114838, 20.292470932, 18.7366390228, 16.8595180511, 15.2986278534, 11.6837654114, 5.63529825211, 3.05666446686, 1.89027202129, 1.41122364998, 1.05763483047, 0.586453914642, 0.357685238123, 0.244704961777, 0.283843010664, 0.208355307579, 0.0302890259773, 0.00562857463956, 0.00142239511479, 0.000599977560341, 7.5072501204e-05], "median": [0.000271902419627, 0.00746062071994, 0.0780221000314, 0.610122978687, 1.69880902767, 3.29814553261, 7.03197813034, 9.80729961395, 17.4029331207, 24.3372764587, 33.4200592041, 26.3639659882, 28.1138477325, 19.9487552643, 28.407989502, 28.7961235046, 16.7914581299, 14.6137657166, 15.3040952682, 14.9650239944, 13.6947116852, 12.1624317169, 12.0232305527, 9.76515579224, 8.41021633148, 4.36288642883, 2.03019452095, 1.26751804352, 0.83785456419, 0.514822483063, 0.26043638587, 0.139121234417, 0.103038705885, 0.0637363269925, 0.0265713855624, 0.0080230301246, 0.00168623903301, 0.000276160659268, 3.47989771399e-05, 2.39390938077e-05], "min": [1.71609798442e-22, 2.85906895745e-22, 1.70656044151e-21, 6.52061185828e-21, 1.78569601907e-20, 3.92481787955e-20, 4.33306317735e-20, 1.16823726037e-19, 1.79826221736e-19, 2.52454695771e-19, 4.03484408088e-19, 3.34678154718e-19, 6.77668233822e-19, 8.83758422283e-19, 1.09102579215e-18, 1.29087107718e-18, 1.55470250491e-18, 2.03305236775e-18, 2.95817468035e-18, 2.7135482151e-18, 4.77283130725e-18, 5.29302906446e-18, 6.16954686465e-18, 5.09854566756e-18, 9.39359538505e-18, 1.02791402073e-17, 1.10174204107e-17, 1.19824283384e-17, 1.05692589179e-17, 1.075819276e-17, 1.279265423e-17, 1.07399798973e-17, 9.36719426144e-18, 6.8188795096e-18, 6.63663673141e-18, 4.27298095234e-18, 2.56486477474e-18, 9.5471045971e-19, 2.61472592959e-19, 2.64116330052e-20], "var": [2.03313646807e-07, 0.000490675272886, 0.0517999120057, 2.2809445858, 7.16326093674, 31.7536487579, 229.957962036, 1501.96008301, 2733.07666016, 7541.42919922, 25134.578125, 16354.9755859, 8386.578125, 4984.84814453, 5637.60742188, 10024.1962891, 7259.64355469, 3209.21435547, 958.097717285, 830.782958984, 583.333312988, 429.053253174, 299.738952637, 358.917724609, 170.499404907, 26.2796401978, 11.9745082855, 4.75303506851, 3.50357723236, 2.64932465553, 1.16290557384, 0.50804746151, 0.230732783675, 0.512426674366, 0.393381237984, 0.00399739807472, 0.000154233566718, 1.132502166e-05, 4.35017682321e-06, 4.19282173425e-08]}, "gfcc": {"mean": [-71.3200531006, 95.7233734131, -158.322509766, -4.15049362183, -73.2303695679, -14.1449747086, -42.13722229, -0.0420358367264, -29.210313797, -6.72672271729, -15.1777677536, -7.31721448898, -13.0457639694], "cov": [[54186.6484375, 3925.33227539, -6073.75439453, -395.068847656, -2651.17260742, -308.822937012, -2113.5703125, 31.3131561279, -1211.49255371, -318.747070312, -883.763549805, -375.169799805, -485.957580566], [3925.33227539, 1303.57556152, -769.364562988, -36.1979598999, -87.1666641235, -107.017601013, -94.1429977417, -74.2485809326, -83.1001815796, -148.287521362, -71.0432739258, -91.0194702148, -19.5963840485], [-6073.75439453, -769.364562988, 1217.74084473, 45.5111541748, 461.449676514, 139.974151611, 264.331542969, 31.4134616852, 173.889358521, 94.9253997803, 82.3947143555, 51.926322937, 73.968460083], [-395.068847656, -36.1979598999, 45.5111541748, 137.946990967, 4.71294355392, 36.6764373779, 8.87750816345, -3.46686434746, -2.11917543411, 2.96068143845, 0.614578783512, -1.63723039627, -5.28626871109], [-2651.17260742, -87.1666641235, 461.449676514, 4.71294355392, 337.474304199, 64.6450653076, 136.578857422, -6.05042886734, 90.064414978, 6.33160591125, 23.731256485, 0.947750091553, 42.2694892883], [-308.822937012, -107.017601013, 139.974151611, 36.6764373779, 64.6450653076, 94.0309295654, 37.4167518616, 13.0222797394, 12.734336853, 19.8378181458, -1.90502369404, 0.992958605289, 0.719024956226], [-2113.5703125, -94.1429977417, 264.331542969, 8.87750816345, 136.578857422, 37.4167518616, 138.336090088, 16.0354804993, 59.4076805115, 10.4562644958, 33.8387184143, 3.53218269348, 16.9163837433], [31.3131561279, -74.2485809326, 31.4134616852, -3.46686434746, -6.05042886734, 13.0222797394, 16.0354804993, 49.1032676697, 21.4672908783, 14.7928562164, -3.11056113243, -0.0363603830338, -7.92916727066], [-1211.49255371, -83.1001815796, 173.889358521, -2.11917543411, 90.064414978, 12.734336853, 59.4076805115, 21.4672908783, 78.7038116455, 26.372926712, 20.6492404938, -0.0405479855835, 9.95333766937], [-318.747070312, -148.287521362, 94.9253997803, 2.96068143845, 6.33160591125, 19.8378181458, 10.4562644958, 14.7928562164, 26.372926712, 62.8755187988, 23.7861328125, 11.227101326, -3.04326343536], [-883.763549805, -71.0432739258, 82.3947143555, 0.614578783512, 23.731256485, -1.90502369404, 33.8387184143, -3.11056113243, 20.6492404938, 23.7861328125, 56.0009155273, 22.3595638275, 6.24591588974], [-375.169799805, -91.0194702148, 51.926322937, -1.63723039627, 0.947750091553, 0.992958605289, 3.53218269348, -0.0363603830338, -0.0405479855835, 11.227101326, 22.3595638275, 41.9735412598, 18.1455287933], [-485.957580566, -19.5963840485, 73.968460083, -5.28626871109, 42.2694892883, 0.719024956226, 16.9163837433, -7.92916727066, 9.95333766937, -3.04326343536, 6.24591588974, 18.1455287933, 44.4234008789]], "icov": [[0.000144005360198, -0.000340788683388, 9.7249110695e-05, 0.000395257346099, 0.000214204992517, -0.000772972416598, 0.00145106948912, -0.00100939662661, 0.000765838311054, -0.000574344012421, 0.000521710491739, 0.000201826784178, 1.93124324142e-05], [-0.000340788683388, 0.00307466043159, 0.00185648270417, -0.00107174366713, -0.00230975379236, 0.00233789836057, -0.00417764484882, 0.00380368647166, -0.00225158478133, 0.00320954620838, -0.00166464748327, 0.00212297402322, -0.00106944667641], [9.7249110695e-05, 0.00185648270417, 0.00470339227468, -0.000413777655922, -0.00406455853954, -0.00051440281095, -0.00182550272439, 0.000448510312708, -0.000451254309155, -0.00163223640993, 0.000859346822836, -7.80767659307e-05, -0.00144660996739], [0.000395257346099, -0.00107174366713, -0.000413777655922, 0.00963361375034, 0.00221530208364, -0.00633746851236, 0.00419115554541, -0.000686871004291, 0.0013392289402, -4.33057975897e-05, 0.000647988519631, 0.00101138697937, 0.00115522346459], [0.000214204992517, -0.00230975379236, -0.00406455853954, 0.00221530208364, 0.0119034778327, -0.00535680120811, 0.000459760398371, 0.00313113164157, -0.00512668024749, 0.00259908824228, 0.00164325092919, 0.00106173602398, -0.00183806277346], [-0.000772972416598, 0.00233789836057, -0.00051440281095, -0.00633746851236, -0.00535680120811, 0.0227166935802, -0.0116741135716, 0.00162427511532, 0.00272567244247, -0.00431626383215, 0.00330485962331, -0.00220998493023, 0.00167441705707], [0.00145106948912, -0.00417764484882, -0.00182550272439, 0.00419115554541, 0.000459760398371, -0.0116741135716, 0.0345184318721, -0.0165421701968, 0.00336293363944, 0.00162581936456, -0.00692361732945, 0.00760712707415, -0.00155259226449], [-0.00100939662661, 0.00380368647166, 0.000448510312708, -0.000686871004291, 0.00313113164157, 0.00162427511532, -0.0165421701968, 0.0407632179558, -0.0185199975967, 0.00217724405229, 0.00736513640732, -0.00745026534423, 0.00668317824602], [0.000765838311054, -0.00225158478133, -0.000451254309155, 0.0013392289402, -0.00512668024749, 0.00272567244247, 0.00336293363944, -0.0185199975967, 0.036630384624, -0.0138626564294, -0.00151989411097, 0.00856374297291, -0.00389833236113], [-0.000574344012421, 0.00320954620838, -0.00163223640993, -4.33057975897e-05, 0.00259908824228, -0.00431626383215, 0.00162581936456, 0.00217724405229, -0.0138626564294, 0.0347397737205, -0.0152337383479, 0.0016203711275, 0.0021777714137], [0.000521710491739, -0.00166464748327, 0.000859346822836, 0.000647988519631, 0.00164325092919, 0.00330485962331, -0.00692361732945, 0.00736513640732, -0.00151989411097, -0.0152337383479, 0.0411670915782, -0.0208094138652, 0.00796189997345], [0.000201826784178, 0.00212297402322, -7.80767659307e-05, 0.00101138697937, 0.00106173602398, -0.00220998493023, 0.00760712707415, -0.00745026534423, 0.00856374297291, 0.0016203711275, -0.0208094138652, 0.0494375303388, -0.0208819843829], [1.93124324142e-05, -0.00106944667641, -0.00144660996739, 0.00115522346459, -0.00183806277346, 0.00167441705707, -0.00155259226449, 0.00668317824602, -0.00389833236113, 0.0021777714137, 0.00796189997345, -0.0208819843829, 0.0367351137102]]}, "melbands": {"dmean": [3.096321052e-06, 1.96162454813e-05, 8.09020421002e-05, 0.000103963153379, 0.000154863417265, 0.00021386280423, 0.000221973648877, 0.000354297459126, 0.000355008727638, 0.000210018188227, 0.000162089942023, 0.000109007116407, 0.000101439130958, 0.000111926543468, 6.41557053314e-05, 4.09329259128e-05, 2.93901539408e-05, 2.32386573771e-05, 1.55389188876e-05, 2.11863716686e-05, 1.25056822071e-05, 1.08909025585e-05, 1.02830099422e-05, 8.01962778496e-06, 6.734958788e-06, 5.03441242472e-06, 2.50253697232e-06, 1.53096971189e-06, 9.00806810478e-07, 6.16312547663e-07, 4.81548568132e-07, 3.49554625245e-07, 3.19473429045e-07, 2.25457696956e-07, 1.43770961358e-07, 8.83359803083e-08, 8.16507750301e-08, 6.33260057725e-08, 7.67693109083e-08, 1.36636600701e-07], "dmean2": [5.17321723237e-06, 2.79377181869e-05, 0.000123170189909, 0.000146016507642, 0.000217949505895, 0.000314833363518, 0.00031086045783, 0.00054449349409, 0.000523521448486, 0.000353466079105, 0.000270767748589, 0.000181578099728, 0.000169450271642, 0.000192653824342, 0.000110239940113, 6.34849275229e-05, 4.74898333778e-05, 3.84063023375e-05, 2.57438096014e-05, 3.52218630724e-05, 2.05360374821e-05, 1.77388155862e-05, 1.67895468621e-05, 1.29550608108e-05, 1.08270342025e-05, 8.30254703033e-06, 4.10617030866e-06, 2.43564682023e-06, 1.45280341712e-06, 9.90470653051e-07, 7.51285369915e-07, 5.17437172221e-07, 5.02994566887e-07, 3.62025815548e-07, 2.27620901683e-07, 1.36511516757e-07, 1.19018089606e-07, 9.73161107254e-08, 1.15583645766e-07, 1.86830064308e-07], "dvar": [2.20751229796e-11, 1.35527300493e-09, 1.26323511651e-08, 2.24060308085e-08, 4.82767958943e-08, 1.55475220254e-07, 1.48706917003e-07, 4.79709228784e-07, 6.02833267749e-07, 3.26438765796e-07, 1.07762879509e-07, 6.42235136183e-08, 3.00803648656e-08, 4.2802351885e-08, 1.17947909217e-08, 2.78979683799e-08, 8.90382434449e-09, 1.38745981371e-09, 4.81200246316e-10, 2.53814236295e-09, 5.02029140481e-10, 3.30460436793e-10, 3.05576230986e-10, 2.77159878381e-10, 1.79608522499e-10, 8.57488108297e-11, 1.15350038549e-11, 4.16204657544e-12, 2.36790947093e-12, 9.27486494724e-13, 3.93962260817e-13, 2.49833817913e-13, 3.47097052706e-13, 2.15543701594e-13, 8.11686736704e-14, 2.39701701278e-14, 3.14504891856e-14, 1.87585627505e-14, 2.79597173322e-14, 2.42569934408e-13], "dvar2": [5.69449348786e-11, 2.83732237705e-09, 3.55837208588e-08, 4.19369996507e-08, 1.1063229266e-07, 3.88739096024e-07, 2.5312328944e-07, 1.11119811663e-06, 1.01266618913e-06, 9.42013343774e-07, 2.98321651826e-07, 1.60971623586e-07, 7.60322294013e-08, 1.19078364946e-07, 3.32839888983e-08, 4.80589257279e-08, 1.96233269634e-08, 3.67857788675e-09, 1.21061616287e-09, 7.11529590802e-09, 1.30761557138e-09, 8.54734061306e-10, 8.15825185185e-10, 6.74045042004e-10, 5.04516817212e-10, 2.21669377298e-10, 3.21673937487e-11, 1.00622201543e-11, 6.72320315739e-12, 2.32328804632e-12, 9.77000706899e-13, 5.7429419293e-13, 8.70560839129e-13, 5.9048371661e-13, 2.36313328931e-13, 5.77676063452e-14, 6.96945078689e-14, 4.95184575039e-14, 7.73367711559e-14, 4.42430841312e-13], "max": [8.32041696412e-05, 0.000665810483042, 0.0014411166776, 0.00263553438708, 0.00377172371373, 0.0112307509407, 0.00989557243884, 0.0106139061972, 0.0178386513144, 0.00949992332608, 0.00557247642428, 0.00348706357181, 0.00270584505051, 0.00401426572353, 0.00197554309852, 0.00485005648807, 0.00204286398366, 0.000423309131293, 0.000332042051014, 0.0010921076173, 0.000382943078876, 0.000237070169533, 0.000400185817853, 0.00042280118214, 0.000251146353548, 0.000251212710282, 4.32109045505e-05, 2.85951464321e-05, 2.52605532296e-05, 1.79474882316e-05, 1.10885830509e-05, 1.1214825463e-05, 9.14168685995e-06, 8.23059235699e-06, 6.39997188046e-06, 4.32906244896e-06, 5.14148541697e-06, 3.76055891138e-06, 4.19162097387e-06, 8.56735823618e-06], "mean": [8.44839541969e-06, 6.4669897256e-05, 0.000224086310482, 0.000253769278061, 0.000403246755013, 0.000466014607809, 0.000501541129779, 0.000626814493444, 0.000608002301306, 0.000362319813576, 0.000279858853901, 0.000164530254551, 0.000157909336849, 0.000170129889739, 0.000100880060927, 7.02415709384e-05, 4.57337373518e-05, 3.83260230592e-05, 2.84341804218e-05, 3.37616438628e-05, 2.22472735913e-05, 2.01108778128e-05, 1.79132384801e-05, 1.4801994439e-05, 1.19385049402e-05, 9.3524076874e-06, 5.62064769838e-06, 3.33479420078e-06, 2.05487253879e-06, 1.3520190123e-06, 1.03711874999e-06, 8.20841023597e-07, 7.18371893527e-07, 5.169825954e-07, 3.53335025238e-07, 2.46027497042e-07, 2.08143745795e-07, 1.60435305929e-07, 1.77077978947e-07, 2.70030568572e-07], "median": [4.20694868808e-06, 3.00930751109e-05, 0.000144648336573, 0.000178540518391, 0.000246558804065, 0.000228684424656, 0.000257562380284, 0.000272252247669, 0.000263705063844, 0.000142620090628, 0.000137613242259, 6.74472757964e-05, 7.87390163168e-05, 9.14279880817e-05, 5.97286598349e-05, 2.82768287434e-05, 2.25651911023e-05, 2.24458763114e-05, 1.9406872525e-05, 1.96796227101e-05, 1.391632577e-05, 1.20566064652e-05, 1.11806621135e-05, 9.91843717202e-06, 6.70824556437e-06, 6.39092104393e-06, 3.93541768062e-06, 2.47971865974e-06, 1.34503329718e-06, 7.98767700871e-07, 6.72772728194e-07, 4.83965266085e-07, 3.58253657851e-07, 2.3748297906e-07, 1.50453914216e-07, 1.03707336052e-07, 7.13854007017e-08, 6.58779981677e-08, 6.73714311006e-08, 4.6269633458e-08], "min": [1.82894817356e-24, 2.66239051746e-25, 2.41364753778e-24, 2.60980371832e-24, 2.49154143849e-24, 2.20972916314e-24, 3.11081539289e-24, 3.42214053243e-24, 3.10355787256e-24, 1.99067491432e-24, 3.08200757314e-24, 3.37016800941e-24, 2.79407097615e-24, 2.65943371888e-24, 2.7500468184e-24, 2.15955248198e-24, 3.14240729999e-24, 3.9616022736e-24, 3.59556923586e-24, 4.16138997532e-24, 5.71861481286e-24, 5.80044966545e-24, 3.95962026058e-24, 3.69278372065e-24, 2.92627775298e-24, 4.86270704159e-24, 4.78206652441e-24, 6.67602334466e-24, 5.70092657922e-24, 6.09355172364e-24, 6.10879646064e-24, 5.15934832423e-24, 4.96883249916e-24, 5.98145616673e-24, 5.84837059886e-24, 6.60618746088e-24, 5.67358623796e-24, 6.26439256888e-24, 6.40358234244e-24, 5.42130023743e-24], "var": [1.03762588799e-10, 7.47464579121e-09, 5.60689272788e-08, 7.01325859609e-08, 2.1318712129e-07, 6.29974863386e-07, 6.34046159576e-07, 1.06147115275e-06, 1.35852781113e-06, 6.30507770438e-07, 2.03152481504e-07, 9.78038912081e-08, 5.36978177479e-08, 6.43500825959e-08, 1.78027228515e-08, 5.79917731613e-08, 1.43556304621e-08, 2.30101537824e-09, 9.22423082361e-10, 2.8558717613e-09, 7.79658448913e-10, 5.90434479086e-10, 5.34567945465e-10, 4.09902778387e-10, 2.84655410354e-10, 1.43515796469e-10, 3.13279367725e-11, 1.07300383856e-11, 5.89201127124e-12, 3.20356696899e-12, 1.406753403e-12, 1.22780897862e-12, 1.19098589497e-12, 6.98709590619e-13, 4.41075236231e-13, 2.19330087946e-13, 2.0236652523e-13, 9.99922394234e-14, 1.43721718012e-13, 5.7363521485e-13]}, "mfcc": {"mean": [-676.342773438, 130.078262329, -39.0641670227, 2.2430768013, -20.6718292236, -18.6011981964, -12.1375360489, -7.73081302643, -11.0473155975, -8.15693187714, -4.75281047821, -6.36279201508, -2.10001254082], "cov": [[16203.9433594, 3431.34521484, -1270.99755859, -28.4433555603, -313.69442749, -387.48059082, -361.426208496, -183.580780029, -178.569168091, -212.227325439, -141.862289429, -243.47644043, -95.6854248047], [3431.34521484, 1722.80639648, -521.630737305, 81.0028686523, -67.3586883545, -73.6117095947, -64.9011306763, -4.25551509857, -39.4208564758, -61.9620285034, -67.7674560547, -98.1724319458, -41.5561714172], [-1270.99755859, -521.630737305, 338.440765381, 9.16523742676, 47.0039596558, 62.9160308838, 58.4327354431, 12.6342449188, 40.9196777344, 27.2702350616, 59.3498268127, 38.606048584, 30.1737346649], [-28.4433555603, 81.0028686523, 9.16523742676, 78.8096923828, 25.7286186218, 21.0928592682, 9.06315422058, 4.93952226639, 6.99714756012, 2.34729576111, -1.77884066105, -8.92911529541, -0.065878354013], [-313.69442749, -67.3586883545, 47.0039596558, 25.7286186218, 96.1544036865, 60.0418052673, 25.950050354, 16.2390785217, 34.8561096191, 13.4289207458, 19.8330917358, -2.0597717762, 5.33358621597], [-387.48059082, -73.6117095947, 62.9160308838, 21.0928592682, 60.0418052673, 94.2280731201, 45.2536773682, 16.8894119263, 29.8754177094, 18.1387214661, 19.237531662, 4.74331140518, 4.84049415588], [-361.426208496, -64.9011306763, 58.4327354431, 9.06315422058, 25.950050354, 45.2536773682, 65.819480896, 23.9308223724, 17.9426174164, 9.33623790741, 15.1780290604, 7.09269952774, 2.05711340904], [-183.580780029, -4.25551509857, 12.6342449188, 4.93952226639, 16.2390785217, 16.8894119263, 23.9308223724, 53.5518493652, 22.9746551514, 13.2206478119, -1.02070236206, 3.80528640747, 0.40019774437], [-178.569168091, -39.4208564758, 40.9196777344, 6.99714756012, 34.8561096191, 29.8754177094, 17.9426174164, 22.9746551514, 67.8114929199, 22.7245635986, 23.7564315796, -3.58830404282, 4.64863109589], [-212.227325439, -61.9620285034, 27.2702350616, 2.34729576111, 13.4289207458, 18.1387214661, 9.33623790741, 13.2206478119, 22.7245635986, 60.7519836426, 17.8433914185, 15.0930404663, -3.36484313011], [-141.862289429, -67.7674560547, 59.3498268127, -1.77884066105, 19.8330917358, 19.237531662, 15.1780290604, -1.02070236206, 23.7564315796, 17.8433914185, 64.4986038208, 17.8400745392, 15.3895282745], [-243.47644043, -98.1724319458, 38.606048584, -8.92911529541, -2.0597717762, 4.74331140518, 7.09269952774, 3.80528640747, -3.58830404282, 15.0930404663, 17.8400745392, 58.4730987549, 19.0850067139], [-95.6854248047, -41.5561714172, 30.1737346649, -0.065878354013, 5.33358621597, 4.84049415588, 2.05711340904, 0.40019774437, 4.64863109589, -3.36484313011, 15.3895282745, 19.0850067139, 47.7125015259]], "icov": [[0.000126546743559, -0.000225477167987, 5.62855093449e-05, 0.000199059868464, 4.32462802564e-05, 8.89540388016e-05, 0.00025872894912, 0.000205369215109, -2.17701999645e-05, 8.33875892567e-05, -0.00014997566177, 0.000111771558295, 7.01075077814e-06], [-0.000225477167987, 0.00177755765617, 0.0021396537777, -0.00212025782093, 0.000831371697132, -0.000403004523832, -0.000726806407329, -0.000828822317999, -0.000245347240707, 0.000526972580701, -0.000825614959467, 0.000686065701302, -0.000220866175368], [5.62855093449e-05, 0.0021396537777, 0.00797671359032, -0.00289954780601, 0.00122327753343, -0.00104594032746, -0.00297502637841, 0.000433417328168, -0.00157813110854, 0.000939149118494, -0.00368312257342, -0.000143838682561, -0.00151257845573], [0.000199059868464, -0.00212025782093, -0.00289954780601, 0.0170102920383, -0.00431376462802, -0.00101756351069, 0.00046941783512, 0.000810626253951, 0.0012663777452, -0.00144968833774, 0.00256372126751, 0.00149428623263, -0.000682135927491], [4.32462802564e-05, 0.000831371697132, 0.00122327753343, -0.00431376462802, 0.0204922035336, -0.0112079167739, 0.00247549894266, -0.00208776909858, -0.00457493169233, 0.00159944477491, -0.00304039544426, 0.00195900932886, -0.00045603804756], [8.89540388016e-05, -0.000403004523832, -0.00104594032746, -0.00101756351069, -0.0112079167739, 0.0248392596841, -0.0119558293372, 0.00309872091748, -0.00179305812344, -0.0030077798292, 0.00137360894587, -0.00049854820827, -0.000571216689423], [0.00025872894912, -0.000726806407329, -0.00297502637841, 0.00046941783512, 0.00247549894266, -0.0119558293372, 0.0293219164014, -0.0101497052237, 0.00180681014899, 0.00288989464752, -0.00375406839885, -0.000388642976759, 0.002919141436], [0.000205369215109, -0.000828822317999, 0.000433417328168, 0.000810626253951, -0.00208776909858, 0.00309872091748, -0.0101497052237, 0.0283814948052, -0.00895794015378, -0.00341817853041, 0.00708937086165, -0.00319534284063, -0.000841243425384], [-2.17701999645e-05, -0.000245347240707, -0.00157813110854, 0.0012663777452, -0.00457493169233, -0.00179305812344, 0.00180681014899, -0.00895794015378, 0.0259762983769, -0.00603381404653, -0.00676690414548, 0.00699501950294, -0.00213878182694], [8.33875892567e-05, 0.000526972580701, 0.000939149118494, -0.00144968833774, 0.00159944477491, -0.0030077798292, 0.00288989464752, -0.00341817853041, -0.00603381404653, 0.0232989229262, -0.0044215247035, -0.00653965910897, 0.00633370876312], [-0.00014997566177, -0.000825614959467, -0.00368312257342, 0.00256372126751, -0.00304039544426, 0.00137360894587, -0.00375406839885, 0.00708937086165, -0.00676690414548, -0.0044215247035, 0.0254076384008, -0.00506501691416, -0.00420584436506], [0.000111771558295, 0.000686065701302, -0.000143838682561, 0.00149428623263, 0.00195900932886, -0.00049854820827, -0.000388642976759, -0.00319534284063, 0.00699501950294, -0.00653965910897, -0.00506501691416, 0.0260527171195, -0.00914023723453], [7.01075077814e-06, -0.000220866175368, -0.00151257845573, -0.000682135927491, -0.00045603804756, -0.000571216689423, 0.002919141436, -0.000841243425384, -0.00213878182694, 0.00633370876312, -0.00420584436506, -0.00914023723453, 0.0273940451443]]}, "spectral_contrast_coeffs": {"dmean": [0.0369336083531, 0.0439517758787, 0.0385848581791, 0.0281289443374, 0.0192574262619, 0.012355546467], "dmean2": [0.0573719069362, 0.0689845308661, 0.0655680894852, 0.0468901135027, 0.0317048504949, 0.0203284919262], "dvar": [0.000976491020992, 0.00111903145444, 0.000990572501905, 0.000507107935846, 0.000251232588198, 0.000110525958007], "dvar2": [0.00243810983375, 0.00301359128207, 0.00263885618187, 0.00135651463643, 0.000668564229272, 0.000274686695775], "max": [-0.322036504745, -0.452917814255, -0.53339099884, -0.62346214056, -0.65537238121, -0.694951653481], "mean": [-0.56492215395, -0.720679581165, -0.746158957481, -0.777978539467, -0.786319792271, -0.75889647007], "median": [-0.556693732738, -0.717608809471, -0.741742610931, -0.773568272591, -0.781922698021, -0.750676214695], "min": [-0.980736970901, -0.98526674509, -0.98015588522, -0.970650315285, -0.967606008053, -0.966461062431], "var": [0.0110216820613, 0.00639091059566, 0.0053888023831, 0.00286785978824, 0.00208645989187, 0.00190160912462]}, "spectral_contrast_valleys": {"dmean": [0.345842629671, 0.310614526272, 0.267224669456, 0.230804100633, 0.197058320045, 0.218662440777], "dmean2": [0.554971933365, 0.494002521038, 0.427889317274, 0.352868467569, 0.265358746052, 0.246345669031], "dvar": [0.16280439496, 0.172359317541, 0.145011156797, 0.131995648146, 0.125469282269, 0.108935028315], "dvar2": [0