{"lowlevel": {"average_loudness": 0.959465920925, "barkbands_crest": {"dmean": 3.10067558289, "dmean2": 4.43771982193, "dvar": 8.12572193146, "dvar2": 14.53216362, "max": 26.280752182, "mean": 10.7509632111, "median": 8.74325942993, "min": 2.01612091064, "var": 34.6498527527}, "barkbands_flatness_db": {"dmean": 0.0270387865603, "dmean2": 0.0359752960503, "dvar": 0.000599946535658, "dvar2": 0.00099652656354, "max": 0.400548487902, "mean": 0.114545628428, "median": 0.0938965082169, "min": 0.0165815167129, "var": 0.00413805106655}, "barkbands_kurtosis": {"dmean": 5.41375350952, "dmean2": 7.49747657776, "dvar": 158.922546387, "dvar2": 287.748840332, "max": 406.918121338, "mean": 7.06170606613, "median": 1.4279665947, "min": -1.66775894165, "var": 348.879150391}, "barkbands_skewness": {"dmean": 0.750340938568, "dmean2": 1.03516638279, "dvar": 0.704331815243, "dvar2": 1.22106254101, "max": 18.9838638306, "mean": 1.87319278717, "median": 1.42998480797, "min": -2.4735648632, "var": 3.22066164017}, "barkbands_spread": {"dmean": 7.94731426239, "dmean2": 11.7012357712, "dvar": 76.9117660522, "dvar2": 161.509643555, "max": 93.0372619629, "mean": 26.6555538177, "median": 26.0367183685, "min": 0.481923729181, "var": 218.085525513}, "dissonance": {"dmean": 0.0130691900849, "dmean2": 0.0216964837164, "dvar": 0.000156829963089, "dvar2": 0.000417253439082, "max": 0.500000059605, "mean": 0.476441532373, "median": 0.480781912804, "min": 0.360009163618, "var": 0.000310049625114}, "dynamic_complexity": 3.77359056473, "erbbands_crest": {"dmean": 2.1437125206, "dmean2": 3.48770189285, "dvar": 4.51592254639, "dvar2": 9.80757331848, "max": 27.8367347717, "mean": 7.27097034454, "median": 6.07997465134, "min": 2.29786753654, "var": 17.5964889526}, "erbbands_flatness_db": {"dmean": 0.0143146151677, "dmean2": 0.0211751442403, "dvar": 0.000198272013222, "dvar2": 0.000383918930311, "max": 0.36396381259, "mean": 0.12518954277, "median": 0.115268327296, "min": 0.0524564161897, "var": 0.00287102581933}, "erbbands_kurtosis": {"dmean": 0.640163302422, "dmean2": 1.02542173862, "dvar": 0.89817404747, "dvar2": 2.03253817558, "max": 18.9664821625, "mean": -0.13524094224, "median": -0.50638961792, "min": -1.60095572472, "var": 1.89379382133}, "erbbands_skewness": {"dmean": 0.331510812044, "dmean2": 0.499852031469, "dvar": 0.0902233198285, "dvar2": 0.194104880095, "max": 4.13488054276, "mean": 0.0606035552919, "median": 0.0225328952074, "min": -2.61828923225, "var": 0.419228345156}, "erbbands_spread": {"dmean": 8.61364364624, "dmean2": 13.2789859772, "dvar": 64.9315795898, "dvar2": 150.234161377, "max": 113.768241882, "mean": 44.2169761658, "median": 42.2781219482, "min": 8.50633144379, "var": 293.315338135}, "hfc": {"dmean": 8.52859592438, "dmean2": 12.5675420761, "dvar": 130.430130005, "dvar2": 300.945495605, "max": 119.734062195, "mean": 23.529510498, "median": 18.8712081909, "min": 1.12396361957e-16, "var": 366.929138184}, "melbands_crest": {"dmean": 4.15399694443, "dmean2": 6.18508720398, "dvar": 13.4497070312, "dvar2": 27.863735199, "max": 36.0012397766, "mean": 16.5740566254, "median": 14.7906656265, "min": 1.63484275341, "var": 54.6060409546}, "melbands_flatness_db": {"dmean": 0.0347518771887, "dmean2": 0.0462852716446, "dvar": 0.000902252737433, "dvar2": 0.00160203874111, "max": 0.509593069553, "mean": 0.19340158999, "median": 0.177139565349, "min": 0.0052353264764, "var": 0.00607557268813}, "melbands_kurtosis": {"dmean": 12.8312501907, "dmean2": 18.0309524536, "dvar": 560.140869141, "dvar2": 999.226013184, "max": 430.222625732, "mean": 21.5768260956, "median": 8.93521595001, "min": -1.54261016846, "var": 1442.34533691}, "melbands_skewness": {"dmean": 1.02664124966, "dmean2": 1.43758237362, "dvar": 1.16652798653, "dvar2": 2.1183822155, "max": 15.9976463318, "mean": 3.28435850143, "median": 2.65644097328, "min": -0.6160338521, "var": 5.60713148117}, "melbands_spread": {"dmean": 8.74635124207, "dmean2": 13.2661485672, "dvar": 88.2006607056, "dvar2": 204.111816406, "max": 155.646011353, "mean": 25.066576004, "median": 22.6095619202, "min": 0.46668061614, "var": 288.372375488}, "pitch_salience": {"dmean": 0.0868537127972, "dmean2": 0.122322693467, "dvar": 0.00547757744789, "dvar2": 0.00976919848472, "max": 0.97562289238, "mean": 0.515212953091, "median": 0.547457098961, "min": 0.0342445038259, "var": 0.024349860847}, "silence_rate_20dB": {"dmean": 0, "dmean2": 0, "dvar": 0, "dvar2": 0, "max": 1, "mean": 1, "median": 1, "min": 1, "var": 0}, "silence_rate_30dB": {"dmean": 0.027277154848, "dmean2": 0.0545676015317, "dvar": 0.0265354327857, "dvar2": 0.0725434496999, "max": 1, "mean": 0.982468962669, "median": 1, "min": 0, "var": 0.0172236468643}, "silence_rate_60dB": {"dmean": 0.00243546022102, "dmean2": 0.00487210741267, "dvar": 0.00242933467962, "dvar2": 0.00630945293233, "max": 1, "mean": 0.060384709388, "median": 0, "min": 0, "var": 0.0567387491465}, "spectral_centroid": {"dmean": 297.819030762, "dmean2": 466.311828613, "dvar": 121404.875, "dvar2": 243854.796875, "max": 11233.5517578, "mean": 1613.2557373, "median": 1621.89794922, "min": 269.405151367, "var": 384920.375}, "spectral_complexity": {"dmean": 5.19678497314, "dmean2": 7.19853830338, "dvar": 28.701051712, "dvar2": 48.2068023682, "max": 60, "mean": 23.3094711304, "median": 23, "min": 0, "var": 183.114257812}, "spectral_decrease": {"dmean": 3.25331583895e-09, "dmean2": 4.66852556613e-09, "dvar": 1.52604383997e-17, "dvar2": 3.16143897168e-17, "max": 1.09699067776e-28, "mean": -9.10720654446e-09, "median": -7.27014937141e-09, "min": -4.1545668239e-08, "var": 5.13121706837e-17}, "spectral_energy": {"dmean": 0.0125952837989, "dmean2": 0.0181556977332, "dvar": 0.00022132898448, "dvar2": 0.000458607100882, "max": 0.157842859626, "mean": 0.0365069396794, "median": 0.0301642846316, "min": 1.05049934466e-20, "var": 0.00075672386447}, "spectral_energyband_high": {"dmean": 0.000706058228388, "dmean2": 0.00101927283686, "dvar": 1.14264742024e-06, "dvar2": 2.53412417806e-06, "max": 0.010815330781, "mean": 0.00120383792091, "median": 0.000707636470906, "min": 7.48804118603e-21, "var": 1.90444768577e-06}, "spectral_energyband_low": {"dmean": 0.0110520711169, "dmean2": 0.0154248159379, "dvar": 0.000238657594309, "dvar2": 0.000464168435428, "max": 0.153883874416, "mean": 0.0216429587454, "median": 0.0103719048202, "min": 4.07186270339e-23, "var": 0.000710698484909}, "spectral_energyband_middle_high": {"dmean": 0.00212390418164, "dmean2": 0.00335649820045, "dvar": 8.69336054166e-06, "dvar2": 2.29452471103e-05, "max": 0.0352826714516, "mean": 0.00597833842039, "median": 0.00377453491092, "min": 1.61076349558e-21, "var": 3.44621039403e-05}, "spectral_energyband_middle_low": {"dmean": 0.00389023707248, "dmean2": 0.00598873011768, "dvar": 2.64558766503e-05, "dvar2": 6.33270174148e-05, "max": 0.0587945021689, "mean": 0.00867864862084, "median": 0.00660567777231, "min": 2.27645415817e-22, "var": 5.4400486988e-05}, "spectral_entropy": {"dmean": 0.133485168219, "dmean2": 0.192446961999, "dvar": 0.0208387374878, "dvar2": 0.040859721601, "max": 9.80404376984, "mean": 7.87322664261, "median": 7.89201784134, "min": 6.54157304764, "var": 0.0941422432661}, "spectral_flux": {"dmean": 0.0254459418356, "dmean2": 0.0395406261086, "dvar": 0.000661217432935, "dvar2": 0.00152012973558, "max": 0.292318224907, "mean": 0.0975638329983, "median": 0.0911749079823, "min": 6.82357295667e-11, "var": 0.00233280682005}, "spectral_kurtosis": {"dmean": 1.1569892168, "dmean2": 1.91960942745, "dvar": 3.98203897476, "dvar2": 11.9618625641, "max": 35.5418014526, "mean": 3.8762485981, "median": 3.44718933105, "min": -1.18317878246, "var": 8.70038700104}, "spectral_rms": {"dmean": 0.000977735151537, "dmean2": 0.00137970061041, "dvar": 9.44670262015e-07, "dvar2": 1.82166695595e-06, "max": 0.0124093927443, "mean": 0.00548281380907, "median": 0.00542481057346, "min": 3.20137080907e-12, "var": 5.55530505153e-06}, "spectral_rolloff": {"dmean": 723.523803711, "dmean2": 1158.83630371, "dvar": 1198870.25, "dvar2": 2629215, "max": 19444.4824219, "mean": 1505.76733398, "median": 1162.79296875, "min": 43.06640625, "var": 2244275.75}, "spectral_skewness": {"dmean": 0.167330101132, "dmean2": 0.275488346815, "dvar": 0.0390344001353, "dvar2": 0.103295728564, "max": 3.73258900642, "mean": 1.3636122942, "median": 1.34682273865, "min": -0.216861695051, "var": 0.0937810987234}, "spectral_spread": {"dmean": 532450.375, "dmean2": 776646.75, "dvar": 885267890176, "dvar2": 1421055623170.0, "max": 40995096, "mean": 4846988, "median": 4679036, "min": 1299312.125, "var": 3103624527870.0}, "spectral_strongpeak": {"dmean": 0.39246827364, "dmean2": 0.667653679848, "dvar": 0.513446033001, "dvar2": 1.41418802738, "max": 10.8884210587, "mean": 0.651047885418, "median": 0.392144143581, "min": 0, "var": 0.716531455517}, "zerocrossingrate": {"dmean": 0.0139989024028, "dmean2": 0.015063803643, "dvar": 0.000211486083572, "dvar2": 0.000252387049841, "max": 0.52587890625, "mean": 0.0625564754009, "median": 0.0595703125, "min": 0.00244140625, "var": 0.00140719255432}, "barkbands": {"dmean": [0.00110102130566, 0.00927954725921, 0.00292072212324, 0.00142193038482, 0.00198800559156, 0.00047487282427, 0.000383164762752, 0.0010326365009, 0.000444757548394, 0.000471402687253, 0.00027234054869, 0.000664596853312, 0.000195308937691, 0.000446418591309, 0.000208439785638, 0.00044298658031, 0.000397256895667, 0.000283650442725, 0.000200730806682, 0.000203814939596, 0.000195443732082, 0.000124456113554, 0.000100351368019, 0.000134206929943, 6.68902284815e-05, 3.89041670132e-05, 9.08692254598e-06], "dmean2": [0.00169347890187, 0.0120545215905, 0.00486382655799, 0.00244302256033, 0.00331402919255, 0.000763431773521, 0.000549002725165, 0.00150390085764, 0.000713079003617, 0.000763911055401, 0.000430802232586, 0.00105878652539, 0.000322567124385, 0.000773372827098, 0.000322582141962, 0.000740988005418, 0.000698416028172, 0.000500039954204, 0.000322119245538, 0.000319761689752, 0.000306296249619, 0.000189005251741, 0.000145393554703, 0.00020493575721, 9.61112455116e-05, 5.56004597456e-05, 1.27066978166e-05], "dvar": [2.57355259237e-06, 0.00023440750374, 2.4409910111e-05, 6.58824365019e-06, 1.25841743284e-05, 6.3504597847e-07, 4.93396385082e-07, 2.99772636936e-06, 5.04196862039e-07, 6.38238361717e-07, 2.83595596784e-07, 1.58624652613e-06, 8.12878440115e-08, 7.43683472137e-07, 1.31592358343e-07, 4.57679703914e-07, 6.33526610727e-07, 3.42267327369e-07, 1.10658696428e-07, 1.34377287964e-07, 8.13152567503e-08, 3.21030633188e-08, 2.87803221255e-08, 7.62540963706e-08, 1.69149281248e-08, 6.06944894344e-09, 2.75827194418e-10], "dvar2": [6.5123335844e-06, 0.00039788839058, 6.49441208225e-05, 1.7956694137e-05, 3.38313548127e-05, 1.51934978021e-06, 9.13261658297e-07, 5.6748285715e-06, 1.26250449739e-06, 1.62813319093e-06, 6.47000888421e-07, 3.64737911696e-06, 2.1007666362e-07, 2.21785307986e-06, 2.35227844314e-07, 1.29204101995e-06, 1.90046512216e-06, 1.02227500065e-06, 2.88014092575e-07, 3.31913298623e-07, 2.02481786005e-07, 7.44259764929e-08, 6.62758949943e-08, 1.78361474923e-07, 3.21141513382e-08, 1.35251791988e-08, 5.28676546985e-10], "max": [0.0130358766764, 0.144737511873, 0.0511440336704, 0.0252397693694, 0.0534120313823, 0.0155827123672, 0.0170168988407, 0.0338851809502, 0.0150133706629, 0.0138724809512, 0.00968871079385, 0.0222680959851, 0.00302453548647, 0.0195732228458, 0.00981462839991, 0.00762852095068, 0.0111887967214, 0.00622145598754, 0.00388038973324, 0.00740424497053, 0.00329231354408, 0.00149249436799, 0.0012865603203, 0.00233204616234, 0.00105699279811, 0.00101971847471, 0.000820194429252], "mean": [0.00161286175717, 0.0157091133296, 0.00338822859339, 0.00158033845946, 0.00262914854102, 0.000742293545045, 0.000804982322734, 0.0020661293529, 0.000743183249142, 0.000858842686284, 0.000367262924556, 0.00106508936733, 0.000285247515421, 0.000694740505423, 0.000400956749218, 0.00069515343057, 0.000568323594052, 0.000473597232485, 0.000391805573599, 0.000410493114032, 0.00034142669756, 0.000196161490749, 0.000147775368532, 0.000164858080097, 9.94525980786e-05, 5.49488140678e-05, 1.45086041812e-05], "median": [0.000849223986734, 0.00453154928982, 0.00178052997217, 0.000700450735167, 0.00146186875645, 0.000388836779166, 0.000242450609221, 0.000550447148271, 0.00032171010389, 0.000361695303582, 0.000190634935279, 0.000323308660882, 0.000167728838278, 0.000279266823782, 0.000220392772462, 0.000338796351571, 0.000250347686233, 0.000267039926257, 0.000208940502489, 0.000219131121412, 0.000201178641873, 0.000105568797153, 6.92067769705e-05, 5.97283906245e-05, 4.24572717748e-05, 2.2901696866e-05, 6.22175912213e-06], "min": [8.23855563838e-25, 2.5342980151e-23, 4.79996341177e-24, 8.98327977595e-24, 1.71143452274e-23, 6.27458260073e-23, 1.97225607715e-23, 1.50047891719e-23, 3.63583971732e-23, 5.21667405735e-23, 4.40765176066e-23, 7.12149294007e-23, 4.80550618515e-23, 8.44300156374e-23, 8.37657442681e-23, 7.41279718426e-23, 1.72290768419e-22, 2.17896155258e-22, 2.62014785415e-22, 1.99006129887e-22, 2.74464802791e-22, 5.11642561352e-22, 6.54848406848e-22, 7.54025413492e-22, 1.004563699e-21, 1.39606075024e-21, 2.28664285843e-21], "var": [3.75623039872e-06, 0.000622414343525, 2.4490589567e-05, 5.88892635278e-06, 1.30771877593e-05, 1.3121828033e-06, 2.50770767707e-06, 1.36898270284e-05, 1.14843442134e-06, 1.81117002285e-06, 3.90975202436e-07, 3.57697717845e-06, 1.15326187711e-07, 1.22877145259e-06, 4.2725994831e-07, 7.73453905367e-07, 7.60742864259e-07, 4.27058381547e-07, 2.40397667994e-07, 3.59820916174e-07, 1.45751315017e-07, 4.88079301419e-08, 4.06375200157e-08, 8.45978576081e-08, 2.65955151235e-08, 9.88093606935e-09, 1.46042300475e-09]}, "erbbands": {"dmean": [0.416489392519, 1.81242203712, 2.88243937492, 4.39665174484, 4.83049678802, 7.61115694046, 6.10000896454, 3.98485159874, 6.93165445328, 6.73932790756, 22.3570232391, 8.60660552979, 12.2144975662, 13.4824028015, 16.2302303314, 20.1826343536, 9.07326030731, 11.5997095108, 20.1516151428, 10.8744411469, 28.9855327606, 22.4330921173, 15.1904220581, 10.7531414032, 9.6170835495, 9.91713905334, 9.33191680908, 6.46938705444, 4.95778274536, 3.70215249062, 2.50306558609, 3.42064118385, 1.70423018932, 0.890088379383, 0.422925323248, 0.227267012, 0.057261288166, 0.0126763498411, 0.00138164870441, 8.61064108904e-05], "dmean2": [0.566320180893, 2.35493087769, 4.57184934616, 7.25896167755, 7.85915279388, 13.1394939423, 10.0338392258, 6.27200698853, 9.90765094757, 10.0785579681, 32.4506912231, 13.8348579407, 19.9184627533, 20.9372596741, 25.4840049744, 32.3496513367, 14.616153717, 19.9318370819, 33.9113845825, 17.0553379059, 48.8735580444, 39.1658706665, 26.7416591644, 18.0240802765, 15.2033147812, 15.4129962921, 14.9203872681, 10.0008077621, 7.59333753586, 5.34791040421, 3.65625524521, 5.43112230301, 2.43248176575, 1.29109418392, 0.602603793144, 0.328160524368, 0.0823651105165, 0.0180959999561, 0.0019392198883, 0.000123803067254], "dvar": [0.477426528931, 10.1201143265, 20.268491745, 64.2751235962, 60.3653678894, 253.925292969, 102.186454773, 51.5457839966, 164.58821106, 106.015953064, 1286.73571777, 163.95072937, 418.381469727, 555.485595703, 798.373046875, 1119.46801758, 175.715332031, 326.31918335, 1345.38513184, 375.407073975, 2139.22998047, 1809.03198242, 954.60534668, 361.641418457, 292.552490234, 397.832336426, 215.736953735, 91.9200439453, 51.761554718, 32.9528579712, 17.8184642792, 51.4238777161, 11.0743408203, 2.89455604553, 0.695724904537, 0.219375893474, 0.012767136097, 0.000627458794042, 6.46725038678e-06, 2.06476009623e-08], "dvar2": [0.931981980801, 16.901102066, 49.0212173462, 170.169998169, 152.918762207, 700.891540527, 258.381866455, 115.899757385, 312.119445801, 223.647491455, 2431.41625977, 418.023529053, 1091.4909668, 1229.19677734, 1885.47070312, 2581.31054688, 447.361541748, 953.322143555, 3922.71728516, 837.285705566, 6147.72753906, 5396.93408203, 2897.33251953, 999.36907959, 796.297241211, 982.109375, 556.765075684, 219.158157349, 121.65019989, 75.5464706421, 40.1167602539, 124.559356689, 24.4313278198, 5.56784152985, 1.37068665028, 0.489674448967, 0.0278059020638, 0.00131207890809, 1.18908883451e-05, 3.75081192772e-08], "max": [7.14428186417, 29.2268562317, 46.9367294312, 84.8024597168, 101.41885376, 219.331451416, 130.540634155, 174.772155762, 303.005859375, 174.106033325, 724.341186523, 195.244842529, 337.988830566, 479.637176514, 502.592254639, 464.048034668, 218.303482056, 282.482666016, 820.49810791, 390.965789795, 520.68170166, 394.675872803, 293.61416626, 260.015228271, 214.668838501, 484.633758545, 217.818115234, 72.7188644409, 61.0028762817, 60.6423187256, 32.1463050842, 58.5901527405, 28.9316711426, 13.9750671387, 8.22442531586, 4.09313392639, 1.89903271198, 0.729031443596, 0.13333183527, 0.00762186292559], "mean": [0.626236200333, 2.82379889488, 3.96752858162, 5.46331834793, 6.4335026741, 8.52943515778, 7.96688985825, 6.97007369995, 14.9614171982, 13.067027092, 47.8267593384, 15.1119699478, 23.6776885986, 24.0542640686, 26.3168735504, 32.5586433411, 14.5013036728, 19.8471546173, 35.8481407166, 21.4450836182, 45.9619827271, 35.0723419189, 26.0260791779, 21.1283779144, 19.3183746338, 20.2579288483, 17.1297473907, 10.1422395706, 7.54612636566, 5.83340501785, 3.64004468918, 3.90848946571, 2.3032283783, 1.25996696949, 0.638135552406, 0.300340622663, 0.0846186876297, 0.0191413257271, 0.00233247876167, 0.000175077657332], "median": [0.18896561861, 0.795424878597, 2.13836550713, 2.75579476357, 2.89045214653, 4.11715888977, 4.11054134369, 3.34311938286, 4.83053636551, 5.81098937988, 15.5371170044, 8.69007587433, 9.63948154449, 11.3332834244, 11.6798324585, 12.5562200546, 8.79609489441, 11.775970459, 15.1308908463, 13.1366548538, 22.5910148621, 16.9982070923, 15.0400056839, 12.0985336304, 10.777182579, 10.5381660461, 9.98435020447, 5.61665058136, 4.07238149643, 2.8121881485, 1.73884236813, 1.40797579288, 0.829010248184, 0.506136476994, 0.275662302971, 0.113329865038, 0.038186609745, 0.00823384616524, 0.00106682488695, 0.000110659428174], "min": [6.68486739049e-22, 3.35271630151e-21, 5.51828827182e-21, 1.92254044984e-20, 6.18038140556e-20, 5.0952726302e-20, 8.48139301324e-20, 7.19874917782e-19, 4.07178932746e-19, 4.36210749199e-19, 5.2258205363e-19, 8.39257087605e-19, 1.29164438766e-18, 1.98095549879e-18, 2.8363144325e-18, 2.70202703673e-18, 2.95353585147e-18, 4.59100129218e-18, 4.11100492633e-18, 4.37744931421e-18, 5.62420653913e-18, 1.11683271057e-17, 1.03943036009e-17, 1.30183091011e-17, 1.00663661927e-17, 1.21700386916e-17, 9.92087091317e-18, 1.27573906933e-17, 1.51753496388e-17, 1.51676221175e-17, 1.86557468077e-17, 1.42598426804e-17, 1.1999701524e-17, 1.0481761407e-17, 7.91077570256e-18, 5.95875187966e-18, 2.22039471442e-18, 1.08604771583e-18, 2.94646593877e-19, 3.56032429692e-20], "var": [1.06261193752, 22.9104404449, 28.1351394653, 63.9288711548, 79.4438705444, 215.248306274, 137.765777588, 138.553405762, 815.147338867, 356.480529785, 6450.13037109, 308.726806641, 1145.72033691, 1405.33703613, 1672.25170898, 2498.67041016, 284.039367676, 547.946716309, 2769.49633789, 772.176147461, 3585.75097656, 2504.96972656, 1223.12597656, 682.03704834, 594.069519043, 1048.3392334, 404.890991211, 136.157974243, 75.0259017944, 52.258480072, 24.8164310455, 50.5604743958, 14.9771299362, 4.40048980713, 1.09586572647, 0.300204873085, 0.0238465815783, 0.00165353890043, 4.00207500206e-05, 1.45768765947e-07]}, "gfcc": {"mean": [8.0060338974, 77.2046813965, -111.177146912, 34.3467216492, -42.6448631287, 13.9978694916, -23.4054813385, 13.3893547058, -16.0998020172, 4.59339141846, -15.9008140564, 1.79181110859, -7.39138460159], "cov": [[21845.8964844, -2108.26269531, 1998.15002441, 1739.12243652, -759.37487793, 1029.8248291, -886.344177246, -137.343719482, -736.038330078, -161.378143311, -760.584228516, -328.66784668, -793.999389648], [-2108.26269531, 1280.27819824, -503.073791504, -27.2824211121, 289.091278076, -253.894790649, 313.29586792, 23.6678600311, 235.760269165, 43.4791374207, 180.693328857, 39.4864234924, 190.754669189], [1998.15002441, -503.073791504, 1081.88903809, 325.213409424, -131.122970581, 338.218841553, -229.477645874, -45.3385238647, -112.049163818, -22.6131954193, -135.363922119, -42.6859169006, -173.85585022], [1739.12243652, -27.2824211121, 325.213409424, 373.655761719, 61.4693527222, 129.720916748, -20.7979450226, -34.5982284546, -29.8106231689, -32.6790924072, -46.5592498779, -22.904384613, -45.795085907], [-759.37487793, 289.091278076, -131.122970581, 61.4693527222, 269.658508301, -10.9011983871, 125.09223175, 21.8711090088, 74.3344802856, 22.2370815277, 72.4207611084, 32.5210914612, 73.880897522], [1029.8248291, -253.894790649, 338.218841553, 129.720916748, -10.9011983871, 207.799682617, -49.2244644165, 4.45325374603, -38.6900672913, 0.523970127106, -50.8643760681, -14.8927240372, -66.6740646362], [-886.344177246, 313.29586792, -229.477645874, -20.7979450226, 125.09223175, -49.2244644165, 185.474731445, 49.7321777344, 105.701271057, 20.5094509125, 71.4405670166, 19.6869850159, 76.9023132324], [-137.343719482, 23.6678600311, -45.3385238647, -34.5982284546, 21.8711090088, 4.45325374603, 49.7321777344, 98.9666137695, 62.8457870483, 44.6261978149, 24.1670970917, 7.98553943634, 9.17087364197], [-736.038330078, 235.760269165, -112.049163818, -29.8106231689, 74.3344802856, -38.6900672913, 105.701271057, 62.8457870483, 144.901428223, 58.2393913269, 66.196144104, 10.6627864838, 41.5915374756], [-161.378143311, 43.4791374207, -22.6131954193, -32.6790924072, 22.2370815277, 0.523970127106, 20.5094509125, 44.6261978149, 58.2393913269, 78.4038696289, 41.9865036011, 5.32988119125, 2.58008098602], [-760.584228516, 180.693328857, -135.363922119, -46.5592498779, 72.4207611084, -50.8643760681, 71.4405670166, 24.1670970917, 66.196144104, 41.9865036011, 86.2412033081, 38.607749939, 55.5198059082], [-328.66784668, 39.4864234924, -42.6859169006, -22.904384613, 32.5210914612, -14.8927240372, 19.6869850159, 7.98553943634, 10.6627864838, 5.32988119125, 38.607749939, 54.8792304993, 46.2471656799], [-793.999389648, 190.754669189, -173.85585022, -45.795085907, 73.880897522, -66.6740646362, 76.9023132324, 9.17087364197, 41.5915374756, 2.58008098602, 55.5198059082, 46.2471656799, 101.138938904]], "icov": [[0.00019630684983, -0.000121432218293, 0.000447404716397, -0.00109650508966, 0.000554409285542, -0.000574924109969, 0.000442467950052, -0.000408324878663, 0.000497435918078, -0.000742859265301, 0.000933725968935, -0.000540020992048, 0.000508087512571], [-0.000121432218293, 0.00237731379457, -0.000758820970077, 0.000237516156631, -0.00113169767428, 0.00284814252518, -0.00242145149969, 0.00164564244915, -0.00174619036261, 0.000457668124, -0.00173631752841, 0.00186675251462, -0.00143173325341], [0.000447404716397, -0.000758820970077, 0.00424615759403, -0.00383744621649, 0.00210560136475, -0.00550199626014, 0.00451242597774, -0.000832463148981, -0.000528368807863, -0.00101685279515, 0.00225685001351, -0.00249123969115, 0.00212773936801], [-0.00109650508966, 0.000237516156631, -0.00383744621649, 0.0110953543335, -0.00495463423431, 0.00210396619514, -0.00327154668048, 0.00329826469533, -0.00267293956131, 0.0054121776484, -0.00392317958176, 0.00346784922294, -0.00190493778791], [0.000554409285542, -0.00113169767428, 0.00210560136475, -0.00495463423431, 0.00894856452942, -0.00420190766454, -0.000309605326038, -0.00109632022213, 0.00182709144428, -0.00241030007601, -0.000582469627261, -0.00151733949315, -0.000785392243415], [-0.000574924109969, 0.00284814252518, -0.00550199626014, 0.00210396619514, -0.00420190766454, 0.0178844500333, -0.00891024712473, 0.00144185300451, 0.000757195288315, -0.0029331818223, 0.0029371699784, -0.00253473361954, 0.0024234438315], [0.000442467950052, -0.00242145149969, 0.00451242597774, -0.00327154668048, -0.000309605326038, -0.00891024712473, 0.0235595908016, -0.00740839587525, -0.00639466010034, 0.00857875030488, -0.00694830249995, 0.00684144953266, -0.00547702051699], [-0.000408324878663, 0.00164564244915, -0.000832463148981, 0.00329826469533, -0.00109632022213, 0.00144185300451, -0.00740839587525, 0.0207001660019, -0.00711817480624, -0.00808070600033, 0.00665531726554, -0.00596545636654, 0.00146823527757], [0.000497435918078, -0.00174619036261, -0.000528368807863, -0.00267293956131, 0.00182709144428, 0.000757195288315, -0.00639466010034, -0.00711817480624, 0.0232289340347, -0.0101755568758, -0.00256713712588, 0.00303871138021, 0.000479086709674], [-0.000742859265301, 0.000457668124, -0.00101685279515, 0.0054121776484, -0.00241030007601, -0.0029331818223, 0.00857875030488, -0.00808070600033, -0.0101755568758, 0.03693433851, -0.0265663526952, 0.0122881513089, 0.000251264544204], [0.000933725968935, -0.00173631752841, 0.00225685001351, -0.00392317958176, -0.000582469627261, 0.0029371699784, -0.00694830249995, 0.00665531726554, -0.00256713712588, -0.0265663526952, 0.0569891259074, -0.0311198867857, 0.00442916015163], [-0.000540020992048, 0.00186675251462, -0.00249123969115, 0.00346784922294, -0.00151733949315, -0.00253473361954, 0.00684144953266, -0.00596545636654, 0.00303871138021, 0.0122881513089, -0.0311198867857, 0.0521210432053, -0.0240091215819], [0.000508087512571, -0.00143173325341, 0.00212773936801, -0.00190493778791, -0.000785392243415, 0.0024234438315, -0.00547702051699, 0.00146823527757, 0.000479086709674, 0.000251264544204, 0.00442916015163, -0.0240091215819, 0.033917941153]]}, "melbands": {"dmean": [0.00302814273164, 0.00160525494721, 0.000710554304533, 0.000471423729323, 0.000229123688769, 9.04940388864e-05, 9.1850051831e-05, 0.000124581536511, 0.000161295363796, 5.50377117179e-05, 6.56946358504e-05, 5.94723933318e-05, 4.3032297981e-05, 8.20797285996e-05, 3.95852403017e-05, 1.48757580973e-05, 2.50997836702e-05, 4.23626952397e-05, 1.54903518705e-05, 1.95773009182e-05, 3.68016808352e-05, 2.51650217251e-05, 1.56105052156e-05, 1.41656219057e-05, 8.57287977851e-06, 9.03665295482e-06, 7.11616303306e-06, 6.64747403789e-06, 7.50157232687e-06, 4.03770491175e-06, 3.7980767047e-06, 3.15677993967e-06, 2.1096097953e-06, 2.12807844946e-06, 1.32963702981e-06, 1.91935646399e-06, 2.10060920836e-06, 1.23192012325e-06, 8.7995249487e-07, 7.39466088362e-07], "dmean2": [0.00399174541235, 0.00223268312402, 0.00115396804176, 0.000789431214798, 0.000381525343983, 0.000141650729347, 0.000131418826641, 0.000182324380148, 0.000236284526181, 8.91789750312e-05, 0.000107138948806, 9.36289870879e-05, 6.83050384396e-05, 0.000129528867546, 6.6049178713e-05, 2.45066785283e-05, 4.37147209595e-05, 7.23332050256e-05, 2.5056893719e-05, 3.25967666868e-05, 6.2172410253e-05, 4.35836082033e-05, 2.75185720966e-05, 2.51094334089e-05, 1.44254017869e-05, 1.45773465192e-05, 1.15101256597e-05, 1.03196480268e-05, 1.22622477647e-05, 6.36086906525e-06, 5.98726865064e-06, 4.98782674185e-06, 3.12682686854e-06, 3.09843881041e-06, 1.9414678718e-06, 3.02413354802e-06, 3.3472576888e-06, 1.76743424163e-06, 1.27244948089e-06, 1.08995095616e-06], "dvar": [2.45296796493e-05, 5.12436690769e-06, 1.48906610775e-06, 8.63184880018e-07, 1.32490541205e-07, 2.35825847739e-08, 2.79949876614e-08, 4.16414778215e-08, 5.92288103007e-08, 7.94460053299e-09, 1.20324363806e-08, 1.02440438354e-08, 4.62490135078e-09, 2.7794191837e-08, 5.05667951956e-09, 4.35925295861e-10, 1.69171798792e-09, 6.83024259374e-09, 9.20062637189e-10, 9.17031950376e-10, 3.56763774079e-09, 2.25625140793e-09, 8.99283369993e-10, 9.1511398459e-10, 2.04750369437e-10, 2.53871923483e-10, 1.64350394405e-10, 1.62029306638e-10, 1.5281630128e-10, 4.04427359657e-11, 3.26817704843e-11, 2.14970697493e-11, 9.88699920546e-12, 1.1297865421e-11, 4.54767950728e-12, 1.3630442261e-11, 2.01688839241e-11, 5.74642200143e-12, 2.65855718516e-12, 2.04665559674e-12], "dvar2": [4.40296498709e-05, 1.02915464595e-05, 3.89722936234e-06, 2.31238595916e-06, 3.41624456723e-07, 5.36867865719e-08, 5.34938529029e-08, 8.13628986407e-08, 1.15657904587e-07, 2.02092635959e-08, 3.11971142253e-08, 2.38457076307e-08, 1.12948601583e-08, 6.29842276112e-08, 1.30043646962e-08, 1.12467035684e-09, 5.05023045605e-09, 2.0278035251e-08, 1.69160796482e-09, 2.51088771996e-09, 1.02276418446e-08, 6.5709637731e-09, 2.75709632902e-09, 2.70752242848e-09, 5.52565493361e-10, 6.87460033344e-10, 4.30047886191e-10, 3.93848648139e-10, 4.07291006477e-10, 9.97519566948e-11, 7.87381479461e-11, 5.21339880988e-11, 2.20367162018e-11, 2.582258192e-11, 9.83365559121e-12, 3.31149170585e-11, 4.89208291932e-11, 1.25049987726e-11, 5.78270851342e-12, 3.8005245652e-12], "max": [0.0500942282379, 0.0253169629723, 0.0123701253906, 0.0141349099576, 0.00436959369108, 0.00361950136721, 0.00393927330151, 0.00375043484382, 0.00474519142881, 0.00181501626503, 0.00171368359588, 0.00183030951302, 0.000925459375139, 0.00287127471529, 0.00165769609157, 0.000309889641358, 0.000717215356417, 0.00189245748334, 0.000644103274681, 0.000415688526118, 0.000771648716182, 0.000563225417864, 0.000283494620817, 0.000336153781973, 0.000197038607439, 0.000181016584975, 0.000290135212708, 0.000323484913679, 0.000164914832567, 6.58688513795e-05, 4.85662312713e-05, 4.26561018685e-05, 2.93349676213e-05, 3.34404940077e-05, 1.70684106706e-05, 2.63801630354e-05, 3.67389657185e-05, 2.29658417084e-05, 1.44858095155e-05, 1.09887405415e-05], "mean": [0.0049656573683, 0.00266764569096, 0.000941284291912, 0.000569143448956, 0.000299596693367, 0.000163958626217, 0.000197771762032, 0.00023560950649, 0.000341144943377, 8.860824164e-05, 0.000125027829199, 0.000106036408397, 6.72404203215e-05, 0.000126822647871, 5.38312124263e-05, 2.37317126448e-05, 3.98740994569e-05, 6.84589613229e-05, 2.9070817618e-05, 3.15836878144e-05, 5.64639376535e-05, 3.6788504076e-05, 2.47630450758e-05, 2.23244951485e-05, 1.61320604093e-05, 1.61036496138e-05, 1.3394393136e-05, 1.26593895402e-05, 1.28785650304e-05, 6.42423128738e-06, 5.50790900888e-06, 4.5830174713e-06, 3.22047435475e-06, 3.27618272422e-06, 1.99169312509e-06, 2.22871108235e-06, 2.35434845308e-06, 1.66352560882e-06, 1.22193944208e-06, 1.02098317711e-06], "median": [0.00151359895244, 0.00126410648227, 0.000528357282747, 0.000254288577707, 0.000154991139425, 8.09321427369e-05, 6.4587664383e-05, 7.09723026375e-05, 0.000127684586914, 4.11514010921e-05, 4.79992486362e-05, 4.53654756711e-05, 3.42148232448e-05, 3.64011939382e-05, 2.32514285017e-05, 1.54228491738e-05, 2.15327672777e-05, 2.51652490988e-05, 1.55640718731e-05, 1.81682498805e-05, 2.58179570665e-05, 1.51580634338e-05, 1.38275372592e-05, 1.15143684525e-05, 8.92695516086e-06, 8.13534552435e-06, 6.61857120576e-06, 6.40991402179e-06, 6.99143947713e-06, 3.76086177312e-06, 2.87602347271e-06, 2.44952389039e-06, 1.61158106948e-06, 1.53664188929e-06, 9.54225015448e-07, 8.93048195394e-07, 8.32801902106e-07, 5.86042347095e-07, 4.81701022181e-07, 4.02884580808e-07], "min": [7.36166495588e-24, 3.01096966255e-24, 4.66289606847e-24, 3.75047154093e-24, 2.14303077639e-24, 1.43342605579e-23, 6.05819852775e-24, 5.88142939281e-24, 4.7607806906e-24, 5.4230574251e-24, 5.95791813504e-24, 7.30661666419e-24, 7.07056344894e-24, 9.18779827651e-24, 6.06518625765e-24, 6.72387564717e-24, 8.70751530273e-24, 6.78638577416e-24, 4.80636777903e-24, 3.12597887721e-24, 6.03778990727e-24, 1.05277763428e-23, 7.92624876144e-24, 7.59461873664e-24, 1.02303142504e-23, 9.10493632703e-24, 5.49795976805e-24, 8.10658315324e-24, 6.1635102753e-24, 5.8236141715e-24, 5.83338697482e-24, 7.58358651688e-24, 7.94162681593e-24, 8.64871439971e-24, 1.02787400548e-23, 9.84005213878e-24, 8.61228638083e-24, 8.31747012789e-24, 9.00190793736e-24, 8.47841826294e-24], "var": [6.18682752247e-05, 1.20968325064e-05, 1.55046336658e-06, 8.35685568745e-07, 1.78735461986e-07, 6.55198988397e-08, 1.39583434589e-07, 1.63955078847e-07, 2.8584841516e-07, 1.51321000175e-08, 3.40856658454e-08, 2.7690335358e-08, 8.36715852159e-09, 5.95655578195e-08, 7.6092909751e-09, 7.06405489659e-10, 2.6505748707e-09, 1.22575780637e-08, 2.40828135212e-09, 1.3955659961e-09, 5.8521418822e-09, 3.19283421923e-09, 1.14738629708e-09, 1.09245734681e-09, 4.00266986222e-10, 4.72074157543e-10, 3.98853949868e-10, 4.11107647924e-10, 2.65365063257e-10, 5.76623956916e-11, 4.43559078356e-11, 2.89483471916e-11, 1.51222350614e-11, 1.80932734073e-11, 6.96105499631e-12, 1.38331776589e-11, 1.95952230136e-11, 7.8775336948e-12, 3.85104621803e-12, 3.06679855122e-12]}, "mfcc": {"mean": [-629.766601562, 106.386001587, -1.73625838757, 26.9204654694, 6.34727573395, 9.20977592468, 5.52447128296, 9.26782894135, 8.96516704559, 5.60456991196, 0.41403657198, 4.00910234451, 1.75319516659], "cov": [[11539.4199219, 314.943054199, 208.630737305, 710.974914551, 220.79234314, 328.043823242, 88.9662475586, -69.6086196899, -101.981918335, -80.2513504028, -143.348861694, -47.8660507202, -174.350204468], [314.943054199, 859.58392334, -119.011428833, 246.890960693, 60.0638275146, 51.1675071716, 42.5652351379, 43.9701080322, 75.279296875, 53.7171211243, 61.0026702881, 56.5754470825, 69.5139694214], [208.630737305, -119.011428833, 594.041564941, -0.881082355976, 69.5358276367, 100.589027405, -41.1529464722, -16.9500789642, -41.8606643677, -20.0303497314, -1.88303434849, -8.90496253967, -39.0496940613], [710.974914551, 246.890960693, -0.881082355976, 281.440307617, 97.9653396606, 86.8816680908, 43.3850364685, 30.5868701935, 20.9744663239, 8.19668197632, 11.9681224823, 1.91580355167, -5.09624099731], [220.79234314, 60.0638275146, 69.5358276367, 97.9653396606, 133.673751831, 82.9338302612, 31.3455600739, 19.3830986023, 5.04012107849, 8.07753562927, 8.15972709656, 12.0903615952, 2.96636795998], [328.043823242, 51.1675071716, 100.589027405, 86.8816680908, 82.9338302612, 134.648376465, 41.640712738, 23.8592205048, 10.8750867844, -3.93843698502, 6.22867488861, 9.14834690094, -8.88274669647], [88.9662475586, 42.5652351379, -41.1529464722, 43.3850364685, 31.3455600739, 41.640712738, 70.9293212891, 33.1285858154, 17.2383594513, 8.73276615143, -3.08624172211, 1.73205304146, 4.38597917557], [-69.6086196899, 43.9701080322, -16.9500789642, 30.5868701935, 19.3830986023, 23.8592205048, 33.1285858154, 68.8686981201, 40.1253585815, 10.2943639755, 13.9495563507, 4.87855529785, 4.60521316528], [-101.981918335, 75.279296875, -41.8606643677, 20.9744663239, 5.04012107849, 10.8750867844, 17.2383594513, 40.1253585815, 68.9887924194, 41.8356208801, 26.3162956238, 23.1393985748, 23.4498825073], [-80.2513504028, 53.7171211243, -20.0303497314, 8.19668197632, 8.07753562927, -3.93843698502, 8.73276615143, 10.2943639755, 41.8356208801, 71.3234558105, 43.6269073486, 30.6499290466, 28.1234874725], [-143.348861694, 61.0026702881, -1.88303434849, 11.9681224823, 8.15972709656, 6.22867488861, -3.08624172211, 13.9495563507, 26.3162956238, 43.6269073486, 68.8053817749, 43.7941055298, 25.1634292603], [-47.8660507202, 56.5754470825, -8.90496253967, 1.91580355167, 12.0903615952, 9.14834690094, 1.73205304146, 4.87855529785, 23.1393985748, 30.6499290466, 43.7941055298, 68.083152771, 44.5063858032], [-174.350204468, 69.5139694214, -39.0496940613, -5.09624099731, 2.96636795998, -8.88274669647, 4.38597917557, 4.60521316528, 23.4498825073, 28.1234874725, 25.1634292603, 44.5063858032, 62.3756637573]], "icov": [[0.000122085170005, 4.37738526671e-06, 1.25779151858e-05, -0.000342172716046, 0.000155795714818, -0.000207646968192, 7.52821506467e-05, 5.74935256736e-05, 0.000254336628132, -0.000330713461153, 0.000580263265874, -0.000527461932506, 0.000465529912617], [4.37738526671e-06, 0.00191735371482, 0.000152320397319, -0.00179164647125, 0.000384859391488, 1.32816830956e-05, -7.56302033551e-05, 0.000436658127001, -0.00117730326019, 0.000603170949034, -0.00100793666206, 0.000432432309026, -0.00195017759688], [1.25779151858e-05, 0.000152320397319, 0.00265832967125, 0.00044330311357, -0.000507673656102, -0.00309059279971, 0.00351344305091, -0.00147722486872, 0.0024963079486, -0.00189788208809, 0.000846596725751, -0.000343530351529, 0.000832691672258], [-0.000342172716046, -0.00179164647125, 0.00044330311357, 0.00799949932843, -0.00393965421245, -0.00119362853002, -0.00075197883416, -0.0001312699751, -0.00100051111076, 0.00115339981858, -0.0023309814278, 0.00267682247795, 0.000937790144235], [0.000155795714818, 0.000384859391488, -0.000507673656102, -0.00393965421245, 0.015282724984, -0.00726215960458, 0.000405737140682, -0.0036173928529, 0.00610183924437, -0.00553794018924, 0.00361236999743, -0.00249331817031, -0.0016308776103], [-0.000207646968192, 1.32816830956e-05, -0.00309059279971, -0.00119362853002, -0.00726215960458, 0.0195589885116, -0.0106075527146, 0.00436729798093, -0.00835632160306, 0.00915218796581, -0.00505627272651, -0.00230940314941, 0.00362922530621], [7.52821506467e-05, -7.56302033551e-05, 0.00351344305091, -0.00075197883416, 0.000405737140682, -0.0106075527146, 0.0295481737703, -0.0154570229352, 0.0100443670526, -0.0123765189201, 0.011708422564, -0.00213191192597, -0.00143167760689], [5.74935256736e-05, 0.000436658127001, -0.00147722486872, -0.0001312699751, -0.0036173928529, 0.00436729798093, -0.0154570229352, 0.0362147092819, -0.0268389508128, 0.0176153220236, -0.0139231933281, 0.0070406482555, 0.000686571060214], [0.000254336628132, -0.00117730326019, 0.0024963079486, -0.00100051111076, 0.00610183924437, -0.00835632160306, 0.0100443670526, -0.0268389508128, 0.0472061783075, -0.0282846372575, 0.0128550510854, -0.00723941810429, -0.00171560933813], [-0.000330713461153, 0.000603170949034, -0.00189788208809, 0.00115339981858, -0.00553794018924, 0.00915218796581, -0.0123765189201, 0.0176153220236, -0.0282846372575, 0.0438902750611, -0.025799466297, 0.00831904355437, -0.00623738765717], [0.000580263265874, -0.00100793666206, 0.000846596725751, -0.0023309814278, 0.00361236999743, -0.00505627272651, 0.011708422564, -0.0139231933281, 0.0128550510854, -0.025799466297, 0.0446450598538, -0.0253973789513, 0.00930805690587], [-0.000527461932506, 0.000432432309026, -0.000343530351529, 0.00267682247795, -0.00249331817031, -0.00230940314941, -0.00213191192597, 0.0070406482555, -0.00723941810429, 0.00831904355437, -0.0253973789513, 0.0465231761336, -0.0265115816146], [0.000465529912617, -0.00195017759688, 0.000832691672258, 0.000937790144235, -0.0016308776103, 0.00362922530621, -0.00143167760689, 0.000686571060214, -0.00171560933813, -0.00623738765717, 0.00930805690587, -0.0265115816146, 0.0393675677478]]}, "spectral_contrast_coeffs": {"dmean": [0.0542001649737, 0.0472187399864, 0.0380005426705, 0.0278440862894, 0.0189639627934, 0.0188771989197], "dmean2": [0.0865423232317, 0.0770677253604, 0.0635336712003, 0.0469550974667, 0.0312121938914, 0.0303655415773], "dvar": [0.00198851898313, 0.00136564893182, 0.000962791324127, 0.000492051884066, 0.000227556927712, 0.000303775072098], "dvar2": [0.00509293982759, 0.00354746938683, 0.00254003284499, 0.00134421570692, 0.000595376477577, 0.000690793560352], "max": [-0.363778352737, -0.380463063717, -0.562801539898, -0.604554891586, -0.650644004345, -0.607305109501], "mean": [-0.689789414406, -0.728297650814, -0.791612744331, -0.808546721935, -0.807881474495, -0.761179089546], "median": [-0.690030992031, -0.733174324036, -0.800088524818, -0.81535089016, -0.814081788063, -0.760952830315], "min": [-0.97755497694, -0.976120531559, -0.982203066349, -0.974400877953, -0.970022857189, -0.962134540081], "var": [0.00674169836566, 0.00536457961425, 0.00324301840737, 0.00207214034162, 0.00140431919135, 0.00149263243657]}, "spectral_contrast_valleys": {"dmean": [0.370892852545, 0.382212102413, 0.357635378838, 0.296224057674, 0.266471624374, 0.332659393549], "dmean2": [0.603037238121, 0.617768526077, 0.557907164097, 0.449522435665, 0.379780501127, 0.423685252666], "dvar": [0.133229449391, 0.14489787817, 0.129949122667, 0.111492559314, 0.111692644656, 0.186167225242], "dvar2": [0.272670030594, 0.30719819665, 0.237566947937, 0.18875618279, 0.169237390161, 0.301461070776], "max": [-5.48052072525, -4.99914264679, -5.32145166397, -5.80908107758, -5.29437303543, -7.91989660263], "mean": [-7.0578455925, -6.9983124733, -7.15428686142, -7.4239487