{"lowlevel": {"average_loudness": 0.336316436529, "barkbands_crest": {"dmean": 1.99307703972, "dmean2": 3.07638883591, "dvar": 4.14276647568, "dvar2": 10.0659914017, "max": 26.3525753021, "mean": 13.7817192078, "median": 12.7611923218, "min": 3.64674639702, "var": 23.8530349731}, "barkbands_flatness_db": {"dmean": 0.0201961454004, "dmean2": 0.032881423831, "dvar": 0.000420140218921, "dvar2": 0.00104614836164, "max": 0.590673983097, "mean": 0.400114357471, "median": 0.402157515287, "min": 0.0528755821288, "var": 0.00280516641214}, "barkbands_kurtosis": {"dmean": 3.08108210564, "dmean2": 4.87102890015, "dvar": 230.25440979, "dvar2": 663.233032227, "max": 611.033691406, "mean": 6.39990186691, "median": 2.40408372879, "min": -1.90686094761, "var": 440.269348145}, "barkbands_skewness": {"dmean": 0.43004873395, "dmean2": 0.628894507885, "dvar": 0.40332826972, "dvar2": 0.908298969269, "max": 19.8273162842, "mean": 1.04528510571, "median": 0.939218759537, "min": -11.168879509, "var": 3.11274123192}, "barkbands_spread": {"dmean": 0.962811470032, "dmean2": 1.44973802567, "dvar": 5.20065021515, "dvar2": 13.5887269974, "max": 120.15763855, "mean": 5.06405830383, "median": 3.61483240128, "min": 0.165793165565, "var": 20.3673439026}, "dissonance": {"dmean": 0.0446033068001, "dmean2": 0.0766172111034, "dvar": 0.00192457612138, "dvar2": 0.00522713083774, "max": 0.500000178814, "mean": 0.381594508886, "median": 0.392175287008, "min": 0.0730306506157, "var": 0.00570743437856}, "dynamic_complexity": 5.93375778198, "erbbands_crest": {"dmean": 2.12665820122, "dmean2": 3.26127171516, "dvar": 5.67777061462, "dvar2": 12.9901208878, "max": 33.962387085, "mean": 15.2296848297, "median": 13.6447210312, "min": 3.41801691055, "var": 43.2678375244}, "erbbands_flatness_db": {"dmean": 0.0147728482261, "dmean2": 0.0235625170171, "dvar": 0.000229756973567, "dvar2": 0.000550513446797, "max": 0.593333482742, "mean": 0.412410527468, "median": 0.413312852383, "min": 0.0566768869758, "var": 0.00321532483213}, "erbbands_kurtosis": {"dmean": 1.49302113056, "dmean2": 2.14565229416, "dvar": 8.55698776245, "dvar2": 15.7130899429, "max": 114.936599731, "mean": 3.26258802414, "median": 1.03533577919, "min": -1.8824672699, "var": 44.7003746033}, "erbbands_skewness": {"dmean": 0.324824005365, "dmean2": 0.461896657944, "dvar": 0.163218840957, "dvar2": 0.282257795334, "max": 5.09977293015, "mean": 0.331729650497, "median": 0.467151880264, "min": -9.01173114777, "var": 1.78603374958}, "erbbands_spread": {"dmean": 1.64712154865, "dmean2": 2.48471426964, "dvar": 4.7299952507, "dvar2": 10.0440502167, "max": 64.8948974609, "mean": 10.164056778, "median": 8.85586643219, "min": 0.529661953449, "var": 40.2473106384}, "hfc": {"dmean": 3.59603619576, "dmean2": 4.60466527939, "dvar": 128.790786743, "dvar2": 237.064926147, "max": 357.81829834, "mean": 9.96137714386, "median": 4.11824321747, "min": 1.24708157898e-16, "var": 357.021636963}, "melbands_crest": {"dmean": 2.39906835556, "dmean2": 3.81909132004, "dvar": 6.40811395645, "dvar2": 17.2960720062, "max": 34.6818122864, "mean": 16.0718002319, "median": 15.355304718, "min": 1.96852147579, "var": 27.6428947449}, "melbands_flatness_db": {"dmean": 0.0231382735074, "dmean2": 0.0379644557834, "dvar": 0.000587011687458, "dvar2": 0.0014488666784, "max": 0.699838042259, "mean": 0.526178061962, "median": 0.532842278481, "min": 0.00602569198236, "var": 0.00494562322274}, "melbands_kurtosis": {"dmean": 2.12652635574, "dmean2": 3.18912196159, "dvar": 16.4448509216, "dvar2": 35.9450263977, "max": 149.223678589, "mean": 5.36472988129, "median": 2.71268105507, "min": -1.92169344425, "var": 89.6031188965}, "melbands_skewness": {"dmean": 0.393759965897, "dmean2": 0.578113734722, "dvar": 0.198255553842, "dvar2": 0.389104515314, "max": 7.08477306366, "mean": 1.25764334202, "median": 1.22961616516, "min": -3.30598521233, "var": 1.83006441593}, "melbands_spread": {"dmean": 1.54189538956, "dmean2": 2.2816798687, "dvar": 9.96268939972, "dvar2": 16.3992500305, "max": 150.813766479, "mean": 8.54996395111, "median": 5.49876880646, "min": 0.324846357107, "var": 90.150390625}, "pitch_salience": {"dmean": 0.0539441071451, "dmean2": 0.0860161036253, "dvar": 0.00322927255183, "dvar2": 0.00826140213758, "max": 0.909954428673, "mean": 0.489128172398, "median": 0.493541300297, "min": 0.114914521575, "var": 0.0177695211023}, "silence_rate_20dB": {"dmean": 0, "dmean2": 0, "dvar": 0, "dvar2": 0, "max": 1, "mean": 1, "median": 1, "min": 1, "var": 0}, "silence_rate_30dB": {"dmean": 0.0099937543273, "dmean2": 0.0199900045991, "dvar": 0.00989352818578, "dvar2": 0.0205887630582, "max": 1, "mean": 0.983387470245, "median": 1, "min": 0, "var": 0.0163359194994}, "silence_rate_60dB": {"dmean": 0.0232354775071, "dmean2": 0.0464767627418, "dvar": 0.0226941052824, "dvar2": 0.0500680468976, "max": 1, "mean": 0.187234580517, "median": 0, "min": 0, "var": 0.152171462774}, "spectral_centroid": {"dmean": 45.9451255798, "dmean2": 64.8320007324, "dvar": 15158.1757812, "dvar2": 20335.8378906, "max": 11039.1865234, "mean": 520.628540039, "median": 426.232177734, "min": 122.89289856, "var": 119187.59375}, "spectral_complexity": {"dmean": 1.114803195, "dmean2": 1.81134438515, "dvar": 2.16675329208, "dvar2": 4.37025308609, "max": 30, "mean": 8.25668239594, "median": 8, "min": 0, "var": 17.1762599945}, "spectral_decrease": {"dmean": 1.23549537268e-09, "dmean2": 1.60925972548e-09, "dvar": 8.56233842644e-18, "dvar2": 1.42020922388e-17, "max": 1.44373091854e-15, "mean": -4.41062297796e-09, "median": -2.66952904227e-09, "min": -7.56232907406e-08, "var": 3.70898025938e-17}, "spectral_energy": {"dmean": 0.00498271128163, "dmean2": 0.00648084562272, "dvar": 0.000142814722494, "dvar2": 0.000238661101321, "max": 0.310958743095, "mean": 0.0175502225757, "median": 0.0105254817754, "min": 1.12608838535e-20, "var": 0.000598477432504}, "spectral_energyband_high": {"dmean": 8.54450536281e-06, "dmean2": 1.26051227198e-05, "dvar": 1.80349868373e-08, "dvar2": 4.2285453361e-08, "max": 0.00500904535875, "mean": 8.94661025086e-06, "median": 1.95754594756e-08, "min": 8.26550129674e-21, "var": 1.98897165404e-08}, "spectral_energyband_low": {"dmean": 0.000524072966073, "dmean2": 0.000795240048319, "dvar": 1.46185004724e-06, "dvar2": 3.34919013767e-06, "max": 0.0329776629806, "mean": 0.00187886506319, "median": 0.000392562884372, "min": 9.32176610643e-23, "var": 1.01015975815e-05}, "spectral_energyband_middle_high": {"dmean": 0.00166508334223, "dmean2": 0.00220354879275, "dvar": 4.83793228341e-05, "dvar2": 9.46832151385e-05, "max": 0.238369166851, "mean": 0.00342303724028, "median": 0.000549474090803, "min": 1.68549237749e-21, "var": 0.000108865198854}, "spectral_energyband_middle_low": {"dmean": 0.00346253695898, "dmean2": 0.0045717889443, "dvar": 8.35575337987e-05, "dvar2": 0.000130814616568, "max": 0.285475671291, "mean": 0.012905084528, "median": 0.00707298330963, "min": 2.68835668077e-22, "var": 0.000432497181464}, "spectral_entropy": {"dmean": 0.131410852075, "dmean2": 0.201828911901, "dvar": 0.0325651429594, "dvar2": 0.0739406272769, "max": 9.79095649719, "mean": 5.39448356628, "median": 5.37662315369, "min": 3.98530769348, "var": 0.219289585948}, "spectral_flux": {"dmean": 0.0146955568343, "dmean2": 0.0233582369983, "dvar": 0.000724323559552, "dvar2": 0.00167865061667, "max": 0.454328298569, "mean": 0.0337364189327, "median": 0.0248187463731, "min": 1.06117309384e-10, "var": 0.00115870020818}, "spectral_kurtosis": {"dmean": 42.6014518738, "dmean2": 74.1536865234, "dvar": 1804.46911621, "dvar2": 5141.14306641, "max": 541.457641602, "mean": 167.068252563, "median": 165.042053223, "min": -1.2353938818, "var": 7584.63085938}, "spectral_rms": {"dmean": 0.000479076436022, "dmean2": 0.000626956869382, "dvar": 6.15492865563e-07, "dvar2": 9.66947595771e-07, "max": 0.0174176450819, "mean": 0.00349794281647, "median": 0.00320449075662, "min": 3.31454807177e-12, "var": 4.88656860398e-06}, "spectral_rolloff": {"dmean": 62.3149528503, "dmean2": 108.055236816, "dvar": 93739.515625, "dvar2": 152841.75, "max": 19767.4804688, "mean": 701.225463867, "median": 559.86328125, "min": 64.599609375, "var": 684252.8125}, "spectral_skewness": {"dmean": 1.81315612793, "dmean2": 3.21057081223, "dvar": 2.89227843285, "dvar2": 7.98809576035, "max": 18.8396167755, "mean": 9.24578285217, "median": 9.62909507751, "min": -0.0446274541318, "var": 11.7692871094}, "spectral_spread": {"dmean": 287514.46875, "dmean2": 509638.625, "dvar": 182260563968, "dvar2": 322869952512, "max": 40711732, "mean": 883080.5625, "median": 700865.625, "min": 164609.78125, "var": 1357857554430.0}, "spectral_strongpeak": {"dmean": 0.499442696571, "dmean2": 0.735045194626, "dvar": 1.23713982105, "dvar2": 2.39165043831, "max": 22.6238307953, "mean": 1.5308214426, "median": 0.753281712532, "min": 0, "var": 4.70146894455}, "zerocrossingrate": {"dmean": 0.00263153389096, "dmean2": 0.00311148143373, "dvar": 6.92583053024e-05, "dvar2": 6.9485126005e-05, "max": 0.7822265625, "mean": 0.0262679569423, "median": 0.02099609375, "min": 0.00390625, "var": 0.00093693198869}, "barkbands": {"dmean": [2.13584462472e-06, 7.96140884631e-05, 0.000287378032226, 0.000497056287713, 0.000903927953914, 0.000739855749998, 0.00067853013752, 0.000790615973528, 0.000842870096676, 0.000395078677684, 0.000235130049987, 0.000200093418243, 0.000351732189301, 0.000357929529855, 0.00027961016167, 3.30043549184e-05, 4.76897776025e-06, 3.51771018359e-06, 2.44382181336e-06, 1.36045728141e-05, 2.43588118565e-07, 2.53490725299e-07, 3.87284071479e-09, 2.54425884805e-08, 7.88373033522e-10, 7.49749429207e-10, 1.38781930392e-09], "dmean2": [3.6985729821e-06, 0.000128719213535, 0.000406702311011, 0.000781201175414, 0.00139431562275, 0.000928035588004, 0.00108682515565, 0.000995212350972, 0.000999541138299, 0.000575130863581, 0.00031387413037, 0.000272191420663, 0.000474724569358, 0.000488352845423, 0.000376848853193, 4.83106232423e-05, 7.1872755143e-06, 5.44665863345e-06, 4.20061633122e-06, 1.91696817637e-05, 4.06083984217e-07, 4.13840496094e-07, 6.23944140798e-09, 4.40750511643e-08, 1.43005385311e-09, 1.36974120934e-09, 2.4280375488e-09], "dvar": [1.43220773782e-11, 4.71478678321e-08, 5.62621266909e-07, 1.62242633905e-06, 4.91650416734e-06, 3.8924290493e-06, 1.43518509503e-05, 3.24852808262e-05, 1.77070560312e-05, 3.16394152833e-06, 2.17248293666e-06, 2.47979187407e-06, 5.93952927375e-06, 1.20675267681e-05, 4.86417911816e-06, 4.83321080935e-08, 1.49372370029e-09, 8.62046045658e-10, 5.95903215661e-10, 2.61369734744e-08, 1.10272789164e-11, 7.64752237231e-12, 1.05677228104e-15, 1.90692473205e-13, 7.88724572285e-18, 6.63839697175e-18, 7.54394012604e-18], "dvar2": [3.95865978886e-11, 1.28111082631e-07, 1.13044734462e-06, 4.08690493714e-06, 1.14462000056e-05, 4.60513365397e-06, 2.84105208266e-05, 4.52680469607e-05, 2.81637112494e-05, 6.80844004819e-06, 3.56560803993e-06, 4.47238016932e-06, 1.06189972939e-05, 2.55197610386e-05, 8.93235301191e-06, 1.10823222599e-07, 2.55368193258e-09, 1.68504921128e-09, 1.62741375931e-09, 5.98726472845e-08, 2.25432051498e-11, 1.87719770284e-11, 2.6279245893e-15, 5.03576238868e-13, 2.29658938121e-17, 2.00747470244e-17, 2.27849778316e-17], "max": [6.63279279252e-05, 0.00407789228484, 0.0186754502356, 0.02666208148, 0.0519297793508, 0.0731554925442, 0.234477102757, 0.245534643531, 0.153669700027, 0.058593776077, 0.0722130984068, 0.071127846837, 0.0914958491921, 0.134957164526, 0.0989297553897, 0.00855747237802, 0.00321321003139, 0.00248832791112, 0.000729914172553, 0.00535079790279, 0.000213436811464, 9.19350059121e-05, 1.35495679388e-06, 1.7796524844e-05, 1.42646655377e-07, 1.42914871049e-07, 1.57775843945e-07], "mean": [2.53326402344e-06, 0.000149464671267, 0.00108970224392, 0.00147572986316, 0.00243448629044, 0.00260925525799, 0.00197832961567, 0.00206589093432, 0.00227673631161, 0.000817493360955, 0.000441271928139, 0.000334939482855, 0.000668526801746, 0.000571165757719, 0.000535266008228, 6.82242680341e-05, 8.06215939519e-06, 5.09127494297e-06, 2.51002711593e-06, 1.50272753672e-05, 2.34087551121e-07, 2.59333063468e-07, 4.35160130152e-09, 1.99631369213e-08, 1.15388276711e-09, 1.47915246718e-09, 7.94931853676e-09], "median": [1.05625133529e-06, 3.27858433593e-05, 0.000134581961902, 0.000335296877893, 0.000795222003944, 0.00086844159523, 0.000543419155292, 0.000200043592486, 0.000224523013458, 0.000111215806101, 4.34308749391e-05, 2.97743245028e-05, 2.78013139905e-05, 1.8033770175e-05, 5.62936793358e-06, 2.28984026762e-06, 6.29158023457e-07, 1.64856231777e-07, 2.94929911604e-08, 6.42473985124e-09, 2.02029237784e-09, 9.775146248e-10, 6.58441634549e-10, 6.72925826173e-10, 7.14039716243e-10, 1.08917319608e-09, 7.65706698047e-09], "min": [1.73746677484e-23, 5.76138693003e-23, 1.98372347203e-24, 3.57152546544e-23, 7.00776065455e-23, 5.12207890631e-23, 3.71455415171e-23, 1.42490556915e-23, 3.3841236688e-23, 8.142716927e-23, 2.8990909635e-23, 1.13249994891e-22, 5.12782402251e-23, 9.62532924909e-23, 8.96439192152e-23, 1.69629555621e-22, 1.67789414498e-22, 3.48474470742e-22, 3.08848409751e-22, 4.08987094635e-22, 3.74507966087e-22, 6.66914570819e-22, 6.62796742138e-22, 1.04200089186e-21, 1.27470208566e-21, 1.61593226369e-21, 2.62762342825e-21], "var": [1.93160210049e-11, 1.20387213087e-07, 4.88981640956e-06, 7.7322283687e-06, 1.89125130419e-05, 2.2914067813e-05, 6.78876385791e-05, 0.000140053918585, 7.11444517947e-05, 7.95100186224e-06, 6.12269650446e-06, 5.48423622604e-06, 1.78483442141e-05, 2.00600534299e-05, 1.34874444484e-05, 1.25509842519e-07, 4.25936041992e-09, 2.15671591697e-09, 4.5061709919e-10, 3.04765279679e-08, 1.30909970364e-11, 7.62885327826e-12, 1.10434440421e-15, 1.34364931291e-13, 5.29201494103e-18, 4.13090441032e-18, 5.52973589573e-18]}, "erbbands": {"dmean": [0.00117917638272, 0.0245794150978, 0.243742734194, 1.01721596718, 2.4395878315, 3.40988183022, 3.62379765511, 6.62866353989, 7.78968000412, 12.6196250916, 19.7538490295, 15.5097837448, 13.5225419998, 13.2715711594, 6.95387983322, 8.22897720337, 17.7869758606, 18.526102066, 14.1357755661, 9.38716316223, 1.02762639523, 0.290336996317, 0.208724349737, 0.143515214324, 0.26252451539, 0.739155352116, 0.0513949133456, 0.00633851997554, 0.0096439672634, 0.00411603506655, 0.000293416087516, 0.000913912954275, 8.28468910186e-05, 1.29846594064e-05, 7.56268673285e-06, 4.6888894758e-06, 2.53476719081e-06, 9.25581389311e-07, 2.56851990343e-06, 5.77095215704e-06], "dmean2": [0.00197673798539, 0.0386668555439, 0.352462500334, 1.59017622471, 3.78256344795, 5.35727882385, 4.79189109802, 8.31875705719, 13.1832437515, 16.8598861694, 24.4097900391, 19.1584911346, 16.7600784302, 18.7178192139, 9.49018669128, 10.802028656, 23.3529090881, 25.1097164154, 18.9583377838, 13.5018224716, 1.45886254311, 0.417141348124, 0.329238265753, 0.226549103856, 0.365677624941, 1.06112205982, 0.0752564519644, 0.0101263253018, 0.0160260014236, 0.0065961307846, 0.000471550767543, 0.00158313068096, 0.000141145908856, 2.13811563299e-05, 1.20442391562e-05, 7.13349572834e-06, 3.73817329091e-06, 1.43060583468e-06, 3.32837453243e-06, 7.49329547034e-06], "dvar": [4.35770789409e-06, 0.00488700252026, 0.430257409811, 6.12006902695, 38.8058624268, 62.3871383667, 77.4666137695, 305.094909668, 739.04876709, 7711.91894531, 14852.9052734, 7368.47851562, 3706.23901367, 4619.21386719, 1314.68676758, 3178.06689453, 14744.5380859, 40727.8242188, 14208.2919922, 4171.90820312, 30.2312488556, 5.76903581619, 2.3034927845, 1.28815507889, 7.64736747742, 103.906784058, 0.422806560993, 0.00377705134451, 0.0142155876383, 0.00304452003911, 8.79679919308e-06, 0.000276322214631, 8.74313968779e-07, 2.44953057837e-09, 4.89560225692e-10, 1.60134461247e-10, 4.30602949131e-11, 5.60474583411e-12, 3.94594322495e-11, 1.97563562732e-10], "dvar2": [1.16919018183e-05, 0.0126572810113, 0.895216941833, 15.2284078598, 100.282913208, 143.959762573, 111.830581665, 352.126586914, 2159.984375, 11834.9433594, 23755.8457031, 13073.5722656, 5317.27880859, 9513.42285156, 2376.27783203, 5254.29492188, 25572.1035156, 89626.203125, 24800.640625, 9156.31054688, 67.3499298096, 8.75821876526, 5.19908046722, 2.99615979195, 15.7605409622, 243.055099487, 0.947627067566, 0.00953108817339, 0.0363476648927, 0.00686677405611, 2.15028940147e-05, 0.00073010509368, 2.27452574109e-06, 6.23821083678e-09, 1.24532517631e-09, 3.82332054905e-10, 9.61964397028e-11, 1.32352141399e-11, 6.675062586e-11, 3.33293587174e-10], "max": [0.0633996576071, 1.34941279888, 17.1082897186, 68.9424591064, 176.760757446, 180.664871216, 374.067474365, 627.210632324, 731.24432373, 6001.38818359, 4609.88037109, 4219.72314453, 1853.35583496, 2830.05761719, 1071.5255127, 2575.45654297, 4595.45019531, 8140.06298828, 5856.63818359, 2150.96557617, 181.324050903, 224.508590698, 85.8644180298, 64.6260452271, 101.777671814, 372.277313232, 23.0546417236, 1.57509756088, 4.86283302307, 1.991953969, 0.0921763330698, 0.681844353676, 0.0298462435603, 0.00165097985882, 0.00101092155091, 0.000557361752726, 0.000272790493909, 0.000106893574412, 0.000175342633156, 0.00037853026879], "mean": [0.0022110636346, 0.0606994889677, 0.954559147358, 3.31078743935, 7.13563680649, 8.09855461121, 12.6191549301, 23.5161952972, 20.3371334076, 41.5504722595, 51.6478347778, 44.6516609192, 31.631816864, 27.7956886292, 12.1073560715, 15.3953256607, 35.3592300415, 26.977848053, 28.1610298157, 19.4779453278, 2.14398765564, 0.539102256298, 0.309192299843, 0.190699264407, 0.32677808404, 0.796011924744, 0.0569744110107, 0.00610829005018, 0.00941615737975, 0.00448019430041, 0.000320689985529, 0.000723029545043, 8.51373042678e-05, 2.7328989745e-05, 1.97243734874e-05, 1.3920528545e-05, 8.54819245433e-06, 3.43453802998e-06, 9.67470805335e-06, 2.01225757337e-05], "median": [0.000888929585926, 0.00997064635158, 0.133396089077, 0.92696595192, 2.0039088726, 2.52897453308, 4.67427635193, 7.70068264008, 9.7719745636, 6.58800268173, 5.08513641357, 5.05828905106, 5.23473548889, 4.09247732162, 2.41222047806, 1.61019277573, 1.57654702663, 1.17057204247, 0.764785766602, 0.387265861034, 0.126109659672, 0.0464549362659, 0.0160764791071, 0.00606757681817, 0.00167223392054, 0.000519821536727, 0.00015420030104, 7.48870224925e-05, 4.49119033874e-05, 3.31965857185e-05, 2.64557693299e-05, 2.22957005462e-05, 1.9085531676e-05, 1.59597275342e-05, 1.21927523651e-05, 8.65091533342e-06, 5.50035656488e-06, 2.49832146437e-06, 6.04991282671e-06, 1.19645474115e-05], "min": [2.46632038153e-21, 9.91523224912e-21, 5.42407248083e-21, 6.73082098937e-20, 1.47287741097e-19, 2.30631396465e-19, 2.21103361483e-19, 5.91903149383e-19, 4.4992819549e-19, 6.54127500769e-19, 5.56763896576e-19, 5.22464232091e-19, 2.54775288941e-18, 1.67105362647e-18, 1.35428801622e-18, 4.65349271951e-18, 2.60432873458e-18, 5.35447245395e-18, 4.41273394401e-18, 4.01187063864e-18, 1.19539981408e-17, 1.09644246032e-17, 1.80251191979e-17, 1.35067666974e-17, 1.83463432083e-17, 2.19466749486e-17, 1.60017527016e-17, 1.79282662744e-17, 2.56537278771e-17, 1.57802850187e-17, 2.02103500509e-17, 1.49537694594e-17, 2.15334287494e-17, 1.34994114074e-17, 1.04392550769e-17, 5.66611068178e-18, 3.09167211863e-18, 1.48065981052e-18, 4.19373720475e-19, 3.53512889245e-20], "var": [1.58780130732e-05, 0.0169195886701, 3.56295132637, 30.6760654449, 176.431869507, 206.827606201, 463.80645752, 1791.72692871, 1726.23779297, 46538.3789062, 59687.4023438, 29867.15625, 11933.9277344, 11535.0419922, 2482.00927734, 8647.13769531, 46593.3046875, 55579.140625, 46758.4570312, 10618.1777344, 75.2093353271, 18.0165557861, 4.33316707611, 2.03813791275, 10.4356517792, 115.499603271, 0.492166936398, 0.00329142459668, 0.0131041351706, 0.00347486883402, 8.56137467053e-06, 0.000194340085727, 6.67071162752e-07, 2.69670241693e-09, 7.62062635218e-10, 3.35362099202e-10, 1.07054594356e-10, 1.09533042358e-11, 1.54355125903e-10, 7.95117138797e-10]}, "gfcc": {"mean": [-256.284332275, 246.282821655, -98.1387329102, -70.3125305176, -23.0914649963, -25.7663249969, -33.2803344727, -17.7948703766, -10.5728273392, -11.7487268448, -6.71387290955, -12.5001058578, -1.54429686069], "cov": [[11438.9052734, 1811.77282715, -4611.39892578, -677.641113281, 971.90234375, -503.45098877, -140.060241699, -381.494781494, -202.451599121, -301.917694092, -299.063354492, -690.151000977, -193.897903442], [1811.77282715, 1354.12866211, -13.6995725632, -507.057128906, 273.504882812, 47.6846885681, -199.265579224, -72.5169830322, -94.1318740845, -224.683959961, -128.708007812, -206.309631348, -205.684295654], [-4611.39892578, -13.6995725632, 3200.25878906, 431.816589355, -463.737854004, 424.291381836, 5.61089134216, 85.2781906128, 39.1396560669, -34.4570655823, -82.3899993896, 50.3496665955, -194.452911377], [-677.641113281, -507.057128906, 431.816589355, 907.85168457, 26.0981025696, 63.1420173645, 238.179870605, -0.729494571686, -38.5203361511, 40.4804382324, -108.98916626, -109.500457764, -49.8693580627], [971.90234375, 273.504882812, -463.737854004, 26.0981025696, 419.763458252, 10.4199666977, -27.542224884, -21.9410610199, -62.9420852661, -76.8678359985, -38.2922019958, -108.89540863, -69.7464828491], [-503.45098877, 47.6846885681, 424.291381836, 63.1420173645, 10.4199666977, 230.849105835, 53.0039367676, -38.0233650208, -14.7235307693, -15.1253890991, -25.0037193298, -4.11750411987, -50.6642799377], [-140.060241699, -199.265579224, 5.61089134216, 238.179870605, -27.542224884, 53.0039367676, 262.859405518, 85.1111984253, -61.481754303, -18.081325531, -29.7645587921, -15.0266008377, -5.43781089783], [-381.494781494, -72.5169830322, 85.2781906128, -0.729494571686, -21.9410610199, -38.0233650208, 85.1111984253, 176.142547607, 33.2083091736, -26.3105106354, 17.9209785461, 41.7896575928, 1.31533098221], [-202.451599121, -94.1318740845, 39.1396560669, -38.5203361511, -62.9420852661, -14.7235307693, -61.481754303, 33.2083091736, 146.406234741, 79.8848190308, 16.5102081299, 48.6459197998, 49.4805679321], [-301.917694092, -224.683959961, -34.4570655823, 40.4804382324, -76.8678359985, -15.1253890991, -18.081325531, -26.3105106354, 79.8848190308, 179.775115967, 102.734786987, 64.467376709, 62.3429107666], [-299.063354492, -128.708007812, -82.3899993896, -108.98916626, -38.2922019958, -25.0037193298, -29.7645587921, 17.9209785461, 16.5102081299, 102.734786987, 189.076156616, 135.59928894, 35.4324645996], [-690.151000977, -206.309631348, 50.3496665955, -109.500457764, -108.89540863, -4.11750411987, -15.0266008377, 41.7896575928, 48.6459197998, 64.467376709, 135.59928894, 216.564651489, 125.260101318], [-193.897903442, -205.684295654, -194.452911377, -49.8693580627, -69.7464828491, -50.6642799377, -5.43781089783, 1.31533098221, 49.4805679321, 62.3429107666, 35.4324645996, 125.260101318, 218.034805298]], "icov": [[0.000862831249833, -0.00131904450245, 0.00141587189864, -0.000737343507353, 0.000846505514346, -1.48488443301e-05, -0.000582775275689, 0.00134431372862, -0.00169974681921, 0.00161186582409, -0.00123529578559, 0.00152906856965, 0.000108925443783], [-0.00131904450245, 0.00406889198348, -0.00265398155898, 0.00276600383222, -0.00266244704835, 0.000620111997705, 0.000415226531914, -0.000868904578965, 0.00222993060015, -0.00132977776229, 0.00199472345412, -0.00100982596632, 0.000369255256373], [0.00141587189864, -0.00265398155898, 0.00372868124396, -0.00268147885799, 0.00359641527757, -0.00329436920583, 0.00274273427203, -0.00154455087613, -9.29209199967e-05, 0.00116857152898, -0.000446510821348, 0.00145338871516, 0.000854785728734], [-0.000737343507353, 0.00276600383222, -0.00268147885799, 0.00478312699124, -0.00386381754652, 0.00349048804492, -0.00469786021858, 0.00314527540468, -0.000493755855132, -0.00193121505436, 0.002478628885, -0.000830649223644, 0.000833760015666], [0.000846505514346, -0.00266244704835, 0.00359641527757, -0.00386381754652, 0.00788585469127, -0.00581495743245, 0.00606662360951, -0.00499522034079, 0.00239503127523, 0.00170728459489, -0.00235732179135, 0.00345479859971, -0.000715703761671], [-1.48488443301e-05, 0.000620111997705, -0.00329436920583, 0.00349048804492, -0.00581495743245, 0.0145613765344, -0.0124422097579, 0.0131232403219, -0.00864985212684, 0.00335296848789, -0.0010426894296, -0.00269379396923, 0.00228734849952], [-0.000582775275689, 0.000415226531914, 0.00274273427203, -0.00469786021858, 0.00606662360951, -0.0124422097579, 0.0220537167042, -0.0201950669289, 0.018104640767, -0.0100079067051, 0.00854310020804, -0.00255335401744, -0.000202161667403], [0.00134431372862, -0.000868904578965, -0.00154455087613, 0.00314527540468, -0.00499522034079, 0.0131232403219, -0.0201950669289, 0.0279685091227, -0.0221700016409, 0.0164615213871, -0.0121887242422, 0.0036483949516, 0.00070598378079], [-0.00169974681921, 0.00222993060015, -9.29209199967e-05, -0.000493755855132, 0.00239503127523, -0.00864985212684, 0.018104640767, -0.0221700016409, 0.0324815362692, -0.0242798943073, 0.0210685599595, -0.0117214201018, 0.00261884299107], [0.00161186582409, -0.00132977776229, 0.00116857152898, -0.00193121505436, 0.00170728459489, 0.00335296848789, -0.0100079067051, 0.0164615213871, -0.0242798943073, 0.0328754037619, -0.0279513243586, 0.0171466711909, -0.00744261406362], [-0.00123529578559, 0.00199472345412, -0.000446510821348, 0.002478628885, -0.00235732179135, -0.0010426894296, 0.00854310020804, -0.0121887242422, 0.0210685599595, -0.0279513243586, 0.0373971611261, -0.0258336402476, 0.0122169656679], [0.00152906856965, -0.00100982596632, 0.00145338871516, -0.000830649223644, 0.00345479859971, -0.00269379396923, -0.00255335401744, 0.0036483949516, -0.0117214201018, 0.0171466711909, -0.0258336402476, 0.0300209578127, -0.0133845722303], [0.000108925443783, 0.000369255256373, 0.000854785728734, 0.000833760015666, -0.000715703761671, 0.00228734849952, -0.000202161667403, 0.00070598378079, 0.00261884299107, -0.00744261406362, 0.0122169656679, -0.0133845722303, 0.0135157052428]]}, "melbands": {"dmean": [1.53169658006e-05, 9.42543338169e-05, 0.00019684585277, 0.000232503778534, 0.000123944497318, 0.000146162201418, 0.000120603988762, 0.000149030602188, 0.000169417340658, 9.64357968769e-05, 6.99293668731e-05, 5.72600729356e-05, 2.91361211566e-05, 1.71912652149e-05, 3.92711444874e-05, 3.83376755053e-05, 3.14207609335e-05, 2.0380182832e-05, 2.04909974855e-05, 5.1912361414e-06, 6.30573936178e-07, 2.68167752893e-07, 2.24244843139e-07, 1.95914751089e-07, 1.04333722106e-07, 1.07948508798e-07, 4.63970451392e-07, 4.63681402607e-07, 9.31761068301e-09, 4.83595963274e-09, 2.88175638907e-09, 4.69967931238e-09, 5.92353099904e-09, 8.51341830366e-10, 6.91134510733e-11, 3.61048080322e-10, 5.27338450684e-10, 4.67622052192e-11, 8.86516728082e-12, 7.48015885343e-12], "dmean2": [2.50526736636e-05, 0.000137080831337, 0.000307684967993, 0.000363580300473, 0.000168240090716, 0.000184158561751, 0.000203267933102, 0.00019051131676, 0.000211875551031, 0.000115991919301, 8.79945728229e-05, 8.14595987322e-05, 3.92777983507e-05, 2.47836287599e-05, 4.97123073728e-05, 5.2558236348e-05, 4.2336378101e-05, 2.78304723906e-05, 2.86846643576e-05, 7.83967425377e-06, 9.1626509402e-07, 3.85504762335e-07, 3.54632504695e-07, 3.00790816254e-07, 1.67281768881e-07, 1.87464152646e-07, 6.26864391506e-07, 6.77098341839e-07, 1.57164432579e-08, 8.22258261479e-09, 5.0025561471e-09, 7.9182802537e-09, 9.69041114018e-09, 1.34115485384e-09, 1.10521022889e-10, 6.2947030921e-10, 9.11587916264e-10, 7.96857441143e-11, 1.5970835765e-11, 1.35661881034e-11], "dvar": [1.26366939135e-09, 6.48289315563e-08, 2.22265583716e-07, 3.55225267867e-07, 7.9676119924e-08, 1.47211153489e-07, 2.31014226415e-07, 1.00660622593e-06, 9.27037092424e-07, 2.53231718261e-07, 9.82197221333e-08, 8.07688351756e-08, 2.56982630731e-08, 2.49879263947e-08, 7.05563394376e-08, 9.66574305039e-08, 1.17836179925e-07, 3.63062149233e-08, 2.48276688097e-08, 2.03705341484e-09, 1.59192017207e-11, 8.38979320045e-12, 3.3662859826e-12, 3.45582655374e-12, 6.9193289336e-13, 1.31328238215e-12, 2.92181452644e-11, 5.33017449622e-11, 2.09972979352e-14, 3.85377841089e-15, 1.07483652919e-15, 3.8856137207e-15, 5.06750843815e-15, 1.73280044649e-16, 5.6977508572e-19, 4.65669465294e-17, 8.34973580366e-17, 4.55153702214e-19, 1.21346800114e-21, 6.71290994417e-22], "dvar2": [3.37590799759e-09, 1.37590106419e-07, 5.65891525639e-07, 8.34116121951e-07, 1.15941297452e-07, 1.71343131683e-07, 5.98178758082e-07, 1.4270427755e-06, 1.62707488016e-06, 4.20901386633e-07, 1.44577569472e-07, 1.71218630385e-07, 4.25773869495e-08, 5.20392262615e-08, 1.0750177637e-07, 2.0919611643e-07, 2.55827899309e-07, 6.38940349518e-08, 5.04103034871e-08, 4.89867169051e-09, 3.55227167126e-11, 1.1906029114e-11, 7.73212396887e-12, 6.44671208777e-12, 1.66697807901e-12, 3.67353543418e-12, 6.1630568704e-11, 1.24919075084e-10, 4.27153938035e-14, 8.43255095606e-15, 2.94446715443e-15, 9.94931760812e-15, 1.19801324622e-14, 3.80086050397e-16, 1.34196292169e-18, 1.22842925174e-16, 2.20532134953e-16, 1.17769684616e-18, 3.26990049723e-21, 1.9792026853e-21], "max": [0.000737940310501, 0.00652319239452, 0.0105007877573, 0.0136395385489, 0.0130619816482, 0.0139552997425, 0.0188741274178, 0.0545558780432, 0.0302011799067, 0.0227042622864, 0.00897258613259, 0.0102465776727, 0.00512274401262, 0.00569806713611, 0.0119263138622, 0.0103110866621, 0.0140411704779, 0.0083695827052, 0.0053178188391, 0.00179483904503, 0.000109869819426, 0.000287625065539, 0.000111628971354, 0.000171152976691, 3.93758782593e-05, 3.50730042555e-05, 0.000196893888642, 0.000271321565378, 9.3922335509e-06, 3.43170813721e-06, 8.24006804123e-07, 2.58689919974e-06, 2.20594779421e-06, 4.92162655519e-07, 4.54579165421e-08, 2.79507673895e-07, 3.72595565068e-07, 2.69162452327e-08, 1.52472368065e-09, 1.32844490963e-09], "mean": [2.86378817691e-05, 0.000349822017597, 0.00069297500886, 0.00058961234754, 0.000427993014455, 0.000523018592503, 0.000324114778778, 0.000473423278891, 0.000434046058217, 0.00026880306541, 0.000158669106895, 0.000119855663797, 5.14968232892e-05, 2.61225977738e-05, 7.88704346633e-05, 6.48686909699e-05, 4.5435714128e-05, 4.18836425524e-05, 4.00158132834e-05, 1.06679235614e-05, 1.11671624836e-06, 4.60140284986e-07, 3.55354558224e-07, 2.84110740267e-07, 1.33110305001e-07, 1.10055403013e-07, 5.39633560948e-07, 4.89270689741e-07, 8.94450113975e-09, 4.61353977244e-09, 2.34585018077e-09, 4.48465309333e-09, 6.17432549532e-09, 9.51526413218e-10, 8.26250387553e-11, 2.8428776e-10, 4.08996864154e-10, 4.30229532555e-11, 1.20399567052e-11, 1.06555320123e-11], "median": [8.2553451648e-06, 4.26874903496e-05, 0.00021433623624, 0.000173011008883, 0.000176460744115, 0.0001788274094, 0.000141448486829, 6.21711587883e-05, 3.73216462322e-05, 2.85802416329e-05, 2.34050494328e-05, 1.61384959938e-05, 7.46634805182e-06, 2.76661262433e-06, 3.83514861824e-06, 2.40305917032e-06, 1.71074907485e-06, 9.26922609779e-07, 4.03938940963e-07, 2.68482494903e-07, 6.82969130139e-08, 2.99485698463e-08, 1.67341998036e-08, 5.35161248649e-09, 3.44491102311e-09, 7.36361749354e-10, 3.40821038058e-10, 1.45843545574e-10, 5.5209406491e-11, 4.50816259323e-11, 2.73500371656e-11, 1.93451175218e-11, 1.56177362709e-11, 1.30902146761e-11, 1.0502458278e-11, 9.25104264027e-12, 8.3957675881e-12, 7.69654999455e-12, 7.15218422681e-12, 6.59633632438e-12], "min": [2.06433823289e-23, 5.9796216707e-24, 1.36165249296e-23, 1.36558717338e-23, 8.99335747401e-24, 1.21762865866e-23, 7.44344143276e-24, 5.98564067941e-24, 4.7724195444e-24, 3.50430315672e-24, 1.32945071749e-23, 7.39099638206e-24, 3.88208075562e-24, 9.48075360658e-24, 1.19329395634e-23, 5.32984838155e-24, 1.04394917634e-23, 5.9294173794e-24, 7.40882621624e-24, 5.17299522346e-24, 1.67832192847e-23, 8.91814510873e-24, 1.9869350431e-23, 1.23650759895e-23, 1.03813061719e-23, 1.25954446731e-23, 1.28825632213e-23, 1.47861453279e-23, 9.46344678718e-24, 7.27362965658e-24, 1.23127050918e-23, 1.69965493616e-23, 8.38679049108e-24, 9.18485109217e-24, 1.18614813871e-23, 1.15842448995e-23, 7.93831754443e-24, 1.54054106048e-23, 1.13125730366e-23, 1.21358235441e-23], "var": [3.76496300802e-09, 4.96747929901e-07, 1.31935337322e-06, 1.19429523693e-06, 4.91890546073e-07, 8.71951328918e-07, 6.79240031332e-07, 5.60713669984e-06, 3.57086696567e-06, 1.01749446912e-06, 3.14298688409e-07, 1.95656738811e-07, 5.8918516288e-08, 3.70172941189e-08, 2.28394227975e-07, 1.67976665466e-07, 1.66189153106e-07, 1.26679395862e-07, 5.59705455316e-08, 4.57319559999e-09, 3.02175923172e-11, 2.73825059849e-11, 6.87414708489e-12, 9.39808907779e-12, 9.40633638688e-13, 9.48854926922e-13, 3.81911550995e-11, 5.84981785234e-11, 2.49298398223e-14, 4.23006559793e-15, 7.57999037767e-16, 3.5850682198e-15, 5.45833875738e-15, 2.00385098961e-16, 6.95020415122e-19, 3.29022768433e-17, 5.87784617113e-17, 3.63690894318e-19, 9.28959168866e-22, 4.42691019039e-22]}, "mfcc": {"mean": [-861.24786377, 240.37550354, 20.3574943542, -28.4459609985, -1.56619894505, -4.25576162338, -15.1218242645, -13.0653963089, -7.25337123871, -3.24719285965, -5.61689567566, -8.85308837891, -4.83070373535], "cov": [[5463.65917969, 2692.58886719, -2297.12524414, -973.845214844, 214.665908813, -88.2049255371, -134.207122803, -61.3896980286, -100.199432373, 53.850944519, -86.121055603, -334.842590332, -189.414154053], [2692.58886719, 2067.45410156, -493.447692871, -696.120361328, 74.5649719238, 31.0514335632, -146.75440979, -65.195602417, -43.3239402771, -64.1530838013, -28.5205249786, -105.133110046, -224.840332031], [-2297.12524414, -493.447692871, 1829.70202637, 544.561706543, -123.652450562, 143.447677612, 82.9441299438, 23.4836559296, 64.6980743408, -45.403427124, 51.8048439026, 158.206161499, -42.0723953247], [-973.845214844, -696.120361328, 544.561706543, 728.032165527, 137.110321045, 47.7474632263, 175.078765869, 86.4206695557, 34.1837882996, 89.4857711792, 45.1756477356, 0.235545352101, 35.6200866699], [214.665908813, 74.5649719238, -123.652450562, 137.110321045, 299.700561523, 120.729064941, 21.6574020386, 19.8656902313, -4.25553798676, 20.5036582947, 27.2577629089, -35.9661369324, -47.6710700989], [-88.2049255371, 31.0514335632, 143.447677612, 47.7474632263, 120.729064941, 229.19821167, 103.125656128, -17.4989433289, -3.78193378448, 16.7540683746, 2.12933182716, -20.6564464569, -31.3381538391], [-134.207122803, -146.75440979, 82.9441299438, 175.078765869, 21.6574020386, 103.125656128, 234.35017395, 111.042579651, 4.51699733734, 23.7622375488, 9.2889919281, -2.59417390823, 6.74013376236], [-61.3896980286, -65.195602417, 23.4836559296, 86.4206695557, 19.8656902313, -17.4989433289, 111.042579651, 191.962417603, 74.5801391602, -33.0392913818, -4.16167545319, 32.3178024292, -5.66293716431], [-100.199432373, -43.3239402771, 64.6980743408, 34.1837882996, -4.25553798676, -3.78193378448, 4.51699733734, 74.5801391602, 125.822303772, 38.5235214233, -46.1293830872, -12.5180826187, 15.5419416428], [53.850944519, -64.1530838013, -45.403427124, 89.4857711792, 20.5036582947, 16.7540683746, 23.7622375488, -33.0392913818, 38.5235214233, 128.783432007, 11.5281620026, -65.2699127197, 26.4698619843], [-86.121055603, -28.5205249786, 51.8048439026, 45.1756477356, 27.2577629089, 2.12933182716, 9.2889919281, -4.16167545319, -46.1293830872, 11.5281620026, 140.823806763, 89.7572555542, -44.7537269592], [-334.842590332, -105.133110046, 158.206161499, 0.235545352101, -35.9661369324, -20.6564464569, -2.59417390823, 32.3178024292, -12.5180826187, -65.2699127197, 89.7572555542, 198.333602905, 28.9347400665], [-189.414154053, -224.840332031, -42.0723953247, 35.6200866699, -47.6710700989, -31.3381538391, 6.74013376236, -5.66293716431, 15.5419416428, 26.4698619843, -44.7537269592, 28.9347400665, 180.56338501]], "icov": [[0.332547426224, -0.468164891005, 0.47025796771, -0.467302292585, 0.464007288218, -0.450695991516, 0.425140857697, -0.380453646183, 0.322984933853, -0.247350305319, 0.170736163855, -0.102299578488, 0.0512918569148], [-0.468164891005, 0.66011184454, -0.662413239479, 0.659472346306, -0.654469549656, 0.635264158249, -0.598837733269, 0.535040974617, -0.453492224216, 0.346576780081, -0.239132538438, 0.143609449267, -0.0710289999843], [0.47025796771, -0.662413239479, 0.666881263256, -0.663754940033, 0.659685194492, -0.641196489334, 0.604149878025, -0.53890556097, 0.456292003393, -0.348588436842, 0.241356804967, -0.145636469126, 0.0732027888298], [-0.467302292585, 0.659472346306, -0.663754940033, 0.664675652981, -0.660231411457, 0.64207059145, -0.60632610321, 0.539055645466, -0.456104844809, 0.346562236547, -0.240957692266, 0.145608589053, -0.0727397054434], [0.464007288218, -0.654469549656, 0.659685194492, -0.660231411457, 0.663654983044, -0.646980166435, 0.612757980824, -0.549025416374, 0.465259999037, -0.355424940586, 0.244466900826, -0.147702902555, 0.0749033838511], [-0.450695991516, 0.635264158249, -0.641196489334, 0.64207059145, -0.646980166435, 0.641393184662, -0.610479831696, 0.551114559174, -0.469569206238, 0.361004680395, -0.248511523008, 0.150883734226, -0.0755098611116], [0.425140857697, -0.598837733269, 0.604149878025, -0.60632610321, 0.612757980824, -0.610479831696, 0.595801711082, -0.544009149075, 0.469699800014, -0.366154164076, 0.252421349287, -0.153303906322, 0.0775787979364], [-0.380453646183, 0.535040974617, -0.53890556097, 0.539055645466, -0.549025416374, 0.551114559174, -0.544009149075, 0.513906061649, -0.450087487698, 0.356366962194, -0.245252743363, 0.148425325751, -0.0757182911038], [0.322984933853, -0.453492224216, 0.456292003393, -0.456104844809, 0.465259999037, -0.469569206238, 0.469699800014, -0.450087487698, 0.413481235504, -0.330535173416, 0.233968824148, -0.14292101562, 0.0738632380962], [-0.247350305319, 0.346576780081, -0.348588436842, 0.346562236547, -0.355424940586, 0.361004680395, -0.366154164076, 0.356366962194, -0.330535173416, 0.282796949148, -0.198681503534, 0.125838920474, -0.0662553235888], [0.170736163855, -0.239132538438, 0.241356804967, -0.240957692266, 0.244466900826, -0.248511523008, 0.252421349287, -0.245252743363, 0.233968824148, -0.198681503534, 0.15640360117, -0.0981476008892, 0.0528831779957], [-0.102299578488, 0.143609449267, -0.145636469126, 0.145608589053, -0.147702902555, 0.150883734226, -0.153303906322, 0.148425325751, -0.14292101562, 0.125838920474, -0.0981476008892, 0.0691278502345, -0.0351284891367], [0.0512918569148, -0.0710289999843, 0.0732027888298, -0.0727397054434, 0.0749033838511, -0.0755098611116, 0.0775787979364, -0.0757182911038, 0.0738632380962, -0.0662553235888, 0.0528831779957, -0.0351284891367, 0.0257952604443]]}, "spectral_contrast_coeffs": {"dmean": [0.040342386812, 0.0336206480861, 0.0277527756989, 0.0233463812619, 0.0181500185281, 0.0292179416865], "dmean2": [0.066556699574, 0.0539859496057, 0.0439705066383, 0.0364194437861, 0.0287945587188, 0.0518082492054], "dvar": [0.00116714334581, 0.00102703482844, 0.000812235870399, 0.000650796224363, 0.000347129243892, 0.000845141708851], "dvar2": [0.00294857821427, 0.00245316396467, 0.0018084407784, 0.00144412822556, 0.000752008403651, 0.00232442654669], "max": [-0.201128721237, -0.357927799225, -0.385750472546, -0.4216375947, -0.46576192975, -0.556519150734], "mean": [-0.575883388519, -0.681047677994, -0.71301317215, -0.695086956024, -0.740356087685, -0.893531739712], "median": [-0.571758031845, -0.694361507893, -0.727506279945, -0.691650509834, -0.723266720772, -0.899134755135], "min": [-0.932654440403, -0.978442966938, -0.974629878998, -0.980222523212, -0.966059505939, -0.963292479515], "var": [0.0118327951059, 0.00862116273493, 0.00734763778746, 0.00700180884451, 0.00737704895437, 0.00245485128835]}, "spectral_contrast_valleys": {"dmean": [0.366136401892, 0.2696159482, 0.271713942289, 0.270871222019, 0.268120527267, 0.675637304783], "dmean2": [0.612793266773, 0.440314263105, 0.433429896832, 0.421431213617, 0.432402193546, 1.21109974384], "dvar": [0.111269846559, 0.0994068309665, 0.121536895633, 0.157445371151, 0.159152388573, 0.355962991714], "dvar2": [0.265714138746, 0.192911043763, 0.226079404354, 0.280084729195, 0.315226048231, 1.05264759064], "max": [-6.01498126984, -4.66600608826, -5.25353145599, -6.12109375