{"lowlevel": {"average_loudness": 0.940921366215, "barkbands_crest": {"dmean": 3.22139716148, "dmean2": 5.36769771576, "dvar": 8.34875965118, "dvar2": 22.4559822083, "max": 26.1459732056, "mean": 12.0487327576, "median": 11.4272003174, "min": 2.39483594894, "var": 19.4598674774}, "barkbands_flatness_db": {"dmean": 0.0329075939953, "dmean2": 0.0495887883008, "dvar": 0.000961979676504, "dvar2": 0.00194249302149, "max": 0.41985309124, "mean": 0.151754125953, "median": 0.14474722743, "min": 0.0173774864525, "var": 0.00403395714238}, "barkbands_kurtosis": {"dmean": 8.78414440155, "dmean2": 14.0149087906, "dvar": 299.573577881, "dvar2": 718.460449219, "max": 579.618469238, "mean": 16.2504577637, "median": 7.93007946014, "min": -1.77405536175, "var": 1052.9354248}, "barkbands_skewness": {"dmean": 0.882841587067, "dmean2": 1.37501573563, "dvar": 0.974213540554, "dvar2": 2.30987548828, "max": 20.7207279205, "mean": 2.97605371475, "median": 2.61867570877, "min": -2.37654519081, "var": 3.78891515732}, "barkbands_spread": {"dmean": 7.64356470108, "dmean2": 12.148311615, "dvar": 113.921989441, "dvar2": 277.574615479, "max": 97.3174819946, "mean": 17.6288318634, "median": 14.077627182, "min": 0.357437193394, "var": 200.462692261}, "dissonance": {"dmean": 0.0153478803113, "dmean2": 0.0257257297635, "dvar": 0.000236548570683, "dvar2": 0.000643717881758, "max": 0.499999970198, "mean": 0.47010153532, "median": 0.474787175655, "min": 0.25494402647, "var": 0.000439931784058}, "dynamic_complexity": 3.70512795448, "erbbands_crest": {"dmean": 2.56479477882, "dmean2": 4.04787540436, "dvar": 6.30248785019, "dvar2": 14.2377538681, "max": 33.8577423096, "mean": 8.68736076355, "median": 7.79548072815, "min": 2.13270807266, "var": 18.1058540344}, "erbbands_flatness_db": {"dmean": 0.0206577666104, "dmean2": 0.028673093766, "dvar": 0.000401381112169, "dvar2": 0.000757263973355, "max": 0.395082116127, "mean": 0.117706157267, "median": 0.1091876477, "min": 0.0406641326845, "var": 0.00155701348558}, "erbbands_kurtosis": {"dmean": 0.771902382374, "dmean2": 1.21077120304, "dvar": 1.61993873119, "dvar2": 3.47049093246, "max": 51.8220329285, "mean": 0.0539555586874, "median": -0.373975157738, "min": -1.72788488865, "var": 3.21881055832}, "erbbands_skewness": {"dmean": 0.362329691648, "dmean2": 0.548369407654, "dvar": 0.13003693521, "dvar2": 0.298754006624, "max": 6.54544782639, "mean": 0.471055239439, "median": 0.430973470211, "min": -2.1940984726, "var": 0.465742170811}, "erbbands_spread": {"dmean": 11.8179187775, "dmean2": 17.4292907715, "dvar": 132.889968872, "dvar2": 295.535461426, "max": 148.011550903, "mean": 53.9649848938, "median": 52.4509239197, "min": 2.09624624252, "var": 449.964355469}, "hfc": {"dmean": 11.4394197464, "dmean2": 16.9624385834, "dvar": 407.523254395, "dvar2": 953.906311035, "max": 200.339080811, "mean": 17.6904392242, "median": 10.6480751038, "min": 1.15576560392e-16, "var": 487.571533203}, "melbands_crest": {"dmean": 3.6508102417, "dmean2": 6.00323677063, "dvar": 10.0937900543, "dvar2": 25.6710586548, "max": 36.1929397583, "mean": 16.7366523743, "median": 16.2416057587, "min": 1.80145943165, "var": 29.24650383}, "melbands_flatness_db": {"dmean": 0.0391641966999, "dmean2": 0.0586784370244, "dvar": 0.00138225790579, "dvar2": 0.00286178663373, "max": 0.561972677708, "mean": 0.248146519065, "median": 0.244788765907, "min": 0.00489076972008, "var": 0.00642886152491}, "melbands_kurtosis": {"dmean": 18.9090003967, "dmean2": 30.3280296326, "dvar": 815.985778809, "dvar2": 1947.6315918, "max": 628.223449707, "mean": 39.3729515076, "median": 24.8303413391, "min": -1.43439972401, "var": 2270.30761719}, "melbands_skewness": {"dmean": 1.1511015892, "dmean2": 1.81295919418, "dvar": 1.46338510513, "dvar2": 3.52174496651, "max": 18.9143943787, "mean": 4.51378011703, "median": 4.18041133881, "min": -0.450333863497, "var": 4.86969089508}, "melbands_spread": {"dmean": 5.92151546478, "dmean2": 9.47778224945, "dvar": 93.9157714844, "dvar2": 231.851013184, "max": 176.691619873, "mean": 13.2332601547, "median": 9.55114459991, "min": 0.316274940968, "var": 197.770309448}, "pitch_salience": {"dmean": 0.0947821587324, "dmean2": 0.153820946813, "dvar": 0.0072296843864, "dvar2": 0.0185922570527, "max": 0.860437214375, "mean": 0.511230289936, "median": 0.517252206802, "min": 0.0959375649691, "var": 0.0180854890496}, "silence_rate_20dB": {"dmean": 0, "dmean2": 0, "dvar": 0, "dvar2": 0, "max": 1, "mean": 1, "median": 1, "min": 1, "var": 0}, "silence_rate_30dB": {"dmean": 0.0691585689783, "dmean2": 0.138339921832, "dvar": 0.0643774345517, "dvar2": 0.166313737631, "max": 1, "mean": 0.954395771027, "median": 1, "min": 0, "var": 0.0435225777328}, "silence_rate_60dB": {"dmean": 0.0306273661554, "dmean2": 0.0612648203969, "dvar": 0.0296873264015, "dvar2": 0.0703576654196, "max": 1, "mean": 0.0706289112568, "median": 0, "min": 0, "var": 0.0656397566199}, "spectral_centroid": {"dmean": 271.778381348, "dmean2": 416.531494141, "dvar": 120487.421875, "dvar2": 277531.34375, "max": 10937.6181641, "mean": 899.285583496, "median": 775.509887695, "min": 120.39315033, "var": 293121.3125}, "spectral_complexity": {"dmean": 4.77753973007, "dmean2": 6.71508550644, "dvar": 39.1788444519, "dvar2": 72.3058013916, "max": 56, "mean": 14.2599601746, "median": 13, "min": 0, "var": 90.4595489502}, "spectral_decrease": {"dmean": 5.39317523973e-09, "dmean2": 8.57758575279e-09, "dvar": 6.15285593153e-17, "dvar2": 1.48784513559e-16, "max": -1.23857216762e-28, "mean": -9.70967839464e-09, "median": -7.5979151859e-09, "min": -7.16674577461e-08, "var": 8.15052225714e-17}, "spectral_energy": {"dmean": 0.0211052037776, "dmean2": 0.033312626183, "dvar": 0.000919937505387, "dvar2": 0.00220633228309, "max": 0.273337513208, "mean": 0.0382510349154, "median": 0.0300328545272, "min": 1.09506079211e-20, "var": 0.00123871909454}, "spectral_energyband_high": {"dmean": 0.000942726444919, "dmean2": 0.00144471414387, "dvar": 3.97204075853e-06, "dvar2": 9.8822711152e-06, "max": 0.0210540853441, "mean": 0.00101361237466, "median": 0.000322693493217, "min": 7.88092128083e-21, "var": 3.85809880754e-06}, "spectral_energyband_low": {"dmean": 0.0133359283209, "dmean2": 0.0220750756562, "dvar": 0.000633288524114, "dvar2": 0.00164185208268, "max": 0.253381490707, "mean": 0.02205356583, "median": 0.0132844652981, "min": 7.80548583199e-23, "var": 0.000744539080188}, "spectral_energyband_middle_high": {"dmean": 0.00129680999089, "dmean2": 0.00187187362462, "dvar": 4.65295397589e-06, "dvar2": 1.00800543805e-05, "max": 0.0266361571848, "mean": 0.00286369421519, "median": 0.00174063490704, "min": 1.73000079328e-21, "var": 1.06147708721e-05}, "spectral_energyband_middle_low": {"dmean": 0.00968388933688, "dmean2": 0.015615249984, "dvar": 0.000281407235889, "dvar2": 0.000692367728334, "max": 0.136401325464, "mean": 0.0140527635813, "median": 0.0089643150568, "min": 3.99095687652e-22, "var": 0.000297916383715}, "spectral_entropy": {"dmean": 0.248061031103, "dmean2": 0.353385835886, "dvar": 0.0565351434052, "dvar2": 0.114219516516, "max": 9.81065273285, "mean": 7.55795812607, "median": 7.59397411346, "min": 5.87742567062, "var": 0.22369723022}, "spectral_flux": {"dmean": 0.0458305329084, "dmean2": 0.0667292103171, "dvar": 0.00291887740605, "dvar2": 0.00533900596201, "max": 0.404568761587, "mean": 0.0980699509382, "median": 0.0712553411722, "min": 1.04645153653e-10, "var": 0.00542577076703}, "spectral_kurtosis": {"dmean": 1.4285633564, "dmean2": 2.15668702126, "dvar": 3.21412467957, "dvar2": 7.60923624039, "max": 41.9553031921, "mean": 4.19201040268, "median": 3.32564878464, "min": -1.16168057919, "var": 8.43239879608}, "spectral_rms": {"dmean": 0.00152609532233, "dmean2": 0.00226369127631, "dvar": 3.28362989421e-06, "dvar2": 7.04848480382e-06, "max": 0.0163300558925, "mean": 0.00544584775344, "median": 0.00541297905147, "min": 3.26856532291e-12, "var": 7.66097946325e-06}, "spectral_rolloff": {"dmean": 579.972839355, "dmean2": 1011.659729, "dvar": 1652892.5, "dvar2": 4289696.5, "max": 18561.6210938, "mean": 885.585510254, "median": 344.53125, "min": 64.599609375, "var": 2369862.5}, "spectral_skewness": {"dmean": 0.225066259503, "dmean2": 0.333982169628, "dvar": 0.0516729578376, "dvar2": 0.111989177763, "max": 5.1828622818, "mean": 1.64558243752, "median": 1.56955480576, "min": 0.0312109850347, "var": 0.212905213237}, "spectral_spread": {"dmean": 899643.6875, "dmean2": 1265098, "dvar": 1063747059710.0, "dvar2": 2071928111100.0, "max": 40594548, "mean": 5677048, "median": 5663417, "min": 1860266.75, "var": 2602237427710.0}, "spectral_strongpeak": {"dmean": 0.283496767282, "dmean2": 0.472486287355, "dvar": 0.171832412481, "dvar2": 0.407012373209, "max": 8.00025844574, "mean": 0.570541501045, "median": 0.442962884903, "min": 0, "var": 0.298830866814}, "zerocrossingrate": {"dmean": 0.0137649802491, "dmean2": 0.017544914037, "dvar": 0.000248142518103, "dvar2": 0.000354687916115, "max": 0.51025390625, "mean": 0.0496579781175, "median": 0.04052734375, "min": 0.0029296875, "var": 0.00157036248129}, "barkbands": {"dmean": [0.000282455614069, 0.0100625604391, 0.00449751131237, 0.00273796520196, 0.00589189631864, 0.00173782231286, 0.000301999127259, 0.000169094695593, 0.000336982920999, 0.000350204849383, 0.000338117184583, 0.000201610848308, 0.000120450822578, 0.000179808790563, 0.000193639367353, 0.00013655089424, 0.000113804060675, 7.4640425737e-05, 9.53979542828e-05, 0.000100662255136, 0.00014063094568, 0.000278062536381, 0.000176210727659, 8.27350813779e-05, 0.000129550287966, 9.30000969674e-05, 3.99883247155e-05], "dmean2": [0.00049671321176, 0.0174600984901, 0.00750922644511, 0.00453405734152, 0.00984873436391, 0.00281391339377, 0.000460467592347, 0.000270227261353, 0.000572932825889, 0.000552501936909, 0.000496623164508, 0.000314121047268, 0.000192544990568, 0.000274439138593, 0.000296267360682, 0.000216133965296, 0.000177575173439, 0.000120688098832, 0.000151081840158, 0.00016790391237, 0.000219740337343, 0.000450740539236, 0.000279687577859, 0.000126158352941, 0.000197109970031, 0.000151548869326, 6.57564596622e-05], "dvar": [2.92257652745e-07, 0.000509511912242, 5.71857344767e-05, 2.44454931817e-05, 0.000127329767565, 8.21773301141e-06, 4.01359073976e-07, 9.6651646686e-08, 6.84686881414e-07, 6.41633391751e-07, 7.60918055676e-07, 2.58550755916e-07, 1.7903862215e-07, 2.05637590511e-07, 1.51300241669e-07, 6.77630325185e-08, 5.37257420774e-08, 2.45110065578e-08, 3.4151558026e-08, 5.20669019011e-08, 9.96807898446e-08, 6.15590636244e-07, 1.79995495841e-07, 3.17728137134e-08, 7.97136436859e-08, 4.98886372213e-08, 1.05070485645e-08], "dvar2": [8.43275188345e-07, 0.00137826497667, 0.000153019966092, 6.08713562542e-05, 0.000325791275827, 2.03696818062e-05, 8.1557965359e-07, 2.09879402746e-07, 1.77365097898e-06, 1.36832670705e-06, 1.43028921684e-06, 5.88040506955e-07, 3.5651851249e-07, 4.53301595371e-07, 3.40447570579e-07, 1.61182128977e-07, 1.30289592448e-07, 6.26879881338e-08, 8.25721855335e-08, 1.35740719998e-07, 2.59340339426e-07, 1.59122748755e-06, 4.60813652126e-07, 7.87524498946e-08, 1.97525167778e-07, 1.26711483972e-07, 2.73949432028e-08], "max": [0.00403619417921, 0.201640412211, 0.10661546886, 0.06198072806, 0.0885649099946, 0.0291701275855, 0.0184778068215, 0.0061861295253, 0.0253202524036, 0.0358025059104, 0.0186661779881, 0.0098896259442, 0.0225036218762, 0.0178914200515, 0.00657361047342, 0.00546735106036, 0.00328556168824, 0.00155131355859, 0.00242636585608, 0.00274499622174, 0.00487896800041, 0.0138961467892, 0.00410758890212, 0.00249830051325, 0.00342845311388, 0.00287588010542, 0.00173989112955], "mean": [0.000319929677062, 0.0119024571031, 0.0082731321454, 0.00335529656149, 0.00637158332393, 0.00273897219449, 0.000544574519154, 0.000286439521005, 0.00040878058644, 0.000609208829701, 0.000727878941689, 0.000329276634147, 0.000145933692693, 0.000268423085799, 0.00029486513813, 0.000202699084184, 0.00019257114036, 9.06426139409e-05, 0.000120612101455, 0.000117982941447, 0.000166846133652, 0.00026508627343, 0.000174856992089, 9.70693436102e-05, 0.000131988228532, 8.15574385342e-05, 3.24744105455e-05], "median": [9.18665027712e-05, 0.00465954188257, 0.00344257964753, 0.00143053103238, 0.00296870898455, 0.00142070581205, 0.000225599054829, 0.000142301025335, 0.000154668348841, 0.000208965881029, 0.000203231538762, 0.000104686827399, 5.6873948779e-05, 0.000133080175146, 0.000111183777335, 8.00869456725e-05, 7.19036106602e-05, 3.89423003071e-05, 5.14006678713e-05, 4.54865948996e-05, 6.26483815722e-05, 5.4364609241e-05, 3.65093510482e-05, 3.24806314893e-05, 3.21841798723e-05, 1.50024370669e-05, 4.76610330225e-06], "min": [4.00943524902e-24, 1.17000504692e-23, 3.91327484017e-23, 3.6095387792e-23, 7.37486307214e-23, 8.65534335567e-23, 1.8445921925e-23, 7.27623210871e-23, 4.78012064122e-23, 1.12831696663e-22, 8.66532465493e-23, 7.16861254857e-23, 9.04984764566e-23, 1.19260370305e-22, 2.41960679027e-22, 1.17636717857e-22, 1.29249431957e-22, 1.95743489535e-22, 3.55281646156e-22, 4.00378766758e-22, 3.18582599911e-22, 6.08283449604e-22, 8.942506017e-22, 1.17050024962e-21, 1.06454075575e-21, 1.74231257698e-21, 2.03994209724e-21], "var": [3.07547765033e-07, 0.000425485195592, 0.000134375368361, 2.64014852291e-05, 0.000110457360279, 1.26182694657e-05, 9.75008560999e-07, 2.59746798292e-07, 9.5515895282e-07, 1.63025117672e-06, 2.69491715699e-06, 5.1755006325e-07, 2.26505676437e-07, 2.738398166e-07, 2.60548461029e-07, 1.11346317055e-07, 1.17311444114e-07, 2.41977513582e-08, 3.87460552531e-08, 4.60078375397e-08, 9.18638107805e-08, 4.98239103308e-07, 1.64300061556e-07, 3.26716680377e-08, 7.97438630684e-08, 4.12673877292e-08, 7.97868437985e-09]}, "erbbands": {"dmean": [0.302021116018, 2.26365065575, 4.96041870117, 6.64806461334, 20.7975521088, 13.9829072952, 20.9652042389, 10.788974762, 6.45853757858, 3.11044979095, 4.14673900604, 7.45494604111, 12.6717004776, 8.3670501709, 12.690073967, 8.39208221436, 5.3546628952, 9.63281822205, 8.84766387939, 9.55872917175, 7.01623821259, 5.66048002243, 4.04682350159, 4.93213891983, 4.28331518173, 4.91045331955, 4.88149261475, 6.46283626556, 9.16787528992, 7.24932384491, 6.0746254921, 2.18460512161, 1.24093008041, 0.920885026455, 1.15406143665, 0.607890367508, 0.132450729609, 0.03685516119, 0.00611541699618, 0.000460860173916], "dmean2": [0.524530053139, 3.9307641983, 8.37637424469, 10.8808860779, 34.2536277771, 23.8861370087, 34.898765564, 17.8780250549, 9.9460144043, 4.87490701675, 6.57525014877, 12.5694103241, 20.2158527374, 13.2271165848, 18.3402709961, 13.0527858734, 8.3833770752, 14.6359453201, 13.2507667542, 15.0621910095, 11.047000885, 8.9056892395, 6.4754114151, 7.94728708267, 6.71472454071, 8.16909313202, 7.6017780304, 10.2243976593, 14.7045669556, 11.6045589447, 9.88320541382, 3.38022756577, 1.89455366135, 1.42796051502, 1.78505671024, 0.977881371975, 0.215097218752, 0.0606188625097, 0.0100799966604, 0.000752946711145], "dvar": [0.434102416039, 25.9782180786, 71.2755508423, 105.964546204, 2123.24047852, 670.318969727, 1498.37084961, 367.665283203, 172.243774414, 32.6471977234, 66.2919006348, 357.723480225, 969.242370605, 289.524688721, 1060.1628418, 551.95489502, 450.576934814, 548.375183105, 352.088287354, 405.389556885, 156.656661987, 138.593490601, 65.5464324951, 98.5780487061, 76.9766921997, 135.899993896, 93.351020813, 259.576538086, 581.835632324, 433.475097656, 270.778167725, 23.1229743958, 6.91990089417, 3.96534347534, 7.15426492691, 2.19705486298, 0.105318777263, 0.00862522795796, 0.000271204306046, 1.25620942981e-06], "dvar2": [1.17862248421, 70.3884429932, 193.476638794, 271.882019043, 5360.43359375, 1777.03271484, 3922.29589844, 907.498046875, 354.998352051, 76.5732345581, 141.121612549, 890.217773438, 2132.04101562, 740.681152344, 1843.55847168, 1233.96240234, 860.724487305, 1215.28295898, 729.632141113, 1032.109375, 382.345397949, 341.350189209, 166.193771362, 248.404006958, 188.42565918, 354.024169922, 236.128311157, 682.313842773, 1478.26098633, 1150.5057373, 704.804260254, 57.7838935852, 17.0559329987, 10.0734825134, 17.8040447235, 5.57752180099, 0.268369376659, 0.0220182649791, 0.000714951369446, 3.26994131683e-06], "max": [5.1733956337, 49.3048171997, 94.2560424805, 165.583053589, 432.248779297, 238.533874512, 441.489807129, 233.534378052, 382.438171387, 165.630325317, 167.950042725, 713.147216797, 1355.64416504, 308.016540527, 751.861572266, 502.684387207, 1172.07275391, 874.751403809, 386.310882568, 628.178222656, 169.074676514, 175.800979614, 75.0295181274, 165.033706665, 134.330993652, 152.1355896, 113.11681366, 272.645294189, 458.64163208, 380.493133545, 154.265518188, 67.3150634766, 37.8383178711, 33.8349075317, 34.6808242798, 19.3080406189, 4.19257688522, 1.43445944786, 0.258802354336, 0.0162548013031], "mean": [0.319958269596, 2.78411507607, 8.6499414444, 11.1688899994, 20.6109333038, 15.2459392548, 28.1214046478, 16.2025566101, 11.8692159653, 5.23135900497, 6.96144533157, 9.33234405518, 20.7304954529, 17.2389278412, 27.6506786346, 14.5644445419, 7.21651220322, 14.3844575882, 14.3022174835, 14.6683893204, 11.0829572678, 9.01864719391, 5.2592663765, 5.81896400452, 5.77736520767, 5.68904781342, 6.25257444382, 6.98113250732, 9.06213188171, 7.23722219467, 5.55217313766, 2.50099563599, 1.41392242908, 0.981256306171, 1.13074195385, 0.546972572803, 0.117109425366, 0.030647803098, 0.00495551712811, 0.000402469275286], "median": [0.107442416251, 1.09375, 3.96396350861, 6.00169181824, 7.01085853577, 7.08653783798, 11.4741306305, 8.21357536316, 4.82664632797, 2.6446287632, 3.33701610565, 3.81747865677, 7.55776834488, 7.6664018631, 8.60287952423, 5.03467750549, 3.15332889557, 7.1382651329, 5.19895172119, 6.95049953461, 4.72759342194, 3.70621299744, 2.46659326553, 2.25746297836, 2.71568775177, 2.14892148972, 2.69960165024, 2.0278673172, 1.98858237267, 1.62575316429, 1.02016663551, 0.737907767296, 0.481414079666, 0.323621630669, 0.230474561453, 0.101068034768, 0.0211656689644, 0.00473360391334, 0.000745892175473, 8.82902677404e-05], "min": [5.58763230083e-22, 2.23732645533e-21, 2.93400123167e-20, 1.0939314967e-19, 1.44049781363e-19, 3.67029627915e-19, 3.0768815606e-19, 8.88757488315e-19, 2.56216583949e-19, 6.17926923538e-19, 1.75574110137e-18, 1.20136362086e-18, 3.85638922121e-18, 3.06484210188e-18, 2.50494629271e-18, 3.12761828613e-18, 4.02137701183e-18, 6.60456280315e-18, 7.53099392228e-18, 1.17752022242e-17, 7.43363062828e-18, 8.40343041332e-18, 1.17725420113e-17, 9.78091939816e-18, 2.67118143033e-17, 1.69014952518e-17, 1.40852099639e-17, 1.37087914999e-17, 2.08613196863e-17, 2.27738770678e-17, 2.1597503814e-17, 2.18637517465e-17, 2.06510437571e-17, 1.3087199184e-17, 7.69576912748e-18, 6.03847926941e-18, 3.08238784344e-18, 1.20332166076e-18, 3.14331450354e-19, 2.93270068403e-20], "var": [0.364046990871, 21.9019412994, 123.745666504, 190.145309448, 1833.8112793, 571.473388672, 1801.40466309, 527.723815918, 444.874725342, 70.7925109863, 180.478530884, 543.52166748, 2047.15026855, 811.841552734, 3964.31933594, 1135.40026855, 588.65814209, 725.172058105, 732.187683105, 483.429321289, 265.936431885, 223.986251831, 69.7395629883, 100.906333923, 85.2907485962, 117.284828186, 101.441429138, 218.980453491, 498.122497559, 340.443908691, 223.055648804, 23.3796310425, 7.04821062088, 3.66619062424, 6.91246891022, 1.88386833668, 0.0869094133377, 0.006813575048, 0.000200253693038, 9.77903937383e-07]}, "gfcc": {"mean": [-11.7833585739, 85.8206253052, -79.4332885742, 35.3703231812, -44.0900039673, 18.9531116486, -32.1708717346, -1.23776757717, -24.8100566864, -0.451638460159, -20.6174564362, 4.79703617096, -3.78025865555], "cov": [[15691.7011719, -1276.18371582, -287.75491333, -179.595993042, -830.78125, -182.127319336, -479.93182373, -203.98449707, -351.988433838, 6.55184650421, -386.747650146, -115.220054626, -161.968566895], [-1276.18371582, 1444.07727051, -147.197753906, 57.252658844, 222.666641235, 8.60813331604, 131.161590576, 9.89565467834, 152.98789978, -9.33310031891, 85.029838562, -18.944065094, 122.351768494], [-287.75491333, -147.197753906, 453.159057617, 26.3674221039, 115.977790833, 56.5346679688, 82.0418167114, 29.9848461151, -5.10009002686, 20.3334655762, 7.08077526093, 1.45145869255, -21.5787620544], [-179.595993042, 57.252658844, 26.3674221039, 256.458618164, 37.9874916077, 10.7221632004, 27.5319862366, 5.53479623795, 15.4075098038, -7.97675180435, 43.2641029358, -1.87547636032, -3.19311451912], [-830.78125, 222.666641235, 115.977790833, 37.9874916077, 219.61265564, 79.3753814697, 93.9710617065, 36.6362609863, 54.2051391602, -3.09368634224, 25.1803894043, 14.2768697739, 16.9267635345], [-182.127319336, 8.60813331604, 56.5346679688, 10.7221632004, 79.3753814697, 143.575439453, 77.1290130615, 62.7939720154, 10.8247556686, 2.33560037613, 0.903119802475, -5.82853937149, -4.17762947083], [-479.93182373, 131.161590576, 82.0418167114, 27.5319862366, 93.9710617065, 77.1290130615, 136.026351929, 47.8639526367, 38.9679336548, 3.48953080177, 22.0188121796, 6.0334148407, 10.6460475922], [-203.98449707, 9.89565467834, 29.9848461151, 5.53479623795, 36.6362609863, 62.7939720154, 47.8639526367, 95.7802581787, 31.6461753845, 14.9632940292, 6.62657642365, 0.964146852493, -2.02567696571], [-351.988433838, 152.98789978, -5.10009002686, 15.4075098038, 54.2051391602, 10.8247556686, 38.9679336548, 31.6461753845, 94.6683654785, 29.0753955841, 23.7183971405, 8.63265609741, 23.2450275421], [6.55184650421, -9.33310031891, 20.3334655762, -7.97675180435, -3.09368634224, 2.33560037613, 3.48953080177, 14.9632940292, 29.0753955841, 67.7551345825, 24.8418540955, 7.53576803207, 12.022851944], [-386.747650146, 85.029838562, 7.08077526093, 43.2641029358, 25.1803894043, 0.903119802475, 22.0188121796, 6.62657642365, 23.7183971405, 24.8418540955, 78.1714019775, 36.4922370911, 24.7095088959], [-115.220054626, -18.944065094, 1.45145869255, -1.87547636032, 14.2768697739, -5.82853937149, 6.0334148407, 0.964146852493, 8.63265609741, 7.53576803207, 36.4922370911, 92.5005874634, 37.4221725464], [-161.968566895, 122.351768494, -21.5787620544, -3.19311451912, 16.9267635345, -4.17762947083, 10.6460475922, -2.02567696571, 23.2450275421, 12.022851944, 24.7095088959, 37.4221725464, 80.342590332]], "icov": [[9.47947992245e-05, -2.60831875494e-05, -2.70741074928e-05, -8.11435020296e-05, 0.000322398234857, -0.000168474070961, 0.000122069497593, 0.000117146497359, 0.000100723402284, -0.000246934068855, 0.000507269287482, -0.000172822285094, 6.27199406154e-05], [-2.60831875494e-05, 0.00142100034282, 0.000732638989575, 0.000195875385543, -0.00147087895311, 0.000906571338419, -0.000970154069364, 0.000225775540457, -0.000981485238299, 0.000971395347733, -0.00146389869042, 0.00192601210438, -0.00182903115638], [-2.70741074928e-05, 0.000732638989575, 0.00346020795405, -0.000113461705041, -0.00262779695913, 0.0011790455319, -0.00212195119821, -0.00020096404478, 0.00168673915323, -0.00176639808342, -1.634462933e-05, 0.000616481003817, 0.000139795694849], [-8.11435020296e-05, 0.000195875385543, -0.000113461705041, 0.00479241739959, -0.000628387439065, 0.000187519239262, -0.000281258922769, 2.29106553888e-05, -0.000812601123471, 0.00230212393217, -0.00433033658192, 0.0016219537938, 0.000345034030033], [0.000322398234857, -0.00147087895311, -0.00262779695913, -0.000628387439065, 0.01140688546, -0.00505623780191, -0.000585781584959, 0.00185584428255, -0.00386091554537, 0.00193185184617, 0.00168367882725, -0.0029122272972, 0.00128403224517], [-0.000168474070961, 0.000906571338419, 0.0011790455319, 0.000187519239262, -0.00505623780191, 0.0151116196066, -0.00601738318801, -0.00712186796591, 0.0043266620487, -0.000976399926003, 2.71932617579e-06, 0.00227806670591, -0.00109490414616], [0.000122069497593, -0.000970154069364, -0.00212195119821, -0.000281258922769, -0.000585781584959, -0.00601738318801, 0.0155828921124, -0.00176732474938, -0.00312780495733, 0.00214004702866, -0.00144104473293, -0.000699501775671, 0.000197229106561], [0.000117146497359, 0.000225775540457, -0.00020096404478, 2.29106553888e-05, 0.00185584428255, -0.00712186796591, -0.00176732474938, 0.0175966639072, -0.00542768323794, -0.00158419040963, 0.000909422058612, -0.00104735908099, 0.00177137739956], [0.000100723402284, -0.000981485238299, 0.00168673915323, -0.000812601123471, -0.00386091554537, 0.0043266620487, -0.00312780495733, -0.00542768323794, 0.0202242024243, -0.00868242047727, 0.00158514664508, -0.000179235590622, -0.00152160867583], [-0.000246934068855, 0.000971395347733, -0.00176639808342, 0.00230212393217, 0.00193185184617, -0.000976399926003, 0.00214004702866, -0.00158419040963, -0.00868242047727, 0.0235968772322, -0.0100982738659, 0.00342728500254, -0.00265109841712], [0.000507269287482, -0.00146389869042, -1.634462933e-05, -0.00433033658192, 0.00168367882725, 2.71932617579e-06, -0.00144104473293, 0.000909422058612, 0.00158514664508, -0.0100982738659, 0.026228396222, -0.00979951955378, 0.000485170545289], [-0.000172822285094, 0.00192601210438, 0.000616481003817, 0.0016219537938, -0.0029122272972, 0.00227806670591, -0.000699501775671, -0.00104735908099, -0.000179235590622, 0.00342728500254, -0.00979951955378, 0.0186614897102, -0.00839250441641], [6.27199406154e-05, -0.00182903115638, 0.000139795694849, 0.000345034030033, 0.00128403224517, -0.00109490414616, 0.000197229106561, 0.00177137739956, -0.00152160867583, -0.00265109841712, 0.000485170545289, -0.00839250441641, 0.0196976866573]]}, "melbands": {"dmean": [0.00278566335328, 0.00257230340503, 0.00157644797582, 0.00129433756229, 0.000687683874276, 0.00025521958014, 9.0570320026e-05, 3.26881308865e-05, 3.47963214153e-05, 5.02738039359e-05, 6.33290401311e-05, 3.29968097503e-05, 4.8097303079e-05, 2.58191648754e-05, 1.44959049067e-05, 1.29765339807e-05, 1.93742180272e-05, 1.37375491249e-05, 1.30918269861e-05, 1.18891448437e-05, 8.1639700511e-06, 6.88467798682e-06, 4.08094183513e-06, 3.61078741662e-06, 4.20996775574e-06, 3.5143561945e-06, 2.89916533802e-06, 3.34181731887e-06, 3.20263575304e-06, 3.07964955937e-06, 4.09914400734e-06, 4.31601893069e-06, 7.23394532542e-06, 2.7145013064e-06, 3.83647375202e-06, 2.01550642487e-06, 1.18599086818e-06, 8.66369248342e-07, 7.8572924167e-07, 7.77764455506e-07], "dmean2": [0.00484371837229, 0.00431863777339, 0.00256200158037, 0.00217704637907, 0.00114913063589, 0.000416224618675, 0.000140175689012, 5.20258581673e-05, 5.53338322788e-05, 8.5262756329e-05, 0.000101001540315, 5.31939913344e-05, 6.99054580764e-05, 3.96130199078e-05, 2.27684740821e-05, 2.0768484319e-05, 2.95240588457e-05, 2.0815685275e-05, 2.03597464861e-05, 1.86167017091e-05, 1.30768012241e-05, 1.07915448098e-05, 6.71602902003e-06, 5.80113919568e-06, 6.94800064593e-06, 5.54747248316e-06, 4.70800932817e-06, 5.64686297366e-06, 5.09288338435e-06, 4.93449806527e-06, 6.51882555758e-06, 6.91967716193e-06, 1.18624211609e-05, 4.31372291132e-06, 6.33964828012e-06, 3.19080936606e-06, 1.86524573564e-06, 1.33794992507e-06, 1.20724610042e-06, 1.22945277781e-06], "dvar": [3.88610606024e-05, 2.20729871216e-05, 7.02273791831e-06, 7.66795619711e-06, 1.58764464686e-06, 1.88682875546e-07, 3.37946062245e-08, 3.25126392475e-09, 4.77487249739e-09, 1.5465884573e-08, 2.39543318514e-08, 4.74112615834e-09, 1.5386888208e-08, 3.79504472292e-09, 2.01546668244e-09, 1.42438338901e-09, 2.60234833682e-09, 7.92907239866e-10, 7.65015384374e-10, 5.62481450306e-10, 2.24904234125e-10, 2.15680945326e-10, 7.50208575817e-11, 5.56539328511e-11, 7.69405442136e-11, 5.56267983065e-11, 3.84527271136e-11, 6.73208919166e-11, 4.33978825098e-11, 4.90177481938e-11, 1.09499076473e-10, 1.13615450381e-10, 5.29736865484e-10, 5.84153767025e-11, 1.17556436807e-10, 2.2993107418e-11, 8.59848824086e-12, 3.7138200501e-12, 2.64795433844e-12, 3.13732763726e-12], "dvar2": [0.000105624065327, 5.84466324653e-05, 1.73743337655e-05, 1.98913694476e-05, 4.16084822064e-06, 4.59484539306e-07, 6.96729074434e-08, 7.84239340135e-09, 1.02702140126e-08, 3.99110113847e-08, 5.25278984753e-08, 1.24123920031e-08, 2.78706515644e-08, 7.89449927652e-09, 4.33686508927e-09, 3.02296232491e-09, 5.73874681109e-09, 1.66351221687e-09, 1.89275484175e-09, 1.37260558475e-09, 5.58694812636e-10, 5.2587334487e-10, 1.87713039557e-10, 1.38744821188e-10, 1.97155874959e-10, 1.32517746776e-10, 9.91392731797e-11, 1.77751521835e-10, 1.10003943454e-10, 1.29128291393e-10, 2.87606299887e-10, 2.86863283128e-10, 1.38489797408e-09, 1.56463661471e-10, 3.07475045425e-10, 5.8665503011e-11, 2.2344502984e-11, 9.27417257574e-12, 6.53765670072e-12, 8.14815836331e-12], "max": [0.052243180573, 0.0477421917021, 0.0318306162953, 0.0227836407721, 0.0153608005494, 0.00590336322784, 0.00513098714873, 0.00150353554636, 0.00184385036118, 0.00393777154386, 0.00678604934365, 0.0012454201933, 0.00275475368835, 0.0011265341891, 0.00170980172697, 0.00179777108133, 0.00200067250989, 0.000551312812604, 0.000501446716953, 0.000679881428368, 0.00021051899239, 0.000237949119764, 0.000165726887644, 8.74235556694e-05, 0.000151839107275, 0.000108159445517, 0.000112494511995, 0.000103240949102, 9.04742191778e-05, 0.000108631815237, 0.000178620161023, 0.000214522879105, 0.000392307236325, 0.000166268990142, 0.000102026686363, 5.18219931109e-05, 5.4863106925e-05, 2.56678140431e-05, 2.34660783462e-05, 3.09321512759e-05], "mean": [0.00310125411488, 0.00436521368101, 0.00231095263734, 0.00130010559224, 0.000903953739908, 0.000402987527195, 0.000165541394381, 5.33610145794e-05, 5.61730303161e-05, 6.1920058215e-05, 0.000102828758827, 6.41292572254e-05, 0.000104552062112, 4.61655254185e-05, 2.09158224607e-05, 1.54935642058e-05, 2.85466267087e-05, 2.16948046727e-05, 1.94357835426e-05, 1.86543929885e-05, 1.25548440337e-05, 1.10958098958e-05, 5.27049087395e-06, 4.45978957941e-06, 4.68711004942e-06, 4.48667151431e-06, 3.76428261006e-06, 3.62436867363e-06, 3.99811824536e-06, 3.59795740223e-06, 4.23134270022e-06, 4.41511656391e-06, 6.46044372843e-06, 2.92780123345e-06, 3.38576273862e-06, 2.04356933864e-06, 1.37951872148e-06, 9.79285573521e-07, 8.62041986238e-07, 7.99629958692e-07], "median": [0.0011879329104, 0.00226653832942, 0.00120505061932, 0.000495677581057, 0.000397370604333, 0.000208168872632, 6.71133238939e-05, 2.6000503567e-05, 2.58359450527e-05, 2.41366415139e-05, 3.64278093912e-05, 2.78155857814e-05, 3.02421285596e-05, 1.31960005092e-05, 7.37262234907e-06, 6.47387651043e-06, 1.30712223836e-05, 7.94113111624e-06, 8.3114255176e-06, 7.70362385083e-06, 4.62418483949e-06, 3.96621362597e-06, 2.33954324358e-06, 1.71377519109e-06, 1.68461963312e-06, 1.9119213448e-06, 1.62462958997e-06, 1.2357693322e-06, 1.63095728567e-06, 1.32554316679e-06, 1.03268234852e-06, 1.06124559807e-06, 1.10358439542e-06, 7.55779183237e-07, 5.47322542843e-07, 5.17334683536e-07, 4.06078754622e-07, 3.21602271924e-07, 2.95543486573e-07, 2.39928823476e-07], "min": [4.05717237784e-24, 1.15302907579e-23, 1.7789498144e-23, 2.0911298425e-23, 1.11444754552e-23, 1.83599029542e-23, 3.66987796098e-24, 9.86331801346e-24, 1.40266126934e-23, 6.61608135435e-24, 1.94475054842e-23, 1.18559554165e-23, 8.98341782661e-24, 7.45811187901e-24, 1.01947287349e-23, 9.21900324734e-24, 1.20069386606e-23, 9.97566285041e-24, 1.8798058389e-23, 9.76157231162e-24, 8.80781107822e-24, 9.32535905231e-24, 8.22451549198e-24, 9.39549667539e-24, 6.95200791008e-24, 1.48947667414e-23, 2.06464336429e-23, 9.3737020263e-24, 7.74093271303e-24, 9.28678690948e-24, 8.09300764592e-24, 1.10293672385e-23, 1.29661990434e-23, 1.35147681837e-23, 1.18078585671e-23, 1.4527580389e-23, 1.37382225014e-23, 1.48047482458e-23, 1.29012481807e-23, 1.06187201722e-23], "var": [3.16994373861e-05, 2.99152561638e-05, 8.77925504028e-06, 6.28028556093e-06, 1.79335518169e-06, 2.98146375144e-07, 8.71921912449e-08, 6.67201494053e-09, 1.23872352376e-08, 2.10938679857e-08, 5.08529680587e-08, 1.27666091032e-08, 5.65117801443e-08, 1.03421866626e-08, 2.91460389157e-09, 1.66696023651e-09, 3.45776807187e-09, 1.60382740422e-09, 9.72209646122e-10, 9.05121422257e-10, 3.96293081684e-10, 4.16915835189e-10, 8.78465980514e-11, 6.12187661675e-11, 7.3945891077e-11, 6.31563690234e-11, 3.81001619143e-11, 5.5322840059e-11, 4.71301747629e-11, 4.38073917419e-11, 9.11703143536e-11, 1.00793748348e-10, 4.08183514766e-10, 4.80619710697e-11, 9.43653072349e-11, 2.09911116267e-11, 7.90341750379e-12, 3.64228308972e-12, 2.63476913898e-12, 2.71664743652e-12]}, "mfcc": {"mean": [-664.407409668, 121.565429688, 23.4519367218, 28.2785186768, 11.2709932327, 20.599363327, 2.13516545296, 5.31759405136, 3.76928043365, -2.01325845718, -8.07609176636, -7.95027303696, -0.69932025671], "cov": [[9640.42285156, -188.963607788, 20.4554862976, -177.410507202, -291.786895752, -74.6806564331, -256.410217285, -152.359512329, -208.129425049, -140.070571899, -158.745117188, -253.148635864, -163.256134033], [-188.963607788, 1210.7890625, -111.401008606, 67.7326126099, 54.411693573, 58.938621521, -3.39383101463, 16.0369777679, 101.129951477, 36.9159584045, -16.4881916046, -49.6133842468, 64.0473632812], [20.4554862976, -111.401008606, 254.553619385, 41.9681396484, 34.8481330872, 23.5963897705, 66.8202438354, 11.3354225159, 3.7762336731, 27.4901313782, 13.7717351913, 15.9609165192, -23.1420021057], [-177.410507202, 67.7326126099, 41.9681396484, 190.538818359, 47.6597709656, 32.8711738586, 14.4537668228, 11.1044683456, -7.19249773026, -13.6416349411, 24.7206077576, 17.9467124939, 5.91415309906], [-291.786895752, 54.411693573, 34.8481330872, 47.6597709656, 115.257339478, 41.2561607361, 39.2549285889, 32.0394020081, 27.6103248596, 20.5323505402, 8.13095664978, 27.1237831116, 17.6499881744], [-74.6806564331, 58.938621521, 23.5963897705, 32.8711738586, 41.2561607361, 85.7986602783, 48.7417373657, 34.5060844421, 25.8249988556, 11.3461084366, 12.7585792542, 6.34999418259, 17.0764122009], [-256.410217285, -3.39383101463, 66.8202438354, 14.4537668228, 39.2549285889, 48.7417373657, 124.750183105, 56.5865249634, 27.8705043793, 29.172826767, 11.5286397934, 31.3288822174, 10.7948608398], [-152.359512329, 16.0369777679, 11.3354225159, 11.1044683456, 32.0394020081, 34.5060844421, 56.5865249634, 100.98374939, 42.6921348572, 9.95498085022, 8.20615673065, 32.7453689575, 31.0505409241], [-208.129425049, 101.129951477, 3.7762336731, -7.19249773026, 27.6103248596, 25.8249988556, 27.8705043793, 42.6921348572, 93.8174209595, 45.4827919006, 12.4396677017, -0.410332411528, 18.4404659271], [-140.070571899, 36.9159584045, 27.4901313782, -13.6416349411, 20.5323505402, 11.3461084366, 29.172826767, 9.95498085022, 45.4827919006, 100.192756653, 28.7383918762, -2.3077454567, -14.5491228104], [-158.745117188, -16.4881916046, 13.7717351913, 24.7206077576, 8.13095664978, 12.7585792542, 11.5286397934, 8.20615673065, 12.4396677017, 28.7383918762, 69.0520248413, 23.3384647369, -0.180291295052], [-253.148635864, -49.6133842468, 15.9609165192, 17.9467124939, 27.1237831116, 6.34999418259, 31.3288822174, 32.7453689575, -0.410332411528, -2.3077454567, 23.3384647369, 97.972076416, 42.6332435608], [-163.256134033, 64.0473632812, -23.1420021057, 5.91415309906, 17.6499881744, 17.0764122009, 10.7948608398, 31.0505409241, 18.4404659271, -14.5491228104, -0.180291295052, 42.6332435608, 91.1647872925]], "icov": [[0.00013012488489, -9.00684881344e-06, -0.000123641788377, 8.55884209159e-05, 0.000238282067585, -0.000225156720262, 0.000289182877168, -0.000159996241564, 0.000253253732808, -1.01995174191e-05, 0.000178217625944, 0.000165473000379, 8.88225840754e-05], [-9.00684881344e-06, 0.00111024966463, 0.000549047370441, -0.000608189206105, -0.000216273008846, -0.000331231276505, -8.15471939859e-05, 0.000507623772137, -0.00104471459053, -0.000373094895622, 0.000479484326206, 0.000752385298256, -0.000875750498381], [-0.000123641788377, 0.000549047370441, 0.00545792793855, -0.00126054207794, -0.000891101255547, 0.000208037978155, -0.00310199568048, 0.00128317810595, -0.000507332908455, -0.000791215337813, 0.000221653041081, -0.000463195785414, 0.00111733051017], [8.55884209159e-05, -0.000608189206105, -0.00126054207794, 0.00727977184579, -0.00242213602178, -0.00159692135639, 0.000929691072088, -0.000534029095434, 0.00171254796442, 0.0023422492668, -0.00307622435503, -5.92645737925e-05, 0.000677196541801], [0.000238282067585, -0.000216273008846, -0.000891101255547, -0.00242213602178, 0.0135319177061, -0.00448646489531, 0.000394958478864, -0.000786712160334, -0.00125781912357, -0.00230642128736, 0.00305574666709, -0.00314904563129, 0.000316327263135], [-0.000225156720262, -0.000331231276505, 0.000208037978155, -0.00159692135639, -0.00448646489531, 0.0198186915368, -0.00659448327497, -0.00149920559488, -0.00146752013825, 0.00170444126707, -0.00384350353852, 0.00434833066538, -0.00303856143728], [0.000289182877168, -8.15471939859e-05, -0.00310199568048, 0.000929691072088, 0.000394958478864, -0.00659448327497, 0.0163339842111, -0.00640470627695, 0.00159890111536, -0.00322804180905, 0.00223957630806, -0.0030842195265, 0.00174167077057], [-0.000159996241564, 0.000507623772137, 0.00128317810595, -0.000534029095434, -0.000786712160334, -0.00149920559488, -0.00640470627695, 0.0185327362269, -0.00787115003914, 0.00264292140491, 0.000377737043891, -0.00337076652795, -0.00181244395208], [0.000253253732808, -0.00104471459053, -0.000507332908455, 0.00171254796442, -0.00125781912357, -0.00146752013825, 0.00159890111536, -0.00787115003914, 0.020988823846, -0.00778784137219, -0.00102963019162, 0.00411036470905, -0.00345508707687], [-1.01995174191e-05, -0.000373094895622, -0.000791215337813, 0.0023422492668, -0.00230642128736, 0.00170444126707, -0.00322804180905, 0.00264292140491, -0.00778784137219, 0.0175950154662, -0.00671700434759, 0.000576529069804, 0.00360079505481], [0.000178217625944, 0.000479484326206, 0.000221653041081, -0.00307622435503, 0.00305574666709, -0.00384350353852, 0.00223957630806, 0.000377737043891, -0.00102963019162, -0.00671700434759, 0.02111630328, -0.00631733238697, 0.00210496247746], [0.000165473000379, 0.000752385298256, -0.000463195785414, -5.92645737925e-05, -0.00314904563129, 0.00434833066538, -0.0030842195265, -0.00337076652795, 0.00411036470905, 0.000576529069804, -0.00631733238697, 0.0191447883844, -0.00874252524227], [8.88225840754e-05, -0.000875750498381, 0.00111733051017, 0.000677196541801, 0.000316327263135, -0.00303856143728, 0.00174167077057, -0.00181244395208, -0.00345508707687, 0.00360079505481, 0.00210496247746, -0.00874252524227, 0.0182683132589]]}, "spectral_contrast_coeffs": {"dmean": [0.0625230893493, 0.0502926521003, 0.0345947146416, 0.025958519429, 0.018763858825, 0.0196220204234], "dmean2": [0.100783951581, 0.08219704777, 0.0560611672699, 0.0414481461048, 0.029525373131, 0.0313684046268], "dvar": [0.00307027320378, 0.00165685918182, 0.000808830955066, 0.000443525699666, 0.000250239128945, 0.000343548657838], "dvar2": [0.00734115066007, 0.00425829924643, 0.00203085644171, 0.00111053709406, 0.000578211387619, 0.000776985893026], "max": [-0.309611320496, -0.439783275127, -0.5329413414, -0.502107143402, -0.677911758423, -0.648956537247], "mean": [-0.638709843159, -0.729146897793, -0.788714230061, -0.809759616852, -0.820374310017, -0.772224009037], "median": [-0.645186364651, -0.731001257896, -0.797794342041, -0.814950823784, -0.824398636818, -0.772375941277], "min": [-0.965187966824, -0.95300835371, -0.970056712627, -0.962746143341, -0.962710797787, -0.960796117783], "var": [0.00788004230708, 0.00575462216511, 0.00432226993144, 0.00213221576996, 0.00123221473768, 0.00118198641576]}, "spectral_contrast_valleys": {"dmean": [0.453045129776, 0.439682602882, 0.412091940641, 0.387870788574, 0.387363046408, 0.517478942871], "dmean2": [0.719245374203, 0.67651695013, 0.612032175064, 0.534128725529, 0.513671755791, 0.621810674667], "dvar": [0.167864099145, 0.176863074303, 0.1738294065, 0.160726562142, 0.172614112496, 0.263324022293], "dvar2": [0.364499211311, 0.348889857531, 0.335438877344, 0.280188292265, 0.311352521181, 0.476990133524], "max": [-4.83276891708, -5.07062625885, -5.2356095314, -5.75830888748, -5.69038391113, -7.64444541931], "mean": [-6.85543012619, -7.1041111