{"lowlevel": {"average_loudness": 0.931115329266, "barkbands_crest": {"dmean": 2.59314846992, "dmean2": 4.19597673416, "dvar": 6.73068904877, "dvar2": 17.8687210083, "max": 26.8639850616, "mean": 10.687163353, "median": 9.61402988434, "min": 2.50337219238, "var": 20.6544265747}, "barkbands_flatness_db": {"dmean": 0.0267660077661, "dmean2": 0.0388514064252, "dvar": 0.000838322273921, "dvar2": 0.00165775348432, "max": 0.739497065544, "mean": 0.162244558334, "median": 0.135858595371, "min": 0.0232372917235, "var": 0.00981101579964}, "barkbands_kurtosis": {"dmean": 5.36988687515, "dmean2": 8.74115085602, "dvar": 1054.44506836, "dvar2": 2625.40478516, "max": 1812.02111816, "mean": 7.25701332092, "median": 2.78012466431, "min": -1.95426213741, "var": 989.518676758}, "barkbands_skewness": {"dmean": 0.604028224945, "dmean2": 0.931255638599, "dvar": 0.727651417255, "dvar2": 1.79882955551, "max": 14.4865293503, "mean": 1.59306931496, "median": 1.60319423676, "min": -14.6937665939, "var": 2.75560665131}, "barkbands_spread": {"dmean": 7.47769737244, "dmean2": 11.5042734146, "dvar": 85.4596710205, "dvar2": 186.324264526, "max": 148.941574097, "mean": 23.6516189575, "median": 20.7805976868, "min": 0.0254710856825, "var": 263.978363037}, "dissonance": {"dmean": 0.0174221191555, "dmean2": 0.0281526688486, "dvar": 0.000381164893042, "dvar2": 0.00096723344177, "max": 0.500000119209, "mean": 0.4604601264, "median": 0.467795878649, "min": 0.111892297864, "var": 0.00101917795837}, "dynamic_complexity": 5.48250865936, "erbbands_crest": {"dmean": 2.78881788254, "dmean2": 4.35633707047, "dvar": 7.94465589523, "dvar2": 18.7143287659, "max": 34.4266738892, "mean": 10.6497154236, "median": 9.24821949005, "min": 2.53318357468, "var": 31.9270095825}, "erbbands_flatness_db": {"dmean": 0.0217411685735, "dmean2": 0.0302914697677, "dvar": 0.000550624332391, "dvar2": 0.000982412369922, "max": 0.76380699873, "mean": 0.168221533298, "median": 0.141925722361, "min": 0.0161013752222, "var": 0.0101151298732}, "erbbands_kurtosis": {"dmean": 1.39498507977, "dmean2": 2.12033319473, "dvar": 7.58079576492, "dvar2": 16.3690376282, "max": 63.5721740723, "mean": 1.02694571018, "median": -0.396079540253, "min": -1.89704358578, "var": 20.7312030792}, "erbbands_skewness": {"dmean": 0.459570735693, "dmean2": 0.691327691078, "dvar": 0.257562726736, "dvar2": 0.585641682148, "max": 6.08760547638, "mean": 0.457314312458, "median": 0.430174231529, "min": -6.68371486664, "var": 1.11097407341}, "erbbands_spread": {"dmean": 10.8831987381, "dmean2": 16.0137405396, "dvar": 168.332336426, "dvar2": 342.907043457, "max": 175.037872314, "mean": 45.7148399353, "median": 42.638923645, "min": 0.174541294575, "var": 586.964416504}, "hfc": {"dmean": 10.5076723099, "dmean2": 16.3353462219, "dvar": 301.225616455, "dvar2": 724.96307373, "max": 188.142852783, "mean": 24.4936599731, "median": 18.659330368, "min": 1.09778791921e-16, "var": 551.546264648}, "melbands_crest": {"dmean": 3.00091981888, "dmean2": 4.87916326523, "dvar": 8.69188308716, "dvar2": 21.8699951172, "max": 36.1047019958, "mean": 13.6712121964, "median": 12.7509584427, "min": 2.0242433548, "var": 25.8434028625}, "melbands_flatness_db": {"dmean": 0.0308592189103, "dmean2": 0.0449379421771, "dvar": 0.00113670306746, "dvar2": 0.0022691981867, "max": 0.698065161705, "mean": 0.224719539285, "median": 0.2064152807, "min": 0.00405557500198, "var": 0.00907554849982}, "melbands_kurtosis": {"dmean": 8.56822681427, "dmean2": 13.6800632477, "dvar": 363.535614014, "dvar2": 965.163452148, "max": 401.236633301, "mean": 16.4365291595, "median": 10.9891605377, "min": -1.84425389767, "var": 441.09765625}, "melbands_skewness": {"dmean": 0.785814225674, "dmean2": 1.19843959808, "dvar": 0.974470674992, "dvar2": 2.42289543152, "max": 15.4724674225, "mean": 2.78382277489, "median": 2.69541335106, "min": -9.39313697815, "var": 3.07110619545}, "melbands_spread": {"dmean": 7.35382652283, "dmean2": 11.5709581375, "dvar": 133.487716675, "dvar2": 325.152191162, "max": 207.612884521, "mean": 23.0508117676, "median": 17.4647655487, "min": 0.237828731537, "var": 550.97454834}, "pitch_salience": {"dmean": 0.0743425562978, "dmean2": 0.118921563029, "dvar": 0.0053403810598, "dvar2": 0.0134692518041, "max": 0.897707283497, "mean": 0.546051740646, "median": 0.546177566051, "min": 0.115727819502, "var": 0.0148089379072}, "silence_rate_20dB": {"dmean": 0, "dmean2": 0, "dvar": 0, "dvar2": 0, "max": 1, "mean": 1, "median": 1, "min": 1, "var": 0}, "silence_rate_30dB": {"dmean": 0, "dmean2": 0, "dvar": 0, "dvar2": 0, "max": 1, "mean": 1, "median": 1, "min": 1, "var": 0}, "silence_rate_60dB": {"dmean": 0.00899634510279, "dmean2": 0.0179952196777, "dvar": 0.00891464855522, "dvar2": 0.0207621771842, "max": 1, "mean": 0.155586794019, "median": 0, "min": 0, "var": 0.131374135613}, "spectral_centroid": {"dmean": 293.059417725, "dmean2": 449.256744385, "dvar": 125409.367188, "dvar2": 270067.15625, "max": 11182.3603516, "mean": 1368.32568359, "median": 1218.10327148, "min": 146.223434448, "var": 572565.3125}, "spectral_complexity": {"dmean": 4.26989030838, "dmean2": 6.57219171524, "dvar": 36.2636375427, "dvar2": 80.2318115234, "max": 55, "mean": 15.3877725601, "median": 14, "min": 0, "var": 114.382499695}, "spectral_decrease": {"dmean": 2.19277263014e-09, "dmean2": 3.38729422289e-09, "dvar": 1.14053896246e-17, "dvar2": 2.86524875538e-17, "max": 2.05632468069e-16, "mean": -6.79985845409e-09, "median": -6.36475983029e-09, "min": -3.54340343733e-08, "var": 2.60579081767e-17}, "spectral_energy": {"dmean": 0.00895136967301, "dmean2": 0.0138097358868, "dvar": 0.000183267009561, "dvar2": 0.000457967224065, "max": 0.139377117157, "mean": 0.027885871008, "median": 0.0261770300567, "min": 1.02792434174e-20, "var": 0.000424354919232}, "spectral_energyband_high": {"dmean": 0.000969602609985, "dmean2": 0.00152754771989, "dvar": 3.64949437426e-06, "dvar2": 8.70057010616e-06, "max": 0.021397145465, "mean": 0.00141189340502, "median": 0.000513359438628, "min": 7.49466428548e-21, "var": 5.01426529809e-06}, "spectral_energyband_low": {"dmean": 0.00477034272626, "dmean2": 0.00750571442768, "dvar": 0.000123824356706, "dvar2": 0.000318209349643, "max": 0.128613620996, "mean": 0.0088138114661, "median": 0.00473520066589, "min": 1.01899069015e-22, "var": 0.000164417680935}, "spectral_energyband_middle_high": {"dmean": 0.00137205258943, "dmean2": 0.00208945455961, "dvar": 5.37297910341e-06, "dvar2": 1.25364040287e-05, "max": 0.080650575459, "mean": 0.00386921013705, "median": 0.00269522587769, "min": 1.53264531382e-21, "var": 1.81009108928e-05}, "spectral_energyband_middle_low": {"dmean": 0.00484266737476, "dmean2": 0.00746735930443, "dvar": 3.81575155188e-05, "dvar2": 9.36641299631e-05, "max": 0.0791988819838, "mean": 0.0145593928173, "median": 0.0131842019036, "min": 2.66427509236e-22, "var": 0.000127476771013}, "spectral_entropy": {"dmean": 0.250106066465, "dmean2": 0.350447624922, "dvar": 0.0827830284834, "dvar2": 0.150012239814, "max": 9.80889034271, "mean": 7.42848300934, "median": 7.53682422638, "min": 3.39166378975, "var": 0.491446763277}, "spectral_flux": {"dmean": 0.0254668239504, "dmean2": 0.0376918651164, "dvar": 0.00106307957321, "dvar2": 0.00204080948606, "max": 0.334773898125, "mean": 0.075102314353, "median": 0.0678878650069, "min": 1.01386600504e-10, "var": 0.00301931239665}, "spectral_kurtosis": {"dmean": 2.90616559982, "dmean2": 4.58025884628, "dvar": 70.2379226685, "dvar2": 183.365280151, "max": 349.818847656, "mean": 7.27857589722, "median": 3.32977247238, "min": -1.47418451309, "var": 337.192596436}, "spectral_rms": {"dmean": 0.000741550058592, "dmean2": 0.00110729178414, "dvar": 9.55432369665e-07, "dvar2": 2.24616837841e-06, "max": 0.0116609465331, "mean": 0.00466647418216, "median": 0.00505356956273, "min": 3.16678541029e-12, "var": 5.42968382433e-06}, "spectral_rolloff": {"dmean": 698.93560791, "dmean2": 1204.47741699, "dvar": 1779330.25, "dvar2": 4293908, "max": 19767.4804688, "mean": 1839.40539551, "median": 990.52734375, "min": 64.599609375, "var": 5827642}, "spectral_skewness": {"dmean": 0.327554255724, "dmean2": 0.501023292542, "dvar": 0.27378192544, "dvar2": 0.698210120201, "max": 12.2041082382, "mean": 1.67879259586, "median": 1.47112619877, "min": -0.47948345542, "var": 1.06785666943}, "spectral_spread": {"dmean": 850759.375, "dmean2": 1230269.125, "dvar": 1413201526780.0, "dvar2": 2444253986820.0, "max": 40249652, "mean": 5575245.5, "median": 5381216, "min": 182187.9375, "var": 6868529840130.0}, "spectral_strongpeak": {"dmean": 0.605156064034, "dmean2": 1.03563177586, "dvar": 2.13978123665, "dvar2": 4.93599700928, "max": 24.0359153748, "mean": 1.1999065876, "median": 0.53260409832, "min": 0, "var": 4.21690654755}, "zerocrossingrate": {"dmean": 0.0136273987591, "dmean2": 0.0155816152692, "dvar": 0.0002484403376, "dvar2": 0.000284416542854, "max": 0.8115234375, "mean": 0.0768934190273, "median": 0.06298828125, "min": 0.00341796875, "var": 0.00568248145282}, "barkbands": {"dmean": [8.96492128959e-05, 0.00312335183844, 0.00217689294368, 0.000929027155507, 0.00165965571068, 0.00261037051678, 0.00125106261112, 0.000656902964693, 0.000404902850278, 0.000236111780396, 0.000200280032004, 0.000140004485729, 0.000124590966152, 0.000164642944583, 0.000194456602912, 0.000165752411704, 0.000279500876786, 0.000231865094975, 0.000272278266493, 0.000282693450572, 0.000170591141796, 0.000161468546139, 0.000160314724781, 0.00018979467859, 0.000176527741132, 7.06512073521e-05, 1.66961453942e-05], "dmean2": [0.000132907720399, 0.0048584965989, 0.0039577963762, 0.00163477787282, 0.00269145285711, 0.00400876719505, 0.00195344001986, 0.000972689886112, 0.000598151644226, 0.000355964933988, 0.000313212163746, 0.000210178099223, 0.000189035315998, 0.000261595560005, 0.000299538631225, 0.000271861179499, 0.000429334118962, 0.000365223939298, 0.000421497010393, 0.000465917022666, 0.000274580350379, 0.000255350634689, 0.000258432672126, 0.000298304541502, 0.000290789728751, 0.000111029294203, 2.66874139925e-05], "dvar": [5.44334604058e-08, 5.51338307559e-05, 3.45011867466e-05, 3.45265993928e-06, 1.03981865323e-05, 1.70603543665e-05, 4.80837206851e-06, 2.87004263555e-06, 1.12698069188e-06, 3.93539522747e-07, 4.0461608819e-07, 1.04745186036e-06, 3.29968912638e-07, 2.22533486749e-07, 4.20897890763e-07, 2.86108530645e-07, 6.94686150382e-07, 6.1227825654e-07, 6.38974370304e-07, 5.03172316257e-07, 3.1762698427e-07, 1.9230134285e-07, 1.61414234867e-07, 1.72772317342e-07, 1.50981847469e-07, 2.35888464317e-08, 1.24152998993e-09], "dvar2": [1.20879533938e-07, 0.000132977264002, 0.000104066013591, 1.02649173641e-05, 2.772517837e-05, 4.13949128415e-05, 1.26750801428e-05, 6.32759702057e-06, 2.62520939032e-06, 9.18967543839e-07, 8.64024627845e-07, 2.36331879933e-06, 6.81148605963e-07, 4.76769116631e-07, 1.0116757494e-06, 6.15339672549e-07, 1.46848879012e-06, 1.20393929137e-06, 1.20522406633e-06, 1.25364545056e-06, 7.47964350012e-07, 4.24240937491e-07, 3.92330605337e-07, 3.92937153038e-07, 3.88283240227e-07, 5.59604274031e-08, 2.99779845392e-09], "max": [0.0051966458559, 0.0791633203626, 0.0616886168718, 0.0316626578569, 0.041782502085, 0.0577978603542, 0.0459318347275, 0.0605924464762, 0.0315819568932, 0.0231397673488, 0.0278477109969, 0.0757737830281, 0.0184050686657, 0.0127087701112, 0.0160396806896, 0.0158773828298, 0.0311243459582, 0.0407294854522, 0.0325818583369, 0.0210792478174, 0.0167194865644, 0.0130730904639, 0.00781579967588, 0.00630642892793, 0.00484474655241, 0.00282295770012, 0.00063201849116], "mean": [0.000111404609925, 0.00526412762702, 0.0028331191279, 0.00113382388372, 0.00269837956876, 0.00567929726094, 0.00255487649702, 0.00134058622643, 0.000881919462699, 0.000559768872336, 0.000380437035346, 0.00023245785269, 0.000207036748179, 0.000328927912051, 0.000564862159081, 0.000333759613568, 0.000429645151598, 0.000375471368898, 0.000381440244382, 0.000362406717613, 0.000207273973501, 0.000223600130994, 0.000211722421227, 0.000264965929091, 0.000213425999391, 8.5478030087e-05, 2.56509556493e-05], "median": [2.38423285737e-06, 0.00140534294769, 0.00106487574521, 0.000473908206914, 0.00148210767657, 0.00373661727645, 0.00145233375952, 0.000414447276853, 0.000262693123659, 0.0001619340037, 9.37910590437e-05, 6.79557342664e-05, 4.94426894875e-05, 8.03321308922e-05, 7.20351890777e-05, 6.72145688441e-05, 0.00011043894483, 0.000106412320747, 0.000128668412799, 0.000117482224596, 5.15092906426e-05, 5.86577007198e-05, 7.06888749846e-05, 5.69446892769e-05, 4.69059632451e-05, 2.09151803574e-05, 6.40388043394e-06], "min": [4.13946019436e-23, 2.89002032527e-23, 4.06154818928e-23, 1.2544181336e-23, 6.94244423378e-23, 6.63212402415e-23, 3.2062143932e-23, 4.45866644877e-23, 2.90285193675e-23, 4.03913538879e-23, 6.76644747256e-23, 1.68696566673e-22, 8.64679652108e-23, 9.4226563675e-23, 1.50136234674e-22, 1.92728034015e-22, 1.8246191179e-22, 2.00338964029e-22, 2.06329990261e-22, 3.75499330742e-22, 4.7043059964e-22, 4.56976343399e-22, 7.46232023106e-22, 7.192746896e-22, 1.52872832281e-21, 1.3804081343e-21, 2.21201424391e-21], "var": [1.02475802066e-07, 7.8844728705e-05, 2.59982098214e-05, 3.36436278303e-06, 1.53008968482e-05, 4.01533616241e-05, 1.12287953016e-05, 7.0775504355e-06, 3.30456896336e-06, 1.39459768889e-06, 1.21702271372e-06, 1.50591813508e-06, 6.01140641265e-07, 7.93916058228e-07, 2.32634124586e-06, 1.26110853671e-06, 1.63727975178e-06, 2.66353185907e-06, 1.46941704315e-06, 5.75615104026e-07, 3.76980352712e-07, 2.61872571627e-07, 1.76222414439e-07, 2.70338517794e-07, 1.80168797215e-07, 2.9851715766e-08, 2.48629516975e-09]}, "erbbands": {"dmean": [0.078351534903, 0.789818763733, 2.4378080368, 2.79830431938, 3.52268338203, 6.9546918869, 9.02150440216, 26.9214839935, 19.3960933685, 20.1975860596, 10.6537399292, 8.90832805634, 8.40203475952, 6.66110658646, 7.28806495667, 5.81204748154, 5.85570812225, 8.65591144562, 8.15227127075, 8.85527706146, 10.3109083176, 14.4463195801, 12.4028263092, 13.2839012146, 13.0882558823, 14.8701124191, 8.98667430878, 5.4822177887, 5.75685834885, 5.37545537949, 4.43875980377, 3.99162721634, 3.20687699318, 2.31811070442, 1.02064704895, 0.398221671581, 0.119280807674, 0.023596547544, 0.00286833313294, 0.000160292169312], "dmean2": [0.125930681825, 1.24237823486, 4.37070846558, 5.01568984985, 5.97856235504, 11.2311525345, 13.8228559494, 41.7750740051, 29.8306846619, 31.0449352264, 15.8415966034, 13.3349227905, 12.3841609955, 10.3699502945, 11.0812320709, 8.61989307404, 8.78768253326, 13.6108932495, 12.4905204773, 13.6332349777, 16.8625621796, 21.9796199799, 19.0877494812, 20.9778404236, 20.5958442688, 24.0896816254, 14.686293602, 8.84412193298, 9.17765522003, 8.56778526306, 7.05407619476, 6.16030931473, 5.19774150848, 3.87346506119, 1.62503957748, 0.624928057194, 0.18747857213, 0.0378009788692, 0.00459781475365, 0.000262409681454], "dvar": [0.0449740476906, 3.60684561729, 41.8980407715, 41.9210281372, 41.8134346008, 193.7578125, 199.700592041, 2130.375, 875.599609375, 1810.93884277, 990.766540527, 556.74432373, 502.582611084, 224.17124939, 604.542724609, 2380.66113281, 672.955810547, 684.899353027, 999.685913086, 705.421020508, 1045.3059082, 1608.1550293, 1533.91430664, 1823.52404785, 1052.89575195, 1694.04833984, 1034.7322998, 226.522338867, 230.091262817, 164.474914551, 152.486572266, 80.7070846558, 53.7713279724, 32.1909713745, 4.05362844467, 0.697243571281, 0.073060080409, 0.00262769474648, 3.90377717849e-05, 1.25545142282e-07], "dvar2": [0.111091375351, 9.24592399597, 125.122276306, 129.100234985, 112.375854492, 517.550476074, 515.094238281, 5134.79052734, 2092.83813477, 4663.18164062, 2358.24707031, 1282.95471191, 1174.89782715, 509.693389893, 1260.0657959, 5438.24121094, 1328.90734863, 1439.60876465, 2346.44335938, 1644.83422852, 2397.52294922, 3247.25561523, 3289.82592773, 3666.96020508, 2200.83300781, 4180.07714844, 2434.74707031, 559.841552734, 528.227600098, 353.591796875, 375.110290527, 190.197647095, 124.836769104, 85.7508010864, 9.726313591, 1.69500553608, 0.178112208843, 0.00604817643762, 9.46517830016e-05, 3.20978955415e-07], "max": [2.04630255699, 20.0131187439, 66.7886123657, 66.4291763306, 99.8341598511, 209.376083374, 188.395599365, 662.554443359, 507.375854492, 1030.79736328, 900.91015625, 620.078308105, 706.315612793, 371.110565186, 958.588989258, 3828.08935547, 852.383911133, 758.93927002, 1062.49047852, 780.317871094, 956.58605957, 1976.53747559, 1936.47558594, 1810.68273926, 1524.74865723, 1381.66711426, 1090.19604492, 517.683959961, 486.780181885, 340.660980225, 288.559844971, 230.874084473, 112.818870544, 77.9060287476, 32.8722991943, 14.5210161209, 4.65861654282, 0.817816972733, 0.107222490013, 0.00576273771003], "mean": [0.104731045663, 1.33347678185, 3.41892433167, 3.67130565643, 4.96941423416, 11.1713676453, 19.5666656494, 53.2341957092, 42.0615234375, 41.4605026245, 23.0860805511, 19.2791137695, 20.1682949066, 15.0906963348, 15.0869102478, 9.89191818237, 10.4075202942, 17.799955368, 20.8830795288, 27.1188144684, 18.5272464752, 22.9785480499, 22.0266056061, 19.2036056519, 19.1664218903, 19.1809177399, 10.305267334, 7.09490728378, 7.83206987381, 7.47729158401, 5.90161085129, 5.35859823227, 4.4125161171, 2.80175685883, 1.25043344498, 0.465485036373, 0.139335200191, 0.0308368895203, 0.00427772244439, 0.000282530469121], "median": [0.0149285513908, 0.44205480814, 1.65194785595, 1.9653288126, 2.69634389877, 5.24171304703, 13.3889341354, 31.0834293365, 26.5638065338, 18.7973270416, 8.33649635315, 7.16044664383, 6.7130484581, 5.76425504684, 5.10304117203, 3.41734719276, 3.00991201401, 4.68548488617, 4.03576231003, 4.79335689545, 4.89312648773, 6.99112510681, 7.08143377304, 6.08485937119, 7.6267824173, 6.48805952072, 2.67968463898, 2.00657296181, 2.01378798485, 2.29466319084, 1.89762866497, 1.38005888462, 0.820549786091, 0.556720256805, 0.308550745249, 0.114495374262, 0.0328079797328, 0.00808804109693, 0.00103860162199, 9.0858367912e-05], "min": [1.11258377328e-21, 6.53597689971e-21, 3.75301957491e-20, 6.02795205195e-20, 1.40832048781e-19, 2.80412004608e-19, 2.60898994903e-19, 6.29292902142e-19, 4.31102598724e-19, 6.00402585273e-19, 9.60933959844e-19, 8.57785519736e-19, 1.126649566e-18, 1.10631870732e-18, 3.71690258169e-18, 7.05487786068e-18, 4.33568496508e-18, 4.79582155161e-18, 5.90000013588e-18, 8.67346186993e-18, 1.16563057645e-17, 9.42827327787e-18, 1.02443944856e-17, 9.7346295439e-18, 1.32023336263e-17, 1.79592160642e-17, 1.65636813071e-17, 2.01345439109e-17, 1.63812863277e-17, 2.03098135565e-17, 2.12194078278e-17, 1.12442631131e-17, 1.48970811176e-17, 1.48167668432e-17, 1.16426746552e-17, 5.32489288884e-18, 2.73983270624e-18, 1.13959587317e-18, 2.85959517235e-19, 3.25548917727e-20], "var": [0.0517545305192, 4.78912448883, 32.9378547668, 33.847946167, 49.6674194336, 309.4972229, 480.909393311, 4244.59326172, 2481.9206543, 4343.18945312, 2444.67919922, 1336.62097168, 1492.32275391, 955.775756836, 1909.89978027, 3118.82617188, 1254.64367676, 2381.98901367, 3973.30615234, 4934.96337891, 2672.09887695, 4046.39208984, 5953.5625, 4428.51123047, 1960.24963379, 1845.9050293, 1170.50012207, 272.041168213, 308.193206787, 234.265686035, 156.768539429, 105.907066345, 86.5254898071, 36.9594841003, 5.28405380249, 0.852726578712, 0.0858640670776, 0.00362473260611, 7.28087106836e-05, 2.93340292501e-07]}, "gfcc": {"mean": [-46.3492507935, 68.0971374512, -102.33303833, 24.5691318512, -58.6561279297, -9.23126792908, -42.9608535767, 4.57790088654, -19.5112857819, 2.018273592, -9.63162708282, 2.73209929466, -7.34746646881], "cov": [[38912.5703125, -1194.00378418, 4089.79785156, 512.675109863, -3827.30297852, 2227.05615234, -1536.77490234, 1775.34106445, -683.737854004, 849.841369629, -107.72858429, 111.547950745, -1218.17687988], [-1194.00378418, 3419.61645508, 215.431747437, 60.8347053528, 545.523742676, 43.4759292603, 633.668273926, -9.35038566589, 218.994171143, 215.24041748, 210.867462158, -179.073196411, -25.6357002258], [4089.79785156, 215.431747437, 2029.60583496, 95.5883560181, -403.04598999, 700.781005859, 12.4219322205, 364.864196777, 0.76654702425, 297.002502441, 123.281478882, 7.0277132988, -271.293182373], [512.675109863, 60.8347053528, 95.5883560181, 658.926330566, 244.539215088, 83.9922103882, 106.225311279, 24.3140220642, 113.993721008, 54.8117103577, -28.9546012878, -76.4104766846, -48.8024749756], [-3827.30297852, 545.523742676, -403.04598999, 244.539215088, 955.409179688, -137.274795532, 244.461730957, -142.743637085, 195.67326355, -10.0412120819, -23.0804862976, -120.923202515, 75.5317611694], [2227.05615234, 43.4759292603, 700.781005859, 83.9922103882, -137.274795532, 539.549255371, 92.1128768921, 192.492111206, 28.6061019897, 130.723266602, 23.3832492828, -19.1791057587, -129.907989502], [-1536.77490234, 633.668273926, 12.4219322205, 106.225311279, 244.461730957, 92.1128768921, 482.098419189, 5.2764787674, 69.6355743408, 10.5536155701, 40.5981025696, 3.21916818619, 23.3209686279], [1775.34106445, -9.35038566589, 364.864196777, 24.3140220642, -142.743637085, 192.492111206, 5.2764787674, 296.294830322, 6.92532777786, 42.5776443481, 17.04454422, 10.6809501648, -58.0402679443], [-683.737854004, 218.994171143, 0.76654702425, 113.993721008, 195.67326355, 28.6061019897, 69.6355743408, 6.92532777786, 232.86769104, 73.9769592285, -5.15420913696, -66.7773513794, -1.89404845238], [849.841369629, 215.24041748, 297.002502441, 54.8117103577, -10.0412120819, 130.723266602, 10.5536155701, 42.5776443481, 73.9769592285, 217.997772217, 43.888343811, -67.176612854, -75.6906356812], [-107.72858429, 210.867462158, 123.281478882, -28.9546012878, -23.0804862976, 23.3832492828, 40.5981025696, 17.04454422, -5.15420913696, 43.888343811, 148.620346069, 49.6369400024, 4.62318468094], [111.547950745, -179.073196411, 7.0277132988, -76.4104766846, -120.923202515, -19.1791057587, 3.21916818619, 10.6809501648, -66.7773513794, -67.176612854, 49.6369400024, 184.769790649, 71.8032913208], [-1218.17687988, -25.6357002258, -271.293182373, -48.8024749756, 75.5317611694, -129.907989502, 23.3209686279, -58.0402679443, -1.89404845238, -75.6906356812, 4.62318468094, 71.8032913208, 168.425445557]], "icov": [[0.000133939378429, -0.00013462836796, 9.27372311708e-05, -0.000274722231552, 0.000366592168575, -0.000327380985254, 0.000460195413325, -0.000404224178055, 0.000261975568719, -0.000330398324877, 0.00041584824794, -0.000405189988669, 0.000413890782511], [-0.00013462836796, 0.000652992399409, -0.000192853418412, 0.000421683915192, -0.000462420051917, 0.00057692656992, -0.00110030977521, 0.000367297616322, -0.000348789908458, 0.000140994903632, -0.00107764836866, 0.00105745566543, -0.000493298342917], [9.27372311708e-05, -0.000192853418412, 0.00126775691751, -0.00028355899849, 0.000373380957171, -0.00126902700868, 0.000568051065784, -0.00073016382521, 0.000330215290887, -0.000940911413636, -2.23742918024e-05, -0.000904455140699, 0.00109181914013], [-0.000274722231552, 0.000421683915192, -0.00028355899849, 0.00247448729351, -0.00121313438285, 0.000631492817774, -0.00128247146495, 0.000699859927408, -0.00101068674121, 0.00055684230756, -0.000625609070994, 0.00101940880995, -0.000391230074456], [0.000366592168575, -0.000462420051917, 0.000373380957171, -0.00121313438285, 0.00292526651174, -0.00073872070061, 0.000646310742013, -0.000591603224166, -0.000267619499937, -0.000476157991216, 0.000961071345955, -1.5609408365e-05, 0.000419270072598], [-0.000327380985254, 0.00057692656992, -0.00126902700868, 0.000631492817774, -0.00073872070061, 0.00503493146971, -0.00233536958694, -9.77602394414e-05, -0.000837341183797, 4.28871862823e-05, -0.000519870198332, 0.00102332374081, -4.88561563543e-05], [0.000460195413325, -0.00110030977521, 0.000568051065784, -0.00128247146495, 0.000646310742013, -0.00233536958694, 0.00512962741777, -0.00133106554858, 0.000776501663495, -0.000621032027993, 0.00140778755303, -0.00252173398621, 0.00121035228949], [-0.000404224178055, 0.000367297616322, -0.00073016382521, 0.000699859927408, -0.000591603224166, -9.77602394414e-05, -0.00133106554858, 0.0060804663226, -0.0014039358357, 0.00164051272441, -0.00133363867644, 0.00105148216244, -0.00106170075014], [0.000261975568719, -0.000348789908458, 0.000330215290887, -0.00101068674121, -0.000267619499937, -0.000837341183797, 0.000776501663495, -0.0014039358357, 0.00699945213273, -0.00285346526653, 0.00129711802583, 0.000155496236403, -0.000341932580341], [-0.000330398324877, 0.000140994903632, -0.000940911413636, 0.00055684230756, -0.000476157991216, 4.28871862823e-05, -0.000621032027993, 0.00164051272441, -0.00285346526653, 0.0093311900273, -0.00370558374561, 0.00360614061356, -9.88176543615e-05], [0.00041584824794, -0.00107764836866, -2.23742918024e-05, -0.000625609070994, 0.000961071345955, -0.000519870198332, 0.00140778755303, -0.00133363867644, 0.00129711802583, -0.00370558374561, 0.0113641619682, -0.00543835619465, 0.00149572908413], [-0.000405189988669, 0.00105745566543, -0.000904455140699, 0.00101940880995, -1.5609408365e-05, 0.00102332374081, -0.00252173398621, 0.00105148216244, 0.000155496236403, 0.00360614061356, -0.00543835619465, 0.0123431757092, -0.0059138648212], [0.000413890782511, -0.000493298342917, 0.00109181914013, -0.000391230074456, 0.000419270072598, -4.88561563543e-05, 0.00121035228949, -0.00106170075014, -0.000341932580341, -9.88176543615e-05, 0.00149572908413, -0.0059138648212, 0.012173849158]]}, "melbands": {"dmean": [0.000782332732342, 0.00116913102102, 0.000492020451929, 0.00035416695755, 0.000321064435411, 0.000571291253436, 0.000289754214464, 0.000206138967769, 8.35564860608e-05, 5.51343218831e-05, 4.20005781052e-05, 2.71305798378e-05, 2.72111392405e-05, 1.60977215273e-05, 1.52718221216e-05, 1.26244813146e-05, 1.71378869709e-05, 1.2796745068e-05, 1.4320502487e-05, 1.14141330414e-05, 1.30838134282e-05, 1.5927140339e-05, 1.33215044116e-05, 1.20868553495e-05, 1.09724232971e-05, 1.07173700599e-05, 9.04072658159e-06, 1.02416024674e-05, 6.20199034529e-06, 4.23544543082e-06, 2.95027848551e-06, 3.25313703797e-06, 3.62978948942e-06, 3.09598635795e-06, 2.67780933427e-06, 2.47794037023e-06, 2.47579714596e-06, 2.18867307922e-06, 2.60640399574e-06, 1.78467303158e-06], "dmean2": [0.00122358102817, 0.00200398662128, 0.000876358593814, 0.00058062619064, 0.000493760395329, 0.000882333843037, 0.000445982353995, 0.000314263248583, 0.000124155718368, 8.24312664918e-05, 6.21081417194e-05, 4.2163519538e-05, 4.1583301936e-05, 2.42850092036e-05, 2.25245894399e-05, 1.94316344277e-05, 2.71625140158e-05, 1.96073033294e-05, 2.21537975449e-05, 1.78687751031e-05, 2.18129280256e-05, 2.45427636401e-05, 2.01667480724e-05, 1.86690303963e-05, 1.77163401531e-05, 1.6591648091e-05, 1.47656228364e-05, 1.66714416991e-05, 1.03321817733e-05, 6.90702017891e-06, 4.78794891023e-06, 5.31263412995e-06, 5.62651712244e-06, 5.01816612086e-06, 4.31639500675e-06, 3.96329733121e-06, 3.80228675567e-06, 3.47653326571e-06, 4.39827408627e-06, 3.00091278405e-06], "dvar": [3.70632369595e-06, 8.85867666511e-06, 1.09926190817e-06, 4.60861315332e-07, 2.59455589458e-07, 8.78946877947e-07, 1.93643529656e-07, 1.88530904666e-07, 6.43893116603e-08, 2.07050767642e-08, 1.28484405337e-08, 3.92396026783e-09, 8.23524537452e-09, 9.51580592101e-09, 8.23891088686e-09, 2.60218935288e-09, 2.85511281284e-09, 2.86801649096e-09, 2.16651496743e-09, 1.34338051794e-09, 1.99784366828e-09, 2.111281594e-09, 2.12759787566e-09, 2.46790188285e-09, 1.51974466345e-09, 1.10321718427e-09, 4.47915510238e-10, 9.66171032069e-10, 5.35616273556e-10, 2.56202808968e-10, 8.52439646648e-11, 9.07475206091e-11, 1.26262764133e-10, 5.24008440805e-11, 7.15063147583e-11, 3.23606939856e-11, 3.05489140928e-11, 2.40874906826e-11, 4.74655315053e-11, 1.79941148787e-11], "dvar2": [8.82796030055e-06, 2.53985308518e-05, 3.33174375555e-06, 1.22404082958e-06, 6.78487765526e-07, 2.11891847357e-06, 4.71422765713e-07, 4.6235498985e-07, 1.56531356765e-07, 4.6661035924e-08, 3.02890192927e-08, 8.81956463417e-09, 1.69679807982e-08, 2.16182236557e-08, 1.77272792001e-08, 5.46859890704e-09, 5.98057159351e-09, 6.687384424e-09, 5.14019626863e-09, 2.75915756909e-09, 4.53641701981e-09, 4.16695522532e-09, 4.65410066042e-09, 4.06445899159e-09, 3.08694869666e-09, 1.99166039216e-09, 1.11994635787e-09, 2.35535857485e-09, 1.2651067971e-09, 6.1224553205e-10, 2.09659387074e-10, 2.12111633813e-10, 2.67457112013e-10, 1.22913318412e-10, 1.79558867774e-10, 7.87677909009e-11, 7.13793607554e-11, 5.45083388148e-11, 1.27122548599e-10, 4.77935989396e-11], "max": [0.0185586642474, 0.0337071940303, 0.0115700745955, 0.00885384809226, 0.00673049734905, 0.0133909163997, 0.00759393209592, 0.0133547028527, 0.00736216595396, 0.00342277646996, 0.0034205049742, 0.0015959632583, 0.00425345357507, 0.00662771519274, 0.00595083320513, 0.00163105491083, 0.00152224570047, 0.00209957035258, 0.00137772003654, 0.0014078024542, 0.00156935409177, 0.00288127106614, 0.00156681484077, 0.00319202267565, 0.00174154690467, 0.0019133532187, 0.00070373545168, 0.00132533197757, 0.00114555039909, 0.000581372296438, 0.000397770869313, 0.00045295318705, 0.000356411648681, 0.00013687228784, 0.000264475966105, 0.000112783927761, 0.000117008290545, 0.00011482553964, 9.8958837043e-05, 5.45384173165e-05], "mean": [0.00122831924818, 0.00186840258539, 0.00067892606603, 0.000558938947506, 0.00067835720256, 0.00118714896962, 0.000624622683972, 0.000422157201683, 0.000174178130692, 0.000119253949379, 9.85714359558e-05, 5.90957897657e-05, 5.43233327335e-05, 2.80133444903e-05, 2.51072306128e-05, 2.1204503355e-05, 3.44542095263e-05, 2.82221208181e-05, 4.10821194237e-05, 3.09978531732e-05, 1.92650950339e-05, 2.31018275372e-05, 2.22364633373e-05, 2.04375828616e-05, 1.4435936464e-05, 1.48663712025e-05, 1.3016398043e-05, 1.22468791233e-05, 6.441719961e-06, 5.02604325447e-06, 3.74356591237e-06, 4.14194391851e-06, 4.85453892907e-06, 3.92627498513e-06, 3.40419819622e-06, 3.18320849146e-06, 3.26119379679e-06, 2.99669704873e-06, 3.10449695462e-06, 2.11058068089e-06], "median": [0.000269694079179, 0.00100270332769, 0.000420210941229, 0.000307904643705, 0.000460523326183, 0.000742219097447, 0.000403624901082, 0.000177311521838, 5.4221109167e-05, 4.2792144086e-05, 3.04608220176e-05, 2.00345202757e-05, 1.51070880747e-05, 8.4589673861e-06, 6.24228050583e-06, 5.67748566027e-06, 7.60228385843e-06, 4.87593797516e-06, 5.19662717124e-06, 5.33879347131e-06, 4.3660479605e-06, 6.03536773269e-06, 5.8945965975e-06, 4.81722418044e-06, 3.94139760829e-06, 4.86586122861e-06, 4.68950747745e-06, 3.67150732927e-06, 1.35741458962e-06, 1.18736954846e-06, 1.03751108327e-06, 1.03280638086e-06, 1.16904175229e-06, 1.24757127651e-06, 1.07033804397e-06, 9.17623083296e-07, 7.5456051718e-07, 5.45039142708e-07, 4.99992836467e-07, 4.4607540417e-07], "min": [1.17684494429e-23, 1.60604081253e-23, 1.14568044202e-23, 1.6243777265e-23, 9.91164915454e-24, 1.37385696002e-23, 6.77994945804e-24, 7.18578526162e-24, 7.89872619332e-24, 4.91733920915e-24, 5.64479281492e-24, 3.94217972926e-24, 1.16220857682e-23, 1.23377616807e-23, 2.11770861744e-23, 6.49767924893e-24, 9.55849584879e-24, 8.13788594282e-24, 1.33864773124e-23, 1.21143972931e-23, 1.36009338826e-23, 1.02315693281e-23, 8.34657909529e-24, 1.04917380212e-23, 7.18919550731e-24, 8.99464805045e-24, 9.73040520612e-24, 1.31277932555e-23, 8.74593598426e-24, 1.40092766862e-23, 1.05337559084e-23, 1.01284943956e-23, 7.57751938765e-24, 1.30946098215e-23, 1.35266247631e-23, 8.31201909903e-24, 6.07303226821e-24, 9.63076734062e-24, 1.06282062246e-23, 1.41157555534e-23], "var": [5.00493160871e-06, 8.36639446788e-06, 9.37254185374e-07, 6.55741814626e-07, 5.75141712034e-07, 1.90623188701e-06, 5.34269531727e-07, 4.73716880833e-07, 1.68891929775e-07, 5.21694509814e-08, 3.73945852061e-08, 1.75666876601e-08, 2.49687346354e-08, 1.58718513887e-08, 1.27139632156e-08, 4.55672521937e-09, 1.07926494408e-08, 8.84296369463e-09, 1.45726737344e-08, 1.06136424094e-08, 3.79871911704e-09, 4.86362594643e-09, 4.91503815425e-09, 1.47179068932e-08, 3.27969496006e-09, 2.43962983149e-09, 6.73883560065e-10, 1.01553587761e-09, 6.02667415972e-10, 2.83696677261e-10, 9.65454452495e-11, 1.11303993799e-10, 1.7034702815e-10, 6.24820611916e-11, 6.69213434668e-11, 3.75297015687e-11, 4.15876534599e-11, 4.00682716173e-11, 5.48089733321e-11, 2.00641048914e-11]}, "mfcc": {"mean": [-685.994018555, 97.7287368774, 15.3783054352, 23.6045475006, 4.23347711563, -10.4145145416, -10.4427661896, -3.56435918808, -6.9436416626, -1.46672034264, -4.39965200424, -3.13788700104, 3.51430368423], "cov": [[23361.6152344, 2558.91210938, 2112.23706055, 462.192443848, -723.586730957, -200.291152954, 108.819396973, -239.886566162, -522.681884766, 547.726074219, 493.678283691, 316.971893311, 3.1572163105], [2558.91210938, 2248.75390625, 504.472259521, 53.9588279724, -69.4755783081, 109.138641357, 228.870056152, -43.3075065613, -57.5739135742, 237.845046997, 274.428771973, 219.080352783, 22.4068164825], [2112.23706055, 504.472259521, 1257.75598145, 31.3672161102, -24.9739513397, 241.95753479, 209.097640991, 1.60356736183, -66.7560577393, 154.484710693, 233.449523926, 181.265380859, 24.349647522], [462.192443848, 53.9588279724, 31.3672161102, 466.977416992, 128.191741943, 108.017379761, 83.8943862915, 64.9851150513, 59.1226119995, 79.6522064209, 40.5402259827, 39.8201179504, 22.7285919189], [-723.586730957, -69.4755783081, -24.9739513397, 128.191741943, 424.363433838, 131.194152832, 34.1854019165, 67.1715927124, 117.364173889, 98.3688964844, 42.1672897339, 37.0138053894, 4.00616598129], [-200.291152954, 109.138641357, 241.95753479, 108.017379761, 131.194152832, 389.195007324, 156.050643921, 60.4767036438, 110.199684143, 126.776481628, 127.0493927, 112.643936157, -10.693936348], [108.819396973, 228.870056152, 209.097640991, 83.8943862915, 34.1854019165, 156.050643921, 275.536834717, 97.1098327637, 48.852394104, 59.7143669128, 79.7646026611, 93.0575332642, -2.71617913246], [-239.886566162, -43.3075065613, 1.60356736183, 64.9851150513, 67.1715927124, 60.4767036438, 97.1098327637, 234.838485718, 106.942085266, -21.3801555634, 1.96565377712, 9.17765426636, 19.590883255], [-522.681884766, -57.5739135742, -66.7560577393, 59.1226119995, 117.364173889, 110.199684143, 48.852394104, 106.942085266, 207.643997192, 90.5769577026, 1.07311165333, 36.3272628784, 8.02983570099], [547.726074219, 237.845046997, 154.484710693, 79.6522064209, 98.3688964844, 126.776481628, 59.7143669128, -21.3801555634, 90.5769577026, 286.800811768, 139.552398682, 99.7036590576, -6.33236455917], [493.678283691, 274.428771973, 233.449523926, 40.5402259827, 42.1672897339, 127.0493927, 79.7646026611, 1.96565377712, 1.07311165333, 139.552398682, 225.293334961, 117.506706238, -8.50563335419], [316.971893311, 219.080352783, 181.265380859, 39.8201179504, 37.0138053894, 112.643936157, 93.0575332642, 9.17765426636, 36.3272628784, 99.7036590576, 117.506706238, 204.727050781, 5.70881843567], [3.1572163105, 22.4068164825, 24.349647522, 22.7285919189, 4.00616598129, -10.693936348, -2.71617913246, 19.590883255, 8.02983570099, -6.33236455917, -8.50563335419, 5.70881843567, 111.783241272]], "icov": [[6.87060382916e-05, -4.73626823805e-05, -0.000101550089312, -0.000105095707113, 0.000110398083052, 8.49341740832e-05, 9.65629660641e-05, -9.09470691113e-05, 0.000151048399857, -0.000172777159605, 5.1088656619e-05, -2.54451388173e-05, 5.80458945478e-05], [-4.73626823805e-05, 0.000633714720607, 1.33817939059e-05, 7.45545476093e-05, 5.02319417137e-05, 0.000133894282044, -0.000475142209325, 0.000156083144248, 0.000106614861579, -0.000209981415537, -0.000392603076762, -0.000190359787666, -0.000211359976674], [-0.000101550089312, 1.33817939059e-05, 0.00138183892705, 0.000304024666548, -1.12550451377e-05, -0.000723964360077, -0.000553378486075, -0.000115604547318, 0.000834989710711, -0.000180028306204, -0.000441229873104, -0.000275512080407, -0.000514358980581], [-0.000105095707113, 7.45545476093e-05, 0.000304024666548, 0.00274027045816, -0.000702896737494, -0.000523093913216, -0.00060047802981, -0.000397035124479, 0.00030024847365, -0.000439686904429, 0.000192134844838, 5.48147218069e-05, -0.000639887992293], [0.000110398083052, 5.02319417137e-05, -1.12550451377e-05, -0.000702896737494, 0.00334611209109, -0.000512897677254, 0.000543570087757, -0.000537324580364, -0.000607105903327, -0.000855469203088, -0.000145895639434, -1.72082909558e-05, 5.55008482479e-05], [8.49341740832e-05, 0.000133894282044, -0.000723964360077, -0.000523093913216, -0.000512897677254, 0.00510076619685, -0.00158924830612, 0.000843782327138, -0.00239782826975, 0.000289346062345, -0.00171142979525, -0.000311943877023, 0.000629025511444], [9.65629660641e-05, -0.000475142209325, -0.000553378486075, -0.00060047802981, 0.000543570087757, -0.00158924830612, 0.00668388605118, -0.00281858094968, 0.000942832964938, -0.000462502299342, 0.000581582600717, -0.00146935007069, 0.000845384027343], [-9.09470691113e-05, 0.000156083144248, -0.000115604547318, -0.000397035124479, -0.000537324580364, 0.000843782327138, -0.00281858094968, 0.00834684912115, -0.00561957946047, 0.00360828451812, -0.00210338272154, 0.00116733380128, -0.000965749204624], [0.000151048399857, 0.000106614861579, 0.000834989710711, 0.00030024847365, -0.000607105903327, -0.00239782826975, 0.000942832964938, -0.00561957946047, 0.0124175520614, -0.00557287177071, 0.00407802639529, -0.00171547522768, -0.000278209539829], [-0.000172777159605, -0.000209981415537, -0.000180028306204, -0.000439686904429, -0.000855469203088, 0.000289346062345, -0.000462502299342, 0.00360828451812, -0.00557287177071, 0.0085649844259, -0.00426661083475, 4.34546345787e-05, 0.00014895638742], [5.1088656619e-05, -0.000392603076762, -0.000441229873104, 0.000192134844838, -0.000145895639434, -0.00171142979525, 0.000581582600717, -0.00210338272154, 0.00407802639529, -0.00426661083475, 0.0102923335508, -0.0030822341796, 0.000764488533605], [-2.54451388173e-05, -0.000190359787666, -0.000275512080407, 5.48147218069e-05, -1.72082909558e-05, -0.000311943877023, -0.00146935007069, 0.00116733380128, -0.00171547522768, 4.34546345787e-05, -0.0030822341796, 0.00822338555008, -0.000710577412974], [5.80458945478e-05, -0.000211359976674, -0.000514358980581, -0.000639887992293, 5.55008482479e-05, 0.000629025511444, 0.000845384027343, -0.000965749204624, -0.000278209539829, 0.00014895638742, 0.000764488533605, -0.000710577412974, 0.00959962885827]]}, "spectral_contrast_coeffs": {"dmean": [0.0526246465743, 0.0455804131925, 0.0364351868629, 0.0305420849472, 0.0262917615473, 0.0218261815608], "dmean2": [0.0847866684198, 0.0734544917941, 0.05691659078, 0.0473270490766, 0.0403963029385, 0.0344442725182], "dvar": [0.00240760692395, 0.00155234488193, 0.00109026674181, 0.000737060268875, 0.000605549488682, 0.000472488056403], "dvar2": [0.00589263718575, 0.00389698031358, 0.00241609057412, 0.00169678032398, 0.00130685546901, 0.00115339015611], "max": [-0.200591892004, -0.277531474829, -0.324286937714, -0.356589883566, -0.345159322023, -0.425958573818], "mean": [-0.630678057671, -0.665961325169, -0.749239206314, -0.763383865356, -0.775712430477, -0.779229223728], "median": [-0.6422727108, -0.658862113953, -0.75385838747, -0.776029527187, -0.783556163311, -0.78977560997], "min": [-0.973969399929, -0.971502542496, -0.973539173603, -0.959313869476, -0.962093412876, -0.95903813839], "var": [0.0150445941836, 0.0133173707873, 0.00977119524032, 0.00696588028222, 0.00461077410728, 0.00338674220257]}, "spectral_contrast_valleys": {"dmean": [0.506965816021, 0.366530001163, 0.374870359898, 0.357321113348, 0.417402595282, 0.445816367865], "dmean2": [0.773055970669, 0.575982272625, 0.574967503548, 0.522094905376, 0.591779649258, 0.624412715435], "dvar": [0.326887130737, 0.138600021601, 0.165568366647, 0.152112051845, 0.242319643497, 0.257139503956], "dvar2": [0.620815992355, 0.293444335461, 0.323441565037, 0.271438717842, 0.467050790787, 0.477774322033], "max": [-5.28751373291, -4.96002626419, -5.70379829407, -6.22123336792, -5.47238779068, -7.43799257278], "mean": [-8.28054046631