{"lowlevel": {"average_loudness": 0.876761555672, "barkbands_crest": {"dmean": 2.56688523293, "dmean2": 4.025182724, "dvar": 6.44498729706, "dvar2": 15.0614185333, "max": 25.8158683777, "mean": 12.0324239731, "median": 11.3893928528, "min": 4.3816652298, "var": 15.6568117142}, "barkbands_flatness_db": {"dmean": 0.0448548048735, "dmean2": 0.0664321035147, "dvar": 0.00209426949732, "dvar2": 0.00454338639975, "max": 0.755591511726, "mean": 0.289137035608, "median": 0.282069087029, "min": 0.0792750492692, "var": 0.00945815443993}, "barkbands_kurtosis": {"dmean": 7.29407739639, "dmean2": 10.8814468384, "dvar": 129.710662842, "dvar2": 289.385498047, "max": 136.138214111, "mean": 10.6914491653, "median": 3.9680685997, "min": -1.62125182152, "var": 249.231460571}, "barkbands_skewness": {"dmean": 0.894827902317, "dmean2": 1.25405466557, "dvar": 0.855711579323, "dvar2": 1.75467944145, "max": 9.67008972168, "mean": 2.15014219284, "median": 1.84710431099, "min": -2.41173577309, "var": 3.43828439713}, "barkbands_spread": {"dmean": 4.93185281754, "dmean2": 7.7185459137, "dvar": 40.287979126, "dvar2": 96.9290466309, "max": 71.4843139648, "mean": 10.2408895493, "median": 7.39367341995, "min": 0.444267988205, "var": 76.221496582}, "dissonance": {"dmean": 0.0434842519462, "dmean2": 0.0741152763367, "dvar": 0.00217986153439, "dvar2": 0.00592603068799, "max": 0.500000059605, "mean": 0.414111554623, "median": 0.434458076954, "min": 0.0517094656825, "var": 0.00496624456719}, "dynamic_complexity": 3.24469089508, "erbbands_crest": {"dmean": 3.33370876312, "dmean2": 4.94641590118, "dvar": 8.50655555725, "dvar2": 17.9832057953, "max": 27.0780715942, "mean": 11.2103185654, "median": 10.2989797592, "min": 2.48872900009, "var": 24.5041294098}, "erbbands_flatness_db": {"dmean": 0.0286910198629, "dmean2": 0.0416722521186, "dvar": 0.000913027790375, "dvar2": 0.00174639176112, "max": 0.540304362774, "mean": 0.253965824842, "median": 0.227821916342, "min": 0.072719283402, "var": 0.00922107324004}, "erbbands_kurtosis": {"dmean": 1.92064726353, "dmean2": 2.9366145134, "dvar": 5.68279743195, "dvar2": 12.7801904678, "max": 40.9563293457, "mean": 1.63629460335, "median": 0.800425052643, "min": -1.8716083765, "var": 10.2123689651}, "erbbands_skewness": {"dmean": 0.568809092045, "dmean2": 0.86777561903, "dvar": 0.334661632776, "dvar2": 0.799859762192, "max": 5.79007816315, "mean": 0.410631865263, "median": 0.398567795753, "min": -2.81920433044, "var": 0.761903703213}, "erbbands_spread": {"dmean": 12.366153717, "dmean2": 18.1347160339, "dvar": 235.934173584, "dvar2": 460.001617432, "max": 151.927230835, "mean": 33.0146560669, "median": 23.3674163818, "min": 1.09390699863, "var": 766.520324707}, "hfc": {"dmean": 9.84035873413, "dmean2": 15.0771160126, "dvar": 296.28314209, "dvar2": 717.392089844, "max": 132.165054321, "mean": 14.9597682953, "median": 9.30983352661, "min": 1.18997898519e-16, "var": 356.749542236}, "melbands_crest": {"dmean": 2.7696557045, "dmean2": 4.33187866211, "dvar": 7.33436059952, "dvar2": 17.1291007996, "max": 32.6877670288, "mean": 15.5065784454, "median": 15.1499824524, "min": 1.86376214027, "var": 20.0422286987}, "melbands_flatness_db": {"dmean": 0.0528319478035, "dmean2": 0.0765313133597, "dvar": 0.0031366685871, "dvar2": 0.00681540742517, "max": 0.938628554344, "mean": 0.365515530109, "median": 0.355293273926, "min": 0.00534257944673, "var": 0.0146521776915}, "melbands_kurtosis": {"dmean": 15.7248983383, "dmean2": 22.6398601532, "dvar": 600.232177734, "dvar2": 1210.77661133, "max": 376.86819458, "mean": 27.0887565613, "median": 10.5242710114, "min": -1.64732789993, "var": 1565.37280273}, "melbands_skewness": {"dmean": 1.15459907055, "dmean2": 1.61924934387, "dvar": 1.45444118977, "dvar2": 2.81917572021, "max": 14.4210062027, "mean": 3.25978732109, "median": 2.76378393173, "min": -1.74249243736, "var": 6.56360244751}, "melbands_spread": {"dmean": 5.03628873825, "dmean2": 7.7921295166, "dvar": 48.9899711609, "dvar2": 113.397193909, "max": 133.248153687, "mean": 9.95307254791, "median": 7.35806035995, "min": 0.503921508789, "var": 74.0247344971}, "pitch_salience": {"dmean": 0.0765540003777, "dmean2": 0.118012182415, "dvar": 0.00523874768987, "dvar2": 0.0129133425653, "max": 0.858132302761, "mean": 0.507669210434, "median": 0.504020452499, "min": 0.108254954219, "var": 0.013766085729}, "silence_rate_20dB": {"dmean": 0, "dmean2": 0, "dvar": 0, "dvar2": 0, "max": 1, "mean": 1, "median": 1, "min": 1, "var": 0}, "silence_rate_30dB": {"dmean": 0.0513735301793, "dmean2": 0.102783724666, "dvar": 0.0487346462905, "dvar2": 0.102923929691, "max": 1, "mean": 0.93259626627, "median": 1, "min": 0, "var": 0.0628603845835}, "silence_rate_60dB": {"dmean": 0.0385301448405, "dmean2": 0.0770877972245, "dvar": 0.0370481945574, "dvar2": 0.0825598090887, "max": 1, "mean": 0.0870185419917, "median": 0, "min": 0, "var": 0.0794434919953}, "spectral_centroid": {"dmean": 263.33203125, "dmean2": 407.402435303, "dvar": 156934.421875, "dvar2": 330150.90625, "max": 11331.0205078, "mean": 702.513183594, "median": 569.966796875, "min": 146.211471558, "var": 253286.40625}, "spectral_complexity": {"dmean": 4.36889028549, "dmean2": 6.85474681854, "dvar": 41.1603546143, "dvar2": 89.2475662231, "max": 62, "mean": 11.9144077301, "median": 10, "min": 0, "var": 71.8029785156}, "spectral_decrease": {"dmean": 4.45824532846e-09, "dmean2": 6.8322729696e-09, "dvar": 8.8503785976e-17, "dvar2": 1.83621615486e-16, "max": 3.37977263061e-29, "mean": -1.20476757459e-08, "median": -9.56716483813e-09, "min": -9.09802722049e-08, "var": 1.54739711043e-16}, "spectral_energy": {"dmean": 0.0175569932908, "dmean2": 0.0268139131367, "dvar": 0.00130763440393, "dvar2": 0.00270918360911, "max": 0.349564731121, "mean": 0.0468275621533, "median": 0.0374342128634, "min": 1.0665898655e-20, "var": 0.00230206293054}, "spectral_energyband_high": {"dmean": 0.000694143876899, "dmean2": 0.0011256437283, "dvar": 2.89853164759e-06, "dvar2": 7.17264447303e-06, "max": 0.0149792078882, "mean": 0.000690950546414, "median": 6.64291728754e-05, "min": 7.89790352499e-21, "var": 3.08286030304e-06}, "spectral_energyband_low": {"dmean": 0.0127746295184, "dmean2": 0.0199012327939, "dvar": 0.00118722720072, "dvar2": 0.00252716359682, "max": 0.321567267179, "mean": 0.0332839116454, "median": 0.0224823951721, "min": 5.84956327766e-23, "var": 0.00179298815783}, "spectral_energyband_middle_high": {"dmean": 0.00325189717114, "dmean2": 0.00481911189854, "dvar": 2.32005131693e-05, "dvar2": 5.27117772435e-05, "max": 0.0378458537161, "mean": 0.00384589773603, "median": 0.00126724690199, "min": 1.45432750607e-21, "var": 3.31771516358e-05}, "spectral_energyband_middle_low": {"dmean": 0.00560988066718, "dmean2": 0.00928535684943, "dvar": 0.000128302810481, "dvar2": 0.000352237606421, "max": 0.141071096063, "mean": 0.012181607075, "median": 0.00859491527081, "min": 3.42155959948e-22, "var": 0.000186478035175}, "spectral_entropy": {"dmean": 0.374796152115, "dmean2": 0.544979333878, "dvar": 0.162551358342, "dvar2": 0.34227463603, "max": 9.78997421265, "mean": 6.70846843719, "median": 6.80834817886, "min": 3.79400873184, "var": 0.801011741161}, "spectral_flux": {"dmean": 0.0395275838673, "dmean2": 0.0570230707526, "dvar": 0.00275855627842, "dvar2": 0.00478410162032, "max": 0.528173327446, "mean": 0.0841993615031, "median": 0.0590471848845, "min": 1.03275839269e-10, "var": 0.00637912331149}, "spectral_kurtosis": {"dmean": 17.2658939362, "dmean2": 27.758436203, "dvar": 1944.93591309, "dvar2": 5265.453125, "max": 1025.77392578, "mean": 36.0211601257, "median": 4.77285957336, "min": -1.25984573364, "var": 7563.30761719}, "spectral_rms": {"dmean": 0.0010756701231, "dmean2": 0.00159906316549, "dvar": 2.63774700215e-06, "dvar2": 5.29995941179e-06, "max": 0.0184672344476, "mean": 0.00598865561187, "median": 0.00604327581823, "min": 3.22579528193e-12, "var": 9.82154415397e-06}, "spectral_rolloff": {"dmean": 270.330505371, "dmean2": 467.591461182, "dvar": 339676.59375, "dvar2": 674244.0625, "max": 18884.6191406, "mean": 568.104125977, "median": 409.130859375, "min": 64.599609375, "var": 360734.96875}, "spectral_skewness": {"dmean": 0.985840797424, "dmean2": 1.54367625713, "dvar": 1.66913151741, "dvar2": 4.16155338287, "max": 27.1663208008, "mean": 3.12605667114, "median": 1.82146024704, "min": -0.1850233078, "var": 12.8522663116}, "spectral_spread": {"dmean": 676783.375, "dmean2": 943603.375, "dvar": 1033759621120.0, "dvar2": 1425066426370.0, "max": 42136900, "mean": 3183631.25, "median": 3289058.75, "min": 116415.75, "var": 3577717981180.0}, "spectral_strongpeak": {"dmean": 0.426948904991, "dmean2": 0.712742745876, "dvar": 0.588761508465, "dvar2": 1.37566232681, "max": 5.48346567154, "mean": 0.707435011864, "median": 0.402041196823, "min": 0, "var": 0.719327032566}, "zerocrossingrate": {"dmean": 0.00725732604042, "dmean2": 0.00881485361606, "dvar": 0.00017706102517, "dvar2": 0.000193146552192, "max": 0.501953125, "mean": 0.0269353985786, "median": 0.0234375, "min": 0.0029296875, "var": 0.000385088002076}, "barkbands": {"dmean": [0.000355351861799, 0.0103892534971, 0.00439665326849, 0.00211409619078, 0.0017039172817, 0.000699562893715, 0.000381513178581, 0.000507502118126, 0.00141006091144, 0.00136262376327, 0.00103955902159, 0.000629785936326, 0.000206496202736, 0.000213904844713, 0.000138781208079, 0.000117571908049, 0.000126098311739, 6.5682848799e-05, 8.09328339528e-05, 0.00013732133084, 0.000240745008341, 0.000168995655258, 0.000150603984366, 7.43695345591e-05, 8.10274173091e-07, 3.85461845553e-07, 5.5700080992e-08], "dmean2": [0.000607839960139, 0.0166852604598, 0.00765943760052, 0.00367565220222, 0.0028127997648, 0.00110603088979, 0.000644500076305, 0.000829244498163, 0.00231932569295, 0.00198176968843, 0.00158183427993, 0.00104710005689, 0.000336329801939, 0.00036471747444, 0.000242236914346, 0.0002127741609, 0.000233645318076, 0.000116103496111, 0.000146228441736, 0.000236776308157, 0.000402483012294, 0.000276736507658, 0.000251288845902, 0.00012432661606, 1.38865686949e-06, 7.06742355305e-07, 1.01106458317e-07], "dvar": [1.4659271983e-06, 0.000939182355069, 0.000201782793738, 4.0534803702e-05, 1.58789734996e-05, 1.93017058336e-06, 7.20739990356e-07, 2.00723411581e-06, 1.56878322741e-05, 7.89553723735e-06, 7.67449637351e-06, 1.53625501298e-06, 1.87286332221e-07, 1.52235486439e-07, 1.0580165366e-07, 7.38374055231e-08, 1.0194448663e-07, 2.83865144723e-08, 8.5275466688e-08, 1.22284433246e-07, 5.47457716493e-07, 1.74588862478e-07, 1.5323192315e-07, 4.48214620974e-08, 8.3192029654e-12, 4.34622650369e-12, 9.15844480874e-14], "dvar2": [3.89257729694e-06, 0.00223111524247, 0.000593127624597, 0.000112666661153, 4.46248232038e-05, 5.23995777257e-06, 2.0396535092e-06, 5.27616020918e-06, 4.1214760131e-05, 1.79269009095e-05, 1.81196483027e-05, 3.93925438402e-06, 4.44868135219e-07, 3.8375375766e-07, 2.86816430162e-07, 2.04473337817e-07, 2.8818774922e-07, 7.55721600854e-08, 2.41167413151e-07, 3.1593592098e-07, 1.48478227402e-06, 4.52264544037e-07, 3.85282532989e-07, 1.16706495135e-07, 2.21938474543e-11, 1.21632487068e-11, 2.56737204196e-13], "max": [0.0139763895422, 0.296674162149, 0.185329973698, 0.129591628909, 0.05036701262, 0.0152222467586, 0.0147941177711, 0.0127698536962, 0.0372138060629, 0.0283349473029, 0.022893499583, 0.00977916643023, 0.00593465892598, 0.00426471140236, 0.00315510644577, 0.00220995862037, 0.00343280145898, 0.00146909605246, 0.00320370588452, 0.0030807047151, 0.00785096455365, 0.00424826145172, 0.00316980970092, 0.0018933035899, 4.16731018049e-05, 3.65942360077e-05, 6.45038244329e-06], "mean": [0.000521431327797, 0.0203522518277, 0.00954342540354, 0.0041777594015, 0.00315670622513, 0.00127687770873, 0.000540953944437, 0.000634098076262, 0.00180387415458, 0.00168254307937, 0.00101725501008, 0.000542178575415, 0.000198306544917, 0.000211974140257, 0.000123334757518, 9.37579607125e-05, 0.00010160428792, 5.41985900782e-05, 6.46536136628e-05, 0.000121331569972, 0.000230498117162, 0.000172754065716, 0.000134902424179, 7.0050409704e-05, 6.57046712149e-07, 2.41521007638e-07, 3.49980844305e-08], "median": [0.000329431029968, 0.0124696101993, 0.00632689427584, 0.00225688703358, 0.00190281844698, 0.000766388489865, 0.000267730472842, 0.000167021658854, 0.000312468502671, 0.000350502523361, 7.43784839869e-05, 9.48272063397e-05, 3.59857986041e-05, 3.72714857804e-05, 2.56083985732e-05, 1.36197377287e-05, 1.52805405378e-05, 7.38592461857e-06, 7.00323471392e-06, 1.14363929242e-05, 2.55429968092e-05, 1.51481308421e-05, 9.32615876081e-06, 5.29586668563e-06, 3.64784256135e-08, 1.05184017052e-09, 5.41774070051e-10], "min": [7.14849728574e-25, 3.27881925765e-23, 1.01929340764e-23, 2.63807219387e-23, 7.13496668433e-23, 7.74697948964e-23, 1.39912007274e-23, 1.73379162965e-23, 1.06057628163e-22, 1.01499741314e-22, 7.91314325745e-23, 4.92228536702e-23, 7.15435625429e-23, 1.05697686709e-22, 1.91046687436e-22, 1.98370421593e-22, 2.12217164534e-22, 1.50292239806e-22, 1.88283793623e-22, 2.46707602192e-22, 5.07430069362e-22, 4.00872480089e-22, 7.36552030845e-22, 6.77692354538e-22, 1.53440297165e-21, 1.6847085148e-21, 2.47330113159e-21], "var": [1.14359465897e-06, 0.0010382583132, 0.000176163899596, 7.07601357135e-05, 1.6919508198e-05, 2.53857069765e-06, 6.98999258475e-07, 1.89087779745e-06, 1.66061381606e-05, 1.21756957014e-05, 8.23819755169e-06, 1.3262945231e-06, 1.96650304929e-07, 1.80882409495e-07, 8.19055756551e-08, 5.29147641259e-08, 6.63021495484e-08, 2.20945377549e-08, 5.65384148388e-08, 1.13467791607e-07, 4.51109826827e-07, 2.02782103997e-07, 1.40578521268e-07, 4.10563707476e-08, 6.13751671014e-12, 2.61954000158e-12, 5.50238701174e-14]}, "erbbands": {"dmean": [0.29861792922, 2.48842573166, 5.01744222641, 6.39654827118, 4.95582437515, 7.32241487503, 5.47451972961, 5.2811961174, 6.13999652863, 5.10407924652, 20.5930137634, 32.7092628479, 41.2089233398, 46.837600708, 17.7576065063, 28.2537593842, 11.6082019806, 9.47956562042, 8.93496417999, 6.41866350174, 6.87643241882, 7.06504678726, 4.07928705215, 3.74097442627, 4.1380815506, 6.36136245728, 9.61614608765, 8.89779090881, 6.61181116104, 3.84481573105, 4.90082025528, 2.74832701683, 0.60273629427, 0.0353009775281, 0.00455343537033, 0.00209294073284, 0.00064612866845, 0.000134731744765, 1.84835898835e-05, 2.07373868761e-05], "dmean2": [0.476659953594, 4.15207195282, 8.80209827423, 10.8969459534, 8.48184680939, 12.0094432831, 8.64901161194, 8.42804718018, 10.2819890976, 8.1074886322, 32.8420372009, 55.2898597717, 61.4671592712, 68.5268630981, 28.4378490448, 47.210067749, 18.4332180023, 15.8549671173, 15.4029541016, 11.0987949371, 12.5771198273, 13.0869216919, 7.31872749329, 6.67648649216, 7.35051298141, 11.0100574493, 16.2364292145, 14.713763237, 10.8138065338, 6.28187179565, 8.2640838623, 4.60105705261, 0.979818820953, 0.0580702573061, 0.0079236747697, 0.00380983995274, 0.00116852414794, 0.000241362096858, 3.01733070955e-05, 3.14314456773e-05], "dvar": [0.844311952591, 55.4859580994, 245.114013672, 372.491271973, 216.568344116, 254.850067139, 141.969970703, 106.420433044, 140.959960938, 144.955429077, 3952.85522461, 9961.95898438, 6034.84814453, 10885.8212891, 2069.38793945, 3279.90478516, 458.739349365, 307.842163086, 302.539825439, 198.992660522, 284.640533447, 311.783782959, 104.758773804, 138.645202637, 209.067871094, 292.191680908, 792.815124512, 674.566589355, 266.20916748, 95.4389801025, 170.683135986, 58.2824554443, 2.84165740013, 0.0102688325569, 0.000360465317499, 0.000123801684822, 1.12141351565e-05, 4.62721459371e-07, 4.33167324232e-09, 1.71364378243e-09], "dvar2": [1.9190403223, 143.194885254, 703.723022461, 1074.86352539, 643.379882812, 668.022216797, 401.502624512, 279.311218262, 392.288513184, 377.070739746, 10056.1289062, 27216.0429688, 14247.5390625, 25648.3632812, 5379.00244141, 8496.20703125, 1056.33435059, 754.57824707, 804.963806152, 535.196838379, 796.370361328, 879.188232422, 286.022460938, 387.97052002, 578.329101562, 765.844726562, 2106.07836914, 1810.02050781, 687.163696289, 242.571136475, 437.0652771, 149.597915649, 7.17153072357, 0.026031864807, 0.000979945762083, 0.000348744273651, 3.10674986395e-05, 1.27101816361e-06, 1.15261942213e-08, 3.5629967865e-09], "max": [8.25778579712, 71.0997924805, 195.770202637, 257.779571533, 248.21194458, 181.39666748, 153.692169189, 105.28036499, 203.092803955, 141.05241394, 736.101196289, 889.201049805, 614.596679688, 936.805541992, 529.805419922, 446.307525635, 242.738739014, 181.406448364, 179.227981567, 158.004760742, 160.051742554, 186.01725769, 87.0479202271, 130.459075928, 144.142684937, 156.161651611, 281.504272461, 260.201568604, 174.658111572, 125.102783203, 105.93144989, 67.0212936401, 15.5526885986, 0.937383890152, 0.300450444221, 0.192743435502, 0.0575423613191, 0.0120681291446, 0.00148090778384, 0.00040467249346], "mean": [0.486105978489, 4.8398399353, 10.8450193405, 14.9422883987, 9.98666000366, 11.7417831421, 10.1260633469, 9.52062702179, 9.40959453583, 7.43449068069, 28.4868679047, 37.3113479614, 50.0884437561, 51.4759101868, 16.6652317047, 23.8030929565, 12.1287889481, 9.80798435211, 8.27035903931, 6.06280183792, 5.45895528793, 5.66148376465, 3.2817735672, 3.10964918137, 3.49831581116, 5.69775342941, 8.83338737488, 8.75406074524, 6.79291009903, 3.91303467751, 4.18113660812, 2.52100801468, 0.59141522646, 0.0325844474137, 0.00342607148923, 0.00136157660745, 0.000428736326285, 8.93541218829e-05, 2.95129029837e-05, 5.31032965227e-05], "median": [0.309918433428, 2.66557049751, 7.81447887421, 7.18076705933, 6.73737812042, 6.51498317719, 6.24911594391, 5.3726568222, 4.97841739655, 3.25562524796, 4.22890663147, 8.28204345703, 14.1476993561, 7.47276115417, 2.98132514954, 4.2414264679, 3.02398777008, 2.08530282974, 1.62676668167, 1.50820541382, 1.01518428326, 0.824185788631, 0.477523088455, 0.374289274216, 0.417487084866, 0.546126365662, 0.857428312302, 1.01193714142, 0.578101992607, 0.361054778099, 0.267111897469, 0.172688513994, 0.0493571609259, 0.00247096456587, 0.000163773758686, 4.05116879847e-05, 1.89400598174e-05, 3.04195782519e-06, 1.91848266695e-05, 4.29065985372e-05], "min": [1.00473909117e-21, 6.91040416217e-21, 8.98520335962e-21, 6.37877033573e-20, 1.30181943298e-19, 1.51826494043e-19, 5.15109097181e-19, 7.39016083952e-19, 4.18073340853e-19, 1.9084384098e-19, 7.40344070727e-19, 2.71122611232e-18, 3.29117422711e-18, 2.99701329165e-18, 1.84537832165e-18, 2.53859083015e-18, 3.13385646872e-18, 3.76686635864e-18, 1.03122034435e-17, 1.03111702949e-17, 1.04486849359e-17, 1.1452128638e-17, 1.00943157984e-17, 8.51673099618e-18, 1.10196488352e-17, 1.1063673869e-17, 1.88680493293e-17, 1.97446589466e-17, 1.3613109037e-17, 1.57872498795e-17, 2.17152364306e-17, 1.51385831149e-17, 1.19137797922e-17, 1.28735541482e-17, 1.3812763967e-17, 7.31003081961e-18, 2.5069474494e-18, 1.35793991522e-18, 3.2444980795e-19, 3.76544699426e-20], "var": [0.847542703152, 57.0653381348, 213.664581299, 544.610717773, 255.065597534, 276.746398926, 155.396102905, 151.580322266, 178.072769165, 152.218688965, 4820.46923828, 8157.76318359, 8147.78955078, 12706.1054688, 1719.75012207, 2688.66625977, 525.720397949, 374.409423828, 287.511627197, 167.176391602, 187.134490967, 204.27722168, 76.5768966675, 98.4320983887, 146.815216064, 277.89364624, 662.384277344, 588.077819824, 322.999267578, 98.6289215088, 146.287765503, 53.2372283936, 2.84028935432, 0.00938912667334, 0.000242788533797, 7.38822272979e-05, 6.95300923326e-06, 2.92789621881e-07, 3.35038130572e-09, 2.98317370806e-09]}, "gfcc": {"mean": [-101.749328613, 186.786575317, -109.991188049, 38.2804374695, -57.7343177795, 11.96347332, -5.36515283585, -20.9109535217, 1.30418264866, -22.5587463379, -3.18260002136, -16.5643577576, 3.82067060471], "cov": [[16096.2558594, -4559.59765625, -2043.25085449, 4415.97412109, -1588.67480469, 2619.41699219, 458.310394287, 377.093902588, 894.941223145, -298.274688721, 153.94619751, -20.7129020691, 150.194351196], [-4559.59765625, 2268.58642578, 445.309173584, -1862.41870117, 820.624938965, -988.348571777, -5.54009008408, -157.993515015, -288.835540771, 74.8558044434, -51.6139564514, 14.3922891617, -32.1204528809], [-2043.25085449, 445.309173584, 1653.2019043, 82.8654098511, 50.5027198792, -141.425354004, 14.3982954025, 32.9059753418, -7.6446928978, 119.039932251, 20.2874393463, -32.7659263611, -6.06117486954], [4415.97412109, -1862.41870117, 82.8654098511, 2398.8659668, -587.329772949, 900.142150879, 110.690139771, 162.216690063, 458.338043213, -90.5757369995, 115.927757263, -61.6471138, 79.1522903442], [-1588.67480469, 820.624938965, 50.5027198792, -587.329772949, 676.404785156, -389.671020508, -71.4228363037, -42.9385795593, -104.373397827, 43.7821159363, -39.9017791748, 30.2226047516, -25.2761268616], [2619.41699219, -988.348571777, -141.425354004, 900.142150879, -389.671020508, 810.379150391, 157.326385498, 38.3471374512, 206.496261597, -79.6856307983, 66.1470184326, -27.3756809235, 73.7444229126], [458.310394287, -5.54009008408, 14.3982954025, 110.690139771, -71.4228363037, 157.326385498, 233.070144653, 20.1216011047, 35.9614334106, -4.50534677505, 14.8211679459, -4.63247966766, 33.8423461914], [377.093902588, -157.993515015, 32.9059753418, 162.216690063, -42.9385795593, 38.3471374512, 20.1216011047, 116.714370728, 65.0738601685, 2.65360355377, -10.3813419342, -4.6579785347, -14.3065395355], [894.941223145, -288.835540771, -7.6446928978, 458.338043213, -104.373397827, 206.496261597, 35.9614334106, 65.0738601685, 210.839431763, -15.4393091202, 29.8446121216, -31.7362499237, 16.4035110474], [-298.274688721, 74.8558044434, 119.039932251, -90.5757369995, 43.7821159363, -79.6856307983, -4.50534677505, 2.65360355377, -15.4393091202, 116.25894165, 0.428827226162, -1.51971554756, -27.0117950439], [153.94619751, -51.6139564514, 20.2874393463, 115.927757263, -39.9017791748, 66.1470184326, 14.8211679459, -10.3813419342, 29.8446121216, 0.428827226162, 65.5278015137, 9.27924728394, 20.050535202], [-20.7129020691, 14.3922891617, -32.7659263611, -61.6471138, 30.2226047516, -27.3756809235, -4.63247966766, -4.6579785347, -31.7362499237, -1.51971554756, 9.27924728394, 69.1141891479, 20.8136043549], [150.194351196, -32.1204528809, -6.06117486954, 79.1522903442, -25.2761268616, 73.7444229126, 33.8423461914, -14.3065395355, 16.4035110474, -27.0117950439, 20.050535202, 20.8136043549, 79.7403793335]], "icov": [[0.000341659440892, -0.000601343053859, 0.000556657148991, -0.000798332737759, 0.000429087609518, -0.000998165342025, 0.000297677761409, -0.000713057757821, 0.000520341855008, -0.000581229513045, 0.000795393367298, -0.000854755868204, 0.000473028048873], [-0.000601343053859, 0.0092361913994, -0.00307441828772, 0.0062730233185, -0.00507608195767, 0.00750960968435, -0.0064484057948, 0.00632912991568, -0.0067898882553, 0.00574904447421, -0.00658837798983, 0.00597334746271, -0.00284729665145], [0.000556657148991, -0.00307441828772, 0.00214801565744, -0.00267769233324, 0.00176887831185, -0.00287896185182, 0.00192118890118, -0.00276153534651, 0.0026523808483, -0.00285963574424, 0.00227460847236, -0.00194603926502, 0.000868361268658], [-0.000798332737759, 0.0062730233185, -0.00267769233324, 0.00581283075735, -0.00329612311907, 0.00504620745778, -0.00386076653376, 0.00418998906389, -0.00598872592673, 0.00436614500359, -0.00542506854981, 0.00463003804907, -0.00239767320454], [0.000429087609518, -0.00507608195767, 0.00176887831185, -0.00329612311907, 0.00501267099753, -0.00348984124139, 0.00352107384242, -0.00302448379807, 0.0030808118172, -0.00338381994516, 0.00430956063792, -0.00416485359892, 0.00155614956748], [-0.000998165342025, 0.00750960968435, -0.00287896185182, 0.00504620745778, -0.00348984124139, 0.0100130662322, -0.00631707347929, 0.00645461212844, -0.00653401063755, 0.00568852666765, -0.00637256586924, 0.00580919766799, -0.00349291763268], [0.000297677761409, -0.0064484057948, 0.00192118890118, -0.00386076653376, 0.00352107384242, -0.00631707347929, 0.00995883252472, -0.00567068438977, 0.00496963132173, -0.00466205133125, 0.00412627356127, -0.00314650731161, -0.000283491797745], [-0.000713057757821, 0.00632912991568, -0.00276153534651, 0.00418998906389, -0.00302448379807, 0.00645461212844, -0.00567068438977, 0.017364198342, -0.0092700496316, 0.00422641355544, -0.000584006367717, 0.00108281476423, 0.0013204740826], [0.000520341855008, -0.0067898882553, 0.0026523808483, -0.00598872592673, 0.0030808118172, -0.00653401063755, 0.00496963132173, -0.0092700496316, 0.015636343509, -0.0047496506013, 0.00187748845201, -3.51589987986e-05, 0.000389543914935], [-0.000581229513045, 0.00574904447421, -0.00285963574424, 0.00436614500359, -0.00338381994516, 0.00568852666765, -0.00466205133125, 0.00422641355544, -0.0047496506013, 0.0144851179793, -0.00596739724278, 0.00327128870413, 0.00179321307223], [0.000795393367298, -0.00658837798983, 0.00227460847236, -0.00542506854981, 0.00430956063792, -0.00637256586924, 0.00412627356127, -0.000584006367717, 0.00187748845201, -0.00596739724278, 0.0254889149219, -0.00912570860237, 0.000374532974092], [-0.000854755868204, 0.00597334746271, -0.00194603926502, 0.00463003804907, -0.00416485359892, 0.00580919766799, -0.00314650731161, 0.00108281476423, -3.51589987986e-05, 0.00327128870413, -0.00912570860237, 0.024081196636, -0.00876618735492], [0.000473028048873, -0.00284729665145, 0.000868361268658, -0.00239767320454, 0.00155614956748, -0.00349291763268, -0.000283491797745, 0.0013204740826, 0.000389543914935, 0.00179321307223, 0.000374532974092, -0.00876618735492, 0.0197508279234]]}, "melbands": {"dmean": [0.00274814432487, 0.00273231067695, 0.00103210203815, 0.000414368609199, 0.000215656458749, 0.000125812512124, 8.74448960531e-05, 5.67664283153e-05, 0.000213928404264, 0.000193390238564, 0.000208989047678, 0.000190960228792, 8.63021268742e-05, 5.48600510228e-05, 6.6993998189e-05, 1.58651437232e-05, 1.91557719518e-05, 1.57996437338e-05, 1.06778516056e-05, 7.60557350077e-06, 8.26267660159e-06, 7.96868334874e-06, 4.63783180749e-06, 2.89731633529e-06, 3.07602749672e-06, 3.09267443299e-06, 3.19760283674e-06, 4.65676203021e-06, 6.03959142609e-06, 6.32082810625e-06, 4.61308445665e-06, 3.89318529415e-06, 2.93606603918e-06, 1.8843285261e-06, 2.97643714475e-06, 2.11607698475e-06, 1.6391987856e-06, 4.90446950607e-07, 5.97326561547e-08, 6.93226009929e-09], "dmean2": [0.00438642222434, 0.00458819698542, 0.00175814237446, 0.000690503627993, 0.000345474836649, 0.000200820839382, 0.000146462552948, 9.01166422409e-05, 0.000340777274687, 0.000326162698912, 0.000310060946504, 0.000276357925031, 0.000134223359055, 9.41229009186e-05, 0.000107647581899, 2.61013119598e-05, 3.25197433995e-05, 2.72945726465e-05, 1.85659700946e-05, 1.34736255859e-05, 1.52752745635e-05, 1.47729315358e-05, 8.4483763203e-06, 5.13320765094e-06, 5.53709878659e-06, 5.53735253561e-06, 5.61512706554e-06, 8.10890469438e-06, 1.03443753687e-05, 1.06656361822e-05, 7.53590347813e-06, 6.37925177216e-06, 4.8536489885e-06, 3.10592827191e-06, 5.07805953021e-06, 3.47324134964e-06, 2.80048993773e-06, 7.87892076914e-07, 9.9662607056e-08, 1.1694380575e-08], "dvar": [6.78075375617e-05, 6.33862873656e-05, 9.66712286754e-06, 9.72196858129e-07, 2.15062485154e-07, 5.67569458099e-08, 3.15104244919e-08, 1.83225203898e-08, 4.3773891889e-07, 3.16394988431e-07, 1.70782925579e-07, 1.70338225303e-07, 4.90815033061e-08, 1.61815094657e-08, 1.76807954944e-08, 1.8216335107e-09, 1.3717391667e-09, 9.42350419919e-10, 6.58045118396e-10, 2.66060506959e-10, 4.58110549495e-10, 3.99427657616e-10, 1.28735078153e-10, 6.52025725079e-11, 9.85313566848e-11, 1.22496193744e-10, 1.11724532403e-10, 1.44701306493e-10, 3.20826254452e-10, 3.15915710258e-10, 1.86626575305e-10, 9.65365634653e-11, 5.28727790716e-11, 2.43133325972e-11, 6.44889142087e-11, 3.00153443766e-11, 2.33404372219e-11, 1.81503770347e-12, 3.21371313621e-14, 5.59632285971e-16], "dvar2": [0.000153872635565, 0.000169267252204, 2.79600644717e-05, 2.74885087492e-06, 5.90727267991e-07, 1.50511041852e-07, 8.83049153799e-08, 4.71666936619e-08, 1.10568942091e-06, 8.5885307044e-07, 3.99757794867e-07, 3.98666003321e-07, 1.19536494481e-07, 4.29768967081e-08, 4.22515213927e-08, 4.40866898543e-09, 3.38826922075e-09, 2.47821829724e-09, 1.75420544757e-09, 7.16677939216e-10, 1.29218591383e-09, 1.13003917335e-09, 3.54502871502e-10, 1.77970360671e-10, 2.78050971136e-10, 3.40029282508e-10, 3.09200193227e-10, 3.78343356644e-10, 8.50637837946e-10, 8.51617609765e-10, 4.94426943831e-10, 2.54985199621e-10, 1.3464933335e-10, 6.22528278926e-11, 1.68576555493e-10, 7.24504900518e-11, 6.21121487576e-11, 4.49930153898e-12, 8.2746872234e-14, 1.48094816981e-15], "max": [0.0821026563644, 0.0812113955617, 0.0442582294345, 0.0142989335582, 0.00583172263578, 0.00245038699359, 0.00305634085089, 0.00133470166475, 0.008175984025, 0.00497497059405, 0.00350326905027, 0.00352437235415, 0.00172564771492, 0.000953065464273, 0.00113912916277, 0.000788888370153, 0.000412468973082, 0.000409191648941, 0.000343364226865, 0.00015704332327, 0.0002150421642, 0.000206955111935, 0.000116390277981, 7.85492884461e-05, 0.000118034913612, 0.00011015668133, 9.27039945964e-05, 0.000132273562485, 0.000185551281902, 0.000211619000765, 0.000125887672766, 0.000140016461955, 7.39370152587e-05, 6.80435696268e-05, 6.53558017802e-05, 4.35872243543e-05, 4.47362763225e-05, 1.23710087792e-05, 2.02237492886e-06, 2.54266637967e-07], "mean": [0.00508892349899, 0.00626097340137, 0.00242540799081, 0.000759202230256, 0.000398534757551, 0.000228700024309, 0.000134122965392, 7.57824091124e-05, 0.000296754500596, 0.000219087974983, 0.000253021280514, 0.000214834144572, 8.22129150038e-05, 4.22209559474e-05, 6.39849822619e-05, 1.52980355779e-05, 1.93405558093e-05, 1.42139924719e-05, 1.00979241324e-05, 6.57556665828e-06, 6.3145371314e-06, 6.4423720687e-06, 3.54262579094e-06, 2.41803650169e-06, 2.52744939644e-06, 2.45078354055e-06, 2.74151830126e-06, 4.07960442317e-06, 5.19622381034e-06, 6.10635788689e-06, 4.57367423223e-06, 4.01207034884e-06, 2.88010778604e-06, 1.89929721728e-06, 2.48417927651e-06, 1.92343645722e-06, 1.46432387282e-06, 5.01019542298e-07, 5.23571230815e-08, 5.81158143831e-09], "median": [0.00335514964536, 0.00410352135077, 0.00134635879658, 0.000476049841382, 0.000240876513999, 0.000135343900183, 7.02846227796e-05, 2.72880570265e-05, 3.43538195011e-05, 4.93464322062e-05, 5.77982646064e-05, 2.71466778941e-05, 7.70055066823e-06, 6.24691074336e-06, 1.23028403323e-05, 2.13006660488e-06, 3.55924476025e-06, 2.08967458093e-06, 2.17766773858e-06, 1.18608772937e-06, 1.00705585737e-06, 9.72091811491e-07, 3.9905339122e-07, 3.36521850386e-07, 2.73212975799e-07, 2.29887660907e-07, 2.978014777e-07, 3.19999230669e-07, 4.09402531432e-07, 7.31331795123e-07, 4.91098944622e-07, 3.21230231748e-07, 2.45234986096e-07, 1.7596937596e-07, 1.59253602305e-07, 1.16632655534e-07, 1.02121390455e-07, 4.34936708871e-08, 3.46878037405e-09, 3.40374839425e-10], "min": [9.16151895318e-24, 6.62456358123e-24, 1.27365072025e-23, 8.76038712718e-24, 1.69503205348e-23, 1.59032244345e-23, 5.79603480539e-24, 2.64110966334e-24, 8.86579708792e-24, 1.57750266488e-23, 1.66186313454e-23, 1.24750455663e-23, 7.81837045493e-24, 4.36773863319e-24, 8.40738133842e-24, 6.24478267006e-24, 6.16121074576e-24, 1.86361920199e-23, 1.00853776251e-23, 1.47914370069e-23, 1.14072639554e-23, 9.27289033578e-24, 1.5725905858e-23, 5.52868590031e-24, 6.67916616651e-24, 8.06148003098e-24, 7.63073594432e-24, 7.19195652048e-24, 1.00067534364e-23, 1.33140677699e-23, 1.05690945104e-23, 7.74800642877e-24, 7.68520047894e-24, 8.82701826354e-24, 1.3553859397e-23, 1.11750059499e-23, 8.44792878895e-24, 7.52235513341e-24, 1.00806373599e-23, 1.07206686113e-23], "var": [7.33161068638e-05, 6.91015593475e-05, 1.36297003337e-05, 1.03950617358e-06, 2.47876641879e-07, 8.101215343e-08, 3.69031560865e-08, 1.9263588058e-08, 5.57712780846e-07, 2.70383623047e-07, 2.38566883581e-07, 2.1095186753e-07, 4.88962221823e-08, 1.16702194575e-08, 1.86996214069e-08, 1.86393833701e-09, 1.66408797853e-09, 9.83401027277e-10, 5.56098667115e-10, 2.20886003932e-10, 2.88112839142e-10, 2.6127841557e-10, 8.93985580008e-11, 4.8420024934e-11, 6.84384146576e-11, 8.35924177101e-11, 8.06268593556e-11, 1.45725473355e-10, 2.5468013809e-10, 2.72979139293e-10, 1.67815206176e-10, 1.1997440541e-10, 5.56936684271e-11, 2.39935311203e-11, 5.32613675386e-11, 2.92182909811e-11, 1.98254225536e-11, 1.9598715012e-12, 2.71118254935e-14, 4.29320158093e-16]}, "mfcc": {"mean": [-725.165283203, 176.72064209, 27.4020423889, 26.0923290253, -8.90401935577, 26.5229587555, -4.06519556046, 13.5447826385, 1.40521550179, 7.36068916321, -11.9262142181, 4.05747461319, -11.0199546814], "cov": [[12354.5625, -3693.84545898, -1033.97607422, 1646.70080566, -801.991149902, 1766.66345215, -98.0144577026, 1159.27307129, 306.323944092, 909.671264648, -212.856201172, 728.871643066, -284.099731445], [-3693.84545898, 2504.39868164, -124.225151062, -952.9609375, 284.450469971, -672.335693359, 137.794281006, -384.604522705, -19.1044521332, -352.375244141, 111.649703979, -292.470733643, 125.696350098], [-1033.97607422, -124.225151062, 1217.2956543, 315.043518066, -64.2902374268, 53.8608131409, 46.093120575, -31.1224880219, 0.310866266489, 30.9277439117, 34.6276626587, 35.3399276733, -3.44390463829], [1646.70080566, -952.9609375, 315.043518066, 1117.23339844, 67.7613525391, 355.822814941, -30.4616279602, 218.613830566, 108.903106689, 217.169662476, 53.4535369873, 192.706634521, -28.8570537567], [-801.991149902, 284.450469971, -64.2902374268, 67.7613525391, 389.961975098, -98.2349243164, -17.543964386, -74.7073364258, -16.6075973511, -50.1023902893, 50.3363265991, -55.4027366638, 18.2315826416], [1766.66345215, -672.335693359, 53.8608131409, 355.822814941, -98.2349243164, 536.231567383, 57.5765304565, 224.751312256, 83.8210372925, 167.619766235, -42.6349449158, 145.643066406, -56.6226158142], [-98.0144577026, 137.794281006, 46.093120575, -30.4616279602, -17.543964386, 57.5765304565, 141.886978149, 21.0888462067, 23.9248313904, -10.1053600311, 0.0700658634305, -6.72652053833, 11.6684799194], [1159.27307129, -384.604522705, -31.1224880219, 218.613830566, -74.7073364258, 224.751312256, 21.0888462067, 226.14604187, 79.0440673828, 100.730766296, -31.0264720917, 87.7445907593, -28.5489940643], [306.323944092, -19.1044521332, 0.310866266489, 108.903106689, -16.6075973511, 83.8210372925, 23.9248313904, 79.0440673828, 107.980766296, 62.6613883972, 17.9234657288, 34.5825157166, -10.2105302811], [909.671264648, -352.375244141, 30.9277439117, 217.169662476, -50.1023902893, 167.619766235, -10.1053600311, 100.730766296, 62.6613883972, 161.29624939, 30.1077251434, 75.729637146, -41.4036407471], [-212.856201172, 111.649703979, 34.6276626587, 53.4535369873, 50.3363265991, -42.6349449158, 0.0700658634305, -31.0264720917, 17.9234657288, 30.1077251434, 103.18044281, 14.1226558685, 1.97781968117], [728.871643066, -292.470733643, 35.3399276733, 192.706634521, -55.4027366638, 145.643066406, -6.72652053833, 87.7445907593, 34.5825157166, 75.729637146, 14.1226558685, 120.491439819, 2.54949808121], [-284.099731445, 125.696350098, -3.44390463829, -28.8570537567, 18.2315826416, -56.6226158142, 11.6684799194, -28.5489940643, -10.2105302811, -41.4036407471, 1.97781968117, 2.54949808121, 64.2353134155]], "icov": [[0.000471615494462, -3.33841171596e-06, 0.000545817892998, -0.000333362375386, 0.000565083813854, -0.000495126179885, 0.000181321011041, -0.000757567875553, 0.000808805983979, -0.00115947821178, 0.000536043778993, -0.000642396218609, 0.000395629846025], [-3.33841171596e-06, 0.00143196235877, -9.98671530397e-05, 0.000847221468575, -0.000607386231422, 0.000510073266923, -0.000966177147347, 0.000530149962287, -0.00218797940761, 0.0015077231219, -0.00143550836947, 0.000699350843206, -0.000767975579947], [0.000545817892998, -9.98671530397e-05, 0.00164303649217, -0.000930267910007, 0.00108723936137, -0.000594418612309, -0.000240427674726, -0.00023980064725, 0.00119278056081, -0.0012754786294, 0.000574074743781, -0.000782779126894, 0.000765043136198], [-0.000333362375386, 0.000847221468575, -0.000930267910007, 0.00259531289339, -0.00168077345006, 0.000244740891503, -3.67156353605e-05, -1.78875507117e-05, -0.00202753068879, 0.000633622694295, -0.00146522256546, -0.000482311210362, -0.00117432267871], [0.000565083813854, -0.000607386231422, 0.00108723936137, -0.00168077345006, 0.0046242675744, -0.00127078732476, 0.00118225777987, -0.000668039894663, 0.00185043411329, -0.000475167995319, -0.00105332909152, 0.00158236629795, 4.16925922764e-06], [-0.000495126179885, 0.000510073266923, -0.000594418612309, 0.000244740891503, -0.00127078732476, 0.00613203039393, -0.00338175706565, -0.000332805968355, -0.00134016131051, -0.000798411201686, 0.00243636337109, -0.0033777046483, 0.00245389109477], [0.000181321011041, -0.000966177147347, -0.000240427674726, -3.67156353605e-05, 0.00118225777987, -0.00338175706565, 0.0104750851169, -0.0018427001778, -0.000316746300086, 0.000907271460164, -0.00158238830045, 0.00301289837807, -0.00291155651212], [-0.000757567875553, 0.000530149962287, -0.00023980064725, -1.78875507117e-05, -0.000668039894663, -0.000332805968355, -0.0018427001778, 0.0130755929276, -0.00689889583737, 0.000907706678845, 0.00333809619769, -0.00256668170914, 0.00112102541607], [0.000808805983979, -0.00218797940761, 0.00119278056081, -0.00202753068879, 0.00185043411329, -0.00134016131051, -0.000316746300086, -0.00689889583737, 0.0198916252702, -0.00799630302936, 0.000100452729384, -0.000535652157851, 0.000322508160025], [-0.00115947821178, 0.0015077231219, -0.0012754786294, 0.000633622694295, -0.000475167995319, -0.000798411201686, 0.000907271460164, 0.000907706678845, -0.00799630302936, 0.0216715130955, -0.00874404795468, -0.000231454978348, 0.00478349020705], [0.000536043778993, -0.00143550836947, 0.000574074743781, -0.00146522256546, -0.00105332909152, 0.00243636337109, -0.00158238830045, 0.00333809619769, 0.000100452729384, -0.00874404795468, 0.0189228560776, -0.00731203751639, 0.00285746017471], [-0.000642396218609, 0.000699350843206, -0.000782779126894, -0.000482311210362, 0.00158236629795, -0.0033777046483, 0.00301289837807, -0.00256668170914, -0.000535652157851, -0.000231454978348, -0.00731203751639, 0.0231100935489, -0.0105093223974], [0.000395629846025, -0.000767975579947, 0.000765043136198, -0.00117432267871, 4.16925922764e-06, 0.00245389109477, -0.00291155651212, 0.00112102541607, 0.000322508160025, 0.00478349020705, 0.00285746017471, -0.0105093223974, 0.0249864663929]]}, "spectral_contrast_coeffs": {"dmean": [0.0406942255795, 0.0469315238297, 0.0600841864944, 0.0404086001217, 0.0274856742471, 0.0321458876133], "dmean2": [0.0657305419445, 0.0749412626028, 0.087977617979, 0.0631503537297, 0.0450679734349, 0.0518097430468], "dvar": [0.00143049494363, 0.00149445142597, 0.00271472800523, 0.00132258015219, 0.000825165829156, 0.000954743940383], "dvar2": [0.0037302125711, 0.00359466741793, 0.00566080305725, 0.00282654957846, 0.00202157930471, 0.00250697066076], "max": [-0.359579622746, -0.442237734795, -0.412885457277, -0.529981076717, -0.604195713997, -0.505619645119], "mean": [-0.641799867153, -0.716116547585, -0.71250462532, -0.785571932793, -0.822236716747, -0.70475769043], "median": [-0.656520605087, -0.719175696373, -0.72004532814, -0.797375679016, -0.828173995018, -0.689135074615], "min": [-0.947434663773, -0.965298175812, -0.963963747025, -0.954074680805, -0.954764187336, -0.961747288704], "var": [0.00564442528412, 0.00493809208274, 0.00783240888268, 0.00382179371081, 0.00173380423803, 0.00608247471973]}, "spectral_contrast_valleys": {"dmean": [0.301045954227, 0.416524499655, 0.613863289356, 0.630464494228, 0.554009616375, 0.728855073452], "dmean2": [0.477370321751, 0.639233887196, 0.938121140003, 0.950682103634, 0.81129348278, 1.03310072422], "dvar": [0.185829117894, 0.262602865696, 0.403155386448, 0.490135222673, 0.481845289469, 0.558824777603], "dvar2": [0.283172905445, 0.419524043798, 0.774093091488, 0.938826322556, 1.00251960754, 1.1678109169], "max": 