{"lowlevel": {"average_loudness": 0.533370554447, "barkbands_crest": {"dmean": 1.89169454575, "dmean2": 3.06743144989, "dvar": 4.48435354233, "dvar2": 11.7007083893, "max": 26.628818512, "mean": 14.8731832504, "median": 14.8210754395, "min": 2.73239374161, "var": 25.3836097717}, "barkbands_flatness_db": {"dmean": 0.0298535078764, "dmean2": 0.0459887459874, "dvar": 0.00152330379933, "dvar2": 0.00353949330747, "max": 0.889516055584, "mean": 0.315249800682, "median": 0.268732666969, "min": 0.0313079543412, "var": 0.025964057073}, "barkbands_kurtosis": {"dmean": 8.2838640213, "dmean2": 12.6301612854, "dvar": 1122.06982422, "dvar2": 2755.89111328, "max": 1612.09802246, "mean": 18.1498031616, "median": 3.26747012138, "min": -1.94132804871, "var": 3810.04931641}, "barkbands_skewness": {"dmean": 0.638170957565, "dmean2": 0.963409423828, "dvar": 1.02435004711, "dvar2": 2.47223567963, "max": 28.5739650726, "mean": 2.22294235229, "median": 1.81119036674, "min": -4.71528053284, "var": 7.06186294556}, "barkbands_spread": {"dmean": 2.68926620483, "dmean2": 4.14302206039, "dvar": 18.3892021179, "dvar2": 41.7952537537, "max": 137.051971436, "mean": 14.6046285629, "median": 11.4612979889, "min": 0.0260626897216, "var": 159.600921631}, "dissonance": {"dmean": 0.0270158983767, "dmean2": 0.0462830513716, "dvar": 0.00142414751463, "dvar2": 0.00385509012267, "max": 0.500000059605, "mean": 0.428917050362, "median": 0.457542061806, "min": 0.0358090288937, "var": 0.00634481105953}, "dynamic_complexity": 3.76529526711, "erbbands_crest": {"dmean": 2.07593917847, "dmean2": 3.11072850227, "dvar": 5.85875558853, "dvar2": 13.6194286346, "max": 33.8868179321, "mean": 13.9092359543, "median": 12.2290439606, "min": 2.20898127556, "var": 48.0161705017}, "erbbands_flatness_db": {"dmean": 0.0191654283553, "dmean2": 0.0281023904681, "dvar": 0.000599048275035, "dvar2": 0.00129705609288, "max": 0.60133433342, "mean": 0.263915538788, "median": 0.25337767601, "min": 0.0572742186487, "var": 0.00906434468925}, "erbbands_kurtosis": {"dmean": 1.67496073246, "dmean2": 2.53278303146, "dvar": 25.7414665222, "dvar2": 62.5088233948, "max": 198.177108765, "mean": 3.61300349236, "median": 1.30939269066, "min": -1.9038323164, "var": 99.9351806641}, "erbbands_skewness": {"dmean": 0.331222116947, "dmean2": 0.488974452019, "dvar": 0.205052837729, "dvar2": 0.466149389744, "max": 11.5681114197, "mean": -0.30909845233, "median": -0.473449826241, "min": -5.97015810013, "var": 1.89626860619}, "erbbands_spread": {"dmean": 4.28150939941, "dmean2": 6.54817533493, "dvar": 36.5188713074, "dvar2": 87.6528091431, "max": 126.096511841, "mean": 22.6191291809, "median": 20.5851535797, "min": 0.516200721264, "var": 192.939956665}, "hfc": {"dmean": 5.97499084473, "dmean2": 8.66125869751, "dvar": 336.888671875, "dvar2": 642.681274414, "max": 426.72769165, "mean": 18.674489975, "median": 12.3844146729, "min": 1.20510567014e-16, "var": 753.16986084}, "melbands_crest": {"dmean": 2.48600101471, "dmean2": 3.9895234108, "dvar": 10.8555345535, "dvar2": 27.2523593903, "max": 39.6290245056, "mean": 23.0279579163, "median": 22.5681495667, "min": 1.69995224476, "var": 76.73462677}, "melbands_flatness_db": {"dmean": 0.0323622375727, "dmean2": 0.0490882843733, "dvar": 0.00185550434981, "dvar2": 0.00423408159986, "max": 1, "mean": 0.402530133724, "median": 0.352417230606, "min": 0.00691319303587, "var": 0.0379128158092}, "melbands_kurtosis": {"dmean": 17.0506973267, "dmean2": 26.6773529053, "dvar": 3109.88671875, "dvar2": 7532.63085938, "max": 3298.54760742, "mean": 39.6443099976, "median": 9.65974617004, "min": -1.90364265442, "var": 12217.8105469}, "melbands_skewness": {"dmean": 0.886021673679, "dmean2": 1.35472238064, "dvar": 1.88711571693, "dvar2": 4.67244577408, "max": 44.7215385437, "mean": 3.76769113541, "median": 2.99392366409, "min": -3.60528731346, "var": 12.6444158554}, "melbands_spread": {"dmean": 3.4715294838, "dmean2": 5.31166791916, "dvar": 34.1360359192, "dvar2": 73.5448760986, "max": 168.41758728, "mean": 17.3730831146, "median": 10.7721252441, "min": 0.0197437312454, "var": 375.197662354}, "pitch_salience": {"dmean": 0.0507170706987, "dmean2": 0.0807597413659, "dvar": 0.0039198519662, "dvar2": 0.00985887553543, "max": 0.887450277805, "mean": 0.361167609692, "median": 0.349161237478, "min": 0.0147564588115, "var": 0.0247991662472}, "silence_rate_20dB": {"dmean": 0.0464611127973, "dmean2": 0.0929278284311, "dvar": 0.0443015508354, "dvar2": 0.107098944485, "max": 1, "mean": 0.93387234211, "median": 1, "min": 0, "var": 0.0617582760751}, "silence_rate_30dB": {"dmean": 0.0307729430497, "dmean2": 0.0615496002138, "dvar": 0.0298251267523, "dvar2": 0.0657230764627, "max": 1, "mean": 0.818571269512, "median": 1, "min": 0, "var": 0.148519828916}, "silence_rate_60dB": {"dmean": 0.00229288591072, "dmean2": 0.00452570617199, "dvar": 0.00228776130825, "dvar2": 0.00498764915392, "max": 1, "mean": 0.0397610701621, "median": 0, "min": 0, "var": 0.0381826385856}, "spectral_centroid": {"dmean": 122.591773987, "dmean2": 185.335250854, "dvar": 46059.3476562, "dvar2": 94616.8046875, "max": 11139, "mean": 1164.24572754, "median": 1138.04919434, "min": 43.7951393127, "var": 600660.375}, "spectral_complexity": {"dmean": 1.97526097298, "dmean2": 2.90755486488, "dvar": 11.8915739059, "dvar2": 19.9098548889, "max": 61, "mean": 13.5041627884, "median": 13, "min": 0, "var": 96.7360610962}, "spectral_decrease": {"dmean": 6.58666543529e-09, "dmean2": 1.06992716908e-08, "dvar": 2.35693985005e-16, "dvar2": 6.64138575728e-16, "max": 6.68363854002e-17, "mean": -2.04954542227e-08, "median": -8.80574013706e-09, "min": -1.84787339208e-07, "var": 8.58734601542e-16}, "spectral_energy": {"dmean": 0.0251867417246, "dmean2": 0.0408860072494, "dvar": 0.00340656633489, "dvar2": 0.00955829583108, "max": 0.700557768345, "mean": 0.0790479704738, "median": 0.0344683416188, "min": 1.09939363524e-20, "var": 0.012446465902}, "spectral_energyband_high": {"dmean": 0.000147991915583, "dmean2": 0.000240518435021, "dvar": 3.81283598472e-07, "dvar2": 9.48771798903e-07, "max": 0.011309992522, "mean": 0.000227498821914, "median": 2.35769603023e-05, "min": 8.27043610764e-21, "var": 5.94059088144e-07}, "spectral_energyband_low": {"dmean": 0.0230763088912, "dmean2": 0.0378648415208, "dvar": 0.00331035233103, "dvar2": 0.00960755906999, "max": 0.656857848167, "mean": 0.0645400807261, "median": 0.0231921169907, "min": 7.97783048277e-23, "var": 0.011053844355}, "spectral_energyband_middle_high": {"dmean": 0.00271105254069, "dmean2": 0.00387443322688, "dvar": 7.84627045505e-05, "dvar2": 0.000153510743985, "max": 0.212198093534, "mean": 0.00763268955052, "median": 0.00472941948101, "min": 1.41998789862e-21, "var": 0.000168903163285}, "spectral_energyband_middle_low": {"dmean": 0.00345123233274, "dmean2": 0.00590369664133, "dvar": 0.000276756181847, "dvar2": 0.000741677358747, "max": 0.267390698195, "mean": 0.00613422924653, "median": 0.00298422947526, "min": 5.09158899056e-22, "var": 0.00022973724117}, "spectral_entropy": {"dmean": 0.2061175704, "dmean2": 0.310895711184, "dvar": 0.106537364423, "dvar2": 0.233907938004, "max": 9.80996227264, "mean": 6.43152475357, "median": 6.74159431458, "min": 2.58685994148, "var": 1.17100787163}, "spectral_flux": {"dmean": 0.0322489142418, "dmean2": 0.0501264296472, "dvar": 0.00258822599426, "dvar2": 0.00569419004023, "max": 0.692789256573, "mean": 0.0784259513021, "median": 0.0436451360583, "min": 1.04851974325e-10, "var": 0.00918618217111}, "spectral_kurtosis": {"dmean": 17.6338367462, "dmean2": 30.002407074, "dvar": 1978.39685059, "dvar2": 5441.61962891, "max": 958.383544922, "mean": 41.680316925, "median": 11.1266088486, "min": -1.21194601059, "var": 5651.69384766}, "spectral_rms": {"dmean": 0.00104125589132, "dmean2": 0.00163912423886, "dvar": 3.27256884702e-06, "dvar2": 8.17070394987e-06, "max": 0.026143277064, "mean": 0.00727819185704, "median": 0.00579893495888, "min": 3.27502543314e-12, "var": 2.41477046075e-05}, "spectral_rolloff": {"dmean": 166.984725952, "dmean2": 284.147247314, "dvar": 160140.03125, "dvar2": 341374.21875, "max": 19702.8808594, "mean": 1096.44299316, "median": 322.998046875, "min": 21.533203125, "var": 6080747}, "spectral_skewness": {"dmean": 0.896024703979, "dmean2": 1.51878488064, "dvar": 1.88901805878, "dvar2": 4.92166233063, "max": 25.6306743622, "mean": 3.57252836227, "median": 2.20431232452, "min": 0.00647715292871, "var": 11.1037425995}, "spectral_spread": {"dmean": 408796.03125, "dmean2": 628517.5625, "dvar": 551286865920, "dvar2": 1057151844350.0, "max": 39985248, "mean": 2518828.5, "median": 2139327, "min": 108962.773438, "var": 4206345584640.0}, "spectral_strongpeak": {"dmean": 0.244374677539, "dmean2": 0.423149317503, "dvar": 0.444246023893, "dvar2": 1.07547986507, "max": 13.5544929504, "mean": 0.804994940758, "median": 0.41108083725, "min": 0, "var": 1.97031497955}, "zerocrossingrate": {"dmean": 0.00411734869704, "dmean2": 0.00520674232394, "dvar": 4.09792482969e-05, "dvar2": 4.94929263368e-05, "max": 0.68408203125, "mean": 0.0362596400082, "median": 0.0205078125, "min": 0.0009765625, "var": 0.00626940792426}, "barkbands": {"dmean": [0.00619035586715, 0.0191203206778, 0.00292707676999, 0.00176041317172, 0.00181344826706, 0.000267886120128, 8.3942526544e-05, 9.96915987344e-05, 0.000117228992167, 0.000213990701013, 0.000394196918933, 0.000377147109248, 0.000835844373796, 0.00060379516799, 0.000396896910388, 0.000182681513252, 0.000158761249622, 0.00014332839055, 0.000126234881463, 8.92522803042e-05, 2.72941961157e-05, 2.54537899309e-05, 1.32146960823e-05, 1.38115829031e-05, 2.10509206227e-05, 1.25129390653e-05, 1.00199315511e-06], "dmean2": [0.00886065140367, 0.0320565328002, 0.00523893209174, 0.0032146954909, 0.0031680893153, 0.000474860658869, 0.000140148506034, 0.000148995372001, 0.000187562676729, 0.000327138812281, 0.000613600364886, 0.000613689539023, 0.00125343713444, 0.000892492360435, 0.000591984484345, 0.000267308263574, 0.000237605185248, 0.000203989897273, 0.000193544416106, 0.000146755177411, 4.18482122768e-05, 4.23385608883e-05, 2.11042752198e-05, 2.20460733544e-05, 3.56141572411e-05, 2.16176595131e-05, 1.81055793291e-06], "dvar": [0.000227021388127, 0.00251414440572, 0.00020424099057, 9.18636651477e-05, 9.92998175207e-05, 1.17851527648e-06, 5.67258915396e-08, 1.22059688579e-07, 1.60688770734e-07, 4.38192955698e-07, 1.26215797991e-06, 2.05357764571e-06, 6.44672081762e-06, 9.07494904823e-06, 4.1069361032e-06, 4.80380776935e-07, 4.55815211353e-07, 2.20283766339e-07, 3.03944631241e-07, 1.9831263387e-07, 1.40105509416e-08, 1.79373280673e-08, 3.67462504869e-09, 4.84817475055e-09, 1.37574422965e-08, 4.7420907201e-09, 3.98067100116e-11], "dvar2": [0.000463619217044, 0.00758825242519, 0.000579520885367, 0.000269781303359, 0.000265141308773, 3.42210705639e-06, 1.60853673492e-07, 2.75991425269e-07, 4.3584665832e-07, 9.81299763225e-07, 2.98507529806e-06, 5.42358338862e-06, 1.5621424609e-05, 1.88221383723e-05, 9.26953907765e-06, 1.07273342564e-06, 1.07952291728e-06, 4.71029636628e-07, 7.61113540193e-07, 5.26859935235e-07, 3.25677511626e-08, 4.67626399825e-08, 9.04051589146e-09, 1.20774368284e-08, 3.58862521921e-08, 1.24804868662e-08, 1.10133756281e-10], "max": [0.254794120789, 0.538016498089, 0.260049819946, 0.16795694828, 0.165067836642, 0.0247693341225, 0.00646377820522, 0.0149310575798, 0.0109971640632, 0.0266293827444, 0.0641671866179, 0.0666759982705, 0.0636514425278, 0.0822588577867, 0.0511240363121, 0.0138118294999, 0.0165174845606, 0.0110207172111, 0.0162162259221, 0.00613176170737, 0.00234488933347, 0.00290269008838, 0.00160084303934, 0.00327273458242, 0.00361246452667, 0.00149250647519, 0.000168469821801], "mean": [0.0157867446542, 0.0455265380442, 0.00378652079962, 0.00218687159941, 0.00243636826053, 0.00054998556152, 0.000275212223642, 0.000286943977699, 0.000314582895953, 0.000654584495351, 0.000942517828662, 0.000643834879156, 0.00217441096902, 0.00100592011586, 0.000669944973197, 0.00046639458742, 0.000368034699932, 0.000390725588659, 0.000266935414402, 0.000138079325552, 4.35308065789e-05, 2.91703563562e-05, 1.98464385903e-05, 3.39033540513e-05, 3.7951500417e-05, 1.11900089905e-05, 1.46619856878e-06], "median": [0.00186511664651, 0.0144189568236, 0.000863864843268, 0.000326215900714, 0.000668952648994, 0.000272523320746, 9.64084756561e-05, 5.64339170523e-05, 8.79758372321e-05, 0.000173189837369, 0.000258054351434, 0.000163270538906, 0.000610135262832, 0.000141481432365, 9.10050730454e-05, 7.2693459515e-05, 8.26416944619e-05, 7.08365259925e-05, 3.91782959923e-05, 1.71527863131e-05, 5.28227428731e-06, 1.55862176143e-06, 1.26849477056e-06, 8.55976281855e-07, 1.27389370164e-07, 2.75400591221e-08, 4.0694674297e-09], "min": [7.34257767742e-24, 2.21097501117e-23, 2.70476612355e-23, 3.97476623219e-23, 9.13933224022e-23, 3.41824821384e-23, 8.04797347011e-23, 2.06996186451e-23, 2.21633487926e-22, 4.31024163836e-23, 1.21069204694e-23, 1.07984367282e-22, 6.32026395803e-23, 6.50111442263e-23, 1.42955177055e-22, 2.15022934514e-22, 1.32855472927e-22, 1.62922937884e-22, 2.60783354609e-22, 3.90444041845e-22, 4.42256224151e-22, 5.55056265404e-22, 5.55826092673e-22, 1.00969056282e-21, 1.29094216948e-21, 1.91653688766e-21, 2.51704820195e-21], "var": [0.00114215654321, 0.00586455827579, 0.000144188656122, 6.07040128671e-05, 7.77249733801e-05, 1.17727711313e-06, 2.44550221851e-07, 4.8494763405e-07, 3.8424474269e-07, 3.11565850097e-06, 4.99062343806e-06, 3.13135160468e-06, 2.37703370658e-05, 1.39340827445e-05, 5.70143038203e-06, 1.18260459203e-06, 7.81680228101e-07, 7.60050738791e-07, 5.61066940463e-07, 1.82002679594e-07, 1.67243925375e-08, 1.59598076976e-08, 6.80315315194e-09, 3.57729312839e-08, 4.60133264824e-08, 3.9477789926e-09, 8.22082957264e-11]}, "erbbands": {"dmean": [1.10273909569, 2.44221901894, 3.02373743057, 4.80922698975, 6.50336456299, 5.76075553894, 2.95369243622, 2.08893156052, 1.10021078587, 1.52031290531, 2.15402960777, 2.88760447502, 3.42519259453, 9.82949829102, 18.0375537872, 19.2812709808, 38.3244056702, 34.6025276184, 22.1105518341, 15.2032899857, 8.68331336975, 7.99649953842, 8.30845069885, 7.7789683342, 4.24258947372, 4.72652959824, 1.60472118855, 0.970830440521, 0.899571955204, 0.641266345978, 0.31870046258, 0.278639107943, 0.245488330722, 0.218872904778, 0.17212612927, 0.0857742801309, 0.0124520510435, 0.00163926987443, 0.000174229528056, 3.43365281879e-05], "dmean2": [1.82053256035, 4.04562950134, 5.21482801437, 8.70069503784, 11.5495376587, 10.0794620514, 5.31800794601, 3.64479374886, 1.80603897572, 2.4498269558, 3.24893260002, 4.54458856583, 5.37497138977, 15.1962623596, 27.6945362091, 31.0173301697, 57.4423522949, 51.569568634, 31.3027114868, 22.8971443176, 12.9041013718, 12.0300216675, 11.8592510223, 11.3975667953, 6.72813224792, 7.91836833954, 2.50045824051, 1.55345475674, 1.47894883156, 1.08246159554, 0.502955436707, 0.445245683193, 0.389014333487, 0.362686514854, 0.296646416187, 0.147402867675, 0.0217723306268, 0.00293594039977, 0.000307918002363, 5.65207410546e-05], "dvar": [8.69635295868, 47.8747673035, 187.997512817, 600.442993164, 1268.41442871, 910.998474121, 269.677062988, 47.6652259827, 8.94934368134, 25.4567375183, 60.1655006409, 85.0377349854, 93.6186447144, 1006.23492432, 2900.8894043, 4797.87402344, 13587.2089844, 29791.8027344, 11478.6953125, 5082.90625, 1716.78393555, 1526.44311523, 710.752746582, 868.597961426, 411.876586914, 658.39654541, 40.8813285828, 20.1219863892, 21.7935199738, 10.8945093155, 1.92449653149, 1.72524142265, 1.61086440086, 1.42038214207, 0.997004389763, 0.245815292001, 0.00415348540992, 8.88156428118e-05, 1.13940461688e-06, 7.04016800412e-09], "dvar2": [26.0675373077, 129.252960205, 499.678436279, 1727.17346191, 3522.98242188, 2494.62597656, 796.194091797, 137.511291504, 24.1199588776, 64.0662918091, 134.655410767, 224.760925293, 229.871948242, 2278.12963867, 6772.31689453, 12773.6523438, 33193.8398438, 66149.578125, 21850.015625, 11779.1289062, 3959.51586914, 3630.43945312, 1526.56018066, 2068.56103516, 1020.06866455, 1795.61474609, 93.0922088623, 49.6209945679, 56.2972145081, 28.9308204651, 4.56261062622, 4.23239278793, 4.00974464417, 3.61580491066, 2.63913393021, 0.646035790443, 0.0110240858048, 0.000246871088166, 3.128356866e-06, 1.95824796378e-08], "max": [31.2329139709, 132.857910156, 217.713012695, 424.890289307, 610.485290527, 537.357727051, 283.874633789, 163.515197754, 71.0040817261, 163.453018188, 393.210632324, 250.707183838, 175.006256104, 1054.91418457, 3236.46533203, 3287.63061523, 3172.32836914, 4503.23144531, 2817.32592773, 1849.0838623, 1033.61315918, 994.317687988, 656.742980957, 1032.23657227, 440.627105713, 355.912109375, 118.798103333, 80.5711364746, 100.003211975, 72.7444076538, 43.2703895569, 53.2644348145, 66.7405853271, 58.9631538391, 21.5933952332, 11.0339355469, 1.89628064632, 0.212041854858, 0.0276726447046, 0.00235787639394], "mean": [2.47117447853, 5.7205824852, 4.78725624084, 6.70882368088, 7.78641843796, 8.54498004913, 4.48432064056, 5.06117963791, 3.64367985725, 4.51925992966, 6.47672891617, 8.81859016418, 8.9948387146, 28.8927021027, 43.5210647583, 39.5918960571, 100.055137634, 63.7286338806, 40.9681053162, 30.6271438599, 20.1819381714, 18.2411212921, 23.6233520508, 20.3661937714, 8.27576160431, 6.85687160492, 2.57377505302, 1.25837683678, 1.06937193871, 0.739707887173, 0.53397411108, 0.579218506813, 0.635520875454, 0.508765816689, 0.235391944647, 0.0826363116503, 0.0121568432078, 0.00205688807182, 0.000285392918158, 9.96912713163e-05], "median": [0.5945982337, 2.3568611145, 1.69007349014, 1.82570648193, 1.76009368896, 2.18943929672, 1.93739461899, 1.62258720398, 1.71156740189, 1.66989767551, 1.76709413528, 2.85528087616, 3.75372505188, 8.4797334671, 14.6665554047, 14.4944858551, 28.0925235748, 16.8647670746, 8.42527770996, 6.22818946838, 5.20368766785, 4.96945571899, 5.56785488129, 3.62323093414, 1.08049654961, 0.866475820541, 0.35890263319, 0.148658484221, 0.0622500255704, 0.0448448434472, 0.035977050662, 0.0256117135286, 0.00987906940281, 0.00246152142063, 0.000612777657807, 0.000225381867494, 6.4699583163e-05, 9.61632576946e-06, 2.38797856582e-05, 4.24747886427e-05], "min": [9.27047323441e-22, 4.00809154122e-21, 2.4781959567e-20, 1.00108409186e-19, 1.97403370313e-19, 3.28105015679e-19, 3.80071707085e-19, 2.48505606279e-19, 1.17363083986e-18, 5.49205688825e-19, 1.15787997683e-18, 6.06676801918e-18, 2.39437168355e-18, 7.77576504073e-19, 7.64456333884e-19, 4.49099226099e-18, 3.35206878226e-18, 4.03368504575e-18, 4.78573780635e-18, 8.83529479369e-18, 1.19716824351e-17, 8.48669937687e-18, 7.95025951473e-18, 1.1178513835e-17, 1.63388569253e-17, 1.8009071894e-17, 1.68058003811e-17, 1.84674854633e-17, 2.17099143505e-17, 1.71027135533e-17, 1.49558076324e-17, 2.20331980406e-17, 1.45491474453e-17, 1.19765189601e-17, 1.03798651633e-17, 6.14293563717e-18, 3.92693201103e-18, 1.50632681133e-18, 3.40715616762e-19, 3.55859271063e-20], "var": [22.5823688507, 85.5340957642, 159.506530762, 423.159332275, 923.408813477, 715.51776123, 170.053771973, 82.6868972778, 32.3991851807, 68.943939209, 277.602172852, 257.289093018, 232.707260132, 5453.64892578, 10787.4638672, 7940.11621094, 54803.9179688, 41420.5703125, 20281.5117188, 7480.62744141, 2563.49291992, 2259.84936523, 2455.08251953, 2791.3737793, 518.69921875, 532.504455566, 48.7064743042, 20.6912994385, 19.9196624756, 10.2364873886, 4.64417362213, 7.44676780701, 14.1881246567, 9.58693027496, 1.71235513687, 0.222925037146, 0.0041156434454, 0.000137963608722, 2.4166363346e-06, 2.06009094228e-08]}, "gfcc": {"mean": [-118.122848511, 158.860427856, -115.900840759, 18.7696208954, -1.41161859035, 19.296049118, -14.7088270187, -1.78960084915, -14.5488166809, -3.98700618744, 6.26563739777, -3.8138654232, -1.11711251736], "cov": [[28228.1816406, -1975.82043457, -4756.89990234, 2820.33642578, -1589.84594727, 1255.38671875, -402.249542236, 1590.87890625, -634.134277344, 45.6803665161, -26.2645187378, -196.655273438, -229.793411255], [-1975.82043457, 4265.71679688, 1084.72009277, -837.397583008, 1038.37084961, -580.333190918, 362.721069336, -860.391357422, 243.881668091, -293.784515381, 286.633544922, -31.4047832489, 216.447952271], [-4756.89990234, 1084.72009277, 2975.71240234, -536.083984375, 572.94720459, -92.1286392212, -66.2851486206, -351.973632812, 217.266769409, 165.054412842, -6.09408426285, 159.725753784, 109.742881775], [2820.33642578, -837.397583008, -536.083984375, 1091.85119629, -16.2714881897, 263.077819824, 158.291610718, 259.236663818, 0.374786376953, 62.298286438, 59.8496932983, -80.8921966553, -25.1789798737], [-1589.84594727, 1038.37084961, 572.94720459, -16.2714881897, 948.514648438, 53.5872192383, 255.553970337, -282.779174805, 74.4546279907, -103.538360596, 66.6703033447, -13.0532550812, 6.11389446259], [1255.38671875, -580.333190918, -92.1286392212, 263.077819824, 53.5872192383, 410.658691406, 29.9988098145, 162.475753784, -44.601890564, 11.9529628754, -82.4384918213, 22.3437404633, -36.1509208679], [-402.249542236, 362.721069336, -66.2851486206, 158.291610718, 255.553970337, 29.9988098145, 361.255126953, -16.1659355164, 77.7010040283, -59.0515480042, 71.1011962891, -13.8602342606, 60.9523773193], [1590.87890625, -860.391357422, -351.973632812, 259.236663818, -282.779174805, 162.475753784, -16.1659355164, 431.201599121, -9.85345840454, 80.7197189331, -26.6519699097, 1.30734479427, -18.9068603516], [-634.134277344, 243.881668091, 217.266769409, 0.374786376953, 74.4546279907, -44.601890564, 77.7010040283, -9.85345840454, 176.105682373, 59.4124946594, 49.082660675, -10.4937105179, 30.6784973145], [45.6803665161, -293.784515381, 165.054412842, 62.298286438, -103.538360596, 11.9529628754, -59.0515480042, 80.7197189331, 59.4124946594, 185.56312561, 45.0512733459, 12.7048063278, -22.5417041779], [-26.2645187378, 286.633544922, -6.09408426285, 59.8496932983, 66.6703033447, -82.4384918213, 71.1011962891, -26.6519699097, 49.082660675, 45.0512733459, 200.655197144, 19.2435932159, 21.2534980774], [-196.655273438, -31.4047832489, 159.725753784, -80.8921966553, -13.0532550812, 22.3437404633, -13.8602342606, 1.30734479427, -10.4937105179, 12.7048063278, 19.2435932159, 148.218948364, 47.4309120178], [-229.793411255, 216.447952271, 109.742881775, -25.1789798737, 6.11389446259, -36.1509208679, 60.9523773193, -18.9068603516, 30.6784973145, -22.5417041779, 21.2534980774, 47.4309120178, 152.751983643]], "icov": [[0.000192101011635, -0.000477869645692, 0.000240418434259, -0.000545065151528, 0.000286492606392, -0.000539261614904, 0.000515038787853, -0.000613121257629, 0.000567138253246, -0.00041938846698, 0.00026050399174, -0.00024792086333, 0.000148000966874], [-0.000477869645692, 0.00200256728567, -0.000689057342242, 0.00174013967626, -0.00109131692443, 0.00165159325115, -0.0014055314241, 0.00218468368985, -0.00203556357883, 0.00205198000185, -0.00160996115301, 0.00117603549734, -0.000938344397582], [0.000240418434259, -0.000689057342242, 0.000931766873691, -0.000562035944313, -7.17234579497e-05, -0.00068466871744, 0.000966849271208, -0.000576553575229, 0.000309956696583, -0.00150960090104, 0.000899558595847, -0.000851336691994, -0.000186165809282], [-0.000545065151528, 0.00174013967626, -0.000562035944313, 0.00325332232751, -0.00103560497519, 0.000779445457738, -0.00201568193734, 0.00162438536063, -0.00160733587109, 0.00103485025465, -0.00187367119361, 0.00197302829474, -0.000990808242932], [0.000286492606392, -0.00109131692443, -7.17234579497e-05, -0.00103560497519, 0.00292854430154, -0.00191563519184, -0.000433281151345, -1.56904070536e-06, 0.0007998245419, 0.000180521907168, -6.65293409838e-05, -0.000233649348957, 0.00140812713653], [-0.000539261614904, 0.00165159325115, -0.00068466871744, 0.000779445457738, -0.00191563519184, 0.00613366579637, -0.00182857876644, 0.000524205213878, -0.000925781670958, 0.00088785571279, 0.00127831415739, -0.000840242253616, 0.000191667306353], [0.000515038787853, -0.0014055314241, 0.000966849271208, -0.00201568193734, -0.000433281151345, -0.00182857876644, 0.00667142868042, -0.00225845957175, -0.00068709423067, 0.000653267779853, -0.000367611821275, -0.000561663706321, -0.00115755142178], [-0.000613121257629, 0.00218468368985, -0.000576553575229, 0.00162438536063, -1.56904070536e-06, 0.000524205213878, -0.00225845957175, 0.00686709117144, -0.00271130492911, 0.000838814652525, -0.00129854632542, 0.00100688135717, -0.000924416119233], [0.000567138253246, -0.00203556357883, 0.000309956696583, -0.00160733587109, 0.0007998245419, -0.000925781670958, -0.00068709423067, -0.00271130492911, 0.0114656640217, -0.00569961825386, 0.00118432205636, 0.000605058739893, -0.000559118692763], [-0.00041938846698, 0.00205198000185, -0.00150960090104, 0.00103485025465, 0.000180521907168, 0.00088785571279, 0.000653267779853, 0.000838814652525, -0.00569961825386, 0.0127146169543, -0.00481746764854, 0.000746667501517, 0.00122209137771], [0.00026050399174, -0.00160996115301, 0.000899558595847, -0.00187367119361, -6.65293409838e-05, 0.00127831415739, -0.000367611821275, -0.00129854632542, 0.00118432205636, -0.00481746764854, 0.00942718144506, -0.00317077967338, 0.000733327411581], [-0.00024792086333, 0.00117603549734, -0.000851336691994, 0.00197302829474, -0.000233649348957, -0.000840242253616, -0.000561663706321, 0.00100688135717, 0.000605058739893, 0.000746667501517, -0.00317077967338, 0.0102824596688, -0.00370624824427], [0.000148000966874, -0.000938344397582, -0.000186165809282, -0.000990808242932, 0.00140812713653, 0.000191667306353, -0.00115755142178, -0.000924416119233, -0.000559118692763, 0.00122209137771, 0.000733327411581, -0.00370624824427, 0.00974716432393]]}, "melbands": {"dmean": [0.00717964675277, 0.00183317565825, 0.000845372502226, 0.000476361165056, 0.000120107077237, 4.54761611763e-05, 1.7107999156e-05, 1.75442255568e-05, 1.80592578545e-05, 1.81653758773e-05, 1.72695908986e-05, 3.89428460039e-05, 5.36330189789e-05, 4.61687159259e-05, 7.63005155022e-05, 7.593731425e-05, 6.76756753819e-05, 3.62909522664e-05, 2.52491990977e-05, 1.75959139597e-05, 8.95472658158e-06, 8.52633638715e-06, 8.41850669531e-06, 7.60753164286e-06, 6.56951397104e-06, 4.10541315432e-06, 2.93200127999e-06, 3.18532920573e-06, 1.07791981918e-06, 6.22360289526e-07, 5.92379649333e-07, 5.8900741351e-07, 3.852178736e-07, 3.39950560146e-07, 1.9165408105e-07, 1.65553160514e-07, 1.7567626287e-07, 1.66172711147e-07, 1.93440314433e-07, 1.87865850876e-07], "dmean2": [0.0117753222585, 0.00299100740813, 0.00150722474791, 0.000832929974422, 0.000215315303649, 7.95853047748e-05, 2.81904176518e-05, 2.79559480987e-05, 2.75904185401e-05, 2.87412622129e-05, 2.72425349976e-05, 5.99946906732e-05, 8.4213570517e-05, 7.15167479939e-05, 0.000122628203826, 0.000112514455395, 0.000101442165032, 5.14139901497e-05, 3.92102156184e-05, 2.58111813309e-05, 1.35398977363e-05, 1.31129036163e-05, 1.20148097267e-05, 1.09164848254e-05, 9.60293891694e-06, 6.58233057038e-06, 4.74009993923e-06, 5.35009439773e-06, 1.63553886523e-06, 9.78021148512e-07, 9.7182294212e-07, 9.74968315859e-07, 6.41707288196e-07, 5.83671749155e-07, 3.102962296e-07, 2.59307199713e-07, 2.89191433467e-07, 2.62072887836e-07, 3.16336183914e-07, 3.12179821549e-07], "dvar": [0.000347684806911, 3.73616931029e-05, 1.78289319592e-05, 7.03318801243e-06, 4.27203730169e-07, 2.47447928814e-08, 2.22356488777e-09, 3.77512465732e-09, 4.62119453815e-09, 3.24607118962e-09, 2.41821673796e-09, 1.66747327057e-08, 2.35356036882e-08, 2.32278090095e-08, 6.39696935423e-08, 5.78076289059e-08, 1.31527585268e-07, 3.00993150404e-08, 1.67851901267e-08, 3.97946298136e-09, 2.3468613719e-09, 2.1664461336e-09, 8.03589916831e-10, 5.47935141704e-10, 6.40917041661e-10, 4.59509430506e-10, 1.77898043519e-10, 3.27376542542e-10, 1.71775892122e-11, 9.21053424502e-12, 7.7395156256e-12, 9.48056997491e-12, 4.03269345001e-12, 3.19548445864e-12, 7.32913079185e-13, 4.836146132e-13, 7.38531252212e-13, 7.44128879609e-13, 1.03312172185e-12, 1.03298207661e-12], "dvar2": [0.00102889619302, 9.21807295526e-05, 5.04142844875e-05, 1.87144178199e-05, 1.2636428437e-06, 7.12009438075e-08, 6.16329121073e-09, 9.29637611335e-09, 1.09265236858e-08, 8.62905924492e-09, 5.94551341493e-09, 3.74103734657e-08, 5.69045326415e-08, 5.9351709325e-08, 1.7320623158e-07, 1.33440707373e-07, 2.94698338621e-07, 5.48916929688e-08, 3.99326758327e-08, 9.0801481889e-09, 5.46678213809e-09, 5.41364242324e-09, 1.64507640843e-09, 1.24228027865e-09, 1.52934076514e-09, 1.1639318398e-09, 4.63314553389e-10, 8.97291851931e-10, 3.8686279874e-11, 2.20914640747e-11, 1.98331247259e-11, 2.4634114193e-11, 1.05459764185e-11, 8.6268847968e-12, 1.83435536726e-12, 1.05301737382e-12, 1.88224631194e-12, 1.84972349937e-12, 2.60818667011e-12, 2.62253500166e-12], "max": [0.203413933516, 0.0986488237977, 0.0702767521143, 0.0452736094594, 0.011766506359, 0.00372385582887, 0.00124182621948, 0.00202607363462, 0.00305225304328, 0.00154690549243, 0.000877252779901, 0.00459007918835, 0.00867161992937, 0.00753128621727, 0.00587723497301, 0.00669266376644, 0.00957250222564, 0.00463204784319, 0.00316197681241, 0.00132631848101, 0.00126432941761, 0.00117561453953, 0.000802002439741, 0.000762659066822, 0.000922254461329, 0.000449782703072, 0.000289584510028, 0.000259266525973, 9.17417564779e-05, 6.95853450452e-05, 5.55476217414e-05, 6.67471103952e-05, 4.47402053396e-05, 3.95370479964e-05, 2.49652948696e-05, 3.17547783197e-05, 3.81625650334e-05, 4.07767147408e-05, 5.69000658288e-05, 5.09451056132e-05], "mean": [0.0176117587835, 0.00404709251598, 0.00117677589878, 0.000646747648716, 0.000185362441698, 0.000104815197119, 5.76579768676e-05, 5.09189012519e-05, 5.15321407875e-05, 5.36248116987e-05, 4.39769901277e-05, 0.000114692455099, 0.000125696969917, 9.73122878349e-05, 0.000168172104168, 0.000195300599444, 0.000113059366413, 6.70756417094e-05, 3.90120294469e-05, 4.66570381832e-05, 1.83911088243e-05, 1.85836033779e-05, 2.03550680453e-05, 2.26794909395e-05, 1.61410134751e-05, 6.07818856224e-06, 5.87185650147e-06, 4.0956574594e-06, 1.78229470293e-06, 8.82261304014e-07, 6.75910030168e-07, 7.07468529981e-07, 4.22573151582e-07, 3.77795032591e-07, 2.98856548397e-07, 3.26403068129e-07, 3.67948643998e-07, 4.20002578494e-07, 4.73350638686e-07, 4.25205058718e-07], "median": [0.00533804576844, 0.00195218448061, 0.000292196724331, 0.000150283492985, 7.90730482549e-05, 3.89177148463e-05, 2.38242173509e-05, 1.89234287973e-05, 1.27790826809e-05, 1.51911281137e-05, 1.81127652468e-05, 2.58961790678e-05, 3.80239835067e-05, 3.38795034622e-05, 3.88974076486e-05, 5.53631325602e-05, 1.832541966e-05, 1.17854442578e-05, 6.01359488428e-06, 6.26970904705e-06, 4.61077070213e-06, 4.35693527834e-06, 3.72664089809e-06, 3.30629427481e-06, 2.23452070713e-06, 4.54402396599e-07, 7.1869999374e-07, 4.42210648544e-07, 2.15899916611e-07, 1.00578176898e-07, 5.07553892248e-08, 2.92127069201e-08, 2.13687236794e-08, 2.03214760575e-08, 1.7956551801e-08, 1.770784408e-08, 1.30904318496e-08, 6.79111789026e-09, 3.07370973118e-09, 1.41226319528e-09], "min": [7.33281631258e-24, 1.04386358494e-23, 1.88617589071e-23, 1.9864189703e-23, 1.27787933024e-23, 6.40450373197e-24, 1.76440858356e-23, 5.09395569949e-24, 1.15148882487e-23, 3.82650424267e-23, 1.01276566253e-23, 3.0494424089e-24, 1.71970257389e-24, 8.16604906599e-24, 1.11502057408e-23, 8.85751325955e-24, 6.46896668413e-24, 6.4911068543e-24, 9.44247018685e-24, 1.42202401803e-23, 1.33556943822e-23, 7.69538940639e-24, 9.35739311595e-24, 6.63519505965e-24, 8.7707077944e-24, 1.08311754024e-23, 1.37670269685e-23, 1.10687929288e-23, 1.02282711006e-23, 1.00497913208e-23, 1.00368043037e-23, 1.15129342402e-23, 1.10678044861e-23, 9.53308506131e-24, 7.39773325419e-24, 1.15160928393e-23, 1.39631172792e-23, 8.51143288068e-24, 1.28910600421e-23, 9.00658982684e-24], "var": [0.000965095823631, 5.41007539141e-05, 1.31643919303e-05, 5.5576019804e-06, 2.69813313025e-07, 3.66449874889e-08, 8.98672070093e-09, 9.43638855944e-09, 1.68817173574e-08, 1.00155626015e-08, 6.23181550807e-09, 9.92151996115e-08, 8.4956887747e-08, 4.74341810275e-08, 1.86634522947e-07, 1.65917626305e-07, 1.75697181248e-07, 5.61028059565e-08, 1.97868406104e-08, 1.09569535667e-08, 2.87009238598e-09, 2.6811091125e-09, 2.22166907093e-09, 2.83022205672e-09, 2.14937623255e-09, 4.71380490197e-10, 2.34758185114e-10, 2.51136333951e-10, 2.19014164443e-11, 9.82982098496e-12, 7.23676066988e-12, 8.83993746259e-12, 3.50923868957e-12, 2.83025057383e-12, 1.52250130905e-12, 1.98016126066e-12, 3.43506863579e-12, 5.96898789076e-12, 8.81954665549e-12, 6.69339583759e-12]}, "mfcc": {"mean": [-748.493652344, 174.946578979, -13.8074245453, 20.0881595612, 30.8444690704, 24.6372451782, 22.4595336914, 10.2174062729, -2.56499147415, 3.18011522293, 3.3481771946, 7.35851097107, 2.15478634834], "cov": [[18115.65625, -1780.48083496, -4051.23999023, 439.702056885, -664.627075195, -790.807800293, 388.135070801, 672.107727051, 262.323883057, 490.513183594, 75.5338745117, 125.253486633, -227.643722534], [-1780.48083496, 2908.55712891, 537.852355957, -8.28694438934, 383.382507324, 358.652923584, 114.033111572, 10.1450986862, -77.1151351929, -152.255371094, -25.6886997223, 65.6875762939, 127.456542969], [-4051.23999023, 537.852355957, 2279.66162109, 38.8784675598, 349.165496826, 303.228240967, -173.194549561, -219.098846436, 1.25412368774, -196.511917114, 54.8778762817, 11.5421829224, 177.761322021], [439.702056885, -8.28694438934, 38.8784675598, 694.477172852, 131.086349487, 159.746459961, 149.211380005, 88.8926467896, 0.260556578636, 159.063720703, 105.132713318, 43.0093765259, -21.7538890839], [-664.627075195, 383.382507324, 349.165496826, 131.086349487, 491.748352051, 315.596435547, 135.409118652, 46.105556488, 35.3627243042, -51.7530403137, 46.1294364929, 59.0723381042, 51.3726272583], [-790.807800293, 358.652923584, 303.228240967, 159.746459961, 315.596435547, 507.843658447, 158.029785156, 73.6687011719, 42.9496459961, -26.1615657806, 26.2416362762, 6.8154797554, 57.1997413635], [388.135070801, 114.033111572, -173.194549561, 149.211380005, 135.409118652, 158.029785156, 248.806640625, 150.633956909, 50.4392051697, 50.5101699829, 1.54323375225, 30.9003582001, 17.8393383026], [672.107727051, 10.1450986862, -219.098846436, 88.8926467896, 46.105556488, 73.6687011719, 150.633956909, 224.623382568, 96.6409835815, 35.879901886, -5.41999435425, 27.5240535736, 10.8102273941], [262.323883057, -77.1151351929, 1.25412368774, 0.260556578636, 35.3627243042, 42.9496459961, 50.4392051697, 96.6409835815, 170.434677124, 52.0763092041, -12.5784330368, -28.6546707153, 22.2772655487], [490.513183594, -152.255371094, -196.511917114, 159.063720703, -51.7530403137, -26.1615657806, 50.5101699829, 35.879901886, 52.0763092041, 240.277923584, 85.7667999268, -19.960483551, -59.1600761414], [75.5338745117, -25.6886997223, 54.8778762817, 105.132713318, 46.1294364929, 26.2416362762, 1.54323375225, -5.41999435425, -12.5784330368, 85.7667999268, 199.527084351, 81.3447799683, -49.1415328979], [125.253486633, 65.6875762939, 11.5421829224, 43.0093765259, 59.0723381042, 6.8154797554, 30.9003582001, 27.5240535736, -28.6546707153, -19.960483551, 81.3447799683, 174.030761719, 47.7386207581], [-227.643722534, 127.456542969, 177.761322021, -21.7538890839, 51.3726272583, 57.1997413635, 17.8393383026, 10.8102273941, 22.2772655487, -59.1600761414, -49.1415328979, 47.7386207581, 173.888031006]], "icov": [[0.000108765896584, 2.06221775443e-05, 0.000184288874152, -0.000101913188701, -6.21203298579e-06, 0.000126441649627, 1.5801149857e-05, -0.000102643709397, -0.000159882911248, 9.20008897083e-05, -0.000130869215354, 9.39236269915e-06, -9.66457591858e-05], [2.06221775443e-05, 0.00042475076043, -2.8413709515e-05, 8.65567490109e-05, -0.000213741528569, -0.000118159419799, -6.92748581059e-05, -0.000163714634255, 0.000378371361876, -1.83248193935e-05, 6.46119297016e-05, -5.37410778634e-06, -0.000160135707119], [0.000184288874152, -2.8413709515e-05, 0.00108890829142, -0.000418752635596, -0.000331599090714, -3.86195242754e-05, 0.000645086518489, 0.000535903964192, -0.000839703599922, 0.000778532237746, -0.000821646885015, 0.000395278038923, -0.000860561034642], [-0.000101913188701, 8.65567490109e-05, -0.000418752635596, 0.00234309630468, -0.000298863596981, -0.000463417032734, -0.000569897063542, -0.000776836764999, 0.00150127324741, -0.00182964710984, 2.07335269806e-05, -0.000169325023307, 0.00010937130719], [-6.21203298579e-06, -0.000213741528569, -0.000331599090714, -0.000298863596981, 0.00436995225027, -0.00170925213024, -0.00187051517423, 0.00121660542209, -0.00140918022953, 0.00135290122125, -0.00061030802317, -0.00105028029066, 0.000594292592723], [0.000126441649627, -0.000118159419799, -3.86195242754e-05, -0.000463417032734, -0.00170925213024, 0.00431267684326, -0.00175807857886, -0.000403564074077, -0.000154344321345, 0.000903774693143, -0.00140577647835, 0.00188459921628, -0.00106198398862], [1.5801149857e-05, -6.92748581059e-05, 0.000645086518489, -0.000569897063542, -0.00187051517423, -0.00175807857886, 0.0105157690123, -0.00531148165464, 0.0014256273862, -0.00239779264666, 0.00200146529824, -0.0010723550804, -0.000415372574935], [-0.000102643709397, -0.000163714634255, 0.000535903964192, -0.000776836764999, 0.00121660542209, -0.000403564074077, -0.00531148165464, 0.0116299865767, -0.00619078846648, 0.00194503809325, 0.000395875977119, -0.00229314342141, 0.00113210815471], [-0.000159882911248, 0.000378371361876, -0.000839703599922, 0.00150127324741, -0.00140918022953, -0.000154344321345, 0.0014256273862, -0.00619078846648, 0.0116371642798, -0.00378837855533, 0.000437075359514, 0.00273185479455, -0.00214094645344], [9.20008897083e-05, -1.83248193935e-05, 0.000778532237746, -0.00182964710984, 0.00135290122125, 0.000903774693143, -0.00239779264666, 0.00194503809325, -0.00378837855533, 0.0092339348048, -0.00495633250102, 0.00271152472124, 1.9000206521e-05], [-0.000130869215354, 6.46119297016e-05, -0.000821646885015, 2.07335269806e-05, -0.00061030802317, -0.00140577647835, 0.00200146529824, 0.000395875977119, 0.000437075359514, -0.00495633250102, 0.0119405090809, -0.00740396371111, 0.00470150960609], [9.39236269915e-06, -5.37410778634e-06, 0.000395278038923, -0.000169325023307, -0.00105028029066, 0.00188459921628, -0.0010723550804, -0.00229314342141, 0.00273185479455, 0.00271152472124, -0.00740396371111, 0.0122842025012, -0.005358426366], [-9.66457591858e-05, -0.000160135707119, -0.000860561034642, 0.00010937130719, 0.000594292592723, -0.00106198398862, -0.000415372574935, 0.00113210815471, -0.00214094645344, 1.9000206521e-05, 0.00470150960609, -0.005358426366, 0.0098615847528]]}, "spectral_contrast_coeffs": {"dmean": [0.0438138544559, 0.0429486297071, 0.0351376906037, 0.0291837714612, 0.0232715122402, 0.0242442395538], "dmean2": [0.0722246468067, 0.0713739544153, 0.0575629733503, 0.0474667921662, 0.036711435765, 0.0402654111385], "dvar": [0.00197804044001, 0.00204250239767, 0.00128056644462, 0.0008246988873, 0.00053994130576, 0.000723238219507], "dvar2": [0.00490259565413, 0.0051383767277, 0.00304984906688, 0.00203198799863, 0.00122250174172, 0.00187425815966], "max": [-0.289344906807, -0.389654755592, -0.367004454136, -0.427139699459, -0.477324277163, -0.595712542534], "mean": [-0.647299051285, -0.679315030575, -0.722956717014, -0.712276637554, -0.734551489353, -0.787921488285], "median": [-0.65717446804, -0.669370412827, -0.721136569977, -0.715203881264, -0.733572483063, -0.778955757618], "min": [-0.951067984104, -0.981177568436, -0.97942918539, -0.963673055172, -0.962272882462, -0.966266095638], "var": [0.010506673716, 0.00932782515883, 0.0102449599653, 0.0102824810892, 0.00754053425044, 0.00397440465167]}, "spectral_contrast_valleys": {"dmean": [0.372484743595, 0.441048234701, 0.398754805326, 0.362227886915, 0.351246118546, 0.464669436216], "dmean2": [0.612722396851, 0.711043536663, 0.642709136009, 0.567344665527, 0.509703695774, 0.70349419117], "dvar": [0.16576564312, 0.300991356373, 0.314418464899, 0.249440714717, 0.242379933596, 0.326409816742], "dvar2": [0.373375475407, 0.6