{"lowlevel": {"average_loudness": 0.696090042591, "barkbands_crest": {"dmean": 2.24407172203, "dmean2": 3.65827512741, "dvar": 4.55202102661, "dvar2": 11.951631546, "max": 25.911441803, "mean": 10.3347654343, "median": 9.72257232666, "min": 2.18915224075, "var": 16.9992599487}, "barkbands_flatness_db": {"dmean": 0.0187895875424, "dmean2": 0.0291717275977, "dvar": 0.000352344766725, "dvar2": 0.000816810934339, "max": 0.433871209621, "mean": 0.121319204569, "median": 0.108868554235, "min": 0.0239638071507, "var": 0.00336869573221}, "barkbands_kurtosis": {"dmean": 2.95754981041, "dmean2": 4.71891403198, "dvar": 50.9285469055, "dvar2": 128.423660278, "max": 414.997406006, "mean": 6.15817594528, "median": 1.51297330856, "min": -1.85185694695, "var": 673.134460449}, "barkbands_skewness": {"dmean": 0.534456133842, "dmean2": 0.835305213928, "dvar": 0.346069067717, "dvar2": 0.810434579849, "max": 16.7702503204, "mean": 1.69997942448, "median": 1.49173676968, "min": -4.36498832703, "var": 2.88021063805}, "barkbands_spread": {"dmean": 6.19240045547, "dmean2": 9.69644737244, "dvar": 50.9327507019, "dvar2": 111.857200623, "max": 105.310325623, "mean": 30.4087619781, "median": 27.2621650696, "min": 0.444180995226, "var": 338.473205566}, "dissonance": {"dmean": 0.0113234315068, "dmean2": 0.0189073346555, "dvar": 0.000145503916428, "dvar2": 0.000395336712245, "max": 0.500000119209, "mean": 0.475424438715, "median": 0.48189547658, "min": 0.317579299212, "var": 0.000468032812933}, "dynamic_complexity": 4.44768571854, "erbbands_crest": {"dmean": 2.13037753105, "dmean2": 3.44376587868, "dvar": 4.66219234467, "dvar2": 11.3903741837, "max": 29.6253986359, "mean": 7.91396999359, "median": 6.95956754684, "min": 1.95346796513, "var": 15.1838254929}, "erbbands_flatness_db": {"dmean": 0.0140647571534, "dmean2": 0.0208496432751, "dvar": 0.000205347256269, "dvar2": 0.000437259237515, "max": 0.388622283936, "mean": 0.128901302814, "median": 0.124094240367, "min": 0.0259409025311, "var": 0.00164382799994}, "erbbands_kurtosis": {"dmean": 0.758340537548, "dmean2": 1.18495178223, "dvar": 1.08392953873, "dvar2": 2.51993751526, "max": 37.1597709656, "mean": 0.380305051804, "median": -0.141693353653, "min": -1.7122784853, "var": 3.75966072083}, "erbbands_skewness": {"dmean": 0.28896805644, "dmean2": 0.441695481539, "dvar": 0.0733280852437, "dvar2": 0.167614758015, "max": 3.34402132034, "mean": -0.19044457376, "median": -0.246335729957, "min": -4.86686992645, "var": 0.572326898575}, "erbbands_spread": {"dmean": 8.51058197021, "dmean2": 13.2105665207, "dvar": 79.4098052979, "dvar2": 175.453155518, "max": 139.475097656, "mean": 45.7892532349, "median": 42.9841308594, "min": 1.30437088013, "var": 406.247955322}, "hfc": {"dmean": 6.03200531006, "dmean2": 8.58748054504, "dvar": 85.2806472778, "dvar2": 174.536605835, "max": 199.956817627, "mean": 24.0106544495, "median": 17.4939632416, "min": 1.10298360608e-16, "var": 511.406097412}, "melbands_crest": {"dmean": 3.12208032608, "dmean2": 5.0954451561, "dvar": 8.82025337219, "dvar2": 22.4580612183, "max": 38.2359428406, "mean": 16.3550300598, "median": 15.7014188766, "min": 1.64909303188, "var": 37.5287132263}, "melbands_flatness_db": {"dmean": 0.0245704725385, "dmean2": 0.0379792526364, "dvar": 0.000601085834205, "dvar2": 0.00140809011646, "max": 0.544187188148, "mean": 0.192598864436, "median": 0.184063687921, "min": 0.00203442224301, "var": 0.00531726703048}, "melbands_kurtosis": {"dmean": 9.97011089325, "dmean2": 15.7933502197, "dvar": 621.498596191, "dvar2": 1427.60876465, "max": 1794.18212891, "mean": 27.114528656, "median": 10.6640443802, "min": -1.84561884403, "var": 11655.4228516}, "melbands_skewness": {"dmean": 0.830281078815, "dmean2": 1.29807579517, "dvar": 0.886099755764, "dvar2": 2.02153086662, "max": 36.9566040039, "mean": 3.49497628212, "median": 3.02149939537, "min": -4.04555082321, "var": 9.04195785522}, "melbands_spread": {"dmean": 8.14427947998, "dmean2": 12.8287200928, "dvar": 115.476165771, "dvar2": 265.337341309, "max": 196.103012085, "mean": 27.8251514435, "median": 20.4354782104, "min": 0.20200060308, "var": 500.773254395}, "pitch_salience": {"dmean": 0.0712828040123, "dmean2": 0.116598196328, "dvar": 0.00447634002194, "dvar2": 0.0117904338986, "max": 0.935845673084, "mean": 0.511485755444, "median": 0.518017590046, "min": 0.0236016102135, "var": 0.0160921569914}, "silence_rate_20dB": {"dmean": 0, "dmean2": 0, "dvar": 0, "dvar2": 0, "max": 1, "mean": 1, "median": 1, "min": 1, "var": 0}, "silence_rate_30dB": {"dmean": 0.00740131596103, "dmean2": 0.0148041537032, "dvar": 0.00734593998641, "dvar2": 0.0184902828187, "max": 1, "mean": 0.994141221046, "median": 1, "min": 0, "var": 0.00582445133477}, "silence_rate_60dB": {"dmean": 0.00842927675694, "dmean2": 0.0168602857739, "dvar": 0.00835628993809, "dvar2": 0.0190480835736, "max": 1, "mean": 0.10730804503, "median": 0, "min": 0, "var": 0.0958105772734}, "spectral_centroid": {"dmean": 247.764953613, "dmean2": 385.3487854, "dvar": 67271.46875, "dvar2": 145332.578125, "max": 11531.5585938, "mean": 1672.60253906, "median": 1606.38903809, "min": 185.507736206, "var": 622034.0625}, "spectral_complexity": {"dmean": 3.56537818909, "dmean2": 5.43579721451, "dvar": 15.155787468, "dvar2": 30.5398159027, "max": 57, "mean": 20.8802547455, "median": 20, "min": 0, "var": 148.296096802}, "spectral_decrease": {"dmean": 2.58224353011e-09, "dmean2": 4.15334833193e-09, "dvar": 1.83996434182e-17, "dvar2": 4.67360553338e-17, "max": 1.03263717312e-28, "mean": -7.19807946581e-09, "median": -6.0937739299e-09, "min": -5.6442608809e-08, "var": 3.51881077481e-17}, "spectral_energy": {"dmean": 0.0100714853033, "dmean2": 0.016140602529, "dvar": 0.000274963153061, "dvar2": 0.000697140640114, "max": 0.218188688159, "mean": 0.0293450895697, "median": 0.0253232717514, "min": 1.02888876648e-20, "var": 0.000550426600967}, "spectral_energyband_high": {"dmean": 0.000505781266838, "dmean2": 0.000713885005098, "dvar": 9.32551643018e-07, "dvar2": 1.69067607203e-06, "max": 0.023357424885, "mean": 0.00147375115193, "median": 0.000710754888132, "min": 7.4675393853e-21, "var": 4.6480081437e-06}, "spectral_energyband_low": {"dmean": 0.00714473798871, "dmean2": 0.0116556063294, "dvar": 0.000197287692572, "dvar2": 0.000508591299877, "max": 0.19688038528, "mean": 0.014930925332, "median": 0.00976413208991, "min": 2.67976396602e-23, "var": 0.000299035134958}, "spectral_energyband_middle_high": {"dmean": 0.00136972602922, "dmean2": 0.00208215578459, "dvar": 4.58733347841e-06, "dvar2": 1.04849004856e-05, "max": 0.047455240041, "mean": 0.00526752742007, "median": 0.00322027411312, "min": 1.27011846301e-21, "var": 3.02372027363e-05}, "spectral_energyband_middle_low": {"dmean": 0.00400031683967, "dmean2": 0.00648098904639, "dvar": 6.21777944616e-05, "dvar2": 0.000160623647389, "max": 0.115004241467, "mean": 0.00833433307707, "median": 0.00544374389574, "min": 2.06505281465e-22, "var": 9.61385085247e-05}, "spectral_entropy": {"dmean": 0.114392064512, "dmean2": 0.173731580377, "dvar": 0.0139032490551, "dvar2": 0.0309041943401, "max": 9.81692218781, "mean": 7.7961306572, "median": 7.84803676605, "min": 6.07390213013, "var": 0.126421764493}, "spectral_flux": {"dmean": 0.0234757140279, "dmean2": 0.0365990586579, "dvar": 0.00097535335226, "dvar2": 0.00208760681562, "max": 0.402263432741, "mean": 0.0783210620284, "median": 0.0700660571456, "min": 6.46327713572e-11, "var": 0.0025895468425}, "spectral_kurtosis": {"dmean": 1.04496610165, "dmean2": 1.75829577446, "dvar": 1.79066669941, "dvar2": 5.18104076385, "max": 18.43775177, "mean": 3.45286250114, "median": 3.13047170639, "min": -1.22448384762, "var": 3.73532366753}, "spectral_rms": {"dmean": 0.000820816552732, "dmean2": 0.00128558638971, "dvar": 1.20003790016e-06, "dvar2": 2.86464864985e-06, "max": 0.0145899625495, "mean": 0.00484015746042, "median": 0.0049704760313, "min": 3.16827076727e-12, "var": 5.20235835211e-06}, "spectral_rolloff": {"dmean": 537.627746582, "dmean2": 882.143920898, "dvar": 711810.1875, "dvar2": 1577660.875, "max": 19099.9511719, "mean": 1767.5489502, "median": 1227.39257812, "min": 43.06640625, "var": 3128601.5}, "spectral_skewness": {"dmean": 0.156448602676, "dmean2": 0.254241973162, "dvar": 0.0264180675149, "dvar2": 0.0706957727671, "max": 2.69673705101, "mean": 1.31353533268, "median": 1.29910075665, "min": -0.0610877722502, "var": 0.109399817884}, "spectral_spread": {"dmean": 462050.59375, "dmean2": 674822.75, "dvar": 364920340480, "dvar2": 719274639360, "max": 41357904, "mean": 4907649, "median": 4692596.5, "min": 1623571, "var": 3229042868220.0}, "spectral_strongpeak": {"dmean": 0.450774908066, "dmean2": 0.7978951931, "dvar": 1.38357067108, "dvar2": 3.56817889214, "max": 19.1677303314, "mean": 0.750700831413, "median": 0.383851915598, "min": 0, "var": 1.92140829563}, "zerocrossingrate": {"dmean": 0.0104850465432, "dmean2": 0.0122764054686, "dvar": 0.000133559980895, "dvar2": 0.000166942714714, "max": 0.52197265625, "mean": 0.0692772194743, "median": 0.06103515625, "min": 0.00146484375, "var": 0.00201960350387}, "barkbands": {"dmean": [0.000352949748049, 0.00454347021878, 0.00303792511113, 0.00115964224096, 0.00191820960026, 0.000607045192737, 0.000578690029215, 0.000620297912974, 0.000354003714165, 0.000327504822053, 0.000173350679688, 0.00021630973788, 0.000262572197244, 0.000200565598789, 0.000347656721715, 0.000381731224479, 0.00044586029253, 0.000194466090761, 0.00013453529391, 0.000154780398589, 0.000204755589948, 0.000122672019643, 0.000118911804748, 6.18223275524e-05, 4.71967250633e-05, 4.26706392318e-05, 5.7737820498e-06], "dmean2": [0.000584492634516, 0.00743242166936, 0.00516920071095, 0.00202496745624, 0.00317731313407, 0.000986888655461, 0.000942305894569, 0.00094929948682, 0.000539565749932, 0.00050247728359, 0.000269497424597, 0.00034486775985, 0.000419787771534, 0.000321722909575, 0.000555031467229, 0.000609391194303, 0.000691728550009, 0.000316015444696, 0.000214188228711, 0.000251752906479, 0.000320515682688, 0.000191644328879, 0.000177836016519, 9.18240330066e-05, 6.77824064041e-05, 6.65316547384e-05, 8.79715480551e-06], "dvar": [1.04303342141e-06, 8.70221774676e-05, 3.81944337278e-05, 6.82349491399e-06, 1.46082002175e-05, 1.5504087969e-06, 2.86374574898e-06, 2.82251562567e-06, 1.21677430798e-06, 1.13993326067e-06, 3.48503732539e-07, 2.13318074316e-07, 4.00339757789e-07, 2.2142170053e-07, 7.02048225776e-07, 7.21375158719e-07, 1.23826964682e-06, 1.382039585e-07, 8.71574812322e-08, 7.14840595606e-08, 2.17357907673e-07, 5.6955784089e-08, 6.51065477086e-08, 1.43010909781e-08, 1.31117454671e-08, 1.9918955374e-08, 2.17708490124e-10], "dvar2": [2.64064692601e-06, 0.000223276219913, 0.000106723317003, 1.9026818336e-05, 3.8802070776e-05, 3.75720333068e-06, 6.88343970978e-06, 6.20124092165e-06, 2.69575525635e-06, 2.51727533396e-06, 7.42127042486e-07, 5.01901411099e-07, 9.93635126179e-07, 5.39462234883e-07, 1.74671515651e-06, 1.67747748492e-06, 2.69021120403e-06, 3.55590856316e-07, 1.98678137053e-07, 1.76137405106e-07, 4.80837627492e-07, 1.31063657705e-07, 1.37740428841e-07, 3.07588550186e-08, 2.47526781294e-08, 5.10895183936e-08, 4.78468320519e-10], "max": [0.0172898005694, 0.147485911846, 0.0885272473097, 0.056537847966, 0.0568391233683, 0.0236882772297, 0.0342798531055, 0.0527003929019, 0.0320932269096, 0.0449024625123, 0.0286623165011, 0.0110267344862, 0.0160012450069, 0.0118098286912, 0.0247641764581, 0.025762649253, 0.0381262041628, 0.00870718155056, 0.0138798756525, 0.00731256045401, 0.0105260172859, 0.00454494357109, 0.00551897613332, 0.002074863296, 0.00320510263555, 0.00264134327881, 0.000299993116641], "mean": [0.000316234159982, 0.00883029680699, 0.00524403480813, 0.00130515987985, 0.00305398297496, 0.00110325985588, 0.000752030930016, 0.00123350520153, 0.000656985328533, 0.000645877036732, 0.000314551929478, 0.000399305048632, 0.000500500493217, 0.000362560851499, 0.000651370326523, 0.000751955260057, 0.000892417156138, 0.000407639658079, 0.000288006820483, 0.000342368526617, 0.000436064961832, 0.00026715369313, 0.00026781874476, 0.000144364050357, 0.000106488194433, 6.23563464615e-05, 8.79480649019e-06], "median": [4.18274212279e-05, 0.00538659654558, 0.00258171348833, 0.000614741933532, 0.00179875257891, 0.000530676334165, 0.000176475776243, 0.000191057231859, 0.000131866501761, 0.00015052096569, 8.46781258588e-05, 0.000154719600687, 0.00018877684488, 0.000157271861099, 0.000239412242081, 0.00027888698969, 0.000299891340546, 0.000213496430661, 0.00016033713473, 0.00019251347112, 0.000182750722161, 0.000113887508633, 9.34904528549e-05, 6.9591558713e-05, 3.68631517631e-05, 1.62764099514e-05, 2.02411865757e-06], "min": [8.65646653583e-25, 1.020141512e-23, 2.26192552544e-24, 1.26013311532e-24, 2.25785480596e-23, 3.37703401807e-23, 3.27711121602e-23, 1.80499137506e-23, 1.40255493089e-23, 5.82135045625e-23, 3.65305329337e-23, 3.15821157603e-23, 4.79060649591e-23, 5.94169970704e-23, 8.26035438954e-23, 7.19261979473e-23, 5.52632341967e-23, 1.1611208323e-22, 2.55401177534e-22, 2.1389429544e-22, 3.06549605964e-22, 3.56937951135e-22, 4.92742261856e-22, 6.94807733173e-22, 9.71121449221e-22, 1.5459201894e-21, 2.15261213422e-21], "var": [9.17219608709e-07, 0.000131579465233, 5.02678922203e-05, 5.65274740438e-06, 1.79097769433e-05, 3.09866959469e-06, 4.04611409976e-06, 1.31369333758e-05, 3.81450422537e-06, 2.85680357592e-06, 1.06429456537e-06, 5.30497402451e-07, 1.13020325898e-06, 4.70902108418e-07, 1.51137635385e-06, 2.16102898776e-06, 4.15582098867e-06, 3.63357543165e-07, 2.02202343758e-07, 1.89009028873e-07, 6.24613051059e-07, 1.63504708439e-07, 2.22242917403e-07, 4.44192309601e-08, 4.90778084838e-08, 2.26378311652e-08, 3.80252690446e-10]}, "erbbands": {"dmean": [0.0984502062201, 1.21532678604, 3.80808663368, 2.88958787918, 5.63898277283, 7.03134965897, 7.26936006546, 4.45694971085, 6.00667190552, 10.5458421707, 13.2493524551, 7.72481489182, 9.67285442352, 9.06069946289, 6.40983915329, 9.45007896423, 11.7840852737, 9.11183929443, 14.081366539, 21.5104694366, 19.9900035858, 17.3487091064, 10.5249147415, 7.28337669373, 6.36139059067, 7.52250099182, 8.57129669189, 6.92115449905, 3.82072806358, 4.76499271393, 2.92162847519, 1.7739751339, 0.926799893379, 0.6034116745, 0.31400051713, 0.152015730739, 0.112871266901, 0.0106221754104, 0.00107824453153, 5.49025207874e-05], "dmean2": [0.160051271319, 2.0203101635, 6.48051309586, 5.0072851181, 9.47305965424, 11.8465566635, 12.092250824, 7.25211811066, 9.70938301086, 16.9644699097, 20.023065567, 11.7990694046, 14.6876688004, 14.0400352478, 9.98324680328, 15.0882101059, 18.7238807678, 14.578125, 22.479183197, 33.8405342102, 31.7255859375, 26.9065647125, 16.9808673859, 11.6633930206, 10.0849599838, 12.228058815, 13.7009677887, 10.632443428, 5.9996099472, 7.34337663651, 4.36726951599, 2.64627933502, 1.37523436546, 0.869425237179, 0.455548584461, 0.224989205599, 0.182344391942, 0.0164311006665, 0.00163390312809, 8.44908645377e-05], "dvar": [0.050250697881, 6.63797044754, 65.3718719482, 29.7493438721, 159.110610962, 216.785568237, 194.368728638, 104.841506958, 285.273376465, 726.879272461, 1590.74060059, 540.923095703, 802.839050293, 963.167358398, 335.113433838, 368.527404785, 865.882385254, 331.399017334, 1475.07739258, 2558.84692383, 1856.45910645, 1355.91394043, 372.860748291, 162.952957153, 271.647064209, 163.890014648, 259.527282715, 344.083282471, 53.8517951965, 114.726150513, 33.7200126648, 12.7347412109, 3.55329418182, 2.30534958839, 0.528876781464, 0.119951061904, 0.24074062705, 0.00105800433084, 8.41814016894e-06, 1.82390351711e-08], "dvar2": [0.129421249032, 17.8398571014, 182.236923218, 82.6641082764, 415.428466797, 596.14440918, 525.373535156, 235.696853638, 630.926391602, 1802.07849121, 3343.29467773, 1234.91357422, 1650.60803223, 2219.38061523, 743.324768066, 907.567810059, 2121.61791992, 805.093322754, 3701.58081055, 5868.32568359, 4408.12744141, 3101.01293945, 945.457092285, 392.991424561, 600.785705566, 407.315948486, 623.787597656, 738.575500488, 127.039001465, 255.041305542, 70.1248168945, 27.1417064667, 7.58606290817, 4.59012126923, 1.02232706547, 0.263140976429, 0.642461240292, 0.00258529232815, 1.90382688743e-05, 4.24132018395e-08], "max": [4.9832406044, 38.693901062, 121.994682312, 117.682113647, 229.099243164, 222.571105957, 247.132751465, 260.139373779, 465.101898193, 547.864807129, 1521.09570312, 708.806274414, 1361.3815918, 1401.66223145, 599.411621094, 377.937225342, 877.532897949, 612.880859375, 1391.82275391, 1435.44934082, 1067.42346191, 1139.44519043, 495.123321533, 261.68258667, 893.090759277, 292.10559082, 337.83114624, 515.632751465, 126.333717346, 302.210998535, 119.368537903, 80.0847396851, 39.6571960449, 42.9134712219, 21.9849338531, 9.62050437927, 10.1999807358, 0.516787350178, 0.0533116348088, 0.00405275542289], "mean": [0.157849863172, 2.29203033447, 6.85976362228, 4.39036798477, 7.27736520767, 10.4594068527, 11.5800390244, 8.21024036407, 8.95795631409, 15.8541278839, 28.2121753693, 15.875749588, 19.550983429, 18.5014190674, 13.1191625595, 18.6935043335, 23.5894947052, 18.9323196411, 28.1176948547, 43.4487457275, 44.3441200256, 38.7207756042, 24.6732158661, 16.8918933868, 14.0530757904, 16.9519710541, 18.6906204224, 14.4894647598, 8.58312034607, 9.80440616608, 6.7771987915, 4.04980802536, 2.1234793663, 1.33595561981, 0.664199829102, 0.275545090437, 0.133299231529, 0.0157541632652, 0.00162279268261, 0.000105324725155], "median": [0.0759252533317, 1.29961776733, 3.26336407661, 2.92315816879, 3.65402364731, 5.24306583405, 5.94299459457, 3.66927075386, 3.02655076981, 3.82122135162, 4.2672085762, 3.63217878342, 5.28520584106, 4.51191711426, 4.72262048721, 8.15286254883, 9.6846704483, 9.30547046661, 10.6709709167, 16.1127033234, 16.7335262299, 15.8468914032, 13.0140323639, 9.6941986084, 7.83970022202, 9.61772727966, 9.45081996918, 5.1136136055, 3.92217707634, 3.37700009346, 2.53636527061, 1.75165987015, 0.990858376026, 0.479499578476, 0.226473614573, 0.0852392911911, 0.0267791617662, 0.00392048992217, 0.000373793940526, 5.56482082175e-05], "min": [2.21462866778e-22, 1.32516494979e-21, 2.61935667084e-21, 4.33413923916e-21, 1.7087310636e-20, 6.55953256402e-20, 1.51633489542e-19, 2.78055211946e-19, 3.18770670208e-19, 3.95725867533e-19, 7.35471098039e-19, 4.16790357874e-19, 1.10235010153e-18, 1.27111324787e-18, 1.25687136907e-18, 1.87478769435e-18, 2.34756711616e-18, 4.25087496406e-18, 2.79583841718e-18, 3.52702947594e-18, 4.72795386389e-18, 3.69474199949e-18, 6.39662241846e-18, 1.06062727687e-17, 1.2004002036e-17, 1.06128910408e-17, 1.12981969434e-17, 1.3166343825e-17, 1.2598752341e-17, 1.40700609781e-17, 1.43277310477e-17, 1.02701131852e-17, 9.69691672541e-18, 9.447083365e-18, 7.04324273818e-18, 5.22257809169e-18, 2.84066043944e-18, 1.12258056117e-18, 2.96893345668e-19, 3.04555590768e-20], "var": [0.0657659024, 9.10046195984, 87.7039337158, 31.7078971863, 154.706039429, 273.965911865, 288.597595215, 228.685943604, 456.027893066, 1251.67700195, 9229.93652344, 1883.6385498, 2751.81860352, 2516.45605469, 1160.68017578, 932.921142578, 2587.2746582, 868.802062988, 2770.6315918, 7473.34667969, 6008.12402344, 5000.609375, 1208.39978027, 493.969177246, 574.943237305, 444.869812012, 730.634033203, 948.016357422, 153.860107422, 315.604187012, 118.298118591, 42.0340003967, 10.8131122589, 7.78356981277, 1.79774391651, 0.282041609287, 0.20236389339, 0.00137109099887, 1.35902537295e-05, 2.85657879573e-08]}, "gfcc": {"mean": [-16.7602272034, 76.1433563232, -107.309539795, 48.5466346741, -42.7515335083, 15.7394866943, -35.1624259949, 6.51867437363, -20.0879650116, 2.5621638298, -17.4679279327, -0.702575922012, -9.81432723999], "cov": [[29032.046875, -997.834411621, -785.300537109, 396.776367188, -725.739746094, 761.021362305, -718.969726562, 253.761901855, -266.783935547, 119.37449646, -487.389434814, 291.919525146, -250.074905396], [-997.834411621, 1756.12316895, -412.056732178, -104.740745544, 81.1027984619, -282.422393799, 206.8565979, -39.0524520874, 37.6325836182, -157.514770508, 148.500930786, -172.078140259, 153.031021118], [-785.300537109, -412.056732178, 649.784240723, 25.1925506592, 2.70350670815, 101.54776001, 50.3691940308, 51.3983459473, -4.83758163452, 53.0054512024, -20.3332595825, 62.9159698486, -27.7712726593], [396.776367188, -104.740745544, 25.1925506592, 334.068817139, 78.7169952393, 86.0245132446, -34.9341201782, -43.6570549011, 34.3893928528, 41.2719268799, 7.23801136017, 6.8407959938, 12.9062013626], [-725.739746094, 81.1027984619, 2.70350670815, 78.7169952393, 278.577636719, 6.83861160278, 33.368396759, 6.07136631012, 47.9045524597, 24.8767414093, 42.9520797729, 7.91470336914, 34.2966804504], [761.021362305, -282.422393799, 101.54776001, 86.0245132446, 6.83861160278, 252.64074707, 41.1805152893, 53.7598571777, -4.3689994812, 29.6523342133, -13.9668550491, 36.9070205688, -23.685710907], [-718.969726562, 206.8565979, 50.3691940308, -34.9341201782, 33.368396759, 41.1805152893, 185.78918457, 57.1327362061, 21.8048305511, -23.3021736145, 35.2131576538, -19.6730365753, 20.4755382538], [253.761901855, -39.0524520874, 51.3983459473, -43.6570549011, 6.07136631012, 53.7598571777, 57.1327362061, 124.947471619, 32.989906311, 3.28891921043, -9.95757675171, 5.52654790878, -4.10533952713], [-266.783935547, 37.6325836182, -4.83758163452, 34.3893928528, 47.9045524597, -4.3689994812, 21.8048305511, 32.989906311, 93.0589981079, 29.8568820953, 14.1967344284, -11.1836261749, 5.95734786987], [119.37449646, -157.514770508, 53.0054512024, 41.2719268799, 24.8767414093, 29.6523342133, -23.3021736145, 3.28891921043, 29.8568820953, 83.0534820557, 14.6214981079, 21.959274292, -14.1037950516], [-487.389434814, 148.500930786, -20.3332595825, 7.23801136017, 42.9520797729, -13.9668550491, 35.2131576538, -9.95757675171, 14.1967344284, 14.6214981079, 79.4433822632, 7.90831613541, 21.2938690186], [291.919525146, -172.078140259, 62.9159698486, 6.8407959938, 7.91470336914, 36.9070205688, -19.6730365753, 5.52654790878, -11.1836261749, 21.959274292, 7.90831613541, 75.7466659546, 6.6086063385], [-250.074905396, 153.031021118, -27.7712726593, 12.9062013626, 34.2966804504, -23.685710907, 20.4755382538, -4.10533952713, 5.95734786987, -14.1037950516, 21.2938690186, 6.6086063385, 75.4580993652]], "icov": [[7.32462794986e-05, -0.000172004569322, 0.000128053201479, -0.000132719331305, 0.000145369500387, -0.000232814534684, 0.000290666415822, -0.000322482694173, 0.000236862440943, -0.000311996031087, 0.00052817753749, -0.000521279813256, 0.000245424424065], [-0.000172004569322, 0.00226134364493, 0.00018592030392, 0.000323654239764, -0.000335666321917, 0.00160958617926, -0.00181591918226, 0.000779109133873, -0.00070601812331, 0.00265913689509, -0.0039619714953, 0.00410755258054, -0.00263903243467], [0.000128053201479, 0.00018592030392, 0.00235189544037, -0.000487066834467, 0.000264765083557, -2.84243942588e-05, -0.00102513004094, -0.000892065640073, 0.00101604301017, -0.00146055384539, 0.00141155940946, -0.00181353697553, 0.000503879564349], [-0.000132719331305, 0.000323654239764, -0.000487066834467, 0.00499091902748, -0.00116837746464, -0.0021856080275, 0.000778820773121, 0.00346361007541, -0.002802379895, 9.00591694517e-05, -0.000852443452459, 0.00216232310049, -0.00201775645837], [0.000145369500387, -0.000335666321917, 0.000264765083557, -0.00116837746464, 0.00487332930788, -0.000268150499323, 4.37708622485e-05, -0.000759142276365, -0.000989519641735, -0.00107689911965, -0.000371556525351, -0.0014759056503, -0.000781602284405], [-0.000232814534684, 0.00160958617926, -2.84243942588e-05, -0.0021856080275, -0.000268150499323, 0.00827980134636, -0.00420156074688, -0.00203244457953, 0.00192142813466, 9.81976336334e-05, -0.00151390268002, 0.000208063836908, 0.000353520794306], [0.000290666415822, -0.00181591918226, -0.00102513004094, 0.000778820773121, 4.37708622485e-05, -0.00420156074688, 0.0118782995269, -0.00418271357194, -0.000518921122421, 0.00184403569438, -0.00208137673326, 0.000550920376554, 0.000270804826869], [-0.000322482694173, 0.000779109133873, -0.000892065640073, 0.00346361007541, -0.000759142276365, -0.00203244457953, -0.00418271357194, 0.0151964407414, -0.0073259701021, 0.00202258164063, 0.00105333374813, 0.000650764326565, -0.00129851256497], [0.000236862440943, -0.00070601812331, 0.00101604301017, -0.002802379895, -0.000989519641735, 0.00192142813466, -0.000518921122421, -0.0073259701021, 0.0188153833151, -0.008575392887, 0.00147414312232, 0.00154982239474, 0.00022516323952], [-0.000311996031087, 0.00265913689509, -0.00146055384539, 9.00591694517e-05, -0.00107689911965, 9.81976336334e-05, 0.00184403569438, 0.00202258164063, -0.008575392887, 0.0238303039223, -0.0105492603034, 0.00167416385375, 0.00111166527495], [0.00052817753749, -0.0039619714953, 0.00141155940946, -0.000852443452459, -0.000371556525351, -0.00151390268002, -0.00208137673326, 0.00105333374813, 0.00147414312232, -0.0105492603034, 0.02694157511, -0.0116927111521, 0.00209962273948], [-0.000521279813256, 0.00410755258054, -0.00181353697553, 0.00216232310049, -0.0014759056503, 0.000208063836908, 0.000550920376554, 0.000650764326565, 0.00154982239474, 0.00167416385375, -0.0116927111521, 0.02778753452, -0.00941648613662], [0.000245424424065, -0.00263903243467, 0.000503879564349, -0.00201775645837, -0.000781602284405, 0.000353520794306, 0.000270804826869, -0.00129851256497, 0.00022516323952, 0.00111166527495, 0.00209962273948, -0.00941648613662, 0.0206926148385]]}, "melbands": {"dmean": [0.00102284643799, 0.00186814542394, 0.00059684360167, 0.000421664968599, 0.000274402962532, 0.000100075827504, 0.000103417376522, 0.000118655290862, 0.000100963508885, 4.96025641041e-05, 4.93055849802e-05, 3.90090426663e-05, 2.33070313698e-05, 2.44839120569e-05, 2.29387405852e-05, 2.77979779639e-05, 1.76652411028e-05, 2.28139233514e-05, 2.72855922958e-05, 3.13275268127e-05, 2.76368282357e-05, 2.32154416153e-05, 1.32419181682e-05, 1.04932660179e-05, 6.12709709458e-06, 5.56642771699e-06, 4.98503140989e-06, 5.18024762641e-06, 5.8373216234e-06, 6.48446120977e-06, 3.60016997547e-06, 2.1893936264e-06, 2.70214604825e-06, 2.90476418741e-06, 1.88005594737e-06, 1.65356470916e-06, 1.09522227376e-06, 7.15591795597e-07, 5.75095043587e-07, 5.38688993856e-07], "dmean2": [0.00164439936634, 0.00314981630072, 0.00102148123551, 0.000702014891431, 0.000459371542092, 0.000162906100741, 0.000167534890352, 0.000188629084732, 0.000151512707816, 7.58853930165e-05, 7.50715480535e-05, 6.01339052082e-05, 3.61280508514e-05, 3.88835869671e-05, 3.68416003766e-05, 4.44432698714e-05, 2.82826604234e-05, 3.65717314708e-05, 4.30306317867e-05, 4.97306646139e-05, 4.39157593064e-05, 3.61780475941e-05, 2.15568197746e-05, 1.7182319425e-05, 9.87276689557e-06, 8.90956289368e-06, 8.12986490928e-06, 8.46390776132e-06, 9.56547410169e-06, 1.02380518001e-05, 5.65956179344e-06, 3.57272961082e-06, 4.2206092985e-06, 4.55078225059e-06, 2.89746708404e-06, 2.49938716479e-06, 1.69736267708e-06, 1.09042309759e-06, 8.59037413647e-07, 7.95539108367e-07], "dvar": [4.3449849727e-06, 1.57615741045e-05, 1.33067715069e-06, 7.74700254169e-07, 2.6768620387e-07, 4.94099516857e-08, 8.69094520795e-08, 8.32301125797e-08, 1.00784156132e-07, 2.22511058467e-08, 2.14005950738e-08, 1.94371931883e-08, 5.50577095026e-09, 3.03328140383e-09, 2.40730679835e-09, 4.8480122139e-09, 1.39264921817e-09, 3.81511133796e-09, 4.47953274474e-09, 5.25591570266e-09, 4.44052261628e-09, 3.13815351483e-09, 6.9341393738e-10, 5.28569410463e-10, 1.17196502503e-10, 1.91460819421e-10, 1.06093474284e-10, 7.79965050879e-11, 1.30339281035e-10, 3.37313205145e-10, 8.14187051112e-11, 1.70176928105e-11, 3.12416585657e-11, 4.71002785385e-11, 1.42112458953e-11, 1.7187131926e-11, 5.17893627289e-12, 2.01487155953e-12, 2.00574582984e-12, 1.98001619441e-12], "dvar2": [1.06837123894e-05, 4.34871399193e-05, 3.64581228496e-06, 2.05263654607e-06, 7.3539973755e-07, 1.12319675338e-07, 1.98885928171e-07, 2.02290266316e-07, 2.07022125664e-07, 5.0599552992e-08, 4.47686723248e-08, 4.420470745e-08, 1.18302398988e-08, 7.01251723356e-09, 5.88260773426e-09, 1.20039578277e-08, 3.39245054271e-09, 9.44458911079e-09, 1.05461088751e-08, 1.19024070599e-08, 1.02225028442e-08, 7.03605307351e-09, 1.67345903801e-09, 1.40401823501e-09, 2.83401913048e-10, 4.36667840775e-10, 2.54825438528e-10, 1.97269936497e-10, 3.28978816411e-10, 7.66526564444e-10, 1.85252369e-10, 4.31119202837e-11, 7.18081843987e-11, 1.06707573333e-10, 3.21811605142e-11, 3.88835734444e-11, 1.20089476557e-11, 4.56012224509e-12, 4.20296002862e-12, 4.1580441347e-12], "max": [0.0425468310714, 0.0592084042728, 0.0224670339376, 0.0119827073067, 0.00755686871707, 0.00515845604241, 0.00714449537918, 0.00661377282813, 0.0130437240005, 0.00438913702965, 0.00657371617854, 0.0065272692591, 0.00270320195705, 0.00155065546278, 0.00123747601174, 0.00166925007943, 0.00110692542512, 0.00195367936976, 0.00229655019939, 0.00221503037028, 0.0020097089, 0.00189402245451, 0.00116275902838, 0.000520648551174, 0.000233393991948, 0.000655783049297, 0.000367359549273, 0.000221759546548, 0.000271557451924, 0.000493182451464, 0.000265370646957, 8.15862877062e-05, 0.000134445755975, 0.000193895146367, 7.25440550013e-05, 0.000100224177004, 3.70762172679e-05, 2.39246819547e-05, 4.04625825468e-05, 3.85499442928e-05], "mean": [0.00194357137661, 0.0035374595318, 0.000901021645404, 0.000622813531663, 0.000437517825048, 0.00018641706265, 0.000146998791024, 0.000186771838344, 0.000216649306822, 9.67615342233e-05, 9.72815396381e-05, 7.56059816922e-05, 4.35300571553e-05, 4.59939619759e-05, 4.40686162619e-05, 5.22240588907e-05, 3.27844863932e-05, 4.16438924731e-05, 5.16725594935e-05, 6.04660854151e-05, 5.50465701963e-05, 4.63961114292e-05, 2.64409827651e-05, 2.03480685741e-05, 1.27265666379e-05, 1.06943898572e-05, 1.01447358247e-05, 1.09181273729e-05, 1.15382836157e-05, 1.20597342175e-05, 6.85533768774e-06, 4.5101996875e-06, 5.23775997863e-06, 5.59233149033e-06, 3.93550271838e-06, 3.41757231581e-06, 2.17568413063e-06, 1.48618346429e-06, 1.2428475884e-06, 1.09390134639e-06], "median": [0.00121531693731, 0.00195184652694, 0.000601893581916, 0.0003387342731, 0.000233155034948, 8.38245614432e-05, 4.39402720076e-05, 4.19396965299e-05, 2.94847686746e-05, 2.11797068914e-05, 2.50013672485e-05, 1.67005873664e-05, 1.26908144011e-05, 1.71635620063e-05, 2.20173424168e-05, 1.89865404536e-05, 1.55087836902e-05, 1.46658539961e-05, 1.82812291314e-05, 2.05083015317e-05, 1.89084948943e-05, 1.60074014275e-05, 1.29843674586e-05, 9.57964221016e-06, 7.20803018339e-06, 5.43452233615e-06, 5.79679954171e-06, 5.97922871748e-06, 5.95283881921e-06, 4.01254692406e-06, 2.38297275246e-06, 2.16575040213e-06, 1.95343636733e-06, 1.79215692242e-06, 1.47180639942e-06, 1.18348179967e-06, 9.88822421277e-07, 6.9093601951e-07, 5.04852323502e-07, 3.58346284202e-07], "min": [3.652659494e-24, 1.65582318158e-24, 8.91591894325e-25, 2.77687913323e-24, 5.02217369585e-24, 6.27856051073e-24, 5.08563203365e-24, 4.12045243308e-24, 6.03778754069e-24, 2.09108744123e-24, 5.82848538759e-24, 4.08969514081e-24, 3.788676469e-24, 3.54432049272e-24, 3.72604209642e-24, 8.37465702149e-24, 7.36782595955e-24, 3.43829955921e-24, 5.20033438142e-24, 4.82669633012e-24, 5.82204236615e-24, 3.14788948886e-24, 5.79026941547e-24, 5.4432033549e-24, 8.64070903925e-24, 9.56719067369e-24, 7.04744588011e-24, 7.12028456293e-24, 7.15284400794e-24, 6.41635912809e-24, 6.54514816504e-24, 6.59899502157e-24, 7.25928974304e-24, 8.35483531353e-24, 7.70065820838e-24, 5.81200687214e-24, 6.14807226739e-24, 5.95222058716e-24, 5.93329305303e-24, 7.25082447667e-24], "var": [6.92041840011e-06, 2.08269757422e-05, 1.32452805701e-06, 8.92896082405e-07, 3.7018244825e-07, 1.09345549504e-07, 1.3226068063e-07, 1.6097168043e-07, 6.17003308889e-07, 8.00791966071e-08, 7.01422280258e-08, 4.67229241963e-08, 1.82523098857e-08, 7.79406761353e-09, 5.50417400547e-09, 1.26876908979e-08, 3.15376968985e-09, 6.90614765375e-09, 1.08200817195e-08, 1.63752229554e-08, 1.3399175991e-08, 1.05234976289e-08, 2.06135930547e-09, 1.17006004885e-09, 3.10579145735e-10, 3.79877407308e-10, 2.14572346002e-10, 1.97903304855e-10, 2.97169927554e-10, 7.98470178864e-10, 1.93535715232e-10, 3.97695106014e-11, 7.65733934593e-11, 1.19553963951e-10, 3.96034524619e-11, 4.62022226033e-11, 1.18762100848e-11, 5.11334204145e-12, 5.79710758564e-12, 5.95668046138e-12]}, "mfcc": {"mean": [-650.68737793, 99.6719818115, 2.44933700562, 34.369758606, 15.9384622574, 13.6290130615, 0.977886259556, 4.68820524216, 3.16326403618, 3.40910625458, -3.38270568848, 3.22761154175, -0.808492481709], "cov": [[17167.03125, 421.944549561, -142.36177063, 351.889709473, 48.8672790527, 359.43548584, -250.467086792, 171.530105591, 47.3318099976, 21.3735599518, -84.3204498291, 72.3991088867, -15.518324852], [421.944549561, 1518.79736328, -193.815689087, 110.719543457, -70.905960083, -173.745361328, 115.34425354, 26.9046421051, 16.9478092194, 29.5579681396, -23.2454681396, -37.3588142395, -32.2834968567], [-142.36177063, -193.815689087, 456.831268311, -0.515945911407, -39.7022705078, 53.8096733093, 26.0143527985, 35.6715736389, 20.1886062622, 5.60390615463, 15.4493989944, -0.342747300863, -4.05306768417], [351.889709473, 110.719543457, -0.515945911407, 233.693313599, 103.060157776, 55.3852844238, -11.6193342209, -27.3123779297, 5.76776981354, 7.62061977386, -15.9456863403, 22.0668678284, 20.1523990631], [48.8672790527, -70.905960083, -39.7022705078, 103.060157776, 211.457809448, 76.3907546997, -5.65902328491, -16.2040901184, 15.3498134613, 11.6788330078, -1.36331498623, 29.5049152374, 24.1648159027], [359.43548584, -173.745361328, 53.8096733093, 55.3852844238, 76.3907546997, 177.585739136, 31.8047447205, 18.4904308319, 6.24984550476, 5.86365795135, 10.2673587799, 30.0297336578, 15.2215108871], [-250.467086792, 115.34425354, 26.0143527985, -11.6193342209, -5.65902328491, 31.8047447205, 135.75958252, 64.1391830444, 25.279045105, 15.5296983719, 12.7129583359, 7.66001558304, -0.909741163254], [171.530105591, 26.9046421051, 35.6715736389, -27.3123779297, -16.2040901184, 18.4904308319, 64.1391830444, 119.029411316, 48.2888565063, 24.0999774933, 17.9127159119, 1.80523145199, 1.55301702023], [47.3318099976, 16.9478092194, 20.1886062622, 5.76776981354, 15.3498134613, 6.24984550476, 25.279045105, 48.2888565063, 88.9271850586, 39.0901603699, 15.0954284668, 4.76317548752, 4.73376989365], [21.3735599518, 29.5579681396, 5.60390615463, 7.62061977386, 11.6788330078, 5.86365795135, 15.5296983719, 24.0999774933, 39.0901603699, 74.7445678711, 31.5730552673, 3.12019062042, 0.124414466321], [-84.3204498291, -23.2454681396, 15.4493989944, -15.9456863403, -1.36331498623, 10.2673587799, 12.7129583359, 17.9127159119, 15.0954284668, 31.5730552673, 73.1715927124, 24.5362033844, 2.85078644753], [72.3991088867, -37.3588142395, -0.342747300863, 22.0668678284, 29.5049152374, 30.0297336578, 7.66001558304, 1.80523145199, 4.76317548752, 3.12019062042, 24.5362033844, 68.3509902954, 31.7463321686], [-15.518324852, -32.2834968567, -4.05306768417, 20.1523990631, 24.1648159027, 15.2215108871, -0.909741163254, 1.55301702023, 4.73376989365, 0.124414466321, 2.85078644753, 31.7463321686, 64.8948669434]], "icov": [[7.72359999246e-05, -6.30307331448e-05, 3.54477997462e-05, -6.11927898717e-05, 9.86639061011e-05, -0.00028256259975, 0.000391212321119, -0.000294723518891, 1.10340715764e-05, -3.92216352338e-05, 0.00015861717111, -0.00016380607849, 0.000122840647236], [-6.30307331448e-05, 0.00113330571912, 0.000392652698793, -0.00105060450733, 0.000348123372532, 0.0015119794989, -0.00168048799969, 0.00020506211149, 0.000105096856714, -0.000319601385854, 2.36458781728e-05, 0.000282889726805, 0.000240273308009], [3.54477997462e-05, 0.000392652698793, 0.0026314642746, -0.000701060343999, 0.00111507205293, -0.000685383565724, -0.000328725727741, -0.000439009978436, -0.000518075190485, 0.000209689256735, -0.000367154221749, 0.000338536599884, 0.000225216324907], [-6.11927898717e-05, -0.00105060450733, -0.000701060343999, 0.0071185361594, -0.0027505971957, -0.0018973541446, 0.0011886494467, 0.00157207762823, -0.000464260956505, -0.000892473559361, 0.0018225183012, -0.00116651691496, -0.000817166175693], [9.86639061011e-05, 0.000348123372532, 0.00111507205293, -0.0027505971957, 0.00773834530264, -0.00253097293898, 0.000362028396921, 0.000775437860284, -0.00158728298265, -0.000714115914889, 0.000684453174472, -0.00117058795877, -0.000521023001056], [-0.00028256259975, 0.0015119794989, -0.000685383565724, -0.0018973541446, -0.00253097293898, 0.0105766039342, -0.00444596493617, -0.000195923654246, 0.00143666646909, -0.000147566664964, -0.000641787657514, -0.00126039772294, 0.000175263965502], [0.000391212321119, -0.00168048799969, -0.000328725727741, 0.0011886494467, 0.000362028396921, -0.00444596493617, 0.0139590809122, -0.00666844984517, 5.60323896934e-05, -0.000316443096381, 0.00088291981956, -0.00214446149766, 0.00113798934035], [-0.000294723518891, 0.00020506211149, -0.000439009978436, 0.00157207762823, 0.000775437860284, -0.000195923654246, -0.00666844984517, 0.015871020034, -0.00648843403906, 0.000107578918687, -0.00177064957097, 0.00178374000825, -0.00152188679203], [1.10340715764e-05, 0.000105096856714, -0.000518075190485, -0.000464260956505, -0.00158728298265, 0.00143666646909, 5.60323896934e-05, -0.00648843403906, 0.0183414444327, -0.00784105435014, 0.00127541110851, -0.000767902994994, -0.000426387530752], [-3.92216352338e-05, -0.000319601385854, 0.000209689256735, -0.000892473559361, -0.000714115914889, -0.000147566664964, -0.000316443096381, 0.000107578918687, -0.00784105435014, 0.0216072779149, -0.00926121417433, 0.00364658934996, -0.000431128544733], [0.00015861717111, 2.36458781728e-05, -0.000367154221749, 0.0018225183012, 0.000684453174472, -0.000641787657514, 0.00088291981956, -0.00177064957097, 0.00127541110851, -0.00926121417433, 0.0215676296502, -0.00966737698764, 0.00311773153953], [-0.00016380607849, 0.000282889726805, 0.000338536599884, -0.00116651691496, -0.00117058795877, -0.00126039772294, -0.00214446149766, 0.00178374000825, -0.000767902994994, 0.00364658934996, -0.00966737698764, 0.0248389281332, -0.0105336811393], [0.000122840647236, 0.000240273308009, 0.000225216324907, -0.000817166175693, -0.000521023001056, 0.000175263965502, 0.00113798934035, -0.00152188679203, -0.000426387530752, -0.000431128544733, 0.00311773153953, -0.0105336811393, 0.0210795570165]]}, "spectral_contrast_coeffs": {"dmean": [0.0494367964566, 0.0440846160054, 0.0338390357792, 0.027983950451, 0.0195848438889, 0.0169031601399], "dmean2": [0.0823636651039, 0.0726686269045, 0.0551977753639, 0.046021990478, 0.032373201102, 0.0272423904389], "dvar": [0.00180639559403, 0.00135892408434, 0.0007651107735, 0.000532118428964, 0.000260329339653, 0.00024977317662], "dvar2": [0.00486010033637, 0.00353355100378, 0.00200062664226, 0.00136314029805, 0.000668287219014, 0.000635163043626], "max": [-0.353793650866, -0.42139673233, -0.473789274693, -0.558325409889, -0.614067733288, -0.63674980402], "mean": [-0.659223854542, -0.744727432728, -0.78467297554, -0.787739217281, -0.799366116524, -0.755605280399], "median": [-0.65758305788, -0.752502918243, -0.793977499008, -0.790543556213, -0.799054741859, -0.752203822136], "min": [-0.974202215672, -0.968909323215, -0.97732001543, -0.96459543705, -0.965017974377, -0.962924480438], "var": [0.00621921615675, 0.00639821076766, 0.00487493071705, 0.00309635535814, 0.00193382368889, 0.00178833573591]}, "spectral_contrast_valleys": {"dmean": [0.402251571417, 0.371040999889, 0.317651003599, 0.245935812593, 0.207143932581, 0.256799161434], "dmean2": [0.667674601078, 0.608763575554, 0.511247992516, 0.383094996214, 0.317320227623, 0.357170760632], "dvar": [0.12509842217, 0.113707616925, 0.0861659646034, 0.0498815774918, 0.0490972921252, 0.126666381955], "dvar2": [0.320451915264, 0.281501680613, 0.20126491785, 0.107247173786, 0.0999877378345, 0.260396212339], "max": [-5.16963243484, -4.78239107132, -5.44593667984, -5.84560537338, -5.45668983459, -7.63540506363