{"lowlevel": {"average_loudness": 0.799827873707, "barkbands_crest": {"dmean": 2.12137842178, "dmean2": 3.44607925415, "dvar": 4.75878620148, "dvar2": 12.80671978, "max": 26.2956867218, "mean": 11.1941242218, "median": 10.4823331833, "min": 1.70113372803, "var": 15.637714386}, "barkbands_flatness_db": {"dmean": 0.0361248403788, "dmean2": 0.0505236312747, "dvar": 0.00181221729144, "dvar2": 0.00373592902906, "max": 0.723568618298, "mean": 0.245770379901, "median": 0.245804965496, "min": 0.00878466386348, "var": 0.0091459127143}, "barkbands_kurtosis": {"dmean": 6.38031673431, "dmean2": 9.9268245697, "dvar": 243.641540527, "dvar2": 517.14642334, "max": 461.89364624, "mean": 14.1633348465, "median": 6.79372215271, "min": -1.93145775795, "var": 741.534606934}, "barkbands_skewness": {"dmean": 0.6549654603, "dmean2": 0.996649086475, "dvar": 0.771979808807, "dvar2": 1.70325624943, "max": 18.5882568359, "mean": 2.27772760391, "median": 1.90107226372, "min": -4.57632493973, "var": 3.40566301346}, "barkbands_spread": {"dmean": 3.66779470444, "dmean2": 5.72220230103, "dvar": 56.6861114502, "dvar2": 121.118537903, "max": 134.008056641, "mean": 9.45626068115, "median": 6.32166194916, "min": 0.110189698637, "var": 159.177108765}, "dissonance": {"dmean": 0.0293542742729, "dmean2": 0.0474098287523, "dvar": 0.00123840640299, "dvar2": 0.00325717730448, "max": 0.500000119209, "mean": 0.420069754124, "median": 0.437144070864, "min": 0.0703253671527, "var": 0.00349762942642}, "dynamic_complexity": 4.24410057068, "erbbands_crest": {"dmean": 1.69651424885, "dmean2": 2.63979268074, "dvar": 4.05327939987, "dvar2": 8.95702552795, "max": 28.3485546112, "mean": 9.64987564087, "median": 8.84521865845, "min": 2.41947007179, "var": 16.7782344818}, "erbbands_flatness_db": {"dmean": 0.0281871668994, "dmean2": 0.0373753644526, "dvar": 0.00116660213098, "dvar2": 0.00219764886424, "max": 0.592871546745, "mean": 0.211293399334, "median": 0.204813614488, "min": 0.0405664592981, "var": 0.00675028143451}, "erbbands_kurtosis": {"dmean": 1.84667599201, "dmean2": 2.86173963547, "dvar": 14.8361740112, "dvar2": 32.8413619995, "max": 128.481414795, "mean": 3.34140634537, "median": 1.9560880661, "min": -1.85003864765, "var": 47.2081298828}, "erbbands_skewness": {"dmean": 0.415944039822, "dmean2": 0.631914138794, "dvar": 0.340360254049, "dvar2": 0.767592430115, "max": 7.06082296371, "mean": 1.03900253773, "median": 1.08231115341, "min": -4.27975130081, "var": 1.00703454018}, "erbbands_spread": {"dmean": 8.75846576691, "dmean2": 13.1710290909, "dvar": 189.793716431, "dvar2": 422.547149658, "max": 153.895553589, "mean": 28.3748569489, "median": 20.7982215881, "min": 0.652660012245, "var": 489.897521973}, "hfc": {"dmean": 5.28590297699, "dmean2": 8.72574234009, "dvar": 148.865036011, "dvar2": 396.853759766, "max": 126.127296448, "mean": 11.1458950043, "median": 7.14292049408, "min": 5.1642643939e-08, "var": 179.57824707}, "melbands_crest": {"dmean": 2.65690612793, "dmean2": 4.31719923019, "dvar": 7.92124938965, "dvar2": 20.8366699219, "max": 34.4649925232, "mean": 14.8530979156, "median": 13.9747428894, "min": 1.89225292206, "var": 25.748840332}, "melbands_flatness_db": {"dmean": 0.0413704439998, "dmean2": 0.058193910867, "dvar": 0.00258475216106, "dvar2": 0.0054245297797, "max": 0.882944047451, "mean": 0.338399708271, "median": 0.33918428421, "min": 0.0225577447563, "var": 0.0126853883266}, "melbands_kurtosis": {"dmean": 12.3091545105, "dmean2": 18.543718338, "dvar": 724.085693359, "dvar2": 1567.87280273, "max": 730.920837402, "mean": 25.9899177551, "median": 9.4322681427, "min": -1.92370927334, "var": 2220.5168457}, "melbands_skewness": {"dmean": 0.825366437435, "dmean2": 1.24566853046, "dvar": 1.39094483852, "dvar2": 3.16970276833, "max": 18.5026817322, "mean": 2.87523007393, "median": 2.17584657669, "min": -5.47673749924, "var": 5.33503246307}, "melbands_spread": {"dmean": 3.59393453598, "dmean2": 5.80839443207, "dvar": 85.4511032104, "dvar2": 203.435714722, "max": 209.276702881, "mean": 9.82618999481, "median": 6.86892032623, "min": 0.263760209084, "var": 237.133880615}, "pitch_salience": {"dmean": 0.0672171115875, "dmean2": 0.109340444207, "dvar": 0.00537705328315, "dvar2": 0.0136943031102, "max": 0.946245968342, "mean": 0.548881173134, "median": 0.560263156891, "min": 0.0395075269043, "var": 0.019130885601}, "silence_rate_20dB": {"dmean": 0, "dmean2": 0, "dvar": 0, "dvar2": 0, "max": 1, "mean": 1, "median": 1, "min": 1, "var": 0}, "silence_rate_30dB": {"dmean": 0.0275605209172, "dmean2": 0.0551278851926, "dvar": 0.0268014613539, "dvar2": 0.0642585679889, "max": 1, "mean": 0.97753226757, "median": 1, "min": 0, "var": 0.0219625607133}, "silence_rate_60dB": {"dmean": 0.0198634397238, "dmean2": 0.0396076478064, "dvar": 0.0194692481309, "dvar2": 0.0427549593151, "max": 1, "mean": 0.0748510435224, "median": 0, "min": 0, "var": 0.0692499577999}, "spectral_centroid": {"dmean": 169.974060059, "dmean2": 266.699584961, "dvar": 123619.757812, "dvar2": 272018.1875, "max": 4449.75878906, "mean": 592.399536133, "median": 461.196533203, "min": 99.5486068726, "var": 245048.1875}, "spectral_complexity": {"dmean": 2.99118566513, "dmean2": 4.8419418335, "dvar": 34.178150177, "dvar2": 80.3268814087, "max": 56, "mean": 10.4843597412, "median": 10, "min": 0, "var": 48.8129272461}, "spectral_decrease": {"dmean": 3.32258176527e-09, "dmean2": 5.51836842888e-09, "dvar": 4.44314573554e-17, "dvar2": 1.20152417661e-16, "max": 2.73535290284e-19, "mean": -7.79055753242e-09, "median": -5.62840174467e-09, "min": -9.21566041256e-08, "var": 5.92316177206e-17}, "spectral_energy": {"dmean": 0.0129474429414, "dmean2": 0.0214942097664, "dvar": 0.000663958664518, "dvar2": 0.00179164123256, "max": 0.352364331484, "mean": 0.0304143875837, "median": 0.0219070333987, "min": 5.03616939818e-12, "var": 0.000895731849596}, "spectral_energyband_high": {"dmean": 0.000292695767712, "dmean2": 0.000499965972267, "dvar": 8.59657916408e-07, "dvar2": 2.3255843189e-06, "max": 0.00968518201262, "mean": 0.000242809328483, "median": 3.32195522788e-05, "min": 3.66259800266e-12, "var": 5.91492266722e-07}, "spectral_energyband_low": {"dmean": 0.00900606624782, "dmean2": 0.0152427731082, "dvar": 0.000495209533256, "dvar2": 0.00136578525417, "max": 0.301613032818, "mean": 0.0130196185783, "median": 0.0072429664433, "min": 4.01627651492e-13, "var": 0.000433274486568}, "spectral_energyband_middle_high": {"dmean": 0.00107718945947, "dmean2": 0.00174565240741, "dvar": 7.54214670451e-06, "dvar2": 1.89774436876e-05, "max": 0.0485538765788, "mean": 0.00235900166444, "median": 0.000791010388639, "min": 6.90324587858e-13, "var": 1.76157318492e-05}, "spectral_energyband_middle_low": {"dmean": 0.00534598343074, "dmean2": 0.00860121008009, "dvar": 8.2290629507e-05, "dvar2": 0.000215259002289, "max": 0.122928574681, "mean": 0.0166921336204, "median": 0.0125281494111, "min": 2.34315496693e-13, "var": 0.00024576971191}, "spectral_entropy": {"dmean": 0.340402662754, "dmean2": 0.46794000268, "dvar": 0.191144585609, "dvar2": 0.377597510815, "max": 9.64434909821, "mean": 6.54922008514, "median": 6.44831943512, "min": 3.50718712807, "var": 0.729931712151}, "spectral_flux": {"dmean": 0.0327593460679, "dmean2": 0.0500835962594, "dvar": 0.00244603049941, "dvar2": 0.00487759988755, "max": 0.478087127209, "mean": 0.0665645450354, "median": 0.0470181256533, "min": 8.37621973915e-06, "var": 0.00396191328764}, "spectral_kurtosis": {"dmean": 11.7869758606, "dmean2": 20.0062351227, "dvar": 2972.94604492, "dvar2": 9819.43652344, "max": 1508.82653809, "mean": 23.6252212524, "median": 10.4897966385, "min": -0.3112449646, "var": 5384.20214844}, "spectral_rms": {"dmean": 0.000995707698166, "dmean2": 0.00156431004871, "dvar": 2.2967321911e-06, "dvar2": 5.68063160244e-06, "max": 0.0185410380363, "mean": 0.00486759701744, "median": 0.00462306383997, "min": 7.00951900967e-08, "var": 5.97889402343e-06}, "spectral_rolloff": {"dmean": 232.853912354, "dmean2": 404.250366211, "dvar": 494171.34375, "dvar2": 1108727.375, "max": 18647.7539062, "mean": 718.90447998, "median": 452.197265625, "min": 64.599609375, "var": 2317884.5}, "spectral_skewness": {"dmean": 0.692280173302, "dmean2": 1.06417858601, "dvar": 1.20786798, "dvar2": 3.50323557854, "max": 31.1801605225, "mean": 3.20177650452, "median": 2.74644994736, "min": 0.363700062037, "var": 6.87164115906}, "spectral_spread": {"dmean": 721218.25, "dmean2": 1033014.8125, "dvar": 837627346944, "dvar2": 1567502237700.0, "max": 35940552, "mean": 3740205.25, "median": 3410379.5, "min": 85351.5078125, "var": 3448033771520.0}, "spectral_strongpeak": {"dmean": 0.276237457991, "dmean2": 0.481685876846, "dvar": 0.189260542393, "dvar2": 0.464036524296, "max": 5.85499048233, "mean": 0.678649604321, "median": 0.455168157816, "min": 0, "var": 0.467045009136}, "zerocrossingrate": {"dmean": 0.00707544060424, "dmean2": 0.00871061254293, "dvar": 0.000126315324451, "dvar2": 0.000178757676622, "max": 0.6142578125, "mean": 0.0304242372513, "median": 0.0224609375, "min": 0.00244140625, "var": 0.00182255334221}, "barkbands": {"dmean": [3.34203396051e-05, 0.00395435327664, 0.00494984257966, 0.00203045085073, 0.00215277727693, 0.00136606534943, 0.000720813812222, 0.000362761697033, 0.000454881781479, 0.000280660198769, 0.000231076483033, 0.000177641384653, 0.000100444369309, 0.00010065259994, 0.000123513571452, 7.80449408921e-05, 7.04390549799e-05, 5.72688695684e-05, 6.57904674881e-05, 5.94985904172e-05, 9.63641577982e-05, 5.84153385716e-05, 4.62559182779e-05, 3.4365337342e-05, 2.14188094105e-05, 8.22086803964e-06, 2.79451251117e-06], "dmean2": [5.21247566212e-05, 0.00647488888353, 0.008834133856, 0.00344737479463, 0.00360166281462, 0.00207676761784, 0.00117849186063, 0.00057989009656, 0.000678209762555, 0.000450311403256, 0.000345163221937, 0.000274069025181, 0.000164945740835, 0.000164495781064, 0.000219459412619, 0.000137970942887, 0.000125003847643, 9.82372075669e-05, 0.000116070244985, 0.000103824633698, 0.000168718397617, 0.000101004116004, 7.90145350038e-05, 5.8612691646e-05, 3.5411274439e-05, 1.36042563099e-05, 4.65114408144e-06], "dvar": [1.3580784497e-08, 6.52830058243e-05, 0.000219980851398, 1.53037581185e-05, 2.26010215556e-05, 9.09483424039e-06, 4.15353542849e-06, 9.02506542388e-07, 1.11552708404e-06, 6.65282357204e-07, 6.29023872989e-07, 2.53648551052e-07, 7.53009175014e-08, 1.10439387413e-07, 2.40219549141e-07, 7.5529058563e-08, 7.74177095764e-08, 3.46002302365e-08, 5.4253415982e-08, 4.26277786403e-08, 1.16581439613e-07, 3.73481583438e-08, 2.10124486699e-08, 1.14064651058e-08, 3.98826305315e-09, 7.11867342851e-10, 1.81528758691e-09], "dvar2": [2.7846187578e-08, 0.000171945037437, 0.00063068291638, 4.27741797466e-05, 6.24291351414e-05, 2.53889647865e-05, 1.00325260064e-05, 2.349835313e-06, 2.20152742259e-06, 1.49199229327e-06, 1.19827586786e-06, 5.2815272511e-07, 1.95038339257e-07, 2.56491034634e-07, 6.70334657116e-07, 2.08638098798e-07, 2.15428073602e-07, 9.31225372369e-08, 1.50437912794e-07, 1.17848443892e-07, 3.22687810694e-07, 1.01723315993e-07, 5.63347377636e-08, 3.05643368392e-08, 1.03041042365e-08, 1.93879845511e-09, 4.81003592512e-09], "max": [0.00694307684898, 0.0868631899357, 0.202496916056, 0.0998827219009, 0.0609386451542, 0.095420897007, 0.0659776329994, 0.0375205352902, 0.0505588687956, 0.0236945264041, 0.0250067207962, 0.0167912263423, 0.00635802466422, 0.0115076722577, 0.00710373139009, 0.00298410328105, 0.00344594707713, 0.00189935939852, 0.00363673944958, 0.00320327957161, 0.00428283354267, 0.0026685546618, 0.00169939559419, 0.00115479947999, 0.00175393652171, 0.00115157838445, 0.00305096106604], "mean": [3.95331517211e-05, 0.00573132839054, 0.00538350455463, 0.00320254336111, 0.00454823160544, 0.00448277918622, 0.00215010577813, 0.000927825283725, 0.00129543372896, 0.000629902409855, 0.000643722014502, 0.000446602964075, 0.0001605675061, 0.000177273657755, 0.000106837513158, 7.07033614162e-05, 5.26949006598e-05, 4.94762280141e-05, 4.8541893193e-05, 4.71666135127e-05, 8.56251135701e-05, 4.51175656053e-05, 3.48254761775e-05, 2.65279104497e-05, 1.83873471542e-05, 6.90734123054e-06, 2.16199146053e-06], "median": [5.23530343344e-06, 0.00238832924515, 0.00211718026549, 0.00178569578566, 0.00256584701128, 0.00209878757596, 0.000755033222958, 0.000311268348014, 0.0004932009615, 0.000155507601448, 8.29660566524e-05, 8.34447564557e-05, 3.25083419739e-05, 2.82658565993e-05, 5.45188868273e-06, 4.05066703024e-06, 6.33378067505e-06, 2.08115693567e-06, 3.94121298086e-06, 2.90202819997e-06, 6.99972133589e-06, 1.9376882392e-06, 2.19544926949e-06, 2.7597677672e-06, 2.52097470366e-06, 5.86472708619e-07, 2.29223076076e-08], "min": [9.16101233501e-14, 1.15574989358e-13, 1.45377992684e-14, 1.37787959143e-14, 3.25577272661e-14, 3.22810016023e-14, 8.0386552246e-15, 1.26603202477e-14, 9.6176355996e-14, 5.99530326642e-14, 3.90279442878e-14, 1.10004053663e-13, 8.73880029212e-14, 5.44581977983e-14, 2.80785357259e-14, 7.24408936157e-14, 5.04112844405e-14, 4.40658963583e-14, 8.2499606376e-14, 1.1336061484e-13, 1.15257656934e-13, 1.28139767677e-13, 2.00379453698e-13, 2.60302684355e-13, 5.68908364428e-13, 9.98124000985e-13, 1.38681926186e-12], "var": [1.77580687932e-08, 8.45005633892e-05, 0.000148180304677, 1.93383093574e-05, 3.50351256202e-05, 5.06077158207e-05, 2.70256296062e-05, 2.55498798651e-06, 5.23061089552e-06, 3.02729358737e-06, 3.49288370671e-06, 1.35124844292e-06, 1.16671252215e-07, 2.58841708956e-07, 1.6832605354e-07, 5.3927813326e-08, 4.83720512534e-08, 2.4773274987e-08, 3.48583029108e-08, 2.91431430099e-08, 7.62608323157e-08, 2.58356926963e-08, 1.46564298475e-08, 7.92144216888e-09, 3.14055270678e-09, 5.14156550668e-10, 1.31079336274e-09]}, "erbbands": {"dmean": [0.0604526028037, 1.10223293304, 4.94543075562, 6.67250108719, 7.37527608871, 7.27210903168, 8.85223674774, 10.6250247955, 10.3196115494, 10.0479259491, 8.04690074921, 8.74624538422, 10.3659105301, 9.57432937622, 6.57623624802, 6.13362455368, 4.67133522034, 5.59814882278, 4.46331787109, 6.91938304901, 4.19901323318, 3.82789731026, 2.84250211716, 3.24587750435, 3.6026597023, 2.83159971237, 4.1329460144, 3.01035118103, 2.11262965202, 1.98987722397, 1.17771697044, 0.860437691212, 0.490848869085, 0.285623729229, 0.130830124021, 0.0432588979602, 0.0130682541057, 0.00365473935381, 0.00056510680588, 3.13874370477e-05], "dmean2": [0.0961282774806, 1.82529330254, 8.72863101959, 11.5600013733, 12.5728244781, 11.7257289886, 13.71459198, 16.3301429749, 16.745759964, 16.2317218781, 12.0483074188, 13.3204116821, 16.4587497711, 14.4049654007, 10.3300361633, 9.59138202667, 7.47543811798, 9.26142406464, 7.68718671799, 12.3825731277, 7.39208221436, 6.77015066147, 4.9062743187, 5.67800045013, 6.41830301285, 4.91480398178, 7.27733135223, 5.23429536819, 3.6982228756, 3.40466618538, 1.99414587021, 1.47828388214, 0.831539869308, 0.478960454464, 0.21576975286, 0.0714444369078, 0.0214644707739, 0.00626423209906, 0.000919386686292, 5.14274797752e-05], "dvar": [0.0139419892803, 5.5956454277, 217.241989136, 231.615905762, 304.276763916, 206.169326782, 358.821014404, 499.503631592, 573.015930176, 1221.54345703, 411.385620117, 482.204650879, 552.195556641, 857.178466797, 311.823760986, 280.860198975, 136.478256226, 416.706634521, 200.932998657, 861.959777832, 223.469604492, 207.46282959, 88.4313659668, 125.864425659, 177.361572266, 90.2684249878, 256.969909668, 91.3232345581, 55.7063865662, 42.669670105, 11.9373807907, 8.19456577301, 2.11311006546, 0.682555437088, 0.170350193977, 0.0148222753778, 0.00177469674964, 0.00147251959424, 7.25948048057e-05, 9.4463359801e-08], "dvar2": [0.0347707867622, 14.8780126572, 619.70513916, 648.780151367, 853.867004395, 539.700439453, 1035.28015137, 1264.11779785, 1456.86755371, 2686.64575195, 959.617248535, 975.941223145, 1279.01391602, 1623.76269531, 694.372009277, 647.40423584, 331.918579102, 982.401977539, 535.841308594, 2441.27856445, 613.696838379, 578.148071289, 240.790985107, 344.623535156, 496.174835205, 248.827194214, 715.524780273, 250.409255981, 154.465118408, 114.864631653, 31.5443592072, 22.2271137238, 5.6113781929, 1.79281949997, 0.434944957495, 0.0395490899682, 0.0048370747827, 0.00415549008176, 0.000179414913873, 2.55288625794e-07], "max": [1.6722278595, 27.8030815125, 172.802566528, 358.063934326, 217.531707764, 185.97416687, 478.977600098, 677.71295166, 712.066040039, 1506.78747559, 661.842529297, 1402.5168457, 527.984130859, 916.548095703, 490.66595459, 460.27935791, 367.513824463, 758.850646973, 204.01423645, 440.471191406, 145.488082886, 182.12020874, 107.841743469, 132.482543945, 242.009994507, 116.381011963, 228.165222168, 106.420837402, 95.4239654541, 90.8714599609, 33.8013343811, 34.50340271, 13.9474287033, 12.145606041, 16.0077323914, 1.52889811993, 1.86765158176, 2.59432125092, 0.626626193523, 0.0217175092548], "mean": [0.0910200998187, 1.55640554428, 5.77325773239, 9.57700634003, 11.5839195251, 17.2920627594, 24.8936271667, 36.4308891296, 33.4562301636, 29.1137046814, 21.5335865021, 24.4369106293, 25.4176158905, 27.850358963, 15.7838230133, 14.8870973587, 9.4951171875, 9.32430076599, 5.11497068405, 6.22989320755, 3.59131908417, 2.97805428505, 2.44879102707, 2.60076999664, 2.57135248184, 2.31740760803, 3.22418236732, 3.00857520103, 1.60433554649, 1.54401934147, 0.892531692982, 0.643505692482, 0.392401963472, 0.238460347056, 0.112644948065, 0.03792244941, 0.0107422647998, 0.00270446250215, 0.000459315459011, 4.84334814246e-05], "median": [0.0342989526689, 0.65901350975, 2.58671116829, 5.63010978699, 6.17982387543, 9.7648525238, 9.91790962219, 15.9020767212, 16.230140686, 9.7684841156, 9.23857593536, 10.1602401733, 8.26887702942, 6.33644866943, 3.59571933746, 3.28943347931, 2.21382761002, 1.70171785355, 0.666820287704, 0.360945284367, 0.248390465975, 0.443806231022, 0.158895939589, 0.223179921508, 0.179258108139, 0.129344820976, 0.259999126196, 0.238577753305, 0.118941411376, 0.117526315153, 0.0411242395639, 0.0477864593267, 0.0520784109831, 0.0338144898415, 0.0135603081435, 0.00418947357684, 0.000611804309301, 6.19826460024e-05, 2.2296091629e-05, 2.71426961262e-05], "min": [1.28590593035e-11, 1.75472813363e-11, 1.32975505607e-11, 4.02722473425e-11, 7.77129263718e-11, 1.08084624584e-10, 2.82883133584e-10, 3.71166652968e-10, 1.10567645317e-10, 2.60999166724e-10, 4.30958935205e-10, 2.67661426356e-09, 1.79106951492e-09, 1.65540581243e-09, 2.20235296666e-09, 4.78319339692e-09, 3.98075172825e-09, 2.84068701895e-09, 2.28798513469e-09, 1.8585216699e-09, 3.63440300077e-09, 3.24402926744e-09, 2.20810592033e-09, 3.64687169352e-09, 4.60831639515e-09, 5.64970203953e-09, 5.08242292696e-09, 3.85554255189e-09, 3.10242231905e-09, 5.94871618631e-09, 5.82717385456e-09, 5.60687363205e-09, 4.65733140942e-09, 5.05074648771e-09, 4.45297088092e-09, 2.29289587317e-09, 2.39696840154e-09, 9.24088083831e-10, 2.2126524224e-10, 1.86982009737e-11], "var": [0.0228332336992, 6.72027158737, 154.396026611, 199.718170166, 316.94342041, 457.392120361, 1590.58007812, 3418.90356445, 3010.87011719, 9045.5703125, 1291.5447998, 1924.60424805, 2254.77148438, 4766.21679688, 1358.69030762, 1150.06140137, 360.203613281, 828.540710449, 226.985031128, 579.368164062, 154.577026367, 130.052642822, 61.1017341614, 83.5411071777, 109.756492615, 64.560760498, 163.594284058, 65.0412597656, 36.076915741, 30.3199748993, 8.68875408173, 5.4941110611, 1.50865459442, 0.508539915085, 0.140194997191, 0.0112149659544, 0.00128353666514, 0.00091976049589, 6.01106657996e-05, 6.73504914062e-08]}, "gfcc": {"mean": [-89.5807342529, 142.711380005, -74.8863372803, 19.8887138367, -63.865070343, 11.6833982468, -29.8832454681, -2.68449783325, -23.3524131775, -0.948973536491, -13.482257843, -6.54004859924, -5.45590639114], "cov": [[18458.2695312, -645.053771973, -2439.04272461, -134.966110229, -1108.05944824, 490.420959473, -162.847183228, 319.196289062, -276.247833252, 135.714752197, -300.003448486, 170.936752319, -112.282585144], [-645.053771973, 2473.82226562, 201.368133545, -740.665100098, -68.3834152222, -289.555908203, 229.368057251, -274.940093994, 189.6068573, -98.3508911133, 158.690048218, -89.0865936279, 247.902755737], [-2439.04272461, 201.368133545, 1323.87219238, 279.862548828, 173.621292114, -116.118423462, -52.1579246521, 4.68150043488, -54.9358215332, -36.1947174072, 60.0818023682, 4.45038557053, -16.6842403412], [-134.966110229, -740.665100098, 279.862548828, 896.638244629, 148.440460205, 102.055381775, -87.4609069824, 164.37890625, -55.0805625916, -2.17223381996, -23.5520057678, -42.2245597839, -71.6739044189], [-1108.05944824, -68.3834152222, 173.621292114, 148.440460205, 446.857116699, 101.100151062, 23.65366745, 35.0920448303, 62.2914962769, -19.4210891724, 36.1856613159, -14.7801151276, -45.459602356], [490.420959473, -289.555908203, -116.118423462, 102.055381775, 101.100151062, 309.369049072, 22.6663970947, 94.7901611328, -32.690372467, 15.8746681213, 10.4140548706, -12.7197790146, -32.8814659119], [-162.847183228, 229.368057251, -52.1579246521, -87.4609069824, 23.65366745, 22.6663970947, 262.570373535, -46.6236877441, 78.9126968384, 43.2565498352, -26.4290237427, 25.5554885864, 60.345615387], [319.196289062, -274.940093994, 4.68150043488, 164.37890625, 35.0920448303, 94.7901611328, -46.6236877441, 231.467422485, -9.16526031494, -10.4633054733, 23.054441452, -16.0523452759, -45.6928024292], [-276.247833252, 189.6068573, -54.9358215332, -55.0805625916, 62.2914962769, -32.690372467, 78.9126968384, -9.16526031494, 198.731781006, 58.0637207031, -21.0607566833, 14.2228899002, 22.0298881531], [135.714752197, -98.3508911133, -36.1947174072, -2.17223381996, -19.4210891724, 15.8746681213, 43.2565498352, -10.4633054733, 58.0637207031, 129.794769287, -10.5638198853, 21.1668357849, 1.80772614479], [-300.003448486, 158.690048218, 60.0818023682, -23.5520057678, 36.1856613159, 10.4140548706, -26.4290237427, 23.054441452, -21.0607566833, -10.5638198853, 131.939025879, -13.4175901413, -12.7381439209], [170.936752319, -89.0865936279, 4.45038557053, -42.2245597839, -14.7801151276, -12.7197790146, 25.5554885864, -16.0523452759, 14.2228899002, 21.1668357849, -13.4175901413, 116.842948914, 19.8731231689], [-112.282585144, 247.902755737, -16.6842403412, -71.6739044189, -45.459602356, -32.8814659119, 60.345615387, -45.6928024292, 22.0298881531, 1.80772614479, -12.7381439209, 19.8731231689, 143.785049438]], "icov": [[0.000121604374726, -0.000207089033211, 0.00024091512023, -0.000139475800097, 0.000199099493329, -0.00019981584046, 0.000170089711901, -0.000243638802203, 0.000348822650267, -0.000291022122838, 0.000446683523478, -0.000457514397567, 0.000331901479512], [-0.000207089033211, 0.00171503121965, -0.000787688186392, 0.00099633121863, 2.56501834883e-06, 0.000663719139993, -0.00103048223536, 0.00118641799781, -0.00211300933734, 0.00204362417571, -0.00258852518164, 0.00239378679544, -0.00201340788044], [0.00024091512023, -0.000787688186392, 0.00155686168, -0.000791789090727, -0.000182271862286, 0.000190177757759, 0.000492469000164, -0.000691021850798, 0.00158586306497, -0.00108706601895, 0.0010010516271, -0.00154877419118, 0.000965180923231], [-0.000139475800097, 0.00099633121863, -0.000791789090727, 0.00217676023021, -0.000503025949001, 0.000279593921732, -0.000302046944853, -0.000276098435279, -0.000723646720871, 0.000669538101647, -0.000642162747681, 0.00185566046275, -0.00110050430521], [0.000199099493329, 2.56501834883e-06, -0.000182271862286, -0.000503025949001, 0.00383052788675, -0.00173959555104, -0.000162814118084, 0.000452435197076, -0.00191950844601, 0.0014589515049, -0.00069736642763, -0.000381146179279, 0.00117117306218], [-0.00019981584046, 0.000663719139993, 0.000190177757759, 0.000279593921732, -0.00173959555104, 0.00539806718007, -0.00145307614002, -0.00129702500999, 0.00121643324383, -0.000615845259745, -0.00108903693035, 0.00136026507244, -0.000719919160474], [0.000170089711901, -0.00103048223536, 0.000492469000164, -0.000302046944853, -0.000162814118084, -0.00145307614002, 0.00588257657364, -7.29051498638e-06, -0.000227111493587, -0.00203487393446, 0.00224585784599, -0.00188641331624, -0.000518814253155], [-0.000243638802203, 0.00118641799781, -0.000691021850798, -0.000276098435279, 0.000452435197076, -0.00129702500999, -7.29051498638e-06, 0.00707364967093, -0.00290427333675, 0.00253214733675, -0.00310720712878, 0.0016919010086, -0.000452179665444], [0.000348822650267, -0.00211300933734, 0.00158586306497, -0.000723646720871, -0.00191950844601, 0.00121643324383, -0.000227111493587, -0.00290427333675, 0.0108095994219, -0.00615352066234, 0.0044879540801, -0.00289507955313, 0.00180137506686], [-0.000291022122838, 0.00204362417571, -0.00108706601895, 0.000669538101647, 0.0014589515049, -0.000615845259745, -0.00203487393446, 0.00253214733675, -0.00615352066234, 0.0126813948154, -0.00365381408483, 0.00143133709207, -0.00130212586373], [0.000446683523478, -0.00258852518164, 0.0010010516271, -0.000642162747681, -0.00069736642763, -0.00108903693035, 0.00224585784599, -0.00310720712878, 0.0044879540801, -0.00365381408483, 0.0128309242427, -0.0029625359457, 0.00311277108267], [-0.000457514397567, 0.00239378679544, -0.00154877419118, 0.00185566046275, -0.000381146179279, 0.00136026507244, -0.00188641331624, 0.0016919010086, -0.00289507955313, 0.00143133709207, -0.0029625359457, 0.0129341203719, -0.00384377548471], [0.000331901479512, -0.00201340788044, 0.000965180923231, -0.00110050430521, 0.00117117306218, -0.000719919160474, -0.000518814253155, -0.000452179665444, 0.00180137506686, -0.00130212586373, 0.00311277108267, -0.00384377548471, 0.0110758831725]]}, "melbands": {"dmean": [0.000831269833725, 0.00220612902194, 0.00114720570855, 0.000527403200977, 0.000288596842438, 0.000244933849899, 0.000152024120325, 0.000102986043203, 6.81480159983e-05, 5.87142021686e-05, 5.34213104402e-05, 3.99822019972e-05, 2.62161702267e-05, 1.72940999619e-05, 1.76412959263e-05, 1.03930151454e-05, 9.98705036181e-06, 6.56629981677e-06, 1.00453062259e-05, 7.02086072124e-06, 4.77085040984e-06, 4.31223679698e-06, 2.61306740867e-06, 2.87091597784e-06, 2.55496343016e-06, 2.54307019532e-06, 2.33346986533e-06, 1.71327815224e-06, 2.77609183286e-06, 2.22301832764e-06, 1.51065512455e-06, 1.15566717795e-06, 1.218412649e-06, 1.04381467736e-06, 6.68987240715e-07, 6.18896706328e-07, 4.94577022891e-07, 3.49509548414e-07, 2.81324048501e-07, 2.36089547911e-07], "dmean2": [0.00135501415934, 0.00378991593607, 0.00197597406805, 0.000886370311491, 0.000449624843895, 0.000375140924007, 0.000247298477916, 0.000166187572177, 0.000100210672827, 9.01102903299e-05, 8.48458948894e-05, 6.04942106293e-05, 4.04404963774e-05, 2.64467598754e-05, 2.78935040114e-05, 1.70897255884e-05, 1.65447509062e-05, 1.12700417958e-05, 1.78366863111e-05, 1.25520700749e-05, 8.41849669087e-06, 7.6309315773e-06, 4.64803088107e-06, 4.86612952955e-06, 4.49519575341e-06, 4.5100105126e-06, 4.18879653807e-06, 2.9612333492e-06, 4.89757167088e-06, 3.91950925405e-06, 2.61075524577e-06, 2.03749777938e-06, 2.10499547393e-06, 1.79215999196e-06, 1.13287148906e-06, 1.06416825929e-06, 8.53326639572e-07, 5.93632307755e-07, 4.75001485256e-07, 3.98112206312e-07], "dvar": [2.54816518463e-06, 3.65702180716e-05, 5.85086809224e-06, 1.4378222204e-06, 3.30321370257e-07, 2.67589001623e-07, 1.28261717691e-07, 1.10572294432e-07, 2.93194570844e-08, 1.91877678191e-08, 1.55222235065e-08, 1.38200393351e-08, 5.87779558359e-09, 3.25994031769e-09, 2.62782751115e-09, 1.20295895467e-09, 1.249719217e-09, 4.29776741973e-10, 1.48742296258e-09, 8.24527612853e-10, 3.04723274391e-10, 2.82597945045e-10, 9.82458767118e-11, 8.58571200246e-11, 8.12517136906e-11, 8.20611426033e-11, 8.02375180187e-11, 3.19922699443e-11, 1.31127095293e-10, 5.7170546075e-11, 2.21385600824e-11, 1.84241632367e-11, 1.57171220483e-11, 1.23235293498e-11, 3.865783995e-12, 3.83520602429e-12, 3.02478376547e-12, 1.09055006779e-12, 6.76935395759e-13, 4.84435408454e-13], "dvar2": [6.75089268043e-06, 0.000102357349533, 1.62784035638e-05, 3.97854637413e-06, 9.38126220262e-07, 7.03390014678e-07, 3.27871276795e-07, 2.49185546863e-07, 6.29171239552e-08, 4.02594366733e-08, 3.56618699016e-08, 2.68394746428e-08, 1.25154873132e-08, 5.94938276421e-09, 5.91465232347e-09, 2.92847768257e-09, 2.95206348255e-09, 1.12544584763e-09, 4.14666656567e-09, 2.33298336205e-09, 8.37526492603e-10, 7.886646336e-10, 2.72955325009e-10, 2.31101332515e-10, 2.22995552579e-10, 2.28527571866e-10, 2.26243981882e-10, 8.7530538373e-11, 3.67016472769e-10, 1.58925095306e-10, 6.02772207148e-11, 5.16299607234e-11, 4.25312736418e-11, 3.32666533209e-11, 1.02136459013e-11, 1.03621894051e-11, 8.21113576438e-12, 2.8914158394e-12, 1.80208604116e-12, 1.26959911768e-12], "max": [0.0187986586243, 0.072436362505, 0.0558173842728, 0.0155889876187, 0.0138576515019, 0.0161196999252, 0.0106278853491, 0.0137794241309, 0.00437349174172, 0.00756099913269, 0.00294930068776, 0.00345430872403, 0.00235898955725, 0.00236542872153, 0.00198429613374, 0.00111359602306, 0.00128186761867, 0.000401563302148, 0.000559554027859, 0.00040929793613, 0.000190798076801, 0.000196863853489, 0.000138765841257, 0.000117442214105, 0.000101655481558, 0.000164766228409, 0.000139572817716, 7.61856063036e-05, 0.000185572527698, 9.30607275222e-05, 4.91016435262e-05, 5.60082298762e-05, 5.5211407016e-05, 4.91116516059e-05, 2.1253255909e-05, 2.13553648791e-05, 2.19994817598e-05, 1.04595255834e-05, 9.01174644241e-06, 1.45686835822e-05], "mean": [0.00121272192337, 0.00281484983861, 0.00172085815575, 0.00102029996924, 0.000844455091283, 0.000846986949909, 0.000494707433973, 0.000292496115435, 0.000177092719241, 0.000162690412253, 0.000128712403239, 0.000114277441753, 6.65026964271e-05, 3.89297310903e-05, 4.28993917012e-05, 1.57880240295e-05, 1.65539186128e-05, 7.92044102127e-06, 8.86313955561e-06, 6.52835433357e-06, 3.77310311706e-06, 3.30407829097e-06, 1.93642813429e-06, 2.69528300123e-06, 1.98739735424e-06, 1.84139639714e-06, 1.71880355992e-06, 1.40078543609e-06, 2.13332668864e-06, 1.91180606635e-06, 1.54561701038e-06, 8.52193636547e-07, 9.17267811928e-07, 8.06886930604e-07, 5.0272643648e-07, 4.61196833612e-07, 3.65433891147e-07, 2.72789776545e-07, 2.35326851339e-07, 1.95854795493e-07], "median": [0.000503286544699, 0.00135361449793, 0.00105885660741, 0.000604125671089, 0.00040346768219, 0.000402804318583, 0.000260461180005, 8.54616082506e-05, 6.99878291925e-05, 6.41934020678e-05, 3.92221700167e-05, 2.43305366894e-05, 1.16846003948e-05, 6.99986821928e-06, 7.36286528991e-06, 2.8431300052e-06, 2.76854143522e-06, 9.92629111352e-07, 4.01958743623e-07, 3.49523844534e-07, 1.66511384236e-07, 4.28384595352e-07, 1.96223382432e-07, 8.06170703527e-08, 1.94455893165e-07, 1.28667124955e-07, 1.10227404093e-07, 7.07851626203e-08, 5.6263608883e-08, 1.35875950491e-07, 1.16086845026e-07, 2.66809827565e-08, 4.25698445383e-08, 6.75321416566e-08, 1.66908513677e-08, 2.7995010754e-08, 2.55477257127e-08, 3.06451823917e-08, 3.580911212e-08, 2.7859812235e-08], "min": [9.95216889042e-14, 6.78246512976e-15, 8.58402755209e-15, 5.48244616209e-15, 9.77837280683e-15, 8.04570423279e-15, 1.69519117778e-15, 2.91579254807e-15, 4.57090064448e-15, 1.66312598323e-14, 9.05852355068e-15, 7.32706284561e-15, 5.75093019538e-15, 1.33242339891e-14, 1.1699387627e-14, 6.32019435769e-15, 5.07255336639e-15, 3.88227895198e-15, 1.77404126308e-15, 4.91875081789e-15, 3.62462084679e-15, 3.72062313752e-15, 1.52365726508e-15, 2.48737810642e-15, 2.86572548935e-15, 3.41145801759e-15, 3.4350163332e-15, 3.73906516236e-15, 3.1628288601e-15, 2.99963843369e-15, 1.95136485773e-15, 1.5112274801e-15, 2.78921427377e-15, 3.44914357221e-15, 3.21581691194e-15, 3.95776525769e-15, 3.14134069302e-15, 3.47047948512e-15, 3.09278283525e-15, 4.68758832681e-15], "var": [3.45939383806e-06, 2.95851550618e-05, 5.37930191058e-06, 1.83545364507e-06, 1.5441665937e-06, 1.70683927081e-06, 6.64914750814e-07, 7.59637373449e-07, 1.04415804003e-07, 7.84581786206e-08, 6.52465246276e-08, 7.559376769e-08, 2.87492110118e-08, 1.93656557457e-08, 1.18847429675e-08, 2.08356087938e-09, 2.54133980526e-09, 7.14729053719e-10, 1.09592568354e-09, 5.7055205005e-10, 2.06005532077e-10, 1.7633390581e-10, 6.16149839483e-11, 6.67722058201e-11, 5.36100816517e-11, 5.194421282e-11, 4.96441811271e-11, 2.35507707086e-11, 8.345402841e-11, 3.70808141137e-11, 1.63259978453e-11, 1.15964321479e-11, 1.10146891608e-11, 8.62094510362e-12, 2.82457629334e-12, 2.61773372076e-12, 2.00928379837e-12, 7.79007717708e-13, 4.86685453223e-13, 3.6218348199e-13]}, "mfcc": {"mean": [-738.752929688, 171.460266113, 40.252456665, 16.4393157959, -3.12051582336, 8.42907905579, 3.65081882477, -2.49129343033, 0.086970731616, -4.62001895905, -0.607984423637, -1.79809582233, -5.29391717911], "cov": [[10070.3759766, 141.557907104, -856.030090332, -372.396759033, -567.999633789, -177.75239563, -174.286590576, 25.8903274536, -2.95487117767, 32.1160545349, -96.5448303223, 28.6584262848, 83.5892028809], [141.557907104, 2532.86547852, 33.1033592224, -564.081481934, -408.616333008, -95.8517379761, -14.453619957, -102.916267395, 57.2383460999, -123.890617371, 23.5764503479, 11.2541322708, -16.2586402893], [-856.030090332, 33.1033592224, 718.85760498, 283.184051514, 84.9677429199, -33.2504005432, 70.6551208496, 2.21119856834, -29.853351593, -18.7800140381, 15.9994974136, -8.97916507721, -56.9892616272], [-372.396759033, -564.081481934, 283.184051514, 548.828735352, 244.787216187, 47.2643661499, 25.6135883331, 47.5870323181, 19.1117343903, 50.0303649902, 14.8643283844, 21.3406772614, -19.5450115204], [-567.999633789, -408.616333008, 84.9677429199, 244.787216187, 435.695068359, 77.9161758423, 86.5153808594, 96.5671539307, -49.0364761353, 98.0952072144, 58.4844093323, -52.4018936157, -9.47469806671], [-177.75239563, -95.8517379761, -33.2504005432, 47.2643661499, 77.9161758423, 237.62940979, 51.2824745178, 25.2663898468, 68.9924926758, 29.8464012146, 9.13415908813, 9.52434158325, 46.5774917603], [-174.286590576, -14.453619957, 70.6551208496, 25.6135883331, 86.5153808594, 51.2824745178, 194.916046143, 70.3903427124, -25.414434433, 34.8233222961, 29.3095092773, -13.3006305695, -31.2186164856], [25.8903274536, -102.916267395, 2.21119856834, 47.5870323181, 96.5671539307, 25.2663898468, 70.3903427124, 146.972869873, 28.2152347565, 34.9454994202, 35.134437561, -10.5791730881, -4.68124246597], [-2.95487117767, 57.2383460999, -29.853351593, 19.1117343903, -49.0364761353, 68.9924926758, -25.414434433, 28.2152347565, 183.455703735, 28.1531600952, -7.98957014084, 57.495059967, 19.9768486023], [32.1160545349, -123.890617371, -18.7800140381, 50.0303649902, 98.0952072144, 29.8464012146, 34.8233222961, 34.9454994202, 28.1531600952, 168.357620239, 51.4682197571, -39.7210121155, 25.2270488739], [-96.5448303223, 23.5764503479, 15.9994974136, 14.8643283844, 58.4844093323, 9.13415908813, 29.3095092773, 35.134437561, -7.98957014084, 51.4682197571, 160.993927002, 37.6185379028, -27.0525455475], [28.6584262848, 11.2541322708, -8.97916507721, 21.3406772614, -52.4018936157, 9.52434158325, -13.3006305695, -10.5791730881, 57.495059967, -39.7210121155, 37.6185379028, 178.980880737, 41.6229019165], [83.5892028809, -16.2586402893, -56.9892616272, -19.5450115204, -9.47469806671, 46.5774917603, -31.2186164856, -4.68124246597, 19.9768486023, 25.2270488739, -27.0525455475, 41.6229019165, 153.805526733]], "icov": [[0.00012763957784, -1.26341601572e-05, 0.000153200293425, -8.9365261374e-05, 0.000255755323451, 3.48257412952e-06, 9.28522422328e-05, -0.00024332520843, 0.000217304768739, -0.000210868325667, 0.000122278666822, -8.86513880687e-05, 5.27059673914e-05], [-1.26341601572e-05, 0.000636995478999, -0.000295079633361, 0.000670463021379, 9.66171719483e-05, 0.000274059042567, -0.000353155715857, 0.000463281729026, -0.00072942301631, 0.000561272783671, -0.00058921717573, 0.000435327441664, -0.000303320470266], [0.000153200293425, -0.000295079633361, 0.00236361217685, -0.00172062648926, 0.000438209273852, 0.000630939146504, -0.0010198521195, 0.000353719457053, 8.53191304486e-05, 0.000540146138519, -0.000346509070368, 0.000552621029783, -0.000127805295051], [-8.9365261374e-05, 0.000670463021379, -0.00172062648926, 0.00431068474427, -0.00191134621855, -0.000310826202622, 0.000870177696925, 3.51749222318e-05, -0.00078420585487, -0.000520973815583, 0.000749392143916, -0.00132608553395, 0.000861747306772], [0.000255755323451, 9.66171719483e-05, 0.000438209273852, -0.00191134621855, 0.00542067643255, -0.00150354194921, 0.000169352133526, -0.00271019991487, 0.00288654770702, -0.00213197222911, -0.000225474577746, 0.000278220395558, 0.000391650304664], [3.48257412952e-06, 0.000274059042567, 0.000630939146504, -0.000310826202622, -0.00150354194921, 0.00721957953647, -0.0035520659294, 0.00261208531447, -0.00492375344038, 0.00282496516593, -0.00223289546557, 0.00263903639279, -0.00362981902435], [9.28522422328e-05, -0.000353155715857, -0.0010198521195, 0.000870177696925, 0.000169352133526, -0.0035520659294, 0.00955237541348, -0.00532145332545, 0.00473935063928, -0.00398221146315, 0.00265165092424, -0.003391047474, 0.00392961734906], [-0.00024332520843, 0.000463281729026, 0.000353719457053, 3.51749222318e-05, -0.00271019991487, 0.00261208531447, -0.00532145332545, 0.0124509865418, -0.00598648563027, 0.00351116457023, -0.00389677658677, 0.0036042293068, -0.00280151865445], [0.000217304768739, -0.00072942301631, 8.53191304486e-05, -0.00078420585487, 0.00288654770702, -0.00492375344038, 0.00473935063928, -0.00598648563027, 0.0127558223903, -0.00666189147159, 0.00493750860915, -0.00638005835935, 0.0042163352482], [-0.000210868325667, 0.000561272783671, 0.000540146138519, -0.000520973815583, -0.00213197222911, 0.00282496516593, -0.00398221146315, 0.00351116457023, -0.00666189147159, 0.0131720034406, -0.00680528813973, 0.00706351641566, -0.00578406872228], [0.000122278666822, -0.00058921717573, -0.000346509070368, 0.000749392143916, -0.000225474577746, -0.00223289546557, 0.00265165092424, -0.00389677658677, 0.00493750860915, -0.00680528813973, 0.0118431551382, -0.00689830863848, 0.00534480530769], [-8.86513880687e-05, 0.000435327441664, 0.000552621029783, -0.00132608553395, 0.000278220395558, 0.00263903639279, -0.003391047474, 0.0036042293068, -0.00638005835935, 0.00706351641566, -0.00689830863848, 0.0121377632022, -0.00605814298615], [5.27059673914e-05, -0.000303320470266, -0.000127805295051, 0.000861747306772, 0.000391650304664, -0.00362981902435, 0.00392961734906, -0.00280151865445, 0.0042163352482, -0.00578406872228, 0.00534480530769, -0.00605814298615, 0.0113194724545]]}, "spectral_contrast_coeffs": {"dmean": [0.04649002105, 0.0443944074214, 0.0377754792571, 0.0329023264349, 0.0224869642407, 0.0201777145267], "dmean2": [0.0777162909508, 0.069668546319, 0.0588675439358, 0.0514705367386, 0.0355650745332, 0.0313812755048], "dvar": [0.00184060423635, 0.00224411650561, 0.00145941565279, 0.00120515935123, 0.000447872531367, 0.000423778197728], "dvar2": [0.0050131464377, 0.00497857807204, 0.00309339864179, 0.00257115485147, 0.00106870383024, 0.00102602108382], "max": [-0.251300305128, -0.328170597553, -0.365367293358, -0.442814081907, -0.607112407684, -0.564956128597], "mean": [-0.596600115299, -0.667447984219, -0.743632316589, -0.784289479256, -0.826413929462, -0.792764306068], "median": [-0.604913234711, -0.678942322731, -0.763935089111, -0.805777490139, -0.833480596542, -0.798960328102], "min": [-0.980677962303, -0.976617574692, -0.982817709446, -0.98300743103, -0.961595535278, -0.966087520123], "var": [0.00694949366152, 0.0122591257095, 0.00922715570778, 0.00700401002541, 0.00197439594194, 0.00236642733216]}, "spectral_contrast_valleys": {"dmean": [0.465315818787, 0.466040641069, 0.475801885128, 0.559229016304, 0.576439738274, 0.592698216438], "dmean2": [0.722464442253, 0.710691034794, 0.700364470482, 0.798386335373, 0.774880290031, 0.751807034016], "dvar": [0.216655552387, 0.312434762716, 0.319444686174, 0.431308358908, 0.508505642414, 0.514326751232], "dvar2": [0.421642929316, 0.666761100292, 0.631657958031, 0.866451323032, 1.00375103951, 1.04476559162], "max":