{"lowlevel": {"average_loudness": 0.951771378517, "barkbands_crest": {"dmean": 1.89164924622, "dmean2": 2.9424302578, "dvar": 7.67691898346, "dvar2": 17.1693134308, "max": 24.0135345459, "mean": 16.7108802795, "median": 17.7836532593, "min": 4.58465480804, "var": 20.1438674927}, "barkbands_flatness_db": {"dmean": 0.0945882126689, "dmean2": 0.140898510814, "dvar": 0.0158184226602, "dvar2": 0.0308694578707, "max": 1, "mean": 0.537304341793, "median": 0.528367638588, "min": 0.0635963380337, "var": 0.0421322546899}, "barkbands_kurtosis": {"dmean": 18.3669452667, "dmean2": 31.1998329163, "dvar": 2462.59594727, "dvar2": 6925.05957031, "max": 657.029052734, "mean": 23.5115833282, "median": 4.80241394043, "min": -1.90204656124, "var": 2623.51953125}, "barkbands_skewness": {"dmean": 1.33520364761, "dmean2": 2.08791613579, "dvar": 4.99388790131, "dvar2": 13.2700643539, "max": 18.0219497681, "mean": 1.67286348343, "median": 0.674794852734, "min": -3.05316948891, "var": 8.30189990997}, "barkbands_spread": {"dmean": 3.26338863373, "dmean2": 5.6142282486, "dvar": 90.1023788452, "dvar2": 249.10508728, "max": 134.072647095, "mean": 5.20194387436, "median": 0.874618053436, "min": 0.117162078619, "var": 167.612091064}, "dissonance": {"dmean": 0.0533261448145, "dmean2": 0.0875183194876, "dvar": 0.0046242531389, "dvar2": 0.0106346597895, "max": 0.499925285578, "mean": 0.335314154625, "median": 0.36182641983, "min": 0.00406540557742, "var": 0.0172051340342}, "dynamic_complexity": 4.11770486832, "erbbands_crest": {"dmean": 2.90782427788, "dmean2": 4.63580989838, "dvar": 19.086151123, "dvar2": 44.9290275574, "max": 31.0922298431, "mean": 21.6685066223, "median": 22.4961776733, "min": 2.58794426918, "var": 50.9907569885}, "erbbands_flatness_db": {"dmean": 0.0652560591698, "dmean2": 0.10367128253, "dvar": 0.00856217462569, "dvar2": 0.017325244844, "max": 0.708410680294, "mean": 0.440167069435, "median": 0.425654649734, "min": 0.0545045919716, "var": 0.0167955607176}, "erbbands_kurtosis": {"dmean": 21.1105728149, "dmean2": 34.7092475891, "dvar": 1993.96643066, "dvar2": 5416.61962891, "max": 464.572814941, "mean": 34.282371521, "median": 7.56494379044, "min": -1.93001329899, "var": 3130.85302734}, "erbbands_skewness": {"dmean": 1.35683488846, "dmean2": 2.16081094742, "dvar": 3.93645977974, "dvar2": 10.5006456375, "max": 16.8077201843, "mean": 2.21011304855, "median": 1.60233986378, "min": -3.07846593857, "var": 8.56617450714}, "erbbands_spread": {"dmean": 7.23558568954, "dmean2": 12.1308107376, "dvar": 271.249267578, "dvar2": 653.856872559, "max": 161.937255859, "mean": 11.1705989838, "median": 5.97857189178, "min": 0.247987031937, "var": 320.080993652}, "hfc": {"dmean": 4.77519178391, "dmean2": 7.37774038315, "dvar": 77.9957809448, "dvar2": 200.251586914, "max": 87.5294113159, "mean": 8.46971607208, "median": 3.85977172852, "min": 1.3390340392e-08, "var": 109.590255737}, "melbands_crest": {"dmean": 2.38567781448, "dmean2": 3.56037259102, "dvar": 14.1921138763, "dvar2": 30.4281826019, "max": 32.7001037598, "mean": 24.6462135315, "median": 24.0216712952, "min": 5.70203781128, "var": 43.3488960266}, "melbands_flatness_db": {"dmean": 0.105405822396, "dmean2": 0.157286524773, "dvar": 0.0199931934476, "dvar2": 0.0392022617161, "max": 1, "mean": 0.652712106705, "median": 0.659350991249, "min": 0.0145200202242, "var": 0.0544587187469}, "melbands_kurtosis": {"dmean": 32.3909645081, "dmean2": 55.1581268311, "dvar": 9010.54101562, "dvar2": 25444.3476562, "max": 1071.03039551, "mean": 39.707988739, "median": 7.5226764679, "min": -1.80673873425, "var": 8760.61328125}, "melbands_skewness": {"dmean": 1.61298072338, "dmean2": 2.515604496, "dvar": 8.0091791153, "dvar2": 20.6094837189, "max": 25.2763977051, "mean": 2.55121517181, "median": 1.19553613663, "min": -2.21401286125, "var": 12.4835767746}, "melbands_spread": {"dmean": 3.84092450142, "dmean2": 6.2948589325, "dvar": 109.494911194, "dvar2": 291.615325928, "max": 211.241287231, "mean": 6.81878137589, "median": 0.896213531494, "min": 0.170947775245, "var": 305.704528809}, "pitch_salience": {"dmean": 0.0876614227891, "dmean2": 0.140256136656, "dvar": 0.0174916554242, "dvar2": 0.0408945679665, "max": 0.875167608261, "mean": 0.218121409416, "median": 0.133163556457, "min": 0.00260015856475, "var": 0.0436699353158}, "silence_rate_20dB": {"dmean": 0, "dmean2": 0, "dvar": 0, "dvar2": 0, "max": 1, "mean": 1, "median": 1, "min": 1, "var": 0}, "silence_rate_30dB": {"dmean": 0.0078462138772, "dmean2": 0.0156985875219, "dvar": 0.00778455939144, "dvar2": 0.0233018603176, "max": 1, "mean": 0.996078431606, "median": 1, "min": 0, "var": 0.0039061808493}, "silence_rate_60dB": {"dmean": 0.0619850903749, "dmean2": 0.123626373708, "dvar": 0.0581445284188, "dvar2": 0.12090472877, "max": 1, "mean": 0.101960785687, "median": 0, "min": 0, "var": 0.0915635824203}, "spectral_centroid": {"dmean": 154.806365967, "dmean2": 259.108306885, "dvar": 173035.546875, "dvar2": 464880.53125, "max": 4219.05615234, "mean": 388.268981934, "median": 198.060699463, "min": 108.535949707, "var": 237595.90625}, "spectral_complexity": {"dmean": 1.16202437878, "dmean2": 1.91365778446, "dvar": 6.13894462585, "dvar2": 12.1809101105, "max": 27, "mean": 5.03137254715, "median": 2, "min": 0, "var": 31.4736862183}, "spectral_decrease": {"dmean": 4.05930666858e-09, "dmean2": 5.5631792506e-09, "dvar": 3.95701003518e-17, "dvar2": 9.27053076224e-17, "max": 1.5564091853e-18, "mean": -7.19808124217e-09, "median": -4.16353662658e-09, "min": -3.88347345393e-08, "var": 6.14318982977e-17}, "spectral_energy": {"dmean": 0.0157134383917, "dmean2": 0.0215820968151, "dvar": 0.000582943554036, "dvar2": 0.00136913557071, "max": 0.151425912976, "mean": 0.0279354322702, "median": 0.0161026492715, "min": 1.42429384259e-12, "var": 0.000914023898076}, "spectral_energyband_high": {"dmean": 0.000122369252495, "dmean2": 0.000237020067289, "dvar": 4.53924656085e-07, "dvar2": 1.33614787501e-06, "max": 0.00951847340912, "mean": 6.64000617689e-05, "median": 2.5143421567e-08, "min": 1.06397844094e-12, "var": 2.37988686536e-07}, "spectral_energyband_low": {"dmean": 0.00839995592833, "dmean2": 0.011173080653, "dvar": 0.00032244680915, "dvar2": 0.000721599964891, "max": 0.118588246405, "mean": 0.013002987951, "median": 0.00465936213732, "min": 4.13739375605e-14, "var": 0.000480172253447}, "spectral_energyband_middle_high": {"dmean": 0.00155946286395, "dmean2": 0.00252715102397, "dvar": 3.12775737257e-05, "dvar2": 7.89019322838e-05, "max": 0.0515881963074, "mean": 0.00168009568006, "median": 3.28703936248e-05, "min": 2.37499635843e-13, "var": 2.69301126536e-05}, "spectral_energyband_middle_low": {"dmean": 0.0103012192994, "dmean2": 0.0137843294069, "dvar": 0.000349579466274, "dvar2": 0.00078275607666, "max": 0.130943745375, "mean": 0.018937792629, "median": 0.00949553959072, "min": 4.54564703478e-14, "var": 0.000569683383219}, "spectral_entropy": {"dmean": 0.72054952383, "dmean2": 1.14163458347, "dvar": 1.32597923279, "dvar2": 2.66288328171, "max": 9.12314033508, "mean": 4.41846752167, "median": 4.37919378281, "min": 1.87102675438, "var": 3.06700778008}, "spectral_flux": {"dmean": 0.0439543612301, "dmean2": 0.0684340000153, "dvar": 0.0040116822347, "dvar2": 0.0104815196246, "max": 0.320161342621, "mean": 0.059448428452, "median": 0.0324733704329, "min": 7.40952827982e-06, "var": 0.00482854992151}, "spectral_kurtosis": {"dmean": 128.40020752, "dmean2": 212.224899292, "dvar": 66914.7890625, "dvar2": 174705.953125, "max": 3421.99902344, "mean": 182.374679565, "median": 120.895996094, "min": -0.368129014969, "var": 64524.6914062}, "spectral_rms": {"dmean": 0.00127860880457, "dmean2": 0.00160921667702, "dvar": 3.07057712234e-06, "dvar2": 6.80591620039e-06, "max": 0.0121545298025, "mean": 0.00448774779215, "median": 0.00396357104182, "min": 3.7276734588e-08, "var": 7.11418397259e-06}, "spectral_rolloff": {"dmean": 234.677001953, "dmean2": 433.335693359, "dvar": 749000.5625, "dvar2": 2024396.125, "max": 18540.0878906, "mean": 597.945373535, "median": 193.798828125, "min": 129.19921875, "var": 3070813.75}, "spectral_skewness": {"dmean": 3.87769412994, "dmean2": 6.21098566055, "dvar": 24.003156662, "dvar2": 53.6128501892, "max": 53.4833221436, "mean": 9.79275798798, "median": 8.73174858093, "min": 0.473418265581, "var": 43.0462913513}, "spectral_spread": {"dmean": 1038568.3125, "dmean2": 1737967.125, "dvar": 2361595002880.0, "dvar2": 5307773222910.0, "max": 19787232, "mean": 1707801.875, "median": 1017833.75, "min": 48402.5742188, "var": 4248516689920.0}, "spectral_strongpeak": {"dmean": 0.363060414791, "dmean2": 0.515743374825, "dvar": 0.294856369495, "dvar2": 0.737442314625, "max": 6.85522127151, "mean": 0.962175726891, "median": 0.713357686996, "min": 0, "var": 0.580051124096}, "zerocrossingrate": {"dmean": 0.00378863350488, "dmean2": 0.00473008072004, "dvar": 6.16159013589e-05, "dvar2": 8.64921094035e-05, "max": 0.69091796875, "mean": 0.0190238207579, "median": 0.0087890625, "min": 0.0048828125, "var": 0.00271665584296}, "barkbands": {"dmean": [2.03950767173e-05, 0.000644686515443, 0.00426941085607, 0.00600899709389, 0.00389740499668, 1.30884927785e-05, 1.9139421056e-05, 0.000340313796187, 0.000837925064843, 0.000352814939106, 0.000186983146705, 0.000566333706956, 0.000302366563119, 0.000257096166024, 3.10597170028e-05, 1.14842005132e-05, 1.81460636668e-05, 1.14584408948e-05, 1.03182301245e-05, 2.13939092646e-05, 4.38840324932e-05, 2.60693595919e-05, 1.2584074284e-05, 1.20772929222e-05, 8.01982059784e-06, 4.223571068e-06, 4.66824815248e-07], "dmean2": [3.45300177287e-05, 0.00101207417902, 0.00570892449468, 0.00804215762764, 0.00523795932531, 2.32999682339e-05, 3.05119556288e-05, 0.000510175595991, 0.0013556611957, 0.000572165939957, 0.00032595009543, 0.000953788927291, 0.000504717114381, 0.000438087037764, 5.27810225321e-05, 2.19174489757e-05, 3.52384486177e-05, 2.19883913815e-05, 1.97335994017e-05, 4.15307367803e-05, 8.527906175e-05, 5.04233830725e-05, 2.43146841967e-05, 2.3437973141e-05, 1.55605030159e-05, 8.22026686365e-06, 8.96596020539e-07], "dvar": [2.10662687294e-08, 6.4673149609e-06, 0.000108426131192, 0.000154411347467, 0.000127567298478, 9.45800882057e-10, 1.90461868499e-09, 1.04484570329e-06, 5.15110059496e-06, 2.00333852263e-06, 8.18518628876e-07, 5.35040499017e-06, 1.64565960858e-06, 1.47199898493e-06, 6.14991479964e-09, 2.67519650876e-09, 8.47280023919e-09, 4.09136768909e-09, 2.00082128643e-09, 1.97921092848e-08, 1.10678648468e-07, 2.10084341035e-08, 3.70011021822e-09, 4.11270306699e-09, 1.48482970364e-09, 5.28822929891e-10, 3.46903148568e-12], "dvar2": [5.40068008092e-08, 1.63591812452e-05, 0.0002434951748, 0.000348651810782, 0.000274812744465, 2.58428656252e-09, 3.57959706321e-09, 1.77768185949e-06, 1.04712526081e-05, 5.11932876179e-06, 2.2301358058e-06, 1.41384898598e-05, 4.3361187636e-06, 3.92391621062e-06, 1.47712473364e-08, 7.79770648052e-09, 2.48587657126e-08, 1.18829017737e-08, 5.83459547343e-09, 5.8390735802e-08, 3.27692504243e-07, 6.17633162392e-08, 1.0884554591e-08, 1.21182930357e-08, 4.35530678189e-09, 1.56078017177e-09, 1.01643667441e-11], "max": [0.00321005564183, 0.0260592922568, 0.0949680060148, 0.0823059827089, 0.101737596095, 0.000420823111199, 0.000673120142892, 0.012691905722, 0.0232563577592, 0.0160548500717, 0.0153544368222, 0.0273606851697, 0.0163263715804, 0.0132223460823, 0.00100900721736, 0.00058175099548, 0.000940726720728, 0.000873602926731, 0.000656231830362, 0.00221984018572, 0.00501985102892, 0.00212573702447, 0.000761632923968, 0.000919631915167, 0.000462626398075, 0.000271749449894, 2.0501551262e-05], "mean": [1.39033081723e-05, 0.000777953420766, 0.00650104135275, 0.00908334460109, 0.00570576591417, 2.05343203561e-05, 6.2250168412e-05, 0.00122319126967, 0.00273738312535, 0.00048228376545, 0.00023155171948, 0.000488033954753, 0.000243643633439, 0.00018378792447, 7.91172569734e-05, 8.29485816212e-06, 9.967191545e-06, 7.28358327251e-06, 6.49725461699e-06, 1.16215269372e-05, 2.3467671781e-05, 1.41283971971e-05, 6.84329188516e-06, 6.6299971877e-06, 4.38834331362e-06, 2.27116629503e-06, 2.60529446905e-07], "median": [1.86923472256e-08, 8.18807734504e-07, 0.00156809808686, 0.00333030638285, 4.01056822739e-05, 3.99158352593e-07, 1.03754155134e-06, 4.96817392559e-06, 1.58901220857e-05, 7.18267983757e-06, 2.52986274063e-06, 4.28087150794e-06, 1.72366799234e-06, 3.26020654029e-07, 5.91181105847e-07, 6.2581399618e-08, 1.08021547263e-08, 1.54580579448e-08, 1.61808806354e-08, 5.40321209996e-09, 4.32391367156e-09, 3.54516860313e-09, 2.09523975947e-09, 1.99512362187e-09, 1.41840028611e-09, 1.32009925213e-09, 6.21535156675e-10], "min": [5.45083455369e-14, 1.45584431554e-14, 8.93326791833e-16, 8.22347495496e-16, 3.19094378945e-15, 8.63159099317e-15, 5.6364109174e-15, 1.22205365063e-14, 1.20106603767e-14, 1.38995480842e-14, 1.04710865155e-14, 1.54685343175e-14, 2.59073327841e-14, 2.07145651137e-14, 1.2789514795e-14, 4.74033959059e-14, 3.04603483279e-14, 2.12910286325e-14, 3.08086482758e-14, 2.48357412381e-14, 5.89308129747e-14, 3.82952675647e-14, 8.94237009203e-14, 9.40091374971e-14, 2.38170513043e-13, 3.21910683873e-13, 2.14678359182e-13], "var": [1.53735797426e-08, 7.17186549082e-06, 0.000162005206221, 0.000227465468924, 0.000204002761166, 1.17877374528e-09, 1.1967111746e-08, 6.05573632129e-06, 2.57121755567e-05, 1.85174189937e-06, 6.1184647393e-07, 4.00845920012e-06, 1.23133020224e-06, 1.04925697997e-06, 2.19920526234e-08, 1.45255019124e-09, 4.41754544056e-09, 2.13227902002e-09, 1.07177899888e-09, 1.03041886135e-08, 5.72749527805e-08, 1.10460129932e-08, 1.93626492617e-09, 2.14796691544e-09, 7.82599707261e-10, 2.74575140402e-10, 1.86416593967e-12]}, "erbbands": {"dmean": [0.00740807689726, 0.241499066353, 3.6664917469, 15.1408824921, 22.2959117889, 5.63042879105, 0.410515367985, 0.121935717762, 0.205785140395, 1.10760378838, 11.1705207825, 18.4165039062, 5.2727856636, 13.9929952621, 8.01301574707, 27.6796112061, 13.1445989609, 18.5148525238, 2.67569470406, 1.19402754307, 0.731876850128, 1.00420033932, 0.673418104649, 0.561586678028, 0.520345926285, 1.09199345112, 2.37830686569, 1.09016239643, 0.933655321598, 0.511153042316, 0.353325247765, 0.273411631584, 0.185614421964, 0.113317996264, 0.0447709113359, 0.0224433522671, 0.00713470811024, 0.000959809112828, 9.13405747269e-05, 1.94917192857e-05], "dmean2": [0.0123824514449, 0.352748960257, 4.86307907104, 20.083480835, 29.8921852112, 7.92950868607, 0.669781148434, 0.20630826056, 0.332703441381, 1.63093340397, 16.5266857147, 29.343744278, 8.61842727661, 22.9557685852, 13.5010728836, 46.4122276306, 21.6970176697, 31.4440364838, 4.74091815948, 2.0507683754, 1.39843976498, 1.94701635838, 1.29624772072, 1.0716727972, 1.00120568275, 2.12141370773, 4.62401533127, 2.11439967155, 1.80186247826, 0.995645821095, 0.68171787262, 0.529520690441, 0.359530121088, 0.219030484557, 0.0872969254851, 0.0438411645591, 0.0138379773125, 0.00186283420771, 0.00017189058417, 2.79346331808e-05], "dvar": [0.000839361804537, 0.79304510355, 97.7920532227, 1053.13952637, 2964.09790039, 303.405334473, 1.56797397137, 0.0653494372964, 0.191281467676, 8.02779579163, 977.965942383, 2467.67724609, 198.889221191, 3248.72387695, 1184.62805176, 12808.2099609, 3083.09228516, 7070.52734375, 112.054786682, 8.95702552795, 12.8338136673, 25.0746803284, 14.1907997131, 6.29306221008, 5.21172618866, 53.7798156738, 374.19354248, 47.8136062622, 31.3982868195, 7.90108156204, 2.69399523735, 1.95399105549, 0.846439480782, 0.24434132874, 0.0704689100385, 0.0173942316324, 0.00146934611257, 2.239598507e-05, 1.09348022193e-07, 8.29195601071e-10], "dvar2": [0.00229553459212, 1.88384521008, 216.293121338, 2343.19335938, 6472.8046875, 717.176269531, 4.21651983261, 0.175660252571, 0.388050764799, 12.6992607117, 1648.46899414, 4706.00585938, 476.460418701, 8395.96484375, 3187.21508789, 33704.7421875, 8013.25683594, 18910.96875, 310.030975342, 22.2326049805, 37.6179237366, 73.4553604126, 41.1367492676, 18.3782329559, 15.190205574, 158.725753784, 1108.44726562, 141.077682495, 92.3490142822, 23.3355197906, 7.90974521637, 5.74959945679, 2.49069190025, 0.712244987488, 0.208411291242, 0.0514287054539, 0.00433021504432, 6.59872748656e-05, 3.19044772823e-07, 2.05160710642e-09], "max": [0.514222860336, 9.0695514679, 98.1726379395, 221.715866089, 440.133514404, 167.177627563, 11.1616392136, 3.52277350426, 8.75242328644, 36.9349555969, 393.89730835, 570.420349121, 211.122146606, 649.800354004, 580.575500488, 1302.17614746, 724.348205566, 966.770996094, 127.646636963, 27.8347396851, 41.0230903625, 51.4785881042, 47.1859130859, 40.0757293701, 25.531709671, 116.941635132, 294.405151367, 99.2988739014, 86.197845459, 43.7284469604, 20.19414711, 19.6297454834, 12.2932815552, 5.15034103394, 3.63046169281, 1.70787870884, 0.547689914703, 0.0538781620562, 0.00388102466241, 0.000186399876839], "mean": [0.00702783558518, 0.335551530123, 5.66327142715, 23.4422264099, 33.2835350037, 7.55323839188, 0.461500167847, 0.226820543408, 0.706213414669, 4.64509725571, 45.3968086243, 69.20703125, 14.5013828278, 16.5364761353, 10.0165691376, 23.1939907074, 11.0327701569, 13.4187488556, 3.18175673485, 2.88874816895, 0.534806847572, 0.557612895966, 0.388202548027, 0.417564094067, 0.291641712189, 0.588489234447, 1.27742767334, 0.584942042828, 0.50830155611, 0.273413330317, 0.19305101037, 0.149080649018, 0.101853303611, 0.0624518357217, 0.0239509586245, 0.0120530575514, 0.00386992632411, 0.000521075038705, 6.0884951381e-05, 3.25300898112e-05], "median": [0.000707328203134, 0.0219174809754, 1.07424235344, 8.5512714386, 6.46882629395, 0.426204800606, 0.122819945216, 0.0250142067671, 0.0188749246299, 0.0529823303223, 0.237386107445, 0.407687306404, 0.2196072191, 0.219628095627, 0.159731373191, 0.181259125471, 0.0943841785192, 0.0357240661979, 0.0393821410835, 0.0263913534582, 0.00375378504395, 0.00083763722796, 0.000690038548782, 0.00133457523771, 0.000366811465938, 0.000245047471253, 0.000265743583441, 0.000148452701978, 0.000148962790263, 9.04937624e-05, 7.55221990403e-05, 6.26201508567e-05, 4.99218258483e-05, 3.672119783e-05, 2.75833808701e-05, 1.83203719644e-05, 1.04333230411e-05, 1.88068645457e-06, 9.96597555059e-06, 1.97562731046e-05], "min": [1.16393927916e-12, 9.21432743474e-13, 1.40671849169e-12, 1.63011130202e-12, 5.69622344085e-12, 1.32456007967e-11, 2.529305064e-11, 8.6297968771e-11, 1.06074815598e-10, 1.01117926532e-10, 3.03942537805e-10, 2.88036483553e-10, 3.00632047034e-10, 5.66123925516e-10, 3.47781359267e-10, 7.58333618123e-10, 1.15769072107e-09, 7.64707130951e-10, 1.10533004971e-09, 6.81864398278e-10, 3.25095883547e-09, 1.93834459594e-09, 9.96881799331e-10, 1.31744981591e-09, 1.59844681935e-09, 1.1932415056e-09, 2.86222667789e-09, 1.72433156642e-09, 1.60578639274e-09, 1.24869448115e-09, 2.9050746253e-09, 1.4859311559e-09, 2.17572138084e-09, 2.12015116574e-09, 1.87556237208e-09, 1.21206134018e-09, 6.40358877035e-10, 1.76632652948e-10, 2.90028574074e-11, 2.98723610952e-12], "var": [0.000648163200822, 1.04341769218, 151.453933716, 1577.4564209, 4598.1171875, 406.594299316, 1.41152215004, 0.113110937178, 1.81355929375, 66.3662643433, 6560.23388672, 15853.9072266, 613.135803223, 2724.30834961, 939.054199219, 9655.28515625, 2384.24047852, 5007.46191406, 81.8895950317, 27.8592376709, 6.85741424561, 13.0884943008, 7.36934995651, 3.40299701691, 2.77502131462, 27.9576625824, 193.500045776, 24.882730484, 16.5166530609, 4.09211444855, 1.41691601276, 1.02359640598, 0.443985521793, 0.130969196558, 0.0364135578275, 0.00899285078049, 0.000766476558056, 1.17040181067e-05, 6.00425806851e-08, 1.21782539608e-09]}, "gfcc": {"mean": [-303.885925293, 184.207519531, -44.6570510864, -8.90460777283, -13.2934961319, 15.2987499237, -9.3464345932, -23.688375473, -28.1510410309, -29.9919815063, -30.322183609, -36.685710907, -20.553817749], "cov": [[31425.6191406, -236.879959106, -10051.3183594, -2199.25927734, -3308.37744141, 214.125320435, 765.506896973, 1894.03259277, 1344.05114746, 848.150634766, -481.26083374, -208.356735229, -285.139892578], [-236.879959106, 3595.35571289, 90.4771728516, -1302.15698242, 498.48916626, -517.109924316, 484.468322754, -13.911986351, 458.249847412, -329.799316406, -18.0126209259, -430.008636475, 121.226806641], [-10051.3183594, 90.4771728516, 5741.31591797, 1703.99121094, 1440.85522461, -59.1575660706, -755.995849609, -1148.64343262, -870.479919434, -396.096282959, 234.728012085, 141.631240845, 78.66746521], [-2199.25927734, -1302.15698242, 1703.99121094, 1469.85803223, 295.773895264, 62.1001319885, -412.882110596, -265.176513672, -318.978607178, 46.5016403198, 106.353385925, 207.42364502, -41.1954269409], [-3308.37744141, 498.48916626, 1440.85522461, 295.773895264, 869.015075684, 309.731719971, 28.8745956421, -378.970428467, -168.344909668, -66.5980682373, 172.050643921, -23.6536273956, 0.525337874889], [214.125320435, -517.109924316, -59.1575660706, 62.1001319885, 309.731719971, 927.662536621, 239.645965576, -109.223075867, -153.149612427, 167.584030151, 152.357467651, 63.0741081238, -73.8199691772], [765.506896973, 484.468322754, -755.995849609, -412.882110596, 28.8745956421, 239.645965576, 550.868896484, 431.841064453, 339.902374268, 93.7168121338, 23.2488746643, -73.8534927368, 0.469013094902], [1894.03259277, -13.911986351, -1148.64343262, -265.176513672, -378.970428467, -109.223075867, 431.841064453, 873.374572754, 592.326171875, 194.130737305, -96.3413162231, -51.1996498108, -22.6735076904], [1344.05114746, 458.249847412, -870.479919434, -318.978607178, -168.344909668, -153.149612427, 339.902374268, 592.326171875, 576.061035156, 162.827392578, -32.9681434631, -103.317344666, -15.867477417], [848.150634766, -329.799316406, -396.096282959, 46.5016403198, -66.5980682373, 167.584030151, 93.7168121338, 194.130737305, 162.827392578, 210.395111084, 70.175567627, 30.6535739899, -44.2333869934], [-481.26083374, -18.0126209259, 234.728012085, 106.353385925, 172.050643921, 152.357467651, 23.2488746643, -96.3413162231, -32.9681434631, 70.175567627, 146.67767334, 58.893081665, 2.66562581062], [-208.356735229, -430.008636475, 141.631240845, 207.42364502, -23.6536273956, 63.0741081238, -73.8534927368, -51.1996498108, -103.317344666, 30.6535739899, 58.893081665, 160.897094727, 39.141910553], [-285.139892578, 121.226806641, 78.66746521, -41.1954269409, 0.525337874889, -73.8199691772, 0.469013094902, -22.6735076904, -15.867477417, -44.2333869934, 2.66562581062, 39.141910553, 73.4387130737]], "icov": [[0.000160331168445, -0.000487763609271, 0.000299808831187, -0.000415762711782, 0.000528521311935, -0.000481580413179, 0.000543707923498, -0.000335225398885, 0.000398477510316, -0.00045789766591, 0.000251203484368, -0.000209931036807, 0.000191539627849], [-0.000487763609271, 0.00346404546872, -0.00119382946286, 0.00245593232103, -0.00204080343246, 0.00228940648958, -0.00296383094974, 0.00279359007254, -0.00406358623877, 0.00422320235521, -0.00275491992943, 0.00279737077653, -0.00148346670903], [0.000299808831187, -0.00119382946286, 0.00133445102256, -0.00145468907431, 1.22394149003e-05, -0.000927073240746, 0.00200217403471, -0.00158318085596, 0.00173049198929, -0.000306874280795, -9.6257601399e-05, -3.53276445821e-05, -0.000332893250743], [-0.000415762711782, 0.00245593232103, -0.00145468907431, 0.00371095817536, -0.00204165559262, 0.00198837113567, -0.00144012377132, 0.00116627232637, -0.0020963808056, 0.00161031202879, -0.00123812188394, -0.000310726289172, 0.00108167575672], [0.000528521311935, -0.00204080343246, 1.22394149003e-05, -0.00204165559262, 0.00666933553293, -0.00329090165906, 0.000545998394955, 0.00101553904824, -0.00104828248732, 0.000105440376501, -0.00127710297238, 0.000232552280067, 0.000976281124167], [-0.000481580413179, 0.00228940648958, -0.000927073240746, 0.00198837113567, -0.00329090165906, 0.006347107701, -0.00652444036677, 0.00291982293129, 0.00168576394208, -0.00376280699857, 0.00129499670584, -0.000478371366626, 0.00211198371835], [0.000543707923498, -0.00296383094974, 0.00200217403471, -0.00144012377132, 0.000545998394955, -0.00652444036677, 0.0141678787768, -0.00928400736302, 0.00166393967811, 0.00438447250053, -0.00546141946688, 0.00212369882502, -0.00340141565539], [-0.000335225398885, 0.00279359007254, -0.00158318085596, 0.00116627232637, 0.00101553904824, 0.00291982293129, -0.00928400736302, 0.0132499812171, -0.010235558264, -0.00075893686153, 0.00628150161356, -0.0034423742909, 0.00245300470851], [0.000398477510316, -0.00406358623877, 0.00173049198929, -0.0020963808056, -0.00104828248732, 0.00168576394208, 0.00166393967811, -0.010235558264, 0.0195541866124, -0.0137419672683, 0.00211998075247, 0.00231623579748, -0.00160693260841], [-0.00045789766591, 0.00422320235521, -0.000306874280795, 0.00161031202879, 0.000105440376501, -0.00376280699857, 0.00438447250053, -0.00075893686153, -0.0137419672683, 0.0309525690973, -0.0184049494565, 0.00344975991175, 0.00294089503586], [0.000251203484368, -0.00275491992943, -9.6257601399e-05, -0.00123812188394, -0.00127710297238, 0.00129499670584, -0.00546141946688, 0.00628150161356, 0.00211998075247, -0.0184049494565, 0.0278146136552, -0.0126858865842, 0.00334088481031], [-0.000209931036807, 0.00279737077653, -3.53276445821e-05, -0.000310726289172, 0.000232552280067, -0.000478371366626, 0.00212369882502, -0.0034423742909, 0.00231623579748, 0.00344975991175, -0.0126858865842, 0.0234628003091, -0.0165947265923], [0.000191539627849, -0.00148346670903, -0.000332893250743, 0.00108167575672, 0.000976281124167, 0.00211198371835, -0.00340141565539, 0.00245300470851, -0.00160693260841, 0.00294089503586, 0.00334088481031, -0.0165947265923, 0.0308153312653]]}, "melbands": {"dmean": [0.000112741130579, 0.00135125685483, 0.00280498713255, 0.00105025281664, 2.09815407288e-05, 2.40366921389e-06, 3.27879661199e-06, 1.99483984034e-05, 0.000116753224574, 0.000102082696685, 2.53145062743e-05, 5.92671167396e-05, 2.52257777902e-05, 6.22412990197e-05, 3.92367437598e-05, 4.06171820941e-05, 3.16534642479e-05, 3.79733910449e-06, 2.56317707681e-06, 8.69382233759e-07, 8.93832293514e-07, 1.12106170036e-06, 7.33666013275e-07, 5.18432727858e-07, 4.46967646894e-07, 3.82776704555e-07, 3.92725780785e-07, 7.54996563046e-07, 1.56385999617e-06, 1.00343333997e-06, 5.82128222959e-07, 6.46595424314e-07, 3.07994952209e-07, 2.57667949199e-07, 2.10407037571e-07, 1.83708934287e-07, 1.57295872327e-07, 1.37882693707e-07, 1.11213353193e-07, 8.85021194108e-08], "dmean2": [0.00018217402976, 0.00181091052946, 0.00373525405303, 0.00142108241562, 3.98349657189e-05, 4.20465858042e-06, 5.30966099177e-06, 2.96452162729e-05, 0.000180189977982, 0.00016327292542, 4.1671879444e-05, 9.72449124674e-05, 4.32971974078e-05, 0.000104365273728, 6.70193112455e-05, 6.7748951551e-05, 5.42901652807e-05, 6.97564792063e-06, 4.25247571911e-06, 1.6095805222e-06, 1.72849502178e-06, 2.17780052481e-06, 1.41533678288e-06, 9.95861114461e-07, 8.5201213551e-07, 7.35550429454e-07, 7.60605075811e-07, 1.46773618326e-06, 3.04006016449e-06, 1.95082793653e-06, 1.12805025765e-06, 1.24933239931e-06, 5.97105270117e-07, 5.02847910866e-07, 4.07469741504e-07, 3.53191580871e-07, 3.06220215407e-07, 2.6788987384e-07, 2.14764568796e-07, 1.70981167003e-07], "dvar": [1.86152206538e-07, 1.39393614518e-05, 2.6778132451e-05, 8.29019791126e-06, 6.7671299675e-09, 3.04005154383e-11, 4.87937537597e-11, 2.68481437082e-09, 1.01680520004e-07, 7.65045484741e-08, 5.10722042435e-09, 6.06239964895e-08, 1.57410067203e-08, 6.40888444536e-08, 2.52122749345e-08, 3.08134815441e-08, 2.18755165093e-08, 2.92482260633e-10, 3.88120299788e-11, 9.81941351147e-12, 2.25049475583e-11, 3.24558331599e-11, 1.55793173501e-11, 8.80314744711e-12, 3.88570946253e-12, 2.93538891111e-12, 3.97050014395e-12, 2.72727899292e-11, 1.645278358e-10, 5.97744839737e-11, 1.22890655985e-11, 1.83181681629e-11, 2.25781567921e-12, 2.34858508509e-12, 1.1447332882e-12, 5.60228458676e-13, 9.02425269927e-13, 5.57072129311e-13, 2.1737093462e-13, 1.57163873387e-13], "dvar2": [4.88719592795e-07, 3.11071416945e-05, 6.12118892604e-05, 1.82470776053e-05, 1.96922034235e-08, 8.23004511763e-11, 9.89996487566e-11, 4.50337767077e-09, 1.88024330328e-07, 1.4817416627e-07, 1.2759399759e-08, 1.56305588916e-07, 4.25397246318e-08, 1.68816910673e-07, 6.76227926988e-08, 8.09873910157e-08, 5.85838577649e-08, 8.24057988513e-10, 8.42809502744e-11, 2.79864968006e-11, 6.61994348228e-11, 9.5324748095e-11, 4.5092731632e-11, 2.56394471626e-11, 1.13583881883e-11, 8.56361943163e-12, 1.16426104868e-11, 8.05142341687e-11, 4.87329676613e-10, 1.76980305411e-10, 3.6225338701e-11, 5.39782975262e-11, 6.63472271914e-12, 6.94894879485e-12, 3.37260731495e-12, 1.6271777762e-12, 2.6669098787e-12, 1.64330083829e-12, 6.33700774147e-13, 4.58530891208e-13], "max": [0.00422508921474, 0.0370040759444, 0.0322923697531, 0.0255667231977, 0.000682659097947, 7.65294025769e-05, 0.000126610597363, 0.000628236331977, 0.00380650931038, 0.00309165287763, 0.00100502406713, 0.00279581733048, 0.00230131507851, 0.0030838989187, 0.00178065279033, 0.00205190642737, 0.00166342279408, 0.000255604507402, 7.72107814555e-05, 3.81332392863e-05, 5.72699464101e-05, 6.29805363133e-05, 4.76628410979e-05, 4.37753478764e-05, 3.16340883728e-05, 2.35178831645e-05, 2.66955266852e-05, 8.3736355009e-05, 0.00019659732061, 0.000110258552013, 5.05448988406e-05, 6.54872565065e-05, 1.95558532141e-05, 2.4189661417e-05, 1.42706958286e-05, 7.38760536478e-06, 1.42339613376e-05, 1.05550243461e-05, 5.03221281178e-06, 4.21460208599e-06], "mean": [0.000121098863019, 0.00205491227098, 0.00433168374002, 0.00152342522051, 1.3743636373e-05, 4.14981423091e-06, 1.08417689262e-05, 7.64208598412e-05, 0.000467116187792, 0.000375511153834, 5.94902630837e-05, 6.85534396325e-05, 3.24462343997e-05, 5.45470029465e-05, 3.34454816766e-05, 3.11103940476e-05, 2.24457489821e-05, 3.39242319569e-06, 7.55203200242e-06, 9.44177543261e-07, 5.31620059974e-07, 6.14843486346e-07, 4.01554245855e-07, 3.32401924652e-07, 3.44915463302e-07, 2.13675889427e-07, 2.13469633081e-07, 4.06488624094e-07, 8.45008685246e-07, 5.33663694569e-07, 3.12906109912e-07, 3.51952849087e-07, 1.66497059695e-07, 1.36963990371e-07, 1.13723238826e-07, 1.01768378613e-07, 8.50223642601e-08, 7.52696180939e-08, 6.09349442016e-08, 4.8589534174e-08], "median": [1.74774157813e-07, 0.000365825544577, 0.0016342268791, 0.000140341420774, 7.4372525205e-07, 8.7837165097e-08, 1.94036971379e-07, 6.1195919443e-07, 2.32521233556e-06, 2.17709066419e-06, 8.80357390542e-07, 8.93130163604e-07, 4.23733695243e-07, 5.20579533259e-07, 3.03818126213e-07, 1.2803724303e-07, 4.42103171849e-08, 2.42302142794e-08, 4.79703068379e-08, 8.02442290393e-09, 1.76590142509e-09, 6.42762620906e-10, 4.76352179923e-10, 8.34671443073e-10, 1.09771103318e-09, 2.33442598585e-10, 1.4728065989e-10, 1.488781598e-10, 1.83947107546e-10, 7.78186751149e-11, 7.90432511111e-11, 9.28719531834e-11, 4.96812278816e-11, 3.88289400632e-11, 3.32133973102e-11, 3.23701759841e-11, 2.49476758696e-11, 2.04425608386e-11, 1.75769850064e-11, 1.2571621695e-11], "min": [9.88429681799e-15, 8.06354031144e-16, 4.1915176579e-16, 6.15427775574e-16, 8.23113107401e-16, 1.90565557177e-15, 1.51691149469e-15, 1.4041775504e-15, 2.47170227943e-15, 1.79410154437e-15, 1.49805590601e-15, 2.29988842234e-15, 1.29555097475e-15, 1.2084961048e-15, 3.29421616396e-15, 1.97076212398e-15, 1.32933689555e-15, 2.03699501826e-15, 1.00971017758e-15, 1.32417062985e-15, 4.17336309486e-15, 2.06296229557e-15, 1.1141319758e-15, 9.05023999197e-16, 1.01310360332e-15, 1.44727733961e-15, 6.99610462675e-16, 7.89519516015e-16, 1.58662707081e-15, 1.66234376948e-15, 9.34705621855e-16, 9.11005322354e-16, 5.69639503787e-16, 7.7916744991e-16, 1.85786110244e-15, 1.27528137044e-15, 7.46374728176e-16, 1.31375064229e-15, 1.92995207658e-15, 1.73625829968e-15], "var": [1.81791918408e-07, 2.11934020626e-05, 3.81014979212e-05, 1.27714783957e-05, 3.79861964106e-09, 4.60828736282e-11, 3.99223459846e-10, 1.89012165919e-08, 6.51132154417e-07, 4.6951731747e-07, 1.06574358227e-08, 5.05770749726e-08, 1.2228637658e-08, 4.84795386058e-08, 1.82158146345e-08, 2.2965259916e-08, 1.54058188429e-08, 1.8368993826e-10, 2.12833889401e-10, 6.42037768436e-12, 1.18027991894e-11, 1.69163242442e-11, 8.10058877615e-12, 4.58075374507e-12, 2.1210062786e-12, 1.55905453478e-12, 2.09086198875e-12, 1.41633085468e-11, 8.51145126601e-11, 3.09129180587e-11, 6.40325856574e-12, 9.59749814344e-12, 1.18361527177e-12, 1.21167333979e-12, 5.96429156063e-13, 3.03207979557e-13, 4.67843591558e-13, 2.90351564406e-13, 1.16620133147e-13, 8.40319160826e-14]}, "mfcc": {"mean": [-922.735412598, 159.830581665, 33.6142196655, 3.49087429047, 9.53459358215, 23.7973957062, 22.9415111542, 12.5965986252, 6.59927988052, 2.56264567375, -6.29241657257, -18.2941398621, -23.228433609], "cov": [[17320.8007812, 4898.82128906, -4267.40478516, -3457.48144531, -2664.73999023, -1564.75146484, -981.498046875, -327.466674805, 661.863525391, 1123.17736816, 877.680236816, 425.486114502, 715.772094727], [4898.82128906, 4741.89013672, -1367.14562988, -1783.82165527, -1168.11694336, -955.502258301, -402.770111084, 18.1848239899, 546.148925781, 769.041015625, 447.847839355, 82.0714797974, 357.352081299], [-4267.40478516, -1367.14562988, 1925.56005859, 1420.60913086, 954.902832031, 550.16027832, 285.237304688, 124.191360474, -141.574386597, -294.706207275, -230.471405029, -49.3292961121, -142.14541626], [-3457.48144531, -1783.82165527, 1420.60913086, 1802.62805176, 1068.25390625, 402.140045166, 109.262405396, 55.5660018921, -140.316711426, -320.223114014, -214.043502808, 7.77876758575, -101.615646362], [-2664.73999023, -1168.11694336, 954.902832031, 1068.25390625, 947.264526367, 638.282165527, 311.616973877, 48.020362854, -188.793060303, -262.763183594, -92.5317306519, 22.7726860046, -108.113365173], [-1564.75146484, -955.502258301, 550.16027832, 402.140045166, 638.282165527, 930.350158691, 634.351196289, 126.814361572, -222.208877563, -234.47038269, 4.82173633575, 92.6280822754, -105.964950562], [-981.498046875, -402.770111084, 285.237304688, 109.262405396, 311.616973877, 634.351196289, 593.989440918, 243.584487915, -32.123249054, -43.9935722351, 82.0463943481, 146.825561523, 9.12056827545], [-327.466674805, 18.1848239899, 124.191360474, 55.5660018921, 48.020362854, 126.814361572, 243.584487915, 318.945648193, 261.32220459, 202.568984985, 155.678070068, 185.448135376, 187.181915283], [661.863525391, 546.148925781, -141.574386597, -140.316711426, -188.793060303, -222.208877563, -32.123249054, 261.32220459, 473.977386475, 431.912872314, 270.508300781, 220.462310791, 297.558807373], [1123.17736816, 769.041015625, -294.706207275, -320.223114014, -262.763183594, -234.47038269, -43.9935722351, 202.568984985, 431.912872314, 502.809967041, 342.489105225, 238.321426392, 305.670654297], [877.680236816, 447.847839355, -230.471405029, -214.043502808, -92.5317306519, 4.82173633575, 82.0463943481, 155.678070068, 270.508300781, 342.489105225, 340.687835693, 259.888397217, 242.047546387], [425.486114502, 82.0714797974, -49.3292961121, 7.77876758575, 22.7726860046, 92.6280822754, 146.825561523, 185.448135376, 220.462310791, 238.321426392, 259.888397217, 300.377166748, 255.126525879], [715.772094727, 357.352081299, -142.14541626, -101.615646362, -108.113365173, -105.964950562, 9.12056827545, 187.181915283, 297.558807373, 305.670654297, 242.047546387, 255.126525879, 345.011749268]], "icov": [[0.0002219160815, -0.000166710917256, 0.000370797351934, -0.000389036344131, 0.000859974126797, -0.000970036024228, 0.000770930200815, 4.45999685326e-05, 7.98177716206e-05, -0.000132879402372, 5.02892835357e-05, -0.000275636848528, -0.000105126586277], [-0.000166710917256, 0.000649364897981, -0.000422111712396, 0.000983683508821, -0.00132493488491, 0.00191498128697, -0.00156144879293, 0.000676923780702, -0.00038667206536, 5.17006737937e-05, -0.000557029270567, 0.000744032440707, -0.00023563799914], [0.000370797351934, -0.000422111712396, 0.00221287598833, -0.00190990942065, 0.0015321848914, -0.00255329837091, 0.0015280302614, -0.000581444241107, 0.00043434635154, -0.0013154160697, 0.00135800696444, -4.36337322753e-05, -0.000141534736031], [-0.000389036344131, 0.000983683508821, -0.00190990942065, 0.00595446210355, -0.00739653035998, 0.00567032722756, -0.00160310731735, -0.000293180317385, -0.00131377857178, 0.00151961273514, 0.00149121647701, -0.00320952059701, 0.00149423023686], [0.000859974126797, -0.00132493488491, 0.0015321848914, -0.00739653035998, 0.0142520656809, -0.0122603867203, 0.00678000925109, -0.0007371280808, 0.00145399034955, -0.000970296794549, -0.00218190229498, 0.00251417653635, -0.00176065263804], [-0.000970036024228, 0.00191498128697, -0.00255329837091, 0.00567032722756, -0.0122603867203, 0.0212115552276, -0.0186009630561, 0.00689691770822, -0.0028490438126, 0.00549755338579, -0.00482752919197, 0.0014178736601, -5.30110446562e-06], [0.000770930200815, -0.00156144879293, 0.0015280302614, -0.00160310731735, 0.00678000925109, -0.0186009630561, 0.0264731235802, -0.018196888268, 0.00907275266945, -0.00493937591091, 0.00380143616349, -0.00694546941668, 0.0047798557207], [4.45999685326e-05, 0.000676923780702, -0.000581444241107, -0.000293180317385, -0.0007371280808, 0.00689691770822, -0.018196888268, 0.0266267433763, -0.0163368284702, 0.00444981874898, 0.000904949731193, 0.00229983776808, -0.00538534624502], [7.98177716206e-05, -0.00038667206536, 0.00043434635154, -0.00131377857178, 0.00145399034955, -0.0028490438126, 0.00907275266945, -0.0163368284702, 0.023837748915, -0.0153298536316, 0.00304274214432, -0.00188133213669, 0.00051023735432], [-0.000132879402372, 5.17006737937e-05, -0.0013154160697, 0.00151961273514, -0.000970296794549, 0.00549755338579, -0.00493937591091, 0.00444981874898, -0.0153298536316, 0.026613837108, -0.0180791225284, 0.00651140743867, -0.00326052401215], [5.02892835357e-05, -0.000557029270567, 0.00135800696444, 0.00149121647701, -0.00218190229498, -0.00482752919197, 0.00380143616349, 0.000904949731193, 0.00304274214432, -0.0180791225284, 0.0298783145845, -0.0180590450764, 0.00449942238629], [-0.000275636848528, 0.000744032440707, -4.36337322753e-05, -0.00320952059701, 0.00251417653635, 0.0014178736601, -0.00694546941668, 0.00229983776808, -0.00188133213669, 0.00651140743867, -0.0180590450764, 0.0279396548867, -0.0131402695552], [-0.000105126586277, -0.00023563799914, -0.000141534736031, 0.00149423023686, -0.00176065263804, -5.30110446562e-06, 0.0047798557207, -0.00538534624502, 0.00051023735432, -0.00326052401215, 0.00449942238629, -0.0131402695552, 0.0149933500215]]}, "spectral_contrast_coeffs": {"dmean": [0.0680345445871, 0.0452085547149, 0.0360451005399, 0.0387908518314, 0.0240574032068, 0.0397533886135], "dmean2": [0.0989415124059, 0.072794906795, 0.0529702231288, 0.0563371032476, 0.0377171374857, 0.0633641779423], "dvar": [0.00553964357823, 0.00244682398625, 0.00140569452196, 0.00188728317153, 0.000646791420877, 0.00179874477908], "dvar2": [0.011451841332, 0.00523046823218, 0.00254215300083, 0.00368403783068, 0.00135616317857, 0.00359540409409], "max": [-0.143400162458, -0.489790856838, -0.511343479156, -0.514781951904, -0.70974946022, -0.672894001007], "mean": [-0.367547392845, -0.757304608822, -0.798764705658, -0.789353609085, -0.863718688488, -0.867833733559], "median": [-0.336037516594, -0.768710494041, -0.812370538712, -0.793947219849, -0.863430261612, -0.870907306671], "min": [-0.946924865246, -0.993904531002, -0.992980480194, -0.972945690155, -0.980028927326, -0.967680752277], "var": [0.0144142424688, 0.0196303520352, 0.00915485341102, 0.00887223146856, 0.00372207188047, 0.00518542947248]}, "spectral_contrast_valleys": {"dmean": [0.942235291004, 0.839844822884, 0.725559473038, 0.85814422369, 1.0927554369, 1.15250170231], "dmean2": [1.44506561756, 1.30370700359, 1.10070347786, 1.30899000168, 1.64923107624, 1.78127324581], "dvar": [0.988313138485, 1.20560526848, 1.05130195618, 1.37399148941, 2.03321409225, 1.65628433228], "dvar2": [1.87550806999, 2.42624759674, 2.09964871407, 2.72834825516, 3.96868610382, 3.37017965317], "max": [-6.24