{"lowlevel": {"average_loudness": 0.925020754337, "barkbands_crest": {"dmean": 2.40342855453, "dmean2": 3.88785457611, "dvar": 7.72132396698, "dvar2": 17.5739173889, "max": 26.9164447784, "mean": 12.9846754074, "median": 11.57954216, "min": 1.71746182442, "var": 25.647939682}, "barkbands_flatness_db": {"dmean": 0.0670552328229, "dmean2": 0.0954318717122, "dvar": 0.00481190206483, "dvar2": 0.00992335285991, "max": 0.740689694881, "mean": 0.333666533232, "median": 0.313609033823, "min": 0.00881738588214, "var": 0.0263900216669}, "barkbands_kurtosis": {"dmean": 11.4394111633, "dmean2": 18.8935089111, "dvar": 1549.76428223, "dvar2": 4453.46191406, "max": 1085.88024902, "mean": 15.7847957611, "median": 7.39719772339, "min": -1.90767049789, "var": 1610.96606445}, "barkbands_skewness": {"dmean": 1.07954716682, "dmean2": 1.71163666248, "dvar": 2.43880200386, "dvar2": 5.7231593132, "max": 23.2938346863, "mean": 1.4721186161, "median": 1.46843838692, "min": -11.2530269623, "var": 3.91705727577}, "barkbands_spread": {"dmean": 3.13682556152, "dmean2": 5.13508367538, "dvar": 34.0409126282, "dvar2": 81.9295120239, "max": 64.9039382935, "mean": 5.63579463959, "median": 2.88941836357, "min": 0.0241995621473, "var": 54.8270645142}, "dissonance": {"dmean": 0.0426804833114, "dmean2": 0.0683901757002, "dvar": 0.00204356643371, "dvar2": 0.0046494747512, "max": 0.500000059605, "mean": 0.372820258141, "median": 0.40786126256, "min": 0.0335836336017, "var": 0.0130932377651}, "dynamic_complexity": 4.85140371323, "erbbands_crest": {"dmean": 3.02417111397, "dmean2": 4.79891729355, "dvar": 13.1489562988, "dvar2": 29.7674064636, "max": 34.9110870361, "mean": 14.7655353546, "median": 13.6681909561, "min": 2.70003962517, "var": 44.0320472717}, "erbbands_flatness_db": {"dmean": 0.0565651319921, "dmean2": 0.0806948021054, "dvar": 0.00367432436906, "dvar2": 0.00736014684662, "max": 0.652994155884, "mean": 0.300679504871, "median": 0.284916967154, "min": 0.0516002625227, "var": 0.0158814266324}, "erbbands_kurtosis": {"dmean": 9.77151584625, "dmean2": 16.0682544708, "dvar": 423.886291504, "dvar2": 1030.78295898, "max": 285.490600586, "mean": 13.6241598129, "median": 5.64306354523, "min": -1.66403687, "var": 640.846374512}, "erbbands_skewness": {"dmean": 1.06490325928, "dmean2": 1.6951854229, "dvar": 1.88001275063, "dvar2": 4.689412117, "max": 12.4663085938, "mean": 1.76203334332, "median": 1.4984190464, "min": -7.73319625854, "var": 3.26151895523}, "erbbands_spread": {"dmean": 8.47600841522, "dmean2": 14.086016655, "dvar": 171.550735474, "dvar2": 434.986907959, "max": 119.863441467, "mean": 15.0950059891, "median": 8.40926074982, "min": 0.254014760256, "var": 281.828979492}, "hfc": {"dmean": 5.80437421799, "dmean2": 9.34543418884, "dvar": 118.643592834, "dvar2": 319.88381958, "max": 166.099502563, "mean": 10.905090332, "median": 8.1123008728, "min": 1.18971799317e-16, "var": 132.150009155}, "melbands_crest": {"dmean": 2.71794939041, "dmean2": 4.45437145233, "dvar": 10.0377836227, "dvar2": 24.3486976624, "max": 33.7523345947, "mean": 15.2833271027, "median": 14.4741516113, "min": 2.31287431717, "var": 25.1410198212}, "melbands_flatness_db": {"dmean": 0.0757589116693, "dmean2": 0.108219519258, "dvar": 0.00648926757276, "dvar2": 0.0134468208998, "max": 0.891940355301, "mean": 0.43176266551, "median": 0.402128338814, "min": 0.00683518499136, "var": 0.0356808677316}, "melbands_kurtosis": {"dmean": 12.5269432068, "dmean2": 20.8668441772, "dvar": 519.098144531, "dvar2": 1337.88256836, "max": 334.624267578, "mean": 16.4529380798, "median": 9.39155387878, "min": -1.8426002264, "var": 624.239868164}, "melbands_skewness": {"dmean": 1.05695414543, "dmean2": 1.70245742798, "dvar": 1.7846750021, "dvar2": 4.35650444031, "max": 14.7332115173, "mean": 1.69116473198, "median": 1.5709489584, "min": -4.11686611176, "var": 3.53933000565}, "melbands_spread": {"dmean": 3.60449647903, "dmean2": 5.84774637222, "dvar": 59.0388679504, "dvar2": 145.376998901, "max": 124.338684082, "mean": 6.67842197418, "median": 3.37826561928, "min": 0.179046243429, "var": 98.7437515259}, "pitch_salience": {"dmean": 0.0708211585879, "dmean2": 0.114344187081, "dvar": 0.00693533103913, "dvar2": 0.0156004922464, "max": 0.93418520689, "mean": 0.55282407999, "median": 0.604633450508, "min": 0.044330984354, "var": 0.0297201070935}, "silence_rate_20dB": {"dmean": 0, "dmean2": 0, "dvar": 0, "dvar2": 0, "max": 1, "mean": 1, "median": 1, "min": 1, "var": 0}, "silence_rate_30dB": {"dmean": 0.00206291908398, "dmean2": 0.00412690220401, "dvar": 0.00205868086778, "dvar2": 0.00617338903248, "max": 1, "mean": 0.998968780041, "median": 1, "min": 0, "var": 0.0010300806025}, "silence_rate_60dB": {"dmean": 0.0515729747713, "dmean2": 0.103172555566, "dvar": 0.0489126034081, "dvar2": 0.0982053726912, "max": 1, "mean": 0.174529522657, "median": 0, "min": 0, "var": 0.144066035748}, "spectral_centroid": {"dmean": 161.432113647, "dmean2": 262.472595215, "dvar": 103237.296875, "dvar2": 247806.65625, "max": 5169.39550781, "mean": 515.612243652, "median": 353.804626465, "min": 123.194084167, "var": 192134.453125}, "spectral_complexity": {"dmean": 3.2991232872, "dmean2": 4.90817642212, "dvar": 25.6756706238, "dvar2": 50.5702095032, "max": 46, "mean": 7.72853851318, "median": 5, "min": 0, "var": 50.2749137878}, "spectral_decrease": {"dmean": 3.27206572948e-09, "dmean2": 5.14546583119e-09, "dvar": 2.08499062482e-17, "dvar2": 5.02528567215e-17, "max": -2.03076429218e-30, "mean": -7.95985410917e-09, "median": -7.32220994948e-09, "min": -3.32287477534e-08, "var": 4.42259128993e-17}, "spectral_energy": {"dmean": 0.0128344092518, "dmean2": 0.0201809685677, "dvar": 0.000320393766742, "dvar2": 0.000776236876845, "max": 0.127797722816, "mean": 0.0310313738883, "median": 0.0285399090499, "min": 1.07987548474e-20, "var": 0.000665144179948}, "spectral_energyband_high": {"dmean": 0.000115679256851, "dmean2": 0.000197218934773, "dvar": 6.91972488198e-08, "dvar2": 1.83223690442e-07, "max": 0.00487626809627, "mean": 0.00010248702165, "median": 3.89149590774e-06, "min": 7.88544088584e-21, "var": 6.7716719343e-08}, "spectral_energyband_low": {"dmean": 0.00461492314935, "dmean2": 0.00759265851229, "dvar": 5.53936151846e-05, "dvar2": 0.000131880340632, "max": 0.0759283080697, "mean": 0.00930314511061, "median": 0.00310193980113, "min": 7.7330179138e-23, "var": 0.000127924839035}, "spectral_energyband_middle_high": {"dmean": 0.00206952169538, "dmean2": 0.00359842763282, "dvar": 4.47116726718e-05, "dvar2": 0.000126324870507, "max": 0.108610473573, "mean": 0.0021683073137, "median": 0.000183364725672, "min": 1.75191481912e-21, "var": 3.42100429407e-05}, "spectral_energyband_middle_low": {"dmean": 0.00839784368873, "dmean2": 0.0130218155682, "dvar": 0.000157470116392, "dvar2": 0.000368397013517, "max": 0.109895303845, "mean": 0.0208051782101, "median": 0.0161547120661, "min": 2.26855797606e-22, "var": 0.00039499529521}, "spectral_entropy": {"dmean": 0.566359817982, "dmean2": 0.845039844513, "dvar": 0.410962343216, "dvar2": 0.885586380959, "max": 9.62673473358, "mean": 5.89792394638, "median": 5.96925783157, "min": 2.61249899864, "var": 1.76185750961}, "spectral_flux": {"dmean": 0.0387972891331, "dmean2": 0.0599300935864, "dvar": 0.00223541841842, "dvar2": 0.00460377475247, "max": 0.322840750217, "mean": 0.07230232656, "median": 0.0512357577682, "min": 5.41019380762e-06, "var": 0.00411143526435}, "spectral_kurtosis": {"dmean": 41.53540802, "dmean2": 65.246421814, "dvar": 7177.92236328, "dvar2": 15754.9394531, "max": 1243.24243164, "mean": 70.3929824829, "median": 18.7456798553, "min": -1.17539465427, "var": 14000.4521484}, "spectral_rms": {"dmean": 0.00113670004066, "dmean2": 0.00171962904278, "dvar": 2.26458882935e-06, "dvar2": 5.02565353599e-06, "max": 0.0111660519615, "mean": 0.00479523418471, "median": 0.00527672376484, "min": 3.24582353183e-12, "var": 7.28018221707e-06}, "spectral_rolloff": {"dmean": 171.376480103, "dmean2": 289.358062744, "dvar": 323508.40625, "dvar2": 638309.875, "max": 18906.1523438, "mean": 552.969360352, "median": 344.53125, "min": 129.19921875, "var": 430467.875}, "spectral_skewness": {"dmean": 1.89735889435, "dmean2": 2.85737752914, "dvar": 6.98854207993, "dvar2": 13.4961929321, "max": 30.3367214203, "mean": 5.34359073639, "median": 3.44199466705, "min": 0.0187865719199, "var": 22.1116886139}, "spectral_spread": {"dmean": 978110.875, "dmean2": 1469172.75, "dvar": 1424387211260.0, "dvar2": 2535601471490.0, "max": 47078256, "mean": 2771199.5, "median": 2336142.25, "min": 92902.4140625, "var": 4106630987780.0}, "spectral_strongpeak": {"dmean": 0.375686377287, "dmean2": 0.620494663715, "dvar": 0.314228594303, "dvar2": 0.803623259068, "max": 8.46559238434, "mean": 1.0266469717, "median": 0.601366341114, "min": 5.14695897014e-10, "var": 1.05798900127}, "zerocrossingrate": {"dmean": 0.00500406417996, "dmean2": 0.00608393130824, "dvar": 8.58646817505e-05, "dvar2": 0.000104877268313, "max": 0.51171875, "mean": 0.0239391252398, "median": 0.0166015625, "min": 0.0029296875, "var": 0.000511145859491}, "barkbands": {"dmean": [5.63767353015e-05, 0.00262578576803, 0.00201990129426, 0.00209269928746, 0.00361273461021, 0.00329383346252, 0.000654064991977, 0.000428927392932, 0.000577362137847, 0.000382149242796, 0.000744555669371, 0.000424328056397, 0.000222994800424, 0.000142171047628, 0.000117586416309, 8.6529267719e-05, 7.2535694926e-05, 5.57029379706e-05, 5.05519747094e-05, 6.86310959281e-05, 3.54831718141e-05, 1.60648742167e-05, 1.36736189233e-05, 1.31398810481e-05, 1.2820010852e-05, 6.53831466479e-06, 1.79001051492e-06], "dmean2": [9.93342910078e-05, 0.00443123746663, 0.00332767749205, 0.00361419445835, 0.00583237828687, 0.00520583894104, 0.000992368091829, 0.000679905468132, 0.000915345910471, 0.000618245219812, 0.00138256186619, 0.000775043561589, 0.000391017936636, 0.000244033653871, 0.000195323373191, 0.000152170556248, 0.000122848563478, 9.32824987103e-05, 9.0362271294e-05, 0.000126687198645, 6.31466391496e-05, 2.78383959085e-05, 2.32908860198e-05, 2.14169813262e-05, 2.06066306419e-05, 1.07001942524e-05, 3.23161157212e-06], "dvar": [1.77888175301e-08, 2.1919984647e-05, 1.35917398438e-05, 1.69258419191e-05, 3.82747748517e-05, 4.38672577729e-05, 4.45983960162e-06, 8.89622242539e-07, 1.78009304364e-06, 8.08840241007e-07, 1.38425830301e-05, 3.35391723638e-06, 4.93301797633e-07, 1.70620609197e-07, 1.30175450863e-07, 8.75692620639e-08, 7.03981726247e-08, 4.09245473065e-08, 3.67739119156e-08, 1.73994223474e-07, 1.11439089068e-08, 1.1322337512e-09, 8.23557610996e-10, 1.10299192002e-09, 9.71159153096e-10, 4.62769295106e-10, 8.98849744635e-11], "dvar2": [4.74701344899e-08, 5.52303790755e-05, 3.42601306329e-05, 4.68799407827e-05, 9.50307294261e-05, 9.79451651801e-05, 7.36340280127e-06, 2.11214205592e-06, 4.27962595495e-06, 2.03024683287e-06, 4.02435143769e-05, 9.60492889135e-06, 1.38578593578e-06, 4.59775549189e-07, 3.37706296705e-07, 2.38522829932e-07, 1.80844736519e-07, 1.00966097705e-07, 1.05150043339e-07, 4.97517191889e-07, 3.1030662484e-08, 2.96752311613e-09, 2.12963269242e-09, 2.75354561374e-09, 2.31475527634e-09, 1.20319998409e-09, 2.60862526025e-10], "max": [0.00147473614197, 0.0524514690042, 0.0347468033433, 0.0502427518368, 0.0936088114977, 0.109333254397, 0.0920721441507, 0.021797215566, 0.0417569875717, 0.0162725448608, 0.0563323833048, 0.0343681313097, 0.0126973446459, 0.00703509896994, 0.00608276342973, 0.00493063218892, 0.00521853286773, 0.00527699477971, 0.00458850665018, 0.0141795817763, 0.00221027527004, 0.000354193820385, 0.000294990953989, 0.00048673391575, 0.000357932585757, 0.000398777512601, 0.000188481848454], "mean": [4.21272270614e-05, 0.00460264226422, 0.00344050279818, 0.00306336395442, 0.00690830824897, 0.00690561113879, 0.00140299531631, 0.00104000105057, 0.00123303104192, 0.000778195913881, 0.000477956520626, 0.00031208753353, 0.000219267443754, 0.000117506257084, 0.0001322045282, 7.94309380581e-05, 5.93337936152e-05, 4.79029549751e-05, 3.73274488084e-05, 4.49363724329e-05, 2.66343467956e-05, 1.35616528496e-05, 1.17740855785e-05, 1.28991587189e-05, 1.32310397021e-05, 7.14128100299e-06, 1.4399970496e-06], "median": [5.34352238901e-06, 0.00102939573117, 0.000980734825134, 0.000512169033755, 0.0034597995691, 0.000943069753703, 7.78126486694e-05, 5.49771466467e-05, 5.48204952793e-05, 2.13824041566e-05, 1.12102243293e-05, 1.18751358968e-05, 1.18201833175e-05, 6.4985138124e-06, 5.77045921091e-06, 4.50970719612e-06, 2.63949891632e-06, 1.65732524238e-06, 2.14031933865e-06, 1.73119246938e-06, 1.00843249129e-06, 5.75821218263e-07, 3.41648132007e-07, 2.42767583813e-07, 1.73418342797e-07, 4.69214818111e-08, 4.89113993751e-09], "min": [5.81708555865e-24, 4.59962863501e-23, 2.50260410828e-23, 4.71313467522e-24, 1.40594655947e-23, 3.22239519254e-23, 9.00055141215e-23, 2.52745795996e-23, 5.50291255236e-23, 6.88487758254e-23, 4.67416557759e-23, 1.34575353784e-22, 1.74175312945e-22, 9.45274983331e-23, 1.70262272555e-22, 4.00084830874e-22, 1.52846003437e-22, 1.96370968432e-22, 1.94185583911e-22, 3.30665803278e-22, 3.6771179686e-22, 4.64682441592e-22, 5.95839945064e-22, 8.97301638003e-22, 1.49023897883e-21, 1.40080391212e-21, 2.59500351233e-21], "var": [1.26158807845e-08, 4.58591675851e-05, 2.47802854574e-05, 2.32828115259e-05, 9.16074714041e-05, 0.00015483032621, 2.01061720873e-05, 5.59211821383e-06, 1.24231846712e-05, 4.1540129132e-06, 7.83225186751e-06, 2.12515533349e-06, 4.26996962233e-07, 1.3216225625e-07, 1.52392601649e-07, 6.78994283021e-08, 6.5493416912e-08, 5.33111119694e-08, 2.32676224954e-08, 1.0282418117e-07, 7.74448061236e-09, 1.08612452365e-09, 8.08889288884e-10, 1.3619374517e-09, 1.45475143043e-09, 5.73596059539e-10, 5.46609806029e-11]}, "erbbands": {"dmean": [0.0436935536563, 0.700757861137, 2.16789197922, 4.61185693741, 8.48294448853, 13.3625144958, 22.0069675446, 28.704334259, 12.3030014038, 8.55707168579, 8.70908641815, 14.784497261, 8.78097915649, 15.301024437, 36.3556556702, 15.1127433777, 10.5151338577, 7.46631813049, 6.64394140244, 5.69098424911, 4.45649003983, 4.09026432037, 3.21710705757, 2.65418219566, 3.11390924454, 2.98339819908, 1.75415480137, 1.06008458138, 0.626140356064, 0.482693612576, 0.351462811232, 0.264383792877, 0.238163769245, 0.155754521489, 0.0833909139037, 0.0324781090021, 0.0114078028128, 0.00307923392393, 0.000312913442031, 2.55744889728e-05], "dmean2": [0.0734776332974, 1.18451189995, 3.61428809166, 7.83362913132, 14.3933296204, 22.133731842, 35.4477958679, 45.5681991577, 18.4328269958, 13.7516651154, 14.2658939362, 23.1100921631, 14.0476036072, 25.7390460968, 67.3785705566, 27.2418994904, 18.4115428925, 12.9734516144, 11.1131019592, 9.61196231842, 7.62240982056, 6.93333530426, 5.29237270355, 4.65250253677, 5.64480113983, 5.48867464066, 3.13721013069, 1.86245083809, 1.08949661255, 0.845676243305, 0.592656493187, 0.434652745724, 0.394166380167, 0.256036221981, 0.134148404002, 0.052298232913, 0.0190724134445, 0.00527651514858, 0.000566405360587, 4.32929737144e-05], "dvar": [0.00601181713864, 1.56882822514, 14.3647699356, 75.7427062988, 222.956298828, 654.470275879, 1676.91894531, 3489.93725586, 1326.98059082, 366.598052979, 397.285095215, 1208.19262695, 492.67956543, 1423.72851562, 38847.9726562, 3556.34106445, 1145.94128418, 502.264434814, 384.890533447, 313.683502197, 243.982391357, 225.162796021, 143.423446655, 107.522651672, 186.614486694, 301.637634277, 33.9824409485, 5.95532846451, 1.70986390114, 1.12004303932, 0.505253493786, 0.419647365808, 0.370078086853, 0.142893642187, 0.043840046972, 0.00880841165781, 0.00149711407721, 0.000145666155731, 3.07433924718e-06, 7.65697993899e-09], "dvar2": [0.0158028006554, 3.93830299377, 37.8463363647, 204.894470215, 588.795837402, 1725.77001953, 4108.49804688, 7754.42822266, 2172.30737305, 871.522460938, 1005.14599609, 2792.79516602, 1273.01794434, 3737.00708008, 112762.203125, 10118.5166016, 3240.99121094, 1378.41564941, 975.840698242, 844.788635254, 649.501586914, 592.337463379, 337.455474854, 306.832672119, 519.941650391, 869.646728516, 95.6127548218, 15.915596962, 4.43392467499, 2.98250555992, 1.28890788555, 1.06288838387, 0.930843830109, 0.340260118246, 0.107904724777, 0.0222254414111, 0.00392556423321, 0.000402628560551, 8.97836525837e-06, 2.24660823278e-08], "max": [0.901204705238, 14.2278823853, 33.3749427795, 91.4181060791, 160.74180603, 405.370178223, 683.422973633, 865.75579834, 1411.46630859, 415.401916504, 612.01550293, 1207.17407227, 545.055114746, 630.393005371, 3368.97265625, 1047.90075684, 575.017822266, 385.217834473, 326.415679932, 310.436981201, 245.730026245, 188.979232788, 378.057769775, 268.581542969, 370.031768799, 586.252990723, 123.06451416, 31.6109046936, 13.5073108673, 13.4940919876, 6.77453804016, 10.5514726639, 7.16192960739, 4.18939971924, 2.55913758278, 1.54984593391, 0.689840137959, 0.20750144124, 0.0342346690595, 0.00210325233638], "mean": [0.063205100596, 1.26533639431, 3.93848013878, 7.17398500443, 14.4764070511, 23.6451263428, 45.3441696167, 59.3723869324, 27.0329914093, 20.3015422821, 20.1798171997, 34.4408302307, 17.8686275482, 23.3654747009, 23.7401599884, 12.2904996872, 10.535238266, 6.67080593109, 6.40089654922, 6.64115858078, 3.94845962524, 3.29569268227, 2.96330094337, 2.05505871773, 2.17219781876, 1.97517716885, 1.2736467123, 0.835339605808, 0.522110939026, 0.394057810307, 0.313416719437, 0.253953665495, 0.23095344007, 0.157919973135, 0.0854996964335, 0.03493135795, 0.0121106766164, 0.00301564880647, 0.000253871374298, 4.27401828347e-05], "median": [0.0154600851238, 0.260756969452, 1.10408830643, 2.52090930939, 4.38317966461, 10.9734621048, 15.4567089081, 7.75923728943, 2.65527415276, 1.78107452393, 1.60989940166, 1.48716986179, 0.968915164471, 0.785238265991, 0.71501147747, 0.669042944908, 0.60757380724, 0.483985543251, 0.436506092548, 0.271240144968, 0.2474655509, 0.16771247983, 0.113406062126, 0.0959941446781, 0.11433250457, 0.0838952213526, 0.0491063557565, 0.0346131809056, 0.022650308907, 0.015978243202, 0.00871012359858, 0.00551158934832, 0.00400553550571, 0.00239821942523, 0.000939404068049, 0.000298344995826, 8.25085662655e-05, 1.32605337058e-05, 1.89008624147e-05, 3.44762593159e-05], "min": [2.25319515605e-21, 7.31332028426e-21, 1.89748867106e-20, 2.58936111465e-20, 4.11784564537e-20, 4.92331147437e-20, 1.31989203689e-19, 3.20595585735e-19, 8.28880934001e-19, 1.0903068688e-18, 7.44613563458e-19, 1.63485258395e-18, 1.01651563732e-18, 2.64421393615e-18, 2.66786737256e-18, 6.8560029619e-18, 7.30761958812e-18, 6.02115645302e-18, 5.8670101051e-18, 1.27137850401e-17, 2.18104316842e-17, 9.42969768289e-18, 1.18049137246e-17, 1.0579372028e-17, 9.68572497172e-18, 1.68807115117e-17, 1.11973338483e-17, 1.74280784298e-17, 1.75410961168e-17, 1.95069189667e-17, 1.56088419106e-17, 1.65111603013e-17, 1.66652640494e-17, 1.65407502061e-17, 9.81985478959e-18, 5.5243654256e-18, 2.54554617833e-18, 9.97890321661e-19, 3.74674922275e-19, 4.42861772462e-20], "var": [0.0091562718153, 3.41952967644, 27.2405529022, 101.731788635, 388.549713135, 1395.28430176, 5322.44580078, 12109.1923828, 5901.45117188, 1811.3503418, 2188.15698242, 9985.20410156, 2418.57958984, 4589.09863281, 21833.8535156, 2522.82348633, 967.259460449, 383.437652588, 388.612335205, 424.412109375, 192.888015747, 185.675872803, 238.804122925, 69.8694458008, 121.965057373, 175.112121582, 22.3079471588, 4.9607052803, 1.64122605324, 0.960219204426, 0.548821210861, 0.508892297745, 0.44168150425, 0.206441476941, 0.0637307390571, 0.0120128216222, 0.00179132295307, 0.000135159454658, 1.77746119334e-06, 4.64419347423e-09]}, "gfcc": {"mean": [-171.776199341, 161.515640259, -62.6787757874, 15.2438077927, -50.7916412354, -6.93007230759, -32.3099479675, -9.35767173767, -20.3840026855, -5.54344940186, -10.6709527969, -8.61547374725, -3.07455730438], "cov": [[34325.6523438, -5384.57177734, -8350.94140625, 277.712310791, -856.151000977, 2313.93554688, -576.10534668, 913.742797852, -638.999389648, 714.292175293, -161.949935913, 673.728942871, 156.415420532], [-5384.57177734, 3564.51904297, 2184.40112305, -176.476593018, 465.890136719, -942.566650391, 165.875152588, -670.684936523, 368.580444336, -205.289672852, 345.784637451, -227.969726562, 312.936218262], [-8350.94140625, 2184.40112305, 4245.9453125, 579.273925781, 336.649810791, -743.93737793, -40.9113883972, -511.24810791, 47.0910072327, -213.436508179, 245.800582886, 14.8403511047, 67.3800125122], [277.712310791, -176.476593018, 579.273925781, 1281.71826172, 198.227554321, 28.4585494995, -127.281776428, -207.331008911, -204.436248779, -70.6587905884, 122.845451355, 170.581512451, 70.9643707275], [-856.151000977, 465.890136719, 336.649810791, 198.227554321, 470.465057373, 44.9090995789, 41.3589248657, -143.401046753, -41.7011947632, -104.607460022, 26.7341556549, -35.1059646606, 0.0905790030956], [2313.93554688, -942.566650391, -743.93737793, 28.4585494995, 44.9090995789, 629.989074707, 34.1315155029, 202.028106689, -185.236724854, -7.85081100464, -179.564224243, 13.3777265549, -146.120346069], [-576.10534668, 165.875152588, -40.9113883972, -127.281776428, 41.3589248657, 34.1315155029, 241.357879639, 22.5378398895, 12.9963874817, -43.3812484741, -57.4059867859, -99.1011123657, -27.0872001648], [913.742797852, -670.684936523, -511.24810791, -207.331008911, -143.401046753, 202.028106689, 22.5378398895, 328.671661377, 9.34727478027, 44.6419181824, -145.913925171, -28.8643417358, -114.71723938], [-638.999389648, 368.580444336, 47.0910072327, -204.436248779, -41.7011947632, -185.236724854, 12.9963874817, 9.34727478027, 209.657440186, 43.8016891479, 27.310918808, -74.8999252319, 35.3513526917], [714.292175293, -205.289672852, -213.436508179, -70.6587905884, -104.607460022, -7.85081100464, -43.3812484741, 44.6419181824, 43.8016891479, 142.012145996, 31.3933258057, 18.0963249207, 0.703100383282], [-161.949935913, 345.784637451, 245.800582886, 122.845451355, 26.7341556549, -179.564224243, -57.4059867859, -145.913925171, 27.310918808, 31.3933258057, 203.07623291, 90.9302215576, 79.5546188354], [673.728942871, -227.969726562, 14.8403511047, 170.581512451, -35.1059646606, 13.3777265549, -99.1011123657, -28.8643417358, -74.8999252319, 18.0963249207, 90.9302215576, 174.856826782, 48.0996742249], [156.415420532, 312.936218262, 67.3800125122, 70.9643707275, 0.0905790030956, -146.120346069, -27.0872001648, -114.71723938, 35.3513526917, 0.703100383282, 79.5546188354, 48.0996742249, 156.317077637]], "icov": [[9.7796182672e-05, -0.000107593208668, 0.000171308536665, -7.99191038823e-05, 0.000114104041131, -0.000312720949296, 0.000178250484169, -0.000141632335726, 0.0001846322848, -0.000289762916509, -6.98719086358e-05, -0.000113507943752, -0.0002554289822], [-0.000107593208668, 0.00198935857043, -0.000738795439247, 0.000740131828934, -0.000877391721588, 0.000607148045674, -0.000504956871737, 0.0012604999356, -0.00131997058634, 0.00206245412119, -0.0023490509484, 0.00302233221009, -0.0019320944557], [0.000171308536665, -0.000738795439247, 0.0008754292503, -0.000457627582364, 0.000293093879009, -3.65982486983e-05, 0.000381946825655, -0.000143971134094, 0.000568755203858, -0.000650928297546, 0.000811287376564, -0.0013680413831, 0.00094651884865], [-7.99191038823e-05, 0.000740131828934, -0.000457627582364, 0.00148962449748, -0.000651548965834, 0.000212850092794, 0.000138641349622, 0.000654985138681, 0.000445253652288, 0.000891618896276, -0.00106488273013, 0.000823433569167, -0.000992804532871], [0.000114104041131, -0.000877391721588, 0.000293093879009, -0.000651548965834, 0.00386497052386, -0.00173144449946, 0.000338864338119, 0.000643873645458, 0.000175784240128, 0.000940611877013, -0.000452546053566, 0.000215572727029, 0.000842253793962], [-0.000312720949296, 0.000607148045674, -3.65982486983e-05, 0.000212850092794, -0.00173144449946, 0.00573490513489, -0.00111448660027, -1.63528129633e-05, 0.0017474249471, 0.000181579147466, 0.00276704528369, -0.00108118273783, 0.00270173721947], [0.000178250484169, -0.000504956871737, 0.000381946825655, 0.000138641349622, 0.000338864338119, -0.00111448660027, 0.00640596495941, -0.00119287194684, 0.00167661346495, 0.000819884473458, -0.0011566466419, 0.00361397396773, -0.00110864790622], [-0.000141632335726, 0.0012604999356, -0.000143971134094, 0.000654985138681, 0.000643873645458, -1.63528129633e-05, -0.00119287194684, 0.00958307180554, -0.00442360714078, 0.000503533578012, 0.00410485919565, -0.00255235563964, 0.00388783589005], [0.0001846322848, -0.00131997058634, 0.000568755203858, 0.000445253652288, 0.000175784240128, 0.0017474249471, 0.00167661346495, -0.00442360714078, 0.0129001997411, -0.00377150997519, -0.00205258326605, 0.0049286223948, -0.00268444046378], [-0.000289762916509, 0.00206245412119, -0.000650928297546, 0.000891618896276, 0.000940611877013, 0.000181579147466, 0.000819884473458, 0.000503533578012, -0.00377150997519, 0.0137270893902, -0.00600224686787, 0.00398063194007, -0.000661293335725], [-6.98719086358e-05, -0.0023490509484, 0.000811287376564, -0.00106488273013, -0.000452546053566, 0.00276704528369, -0.0011566466419, 0.00410485919565, -0.00205258326605, -0.00600224686787, 0.0188631359488, -0.0136562129483, 0.00539837544784], [-0.000113507943752, 0.00302233221009, -0.0013680413831, 0.000823433569167, 0.000215572727029, -0.00108118273783, 0.00361397396773, -0.00255235563964, 0.0049286223948, 0.00398063194007, -0.0136562129483, 0.0224586874247, -0.0090718222782], [-0.0002554289822, -0.0019320944557, 0.00094651884865, -0.000992804532871, 0.000842253793962, 0.00270173721947, -0.00110864790622, 0.00388783589005, -0.00268444046378, -0.000661293335725, 0.00539837544784, -0.0090718222782, 0.0164036862552]]}, "melbands": {"dmean": [0.00057178462157, 0.00106362486258, 0.000928689725697, 0.000677438627463, 0.000786270422395, 0.000626660999842, 0.000171742300154, 9.34121853788e-05, 7.72470375523e-05, 8.83309767232e-05, 4.31992775702e-05, 5.77323662583e-05, 0.000114377027785, 6.41010265099e-05, 2.73680070677e-05, 2.038756611e-05, 1.34563915708e-05, 1.11743947855e-05, 8.77006368682e-06, 6.92685034664e-06, 4.72672627438e-06, 4.3668287617e-06, 3.3798385175e-06, 2.58097770711e-06, 2.12137456401e-06, 1.94476660909e-06, 2.9830814583e-06, 1.69994393673e-06, 1.04851744709e-06, 9.09378627512e-07, 5.52923665964e-07, 3.59254016757e-07, 2.86113532866e-07, 2.76765689478e-07, 1.99918687827e-07, 1.88858919614e-07, 1.57781656185e-07, 1.7476762082e-07, 1.51105922441e-07, 1.25646380411e-07], "dmean2": [0.000960742123425, 0.00177821796387, 0.00156000081915, 0.00110526627395, 0.00126528576948, 0.000992412213236, 0.00025665294379, 0.000149603147293, 0.000126055587316, 0.000137932467624, 6.96152928867e-05, 9.54677161644e-05, 0.000212425162317, 0.000117118950584, 4.86435455969e-05, 3.5600100091e-05, 2.34446797549e-05, 1.89714046428e-05, 1.47101382026e-05, 1.21461225717e-05, 7.99247482064e-06, 7.42616839489e-06, 5.63539379073e-06, 4.34127287008e-06, 3.75569084099e-06, 3.50599066223e-06, 5.55557198822e-06, 3.10984569296e-06, 1.8649757294e-06, 1.63038987466e-06, 9.70601377048e-07, 6.24238339242e-07, 5.03975797983e-07, 4.87172883368e-07, 3.38301930469e-07, 3.21481792298e-07, 2.59178477791e-07, 2.91568255761e-07, 2.51930231343e-07, 2.05321754265e-07], "dvar": [1.02166291072e-06, 3.11722646984e-06, 2.76334048976e-06, 1.30079206428e-06, 2.07474045055e-06, 1.65738526903e-06, 2.8063337254e-07, 4.20313241989e-08, 3.06084046997e-08, 4.11032026193e-08, 1.2339468114e-08, 2.04042613916e-08, 3.54737011321e-07, 9.16937921147e-08, 1.13366729337e-08, 3.97982002909e-09, 1.62938629256e-09, 1.08670572541e-09, 7.95032539802e-10, 4.85529838556e-10, 2.87931373188e-10, 2.67909833207e-10, 1.57196658468e-10, 8.87122042492e-11, 7.45258577073e-11, 4.89976080542e-11, 4.04431099721e-10, 7.85135984005e-11, 9.49877242834e-12, 1.18457847698e-11, 1.67512141311e-12, 5.92259965029e-13, 3.69200546871e-13, 4.2062821325e-13, 1.64967743784e-13, 1.83274023128e-13, 1.72887989732e-13, 1.97569892846e-13, 1.50196437861e-13, 9.17707885595e-14], "dvar2": [2.63068909589e-06, 7.93719664216e-06, 7.37707296139e-06, 3.3252808862e-06, 5.17295075042e-06, 3.64869470104e-06, 4.52649175031e-07, 1.01020695809e-07, 7.7719988667e-08, 9.5816517387e-08, 3.17868469324e-08, 5.21383007879e-08, 1.03144327568e-06, 2.63047013505e-07, 3.26103979376e-08, 1.09851301389e-08, 4.46184023062e-09, 2.80909828732e-09, 2.11899897629e-09, 1.33285804615e-09, 7.59264151551e-10, 7.09911796015e-10, 3.82752884942e-10, 2.24140608851e-10, 2.1455259791e-10, 1.37813510603e-10, 1.15129494827e-09, 2.28074462094e-10, 2.62282886382e-11, 3.384261274e-11, 4.47566810002e-12, 1.54561259624e-12, 9.77692644726e-13, 1.13162354921e-12, 4.2248480105e-13, 4.82209649814e-13, 4.45374558631e-13, 4.994149083e-13, 3.7331227519e-13, 2.17763646199e-13], "max": [0.0107980687171, 0.0168340019882, 0.0181066133082, 0.012458990328, 0.0201551113278, 0.0197166725993, 0.021548030898, 0.00381836621091, 0.00490495795384, 0.00654989480972, 0.00269209034741, 0.0027412250638, 0.00907463300973, 0.00538223655894, 0.00146399799269, 0.00117432174738, 0.00067980226595, 0.000536296167411, 0.000443271012045, 0.000376760814106, 0.000264117523329, 0.00020527774177, 0.000366047112038, 0.000228490054724, 0.000235507439356, 0.000113810514449, 0.000668060034513, 0.000291394389933, 5.98134611209e-05, 7.48488746467e-05, 1.3167285033e-05, 7.472368452e-06, 7.17264583727e-06, 8.10235633253e-06, 3.87033560401e-06, 5.92059905102e-06, 7.11740540282e-06, 5.0809185268e-06, 4.1586486077e-06, 3.65192909157e-06], "mean": [0.00094410777092, 0.00203735404648, 0.00153393077198, 0.00127333961427, 0.00162111606915, 0.00130349409301, 0.000371997070033, 0.000222998409299, 0.000178515168955, 0.000197303714231, 8.3246275608e-05, 9.47732041823e-05, 7.35324574634e-05, 4.53943175671e-05, 2.47508050961e-05, 1.97986173589e-05, 1.15476941573e-05, 1.01084870039e-05, 9.06309924176e-06, 7.68278096075e-06, 3.94009384763e-06, 3.40118549502e-06, 3.07683853862e-06, 2.19829803427e-06, 1.60089041401e-06, 1.38474592859e-06, 1.92706534108e-06, 1.13148894343e-06, 7.68281779528e-07, 6.67369306484e-07, 4.33520085608e-07, 2.9820566283e-07, 2.37691068605e-07, 2.19217341169e-07, 1.76738254254e-07, 1.68166693015e-07, 1.52839447765e-07, 1.65249886663e-07, 1.48511773546e-07, 1.27393988691e-07], "median": [0.000229005599977, 0.000535477127414, 0.0005003043334, 0.000586035661399, 0.00065853248816, 0.000157169211889, 2.26229167311e-05, 1.41193122545e-05, 1.09951251943e-05, 8.24134531285e-06, 4.47211459687e-06, 2.49574509326e-06, 1.85720523405e-06, 1.6472323523e-06, 1.29957845729e-06, 1.17516333376e-06, 7.08219374701e-07, 6.68960240091e-07, 3.74030776129e-07, 3.10816545834e-07, 2.29416770026e-07, 1.46917443544e-07, 1.25568348608e-07, 7.16502484011e-08, 7.28204909706e-08, 8.5380960968e-08, 6.80577443291e-08, 4.93646972188e-08, 3.06779881498e-08, 2.44594779986e-08, 1.74201613135e-08, 1.20794894087e-08, 1.04421582492e-08, 7.44716244228e-09, 4.83564566167e-09, 3.76617670383e-09, 2.94703794701e-09, 2.85802359556e-09, 2.51331222501e-09, 1.77860981498e-09], "min": [1.65465988784e-23, 9.76411796576e-24, 5.45847018e-24, 3.20520141691e-24, 4.02868345511e-24, 6.56846216024e-24, 1.59551756583e-23, 1.0660984973e-23, 6.51864559407e-24, 9.48674737174e-24, 4.88776994141e-24, 1.08786545737e-23, 7.38563843879e-24, 1.54259320324e-23, 2.16854975614e-23, 1.4172659246e-23, 9.91561949147e-24, 7.2660139934e-24, 1.42245378946e-23, 2.38109412756e-23, 2.47740426221e-23, 1.0176591245e-23, 8.42076357482e-24, 9.51317026776e-24, 8.97552763983e-24, 5.28231872315e-24, 8.94684229074e-24, 1.20877503606e-23, 6.49036926935e-24, 7.67865608887e-24, 1.0907474818e-23, 8.81274776976e-24, 1.06994561416e-23, 1.17249082652e-23, 8.62525446525e-24, 1.04937433056e-23, 9.09451705219e-24, 1.11484031936e-23, 1.14146689927e-23, 1.5341067954e-23], "var": [1.90230707631e-06, 6.65314883008e-06, 4.18280251324e-06, 2.81656957668e-06, 5.96604013481e-06, 5.84699500905e-06, 1.27274472561e-06, 2.30089483466e-07, 1.76306201638e-07, 3.0825799513e-07, 5.53847208096e-08, 8.4299678349e-08, 1.99719323746e-07, 5.53350432142e-08, 7.6351742706e-09, 3.80531295363e-09, 1.23256727047e-09, 1.01522246165e-09, 7.90815468665e-10, 5.31579058549e-10, 2.26115751123e-10, 2.07184450152e-10, 2.36551805921e-10, 1.07240376301e-10, 4.71140938763e-11, 3.16547968393e-11, 2.40530068085e-10, 4.50492039505e-11, 6.63382499974e-12, 7.40710964786e-12, 1.36962771853e-12, 5.60173598046e-13, 3.3980291996e-13, 3.33709866381e-13, 1.75266390485e-13, 1.92361209427e-13, 2.02347253536e-13, 2.29904799625e-13, 1.82698420195e-13, 1.36682467644e-13]}, "mfcc": {"mean": [-803.974304199, 173.927444458, 37.7797470093, 27.8421134949, 7.48020887375, 4.88755273819, -1.09779274464, -6.71043968201, -4.67744588852, -2.99575686455, -6.08681154251, -5.13828897476, -4.32992219925], "cov": [[17893.6054688, 69.2521591187, -3345.86254883, -1638.09997559, -978.433044434, -7.91802215576, 203.879592896, 357.521789551, 402.356903076, 405.583526611, 145.995910645, 50.8450241089, 3.80593848228], [69.2521591187, 3006.51708984, 595.186218262, 121.096786499, -44.0208053589, -86.811126709, -162.74810791, -231.163925171, -29.5448551178, 68.4738006592, 37.2991638184, -38.6800842285, 9.28703117371], [-3345.86254883, 595.186218262, 2293.55908203, 1057.79956055, 500.205688477, 152.246444702, -52.9255981445, -152.34387207, -343.445831299, -319.489135742, -98.669960022, -10.2931308746, 6.94345474243], [-1638.09997559, 121.096786499, 1057.79956055, 1117.76782227, 422.496520996, 201.498397827, 43.3107070923, -76.5012664795, -244.397460938, -266.551574707, -120.230155945, -13.86921978, 6.44751596451], [-978.433044434, -44.0208053589, 500.205688477, 422.496520996, 467.063812256, 195.225814819, 53.5641784668, 20.5964870453, -126.602401733, -134.906967163, -32.500957489, -19.2207069397, -8.07352542877], [-7.91802215576, -86.811126709, 152.246444702, 201.498397827, 195.225814819, 306.954467773, 175.509735107, 64.4248657227, -51.3534431458, -74.8418045044, -40.0104255676, -4.61843776703, -25.5999698639], [203.879592896, -162.74810791, -52.9255981445, 43.3107070923, 53.5641784668, 175.509735107, 246.248962402, 130.060302734, 11.4314603806, -28.8125457764, -23.9987449646, -6.64507293701, -18.9787654877], [357.521789551, -231.163925171, -152.34387207, -76.5012664795, 20.5964870453, 64.4248657227, 130.060302734, 202.601531982, 59.2201194763, 3.66421127319, 1.35722994804, -26.0423355103, -19.0333709717], [402.356903076, -29.5448551178, -343.445831299, -244.397460938, -126.602401733, -51.3534431458, 11.4314603806, 59.2201194763, 207.991699219, 154.726989746, 34.9085617065, -8.44152641296, -38.5364570618], [405.583526611, 68.4738006592, -319.489135742, -266.551574707, -134.906967163, -74.8418045044, -28.8125457764, 3.66421127319, 154.726989746, 198.964157104, 79.9692306519, 8.56221103668, -30.9105834961], [145.995910645, 37.2991638184, -98.669960022, -120.230155945, -32.500957489, -40.0104255676, -23.9987449646, 1.35722994804, 34.9085617065, 79.9692306519, 97.0340118408, 35.0027198792, -2.4742000103], [50.8450241089, -38.6800842285, -10.2931308746, -13.86921978, -19.2207069397, -4.61843776703, -6.64507293701, -26.0423355103, -8.44152641296, 8.56221103668, 35.0027198792, 87.3431167603, 38.8881721497], [3.80593848228, 9.28703117371, 6.94345474243, 6.44751596451, -8.07352542877, -25.5999698639, -18.9787654877, -19.0333709717, -38.5364570618, -30.9105834961, -2.4742000103, 38.8881721497, 92.0149612427]], "icov": [[8.65743204486e-05, -3.71528076357e-05, 0.000126219427329, -1.50212133576e-06, 0.000134928457555, -0.000151988788275, 9.4842434919e-05, -0.00017148173356, 0.000127484861878, -5.69472604184e-06, 6.1162095335e-06, -7.67149904277e-05, 2.84585421468e-05], [-3.71528076357e-05, 0.000431561551522, -0.000211585444049, 5.97663120061e-06, 8.49392381497e-05, -5.35325489182e-05, -6.62564634695e-05, 0.00055279728258, -0.000141655880725, -0.000218023255002, -0.000358062214218, 0.000676448049489, -0.000361314683687], [0.000126219427329, -0.000211585444049, 0.00112425908446, -0.000606997869909, -0.000161081639817, -1.56345249707e-05, 0.000293373712339, -0.000195108295884, 0.000596364727244, 0.000417138828197, -0.000113289715955, -0.000372468639398, 0.000519759778399], [-1.50212133576e-06, 5.97663120061e-06, -0.000606997869909, 0.00226344866678, -0.00104559713509, -3.15021316055e-05, -0.00043510706746, 0.000721667835023, 0.000116103619803, 0.000761250383221, 0.0012215533061, -0.000483667856315, 0.00038729966036], [0.000134928457555, 8.49392381497e-05, -0.000161081639817, -0.00104559713509, 0.005036897026, -0.00319523713551, 0.00182123819832, -0.00126706855372, 0.000354877702193, 0.00112286082003, -0.00250758347102, 0.00162111676764, -0.000488932535518], [-0.000151988788275, -5.35325489182e-05, -1.56345249707e-05, -3.15021316055e-05, -0.00319523713551, 0.00892763212323, -0.00596439419314, 0.00119505194016, 0.000854221056215, -0.000559370324481, 0.00228297687136, -0.00209546484984, 0.00235235784203], [9.4842434919e-05, -6.62564634695e-05, 0.000293373712339, -0.00043510706746, 0.00182123819832, -0.00596439419314, 0.0111205829307, -0.00597817543894, 0.00067152956035, -0.000529317825567, 0.00140242278576, -0.00158417772036, 0.000379294913728], [-0.00017148173356, 0.00055279728258, -0.000195108295884, 0.000721667835023, -0.00126706855372, 0.00119505194016, -0.00597817543894, 0.0116876224056, -0.00578336045146, 0.00537708634511, -0.00495030358434, 0.00479591963813, -0.00145447358955], [0.000127484861878, -0.000141655880725, 0.000596364727244, 0.000116103619803, 0.000354877702193, 0.000854221056215, 0.00067152956035, -0.00578336045146, 0.0179633107036, -0.0151078160852, 0.00857408437878, -0.00325046828948, 0.00321916956455], [-5.69472604184e-06, -0.000218023255002, 0.000417138828197, 0.000761250383221, 0.00112286082003, -0.000559370324481, -0.000529317825567, 0.00537708634511, -0.0151078160852, 0.0249545183033, -0.0149549497291, 0.00346685620025, 0.00107179931365], [6.1162095335e-06, -0.000358062214218, -0.000113289715955, 0.0012215533061, -0.00250758347102, 0.00228297687136, 0.00140242278576, -0.00495030358434, 0.00857408437878, -0.0149549497291, 0.025843096897, -0.011522850953, 0.00377111858688], [-7.67149904277e-05, 0.000676448049489, -0.000372468639398, -0.000483667856315, 0.00162111676764, -0.00209546484984, -0.00158417772036, 0.00479591963813, -0.00325046828948, 0.00346685620025, -0.011522850953, 0.0213328991085, -0.0093009956181], [2.84585421468e-05, -0.000361314683687, 0.000519759778399, 0.00038729966036, -0.000488932535518, 0.00235235784203, 0.000379294913728, -0.00145447358955, 0.00321916956455, 0.00107179931365, 0.00377111858688, -0.0093009956181, 0.0169661939144]]}, "spectral_contrast_coeffs": {"dmean": [0.0514270327985, 0.0571471787989, 0.0475957170129, 0.0343594774604, 0.0260229483247, 0.037374407053], "dmean2": [0.0836796686053, 0.092686265707, 0.0748801603913, 0.0544537827373, 0.0423767268658, 0.0578542947769], "dvar": [0.00212609744631, 0.00388105399907, 0.00243921694346, 0.0012122974731, 0.000710214080755, 0.00146909279283], "dvar2": [0.00532105518505, 0.00825393758714, 0.00564183527604, 0.00286163855344, 0.00183492561337, 0.00330974673852], "max": [-0.272240996361, -0.212826177478, -0.346385806799, -0.488583624363, -0.604282677174, -0.533931553364], "mean": [-0.597883760929, -0.64156973362, -0.774970948696, -0.830376565456, -0.856164515018, -0.817702293396], "median": [-0.610715270042, -0.656827151775, -0.805779278278, -0.849862098694, -0.85938501358, -0.814095675945], "min": [-0.990032613277, -0.987976789474, -0.98457890749, -0.984016299248, -0.9607629776, -0.962657570839], "var": [0.0113313710317, 0.0203946121037, 0.0117945652455, 0.00545540265739, 0.00167817762122, 0.00315253972076]}, "spectral_contrast_valleys": {"dmean": [0.614053249359, 0.649310410023, 0.784194409847, 0.836294054985, 0.848396658897, 0.95954144001], "dmean2": [0.950373768806, 0.987169146538, 1.14992272854, 1.21149146557, 1.24739432335, 1.34137892723], "dvar": [0.43913090229, 0.479805886745, 0.62133705616, 0.732978999615, 0.843311667442, 0.905191779137], "dvar2": [0.8330488801, 0.98860692977