{"lowlevel": {"average_loudness": 0.0172481760383, "barkbands_crest": {"dmean": 1.89540684223, "dmean2": 3.13970541954, "dvar": 3.50818252563, "dvar2": 9.78069972992, "max": 26.1488685608, "mean": 16.0045928955, "median": 16.0832862854, "min": 3.72113466263, "var": 26.0023097992}, "barkbands_flatness_db": {"dmean": 0.0221950951964, "dmean2": 0.0375757962465, "dvar": 0.000456470093923, "dvar2": 0.00117845635395, "max": 0.592153787613, "mean": 0.383233785629, "median": 0.384318709373, "min": 0.0474469587207, "var": 0.00507692340761}, "barkbands_kurtosis": {"dmean": 3.2668838501, "dmean2": 5.34031486511, "dvar": 26.3260993958, "dvar2": 70.7906036377, "max": 134.527328491, "mean": 9.67111778259, "median": 5.51882171631, "min": -1.81053686142, "var": 137.88848877}, "barkbands_skewness": {"dmean": 0.422392904758, "dmean2": 0.687129080296, "dvar": 0.204204112291, "dvar2": 0.543845295906, "max": 9.74967193604, "mean": 2.35212945938, "median": 2.083796978, "min": -4.31021404266, "var": 2.12023997307}, "barkbands_spread": {"dmean": 0.888178229332, "dmean2": 1.43287932873, "dvar": 1.70861828327, "dvar2": 4.09711122513, "max": 88.1332702637, "mean": 4.9381313324, "median": 3.83223366737, "min": 0.185269698501, "var": 44.0413169861}, "dissonance": {"dmean": 0.0311253555119, "dmean2": 0.053379137069, "dvar": 0.000933529518079, "dvar2": 0.00259419740178, "max": 0.500000178814, "mean": 0.40090316534, "median": 0.409342467785, "min": 0.114918030798, "var": 0.00303535163403}, "dynamic_complexity": 7.69538497925, "erbbands_crest": {"dmean": 1.85864686966, "dmean2": 3.0343914032, "dvar": 3.7729818821, "dvar2": 10.3454875946, "max": 33.3345603943, "mean": 13.960064888, "median": 12.9549617767, "min": 2.47349119186, "var": 30.053976059}, "erbbands_flatness_db": {"dmean": 0.0130998445675, "dmean2": 0.0217951461673, "dvar": 0.000188284713659, "dvar2": 0.000458331021946, "max": 0.541082561016, "mean": 0.382578134537, "median": 0.387404322624, "min": 0.0670034214854, "var": 0.0030920796562}, "erbbands_kurtosis": {"dmean": 0.859754383564, "dmean2": 1.34709095955, "dvar": 2.01442432404, "dvar2": 4.449903965, "max": 52.5378074646, "mean": 1.31812608242, "median": 0.146980285645, "min": -1.84314548969, "var": 12.6191473007}, "erbbands_skewness": {"dmean": 0.262207716703, "dmean2": 0.417138516903, "dvar": 0.07317558676, "dvar2": 0.182426780462, "max": 5.78019666672, "mean": 0.888170182705, "median": 0.773004829884, "min": -2.80948352814, "var": 0.860355436802}, "erbbands_spread": {"dmean": 1.74425065517, "dmean2": 2.71709084511, "dvar": 4.29023838043, "dvar2": 9.77924728394, "max": 112.417678833, "mean": 14.4391832352, "median": 13.3452777863, "min": 0.660055935383, "var": 73.3915481567}, "hfc": {"dmean": 1.0844399929, "dmean2": 1.58921349049, "dvar": 8.60029029846, "dvar2": 16.3340358734, "max": 154.033874512, "mean": 5.17171382904, "median": 1.79899907112, "min": 1.15533401416e-16, "var": 84.9892730713}, "melbands_crest": {"dmean": 2.29770922661, "dmean2": 3.94365286827, "dvar": 5.19424390793, "dvar2": 15.6331472397, "max": 33.8085479736, "mean": 18.369354248, "median": 18.1090965271, "min": 1.88820374012, "var": 34.6028785706}, "melbands_flatness_db": {"dmean": 0.0240967292339, "dmean2": 0.0406467616558, "dvar": 0.000619542144705, "dvar2": 0.00148982100654, "max": 0.726230561733, "mean": 0.490783989429, "median": 0.501264333725, "min": 0.00436776038259, "var": 0.00825027842075}, "melbands_kurtosis": {"dmean": 3.31870770454, "dmean2": 5.38413906097, "dvar": 17.0001506805, "dvar2": 45.2736434937, "max": 104.157165527, "mean": 12.0746326447, "median": 7.90871715546, "min": -1.67060017586, "var": 151.328384399}, "melbands_skewness": {"dmean": 0.385910868645, "dmean2": 0.621510446072, "dvar": 0.143114998937, "dvar2": 0.380812615156, "max": 7.50624704361, "mean": 2.55977725983, "median": 2.42927312851, "min": -3.56844782829, "var": 1.84619772434}, "melbands_spread": {"dmean": 1.25907325745, "dmean2": 2.0551378727, "dvar": 4.47798061371, "dvar2": 10.8928861618, "max": 156.444412231, "mean": 6.38619089127, "median": 5.32595157623, "min": 0.345663785934, "var": 37.5428466797}, "pitch_salience": {"dmean": 0.0480759367347, "dmean2": 0.0792347192764, "dvar": 0.00216717761941, "dvar2": 0.0059336964041, "max": 0.843565821648, "mean": 0.439044088125, "median": 0.441635578871, "min": 0.105173423886, "var": 0.0172392334789}, "silence_rate_20dB": {"dmean": 0, "dmean2": 0, "dvar": 0, "dvar2": 0, "max": 1, "mean": 1, "median": 1, "min": 1, "var": 0}, "silence_rate_30dB": {"dmean": 0.00508604897186, "dmean2": 0.0101726995781, "dvar": 0.00505979778245, "dvar2": 0.0129096088931, "max": 1, "mean": 0.9843288064, "median": 1, "min": 0, "var": 0.015424836427}, "silence_rate_60dB": {"dmean": 0.0267313271761, "dmean2": 0.0534658133984, "dvar": 0.0260120853782, "dvar2": 0.0610222257674, "max": 1, "mean": 0.410999417305, "median": 0, "min": 0, "var": 0.242092221975}, "spectral_centroid": {"dmean": 36.7552452087, "dmean2": 59.644947052, "dvar": 7706.89355469, "dvar2": 13799.3789062, "max": 11115.7119141, "mean": 421.087677002, "median": 368.984436035, "min": 209.682754517, "var": 49020.7460938}, "spectral_complexity": {"dmean": 0.957478284836, "dmean2": 1.59037137032, "dvar": 1.60177516937, "dvar2": 3.13085055351, "max": 35, "mean": 6.98959207535, "median": 6, "min": 0, "var": 26.4282817841}, "spectral_decrease": {"dmean": 8.25015167294e-10, "dmean2": 1.31840616202e-09, "dvar": 3.68450233069e-18, "dvar2": 9.45030936939e-18, "max": 1.79485164829e-18, "mean": -3.43198514052e-09, "median": -1.25492150005e-09, "min": -7.46427346598e-08, "var": 3.5627046177e-17}, "spectral_energy": {"dmean": 0.00320931966417, "dmean2": 0.00511477794498, "dvar": 5.58210813324e-05, "dvar2": 0.000142155709909, "max": 0.290066570044, "mean": 0.013422191143, "median": 0.0049045458436, "min": 1.03471982435e-20, "var": 0.000543290690985}, "spectral_energyband_high": {"dmean": 2.174547717e-06, "dmean2": 2.93147104458e-06, "dvar": 2.64079258461e-10, "dvar2": 5.38081024182e-10, "max": 0.00127525324933, "mean": 5.00210808241e-06, "median": 2.39137563085e-08, "min": 7.4899031502e-21, "var": 5.502518996e-10}, "spectral_energyband_low": {"dmean": 0.000120405638881, "dmean2": 0.000181406372576, "dvar": 1.23017770193e-07, "dvar2": 2.21544453893e-07, "max": 0.0195477418602, "mean": 0.0003874617978, "median": 9.62494159467e-05, "min": 1.51405694886e-22, "var": 8.53456526784e-07}, "spectral_energyband_middle_high": {"dmean": 0.000210433499888, "dmean2": 0.000298435392324, "dvar": 1.39630355989e-06, "dvar2": 2.9725456443e-06, "max": 0.0990489646792, "mean": 0.0009365141741, "median": 0.000256872328464, "min": 1.29614264349e-21, "var": 5.04770969201e-06}, "spectral_energyband_middle_low": {"dmean": 0.00311893853359, "dmean2": 0.00505499215797, "dvar": 5.35265353392e-05, "dvar2": 0.000139286377816, "max": 0.280839949846, "mean": 0.0121843218803, "median": 0.00423892773688, "min": 2.80392745395e-22, "var": 0.000475049368106}, "spectral_entropy": {"dmean": 0.143884241581, "dmean2": 0.231491580606, "dvar": 0.0281843580306, "dvar2": 0.0636749640107, "max": 9.79839611053, "mean": 5.56412506104, "median": 5.55441379547, "min": 3.71454691887, "var": 0.387251019478}, "spectral_flux": {"dmean": 0.0096843726933, "dmean2": 0.0157123822719, "dvar": 0.000204196127015, "dvar2": 0.000545286748093, "max": 0.309169054031, "mean": 0.0250939000398, "median": 0.0170873571187, "min": 1.0172118009e-10, "var": 0.000660163350403}, "spectral_kurtosis": {"dmean": 33.3128585815, "dmean2": 58.8035812378, "dvar": 1167.19946289, "dvar2": 3441.67700195, "max": 417.830871582, "mean": 113.803657532, "median": 113.445297241, "min": -1.20202958584, "var": 5158.98779297}, "spectral_rms": {"dmean": 0.00034117049654, "dmean2": 0.000538002757821, "dvar": 2.30944593227e-07, "dvar2": 5.68691064018e-07, "max": 0.0168223585933, "mean": 0.00279873376712, "median": 0.0021874466911, "min": 3.17723581819e-12, "var": 5.26190387973e-06}, "spectral_rolloff": {"dmean": 79.1977081299, "dmean2": 141.827041626, "dvar": 46939.953125, "dvar2": 104909.0625, "max": 19487.5488281, "mean": 617.597351074, "median": 495.263671875, "min": 129.19921875, "var": 1440993.5}, "spectral_skewness": {"dmean": 1.63522458076, "dmean2": 2.9107530117, "dvar": 2.28175640106, "dvar2": 6.4467253685, "max": 16.5520057678, "mean": 7.29641342163, "median": 7.4214758873, "min": -0.00669600116089, "var": 10.4279708862}, "spectral_spread": {"dmean": 304350.53125, "dmean2": 548816.875, "dvar": 122185293824, "dvar2": 270915420160, "max": 40302116, "mean": 1115886.875, "median": 901328.125, "min": 201705.765625, "var": 1458280202240.0}, "spectral_strongpeak": {"dmean": 0.197879895568, "dmean2": 0.333937138319, "dvar": 0.142794653773, "dvar2": 0.344880908728, "max": 9.50889873505, "mean": 0.742899179459, "median": 0.451632797718, "min": 0, "var": 0.735489070415}, "zerocrossingrate": {"dmean": 0.00193932175171, "dmean2": 0.00266515859403, "dvar": 1.373332816e-05, "dvar2": 2.07697976293e-05, "max": 0.505859375, "mean": 0.0223637428135, "median": 0.01806640625, "min": 0.00390625, "var": 0.000845788687002}, "barkbands": {"dmean": [8.39958147481e-07, 2.98007707897e-05, 7.73165520513e-05, 0.000110275497718, 0.00256451987661, 0.000341678154655, 0.000221935857553, 0.000307146547129, 0.000205933814868, 8.16395040601e-05, 5.84275840083e-05, 7.73975625634e-05, 2.65314447461e-05, 3.94770941057e-05, 2.02374430955e-05, 1.19206233649e-05, 7.40004134059e-06, 6.57353666611e-06, 4.42113878307e-06, 1.3129774743e-06, 1.36769949677e-06, 3.60153620704e-07, 3.55154057274e-08, 5.84234927103e-09, 1.07799180693e-09, 5.20175624796e-10, 5.5278481792e-10], "dmean2": [1.41324312608e-06, 4.63343276351e-05, 0.000111586094135, 0.000188822305063, 0.00433496851474, 0.000489212165121, 0.000293366087135, 0.000455320026958, 0.000264447793597, 0.000124455124023, 8.79548460944e-05, 0.000100113793451, 4.10216889577e-05, 5.63678222534e-05, 3.03149263345e-05, 1.80615406862e-05, 1.05777653516e-05, 1.04280525193e-05, 5.81661061005e-06, 1.96349787984e-06, 1.82842586582e-06, 4.6248450758e-07, 5.50847296665e-08, 9.49489997737e-09, 1.93478233435e-09, 9.63351509675e-10, 1.02800301605e-09], "dvar": [8.80263362202e-11, 1.7432569166e-08, 6.16653252905e-08, 8.62044586825e-08, 4.32335000369e-05, 8.92752382242e-07, 1.33998798901e-06, 1.93406822291e-06, 2.96009397971e-06, 1.64745586062e-07, 9.06230638975e-07, 4.80326498575e-08, 8.95616647512e-09, 3.55902649574e-08, 1.17471650185e-08, 3.61613805566e-09, 1.46460799044e-09, 1.88205473428e-09, 7.37409522333e-10, 1.28219920792e-10, 1.07633936486e-10, 7.79023373587e-12, 2.03604657006e-13, 1.04764304464e-14, 1.48603460266e-16, 1.5992755458e-18, 1.77335177661e-18], "dvar2": [2.27018792653e-10, 3.13179810973e-08, 1.08886872852e-07, 2.726413868e-07, 0.000121700737509, 1.81804648491e-06, 2.13183716369e-06, 4.88331761517e-06, 4.46629474027e-06, 3.36239509124e-07, 2.09910126614e-06, 8.77846133562e-08, 1.97680112279e-08, 6.63483419316e-08, 2.47236524586e-08, 7.99473021118e-09, 2.87165535795e-09, 4.58735538444e-09, 1.21666077213e-09, 3.22313148393e-10, 2.12738451855e-10, 1.46718279886e-11, 5.44970535712e-13, 2.85517764217e-14, 4.16146678181e-16, 5.24682730494e-18, 5.93143837584e-18], "max": [0.00058074539993, 0.0113767990842, 0.0116705931723, 0.0139565430582, 0.223545968533, 0.0364640392363, 0.0576817207038, 0.0555513389409, 0.0997157096863, 0.0457802638412, 0.0895131751895, 0.00946537870914, 0.00480353692546, 0.0107403295115, 0.00505694700405, 0.00253685982898, 0.00153061677702, 0.00236557074822, 0.00113834475633, 0.000808317214251, 0.000776380184107, 0.000142153046909, 2.6757190426e-05, 7.33624665372e-06, 9.24948551528e-07, 2.61472550278e-08, 2.11885708978e-08], "mean": [1.01770331185e-06, 8.97614809219e-05, 0.000243002272327, 0.000322867243085, 0.00804526079446, 0.00131793203764, 0.000819985056296, 0.00101228954736, 0.000583837972954, 0.000201656046556, 0.000130947999423, 0.000382769125281, 7.06028658897e-05, 7.83972282079e-05, 4.75867309433e-05, 2.49822987826e-05, 1.99936584977e-05, 1.18068455777e-05, 1.14256235975e-05, 2.79180426332e-06, 2.518491101e-06, 6.68801533266e-07, 5.29305168584e-08, 6.35379171499e-09, 1.01769592753e-09, 5.79622350116e-10, 6.29051144507e-10], "median": [1.07790356196e-07, 6.41767383058e-06, 3.57733515557e-05, 0.000107026906335, 0.00194534368347, 0.000222453745664, 7.50010658521e-05, 0.000155032874318, 6.26373803243e-05, 3.36544508173e-05, 2.2447144147e-05, 7.54288485041e-05, 1.21309976748e-05, 1.13875521492e-05, 5.57718067284e-06, 1.89307388609e-06, 5.19609329785e-07, 2.94335222861e-07, 1.06785535081e-07, 2.23641265507e-08, 5.90193938166e-09, 6.62929655615e-10, 2.15783252377e-10, 1.7835535826e-10, 1.93041957419e-10, 2.35900798895e-10, 2.81359990861e-10], "min": [2.5438684756e-23, 9.47421442299e-23, 2.03014805463e-23, 1.92660343439e-23, 5.13901291005e-23, 2.60777251981e-23, 4.92038200343e-23, 2.85739966466e-23, 9.50585973598e-23, 4.22580985568e-23, 7.24976298544e-23, 8.80012457533e-23, 5.87944406657e-23, 1.23544920005e-22, 1.02606065091e-22, 1.28663945704e-22, 1.786111851e-22, 1.40076667788e-22, 2.75130853831e-22, 3.12937965658e-22, 4.37067109738e-22, 4.93548692272e-22, 5.03464762203e-22, 1.21221319481e-21, 9.76413304878e-22, 1.79576771043e-21, 2.16477952482e-21], "var": [1.26524346555e-10, 1.866420547e-07, 3.31287225208e-07, 4.73548283253e-07, 0.000294415687677, 8.55240432429e-06, 7.50760136725e-06, 6.75235651215e-06, 1.13864052764e-05, 8.31179363558e-07, 1.36126277539e-06, 6.29124087936e-07, 4.17011527531e-08, 8.4890714902e-08, 2.8582771705e-08, 8.46633252394e-09, 5.90522475363e-09, 2.95090551994e-09, 2.51680187802e-09, 2.09342321256e-10, 2.00383001858e-10, 1.9170755261e-11, 2.11317224027e-13, 7.99827377587e-15, 1.05388527512e-16, 1.3282285182e-18, 1.35464494465e-18]}, "erbbands": {"dmean": [0.000324467866449, 0.00909193791449, 0.0694079771638, 0.217747852206, 2.101957798, 12.6402778625, 7.58152723312, 2.23242950439, 2.83789253235, 4.72870969772, 6.66271162033, 3.80321788788, 4.27622032166, 2.58005356789, 2.75236225128, 2.69958162308, 1.26853239536, 1.971367836, 1.30891883373, 0.672070145607, 0.734662175179, 0.396556437016, 0.315900027752, 0.255682349205, 0.169396474957, 0.0636643469334, 0.0839138254523, 0.025895120576, 0.0116080297157, 0.00265140086412, 0.000877730490174, 0.000234473031014, 6.01761785219e-05, 1.775756391e-05, 5.68805307921e-06, 2.58979525825e-06, 1.29530280901e-06, 3.74165807671e-07, 1.47544881202e-06, 3.55317979484e-06], "dmean2": [0.000513188366313, 0.0140648130327, 0.103457055986, 0.354163706303, 3.41503810883, 21.9218635559, 11.875670433, 3.19133710861, 3.73703932762, 7.10124397278, 9.44262695312, 5.09658622742, 5.17193651199, 4.09030771255, 4.01679182053, 3.41976618767, 1.85450470448, 2.78274464607, 1.96128332615, 1.05026531219, 1.11275744438, 0.577317476273, 0.489874899387, 0.363894820213, 0.231801182032, 0.0909220576286, 0.112362354994, 0.0347972363234, 0.0150417294353, 0.00380156026222, 0.00138716225047, 0.000377503485652, 9.75767834461e-05, 3.09268325509e-05, 1.0058523003e-05, 4.48294213129e-06, 2.18892910198e-06, 6.5682792183e-07, 2.32611910178e-06, 5.64218498766e-06], "dvar": [1.53058215346e-06, 0.00148801470641, 0.0498331226408, 0.24732708931, 22.0857715607, 1029.63122559, 659.959411621, 41.0522232056, 143.360931396, 1073.15393066, 855.140014648, 761.807373047, 1155.4420166, 150.928237915, 1218.35717773, 70.6030578613, 19.7555789948, 86.6289978027, 49.8731155396, 7.74080753326, 15.543258667, 5.08092403412, 4.48610639572, 2.22805118561, 1.11133146286, 0.251048207283, 0.388417780399, 0.0380253940821, 0.0077089057304, 0.000674515089486, 0.000180954084499, 1.47084856508e-05, 8.01330259037e-07, 3.70324748644e-08, 3.48311690601e-09, 8.65003138562e-11, 8.14849836911e-12, 7.45164238473e-13, 1.17940336317e-11, 6.85480630591e-11], "dvar2": [4.02629984819e-06, 0.00258244457655, 0.0932184159756, 0.66966933012, 63.7340888977, 3089.65991211, 1612.45068359, 72.7833786011, 214.381835938, 2421.20629883, 2015.74255371, 1373.30981445, 1696.078125, 366.651489258, 2949.67700195, 115.780288696, 38.5614852905, 151.748809814, 102.07950592, 19.4553260803, 34.8206481934, 10.649020195, 10.1086387634, 4.56898593903, 2.04713320732, 0.5797752738, 0.782338261604, 0.0757654681802, 0.0145022105426, 0.00153726537246, 0.000507486751303, 4.06586987083e-05, 2.10211487683e-06, 9.9479933624e-08, 9.7582821823e-09, 2.44412184935e-10, 2.25278250915e-11, 2.2198000816e-12, 2.92376470257e-11, 1.72910671892e-10], "max": [0.0630620270967, 3.37423253059, 11.8312158585, 20.6216449738, 131.96446228, 940.217346191, 1558.25512695, 232.392654419, 550.200195312, 1555.48510742, 1204.31274414, 1663.29406738, 1919.50610352, 808.832336426, 3337.01708984, 409.49307251, 255.361846924, 419.760650635, 302.716339111, 92.8089981079, 160.230133057, 102.173225403, 131.765594482, 59.0596847534, 45.2026557922, 41.6131515503, 43.3405685425, 13.0682992935, 5.15205812454, 1.33274328709, 1.02271854877, 0.254040062428, 0.0632250234485, 0.00965529121459, 0.00534429820254, 0.0007749798242, 8.82400927367e-05, 2.5299796107e-05, 0.000134077694383, 0.000320848892443], "mean": [0.000813256425317, 0.0293736755848, 0.228297993541, 0.651207149029, 5.28540086746, 31.877243042, 37.2898330688, 8.38049697876, 8.31455135345, 17.7016792297, 23.5271987915, 12.1690301895, 11.9054841995, 6.52913761139, 8.79082679749, 13.3333721161, 4.22651195526, 4.15837335587, 2.88344740868, 1.74809455872, 1.46557044983, 1.03213810921, 0.632009267807, 0.668705523014, 0.378418385983, 0.147770479321, 0.154003992677, 0.0565732270479, 0.0226095803082, 0.00465463567525, 0.00126529147383, 0.00030513384263, 7.60648545111e-05, 2.50061402767e-05, 1.30295074996e-05, 8.7293155957e-06, 5.02052171214e-06, 1.06614481865e-06, 6.39127119939e-06, 1.49725547089e-05], "median": [0.000132678964292, 0.00356321409345, 0.0430475398898, 0.286794245243, 2.2002120018, 7.8318157196, 4.07739830017, 1.73351454735, 1.04315602779, 2.12113022804, 3.61846017838, 1.68631970882, 1.32231688499, 1.81362557411, 2.08346939087, 2.61441040039, 0.901172995567, 0.688374936581, 0.401171505451, 0.230987787247, 0.0922078937292, 0.0357136949897, 0.0167240723968, 0.013337675482, 0.00428267382085, 0.0013455604203, 0.000533264304977, 0.000119018928672, 3.32496456394e-05, 1.417140993e-05, 9.45457213675e-06, 7.74018189986e-06, 6.63305854687e-06, 5.7387887864e-06, 4.71009025205e-06, 3.49363926944e-06, 2.04075945476e-06, 4.57543933408e-07, 2.35770426116e-06, 5.46766750631e-06], "min": [4.86862554626e-21, 1.30446875354e-20, 1.61829308078e-20, 6.10897956283e-20, 1.52214118633e-19, 1.52864812507e-19, 1.17817803263e-19, 2.77338744289e-19, 6.90244015771e-19, 4.80752357233e-19, 8.89642054583e-19, 2.59787920735e-18, 1.09626494736e-18, 2.24242108657e-18, 3.36822072449e-18, 3.2873474828e-18, 2.46898027288e-18, 5.76271669193e-18, 5.41393019638e-18, 6.8808345103e-18, 6.2267894174e-18, 9.89783972338e-18, 8.09422864599e-18, 1.23543585203e-17, 1.20135278479e-17, 1.6171594388e-17, 1.79086339697e-17, 1.91419056691e-17, 1.69076478212e-17, 1.66005355121e-17, 1.54105915332e-17, 2.61317754054e-17, 1.68177382517e-17, 1.14090118485e-17, 7.04886177608e-18, 5.57142745297e-18, 3.39854165023e-18, 1.26341612547e-18, 2.56089534177e-19, 3.48822355119e-20], "var": [7.61036926633e-06, 0.0160953160375, 0.315220534801, 1.22567272186, 83.7617721558, 4164.45214844, 12708.7177734, 327.017822266, 608.584594727, 4287.19042969, 3545.66137695, 2487.07397461, 5249.53808594, 363.81036377, 1746.63378906, 923.718505859, 118.102912903, 228.859466553, 102.659675598, 23.8156070709, 33.3069419861, 16.4127635956, 8.86159420013, 6.6699385643, 2.96171951294, 0.472171425819, 0.683022558689, 0.0878628268838, 0.0197183620185, 0.00100202194881, 0.000159285234986, 1.17788085845e-05, 7.02233990069e-07, 2.97774001012e-08, 2.73978151277e-09, 2.36225039529e-10, 6.47285142152e-11, 2.88321146472e-12, 1.20631504785e-10, 6.73439803922e-10]}, "gfcc": {"mean": [-281.697357178, 240.719360352, -121.652999878, -55.2534790039, -24.8400192261, -34.0441322327, -30.2277965546, -29.6382923126, -30.0212039948, -19.8760128021, -11.5035467148, -17.4157180786, -3.61488556862], "cov": [[17594.7597656, 1799.08764648, -3909.16699219, 2271.34106445, 463.221862793, -1887.54541016, 1139.5637207, -470.454956055, 166.308532715, 189.340377808, 161.308151245, -83.3451156616, 257.409576416], [1799.08764648, 1573.18811035, 41.3327903748, -418.077056885, 516.046142578, -1.73234009743, -68.1644058228, -30.3413982391, -60.9385147095, -125.791099548, 66.3734664917, -89.9935073853, 65.7121582031], [-3909.16699219, 41.3327903748, 1384.42578125, -757.858032227, -25.06599617, 534.127746582, -405.548583984, 22.5703811646, -107.50188446, -151.637176514, -21.7963523865, 11.3878793716, -10.8288221359], [2271.34106445, -418.077056885, -757.858032227, 841.979797363, -64.5482254028, -262.902313232, 359.444091797, -39.3847846985, 80.5155715942, 114.642570496, -30.2052288055, 18.3704471588, -9.92634868622], [463.221862793, 516.046142578, -25.06599617, -64.5482254028, 354.30480957, 32.7158584595, 15.7081394196, 57.2600593567, -26.9553928375, -17.8768997192, 40.6406822205, -32.751789093, 32.7915916443], [-1887.54541016, -1.73234009743, 534.127746582, -262.902313232, 32.7158584595, 440.741424561, -68.518081665, 65.4441757202, 20.0883636475, -65.5425872803, -32.7504882812, 9.19872093201, -43.0904922485], [1139.5637207, -68.1644058228, -405.548583984, 359.444091797, 15.7081394196, -68.518081665, 284.794433594, 51.8996810913, 55.9512748718, 69.7624359131, -24.6295280457, -13.3029270172, -14.2477998734], [-470.454956055, -30.3413982391, 22.5703811646, -39.3847846985, 57.2600593567, 65.4441757202, 51.8996810913, 182.137252808, 90.7849273682, 45.5251121521, 14.9532079697, -8.54137992859, -27.3621196747], [166.308532715, -60.9385147095, -107.50188446, 80.5155715942, -26.9553928375, 20.0883636475, 55.9512748718, 90.7849273682, 156.740844727, 66.5297775269, 7.87149572372, 19.4448680878, -30.7332324982], [189.340377808, -125.791099548, -151.637176514, 114.642570496, -17.8768997192, -65.5425872803, 69.7624359131, 45.5251121521, 66.5297775269, 120.679496765, 36.1930999756, 19.3784790039, 2.33337664604], [161.308151245, 66.3734664917, -21.7963523865, -30.2052288055, 40.6406822205, -32.7504882812, -24.6295280457, 14.9532079697, 7.87149572372, 36.1930999756, 83.4210357666, 34.0240020752, 17.0864276886], [-83.3451156616, -89.9935073853, 11.3878793716, 18.3704471588, -32.751789093, 9.19872093201, -13.3029270172, -8.54137992859, 19.4448680878, 19.3784790039, 34.0240020752, 72.9244308472, 25.6278972626], [257.409576416, 65.7121582031, -10.8288221359, -9.92634868622, 32.7915916443, -43.0904922485, -14.2477998734, -27.3621196747, -30.7332324982, 2.33337664604, 17.0864276886, 25.6278972626, 73.2581710815]], "icov": [[0.000793683517259, -0.00103376328479, 0.000706797465682, -0.00109493045602, 0.000499591929838, 0.00140790024307, -0.00141039013397, 0.00183799385559, -0.00229870690964, 0.00233866740018, -0.00241527776234, 0.00159553776029, -0.0019223812269], [-0.00103376328479, 0.00549716176465, -0.00187084346544, 0.00578520121053, -0.00644990568981, 0.000987333944067, -0.00439040130004, 0.00449900329113, -0.00409331684932, 0.0021472692024, -0.00080136640463, 0.00155904330313, 0.00135902129114], [0.000706797465682, -0.00187084346544, 0.00446467334405, -0.001642863499, 0.00271885003895, -0.0030977607239, 0.00402696477249, -0.00172790535726, 0.00233319331892, -0.000109281871119, -0.000337374920491, 0.000798292283434, -0.00248757796362], [-0.00109493045602, 0.00578520121053, -0.001642863499, 0.0104657169431, -0.00709481257945, 0.00248546875082, -0.00921807345003, 0.00721663376316, -0.005348615814, 0.00144126603846, 0.00108383595943, -0.00146582070738, 0.00334382848814], [0.000499591929838, -0.00644990568981, 0.00271885003895, -0.00709481257945, 0.0133400093764, -0.00504216039553, 0.00816753134131, -0.0105531765148, 0.0093894796446, -0.00392507575452, -0.000690597109497, 0.00111732853111, -0.0039852289483], [0.00140790024307, 0.000987333944067, -0.0030977607239, 0.00248546875082, -0.00504216039553, 0.0124170621857, -0.0117554636672, 0.00916587747633, -0.0120055004954, 0.00981616135687, -0.00454895012081, 0.00038574860082, 0.000320954743074], [-0.00141039013397, -0.00439040130004, 0.00402696477249, -0.00921807345003, 0.00816753134131, -0.0117554636672, 0.0268458332866, -0.0194239914417, 0.0191627275199, -0.0156377032399, 0.0134992599487, -0.00590154901147, 0.0030891422648], [0.00183799385559, 0.00449900329113, -0.00172790535726, 0.00721663376316, -0.0105531765148, 0.00916587747633, -0.0194239914417, 0.0283864345402, -0.0244542434812, 0.0126700988039, -0.0139231011271, 0.0110901128501, -0.00412641465664], [-0.00229870690964, -0.00409331684932, 0.00233319331892, -0.005348615814, 0.0093894796446, -0.0120055004954, 0.0191627275199, -0.0244542434812, 0.0345317423344, -0.02154122293, 0.0173790752888, -0.0159270428121, 0.0113887265325], [0.00233866740018, 0.0021472692024, -0.000109281871119, 0.00144126603846, -0.00392507575452, 0.00981616135687, -0.0156377032399, 0.0126700988039, -0.02154122293, 0.0308466851711, -0.0208099670708, 0.011332763359, -0.00987300928682], [-0.00241527776234, -0.00080136640463, -0.000337374920491, 0.00108383595943, -0.000690597109497, -0.00454895012081, 0.0134992599487, -0.0139231011271, 0.0173790752888, -0.0208099670708, 0.0371711030602, -0.0234900005162, 0.011862559244], [0.00159553776029, 0.00155904330313, 0.000798292283434, -0.00146582070738, 0.00111732853111, 0.00038574860082, -0.00590154901147, 0.0110901128501, -0.0159270428121, 0.011332763359, -0.0234900005162, 0.0372366756201, -0.0189546495676], [-0.0019223812269, 0.00135902129114, -0.00248757796362, 0.00334382848814, -0.0039852289483, 0.000320954743074, 0.0030891422648, -0.00412641465664, 0.0113887265325, -0.00987300928682, 0.011862559244, -0.0189546495676, 0.0292600356042]]}, "melbands": {"dmean": [5.58306373932e-06, 2.76578593912e-05, 6.44592146273e-05, 0.000504789873958, 0.000370501395082, 5.24962124473e-05, 4.43149074272e-05, 5.4058538808e-05, 4.88629375468e-05, 2.65193284577e-05, 2.17547767534e-05, 1.04814344013e-05, 9.55042014539e-06, 1.0014491636e-05, 3.59058321919e-06, 3.24491588799e-06, 3.61166280527e-06, 2.17096999222e-06, 1.35372727073e-06, 6.37170103346e-07, 9.41215091643e-07, 4.31846217452e-07, 3.51761229922e-07, 3.57608342938e-07, 1.99898863684e-07, 2.01881476869e-07, 6.19911730837e-08, 4.01978823561e-08, 4.87376787817e-08, 3.30855591812e-08, 1.4291532402e-08, 9.24133747304e-09, 1.83298187739e-09, 1.17573595304e-09, 5.315574092e-10, 2.8167912447e-10, 1.01997632562e-10, 4.67014031613e-11, 2.42843939402e-11, 1.09483680802e-11], "dmean2": [8.76939520822e-06, 4.03481317335e-05, 9.70272012637e-05, 0.000886601628736, 0.000596572645009, 7.3912931839e-05, 5.77858954784e-05, 8.11942009022e-05, 7.01376629877e-05, 3.430525976e-05, 2.63272613665e-05, 1.68507958733e-05, 1.43548350025e-05, 1.31690312628e-05, 4.89258582093e-06, 4.54292194263e-06, 5.17738180861e-06, 3.31425849254e-06, 2.06866707231e-06, 9.79973606263e-07, 1.42987016716e-06, 6.25248901542e-07, 5.34762250481e-07, 5.77000662361e-07, 2.80021055232e-07, 2.64646075721e-07, 9.72736415861e-08, 5.68255060784e-08, 6.54873559824e-08, 4.40820322467e-08, 1.93491445089e-08, 1.20452083863e-08, 2.60437449384e-09, 1.72324587933e-09, 8.5637896774e-10, 4.70524841312e-10, 1.64594102237e-10, 7.57334195356e-11, 4.33334410022e-11, 1.93947392868e-11], "dvar": [5.42249134483e-10, 8.40115621514e-09, 2.33565025098e-08, 1.50807898081e-06, 1.35535185564e-06, 2.39420554493e-08, 3.49006512579e-08, 1.16770081604e-07, 4.83231836768e-08, 4.60932909618e-08, 2.98494029494e-08, 1.98255523109e-09, 2.12382449405e-08, 9.33348731635e-10, 1.22571799932e-10, 1.62428986927e-10, 2.71360600657e-10, 1.44925002554e-10, 4.17129802921e-11, 7.19988868872e-12, 2.62246752092e-11, 6.48283119895e-12, 4.67409357746e-12, 6.52548718186e-12, 1.31242629611e-12, 1.57387861424e-12, 3.56232729946e-13, 9.66843928052e-14, 1.20342510913e-13, 6.709810794e-14, 1.1759853921e-14, 5.35877977531e-15, 3.43090298239e-16, 1.3829491048e-16, 6.98533579396e-17, 2.11911910428e-17, 3.70463507962e-18, 5.83855457504e-19, 9.59704898701e-20, 1.03463573304e-20], "dvar2": [1.15717413429e-09, 1.46561278669e-08, 5.92589302073e-08, 4.79696427647e-06, 3.39446432918e-06, 4.06555358268e-08, 5.11896232069e-08, 2.76715326208e-07, 1.16432936181e-07, 7.18420878343e-08, 4.33145324052e-08, 5.11979747486e-09, 5.03097155047e-08, 1.91219484691e-09, 2.05272507325e-10, 2.77896178291e-10, 4.92099971883e-10, 3.02481623082e-10, 9.62399257509e-11, 1.68827313241e-11, 5.91171556152e-11, 1.34752799197e-11, 1.03484876918e-11, 1.66626122622e-11, 2.53830116648e-12, 2.54123501756e-12, 9.3905243824e-13, 2.20218117288e-13, 2.42921649593e-13, 1.22902637503e-13, 2.47182543802e-14, 9.95164525466e-15, 8.41761967103e-16, 3.1330666105e-16, 1.93108847716e-16, 6.03063569469e-17, 1.0266256042e-17, 1.51107048535e-18, 2.69537190341e-19, 2.70259147764e-20], "max": [0.00176627188921, 0.00585113000125, 0.00699290912598, 0.0333376340568, 0.0560832843184, 0.00559901585802, 0.00853095017374, 0.0153652317822, 0.00986137799919, 0.0129443984479, 0.00987594760954, 0.00235125306062, 0.0137021038681, 0.0013090793509, 0.00053879461484, 0.000513681326993, 0.000718663737644, 0.000493395549711, 0.000283692323137, 8.87612259248e-05, 0.000197126646526, 0.000123735357192, 0.000116330309538, 0.000119644631923, 4.90378879476e-05, 5.03868650412e-05, 2.95782647299e-05, 2.53283978964e-05, 2.03195431823e-05, 2.30670393648e-05, 5.83396740694e-06, 4.64770619146e-06, 1.32366596972e-06, 5.21008416854e-07, 6.17771775069e-07, 3.06070859324e-07, 1.46302483017e-07, 5.78171217569e-08, 1.74873111547e-08, 4.4380810138e-09], "mean": [1.55409561557e-05, 9.37271979637e-05, 0.000199389090994, 0.00118395790923, 0.00152813154273, 0.000187903060578, 0.000136519840453, 0.000197242654394, 0.000172828076757, 7.6565775089e-05, 5.87748327234e-05, 2.50100911217e-05, 2.44791281148e-05, 4.8047000746e-05, 1.46222018884e-05, 8.25320239528e-06, 7.28668373995e-06, 4.39477616965e-06, 3.30493412548e-06, 1.64929940638e-06, 1.73795717728e-06, 1.14457088785e-06, 6.48713523788e-07, 6.12980954884e-07, 5.40794928838e-07, 4.72517996286e-07, 1.03785694705e-07, 9.4492406788e-08, 9.00842564988e-08, 6.03523062637e-08, 2.95310869092e-08, 1.70282365985e-08, 3.21067816778e-09, 1.91829507834e-09, 7.00699054335e-10, 3.6953332061e-10, 1.10273297438e-10, 5.1232209447e-11, 2.2215385781e-11, 1.005362113e-11], "median": [1.27458667976e-06, 1.52651664393e-05, 7.92290084064e-05, 0.000386110681575, 0.000209442310734, 3.49100737367e-05, 1.37760507641e-05, 2.76101345662e-05, 2.54514125118e-05, 8.62774049892e-06, 5.95036408413e-06, 6.83885036779e-06, 5.33948059456e-06, 8.9762315838e-06, 2.55242775893e-06, 1.36925473271e-06, 1.0737089724e-06, 5.52934693587e-07, 3.75707600142e-07, 1.61515430364e-07, 7.57973737109e-08, 2.98738953575e-08, 1.23106227434e-08, 1.23461205703e-08, 9.73550395855e-09, 4.03938216209e-09, 9.23018494969e-10, 7.25163040727e-10, 2.75213851708e-10, 1.43390355145e-10, 3.53554754917e-11, 1.62458536207e-11, 7.14559357864e-12, 4.82024836712e-12, 3.34532835461e-12, 2.72979512259e-12, 2.28190036311e-12, 2.02025679172e-12, 1.87423210632e-12, 1.74289261409e-12], "min": [3.54621312781e-23, 1.15938145711e-23, 1.23834848476e-23, 1.25677043794e-23, 4.20012304577e-24, 5.64600371641e-24, 1.09578995959e-23, 5.45737129676e-24, 8.24668169456e-24, 1.61603189367e-23, 4.41360497837e-24, 8.4406192038e-24, 1.08214763575e-23, 1.26665865161e-23, 5.04168143718e-24, 5.30652137015e-24, 1.21576245041e-23, 9.16817615036e-24, 8.54331627189e-24, 8.55490858289e-24, 7.4912992573e-24, 9.87759087381e-24, 9.53739618616e-24, 6.57368126399e-24, 1.08239186709e-23, 7.88354614292e-24, 8.08682928731e-24, 1.17156068063e-23, 1.16695767724e-23, 9.85730452678e-24, 1.09470377701e-23, 1.01026442126e-23, 8.53975772035e-24, 9.69501848363e-24, 7.51154852787e-24, 1.40369704371e-23, 1.51593948652e-23, 1.01685133093e-23, 1.25346463743e-23, 9.02820303792e-24], "var": [4.72322891909e-09, 6.33560617302e-08, 1.44187936257e-07, 4.8093688747e-06, 1.72561631189e-05, 1.76593971446e-07, 1.62068346299e-07, 4.34204707744e-07, 1.92387602738e-07, 1.65157899801e-07, 1.34224848125e-07, 4.72041694621e-09, 3.12266443814e-08, 9.93880444611e-09, 1.37915823206e-09, 6.19786666434e-10, 7.03156144422e-10, 2.61522914435e-10, 1.09785763813e-10, 2.52733285688e-11, 5.28938039202e-11, 2.20054981181e-11, 1.22526121193e-11, 9.36755967934e-12, 4.40287866929e-12, 4.83517696367e-12, 5.20664728779e-13, 1.83747114746e-13, 2.1610312281e-13, 1.33886310242e-13, 2.79184719098e-14, 1.39135825731e-14, 4.52851765689e-16, 2.01309847181e-16, 5.94005743238e-17, 1.74088183564e-17, 2.66448606501e-18, 5.04897035531e-19, 6.85815381244e-20, 8.0940535745e-21]}, "mfcc": {"mean": [-866.546508789, 215.470489502, 7.53137397766, -18.0163116455, -6.58922719955, -3.82431578636, -5.71451759338, -14.8490657806, -15.9713077545, -14.1028852463, -13.076256752, -13.1147480011, -11.5919551849], "cov": [[8606.67871094, 3067.69140625, -2724.37084961, 1019.38989258, 95.0984802246, -475.37286377, -73.0817947388, -208.348098755, 38.9111785889, -30.9698619843, 86.1508789062, 182.442367554, 86.0617828369], [3067.69140625, 1976.78857422, -520.15045166, -62.5132408142, 216.342102051, -98.5863113403, -84.3549423218, -89.4015274048, -80.7282485962, -69.0064544678, -55.1660003662, 7.25319957733, 29.1167030334], [-2724.37084961, -520.15045166, 1273.55529785, -473.037902832, -30.4032897949, 254.378845215, 19.1192760468, 48.7087936401, -62.8175392151, -45.6059837341, -94.8736190796, -111.334403992, -42.1839981079], [1019.38989258, -62.5132408142, -473.037902832, 458.32711792, -49.6874313354, -89.5274810791, 68.4421615601, -12.5662603378, 53.7045249939, 20.2302036285, 38.6703414917, 55.5699501038, 11.7697868347], [95.0984802246, 216.342102051, -30.4032897949, -49.6874313354, 217.302856445, 30.0706291199, -7.64867448807, 45.3877639771, 4.31611013412, 17.9663524628, 9.63914203644, 21.9931850433, 33.6578903198], [-475.37286377, -98.5863113403, 254.378845215, -89.5274810791, 30.0706291199, 194.43421936, 73.2678451538, 40.3197975159, 23.2947635651, 6.08940696716, -9.9410610199, -32.2778968811, 0.236107364297], [-73.0817947388, -84.3549423218, 19.1192760468, 68.4421615601, -7.64867448807, 73.2678451538, 153.659667969, 60.5688819885, 30.5247840881, 31.2651691437, 7.52718544006, -8.30121135712, -14.7889814377], [-208.348098755, -89.4015274048, 48.7087936401, -12.5662603378, 45.3877639771, 40.3197975159, 60.5688819885, 127.256950378, 75.0997085571, 49.890953064, 46.6492614746, 19.602273941, 5.44264507294], [38.9111785889, -80.7282485962, -62.8175392151, 53.7045249939, 4.31611013412, 23.2947635651, 30.5247840881, 75.0997085571, 128.594650269, 83.3684387207, 59.3209342957, 42.1394920349, 12.5478439331], [-30.9698619843, -69.0064544678, -45.6059837341, 20.2302036285, 17.9663524628, 6.08940696716, 31.2651691437, 49.890953064, 83.3684387207, 117.979721069, 89.7415237427, 32.1319999695, 2.07749152184], [86.1508789062, -55.1660003662, -94.8736190796, 38.6703414917, 9.63914203644, -9.9410610199, 7.52718544006, 46.6492614746, 59.3209342957, 89.7415237427, 132.781494141, 66.3038330078, 6.71756267548], [182.442367554, 7.25319957733, -111.334403992, 55.5699501038, 21.9931850433, -32.2778968811, -8.30121135712, 19.602273941, 42.1394920349, 32.1319999695, 66.3038330078, 120.386962891, 64.8114852905], [86.0617828369, 29.1167030334, -42.1839981079, 11.7697868347, 33.6578903198, 0.236107364297, -14.7889814377, 5.44264507294, 12.5478439331, 2.07749152184, 6.71756267548, 64.8114852905, 101.975074768]], "icov": [[0.0986101254821, -0.138516515493, 0.138056859374, -0.133799478412, 0.128580152988, -0.124460227787, 0.113237440586, -0.101183220744, 0.0901023745537, -0.0736090987921, 0.0522572882473, -0.0341991297901, 0.0172588136047], [-0.138516515493, 0.195357188582, -0.193454116583, 0.18862272799, -0.181497037411, 0.175119116902, -0.159587457776, 0.143051713705, -0.12708941102, 0.104239560664, -0.073570869863, 0.0482183359563, -0.0242401976138], [0.138056859374, -0.193454116583, 0.195610374212, -0.185805082321, 0.181056201458, -0.176923707128, 0.159777686, -0.143758714199, 0.128855079412, -0.105239026248, 0.0759675726295, -0.0494604259729, 0.0253011528403], [-0.133799478412, 0.18862272799, -0.185805082321, 0.187323957682, -0.175305500627, 0.171649351716, -0.15910102427, 0.141876086593, -0.127718567848, 0.105266399682, -0.0739920809865, 0.0475720688701, -0.024391438812], [0.128580152988, -0.181497037411, 0.181056201458, -0.175305500627, 0.176446899772, -0.16731838882, 0.15328733623, -0.14076974988, 0.126347213984, -0.104917310178, 0.0748177021742, -0.0490781180561, 0.0231855828315], [-0.124460227787, 0.175119116902, -0.176923707128, 0.171649351716, -0.16731838882, 0.172617569566, -0.154680103064, 0.137564048171, -0.127777263522, 0.10645198077, -0.0772210359573, 0.0528326742351, -0.0278493985534], [0.113237440586, -0.159587457776, 0.159777686, -0.15910102427, 0.15328733623, -0.154680103064, 0.150666847825, -0.132473364472, 0.119786173105, -0.102422982454, 0.0742710083723, -0.0477825514972, 0.0259667485952], [-0.101183220744, 0.143051713705, -0.143758714199, 0.141876086593, -0.14076974988, 0.137564048171, -0.132473364472, 0.133343234658, -0.117256961763, 0.0954988747835, -0.0714225769043, 0.0453839078546, -0.0231370013207], [0.0901023745537, -0.12708941102, 0.128855079412, -0.127718567848, 0.126347213984, -0.127777263522, 0.119786173105, -0.117256961763, 0.122470758855, -0.10070566833, 0.0695688873529, -0.0475030392408, 0.0231043547392], [-0.0736090987921, 0.104239560664, -0.105239026248, 0.105266399682, -0.104917310178, 0.10645198077, -0.102422982454, 0.0954988747835, -0.10070566833, 0.103551164269, -0.0726824551821, 0.043732881546, -0.0216181892902], [0.0522572882473, -0.073570869863, 0.0759675726295, -0.0739920809865, 0.0748177021742, -0.0772210359573, 0.0742710083723, -0.0714225769043, 0.0695688873529, -0.0726824551821, 0.0658448562026, -0.0407068319619, 0.0213918015361], [-0.0341991297901, 0.0482183359563, -0.0494604259729, 0.0475720688701, -0.0490781180561, 0.0528326742351, -0.0477825514972, 0.0453839078546, -0.0475030392408, 0.043732881546, -0.0407068319619, 0.0417486317456, -0.023029929027], [0.0172588136047, -0.0242401976138, 0.0253011528403, -0.024391438812, 0.0231855828315, -0.0278493985534, 0.0259667485952, -0.0231370013207, 0.0231043547392, -0.0216181892902, 0.0213918015361, -0.023029929027, 0.0236813463271]]}, "spectral_contrast_coeffs": {"dmean": [0.0374999642372, 0.0280371326953, 0.0206813402474, 0.0185587424785, 0.0152725474909, 0.0376542881131], "dmean2": [0.0640025511384, 0.0462306924164, 0.0330231413245, 0.0303882379085, 0.0251558236778, 0.0668007060885], "dvar": [0.000947538763285, 0.000684333383106, 0.000438749586465, 0.000310100818751, 0.000280180800473, 0.00127510365564], "dvar2": [0.00274002854712, 0.00170288945083, 0.00102313933894, 0.000790964346379, 0.000669543107506, 0.00362548884004], "max": [-0.182785838842, -0.36982601881, -0.451161444187, -0.581003427505, -0.570757746696, -0.54204839468], "mean": [-0.475177466869, -0.692194640636, -0.737535715103, -0.74173527956, -0.741008102894, -0.858212649822], "median": [-0.46783003211, -0.698628127575, -0.742543816566, -0.741616010666, -0.735989928246, -0.894867300987], "min": [-0.948542714119, -0.965708017349, -0.970786690712, -0.953507602215, -0.958944618702, -0.963199675083], "var": [0.011832469143, 0.00688256695867, 0.00387913919985, 0.00227577425539, 0.00385052873753, 0.00747671956196]}, "spectral_contrast_valleys": {"dmean": [0.364357322454, 0.257955104113, 0.208209425211, 0.210366457701, 0.208782672882, 0.763373434544], "dmean2": [0.614015102386, 0.417456179857, 0.329183876514, 0.336665213108, 0.330540180206, 1.38011372089], "dvar": [0.107746429741, 0.0711484104395, 0.0639103204012, 0.0795005038381, 0.117303103209, 0.396968603134], "dvar2": [0.270604938269, 0.145298734307, 0.116604551673, 0.14981867373, 0.223287329078, 1.246565938], "max": [-6.19135570526, -4.77470779419, -5.4894361496, -6.24377727509, 