{"lowlevel": {"average_loudness": 0.9569029212, "barkbands_crest": {"dmean": 3.08312439919, "dmean2": 4.99764442444, "dvar": 8.25658321381, "dvar2": 20.7603492737, "max": 24.9918956757, "mean": 12.7556838989, "median": 12.2936964035, "min": 2.6435148716, "var": 17.1220569611}, "barkbands_flatness_db": {"dmean": 0.041722189635, "dmean2": 0.0612827837467, "dvar": 0.00222828937694, "dvar2": 0.00480735767633, "max": 0.461367726326, "mean": 0.235147729516, "median": 0.240533292294, "min": 0.0223019681871, "var": 0.0059932381846}, "barkbands_kurtosis": {"dmean": 7.40401792526, "dmean2": 11.9766235352, "dvar": 166.789886475, "dvar2": 386.226379395, "max": 158.793701172, "mean": 11.3147611618, "median": 6.8873963356, "min": -1.58644175529, "var": 233.487731934}, "barkbands_skewness": {"dmean": 0.869417965412, "dmean2": 1.34365296364, "dvar": 0.958575427532, "dvar2": 2.1253349781, "max": 10.3623094559, "mean": 2.42727589607, "median": 2.16910505295, "min": -1.93613874912, "var": 2.27539348602}, "barkbands_spread": {"dmean": 6.13442373276, "dmean2": 9.83105754852, "dvar": 81.5578460693, "dvar2": 184.381484985, "max": 91.2914276123, "mean": 15.0922498703, "median": 9.32031536102, "min": 0.427761465311, "var": 216.234390259}, "dissonance": {"dmean": 0.0332897566259, "dmean2": 0.052402690053, "dvar": 0.000900874845684, "dvar2": 0.00217027985491, "max": 0.500000059605, "mean": 0.410861760378, "median": 0.414368450642, "min": 0.214777231216, "var": 0.00219939509407}, "dynamic_complexity": 3.39808750153, "erbbands_crest": {"dmean": 3.07484054565, "dmean2": 4.76227378845, "dvar": 8.18541717529, "dvar2": 18.4668998718, "max": 28.5470066071, "mean": 12.4602336884, "median": 11.9468507767, "min": 2.81423211098, "var": 21.1924266815}, "erbbands_flatness_db": {"dmean": 0.0336714573205, "dmean2": 0.0449586696923, "dvar": 0.00151278451085, "dvar2": 0.00274985469878, "max": 0.444370597601, "mean": 0.211959019303, "median": 0.211692780256, "min": 0.0601846836507, "var": 0.00545954704285}, "erbbands_kurtosis": {"dmean": 1.95100164413, "dmean2": 2.93819761276, "dvar": 8.29915523529, "dvar2": 17.3030548096, "max": 46.0765190125, "mean": 2.23131799698, "median": 1.00435781479, "min": -1.81159222126, "var": 16.9237957001}, "erbbands_skewness": {"dmean": 0.535772919655, "dmean2": 0.783828020096, "dvar": 0.289780527353, "dvar2": 0.586783051491, "max": 5.99373483658, "mean": 1.06636106968, "median": 0.974307060242, "min": -1.84214258194, "var": 0.948883652687}, "erbbands_spread": {"dmean": 8.9453086853, "dmean2": 13.0594615936, "dvar": 130.181442261, "dvar2": 252.275650024, "max": 102.102287292, "mean": 27.3083343506, "median": 23.0339374542, "min": 2.10605812073, "var": 285.753448486}, "hfc": {"dmean": 8.53267002106, "dmean2": 12.0526647568, "dvar": 167.684951782, "dvar2": 387.59677124, "max": 135.587799072, "mean": 18.3960647583, "median": 14.8157567978, "min": 1.1575871218e-16, "var": 276.765045166}, "melbands_crest": {"dmean": 4.03377103806, "dmean2": 6.36389017105, "dvar": 13.8661603928, "dvar2": 33.9834976196, "max": 35.7946891785, "mean": 16.8704738617, "median": 16.1959228516, "min": 1.77609312534, "var": 30.3908233643}, "melbands_flatness_db": {"dmean": 0.0482407175004, "dmean2": 0.0704292729497, "dvar": 0.00314040668309, "dvar2": 0.00678436085582, "max": 0.604638457298, "mean": 0.342181622982, "median": 0.352904558182, "min": 0.0032247195486, "var": 0.00887318141758}, "melbands_kurtosis": {"dmean": 10.6800785065, "dmean2": 16.6477355957, "dvar": 269.254486084, "dvar2": 630.098266602, "max": 208.513534546, "mean": 18.5451412201, "median": 12.3720149994, "min": -1.64657700062, "var": 408.098144531}, "melbands_skewness": {"dmean": 0.965893208981, "dmean2": 1.43486011028, "dvar": 1.07024657726, "dvar2": 2.35943102837, "max": 10.8555622101, "mean": 2.93881082535, "median": 2.66600036621, "min": -0.0135244643316, "var": 2.48796582222}, "melbands_spread": {"dmean": 3.64361691475, "dmean2": 5.90043020248, "dvar": 33.3773880005, "dvar2": 74.6076049805, "max": 133.770278931, "mean": 8.70488643646, "median": 7.1017665863, "min": 0.489854484797, "var": 49.1979484558}, "pitch_salience": {"dmean": 0.0858185067773, "dmean2": 0.139712557197, "dvar": 0.00698885740712, "dvar2": 0.0173137355596, "max": 0.84024232626, "mean": 0.480199724436, "median": 0.481779456139, "min": 0.105178162456, "var": 0.0149418832734}, "silence_rate_20dB": {"dmean": 0.00241764890961, "dmean2": 0.00483675953001, "dvar": 0.00241180392914, "dvar2": 0.00723173469305, "max": 1, "mean": 0.998791515827, "median": 1, "min": 0, "var": 0.00120697694365}, "silence_rate_30dB": {"dmean": 0.111211843789, "dmean2": 0.222490936518, "dvar": 0.0988444834948, "dvar2": 0.192938029766, "max": 1, "mean": 0.87220543623, "median": 1, "min": 0, "var": 0.111461222172}, "silence_rate_60dB": {"dmean": 0.0692051947117, "dmean2": 0.138452231884, "dvar": 0.0644174739718, "dvar2": 0.137419074774, "max": 1, "mean": 0.0957703962922, "median": 0, "min": 0, "var": 0.0865991562605}, "spectral_centroid": {"dmean": 168.949035645, "dmean2": 270.350189209, "dvar": 96073.3046875, "dvar2": 189353.578125, "max": 11042.1748047, "mean": 613.893615723, "median": 513.662231445, "min": 191.614959717, "var": 132232.046875}, "spectral_complexity": {"dmean": 4.0643696785, "dmean2": 6.4655380249, "dvar": 49.3643226624, "dvar2": 113.671165466, "max": 60, "mean": 10.2794561386, "median": 8, "min": 0, "var": 56.8123397827}, "spectral_decrease": {"dmean": 7.57858131806e-09, "dmean2": 1.16432321562e-08, "dvar": 1.92301559143e-16, "dvar2": 4.28136456019e-16, "max": 5.04758161976e-29, "mean": -1.31136408399e-08, "median": -9.29890298096e-09, "min": -1.21807630649e-07, "var": 2.58657101144e-16}, "spectral_energy": {"dmean": 0.0292431041598, "dmean2": 0.0447674505413, "dvar": 0.00278963032179, "dvar2": 0.00619797734544, "max": 0.463984638453, "mean": 0.051162455231, "median": 0.0365673899651, "min": 1.03091560132e-20, "var": 0.00378320901655}, "spectral_energyband_high": {"dmean": 0.000400776363676, "dmean2": 0.000603257794864, "dvar": 7.97421591869e-07, "dvar2": 2.01365128305e-06, "max": 0.00921001005918, "mean": 0.000585880829021, "median": 0.000136553688208, "min": 7.59804732177e-21, "var": 8.81000687514e-07}, "spectral_energyband_low": {"dmean": 0.0225458685309, "dmean2": 0.0358191281557, "dvar": 0.0024461899884, "dvar2": 0.00568169774488, "max": 0.436853528023, "mean": 0.0302816461772, "median": 0.0166835449636, "min": 9.72510185202e-23, "var": 0.00271341227926}, "spectral_energyband_middle_high": {"dmean": 0.00135603931267, "dmean2": 0.00205499958247, "dvar": 5.76314550926e-06, "dvar2": 1.35932577905e-05, "max": 0.0254682563245, "mean": 0.00209271302447, "median": 0.00101859297138, "min": 1.43390779736e-21, "var": 8.73663884704e-06}, "spectral_energyband_middle_low": {"dmean": 0.00825206190348, "dmean2": 0.0121230697259, "dvar": 0.000167111051269, "dvar2": 0.000383858336136, "max": 0.138296380639, "mean": 0.0176322832704, "median": 0.0122985774651, "min": 2.77284860621e-22, "var": 0.000315431825584}, "spectral_entropy": {"dmean": 0.39318844676, "dmean2": 0.558961451054, "dvar": 0.233511805534, "dvar2": 0.489781290293, "max": 9.79398155212, "mean": 6.56105947495, "median": 6.42781305313, "min": 4.5864276886, "var": 0.617188930511}, "spectral_flux": {"dmean": 0.0538693033159, "dmean2": 0.0826935991645, "dvar": 0.00505763385445, "dvar2": 0.0104239853099, "max": 0.595374166965, "mean": 0.105594716966, "median": 0.0732076093554, "min": 1.01534017305e-10, "var": 0.00920395273715}, "spectral_kurtosis": {"dmean": 8.85603618622, "dmean2": 13.2929925919, "dvar": 125.159957886, "dvar2": 274.051452637, "max": 113.809005737, "mean": 21.1940116882, "median": 15.4706659317, "min": -1.24448597431, "var": 375.021118164}, "spectral_rms": {"dmean": 0.00174458429683, "dmean2": 0.00251792185009, "dvar": 5.82325264986e-06, "dvar2": 1.14340991786e-05, "max": 0.0212759952992, "mean": 0.00603598169982, "median": 0.00597289716825, "min": 3.17138980008e-12, "var": 1.34813762998e-05}, "spectral_rolloff": {"dmean": 662.911987305, "dmean2": 1245.10424805, "dvar": 6959263.5, "dvar2": 17950628, "max": 18776.953125, "mean": 1106.15734863, "median": 409.130859375, "min": 43.06640625, "var": 9266061}, "spectral_skewness": {"dmean": 0.717085421085, "dmean2": 1.06039059162, "dvar": 0.644468605518, "dvar2": 1.4068672657, "max": 9.01499462128, "mean": 3.23524689674, "median": 3.16395282745, "min": 0.00420231604949, "var": 2.22227072716}, "spectral_spread": {"dmean": 888667.3125, "dmean2": 1254941, "dvar": 1748885176320.0, "dvar2": 3141039292420.0, "max": 42764796, "mean": 3638964, "median": 3091831, "min": 801676.5625, "var": 4104511815680.0}, "spectral_strongpeak": {"dmean": 0.423079907894, "dmean2": 0.721035063267, "dvar": 0.949475586414, "dvar2": 2.72089409828, "max": 22.847530365, "mean": 0.660375535488, "median": 0.412663578987, "min": 0, "var": 0.76142179966}, "zerocrossingrate": {"dmean": 0.0166517328471, "dmean2": 0.0187616311014, "dvar": 0.000606658228207, "dvar2": 0.000695706519764, "max": 0.51806640625, "mean": 0.0590315796435, "median": 0.03125, "min": 0.001953125, "var": 0.00438351370394}, "barkbands": {"dmean": [0.00470367399976, 0.0191816370934, 0.00191140151583, 0.0015953500988, 0.00385404308327, 0.00346126477234, 0.000881541345734, 0.000876271573361, 0.000145622107084, 0.000257292442257, 0.000303838693071, 0.000184291202459, 9.72627822193e-05, 9.50973189902e-05, 0.000245188479312, 0.000138248826261, 0.000128636573208, 7.81555427238e-05, 8.39395215735e-05, 5.77150494792e-05, 6.08505542914e-05, 6.10649367445e-05, 5.96235440753e-05, 4.19459429395e-05, 4.5013421186e-05, 1.83526517503e-05, 0.000108676562377], "dmean2": [0.00785403884947, 0.0309583470225, 0.00321333063766, 0.00266802147962, 0.00634783320129, 0.00482940999791, 0.00116197939496, 0.00117125199176, 0.000241980538704, 0.000359123776434, 0.000387417472666, 0.000327013811329, 0.000161709380336, 0.000146902297274, 0.000390975474147, 0.000240419059992, 0.000222112881602, 0.000130497457576, 0.000142786666402, 9.5122581115e-05, 9.92596324068e-05, 9.98251198325e-05, 9.92694549495e-05, 6.41905498924e-05, 7.32765256544e-05, 2.96362886729e-05, 0.000148377119331], "dvar": [0.000179313821718, 0.00192307925317, 1.60744984896e-05, 1.25731494336e-05, 7.73458377807e-05, 2.53170655924e-05, 1.41695124967e-06, 3.71805140276e-06, 9.43703710732e-08, 5.9566696109e-07, 8.92524383289e-07, 4.52658269978e-07, 1.09415211114e-07, 3.30965512774e-08, 1.92303161839e-07, 8.53676311863e-08, 6.75351401469e-08, 3.69388644117e-08, 5.27289714114e-08, 2.98189917203e-08, 5.06002670875e-08, 3.36766170506e-08, 5.29457260257e-08, 1.03730410927e-08, 1.41764626704e-08, 2.35749308963e-09, 5.59830439784e-08], "dvar2": [0.000471687089885, 0.00463644368574, 4.21359836764e-05, 3.15973884426e-05, 0.000198624300538, 5.08893244842e-05, 2.42060082201e-06, 6.13801694271e-06, 2.52603996387e-07, 9.7973861557e-07, 1.29804084281e-06, 1.26139480017e-06, 2.9903216614e-07, 7.96578376594e-08, 4.42663349531e-07, 2.19200600782e-07, 1.77804039936e-07, 9.72048113113e-08, 1.3423191092e-07, 7.80734623618e-08, 1.32903267058e-07, 9.07800554728e-08, 1.49875617694e-07, 2.43721345328e-08, 3.66333239299e-08, 5.74785152807e-09, 1.00848751572e-07], "max": [0.242930859327, 0.382673144341, 0.0379472672939, 0.0383126549423, 0.0845405459404, 0.058492731303, 0.0189529117197, 0.0391831472516, 0.00345490733162, 0.0189842041582, 0.0134345181286, 0.00794121995568, 0.0065688258037, 0.00223988038488, 0.004543912597, 0.00380974658765, 0.00304046273232, 0.00213240389712, 0.00294930976816, 0.00245280913077, 0.00360512477346, 0.00202052039094, 0.00262129632756, 0.00106832559686, 0.00117949792184, 0.000573718454689, 0.00225589051843], "mean": [0.00443713180721, 0.0235114097595, 0.00298263481818, 0.0019954869058, 0.00499577028677, 0.00668318476528, 0.00199074507691, 0.00156231620349, 0.000231708108913, 0.000472403422464, 0.00054453627672, 0.000148649400217, 0.000108339721919, 0.000144190940773, 0.000323753221892, 0.000128605650389, 0.000149166589836, 7.03229525243e-05, 7.16979920981e-05, 5.27131996932e-05, 5.31640398549e-05, 5.82335305808e-05, 5.13130980835e-05, 4.38794122601e-05, 4.13187990489e-05, 1.69025697687e-05, 0.000292932905722], "median": [0.00101767503656, 0.0112777780741, 0.00138948485255, 0.000759524409659, 0.00226979935542, 0.00353474006988, 0.00121995038353, 0.000429121078923, 0.000120198077639, 5.71793862036e-05, 5.92410542595e-05, 2.89228937618e-05, 2.8740556445e-05, 4.94266932947e-05, 5.88304974372e-05, 2.44879011007e-05, 1.83425909199e-05, 8.74678880791e-06, 8.19254182716e-06, 4.64773529529e-06, 3.33312141265e-06, 3.30294642481e-06, 2.80734093394e-06, 1.95224220079e-06, 1.19573769553e-06, 7.64150627219e-07, 1.89997535927e-06], "min": [1.8485423346e-23, 2.95230720462e-23, 3.01429715673e-23, 4.00358584541e-23, 1.58437443223e-23, 4.6955364506e-23, 4.77005824705e-23, 7.22422724239e-23, 4.52100034423e-23, 8.71953580743e-23, 8.66258888532e-23, 8.82852861663e-23, 7.0516819054e-23, 1.39491749515e-22, 1.08202711359e-22, 1.15990068536e-22, 1.3100286149e-22, 2.12818844523e-22, 2.44363915376e-22, 2.67807927467e-22, 5.55599052194e-22, 4.44068256583e-22, 4.79256804588e-22, 6.44008069616e-22, 1.23712453867e-21, 2.03788767625e-21, 2.35150060392e-21], "var": [0.000156912952662, 0.00193521822803, 1.80961360456e-05, 1.29069949253e-05, 7.07981307642e-05, 7.36266592867e-05, 5.02074635733e-06, 9.14518568607e-06, 1.00589232943e-07, 2.05562605515e-06, 2.85561350211e-06, 3.01414530668e-07, 8.60637072719e-08, 5.78508618787e-08, 3.27594051441e-07, 7.35533447482e-08, 9.89002657548e-08, 3.01195406394e-08, 4.29209237041e-08, 2.43303013292e-08, 3.84639875506e-08, 2.74900884278e-08, 3.50842910279e-08, 1.2403406302e-08, 1.37427234037e-08, 2.56813059707e-09, 2.13739411947e-07]}, "erbbands": {"dmean": [0.819319546223, 3.60288643837, 3.03024220467, 3.26570558548, 13.7171726227, 9.6572561264, 16.9678192139, 30.9957618713, 17.5465335846, 16.3527870178, 19.2307929993, 4.28030633926, 5.93629789352, 9.23556518555, 10.9198293686, 8.28191947937, 4.78951120377, 5.28088331223, 5.51473426819, 15.9235477448, 7.83161449432, 6.03348636627, 4.17447185516, 4.53246498108, 3.78448724747, 2.92478489876, 2.37120175362, 2.57105374336, 2.13851523399, 1.5814563036, 1.84947085381, 1.08154511452, 0.662500441074, 0.560687303543, 0.282322853804, 0.0981990098953, 0.0299794804305, 0.0106452461332, 0.0090051991865, 0.00270408764482], "dmean2": [1.33691227436, 5.96593379974, 5.17268466949, 5.35829973221, 23.6258735657, 15.966219902, 25.122385025, 44.481136322, 23.8673171997, 23.0382423401, 24.5945110321, 6.3555521965, 9.09634876251, 12.1655893326, 14.7633008957, 14.4645671844, 7.98203992844, 8.10141563416, 9.02809524536, 25.6441745758, 13.5804605484, 10.5134029388, 6.95767593384, 7.70364618301, 6.35320520401, 4.84342622757, 3.85372853279, 4.24007177353, 3.56702589989, 2.41618990898, 3.1473171711, 1.72205150127, 1.0137540102, 0.922420561314, 0.457676321268, 0.157377108932, 0.04807478562, 0.0173982232809, 0.0124880857766, 0.00364460027777], "dvar": [3.28392004967, 78.9429931641, 49.3736419678, 40.9436531067, 1367.1529541, 385.828918457, 668.246520996, 2428.99023438, 763.272644043, 977.165222168, 2059.45214844, 54.5421295166, 314.090881348, 742.17388916, 968.202758789, 950.183044434, 256.802062988, 107.49647522, 165.976501465, 940.585571289, 242.785171509, 147.276123047, 105.667869568, 146.830993652, 112.063484192, 79.4259414673, 70.5057830811, 76.6976928711, 45.2076568604, 18.0095081329, 61.1791801453, 9.15555477142, 2.69750976562, 2.46684789658, 0.515584051609, 0.062868155539, 0.00679282378405, 0.000876781356055, 0.000335895543685, 3.72261602024e-05], "dvar2": [7.78469371796, 202.9322052, 132.401519775, 102.807647705, 3613.73388672, 980.976745605, 1454.50939941, 5386.58984375, 1435.20471191, 1881.28466797, 3227.78515625, 128.22668457, 682.280883789, 1138.88684082, 1551.70031738, 2650.87353516, 700.746398926, 252.85118103, 390.215148926, 2155.06982422, 641.45501709, 399.057922363, 276.095703125, 388.496063232, 286.818115234, 209.369216919, 185.056106567, 201.04788208, 123.252204895, 44.9191360474, 175.300384521, 23.6952342987, 6.46888828278, 6.59824466705, 1.28743290901, 0.153052449226, 0.0165486596525, 0.00226313853636, 0.000616626406554, 6.68158463668e-05], "max": [17.1224632263, 72.1480636597, 65.5912322998, 66.2202148438, 400.108276367, 176.713745117, 290.963531494, 517.554321289, 428.358428955, 868.25982666, 741.452758789, 79.2042541504, 342.22177124, 712.332214355, 425.707977295, 402.533721924, 315.858581543, 141.211608887, 261.90234375, 296.319793701, 147.531402588, 131.149185181, 129.129043579, 143.884277344, 143.625106812, 119.158416748, 157.598175049, 129.435012817, 90.5580749512, 37.041343689, 91.6826400757, 27.4619026184, 21.5885276794, 16.3207530975, 7.69745492935, 3.48548078537, 1.0496083498, 0.319893866777, 0.163615092635, 0.059041839093], "mean": [0.962241351604, 4.11198568344, 4.14248943329, 5.03924465179, 15.1321153641, 12.7767066956, 33.5437278748, 54.2578659058, 31.1841068268, 35.6297340393, 34.8007049561, 8.67944526672, 10.2591772079, 17.24725914, 18.5784015656, 7.42382287979, 5.53188943863, 8.06151771545, 6.70848035812, 21.7525310516, 8.54863548279, 6.07014942169, 3.73707532883, 3.84020423889, 3.36076426506, 2.62428593636, 2.16036701202, 2.33535838127, 1.98124790192, 1.54529261589, 1.52213811874, 1.04352092743, 0.679366827011, 0.504523158073, 0.263154178858, 0.0917887687683, 0.0276889391243, 0.0104617830366, 0.0227318573743, 0.00752634974197], "median": [0.347984582186, 1.85761880875, 2.07936525345, 2.89418435097, 3.87628221512, 6.33525943756, 18.2294197083, 24.8179092407, 15.6425094604, 19.8625621796, 6.29751300812, 4.03760099411, 1.72528195381, 2.76519727707, 2.34731054306, 1.74537587166, 1.66979074478, 2.73031902313, 2.62090396881, 2.91382479668, 2.21785235405, 0.949194908142, 0.55641245842, 0.479104548693, 0.384931027889, 0.260413050652, 0.174915313721, 0.153116330504, 0.125898212194, 0.080814525485, 0.0775673985481, 0.0509189404547, 0.0267122164369, 0.0165064726025, 0.00800229236484, 0.0030741575174, 0.00152284512296, 0.00166052789427, 0.000340590253472, 0.000106310202682], "min": [1.94552900267e-21, 2.91032350976e-21, 2.77599810245e-20, 9.07525828673e-20, 1.01392943129e-19, 3.71352008507e-20, 2.03269761066e-19, 4.21846809561e-19, 6.8248868054e-19, 1.01498431921e-18, 1.40243602833e-18, 8.47806102633e-19, 1.70422026031e-18, 3.79853538198e-18, 3.81538835978e-18, 3.26989666021e-18, 4.10426257715e-18, 7.68710606492e-18, 3.88461800038e-18, 6.67579711597e-18, 7.1266448778e-18, 7.28400854472e-18, 1.09717319167e-17, 1.20828406202e-17, 1.29941628718e-17, 1.2852879596e-17, 1.99254425782e-17, 1.9675546352e-17, 1.41206711967e-17, 1.83580842099e-17, 1.28687209319e-17, 1.16304787042e-17, 1.27576405018e-17, 1.13651903012e-17, 9.61918904479e-18, 7.4979654276e-18, 3.74111746694e-18, 1.40955939757e-18, 3.44905441661e-19, 3.16116506116e-20], "var": [3.46753239632, 67.0307159424, 42.8899841309, 49.8888587952, 1125.17285156, 400.273223877, 1766.24816895, 5465.08349609, 1886.80712891, 2470.37329102, 5139.56201172, 114.871910095, 834.488342285, 2527.50390625, 2872.13525391, 640.466552734, 202.831253052, 192.784164429, 203.812606812, 1732.63366699, 238.222259521, 141.853713989, 86.8452682495, 111.569572449, 92.7948532104, 62.6292915344, 54.6899108887, 59.6467514038, 35.3170661926, 17.9036140442, 38.2714157104, 8.36381435394, 3.1485414505, 2.16947317123, 0.547676444054, 0.0732290297747, 0.00738939782605, 0.000734133645892, 0.00122300966177, 0.000143669894896]}, "gfcc": {"mean": [-64.9027252197, 125.094947815, -82.3823013306, 0.32229205966, -41.6107292175, -16.5813922882, -35.8042869568, -8.92299175262, 0.392696529627, 5.23575639725, 1.50904047489, 0.578632056713, 3.48847532272], "cov": [[10044.6259766, -1895.59997559, 1458.80004883, 2116.82275391, 135.974594116, 1465.28613281, 171.509780884, 688.626037598, -397.274963379, -255.035430908, -456.229644775, -38.3656921387, -301.913238525], [-1895.59997559, 3362.34912109, 91.9158554077, 346.035217285, 660.791015625, 470.158355713, 635.175415039, 216.452697754, -169.288665771, -87.108505249, 164.653747559, 19.8783969879, 47.3341636658], [1458.80004883, 91.9158554077, 1008.93286133, 421.568603516, 473.209014893, 442.438964844, 241.611480713, 76.2830276489, 77.4474716187, -26.9297237396, -39.5843544006, -29.4463176727, -32.1222343445], [2116.82275391, 346.035217285, 421.568603516, 1262.38391113, -61.1159858704, 825.084899902, 152.976547241, 492.484954834, -250.287338257, -16.6702899933, -156.061798096, 30.1053657532, -102.869773865], [135.974594116, 660.791015625, 473.209014893, -61.1159858704, 928.307861328, 14.9586811066, 423.8878479, -168.395172119, 239.776138306, -66.6087722778, 104.114044189, -32.4150276184, 81.6383056641], [1465.28613281, 470.158355713, 442.438964844, 825.084899902, 14.9586811066, 864.823486328, 162.070495605, 428.911010742, -295.976318359, 6.87206506729, -62.5527458191, 62.935092926, -98.732131958], [171.509780884, 635.175415039, 241.611480713, 152.976547241, 423.8878479, 162.070495605, 366.656951904, 25.0416297913, 76.112449646, -52.1680488586, 66.5391616821, -10.1097393036, 14.4605150223], [688.626037598, 216.452697754, 76.2830276489, 492.484954834, -168.395172119, 428.911010742, 25.0416297913, 451.940155029, -188.025894165, 22.0646438599, -90.3423461914, 49.9955711365, -73.5055847168], [-397.274963379, -169.288665771, 77.4474716187, -250.287338257, 239.776138306, -295.976318359, 76.112449646, -188.025894165, 429.393615723, 22.3142433167, 32.2536888123, -37.9354438782, 80.581993103], [-255.035430908, -87.108505249, -26.9297237396, -16.6702899933, -66.6087722778, 6.87206506729, -52.1680488586, 22.0646438599, 22.3142433167, 152.28364563, 49.2973518372, 17.6039028168, 12.9412755966], [-456.229644775, 164.653747559, -39.5843544006, -156.061798096, 104.114044189, -62.5527458191, 66.5391616821, -90.3423461914, 32.2536888123, 49.2973518372, 205.897186279, 22.9506072998, 12.8522605896], [-38.3656921387, 19.8783969879, -29.4463176727, 30.1053657532, -32.4150276184, 62.935092926, -10.1097393036, 49.9955711365, -37.9354438782, 17.6039028168, 22.9506072998, 94.4977111816, 10.7944250107], [-301.913238525, 47.3341636658, -32.1222343445, -102.869773865, 81.6383056641, -98.732131958, 14.4605150223, -73.5055847168, 80.581993103, 12.9412755966, 12.8522605896, 10.7944250107, 116.415054321]], "icov": [[0.000329338537995, 0.000352472823579, -9.39862438827e-05, -0.000424878089689, -0.000244226976065, -0.000178915754077, -0.000139504045364, -4.12248373323e-05, 0.000201077957172, 0.000480177492136, 3.07242225972e-05, 0.000179413385922, 0.000107659376226], [0.000352472823579, 0.000936159223784, 0.000194880878553, -0.000382248865208, -0.000476844230434, -0.000408129999414, -0.000991052947938, -0.00025788610219, 0.000559271837119, 0.000564239511732, -0.000151776737766, 0.000455276458524, -0.000277306593489], [-9.39862438827e-05, 0.000194880878553, 0.00249676895328, 7.80011250754e-05, -0.00130391691346, -0.00189414597116, 0.000411271612393, 0.000572567339987, -0.000879586965311, -0.000168846105225, 0.000438104470959, 0.000736803223845, 0.000564202782698], [-0.000424878089689, -0.000382248865208, 7.80011250754e-05, 0.00309571996331, 0.00070075399708, -0.00184823828749, -0.000529244716745, -0.000626248249318, -0.000555423495825, -0.000505235395394, 0.000888770853635, 0.000378175318474, -0.000270576274488], [-0.000244226976065, -0.000476844230434, -0.00130391691346, 0.00070075399708, 0.00407384429127, 0.00047091091983, -0.00332867517136, 0.000933515664656, -0.000520240340848, -9.4752307632e-05, -8.33636659081e-05, -0.000426744139986, -0.00121523195412], [-0.000178915754077, -0.000408129999414, -0.00189414597116, -0.00184823828749, 0.00047091091983, 0.00660764891654, -0.00123115349561, -0.00191348372027, 0.00243665324524, -0.00134478253312, -0.000363890401786, -0.00208223704249, 0.000460678071249], [-0.000139504045364, -0.000991052947938, 0.000411271612393, -0.000529244716745, -0.00332867517136, -0.00123115349561, 0.0101924268529, -0.000997848925181, -0.00204763677903, 0.00245655258186, -0.00267381500453, 0.00106667389628, 0.000421596429078], [-4.12248373323e-05, -0.00025788610219, 0.000572567339987, -0.000626248249318, 0.000933515664656, -0.00191348372027, -0.000997848925181, 0.00610544392839, -0.000119279167848, -0.00152570777573, 0.00218955101445, -0.00179147266317, 0.00148060638458], [0.000201077957172, 0.000559271837119, -0.000879586965311, -0.000555423495825, -0.000520240340848, 0.00243665324524, -0.00204763677903, -0.000119279167848, 0.0051507470198, -0.00145201885607, 0.000616589153651, 0.000249367149081, -0.00132412672974], [0.000480177492136, 0.000564239511732, -0.000168846105225, -0.000505235395394, -9.4752307632e-05, -0.00134478253312, 0.00245655258186, -0.00152570777573, -0.00145201885607, 0.0101896543056, -0.00382256391458, 0.00074714544462, -0.00159462948795], [3.07242225972e-05, -0.000151776737766, 0.000438104470959, 0.000888770853635, -8.33636659081e-05, -0.000363890401786, -0.00267381500453, 0.00218955101445, 0.000616589153651, -0.00382256391458, 0.00856257416308, -0.00265984260477, 0.00181156711187], [0.000179413385922, 0.000455276458524, 0.000736803223845, 0.000378175318474, -0.000426744139986, -0.00208223704249, 0.00106667389628, -0.00179147266317, 0.000249367149081, 0.00074714544462, -0.00265984260477, 0.0139394598082, -0.00316722085699], [0.000107659376226, -0.000277306593489, 0.000564202782698, -0.000270576274488, -0.00121523195412, 0.000460678071249, 0.000421596429078, 0.00148060638458, -0.00132412672974, -0.00159462948795, 0.00181156711187, -0.00316722085699, 0.0122114075348]]}, "melbands": {"dmean": [0.00622506486252, 0.00263102259487, 0.000893565360457, 0.000891038333066, 0.000538487685844, 0.000692953821272, 0.000250756595051, 0.000168640166521, 0.000139295705594, 2.14600131585e-05, 2.96694252029e-05, 3.65384257748e-05, 4.56270718132e-05, 2.05203868973e-05, 1.60434556165e-05, 9.69836492004e-06, 9.87759904092e-06, 7.56512736189e-06, 1.7251164536e-05, 1.65737819771e-05, 9.00446048036e-06, 7.32113085178e-06, 3.47278955815e-06, 4.13684392697e-06, 3.69482427232e-06, 3.08293010676e-06, 2.10670054912e-06, 1.92569564206e-06, 1.4616171029e-06, 1.60026615958e-06, 1.4687507246e-06, 1.28135900468e-06, 1.04488526631e-06, 8.06920127161e-07, 1.09136544779e-06, 9.55253767643e-07, 5.59286206681e-07, 4.50105005712e-07, 4.84867712203e-07, 4.74967748687e-07], "dmean2": [0.0100719062611, 0.00443740235642, 0.00149105698802, 0.00152177386917, 0.00079923577141, 0.00097466353327, 0.000341508886777, 0.000239501474425, 0.000176674730028, 3.50952686858e-05, 4.52921522083e-05, 4.83486510348e-05, 5.84383415116e-05, 3.65974956367e-05, 2.77632643702e-05, 1.54512144945e-05, 1.52917473315e-05, 1.24160424093e-05, 2.79718697129e-05, 2.7508896892e-05, 1.58013590408e-05, 1.28124029288e-05, 5.87492058912e-06, 6.98641815688e-06, 6.34139951217e-06, 5.25920677319e-06, 3.50136429006e-06, 3.22930236507e-06, 2.43024692281e-06, 2.62879552793e-06, 2.46770832746e-06, 2.18415902964e-06, 1.67001837781e-06, 1.2480679743e-06, 1.87802447726e-06, 1.61353364092e-06, 8.71203610586e-07, 6.88580712449e-07, 7.89222326603e-07, 7.97727977897e-07], "dvar": [0.000192646301002, 4.13006782765e-05, 3.90205195799e-06, 5.11440930495e-06, 6.66970436214e-07, 1.09999973574e-06, 1.45820223452e-07, 1.16075334233e-07, 1.10118570262e-07, 1.96788896289e-09, 7.7086230732e-09, 1.35166988713e-08, 2.00851655308e-08, 5.68695890379e-09, 2.78838574452e-09, 9.84135883897e-10, 3.78971770632e-10, 3.70375480285e-10, 9.45310274503e-10, 1.02751318565e-09, 3.58568230663e-10, 2.17731971341e-10, 6.32901925313e-11, 1.12212877879e-10, 1.03124932205e-10, 7.83004633353e-11, 3.60220048234e-11, 3.631931908e-11, 2.60362564841e-11, 4.33853022952e-11, 2.17498640626e-11, 1.66068582497e-11, 1.04840346474e-11, 4.43746948908e-12, 2.0919543875e-11, 1.57140949558e-11, 1.98538082676e-12, 1.36133368033e-12, 1.76773157744e-12, 1.84062595894e-12], "dvar2": [0.000449675600976, 0.000108159365482, 9.94797937892e-06, 1.34576175697e-05, 1.45154911024e-06, 2.3501143005e-06, 2.80406226238e-07, 2.23308617819e-07, 1.68753615526e-07, 5.27721999433e-09, 1.66062825713e-08, 2.05748040827e-08, 2.93358510817e-08, 1.58682986751e-08, 7.70815855589e-09, 2.69015831833e-09, 9.07193931088e-10, 8.86590356686e-10, 2.24186713638e-09, 2.37663622116e-09, 9.48994771655e-10, 5.87560500254e-10, 1.65044450329e-10, 2.98249480668e-10, 2.75512779258e-10, 2.0144537427e-10, 9.35378927092e-11, 9.6652019721e-11, 6.86395870697e-11, 1.16307005693e-10, 5.74809817799e-11, 4.60350715881e-11, 2.74868409283e-11, 1.10333174888e-11, 6.00926461369e-11, 4.45479764188e-11, 4.69771313863e-12, 3.25147807984e-12, 4.67128419279e-12, 4.97015883311e-12], "max": [0.124329812825, 0.0583900287747, 0.0211022701114, 0.02114187181, 0.00986618734896, 0.0111169936135, 0.00585331209004, 0.0102752139792, 0.00547878397629, 0.000542472000234, 0.00168188172393, 0.00315335113555, 0.00202052271925, 0.000870597956236, 0.000894292083103, 0.000638636935037, 0.000246736250119, 0.000379748205887, 0.000285106274532, 0.000354247546056, 0.000188426332898, 0.000150414489326, 7.6405602158e-05, 0.000116013441584, 0.000123907579109, 9.8251606687e-05, 0.000111216773803, 6.93410329404e-05, 8.65599140525e-05, 0.000107922431198, 6.5916661697e-05, 5.9841782786e-05, 3.84035847674e-05, 2.13764560613e-05, 5.39011671208e-05, 4.54264918517e-05, 1.51339363583e-05, 1.77592610271e-05, 1.44756513691e-05, 1.54047957039e-05], "mean": [0.00764488475397, 0.00332010025159, 0.00123805913609, 0.00099341548048, 0.00107060372829, 0.00126067781821, 0.000457435642602, 0.000357050186722, 0.000249713222729, 3.78199620172e-05, 5.01952854393e-05, 6.75499468343e-05, 8.16043248051e-05, 1.65073288372e-05, 1.51879121404e-05, 1.20336526379e-05, 1.4987729628e-05, 8.75243040355e-06, 2.22115013457e-05, 2.14289411815e-05, 9.82337314781e-06, 7.77113564254e-06, 2.98965937873e-06, 3.67848588212e-06, 3.04001491713e-06, 2.65621974904e-06, 1.9214353415e-06, 1.6915840888e-06, 1.33229616495e-06, 1.3591111383e-06, 1.37765255204e-06, 1.18358548207e-06, 9.6159487839e-07, 7.99353813363e-07, 8.95150947144e-07, 7.82529525623e-07, 5.81398921895e-07, 4.71646757205e-07, 4.48281326726e-07, 4.17327413516e-07], "median": [0.00338617875241, 0.00180239300244, 0.000586481415667, 0.000351930095349, 0.000555690668989, 0.0006090257084, 0.000243247719482, 0.000205928488867, 3.58644974767e-05, 1.90381579159e-05, 6.35236619928e-06, 1.01744208223e-05, 8.66328718985e-06, 2.93250627692e-06, 4.02677369493e-06, 3.22087225868e-06, 4.79421260025e-06, 2.71805947705e-06, 3.61729303222e-06, 2.63519132204e-06, 1.35625418807e-06, 1.02120191059e-06, 3.11118981244e-07, 4.70684653919e-07, 3.51701714862e-07, 3.25458643147e-07, 1.39538997246e-07, 1.56659538675e-07, 1.10810731258e-07, 6.8802989972e-08, 8.92851232948e-08, 6.93420361131e-08, 4.33466524896e-08, 3.93955303934e-08, 4.33308677827e-08, 2.27228262872e-08, 3.0388541461e-08, 1.74987562218e-08, 1.42900997702e-08, 1.25462413791e-08], "min": [1.31803976561e-23, 1.04577570488e-23, 1.70524448899e-23, 4.47129516523e-24, 5.92360465782e-24, 9.4661967563e-24, 9.87710809094e-24, 1.31549442701e-23, 1.02531975275e-23, 5.55938955003e-24, 8.69095869005e-24, 1.54763386666e-23, 1.35352265024e-23, 9.64844808009e-24, 8.52680541314e-24, 1.00777540733e-23, 1.37519187045e-23, 4.42269857245e-24, 1.06603420513e-23, 7.23180661797e-24, 8.85009638932e-24, 6.46198329297e-24, 1.01790501244e-23, 9.75492379191e-24, 9.32483998183e-24, 1.01407485609e-23, 9.80804726299e-24, 7.13748173067e-24, 1.46206565095e-23, 7.91591783903e-24, 1.27146502334e-23, 7.30616701348e-24, 9.78132617755e-24, 9.77968140256e-24, 7.26109544566e-24, 6.94184185959e-24, 7.20486228489e-24, 8.52323897299e-24, 9.83997009724e-24, 9.07872011257e-24], "var": [0.000206026088563, 3.43930914823e-05, 3.95858251068e-06, 4.15010117649e-06, 1.80672236638e-06, 2.74861372418e-06, 3.69905734487e-07, 2.77406400073e-07, 2.83468466478e-07, 2.44945175254e-09, 2.07974526489e-08, 4.67980107999e-08, 6.40288249087e-08, 3.77521347517e-09, 1.93533322701e-09, 8.13953793255e-10, 6.97100155378e-10, 4.42972047932e-10, 1.53263068903e-09, 1.64839664141e-09, 4.40891489983e-10, 2.50094639442e-10, 5.34509797534e-11, 8.87804482708e-11, 7.58458157391e-11, 6.2767187281e-11, 2.9877586516e-11, 2.77905389673e-11, 2.0032151285e-11, 3.10100348178e-11, 1.71253809744e-11, 1.24435435914e-11, 8.9756587579e-12, 4.47724626471e-12, 1.30312505578e-11, 1.00885402463e-11, 2.26056283067e-12, 1.58660985825e-12, 1.61359760189e-12, 1.56177176226e-12]}, "mfcc": {"mean": [-729.268676758, 172.087051392, 16.3861045837, 19.263710022, 9.42458248138, -1.87297165394, -17.1159877777, -13.1189928055, -5.41254234314, 2.24530482292, 1.22073030472, 1.53379523754, 7.4983625412], "cov": [[9316.39453125, -1951.81652832, 1158.05749512, 1168.5291748, 586.582763672, 681.350952148, 926.968933105, 936.68762207, 457.15725708, -42.1711082458, -179.317810059, 16.8213253021, -33.3827896118], [-1951.81652832, 2493.83056641, -84.0826721191, 156.761016846, 349.413879395, 311.057922363, 451.393005371, 232.669723511, 147.332168579, 64.7965240479, 85.3833465576, -51.2127151489, 32.6056480408], [1158.05749512, -84.0826721191, 748.713684082, 250.796295166, 260.95223999, 269.516815186, 303.543334961, 260.186645508, 161.058670044, 57.7166213989, 33.7839508057, 25.1974048615, -22.8986644745], [1168.5291748, 156.761016846, 250.796295166, 492.766296387, 246.732452393, 258.549041748, 270.900756836, 255.59236145, 196.499893188, 40.4618873596, 10.7608566284, 26.6726894379, 30.9938240051], [586.582763672, 349.413879395, 260.95223999, 246.732452393, 378.017089844, 284.873046875, 281.700317383, 209.758834839, 162.032669067, 29.0735607147, 24.2826328278, -1.27026498318, 40.2833557129], [681.350952148, 311.057922363, 269.516815186, 258.549041748, 284.873046875, 379.041809082, 279.812347412, 194.847610474, 154.407562256, 15.2006826401, 34.1776657104, 3.1832215786, 42.8913269043], [926.968933105, 451.393005371, 303.543334961, 270.900756836, 281.700317383, 279.812347412, 595.466430664, 338.327941895, 103.925308228, 24.0696697235, 21.4755382538, 5.24637842178, -38.5223121643], [936.68762207, 232.669723511, 260.186645508, 255.59236145, 209.758834839, 194.847610474, 338.327941895, 384.573913574, 165.404754639, 38.4984283447, 5.63252162933, 34.0207710266, 10.485373497], [457.15725708, 147.332168579, 161.058670044, 196.499893188, 162.032669067, 154.407562256, 103.925308228, 165.404754639, 263.628143311, 41.0292701721, 12.0116958618, -3.94891428947, 42.7704353333], [-42.1711082458, 64.7965240479, 57.7166213989, 40.4618873596, 29.0735607147, 15.2006826401, 24.0696697235, 38.4984283447, 41.0292701721, 113.63835144, 31.7338256836, 24.6566982269, 22.6948337555], [-179.317810059, 85.3833465576, 33.7839508057, 10.7608566284, 24.2826328278, 34.1776657104, 21.4755382538, 5.63252162933, 12.0116958618, 31.7338256836, 93.990524292, 48.5732955933, 26.468837738], [16.8213253021, -51.2127151489, 25.1974048615, 26.6726894379, -1.27026498318, 3.1832215786, 5.24637842178, 34.0207710266, -3.94891428947, 24.6566982269, 48.5732955933, 134.030563354, 42.8563232422], [-33.3827896118, 32.6056480408, -22.8986644745, 30.9938240051, 40.2833557129, 42.8913269043, -38.5223121643, 10.485373497, 42.7704353333, 22.6948337555, 26.468837738, 42.8563232422, 101.318847656]], "icov": [[0.000362403137842, 0.000426742219133, -3.03785800497e-05, -0.000494567910209, 4.18094941779e-06, -0.000219498222577, -0.000329248927301, -0.000445044890512, 2.87738712359e-05, 0.000183533484233, 0.000410522829043, 0.000205972377444, -0.000108995438495], [0.000426742219133, 0.00111522583757, 0.000450762192486, -0.000360552599886, -0.000396712246584, -0.000519966823049, -0.000777809007559, -0.000616416800767, -9.36360520427e-05, -0.000104821221612, -7.04853082425e-05, 0.000608745322097, -3.62805440091e-05], [-3.03785800497e-05, 0.000450762192486, 0.00266277324408, 0.000231454643654, -0.000914066913538, -0.00122601119801, -7.78362591518e-05, -0.000704310892615, -0.000390628469177, -0.00104210001882, -0.00067847489845, -0.000396060902858, 0.0020447531715], [-0.000494567910209, -0.000360552599886, 0.000231454643654, 0.00497662741691, -0.000620161707047, -0.00118623231538, 6.58183671476e-06, -0.000283004133962, -0.00152565864846, -0.000830202072393, 0.000273446494248, -0.00117270741612, 0.000518146494869], [4.18094941779e-06, -0.000396712246584, -0.000914066913538, -0.000620161707047, 0.00788589473814, -0.00293557997793, -0.00131655239966, 1.18648194984e-05, -0.00101772532798, 9.56292569754e-05, 0.000395157985622, 0.000899201200809, -0.00235763727687], [-0.000219498222577, -0.000519966823049, -0.00122601119801, -0.00118623231538, -0.00293557997793, 0.00857948604971, -0.00153401156422, 0.00123944191728, -0.000795297615696, 0.00191358139273, -0.00165814149659, 0.00102197239175, -0.00308752106503], [-0.000329248927301, -0.000777809007559, -7.78362591518e-05, 6.58183671476e-06, -0.00131655239966, -0.00153401156422, 0.00601904094219, -0.00339030171745, 0.00203591980971, -0.000283849250991, -0.00124490528833, -0.000159388640895, 0.00353119918145], [-0.000445044890512, -0.000616416800767, -0.000704310892615, -0.000283004133962, 1.18648194984e-05, 0.00123944191728, -0.00339030171745, 0.00860160123557, -0.00295284669846, -0.000469644757686, 0.00184896762948, -0.00248231342994, -0.000810818979517], [2.87738712359e-05, -9.36360520427e-05, -0.000390628469177, -0.00152565864846, -0.00101772532798, -0.000795297615696, 0.00203591980971, -0.00295284669846, 0.0077922004275, -0.00106113043148, -0.000591547403019, 0.00215823948383, -0.00157104735263], [0.000183533484233, -0.000104821221612, -0.00104210001882, -0.000830202072393, 9.56292569754e-05, 0.00191358139273, -0.000283849250991, -0.000469644757686, -0.00106113043148, 0.0112813189626, -0.0027648252435, -3.80091441912e-05, -0.00213541090488], [0.000410522829043, -7.04853082425e-05, -0.00067847489845, 0.000273446494248, 0.000395157985622, -0.00165814149659, -0.00124490528833, 0.00184896762948, -0.000591547403019, -0.0027648252435, 0.0165910106152, -0.00547283049673, -0.00134922831785], [0.000205972377444, 0.000608745322097, -0.000396060902858, -0.00117270741612, 0.000899201200809, 0.00102197239175, -0.000159388640895, -0.00248231342994, 0.00215823948383, -3.80091441912e-05, -0.00547283049673, 0.0122882518917, -0.00512323109433], [-0.000108995438495, -3.62805440091e-05, 0.0020447531715, 0.000518146494869, -0.00235763727687, -0.00308752106503, 0.00353119918145, -0.000810818979517, -0.00157104735263, -0.00213541090488, -0.00134922831785, -0.00512323109433, 0.0174811780453]]}, "spectral_contrast_coeffs": {"dmean": [0.0510519705713, 0.0548429004848, 0.0432405024767, 0.0358131565154, 0.0252394415438, 0.0229713693261], "dmean2": [0.0806389898062, 0.0825293809175, 0.0676525607705, 0.0550103150308, 0.0396104343235, 0.0351850800216], "dvar": [0.00251498678699, 0.00251970835961, 0.00163892982528, 0.0011161826551, 0.000663991493639, 0.000609288748819], "dvar2": [0.00550646753982, 0.00564577197656, 0.00378247932531, 0.00216710520908, 0.00137841596734, 0.00138050713576], "max": [-0.294880926609, -0.366670012474, -0.540584504604, -0.466880559921, -0.522902727127, -0.666618824005], "mean": [-0.651627361774, -0.634103834629, -0.756072759628, -0.757481753826, -0.799329698086, -0.799030840397], "median": [-0.683876872063, -0.635106086731, -0.763876676559, -0.769962310791, -0.80650639534, -0.801306903362], "min": [-0.959830462933, -0.956514298916, -0.953630447388, -0.974552452564, -0.953519582748, -0.963814675808], "var": [0.0127334594727, 0.00684430776164, 0.00538685312495, 0.0053126020357, 0.00249317893758, 0.00180928688496]}, "spectral_contrast_valleys": {"dmean": [0.545397937298, 0.442213147879, 0.590112447739, 0.609651505947, 0.645822167397, 0.725699663162], "dmean2": [0.797391057014, 0.664478540421, 0.879290163517, 0.882502019405, 0.862073361874, 0.83809787035], "dvar": [0.440154105425, 0.319265544415, 0.521496236324, 0.582558214664, 0.709990918636, 0.853542208672], "dvar2": [0.702751874924, 0.52428597211