{"lowlevel": {"average_loudness": 0.760455071926, "barkbands_crest": {"dmean": 1.9152520895, "dmean2": 3.16018462181, "dvar": 3.51675724983, "dvar2": 9.10607910156, "max": 24.9102954865, "mean": 11.3808412552, "median": 10.676700592, "min": 3.0249350071, "var": 14.531662941}, "barkbands_flatness_db": {"dmean": 0.0213937815279, "dmean2": 0.0328352600336, "dvar": 0.000534213671926, "dvar2": 0.0011247395305, "max": 0.45870283246, "mean": 0.242574155331, "median": 0.242471322417, "min": 0.0542402416468, "var": 0.00418887566775}, "barkbands_kurtosis": {"dmean": 3.88873171806, "dmean2": 6.14558696747, "dvar": 44.6234169006, "dvar2": 111.392112732, "max": 167.788803101, "mean": 10.5000810623, "median": 6.47825527191, "min": -1.9663387537, "var": 184.006820679}, "barkbands_skewness": {"dmean": 0.494990199804, "dmean2": 0.77177298069, "dvar": 0.345462441444, "dvar2": 0.769099473953, "max": 11.7346515656, "mean": 2.35509800911, "median": 2.25745797157, "min": -6.47245264053, "var": 2.47587871552}, "barkbands_spread": {"dmean": 3.1638147831, "dmean2": 4.90338230133, "dvar": 50.2742576599, "dvar2": 105.415435791, "max": 134.756225586, "mean": 11.1143140793, "median": 6.884578228, "min": 0.442204713821, "var": 253.179733276}, "dissonance": {"dmean": 0.0230658687651, "dmean2": 0.037475887686, "dvar": 0.000560585642233, "dvar2": 0.00139028404374, "max": 0.499555438757, "mean": 0.399404734373, "median": 0.41708150506, "min": 0.17952953279, "var": 0.00464969035238}, "dynamic_complexity": 6.81124687195, "erbbands_crest": {"dmean": 1.72882723808, "dmean2": 2.68902897835, "dvar": 3.41865372658, "dvar2": 8.26796722412, "max": 30.4319400787, "mean": 9.99760246277, "median": 9.11288547516, "min": 2.35100030899, "var": 17.4360980988}, "erbbands_flatness_db": {"dmean": 0.0143557246774, "dmean2": 0.0203657168895, "dvar": 0.000377792370273, "dvar2": 0.000735136971343, "max": 0.429372340441, "mean": 0.216268151999, "median": 0.221942394972, "min": 0.0280186720192, "var": 0.00385830295272}, "erbbands_kurtosis": {"dmean": 0.862926602364, "dmean2": 1.37562799454, "dvar": 3.1195101738, "dvar2": 7.95627880096, "max": 41.3142776489, "mean": 0.977860152721, "median": 0.0185523033142, "min": -1.76451516151, "var": 10.2633619308}, "erbbands_skewness": {"dmean": 0.271594136953, "dmean2": 0.40735039115, "dvar": 0.140010535717, "dvar2": 0.30072209239, "max": 4.71139812469, "mean": 0.683226883411, "median": 0.637847781181, "min": -4.10830497742, "var": 0.737954437733}, "erbbands_spread": {"dmean": 5.30314826965, "dmean2": 8.11420249939, "dvar": 71.0029373169, "dvar2": 154.306549072, "max": 134.740982056, "mean": 31.2643089294, "median": 26.6616172791, "min": 2.10281467438, "var": 355.458587646}, "hfc": {"dmean": 3.03171133995, "dmean2": 4.2310385704, "dvar": 72.1731796265, "dvar2": 158.376815796, "max": 206.110717773, "mean": 11.1153554916, "median": 7.00775623322, "min": 1.24259918651e-16, "var": 249.679397583}, "melbands_crest": {"dmean": 2.78501582146, "dmean2": 4.61411380768, "dvar": 7.3819937706, "dvar2": 21.9110774994, "max": 32.3968772888, "mean": 16.7545204163, "median": 16.4319000244, "min": 2.22662687302, "var": 21.7950172424}, "melbands_flatness_db": {"dmean": 0.0247961916029, "dmean2": 0.0376444086432, "dvar": 0.000761525472626, "dvar2": 0.00153483613394, "max": 0.59753537178, "mean": 0.324506431818, "median": 0.325432598591, "min": 0.00507264770567, "var": 0.00816880166531}, "melbands_kurtosis": {"dmean": 7.21351051331, "dmean2": 11.5606746674, "dvar": 202.450622559, "dvar2": 508.257476807, "max": 337.75958252, "mean": 19.9554672241, "median": 12.9125795364, "min": -1.88413989544, "var": 745.201293945}, "melbands_skewness": {"dmean": 0.60155326128, "dmean2": 0.959047496319, "dvar": 0.524246931076, "dvar2": 1.23923158646, "max": 15.4108066559, "mean": 3.20481991768, "median": 2.92188000679, "min": -1.8321441412, "var": 2.70292234421}, "melbands_spread": {"dmean": 3.59392690659, "dmean2": 5.42080593109, "dvar": 122.371170044, "dvar2": 240.931732178, "max": 219.316543579, "mean": 12.0074195862, "median": 6.93337965012, "min": 0.566476345062, "var": 520.319824219}, "pitch_salience": {"dmean": 0.0628712847829, "dmean2": 0.103937149048, "dvar": 0.00374055886641, "dvar2": 0.0100171230733, "max": 0.854747116566, "mean": 0.527265250683, "median": 0.540848255157, "min": 0.138457208872, "var": 0.0156716424972}, "silence_rate_20dB": {"dmean": 0, "dmean2": 0, "dvar": 0, "dvar2": 0, "max": 1, "mean": 1, "median": 1, "min": 1, "var": 0}, "silence_rate_30dB": {"dmean": 0.00553041743115, "dmean2": 0.0110636157915, "dvar": 0.00549980532378, "dvar2": 0.0129526834935, "max": 1, "mean": 0.994973599911, "median": 1, "min": 0, "var": 0.00500099966303}, "silence_rate_60dB": {"dmean": 0.013071895577, "dmean2": 0.0261503644288, "dvar": 0.0129015585408, "dvar2": 0.0325086899102, "max": 1, "mean": 0.151042982936, "median": 0, "min": 0, "var": 0.128234982491}, "spectral_centroid": {"dmean": 124.093864441, "dmean2": 184.101989746, "dvar": 92124.015625, "dvar2": 149421.578125, "max": 11310.3447266, "mean": 636.559814453, "median": 454.419830322, "min": 163.619949341, "var": 452345.9375}, "spectral_complexity": {"dmean": 1.59376573563, "dmean2": 2.49886846542, "dvar": 4.89537763596, "dvar2": 10.1781806946, "max": 41, "mean": 11.1196279526, "median": 10, "min": 0, "var": 44.5643577576}, "spectral_decrease": {"dmean": 1.60866775456e-09, "dmean2": 2.4784978514e-09, "dvar": 6.9730821058e-18, "dvar2": 1.52064549385e-17, "max": 8.0232268371e-16, "mean": -6.23123597165e-09, "median": -5.3182009907e-09, "min": -5.70583296167e-08, "var": 3.08660725038e-17}, "spectral_energy": {"dmean": 0.00626524258405, "dmean2": 0.00963945873082, "dvar": 0.000104577891761, "dvar2": 0.00022803794127, "max": 0.222412273288, "mean": 0.0245262980461, "median": 0.0209804326296, "min": 1.1081137668e-20, "var": 0.000471912440844}, "spectral_energyband_high": {"dmean": 0.000215842781472, "dmean2": 0.000299732026178, "dvar": 1.5673051621e-06, "dvar2": 3.67903635379e-06, "max": 0.0356862284243, "mean": 0.000355449476046, "median": 1.46314350786e-05, "min": 7.85647260074e-21, "var": 3.80691426471e-06}, "spectral_energyband_low": {"dmean": 0.00309621565975, "dmean2": 0.00509860692546, "dvar": 1.96530509129e-05, "dvar2": 5.22987320437e-05, "max": 0.0838318765163, "mean": 0.00714677944779, "median": 0.00516390614212, "min": 5.29841266891e-23, "var": 5.2273626352e-05}, "spectral_energyband_middle_high": {"dmean": 0.000531611556653, "dmean2": 0.000783782510553, "dvar": 2.63800620814e-06, "dvar2": 6.7108408075e-06, "max": 0.0489411354065, "mean": 0.00188793160487, "median": 0.00100094196387, "min": 1.66764084648e-21, "var": 8.68978713697e-06}, "spectral_energyband_middle_low": {"dmean": 0.00504432059824, "dmean2": 0.00762163382024, "dvar": 7.90157355368e-05, "dvar2": 0.000164573546499, "max": 0.209266796708, "mean": 0.0183989349753, "median": 0.0141034349799, "min": 4.43344221112e-22, "var": 0.000342563522281}, "spectral_entropy": {"dmean": 0.174119576812, "dmean2": 0.256718456745, "dvar": 0.0514415428042, "dvar2": 0.098611921072, "max": 9.81815338135, "mean": 6.57626771927, "median": 6.55410480499, "min": 4.5934343338, "var": 0.525526165962}, "spectral_flux": {"dmean": 0.0164241101593, "dmean2": 0.026029959321, "dvar": 0.000473631283967, "dvar2": 0.00113598047756, "max": 0.369467288256, "mean": 0.0467771105468, "median": 0.0388426557183, "min": 1.05266982631e-10, "var": 0.00148706219625}, "spectral_kurtosis": {"dmean": 6.49604511261, "dmean2": 11.1199235916, "dvar": 74.6961212158, "dvar2": 216.014678955, "max": 170.98260498, "mean": 20.0789451599, "median": 12.1593961716, "min": -1.36907744408, "var": 465.738067627}, "spectral_rms": {"dmean": 0.000563727167901, "dmean2": 0.000872364907991, "dvar": 5.05530749706e-07, "dvar2": 1.12318059564e-06, "max": 0.0147304981947, "mean": 0.00431949971244, "median": 0.00452423654497, "min": 3.28798815431e-12, "var": 5.27001611772e-06}, "spectral_rolloff": {"dmean": 233.251068115, "dmean2": 397.91998291, "dvar": 921773.4375, "dvar2": 2209840.5, "max": 19702.8808594, "mean": 1145.73547363, "median": 430.6640625, "min": 129.19921875, "var": 9045174}, "spectral_skewness": {"dmean": 0.487240791321, "dmean2": 0.809423685074, "dvar": 0.283551931381, "dvar2": 0.794296205044, "max": 10.9821424484, "mean": 3.00640416145, "median": 2.55291295052, "min": -0.0684548392892, "var": 2.29644560814}, "spectral_spread": {"dmean": 507166.375, "dmean2": 756179.5, "dvar": 823148412928, "dvar2": 1361402658820.0, "max": 41571956, "mean": 3312986.5, "median": 2670051, "min": 516689, "var": 5931730993150.0}, "spectral_strongpeak": {"dmean": 0.25251403451, "dmean2": 0.421495825052, "dvar": 0.305943876505, "dvar2": 0.850214481354, "max": 13.2693920135, "mean": 0.730263292789, "median": 0.56898111105, "min": 0, "var": 0.495889753103}, "zerocrossingrate": {"dmean": 0.00694788154215, "dmean2": 0.00793981924653, "dvar": 0.000195098502445, "dvar2": 0.000167598846019, "max": 0.759765625, "mean": 0.0438481234014, "median": 0.02197265625, "min": 0.005859375, "var": 0.00864389445633}, "barkbands": {"dmean": [1.08325664883e-07, 0.0001016482056, 0.00162535556592, 0.00240536918864, 0.00288387178443, 0.000868295319378, 0.00026277647703, 0.000358106539352, 0.000277449755231, 0.00018234680465, 3.84004561056e-05, 7.32333573978e-05, 6.32312585367e-05, 0.000137826384162, 0.000145944024553, 5.26175354025e-05, 4.86463359266e-05, 3.40799051628e-05, 4.39391988039e-05, 4.29589345003e-05, 6.68632201268e-05, 5.94587654632e-05, 2.4769025913e-05, 2.73354598903e-05, 3.20102626574e-05, 1.28823430714e-05, 1.81560574219e-06], "dmean2": [2.00376661041e-07, 0.000164567987667, 0.00263207871467, 0.00389204733074, 0.00417528720573, 0.00126552081201, 0.000359016703442, 0.000511695921887, 0.000389600521885, 0.000282928842353, 5.67788010812e-05, 0.000115185590403, 0.000100183373434, 0.000217814973439, 0.000223659779294, 8.57610793901e-05, 7.80211994424e-05, 5.25816176378e-05, 7.0559544838e-05, 6.6832464654e-05, 0.00010574504995, 9.13438489079e-05, 3.19879618473e-05, 3.67104548786e-05, 4.64757686132e-05, 1.96615583263e-05, 2.85317969428e-06], "dvar": [5.65433940988e-12, 5.46876925966e-08, 7.01440330886e-06, 1.35319487526e-05, 5.37357700523e-05, 2.42850296672e-06, 6.59187321617e-07, 6.55410929085e-07, 4.79215827909e-07, 4.90067236569e-07, 1.17362732865e-08, 3.26723537114e-08, 9.54202192816e-08, 7.06075354628e-07, 2.34766517337e-07, 1.60526010262e-08, 2.61182915295e-08, 4.06557738586e-08, 3.20184341263e-08, 4.96994232435e-08, 4.68453038138e-07, 5.63081300697e-07, 2.03277501498e-08, 2.2618445783e-08, 1.8885152997e-08, 4.52047466126e-09, 7.27021221003e-11], "dvar2": [1.65541712283e-11, 1.52716140178e-07, 1.78989957931e-05, 3.65911873814e-05, 0.000110068263893, 5.81613676331e-06, 1.01711850675e-06, 1.38414759476e-06, 9.27240478177e-07, 1.28456338189e-06, 2.18206608338e-08, 8.24320380843e-08, 2.61728104078e-07, 2.04459274755e-06, 5.84757913202e-07, 4.3610569378e-08, 6.31455066014e-08, 9.53767909095e-08, 8.04436055546e-08, 1.18781102287e-07, 1.20532263281e-06, 1.54222459514e-06, 3.83136224968e-08, 3.55790561457e-08, 3.82737859184e-08, 1.08675708432e-08, 1.84485399179e-10], "max": [0.00010959811334, 0.00356910284609, 0.0538126900792, 0.0494290888309, 0.174129202962, 0.0283884238452, 0.0348630286753, 0.0209811981767, 0.0195796322078, 0.0250143110752, 0.00465096905828, 0.00424082577229, 0.0124517148361, 0.0347539894283, 0.0162310115993, 0.00381617667153, 0.00690103089437, 0.00926547776908, 0.00630434602499, 0.00774199748412, 0.0292482990772, 0.0295214038342, 0.00493497401476, 0.00568338204175, 0.0027810561005, 0.00223303190432, 0.000199376765522], "mean": [8.23533525818e-08, 0.000269600568572, 0.00368656846695, 0.00511209573597, 0.00767978979275, 0.00268368935212, 0.00083667592844, 0.00102030916605, 0.000932585156988, 0.000542587193195, 0.000106529914774, 0.000177282505319, 0.000133373163408, 0.00030161239556, 0.000277841201751, 0.000100501340057, 0.000120348355267, 6.71527595841e-05, 8.19948108983e-05, 7.57384841563e-05, 9.33325500228e-05, 7.59507383918e-05, 3.89626184187e-05, 4.58655085822e-05, 4.7818859457e-05, 1.62660708156e-05, 1.78626964953e-06], "median": [1.67333862322e-08, 0.000101368292235, 0.00235122116283, 0.00321099977009, 0.00290845823474, 0.00134158250876, 0.000219997556997, 0.000372176291421, 0.000289064832032, 0.000203855204745, 1.72958461917e-05, 4.16096372646e-05, 4.28673956776e-05, 0.000115531824122, 6.37381090201e-05, 3.17635021929e-05, 4.36984228145e-05, 1.62937685673e-05, 2.28536973736e-05, 9.76929277385e-06, 2.92830691251e-06, 5.03315220612e-07, 4.17570362288e-07, 1.04347111574e-06, 1.36445896715e-06, 2.17504165789e-07, 3.51576687763e-08], "min": [1.65643459808e-25, 3.30908816613e-23, 1.71339547318e-23, 8.3445430453e-24, 5.02075950491e-23, 9.03535279985e-23, 1.60245392511e-22, 4.64053485948e-23, 7.85936187638e-23, 4.12596278427e-23, 7.2982223953e-23, 1.25968603629e-22, 6.21235472817e-23, 9.62102774834e-23, 3.10750788844e-22, 1.88721302192e-22, 1.25535676764e-22, 4.17926769336e-22, 1.61269800971e-22, 2.55719902583e-22, 3.36656122691e-22, 3.69767606244e-22, 6.83497361058e-22, 8.82833954245e-22, 1.18495531161e-21, 1.77127137051e-21, 2.75511324601e-21], "var": [3.05938130732e-12, 1.44721099105e-07, 1.74225169758e-05, 3.32364252245e-05, 0.000163120144862, 1.21272332763e-05, 5.26388521394e-06, 3.54026565219e-06, 3.89144406654e-06, 2.04650268643e-06, 9.98081972625e-08, 1.104342644e-07, 1.34219874326e-07, 6.06401954428e-07, 3.87355811426e-07, 3.7561513011e-08, 6.95241126891e-08, 8.58562785311e-08, 6.97209117106e-08, 1.0761076652e-07, 5.63458229408e-07, 6.38927645014e-07, 6.13937203298e-08, 9.34106978434e-08, 4.53469937156e-08, 7.111168987e-09, 6.93892096559e-11]}, "erbbands": {"dmean": [0.000681919802446, 0.0452211163938, 1.16709840298, 6.20261144638, 9.75996780396, 7.42972564697, 10.3411359787, 6.82643985748, 4.50358009338, 4.52562904358, 6.39992570877, 7.06045627594, 5.59356498718, 3.39661073685, 1.81186687946, 2.27007389069, 2.45452213287, 6.06394529343, 7.77103424072, 4.05384874344, 2.18360114098, 2.61700367928, 2.02610492706, 1.66900467873, 2.57723331451, 2.12363386154, 2.66140580177, 2.84537577629, 2.16118550301, 0.920830011368, 0.701357483864, 0.601253628731, 0.4603061378, 0.363055258989, 0.236977785826, 0.0846483558416, 0.018543805927, 0.00325047574006, 0.00027293805033, 1.68117876456e-05], "dmean2": [0.00110596651211, 0.0735226497054, 1.8830037117, 10.1607141495, 15.0750684738, 11.2630271912, 13.3852834702, 10.1815509796, 6.39245605469, 6.42864704132, 8.81239795685, 10.2300796509, 8.27514648438, 5.00803756714, 2.63341259956, 3.54540610313, 3.88342022896, 9.74210071564, 11.9106197357, 6.32191419601, 3.40908002853, 4.17463541031, 3.07806515694, 2.67760324478, 4.01111984253, 3.26226758957, 4.08247756958, 4.48992967606, 3.26759934425, 1.34466636181, 0.946104645729, 0.796431005001, 0.646117210388, 0.514569580555, 0.353690385818, 0.130137845874, 0.0278659537435, 0.00498320348561, 0.000427548395237, 2.58781619777e-05], "dvar": [1.86535226021e-06, 0.00882424879819, 3.73228406906, 79.7262420654, 584.844543457, 419.641052246, 331.265289307, 263.667053223, 209.203430176, 126.585037231, 219.916152954, 353.666137695, 402.106262207, 116.907722473, 20.7824821472, 32.6070098877, 116.669029236, 2597.80200195, 935.232849121, 136.513153076, 20.8794250488, 86.2264022827, 96.8203048706, 102.984954834, 85.7651977539, 130.606933594, 516.925354004, 953.375488281, 522.348205566, 41.5628433228, 16.845293045, 15.8692388535, 5.42625188828, 2.88710403442, 1.05024385452, 0.162445619702, 0.0116913234815, 0.000250571582001, 1.60012370998e-06, 3.19079185296e-09], "dvar2": [4.99285715705e-06, 0.0242833569646, 9.74628543854, 218.388244629, 1268.7791748, 972.297302246, 642.542480469, 679.47668457, 348.259887695, 243.877990723, 445.622192383, 744.005981445, 1023.01434326, 231.680786133, 43.9717750549, 77.0829467773, 324.113433838, 7690.25097656, 2451.13549805, 318.917694092, 49.2951316833, 210.768753052, 219.398345947, 246.098983765, 209.665817261, 296.754241943, 1299.15478516, 2603.56323242, 1297.4543457, 80.8779602051, 31.4467105865, 23.8930568695, 9.3664484024, 5.77866888046, 2.16958475113, 0.384847790003, 0.0283882487565, 0.000630251306575, 4.04203774451e-06, 7.86339438008e-09], "max": [0.0300852544606, 1.50831890106, 35.2749404907, 140.727310181, 532.521911621, 383.010009766, 403.40524292, 321.840942383, 622.448669434, 382.733428955, 327.143310547, 500.595916748, 798.231994629, 485.487457275, 135.800231934, 150.517440796, 431.47454834, 2266.37695312, 1336.82092285, 254.290405273, 126.971260071, 436.657165527, 459.880187988, 464.972045898, 320.042053223, 411.654418945, 833.741821289, 994.11920166, 777.34777832, 303.458953857, 160.505462646, 177.501235962, 110.942367554, 40.5060958862, 26.2429332733, 12.7273616791, 3.33846521378, 0.477855503559, 0.0284527018666, 0.00122238742188], "mean": [0.0021183968056, 0.12128508091, 2.61498141289, 13.9167919159, 18.8862304688, 20.4509449005, 34.5777168274, 22.828584671, 15.0996456146, 14.9438247681, 19.4344711304, 23.4686374664, 18.7040615082, 10.3980121613, 5.46157312393, 5.82772111893, 6.24401092529, 13.7855939865, 16.7528305054, 9.21776390076, 5.2006649971, 6.67199325562, 4.57423639297, 3.1027970314, 4.83876752853, 3.73414969444, 3.67917370796, 3.60616517067, 2.92172956467, 1.44133341312, 1.11483192444, 1.01516711712, 0.723153233528, 0.558559954166, 0.32488617301, 0.102620385587, 0.0249885320663, 0.00379477464594, 0.000289628282189, 3.97963449359e-05], "median": [0.00144359096885, 0.0635041669011, 1.71156477928, 10.1008682251, 5.82737064362, 6.41885948181, 18.5142459869, 6.88245153427, 6.27139377594, 3.98512649536, 7.62687778473, 8.26041412354, 6.71585464478, 3.77942299843, 1.19862854481, 1.4509203434, 2.46380019188, 5.39320659637, 5.01183271408, 3.00591850281, 2.27064776421, 2.36528921127, 1.35271322727, 0.770528197289, 1.30408537388, 0.51136392355, 0.23214225471, 0.0589542984962, 0.0216456688941, 0.0155790969729, 0.0112126870081, 0.0110317552462, 0.0216845944524, 0.013966454193, 0.00902167800814, 0.00163532758597, 0.000344416999724, 6.48605418974e-05, 1.95055545191e-05, 2.6540894396e-05], "min": [2.98245033712e-22, 9.36502143245e-21, 2.64350606342e-20, 1.94980477519e-20, 1.12006846535e-19, 1.79281691323e-19, 3.35629877712e-19, 8.68526821881e-19, 1.41926108878e-18, 2.60186311597e-18, 1.29988062502e-18, 1.55471377524e-18, 1.56446323613e-18, 2.24614753523e-18, 2.39441180181e-18, 5.75010384195e-18, 3.64962301939e-18, 4.24615093558e-18, 7.30033957155e-18, 1.76235825675e-17, 9.76043427029e-18, 7.19483599314e-18, 1.9682837122e-17, 1.58342469732e-17, 6.77012176199e-18, 1.11930606332e-17, 1.58372992696e-17, 1.34443319319e-17, 1.29021191763e-17, 1.32430110601e-17, 1.79723632728e-17, 2.07767139989e-17, 1.4630173095e-17, 1.06993305876e-17, 1.00960950639e-17, 5.77532333806e-18, 3.33808591439e-18, 1.58129987712e-18, 3.44347999477e-19, 4.10000794782e-20], "var": [4.66471601612e-06, 0.0219148788601, 8.36698246002, 197.948303223, 1300.66296387, 1292.93847656, 1941.10876465, 1433.29260254, 1651.66967773, 923.31072998, 1173.17175293, 2369.05029297, 2120.63427734, 578.343200684, 160.591415405, 124.224441528, 183.216308594, 1874.40100098, 1400.86376953, 320.153900146, 74.8760070801, 227.251037598, 230.370727539, 231.063140869, 168.88710022, 295.875030518, 679.892700195, 1047.84753418, 839.815002441, 117.11516571, 50.2346153259, 65.0356674194, 18.4041919708, 7.24990701675, 2.1554620266, 0.234264984727, 0.0212205629796, 0.000317547965096, 1.58822251706e-06, 4.0603018725e-09]}, "gfcc": {"mean": [-122.28289032, 144.903182983, -98.2619171143, 4.16856002808, -41.5596084595, -11.7534589767, -49.455619812, -1.02569162846, -29.5399703979, -11.4222831726, -21.9984111786, -23.3232975006, -11.3850221634], "cov": [[30595.6777344, 1115.23608398, -3439.64038086, 1261.91821289, -1420.10766602, 0.372610896826, -1318.28210449, 655.988769531, -1233.75463867, 470.82409668, -493.071990967, -353.212371826, 80.0459365845], [1115.23608398, 3542.09155273, -666.760131836, -899.919555664, 611.436645508, -306.405456543, 75.9937515259, -31.4973583221, 258.724212646, -241.129241943, 113.202926636, -203.277694702, 26.1048717499], [-3439.64038086, -666.760131836, 979.121765137, -39.1193809509, 4.29440879822, 144.406661987, 87.1479263306, -10.9556388855, 67.7065429688, 31.7480888367, -2.84745383263, 65.0348434448, -61.0652923584], [1261.91821289, -899.919555664, -39.1193809509, 681.300415039, -227.170135498, 76.1264038086, -89.9637527466, -54.121799469, -103.221870422, 60.0447769165, -28.7411766052, 46.329826355, 38.5166244507], [-1420.10766602, 611.436645508, 4.29440879822, -227.170135498, 368.352783203, -70.5170974731, 55.4062652588, -39.3703308105, 134.847976685, -70.9568099976, 40.5300140381, -8.89604663849, 0.480249881744], [0.372610896826, -306.405456543, 144.406661987, 76.1264038086, -70.5170974731, 201.408828735, 18.9020900726, 3.01718568802, -0.564803063869, 11.3370437622, -26.8552494049, 23.0460395813, -36.7911224365], [-1318.28210449, 75.9937515259, 87.1479263306, -89.9637527466, 55.4062652588, 18.9020900726, 192.67980957, -19.7216739655, 66.7300338745, -39.1698455811, 14.987329483, -3.15009474754, -21.8801956177], [655.988769531, -31.4973583221, -10.9556388855, -54.121799469, -39.3703308105, 3.01718568802, -19.7216739655, 210.394165039, -24.3012104034, 48.6630020142, -33.4275779724, -51.5860404968, -39.5409240723], [-1233.75463867, 258.724212646, 67.7065429688, -103.221870422, 134.847976685, -0.564803063869, 66.7300338745, -24.3012104034, 184.82170105, -36.6655960083, 5.34890031815, 10.399066925, -29.0668430328], [470.82409668, -241.129241943, 31.7480888367, 60.0447769165, -70.9568099976, 11.3370437622, -39.1698455811, 48.6630020142, -36.6655960083, 111.774559021, -20.223274231, -10.582239151, 0.568532049656], [-493.071990967, 113.202926636, -2.84745383263, -28.7411766052, 40.5300140381, -26.8552494049, 14.987329483, -33.4275779724, 5.34890031815, -20.223274231, 105.533241272, 15.6655368805, 16.1530895233], [-353.212371826, -203.277694702, 65.0348434448, 46.329826355, -8.89604663849, 23.0460395813, -3.15009474754, -51.5860404968, 10.399066925, -10.582239151, 15.6655368805, 88.0313415527, 4.81439590454], [80.0459365845, 26.1048717499, -61.0652923584, 38.5166244507, 0.480249881744, -36.7911224365, -21.8801956177, -39.5409240723, -29.0668430328, 0.568532049656, 16.1530895233, 4.81439590454, 78.7774047852]], "icov": [[0.000283350789687, -0.000445607671281, 0.000692112487741, -0.000458399852505, 0.000584991124924, -0.000514255312737, 0.000876489968505, -0.00040345187881, 0.00118792359717, -0.000711728120223, 0.000869322859216, -0.000593355041929, 0.000719034636859], [-0.000445607671281, 0.00158620870207, -0.000616140896454, 0.00152426830027, -0.00139183655847, 0.00095712748589, -0.00096251105424, 0.000956104195211, -0.00253494037315, 0.0020114229992, -0.0018316161586, 0.00260407780297, -0.00136108475272], [0.000692112487741, -0.000616140896454, 0.00325437844731, -0.000545104383491, 0.00108386261854, -0.00192916684318, 0.00189561885782, -0.000735595240258, 0.00236948905513, -0.00205548806116, 0.00180073094089, -0.00147679192014, 0.00214994349517], [-0.000458399852505, 0.00152426830027, -0.000545104383491, 0.0036471679341, -0.000360836362233, 0.000353314040694, -0.000528185977601, 0.00166688894387, -0.0023988771718, 0.00135740474798, -0.00153793487698, 0.00182662135921, -0.00207911012694], [0.000584991124924, -0.00139183655847, 0.00108386261854, -0.000360836362233, 0.00645881891251, -0.000190158825717, 0.00192613922991, -0.000571400334593, -0.000164652185049, -0.000511660939083, 0.00116099906154, -0.00133287766948, 0.000789731391706], [-0.000514255312737, 0.00095712748589, -0.00192916684318, 0.000353314040694, -0.000190158825717, 0.00783137977123, -0.00215118029155, 0.000980256707408, -0.00225958437659, 0.00168082246091, -0.00051535887178, 0.000301926280372, 0.00133172445931], [0.000876489968505, -0.00096251105424, 0.00189561885782, -0.000528185977601, 0.00192613922991, -0.00215118029155, 0.00968811381608, -0.000545265327673, 0.00157662539277, -0.000123409074149, 0.00162226578686, 0.000314500037348, 0.00278752949089], [-0.00040345187881, 0.000956104195211, -0.000735595240258, 0.00166688894387, -0.000571400334593, 0.000980256707408, -0.000545265327673, 0.00797210168093, -0.0012552953558, -0.00114936463069, -0.00061027664924, 0.00457985792309, 0.00240958598442], [0.00118792359717, -0.00253494037315, 0.00236948905513, -0.0023988771718, -0.000164652185049, -0.00225958437659, 0.00157662539277, -0.0012552953558, 0.014455399476, -0.00349935214035, 0.00496375886723, -0.00502161262557, 0.00604414520785], [-0.000711728120223, 0.0020114229992, -0.00205548806116, 0.00135740474798, -0.000511660939083, 0.00168082246091, -0.000123409074149, -0.00114936463069, -0.00349935214035, 0.0150100439787, -0.00195446494035, 0.00416819984093, -0.00327690690756], [0.000869322859216, -0.0018316161586, 0.00180073094089, -0.00153793487698, 0.00116099906154, -0.00051535887178, 0.00162226578686, -0.00061027664924, 0.00496375886723, -0.00195446494035, 0.0140444338322, -0.00468607386574, 0.00102014723234], [-0.000593355041929, 0.00260407780297, -0.00147679192014, 0.00182662135921, -0.00133287766948, 0.000301926280372, 0.000314500037348, 0.00457985792309, -0.00502161262557, 0.00416819984093, -0.00468607386574, 0.0196342598647, -0.00188458513003], [0.000719034636859, -0.00136108475272, 0.00214994349517, -0.00207911012694, 0.000789731391706, 0.00133172445931, 0.00278752949089, 0.00240958598442, 0.00604414520785, -0.00327690690756, 0.00102014723234, -0.00188458513003, 0.0198580995202]]}, "melbands": {"dmean": [1.45595267895e-05, 0.000432547967648, 0.00106420239899, 0.000657032884192, 0.000344445987139, 0.000150004212628, 6.36801705696e-05, 6.11070063314e-05, 4.74064072478e-05, 4.56321504316e-05, 2.91138949251e-05, 1.62137439474e-05, 4.97876135341e-06, 8.90462069947e-06, 4.91660011903e-06, 8.15185285319e-06, 1.1764739611e-05, 1.26247396111e-05, 9.90984244709e-06, 4.86224098495e-06, 2.32750835494e-06, 2.82465384771e-06, 2.54037081504e-06, 1.46912657328e-06, 1.41872692438e-06, 1.67322934885e-06, 1.93806477e-06, 1.39179439884e-06, 1.46396098444e-06, 2.07150901588e-06, 1.75319905793e-06, 1.51476490373e-06, 8.29071268527e-07, 4.5267375981e-07, 4.21192339672e-07, 4.04275652954e-07, 3.73590182789e-07, 3.07396732069e-07, 3.46794678308e-07, 3.14484054798e-07], "dmean2": [2.35505576711e-05, 0.000698348449077, 0.00172368169297, 0.000998387346044, 0.000449046056019, 0.000223419745453, 8.95884877536e-05, 8.73232638696e-05, 6.54236209812e-05, 6.55918483972e-05, 4.34430585301e-05, 2.44406783168e-05, 7.06436094333e-06, 1.39729327202e-05, 7.73734609538e-06, 1.30076296045e-05, 1.88860285562e-05, 1.94523472601e-05, 1.51225822265e-05, 7.95317282609e-06, 3.69028975911e-06, 4.51460891782e-06, 4.04534557674e-06, 2.38604320657e-06, 2.2952604013e-06, 2.59070952779e-06, 3.05601884065e-06, 2.14425949707e-06, 2.2356896352e-06, 3.45100465893e-06, 2.86323347609e-06, 2.27238433581e-06, 1.31957244776e-06, 6.39855898044e-07, 6.12744429418e-07, 5.42998009223e-07, 5.00239707435e-07, 4.36865718711e-07, 5.03797252804e-07, 4.60589234308e-07], "dvar": [1.11204967457e-09, 5.35392132406e-07, 2.39485370912e-06, 3.23601807395e-06, 4.06939705044e-07, 1.09769572987e-07, 3.5994005998e-08, 2.00242435966e-08, 1.18768728186e-08, 1.47544376716e-08, 1.10985869384e-08, 2.91911983474e-09, 1.59949706258e-10, 5.14686626651e-10, 1.87436829946e-10, 3.01338842768e-09, 8.80297879036e-09, 3.02641844918e-09, 7.97777455208e-10, 1.6675304193e-10, 2.40738574908e-11, 7.44705616618e-11, 1.66133745649e-10, 8.87059731225e-11, 7.74671299331e-11, 3.68377654769e-11, 5.76393446861e-11, 7.23560864002e-11, 1.06517676624e-10, 9.57318002648e-10, 5.94828075684e-10, 3.34912875211e-10, 1.04055729311e-10, 8.04888447559e-12, 5.86828892771e-12, 1.00987837884e-11, 6.72616346301e-12, 2.16157994282e-12, 3.57702279255e-12, 2.13636140028e-12], "dvar2": [3.08306469243e-09, 1.39225744533e-06, 6.22889774604e-06, 6.59831948724e-06, 8.23600544209e-07, 2.77675923144e-07, 6.06059202823e-08, 4.07571043581e-08, 2.35096742074e-08, 2.96088344953e-08, 2.87407946331e-08, 6.3440821485e-09, 3.00098723649e-10, 1.31164057393e-09, 4.72434147358e-10, 8.75039152248e-09, 2.59936854263e-08, 8.11103095799e-09, 1.8718224748e-09, 4.3973866215e-10, 5.68291906589e-11, 1.81406334399e-10, 3.96827348759e-10, 2.35750169386e-10, 1.86675147562e-10, 8.47738129695e-11, 1.42946821047e-10, 1.69354974489e-10, 2.60270610619e-10, 2.6196493863e-09, 1.68189651095e-09, 8.6257462284e-10, 2.66986266428e-10, 1.73012645877e-11, 1.34569742502e-11, 1.60608054633e-11, 1.02192291088e-11, 3.95474234957e-12, 7.1900983431e-12, 4.37875213519e-12], "max": [0.000497966539115, 0.0137124173343, 0.0204939506948, 0.0431289821863, 0.0135189900175, 0.00627139443532, 0.00813078694046, 0.00467297434807, 0.00239175581373, 0.00325832120143, 0.00418031821027, 0.00222454522736, 0.000461158168036, 0.000544112932403, 0.000318528473144, 0.00244786031544, 0.00414482410997, 0.00252405623905, 0.000704812817276, 0.000347468914697, 0.000115338953037, 0.000359738245606, 0.000613136333413, 0.000372057722416, 0.000386123167118, 0.000267404451733, 0.000200403053896, 0.000319040933391, 0.000280642212601, 0.00142464064993, 0.000996097573079, 0.000668427208439, 0.00052276434144, 9.16596109164e-05, 8.53407254908e-05, 0.000185270153452, 0.00013684091391, 6.37678749627e-05, 7.74989530328e-05, 3.88076405216e-05], "mean": [4.03055273637e-05, 0.00100031751208, 0.0024751573801, 0.00139392330311, 0.00120541825891, 0.000493838044349, 0.000209727615584, 0.000188543854165, 0.000146996142576, 0.000149464482092, 9.28286535782e-05, 4.79159061797e-05, 1.5430539861e-05, 2.05173546419e-05, 1.14141739687e-05, 1.81583545782e-05, 2.58543241216e-05, 2.67542200163e-05, 1.91879553313e-05, 9.07796311367e-06, 5.30208853888e-06, 6.8831786848e-06, 6.01946794632e-06, 2.73980936072e-06, 2.40626104642e-06, 3.14071508001e-06, 3.38671679856e-06, 2.24402856475e-06, 2.08413689506e-06, 2.40745021074e-06, 2.06983463613e-06, 1.81930795407e-06, 1.11279950943e-06, 6.83504708832e-07, 6.30197291684e-07, 6.37540495063e-07, 6.11873815615e-07, 4.57705795043e-07, 5.22096627265e-07, 4.62718986682e-07], "median": [1.76254470716e-05, 0.000638421974145, 0.00179192051291, 0.000374787225155, 0.0006187238032, 0.000169461389305, 8.1992111518e-05, 5.74934783799e-05, 5.19150707987e-05, 5.0563878176e-05, 3.33263815264e-05, 1.79102789843e-05, 3.15643637805e-06, 3.95964752897e-06, 3.17991384691e-06, 6.27517783869e-06, 9.71030658548e-06, 7.16364957043e-06, 4.56778616353e-06, 2.82315750155e-06, 2.20456536226e-06, 2.44158218266e-06, 1.65535823271e-06, 7.36847539429e-07, 4.48341353376e-07, 9.08366189378e-07, 6.74217460528e-07, 2.39021915149e-07, 1.6635065947e-07, 5.73067211462e-08, 1.94079454729e-08, 1.038897679e-08, 8.74110117621e-09, 7.79720021882e-09, 5.62629853817e-09, 5.6252233982e-09, 5.4208135758e-09, 1.33010207293e-08, 1.40147582428e-08, 9.91034454501e-09], "min": [5.83940637796e-24, 1.41381923353e-23, 6.30031887222e-24, 1.01441501291e-23, 1.20363742164e-23, 1.8673645558e-23, 2.59106223703e-23, 2.44295360207e-23, 1.08195791471e-23, 1.00620825626e-23, 7.52587976394e-24, 8.6142585331e-24, 7.81665783791e-24, 1.20903543904e-23, 1.15487280149e-23, 7.32072465262e-24, 8.24161641869e-24, 7.23896395296e-24, 3.06828174838e-23, 1.55422763942e-23, 1.01000520157e-23, 5.0466216786e-24, 1.62633015724e-23, 1.9288639942e-23, 1.24712061803e-23, 5.5134202585e-24, 4.31966623848e-24, 8.5479610849e-24, 1.10274668726e-23, 7.4249331782e-24, 8.23833239074e-24, 7.74856494229e-24, 5.87949195043e-24, 7.9857651613e-24, 8.42639840827e-24, 1.5151014007e-23, 1.18418000964e-23, 9.687637901e-24, 9.54613597613e-24, 9.30032534034e-24], "var": [2.96300650682e-09, 1.24622181374e-06, 6.09865401202e-06, 8.51908862387e-06, 2.40688768827e-06, 5.87549322972e-07, 2.85384544441e-07, 1.3967989787e-07, 8.1100871796e-08, 1.04640328402e-07, 5.61187398773e-08, 1.25532393369e-08, 1.61148261402e-09, 1.53687607085e-09, 6.16179274271e-10, 2.94684943114e-09, 6.42633146697e-09, 4.19922585593e-09, 1.66468561158e-09, 3.25756005504e-10, 8.11351888452e-11, 1.90710947034e-10, 4.27733320985e-10, 1.26746765861e-10, 1.64168054151e-10, 9.38463820543e-11, 9.30883495287e-11, 1.50995507764e-10, 1.6864344643e-10, 7.59886931156e-10, 5.52465795334e-10, 3.86249698892e-10, 1.71072336852e-10, 2.04859514769e-11, 1.48559393953e-11, 2.9994357692e-11, 2.75737280231e-11, 6.94343280788e-12, 9.05392080752e-12, 4.91192546706e-12]}, "mfcc": {"mean": [-758.90637207, 177.165313721, 2.31689095497, 17.5047836304, 15.4580621719, -11.6824455261, -4.88617944717, -11.8078022003, -3.40749716759, 2.25839447975, -7.2845082283, -12.6030836105, -14.6833248138], "cov": [[16743.3574219, 1217.62683105, -1369.07324219, 666.143310547, -149.573730469, -569.679504395, 58.7244758606, -643.470581055, -399.221374512, -12.7791719437, -593.917175293, -446.509490967, 117.515457153], [1217.62683105, 3906.27368164, -614.003845215, -323.714111328, 262.093475342, -307.597839355, -120.793800354, -36.8951301575, 17.3567962646, 42.0801467896, 133.444229126, 53.4513130188, -246.175125122], [-1369.07324219, -614.003845215, 780.942443848, -49.605594635, -43.065372467, 149.648086548, -1.48055040836, 61.6082077026, 58.4236030579, 27.0469455719, 46.2613983154, 29.2089996338, 14.8692989349], [666.143310547, -323.714111328, -49.605594635, 331.847198486, 22.8761463165, 15.5361814499, 4.65231990814, -57.5760574341, -30.9307556152, -11.2476768494, -73.946395874, -42.9515190125, 53.4015007019], [-149.573730469, 262.093475342, -43.065372467, 22.8761463165, 213.203414917, 13.8820114136, -51.5127601624, 19.7243251801, -1.03713095188, 5.64246892929, 27.1354789734, -0.198541253805, -12.3781032562], [-569.679504395, -307.597839355, 149.648086548, 15.5361814499, 13.8820114136, 283.871673584, -36.6070213318, 76.2768554688, 1.95630383492, -5.60433959961, 30.4028072357, -22.1023254395, -8.03617572784], [58.7244758606, -120.793800354, -1.48055040836, 4.65231990814, -51.5127601624, -36.6070213318, 159.67678833, -24.8640174866, -22.9248447418, -10.1608181, -30.4378089905, 5.33584976196, 36.7257270813], [-643.470581055, -36.8951301575, 61.6082077026, -57.5760574341, 19.7243251801, 76.2768554688, -24.8640174866, 171.301864624, 17.3067550659, 10.0340642929, 69.4137649536, 20.7233562469, -28.3413524628], [-399.221374512, 17.3567962646, 58.4236030579, -30.9307556152, -1.03713095188, 1.95630383492, -22.9248447418, 17.3067550659, 123.581230164, 38.8529243469, 48.4254493713, 20.4121437073, -36.2690200806], [-12.7791719437, 42.0801467896, 27.0469455719, -11.2476768494, 5.64246892929, -5.60433959961, -10.1608181, 10.0340642929, 38.8529243469, 90.7081451416, 39.9338340759, 3.83238172531, -6.70169448853], [-593.917175293, 133.444229126, 46.2613983154, -73.946395874, 27.1354789734, 30.4028072357, -30.4378089905, 69.4137649536, 48.4254493713, 39.9338340759, 138.917144775, 46.4609451294, -48.594543457], [-446.509490967, 53.4513130188, 29.2089996338, -42.9515190125, -0.198541253805, -22.1023254395, 5.33584976196, 20.7233562469, 20.4121437073, 3.83238172531, 46.4609451294, 91.5998840332, -1.17028081417], [117.515457153, -246.175125122, 14.8692989349, 53.4015007019, -12.3781032562, -8.03617572784, 36.7257270813, -28.3413524628, -36.2690200806, -6.70169448853, -48.594543457, -1.17028081417, 125.375030518]], "icov": [[0.000102999343653, -3.23421299981e-05, 9.45595020312e-05, -0.000130797023303, 0.000127486520796, 9.11900424398e-05, 5.80348678341e-05, 0.000150715422933, 0.00021009768534, -0.000197678717086, 0.000159996139701, 0.000295013102004, 3.49295223714e-05], [-3.23421299981e-05, 0.000449955638032, 0.000224512303248, 0.000431582040619, -0.000524224189576, 0.000289085757686, 0.000106181949377, 0.000177229972905, 0.000145369194797, -0.00011779248598, -0.000163176766364, -0.000203500705538, 0.000649698951747], [9.45595020312e-05, 0.000224512303248, 0.00180764356628, 0.00030015403172, 0.000149856758071, -0.000624747772235, 3.56607342837e-05, 0.00015600064944, -0.000368763023289, -0.00054663233459, 0.000126325641759, -0.000253584585153, -7.97609391157e-05], [-0.000130797023303, 0.000431582040619, 0.00030015403172, 0.00430932687595, -0.00118535757065, -0.000427521212259, 0.000174666871317, 0.000780749483965, -0.000172079642653, -0.000225801981287, 0.00102714262903, 0.000262372312136, -0.000581466592848], [0.000127486520796, -0.000524224189576, 0.000149856758071, -0.00118535757065, 0.00606850814074, -0.000211544363992, 0.00150742928963, -0.000354453048203, 0.000534851977136, -1.63297900144e-05, -0.000934077717829, 0.000623280240688, -0.000800191482995], [9.11900424398e-05, 0.000289085757686, -0.000624747772235, -0.000427521212259, -0.000211544363992, 0.00523209199309, 0.000869436131325, -0.00156925106421, 0.000647726992611, 0.000771632010583, -0.00115051830653, 0.00225104880519, 0.000247103103902], [5.80348678341e-05, 0.000106181949377, 3.56607342837e-05, 0.000174666871317, 0.00150742928963, 0.000869436131325, 0.00764938443899, 0.000326255540131, 0.00103955133818, -4.64015720354e-05, 0.000628115492873, -0.000580439693294, -0.00135065766517], [0.000150715422933, 0.000177229972905, 0.00015600064944, 0.000780749483965, -0.000354453048203, -0.00156925106421, 0.000326255540131, 0.0087150586769, 0.000840584223624, 4.25446341978e-05, -0.00310631887987, -2.78904590232e-05, 0.000635782547761], [0.00021009768534, 0.000145369194797, -0.000368763023289, -0.000172079642653, 0.000534851977136, 0.000647726992611, 0.00103955133818, 0.000840584223624, 0.0117303123698, -0.00414545787498, -0.00124635023531, -0.000888833485078, 0.00286579504609], [-0.000197678717086, -0.00011779248598, -0.00054663233459, -0.000225801981287, -1.63297900144e-05, 0.000771632010583, -4.64015720354e-05, 4.25446341978e-05, -0.00414545787498, 0.0150770833716, -0.00531565165147, 0.00231326348148, -0.00224595353939], [0.000159996139701, -0.000163176766364, 0.000126325641759, 0.00102714262903, -0.000934077717829, -0.00115051830653, 0.000628115492873, -0.00310631887987, -0.00124635023531, -0.00531565165147, 0.0157517045736, -0.00574251683429, 0.00343197677284], [0.000295013102004, -0.000203500705538, -0.000253584585153, 0.000262372312136, 0.000623280240688, 0.00225104880519, -0.000580439693294, -2.78904590232e-05, -0.000888833485078, 0.00231326348148, -0.00574251683429, 0.0162431932986, -0.00259584886953], [3.49295223714e-05, 0.000649698951747, -7.97609391157e-05, -0.000581466592848, -0.000800191482995, 0.000247103103902, -0.00135065766517, 0.000635782547761, 0.00286579504609, -0.00224595353939, 0.00343197677284, -0.00259584886953, 0.011967305094]]}, "spectral_contrast_coeffs": {"dmean": [0.0398047827184, 0.0324639044702, 0.027248557657, 0.0232743248343, 0.0186451170594, 0.0145397149026], "dmean2": [0.0663119405508, 0.0514666736126, 0.0439495481551, 0.0381902754307, 0.0306284595281, 0.0219104047865], "dvar": [0.00117551430594, 0.000863821478561, 0.000668321619742, 0.000485242228024, 0.000363171158824, 0.000256736850133], "dvar2": [0.00316651747562, 0.00204807822593, 0.00158386584371, 0.00120683049317, 0.000830084492918, 0.000489964790177], "max": [-0.205432444811, -0.4146309793, -0.452203273773, -0.559425473213, -0.566500425339, -0.619118332863], "mean": [-0.500278353691, -0.645871639252, -0.690574884415, -0.748659610748, -0.773807704449, -0.818926513195], "median": [-0.486520111561, -0.636321365833, -0.695260226727, -0.747664690018, -0.773104310036, -0.819247603416], "min": [-0.957804322243, -0.96184360981, -0.968837559223, -0.963819265366, -0.96172451973, -0.962275803089], "var": [0.0104792118073, 0.00804416649044, 0.00926225073636, 0.00487894378603, 0.00376692041755, 0.00278669269755]}, "spectral_contrast_valleys": {"dmean": [0.356772571802, 0.276459515095, 0.266752302647, 0.245149359107, 0.242220893502, 0.299990087748], "dmean2": [0.600245952606, 0.449572116137, 0.42134514451, 0.379175156355, 0.348878413439, 0.396329671144], "dvar": [0.115886464715, 0.0921230092645, 0.0905176252127, 0.0952173247933, 0.120691500604, 0.214732676744], "dvar