{"lowlevel": {"average_loudness": 0.829371809959, "barkbands_crest": {"dmean": 1.85380744934, "dmean2": 2.66129255295, "dvar": 2.77830719948, "dvar2": 5.12641334534, "max": 24.3626823425, "mean": 9.03226089478, "median": 8.13094425201, "min": 2.81424999237, "var": 13.9436979294}, "barkbands_flatness_db": {"dmean": 0.0121152056381, "dmean2": 0.0165853369981, "dvar": 0.000110862652946, "dvar2": 0.000185215481906, "max": 0.277749449015, "mean": 0.147231653333, "median": 0.147362962365, "min": 0.0142212267965, "var": 0.00134331325535}, "barkbands_kurtosis": {"dmean": 1.21548235416, "dmean2": 1.79915380478, "dvar": 1.78485751152, "dvar2": 3.77890014648, "max": 22.7131347656, "mean": 1.96351671219, "median": 1.38425827026, "min": -1.70446968079, "var": 5.73712253571}, "barkbands_skewness": {"dmean": 0.290779739618, "dmean2": 0.423922777176, "dvar": 0.0634064972401, "dvar2": 0.13287332654, "max": 3.76273727417, "mean": 1.19529294968, "median": 1.19172012806, "min": -2.18966555595, "var": 0.452875077724}, "barkbands_spread": {"dmean": 2.65754508972, "dmean2": 3.81145191193, "dvar": 7.59639692307, "dvar2": 13.6837148666, "max": 96.2029876709, "mean": 14.99974823, "median": 13.7834529877, "min": 3.00177049637, "var": 59.2286567688}, "dissonance": {"dmean": 0.0195787474513, "dmean2": 0.0322441272438, "dvar": 0.000259140128037, "dvar2": 0.00068812124664, "max": 0.499953776598, "mean": 0.447214573622, "median": 0.449304252863, "min": 0.359990686178, "var": 0.000706943741534}, "dynamic_complexity": 3.63807797432, "erbbands_crest": {"dmean": 2.35849142075, "dmean2": 3.57723903656, "dvar": 4.2727689743, "dvar2": 9.25834465027, "max": 26.8732452393, "mean": 9.18745994568, "median": 8.245844841, "min": 2.21593999863, "var": 14.8062400818}, "erbbands_flatness_db": {"dmean": 0.0108137289062, "dmean2": 0.0152002908289, "dvar": 9.37288568821e-05, "dvar2": 0.000151857879246, "max": 0.320443063974, "mean": 0.20007365942, "median": 0.204686447978, "min": 0.0486076548696, "var": 0.00182580726687}, "erbbands_kurtosis": {"dmean": 0.599043130875, "dmean2": 0.93318271637, "dvar": 0.448768973351, "dvar2": 1.01578748226, "max": 8.79748344421, "mean": -0.07375972718, "median": -0.349209785461, "min": -1.54214525223, "var": 1.08352661133}, "erbbands_skewness": {"dmean": 0.293019980192, "dmean2": 0.43531242013, "dvar": 0.0577674657106, "dvar2": 0.12570643425, "max": 2.97463011742, "mean": 0.59559482336, "median": 0.569104075432, "min": -0.90280598402, "var": 0.250206202269}, "erbbands_spread": {"dmean": 3.69775319099, "dmean2": 5.60016345978, "dvar": 9.73931312561, "dvar2": 21.2088565826, "max": 74.2263412476, "mean": 26.5761528015, "median": 25.8098716736, "min": 9.55259132385, "var": 55.0635452271}, "hfc": {"dmean": 2.88335180283, "dmean2": 4.19617080688, "dvar": 12.1592254639, "dvar2": 25.6664352417, "max": 69.1123962402, "mean": 15.7335224152, "median": 13.7751779556, "min": 1.09719651816e-16, "var": 116.750907898}, "melbands_crest": {"dmean": 2.45656108856, "dmean2": 3.59208035469, "dvar": 5.25174617767, "dvar2": 10.3869609833, "max": 31.2018604279, "mean": 12.0660810471, "median": 10.7544822693, "min": 1.68552958965, "var": 26.7205715179}, "melbands_flatness_db": {"dmean": 0.013292809017, "dmean2": 0.0180498380214, "dvar": 0.00014207251661, "dvar2": 0.000232487494941, "max": 0.31532689929, "mean": 0.19121041894, "median": 0.193215832114, "min": 0.00325612677261, "var": 0.0017056678189}, "melbands_kurtosis": {"dmean": 1.95134866238, "dmean2": 2.8727145195, "dvar": 3.98552560806, "dvar2": 8.85904598236, "max": 28.9525337219, "mean": 4.9794921875, "median": 4.11805677414, "min": -1.38658857346, "var": 14.4073972702}, "melbands_skewness": {"dmean": 0.314803987741, "dmean2": 0.460250496864, "dvar": 0.0715161710978, "dvar2": 0.161769077182, "max": 4.39880132675, "mean": 1.69823777676, "median": 1.6488519907, "min": -0.300316751003, "var": 0.375943928957}, "melbands_spread": {"dmean": 3.78144526482, "dmean2": 5.55267286301, "dvar": 18.5392875671, "dvar2": 41.5749282837, "max": 154.440795898, "mean": 20.0239639282, "median": 17.4916858673, "min": 3.77167367935, "var": 264.527130127}, "pitch_salience": {"dmean": 0.0491548143327, "dmean2": 0.0752886682749, "dvar": 0.00163729919586, "dvar2": 0.0037330861669, "max": 0.853675961494, "mean": 0.595319747925, "median": 0.600675225258, "min": 0.190858438611, "var": 0.00886027421802}, "silence_rate_20dB": {"dmean": 0, "dmean2": 0, "dvar": 0, "dvar2": 0, "max": 1, "mean": 1, "median": 1, "min": 1, "var": 0}, "silence_rate_30dB": {"dmean": 0.00196078442968, "dmean2": 0.00392285082489, "dvar": 0.00195692339912, "dvar2": 0.00521500874311, "max": 1, "mean": 0.99836653471, "median": 1, "min": 0, "var": 0.0016307918122}, "silence_rate_60dB": {"dmean": 0.00326797389425, "dmean2": 0.00653808424249, "dvar": 0.00325711094774, "dvar2": 0.00780223309994, "max": 1, "mean": 0.0846128687263, "median": 0, "min": 0, "var": 0.0774509757757}, "spectral_centroid": {"dmean": 141.259155273, "dmean2": 207.521133423, "dvar": 50779.703125, "dvar2": 92866.25, "max": 11926.8261719, "mean": 1251.98144531, "median": 1059.94006348, "min": 508.24911499, "var": 1654161.75}, "spectral_complexity": {"dmean": 2.02549028397, "dmean2": 3.2919254303, "dvar": 3.02680110931, "dvar2": 7.71634435654, "max": 37, "mean": 18.8859844208, "median": 20, "min": 0, "var": 45.6990776062}, "spectral_decrease": {"dmean": 1.0665616168e-09, "dmean2": 1.45643264116e-09, "dvar": 2.08537443662e-18, "dvar2": 3.89468520203e-18, "max": 2.64683152263e-28, "mean": -5.33000266145e-09, "median": -4.2959085178e-09, "min": -3.17610542311e-08, "var": 1.74192706106e-17}, "spectral_energy": {"dmean": 0.00425514439121, "dmean2": 0.0058207041584, "dvar": 3.28291753249e-05, "dvar2": 6.17260739091e-05, "max": 0.12614159286, "mean": 0.0215437449515, "median": 0.0174928363413, "min": 1.02187493728e-20, "var": 0.000278506224276}, "spectral_energyband_high": {"dmean": 3.65652595065e-05, "dmean2": 5.10357167514e-05, "dvar": 2.82073098212e-09, "dvar2": 4.93682117408e-09, "max": 0.00103150762152, "mean": 0.000137017763336, "median": 0.000106771563878, "min": 6.88203606769e-21, "var": 1.72723257919e-08}, "spectral_energyband_low": {"dmean": 0.000254436890827, "dmean2": 0.000369357410818, "dvar": 1.4809401705e-07, "dvar2": 3.25116815247e-07, "max": 0.0134231047705, "mean": 0.00142486125696, "median": 0.000713771441951, "min": 1.27569118786e-23, "var": 3.80700225833e-06}, "spectral_energyband_middle_high": {"dmean": 0.00130124902353, "dmean2": 0.00201905146241, "dvar": 2.42397140937e-06, "dvar2": 5.64945457882e-06, "max": 0.0231045987457, "mean": 0.0050642634742, "median": 0.0043214187026, "min": 1.18213217406e-21, "var": 1.40522452057e-05}, "spectral_energyband_middle_low": {"dmean": 0.00400662142783, "dmean2": 0.00539497146383, "dvar": 2.97564729408e-05, "dvar2": 5.39536158612e-05, "max": 0.106064468622, "mean": 0.0156538709998, "median": 0.012408436276, "min": 1.67529759353e-22, "var": 0.000179285168997}, "spectral_entropy": {"dmean": 0.0909967496991, "dmean2": 0.123785801232, "dvar": 0.00709401909262, "dvar2": 0.0110760843381, "max": 9.81689453125, "mean": 7.34167671204, "median": 7.28873586655, "min": 6.3993973732, "var": 0.161657050252}, "spectral_flux": {"dmean": 0.0115034841001, "dmean2": 0.0193841531873, "dvar": 0.000168574464624, "dvar2": 0.000466570141725, "max": 0.203991368413, "mean": 0.0537589229643, "median": 0.0533057115972, "min": 6.46652592584e-11, "var": 0.000633934803773}, "spectral_kurtosis": {"dmean": 2.33745121956, "dmean2": 4.11450052261, "dvar": 5.33536958694, "dvar2": 16.5335350037, "max": 34.3352966309, "mean": 6.78162431717, "median": 6.38601779938, "min": -1.23134160042, "var": 9.4721364975}, "spectral_rms": {"dmean": 0.000414099922637, "dmean2": 0.000566249073017, "dvar": 1.87417825259e-07, "dvar2": 3.46844842625e-07, "max": 0.01109346468, "mean": 0.00419820239767, "median": 0.00413112342358, "min": 3.15745324851e-12, "var": 3.39340408573e-06}, "spectral_rolloff": {"dmean": 302.014984131, "dmean2": 495.489898682, "dvar": 420132.1875, "dvar2": 806242.8125, "max": 19595.2148438, "mean": 1638.63671875, "median": 1227.39257812, "min": 452.197265625, "var": 6286082}, "spectral_skewness": {"dmean": 0.232238516212, "dmean2": 0.396338909864, "dvar": 0.0433019511402, "dvar2": 0.126323312521, "max": 3.9806330204, "mean": 1.738073349, "median": 1.7241512537, "min": -0.0894135162234, "var": 0.161293789744}, "spectral_spread": {"dmean": 244324.875, "dmean2": 378964.21875, "dvar": 701070966784, "dvar2": 1274600751100.0, "max": 42435812, "mean": 3778221, "median": 2874165.5, "min": 1521658.875, "var": 23339665981400.0}, "spectral_strongpeak": {"dmean": 0.43286973238, "dmean2": 0.659177184105, "dvar": 0.228123322129, "dvar2": 0.484375, "max": 5.73564147949, "mean": 1.32794559002, "median": 1.18652832508, "min": 0, "var": 0.837872982025}, "zerocrossingrate": {"dmean": 0.00579012185335, "dmean2": 0.00704663759097, "dvar": 0.000113367459562, "dvar2": 0.000195836590137, "max": 0.5380859375, "mean": 0.0600448735058, "median": 0.0478515625, "min": 0.0205078125, "var": 0.00425151828676}, "barkbands": {"dmean": [1.55098788923e-07, 7.9424426076e-05, 0.000180006754817, 0.000103066471638, 0.000533206970431, 0.000946768035647, 0.00205648620613, 0.00173005228862, 0.0004163501726, 0.000999692128971, 0.000389875582187, 0.000202955125133, 0.000349293317413, 0.000282129563857, 0.000336902856361, 0.00018275588809, 0.000244487833697, 0.000101796125819, 8.21323919808e-05, 3.49310466845e-05, 1.57552294695e-05, 7.47401963963e-06, 3.0838461953e-06, 2.11836982089e-06, 6.56815564071e-06, 1.01975729194e-06, 1.37172753512e-06], "dmean2": [2.51979770383e-07, 0.000120154370961, 0.000264438713202, 0.000146727063111, 0.00069608958438, 0.00126113847364, 0.00258010532707, 0.00232163607143, 0.000592579890508, 0.00147568190005, 0.000610783521552, 0.000330794078764, 0.000591438205447, 0.000469696533401, 0.000562575703952, 0.000311796175083, 0.000418875104515, 0.000169523307704, 0.000134934147354, 5.7559551351e-05, 2.53611851804e-05, 1.14909735203e-05, 4.90221600558e-06, 3.16651016874e-06, 8.60881937115e-06, 1.49220545609e-06, 1.71493445578e-06], "dvar": [8.96677954869e-14, 1.40956677441e-08, 8.53533137501e-08, 3.39148371609e-08, 6.97977213804e-07, 1.68857468452e-06, 1.95854918275e-05, 7.94457446318e-06, 3.43366565403e-07, 2.00203589884e-06, 3.88644480154e-07, 2.13744698385e-07, 2.97411389738e-07, 1.48960722868e-07, 1.96134138264e-07, 7.52581286179e-08, 1.19147543387e-07, 1.79621988394e-08, 1.42452050156e-08, 1.92196036863e-09, 4.13025391666e-10, 1.04300311443e-10, 2.54071694239e-11, 1.34538500132e-11, 5.33920296863e-10, 2.4201298951e-11, 2.44078212502e-11], "dvar2": [2.37732224314e-13, 3.34058753992e-08, 1.86476896147e-07, 5.64181235063e-08, 1.12546774744e-06, 2.87583861791e-06, 2.9260858355e-05, 1.55099078256e-05, 6.33059528354e-07, 3.98257816414e-06, 8.99741280591e-07, 5.3247026699e-07, 8.43070552037e-07, 3.82227199225e-07, 5.43982707768e-07, 2.09248284477e-07, 3.46724817746e-07, 4.76642902925e-08, 3.45607844565e-08, 5.19738563298e-09, 1.02218056242e-09, 2.44275599748e-10, 6.75061048727e-11, 3.06533791405e-11, 9.87132597885e-10, 5.27152176077e-11, 4.17708992395e-11], "max": [1.51306176122e-05, 0.00468906899914, 0.00964824762195, 0.00625381013379, 0.028978575021, 0.036710396409, 0.102608986199, 0.0575594902039, 0.0115128457546, 0.0216983389109, 0.0115042347461, 0.00927790626884, 0.00618026591837, 0.00499474396929, 0.00636084610596, 0.00477507803589, 0.00489571038634, 0.00211164238863, 0.00195997883566, 0.000854402489495, 0.000357163982699, 0.000163992328453, 0.000127151070046, 9.84534854069e-05, 0.00037451411481, 0.00021960111917, 9.65603248915e-05], "mean": [1.26353791075e-06, 0.000449590734206, 0.000799298111815, 0.000329615868395, 0.00183223269414, 0.00272985827178, 0.0051324875094, 0.00354041601531, 0.000875395198818, 0.00185038847849, 0.000657847267576, 0.000324578286381, 0.000554825877771, 0.00049715989735, 0.00056858692551, 0.000353309995262, 0.000450480991276, 0.000222993592615, 0.000183125608601, 8.86745474418e-05, 4.28316670877e-05, 2.15673007915e-05, 1.02185276774e-05, 7.64667038311e-06, 1.39791291076e-05, 2.85890473606e-06, 2.53527537097e-06], "median": [1.90781548781e-07, 0.000192656021682, 0.000289088202408, 0.000138186151162, 0.000920428312384, 0.00164513464551, 0.00190760719124, 0.00181246956345, 0.000527898606379, 0.00108392653055, 0.000364401843399, 0.000153703207616, 0.00029594739317, 0.000317695230478, 0.000406052771723, 0.000235305691604, 0.000324630411342, 0.000175039938767, 0.000137839873787, 7.57629532018e-05, 3.51817107003e-05, 1.53033142851e-05, 6.26630935585e-06, 4.1631806198e-06, 2.6354689453e-06, 6.70225574595e-07, 6.81358400811e-08], "min": [6.26250541637e-26, 3.07700047576e-24, 1.31540455603e-24, 1.25510511312e-24, 1.01590248904e-23, 6.30705495549e-24, 7.4702311491e-24, 1.16216550502e-23, 1.32685047417e-23, 1.03827947525e-23, 1.56133354068e-23, 3.76421483896e-23, 3.40596312519e-23, 2.88944571899e-23, 4.2224448906e-23, 4.8074313213e-23, 7.83412842483e-23, 8.33519520134e-23, 1.32699404686e-22, 1.94002984699e-22, 2.85188969212e-22, 3.2078759867e-22, 3.89033937199e-22, 5.92922952006e-22, 9.42161343027e-22, 1.38473982632e-21, 2.04082865068e-21], "var": [7.42765224326e-12, 5.49797846361e-07, 1.49815502937e-06, 2.68827022865e-07, 6.57894952383e-06, 1.152844834e-05, 9.24388805288e-05, 2.56754919974e-05, 1.24446125938e-06, 5.70572183278e-06, 8.11362156128e-07, 3.12297402161e-07, 5.33760555754e-07, 3.09987711944e-07, 3.25865158857e-07, 1.43771302419e-07, 2.05207655313e-07, 4.07126492519e-08, 3.4067021204e-08, 5.45683453979e-09, 1.38604450139e-09, 5.0348097913e-10, 1.96969190958e-10, 1.38142136619e-10, 1.42961897875e-09, 6.76387348908e-11, 7.37885863522e-11]}, "erbbands": {"dmean": [0.000718473631423, 0.0242806952447, 0.171288505197, 0.254054665565, 0.663756370544, 1.86355662346, 5.55074357986, 8.2772769928, 30.1098709106, 37.5965423584, 23.2112464905, 10.3161640167, 32.2987937927, 15.997595787, 14.7163038254, 11.0560970306, 16.7349796295, 14.8222398758, 13.1563777924, 16.2410697937, 11.1056346893, 9.03522491455, 5.80767869949, 5.64782714844, 3.34750986099, 1.91087639332, 0.864699184895, 0.423778146505, 0.270741015673, 0.170312464237, 0.0893651992083, 0.0463081412017, 0.0400519259274, 0.0789638459682, 0.046922173351, 0.00608053384349, 0.0023431526497, 0.000712892331649, 0.000219225417823, 2.32234142459e-05], "dmean2": [0.00101289339364, 0.0368668101728, 0.253748714924, 0.360950142145, 0.898263931274, 2.48686051369, 7.11477136612, 11.5678682327, 37.8791465759, 51.8563308716, 30.0338191986, 14.4248132706, 46.93126297, 24.5131778717, 22.8977966309, 18.0485954285, 28.454750061, 24.6339149475, 21.9461555481, 27.2910575867, 19.1328735352, 15.3991832733, 9.68113708496, 9.33853435516, 5.51095581055, 3.14729261398, 1.40809357166, 0.637997686863, 0.415643036366, 0.268286198378, 0.144714906812, 0.071834653616, 0.0596454627812, 0.110759973526, 0.0615665242076, 0.00864238385111, 0.00338948890567, 0.000947763968725, 0.00027019623667, 2.91147189273e-05], "dvar": [9.58905729931e-07, 0.00133749819361, 0.0755320563912, 0.153688505292, 1.64442646503, 9.20165157318, 117.688667297, 126.373558044, 4498.4921875, 4595.33056641, 1878.42602539, 203.777374268, 2601.99414062, 904.051879883, 614.999084473, 545.323669434, 726.956542969, 412.683532715, 472.69128418, 509.448883057, 228.758285522, 157.245910645, 51.3193283081, 73.693977356, 22.7517814636, 6.48552131653, 1.2595397234, 0.283793002367, 0.12779456377, 0.0785306915641, 0.0240515638143, 0.00690709426999, 0.00548264477402, 0.0776043608785, 0.0286163147539, 0.00020193864475, 0.000277340062894, 1.04872751763e-05, 7.5632874541e-07, 5.76766190363e-09], "dvar2": [2.2558888304e-06, 0.00316527183168, 0.175290361047, 0.265836805105, 2.78899359703, 15.2696285248, 166.467010498, 232.023269653, 6607.42382812, 10406.3173828, 3015.83227539, 381.357421875, 5155.51953125, 1972.15856934, 1403.02331543, 1355.21875, 2094.47753906, 1064.33056641, 1308.84265137, 1389.69006348, 634.071655273, 447.165649414, 136.670700073, 188.407409668, 59.8617858887, 17.5896339417, 3.20173192024, 0.647809326649, 0.301660776138, 0.190403714776, 0.0680754259229, 0.017139673233, 0.0131062660366, 0.157522335649, 0.0518610663712, 0.000418859475758, 0.000579616229516, 2.25395488087e-05, 1.14968054277e-06, 9.62546131689e-09], "max": [0.0361044928432, 1.4856108427, 8.55965614319, 11.9482564926, 29.0162601471, 125.408248901, 358.115234375, 245.3724823, 1585.30322266, 1648.30224609, 1578.91577148, 334.007659912, 868.783630371, 596.713195801, 533.236083984, 472.498474121, 305.604614258, 271.722686768, 347.574890137, 326.322265625, 184.445251465, 180.483078003, 121.266464233, 111.767669678, 74.3752059937, 53.7646026611, 21.1002693176, 7.63726377487, 5.75853967667, 6.62704324722, 3.63347434998, 2.2622013092, 1.78599298, 4.32593727112, 3.10781955719, 0.29314917326, 0.744570374489, 0.0984310805798, 0.0255286786705, 0.00138044788036], "mean": [0.00532558606938, 0.136295467615, 0.840260148048, 1.06848299503, 2.17467451096, 6.07929897308, 17.473028183, 21.7016372681, 72.9255065918, 86.7257461548, 48.7917175293, 23.9818172455, 59.8664894104, 31.1393280029, 26.7293052673, 19.6361923218, 27.4664859772, 26.8557758331, 24.0800476074, 28.7544136047, 22.421957016, 19.0811500549, 13.785197258, 11.8731422424, 7.77867269516, 4.79047203064, 2.45631527901, 1.17464458942, 0.769454419613, 0.511033594608, 0.285980165005, 0.168149620295, 0.124980807304, 0.160894736648, 0.0978551506996, 0.0171299912035, 0.00533612398431, 0.00146716053132, 0.00044807017548, 5.6474495068e-05], "median": [0.00222999509424, 0.0546986833215, 0.267609357834, 0.605805158615, 0.954981327057, 3.01873445511, 6.9218082428, 14.3688774109, 30.9728794098, 42.058303833, 25.353433609, 16.4246749878, 31.2992763519, 15.1352434158, 15.5195789337, 12.1529273987, 14.9116830826, 17.746931076, 17.0544013977, 19.9048538208, 16.545923233, 14.0202093124, 11.5137519836, 8.67370605469, 6.17607307434, 3.9966776371, 2.0985751152, 0.947736799717, 0.567012965679, 0.319797635078, 0.17420591414, 0.0900451913476, 0.0650785118341, 0.0363978892565, 0.0144566781819, 0.0044580665417, 0.00107041676529, 0.000164068565937, 2.75816400972e-05, 2.51007877523e-05], "min": [7.64099003168e-23, 8.60955067432e-22, 2.28456783871e-21, 6.36255816117e-21, 1.4393601818e-20, 2.74612363452e-20, 4.52102801621e-20, 5.78001177192e-20, 9.91753106805e-20, 1.87604860195e-19, 3.80359617637e-19, 2.75529932934e-19, 4.10008407429e-19, 7.51368423738e-19, 9.08606824487e-19, 1.5423721371e-18, 1.61649858353e-18, 9.92282140506e-19, 2.77841137604e-18, 3.37204105815e-18, 2.94289293212e-18, 5.45691794564e-18, 5.96240801797e-18, 6.45456187087e-18, 7.21699864329e-18, 1.01066168013e-17, 8.63328736194e-18, 1.08919197409e-17, 1.04858179008e-17, 1.19834374988e-17, 1.16194532138e-17, 9.08477660234e-18, 9.95254448601e-18, 7.93310792473e-18, 6.8006356276e-18, 4.33935723341e-18, 2.34078940501e-18, 9.57935326726e-19, 2.71494118725e-19, 2.85298696861e-20], "var": [3.94659982703e-05, 0.0531533248723, 1.89455628395, 1.73601233959, 11.2423124313, 84.2958068848, 1069.74951172, 567.967468262, 18917.8066406, 15342.7587891, 5285.84619141, 747.525146484, 7101.54052734, 2447.7421875, 1264.24658203, 783.30267334, 1248.14550781, 820.359863281, 702.949035645, 888.871276855, 457.909454346, 327.465179443, 128.067611694, 153.063522339, 51.9821090698, 18.1022109985, 4.07107639313, 1.02404129505, 0.590763628483, 0.413705408573, 0.154658287764, 0.0693699866533, 0.0362604185939, 0.181082874537, 0.0767138153315, 0.000953475537244, 0.000591826916207, 2.68942130788e-05, 2.57788201452e-06, 1.43589815593e-08]}, "gfcc": {"mean": [-53.2580871582, 113.7134552, -150.592315674, 3.87028884888, -61.3779563904, -12.9458532333, -40.3547782898, 5.26182794571, -17.8261737823, 2.3376159668, -10.742105484, -5.17218112946, -8.39077854156], "cov": [[32574.9980469, 2862.19018555, -3613.12841797, 455.890289307, -1435.3223877, -194.404495239, -903.264404297, 308.20413208, -291.099273682, 216.786758423, -255.200790405, -134.652694702, -63.1904296875], [2862.19018555, 1000.10925293, -744.101074219, 102.491271973, -118.780258179, -118.629554749, -46.379901886, -48.150970459, 18.4561710358, -29.0324649811, 39.4378814697, -60.730556488, 38.5371437073], [-3613.12841797, -744.101074219, 1110.68518066, -21.0811538696, 277.192108154, 171.280334473, 113.48890686, 59.1305770874, 3.45680904388, 13.4736261368, -30.8382301331, 48.4352645874, -34.8474502563], [455.890289307, 102.491271973, -21.0811538696, 180.192871094, 9.13587665558, 58.6947746277, 21.8077850342, 43.2762260437, 27.6737499237, 15.4310112, 19.1569347382, 2.1192317009, 3.78377938271], [-1435.3223877, -118.780258179, 277.192108154, 9.13587665558, 188.460464478, 58.554309845, 68.1536102295, 9.8081817627, 20.0626544952, 1.43493425846, 16.4041137695, 17.838634491, 5.4236831665], [-194.404495239, -118.629554749, 171.280334473, 58.6947746277, 58.554309845, 131.325881958, 42.5939941406, 60.5727157593, 7.75789928436, 28.2656230927, -1.35768520832, 19.1394233704, -20.1232643127], [-903.264404297, -46.379901886, 113.48890686, 21.8077850342, 68.1536102295, 42.5939941406, 96.7787094116, 33.4651184082, 44.2890472412, 4.03687572479, 22.8393154144, -1.47000837326, 1.48010218143], [308.20413208, -48.150970459, 59.1305770874, 43.2762260437, 9.8081817627, 60.5727157593, 33.4651184082, 115.763946533, 44.101474762, 38.0157814026, 9.65782928467, 19.3804206848, -17.9862365723], [-291.099273682, 18.4561710358, 3.45680904388, 27.6737499237, 20.0626544952, 7.75789928436, 44.2890472412, 44.101474762, 91.0448532104, 37.508682251, 40.2436943054, -2.34156060219, -4.91583824158], [216.786758423, -29.0324649811, 13.4736261368, 15.4310112, 1.43493425846, 28.2656230927, 4.03687572479, 38.0157814026, 37.508682251, 70.2357254028, 30.607843399, 12.0500640869, -14.4095239639], [-255.200790405, 39.4378814697, -30.8382301331, 19.1569347382, 16.4041137695, -1.35768520832, 22.8393154144, 9.65782928467, 40.2436943054, 30.607843399, 78.5844573975, 23.2394485474, 9.68112659454], [-134.652694702, -60.730556488, 48.4352645874, 2.1192317009, 17.838634491, 19.1394233704, -1.47000837326, 19.3804206848, -2.34156060219, 12.0500640869, 23.2394485474, 59.382434845, 16.1597003937], [-63.1904296875, 38.5371437073, -34.8474502563, 3.78377938271, 5.4236831665, -20.1232643127, 1.48010218143, -17.9862365723, -4.91583824158, -14.4095239639, 9.68112659454, 16.1597003937, 62.3793563843]], "icov": [[0.000111053697765, -0.00020766085072, 0.000152640626766, -8.80236912053e-05, 0.000280574138742, -0.000185327313375, 0.000625152722932, -0.00059012521524, 0.000402904552175, -0.000488693185616, 0.000338704703609, 0.000111410008685, -0.000100334298622], [-0.00020766085072, 0.00296936766244, 0.00149809464347, -0.00125508557539, -0.00190305826254, 0.00111012824345, -0.000816695916001, 0.000807413249277, -0.000626603374258, 0.00174983602483, -0.00152336945757, 0.00158287212253, -0.000174802320544], [0.000152640626766, 0.00149809464347, 0.00325982854702, -0.000533874961548, -0.00270899990574, -0.000781411479693, 0.000332556519425, -0.000871024327353, 0.000714345776942, -0.000444521865575, 0.00145734590478, -9.09278071504e-07, 0.000534658669494], [-8.80236912053e-05, -0.00125508557539, -0.000533874961548, 0.00873903185129, 0.000610596500337, -0.00558539805934, 0.0011934817303, -0.000924645341001, -0.00244598090649, 0.00223034061491, -0.00225655036047, 0.00146663177293, -0.00199924083427], [0.000280574138742, -0.00190305826254, -0.00270899990574, 0.000610596500337, 0.0124152507633, -0.00310680246912, -0.00291184312664, 0.00148518441711, -0.000368517969036, -0.000573787430767, -0.00019997250638, -0.00186744483653, -0.00132163974922], [-0.000185327313375, 0.00111012824345, -0.000781411479693, -0.00558539805934, -0.00310680246912, 0.0199365522712, -0.00817520264536, -0.00392061844468, 0.00727538391948, -0.00674492074177, 0.00319329276681, -0.00361404498108, 0.00424970965832], [0.000625152722932, -0.000816695916001, 0.000332556519425, 0.0011934817303, -0.00291184312664, -0.00817520264536, 0.0278478059918, -0.00720709981397, -0.0075181084685, 0.00712142279372, -0.00532659003511, 0.0082892626524, -0.00413985503837], [-0.00059012521524, 0.000807413249277, -0.000871024327353, -0.000924645341001, 0.00148518441711, -0.00392061844468, -0.00720709981397, 0.0213562510908, -0.0100391414016, -0.00129911582917, 0.00449498696253, -0.00907123833895, 0.00396888563409], [0.000402904552175, -0.000626603374258, 0.000714345776942, -0.00244598090649, -0.000368517969036, 0.00727538391948, -0.0075181084685, -0.0100391414016, 0.0288592502475, -0.0122536113486, -0.00580027094111, 0.00662805046886, -0.000367680331692], [-0.000488693185616, 0.00174983602483, -0.000444521865575, 0.00223034061491, -0.000573787430767, -0.00674492074177, 0.00712142279372, -0.00129911582917, -0.0122536113486, 0.031210443005, -0.0115907955915, 0.000754862499889, 0.00321798864752], [0.000338704703609, -0.00152336945757, 0.00145734590478, -0.00225655036047, -0.00019997250638, 0.00319329276681, -0.00532659003511, 0.00449498696253, -0.00580027094111, -0.0115907955915, 0.0282172188163, -0.0135785927996, 0.000709026469849], [0.000111410008685, 0.00158287212253, -9.09278071504e-07, 0.00146663177293, -0.00186744483653, -0.00361404498108, 0.0082892626524, -0.00907123833895, 0.00662805046886, 0.000754862499889, -0.0135785927996, 0.031746674329, -0.0101903229952], [-0.000100334298622, -0.000174802320544, 0.000534658669494, -0.00199924083427, -0.00132163974922, 0.00424970965832, -0.00413985503837, 0.00396888563409, -0.000367680331692, 0.00321798864752, 0.000709026469849, -0.0101903229952, 0.0224298872054]]}, "melbands": {"dmean": [1.38230425364e-05, 6.88038417138e-05, 5.14798121003e-05, 7.38888120395e-05, 0.000175968089025, 0.000193213403691, 0.00044955642079, 0.000410147593357, 0.000160144860274, 6.32496085018e-05, 0.000160639188834, 6.68634020258e-05, 5.57781932002e-05, 2.85996447928e-05, 3.75441850338e-05, 2.50200773735e-05, 3.23341664625e-05, 2.06765980693e-05, 2.05555279535e-05, 1.97003882931e-05, 1.50119030877e-05, 1.10949367809e-05, 9.93517369352e-06, 4.82999575979e-06, 5.14258226758e-06, 2.72175248028e-06, 1.70266889654e-06, 1.23821689613e-06, 7.08181971731e-07, 3.68203245671e-07, 2.68041816298e-07, 1.80083816304e-07, 1.43881194958e-07, 8.57293258605e-08, 6.29942675801e-08, 3.94505974555e-08, 3.17297157437e-08, 3.06638447967e-08, 3.4668531157e-08, 8.74666739037e-08], "dmean2": [2.05701235245e-05, 0.000102159909147, 7.21127216821e-05, 9.97249808279e-05, 0.000225293872063, 0.000267792900559, 0.000559169682674, 0.000568564224523, 0.000206192344194, 8.91190502443e-05, 0.000233730272157, 0.000103232952824, 8.73145399964e-05, 4.62979842268e-05, 6.25548855169e-05, 4.27713566751e-05, 5.38950152986e-05, 3.45151893271e-05, 3.42236926372e-05, 3.34370670316e-05, 2.59897897195e-05, 1.89996499103e-05, 1.67847156263e-05, 8.11051995697e-06, 8.54554946272e-06, 4.52233143733e-06, 2.83466783912e-06, 2.04125262826e-06, 1.17245917863e-06, 5.87993099543e-07, 4.1528443262e-07, 2.84738177925e-07, 2.27182070489e-07, 1.38240423553e-07, 1.03845152921e-07, 6.51361062864e-08, 4.96375101022e-08, 4.7276305537e-08, 5.24674952374e-08, 1.24170654203e-07], "dvar": [3.93368948526e-10, 1.17325997806e-08, 7.12578085427e-09, 1.32424897714e-08, 1.00084868393e-07, 6.80959431065e-08, 1.0097331824e-06, 5.4794514881e-07, 9.748170271e-08, 7.74968444972e-09, 6.36330170778e-08, 1.78272205886e-08, 8.03734589994e-09, 3.11216963311e-09, 2.91865731583e-09, 1.30682620281e-09, 2.06160044591e-09, 1.08560282985e-09, 6.54722775995e-10, 7.536750668e-10, 4.35803143572e-10, 2.60524102291e-10, 2.2753517126e-10, 5.29605768962e-11, 6.38535266329e-11, 1.76764020088e-11, 4.42656458363e-12, 2.67609849211e-12, 9.41601722808e-13, 2.24584362067e-13, 1.24723243343e-13, 5.8009186918e-14, 5.68043706419e-14, 2.1142186309e-14, 1.14215828432e-14, 5.21311340179e-15, 4.05533582992e-15, 4.05137171573e-15, 4.90287996156e-15, 1.09131067627e-13], "dvar2": [9.51965284379e-10, 2.72773252874e-08, 1.22915704281e-08, 2.30173977656e-08, 1.46058923178e-07, 1.22668282643e-07, 1.46312652305e-06, 1.23591905776e-06, 1.5072215831e-07, 1.46018157565e-08, 1.25933979689e-07, 3.88805503349e-08, 1.87254247663e-08, 7.65778107592e-09, 7.94588306263e-09, 3.73866360093e-09, 5.29260502091e-09, 2.98731195336e-09, 1.76351722114e-09, 2.10645345611e-09, 1.22777610301e-09, 7.4514755477e-10, 6.40900166271e-10, 1.42420672478e-10, 1.62542396209e-10, 4.83156223363e-11, 1.1782695479e-11, 7.13602441027e-12, 2.56860526772e-12, 5.65820394011e-13, 2.95373155188e-13, 1.41981681945e-13, 1.43444297781e-13, 5.36307008189e-14, 3.33756019512e-14, 1.40257322764e-14, 9.80768184088e-15, 9.82002649905e-15, 1.27185910322e-14, 2.22333382174e-13], "max": [0.000682218291331, 0.00364966737106, 0.00237346254289, 0.00416420726106, 0.0099822729826, 0.00615740567446, 0.023975180462, 0.0163878649473, 0.0119058527052, 0.00225300271995, 0.00428511947393, 0.00266608037055, 0.00155427795835, 0.00103161705192, 0.000654406787362, 0.000453929445939, 0.000615530530922, 0.000518172921147, 0.000298916827887, 0.000473617081298, 0.000254977436271, 0.000221541355131, 0.000348838453647, 0.000150512118125, 0.000101157951576, 7.96548192739e-05, 2.85722344415e-05, 3.63635190297e-05, 1.80018651008e-05, 8.23956270324e-06, 4.5777487685e-06, 4.04053571401e-06, 3.81173435926e-06, 3.64079369319e-06, 2.12247459785e-06, 2.05403694054e-06, 1.57439194481e-06, 1.49688753481e-06, 1.36853907406e-06, 4.98489498568e-06], "mean": [8.32315490698e-05, 0.000356865290087, 0.000215438762098, 0.000255262653809, 0.0005626877537, 0.000509238860104, 0.00110550806858, 0.000931044400204, 0.000333811767632, 0.000141450233059, 0.000295625650324, 0.000120913755381, 9.52203263296e-05, 4.50022125733e-05, 6.56743941363e-05, 4.03931226174e-05, 5.43678834219e-05, 3.64328589058e-05, 3.64544939657e-05, 3.40628976119e-05, 2.67324812739e-05, 2.09167374123e-05, 1.80916667887e-05, 1.02605690699e-05, 9.56763688009e-06, 5.67364713788e-06, 4.13528323406e-06, 2.8541123811e-06, 1.70095677277e-06, 9.34675483677e-07, 6.11100290371e-07, 4.51791208889e-07, 3.71412880895e-07, 2.37170183937e-07, 1.74295280431e-07, 1.18561025886e-07, 9.61571799962e-08, 8.45308747444e-08, 8.62406324131e-08, 1.61395206533e-07], "median": [3.80885539926e-05, 0.000127662759041, 0.000130462402012, 0.000132995322929, 0.000244407099672, 0.000326052773744, 0.000453706714325, 0.000457015092252, 0.000175942215719, 9.14715856197e-05, 0.000154902605573, 4.95112763019e-05, 5.3166764701e-05, 2.52518639172e-05, 4.09257554566e-05, 2.41073357756e-05, 3.33752432198e-05, 2.53071430052e-05, 2.6869793146e-05, 2.37484309764e-05, 1.86654833669e-05, 1.41353466461e-05, 1.26281483972e-05, 7.64075230109e-06, 6.37896027911e-06, 4.15543308918e-06, 3.47115224031e-06, 2.25627877626e-06, 1.39248788855e-06, 7.43246630464e-07, 4.68472904913e-07, 3.32674744641e-07, 2.16555818611e-07, 1.47709400267e-07, 1.0624398783e-07, 6.85837093783e-08, 4.42555574409e-08, 4.19453272116e-08, 4.14702441276e-08, 2.44310314201e-08], "min": [1.09612163616e-24, 1.12637642403e-24, 1.69165501883e-24, 1.49181604115e-24, 2.0316607743e-24, 1.19148998922e-24, 2.00662824562e-24, 2.05118409563e-24, 2.5898453402e-24, 1.63468239957e-24, 1.75321516008e-24, 2.76004444708e-24, 2.42998938307e-24, 3.14756901411e-24, 2.62204644513e-24, 3.29853332555e-24, 1.88395741663e-24, 3.73629886591e-24, 4.46246741727e-24, 3.92047816575e-24, 2.56870268465e-24, 4.7012804624e-24, 4.87405953887e-24, 3.81388925239e-24, 4.23330371873e-24, 4.78028369876e-24, 5.16988356162e-24, 5.49746751885e-24, 3.63085458972e-24, 5.48582511518e-24, 4.00765321224e-24, 5.83604425278e-24, 5.46577739856e-24, 6.29371610644e-24, 5.67809694462e-24, 4.92663396276e-24, 5.48424226577e-24, 6.25155030777e-24, 7.32575127431e-24, 5.2987881667e-24], "var": [1.34975133292e-08, 3.28370248326e-07, 7.17698611652e-08, 1.19407019383e-07, 9.02333908925e-07, 3.36147053304e-07, 4.39955920228e-06, 1.76519972683e-06, 2.69223846772e-07, 2.9736927587e-08, 1.74202355652e-07, 4.66505909458e-08, 1.66978448846e-08, 4.50929782403e-09, 5.61163027157e-09, 2.22140994488e-09, 3.98417254743e-09, 1.62844582263e-09, 1.231086455e-09, 1.25413157637e-09, 7.43371031398e-10, 5.00760710676e-10, 3.63151037019e-10, 1.08895621687e-10, 1.21309795542e-10, 3.37319998323e-11, 1.16857704069e-11, 7.11290748523e-12, 2.19534091427e-12, 7.32802978454e-13, 3.21066388536e-13, 2.00654434474e-13, 2.25446248584e-13, 9.96512104063e-14, 5.65358103757e-14, 3.21058792345e-14, 2.82569970975e-14, 1.82665568869e-14, 2.23055284638e-14, 2.36294545129e-13]}, "mfcc": {"mean": [-672.36932373, 147.275299072, -36.8669204712, 13.0097665787, -9.92166042328, -14.7032728195, -13.9226236343, -8.60563373566, -4.0396490097, -0.492317944765, -0.83486521244, -0.627463042736, 1.49856066704], "cov": [[10965.8212891, 2325.75976562, -778.338867188, 365.047943115, -121.992012024, -231.580841064, -156.659103394, -42.7397575378, 19.0368366241, 52.3760986328, 61.2177429199, 29.4715042114, 133.294082642], [2325.75976562, 1101.79211426, -386.615356445, 105.686706543, -64.7917861938, -80.0574264526, -78.3948059082, -53.5043411255, -41.9201164246, -3.38698554039, -24.0830879211, 2.1548678875, -14.1757478714], [-778.338867188, -386.615356445, 459.337036133, -11.3190746307, 105.483657837, 67.2030563354, 78.3534927368, 50.4794692993, 59.0572929382, 2.50618314743, 41.111076355, -10.9002275467, 24.9463672638], [365.047943115, 105.686706543, -11.3190746307, 102.609619141, 23.5717391968, 7.75388908386, 4.28572559357, 17.6233596802, 12.5412168503, 13.8541002274, 4.02119827271, 7.49121236801, 11.4016199112], [-121.992012024, -64.7917861938, 105.483657837, 23.5717391968, 100.888916016, 45.4856872559, 40.399936676, 26.3669395447, 23.1520404816, 2.7463748455, 12.8713798523, 5.90962982178, 18.1969013214], [-231.580841064, -80.0574264526, 67.2030563354, 7.75388908386, 45.4856872559, 80.8094329834, 44.3711509705, 16.5205421448, 10.6661300659, 5.32449483871, 8.74589157104, 6.09244537354, 4.31364774704], [-156.659103394, -78.3948059082, 78.3534927368, 4.28572559357, 40.399936676, 44.3711509705, 75.1141357422, 38.519493103, 21.6587028503, 3.36566543579, 13.8121900558, 4.02923345566, 10.1122274399], [-42.7397575378, -53.5043411255, 50.4794692993, 17.6233596802, 26.3669395447, 16.5205421448, 38.519493103, 81.9648361206, 34.2824478149, 23.5789546967, 9.34496116638, 20.8660449982, 19.1920280457], [19.0368366241, -41.9201164246, 59.0572929382, 12.5412168503, 23.1520404816, 10.6661300659, 21.6587028503, 34.2824478149, 69.7021789551, 25.0712909698, 19.8772659302, 1.2535392046, 11.0112771988], [52.3760986328, -3.38698554039, 2.50618314743, 13.8541002274, 2.7463748455, 5.32449483871, 3.36566543579, 23.5789546967, 25.0712909698, 74.8485412598, 27.3727760315, 32.3079910278, 8.84974479675], [61.2177429199, -24.0830879211, 41.111076355, 4.02119827271, 12.8713798523, 8.74589157104, 13.8121900558, 9.34496116638, 19.8772659302, 27.3727760315, 73.3081054688, 32.318447113, 25.1445102692], [29.4715042114, 2.1548678875, -10.9002275467, 7.49121236801, 5.90962982178, 6.09244537354, 4.02923345566, 20.8660449982, 1.2535392046, 32.3079910278, 32.318447113, 84.4918518066, 36.679058075], [133.294082642, -14.1757478714, 24.9463672638, 11.4016199112, 18.1969013214, 4.31364774704, 10.1122274399, 19.1920280457, 11.0112771988, 8.84974479675, 25.1445102692, 36.679058075, 69.7148666382]], "icov": [[0.000191829560208, -0.000365746062016, 4.14822316088e-05, -0.000263548048679, 6.84359620209e-05, 0.00021009039483, -2.84712532448e-05, -1.51102567543e-05, -0.000153532790137, -4.07699262723e-05, -0.000216968444875, 0.000258476589806, -0.00046377221588], [-0.000365746062016, 0.00222208653577, 0.00111630687024, -0.00102533155587, -0.000495636544656, 0.000423155113822, -3.79240118491e-05, 0.000575972313527, 0.000232732680161, 0.000251191522693, 0.000122499695863, -0.000395666487748, 0.000964845938142], [4.14822316088e-05, 0.00111630687024, 0.00445230910555, 4.47967577202e-05, -0.00289809238166, 1.29058307721e-05, -0.00102869281545, -0.000260285596596, -0.00136902846862, 0.000610331597272, -0.00179455289617, 0.0015312298201, -0.000495928223245], [-0.000263548048679, -0.00102533155587, 4.47967577202e-05, 0.0132619962096, -0.00328145129606, -0.00156102725305, 0.00170205510221, -0.00250985100865, -0.000434667308582, -0.00159371073823, 0.000623346073553, 0.000518287997693, -0.000718950584996], [6.84359620209e-05, -0.000495636544656, -0.00289809238166, -0.00328145129606, 0.018013631925, -0.00608457578346, -0.00242724176496, -0.000313614145853, -0.00170366920065, 0.00143249030225, 0.000594569428358, -0.000404432736104, -0.00245934305713], [0.00021009039483, 0.000423155113822, 1.29058307721e-05, -0.00156102725305, -0.00608457578346, 0.022383864969, -0.0112994275987, 0.00356253632344, 0.00108475668821, -0.00191142491531, 0.000774625164922, -0.00169821374584, 0.00148186169099], [-2.84712532448e-05, -3.79240118491e-05, -0.00102869281545, 0.00170205510221, -0.00242724176496, -0.0112994275987, 0.0283544920385, -0.0109634222463, -0.000572553544771, 0.00347029278055, -0.00384193053469, 0.00208153482527, 0.000314921955578], [-1.51102567543e-05, 0.000575972313527, -0.000260285596596, -0.00250985100865, -0.000313614145853, 0.00356253632344, -0.0109634222463, 0.0229314789176, -0.00708363577724, -0.00373200303875, 0.0054036853835, -0.00485680950806, -0.00201265374199], [-0.000153532790137, 0.000232732680161, -0.00136902846862, -0.000434667308582, -0.00170366920065, 0.00108475668821, -0.000572553544771, -0.00708363577724, 0.0232801400125, -0.0062239957042, -0.00395554862916, 0.00579395098612, -0.00119609921239], [-4.07699262723e-05, 0.000251191522693, 0.000610331597272, -0.00159371073823, 0.00143249030225, -0.00191142491531, 0.00347029278055, -0.00373200303875, -0.0062239957042, 0.02114838548, -0.00493453769013, -0.00688189268112, 0.0041386494413], [-0.000216968444875, 0.000122499695863, -0.00179455289617, 0.000623346073553, 0.000594569428358, 0.000774625164922, -0.00384193053469, 0.0054036853835, -0.00395554862916, -0.00493453769013, 0.0215105917305, -0.00629053590819, -0.00335104623809], [0.000258476589806, -0.000395666487748, 0.0015312298201, 0.000518287997693, -0.000404432736104, -0.00169821374584, 0.00208153482527, -0.00485680950806, 0.00579395098612, -0.00688189268112, -0.00629053590819, 0.022195443511, -0.00941196084023], [-0.00046377221588, 0.000964845938142, -0.000495928223245, -0.000718950584996, -0.00245934305713, 0.00148186169099, 0.000314921955578, -0.00201265374199, -0.00119609921239, 0.0041386494413, -0.00335104623809, -0.00941196084023, 0.0226048436016]]}, "spectral_contrast_coeffs": {"dmean": [0.0347975566983, 0.039753627032, 0.0350295677781, 0.0289524905384, 0.0192637424916, 0.012209254317], "dmean2": [0.0558460503817, 0.0627022832632, 0.0556540079415, 0.0482130199671, 0.0323783531785, 0.0204798132181], "dvar": [0.000784715928603, 0.00107378337998, 0.000779736379627, 0.000524105096702, 0.000228419507039, 9.94799411274e-05], "dvar2": [0.00199230783619, 0.00259959721006, 0.00200424785726, 0.00144773744978, 0.000624189327937, 0.000254787591984], "max": [-0.346297711134, -0.401452064514, -0.516317367554, -0.578876078129, -0.665384113789, -0.672407388687], "mean": [-0.622718095779, -0.675994455814, -0.704370558262, -0.726004242897, -0.769702553749, -0.751103281975], "median": [-0.622353374958, -0.674378156662, -0.695861458778, -0.718709945679, -0.764058113098, -0.744755744934], "min": [-0.977141737938, -0.97878575325, -0.978447556496, -0.969726443291, -0.965057015419, -0.963046610355], "var": [0.0084341019392, 0.00729571050033, 0.00544226821512, 0.00359748653136, 0.00190528552048, 0.00146754214074]}, "spectral_contrast_valleys": {"dmean": [0.318696051836, 0.286801159382, 0.251889139414, 0.219925284386, 0.167860597372, 0.15098695457], "dmean2": [0.537231504917, 0.474919348955, 0.416003763676, 0.36142334342, 0.255482971668, 0.200776934624], "dvar": [0.118410773575, 0.119565077126, 0.101599678397, 0.0983713269234, 0.0868288651109, 0.0616272427142], "dvar2": 