{"lowlevel": {"average_loudness": 0.484680116177, "barkbands_crest": {"dmean": 1.95922064781, "dmean2": 3.05037784576, "dvar": 3.6804292202, "dvar2": 9.32109546661, "max": 26.1375999451, "mean": 12.0492982864, "median": 11.2579069138, "min": 3.51075768471, "var": 18.072561264}, "barkbands_flatness_db": {"dmean": 0.0188246723264, "dmean2": 0.0300900898874, "dvar": 0.000433513807366, "dvar2": 0.0010346584022, "max": 0.506758630276, "mean": 0.337803632021, "median": 0.340296268463, "min": 0.0161600224674, "var": 0.00267814751714}, "barkbands_kurtosis": {"dmean": 1.63269221783, "dmean2": 2.44462037086, "dvar": 7.39879894257, "dvar2": 17.4572029114, "max": 95.8155288696, "mean": 3.97362971306, "median": 2.53172826767, "min": -1.86734056473, "var": 29.8808135986}, "barkbands_skewness": {"dmean": 0.349914729595, "dmean2": 0.535021841526, "dvar": 0.146106868982, "dvar2": 0.34069788456, "max": 7.62525701523, "mean": 1.14308309555, "median": 1.14300811291, "min": -4.82020998001, "var": 0.849401473999}, "barkbands_spread": {"dmean": 1.20331382751, "dmean2": 1.84782922268, "dvar": 3.7564702034, "dvar2": 9.27980232239, "max": 99.1626052856, "mean": 6.22467470169, "median": 5.4006114006, "min": 0.316520124674, "var": 16.3309421539}, "dissonance": {"dmean": 0.0345140695572, "dmean2": 0.0588241182268, "dvar": 0.00114384607878, "dvar2": 0.00316696660593, "max": 0.499993443489, "mean": 0.387135118246, "median": 0.397574841976, "min": 0.145266875625, "var": 0.00399861810729}, "dynamic_complexity": 5.27798032761, "erbbands_crest": {"dmean": 2.22547316551, "dmean2": 3.34879541397, "dvar": 5.35661268234, "dvar2": 12.0330657959, "max": 33.6270217896, "mean": 13.8097200394, "median": 12.8252782822, "min": 2.22368478775, "var": 33.0394706726}, "erbbands_flatness_db": {"dmean": 0.0145272910595, "dmean2": 0.0225168094039, "dvar": 0.000298773113173, "dvar2": 0.000705605314579, "max": 0.536093950272, "mean": 0.366549253464, "median": 0.366250365973, "min": 0.0444587953389, "var": 0.00229956279509}, "erbbands_kurtosis": {"dmean": 1.07695424557, "dmean2": 1.58820581436, "dvar": 4.50519514084, "dvar2": 9.29633522034, "max": 75.0183563232, "mean": 1.61954414845, "median": 0.434469938278, "min": -1.68710911274, "var": 14.9697628021}, "erbbands_skewness": {"dmean": 0.288925051689, "dmean2": 0.419306308031, "dvar": 0.106542915106, "dvar2": 0.215737998486, "max": 5.68530416489, "mean": 0.608476758003, "median": 0.594084620476, "min": -6.6286945343, "var": 0.964117944241}, "erbbands_spread": {"dmean": 2.034044981, "dmean2": 3.06971144676, "dvar": 4.94667434692, "dvar2": 11.4727125168, "max": 79.2334594727, "mean": 13.4184055328, "median": 12.7486371994, "min": 0.896355688572, "var": 42.2213897705}, "hfc": {"dmean": 2.43602800369, "dmean2": 3.38198637962, "dvar": 35.0937271118, "dvar2": 65.3738327026, "max": 140.449325562, "mean": 9.21295452118, "median": 4.64386320114, "min": 1.0614920942e-16, "var": 168.314956665}, "melbands_crest": {"dmean": 2.20528912544, "dmean2": 3.50029373169, "dvar": 4.844871521, "dvar2": 12.7550420761, "max": 31.427312851, "mean": 14.2715101242, "median": 13.5157899857, "min": 1.46888291836, "var": 21.6602878571}, "melbands_flatness_db": {"dmean": 0.0210017226636, "dmean2": 0.0326693505049, "dvar": 0.00072103011189, "dvar2": 0.00155529112089, "max": 0.665746629238, "mean": 0.448681056499, "median": 0.457264125347, "min": 0.00303575303406, "var": 0.00535129709169}, "melbands_kurtosis": {"dmean": 1.98291146755, "dmean2": 2.99940252304, "dvar": 14.2965221405, "dvar2": 34.197429657, "max": 188.552642822, "mean": 5.44218635559, "median": 3.97099113464, "min": -1.87288665771, "var": 46.813659668}, "melbands_skewness": {"dmean": 0.346634745598, "dmean2": 0.521176934242, "dvar": 0.133989900351, "dvar2": 0.298657685518, "max": 8.64127540588, "mean": 1.47582554817, "median": 1.44958353043, "min": -3.19131493568, "var": 0.932606399059}, "melbands_spread": {"dmean": 1.74870097637, "dmean2": 2.64260840416, "dvar": 11.5925664902, "dvar2": 23.0045108795, "max": 171.39743042, "mean": 9.08025550842, "median": 7.43070697784, "min": 0.655047655106, "var": 80.867477417}, "pitch_salience": {"dmean": 0.0503803640604, "dmean2": 0.0792004466057, "dvar": 0.00244036340155, "dvar2": 0.00593828503042, "max": 0.950587451458, "mean": 0.533503711224, "median": 0.532534599304, "min": 0.114063717425, "var": 0.0135822845623}, "silence_rate_20dB": {"dmean": 0, "dmean2": 0, "dvar": 0, "dvar2": 0, "max": 1, "mean": 1, "median": 1, "min": 1, "var": 0}, "silence_rate_30dB": {"dmean": 0.00679084192961, "dmean2": 0.0135830016807, "dvar": 0.00674443412572, "dvar2": 0.0165019780397, "max": 1, "mean": 0.990008711815, "median": 1, "min": 0, "var": 0.00989088602364}, "silence_rate_60dB": {"dmean": 0.0273573920131, "dmean2": 0.0547200925648, "dvar": 0.0266093537211, "dvar2": 0.0575440898538, "max": 1, "mean": 0.167717531323, "median": 0, "min": 0, "var": 0.139588862658}, "spectral_centroid": {"dmean": 48.7359771729, "dmean2": 71.7817306519, "dvar": 30952.8125, "dvar2": 43927.2734375, "max": 11499.3955078, "mean": 535.450195312, "median": 482.627960205, "min": 176.053939819, "var": 350579.03125}, "spectral_complexity": {"dmean": 1.28773772717, "dmean2": 2.06985545158, "dvar": 2.08030462265, "dvar2": 4.2569732666, "max": 25, "mean": 9.47793197632, "median": 9, "min": 0, "var": 19.7651576996}, "spectral_decrease": {"dmean": 1.14200127133e-09, "dmean2": 1.64433311411e-09, "dvar": 4.95971622304e-18, "dvar2": 9.55465075904e-18, "max": 1.49950623243e-27, "mean": -4.73774619536e-09, "median": -3.01245828283e-09, "min": -6.42952713292e-08, "var": 2.97919056866e-17}, "spectral_energy": {"dmean": 0.00451999250799, "dmean2": 0.00649676145986, "dvar": 7.90506819612e-05, "dvar2": 0.000151848318637, "max": 0.254587709904, "mean": 0.0187169797719, "median": 0.0118097933009, "min": 1.00899442652e-20, "var": 0.000470898259664}, "spectral_energyband_high": {"dmean": 3.63445110452e-06, "dmean2": 5.22030040884e-06, "dvar": 3.58609697493e-10, "dvar2": 7.84073972415e-10, "max": 0.00057080865372, "mean": 4.50241259387e-06, "median": 1.17225724239e-07, "min": 7.22825154372e-21, "var": 4.75327610605e-10}, "spectral_energyband_low": {"dmean": 0.0010709593771, "dmean2": 0.00160177890211, "dvar": 4.62238858745e-06, "dvar2": 8.72289001563e-06, "max": 0.0852030217648, "mean": 0.00346532510594, "median": 0.00143585214391, "min": 1.86546702977e-23, "var": 3.91557696275e-05}, "spectral_energyband_middle_high": {"dmean": 0.0010695172241, "dmean2": 0.001457687933, "dvar": 1.215183147e-05, "dvar2": 2.26591891987e-05, "max": 0.0877451598644, "mean": 0.00291280448437, "median": 0.000832006393466, "min": 1.1232163561e-21, "var": 4.2462725105e-05}, "spectral_energyband_middle_low": {"dmean": 0.00354931899346, "dmean2": 0.00529219815508, "dvar": 5.04230010847e-05, "dvar2": 0.000105107028503, "max": 0.249248251319, "mean": 0.0134339835495, "median": 0.00796177145094, "min": 1.77783916135e-22, "var": 0.000266392657068}, "spectral_entropy": {"dmean": 0.140516638756, "dmean2": 0.222236871719, "dvar": 0.0383231043816, "dvar2": 0.0938024893403, "max": 9.81991577148, "mean": 5.81677770615, "median": 5.8189868927, "min": 4.21388912201, "var": 0.215485751629}, "spectral_flux": {"dmean": 0.0145186819136, "dmean2": 0.0236998610198, "dvar": 0.00056566024432, "dvar2": 0.00139413587749, "max": 0.303891569376, "mean": 0.0370010137558, "median": 0.0292766038328, "min": 6.47486925187e-11, "var": 0.00102081696969}, "spectral_kurtosis": {"dmean": 29.825044632, "dmean2": 52.006313324, "dvar": 749.55480957, "dvar2": 2069.02148438, "max": 377.640075684, "mean": 85.1970672607, "median": 78.0482025146, "min": -1.23426270485, "var": 2926.73535156}, "spectral_rms": {"dmean": 0.000454951397842, "dmean2": 0.000642512866762, "dvar": 4.66554155309e-07, "dvar2": 8.30970122934e-07, "max": 0.0157600212842, "mean": 0.00369227235205, "median": 0.00339437043294, "min": 3.13749070127e-12, "var": 4.62756543129e-06}, "spectral_rolloff": {"dmean": 80.9709777832, "dmean2": 138.466033936, "dvar": 119137.648438, "dvar2": 186891.46875, "max": 19293.75, "mean": 710.971557617, "median": 581.396484375, "min": 129.19921875, "var": 1179989}, "spectral_skewness": {"dmean": 1.67375349998, "dmean2": 2.95709371567, "dvar": 1.94271028042, "dvar2": 5.52818489075, "max": 15.8171787262, "mean": 6.03351068497, "median": 5.79519796371, "min": -0.053419586271, "var": 6.54666662216}, "spectral_spread": {"dmean": 290059.4375, "dmean2": 507461.25, "dvar": 453944311808, "dvar2": 780730761216, "max": 42130916, "mean": 1131327.25, "median": 928313.3125, "min": 214618.390625, "var": 4749863682050.0}, "spectral_strongpeak": {"dmean": 0.398354500532, "dmean2": 0.624801695347, "dvar": 0.600724756718, "dvar2": 1.25073611736, "max": 12.9925546646, "mean": 1.1954023838, "median": 0.701389729977, "min": 0, "var": 1.98669171333}, "zerocrossingrate": {"dmean": 0.00256503978744, "dmean2": 0.00318294763565, "dvar": 6.91315290169e-05, "dvar2": 0.000103347709228, "max": 0.5263671875, "mean": 0.0258541349322, "median": 0.0234375, "min": 0.0048828125, "var": 0.000866761663929}, "barkbands": {"dmean": [1.6078545741e-05, 0.000230125093367, 0.000679109070916, 0.000602661049925, 0.000920271268114, 0.000672532303724, 0.0011984204175, 0.0012948482763, 0.000224803487072, 0.000223996175919, 0.000358690216672, 0.000303273292957, 0.000205990902032, 0.000107721345557, 8.33431840874e-05, 3.44012769347e-05, 1.40524307426e-05, 5.93560525886e-06, 7.62646595831e-06, 1.43001034303e-06, 1.13710063943e-06, 1.04246805677e-06, 3.63131420045e-07, 1.80339029043e-07, 4.56240449864e-08, 5.13394926571e-09, 1.09256725889e-09], "dmean2": [2.86543527181e-05, 0.000346306827851, 0.00103484466672, 0.000973841000814, 0.00153021817096, 0.000945252773818, 0.00178000424057, 0.0019181544194, 0.00027961350861, 0.000327721791109, 0.000530846824404, 0.000390925590182, 0.000269700656645, 0.000158770315466, 0.000121567187307, 5.41486879229e-05, 2.21809987124e-05, 9.59545013757e-06, 1.09285647341e-05, 2.10913253795e-06, 1.6953309796e-06, 1.54365397975e-06, 5.62926345538e-07, 2.72090773024e-07, 8.07000617442e-08, 9.06183483806e-09, 1.95107063838e-09], "dvar": [1.02877395491e-09, 2.40675518626e-07, 2.34555932366e-06, 1.37377537612e-06, 5.15476222063e-06, 2.21505365516e-06, 1.33701350933e-05, 1.83177180588e-05, 2.94368419418e-07, 7.49992352667e-07, 4.93367178933e-06, 3.74162186745e-06, 8.83190068635e-07, 4.69332718467e-07, 7.63315540553e-07, 1.10652340624e-08, 2.69472444359e-09, 3.12751213816e-10, 1.12441833622e-09, 5.17465896521e-11, 3.44251918638e-11, 3.29122631926e-11, 6.28188863774e-12, 4.48852977356e-12, 2.86233466399e-13, 2.87817793246e-15, 1.26141858769e-17], "dvar2": [3.18845927438e-09, 4.82332836782e-07, 4.60541605207e-06, 3.46991942024e-06, 1.42722456076e-05, 3.83280530514e-06, 3.15212237183e-05, 3.93997543142e-05, 4.47213892585e-07, 1.41787018038e-06, 9.58615328273e-06, 7.29692692403e-06, 1.22674305203e-06, 9.12132747999e-07, 1.71535236859e-06, 2.63118682398e-08, 6.99966307138e-09, 8.13022260626e-10, 2.15778128698e-09, 1.17415452361e-10, 7.6262364479e-11, 7.65396149238e-11, 1.48991062543e-11, 9.36919812566e-12, 8.09754173436e-13, 8.22022012498e-15, 3.58632062419e-17], "max": [0.00152612605598, 0.0116970408708, 0.0484133027494, 0.0397971980274, 0.069083429873, 0.0461843498051, 0.181780040264, 0.129223808646, 0.0195646937937, 0.0269288271666, 0.0809022188187, 0.0691502988338, 0.0466526225209, 0.0363187678158, 0.0415591523051, 0.00297439098358, 0.00127406057436, 0.000353364070179, 0.0017676706193, 0.000193901214516, 0.000139187031891, 0.000148856081069, 6.34010866634e-05, 7.06532373442e-05, 1.61688076332e-05, 1.41408713716e-06, 9.47412175378e-08], "mean": [2.14710107684e-05, 0.000477871188195, 0.00188949774019, 0.0015550601529, 0.00215282244608, 0.00203284830786, 0.00338783301413, 0.00356777431443, 0.000692926463671, 0.000488889520057, 0.000941877777223, 0.000501977221575, 0.000552583194803, 0.000202102935873, 0.000134890622576, 6.14720847807e-05, 2.63676465693e-05, 1.04112996269e-05, 1.3191317521e-05, 2.00915155801e-06, 1.36132825901e-06, 1.22304209071e-06, 3.58889451491e-07, 1.67030108855e-07, 3.28332170341e-08, 4.22420587398e-09, 1.79890946583e-09], "median": [7.05860111339e-06, 0.000127263832837, 0.000468962301966, 0.0005244637141, 0.000855811464135, 0.000834619684611, 0.000824674905743, 0.000409745494835, 0.000231798228924, 0.000109243861516, 5.86355854466e-05, 7.19034069334e-05, 0.000108200343675, 3.50163354597e-05, 2.02785104193e-05, 1.56905698532e-05, 5.84005420023e-06, 1.75539298652e-06, 8.24279823064e-07, 1.47991158883e-07, 2.49787355244e-08, 6.71941347008e-09, 1.30078869898e-09, 6.99917568348e-10, 6.42565278763e-10, 5.51864609566e-10, 1.11886433452e-09], "min": [3.31975570535e-25, 1.92993834386e-24, 1.57952534369e-24, 2.09851180564e-24, 1.05375676843e-23, 1.16911158306e-23, 7.84569975213e-24, 8.00791637552e-24, 1.29454764562e-23, 1.70495939466e-23, 2.60655988283e-23, 2.71279609648e-23, 1.37731390628e-23, 2.91375399446e-23, 5.95516335388e-23, 6.65157480972e-23, 6.67250108072e-23, 7.30314362517e-23, 1.41641729959e-22, 1.68845251177e-22, 2.44567353137e-22, 3.32751501024e-22, 5.12881161325e-22, 6.67903259658e-22, 9.06175957155e-22, 1.40615261625e-21, 2.08833801958e-21], "var": [3.93770083207e-09, 8.50133062613e-07, 1.42457629408e-05, 8.45816703077e-06, 1.33110779643e-05, 1.19335145428e-05, 5.77468745178e-05, 8.3813953097e-05, 1.77357458142e-06, 2.27139366871e-06, 2.1263384042e-05, 6.13135443928e-06, 4.22548782808e-06, 1.27733244426e-06, 8.75805653777e-07, 2.1083112145e-08, 4.98935159854e-09, 5.76687586573e-10, 2.77413869654e-09, 6.91652984885e-11, 4.62680831148e-11, 4.07054771834e-11, 6.28448421774e-12, 4.99785672917e-12, 1.80019153338e-13, 1.79930846766e-15, 1.01109454374e-17]}, "erbbands": {"dmean": [0.00196203053929, 0.0711854994297, 0.579332232475, 1.56336843967, 1.74591314793, 4.07581853867, 4.7349357605, 6.0372672081, 14.2459592819, 21.9992637634, 24.4357643127, 6.4276432991, 3.37149810791, 10.214392662, 16.3321781158, 9.17718029022, 10.428106308, 5.31568717957, 5.10312891006, 2.88906097412, 1.54274272919, 0.781985878944, 0.398499161005, 0.259448260069, 0.35076135397, 0.074046343565, 0.0552532114089, 0.0495282784104, 0.0419759824872, 0.0166054796427, 0.0100796464831, 0.00718991970643, 0.00115928635933, 0.000605426030234, 0.000242688096478, 3.88596854464e-05, 7.77759942139e-06, 1.52681968757e-06, 2.22212338485e-06, 5.11410871695e-06], "dmean2": [0.00269192853011, 0.10652731359, 0.879954040051, 2.45536470413, 2.82072067261, 6.88887023926, 7.19730377197, 8.41782855988, 21.4026241302, 32.2432975769, 36.4648857117, 7.94125509262, 5.08713197708, 14.9465780258, 22.7104988098, 11.7696714401, 13.3832120895, 7.57708597183, 7.63825464249, 4.19062805176, 2.45805215836, 1.27548325062, 0.629657387733, 0.389641880989, 0.491474419832, 0.108468517661, 0.0807526782155, 0.072777852416, 0.0616965927184, 0.0243540927768, 0.0153731331229, 0.0105564789847, 0.00185415975284, 0.00105705740862, 0.000434191955719, 6.69970759191e-05, 1.32816694531e-05, 2.5736023872e-06, 3.16930299959e-06, 7.3321043601e-06], "dvar": [1.6867337763e-05, 0.0230139642954, 1.78552567959, 9.76121711731, 10.2383432388, 134.606887817, 87.1834945679, 175.225158691, 1772.46911621, 6983.92871094, 7366.36181641, 231.110565186, 109.056533813, 1550.19335938, 7014.44775391, 2242.14575195, 2304.25048828, 1414.43847656, 2544.71411133, 143.88104248, 29.7481021881, 10.9618806839, 1.28551232815, 1.20250916481, 3.54131054878, 0.111045889556, 0.074430949986, 0.0913334488869, 0.0500687770545, 0.0136211840436, 0.00383697752841, 0.00637208390981, 9.39559104154e-05, 3.65687228623e-05, 1.06270235847e-05, 1.7814545572e-07, 4.47383596835e-09, 8.40766137267e-11, 1.99947541163e-11, 1.03340301594e-10], "dvar2": [2.69152096735e-05, 0.0448358654976, 3.37197518349, 21.0754299164, 26.6872386932, 384.545135498, 201.106674194, 307.637634277, 4826.96240234, 15301.0703125, 16343.6953125, 334.564178467, 241.623916626, 2941.56933594, 13862.3115234, 4234.43066406, 3050.39111328, 2576.95458984, 5737.72119141, 309.671600342, 75.5767593384, 30.5078830719, 3.21323156357, 2.71700716019, 6.24687242508, 0.252037107944, 0.165502652526, 0.197915062308, 0.115232601762, 0.0317133627832, 0.00882696732879, 0.0132708474994, 0.00021705715335, 0.000101857069239, 3.04708028125e-05, 5.00908868162e-07, 1.26689281288e-08, 2.34931962773e-10, 3.81173634323e-11, 1.97758975862e-10], "max": [0.139108926058, 3.89708662033, 29.795999527, 149.385177612, 67.3386383057, 353.082733154, 220.718582153, 381.273284912, 848.128662109, 5060.08251953, 2514.5090332, 561.079162598, 274.804443359, 1098.46191406, 2618.31518555, 1655.47094727, 2435.0168457, 2149.70043945, 2375.22119141, 370.116241455, 200.050674438, 78.0952301025, 29.7771015167, 48.4222335815, 119.888526917, 7.97088956833, 6.17258453369, 8.74692249298, 5.58448028564, 3.33736228943, 1.58010292053, 2.64369058609, 0.26812979579, 0.143426388502, 0.103797629476, 0.0113300047815, 0.00189135293476, 0.000283265835606, 0.000122717596241, 0.000287521921564], "mean": [0.0053836684674, 0.158102795482, 1.51286530495, 4.9010424614, 4.44184970856, 8.74444293976, 10.9887571335, 19.4409580231, 40.1173858643, 61.7370758057, 68.4582748413, 21.244846344, 8.77067947388, 23.8033447266, 39.8433876038, 18.1780166626, 28.4878196716, 11.3821353912, 8.42837524414, 5.57753276825, 2.92096495628, 1.44419431686, 0.799088716507, 0.466094493866, 0.606711447239, 0.115022808313, 0.0696205869317, 0.0581275336444, 0.0502197667956, 0.0181755777448, 0.0102438163012, 0.00690056569874, 0.0010473910952, 0.000463008094812, 0.000183629250387, 3.92169058614e-05, 1.20458571473e-05, 3.51527455678e-06, 9.20431557461e-06, 2.11321257666e-05], "median": [0.00179380108602, 0.0532305538654, 0.459767848253, 1.77666771412, 2.17122197151, 2.95712256432, 5.36400461197, 8.68824195862, 12.4545898438, 11.8286685944, 10.0971269608, 7.3322057724, 2.93386149406, 4.27733802795, 4.14261054993, 4.19250249863, 5.79083204269, 2.57481455803, 1.33196604252, 1.37254750729, 0.772006869316, 0.32940402627, 0.137832134962, 0.0530993007123, 0.0367738157511, 0.0091803278774, 0.00251298700459, 0.000657284806948, 0.000323170825141, 8.3671468019e-05, 4.28706007369e-05, 2.64091449935e-05, 1.92485258594e-05, 1.5212434846e-05, 1.19534879559e-05, 8.55628877616e-06, 4.91046057505e-06, 2.1136347641e-06, 5.72916906094e-06, 1.32273162308e-05], "min": [6.44473674254e-23, 5.4957351803e-22, 2.70586348587e-21, 7.38961638666e-21, 1.75358202426e-20, 3.39068473981e-20, 6.84171618271e-20, 1.0161995897e-19, 1.00783828005e-19, 1.89346928414e-19, 4.24702185336e-19, 3.83172471159e-19, 3.66628031728e-19, 7.78525693826e-19, 1.25201592227e-18, 1.10533601675e-18, 9.33637206425e-19, 1.9091272703e-18, 3.19197128342e-18, 3.82877586441e-18, 4.44479091506e-18, 4.07406097222e-18, 4.433631835e-18, 6.64363261144e-18, 7.5828788262e-18, 8.64714925464e-18, 9.3767233821e-18, 1.18631158069e-17, 1.14754940087e-17, 1.24152993976e-17, 1.34855164275e-17, 1.17889127428e-17, 1.14578833335e-17, 7.43729503839e-18, 7.19596013159e-18, 4.35187206249e-18, 2.52426302796e-18, 1.092389296e-18, 2.46995458824e-19, 3.01963672017e-20], "var": [0.000114823335025, 0.083779387176, 8.41114139557, 102.360740662, 39.858215332, 282.268615723, 266.504150391, 957.68762207, 5835.35351562, 28834.2070312, 31605.8164062, 1533.22497559, 381.70526123, 5148.10791016, 25459.6367188, 4131.51416016, 11329.3740234, 4022.59838867, 3170.72753906, 255.122909546, 58.1487350464, 16.7308101654, 3.11133313179, 2.03621697426, 9.71097660065, 0.1738345474, 0.0988101363182, 0.124858058989, 0.0658995881677, 0.014857320115, 0.00420956965536, 0.00713456748053, 9.1905494628e-05, 2.43225658778e-05, 6.28747193332e-06, 1.15417812196e-07, 3.01676106318e-09, 6.56348655981e-11, 1.16029456876e-10, 6.09124417572e-10]}, "gfcc": {"mean": [-208.893218994, 245.027664185, -128.748016357, -44.3564224243, -17.8164844513, -29.8530826569, -27.1492900848, -17.7328128815, -9.95073890686, -10.6259222031, -3.92746639252, -13.2887554169, -9.4277381897], "cov": [[13831.6503906, 126.117431641, -2801.57177734, 1622.49243164, -466.741424561, -517.357910156, 707.843688965, -235.53074646, 160.865966797, -63.7822189331, 205.26739502, -218.068374634, -319.007446289], [126.117431641, 1033.19128418, 261.776062012, -415.893768311, 483.451049805, -76.7393188477, -77.6829605103, 17.6370487213, -123.722015381, -65.695022583, -38.5958976746, -53.5750198364, 43.5290222168], [-2801.57177734, 261.776062012, 1015.8079834, -319.305053711, 233.229110718, 267.768615723, -150.765335083, 29.96043396, -110.940971375, -52.3293685913, -80.4992752075, 17.6443195343, 62.594581604], [1622.49243164, -415.893768311, -319.305053711, 682.005737305, -133.914855957, 55.3994483948, 209.652770996, -78.9520797729, 27.5116119385, -1.63081920147, -11.1257419586, -29.6401424408, -70.5698471069], [-466.741424561, 483.451049805, 233.229110718, -133.914855957, 466.291992188, 39.0953292847, -7.75368118286, 26.6423225403, -105.927810669, -35.1280822754, -39.4287033081, -37.8297576904, 25.4448699951], [-517.357910156, -76.7393188477, 267.768615723, 55.3994483948, 39.0953292847, 326.670776367, 20.9628314972, -28.7919902802, -31.3958244324, -45.4150848389, -38.4457550049, 17.5596675873, 3.42474865913], [707.843688965, -77.6829605103, -150.765335083, 209.652770996, -7.75368118286, 20.9628314972, 204.52003479, 25.1865215302, -10.3023777008, -8.00273990631, 10.2689828873, -7.57520723343, -36.3726119995], [-235.53074646, 17.6370487213, 29.96043396, -78.9520797729, 26.6423225403, -28.7919902802, 25.1865215302, 126.53704834, 26.044834137, -4.26173639297, 16.7448635101, 5.20129108429, 4.47304296494], [160.865966797, -123.722015381, -110.940971375, 27.5116119385, -105.927810669, -31.3958244324, -10.3023777008, 26.044834137, 130.520584106, 47.773273468, 16.8780231476, 11.2118721008, -10.1052303314], [-63.7822189331, -65.695022583, -52.3293685913, -1.63081920147, -35.1280822754, -45.4150848389, -8.00273990631, -4.26173639297, 47.773273468, 100.147483826, 30.9327583313, -13.3993701935, -6.15530776978], [205.26739502, -38.5958976746, -80.4992752075, -11.1257419586, -39.4287033081, -38.4457550049, 10.2689828873, 16.7448635101, 16.8780231476, 30.9327583313, 91.990776062, 28.5175437927, -20.5635166168], [-218.068374634, -53.5750198364, 17.6443195343, -29.6401424408, -37.8297576904, 17.5596675873, -7.57520723343, 5.20129108429, 11.2118721008, -13.3993701935, 28.5175437927, 104.454948425, 47.4439659119], [-319.007446289, 43.5290222168, 62.594581604, -70.5698471069, 25.4448699951, 3.42474865913, -36.3726119995, 4.47304296494, -10.1052303314, -6.15530776978, -20.5635166168, 47.4439659119, 105.934700012]], "icov": [[0.000528987438884, -0.00138469482772, 0.00127382366918, -0.00131843565032, 0.00102563516703, -0.000526777352206, 0.000126372935483, -0.000176305286004, -9.57694192039e-06, 0.000596896803472, -0.00100759405177, 0.000689045409672, -0.000117924297228], [-0.00138469482772, 0.00690809078515, -0.00362293398939, 0.00544328801334, -0.00565309124067, 0.00276137306355, -0.00190313649364, 0.00305396667682, -0.00137852726039, 0.00127621344291, 0.00149430171587, 0.000186293778825, -0.000606081041042], [0.00127382366918, -0.00362293398939, 0.00531194917858, -0.0029424901586, 0.00237025087699, -0.00322430115193, 0.00205946806818, -0.00221761432476, 0.00197200383991, -4.83294061269e-05, -0.000642350933049, 0.000507287448272, 0.000394813396269], [-0.00131843565032, 0.00544328801334, -0.0029424901586, 0.00762887205929, -0.00394875137135, 0.00164174835663, -0.00438858615234, 0.00442403228953, -0.00192968477495, 0.00071817857679, 0.00236901873723, 6.10173156019e-05, 0.000105737541162], [0.00102563516703, -0.00565309124067, 0.00237025087699, -0.00394875137135, 0.0077853105031, -0.00229302607477, 0.00119472260121, -0.00341726769693, 0.00332513544708, -0.0015435507521, -0.000575082260184, 0.000839829386678, -0.000121221710288], [-0.000526777352206, 0.00276137306355, -0.00322430115193, 0.00164174835663, -0.00229302607477, 0.00621391274035, -0.0023585872259, 0.00318804034032, -0.00192502397113, 0.00238780770451, 0.000753807893489, -0.000593638338614, 5.06234391651e-05], [0.000126372935483, -0.00190313649364, 0.00205946806818, -0.00438858615234, 0.00119472260121, -0.0023585872259, 0.0113558769226, -0.0070664845407, 0.00488912453875, -0.00321734277532, 0.00148911157157, -0.00296438438818, 0.00290497182868], [-0.000176305286004, 0.00305396667682, -0.00221761432476, 0.00442403228953, -0.00341726769693, 0.00318804034032, -0.0070664845407, 0.0156821012497, -0.00783194508404, 0.00670455349609, -0.00469270767644, 0.00410948973149, -0.00300797144882], [-9.57694192039e-06, -0.00137852726039, 0.00197200383991, -0.00192968477495, 0.00332513544708, -0.00192502397113, 0.00488912453875, -0.00783194508404, 0.0161369293928, -0.00932419300079, 0.00511155696586, -0.00536294560879, 0.0037514581345], [0.000596896803472, 0.00127621344291, -4.83294061269e-05, 0.00071817857679, -0.0015435507521, 0.00238780770451, -0.00321734277532, 0.00670455349609, -0.00932419300079, 0.0204168278724, -0.0105713149533, 0.00951158907264, -0.00532920937985], [-0.00100759405177, 0.00149430171587, -0.000642350933049, 0.00236901873723, -0.000575082260184, 0.000753807893489, 0.00148911157157, -0.00469270767644, 0.00511155696586, -0.0105713149533, 0.0229062158614, -0.0129004642367, 0.00923005957156], [0.000689045409672, 0.000186293778825, 0.000507287448272, 6.10173156019e-05, 0.000839829386678, -0.000593638338614, -0.00296438438818, 0.00410948973149, -0.00536294560879, 0.00951158907264, -0.0129004642367, 0.0217103920877, -0.0118208639324], [-0.000117924297228, -0.000606081041042, 0.000394813396269, 0.000105737541162, -0.000121221710288, 5.06234391651e-05, 0.00290497182868, -0.00300797144882, 0.0037514581345, -0.00532920937985, 0.00923005957156, -0.0118208639324, 0.0174567624927]]}, "melbands": {"dmean": [3.94434464397e-05, 0.000231098776567, 0.000254276848864, 0.000193688872969, 0.000182896430488, 0.000134682981297, 0.000219026536797, 0.000261765846517, 0.000167051402968, 3.23617787217e-05, 1.71999436134e-05, 4.13236957684e-05, 5.74437435716e-05, 4.27691593359e-05, 1.86897032108e-05, 1.78143363883e-05, 9.3704829851e-06, 8.2519800344e-06, 5.41412055099e-06, 2.55564555118e-06, 1.83366955753e-06, 7.34294872018e-07, 7.44120711715e-07, 2.30539825452e-07, 2.10772611808e-07, 3.52787253632e-07, 9.04251606926e-08, 4.98241696789e-08, 4.05253572922e-08, 2.05353138938e-08, 3.38625518737e-08, 2.77796878834e-08, 1.37955682433e-08, 7.54235252032e-09, 5.83209125438e-09, 5.4896522883e-09, 3.76447140127e-09, 5.79712167159e-10, 8.05630395728e-10, 3.50499990143e-10], "dmean2": [5.76119346078e-05, 0.00034938857425, 0.000398504838813, 0.000320446997648, 0.000285200163489, 0.000187916157302, 0.000326728477376, 0.000380125682568, 0.000249731092481, 3.9672391722e-05, 2.62809062406e-05, 6.0615097027e-05, 8.23395021143e-05, 5.56823579245e-05, 2.42424757744e-05, 2.32522215811e-05, 1.37857068694e-05, 1.25427814055e-05, 7.75030821387e-06, 3.84074837712e-06, 2.96489906759e-06, 1.19531512155e-06, 1.19438630009e-06, 3.65431162663e-07, 3.23321017959e-07, 5.03037938415e-07, 1.28586108872e-07, 7.48749116042e-08, 5.98060907464e-08, 3.0938419826e-08, 5.01702217548e-08, 4.16778291878e-08, 2.05453112301e-08, 1.15186962191e-08, 8.92574991695e-09, 8.40335445673e-09, 5.6200333276e-09, 9.74706759749e-10, 1.39029143753e-09, 6.18960827037e-10], "dvar": [6.85465240124e-09, 2.64498709157e-07, 2.30269975532e-07, 2.23281418243e-07, 1.47085032154e-07, 8.65256950533e-08, 3.8980095951e-07, 7.9582497392e-07, 3.40871764593e-07, 6.32044194759e-09, 3.05676928214e-09, 2.49253364615e-08, 1.11848493134e-07, 7.60668115163e-08, 6.28471230613e-09, 6.50996545559e-09, 4.35671365651e-09, 5.39869260407e-09, 1.99179028826e-09, 8.07892641674e-11, 5.27947165152e-11, 1.26728029112e-11, 6.03471482855e-12, 7.32159396045e-13, 1.01662428476e-12, 3.01791577839e-12, 2.31707258632e-13, 6.57235903071e-14, 5.4451069169e-14, 1.22965695718e-14, 4.98404824898e-14, 2.30942364163e-14, 8.95766310248e-15, 3.74414566598e-15, 1.37592084892e-15, 1.42378392791e-15, 2.30575243143e-15, 1.7906812518e-17, 6.88342251028e-17, 1.1461924938e-17], "dvar2": [1.28706503233e-08, 5.02016916926e-07, 5.11986513629e-07, 6.29411658792e-07, 3.72155568584e-07, 1.50452407865e-07, 1.02761373455e-06, 1.71737906385e-06, 7.70428698615e-07, 8.70532090858e-09, 6.743715808e-09, 4.73562487002e-08, 2.10580694215e-07, 1.48497761643e-07, 8.56998561005e-09, 9.39020150525e-09, 8.23308443643e-09, 1.21272583087e-08, 4.41577441279e-09, 1.75478950815e-10, 1.36020444907e-10, 3.45635187138e-11, 1.59858168369e-11, 1.89108147544e-12, 2.3552949955e-12, 5.47801257481e-12, 4.502099919e-13, 1.51542881434e-13, 1.23138912261e-13, 2.92401567098e-14, 1.07812718443e-13, 5.25985640676e-14, 2.16789493936e-14, 8.70264011679e-15, 3.22935906294e-15, 3.26376363544e-15, 4.79732737435e-15, 4.45697454102e-17, 1.8996475406e-16, 3.21500950425e-17], "max": [0.00223026005551, 0.0116208326072, 0.0205386057496, 0.0147069701925, 0.0111833121628, 0.00850777421147, 0.0134381605312, 0.0466244481504, 0.0165419988334, 0.00302992365323, 0.00155311776325, 0.00471898401156, 0.0123183149844, 0.00984246563166, 0.00376842240803, 0.00355321308598, 0.00363346724771, 0.00331427552737, 0.00198656111024, 0.000305164285237, 0.000267829280347, 8.3236649516e-05, 7.5821284554e-05, 2.44529037445e-05, 4.73516593047e-05, 0.000103579441202, 2.69975516858e-05, 5.64822403248e-06, 6.476953331e-06, 2.88601677312e-06, 6.75984256304e-06, 3.72639624402e-06, 2.63801734945e-06, 1.8435914626e-06, 8.16825433958e-07, 1.00225372535e-06, 1.60499735102e-06, 8.61784528183e-08, 2.26832327144e-07, 8.75417214274e-08], "mean": [9.15011187317e-05, 0.000620242557488, 0.000784992647823, 0.000492847466376, 0.000407144543715, 0.000432725064456, 0.000615989032667, 0.00074573920574, 0.000475409295177, 0.000101588659163, 4.10185821238e-05, 9.28221852519e-05, 0.000152106164023, 6.94054469932e-05, 5.01858266944e-05, 4.81267597934e-05, 1.79138078238e-05, 1.32659406518e-05, 9.49902823777e-06, 4.94006826557e-06, 3.21947914017e-06, 1.27478858758e-06, 1.32328727886e-06, 3.94441343587e-07, 3.46146634911e-07, 6.10891220276e-07, 1.47015740026e-07, 6.55836345231e-08, 4.92330052282e-08, 2.42141986462e-08, 3.8826375004e-08, 3.24342224189e-08, 1.61774771357e-08, 7.52505613377e-09, 5.82213921518e-09, 5.16861664579e-09, 3.48820528018e-09, 5.19446985425e-10, 5.96409310827e-10, 2.61361404741e-10], "median": [2.6347781386e-05, 0.0002200511517, 0.000325191038428, 0.000181719427928, 0.000201991104404, 0.000190261460375, 0.000181191790034, 0.000118109317555, 8.18855478428e-05, 3.20870531141e-05, 1.03976826722e-05, 1.64658340509e-05, 1.1921535588e-05, 8.90092633199e-06, 1.08760823423e-05, 9.8031878224e-06, 3.12558631776e-06, 1.73702744632e-06, 1.46000331824e-06, 1.46811862578e-06, 5.97657844992e-07, 2.76587343251e-07, 1.7316517642e-07, 5.31074562105e-08, 3.22519682072e-08, 2.89986612501e-08, 8.91623752608e-09, 3.59054275201e-09, 1.26197396977e-09, 4.90602003467e-10, 2.31297300757e-10, 1.87194204582e-10, 5.16861102529e-11, 2.98005994881e-11, 1.88413572938e-11, 1.41655177172e-11, 9.12192630459e-12, 7.50476330386e-12, 6.76503341193e-12, 5.5268099125e-12], "min": [1.07766485477e-24, 1.24747534906e-24, 1.90240729548e-24, 1.4082174928e-24, 2.4949544452e-24, 2.46549404026e-24, 1.49072248272e-24, 2.07698063609e-24, 4.22846879024e-24, 1.84071285067e-24, 1.75267893188e-24, 2.87691340133e-24, 4.1774219955e-24, 2.98216677318e-24, 2.07967913203e-24, 2.50283220741e-24, 2.54955446668e-24, 3.52198941822e-24, 4.83098221142e-24, 3.49301179615e-24, 4.96149451502e-24, 3.8579995932e-24, 3.50257200147e-24, 4.9247797452e-24, 4.80406430518e-24, 5.29227138676e-24, 5.04827710321e-24, 5.35358283961e-24, 6.48686081048e-24, 3.77672522629e-24, 6.16521776473e-24, 6.10890532344e-24, 5.15588364714e-24, 5.79566956279e-24, 6.95436502646e-24, 6.71839779705e-24, 5.39923698121e-24, 6.86148375462e-24, 7.57739553649e-24, 5.5279798698e-24], "var": [3.11473975501e-08, 1.26972281578e-06, 2.07105131267e-06, 6.91779746376e-07, 3.53703910605e-07, 4.70488430437e-07, 1.42104488532e-06, 3.46075194102e-06, 1.45268518281e-06, 3.97809998276e-08, 1.08986322189e-08, 7.74371713419e-08, 4.95751407925e-07, 1.23066399738e-07, 3.0138281204e-08, 2.94009758761e-08, 1.17753788942e-08, 7.7736137527e-09, 2.58090815386e-09, 1.5839510259e-10, 1.02098413057e-10, 1.93938424348e-11, 1.19443656355e-11, 1.18862331002e-12, 1.50118383436e-12, 8.07649346707e-12, 5.57836329212e-13, 8.30431237013e-14, 6.92135557851e-14, 1.46590232357e-14, 6.760960742e-14, 2.95180140096e-14, 1.08628943107e-14, 3.69685115785e-15, 1.45417568181e-15, 1.47777677258e-15, 2.57526666855e-15, 1.6121257139e-17, 4.67337690066e-17, 7.48733450236e-18]}, "mfcc": {"mean": [-815.834106445, 240.305435181, -5.25364685059, -13.8202877045, 7.74624633789, -5.2160692215, -11.9258012772, -9.11456871033, -10.1498785019, -4.88348960876, -0.50922960043, 0.277785003185, 2.05097126961], "cov": [[6350.12646484, 1631.93383789, -1969.25549316, 622.87121582, -81.5958633423, -187.531265259, 58.9058380127, 152.486587524, -141.021652222, 71.0080413818, 190.930877686, 28.7403678894, 127.774871826], [1631.93383789, 1338.62573242, -348.351074219, -93.0748214722, 296.254699707, -42.2579650879, 72.4504394531, 56.3143806458, -23.471282959, -5.67723226547, -11.9526386261, -23.7763500214, 29.6107959747], [-1969.25549316, -348.351074219, 923.684204102, -197.757965088, 33.6759567261, 193.025543213, 16.7442359924, -9.73325061798, 63.9325332642, -46.0249176025, -103.854637146, -40.4706344604, -74.5168304443], [622.87121582, -93.0748214722, -197.757965088, 314.193572998, -39.6753005981, -8.20337581635, 55.4839744568, 21.6683864594, -17.409942627, 25.5657920837, 38.7341918945, -16.6518573761, 6.47588348389], [-81.5958633423, 296.254699707, 33.6759567261, -39.6753005981, 285.763122559, 72.317817688, 59.1830444336, 33.7582130432, 18.6209564209, 1.72143530846, -27.5685787201, -32.4415092468, -33.9468040466], [-187.531265259, -42.2579650879, 193.025543213, -8.20337581635, 72.317817688, 257.703857422, 96.5574569702, 42.6407661438, 41.8911857605, -20.5996017456, -31.5761566162, -38.0204162598, -59.8366699219], [58.9058380127, 72.4504394531, 16.7442359924, 55.4839744568, 59.1830444336, 96.5574569702, 192.779403687, 87.7659072876, 6.0248837471, 6.07603788376, -13.5159931183, -23.6080436707, -6.24816322327], [152.486587524, 56.3143806458, -9.73325061798, 21.6683864594, 33.7582130432, 42.6407661438, 87.7659072876, 148.356536865, 45.1359786987, -20.0408763885, -9.7437877655, -13.7428092957, -9.38018512726], [-141.021652222, -23.471282959, 63.9325332642, -17.409942627, 18.6209564209, 41.8911857605, 6.0248837471, 45.1359786987, 99.638923645, 11.8418588638, -29.9449214935, -18.3963298798, -14.282204628], [71.0080413818, -5.67723226547, -46.0249176025, 25.5657920837, 1.72143530846, -20.5996017456, 6.07603788376, -20.0408763885, 11.8418588638, 101.281845093, 39.6976661682, -7.19739580154, 19.4945373535], [190.930877686, -11.9526386261, -103.854637146, 38.7341918945, -27.5685787201, -31.5761566162, -13.5159931183, -9.7437877655, -29.9449214935, 39.6976661682, 111.063522339, 44.5455970764, -4.24976968765], [28.7403678894, -23.7763500214, -40.4706344604, -16.6518573761, -32.4415092468, -38.0204162598, -23.6080436707, -13.7428092957, -18.3963298798, -7.19739580154, 44.5455970764, 99.2635879517, 40.3517303467], [127.774871826, 29.6107959747, -74.5168304443, 6.47588348389, -33.9468040466, -59.8366699219, -6.24816322327, -9.38018512726, -14.282204628, 19.4945373535, -4.24976968765, 40.3517303467, 132.207855225]], "icov": [[0.00357580510899, -0.00473480299115, 0.00554986810312, -0.0050862650387, 0.00558870658278, -0.00567399803549, 0.00520219188184, -0.00525435060263, 0.004382499028, -0.00418461626396, 0.0040434054099, -0.00260947248898, 0.00173871673178], [-0.00473480299115, 0.007585701067, -0.00671815313399, 0.00748521042988, -0.00872806180269, 0.00780550437048, -0.0073527242057, 0.0069232005626, -0.00568142347038, 0.0060293758288, -0.00559739535674, 0.00407219771296, -0.00276643317193], [0.00554986810312, -0.00671815313399, 0.0105888387188, -0.00666229473427, 0.00837857834995, -0.0097440937534, 0.00778722995892, -0.00776216667145, 0.00656661391258, -0.00644335104153, 0.00735765788704, -0.00405672658235, 0.00312813837081], [-0.0050862650387, 0.00748521042988, -0.00666229473427, 0.0120108807459, -0.00784629490227, 0.00805244222283, -0.00919524859637, 0.00773982610554, -0.00626738695428, 0.00639359094203, -0.00738229928538, 0.00579771818593, -0.00298644346185], [0.00558870658278, -0.00872806180269, 0.00837857834995, -0.00784629490227, 0.0143007608131, -0.00993126165122, 0.00775508116931, -0.00859741587192, 0.00705155776814, -0.00798765383661, 0.007649931591, -0.00447543291375, 0.00414541084319], [-0.00567399803549, 0.00780550437048, -0.0097440937534, 0.00805244222283, -0.00993126165122, 0.0160492248833, -0.0121429171413, 0.00999430287629, -0.00991976261139, 0.00903925020248, -0.00792107824236, 0.00530136935413, -0.00157916196622], [0.00520219188184, -0.0073527242057, 0.00778722995892, -0.00919524859637, 0.00775508116931, -0.0121429171413, 0.018913783133, -0.0149356564507, 0.0118511393666, -0.0108568044379, 0.0094815865159, -0.00520915770903, 0.00256403209642], [-0.00525435060263, 0.0069232005626, -0.00776216667145, 0.00773982610554, -0.00859741587192, 0.00999430287629, -0.0149356564507, 0.0219042524695, -0.0153816016391, 0.0133902737871, -0.0110863456503, 0.00655613327399, -0.0040559717454], [0.004382499028, -0.00568142347038, 0.00656661391258, -0.00626738695428, 0.00705155776814, -0.00991976261139, 0.0118511393666, -0.0153816016391, 0.0239705331624, -0.014241790399, 0.0135483266786, -0.00648812996224, 0.00494009908289], [-0.00418461626396, 0.0060293758288, -0.00644335104153, 0.00639359094203, -0.00798765383661, 0.00903925020248, -0.0108568044379, 0.0133902737871, -0.014241790399, 0.0248396266252, -0.0176478829235, 0.0115907806903, -0.00808004382998], [0.0040434054099, -0.00559739535674, 0.00735765788704, -0.00738229928538, 0.007649931591, -0.00792107824236, 0.0094815865159, -0.0110863456503, 0.0135483266786, -0.0176478829235, 0.0272546708584, -0.0154460677877, 0.00955149903893], [-0.00260947248898, 0.00407219771296, -0.00405672658235, 0.00579771818593, -0.00447543291375, 0.00530136935413, -0.00520915770903, 0.00655613327399, -0.00648812996224, 0.0115907806903, -0.0154460677877, 0.0215825792402, -0.0089852027595], [0.00173871673178, -0.00276643317193, 0.00312813837081, -0.00298644346185, 0.00414541084319, -0.00157916196622, 0.00256403209642, -0.0040559717454, 0.00494009908289, -0.00808004382998, 0.00955149903893, -0.0089852027595, 0.0133700799197]]}, "spectral_contrast_coeffs": {"dmean": [0.0434596575797, 0.033768363297, 0.0294086579233, 0.0250697433949, 0.0197633095086, 0.0389731451869], "dmean2": [0.0730079039931, 0.0544413588941, 0.0462518706918, 0.0399036183953, 0.0318520180881, 0.0674562975764], "dvar": [0.00120732665528, 0.00102274026722, 0.000816907326225, 0.000621251179837, 0.000442260497948, 0.00115997798275], "dvar2": [0.00333791272715, 0.00259084673598, 0.00190635363106, 0.00149369402789, 0.00106632674579, 0.00303340796381], "max": [-0.321225106716, -0.335558056831, -0.468682259321, -0.467371761799, -0.586084008217, -0.604576945305], "mean": [-0.590974092484, -0.667367517948, -0.717327475548, -0.720848202705, -0.724886357784, -0.833486557007], "median": [-0.592997074127, -0.666401386261, -0.723180294037, -0.722884893417, -0.718372941017, -0.848627150059], "min": [-0.974564313889, -0.977003991604, -0.987713634968, -0.968664467335, -0.966372609138, -0.963333070278], "var": [0.00764789106324, 0.00825917255133, 0.00549507886171, 0.0033833689522, 0.00285742920823, 0.00548820057884]}, "spectral_contrast_valleys": {"dmean": [0.413939327002, 0.285651683807, 0.272992819548, 0.258840173483, 0.273846179247, 0.697759032249], "dmean2": [0.692734062672, 0.458026856184, 0.442293375731, 0.418506503105, 0.427973747253, 1.22901582718], "dvar": [0.162619397044, 0.146726250648, 0.146793559194, 0.156403943