{"lowlevel": {"average_loudness": 0.961534440517, "barkbands_crest": {"dmean": 2.89738225937, "dmean2": 4.57418441772, "dvar": 8.74299621582, "dvar2": 19.7398166656, "max": 26.8350353241, "mean": 14.0935382843, "median": 13.2616147995, "min": 2.22253775597, "var": 33.5367622375}, "barkbands_flatness_db": {"dmean": 0.0319105051458, "dmean2": 0.0461085811257, "dvar": 0.00116417789832, "dvar2": 0.00218344014138, "max": 0.509386360645, "mean": 0.20579919219, "median": 0.200976923108, "min": 0.0380863398314, "var": 0.00616248324513}, "barkbands_kurtosis": {"dmean": 5.65200662613, "dmean2": 8.81593418121, "dvar": 201.822921753, "dvar2": 466.627655029, "max": 406.335510254, "mean": 7.9594168663, "median": 1.2763876915, "min": -1.97637486458, "var": 431.972106934}, "barkbands_skewness": {"dmean": 0.826380550861, "dmean2": 1.24298191071, "dvar": 1.00242245197, "dvar2": 2.05725693703, "max": 19.1991863251, "mean": 1.65856719017, "median": 1.26056277752, "min": -6.73671722412, "var": 4.48775339127}, "barkbands_spread": {"dmean": 5.36295080185, "dmean2": 8.13447761536, "dvar": 53.3589515686, "dvar2": 110.633552551, "max": 82.0233459473, "mean": 15.8005561829, "median": 13.825469017, "min": 0.309287339449, "var": 130.407394409}, "dissonance": {"dmean": 0.0246629789472, "dmean2": 0.0407395847142, "dvar": 0.000908158603124, "dvar2": 0.00247288146056, "max": 0.499381929636, "mean": 0.449147313833, "median": 0.460408985615, "min": 0.180853158236, "var": 0.00170129863545}, "dynamic_complexity": 4.09910345078, "erbbands_crest": {"dmean": 3.25101947784, "dmean2": 5.05990934372, "dvar": 11.1169395447, "dvar2": 24.2305870056, "max": 34.3486709595, "mean": 13.0594911575, "median": 11.489071846, "min": 2.79686641693, "var": 46.4193649292}, "erbbands_flatness_db": {"dmean": 0.0263873226941, "dmean2": 0.0364938005805, "dvar": 0.0007749517099, "dvar2": 0.00141092389822, "max": 0.565916001797, "mean": 0.230192273855, "median": 0.215293228626, "min": 0.0352854579687, "var": 0.00618689507246}, "erbbands_kurtosis": {"dmean": 2.30255270004, "dmean2": 3.62273550034, "dvar": 37.7638893127, "dvar2": 85.3748397827, "max": 135.022644043, "mean": 2.15387988091, "median": -0.201766967773, "min": -1.79392004013, "var": 64.7479400635}, "erbbands_skewness": {"dmean": 0.579102098942, "dmean2": 0.870787620544, "dvar": 0.485453993082, "dvar2": 1.03294098377, "max": 6.38363313675, "mean": 0.132528483868, "median": 0.0853997468948, "min": -9.3988199234, "var": 1.97056365013}, "erbbands_spread": {"dmean": 7.82700443268, "dmean2": 11.9446735382, "dvar": 81.3845901489, "dvar2": 184.527740479, "max": 102.420974731, "mean": 30.9405937195, "median": 30.2858982086, "min": 0.710254311562, "var": 300.071807861}, "hfc": {"dmean": 6.9361948967, "dmean2": 9.20106220245, "dvar": 142.65246582, "dvar2": 277.247009277, "max": 131.864120483, "mean": 12.2506752014, "median": 6.79462337494, "min": 1.17633050509e-16, "var": 261.27734375}, "melbands_crest": {"dmean": 3.18639969826, "dmean2": 5.12605476379, "dvar": 9.35652637482, "dvar2": 23.3514022827, "max": 32.0352134705, "mean": 16.2007160187, "median": 15.6451749802, "min": 2.07188391685, "var": 27.3282241821}, "melbands_flatness_db": {"dmean": 0.0390434339643, "dmean2": 0.0552373155951, "dvar": 0.00176035962068, "dvar2": 0.0032346744556, "max": 0.545704245567, "mean": 0.246902853251, "median": 0.245200350881, "min": 0.00674185948446, "var": 0.00804085936397}, "melbands_kurtosis": {"dmean": 9.82557582855, "dmean2": 15.5283508301, "dvar": 453.636260986, "dvar2": 951.405395508, "max": 385.655426025, "mean": 17.1004562378, "median": 5.38439178467, "min": -1.96803510189, "var": 1237.74755859}, "melbands_skewness": {"dmean": 0.923728942871, "dmean2": 1.41786873341, "dvar": 1.25374269485, "dvar2": 2.66692686081, "max": 15.4147834778, "mean": 2.61356830597, "median": 2.16650032997, "min": -4.78147029877, "var": 6.11676073074}, "melbands_spread": {"dmean": 7.91609048843, "dmean2": 12.4428462982, "dvar": 121.215576172, "dvar2": 281.018981934, "max": 122.844108582, "mean": 20.332572937, "median": 17.0876998901, "min": 0.501870274544, "var": 248.288314819}, "pitch_salience": {"dmean": 0.0699822083116, "dmean2": 0.111045829952, "dvar": 0.00547314248979, "dvar2": 0.0127888992429, "max": 0.830664753914, "mean": 0.465208768845, "median": 0.464985758066, "min": 0.0422558709979, "var": 0.0196794252843}, "silence_rate_20dB": {"dmean": 0, "dmean2": 0, "dvar": 0, "dvar2": 0, "max": 1, "mean": 1, "median": 1, "min": 1, "var": 0}, "silence_rate_30dB": {"dmean": 0, "dmean2": 0, "dvar": 0, "dvar2": 0, "max": 1, "mean": 1, "median": 1, "min": 1, "var": 0}, "silence_rate_60dB": {"dmean": 0.0683265775442, "dmean2": 0.136403128505, "dvar": 0.0636585578322, "dvar2": 0.123589925468, "max": 1, "mean": 0.205499276519, "median": 0, "min": 0, "var": 0.163271903992}, "spectral_centroid": {"dmean": 298.476318359, "dmean2": 442.928070068, "dvar": 175332.25, "dvar2": 327711.84375, "max": 10970.6962891, "mean": 1135.12304688, "median": 1031.96533203, "min": 262.562133789, "var": 407559.3125}, "spectral_complexity": {"dmean": 4.28546619415, "dmean2": 5.88271045685, "dvar": 44.4076271057, "dvar2": 75.072265625, "max": 58, "mean": 11.8251810074, "median": 9, "min": 0, "var": 102.369232178}, "spectral_decrease": {"dmean": 1.89760274161e-09, "dmean2": 2.88449708563e-09, "dvar": 1.37053719353e-17, "dvar2": 3.24676794582e-17, "max": -8.56426078603e-29, "mean": -3.68360209002e-09, "median": -2.40606867763e-09, "min": -3.70818291628e-08, "var": 1.99495383494e-17}, "spectral_energy": {"dmean": 0.00769655499607, "dmean2": 0.0115289846435, "dvar": 0.000213288003579, "dvar2": 0.000495877698995, "max": 0.14298376441, "mean": 0.0150139238685, "median": 0.00992177985609, "min": 1.09928951065e-20, "var": 0.000323184445733}, "spectral_energyband_high": {"dmean": 0.000314834760502, "dmean2": 0.000445108249551, "dvar": 4.50826462384e-07, "dvar2": 9.65697722677e-07, "max": 0.00823095533997, "mean": 0.000331649847794, "median": 3.24512802763e-05, "min": 7.51128948488e-21, "var": 5.73111492486e-07}, "spectral_energyband_low": {"dmean": 0.00170704198536, "dmean2": 0.00306570855901, "dvar": 5.034861897e-05, "dvar2": 0.000140229079989, "max": 0.0598113611341, "mean": 0.00153263227548, "median": 2.03611398319e-05, "min": 2.76714514186e-23, "var": 4.34563880845e-05}, "spectral_energyband_middle_high": {"dmean": 0.00235232990235, "dmean2": 0.0031917784363, "dvar": 1.39083122122e-05, "dvar2": 2.80617496173e-05, "max": 0.040308419615, "mean": 0.00411295285448, "median": 0.00189777859487, "min": 1.84828701503e-21, "var": 3.03886190522e-05}, "spectral_energyband_middle_low": {"dmean": 0.00467173801735, "dmean2": 0.00733381416649, "dvar": 8.17903710413e-05, "dvar2": 0.00019544029783, "max": 0.0864845067263, "mean": 0.00916216894984, "median": 0.00596445798874, "min": 3.88113961301e-22, "var": 0.000119590011309}, "spectral_entropy": {"dmean": 0.294308722019, "dmean2": 0.406120657921, "dvar": 0.109709449112, "dvar2": 0.191192656755, "max": 9.81004714966, "mean": 7.01347732544, "median": 7.05652475357, "min": 4.66539001465, "var": 0.518178224564}, "spectral_flux": {"dmean": 0.0241489708424, "dmean2": 0.0342530310154, "dvar": 0.00101024657488, "dvar2": 0.00194122327957, "max": 0.313846290112, "mean": 0.0543801598251, "median": 0.0361467078328, "min": 1.04847006077e-10, "var": 0.00253987242468}, "spectral_kurtosis": {"dmean": 4.24974870682, "dmean2": 6.77557945251, "dvar": 39.0398864746, "dvar2": 96.8978500366, "max": 174.089660645, "mean": 10.276599884, "median": 6.29939746857, "min": -1.22918534279, "var": 149.213348389}, "spectral_rms": {"dmean": 0.000821041176096, "dmean2": 0.00113707943819, "dvar": 1.25630094772e-06, "dvar2": 2.50128096013e-06, "max": 0.0118108578026, "mean": 0.00330607406795, "median": 0.00311123533174, "min": 3.27487039223e-12, "var": 3.71762575924e-06}, "spectral_rolloff": {"dmean": 489.196990967, "dmean2": 825.625305176, "dvar": 794074.9375, "dvar2": 1731156.875, "max": 19035.3515625, "mean": 1434.63012695, "median": 1399.65820312, "min": 193.798828125, "var": 1121465.375}, "spectral_skewness": {"dmean": 0.429411351681, "dmean2": 0.64713203907, "dvar": 0.224135890603, "dvar2": 0.487614184618, "max": 10.2712278366, "mean": 2.11000156403, "median": 1.81267142296, "min": -0.0034167508129, "var": 1.17435228825}, "spectral_spread": {"dmean": 591994.75, "dmean2": 812872.3125, "dvar": 744979955712, "dvar2": 1052259123200.0, "max": 40581812, "mean": 3654455.25, "median": 3623361, "min": 449260.625, "var": 2001339678720.0}, "spectral_strongpeak": {"dmean": 0.564794361591, "dmean2": 0.925469815731, "dvar": 1.09125220776, "dvar2": 2.75922060013, "max": 9.01941108704, "mean": 1.23384392262, "median": 0.780578374863, "min": 0, "var": 2.20985388756}, "zerocrossingrate": {"dmean": 0.011159078218, "dmean2": 0.0124656660482, "dvar": 0.000170073224581, "dvar2": 0.000190144462977, "max": 0.49560546875, "mean": 0.0528925172985, "median": 0.05078125, "min": 0.0107421875, "var": 0.00074641109677}, "barkbands": {"dmean": [1.02090752989e-05, 0.000898194790352, 0.000788230448961, 0.000176014451426, 0.00372451124713, 0.000474420521641, 0.000549243588466, 0.000172397019924, 0.000280791660771, 0.000137862050906, 0.000195912376512, 0.000235718514887, 0.000627467292361, 0.000566619157325, 0.000368130946299, 0.000123995734612, 0.000256355095189, 0.000207988385228, 0.000175670749741, 0.000175671477336, 0.000101754281786, 5.93368786213e-05, 4.57206151623e-05, 3.43600404449e-05, 1.83679476322e-05, 6.80240918882e-06, 1.40244765134e-06], "dmean2": [1.57006434165e-05, 0.00155298877507, 0.00142208021134, 0.000319820188452, 0.00600260961801, 0.000749051803723, 0.000848711060826, 0.000283140223473, 0.000449051702162, 0.000221939364565, 0.0002783415257, 0.000330201612087, 0.000928200839553, 0.000827214098535, 0.000611963798292, 0.000188189136679, 0.000401574419811, 0.000316564750392, 0.000256791827269, 0.000265899085207, 0.000151980944793, 8.595095278e-05, 6.74623297527e-05, 5.12561382493e-05, 2.76820483123e-05, 1.08963777166e-05, 2.35313291341e-06], "dvar": [1.63732394309e-09, 1.24772732306e-05, 1.41890677696e-05, 4.88207149374e-07, 6.01274368819e-05, 1.09308348328e-06, 1.74288084054e-06, 1.9461175782e-07, 5.90350794027e-07, 1.57136454959e-07, 3.58035919135e-07, 3.80620662099e-07, 2.21324967242e-06, 2.21407685785e-06, 1.53930272973e-06, 6.91334136604e-08, 5.16078671353e-07, 3.0150368957e-07, 1.81393915e-07, 2.2907732955e-07, 5.6050623698e-08, 2.00310807941e-08, 1.32987238999e-08, 6.42545616714e-09, 1.41036704537e-09, 3.19602261323e-10, 3.98964195014e-11], "dvar2": [3.626693168e-09, 3.23875974573e-05, 4.03597659897e-05, 1.43106615269e-06, 0.000146282138303, 2.41217026087e-06, 4.52520635008e-06, 5.11605094289e-07, 1.48154924773e-06, 3.54559432481e-07, 8.10102562809e-07, 8.35773732888e-07, 5.27458405486e-06, 5.15851252203e-06, 4.11286873714e-06, 1.59103649366e-07, 1.27634234559e-06, 6.97652296822e-07, 4.26122284125e-07, 5.38678023076e-07, 1.29955012085e-07, 4.30802025164e-08, 3.13763912629e-08, 1.41309381974e-08, 3.06132341699e-09, 7.99146249175e-10, 1.04202285689e-10], "max": [0.000328405643813, 0.0276727136225, 0.033554546535, 0.00572631042451, 0.0779180824757, 0.0149832069874, 0.0186508856714, 0.00770682701841, 0.00812019314617, 0.00703192688525, 0.0074032433331, 0.0107096163556, 0.020901478827, 0.0196117777377, 0.0175264589489, 0.00321910670027, 0.00933959893882, 0.00605399115011, 0.00979444663972, 0.00666494341567, 0.00246753008105, 0.00195475015789, 0.00169085618109, 0.00148783728946, 0.000326134846546, 0.000193736079382, 0.000173168737092], "mean": [9.17059423955e-06, 0.000833151163533, 0.000582864100579, 0.000143481753184, 0.00620516808704, 0.00112680101302, 0.00110451411456, 0.000203556002816, 0.000352539471351, 0.000180279675988, 0.000299448583974, 0.000315191049594, 0.000936089607421, 0.000778137648012, 0.000624570529908, 0.000169248844031, 0.000275074708043, 0.000217876862735, 0.000205959338928, 0.000182019575732, 0.000104550781543, 6.21688595857e-05, 4.4665466703e-05, 3.3281310607e-05, 1.72148866113e-05, 5.75978992856e-06, 1.15718341931e-06], "median": [2.38741222347e-08, 1.58018383445e-06, 9.78302523436e-06, 7.98630753707e-06, 0.00311367050745, 0.000522589602042, 0.000344811327523, 7.77498353273e-05, 7.21114047337e-05, 3.1307728932e-05, 5.01916329085e-05, 7.4794923421e-05, 0.000160717841936, 0.000152578679263, 5.85634115851e-05, 6.57140262774e-05, 5.80844280194e-05, 2.93976409012e-05, 2.96957587125e-05, 1.66368699865e-05, 9.49491095525e-06, 4.82154746351e-06, 3.7501058614e-06, 2.05582318813e-06, 9.06986144855e-07, 4.16301872974e-07, 1.96315724565e-07], "min": [1.3030996867e-23, 5.73996691098e-24, 7.91044708865e-24, 2.53214142716e-23, 4.12439074226e-23, 6.81566103345e-23, 6.67722919744e-23, 6.54020721365e-23, 1.04876375222e-22, 4.68001198353e-23, 5.53840939983e-23, 8.54478986406e-23, 1.00313408109e-22, 1.8079555988e-22, 2.09893205551e-22, 1.03104044582e-22, 1.6838940317e-22, 2.04609983187e-22, 4.27175021179e-22, 4.43254253103e-22, 5.07410884264e-22, 3.76809067036e-22, 8.60902762799e-22, 1.06249915849e-21, 1.18673649642e-21, 1.44953042397e-21, 2.08298537746e-21], "var": [1.73116487812e-09, 1.23150266518e-05, 9.46961881709e-06, 3.34629362442e-07, 8.19811248221e-05, 2.51934625339e-06, 3.40903670804e-06, 1.67685797692e-07, 7.44493604543e-07, 2.51430094522e-07, 5.53686675175e-07, 5.21588901847e-07, 4.49017306892e-06, 3.13085934067e-06, 4.12760937252e-06, 8.36444371544e-08, 4.79089464989e-07, 3.27999941874e-07, 2.10745355389e-07, 2.42823801955e-07, 6.3956420604e-08, 2.4734864823e-08, 1.34676652053e-08, 7.30765759016e-09, 1.61748892058e-09, 2.67943972565e-10, 2.90962618582e-11]}, "erbbands": {"dmean": [0.0164175126702, 0.240556314588, 0.859567523003, 0.883440792561, 2.77260136604, 20.0287475586, 8.51861667633, 4.11220502853, 9.26916885376, 3.2739367485, 3.82575631142, 5.57064294815, 5.714012146, 6.00172996521, 9.04764652252, 7.45773029327, 23.4974002838, 33.8858947754, 14.9109401703, 18.9813499451, 8.28573989868, 14.8515272141, 10.3217420578, 9.78391647339, 8.88286972046, 9.87179946899, 5.28450250626, 3.00748276711, 2.21346879005, 2.14981222153, 1.03738331795, 0.659301400185, 0.597850859165, 0.28051123023, 0.0893318802118, 0.0332978330553, 0.0136200180277, 0.00171195075382, 0.000225605996093, 2.70622167591e-05], "dmean2": [0.0274908952415, 0.423444986343, 1.49381113052, 1.62785291672, 4.47657871246, 32.6857223511, 13.8734493256, 6.41702461243, 14.5023822784, 5.02850914001, 6.32866191864, 9.25259399414, 9.03240776062, 8.90698432922, 12.4457025528, 10.5592002869, 34.8705444336, 49.519153595, 21.5157737732, 30.0831794739, 12.4768667221, 23.284620285, 15.3811073303, 14.1066951752, 12.9116630554, 14.9931001663, 8.07853603363, 4.40646743774, 3.22847247124, 3.13089561462, 1.51967859268, 0.971392035484, 0.907067835331, 0.421178251505, 0.134772732854, 0.051675889641, 0.0225631333888, 0.00278982706368, 0.000375322444597, 4.41381889686e-05], "dvar": [0.00423430325463, 0.954512119293, 15.6700429916, 14.8094921112, 38.4446640015, 1770.48742676, 356.740722656, 97.0808944702, 534.672363281, 41.5828552246, 113.65712738, 250.655090332, 300.966796875, 275.140686035, 416.621826172, 305.177703857, 3276.26123047, 6976.46191406, 3204.33276367, 3625.16333008, 266.882843018, 1895.4588623, 682.321533203, 507.079559326, 530.50579834, 784.295532227, 165.290725708, 47.8542175293, 29.1742248535, 30.6329078674, 5.92400026321, 2.33299660683, 1.82616889477, 0.328865349293, 0.0350717790425, 0.00624800752848, 0.00220602448098, 2.60697925114e-05, 1.3759876083e-06, 1.65733542445e-08], "dvar2": [0.0103309648111, 2.57334208488, 43.3797874451, 43.6956634521, 86.6476135254, 4372.10302734, 896.618469238, 216.412445068, 1402.2364502, 100.788787842, 304.751281738, 666.355285645, 750.670715332, 599.350585938, 921.732543945, 693.028869629, 7910.06201172, 16270.4580078, 6654.48583984, 9413.97851562, 606.05279541, 4721.95751953, 1580.56738281, 1093.64343262, 1247.54846191, 1853.90112305, 404.09677124, 104.846878052, 64.8971481323, 70.9083938599, 13.8279790878, 5.48707914352, 4.00568723679, 0.713673770428, 0.0723112747073, 0.0148824295029, 0.00577610079199, 6.67470594635e-05, 3.6367548546e-06, 4.36400249271e-08], "max": [0.577552199364, 7.7658457756, 34.3680381775, 34.0510787964, 71.4314727783, 417.308258057, 228.199508667, 154.50302124, 336.941680908, 79.6390228271, 166.502349854, 150.610046387, 224.712051392, 244.013839722, 247.069747925, 284.528015137, 1116.87731934, 1007.16162109, 1129.30285645, 1135.27648926, 171.005645752, 608.036560059, 302.425598145, 226.173660278, 544.943237305, 413.36126709, 153.39906311, 87.2838134766, 75.085144043, 83.5249328613, 28.4592151642, 24.0819530487, 21.2729740143, 6.37416887283, 1.57927632332, 0.829290032387, 0.651313662529, 0.0665331631899, 0.0360058173537, 0.00366730964743], "mean": [0.0160937067121, 0.21352955699, 0.653062343597, 0.717313349247, 3.84845042229, 32.9300460815, 16.6495895386, 9.61860179901, 18.7628440857, 6.41849040985, 4.53006219864, 6.3276386261, 7.68581914902, 9.36995220184, 14.5331888199, 10.5969352722, 36.4013633728, 49.3030815125, 22.0715656281, 33.1596488953, 11.9478778839, 15.8438577652, 11.2561769485, 11.295167923, 10.086892128, 10.1690092087, 5.18164014816, 3.18893861771, 2.26716947556, 2.12737226486, 1.03450107574, 0.635835409164, 0.566452383995, 0.265037715435, 0.0847897231579, 0.0291517768055, 0.0109427729622, 0.00147650588769, 0.000195661996258, 3.26432273141e-05], "median": [3.92232032027e-05, 0.00075043173274, 0.0118067804724, 0.0706575363874, 1.75989305973, 12.8429431915, 9.22442054749, 5.10170507431, 5.66750812531, 3.54734897614, 1.61168146133, 1.45293700695, 1.5623742342, 2.16766428947, 3.99839425087, 3.58770418167, 7.30498695374, 9.60355472565, 4.29642486572, 4.04894399643, 4.88147974014, 3.28941130638, 1.89585638046, 1.8004912138, 1.3354691267, 0.903537154198, 0.473906725645, 0.273507028818, 0.17263944447, 0.173448652029, 0.0928168743849, 0.0502389296889, 0.0301969386637, 0.013460743241, 0.00474243797362, 0.00189080229029, 0.000739627692383, 0.000211099904845, 3.95665701944e-05, 1.47701866808e-05], "min": [2.64345471804e-22, 1.13268016261e-21, 6.97397751589e-21, 5.21660419331e-20, 1.28008332368e-19, 1.13477870932e-19, 4.86977977017e-19, 4.52855846171e-19, 8.41325762919e-19, 1.10165981931e-18, 1.51192413574e-18, 2.58688039354e-18, 2.16142624932e-18, 1.38034792783e-18, 3.54990308782e-18, 2.48656344436e-18, 3.82342028353e-18, 1.05628482681e-17, 6.47177922173e-18, 1.15857025905e-17, 5.9356210146e-18, 9.52404590355e-18, 7.46509409723e-18, 2.56080244939e-17, 2.01591244099e-17, 1.97517181059e-17, 1.77115581888e-17, 1.95442562452e-17, 1.42698002806e-17, 1.96695112423e-17, 2.37861112183e-17, 2.12350382327e-17, 1.99547446242e-17, 1.26030330007e-17, 8.57880428371e-18, 6.30142220176e-18, 2.64580977435e-18, 9.25534558735e-19, 3.0132537939e-19, 3.25203763691e-20], "var": [0.00450237141922, 0.855591535568, 11.2057886124, 9.73503303528, 46.2652359009, 2536.22509766, 482.65246582, 173.718887329, 964.829467773, 76.0955581665, 91.130645752, 230.953674316, 392.516235352, 472.056091309, 712.551330566, 415.015777588, 6849.20996094, 10862.5019531, 5388.62792969, 10988.5166016, 364.589477539, 1736.96020508, 764.510803223, 641.776916504, 588.227050781, 819.429870605, 171.447158813, 56.9492301941, 34.3758354187, 32.4570388794, 6.19779920578, 2.3989739418, 2.13709259033, 0.38916015625, 0.0411618947983, 0.00588331045583, 0.0016188940499, 2.0330056941e-05, 9.78584125733e-07, 1.20524816793e-08]}, "gfcc": {"mean": [-97.0848693848, 80.3738174438, -146.459533691, -1.4690207243, -63.5196151733, -13.6077699661, -58.6911621094, -21.6678295135, -35.3970146179, -4.70573425293, -10.5894403458, 0.0641830638051, -7.48158693314], "cov": [[13790.2978516, 606.681396484, -169.056930542, 2619.42163086, -576.133361816, -798.431518555, -1355.1784668, -403.800598145, -360.254669189, 15.9899625778, 69.2265548706, -130.090393066, -95.8999786377], [606.681396484, 1723.07849121, 217.938201904, 100.453712463, 489.677032471, -222.892623901, -110.736595154, -226.053741455, 142.675308228, 2.23982548714, 119.733604431, -50.0159263611, 50.2297210693], [-169.056930542, 217.938201904, 968.40411377, 636.01373291, 188.723587036, 51.1483802795, -76.6340637207, 18.6200008392, -80.9262161255, -32.4082679749, -18.1973419189, 53.1729507446, 24.0745201111], [2619.42163086, 100.453712463, 636.01373291, 1607.91113281, 35.4738273621, -145.34967041, -339.265258789, -60.0605621338, -91.5091400146, -3.01968979836, 19.261095047, -5.49190235138, 15.4708919525], [-576.133361816, 489.677032471, 188.723587036, 35.4738273621, 487.128082275, 78.2935714722, -0.199005141854, -28.3175506592, 130.486160278, 65.6504974365, 24.5247116089, -38.0675315857, 36.1236114502], [-798.431518555, -222.892623901, 51.1483802795, -145.34967041, 78.2935714722, 456.744384766, 356.249969482, 226.304870605, 95.9191818237, 44.158870697, 7.86223888397, 14.23878479, 9.64513587952], [-1355.1784668, -110.736595154, -76.6340637207, -339.265258789, -0.199005141854, 356.249969482, 588.11138916, 287.217193604, 101.712356567, -14.1302080154, 20.6646785736, 45.2076683044, 1.53023481369], [-403.800598145, -226.053741455, 18.6200008392, -60.0605621338, -28.3175506592, 226.304870605, 287.217193604, 320.961914062, 110.383415222, 31.1428413391, 7.62389373779, 49.1702690125, 5.56818008423], [-360.254669189, 142.675308228, -80.9262161255, -91.5091400146, 130.486160278, 95.9191818237, 101.712356567, 110.383415222, 226.846176147, 90.7045898438, 24.7753620148, -8.14071559906, 28.8239364624], [15.9899625778, 2.23982548714, -32.4082679749, -3.01968979836, 65.6504974365, 44.158870697, -14.1302080154, 31.1428413391, 90.7045898438, 136.048248291, 60.3699798584, -14.1017332077, -11.3060150146], [69.2265548706, 119.733604431, -18.1973419189, 19.261095047, 24.5247116089, 7.86223888397, 20.6646785736, 7.62389373779, 24.7753620148, 60.3699798584, 118.932670593, 24.3724403381, -19.2958965302], [-130.090393066, -50.0159263611, 53.1729507446, -5.49190235138, -38.0675315857, 14.23878479, 45.2076683044, 49.1702690125, -8.14071559906, -14.1017332077, 24.3724403381, 80.3107528687, 14.4052600861], [-95.8999786377, 50.2297210693, 24.0745201111, 15.4708919525, 36.1236114502, 9.64513587952, 1.53023481369, 5.56818008423, 28.8239364624, -11.3060150146, -19.2958965302, 14.4052600861, 71.3524169922]], "icov": [[0.000240761801251, -0.000400511024054, 0.000484766089357, -0.000460337672848, 0.000407922227168, -0.000399016658776, 0.000663775892463, -0.000514531158842, 0.000560709857382, -0.000352840143023, 0.000418996904045, -0.000189667465747, 0.000284309848212], [-0.000400511024054, 0.00219992711209, -0.00131457380485, 0.000866825634148, -0.00171927455813, 0.00181304838043, -0.00168070418295, 0.00180313817691, -0.00250895880163, 0.00256128190085, -0.00322457565926, 0.00173025217373, -0.00111268030014], [0.000484766089357, -0.00131457380485, 0.0031631719321, -0.00170256150886, -6.04409651714e-05, -0.0015852751676, 0.00166983378585, -0.00168398628011, 0.00289291702211, -0.00154908490367, 0.00269521703012, -0.00289816060103, 0.00111922249198], [-0.000460337672848, 0.000866825634148, -0.00170256150886, 0.00195634434931, -0.000560780928936, 0.000880494131707, -0.000550768803805, 0.00043869856745, -0.00119667209219, 0.00122668396216, -0.00192491908092, 0.00154878711328, -0.00109164963942], [0.000407922227168, -0.00171927455813, -6.04409651714e-05, -0.000560780928936, 0.00509056542069, -0.00209803553298, 0.00152038375381, -1.07271489469e-05, -0.000610217568465, -0.00170851242729, 0.00116723903921, 0.000866574468091, -0.000308317568852], [-0.000399016658776, 0.00181304838043, -0.0015852751676, 0.000880494131707, -0.00209803553298, 0.0068939444609, -0.00446291733533, 8.10386627563e-05, -0.000999946147203, -0.000617716053966, -0.00150174123701, 0.00241375411861, -0.00183634913992], [0.000663775892463, -0.00168070418295, 0.00166983378585, -0.000550768803805, 0.00152038375381, -0.00446291733533, 0.00777125870809, -0.00479568680748, 0.00120386248454, 0.00245466525666, -0.000531623023562, -0.000605451408774, 0.00155354070012], [-0.000514531158842, 0.00180313817691, -0.00168398628011, 0.00043869856745, -1.07271489469e-05, 8.10386627563e-05, -0.00479568680748, 0.0105399461463, -0.00567206414416, 0.000161780932103, 0.00016378822329, -0.00307265296578, 0.000768560508732], [0.000560709857382, -0.00250895880163, 0.00289291702211, -0.00119667209219, -0.000610217568465, -0.000999946147203, 0.00120386248454, -0.00567206414416, 0.0138091584668, -0.00888933800161, 0.00455206632614, -0.000992287416011, -0.00289147626609], [-0.000352840143023, 0.00256128190085, -0.00154908490367, 0.00122668396216, -0.00170851242729, -0.000617716053966, 0.00245466525666, 0.000161780932103, -0.00888933800161, 0.0204556882381, -0.0124924071133, 0.00624446943402, 0.00105584249832], [0.000418996904045, -0.00322457565926, 0.00269521703012, -0.00192491908092, 0.00116723903921, -0.00150174123701, -0.000531623023562, 0.00016378822329, 0.00455206632614, -0.0124924071133, 0.0207736250013, -0.0113473078236, 0.00604219827801], [-0.000189667465747, 0.00173025217373, -0.00289816060103, 0.00154878711328, 0.000866574468091, 0.00241375411861, -0.000605451408774, -0.00307265296578, -0.000992287416011, 0.00624446943402, -0.0113473078236, 0.0232759527862, -0.00772067252547], [0.000284309848212, -0.00111268030014, 0.00111922249198, -0.00109164963942, -0.000308317568852, -0.00183634913992, 0.00155354070012, 0.000768560508732, -0.00289147626609, 0.00105584249832, 0.00604219827801, -0.00772067252547, 0.0198785215616]]}, "melbands": {"dmean": [0.000201904520509, 0.000405432074331, 0.000142949967994, 0.000832908495795, 0.000457457266748, 9.24055275391e-05, 0.000129341206048, 3.43796164088e-05, 2.94344899885e-05, 3.89071683458e-05, 2.82182718365e-05, 2.35217121372e-05, 3.05435860355e-05, 3.15783181577e-05, 2.51815436059e-05, 7.40497780498e-05, 5.92717224208e-05, 2.57130668615e-05, 2.81580523733e-05, 1.49923671415e-05, 9.26485608943e-06, 1.4434559489e-05, 1.20523254736e-05, 1.14421436592e-05, 7.46195019019e-06, 8.04034334578e-06, 5.96361269345e-06, 6.19877982899e-06, 3.52154984284e-06, 2.33681271311e-06, 1.58106604431e-06, 1.31295098527e-06, 1.10084556582e-06, 1.22153971915e-06, 6.13730264831e-07, 4.12141986317e-07, 4.24855244319e-07, 4.53574841686e-07, 3.54550792281e-07, 2.13515434666e-07], "dmean2": [0.000346750719473, 0.000715174071956, 0.000260154687567, 0.00134941854049, 0.000742956530303, 0.000145578174852, 0.000201151269721, 5.40041000932e-05, 4.92948311148e-05, 6.33692543488e-05, 4.44167017122e-05, 3.51400922227e-05, 4.23795718234e-05, 4.43000171799e-05, 3.82765865652e-05, 0.00010850779654, 8.77215716173e-05, 3.71708483726e-05, 4.55263216281e-05, 2.28073859034e-05, 1.41203736348e-05, 2.25938783842e-05, 1.87894383998e-05, 1.75059449248e-05, 1.09257543954e-05, 1.20228696687e-05, 8.81668347574e-06, 9.55984341999e-06, 5.60961461815e-06, 3.50536515725e-06, 2.37983681473e-06, 1.96485734705e-06, 1.60764682278e-06, 1.82368899004e-06, 9.09318316644e-07, 6.07828837929e-07, 6.46616911126e-07, 6.95749974966e-07, 5.46276055502e-07, 3.24076751212e-07], "dvar": [5.87187571455e-07, 3.27229122377e-06, 3.38288742796e-07, 3.04429818243e-06, 9.97481379272e-07, 4.66379042052e-08, 1.01689686005e-07, 4.98745045263e-09, 6.9980941042e-09, 1.15667457834e-08, 7.52992335151e-09, 4.29960600457e-09, 6.56290577439e-09, 7.2405290652e-09, 5.48138068268e-09, 2.83127938872e-08, 2.37573587469e-08, 1.24800205725e-08, 9.38853617072e-09, 1.46953116342e-09, 3.49119066989e-10, 1.86472970398e-09, 1.09404518778e-09, 1.07977404795e-09, 3.00396069131e-10, 4.09553363445e-10, 2.47590670188e-10, 3.08409325855e-10, 8.38568658956e-11, 2.79964419703e-11, 1.46080023078e-11, 1.12870650326e-11, 6.90009941545e-12, 1.16018080559e-11, 2.24613643657e-12, 8.04736539992e-13, 1.23824409927e-12, 1.26934324596e-12, 5.4931124753e-13, 2.23866078127e-13], "dvar2": [1.51570884555e-06, 8.99428960111e-06, 9.83576114777e-07, 7.3685478128e-06, 2.47703565037e-06, 1.02785662648e-07, 2.64772012315e-07, 1.24037029536e-08, 1.87566069343e-08, 3.01104776668e-08, 1.84862845032e-08, 9.27271148754e-09, 1.47793972616e-08, 1.6061624919e-08, 1.34779822858e-08, 6.63693384695e-08, 5.73889806788e-08, 2.67242459273e-08, 2.48859794993e-08, 3.44997497237e-09, 7.92793941606e-10, 4.616171001e-09, 2.718755443e-09, 2.49563880672e-09, 6.68053112829e-10, 9.80649006443e-10, 5.7181009927e-10, 7.33870852976e-10, 2.10815725987e-10, 6.31446214761e-11, 3.36073703588e-11, 2.6118475438e-11, 1.48538976258e-11, 2.80824287435e-11, 5.40157588796e-12, 1.86944210112e-12, 3.0780881316e-12, 2.84195800573e-12, 1.22441141427e-12, 5.19973549894e-13], "max": [0.00563993165269, 0.0156160620973, 0.00536120822653, 0.015589851886, 0.0107499929145, 0.00331086246297, 0.00465371180326, 0.000965006649494, 0.00114004442003, 0.000922172854189, 0.00113225413952, 0.00090071267914, 0.00111107842531, 0.00151350384112, 0.00168913428206, 0.0020867974963, 0.00199518189766, 0.00207100738771, 0.00144716235809, 0.00073162431363, 0.00018885708414, 0.000630380935036, 0.000407759100199, 0.000415527494624, 0.000181638431968, 0.000473516760394, 0.000197766494239, 0.000253430102021, 0.000124775368022, 5.05294592585e-05, 5.58541651117e-05, 4.50338920928e-05, 3.31301962433e-05, 5.54466205358e-05, 1.92605966731e-05, 7.98976179794e-06, 1.95103712031e-05, 1.74026881723e-05, 1.10443252197e-05, 5.58518377147e-06], "mean": [0.000188697886188, 0.000338103593094, 0.000124299476738, 0.00129579368513, 0.000863537658006, 0.000215826119529, 0.00026600115234, 5.82382454013e-05, 3.39009347954e-05, 4.59039038105e-05, 3.81927893613e-05, 3.61943166354e-05, 5.02087568748e-05, 4.17900300818e-05, 3.6227855162e-05, 0.00011219910084, 8.29393102322e-05, 3.28628120769e-05, 4.91899954795e-05, 2.3337721359e-05, 1.25344695334e-05, 1.56583791977e-05, 1.20018503367e-05, 1.2231396795e-05, 8.36394974613e-06, 9.23366587813e-06, 6.22876314083e-06, 6.26692008154e-06, 3.30681154992e-06, 2.42867236011e-06, 1.61483580996e-06, 1.29820148231e-06, 1.15619491226e-06, 1.16663466088e-06, 6.11128598393e-07, 3.96473581077e-07, 3.90584972365e-07, 4.1926213612e-07, 3.30673117332e-07, 1.9391993078e-07], "median": [3.25625848063e-07, 3.62822311217e-06, 1.15415823529e-05, 0.000574000994675, 0.000481114926515, 0.00010680489504, 8.43579837237e-05, 3.01995951304e-05, 1.06933466668e-05, 9.62837202678e-06, 7.26862890588e-06, 7.37316076993e-06, 1.19534397527e-05, 8.91457329999e-06, 5.37520691068e-06, 2.10210364457e-05, 1.47726723299e-05, 4.36311347585e-06, 4.43332783107e-06, 5.21504671269e-06, 4.20129663325e-06, 2.79963228422e-06, 2.07276707442e-06, 1.41629391237e-06, 1.34812546548e-06, 1.15855016247e-06, 5.78268327445e-07, 5.23281926235e-07, 2.97970615293e-07, 2.13703856389e-07, 1.35687969305e-07, 9.1177646766e-08, 9.16089888392e-08, 8.91629383659e-08, 5.53074208653e-08, 3.30049445552e-08, 2.73899356529e-08, 2.18853646317e-08, 1.50479397831e-08, 9.79532810419e-09], "min": [2.22878883147e-24, 2.65092881224e-24, 1.14380886953e-23, 8.39425863727e-24, 1.35048632462e-23, 1.05501934031e-23, 1.32401909461e-23, 1.25908424586e-23, 1.18019239665e-23, 1.66842945495e-23, 1.02445871107e-23, 5.34480202887e-24, 1.02871485231e-23, 1.01220675458e-23, 4.26494335192e-24, 1.193528958e-23, 2.14726518452e-23, 8.29738178494e-24, 1.85479768603e-23, 9.67973430359e-24, 6.77441007676e-24, 9.37661213418e-24, 7.06261961962e-24, 9.10545224206e-24, 2.32232698779e-23, 1.32574811995e-23, 1.83215154048e-23, 1.13895958377e-23, 1.03539192879e-23, 1.16745371298e-23, 1.06933953233e-23, 6.6810894094e-24, 8.33434228493e-24, 1.32538051076e-23, 1.41970098044e-23, 1.34153117562e-23, 1.20300475519e-23, 1.48880346024e-23, 9.7246749205e-24, 1.13127173982e-23], "var": [6.05424588684e-07, 2.55415898209e-06, 2.32605188444e-07, 3.9693936742e-06, 1.39264386689e-06, 8.85443824927e-08, 1.90497985386e-07, 6.95562540898e-09, 5.55225954102e-09, 1.24313856986e-08, 1.00804173897e-08, 7.73872610438e-09, 1.12808509201e-08, 9.81688064172e-09, 1.03853556865e-08, 5.43627969307e-08, 3.2866768862e-08, 1.78852452848e-08, 2.81230327914e-08, 3.75049413748e-09, 4.69556116212e-10, 1.76180270373e-09, 9.81116188292e-10, 1.20257237501e-09, 3.54881957154e-10, 4.66517990905e-10, 2.72372874255e-10, 3.14861525741e-10, 8.10771727533e-11, 3.25098385712e-11, 1.59211532846e-11, 1.23870757401e-11, 8.46320236114e-12, 1.10357643163e-11, 2.22552336802e-12, 8.51893642434e-13, 1.12297476006e-12, 1.36518509171e-12, 6.66775499831e-13, 2.31219476074e-13]}, "mfcc": {"mean": [-735.607299805, 119.766906738, -31.3904666901, 3.25009965897, -6.87383413315, -7.31010818481, -16.8711166382, -21.0712776184, -26.2439689636, -16.4670143127, -13.6460552216, -10.7635536194, -7.60750675201], "cov": [[11842.4570312, -634.948181152, 321.334869385, 1957.11743164, 450.223083496, -30.7582950592, -313.32522583, -287.11529541, -414.604522705, -166.465835571, 30.6217670441, 109.679428101, -66.2889328003], [-634.948181152, 1934.89404297, -243.241714478, -65.7873306274, 257.067352295, 79.5654678345, -74.4339294434, -110.234832764, -58.9902381897, 44.8929443359, 9.17387866974, -23.77759552, 33.267375946], [321.334869385, -243.241714478, 695.855834961, 478.454803467, 223.690307617, 108.164779663, 92.128616333, 110.000038147, 37.4954681396, -65.4857788086, 2.06215071678, 71.6097946167, 9.93099212646], [1957.11743164, -65.7873306274, 478.454803467, 1183.8314209, 486.298706055, 93.4303817749, -114.648155212, -87.7548065186, -144.887283325, -115.755271912, -28.3943576813, 29.2431163788, -42.464630127], [450.223083496, 257.067352295, 223.690307617, 486.298706055, 530.12298584, 152.204055786, -61.3987998962, -102.607879639, -28.6046695709, 14.0463647842, 13.8681926727, 24.0780162811, 0.221515506506], [-30.7582950592, 79.5654678345, 108.164779663, 93.4303817749, 152.204055786, 221.104248047, 89.7068862915, 42.617313385, 63.4479255676, 65.9883728027, 33.0938301086, 40.0325012207, 17.3176021576], [-313.32522583, -74.4339294434, 92.128616333, -114.648155212, -61.3987998962, 89.7068862915, 258.021942139, 196.831985474, 110.942138672, 51.2035179138, 51.3435821533, 67.4976730347, 41.6909217834], [-287.11529541, -110.234832764, 110.000038147, -87.7548065186, -102.607879639, 42.617313385, 196.831985474, 301.981567383, 183.673278809, 55.2178649902, 37.5749511719, 69.025932312, 57.8049049377], [-414.604522705, -58.9902381897, 37.4954681396, -144.887283325, -28.6046695709, 63.4479255676, 110.942138672, 183.673278809, 247.418426514, 146.041488647, 36.3218536377, 34.1287078857, 66.7763214111], [-166.465835571, 44.8929443359, -65.4857788086, -115.755271912, 14.0463647842, 65.9883728027, 51.2035179138, 55.2178649902, 146.041488647, 207.978164673, 80.2878723145, 33.3686981201, 69.8335723877], [30.6217670441, 9.17387866974, 2.06215071678, -28.3943576813, 13.8681926727, 33.0938301086, 51.3435821533, 37.5749511719, 36.3218536377, 80.2878723145, 133.868560791, 84.9850921631, 30.2655239105], [109.679428101, -23.77759552, 71.6097946167, 29.2431163788, 24.0780162811, 40.0325012207, 67.4976730347, 69.025932312, 34.1287078857, 33.3686981201, 84.9850921631, 160.493591309, 57.8984603882], [-66.2889328003, 33.267375946, 9.93099212646, -42.464630127, 0.221515506506, 17.3176021576, 41.6909217834, 57.8049049377, 66.7763214111, 69.8335723877, 30.2655239105, 57.8984603882, 119.419654846]], "icov": [[0.00013368827058, 3.79324847017e-05, 0.000113181042252, -0.000307718262775, 0.000118988995382, 1.16731207527e-05, 7.46670775698e-06, 3.10980758513e-05, 9.81603589025e-05, -9.19457888813e-05, -3.44563741237e-05, -9.30024398258e-05, -2.20631573029e-05], [3.79324847017e-05, 0.000674631388392, 0.000337901932653, 0.000134077636176, -0.000600338447839, -0.000186575547559, 0.000204315860174, -0.000404106307542, 0.000552337034605, -7.37323643989e-05, -1.25752794702e-05, 0.000146286038216, -0.000328327878378], [0.000113181042252, 0.000337901932653, 0.00299145560712, -0.00120863481425, -0.000528025149833, -0.000379462027922, -0.000858721497934, -0.000145058453199, -0.00128117075656, 0.0019192736363, -0.000318907812471, -0.000342326035025, -0.000442994904006], [-0.000307718262775, 0.000134077636176, -0.00120863481425, 0.00291557889432, -0.00202380353585, -0.000103146841866, 0.00138553767465, -0.00182779727038, 0.00205005099997, -0.000496446795296, 0.000571433571167, 1.2228214473e-05, 0.000342071929481], [0.000118988995382, -0.000600338447839, -0.000528025149833, -0.00202380353585, 0.00529878539965, -0.00226272339933, 0.000162640528288, 0.00292497710325, -0.00208320352249, 0.000357829383574, -0.000680410885252, -0.000272550823865, -0.000336552417139], [1.16731207527e-05, -0.000186575547559, -0.000379462027922, -0.000103146841866, -0.00226272339933, 0.00850399211049, -0.00382134737447, 0.00126905809157, -0.000758357578889, -0.00235658371821, 0.00121494941413, -0.00113273423631, 0.00158751674462], [7.46670775698e-06, 0.000204315860174, -0.000858721497934, 0.00138553767465, 0.000162640528288, -0.00382134737447, 0.0108879376203, -0.00736906053498, 0.00336076784879, -0.000932243594434, -0.00106104370207, -0.000241941568675, -0.000116850955237], [3.10980758513e-05, -0.000404106307542, -0.000145058453199, -0.00182779727038, 0.00292497710325, 0.00126905809157, -0.00736906053498, 0.0149745028466, -0.011402935721, 0.00546483276412, -0.00145220942795, -0.00128959317226, -0.00119945278857], [9.81603589025e-05, 0.000552337034605, -0.00128117075656, 0.00205005099997, -0.00208320352249, -0.000758357578889, 0.00336076784879, -0.011402935721, 0.0188653506339, -0.0118726016954, 0.00455270893872, 0.000113939859148, 0.000380983692594], [-9.19457888813e-05, -7.37323643989e-05, 0.0019192736363, -0.000496446795296, 0.000357829383574, -0.00235658371821, -0.000932243594434, 0.00546483276412, -0.0118726016954, 0.0177108086646, -0.00913491845131, 0.00350695452653, -0.00544847734272], [-3.44563741237e-05, -1.25752794702e-05, -0.000318907812471, 0.000571433571167, -0.000680410885252, 0.00121494941413, -0.00106104370207, -0.00145220942795, 0.00455270893872, -0.00913491845131, 0.0169658362865, -0.00846188049763, 0.00371144316159], [-9.30024398258e-05, 0.000146286038216, -0.000342326035025, 1.2228214473e-05, -0.000272550823865, -0.00113273423631, -0.000241941568675, -0.00128959317226, 0.000113939859148, 0.00350695452653, -0.00846188049763, 0.0131733389571, -0.0055428808555], [-2.20631573029e-05, -0.000328327878378, -0.000442994904006, 0.000342071929481, -0.000336552417139, 0.00158751674462, -0.000116850955237, -0.00119945278857, 0.000380983692594, -0.00544847734272, 0.00371144316159, -0.0055428808555, 0.0137231620029]]}, "spectral_contrast_coeffs": {"dmean": [0.0531163662672, 0.0443422570825, 0.0381119810045, 0.0356610640883, 0.0247457306832, 0.0204791128635], "dmean2": [0.0880675762892, 0.0694739371538, 0.0604813471437, 0.0539223104715, 0.0374018214643, 0.0290932711214], "dvar": [0.00227921735495, 0.00162283144891, 0.00125986686908, 0.00098437059205, 0.000505804317072, 0.000368228909792], "dvar2": [0.00551484245807, 0.00381764722988, 0.00290169427171, 0.00197426998056, 0.00107464997564, 0.000661852944177], "max": [-0.185108050704, -0.401272892952, -0.480757087469, -0.460328489542, -0.592833399773, -0.665350914001], "mean": [-0.481975883245, -0.699409246445, -0.750784575939, -0.730777680874, -0.790387034416, -0.784057199955], "median": [-0.459636062384, -0.698762655258, -0.756319105625, -0.739126801491, -0.793134212494, -0.788940548897], "min": [-0.973491072655, -0.969013631344, -0.967196524143, -0.959143161774, -0.962066352367, -0.960586249828], "var": [0.0170289352536, 0.0087489085272, 0.00576624739915, 0.00799071416259, 0.00300332764164, 0.00213906308636]}, "spectral_contrast_valleys": {"dmean": [0.546257197857, 0.4573379457, 0.443108975887, 0.41873896122, 0.48204895854, 0.54185116291], "dmean2": [0.860673904419, 0.67309731245, 0.644502699375, 0.582628667355, 0.573158562183, 0.611421585083], "dvar": [0.387776702642, 0.335801690817, 0.309091329575, 0.283962517977, 0.367374807596, 0.364907830954], "dvar2": [0.596303462982, 0.561988353729, 0.488312274218, 0.399976402521, 0.512494981289, 0.498492747545],