{"lowlevel": {"average_loudness": 0.823558688164, "barkbands_crest": {"dmean": 2.25696992874, "dmean2": 3.19779324532, "dvar": 4.97943592072, "dvar2": 9.93538761139, "max": 26.7304039001, "mean": 14.6523170471, "median": 14.1209106445, "min": 3.19101452827, "var": 28.8782920837}, "barkbands_flatness_db": {"dmean": 0.0296302102506, "dmean2": 0.0393719673157, "dvar": 0.00126852525864, "dvar2": 0.00234511913732, "max": 0.534759938717, "mean": 0.289811581373, "median": 0.303855419159, "min": 0.0307910386473, "var": 0.00828667171299}, "barkbands_kurtosis": {"dmean": 6.0138669014, "dmean2": 7.62839984894, "dvar": 207.737701416, "dvar2": 311.68838501, "max": 437.986358643, "mean": 10.8027515411, "median": 4.63242053986, "min": -1.89125144482, "var": 499.774780273}, "barkbands_skewness": {"dmean": 0.656984329224, "dmean2": 0.838923454285, "dvar": 0.714167833328, "dvar2": 1.06057965755, "max": 19.6330184937, "mean": 2.02189850807, "median": 1.70392429829, "min": -2.73858618736, "var": 3.22168207169}, "barkbands_spread": {"dmean": 2.54411053658, "dmean2": 3.48023414612, "dvar": 34.2613182068, "dvar2": 62.0653839111, "max": 105.735183716, "mean": 7.12474441528, "median": 4.29307460785, "min": 0.121947303414, "var": 107.379074097}, "dissonance": {"dmean": 0.0402364172041, "dmean2": 0.0649171322584, "dvar": 0.00124473613687, "dvar2": 0.00303972349502, "max": 0.500000059605, "mean": 0.379516154528, "median": 0.384737372398, "min": 0.166062965989, "var": 0.00368041568436}, "dynamic_complexity": 3.66695666313, "erbbands_crest": {"dmean": 2.53560757637, "dmean2": 3.44653844833, "dvar": 7.70535945892, "dvar2": 12.0834722519, "max": 33.5742149353, "mean": 13.7873296738, "median": 12.5212898254, "min": 2.36307573318, "var": 37.276889801}, "erbbands_flatness_db": {"dmean": 0.028314653784, "dmean2": 0.0361715741456, "dvar": 0.0013106064871, "dvar2": 0.00229427451268, "max": 0.523959338665, "mean": 0.303442209959, "median": 0.324656635523, "min": 0.0527144744992, "var": 0.00774354068562}, "erbbands_kurtosis": {"dmean": 2.55940270424, "dmean2": 3.19146299362, "dvar": 33.7507591248, "dvar2": 45.1986465454, "max": 225.213424683, "mean": 3.87471175194, "median": 1.21272039413, "min": -1.72432792187, "var": 89.4831771851}, "erbbands_skewness": {"dmean": 0.44677054882, "dmean2": 0.554039239883, "dvar": 0.276501297951, "dvar2": 0.372560113668, "max": 13.221745491, "mean": 1.2642519474, "median": 1.05268383026, "min": -2.56866788864, "var": 1.42422759533}, "erbbands_spread": {"dmean": 4.49959897995, "dmean2": 6.25096225739, "dvar": 79.4766311646, "dvar2": 145.092208862, "max": 137.761947632, "mean": 14.7105550766, "median": 10.8319139481, "min": 0.863819956779, "var": 218.252532959}, "hfc": {"dmean": 3.40698409081, "dmean2": 4.62986516953, "dvar": 57.3772544861, "dvar2": 132.446090698, "max": 142.709716797, "mean": 9.45005607605, "median": 6.96100711823, "min": 1.24353277563e-16, "var": 97.3660812378}, "melbands_crest": {"dmean": 2.60288262367, "dmean2": 3.75221967697, "dvar": 7.15375947952, "dvar2": 14.3257637024, "max": 33.1541175842, "mean": 17.0624160767, "median": 16.6019287109, "min": 1.68641650677, "var": 33.8028144836}, "melbands_flatness_db": {"dmean": 0.0330434367061, "dmean2": 0.0436686240137, "dvar": 0.00173754477873, "dvar2": 0.003283620812, "max": 0.648939192295, "mean": 0.396744012833, "median": 0.415966749191, "min": 0.00317875016481, "var": 0.0106000490487}, "melbands_kurtosis": {"dmean": 6.14384841919, "dmean2": 8.04008197784, "dvar": 245.082199097, "dvar2": 352.8934021, "max": 509.680969238, "mean": 12.4108781815, "median": 6.21775913239, "min": -1.61840736866, "var": 642.868164062}, "melbands_skewness": {"dmean": 0.575506329536, "dmean2": 0.776896715164, "dvar": 0.492226064205, "dvar2": 0.865756988525, "max": 16.6395816803, "mean": 2.10706233978, "median": 1.87081480026, "min": -2.15742588043, "var": 2.3488843441}, "melbands_spread": {"dmean": 2.04634666443, "dmean2": 2.88924527168, "dvar": 16.0898399353, "dvar2": 32.9500198364, "max": 175.06451416, "mean": 7.39256286621, "median": 5.58649253845, "min": 0.340030282736, "var": 65.342666626}, "pitch_salience": {"dmean": 0.0616861358285, "dmean2": 0.0906993299723, "dvar": 0.00431809294969, "dvar2": 0.00989402551204, "max": 0.899418413639, "mean": 0.474534541368, "median": 0.486305058002, "min": 0.0593413226306, "var": 0.0178007502109}, "silence_rate_20dB": {"dmean": 0, "dmean2": 0, "dvar": 0, "dvar2": 0, "max": 1, "mean": 1, "median": 1, "min": 1, "var": 0}, "silence_rate_30dB": {"dmean": 0.00645830947906, "dmean2": 0.0129181081429, "dvar": 0.00641681579873, "dvar2": 0.0159815829247, "max": 1, "mean": 0.99481087923, "median": 1, "min": 0, "var": 0.00516198575497}, "silence_rate_60dB": {"dmean": 0.0313689298928, "dmean2": 0.0627451017499, "dvar": 0.0303812753409, "dvar2": 0.0671160593629, "max": 1, "mean": 0.106895759702, "median": 0, "min": 0, "var": 0.0954606160522}, "spectral_centroid": {"dmean": 64.9282226562, "dmean2": 92.371925354, "dvar": 31688.8125, "dvar2": 50154.515625, "max": 10995.1660156, "mean": 496.577880859, "median": 420.378601074, "min": 176.842300415, "var": 74137.9375}, "spectral_complexity": {"dmean": 1.74535810947, "dmean2": 2.90565156937, "dvar": 10.3496141434, "dvar2": 27.3977031708, "max": 50, "mean": 9.38941383362, "median": 9, "min": 0, "var": 16.8354759216}, "spectral_decrease": {"dmean": 1.7178500844e-09, "dmean2": 2.28071161956e-09, "dvar": 8.03989446027e-18, "dvar2": 1.39450094675e-17, "max": 9.82870760738e-17, "mean": -5.48444756276e-09, "median": -4.17342604919e-09, "min": -4.66363161422e-08, "var": 2.70707378972e-17}, "spectral_energy": {"dmean": 0.00675600906834, "dmean2": 0.00897880271077, "dvar": 0.000125011734781, "dvar2": 0.00021927151829, "max": 0.183398470283, "mean": 0.0215566474944, "median": 0.0164163764566, "min": 1.08470043571e-20, "var": 0.000414101261413}, "spectral_energyband_high": {"dmean": 0.000115889124572, "dmean2": 0.000180707211257, "dvar": 3.05108699195e-07, "dvar2": 7.60583077408e-07, "max": 0.0122536784038, "mean": 0.000113252906885, "median": 8.04225010143e-07, "min": 8.12639762892e-21, "var": 2.7984327744e-07}, "spectral_energyband_low": {"dmean": 0.00105794414412, "dmean2": 0.00173741066828, "dvar": 1.12347524919e-05, "dvar2": 2.99025668937e-05, "max": 0.0467367097735, "mean": 0.00153103063349, "median": 7.02883626218e-05, "min": 5.99442653885e-23, "var": 1.54933295562e-05}, "spectral_energyband_middle_high": {"dmean": 0.000511690333951, "dmean2": 0.000746153178625, "dvar": 2.43813974521e-06, "dvar2": 5.58543160878e-06, "max": 0.0497744344175, "mean": 0.00137319497298, "median": 0.000727419392206, "min": 1.4632140431e-21, "var": 5.06787409904e-06}, "spectral_energyband_middle_low": {"dmean": 0.00589513545856, "dmean2": 0.00756169157103, "dvar": 0.000106881147076, "dvar2": 0.000169198698131, "max": 0.17927518487, "mean": 0.0188078079373, "median": 0.0140640037134, "min": 3.34445646082e-22, "var": 0.000364686333342}, "spectral_entropy": {"dmean": 0.277844816446, "dmean2": 0.368623077869, "dvar": 0.135320499539, "dvar2": 0.251220434904, "max": 9.82234573364, "mean": 5.9471154213, "median": 5.76514673233, "min": 3.85755443573, "var": 0.699095189571}, "spectral_flux": {"dmean": 0.0206119660288, "dmean2": 0.0327505245805, "dvar": 0.000870897958521, "dvar2": 0.00195200496819, "max": 0.274593293667, "mean": 0.0462984107435, "median": 0.0339855030179, "min": 1.0414895335e-10, "var": 0.00139385985676}, "spectral_kurtosis": {"dmean": 18.0995330811, "dmean2": 28.1376152039, "dvar": 388.551727295, "dvar2": 843.783325195, "max": 259.590057373, "mean": 65.0760269165, "median": 63.5178527832, "min": -1.22640490532, "var": 2194.54394531}, "spectral_rms": {"dmean": 0.000654102826957, "dmean2": 0.000857330218423, "dvar": 7.53310132495e-07, "dvar2": 1.39459564252e-06, "max": 0.0133762974292, "mean": 0.00411928677931, "median": 0.00400199647993, "min": 3.2530668697e-12, "var": 4.06225990446e-06}, "spectral_rolloff": {"dmean": 226.982849121, "dmean2": 378.095367432, "dvar": 1007079.875, "dvar2": 2166251.75, "max": 19702.8808594, "mean": 802.122314453, "median": 602.9296875, "min": 86.1328125, "var": 2245318.75}, "spectral_skewness": {"dmean": 1.08570754528, "dmean2": 1.67803061008, "dvar": 1.22023618221, "dvar2": 2.68182277679, "max": 13.1450204849, "mean": 5.91667509079, "median": 6.13516998291, "min": 0.00869902782142, "var": 6.80545139313}, "spectral_spread": {"dmean": 743699.9375, "dmean2": 948179.5625, "dvar": 1400357650430.0, "dvar2": 1648962568190.0, "max": 41193412, "mean": 2579476, "median": 1372462.625, "min": 367706.34375, "var": 7448147525630.0}, "spectral_strongpeak": {"dmean": 0.379320114851, "dmean2": 0.566610813141, "dvar": 0.271520227194, "dvar2": 0.531217038631, "max": 8.31112003326, "mean": 1.05085968971, "median": 0.865516781807, "min": 0, "var": 0.736578762531}, "zerocrossingrate": {"dmean": 0.00692198239267, "dmean2": 0.0075411577709, "dvar": 0.000233011669479, "dvar2": 0.000232994905673, "max": 0.634765625, "mean": 0.0328450202942, "median": 0.021484375, "min": 0.00390625, "var": 0.00172603619285}, "barkbands": {"dmean": [4.75183551316e-05, 0.000832197431009, 0.000247283023782, 0.000104383019789, 0.00165961135644, 0.00421022437513, 0.00044555956265, 0.000320056424243, 0.0005167912459, 0.000254716142081, 0.000170726591023, 9.18683435884e-05, 8.70942676556e-05, 7.55671644583e-05, 2.96927919408e-05, 1.78909704118e-05, 1.41324799188e-05, 1.08244257717e-05, 1.04364253275e-05, 1.26643926706e-05, 1.36497938001e-05, 1.63748209161e-05, 1.83263036888e-05, 1.65867495525e-05, 2.13493949559e-05, 2.51026522164e-05, 3.56313512384e-06], "dmean2": [7.0286099799e-05, 0.00136949087027, 0.000448100763606, 0.000187257217476, 0.00233793538064, 0.0052288477309, 0.000605118344538, 0.000479191599879, 0.000693506211974, 0.000349356472725, 0.000227918368182, 0.000134410045575, 0.000137701572385, 0.000124161844724, 4.88790828967e-05, 3.09176721203e-05, 2.41810557782e-05, 1.86793586181e-05, 1.76848789124e-05, 2.12994164031e-05, 2.26336414926e-05, 2.65645085165e-05, 3.00996762235e-05, 2.78579300357e-05, 3.08036178467e-05, 3.60602316505e-05, 5.78134995521e-06], "dvar": [1.92760118978e-08, 6.63227001496e-06, 1.16191495181e-06, 1.10925959973e-07, 1.1606886801e-05, 8.70567600941e-05, 3.66005451724e-06, 6.89690580202e-07, 1.69682414253e-06, 1.48599019667e-06, 5.76225431814e-07, 6.30494980669e-08, 1.40361208878e-07, 7.76948638759e-08, 7.64898100414e-09, 3.86869736246e-09, 3.98708399629e-09, 3.04458169786e-09, 3.05181724336e-09, 4.12043421605e-09, 5.62335200627e-09, 6.96898538877e-09, 7.45616279829e-09, 6.58671250875e-09, 6.3012461915e-09, 2.13696083051e-08, 2.72050215688e-10], "dvar2": [4.30382698369e-08, 1.76188095793e-05, 3.2210568861e-06, 3.19006687732e-07, 2.13242747122e-05, 0.00012519795564, 4.80139669889e-06, 1.60721788234e-06, 3.38202198691e-06, 3.06506785819e-06, 1.20660502034e-06, 1.34688150411e-07, 3.63173228379e-07, 1.88193226336e-07, 2.04555359318e-08, 1.05949409246e-08, 1.03892867642e-08, 8.18719314566e-09, 7.96442645168e-09, 1.07998276988e-08, 1.45610909996e-08, 1.75557417492e-08, 1.9138092e-08, 1.72830656453e-08, 1.52049821622e-08, 4.94768741532e-08, 6.97547408723e-10], "max": [0.00308659882285, 0.0327127501369, 0.0228343009949, 0.00528137106448, 0.0717826634645, 0.177388906479, 0.0746351033449, 0.0276520848274, 0.0371654815972, 0.0695974603295, 0.0410841293633, 0.00902613066137, 0.0253005605191, 0.0175274461508, 0.00172327808104, 0.00105231802445, 0.00182487000711, 0.00088951329235, 0.000857823353726, 0.0011169364443, 0.00122881808784, 0.0015516935382, 0.00149940222036, 0.00117720139679, 0.00126924715005, 0.00619086157531, 0.000196742199478], "mean": [0.000119359647215, 0.00122226099484, 0.000167293081176, 0.000106435341877, 0.00432091904804, 0.0103940442204, 0.00112041714601, 0.000925215950701, 0.00146651116665, 0.000590026495047, 0.000439032417489, 0.000198975132662, 0.000160499446793, 0.000109061737021, 4.52293206763e-05, 2.22476173803e-05, 1.44760660987e-05, 8.92166463018e-06, 8.24009202915e-06, 9.54948700382e-06, 1.04173050204e-05, 1.38425466503e-05, 1.56128025992e-05, 1.45035292007e-05, 2.15630298044e-05, 2.86716167466e-05, 3.35130926032e-06], "median": [1.1265676676e-06, 2.56708717643e-05, 1.09762841021e-05, 2.9741329854e-05, 0.0016592585016, 0.00616846606135, 0.00017122112331, 0.000526200514287, 0.00069091108162, 0.000183995551197, 0.000198643741896, 9.07818466658e-05, 7.22519180272e-05, 3.54758012691e-05, 1.7222319002e-05, 7.3079181675e-06, 2.17549290937e-06, 5.7314514379e-07, 4.25923303737e-07, 2.83559359104e-07, 8.41779268512e-08, 2.66612882882e-08, 2.16739799441e-08, 4.38254268431e-08, 9.40928757132e-08, 1.57234865128e-07, 2.16984162194e-07], "min": [9.93772179632e-24, 1.38232711733e-23, 1.4445952218e-23, 2.58445884016e-23, 3.4337029456e-23, 5.39629326785e-23, 4.45602471137e-23, 5.25888348004e-23, 6.16241920178e-23, 8.90127547604e-23, 9.90576993198e-23, 1.00088166232e-22, 7.23185142527e-23, 8.67107134886e-23, 5.83766851739e-23, 1.37359742478e-22, 1.38270252046e-22, 1.80348610223e-22, 3.38862307897e-22, 3.334074294e-22, 3.85431405083e-22, 4.02383155034e-22, 5.9825767121e-22, 8.65764872278e-22, 1.19699406108e-21, 2.08402076686e-21, 2.67521074923e-21], "var": [1.24727122852e-07, 1.0423288586e-05, 7.40970563129e-07, 7.36001481982e-08, 4.76151326438e-05, 0.000236665960983, 1.89915626834e-05, 2.10062216865e-06, 5.6574735936e-06, 4.0243071453e-06, 1.19677656585e-06, 1.36872372991e-07, 1.77499245524e-07, 1.19713860158e-07, 9.02369379219e-09, 3.27378502085e-09, 3.38696271029e-09, 2.1512263082e-09, 2.26456964292e-09, 3.02254665741e-09, 4.23480939205e-09, 6.06588290708e-09, 6.37169961237e-09, 5.27144727869e-09, 6.73252298355e-09, 2.38830004662e-08, 2.17075690756e-10]}, "erbbands": {"dmean": [0.021530719474, 0.198142454028, 0.317496061325, 0.307653814554, 1.24063551426, 7.01460170746, 17.0095672607, 45.6401939392, 9.45449638367, 6.30963945389, 10.6485919952, 9.40768909454, 9.95887184143, 5.27697181702, 4.92867708206, 3.87958693504, 4.10148763657, 4.21655797958, 1.55114924908, 1.34413850307, 1.00233745575, 0.741323530674, 0.60680770874, 0.55423784256, 0.530130326748, 0.582314610481, 0.562404036522, 0.542266130447, 0.610934019089, 0.568146169186, 0.486532926559, 0.398797810078, 0.256095051765, 0.18596316874, 0.168185845017, 0.128216743469, 0.0445985794067, 0.00498191872612, 0.000636996119283, 3.72986614821e-05], "dmean2": [0.0340808182955, 0.32597014308, 0.552586734295, 0.548967659473, 2.02983832359, 10.3026151657, 22.5550327301, 55.1744308472, 12.8424386978, 8.40078163147, 14.5421619415, 13.0789642334, 13.5826377869, 7.30017757416, 6.86040973663, 5.71562147141, 6.26835441589, 6.93783760071, 2.55053377151, 2.25348353386, 1.71522724628, 1.27031850815, 1.04925143719, 0.946920514107, 0.899715125561, 0.975253224373, 0.934812963009, 0.895996332169, 0.983428418636, 0.939650893211, 0.795633256435, 0.675476253033, 0.424163609743, 0.284510403872, 0.237080797553, 0.17546710372, 0.0655268132687, 0.00781735032797, 0.00103263976052, 5.72297685721e-05], "dvar": [0.00352330110036, 0.422546058893, 1.76566231251, 1.0717805624, 6.91376829147, 244.275482178, 657.320800781, 14208.1181641, 457.143493652, 630.576477051, 618.99407959, 578.215515137, 2095.06982422, 230.04989624, 1248.79858398, 93.4194564819, 236.044250488, 251.537368774, 24.6203613281, 17.5222053528, 11.4124383926, 10.7244606018, 8.88031196594, 8.2528963089, 8.34862041473, 8.802318573, 9.14764595032, 8.80426597595, 9.81098079681, 7.18192148209, 5.94486284256, 3.83230209351, 1.49710941315, 0.698198676109, 0.366473734379, 0.479429841042, 0.0684388205409, 0.000528882548679, 8.93918422662e-06, 2.01065617489e-08], "dvar2": [0.00936651509255, 1.11082923412, 4.82367515564, 3.03155374527, 16.8170528412, 507.372894287, 1430.53735352, 19180.8457031, 753.6484375, 882.393737793, 1258.85083008, 1221.81713867, 4198.42773438, 432.595855713, 2626.91601562, 204.341339111, 605.167114258, 631.863708496, 65.4476089478, 47.3221359253, 30.8729572296, 28.6798038483, 23.9841747284, 21.6005859375, 21.9160823822, 22.9929599762, 23.7231483459, 22.8658695221, 24.3677959442, 18.4665851593, 15.1872062683, 10.166311264, 3.84615588188, 1.78225493431, 0.848055720329, 1.04642999172, 0.166405007243, 0.00133546232246, 2.29554825637e-05, 5.09436723917e-08], "max": [0.943474590778, 8.61286735535, 25.3586940765, 17.1396102905, 43.7594413757, 312.17175293, 440.421447754, 2236.76733398, 601.403320312, 919.576049805, 648.529296875, 572.683776855, 2612.93481445, 711.387145996, 2161.078125, 282.459533691, 991.072631836, 934.581665039, 194.707504272, 97.032119751, 50.1252670288, 59.6429176331, 49.2666130066, 49.9487800598, 47.1893539429, 47.5410995483, 49.075302124, 41.4637794495, 58.5249519348, 45.9513664246, 45.9772415161, 35.3223228455, 14.9872322083, 11.4035253525, 13.6252670288, 28.2256622314, 11.1951770782, 0.386665701866, 0.0407794453204, 0.00172119168565], "mean": [0.0443186126649, 0.233770474792, 0.251453071833, 0.306690424681, 2.70927858353, 18.9001789093, 61.9324760437, 84.7037658691, 19.6002693176, 19.9153842926, 31.9361133575, 25.4550323486, 23.2350482941, 13.9716119766, 10.80418396, 8.73882198334, 8.60005283356, 6.51321220398, 2.58453440666, 1.96129989624, 1.36327850819, 0.759666264057, 0.530529439449, 0.440800875425, 0.410726010799, 0.438836038113, 0.429095119238, 0.429785877466, 0.528923511505, 0.440405935049, 0.426287680864, 0.369389355183, 0.211610287428, 0.168447032571, 0.181872665882, 0.15212033689, 0.0485272407532, 0.00492676021531, 0.000595026416704, 5.61941851629e-05], "median": [0.000728977960534, 0.00534667307511, 0.0171045828611, 0.0924456417561, 0.980289936066, 6.78349876404, 37.5000991821, 35.5363845825, 6.66077375412, 6.60014295578, 16.9025268555, 12.9902420044, 7.76154708862, 5.91350126266, 4.75367689133, 4.2608795166, 4.2318277359, 2.36132907867, 1.18530702591, 0.601776719093, 0.482997357845, 0.151793643832, 0.0471714064479, 0.0249966494739, 0.0189373455942, 0.0129613764584, 0.00573235843331, 0.00262994784862, 0.00109616620466, 0.000695883645676, 0.0006183385849, 0.000726312631741, 0.000878127058968, 0.000901430321392, 0.000760587921832, 0.000543417409062, 0.000311172101647, 0.000127592327772, 4.27648847108e-05, 2.56571402133e-05], "min": [6.01225605749e-22, 2.62171785143e-21, 9.96648028859e-21, 7.9422909737e-20, 8.83352509247e-20, 1.03677551357e-19, 2.8140901574e-19, 4.31572850902e-19, 4.37353912805e-19, 9.77644248989e-19, 1.39510565713e-18, 1.40319920584e-18, 3.17483189434e-18, 2.51941967868e-18, 4.77960591647e-18, 3.78862038157e-18, 3.52789594763e-18, 4.8350017885e-18, 3.00038777496e-18, 4.85887670252e-18, 7.48369821639e-18, 7.47175207399e-18, 8.55421054974e-18, 1.29224032993e-17, 1.92855505456e-17, 1.73773590233e-17, 1.36533646086e-17, 1.69801865978e-17, 1.409069748e-17, 1.50580074514e-17, 1.7415260439e-17, 2.02830261395e-17, 1.321634193e-17, 1.08064711565e-17, 9.42139030799e-18, 5.81316354236e-18, 4.63756742476e-18, 1.57920648978e-18, 3.96928252101e-19, 3.51228772155e-20], "var": [0.0143589116633, 0.496105849743, 1.2733707428, 0.68819975853, 19.8186988831, 944.179443359, 4168.57373047, 33208.4140625, 1562.3112793, 3365.51342773, 2170.68334961, 1572.70727539, 5935.88427734, 737.00402832, 2045.26977539, 212.185760498, 335.99822998, 354.967285156, 28.8881645203, 21.1862411499, 10.2068738937, 8.2068605423, 6.2861905098, 6.08411836624, 6.10790872574, 6.51345777512, 6.85304689407, 6.76000404358, 8.90036869049, 5.60583591461, 5.19917631149, 3.31344604492, 1.17244434357, 0.578043758869, 0.446492344141, 0.598011255264, 0.0706299617887, 0.000456400041003, 7.09485311745e-06, 1.75165748573e-08]}, "gfcc": {"mean": [-140.711334229, 158.477462769, -90.9188461304, -63.6038742065, -53.5212745667, -14.4471282959, -48.1575508118, -10.0413684845, -26.6801929474, 3.54264593124, -9.73773574829, 2.41002392769, 2.76392769814], "cov": [[7156.6953125, -1404.45275879, 57.3746414185, 1398.10253906, -562.059875488, 526.394042969, 114.263366699, 165.327545166, 56.3766136169, 183.857345581, -144.67755127, 305.475769043, -135.906219482], [-1404.45275879, 2838.25976562, -449.700439453, -912.598510742, 748.432312012, -566.514160156, 9.1819524765, -186.054153442, 61.8549461365, -196.890029907, 210.251937866, -240.340209961, 305.041870117], [57.3746414185, -449.700439453, 789.419494629, 340.510742188, -130.293228149, 371.187438965, 82.8246994019, 120.464179993, 66.8503189087, 147.66494751, 0.586861491203, 121.52746582, -17.5724830627], [1398.10253906, -912.598510742, 340.510742188, 1004.76495361, -91.1796722412, 395.32913208, 252.19631958, 218.353485107, 115.226448059, 116.144172668, -18.3071994781, 158.795028687, -124.600028992], [-562.059875488, 748.432312012, -130.293228149, -91.1796722412, 430.44152832, -63.2634124756, 81.7548217773, 64.1521911621, 58.8492469788, -18.9933509827, 93.036277771, -40.7628135681, 69.0916061401], [526.394042969, -566.514160156, 371.187438965, 395.32913208, -63.2634124756, 494.616241455, 152.499725342, 149.558303833, 100.675300598, 128.996200562, -24.2286949158, 141.424240112, -79.5603637695], [114.263366699, 9.1819524765, 82.8246994019, 252.19631958, 81.7548217773, 152.499725342, 232.377548218, 120.729774475, 65.7957839966, 37.0890846252, 28.5791339874, 27.4891319275, -2.97427558899], [165.327545166, -186.054153442, 120.464179993, 218.353485107, 64.1521911621, 149.558303833, 120.729774475, 200.015457153, 80.6576385498, 61.8560638428, 6.37508153915, 61.0421676636, -21.9670581818], [56.3766136169, 61.8549461365, 66.8503189087, 115.226448059, 58.8492469788, 100.675300598, 65.7957839966, 80.6576385498, 137.713851929, 50.8609161377, 28.9239768982, 48.5452919006, 4.48389577866], [183.857345581, -196.890029907, 147.66494751, 116.144172668, -18.9933509827, 128.996200562, 37.0890846252, 61.8560638428, 50.8609161377, 122.423583984, 30.6211357117, 58.3478279114, -5.03469324112], [-144.67755127, 210.251937866, 0.586861491203, -18.3071994781, 93.036277771, -24.2286949158, 28.5791339874, 6.37508153915, 28.9239768982, 30.6211357117, 96.0499801636, 22.5172939301, 40.0524253845], [305.475769043, -240.340209961, 121.52746582, 158.795028687, -40.7628135681, 141.424240112, 27.4891319275, 61.0421676636, 48.5452919006, 58.3478279114, 22.5172939301, 131.716583252, 9.0463809967], [-135.906219482, 305.041870117, -17.5724830627, -124.600028992, 69.0916061401, -79.5603637695, -2.97427558899, -21.9670581818, 4.48389577866, -5.03469324112, 40.0524253845, 9.0463809967, 120.288192749]], "icov": [[0.000407795450883, -0.000675512827002, 0.000775453052483, -0.00117714121006, 0.00132201972883, -0.000820200308226, 0.00115738064051, -0.000855776714161, 0.0010165174026, -0.000866290298291, 0.000287383445539, -3.35299082508e-05, -0.00052908383077], [-0.000675512827002, 0.00329509587027, -0.00199464010075, 0.00323473429307, -0.00493705738336, 0.00251726573333, -0.00372094917111, 0.00377107341774, -0.00428083352745, 0.00314229144715, -0.00105013058055, 0.000709021755029, -0.000375214091036], [0.000775453052483, -0.00199464010075, 0.00417857710272, -0.00313902786002, 0.00432718964294, -0.00413524685428, 0.00398845411837, -0.00338358315639, 0.00320388865657, -0.00284706242383, -0.000581360131036, 0.00136380118784, -0.00259417574853], [-0.00117714121006, 0.00323473429307, -0.00313902786002, 0.0065159923397, -0.00536764925346, 0.00360781187192, -0.0068267211318, 0.00382241490297, -0.00474414927885, 0.00322213442996, -0.000187343364814, -0.00208114739507, 0.00328717404045], [0.00132201972883, -0.00493705738336, 0.00432718964294, -0.00536764925346, 0.0127175562084, -0.00578919192776, 0.00660869851708, -0.008783348836, 0.00556884612888, -0.00250172824599, -0.00388854881749, 0.00315598538145, -0.00274353241548], [-0.000820200308226, 0.00251726573333, -0.00413524685428, 0.00360781187192, -0.00578919192776, 0.0106421262026, -0.00800479389727, 0.00519930524752, -0.00470280088484, -0.00126843259204, 0.00533729977906, -0.00701213488355, 0.00581079022959], [0.00115738064051, -0.00372094917111, 0.00398845411837, -0.0068267211318, 0.00660869851708, -0.00800479389727, 0.016119543463, -0.00934214610606, 0.00499284965917, -0.00098881602753, -0.00449228892103, 0.00641562324017, -0.00535717047751], [-0.000855776714161, 0.00377107341774, -0.00338358315639, 0.00382241490297, -0.008783348836, 0.00519930524752, -0.00934214610606, 0.0163531694561, -0.0074240649119, -0.000174591128598, 0.00479259015992, -0.0047763902694, 0.0032072768081], [0.0010165174026, -0.00428083352745, 0.00320388865657, -0.00474414927885, 0.00556884612888, -0.00470280088484, 0.00499284965917, -0.0074240649119, 0.0170933827758, -0.00594046339393, -0.000132702363771, -0.00183236901648, -0.000687101797666], [-0.000866290298291, 0.00314229144715, -0.00284706242383, 0.00322213442996, -0.00250172824599, -0.00126843259204, -0.00098881602753, -0.000174591128598, -0.00594046339393, 0.0198843032122, -0.00969879794866, 0.00249446905218, -0.00138849194627], [0.000287383445539, -0.00105013058055, -0.000581360131036, -0.000187343364814, -0.00388854881749, 0.00533729977906, -0.00449228892103, 0.00479259015992, -0.000132702363771, -0.00969879794866, 0.0240402072668, -0.00991070084274, 0.00157625903375], [-3.35299082508e-05, 0.000709021755029, 0.00136380118784, -0.00208114739507, 0.00315598538145, -0.00701213488355, 0.00641562324017, -0.0047763902694, -0.00183236901648, 0.00249446905218, -0.00991070084274, 0.0214840658009, -0.00909977778792], [-0.00052908383077, -0.000375214091036, -0.00259417574853, 0.00328717404045, -0.00274353241548, 0.00581079022959, -0.00535717047751, 0.0032072768081, -0.000687101797666, -0.00138849194627, 0.00157625903375, -0.00909977778792, 0.0176925752312]]}, "melbands": {"dmean": [0.000216169792111, 0.000199929287191, 7.04436097294e-05, 0.000255432532867, 0.000556766870432, 0.000915161217563, 0.000132428889628, 6.58443605062e-05, 0.000107047395431, 5.60024636798e-05, 4.9405694881e-05, 1.97922181542e-05, 1.73115786311e-05, 9.39884921536e-06, 1.38099858304e-05, 7.55929067964e-06, 8.83905158844e-06, 2.53782127402e-06, 2.50893117482e-06, 1.35646746457e-06, 1.14536089768e-06, 8.28756185456e-07, 5.84130646075e-07, 5.1364617093e-07, 4.48135523357e-07, 3.83258054626e-07, 3.98752348474e-07, 3.87559566661e-07, 3.46535102835e-07, 3.4803372273e-07, 3.00778310702e-07, 3.4896046941e-07, 3.21958822269e-07, 3.13658915729e-07, 2.6538327802e-07, 3.10781103963e-07, 2.16613287307e-07, 1.81828823997e-07, 1.61434584811e-07, 1.58676698447e-07], "dmean2": [0.000349861977156, 0.000336362223607, 0.000122510071378, 0.00038795141154, 0.00074066297384, 0.00111623422708, 0.000178364338353, 8.92762545845e-05, 0.000142808057717, 7.89588521002e-05, 6.76324561937e-05, 2.77495000773e-05, 2.36725627474e-05, 1.38582381624e-05, 2.01736947929e-05, 1.21693592519e-05, 1.45002086356e-05, 4.21086315328e-06, 4.10554730479e-06, 2.34890217143e-06, 1.96224891624e-06, 1.41420639466e-06, 1.01907653516e-06, 8.90166063527e-07, 7.64301262279e-07, 6.49938158404e-07, 6.74508896736e-07, 6.51643460969e-07, 5.79355571517e-07, 5.78359902192e-07, 5.01024601363e-07, 5.65258005736e-07, 5.29012595507e-07, 5.25385644323e-07, 4.33543817735e-07, 5.23950347997e-07, 3.67499552567e-07, 3.03450292449e-07, 2.61403869217e-07, 2.42848415155e-07], "dvar": [3.96186521812e-07, 5.51625987555e-07, 3.89328711492e-08, 3.06143476791e-07, 7.32758905997e-07, 5.24394499735e-06, 1.24075896224e-07, 5.89977986465e-08, 6.58518573005e-08, 2.27659153751e-08, 5.27785779525e-08, 3.29100235952e-09, 8.85777851067e-09, 2.52153742331e-09, 1.33947986036e-09, 2.25859819736e-09, 1.08316045022e-09, 6.9885146281e-11, 5.27437434006e-11, 2.20010242663e-11, 1.58970944047e-11, 1.39876556518e-11, 7.78561503462e-12, 7.24123452173e-12, 5.40543608138e-12, 4.62716887376e-12, 4.56913630195e-12, 3.87687711795e-12, 3.32490588881e-12, 3.94607480372e-12, 2.71901685195e-12, 3.23308957731e-12, 2.806559889e-12, 2.14431684215e-12, 1.93135243041e-12, 2.34018338562e-12, 1.15759984064e-12, 7.94432878856e-13, 5.71030961231e-13, 4.97651128206e-13], "dvar2": [1.04505681975e-06, 1.48466870087e-06, 1.08753440031e-07, 6.86468524691e-07, 1.45839339893e-06, 7.16959584679e-06, 1.80167319286e-07, 9.08092303575e-08, 1.27913338588e-07, 4.93278093927e-08, 1.06464860039e-07, 6.33735242062e-09, 1.85413160381e-08, 5.12905806715e-09, 3.00421243438e-09, 5.84737414044e-09, 2.68434141582e-09, 1.76230391391e-10, 1.34170702326e-10, 6.06054165186e-11, 4.22751104956e-11, 3.66849571554e-11, 2.11779222631e-11, 1.95825682059e-11, 1.41473941936e-11, 1.22247611339e-11, 1.20932777681e-11, 1.01260553761e-11, 8.59577600071e-12, 1.04048662047e-11, 7.10191324152e-12, 8.14328379034e-12, 7.09166709731e-12, 5.56844067384e-12, 4.91684210707e-12, 6.19253606726e-12, 3.06178129725e-12, 2.05183352947e-12, 1.46973589982e-12, 1.27163373147e-12], "max": [0.00794804468751, 0.0110781397671, 0.00298032723367, 0.0093696732074, 0.0146228699014, 0.0432077012956, 0.0120908934623, 0.00817800592631, 0.00740662869066, 0.00381130375899, 0.0131027270108, 0.00263275788166, 0.00558017101139, 0.00299772666767, 0.000924196385313, 0.00341027555987, 0.00206246669404, 0.000343242718372, 0.000157282440341, 8.49548741826e-05, 8.8885142759e-05, 9.80307304417e-05, 4.39739342255e-05, 4.46878984803e-05, 4.20539508923e-05, 3.28322275891e-05, 3.92467263737e-05, 3.01213221974e-05, 2.74843841908e-05, 3.75350646209e-05, 2.37402873609e-05, 2.9887936762e-05, 3.93960362999e-05, 2.11287660932e-05, 2.51288474828e-05, 3.49855254171e-05, 1.43587030834e-05, 1.16294177133e-05, 1.02790463643e-05, 9.95050504571e-06], "mean": [0.000371182104573, 0.000196927780053, 8.96373749129e-05, 0.000660806603264, 0.00195111951325, 0.00185243424494, 0.00028236102662, 0.000203088478884, 0.000318454316584, 0.000145560348756, 0.000111568551802, 5.03880692122e-05, 4.13279376517e-05, 1.8580154574e-05, 3.13542004733e-05, 1.25033566292e-05, 1.2810575754e-05, 3.92523861592e-06, 3.70333600586e-06, 1.777895136e-06, 1.47458126776e-06, 8.37030825096e-07, 5.24161748672e-07, 4.15188623037e-07, 3.51965155687e-07, 2.9711679872e-07, 3.00468627756e-07, 2.90495705713e-07, 2.65522430709e-07, 2.58419191823e-07, 2.42213957335e-07, 3.08969134721e-07, 2.55916091874e-07, 2.40675973373e-07, 2.2418799972e-07, 2.97895780932e-07, 1.89702362263e-07, 1.44573803595e-07, 1.34346962e-07, 1.45117283523e-07], "median": [7.03056230122e-06, 8.85838380782e-06, 2.54080059676e-05, 0.000214873623918, 0.00126770394854, 0.00091553654056, 7.62326380936e-05, 6.5770582296e-05, 0.000152006119606, 7.43669879739e-05, 3.47706154571e-05, 2.02311748581e-05, 1.89683069038e-05, 7.86973032518e-06, 1.45892499859e-05, 4.39016730525e-06, 4.24905556429e-06, 1.57991314609e-06, 1.29068598653e-06, 4.78948550153e-07, 4.85359464619e-07, 1.3603687421e-07, 5.08084028183e-08, 2.76532503563e-08, 1.68254992161e-08, 1.27824772989e-08, 1.13694955672e-08, 7.20082660166e-09, 3.46740391954e-09, 2.10652117971e-09, 1.08229114559e-09, 5.69894131885e-10, 4.47449133301e-10, 3.3462016491e-10, 3.20188264791e-10, 3.88150955821e-10, 4.47084536059e-10, 5.58703805442e-10, 7.26382953786e-10, 7.69661334665e-10], "min": [5.84842581912e-24, 4.78331016363e-24, 1.23602860261e-23, 7.20967118097e-24, 7.83587922272e-24, 9.7888132564e-24, 7.66962126492e-24, 1.05713096318e-23, 1.11534921353e-23, 9.15047884481e-24, 1.57905451206e-23, 8.80568430922e-24, 1.46887225838e-23, 1.35998247442e-23, 6.69506408033e-24, 7.40890273575e-24, 9.32066454106e-24, 4.78331450236e-24, 4.03104136036e-24, 8.94631769823e-24, 8.76368456576e-24, 6.82814333732e-24, 7.81808488728e-24, 9.43301332232e-24, 1.00345868157e-23, 1.44923041071e-23, 1.30994423834e-23, 1.09705355699e-23, 7.56871491109e-24, 9.7496676117e-24, 9.5171989804e-24, 8.15127133466e-24, 6.94866866186e-24, 9.0788163536e-24, 8.52737891502e-24, 1.38717671863e-23, 1.18799383657e-23, 9.48609025061e-24, 8.74555338672e-24, 9.12866210762e-24], "var": [8.99223209672e-07, 4.86036356051e-07, 3.40479395788e-08, 1.24409370983e-06, 4.09752237829e-06, 1.2555394278e-05, 5.39929260412e-07, 3.03241677102e-07, 2.4627220796e-07, 5.42867546471e-08, 1.47309904719e-07, 1.01697956723e-08, 1.59886184292e-08, 4.29237623223e-09, 3.23263416036e-09, 2.68092437139e-09, 1.58087287705e-09, 9.50996295601e-11, 6.96240773368e-11, 2.2033302266e-11, 1.43605309935e-11, 1.14415265456e-11, 5.52738150389e-12, 5.00871696549e-12, 3.9854014186e-12, 3.35055073963e-12, 3.27924905112e-12, 2.86539433673e-12, 2.50496346756e-12, 2.85210050022e-12, 2.09471762852e-12, 2.9498666964e-12, 2.29073942974e-12, 1.62613607475e-12, 1.6258719631e-12, 2.20967428383e-12, 9.31163566392e-13, 6.07064854115e-13, 4.48690021769e-13, 4.16397249797e-13]}, "mfcc": {"mean": [-802.334472656, 221.897262573, 7.1784529686, -31.327703476, -8.91793060303, -8.95024299622, -16.7301254272, -17.7600002289, -12.563914299, -8.58302402496, -11.6577939987, -6.70460939407, -2.74623918533], "cov": [[5381.06835938, -1440.43774414, 118.027648926, 651.828796387, 2.87985539436, 103.55721283, 140.485931396, 217.928573608, 88.3060760498, 109.698348999, 99.5665130615, 79.7171096802, -3.08567523956], [-1440.43774414, 2761.60302734, -669.972351074, -349.339111328, 192.978210449, -194.401092529, -91.6441955566, -187.273834229, -57.3659553528, -34.347618103, -156.608718872, -111.711914062, 7.72168731689], [118.027648926, -669.972351074, 847.647155762, 104.735443115, -41.0931930542, 253.866363525, 77.7872619629, 95.024055481, 91.5855407715, 64.9692687988, 92.5532455444, 60.0971221924, 44.5440864563], [651.828796387, -349.339111328, 104.735443115, 464.750488281, 115.425849915, 47.0585021973, 163.824752808, 147.619537354, 82.3603973389, 83.423828125, 92.44165802, 83.7966156006, 36.6886863708], [2.87985539436, 192.978210449, -41.0931930542, 115.425849915, 214.958465576, 60.8061485291, 54.1064872742, 82.9500961304, 56.8434410095, 39.9499473572, 64.4943466187, 51.6138648987, 38.6107025146], [103.55721283, -194.401092529, 253.866363525, 47.0585021973, 60.8061485291, 241.706787109, 92.3837738037, 105.934051514, 68.0796966553, 64.5190048218, 67.4729232788, 65.1793441772, 24.6689224243], [140.485931396, -91.6441955566, 77.7872619629, 163.824752808, 54.1064872742, 92.3837738037, 209.923583984, 115.072601318, 81.115524292, 64.7464141846, 73.4784317017, 54.0680809021, 30.5341796875], [217.928573608, -187.273834229, 95.024055481, 147.619537354, 82.9500961304, 105.934051514, 115.072601318, 222.476089478, 107.883323669, 72.1597442627, 91.9168319702, 77.901222229, 13.4674777985], [88.3060760498, -57.3659553528, 91.5855407715, 82.3603973389, 56.8434410095, 68.0796966553, 81.115524292, 107.883323669, 137.077896118, 75.0476608276, 57.9688301086, 41.5096244812, 24.8223018646], [109.698348999, -34.347618103, 64.9692687988, 83.423828125, 39.9499473572, 64.5190048218, 64.7464141846, 72.1597442627, 75.0476608276, 102.433609009, 69.258972168, 36.2170791626, 14.673532486], [99.5665130615, -156.608718872, 92.5532455444, 92.44165802, 64.4943466187, 67.4729232788, 73.4784317017, 91.9168319702, 57.9688301086, 69.258972168, 145.221420288, 81.8416137695, 7.57059001923], [79.7171096802, -111.711914062, 60.0971221924, 83.7966156006, 51.6138648987, 65.1793441772, 54.0680809021, 77.901222229, 41.5096244812, 36.2170791626, 81.8416137695, 98.4939346313, 37.5389938354], [-3.08567523956, 7.72168731689, 44.5440864563, 36.6886863708, 38.6107025146, 24.6689224243, 30.5341796875, 13.4674777985, 24.8223018646, 14.673532486, 7.57059001923, 37.5389938354, 84.6751480103]], "icov": [[0.000260740431258, 0.000100248529634, 0.000170205064933, -0.000430948537542, 0.000196795808733, -0.000265988346655, 0.000231326310313, -5.50466975255e-05, -5.13780250913e-05, -1.70849107235e-05, -7.43451164453e-05, 0.000278155872365, -8.80052321008e-05], [0.000100248529634, 0.000732901273295, 0.000195986343897, 0.000699750380591, -0.00132771697827, 0.000589904375374, -0.000575514161028, 0.000422365323175, 0.000157014321303, -0.00118157954421, 0.00124468351714, -0.000482974224724, 0.000366004096577], [0.000170205064933, 0.000195986343897, 0.00276266667061, -0.00136016262695, 0.00226462446153, -0.00363460718654, 0.00148018787149, 0.000273519719485, -0.00158756796736, 0.00190932245459, -0.00289712566882, 0.00302483537234, -0.00237411586568], [-0.000430948537542, 0.000699750380591, -0.00136016262695, 0.00617813644931, -0.0044136219658, 0.00442770821974, -0.00422174902633, -0.000545844028238, 0.00201578182168, -0.00447936309502, 0.00424213567749, -0.0047123557888, 0.00218605902046], [0.000196795808733, -0.00132771697827, 0.00226462446153, -0.0044136219658, 0.0117989536375, -0.00574133871123, 0.00394838768989, -0.00181774178054, -0.00282614631578, 0.00569212622941, -0.00810795743018, 0.00569838332012, -0.00595217710361], [-0.000265988346655, 0.000589904375374, -0.00363460718654, 0.00442770821974, -0.00574133871123, 0.0124398460612, -0.0048666051589, -0.00125467276666, 0.00283482763916, -0.00692421011627, 0.00697044888511, -0.00830659084022, 0.00430655945092], [0.000231326310313, -0.000575514161028, 0.00148018787149, -0.00422174902633, 0.00394838768989, -0.0048666051589, 0.0108413258567, -0.00209332373925, -0.00279254186898, 0.00283288955688, -0.00558158475906, 0.00511142471805, -0.00428689876571], [-5.50466975255e-05, 0.000422365323175, 0.000273519719485, -0.000545844028238, -0.00181774178054, -0.00125467276666, -0.00209332373925, 0.011407985352, -0.0055123353377, 1.80998813448e-05, 0.000754157779738, -0.00510229030624, 0.00399428792298], [-5.13780250913e-05, 0.000157014321303, -0.00158756796736, 0.00201578182168, -0.00282614631578, 0.00283482763916, -0.00279254186898, -0.0055123353377, 0.0177193116397, -0.0102046094835, 0.00320293358527, -0.00104002992157, -0.000959205033723], [-1.70849107235e-05, -0.00118157954421, 0.00190932245459, -0.00447936309502, 0.00569212622941, -0.00692421011627, 0.00283288955688, 1.80998813448e-05, -0.0102046094835, 0.0265050977468, -0.0140641108155, 0.00954790320247, -0.00513622350991], [-7.43451164453e-05, 0.00124468351714, -0.00289712566882, 0.00424213567749, -0.00810795743018, 0.00697044888511, -0.00558158475906, 0.000754157779738, 0.00320293358527, -0.0140641108155, 0.0269451048225, -0.0212737433612, 0.0116493981332], [0.000278155872365, -0.000482974224724, 0.00302483537234, -0.0047123557888, 0.00569838332012, -0.00830659084022, 0.00511142471805, -0.00510229030624, -0.00104002992157, 0.00954790320247, -0.0212737433612, 0.0360355526209, -0.016128603369], [-8.80052321008e-05, 0.000366004096577, -0.00237411586568, 0.00218605902046, -0.00595217710361, 0.00430655945092, -0.00428689876571, 0.00399428792298, -0.000959205033723, -0.00513622350991, 0.0116493981332, -0.016128603369, 0.0217250268906]]}, "spectral_contrast_coeffs": {"dmean": [0.0489840134978, 0.0407715886831, 0.0335231423378, 0.0310421343893, 0.019841035828, 0.0158284008503], "dmean2": [0.0775972604752, 0.0614414028823, 0.0525979176164, 0.0491963140666, 0.0323486216366, 0.0255369413644], "dvar": [0.00180874101352, 0.00139497441705, 0.00104332645424, 0.00111545366235, 0.000426641781814, 0.000351118447725], "dvar2": [0.00428243353963, 0.00302069005556, 0.002473694738, 0.00263730040751, 0.00103778461926, 0.000809240038507], "max": [-0.229098886251, -0.307733923197, -0.470951378345, -0.534136354923, -0.608667016029, -0.65468120575], "mean": [-0.539845883846, -0.62736338377, -0.709300935268, -0.727976560593, -0.81419813633, -0.858724653721], "median": [-0.543723464012, -0.622608661652, -0.70995414257, -0.723495364189, -0.818143844604, -0.866644263268], "min": [-0.974252521992, -0.974906206131, -0.965758800507, -0.965858757496, -0.967146754265, -0.961446523666], "var": [0.0138452434912, 0.0107703683898, 0.00422668084502, 0.00429510883987, 0.0022494874429, 0.00121748342644]}, "spectral_contrast_valleys": {"dmean": [0.522058010101, 0.325385302305, 0.370942741632, 0.359589368105, 0.429243177176, 0.430792242289], "dmean2": [0.845530152321, 0.531515359879, 0.587124586105, 0.566662430763, 0.627689659595, 0.579704463482], "dvar": [0.278783142567, 0.145095944405, 0.204064443707, 0.255213588476, 0.433072835207, 0.441572844982], "dvar2": [0.609197080135, 0.321305602789, 0.449358284473, 0.567695617676, 0.910067856312, 0.747316360474], "max": [-5.59261894226, -4.40260839462, -5.220