{"lowlevel": {"average_loudness": 0.985437989235, "barkbands_crest": {"dmean": 2.32894587517, "dmean2": 3.63291883469, "dvar": 9.05743408203, "dvar2": 20.5744628906, "max": 25.2035102844, "mean": 14.0936765671, "median": 14.827419281, "min": 3.09685134888, "var": 17.505739212}, "barkbands_flatness_db": {"dmean": 0.0536565631628, "dmean2": 0.0712030827999, "dvar": 0.00442226603627, "dvar2": 0.00812833849341, "max": 0.773072421551, "mean": 0.265123516321, "median": 0.239038392901, "min": 0.043016962707, "var": 0.0204375330359}, "barkbands_kurtosis": {"dmean": 30.427740097, "dmean2": 48.0899085999, "dvar": 6080.10791016, "dvar2": 15440.2519531, "max": 1009.13446045, "mean": 41.4217071533, "median": 13.6667766571, "min": -1.91882658005, "var": 6465.53857422}, "barkbands_skewness": {"dmean": 1.58833169937, "dmean2": 2.37975430489, "dvar": 5.14505434036, "dvar2": 12.6435413361, "max": 24.9367809296, "mean": 3.89214849472, "median": 3.03266596794, "min": -2.67475485802, "var": 9.33736896515}, "barkbands_spread": {"dmean": 9.58307647705, "dmean2": 13.5267744064, "dvar": 240.564865112, "dvar2": 462.311248779, "max": 136.040252686, "mean": 18.1516590118, "median": 8.29015541077, "min": 0.18715582788, "var": 546.427246094}, "dissonance": {"dmean": 0.0263703204691, "dmean2": 0.0427559278905, "dvar": 0.000951719994191, "dvar2": 0.00238405796699, "max": 0.500000178814, "mean": 0.456541866064, "median": 0.46863681078, "min": 0.12191375345, "var": 0.00173958216328}, "dynamic_complexity": 2.79482626915, "erbbands_crest": {"dmean": 3.24873495102, "dmean2": 5.1962480545, "dvar": 11.3309211731, "dvar2": 24.6137619019, "max": 30.1839084625, "mean": 9.61176681519, "median": 7.84735870361, "min": 2.2988243103, "var": 29.584312439}, "erbbands_flatness_db": {"dmean": 0.0296399369836, "dmean2": 0.0430284254253, "dvar": 0.00110433576629, "dvar2": 0.00210038223304, "max": 0.394434273243, "mean": 0.158591553569, "median": 0.146026432514, "min": 0.0279903523624, "var": 0.0036721418146}, "erbbands_kurtosis": {"dmean": 7.56953239441, "dmean2": 11.5942001343, "dvar": 899.963439941, "dvar2": 1925.3614502, "max": 436.021514893, "mean": 8.10122394562, "median": 0.160656929016, "min": -1.88248562813, "var": 1271.3092041}, "erbbands_skewness": {"dmean": 0.932599127293, "dmean2": 1.35924577713, "dvar": 2.26668024063, "dvar2": 4.41750669479, "max": 17.0282077789, "mean": 0.610309064388, "median": 0.287409991026, "min": -4.73900079727, "var": 6.23045969009}, "erbbands_spread": {"dmean": 16.3579597473, "dmean2": 25.359834671, "dvar": 385.746765137, "dvar2": 911.030700684, "max": 187.044998169, "mean": 48.5208358765, "median": 44.8233528137, "min": 1.1646450758, "var": 833.76159668}, "hfc": {"dmean": 17.3369045258, "dmean2": 25.7938556671, "dvar": 776.246276855, "dvar2": 1826.53894043, "max": 223.727081299, "mean": 25.1928653717, "median": 11.7248353958, "min": 3.06690458274e-06, "var": 1072.33605957}, "melbands_crest": {"dmean": 4.01336717606, "dmean2": 5.38286209106, "dvar": 20.4938373566, "dvar2": 36.7436752319, "max": 38.8279800415, "mean": 28.6557350159, "median": 31.5904560089, "min": 4.26641750336, "var": 78.1407546997}, "melbands_flatness_db": {"dmean": 0.0590304471552, "dmean2": 0.0785518959165, "dvar": 0.00567429792136, "dvar2": 0.0102886380628, "max": 0.920988202095, "mean": 0.359309881926, "median": 0.33446085453, "min": 0.0287872832268, "var": 0.0267443750054}, "melbands_kurtosis": {"dmean": 152.073028564, "dmean2": 236.007659912, "dvar": 209511.5, "dvar2": 497988.03125, "max": 7367.31445312, "mean": 191.252456665, "median": 39.9143791199, "min": -1.9091578722, "var": 268060.5}, "melbands_skewness": {"dmean": 3.02468156815, "dmean2": 4.40304660797, "dvar": 24.7040863037, "dvar2": 56.7437362671, "max": 56.8066978455, "mean": 7.63838100433, "median": 5.3857588768, "min": -0.263930410147, "var": 49.14635849}, "melbands_spread": {"dmean": 6.23184728622, "dmean2": 8.94007205963, "dvar": 142.987289429, "dvar2": 265.351348877, "max": 305.637359619, "mean": 11.9154920578, "median": 6.12594890594, "min": 0.0318918526173, "var": 321.79095459}, "pitch_salience": {"dmean": 0.111394785345, "dmean2": 0.166110634804, "dvar": 0.016943635419, "dvar2": 0.0362352579832, "max": 0.94634783268, "mean": 0.344820052385, "median": 0.331443488598, "min": 0.00571890780702, "var": 0.041893132031}, "silence_rate_20dB": {"dmean": 0, "dmean2": 0, "dvar": 0, "dvar2": 0, "max": 1, "mean": 1, "median": 1, "min": 1, "var": 0}, "silence_rate_30dB": {"dmean": 0.13681319356, "dmean2": 0.273663967848, "dvar": 0.1181018278, "dvar2": 0.253474086523, "max": 1, "mean": 0.604037880898, "median": 1, "min": 0, "var": 0.239170059562}, "silence_rate_60dB": {"dmean": 0.022252747789, "dmean2": 0.0443742275238, "dvar": 0.0217578075826, "dvar2": 0.052298579365, "max": 1, "mean": 0.0193654708564, "median": 0, "min": 0, "var": 0.0189894773066}, "spectral_centroid": {"dmean": 485.452484131, "dmean2": 718.271057129, "dvar": 380116.375, "dvar2": 727403.5, "max": 6479.73388672, "mean": 1387.21813965, "median": 1056.45507812, "min": 42.2018356323, "var": 1198716.125}, "spectral_complexity": {"dmean": 4.87884616852, "dmean2": 6.89407873154, "dvar": 33.9588623047, "dvar2": 59.9626846313, "max": 50, "mean": 12.1950283051, "median": 10, "min": 0, "var": 89.1761703491}, "spectral_decrease": {"dmean": 5.85294390731e-09, "dmean2": 7.94616639155e-09, "dvar": 5.64883427023e-17, "dvar2": 1.42504677462e-16, "max": 4.55470591798e-11, "mean": -2.11960813346e-08, "median": -2.26110259405e-08, "min": -7.73868435999e-08, "var": 1.94687796539e-16}, "spectral_energy": {"dmean": 0.0227666515857, "dmean2": 0.0314346328378, "dvar": 0.000841277418658, "dvar2": 0.00212138961069, "max": 0.293292969465, "mean": 0.0822835639119, "median": 0.0897149816155, "min": 1.65048401612e-08, "var": 0.00279862713069}, "spectral_energyband_high": {"dmean": 0.00154628837481, "dmean2": 0.00219309167005, "dvar": 1.02070325738e-05, "dvar2": 2.28893222811e-05, "max": 0.0257330145687, "mean": 0.00183661433402, "median": 0.000224611343583, "min": 1.06789702081e-10, "var": 1.39897956615e-05}, "spectral_energyband_low": {"dmean": 0.0177774336189, "dmean2": 0.0206016898155, "dvar": 0.000433461915236, "dvar2": 0.000839704531245, "max": 0.26955768466, "mean": 0.0668868124485, "median": 0.0678003579378, "min": 1.79555437185e-09, "var": 0.00256841280498}, "spectral_energyband_middle_high": {"dmean": 0.00135913444683, "dmean2": 0.00216446374543, "dvar": 5.18410661243e-06, "dvar2": 1.34315660034e-05, "max": 0.026575634256, "mean": 0.00209165527485, "median": 0.00104756397195, "min": 4.64189409133e-10, "var": 7.96515541879e-06}, "spectral_energyband_middle_low": {"dmean": 0.0109992455691, "dmean2": 0.0195087809116, "dvar": 0.000608539907262, "dvar2": 0.00170615618117, "max": 0.147862643003, "mean": 0.011300153099, "median": 0.00415703468025, "min": 1.40118139313e-10, "var": 0.000427734194091}, "spectral_entropy": {"dmean": 0.384071022272, "dmean2": 0.563098430634, "dvar": 0.246281534433, "dvar2": 0.453263431787, "max": 8.99143505096, "mean": 7.38551282883, "median": 7.52075147629, "min": 4.10527038574, "var": 0.793573319912}, "spectral_flux": {"dmean": 0.0511315278709, "dmean2": 0.0754838958383, "dvar": 0.00422399304807, "dvar2": 0.0063601131551, "max": 0.424302369356, "mean": 0.113706849515, "median": 0.0848755463958, "min": 0.000503678573295, "var": 0.00781220523641}, "spectral_kurtosis": {"dmean": 3.14843773842, "dmean2": 4.62005519867, "dvar": 46.0108566284, "dvar2": 88.3330078125, "max": 139.867980957, "mean": 6.10581541061, "median": 3.45235490799, "min": -1.44592952728, "var": 92.5987625122}, "spectral_rms": {"dmean": 0.00136164552532, "dmean2": 0.00179336685687, "dvar": 3.08789935843e-06, "dvar2": 7.25276777302e-06, "max": 0.0169156584889, "mean": 0.00829706061631, "median": 0.00935557670891, "min": 4.01276474804e-06, "var": 1.1435407032e-05}, "spectral_rolloff": {"dmean": 708.828491211, "dmean2": 1215.70422363, "dvar": 3114021.5, "dvar2": 6352042.5, "max": 16580.5664062, "mean": 889.134460449, "median": 129.19921875, "min": 43.06640625, "var": 4244425.5}, "spectral_skewness": {"dmean": 0.430641531944, "dmean2": 0.611574292183, "dvar": 0.361418604851, "dvar2": 0.627493739128, "max": 10.1974964142, "mean": 1.68881511688, "median": 1.41574513912, "min": -0.318417400122, "var": 1.21784055233}, "spectral_spread": {"dmean": 1116514.25, "dmean2": 1631063.5, "dvar": 2033918935040.0, "dvar2": 3360825802750.0, "max": 17391044, "mean": 5527527.5, "median": 4946774.5, "min": 881063.125, "var": 6489045991420.0}, "spectral_strongpeak": {"dmean": 0.163685455918, "dmean2": 0.249240994453, "dvar": 0.185353651643, "dvar2": 0.47866293788, "max": 10.0831031799, "mean": 0.47724968195, "median": 0.43157595396, "min": 0, "var": 0.251813262701}, "zerocrossingrate": {"dmean": 0.0156995840371, "dmean2": 0.0176776722074, "dvar": 0.000527291791514, "dvar2": 0.000630551017821, "max": 0.50390625, "mean": 0.0388715751469, "median": 0.021484375, "min": 0.00146484375, "var": 0.00222590914927}, "barkbands": {"dmean": [0.00605076365173, 0.011411097832, 0.00454278476536, 0.003274156712, 0.0038223459851, 0.00277754012495, 0.00124245788902, 0.000466379133286, 0.000867313414346, 0.000254659244092, 0.000179379683686, 0.000206409604289, 0.000108566629933, 0.000118485237181, 0.000208063735045, 0.000153565924847, 0.000132487359224, 0.000195383952814, 0.000215956912143, 0.000165694378666, 0.000207885474083, 0.000338642188581, 0.000196226479602, 0.00035542412661, 0.000270273478236, 9.61729310802e-05, 5.191382661e-05], "dmean2": [0.00616383366287, 0.0123055633157, 0.00797763839364, 0.00611257134005, 0.00711354054511, 0.00472050299868, 0.00217137532309, 0.000762315467, 0.00145651807543, 0.000436890957644, 0.00029947143048, 0.000344321073499, 0.000178631438757, 0.000192318941117, 0.000370816327631, 0.000273062527413, 0.000216888089199, 0.000296089681797, 0.000327436922817, 0.000235901316046, 0.000283170549665, 0.000498576730024, 0.000291730597382, 0.000497685512528, 0.000407891289797, 0.000154102584929, 8.36806502775e-05], "dvar": [5.38991262147e-05, 0.000218145083636, 8.7946835265e-05, 7.04602280166e-05, 9.3482718512e-05, 3.93062473449e-05, 7.03052137396e-06, 1.28081774164e-06, 5.02074226461e-06, 4.14742970634e-07, 1.42020311955e-07, 2.5727706543e-07, 1.55421886916e-07, 9.07677204509e-08, 2.39072818431e-07, 1.22475682929e-07, 5.80824384144e-08, 1.16857840737e-07, 1.35056865247e-07, 9.53036405349e-08, 2.11652462667e-07, 6.64261563088e-07, 1.61531104936e-07, 5.70844463255e-07, 3.95043173285e-07, 8.43294074571e-08, 2.34003110222e-08], "dvar2": [7.29220482754e-05, 0.000347029388649, 0.000247476273216, 0.000200604030397, 0.000268595322268, 9.77181916824e-05, 1.89907350432e-05, 2.8367444429e-06, 1.13000432975e-05, 1.02300521121e-06, 3.39959058238e-07, 6.53485301427e-07, 2.99763115663e-07, 2.18306496436e-07, 6.55413600725e-07, 3.312488559e-07, 1.42804978509e-07, 2.64286910578e-07, 2.8109957384e-07, 2.02393962923e-07, 4.16982771867e-07, 1.57298438808e-06, 3.41202536447e-07, 1.21516006857e-06, 9.23410595988e-07, 2.19948617541e-07, 5.84015076299e-08], "max": [0.111695736647, 0.177051320672, 0.059715103358, 0.0628645345569, 0.0624796114862, 0.0909752696753, 0.033571254462, 0.0224824119359, 0.0441870167851, 0.0153416832909, 0.00749274808913, 0.00713003473356, 0.0139319542795, 0.00693924864754, 0.00606476701796, 0.00277827843092, 0.00359733356163, 0.00495051639155, 0.00295908818953, 0.00343914236873, 0.00322526274249, 0.00648564333096, 0.0031245010905, 0.00963334459811, 0.00628833845258, 0.00291499472223, 0.00144679786172], "mean": [0.0196452736855, 0.0438687726855, 0.00363497785293, 0.00214641029015, 0.00283217476681, 0.00320236687548, 0.00131266389508, 0.000563829438761, 0.00106161809526, 0.000298547325656, 0.000210897123907, 0.000221356734983, 0.000136545902933, 0.000159612842253, 0.000194654610823, 0.00013741303701, 0.000161531410413, 0.00028599993675, 0.000284984475002, 0.000236339023104, 0.000243317961576, 0.000377646501875, 0.000219649969949, 0.000419783929829, 0.000300557614537, 8.40352877276e-05, 4.29745232395e-05], "median": [0.0154243074358, 0.0389791019261, 0.000543925154489, 0.000243573900661, 0.000432518892922, 0.00042491737986, 0.000247347721597, 0.000110305772978, 0.000101754296338, 4.00790850108e-05, 4.78162255604e-05, 4.01636134484e-05, 3.67756656487e-05, 3.87100444641e-05, 3.14909193548e-05, 2.63189322141e-05, 5.30283250555e-05, 7.58017849876e-05, 4.97557193739e-05, 5.26680451003e-05, 2.97378192045e-05, 2.56735747826e-05, 2.46895251621e-05, 2.52459176409e-05, 1.25778333313e-05, 2.97893484458e-06, 5.94048287894e-07], "min": [5.41504558207e-12, 3.15528214667e-10, 5.25425758457e-10, 4.5026469532e-12, 1.89285531693e-11, 1.38018693696e-11, 1.31985195342e-11, 1.51849297025e-11, 5.04902786247e-11, 9.70340821582e-11, 6.99823116124e-11, 6.63500643316e-11, 5.14811769603e-11, 4.43900055602e-11, 3.73653330499e-11, 3.1429574221e-11, 2.63941455497e-11, 2.51119836731e-11, 2.26552873683e-11, 1.98067916235e-11, 1.89473159384e-11, 1.58848437876e-11, 1.28837747762e-11, 1.29165081408e-11, 1.19052467537e-11, 1.21860880761e-11, 1.1610229271e-11], "var": [0.000310771429213, 0.00130524707492, 5.87937392993e-05, 4.06757171731e-05, 5.51755729248e-05, 5.27511911059e-05, 7.77685545472e-06, 2.56022917711e-06, 1.05277185867e-05, 1.03481147562e-06, 2.34507140817e-07, 3.01528700675e-07, 3.28262274252e-07, 2.14766544104e-07, 2.43646780973e-07, 9.94619000494e-08, 8.41485743308e-08, 2.45044049052e-07, 2.21480064511e-07, 1.71226417933e-07, 3.10091422762e-07, 7.73325496084e-07, 2.1503083758e-07, 8.87612372935e-07, 5.87253964568e-07, 6.49982681011e-08, 1.89792022098e-08]}, "erbbands": {"dmean": [0.794810593128, 1.5550044775, 4.63548851013, 8.757563591, 11.2461099625, 13.5464982986, 16.0410022736, 26.3491020203, 17.1196308136, 19.1416664124, 7.41791582108, 21.7687740326, 12.5959434509, 5.50275802612, 8.13478851318, 8.08617210388, 5.3912730217, 5.80795478821, 8.0579624176, 10.5305652618, 7.88167047501, 7.33947658539, 9.21891498566, 11.709274292, 8.94557476044, 7.75798463821, 7.65135717392, 9.50523662567, 14.065943718, 7.6997628212, 5.12155389786, 7.04302692413, 5.6945681572, 3.66338062286, 1.57611489296, 0.597487211227, 0.133210405707, 0.0394503548741, 0.00730453431606, 0.000771578110289], "dmean2": [0.683711409569, 2.42071318626, 8.18628120422, 15.9833564758, 20.7776184082, 25.2017536163, 29.3104991913, 43.8066558838, 29.6639232635, 32.545879364, 12.5094976425, 36.2702293396, 21.4437599182, 9.52041339874, 13.509885788, 13.4142560959, 8.6746969223, 9.47875404358, 13.6312475204, 18.8797912598, 13.6363925934, 11.6582536697, 13.5079660416, 17.4525127411, 13.6393184662, 11.3232593536, 11.4875202179, 13.6596765518, 21.781621933, 11.2693862915, 7.38217639923, 9.95895767212, 8.32291889191, 5.65053272247, 2.35732746124, 0.940628290176, 0.213806733489, 0.0656458437443, 0.0117777055129, 0.00123353244271], "dvar": [0.874627828598, 10.7171373367, 100.557044983, 427.951965332, 849.594665527, 1145.42626953, 1395.45751953, 4455.06396484, 1262.94543457, 2000.83410645, 221.429794312, 3671.96289062, 829.847045898, 163.217102051, 299.131774902, 425.547729492, 366.734527588, 198.472442627, 509.813964844, 587.181945801, 326.875610352, 190.710510254, 286.868927002, 383.225982666, 256.869537354, 213.047302246, 266.679534912, 508.028564453, 1313.03283691, 256.759002686, 109.472518921, 223.233413696, 151.075256348, 76.1706924438, 13.5464267731, 2.39033460617, 0.195809155703, 0.019845508039, 0.000545863877051, 4.06622166338e-06], "dvar2": [1.00622212887, 28.6443557739, 283.863464355, 1221.6541748, 2425.91748047, 3279.2253418, 3934.9284668, 10599.2314453, 3323.1340332, 4844.34960938, 596.317871094, 7898.92529297, 2156.01879883, 427.473999023, 733.075073242, 1084.53198242, 729.061279297, 455.187774658, 1183.57092285, 1655.3347168, 900.451782227, 451.263885498, 617.223815918, 858.220703125, 521.942749023, 461.198974609, 484.984619141, 1056.94824219, 3288.22436523, 556.475891113, 212.123046875, 437.547546387, 343.290740967, 179.643112183, 31.6533374786, 6.15407896042, 0.512077510357, 0.0517275258899, 0.00134781154338, 1.03413158286e-05], "max": [12.6759586334, 28.9745903015, 65.3343658447, 128.514022827, 230.403076172, 253.235290527, 346.045562744, 1159.21459961, 817.590026855, 646.973632812, 140.980865479, 1285.00366211, 586.679443359, 174.019302368, 357.485809326, 312.723144531, 729.557922363, 337.087646484, 463.857879639, 320.610992432, 127.160949707, 240.906585693, 312.52935791, 184.358612061, 149.491378784, 155.253601074, 165.657272339, 152.433273315, 282.515899658, 104.624778748, 85.0705795288, 199.633773804, 122.089141846, 110.708068848, 46.2690010071, 14.3172912598, 4.57085037231, 1.427303195, 0.215621173382, 0.0187593996525], "mean": [2.93397545815, 3.29638886452, 3.81906890869, 6.29261541367, 7.84663438797, 10.082034111, 13.3463602066, 31.0360679626, 22.4752178192, 19.6057338715, 8.83509635925, 26.8269405365, 16.9320869446, 5.69428157806, 10.2130632401, 9.20882511139, 7.01954746246, 8.20857334137, 9.18923950195, 9.93777561188, 7.64791679382, 9.60080909729, 14.3901596069, 15.8088092804, 12.6861438751, 10.7420759201, 10.3134374619, 10.3070745468, 14.4440555573, 9.59845066071, 6.04929161072, 8.43543338776, 6.55221509933, 4.07441520691, 1.698969841, 0.546048045158, 0.117516919971, 0.0332120545208, 0.00614900328219, 0.000688453903422], "median": [2.43556427956, 2.47337007523, 0.714134633541, 1.35162508488, 0.83260256052, 1.3947404623, 2.3912820816, 3.75993037224, 4.83808851242, 3.81941628456, 2.99087309837, 2.70704007149, 2.75782084465, 1.553601861, 2.13135004044, 1.85981345177, 2.09243369102, 2.27557778358, 1.7836908102, 1.75939166546, 1.93625187874, 2.96294426918, 3.90892004967, 4.12329006195, 2.19801044464, 2.48781991005, 1.67581284046, 1.02392911911, 0.964285612106, 0.888573825359, 0.663966357708, 0.59821921587, 0.346851706505, 0.169257611036, 0.0702294632792, 0.0203812029213, 0.00407171715051, 0.000793692073785, 0.000138815084938, 0.000137094219099], "min": [4.692389588e-09, 1.20264047609e-07, 8.33779949971e-07, 1.11444840911e-07, 1.96467286884e-08, 8.04954325417e-08, 1.16749660606e-07, 1.0501937453e-07, 2.374505641e-07, 1.86650680689e-07, 3.58003575229e-07, 1.30265868847e-06, 3.21457218888e-06, 2.96415646517e-06, 2.80947142528e-06, 2.65052676696e-06, 2.45121123044e-06, 2.30620571529e-06, 2.09632435144e-06, 1.89262959793e-06, 1.68436065451e-06, 1.47397429373e-06, 1.3796895928e-06, 1.24337441321e-06, 1.08480844574e-06, 9.40824065765e-07, 8.36831361539e-07, 6.94002096679e-07, 5.73820898353e-07, 4.7565447403e-07, 3.50211337263e-07, 2.81275674752e-07, 2.06351188581e-07, 1.36782560389e-07, 8.41429041998e-08, 4.96301097996e-08, 2.2062474514e-08, 7.98174060179e-09, 1.85599302593e-09, 1.63819249832e-10], "var": [6.44709777832, 12.5186061859, 64.7283935547, 251.357818604, 496.651550293, 698.37689209, 964.328796387, 6305.13134766, 2620.0078125, 2575.22729492, 259.394989014, 8005.17382812, 2081.02148438, 154.130249023, 568.139343262, 554.471801758, 715.303588867, 529.41784668, 801.440002441, 603.740356445, 262.464813232, 304.678497314, 708.018615723, 604.148010254, 447.977264404, 359.666412354, 438.725219727, 644.462890625, 1301.31323242, 372.762145996, 162.908889771, 352.596496582, 222.036239624, 116.934211731, 18.1424598694, 2.06601667404, 0.147338792682, 0.0145250037313, 0.000442461343482, 3.26192866851e-06]}, "gfcc": {"mean": [-42.4460983276, 77.4814224243, -67.1911010742, 50.3900299072, -40.0238685608, 19.4045696259, -21.3408317566, 18.0003890991, -7.22845411301, 9.17210388184, 2.35632181168, 5.17917633057, -2.14435458183], "cov": [[11709.0195312, -1668.72070312, -2614.06152344, -667.96661377, -1731.87939453, -645.971801758, -908.562194824, 267.519256592, -437.092437744, 71.1727600098, -114.014396667, 153.346160889, -106.386947632], [-1668.72070312, 3503.13818359, -222.844406128, -1101.58886719, 241.98600769, -355.961456299, 26.5470180511, -327.88949585, 110.017692566, -168.25, -2.22013401985, -182.696716309, 175.487472534], [-2614.06152344, -222.844406128, 1918.23010254, 513.237304688, 351.129058838, 213.074951172, 152.615783691, -124.402404785, 18.1551036835, -88.2009429932, -69.8784637451, -68.7473754883, -93.6235809326], [-667.96661377, -1101.58886719, 513.237304688, 1214.1973877, 203.010452271, 57.56690979, 64.2170639038, 75.111076355, -11.9284191132, -4.65346097946, 40.1861343384, 34.5231018066, -96.1033859253], [-1731.87939453, 241.98600769, 351.129058838, 203.010452271, 792.614074707, 200.604675293, 241.600143433, -52.1672935486, 108.590682983, -48.1914291382, 17.3749370575, -12.8264894485, 22.0579357147], [-645.971801758, -355.961456299, 213.074951172, 57.56690979, 200.604675293, 427.787261963, 179.627426147, 33.7051925659, 20.2437438965, 26.4037952423, -12.7063360214, -26.6108608246, -17.1918296814], [-908.562194824, 26.5470180511, 152.615783691, 64.2170639038, 241.600143433, 179.627426147, 365.64263916, 58.518699646, 79.1476745605, 42.6481971741, 69.703918457, -2.13547182083, 43.7720527649], [267.519256592, -327.88949585, -124.402404785, 75.111076355, -52.1672935486, 33.7051925659, 58.518699646, 220.60836792, 74.23878479, 47.4707603455, 50.8019218445, 45.6139755249, 8.30375862122], [-437.092437744, 110.017692566, 18.1551036835, -11.9284191132, 108.590682983, 20.2437438965, 79.1476745605, 74.23878479, 170.209594727, 64.9276351929, 47.3105392456, 16.8991470337, 43.7331466675], [71.1727600098, -168.25, -88.2009429932, -4.65346097946, -48.1914291382, 26.4037952423, 42.6481971741, 47.4707603455, 64.9276351929, 145.311676025, 99.8326034546, 33.0031776428, 35.5106277466], [-114.014396667, -2.22013401985, -69.8784637451, 40.1861343384, 17.3749370575, -12.7063360214, 69.703918457, 50.8019218445, 47.3105392456, 99.8326034546, 186.667312622, 83.4790344238, 66.0444793701], [153.346160889, -182.696716309, -68.7473754883, 34.5231018066, -12.8264894485, -26.6108608246, -2.13547182083, 45.6139755249, 16.8991470337, 33.0031776428, 83.4790344238, 124.751304626, 48.9591178894], [-106.386947632, 175.487472534, -93.6235809326, -96.1033859253, 22.0579357147, -17.1918296814, 43.7720527649, 8.30375862122, 43.7331466675, 35.5106277466, 66.0444793701, 48.9591178894, 123.580345154]], "icov": [[0.000225449723075, 0.000155254179845, 0.000221070527914, 0.000136034999741, 0.000174971690285, 0.000183852651389, 0.000175062581548, -0.000113241927465, 0.000249307835475, 7.65174481785e-05, 7.1310905696e-06, 5.76311249461e-05, 4.99802808918e-05], [0.000155254179845, 0.00118336512242, 0.000195083412109, 0.000916261400562, -3.34965334332e-05, 0.000915373209864, -7.68770987634e-05, 0.00116360501852, -0.00134194619022, 0.00256463559344, -0.0020626084879, 0.00231136521325, -0.000679498945829], [0.000221070527914, 0.000195083412109, 0.000961342884693, -0.000145387370139, 0.000222098969971, -0.000102410616819, -5.6087745179e-05, 0.00067152857082, -0.000431954191299, 0.000761786126532, -0.000172174841282, 0.000146933380165, 0.000417156523326], [0.000136034999741, 0.000916261400562, -0.000145387370139, 0.00187389040366, -0.000436337286374, 0.000953611859586, -1.07299356387e-05, 0.000124681886518, -0.000335801305482, 0.00159281538799, -0.00182504940312, 0.00134923355654, 0.000471027859021], [0.000174971690285, -3.34965334332e-05, 0.000222098969971, -0.000436337286374, 0.00269012106583, -0.000914200325496, -0.000851500139106, 0.00148770096712, -0.00215066643432, 0.00228815758601, -0.000685530074406, -0.000460712384665, 0.000273905170616], [0.000183852651389, 0.000915373209864, -0.000102410616819, 0.000953611859586, -0.000914200325496, 0.00444401241839, -0.00140286318492, -0.000314966891892, 0.000798811030108, -0.000548782816622, 0.000271501485258, 0.00163179007359, -9.46842847043e-05], [0.000175062581548, -7.68770987634e-05, -5.6087745179e-05, -1.07299356387e-05, -0.000851500139106, -0.00140286318492, 0.0051548788324, -0.00165309454314, 0.000273303565336, -0.000306837930111, -0.00151920667849, 0.00154349650256, -0.00135704909917], [-0.000113241927465, 0.00116360501852, 0.00067152857082, 0.000124681886518, 0.00148770096712, -0.000314966891892, -0.00165309454314, 0.00945431459695, -0.00653461366892, 0.00457088230178, -0.00320991687477, 0.000151560423546, 0.00115124741569], [0.000249307835475, -0.00134194619022, -0.000431954191299, -0.000335801305482, -0.00215066643432, 0.000798811030108, 0.000273303565336, -0.00653461366892, 0.0143864713609, -0.00981435552239, 0.00520444009453, -0.00219716550782, -0.001812818693], [7.65174481785e-05, 0.00256463559344, 0.000761786126532, 0.00159281538799, 0.00228815758601, -0.000548782816622, -0.000306837930111, 0.00457088230178, -0.00981435552239, 0.0220511648804, -0.0134578347206, 0.00691963871941, -0.000855781603605], [7.1310905696e-06, -0.0020626084879, -0.000172174841282, -0.00182504940312, -0.000685530074406, 0.000271501485258, -0.00151920667849, -0.00320991687477, 0.00520444009453, -0.0134578347206, 0.0181017462164, -0.0102336267009, -0.00129512336571], [5.76311249461e-05, 0.00231136521325, 0.000146933380165, 0.00134923355654, -0.000460712384665, 0.00163179007359, 0.00154349650256, 0.000151560423546, -0.00219716550782, 0.00691963871941, -0.0102336267009, 0.0187840983272, -0.00550311570987], [4.99802808918e-05, -0.000679498945829, 0.000417156523326, 0.000471027859021, 0.000273905170616, -9.46842847043e-05, -0.00135704909917, 0.00115124741569, -0.001812818693, -0.000855781603605, -0.00129512336571, -0.00550311570987, 0.0138831818476]]}, "melbands": {"dmean": [0.00503130396828, 0.00219216407277, 0.00160543958191, 0.000870598072652, 0.000584256311413, 0.000560603511985, 0.000261673412751, 0.000189413418411, 5.82039428991e-05, 0.000144274556078, 6.12303629168e-05, 2.22394010052e-05, 2.51149904216e-05, 2.29691177083e-05, 1.68331807799e-05, 1.17245108413e-05, 1.12380512292e-05, 1.22043220472e-05, 1.56453497766e-05, 1.27591947603e-05, 8.89384227776e-06, 8.07843298389e-06, 8.60936779645e-06, 9.30260284804e-06, 9.90970420389e-06, 7.95760206529e-06, 5.28511236553e-06, 5.59251384402e-06, 5.0135327001e-06, 4.57560281575e-06, 6.0446268435e-06, 8.65762649482e-06, 5.7951533563e-06, 4.01420356866e-06, 2.86616159428e-06, 3.58427541869e-06, 4.71861039841e-06, 4.41087058789e-06, 3.29179306391e-06, 3.19353807754e-06], "dmean2": [0.00452403537929, 0.0037270532921, 0.00292169814929, 0.00161919370294, 0.00106975145172, 0.000937358476222, 0.000456369365565, 0.000320039747749, 9.96911767288e-05, 0.000239597924519, 0.000103800084617, 3.85239218303e-05, 4.20206124545e-05, 3.85725288652e-05, 2.76239261439e-05, 1.89566817426e-05, 1.85034677997e-05, 2.01094899239e-05, 2.84788711724e-05, 2.29223805945e-05, 1.52651373355e-05, 1.30591615743e-05, 1.30283287945e-05, 1.44892237586e-05, 1.48313338286e-05, 1.21847424452e-05, 8.28693373478e-06, 8.50876131153e-06, 7.54218808652e-06, 6.55460598864e-06, 8.98833241081e-06, 1.35726950248e-05, 8.73898625287e-06, 6.01850297244e-06, 4.13917859987e-06, 5.34204582436e-06, 6.78897322359e-06, 6.55514077152e-06, 4.92397657581e-06, 5.06205651618e-06], "dvar": [3.22843261529e-05, 2.16712996917e-05, 1.46675311044e-05, 4.98724284625e-06, 1.84712450846e-06, 1.82044220765e-06, 2.87341919147e-07, 1.9898766368e-07, 1.50104160213e-08, 1.57875376772e-07, 1.96918694684e-08, 2.97083668777e-09, 2.89054691294e-09, 2.4366764162e-09, 2.22337481759e-09, 2.45893483353e-09, 8.46946623945e-10, 1.5743195636e-09, 1.29711108521e-09, 8.07667543956e-10, 4.05800421044e-10, 3.1510474785e-10, 2.59501170552e-10, 2.98936042586e-10, 2.75372169511e-10, 2.07201852898e-10, 1.01194573554e-10, 1.20048762597e-10, 1.08113983044e-10, 1.03843378341e-10, 2.23559504242e-10, 5.1574255977e-10, 1.87513074512e-10, 6.71639271976e-11, 3.52360814138e-11, 5.78417071184e-11, 1.05446720799e-10, 9.44799863345e-11, 5.73605191123e-11, 6.35685948325e-11], "dvar2": [4.02046025556e-05, 6.003265662e-05, 4.18396630266e-05, 1.43029128594e-05, 5.22594655195e-06, 4.37757898908e-06, 7.64061894643e-07, 4.71622740861e-07, 4.08652667261e-08, 3.42941831377e-07, 5.11859923336e-08, 7.62706786617e-09, 7.01458002794e-09, 6.35947161598e-09, 5.32934940622e-09, 4.42281011814e-09, 1.97646321531e-09, 3.51464590764e-09, 3.71785535691e-09, 2.21393325894e-09, 1.11322273622e-09, 7.82683473588e-10, 6.0016042136e-10, 7.27442384107e-10, 6.20510087757e-10, 4.34121905091e-10, 2.35992614339e-10, 2.70360456245e-10, 1.9530191353e-10, 1.9464177492e-10, 4.89797202796e-10, 1.28753285811e-09, 4.45341041821e-10, 1.53146995086e-10, 6.72008282354e-11, 1.13269275903e-10, 2.17568324468e-10, 2.19678136792e-10, 1.37024294689e-10, 1.51588963604e-10], "max": [0.0806759372354, 0.0339831262827, 0.0264203734696, 0.015255424194, 0.0103819845244, 0.0223952811211, 0.0107276719064, 0.00710106315091, 0.00131034478545, 0.00844009593129, 0.00292882579379, 0.000859112362377, 0.00107893720269, 0.000728792278096, 0.000854721351061, 0.00184117350727, 0.000777702312917, 0.000914576230571, 0.000375896866899, 0.000269589771051, 0.000134219793836, 0.00032987978193, 0.000357773038559, 0.000245025585173, 0.000152325432282, 0.000105693965452, 0.000159287214046, 0.000105763603642, 0.000124636091641, 8.06970492704e-05, 0.000104753948108, 0.000173331820406, 0.000112452820758, 5.53598292754e-05, 4.52699459856e-05, 6.91447930876e-05, 0.000166250247275, 9.72290581558e-05, 0.000105141974927, 0.000121188735648], "mean": [0.018873071298, 0.00246830261312, 0.00116359617095, 0.000632828450762, 0.000477883178974, 0.000677662843373, 0.000330722745275, 0.000198563328013, 6.44714018563e-05, 0.000178869988304, 7.96366366558e-05, 2.06444874493e-05, 2.97577098536e-05, 2.72930501524e-05, 1.81797749974e-05, 1.51743197421e-05, 1.51947106133e-05, 1.44424275277e-05, 1.37471697599e-05, 1.16377668746e-05, 8.45582508191e-06, 9.50947287492e-06, 1.28397650769e-05, 1.23014551718e-05, 1.30285079649e-05, 1.03264010249e-05, 7.26885991753e-06, 7.33773140382e-06, 6.78273863741e-06, 5.45496868654e-06, 6.16061515757e-06, 8.41777637106e-06, 7.06002492734e-06, 4.69126962344e-06, 3.34823312187e-06, 4.00589624405e-06, 5.62950526728e-06, 4.99113320984e-06, 3.71025998902e-06, 3.40267229149e-06], "median": [0.016550919041, 0.00131042697467, 0.000263924623141, 8.90223163879e-05, 8.55592370499e-05, 8.48083582241e-05, 6.99008814991e-05, 3.47316345142e-05, 1.96590153791e-05, 1.55294801516e-05, 1.24763009808e-05, 4.25606094723e-06, 6.33398076388e-06, 5.80720643484e-06, 3.56283226211e-06, 3.92843594454e-06, 3.64511447515e-06, 2.56058478953e-06, 2.48961509897e-06, 1.97335839403e-06, 1.98749830815e-06, 2.97559540741e-06, 3.03161959891e-06, 3.43694409821e-06, 2.97188876175e-06, 1.49831862473e-06, 1.43994282098e-06, 1.58237628511e-06, 1.09610948584e-06, 6.10027029779e-07, 4.64446486603e-07, 5.15167073445e-07, 5.19818627254e-07, 4.4866612825e-07, 3.65403622027e-07, 3.34436663252e-07, 3.63353109378e-07, 2.58778811713e-07, 1.77571365612e-07, 1.24651208466e-07], "min": [5.85788431651e-11, 4.58833471217e-10, 2.15651333596e-11, 3.03331795445e-12, 4.2502503253e-12, 2.77911851518e-12, 3.27742802515e-12, 2.34388203291e-12, 2.87103283855e-12, 8.23794418098e-12, 1.57372691267e-11, 1.18823995782e-11, 9.44538891545e-12, 7.63711142937e-12, 6.22005095e-12, 4.9698053832e-12, 4.18723259191e-12, 3.41236153917e-12, 2.76929802874e-12, 2.31352437208e-12, 1.89167410035e-12, 1.5388815439e-12, 1.34899296594e-12, 1.17156729196e-12, 9.90042249571e-13, 8.27345516315e-13, 7.02875420627e-13, 6.0646344717e-13, 5.34052945096e-13, 4.50298652532e-13, 3.86288521786e-13, 3.31655492999e-13, 2.8761620364e-13, 2.53594779724e-13, 2.02354124667e-13, 1.84199077974e-13, 1.66883800073e-13, 1.4520317186e-13, 1.28609525373e-13, 1.12203845661e-13], "var": [0.000250396580668, 1.55005836859e-05, 8.61538865138e-06, 2.93795960715e-06, 1.22835899674e-06, 2.67075461124e-06, 5.10217432748e-07, 2.85493371166e-07, 1.550943729e-08, 3.50846562469e-07, 4.93906640031e-08, 2.68749644761e-09, 5.01492714022e-09, 3.35732863732e-09, 2.50910092703e-09, 5.03800023921e-09, 2.42665576522e-09, 2.61646238009e-09, 1.05841413411e-09, 7.46049666489e-10, 3.34171190719e-10, 4.19481283043e-10, 6.38754715787e-10, 4.55742665828e-10, 4.26925161889e-10, 3.26409371754e-10, 1.69160824237e-10, 1.80500669966e-10, 1.83880063953e-10, 1.5601418768e-10, 2.56326043724e-10, 4.88648121966e-10, 2.34580771474e-10, 8.91463430852e-11, 5.20881567045e-11, 8.03531061133e-11, 1.63933033814e-10, 1.33190888874e-10, 7.85854992191e-11, 9.44609807041e-11]}, "mfcc": {"mean": [-701.464782715, 109.402236938, 36.3576507568, 41.2888946533, 19.1278495789, 12.2211589813, 10.7464761734, 12.4299726486, 4.71937894821, 10.2650327682, 9.73748111725, 9.57402515411, 7.18935346603], "cov": [[13613.9287109, -2008.5090332, -1855.06787109, -902.41015625, -1263.00720215, -1398.30175781, -803.297241211, -500.640197754, -566.056762695, -333.384490967, -183.347335815, -192.221038818, -206.99319458], [-2008.5090332, 3922.23657227, -409.838165283, -659.547302246, -92.4010238647, -81.991317749, -178.606063843, -203.118041992, 19.1384830475, 19.1598701477, -256.053405762, -40.2428588867, -46.7751808167], [-1855.06787109, -409.838165283, 1395.14709473, 339.297729492, 188.912582397, 190.881622314, 98.276473999, 39.6269836426, 28.9373607635, -32.8636703491, 71.1078491211, -25.8357906342, -17.6441783905], [-902.41015625, -659.547302246, 339.297729492, 885.876647949, 271.994628906, 119.361747742, 93.4134979248, 114.845046997, -19.6472835541, -12.5508337021, 58.3825187683, 52.5693588257, 18.3645973206], [-1263.00720215, -92.4010238647, 188.912582397, 271.994628906, 473.641723633, 242.480911255, 103.969985962, 121.766212463, 68.5692825317, 0.684563279152, 30.1912727356, 20.3830184937, 1.94780623913], [-1398.30175781, -81.991317749, 190.881622314, 119.361747742, 242.480911255, 437.740570068, 229.948760986, 103.519950867, 98.71534729, 62.3861312866, 49.2124671936, -17.2909641266, 16.756023407], [-803.297241211, -178.606063843, 98.276473999, 93.4134979248, 103.969985962, 229.948760986, 291.610015869, 127.915626526, 60.4512367249, 68.0751953125, 65.510635376, 19.9405345917, 27.355052948], [-500.640197754, -203.118041992, 39.6269836426, 114.845046997, 121.766212463, 103.519950867, 127.915626526, 206.18649292, 97.5761489868, 26.8127193451, 56.0865249634, 32.2337379456, 23.4760017395], [-566.056762695, 19.1384830475, 28.9373607635, -19.6472835541, 68.5692825317, 98.71534729, 60.4512367249, 97.5761489868, 162.209899902, 83.4029769897, 37.2524261475, 12.2968969345, 22.2177715302], [-333.384490967, 19.1598701477, -32.8636703491, -12.5508337021, 0.684563279152, 62.3861312866, 68.0751953125, 26.8127193451, 83.4029769897, 141.942749023, 69.1463394165, 16.4350776672, 18.8556118011], [-183.347335815, -256.053405762, 71.1078491211, 58.3825187683, 30.1912727356, 49.2124671936, 65.510635376, 56.0865249634, 37.2524261475, 69.1463394165, 142.288467407, 54.9966163635, 26.9163303375], [-192.221038818, -40.2428588867, -25.8357906342, 52.5693588257, 20.3830184937, -17.2909641266, 19.9405345917, 32.2337379456, 12.2968969345, 16.4350776672, 54.9966163635, 136.578887939, 65.8099060059], [-206.99319458, -46.7751808167, -17.6441783905, 18.3645973206, 1.94780623913, 16.756023407, 27.355052948, 23.4760017395, 22.2177715302, 18.8556118011, 26.9163303375, 65.8099060059, 104.593330383]], "icov": [[0.000229931552894, 0.000185236509424, 0.000252500001807, 0.000138554343721, 0.000203023446375, 0.000361615180736, 0.000115452101454, 7.39601164241e-05, 0.000219265886699, 0.000218974048039, -0.000103423270048, 0.000232899154071, 0.000241664005443], [0.000185236509424, 0.00050785363419, 0.000205227726838, 0.00035921856761, 3.20921317325e-05, 0.000215237043449, 0.000215840162127, 0.00017377740005, 0.000209663965506, -0.000302486529108, 0.000754307955503, -0.000209714969969, 0.000382551079383], [0.000252500001807, 0.000205227726838, 0.00121006357949, -0.000200121852686, 0.000164918223163, 0.00025642113178, -0.000192434759811, 0.000831363431644, -0.000614899734501, 0.00139017566107, -0.0010423574131, 0.000695325725246, 0.000361078797141], [0.000138554343721, 0.00035921856761, -0.000200121852686, 0.00193530018441, -0.000780325150117, 0.000190866208868, 0.000370993337128, -0.00105043570511, 0.00179875700269, -0.000995600479655, 0.000662630831357, -0.000524342001881, 0.000140765827382], [0.000203023446375, 3.20921317325e-05, 0.000164918223163, -0.000780325150117, 0.00422056950629, -0.00201693596318, 0.00117566634435, -0.00126928254031, -0.000323499756632, 0.00114491698332, -7.63310381444e-05, -0.000772763683926, 0.00117108249106], [0.000361615180736, 0.000215237043449, 0.00025642113178, 0.000190866208868, -0.00201693596318, 0.0067540993914, -0.00432583549991, 0.00231509935111, -0.00232288520783, 0.00124668213539, -0.00105629651807, 0.00261943344958, -0.000718697265256], [0.000115452101454, 0.000215840162127, -0.000192434759811, 0.000370993337128, 0.00117566634435, -0.00432583549991, 0.00918751489371, -0.00563639448956, 0.00462436908856, -0.00428210105747, 0.000968256848864, -0.000920775928535, -0.00011944486323], [7.39601164241e-05, 0.00017377740005, 0.000831363431644, -0.00105043570511, -0.00126928254031, 0.00231509935111, -0.00563639448956, 0.0132231619209, -0.00942476186901, 0.0067058573477, -0.00368158123456, 0.000300847925246, 0.000258951913565], [0.000219265886699, 0.000209663965506, -0.000614899734501, 0.00179875700269, -0.000323499756632, -0.00232288520783, 0.00462436908856, -0.00942476186901, 0.0176673624665, -0.0109135098755, 0.00372021039948, -0.00037253255141, -0.00111620454118], [0.000218974048039, -0.000302486529108, 0.00139017566107, -0.000995600479655, 0.00114491698332, 0.00124668213539, -0.00428210105747, 0.0067058573477, -0.0109135098755, 0.0185747221112, -0.00892816856503, 0.00226446148008, -5.63508401683e-05], [-0.000103423270048, 0.000754307955503, -0.0010423574131, 0.000662630831357, -7.63310381444e-05, -0.00105629651807, 0.000968256848864, -0.00368158123456, 0.00372021039948, -0.00892816856503, 0.0152484150603, -0.00567794358358, 0.00105197366793], [0.000232899154071, -0.000209714969969, 0.000695325725246, -0.000524342001881, -0.000772763683926, 0.00261943344958, -0.000920775928535, 0.000300847925246, -0.00037253255141, 0.00226446148008, -0.00567794358358, 0.0140170250088, -0.00734286475927], [0.000241664005443, 0.000382551079383, 0.000361078797141, 0.000140765827382, 0.00117108249106, -0.000718697265256, -0.00011944486323, 0.000258951913565, -0.00111620454118, -5.63508401683e-05, 0.00105197366793, -0.00734286475927, 0.0149094816297]]}, "spectral_contrast_coeffs": {"dmean": [0.0725920274854, 0.0609120279551, 0.0477568097413, 0.0370943807065, 0.0288690496236, 0.0213160216808], "dmean2": [0.115939460695, 0.0979521796107, 0.0755638033152, 0.0571887567639, 0.04422076419, 0.0311824847013], "dvar": [0.00435219192877, 0.00294177397154, 0.00195774016902, 0.0011694469722, 0.000743877899367, 0.000402565812692], "dvar2": [0.011806265451, 0.00758129125461, 0.00443329615518, 0.00247503444552, 0.00154106353875, 0.000702148070559], "max": [-0.355375409126, -0.291348397732, -0.361813604832, -0.504754364491, -0.581992208958, -0.652319610119], "mean": [-0.688083052635, -0.716686367989, -0.76620388031, -0.799491643906, -0.79900598526, -0.798581123352], "median": [-0.695333898067, -0.731111288071, -0.779089331627, -0.813289761543, -0.800140500069, -0.796185433865], "min": [-0.951385557652, -0.968688488007, -0.972819566727, -0.99243837595, -0.98218691349, -0.909035265446], "var": [0.00725924782455, 0.0130353523418, 0.0103369355202, 0.00481301778927, 0.00288712070324, 0.00181178830098]}, "spectral_contrast_valleys": {"dmean": [0.614070773125, 0.755373239517, 0.755817949772, 0.687526881695, 0.641647100449, 0.693263888359], "dmean2": [0.94085007906, 1.16712415218, 1.16250371933, 1.006275177, 0.849430978298, 0.887711763382], "dvar": [0.41153922677, 0.762145280838, 0.802705109119, 0.716355919838, 0.627394080162, 0.555217325687], "dvar2": [0.944113850594, 1.76936674118, 1.83822655678, 1.57045519352, 1.19302594662, 1.02766120434], "max": [-4.89243841171, -4.46410894394, -5.24366378784, -5.70789813995, -5.80320215225, -7.32784700394], "mean": [-7.15136194229, -7.57361698151, -8.47336959839, -8.68618011475, -8.1461067199