{"lowlevel": {"average_loudness": 0.957835793495, "barkbands_crest": {"dmean": 1.68757164478, "dmean2": 2.67484116554, "dvar": 3.34871292114, "dvar2": 8.33851909637, "max": 23.1951541901, "mean": 8.72571086884, "median": 7.79106807709, "min": 2.41831254959, "var": 9.97266769409}, "barkbands_flatness_db": {"dmean": 0.019314525649, "dmean2": 0.0285810008645, "dvar": 0.000555213948246, "dvar2": 0.001209781738, "max": 0.390017777681, "mean": 0.172486290336, "median": 0.173162698746, "min": 0.0369096510112, "var": 0.00228811893612}, "barkbands_kurtosis": {"dmean": 2.48521614075, "dmean2": 3.891299963, "dvar": 15.6719255447, "dvar2": 46.2964134216, "max": 83.6602249146, "mean": 6.79081106186, "median": 6.01281738281, "min": -1.6489366293, "var": 45.0190658569}, "barkbands_skewness": {"dmean": 0.365005731583, "dmean2": 0.553771495819, "dvar": 0.126621186733, "dvar2": 0.330635249615, "max": 7.26869106293, "mean": 1.95776057243, "median": 2.02317023277, "min": -2.07232379913, "var": 0.817975282669}, "barkbands_spread": {"dmean": 2.6603782177, "dmean2": 3.9268476963, "dvar": 12.9684486389, "dvar2": 27.600769043, "max": 47.2356491089, "mean": 11.9830741882, "median": 10.6309261322, "min": 0.805293619633, "var": 38.2775650024}, "dissonance": {"dmean": 0.0244108531624, "dmean2": 0.0405274108052, "dvar": 0.000538788852282, "dvar2": 0.00141988904215, "max": 0.499999940395, "mean": 0.441291004419, "median": 0.446918994188, "min": 0.238267883658, "var": 0.00136371538974}, "dynamic_complexity": 3.42521643639, "erbbands_crest": {"dmean": 2.44053411484, "dmean2": 3.69663381577, "dvar": 4.7109503746, "dvar2": 10.7447605133, "max": 28.4351215363, "mean": 10.845741272, "median": 9.77010154724, "min": 2.53168201447, "var": 25.76612854}, "erbbands_flatness_db": {"dmean": 0.0167166106403, "dmean2": 0.0227442160249, "dvar": 0.000352461065631, "dvar2": 0.000650919449981, "max": 0.43391263485, "mean": 0.16789457202, "median": 0.166619330645, "min": 0.0661220774055, "var": 0.00234694848768}, "erbbands_kurtosis": {"dmean": 1.01880192757, "dmean2": 1.50407123566, "dvar": 1.47931611538, "dvar2": 3.29489159584, "max": 28.7035884857, "mean": 1.31083106995, "median": 0.812702178955, "min": -1.58764064312, "var": 4.44658851624}, "erbbands_skewness": {"dmean": 0.308942198753, "dmean2": 0.455839842558, "dvar": 0.0751351937652, "dvar2": 0.175686761737, "max": 4.33595371246, "mean": 0.824574112892, "median": 0.855015158653, "min": -2.23441171646, "var": 0.421569824219}, "erbbands_spread": {"dmean": 6.55768918991, "dmean2": 9.38948249817, "dvar": 58.8608512878, "dvar2": 119.547950745, "max": 101.200660706, "mean": 32.494758606, "median": 28.9995307922, "min": 4.12793731689, "var": 249.772567749}, "hfc": {"dmean": 5.67534828186, "dmean2": 8.46554851532, "dvar": 121.764144897, "dvar2": 296.715820312, "max": 103.196388245, "mean": 17.0965538025, "median": 14.049413681, "min": 1.10916846861e-16, "var": 181.8855896}, "melbands_crest": {"dmean": 1.80228030682, "dmean2": 2.95981144905, "dvar": 4.20900249481, "dvar2": 11.1021909714, "max": 28.1173362732, "mean": 11.6089582443, "median": 10.6206445694, "min": 1.72701251507, "var": 13.1749563217}, "melbands_flatness_db": {"dmean": 0.02145858109, "dmean2": 0.0321278572083, "dvar": 0.000788698962424, "dvar2": 0.00178183044773, "max": 0.491902917624, "mean": 0.2577496171, "median": 0.259545743465, "min": 0.00407525757328, "var": 0.00387548422441}, "melbands_kurtosis": {"dmean": 4.90612220764, "dmean2": 7.70141887665, "dvar": 55.6181869507, "dvar2": 168.19519043, "max": 186.321746826, "mean": 14.1459169388, "median": 11.7929458618, "min": -1.42430043221, "var": 182.705566406}, "melbands_skewness": {"dmean": 0.494350045919, "dmean2": 0.747985064983, "dvar": 0.236243933439, "dvar2": 0.593488931656, "max": 9.12294387817, "mean": 2.61404848099, "median": 2.56785202026, "min": -1.31108570099, "var": 1.39500558376}, "melbands_spread": {"dmean": 2.55689191818, "dmean2": 3.9548099041, "dvar": 12.5690031052, "dvar2": 26.836938858, "max": 160.188690186, "mean": 11.933259964, "median": 9.89839839935, "min": 0.701117873192, "var": 66.140411377}, "pitch_salience": {"dmean": 0.0542294532061, "dmean2": 0.0891016349196, "dvar": 0.0030594272539, "dvar2": 0.00823790952563, "max": 0.977179586887, "mean": 0.586234092712, "median": 0.602270960808, "min": 0.188216626644, "var": 0.0102574918419}, "silence_rate_20dB": {"dmean": 0, "dmean2": 0, "dvar": 0, "dvar2": 0, "max": 1, "mean": 1, "median": 1, "min": 1, "var": 0}, "silence_rate_30dB": {"dmean": 0.00802496634424, "dmean2": 0.0160535108298, "dvar": 0.00796087644994, "dvar2": 0.021594023332, "max": 1, "mean": 0.994874060154, "median": 1, "min": 0, "var": 0.00509992800653}, "silence_rate_60dB": {"dmean": 0.00445831473917, "dmean2": 0.00891861785203, "dvar": 0.00443845754489, "dvar2": 0.0106227276847, "max": 1, "mean": 0.0688656121492, "median": 0, "min": 0, "var": 0.064122132957}, "spectral_centroid": {"dmean": 119.050506592, "dmean2": 185.513565063, "dvar": 46536.390625, "dvar2": 93949.1171875, "max": 11228.171875, "mean": 782.708251953, "median": 652.268676758, "min": 153.583374023, "var": 380613.03125}, "spectral_complexity": {"dmean": 2.76549267769, "dmean2": 4.52263116837, "dvar": 20.3405094147, "dvar2": 51.4855995178, "max": 44, "mean": 12.6679296494, "median": 12, "min": 0, "var": 38.0797080994}, "spectral_decrease": {"dmean": 1.90621762819e-09, "dmean2": 3.00780778062e-09, "dvar": 9.10207873921e-18, "dvar2": 2.13996289766e-17, "max": 8.28864817393e-29, "mean": -9.54382084473e-09, "median": -9.62675272831e-09, "min": -3.86634226857e-08, "var": 2.98803279853e-17}, "spectral_energy": {"dmean": 0.00763108069077, "dmean2": 0.0120116844773, "dvar": 0.000149322353536, "dvar2": 0.000350916292518, "max": 0.153604820371, "mean": 0.0375712178648, "median": 0.0375799946487, "min": 1.00648105761e-20, "var": 0.000464893440949}, "spectral_energyband_high": {"dmean": 0.000380549143301, "dmean2": 0.000569725176319, "dvar": 9.76075057224e-07, "dvar2": 2.38134020947e-06, "max": 0.010666933842, "mean": 0.000545764458366, "median": 0.00018157325394, "min": 7.41168853808e-21, "var": 1.06919696918e-06}, "spectral_energyband_low": {"dmean": 0.00307510164566, "dmean2": 0.00515151536092, "dvar": 3.34019605361e-05, "dvar2": 8.76431295183e-05, "max": 0.0640439093113, "mean": 0.0145391635597, "median": 0.0163204446435, "min": 4.90287623331e-23, "var": 9.6085772384e-05}, "spectral_energyband_middle_high": {"dmean": 0.00120685820002, "dmean2": 0.00188651576173, "dvar": 2.91315654977e-06, "dvar2": 7.21142760085e-06, "max": 0.022493397817, "mean": 0.00310589303263, "median": 0.00224778545089, "min": 1.37433918123e-21, "var": 9.26393659029e-06}, "spectral_energyband_middle_low": {"dmean": 0.00564818270504, "dmean2": 0.00895148143172, "dvar": 8.13540391391e-05, "dvar2": 0.000200545284315, "max": 0.119238033891, "mean": 0.0215863380581, "median": 0.0198853332549, "min": 2.11936001885e-22, "var": 0.000204688622034}, "spectral_entropy": {"dmean": 0.180581972003, "dmean2": 0.254008501768, "dvar": 0.0585965923965, "dvar2": 0.125328943133, "max": 9.81932067871, "mean": 7.12308454514, "median": 7.11818504333, "min": 5.55158042908, "var": 0.291988283396}, "spectral_flux": {"dmean": 0.0210775751621, "dmean2": 0.0328591167927, "dvar": 0.000902542378753, "dvar2": 0.00179628329352, "max": 0.299981892109, "mean": 0.0625962764025, "median": 0.0503671579063, "min": 6.33683314155e-11, "var": 0.00176293111872}, "spectral_kurtosis": {"dmean": 1.99808239937, "dmean2": 3.11998295784, "dvar": 6.90935754776, "dvar2": 14.8702859879, "max": 43.5209121704, "mean": 6.63078451157, "median": 5.09097099304, "min": -1.22835552692, "var": 28.2059803009}, "spectral_rms": {"dmean": 0.000564150628634, "dmean2": 0.000875575467944, "dvar": 6.17827026872e-07, "dvar2": 1.40616702993e-06, "max": 0.0122416652739, "mean": 0.00568438135087, "median": 0.00605503190309, "min": 3.13358063456e-12, "var": 4.34266030425e-06}, "spectral_rolloff": {"dmean": 150.258209229, "dmean2": 260.301818848, "dvar": 117242.40625, "dvar2": 227256.3125, "max": 19272.2167969, "mean": 823.579711914, "median": 602.9296875, "min": 86.1328125, "var": 1414240.875}, "spectral_skewness": {"dmean": 0.247985735536, "dmean2": 0.375433683395, "dvar": 0.0931401252747, "dvar2": 0.192954689264, "max": 5.50708150864, "mean": 1.97184312344, "median": 1.80150580406, "min": -0.038765437901, "var": 0.535557746887}, "spectral_spread": {"dmean": 552729.6875, "dmean2": 692664.4375, "dvar": 927330205696, "dvar2": 1326755872770.0, "max": 41390108, "mean": 4464918, "median": 4041341, "min": 1803987.125, "var": 3629560627200.0}, "spectral_strongpeak": {"dmean": 0.453247606754, "dmean2": 0.774457931519, "dvar": 0.560505330563, "dvar2": 1.35153019428, "max": 8.20142841339, "mean": 0.946593761444, "median": 0.523273587227, "min": 0, "var": 1.37279081345}, "zerocrossingrate": {"dmean": 0.00652268016711, "dmean2": 0.00790035817772, "dvar": 7.33802080504e-05, "dvar2": 0.000109521242848, "max": 0.52294921875, "mean": 0.0419070906937, "median": 0.03369140625, "min": 0.00439453125, "var": 0.00153046229389}, "barkbands": {"dmean": [5.56789818802e-05, 0.00189056433737, 0.00190233089961, 0.00129572546575, 0.0014938932145, 0.00298506976105, 0.000471633509733, 0.00066113716457, 0.00126225710846, 0.000327947112964, 0.000244647875661, 0.000114998605568, 0.000640987651423, 0.00011886232096, 6.97482028045e-05, 6.30706199445e-05, 7.68314203015e-05, 5.28178206878e-05, 7.28149825591e-05, 8.61227381392e-05, 7.73981955717e-05, 8.38414853206e-05, 9.07456633286e-05, 5.54284779355e-05, 2.9170225389e-05, 2.31084795814e-05, 4.98307190355e-06], "dmean2": [9.27208166104e-05, 0.00314676901326, 0.00304372585379, 0.00229184539057, 0.00253325235099, 0.00458812713623, 0.000816931424197, 0.000926949025597, 0.00169816974085, 0.000467108446173, 0.000384201353882, 0.000189496844541, 0.00100777775515, 0.000192084014998, 0.000118747280794, 0.000107114159619, 0.000131329303258, 9.29317684495e-05, 0.000119003590953, 0.000147165905219, 0.000122989818919, 0.000134810485179, 0.000145058787894, 8.12491052784e-05, 4.16410512116e-05, 3.28238565999e-05, 8.1505813796e-06], "dvar": [8.91619933441e-09, 1.17336903713e-05, 1.90606097021e-05, 7.02972920408e-06, 7.65867662267e-06, 2.88667706627e-05, 1.5497134882e-06, 1.57591409788e-06, 2.9849954899e-06, 3.30221894274e-07, 2.2317777848e-07, 5.52403562892e-08, 1.40660154102e-06, 8.55249595588e-08, 2.28028635973e-08, 3.0414636143e-08, 2.42420572505e-08, 1.1795354915e-08, 1.98842791121e-08, 4.13235312635e-08, 6.28873664255e-08, 5.31323927078e-08, 6.33543422168e-08, 2.02547063566e-08, 5.03068031676e-09, 2.82810774799e-09, 2.24534113524e-10], "dvar2": [2.24896545831e-08, 2.78727929981e-05, 4.63564247184e-05, 1.93877804122e-05, 2.04244006454e-05, 6.61175581627e-05, 4.48213586424e-06, 3.54690200766e-06, 5.62188188269e-06, 5.58331862521e-07, 5.38944561868e-07, 1.35404036428e-07, 3.50351342604e-06, 1.86129469171e-07, 5.97374878453e-08, 7.92226089175e-08, 6.60089014559e-08, 3.32911689327e-08, 5.05516695171e-08, 1.15988839866e-07, 1.4178347385e-07, 1.39190035497e-07, 1.64335432373e-07, 4.49740547026e-08, 1.00345731724e-08, 5.1814530444e-09, 6.14010231548e-10], "max": [0.00107167405076, 0.0512417554855, 0.0482498779893, 0.036277089268, 0.0436749234796, 0.0842695832253, 0.0138057265431, 0.0240129642189, 0.0303774457425, 0.0106568355113, 0.00617275200784, 0.00334373349324, 0.0221618134528, 0.00610927026719, 0.00310980714858, 0.00720736850053, 0.00259384163655, 0.00108783692122, 0.00199108780362, 0.00213614595123, 0.00484774447978, 0.00256141205318, 0.00236962968484, 0.00163216155488, 0.000745396071579, 0.000492796010803, 0.000197817469598], "mean": [9.81934426818e-05, 0.00554527714849, 0.00691255601123, 0.00308288657106, 0.00656231958419, 0.00633060093969, 0.000679381657392, 0.00149220705498, 0.00296273711137, 0.000606241927017, 0.000389679247746, 0.000187106852536, 0.00144353008363, 0.000186509947525, 9.5712915936e-05, 9.22569233808e-05, 0.000116650342534, 7.56159497541e-05, 0.000118903590192, 0.000119820397231, 0.000112692774564, 0.00010082119843, 0.000105598293885, 7.4395473348e-05, 4.01324905397e-05, 3.14267163048e-05, 8.05478157417e-06], "median": [2.61359655269e-05, 0.00618937099352, 0.00749745126814, 0.00292278267443, 0.00758312642574, 0.0033359110821, 0.000354605756002, 0.000581686501391, 0.00153362040874, 0.000244044393185, 0.000128898827825, 5.13808445248e-05, 0.000333669770043, 5.02082584717e-05, 4.63102769572e-05, 3.98579068133e-05, 5.22558621014e-05, 3.81757563446e-05, 6.81672463543e-05, 4.97256842209e-05, 3.93227310269e-05, 2.57100127783e-05, 2.28729877563e-05, 1.56463993335e-05, 7.22571303413e-06, 6.07125548413e-06, 3.59174532605e-06], "min": [7.1308142783e-24, 1.62714647051e-23, 6.30567444891e-24, 1.0765474333e-23, 1.2753665716e-23, 3.71679357005e-23, 3.33301273966e-23, 2.39140185746e-23, 5.32713982763e-23, 3.15219572277e-23, 4.23021580161e-23, 5.18785507522e-23, 5.64369708712e-23, 9.16648861911e-23, 8.75636677646e-23, 7.7584047199e-23, 9.27331363854e-23, 1.45874934281e-22, 2.14434936528e-22, 2.15873364436e-22, 3.4774382146e-22, 5.00973072458e-22, 4.50410344851e-22, 7.28548109261e-22, 1.11886184391e-21, 1.34452554016e-21, 2.2586326165e-21], "var": [1.81407369126e-08, 2.17706237891e-05, 3.29251524818e-05, 8.34815637063e-06, 2.5202114557e-05, 7.84297080827e-05, 1.19372680274e-06, 5.29458384335e-06, 1.43550269058e-05, 1.15167699732e-06, 3.9667381202e-07, 1.15829273284e-07, 7.94844709162e-06, 2.13682284311e-07, 2.45699105506e-08, 4.74831303166e-08, 3.56411220537e-08, 1.20316245855e-08, 2.39156499049e-08, 3.85202270081e-08, 8.15867480242e-08, 4.76874575384e-08, 5.66401539004e-08, 2.55372967217e-08, 6.9531633784e-09, 4.26371293827e-09, 2.24382248892e-10]}, "erbbands": {"dmean": [0.0555935613811, 0.451362788677, 1.66758215427, 3.59663629532, 4.80302810669, 5.0340628624, 13.8990936279, 26.7754478455, 8.39410400391, 11.4078149796, 13.7406702042, 35.1423683167, 13.8049764633, 4.81162643433, 9.74541091919, 7.00237607956, 29.683807373, 9.40829086304, 3.66146278381, 4.26066446304, 3.20264005661, 3.59044623375, 3.04131245613, 3.38916015625, 3.55981111526, 4.08317565918, 3.8392598629, 2.60010790825, 2.41255903244, 3.84102225304, 2.23943114281, 1.07831811905, 0.935038328171, 0.379664599895, 0.225497946143, 0.121143370867, 0.0426837578416, 0.0054405615665, 0.0010190064786, 4.10272841691e-05], "dmean2": [0.0946740359068, 0.759219288826, 2.79076218605, 5.89183616638, 8.53051567078, 8.53231716156, 21.5414810181, 41.9631462097, 13.813164711, 17.1775054932, 19.720911026, 47.038646698, 19.3556213379, 7.43787622452, 15.5219745636, 11.1080570221, 46.5218734741, 14.9175291061, 6.10422611237, 7.16432142258, 5.42626810074, 6.14214372635, 5.34567737579, 5.7230629921, 5.91701173782, 6.89771986008, 6.43741512299, 4.07088661194, 3.84835553169, 6.25881004333, 3.55278539658, 1.60990560055, 1.36929416656, 0.55754417181, 0.322901189327, 0.169626221061, 0.0615464635193, 0.00847065448761, 0.00163476716261, 6.56104966765e-05], "dvar": [0.0124929752201, 0.622149050236, 12.6084985733, 60.0787658691, 120.967330933, 72.9071426392, 595.073913574, 2547.64282227, 362.727081299, 621.52911377, 672.563964844, 2359.42993164, 522.731140137, 83.0808029175, 342.533050537, 123.732582092, 2859.97094727, 345.684692383, 62.3037719727, 87.9058609009, 75.0185317993, 58.9991722107, 33.7183837891, 55.5076713562, 53.6868400574, 86.2400283813, 119.591941833, 59.784954071, 38.2887802124, 131.364059448, 35.7079238892, 7.67226839066, 7.65591907501, 0.939185261726, 0.299906462431, 0.0852107852697, 0.00973730813712, 0.000174594082637, 9.05418801267e-06, 1.31072184217e-08], "dvar2": [0.0312545411289, 1.56294608116, 31.2331790924, 157.904708862, 343.549163818, 191.797317505, 1311.6472168, 6036.80419922, 1010.19976807, 1607.45068359, 1480.37133789, 4331.54394531, 904.62097168, 190.294509888, 841.005004883, 293.003814697, 7143.90478516, 781.994995117, 161.235305786, 228.449371338, 180.60144043, 156.873397827, 95.4279022217, 147.131164551, 142.391784668, 238.538909912, 307.186096191, 135.167556763, 98.6838989258, 346.522674561, 91.1392745972, 17.4843921661, 16.7894802094, 2.05297851562, 0.568126618862, 0.157667785883, 0.019082872197, 0.000446337973699, 2.44779566856e-05, 3.49760505003e-08], "max": [1.40061557293, 11.4691295624, 40.5777015686, 94.0837402344, 138.246612549, 173.592849731, 415.352416992, 863.689697266, 299.713043213, 519.45690918, 561.277832031, 894.661254883, 427.391571045, 210.796768188, 301.754180908, 172.241287231, 988.628234863, 328.617126465, 141.025192261, 184.173156738, 389.984527588, 166.047897339, 57.9065208435, 91.9583053589, 91.9720687866, 95.8534393311, 168.242202759, 139.058517456, 52.6591110229, 116.085166931, 53.5768928528, 50.5611000061, 34.7888832092, 10.4130373001, 6.63992643356, 2.90804672241, 0.884740352631, 0.146132260561, 0.0462911315262, 0.00194560876116], "mean": [0.139688640833, 1.36849164963, 5.79436302185, 12.1817026138, 18.6940135956, 17.8647441864, 33.2196044922, 55.9371757507, 15.9990358353, 20.0662956238, 35.4506034851, 84.4120559692, 29.5230426788, 8.46210670471, 16.2554512024, 14.061296463, 66.3410797119, 20.6601448059, 5.54026985168, 6.10510110855, 5.04219675064, 5.61372947693, 4.88226699829, 4.97868871689, 5.96102762222, 5.88299465179, 5.14187192917, 3.95190739632, 3.24415445328, 4.02752065659, 2.77132296562, 1.49806892872, 1.22303128242, 0.497887551785, 0.303378462791, 0.160458981991, 0.0554225966334, 0.00921292975545, 0.00166603177786, 9.84985745163e-05], "median": [0.158203348517, 1.52710807323, 5.62358999252, 13.5909843445, 22.9660511017, 19.0528793335, 22.022813797, 27.3607616425, 9.3540763855, 9.80176353455, 20.0448722839, 45.1512718201, 15.4898920059, 4.29549026489, 6.43993377686, 8.05462265015, 16.4523525238, 5.57739591599, 3.12020301819, 2.70561718941, 2.45317530632, 2.76841926575, 2.57323622704, 2.56435894966, 3.61030578613, 2.51025295258, 1.96550726891, 1.35549962521, 0.921126484871, 0.803910374641, 0.6634324193, 0.34549587965, 0.220694750547, 0.0852856263518, 0.0503137409687, 0.0243821293116, 0.0106550594792, 0.00379603472538, 0.000725773454178, 7.0759197115e-05], "min": [2.11217886026e-22, 1.69395108685e-21, 7.87113728515e-21, 2.73973043311e-20, 1.21968766829e-20, 3.44202002099e-20, 9.58302052081e-20, 2.99327557265e-19, 3.40480258029e-19, 4.67147666e-19, 4.81580054834e-19, 1.03549395231e-18, 1.03192011847e-18, 1.05798623393e-18, 1.51415669622e-18, 2.53624908183e-18, 3.09810137995e-18, 3.43627783657e-18, 5.09902584591e-18, 4.21502040681e-18, 4.21290654676e-18, 4.88155220465e-18, 8.20982051915e-18, 1.07539832379e-17, 1.20823906339e-17, 1.00224048518e-17, 1.37257759995e-17, 1.32083861068e-17, 1.88257638564e-17, 1.47606145145e-17, 1.25950159662e-17, 1.28531211327e-17, 1.18921589454e-17, 1.03898459245e-17, 8.28448101406e-18, 5.1430016624e-18, 2.51449733365e-18, 1.15922621327e-18, 2.76221352528e-19, 2.44805233196e-20], "var": [0.0161089152098, 1.24833333492, 23.2034416199, 98.0258560181, 196.886886597, 219.053741455, 1784.16271973, 6944.41992188, 439.985321045, 1055.9296875, 2447.17260742, 11430.8173828, 1915.10961914, 150.308853149, 582.750305176, 304.002410889, 15250.4052734, 1504.07507324, 66.0814208984, 109.559280396, 136.446029663, 82.8238143921, 43.7191925049, 56.7717971802, 57.4252929688, 85.0079421997, 121.751281738, 78.1819992065, 38.5935020447, 106.741157532, 33.8579788208, 9.85447406769, 9.43701457977, 1.18587434292, 0.420259028673, 0.124559916556, 0.013716400601, 0.000231733210967, 9.5272789622e-06, 1.36445397203e-08]}, "gfcc": {"mean": [-19.6739139557, 106.388946533, -88.9743499756, 19.3675136566, -61.7669525146, 5.68506622314, -27.993642807, -0.73388582468, -23.6356124878, 2.11769199371, -11.6241903305, -4.25226974487, -16.3122520447], "cov": [[16994.7226562, 1124.54345703, 1474.03088379, 275.099334717, -197.391433716, 201.30418396, -122.144866943, -38.4247589111, -352.900115967, 108.254432678, -219.640640259, 64.0332260132, -307.3956604], [1124.54345703, 2475.16040039, 577.45324707, 378.693115234, 658.178100586, 24.5366649628, 259.885742188, -133.370910645, -21.1703643799, -248.092422485, -72.9705657959, -78.6366577148, 93.5413742065], [1474.03088379, 577.45324707, 952.575439453, 143.900115967, 227.73588562, 265.713928223, 110.428031921, -14.8704385757, -106.846961975, -14.0896463394, -13.8137102127, -111.629989624, -178.084533691], [275.099334717, 378.693115234, 143.900115967, 801.36895752, 195.284210205, 44.9457740784, 11.9297533035, 53.9335975647, -5.79617881775, -175.881835938, -195.583145142, 4.35746431351, 139.275497437], [-197.391433716, 658.178100586, 227.73588562, 195.284210205, 353.829589844, 48.2847976685, 94.2758483887, -46.7319793701, -8.12125205994, -81.337348938, -34.9493484497, -40.9250717163, 8.64387130737], [201.30418396, 24.5366649628, 265.713928223, 44.9457740784, 48.2847976685, 225.588989258, 36.6492576599, 10.6917352676, -40.9273109436, 14.9692773819, -1.11728680134, -63.1426315308, -79.9973602295], [-122.144866943, 259.885742188, 110.428031921, 11.9297533035, 94.2758483887, 36.6492576599, 129.529556274, -4.77428674698, 14.8042726517, -22.5342235565, 8.13374614716, -29.1056079865, -16.750213623], [-38.4247589111, -133.370910645, -14.8704385757, 53.9335975647, -46.7319793701, 10.6917352676, -4.77428674698, 110.813346863, 23.2959823608, -2.71705722809, -43.7332305908, 17.6686573029, 20.4401874542], [-352.900115967, -21.1703643799, -106.846961975, -5.79617881775, -8.12125205994, -40.9273109436, 14.8042726517, 23.2959823608, 84.2406005859, 0.826958835125, 13.0188074112, 2.61613202095, 28.6885643005], [108.254432678, -248.092422485, -14.0896463394, -175.881835938, -81.337348938, 14.9692773819, -22.5342235565, -2.71705722809, 0.826958835125, 119.425811768, 65.0527496338, 0.277275949717, -49.8919868469], [-219.640640259, -72.9705657959, -13.8137102127, -195.583145142, -34.9493484497, -1.11728680134, 8.13374614716, -43.7332305908, 13.0188074112, 65.0527496338, 124.114227295, -4.66809511185, -43.9268569946], [64.0332260132, -78.6366577148, -111.629989624, 4.35746431351, -40.9250717163, -63.1426315308, -29.1056079865, 17.6686573029, 2.61613202095, 0.277275949717, -4.66809511185, 104.576454163, 59.045211792], [-307.3956604, 93.5413742065, -178.084533691, 139.275497437, 8.64387130737, -79.9973602295, -16.750213623, 20.4401874542, 28.6885643005, -49.8919868469, -43.9268569946, 59.045211792, 157.672836304]], "icov": [[0.000100849909359, -0.000141472468385, -0.000149028666783, -7.31578547857e-05, 0.000353387906216, 6.78952856106e-05, 0.000128278683405, 0.000142133183545, 6.14274395048e-05, -0.000332744471962, 0.000359414261766, -0.000271664845059, 0.00027251947904], [-0.000141472468385, 0.00135564431548, -0.000452886772109, 0.000393201014958, -0.00180756160989, 0.000435701629613, -0.00102949014399, 0.000536568812095, -0.000111084256787, 0.00157832447439, -0.000519652967341, 0.000714518944733, -0.00169038469903], [-0.000149028666783, -0.000452886772109, 0.0030410499312, -0.000621090119239, -0.000816277286503, -0.00158108898904, -0.000600104860496, -0.00149100017734, 0.00208348478191, -0.000264804024482, -0.00110781250987, 0.000362796970876, 0.00242621893995], [-7.31578547857e-05, 0.000393201014958, -0.000621090119239, 0.00311741046607, -0.00127001653891, -0.000884319655597, 0.000635401171166, 0.000155918911332, -0.00101465196349, 0.00225775293075, 0.00258721690625, 0.000301598280203, -0.00265594664961], [0.000353387906216, -0.00180756160989, -0.000816277286503, -0.00127001653891, 0.00809117406607, -0.000355807249434, -0.00113058183342, 0.00259577133693, -0.00080468232045, -0.000974133785348, 0.00186228950042, -0.00099993404001, 0.00161193788517], [6.78952856106e-05, 0.000435701629613, -0.00158108898904, -0.000884319655597, -0.000355807249434, 0.00854529067874, -0.00133135030046, -0.001947187935, 0.00294155743904, -0.00133848318364, -0.000953213195316, 0.00292871939018, 0.00101425661705], [0.000128278683405, -0.00102949014399, -0.000600104860496, 0.000635401171166, -0.00113058183342, -0.00133135030046, 0.0123975370079, -0.0013436449226, -0.00324742379598, 0.00136426556855, -0.00102649792098, 0.000311107898597, 0.00111959967762], [0.000142133183545, 0.000536568812095, -0.00149100017734, 0.000155918911332, 0.00259577133693, -0.001947187935, -0.0013436449226, 0.0160495880991, -0.00689918873832, -0.00163812912069, 0.00824424251914, -0.00348698999733, -0.000876995327417], [6.14274395048e-05, -0.000111084256787, 0.00208348478191, -0.00101465196349, -0.00080468232045, 0.00294155743904, -0.00324742379598, -0.00689918873832, 0.0197489745915, -0.000831428566016, -0.00572383822873, 0.00390745373443, -0.0013932257425], [-0.000332744471962, 0.00157832447439, -0.000264804024482, 0.00225775293075, -0.000974133785348, -0.00133848318364, 0.00136426556855, -0.00163812912069, -0.000831428566016, 0.0186527855694, -0.00678608985618, 0.000177863781573, -5.05228017573e-05], [0.000359414261766, -0.000519652967341, -0.00110781250987, 0.00258721690625, 0.00186228950042, -0.000953213195316, -0.00102649792098, 0.00824424251914, -0.00572383822873, -0.00678608985618, 0.0203897561878, -0.00318967131898, 0.00147800543346], [-0.000271664845059, 0.000714518944733, 0.000362796970876, 0.000301598280203, -0.00099993404001, 0.00292871939018, 0.000311107898597, -0.00348698999733, 0.00390745373443, 0.000177863781573, -0.00318967131898, 0.0160264167935, -0.00632920721546], [0.00027251947904, -0.00169038469903, 0.00242621893995, -0.00265594664961, 0.00161193788517, 0.00101425661705, 0.00111959967762, -0.000876995327417, -0.0013932257425, -5.05228017573e-05, 0.00147800543346, -0.00632920721546, 0.0166410338134]]}, "melbands": {"dmean": [0.00051035505021, 0.000663309241645, 0.00061798398383, 0.000322127772961, 0.000436338712461, 0.000582224514801, 0.000118136369565, 0.000131163178594, 0.000130484550027, 0.000207110977499, 6.53077004245e-05, 1.83668125828e-05, 3.48942012351e-05, 1.67211946973e-05, 3.67371176253e-05, 6.38083947706e-05, 1.35804921229e-05, 6.54774476061e-06, 4.45762498202e-06, 5.84674262427e-06, 3.91488538298e-06, 3.69100916942e-06, 4.19269235863e-06, 2.6048660402e-06, 2.85609394268e-06, 3.09400093101e-06, 2.18039622268e-06, 2.98108511743e-06, 2.6346881441e-06, 2.30145587921e-06, 1.3417362652e-06, 1.2437130863e-06, 1.95729808183e-06, 2.37947620008e-06, 1.54990948431e-06, 6.24726567366e-07, 6.51426262266e-07, 7.21850483387e-07, 4.55870463156e-07, 2.85790491716e-07], "dmean2": [0.000846899638418, 0.00111851468682, 0.00103138654958, 0.000564189511351, 0.000681489822455, 0.000904557760805, 0.000196217035409, 0.000193537023733, 0.000186932913493, 0.000275793718174, 9.23232219066e-05, 2.88283481495e-05, 5.51099801669e-05, 2.72697543551e-05, 5.78624676564e-05, 0.000100173878309, 2.17926426558e-05, 1.09832699309e-05, 7.62275567467e-06, 9.87837847788e-06, 6.6167103796e-06, 6.31795592199e-06, 7.27918404664e-06, 4.66235633212e-06, 4.84081647301e-06, 5.03969295096e-06, 3.80400979338e-06, 5.0320554692e-06, 4.64805043521e-06, 3.61886122846e-06, 2.16182957047e-06, 2.02210981115e-06, 3.22930463881e-06, 3.90874174627e-06, 2.50163270721e-06, 9.47169894516e-07, 9.86818008641e-07, 1.06096774743e-06, 6.85735074057e-07, 4.24727289783e-07], "dvar": [9.35641537581e-07, 1.79137384748e-06, 1.53443568252e-06, 4.64609655637e-07, 5.53544452941e-07, 1.15637647014e-06, 8.06546651688e-08, 7.65017276194e-08, 4.42745857754e-08, 8.7040078256e-08, 1.25243646565e-08, 1.42357714505e-09, 4.50059234325e-09, 9.46211886621e-10, 2.97478264244e-09, 2.35443735619e-08, 1.12478282244e-09, 2.20708243348e-10, 9.51044451525e-11, 1.96640162486e-10, 9.80112935256e-11, 6.09619230096e-11, 7.26202292745e-11, 2.8399059146e-11, 4.0281240149e-11, 3.28508539815e-11, 3.24665502816e-11, 4.49044933182e-11, 5.37627477259e-11, 1.05959324648e-10, 1.08232008425e-11, 9.8025086312e-12, 3.35709238186e-11, 4.99615140925e-11, 1.75986534373e-11, 2.3128664782e-12, 2.79608454445e-12, 5.28502068498e-12, 2.0080783824e-12, 5.14303226742e-13], "dvar2": [2.20498895942e-06, 4.71188923257e-06, 3.95140705223e-06, 1.2943449974e-06, 1.2502523532e-06, 2.71592489298e-06, 2.26987637575e-07, 1.90861953797e-07, 9.61603987548e-08, 1.57217840524e-07, 2.18586819756e-08, 3.22340265591e-09, 1.09159783435e-08, 2.36317809765e-09, 7.04752167735e-09, 5.90421969093e-08, 2.37556330163e-09, 5.72269731602e-10, 2.50829745863e-10, 5.34001454167e-10, 2.34686353684e-10, 1.59786919807e-10, 2.03025693479e-10, 8.00433122561e-11, 1.06613981532e-10, 8.07741651343e-11, 9.20989465247e-11, 1.23023882748e-10, 1.5029869016e-10, 2.08223244202e-10, 2.73085061508e-11, 2.52605887596e-11, 9.03998473301e-11, 1.32071270587e-10, 4.56693571849e-11, 5.3489851437e-12, 6.45382879083e-12, 1.14184339067e-11, 4.50069452193e-12, 1.12531468519e-12], "max": [0.0135135855526, 0.0152797624469, 0.0147885847837, 0.00914988759905, 0.0120570072904, 0.0177996885031, 0.00418166210875, 0.00609744293615, 0.00424962118268, 0.00574112264439, 0.00207966170274, 0.000948776549194, 0.000868485134561, 0.00036096808617, 0.000609786366113, 0.0030402620323, 0.000753197469749, 0.000255673221545, 0.000226786534768, 0.000414907699451, 0.000393554597395, 0.00017017472419, 0.000113107620564, 5.74245423195e-05, 8.48915515235e-05, 7.74857107899e-05, 9.35825009947e-05, 8.62553133629e-05, 7.19272429706e-05, 0.000235181927565, 3.30795701302e-05, 2.88619776256e-05, 8.43465604703e-05, 6.35174947092e-05, 4.1798735765e-05, 2.19822286454e-05, 2.95814952551e-05, 3.08250128001e-05, 2.37063413806e-05, 7.05261891198e-06], "mean": [0.00142320233863, 0.00277238688432, 0.00228667771444, 0.00131888955366, 0.00116775440983, 0.00123248319142, 0.000204239520826, 0.000242009555222, 0.000338914891472, 0.000490120379254, 0.000126613784232, 2.84900015686e-05, 5.55003061891e-05, 2.9381872082e-05, 6.71034867992e-05, 0.000157498725457, 2.30780315178e-05, 8.7761964096e-06, 6.32105093246e-06, 8.32864134281e-06, 5.60463422516e-06, 5.48318530491e-06, 6.30168324278e-06, 3.50228674506e-06, 3.91582398152e-06, 4.97326345794e-06, 3.3013166103e-06, 4.14160103901e-06, 3.16577552439e-06, 3.33931166097e-06, 1.90822174773e-06, 1.7188477841e-06, 2.11906831282e-06, 2.39057908402e-06, 1.83654651664e-06, 9.1662604973e-07, 8.63973411924e-07, 9.43379859564e-07, 5.79196353101e-07, 3.62357837957e-07], "median": [0.0016281385906, 0.00288298306987, 0.00260440073907, 0.00159914698452, 0.000872645992786, 0.000636200769804, 0.000109432527097, 0.000115154267405, 0.000209920908674, 0.000250689248787, 5.75408776058e-05, 1.13919759315e-05, 1.84613782039e-05, 9.54643383011e-06, 3.54934200004e-05, 2.4649380066e-05, 6.66199275656e-06, 4.23312212661e-06, 3.16425825986e-06, 3.37402525474e-06, 2.62084950009e-06, 2.72095121545e-06, 2.72858460448e-06, 1.73812600224e-06, 1.83466056569e-06, 2.67387690656e-06, 1.74213255377e-06, 1.61493949236e-06, 1.1527180277e-06, 1.07640016722e-06, 6.25510210739e-07, 4.87844772579e-07, 4.60464434582e-07, 4.04441465207e-07, 3.99682789975e-07, 2.36297012179e-07, 1.72617347971e-07, 1.55254795686e-07, 9.54619849836e-08, 5.71655895953e-08], "min": [3.67660733893e-24, 3.39390562291e-24, 5.23590017534e-24, 1.47943664418e-24, 2.76311508816e-24, 7.35422363096e-24, 6.01268874769e-24, 5.97480725259e-24, 3.90190049144e-24, 6.50617764746e-24, 5.4509436581e-24, 3.58785338735e-24, 5.60207639133e-24, 6.33059377604e-24, 3.51755168119e-24, 5.00560564469e-24, 6.7545883688e-24, 8.35308088687e-24, 7.46389738489e-24, 4.81830916098e-24, 4.20088705755e-24, 4.27241228697e-24, 6.53341267579e-24, 7.60465225849e-24, 7.8952015628e-24, 8.94350540911e-24, 7.21633784448e-24, 5.20115676892e-24, 7.31833045977e-24, 8.47665594768e-24, 6.93260035409e-24, 1.09124722518e-23, 8.58893294259e-24, 8.04917222314e-24, 7.15366836758e-24, 5.94050718601e-24, 9.05809218876e-24, 8.54521111578e-24, 6.28150808951e-24, 8.5949519513e-24], "var": [1.48843969328e-06, 4.17684032072e-06, 3.02246553474e-06, 9.69891402747e-07, 1.73347189047e-06, 3.12210522679e-06, 8.7027459017e-08, 1.52646492779e-07, 1.65466914837e-07, 4.41307122401e-07, 4.41954206565e-08, 2.48232234767e-09, 8.03754662826e-09, 1.94651295082e-09, 6.91086166071e-09, 1.48488197738e-07, 3.11063352854e-09, 2.21304294334e-10, 1.04854409877e-10, 2.61814625535e-10, 1.68348002205e-10, 8.06613179027e-11, 1.06681032064e-10, 2.66438225649e-11, 4.07448935702e-11, 4.39515160378e-11, 2.54641238651e-11, 4.66772176466e-11, 4.19631759896e-11, 1.63368624184e-10, 1.15155003588e-11, 1.01346292469e-11, 2.72337430385e-11, 4.01113864346e-11, 1.61010475785e-11, 3.03723040641e-12, 3.47474674901e-12, 6.56091804149e-12, 2.61069204449e-12, 6.31825158599e-13]}, "mfcc": {"mean": [-672.491088867, 142.339599609, 23.8172645569, 22.6597919464, -6.98296260834, 5.65613126755, -0.0672501623631, -0.27211984992, -8.94164085388, 4.38749456406, 2.96138429642, 0.5901684165, -5.25410366058], "cov": [[10796.3232422, 1109.68530273, 239.784194946, 563.250061035, -105.851051331, 83.264289856, -131.206481934, -25.5952377319, -43.9126701355, -88.5628585815, -98.144821167, 11.3158464432, -122.440078735], [1109.68530273, 2146.45263672, 141.678695679, 300.421905518, 211.988327026, 217.605453491, 198.165390015, 105.395988464, -4.42467403412, 33.5585327148, 18.1834144592, -26.9663543701, -40.3518829346], [239.784194946, 141.678695679, 565.900756836, 56.7447013855, 151.755569458, 169.835494995, 171.97605896, 62.7208328247, -33.8938713074, 82.2446670532, 85.8198471069, -40.5913658142, -29.3744564056], [563.250061035, 300.421905518, 56.7447013855, 604.178222656, 227.369216919, 124.085502625, 40.7400054932, 124.141944885, 201.014404297, -89.2204589844, -163.736343384, -21.2202854156, -6.62042140961], [-105.851051331, 211.988327026, 151.755569458, 227.369216919, 245.985321045, 127.315032959, 81.877746582, 76.7087936401, 76.7614974976, 3.05130553246, -50.6380195618, -37.0754585266, -13.5612878799], [83.264289856, 217.605453491, 169.835494995, 124.085502625, 127.315032959, 177.087890625, 113.288093567, 51.5768089294, 13.6544485092, 19.6539669037, 9.7421503067, -17.4155254364, -26.8316307068], [-131.206481934, 198.165390015, 171.97605896, 40.7400054932, 81.877746582, 113.288093567, 147.649185181, 42.7185974121, -3.4352452755, 33.4691123962, 31.0206642151, -17.5994186401, -22.2750606537], [-25.5952377319, 105.395988464, 62.7208328247, 124.141944885, 76.7087936401, 51.5768089294, 42.7185974121, 122.261116028, 75.0570220947, -11.3761224747, -32.6376533508, -16.3019886017, 6.88375329971], [-43.9126701355, -4.42467403412, -33.8938713074, 201.014404297, 76.7614974976, 13.6544485092, -3.4352452755, 75.0570220947, 191.892227173, -50.903629303, -105.36416626, -9.93262195587, -1.56691193581], [-88.5628585815, 33.5585327148, 82.2446670532, -89.2204589844, 3.05130553246, 19.6539669037, 33.4691123962, -11.3761224747, -50.903629303, 141.121917725, 85.3329925537, -19.3342342377, -21.0590190887], [-98.144821167, 18.1834144592, 85.8198471069, -163.736343384, -50.6380195618, 9.7421503067, 31.0206642151, -32.6376533508, -105.36416626, 85.3329925537, 159.719726562, 21.3824691772, -8.48572254181], [11.3158464432, -26.9663543701, -40.5913658142, -21.2202854156, -37.0754585266, -17.4155254364, -17.5994186401, -16.3019886017, -9.93262195587, -19.3342342377, 21.3824691772, 68.9803390503, 17.489118576], [-122.440078735, -40.3518829346, -29.3744564056, -6.62042140961, -13.5612878799, -26.8316307068, -22.2750606537, 6.88375329971, -1.56691193581, -21.0590190887, -8.48572254181, 17.489118576, 62.6822814941]], "icov": [[0.000133039153297, -8.42907538754e-05, -0.00020919641247, -0.000216984772123, 0.000366376101738, -0.000139576790389, 0.000443045893917, 1.27625826281e-05, 0.000173586056917, -6.89490616423e-06, 0.000166701880516, -7.28698578314e-05, 0.000305138237309], [-8.42907538754e-05, 0.000664329505526, 0.000415174377849, -0.000225350289838, -0.00040666636778, -2.76848295471e-05, -0.000976631767116, -0.000277121347608, 0.000381369551178, -4.85893324367e-05, -0.000308320624754, 5.710928599e-05, -4.71495986858e-05], [-0.00020919641247, 0.000415174377849, 0.00379957607947, 6.47004999337e-05, -0.00170959765092, -0.000609675655141, -0.00307544390671, -0.000581800646614, 0.000343700201483, -0.000141621188959, -0.00208462076262, 0.00128957349807, -0.000694816350006], [-0.000216984772123, -0.000225350289838, 6.47004999337e-05, 0.00471246195957, -0.00257145171054, -0.00156714639161, 0.00085175834829, -0.00080024235649, -0.00238465960138, 0.0007847493398, 0.0017643624451, -0.000941026897635, -0.000172017462319], [0.000366376101738, -0.00040666636778, -0.00170959765092, -0.00257145171054, 0.0110118053854, -0.00450994819403, 0.00106124847662, -0.000407126673963, -0.000532352307346, -0.00156441016588, 0.0022407125216, 0.0018550112145, -0.000498288252857], [-0.000139576790389, -2.76848295471e-05, -0.000609675655141, -0.00156714639161, -0.00450994819403, 0.0164999328554, -0.0083723757416, -0.0010785862105, 0.00190881767776, 0.000570278731175, -0.00108250195626, -0.00146599230357, 0.00299050263129], [0.000443045893917, -0.000976631767116, -0.00307544390671, 0.00085175834829, 0.00106124847662, -0.0083723757416, 0.018714575097, -0.00210497272201, -0.000171081032022, -0.000197395551368, -0.00021421094425, 0.000141707612784, 0.00227371812798], [1.27625826281e-05, -0.000277121347608, -0.000581800646614, -0.00080024235649, -0.000407126673963, -0.0010785862105, -0.00210497272201, 0.0144867980853, -0.00533710978925, 0.000416587106884, -0.00148339022417, 0.00259958719835, -0.00431897258386], [0.000173586056917, 0.000381369551178, 0.000343700201483, -0.00238465960138, -0.000532352307346, 0.00190881767776, -0.000171081032022, -0.00533710978925, 0.0125888837501, -0.000902878702618, 0.00536876171827, -0.00241908128373, 0.00313413282856], [-6.89490616423e-06, -4.85893324367e-05, -0.000141621188959, 0.0007847493398, -0.00156441016588, 0.000570278731175, -0.000197395551368, 0.000416587106884, -0.000902878702618, 0.0128763718531, -0.00756618985906, 0.00489092245698, 0.00167604570743], [0.000166701880516, -0.000308320624754, -0.00208462076262, 0.0017643624451, 0.0022407125216, -0.00108250195626, -0.00021421094425, -0.00148339022417, 0.00536876171827, -0.00756618985906, 0.0185699332505, -0.00785148236901, 0.00174160732422], [-7.28698578314e-05, 5.710928599e-05, 0.00128957349807, -0.000941026897635, 0.0018550112145, -0.00146599230357, 0.000141707612784, 0.00259958719835, -0.00241908128373, 0.00489092245698, -0.00785148236901, 0.021111631766, -0.00543257128447], [0.000305138237309, -4.71495986858e-05, -0.000694816350006, -0.000172017462319, -0.000498288252857, 0.00299050263129, 0.00227371812798, -0.00431897258386, 0.00313413282856, 0.00167604570743, 0.00174160732422, -0.00543257128447, 0.0210229568183]]}, "spectral_contrast_coeffs": {"dmean": [0.0416831113398, 0.0470031872392, 0.0420132726431, 0.0347281880677, 0.0205178763717, 0.0167311076075], "dmean2": [0.0704531222582, 0.0767316669226, 0.067454867065, 0.0577632151544, 0.0338606126606, 0.0260671786964], "dvar": [0.00158914341591, 0.00184031948447, 0.00149394234177, 0.00103024474811, 0.000357041280949, 0.000226323958486], "dvar2": [0.0041033201851, 0.00469487253577, 0.0037125623785, 0.00264400849119, 0.000920170918107, 0.000501666800119], "max": [-0.296407192945, -0.385377705097, -0.409278512001, -0.488889038563, -0.644598841667, -0.639639854431], "mean": [-0.647593975067, -0.674066305161, -0.693536400795, -0.757761836052, -0.811567008495, -0.760515630245], "median": [-0.641066491604, -0.669912219048, -0.687445044518, -0.767335176468, -0.814708769321, -0.759150624275], "min": [-0.980038821697, -0.969582736492, -0.974426150322, -0.968803048134, -0.964786469936, -0.962238729], "var": [0.00460267905146, 0.00807322748005, 0.00755229126662, 0.00560701591894, 0.00160340301227, 0.00135172205046]}, "spectral_contrast_valleys": {"dmean": [0.310989409685, 0.378396004438, 0.373003482819, 0.313851118088, 0.292705208063, 0.341232329607], "dmean2": [0.521018564701, 0.63176971674, 0.61657333374, 0.514253437519, 0.456300139427, 0.424789130688], "dvar": [0.146851286292, 0.214836850762, 0.2200499475, 0.18661890924, 0.252735972404, 0.289306610823], "dvar2": [0.283709973097, 0.480118691921, 0.474266916513, 0.386337250