{"lowlevel": {"average_loudness": 0.96099871397, "barkbands_crest": {"dmean": 2.82526779175, "dmean2": 4.50542163849, "dvar": 7.46668052673, "dvar2": 16.8212814331, "max": 25.433883667, "mean": 14.6412096024, "median": 14.5091629028, "min": 3.50338029861, "var": 28.2631664276}, "barkbands_flatness_db": {"dmean": 0.0295997522771, "dmean2": 0.0457353442907, "dvar": 0.000818385276943, "dvar2": 0.00199668901041, "max": 0.307229787111, "mean": 0.174492537975, "median": 0.17148669064, "min": 0.0521467588842, "var": 0.0023869338911}, "barkbands_kurtosis": {"dmean": 5.97699594498, "dmean2": 9.68974113464, "dvar": 91.0146026611, "dvar2": 238.568832397, "max": 162.402816772, "mean": 10.0701522827, "median": 5.29182052612, "min": -1.35297977924, "var": 175.600479126}, "barkbands_skewness": {"dmean": 0.722597539425, "dmean2": 1.12137830257, "dvar": 0.629572868347, "dvar2": 1.52255094051, "max": 11.6870412827, "mean": 2.53330612183, "median": 2.15681195259, "min": -0.361008048058, "var": 2.17507004738}, "barkbands_spread": {"dmean": 4.21419763565, "dmean2": 6.52667713165, "dvar": 18.6710453033, "dvar2": 40.9780464172, "max": 53.9974784851, "mean": 14.6141662598, "median": 13.1509246826, "min": 1.74012291431, "var": 63.5591926575}, "dissonance": {"dmean": 0.0247892085463, "dmean2": 0.0402184464037, "dvar": 0.000523377209902, "dvar2": 0.00133268651552, "max": 0.500000178814, "mean": 0.448832154274, "median": 0.458026945591, "min": 0.271942853928, "var": 0.00140677846503}, "dynamic_complexity": 1.96127164364, "erbbands_crest": {"dmean": 2.5229113102, "dmean2": 3.84660816193, "dvar": 5.20940160751, "dvar2": 11.0117053986, "max": 29.7529945374, "mean": 10.5023422241, "median": 9.60359382629, "min": 2.58367419243, "var": 21.3095016479}, "erbbands_flatness_db": {"dmean": 0.016923148185, "dmean2": 0.0235702879727, "dvar": 0.000279244006379, "dvar2": 0.000507340126205, "max": 0.298843592405, "mean": 0.148254200816, "median": 0.145734101534, "min": 0.0651902854443, "var": 0.0014871127205}, "erbbands_kurtosis": {"dmean": 0.814256250858, "dmean2": 1.17328488827, "dvar": 0.915579676628, "dvar2": 1.81542921066, "max": 14.7694587708, "mean": 0.874254763126, "median": 0.376745462418, "min": -1.55401003361, "var": 3.52568626404}, "erbbands_skewness": {"dmean": 0.287119746208, "dmean2": 0.424509495497, "dvar": 0.0621430240571, "dvar2": 0.138661697507, "max": 2.85532951355, "mean": 0.61462032795, "median": 0.58788728714, "min": -1.10707521439, "var": 0.303684562445}, "erbbands_spread": {"dmean": 8.19114398956, "dmean2": 11.4038076401, "dvar": 64.2215881348, "dvar2": 122.989807129, "max": 125.781677246, "mean": 37.7468414307, "median": 35.5540351868, "min": 5.05981111526, "var": 271.526062012}, "hfc": {"dmean": 5.18837070465, "dmean2": 7.54852771759, "dvar": 68.2861709595, "dvar2": 134.45173645, "max": 80.4830780029, "mean": 15.8464002609, "median": 12.5054950714, "min": 0.000337733625202, "var": 133.558273315}, "melbands_crest": {"dmean": 3.52925014496, "dmean2": 5.77933120728, "dvar": 11.7682590485, "dvar2": 30.6563568115, "max": 34.1040382385, "mean": 19.5891647339, "median": 20.3450927734, "min": 5.26529359818, "var": 42.862651825}, "melbands_flatness_db": {"dmean": 0.0337875075638, "dmean2": 0.0513677485287, "dvar": 0.00115522544365, "dvar2": 0.00260774581693, "max": 0.43048581481, "mean": 0.260610282421, "median": 0.258979141712, "min": 0.0491373762488, "var": 0.00443376926705}, "melbands_kurtosis": {"dmean": 14.624212265, "dmean2": 23.9559955597, "dvar": 666.95098877, "dvar2": 1755.72790527, "max": 349.171051025, "mean": 25.5040092468, "median": 13.7793521881, "min": -0.618305444717, "var": 1136.39978027}, "melbands_skewness": {"dmean": 1.00766313076, "dmean2": 1.56698560715, "dvar": 1.39934515953, "dvar2": 3.32626461983, "max": 14.7143268585, "mean": 3.62546086311, "median": 3.13662219048, "min": -0.50519233942, "var": 4.62052488327}, "melbands_spread": {"dmean": 3.86945652962, "dmean2": 5.94700860977, "dvar": 17.9065189362, "dvar2": 36.75963974, "max": 70.3570785522, "mean": 13.0060882568, "median": 11.7624292374, "min": 0.983045339584, "var": 70.4548797607}, "pitch_salience": {"dmean": 0.0815951451659, "dmean2": 0.133483558893, "dvar": 0.00807857140899, "dvar2": 0.020787216723, "max": 0.902511835098, "mean": 0.405815601349, "median": 0.408580124378, "min": 0.0895394533873, "var": 0.0165995210409}, "silence_rate_20dB": {"dmean": 0, "dmean2": 0, "dvar": 0, "dvar2": 0, "max": 1, "mean": 1, "median": 1, "min": 1, "var": 0}, "silence_rate_30dB": {"dmean": 0.0797679498792, "dmean2": 0.159593760967, "dvar": 0.0734051167965, "dvar2": 0.152261391282, "max": 1, "mean": 0.841971755028, "median": 1, "min": 0, "var": 0.133054763079}, "silence_rate_60dB": {"dmean": 0.000725163146853, "dmean2": 0.00108813925181, "dvar": 0.000724646728486, "dvar2": 0.00108696322422, "max": 1, "mean": 0.001087350538, "median": 0, "min": 0, "var": 0.00108617788646}, "spectral_centroid": {"dmean": 203.719116211, "dmean2": 307.596160889, "dvar": 51052.5078125, "dvar2": 100744.585938, "max": 3122.80566406, "mean": 1068.59155273, "median": 979.94720459, "min": 224.121765137, "var": 183601.90625}, "spectral_complexity": {"dmean": 2.9151558876, "dmean2": 4.37577056885, "dvar": 12.3141031265, "dvar2": 20.0902576447, "max": 57, "mean": 15.155128479, "median": 14, "min": 0, "var": 41.0395393372}, "spectral_decrease": {"dmean": 6.0330140883e-09, "dmean2": 9.49910550219e-09, "dvar": 9.91648801398e-17, "dvar2": 2.51162500687e-16, "max": -1.92594980356e-14, "mean": -1.40829836681e-08, "median": -9.36087474201e-09, "min": -8.28499935324e-08, "var": 1.93626623075e-16}, "spectral_energy": {"dmean": 0.0230773352087, "dmean2": 0.0362764708698, "dvar": 0.00144397979602, "dvar2": 0.00363654550165, "max": 0.319289773703, "mean": 0.0545895770192, "median": 0.0364906899631, "min": 1.03323181122e-07, "var": 0.00283668120392}, "spectral_energyband_high": {"dmean": 0.000313453900162, "dmean2": 0.000445573357865, "dvar": 2.7194889185e-07, "dvar2": 5.64402171221e-07, "max": 0.00586691638455, "mean": 0.000604950939305, "median": 0.000359982106602, "min": 2.50301255278e-08, "var": 5.07180232034e-07}, "spectral_energyband_low": {"dmean": 0.0215489156544, "dmean2": 0.0357505977154, "dvar": 0.00157379102893, "dvar2": 0.00423074467108, "max": 0.290081262589, "mean": 0.0399548821151, "median": 0.0228349547833, "min": 6.30579144456e-10, "var": 0.00246411259286}, "spectral_energyband_middle_high": {"dmean": 0.00119940715376, "dmean2": 0.0017253641272, "dvar": 1.86411512004e-06, "dvar2": 3.67732968698e-06, "max": 0.0197411589324, "mean": 0.00368019356392, "median": 0.00305122532882, "min": 5.340003284e-08, "var": 6.28086172583e-06}, "spectral_energyband_middle_low": {"dmean": 0.00567709142342, "dmean2": 0.00912936963141, "dvar": 0.000183947733603, "dvar2": 0.000485905009555, "max": 0.108237020671, "mean": 0.011597241275, "median": 0.00849485583603, "min": 1.88269524415e-08, "var": 0.000161653399118}, "spectral_entropy": {"dmean": 0.210899874568, "dmean2": 0.298118472099, "dvar": 0.0484378300607, "dvar2": 0.0984582081437, "max": 8.25057506561, "mean": 7.3404045105, "median": 7.31487846375, "min": 6.11685371399, "var": 0.174529641867}, "spectral_flux": {"dmean": 0.0390966683626, "dmean2": 0.0592481084168, "dvar": 0.00331182801165, "dvar2": 0.0057658678852, "max": 0.482462584972, "mean": 0.0981243923306, "median": 0.0608261786401, "min": 0.00032143923454, "var": 0.00780372833833}, "spectral_kurtosis": {"dmean": 1.38539814949, "dmean2": 2.1941010952, "dvar": 2.38283848763, "dvar2": 5.91109371185, "max": 19.5620117188, "mean": 4.33818387985, "median": 3.81428861618, "min": 0.2761323452, "var": 5.64021921158}, "spectral_rms": {"dmean": 0.00128066493198, "dmean2": 0.00195589638315, "dvar": 2.99701423501e-06, "dvar2": 6.80211451254e-06, "max": 0.0176494251937, "mean": 0.00660973787308, "median": 0.00596663029864, "min": 1.00400748124e-05, "var": 9.56953863351e-06}, "spectral_rolloff": {"dmean": 229.994720459, "dmean2": 389.200531006, "dvar": 169605.46875, "dvar2": 361467.125, "max": 5835.49804688, "mean": 691.678161621, "median": 516.796875, "min": 64.599609375, "var": 455643.4375}, "spectral_skewness": {"dmean": 0.214430227876, "dmean2": 0.313608705997, "dvar": 0.0430074445903, "dvar2": 0.0903079360723, "max": 3.1831946373, "mean": 1.66786468029, "median": 1.64891278744, "min": 0.577514529228, "var": 0.170698732138}, "spectral_spread": {"dmean": 527883.25, "dmean2": 770361.75, "dvar": 284745695232, "dvar2": 560484057088, "max": 8499827, "mean": 4867457.5, "median": 4902393.5, "min": 2108891.25, "var": 1419024400380.0}, "spectral_strongpeak": {"dmean": 0.2544696033, "dmean2": 0.422615259886, "dvar": 0.159873440862, "dvar2": 0.373056620359, "max": 6.2556347847, "mean": 0.639303445816, "median": 0.436906814575, "min": 0.000312242220389, "var": 0.386920362711}, "zerocrossingrate": {"dmean": 0.00787304807454, "dmean2": 0.00986622087657, "dvar": 5.92930882704e-05, "dvar2": 8.12092403066e-05, "max": 0.13427734375, "mean": 0.0393881388009, "median": 0.03271484375, "min": 0.0029296875, "var": 0.000574491918087}, "barkbands": {"dmean": [0.000694956863299, 0.0160925239325, 0.0075692050159, 0.00129678298254, 0.0033918377012, 0.000802954193205, 0.000802328926511, 0.000597242673393, 0.000429471750977, 0.000390026078094, 0.000569666852243, 0.000255454622675, 0.000229403885896, 7.5180993008e-05, 8.16324391053e-05, 8.34828533698e-05, 0.000135570648126, 8.55189355207e-05, 7.86929449532e-05, 7.11347092874e-05, 8.67080452736e-05, 7.54988795961e-05, 4.48269747721e-05, 5.01726426592e-05, 4.1234154196e-05, 1.35055943247e-05, 5.10634026796e-06], "dmean2": [0.000829127966426, 0.025899708271, 0.0136590031907, 0.0021825984586, 0.00610880739987, 0.00125522015151, 0.00123555201571, 0.000945337524172, 0.000621545885224, 0.000537001295015, 0.000775824242737, 0.000384384009521, 0.000349128618836, 0.000120557386253, 0.000134111978696, 0.000133351320983, 0.000213577295654, 0.00013661578123, 0.000121191806102, 0.000104748614831, 0.000122573183035, 0.000111041401397, 6.57307973597e-05, 7.72521234467e-05, 6.7739696533e-05, 2.20597685257e-05, 8.66946447786e-06], "dvar": [1.45647027239e-06, 0.000690584362019, 0.000593086704612, 1.28125739138e-05, 9.74190916168e-05, 1.51305562213e-06, 1.21302139178e-06, 6.99615839039e-07, 1.87547175301e-06, 2.6413846399e-07, 7.86113332651e-07, 1.1752685225e-07, 1.72569912138e-07, 2.46811087123e-08, 2.24975611474e-08, 2.51264928863e-08, 7.88152618725e-08, 6.38739479086e-08, 3.1473174289e-08, 1.74362870808e-08, 3.23632569632e-08, 3.11139665143e-08, 6.29182084211e-09, 1.19011556166e-08, 1.28634924934e-08, 5.99804816925e-10, 1.21298429634e-10], "dvar2": [2.15572708839e-06, 0.00172761746217, 0.0016511566937, 2.67604755209e-05, 0.000277984509012, 3.98907559429e-06, 3.35843174071e-06, 1.70374380559e-06, 3.2872412703e-06, 5.01198769598e-07, 1.41815667121e-06, 2.44845210773e-07, 3.91955325085e-07, 5.63622855054e-08, 5.80274317485e-08, 5.88595376882e-08, 1.807275396e-07, 1.58348356649e-07, 7.14800876267e-08, 4.00242576859e-08, 6.36002397414e-08, 6.87818442202e-08, 1.37633460184e-08, 2.81138827773e-08, 3.60894922835e-08, 1.60541124838e-09, 3.33113286954e-10], "max": [0.0122473379597, 0.186922669411, 0.163383290172, 0.0305083487183, 0.0765777602792, 0.019166007638, 0.0130388857797, 0.010282818228, 0.0659982562065, 0.00986791122705, 0.0160284005105, 0.00400305492803, 0.00511262984946, 0.00270853284746, 0.00215061288327, 0.00220656022429, 0.00453817658126, 0.00493710068986, 0.00384222180583, 0.001663595438, 0.00249778036959, 0.00294426688924, 0.000848869327456, 0.00145410338882, 0.00140371499583, 0.000185153781786, 9.98678005999e-05], "mean": [0.00137282628566, 0.0319621711969, 0.00569835444912, 0.00153379351832, 0.00364655815065, 0.00202229106799, 0.00178018992301, 0.00103348423727, 0.000852757424582, 0.00100048573222, 0.00124831439462, 0.000447991624242, 0.000468317099148, 0.000105720690044, 0.000121459190268, 0.000126412385725, 0.000237564410781, 0.000144450343214, 0.000149297367898, 0.000151536340127, 0.000153553235577, 0.000118811934954, 6.93737674737e-05, 7.00616656104e-05, 5.08931807417e-05, 1.71448282344e-05, 5.89493038206e-06], "median": [0.000519111228641, 0.0190927274525, 0.000880437088199, 0.000356035394361, 0.00155283056665, 0.00130266894121, 0.00124313181732, 0.000583443557844, 0.000316422228934, 0.000527618569322, 0.000499478541315, 0.000235471961787, 9.34335985221e-05, 4.62759198854e-05, 6.21548460913e-05, 5.44088652532e-05, 0.000108091677248, 4.66267701995e-05, 6.21196450084e-05, 6.1532286054e-05, 6.49163630442e-05, 5.19182685821e-05, 2.70733162324e-05, 2.81856864603e-05, 2.1946247216e-05, 7.56222607379e-06, 1.83662996278e-06], "min": [3.37505787207e-11, 2.08423889259e-10, 1.07288157525e-10, 7.38938799039e-10, 6.30842489358e-10, 8.45289704898e-09, 5.18883558343e-09, 5.09455359843e-11, 2.49131337782e-09, 2.20058726796e-09, 4.8911896755e-09, 9.44735178976e-10, 1.48240806297e-08, 7.65368923794e-09, 2.06492467569e-09, 4.710708712e-09, 2.7772104616e-09, 1.63450797341e-09, 3.75228559335e-09, 1.77595504969e-09, 4.43242376136e-09, 4.43803749306e-09, 3.16980552917e-09, 2.76928702192e-09, 2.07383954454e-09, 1.05664799133e-09, 2.07213274317e-10], "var": [3.68873861589e-06, 0.00139506370761, 0.000386635423638, 1.37525876198e-05, 6.19219426881e-05, 4.58799877379e-06, 2.85103192255e-06, 1.69445786469e-06, 4.24856216341e-06, 1.75545255843e-06, 3.5982384361e-06, 2.92021042014e-07, 6.43620467145e-07, 3.57837599552e-08, 3.26711742105e-08, 4.5318735431e-08, 1.70741429883e-07, 1.14717749966e-07, 7.04323852574e-08, 4.50399930685e-08, 6.11425292618e-08, 4.22025649982e-08, 1.13357998544e-08, 1.49257797233e-08, 1.03574713251e-08, 6.57440379914e-10, 1.08142376998e-10]}, "erbbands": {"dmean": [0.529217600822, 3.78001284599, 9.0042514801, 5.68494987488, 9.02910423279, 11.8254575729, 5.94258880615, 7.05405664444, 10.4164791107, 18.0366382599, 7.20091104507, 11.2025251389, 12.6987771988, 7.66445827484, 25.9192142487, 12.6165094376, 11.0606470108, 4.29051399231, 4.45123720169, 3.86626577377, 5.44622755051, 5.71174049377, 4.98162889481, 3.62000107765, 3.9611389637, 4.11096572876, 3.67635059357, 3.31301379204, 2.39527797699, 1.71331465244, 1.26409363747, 0.918580710888, 0.819525361061, 0.517755627632, 0.289812415838, 0.0664379149675, 0.0242789275944, 0.00693933200091, 0.000911247392651, 6.07391011727e-05], "dmean2": [0.824944019318, 6.25735330582, 16.1700839996, 8.60159683228, 15.4305801392, 21.5800895691, 9.75849151611, 11.4197854996, 15.856092453, 28.7651424408, 11.2240800858, 15.8796405792, 17.8625926971, 11.2890424728, 35.2044487, 18.8104572296, 16.8395385742, 6.76828861237, 7.2208070755, 6.03948688507, 8.57085227966, 8.90346431732, 8.05771446228, 5.52245855331, 6.07441282272, 6.03389167786, 5.24839305878, 4.77785682678, 3.54608678818, 2.4450032711, 1.87403178215, 1.41091680527, 1.27427661419, 0.829820275307, 0.474841415882, 0.101890474558, 0.0401655584574, 0.0118135269731, 0.00156492192764, 0.000101881298178], "dvar": [0.703502476215, 42.8222007751, 757.929992676, 247.834259033, 726.603149414, 1109.94128418, 146.074172974, 109.049507141, 312.854888916, 645.332397461, 162.622421265, 1092.59106445, 421.515808105, 102.226173401, 1821.31848145, 251.409011841, 381.790618896, 46.7225532532, 79.2559204102, 44.5883255005, 122.52960968, 118.997779846, 268.445495605, 89.8142700195, 89.1725921631, 64.0649414062, 54.0866241455, 44.6768608093, 24.005815506, 7.49515342712, 5.45124435425, 2.8415517807, 3.83934402466, 2.01207184792, 0.671198070049, 0.0115543482825, 0.00252167554572, 0.000230289413594, 5.6697558648e-06, 1.87540987184e-08], "dvar2": [1.70152842999, 107.070571899, 2141.65283203, 558.797729492, 1961.06115723, 3215.28662109, 407.69744873, 290.548950195, 860.313049316, 1738.61682129, 375.225524902, 1952.95629883, 809.925354004, 221.956039429, 3228.5078125, 512.072509766, 875.060546875, 109.821037292, 192.859512329, 97.4100036621, 284.030731201, 271.084960938, 674.136413574, 203.650253296, 200.944000244, 147.166183472, 107.668174744, 91.3971786499, 50.7545394897, 15.3280687332, 12.1608438492, 6.49920320511, 9.20201969147, 5.10268688202, 1.89554691315, 0.0281905569136, 0.00683951703832, 0.000641128048301, 1.56113856065e-05, 4.93490226461e-08], "max": [5.84580230713, 45.6013298035, 182.178665161, 118.888908386, 260.913146973, 284.546661377, 154.56640625, 169.797836304, 269.634094238, 366.055358887, 460.690826416, 1528.64025879, 385.858581543, 158.933273315, 780.44342041, 198.313186646, 238.550506592, 82.1487121582, 132.229019165, 105.291671753, 229.234176636, 143.435379028, 350.507843018, 281.830871582, 148.394729614, 102.110488892, 117.702537537, 83.4781188965, 76.558883667, 29.8576469421, 23.723695755, 24.5451431274, 26.4029121399, 17.6218757629, 10.8579425812, 0.911230623722, 0.432546854019, 0.145016998053, 0.0303477440029, 0.00153567222878], "mean": [1.08440947533, 6.42869949341, 7.88726949692, 6.07585811615, 9.00490379333, 12.6792116165, 10.1814556122, 17.0638713837, 24.0595035553, 34.8737068176, 14.7094240189, 23.7835350037, 34.7724494934, 17.2874717712, 57.7807579041, 25.1966915131, 23.3102912903, 7.49098348618, 6.98107337952, 6.17151594162, 9.56956577301, 10.1172904968, 9.25154209137, 6.62309646606, 7.32681035995, 9.07032489777, 6.93315649033, 5.39173126221, 3.80411338806, 2.92467236519, 1.92911159992, 1.30608594418, 1.14488887787, 0.667321741581, 0.345422059298, 0.0935325920582, 0.0292552746832, 0.00843649171293, 0.000983950099908, 0.000105520877696], "median": [0.759810626507, 2.94830822945, 1.62586760521, 1.44770824909, 2.92667269707, 5.33335256577, 6.73244333267, 11.1921234131, 14.8782100677, 19.4133319855, 10.4773006439, 9.49156188965, 12.982293129, 12.41086483, 23.4087657928, 15.490655899, 6.30538368225, 4.04813718796, 3.45262432098, 3.22866797447, 4.68333864212, 5.00561141968, 2.99968409538, 2.64874267578, 3.22017025948, 3.70610022545, 3.17471385002, 2.05733728409, 1.55167627335, 1.25896537304, 0.729791581631, 0.517743289471, 0.443822592497, 0.262762576342, 0.128424584866, 0.0422386005521, 0.0124056870118, 0.00292433076538, 0.00029319600435, 5.94458142587e-05], "min": [7.44869277369e-09, 4.1474507384e-08, 9.59373025466e-08, 1.35562572723e-06, 3.47287732438e-06, 1.27320424781e-06, 1.05145163616e-05, 9.17440265766e-05, 0.00011175153486, 1.58996590471e-05, 4.31402395407e-06, 4.47577949672e-05, 9.93354769889e-05, 0.000118593896332, 0.000156222668011, 8.70291842148e-05, 0.000712689012289, 0.000508862023707, 0.000164746976225, 0.000122215395095, 0.000303157401504, 0.000151316242409, 8.40994762257e-05, 0.00024483728339, 0.00011373552843, 7.74999716668e-05, 0.000130393673317, 0.000191077240743, 0.000158664726769, 9.73179849098e-05, 8.95661869436e-05, 7.51013867557e-05, 3.47786626662e-05, 3.0001734558e-05, 6.98923577147e-06, 5.59701766178e-06, 1.97353119802e-06, 7.12353710242e-07, 4.34649024328e-07, 2.77974692153e-08], "var": [1.5224288702, 73.9496002197, 508.925109863, 246.834976196, 517.887573242, 696.352966309, 139.87878418, 320.068206787, 677.592712402, 1688.9407959, 303.945343018, 2697.00073242, 2800.45581055, 274.12600708, 8220.08300781, 724.704040527, 1402.67810059, 87.9667282104, 123.700309753, 80.6970062256, 271.066162109, 239.269577026, 524.688476562, 227.62612915, 157.257415771, 168.696792603, 106.666786194, 77.002784729, 37.5498390198, 15.515291214, 8.78294086456, 4.29558610916, 4.54829025269, 1.97823357582, 0.530188202858, 0.0169285088778, 0.00245045917109, 0.000244140916038, 4.24672180088e-06, 1.86653714707e-08]}, "gfcc": {"mean": [8.10856246948, 98.4112319946, -96.2673492432, 25.8981628418, -61.5557250977, 14.1080513, -22.4495506287, 10.7471961975, -20.7426776886, 5.89696836472, -5.35253667831, 8.14125442505, -3.19824004173], "cov": [[1940.51000977, -256.371337891, 400.948974609, 460.082611084, 253.115081787, 281.515167236, 79.4153137207, 77.3364105225, 101.415374756, 35.6739006042, -82.9726486206, 22.4822940826, -12.8901700974], [-256.371337891, 1274.2388916, 168.916564941, 427.105773926, 463.852111816, 198.581878662, 399.25604248, 158.143249512, 301.066925049, 71.8781356812, 244.596359253, -31.4842414856, 80.831703186], [400.948974609, 168.916564941, 618.264343262, 248.487213135, 253.557907104, 253.77494812, 169.002929688, 131.403900146, 90.6225814819, 76.7073364258, 35.6245651245, 47.3034477234, 1.66544151306], [460.082611084, 427.105773926, 248.487213135, 630.695129395, 397.892944336, 262.195037842, 250.666625977, 139.63835144, 217.511947632, 43.0960922241, 91.9845733643, -2.9000275135, 72.3348007202], [253.115081787, 463.852111816, 253.557907104, 397.892944336, 440.747283936, 241.199035645, 242.121582031, 127.842971802, 201.155975342, 66.9836959839, 93.685043335, -5.36353111267, 37.8360099792], [281.515167236, 198.581878662, 253.77494812, 262.195037842, 241.199035645, 283.620056152, 153.933166504, 96.0935134888, 130.437698364, 69.7255935669, 58.1579780579, 23.0125408173, 4.7973651886], [79.4153137207, 399.25604248, 169.002929688, 250.666625977, 242.121582031, 153.933166504, 265.565216064, 114.556053162, 145.924713135, 50.8311958313, 95.4733810425, 25.9282970428, 43.8258094788], [77.3364105225, 158.143249512, 131.403900146, 139.63835144, 127.842971802, 96.0935134888, 114.556053162, 170.350326538, 101.709709167, 64.6123657227, 58.7716178894, 21.5843200684, 30.423204422], [101.415374756, 301.066925049, 90.6225814819, 217.511947632, 201.155975342, 130.437698364, 145.924713135, 101.709709167, 202.498001099, 60.3829841614, 87.7096633911, 7.87949323654, 17.2525272369], [35.6739006042, 71.8781356812, 76.7073364258, 43.0960922241, 66.9836959839, 69.7255935669, 50.8311958313, 64.6123657227, 60.3829841614, 102.266067505, 45.4469490051, 15.9308166504, 14.6564836502], [-82.9726486206, 244.596359253, 35.6245651245, 91.9845733643, 93.685043335, 58.1579780579, 95.4733810425, 58.7716178894, 87.7096633911, 45.4469490051, 124.297950745, 16.5692405701, 15.8265714645], [22.4822940826, -31.4842414856, 47.3034477234, -2.9000275135, -5.36353111267, 23.0125408173, 25.9282970428, 21.5843200684, 7.87949323654, 15.9308166504, 16.5692405701, 102.366989136, 28.0461730957], [-12.8901700974, 80.831703186, 1.66544151306, 72.3348007202, 37.8360099792, 4.7973651886, 43.8258094788, 30.423204422, 17.2525272369, 14.6564836502, 15.8265714645, 28.0461730957, 123.631088257]], "icov": [[0.000896644196473, 0.000445270241471, -0.000298819039017, -0.000758356763981, -6.50541915093e-05, -0.000179791095434, -1.38402092489e-05, 0.000176341578481, -0.000335472461302, -0.000158636757988, 0.00070397608215, -6.62257807562e-05, 0.000229015626246], [0.000445270241471, 0.0026307576336, -0.000226461444981, 2.97767019219e-06, -0.00126193393953, 0.000645439256914, -0.00213509565219, 0.00073547125794, -0.00121855188627, 0.000805107352789, -0.00242670951411, 0.00154368916992, -0.000700189906638], [-0.000298819039017, -0.000226461444981, 0.0031885819044, 9.05835840967e-05, -0.0008506551967, -0.00181573722512, -0.000449962972198, -0.00131439557299, 0.00181685795542, -0.000657491269521, 0.000723995210137, -0.00109832617454, 0.000815584266093], [-0.000758356763981, 2.97767019219e-06, 9.05835840967e-05, 0.00544304354116, -0.00241903588176, -0.00157305307221, -0.000649983412586, -0.000535019498784, -0.00158834329341, 0.0027426565066, -0.00100690673571, 0.0012922011083, -0.00237118592486], [-6.50541915093e-05, -0.00126193393953, -0.0008506551967, -0.00241903588176, 0.00931229442358, -0.0022894195281, -0.00188992032781, 0.000325686676661, -0.00211214879528, -0.000847617979161, 0.001437936211, 0.00143626739737, -4.08596206398e-05], [-0.000179791095434, 0.000645439256914, -0.00181573722512, -0.00157305307221, -0.0022894195281, 0.0100661506876, -0.00123266491573, 0.000749706290662, -0.00120546726976, -0.00283924140967, -0.0002963548759, -0.00112444907427, 0.0018644501688], [-1.38402092489e-05, -0.00213509565219, -0.000449962972198, -0.000649983412586, -0.00188992032781, -0.00123266491573, 0.0121818622574, -0.00250487960875, -0.000482300034491, 0.000922207196709, -0.000936566793825, -0.0026281173341, -0.000620768172666], [0.000176341578481, 0.00073547125794, -0.00131439557299, -0.000535019498784, 0.000325686676661, 0.000749706290662, -0.00250487960875, 0.0113310590386, -0.00314465188421, -0.00358954444528, -0.000921605387703, 0.000155931207701, -0.00121392542496], [-0.000335472461302, -0.00121855188627, 0.00181685795542, -0.00158834329341, -0.00211214879528, -0.00120546726976, -0.000482300034491, -0.00314465188421, 0.0143439108506, -0.00284464471042, -0.00237009883858, -0.00111997907516, 0.00219759694301], [-0.000158636757988, 0.000805107352789, -0.000657491269521, 0.0027426565066, -0.000847617979161, -0.00283924140967, 0.000922207196709, -0.00358954444528, -0.00284464471042, 0.0168153513223, -0.00451267603785, 0.000773086154368, -0.00240696547553], [0.00070397608215, -0.00242670951411, 0.000723995210137, -0.00100690673571, 0.001437936211, -0.0002963548759, -0.000936566793825, -0.000921605387703, -0.00237009883858, -0.00451267603785, 0.0175597220659, -0.00311202602461, 0.00169341196306], [-6.62257807562e-05, 0.00154368916992, -0.00109832617454, 0.0012922011083, 0.00143626739737, -0.00112444907427, -0.0026281173341, 0.000155931207701, -0.00111997907516, 0.000773086154368, -0.00311202602461, 0.0132762100548, -0.00380883039907], [0.000229015626246, -0.000700189906638, 0.000815584266093, -0.00237118592486, -4.08596206398e-05, 0.0018644501688, -0.000620768172666, -0.00121392542496, 0.00219759694301, -0.00240696547553, 0.00169341196306, -0.00380883039907, 0.011031488888]]}, "melbands": {"dmean": [0.0045641339384, 0.00458331173286, 0.000963053375017, 0.00084137491649, 0.000254594953731, 0.000161533243954, 0.000156799142133, 0.000189456302905, 5.82056964049e-05, 6.65755214868e-05, 6.28312191111e-05, 2.98962022498e-05, 7.81240523793e-05, 4.45203222625e-05, 2.37949370785e-05, 2.19522262341e-05, 7.27984661353e-06, 7.28103259462e-06, 5.12851147505e-06, 6.54599307381e-06, 7.71421218815e-06, 7.2573639045e-06, 4.71727662443e-06, 4.01457327825e-06, 3.06668221128e-06, 2.66725419351e-06, 2.36052505898e-06, 3.27920292875e-06, 2.07476705327e-06, 2.62601315626e-06, 1.94999415726e-06, 1.60607146427e-06, 1.19983621971e-06, 8.67837457008e-07, 7.39702954888e-07, 7.40197890536e-07, 5.16598333888e-07, 5.18210754308e-07, 6.73624128922e-07, 4.59618917148e-07], "dmean2": [0.00716329319403, 0.00808236096054, 0.00151662563439, 0.00151759851724, 0.00043647250277, 0.000256707979133, 0.000236897569266, 0.000302601401927, 8.82589374669e-05, 9.54781644396e-05, 8.83762259036e-05, 4.40658186562e-05, 0.000107193431177, 6.31378061371e-05, 3.63375766028e-05, 3.32141244144e-05, 1.17797499115e-05, 1.15940074465e-05, 8.45317936182e-06, 1.03637803477e-05, 1.22895717141e-05, 1.14480562843e-05, 7.61022283768e-06, 6.42059330858e-06, 4.74524676974e-06, 4.11823793911e-06, 3.63946310245e-06, 4.88526256959e-06, 3.00796136798e-06, 3.77694777853e-06, 2.88064006781e-06, 2.42399391936e-06, 1.82059170584e-06, 1.23038250877e-06, 1.09281313598e-06, 1.18756452139e-06, 7.92478658695e-07, 7.9737105807e-07, 1.10354176286e-06, 7.51362733808e-07], "dvar": [5.24420756847e-05, 0.000135622336529, 7.12236351319e-06, 6.17716932538e-06, 3.40453595982e-07, 6.01608434181e-08, 6.20397244688e-08, 7.1583109218e-08, 2.29282708375e-08, 3.41297088369e-08, 1.02704769134e-08, 1.89351156976e-09, 1.48167211833e-08, 3.15808734719e-09, 1.15632636799e-09, 1.80233394875e-09, 1.83353207617e-10, 2.26672181025e-10, 8.5092023705e-11, 1.48387885313e-10, 3.16066811612e-10, 2.38583042211e-10, 1.64833827143e-10, 1.45870884816e-10, 8.21854737043e-11, 2.96453174509e-11, 3.1599813044e-11, 4.70846590883e-11, 1.76821456782e-11, 5.43969452815e-11, 2.03541211663e-11, 1.48044822929e-11, 6.93427303425e-12, 1.67120061279e-12, 1.83460972109e-12, 2.59887662606e-12, 9.52639876706e-13, 1.0870428906e-12, 4.48353507099e-12, 1.82382928204e-12], "dvar2": [0.00012979991152, 0.000378825992811, 1.44047380672e-05, 1.75894601853e-05, 9.72087832452e-07, 1.59186726023e-07, 1.70464090843e-07, 1.89729675526e-07, 4.61883900016e-08, 6.10287216318e-08, 2.00475014367e-08, 3.96363608601e-09, 2.70507438671e-08, 6.0040110661e-09, 2.71964295528e-09, 3.97155996978e-09, 4.3858286447e-10, 5.35299582438e-10, 2.16641315998e-10, 3.25351856567e-10, 7.46713635369e-10, 5.56638124483e-10, 4.04934613618e-10, 3.6157260519e-10, 1.90168408798e-10, 6.29143820374e-11, 7.55997903168e-11, 1.09615226618e-10, 3.73772991724e-11, 1.08518249942e-10, 4.38260816527e-11, 3.22453487522e-11, 1.53616251664e-11, 3.33340213071e-12, 3.93116485545e-12, 6.65774553543e-12, 2.13468609109e-12, 2.5405391766e-12, 1.11110478457e-11, 4.96608656975e-12], "max": [0.0504023060203, 0.0810516998172, 0.0187914576381, 0.0195228289813, 0.00700046075508, 0.00424349308014, 0.00373333669268, 0.00371674494818, 0.00689780060202, 0.00838064681739, 0.00190815038513, 0.000707558589056, 0.0021740803495, 0.000852647935972, 0.000387167616282, 0.000518382294104, 0.000202685507247, 0.000241233807174, 0.000133900452056, 0.000216025160626, 0.00039173787809, 0.000227075346629, 0.000278397026705, 0.000239072396653, 0.00028831048985, 9.33423798415e-05, 8.07052056189e-05, 9.30287569645e-05, 7.70391634433e-05, 0.000133160021505, 7.89071418694e-05, 6.4619758632e-05, 5.12409933435e-05, 1.42331355164e-05, 1.63397689903e-05, 2.01940729312e-05, 1.65449328051e-05, 1.40533384183e-05, 2.74329231615e-05, 1.58468665177e-05], "mean": [0.00933697260916, 0.00574966706336, 0.00110902253073, 0.000863797438797, 0.000392972578993, 0.000402241188567, 0.000368323468138, 0.000358164310455, 0.000115345057566, 0.000142219141708, 0.000168034574017, 5.76716920477e-05, 0.000171405612491, 9.57790689426e-05, 4.76721361338e-05, 4.37884227722e-05, 1.04006130641e-05, 1.10416340249e-05, 7.44296949051e-06, 9.79011929303e-06, 1.30330372485e-05, 1.23878053273e-05, 8.43383259053e-06, 6.70647796142e-06, 5.31334308107e-06, 4.61051695311e-06, 4.16396505898e-06, 7.16294425729e-06, 3.59711884812e-06, 4.35531819676e-06, 2.9430111681e-06, 2.32981960835e-06, 1.95419920601e-06, 1.4174579519e-06, 1.1244886764e-06, 9.81500647868e-07, 7.13417762199e-07, 7.19819183814e-07, 8.54807183259e-07, 5.13459212925e-07], "median": [0.00621743965894, 0.00184220506344, 0.000304577726638, 0.000324514636304, 0.0002549723431, 0.000248758326052, 0.000245326169534, 0.000193632688024, 7.43449127185e-05, 5.79095139983e-05, 6.19534839643e-05, 3.47794411937e-05, 6.76222480251e-05, 5.44299036846e-05, 2.41129873757e-05, 8.37437801238e-06, 5.11646794621e-06, 5.36235256732e-06, 3.53513041773e-06, 4.77385037811e-06, 5.0102039495e-06, 4.96293887409e-06, 2.95977110909e-06, 2.0644547476e-06, 1.8515438569e-06, 2.17403680836e-06, 1.46439163018e-06, 2.47388425123e-06, 1.50558241785e-06, 1.58034208653e-06, 1.06873619643e-06, 8.21104833904e-07, 7.84410474353e-07, 5.84564929795e-07, 3.90484899526e-07, 3.16768421271e-07, 2.75437400887e-07, 2.78824330735e-07, 2.84479966695e-07, 1.6078845988e-07], "min": [6.42850078725e-11, 4.87117499115e-11, 3.14816450686e-10, 1.77741293905e-10, 2.83155443537e-10, 2.03982963853e-09, 1.53800239211e-09, 9.0182715462e-11, 3.57758545011e-11, 3.54874324371e-10, 4.78093231671e-10, 4.20193546624e-10, 6.14684192435e-10, 1.6631880595e-10, 8.10927547334e-10, 1.52190660074e-09, 8.55600146288e-10, 2.60900745452e-10, 1.3959421119e-10, 1.96908406247e-10, 3.95405153064e-10, 1.99185612448e-10, 1.44592358919e-11, 1.15826584435e-10, 2.08393788337e-10, 1.12078783754e-10, 4.98902377744e-11, 4.95652303922e-11, 7.47727366135e-11, 1.11153593274e-10, 9.76546898901e-11, 9.19070861083e-11, 8.01050753507e-11, 3.85928129731e-11, 5.05065086975e-11, 4.98218133416e-11, 4.07267032598e-11, 1.74338824627e-11, 3.44409605002e-11, 2.00461227479e-11], "var": [0.000111394947453, 0.000119375479699, 7.78443518357e-06, 3.9619008021e-06, 2.63589981842e-07, 1.93605913523e-07, 1.39759521289e-07, 1.83392543818e-07, 4.02734805505e-08, 8.78113368685e-08, 6.75761953062e-08, 4.78334172271e-09, 6.62021406583e-08, 1.38228752888e-08, 3.59536644901e-09, 6.46306919094e-09, 2.77403655602e-10, 3.54762941246e-10, 1.28219185269e-10, 2.73698702591e-10, 6.89844903423e-10, 4.74912165149e-10, 3.40719230607e-10, 2.58573912282e-10, 2.16983361834e-10, 5.39490466189e-11, 5.6069114629e-11, 1.31857247343e-10, 3.2932215982e-11, 8.85210030277e-11, 2.85821158408e-11, 1.98747268643e-11, 1.07582649386e-11, 3.76664801779e-12, 3.13150395372e-12, 3.08013228638e-12, 1.4148548869e-12, 1.43238621918e-12, 4.48122918981e-12, 1.46760088891e-12]}, "mfcc": {"mean": [-645.467956543, 133.012191772, 19.7924499512, 21.0539989471, -7.52175998688, 4.78918600082, 6.07038736343, 6.34314060211, 2.42568445206, -3.55521416664, -1.81191051006, 8.95721817017, 9.3907623291], "cov": [[1915.12854004, -383.36340332, 155.224319458, 273.442199707, 295.869842529, 292.284454346, 63.7209320068, 142.86630249, 158.253875732, 126.101928711, 36.4982643127, 24.9030838013, 14.5064315796], [-383.36340332, 899.689025879, 54.1729469299, 238.772567749, 140.06741333, 154.695617676, 187.646087646, 166.944961548, 102.842460632, 163.919235229, 178.117218018, 131.581985474, 95.0963363647], [155.224319458, 54.1729469299, 430.804016113, 109.361808777, 151.36491394, 140.016036987, 127.418182373, 114.430305481, 93.6459655762, 48.070930481, 69.2914047241, 77.7534255981, 55.5072174072], [273.442199707, 238.772567749, 109.361808777, 388.012359619, 227.004730225, 215.511398315, 162.246505737, 177.961212158, 155.231323242, 147.458557129, 76.3997497559, 88.2933807373, 71.0162506104], [295.869842529, 140.06741333, 151.36491394, 227.004730225, 317.649200439, 224.546859741, 137.430725098, 142.193374634, 127.239349365, 153.960449219, 107.029922485, 69.386756897, 69.3985061646], [292.284454346, 154.695617676, 140.016036987, 215.511398315, 224.546859741, 309.812225342, 137.807327271, 154.633529663, 128.017105103, 97.7122802734, 96.5592956543, 102.776947021, 76.1144256592], [63.7209320068, 187.646087646, 127.418182373, 162.246505737, 137.430725098, 137.807327271, 180.621276855, 116.087371826, 97.374671936, 96.7600021362, 62.0023002625, 58.0135612488, 69.9640274048], [142.86630249, 166.944961548, 114.430305481, 177.961212158, 142.193374634, 154.633529663, 116.087371826, 190.387756348, 105.294517517, 78.5119171143, 101.884109497, 93.2385177612, 50.386177063], [158.253875732, 102.842460632, 93.6459655762, 155.231323242, 127.239349365, 128.017105103, 97.374671936, 105.294517517, 173.056274414, 77.2476577759, 14.2711572647, 64.9128417969, 70.9727249146], [126.101928711, 163.919235229, 48.070930481, 147.458557129, 153.960449219, 97.7122802734, 96.7600021362, 78.5119171143, 77.2476577759, 227.335235596, 102.297279358, 14.0905799866, 44.4854812622], [36.4982643127, 178.117218018, 69.2914047241, 76.3997497559, 107.029922485, 96.5592956543, 62.0023002625, 101.884109497, 14.2711572647, 102.297279358, 238.823013306, 67.2208404541, -11.5003919601], [24.9030838013, 131.581985474, 77.7534255981, 88.2933807373, 69.386756897, 102.776947021, 58.0135612488, 93.2385177612, 64.9128417969, 14.0905799866, 67.2208404541, 157.491134644, 35.3690719604], [14.5064315796, 95.0963363647, 55.5072174072, 71.0162506104, 69.3985061646, 76.1144256592, 69.9640274048, 50.386177063, 70.9727249146, 44.4854812622, -11.5003919601, 35.3690719604, 156.84413147]], "icov": [[0.000890980532859, 0.000636657816358, -2.89199524559e-05, -0.000462471653009, -0.000249075616011, -0.000646074826363, 0.000423204124672, -0.000222085232963, -0.000235030180193, -0.000269576499704, -1.12219186121e-05, 0.000189268597751, 0.000196827284526], [0.000636657816358, 0.00226578488946, 0.000391692999983, -0.000925175729208, 0.000387538049836, -0.000195729968254, -0.00104803591967, -0.000105383085611, 7.49597347749e-06, -0.000605600769632, -0.000948633532971, -0.000701309705619, -0.000470539351227], [-2.89199524559e-05, 0.000391692999983, 0.0034130695276, 0.000597127422225, -0.00102444319054, 0.000100021090475, -0.00210224161856, -0.000461310090031, -0.000488060672069, 0.000758098671213, -0.000453373097116, -0.000554032507353, -0.000124848796986], [-0.000462471653009, -0.000925175729208, 0.000597127422225, 0.00729330908507, -0.00171099381987, -0.000816817511804, -0.00156216009054, -0.00302971643396, -0.0011897678487, -0.00130121258553, 0.00180339149665, -0.000272362056421, 0.00101478560828], [-0.000249075616011, 0.000387538049836, -0.00102444319054, -0.00171099381987, 0.00973505340517, -0.00375908310525, -0.000296415615594, 0.000127728984808, -0.000855940859765, -0.00284450175241, -0.00114523468073, 0.000584025809076, -0.000488271645736], [-0.000646074826363, -0.000195729968254, 0.000100021090475, -0.000816817511804, -0.00375908310525, 0.00940414983779, -0.001701424364, -0.00100070156623, -0.000772112223785, 0.00160260265693, -0.000971013621893, -0.00175381998997, -0.0010879940819], [0.000423204124672, -0.00104803591967, -0.00210224161856, -0.00156216009054, -0.000296415615594, -0.001701424364, 0.0144245894626, -0.00298461411148, -0.000966976687778, -0.00190457259305, 0.000663575017825, 0.00108177878428, -0.00168872845825], [-0.000222085232963, -0.000105383085611, -0.000461310090031, -0.00302971643396, 0.000127728984808, -0.00100070156623, -0.00298461411148, 0.0160639565438, -0.00349897681735, 0.00171729596332, -0.00435332534835, -0.00252024992369, -0.000435225927504], [-0.000235030180193, 7.49597347749e-06, -0.000488060672069, -0.0011897678487, -0.000855940859765, -0.000772112223785, -0.000966976687778, -0.00349897681735, 0.0134121635929, -0.00224630185403, 0.00372605235316, -0.00231055007316, -0.00160027050879], [-0.000269576499704, -0.000605600769632, 0.000758098671213, -0.00130121258553, -0.00284450175241, 0.00160260265693, -0.00190457259305, 0.00171729596332, -0.00224630185403, 0.00960553623736, -0.00371327670291, 0.00269355764613, -0.00109585619066], [-1.12219186121e-05, -0.000948633532971, -0.000453373097116, 0.00180339149665, -0.00114523468073, -0.000971013621893, 0.000663575017825, -0.00435332534835, 0.00372605235316, -0.00371327670291, 0.00915110763162, -0.00220050243661, 0.00253491383046], [0.000189268597751, -0.000701309705619, -0.000554032507353, -0.000272362056421, 0.000584025809076, -0.00175381998997, 0.00108177878428, -0.00252024992369, -0.00231055007316, 0.00269355764613, -0.00220050243661, 0.0111299492419, -0.000742768403143], [0.000196827284526, -0.000470539351227, -0.000124848796986, 0.00101478560828, -0.000488271645736, -0.0010879940819, -0.00168872845825, -0.000435225927504, -0.00160027050879, -0.00109585619066, 0.00253491383046, -0.000742768403143, 0.00925301294774]]}, "spectral_contrast_coeffs": {"dmean": [0.052286144346, 0.0437151268125, 0.0403915978968, 0.0349800176919, 0.02426777035, 0.0176831074059], "dmean2": [0.0835362449288, 0.0700096189976, 0.0628777444363, 0.056332167238, 0.0383898168802, 0.0280240494758], "dvar": [0.00226651784033, 0.00131615332793, 0.00133015622851, 0.00101095216814, 0.00054495310178, 0.000216835498577], "dvar2": [0.00497767701745, 0.00347230420448, 0.00299717346206, 0.00248779915273, 0.00122250872664, 0.000495047774166], "max": [-0.226521849632, -0.486869126558, -0.435965627432, -0.564696073532, -0.627016782761, -0.637167334557], "mean": [-0.668560624123, -0.707123696804, -0.706640005112, -0.767552793026, -0.776906788349, -0.754449188709], "median": [-0.702051520348, -0.70803964138, -0.711304426193, -0.77548122406, -0.782444059849, -0.755224108696], "min": [-0.897200286388, -0.905446946621, -0.952802121639, -0.965876162052, -0.921561360359, -0.883539319038], "var": [0.0134017504752, 0.00443591969088, 0.00598626025021, 0.00378776248544, 0.00195720489137, 0.00103420636151]}, "spectral_contrast_valleys": {"dmean": [0.420515984297, 0.355188250542, 0.371590256691, 0.400655925274, 0.372853338718, 0.368287324905], "dmean2": [0.64627879858, 0.571103155613, 0.59135055542, 0.598389625549, 0.523154318333, 0.50544655323], "dvar": [0.261834859848, 0.148193433881, 0.152173608541, 0.205155536532, 0.174357756972, 0.178962945938], "dvar2": [0.445613056421, 0.353686571121, 0.341092973948, 0.446155071259, 0.351651012897, 0.326230168343], "max": [-4.79511642456, -4.70098829269, -5.39769172668, -6.17985773087, -5.911159515