{"lowlevel": {"average_loudness": 0.536314189434, "barkbands_crest": {"dmean": 1.6259367466, "dmean2": 2.61675786972, "dvar": 2.72738623619, "dvar2": 7.23160982132, "max": 25.4256744385, "mean": 9.89674949646, "median": 9.12202835083, "min": 3.14647006989, "var": 12.4173126221}, "barkbands_flatness_db": {"dmean": 0.0161110144109, "dmean2": 0.0240030828863, "dvar": 0.000286952563329, "dvar2": 0.000555011909455, "max": 0.416875392199, "mean": 0.232942312956, "median": 0.224729567766, "min": 0.0668366253376, "var": 0.0043585835956}, "barkbands_kurtosis": {"dmean": 1.70584237576, "dmean2": 2.67739605904, "dvar": 10.6204252243, "dvar2": 25.7642860413, "max": 168.859024048, "mean": 4.34637546539, "median": 2.47055625916, "min": -1.9246160984, "var": 50.1847381592}, "barkbands_skewness": {"dmean": 0.308705717325, "dmean2": 0.468900829554, "dvar": 0.142072811723, "dvar2": 0.299728929996, "max": 10.6898517609, "mean": 1.48706483841, "median": 1.40867948532, "min": -2.59090018272, "var": 1.04366767406}, "barkbands_spread": {"dmean": 2.34789609909, "dmean2": 3.42096805573, "dvar": 25.7812614441, "dvar2": 43.6279640198, "max": 91.5033035278, "mean": 11.1307315826, "median": 8.86911773682, "min": 0.66323363781, "var": 90.0836105347}, "dissonance": {"dmean": 0.0249483138323, "dmean2": 0.0411609373987, "dvar": 0.000656402728055, "dvar2": 0.00176570890471, "max": 0.499886721373, "mean": 0.426802754402, "median": 0.437220454216, "min": 0.14993955195, "var": 0.00249814242125}, "dynamic_complexity": 5.92131614685, "erbbands_crest": {"dmean": 1.87632703781, "dmean2": 2.90480113029, "dvar": 4.34439992905, "dvar2": 10.1839237213, "max": 30.2415733337, "mean": 9.99643421173, "median": 8.99496936798, "min": 2.81998133659, "var": 18.8071403503}, "erbbands_flatness_db": {"dmean": 0.0131510142237, "dmean2": 0.0186032857746, "dvar": 0.000236807492911, "dvar2": 0.000423447112553, "max": 0.433572024107, "mean": 0.24773901701, "median": 0.242608621716, "min": 0.0391528643668, "var": 0.00400887103751}, "erbbands_kurtosis": {"dmean": 0.690746665001, "dmean2": 1.05834901333, "dvar": 1.24948132038, "dvar2": 2.85961961746, "max": 32.8036880493, "mean": 0.590683579445, "median": -0.141114711761, "min": -1.80751955509, "var": 5.20274353027}, "erbbands_skewness": {"dmean": 0.253464728594, "dmean2": 0.377967208624, "dvar": 0.0841382816434, "dvar2": 0.161370903254, "max": 3.99976849556, "mean": 0.450159281492, "median": 0.440808624029, "min": -4.4440279007, "var": 0.493541538715}, "erbbands_spread": {"dmean": 4.05685138702, "dmean2": 6.09899950027, "dvar": 49.5917930603, "dvar2": 106.722221375, "max": 120.782203674, "mean": 24.7152996063, "median": 21.794216156, "min": 2.36381912231, "var": 194.083206177}, "hfc": {"dmean": 2.49827504158, "dmean2": 3.30977702141, "dvar": 32.2570800781, "dvar2": 57.9712486267, "max": 151.448059082, "mean": 9.91236400604, "median": 3.84796929359, "min": 1.1945602423e-16, "var": 196.420410156}, "melbands_crest": {"dmean": 2.05898761749, "dmean2": 3.31381559372, "dvar": 4.60679149628, "dvar2": 11.4535398483, "max": 38.807308197, "mean": 13.7528905869, "median": 12.7224569321, "min": 2.13709592819, "var": 25.0183963776}, "melbands_flatness_db": {"dmean": 0.0183925423771, "dmean2": 0.0260603614151, "dvar": 0.000435395311797, "dvar2": 0.000759119458962, "max": 0.567170977592, "mean": 0.313942968845, "median": 0.304985016584, "min": 0.00878097210079, "var": 0.00761582888663}, "melbands_kurtosis": {"dmean": 3.1795437336, "dmean2": 5.16613435745, "dvar": 80.3874816895, "dvar2": 246.097198486, "max": 270.390106201, "mean": 8.96679782867, "median": 5.43485450745, "min": -1.82106471062, "var": 257.990783691}, "melbands_skewness": {"dmean": 0.375298827887, "dmean2": 0.576900601387, "dvar": 0.271861732006, "dvar2": 0.674705088139, "max": 15.2733488083, "mean": 2.07107949257, "median": 1.94220089912, "min": -1.76996910572, "var": 1.97637927532}, "melbands_spread": {"dmean": 2.95350599289, "dmean2": 4.2713561058, "dvar": 51.6411705017, "dvar2": 84.9942169189, "max": 186.521148682, "mean": 13.4513244629, "median": 10.8678121567, "min": 0.891007065773, "var": 159.581130981}, "pitch_salience": {"dmean": 0.0450140014291, "dmean2": 0.0729193612933, "dvar": 0.00202170340344, "dvar2": 0.00511697400361, "max": 0.908579230309, "mean": 0.568240523338, "median": 0.57708221674, "min": 0.0703378096223, "var": 0.0115493061021}, "silence_rate_20dB": {"dmean": 0, "dmean2": 0, "dvar": 0, "dvar2": 0, "max": 1, "mean": 1, "median": 1, "min": 1, "var": 0}, "silence_rate_30dB": {"dmean": 0.00131233595312, "dmean2": 0.00262501649559, "dvar": 0.00131063791923, "dvar2": 0.00366815994494, "max": 1, "mean": 0.999212682247, "median": 1, "min": 0, "var": 0.000786693126429}, "silence_rate_60dB": {"dmean": 0.0317585319281, "dmean2": 0.0635253936052, "dvar": 0.0307485554367, "dvar2": 0.068410359323, "max": 1, "mean": 0.263088822365, "median": 0, "min": 0, "var": 0.193875461817}, "spectral_centroid": {"dmean": 105.655357361, "dmean2": 147.619445801, "dvar": 54630.1171875, "dvar2": 74614.265625, "max": 11433.6679688, "mean": 720.414794922, "median": 578.446655273, "min": 213.076889038, "var": 259648.203125}, "spectral_complexity": {"dmean": 1.64356958866, "dmean2": 2.56201601028, "dvar": 4.42018556595, "dvar2": 8.15324687958, "max": 49, "mean": 11.3443117142, "median": 10, "min": 0, "var": 46.0389328003}, "spectral_decrease": {"dmean": 8.62693305681e-10, "dmean2": 1.23816856767e-09, "dvar": 2.53973730247e-18, "dvar2": 4.98475994327e-18, "max": 2.61274964001e-18, "mean": -3.98839228311e-09, "median": -2.30847652105e-09, "min": -3.28551905682e-08, "var": 2.05392866933e-17}, "spectral_energy": {"dmean": 0.0034491259139, "dmean2": 0.00492849480361, "dvar": 4.07662628277e-05, "dvar2": 7.94025181676e-05, "max": 0.128997653723, "mean": 0.015952186659, "median": 0.00905651412904, "min": 1.02754726371e-20, "var": 0.000332842610078}, "spectral_energyband_high": {"dmean": 7.20319003449e-05, "dmean2": 9.3958544312e-05, "dvar": 2.19292715542e-07, "dvar2": 3.88416282249e-07, "max": 0.0167900808156, "mean": 0.000136985065183, "median": 1.08922795334e-05, "min": 6.81587535118e-21, "var": 3.96186237595e-07}, "spectral_energyband_low": {"dmean": 0.000720890064258, "dmean2": 0.00116699875798, "dvar": 2.35914649238e-06, "dvar2": 5.88194779994e-06, "max": 0.0306666549295, "mean": 0.00257850671187, "median": 0.00144981360063, "min": 2.55404178361e-23, "var": 1.09015227281e-05}, "spectral_energyband_middle_high": {"dmean": 0.00103255407885, "dmean2": 0.00139826862141, "dvar": 7.80195750849e-06, "dvar2": 1.47743721755e-05, "max": 0.0698478296399, "mean": 0.0034933204297, "median": 0.000848622526973, "min": 1.46218047123e-21, "var": 4.64271543024e-05}, "spectral_energyband_middle_low": {"dmean": 0.0026224614121, "dmean2": 0.0038361849729, "dvar": 2.45173032454e-05, "dvar2": 5.0721646403e-05, "max": 0.108249433339, "mean": 0.0101837636903, "median": 0.00599942961708, "min": 4.34668821125e-22, "var": 0.000147172569996}, "spectral_entropy": {"dmean": 0.132653862238, "dmean2": 0.19045342505, "dvar": 0.0273527093232, "dvar2": 0.0468921475112, "max": 9.78626346588, "mean": 6.69963407516, "median": 6.67050695419, "min": 5.04495048523, "var": 0.292570978403}, "spectral_flux": {"dmean": 0.0130655094981, "dmean2": 0.0201335065067, "dvar": 0.000346747227013, "dvar2": 0.000790830352344, "max": 0.281295061111, "mean": 0.0415077582002, "median": 0.031280502677, "min": 1.01368004268e-10, "var": 0.00150637619663}, "spectral_kurtosis": {"dmean": 9.90356731415, "dmean2": 17.2259960175, "dvar": 169.48399353, "dvar2": 507.562805176, "max": 138.224884033, "mean": 23.3139610291, "median": 12.5919446945, "min": -1.20796191692, "var": 618.934631348}, "spectral_rms": {"dmean": 0.000371436501155, "dmean2": 0.000523736176547, "dvar": 2.74480299822e-07, "dvar2": 4.95935239542e-07, "max": 0.0112183494493, "mean": 0.00334609649144, "median": 0.00297247781418, "min": 3.16620449477e-12, "var": 4.36671780335e-06}, "spectral_rolloff": {"dmean": 189.266906738, "dmean2": 313.024230957, "dvar": 401410.21875, "dvar2": 767665.0625, "max": 20025.8789062, "mean": 874.541748047, "median": 689.0625, "min": 43.06640625, "var": 909703.125}, "spectral_skewness": {"dmean": 0.691014587879, "dmean2": 1.17698669434, "dvar": 0.593505203724, "dvar2": 1.78315842152, "max": 9.17494869232, "mean": 2.95409846306, "median": 2.55752491951, "min": -0.369788855314, "var": 2.26649451256}, "spectral_spread": {"dmean": 323628.5, "dmean2": 475811.625, "dvar": 359634403328, "dvar2": 493816709120, "max": 41413384, "mean": 2407391, "median": 2218487.25, "min": 565612.75, "var": 2103537434620.0}, "spectral_strongpeak": {"dmean": 0.314025580883, "dmean2": 0.500331819057, "dvar": 0.468079477549, "dvar2": 0.951770961285, "max": 13.4898586273, "mean": 0.888957381248, "median": 0.395497769117, "min": 0, "var": 1.603926301}, "zerocrossingrate": {"dmean": 0.00490825204179, "dmean2": 0.00558104366064, "dvar": 0.000110542947368, "dvar2": 0.000101891026134, "max": 0.50927734375, "mean": 0.032164413482, "median": 0.02734375, "min": 0.0029296875, "var": 0.000627702800557}, "barkbands": {"dmean": [2.03265176424e-06, 0.000297012476949, 0.000380527897505, 0.000342552084476, 0.00120722327847, 0.000660124933347, 0.000587196904235, 0.000795922009274, 0.000487774726935, 0.000439985131379, 0.000283120461972, 0.00025228652521, 0.000219398512854, 0.000138199058711, 0.000101412202639, 9.00995946722e-05, 0.000126386032207, 6.70040972182e-05, 2.85482619802e-05, 1.474491728e-05, 1.26087788885e-05, 3.29844951921e-05, 2.29371235037e-05, 6.27817371424e-06, 1.05886419988e-06, 6.42928171146e-07, 3.86466645352e-08], "dmean2": [3.52471374754e-06, 0.000496887776535, 0.000613638665527, 0.000550775672309, 0.00193900393788, 0.000984828802757, 0.000819905544631, 0.00116196961608, 0.000714110734407, 0.000611777068116, 0.000380887009669, 0.000393968250137, 0.00033017678652, 0.000211642647628, 0.000153063112521, 0.000134835805511, 0.000178424190381, 0.000102482816146, 4.272724982e-05, 2.15815744014e-05, 1.79720827873e-05, 4.5997381676e-05, 3.07125665131e-05, 8.97700192581e-06, 1.46560739722e-06, 8.6842771907e-07, 5.96754148319e-08], "dvar": [5.54865632607e-11, 7.03099829025e-07, 7.10120275471e-07, 4.94784103466e-07, 5.43432315681e-06, 2.38205643655e-06, 3.94471908294e-06, 7.81782455306e-06, 2.58818272414e-06, 2.45489150075e-06, 2.80329004454e-06, 1.84411453574e-06, 7.81250662385e-07, 3.09022510692e-07, 1.42143179005e-07, 1.02079248165e-07, 3.53350060323e-07, 7.05313922822e-08, 5.16458520394e-08, 9.77649783351e-09, 6.97651136861e-09, 5.43575886525e-08, 2.23580833847e-08, 1.68416913748e-09, 4.23940674232e-11, 1.11107997802e-11, 3.79990533668e-14], "dvar2": [1.49910237002e-10, 1.83534143616e-06, 1.82117628356e-06, 1.33268247282e-06, 1.41046102726e-05, 5.25138921148e-06, 7.97600114311e-06, 1.60421386681e-05, 5.18672868566e-06, 5.16041200171e-06, 4.83599751533e-06, 4.44201441496e-06, 1.64833420513e-06, 7.36337540275e-07, 3.28339211819e-07, 2.28777281563e-07, 6.95315463872e-07, 1.52265513975e-07, 1.12824700693e-07, 1.9545637997e-08, 1.40234845958e-08, 1.00911456968e-07, 3.8951522896e-08, 3.35706951127e-09, 7.85655221436e-11, 2.0894149258e-11, 8.80625257503e-14], "max": [0.000286346650682, 0.0225014612079, 0.0134413484484, 0.0141358096153, 0.0611107908189, 0.06500736624, 0.0668591558933, 0.0704836174846, 0.0462061390281, 0.0401567555964, 0.0677422359586, 0.0543176792562, 0.0335197746754, 0.0140210241079, 0.0100826453418, 0.00886658765376, 0.0217661503702, 0.00893378909677, 0.0112729202956, 0.00430190656334, 0.00507091218606, 0.00941349379718, 0.00569504639134, 0.00160013884306, 0.0002890516771, 0.000150488631334, 9.15291911951e-06], "mean": [2.44301941166e-06, 0.00110684230458, 0.00110606488306, 0.000722648517694, 0.00307206995785, 0.00180247239769, 0.00146531837527, 0.0018786258297, 0.00106758694164, 0.00108860316686, 0.000534603197593, 0.000488400284667, 0.000422092882218, 0.000237753760302, 0.000178858201252, 0.000159353658091, 0.000298213708447, 0.000123242178233, 4.55555418739e-05, 2.41266097873e-05, 2.15309737541e-05, 5.64165748074e-05, 3.72172180505e-05, 9.16161025089e-06, 1.73650221313e-06, 1.24704365589e-06, 4.67561775963e-08], "median": [5.73040779273e-07, 0.000332658644766, 0.000500005902722, 0.000267943745712, 0.00149585749023, 0.000873665791005, 0.000363814644516, 0.00017826333351, 0.00019250564219, 0.000179499285878, 6.04268498137e-05, 8.93807664397e-05, 8.35829705466e-05, 4.84179872728e-05, 3.10046998493e-05, 2.81175216514e-05, 1.654942389e-05, 1.32147015393e-05, 3.84769828088e-06, 2.92410049951e-06, 1.58327202371e-06, 2.61306126959e-06, 1.65649464634e-06, 3.20418479305e-07, 8.48843484391e-08, 1.14338639889e-07, 5.59525203947e-10], "min": [2.77077847742e-24, 1.00488367991e-23, 7.9250812473e-24, 8.43288047832e-24, 9.85950166217e-23, 8.8135137537e-23, 1.84160398739e-23, 5.62282382757e-23, 1.55868893183e-22, 8.48556281838e-23, 1.59943110478e-23, 6.6019150691e-23, 4.37430187703e-23, 1.05873186173e-22, 9.85297241823e-23, 1.45710459938e-22, 1.13542125862e-22, 4.54293408528e-22, 2.54214629758e-22, 2.16394769939e-22, 3.34443399406e-22, 3.95785930216e-22, 5.42909322077e-22, 7.0361707543e-22, 1.19635237007e-21, 1.58118805264e-21, 2.36976340283e-21], "var": [6.15017342609e-11, 3.51531707565e-06, 2.68808207693e-06, 1.19871742754e-06, 1.71803276316e-05, 8.75609111972e-06, 1.39669600685e-05, 2.72786091955e-05, 7.81863764132e-06, 1.04668233689e-05, 8.1725875134e-06, 3.50658456227e-06, 1.90412060874e-06, 4.90231798267e-07, 2.55923708892e-07, 2.14526764353e-07, 1.67380642324e-06, 1.46017853808e-07, 7.22432602629e-08, 1.38766980129e-08, 9.88052395456e-09, 8.92589682167e-08, 4.25825632533e-08, 2.66798583226e-09, 8.53064632822e-11, 2.492555988e-11, 4.89342588802e-14]}, "erbbands": {"dmean": [0.00373489572667, 0.0850167050958, 0.390209823847, 0.81022131443, 2.22210550308, 4.437458992, 7.25201892853, 4.47738599777, 7.31962251663, 10.2698850632, 18.1572780609, 10.9802865982, 10.8713941574, 14.984126091, 10.1436338425, 8.93604755402, 9.61828517914, 6.37631177902, 6.07106590271, 3.86622166634, 4.98563241959, 5.3169169426, 4.19475269318, 1.60932862759, 1.27354383469, 0.672910153866, 0.43180590868, 0.653298735619, 1.21813225746, 0.892966032028, 0.647427022457, 0.256425112486, 0.0408967211843, 0.0117976181209, 0.0083589265123, 0.00351055734791, 0.00116938480642, 0.00017242996546, 5.11514463142e-06, 4.07995457863e-06], "dmean2": [0.00614081975073, 0.142210632563, 0.635465145111, 1.30497193336, 3.56786084175, 7.11230516434, 11.3289384842, 6.54820394516, 10.4666013718, 13.9457073212, 26.3558654785, 16.2278175354, 15.1038866043, 19.8340129852, 14.229640007, 13.4746179581, 14.2234354019, 9.30301570892, 9.13145637512, 5.65884017944, 7.34485530853, 7.21990871429, 6.13807058334, 2.41179180145, 1.82159686089, 0.984169065952, 0.598878264427, 0.921115100384, 1.74800550938, 1.19421184063, 0.887108683586, 0.3551222682, 0.0572792328894, 0.0162606723607, 0.0117456857115, 0.00477643171325, 0.00165889924392, 0.000244554306846, 7.08933794158e-06, 5.77842365601e-06], "dvar": [0.000138501491165, 0.0547035299242, 0.803094923496, 2.8616900444, 15.9410791397, 108.141906738, 270.504241943, 217.431152344, 552.217407227, 1330.62390137, 3942.13500977, 1154.50830078, 2208.68066406, 3428.30639648, 3702.4855957, 1452.38830566, 1388.24438477, 464.734375, 603.0859375, 181.737548828, 301.28237915, 484.589355469, 271.724914551, 115.428794861, 87.2164535522, 20.5858459473, 8.96511363983, 23.1525821686, 85.8407516479, 29.2274799347, 19.9574337006, 2.51618075371, 0.0892554968596, 0.00553776836023, 0.00266820332035, 0.000393804395571, 3.71641508536e-05, 7.62651211517e-07, 4.11033873604e-10, 5.74702334333e-11], "dvar2": [0.000322459702147, 0.143997743726, 2.03972244263, 7.64380311966, 42.7754135132, 271.415496826, 736.376708984, 461.254272461, 1157.33837891, 2312.60424805, 7761.3359375, 2354.27734375, 4678.02392578, 6453.82226562, 8184.04345703, 3466.54199219, 2775.93212891, 959.015563965, 1369.18017578, 346.320251465, 648.751098633, 828.466247559, 506.376586914, 282.983337402, 161.754974365, 40.216178894, 17.3013458252, 49.5391464233, 167.515716553, 48.156288147, 37.7763710022, 4.72994184494, 0.163518816233, 0.00975720584393, 0.00510391639546, 0.000743022770621, 7.96794483904e-05, 1.62386618285e-06, 8.50905956806e-10, 1.10796885555e-10], "max": [0.372752934694, 6.04638385773, 15.5953292847, 34.2954292297, 77.9109573364, 301.653839111, 299.063110352, 792.978149414, 772.705322266, 1332.68151855, 1448.65478516, 1073.64172363, 1522.4029541, 2203.78393555, 2523.43798828, 1516.77209473, 1316.46838379, 529.874633789, 804.983520508, 393.735809326, 538.018066406, 936.556091309, 559.017700195, 570.13067627, 404.24520874, 198.473937988, 178.051239014, 259.129608154, 396.571990967, 166.870239258, 169.991043091, 53.3221969604, 14.5955591202, 2.98296427727, 2.43826270103, 0.8423371315, 0.246251508594, 0.0378994718194, 0.000892409763765, 0.000151657892275], "mean": [0.0117578841746, 0.323105275631, 1.32213640213, 1.88989317417, 5.24250078201, 10.3943872452, 18.4137649536, 11.8829727173, 18.8100318909, 25.0220127106, 44.2806015015, 25.4382705688, 26.436170578, 38.4743919373, 21.6653728485, 18.9383525848, 19.8172588348, 13.592669487, 11.1312198639, 8.01285552979, 10.9897222519, 14.1462955475, 9.28596019745, 3.07233476639, 2.21530413628, 1.1580927372, 0.767565608025, 1.09053361416, 2.01171517372, 1.56644463539, 1.03398728371, 0.398996651173, 0.0611179620028, 0.0187395364046, 0.0135928643867, 0.00618073856458, 0.00226238579489, 0.000297800492262, 1.49052939378e-05, 1.87398418348e-05], "median": [0.00312771624885, 0.106661088765, 0.622554898262, 0.997332155704, 2.59770750999, 4.35516023636, 7.60038375854, 5.15319871902, 6.95112609863, 4.43293857574, 5.75937271118, 5.33179616928, 4.1416554451, 6.79916095734, 3.62098956108, 4.24970293045, 4.34822511673, 3.03393769264, 1.99316871166, 1.37105250359, 1.68799972534, 0.984272241592, 0.803124666214, 0.353455603123, 0.185497656465, 0.144466713071, 0.0695693865418, 0.0579864941537, 0.0848281159997, 0.0871243551373, 0.0357523523271, 0.0142758544534, 0.00244896067306, 0.000652083428577, 0.000791419122834, 0.000547047180589, 0.000177417896339, 1.93125797523e-05, 6.10106098975e-06, 1.04810342236e-05], "min": [1.92956197832e-22, 2.57247374585e-21, 9.13694172662e-21, 2.32043968919e-20, 1.14187966714e-19, 3.73912158352e-19, 4.35419033955e-19, 1.00684310423e-18, 4.46385484324e-19, 3.26332884615e-19, 2.55252137884e-18, 3.2336014225e-18, 1.5546257839e-18, 2.79005994022e-18, 1.0706976218e-18, 2.45942881834e-18, 2.47087038058e-18, 2.7756866431e-18, 6.54308839439e-18, 7.03764107107e-18, 7.96671875456e-18, 7.0983362757e-18, 1.95273867238e-17, 1.70178812184e-17, 1.2772045025e-17, 1.0398485826e-17, 1.44948810884e-17, 1.29340863983e-17, 1.34882767292e-17, 1.61218874506e-17, 1.48374463586e-17, 1.04806935169e-17, 1.54764897039e-17, 1.52847293855e-17, 6.95347792529e-18, 4.64099939712e-18, 3.63337057471e-18, 1.05354892694e-18, 3.02095872281e-19, 3.80702057486e-20], "var": [0.00061386654852, 0.278199166059, 3.97802996635, 6.56561422348, 47.2643165588, 273.133483887, 973.405456543, 587.80090332, 1373.38464355, 6691.71484375, 15528.5693359, 3829.98901367, 5995.9609375, 14835.5898438, 7555.94580078, 3167.46069336, 3822.79858398, 1401.14282227, 1103.60742188, 507.68157959, 1157.08520508, 2890.48901367, 942.8203125, 133.749832153, 178.649337769, 30.17029953, 13.4393014908, 29.6392555237, 126.462554932, 62.5938682556, 34.7734069824, 4.26235580444, 0.157117620111, 0.0116783855483, 0.00503247696906, 0.000780266069341, 7.99728077254e-05, 1.37275242196e-06, 9.33426891336e-10, 4.65246785541e-10]}, "gfcc": {"mean": [-135.706924438, 178.473358154, -128.248306274, 1.52483797073, -44.3953590393, -5.91871023178, -31.8381023407, -11.1587915421, -13.7900457382, -12.544380188, -11.8499946594, -0.721603691578, -11.806391716], "cov": [[19360.4667969, -3329.05444336, -1154.40222168, 1724.94311523, -2510.61865234, 486.844543457, -512.835510254, -26.940328598, -86.7734527588, -71.8115463257, -884.79486084, 538.799499512, -900.963928223], [-3329.05444336, 3189.64770508, -318.6590271, -1192.23278809, 1332.72705078, -589.276855469, 251.169586182, -79.7101135254, 33.2083015442, -168.510314941, 408.522003174, -392.246490479, 399.552490234], [-1154.40222168, -318.6590271, 570.125976562, 122.133857727, -68.6463470459, 237.693374634, -3.43970131874, 23.676990509, 29.8536891937, 76.2684860229, -26.6815834045, 46.8731040955, -41.4519462585], [1724.94311523, -1192.23278809, 122.133857727, 841.489318848, -460.390106201, 213.684631348, -116.363830566, 16.6342506409, 64.4471054077, 37.5738067627, -124.117012024, 146.035568237, -128.79473877], [-2510.61865234, 1332.72705078, -68.6463470459, -460.390106201, 863.959716797, -243.606124878, 147.496231079, 55.8581428528, 21.9578762054, -19.9455108643, 212.691604614, -175.977996826, 235.366470337], [486.844543457, -589.276855469, 237.693374634, 213.684631348, -243.606124878, 344.458618164, 12.8934354782, 29.536939621, 46.2877388, 65.0845794678, -68.3133087158, 76.6958389282, -78.9531555176], [-512.835510254, 251.169586182, -3.43970131874, -116.363830566, 147.496231079, 12.8934354782, 223.43081665, 22.8277816772, 13.5549526215, 41.1357040405, 32.8824386597, -17.4686737061, 29.9969463348], [-26.940328598, -79.7101135254, 23.676990509, 16.6342506409, 55.8581428528, 29.536939621, 22.8277816772, 140.433685303, 18.377073288, 19.8627700806, 6.55517148972, 0.0340365096927, 9.83577823639], [-86.7734527588, 33.2083015442, 29.8536891937, 64.4471054077, 21.9578762054, 46.2877388, 13.5549526215, 18.377073288, 156.599060059, -1.47041499615, 13.0205745697, 18.9456386566, -7.99161243439], [-71.8115463257, -168.510314941, 76.2684860229, 37.5738067627, -19.9455108643, 65.0845794678, 41.1357040405, 19.8627700806, -1.47041499615, 135.177505493, -14.9767370224, 13.7105932236, -1.84266483784], [-884.79486084, 408.522003174, -26.6815834045, -124.117012024, 212.691604614, -68.3133087158, 32.8824386597, 6.55517148972, 13.0205745697, -14.9767370224, 155.387680054, -48.6671104431, 81.7724304199], [538.799499512, -392.246490479, 46.8731040955, 146.035568237, -175.977996826, 76.6958389282, -17.4686737061, 0.0340365096927, 18.9456386566, 13.7105932236, -48.6671104431, 133.064346313, -61.0038833618], [-900.963928223, 399.552490234, -41.4519462585, -128.79473877, 235.366470337, -78.9531555176, 29.9969463348, 9.83577823639, -7.99161243439, -1.84266483784, 81.7724304199, -61.0038833618, 160.620819092]], "icov": [[0.000256422150414, -0.000666992331389, 0.000842486973852, -0.000634424213786, 0.000750702689402, -0.000645385705866, 0.000415920454543, -0.000729145598598, 0.000554299971554, -0.000425772072049, 0.000825459312182, -0.000580175896175, 0.000738011847716], [-0.000666992331389, 0.00437197135761, -0.00226333015598, 0.00334965786897, -0.0038569252938, 0.00279699405655, -0.00198012497276, 0.00394397648051, -0.00307359895669, 0.00275334366597, -0.00332346186042, 0.00355591089465, -0.00243890448473], [0.000842486973852, -0.00226333015598, 0.00547423865646, -0.00215622759424, 0.00179682602175, -0.00426496379077, 0.00205543730408, -0.00222139596008, 0.00206813937984, -0.00225570611656, 0.0026418203488, -0.00229623401538, 0.00292233633809], [-0.000634424213786, 0.00334965786897, -0.00215622759424, 0.00465202145278, -0.00236385734752, 0.00195356993936, -0.00095151248388, 0.00272089987993, -0.0031713291537, 0.00180936965626, -0.00260235485621, 0.00195424770936, -0.00235200021416], [0.000750702689402, -0.0038569252938, 0.00179682602175, -0.00236385734752, 0.00727633852512, -0.00100318645127, 0.00055576331215, -0.00481480918825, 0.00168841099367, -0.00231161294505, 0.00164954166394, -0.00155475328211, 3.61452475772e-05], [-0.000645385705866, 0.00279699405655, -0.00426496379077, 0.00195356993936, -0.00100318645127, 0.00841768179089, -0.00279809627682, 0.00162295147311, -0.00340611673892, 0.00086513441056, -0.00239683734253, 0.00218534679152, -0.00219039293006], [0.000415920454543, -0.00198012497276, 0.00205543730408, -0.00095151248388, 0.00055576331215, -0.00279809627682, 0.00700245937333, -0.00198643258773, 0.00124140735716, -0.00310086016543, 0.00161319528706, -0.00229044863954, 0.00198523560539], [-0.000729145598598, 0.00394397648051, -0.00222139596008, 0.00272089987993, -0.00481480918825, 0.00162295147311, -0.00198643258773, 0.0116318017244, -0.00314929592423, 0.00174072128721, -0.00292550353333, 0.00294911582023, -0.00230773026124], [0.000554299971554, -0.00307359895669, 0.00206813937984, -0.0031713291537, 0.00168841099367, -0.00340611673892, 0.00124140735716, -0.00314929592423, 0.00972537603229, -0.0011686955113, 0.00156050664373, -0.00356612447649, 0.00287994206883], [-0.000425772072049, 0.00275334366597, -0.00225570611656, 0.00180936965626, -0.00231161294505, 0.00086513441056, -0.00310086016543, 0.00174072128721, -0.0011686955113, 0.0108977435157, -0.00134026817977, 0.00207120995037, -0.00254768040031], [0.000825459312182, -0.00332346186042, 0.0026418203488, -0.00260235485621, 0.00164954166394, -0.00239683734253, 0.00161319528706, -0.00292550353333, 0.00156050664373, -0.00134026817977, 0.0137202152982, -0.00255920435302, -0.000119604294014], [-0.000580175896175, 0.00355591089465, -0.00229623401538, 0.00195424770936, -0.00155475328211, 0.00218534679152, -0.00229044863954, 0.00294911582023, -0.00356612447649, 0.00207120995037, -0.00255920435302, 0.0143221495673, -0.000937015051022], [0.000738011847716, -0.00243890448473, 0.00292233633809, -0.00235200021416, 3.61452475772e-05, -0.00219039293006, 0.00198523560539, -0.00230773026124, 0.00287994206883, -0.00254768040031, -0.000119604294014, -0.000937015051022, 0.0137606374919]]}, "melbands": {"dmean": [5.73330871703e-05, 0.000171795356437, 0.000158244583872, 0.000244170892984, 0.000232708567637, 0.000103038015368, 0.000116199371405, 0.000126870421809, 0.000140944423038, 6.67454223731e-05, 5.63502981095e-05, 6.39746431261e-05, 3.82661273761e-05, 3.23655258399e-05, 2.01078946702e-05, 1.84842374438e-05, 1.2201341633e-05, 1.07943897092e-05, 6.11101359027e-06, 5.28431337443e-06, 6.51837990517e-06, 5.66829476156e-06, 7.12790506441e-06, 2.44880493483e-06, 1.30069315674e-06, 1.06152992885e-06, 7.53156939481e-07, 3.97771458438e-07, 2.65416446155e-07, 2.8749875014e-07, 4.34824812601e-07, 7.13718179668e-07, 6.92140190495e-07, 4.59482350834e-07, 4.2746344775e-07, 2.61686324166e-07, 1.22704278738e-07, 3.22152331478e-08, 8.67387406345e-09, 1.04901767273e-08], "dmean2": [9.52778646024e-05, 0.000281650660327, 0.000254736922216, 0.00039163447218, 0.000366499851225, 0.000151186599396, 0.000165849385667, 0.000174277898623, 0.000205112592084, 9.79708056548e-05, 7.80189075158e-05, 8.48783602123e-05, 5.21176443726e-05, 5.00971837027e-05, 3.04581553792e-05, 2.71333537967e-05, 1.82793064596e-05, 1.63521071954e-05, 9.1236543085e-06, 7.83984978625e-06, 9.67576124822e-06, 7.62208719607e-06, 1.04740802271e-05, 3.62959281119e-06, 2.00770932679e-06, 1.55666839419e-06, 1.11215967991e-06, 5.89305216181e-07, 3.74801601311e-07, 4.16558322058e-07, 6.23536493549e-07, 1.03642616978e-06, 9.8354689726e-07, 6.2628384967e-07, 5.91111586346e-07, 3.63526908131e-07, 1.77630326448e-07, 4.62886191599e-08, 1.20476020271e-08, 1.49280641182e-08], "dvar": [2.84011161256e-08, 1.59856867299e-07, 8.88213449457e-08, 2.25536382459e-07, 2.8123241691e-07, 9.29078964873e-08, 1.44872771557e-07, 1.90576940895e-07, 2.21043066517e-07, 4.64691645163e-08, 5.61531940946e-08, 5.84992143615e-08, 5.68767539733e-08, 3.55595908275e-08, 6.70528299551e-09, 6.29461638368e-09, 1.85479964721e-09, 2.24563034834e-09, 4.1207495749e-10, 4.01282423956e-10, 6.23982421288e-10, 5.70752722862e-10, 1.38425626517e-09, 7.52593959374e-11, 1.02909507305e-10, 7.45342676467e-11, 2.28528116569e-11, 7.75783083606e-12, 3.23046407333e-12, 4.28956176135e-12, 1.00353050522e-11, 3.08662401194e-11, 2.18434194343e-11, 8.34466523658e-12, 9.12379546913e-12, 2.58494766391e-12, 7.37688285023e-13, 6.34256576838e-14, 3.59323149983e-15, 4.44429674743e-15], "dvar2": [7.0141766173e-08, 4.10123789152e-07, 2.30910757182e-07, 5.99902932663e-07, 7.56008773806e-07, 1.97163444682e-07, 3.03419739112e-07, 3.64494184169e-07, 4.36609951748e-07, 9.22076566212e-08, 1.18255250925e-07, 1.10574070789e-07, 1.10650795193e-07, 8.5767176472e-08, 1.41018459132e-08, 1.15358362862e-08, 4.1237782078e-09, 5.17820764045e-09, 8.74592565037e-10, 8.1163903376e-10, 1.36078037727e-09, 1.00042818474e-09, 2.63403299172e-09, 1.50981366298e-10, 2.60221177939e-10, 1.484932316e-10, 4.12428598218e-11, 1.62089508482e-11, 6.46311736768e-12, 8.907953368e-12, 2.21362077973e-11, 6.40913572214e-11, 4.06319179691e-11, 1.40023105957e-11, 1.76194545065e-11, 4.88584129751e-12, 1.52015010822e-12, 1.23246248276e-13, 6.06984360574e-15, 8.83765716858e-15], "max": [0.00507746078074, 0.00715444842353, 0.00596867734566, 0.0103114433587, 0.0108317378908, 0.0156686920673, 0.0134213371202, 0.012242006138, 0.0110185984522, 0.0060245511122, 0.00759408343583, 0.00853017251939, 0.0110141895711, 0.00807077996433, 0.00302409008145, 0.00463773822412, 0.00106316257734, 0.00161573674995, 0.000568527611904, 0.000668504391797, 0.000901837251149, 0.00132768147159, 0.00142041768413, 0.000320961815305, 0.000536853040103, 0.000393057329347, 0.000216551852645, 0.000128452462377, 0.000103189282527, 0.000133399604238, 0.00016093137674, 0.000249885546509, 0.000206751064979, 9.95294176391e-05, 0.000118010895676, 5.83698601986e-05, 3.6733217712e-05, 1.26455170175e-05, 2.90129446512e-06, 2.59013177129e-06], "mean": [0.000206657670788, 0.000617592013441, 0.000391825189581, 0.000593013013713, 0.000597896869294, 0.000275606085779, 0.00029648153577, 0.000298610859318, 0.000335532677127, 0.000148594786879, 0.000133228852064, 0.000162376090884, 7.51544794184e-05, 6.39532518107e-05, 3.94666058128e-05, 3.90068889828e-05, 2.33029695664e-05, 1.80285860552e-05, 1.11980643851e-05, 1.02647964013e-05, 1.37701181302e-05, 1.46669208334e-05, 1.44016630657e-05, 5.05183197674e-06, 2.08371670851e-06, 1.68629912878e-06, 1.25172459775e-06, 6.47768899853e-07, 4.45591496145e-07, 4.76124426996e-07, 6.79625202338e-07, 1.10950577437e-06, 1.17691172363e-06, 7.55944199682e-07, 6.53544361739e-07, 4.01423193352e-07, 1.78099483605e-07, 4.372170892e-08, 1.32208377579e-08, 1.54585944045e-08], "median": [5.97275793552e-05, 0.000291157950414, 0.000232850085013, 0.000274796766462, 0.000251300923992, 0.000122464625747, 0.000101801153505, 4.43191493105e-05, 4.52234817203e-05, 2.82382316072e-05, 1.85220415005e-05, 2.77245781035e-05, 1.02574322227e-05, 1.16112887554e-05, 9.09428490559e-06, 7.84385520092e-06, 4.9997406677e-06, 2.80367771666e-06, 1.9471676751e-06, 1.76891740011e-06, 1.86791169199e-06, 9.23498703287e-07, 7.73636145368e-07, 6.05800096309e-07, 2.07526582585e-07, 1.09948118165e-07, 1.21124273278e-07, 7.28972651132e-08, 3.56084690623e-08, 3.27727853744e-08, 2.63949324619e-08, 4.15607921411e-08, 5.16257152583e-08, 4.07819698012e-08, 1.81947292788e-08, 1.08877200589e-08, 5.55419976678e-09, 1.08684361511e-09, 1.89276802565e-10, 2.38529085372e-10], "min": [2.53343508016e-24, 4.53421352774e-24, 5.32186155932e-24, 1.76943836069e-23, 1.77359344885e-23, 2.06236292519e-23, 5.65587157748e-24, 3.49819106243e-24, 2.75165349141e-23, 1.80388113222e-23, 7.28754121864e-24, 1.20707843291e-23, 3.04032869886e-24, 5.33639040504e-24, 7.06946851e-24, 4.40671664494e-24, 5.05838004482e-24, 1.18461451423e-23, 8.12445637477e-24, 9.8277632636e-24, 9.02655431863e-24, 5.59104535487e-24, 1.29110103344e-23, 2.4642608929e-23, 1.22937684857e-23, 9.168699954e-24, 7.43377788667e-24, 6.60242498879e-24, 1.17893211247e-23, 5.89790593611e-24, 8.19977760286e-24, 8.46354350171e-24, 6.4188499564e-24, 1.03222086572e-23, 9.33882648568e-24, 5.32449517145e-24, 7.20885313221e-24, 1.0433051503e-23, 1.31750136804e-23, 1.26845094359e-23], "var": [1.40959471651e-07, 8.15722444258e-07, 2.29512878036e-07, 6.65350114559e-07, 9.79062861006e-07, 2.75367114e-07, 3.66672026075e-07, 7.40203347505e-07, 8.58911903379e-07, 1.46571096593e-07, 1.58280883511e-07, 2.64886125478e-07, 1.32233395789e-07, 6.66418458195e-08, 1.56960364706e-08, 1.84903381495e-08, 4.33553193346e-09, 3.63346752685e-09, 9.19184506287e-10, 9.57369072907e-10, 2.41376763022e-09, 3.54147355885e-09, 4.19336476654e-09, 2.47818238153e-10, 9.75209427101e-11, 1.32724484181e-10, 4.25214585764e-11, 1.0205169175e-11, 4.86500553384e-12, 5.57160220738e-12, 1.23740661814e-11, 4.10665633443e-11, 3.93792602693e-11, 1.69763803709e-11, 1.57079696472e-11, 4.34445882047e-12, 1.07869063074e-12, 1.02422729315e-13, 7.53081831514e-15, 8.20702165759e-15]}, "mfcc": {"mean": [-759.157775879, 191.171539307, -7.01044464111, 8.0839509964, -0.350692600012, 7.62674617767, -15.8963670731, 7.49512386322, -10.0712137222, -4.30255460739, -3.77066659927, -2.31498003006, -2.71111822128], "cov": [[11313.7626953, -462.200012207, -1299.56616211, 1182.36535645, -1104.71728516, 300.136901855, -827.858398438, 648.610229492, -362.171020508, 117.363761902, 18.6770172119, 6.44968271255, -206.008773804], [-462.200012207, 1952.79174805, -306.499694824, -371.673034668, 293.881561279, -178.618515015, 192.002258301, -94.4651641846, 51.7302856445, -60.9811553955, 31.8046283722, -24.4899349213, 27.5360240936], [-1299.56616211, -306.499694824, 612.7265625, -101.336914062, 69.1681976318, 116.37399292, 56.0069389343, -39.1708259583, 40.6748847961, 31.1844882965, 5.63584566116, 2.1509308815, 22.1208209991], [1182.36535645, -371.673034668, -101.336914062, 465.465087891, -79.8295288086, 50.9080696106, -117.690872192, 85.4495239258, -48.9011001587, 20.8793334961, -11.8780288696, 37.0341033936, 13.6415910721], [-1104.71728516, 293.881561279, 69.1681976318, -79.8295288086, 418.594604492, -73.1243743896, 94.7548217773, -61.7425003052, 66.376953125, 3.67210245132, -22.2955627441, 22.6762924194, 55.9860229492], [300.136901855, -178.618515015, 116.37399292, 50.9080696106, -73.1243743896, 217.674880981, -13.6345424652, 34.7257652283, 20.5119056702, 40.8963279724, 47.0440635681, 10.2738695145, -25.670539856], [-827.858398438, 192.002258301, 56.0069389343, -117.690872192, 94.7548217773, -13.6345424652, 255.75743103, -57.1599578857, 60.3452453613, 14.2666358948, 20.1892204285, 7.7373509407, 8.2294588089], [648.610229492, -94.4651641846, -39.1708259583, 85.4495239258, -61.7425003052, 34.7257652283, -57.1599578857, 182.316726685, -10.5811395645, 25.8610572815, 20.4967212677, 21.3282661438, 1.91619956493], [-362.171020508, 51.7302856445, 40.6748847961, -48.9011001587, 66.376953125, 20.5119056702, 60.3452453613, -10.5811395645, 139.599533081, 23.6969070435, 28.5332317352, 8.61928272247, 3.91468644142], [117.363761902, -60.9811553955, 31.1844882965, 20.8793334961, 3.67210245132, 40.8963279724, 14.2666358948, 25.8610572815, 23.6969070435, 131.860458374, 21.8401622772, 7.5373134613, -3.92538070679], [18.6770172119, 31.8046283722, 5.63584566116, -11.8780288696, -22.2955627441, 47.0440635681, 20.1892204285, 20.4967212677, 28.5332317352, 21.8401622772, 107.469490051, 14.2414579391, -2.9665324688], [6.44968271255, -24.4899349213, 2.1509308815, 37.0341033936, 22.6762924194, 10.2738695145, 7.7373509407, 21.3282661438, 8.61928272247, 7.5373134613, 14.2414579391, 92.922996521, 26.7462120056], [-206.008773804, 27.5360240936, 22.1208209991, 13.6415910721, 55.9860229492, -25.670539856, 8.2294588089, 1.91619956493, 3.91468644142, -3.92538070679, -2.9665324688, 26.7462120056, 99.0993728638]], "icov": [[0.000310987088596, -0.000130389395053, 0.000467842037324, -0.000440323201474, 0.000463344418677, -0.00040601103683, 0.000452601467259, -0.000468950776849, 0.00017094713985, -0.000281108892523, 0.00020480742387, 2.09789577639e-05, 0.000226020958507], [-0.000130389395053, 0.000907932524569, 0.000404383899877, 0.000810922007076, -0.000732473272365, 0.000205399948754, -0.000487998913741, 0.000193597923499, 7.41206895327e-05, 0.00033134027035, -0.000484303076519, 0.000188079633517, -0.000276494509308], [0.000467842037324, 0.000404383899877, 0.00325647438876, 0.000310775329126, 3.07282425638e-06, -0.00218642200343, 0.00035618286347, -0.000368756067473, 0.000330516166287, -0.000526811170857, 0.000592266966123, 0.000261003529886, -0.000586682290304], [-0.000440323201474, 0.000810922007076, 0.000310775329126, 0.00399743067101, -0.000939743651543, -0.000325606553815, 2.77044455288e-05, 3.4460783354e-05, 0.000386517582228, 9.85110746115e-05, 0.000158290291438, -0.000854546204209, -0.001092710183], [0.000463344418677, -0.000732473272365, 3.07282425638e-06, -0.000939743651543, 0.00435008481145, 0.000400654680561, 0.000272037170362, -0.000101177065517, -0.00115888705477, -0.000844602880534, 0.00128170137759, -0.000737796537578, -0.000829197699204], [-0.00040601103683, 0.000205399948754, -0.00218642200343, -0.000325606553815, 0.000400654680561, 0.00764288101345, -0.00037111362326, 0.000165689823916, -0.00111533422023, -0.000641739636194, -0.00259249773808, -0.000568223418668, 0.00150723557454], [0.000452601467259, -0.000487998913741, 0.00035618286347, 2.77044455288e-05, 0.000272037170362, -0.00037111362326, 0.00600664457306, 0.00044449759298, -0.00109996797983, -0.00104142446071, -0.000337933102855, -0.000687590858433, 0.000413587811636], [-0.000468950776849, 0.000193597923499, -0.000368756067473, 3.4460783354e-05, -0.000101177065517, 0.000165689823916, 0.00044449759298, 0.0075995279476, -0.000297851423966, -0.00069662835449, -0.00121958414093, -0.00120628799777, -0.000761629198678], [0.00017094713985, 7.41206895327e-05, 0.000330516166287, 0.000386517582228, -0.00115888705477, -0.00111533422023, -0.00109996797983, -0.000297851423966, 0.00932819303125, -0.00107175006997, -0.00174402620178, -0.000172087849933, 0.000253985024756], [-0.000281108892523, 0.00033134027035, -0.000526811170857, 9.85110746115e-05, -0.000844602880534, -0.000641739636194, -0.00104142446071, -0.00069662835449, -0.00107175006997, 0.00894544925541, -0.00111802632455, 9.81888442766e-05, 0.000175171284354], [0.00020480742387, -0.000484303076519, 0.000592266966123, 0.000158290291438, 0.00128170137759, -0.00259249773808, -0.000337933102855, -0.00121958414093, -0.00174402620178, -0.00111802632455, 0.0119773447514, -0.00147489167284, -0.000156463866006], [2.09789577639e-05, 0.000188079633517, 0.000261003529886, -0.000854546204209, -0.000737796537578, -0.000568223418668, -0.000687590858433, -0.00120628799777, -0.000172087849933, 9.81888442766e-05, -0.00147489167284, 0.0128476144746, -0.0031001700554], [0.000226020958507, -0.000276494509308, -0.000586682290304, -0.001092710183, -0.000829197699204, 0.00150723557454, 0.000413587811636, -0.000761629198678, 0.000253985024756, 0.000175171284354, -0.000156463866006, -0.0031001700554, 0.0125871421769]]}, "spectral_contrast_coeffs": {"dmean": [0.0374264121056, 0.0340344831347, 0.0285821296275, 0.0253006685525, 0.0208246577531, 0.0279485676438], "dmean2": [0.0626692175865, 0.05395937711, 0.0453382618725, 0.0401315353811, 0.0323742441833, 0.0438074730337], "dvar": [0.000996141694486, 0.000982805620879, 0.000718373339623, 0.000526795862243, 0.000345334701706, 0.000635657343082], "dvar2": [0.00268261088058, 0.00232450314797, 0.00158911861945, 0.0012400499545, 0.000725963909645, 0.00153441471048], "max": [-0.306546121836, -0.421418815851, -0.422749102116, -0.552404820919, -0.529680907726, -0.41966804862], "mean": [-0.600085556507, -0.68677264452, -0.74548137188, -0.762106001377, -0.751592278481, -0.737805902958], "median": [-0.599464893341, -0.689792990685, -0.755396008492, -0.763397693634, -0.750881075859, -0.732644200325], "min": [-0.95546746254, -0.950899481773, -0.958166718483, -0.963795602322, -0.953775167465, -0.95990550518], "var": [0.00709760608152, 0.00604871520773, 0.00527139985934, 0.00273214350455, 0.00312410620973, 0.00803319364786]}, "spectral_contrast_valleys": {"dmean": [0.33816421032, 0.276545971632, 0.250724703074, 0.256467342377, 0.243236750364, 0.439132660627], "dmean2": [0.562661290169, 0.437900334597, 0.39529851079, 0.40131187439, 0.349885731936, 0.652044951916], "dvar": [0.10936550051, 0.0943312421441, 0.0799966454506, 0.0893343538046, 0.099