{"lowlevel": {"average_loudness": 0.688754498959, "barkbands_crest": {"dmean": 1.32501900196, "dmean2": 2.01061534882, "dvar": 1.90529978275, "dvar2": 4.67284727097, "max": 25.0774898529, "mean": 10.3032341003, "median": 9.62021160126, "min": 3.75003314018, "var": 12.1749916077}, "barkbands_flatness_db": {"dmean": 0.0138737550005, "dmean2": 0.0201190523803, "dvar": 0.000287523958832, "dvar2": 0.000589892559219, "max": 0.481428653002, "mean": 0.276068866253, "median": 0.279378831387, "min": 0.0608031339943, "var": 0.00252465927042}, "barkbands_kurtosis": {"dmean": 0.964424848557, "dmean2": 1.55744969845, "dvar": 58.411441803, "dvar2": 155.982894897, "max": 343.652832031, "mean": 1.25559258461, "median": 0.187467694283, "min": -1.64206409454, "var": 58.8109893799}, "barkbands_skewness": {"dmean": 0.23517781496, "dmean2": 0.34957882762, "dvar": 0.160959780216, "dvar2": 0.354649245739, "max": 15.2427225113, "mean": 0.481719255447, "median": 0.367456376553, "min": -2.15458965302, "var": 0.843888223171}, "barkbands_spread": {"dmean": 1.19105219841, "dmean2": 1.80428159237, "dvar": 2.1679558754, "dvar2": 4.76095962524, "max": 35.2629776001, "mean": 9.51462554932, "median": 8.38035202026, "min": 0.39300429821, "var": 24.078212738}, "dissonance": {"dmean": 0.0362924598157, "dmean2": 0.0610242150724, "dvar": 0.0012244747486, "dvar2": 0.00325626460835, "max": 0.49997729063, "mean": 0.355077594519, "median": 0.355767130852, "min": 0.0854516327381, "var": 0.00416271667928}, "dynamic_complexity": 4.15274906158, "erbbands_crest": {"dmean": 1.47583448887, "dmean2": 2.14751386642, "dvar": 2.91112303734, "dvar2": 6.31873416901, "max": 30.0310878754, "mean": 12.1620397568, "median": 11.418094635, "min": 1.91377711296, "var": 21.8395271301}, "erbbands_flatness_db": {"dmean": 0.0131533229724, "dmean2": 0.0177604760975, "dvar": 0.000226262302021, "dvar2": 0.000431087159086, "max": 0.415969014168, "mean": 0.290789872408, "median": 0.300924062729, "min": 0.049053709954, "var": 0.00329097593203}, "erbbands_kurtosis": {"dmean": 0.615936338902, "dmean2": 0.899704933167, "dvar": 0.723218917847, "dvar2": 1.63277065754, "max": 15.1141033173, "mean": 1.01233208179, "median": 0.520855784416, "min": -1.42041230202, "var": 3.05403017998}, "erbbands_skewness": {"dmean": 0.186917558312, "dmean2": 0.274126440287, "dvar": 0.0439882129431, "dvar2": 0.0982450544834, "max": 3.28479504585, "mean": 0.413654208183, "median": 0.397960007191, "min": -1.78529787064, "var": 0.326289266348}, "erbbands_spread": {"dmean": 1.40631711483, "dmean2": 2.06000185013, "dvar": 4.25419044495, "dvar2": 9.41257381439, "max": 95.0302200317, "mean": 12.5372991562, "median": 10.1923398972, "min": 2.5961022377, "var": 127.727371216}, "hfc": {"dmean": 1.66896784306, "dmean2": 2.07851481438, "dvar": 5.94963312149, "dvar2": 8.81206893921, "max": 81.2423171997, "mean": 10.6462488174, "median": 8.80571937561, "min": 1.08800951941e-16, "var": 67.0503616333}, "melbands_crest": {"dmean": 1.99066615105, "dmean2": 3.14551520348, "dvar": 6.0387840271, "dvar2": 15.4029693604, "max": 35.9110870361, "mean": 14.3315391541, "median": 13.2345733643, "min": 1.28019821644, "var": 32.2502670288}, "melbands_flatness_db": {"dmean": 0.0164364054799, "dmean2": 0.023350244388, "dvar": 0.000431242922787, "dvar2": 0.000860341591761, "max": 0.623943567276, "mean": 0.394356191158, "median": 0.401579022408, "min": 0.000664914317895, "var": 0.00584771344438}, "melbands_kurtosis": {"dmean": 1.48136770725, "dmean2": 2.26131749153, "dvar": 54.6862983704, "dvar2": 126.98412323, "max": 280.260253906, "mean": 3.5395321846, "median": 0.595854878426, "min": -1.53024399281, "var": 263.242004395}, "melbands_skewness": {"dmean": 0.26127025485, "dmean2": 0.381362944841, "dvar": 0.172735542059, "dvar2": 0.36224552989, "max": 13.424246788, "mean": 0.999554812908, "median": 0.731243371964, "min": -0.836635529995, "var": 1.92247188091}, "melbands_spread": {"dmean": 1.64777565002, "dmean2": 2.46766972542, "dvar": 11.7474803925, "dvar2": 28.3869380951, "max": 158.294326782, "mean": 14.5289173126, "median": 11.215382576, "min": 0.26009529829, "var": 307.939941406}, "pitch_salience": {"dmean": 0.0389488264918, "dmean2": 0.0613649338484, "dvar": 0.00173598108813, "dvar2": 0.00455197878182, "max": 0.982351779938, "mean": 0.501667797565, "median": 0.501972913742, "min": 0.0737227872014, "var": 0.0107804303989}, "silence_rate_20dB": {"dmean": 0, "dmean2": 0, "dvar": 0, "dvar2": 0, "max": 1, "mean": 1, "median": 1, "min": 1, "var": 0}, "silence_rate_30dB": {"dmean": 0.0122084151953, "dmean2": 0.0244221538305, "dvar": 0.0120591362938, "dvar2": 0.0303664579988, "max": 1, "mean": 0.988012194633, "median": 1, "min": 0, "var": 0.0118447123095}, "silence_rate_60dB": {"dmean": 0.00130804441869, "dmean2": 0.00261665950529, "dvar": 0.0013063197257, "dvar2": 0.003482041182, "max": 1, "mean": 0.0616826489568, "median": 0, "min": 0, "var": 0.0578798316419}, "spectral_centroid": {"dmean": 42.3452339172, "dmean2": 64.5599594116, "dvar": 18352.5058594, "dvar2": 40039.0039062, "max": 11563.1015625, "mean": 763.029663086, "median": 509.036193848, "min": 186.320800781, "var": 2096525.5}, "spectral_complexity": {"dmean": 0.967952907085, "dmean2": 1.55167901516, "dvar": 1.21610701084, "dvar2": 2.34850001335, "max": 20, "mean": 9.9370098114, "median": 10, "min": 0, "var": 11.495262146}, "spectral_decrease": {"dmean": 1.59071900097e-09, "dmean2": 2.32388552845e-09, "dvar": 1.19943405664e-17, "dvar2": 2.69646883796e-17, "max": 2.54287319461e-28, "mean": -7.42365990902e-09, "median": -5.81768411223e-09, "min": -6.3438790221e-08, "var": 3.69760090112e-17}, "spectral_energy": {"dmean": 0.00613627489656, "dmean2": 0.0089266858995, "dvar": 0.000174745931872, "dvar2": 0.000391380628571, "max": 0.243536829948, "mean": 0.0289841163903, "median": 0.022777479142, "min": 9.9465019381e-21, "var": 0.00055551546393}, "spectral_energyband_high": {"dmean": 1.77320794137e-06, "dmean2": 2.57890269495e-06, "dvar": 5.19096016172e-11, "dvar2": 1.31103669587e-10, "max": 0.000203805160709, "mean": 3.78893332709e-06, "median": 1.55037366767e-06, "min": 7.04758851247e-21, "var": 6.50116835366e-11}, "spectral_energyband_low": {"dmean": 0.00343509903178, "dmean2": 0.00580481393263, "dvar": 0.0001015095404, "dvar2": 0.000265697104624, "max": 0.133762255311, "mean": 0.00781769864261, "median": 0.00582404714078, "min": 1.04195446266e-23, "var": 9.92684508674e-05}, "spectral_energyband_middle_high": {"dmean": 0.000550506345462, "dmean2": 0.000660460442305, "dvar": 1.46492641306e-06, "dvar2": 1.83908650797e-06, "max": 0.0773501321673, "mean": 0.00284247752279, "median": 0.00190870510414, "min": 1.21296323113e-21, "var": 1.75843251782e-05}, "spectral_energyband_middle_low": {"dmean": 0.00333780189976, "dmean2": 0.00442242715508, "dvar": 2.9553531931e-05, "dvar2": 5.24240676896e-05, "max": 0.152855724096, "mean": 0.018763480708, "median": 0.0140899065882, "min": 1.66778738528e-22, "var": 0.000297468621284}, "spectral_entropy": {"dmean": 0.122107408941, "dmean2": 0.180686235428, "dvar": 0.0233497843146, "dvar2": 0.0483690686524, "max": 9.82581520081, "mean": 5.87331819534, "median": 5.73773384094, "min": 4.63331699371, "var": 0.571449697018}, "spectral_flux": {"dmean": 0.0174303986132, "dmean2": 0.027254100889, "dvar": 0.000759531569201, "dvar2": 0.00153646594845, "max": 0.344623267651, "mean": 0.0437846034765, "median": 0.0313938781619, "min": 6.33457591936e-11, "var": 0.00176506349817}, "spectral_kurtosis": {"dmean": 16.6017074585, "dmean2": 27.8236045837, "dvar": 216.959335327, "dvar2": 539.180603027, "max": 222.226852417, "mean": 62.815372467, "median": 59.6728210449, "min": -1.2518889904, "var": 1094.84020996}, "spectral_rms": {"dmean": 0.000485825032229, "dmean2": 0.000693035311997, "dvar": 6.7387748004e-07, "dvar2": 1.42571400374e-06, "max": 0.0154141783714, "mean": 0.00489246007055, "median": 0.00471401400864, "min": 3.11510908214e-12, "var": 4.34101775681e-06}, "spectral_rolloff": {"dmean": 61.937335968, "dmean2": 107.768455505, "dvar": 80360.15625, "dvar2": 153697.515625, "max": 19810.546875, "mean": 981.778015137, "median": 624.462890625, "min": 43.06640625, "var": 6197004.5}, "spectral_skewness": {"dmean": 0.890890300274, "dmean2": 1.50092542171, "dvar": 0.545686483383, "dvar2": 1.42390441895, "max": 12.4207458496, "mean": 5.92646789551, "median": 5.93786621094, "min": -0.06474455446, "var": 3.74210786819}, "spectral_spread": {"dmean": 290301.875, "dmean2": 489379.0625, "dvar": 307835863040, "dvar2": 671596019712, "max": 42041052, "mean": 2259634.25, "median": 1274504, "min": 509042.875, "var": 29288432664600.0}, "spectral_strongpeak": {"dmean": 0.329505383968, "dmean2": 0.55835711956, "dvar": 0.318963468075, "dvar2": 0.725313723087, "max": 8.48364543915, "mean": 1.06951677799, "median": 0.804595530033, "min": 0, "var": 1.11159849167}, "zerocrossingrate": {"dmean": 0.0026118310634, "dmean2": 0.00355499843135, "dvar": 3.75291565433e-05, "dvar2": 6.45694817649e-05, "max": 0.52294921875, "mean": 0.032163027674, "median": 0.02197265625, "min": 0.0029296875, "var": 0.00432507647201}, "barkbands": {"dmean": [0.00157169136219, 0.00220167892985, 0.000419334188337, 0.000686804356519, 0.00112512672786, 0.00115571857896, 0.000977796618827, 0.000367527885828, 0.000453202577773, 0.000359682395356, 0.000129373409436, 0.000111665787699, 0.00010535617912, 6.72525857226e-05, 3.46521010215e-05, 8.3272698248e-06, 3.32518811774e-06, 1.27147222884e-06, 8.22422634883e-07, 9.5367670383e-07, 5.84442659601e-07, 2.36660042674e-07, 2.85191589455e-07, 2.19865924578e-07, 2.12414818179e-07, 1.43938720498e-07, 5.96945071152e-08], "dmean2": [0.00259205559269, 0.00389460008591, 0.000719976902474, 0.00110627966933, 0.00154791853856, 0.00167551927734, 0.00133938412182, 0.000446084683063, 0.000496276421472, 0.000426174839959, 0.000151527841808, 0.000146187652717, 0.00013601774117, 7.60735783842e-05, 5.03907649545e-05, 1.19959977383e-05, 4.76025616081e-06, 1.97179383576e-06, 1.2258873312e-06, 1.33232788357e-06, 8.60745331011e-07, 3.88467611856e-07, 4.32458818977e-07, 3.22158058452e-07, 3.38510403708e-07, 2.41102327436e-07, 1.01938653074e-07], "dvar": [2.57470856013e-05, 4.80160597363e-05, 2.23944834943e-06, 3.89215256291e-06, 1.06815541585e-05, 4.87347551825e-06, 3.44872660207e-06, 6.68583254537e-07, 8.03517707482e-07, 1.15364355224e-06, 6.96479887097e-08, 8.45919458925e-08, 5.09445534647e-08, 3.30233937973e-08, 1.33620634557e-08, 3.44355571835e-10, 7.03252178713e-11, 7.54089846122e-12, 6.68200520956e-12, 7.98320784479e-12, 3.99594550157e-12, 5.49164880237e-12, 2.79614179033e-12, 5.5894790749e-13, 1.08182581816e-12, 7.30857973967e-13, 2.5107942052e-14], "dvar2": [6.34272073512e-05, 0.000134768270073, 6.15615590505e-06, 1.0936291801e-05, 2.01866969292e-05, 8.76710237208e-06, 6.58340240989e-06, 1.14034628496e-06, 9.45451745338e-07, 1.42060662256e-06, 1.07340525801e-07, 1.55799114054e-07, 8.60840216887e-08, 4.06426927668e-08, 2.2373900066e-08, 6.90674240023e-10, 1.0983258053e-10, 1.90786622611e-11, 1.20508082679e-11, 1.47781630683e-11, 9.00343688492e-12, 1.53362478966e-11, 7.45072406549e-12, 1.29492629727e-12, 2.92191292862e-12, 2.10382124048e-12, 7.35645607473e-14], "max": [0.100296445191, 0.0933845192194, 0.0291408207268, 0.0535022094846, 0.118559621274, 0.0640377476811, 0.0406340844929, 0.0259386785328, 0.019650446251, 0.069217979908, 0.00946187321097, 0.00644292216748, 0.00527127226815, 0.00679072830826, 0.00321248476394, 0.000574831676204, 0.000495284795761, 6.20532882749e-05, 0.000104597900645, 7.05093698343e-05, 3.58248689736e-05, 9.49324894464e-05, 6.42833038e-05, 1.99661571969e-05, 2.51748642768e-05, 2.8288914109e-05, 7.23378343537e-06], "mean": [0.00164775748271, 0.00543611310422, 0.000654541072436, 0.00127935281489, 0.00402773404494, 0.00537336291745, 0.0041178939864, 0.00139109010343, 0.00177882087883, 0.00163856463041, 0.000546607596334, 0.000356354925316, 0.00030790414894, 0.000262393325102, 0.000125154081616, 1.97127374122e-05, 1.03156189653e-05, 3.24559846376e-06, 2.20899664782e-06, 1.94974836631e-06, 1.30301066292e-06, 3.37561317565e-07, 4.23129023375e-07, 3.25251079403e-07, 2.60864965185e-07, 3.91918092646e-07, 1.35018609626e-07], "median": [0.000456663256045, 0.00457126460969, 0.000106927167508, 0.000365543324733, 0.0012864714954, 0.00258446764201, 0.00217007426545, 0.00063413195312, 0.00058315997012, 0.000395411916543, 0.000286211725324, 8.03549191914e-05, 9.15423879633e-05, 2.41131820076e-05, 2.46715644607e-05, 7.11210941517e-06, 3.68623773284e-06, 1.35119216793e-06, 8.22782681098e-07, 4.29728345352e-07, 3.82761953688e-07, 1.02157478921e-07, 8.85220003966e-08, 7.89227243558e-08, 8.73836540904e-08, 3.3316803183e-07, 1.10910676199e-07], "min": [2.74081734302e-25, 3.40915154319e-24, 1.3203013115e-24, 1.03179042377e-24, 1.05138221822e-23, 4.73513285042e-24, 1.10988745617e-23, 7.52786848228e-24, 1.49729949219e-23, 1.94850710405e-23, 1.88266104206e-23, 1.64471566505e-23, 2.40186089089e-23, 3.542665147e-23, 2.77257376707e-23, 3.48094025215e-23, 7.18946939982e-23, 7.41014724271e-23, 1.15731271672e-22, 1.53247704032e-22, 2.64055347696e-22, 3.12177857155e-22, 3.01573951001e-22, 5.696337586e-22, 9.03684822769e-22, 1.32427223692e-21, 1.87176735259e-21], "var": [2.43706599576e-05, 3.67900247511e-05, 3.26612075696e-06, 8.65809852257e-06, 7.314166578e-05, 6.04740635026e-05, 2.68811418209e-05, 3.92196307075e-06, 7.32989337848e-06, 1.42358412631e-05, 5.05620562308e-07, 5.28054897586e-07, 3.0213715263e-07, 4.06714718793e-07, 1.11657620039e-07, 1.40322098385e-09, 6.34864660842e-10, 3.05879037377e-11, 3.74036669692e-11, 2.09430459086e-11, 8.6840378638e-12, 3.5245758135e-12, 2.51705015338e-12, 7.55866669169e-13, 8.25174672515e-13, 4.54037903195e-13, 1.94457063705e-14]}, "erbbands": {"dmean": [0.129606589675, 0.283144325018, 0.440562784672, 1.48022460938, 3.08170723915, 3.46841287613, 8.63313674927, 8.2711763382, 14.006770134, 9.25140094757, 9.2397403717, 10.1052885056, 12.5229187012, 5.71834468842, 4.50531101227, 4.84913396835, 5.1147685051, 4.05561733246, 2.35912013054, 0.985117375851, 0.294148921967, 0.16084857285, 0.0719844400883, 0.0580794624984, 0.0400019437075, 0.0373928546906, 0.0247321948409, 0.0182524099946, 0.00922642555088, 0.00841378513724, 0.00817544292659, 0.00528493663296, 0.00361154065467, 0.00289232423529, 0.00132928672247, 0.000547904346604, 0.00029821289354, 0.00012339380919, 4.49887420473e-06, 6.73969361742e-06], "dmean2": [0.231219276786, 0.491481482983, 0.763132929802, 2.4218788147, 4.26296234131, 4.96432113647, 12.9359340668, 11.2450227737, 19.9233131409, 11.4555921555, 11.2360134125, 11.0477437973, 14.3355112076, 6.99205780029, 5.11495447159, 6.24719953537, 6.50358963013, 4.69763040543, 3.20981645584, 1.34641575813, 0.412217020988, 0.224325492978, 0.111379183829, 0.088639266789, 0.0567255020142, 0.0536599121988, 0.0368344672024, 0.0276661571115, 0.0149216270074, 0.0136180967093, 0.0122766820714, 0.00758353434503, 0.00547619210556, 0.00452720886096, 0.00216314662248, 0.000892775133252, 0.000502827635501, 0.000212133687455, 7.20586331227e-06, 9.75478178589e-06], "dvar": [0.164741650224, 0.882335484028, 2.42962098122, 17.3965072632, 114.431625366, 106.058914185, 330.50592041, 314.123565674, 664.444824219, 448.141357422, 401.213775635, 373.614929199, 912.939575195, 226.730377197, 104.00894165, 136.295913696, 106.250099182, 73.9397354126, 41.2167549133, 13.3500061035, 0.308870792389, 0.272359639406, 0.0288577955216, 0.0214013215154, 0.00976273138076, 0.0120378118008, 0.00655117351562, 0.00527147063985, 0.00730532594025, 0.00732383225113, 0.00135438120924, 0.00039788056165, 0.000164104640135, 0.000203693794901, 5.68258037674e-05, 1.58773291332e-05, 1.35263167067e-06, 3.13923635531e-07, 1.27490809576e-10, 2.05882214055e-10], "dvar2": [0.467523485422, 2.48661279678, 6.74373149872, 48.4161109924, 212.676315308, 212.145004272, 653.113464355, 493.046020508, 1355.92419434, 789.97277832, 598.361816406, 423.871032715, 1138.41369629, 292.555908203, 154.209762573, 255.952713013, 174.58531189, 92.8080215454, 67.9066619873, 19.7350120544, 0.581917881966, 0.390808999538, 0.0742541998625, 0.041578695178, 0.0183388441801, 0.0228726286441, 0.0141487438232, 0.0129099357873, 0.0201906785369, 0.0212870836258, 0.00329845841043, 0.000897260091733, 0.000391778099583, 0.000536075851414, 0.000160160532687, 4.51426240033e-05, 3.88231592297e-06, 9.22953461213e-07, 3.50281859074e-10, 4.58911769696e-10], "max": [5.26660013199, 14.4270029068, 18.7991409302, 76.0682373047, 405.564147949, 402.583618164, 530.226013184, 760.508239746, 670.295227051, 726.900695801, 524.99206543, 498.126983643, 1552.88830566, 929.590454102, 444.061950684, 227.715316772, 231.422561646, 291.622009277, 267.229827881, 113.541275024, 14.4911813736, 34.6338653564, 4.26691150665, 4.78336286545, 2.0025331974, 2.52624821663, 1.55669355392, 1.82118165493, 3.57026529312, 3.72768497467, 1.03475892544, 0.465468108654, 0.345618665218, 0.4193110466, 0.266805320978, 0.150206446648, 0.043804127723, 0.0223460327834, 0.000358988298103, 0.000265898823272], "mean": [0.293312460184, 0.692612469196, 0.680924475193, 2.83924674988, 8.21075820923, 14.0697727203, 32.9327888489, 43.6672172546, 58.5367202759, 41.2370071411, 37.4100418091, 39.8447914124, 56.0041618347, 28.2614402771, 17.4561824799, 16.364812851, 16.2882766724, 15.3818712234, 8.7714214325, 3.66652011871, 0.887584745884, 0.544329404831, 0.200348213315, 0.151343673468, 0.104433886707, 0.0782760679722, 0.0567454956472, 0.0381219834089, 0.014306711033, 0.0120831020176, 0.0124664241448, 0.0076384213753, 0.00523388665169, 0.00348438578658, 0.00166447937954, 0.000951836176682, 0.000933405128308, 0.000351814669557, 2.15467389353e-05, 3.24448665197e-05], "median": [0.245576485991, 0.570304393768, 0.182382315397, 0.982977628708, 2.00522661209, 3.49158430099, 11.9409770966, 21.2056465149, 32.7575302124, 21.4413642883, 14.9566936493, 19.2136459351, 17.6277618408, 14.5018920898, 9.84582138062, 5.26327419281, 5.96124839783, 4.97569656372, 2.78813838959, 0.728735923767, 0.458860516548, 0.199746757746, 0.0836719349027, 0.0584984049201, 0.033750936389, 0.0196706280112, 0.0174769870937, 0.010537866503, 0.00423869024962, 0.00342809502035, 0.00267305411398, 0.00168880342972, 0.00133199617267, 0.000946181011386, 0.000681846227963, 0.000605982844718, 0.000843599787913, 0.000309177034069, 1.97672579816e-05, 2.56052480836e-05], "min": [1.3183692097e-22, 6.96590533575e-22, 1.82811014927e-21, 5.38962856703e-21, 1.23812434477e-20, 3.02289568254e-20, 4.06856991467e-20, 6.08373762945e-20, 1.61487937748e-19, 1.78108464871e-19, 2.06124955896e-19, 4.04318671435e-19, 4.06915785914e-19, 7.65059038358e-19, 7.67574236106e-19, 7.57769767703e-19, 1.32016495479e-18, 1.70069006025e-18, 2.70525676343e-18, 2.84716973048e-18, 3.23107190418e-18, 5.21398244436e-18, 3.84351663651e-18, 5.38193319593e-18, 6.93959369871e-18, 8.83463139484e-18, 9.25016392119e-18, 1.14133801894e-17, 1.12281355727e-17, 9.18054343776e-18, 1.00608985288e-17, 1.13163709287e-17, 9.70170113807e-18, 8.13342046341e-18, 6.50162596619e-18, 4.25952603249e-18, 2.31830415442e-18, 9.51914899433e-19, 2.3262877915e-19, 2.58060673265e-20], "var": [0.121645502746, 0.644715547562, 2.5810406208, 35.2722625732, 442.340148926, 1124.26782227, 3617.48071289, 4904.49609375, 5184.37744141, 3030.27978516, 3258.27001953, 2827.42553711, 10459.1914062, 2623.84155273, 594.826049805, 856.697387695, 648.817810059, 940.319641113, 422.863494873, 94.6096954346, 1.5861543417, 2.68289995193, 0.120973460376, 0.104599490762, 0.039540193975, 0.0309445820749, 0.0156619772315, 0.0082452185452, 0.00496420217678, 0.00428369315341, 0.00162482215092, 0.000533665006515, 0.000203773437534, 0.000170440398506, 3.68545006495e-05, 9.88808733382e-06, 9.49363084146e-07, 1.95176838247e-07, 1.87942883478e-10, 6.77915557024e-10]}, "gfcc": {"mean": [-142.342987061, 189.299362183, -82.3252334595, -36.7796974182, -36.4510116577, 4.75523996353, -21.1946430206, 2.01192569733, -8.77519035339, 13.8860702515, -3.80180215836, 5.91068983078, -1.64277696609], "cov": [[28233.6953125, 5711.31835938, -2174.55249023, -1265.17663574, -756.324584961, -597.417297363, -410.38861084, -512.809936523, -208.295532227, -18.1540470123, -81.7206954956, -139.74079895, -26.6545448303], [5711.31835938, 1677.56164551, -181.122161865, -571.386047363, -29.9050445557, -278.390136719, -83.1379013062, -182.790679932, -58.3099441528, -31.5089969635, -22.1460857391, -11.9831724167, -30.3051223755], [-2174.55249023, -181.122161865, 752.281311035, 100.960029602, -30.2840099335, -57.3150138855, 33.1066246033, -16.5026626587, -39.0017967224, -50.7231559753, 9.28033351898, 32.2498512268, -37.171333313], [-1265.17663574, -571.386047363, 100.960029602, 477.048828125, -105.213371277, 37.1632881165, 29.8338069916, 19.8764209747, -38.6625747681, -34.9925346375, -19.3763790131, -39.3648605347, -15.9295578003], [-756.324584961, -29.9050445557, -30.2840099335, -105.213371277, 271.337554932, 33.2148208618, 11.253162384, 27.2494525909, 27.4466094971, -2.59466576576, -35.1010055542, -19.3370380402, -24.9078369141], [-597.417297363, -278.390136719, -57.3150138855, 37.1632881165, 33.2148208618, 233.005722046, -3.46456933022, 73.3987426758, 29.4929695129, 35.5391273499, -7.64648580551, 8.42556762695, -0.225327163935], [-410.38861084, -83.1379013062, 33.1066246033, 29.8338069916, 11.253162384, -3.46456933022, 80.4959793091, 15.6032056808, 2.70426177979, -3.43781113625, -5.50676870346, 9.53086948395, -1.94237112999], [-512.809936523, -182.790679932, -16.5026626587, 19.8764209747, 27.2494525909, 73.3987426758, 15.6032056808, 127.436134338, 37.6170005798, 12.1516685486, -5.20439577103, 16.0859279633, -2.03023576736], [-208.295532227, -58.3099441528, -39.0017967224, -38.6625747681, 27.4466094971, 29.4929695129, 2.70426177979, 37.6170005798, 80.5970077515, 28.3672084808, 5.86069011688, 17.0506248474, 7.21175861359], [-18.1540470123, -31.5089969635, -50.7231559753, -34.9925346375, -2.59466576576, 35.5391273499, -3.43781113625, 12.1516685486, 28.3672084808, 97.455116272, 34.893321991, 30.8851165771, 19.0925445557], [-81.7206954956, -22.1460857391, 9.28033351898, -19.3763790131, -35.1010055542, -7.64648580551, -5.50676870346, -5.20439577103, 5.86069011688, 34.893321991, 77.36693573, 35.5001716614, 8.81496047974], [-139.74079895, -11.9831724167, 32.2498512268, -39.3648605347, -19.3370380402, 8.42556762695, 9.53086948395, 16.0859279633, 17.0506248474, 30.8851165771, 35.5001716614, 81.1833190918, 22.3918571472], [-26.6545448303, -30.3051223755, -37.171333313, -15.9295578003, -24.9078369141, -0.225327163935, -1.94237112999, -2.03023576736, 7.21175861359, 19.0925445557, 8.81496047974, 22.3918571472, 61.6783027649]], "icov": [[0.000532643171027, -0.00238022394478, 0.00107570749242, -0.0014108531177, 0.000918905076105, -0.000924460880924, 0.000250044453423, -0.000579086481594, -0.00019298378902, 1.21397188195e-05, -0.000301024527289, 9.69151005847e-05, -0.000272241333732], [-0.00238022394478, 0.012844174169, -0.00430415105075, 0.00911989435554, -0.00274468958378, 0.00582828605548, -0.000223019291298, 0.0038384180516, 0.00215659686364, -0.000248006253969, 0.00351191801019, -0.000993434223346, 0.00375924212858], [0.00107570749242, -0.00430415105075, 0.00389413000084, -0.00256920722313, 0.00211761239916, -0.00118646770716, 0.000384257524274, -0.000730586005375, 0.000319800281432, 0.000710908672772, -0.000213067323784, -0.0014131666394, 0.00115829182323], [-0.0014108531177, 0.00911989435554, -0.00256920722313, 0.0102246925235, 0.000674395356327, 0.00385386659764, -0.000757950707339, 0.00240730587393, 0.0030470022466, 2.11624173971e-05, 0.00367052527145, 0.000885823392309, 0.00409641768783], [0.000918905076105, -0.00274468958378, 0.00211761239916, 0.000674395356327, 0.00739795155823, -0.00114895706065, -6.37925768388e-05, -0.000753066677134, -0.000544781563804, -0.000349244422978, 0.00271493918262, 0.000963553320616, 0.00288945017383], [-0.000924460880924, 0.00582828605548, -0.00118646770716, 0.00385386659764, -0.00114895706065, 0.00881174113601, 0.00138244510163, -0.000919436162803, 0.00122893264052, -0.00235120765865, 0.00337112694979, -0.00118550634943, 0.00285865180194], [0.000250044453423, -0.000223019291298, 0.000384257524274, -0.000757950707339, -6.37925768388e-05, 0.00138244510163, 0.0144466459751, -0.00128525658511, 0.000361616141163, -0.000127740713651, 0.00232999306172, -0.00310479477048, 0.00121767318342], [-0.000579086481594, 0.0038384180516, -0.000730586005375, 0.00240730587393, -0.000753066677134, -0.000919436162803, -0.00128525658511, 0.0128185087815, -0.00335305579938, 0.000764702970628, 0.00241845706478, -0.00284380046651, 0.00273326737806], [-0.00019298378902, 0.00215659686364, 0.000319800281432, 0.0030470022466, -0.000544781563804, 0.00122893264052, 0.000361616141163, -0.00335305579938, 0.0177742727101, -0.00356695707887, 0.00174875254743, -0.00172769499477, 0.00104459666181], [1.21397188195e-05, -0.000248006253969, 0.000710908672772, 2.11624173971e-05, -0.000349244422978, -0.00235120765865, -0.000127740713651, 0.000764702970628, -0.00356695707887, 0.0156895816326, -0.00601689051837, -0.00213022972457, -0.00261754309759], [-0.000301024527289, 0.00351191801019, -0.000213067323784, 0.00367052527145, 0.00271493918262, 0.00337112694979, 0.00232999306172, 0.00241845706478, 0.00174875254743, -0.00601689051837, 0.0219763386995, -0.00765063846484, 0.00497146509588], [9.69151005847e-05, -0.000993434223346, -0.0014131666394, 0.000885823392309, 0.000963553320616, -0.00118550634943, -0.00310479477048, -0.00284380046651, -0.00172769499477, -0.00213022972457, -0.00765063846484, 0.0209259483963, -0.00651788851246], [-0.000272241333732, 0.00375924212858, 0.00115829182323, 0.00409641768783, 0.00288945017383, 0.00285865180194, 0.00121767318342, 0.00273326737806, 0.00104459666181, -0.00261754309759, 0.00497146509588, -0.00651788851246, 0.0233481153846]]}, "melbands": {"dmean": [0.000880656996742, 0.000256086583249, 0.000286353199044, 0.00024028471671, 0.000256264756899, 0.000199820846319, 0.000209905876545, 9.15125347092e-05, 8.11912468635e-05, 6.5149339207e-05, 6.29478599876e-05, 2.53850757872e-05, 1.40944384839e-05, 1.06396219053e-05, 1.30847392938e-05, 1.24932030303e-05, 7.28387340132e-06, 3.91860839954e-06, 2.34679964706e-06, 8.99218150607e-07, 2.24285201966e-07, 2.13683279071e-07, 7.51242907882e-08, 5.20163787598e-08, 5.02678396685e-08, 3.05039762338e-08, 4.62214408969e-08, 2.20270486295e-08, 1.54567825206e-08, 1.43702907351e-08, 1.01498978111e-08, 5.33317479068e-09, 4.55170345859e-09, 4.7991792762e-09, 4.92440577204e-09, 4.13710932179e-09, 3.03346237018e-09, 2.8112452366e-09, 2.17611373365e-09, 2.67365529716e-09], "dmean2": [0.00154637533706, 0.000444344914285, 0.000439108640421, 0.00033358237124, 0.000379384233383, 0.000279273663182, 0.000293071818305, 0.000112069974421, 9.86397135421e-05, 7.00251621311e-05, 7.2466871643e-05, 3.12781048706e-05, 1.63613967743e-05, 1.30737298605e-05, 1.74183842319e-05, 1.53913842951e-05, 8.39297808852e-06, 5.28680902789e-06, 3.22481014337e-06, 1.29467764509e-06, 3.23521533119e-07, 3.01916912804e-07, 1.16059439392e-07, 7.98516239797e-08, 7.7311860025e-08, 4.66690295298e-08, 6.15699775608e-08, 3.33446585898e-08, 2.32717152215e-08, 2.19620321928e-08, 1.5634300965e-08, 8.71340954944e-09, 7.61556595563e-09, 7.81356934709e-09, 7.51877760052e-09, 6.12020567559e-09, 4.45160086571e-09, 4.26456514546e-09, 3.46891759762e-09, 4.20780255084e-09], "dvar": [7.66826360632e-06, 7.82768950103e-07, 5.88863088069e-07, 5.59160298508e-07, 3.01262218727e-07, 1.47368979242e-07, 1.47186497657e-07, 4.64179628068e-08, 3.38201893157e-08, 1.60483963896e-08, 2.57082639621e-08, 6.44448583387e-09, 9.0255442009e-10, 4.46378101149e-10, 1.67977109999e-09, 8.80057249297e-10, 3.11398212771e-10, 1.68601424488e-10, 1.2517530068e-10, 3.67278039579e-12, 2.15542210816e-13, 4.58148980993e-13, 2.68240900954e-14, 1.69412044343e-14, 1.78367367941e-14, 8.76451079139e-15, 2.09378328342e-14, 4.20354796097e-15, 2.4102485568e-15, 2.35606703553e-15, 1.78711013442e-15, 1.88399058656e-15, 2.91669315585e-15, 2.59520476533e-15, 5.09451301318e-16, 3.33520361182e-16, 1.19446468639e-16, 9.36601916866e-17, 1.19697150687e-16, 1.64083927055e-16], "dvar2": [2.10198086279e-05, 2.17507908928e-06, 1.49006905303e-06, 1.07241726255e-06, 5.67492406844e-07, 2.46977577945e-07, 2.91422566079e-07, 8.13686824586e-08, 4.71210697128e-08, 1.74954077892e-08, 3.19809565497e-08, 7.91329046734e-09, 1.3817947897e-09, 8.79442407786e-10, 2.87068058213e-09, 1.35152067315e-09, 3.98497762566e-10, 2.49332693381e-10, 1.78226516878e-10, 7.46866717777e-12, 3.94093557701e-13, 6.84961148131e-13, 5.97946917132e-14, 4.34512858636e-14, 3.45340109861e-14, 1.58541189617e-14, 3.87648660188e-14, 8.89564504415e-15, 5.26007375542e-15, 5.31853893405e-15, 4.44566851729e-15, 5.10219655493e-15, 8.35297221067e-15, 7.6025780994e-15, 1.2675714648e-15, 7.42742227382e-16, 2.75939220246e-16, 2.22040065358e-16, 3.07921622618e-16, 4.28466348882e-16], "max": [0.0366639830172, 0.0103493947536, 0.0186428893358, 0.0310964863747, 0.0189366582781, 0.0147009762004, 0.00941643491387, 0.00807925965637, 0.00482720322907, 0.00337119726464, 0.00883517693728, 0.00537981837988, 0.00123201974202, 0.000496743014082, 0.00103024940472, 0.000725865422282, 0.000489707163069, 0.000626304186881, 0.000355294032488, 6.08380105405e-05, 1.54647259478e-05, 4.37085218437e-05, 4.93339257446e-06, 4.0281602196e-06, 4.50264087704e-06, 3.68621431335e-06, 3.76174762096e-06, 1.46381626109e-06, 9.47483442815e-07, 9.20991112707e-07, 1.07353810108e-06, 1.78901507297e-06, 2.2306937808e-06, 2.38622419602e-06, 6.64716480969e-07, 5.10314634994e-07, 2.56600912962e-07, 2.0357556707e-07, 4.13890376194e-07, 3.90580567e-07], "mean": [0.0020337277092, 0.000502781302202, 0.000631646951661, 0.000790295307525, 0.00105385226198, 0.00100451277103, 0.000890917668585, 0.000396040646592, 0.000319473183481, 0.000249807082582, 0.000279320782283, 0.000119780212117, 5.59171203349e-05, 3.72643553419e-05, 4.14618916693e-05, 3.94387861888e-05, 2.68822604994e-05, 1.4037681467e-05, 8.87664282345e-06, 2.317348617e-06, 6.53918391436e-07, 6.93113349826e-07, 1.77137934543e-07, 1.46430537029e-07, 1.18236506808e-07, 8.14787455283e-08, 8.50397938734e-08, 4.25433128726e-08, 3.41288775019e-08, 3.09840011425e-08, 1.96794776031e-08, 7.93127519216e-09, 5.77890535425e-09, 6.85961598634e-09, 7.5994668336e-09, 5.6188769193e-09, 4.32144409146e-09, 4.10323375277e-09, 2.67108601903e-09, 3.09636338791e-09], "median": [0.00164970802143, 0.000286900030915, 0.000203192554181, 0.000187683443073, 0.000355069292709, 0.000533840502612, 0.000509005738422, 0.000200247552129, 9.90774860838e-05, 0.000110902867164, 7.59341492085e-05, 5.30785036972e-05, 3.07090813294e-05, 1.68369315361e-05, 8.60466752783e-06, 9.83416794043e-06, 4.18089121013e-06, 3.82735788662e-06, 8.17890509097e-07, 8.79075855664e-07, 2.7452881568e-07, 2.13723566844e-07, 6.01661014343e-08, 5.7527774544e-08, 3.60334411198e-08, 2.64687098905e-08, 1.61542672572e-08, 1.0375172721e-08, 1.09830260442e-08, 8.03756705636e-09, 5.10058173475e-09, 2.0147581381e-09, 1.7036820843e-09, 1.7415245912e-09, 1.62051128072e-09, 9.83031545054e-10, 9.475205065e-10, 9.36904775983e-10, 7.41379291291e-10, 7.77255204643e-10], "min": [1.90208405973e-24, 1.15571573881e-24, 1.18727619009e-24, 1.40786211096e-24, 2.05280974074e-24, 1.52254532886e-24, 2.57845339987e-24, 1.89086645766e-24, 1.34884456702e-24, 2.00018384367e-24, 1.85660603133e-24, 2.56939175465e-24, 2.21069058737e-24, 2.33659259063e-24, 1.46375882255e-24, 2.64356203468e-24, 2.89913620468e-24, 3.0239795566e-24, 2.37514422307e-24, 2.07980732193e-24, 3.06598718866e-24, 3.92528430082e-24, 3.19445338429e-24, 3.66031381136e-24, 4.16320751085e-24, 4.41987326712e-24, 4.88964782479e-24, 5.57952759122e-24, 4.36863438475e-24, 5.97090199668e-24, 5.10692260062e-24, 5.70570194871e-24, 5.04379913428e-24, 4.47267251637e-24, 5.69824287442e-24, 6.5421556212e-24, 5.88195911291e-24, 6.0176857871e-24, 5.82120656802e-24, 6.11270723858e-24], "var": [6.22382503934e-06, 6.80569769429e-07, 1.65116944117e-06, 2.85171449832e-06, 3.82477355743e-06, 2.06291633731e-06, 1.14876797852e-06, 2.98828723544e-07, 3.21004193893e-07, 1.21010188536e-07, 3.01259660773e-07, 7.68990346955e-08, 5.42069367171e-09, 2.6119941765e-09, 1.04151904878e-08, 6.26128437986e-09, 3.36814087731e-09, 1.76057979306e-09, 9.41737465787e-10, 1.627825999e-11, 1.35162031307e-12, 4.3952298398e-12, 1.23556384308e-13, 8.31070645245e-14, 8.55822777555e-14, 4.72586921853e-14, 4.90230279331e-14, 9.94538991634e-15, 5.46047285689e-15, 5.13491743768e-15, 2.45340912062e-15, 1.38269552431e-15, 1.71023469468e-15, 1.49626644303e-15, 5.95909542431e-16, 4.34898293567e-16, 1.56205488324e-16, 1.24609610909e-16, 1.08367032844e-16, 1.39116585378e-16]}, "mfcc": {"mean": [-795.702636719, 242.722396851, 12.0258712769, -10.3110942841, -1.48991239071, 3.894708395, 0.513115882874, -4.44595241547, 1.66624069214, 6.4321513176, 2.17052292824, 4.44957494736, 3.66964817047], "cov": [[7739.63037109, 3661.61669922, -388.718078613, -35.5804367065, -325.818695068, -84.4558486938, -102.921966553, -297.912231445, -169.865219116, -6.062312603, -214.022247314, 15.9020395279, -59.96667099], [3661.61669922, 3158.99755859, 78.2650527954, -261.945953369, -64.4228897095, -97.3749465942, -93.5824966431, -153.744369507, -99.9076309204, -39.435005188, -47.2142791748, -41.4546356201, -13.3323879242], [-388.718078613, 78.2650527954, 542.803771973, 65.1968841553, -19.5644111633, -15.6108293533, -22.8418426514, 15.5186891556, -19.7787590027, -66.2573318481, -13.6882181168, 12.2690563202, 29.9045848846], [-35.5804367065, -261.945953369, 65.1968841553, 246.362792969, -33.1386833191, -22.0744762421, 15.9363250732, -11.5460624695, -16.4130878448, -29.3732528687, -39.3295593262, 7.15218114853, -17.697177887], [-325.818695068, -64.4228897095, -19.5644111633, -33.1386833191, 139.819839478, 32.4186401367, 8.5174665451, 34.3122634888, 16.7077350616, 21.6090908051, 35.327709198, -22.2025184631, -25.6021327972], [-84.4558486938, -97.3749465942, -15.6108293533, -22.0744762421, 32.4186401367, 107.988365173, 25.4466571808, -11.1777029037, 18.4384765625, 11.6883878708, -8.86950969696, 5.51805686951, 18.1589679718], [-102.921966553, -93.5824966431, -22.8418426514, 15.9363250732, 8.5174665451, 25.4466571808, 75.7280731201, 14.7545146942, -3.18984770775, 7.02993154526, -2.74416708946, -2.58496928215, -0.137767329812], [-297.912231445, -153.744369507, 15.5186891556, -11.5460624695, 34.3122634888, -11.1777029037, 14.7545146942, 107.718688965, 33.8274612427, 3.57741308212, 40.3154754639, -13.8820953369, -37.991519928], [-169.865219116, -99.9076309204, -19.7787590027, -16.4130878448, 16.7077350616, 18.4384765625, -3.18984770775, 33.8274612427, 93.0343933105, 33.683506012, 3.19295835495, -5.73523807526, -9.5178937912], [-6.062312603, -39.435005188, -66.2573318481, -29.3732528687, 21.6090908051, 11.6883878708, 7.02993154526, 3.57741308212, 33.683506012, 86.0598983765, 16.462266922, -18.2465457916, -7.31046724319], [-214.022247314, -47.2142791748, -13.6882181168, -39.3295593262, 35.327709198, -8.86950969696, -2.74416708946, 40.3154754639, 3.19295835495, 16.462266922, 92.2320022583, 5.91667985916, -25.050409317], [15.9020395279, -41.4546356201, 12.2690563202, 7.15218114853, -22.2025184631, 5.51805686951, -2.58496928215, -13.8820953369, -5.73523807526, -18.2465457916, 5.91667985916, 80.2631607056, 47.012134552], [-59.96667099, -13.3323879242, 29.9045848846, -17.697177887, -25.6021327972, 18.1589679718, -0.137767329812, -37.991519928, -9.5178937912, -7.31046724319, -25.050409317, 47.012134552, 132.601272583]], "icov": [[0.000546701776329, -0.00069726764923, 0.000559368345421, -0.000662720121909, 0.000939866760746, -0.000729689723812, 0.000529251119588, -0.000485974887852, 0.000682372134179, -0.00077386724297, 0.000817301042844, -0.000750864273869, 0.000532163481694], [-0.00069726764923, 0.00133345497306, -0.000852552591823, 0.00152562232688, -0.0011815460166, 0.0014175552642, -0.00061335589271, 0.00135870731901, -0.000691895838827, 0.00114238355309, -0.000773879350163, 0.00107440154534, -0.000332777824951], [0.000559368345421, -0.000852552591823, 0.00280490284786, -0.00148952333257, 0.00102215341758, -0.00108804029878, 0.00140979036223, -0.00156539131422, 0.000781392212957, 0.000610894698184, 0.000634868280031, -0.000305332388962, -0.000446844293037], [-0.000662720121909, 0.00152562232688, -0.00148952333257, 0.0069672903046, -0.000864067231305, 0.00288017978892, -0.002354437951, 0.00218918523751, -0.000485410593683, 0.00172535586171, 0.00177349441219, -0.000385909253964, 0.00171513680834], [0.000939866760746, -0.0011815460166, 0.00102215341758, -0.000864067231305, 0.0114584024996, -0.00489121489227, 0.00148116750643, -0.00291474885307, 0.0015725903213, -0.00215597054921, -0.00157296203543, 0.00115203985479, 0.00129742268473], [-0.000729689723812, 0.0014175552642, -0.00108804029878, 0.00288017978892, -0.00489121489227, 0.014553184621, -0.00581952463835, 0.00500929541886, -0.00432355701923, 0.00170875655022, 0.000567882030737, -0.000205048985663, -0.00110202899668], [0.000529251119588, -0.00061335589271, 0.00140979036223, -0.002354437951, 0.00148116750643, -0.00581952463835, 0.0175804365426, -0.00580919254571, 0.00482243439183, -0.00321509526111, 0.00243594776839, -0.000497690809425, -0.000212155282497], [-0.000485974887852, 0.00135870731901, -0.00156539131422, 0.00218918523751, -0.00291474885307, 0.00500929541886, -0.00580919254571, 0.0184518098831, -0.00794761627913, 0.00495825195685, -0.00654351757839, 0.00245455768891, 0.00219034589827], [0.000682372134179, -0.000691895838827, 0.000781392212957, -0.000485410593683, 0.0015725903213, -0.00432355701923, 0.00482243439183, -0.00794761627913, 0.0176851414144, -0.00809128396213, 0.00513883400708, -0.00284456228837, 0.00142431329004], [-0.00077386724297, 0.00114238355309, 0.000610894698184, 0.00172535586171, -0.00215597054921, 0.00170875655022, -0.00321509526111, 0.00495825195685, -0.00809128396213, 0.018836170435, -0.00567912543193, 0.00587321957573, -0.00207310263067], [0.000817301042844, -0.000773879350163, 0.000634868280031, 0.00177349441219, -0.00157296203543, 0.000567882030737, 0.00243594776839, -0.00654351757839, 0.00513883400708, -0.00567912543193, 0.0192823298275, -0.00727133778855, 0.00440804800019], [-0.000750864273869, 0.00107440154534, -0.000305332388962, -0.000385909253964, 0.00115203985479, -0.000205048985663, -0.000497690809425, 0.00245455768891, -0.00284456228837, 0.00587321957573, -0.00727133778855, 0.020136103034, -0.00765398843214], [0.000532163481694, -0.000332777824951, -0.000446844293037, 0.00171513680834, 0.00129742268473, -0.00110202899668, -0.000212155282497, 0.00219034589827, 0.00142431329004, -0.00207310263067, 0.00440804800019, -0.00765398843214, 0.0126413553953]]}, "spectral_contrast_coeffs": {"dmean": [0.036959476769, 0.0338127873838, 0.0286969058216, 0.0258026849478, 0.0222302842885, 0.01609804295], "dmean2": [0.0600733533502, 0.0541842579842, 0.0443910583854, 0.0406883209944, 0.0355696938932, 0.0247136522084], "dvar": [0.00132490135729, 0.00114727532491, 0.00082044035662, 0.000579428102355, 0.000435165100498, 0.000258005049545], "dvar2": [0.00325318379328, 0.00275607313961, 0.00189658626914, 0.00137132953387, 0.000999622396193, 0.000495049112942], "max": [-0.323730289936, -0.320281088352, -0.415131658316, -0.48923048377, -0.590751707554, -0.685335636139], "mean": [-0.66028380394, -0.627130746841, -0.645114421844, -0.669598340988, -0.769088685513, -0.824045300484], "median": [-0.655634760857, -0.622985601425, -0.644370615482, -0.660563349724, -0.761090874672, -0.82609128952], "min": [-0.981793642044, -0.984042465687, -0.983106374741, -0.979183554649, -0.976053714752, -0.967789173126], "var": [0.01129187271, 0.0101570384577, 0.00932548381388, 0.00733280414715, 0.00350204040296, 0.00211685430259]}, "spectral_contrast_valleys": {"dmean": [0.33559769392, 0.301145464182, 0.286368370056, 0.283973008394, 0.302984267473, 0.239930510521], "dmean2": [0.5452896356