{"lowlevel": {"average_loudness": 0.975254714489, "barkbands_crest": {"dmean": 3.47776007652, "dmean2": 5.08099317551, "dvar": 10.2439317703, "dvar2": 18.7427711487, "max": 26.6289100647, "mean": 15.0546255112, "median": 15.0405654907, "min": 2.24839878082, "var": 38.6573104858}, "barkbands_flatness_db": {"dmean": 0.0409340970218, "dmean2": 0.0543404221535, "dvar": 0.00226834625937, "dvar2": 0.00395620195195, "max": 0.801982462406, "mean": 0.165842533112, "median": 0.149378299713, "min": 0.0129375644028, "var": 0.0109812645242}, "barkbands_kurtosis": {"dmean": 23.5100860596, "dmean2": 35.5512237549, "dvar": 9765.95898438, "dvar2": 25351.4453125, "max": 2641.88647461, "mean": 29.7708129883, "median": 3.96667528152, "min": -1.96781265736, "var": 12560.9619141}, "barkbands_skewness": {"dmean": 1.4666929245, "dmean2": 1.95231807232, "dvar": 5.01738262177, "dvar2": 10.9247894287, "max": 38.0670280457, "mean": 2.80172562599, "median": 1.93593156338, "min": -4.30011940002, "var": 14.7515602112}, "barkbands_spread": {"dmean": 13.943780899, "dmean2": 18.9586715698, "dvar": 367.576873779, "dvar2": 574.789855957, "max": 149.043487549, "mean": 36.367893219, "median": 22.6875724792, "min": 0.0277035832405, "var": 1377.34240723}, "dissonance": {"dmean": 0.0126691516489, "dmean2": 0.0212036836892, "dvar": 0.000233220562222, "dvar2": 0.000595256744418, "max": 0.500000059605, "mean": 0.479296952486, "median": 0.483988940716, "min": 0.251682877541, "var": 0.000357123819413}, "dynamic_complexity": 2.78165769577, "erbbands_crest": {"dmean": 2.0973815918, "dmean2": 3.25527071953, "dvar": 6.8088965416, "dvar2": 13.1381464005, "max": 30.6028156281, "mean": 6.74649333954, "median": 5.271235466, "min": 1.90934538841, "var": 19.5275421143}, "erbbands_flatness_db": {"dmean": 0.019428530708, "dmean2": 0.0277510844171, "dvar": 0.000754257431254, "dvar2": 0.00130494090263, "max": 0.504780650139, "mean": 0.113523647189, "median": 0.110986933112, "min": 0.0219764504582, "var": 0.0029386212118}, "erbbands_kurtosis": {"dmean": 2.29683208466, "dmean2": 3.83569931984, "dvar": 197.189819336, "dvar2": 527.190551758, "max": 290.524230957, "mean": 1.12600934505, "median": -0.501171946526, "min": -1.92768394947, "var": 146.096679688}, "erbbands_skewness": {"dmean": 0.47982352972, "dmean2": 0.688549160957, "dvar": 0.766502857208, "dvar2": 1.53519427776, "max": 14.3564605713, "mean": -0.113316826522, "median": -0.179189160466, "min": -4.86496543884, "var": 1.40243291855}, "erbbands_spread": {"dmean": 12.8445615768, "dmean2": 19.250087738, "dvar": 217.24899292, "dvar2": 500.769989014, "max": 182.47416687, "mean": 56.0444297791, "median": 54.7418060303, "min": 0.876033902168, "var": 518.204711914}, "hfc": {"dmean": 82.7714996338, "dmean2": 112.227912903, "dvar": 29727.0859375, "dvar2": 58551.15625, "max": 1394.23242188, "mean": 131.909713745, "median": 26.2881736755, "min": 1.86177953054e-08, "var": 57009.8710938}, "melbands_crest": {"dmean": 4.68519163132, "dmean2": 6.85303497314, "dvar": 20.1969413757, "dvar2": 39.082408905, "max": 38.7058639526, "mean": 22.7908992767, "median": 23.9483261108, "min": 2.64551210403, "var": 79.2158126831}, "melbands_flatness_db": {"dmean": 0.0511614531279, "dmean2": 0.0657162368298, "dvar": 0.00331798638217, "dvar2": 0.00534866843373, "max": 0.989571273327, "mean": 0.23593904078, "median": 0.22167815268, "min": 0.0106348255649, "var": 0.017115611583}, "melbands_kurtosis": {"dmean": 59.3511734009, "dmean2": 88.7427368164, "dvar": 34826.078125, "dvar2": 81909.25, "max": 3369.34765625, "mean": 86.8382339478, "median": 23.4780502319, "min": -1.91058599949, "var": 51404.5742188}, "melbands_skewness": {"dmean": 2.12231230736, "dmean2": 3.01759696007, "dvar": 9.67302417755, "dvar2": 21.9208831787, "max": 45.5434989929, "mean": 5.82305002213, "median": 4.38953018188, "min": -5.0708065033, "var": 25.38879776}, "melbands_spread": {"dmean": 13.5864114761, "dmean2": 19.9668807983, "dvar": 583.873474121, "dvar2": 1163.93640137, "max": 298.775604248, "mean": 26.2667331696, "median": 14.1793718338, "min": 0.0673047453165, "var": 1160.5423584}, "pitch_salience": {"dmean": 0.113500066102, "dmean2": 0.16407096386, "dvar": 0.0121412575245, "dvar2": 0.0249433070421, "max": 0.94314044714, "mean": 0.408161193132, "median": 0.409505605698, "min": 0.0165468920022, "var": 0.0450108461082}, "silence_rate_20dB": {"dmean": 0, "dmean2": 0, "dvar": 0, "dvar2": 0, "max": 1, "mean": 1, "median": 1, "min": 1, "var": 0}, "silence_rate_30dB": {"dmean": 0.102890536189, "dmean2": 0.205802544951, "dvar": 0.0922956466675, "dvar2": 0.169084221125, "max": 1, "mean": 0.796744585037, "median": 1, "min": 0, "var": 0.161929786205}, "silence_rate_60dB": {"dmean": 0.0108525510877, "dmean2": 0.0216030050069, "dvar": 0.0107348924503, "dvar2": 0.0267734508961, "max": 1, "mean": 0.0218071788549, "median": 0, "min": 0, "var": 0.0213300939649}, "spectral_centroid": {"dmean": 397.769470215, "dmean2": 575.122314453, "dvar": 232572.546875, "dvar2": 388650.90625, "max": 6790.99707031, "mean": 1983.0970459, "median": 1839.48059082, "min": 51.5690574646, "var": 856098.9375}, "spectral_complexity": {"dmean": 6.58562040329, "dmean2": 9.07096672058, "dvar": 50.6584587097, "dvar2": 90.4826812744, "max": 60, "mean": 22.3336811066, "median": 21, "min": 0, "var": 184.369232178}, "spectral_decrease": {"dmean": 6.79205758303e-09, "dmean2": 9.35749078224e-09, "dvar": 8.13256979087e-17, "dvar2": 1.29965267886e-16, "max": 7.24541537878e-09, "mean": -1.50958126e-08, "median": -9.66114566125e-09, "min": -8.07982729611e-08, "var": 2.63651604448e-16}, "spectral_energy": {"dmean": 0.0288421586156, "dmean2": 0.0400671809912, "dvar": 0.00123146316037, "dvar2": 0.00202266732231, "max": 0.308191299438, "mean": 0.068939447403, "median": 0.0527519881725, "min": 3.82378677333e-12, "var": 0.00346671789885}, "spectral_energyband_high": {"dmean": 0.00540905212983, "dmean2": 0.00727416342124, "dvar": 0.000123170422739, "dvar2": 0.00024534369004, "max": 0.110872507095, "mean": 0.00838326942176, "median": 0.00122144399211, "min": 1.32631568488e-12, "var": 0.000237886168179}, "spectral_energyband_low": {"dmean": 0.0241359397769, "dmean2": 0.0330636128783, "dvar": 0.00119196018204, "dvar2": 0.00196964549832, "max": 0.301386475563, "mean": 0.0504334010184, "median": 0.0285663418472, "min": 9.59157449645e-13, "var": 0.00342499860562}, "spectral_energyband_middle_high": {"dmean": 0.00203324737959, "dmean2": 0.00295191444457, "dvar": 8.21249614091e-06, "dvar2": 1.71741503436e-05, "max": 0.0531674809754, "mean": 0.00421900209039, "median": 0.00272011151537, "min": 4.92913381552e-13, "var": 2.46513955062e-05}, "spectral_energyband_middle_low": {"dmean": 0.00472247321159, "dmean2": 0.00798314716667, "dvar": 8.31834695418e-05, "dvar2": 0.000224132978474, "max": 0.0934687405825, "mean": 0.00707275932655, "median": 0.00441177515313, "min": 6.84315614157e-13, "var": 7.72885905462e-05}, "spectral_entropy": {"dmean": 0.193307310343, "dmean2": 0.274569600821, "dvar": 0.134002715349, "dvar2": 0.214420005679, "max": 8.90540790558, "mean": 7.97924280167, "median": 7.92814731598, "min": 2.72308373451, "var": 0.33035749197}, "spectral_flux": {"dmean": 0.0553722567856, "dmean2": 0.0871019661427, "dvar": 0.00356882554479, "dvar2": 0.00725354114547, "max": 0.45997312665, "mean": 0.137497082353, "median": 0.118096485734, "min": 9.44485691434e-06, "var": 0.00722454069182}, "spectral_kurtosis": {"dmean": 1.69853973389, "dmean2": 2.85493707657, "dvar": 56.4908180237, "dvar2": 127.081443787, "max": 175.307754517, "mean": 3.43029808998, "median": 2.43280076981, "min": -1.03702664375, "var": 55.1799354553}, "spectral_rms": {"dmean": 0.00176872103475, "dmean2": 0.00243103178218, "dvar": 3.50768755197e-06, "dvar2": 5.61802244192e-06, "max": 0.0173399671912, "mean": 0.00745993666351, "median": 0.00717393588275, "min": 6.10780119814e-08, "var": 1.16072060337e-05}, "spectral_rolloff": {"dmean": 1923.86181641, "dmean2": 3039.02197266, "dvar": 17709708, "dvar2": 26481418, "max": 19121.484375, "mean": 4712.85058594, "median": 710.595703125, "min": 21.533203125, "var": 50872048}, "spectral_skewness": {"dmean": 0.231725886464, "dmean2": 0.371994584799, "dvar": 0.327596068382, "dvar2": 0.673205435276, "max": 12.0678243637, "mean": 1.27289664745, "median": 1.25220251083, "min": -0.375011086464, "var": 0.445315510035}, "spectral_spread": {"dmean": 887218.25, "dmean2": 1159268.5, "dvar": 1584718413820.0, "dvar2": 2367301615620.0, "max": 27396856, "mean": 6225669.5, "median": 5195071.5, "min": 779100, "var": 7062418358270.0}, "spectral_strongpeak": {"dmean": 2.57786536217, "dmean2": 4.31815338135, "dvar": 77.9345321655, "dvar2": 189.709487915, "max": 75.0709533691, "mean": 2.6033039093, "median": 0.40958237648, "min": 0, "var": 80.7106323242}, "zerocrossingrate": {"dmean": 0.0464573912323, "dmean2": 0.0409375578165, "dvar": 0.00416260072961, "dvar2": 0.00291392602958, "max": 0.7236328125, "mean": 0.127980843186, "median": 0.0517578125, "min": 0.00146484375, "var": 0.0253397636116}, "barkbands": {"dmean": [0.00119818560779, 0.0228333380073, 0.00672004465014, 0.00211528060026, 0.00177936116233, 0.000434452929767, 0.000542640278582, 0.000385351275327, 0.000583636865485, 0.000363151018973, 0.000323896558257, 0.000211509424844, 0.000274675432593, 0.000233732731431, 0.000283927976852, 0.000247533636866, 0.000274665682809, 0.000231368219829, 0.000294374098303, 0.000348851375747, 0.000372697337298, 0.000313522061333, 0.000400800228817, 0.000282289867755, 0.000406299135648, 0.000764339987654, 0.00306253507733], "dmean2": [0.00127848191187, 0.0320094898343, 0.0115402778611, 0.00383538147435, 0.0029913354665, 0.000731558597181, 0.000923151092138, 0.000608263304457, 0.000886173453182, 0.000565507099964, 0.000492471561301, 0.000331600749632, 0.000439189956523, 0.000347741908627, 0.000468870421173, 0.000381627527531, 0.000433182372944, 0.000365505344234, 0.000467434379971, 0.000518581073266, 0.000581293017603, 0.000478182424558, 0.000580897496548, 0.000391010718886, 0.000589110888541, 0.000989546068013, 0.00432468252257], "dvar": [2.4838623176e-06, 0.00123434083071, 0.000302207190543, 3.48757457687e-05, 8.60302679939e-06, 7.84816165833e-07, 8.42583858685e-07, 5.56865131784e-07, 1.52629240802e-06, 6.11015138929e-07, 6.03577120728e-07, 2.69295497901e-07, 3.62246595387e-07, 5.1223042874e-07, 4.37610708559e-07, 1.78060346911e-07, 3.00580666135e-07, 1.05894855551e-07, 1.88156661807e-07, 3.35519388273e-07, 3.98845173777e-07, 2.77958037032e-07, 5.93570064211e-07, 8.02010902134e-07, 1.34782851546e-06, 2.96988469017e-06, 5.13277918799e-05], "dvar2": [2.5852075396e-06, 0.00211888551712, 0.000802312861197, 9.91241104202e-05, 2.22405960812e-05, 1.96512519324e-06, 2.19747948904e-06, 1.17639785913e-06, 3.4338770547e-06, 1.3181486338e-06, 1.25102894799e-06, 5.45207910818e-07, 8.41504856908e-07, 8.21200615064e-07, 1.04669061329e-06, 3.7111053075e-07, 7.09024448042e-07, 2.66867175469e-07, 4.60946637304e-07, 7.55305563871e-07, 9.8513339708e-07, 6.58073361137e-07, 1.28387034692e-06, 1.69083625678e-06, 2.82501127913e-06, 6.5081694629e-06, 9.86256854958e-05], "max": [0.0157045479864, 0.271217226982, 0.125258073211, 0.0713759288192, 0.0293262396008, 0.0193666499108, 0.0147110633552, 0.0184759367257, 0.0264097917825, 0.0341892279685, 0.0270978845656, 0.0200849249959, 0.0153852840886, 0.0356922186911, 0.0184243842959, 0.00693639554083, 0.00587361259386, 0.00494116265327, 0.00847438164055, 0.0122994435951, 0.00682212831452, 0.00720337545499, 0.0140671469271, 0.0394761115313, 0.0444973632693, 0.0107122557238, 0.0468797832727], "mean": [0.00262758415192, 0.0412498898804, 0.00552813429385, 0.001660688431, 0.00215107016265, 0.00067957083229, 0.000704704492819, 0.000584274064749, 0.00101716455538, 0.000535346509423, 0.000522151647601, 0.000330104667228, 0.000421985954745, 0.000400026940042, 0.000374023802578, 0.000350669113686, 0.000385911582271, 0.000326591223711, 0.000454508466646, 0.000517192063853, 0.000556425657123, 0.000459148053778, 0.000538418011274, 0.000410696142353, 0.000633009360172, 0.000992621877231, 0.00452762888744], "median": [0.00102195201907, 0.0212259627879, 0.0010665646987, 0.00045513358782, 0.000954798946623, 0.000395233859308, 0.000406701874454, 0.000238145294134, 0.000342258863384, 0.000166746816831, 0.000196931461687, 0.000155909539899, 0.00016219112149, 0.000124304104247, 0.000114885209769, 0.00012710102601, 0.000202358642127, 0.000189503640286, 0.000287970062345, 0.000287873612251, 0.000301607360598, 0.00019085976237, 0.000183904281585, 8.73342214618e-05, 3.84666636819e-05, 1.16926767078e-05, 4.47899628853e-06], "min": [5.99379920696e-13, 3.72574556927e-13, 2.37623261996e-13, 1.36563869479e-13, 1.79323285279e-13, 7.74106392052e-14, 8.96958830994e-14, 7.76027327251e-14, 4.99562176836e-14, 4.77648756864e-14, 1.97896983089e-14, 2.00118547222e-14, 8.28680521555e-14, 3.47323928787e-14, 7.84228435771e-14, 2.77344370614e-14, 3.77063289446e-14, 4.80884219435e-14, 7.0333990639e-14, 8.14714032457e-14, 8.12954304569e-14, 1.09113442565e-13, 1.3986191762e-13, 1.72571009674e-13, 2.42962252964e-13, 2.72635782223e-13, 2.96134265113e-13], "var": [1.14871763799e-05, 0.00281700235792, 0.000220616275328, 2.19177072722e-05, 9.37492677622e-06, 1.19053584058e-06, 9.38362802572e-07, 1.12324528345e-06, 3.79350035473e-06, 1.46340005358e-06, 1.81321786386e-06, 5.42864086128e-07, 6.26050393748e-07, 2.82334531221e-06, 7.81208825629e-07, 3.27377136955e-07, 3.62396718856e-07, 1.4500533041e-07, 2.54837232205e-07, 4.44072469463e-07, 5.01718318446e-07, 4.00230362629e-07, 8.1789704609e-07, 1.31553747451e-06, 3.73792931896e-06, 4.76623245049e-06, 9.79156757239e-05]}, "erbbands": {"dmean": [0.734242379665, 5.16791677475, 8.0659942627, 7.70084238052, 4.59180164337, 7.56348991394, 5.37805604935, 3.89494371414, 6.14838171005, 9.69122028351, 7.20985746384, 14.2707109451, 13.0109481812, 9.4304189682, 13.1175374985, 7.59077119827, 11.9153547287, 11.7835083008, 14.8823318481, 11.3758573532, 13.8309307098, 14.588353157, 14.1199550629, 14.2537307739, 14.2550611496, 15.5117359161, 14.8387374878, 14.6913938522, 10.8078784943, 13.9520044327, 10.2939367294, 6.14297389984, 4.77250814438, 4.30108308792, 3.30679440498, 2.84289836884, 1.18493306637, 0.634113609791, 0.288280636072, 0.0700329914689], "dmean2": [0.99109607935, 7.56681776047, 12.694270134, 13.9004011154, 7.9034280777, 12.7723293304, 9.06871509552, 6.61537742615, 10.4353694916, 16.0566806793, 11.3334150314, 21.6170082092, 19.7879009247, 14.9892845154, 19.5564594269, 12.0840873718, 18.9850959778, 17.4975357056, 23.0799007416, 19.1430835724, 20.3734645844, 22.6659240723, 22.1453514099, 22.8292064667, 22.0333328247, 22.8268547058, 23.0182037354, 23.2057952881, 15.7388858795, 21.3152694702, 14.7017192841, 8.49097251892, 6.72386455536, 6.30676460266, 4.99544858932, 4.22135686874, 1.61934864521, 0.844747722149, 0.36985963583, 0.10299000144], "dvar": [0.977032005787, 88.4233703613, 342.478729248, 476.632049561, 93.5892333984, 176.607849121, 85.6506195068, 60.5172042847, 139.214141846, 296.345855713, 195.367263794, 1004.30523682, 722.639038086, 354.536743164, 1386.06469727, 164.770492554, 563.311462402, 1402.20080566, 1264.59851074, 438.485870361, 566.805969238, 956.718994141, 397.057189941, 414.789642334, 553.152893066, 661.675170898, 652.599731445, 586.006225586, 293.244262695, 742.772338867, 456.420227051, 302.039215088, 234.898025513, 234.940383911, 63.4741516113, 43.8621139526, 7.20914459229, 2.09782767296, 0.430217057467, 0.0277286637574], "dvar2": [1.49006700516, 156.061935425, 812.756347656, 1345.59033203, 254.422958374, 458.463226318, 222.368865967, 156.225769043, 360.128753662, 702.79510498, 448.310333252, 2162.89892578, 1503.68811035, 814.452758789, 2531.63208008, 383.366943359, 1356.57983398, 2098.80566406, 2687.12597656, 1166.50634766, 1198.89526367, 2196.87573242, 993.485412598, 1007.76403809, 1303.53125, 1492.5760498, 1573.17028809, 1447.40808105, 621.75201416, 1728.46740723, 1024.28625488, 643.501953125, 509.348419189, 472.555145264, 140.543014526, 98.4331130981, 15.4146280289, 4.1323094368, 0.790542721748, 0.0545117966831], "max": [8.53009986877, 72.5765457153, 136.664627075, 229.072311401, 96.751625061, 154.997238159, 251.059432983, 135.661773682, 280.312194824, 375.960784912, 354.275360107, 802.598693848, 1214.27832031, 545.379333496, 1623.98828125, 326.533630371, 726.02355957, 1977.70727539, 1143.12780762, 514.450317383, 334.918304443, 333.186981201, 246.474121094, 274.136474609, 661.230712891, 483.284088135, 273.462615967, 252.875457764, 260.848175049, 398.270812988, 557.206359863, 774.177429199, 658.226013184, 676.34954834, 196.794204712, 51.1634788513, 17.8059711456, 9.17067623138, 4.20449018478, 1.10038983822], "mean": [1.55142390728, 7.63284254074, 8.23478507996, 6.19866847992, 4.27742958069, 8.75576686859, 7.92554712296, 5.75426435471, 8.40598201752, 14.2099952698, 10.8783626556, 25.439874649, 22.1471252441, 13.5844287872, 22.4307136536, 13.5386238098, 19.3796215057, 21.8602333069, 21.1813926697, 16.4433403015, 20.7337970734, 20.8349113464, 20.0343456268, 21.798620224, 22.4770240784, 23.7468986511, 22.5547904968, 21.7635002136, 16.466463089, 17.7398262024, 14.2896528244, 9.21264076233, 6.60710144043, 6.5062456131, 5.01021337509, 3.4031598568, 1.71356785297, 0.858671426773, 0.441637486219, 0.101552039385], "median": [0.941115558147, 2.94076728821, 1.75443530083, 1.75188815594, 1.42590713501, 3.71762347221, 3.97526526451, 3.33140516281, 5.18478679657, 7.8485918045, 5.59864330292, 8.5615940094, 8.67045402527, 6.68192386627, 7.70309257507, 7.44268035889, 8.106549263, 7.78347826004, 6.61874246597, 6.54180145264, 9.22967910767, 11.0269088745, 11.640712738, 13.226436615, 14.4439125061, 13.1912107468, 12.1775169373, 11.2293739319, 7.19852733612, 6.27494049072, 4.74846553802, 2.55177116394, 1.11511111259, 0.497549772263, 0.24181304872, 0.0710322409868, 0.0181945841759, 0.00387694477104, 0.00087089848239, 0.000177107765921], "min": [1.71612602601e-11, 6.60358989713e-11, 2.43458780913e-10, 4.11571443593e-10, 5.67064950552e-10, 5.85806514408e-10, 5.43347589144e-10, 6.71512845329e-10, 1.0421628005e-09, 1.70503589025e-09, 1.73759895361e-09, 1.39581679548e-09, 1.68154123958e-09, 1.25264865147e-09, 8.56516635395e-10, 8.76579531184e-10, 4.26432267275e-09, 1.59241098086e-09, 3.26163851483e-09, 3.36185190797e-09, 1.94549754085e-09, 2.24879470601e-09, 1.98452432265e-09, 3.76683084724e-09, 3.41763306544e-09, 4.37758362892e-09, 2.277318778e-09, 5.05762631775e-09, 3.72442054974e-09, 3.85704979067e-09, 3.64648999884e-09, 3.62989061031e-09, 2.68353028687e-09, 2.71055133894e-09, 1.55995061313e-09, 1.01383212936e-09, 5.19128795506e-10, 1.56802834606e-10, 3.68019052732e-11, 4.5192838187e-12], "var": [3.09449243546, 152.088302612, 340.261657715, 299.998840332, 72.1962280273, 186.314407349, 142.110549927, 74.1053237915, 160.86831665, 486.234130859, 291.068695068, 2623.52954102, 1843.98876953, 575.674316406, 5074.18164062, 385.412536621, 987.231140137, 8788.49121094, 3026.18603516, 744.813781738, 960.875732422, 1155.77893066, 545.878295898, 601.947021484, 711.181762695, 908.856323242, 824.994934082, 778.444702148, 490.908691406, 865.707397461, 623.491943359, 489.739349365, 394.569976807, 668.934204102, 144.980651855, 60.0031547546, 13.1173171997, 3.61460638046, 0.894620418549, 0.0505628846586]}, "gfcc": {"mean": [22.3880405426, 50.9547729492, -87.1879730225, 45.4240913391, -39.9434165955, 17.9403247833, -13.4746789932, 11.4098730087, -9.05284404755, 4.5763926506, -5.73081111908, 0.767421126366, -4.69485902786], "cov": [[10827.6630859, -1691.8470459, 91.4625473022, -439.715637207, -633.243896484, -570.230895996, -341.007019043, -32.310710907, -278.919586182, -162.8331604, -414.39276123, 40.1991920471, -95.4860916138], [-1691.8470459, 4485.41308594, -1653.84008789, 769.501953125, -501.135803223, 419.714050293, -217.333847046, 8.73624229431, 81.9144973755, -18.2533531189, 174.176757812, -132.775039673, 191.679382324], [91.4625473022, -1653.84008789, 1610.33959961, -35.3067245483, 556.629272461, -80.1412887573, 270.864746094, 0.125937253237, 63.5729942322, 51.7829055786, -5.58850574493, 85.8081436157, -69.166809082], [-439.715637207, 769.501953125, -35.3067245483, 775.875427246, 96.7316436768, 232.099365234, 36.2288131714, 55.1475601196, 96.3763656616, 18.0813217163, 53.773891449, -5.6849822998, 88.7953414917], [-633.243896484, -501.135803223, 556.629272461, 96.7316436768, 684.974853516, 51.532043457, 202.880081177, 84.9118728638, 96.7024078369, 42.8503112793, 2.89694595337, 34.1599960327, 0.803228497505], [-570.230895996, 419.714050293, -80.1412887573, 232.099365234, 51.532043457, 246.279525757, 41.9847602844, 49.5412559509, 12.0548391342, 19.9966621399, 33.1415405273, -3.05304789543, 31.1758651733], [-341.007019043, -217.333847046, 270.864746094, 36.2288131714, 202.880081177, 41.9847602844, 227.185409546, 44.4645385742, 87.3855895996, 20.3739967346, 48.0500183105, 9.50970554352, 29.5151691437], [-32.310710907, 8.73624229431, 0.125937253237, 55.1475601196, 84.9118728638, 49.5412559509, 44.4645385742, 132.385940552, 48.5706748962, 24.1009807587, -0.307487934828, 18.5738277435, 29.4349040985], [-278.919586182, 81.9144973755, 63.5729942322, 96.3763656616, 96.7024078369, 12.0548391342, 87.3855895996, 48.5706748962, 122.998016357, 39.5354652405, 46.7624015808, 5.1616063118, 38.9830169678], [-162.8331604, -18.2533531189, 51.7829055786, 18.0813217163, 42.8503112793, 19.9966621399, 20.3739967346, 24.1009807587, 39.5354652405, 93.5375823975, 38.5058822632, 33.3078460693, 16.9365177155], [-414.39276123, 174.176757812, -5.58850574493, 53.773891449, 2.89694595337, 33.1415405273, 48.0500183105, -0.307487934828, 46.7624015808, 38.5058822632, 108.925186157, 19.4054203033, 41.3094787598], [40.1991920471, -132.775039673, 85.8081436157, -5.6849822998, 34.1599960327, -3.05304789543, 9.50970554352, 18.5738277435, 5.1616063118, 33.3078460693, 19.4054203033, 76.8135528564, 24.467124939], [-95.4860916138, 191.679382324, -69.166809082, 88.7953414917, 0.803228497505, 31.1758651733, 29.5151691437, 29.4349040985, 38.9830169678, 16.9365177155, 41.3094787598, 24.467124939, 86.7344589233]], "icov": [[0.000137802097015, 3.28082496708e-05, -1.99637925107e-05, -8.73205572134e-05, 0.000163821154274, 0.000294186698738, -3.399868001e-05, -0.000155657588039, 0.000191075596376, -1.68483857124e-05, 0.000432239467045, -8.42816225486e-05, -0.000154867288074], [3.28082496708e-05, 0.000581055530347, 0.000444352277555, -0.000298290513456, 5.26589428773e-05, -0.000497283588629, 0.000412931287428, 0.000260608911049, -0.000482401257614, 0.000197337882128, -0.000474936503451, 0.000497657863889, -0.000374866183847], [-1.99637925107e-05, 0.000444352277555, 0.00160766823683, -0.000503248476889, -0.000646687985864, 0.000232662161579, -0.00110449199565, 0.000781098089647, -2.70519576588e-05, -0.000197320914594, -0.000237400192418, -0.00107452226803, 0.00129327515606], [-8.73205572134e-05, -0.000298290513456, -0.000503248476889, 0.00258880783804, -0.000264786183834, -0.00236644688994, 0.00130667118356, 0.000565049471334, -0.00236834376119, 0.000862092478201, 0.000257219973719, 0.000227169832215, -0.00156239501666], [0.000163821154274, 5.26589428773e-05, -0.000646687985864, -0.000264786183834, 0.00284289824776, -4.30424624938e-05, -0.00131559302099, -0.000951461202931, -0.000589720904827, -0.000305455760099, 0.00146900641266, -0.000471345992992, 0.000337086385116], [0.000294186698738, -0.000497283588629, 0.000232662161579, -0.00236644688994, -4.30424624938e-05, 0.00893208477646, -0.00303544616327, -0.00321391853504, 0.00596082163975, -0.00234274799004, -0.000410678010667, 0.00055486720521, 0.00076198077295], [-3.399868001e-05, 0.000412931287428, -0.00110449199565, 0.00130667118356, -0.00131559302099, -0.00303544616327, 0.0105431983247, -0.000205635500606, -0.00591565528885, 0.00289502227679, -0.00303623336367, 0.00201190868393, -0.00261120288633], [-0.000155657588039, 0.000260608911049, 0.000781098089647, 0.000565049471334, -0.000951461202931, -0.00321391853504, -0.000205635500606, 0.0120361102745, -0.00532350549474, -0.000677044212352, 0.00362826231867, -0.00250021344982, -0.00205144728534], [0.000191075596376, -0.000482401257614, -2.70519576588e-05, -0.00236834376119, -0.000589720904827, 0.00596082163975, -0.00591565528885, -0.00532350549474, 0.0207046307623, -0.00620923517272, -0.00305307167582, 0.00430605653673, -0.00249180756509], [-1.68483857124e-05, 0.000197337882128, -0.000197320914594, 0.000862092478201, -0.000305455760099, -0.00234274799004, 0.00289502227679, -0.000677044212352, -0.00620923517272, 0.0170419998467, -0.00435814168304, -0.00596813810989, 0.00181715853978], [0.000432239467045, -0.000474936503451, -0.000237400192418, 0.000257219973719, 0.00146900641266, -0.000410678010667, -0.00303623336367, 0.00362826231867, -0.00305307167582, -0.00435814168304, 0.0179601665586, -0.00294578168541, -0.00449108332396], [-8.42816225486e-05, 0.000497657863889, -0.00107452226803, 0.000227169832215, -0.000471345992992, 0.00055486720521, 0.00201190868393, -0.00250021344982, 0.00430605653673, -0.00596813810989, -0.00294578168541, 0.0212110001594, -0.00766369700432], [-0.000154867288074, -0.000374866183847, 0.00129327515606, -0.00156239501666, 0.000337086385116, 0.00076198077295, -0.00261120288633, -0.00205144728534, -0.00249180756509, 0.00181715853978, -0.00449108332396, -0.00766369700432, 0.0211919751018]]}, "melbands": {"dmean": [0.00643297377974, 0.00464186817408, 0.00124066206627, 0.000388114945963, 0.000241337445914, 8.51698205224e-05, 0.000100618650322, 0.000102041136415, 6.18998674327e-05, 9.36834039749e-05, 6.48932400509e-05, 3.86423962482e-05, 4.03585436288e-05, 2.635808778e-05, 2.41452889895e-05, 2.82232249447e-05, 2.27042582992e-05, 2.3931495889e-05, 1.98048273887e-05, 1.65054352692e-05, 1.62946435012e-05, 1.58011298481e-05, 1.42847693496e-05, 1.19736514534e-05, 1.23188283396e-05, 1.03520242192e-05, 1.15468437798e-05, 1.04054888652e-05, 9.98466111923e-06, 9.18371642911e-06, 8.54084373714e-06, 5.70707106817e-06, 7.31962109057e-06, 7.95180676505e-06, 6.41024826109e-06, 4.11128303313e-06, 3.88329908674e-06, 3.51813605448e-06, 3.39419784723e-06, 3.76733282792e-06], "dmean2": [0.00870330072939, 0.00661180214956, 0.0022173456382, 0.000651800015476, 0.000408993335441, 0.000143920973642, 0.000170750208781, 0.000166463374626, 9.80595723377e-05, 0.000142202654388, 9.88465035334e-05, 6.15403914708e-05, 6.03422377026e-05, 3.98708907596e-05, 3.84821432817e-05, 4.48326427431e-05, 3.3611573599e-05, 3.69807421521e-05, 3.37882629537e-05, 2.72839206445e-05, 2.47313982982e-05, 2.48859614658e-05, 2.25085877901e-05, 1.91429044207e-05, 2.0071882318e-05, 1.64975499501e-05, 1.75377354026e-05, 1.55028919835e-05, 1.56009809871e-05, 1.46295442391e-05, 1.39301118907e-05, 8.27755047794e-06, 1.125120707e-05, 1.23480722323e-05, 9.54020561039e-06, 5.72118415221e-06, 5.50075856154e-06, 5.08941911903e-06, 4.92940625918e-06, 5.6829658206e-06], "dvar": [8.0720812548e-05, 8.31600118545e-05, 1.1638308024e-05, 4.93976585858e-07, 1.54573783107e-07, 3.06967642416e-08, 3.23831770288e-08, 3.59725760291e-08, 2.05516439422e-08, 4.25004103022e-08, 1.84288690974e-08, 5.75003422654e-09, 1.0926937577e-08, 4.75889727625e-09, 1.85916571027e-09, 4.71320005246e-09, 6.74129951861e-09, 3.35525141004e-09, 1.62406388338e-09, 9.22046550222e-10, 7.75839614775e-10, 1.08041520175e-09, 7.04879155045e-10, 2.90577728546e-10, 3.25475618679e-10, 2.8137223107e-10, 4.01178645859e-10, 2.92063484508e-10, 3.03967878645e-10, 2.33992769605e-10, 1.96591465329e-10, 7.89545373525e-11, 1.73629208233e-10, 2.50218568087e-10, 1.78538628326e-10, 8.9557208871e-11, 1.3914504271e-10, 9.93451154674e-11, 2.20856360977e-10, 1.80784706649e-10], "dvar2": [0.00013553230383, 0.000158968250616, 3.26260596921e-05, 1.28020826651e-06, 4.06498827488e-07, 7.81567592867e-08, 8.38140223891e-08, 8.13209410921e-08, 4.86257789589e-08, 8.92820395393e-08, 3.83654317204e-08, 1.30690640532e-08, 2.1343174339e-08, 8.32859914368e-09, 4.44217285178e-09, 1.13752971487e-08, 9.88006831903e-09, 6.7283929539e-09, 4.28291180299e-09, 2.29286922782e-09, 1.73786329771e-09, 2.58588173097e-09, 1.69843628051e-09, 7.16631531894e-10, 8.10121469907e-10, 6.93789914408e-10, 8.96998864075e-10, 6.73348043989e-10, 7.37609195944e-10, 5.67734692591e-10, 4.96098273572e-10, 1.6042477069e-10, 4.21637891268e-10, 5.69974289988e-10, 4.03764521817e-10, 1.99286268043e-10, 2.94421181879e-10, 2.31782121274e-10, 4.40428221671e-10, 3.48242212844e-10], "max": [0.0788628235459, 0.0739226862788, 0.0355417244136, 0.0070330016315, 0.00732055259869, 0.00342757347971, 0.00367582030594, 0.00436411332339, 0.00366270635277, 0.00518363481387, 0.0062279808335, 0.00203136750497, 0.00400694319978, 0.00319461012259, 0.00103693758138, 0.0020683419425, 0.00453409506008, 0.00201372429729, 0.000798347347882, 0.000682175916154, 0.000347502413206, 0.000380146899261, 0.000231659098063, 0.000316567107802, 0.000241343441303, 0.000440276722657, 0.000520681613125, 0.000264261674602, 0.000201940987608, 0.000166199548403, 0.000205854972592, 0.000117916701129, 0.000185925906408, 0.000212194820051, 0.000354506482836, 0.000329923204845, 0.000518325367011, 0.000380032608518, 0.000726466474589, 0.000565469847061], "mean": [0.0125067234039, 0.0064208577387, 0.00102292594966, 0.000429994921433, 0.000335082848324, 0.000127044608234, 0.00013609911548, 0.000154585242853, 8.58846979099e-05, 0.000168669881532, 0.00010669909534, 5.16241634614e-05, 6.83666585246e-05, 4.43386779807e-05, 3.96522336814e-05, 4.15296890424e-05, 4.12078697991e-05, 3.32426170644e-05, 2.57147967204e-05, 2.29136494454e-05, 2.39068940573e-05, 2.16218304558e-05, 1.93761061382e-05, 1.64593584486e-05, 1.8040291252e-05, 1.5798063032e-05, 1.69896356965e-05, 1.53630062414e-05, 1.41022619573e-05, 1.3627593944e-05, 1.22319124785e-05, 8.93526794243e-06, 9.34572926781e-06, 9.98067116598e-06, 8.69305858942e-06, 6.225042398e-06, 5.56854365641e-06, 4.62272873847e-06, 4.69404312753e-06, 5.7771289903e-06], "median": [0.00718997605145, 0.00185633567162, 0.00030096701812, 0.000181952287676, 0.000153462751769, 7.34696222935e-05, 8.31321522128e-05, 8.09229386505e-05, 4.03817830374e-05, 5.5063959735e-05, 3.8683458115e-05, 2.30067125813e-05, 2.42577261815e-05, 2.1190600819e-05, 1.66528025147e-05, 1.61447860592e-05, 1.27748498926e-05, 9.8760574474e-06, 8.87508758751e-06, 8.3321283455e-06, 1.08973581519e-05, 1.12621337394e-05, 1.04543469206e-05, 9.10145899979e-06, 1.0899998415e-05, 1.05164435809e-05, 9.42819315242e-06, 8.38172672957e-06, 7.25442987459e-06, 7.14427096682e-06, 6.0168536038e-06, 3.78556001124e-06, 3.64623610949e-06, 3.14110548061e-06, 2.86180261355e-06, 1.9425406208e-06, 1.30171474666e-06, 8.14827160411e-07, 5.56321992917e-07, 3.29586583803e-07], "min": [1.57220184137e-13, 1.15136294053e-13, 7.59821486328e-14, 4.40793235246e-14, 1.96552538514e-14, 1.49348764557e-14, 1.74004453695e-14, 1.69128305246e-14, 1.24877432139e-14, 8.78782283216e-15, 8.08153965569e-15, 4.94737502579e-15, 2.61170073198e-15, 2.29487441081e-15, 4.61831289018e-15, 8.92801271416e-15, 2.05588978221e-15, 5.11303307094e-15, 5.72354180855e-15, 2.72117592877e-15, 2.25086406118e-15, 2.65367672023e-15, 1.65136325787e-15, 1.85116361293e-15, 3.2735487718e-15, 2.39695479821e-15, 2.45806483722e-15, 3.13678746741e-15, 1.03845117015e-15, 2.13924883565e-15, 3.44677759743e-15, 2.55915737244e-15, 1.11232546628e-15, 2.78818830511e-15, 2.19793974857e-15, 1.61022392641e-15, 2.61053013245e-15, 2.25591407161e-15, 1.57995827454e-15, 2.59420039602e-15], "var": [0.000221037305892, 0.000128816900542, 7.49492937757e-06, 4.71128203117e-07, 2.20268034923e-07, 3.86498086868e-08, 3.73084922956e-08, 6.56525713794e-08, 2.6245183804e-08, 1.18122137849e-07, 4.66916425523e-08, 9.6261398852e-09, 3.74791788715e-08, 1.43960603438e-08, 3.95919963481e-09, 7.32057392483e-09, 4.3012608586e-08, 8.23226731228e-09, 2.31591545941e-09, 1.55877655228e-09, 1.20385135194e-09, 1.30062438597e-09, 8.1936274432e-10, 3.97540250718e-10, 4.47646253399e-10, 3.46013384611e-10, 5.08985520398e-10, 3.97646859884e-10, 3.62816943156e-10, 3.02251668138e-10, 2.62236066195e-10, 1.44152009773e-10, 2.0929850908e-10, 2.91277502118e-10, 2.33160157848e-10, 1.41218953198e-10, 2.19723558792e-10, 1.5992741853e-10, 3.5730354786e-10, 5.98018967679e-10]}, "mfcc": {"mean": [-629.071899414, 86.7784118652, 15.2968215942, 37.0341682434, 7.15454387665, 16.9436912537, 9.76459503174, 13.5567512512, 7.21198511124, 9.95840549469, 6.05431890488, 7.30777454376, 3.33785915375], "cov": [[9029.12988281, -208.59375, -256.983001709, -279.027893066, -536.105834961, -447.059112549, -385.234161377, -258.043365479, -222.789398193, -186.477142334, -318.362945557, -291.222595215, -202.333938599], [-208.59375, 2064.38378906, -420.000976562, 58.0861282349, -80.141242981, 85.1389389038, -88.7474060059, -13.0553340912, -43.1868667603, 62.2043457031, -36.3565559387, 67.7058334351, -46.8624153137], [-256.983001709, -420.000976562, 663.128967285, 177.222564697, 72.8149032593, 105.95349884, 85.5740127563, 39.5188941956, 22.8959064484, -19.3180389404, 59.2019996643, 51.7466049194, 30.7712020874], [-279.027893066, 58.0861282349, 177.222564697, 451.744140625, 229.755264282, 188.973617554, 81.6974563599, 92.3669433594, 105.447120667, 58.3066177368, 35.6412811279, 56.5996742249, 65.5165557861], [-536.105834961, -80.141242981, 72.8149032593, 229.755264282, 347.204803467, 134.029663086, 116.191604614, 97.8467636108, 108.406257629, 56.4936599731, 36.2454185486, 20.4681663513, 56.4693870544], [-447.059112549, 85.1389389038, 105.95349884, 188.973617554, 134.029663086, 210.444412231, 99.1320266724, 69.818359375, 60.1976737976, 45.3213615417, 34.3398666382, 37.5737457275, 29.4196491241], [-385.234161377, -88.7474060059, 85.5740127563, 81.6974563599, 116.191604614, 99.1320266724, 149.618484497, 85.2556915283, 67.0006713867, 37.4378471375, 36.352355957, 22.9658374786, 29.8033752441], [-258.043365479, -13.0553340912, 39.5188941956, 92.3669433594, 97.8467636108, 69.818359375, 85.2556915283, 120.752037048, 79.78099823, 35.3784484863, 24.1237812042, 22.8023262024, 21.7160110474], [-222.789398193, -43.1868667603, 22.8959064484, 105.447120667, 108.406257629, 60.1976737976, 67.0006713867, 79.78099823, 122.76902771, 60.7456741333, 33.0405158997, 13.3843736649, 33.3508110046], [-186.477142334, 62.2043457031, -19.3180389404, 58.3066177368, 56.4936599731, 45.3213615417, 37.4378471375, 35.3784484863, 60.7456741333, 82.4197311401, 32.5302963257, 13.4816398621, 17.902513504], [-318.362945557, -36.3565559387, 59.2019996643, 35.6412811279, 36.2454185486, 34.3398666382, 36.352355957, 24.1237812042, 33.0405158997, 32.5302963257, 73.071434021, 41.8552589417, 22.0689144135], [-291.222595215, 67.7058334351, 51.7466049194, 56.5996742249, 20.4681663513, 37.5737457275, 22.9658374786, 22.8023262024, 13.3843736649, 13.4816398621, 41.8552589417, 79.7870788574, 30.5456047058], [-202.333938599, -46.8624153137, 30.7712020874, 65.5165557861, 56.4693870544, 29.4196491241, 29.8033752441, 21.7160110474, 33.3508110046, 17.902513504, 22.0689144135, 30.5456047058, 72.4620361328]], "icov": [[0.000154237961397, 2.39579803747e-05, -1.62420803917e-06, -0.000176382061909, 0.000188542151591, 0.000200736656552, 7.87444587331e-05, 2.98209415632e-05, -4.35320471297e-05, -2.09434947465e-05, 0.000374862953322, 0.00025532397558, 0.000139993979246], [2.39579803747e-05, 0.000759245827794, 0.000514829764143, -0.000209066012758, 0.000218224900891, -0.000618600344751, 0.000532627513167, -0.000200261420105, 0.000487934565172, -0.000842366949655, 0.000796295295004, -0.00123260065448, 0.000710970256478], [-1.62420803917e-06, 0.000514829764143, 0.00244784541428, -0.00108194549102, 0.000507957360242, -0.000642374856398, -0.000818546570372, 0.000255412247498, 0.000354918796802, 0.00150625337847, -0.00143312022556, -0.000718510185834, 0.00059610849712], [-0.000176382061909, -0.000209066012758, -0.00108194549102, 0.00570037774742, -0.00235779467039, -0.00340221263468, 0.00256143161096, -0.000614832970314, -0.00184128608089, -0.00054359564092, 0.00163155398332, -0.00198617577553, -0.00165068230126], [0.000188542151591, 0.000218224900891, 0.000507957360242, -0.00235779467039, 0.00616858154535, -0.000422335637268, -0.00205099629238, -0.000509556906763, -0.00138020224404, 0.000271515105851, -0.000272264151135, 0.00200561410747, -0.00125008646864], [0.000200736656552, -0.000618600344751, -0.000642374856398, -0.00340221263468, -0.000422335637268, 0.0113540468737, -0.00528232054785, 9.57803495112e-05, 0.00129636097699, -0.00163873378187, 4.3638428906e-05, -8.13297810964e-05, 0.00120182370301], [7.87444587331e-05, 0.000532627513167, -0.000818546570372, 0.00256143161096, -0.00205099629238, -0.00528232054785, 0.0166505146772, -0.00763922790065, 3.49095535057e-05, -0.00137337192427, -0.00147743383422, 0.00060654693516, -0.0017024158733], [2.98209415632e-05, -0.000200261420105, 0.000255412247498, -0.000614832970314, -0.000509556906763, 9.57803495112e-05, -0.00763922790065, 0.0204004384577, -0.0104822684079, 0.00249806139618, 0.00247245375067, -0.00409319484606, 0.00296737416647], [-4.35320471297e-05, 0.000487934565172, 0.000354918796802, -0.00184128608089, -0.00138020224404, 0.00129636097699, 3.49095535057e-05, -0.0104822684079, 0.0237099416554, -0.0104823354632, -0.00307718431577, 0.00406207051128, -0.00371352210641], [-2.09434947465e-05, -0.000842366949655, 0.00150625337847, -0.00054359564092, 0.000271515105851, -0.00163873378187, -0.00137337192427, 0.00249806139618, -0.0104823354632, 0.024441735819, -0.00855593197048, 0.00262204604223, -0.000195022497792], [0.000374862953322, 0.000796295295004, -0.00143312022556, 0.00163155398332, -0.000272264151135, 4.3638428906e-05, -0.00147743383422, 0.00247245375067, -0.00307718431577, -0.00855593197048, 0.0285338163376, -0.0132218217477, 0.00116968527436], [0.00025532397558, -0.00123260065448, -0.000718510185834, -0.00198617577553, 0.00200561410747, -8.13297810964e-05, 0.00060654693516, -0.00409319484606, 0.00406207051128, 0.00262204604223, -0.0132218217477, 0.0257308930159, -0.0078731784597], [0.000139993979246, 0.000710970256478, 0.00059610849712, -0.00165068230126, -0.00125008646864, 0.00120182370301, -0.0017024158733, 0.00296737416647, -0.00371352210641, -0.000195022497792, 0.00116968527436, -0.0078731784597, 0.0209074672312]]}, "spectral_contrast_coeffs": {"dmean": [0.0576124116778, 0.0434840768576, 0.0382792651653, 0.0313185825944, 0.0226145926863, 0.0220917463303], "dmean2": [0.0917243137956, 0.0718294456601, 0.0600710324943, 0.0511109419167, 0.0372705049813, 0.0348634384573], "dvar": [0.00234984350391, 0.00126491405535, 0.000959554221481, 0.000711464381311, 0.000376446958398, 0.000514406070579], "dvar2": [0.0058112568222, 0.00328331254423, 0.00223580771126, 0.00183414004277, 0.000874226156157, 0.000917328579817], "max": [-0.401371866465, -0.495972275734, -0.407898157835, -0.500766515732, -0.596404194832, -0.554649472237], "mean": [-0.693410396576, -0.776336431503, -0.777999520302, -0.798439145088, -0.798119306564, -0.748418629169], "median": [-0.700127482414, -0.776741981506, -0.78472328186, -0.799984812737, -0.798423588276, -0.755166888237], "min": [-0.942052304745, -0.974538862705, -0.956598937511, -0.948164641857, -0.940188229084, -0.934726595879], "var": [0.00615627411753, 0.00371408904903, 0.0051460005343, 0.00209885067306, 0.00116379500832, 0.00242524337955]}, "spectral_contrast_valleys": {"dmean": [0.468264877796, 0.498305767775, 0.456120461226, 0.456932872534, 0.447936177254, 0.561919629574], "dmean2": [0.715192735195, 0.78514611721, 0.682750403881, 0.672979950905, 0.587837100029, 0.68730443716], "dvar": [0.21801610291, 0.354620397091, 0.284001886845, 0.313449025154, 0.337618410587, 0.501144170761], "dvar2": [0.432925015688, 0.750423491001, 0.528552770615, 0.587897062302, 0.506966531277, 0.813030779362], "max": [-5.02315139771, -4.91087150574, -5.51670646667, -5.54839277267, -5.6380443573, -6.64100599289], "mean": [-6.93466567993, -7.04549312592, -7.5310997963, -7.71436929703, -7.20360898972, -9.57684135437], "median