{"lowlevel": {"average_loudness": 0.767397344112, "barkbands_crest": {"dmean": 2.14229345322, "dmean2": 3.3422396183, "dvar": 3.47323536873, "dvar2": 7.76960754395, "max": 23.3121986389, "mean": 9.76361179352, "median": 9.09021949768, "min": 3.14961314201, "var": 13.3896579742}, "barkbands_flatness_db": {"dmean": 0.0145640987903, "dmean2": 0.0203289743513, "dvar": 0.000145410289406, "dvar2": 0.000264521397185, "max": 0.316393196583, "mean": 0.157569274306, "median": 0.153976112604, "min": 0.0221118964255, "var": 0.00173493742477}, "barkbands_kurtosis": {"dmean": 1.51696062088, "dmean2": 2.31299257278, "dvar": 3.79275536537, "dvar2": 9.48482704163, "max": 66.9238967896, "mean": 2.9062898159, "median": 2.00013971329, "min": -1.7219350338, "var": 18.5480899811}, "barkbands_skewness": {"dmean": 0.326142340899, "dmean2": 0.495818942785, "dvar": 0.0751923248172, "dvar2": 0.172017797828, "max": 6.43170213699, "mean": 1.3530356884, "median": 1.32120573521, "min": -2.55707764626, "var": 0.547538995743}, "barkbands_spread": {"dmean": 2.48808169365, "dmean2": 3.63107347488, "dvar": 6.29463386536, "dvar2": 12.1456871033, "max": 78.0635604858, "mean": 13.032907486, "median": 12.141699791, "min": 1.19919753075, "var": 39.0519790649}, "dissonance": {"dmean": 0.0207483842969, "dmean2": 0.0342583507299, "dvar": 0.000365485058865, "dvar2": 0.00097949616611, "max": 0.500000178814, "mean": 0.45078766346, "median": 0.455445706844, "min": 0.201045840979, "var": 0.000951439200435}, "dynamic_complexity": 4.29142379761, "erbbands_crest": {"dmean": 2.31894350052, "dmean2": 3.62953495979, "dvar": 4.10068273544, "dvar2": 9.86100673676, "max": 24.7856693268, "mean": 9.61596393585, "median": 8.67107963562, "min": 2.51050019264, "var": 16.3212547302}, "erbbands_flatness_db": {"dmean": 0.0128389364108, "dmean2": 0.0176934543997, "dvar": 0.000128593193949, "dvar2": 0.000227380354772, "max": 0.365887820721, "mean": 0.209595054388, "median": 0.207555502653, "min": 0.0579041205347, "var": 0.0018455934478}, "erbbands_kurtosis": {"dmean": 0.829264760017, "dmean2": 1.31573808193, "dvar": 1.37105679512, "dvar2": 3.44232463837, "max": 44.363079071, "mean": 0.603661060333, "median": -0.000975608825684, "min": -1.48434090614, "var": 6.58492612839}, "erbbands_skewness": {"dmean": 0.306824475527, "dmean2": 0.46817573905, "dvar": 0.0599923059344, "dvar2": 0.14010219276, "max": 5.41827487946, "mean": 0.75176435709, "median": 0.716021776199, "min": -1.99572849274, "var": 0.427225619555}, "erbbands_spread": {"dmean": 3.73985219002, "dmean2": 5.59108972549, "dvar": 10.1078042984, "dvar2": 23.1263179779, "max": 70.4431838989, "mean": 24.5254955292, "median": 23.8598194122, "min": 2.84646344185, "var": 69.6481246948}, "hfc": {"dmean": 3.05152845383, "dmean2": 4.25896835327, "dvar": 14.6105527878, "dvar2": 28.626411438, "max": 86.9609298706, "mean": 15.6072101593, "median": 12.4226303101, "min": 1.08099509399e-16, "var": 150.930801392}, "melbands_crest": {"dmean": 2.4508368969, "dmean2": 3.73382735252, "dvar": 4.54855775833, "dvar2": 10.2032403946, "max": 29.993932724, "mean": 11.8761672974, "median": 10.9202365875, "min": 1.69229638577, "var": 22.4208240509}, "melbands_flatness_db": {"dmean": 0.015395748429, "dmean2": 0.0209540817887, "dvar": 0.000160869065439, "dvar2": 0.000284757727059, "max": 0.39692145586, "mean": 0.189088076353, "median": 0.185712069273, "min": 0.00409026164562, "var": 0.00237684114836}, "melbands_kurtosis": {"dmean": 2.30853891373, "dmean2": 3.49854302406, "dvar": 7.29955148697, "dvar2": 16.0987052917, "max": 90.4830245972, "mean": 5.87179136276, "median": 4.62049770355, "min": -1.61028146744, "var": 31.5923957825}, "melbands_skewness": {"dmean": 0.36068508029, "dmean2": 0.542742908001, "dvar": 0.0938435420394, "dvar2": 0.210526227951, "max": 7.06462812424, "mean": 1.73231899738, "median": 1.68325543404, "min": -1.07606375217, "var": 0.526262938976}, "melbands_spread": {"dmean": 3.71633338928, "dmean2": 5.5480389595, "dvar": 15.8439006805, "dvar2": 35.4191665649, "max": 157.705764771, "mean": 18.4572181702, "median": 16.0345191956, "min": 1.63481891155, "var": 204.129867554}, "pitch_salience": {"dmean": 0.0525876171887, "dmean2": 0.0827878713608, "dvar": 0.00177513121162, "dvar2": 0.00438773259521, "max": 0.985643029213, "mean": 0.589491307735, "median": 0.592775464058, "min": 0.23238363862, "var": 0.00780816562474}, "silence_rate_20dB": {"dmean": 0, "dmean2": 0, "dvar": 0, "dvar2": 0, "max": 1, "mean": 1, "median": 1, "min": 1, "var": 0}, "silence_rate_30dB": {"dmean": 0.00134453782812, "dmean2": 0.00268997973762, "dvar": 0.001342737698, "dvar2": 0.00335526792333, "max": 1, "mean": 0.998991906643, "median": 1, "min": 0, "var": 0.00100705237128}, "silence_rate_60dB": {"dmean": 0.00268907565624, "dmean2": 0.00537995947525, "dvar": 0.00268177199177, "dvar2": 0.0066957292147, "max": 1, "mean": 0.0702284947038, "median": 0, "min": 0, "var": 0.0652930885553}, "spectral_centroid": {"dmean": 146.007949829, "dmean2": 217.862594604, "dvar": 50184.8632812, "dvar2": 101795.429688, "max": 11583.0341797, "mean": 1233.00976562, "median": 1102.86120605, "min": 427.565917969, "var": 878190.375}, "spectral_complexity": {"dmean": 2.27226901054, "dmean2": 3.67652988434, "dvar": 3.87747645378, "dvar2": 9.44216060638, "max": 38, "mean": 17.9082660675, "median": 18, "min": 0, "var": 42.0901947021}, "spectral_decrease": {"dmean": 1.0043775811e-09, "dmean2": 1.379471537e-09, "dvar": 1.78647871934e-18, "dvar2": 3.33605870151e-18, "max": 2.14126744925e-28, "mean": -4.63145211071e-09, "median": -3.61455043674e-09, "min": -2.79054894747e-08, "var": 1.44110231723e-17}, "spectral_energy": {"dmean": 0.00403768010437, "dmean2": 0.00555214565247, "dvar": 2.87079619739e-05, "dvar2": 5.36812694918e-05, "max": 0.112209871411, "mean": 0.0188957918435, "median": 0.0148130971938, "min": 1.0268593467e-20, "var": 0.000236769992625}, "spectral_energyband_high": {"dmean": 5.00598689541e-05, "dmean2": 6.55377589283e-05, "dvar": 5.78702508136e-09, "dvar2": 9.93043602904e-09, "max": 0.0013857082231, "mean": 0.000177727648406, "median": 0.000103216414573, "min": 7.08666552628e-21, "var": 3.72889772393e-08}, "spectral_energyband_low": {"dmean": 4.959846774e-05, "dmean2": 6.6998123657e-05, "dvar": 5.15033926618e-09, "dvar2": 1.09869882081e-08, "max": 0.00177093991078, "mean": 0.000221952534048, "median": 0.000175528897671, "min": 2.85434298643e-23, "var": 4.0784851052e-08}, "spectral_energyband_middle_high": {"dmean": 0.00154201732948, "dmean2": 0.00234452239238, "dvar": 5.18096658197e-06, "dvar2": 1.30348162202e-05, "max": 0.0485511012375, "mean": 0.00545145152137, "median": 0.00389106292278, "min": 1.21817178308e-21, "var": 2.68606054306e-05}, "spectral_energyband_middle_low": {"dmean": 0.00346971652471, "dmean2": 0.00467211380601, "dvar": 2.25264411711e-05, "dvar2": 4.18667841586e-05, "max": 0.100519217551, "mean": 0.013280345127, "median": 0.00969307869673, "min": 1.6251597401e-22, "var": 0.000144181336509}, "spectral_entropy": {"dmean": 0.106645300984, "dmean2": 0.143240496516, "dvar": 0.00844886992127, "dvar2": 0.0143132470548, "max": 9.81906890869, "mean": 7.36152648926, "median": 7.34274959564, "min": 5.78972053528, "var": 0.131010055542}, "spectral_flux": {"dmean": 0.0110288858414, "dmean2": 0.0186823587865, "dvar": 0.000138352319482, "dvar2": 0.000381388585083, "max": 0.207790032029, "mean": 0.0534749664366, "median": 0.0505550280213, "min": 6.39515940204e-11, "var": 0.000647877983283}, "spectral_kurtosis": {"dmean": 2.12040758133, "dmean2": 3.70797729492, "dvar": 5.25064754486, "dvar2": 15.9677257538, "max": 36.3263893127, "mean": 7.06210041046, "median": 6.38155460358, "min": -1.24949753284, "var": 11.4506549835}, "spectral_rms": {"dmean": 0.000420151511207, "dmean2": 0.000573770666961, "dvar": 1.7879222014e-07, "dvar2": 3.32275789106e-07, "max": 0.0104629369453, "mean": 0.0039264652878, "median": 0.00380155257881, "min": 3.16514457872e-12, "var": 3.01778436551e-06}, "spectral_rolloff": {"dmean": 271.623687744, "dmean2": 439.730957031, "dvar": 148470.796875, "dvar2": 270861.65625, "max": 19444.4824219, "mean": 1514.70458984, "median": 1184.32617188, "min": 430.6640625, "var": 3326892}, "spectral_skewness": {"dmean": 0.211947098374, "dmean2": 0.363959044218, "dvar": 0.039701025933, "dvar2": 0.118482939899, "max": 5.01359462738, "mean": 1.84418392181, "median": 1.84534668922, "min": -0.0364459753036, "var": 0.160904511809}, "spectral_spread": {"dmean": 274569.59375, "dmean2": 413710.5625, "dvar": 688958472192, "dvar2": 1305178537980.0, "max": 42071620, "mean": 3604839, "median": 3178245.25, "min": 1765474.375, "var": 11176999125000.0}, "spectral_strongpeak": {"dmean": 0.484934210777, "dmean2": 0.769163250923, "dvar": 0.327436387539, "dvar2": 0.869445085526, "max": 10.3393564224, "mean": 1.46067881584, "median": 1.26090121269, "min": 0, "var": 1.12505674362}, "zerocrossingrate": {"dmean": 0.00580389983952, "dmean2": 0.00672691967338, "dvar": 4.98689114465e-05, "dvar2": 5.05648240505e-05, "max": 0.525390625, "mean": 0.058776691556, "median": 0.05029296875, "min": 0.02099609375, "var": 0.00251921731979}, "barkbands": {"dmean": [1.90910878217e-08, 6.17055775365e-06, 2.09935860767e-05, 9.04230037122e-05, 0.000563866575249, 0.000450722785899, 0.00179968855809, 0.00123682618141, 0.00123637961224, 0.000904577085748, 0.000386481173337, 0.000448727689218, 0.000269834621577, 0.000307221082039, 0.000220946181798, 0.000242511887336, 0.000158887123689, 0.000122921032016, 7.1884933277e-05, 3.83571132261e-05, 1.89527199836e-05, 1.25914921227e-05, 6.62213733449e-06, 5.75187095819e-06, 1.44924670167e-05, 1.26507131881e-06, 2.31222247749e-06], "dmean2": [3.29679608058e-08, 1.04896080302e-05, 3.16058903991e-05, 0.000123075587908, 0.000698986754287, 0.000638489553239, 0.00240950263105, 0.0017178816488, 0.00179597747047, 0.00139422120992, 0.000608573376667, 0.000742540636566, 0.000452167761978, 0.000479812326375, 0.000362037681043, 0.000392919377191, 0.000260125903878, 0.000204898460652, 0.000115416747576, 6.25833126833e-05, 2.97275182675e-05, 1.91548570001e-05, 1.05808048829e-05, 8.80815423443e-06, 2.0571926143e-05, 1.85911369499e-06, 2.67776385954e-06], "dvar": [4.88511270434e-16, 1.69211006318e-10, 2.51729126433e-09, 1.15950049562e-08, 6.05194031778e-07, 5.79783204557e-07, 7.64748892834e-06, 8.70282747201e-06, 5.32984040547e-06, 3.27175189341e-06, 6.06195840192e-07, 1.00114732504e-06, 2.36775633766e-07, 2.88944050908e-07, 1.08364147877e-07, 1.44328268448e-07, 7.30547711214e-08, 3.63177683482e-08, 1.04794501965e-08, 3.02030223054e-09, 7.5449668735e-10, 3.44332007352e-10, 1.31304439543e-10, 1.34692271225e-10, 1.41441836021e-09, 6.63837431206e-12, 3.98557437054e-11], "dvar2": [1.39537581929e-15, 4.76340356048e-10, 5.09649344949e-09, 2.69076867454e-08, 8.02896408914e-07, 1.19985315905e-06, 1.31324804897e-05, 1.62026408361e-05, 1.21560933621e-05, 8.84755445441e-06, 1.43723320889e-06, 2.62437697529e-06, 6.42555107788e-07, 6.42364511805e-07, 2.87341521243e-07, 3.74050756591e-07, 1.79331152594e-07, 9.3809475743e-08, 2.68841144901e-08, 7.86612464054e-09, 1.92409932431e-09, 8.04133815091e-10, 3.56467216855e-10, 3.32107535916e-10, 2.91512236572e-09, 1.67491107789e-11, 5.81240298947e-11], "max": [2.29551929465e-07, 0.000275451428024, 0.00147400749847, 0.00230847904459, 0.0278957691044, 0.0134245706722, 0.0723905414343, 0.0812151283026, 0.0510893762112, 0.0343592725694, 0.0151135306805, 0.0174135360867, 0.00882906652987, 0.00936954282224, 0.00505371857435, 0.00546579994261, 0.00574938766658, 0.00294889486395, 0.00159679842182, 0.000890139082912, 0.000536407402251, 0.000333868461894, 0.000198941415874, 0.000292870448902, 0.000410567474319, 5.74626974412e-05, 6.75130868331e-05], "mean": [2.56747245686e-08, 1.71175615833e-05, 6.68847933412e-05, 0.000339260295732, 0.00147481984459, 0.00116537348367, 0.00463049858809, 0.00277133565396, 0.00275643612258, 0.00167535583023, 0.000611154246144, 0.000705851241946, 0.000423398800194, 0.000535541970748, 0.000384094048059, 0.000431780936196, 0.000273330369964, 0.000239141183556, 0.000154558336362, 8.73039389262e-05, 4.78457150166e-05, 3.27895686496e-05, 1.7879099687e-05, 1.77622405317e-05, 2.78752213489e-05, 4.15314571001e-06, 4.24353629569e-06], "median": [1.66035221127e-08, 6.92708226779e-06, 2.12866907532e-05, 0.000240285939071, 0.000945511681493, 0.000575688318349, 0.00215306458995, 0.000838346430101, 0.00123590440489, 0.000726836617105, 0.00027866702294, 0.000274836434983, 0.000224925926886, 0.00027351587778, 0.000240581197431, 0.000275402155239, 0.000159684204846, 0.000154571374878, 0.000103076221421, 5.92473807046e-05, 2.9886386983e-05, 1.91722010641e-05, 8.88054637471e-06, 6.09378230365e-06, 7.36663287171e-06, 1.34981087285e-06, 2.33829354102e-07], "min": [4.66128205906e-24, 5.70199035815e-24, 2.60587242999e-24, 8.9883383465e-25, 1.17550309189e-23, 1.10120903958e-23, 9.17061215283e-24, 1.28142959875e-23, 2.14504722319e-23, 1.43816253443e-23, 2.09274038092e-23, 4.51233265615e-23, 3.38677297926e-23, 5.16698339339e-23, 5.6184794128e-23, 6.4797810994e-23, 7.63689552804e-23, 1.16503749514e-22, 1.70822704585e-22, 2.19884640097e-22, 3.06434545868e-22, 3.24759342934e-22, 5.22114140821e-22, 6.49761932706e-22, 8.30562490808e-22, 1.48370917953e-21, 2.13904322178e-21], "var": [8.0813078863e-16, 7.24628523852e-10, 1.88560136394e-08, 1.08624568895e-07, 3.11409303322e-06, 2.53410621553e-06, 4.28220919275e-05, 3.1338284316e-05, 2.21842547035e-05, 7.48512729842e-06, 1.19024173273e-06, 1.84799466751e-06, 3.94010072569e-07, 6.69323583224e-07, 2.09027547271e-07, 2.62331354861e-07, 1.45843955579e-07, 7.33396561259e-08, 2.68147672955e-08, 8.76634498326e-09, 2.80476641912e-09, 1.40442502072e-09, 5.64297275574e-10, 8.84163020576e-10, 2.83439960391e-09, 4.2310502324e-11, 1.10777421958e-10]}, "erbbands": {"dmean": [4.81296337966e-05, 0.0020525814034, 0.0194926317781, 0.14723071456, 0.757433056831, 2.2646253109, 2.86095190048, 4.91608428955, 22.9726409912, 26.6893177032, 25.7419223785, 23.1594257355, 26.9777126312, 18.6051101685, 17.1014690399, 12.3265991211, 12.3392791748, 12.0398197174, 11.117650032, 12.9494810104, 14.4393463135, 9.36545848846, 6.45789384842, 4.38538122177, 2.79431295395, 1.80532181263, 0.953533291817, 0.605275213718, 0.481707334518, 0.29198127985, 0.18487675488, 0.146778807044, 0.0950398594141, 0.260201573372, 0.0550685189664, 0.00988901313394, 0.00188291305676, 0.000696919218171, 0.000457717658719, 3.13221244141e-05], "dmean2": [8.09228804428e-05, 0.00338134495541, 0.028466578573, 0.195747956634, 1.04950666428, 2.95397615433, 3.44428396225, 6.93231105804, 30.7068767548, 36.2402687073, 35.3001441956, 34.6109313965, 40.5432853699, 28.8935966492, 27.1361351013, 20.6325263977, 20.5418300629, 18.7827587128, 17.7687397003, 21.247959137, 23.6356124878, 15.2851400375, 10.6740789413, 7.03829288483, 4.49655199051, 2.94366240501, 1.53100514412, 0.921375632286, 0.740614533424, 0.455127537251, 0.294646382332, 0.224663600326, 0.145094946027, 0.378357768059, 0.0778819546103, 0.0146793797612, 0.00270368624479, 0.000856705300976, 0.000546679948457, 3.68028195226e-05], "dvar": [6.42584918609e-09, 1.99160676857e-05, 0.00214598025195, 0.0269055813551, 1.12731480598, 10.2559328079, 25.7806529999, 69.8301010132, 1471.14135742, 2422.60302734, 3143.40112305, 1621.88659668, 2882.39599609, 1482.13098145, 996.359130859, 697.184448242, 537.88659668, 615.920288086, 337.96862793, 508.299377441, 641.948730469, 270.101745605, 93.2468032837, 41.2103767395, 13.1714248657, 7.64669847488, 1.92223346233, 0.692680776119, 0.538600087166, 0.243503853679, 0.104319289327, 0.116306304932, 0.0287365596741, 0.517065405846, 0.0141183817759, 0.000440169067588, 1.36561338877e-05, 2.58270574705e-06, 1.55846248617e-06, 6.19188655904e-09], "dvar2": [1.73471388365e-08, 5.24875867995e-05, 0.00441973377019, 0.0567353181541, 2.07636451721, 15.383939743, 36.9585075378, 132.57598877, 2429.30224609, 4575.64501953, 5604.5234375, 3795.39379883, 7505.890625, 3943.71020508, 2525.69604492, 1889.19689941, 1463.26794434, 1308.38952637, 825.414489746, 1303.29443359, 1680.89379883, 638.797180176, 243.303985596, 105.103614807, 32.6070899963, 20.3309612274, 5.05006980896, 1.62992274761, 1.26600313187, 0.63127809763, 0.278892368078, 0.290655195713, 0.0739987641573, 1.11077034473, 0.0278790742159, 0.00108487624675, 3.25811997754e-05, 3.803753998e-06, 2.39767200583e-06, 9.48668699152e-09], "max": [0.00149430963211, 0.11802341789, 1.54510331154, 3.86643028259, 21.1296138763, 87.8083114624, 178.153152466, 141.973648071, 1169.6829834, 1696.03491211, 1472.12817383, 764.858947754, 1033.0534668, 659.393005371, 474.457824707, 407.460357666, 444.864837646, 591.76763916, 379.087005615, 461.843261719, 372.073364258, 367.728759766, 153.109130859, 89.4696121216, 66.0419006348, 55.4382476807, 25.5139713287, 15.005402565, 12.3093242645, 7.86711359024, 6.25533437729, 8.45262050629, 3.44731926918, 8.13136768341, 1.64131593704, 0.446838408709, 0.0883035063744, 0.0222381874919, 0.0134335579351, 0.000843541114591], "mean": [0.000145131285535, 0.00644427537918, 0.0755940675735, 0.611356496811, 1.88299417496, 5.51002073288, 7.82456541061, 13.4637079239, 55.6876487732, 66.7937850952, 66.5736312866, 50.3849372864, 56.4479446411, 36.3681488037, 32.5529937744, 22.1298980713, 20.4217681885, 22.0812034607, 21.2897987366, 23.9166584015, 25.2289485931, 17.7128124237, 13.7747497559, 9.70295810699, 6.84281539917, 4.32635498047, 2.32619214058, 1.46822297573, 1.23647677898, 0.77052116394, 0.498719453812, 0.397576570511, 0.265736788511, 0.449736356735, 0.122341528535, 0.0296038649976, 0.00619678711519, 0.00167936459184, 0.000837668718304, 7.02062607161e-05], "median": [8.35096725496e-05, 0.00323580484837, 0.0371784195304, 0.46193832159, 1.37858402729, 3.53678226471, 3.98084926605, 6.6146402359, 25.76313591, 29.7864990234, 24.1223258972, 25.5160293579, 28.4692001343, 18.1392631531, 16.9828338623, 10.5133857727, 11.3158473969, 11.3623743057, 13.1433429718, 14.8893013, 15.794713974, 10.8809776306, 9.33662796021, 6.62962722778, 4.83101081848, 2.96426224709, 1.52166581154, 0.916229248047, 0.714286565781, 0.43193462491, 0.237217128277, 0.12884786725, 0.105201624334, 0.0960352420807, 0.0399221852422, 0.00993874669075, 0.00188911496662, 0.000346109794918, 5.30340184923e-05, 2.46891522693e-05], "min": [1.11319620702e-22, 2.13936351193e-21, 3.86255581713e-21, 3.26995058043e-21, 2.1563582365e-20, 2.8996648352e-20, 6.05599605965e-20, 1.41243971801e-19, 1.21890090967e-19, 1.92177643868e-19, 5.02014207698e-19, 5.71479181179e-19, 8.01491071064e-19, 1.04912702618e-18, 1.11023168521e-18, 2.31745091762e-18, 1.94663660236e-18, 2.54590455433e-18, 2.53733579036e-18, 3.7209983665e-18, 3.96393386778e-18, 5.57792991976e-18, 5.88604311741e-18, 8.09434031537e-18, 8.38643433328e-18, 1.00277542288e-17, 1.13593851477e-17, 1.42183579183e-17, 1.11531557861e-17, 1.41467836343e-17, 1.41110907909e-17, 1.38198421515e-17, 9.18001238781e-18, 9.22749586369e-18, 6.24764594937e-18, 5.01038558506e-18, 2.52414039843e-18, 8.7130315021e-19, 2.78341235492e-19, 2.92634464113e-20], "var": [2.90622406141e-08, 0.000108607113361, 0.0182749088854, 0.288743644953, 3.64877152443, 41.7822380066, 148.072906494, 338.591278076, 7383.25195312, 13488.7998047, 16082.90625, 5409.57910156, 7122.08447266, 3216.88769531, 2170.26586914, 1304.890625, 873.400817871, 1507.33288574, 764.044677734, 945.495117188, 1074.34106445, 565.617919922, 216.339492798, 98.4742965698, 43.6045646667, 23.5421943665, 6.1151432991, 2.643440485, 1.99068439007, 0.848303258419, 0.449897229671, 0.509863376617, 0.1664840132, 0.907876193523, 0.0375631973147, 0.00211458536796, 9.91135748336e-05, 8.90568935574e-06, 4.22844050263e-06, 1.6654169599e-08]}, "gfcc": {"mean": [-59.3751525879, 90.134552002, -161.243652344, -11.9046592712, -77.9862976074, -20.7597427368, -49.6789093018, 0.140099316835, -26.3528194427, -7.694647789, -19.8189926147, -10.292090416, -11.3082485199], "cov": [[28212.375, 403.002319336, -2158.95385742, -253.695632935, -939.003417969, 1.60742390156, -1289.56640625, -121.589653015, -712.427490234, -443.333190918, -745.608642578, -374.398620605, -260.428649902], [403.002319336, 1272.44104004, -396.315765381, 27.876203537, 50.177822113, -145.919326782, 82.0764465332, -37.9687461853, 57.1205863953, -75.4726486206, -17.414642334, -96.6360015869, 11.6160860062], [-2158.95385742, -396.315765381, 640.728759766, 10.3924970627, 150.620376587, 96.1399459839, 61.9554405212, 9.90857505798, 30.2330989838, 67.2284240723, 63.9438285828, 70.6389083862, 16.5755558014], [-253.695632935, 27.876203537, 10.3924970627, 217.945678711, 36.5947303772, 51.6476478577, 15.6588659286, 9.06929779053, 11.2181739807, 26.5758686066, 20.6953449249, 23.4909191132, 3.98455786705], [-939.003417969, 50.177822113, 150.620376587, 36.5947303772, 173.888870239, 23.825258255, 62.9639511108, -4.63656568527, 36.729019165, 7.40620660782, 18.0507469177, -2.65315937996, 18.4697093964], [1.60742390156, -145.919326782, 96.1399459839, 51.6476478577, 23.825258255, 129.947784424, 13.984462738, 25.8291797638, -23.7229614258, 15.0166034698, 0.270345211029, 27.0358562469, -19.5157566071], [-1289.56640625, 82.0764465332, 61.9554405212, 15.6588659286, 62.9639511108, 13.984462738, 139.911239624, 25.4053077698, 44.6108207703, 4.38315963745, 36.3177337646, -1.28738224506, 12.1468439102], [-121.589653015, -37.9687461853, 9.90857505798, 9.06929779053, -4.63656568527, 25.8291797638, 25.4053077698, 60.0291976929, 19.7704410553, 14.9826440811, 2.71941947937, 6.04829645157, -14.7572021484], [-712.427490234, 57.1205863953, 30.2330989838, 11.2181739807, 36.729019165, -23.7229614258, 44.6108207703, 19.7704410553, 84.9438934326, 36.7992782593, 29.0348415375, -4.67122220993, 8.35246944427], [-443.333190918, -75.4726486206, 67.2284240723, 26.5758686066, 7.40620660782, 15.0166034698, 4.38315963745, 14.9826440811, 36.7992782593, 84.0532531738, 51.5095481873, 31.2059669495, -5.94725227356], [-745.608642578, -17.414642334, 63.9438285828, 20.6953449249, 18.0507469177, 0.270345211029, 36.3177337646, 2.71941947937, 29.0348415375, 51.5095481873, 87.8181533813, 47.7985153198, 14.8403396606], [-374.398620605, -96.6360015869, 70.6389083862, 23.4909191132, -2.65315937996, 27.0358562469, -1.28738224506, 6.04829645157, -4.67122220993, 31.2059669495, 47.7985153198, 76.4280166626, 20.012802124], [-260.428649902, 11.6160860062, 16.5755558014, 3.98455786705, 18.4697093964, -19.5157566071, 12.1468439102, -14.7572021484, 8.35246944427, -5.94725227356, 14.8403396606, 20.012802124, 61.8405952454]], "icov": [[0.000111845372885, -5.57068124181e-05, 0.000229767319979, 8.04614901426e-05, 6.25719403615e-05, -0.000382820930099, 0.000926263455767, -0.000299570645439, 0.000346874876413, 7.2398208431e-05, -1.29630161609e-05, 0.000459917093394, -0.000163833523402], [-5.57068124181e-05, 0.00141438655555, 0.000811932608485, -0.000385075050872, -0.00089467439102, 0.00109990581404, -0.00125783507247, 0.00093023176305, -0.000824414368253, 0.000862406159285, -0.000384209997719, 3.16936384479e-05, 0.000666510721203], [0.000229767319979, 0.000811932608485, 0.00371554051526, 0.000869423500262, -0.00257676816545, -0.00161281274632, 0.00103764433879, 0.0005401665112, 0.000153404762386, -0.000764037424233, 0.000159241943038, -0.00089980114717, 0.000107669409772], [8.04614901426e-05, -0.000385075050872, 0.000869423500262, 0.00586373033002, -0.00111671560444, -0.00321187963709, 0.000976250972599, 0.000154533307068, -0.000453447748441, -0.00143735087477, 4.6484210543e-06, -0.000818697037175, -0.000847795628943], [6.25719403615e-05, -0.00089467439102, -0.00257676816545, -0.00111671560444, 0.0106718400493, -0.00265057617798, -0.00142292398959, 0.00258080218919, -0.00314627611078, 0.00127050152514, -9.44599451032e-05, 0.00293392618187, -0.00231392169371], [-0.000382820930099, 0.00109990581404, -0.00161281274632, -0.00321187963709, -0.00265057617798, 0.0169664602727, -0.00662783067673, -0.00345920794643, 0.00614474480972, -0.00346173439175, 0.00495765497908, -0.00662011746317, 0.00523259723559], [0.000926263455767, -0.00125783507247, 0.00103764433879, 0.000976250972599, -0.00142292398959, -0.00662783067673, 0.0220599938184, -0.00860728695989, -0.00160470732953, 0.00755707081407, -0.010191693902, 0.00923621095717, -0.0038574161008], [-0.000299570645439, 0.00093023176305, 0.0005401665112, 0.000154533307068, 0.00258080218919, -0.00345920794643, -0.00860728695989, 0.0278217960149, -0.0101306689903, -0.00166806264315, 0.00684792175889, -0.00792693719268, 0.00700617814437], [0.000346874876413, -0.000824414368253, 0.000153404762386, -0.000453447748441, -0.00314627611078, 0.00614474480972, -0.00160470732953, -0.0101306689903, 0.0284678600729, -0.013125278987, -0.000901439343579, 0.00815776176751, -0.00515065668151], [7.2398208431e-05, 0.000862406159285, -0.000764037424233, -0.00143735087477, 0.00127050152514, -0.00346173439175, 0.00755707081407, -0.00166806264315, -0.013125278987, 0.0307277906686, -0.0158592350781, -0.000852861965541, 0.00589568493888], [-1.29630161609e-05, -0.000384209997719, 0.000159241943038, 4.6484210543e-06, -9.44599451032e-05, 0.00495765497908, -0.010191693902, 0.00684792175889, -0.000901439343579, -0.0158592350781, 0.0346868336201, -0.0188546441495, 0.00157759420108], [0.000459917093394, 3.16936384479e-05, -0.00089980114717, -0.000818697037175, 0.00293392618187, -0.00662011746317, 0.00923621095717, -0.00792693719268, 0.00815776176751, -0.000852861965541, -0.0188546441495, 0.0356349684298, -0.0126377698034], [-0.000163833523402, 0.000666510721203, 0.000107669409772, -0.000847795628943, -0.00231392169371, 0.00523259723559, -0.0038574161008, 0.00700617814437, -0.00515065668151, 0.00589568493888, 0.00157759420108, -0.0126377698034, 0.0251271147281]]}, "melbands": {"dmean": [1.00063220998e-06, 7.3763421824e-06, 3.59351142833e-05, 0.000109531109047, 0.000105167397123, 0.000112903668196, 0.000341550912708, 0.000302617729176, 0.000210736892768, 0.000149483137648, 0.000145825761138, 9.05270062503e-05, 6.16737888777e-05, 5.5657394114e-05, 3.061354073e-05, 2.5440727768e-05, 2.25229177886e-05, 2.21498703468e-05, 1.63075801538e-05, 1.53915443661e-05, 1.72553081939e-05, 1.08817730506e-05, 7.07257368049e-06, 7.13284316589e-06, 3.54582653017e-06, 2.87053489956e-06, 1.86940201274e-06, 1.12724933388e-06, 8.06353227745e-07, 3.83561967965e-07, 3.87404611502e-07, 2.91879871384e-07, 2.98916717156e-07, 1.58865759659e-07, 1.19727147307e-07, 1.1314662629e-07, 9.03251802242e-08, 7.67478098851e-08, 6.91457628932e-08, 3.06980211917e-07], "dmean2": [1.6990968561e-06, 1.11032913992e-05, 4.99625930388e-05, 0.000145817597513, 0.000124361686176, 0.00015760459064, 0.000456851732451, 0.000411443557823, 0.000291189237032, 0.000221344773308, 0.000219350185944, 0.000140228628879, 9.75221555564e-05, 9.18479345273e-05, 5.19307432114e-05, 4.12565350416e-05, 3.53533978341e-05, 3.54671428795e-05, 2.7061883884e-05, 2.48381766141e-05, 2.8525624657e-05, 1.77336114575e-05, 1.17766485346e-05, 1.19720907605e-05, 5.69097846892e-06, 4.67917243441e-06, 3.06175934384e-06, 1.84920418178e-06, 1.31661943215e-06, 6.0473252006e-07, 6.00999840117e-07, 4.55837380287e-07, 4.68455596092e-07, 2.59417873849e-07, 1.94995365632e-07, 1.8045253114e-07, 1.40252453207e-07, 1.22406220271e-07, 1.05640843628e-07, 4.51257676559e-07], "dvar": [3.86723639223e-12, 3.10498210476e-10, 1.87419968434e-09, 2.28529390967e-08, 3.05592102734e-08, 3.71107233832e-08, 2.93723616096e-07, 3.07313314352e-07, 1.74114589413e-07, 8.10591842537e-08, 8.20518550881e-08, 3.39547590045e-08, 1.42349598775e-08, 1.84896844502e-08, 3.60445873149e-09, 2.08727191087e-09, 1.88153204128e-09, 1.66143099278e-09, 6.47595366221e-10, 5.59666091249e-10, 9.82347425627e-10, 4.86569562419e-10, 1.49557283224e-10, 1.51466547638e-10, 3.01024483118e-11, 1.78367685205e-11, 7.34583834733e-12, 3.00959908037e-12, 1.54334043375e-12, 2.91785367569e-13, 3.03429183906e-13, 2.03749655494e-13, 2.1595001991e-13, 8.28335813027e-14, 4.80742866577e-14, 5.65607402494e-14, 3.87416437635e-14, 2.53823790328e-14, 1.40393534133e-14, 7.67309826788e-13], "dvar2": [1.08688934589e-11, 6.52744691632e-10, 4.27968771533e-09, 3.71143720201e-08, 4.00332211825e-08, 6.65372539288e-08, 4.92012929953e-07, 5.86145745274e-07, 3.03538513435e-07, 1.9211697122e-07, 2.13552041828e-07, 9.05394230699e-08, 3.41670443049e-08, 4.81864148583e-08, 1.05408739515e-08, 4.96942886841e-09, 4.02328481641e-09, 3.99596222778e-09, 1.69821656737e-09, 1.39886857653e-09, 2.59582622064e-09, 1.11700226846e-09, 4.20708662352e-10, 4.04025118916e-10, 7.73243344354e-11, 4.50240886241e-11, 1.91345446432e-11, 8.02156084612e-12, 4.15353168526e-12, 7.5677566427e-13, 7.36707624158e-13, 4.90427305971e-13, 5.43134710384e-13, 2.26679487897e-13, 1.26132977218e-13, 1.48938573605e-13, 9.68645397724e-14, 6.90248097394e-14, 3.39237982865e-14, 1.66357986414e-12], "max": [3.72408685507e-05, 0.000569360796362, 0.000773965788539, 0.00350931775756, 0.00658296234906, 0.0044598756358, 0.0152127053589, 0.0152047658339, 0.0118186865002, 0.00606573885307, 0.00557670556009, 0.00284377997741, 0.00221715518273, 0.00236458168365, 0.000881101819687, 0.000945656152908, 0.00100150320213, 0.000872852280736, 0.000415194168454, 0.00044872588478, 0.000451718136901, 0.000520500470884, 0.000181584167876, 0.000222200527787, 8.09604171081e-05, 8.30511999084e-05, 4.66887904622e-05, 3.200467836e-05, 2.20881265705e-05, 7.39197594157e-06, 8.36786239233e-06, 8.84954260982e-06, 6.18748936176e-06, 4.54421706308e-06, 3.90923969462e-06, 4.53846587334e-06, 4.53404436485e-06, 3.23731615026e-06, 1.80067968358e-06, 9.43420309341e-06], "mean": [2.76568061963e-06, 2.50616194535e-05, 0.000133663823362, 0.000259062013356, 0.00028961271164, 0.000303470151266, 0.000853285542689, 0.000720340409316, 0.000543447036762, 0.000313537864713, 0.000296495069051, 0.000169855193235, 0.000106784362288, 8.87430724106e-05, 4.54701257695e-05, 4.31776134064e-05, 4.00057178922e-05, 3.80192832381e-05, 2.83672798105e-05, 2.84326870315e-05, 2.78689167317e-05, 1.81388586498e-05, 1.3370866327e-05, 1.24758244056e-05, 7.14353473086e-06, 6.15020826444e-06, 3.97281792175e-06, 2.41496445597e-06, 1.67915266047e-06, 8.61399144014e-07, 8.20352795472e-07, 6.80632524563e-07, 6.50542176572e-07, 3.55673620334e-07, 2.87030758273e-07, 2.61447894445e-07, 2.25710294899e-07, 1.91149609918e-07, 1.59838648983e-07, 4.95452411542e-07], "median": [1.11557164928e-06, 9.80027562036e-06, 0.000103118625702, 0.000178269081516, 0.000154211506015, 0.000133716486744, 0.000400597113185, 0.000296320242342, 0.000201228656806, 0.000151663873112, 0.000146162637975, 8.09852645034e-05, 5.3905256209e-05, 3.28006717609e-05, 2.21628979489e-05, 2.1827288947e-05, 2.04080824915e-05, 1.97316694539e-05, 1.74190936377e-05, 1.76344292413e-05, 1.59247138072e-05, 9.40899190027e-06, 8.21718094812e-06, 7.50762501411e-06, 4.68779853691e-06, 4.05514356316e-06, 2.59605803876e-06, 1.59343937867e-06, 1.04694549918e-06, 5.16743796197e-07, 4.99735051562e-07, 3.97575604438e-07, 3.357426408e-07, 1.85052201118e-07, 1.34901938509e-07, 9.24662657553e-08, 6.58685337385e-08, 6.608719616e-08, 7.03772826682e-08, 7.82403404287e-08], "min": [2.04720665894e-24, 3.6610072201e-24, 8.83253240127e-25, 2.58082727954e-24, 1.67846743386e-24, 3.17486557359e-24, 1.6408440935e-24, 1.76357743971e-24, 4.13946398089e-24, 3.32335463671e-24, 2.94104562356e-24, 4.15914408832e-24, 3.19480028588e-24, 5.21399469129e-24, 3.32008599155e-24, 3.57289776787e-24, 4.50355405423e-24, 3.8626507171e-24, 5.2055266639e-24, 3.98865546949e-24, 3.58464035688e-24, 4.80347897039e-24, 4.93926993674e-24, 4.8505605558e-24, 5.48292289591e-24, 5.62834782606e-24, 5.25749524262e-24, 6.29316942584e-24, 7.54039953776e-24, 5.46871472214e-24, 7.55224270653e-24, 5.56484610091e-24, 6.42743907393e-24, 6.87670009262e-24, 6.29860822735e-24, 7.0447684862e-24, 7.26053298783e-24, 5.63626680626e-24, 7.36939342617e-24, 7.39963046467e-24], "var": [1.62632997347e-11, 2.49362930305e-09, 1.36066669043e-08, 7.93059697912e-08, 1.81640089636e-07, 1.91930396909e-07, 1.5101511508e-06, 1.4809578488e-06, 1.18829461826e-06, 2.25134897391e-07, 2.02943198246e-07, 7.34608391895e-08, 2.8611559344e-08, 3.37605143841e-08, 5.2720023902e-09, 4.63189664401e-09, 4.61269156204e-09, 3.55268747754e-09, 1.21851617685e-09, 1.13650444611e-09, 1.56660207029e-09, 9.61489110551e-10, 2.89973656198e-10, 2.55731436027e-10, 6.26173488061e-11, 4.63779743776e-11, 1.85558391569e-11, 7.9351560045e-12, 3.89000637258e-12, 9.07752497302e-13, 9.39785142068e-13, 6.68507892272e-13, 6.19786502936e-13, 2.20684568167e-13, 1.60468562266e-13, 1.90338481196e-13, 1.65359574449e-13, 1.13280289012e-13, 4.88077866968e-14, 1.31049262154e-12]}, "mfcc": {"mean": [-679.822265625, 127.838371277, -40.7370834351, -3.65038299561, -21.9057388306, -26.6723003387, -20.1271076202, -12.7180585861, -8.6485414505, -8.39152240753, -6.62968063354, -10.9032764435, -4.99573087692], "cov": [[11296.75, 1850.18322754, -738.11706543, -291.230804443, -147.352981567, -340.207824707, -300.28729248, -203.826812744, -172.69354248, -264.427368164, -207.774688721, -289.154022217, -159.913452148], [1850.18322754, 1408.11694336, -401.654449463, 113.099220276, -87.32006073, -83.835395813, -83.5235366821, -17.6074523926, 13.8968667984, -5.61238193512, -53.9111251831, -54.7427139282, -65.1229095459], [-738.11706543, -401.654449463, 318.353790283, 0.738161325455, 72.8723144531, 72.4967346191, 64.9933166504, 22.0540809631, -3.94312882423, 3.77479290962, 33.6398620605, 47.2121620178, 51.9743690491], [-291.230804443, 113.099220276, 0.738161325455, 141.009246826, 44.5217628479, 35.6784858704, 7.11409521103, 3.75221562386, 17.5579204559, 18.5135936737, 8.90409946442, 15.6725091934, 15.6896886826], [-147.352981567, -87.32006073, 72.8723144531, 44.5217628479, 110.475997925, 60.2249069214, 27.0272502899, 5.73432159424, 10.2419519424, -0.435875862837, 17.0723590851, 13.9928598404, 27.06498909], [-340.207824707, -83.835395813, 72.4967346191, 35.6784858704, 60.2249069214, 99.3678894043, 51.0433158875, 23.1096420288, 6.77011632919, 13.3361291885, 13.3072729111, 26.916683197, 15.6514339447], [-300.28729248, -83.5235366821, 64.9933166504, 7.11409521103, 27.0272502899, 51.0433158875, 88.3134994507, 41.1387786865, 10.2066297531, 6.65221786499, 16.4852695465, 19.4631137848, 10.9936923981], [-203.826812744, -17.6074523926, 22.0540809631, 3.75221562386, 5.73432159424, 23.1096420288, 41.1387786865, 74.7814788818, 17.5273265839, 21.0104560852, -4.66188907623, 17.0442199707, -2.26676630974], [-172.69354248, 13.8968667984, -3.94312882423, 17.5579204559, 10.2419519424, 6.77011632919, 10.2066297531, 17.5273265839, 63.4386024475, 19.3134746552, 13.0778226852, -11.5706119537, -2.24124073982], [-264.427368164, -5.61238193512, 3.77479290962, 18.5135936737, -0.435875862837, 13.3361291885, 6.65221786499, 21.0104560852, 19.3134746552, 77.8974990845, 21.600894928, 32.6424255371, -5.16011619568], [-207.774688721, -53.9111251831, 33.6398620605, 8.90409946442, 17.0723590851, 13.3072729111, 16.4852695465, -4.66188907623, 13.0778226852, 21.600894928, 76.9881134033, 28.0277748108, 18.1590976715], [-289.154022217, -54.7427139282, 47.2121620178, 15.6725091934, 13.9928598404, 26.916683197, 19.4631137848, 17.0442199707, -11.5706119537, 32.6424255371, 28.0277748108, 90.8375015259, 35.9285621643], [-159.913452148, -65.1229095459, 51.9743690491, 15.6896886826, 27.06498909, 15.6514339447, 10.9936923981, -2.26676630974, -2.24124073982, -5.16011619568, 18.1590976715, 35.9285621643, 76.5963668823]], "icov": [[0.000166165453265, -0.000239342625719, 7.38332309993e-05, 0.000522443617228, -0.000436399277532, 0.000208682438824, 0.000107892221422, 9.29738889681e-05, 0.000339578924468, 0.000170510596945, 5.77784958296e-05, 0.000182252464583, 7.36621268516e-06], [-0.000239342625719, 0.00161673303228, 0.00133061397355, -0.00201808451675, 0.00103758159094, -0.000124892685562, -6.9725632784e-05, -0.000386703206459, -0.000518860993907, 0.000141798765981, 6.09896851529e-05, -0.000382005760912, 0.000201920091058], [7.38332309993e-05, 0.00133061397355, 0.00634917709976, 1.64109569596e-05, -0.00161020865198, -0.0010060640052, -0.00168357312214, -0.000248466123594, 0.000769501260947, 0.000508596887812, -0.000440324220108, -0.000647149921861, -0.00155259820167], [0.000522443617228, -0.00201808451675, 1.64109569596e-05, 0.0120896389708, -0.00481777312234, -0.00178500707261, 0.00103680649772, 0.00131690863054, -0.00081575429067, -0.00146959384438, 0.000743528304156, -9.28835361265e-05, -0.00141092739068], [-0.000436399277532, 0.00103758159094, -0.00161020865198, -0.00481777312234, 0.0178665984422, -0.00895500462502, 0.00129156932235, 6.31444199826e-05, -0.00236481125467, 0.00170067581348, -0.0017551247729, 0.00122585368808, -0.00272975838743], [0.000208682438824, -0.000124892685562, -0.0010060640052, -0.00178500707261, -0.00895500462502, 0.0222197547555, -0.00899297744036, 0.000723383272998, 0.00101645675022, -0.00166562083177, 0.00203580665402, -0.00268872897141, 0.00200991798192], [0.000107892221422, -6.9725632784e-05, -0.00168357312214, 0.00103680649772, 0.00129156932235, -0.00899297744036, 0.0230695270002, -0.0107617201284, -0.000106065490399, 0.00371236982755, -0.0047141155228, 0.000690940127242, -0.000111893066787], [9.29738889681e-05, -0.000386703206459, -0.000248466123594, 0.00131690863054, 6.31444199826e-05, 0.000723383272998, -0.0107617201284, 0.0231767948717, -0.00574378669262, -0.00393100269139, 0.0067611108534, -0.00444920780137, 0.00187571928836], [0.000339578924468, -0.000518860993907, 0.000769501260947, -0.00081575429067, -0.00236481125467, 0.00101645675022, -0.000106065490399, -0.00574378669262, 0.0232946053147, -0.0058382875286, -0.00473812222481, 0.00919462461025, -0.00251536909491], [0.000170510596945, 0.000141798765981, 0.000508596887812, -0.00146959384438, 0.00170067581348, -0.00166562083177, 0.00371236982755, -0.00393100269139, -0.0058382875286, 0.0213325340301, -0.00379278813489, -0.00873667001724, 0.00578624010086], [5.77784958296e-05, 6.09896851529e-05, -0.000440324220108, 0.000743528304156, -0.0017551247729, 0.00203580665402, -0.0047141155228, 0.0067611108534, -0.00473812222481, -0.00379278813489, 0.0186417512596, -0.00480360584334, -0.00116062222514], [0.000182252464583, -0.000382005760912, -0.000647149921861, -9.28835361265e-05, 0.00122585368808, -0.00268872897141, 0.000690940127242, -0.00444920780137, 0.00919462461025, -0.00873667001724, -0.00480360584334, 0.0224887859076, -0.00933010596782], [7.36621268516e-06, 0.000201920091058, -0.00155259820167, -0.00141092739068, -0.00272975838743, 0.00200991798192, -0.000111893066787, 0.00187571928836, -0.00251536909491, 0.00578624010086, -0.00116062222514, -0.00933010596782, 0.0201782137156]]}, "spectral_contrast_coeffs": {"dmean": [0.0361851267517, 0.0389339588583, 0.0339109674096, 0.0278470087796, 0.0197189413011, 0.0125665292144], "dmean2": [0.0569892376661, 0.0619191974401, 0.0542589314282, 0.0456035025418, 0.0323319099844, 0.020453741774], "dvar": [0.000849863165058, 0.000936820171773, 0.000703237659764, 0.000483818468638, 0.000240348323132, 9.40902318689e-05], "dvar2": [0.00216923863627, 0.00228072167374, 0.00183568801731, 0.00130210223142, 0.000627350818831, 0.00024607629166], "max": [-0.327898859978, -0.44687217474, -0.481339365244, -0.57001799345, -0.663481831551, -0.682694792747], "mean": [-0.527072012424, -0.691703855991, -0.721019625664, -0.755748867989, -0.77998650074, -0.757769048214], "median": [-0.50841742754, -0.689604520798, -0.71828186512, -0.753494381905, -0.778136014938, -0.754014849663], "min": [-0.9779073596, -0.997354984283, -0.991293787956, -0.98278015852, -0.962378680706, -0.964438080788], "var": [0.0105432672426, 0.00674831308424, 0.00455429404974, 0.00265983422287, 0.00153945886996, 0.00108468846884]}, "spectral_contrast_valleys": {"dmean": [0.347885161638, 0.285571575165, 0.248251497746, 0.221482977271, 0.176260069013, 0.20564481616], "dmean2": [0.601755678654, 0.472759485245, 0.405926406384, 0.335269451141, 0.248775780201, 0.238020911813], "dvar": [0.117090836167, 0.0836670696735, 0.0707475617528, 0.06434923