{"lowlevel": {"average_loudness": 0.9597427845, "barkbands_crest": {"dmean": 2.4469461441, "dmean2": 3.89982151985, "dvar": 4.44490861893, "dvar2": 11.2075128555, "max": 23.4273757935, "mean": 11.5136194229, "median": 11.110827446, "min": 2.82731461525, "var": 14.3271093369}, "barkbands_flatness_db": {"dmean": 0.0242404378951, "dmean2": 0.0344017483294, "dvar": 0.0004471410939, "dvar2": 0.000901881954633, "max": 0.343885421753, "mean": 0.181385010481, "median": 0.175195157528, "min": 0.0490156561136, "var": 0.00277195498347}, "barkbands_kurtosis": {"dmean": 3.60559248924, "dmean2": 5.50025606155, "dvar": 25.2801818848, "dvar2": 57.817779541, "max": 77.1320037842, "mean": 7.43803501129, "median": 5.33171606064, "min": -1.70783650875, "var": 64.9768600464}, "barkbands_skewness": {"dmean": 0.514050245285, "dmean2": 0.774784624577, "dvar": 0.277914583683, "dvar2": 0.599675953388, "max": 7.66730880737, "mean": 2.34510159492, "median": 2.24973487854, "min": -1.89773917198, "var": 1.19602096081}, "barkbands_spread": {"dmean": 4.75668144226, "dmean2": 7.10315656662, "dvar": 27.0591449738, "dvar2": 59.1184577942, "max": 89.5882034302, "mean": 17.8296718597, "median": 15.8365535736, "min": 1.58042168617, "var": 105.339996338}, "dissonance": {"dmean": 0.0149117754772, "dmean2": 0.0246176924556, "dvar": 0.00019634453929, "dvar2": 0.000519352732226, "max": 0.499847531319, "mean": 0.466358363628, "median": 0.47086751461, "min": 0.289756894112, "var": 0.000438983057393}, "dynamic_complexity": 1.77949106693, "erbbands_crest": {"dmean": 2.26006770134, "dmean2": 3.56615424156, "dvar": 5.14063835144, "dvar2": 11.7328929901, "max": 28.872505188, "mean": 7.61223077774, "median": 6.21514892578, "min": 2.33056330681, "var": 19.2856559753}, "erbbands_flatness_db": {"dmean": 0.0214685164392, "dmean2": 0.0269553177059, "dvar": 0.000479191599879, "dvar2": 0.00073081953451, "max": 0.307139247656, "mean": 0.151376023889, "median": 0.148732692003, "min": 0.0456806458533, "var": 0.00287826033309}, "erbbands_kurtosis": {"dmean": 0.546479463577, "dmean2": 0.85645622015, "dvar": 0.462579667568, "dvar2": 0.985846936703, "max": 11.0274839401, "mean": -0.338714778423, "median": -0.657731890678, "min": -1.69047856331, "var": 1.49087226391}, "erbbands_skewness": {"dmean": 0.311458230019, "dmean2": 0.462673068047, "dvar": 0.0763543620706, "dvar2": 0.164068326354, "max": 2.62146639824, "mean": 0.124679639935, "median": 0.100176848471, "min": -2.73723435402, "var": 0.354218780994}, "erbbands_spread": {"dmean": 8.28142261505, "dmean2": 12.3492879868, "dvar": 66.3820724487, "dvar2": 139.346481323, "max": 131.875564575, "mean": 46.7770233154, "median": 44.5936813354, "min": 6.11917591095, "var": 328.823638916}, "hfc": {"dmean": 6.33686637878, "dmean2": 8.89534568787, "dvar": 50.2224349976, "dvar2": 107.904655457, "max": 100.207336426, "mean": 21.207321167, "median": 18.5098400116, "min": 1.18597953385e-16, "var": 179.390380859}, "melbands_crest": {"dmean": 3.12808561325, "dmean2": 4.88960075378, "dvar": 8.849360466, "dvar2": 19.6076545715, "max": 35.466594696, "mean": 15.9744310379, "median": 14.9265480042, "min": 1.84787201881, "var": 37.2638549805}, "melbands_flatness_db": {"dmean": 0.0274760071188, "dmean2": 0.0390667282045, "dvar": 0.000666027655825, "dvar2": 0.00130964827258, "max": 0.440425992012, "mean": 0.256110399961, "median": 0.2502566576, "min": 0.0068473527208, "var": 0.00412381673232}, "melbands_kurtosis": {"dmean": 8.97069549561, "dmean2": 14.0587034225, "dvar": 156.335861206, "dvar2": 372.774749756, "max": 223.53225708, "mean": 23.3859958649, "median": 17.8585262299, "min": -1.41907966137, "var": 413.722503662}, "melbands_skewness": {"dmean": 0.722199678421, "dmean2": 1.11437618732, "dvar": 0.558815062046, "dvar2": 1.24361312389, "max": 11.5499286652, "mean": 3.82609891891, "median": 3.63714075089, "min": -0.13894110918, "var": 2.55565810204}, "melbands_spread": {"dmean": 3.88601875305, "dmean2": 5.89186048508, "dvar": 20.293422699, "dvar2": 40.9161643982, "max": 138.493453979, "mean": 13.8513822556, "median": 11.5377426147, "min": 1.10659396648, "var": 91.5301971436}, "pitch_salience": {"dmean": 0.0662807896733, "dmean2": 0.104667164385, "dvar": 0.00371215795167, "dvar2": 0.00806515943259, "max": 0.867502987385, "mean": 0.536537766457, "median": 0.546919167042, "min": 0.157378703356, "var": 0.0152801498771}, "silence_rate_20dB": {"dmean": 0, "dmean2": 0, "dvar": 0, "dvar2": 0, "max": 1, "mean": 1, "median": 1, "min": 1, "var": 0}, "silence_rate_30dB": {"dmean": 0.0575315840542, "dmean2": 0.115085534751, "dvar": 0.0542211942375, "dvar2": 0.108839899302, "max": 1, "mean": 0.915856957436, "median": 1, "min": 0, "var": 0.0770632475615}, "silence_rate_60dB": {"dmean": 0.000388726912206, "dmean2": 0.000777604989707, "dvar": 0.000388594256947, "dvar2": 0.000776992819738, "max": 1, "mean": 0.0106879128143, "median": 0, "min": 0, "var": 0.0105738835409}, "spectral_centroid": {"dmean": 232.735931396, "dmean2": 345.208953857, "dvar": 63307.5195312, "dvar2": 115533.960938, "max": 10839.2285156, "mean": 1113.27404785, "median": 1050.13989258, "min": 273.896240234, "var": 216815.1875}, "spectral_complexity": {"dmean": 4.206802845, "dmean2": 6.07076215744, "dvar": 18.7821712494, "dvar2": 33.3874359131, "max": 56, "mean": 21.9815387726, "median": 21, "min": 0, "var": 71.7874145508}, "spectral_decrease": {"dmean": 4.09320177752e-09, "dmean2": 6.33212993151e-09, "dvar": 2.87604346238e-17, "dvar2": 6.22459432821e-17, "max": 3.98685523989e-29, "mean": -1.40117677461e-08, "median": -1.17361373952e-08, "min": -5.34052233547e-08, "var": 6.91638532682e-17}, "spectral_energy": {"dmean": 0.0157930664718, "dmean2": 0.0244004037231, "dvar": 0.000421960430685, "dvar2": 0.000914359639864, "max": 0.2041682899, "mean": 0.0548071041703, "median": 0.0461480841041, "min": 1.06067100048e-20, "var": 0.00101467734203}, "spectral_energyband_high": {"dmean": 0.000375460949726, "dmean2": 0.000528639764525, "dvar": 3.03502758925e-07, "dvar2": 6.40942232621e-07, "max": 0.00729079032317, "mean": 0.000663278042339, "median": 0.000336732337018, "min": 7.73503457044e-21, "var": 7.30389160708e-07}, "spectral_energyband_low": {"dmean": 0.0119898887351, "dmean2": 0.0185904093087, "dvar": 0.000341737148119, "dvar2": 0.000709136831574, "max": 0.1769618541, "mean": 0.0334132537246, "median": 0.0251431688666, "min": 1.00091700329e-22, "var": 0.000830262433738}, "spectral_energyband_middle_high": {"dmean": 0.00171625660732, "dmean2": 0.00238369521685, "dvar": 6.10891493125e-06, "dvar2": 1.13067717393e-05, "max": 0.0410319902003, "mean": 0.00525117293, "median": 0.00388150033541, "min": 1.52646670277e-21, "var": 2.69533393293e-05}, "spectral_energyband_middle_low": {"dmean": 0.00583406817168, "dmean2": 0.00946595240384, "dvar": 6.94556947565e-05, "dvar2": 0.000189599217265, "max": 0.1104234308, "mean": 0.0167810525745, "median": 0.0137370862067, "min": 2.48206387425e-22, "var": 0.00013421192125}, "spectral_entropy": {"dmean": 0.194097295403, "dmean2": 0.26714977622, "dvar": 0.038087297231, "dvar2": 0.0762207880616, "max": 9.78032493591, "mean": 7.45576047897, "median": 7.43917751312, "min": 6.18121767044, "var": 0.151767209172}, "spectral_flux": {"dmean": 0.0353973284364, "dmean2": 0.0544684007764, "dvar": 0.00195925426669, "dvar2": 0.00367985246703, "max": 0.395758390427, "mean": 0.099771887064, "median": 0.0854170694947, "min": 1.02988881312e-10, "var": 0.00316923554055}, "spectral_kurtosis": {"dmean": 2.27525687218, "dmean2": 3.78233242035, "dvar": 6.27291584015, "dvar2": 18.6771869659, "max": 27.4355678558, "mean": 4.38099241257, "median": 3.66075730324, "min": -1.16476023197, "var": 8.93258666992}, "spectral_rms": {"dmean": 0.00101286219433, "dmean2": 0.00156714417972, "dvar": 1.37746769724e-06, "dvar2": 2.96595976579e-06, "max": 0.0141134187579, "mean": 0.00702542020008, "median": 0.00670988252386, "min": 3.21683218257e-12, "var": 4.1139228415e-06}, "spectral_rolloff": {"dmean": 262.325378418, "dmean2": 436.609100342, "dvar": 288924.5, "dvar2": 639041.3125, "max": 19250.6835938, "mean": 683.921813965, "median": 430.6640625, "min": 64.599609375, "var": 647873.875}, "spectral_skewness": {"dmean": 0.293290764093, "dmean2": 0.45786139369, "dvar": 0.0795203074813, "dvar2": 0.198135524988, "max": 3.63883280754, "mean": 1.41659879684, "median": 1.40390706062, "min": -0.135504290462, "var": 0.204196065664}, "spectral_spread": {"dmean": 749429, "dmean2": 964396.8125, "dvar": 1190305726460.0, "dvar2": 1839387377660.0, "max": 39426460, "mean": 4219686.5, "median": 3670174.5, "min": 1773929, "var": 4182234103810.0}, "spectral_strongpeak": {"dmean": 0.323920428753, "dmean2": 0.56408393383, "dvar": 0.554901242256, "dvar2": 1.29926586151, "max": 15.0903224945, "mean": 0.591002702713, "median": 0.34461286664, "min": 0, "var": 0.913738965988}, "zerocrossingrate": {"dmean": 0.00931672938168, "dmean2": 0.0105440840125, "dvar": 0.000119985015772, "dvar2": 0.000138179326314, "max": 0.494140625, "mean": 0.0434432737529, "median": 0.0380859375, "min": 0.001953125, "var": 0.000782959919889}, "barkbands": {"dmean": [0.00223233620636, 0.0100494269282, 0.00306780892424, 0.00141030049417, 0.00366738368757, 0.00127937446814, 0.000606899324339, 0.000872039585374, 0.000514426326845, 0.000500707130414, 0.00047239617561, 0.000312130345264, 0.000277915940387, 0.000296505517326, 0.000369098474039, 0.000272103236057, 0.000279375031823, 0.000143319353811, 0.000172529951669, 0.000191724233446, 7.56226290832e-05, 5.19464847457e-05, 5.84827903367e-05, 3.32802919729e-05, 5.62872373848e-05, 5.82309694437e-05, 1.73546610416e-09], "dmean2": [0.00337025756016, 0.0152584742755, 0.00545090949163, 0.00235227262601, 0.00612206058577, 0.00207959651016, 0.000927813758608, 0.00133642170113, 0.000809209421277, 0.000732570071705, 0.000708104984369, 0.000478656758787, 0.000445982383098, 0.000469030346721, 0.000564725021832, 0.000417713425122, 0.000444634322776, 0.000228102740948, 0.000256774539594, 0.000280462496448, 0.000113908470667, 8.05816307548e-05, 9.09524678718e-05, 5.01269969391e-05, 8.17510590423e-05, 8.50099168019e-05, 3.17136139572e-09], "dvar": [1.20455206343e-05, 0.000184204123798, 7.029210974e-05, 5.26462781636e-06, 3.98621668865e-05, 3.97913436245e-06, 1.31126762426e-06, 3.16279761137e-06, 1.11122096769e-06, 1.82845587915e-06, 1.8507164441e-06, 8.29164719107e-07, 4.86390774768e-07, 5.78593471801e-07, 6.796821026e-07, 3.14724474038e-07, 1.95437991124e-07, 4.32791793514e-08, 6.71097097893e-08, 1.14698018194e-07, 1.06793773824e-08, 8.86647733012e-09, 1.22786190104e-08, 3.63369379031e-09, 1.77499295262e-08, 1.75651369005e-08, 5.3233071836e-18], "dvar2": [2.72280103673e-05, 0.00035853497684, 0.00020068961021, 1.55707457452e-05, 0.000110525084892, 9.8324044302e-06, 2.54453198067e-06, 6.65812785883e-06, 2.45962064582e-06, 3.41610530086e-06, 3.47535319634e-06, 1.64223706633e-06, 1.23128381802e-06, 1.27679265916e-06, 1.15156080938e-06, 5.91366813296e-07, 4.13961942058e-07, 1.01289558074e-07, 1.4547818239e-07, 2.27797286811e-07, 2.46096938383e-08, 2.25869793979e-08, 3.02027629573e-08, 7.94093413248e-09, 3.59426799434e-08, 3.59699185992e-08, 1.57387258104e-17], "max": [0.0365300513804, 0.140820786357, 0.0716068744659, 0.0528276562691, 0.0841758698225, 0.0648674964905, 0.0483098588884, 0.0461874753237, 0.028500624001, 0.0387773476541, 0.0359848812222, 0.0307915117592, 0.0164552796632, 0.0240991245955, 0.0313599482179, 0.0299872290343, 0.0138883031905, 0.00372433057055, 0.0032459157519, 0.00585964461789, 0.00179808051325, 0.00159349723253, 0.00170199607965, 0.000970990280621, 0.00219986145385, 0.00200378755108, 2.43556748103e-08], "mean": [0.00368873472326, 0.0236009247601, 0.00506290467456, 0.00329967122525, 0.0069577023387, 0.00248074880801, 0.00111792783719, 0.00161930732429, 0.000884927401785, 0.000941602163948, 0.000667255488224, 0.000506657699589, 0.00039272790309, 0.000513018283527, 0.000620581384283, 0.000505821953993, 0.000545213755686, 0.000253804551903, 0.000313156284392, 0.000321776518831, 0.000132925197249, 8.80039297044e-05, 8.41715082061e-05, 5.01370377606e-05, 7.83383802627e-05, 7.91498023318e-05, 1.43497691507e-09], "median": [0.00142741971649, 0.0168436318636, 0.00335037335753, 0.00254643824883, 0.0054371082224, 0.00157256470993, 0.00055016647093, 0.000518238754012, 0.000373526621843, 0.000333663279889, 0.000271892931778, 0.000192312305444, 0.000180395290954, 0.000224371382501, 0.000354965450242, 0.000282829598291, 0.000324832421029, 0.00014916411601, 0.00018165189249, 0.000143579236465, 7.97776447143e-05, 3.30692928401e-05, 1.7817821572e-05, 8.97708378034e-06, 8.2894366642e-06, 6.10801544099e-06, 5.74214176208e-10], "min": [7.21821631951e-25, 7.37810876145e-23, 1.26953026308e-23, 1.70622204542e-23, 3.4232511697e-23, 1.56117939726e-23, 6.21949865253e-23, 7.26468886485e-23, 4.3052806499e-23, 4.46549609094e-23, 1.35394683653e-22, 7.89569807185e-23, 9.15551146184e-23, 9.13023446517e-23, 1.09922604837e-22, 2.3089633054e-22, 9.81218136745e-23, 1.55393367829e-22, 3.2776900506e-22, 4.89346802572e-22, 3.18374062953e-22, 3.78983268665e-22, 6.84996222022e-22, 8.40432819428e-22, 1.27769970661e-21, 1.84730796923e-21, 2.23535745851e-21], "var": [2.73322802968e-05, 0.000484617688926, 4.77345274703e-05, 9.69872871792e-06, 4.82427567476e-05, 1.15994498628e-05, 4.86636736241e-06, 1.440323922e-05, 3.48707408193e-06, 7.30586407371e-06, 3.49582592207e-06, 2.46849413088e-06, 5.60303817565e-07, 1.04671983081e-06, 1.5193921854e-06, 9.52694676926e-07, 6.15106330315e-07, 9.65880460058e-08, 1.33681268721e-07, 2.4115675501e-07, 2.22201421707e-08, 1.58139314976e-08, 2.10454569327e-08, 8.30090662873e-09, 3.76340878461e-08, 3.77121267547e-08, 4.73379045029e-18]}, "erbbands": {"dmean": [0.465063929558, 2.07578873634, 4.055352211, 3.50876235962, 8.73429870605, 15.5395317078, 8.47688579559, 12.0450153351, 8.4859046936, 15.3425941467, 16.5254516602, 12.8808050156, 12.6492977142, 14.792881012, 17.9490242004, 14.3029956818, 13.7551517487, 12.7327842712, 17.3339290619, 19.0384502411, 14.6600751877, 10.4844026566, 7.74708843231, 7.95673656464, 8.63152217865, 9.16731929779, 4.95084524155, 2.55980539322, 1.76188278198, 2.13046240807, 1.46670866013, 0.775281369686, 0.564310848713, 0.547391176224, 0.454137861729, 0.307836890221, 0.0991540402174, 0.00711202761158, 0.000139276482514, 2.26211450354e-05], "dmean2": [0.675683140755, 3.43620061874, 7.20306634903, 5.83574962616, 15.0890645981, 26.4089984894, 13.4233312607, 19.928937912, 12.7718276978, 24.4074268341, 25.0346031189, 19.9086055756, 18.9512844086, 21.8818702698, 27.0595932007, 21.2684192657, 21.9144668579, 19.8475646973, 27.3157310486, 29.1711120605, 22.2380542755, 16.2473926544, 11.9376249313, 12.2211055756, 12.4634780884, 13.3892593384, 7.25013971329, 3.90189909935, 2.75203347206, 3.32813382149, 2.27079319954, 1.19336748123, 0.836365044117, 0.813912093639, 0.652282118797, 0.447883099318, 0.148366466165, 0.0107197854668, 0.000206217286177, 3.39733232977e-05], "dvar": [0.536453664303, 11.2062864304, 121.680648804, 36.835521698, 143.479537964, 968.992736816, 219.105224609, 396.438934326, 282.78793335, 936.270874023, 1412.91442871, 714.581298828, 1299.71008301, 1818.5045166, 2767.52075195, 1662.51123047, 1291.65478516, 1165.09008789, 1492.05895996, 866.002807617, 1146.90588379, 250.339477539, 116.508476257, 118.550483704, 204.775405884, 256.425354004, 62.7089157104, 13.8520088196, 10.0699901581, 15.4864902496, 7.56023836136, 1.90960538387, 1.10092306137, 1.57482266426, 1.26297235489, 0.488488227129, 0.0521980375051, 0.000286126887659, 9.91899042901e-08, 7.7398537579e-10], "dvar2": [1.00062036514, 27.0506076813, 342.268371582, 105.124061584, 430.255737305, 2707.91943359, 475.624084473, 1083.56896973, 510.415344238, 2272.69360352, 2613.23461914, 1491.88757324, 2346.58862305, 3460.18164062, 5663.63623047, 2961.3125, 3281.68383789, 2408.95947266, 2702.4206543, 1898.61938477, 1909.94421387, 518.32043457, 263.238616943, 268.512451172, 416.264038086, 505.275238037, 136.953994751, 33.3414840698, 25.9879894257, 38.8062133789, 18.3093624115, 4.38545131683, 2.40097546577, 3.30315136909, 2.59690785408, 1.01598584652, 0.108823180199, 0.000606493384112, 2.0621783392e-07, 1.66940494761e-09], "max": [7.0074634552, 35.5046691895, 92.0865478516, 101.091537476, 139.883392334, 333.883789062, 391.772583008, 530.618286133, 780.692810059, 643.72076416, 1225.1730957, 908.338623047, 1462.6496582, 1372.80444336, 1266.53369141, 1591.22399902, 855.118530273, 1008.77587891, 1407.02160645, 964.047363281, 2033.34912109, 479.675872803, 205.714660645, 161.519210815, 261.066741943, 297.859832764, 117.073814392, 52.2062721252, 54.4465103149, 62.6203536987, 38.2148513794, 17.4372997284, 17.0179405212, 23.2827205658, 22.2043247223, 11.7522106171, 2.89689970016, 0.285977393389, 0.00505785085261, 0.00033772396273], "mean": [0.892233192921, 4.31646490097, 6.93434143066, 8.93704891205, 17.2187042236, 24.8021888733, 18.7796649933, 21.4395771027, 17.3159885406, 25.8737678528, 33.2245445251, 24.2677078247, 24.2159423828, 26.1946983337, 27.4534778595, 25.4611282349, 20.6924190521, 22.0980224609, 31.9178886414, 33.6077041626, 29.5228366852, 22.0056362152, 15.3912143707, 15.3700141907, 15.7629165649, 15.4531421661, 7.99273109436, 4.48161697388, 2.95882868767, 3.22777056694, 2.14523863792, 1.17652988434, 0.810099959373, 0.760891258717, 0.620397508144, 0.420655965805, 0.129910692573, 0.00866623967886, 0.000198046283913, 7.13748813723e-05], "median": [0.483159869909, 3.29288291931, 4.33369159698, 7.62995529175, 13.6189241409, 16.9134063721, 12.2420482635, 12.549200058, 8.85052108765, 11.5329837799, 10.6414785385, 10.4591274261, 8.46740341187, 11.2941846848, 12.3499927521, 9.82668495178, 10.1313972473, 10.8880558014, 18.9808750153, 20.1112117767, 17.1808452606, 13.7780723572, 9.84904289246, 9.70228004456, 8.27325820923, 7.33298206329, 4.26053905487, 2.56983709335, 1.15869104862, 0.789404034615, 0.451889634132, 0.228863984346, 0.13019400835, 0.083048120141, 0.0593049973249, 0.0399831198156, 0.00738278077915, 0.000215051040868, 4.28703133366e-05, 6.00903731538e-05], "min": [1.58375552352e-21, 1.77383728639e-20, 2.04449756828e-20, 4.75047111603e-20, 2.63255755253e-20, 1.18982421867e-19, 2.4361608998e-19, 1.06898857619e-19, 3.64325186752e-19, 1.82111339197e-18, 1.53447886951e-18, 8.86713318226e-19, 5.75963947666e-19, 3.75768093153e-18, 4.59889300881e-18, 3.15351048687e-18, 2.81759264691e-18, 5.49415265373e-18, 6.74811668974e-18, 5.83781352461e-18, 1.23861065394e-17, 7.2555981994e-18, 7.3625485167e-18, 1.59622713709e-17, 1.41116582368e-17, 2.16572312173e-17, 1.3993205973e-17, 1.44747425492e-17, 1.37124095879e-17, 1.77938560423e-17, 1.71419715451e-17, 1.86599141436e-17, 1.42921457377e-17, 1.45928176186e-17, 8.63326254652e-18, 5.48632380282e-18, 3.72881853201e-18, 1.31563066087e-18, 2.88578732946e-19, 3.88213148253e-20], "var": [1.4198974371, 14.6885719299, 85.157989502, 50.3598403931, 186.994628906, 1015.70025635, 592.285827637, 900.26574707, 1248.30639648, 2713.85888672, 7371.25390625, 2609.96435547, 5284.81396484, 6203.5703125, 4704.73828125, 6120.39794922, 1485.32287598, 2168.21142578, 3686.26538086, 1902.21105957, 3775.52001953, 831.057800293, 304.846710205, 253.352294922, 437.018798828, 535.116882324, 103.333259583, 27.9963436127, 16.7297286987, 28.3586883545, 13.1259355545, 3.94354867935, 2.48789024353, 3.37358689308, 2.58246421814, 1.03131067753, 0.10380448401, 0.000513576320373, 1.90047856563e-07, 1.73431047301e-09]}, "gfcc": {"mean": [14.2410125732, 129.375030518, -115.013786316, 48.4073104858, -37.7275886536, 8.19742393494, -28.4429111481, 6.49245691299, -19.0923805237, 3.3566057682, -14.5530920029, -0.560717582703, -4.92479372025], "cov": [[3516.22509766, -1404.7409668, 608.692443848, -15.2018976212, -404.280395508, 516.357116699, -344.443664551, 340.766235352, -311.554870605, 254.060516357, -296.617797852, 172.381164551, -214.066940308], [-1404.7409668, 2293.91845703, -1255.31408691, 209.342880249, 506.663116455, -741.453979492, 620.398193359, -508.888275146, 476.367828369, -366.976318359, 447.594360352, -351.3309021, 341.86026001], [608.692443848, -1255.31408691, 1154.20141602, -168.425720215, -238.67250061, 492.397277832, -410.693572998, 341.563415527, -278.56060791, 220.874191284, -266.635650635, 249.314331055, -206.739608765], [-15.2018976212, 209.342880249, -168.425720215, 208.471237183, 78.2029876709, -80.7435684204, 89.2468719482, -77.6709136963, 79.2872543335, -64.524559021, 59.8185539246, -64.7502288818, 64.7376861572], [-404.280395508, 506.663116455, -238.67250061, 78.2029876709, 281.284545898, -164.479492188, 169.450317383, -106.201675415, 101.469558716, -59.5942344666, 86.5897293091, -60.5439338684, 77.8951797485], [516.357116699, -741.453979492, 492.397277832, -80.7435684204, -164.479492188, 396.095672607, -197.890090942, 197.726470947, -152.073852539, 105.431617737, -137.655197144, 105.562805176, -111.922485352], [-344.443664551, 620.398193359, -410.693572998, 89.2468719482, 169.450317383, -197.890090942, 310.573242188, -140.906906128, 173.728866577, -108.573455811, 131.592681885, -100.395294189, 105.099952698], [340.766235352, -508.888275146, 341.563415527, -77.6709136963, -106.201675415, 197.726470947, -140.906906128, 208.109817505, -104.58908844, 104.46547699, -115.635360718, 74.1242294312, -85.4949874878], [-311.554870605, 476.367828369, -278.56060791, 79.2872543335, 101.469558716, -152.073852539, 173.728866577, -104.58908844, 213.877227783, -70.9259643555, 114.410339355, -94.0221786499, 75.3807678223], [254.060516357, -366.976318359, 220.874191284, -64.524559021, -59.5942344666, 105.431617737, -108.573455811, 104.46547699, -70.9259643555, 135.351989746, -65.4406967163, 63.2650375366, -68.2161407471], [-296.617797852, 447.594360352, -266.635650635, 59.8185539246, 86.5897293091, -137.655197144, 131.592681885, -115.635360718, 114.410339355, -65.4406967163, 151.192932129, -65.2326583862, 79.2603149414], [172.381164551, -351.3309021, 249.314331055, -64.7502288818, -60.5439338684, 105.562805176, -100.395294189, 74.1242294312, -94.0221786499, 63.2650375366, -65.2326583862, 117.036941528, -46.6531181335], [-214.066940308, 341.86026001, -206.739608765, 64.7376861572, 77.8951797485, -111.922485352, 105.099952698, -85.4949874878, 75.3807678223, -68.2161407471, 79.2603149414, -46.6531181335, 107.634658813]], "icov": [[0.000457015034044, -0.000114101363579, 0.000220407819143, -0.000617248588242, 0.000511758262292, -0.000421435513999, -0.000169549806742, -0.000123074220028, 0.000269241456408, -0.000678882584907, 0.00051230652025, -0.000301379070152, 0.000198434354388], [-0.000114101363579, 0.00494013959542, -0.000167933991179, 0.00317041180097, -0.00315995607525, 0.00308661116287, -0.000643113569822, 0.000815204461105, -0.00107677979395, 0.00408032629639, -0.00452301790938, 0.00502412393689, -0.00252644880675], [0.000220407819143, -0.000167933991179, 0.00365190254524, -0.000657097029034, -0.000404178717872, -0.00212570698932, 0.00193623197265, -0.00161419971846, -0.000905193388462, -0.000324337888742, 0.00127556931693, -0.00400498555973, 0.00104381912388], [-0.000617248588242, 0.00317041180097, -0.000657097029034, 0.00945250224322, -0.00332880322821, 0.00178535992745, 4.97305263707e-05, 0.00165375054348, -0.00173981185071, 0.00405720248818, -0.00294376094826, 0.00579496938735, -0.00424472196028], [0.000511758262292, -0.00315995607525, -0.000404178717872, -0.00332880322821, 0.00849380623549, -0.000894275435712, -0.00259845354594, 0.000220778470975, 0.0014136522077, -0.0043505821377, 0.00323774735443, -0.00288349622861, 0.000534389226232], [-0.000421435513999, 0.00308661116287, -0.00212570698932, 0.00178535992745, -0.000894275435712, 0.0090744709596, -0.000816102663521, -0.00245249713771, 0.000408271997003, 0.00372783653438, -0.00365321803838, 0.003684471827, -0.000502530834638], [-0.000169549806742, -0.000643113569822, 0.00193623197265, 4.97305263707e-05, -0.00259845354594, -0.000816102663521, 0.0100051267073, -0.00107899471186, -0.00407846597955, 0.00209262920544, -0.000363828934496, -0.00197141920216, -0.000604178116191], [-0.000123074220028, 0.000815204461105, -0.00161419971846, 0.00165375054348, 0.000220778470975, -0.00245249713771, -0.00107899471186, 0.0147516923025, -0.000374657043722, -0.00465895840898, 0.00381851452403, 0.00295047950931, -0.00109148933552], [0.000269241456408, -0.00107677979395, -0.000905193388462, -0.00173981185071, 0.0014136522077, 0.000408271997003, -0.00407846597955, -0.000374657043722, 0.0121314758435, -0.00215788534842, -0.00303077511489, 0.00380847998895, 0.000368324283045], [-0.000678882584907, 0.00408032629639, -0.000324337888742, 0.00405720248818, -0.0043505821377, 0.00372783653438, 0.00209262920544, -0.00465895840898, -0.00215788534842, 0.0195757541806, -0.00603963248432, 0.000654543167911, 0.00255693960935], [0.00051230652025, -0.00452301790938, 0.00127556931693, -0.00294376094826, 0.00323774735443, -0.00365321803838, -0.000363828934496, 0.00381851452403, -0.00303077511489, -0.00603963248432, 0.0216029025614, -0.00468000117689, -0.00279014883563], [-0.000301379070152, 0.00502412393689, -0.00400498555973, 0.00579496938735, -0.00288349622861, 0.003684471827, -0.00197141920216, 0.00295047950931, 0.00380847998895, 0.000654543167911, -0.00468000117689, 0.0253995712847, -0.00534494081512], [0.000198434354388, -0.00252644880675, 0.00104381912388, -0.00424472196028, 0.000534389226232, -0.000502530834638, -0.000604178116191, -0.00109148933552, 0.000368324283045, 0.00255693960935, -0.00279014883563, -0.00534494081512, 0.0221817418933]]}, "melbands": {"dmean": [0.00329276220873, 0.00229824264534, 0.000697156472597, 0.000917140976526, 0.000357731682016, 0.000258158164797, 0.00012676071492, 0.000173625623574, 0.000133872628794, 7.2679547884e-05, 6.34489624645e-05, 6.08275258855e-05, 6.72262758599e-05, 3.84339800803e-05, 3.60145750165e-05, 2.28780209e-05, 2.70607033599e-05, 2.85123533104e-05, 2.44543061854e-05, 2.58787840721e-05, 1.8916432964e-05, 1.30975504362e-05, 1.04878554339e-05, 9.00931809156e-06, 6.74676584822e-06, 5.89868477618e-06, 7.08967854735e-06, 6.15199815002e-06, 3.76352681997e-06, 1.92707989299e-06, 1.48128981436e-06, 1.03571221644e-06, 1.10314283575e-06, 1.33192509111e-06, 1.02514570699e-06, 5.49297112684e-07, 4.65070684186e-07, 3.80757484209e-07, 4.81605525238e-07, 4.7874232223e-07], "dmean2": [0.00476218573749, 0.00398225523531, 0.0011809153948, 0.0015375938965, 0.000583966902923, 0.000423638120992, 0.000190255843336, 0.000277280894807, 0.000201740913326, 0.000113747235446, 9.5264716947e-05, 9.03441177798e-05, 0.000100839832157, 5.90644085605e-05, 5.50852528249e-05, 3.70303896489e-05, 4.24905229011e-05, 4.56464731542e-05, 3.71497771994e-05, 4.05344435421e-05, 2.91912001558e-05, 2.08106030186e-05, 1.68342812685e-05, 1.45804242493e-05, 1.04825730887e-05, 8.79172512214e-06, 1.0408351045e-05, 9.0743360488e-06, 5.67297092857e-06, 2.91916649076e-06, 2.34233357332e-06, 1.63640868323e-06, 1.74970523403e-06, 2.1045577796e-06, 1.6158736571e-06, 8.4311233195e-07, 7.27574160919e-07, 5.7975614709e-07, 7.2505594062e-07, 7.25653364952e-07], "dvar": [1.98394900508e-05, 2.90048647003e-05, 1.20132335724e-06, 2.58758404925e-06, 3.96678757397e-07, 1.71825263351e-07, 5.96548730414e-08, 1.2198040622e-07, 8.29895441257e-08, 2.29841159438e-08, 3.29611893335e-08, 3.31043246149e-08, 3.90793850613e-08, 1.00117807378e-08, 6.65948585166e-09, 3.75009934217e-09, 5.8351852239e-09, 3.5138552068e-09, 3.98520727529e-09, 1.56492518943e-09, 1.72129133169e-09, 4.78283301852e-10, 2.46981934904e-10, 1.87989929179e-10, 9.30769281093e-11, 7.5360405416e-11, 1.72672015575e-10, 1.19372303709e-10, 4.3501303254e-11, 7.21436755821e-12, 5.51402369944e-12, 3.80148299992e-12, 4.65924607923e-12, 6.5377659883e-12, 4.2721577144e-12, 9.04478423581e-13, 7.28730877725e-13, 4.6951629867e-13, 1.16821602305e-12, 1.30419449112e-12], "dvar2": [3.62923055945e-05, 7.85570882726e-05, 3.49402216671e-06, 7.12998780728e-06, 9.9175088053e-07, 4.55155628742e-07, 1.06939964439e-07, 2.98835175272e-07, 1.55842641902e-07, 4.92102394389e-08, 5.98746225933e-08, 6.29129672802e-08, 7.26831501652e-08, 2.14235829077e-08, 1.33413449177e-08, 9.82441239472e-09, 1.23315571088e-08, 7.03500502297e-09, 6.35251584669e-09, 3.78096487452e-09, 3.02778135897e-09, 1.04016140146e-09, 6.11682149376e-10, 4.60546212278e-10, 2.19627635523e-10, 1.59377899767e-10, 3.65321634055e-10, 2.40245462413e-10, 9.59579429805e-11, 1.67877638874e-11, 1.35944337384e-11, 9.93010795119e-12, 1.23251348363e-11, 1.64547628995e-11, 1.06253001189e-11, 2.1377290129e-12, 1.6953212922e-12, 1.06582429514e-12, 2.59387910456e-12, 2.8201512306e-12], "max": [0.0476576238871, 0.0440176539123, 0.0179061684757, 0.0171070992947, 0.0156732853502, 0.0119650354609, 0.0115961777046, 0.0077454186976, 0.00919246487319, 0.00527010764927, 0.00732971401885, 0.0059101912193, 0.00528396805748, 0.00290467170998, 0.00251755793579, 0.0012568954844, 0.0023806032259, 0.00197381922044, 0.00322159426287, 0.000953033624683, 0.00237804697827, 0.000721549615264, 0.000243342918111, 0.000259665015619, 0.000159693707246, 0.000138007730129, 0.00032894112519, 0.000193492101971, 9.29156158236e-05, 3.7436511775e-05, 2.97602582577e-05, 4.27213199146e-05, 4.05423306802e-05, 4.06780127378e-05, 3.06654474116e-05, 1.19180103866e-05, 1.21859457067e-05, 1.02021640487e-05, 2.09967402043e-05, 2.02434766834e-05], "mean": [0.00720562273636, 0.00448061199859, 0.00174500513822, 0.00161972467322, 0.000751546875108, 0.000472986546811, 0.000255171733443, 0.000293609802611, 0.00026780780172, 0.000130696367705, 0.00011716116569, 0.000103606653283, 9.77294912445e-05, 6.10838978901e-05, 5.94625926169e-05, 3.21138068102e-05, 4.43752032879e-05, 5.22283553437e-05, 4.00293429266e-05, 4.62205716758e-05, 3.49058718712e-05, 2.55507748079e-05, 1.66148365679e-05, 1.48511871885e-05, 1.20184804473e-05, 1.06153083834e-05, 1.23252666526e-05, 9.71918143478e-06, 5.56634222448e-06, 3.1835363643e-06, 2.41185193772e-06, 1.62659705438e-06, 1.6990579752e-06, 1.87712703337e-06, 1.41539533161e-06, 8.01811438578e-07, 6.81515189171e-07, 5.36778429705e-07, 6.24742881428e-07, 6.46569674245e-07], "median": [0.00462050270289, 0.00329344021156, 0.00146996614058, 0.00121567514725, 0.000524358940311, 0.000282875262201, 0.000129318679683, 0.000121217897686, 8.72349919518e-05, 5.80054365855e-05, 3.81745630875e-05, 4.19883872382e-05, 4.06488616136e-05, 2.41353372985e-05, 2.76807368209e-05, 1.53578075697e-05, 1.97959925572e-05, 2.96199687e-05, 2.18739223783e-05, 2.75593974948e-05, 1.88415724551e-05, 1.48834133142e-05, 9.38925222727e-06, 8.44911483e-06, 7.07103390596e-06, 6.1580772126e-06, 5.48163006897e-06, 4.41410884378e-06, 2.67387076747e-06, 1.81705377145e-06, 1.20125355352e-06, 6.52580524729e-07, 5.13870077157e-07, 4.08575488109e-07, 2.72724690831e-07, 1.70955502199e-07, 1.2105979863e-07, 9.10582542701e-08, 7.84282363497e-08, 6.3803192063e-08], "min": [1.79050552226e-23, 1.6377905707e-23, 6.92972416723e-24, 4.083293929e-24, 9.01223254889e-24, 2.59349342745e-24, 7.2773601798e-24, 1.87553794364e-23, 1.27880987057e-23, 5.08179264763e-24, 2.44640715623e-24, 1.41769348721e-23, 1.81953039709e-23, 1.0715089787e-23, 4.46392996539e-24, 9.62209302611e-24, 9.77467923556e-24, 1.08837592926e-23, 7.61161158939e-24, 1.18548170902e-23, 1.36700428311e-23, 7.33628256739e-24, 5.62171587243e-24, 7.88590957019e-24, 1.37416871785e-23, 1.22661875419e-23, 1.02068345944e-23, 1.63242947199e-23, 9.80719213777e-24, 7.85260228505e-24, 8.79652563411e-24, 6.53215286492e-24, 9.81419012286e-24, 1.05752208042e-23, 8.28078415149e-24, 1.30352646045e-23, 1.04199469457e-23, 9.24167984292e-24, 1.14690641076e-23, 1.2562210752e-23], "var": [5.96712270635e-05, 2.35772531596e-05, 1.63001345754e-06, 3.01837758343e-06, 7.61704029628e-07, 4.43002051043e-07, 2.63819970314e-07, 3.57828923825e-07, 4.21221272973e-07, 7.85452627383e-08, 1.32973866585e-07, 1.15206447049e-07, 7.43522505786e-08, 2.52283296476e-08, 1.70246465814e-08, 3.80437858993e-09, 1.0412607665e-08, 8.42082403807e-09, 8.16628986655e-09, 3.90689525176e-09, 5.41346523164e-09, 1.46480239049e-09, 4.56778032065e-10, 3.63173519036e-10, 1.75564701665e-10, 1.58003915507e-10, 3.62427227119e-10, 2.26810459303e-10, 6.41319219952e-11, 1.40050445199e-11, 9.80544204859e-12, 5.45106971714e-12, 7.77939518359e-12, 1.10777888598e-11, 6.70410818873e-12, 1.65346577576e-12, 1.48841236645e-12, 9.65809897335e-13, 2.33980564958e-12, 2.543492977e-12]}, "mfcc": {"mean": [-627.77734375, 151.724441528, -7.95885753632, 46.3494529724, 11.3239374161, 12.9648714066, 2.70608401299, 5.59655427933, 3.11527919769, 5.61158847809, -3.17834496498, -0.575401425362, 3.58530473709], "cov": [[2875.58642578, -829.209533691, 288.856933594, -191.626235962, -43.821346283, 19.4544391632, 26.3551445007, -14.2778425217, 19.82554245, 43.883228302, 8.32596683502, -49.9569740295, -25.566526413], [-829.209533691, 1512.17053223, -944.472717285, 513.319030762, -137.660354614, -1.68400979042, 0.402226060629, -43.0023231506, -30.5346660614, 59.7242088318, -65.1961975098, 64.8955993652, 23.3531532288], [288.856933594, -944.472717285, 1038.08813477, -463.990905762, 182.880630493, -4.2557592392, -17.1744556427, 66.2776870728, 16.5181026459, -72.4165802002, 76.5631942749, -50.9453430176, -15.3058185577], [-191.626235962, 513.319030762, -463.990905762, 400.10269165, -52.4781227112, 9.71662139893, 0.802345275879, -31.2432250977, 3.22918558121, 40.4621391296, -57.2903289795, 23.445394516, 14.6785230637], [-43.821346283, -137.660354614, 182.880630493, -52.4781227112, 147.271591187, 19.9212226868, 6.94208955765, 11.5628395081, 4.57492399216, -13.5775308609, 13.1706218719, -14.9399299622, -2.08685851097], [19.4544391632, -1.68400979042, -4.2557592392, 9.71662139893, 19.9212226868, 87.7510604858, 19.8694705963, 19.7183437347, 4.8723988533, 5.81943702698, 2.95568752289, 0.871747076511, -4.02549600601], [26.3551445007, 0.402226060629, -17.1744556427, 0.802345275879, 6.94208955765, 19.8694705963, 85.9004669189, 17.8990116119, 7.82708883286, -0.535446882248, -7.90807819366, -7.47488069534, 4.51713323593], [-14.2778425217, -43.0023231506, 66.2776870728, -31.2432250977, 11.5628395081, 19.7183437347, 17.8990116119, 80.4412536621, 24.5288467407, -1.21636044979, 3.58131718636, -4.21679401398, -5.70280742645], [19.82554245, -30.5346660614, 16.5181026459, 3.22918558121, 4.57492399216, 4.8723988533, 7.82708883286, 24.5288467407, 70.7042617798, 27.7002620697, 5.90136432648, -3.76800966263, 5.34803915024], [43.883228302, 59.7242088318, -72.4165802002, 40.4621391296, -13.5775308609, 5.81943702698, -0.535446882248, -1.21636044979, 27.7002620697, 80.5383529663, 18.4674682617, 10.7713508606, -2.0124399662], [8.32596683502, -65.1961975098, 76.5631942749, -57.2903289795, 13.1706218719, 2.95568752289, -7.90807819366, 3.58131718636, 5.90136432648, 18.4674682617, 69.8315124512, 15.2011022568, -0.316734790802], [-49.9569740295, 64.8955993652, -50.9453430176, 23.445394516, -14.9399299622, 0.871747076511, -7.47488069534, -4.21679401398, -3.76800966263, 10.7713508606, 15.2011022568, 59.6351051331, 19.0860023499], [-25.566526413, 23.3531532288, -15.3058185577, 14.6785230637, -2.08685851097, -4.02549600601, 4.51713323593, -5.70280742645, 5.34803915024, -2.0124399662, -0.316734790802, 19.0860023499, 57.7084503174]], "icov": [[0.000462705269456, 0.000375737814466, 8.01323403721e-05, -4.81746210426e-05, 0.000344433967257, -0.000153778411914, -0.000141027514474, 0.000172485903022, 0.000141515542055, -0.000473763881018, 0.000155552203069, 0.000196888999199, 2.23600654863e-05], [0.000375737814466, 0.00203684065491, 0.00137742282823, -0.000911743787583, -4.46818667115e-05, 0.000230616191402, 0.000135498863528, -0.000674078182783, 0.000821779249236, -0.000240216540988, -0.000318405742291, -0.000188207719475, -0.000147341634147], [8.01323403721e-05, 0.00137742282823, 0.00378815690055, 0.00191583088599, -0.00245295115747, 0.000580140913371, 0.00109820766374, -0.00155270344112, -0.000132371496875, 0.00110049766954, -0.00109272100963, 0.000678440032061, -0.000471863517305], [-4.81746210426e-05, -0.000911743787583, 0.00191583088599, 0.00640242593363, -0.00141057255678, -0.000627387082204, 0.000826192845125, 0.000674438721035, -0.00106543500442, -0.00127472321037, 0.00320989498869, -0.000584759865887, -0.00060024659615], [0.000344433967257, -4.46818667115e-05, -0.00245295115747, -0.00141057255678, 0.00992560759187, -0.00230158073828, -0.000986787490547, 0.00101001164876, -0.000123150428408, 0.000230789213674, -0.00086914061103, 0.00150998390745, -0.000230398713029], [-0.000153778411914, 0.000230616191402, 0.000580140913371, -0.000627387082204, -0.00230158073828, 0.0134005649015, -0.00236039259471, -0.00325238564983, 0.000836721912492, -0.000616562378127, -0.000859634485096, -0.000891041359864, 0.00105782260653], [-0.000141027514474, 0.000135498863528, 0.00109820766374, 0.000826192845125, -0.000986787490547, -0.00236039259471, 0.0135350553319, -0.00281259696931, -0.000372887589037, 0.000148540944792, 0.00112814223394, 0.00199495907873, -0.0021877894178], [0.000172485903022, -0.000674078182783, -0.00155270344112, 0.000674438721035, 0.00101001164876, -0.00325238564983, -0.00281259696931, 0.0169608108699, -0.00635308586061, 0.00155222404283, 0.000776143919211, -0.00125705974642, 0.00253462605178], [0.000141515542055, 0.000821779249236, -0.000132371496875, -0.00106543500442, -0.000123150428408, 0.000836721912492, -0.000372887589037, -0.00635308586061, 0.020257409662, -0.00789938587695, 2.88915543933e-05, 0.00286814523861, -0.00367990601808], [-0.000473763881018, -0.000240216540988, 0.00110049766954, -0.00127472321037, 0.000230789213674, -0.000616562378127, 0.000148540944792, 0.00155222404283, -0.00789938587695, 0.0190766602755, -0.00652265036479, -0.00157942797523, 0.00249441759661], [0.000155552203069, -0.000318405742291, -0.00109272100963, 0.00320989498869, -0.00086914061103, -0.000859634485096, 0.00112814223394, 0.000776143919211, 2.88915543933e-05, -0.00652265036479, 0.0212129503489, -0.00625698640943, 0.00094415951753], [0.000196888999199, -0.000188207719475, 0.000678440032061, -0.000584759865887, 0.00150998390745, -0.000891041359864, 0.00199495907873, -0.00125705974642, 0.00286814523861, -0.00157942797523, -0.00625698640943, 0.0230499431491, -0.0077744256705], [2.23600654863e-05, -0.000147341634147, -0.000471863517305, -0.00060024659615, -0.000230398713029, 0.00105782260653, -0.0021877894178, 0.00253462605178, -0.00367990601808, 0.00249441759661, 0.00094415951753, -0.0077744256705, 0.0209171697497]]}, "spectral_contrast_coeffs": {"dmean": [0.0457009449601, 0.0467370226979, 0.0406301692128, 0.0356824174523, 0.0280719753355, 0.0393943749368], "dmean2": [0.0754789635539, 0.0776019319892, 0.0650383010507, 0.0563321150839, 0.0432256087661, 0.0558989346027], "dvar": [0.00156391749624, 0.00139197066892, 0.00111356109846, 0.000818784465082, 0.000534527178388, 0.00167057395447], "dvar2": [0.00411247229204, 0.00381452078, 0.00264555029571, 0.00191521516535, 0.00117460708134, 0.00301041826606], "max": [-0.425165176392, -0.45507133007, -0.500133872032, -0.559122204781, -0.579696893692, -0.393171131611], "mean": [-0.669833421707, -0.723458230495, -0.758881866932, -0.758770227432, -0.767582416534, -0.691263377666], "median": [-0.676878750324, -0.726138591766, -0.764959692955, -0.761822342873, -0.769854426384, -0.71807205677], "min": [-0.962192475796, -0.954701304436, -0.948649942875, -0.955871224403, -0.952422559261, -0.960962355137], "var": [0.0045577287674, 0.00391903566197, 0.00357432616875, 0.0026047329884, 0.00187809974886, 0.00781244365498]}, "spectral_contrast_valleys": {"dmean": [0.309276431799, 0.377778708935, 0.368081361055, 0.346935719252, 0.334162831306, 0.748925387859], "dmean2": [0.498450666666, 0.612503051758, 0.578446805477, 0.524019837379, 0.463362336159, 0.900040388107], "dvar": [0.123181223869, 0.149479106069, 0.143374815583, 0.140697345138, 0.146344661713, 0.575094044209], "dvar2": [0.221986666322, 0.316763997078, 0.272902220488, 0.240402430296, 0.228283658624, 0.916088879108], "max": [-4.86801719666, -4.427487