{"lowlevel": {"average_loudness": 0.607002615929, "barkbands_crest": {"dmean": 1.12979710102, "dmean2": 1.79569292068, "dvar": 1.53400206566, "dvar2": 4.15342569351, "max": 26.6723918915, "mean": 10.562787056, "median": 9.97903442383, "min": 4.31987905502, "var": 11.0968513489}, "barkbands_flatness_db": {"dmean": 0.0129418820143, "dmean2": 0.0204314421862, "dvar": 0.000261914596194, "dvar2": 0.000653301423881, "max": 0.534590125084, "mean": 0.430347889662, "median": 0.438366323709, "min": 0.0535896345973, "var": 0.00172431522515}, "barkbands_kurtosis": {"dmean": 3.86759519577, "dmean2": 6.36994457245, "dvar": 1655.80505371, "dvar2": 5149.46582031, "max": 1433.54907227, "mean": 5.34243440628, "median": 1.04087209702, "min": -1.78736436367, "var": 1823.30651855}, "barkbands_skewness": {"dmean": 0.31236025691, "dmean2": 0.503607094288, "dvar": 0.837101817131, "dvar2": 2.40312457085, "max": 32.8324394226, "mean": 0.620872139931, "median": 0.443436235189, "min": -2.03454399109, "var": 2.7191324234}, "barkbands_spread": {"dmean": 0.507607042789, "dmean2": 0.79580694437, "dvar": 4.86772012711, "dvar2": 11.7891426086, "max": 116.836036682, "mean": 3.32089042664, "median": 2.76133942604, "min": 0.214635372162, "var": 9.17578601837}, "dissonance": {"dmean": 0.0407693386078, "dmean2": 0.0679084584117, "dvar": 0.00163882714696, "dvar2": 0.00385934626684, "max": 0.49998024106, "mean": 0.335794180632, "median": 0.340356051922, "min": 0.101010508835, "var": 0.00522408774123}, "dynamic_complexity": 4.70207166672, "erbbands_crest": {"dmean": 1.25360703468, "dmean2": 1.83932316303, "dvar": 2.03823924065, "dvar2": 4.70200252533, "max": 28.4951438904, "mean": 12.4732713699, "median": 12.0379533768, "min": 2.16057920456, "var": 12.0068950653}, "erbbands_flatness_db": {"dmean": 0.00928574707359, "dmean2": 0.0141509957612, "dvar": 0.000101163423096, "dvar2": 0.000205113683478, "max": 0.502619862556, "mean": 0.40723747015, "median": 0.42037332058, "min": 0.0210944283754, "var": 0.00362809025683}, "erbbands_kurtosis": {"dmean": 0.623171329498, "dmean2": 0.931478917599, "dvar": 0.85225880146, "dvar2": 1.98060691357, "max": 24.8371486664, "mean": 2.03871774673, "median": 1.50381708145, "min": -1.6586124897, "var": 6.05323505402}, "erbbands_skewness": {"dmean": 0.160224989057, "dmean2": 0.23945979774, "dvar": 0.0384752564132, "dvar2": 0.0845472216606, "max": 4.29934549332, "mean": 0.552162289619, "median": 0.60316234827, "min": -3.11697769165, "var": 0.416430830956}, "erbbands_spread": {"dmean": 0.886441648006, "dmean2": 1.25111484528, "dvar": 5.95159816742, "dvar2": 10.967924118, "max": 147.978530884, "mean": 7.13914775848, "median": 5.52647972107, "min": 2.01629495621, "var": 86.7300949097}, "hfc": {"dmean": 1.08905661106, "dmean2": 1.49482703209, "dvar": 4.94156980515, "dvar2": 10.0292444229, "max": 62.7929382324, "mean": 8.03339099884, "median": 6.6785697937, "min": 1.2110796347e-16, "var": 43.6579818726}, "melbands_crest": {"dmean": 1.54248201847, "dmean2": 2.47216057777, "dvar": 3.0662984848, "dvar2": 7.72786521912, "max": 39.8313941956, "mean": 14.5899305344, "median": 13.7472419739, "min": 1.96953475475, "var": 20.5234546661}, "melbands_flatness_db": {"dmean": 0.0143375378102, "dmean2": 0.0223238393664, "dvar": 0.000291024771286, "dvar2": 0.000644178013317, "max": 0.676435112953, "mean": 0.577104508877, "median": 0.586325764656, "min": 0.0036647466477, "var": 0.00264624226838}, "melbands_kurtosis": {"dmean": 5.38347053528, "dmean2": 7.7566576004, "dvar": 4880.54345703, "dvar2": 10737.734375, "max": 3133.22558594, "mean": 7.72260379791, "median": 1.58660316467, "min": -1.74920380116, "var": 7347.03076172}, "melbands_skewness": {"dmean": 0.254889219999, "dmean2": 0.378570586443, "dvar": 1.02791559696, "dvar2": 2.08550524712, "max": 52.8352546692, "mean": 1.11445868015, "median": 0.955339312553, "min": -0.712515056133, "var": 3.89573836327}, "melbands_spread": {"dmean": 0.530880630016, "dmean2": 0.780933916569, "dvar": 6.39084625244, "dvar2": 7.30755519867, "max": 141.371231079, "mean": 4.26201105118, "median": 3.54739260674, "min": 0.188105419278, "var": 30.5289211273}, "pitch_salience": {"dmean": 0.0378471687436, "dmean2": 0.0598904266953, "dvar": 0.00154093746096, "dvar2": 0.00401388574392, "max": 0.871487557888, "mean": 0.620211184025, "median": 0.629955470562, "min": 0.0210912097245, "var": 0.0102037983015}, "silence_rate_20dB": {"dmean": 0, "dmean2": 0, "dvar": 0, "dvar2": 0, "max": 1, "mean": 1, "median": 1, "min": 1, "var": 0}, "silence_rate_30dB": {"dmean": 0.00585106387734, "dmean2": 0.0117052411661, "dvar": 0.00581687921658, "dvar2": 0.0142286689952, "max": 1, "mean": 0.984312653542, "median": 1, "min": 0, "var": 0.0154420798644}, "silence_rate_60dB": {"dmean": 0.00585106387734, "dmean2": 0.0117052411661, "dvar": 0.00581692019477, "dvar2": 0.0131646906957, "max": 1, "mean": 0.0906673744321, "median": 0, "min": 0, "var": 0.0824456810951}, "spectral_centroid": {"dmean": 18.3162002563, "dmean2": 26.353723526, "dvar": 19112.1015625, "dvar2": 22984.1679688, "max": 11223.5996094, "mean": 334.740234375, "median": 315.546112061, "min": 177.594985962, "var": 70762.4296875}, "spectral_complexity": {"dmean": 0.859574496746, "dmean2": 1.45304596424, "dvar": 0.888256311417, "dvar2": 2.07858586311, "max": 17, "mean": 7.74421691895, "median": 8, "min": 0, "var": 8.20473384857}, "spectral_decrease": {"dmean": 1.0851102239e-09, "dmean2": 1.56648172212e-09, "dvar": 2.64378835173e-18, "dvar2": 5.20372126886e-18, "max": 9.60194481056e-18, "mean": -8.42313330196e-09, "median": -7.23571691452e-09, "min": -6.33908427972e-08, "var": 4.57898699009e-17}, "spectral_energy": {"dmean": 0.00418606307358, "dmean2": 0.00603825645521, "dvar": 3.965419819e-05, "dvar2": 7.78640824137e-05, "max": 0.244947016239, "mean": 0.0325195342302, "median": 0.0279556047171, "min": 1.08395766953e-20, "var": 0.000681392324623}, "spectral_energyband_high": {"dmean": 8.2911753907e-08, "dmean2": 1.25861575384e-07, "dvar": 6.79202191451e-13, "dvar2": 1.44796978227e-12, "max": 3.6426805309e-05, "mean": 2.55476948041e-07, "median": 3.83645719637e-08, "min": 8.19562796099e-21, "var": 2.0006450923e-12}, "spectral_energyband_low": {"dmean": 0.00206252816133, "dmean2": 0.00325650162995, "dvar": 1.0186489817e-05, "dvar2": 2.51860801654e-05, "max": 0.055749129504, "mean": 0.0102771250531, "median": 0.00613645836711, "min": 1.08107139282e-22, "var": 0.00012440176215}, "spectral_energyband_middle_high": {"dmean": 0.00020159734413, "dmean2": 0.000298885861412, "dvar": 1.76629282578e-06, "dvar2": 4.47937554782e-06, "max": 0.0433395318687, "mean": 0.000496792723425, "median": 0.000122747587739, "min": 1.3564740187e-21, "var": 2.77043250207e-06}, "spectral_energyband_middle_low": {"dmean": 0.00340561685152, "dmean2": 0.00489752320573, "dvar": 2.63986803475e-05, "dvar2": 4.92150757054e-05, "max": 0.210892871022, "mean": 0.0232323277742, "median": 0.0189494378865, "min": 3.36024024225e-22, "var": 0.000372119306121}, "spectral_entropy": {"dmean": 0.0709585621953, "dmean2": 0.108291961253, "dvar": 0.0082900095731, "dvar2": 0.0184666309506, "max": 9.78453350067, "mean": 5.14781045914, "median": 5.06944561005, "min": 4.54408311844, "var": 0.183059021831}, "spectral_flux": {"dmean": 0.0108328610659, "dmean2": 0.017118671909, "dvar": 0.000238928594626, "dvar2": 0.00055064202752, "max": 0.211505159736, "mean": 0.0355948023498, "median": 0.0298326946795, "min": 1.04113287436e-10, "var": 0.00070152367698}, "spectral_kurtosis": {"dmean": 55.0249900818, "dmean2": 94.6838150024, "dvar": 2564.31225586, "dvar2": 7237.375, "max": 537.592590332, "mean": 238.621841431, "median": 243.234436035, "min": -1.14398610592, "var": 9641.18261719}, "spectral_rms": {"dmean": 0.000340252445312, "dmean2": 0.000482611590996, "dvar": 2.10550254565e-07, "dvar2": 3.78557103886e-07, "max": 0.0154587421566, "mean": 0.00509104784578, "median": 0.00522242859006, "min": 3.25195274355e-12, "var": 5.80765436098e-06}, "spectral_rolloff": {"dmean": 30.7074718475, "dmean2": 50.3924674988, "dvar": 147890.90625, "dvar2": 198056.21875, "max": 18970.7519531, "mean": 429.864807129, "median": 430.6640625, "min": 21.533203125, "var": 577470.0625}, "spectral_skewness": {"dmean": 1.60744929314, "dmean2": 2.79146456718, "dvar": 2.40334105492, "dvar2": 6.56383323669, "max": 18.9435272217, "mean": 12.1841554642, "median": 12.7991828918, "min": 0.014635540545, "var": 9.8295211792}, "spectral_spread": {"dmean": 268875.8125, "dmean2": 455598.34375, "dvar": 356439916544, "dvar2": 579189473280, "max": 39576560, "mean": 806276, "median": 589457.3125, "min": 166151.1875, "var": 1861596217340.0}, "spectral_strongpeak": {"dmean": 0.17833006382, "dmean2": 0.301740795374, "dvar": 0.130768075585, "dvar2": 0.293615758419, "max": 5.22769260406, "mean": 0.701561331749, "median": 0.536057889462, "min": 0, "var": 0.413611263037}, "zerocrossingrate": {"dmean": 0.00152315176092, "dmean2": 0.00201924238354, "dvar": 9.18586447369e-05, "dvar2": 0.000110664579552, "max": 0.51806640625, "mean": 0.0143930669874, "median": 0.013671875, "min": 0.00048828125, "var": 0.000410597742302}, "barkbands": {"dmean": [0.000393200811232, 0.000744977325667, 0.00107752624899, 0.00187051168177, 0.00113798724487, 0.00119733903557, 0.000571527751163, 0.000207684206543, 0.000178818212589, 8.41046348796e-05, 6.83341131662e-05, 5.53928803129e-05, 1.18953030324e-05, 5.0592379921e-06, 1.65029796335e-05, 1.95819268356e-07, 1.16917362902e-07, 5.83294976764e-08, 4.7612491727e-08, 1.67489559999e-08, 1.83991506475e-08, 1.58506807679e-08, 6.39043884476e-09, 1.85754167603e-08, 1.48323335836e-08, 1.52521089092e-08, 1.15751479512e-08], "dmean2": [0.000534044404048, 0.000994977424853, 0.00164092949126, 0.00316601386294, 0.00138735293876, 0.00176092004403, 0.000642994476948, 0.000276417471468, 0.000225339885219, 0.000115664639452, 0.000109496279038, 9.2839327408e-05, 1.73809730768e-05, 7.60749753681e-06, 1.98233938136e-05, 3.26811999685e-07, 2.04678528348e-07, 9.4074550816e-08, 7.72132011662e-08, 2.65772417407e-08, 3.05549008317e-08, 2.54696335134e-08, 9.53986223351e-09, 2.84440631049e-08, 1.98914751337e-08, 2.16758699878e-08, 1.78728196687e-08], "dvar": [7.01225815192e-07, 1.97802091861e-06, 3.089540769e-06, 8.03363127488e-06, 3.44091699844e-06, 6.98498979546e-06, 1.24670407331e-06, 1.24940427781e-07, 2.18154895038e-07, 1.19263404486e-07, 6.56369422813e-07, 4.70787227869e-07, 6.15089401634e-09, 1.00536357017e-09, 1.01359979965e-07, 1.44536197789e-13, 3.10630292105e-13, 4.3014735247e-14, 8.53397485057e-14, 3.6679787693e-15, 9.13976925691e-15, 1.29931101753e-14, 2.62426498345e-15, 2.05118040608e-14, 4.28327756293e-14, 8.79044897311e-14, 7.34804808688e-14], "dvar2": [9.06740808659e-07, 3.82654070563e-06, 7.39541610528e-06, 2.34068666032e-05, 5.35810841029e-06, 1.59031515068e-05, 1.78010930085e-06, 2.20826791519e-07, 4.16287036842e-07, 2.40012241193e-07, 1.70621433426e-06, 1.30445641844e-06, 1.42693439287e-08, 2.26160468131e-09, 1.99205032914e-07, 3.67843911797e-13, 8.92555506501e-13, 9.58645123461e-14, 2.19882502505e-13, 8.21927737731e-15, 2.51982560929e-14, 3.16988697389e-14, 4.95197992041e-15, 4.70658363357e-14, 8.64588416594e-14, 1.57001093983e-13, 1.78827723571e-13], "max": [0.0184250958264, 0.0329650565982, 0.0247683003545, 0.0654841512442, 0.062182456255, 0.0968952700496, 0.0632619187236, 0.00759051181376, 0.0107240034267, 0.0121760675684, 0.0345497466624, 0.0266557075083, 0.00274552847259, 0.00158594676759, 0.0139013165608, 7.45851366446e-06, 1.522531511e-05, 7.69421149016e-06, 8.96487290447e-06, 1.83568363354e-06, 2.87288867185e-06, 4.24681775257e-06, 3.5400487377e-06, 7.22811000742e-06, 8.91760555533e-06, 1.23033887576e-05, 1.31664910441e-05], "mean": [0.00167527596932, 0.00420632772148, 0.00291684758849, 0.0045890561305, 0.00833356007934, 0.00529399514198, 0.00376820121892, 0.000697286683135, 0.000535488943569, 0.000235451196204, 0.000119933472888, 8.21315697976e-05, 3.04454060824e-05, 1.20653239719e-05, 2.23957013077e-05, 4.18073199171e-07, 2.17005307945e-07, 1.20407634085e-07, 9.73271667704e-08, 4.24960298062e-08, 4.11484286644e-08, 3.60099079444e-08, 1.74313967705e-08, 6.47609468274e-08, 2.93354798231e-08, 3.16523838251e-08, 1.3176021163e-08], "median": [0.000118838972412, 0.00126812350936, 0.00140826206189, 0.00209258589894, 0.00613440666348, 0.0032327985391, 0.00273662665859, 0.000407713378081, 0.000234398641624, 7.57116431487e-05, 6.46832631901e-06, 1.49493835124e-05, 1.07651239887e-05, 4.09833410231e-06, 6.35114588476e-07, 2.46721185704e-07, 8.71541061542e-08, 4.05623126198e-08, 3.27655662602e-08, 1.51596779574e-08, 9.11051589725e-09, 4.53390924804e-09, 2.90029578132e-09, 2.69876054837e-09, 2.0567219039e-09, 2.38711361789e-09, 2.9424371828e-09], "min": [6.84896358542e-23, 4.46544055513e-23, 1.27013823818e-23, 1.06500805487e-23, 3.49161606456e-23, 8.35387605867e-23, 1.82205790743e-23, 1.94732539042e-23, 8.76988406584e-23, 1.12281601866e-22, 5.67809710239e-23, 5.90079506029e-23, 1.81967037257e-22, 9.01418292859e-23, 9.86517767415e-23, 2.45413037271e-22, 1.33904039464e-22, 1.25760382215e-22, 1.39642731182e-22, 3.47438551223e-22, 4.12822246056e-22, 4.01736793962e-22, 1.01405184029e-21, 6.51544985544e-22, 1.13243923818e-21, 1.83905009754e-21, 2.73246130075e-21], "var": [6.73455815559e-06, 2.72159559245e-05, 1.56439327839e-05, 4.49532890343e-05, 6.54626564938e-05, 4.39725554315e-05, 2.13420935324e-05, 7.02712952716e-07, 7.8576033502e-07, 5.61617412131e-07, 9.6194935395e-07, 3.87018133097e-07, 1.25625829739e-08, 3.36687144831e-09, 1.54509066874e-07, 3.35326032349e-13, 2.82895533171e-13, 1.12369179716e-13, 1.17977865975e-13, 1.23225353668e-14, 1.98816284887e-14, 4.82197696485e-14, 1.74947336891e-14, 2.07592745619e-13, 9.5642515175e-14, 2.37549915719e-13, 7.35903376539e-14]}, "erbbands": {"dmean": [0.022210277617, 0.176032692194, 0.885302186012, 3.84884262085, 3.9839193821, 4.12448501587, 6.79842042923, 12.4828033447, 10.2603693008, 4.51629829407, 3.06500720978, 4.88329648972, 0.976364970207, 4.42889308929, 1.91518580914, 2.22655391693, 0.672228574753, 0.301646858454, 1.00345909595, 0.140820771456, 0.0115581518039, 0.00664033042267, 0.00355417141691, 0.00215352838859, 0.00231267907657, 0.00080529745901, 0.000768450903706, 0.000729914114345, 0.000498306646477, 0.000255017279414, 0.000225320167374, 0.000453324668342, 0.00019167883147, 5.5471129599e-05, 0.000204625132028, 3.8977850636e-05, 2.01309048862e-05, 1.56673741003e-05, 3.61881961908e-06, 4.72968804388e-06], "dmean2": [0.0280451662838, 0.245137676597, 1.39586007595, 6.51005029678, 5.44457817078, 5.23446178436, 8.95067596436, 19.0849647522, 12.1017742157, 5.49601984024, 4.3323097229, 5.98510503769, 1.40655481815, 6.35991239548, 3.01364541054, 3.68295645714, 0.990802288055, 0.445180892944, 1.24098658562, 0.168621867895, 0.0176211576909, 0.0114929210395, 0.00562660815194, 0.00351346516982, 0.00373034318909, 0.00128478580154, 0.00128494983073, 0.00120626098942, 0.000791017897427, 0.000434818764916, 0.000329229224008, 0.000695875496604, 0.00029597687535, 8.5842286353e-05, 0.000270116084721, 5.69503390579e-05, 2.90733642032e-05, 2.1392988856e-05, 5.22093750988e-06, 6.85366103426e-06], "dvar": [0.00350955245085, 0.0923367440701, 2.22227501869, 33.4580726624, 35.3297805786, 51.1764640808, 142.314743042, 1039.45043945, 360.682800293, 61.1374664307, 31.6696453094, 159.760925293, 9.13916492462, 1318.9005127, 307.417694092, 970.628967285, 15.2135810852, 2.68230557442, 361.64352417, 6.55774879456, 0.00666009495035, 0.00139583344571, 0.000180863877176, 6.49504290777e-05, 0.000322203646647, 8.79458730196e-06, 1.36341823236e-05, 2.59452717728e-05, 1.51570866365e-05, 3.18259139931e-06, 5.24124743606e-06, 1.4305638615e-05, 2.14199553739e-06, 2.39060454987e-07, 9.44026760408e-06, 7.53352594529e-07, 1.8613809516e-07, 1.07806037875e-07, 2.08630268617e-09, 6.17804141179e-11], "dvar2": [0.00590214924887, 0.210720926523, 5.9341506958, 95.5038223267, 64.1307754517, 92.1486663818, 212.806488037, 2395.64941406, 556.142211914, 93.5086975098, 65.4512405396, 288.970947266, 19.9236392975, 3309.91455078, 779.879882812, 2675.83740234, 35.4811286926, 5.57670593262, 719.852416992, 12.3641881943, 0.0131670925766, 0.00392103707418, 0.000374588591512, 0.000176291840035, 0.000826084578875, 2.18582081288e-05, 4.05695864174e-05, 7.00171367498e-05, 3.53608484147e-05, 1.01291816463e-05, 9.33523642743e-06, 3.37017445418e-05, 5.09889378009e-06, 4.6981028845e-07, 1.91211747733e-05, 1.47316427501e-06, 3.64158097454e-07, 1.83295256306e-07, 4.9537485225e-09, 1.32104133188e-10], "max": [1.91778349876, 5.1972784996, 22.2823696136, 107.223197937, 235.709701538, 235.111373901, 237.064086914, 1131.00183105, 975.43762207, 294.700073242, 214.962310791, 303.566497803, 68.3497238159, 1499.64453125, 610.581604004, 1202.84851074, 111.27784729, 81.8396682739, 836.577758789, 110.908737183, 3.69142055511, 1.1424986124, 0.51278835535, 0.246560871601, 0.574520170689, 0.0739611834288, 0.186917051673, 0.150379538536, 0.132867097855, 0.0912469476461, 0.163485497236, 0.19288828969, 0.062801271677, 0.0190697219223, 0.129029363394, 0.0474333465099, 0.0229758098722, 0.0169166736305, 0.00233495631255, 0.000269229436526], "mean": [0.195616796613, 0.662541568279, 2.75925540924, 10.0997686386, 20.7014503479, 30.4887561798, 27.4409484863, 54.0839385986, 68.3121414185, 24.9079113007, 11.8032779694, 15.1762208939, 3.53131198883, 10.9678554535, 4.02246904373, 3.43579053879, 1.71490097046, 0.851337552071, 1.40906691551, 0.211620599031, 0.0245569422841, 0.012827148661, 0.00810501817614, 0.00473479228094, 0.00445048185065, 0.00210288772359, 0.00208876468241, 0.00161397317424, 0.00109457178041, 0.00065983942477, 0.000663780781906, 0.00170198362321, 0.000600885541644, 0.000162423137226, 0.000396012619603, 8.43206362333e-05, 4.55976332887e-05, 3.28378300765e-05, 1.71998090082e-05, 3.58732504537e-05], "median": [0.0172542389482, 0.35084849596, 1.5712685585, 4.95606517792, 13.1422700882, 22.4510669708, 19.3424949646, 23.6240310669, 48.4443283081, 17.9138832092, 7.38182067871, 6.79663705826, 1.5540137291, 2.47175598145, 0.783019244671, 0.541440248489, 0.58318144083, 0.301643133163, 0.0746413916349, 0.0193842425942, 0.0120199453086, 0.00555033935234, 0.00273680919781, 0.00178105337545, 0.00141079293098, 0.000764007272664, 0.00051350746071, 0.000307929090923, 0.00016949379642, 0.000137005583383, 9.81823613984e-05, 7.27402584744e-05, 6.08716909483e-05, 4.08040359616e-05, 3.08860689984e-05, 2.24136547331e-05, 1.28209148897e-05, 2.70246960099e-06, 1.31917877297e-05, 3.07197587972e-05], "min": [2.73646937048e-21, 5.31654021288e-21, 1.73574836568e-20, 2.52747201052e-20, 1.22838582786e-19, 9.08393011223e-20, 3.14503891662e-19, 8.01621403709e-19, 3.53960510279e-19, 1.75407384129e-19, 7.88791935806e-19, 2.07637181643e-18, 4.42062524705e-18, 1.26892090905e-18, 4.02504142194e-18, 1.80555846735e-18, 6.38881755579e-18, 6.56674079683e-18, 5.18494716408e-18, 9.42646340669e-18, 1.23725862723e-17, 6.60905273952e-18, 7.42500561603e-18, 5.75046945578e-18, 9.72197368052e-18, 1.58456885354e-17, 1.4960133787e-17, 1.77369708315e-17, 1.38656042646e-17, 2.5590236802e-17, 2.54150862704e-17, 1.54807033619e-17, 1.13054107855e-17, 1.3589000858e-17, 7.59774078026e-18, 6.70078127919e-18, 3.53539020398e-18, 1.60936249639e-18, 3.99605318756e-19, 3.50502307245e-20], "var": [0.0885167643428, 0.630688130856, 11.7348184586, 170.789199829, 599.946166992, 977.460876465, 778.168884277, 6309.40820312, 5977.16503906, 690.06628418, 210.522872925, 612.863708496, 39.8946990967, 2389.49291992, 436.295959473, 830.267150879, 32.2778663635, 11.5784730911, 544.805419922, 10.4598846436, 0.0111732622609, 0.0012703826651, 0.000530184595846, 0.00010631459736, 0.000441251293523, 2.43116319325e-05, 6.27639965387e-05, 5.30792603968e-05, 3.78843360522e-05, 1.39141684485e-05, 3.43185129168e-05, 0.00015257371706, 1.53837499965e-05, 8.0390890389e-07, 2.01059119718e-05, 1.5153801769e-06, 3.54264244606e-07, 3.18193855264e-07, 2.42258679783e-09, 8.38246860813e-10]}, "gfcc": {"mean": [-245.523803711, 258.24710083, -32.3525657654, -44.6669692993, -47.5402030945, -18.5046825409, -24.446269989, -21.0172939301, -12.7629184723, -6.29740381241, 0.0782886147499, -13.3874721527, -4.4739408493], "cov": [[13391.2695312, 3195.15136719, -1367.49523926, -556.821166992, 533.122314453, -73.3499069214, 219.595901489, -466.946594238, 150.64414978, -261.040802002, 301.317657471, -284.020355225, 183.26763916], [3195.15136719, 1404.20849609, -240.746887207, -500.153442383, 139.497085571, -183.364196777, 22.6046409607, -205.892990112, -8.11627197266, -99.4911727905, 59.8140678406, -151.419769287, -14.5355548859], [-1367.49523926, -240.746887207, 452.200592041, 207.865142822, -63.9725151062, 33.1767845154, 24.2169780731, 144.668334961, 29.2239341736, 29.4649333954, -34.4923706055, 62.9027290344, -14.7976455688], [-556.821166992, -500.153442383, 207.865142822, 671.286010742, 104.099533081, 87.5840377808, 143.745880127, 239.556564331, 122.722618103, 54.0325393677, 14.1918087006, 90.5800476074, 42.3078842163], [533.122314453, 139.497085571, -63.9725151062, 104.099533081, 255.576690674, 14.3398761749, 59.045425415, 28.7599906921, 28.5488510132, 6.73001909256, 31.1221599579, -7.34026908875, 13.6833639145], [-73.3499069214, -183.364196777, 33.1767845154, 87.5840377808, 14.3398761749, 224.015075684, 64.2823944092, 55.9464836121, 26.5980224609, 26.979347229, 13.8798809052, 38.7135314941, 12.3375272751], [219.595901489, 22.6046409607, 24.2169780731, 143.745880127, 59.045425415, 64.2823944092, 141.011306763, 84.0467529297, 34.1845359802, 6.24458885193, 24.2245368958, 33.2248382568, 16.691614151], [-466.946594238, -205.892990112, 144.668334961, 239.556564331, 28.7599906921, 55.9464836121, 84.0467529297, 163.979370117, 58.3138084412, 22.404712677, -3.85552096367, 52.5033912659, 21.0065174103], [150.64414978, -8.11627197266, 29.2239341736, 122.722618103, 28.5488510132, 26.5980224609, 34.1845359802, 58.3138084412, 83.5668640137, 28.389585495, 13.7156209946, 12.1764879227, 20.6587524414], [-261.040802002, -99.4911727905, 29.4649333954, 54.0325393677, 6.73001909256, 26.979347229, 6.24458885193, 22.404712677, 28.389585495, 62.3838424683, 18.9986476898, 17.3009986877, 4.860247612], [301.317657471, 59.8140678406, -34.4923706055, 14.1918087006, 31.1221599579, 13.8798809052, 24.2245368958, -3.85552096367, 13.7156209946, 18.9986476898, 54.0690765381, 18.3176250458, 11.5182170868], [-284.020355225, -151.419769287, 62.9027290344, 90.5800476074, -7.34026908875, 38.7135314941, 33.2248382568, 52.5033912659, 12.1764879227, 17.3009986877, 18.3176250458, 80.0638427734, 34.4195365906], [183.26763916, -14.5355548859, -14.7976455688, 42.3078842163, 13.6833639145, 12.3375272751, 16.691614151, 21.0065174103, 20.6587524414, 4.860247612, 11.5182170868, 34.4195365906, 57.8773612976]], "icov": [[0.000562652538065, -0.0018444636371, 0.00154529185966, -0.00154360255692, 0.000641428283416, -0.00128528173082, 0.00122454715893, -7.55604996812e-05, 0.000404468912166, 0.000505649426486, -0.000237823507632, -0.000533656508196, -0.000746942474507], [-0.0018444636371, 0.00975197087973, -0.00704984879121, 0.00842875987291, -0.00399306742474, 0.00647838367149, -0.0088909054175, 0.00345339230262, -0.00660135177895, 0.00349083053879, -0.00429053884, 0.00710826320574, -0.000110691536975], [0.00154529185966, -0.00704984879121, 0.00952042266726, -0.00629257084802, 0.00353569863364, -0.00446360744536, 0.00710296165198, -0.00540195126086, 0.00402463506907, -0.002314647194, 0.00416583521292, -0.00736253149807, 0.00270526180975], [-0.00154360255692, 0.00842875987291, -0.00629257084802, 0.0109191136435, -0.00438271090388, 0.00580254895613, -0.00836467929184, -0.000302067230223, -0.00807981099933, 0.00277434522286, -0.00345325190574, 0.0048570050858, 0.000185046621482], [0.000641428283416, -0.00399306742474, 0.00353569863364, -0.00438271090388, 0.00693459156901, -0.00251782825217, 0.00264395703562, -0.00240262923762, 0.00365734100342, -0.0019754904788, -0.000365997868357, -0.000518520595506, -0.000677793635987], [-0.00128528173082, 0.00647838367149, -0.00446360744536, 0.00580254895613, -0.00251782825217, 0.00992851052433, -0.00802288670093, 0.00182608049363, -0.00464875297621, 2.80403764918e-05, -0.00159716734197, 0.00236681476235, 0.00101111107506], [0.00122454715893, -0.0088909054175, 0.00710296165198, -0.00836467929184, 0.00264395703562, -0.00802288670093, 0.0232168063521, -0.0116712991148, 0.00816941540688, -0.00164369377308, -0.000165831181221, -0.00847452133894, 0.00274053006433], [-7.55604996812e-05, 0.00345339230262, -0.00540195126086, -0.000302067230223, -0.00240262923762, 0.00182608049363, -0.0116712991148, 0.025270614773, -0.0110592572019, 0.00402243016288, 0.00337271648459, -0.00102443515789, -0.0021332395263], [0.000404468912166, -0.00660135177895, 0.00402463506907, -0.00807981099933, 0.00365734100342, -0.00464875297621, 0.00816941540688, -0.0110592572019, 0.0311327110976, -0.0137236397713, 0.00195464049466, 0.0015072748065, -0.00546460226178], [0.000505649426486, 0.00349083053879, -0.002314647194, 0.00277434522286, -0.0019754904788, 2.80403764918e-05, -0.00164369377308, 0.00402243016288, -0.0137236397713, 0.0311666578054, -0.0154196508229, 0.0042570582591, -0.00105076399632], [-0.000237823507632, -0.00429053884, 0.00416583521292, -0.00345325190574, -0.000365997868357, -0.00159716734197, -0.000165831181221, 0.00337271648459, 0.00195464049466, -0.0154196508229, 0.0388461053371, -0.0182656310499, 0.00624451506883], [-0.000533656508196, 0.00710826320574, -0.00736253149807, 0.0048570050858, -0.000518520595506, 0.00236681476235, -0.00847452133894, -0.00102443515789, 0.0015072748065, 0.0042570582591, -0.0182656310499, 0.0389255285263, -0.0199332758784], [-0.000746942474507, -0.000110691536975, 0.00270526180975, 0.000185046621482, -0.000677793635987, 0.00101111107506, 0.00274053006433, -0.0021332395263, -0.00546460226178, -0.00105076399632, 0.00624451506883, -0.0199332758784, 0.0327506139874]]}, "melbands": {"dmean": [0.000198680398171, 0.000377208663849, 0.000667434826028, 0.000258072657743, 0.000224225354032, 0.000253024481935, 0.000148184626596, 4.9638812925e-05, 2.60805736616e-05, 2.71779917966e-05, 4.42156624558e-06, 1.83173797268e-05, 6.54454834148e-06, 7.37694517738e-06, 2.51059100265e-06, 1.05011520191e-06, 5.66197513763e-07, 1.45021431308e-06, 7.28182840248e-07, 1.79752195351e-08, 8.43206127144e-09, 8.16032219575e-09, 4.41567804543e-09, 2.38647879236e-09, 1.8856345374e-09, 1.77036207916e-09, 1.16464904387e-09, 4.78694250905e-10, 5.78624315128e-10, 3.56213031294e-10, 5.50899326157e-10, 3.86685322651e-10, 1.49591075638e-10, 1.30413735366e-10, 1.58884697066e-10, 7.42019085065e-11, 4.32283125962e-10, 1.54499552041e-10, 6.860765428e-11, 2.39276411185e-11], "dmean2": [0.000259364955127, 0.000577650847845, 0.00109977240209, 0.000316670892062, 0.000293212156976, 0.000383363250876, 0.000175349370693, 6.21791696176e-05, 3.67578286387e-05, 3.3781874663e-05, 6.39563268123e-06, 2.6017674827e-05, 1.05712861114e-05, 1.21216417028e-05, 4.03730473408e-06, 1.49275592776e-06, 8.29279770187e-07, 1.84815348803e-06, 8.38935193315e-07, 3.03637968102e-08, 1.42043141693e-08, 1.45113689953e-08, 6.95676005691e-09, 3.85942700021e-09, 3.07886005579e-09, 2.94869151318e-09, 1.87852577938e-09, 7.6412504102e-10, 9.47018241604e-10, 5.85518522556e-10, 9.14556153031e-10, 6.1098170967e-10, 2.49105347461e-10, 2.20791995797e-10, 2.32254937504e-10, 1.12298330357e-10, 6.51249942862e-10, 2.25527860276e-10, 1.16358894742e-10, 3.7287430088e-11], "dvar": [1.94059808223e-07, 3.97508102878e-07, 9.85489691629e-07, 1.86612936659e-07, 1.36747047463e-07, 3.95338787484e-07, 7.76954749426e-08, 7.16745285345e-09, 2.89749846338e-09, 4.91407226022e-09, 1.78544970475e-10, 1.91590352472e-08, 4.5253791825e-09, 7.78675790514e-09, 8.28881241421e-10, 8.75888528373e-11, 8.71622479054e-12, 7.60523144461e-10, 1.9155298181e-10, 1.52465644632e-15, 3.72205785251e-16, 1.96164254376e-15, 2.56546030342e-16, 5.5456292613e-17, 4.73799625011e-17, 1.66757838015e-16, 4.70591752421e-17, 3.61583765445e-18, 7.89123190622e-18, 3.7919853523e-18, 2.08995867158e-17, 1.21426904462e-17, 9.60782895985e-19, 6.42970488667e-19, 3.2193081551e-18, 9.46176295159e-20, 1.49693221092e-17, 1.42340143794e-18, 9.23415322005e-19, 5.16705962891e-21], "dvar2": [3.35206891577e-07, 1.02239425814e-06, 2.71669091489e-06, 2.84523338223e-07, 2.17277204229e-07, 9.18930595617e-07, 1.20027038975e-07, 1.13445288719e-08, 5.96015592436e-09, 8.96332608136e-09, 3.7626735061e-10, 4.75833381586e-08, 1.18167342578e-08, 2.15887414612e-08, 2.24118013037e-09, 2.09023201525e-10, 1.62061631476e-11, 1.53860435503e-09, 3.61351171208e-10, 4.11915891546e-15, 1.01384422775e-15, 5.70117590358e-15, 5.86060613898e-16, 1.15373312189e-16, 1.28165931678e-16, 4.36512367788e-16, 1.17819172764e-16, 8.537687617e-18, 2.18444585859e-17, 9.65598203844e-18, 5.6503569443e-17, 2.76692824798e-17, 3.09166467401e-18, 2.00623103639e-18, 6.1025679825e-18, 1.66068773508e-19, 3.48456086523e-17, 2.91432562928e-18, 2.13113055259e-18, 1.20496595365e-20], "max": [0.0127102378756, 0.00915423873812, 0.0251866690814, 0.0174593217671, 0.0071525122039, 0.0227347873151, 0.0147934714332, 0.00235170591623, 0.00168860412668, 0.00177526322659, 0.000360138015822, 0.00563119025901, 0.00254276557826, 0.0034288354218, 0.00104123039637, 0.0003672868188, 0.000188159348909, 0.00121953035705, 0.000594330136664, 1.08233803076e-06, 4.50883703706e-07, 1.23743279801e-06, 4.40543658442e-07, 2.54871309835e-07, 1.99790306965e-07, 4.14477256072e-07, 2.14310560409e-07, 5.88783706235e-08, 1.26806284584e-07, 6.66678445782e-08, 1.37863708005e-07, 1.1770607955e-07, 4.36550955385e-08, 4.08854461398e-08, 1.26441292991e-07, 1.54410706443e-08, 1.98914392513e-07, 6.42226751779e-08, 5.60173347708e-08, 2.53233944925e-09], "mean": [0.00144555734005, 0.0012599369511, 0.00201218039729, 0.00205360981636, 0.00101224228274, 0.00111849943642, 0.000997129362077, 0.000232187390793, 9.68780659605e-05, 8.26081814012e-05, 1.46117945405e-05, 4.57390015072e-05, 1.25995247799e-05, 1.19182841445e-05, 4.69098085887e-06, 2.60629963122e-06, 1.51894289502e-06, 2.00597219191e-06, 1.01651903606e-06, 3.62802232701e-08, 1.84618933474e-08, 1.36661668648e-08, 9.07356501045e-09, 5.02713648487e-09, 3.72844688457e-09, 3.2026681307e-09, 2.33431096675e-09, 1.1781381426e-09, 1.52076562454e-09, 7.13520187379e-10, 1.16038512132e-09, 7.73451469538e-10, 3.68274494233e-10, 2.89457291469e-10, 4.39990377465e-10, 1.72311775959e-10, 1.59156166024e-09, 4.51546328106e-10, 1.55053567208e-10, 5.80856231169e-11], "median": [0.00029219489079, 0.000767832330894, 0.00108154921327, 0.00146311335266, 0.000766682380345, 0.00051088409964, 0.000707915169187, 0.000157232221682, 5.55306360184e-05, 3.64140141755e-05, 5.82205984756e-06, 1.0402956832e-05, 1.74191075075e-06, 2.21323875849e-06, 1.00348995602e-06, 9.51612889821e-07, 5.42667976333e-07, 8.09944182834e-08, 3.35475931479e-08, 2.05346299964e-08, 1.02999866414e-08, 5.89656901084e-09, 2.45796605292e-09, 2.02297645302e-09, 1.28926003207e-09, 1.06885889029e-09, 6.9898659083e-10, 4.20418061475e-10, 3.36104089005e-10, 2.08554076786e-10, 1.50056495007e-10, 9.11112643665e-11, 6.88585022335e-11, 5.9317627199e-11, 4.59728817515e-11, 3.65148189463e-11, 3.28047380926e-11, 3.16615206275e-11, 2.33402776273e-11, 1.78207015117e-11], "min": [2.25713000056e-23, 7.92749989484e-24, 7.01975844006e-24, 8.40789488687e-24, 8.99678665237e-24, 1.72046571793e-23, 4.63075077544e-24, 2.3567899936e-24, 7.73440883334e-24, 1.3426990053e-23, 2.14692218779e-23, 4.30389217582e-24, 1.06575116184e-23, 7.64313604889e-24, 7.38807444126e-24, 1.82908508037e-23, 1.08392454494e-23, 8.00552533811e-24, 8.63116145571e-24, 1.60489743754e-23, 1.45936790443e-23, 6.8558000118e-24, 8.2238836144e-24, 4.74385765204e-24, 4.59062852094e-24, 5.35789593661e-24, 1.02518462088e-23, 1.02643819974e-23, 9.51775354962e-24, 1.01118699409e-23, 1.02380269434e-23, 7.20515337456e-24, 8.01602271018e-24, 1.83631088849e-23, 1.44552402663e-23, 1.19367197848e-23, 9.28472482708e-24, 6.73934599839e-24, 1.0356612459e-23, 1.20929765641e-23], "var": [3.84706709156e-06, 2.20101946979e-06, 7.10183303454e-06, 4.70276836495e-06, 8.75336468198e-07, 2.58738054981e-06, 1.3165351902e-06, 6.0833961868e-08, 1.63528923736e-08, 1.87339814772e-08, 9.31855037578e-10, 3.77355959813e-08, 6.42116448901e-09, 6.35501828938e-09, 8.27090174127e-10, 1.28907273744e-10, 4.61424266851e-11, 1.12622400295e-09, 3.03929686973e-10, 2.86109243088e-15, 7.68375932525e-16, 1.45458585752e-15, 6.37234585862e-16, 1.52665195007e-16, 7.71895102958e-17, 2.08052136797e-16, 7.55576616182e-17, 9.86151904986e-18, 4.33522182665e-17, 5.28090880054e-18, 4.80620655604e-17, 3.13335652076e-17, 4.5710501094e-18, 2.4297011879e-18, 2.29205279186e-17, 3.65581182964e-19, 1.57979651771e-16, 1.24394514171e-17, 3.52193032105e-18, 2.82817316582e-20]}, "mfcc": {"mean": [-875.08404541, 262.238891602, 78.6981887817, -5.74779510498, -6.78572845459, -0.104875177145, -6.4447479248, -13.0697832108, -11.1937246323, -3.71631383896, 0.856400191784, 0.509060442448, -2.65178871155], "cov": [[4111.15673828, 3234.8190918, -95.2896499634, -564.698425293, 38.0541381836, 200.036956787, 101.86075592, -31.1766242981, -84.5128097534, -35.2523078918, -13.5484981537, -8.16206169128, -30.7359085083], [3234.8190918, 2805.41503906, 150.455184937, -517.792541504, -71.3762054443, 126.104927063, 35.829624176, -92.6176300049, -131.849365234, -73.1067123413, -24.3006744385, -21.2006797791, -29.9746189117], [-95.2896499634, 150.455184937, 346.001251221, 95.606590271, -59.2524795532, -67.7774505615, -56.9953117371, -16.2234268188, -15.2515764236, -25.4222698212, -2.91446185112, 14.3349914551, 11.8012733459], [-564.698425293, -517.792541504, 95.606590271, 416.822540283, 169.798019409, -75.8307342529, 3.03215384483, 129.159744263, 123.600784302, 64.4103317261, 36.6679534912, 44.2203025818, 61.6798362732], [38.0541381836, -71.3762054443, -59.2524795532, 169.798019409, 190.780090332, 44.2799530029, 37.6313743591, 95.9905090332, 83.4610824585, 49.6185302734, 28.6709384918, 25.9404144287, 28.2653961182], [200.036956787, 126.104927063, -67.7774505615, -75.8307342529, 44.2799530029, 105.092208862, 55.6906661987, 7.79802560806, -0.574753761292, 8.18047904968, 18.5189971924, 15.5192508698, -8.7864818573], [101.86075592, 35.829624176, -56.9953117371, 3.03215384483, 37.6313743591, 55.6906661987, 92.6272125244, 69.5266494751, 27.7377376556, 15.6250095367, 20.4586257935, 22.4911689758, 14.3498468399], [-31.1766242981, -92.6176300049, -16.2234268188, 129.159744263, 95.9905090332, 7.79802560806, 69.5266494751, 146.926223755, 98.5570526123, 28.4254570007, 10.4732618332, 23.9075279236, 42.6058578491], [-84.5128097534, -131.849365234, -15.2515764236, 123.600784302, 83.4610824585, -0.574753761292, 27.7377376556, 98.5570526123, 103.098335266, 49.2509307861, 9.50694942474, 15.1165523529, 34.6563644409], [-35.2523078918, -73.1067123413, -25.4222698212, 64.4103317261, 49.6185302734, 8.18047904968, 15.6250095367, 28.4254570007, 49.2509307861, 62.191078186, 29.654050827, 5.05579662323, 7.77256298065], [-13.5484981537, -24.3006744385, -2.91446185112, 36.6679534912, 28.6709384918, 18.5189971924, 20.4586257935, 10.4732618332, 9.50694942474, 29.654050827, 47.8210945129, 29.7316265106, -1.81402218342], [-8.16206169128, -21.2006797791, 14.3349914551, 44.2203025818, 25.9404144287, 15.5192508698, 22.4911689758, 23.9075279236, 15.1165523529, 5.05579662323, 29.7316265106, 56.2044067383, 23.5987415314], [-30.7359085083, -29.9746189117, 11.8012733459, 61.6798362732, 28.2653961182, -8.7864818573, 14.3498468399, 42.6058578491, 34.6563644409, 7.77256298065, -1.81402218342, 23.5987415314, 60.4268531799]], "icov": [[0.0221210792661, -0.0311744622886, 0.0306269098073, -0.0296924877912, 0.031704697758, -0.0353092290461, 0.0397727638483, -0.0426798015833, 0.0353123322129, -0.0371877551079, 0.0364335924387, -0.0284240357578, 0.0175229534507], [-0.0311744622886, 0.0449953861535, -0.0455110892653, 0.0466710440814, -0.0504014901817, 0.0551435872912, -0.0609219893813, 0.0639998018742, -0.052762620151, 0.0541787259281, -0.0528712421656, 0.0405019372702, -0.0254636742175], [0.0306269098073, -0.0455110892653, 0.0530967712402, -0.056615870446, 0.0642059519887, -0.0682546123862, 0.0756244435906, -0.0762800872326, 0.063144415617, -0.0582735612988, 0.0551532544196, -0.0419969595969, 0.0256272610277], [-0.0296924877912, 0.0466710440814, -0.056615870446, 0.0774397775531, -0.0869980230927, 0.0955488011241, -0.0906833559275, 0.0890302807093, -0.0776835381985, 0.0661254748702, -0.0644271448255, 0.039781127125, -0.0280132479966], [0.031704697758, -0.0504014901817, 0.0642059519887, -0.0869980230927, 0.112718984485, -0.118727251887, 0.1182519719, -0.118634223938, 0.0956748127937, -0.0841380432248, 0.0708136111498, -0.0462814159691, 0.0291138831526], [-0.0353092290461, 0.0551435872912, -0.0682546123862, 0.0955488011241, -0.118727251887, 0.147958785295, -0.143490403891, 0.139841258526, -0.118016503751, 0.0986557751894, -0.0843743905425, 0.0495278760791, -0.0291594769806], [0.0397727638483, -0.0609219893813, 0.0756244435906, -0.0906833559275, 0.1182519719, -0.143490403891, 0.178756356239, -0.177606835961, 0.149415448308, -0.125203132629, 0.0938053950667, -0.0691795423627, 0.0346473120153], [-0.0426798015833, 0.0639998018742, -0.0762800872326, 0.0890302807093, -0.118634223938, 0.139841258526, -0.177606835961, 0.208417207003, -0.187316507101, 0.156909912825, -0.118714779615, 0.0833466127515, -0.0437540598214], [0.0353123322129, -0.052762620151, 0.063144415617, -0.0776835381985, 0.0956748127937, -0.118016503751, 0.149415448308, -0.187316507101, 0.204439550638, -0.170855656266, 0.132143095136, -0.0859453901649, 0.035685531795], [-0.0371877551079, 0.0541787259281, -0.0582735612988, 0.0661254748702, -0.0841380432248, 0.0986557751894, -0.125203132629, 0.156909912825, -0.170855656266, 0.185098618269, -0.151190146804, 0.101076081395, -0.0451869890094], [0.0364335924387, -0.0528712421656, 0.0551532544196, -0.0644271448255, 0.0708136111498, -0.0843743905425, 0.0938053950667, -0.118714779615, 0.132143095136, -0.151190146804, 0.171280175447, -0.110159680247, 0.0551542192698], [-0.0284240357578, 0.0405019372702, -0.0419969595969, 0.039781127125, -0.0462814159691, 0.0495278760791, -0.0691795423627, 0.0833466127515, -0.0859453901649, 0.101076081395, -0.110159680247, 0.100022338331, -0.0463367328048], [0.0175229534507, -0.0254636742175, 0.0256272610277, -0.0280132479966, 0.0291138831526, -0.0291594769806, 0.0346473120153, -0.0437540598214, 0.035685531795, -0.0451869890094, 0.0551542192698, -0.0463367328048, 0.0462813563645]]}, "spectral_contrast_coeffs": {"dmean": [0.0307798534632, 0.0257369894534, 0.0254059117287, 0.0190752651542, 0.0125641813502, 0.0244796201587], "dmean2": [0.0498874038458, 0.0412855558097, 0.0403758138418, 0.0306944549084, 0.0211276262999, 0.0419978573918], "dvar": [0.000861560169142, 0.000676718947943, 0.000528996402863, 0.00029871930019, 9.99750191113e-05, 0.00041842131759], "dvar2": [0.00219739973545, 0.00170418515336, 0.00126585818361, 0.000647672452033, 0.000279973697616, 0.00118121225387], "max": [-0.299242466688, -0.441085845232, -0.52182251215, -0.543095886707, -0.754180192947, -0.705718874931], "mean": [-0.572566568851, -0.674750864506, -0.723582804203, -0.759578585625, -0.85243588686, -0.870345413685], "median": [-0.573754787445, -0.675119996071, -0.722522675991, -0.759288728237, -0.847442150116, -0.874951720238], "min": [-0.966720819473, -0.958474814892, -0.970382452011, -0.961976706982, -0.956767678261, -0.959361433983], "var": [0.0111675569788, 0.00529031734914, 0.00450093112886, 0.00450159143656, 0.000724593410268, 0.00172008376103]}, "spectral_contrast_valleys": {"dmean": [0.279402941465, 0.209542840719, 0.243098795414, 0.210903540254, 0.168632864952, 0.476054102182], "dmean2": [0.452557146549, 0.332474887371, 0.391588002443, 0.343733817339, 0.272094041109, 0.810340881348], "dvar": [0.11886382848, 0.087045095861, 0.0944614037871, 0.0780393406749, 0.0709285512567, 0.1894733458