{"lowlevel": {"average_loudness": 0.264382481575, "barkbands_crest": {"dmean": 1.62852501869, "dmean2": 2.59508681297, "dvar": 2.9866194725, "dvar2": 7.44884157181, "max": 25.5944480896, "mean": 12.2923498154, "median": 11.3323669434, "min": 4.05350065231, "var": 18.5747623444}, "barkbands_flatness_db": {"dmean": 0.0165046621114, "dmean2": 0.0277310479432, "dvar": 0.000290058989776, "dvar2": 0.000798074761406, "max": 0.521040022373, "mean": 0.356292426586, "median": 0.357437640429, "min": 0.0660581439734, "var": 0.00228900415823}, "barkbands_kurtosis": {"dmean": 1.54066622257, "dmean2": 2.43860578537, "dvar": 5.26590251923, "dvar2": 14.1804113388, "max": 42.8497238159, "mean": 4.27601766586, "median": 2.96380615234, "min": -1.54835236073, "var": 22.59674263}, "barkbands_skewness": {"dmean": 0.303381472826, "dmean2": 0.472728490829, "dvar": 0.107258446515, "dvar2": 0.263610482216, "max": 4.77387714386, "mean": 1.0905507803, "median": 1.04908776283, "min": -4.06753110886, "var": 0.870775461197}, "barkbands_spread": {"dmean": 0.73986774683, "dmean2": 1.16395103931, "dvar": 0.880488872528, "dvar2": 2.10954189301, "max": 38.0747413635, "mean": 4.47448682785, "median": 3.93587779999, "min": 0.587099671364, "var": 7.31486129761}, "dissonance": {"dmean": 0.0391208007932, "dmean2": 0.0666131153703, "dvar": 0.00147162785288, "dvar2": 0.00403129728511, "max": 0.499999850988, "mean": 0.374383211136, "median": 0.378417521715, "min": 0.145081430674, "var": 0.00444798637182}, "dynamic_complexity": 5.6259560585, "erbbands_crest": {"dmean": 1.98453962803, "dmean2": 3.06801128387, "dvar": 4.53369617462, "dvar2": 10.9248189926, "max": 32.5618591309, "mean": 14.4826879501, "median": 13.4663562775, "min": 2.62668776512, "var": 30.1159534454}, "erbbands_flatness_db": {"dmean": 0.012340544723, "dmean2": 0.0200496781617, "dvar": 0.000167334757862, "dvar2": 0.00043575867312, "max": 0.526901841164, "mean": 0.390483617783, "median": 0.393078267574, "min": 0.0455822385848, "var": 0.00248539657332}, "erbbands_kurtosis": {"dmean": 1.04878246784, "dmean2": 1.62454259396, "dvar": 2.65913486481, "dvar2": 6.50636911392, "max": 48.3105392456, "mean": 2.01423454285, "median": 0.952998399734, "min": -1.68922162056, "var": 11.9086589813}, "erbbands_skewness": {"dmean": 0.273671925068, "dmean2": 0.417398899794, "dvar": 0.0907793417573, "dvar2": 0.227410018444, "max": 4.55631732941, "mean": 0.901224076748, "median": 0.851565957069, "min": -3.97051644325, "var": 0.607346653938}, "erbbands_spread": {"dmean": 1.39615643024, "dmean2": 2.12831568718, "dvar": 2.57994699478, "dvar2": 6.20362520218, "max": 83.6895599365, "mean": 10.0792398453, "median": 9.18454933167, "min": 0.831444382668, "var": 48.797077179}, "hfc": {"dmean": 2.73881101608, "dmean2": 3.66601896286, "dvar": 80.1798248291, "dvar2": 140.318237305, "max": 251.357543945, "mean": 9.33626937866, "median": 4.5478219986, "min": 1.13933925279e-16, "var": 285.203186035}, "melbands_crest": {"dmean": 2.07378554344, "dmean2": 3.27586460114, "dvar": 4.87165975571, "dvar2": 12.0654525757, "max": 32.2630462646, "mean": 14.9475574493, "median": 13.6821470261, "min": 1.87431669235, "var": 30.9743118286}, "melbands_flatness_db": {"dmean": 0.0170988682657, "dmean2": 0.0284831020981, "dvar": 0.000380145880627, "dvar2": 0.000997795839794, "max": 0.638177454472, "mean": 0.465201407671, "median": 0.469135016203, "min": 0.00294242054224, "var": 0.00420998129994}, "melbands_kurtosis": {"dmean": 1.66750895977, "dmean2": 2.62656259537, "dvar": 6.08430290222, "dvar2": 16.4067726135, "max": 53.2359352112, "mean": 4.85855817795, "median": 3.3843588829, "min": -1.63974964619, "var": 29.990814209}, "melbands_skewness": {"dmean": 0.294599890709, "dmean2": 0.45771676302, "dvar": 0.0970964282751, "dvar2": 0.234573125839, "max": 5.49440717697, "mean": 1.16099286079, "median": 1.10575866699, "min": -2.83419322968, "var": 0.849668562412}, "melbands_spread": {"dmean": 1.17058837414, "dmean2": 1.83091115952, "dvar": 5.45183181763, "dvar2": 11.2148199081, "max": 151.231765747, "mean": 6.86770486832, "median": 5.97054672241, "min": 0.906004905701, "var": 23.9799423218}, "pitch_salience": {"dmean": 0.0464182011783, "dmean2": 0.0743974596262, "dvar": 0.0023919926025, "dvar2": 0.00597363524139, "max": 0.900763511658, "mean": 0.547074139118, "median": 0.559958219528, "min": 0.123322702944, "var": 0.0166165251285}, "silence_rate_20dB": {"dmean": 0.000226911724894, "dmean2": 0.000453874963569, "dvar": 0.000226832707995, "dvar2": 0.000453686254332, "max": 1, "mean": 0.999773085117, "median": 1, "min": 0, "var": 0.000226806965657}, "silence_rate_30dB": {"dmean": 0.00771499890834, "dmean2": 0.0154317487031, "dvar": 0.00765569414943, "dvar2": 0.0167822111398, "max": 1, "mean": 0.986386835575, "median": 1, "min": 0, "var": 0.0134278582409}, "silence_rate_60dB": {"dmean": 0.0272294078022, "dmean2": 0.0544649958611, "dvar": 0.0264917910099, "dvar2": 0.0578483305871, "max": 1, "mean": 0.242087349296, "median": 0, "min": 0, "var": 0.183471471071}, "spectral_centroid": {"dmean": 31.7122268677, "dmean2": 47.9624404907, "dvar": 11112.90625, "dvar2": 16867.7265625, "max": 11407.25, "mean": 510.57901001, "median": 462.83996582, "min": 260.855072021, "var": 65687.5859375}, "spectral_complexity": {"dmean": 1.03017926216, "dmean2": 1.71927833557, "dvar": 1.59068107605, "dvar2": 3.43731594086, "max": 28, "mean": 8.97560977936, "median": 9, "min": 0, "var": 18.5032615662}, "spectral_decrease": {"dmean": 1.14630760439e-09, "dmean2": 1.59545210376e-09, "dvar": 7.77270685061e-18, "dvar2": 1.30740445307e-17, "max": 1.12085785415e-18, "mean": -4.48265691233e-09, "median": -2.4935429277e-09, "min": -9.78388214889e-08, "var": 4.06144555798e-17}, "spectral_energy": {"dmean": 0.00456853257492, "dmean2": 0.00634238310158, "dvar": 0.000127009450807, "dvar2": 0.000213208753848, "max": 0.391070187092, "mean": 0.0177654065192, "median": 0.00986236520112, "min": 1.05905064736e-20, "var": 0.000650595407933}, "spectral_energyband_high": {"dmean": 8.45022896101e-07, "dmean2": 1.2144394077e-06, "dvar": 1.19820167677e-10, "dvar2": 2.93879198754e-10, "max": 0.000801823218353, "mean": 1.38663710914e-06, "median": 5.01435373224e-08, "min": 7.55780466185e-21, "var": 1.15519045718e-10}, "spectral_energyband_low": {"dmean": 0.000406377686886, "dmean2": 0.000669948814902, "dvar": 8.33974809211e-07, "dvar2": 2.33907394431e-06, "max": 0.021100834012, "mean": 0.00103571685031, "median": 0.000253925478319, "min": 1.74482542713e-23, "var": 3.67764118892e-06}, "spectral_energyband_middle_high": {"dmean": 0.00112672208343, "dmean2": 0.0015445034951, "dvar": 3.03401666315e-05, "dvar2": 6.36629047222e-05, "max": 0.153499051929, "mean": 0.00267698056996, "median": 0.000731122039724, "min": 1.37138073826e-21, "var": 6.28410125501e-05}, "spectral_energyband_middle_low": {"dmean": 0.00385443703271, "dmean2": 0.00545041868463, "dvar": 7.73448191467e-05, "dvar2": 0.00014006125275, "max": 0.312596529722, "mean": 0.0147616071627, "median": 0.00826568901539, "min": 2.41085157018e-22, "var": 0.000420448370278}, "spectral_entropy": {"dmean": 0.115824192762, "dmean2": 0.186524316669, "dvar": 0.024316912517, "dvar2": 0.0600495263934, "max": 9.80914306641, "mean": 5.60727977753, "median": 5.57926797867, "min": 4.34489488602, "var": 0.198495700955}, "spectral_flux": {"dmean": 0.0135156372562, "dmean2": 0.0209864657372, "dvar": 0.000620494130999, "dvar2": 0.00135675515048, "max": 0.398489564657, "mean": 0.0327855199575, "median": 0.0229932572693, "min": 6.53912063386e-11, "var": 0.00123173685279}, "spectral_kurtosis": {"dmean": 33.5553665161, "dmean2": 58.7236099243, "dvar": 1017.70794678, "dvar2": 2827.26489258, "max": 422.968505859, "mean": 117.287467957, "median": 110.396980286, "min": -1.2184356451, "var": 4255.27880859}, "spectral_rms": {"dmean": 0.00042851883336, "dmean2": 0.000599880761001, "dvar": 5.31898479039e-07, "dvar2": 9.38724781463e-07, "max": 0.019532840699, "mean": 0.00346933002584, "median": 0.00310190580785, "min": 3.21437407941e-12, "var": 5.29585167897e-06}, "spectral_rolloff": {"dmean": 60.1328086853, "dmean2": 108.767616272, "dvar": 94460.109375, "dvar2": 193118.546875, "max": 19789.0136719, "mean": 643.944152832, "median": 538.330078125, "min": 43.06640625, "var": 286928.96875}, "spectral_skewness": {"dmean": 1.71205818653, "dmean2": 3.03573536873, "dvar": 2.24367260933, "dvar2": 6.18642520905, "max": 16.5492858887, "mean": 7.52326202393, "median": 7.46910333633, "min": -0.059095710516, "var": 8.25861549377}, "spectral_spread": {"dmean": 283389.78125, "dmean2": 501375.1875, "dvar": 285658087424, "dvar2": 420404002816, "max": 43591916, "mean": 977233.6875, "median": 840785.8125, "min": 200261.015625, "var": 1480356528130.0}, "spectral_strongpeak": {"dmean": 0.330368816853, "dmean2": 0.497663855553, "dvar": 0.503359079361, "dvar2": 1.03772830963, "max": 22.857049942, "mean": 1.2947126627, "median": 0.928306043148, "min": 0, "var": 1.81740319729}, "zerocrossingrate": {"dmean": 0.00187102460768, "dmean2": 0.00248307059519, "dvar": 5.66504058952e-05, "dvar2": 0.000112322115456, "max": 0.5146484375, "mean": 0.0240111965686, "median": 0.02197265625, "min": 0, "var": 0.000207263365155}, "barkbands": {"dmean": [7.16745944374e-06, 8.72672608239e-05, 0.000208082827157, 0.000253473059274, 0.000515149207786, 0.001130365883, 0.00128119019791, 0.00105512456503, 0.000462304771645, 0.000450594438007, 0.000308324146317, 0.000365019222954, 0.000138139992487, 0.000139704396133, 5.26354560861e-05, 1.15765669761e-05, 2.65076196229e-05, 3.41130589732e-06, 2.67140649157e-06, 1.85021531252e-06, 2.55039964259e-07, 1.00128048075e-07, 3.10960146521e-08, 8.94883633862e-09, 1.19260457065e-09, 8.17783951668e-10, 8.35549240907e-10], "dmean2": [1.29068330352e-05, 0.000137308161356, 0.000338484154781, 0.000433403125498, 0.00074743659934, 0.00183733378071, 0.00207458785735, 0.0013756636763, 0.000639488629531, 0.000568395946175, 0.000395558658056, 0.00058571860427, 0.000203909788979, 0.000186665260117, 7.1457499871e-05, 1.52021284521e-05, 3.61583515769e-05, 4.88561636303e-06, 4.10118173022e-06, 2.59456714957e-06, 3.71547770328e-07, 1.41251803143e-07, 4.525674413e-08, 1.38277798101e-08, 2.15169881912e-09, 1.5026274669e-09, 1.54432278077e-09], "dvar": [1.61830784884e-10, 8.50226413718e-08, 2.57006291804e-07, 3.74273639636e-07, 1.32984803258e-06, 8.11288282421e-06, 1.59204410011e-05, 2.23228871619e-05, 7.38823200663e-06, 1.39390240292e-05, 4.24829249823e-06, 8.77198363014e-06, 2.67411815003e-06, 7.64273806908e-07, 2.01945022127e-06, 8.8438500967e-09, 2.95385618188e-08, 4.04404676413e-10, 1.67773170356e-10, 2.25728019609e-10, 1.83019268143e-12, 8.5338870302e-13, 5.97546778768e-14, 3.00407790278e-14, 8.59773778619e-17, 4.06418071339e-18, 3.58611167837e-18], "dvar2": [4.72638261861e-10, 1.95378987655e-07, 6.36174945612e-07, 1.12248790174e-06, 2.50129414781e-06, 2.21079335461e-05, 3.81106146961e-05, 3.39481812262e-05, 1.20944923765e-05, 2.666553155e-05, 6.08859727436e-06, 2.37117128563e-05, 5.61420620215e-06, 1.36301184739e-06, 4.24819882028e-06, 1.29159767326e-08, 5.46764411524e-08, 8.01702038089e-10, 4.1141964835e-10, 5.38228794866e-10, 4.36852984342e-12, 1.78410519865e-12, 1.21258987009e-13, 6.03876893152e-14, 2.06038567428e-16, 1.20321708446e-17, 1.16961609808e-17], "max": [0.000238618275034, 0.0140910074115, 0.0149651020765, 0.011013282463, 0.0415333360434, 0.0880181416869, 0.16972361505, 0.238906428218, 0.141704291105, 0.194255620241, 0.116409689188, 0.0803140029311, 0.0889036878943, 0.0280256457627, 0.120214410126, 0.006898870226, 0.00763121200725, 0.000953830895014, 0.000402994046453, 0.000904819520656, 4.30781110481e-05, 3.71870119125e-05, 1.16905694085e-05, 1.33125431603e-05, 4.80820744997e-07, 5.93822022665e-08, 4.04000566334e-08], "mean": [6.50451511319e-06, 0.00024718628265, 0.000534461985808, 0.000477648456581, 0.00188425357919, 0.00417844718322, 0.00339358416386, 0.00284328660928, 0.00104004261084, 0.00115690240636, 0.000717258022632, 0.000578532926738, 0.00020767962269, 0.000316580699291, 9.77865129244e-05, 2.30698824453e-05, 4.75307497254e-05, 6.76386252962e-06, 4.33161631008e-06, 2.95693575936e-06, 4.25592077136e-07, 1.48912988607e-07, 4.79661999009e-08, 9.90720572247e-09, 1.51786549996e-09, 1.08747411076e-09, 1.13978582128e-09], "median": [2.45338969762e-06, 4.00803437515e-05, 0.000114445734653, 0.000103147460322, 0.000600368948653, 0.00167112494819, 0.00100552022923, 0.000438632094301, 0.000106503357529, 0.000135674548801, 9.95531154331e-05, 5.54642247153e-05, 2.30468758673e-05, 2.17439701373e-05, 1.3666207451e-05, 2.34407048083e-06, 3.27804264089e-06, 7.55745702463e-07, 3.80483299978e-07, 7.7608142135e-08, 1.82855472985e-08, 3.43606787467e-09, 1.00050423502e-09, 6.71264321905e-10, 5.87624782167e-10, 5.98885774306e-10, 6.56561971457e-10], "min": [1.63020374039e-24, 2.70592819455e-24, 4.06132464582e-25, 3.83887089954e-24, 2.68066421409e-23, 2.0246577405e-23, 2.78040715586e-23, 1.82438157611e-23, 4.58098469638e-23, 4.56875198809e-23, 1.56825532181e-23, 4.96307515562e-23, 2.80894498796e-23, 5.78651309649e-23, 9.15479517614e-23, 1.39741080048e-22, 1.02971768385e-22, 1.3628506149e-22, 1.85448564421e-22, 2.23284870412e-22, 4.39766250968e-22, 5.07012692523e-22, 3.72546340384e-22, 8.51895157708e-22, 1.03043167239e-21, 1.48763323873e-21, 2.18670566756e-21], "var": [1.37413525003e-10, 6.37429366179e-07, 1.09018992589e-06, 9.69921075011e-07, 1.05211547634e-05, 4.34938119724e-05, 5.80568703299e-05, 0.000100735916931, 2.73060250038e-05, 3.28127607645e-05, 1.45831872942e-05, 8.04094906925e-06, 3.07142545353e-06, 2.26859765462e-06, 2.531623295e-06, 2.22498766078e-08, 5.8314103768e-08, 7.02426450339e-10, 2.5930821379e-10, 2.61141802627e-10, 3.04597319589e-12, 1.12495126062e-12, 1.02587704228e-13, 3.36835763546e-14, 8.50222555696e-17, 3.72875980218e-18, 2.70228201515e-18]}, "erbbands": {"dmean": [0.001144685084, 0.0249783657491, 0.171409055591, 0.664618968964, 0.999213576317, 1.57533764839, 7.63401985168, 7.90649652481, 16.4646167755, 23.3485145569, 18.0709209442, 11.1292009354, 16.7059364319, 6.67261075974, 13.6815328598, 16.009141922, 7.60135602951, 7.5414147377, 4.22949409485, 1.20738005638, 0.849308073521, 1.10423016548, 0.23505911231, 0.141191467643, 0.155724361539, 0.0718947350979, 0.0109962010756, 0.0109162386507, 0.00434560887516, 0.00134761212394, 0.000833890459035, 0.000298512517475, 6.56473639538e-05, 2.01011262106e-05, 9.32189777814e-06, 4.62714660898e-06, 2.2431186153e-06, 6.89675118792e-07, 2.24154132411e-06, 5.20293679074e-06], "dmean2": [0.00163249520119, 0.0397367179394, 0.276463538408, 1.1283595562, 1.48171961308, 2.32403230667, 12.4582738876, 12.6993656158, 26.6360931396, 33.410785675, 24.2913417816, 14.4656143188, 20.7676429749, 9.4870557785, 17.6690254211, 25.0357780457, 11.062666893, 10.1265335083, 5.68070220947, 1.633051157, 1.15025675297, 1.47950530052, 0.328540593386, 0.207884058356, 0.231852203608, 0.103116735816, 0.01589952223, 0.0157197266817, 0.0059682354331, 0.00201239134185, 0.00118425127584, 0.000441120617324, 0.000109693683044, 3.43657484336e-05, 1.57649428729e-05, 7.40381256037e-06, 3.45824582837e-06, 1.1120707768e-06, 3.07098798658e-06, 7.1983208727e-06], "dvar": [1.36539047162e-05, 0.00659883348271, 0.163293227553, 2.59139466286, 6.97476243973, 15.6690969467, 559.625976562, 486.41229248, 2418.53710938, 9565.44824219, 5481.3359375, 4731.96289062, 20628.3984375, 1158.93896484, 11134.4472656, 15028.0810547, 5941.26708984, 2172.21313477, 6933.00878906, 206.242599487, 22.4531898499, 43.7654342651, 1.59636735916, 0.349445968866, 0.756266593933, 0.729944884777, 0.00774595001712, 0.00364585686475, 0.00124889065046, 0.000153792236233, 4.60623195977e-05, 2.60048636846e-05, 6.16694251221e-07, 3.0573918508e-08, 5.00978991624e-09, 2.55858473297e-10, 2.72755342617e-11, 2.77318966402e-12, 3.28593992294e-11, 1.70600214511e-10], "dvar2": [2.3092759875e-05, 0.0153921917081, 0.386764258146, 8.025639534, 13.1516141891, 30.3768482208, 1579.98999023, 1207.39599609, 6738.42138672, 16177.9130859, 10296.3388672, 6864.96484375, 38939.8554688, 2300.4140625, 17104.8808594, 39881.9453125, 12875.0449219, 3895.50488281, 14484.4560547, 386.719543457, 39.1230163574, 78.1135559082, 3.18223190308, 0.742971837521, 1.85466468334, 1.82790458202, 0.0173087120056, 0.00869451463223, 0.00249949912541, 0.000364843581337, 8.28974734759e-05, 5.2976400184e-05, 1.33043306505e-06, 6.97667772442e-08, 1.33343487363e-08, 5.85088033578e-10, 5.27646988602e-11, 5.97026291252e-12, 5.39500041863e-11, 2.85794721222e-10], "max": [0.287699252367, 4.01269769669, 12.4267253876, 26.4078083038, 95.4499588013, 179.326339722, 799.504943848, 862.414672852, 1454.58654785, 4761.40673828, 3549.65966797, 3974.89697266, 7527.19921875, 1505.89770508, 5972.69140625, 3360.56616211, 3840.40625, 1624.32849121, 6953.20898438, 1038.84558105, 191.050170898, 252.691513062, 67.5560150146, 21.8462371826, 28.5134296417, 63.1039619446, 5.24417114258, 1.85099256039, 1.56901013851, 0.719612717628, 0.365108311176, 0.390350937843, 0.0488764420152, 0.0100192725658, 0.0037797363475, 0.000907969893888, 0.000175065739313, 5.26587355125e-05, 0.000192688617972, 0.000446513528004], "mean": [0.00387936015613, 0.07232812047, 0.467589050531, 1.34088766575, 3.24821519852, 5.50342512131, 22.065410614, 31.3339061737, 53.1453018188, 60.3154716492, 47.40832901, 28.794210434, 43.6086349487, 18.5579051971, 27.7091464996, 26.9918174744, 12.6236143112, 16.1984977722, 8.85818099976, 2.66247105598, 1.73400902748, 2.01233363152, 0.477100908756, 0.279648274183, 0.25524276495, 0.110829301178, 0.0203244630247, 0.0178112909198, 0.00688329152763, 0.00201516598463, 0.0012550993124, 0.000375890784198, 9.00602390175e-05, 3.55607080564e-05, 2.09508543776e-05, 1.35969785333e-05, 7.53560016165e-06, 1.90648165699e-06, 8.75527803146e-06, 2.01178463612e-05], "median": [0.000605844543315, 0.0152263948694, 0.123161680996, 0.2908667624, 1.00582051277, 1.68143892288, 6.34471797943, 11.7591981888, 17.9907608032, 13.5450515747, 8.99067974091, 3.91200733185, 4.80367326736, 4.50849580765, 3.69942641258, 3.07080125809, 1.90163064003, 1.52686715126, 1.31110322475, 0.513493657112, 0.267532169819, 0.161262094975, 0.0805267617106, 0.0381486453116, 0.0162243545055, 0.00476653221995, 0.00123261520639, 0.000536968524102, 0.000176858855411, 6.88372310833e-05, 3.52308888978e-05, 2.47996667895e-05, 1.83668726095e-05, 1.45111034726e-05, 1.1065466424e-05, 7.80635855335e-06, 4.43591261501e-06, 1.0901276255e-06, 4.84533757117e-06, 1.11208210001e-05], "min": [1.44947233857e-22, 6.48749716879e-22, 2.90203110489e-21, 1.41387106359e-20, 4.15073996877e-20, 7.84274172569e-20, 1.15308111435e-19, 2.44199278161e-19, 2.89941176963e-19, 3.58684383661e-19, 4.93278973635e-19, 8.24829455059e-19, 1.65011778856e-18, 1.18791211313e-18, 6.90788507409e-19, 2.40780654427e-18, 1.88236384158e-18, 3.06637300639e-18, 5.79854519298e-18, 5.18984531408e-18, 6.34837297333e-18, 5.55677973868e-18, 6.58917765735e-18, 9.38971838952e-18, 1.02302513515e-17, 1.20484580308e-17, 1.77342824945e-17, 1.73647048143e-17, 1.55954630914e-17, 1.45489025998e-17, 1.20955924365e-17, 1.21395976179e-17, 1.49049806925e-17, 1.15724304775e-17, 6.93986170522e-18, 5.00025344973e-18, 2.86811539115e-18, 9.48664493216e-19, 3.24210313313e-19, 2.80385308646e-20], "var": [0.000275316589978, 0.0456984639168, 0.876494109631, 6.27055168152, 46.8699035645, 108.612373352, 2294.91845703, 2960.80224609, 10810.4541016, 42871.5039062, 17012.0234375, 19948.2871094, 49240.0546875, 3902.2421875, 34089.2695312, 15032.7128906, 6862.76757812, 6019.61035156, 9000.16015625, 344.397064209, 49.5571212769, 93.3413085938, 2.61943340302, 0.707160115242, 1.14302313328, 0.663853168488, 0.0100763356313, 0.00573520548642, 0.00181434245314, 0.00018162849301, 7.90399208199e-05, 2.94691726594e-05, 7.04905005477e-07, 3.46345743196e-08, 4.55890747375e-09, 5.362153499e-10, 1.11512160617e-10, 8.46881939576e-12, 1.63224753158e-10, 8.53670689693e-10]}, "gfcc": {"mean": [-233.038146973, 244.445129395, -125.569480896, -55.2167701721, -29.0388011932, -35.817565918, -27.6010322571, -17.0292301178, -12.1508340836, -8.32539081573, -0.879937648773, -10.2627162933, -5.23023986816], "cov": [[13093.6513672, 990.860107422, -3211.78540039, 769.035339355, 326.580230713, -977.591308594, 650.200561523, -375.482513428, 254.651321411, 41.0209274292, 219.643936157, -102.695343018, 69.0912017822], [990.860107422, 1052.41882324, 264.389404297, -323.406402588, 240.753540039, -65.9975204468, -149.944610596, -53.2062225342, -55.3547439575, -74.8836517334, 32.2676963806, -38.3361053467, 58.8758850098], [-3211.78540039, 264.389404297, 1354.11633301, -311.311981201, -11.7242698669, 316.783050537, -277.710083008, 50.4562454224, -91.8640365601, -48.0160293579, -43.5707206726, 10.6355276108, 10.5964412689], [769.035339355, -323.406402588, -311.311981201, 462.444671631, 2.98616504669, -60.0262298584, 166.523712158, -12.5274810791, 38.9208030701, 40.1782455444, -4.48628759384, -6.66746044159, -44.4596557617], [326.580230713, 240.753540039, -11.7242698669, 2.98616504669, 194.351409912, -45.2832679749, -50.8940467834, -2.71376514435, -24.6278495789, -11.4318466187, 21.9778060913, -10.4739789963, 17.6378192902], [-977.591308594, -65.9975204468, 316.783050537, -60.0262298584, -45.2832679749, 232.58631897, -2.45627260208, 23.4588832855, 8.42019081116, -11.5199384689, -34.8950119019, 10.5878486633, -6.88351249695], [650.200561523, -149.944610596, -277.710083008, 166.523712158, -50.8940467834, -2.45627260208, 203.091842651, 41.5351295471, 46.0844306946, 17.1812362671, -17.6152877808, 1.56972157955, -8.18183231354], [-375.482513428, -53.2062225342, 50.4562454224, -12.5274810791, -2.71376514435, 23.4588832855, 41.5351295471, 124.317138672, 38.0277137756, -13.4311609268, -7.13907003403, 7.37638187408, -4.04569387436], [254.651321411, -55.3547439575, -91.8640365601, 38.9208030701, -24.6278495789, 8.42019081116, 46.0844306946, 38.0277137756, 104.178344727, 40.8329238892, -3.61400389671, -8.39661884308, -10.5355262756], [41.0209274292, -74.8836517334, -48.0160293579, 40.1782455444, -11.4318466187, -11.5199384689, 17.1812362671, -13.4311609268, 40.8329238892, 93.736946106, 30.5324726105, -17.3416423798, -13.9163284302], [219.643936157, 32.2676963806, -43.5707206726, -4.48628759384, 21.9778060913, -34.8950119019, -17.6152877808, -7.13907003403, -3.61400389671, 30.5324726105, 91.9648895264, 23.1640129089, -9.56404972076], [-102.695343018, -38.3361053467, 10.6355276108, -6.66746044159, -10.4739789963, 10.5878486633, 1.56972157955, 7.37638187408, -8.39661884308, -17.3416423798, 23.1640129089, 85.6483764648, 47.6270256042], [69.0912017822, 58.8758850098, 10.5964412689, -44.4596557617, 17.6378192902, -6.88351249695, -8.18183231354, -4.04569387436, -10.5355262756, -13.9163284302, -9.56404972076, 47.6270256042, 104.009605408]], "icov": [[0.000753043510485, -0.00117122195661, 0.00124312227126, -0.000765907054301, 0.000349212961737, 0.000581077882089, -0.00118932710029, 0.00213831104338, -0.00214486801997, 0.00197949330322, -0.00192522117868, 0.00125534227118, -0.00102670490742], [-0.00117122195661, 0.0059361346066, -0.00438237190247, 0.0049649127759, -0.00609199376777, 0.00262999278493, -0.00385057204403, 0.00261109485291, -0.00147188454866, 0.00257569202222, -0.000303715787595, 0.00103744596709, 0.000684895552695], [0.00124312227126, -0.00438237190247, 0.00587170990184, -0.00385655462742, 0.00449108006433, -0.00410374300554, 0.00519182439893, -0.00253013707697, 0.00166883133352, -0.00135615747422, -0.000482079922222, 0.00061863445444, -0.0016550081782], [-0.000765907054301, 0.0049649127759, -0.00385655462742, 0.00828310474753, -0.00696009676903, 0.00402317335829, -0.00806886516511, 0.00527242105454, -0.00284510292113, 0.00201381463557, 0.000506491283886, -0.000970819615759, 0.00312117487192], [0.000349212961737, -0.00609199376777, 0.00449108006433, -0.00696009676903, 0.0147749250755, -0.0047806147486, 0.0105780735612, -0.00914182793349, 0.00686693517491, -0.00528782140464, 0.000665385159664, 0.000541161978617, -0.0027601425536], [0.000581077882089, 0.00262999278493, -0.00410374300554, 0.00402317335829, -0.0047806147486, 0.0124778673053, -0.0105494270101, 0.00930151343346, -0.00867021176964, 0.00696914969012, -0.00215771351941, 0.000524051429238, 0.0010473675793], [-0.00118932710029, -0.00385057204403, 0.00519182439893, -0.00806886516511, 0.0105780735612, -0.0105494270101, 0.0250296741724, -0.0187729634345, 0.01265387889, -0.0130159435794, 0.00907981861383, -0.00465294346213, 0.000244194205152], [0.00213831104338, 0.00261109485291, -0.00253013707697, 0.00527242105454, -0.00914182793349, 0.00930151343346, -0.0187729634345, 0.0287263896316, -0.0205429140478, 0.0186248216778, -0.0113069741055, 0.00594984879717, -0.00193360901903], [-0.00214486801997, -0.00147188454866, 0.00166883133352, -0.00284510292113, 0.00686693517491, -0.00867021176964, 0.01265387889, -0.0205429140478, 0.0294510349631, -0.0213762242347, 0.0126888267696, -0.00728185009211, 0.00395414838567], [0.00197949330322, 0.00257569202222, -0.00135615747422, 0.00201381463557, -0.00528782140464, 0.00696914969012, -0.0130159435794, 0.0186248216778, -0.0213762242347, 0.0329229161143, -0.019525533542, 0.014730764553, -0.00701649766415], [-0.00192522117868, -0.000303715787595, -0.000482079922222, 0.000506491283886, 0.000665385159664, -0.00215771351941, 0.00907981861383, -0.0113069741055, 0.0126888267696, -0.019525533542, 0.0277976430953, -0.0175286978483, 0.0109906969592], [0.00125534227118, 0.00103744596709, 0.00061863445444, -0.000970819615759, 0.000541161978617, 0.000524051429238, -0.00465294346213, 0.00594984879717, -0.00728185009211, 0.014730764553, -0.0175286978483, 0.0287772640586, -0.0156467091292], [-0.00102670490742, 0.000684895552695, -0.0016550081782, 0.00312117487192, -0.0027601425536, 0.0010473675793, 0.000244194205152, -0.00193360901903, 0.00395414838567, -0.00701649766415, 0.0109906969592, -0.0156467091292, 0.0195301249623]]}, "melbands": {"dmean": [1.7163964003e-05, 7.00596210663e-05, 0.000115092727356, 7.96285894467e-05, 0.000215942869545, 0.000198838344659, 0.000255684019066, 0.000255860883044, 0.000142310935189, 6.33905801806e-05, 8.18885455374e-05, 2.34438884945e-05, 3.84365775972e-05, 4.57493479189e-05, 2.94566198136e-05, 1.36934413604e-05, 1.53979453899e-05, 7.15272744856e-06, 2.84829229713e-06, 1.17983540804e-06, 1.18980426578e-06, 1.5551955812e-06, 2.86323995624e-07, 1.87178940791e-07, 1.18451147557e-07, 8.06163882316e-08, 1.24950148006e-07, 3.25455076222e-08, 6.60150289988e-09, 9.48640010989e-09, 4.7957757765e-09, 3.19015414085e-09, 8.62547699931e-10, 7.67831742632e-10, 5.87684789721e-10, 3.14821113623e-10, 1.15525353173e-10, 4.48354998961e-11, 2.94242477605e-11, 1.34132089116e-11], "dmean2": [2.6258521757e-05, 0.000112573878141, 0.00019030427211, 0.000116966293717, 0.000346661312506, 0.000321162311593, 0.000412232708186, 0.000355822616257, 0.000191371043911, 8.41628643684e-05, 0.000101801633718, 3.44436957675e-05, 4.97062210343e-05, 7.02928955434e-05, 4.43110729975e-05, 1.9495106244e-05, 2.06754011742e-05, 9.6332960311e-06, 3.86039937439e-06, 1.56026180775e-06, 1.64011032666e-06, 2.09874178836e-06, 4.0380555788e-07, 2.60858342926e-07, 1.7657525575e-07, 1.24022605519e-07, 1.79144478807e-07, 4.69377674506e-08, 9.0901863814e-09, 1.39001468114e-08, 6.9072814135e-09, 4.33251612364e-09, 1.28896993079e-09, 1.19339738092e-09, 8.53500270459e-10, 4.81049922119e-10, 1.7726461965e-10, 7.42191030856e-11, 5.0800034318e-11, 2.31034791992e-11], "dvar": [3.20020165923e-09, 2.81156076198e-08, 6.71251498829e-08, 3.58713556636e-08, 4.0490422748e-07, 2.90785806101e-07, 5.63895980576e-07, 1.23124834772e-06, 3.44308290323e-07, 1.50142170696e-07, 5.08632012952e-07, 1.6030393013e-08, 7.33304901246e-08, 1.29408363136e-07, 5.27176169385e-08, 3.93741892424e-08, 9.67666746732e-09, 1.42660097069e-08, 4.41155778574e-09, 9.56656559525e-11, 6.16349887794e-11, 9.98751220616e-11, 1.67674717427e-12, 1.17341249564e-12, 2.51986040541e-13, 3.00906543606e-13, 4.28974645519e-13, 3.61479916096e-13, 5.63086200456e-15, 3.07953629875e-15, 1.07085303912e-15, 9.37437832506e-16, 1.07218158382e-16, 5.14172557087e-17, 2.54255517595e-17, 1.96018015461e-17, 4.03598005836e-18, 2.4134498806e-19, 1.08556546953e-19, 1.84830276701e-20], "dvar2": [6.91204204983e-09, 6.58389254227e-08, 1.90612340134e-07, 6.85163072944e-08, 1.10356597816e-06, 7.58783926358e-07, 1.48540766531e-06, 1.9444512418e-06, 6.41545682356e-07, 2.24668411875e-07, 9.61584646575e-07, 3.23390594303e-08, 1.08934294474e-07, 3.36662594691e-07, 1.32785018536e-07, 7.89064316109e-08, 1.80736314803e-08, 2.9469129359e-08, 9.30373555974e-09, 1.27733976174e-10, 1.12114220685e-10, 1.84915152635e-10, 2.89109231347e-12, 2.20562543923e-12, 5.6420818538e-13, 7.44865974456e-13, 9.91656409766e-13, 9.11406041783e-13, 1.21772802277e-14, 7.23003098634e-15, 2.59827293043e-15, 1.88227386253e-15, 2.53571277101e-16, 1.26041321583e-16, 4.77785444424e-17, 3.988977588e-17, 8.3662395458e-18, 5.61305738524e-19, 2.64575114792e-19, 4.48957996642e-20], "max": [0.00300360983238, 0.00564482808113, 0.00571506749839, 0.00546968542039, 0.0222372952849, 0.0208952948451, 0.0194647219032, 0.0582270137966, 0.0263038817793, 0.0214744638652, 0.0374666415155, 0.00551358982921, 0.0155723579228, 0.0103252502158, 0.00730262603611, 0.0123314494267, 0.00340357702225, 0.00977884605527, 0.00559853110462, 0.000828197458759, 0.000364443607396, 0.000412149354815, 4.64234035462e-05, 3.93372974941e-05, 2.10053985938e-05, 2.08197707252e-05, 1.87031309906e-05, 4.60472037958e-05, 6.01555757385e-06, 1.85127851182e-06, 1.34568051635e-06, 1.41139616971e-06, 7.67545770941e-07, 3.43314496831e-07, 2.22166505637e-07, 3.25712363747e-07, 1.49471773625e-07, 2.90993025232e-08, 1.6552583304e-08, 8.98547547479e-09], "mean": [5.22627451573e-05, 0.000201161237783, 0.000285234389594, 0.00027541295276, 0.000656479329336, 0.000779458903708, 0.000792591483332, 0.000662108766846, 0.000362669728929, 0.000158047536388, 0.000210657017305, 6.46259722998e-05, 8.39922722662e-05, 7.3645147495e-05, 5.1261689805e-05, 2.035048783e-05, 3.30635230057e-05, 1.55680863827e-05, 5.55800761504e-06, 2.43141198553e-06, 2.23440042646e-06, 2.74975263892e-06, 5.36329253009e-07, 3.75854796175e-07, 2.16559044475e-07, 1.288875211e-07, 2.00773925485e-07, 4.38495462163e-08, 1.04326227657e-08, 1.55076911312e-08, 7.32523774971e-09, 4.70983829715e-09, 1.21691545729e-09, 1.08070030702e-09, 8.49599779418e-10, 3.79997949773e-10, 1.30844154955e-10, 5.07841546593e-11, 3.30347797728e-11, 1.613494581e-11], "median": [8.4885796241e-06, 5.24210263393e-05, 8.09449702501e-05, 8.50865180837e-05, 0.00019879010506, 0.000296235986752, 0.000266307848506, 0.000130297732539, 5.86058558838e-05, 1.88632893696e-05, 2.00281428988e-05, 1.44334617289e-05, 1.17377903734e-05, 7.57770567361e-06, 5.53439940632e-06, 1.98154111786e-06, 2.22966923502e-06, 1.99189253181e-06, 8.95137304724e-07, 2.73896745284e-07, 2.00618430313e-07, 1.58510388815e-07, 5.53376402479e-08, 3.42678632137e-08, 2.36001120868e-08, 7.22228055139e-09, 5.81743941908e-09, 1.27527677307e-09, 5.20889498201e-10, 3.63223784383e-10, 2.19035331539e-10, 8.13782444209e-11, 3.50795677229e-11, 2.4956248873e-11, 1.49533007504e-11, 1.15017587468e-11, 8.77575269398e-12, 7.12950315104e-12, 6.1883211229e-12, 5.38632940333e-12], "min": [1.69268645446e-24, 2.39345052923e-24, 4.82346515586e-24, 4.54095316088e-24, 5.08458205979e-24, 5.40575100013e-24, 5.01183133496e-24, 3.56049135242e-24, 4.0763787743e-24, 5.68384064087e-24, 8.07414519281e-24, 4.53092713321e-24, 2.02101351866e-24, 5.21898344765e-24, 6.08558383407e-24, 3.7896491345e-24, 5.22163244257e-24, 8.63043018165e-24, 5.21261418471e-24, 9.90101452067e-24, 6.61719680367e-24, 5.52370976572e-24, 6.77970648888e-24, 5.88710288044e-24, 6.95206076376e-24, 8.23699211606e-24, 6.66025559289e-24, 8.01565588986e-24, 9.07758651945e-24, 9.73559196657e-24, 8.17945181277e-24, 8.35142191239e-24, 7.37185309447e-24, 7.66118755298e-24, 6.7819578979e-24, 6.59649906567e-24, 7.87224965476e-24, 9.7677372596e-24, 9.89822037535e-24, 9.34862098268e-24], "var": [3.4817379202e-08, 1.72080007133e-07, 2.42722762778e-07, 2.52382733379e-07, 1.82154860795e-06, 1.73901730705e-06, 2.29987290368e-06, 5.73039642404e-06, 1.03964111986e-06, 6.1875391566e-07, 1.20728952879e-06, 5.43407168152e-08, 2.38267944042e-07, 1.46843348148e-07, 6.30109155964e-08, 4.58834215067e-08, 2.71872071522e-08, 1.95433944583e-08, 5.58751800384e-09, 2.51133808193e-10, 1.23775129035e-10, 2.00612262913e-10, 3.7609806762e-12, 2.3287086235e-12, 4.71749592515e-13, 4.407752917e-13, 6.64018807387e-13, 3.09992889648e-13, 6.97292557015e-15, 5.49006183532e-15, 1.32352148497e-15, 1.28418792188e-15, 1.13252196106e-16, 6.55035195007e-17, 4.16099343598e-17, 2.26428086454e-17, 4.55322147206e-18, 2.61633531287e-19, 1.03382629157e-19, 1.80178791316e-20]}, "mfcc": {"mean": [-837.522705078, 238.4815979, 3.49890732765, -20.3545894623, -3.23649716377, -12.84491539, -13.6430511475, -12.6746854782, -11.9427461624, -6.66393518448, -2.47059369087, -1.79137539864, 0.155326545238], "cov": [[6154.07177734, 2436.49194336, -2283.13378906, 182.457138062, 263.897674561, -319.078918457, -16.2311553955, -72.6445770264, -107.282646179, 25.4299793243, 59.2477645874, 63.3364906311, 57.1094512939], [2436.49194336, 1586.00537109, -479.491821289, -122.856208801, 234.390136719, -60.7548370361, -85.319152832, -58.6315002441, -98.1224594116, -50.8421440125, -29.4228916168, -53.7424850464, -23.5714054108], [-2283.13378906, -479.491821289, 1338.45117188, -86.6206359863, -93.5877532959, 212.884552002, -10.3735818863, 6.34217596054, 28.4392585754, -37.6740646362, -54.5195579529, -56.1413002014, -37.8683776855], [182.457138062, -122.856208801, -86.6206359863, 262.793212891, 12.8835515976, -32.9336357117, 65.5269317627, 11.6618738174, 16.4286937714, 22.2325325012, 26.9216365814, 49.4956665039, 31.8278903961], [263.897674561, 234.390136719, -93.5877532959, 12.8835515976, 228.318389893, 10.9304056168, -44.6414375305, -1.59802997112, -46.7585525513, -20.5791454315, -7.60455322266, -34.8183441162, -17.5236568451], [-319.078918457, -60.7548370361, 212.884552002, -32.9336357117, 10.9304056168, 136.17149353, 23.2204799652, -15.6298942566, 6.51898097992, -6.12628555298, -9.25505828857, -13.4895019531, -18.4202823639], [-16.2311553955, -85.319152832, -10.3735818863, 65.5269317627, -44.6414375305, 23.2204799652, 107.601577759, 36.2939491272, 9.07124710083, 3.5604789257, 7.25196266174, 30.0647697449, 14.5756320953], [-72.6445770264, -58.6315002441, 6.34217596054, 11.6618738174, -1.59802997112, -15.6298942566, 36.2939491272, 115.593360901, 60.355796814, -10.9391479492, -5.21010160446, 10.0940189362, 4.38779306412], [-107.282646179, -98.1224594116, 28.4392585754, 16.4286937714, -46.7585525513, 6.51898097992, 9.07124710083, 60.355796814, 127.642555237, 45.6394386292, -5.90474128723, 13.5284605026, 1.91662395], [25.4299793243, -50.8421440125, -37.6740646362, 22.2325325012, -20.5791454315, -6.12628555298, 3.5604789257, -10.9391479492, 45.6394386292, 121.511489868, 49.6414794922, -19.1459827423, 0.134570613503], [59.2477645874, -29.4228916168, -54.5195579529, 26.9216365814, -7.60455322266, -9.25505828857, 7.25196266174, -5.21010160446, -5.90474128723, 49.6414794922, 100.26864624, 42.9033126831, -14.5816669464], [63.3364906311, -53.7424850464, -56.1413002014, 49.4956665039, -34.8183441162, -13.4895019531, 30.0647697449, 10.0940189362, 13.5284605026, -19.1459827423, 42.9033126831, 135.431121826, 61.5418930054], [57.1094512939, -23.5714054108, -37.8683776855, 31.8278903961, -17.5236568451, -18.4202823639, 14.5756320953, 4.38779306412, 1.91662395, 0.134570613503, -14.5816669464, 61.5418930054, 116.624198914]], "icov": [[0.0805360302329, -0.113037936389, 0.112023457885, -0.108843624592, 0.104122385383, -0.0995100364089, 0.0898469239473, -0.0787413939834, 0.0676384568214, -0.0533997640014, 0.041720867157, -0.0274578686804, 0.0141121912748], [-0.113037936389, 0.159582421184, -0.156991004944, 0.153442293406, -0.147159561515, 0.140181481838, -0.126619055867, 0.111381851137, -0.0953832566738, 0.0755342021585, -0.0587545670569, 0.0388541631401, -0.0199498105794], [0.112023457885, -0.156991004944, 0.157143652439, -0.151780262589, 0.145876169205, -0.141024902463, 0.126853615046, -0.110983997583, 0.0952651128173, -0.0746349990368, 0.058868970722, -0.0382663570344, 0.0199010204524], [-0.108843624592, 0.153442293406, -0.151780262589, 0.153989627957, -0.144533380866, 0.13928899169, -0.129076167941, 0.111840538681, -0.0965487360954, 0.074815556407, -0.0596265085042, 0.0382494702935, -0.0209286157042], [0.104122385383, -0.147159561515, 0.145876169205, -0.144533380866, 0.144094139338, -0.135184809566, 0.125356882811, -0.11021464318, 0.0959640219808, -0.0733691602945, 0.0580279529095, -0.0374302379787, 0.0203742589802], [-0.0995100364089, 0.140181481838, -0.141024902463, 0.13928899169, -0.135184809566, 0.140587583184, -0.124345302582, 0.109648063779, -0.0948240607977, 0.073405854404, -0.058027561754, 0.0386145450175, -0.0195935219526], [0.0898469239473, -0.126619055867, 0.126853615046, -0.129076167941, 0.125356882811, -0.124345302582, 0.127220511436, -0.106676027179, 0.0928602963686, -0.0725286826491, 0.0586906820536, -0.0408973321319, 0.0216142330319], [-0.0787413939834, 0.111381851137, -0.110983997583, 0.111840538681, -0.11021464318, 0.109648063779, -0.106676027179, 0.106490589678, -0.0913032740355, 0.0719836950302, -0.0576328597963, 0.0402124114335, -0.0224134884775], [0.0676384568214, -0.0953832566738, 0.0952651128173, -0.0965487360954, 0.0959640219808, -0.0948240607977, 0.0928602963686, -0.0913032740355, 0.0918844640255, -0.0721466094255, 0.0599756464362, -0.0429854393005, 0.024909010157], [-0.0533997640014, 0.0755342021585, -0.0746349990368, 0.074815556407, -0.0733691602945, 0.073405854404, -0.0725286826491, 0.0719836950302, -0.0721466094255, 0.072258464992, -0.0592030733824, 0.0436896383762, -0.0256649572402], [0.041720867157, -0.0587545670569, 0.058868970722, -0.0596265085042, 0.0580279529095, -0.058027561754, 0.0586906820536, -0.0576328597963, 0.0599756464362, -0.0592030733824, 0.0630024522543, -0.0428283028305, 0.0270296540111], [-0.0274578686804, 0.0388541631401, -0.0382663570344, 0.0382494702935, -0.0374302379787, 0.0386145450175, -0.0408973321319, 0.0402124114335, -0.0429854393005, 0.0436896383762, -0.0428283028305, 0.0409622527659, -0.0238063111901], [0.0141121912748, -0.0199498105794, 0.0199010204524, -0.0209286157042, 0.0203742589802, -0.0195935219526, 0.0216142330319, -0.0224134884775, 0.024909010157, -0.0256649572402, 0.0270296540111, -0.0238063111901, 0.0234762746841]]}, "spectral_contrast_coeffs": {"dmean": [0.0383539460599, 0.0350017733872, 0.0240108836442, 0.0210619196296, 0.0169395450503, 0.0362065881491], "dmean2": [0.0641899481416, 0.0585476197302, 0.0377238020301, 0.0329537317157, 0.0268989466131, 0.0637358129025], "dvar": [0.00101288687438, 0.00101160560735, 0.000620424572844, 0.00050686171744, 0.00034224963747, 0.00105371093377], "dvar2": [0.0027708071284, 0.00264546927065, 0.00139448919799, 0.00113801728003, 0.000754453998525, 0.00299611734226], "max": [-0.313869863749, -0.373898506165, -0.402144551277, -0.495870888233, -0.538456201553, -0.625929176807], "mean": [-0.589418292046, -0.645908415318, -0.714900910854, -0.711335897446, -0.716863453388, -0.848370850086], "median": [-0.588155508041, -0.645837306976, -0.723225951195, -0.711907148361, -0.709453940392, -0.865494728088], "min": [-0.972516417503, -0.9685074687, -0.974937081337, -0.971846103668, -0.964444220066, -0.962132513523], "var": [0.00733799487352, 0.00721374247223, 0.00648252852261, 0.00432751094922, 0.00420963810757, 0.00438670534641]}, "spectral_contrast_valleys": {"dmean": [0.382078826427, 0.275080084801, 0.232114046812, 0.232292458415, 0.227690160275, 0.669150590897], "dmean2": [0.636344790459, 0.452576577663, 0.371434807777, 0.370877563953, 0.360864549875, 1.1947978735], "dvar": [0.126277402043, 0.102457471192, 0.102866567671, 0.125987127423, 0.151969283819, 0.320430338383], "dvar2": [0.