{"lowlevel": {"average_loudness": 0.957428634167, "barkbands_crest": {"dmean": 2.44288730621, "dmean2": 3.43555521965, "dvar": 10.357550621, "dvar2": 22.0324707031, "max": 26.8988037109, "mean": 17.4686012268, "median": 18.6253681183, "min": 2.78103923798, "var": 45.6057510376}, "barkbands_flatness_db": {"dmean": 0.033772982657, "dmean2": 0.0486077181995, "dvar": 0.0022712519858, "dvar2": 0.00461105676368, "max": 0.5782366395, "mean": 0.259990423918, "median": 0.248224511743, "min": 0.0340267047286, "var": 0.0122484304011}, "barkbands_kurtosis": {"dmean": 21.902130127, "dmean2": 32.3824195862, "dvar": 3703.2902832, "dvar2": 7937.41943359, "max": 1503.67944336, "mean": 50.2546653748, "median": 9.37408828735, "min": -1.87895166874, "var": 11158.1054688}, "barkbands_skewness": {"dmean": 1.33703112602, "dmean2": 1.88020038605, "dvar": 4.35866832733, "dvar2": 9.08179283142, "max": 34.0987586975, "mean": 4.37556886673, "median": 3.01514410973, "min": -2.4592154026, "var": 20.9357528687}, "barkbands_spread": {"dmean": 6.05960130692, "dmean2": 9.01796150208, "dvar": 91.8940811157, "dvar2": 194.264892578, "max": 77.5121612549, "mean": 17.3623752594, "median": 11.2863960266, "min": 0.0680582299829, "var": 325.294128418}, "dissonance": {"dmean": 0.0206557381898, "dmean2": 0.0332019999623, "dvar": 0.000580044928938, "dvar2": 0.00140172417741, "max": 0.500000059605, "mean": 0.429222762585, "median": 0.44142305851, "min": 0.180987820029, "var": 0.00312741729431}, "dynamic_complexity": 4.612865448, "erbbands_crest": {"dmean": 2.97230434418, "dmean2": 4.44421482086, "dvar": 11.6511077881, "dvar2": 26.1460456848, "max": 32.6730804443, "mean": 16.0208816528, "median": 14.9283866882, "min": 3.15314221382, "var": 57.9310264587}, "erbbands_flatness_db": {"dmean": 0.0210247598588, "dmean2": 0.0310726724565, "dvar": 0.000863305118401, "dvar2": 0.00170462485403, "max": 0.446299880743, "mean": 0.236152127385, "median": 0.223287910223, "min": 0.0806442722678, "var": 0.00501411128789}, "erbbands_kurtosis": {"dmean": 4.62624502182, "dmean2": 7.16062927246, "dvar": 139.310165405, "dvar2": 307.826812744, "max": 223.878265381, "mean": 8.72696590424, "median": 1.41122817993, "min": -1.89727711678, "var": 401.101379395}, "erbbands_skewness": {"dmean": 0.72005212307, "dmean2": 1.07443535328, "dvar": 1.06098663807, "dvar2": 2.25466823578, "max": 12.7859268188, "mean": 1.65678405762, "median": 1.18899703026, "min": -3.41271424294, "var": 5.52328062057}, "erbbands_spread": {"dmean": 10.1013889313, "dmean2": 14.8099975586, "dvar": 169.550476074, "dvar2": 364.178985596, "max": 134.847900391, "mean": 41.8038673401, "median": 32.5793228149, "min": 0.912993371487, "var": 911.874389648}, "hfc": {"dmean": 16.5579204559, "dmean2": 25.336643219, "dvar": 1474.28125, "dvar2": 3714.77807617, "max": 552.103088379, "mean": 22.7030887604, "median": 5.80814552307, "min": 1.23401847805e-16, "var": 1728.36560059}, "melbands_crest": {"dmean": 2.61550402641, "dmean2": 3.53062844276, "dvar": 9.89927005768, "dvar2": 21.385925293, "max": 35.4746627808, "mean": 20.9405212402, "median": 21.9151954651, "min": 2.00708651543, "var": 53.6182785034}, "melbands_flatness_db": {"dmean": 0.0373121835291, "dmean2": 0.0518284514546, "dvar": 0.00301138707437, "dvar2": 0.00621661450714, "max": 0.654258668423, "mean": 0.279840618372, "median": 0.276813477278, "min": 0.00634179124609, "var": 0.0177144613117}, "melbands_kurtosis": {"dmean": 36.5171470642, "dmean2": 54.2547492981, "dvar": 3908.67919922, "dvar2": 8559.3125, "max": 808.922424316, "mean": 92.3118438721, "median": 38.0948944092, "min": -1.71301305294, "var": 15420.1621094}, "melbands_skewness": {"dmean": 1.60425746441, "dmean2": 2.28678917885, "dvar": 4.33771371841, "dvar2": 9.45896434784, "max": 21.0877113342, "mean": 6.18135643005, "median": 5.35437917709, "min": -1.3665510416, "var": 20.5700912476}, "melbands_spread": {"dmean": 8.61989688873, "dmean2": 13.3043222427, "dvar": 205.230636597, "dvar2": 475.194580078, "max": 153.778762817, "mean": 21.5590343475, "median": 8.76330184937, "min": 0.220249027014, "var": 790.661376953}, "pitch_salience": {"dmean": 0.0744492858648, "dmean2": 0.108694165945, "dvar": 0.00928982067853, "dvar2": 0.0210090409964, "max": 0.958469986916, "mean": 0.320410758257, "median": 0.261036217213, "min": 0.0135529944673, "var": 0.0481919459999}, "silence_rate_20dB": {"dmean": 0, "dmean2": 0, "dvar": 0, "dvar2": 0, "max": 1, "mean": 1, "median": 1, "min": 1, "var": 0}, "silence_rate_30dB": {"dmean": 0.00270635983907, "dmean2": 0.00541455158964, "dvar": 0.00269900052808, "dvar2": 0.00809234473854, "max": 1, "mean": 0.998647272587, "median": 1, "min": 0, "var": 0.00135090365075}, "silence_rate_60dB": {"dmean": 0.0290933698416, "dmean2": 0.0578680187464, "dvar": 0.028247365728, "dvar2": 0.0599306821823, "max": 1, "mean": 0.154886707664, "median": 0, "min": 0, "var": 0.13089363277}, "spectral_centroid": {"dmean": 288.151123047, "dmean2": 427.044677734, "dvar": 201609.359375, "dvar2": 410460.40625, "max": 11487.1328125, "mean": 1273.75317383, "median": 802.852111816, "min": 195.930023193, "var": 1281015.875}, "spectral_complexity": {"dmean": 3.94248986244, "dmean2": 6.06226730347, "dvar": 42.1378593445, "dvar2": 89.2457809448, "max": 50, "mean": 8.40344905853, "median": 4, "min": 0, "var": 98.4302902222}, "spectral_decrease": {"dmean": 1.45409295715e-09, "dmean2": 2.14262585452e-09, "dvar": 1.01792457406e-17, "dvar2": 2.45966307589e-17, "max": 8.55903790477e-29, "mean": -4.2681236323e-09, "median": -3.66228114501e-09, "min": -4.00780493237e-08, "var": 1.45838857223e-17}, "spectral_energy": {"dmean": 0.00681995041668, "dmean2": 0.0101021612063, "dvar": 0.000229267345276, "dvar2": 0.000559479871299, "max": 0.193029150367, "mean": 0.0181681048125, "median": 0.0145878726617, "min": 1.08698826865e-20, "var": 0.000305191177176}, "spectral_energyband_high": {"dmean": 0.00148534704931, "dmean2": 0.00224031484686, "dvar": 9.74341946858e-06, "dvar2": 2.2618802177e-05, "max": 0.0343431830406, "mean": 0.00200288579799, "median": 0.000165380886756, "min": 7.95821985505e-21, "var": 1.55448233272e-05}, "spectral_energyband_low": {"dmean": 0.000220379588427, "dmean2": 0.000273287238088, "dvar": 1.14015767849e-06, "dvar2": 2.07500511351e-06, "max": 0.0147780878469, "mean": 0.000306502042804, "median": 8.32291698316e-06, "min": 4.60139852334e-23, "var": 2.10860139305e-06}, "spectral_energyband_middle_high": {"dmean": 0.00326680019498, "dmean2": 0.00583099434152, "dvar": 0.000135066424264, "dvar2": 0.000377213786123, "max": 0.180771902204, "mean": 0.00258902041242, "median": 0.000269167532679, "min": 1.40619522736e-21, "var": 8.72313976288e-05}, "spectral_energyband_middle_low": {"dmean": 0.0031832291279, "dmean2": 0.00441679917276, "dvar": 3.21282786899e-05, "dvar2": 6.48033819743e-05, "max": 0.0636265128851, "mean": 0.0133762834594, "median": 0.0130681861192, "min": 3.08508530607e-22, "var": 9.33619012358e-05}, "spectral_entropy": {"dmean": 0.300002932549, "dmean2": 0.444473952055, "dvar": 0.230930313468, "dvar2": 0.458219885826, "max": 9.79331588745, "mean": 6.99133062363, "median": 7.31293296814, "min": 3.52483224869, "var": 1.19087636471}, "spectral_flux": {"dmean": 0.0230729337782, "dmean2": 0.0342404507101, "dvar": 0.00173829996493, "dvar2": 0.00341461319476, "max": 0.421963810921, "mean": 0.0501624941826, "median": 0.0272609833628, "min": 1.11077997644e-06, "var": 0.0030875634402}, "spectral_kurtosis": {"dmean": 1.87348544598, "dmean2": 3.04535841942, "dvar": 10.6713685989, "dvar2": 27.3237705231, "max": 62.5979156494, "mean": 4.15786886215, "median": 2.26992082596, "min": -1.22407341003, "var": 28.8008899689}, "spectral_rms": {"dmean": 0.000649598543532, "dmean2": 0.000914357660804, "dvar": 1.28520787257e-06, "dvar2": 2.86940257865e-06, "max": 0.0137230139226, "mean": 0.00374805158935, "median": 0.00377254164778, "min": 3.25649555065e-12, "var": 3.6770384213e-06}, "spectral_rolloff": {"dmean": 707.593811035, "dmean2": 1172.73059082, "dvar": 1883544.125, "dvar2": 4025813.5, "max": 19401.4160156, "mean": 1982.3170166, "median": 452.197265625, "min": 215.33203125, "var": 6222160}, "spectral_skewness": {"dmean": 0.268232941628, "dmean2": 0.413332343102, "dvar": 0.118063032627, "dvar2": 0.26745647192, "max": 6.39738225937, "mean": 1.41125237942, "median": 1.17290222645, "min": -0.0627765282989, "var": 0.623495936394}, "spectral_spread": {"dmean": 572427.3125, "dmean2": 877281.5, "dvar": 789205942272, "dvar2": 1257669787650.0, "max": 40167328, "mean": 5071230.5, "median": 4839470, "min": 1377419.375, "var": 2185827713020.0}, "spectral_strongpeak": {"dmean": 0.431855410337, "dmean2": 0.74523973465, "dvar": 1.27397429943, "dvar2": 3.47702240944, "max": 15.5847005844, "mean": 1.18583595753, "median": 1.07884061337, "min": 0, "var": 1.10932409763}, "zerocrossingrate": {"dmean": 0.0129510154948, "dmean2": 0.0127430669963, "dvar": 0.000321935425745, "dvar2": 0.000307812471874, "max": 0.49853515625, "mean": 0.0632493495941, "median": 0.03857421875, "min": 0.0087890625, "var": 0.00401297118515}, "barkbands": {"dmean": [1.75034938366e-06, 0.000177379013621, 3.17591657222e-05, 0.000146216218127, 0.00124258641154, 0.000590269628447, 0.00013122180826, 0.000531137280632, 0.00128217134625, 0.000275910511846, 0.000161466130521, 0.000140947304317, 0.000218840694288, 0.00112144497689, 0.000306529720547, 0.000473372958368, 0.000520811241586, 0.00017449913139, 0.000153836648678, 0.000169870952959, 0.000408518622862, 0.000331600487698, 0.000362281978596, 0.000193063679035, 0.000163224642165, 7.50070612412e-05, 7.60087914387e-06], "dmean2": [3.16660020871e-06, 0.00021492652013, 4.90370548505e-05, 0.00016415072605, 0.00165096495766, 0.000803200877272, 0.000193709973246, 0.000733030145057, 0.00184005580377, 0.000466656318167, 0.000262924149865, 0.000256000435911, 0.000399861834012, 0.00207633851096, 0.000580167514272, 0.000884509121533, 0.000964851933531, 0.00031145993853, 0.000258842192125, 0.000277285289485, 0.000652141636238, 0.000552458746824, 0.000585917034186, 0.000314151780913, 0.000247465533903, 0.000112319910841, 1.20436379802e-05], "dvar": [1.41650149943e-10, 8.31259910683e-07, 2.2268126898e-08, 9.21112430774e-08, 4.17108503825e-06, 2.22316589316e-06, 4.92843184929e-07, 3.55403585672e-06, 1.58377788466e-05, 2.88149726657e-06, 4.47177626484e-07, 9.44741543663e-07, 1.17844376746e-06, 3.74572446162e-05, 1.36112805649e-06, 1.60362687893e-05, 3.61695019819e-05, 6.83870155171e-07, 1.32346059445e-07, 1.12060732249e-07, 6.72359419696e-07, 8.30426017728e-07, 1.22658912005e-06, 1.99302931492e-07, 1.39335114113e-07, 7.00110476259e-08, 6.33541552553e-10], "dvar2": [4.02680638834e-10, 1.51898461809e-06, 5.24193168872e-08, 1.5437748857e-07, 8.77145703271e-06, 4.63480591861e-06, 1.03838556242e-06, 6.96949427947e-06, 3.32219606207e-05, 7.35825142328e-06, 1.16837611586e-06, 2.58481532001e-06, 3.30845637109e-06, 0.000107337080408, 4.00279168389e-06, 4.66854799015e-05, 0.000105446364614, 1.9808946945e-06, 3.54597119667e-07, 2.82436900534e-07, 1.54102701799e-06, 2.23133883992e-06, 3.10091832034e-06, 4.89194178499e-07, 2.85407452338e-07, 1.57109141696e-07, 1.43776934802e-09], "max": [0.000168557904544, 0.0123450513929, 0.00238387379795, 0.00592281343415, 0.0344203226268, 0.0258823018521, 0.0278037898242, 0.0397850424051, 0.0375799573958, 0.026078986004, 0.0175645817071, 0.0265476852655, 0.0225195344537, 0.113629087806, 0.0141893327236, 0.090468518436, 0.152319818735, 0.0168554671109, 0.00526866968721, 0.00477977935225, 0.00803131610155, 0.0104618184268, 0.0175148844719, 0.00548980198801, 0.00413077604026, 0.00322426739149, 0.00030334389885], "mean": [1.28766055241e-06, 0.000235548490309, 4.50714614999e-05, 0.000478184752865, 0.00824071466923, 0.00229224539362, 0.00029788975371, 0.00066525087459, 0.00127048243303, 0.000233133061556, 0.000154650566401, 0.000101804689621, 0.000142257878906, 0.000695644703228, 0.000199537913431, 0.000304742279695, 0.000354161282303, 0.000165025281603, 0.000189961661818, 0.000261602457613, 0.000619780563284, 0.00036205019569, 0.000359654310159, 0.000209775869735, 0.000207801975193, 7.35530338716e-05, 6.26884730082e-06], "median": [1.84092741051e-08, 1.73081417643e-07, 2.34303615798e-06, 4.51535652246e-06, 0.00919016264379, 0.00010583162657, 1.0303219824e-05, 7.08088700776e-05, 4.19026509917e-05, 6.40485632175e-06, 1.88656158571e-05, 1.07557270894e-05, 6.20400351181e-06, 1.37332153827e-05, 2.22025773837e-05, 2.52530080616e-05, 2.23062761506e-05, 1.34495148814e-05, 2.28751050599e-05, 3.58335164492e-05, 4.61444251414e-05, 2.953551666e-05, 1.96543151105e-05, 8.97105110198e-06, 5.15569763593e-06, 5.91492380408e-07, 2.73068199164e-08], "min": [1.85232192497e-23, 1.0075464799e-23, 1.09342653232e-23, 3.39892459265e-23, 1.52139761513e-23, 6.13728230681e-23, 8.57490731124e-23, 4.26463222518e-23, 5.0480780736e-23, 4.26670756045e-23, 3.85905643015e-23, 2.01175923361e-23, 1.75654483941e-22, 8.23409415664e-23, 1.33079597777e-22, 1.77715910015e-22, 1.90480613472e-22, 1.91551028301e-22, 2.21068789736e-22, 3.37535809886e-22, 4.49796623689e-22, 6.11480898491e-22, 6.60897468e-22, 8.0290601197e-22, 1.28231442931e-21, 1.82282374622e-21, 2.34380051369e-21], "var": [9.38087801883e-11, 1.50174571445e-06, 3.02285236842e-08, 7.46350167447e-07, 4.42876626039e-05, 2.05816904781e-05, 3.18221941598e-06, 5.04689478475e-06, 1.86249417311e-05, 2.41997690864e-06, 3.52029076112e-07, 6.17386092472e-07, 7.18577325642e-07, 2.16221924347e-05, 7.60119746701e-07, 8.83335724211e-06, 1.98770976567e-05, 4.33003492617e-07, 1.74767492922e-07, 2.35739221921e-07, 1.42599435549e-06, 7.10157848971e-07, 1.1814042864e-06, 2.34196974702e-07, 2.48939500125e-07, 8.35638971353e-08, 6.59254040247e-10]}, "erbbands": {"dmean": [0.00460048671812, 0.0413602553308, 0.0386733114719, 0.212405994534, 1.87189853191, 5.45725631714, 6.19912338257, 4.49141216278, 1.91565167904, 9.03348922729, 7.27611017227, 35.7892990112, 13.5022382736, 7.14783620834, 6.95523071289, 6.23184919357, 8.56346893311, 34.9399833679, 45.3882789612, 19.3994369507, 19.1892700195, 24.8316040039, 16.7763023376, 7.30807495117, 7.73500156403, 7.9236125946, 15.8597660065, 15.1311445236, 12.5992555618, 11.8882017136, 9.97091579437, 4.14931154251, 3.20302653313, 2.17780447006, 1.05073106289, 0.402275979519, 0.11044421792, 0.02315373905, 0.00141489761882, 5.11772122991e-05], "dmean2": [0.00571177573875, 0.0498250387609, 0.0551458112895, 0.260188132524, 2.17091321945, 7.16738557816, 8.41632938385, 6.10893964767, 2.77379202843, 12.5623006821, 10.0284328461, 51.4087257385, 20.821231842, 12.2174139023, 11.2035799026, 11.1181640625, 15.5294914246, 64.2013397217, 84.8231048584, 36.275352478, 35.7852859497, 45.7078933716, 30.4044418335, 12.7928705215, 12.5629758835, 12.834485054, 26.6593265533, 22.9893894196, 20.8092861176, 19.7739849091, 16.2912273407, 6.6465010643, 5.23967123032, 3.56190776825, 1.50515890121, 0.582279741764, 0.160021707416, 0.0363510809839, 0.00223594601266, 8.06159441709e-05], "dvar": [0.000601667969022, 0.0442151613533, 0.0333198197186, 0.241662561893, 20.8742656708, 106.658439636, 172.957748413, 145.721908569, 129.19229126, 845.066650391, 960.331726074, 12187.0732422, 3113.38793945, 2265.88305664, 447.957122803, 1927.07543945, 1199.34350586, 24985.6835938, 62457.7539062, 13811.6884766, 17056.2148438, 68245.7890625, 23644.2167969, 359.180053711, 334.074829102, 230.631362915, 1187.37341309, 1072.02026367, 1340.08666992, 977.244018555, 1491.23291016, 84.5463409424, 54.1702270508, 24.7129745483, 8.88128948212, 1.52764618397, 0.156786397099, 0.00836951285601, 2.16004536924e-05, 1.84353989852e-08], "dvar2": [0.00116864324082, 0.0784278437495, 0.071362875402, 0.498372852802, 34.3015937805, 218.892684937, 363.670562744, 270.337554932, 276.53302002, 1550.30273438, 2079.63427734, 25453.3339844, 7581.08007812, 6066.03173828, 1049.66296387, 5201.14160156, 3336.97265625, 70016.4140625, 178850.90625, 40062.84375, 49693.2109375, 199076.5625, 68499.7265625, 1016.57629395, 870.375488281, 585.613891602, 3006.69384766, 2297.65136719, 3630.82617188, 2616.62744141, 3841.77197266, 200.869415283, 135.989990234, 62.6353683472, 14.9378042221, 3.24755215645, 0.342692792416, 0.0201729461551, 4.99390007462e-05, 4.44873471395e-08], "max": [0.357744842768, 3.0853946209, 2.54910087585, 9.72235488892, 103.566894531, 173.187316895, 271.619354248, 318.469268799, 484.517272949, 378.055633545, 1103.79052734, 1073.36132812, 918.328735352, 1010.50439453, 244.58102417, 1237.14318848, 656.724487305, 2473.10058594, 4513.42871094, 2321.28295898, 3068.84838867, 6761.00292969, 3686.1550293, 295.552368164, 270.61239624, 215.070373535, 501.654998779, 491.6690979, 463.373413086, 306.850097656, 727.825134277, 102.24546051, 90.7618484497, 62.1983070374, 44.3368377686, 16.5730419159, 5.66771411896, 0.982155799866, 0.0499043688178, 0.0012311647879], "mean": [0.00585446646437, 0.056358717382, 0.065122589469, 0.848878026009, 13.4034814835, 28.3067512512, 33.351234436, 14.6899118423, 6.09668684006, 12.0156049728, 8.6416425705, 35.4684181213, 12.9519100189, 5.53947973251, 7.03593969345, 4.67786836624, 5.72157382965, 22.2296028137, 28.5901756287, 12.6664657593, 12.7849769592, 17.637758255, 13.7162303925, 7.30963420868, 11.2790212631, 12.6835432053, 25.7424964905, 19.921962738, 13.4828853607, 11.8555145264, 9.89102745056, 4.75126409531, 3.48621082306, 2.49455499649, 1.36603796482, 0.441214740276, 0.107759930193, 0.0190354883671, 0.00116823939607, 5.95484416408e-05], "median": [3.25453911501e-05, 0.000383164529921, 0.00615679426119, 0.0523763149977, 1.40842592716, 13.5537481308, 10.3638534546, 1.91615867615, 0.32214653492, 1.4219442606, 1.14648842812, 1.26642382145, 0.664703845978, 0.343403100967, 1.00376451015, 0.548113942146, 0.312246918678, 0.582970559597, 1.27945780754, 1.09100496769, 1.19966030121, 1.40216648579, 0.829659223557, 1.17884707451, 1.04455459118, 1.73837172985, 1.78431749344, 1.76850938797, 1.01993024349, 0.911862671375, 0.472068607807, 0.233104974031, 0.140485793352, 0.0726370513439, 0.0231763608754, 0.00555953662843, 0.00079240242485, 0.000106684507045, 1.37967208502e-05, 1.82051935553e-05], "min": [4.91064323156e-22, 1.92983498731e-21, 1.41315018861e-20, 5.92356315111e-20, 1.14268203234e-19, 2.50357263005e-20, 1.58442724022e-19, 6.06014643838e-19, 1.3011743355e-18, 7.23126978361e-19, 1.29346697674e-18, 9.91931209131e-19, 1.42778818352e-18, 1.82869222754e-18, 9.50302310828e-19, 1.19524858478e-18, 5.69420835283e-18, 7.24659516561e-18, 5.27079362242e-18, 6.75460385369e-18, 1.15444941067e-17, 1.09038956619e-17, 9.89410748446e-18, 1.35969740519e-17, 1.04212969858e-17, 1.60469630851e-17, 1.68630412795e-17, 1.83180106179e-17, 2.09428929296e-17, 2.12172852824e-17, 2.13456918376e-17, 1.64924097711e-17, 1.23980940409e-17, 1.45991604395e-17, 9.67842593e-18, 5.47410055491e-18, 3.79561378006e-18, 1.26559471241e-18, 2.89733632177e-19, 4.09647078135e-20], "var": [0.000991362147033, 0.0831673294306, 0.0544202923775, 1.92220652103, 424.514892578, 1062.49450684, 2009.14453125, 1258.61010742, 1039.33984375, 1330.58349609, 1164.38366699, 14294.1572266, 2968.76147461, 1601.85766602, 463.199829102, 1302.71313477, 754.799804688, 15301.1757812, 36374.9648438, 7745.8984375, 9406.96386719, 37495.609375, 13414.4619141, 285.888641357, 600.069458008, 546.205078125, 3116.23461914, 1679.51086426, 1120.11950684, 811.018005371, 1370.29284668, 108.860588074, 62.2692375183, 31.717042923, 17.5856895447, 2.17516875267, 0.188486248255, 0.0077556297183, 2.20215042646e-05, 1.93768752155e-08]}, "gfcc": {"mean": [-113.193161011, 40.6452865601, -131.386535645, 29.3232631683, -93.2697525024, -15.4854288101, -61.4057693481, -19.3446331024, -35.8619232178, -11.6861352921, -26.0190563202, -7.45221281052, -0.978643536568], "cov": [[20203.1875, -2186.38916016, 1094.68273926, 705.569580078, -797.414001465, 722.993041992, -365.749359131, 819.142150879, -813.60949707, 142.674758911, -804.749145508, -145.179824829, -365.841766357], [-2186.38916016, 3361.62255859, 1056.28918457, 165.469772339, 407.327270508, -617.724731445, 20.582036972, -562.557861328, 225.766784668, -466.102600098, 119.743339539, -250.027633667, 176.580032349], [1094.68273926, 1056.28918457, 1109.42272949, 385.18661499, 218.25553894, -185.332565308, -36.2951850891, -194.789321899, -179.282897949, -248.059967041, -130.82131958, -142.158828735, 12.7501335144], [705.569580078, 165.469772339, 385.18661499, 673.473999023, 231.552459717, 137.077377319, 58.7577590942, -80.1928939819, -251.582122803, -161.777999878, -154.071380615, -132.637283325, -67.2619094849], [-797.414001465, 407.327270508, 218.25553894, 231.552459717, 517.239624023, 238.586883545, 124.038833618, -143.27583313, -39.6325149536, -156.301010132, -105.73109436, -140.774337769, -106.885169983], [722.993041992, -617.724731445, -185.332565308, 137.077377319, 238.586883545, 626.627929688, 146.876449585, 106.326919556, -66.7721786499, 31.3964710236, -172.130523682, -80.2195129395, -201.291885376], [-365.749359131, 20.582036972, -36.2951850891, 58.7577590942, 124.038833618, 146.876449585, 205.665512085, 107.106384277, 33.408493042, -16.1410808563, -31.21484375, -33.3528366089, -85.56275177], [819.142150879, -562.557861328, -194.789321899, -80.1928939819, -143.27583313, 106.326919556, 107.106384277, 344.17590332, 50.5717468262, 114.194839478, -26.1655635834, 61.5017585754, -62.5046043396], [-813.60949707, 225.766784668, -179.282897949, -251.582122803, -39.6325149536, -66.7721786499, 33.408493042, 50.5717468262, 293.262298584, 116.573387146, 147.826156616, 57.4982566833, 37.250629425], [142.674758911, -466.102600098, -248.059967041, -161.777999878, -156.301010132, 31.3964710236, -16.1410808563, 114.194839478, 116.573387146, 264.986358643, 131.758514404, 127.805458069, 7.61110067368], [-804.749145508, 119.743339539, -130.82131958, -154.071380615, -105.73109436, -172.130523682, -31.21484375, -26.1655635834, 147.826156616, 131.758514404, 261.907714844, 175.265777588, 119.13256073], [-145.179824829, -250.027633667, -142.158828735, -132.637283325, -140.774337769, -80.2195129395, -33.3528366089, 61.5017585754, 57.4982566833, 127.805458069, 175.265777588, 247.4868927, 116.125274658], [-365.841766357, 176.580032349, 12.7501335144, -67.2619094849, -106.885169983, -201.291885376, -85.56275177, -62.5046043396, 37.250629425, 7.61110067368, 119.13256073, 116.125274658, 206.422515869]], "icov": [[0.000110312183097, -4.39278228441e-05, -0.000178300935659, -4.85657910758e-05, 0.00023801883799, -0.000268856296316, 0.000439533847384, -0.000366063206457, 0.000144929392263, -9.27034125198e-05, 0.00011454437481, -1.3987722923e-05, 7.97138054622e-05], [-4.39278228441e-05, 0.00160503119696, -0.00100509391632, -0.000104685161205, 3.14904464176e-05, 0.000708675186615, -0.00133941182867, 0.00162664800882, -0.00241541722789, 0.00216127256863, -0.00128834997304, 0.00113001849968, -0.00031411688542], [-0.000178300935659, -0.00100509391632, 0.00260042515583, -0.000526679272298, -0.00112127722241, 0.00104900682345, 0.000293766061077, -0.000255091727013, 0.00134902144782, -0.00107920006849, 0.0015347750159, -0.0010364970658, 0.000192090723431], [-4.85657910758e-05, -0.000104685161205, -0.000526679272298, 0.00317608937621, -0.000793257378973, -0.00043644438847, -0.000908110348973, -0.00035900916555, 0.00293459766544, -0.000334665528499, -0.00134501885623, 0.00146613433026, -0.000816313433461], [0.00023801883799, 3.14904464176e-05, -0.00112127722241, -0.000793257378973, 0.00597274489701, -0.00259350077249, -0.00168769189622, 0.00237979157828, -0.00162559666205, 0.00190720520914, 0.000135888039949, -0.000410349661252, 0.0011658151634], [-0.000268856296316, 0.000708675186615, 0.00104900682345, -0.00043644438847, -0.00259350077249, 0.00534167932346, -0.00251309317537, 0.00167386315297, -0.00107162911445, -0.00134461419657, 0.00309478794225, -0.00143156992272, 0.00130365346558], [0.000439533847384, -0.00133941182867, 0.000293766061077, -0.000908110348973, -0.00168769189622, -0.00251309317537, 0.0136124687269, -0.00769966933876, 0.000985026592389, 0.00116400490515, -0.00235386705026, 0.000154585970449, 0.00264799641445], [-0.000366063206457, 0.00162664800882, -0.000255091727013, -0.00035900916555, 0.00237979157828, 0.00167386315297, -0.00769966933876, 0.010824168101, -0.00476342486218, 0.000135778682306, 0.00437841564417, -0.00326166930608, 0.000971611647401], [0.000144929392263, -0.00241541722789, 0.00134902144782, 0.00293459766544, -0.00162559666205, -0.00107162911445, 0.000985026592389, -0.00476342486218, 0.0128274122253, -0.00517090363428, -0.00386437983252, 0.0031042562332, -0.00136504869442], [-9.27034125198e-05, 0.00216127256863, -0.00107920006849, -0.000334665528499, 0.00190720520914, -0.00134461419657, 0.00116400490515, 0.000135778682306, -0.00517090363428, 0.0132958479226, -0.00705369189382, 0.000251561781624, 0.00251671532169], [0.00011454437481, -0.00128834997304, 0.0015347750159, -0.00134501885623, 0.000135888039949, 0.00309478794225, -0.00235386705026, 0.00437841564417, -0.00386437983252, -0.00705369189382, 0.0202415864915, -0.0110540799797, -0.000295627542073], [-1.3987722923e-05, 0.00113001849968, -0.0010364970658, 0.00146613433026, -0.000410349661252, -0.00143156992272, 0.000154585970449, -0.00326166930608, 0.0031042562332, 0.000251561781624, -0.0110540799797, 0.0151464929804, -0.00569236231968], [7.97138054622e-05, -0.00031411688542, 0.000192090723431, -0.000816313433461, 0.0011658151634, 0.00130365346558, 0.00264799641445, 0.000971611647401, -0.00136504869442, 0.00251671532169, -0.000295627542073, -0.00569236231968, 0.0117697268724]]}, "melbands": {"dmean": [4.82703617308e-05, 3.20566941809e-05, 8.63066379679e-05, 0.000238334396272, 0.000231604732107, 0.000100301316706, 2.59038442891e-05, 0.000113750546006, 6.11159048276e-05, 0.000231480851653, 6.04943597864e-05, 2.79008017969e-05, 2.03132840397e-05, 1.82473813766e-05, 1.30776343212e-05, 3.11208095809e-05, 7.14858542779e-05, 9.31950853555e-05, 1.94425010704e-05, 3.88485314033e-05, 1.75889108505e-05, 2.07333596336e-05, 3.42916246154e-05, 6.28711040918e-06, 5.86600526731e-06, 5.71719010622e-06, 5.066250651e-06, 5.70985503145e-06, 1.01168989204e-05, 1.08275062303e-05, 8.68071492732e-06, 8.0266927398e-06, 5.23736389368e-06, 7.73033480073e-06, 7.01272938386e-06, 2.73844057119e-06, 2.73107957582e-06, 2.39088217313e-06, 1.96249857254e-06, 1.835391231e-06], "dmean2": [5.87792455917e-05, 4.04523198085e-05, 9.72407942754e-05, 0.000306336267386, 0.000315494689858, 0.00013712211512, 3.80687597499e-05, 0.000157856906299, 8.44960741233e-05, 0.00033362058457, 9.45661813603e-05, 4.83423355035e-05, 3.30122456944e-05, 3.16245677823e-05, 2.38703614741e-05, 5.60924017918e-05, 0.00013139793009, 0.000174364424311, 3.68663750123e-05, 7.2730537795e-05, 3.27996422129e-05, 3.82218022423e-05, 6.28265770501e-05, 1.1236968021e-05, 1.02595222415e-05, 9.56098301685e-06, 8.09786070022e-06, 9.47585067479e-06, 1.68993119587e-05, 1.81355862878e-05, 1.3127022612e-05, 1.3554972611e-05, 8.75977821124e-06, 1.32209834192e-05, 1.16338160296e-05, 4.45152227257e-06, 4.48405398856e-06, 3.94525477532e-06, 3.27272005052e-06, 3.00469741887e-06], "dvar": [6.27786249652e-08, 2.46968152595e-08, 4.01238828829e-08, 1.91641106539e-07, 1.90043351722e-07, 6.85089460717e-08, 2.46531275394e-08, 1.37360444796e-07, 7.113946765e-08, 5.27211227563e-07, 7.45333963437e-08, 4.04484374883e-08, 4.72293537612e-09, 1.28008847966e-08, 3.57327545331e-09, 3.11766079619e-08, 1.10328230107e-07, 3.14643500587e-07, 4.55867343874e-09, 1.28764014562e-07, 8.8735898629e-09, 3.56462486195e-08, 1.78043848109e-07, 4.11018330482e-10, 2.13798076465e-10, 2.1926524485e-10, 1.0343254031e-10, 1.29712379726e-10, 5.31247767999e-10, 5.42406342063e-10, 4.31444130422e-10, 5.75513636747e-10, 1.97320507156e-10, 5.13094788879e-10, 8.14150136197e-10, 4.35347140282e-11, 4.78417895577e-11, 3.32110935974e-11, 2.01091192309e-11, 1.80531353755e-11], "dvar2": [1.16575449738e-07, 4.37841656264e-08, 6.39999413465e-08, 3.65699634131e-07, 4.13662320398e-07, 1.32149381216e-07, 5.37728510608e-08, 2.52717853755e-07, 1.53682918835e-07, 1.10565031264e-06, 1.83101192874e-07, 1.08142714339e-07, 1.16994849364e-08, 3.49103679298e-08, 9.81576420145e-09, 8.62544382585e-08, 3.11889010618e-07, 9.02142403447e-07, 1.33428628146e-08, 3.74539240511e-07, 2.58503476402e-08, 1.04200921669e-07, 5.16918476023e-07, 1.20483623078e-09, 6.01379834819e-10, 5.85755277616e-10, 2.52771525933e-10, 3.49253514997e-10, 1.38258249294e-09, 1.39587719161e-09, 8.96970830944e-10, 1.56145740782e-09, 5.43286915455e-10, 1.41710065904e-09, 2.10658201993e-09, 9.73368052826e-11, 1.20035092976e-10, 8.35393976217e-11, 5.13854445106e-11, 4.6326605746e-11], "max": [0.00350710796192, 0.00232738861814, 0.00471864361316, 0.00783298816532, 0.00753353815526, 0.00612826133147, 0.00662114284933, 0.00492440536618, 0.00865993555635, 0.00721315480769, 0.00459960289299, 0.00440683215857, 0.00134268426336, 0.00316130276769, 0.00141321879346, 0.00381333031692, 0.00511814793572, 0.0103215985, 0.000755471119191, 0.00786145683378, 0.00220192968845, 0.00512402085587, 0.0102188289165, 0.000421889621066, 0.000167798280017, 0.000239349392359, 0.000131629902171, 0.000148686332977, 0.00035341604962, 0.000217369088205, 0.000366957159713, 0.000296355574392, 0.000155565227033, 0.000228633216466, 0.000547426810954, 0.000106788080302, 8.66311165737e-05, 7.79709152994e-05, 4.99630405102e-05, 5.16430300195e-05], "mean": [6.30293434369e-05, 4.67653080705e-05, 0.000478158093756, 0.00146763958037, 0.00131313328166, 0.000339649268426, 7.98625696916e-05, 0.000147132930579, 6.84739934513e-05, 0.000228615943342, 5.7277509768e-05, 2.05802061828e-05, 2.01091697818e-05, 1.53912405949e-05, 9.06961395231e-06, 2.03605195566e-05, 4.50369880127e-05, 5.78586841584e-05, 1.28176325234e-05, 2.4479950298e-05, 1.18826455946e-05, 1.46103966472e-05, 2.45281935349e-05, 6.26728069619e-06, 5.58162628295e-06, 7.22452523405e-06, 8.1529833551e-06, 8.11338031781e-06, 1.65054843819e-05, 1.46134307215e-05, 1.04720111267e-05, 8.14468785393e-06, 5.66467133467e-06, 7.10664699e-06, 6.69704695611e-06, 3.13075020131e-06, 2.88120190817e-06, 2.50720358963e-06, 2.20662218453e-06, 2.0451036562e-06], "median": [4.32997673272e-08, 7.42418478694e-07, 2.94691881209e-06, 0.00141903641634, 0.000481954397401, 1.52089387484e-05, 1.98905945581e-06, 1.59179671755e-05, 7.09449568603e-06, 7.28989925847e-06, 2.59693115368e-06, 7.4783230275e-07, 2.71249973594e-06, 2.31106673709e-06, 7.64863727909e-07, 6.06489493293e-07, 1.08775532226e-06, 1.86406703051e-06, 1.6045337361e-06, 1.69270992956e-06, 1.23690983855e-06, 1.39983592362e-06, 1.1038799812e-06, 6.17199646058e-07, 9.38314542509e-07, 6.08281823133e-07, 6.96200345374e-07, 1.36154358188e-06, 1.08002245724e-06, 1.06641709863e-06, 8.94790957773e-07, 5.61095134799e-07, 4.49095495014e-07, 4.6982756885e-07, 2.79538454606e-07, 1.71526409076e-07, 1.18224576795e-07, 9.73500817736e-08, 7.18186754511e-08, 5.24404271118e-08], "min": [4.80611692126e-24, 5.17829124115e-24, 1.31944283362e-23, 4.55436497956e-24, 4.32555784615e-24, 1.3936428537e-23, 1.93454300385e-23, 7.45622807917e-24, 1.01136259453e-23, 6.74510941616e-24, 7.12081862177e-24, 7.12207764377e-24, 3.69743878886e-24, 2.39391319615e-24, 5.48867014203e-24, 1.88100348753e-23, 1.19808833738e-23, 7.53847392829e-24, 9.01056253036e-24, 8.2494876728e-24, 1.56434840929e-23, 1.20779637522e-23, 8.51117176772e-24, 8.93556789068e-24, 1.16143257435e-23, 6.20323652163e-24, 9.40950447848e-24, 1.11056824313e-23, 1.01480904894e-23, 1.18756808834e-23, 9.29907499581e-24, 1.06551679126e-23, 1.41463964887e-23, 1.00041699169e-23, 1.41026352189e-23, 8.21411672753e-24, 1.13839744149e-23, 8.83638677565e-24, 8.46803290912e-24, 1.38399729364e-23], "var": [1.10030754286e-07, 4.83030042631e-08, 6.74597458783e-07, 2.17565684579e-06, 2.2390408958e-06, 6.15431019924e-07, 2.1148625251e-07, 2.12123282495e-07, 8.46947258992e-08, 6.16388717845e-07, 7.00249245256e-08, 2.8642492822e-08, 4.33758895468e-09, 8.56364668067e-09, 2.31691710262e-09, 1.97153866566e-08, 6.61071837271e-08, 1.82033659257e-07, 2.56687648914e-09, 7.10868803822e-08, 4.90997908997e-09, 1.94738589698e-08, 9.91846604848e-08, 3.07215836104e-10, 1.68380184795e-10, 2.91702689781e-10, 2.45151704492e-10, 2.35581221197e-10, 1.52795376351e-09, 7.92935717087e-10, 6.25920315578e-10, 4.58938304027e-10, 1.66101160604e-10, 3.69794250776e-10, 7.40978889358e-10, 5.69797785344e-11, 5.10882378069e-11, 3.59851905218e-11, 2.38441245914e-11, 2.27145437875e-11]}, "mfcc": {"mean": [-753.839050293, 55.1469612122, -5.92010688782, 13.6196575165, -19.9676952362, -10.7722434998, -26.9053249359, -22.2220573425, -14.5639152527, -18.1006278992, -21.5370445251, -17.1920700073, -17.4698295593], "cov": [[16411.28125, -1775.8572998, 764.998168945, 462.777954102, -106.737258911, 66.5078887939, 392.175872803, 258.766052246, 320.64932251, 264.12109375, 90.8588638306, -20.2781677246, -287.053955078], [-1775.8572998, 2477.51416016, 454.483551025, 396.166046143, 189.062042236, 17.0534725189, -252.467437744, -22.9719429016, -93.0161972046, -38.3341064453, -144.397445679, -85.8904037476, -20.1795310974], [764.998168945, 454.483551025, 606.714050293, 381.353729248, 85.8847808838, -4.06461954117, 58.8903274536, 25.195690155, -33.5047607422, -12.3639287949, -102.796821594, -71.4772033691, -81.8458938599], [462.777954102, 396.166046143, 381.353729248, 561.88470459, 120.011756897, 45.5042915344, 121.779418945, 56.2548217773, 12.0664234161, -43.1426315308, -147.6434021, -75.5832824707, -32.5778045654], [-106.737258911, 189.062042236, 85.8847808838, 120.011756897, 296.366027832, 258.667724609, 131.278610229, 76.2060775757, 30.1578216553, -8.85730171204, -3.08361029625, -50.7682418823, -78.2239456177], [66.5078887939, 17.0534725189, -4.06461954117, 45.5042915344, 258.667724609, 455.825469971, 192.469909668, 96.2325134277, 45.6138877869, 3.58439493179, 56.9534988403, -38.9555358887, -73.2177200317], [392.175872803, -252.467437744, 58.8903274536, 121.779418945, 131.278610229, 192.469909668, 288.618255615, 152.982055664, 97.3665313721, 15.2719020844, 5.13470649719, -0.221879377961, -14.5108003616], [258.766052246, -22.9719429016, 25.195690155, 56.2548217773, 76.2060775757, 96.2325134277, 152.982055664, 225.248703003, 123.704788208, 43.6141395569, 32.6924285889, 44.7063293457, 42.4553489685], [320.64932251, -93.0161972046, -33.5047607422, 12.0664234161, 30.1578216553, 45.6138877869, 97.3665313721, 123.704788208, 163.306564331, 89.6005401611, 55.617061615, 39.48412323, 34.7556228638], [264.12109375, -38.3341064453, -12.3639287949, -43.1426315308, -8.85730171204, 3.58439493179, 15.2719020844, 43.6141395569, 89.6005401611, 178.61479187, 116.008094788, 47.3646965027, 20.600643158], [90.8588638306, -144.397445679, -102.796821594, -147.6434021, -3.08361029625, 56.9534988403, 5.13470649719, 32.6924285889, 55.617061615, 116.008094788, 227.528411865, 160.460205078, 86.0957565308], [-20.2781677246, -85.8904037476, -71.4772033691, -75.5832824707, -50.7682418823, -38.9555358887, -0.221879377961, 44.7063293457, 39.48412323, 47.3646965027, 160.460205078, 254.336364746, 218.988449097], [-287.053955078, -20.1795310974, -81.8458938599, -32.5778045654, -78.2239456177, -73.2177200317, -14.5108003616, 42.4553489685, 34.7556228638, 20.600643158, 86.0957565308, 218.988449097, 319.778106689]], "icov": [[8.6864172772e-05, 0.000103132602817, -0.000169358114363, -6.93068650435e-05, 0.000113767608127, -0.000101956968138, 0.000147056736751, -5.51247794647e-05, -0.000165405872394, -5.59144536965e-05, 4.81174138258e-05, -0.000137605733471, 0.000155411849846], [0.000103132602817, 0.000886625144631, -0.000551318284124, -0.000449505430879, -0.000483536277898, -0.000463006348582, 0.0018497427227, -0.000652637507301, -8.46585389809e-05, -0.000366270338418, 0.000566078699194, -0.000305824767565, -2.26106726586e-06], [-0.000169358114363, -0.000551318284124, 0.00382629223168, -0.00191752181854, -0.000332391937263, 0.000885767920408, -0.00108141824603, -0.000428686646046, 0.0021981978789, -0.00101395556703, 5.80267042096e-05, -0.000492564286105, 0.000874595541973], [-6.93068650435e-05, -0.000449505430879, -0.00191752181854, 0.00446745380759, -0.000731899344828, 0.000193496583961, -0.00186444120482, 0.000927079003304, -0.000863599881995, -0.000134007059387, 0.0024704800453, -0.000392948335502, -0.00076220621122], [0.000113767608127, -0.000483536277898, -0.000332391937263, -0.000731899344828, 0.00854266993701, -0.00404007220641, -0.000914833974093, -0.000504165422171, -0.000464240845758, 0.000473904015962, -2.80416461464e-05, -0.000638366560452, 0.00156670750584], [-0.000101956968138, -0.000463006348582, 0.000885767920408, 0.000193496583961, -0.00404007220641, 0.0066396985203, -0.00357602629811, 0.000153036220581, 0.000929696077947, 0.00189424445853, -0.00484212627634, 0.00375472311862, -0.00101562472992], [0.000147056736751, 0.0018497427227, -0.00108141824603, -0.00186444120482, -0.000914833974093, -0.00357602629811, 0.0117803988978, -0.00439766142517, -0.00219803466462, -0.000342524406733, 0.00255608651787, -0.00215913145803, 0.000909239577595], [-5.51247794647e-05, -0.000652637507301, -0.000428686646046, 0.000927079003304, -0.000504165422171, 0.000153036220581, -0.00439766142517, 0.0108796097338, -0.00633693905547, 0.00102530594449, 0.000508353288751, -0.00103962922003, -0.000640443409793], [-0.000165405872394, -8.46585389809e-05, 0.0021981978789, -0.000863599881995, -0.000464240845758, 0.000929696077947, -0.00219803466462, -0.00633693905547, 0.0164111983031, -0.00679138302803, 0.000644305429887, 0.00024308837601, -0.000524402363226], [-5.59144536965e-05, -0.000366270338418, -0.00101395556703, -0.000134007059387, 0.000473904015962, 0.00189424445853, -0.000342524406733, 0.00102530594449, -0.00679138302803, 0.0141898384318, -0.010790255852, 0.00627840775996, -0.00151891913265], [4.81174138258e-05, 0.000566078699194, 5.80267042096e-05, 0.0024704800453, -2.80416461464e-05, -0.00484212627634, 0.00255608651787, 0.000508353288751, 0.000644305429887, -0.010790255852, 0.0226995591074, -0.0169492382556, 0.00539904972538], [-0.000137605733471, -0.000305824767565, -0.000492564286105, -0.000392948335502, -0.000638366560452, 0.00375472311862, -0.00215913145803, -0.00103962922003, 0.00024308837601, 0.00627840775996, -0.0169492382556, 0.0237467549741, -0.0116949817166], [0.000155411849846, -2.26106726586e-06, 0.000874595541973, -0.00076220621122, 0.00156670750584, -0.00101562472992, 0.000909239577595, -0.000640443409793, -0.000524402363226, -0.00151891913265, 0.00539904972538, -0.0116949817166, 0.0103998389095]]}, "spectral_contrast_coeffs": {"dmean": [0.0437410101295, 0.0496716797352, 0.0508616566658, 0.0361560247838, 0.022024685517, 0.0199933443218], "dmean2": [0.0688986554742, 0.0802040919662, 0.0783832445741, 0.0603383369744, 0.0366250015795, 0.0331086032093], "dvar": [0.00170329376124, 0.0024723210372, 0.00225230911747, 0.00136845628731, 0.000388106040191, 0.000378828583052], "dvar2": [0.00403643585742, 0.00583171565086, 0.00484243640676, 0.00338265695609, 0.00105011777487, 0.000974910915829], "max": [-0.14814992249, -0.266411662102, -0.413661152124, -0.431150197983, -0.56085562706, -0.626631259918], "mean": [-0.435509294271, -0.649798572063, -0.749474167824, -0.808597445488, -0.800102412701, -0.751269996166], "median": [-0.364757329226, -0.671824395657, -0.763309299946, -0.812785089016, -0.801989138126, -0.7523676157], "min": [-0.971943080425, -0.977582156658, -0.979534268379, -0.967816889286, -0.958382487297, -0.958474755287], "var": [0.0331417508423, 0.0199619010091, 0.00826012250036, 0.00271445605904, 0.001721045468, 0.00117450184189]}, "spectral_contrast_valleys": {"dmean": [0.636802196503, 0.501418888569, 0.486499905586, 0.517850399017, 0.467132240534, 0.496649056673], "dmean2": [0.984637260437, 0.809214413166, 0.799074828625, 0.82143586874, 0.687818944454, 0.682706594467], "dvar": [0.356100738049, 0.35567098856, 0.369422346354, 0.517974257469, 0.458269536495, 0.592777788639], "dvar2": [0.751787722111, 0.726411581039, 0.764052152634, 1.12375175953, 0.891944408417, 1.0