{"lowlevel": {"average_loudness": 0.348343223333, "barkbands_crest": {"dmean": 1.70224320889, "dmean2": 2.52977538109, "dvar": 3.0342297554, "dvar2": 7.17440795898, "max": 26.2343425751, "mean": 12.7699165344, "median": 12.2075834274, "min": 3.26920199394, "var": 21.2635307312}, "barkbands_flatness_db": {"dmean": 0.0145943621174, "dmean2": 0.0204646289349, "dvar": 0.000212894112337, "dvar2": 0.000398895295803, "max": 0.507361531258, "mean": 0.220039248466, "median": 0.213820487261, "min": 0.0369064025581, "var": 0.00517595885321}, "barkbands_kurtosis": {"dmean": 3.60131454468, "dmean2": 5.5483288765, "dvar": 54.0407752991, "dvar2": 120.215011597, "max": 228.693664551, "mean": 8.59431266785, "median": 3.15497255325, "min": -1.8616631031, "var": 262.932525635}, "barkbands_skewness": {"dmean": 0.495480537415, "dmean2": 0.753387093544, "dvar": 0.337663680315, "dvar2": 0.762425422668, "max": 9.56525611877, "mean": 1.66821229458, "median": 1.42121076584, "min": -2.74290156364, "var": 2.71738696098}, "barkbands_spread": {"dmean": 2.50103640556, "dmean2": 3.8602771759, "dvar": 12.9581985474, "dvar2": 31.7948608398, "max": 105.496566772, "mean": 11.585943222, "median": 8.15711402893, "min": 0.260110139847, "var": 125.359474182}, "dissonance": {"dmean": 0.0343835800886, "dmean2": 0.0579380504787, "dvar": 0.00127158826217, "dvar2": 0.00348664470948, "max": 0.499650001526, "mean": 0.390073567629, "median": 0.404023110867, "min": 0.0474675558507, "var": 0.00461181811988}, "dynamic_complexity": 6.88515615463, "erbbands_crest": {"dmean": 2.62980246544, "dmean2": 3.98280310631, "dvar": 7.45555973053, "dvar2": 17.5374660492, "max": 33.8449630737, "mean": 14.6418685913, "median": 13.2123708725, "min": 2.53175497055, "var": 42.8323364258}, "erbbands_flatness_db": {"dmean": 0.0137622589245, "dmean2": 0.02006280981, "dvar": 0.000214602710912, "dvar2": 0.000412385037635, "max": 0.544471085072, "mean": 0.239287272096, "median": 0.226663082838, "min": 0.0389148741961, "var": 0.00510484119877}, "erbbands_kurtosis": {"dmean": 1.78084290028, "dmean2": 2.74230003357, "dvar": 21.0498657227, "dvar2": 39.4139251709, "max": 282.791381836, "mean": 3.18772625923, "median": 0.685262203217, "min": -1.69821071625, "var": 96.4807357788}, "erbbands_skewness": {"dmean": 0.388614118099, "dmean2": 0.60035353899, "dvar": 0.174618244171, "dvar2": 0.351661801338, "max": 12.0156955719, "mean": 0.754171788692, "median": 0.641015708447, "min": -4.66292285919, "var": 1.58789265156}, "erbbands_spread": {"dmean": 4.40842533112, "dmean2": 6.92184591293, "dvar": 21.0840320587, "dvar2": 49.4455070496, "max": 129.323303223, "mean": 22.9042625427, "median": 21.5927429199, "min": 0.53486931324, "var": 232.69519043}, "hfc": {"dmean": 1.9772285223, "dmean2": 2.7990128994, "dvar": 15.1695890427, "dvar2": 29.078546524, "max": 66.8794021606, "mean": 9.96678447723, "median": 8.28820800781, "min": 1.08928913473e-16, "var": 100.024604797}, "melbands_crest": {"dmean": 2.11211800575, "dmean2": 3.1359000206, "dvar": 4.62577867508, "dvar2": 10.295088768, "max": 33.6189193726, "mean": 17.45262146, "median": 16.5149669647, "min": 1.53166973591, "var": 40.5901641846}, "melbands_flatness_db": {"dmean": 0.0152965700254, "dmean2": 0.0210519880056, "dvar": 0.000272211123956, "dvar2": 0.000455586297903, "max": 0.608222424984, "mean": 0.283711880445, "median": 0.282624721527, "min": 0.00321573880501, "var": 0.00790664739907}, "melbands_kurtosis": {"dmean": 5.01099634171, "dmean2": 7.66505384445, "dvar": 80.9329452515, "dvar2": 177.489929199, "max": 181.8175354, "mean": 12.540640831, "median": 5.3976392746, "min": -1.87963807583, "var": 432.173980713}, "melbands_skewness": {"dmean": 0.552082836628, "dmean2": 0.824823260307, "dvar": 0.353862136602, "dvar2": 0.800473093987, "max": 11.0988807678, "mean": 2.07427859306, "median": 1.70996260643, "min": -4.00982761383, "var": 3.3453977108}, "melbands_spread": {"dmean": 3.60694885254, "dmean2": 5.59718036652, "dvar": 31.4378890991, "dvar2": 73.0659713745, "max": 167.69631958, "mean": 16.424987793, "median": 11.1880626678, "min": 0.522323787212, "var": 354.677642822}, "pitch_salience": {"dmean": 0.0461589954793, "dmean2": 0.0698793530464, "dvar": 0.00204908405431, "dvar2": 0.00479815900326, "max": 0.855807065964, "mean": 0.437111377716, "median": 0.436360418797, "min": 0.0658847466111, "var": 0.0151834813878}, "silence_rate_20dB": {"dmean": 0, "dmean2": 0, "dvar": 0, "dvar2": 0, "max": 1, "mean": 1, "median": 1, "min": 1, "var": 0}, "silence_rate_30dB": {"dmean": 0.000515198335052, "dmean2": 0.00103066221345, "dvar": 0.00051491666818, "dvar2": 0.00154486589599, "max": 1, "mean": 0.99974244833, "median": 1, "min": 0, "var": 0.000257462495938}, "silence_rate_60dB": {"dmean": 0.0128799583763, "dmean2": 0.0257665552199, "dvar": 0.0127127598971, "dvar2": 0.0256177913398, "max": 1, "mean": 0.308266818523, "median": 0, "min": 0, "var": 0.213241413236}, "spectral_centroid": {"dmean": 150.635177612, "dmean2": 238.888870239, "dvar": 78343.3046875, "dvar2": 146148.890625, "max": 11569.3486328, "mean": 1088.64282227, "median": 726.691711426, "min": 201.235122681, "var": 1470281.5}, "spectral_complexity": {"dmean": 1.26532709599, "dmean2": 2.1113114357, "dvar": 1.77502942085, "dvar2": 4.432908535, "max": 26, "mean": 9.03219127655, "median": 9, "min": 0, "var": 27.329240799}, "spectral_decrease": {"dmean": 8.89029683204e-10, "dmean2": 1.2238304814e-09, "dvar": 2.98486324922e-18, "dvar2": 5.81627167351e-18, "max": 2.56171841911e-28, "mean": -5.05397812489e-09, "median": -3.2571516595e-09, "min": -2.96029050162e-08, "var": 2.96588619568e-17}, "spectral_energy": {"dmean": 0.00351011310704, "dmean2": 0.00483484473079, "dvar": 4.67054996989e-05, "dvar2": 9.06419227249e-05, "max": 0.115568570793, "mean": 0.0199788603932, "median": 0.0130573697388, "min": 1.01780147666e-20, "var": 0.000456360779935}, "spectral_energyband_high": {"dmean": 2.385287371e-05, "dmean2": 4.06567123719e-05, "dvar": 1.48269008182e-09, "dvar2": 4.08168832067e-09, "max": 0.000807237753179, "mean": 5.76862112212e-05, "median": 3.55257980118e-05, "min": 7.28029445207e-21, "var": 4.99765118178e-09}, "spectral_energyband_low": {"dmean": 0.000637810968328, "dmean2": 0.00100045220461, "dvar": 2.68588132712e-06, "dvar2": 6.55106259728e-06, "max": 0.0357706435025, "mean": 0.00214308779687, "median": 0.000146900521941, "min": 2.62926613958e-23, "var": 1.59197352332e-05}, "spectral_energyband_middle_high": {"dmean": 0.00124984350987, "dmean2": 0.00175683025736, "dvar": 1.17463750939e-05, "dvar2": 2.1910875148e-05, "max": 0.0680490285158, "mean": 0.00409499416128, "median": 0.00184520729817, "min": 1.0921608334e-21, "var": 5.62858185731e-05}, "spectral_energyband_middle_low": {"dmean": 0.00288296560757, "dmean2": 0.00400375621393, "dvar": 2.9782533602e-05, "dvar2": 6.41906372039e-05, "max": 0.112257875502, "mean": 0.0147001994774, "median": 0.00859106425196, "min": 1.56733181812e-22, "var": 0.000294135505101}, "spectral_entropy": {"dmean": 0.123399727046, "dmean2": 0.177131056786, "dvar": 0.0204423815012, "dvar2": 0.0391413494945, "max": 9.82517814636, "mean": 6.35585594177, "median": 6.42118883133, "min": 3.99388003349, "var": 0.530702531338}, "spectral_flux": {"dmean": 0.0105046881363, "dmean2": 0.0171535704285, "dvar": 0.000385776918847, "dvar2": 0.000912001880351, "max": 0.268357902765, "mean": 0.0341608971357, "median": 0.0302796121687, "min": 6.46232442558e-11, "var": 0.000893715186976}, "spectral_kurtosis": {"dmean": 4.11220932007, "dmean2": 6.97712564468, "dvar": 42.9148445129, "dvar2": 104.379241943, "max": 251.449325562, "mean": 14.3112916946, "median": 9.26968479156, "min": -1.27556025982, "var": 301.807128906}, "spectral_rms": {"dmean": 0.000346311950125, "dmean2": 0.000463487987872, "dvar": 3.09708440227e-07, "dvar2": 5.67529752971e-07, "max": 0.010618371889, "mean": 0.0036625363864, "median": 0.0035691591911, "min": 3.15115381705e-12, "var": 6.07742549619e-06}, "spectral_rolloff": {"dmean": 254.129608154, "dmean2": 439.531158447, "dvar": 314079.53125, "dvar2": 649618.0625, "max": 19466.015625, "mean": 1406.69067383, "median": 882.861328125, "min": 193.798828125, "var": 5633690}, "spectral_skewness": {"dmean": 0.34803763032, "dmean2": 0.584976911545, "dvar": 0.163691952825, "dvar2": 0.398384332657, "max": 13.1923532486, "mean": 2.62203383446, "median": 2.30565810204, "min": -0.0619247443974, "var": 1.74113833904}, "spectral_spread": {"dmean": 285494.0625, "dmean2": 468468.65625, "dvar": 656365715456, "dvar2": 1011729694720.0, "max": 42141088, "mean": 3682171.5, "median": 3129407.25, "min": 352424.90625, "var": 16427179311100.0}, "spectral_strongpeak": {"dmean": 0.337675899267, "dmean2": 0.524863660336, "dvar": 0.328063219786, "dvar2": 0.718403875828, "max": 7.40139102936, "mean": 1.2783703804, "median": 0.965517222881, "min": 0, "var": 1.30012285709}, "zerocrossingrate": {"dmean": 0.00490268599242, "dmean2": 0.00612018583342, "dvar": 7.56165245548e-05, "dvar2": 0.000101638892374, "max": 0.5185546875, "mean": 0.0499835014343, "median": 0.03466796875, "min": 0.0078125, "var": 0.00368683948182}, "barkbands": {"dmean": [3.45389662471e-06, 7.25654972484e-05, 0.000347495806636, 0.000572567281779, 0.000717781076673, 0.00107643590309, 0.000973673188128, 0.000398901785957, 0.000305033056065, 0.000796220614575, 0.000286463211523, 0.000317074300256, 9.32126204134e-05, 4.93785591971e-05, 0.000100018150988, 3.58621982741e-05, 7.57174711907e-05, 2.59731677943e-05, 4.3686144636e-05, 1.00573142845e-05, 1.8650185666e-05, 4.9072937145e-06, 1.550627303e-06, 8.74458805811e-07, 4.27788194202e-07, 1.50069780602e-07, 5.34197432955e-08], "dmean2": [6.10454435446e-06, 0.000123097008327, 0.000527591619175, 0.000849364441819, 0.00106253323611, 0.00152867112774, 0.0013644854771, 0.00052678398788, 0.000404348567827, 0.0010108059505, 0.000415176531533, 0.000496749882586, 0.000155959380209, 7.8281176684e-05, 0.000171583378688, 5.96814352321e-05, 0.000132242916152, 4.53061984445e-05, 7.48792517697e-05, 1.73337666638e-05, 3.19904065691e-05, 8.43522411742e-06, 2.68946905635e-06, 1.46098398091e-06, 7.09498181095e-07, 2.42397646844e-07, 8.41938074814e-08], "dvar": [1.87327908741e-09, 2.9275797786e-08, 1.41631392125e-06, 2.36961295741e-06, 4.44199713456e-06, 7.42673273635e-06, 9.46303680394e-06, 2.08936262425e-06, 1.05738763523e-06, 1.15063539852e-05, 5.83563121381e-07, 3.34060530349e-07, 1.2164720431e-07, 2.89013613042e-08, 4.65914915537e-08, 7.68524444084e-09, 1.87803639307e-08, 6.24475049449e-09, 4.99263030918e-09, 1.10726683378e-09, 9.02232677458e-10, 9.90608567397e-11, 9.03028606752e-12, 1.97115717845e-12, 5.11200944856e-13, 6.48876229982e-14, 8.01925393494e-15], "dvar2": [5.29298560537e-09, 8.1162355059e-08, 3.32155514116e-06, 4.77947014588e-06, 1.05481658466e-05, 2.09849185921e-05, 1.91464896488e-05, 3.92632227886e-06, 1.86670172297e-06, 2.07764314837e-05, 1.05321896626e-06, 8.3759152858e-07, 2.98956791767e-07, 6.77063241028e-08, 1.31688210558e-07, 2.08944737068e-08, 5.38048823273e-08, 1.80664887495e-08, 1.40207099264e-08, 3.15304093945e-09, 2.54249576948e-09, 2.89668983244e-10, 2.55510265723e-11, 5.42723461658e-12, 1.38624018948e-12, 1.63114693193e-13, 1.91293768342e-14], "max": [0.0015275052283, 0.00281006842852, 0.0273041129112, 0.06260445714, 0.0571202114224, 0.047197304666, 0.0655095428228, 0.0444580689073, 0.0254345182329, 0.0680851116776, 0.0228270273656, 0.00892627891153, 0.00738285621628, 0.00317227607593, 0.0030292426236, 0.00152571627405, 0.00236249226145, 0.00158921873663, 0.000831321172882, 0.000900238694157, 0.000410282111261, 0.000208309487789, 6.65669431328e-05, 2.18344521272e-05, 1.31034412334e-05, 6.03244006925e-06, 2.64795471594e-06], "mean": [2.67603604698e-06, 0.000121683107864, 0.00112788309343, 0.00279309321195, 0.00389652256854, 0.00307283503935, 0.00280803302303, 0.00099632772617, 0.000903910025954, 0.0024984641932, 0.000594589975663, 0.00048502383288, 0.000120507014799, 6.76854615449e-05, 0.000152581211296, 5.14613857376e-05, 0.000106733859866, 3.93533628085e-05, 7.28085215087e-05, 1.82754974958e-05, 3.00348219753e-05, 9.6923467936e-06, 3.61901470569e-06, 2.68833878181e-06, 1.47164757891e-06, 6.90423235028e-07, 2.7778992262e-07], "median": [3.67962201153e-07, 2.51279143413e-05, 3.42516286764e-05, 4.93542975164e-05, 0.000392356945667, 0.000540249748155, 0.000359002588084, 0.00026617833646, 0.000131056425744, 0.000296825252008, 9.10732342163e-05, 0.000159107032232, 8.52256198414e-06, 5.79863854e-06, 3.83194019378e-05, 1.08361118691e-05, 4.50490078947e-05, 1.15540442494e-05, 3.83991246053e-05, 2.8099566407e-06, 1.40525298775e-05, 4.50670495411e-06, 2.05771539186e-06, 1.61422201472e-06, 8.46445061597e-07, 4.17030406652e-07, 1.96580785428e-07], "min": [5.68408548357e-25, 5.6614594737e-24, 3.23128746933e-24, 3.75425570669e-24, 7.14095035207e-24, 2.06325102479e-23, 1.04919896678e-23, 1.20959237484e-23, 1.03823072364e-23, 2.24331531061e-23, 1.84097778961e-23, 2.41185181425e-23, 3.2123542554e-23, 4.58939616244e-23, 3.55463626901e-23, 5.15269964675e-23, 7.73544508103e-23, 1.08180067895e-22, 1.65599170593e-22, 2.22214089552e-22, 2.89379625532e-22, 3.28717581899e-22, 4.31838110518e-22, 6.46901131788e-22, 9.22403318225e-22, 1.31552322675e-21, 1.90664787881e-21], "var": [1.11415721094e-09, 6.41524096068e-08, 8.9005297923e-06, 7.68715617596e-05, 4.86783937959e-05, 3.02188000205e-05, 3.98435477109e-05, 8.11651807453e-06, 5.73222405365e-06, 5.40835135325e-05, 2.66321922027e-06, 6.39350503207e-07, 1.60725505793e-07, 3.99321216094e-08, 7.67731336282e-08, 1.12389857421e-08, 2.69472462122e-08, 9.77984093709e-09, 9.13601638786e-09, 2.54466669958e-09, 1.55933632673e-09, 2.34186503523e-10, 2.66705529189e-11, 9.33537448733e-12, 2.93485960361e-12, 5.73620794961e-13, 6.9063874899e-14]}, "erbbands": {"dmean": [0.00141032901593, 0.0227564089, 0.28280621767, 1.24535679817, 1.86035835743, 2.86976933479, 5.52298688889, 9.57549285889, 15.1191768646, 8.17342185974, 9.79078102112, 8.89875221252, 8.91940021515, 31.6014175415, 9.08337974548, 16.1282291412, 4.31356811523, 3.02288913727, 2.79306864738, 5.11639595032, 2.83104157448, 2.28814983368, 1.7108130455, 0.87579447031, 2.8745803833, 0.411153465509, 0.854978203773, 0.330393612385, 0.226419940591, 0.0581172481179, 0.0618514753878, 0.0212497264147, 0.0106208315119, 0.00564196612686, 0.00264294468798, 0.000895043660421, 0.000315552519169, 8.10647470644e-05, 1.09325510493e-05, 4.02876321459e-06], "dmean2": [0.00229296041653, 0.0375564545393, 0.431182056665, 1.93422460556, 2.55305719376, 4.39106941223, 8.02392864227, 13.9438714981, 20.3048191071, 12.4013299942, 12.622376442, 11.5628290176, 11.8476362228, 41.4795455933, 13.0002803802, 25.1952342987, 7.23438262939, 4.88044881821, 4.61719894409, 8.78773975372, 4.89617300034, 3.97237348557, 2.98228693008, 1.49869656563, 4.99014854431, 0.701196074486, 1.46305131912, 0.564241468906, 0.391702204943, 0.0971279144287, 0.108429946005, 0.0357902869582, 0.0175893828273, 0.00946982763708, 0.00441655144095, 0.00147312600166, 0.000519017979968, 0.000130503685796, 1.72766685864e-05, 5.62324657949e-06], "dvar": [1.62041324074e-05, 0.00270136073232, 0.79777097702, 9.19326496124, 23.2913150787, 96.7643966675, 305.382568359, 708.575439453, 2007.77185059, 687.118164062, 1478.53466797, 857.648864746, 704.299743652, 16310.6337891, 508.647369385, 875.721984863, 179.646606445, 87.8245315552, 47.9612541199, 128.00189209, 21.9614696503, 17.5175762177, 31.2734603882, 3.10682582855, 21.8955860138, 1.21304106712, 1.6455193758, 0.298795431852, 0.257584005594, 0.00908126495779, 0.0163317564875, 0.0012554100249, 0.000277130340692, 7.92103019194e-05, 2.59585667663e-05, 2.27821647059e-06, 3.19697534223e-07, 2.37256614355e-08, 3.08727376996e-10, 5.87783294259e-11], "dvar2": [4.38878996647e-05, 0.00713822059333, 1.83515000343, 22.3358840942, 40.6383056641, 235.668045044, 702.802978516, 2059.64135742, 3890.36352539, 1534.95959473, 2750.54614258, 1465.16040039, 1111.61914062, 29583.3710938, 833.048034668, 2184.09375, 451.510345459, 219.315658569, 124.176795959, 359.966461182, 62.2104644775, 49.9646186829, 90.652671814, 8.96282100677, 60.8943328857, 3.34856200218, 4.66580438614, 0.824465632439, 0.752256274223, 0.0252794604748, 0.0468234233558, 0.00351962679997, 0.000740341667552, 0.000217598018935, 7.28229933884e-05, 5.86057694818e-06, 8.57557097333e-07, 5.62335635834e-08, 7.50453699183e-10, 1.14019967079e-10], "max": [0.07797986269, 0.977110862732, 20.3884449005, 81.0739746094, 217.292526245, 239.657928467, 530.770141602, 586.358642578, 1012.48657227, 682.602233887, 1165.27087402, 735.072265625, 640.548400879, 2496.47167969, 767.299438477, 459.510009766, 290.351898193, 261.375305176, 173.749649048, 180.818450928, 65.3184432983, 75.372253418, 113.626716614, 34.5520477295, 50.9616165161, 29.491186142, 16.1648712158, 7.92744064331, 11.109454155, 1.4754370451, 2.8040356636, 0.465541481972, 0.280452400446, 0.166777431965, 0.135189339519, 0.0382377505302, 0.012182444334, 0.00351558160037, 0.000457172427559, 0.000132757282699], "mean": [0.00223397742957, 0.054430808872, 1.01265835762, 4.99476385117, 11.3560266495, 14.8785037994, 18.1516036987, 26.5017299652, 45.7651062012, 21.3356189728, 24.8092269897, 27.3719520569, 26.6493320465, 95.4466629028, 23.0338497162, 25.3109378815, 6.40696811676, 4.51116228104, 4.64814376831, 8.024559021, 4.65694141388, 3.47598981857, 2.68415522575, 1.74270272255, 4.36618375778, 0.827066957951, 1.43750941753, 0.574328780174, 0.434358865023, 0.149691134691, 0.131408557296, 0.0605460181832, 0.0349714756012, 0.0192037671804, 0.00899505056441, 0.00352021516301, 0.00122240674682, 0.000344705651514, 6.04922352068e-05, 2.5384419132e-05], "median": [0.000805281219073, 0.0100685581565, 0.0437003336847, 0.219580039382, 0.516990423203, 0.989887416363, 3.94167780876, 5.56854200363, 6.87906169891, 3.60277891159, 8.61508750916, 5.2413187027, 6.46132421494, 11.4757432938, 7.2914891243, 9.07804012299, 1.71867179871, 0.641381680965, 1.72498810291, 1.42300307751, 2.36695790291, 1.71629428864, 0.842340171337, 0.775633990765, 2.3443710804, 0.379972428083, 0.795427262783, 0.306168347597, 0.19875317812, 0.0800524279475, 0.0714864954352, 0.0321048423648, 0.0205850452185, 0.011943936348, 0.00537012331188, 0.00210558110848, 0.00073992065154, 0.000196668566787, 4.56820162071e-05, 1.91485087271e-05], "min": [1.18223037147e-22, 9.85478061364e-22, 4.15749094194e-21, 7.69680493209e-21, 1.17695320756e-20, 2.08762954423e-20, 5.86745768736e-20, 9.20725434051e-20, 1.24861026459e-19, 1.82728888978e-19, 3.75457848724e-19, 3.91975818377e-19, 6.52281181943e-19, 9.4312672581e-19, 1.33190233749e-18, 1.26329029062e-18, 1.49556870708e-18, 2.38054473923e-18, 1.9591446072e-18, 3.26281061749e-18, 3.50084383287e-18, 4.32939756524e-18, 6.42508322179e-18, 7.5916593484e-18, 7.57949234877e-18, 1.15485985769e-17, 9.82100787936e-18, 1.20438142389e-17, 9.71963275939e-18, 1.20707555114e-17, 1.16386694466e-17, 1.16694331208e-17, 9.3803497419e-18, 8.32104984176e-18, 7.01818330152e-18, 4.37846674636e-18, 2.66395708301e-18, 1.06897367401e-18, 2.34549673478e-19, 2.83518481398e-20], "var": [2.23411534535e-05, 0.0155797349289, 6.86636209488, 138.926559448, 1022.71221924, 1087.65124512, 1471.13293457, 2967.32202148, 9731.68554688, 2053.49121094, 5464.97607422, 4605.38378906, 3514.33789062, 76324.265625, 2782.46435547, 1678.85888672, 245.726791382, 118.037475586, 68.5306549072, 223.312103271, 38.0773658752, 26.2396278381, 48.2702407837, 6.48050403595, 33.9875793457, 2.87890768051, 3.00611710548, 0.543832600117, 0.597197651863, 0.0321556180716, 0.0365599244833, 0.00522723188624, 0.00153476814739, 0.000469211110612, 0.000124262456666, 1.6176232748e-05, 1.83989686775e-06, 1.47486289848e-07, 2.71845457256e-09, 5.95393401248e-10]}, "gfcc": {"mean": [-122.609260559, 106.871253967, -120.890800476, -1.9721288681, -69.6884765625, -12.024523735, -24.3875312805, 0.0720420330763, -27.2167987823, -5.7890086174, -12.3347272873, 3.47934007645, -4.13939571381], "cov": [[23136.8632812, 3688.44555664, -3128.12695312, -17.5137577057, -776.041320801, -324.932037354, -1173.35754395, -696.093688965, -495.014434814, -463.698577881, -463.933227539, -461.349700928, -11.9553232193], [3688.44555664, 1842.31616211, 126.330596924, -407.076263428, -157.557540894, -122.529724121, -151.421218872, -294.853302002, -176.822525024, -338.187683105, -134.509185791, -161.088592529, 148.538253784], [-3128.12695312, 126.330596924, 1076.36791992, -28.2575473785, 174.411514282, 86.3524703979, 117.995025635, -59.5251998901, -61.2999000549, -151.584716797, -66.9535369873, -64.5052185059, -26.8937606812], [-17.5137577057, -407.076263428, -28.2575473785, 420.73135376, 224.825958252, 113.667152405, -67.1345291138, 11.7479543686, -6.63889503479, 17.1432666779, -46.915561676, -47.6762084961, -136.206939697], [-776.041320801, -157.557540894, 174.411514282, 224.825958252, 358.917419434, 193.216445923, -79.7115707397, -64.0484848022, -18.4899654388, -57.2581367493, -71.9847488403, -91.5710067749, -103.503707886], [-324.932037354, -122.529724121, 86.3524703979, 113.667152405, 193.216445923, 210.124984741, 29.0243091583, -9.30027484894, -29.1975460052, -35.1576423645, -52.8050460815, -39.1379737854, -73.4885482788], [-1173.35754395, -151.421218872, 117.995025635, -67.1345291138, -79.7115707397, 29.0243091583, 358.733398438, 220.488449097, 41.3295822144, 25.1591339111, 57.3986434937, 98.4453582764, 52.0283203125], [-696.093688965, -294.853302002, -59.5251998901, 11.7479543686, -64.0484848022, -9.30027484894, 220.488449097, 288.941680908, 131.349807739, 85.7984695435, 57.67345047, 65.951171875, 10.1777200699], [-495.014434814, -176.822525024, -61.2999000549, -6.63889503479, -18.4899654388, -29.1975460052, 41.3295822144, 131.349807739, 166.612136841, 118.24886322, 56.6690063477, 28.3554840088, 0.360326260328], [-463.698577881, -338.187683105, -151.584716797, 17.1432666779, -57.2581367493, -35.1576423645, 25.1591339111, 85.7984695435, 118.24886322, 224.260574341, 140.852722168, 88.5660324097, -8.51682853699], [-463.933227539, -134.509185791, -66.9535369873, -46.915561676, -71.9847488403, -52.8050460815, 57.3986434937, 57.67345047, 56.6690063477, 140.852722168, 185.629989624, 130.054321289, 40.0113258362], [-461.349700928, -161.088592529, -64.5052185059, -47.6762084961, -91.5710067749, -39.1379737854, 98.4453582764, 65.951171875, 28.3554840088, 88.5660324097, 130.054321289, 186.487503052, 92.1896591187], [-11.9553232193, 148.538253784, -26.8937606812, -136.206939697, -103.503707886, -73.4885482788, 52.0283203125, 10.1777200699, 0.360326260328, -8.51682853699, 40.0113258362, 92.1896591187, 182.415283203]], "icov": [[0.0010208535241, -0.00277065299451, 0.00257043284364, -0.00268521998078, 0.0033293350134, -0.00241306726821, 0.00242565083317, -0.00169132254086, 0.00187023857143, -0.00097136455588, 0.00153958564624, -0.00056948204292, 0.000917495810427], [-0.00277065299451, 0.00896100886166, -0.00683303177357, 0.00783944316208, -0.00813592690974, 0.00619918899611, -0.00674079917371, 0.00602619023994, -0.00627111969516, 0.00556943984702, -0.00612931419164, 0.00347718875855, -0.00330526521429], [0.00257043284364, -0.00683303177357, 0.00789513252676, -0.006335277576, 0.00719745690003, -0.00522851757705, 0.00452205259353, -0.00287784682587, 0.00398562988266, -0.00129407201894, 0.00350786885247, -0.0011710927356, 0.00276846904308], [-0.00268521998078, 0.00783944316208, -0.006335277576, 0.0130099300295, -0.013017848134, 0.00826396979392, -0.00531333871186, 0.00212345574982, -0.00185550388414, 0.000912478077225, -0.00155578984413, -0.000507868942805, 0.000204789146665], [0.0033293350134, -0.00813592690974, 0.00719745690003, -0.013017848134, 0.0233849324286, -0.0174286756665, 0.010051606223, -0.00284268031828, 0.000421728327638, 0.00285914889537, -0.000629959686194, 0.0025671874173, 0.000696566305123], [-0.00241306726821, 0.00619918899611, -0.00522851757705, 0.00826396979392, -0.0174286756665, 0.020217243582, -0.00988532416523, 0.00427373265848, -0.00070339627564, -0.00153336382937, 0.00204164604656, -0.00234689423814, 0.00169841886964], [0.00242565083317, -0.00674079917371, 0.00452205259353, -0.00531333871186, 0.010051606223, -0.00988532416523, 0.0160643421113, -0.0133569408208, 0.0087770735845, -0.0025942097418, 0.00312195671722, -0.00333116739057, 0.00109178724233], [-0.00169132254086, 0.00602619023994, -0.00287784682587, 0.00212345574982, -0.00284268031828, 0.00427373265848, -0.0133569408208, 0.0197669677436, -0.0155809568241, 0.00757350353524, -0.00511818006635, 0.00298814894632, -0.00104422541335], [0.00187023857143, -0.00627111969516, 0.00398562988266, -0.00185550388414, 0.000421728327638, -0.00070339627564, 0.0087770735845, -0.0155809568241, 0.0245945081115, -0.0151434671134, 0.00812864117324, -0.00169598532375, 0.00107159791514], [-0.00097136455588, 0.00556943984702, -0.00129407201894, 0.000912478077225, 0.00285914889537, -0.00153336382937, -0.0025942097418, 0.00757350353524, -0.0151434671134, 0.0243012104183, -0.016120903194, 0.00403180345893, -0.000123406745843], [0.00153958564624, -0.00612931419164, 0.00350786885247, -0.00155578984413, -0.000629959686194, 0.00204164604656, 0.00312195671722, -0.00511818006635, 0.00812864117324, -0.016120903194, 0.0250673405826, -0.0139728207141, 0.00510217156261], [-0.00056948204292, 0.00347718875855, -0.0011710927356, -0.000507868942805, 0.0025671874173, -0.00234689423814, -0.00333116739057, 0.00298814894632, -0.00169598532375, 0.00403180345893, -0.0139728207141, 0.0205564480275, -0.00925854314119], [0.000917495810427, -0.00330526521429, 0.00276846904308, 0.000204789146665, 0.000696566305123, 0.00169841886964, 0.00109178724233, -0.00104422541335, 0.00107159791514, -0.000123406745843, 0.00510217156261, -0.00925854314119, 0.0131730800495]]}, "melbands": {"dmean": [1.60780273291e-05, 0.000105884115328, 0.000233026687056, 0.000159852948855, 0.000175427179784, 0.000215832085814, 0.000227409749641, 7.9314224422e-05, 7.71122140577e-05, 5.36437328265e-05, 4.60917181044e-05, 0.000135391412186, 3.19941755151e-05, 3.6894067307e-05, 2.00467929972e-05, 1.09270831672e-05, 5.27980000697e-06, 4.06403205488e-06, 8.25574807095e-06, 5.07193135491e-06, 4.41020893049e-06, 3.69570238945e-06, 1.19903188533e-06, 1.22898222799e-06, 6.78236290241e-07, 2.3368611437e-06, 1.0102004353e-06, 2.40413612573e-07, 3.37152272323e-07, 8.53192489103e-07, 1.57160524594e-08, 1.30481097926e-07, 1.08907080687e-07, 1.7628170923e-08, 5.06330408712e-08, 1.13729363704e-08, 1.91859825804e-08, 6.73622269076e-09, 1.35226567721e-08, 4.08550437925e-09], "dmean2": [2.69330175797e-05, 0.000162431359058, 0.000340671249432, 0.000234695995459, 0.000261848297669, 0.000308919494273, 0.000306417117827, 0.000119975571579, 0.000100280441984, 7.02034303686e-05, 6.1899299908e-05, 0.000176931614988, 4.47515594715e-05, 5.77202590648e-05, 3.10256691591e-05, 1.86133747775e-05, 8.40293341753e-06, 6.531327017e-06, 1.41517984957e-05, 8.63923105499e-06, 7.69343569118e-06, 6.43066778139e-06, 2.07744187719e-06, 2.15132763515e-06, 1.15522948363e-06, 4.03616331823e-06, 1.74642866568e-06, 4.06310249446e-07, 5.76813420139e-07, 1.45982437516e-06, 2.66185935516e-08, 2.27992188684e-07, 1.84707545259e-07, 2.98049585012e-08, 8.90018085897e-08, 1.91409039729e-08, 3.26289253394e-08, 1.12248983442e-08, 2.27276597542e-08, 6.83217882269e-09], "dvar": [1.71655001324e-09, 1.14113319682e-07, 3.19714757779e-07, 2.75977583897e-07, 2.66492719447e-07, 3.194869862e-07, 4.65493428692e-07, 5.96114517748e-08, 9.03368118088e-08, 3.22877617975e-08, 2.01121466148e-08, 3.17576734687e-07, 9.06298858183e-09, 3.96035293448e-09, 1.68792202437e-09, 1.50890344663e-09, 3.06981995379e-10, 1.43702272304e-10, 3.74294234495e-10, 1.29644614488e-10, 5.5108292929e-11, 4.77671131816e-11, 1.33638993968e-11, 1.1976374753e-11, 2.73859754318e-12, 1.44969201574e-11, 3.29228506436e-12, 9.82600394279e-13, 4.59250042509e-13, 2.01143593968e-12, 1.89774724865e-15, 1.43520652719e-13, 3.89735613845e-14, 1.47394119564e-15, 1.23115137741e-14, 6.64410367425e-16, 1.12617890189e-15, 1.68594774545e-16, 5.7432899582e-16, 4.19167885885e-17], "dvar2": [4.73401007284e-09, 2.64864411292e-07, 6.46747082556e-07, 6.30930571788e-07, 6.36686706912e-07, 9.01943963072e-07, 9.08559115942e-07, 1.34742947466e-07, 1.71492473555e-07, 5.54385763962e-08, 3.29192673121e-08, 5.75707417738e-07, 1.27680204187e-08, 1.00024415417e-08, 3.85755782872e-09, 4.09275768831e-09, 7.44161510191e-10, 3.47909451248e-10, 1.05586672738e-09, 3.58567980863e-10, 1.57784188493e-10, 1.36306355092e-10, 3.85107293277e-11, 3.47702110159e-11, 7.89453745431e-12, 4.05182658259e-11, 9.32573115953e-12, 2.64663768332e-12, 1.2463066603e-12, 5.59634890512e-12, 5.40189036419e-15, 4.18949055135e-13, 1.12179898346e-13, 4.11274772309e-15, 3.53812438332e-14, 1.84458682561e-15, 3.1478355299e-15, 4.69910373972e-16, 1.56094905525e-15, 1.13039418782e-16], "max": [0.000671665300615, 0.00781736150384, 0.0225123967975, 0.0161757171154, 0.0154724493623, 0.0113542443141, 0.0152190476656, 0.00600825762376, 0.00881331693381, 0.00432987092063, 0.00319700618275, 0.0110823335126, 0.0035532140173, 0.000947398715653, 0.000918843317777, 0.000726399302948, 0.000435793423094, 0.00027552904794, 0.000323095853673, 0.00016544573009, 0.000117544557725, 0.000123814315884, 7.21197066014e-05, 7.3368428275e-05, 3.04000241158e-05, 4.09199492424e-05, 2.95522240776e-05, 2.48257165367e-05, 1.82746316568e-05, 1.99917485588e-05, 1.35203845275e-06, 8.74427132658e-06, 3.16697378366e-06, 7.91378340637e-07, 2.51283245234e-06, 5.16637783221e-07, 4.21361136205e-07, 3.098509751e-07, 4.25703461815e-07, 1.1961030566e-07], "mean": [2.4799235689e-05, 0.00035407487303, 0.00113456067629, 0.000954586139414, 0.000624364824034, 0.000590126786847, 0.000682168232743, 0.000202427603654, 0.000189573853277, 0.000164346885867, 0.000132893706905, 0.000409231637605, 7.65768782003e-05, 6.01621613896e-05, 3.07744885504e-05, 1.38196255648e-05, 7.63401567383e-06, 6.13673728367e-06, 1.2375501683e-05, 7.48787670091e-06, 6.35484457234e-06, 5.20839512319e-06, 1.77283618541e-06, 1.87068974355e-06, 1.12030761557e-06, 3.53680366061e-06, 1.48437777625e-06, 4.17211794002e-07, 5.78501555992e-07, 1.33835192173e-06, 3.61623584411e-08, 2.38987752255e-07, 2.04756062772e-07, 3.95634209838e-08, 9.58024202191e-08, 2.91212192138e-08, 4.32249294136e-08, 1.95962606142e-08, 3.18772137575e-08, 1.18496146229e-08], "median": [6.35423248241e-06, 1.74673386937e-05, 4.48401005997e-05, 5.5061900639e-05, 0.00012129748211, 0.000101385572634, 9.98035393422e-05, 3.59643017873e-05, 5.79829938943e-05, 2.43970462179e-05, 2.70575001196e-05, 4.44433790108e-05, 1.48278786583e-05, 2.60150645772e-05, 9.89026921161e-06, 1.02968340343e-06, 7.44761962324e-07, 2.01725492843e-06, 2.21028153646e-06, 1.1113219216e-06, 3.01926525026e-06, 2.09638665183e-06, 4.85459281663e-07, 7.07303627223e-07, 1.5914959306e-07, 1.77283516223e-06, 7.12446365014e-07, 7.17536750017e-08, 2.88322524966e-07, 5.88850014083e-07, 1.98371470361e-08, 8.42098799581e-08, 9.84521335567e-08, 1.78967365372e-08, 4.55377602293e-08, 1.1898658947e-08, 2.21871427897e-08, 9.56840295885e-09, 1.69565943509e-08, 7.47938511125e-09], "min": [1.80950649934e-24, 1.86266527194e-24, 2.95338301368e-24, 1.341547012e-24, 2.11117420646e-24, 2.43017870969e-24, 1.86558109906e-24, 2.30523142534e-24, 3.92853046344e-24, 1.6250255588e-24, 3.47600632162e-24, 3.06992952104e-24, 3.84087855054e-24, 3.53812754019e-24, 2.58338713318e-24, 2.48805250393e-24, 4.76084222176e-24, 2.50885062448e-24, 2.88046623363e-24, 3.43579216483e-24, 4.11114229667e-24, 4.26220718787e-24, 4.80755540912e-24, 2.99830706451e-24, 5.65888581499e-24, 5.59316502412e-24, 4.24021966229e-24, 7.29059805465e-24, 6.20866782896e-24, 6.19366290568e-24, 6.36055431879e-24, 4.81828391743e-24, 5.59422525318e-24, 5.09352695359e-24, 5.94281302643e-24, 8.08980802609e-24, 6.19102140494e-24, 6.54102321137e-24, 6.27642703641e-24, 6.75443059662e-24], "var": [2.6831585842e-09, 9.06628713437e-07, 1.01262248791e-05, 3.90909099224e-06, 1.29786315028e-06, 1.33324022045e-06, 2.19842604565e-06, 1.80107178949e-07, 3.24442567035e-07, 1.85298333122e-07, 9.58551495955e-08, 1.48398032707e-06, 5.35949595815e-08, 7.93712473524e-09, 3.12877657116e-09, 1.84038162487e-09, 4.40371211718e-10, 1.78068768064e-10, 6.30858643103e-10, 2.13860512632e-10, 7.95050830726e-11, 6.88686538353e-11, 2.08029635185e-11, 1.85543663767e-11, 4.797872169e-12, 2.26432865513e-11, 4.84409257498e-12, 2.01090663218e-12, 9.17075660203e-13, 3.44075462566e-12, 2.81728049872e-15, 3.4196148517e-13, 7.89629185606e-14, 3.97397323314e-15, 2.33903184771e-14, 2.26832733945e-15, 3.13073054657e-15, 6.49399249534e-16, 1.72275310049e-15, 1.90005252823e-16]}, "mfcc": {"mean": [-773.814025879, 151.188323975, -3.13438439369, 8.25851821899, -23.2832355499, -13.7148370743, -3.41325616837, -1.50676977634, -2.91923141479, -8.93914031982, -15.7429676056, -1.76547455788, 10.1003675461], "cov": [[13720.8203125, 2692.60302734, -1854.86279297, -32.4827346802, 564.570373535, 63.1870231628, -712.391174316, -539.208068848, -585.381530762, -48.2324295044, -259.55368042, -863.218933105, -823.230957031], [2692.60302734, 2026.30102539, 241.566879272, -218.944549561, -161.027587891, -98.7816390991, -84.2106323242, -42.4631576538, -70.7694244385, -97.5846710205, -256.143371582, -389.790435791, -256.593353271], [-1854.86279297, 241.566879272, 683.862182617, 19.3652667999, -144.990127563, -21.9143295288, 153.680374146, 125.614082336, 86.8622894287, -46.3211479187, -67.2387390137, 18.6395664215, 54.7771148682], [-32.4827346802, -218.944549561, 19.3652667999, 208.992965698, 132.131225586, 54.6331596375, 16.3032588959, 16.0262432098, -19.0008983612, -1.64054679871, 29.9806575775, 42.0484313965, 12.7649898529], [564.570373535, -161.027587891, -144.990127563, 132.131225586, 466.91885376, 225.070419312, -59.5295143127, -62.342048645, -128.574188232, 20.1364936829, 34.865776062, -147.402145386, -210.650405884], [63.1870231628, -98.7816390991, -21.9143295288, 54.6331596375, 225.070419312, 209.949203491, 48.0392303467, -2.61867451668, -51.1586685181, -17.7051105499, -2.06501913071, -55.2962341309, -75.6655654907], [-712.391174316, -84.2106323242, 153.680374146, 16.3032588959, -59.5295143127, 48.0392303467, 194.946350098, 139.487243652, 68.0440979004, -4.6523900032, -26.7116832733, 41.4969024658, 59.4494438171], [-539.208068848, -42.4631576538, 125.614082336, 16.0262432098, -62.342048645, -2.61867451668, 139.487243652, 213.83392334, 116.231071472, 32.2285232544, -10.9881219864, 7.59830951691, 16.7405338287], [-585.381530762, -70.7694244385, 86.8622894287, -19.0008983612, -128.574188232, -51.1586685181, 68.0440979004, 116.231071472, 168.948104858, 50.1836395264, -1.90066862106, 55.4752578735, 63.4731216431], [-48.2324295044, -97.5846710205, -46.3211479187, -1.64054679871, 20.1364936829, -17.7051105499, -4.6523900032, 32.2285232544, 50.1836395264, 174.915481567, 108.493080139, -18.228597641, -72.0661621094], [-259.55368042, -256.143371582, -67.2387390137, 29.9806575775, 34.865776062, -2.06501913071, -26.7116832733, -10.9881219864, -1.90066862106, 108.493080139, 192.468139648, 105.24937439, 13.1491174698], [-863.218933105, -389.790435791, 18.6395664215, 42.0484313965, -147.402145386, -55.2962341309, 41.4969024658, 7.59830951691, 55.4752578735, -18.228597641, 105.24937439, 338.550170898, 294.900543213], [-823.230957031, -256.593353271, 54.7771148682, 12.7649898529, -210.650405884, -75.6655654907, 59.4494438171, 16.7405338287, 63.4731216431, -72.0661621094, 13.1491174698, 294.900543213, 403.584014893]], "icov": [[0.000557215244044, -0.00100158015266, 0.00184020388406, -0.00127660192084, 0.00037037950824, -0.000428017956438, 0.000438672082964, -0.000232638514717, 0.000609597133007, -0.0003473139368, 0.000509296485689, -0.000167528705788, 0.000296462938422], [-0.00100158015266, 0.00272066751495, -0.00368048483506, 0.00265251612291, 9.0806010121e-05, 0.000516176805831, 2.16991043089e-06, 0.00010416382429, -0.00039917381946, 0.000620617647655, -0.000391541339923, 0.00115703849588, -0.000417181407101], [0.00184020388406, -0.00368048483506, 0.00822533480823, -0.00500016985461, 0.00153017090634, -0.00111405190546, -0.000358327641152, -0.000470145983854, 0.0011098170653, -0.000215750245843, 0.00113588746171, -0.000387178792153, 0.00115032296162], [-0.00127660192084, 0.00265251612291, -0.00500016985461, 0.0108129549772, -0.00521591724828, 0.00335218035616, -0.0015984607162, -0.000592330878135, -0.000771504594013, 0.000805021089036, -0.000326363369823, -0.00178371742368, -0.00083577237092], [0.00037037950824, 9.0806010121e-05, 0.00153017090634, -0.00521591724828, 0.0120622720569, -0.0109604606405, 0.00643734587356, -0.00260528922081, 0.00426799850538, -0.00183673819993, 0.000328475784045, 0.00189648102969, 0.00177563738544], [-0.000428017956438, 0.000516176805831, -0.00111405190546, 0.00335218035616, -0.0109604606405, 0.0179209150374, -0.0108054950833, 0.0045194318518, -0.00323171843775, 0.00417394004762, -0.00244270567782, 0.000404325110139, -0.000418677867856], [0.000438672082964, 2.16991043089e-06, -0.000358327641152, -0.0015984607162, 0.00643734587356, -0.0108054950833, 0.0189816057682, -0.0110416272655, 0.00521932635456, -0.00426372792572, 0.00520730111748, -0.00239848997444, -7.86130021879e-06], [-0.000232638514717, 0.00010416382429, -0.000470145983854, -0.000592330878135, -0.00260528922081, 0.0045194318518, -0.0110416272655, 0.015104859136, -0.00895822420716, 0.00267223571427, -0.00364713347517, 0.00303394184448, -5.03689952893e-05], [0.000609597133007, -0.00039917381946, 0.0011098170653, -0.000771504594013, 0.00426799850538, -0.00323171843775, 0.00521932635456, -0.00895822420716, 0.0172400809824, -0.008459684439, 0.00730705633759, -0.00402929401025, 0.000572112970985], [-0.0003473139368, 0.000620617647655, -0.000215750245843, 0.000805021089036, -0.00183673819993, 0.00417394004762, -0.00426372792572, 0.00267223571427, -0.008459684439, 0.017331045121, -0.0131518188864, 0.00615850510076, 0.000384696002584], [0.000509296485689, -0.000391541339923, 0.00113588746171, -0.000326363369823, 0.000328475784045, -0.00244270567782, 0.00520730111748, -0.00364713347517, 0.00730705633759, -0.0131518188864, 0.0197789203376, -0.0115810427815, 0.00406401976943], [-0.000167528705788, 0.00115703849588, -0.000387178792153, -0.00178371742368, 0.00189648102969, 0.000404325110139, -0.00239848997444, 0.00303394184448, -0.00402929401025, 0.00615850510076, -0.0115810427815, 0.0176295153797, -0.0089752394706], [0.000296462938422, -0.000417181407101, 0.00115032296162, -0.00083577237092, 0.00177563738544, -0.000418677867856, -7.86130021879e-06, -5.03689952893e-05, 0.000572112970985, 0.000384696002584, 0.00406401976943, -0.0089752394706, 0.00994368735701]]}, "spectral_contrast_coeffs": {"dmean": [0.0389491133392, 0.0370259732008, 0.0328092165291, 0.0272147003561, 0.0227205213159, 0.0168621763587], "dmean2": [0.0635914131999, 0.0587017685175, 0.0516253598034, 0.0445611923933, 0.0382488295436, 0.0287596788257], "dvar": [0.00108072778676, 0.00122377322987, 0.000861334090587, 0.000520600762684, 0.00032087508589, 0.00019821843307], "dvar2": [0.00281439931132, 0.00311993993819, 0.00203137216158, 0.00137139461003, 0.000910632719751, 0.000571840151679], "max": [-0.21860396862, -0.318837493658, -0.356098771095, -0.536859989166, -0.604391932487, -0.627927541733], "mean": [-0.588912367821, -0.624401330948, -0.639937162399, -0.738602340221, -0.723418474197, -0.746187388897], "median": [-0.58627820015, -0.617949962616, -0.635199546814, -0.727989554405, -0.711208999157, -0.736898779869], "min": [-0.977275788784, -0.979897201061, -0.974903702736, -0.966816961765, -0.967346072197, -0.964809417725], "var": [0.0234324708581, 0.00980532262474, 0.00825265888125, 0.00592269422486, 0.00372389191762, 0.00275744590908]}, "spectral_contrast_valleys": {"dmean": [0.410225689411, 0.334013074636, 0.284611612558, 0.238223001361, 0.150994434953, 0.0937807187438], "dmean2": [0.682486951351, 0.534503161907, 0.457310557365, 0.382155835629, 0.246017724276, 0.153057590127], "dvar": [0.169742688537, 0.210411474109, 0.16