{"lowlevel": {"average_loudness": 0.787469983101, "barkbands_crest": {"dmean": 1.07784581184, "dmean2": 1.66658699512, "dvar": 1.63911628723, "dvar2": 3.45344424248, "max": 22.787935257, "mean": 12.5732021332, "median": 11.9005393982, "min": 4.27692985535, "var": 15.0852146149}, "barkbands_flatness_db": {"dmean": 0.0114491097629, "dmean2": 0.018960647285, "dvar": 0.000172151645529, "dvar2": 0.000382826139685, "max": 0.489030748606, "mean": 0.409922629595, "median": 0.417191654444, "min": 0.033831730485, "var": 0.00265315780416}, "barkbands_kurtosis": {"dmean": 1.12622570992, "dmean2": 1.69548678398, "dvar": 3.16768407822, "dvar2": 6.66936969757, "max": 49.943031311, "mean": 5.44950628281, "median": 4.01909160614, "min": -0.976556539536, "var": 27.5235443115}, "barkbands_skewness": {"dmean": 0.257465928793, "dmean2": 0.400472342968, "dvar": 0.0986254140735, "dvar2": 0.208289846778, "max": 5.97756147385, "mean": 0.834760963917, "median": 0.746219396591, "min": -2.02760744095, "var": 0.927423417568}, "barkbands_spread": {"dmean": 0.462868779898, "dmean2": 0.712984323502, "dvar": 4.00392723083, "dvar2": 8.64774608612, "max": 82.7407455444, "mean": 3.3830010891, "median": 2.69627141953, "min": 0.617075741291, "var": 32.4633712769}, "dissonance": {"dmean": 0.0309684928507, "dmean2": 0.052455317229, "dvar": 0.00104546628427, "dvar2": 0.00275720888749, "max": 0.499955803156, "mean": 0.300552129745, "median": 0.307787120342, "min": 0.128033548594, "var": 0.00440337462351}, "dynamic_complexity": 4.6650686264, "erbbands_crest": {"dmean": 1.13629662991, "dmean2": 1.73909235001, "dvar": 1.82965409756, "dvar2": 4.27948045731, "max": 27.3671207428, "mean": 14.2951745987, "median": 14.1320791245, "min": 2.87149119377, "var": 11.7637166977}, "erbbands_flatness_db": {"dmean": 0.00926672574133, "dmean2": 0.0152473310009, "dvar": 0.000134623842314, "dvar2": 0.000303775188513, "max": 0.500642061234, "mean": 0.414059340954, "median": 0.429315209389, "min": 0.0443355813622, "var": 0.0041774995625}, "erbbands_kurtosis": {"dmean": 0.834039568901, "dmean2": 1.21800780296, "dvar": 1.12478792667, "dvar2": 2.11029434204, "max": 19.8337078094, "mean": 3.98910975456, "median": 3.2367978096, "min": -1.61217725277, "var": 10.5834693909}, "erbbands_skewness": {"dmean": 0.170818403363, "dmean2": 0.251341760159, "dvar": 0.0316406227648, "dvar2": 0.0644295066595, "max": 3.21606612206, "mean": 1.27803432941, "median": 1.2488925457, "min": -0.709517836571, "var": 0.422469615936}, "erbbands_spread": {"dmean": 0.881739497185, "dmean2": 1.2633510828, "dvar": 4.31208992004, "dvar2": 5.27406167984, "max": 122.938194275, "mean": 7.49010848999, "median": 5.94246912003, "min": 1.45734500885, "var": 108.717704773}, "hfc": {"dmean": 1.30502939224, "dmean2": 1.68688666821, "dvar": 4.67312383652, "dvar2": 8.64878845215, "max": 51.4657402039, "mean": 9.66070079803, "median": 8.42631816864, "min": 1.16585495746e-16, "var": 53.3459281921}, "melbands_crest": {"dmean": 1.15512621403, "dmean2": 1.82859444618, "dvar": 1.7737095356, "dvar2": 3.97127103806, "max": 25.9937763214, "mean": 13.8377332687, "median": 13.4821681976, "min": 1.86957204342, "var": 13.8075551987}, "melbands_flatness_db": {"dmean": 0.0128748109564, "dmean2": 0.0215441286564, "dvar": 0.000251304416452, "dvar2": 0.000538818712812, "max": 0.625716865063, "mean": 0.5344363451, "median": 0.541801571846, "min": 0.00598848098889, "var": 0.00399142457172}, "melbands_kurtosis": {"dmean": 1.27938723564, "dmean2": 1.94968366623, "dvar": 13.6476459503, "dvar2": 35.2593765259, "max": 139.10887146, "mean": 5.36983442307, "median": 3.61389923096, "min": -1.22019577026, "var": 72.3794250488}, "melbands_skewness": {"dmean": 0.234428524971, "dmean2": 0.35765504837, "dvar": 0.100013025105, "dvar2": 0.206362739205, "max": 9.9046049118, "mean": 0.839110732079, "median": 0.721784830093, "min": -1.1960542202, "var": 1.06926035881}, "melbands_spread": {"dmean": 0.63804602623, "dmean2": 0.976524293423, "dvar": 14.7810630798, "dvar2": 22.4119701385, "max": 163.042190552, "mean": 5.00706624985, "median": 4.31948518753, "min": 0.953099370003, "var": 78.7343978882}, "pitch_salience": {"dmean": 0.0340120047331, "dmean2": 0.0543943755329, "dvar": 0.00154557300266, "dvar2": 0.00359991053119, "max": 0.857471644878, "mean": 0.582360804081, "median": 0.579391479492, "min": 0.346388041973, "var": 0.0085073672235}, "silence_rate_20dB": {"dmean": 0, "dmean2": 0, "dvar": 0, "dvar2": 0, "max": 1, "mean": 1, "median": 1, "min": 1, "var": 0}, "silence_rate_30dB": {"dmean": 0.000894454366062, "dmean2": 0.00178970920388, "dvar": 0.000893668213394, "dvar2": 0.00268141482957, "max": 1, "mean": 0.999552965164, "median": 1, "min": 0, "var": 0.000446818972705}, "silence_rate_60dB": {"dmean": 0.00178890873212, "dmean2": 0.00357941840775, "dvar": 0.00178571324795, "dvar2": 0.00356660876423, "max": 1, "mean": 0.131873041391, "median": 0, "min": 0, "var": 0.114483192563}, "spectral_centroid": {"dmean": 17.7633781433, "dmean2": 24.1365795135, "dvar": 31174.2011719, "dvar2": 34642.2617188, "max": 11300.3925781, "mean": 432.326629639, "median": 416.576965332, "min": 166.151107788, "var": 118258.867188}, "spectral_complexity": {"dmean": 0.802325606346, "dmean2": 1.33333337307, "dvar": 0.960022389889, "dvar2": 1.93855237961, "max": 18, "mean": 9.11443901062, "median": 10, "min": 0, "var": 11.5720539093}, "spectral_decrease": {"dmean": 8.18491885379e-10, "dmean2": 1.1057740279e-09, "dvar": 1.53801093072e-18, "dvar2": 2.95924174334e-18, "max": -2.53238843199e-29, "mean": -6.153406229e-09, "median": -5.58750912205e-09, "min": -2.72959557179e-08, "var": 1.91742897901e-17}, "spectral_energy": {"dmean": 0.00320483697578, "dmean2": 0.0043230522424, "dvar": 2.37251952058e-05, "dvar2": 4.55642039014e-05, "max": 0.107689365745, "mean": 0.0241005904973, "median": 0.0219238493592, "min": 1.06702276207e-20, "var": 0.000294723984553}, "spectral_energyband_high": {"dmean": 1.16877982848e-08, "dmean2": 1.98398133477e-08, "dvar": 3.26547030095e-16, "dvar2": 8.54250885575e-16, "max": 2.98485701933e-07, "mean": 3.8981724515e-08, "median": 3.05647809284e-08, "min": 7.65321235225e-21, "var": 6.39071588566e-16}, "spectral_energyband_low": {"dmean": 0.000445193058113, "dmean2": 0.00070300581865, "dvar": 6.72904320709e-07, "dvar2": 1.46428294556e-06, "max": 0.0178532060236, "mean": 0.00209178891964, "median": 0.000837068189867, "min": 1.27587409315e-22, "var": 8.50024025567e-06}, "spectral_energyband_middle_high": {"dmean": 0.000190446371562, "dmean2": 0.000250767741818, "dvar": 2.09737194723e-07, "dvar2": 3.78359516162e-07, "max": 0.00986167322844, "mean": 0.000876396312378, "median": 0.000487198034534, "min": 1.70276744681e-21, "var": 1.30994646952e-06}, "spectral_energyband_middle_low": {"dmean": 0.00298272189684, "dmean2": 0.0040442799218, "dvar": 2.02240080398e-05, "dvar2": 3.90710411011e-05, "max": 0.0956663712859, "mean": 0.0215270388871, "median": 0.0193009749055, "min": 3.43252842638e-22, "var": 0.000249048665864}, "spectral_entropy": {"dmean": 0.0910953357816, "dmean2": 0.138674393296, "dvar": 0.0178719405085, "dvar2": 0.0380669943988, "max": 9.78755092621, "mean": 5.18441486359, "median": 5.11083173752, "min": 4.45364284515, "var": 0.22932498157}, "spectral_flux": {"dmean": 0.0106344968081, "dmean2": 0.0161972902715, "dvar": 0.000299850420561, "dvar2": 0.00066987297032, "max": 0.158248081803, "mean": 0.0264847539365, "median": 0.0196435935795, "min": 1.03296794729e-10, "var": 0.000563850335311}, "spectral_kurtosis": {"dmean": 45.2365989685, "dmean2": 78.1581115723, "dvar": 1886.8782959, "dvar2": 5433.30908203, "max": 441.77456665, "mean": 205.136138916, "median": 209.827911377, "min": -1.24755108356, "var": 6417.91796875}, "spectral_rms": {"dmean": 0.000297793652862, "dmean2": 0.00039597263094, "dvar": 1.7629093918e-07, "dvar2": 3.26192548528e-07, "max": 0.010250014253, "mean": 0.00443051103503, "median": 0.00462483754382, "min": 3.22644970636e-12, "var": 3.88331636714e-06}, "spectral_rolloff": {"dmean": 44.3471107483, "dmean2": 73.1162643433, "dvar": 215640.78125, "dvar2": 402730.34375, "max": 18583.1542969, "mean": 610.126403809, "median": 473.73046875, "min": 172.265625, "var": 1906440.875}, "spectral_skewness": {"dmean": 1.61963582039, "dmean2": 2.86597299576, "dvar": 2.74973297119, "dvar2": 7.66880226135, "max": 17.5468673706, "mean": 10.9723100662, "median": 11.496679306, "min": -0.0239075161517, "var": 8.51038169861}, "spectral_spread": {"dmean": 292878.46875, "dmean2": 500709.125, "dvar": 559246344192, "dvar2": 748390842368, "max": 41183476, "mean": 906642.125, "median": 626453.5, "min": 221536.875, "var": 2391780622340.0}, "spectral_strongpeak": {"dmean": 0.220311120152, "dmean2": 0.339281976223, "dvar": 0.12284104526, "dvar2": 0.290234148502, "max": 4.87811946869, "mean": 1.44344758987, "median": 1.38703811169, "min": 0, "var": 0.832952558994}, "zerocrossingrate": {"dmean": 0.00194591865875, "dmean2": 0.00250432570465, "dvar": 0.000124005382531, "dvar2": 0.000184800635907, "max": 0.50537109375, "mean": 0.0228990148753, "median": 0.01953125, "min": 0.00390625, "var": 0.0013604372507}, "barkbands": {"dmean": [3.78664196887e-07, 0.000190912163816, 0.000256836996414, 0.000187633093446, 0.000795401982032, 0.00151749164797, 0.00114440103061, 0.000534437072929, 6.04874730925e-05, 8.17148393253e-05, 3.41965642292e-05, 5.91948883084e-05, 4.66072160634e-05, 1.37499910124e-05, 2.17361157411e-05, 3.42451903634e-06, 7.85728275332e-07, 4.41967493714e-08, 2.11150172902e-08, 7.30514848613e-09, 3.80073572614e-09, 1.47021406161e-09, 1.20500909251e-09, 1.13883780184e-09, 1.18025866858e-09, 1.20440102336e-09, 1.41941380871e-09], "dmean2": [6.59295096739e-07, 0.000308153044898, 0.000405165803386, 0.000264166243142, 0.00123869394884, 0.00228536641225, 0.00144450226799, 0.000643754086923, 9.36720389291e-05, 0.000105861443444, 4.37221387983e-05, 8.38751802803e-05, 6.25343091087e-05, 1.81491341209e-05, 3.61770216841e-05, 3.70936572835e-06, 8.66419895829e-07, 6.29745287029e-08, 2.94117814548e-08, 1.1674025302e-08, 6.0761835563e-09, 2.61388088951e-09, 2.16179651957e-09, 2.04518291191e-09, 2.10654671484e-09, 2.11816875151e-09, 2.49799403385e-09], "dvar": [3.95459218757e-13, 1.18557125006e-07, 3.2540899042e-07, 1.7213898218e-07, 2.14911324292e-06, 5.93096137891e-06, 5.55512724532e-06, 2.18319223677e-06, 1.99612308904e-08, 6.44359019475e-08, 5.17385645438e-09, 3.04348084512e-08, 1.27622064028e-08, 3.59140583939e-09, 5.0114135064e-09, 2.18698850696e-10, 1.23605440119e-11, 2.45953227945e-14, 3.37811880079e-15, 4.56262714428e-16, 7.15878101004e-17, 3.84278582244e-18, 2.20347163306e-18, 1.96856867592e-18, 1.87351631775e-18, 1.81990322674e-18, 2.1700500208e-18], "dvar2": [1.17288123658e-12, 2.7564294669e-07, 6.93696165399e-07, 2.36887075289e-07, 4.68463940706e-06, 1.31483093355e-05, 9.8856362456e-06, 2.93103335025e-06, 4.89129448056e-08, 1.11477383768e-07, 8.91869955666e-09, 7.03012048575e-08, 2.69856190727e-08, 6.99218638545e-09, 1.17986367343e-08, 3.29540006394e-10, 1.93843482932e-11, 4.00755580251e-14, 6.37664868011e-15, 1.14937691085e-15, 1.56156148654e-16, 1.131924869e-17, 6.91758945364e-18, 6.08319582615e-18, 5.87678613917e-18, 5.67295560135e-18, 6.63053544721e-18], "max": [8.6027675934e-06, 0.0121720833704, 0.0155271310359, 0.0189670566469, 0.0343632847071, 0.0474420264363, 0.0643763467669, 0.0458147861063, 0.00301926024258, 0.00519953202456, 0.00147305452265, 0.00432035373524, 0.00230633909814, 0.00184768158942, 0.00180211279076, 0.000453220505733, 0.000116276598419, 5.00672240378e-06, 1.22393475976e-06, 6.53383438021e-07, 1.20691936445e-07, 3.12008232584e-08, 1.602072075e-08, 1.4700417772e-08, 1.56307109478e-08, 1.71675775817e-08, 1.83001969134e-08], "mean": [4.69543380177e-07, 0.000814905681182, 0.000945109350141, 0.00101542519405, 0.00308065488935, 0.00697205821052, 0.007307483349, 0.0028612120077, 0.000163679156685, 0.000365572603187, 0.000145053185406, 0.00019128821441, 0.000120216958749, 5.23745802639e-05, 4.48270875495e-05, 1.74177566805e-05, 2.61021318693e-06, 1.37209170248e-07, 6.73998741263e-08, 1.63101265827e-08, 8.32047675203e-09, 2.81851630923e-09, 2.56406695875e-09, 2.96750335416e-09, 3.88808940599e-09, 5.12637443606e-09, 6.46574571661e-09], "median": [1.99559337943e-07, 0.000238289168919, 0.000287497066893, 0.000239614557358, 0.00161668541841, 0.00493260612711, 0.00520684057847, 0.00147091364488, 8.1481775851e-05, 0.000115664777695, 8.77492275322e-05, 6.72494861647e-05, 5.33826496394e-05, 1.46837819557e-05, 6.21980007054e-06, 1.78792970473e-06, 2.42293822339e-07, 4.01332727051e-08, 2.69036846134e-08, 9.29708399156e-09, 4.25567492357e-09, 2.12692796708e-09, 2.15022932792e-09, 2.57835819362e-09, 3.54632345712e-09, 4.85235673864e-09, 6.1781952887e-09], "min": [1.87122145453e-23, 4.8589950566e-24, 8.03848946876e-23, 3.78292093984e-23, 4.11222524492e-23, 1.98701519137e-23, 4.94397809528e-23, 7.78291683704e-23, 6.59352600669e-23, 1.46265010222e-22, 1.36780175838e-22, 1.4215031174e-22, 3.28227415287e-23, 8.36556003531e-23, 1.86125318725e-22, 1.16390746767e-22, 1.80339964308e-22, 2.01850661337e-22, 2.87143450991e-22, 3.50992161342e-22, 2.94419525327e-22, 5.26772484374e-22, 7.0167609895e-22, 9.695073767e-22, 9.73737185765e-22, 1.81799818939e-21, 2.53320387134e-21], "var": [6.35373210208e-13, 1.90779496734e-06, 3.33524462803e-06, 4.25545158578e-06, 1.52064421854e-05, 5.17873158969e-05, 6.34619864286e-05, 1.85411045095e-05, 6.64348789314e-08, 4.28568625921e-07, 3.06815266526e-08, 1.74489869664e-07, 3.59553027351e-08, 1.25637518167e-08, 1.40262281789e-08, 1.87574733523e-09, 6.84102843818e-11, 1.42413722959e-13, 1.49832538954e-14, 6.61858204216e-16, 1.6631653385e-16, 4.75876303298e-18, 2.11247039195e-18, 1.86467024149e-18, 1.77478445343e-18, 1.82413921865e-18, 2.34802247908e-18]}, "erbbands": {"dmean": [0.00218561082147, 0.0549216605723, 0.263075560331, 0.42863085866, 0.734830856323, 3.24825620651, 6.18702459335, 16.1766204834, 15.82188797, 14.7795953751, 8.5425567627, 1.76396894455, 1.67280781269, 2.38506484032, 1.58458256721, 2.93102693558, 2.11983418465, 1.04898679256, 1.37138020992, 0.311477273703, 0.154550254345, 0.0452217161655, 0.00429444853216, 0.00174859678373, 0.000787147670053, 0.000408052379498, 0.000225154144573, 8.51559670991e-05, 5.47080926481e-05, 4.20866053901e-05, 3.35739568982e-05, 2.56416169577e-05, 1.92814259208e-05, 1.40473248393e-05, 9.4469924079e-06, 5.43806027054e-06, 2.74548028756e-06, 9.57482143349e-07, 1.52848940616e-06, 3.57308226739e-06], "dmean2": [0.00355434208177, 0.0890256091952, 0.424383044243, 0.631022810936, 1.0831912756, 5.05943727493, 9.99879264832, 24.4129390717, 21.0421161652, 17.3509349823, 10.6370000839, 2.60983157158, 2.29795265198, 2.91578984261, 1.99655842781, 4.10060596466, 2.86983346939, 1.36517834663, 2.27279472351, 0.45254778862, 0.167473658919, 0.0462502688169, 0.00537859462202, 0.00230360776186, 0.00120194803458, 0.000646451488137, 0.000352731149178, 0.000141529133543, 9.69516695477e-05, 7.50582257751e-05, 6.0143720475e-05, 4.57994210592e-05, 3.4124837839e-05, 2.47795014729e-05, 1.64643424796e-05, 9.32670718612e-06, 4.61869512947e-06, 1.65716164702e-06, 2.08138089874e-06, 4.81055667478e-06], "dvar": [1.16980290841e-05, 0.00980788934976, 0.271164357662, 0.773824810982, 2.16011619568, 43.7987670898, 104.821357727, 629.977722168, 986.040588379, 919.357666016, 595.138793945, 15.147480011, 17.7860679626, 75.0323028564, 12.894329071, 76.1185913086, 24.2939281464, 11.8917331696, 18.3618564606, 1.37593746185, 0.555017769337, 0.0369651280344, 0.000320172519423, 2.2247684683e-05, 5.42178122487e-06, 1.38357961532e-06, 3.11867211167e-07, 1.64410867143e-08, 5.20990539599e-09, 2.82953593889e-09, 1.68504266096e-09, 9.69835545206e-10, 5.04612795993e-10, 2.42527553596e-10, 9.71279862094e-11, 3.19093675094e-11, 7.76946389169e-12, 8.88873826974e-13, 5.27395835337e-12, 2.97027680229e-11], "dvar2": [2.77716062556e-05, 0.0231545083225, 0.619205117226, 1.4297041893, 3.28857541084, 89.3920135498, 254.765777588, 1433.48046875, 1873.17028809, 1297.09973145, 891.960754395, 35.2454986572, 35.7653312683, 118.171920776, 21.0509166718, 174.95085144, 52.0785255432, 23.105714798, 43.1541023254, 2.41947603226, 0.920654416084, 0.0513903908432, 0.000442278484115, 3.71576061298e-05, 1.27749344756e-05, 3.74474893761e-06, 6.75429532748e-07, 4.26613269155e-08, 1.5159272948e-08, 8.62125126844e-09, 5.2503992265e-09, 2.99309621532e-09, 1.53983237272e-09, 7.39913741388e-10, 2.92377039246e-10, 9.02002847414e-11, 2.10573624509e-11, 2.59504136929e-12, 9.88082619197e-12, 5.68855101912e-11], "max": [0.0912340953946, 3.41107439995, 12.341542244, 33.2361106873, 64.6629180908, 202.431045532, 204.928482056, 420.612731934, 671.56036377, 784.038879395, 874.727172852, 69.5789794922, 95.7383041382, 195.630737305, 83.2476272583, 221.938171387, 98.4812698364, 93.2690353394, 108.177833557, 38.6403198242, 24.4237728119, 5.10640335083, 0.624022781849, 0.147582650185, 0.0631073340774, 0.0362255275249, 0.00820307806134, 0.00259902328253, 0.00119621283375, 0.000570099451579, 0.000482374802232, 0.000360617530532, 0.00027806655271, 0.000216224681935, 0.000147734856, 9.72457128228e-05, 4.94521118526e-05, 1.53622440848e-05, 5.23229391547e-05, 0.000121206780022], "mean": [0.00756169436499, 0.239979490638, 1.01216423512, 2.12372517586, 3.7709941864, 11.8470087051, 24.0476264954, 72.368850708, 99.7659454346, 89.2252426147, 51.5378379822, 7.72247362137, 7.91095972061, 10.2891902924, 7.12569761276, 9.64031982422, 5.719622612, 3.69162321091, 3.2147436142, 1.03065276146, 0.846196591854, 0.169358730316, 0.015583739616, 0.00569851556793, 0.00221490790136, 0.000951979251113, 0.000514355371706, 0.000199292000616, 0.000115894014016, 9.47364678723e-05, 8.47550909384e-05, 7.44582212064e-05, 6.42008017167e-05, 5.44232425455e-05, 4.28389539593e-05, 2.98835093417e-05, 1.67202069861e-05, 5.08547964273e-06, 1.22848732644e-05, 2.69656738965e-05], "median": [0.00265373522416, 0.0834626629949, 0.366523206234, 0.747403621674, 1.46039283276, 5.36579704285, 15.127573967, 52.8899765015, 67.8775558472, 57.3453407288, 30.3745765686, 5.41242027283, 3.30719065666, 2.93131494522, 3.90838384628, 3.55263018608, 2.89783000946, 1.90454816818, 0.835624396801, 0.217202588916, 0.101642392576, 0.0192251875997, 0.00355320097879, 0.00185387802776, 0.00125871005002, 0.000557372288313, 0.000274787715171, 0.000142748482176, 9.18017249205e-05, 7.78581306804e-05, 7.30786050553e-05, 6.62082165945e-05, 5.82778811804e-05, 5.01341964991e-05, 4.01303623221e-05, 2.82373894152e-05, 1.57977920026e-05, 4.8398906074e-06, 1.12898906082e-05, 2.44885541179e-05], "min": [3.85006556154e-22, 1.94629297344e-21, 5.97765042342e-20, 1.50583370829e-19, 5.878865025e-20, 2.09651498266e-19, 1.3212805371e-19, 1.97452083496e-19, 4.5762252615e-19, 1.48255126239e-18, 1.39072180668e-18, 1.6924619913e-18, 3.91863332153e-18, 3.80814763429e-18, 6.67854707791e-18, 5.70063554619e-18, 2.43231383786e-18, 2.97845838974e-18, 7.20483743393e-18, 1.07997354248e-17, 7.25552871623e-18, 8.72770175706e-18, 1.19916927613e-17, 1.08299606043e-17, 1.70234663418e-17, 1.67884395144e-17, 1.1917671677e-17, 1.47800846918e-17, 1.55440538163e-17, 2.05409013499e-17, 2.04281318169e-17, 1.80270514918e-17, 1.79945019347e-17, 9.62697364153e-18, 8.31892564194e-18, 6.35344855357e-18, 3.402143815e-18, 1.30675397892e-18, 3.30325943925e-19, 3.86693882424e-20], "var": [0.000122681027278, 0.150254368782, 2.38561892509, 14.1129417419, 46.7813529968, 270.144866943, 739.84753418, 5045.73828125, 10278.9873047, 10627.3496094, 5360.50585938, 66.816368103, 124.332267761, 509.210144043, 81.7341461182, 449.807067871, 68.4352340698, 36.8497047424, 52.9480400085, 6.93486881256, 4.6397819519, 0.233031108975, 0.00204481463879, 0.000128444095026, 1.13825099106e-05, 1.90940863831e-06, 6.91306013323e-07, 3.5819187616e-08, 7.23490778398e-09, 3.29684146649e-09, 1.97296534665e-09, 1.24374299748e-09, 7.46960326925e-10, 4.41519681926e-10, 2.46530074133e-10, 1.2112499892e-10, 3.93735044568e-11, 2.22785028273e-12, 6.60973151212e-11, 3.67705033089e-10]}, "gfcc": {"mean": [-231.775619507, 251.439590454, -70.1593704224, -74.418548584, -33.6022529602, -14.5286226273, -39.7656440735, -21.011472702, -5.59527206421, 3.71475076675, 1.35833656788, -10.3418750763, -5.00933027267], "cov": [[8132.5859375, 3453.38208008, -2196.58496094, -1841.26586914, 591.984680176, -811.772766113, -473.831115723, -225.625549316, 529.677124023, 38.6251106262, 368.150482178, -87.868598938, 275.824920654], [3453.38208008, 1902.91418457, -524.499450684, -768.877258301, 202.88470459, -243.983093262, -104.344039917, -115.55506134, 199.967926025, 30.8612995148, 168.411422729, -96.8455352783, 69.2620239258], [-2196.58496094, -524.499450684, 1313.66320801, 747.120117188, -223.405685425, 378.06741333, 294.841888428, 25.8740730286, -237.173461914, -3.94341230392, -86.6461639404, -46.3379554749, -142.206954956], [-1841.26586914, -768.877258301, 747.120117188, 759.739013672, 9.69576931, 257.248504639, 165.478469849, 54.2853851318, -188.183990479, -42.1305885315, -108.907936096, 32.8687400818, -37.2943191528], [591.984680176, 202.88470459, -223.405685425, 9.69576931, 244.317672729, -39.7978935242, -59.0184135437, -3.27524662018, 34.4924354553, -32.126663208, 7.65615367889, 29.0186824799, 67.8089065552], [-811.772766113, -243.983093262, 378.06741333, 257.248504639, -39.7978935242, 179.86239624, 98.7388076782, 16.9970798492, -71.2731399536, 2.25490546227, -44.5684661865, -0.463872760534, -44.1281776428], [-473.831115723, -104.344039917, 294.841888428, 165.478469849, -59.0184135437, 98.7388076782, 118.010429382, 26.8288497925, -54.7649650574, 11.7752456665, -5.71463298798, -18.9946155548, -44.7584724426], [-225.625549316, -115.55506134, 25.8740730286, 54.2853851318, -3.27524662018, 16.9970798492, 26.8288497925, 61.3241348267, 15.693063736, -10.2469301224, -17.7276325226, 8.83187866211, -13.1049871445], [529.677124023, 199.967926025, -237.173461914, -188.183990479, 34.4924354553, -71.2731399536, -54.7649650574, 15.693063736, 101.338645935, 18.4693908691, 19.8236484528, -0.136213421822, 15.7856140137], [38.6251106262, 30.8612995148, -3.94341230392, -42.1305885315, -32.126663208, 2.25490546227, 11.7752456665, -10.2469301224, 18.4693908691, 50.2399711609, 27.0123443604, -12.1807088852, -10.5377779007], [368.150482178, 168.411422729, -86.6461639404, -108.907936096, 7.65615367889, -44.5684661865, -5.71463298798, -17.7276325226, 19.8236484528, 27.0123443604, 67.9378738403, 9.631067276, 6.87345552444], [-87.868598938, -96.8455352783, -46.3379554749, 32.8687400818, 29.0186824799, -0.463872760534, -18.9946155548, 8.83187866211, -0.136213421822, -12.1807088852, 9.631067276, 65.1789779663, 42.1715202332], [275.824920654, 69.2620239258, -142.206954956, -37.2943191528, 67.8089065552, -44.1281776428, -44.7584724426, -13.1049871445, 15.7856140137, -10.5377779007, 6.87345552444, 42.1715202332, 84.6000442505]], "icov": [[0.00310298195109, -0.00568075617775, 0.00615116022527, -0.00613656220958, 0.00428121909499, -0.000518158543855, -1.23898525999e-05, 0.00358362984844, -0.00409444328398, 0.00519459508359, -0.00585220567882, 0.00303274579346, -0.000609921698924], [-0.00568075617775, 0.01384575665, -0.01472277008, 0.0169818736613, -0.0135287279263, 0.00321851018816, -0.00456140190363, -0.00234571984038, 0.00373461819254, -0.00683852052316, 0.00972462818027, -0.00304341479205, -0.00115204520989], [0.00615116022527, -0.01472277008, 0.0233619958162, -0.0264149457216, 0.0227999705821, -0.0127024287358, 0.00204626610503, 0.00941328331828, -0.0131943635643, 0.0213831868023, -0.0241192467511, 0.0149733452126, -0.00311447447166], [-0.00613656220958, 0.0169818736613, -0.0264149457216, 0.0384997650981, -0.0321876481175, 0.0151651054621, -0.0096445530653, -0.0111144585535, 0.0236429888755, -0.0293334797025, 0.0364406853914, -0.022703319788, 0.00585070904344], [0.00428121909499, -0.0135287279263, 0.0227999705821, -0.0321876481175, 0.0351334400475, -0.0200065560639, 0.0125096058473, 0.00473833456635, -0.0188381262124, 0.0308199506253, -0.0359455496073, 0.0238796267658, -0.0116190630943], [-0.000518158543855, 0.00321851018816, -0.0127024287358, 0.0151651054621, -0.0200065560639, 0.0385579802096, -0.0220609158278, 0.00791622791439, 0.0095410598442, -0.0282066147774, 0.0421293340623, -0.0343626402318, 0.0185029283166], [-1.23898525999e-05, -0.00456140190363, 0.00204626610503, -0.0096445530653, 0.0125096058473, -0.0220609158278, 0.0542939007282, -0.0375532358885, 0.0192891359329, -0.00401232996956, -0.0291276294738, 0.0245297290385, -0.00962361320853], [0.00358362984844, -0.00234571984038, 0.00941328331828, -0.0111144585535, 0.00473833456635, 0.00791622791439, -0.0375532358885, 0.0655705854297, -0.0463368743658, 0.0315857939422, 0.000432433502283, -0.00781734939665, 0.00822273828089], [-0.00409444328398, 0.00373461819254, -0.0131943635643, 0.0236429888755, -0.0188381262124, 0.0095410598442, 0.0192891359329, -0.0463368743658, 0.0689503252506, -0.054786209017, 0.0357915535569, -0.0231469236314, 0.0105793410912], [0.00519459508359, -0.00683852052316, 0.0213831868023, -0.0293334797025, 0.0308199506253, -0.0282066147774, -0.00401232996956, 0.0315857939422, -0.054786209017, 0.0903217867017, -0.0696311742067, 0.0488892681897, -0.022210560739], [-0.00585220567882, 0.00972462818027, -0.0241192467511, 0.0364406853914, -0.0359455496073, 0.0421293340623, -0.0291276294738, 0.000432433502283, 0.0357915535569, -0.0696311742067, 0.103257127106, -0.0713387876749, 0.0339030884206], [0.00303274579346, -0.00304341479205, 0.0149733452126, -0.022703319788, 0.0238796267658, -0.0343626402318, 0.0245297290385, -0.00781734939665, -0.0231469236314, 0.0488892681897, -0.0713387876749, 0.0809221863747, -0.0416659936309], [-0.000609921698924, -0.00115204520989, -0.00311447447166, 0.00585070904344, -0.0116190630943, 0.0185029283166, -0.00962361320853, 0.00822273828089, 0.0105793410912, -0.022210560739, 0.0339030884206, -0.0416659936309, 0.0405171848834]]}, "melbands": {"dmean": [3.68444016203e-05, 0.000114096685138, 8.09786870377e-05, 0.000119519085274, 0.000217325927224, 0.000340270606102, 0.00025338731939, 0.000154871173436, 5.79921143071e-05, 9.87932708085e-06, 8.39281437948e-06, 1.024553967e-05, 4.49101435152e-06, 7.32567514206e-06, 4.3577742872e-06, 5.58584224564e-06, 1.52209440785e-06, 2.14038618651e-06, 9.69237362369e-07, 3.35060434509e-07, 1.387273727e-07, 5.78224401693e-08, 6.37120534108e-09, 1.12983222778e-09, 1.52142287657e-09, 6.03961936019e-10, 3.85508597267e-10, 2.52828785685e-10, 1.67749425461e-10, 7.38047886695e-11, 4.63469818079e-11, 3.31429259037e-11, 2.632567081e-11, 2.3156270304e-11, 2.03435619045e-11, 1.80146418616e-11, 1.57815427393e-11, 1.42376162943e-11, 1.32980544978e-11, 1.22320608503e-11], "dmean2": [5.95678502577e-05, 0.000184243035619, 0.000114527712867, 0.000187756566447, 0.000344923319062, 0.00050973094767, 0.000327640824253, 0.000179266455234, 7.42698684917e-05, 1.5080528101e-05, 1.15820521387e-05, 1.26147924675e-05, 5.80787946092e-06, 1.00118968476e-05, 6.24022550255e-06, 7.36601987228e-06, 1.98086672754e-06, 3.51084395334e-06, 1.57135912104e-06, 3.63416120308e-07, 1.58968774144e-07, 6.07657923979e-08, 8.78838513074e-09, 1.68808578227e-09, 2.04607375487e-09, 9.43287004063e-10, 6.09249872774e-10, 4.02886252138e-10, 2.63457144989e-10, 1.20662951852e-10, 7.84455347902e-11, 5.89447449184e-11, 4.69787715673e-11, 4.13560748147e-11, 3.65108256128e-11, 3.21256320157e-11, 2.80220065901e-11, 2.5347829738e-11, 2.35166261464e-11, 2.17890688131e-11], "dvar": [4.041995183e-09, 4.57265514342e-08, 2.8922228168e-08, 5.37186686245e-08, 1.3058840409e-07, 2.96939504096e-07, 2.46732668074e-07, 1.08351173367e-07, 2.84525736305e-08, 5.28310617476e-10, 4.60344151687e-10, 1.48749712547e-09, 9.97524285395e-11, 3.63682556292e-10, 1.24907070798e-10, 2.19800538881e-10, 4.70853807333e-11, 4.13155967771e-11, 9.05415846464e-12, 1.58289061112e-12, 5.72263536471e-13, 6.0146047756e-14, 9.97534714235e-16, 1.20946519321e-17, 1.75980772805e-17, 5.07983277415e-18, 1.09415077711e-18, 5.45325126078e-19, 2.02328390755e-19, 1.35247269405e-20, 4.63827028595e-21, 1.83459572187e-21, 1.13335628583e-21, 7.95567762772e-22, 5.90101329077e-22, 4.382114503e-22, 3.34730443802e-22, 2.58615842521e-22, 2.03652040991e-22, 1.67695786175e-22], "dvar2": [9.45349398762e-09, 1.0615221413e-07, 4.38929461666e-08, 1.10844339929e-07, 3.10288697847e-07, 6.51263746931e-07, 4.66318368808e-07, 1.50747553107e-07, 4.44118342102e-08, 1.27777999293e-09, 9.31899113432e-10, 2.37236119638e-09, 1.7034570976e-10, 8.04573296875e-10, 2.98897767648e-10, 4.63281135676e-10, 9.10885741834e-11, 9.63742211035e-11, 2.05728368369e-11, 2.25949120525e-12, 1.04987828327e-12, 8.48066462975e-14, 1.40428057078e-15, 2.31245520167e-17, 2.96871019029e-17, 1.20664541722e-17, 2.58128120797e-18, 1.54729034623e-18, 4.4401214805e-19, 3.29830999113e-20, 1.23347210006e-20, 5.23753153969e-21, 3.44740768096e-21, 2.44439161346e-21, 1.85211434095e-21, 1.37922693815e-21, 1.04384609431e-21, 7.98899254903e-22, 6.31767624183e-22, 5.19195683638e-22], "max": [0.00210930919275, 0.00459577282891, 0.00689391186461, 0.00702537130564, 0.00705625675619, 0.0100704366341, 0.0108748767525, 0.00788067933172, 0.00567435612902, 0.000404726510169, 0.000474797125207, 0.000862874207087, 0.000204604235478, 0.000469134422019, 0.000258748797933, 0.000319296726957, 0.000212309576455, 0.000159318806254, 7.63151620049e-05, 3.38801219186e-05, 2.65594517259e-05, 6.56381234876e-06, 1.18587740872e-06, 1.45502042415e-07, 1.26179330096e-07, 6.68105570867e-08, 2.25150369459e-08, 2.19645919231e-08, 6.5609051525e-09, 1.64907898448e-09, 1.40098388446e-09, 6.7354577471e-10, 4.62375554511e-10, 2.84740342416e-10, 2.66180105735e-10, 2.25757079697e-10, 1.88013618563e-10, 1.70602892924e-10, 1.54650653394e-10, 1.47254194949e-10], "mean": [0.000147188387928, 0.000480188668007, 0.000457345129689, 0.000460510927951, 0.000884996436071, 0.00155430019367, 0.00161373254377, 0.000917273107916, 0.000340362719726, 3.16318910336e-05, 3.8787140511e-05, 4.28019120591e-05, 1.92714232981e-05, 2.57902865997e-05, 1.28876190502e-05, 1.47649461724e-05, 5.63886715099e-06, 5.18282149642e-06, 2.24329255616e-06, 1.41554517086e-06, 7.91292904978e-07, 1.90392412946e-07, 1.98525018646e-08, 3.22493409755e-09, 4.56990845166e-09, 1.55423729442e-09, 9.16438314125e-10, 5.29103316715e-10, 3.38670702593e-10, 1.67912628246e-10, 9.04742322727e-11, 6.07200123515e-11, 4.93134907908e-11, 4.50403048191e-11, 4.18635438815e-11, 3.97251120887e-11, 3.65928329304e-11, 3.48659434657e-11, 3.4334923793e-11, 3.37699347652e-11], "median": [4.31450898759e-05, 0.00018774959608, 0.000144029298099, 0.000275005295407, 0.000531573663466, 0.00110207078978, 0.00115026813, 0.00055413483642, 0.000186382210813, 1.90142709471e-05, 1.46277543536e-05, 1.00475381259e-05, 1.04160653791e-05, 1.24612897707e-05, 5.19025434187e-06, 5.99430632064e-06, 2.0758861865e-06, 1.41338045978e-06, 3.23862849427e-07, 1.81252644893e-07, 8.88278322009e-08, 1.38344837808e-08, 2.80055401092e-09, 1.34033861787e-09, 1.34038302679e-09, 7.99217025893e-10, 5.50418877143e-10, 2.86049101073e-10, 1.6117349122e-10, 1.02032875204e-10, 6.29415755626e-11, 4.55927379184e-11, 3.91339044503e-11, 3.67428830417e-11, 3.51735654491e-11, 3.42557163191e-11, 3.13782368144e-11, 3.06338843181e-11, 3.09688594213e-11, 3.10723842489e-11], "min": [4.1053556075e-24, 2.21209124935e-23, 2.2787258567e-23, 8.29325052038e-24, 6.35255605807e-24, 4.94260957938e-24, 7.3512930127e-24, 1.76955984527e-23, 9.99702993689e-24, 1.05072320382e-23, 1.98241234576e-23, 1.51150987477e-23, 2.10341966431e-23, 1.51119243714e-23, 1.11403836337e-23, 3.7007914477e-24, 5.63051048823e-24, 1.00850344706e-23, 1.7137537738e-23, 1.0126637417e-23, 8.94946052008e-24, 9.38298534143e-24, 9.75907635572e-24, 1.01848403635e-23, 8.35042715879e-24, 1.02594082294e-23, 1.40061307089e-23, 1.0211731054e-23, 7.76000105883e-24, 6.78757774299e-24, 9.1865637092e-24, 9.38475633417e-24, 8.25839785672e-24, 1.17562410315e-23, 1.18845855453e-23, 1.18219397343e-23, 1.04560310212e-23, 1.28817838268e-23, 9.84039450441e-24, 7.57894249273e-24], "var": [5.71401095328e-08, 4.46979868229e-07, 6.27291001365e-07, 3.18143122513e-07, 1.01919704321e-06, 2.54853148363e-06, 2.64294612862e-06, 1.21425250654e-06, 2.4621385819e-07, 1.67332525614e-09, 3.17070081302e-09, 9.92446036463e-09, 6.11748152135e-10, 2.14643836038e-09, 6.5563582341e-10, 6.14159223478e-10, 1.40312983454e-10, 1.2715767328e-10, 3.00821173527e-11, 1.15284674168e-11, 4.60368071789e-12, 3.51123318788e-13, 5.9753990086e-15, 5.15549217237e-17, 9.48410945814e-17, 9.38476357765e-18, 1.72595132898e-18, 6.68409756322e-19, 4.1840157646e-19, 3.40470674366e-20, 7.97340637411e-21, 2.50900883842e-21, 1.13684474235e-21, 8.13002169379e-22, 5.73864829843e-22, 4.41005153864e-22, 3.36683158532e-22, 2.62213351171e-22, 2.10653844168e-22, 1.72467044121e-22]}, "mfcc": {"mean": [-857.120544434, 264.509368896, 42.1807594299, -33.8825683594, -0.303372710943, 6.03805732727, -19.7180156708, -24.0618991852, -9.5285577774, -2.37422800064, -1.57107150555, 4.09069538116, 8.28440284729], "cov": [[4509.22509766, 3256.73828125, -1177.80358887, -1397.35205078, 96.4743499756, -78.1895370483, -728.719604492, -475.2684021, -65.1805801392, -75.96849823, -98.5264968872, 138.08303833, 279.729492188], [3256.73828125, 2561.53955078, -509.547302246, -956.864929199, -40.4688110352, -9.72595024109, -429.876525879, -366.07220459, -89.6540756226, -17.0916671753, -14.145813942, 105.668388367, 179.72517395], [-1177.80358887, -509.547302246, 907.609863281, 548.063537598, -142.122009277, 111.317947388, 378.771514893, 124.367225647, -42.646194458, 77.4486923218, 109.401245117, -42.8914031982, -119.692054749], [-1397.35205078, -956.864929199, 548.063537598, 680.24395752, 123.354469299, 91.8242340088, 313.343902588, 233.561859131, 48.9438781738, 15.6649341583, 8.28607940674, -75.0870056152, -107.038864136], [96.4743499756, -40.4688110352, -142.122009277, 123.354469299, 255.362869263, 67.2160644531, -24.6009654999, 70.8289489746, 71.9573364258, -45.707862854, -83.2655639648, -15.2207574844, 24.7079219818], [-78.1895370483, -9.72595024109, 111.317947388, 91.8242340088, 67.2160644531, 96.7657470703, 75.9077758789, 19.7931919098, 2.3466386795, -0.981131613255, -7.22909879684, 1.52356660366, 1.86015093327], [-728.719604492, -429.876525879, 378.771514893, 313.343902588, -24.6009654999, 75.9077758789, 235.107055664, 109.091567993, -17.527179718, 23.3052520752, 46.4219894409, -26.5071544647, -66.2608261108], [-475.2684021, -366.07220459, 124.367225647, 233.561859131, 70.8289489746, 19.7931919098, 109.091567993, 134.50769043, 52.9938697815, -9.34064483643, -11.8704776764, -21.0311355591, -33.3366584778], [-65.1805801392, -89.6540756226, -42.646194458, 48.9438781738, 71.9573364258, 2.3466386795, -17.527179718, 52.9938697815, 74.6592712402, 8.90783786774, -29.119354248, -6.60578680038, 8.65670776367], [-75.96849823, -17.0916671753, 77.4486923218, 15.6649341583, -45.707862854, -0.981131613255, 23.3052520752, -9.34064483643, 8.90783786774, 62.0577697754, 45.2655067444, -12.6926736832, -19.9365024567], [-98.5264968872, -14.145813942, 109.401245117, 8.28607940674, -83.2655639648, -7.22909879684, 46.4219894409, -11.8704776764, -29.119354248, 45.2655067444, 79.2603759766, 24.5839576721, -19.332649231], [138.08303833, 105.668388367, -42.8914031982, -75.0870056152, -15.2207574844, 1.52356660366, -26.5071544647, -21.0311355591, -6.60578680038, -12.6926736832, 24.5839576721, 85.1157608032, 57.4746894836], [279.729492188, 179.72517395, -119.692054749, -107.038864136, 24.7079219818, 1.86015093327, -66.2608261108, -33.3366584778, 8.65670776367, -19.9365024567, -19.332649231, 57.4746894836, 81.7750167847]], "icov": [[-111.673675537, 170.534835815, -203.057006836, 241.821685791, -270.324157715, 275.541595459, -252.712677002, 206.724060059, -148.773956299, 92.2744598389, -47.5688591003, 18.6904602051, -4.69796085358], [170.534835815, -248.115020752, 265.158935547, -282.612487793, 289.07421875, -276.12210083, 241.76789856, -191.288513184, 134.378494263, -81.8685684204, 41.6386756897, -16.1961956024, 4.03822755814], [-203.057006836, 265.158935547, -205.187286377, 123.254669189, -39.7233047485, -27.2202777863, 66.9203796387, -78.4647674561, 68.5232009888, -47.9320259094, 26.7967758179, -11.1403617859, 2.92467021942], [241.821685791, -282.612487793, 123.254669189, 86.9069671631, -286.426055908, 422.747009277, -468.888244629, 429.539215088, -332.592376709, 216.92414856, -115.964744568, 46.8046913147, -12.0339822769], [-270.324157715, 289.07421875, -39.7233047485, -286.426055908, 590.645568848, -789.118286133, 840.046081543, -753.284729004, 576.031494141, -372.797698975, 198.317398071, -79.8113708496, 20.5095119476], [275.541595459, -276.12210083, -27.2202777863, 422.747009277, -789.118286133, 1023.62335205, -1075.48522949, 957.790588379, -729.627746582, 471.225524902, -250.450073242, 100.814712524, -25.9703369141], [-252.712677002, 241.76789856, 66.9203796387, -468.888244629, 840.046081543, -1075.48522949, 1123.54211426, -997.828796387, 759.251098633, -490.295623779, 260.774536133, -105.154808044, 27.2102203369], [206.724060059, -191.288513184, -78.4647674561, 429.539215088, -753.284729004, 957.790588379, -997.828796387, 885.339782715, -673.701049805, 435.439208984, -231.98815918, 93.8002548218, -24.4184303284], [-148.773956299, 134.378494263, 68.5232009888, -332.592376709, 576.031494141, -729.627746582, 759.251098633, -673.701049805, 513.158325195, -332.245574951, 177.475509644, -72.0407943726, 18.9115924835], [92.2744598389, -81.8685684204, -47.9320259094, 216.92414856, -372.797698975, 471.225524902, -490.295623779, 435.439208984, -332.245574951, 215.7137146, -115.667648315, 47.2128868103, -12.541595459], [-47.5688591003, 41.6386756897, 26.7967758179, -115.964744568, 198.317398071, -250.450073242, 260.774536133, -231.98815918, 177.475509644, -115.667648315, 62.3756942749, -25.6542358398, 6.93129634857], [18.6904602051, -16.1961956024, -11.1403617859, 46.8046913147, -79.8113708496, 100.814712524, -105.154808044, 93.8002548218, -72.0407943726, 47.2128868103, -25.6542358398, 10.6864185333, -2.96401762962], [-4.69796085358, 4.03822755814, 2.92467021942, -12.0339822769, 20.5095119476, -25.9703369141, 27.2102203369, -24.4184303284, 18.9115924835, -12.541595459, 6.93129634857, -2.96401762962, 0.886038422585]]}, "spectral_contrast_coeffs": {"dmean": [0.0347507819533, 0.0296098645777, 0.0243445523083, 0.0254181064665, 0.016698345542, 0.0210242625326], "dmean2": [0.0571527220309, 0.0471647009254, 0.0375103466213, 0.0394259318709, 0.0266174972057, 0.0367489419878], "dvar": [0.000933570088819, 0.00104673870374, 0.000842671841383, 0.000879186263774, 0.000302456202917, 0.000328215712216], "dvar2": [0.0025628216099, 0.00250722980127, 0.00188362714835, 0.00192706985399, 0.000609615643043, 0.000994529225864], "max": [-0.374368846416, -0.325738430023, -0.494224518538, -0.476411789656, -0.567805707455, -0.822838366032], "mean": [-0.591813743114, -0.57811999321, -0.689611673355, -0.657808125019, -0.795795440674, -0.897432029247], "median": [-0.591443002224, -0.564924478531, -0.686208665371, -0.647980928421, -0.798036456108, -0.895392894745], "min": [-0.976981461048, -0.957442164421, -0.967012405396, -0.956900775433, -0.963773965836, -0.960830509663], "var": [0.00600261054933, 0.00978080928326, 0.00566748855636, 0.00672366470098, 0.00533390790224, 0.000456477195257]}, "spectral_contrast_valleys": {"dmean": [0.334202229977, 0.274582266808, 0.274469971657, 0.318351894617, 0.241412773728, 0.488719254732], "dmean2": [0.545701265335, 0.43636021018, 0.417076826096, 0.488832056522, 0.388109534979, 0.853262066841], "dvar": [0.156117811799, 0.193302810192, 0.196021437645, 0.249089851975, 0.148893132806, 0.251261919737], "dvar2": [0.282803326845, 0.305419176817, 0.314508795738, 0.413755983114, 0.230636894703, 0.615632295609], "max": [-6.12889862061, -4.79047584534, -6.47179269791, -7.45437717438, -9.98344326019, -12.2545900345], "mean": [-8.0972032547, -7.18925142288, -8.91830253601, -10.8387899399, -