{"lowlevel": {"average_loudness": 0.96443682909, "barkbands_crest": {"dmean": 3.51195931435, "dmean2": 5.0205821991, "dvar": 10.3178129196, "dvar2": 20.5323181152, "max": 26.7051105499, "mean": 15.7955493927, "median": 15.5719490051, "min": 2.45377087593, "var": 38.0582618713}, "barkbands_flatness_db": {"dmean": 0.0488877892494, "dmean2": 0.066810913384, "dvar": 0.00269932486117, "dvar2": 0.00519847730175, "max": 0.664279580116, "mean": 0.240591332316, "median": 0.224972844124, "min": 0.0316334888339, "var": 0.014384095557}, "barkbands_kurtosis": {"dmean": 22.5096035004, "dmean2": 32.1954116821, "dvar": 5034.47998047, "dvar2": 10500.9365234, "max": 2300.18920898, "mean": 30.5255527496, "median": 9.01063537598, "min": -1.91747009754, "var": 8132.28466797}, "barkbands_skewness": {"dmean": 1.4169075489, "dmean2": 1.90461874008, "dvar": 2.87549424171, "dvar2": 5.58658838272, "max": 40.6463241577, "mean": 3.3944106102, "median": 2.61283016205, "min": -3.06345868111, "var": 10.5985565186}, "barkbands_spread": {"dmean": 8.64463424683, "dmean2": 12.3909521103, "dvar": 178.153121948, "dvar2": 343.316131592, "max": 114.091148376, "mean": 16.5757846832, "median": 8.30237197876, "min": 0.0316523760557, "var": 428.981048584}, "dissonance": {"dmean": 0.0356208570302, "dmean2": 0.0562601536512, "dvar": 0.00131844950374, "dvar2": 0.00314935226925, "max": 0.499881953001, "mean": 0.41595891118, "median": 0.437267184258, "min": 0.0947975218296, "var": 0.00497717829421}, "dynamic_complexity": 3.00635957718, "erbbands_crest": {"dmean": 3.03988862038, "dmean2": 4.55443048477, "dvar": 8.23755264282, "dvar2": 17.8287277222, "max": 32.1566925049, "mean": 10.832406044, "median": 9.66950893402, "min": 2.2920498848, "var": 29.0315380096}, "erbbands_flatness_db": {"dmean": 0.0286623556167, "dmean2": 0.0416574329138, "dvar": 0.00131742842495, "dvar2": 0.00252766022459, "max": 0.591725230217, "mean": 0.174470424652, "median": 0.151524797082, "min": 0.0381464511156, "var": 0.00835230760276}, "erbbands_kurtosis": {"dmean": 2.4009373188, "dmean2": 3.64737939835, "dvar": 21.4062957764, "dvar2": 47.0100135803, "max": 120.74836731, "mean": 2.462870121, "median": 0.865129351616, "min": -1.86182081699, "var": 35.0871696472}, "erbbands_skewness": {"dmean": 0.612052261829, "dmean2": 0.878265023232, "dvar": 0.408081024885, "dvar2": 0.852059543133, "max": 9.72992134094, "mean": 0.642975509167, "median": 0.586557686329, "min": -3.13618183136, "var": 1.21360564232}, "erbbands_spread": {"dmean": 14.2351455688, "dmean2": 20.3421630859, "dvar": 281.760009766, "dvar2": 537.360778809, "max": 160.266204834, "mean": 41.1503753662, "median": 33.2445449829, "min": 0.627398133278, "var": 867.641906738}, "hfc": {"dmean": 12.4308233261, "dmean2": 17.5241565704, "dvar": 384.317077637, "dvar2": 826.157165527, "max": 531.888000488, "mean": 22.3730621338, "median": 13.1424465179, "min": 1.75106720235e-08, "var": 926.54107666}, "melbands_crest": {"dmean": 3.8568816185, "dmean2": 5.744576931, "dvar": 13.5170993805, "dvar2": 31.5773067474, "max": 37.5031471252, "mean": 21.9694252014, "median": 22.3432254791, "min": 3.05854797363, "var": 56.7588005066}, "melbands_flatness_db": {"dmean": 0.0577356703579, "dmean2": 0.0769063457847, "dvar": 0.00379665615037, "dvar2": 0.00689603900537, "max": 0.818057119846, "mean": 0.33104172349, "median": 0.318656563759, "min": 0.0185022111982, "var": 0.0218513403088}, "melbands_kurtosis": {"dmean": 27.9574337006, "dmean2": 39.29271698, "dvar": 2653.09545898, "dvar2": 5420.18261719, "max": 1428.0012207, "mean": 46.8109283447, "median": 19.1243057251, "min": -1.81288349628, "var": 6526.21289062}, "melbands_skewness": {"dmean": 1.51153802872, "dmean2": 2.06676840782, "dvar": 2.52735519409, "dvar2": 4.86933040619, "max": 25.7258872986, "mean": 4.40002632141, "median": 3.61099863052, "min": -2.40153765678, "var": 10.7957210541}, "melbands_spread": {"dmean": 8.33273506165, "dmean2": 11.801279068, "dvar": 251.943634033, "dvar2": 475.238861084, "max": 217.172592163, "mean": 14.4323310852, "median": 6.3527135849, "min": 0.131432428956, "var": 493.790252686}, "pitch_salience": {"dmean": 0.0966730117798, "dmean2": 0.138201311231, "dvar": 0.00955828931183, "dvar2": 0.0200860053301, "max": 0.859386503696, "mean": 0.378664314747, "median": 0.379738301039, "min": 0.0312569439411, "var": 0.0329497084022}, "silence_rate_20dB": {"dmean": 0.0352831929922, "dmean2": 0.0705757513642, "dvar": 0.0340414270759, "dvar2": 0.0870886668563, "max": 1, "mean": 0.974933683872, "median": 1, "min": 0, "var": 0.0244361534715}, "silence_rate_30dB": {"dmean": 0.118848651648, "dmean2": 0.237728834152, "dvar": 0.104716002941, "dvar2": 0.208013415337, "max": 1, "mean": 0.754509270191, "median": 1, "min": 0, "var": 0.18522927165}, "silence_rate_60dB": {"dmean": 0.0164478048682, "dmean2": 0.0327673107386, "dvar": 0.0161756053567, "dvar2": 0.035935793072, "max": 1, "mean": 0.0372679047287, "median": 0, "min": 0, "var": 0.0358786731958}, "spectral_centroid": {"dmean": 363.613464355, "dmean2": 519.131225586, "dvar": 263996.71875, "dvar2": 514657.34375, "max": 4640.34521484, "mean": 993.081054688, "median": 731.877807617, "min": 72.4648742676, "var": 694764.5625}, "spectral_complexity": {"dmean": 4.13847970963, "dmean2": 6.07163715363, "dvar": 37.7120895386, "dvar2": 67.6008605957, "max": 50, "mean": 12.0714855194, "median": 10, "min": 0, "var": 83.3403778076}, "spectral_decrease": {"dmean": 1.01851904688e-08, "dmean2": 1.28375630126e-08, "dvar": 2.05560232041e-16, "dvar2": 3.17196765739e-16, "max": -4.98155831809e-21, "mean": -2.00000478401e-08, "median": -9.40139699424e-09, "min": -1.58276904472e-07, "var": 6.05763817861e-16}, "spectral_energy": {"dmean": 0.0391142442822, "dmean2": 0.049380004406, "dvar": 0.00295548466966, "dvar2": 0.00456041703001, "max": 0.601424157619, "mean": 0.0775136500597, "median": 0.0383109673858, "min": 1.60707059639e-12, "var": 0.00876863859594}, "spectral_energyband_high": {"dmean": 0.00119006820023, "dmean2": 0.00171656510793, "dvar": 6.12907888353e-06, "dvar2": 1.36102889883e-05, "max": 0.0547498352826, "mean": 0.0014154673554, "median": 0.000164547527675, "min": 1.05175091726e-12, "var": 1.14205022328e-05}, "spectral_energyband_low": {"dmean": 0.0371593907475, "dmean2": 0.0464339330792, "dvar": 0.0031612876337, "dvar2": 0.00493469368666, "max": 0.595008552074, "mean": 0.0640191584826, "median": 0.0222152173519, "min": 5.87877999319e-14, "var": 0.00846663676202}, "spectral_energyband_middle_high": {"dmean": 0.00104276079219, "dmean2": 0.00151432817802, "dvar": 2.84685165752e-06, "dvar2": 5.94398352405e-06, "max": 0.0348716676235, "mean": 0.00244915205985, "median": 0.00126199866645, "min": 2.60615232736e-13, "var": 1.00062552519e-05}, "spectral_energyband_middle_low": {"dmean": 0.00754357129335, "dmean2": 0.013044487685, "dvar": 0.000270039046882, "dvar2": 0.000750659091864, "max": 0.148801490664, "mean": 0.0110323140398, "median": 0.00671027274802, "min": 3.75588537322e-14, "var": 0.000224032075494}, "spectral_entropy": {"dmean": 0.387641191483, "dmean2": 0.571549117565, "dvar": 0.242907270789, "dvar2": 0.445815742016, "max": 8.72728824615, "mean": 7.06898403168, "median": 7.20087099075, "min": 4.03832054138, "var": 1.06743085384}, "spectral_flux": {"dmean": 0.0607067532837, "dmean2": 0.0871812775731, "dvar": 0.0053938254714, "dvar2": 0.00991711672395, "max": 0.651087462902, "mean": 0.127998560667, "median": 0.0877902135253, "min": 0.000283513596514, "var": 0.0136001072824}, "spectral_kurtosis": {"dmean": 8.39597702026, "dmean2": 13.5681743622, "dvar": 1293.39306641, "dvar2": 3458.75292969, "max": 1694.47167969, "mean": 18.5018424988, "median": 5.08334255219, "min": -1.09914910793, "var": 2086.60498047}, "spectral_rms": {"dmean": 0.00194349675439, "dmean2": 0.00246413890272, "dvar": 4.59572629552e-06, "dvar2": 7.08614606992e-06, "max": 0.0242230314761, "mean": 0.0073892492801, "median": 0.00611363630742, "min": 3.9596386614e-08, "var": 2.10222624446e-05}, "spectral_rolloff": {"dmean": 695.512145996, "dmean2": 1152.52880859, "dvar": 2360754.75, "dvar2": 4298059.5, "max": 19422.9492188, "mean": 1151.34423828, "median": 366.064453125, "min": 43.06640625, "var": 4243576.5}, "spectral_skewness": {"dmean": 0.661179363728, "dmean2": 0.995933890343, "dvar": 1.1973105669, "dvar2": 2.5779337883, "max": 31.9775295258, "mean": 2.60482478142, "median": 1.93855023384, "min": 0.130287110806, "var": 5.64974737167}, "spectral_spread": {"dmean": 969193.75, "dmean2": 1464370.125, "dvar": 1801174253570.0, "dvar2": 3744394641410.0, "max": 20294110, "mean": 5218457, "median": 5452657, "min": 86281.4375, "var": 6516507148290.0}, "spectral_strongpeak": {"dmean": 0.36143219471, "dmean2": 0.561212062836, "dvar": 0.216853290796, "dvar2": 0.528023838997, "max": 6.46592378616, "mean": 0.744910418987, "median": 0.595468342304, "min": 0, "var": 0.368633359671}, "zerocrossingrate": {"dmean": 0.0168967079371, "dmean2": 0.0177773758769, "dvar": 0.000526098359842, "dvar2": 0.000527225143742, "max": 0.50634765625, "mean": 0.0446570105851, "median": 0.025390625, "min": 0.001953125, "var": 0.00250085652806}, "barkbands": {"dmean": [0.000959587225225, 0.0353889800608, 0.00985601730645, 0.00366349425167, 0.00209082569927, 0.00111328414641, 0.000707096420228, 0.000836535356939, 0.000601749459747, 0.000455507222796, 0.000105081671791, 0.000174319575308, 0.000133448280394, 0.000103729209513, 0.000106948187749, 6.38815399725e-05, 8.81122759893e-05, 8.12574871816e-05, 8.79408617038e-05, 0.000161664444022, 0.00024759475491, 0.0002379463549, 0.000256296421867, 0.000205223084777, 0.000126797691337, 6.50546135148e-05, 2.1281230147e-05], "dmean2": [0.000832309015095, 0.0487028695643, 0.0172550976276, 0.00700972182676, 0.00343738356605, 0.00185788644012, 0.00106255046558, 0.00124723894987, 0.000973525457084, 0.000671193760354, 0.000169137361809, 0.000256988365436, 0.000204929398024, 0.000153042303282, 0.000171135863638, 9.77706004051e-05, 0.000137442548294, 0.000121258053696, 0.00013539394422, 0.000264324946329, 0.000381273130188, 0.000334235519404, 0.000360986130545, 0.000304557877826, 0.000191135011846, 9.68163658399e-05, 3.54399890057e-05], "dvar": [1.82384360414e-06, 0.00384103087708, 0.000743634591345, 0.000125082748127, 1.72893123818e-05, 1.50826726895e-05, 4.75188517157e-06, 3.03037745653e-06, 2.2614556201e-06, 1.12348436687e-06, 5.0600384327e-08, 1.58384139581e-07, 1.00899193001e-07, 5.42845590701e-08, 6.88705128482e-08, 2.2501945196e-08, 4.60777265232e-08, 2.63631765307e-08, 2.4222545747e-08, 1.31070748921e-07, 3.18073062999e-07, 2.36592981651e-07, 3.0394511441e-07, 2.45371609253e-07, 1.72692608658e-07, 2.51636897985e-08, 2.06598982366e-09], "dvar2": [1.67347889146e-06, 0.00703136203811, 0.0020322795026, 0.000361294689355, 4.50736479252e-05, 4.24722784373e-05, 1.24390708152e-05, 6.72490205034e-06, 5.62229479328e-06, 2.25415737987e-06, 1.11067407715e-07, 3.3960063206e-07, 2.20239357418e-07, 1.09702682494e-07, 1.76569344035e-07, 4.76828390106e-08, 1.11472012065e-07, 5.70226461605e-08, 5.48604823791e-08, 3.53913009121e-07, 7.76700858296e-07, 5.17644593856e-07, 6.77068214827e-07, 5.14904002102e-07, 3.44129517771e-07, 5.10635125295e-08, 5.25560661657e-09], "max": [0.0142696984112, 0.580608844757, 0.22851151228, 0.0753949135542, 0.0578977353871, 0.0765063390136, 0.0371832884848, 0.030273264274, 0.0280552767217, 0.0330873131752, 0.00500707048923, 0.00822107493877, 0.0073451618664, 0.00420819316059, 0.00507589289919, 0.00379065144807, 0.00339759327471, 0.0024335256312, 0.00303817144595, 0.00262924167328, 0.00483720097691, 0.00609815539792, 0.00955822784454, 0.018085360527, 0.0222336482257, 0.0078390641138, 0.00132453790866], "mean": [0.00204950850457, 0.0526565462351, 0.00796370767057, 0.00223705358803, 0.00317469914444, 0.00174433633219, 0.00117697275709, 0.00151323690079, 0.00110514706466, 0.000885726592969, 0.000152638109284, 0.00039962050505, 0.000217731765588, 0.000163626653375, 0.00015176172019, 0.000102035402961, 0.000123696721857, 0.000106374609459, 0.00010171282338, 0.000159927498316, 0.0002427494328, 0.000269858079264, 0.00029735735734, 0.000244810245931, 0.000160663781571, 8.91990057426e-05, 2.30889054365e-05], "median": [0.000171419596882, 0.0143787898123, 0.000504663679749, 0.000114009177196, 0.00129952630959, 0.000738227681722, 0.000321122497553, 0.00040269974852, 0.000206999713555, 0.000191714178072, 2.48101714533e-05, 5.48528696527e-05, 5.31892037543e-05, 4.48882019555e-05, 3.12011179631e-05, 2.13744679058e-05, 2.60137512669e-05, 2.80120984826e-05, 1.69354098034e-05, 2.99939711113e-05, 2.29423276323e-05, 2.21344125748e-05, 2.10520502151e-05, 1.78649297595e-05, 2.039820356e-05, 1.50846026372e-05, 2.59404623648e-06], "min": [4.77833918267e-14, 2.69834000521e-14, 7.58352409325e-15, 3.97710894911e-15, 3.7073929064e-15, 3.42516025782e-15, 8.19315911638e-15, 4.53835890919e-15, 7.78192462049e-15, 9.67458670684e-15, 1.31995600566e-14, 1.39732856904e-14, 1.54884006282e-14, 1.53075895872e-14, 6.9663813936e-15, 3.50921514883e-14, 2.56083843638e-14, 3.86397355355e-14, 6.19152759661e-14, 4.08526124984e-14, 7.124467303e-14, 6.35082738894e-14, 1.08313064193e-13, 6.92412368219e-14, 1.53389779177e-13, 2.12111198831e-13, 3.83509820038e-13], "var": [1.02162193798e-05, 0.0072340159677, 0.000503304065205, 7.02297766111e-05, 2.35394945776e-05, 1.35687196234e-05, 7.13409599484e-06, 8.01758233138e-06, 5.24682627656e-06, 4.19399702878e-06, 1.72901948758e-07, 7.49771686515e-07, 2.33097736668e-07, 1.06643007314e-07, 9.07384247739e-08, 5.39711493275e-08, 7.07308771553e-08, 4.14092511392e-08, 3.92725141296e-08, 1.11351418752e-07, 3.25426896097e-07, 3.38404277045e-07, 4.65949881345e-07, 6.12052360793e-07, 5.42109148682e-07, 1.08567249413e-07, 3.62220320405e-09]}, "erbbands": {"dmean": [1.00853836536, 8.23108577728, 11.2712831497, 12.0232543945, 9.37159538269, 5.9454536438, 9.67805671692, 9.64097976685, 10.4114551544, 10.1676998138, 18.4458370209, 14.6978282928, 13.7711925507, 9.82121181488, 5.61818790436, 5.19469213486, 5.93414783478, 4.84778738022, 4.96040487289, 5.37707090378, 4.25080013275, 5.14368200302, 4.05139160156, 4.28610563278, 5.01095914841, 8.61295318604, 6.85023260117, 11.6789903641, 8.63010215759, 7.8836145401, 7.23931264877, 4.55927753448, 3.38587641716, 1.87523305416, 0.624565660954, 0.299309641123, 0.120618395507, 0.0263750776649, 0.003403930692, 0.000254477141425], "dmean2": [1.39979541302, 11.2276134491, 17.4505634308, 22.300365448, 17.0521373749, 9.72208309174, 16.0825309753, 15.8085603714, 16.2071590424, 15.3636245728, 27.4670448303, 23.6578617096, 21.3695869446, 14.6434459686, 8.10003757477, 8.01844787598, 8.99351119995, 6.86414480209, 7.65210056305, 8.58149909973, 6.39643573761, 8.03334140778, 5.9172744751, 6.60972213745, 7.62779283524, 14.2021017075, 11.0143327713, 17.4669761658, 12.3955745697, 11.2156476974, 9.9695930481, 6.43416833878, 5.14302873611, 2.82535195351, 0.913635969162, 0.431769728661, 0.189505174756, 0.0441530533135, 0.00564462086186, 0.000420008378569], "dvar": [2.44136309624, 240.899154663, 775.155883789, 1248.16699219, 707.0859375, 143.703369141, 657.715942383, 1080.18737793, 1340.6340332, 479.350372314, 1467.70874023, 1488.52490234, 793.141052246, 613.310058594, 110.067298889, 142.380340576, 214.805358887, 117.969024658, 129.751480103, 180.811203003, 109.490119934, 149.512435913, 65.6755828857, 65.1399688721, 75.1948776245, 388.395935059, 222.991775513, 735.340942383, 323.117889404, 303.874206543, 233.223724365, 91.0550308228, 92.8561325073, 44.4556732178, 2.92971539497, 0.659879386425, 0.0881955549121, 0.00438791699708, 5.71889977437e-05, 2.42027027753e-07], "dvar2": [4.30910015106, 444.989837646, 1911.02270508, 3539.3425293, 2018.20288086, 374.958740234, 1890.5423584, 2973.06713867, 3621.4777832, 1134.8137207, 3189.43505859, 3611.74853516, 1793.22973633, 1304.56933594, 200.465942383, 348.870056152, 458.989776611, 216.89440918, 301.501220703, 462.42010498, 232.45741272, 365.545074463, 144.108352661, 149.825881958, 172.914703369, 1049.89929199, 575.738586426, 1719.6953125, 728.758666992, 686.526916504, 485.938079834, 180.70803833, 216.014968872, 84.6836853027, 5.18527841568, 1.25505900383, 0.203428313136, 0.0117939272895, 0.000145111553138, 6.42365193926e-07], "max": [14.5585107803, 144.442321777, 269.246307373, 238.055709839, 324.205291748, 164.852752686, 494.356689453, 620.976196289, 666.265808105, 485.57220459, 822.109802246, 769.010253906, 696.780456543, 873.752380371, 201.421966553, 235.280975342, 347.112548828, 255.089767456, 181.362945557, 176.613952637, 278.967437744, 165.734542847, 89.8284835815, 99.4235458374, 134.465637207, 144.976623535, 161.484359741, 230.320236206, 178.875915527, 263.491088867, 291.188659668, 267.78817749, 363.161865234, 344.103668213, 104.124763489, 42.4169082642, 11.457359314, 2.36627626419, 0.258557409048, 0.0107435248792], "mean": [1.76445877552, 10.6325883865, 11.9662303925, 8.18479919434, 6.93901395798, 9.70227432251, 17.2194137573, 15.8363780975, 17.236240387, 19.5366954803, 33.145740509, 25.6541061401, 27.7597503662, 18.8064804077, 12.457285881, 11.0518131256, 9.7740020752, 8.91850662231, 7.3371014595, 7.15931367874, 6.86999464035, 7.43114709854, 5.63029813766, 5.28760623932, 5.77381849289, 8.32514953613, 6.99294662476, 11.5254869461, 9.46472167969, 9.26863574982, 8.62197399139, 5.51388645172, 3.84616136551, 2.26909160614, 0.865598380566, 0.432911157608, 0.154987812042, 0.0306887999177, 0.00382521213032, 0.000310057483148], "median": [0.443607956171, 2.75961685181, 1.69319963455, 0.852865099907, 1.0104804039, 3.91012048721, 6.58414459229, 5.8924536705, 5.48618268967, 7.56601381302, 10.3903999329, 7.07578468323, 10.0441398621, 5.31899833679, 2.98020386696, 2.2488489151, 2.60203552246, 2.27889585495, 2.22413063049, 1.58573651314, 1.55380678177, 1.62808454037, 1.60421061516, 1.15551435947, 0.964329183102, 1.59269475937, 0.964095950127, 0.813509702682, 0.733648598194, 0.744254469872, 0.616554498672, 0.390881180763, 0.280576229095, 0.244881331921, 0.131305545568, 0.0695138573647, 0.0250893868506, 0.00415072776377, 0.000480094051454, 0.000116866402095], "min": [1.42621049519e-12, 4.01525600963e-12, 8.64788188976e-12, 1.17991545354e-11, 1.11649717249e-11, 1.39384137912e-11, 1.06407721176e-11, 3.61450036568e-11, 1.41894593297e-10, 4.7813520504e-11, 1.52077503368e-10, 1.72987166258e-10, 3.69776487208e-10, 1.96903410243e-10, 6.83527456857e-10, 5.32857147295e-10, 7.21683768301e-10, 1.07027786633e-09, 4.01242872261e-10, 6.03613492522e-10, 2.08958605974e-09, 1.54902124461e-09, 1.39793865372e-09, 2.6468811587e-09, 4.00346245044e-09, 1.73220049415e-09, 3.20075255189e-09, 2.16122630903e-09, 2.26745910936e-09, 3.76686504211e-09, 2.30411378865e-09, 1.4800207726e-09, 1.22381993428e-09, 2.31466268374e-09, 7.57635898463e-10, 6.42448261257e-10, 3.68073294066e-10, 1.70447364556e-10, 5.61785097608e-11, 6.0532750687e-12], "var": [6.26534795761, 396.373046875, 729.288696289, 747.732543945, 441.946044922, 220.614532471, 917.410400391, 1151.41430664, 1721.84997559, 1202.19885254, 3620.26269531, 3122.26342773, 2097.66503906, 2653.03637695, 502.945037842, 451.315155029, 492.102416992, 326.211639404, 190.831710815, 221.820907593, 259.459991455, 232.711044312, 106.592605591, 99.9158172607, 117.372673035, 321.262207031, 226.493911743, 786.441101074, 425.668670654, 434.695953369, 398.216522217, 217.836471558, 206.345413208, 135.214523315, 12.2222738266, 3.03216862679, 0.270033538342, 0.00857258029282, 0.000113210902782, 3.62301506129e-07]}, "gfcc": {"mean": [-35.0269622803, 98.9426498413, -70.514831543, 19.7367420197, -56.7521743774, 13.3557052612, -22.7819480896, 11.9972696304, -8.9293794632, 6.87039041519, -9.11602687836, 3.41871547699, -3.43504238129], "cov": [[12157.0595703, -5211.87939453, -445.710906982, 1947.66186523, 50.3323554993, 1375.80603027, -138.257263184, 1007.5255127, -339.666900635, 414.510772705, -341.190155029, 302.977111816, -343.096740723], [-5211.87939453, 4283.73583984, 331.764556885, -969.70111084, 566.935119629, -470.177490234, 357.33996582, -411.152313232, 267.884490967, -239.12121582, 289.402893066, -236.216705322, 241.516098022], [-445.710906982, 331.764556885, 1282.47595215, 197.38861084, 380.43939209, 18.7355232239, 166.272460938, 139.603103638, 84.2360458374, 96.4915008545, 55.2330474854, 18.5716323853, -28.1287708282], [1947.66186523, -969.70111084, 197.38861084, 884.374633789, 191.28793335, 298.688873291, 72.6730804443, 256.517456055, 59.9209403992, 136.554946899, 7.50737094879, 82.1283721924, 0.676234841347], [50.3323554993, 566.935119629, 380.43939209, 191.28793335, 644.373962402, 185.644683838, 200.833770752, 156.113311768, 97.7136688232, 51.9009094238, 61.5206680298, 4.183344841, 41.1543540955], [1375.80603027, -470.177490234, 18.7355232239, 298.688873291, 185.644683838, 576.994873047, 218.059509277, 204.963516235, -2.53284072876, 118.518081665, 31.4872722626, 26.9103469849, 6.6810259819], [-138.257263184, 357.33996582, 166.272460938, 72.6730804443, 200.833770752, 218.059509277, 389.910949707, 93.7807159424, 95.6748580933, 66.0382156372, 92.014175415, -18.751991272, 40.6646385193], [1007.5255127, -411.152313232, 139.603103638, 256.517456055, 156.113311768, 204.963516235, 93.7807159424, 342.650512695, 78.4612960815, 137.612060547, 26.4169940948, 72.4949264526, 1.85954892635], [-339.666900635, 267.884490967, 84.2360458374, 59.9209403992, 97.7136688232, -2.53284072876, 95.6748580933, 78.4612960815, 225.422622681, 92.9003601074, 90.1570739746, 20.3619842529, 68.2165985107], [414.510772705, -239.12121582, 96.4915008545, 136.554946899, 51.9009094238, 118.518081665, 66.0382156372, 137.612060547, 92.9003601074, 194.870513916, 87.6067428589, 52.2892303467, 6.53322887421], [-341.190155029, 289.402893066, 55.2330474854, 7.50737094879, 61.5206680298, 31.4872722626, 92.014175415, 26.4169940948, 90.1570739746, 87.6067428589, 168.925964355, 40.6061782837, 56.161693573], [302.977111816, -236.216705322, 18.5716323853, 82.1283721924, 4.183344841, 26.9103469849, -18.751991272, 72.4949264526, 20.3619842529, 52.2892303467, 40.6061782837, 148.249313354, 50.9485206604], [-343.096740723, 241.516098022, -28.1287708282, 0.676234841347, 41.1543540955, 6.6810259819, 40.6646385193, 1.85954892635, 68.2165985107, 6.53322887421, 56.161693573, 50.9485206604, 163.596328735]], "icov": [[0.000294383731671, 0.000164973418578, 0.000148603023263, -0.000281351123704, -0.000107731080789, -0.000311106268782, 0.000120391603559, -0.000334462150931, 0.000251160905464, -7.23794655642e-05, 0.000199124784558, -0.000123855745187, 0.00028260803083], [0.000164973418578, 0.00117811036762, -3.35144832206e-05, 0.000749095983338, -0.00112418096978, 0.000374157825718, -0.000410306965932, 0.000254708429566, -0.000554697646294, 0.00131691328716, -0.00163841119502, 0.00120742036961, -0.000670357199851], [0.000148603023263, -3.35144832206e-05, 0.00115695106797, -0.000393011432607, -0.000549518386833, 0.000301069027046, -0.000305636378471, -0.000274446530966, 0.000369782850612, -0.000663651386276, 0.000377053773263, -0.000361742277164, 0.000622239895165], [-0.000281351123704, 0.000749095983338, -0.000393011432607, 0.00269505591132, -0.000940211699344, 6.30679860478e-05, -0.00017840777582, 0.000157115369802, -0.0011609607609, 0.000906367553398, -0.0011699803872, 0.000698358693626, -0.000866086804308], [-0.000107731080789, -0.00112418096978, -0.000549518386833, -0.000940211699344, 0.00354755669832, -0.000932921713684, 3.49019901478e-05, -0.00102097727358, 2.5757783078e-05, -0.000208542667679, 0.00111574761104, -0.000762120704167, 0.000343595078448], [-0.000311106268782, 0.000374157825718, 0.000301069027046, 6.30679860478e-05, -0.000932921713684, 0.00423779431731, -0.0022403721232, -0.000400162796723, 0.00143739487976, -0.00100400589872, -0.000642527767923, 0.00107509177178, -0.00120377575513], [0.000120391603559, -0.000410306965932, -0.000305636378471, -0.00017840777582, 3.49019901478e-05, -0.0022403721232, 0.00499228062108, -0.000650583184324, -0.000921459402889, 0.000333302334184, -0.0010898145847, 0.000853806559462, 0.000134747780976], [-0.000334462150931, 0.000254708429566, -0.000274446530966, 0.000157115369802, -0.00102097727358, -0.000400162796723, -0.000650583184324, 0.00657590804622, -0.00181940000039, -0.00208012829535, 0.0011043389095, -0.00153947866056, 0.000176895031473], [0.000251160905464, -0.000554697646294, 0.000369782850612, -0.0011609607609, 2.5757783078e-05, 0.00143739487976, -0.000921459402889, -0.00181940000039, 0.00910334754735, -0.00424463395029, -0.000215749780182, 0.000771060993429, -0.00219392147847], [-7.23794655642e-05, 0.00131691328716, -0.000663651386276, 0.000906367553398, -0.000208542667679, -0.00100400589872, 0.000333302334184, -0.00208012829535, -0.00424463395029, 0.0137702822685, -0.00724216317758, 0.000290967145702, 0.001436053426], [0.000199124784558, -0.00163841119502, 0.000377053773263, -0.0011699803872, 0.00111574761104, -0.000642527767923, -0.0010898145847, 0.0011043389095, -0.000215749780182, -0.00724216317758, 0.0141626298428, -0.00421516038477, -0.000260100408923], [-0.000123855745187, 0.00120742036961, -0.000361742277164, 0.000698358693626, -0.000762120704167, 0.00107509177178, 0.000853806559462, -0.00153947866056, 0.000771060993429, 0.000290967145702, -0.00421516038477, 0.0118386093527, -0.0047272327356], [0.00028260803083, -0.000670357199851, 0.000622239895165, -0.000866086804308, 0.000343595078448, -0.00120377575513, 0.000134747780976, 0.000176895031473, -0.00219392147847, 0.001436053426, -0.000260100408923, -0.0047272327356, 0.0101516889408]]}, "melbands": {"dmean": [0.00970454607159, 0.00675866240636, 0.00201807892881, 0.000491654558573, 0.000334271404427, 0.000211474180105, 0.00015158529277, 0.000129812207888, 0.000137296665343, 9.09571972443e-05, 7.14480192983e-05, 4.63718170067e-05, 1.69341255969e-05, 2.23478873522e-05, 9.81884932116e-06, 1.52436532517e-05, 8.47679712024e-06, 8.61819899001e-06, 8.56231690705e-06, 4.67245990876e-06, 5.49563128516e-06, 6.29436590316e-06, 3.60213221029e-06, 3.8545699681e-06, 3.5342125102e-06, 3.48145613316e-06, 4.84326983496e-06, 5.9693284129e-06, 3.68462428924e-06, 4.92718163514e-06, 7.48812544771e-06, 4.4905359573e-06, 5.245720331e-06, 4.48292030342e-06, 4.93519337397e-06, 2.79513346868e-06, 2.72034731097e-06, 2.58865566138e-06, 1.82053452136e-06, 1.57064857831e-06], "dmean2": [0.0134292840958, 0.00886927451938, 0.00370146683417, 0.00083455152344, 0.000551799836103, 0.000348900386598, 0.000232398611843, 0.000195908083697, 0.000205293355975, 0.000147913262481, 0.000109807493573, 6.86227358528e-05, 2.53303132922e-05, 3.24342800013e-05, 1.65664714586e-05, 2.24829273066e-05, 1.20360327855e-05, 1.34328838612e-05, 1.38157620313e-05, 7.3574074122e-06, 8.25332062959e-06, 1.00113347798e-05, 5.25024597664e-06, 5.83540986554e-06, 5.50708000446e-06, 5.29229873791e-06, 8.00098769105e-06, 9.81451103144e-06, 5.89590808886e-06, 7.74200088927e-06, 1.10033633973e-05, 6.47922479402e-06, 7.97938173491e-06, 6.65146035317e-06, 6.95235030435e-06, 3.90894820157e-06, 4.07720108342e-06, 3.97727535528e-06, 2.85138912659e-06, 2.35334232457e-06], "dvar": [0.000260763627011, 0.000171261985088, 3.35757686116e-05, 1.31747333398e-06, 7.09678090516e-07, 5.56577163024e-07, 2.57092040101e-07, 6.71235085292e-08, 7.72970594198e-08, 5.34626742876e-08, 2.21158806823e-08, 1.37686795298e-08, 1.08139996957e-09, 2.73902789338e-09, 6.66452670828e-10, 1.5737062764e-09, 3.58135909817e-10, 4.6787418384e-10, 5.19286669221e-10, 1.1137814282e-10, 2.37900948941e-10, 2.62937588369e-10, 4.30466357004e-11, 7.2743477908e-11, 4.49195299013e-11, 4.30195809531e-11, 9.83349721095e-11, 1.94422727917e-10, 6.03708125158e-11, 1.18694637452e-10, 3.00900443451e-10, 8.81189843316e-11, 1.32668195874e-10, 1.04138024593e-10, 1.13250055167e-10, 4.20287520064e-11, 3.37198602374e-11, 4.76814490669e-11, 3.67264829659e-11, 4.14581910468e-11], "dvar2": [0.000467217876576, 0.000316425575875, 9.41744438023e-05, 3.49682386513e-06, 2.05269338949e-06, 1.54220526838e-06, 6.88333386734e-07, 1.58887914381e-07, 1.68333571082e-07, 1.32948983378e-07, 4.85820912388e-08, 2.87101258323e-08, 2.07603223501e-09, 5.64933566594e-09, 1.82691572981e-09, 3.22728377355e-09, 6.61896149001e-10, 1.07551201278e-09, 1.35575184412e-09, 2.72365047183e-10, 4.96017893425e-10, 6.60455024004e-10, 9.53777196111e-11, 1.64301044991e-10, 1.07180632425e-10, 9.44107500511e-11, 2.59434418393e-10, 5.27711485621e-10, 1.55792004297e-10, 2.99866659281e-10, 6.85712653326e-10, 1.9998457057e-10, 2.96032531821e-10, 2.47694753597e-10, 2.44905540292e-10, 8.01764488134e-11, 7.3613129481e-11, 1.15763648667e-10, 8.3904126702e-11, 7.52724271802e-11], "max": [0.146959215403, 0.115020796657, 0.0384744219482, 0.0159198027104, 0.0149197392166, 0.0143200522289, 0.0088395755738, 0.00575674651191, 0.00605488847941, 0.00446282047778, 0.00402480736375, 0.00387255311944, 0.000829217606224, 0.00112981093116, 0.000346879911376, 0.000983927515335, 0.000433338806033, 0.000415442977101, 0.000504179683048, 0.000162672207807, 0.000441562035121, 0.000215845459024, 8.58706698637e-05, 0.00013593841868, 7.39280876587e-05, 0.000172033367562, 8.55776524986e-05, 0.00010662987188, 0.000101285222627, 0.000104956234281, 0.000153740562382, 0.000112922047265, 0.000126579237985, 0.000164641984156, 0.000199846486794, 0.000225010036957, 0.000134568559588, 0.000239637753111, 0.000311096082442, 0.00033379427623], "mean": [0.0152783067897, 0.00914975255728, 0.00141491054092, 0.000537779997103, 0.000614618766122, 0.000338394922437, 0.000256479659583, 0.000252383644693, 0.000247401592787, 0.000157401649631, 0.000144680016092, 8.94366967259e-05, 3.25068431266e-05, 5.38709027751e-05, 1.21470393424e-05, 2.57957944996e-05, 1.45606718434e-05, 1.16373930723e-05, 1.20131253425e-05, 6.17132536718e-06, 8.59616920934e-06, 8.42391182232e-06, 5.27390920979e-06, 4.89684907734e-06, 4.1837288336e-06, 3.94210474042e-06, 4.87133092975e-06, 5.6596459217e-06, 3.85382008972e-06, 4.76207105748e-06, 7.44730459701e-06, 4.79361006001e-06, 6.02168938713e-06, 4.97328392157e-06, 5.67530423723e-06, 3.5596624457e-06, 3.14755288855e-06, 2.81869461105e-06, 2.1065832243e-06, 1.91686331164e-06], "median": [0.0041591944173, 0.00237202038988, 0.00016042398056, 0.000162049444043, 0.000253177830018, 0.0001256387186, 8.45914764795e-05, 8.83544707904e-05, 7.9228397226e-05, 3.16430232488e-05, 4.84068368678e-05, 2.19000066863e-05, 7.66501216276e-06, 6.79153981764e-06, 2.92858067041e-06, 5.95315941609e-06, 3.41535815096e-06, 3.34725154971e-06, 2.19156663661e-06, 1.34913807415e-06, 1.6279227566e-06, 1.59972591973e-06, 1.48956053181e-06, 1.21508674056e-06, 8.24181938697e-07, 6.4525477228e-07, 8.00030022674e-07, 1.05858009647e-06, 5.5287887335e-07, 5.00144551552e-07, 4.35425249634e-07, 3.80369499453e-07, 4.72855447242e-07, 3.86997413671e-07, 3.69264142819e-07, 2.77121387171e-07, 2.2365162522e-07, 1.81907111596e-07, 2.02756297085e-07, 1.99373985765e-07], "min": [1.24135414337e-14, 4.79166877075e-15, 2.10255240376e-15, 8.3022304902e-16, 4.51188140041e-16, 9.23955291447e-16, 2.01233577158e-15, 4.20630447087e-16, 1.35822940114e-15, 1.11479170858e-15, 1.84443414792e-15, 6.6708556217e-16, 2.12060119356e-15, 1.54681599289e-15, 1.35723805496e-15, 1.91588074175e-15, 1.9091824052e-15, 5.49731159032e-16, 3.75636506916e-16, 1.66388653411e-15, 2.54140144428e-15, 1.54683039245e-15, 1.00490644197e-15, 1.98749229524e-15, 1.94946220997e-15, 2.99271182177e-15, 2.30499243112e-15, 7.78150375099e-16, 2.10756175661e-15, 1.40305311416e-15, 1.18371467362e-15, 1.154091708e-15, 1.40708710857e-15, 2.78658847163e-15, 1.68447885797e-15, 6.2492825593e-16, 9.66890756269e-16, 7.12792201158e-16, 1.28939124528e-15, 2.21807647458e-15], "var": [0.000544873881154, 0.000286755413981, 2.06819076993e-05, 1.18851221487e-06, 1.06770505681e-06, 5.50107074559e-07, 3.48094886249e-07, 1.86748536635e-07, 1.90558949953e-07, 1.11409875103e-07, 6.15884090394e-08, 5.81926293819e-08, 4.61298288457e-09, 1.43566634137e-08, 7.21236403933e-10, 3.74244990553e-09, 9.46964284765e-10, 6.38939567921e-10, 6.40551611752e-10, 1.62168639628e-10, 5.72722425041e-10, 3.56871920904e-10, 8.30161286935e-11, 1.01725280977e-10, 6.45390130227e-11, 7.01803268277e-11, 9.34509483685e-11, 1.57599155948e-10, 6.65232452457e-11, 1.16719689469e-10, 3.37254058014e-10, 1.11805689706e-10, 1.78610778945e-10, 1.34494984594e-10, 1.73207170828e-10, 9.25438822796e-11, 7.09606123861e-11, 8.45817513251e-11, 1.04901046183e-10, 1.18352355694e-10]}, "mfcc": {"mean": [-693.275390625, 135.336334229, 40.1312446594, 18.3719577789, 1.17998719215, 4.93616771698, 0.356208145618, 6.90266132355, 6.72395515442, 8.01903247833, 4.84801244736, 3.43971133232, 2.03938412666], "cov": [[10910.6259766, -4284.75048828, -994.826293945, 540.885742188, 217.365234375, 620.874328613, 328.333984375, 579.622436523, 238.64692688, 314.60925293, 99.9914093018, 51.8961524963, 57.3280639648], [-4284.75048828, 3619.32348633, 238.713409424, -221.732833862, 197.3387146, -109.150878906, 154.149810791, -91.8939361572, 54.3689727783, -76.171081543, 57.9706039429, 90.9799118042, 2.86418747902], [-994.826293945, 238.713409424, 794.411987305, 172.415557861, 59.7304573059, 29.7023601532, 52.0089988708, -8.71446704865, 19.4613857269, 28.309211731, 48.8882522583, 35.1145782471, 47.445110321], [540.885742188, -221.732833862, 172.415557861, 555.85345459, 268.043731689, 101.140235901, 80.3718643188, 119.037117004, 133.329071045, 69.8308639526, 62.8174934387, 100.068229675, 83.9553451538], [217.365234375, 197.3387146, 59.7304573059, 268.043731689, 421.080169678, 124.666244507, 113.238510132, 107.381263733, 127.460258484, 56.0917816162, 50.697303772, 77.3267669678, 50.2497291565], [620.874328613, -109.150878906, 29.7023601532, 101.140235901, 124.666244507, 351.565216064, 226.785491943, 135.406341553, 93.9414825439, 125.50113678, 63.1289787292, 42.2024269104, 32.4904327393], [328.333984375, 154.149810791, 52.0089988708, 80.3718643188, 113.238510132, 226.785491943, 334.245330811, 171.258377075, 93.9331970215, 118.59526062, 89.5597915649, 42.6617202759, 36.4738845825], [579.622436523, -91.8939361572, -8.71446704865, 119.037117004, 107.381263733, 135.406341553, 171.258377075, 217.358917236, 126.472923279, 80.6687088013, 63.6464729309, 46.1636886597, 36.8597259521], [238.64692688, 54.3689727783, 19.4613857269, 133.329071045, 127.460258484, 93.9414825439, 93.9331970215, 126.472923279, 202.117111206, 97.9097976685, 42.9702224731, 57.5261955261, 39.2919235229], [314.60925293, -76.171081543, 28.309211731, 69.8308639526, 56.0917816162, 125.50113678, 118.59526062, 80.6687088013, 97.9097976685, 207.592910767, 109.675041199, 47.4529418945, 56.0839233398], [99.9914093018, 57.9706039429, 48.8882522583, 62.8174934387, 50.697303772, 63.1289787292, 89.5597915649, 63.6464729309, 42.9702224731, 109.675041199, 166.297348022, 80.8927230835, 56.8538551331], [51.8961524963, 90.9799118042, 35.1145782471, 100.068229675, 77.3267669678, 42.2024269104, 42.6617202759, 46.1636886597, 57.5261955261, 47.4529418945, 80.8927230835, 159.705276489, 78.4289703369], [57.3280639648, 2.86418747902, 47.445110321, 83.9553451538, 50.2497291565, 32.4904327393, 36.4738845825, 36.8597259521, 39.2919235229, 56.0839233398, 56.8538551331, 78.4289703369, 122.186965942]], "icov": [[0.000265521550318, 0.000297588092508, 0.000277777435258, -5.75393423787e-05, -0.000122676836327, -0.000135863418109, -0.000147498096339, -0.000269079842838, 1.02080766737e-05, 9.28760800889e-06, -4.39327195636e-05, -9.45013234741e-05, 8.5455540102e-05], [0.000297588092508, 0.000745329016354, 0.000185721684829, 0.000331565272063, -0.00050256337272, 0.000214641506318, -0.000820821558591, 0.000372597656678, -0.000509371689986, 0.000453154701972, -0.000296020327369, -0.000340296654031, 0.00013716617832], [0.000277777435258, 0.000185721684829, 0.00176791811828, -0.000726832484361, 0.00011491105397, -0.000220026311581, -0.000439785304479, 0.000312831718475, -1.02830335891e-05, 0.000123120713397, -0.000394507573219, 0.00020076869987, -0.000272103934549], [-5.75393423787e-05, 0.000331565272063, -0.000726832484361, 0.00352342845872, -0.00183152151294, 0.000226956079132, 0.000102125581179, -0.000291577540338, -0.000904797459953, 0.000368508219253, -7.54208085709e-05, -0.000707265047822, -0.000758289184887], [-0.000122676836327, -0.00050256337272, 0.00011491105397, -0.00183152151294, 0.00436717458069, -0.000855217513163, 7.58403839427e-05, -7.96699896455e-05, -0.00104381202254, 0.000514025159646, -9.30799360503e-05, -0.000142551813042, -4.95079511893e-05], [-0.000135863418109, 0.000214641506318, -0.000220026311581, 0.000226956079132, -0.000855217513163, 0.00614243233576, -0.00354840233922, 0.000131354201585, -6.00271141593e-06, -0.00186741468497, 0.00121102877893, -0.000785926124081, 0.000526251213159], [-0.000147498096339, -0.000820821558591, -0.000439785304479, 0.000102125581179, 7.58403839427e-05, -0.00354840233922, 0.00872728973627, -0.005167321302, 0.00183217518497, -0.00154474552255, -0.000783602823503, 0.000792252540123, 3.09810129693e-05], [-0.000269079842838, 0.000372597656678, 0.000312831718475, -0.000291577540338, -7.96699896455e-05, 0.000131354201585, -0.005167321302, 0.0129567217082, -0.0061609717086, 0.00267028389499, -0.00237356661819, 0.000597690115683, -0.000695580616593], [1.02080766737e-05, -0.000509371689986, -1.02830335891e-05, -0.000904797459953, -0.00104381202254, -6.00271141593e-06, 0.00183217518497, -0.0061609717086, 0.0116085130721, -0.00530024338514, 0.00344501552172, -0.00209970632568, 0.000819962180685], [9.28760800889e-06, 0.000453154701972, 0.000123120713397, 0.000368508219253, 0.000514025159646, -0.00186741468497, -0.00154474552255, 0.00267028389499, -0.00530024338514, 0.0118503058329, -0.00672861281782, 0.0023998436518, -0.00251969741657], [-4.39327195636e-05, -0.000296020327369, -0.000394507573219, -7.54208085709e-05, -9.30799360503e-05, 0.00121102877893, -0.000783602823503, -0.00237356661819, 0.00344501552172, -0.00672861281782, 0.0131594380364, -0.00493109505624, -7.85845768405e-05], [-9.45013234741e-05, -0.000340296654031, 0.00020076869987, -0.000707265047822, -0.000142551813042, -0.000785926124081, 0.000792252540123, 0.000597690115683, -0.00209970632568, 0.0023998436518, -0.00493109505624, 0.0120448824018, -0.00555207021534], [8.5455540102e-05, 0.00013716617832, -0.000272103934549, -0.000758289184887, -4.95079511893e-05, 0.000526251213159, 3.09810129693e-05, -0.000695580616593, 0.000819962180685, -0.00251969741657, -7.85845768405e-05, -0.00555207021534, 0.0133417397738]]}, "spectral_contrast_coeffs": {"dmean": [0.0550265200436, 0.0511094257236, 0.0437935814261, 0.0348731838167, 0.0279830079526, 0.0228322856128], "dmean2": [0.0847780928016, 0.0823521465063, 0.0682718381286, 0.054923761636, 0.0438681952655, 0.0346837230027], "dvar": [0.00216072332114, 0.00201198621653, 0.00145973754115, 0.000956766773015, 0.000713271263521, 0.000433786888607], "dvar2": [0.00544032268226, 0.00515012349933, 0.00337764318101, 0.00221037771553, 0.00159054400865, 0.00093540281523], "max": [-0.282306134701, -0.417279064655, -0.435090750456, -0.541688203812, -0.582677841187, -0.647415399551], "mean": [-0.612845301628, -0.685134828091, -0.723044812679, -0.787767767906, -0.800475358963, -0.791067540646], "median": [-0.615904331207, -0.688007831573, -0.730155706406, -0.800667524338, -0.810612797737, -0.788177847862], "min": [-0.939731538296, -0.923590362072, -0.944164514542, -0.946318864822, -0.945812821388, -0.959598183632], "var": [0.00957580376416, 0.00645582564175, 0.00759715540335, 0.00396598223597, 0.00239163497463, 0.00171551934909]}, "spectral_contrast_valleys": {"dmean": [0.513534724712, 0.455770164728, 0.509492218494, 0.510668873787, 0.591730952263, 0.668296456337], "dmean2": [0.776649653912, 0.730832576752, 0.788114070892, 0.753428697586, 0.823260962963, 0.924625575542], "dvar": [0.295658111572, 0.221492379904, 0.299281209707, 0.315803915262, 0.5082218647, 0.649051845074], "dvar2": [0.545877456665, 0.515450537205, 0.679579854012, 0.625562787056, 0.884626448154, 1.15928554535], "max": [-4.99072313309, -4.2394194603, -5.33057880402, -6.