{"lowlevel": {"average_loudness": 0.430770039558, "barkbands_crest": {"dmean": 2.13260221481, "dmean2": 3.43012285233, "dvar": 4.24789524078, "dvar2": 10.7265052795, "max": 26.795753479, "mean": 12.8740100861, "median": 11.504986763, "min": 3.39796805382, "var": 24.7063369751}, "barkbands_flatness_db": {"dmean": 0.026023812592, "dmean2": 0.0402442887425, "dvar": 0.000844240421429, "dvar2": 0.00190890149679, "max": 0.590420365334, "mean": 0.311774432659, "median": 0.301523715258, "min": 0.0474012009799, "var": 0.0052125621587}, "barkbands_kurtosis": {"dmean": 3.10504007339, "dmean2": 4.76396036148, "dvar": 96.4465866089, "dvar2": 220.366226196, "max": 380.489532471, "mean": 5.03950452805, "median": 0.171622037888, "min": -1.88449752331, "var": 319.397583008}, "barkbands_skewness": {"dmean": 0.572410821915, "dmean2": 0.856665790081, "dvar": 0.345691680908, "dvar2": 0.749526083469, "max": 11.8569078445, "mean": 0.649162590504, "median": 0.649993240833, "min": -12.911324501, "var": 3.72184157372}, "barkbands_spread": {"dmean": 1.9813965559, "dmean2": 3.0818798542, "dvar": 4.92505884171, "dvar2": 10.6208639145, "max": 37.2882041931, "mean": 9.61001110077, "median": 9.78932857513, "min": 0.110440857708, "var": 28.9222412109}, "dissonance": {"dmean": 0.0522619076073, "dmean2": 0.0898446217179, "dvar": 0.00233674561605, "dvar2": 0.00665728980675, "max": 0.500000178814, "mean": 0.343943536282, "median": 0.345552653074, "min": 0.0648768097162, "var": 0.0048854588531}, "dynamic_complexity": 5.26435518265, "erbbands_crest": {"dmean": 2.99039745331, "dmean2": 4.69155550003, "dvar": 9.80187320709, "dvar2": 23.7948932648, "max": 35.007976532, "mean": 19.6006069183, "median": 18.8807697296, "min": 2.70113348961, "var": 57.1948013306}, "erbbands_flatness_db": {"dmean": 0.0229141619056, "dmean2": 0.0364190526307, "dvar": 0.000653520633932, "dvar2": 0.0015711466549, "max": 0.60010266304, "mean": 0.330046921968, "median": 0.324540138245, "min": 0.0905886366963, "var": 0.00406912714243}, "erbbands_kurtosis": {"dmean": 3.39976859093, "dmean2": 5.23689889908, "dvar": 42.5493583679, "dvar2": 94.2053756714, "max": 375.973175049, "mean": 9.44810771942, "median": 1.77016210556, "min": -1.80547297001, "var": 890.237243652}, "erbbands_skewness": {"dmean": 0.529494822025, "dmean2": 0.805831551552, "dvar": 0.292276084423, "dvar2": 0.653735339642, "max": 7.30124998093, "mean": -0.848236262798, "median": -0.83735948801, "min": -9.75230979919, "var": 3.04514765739}, "erbbands_spread": {"dmean": 3.62608957291, "dmean2": 5.58802223206, "dvar": 15.9907464981, "dvar2": 37.3915710449, "max": 62.9662399292, "mean": 14.1763887405, "median": 12.9699649811, "min": 0.182208761573, "var": 75.7536392212}, "hfc": {"dmean": 4.653819561, "dmean2": 7.38687849045, "dvar": 95.0499038696, "dvar2": 229.038024902, "max": 239.874252319, "mean": 14.0143938065, "median": 10.7351884842, "min": 1.19010762832e-16, "var": 255.694274902}, "melbands_crest": {"dmean": 2.69784235954, "dmean2": 4.28613948822, "dvar": 5.85458803177, "dvar2": 14.1532812119, "max": 32.3636360168, "mean": 16.0800609589, "median": 15.4949550629, "min": 1.64865195751, "var": 26.2046070099}, "melbands_flatness_db": {"dmean": 0.0284581091255, "dmean2": 0.0429827608168, "dvar": 0.00106737145688, "dvar2": 0.00229576276615, "max": 0.745242357254, "mean": 0.374447196722, "median": 0.364175975323, "min": 0.0039314776659, "var": 0.00749030616134}, "melbands_kurtosis": {"dmean": 3.41626739502, "dmean2": 5.28660964966, "dvar": 43.3520736694, "dvar2": 97.9231185913, "max": 165.414871216, "mean": 5.66960144043, "median": 1.23196411133, "min": -1.93402218819, "var": 161.587936401}, "melbands_skewness": {"dmean": 0.604179084301, "dmean2": 0.910415053368, "dvar": 0.353197067976, "dvar2": 0.786287784576, "max": 9.28488731384, "mean": 1.25992393494, "median": 1.24096441269, "min": -8.10928153992, "var": 3.30658650398}, "melbands_spread": {"dmean": 3.76712179184, "dmean2": 5.79570817947, "dvar": 23.4831504822, "dvar2": 43.5298843384, "max": 148.522094727, "mean": 16.8321380615, "median": 15.7003574371, "min": 0.521352648735, "var": 182.59185791}, "pitch_salience": {"dmean": 0.0477909855545, "dmean2": 0.0761919543147, "dvar": 0.00233949557878, "dvar2": 0.00566170597449, "max": 0.962152540684, "mean": 0.392583727837, "median": 0.389446347952, "min": 0.0297605674714, "var": 0.0105256903917}, "silence_rate_20dB": {"dmean": 0.00396682275459, "dmean2": 0.00793507695198, "dvar": 0.00395104195923, "dvar2": 0.00859407428652, "max": 1, "mean": 0.996394455433, "median": 1, "min": 0, "var": 0.00359272793867}, "silence_rate_30dB": {"dmean": 0.00901550706476, "dmean2": 0.0180342644453, "dvar": 0.00893361214548, "dvar2": 0.0180712658912, "max": 1, "mean": 0.974941432476, "median": 1, "min": 0, "var": 0.0244293138385}, "silence_rate_60dB": {"dmean": 0.0209159757942, "dmean2": 0.0418394953012, "dvar": 0.0204764418304, "dvar2": 0.044781036675, "max": 1, "mean": 0.252028137445, "median": 0, "min": 0, "var": 0.188521206379}, "spectral_centroid": {"dmean": 106.062782288, "dmean2": 160.776626587, "dvar": 27468.2324219, "dvar2": 42197.7460938, "max": 11393.4472656, "mean": 737.810180664, "median": 669.902770996, "min": 148.79196167, "var": 202950.5}, "spectral_complexity": {"dmean": 1.03281641006, "dmean2": 1.76555454731, "dvar": 1.1323543787, "dvar2": 2.76013851166, "max": 19, "mean": 8.16224956512, "median": 9, "min": 0, "var": 14.463965416}, "spectral_decrease": {"dmean": 2.71418154618e-09, "dmean2": 4.0631786824e-09, "dvar": 5.83540518826e-17, "dvar2": 1.26252034263e-16, "max": 9.63147433125e-18, "mean": -7.00827129663e-09, "median": -5.02917929524e-09, "min": -1.71081197209e-07, "var": 1.19630433608e-16}, "spectral_energy": {"dmean": 0.0106188897043, "dmean2": 0.0159275569022, "dvar": 0.000874035293236, "dvar2": 0.0018922931049, "max": 0.662725746632, "mean": 0.0277220346034, "median": 0.0201571304351, "min": 1.08561348478e-20, "var": 0.00180873984937}, "spectral_energyband_high": {"dmean": 9.00534814718e-06, "dmean2": 1.47044538608e-05, "dvar": 2.89979995571e-09, "dvar2": 7.99339350266e-09, "max": 0.00211167312227, "mean": 1.77855035872e-05, "median": 8.69466657605e-06, "min": 7.5424662776e-21, "var": 2.71423816756e-09}, "spectral_energyband_low": {"dmean": 0.00292281573638, "dmean2": 0.00423095934093, "dvar": 7.67685414758e-05, "dvar2": 0.000183114068932, "max": 0.210628375411, "mean": 0.0051528327167, "median": 0.0022621077951, "min": 9.24639013139e-23, "var": 0.000112729168904}, "spectral_energyband_middle_high": {"dmean": 0.00289493426681, "dmean2": 0.00476784165949, "dvar": 2.94597703032e-05, "dvar2": 8.16141764517e-05, "max": 0.081290088594, "mean": 0.0082876002416, "median": 0.00574330845848, "min": 1.67243399058e-21, "var": 8.8534943643e-05}, "spectral_energyband_middle_low": {"dmean": 0.00871093571186, "dmean2": 0.0129461912438, "dvar": 0.000770153070334, "dvar2": 0.00165055447724, "max": 0.606864929199, "mean": 0.0172253381461, "median": 0.00803365185857, "min": 3.88238058588e-22, "var": 0.00139918061905}, "spectral_entropy": {"dmean": 0.235463380814, "dmean2": 0.362089008093, "dvar": 0.0822085365653, "dvar2": 0.187323704362, "max": 9.80363368988, "mean": 5.74894237518, "median": 5.80985116959, "min": 3.24076914787, "var": 0.411360442638}, "spectral_flux": {"dmean": 0.0239482950419, "dmean2": 0.0404184237123, "dvar": 0.00137215212453, "dvar2": 0.0034501478076, "max": 0.669847488403, "mean": 0.0537341982126, "median": 0.0442761480808, "min": 1.04192779404e-10, "var": 0.00266888644546}, "spectral_kurtosis": {"dmean": 13.335978508, "dmean2": 22.0206012726, "dvar": 299.951141357, "dvar2": 670.667785645, "max": 310.373931885, "mean": 31.4966754913, "median": 22.8736743927, "min": -1.19112670422, "var": 878.299072266}, "spectral_rms": {"dmean": 0.000768196769059, "dmean2": 0.00113174505532, "dvar": 1.49529762439e-06, "dvar2": 2.9769523735e-06, "max": 0.0254275761545, "mean": 0.00433099549264, "median": 0.00443457905203, "min": 3.25443556652e-12, "var": 8.2883207142e-06}, "spectral_rolloff": {"dmean": 130.288314819, "dmean2": 236.000366211, "dvar": 141344.265625, "dvar2": 255718.8125, "max": 18949.21875, "mean": 1110.41589355, "median": 1055.12695312, "min": 150.732421875, "var": 2271511}, "spectral_skewness": {"dmean": 0.824245095253, "dmean2": 1.36401534081, "dvar": 0.784388542175, "dvar2": 1.84616470337, "max": 14.0216846466, "mean": 3.81567382812, "median": 3.45217037201, "min": -0.0430695898831, "var": 2.7316865921}, "spectral_spread": {"dmean": 340747.34375, "dmean2": 568561.4375, "dvar": 380265693184, "dvar2": 629863612416, "max": 39632776, "mean": 1879104.25, "median": 1738725.625, "min": 378612.9375, "var": 1120811483140.0}, "spectral_strongpeak": {"dmean": 0.929986655712, "dmean2": 1.64256215096, "dvar": 2.05433702469, "dvar2": 5.1553273201, "max": 11.1758337021, "mean": 1.85579025745, "median": 0.760046780109, "min": 0, "var": 4.24507951736}, "zerocrossingrate": {"dmean": 0.00381380575709, "dmean2": 0.00464082928374, "dvar": 6.89411244821e-05, "dvar2": 7.21861142665e-05, "max": 0.51416015625, "mean": 0.0380880497396, "median": 0.03466796875, "min": 0.005859375, "var": 0.0017362680519}, "barkbands": {"dmean": [3.53834565203e-07, 2.69572101388e-05, 0.000943536346313, 0.00421782769263, 0.00390497548506, 0.00079122436, 0.0008145000902, 0.000404949096264, 6.32903102087e-05, 7.9287266999e-05, 0.00207327585667, 0.00030960899312, 0.000859233317897, 8.0042926129e-05, 2.21064201469e-05, 6.22178122285e-05, 1.37519236887e-05, 3.8595130718e-06, 5.61871866012e-06, 6.17931073066e-06, 3.06599690703e-06, 1.42477881582e-06, 8.16371596102e-07, 3.77267468821e-07, 1.57676311119e-07, 4.26762056804e-08, 7.20991888414e-09], "dmean2": [5.82657833093e-07, 4.85144628328e-05, 0.00136682344601, 0.00655311532319, 0.00588146736845, 0.0012089186348, 0.00121873617172, 0.000565766473301, 8.1188227341e-05, 0.000109651533421, 0.00337475421838, 0.000467650621431, 0.00148606242146, 0.00013433296408, 3.27729685523e-05, 9.8688469734e-05, 2.25049316214e-05, 6.34123216514e-06, 9.39878282225e-06, 9.68813401414e-06, 5.42435418538e-06, 2.56959265243e-06, 1.37512950005e-06, 6.78231629081e-07, 2.87939911914e-07, 7.89387613054e-08, 1.3344815919e-08], "dvar": [2.66444626779e-11, 1.51444563556e-08, 6.12568783254e-06, 0.000184402975719, 0.000118824726087, 3.04814275296e-05, 5.80875275773e-05, 7.74733780418e-06, 1.89476896395e-08, 3.73146882282e-08, 2.18208242586e-05, 8.86610621365e-07, 8.07616925158e-06, 2.41009097124e-08, 5.45649747608e-09, 4.64646205955e-08, 2.24860241538e-09, 7.06877681389e-11, 1.20070564602e-10, 5.02224262178e-10, 9.68202296114e-10, 9.68038427196e-11, 1.12108560282e-11, 8.13170884795e-12, 1.32034097197e-12, 6.15865052098e-14, 1.62743965931e-15], "dvar2": [7.78992842454e-11, 4.28695408061e-08, 1.40980464494e-05, 0.000453007756732, 0.000267105584498, 7.51072730054e-05, 0.000144770077895, 1.59703031386e-05, 3.11215018201e-08, 8.06457975955e-08, 5.82617503824e-05, 1.78814491392e-06, 2.51660458161e-05, 6.6083671868e-08, 1.25564740827e-08, 1.14575989585e-07, 6.61348575903e-09, 1.77964254444e-10, 3.29976379554e-10, 1.07884912115e-09, 2.83020384906e-09, 2.79548134641e-10, 3.12033350547e-11, 2.37569772882e-11, 3.8672303207e-12, 1.80265375652e-13, 4.70563012858e-15], "max": [0.000273852638202, 0.00295842951164, 0.0543641708791, 0.295927107334, 0.399662971497, 0.163747876883, 0.300982654095, 0.147620230913, 0.00541700143367, 0.00506804650649, 0.0769387334585, 0.0282298028469, 0.0546373315156, 0.00314915785566, 0.00251745502464, 0.00610631005839, 0.00243499805219, 0.00028220153763, 0.00021673135052, 0.000805692397989, 0.00136575475335, 0.00041486279224, 0.000126279439428, 0.000111377696157, 3.38070749422e-05, 9.17510351428e-06, 1.22520839341e-06], "mean": [3.11469364078e-07, 2.16434509639e-05, 0.00222639297135, 0.00673300819471, 0.00707032904029, 0.00122752389871, 0.00112839962821, 0.000766868120991, 0.00016563932877, 0.000174016473466, 0.00565896742046, 0.000567953567952, 0.00157317635603, 0.000135334281367, 4.78904767078e-05, 0.000155210596859, 3.07950685965e-05, 7.86808413977e-06, 1.00409406514e-05, 1.17881909318e-05, 4.76498325952e-06, 1.57763577135e-06, 1.68599206063e-06, 5.72979502067e-07, 2.2767972041e-07, 4.19375218996e-08, 5.95645355261e-09], "median": [5.67379494498e-08, 4.4823477765e-06, 0.000988006591797, 0.00227956124581, 0.00294940918684, 0.000259215885308, 0.000179585840669, 0.000256272323895, 6.55635958537e-05, 4.42503405793e-05, 0.00410243635997, 4.46102312708e-05, 0.000119961499877, 5.03262926941e-05, 8.69795167091e-06, 2.09004010685e-05, 8.3911454567e-06, 1.84634996003e-06, 4.78274841953e-06, 4.04395950682e-06, 2.13735097532e-06, 7.2166398013e-07, 4.92877688885e-07, 2.87123270937e-07, 9.42960127759e-08, 1.61273217003e-08, 1.74404879427e-09], "min": [1.63764873351e-23, 1.54269244195e-23, 3.95256484642e-23, 6.13905314177e-23, 3.91908306524e-23, 6.27896298757e-23, 3.71758085323e-23, 3.16451646793e-23, 1.48494735037e-22, 4.88670521584e-23, 9.3897356242e-23, 1.07072481941e-22, 6.1394324261e-23, 6.59983247631e-23, 1.22450713132e-22, 1.30630796822e-22, 2.52723695269e-22, 3.70473845013e-22, 1.63084736411e-22, 4.65062558953e-22, 5.12151117889e-22, 4.83509231873e-22, 6.47455227688e-22, 8.78179043815e-22, 1.05802367921e-21, 1.75385251393e-21, 2.26444307563e-21], "var": [1.46401276518e-11, 9.34967481214e-09, 1.32393606691e-05, 0.000276388251223, 0.000207050296012, 3.42722560163e-05, 6.50369329378e-05, 1.28589044834e-05, 9.24543144265e-08, 1.04840779613e-07, 5.12346450705e-05, 3.26929921357e-06, 1.66388799698e-05, 5.60907089664e-08, 1.68378626597e-08, 1.76374314265e-07, 1.77330754525e-08, 3.78047732008e-10, 1.98443789179e-10, 1.24105581367e-09, 5.5305965363e-10, 5.58423932095e-11, 1.46156281522e-11, 4.67017960762e-12, 7.64405953899e-13, 3.42272325933e-14, 9.29467781868e-16]}, "erbbands": {"dmean": [0.000466932688141, 0.0145283108577, 0.65882819891, 7.93916416168, 18.6175193787, 9.3243522644, 7.30340433121, 7.1811003685, 14.1182975769, 11.982257843, 3.3844203949, 1.85273063183, 2.84626913071, 5.70573091507, 100.077598572, 23.677154541, 43.5628395081, 5.68628883362, 1.45095348358, 2.49289155006, 1.91679954529, 0.443104624748, 0.230719819665, 0.397282868624, 0.17319624126, 0.34319087863, 0.178549200296, 0.0906505808234, 0.0464306510985, 0.0438039116561, 0.0227509997785, 0.00982630904764, 0.00507902400568, 0.00235656322911, 0.000873250246514, 0.000271762051852, 6.16145553067e-05, 1.27217908812e-05, 5.41729605175e-06, 1.18620246212e-05], "dmean2": [0.000727059377823, 0.0224649943411, 0.950004816055, 11.7573919296, 29.392572403, 13.9862546921, 10.618478775, 11.0521879196, 20.752456665, 17.5410022736, 4.72540950775, 2.37463092804, 3.99906158447, 9.05939006805, 162.958312988, 37.2191734314, 75.1032867432, 9.54640388489, 2.25347065926, 3.90344166756, 3.02934789658, 0.72179889679, 0.374280393124, 0.664043605328, 0.289403289557, 0.540790498257, 0.307263761759, 0.154663592577, 0.0837609991431, 0.0774177387357, 0.03880713135, 0.016939131543, 0.0094273108989, 0.00430661439896, 0.00159220315982, 0.000496698659845, 0.000113705311378, 2.36011183006e-05, 8.17427280708e-06, 1.78126847459e-05], "dvar": [2.52786230703e-06, 0.00192218762822, 3.33955740929, 657.633605957, 2337.1809082, 1263.21154785, 1315.49951172, 2570.59643555, 13927.6621094, 7758.43261719, 402.404876709, 15.844874382, 45.881149292, 147.688919067, 51282.0898438, 2758.77905273, 20093.2089844, 110.35974884, 18.6622600555, 44.4416427612, 39.1748275757, 1.32004904747, 0.199128225446, 0.441523611546, 0.292706727982, 1.76798295975, 2.76954245567, 0.351309984922, 0.124496012926, 0.0623956434429, 0.00654331408441, 0.00226197484881, 0.00290397857316, 0.000392686284613, 3.19013961416e-05, 2.78472998616e-06, 1.15395323519e-07, 4.20409618229e-09, 2.108330871e-10, 1.05818220852e-09], "dvar2": [5.84913186685e-06, 0.00428826408461, 7.52301740646, 1602.23132324, 5732.51806641, 3040.49267578, 3137.21728516, 6408.8203125, 33828.5429688, 18536.5664062, 810.638671875, 26.5440654755, 97.3208312988, 392.529754639, 137092.078125, 6012.13574219, 62013.6171875, 316.094085693, 44.0083885193, 110.649154663, 94.8999557495, 3.76966118813, 0.485543519258, 1.20582318306, 0.80713224411, 4.03149557114, 8.05360221863, 1.01106715202, 0.360232174397, 0.180244669318, 0.0179191660136, 0.00643056677654, 0.00854489672929, 0.00115271529648, 9.35853749979e-05, 8.1780290202e-06, 3.36823973157e-07, 1.22076384557e-08, 4.27673035874e-10, 2.28828977988e-09], "max": [0.0386246629059, 0.93864518404, 42.5254249573, 594.858093262, 1251.50048828, 1759.7479248, 1389.6114502, 1488.16796875, 3632.58862305, 3872.6472168, 1033.27770996, 151.792114258, 204.935806274, 188.959213257, 3746.95605469, 1488.73986816, 2730.74951172, 232.112106323, 159.004150391, 159.591384888, 186.614807129, 57.1028442383, 16.3808574677, 12.189874649, 14.0936918259, 46.1028862, 72.7226257324, 25.8369255066, 15.5126543045, 7.95407533646, 2.39311552048, 1.56147313118, 2.14833903313, 0.659956097603, 0.168730542064, 0.0597484819591, 0.010976604186, 0.00190577609465, 0.000333779520588, 0.000730303872842], "mean": [0.000892523734365, 0.0362177304924, 1.63833725452, 13.6681890488, 27.5259742737, 18.0512084961, 13.9653091431, 10.8910732269, 20.4914150238, 18.7219829559, 8.29423522949, 5.12306165695, 6.34524059296, 18.0964775085, 272.413391113, 55.771068573, 80.1784210205, 11.1630477905, 3.39270710945, 6.26112318039, 4.84504652023, 1.02568483353, 0.482645779848, 0.738914489746, 0.321581184864, 0.659061253071, 0.258012712002, 0.177180975676, 0.0597989149392, 0.0676501616836, 0.0489337332547, 0.0179599188268, 0.00582479732111, 0.00324729387648, 0.00130018882919, 0.000353194976924, 6.83129910612e-05, 1.31348069772e-05, 1.44837686094e-05, 3.14003264066e-05], "median": [0.000401576369768, 0.0162088796496, 0.759728372097, 5.62160587311, 10.2752246857, 7.65957975388, 4.2557053566, 2.3854367733, 3.19034647942, 5.01111078262, 3.72784686089, 2.3354139328, 2.2170484066, 12.9083166122, 201.445571899, 23.1549854279, 8.08870601654, 4.49633932114, 1.34399878979, 1.61023449898, 0.852530837059, 0.410655915737, 0.20501101017, 0.363150209188, 0.146033987403, 0.231777831912, 0.116404876113, 0.0824422091246, 0.0285239573568, 0.0309632532299, 0.0126412045211, 0.00758053734899, 0.00261525646783, 0.00139835081063, 0.0005139397108, 0.00012962508481, 3.36139128194e-05, 6.07165020483e-06, 1.07212863441e-05, 2.31109224842e-05], "min": [9.31193323923e-22, 2.51334244896e-21, 2.92098153808e-20, 1.37907176909e-19, 2.11644021266e-19, 8.30673447313e-20, 1.64816176491e-19, 5.39225909831e-19, 7.53471013458e-19, 4.7575592784e-19, 1.16695052923e-18, 3.04073433651e-18, 2.31846876336e-18, 1.92910430248e-18, 4.96895128099e-18, 4.14929594406e-18, 2.69514427365e-18, 3.15927883087e-18, 4.27746551203e-18, 7.89987594362e-18, 7.69628694254e-18, 1.65849216509e-17, 2.19890894616e-17, 9.16943853804e-18, 1.4252503934e-17, 2.069101147e-17, 1.38051638316e-17, 2.41549312011e-17, 1.88394553499e-17, 1.65976933195e-17, 1.79632477425e-17, 1.92967042489e-17, 1.36724079607e-17, 1.04535016086e-17, 8.7580096547e-18, 5.99388927131e-18, 3.62481959513e-18, 1.07944826211e-18, 3.15869670251e-19, 3.48459785055e-20], "var": [3.35511890626e-06, 0.00378818390891, 7.32746505737, 964.211914062, 3180.40991211, 2009.34411621, 2319.79785156, 2651.04858398, 16453.0097656, 9347.43945312, 729.450866699, 76.2336120605, 133.293441772, 461.430725098, 118934.695312, 10510.3359375, 42199.0039062, 298.963775635, 55.7111663818, 190.482131958, 156.412979126, 10.0683784485, 0.930205464363, 1.10546755791, 0.349981367588, 3.98292779922, 1.64524972439, 0.250640332699, 0.0722358375788, 0.0420572198927, 0.0128070767969, 0.00180794904009, 0.00155824515969, 0.000220416986849, 1.94155436475e-05, 1.67069515555e-06, 6.57622081235e-08, 2.39804753832e-09, 4.68832694889e-10, 2.22531526539e-09]}, "gfcc": {"mean": [-155.818084717, 169.709396362, -137.895294189, -9.3741235733, -52.142616272, -0.792643070221, -27.5139808655, -35.3415985107, -35.3064842224, -22.7759990692, -12.4085044861, -14.5732841492, -9.34700298309], "cov": [[16362.9931641, 1991.54333496, -300.34753418, 1441.6451416, -556.598632812, 543.708496094, -110.012145996, -453.783081055, -542.72277832, -528.398681641, 647.682495117, -295.210998535, -540.916442871], [1991.54333496, 1766.74499512, 480.442901611, -65.3884429932, 228.381286621, -175.742904663, 118.287155151, -362.487609863, -99.1566772461, -287.351531982, 84.7251205444, -88.1138763428, -88.9806137085], [-300.34753418, 480.442901611, 790.570129395, 65.5739212036, 131.148864746, 51.7448387146, 15.8180370331, -128.386444092, -120.498085022, -122.546302795, 67.4154434204, 57.6007919312, -28.4913234711], [1441.6451416, -65.3884429932, 65.5739212036, 534.543518066, -13.8651895523, 3.89018630981, -69.0189971924, 13.0676708221, -6.22446870804, -21.3750305176, 11.2416744232, -30.0887050629, -21.1444549561], [-556.598632812, 228.381286621, 131.148864746, -13.8651895523, 293.89755249, 59.0453186035, 72.0847930908, -50.8405532837, -17.0308055878, -78.7695236206, -42.9806976318, 31.9230136871, 37.8719863892], [543.708496094, -175.742904663, 51.7448387146, 3.89018630981, 59.0453186035, 476.593566895, 156.117721558, -14.3415384293, -186.80178833, -111.865715027, 83.8089447021, 72.5159606934, -62.5311813354], [-110.012145996, 118.287155151, 15.8180370331, -69.0189971924, 72.0847930908, 156.117721558, 275.394012451, -9.77471256256, -69.2084121704, -91.1833496094, 5.48245620728, 7.92365503311, -39.6732521057], [-453.783081055, -362.487609863, -128.386444092, 13.0676708221, -50.8405532837, -14.3415384293, -9.77471256256, 230.268554688, 107.550331116, 76.1842727661, -77.0076370239, -40.9485168457, 7.53356170654], [-542.72277832, -99.1566772461, -120.498085022, -6.22446870804, -17.0308055878, -186.80178833, -69.2084121704, 107.550331116, 232.041900635, 130.160064697, -109.72694397, -68.6584243774, 28.0202560425], [-528.398681641, -287.351531982, -122.546302795, -21.3750305176, -78.7695236206, -111.865715027, -91.1833496094, 76.1842727661, 130.160064697, 211.420074463, -33.6624641418, -48.1448059082, 13.434753418], [647.682495117, 84.7251205444, 67.4154434204, 11.2416744232, -42.9806976318, 83.8089447021, 5.48245620728, -77.0076370239, -109.72694397, -33.6624641418, 186.954666138, 47.1977462769, -65.3263244629], [-295.210998535, -88.1138763428, 57.6007919312, -30.0887050629, 31.9230136871, 72.5159606934, 7.92365503311, -40.9485168457, -68.6584243774, -48.1448059082, 47.1977462769, 170.727218628, 72.1433181763], [-540.916442871, -88.9806137085, -28.4913234711, -21.1444549561, 37.8719863892, -62.5311813354, -39.6732521057, 7.53356170654, 28.0202560425, 13.434753418, -65.3263244629, 72.1433181763, 171.647293091]], "icov": [[0.000393220165279, -0.00106709788088, 0.000757729285397, -0.00114567950368, 0.00109790614806, -0.00112767762039, 0.000661535770632, -0.000435582333012, 0.000293452962069, -0.000133560257382, -0.000363789789844, -1.79001090146e-05, 2.12184277188e-05], [-0.00106709788088, 0.00496606715024, -0.00272974395193, 0.00353015982546, -0.00367265427485, 0.00425121979788, -0.00239788158797, 0.00360918208025, -0.00220105261542, 0.00323939858936, -0.000307905225782, 0.00228892313316, -0.000133683133754], [0.000757729285397, -0.00272974395193, 0.00329196988605, -0.00252025714144, 0.00163135072216, -0.00227949395776, 0.00171058741398, -0.00131591118407, 0.00154993275646, -0.000870933232363, -0.000332552503096, -0.00119564775378, 0.00066262629116], [-0.00114567950368, 0.00353015982546, -0.00252025714144, 0.00549080548808, -0.00329756853171, 0.00330016552471, -0.00125184783246, 0.00145496916957, -0.00124480063096, 0.00160425330978, 0.00057936727535, 0.00112297537271, -0.000119571275718], [0.00109790614806, -0.00367265427485, 0.00163135072216, -0.00329756853171, 0.00826617889106, -0.00447006197646, 0.00122918840498, -0.000636395707261, -0.000416356371716, 6.56702613924e-05, 0.000727347447537, -0.000914544041734, -0.000995662761852], [-0.00112767762039, 0.00425121979788, -0.00227949395776, 0.00330016552471, -0.00447006197646, 0.008196875453, -0.00355464429595, 0.00106030527968, 0.00194529711735, 0.00144038430881, 0.000493505736813, -0.000280089618172, 0.00165779516101], [0.000661535770632, -0.00239788158797, 0.00171058741398, -0.00125184783246, 0.00122918840498, -0.00355464429595, 0.00679372716695, -0.00177694449667, 0.00102084223181, 0.000694904359989, 0.000398758100346, -0.000331436429406, 0.00112350226846], [-0.000435582333012, 0.00360918208025, -0.00131591118407, 0.00145496916957, -0.000636395707261, 0.00106030527968, -0.00177694449667, 0.0103627219796, -0.00511603290215, 0.00290094176307, 0.000794179039076, 0.00261685671285, -6.92372268531e-05], [0.000293452962069, -0.00220105261542, 0.00154993275646, -0.00124480063096, -0.000416356371716, 0.00194529711735, 0.00102084223181, -0.00511603290215, 0.0144565692171, -0.00695768883452, 0.00463072769344, -0.00156277639326, 0.00175257015508], [-0.000133560257382, 0.00323939858936, -0.000870933232363, 0.00160425330978, 6.56702613924e-05, 0.00144038430881, 0.000694904359989, 0.00290094176307, -0.00695768883452, 0.0133377490565, -0.00353229884058, 0.0045501771383, -0.0013099409407], [-0.000363789789844, -0.000307905225782, -0.000332552503096, 0.00057936727535, 0.000727347447537, 0.000493505736813, 0.000398758100346, 0.000794179039076, 0.00463072769344, -0.00353229884058, 0.0124952467158, -0.00562950782478, 0.0054288636893], [-1.79001090146e-05, 0.00228892313316, -0.00119564775378, 0.00112297537271, -0.000914544041734, -0.000280089618172, -0.000331436429406, 0.00261685671285, -0.00156277639326, 0.0045501771383, -0.00562950782478, 0.013725229539, -0.00703393248841], [2.12184277188e-05, -0.000133683133754, 0.00066262629116, -0.000119571275718, -0.000995662761852, 0.00165779516101, 0.00112350226846, -6.92372268531e-05, 0.00175257015508, -0.0013099409407, 0.0054288636893, -0.00703393248841, 0.0118439933285]]}, "melbands": {"dmean": [5.0722146625e-06, 0.000225066629355, 0.00168880762067, 0.000931268616114, 0.000322420470184, 0.000167577265529, 0.000204916344956, 0.000126338214613, 2.0627892809e-05, 1.02506492112e-05, 1.38328241519e-05, 5.0470412134e-06, 0.000282019143924, 0.000119233729492, 8.98382713785e-05, 5.56811464776e-05, 9.86320719676e-06, 2.27648388318e-06, 1.09852840069e-06, 6.4723358264e-06, 1.31008425797e-06, 4.88050034164e-07, 4.68287453259e-07, 1.7377635686e-07, 3.59575153652e-07, 1.61334796189e-07, 1.01730471158e-07, 2.7623551091e-07, 1.32511033257e-07, 7.07713780912e-08, 5.76995091706e-08, 2.51986929101e-08, 2.7871934094e-08, 2.3272329841e-08, 1.27968977637e-08, 9.93321691567e-09, 5.46724443495e-09, 4.18769596777e-09, 2.48486231591e-09, 1.96373872718e-09], "dmean2": [9.06513650989e-06, 0.00032524872222, 0.00261139101349, 0.00141646806151, 0.000464567187009, 0.000256932922639, 0.000301917258184, 0.000182670730283, 2.86134199996e-05, 1.32344302983e-05, 1.94108397409e-05, 7.36864103601e-06, 0.000457487622043, 0.00019175230409, 0.000151901549543, 9.55923678703e-05, 1.66135996551e-05, 3.55778729499e-06, 1.64647269685e-06, 1.02643025457e-05, 2.04800312531e-06, 7.90078786395e-07, 7.76324782237e-07, 2.86739663125e-07, 6.01141152856e-07, 2.66940446636e-07, 1.7592864765e-07, 4.25491037959e-07, 2.25229200623e-07, 1.25325954059e-07, 9.67272342223e-08, 4.58242297441e-08, 5.03434947063e-08, 4.05163902428e-08, 2.20075797586e-08, 1.61344981819e-08, 9.77454650553e-09, 7.75679787068e-09, 4.60365789934e-09, 3.54758200594e-09], "dvar": [5.4006854544e-10, 3.38955004509e-07, 2.75831189356e-05, 5.75648118684e-06, 2.32456272897e-06, 1.50703226609e-06, 3.10143855131e-06, 8.03539705885e-07, 1.10494413619e-08, 4.6242881746e-10, 1.12654918727e-09, 4.10965983466e-10, 4.00940763257e-07, 6.20478317614e-08, 7.1080492603e-08, 3.28778106962e-08, 3.73874931014e-10, 4.5816697658e-11, 1.00983405665e-11, 4.53842519121e-10, 2.13489104867e-11, 3.10728569611e-12, 1.06097444198e-12, 1.54792330212e-13, 3.67627559254e-13, 1.80466698443e-13, 1.54231621506e-13, 1.14128801895e-12, 1.45600372037e-12, 2.67590826884e-13, 7.26104018491e-14, 2.85405074953e-14, 5.27556378574e-14, 1.3558054046e-14, 1.87884507316e-15, 1.31330203247e-15, 9.97822705437e-16, 2.09855906693e-15, 4.7733043553e-16, 2.39277993163e-16], "dvar2": [1.50527224019e-09, 7.51052709802e-07, 6.81596939103e-05, 1.29412755996e-05, 5.59506997888e-06, 3.75476770387e-06, 7.53746462578e-06, 1.84319571872e-06, 2.19030873438e-08, 7.72548025552e-10, 2.39663622281e-09, 1.08075293159e-09, 1.06686616164e-06, 1.62910410495e-07, 2.22165965624e-07, 9.95586972863e-08, 1.03680997121e-09, 1.09479161847e-10, 2.29350028552e-11, 1.13415266068e-09, 5.34512503703e-11, 8.96984743426e-12, 2.90383884473e-12, 3.98908770599e-13, 1.00585121829e-12, 4.91382108614e-13, 4.32218686839e-13, 2.31818405617e-12, 4.20307885718e-12, 7.7723699872e-13, 2.05645599833e-13, 8.20719902629e-14, 1.54150658709e-13, 3.89002388244e-14, 5.23016078688e-15, 3.34218575734e-15, 2.90065882216e-15, 6.1800353924e-15, 1.40451943407e-15, 7.01282082196e-16], "max": [0.000578158767894, 0.0128918308765, 0.11584109813, 0.0592893585563, 0.0707378610969, 0.036494012922, 0.0585785992444, 0.0357479006052, 0.00551820034161, 0.000821575813461, 0.00100967776962, 0.000466721714474, 0.010576964356, 0.00378153519705, 0.0050271009095, 0.00350034446456, 0.000396452174755, 0.000247036630753, 0.000110296146886, 0.000572297838517, 0.000217126580537, 9.34807685553e-05, 1.88656977116e-05, 1.28604633574e-05, 1.08968897621e-05, 9.57995507633e-06, 1.16231394713e-05, 4.3966298108e-05, 5.14371677127e-05, 2.28565895668e-05, 1.10933324322e-05, 7.17830062058e-06, 9.41270627663e-06, 3.95524511987e-06, 1.14145825592e-06, 1.12189320589e-06, 1.25098381432e-06, 1.93445976038e-06, 6.85047268689e-07, 5.31448904439e-07], "mean": [4.10435313825e-06, 0.000564112095162, 0.00293883564882, 0.00160062685609, 0.000620462582447, 0.000253692123806, 0.000294925790513, 0.000204757394386, 5.67147690163e-05, 2.73211735475e-05, 2.87645743811e-05, 1.01641826404e-05, 0.000803617178462, 0.000280384963844, 0.000171974796103, 0.000100507764728, 1.6418613086e-05, 4.81047300127e-06, 2.39780547417e-06, 1.61481748364e-05, 3.2323182495e-06, 1.12895702387e-06, 7.60705518132e-07, 3.40018857514e-07, 6.40254938844e-07, 2.80726226265e-07, 1.54714925316e-07, 5.45513046291e-07, 1.82046093755e-07, 8.97486032159e-08, 1.23259781049e-07, 2.56255443531e-08, 3.08780236935e-08, 3.89708354476e-08, 2.57929535508e-08, 2.06117967139e-08, 8.11807687739e-09, 4.40705205662e-09, 2.63833110914e-09, 2.87256174403e-09], "median": [8.35448986436e-07, 0.000253256352153, 0.00127197499387, 0.00066296744626, 0.000187997386092, 5.35983635928e-05, 4.43151984655e-05, 5.60443513677e-05, 2.91387113975e-05, 1.21218399727e-05, 7.10434414941e-06, 1.48898379848e-06, 0.000590893614572, 0.000181153882295, 1.73913649633e-05, 7.13618646841e-06, 5.96439804212e-06, 1.59096555308e-06, 6.55213739265e-07, 2.48904393629e-06, 5.86396765812e-07, 3.04805411133e-07, 2.44742835775e-07, 8.77044428194e-08, 2.83968518033e-07, 6.81443310668e-08, 7.50561142127e-08, 1.60052820775e-07, 6.34234922359e-08, 2.81651360012e-08, 4.77395722953e-08, 9.87899895222e-09, 1.24022676573e-08, 1.67609552904e-08, 6.2777782972e-09, 4.23565937879e-09, 3.72466169019e-09, 1.52158352584e-09, 1.17038490011e-09, 9.40124422755e-10], "min": [7.47566482301e-24, 1.11838041156e-23, 2.83699372631e-23, 9.44235343544e-24, 5.12023581169e-24, 1.29919742846e-23, 1.10275055267e-23, 5.29559959092e-24, 1.09825649098e-23, 2.05570162593e-23, 1.12589943928e-23, 7.05682228083e-24, 1.44849187913e-23, 1.55714579368e-23, 5.69239780954e-24, 6.48418223327e-24, 5.78929162238e-24, 6.57939222251e-24, 9.29583829951e-24, 9.70864290033e-24, 8.48941025079e-24, 1.5755862062e-23, 1.86963884179e-23, 1.9431382745e-23, 5.58565743488e-24, 6.51499869011e-24, 1.7538799726e-23, 1.29995647042e-23, 7.10712241873e-24, 1.06537116754e-23, 1.58060809472e-23, 9.06194261884e-24, 1.13569306853e-23, 8.67562244519e-24, 8.27844754549e-24, 1.43097964035e-23, 1.06074946816e-23, 8.5392481162e-24, 1.01041990574e-23, 8.53296405023e-24], "var": [3.45979772609e-10, 8.2190416606e-07, 4.06460749218e-05, 9.50989033299e-06, 3.97953090214e-06, 1.574295311e-06, 3.65103460354e-06, 1.06248194243e-06, 2.21117684163e-08, 2.21726392802e-09, 3.2210156764e-09, 8.53445536464e-10, 1.01110538253e-06, 1.40953346772e-07, 1.47784533056e-07, 7.20391284403e-08, 8.5237100711e-10, 1.28755811568e-10, 2.98455218872e-11, 1.83875314974e-09, 1.60772908875e-10, 2.59694054455e-11, 2.33108692939e-12, 5.35709931276e-13, 8.99079693074e-13, 2.99101536724e-13, 1.20936816334e-13, 3.33490071495e-12, 9.1125501242e-13, 1.59937167676e-13, 7.59246249313e-14, 1.66482547014e-14, 2.94112641414e-14, 1.10078927988e-14, 3.37960576713e-15, 2.75690144914e-15, 6.03960167079e-16, 1.12294154197e-15, 2.57076193558e-16, 1.40660647031e-16]}, "mfcc": {"mean": [-796.867492676, 187.246688843, -11.5752954483, -1.58550620079, -11.2274837494, 11.5506401062, -1.24349069595, -13.3184099197, -22.1241474152, -19.3222007751, -20.9096717834, -4.9115357399, 1.19972085953], "cov": [[9303.66992188, 2741.68237305, -908.512817383, 421.88168335, -253.219116211, 674.468383789, 449.869995117, 169.594436646, -962.752990723, -461.825317383, 128.288772583, 480.685180664, -106.270553589], [2741.68237305, 1808.15075684, 146.080932617, 180.416442871, 20.0021038055, 166.009490967, 137.154724121, -24.0088500977, -340.320739746, -282.785308838, -7.64593410492, 88.5612335205, -77.8413009644], [-908.512817383, 146.080932617, 599.739440918, 109.424980164, 128.601501465, -16.2318153381, -26.6261863708, -36.5063095093, 26.0861873627, -54.1707992554, -91.7394485474, -62.213848114, 38.5372047424], [421.88168335, 180.416442871, 109.424980164, 316.452850342, 103.475379944, 47.4432640076, 27.5107936859, 7.25729894638, -16.4153442383, -87.0963592529, -51.8053512573, 9.4160900116, 35.3819885254], [-253.219116211, 20.0021038055, 128.601501465, 103.475379944, 209.856338501, 64.2419586182, 18.978849411, 17.8665599823, 21.5212802887, -50.6086273193, -72.1273498535, -19.4953098297, 72.9724884033], [674.468383789, 166.009490967, -16.2318153381, 47.4432640076, 64.2419586182, 283.909729004, 182.175949097, 76.9035339355, -136.71333313, -114.485656738, -33.724811554, 81.7845993042, 66.0702362061], [449.869995117, 137.154724121, -26.6261863708, 27.5107936859, 18.978849411, 182.175949097, 288.769378662, 160.156738281, -130.149673462, -140.473449707, -20.0227394104, 87.6025466919, 18.9620494843], [169.594436646, -24.0088500977, -36.5063095093, 7.25729894638, 17.8665599823, 76.9035339355, 160.156738281, 223.124710083, 4.33036804199, -77.898727417, -28.9237880707, 43.1792869568, 14.0651845932], [-962.752990723, -340.320739746, 26.0861873627, -16.4153442383, 21.5212802887, -136.71333313, -130.149673462, 4.33036804199, 387.435760498, 166.345504761, -61.3285751343, -110.627998352, 42.3242607117], [-461.825317383, -282.785308838, -54.1707992554, -87.0963592529, -50.6086273193, -114.485656738, -140.473449707, -77.898727417, 166.345504761, 327.848388672, 96.5492095947, -66.4710159302, -54.4156646729], [128.288772583, -7.64593410492, -91.7394485474, -51.8053512573, -72.1273498535, -33.724811554, -20.0227394104, -28.9237880707, -61.3285751343, 96.5492095947, 237.021453857, 39.6301994324, -129.068145752], [480.685180664, 88.5612335205, -62.213848114, 9.4160900116, -19.4953098297, 81.7845993042, 87.6025466919, 43.1792869568, -110.627998352, -66.4710159302, 39.6301994324, 180.784118652, 36.1038780212], [-106.270553589, -77.8413009644, 38.5372047424, 35.3819885254, 72.9724884033, 66.0702362061, 18.9620494843, 14.0651845932, 42.3242607117, -54.4156646729, -129.068145752, 36.1038780212, 256.103790283]], "icov": [[0.000707960221916, -0.000968971755356, 0.00119109032676, -0.00105282559525, 0.000953901559114, -0.00109117617831, 0.000932851748075, -0.000901092716958, 0.000930037582293, -0.000653525523376, 0.000450466061011, -0.000340852129739, -6.18821650278e-05], [-0.000968971755356, 0.00209773564711, -0.0017873585457, 0.00113260780927, -0.00112612603698, 0.00124711496755, -0.00127514777705, 0.00151058821939, -0.000922574428841, 0.00129844190087, -0.000512222351972, 0.000376303127268, 0.000475745415315], [0.00119109032676, -0.0017873585457, 0.00415098434314, -0.00203009415418, 0.000460627867142, -0.00131011183839, 0.00132138095796, -0.00107176904567, 0.00156537699513, -0.000975668022875, 0.00117994158063, -0.000143333338201, -7.65454606153e-05], [-0.00105282559525, 0.00113260780927, -0.00203009415418, 0.00574387190863, -0.00316570140421, 0.00159227242693, -0.00142520817462, 0.0016548858257, -0.00184436049312, 0.00170780078042, -0.000611221592408, 5.84209919907e-05, 0.000276581617072], [0.000953901559114, -0.00112612603698, 0.000460627867142, -0.00316570140421, 0.00889433454722, -0.00354785122909, 0.00213485513814, -0.00185929739382, 0.000892391544767, -0.000499876157846, 0.000709637242835, 0.000770454411395, -0.00125804438721], [-0.00109117617831, 0.00124711496755, -0.00131011183839, 0.00159227242693, -0.00354785122909, 0.00940747559071, -0.00570584367961, 0.00203051650897, 3.65526943824e-06, 0.000374748546164, -0.000320662191371, -0.000139034265885, -0.00126466841903], [0.000932851748075, -0.00127514777705, 0.00132138095796, -0.00142520817462, 0.00213485513814, -0.00570584367961, 0.0118414191529, -0.00702421506867, 0.00268321717158, 4.67794343422e-05, 0.000778797548264, -0.00118628877681, 0.000496548134834], [-0.000901092716958, 0.00151058821939, -0.00107176904567, 0.0016548858257, -0.00185929739382, 0.00203051650897, -0.00702421506867, 0.0104399938136, -0.00370132853277, 0.00221551535651, -0.000359376514098, -0.000569748110138, 0.000952157191932], [0.000930037582293, -0.000922574428841, 0.00156537699513, -0.00184436049312, 0.000892391544767, 3.65526943824e-06, 0.00268321717158, -0.00370132853277, 0.00706955278292, -0.00351113919169, 0.00221563014202, 0.00105585157871, -0.00107243820094], [-0.000653525523376, 0.00129844190087, -0.000975668022875, 0.00170780078042, -0.000499876157846, 0.000374748546164, 4.67794343422e-05, 0.00221551535651, -0.00351113919169, 0.00714952778071, -0.00329819601029, 0.00105619849637, 0.000243231930654], [0.000450466061011, -0.000512222351972, 0.00117994158063, -0.000611221592408, 0.000709637242835, -0.000320662191371, 0.000778797548264, -0.000359376514098, 0.00221563014202, -0.00329819601029, 0.00888824556023, -0.00310940528288, 0.00363151868805], [-0.000340852129739, 0.000376303127268, -0.000143333338201, 5.84209919907e-05, 0.000770454411395, -0.000139034265885, -0.00118628877681, -0.000569748110138, 0.00105585157871, 0.00105619849637, -0.00310940528288, 0.00935599859804, -0.00291416724212], [-6.18821650278e-05, 0.000475745415315, -7.65454606153e-05, 0.000276581617072, -0.00125804438721, -0.00126466841903, 0.000496548134834, 0.000952157191932, -0.00107243820094, 0.000243231930654, 0.00363151868805, -0.00291416724212, 0.00706246448681]]}, "spectral_contrast_coeffs": {"dmean": [0.0430580452085, 0.0405178368092, 0.0389073193073, 0.0328972004354, 0.0233661253005, 0.0195411965251], "dmean2": [0.0705707222223, 0.0656491741538, 0.0616008415818, 0.0516113713384, 0.0376016199589, 0.0317535735667], "dvar": [0.00145568291191, 0.00139085378032, 0.00128496449906, 0.000829163240269, 0.000402476580348, 0.00043401462608], "dvar2": [0.00372610171326, 0.00338562577963, 0.00306649575941, 0.00198027514853, 0.000976285606157, 0.00099475402385], "max": [-0.170665457845, -0.325948655605, -0.306852847338, -0.419480323792, -0.592300951481, -0.648796141148], "mean": [-0.436328113079, -0.701049923897, -0.580138921738, -0.653182387352, -0.760222733021, -0.757842898369], "median": [-0.409436047077, -0.705916523933, -0.560327231884, -0.656032443047, -0.756268382072, -0.751285433769], "min": [-0.961860179901, -0.983852386475, -0.96541172266, -0.978486716747, -0.963695824146, -0.963459193707], "var": [0.0126911327243, 0.00622860295698, 0.0106981163844, 0.00674514006823, 0.0023603879381, 0.00208945060149]}, "spectral_contrast_valleys": {"dmean": [0.458644837141, 0.360152989626, 0.383764088154, 0.342270195484, 0.332713931799, 0.358185