{"lowlevel": {"average_loudness": 0.710724830627, "barkbands_crest": {"dmean": 1.8311855793, "dmean2": 2.94629955292, "dvar": 3.47564935684, "dvar2": 8.85781860352, "max": 26.1035804749, "mean": 13.7808303833, "median": 13.2264118195, "min": 4.50646781921, "var": 21.7936840057}, "barkbands_flatness_db": {"dmean": 0.0145271113142, "dmean2": 0.0232041999698, "dvar": 0.000223524300964, "dvar2": 0.000577285187319, "max": 0.475680232048, "mean": 0.30627772212, "median": 0.311751276255, "min": 0.0719165056944, "var": 0.0044191009365}, "barkbands_kurtosis": {"dmean": 2.17359685898, "dmean2": 3.4544365406, "dvar": 9.74568367004, "dvar2": 24.832988739, "max": 65.7202758789, "mean": 5.98827219009, "median": 4.00018358231, "min": -1.70792579651, "var": 45.4711303711}, "barkbands_skewness": {"dmean": 0.330978006124, "dmean2": 0.518086910248, "dvar": 0.131680309772, "dvar2": 0.310991257429, "max": 5.75776815414, "mean": 0.947772920132, "median": 0.914592325687, "min": -4.6808848381, "var": 1.24684262276}, "barkbands_spread": {"dmean": 1.02374267578, "dmean2": 1.60769414902, "dvar": 2.42753243446, "dvar2": 5.80545520782, "max": 75.1628952026, "mean": 5.63339757919, "median": 4.53373908997, "min": 0.609214782715, "var": 18.3627166748}, "dissonance": {"dmean": 0.0377885885537, "dmean2": 0.0643545091152, "dvar": 0.00119213794824, "dvar2": 0.00319945532829, "max": 0.499999910593, "mean": 0.3886320889, "median": 0.392820864916, "min": 0.166060745716, "var": 0.0032097294461}, "dynamic_complexity": 3.58010220528, "erbbands_crest": {"dmean": 2.05544185638, "dmean2": 3.14734315872, "dvar": 5.13729858398, "dvar2": 12.9406318665, "max": 32.2563209534, "mean": 14.9709882736, "median": 14.0080804825, "min": 2.54752898216, "var": 31.6617164612}, "erbbands_flatness_db": {"dmean": 0.0125280180946, "dmean2": 0.0192605480552, "dvar": 0.00017601759464, "dvar2": 0.000403247307986, "max": 0.481985479593, "mean": 0.323512405157, "median": 0.330024719238, "min": 0.0396943762898, "var": 0.00372980092652}, "erbbands_kurtosis": {"dmean": 1.72374463081, "dmean2": 2.68432950974, "dvar": 4.87460327148, "dvar2": 11.9753360748, "max": 49.3455162048, "mean": 4.07389974594, "median": 2.16721439362, "min": -1.68179643154, "var": 30.3024673462}, "erbbands_skewness": {"dmean": 0.342314481735, "dmean2": 0.524204075336, "dvar": 0.105640627444, "dvar2": 0.261808604002, "max": 5.3392329216, "mean": 1.24918448925, "median": 1.24559426308, "min": -3.74517560005, "var": 1.3792617321}, "erbbands_spread": {"dmean": 2.18149805069, "dmean2": 3.42873549461, "dvar": 7.59640979767, "dvar2": 16.8027153015, "max": 124.034866333, "mean": 12.3090648651, "median": 10.5613336563, "min": 1.14779233932, "var": 81.7239837646}, "hfc": {"dmean": 1.93918383121, "dmean2": 2.89165878296, "dvar": 19.2769184113, "dvar2": 37.6688842773, "max": 118.11025238, "mean": 8.26833724976, "median": 5.47265052795, "min": 1.18809857205e-16, "var": 86.2333679199}, "melbands_crest": {"dmean": 2.12584614754, "dmean2": 3.4551076889, "dvar": 5.43704557419, "dvar2": 15.9696788788, "max": 31.7575454712, "mean": 15.2510757446, "median": 14.4813499451, "min": 1.96661937237, "var": 25.8346424103}, "melbands_flatness_db": {"dmean": 0.0147649291903, "dmean2": 0.0234239250422, "dvar": 0.000235450424952, "dvar2": 0.00058281479869, "max": 0.595329105854, "mean": 0.400223016739, "median": 0.406606048346, "min": 0.00539486669004, "var": 0.00680398661643}, "melbands_kurtosis": {"dmean": 2.29492878914, "dmean2": 3.65789175034, "dvar": 12.0275440216, "dvar2": 31.9538326263, "max": 58.0641670227, "mean": 6.31751918793, "median": 4.26505661011, "min": -1.74955272675, "var": 50.0842781067}, "melbands_skewness": {"dmean": 0.330103009939, "dmean2": 0.519255876541, "dvar": 0.123608358204, "dvar2": 0.291698455811, "max": 5.1218419075, "mean": 1.07738292217, "median": 1.04270637035, "min": -2.07150745392, "var": 1.04513335228}, "melbands_spread": {"dmean": 1.47899210453, "dmean2": 2.31756877899, "dvar": 8.79027175903, "dvar2": 16.7316570282, "max": 132.566558838, "mean": 8.28500652313, "median": 6.28820943832, "min": 0.903470337391, "var": 61.0363349915}, "pitch_salience": {"dmean": 0.0489677451551, "dmean2": 0.0793052837253, "dvar": 0.0022812851239, "dvar2": 0.00597469136119, "max": 0.82364565134, "mean": 0.505493998528, "median": 0.516095936298, "min": 0.128164693713, "var": 0.0120505839586}, "silence_rate_20dB": {"dmean": 0, "dmean2": 0, "dvar": 0, "dvar2": 0, "max": 1, "mean": 1, "median": 1, "min": 1, "var": 0}, "silence_rate_30dB": {"dmean": 0.00495202746242, "dmean2": 0.00990558695048, "dvar": 0.00492765568197, "dvar2": 0.0116651663557, "max": 1, "mean": 0.991335272789, "median": 1, "min": 0, "var": 0.00859025120735}, "silence_rate_60dB": {"dmean": 0.00742804072797, "dmean2": 0.0148583808914, "dvar": 0.00737168872729, "dvar2": 0.0174239352345, "max": 1, "mean": 0.0541544184089, "median": 0, "min": 0, "var": 0.0512194000185}, "spectral_centroid": {"dmean": 39.6126480103, "dmean2": 62.1631584167, "dvar": 19070.984375, "dvar2": 23856.9648438, "max": 11331.6904297, "mean": 485.024108887, "median": 421.581756592, "min": 263.885070801, "var": 63109.1757812}, "spectral_complexity": {"dmean": 1.25162494183, "dmean2": 2.08605480194, "dvar": 1.31923282146, "dvar2": 3.20640659332, "max": 20, "mean": 9.19758605957, "median": 9, "min": 0, "var": 10.3034677505}, "spectral_decrease": {"dmean": 1.14066700529e-09, "dmean2": 1.74598635549e-09, "dvar": 4.70906064511e-18, "dvar2": 1.02451116512e-17, "max": 4.16130240448e-16, "mean": -5.06549913126e-09, "median": -3.52808804394e-09, "min": -4.20780281729e-08, "var": 2.4476583691e-17}, "spectral_energy": {"dmean": 0.00447499239817, "dmean2": 0.00684183230624, "dvar": 7.29810126359e-05, "dvar2": 0.000157997070346, "max": 0.165967434645, "mean": 0.019868304953, "median": 0.013832481578, "min": 1.08937949917e-20, "var": 0.000377917574951}, "spectral_energyband_high": {"dmean": 2.1096702767e-06, "dmean2": 3.31348292093e-06, "dvar": 5.05991810951e-11, "dvar2": 1.1878109607e-10, "max": 0.000241102970904, "mean": 6.11999348621e-06, "median": 1.02463309304e-06, "min": 7.87026325251e-21, "var": 2.35629876721e-10}, "spectral_energyband_low": {"dmean": 0.000165055171237, "dmean2": 0.000245458388235, "dvar": 4.46671677423e-08, "dvar2": 1.0580190235e-07, "max": 0.00566475791857, "mean": 0.00144839612767, "median": 0.00145306100603, "min": 3.4962113371e-23, "var": 3.99596615352e-07}, "spectral_energyband_middle_high": {"dmean": 0.000593238975853, "dmean2": 0.000856297963765, "dvar": 7.62188665249e-06, "dvar2": 1.41395148603e-05, "max": 0.12330712378, "mean": 0.0019828050863, "median": 0.000589761184528, "min": 1.55916194545e-21, "var": 3.49776237272e-05}, "spectral_energyband_middle_low": {"dmean": 0.00414893543348, "dmean2": 0.00640693958849, "dvar": 6.63508835714e-05, "dvar2": 0.000146804042743, "max": 0.160923182964, "mean": 0.0165319032967, "median": 0.010561004281, "min": 3.63672273667e-22, "var": 0.000337736244546}, "spectral_entropy": {"dmean": 0.124798007309, "dmean2": 0.199531838298, "dvar": 0.0176677647978, "dvar2": 0.0442444123328, "max": 9.78725147247, "mean": 5.88387393951, "median": 5.88549184799, "min": 4.33689785004, "var": 0.246185183525}, "spectral_flux": {"dmean": 0.0143479490653, "dmean2": 0.0235692467541, "dvar": 0.000551669974811, "dvar2": 0.00144297990482, "max": 0.342902243137, "mean": 0.0373883619905, "median": 0.0301473271102, "min": 1.04373343301e-10, "var": 0.000828813121188}, "spectral_kurtosis": {"dmean": 19.110616684, "dmean2": 33.5843048096, "dvar": 400.306610107, "dvar2": 1158.91235352, "max": 234.877243042, "mean": 54.9456825256, "median": 40.7052955627, "min": -1.22683477402, "var": 1802.04211426}, "spectral_rms": {"dmean": 0.000436574133346, "dmean2": 0.000669359054882, "dvar": 3.84759630379e-07, "dvar2": 8.62283627612e-07, "max": 0.0127247571945, "mean": 0.00400521885604, "median": 0.00367356836796, "min": 3.26007558622e-12, "var": 3.34191167894e-06}, "spectral_rolloff": {"dmean": 64.7588195801, "dmean2": 115.208152771, "dvar": 110166.976562, "dvar2": 221534.375, "max": 19789.0136719, "mean": 656.252685547, "median": 452.197265625, "min": 129.19921875, "var": 1803952.625}, "spectral_skewness": {"dmean": 1.1240555048, "dmean2": 1.98819541931, "dvar": 1.0734629631, "dvar2": 3.11543059349, "max": 12.0220994949, "mean": 4.98569869995, "median": 4.40709638596, "min": -0.0362628810108, "var": 4.8107714653}, "spectral_spread": {"dmean": 258643.453125, "dmean2": 447437.5625, "dvar": 170180067328, "dvar2": 264733016064, "max": 41558072, "mean": 1477897.375, "median": 1346514.25, "min": 381449.84375, "var": 1454302167040.0}, "spectral_strongpeak": {"dmean": 0.317214548588, "dmean2": 0.501029789448, "dvar": 0.275966227055, "dvar2": 0.588796079159, "max": 10.7459983826, "mean": 1.26964485645, "median": 0.945930838585, "min": 0, "var": 1.29629981518}, "zerocrossingrate": {"dmean": 0.00206949049607, "dmean2": 0.00268309074454, "dvar": 5.97880170972e-05, "dvar2": 5.70633383177e-05, "max": 0.7265625, "mean": 0.0253077466041, "median": 0.01953125, "min": 0.00439453125, "var": 0.00212834426202}, "barkbands": {"dmean": [7.87992939877e-06, 0.000129980966449, 5.11763355462e-05, 0.00011643821199, 0.00200393307023, 0.00199052598327, 0.00048909621546, 0.000342968676705, 0.000478796835523, 0.000313332275255, 0.000108402971819, 0.000208281562664, 4.50998195447e-05, 3.53910618287e-05, 6.04346314503e-05, 2.50078282988e-05, 7.87956560089e-06, 7.36406263968e-06, 4.47455977337e-06, 1.41177088153e-06, 1.59720639203e-06, 5.2046300425e-07, 1.7125246643e-07, 8.16053216113e-08, 5.38236299974e-08, 1.70707519231e-08, 2.74394751365e-09], "dmean2": [1.23657000586e-05, 0.000183926531463, 8.27999974717e-05, 0.000198496491066, 0.00321619329043, 0.00310916081071, 0.000657437718473, 0.000485930766445, 0.000700460223015, 0.000432179367635, 0.000164542492712, 0.000328493886627, 6.87609062879e-05, 5.70413649257e-05, 9.44760904531e-05, 4.08800915466e-05, 1.30700746013e-05, 1.16155679279e-05, 7.27612632545e-06, 2.30689602176e-06, 2.68602457254e-06, 8.44489761676e-07, 2.82138699959e-07, 1.33191178975e-07, 8.30145765462e-08, 2.54228336161e-08, 4.4543173594e-09], "dvar": [3.77420178443e-10, 2.64914064019e-08, 9.55713819195e-09, 3.07061753801e-08, 2.03195777431e-05, 2.49238382821e-05, 1.71386022885e-06, 8.12619248336e-07, 1.02038839032e-05, 6.28624411547e-06, 2.08749739272e-07, 7.83921848324e-07, 2.63780233212e-08, 3.55866056623e-08, 3.75769282357e-08, 4.55105642061e-09, 5.97428051474e-10, 7.00028646161e-10, 1.72792419262e-10, 1.68283130486e-11, 3.61671179117e-11, 3.38876799885e-12, 3.17109213237e-13, 8.48514916099e-14, 4.8979808924e-14, 4.21946752169e-15, 1.0172175497e-16], "dvar2": [9.01814956045e-10, 6.01814704737e-08, 2.51524951977e-08, 9.60208197398e-08, 4.98881381645e-05, 5.67005299672e-05, 2.64734080702e-06, 1.45355022596e-06, 1.88434496522e-05, 1.1036973774e-05, 4.97912367337e-07, 2.05866444958e-06, 6.02214811352e-08, 9.50042249315e-08, 8.97885570339e-08, 1.15086731256e-08, 1.56818658059e-09, 1.55411139513e-09, 4.53010323698e-10, 4.50178089251e-11, 9.59361687314e-11, 8.91584202301e-12, 7.89832825879e-13, 2.29425392529e-13, 1.12940398407e-13, 9.58035683256e-15, 2.2524824235e-16], "max": [0.000572026125155, 0.00333063001744, 0.00343731511384, 0.00424858368933, 0.115159600973, 0.13737821579, 0.0450367592275, 0.0224081464112, 0.14169433713, 0.117703475058, 0.0154243633151, 0.0277595967054, 0.00656880764291, 0.0115153882653, 0.00473636901006, 0.00149514444638, 0.000572008430026, 0.000947174034081, 0.000424931407906, 9.68043823377e-05, 0.000184092437848, 4.98456065543e-05, 1.39865114761e-05, 8.28039173939e-06, 7.54694065108e-06, 2.40491681325e-06, 4.359198158e-07], "mean": [7.48746024328e-05, 0.00114817544818, 0.000145809841342, 0.000274052552413, 0.00529382610694, 0.0075621465221, 0.00156607665122, 0.000900239509065, 0.000867884955369, 0.000968267617282, 0.000212361323065, 0.000512497150339, 8.92008538358e-05, 5.84678309679e-05, 0.000106446022983, 4.30612381024e-05, 1.41188165799e-05, 1.44761388583e-05, 8.67942526384e-06, 2.71728754342e-06, 3.09666074827e-06, 1.07470236799e-06, 3.75639984895e-07, 2.16767190864e-07, 1.44766474364e-07, 4.27423003657e-08, 5.99379879063e-09], "median": [4.91408827656e-05, 0.00121239828877, 6.91466993885e-05, 0.000129803956952, 0.00234925514087, 0.00378077360801, 0.000524051487446, 0.000272601930192, 0.000208193785511, 8.66768314154e-05, 4.96247739648e-05, 9.09728260012e-05, 2.32688562392e-05, 1.74159304152e-05, 2.66722454398e-05, 1.02507228803e-05, 3.13846385325e-06, 2.38986126533e-06, 1.73375372015e-06, 6.66660582738e-07, 4.16101983092e-07, 1.05174009946e-07, 4.15051708558e-08, 1.49675205563e-08, 5.82493786538e-09, 1.79841475045e-09, 2.56853227576e-09], "min": [1.72959362746e-23, 1.12512485676e-23, 3.51136346182e-24, 3.64148354378e-23, 5.06589781036e-23, 4.07798173966e-23, 6.21944753434e-23, 4.23655130131e-23, 1.21156249184e-22, 7.38775305933e-23, 1.31905028065e-22, 8.70463706483e-23, 6.22540690517e-23, 1.13032761531e-22, 1.90426718495e-22, 1.59957818001e-22, 1.18341454635e-22, 3.11329194282e-22, 2.29024067001e-22, 4.04621399546e-22, 3.89402997885e-22, 5.23023716378e-22, 6.79104882564e-22, 8.66039421117e-22, 1.36022369546e-21, 1.71589490007e-21, 2.29545265507e-21], "var": [6.60617960335e-09, 2.08498548204e-07, 4.90374247875e-08, 1.63091755212e-07, 7.60272523621e-05, 0.000151320637087, 9.57976044447e-06, 3.68738142242e-06, 1.95530392375e-05, 3.02052067127e-05, 4.01939757921e-07, 2.09968425224e-06, 9.2487574932e-08, 6.36037924551e-08, 6.92187072104e-08, 9.04934438495e-09, 1.19167276047e-09, 2.32329444572e-09, 4.10862788236e-10, 3.82605856719e-11, 8.06367472794e-11, 9.41457068554e-12, 1.00401447139e-12, 3.51604270872e-13, 2.29389668068e-13, 2.09109276796e-14, 2.96719108964e-16]}, "erbbands": {"dmean": [0.00468860054389, 0.0276994649321, 0.0521348714828, 0.194491714239, 1.32033967972, 8.07102108002, 14.0863380432, 17.2686767578, 11.4576759338, 6.85164403915, 7.35846757889, 6.9788184166, 11.3838768005, 11.1827850342, 5.67326307297, 7.44801950455, 2.25661873817, 2.14920544624, 2.34492015839, 2.49384355545, 1.23035132885, 0.349964767694, 0.292504698038, 0.322723686695, 0.198683261871, 0.0768998712301, 0.0743668377399, 0.037373367697, 0.0200723353773, 0.00750232627615, 0.00482064019889, 0.00229553156532, 0.00115253182594, 0.000933603267185, 0.000249314965913, 8.6693726189e-05, 2.82882792817e-05, 6.32504816167e-06, 2.27195573643e-06, 5.0039202506e-06], "dmean2": [0.00649856077507, 0.0397418364882, 0.0853279158473, 0.329999446869, 2.1557071209, 12.9470272064, 22.1107215881, 26.6533985138, 17.4176940918, 9.20068264008, 10.2843828201, 10.3774929047, 16.2448959351, 15.224234581, 8.63450622559, 11.5488395691, 3.32157754898, 3.46141386032, 3.67701005936, 3.88536405563, 2.00815963745, 0.569636881351, 0.47328209877, 0.505495965481, 0.320979475975, 0.122899517417, 0.123261108994, 0.0625682771206, 0.0325608514249, 0.0122145460919, 0.00803384650499, 0.00364226801321, 0.00188050128054, 0.00145272654481, 0.00037515553413, 0.000133631736389, 4.27833474532e-05, 9.76031969913e-06, 3.46102206095e-06, 7.63889784139e-06], "dvar": [5.13804479851e-05, 0.00102913787123, 0.00802973099053, 0.0752645805478, 4.24004983902, 310.007385254, 1379.5324707, 2731.45288086, 1264.63269043, 380.818115234, 445.498687744, 1558.16601562, 4774.57568359, 8663.20703125, 375.565368652, 929.805725098, 67.6048660278, 125.440933228, 81.4345245361, 76.5478591919, 11.3255929947, 0.696707308292, 0.690693497658, 1.00405907631, 0.458598643541, 0.0589406341314, 0.0787048563361, 0.0166558083147, 0.00592829892412, 0.000612338189967, 0.000300392159261, 6.98251533322e-05, 1.75236073119e-05, 1.63152926689e-05, 7.86321777468e-07, 1.11648255086e-07, 1.13781579714e-08, 6.00838212517e-10, 2.07668118812e-11, 9.19551587653e-11], "dvar2": [0.000108479704068, 0.00255429022945, 0.0213572327048, 0.225431084633, 11.3035850525, 779.017700195, 3731.74047852, 6112.24316406, 2431.55249023, 541.119140625, 813.696350098, 2985.26049805, 8470.50195312, 15092.3056641, 934.252258301, 2339.0222168, 149.089080811, 334.883911133, 197.832473755, 179.334686279, 28.2213497162, 1.74596977234, 1.7294075489, 2.20531082153, 1.2311154604, 0.156022831798, 0.199719578028, 0.0454101972282, 0.0156392548233, 0.00159231887665, 0.000810047087725, 0.000184411241207, 4.95198582939e-05, 3.96907198592e-05, 1.78861000677e-06, 2.70426852467e-07, 2.55904986091e-08, 1.37015043755e-09, 4.31375525578e-11, 1.97887123354e-10], "max": [0.117141745985, 0.682538211346, 2.77032184601, 7.20456027985, 36.9680023193, 318.160217285, 997.286621094, 1537.09729004, 1246.64819336, 572.421203613, 631.955200195, 1607.90856934, 3161.63769531, 4390.40771484, 583.450622559, 1075.99328613, 342.712860107, 675.736328125, 278.935638428, 216.605758667, 102.30091095, 18.9292736053, 25.0005931854, 33.2519264221, 30.096780777, 5.41477394104, 9.17107009888, 3.07368779182, 2.47214746475, 0.527827501297, 0.450347423553, 0.240504294634, 0.140063673258, 0.138095125556, 0.0277213361114, 0.0112155266106, 0.00330936582759, 0.000741658324841, 0.000140359712532, 0.000191584826098], "mean": [0.0506104305387, 0.188811302185, 0.175438910723, 0.553983449936, 3.54327845573, 21.8551998138, 37.148147583, 69.5572128296, 41.842212677, 18.6443767548, 19.7706451416, 14.0321044922, 23.0763549805, 36.0929603577, 13.6432466507, 19.5605354309, 5.50713968277, 3.7373919487, 4.32149934769, 4.50634145737, 2.21578431129, 0.706771910191, 0.612738609314, 0.654259860516, 0.389061748981, 0.158408373594, 0.147122830153, 0.0758763477206, 0.0426262095571, 0.0174812953919, 0.010756704025, 0.0055147963576, 0.00296134245582, 0.00233546388336, 0.000683473073877, 0.000226108400966, 7.13933623047e-05, 1.60147610586e-05, 1.03522852442e-05, 2.22855360335e-05], "median": [0.0511515550315, 0.187520235777, 0.114744961262, 0.343447774649, 2.13453507423, 8.76164150238, 16.5232982635, 29.6716918945, 14.178937912, 8.60171508789, 6.03395605087, 4.70835161209, 4.73612880707, 3.71962666512, 3.65177536011, 3.84242963791, 1.79566383362, 1.26171970367, 1.14865839481, 1.16825962067, 0.579822003841, 0.241929292679, 0.157515361905, 0.129387930036, 0.0888461247087, 0.0419719144702, 0.0241426229477, 0.0094790160656, 0.00449689151719, 0.00201563374139, 0.00118327850942, 0.000516555912327, 0.000208289042348, 0.000103407124698, 4.61289091618e-05, 2.05323030968e-05, 9.0059984359e-06, 1.96043970391e-06, 7.30117790226e-06, 1.55849702423e-05], "min": [5.08833004839e-22, 1.91879507458e-21, 5.28272637807e-21, 5.79461344844e-20, 2.12667515102e-19, 1.23148542871e-19, 1.02948953871e-19, 4.35071411303e-19, 9.28172230913e-19, 7.9749899403e-19, 1.18995473226e-18, 2.48907724624e-18, 2.19191860824e-18, 3.66303864815e-18, 5.92499877477e-18, 3.21723978998e-18, 2.61471853667e-18, 5.38045254263e-18, 8.32215578224e-18, 9.66274920303e-18, 8.07753614123e-18, 7.30389644818e-18, 1.51049598774e-17, 1.2008531677e-17, 1.40213152246e-17, 1.92747690734e-17, 1.62191804343e-17, 1.67237788059e-17, 2.12953777497e-17, 1.96329630941e-17, 1.61973693359e-17, 1.91929129344e-17, 1.49140449376e-17, 1.43914090656e-17, 9.97078547288e-18, 5.60070426998e-18, 3.44649620547e-18, 1.16989611939e-18, 3.41260082551e-19, 3.39288969313e-20], "var": [0.000492964754812, 0.00879017263651, 0.0351426973939, 0.425210118294, 16.6138496399, 1191.39868164, 4218.36572266, 17141.7480469, 7502.27197266, 1442.98669434, 2029.61291504, 2863.36352539, 10142.3603516, 42418.3828125, 1013.56481934, 2946.25927734, 263.12487793, 211.782974243, 151.338623047, 148.044113159, 24.4487323761, 1.61344146729, 2.18435359001, 3.05237627029, 0.958979666233, 0.14399972558, 0.188772648573, 0.0426590405405, 0.0167546458542, 0.00203058333136, 0.000866544840392, 0.000223331793677, 6.58364224364e-05, 6.4767045842e-05, 4.38840243078e-06, 5.25164580267e-07, 4.79083546168e-08, 2.66126387594e-09, 1.03761027548e-10, 4.74410677409e-10]}, "gfcc": {"mean": [-159.872207642, 217.07409668, -116.245651245, -11.1725540161, -40.2761802673, -21.0955295563, -23.6906833649, -14.5155420303, -8.63974952698, -2.95199513435, 7.53063583374, 0.688960134983, 12.5235748291], "cov": [[7100.72119141, -344.348266602, -1204.04919434, 571.700195312, -521.19744873, 275.139587402, -198.091445923, 104.203536987, -145.915817261, -51.5304031372, -156.481781006, 53.0612030029, 36.5769195557], [-344.348266602, 1621.4855957, 244.331359863, -536.908447266, 403.953918457, -277.926605225, 177.830566406, -159.313781738, 151.189727783, 17.0670528412, 178.875778198, -96.8493804932, 10.8637542725], [-1204.04919434, 244.331359863, 540.78503418, -179.446334839, 92.2740707397, -75.0743484497, -1.55753517151, -23.2906169891, 23.7728843689, 48.5666503906, 38.9486694336, -6.38335609436, 8.93878078461], [571.700195312, -536.908447266, -179.446334839, 390.469909668, -171.853256226, 116.856239319, -73.1341018677, 53.1203956604, -59.4735870361, -27.5587673187, -62.1495132446, 18.6357765198, -7.2312297821], [-521.19744873, 403.953918457, 92.2740707397, -171.853256226, 224.467971802, -71.145614624, 37.5132904053, -62.8135986328, 25.7143726349, 5.20214891434, 47.5349197388, -30.6051902771, -17.4829998016], [275.139587402, -277.926605225, -75.0743484497, 116.856239319, -71.145614624, 197.931365967, 17.6137504578, 50.1597900391, -67.2464675903, -37.6001205444, -64.0104522705, 4.43801784515, -8.18141269684], [-198.091445923, 177.830566406, -1.55753517151, -73.1341018677, 37.5132904053, 17.6137504578, 137.704803467, 10.4819126129, 4.37821245193, -32.9189872742, -1.10287535191, -9.84718418121, -0.2534686625], [104.203536987, -159.313781738, -23.2906169891, 53.1203956604, -62.8135986328, 50.1597900391, 10.4819126129, 104.307228088, -13.6362571716, -12.4761371613, -36.2191963196, 2.63039278984, -11.0504684448], [-145.915817261, 151.189727783, 23.7728843689, -59.4735870361, 25.7143726349, -67.2464675903, 4.37821245193, -13.6362571716, 79.0904846191, 29.4813194275, 29.6767425537, -9.05432319641, 3.69524717331], [-51.5304031372, 17.0670528412, 48.5666503906, -27.5587673187, 5.20214891434, -37.6001205444, -32.9189872742, -12.4761371613, 29.4813194275, 98.5720291138, 41.0446929932, 4.22512149811, -17.8088130951], [-156.481781006, 178.875778198, 38.9486694336, -62.1495132446, 47.5349197388, -64.0104522705, -1.10287535191, -36.2191963196, 29.6767425537, 41.0446929932, 108.121833801, 12.2226324081, -5.13110923767], [53.0612030029, -96.8493804932, -6.38335609436, 18.6357765198, -30.6051902771, 4.43801784515, -9.84718418121, 2.63039278984, -9.05432319641, 4.22512149811, 12.2226324081, 71.9594802856, 21.7548465729], [36.5769195557, 10.8637542725, 8.93878078461, -7.2312297821, -17.4829998016, -8.18141269684, -0.2534686625, -11.0504684448, 3.69524717331, -17.8088130951, -5.13110923767, 21.7548465729, 79.9449005127]], "icov": [[0.000536329695024, -0.00106750999112, 0.00118513754569, -0.000205990043469, 0.00161037873477, -0.000558958970942, 0.00145098112989, -0.000297783903079, 0.00124507909641, -0.000734664441552, 0.000891898933332, -0.000707335129846, 3.54613766831e-05], [-0.00106750999112, 0.00440278602764, -0.00241994042881, 0.00153344043065, -0.00490381428972, 0.00202290597372, -0.00457580480725, 0.00135846156627, -0.00377098028548, 0.00228465115651, -0.00358187407255, 0.00348274572752, -0.000887109548785], [0.00118513754569, -0.00241994042881, 0.00495088519529, 0.000479002075735, 0.0031762747094, -0.00097509851912, 0.00364832952619, -0.00115888449363, 0.00349054159597, -0.00267455354333, 0.00208553671837, -0.00146968301851, -0.000500766094774], [-0.000205990043469, 0.00153344043065, 0.000479002075735, 0.00601743906736, 0.0013173671905, -0.000748788821511, 0.00112355244346, 0.000451334082754, -4.7701960284e-05, 0.00169846136123, -0.00116560980678, 0.00135734165087, 0.000590396521147], [0.00161037873477, -0.00490381428972, 0.0031762747094, 0.0013173671905, 0.0148526346311, -0.0017454122426, 0.00491058314219, 0.00202823290601, 0.00528849149123, -0.00104371993802, 0.00248266360722, -0.00146897626109, 0.00314113893546], [-0.000558958970942, 0.00202290597372, -0.00097509851912, -0.000748788821511, -0.0017454122426, 0.0104934992269, -0.00452303281054, -0.000953031820245, 0.00406930968165, 0.000444534380222, 0.000922467617784, 0.00156366743613, 0.000112882058602], [0.00145098112989, -0.00457580480725, 0.00364832952619, 0.00112355244346, 0.00491058314219, -0.00452303281054, 0.01542388089, -0.00306205591187, 0.00248293299228, 0.00139923568349, 0.00248988182284, -0.00312994490378, 0.00109677156433], [-0.000297783903079, 0.00135846156627, -0.00115888449363, 0.000451334082754, 0.00202823290601, -0.000953031820245, -0.00306205591187, 0.0141075197607, -0.00243959017098, 0.00116989563685, 0.00155775842723, 0.000330681796186, 0.0027917502448], [0.00124507909641, -0.00377098028548, 0.00349054159597, -4.7701960284e-05, 0.00528849149123, 0.00406930968165, 0.00248293299228, -0.00243959017098, 0.0243087951094, -0.00706997560337, 0.00191415322479, 0.000483550946228, -0.00191545521375], [-0.000734664441552, 0.00228465115651, -0.00267455354333, 0.00169846136123, -0.00104371993802, 0.000444534380222, 0.00139923568349, 0.00116989563685, -0.00706997560337, 0.0174721367657, -0.00633082306013, 0.000527947384398, 0.00413068197668], [0.000891898933332, -0.00358187407255, 0.00208553671837, -0.00116560980678, 0.00248266360722, 0.000922467617784, 0.00248988182284, 0.00155775842723, 0.00191415322479, -0.00633082306013, 0.0177851654589, -0.00674565136433, 0.00207900465466], [-0.000707335129846, 0.00348274572752, -0.00146968301851, 0.00135734165087, -0.00146897626109, 0.00156366743613, -0.00312994490378, 0.000330681796186, 0.000483550946228, 0.000527947384398, -0.00674565136433, 0.020415827632, -0.00588130066171], [3.54613766831e-05, -0.000887109548785, -0.000500766094774, 0.000590396521147, 0.00314113893546, 0.000112882058602, 0.00109677156433, 0.0027917502448, -0.00191545521375, 0.00413068197668, 0.00207900465466, -0.00588130066171, 0.0165527630597]]}, "melbands": {"dmean": [3.80787969334e-05, 2.76939117612e-05, 5.52816782147e-05, 0.000297829828924, 0.000492534658406, 0.000385368941352, 0.000167800666532, 7.26124053472e-05, 5.30582983629e-05, 5.79586921958e-05, 5.88753646298e-05, 4.80421549582e-05, 1.84574055311e-05, 2.67977975454e-05, 8.10308029031e-06, 4.99422731082e-06, 3.60747503692e-06, 3.4063559724e-06, 3.50749223799e-06, 2.41183988692e-06, 1.50019286593e-06, 3.99342468427e-07, 1.99905699105e-07, 4.46857541192e-07, 2.59943902847e-07, 1.90160591274e-07, 8.28329689284e-08, 4.88624749551e-08, 4.09248244182e-08, 5.2344013568e-08, 1.75936172297e-08, 1.24036727556e-08, 1.05503623615e-08, 3.91339094463e-09, 3.72864894516e-09, 1.66961933168e-09, 1.42264899861e-09, 8.82374395772e-10, 9.1276475267e-10, 8.43108971527e-10], "dmean2": [5.34510763828e-05, 4.29386091128e-05, 9.13960684557e-05, 0.000482321484014, 0.000777437351644, 0.000595249701291, 0.000255241291597, 9.81391058303e-05, 7.53999265726e-05, 8.60117434058e-05, 8.44063179102e-05, 6.54788746033e-05, 2.80845652014e-05, 4.26053156843e-05, 1.19943460959e-05, 7.75869557401e-06, 5.84256758884e-06, 5.37543519386e-06, 5.39332449989e-06, 3.88336275137e-06, 2.45987985181e-06, 6.52783739952e-07, 3.27635774511e-07, 7.12887867849e-07, 4.05828643579e-07, 3.08652090553e-07, 1.33200060759e-07, 7.81118885129e-08, 6.78459102232e-08, 8.65378666504e-08, 2.96283744206e-08, 2.0257282074e-08, 1.74671512809e-08, 6.50796172508e-09, 6.19955242698e-09, 2.76612510675e-09, 2.26659135905e-09, 1.41871892012e-09, 1.4814932614e-09, 1.29995392228e-09], "dvar": [2.71207190039e-09, 1.48082945906e-09, 6.54534826339e-09, 3.03624801745e-07, 1.58726334121e-06, 1.24709106331e-06, 2.44585663722e-07, 3.72738391263e-08, 2.52080134544e-08, 1.3991083847e-07, 1.25314954857e-07, 1.70349920836e-07, 4.83492490488e-09, 1.41259404174e-08, 1.01220920534e-09, 3.46806749985e-10, 3.71145947309e-10, 1.71462899434e-10, 1.25031665577e-10, 5.55623914933e-11, 2.02675029537e-11, 1.3941782841e-12, 5.01358557534e-13, 2.56143261983e-12, 6.70991257348e-13, 4.11229644087e-13, 5.63058477068e-14, 3.20571138536e-14, 1.87466873486e-14, 5.86415681639e-14, 3.71896422349e-15, 2.94164759351e-15, 1.51737164534e-15, 2.00001644499e-16, 2.10454547229e-16, 3.8885535603e-17, 2.6494274074e-17, 1.26116869643e-17, 1.47957150966e-17, 1.27203793239e-17], "dvar2": [5.90737325723e-09, 3.92070376165e-09, 1.78407457696e-08, 7.93591198089e-07, 4.11882410845e-06, 2.77878666566e-06, 4.79266248021e-07, 5.53081740406e-08, 4.87395723781e-08, 2.63303377324e-07, 2.24105420443e-07, 2.96975116498e-07, 1.15666738409e-08, 3.74681334847e-08, 2.31317787147e-09, 8.74130490214e-10, 9.91775217507e-10, 4.15568773837e-10, 2.88207652188e-10, 1.35874617113e-10, 5.04153142844e-11, 3.49030201442e-12, 1.40730439455e-12, 5.96980147607e-12, 1.48492210281e-12, 1.06865319545e-12, 1.47295478765e-13, 8.42227559938e-14, 4.87756739837e-14, 1.51262832013e-13, 1.04979247544e-14, 7.98873364379e-15, 4.20980329928e-15, 5.08873095453e-16, 5.6201149564e-16, 1.08668272171e-16, 6.51348484104e-17, 3.39847253929e-17, 3.83789139476e-17, 2.97658064839e-17], "max": [0.00100170332007, 0.0011665559141, 0.00171677651815, 0.00997455790639, 0.0349240973592, 0.0315990298986, 0.0167475063354, 0.00518794311211, 0.00499824853614, 0.0158970318735, 0.0159940607846, 0.0194745641202, 0.00233349157497, 0.00395766738802, 0.00139412144199, 0.00090743455803, 0.00116509292275, 0.00039674207801, 0.000241300091147, 0.000175688590389, 0.00013112819579, 3.09579190798e-05, 1.73048028955e-05, 5.65544614801e-05, 2.59144835582e-05, 2.10564066947e-05, 1.01336345324e-05, 4.35693937106e-06, 4.01335546485e-06, 6.95585458743e-06, 1.17289232549e-06, 1.95599363906e-06, 8.40682957914e-07, 3.69866654637e-07, 4.08170450328e-07, 1.62859905117e-07, 1.71394418658e-07, 1.34834593268e-07, 1.28833363533e-07, 1.28156031565e-07], "mean": [0.000377245247364, 0.00013964700338, 0.000151755302795, 0.000793977989815, 0.0013217771193, 0.00153314264026, 0.000604393833783, 0.000194540582015, 0.000139462747029, 0.000106325795059, 0.000118704345368, 0.000154450754053, 3.99171985919e-05, 6.40374419163e-05, 2.1755875423e-05, 9.50278536038e-06, 5.91307389186e-06, 5.93884760747e-06, 6.61262811263e-06, 4.17743194703e-06, 2.45409796662e-06, 7.23282880699e-07, 3.6617697674e-07, 8.59127112562e-07, 4.87935494675e-07, 3.53571209644e-07, 1.51546231564e-07, 8.97833700719e-08, 8.00987578486e-08, 8.78362058643e-08, 3.26131974759e-08, 2.45939286714e-08, 1.79665704536e-08, 7.25856352801e-09, 7.13577508193e-09, 3.62730867565e-09, 2.94255153577e-09, 1.88000859325e-09, 2.06325623253e-09, 1.91850468845e-09], "median": [0.000394206057535, 0.000121980177937, 8.62299930304e-05, 0.00040589630953, 0.000599353108555, 0.000680916360579, 0.000212236656807, 8.0608704593e-05, 3.9689046389e-05, 2.78640691249e-05, 2.27972359426e-05, 1.34292131406e-05, 1.01772657217e-05, 9.73496662482e-06, 5.76628599447e-06, 2.71682529274e-06, 1.72024726908e-06, 1.43530508012e-06, 1.67735208834e-06, 9.53794710767e-07, 4.47684783467e-07, 1.7751631276e-07, 1.05536564377e-07, 1.03420866537e-07, 8.05963153994e-08, 6.39126227497e-08, 3.66478225544e-08, 1.76489098891e-08, 1.36088598168e-08, 7.9148314569e-09, 3.34113559042e-09, 2.51415621655e-09, 1.40921851965e-09, 8.0791801027e-10, 6.08643635491e-10, 4.78197925702e-10, 2.04178104979e-10, 1.28411434264e-10, 9.48678705037e-11, 6.09471223489e-11], "min": [4.77795932011e-24, 2.49943576679e-24, 1.54297027876e-23, 1.38011199591e-23, 3.26865324661e-24, 9.47468489964e-24, 1.3857641843e-23, 8.89715667548e-24, 1.10161088532e-23, 1.64244863658e-23, 1.07014495931e-23, 1.38508039967e-23, 2.11742368088e-23, 1.19125490867e-23, 6.35430693485e-24, 5.42248392322e-24, 1.06901452163e-23, 1.26201131425e-23, 1.40271570075e-23, 1.12914315644e-23, 8.91031329766e-24, 6.52863296756e-24, 8.65522171332e-24, 1.8155756796e-23, 8.18049626461e-24, 9.66076298768e-24, 7.88533527945e-24, 1.52595297131e-23, 1.18267296977e-23, 9.01074791267e-24, 9.43070274873e-24, 1.17097424143e-23, 1.00156904416e-23, 1.17572775947e-23, 7.68128299568e-24, 1.22733969417e-23, 1.21370423342e-23, 1.11575863234e-23, 1.06897010876e-23, 1.22552263196e-23], "var": [2.18906421878e-08, 9.21529608178e-09, 3.57662841566e-08, 1.18583602671e-06, 5.21144011145e-06, 7.6812611951e-06, 1.4582226413e-06, 1.44195212215e-07, 1.09617388944e-07, 2.58891617477e-07, 2.664590113e-07, 8.31823967928e-07, 1.07258095738e-08, 3.65080232712e-08, 3.66215657799e-09, 8.11584965899e-10, 6.248904727e-10, 3.16567494441e-10, 2.54486764995e-10, 1.14620861413e-10, 4.18100276622e-11, 2.95536663718e-12, 8.07648598607e-13, 8.6441314176e-12, 1.83715672883e-12, 8.87924391131e-13, 1.1583815233e-13, 6.88913715571e-14, 5.1985342707e-14, 1.12105847337e-13, 8.28608286586e-15, 7.68122172042e-15, 3.07879090976e-15, 4.59884892009e-16, 5.04504681846e-16, 9.6807117609e-17, 7.02375932603e-17, 3.14779346942e-17, 4.76662100065e-17, 4.97382147229e-17]}, "mfcc": {"mean": [-794.332580566, 234.6824646, 3.82774734497, 5.59245967865, 1.07146310806, -5.54052495956, -5.42821455002, -9.77962493896, -8.19822406769, -4.4984459877, -5.96480846405, -3.19775795937, 6.21831178665], "cov": [[3838.64013672, 144.724121094, -1049.89660645, 402.346191406, -282.989501953, 9.58534049988, -9.04336643219, -29.4499073029, 27.7861881256, -51.5257606506, -74.6747360229, -110.449539185, -6.98786401749], [144.724121094, 1101.8482666, 118.462501526, -200.426071167, 145.016708374, -83.806968689, -14.3707294464, -56.2564163208, -78.9361419678, 35.5860481262, 23.7879276276, 49.919631958, 28.447309494], [-1049.89660645, 118.462501526, 637.54486084, -158.145492554, 75.671081543, 31.977809906, -36.7532920837, 0.216897830367, -7.02717256546, 10.2440671921, 17.4000415802, 52.8855705261, 20.1474819183], [402.346191406, -200.426071167, -158.145492554, 205.81930542, -43.5613632202, -12.3882484436, -9.92909908295, -22.4002590179, 7.27024936676, -15.9221544266, -16.5788002014, -25.2003593445, -11.7363300323], [-282.989501953, 145.016708374, 75.671081543, -43.5613632202, 140.439651489, -1.1710883379, -14.7506637573, -32.5696868896, -48.4526557922, 5.94942951202, 13.1452722549, 17.5912723541, 5.84709692001], [9.58534049988, -83.806968689, 31.977809906, -12.3882484436, -1.1710883379, 109.0078125, 25.7285327911, 12.8533525467, 14.2153663635, -22.1583003998, -7.10715007782, -3.19746804237, -4.14237689972], [-9.04336643219, -14.3707294464, -36.7532920837, -9.92909908295, -14.7506637573, 25.7285327911, 95.3868484497, 49.1103210449, 13.6019020081, -1.2542963028, -14.4201822281, -4.82163143158, -4.83199739456], [-29.4499073029, -56.2564163208, 0.216897830367, -22.4002590179, -32.5696868896, 12.8533525467, 49.1103210449, 117.703788757, 43.004863739, -4.37912464142, -15.2782001495, -32.7908439636, -17.4700260162], [27.7861881256, -78.9361419678, -7.02717256546, 7.27024936676, -48.4526557922, 14.2153663635, 13.6019020081, 43.004863739, 89.6154327393, 10.8751487732, -24.9802780151, -26.3331317902, -24.0684394836], [-51.5257606506, 35.5860481262, 10.2440671921, -15.9221544266, 5.94942951202, -22.1583003998, -1.2542963028, -4.37912464142, 10.8751487732, 67.3439331055, 22.260175705, -13.716840744, -20.3364219666], [-74.6747360229, 23.7879276276, 17.4000415802, -16.5788002014, 13.1452722549, -7.10715007782, -14.4201822281, -15.2782001495, -24.9802780151, 22.260175705, 99.4741821289, 31.3887195587, -14.370464325], [-110.449539185, 49.919631958, 52.8855705261, -25.2003593445, 17.5912723541, -3.19746804237, -4.82163143158, -32.7908439636, -26.3331317902, -13.716840744, 31.3887195587, 109.359794617, 50.4647789001], [-6.98786401749, 28.447309494, 20.1474819183, -11.7363300323, 5.84709692001, -4.14237689972, -4.83199739456, -17.4700260162, -24.0684394836, -20.3364219666, -14.370464325, 50.4647789001, 89.6798782349]], "icov": [[0.000902883184608, -0.000802478578407, 0.00125060253777, -0.00132024637423, 0.00173545675352, -0.00153619330376, 0.00117493921425, -0.000424410798587, 0.000509504636284, -0.000305558205582, 0.000332596246153, 7.58736059652e-05, -0.000254261685768], [-0.000802478578407, 0.00211024866439, -0.00100816821214, 0.00255361874588, -0.00241030822508, 0.00254347966984, -0.00144130899571, 0.00102101208176, -0.000160985509865, 0.000230151868891, -7.12119872333e-05, -0.000114919683256, 0.000286882161163], [0.00125060253777, -0.00100816821214, 0.00394093617797, -0.000361167680239, 0.00161826272961, -0.00288973003626, 0.00307326763868, -0.0011763315415, 0.000518046377692, -0.000950640242081, 0.000903815671336, -0.000993831199594, -0.000190403472516], [-0.00132024637423, 0.00255361874588, -0.000361167680239, 0.0101961279288, -0.00188231712673, 0.00401376467198, -0.00168355752248, 0.0034510421101, -0.000937450677156, 0.00245786248706, 8.21080320748e-05, 0.000911990180612, 0.00119801261462], [0.00173545675352, -0.00241030822508, 0.00161826272961, -0.00188231712673, 0.014060546644, -0.00437248917297, 0.00302416738123, -0.000130382642965, 0.00649488717318, -0.00216705584899, 0.00194841797929, -0.000443715805886, 0.00112233578693], [-0.00153619330376, 0.00254347966984, -0.00288973003626, 0.00401376467198, -0.00437248917297, 0.0154209928587, -0.00663189031184, 0.00345212942921, -0.00402012467384, 0.0063388934359, -0.00220806105062, 0.00168209755793, 0.000618666934315], [0.00117493921425, -0.00144130899571, 0.00307326763868, -0.00168355752248, 0.00302416738123, -0.00663189031184, 0.0179301314056, -0.00848942156881, 0.00365101126954, -0.00421752687544, 0.00411719270051, -0.00391048379242, 0.00133051304147], [-0.000424410798587, 0.00102101208176, -0.0011763315415, 0.0034510421101, -0.000130382642965, 0.00345212942921, -0.00848942156881, 0.0162240304053, -0.00650197267532, 0.00498752295971, -0.00280932593159, 0.00533348461613, -0.0008354242309], [0.000509504636284, -0.000160985509865, 0.000518046377692, -0.000937450677156, 0.00649488717318, -0.00402012467384, 0.00365101126954, -0.00650197267532, 0.0209635999054, -0.00687215756625, 0.00703666359186, -0.00299507542513, 0.00505347829312], [-0.000305558205582, 0.000230151868891, -0.000950640242081, 0.00245786248706, -0.00216705584899, 0.0063388934359, -0.00421752687544, 0.00498752295971, -0.00687215756625, 0.0225285813212, -0.00716566108167, 0.00535024842247, 0.000722287746612], [0.000332596246153, -7.12119872333e-05, 0.000903815671336, 8.21080320748e-05, 0.00194841797929, -0.00220806105062, 0.00411719270051, -0.00280932593159, 0.00703666359186, -0.00716566108167, 0.0169558860362, -0.00839204899967, 0.00700474297628], [7.58736059652e-05, -0.000114919683256, -0.000993831199594, 0.000911990180612, -0.000443715805886, 0.00168209755793, -0.00391048379242, 0.00533348461613, -0.00299507542513, 0.00535024842247, -0.00839204899967, 0.0184951014817, -0.0100230034441], [-0.000254261685768, 0.000286882161163, -0.000190403472516, 0.00119801261462, 0.00112233578693, 0.000618666934315, 0.00133051304147, -0.0008354242309, 0.00505347829312, 0.000722287746612, 0.00700474297628, -0.0100230034441, 0.0193865261972]]}, "spectral_contrast_coeffs": {"dmean": [0.0355683453381, 0.0346397459507, 0.0317128300667, 0.0247365888208, 0.0169159006327, 0.0218041539192], "dmean2": [0.0591363012791, 0.0559144727886, 0.0507919974625, 0.0406064875424, 0.0277815368026, 0.0378959737718], "dvar": [0.000985739869066, 0.000902531377506, 0.000759202521294, 0.000445829238743, 0.000213074250496, 0.000415971560869], "dvar2": [0.00271132076159, 0.00226633390412, 0.00188898702618, 0.00115698913578, 0.000549237534869, 0.00121127406601], "max": [-0.325267583132, -0.368568718433, -0.431980490685, -0.556453645229, -0.571820318699, -0.599579334259], "mean": [-0.621459543705, -0.642576038837, -0.723550319672, -0.746806621552, -0.771479606628, -0.777591943741], "median": [-0.625655293465, -0.645926713943, -0.733124554157, -0.75289106369, -0.779860138893, -0.775428652763], "min": [-0.95606470108, -0.958298504353, -0.961898446083, -0.960514903069, -0.961093664169, -0.957302868366], "var": [0.00771011877805, 0.00730526354164, 0.0049682771787, 0.00337257608771, 0.004041146487, 0.00280845188536]}, "spectral_contrast_valleys": {"dmean": [0.229207023978, 0.273805201054, 0.25659352541, 0.217378363013, 0.151503071189, 0.308267802]