{"lowlevel": {"average_loudness": 0.94413626194, "barkbands_crest": {"dmean": 2.4875767231, "dmean2": 3.71598172188, "dvar": 6.70423412323, "dvar2": 15.5054712296, "max": 26.7934093475, "mean": 13.5754156113, "median": 12.8073139191, "min": 2.40734362602, "var": 27.7504634857}, "barkbands_flatness_db": {"dmean": 0.0407582521439, "dmean2": 0.0520802028477, "dvar": 0.00225270399824, "dvar2": 0.00411057751626, "max": 0.624355018139, "mean": 0.217001199722, "median": 0.210440218449, "min": 0.0266030598432, "var": 0.0102923894301}, "barkbands_kurtosis": {"dmean": 6.71818828583, "dmean2": 9.7048368454, "dvar": 607.05255127, "dvar2": 945.321166992, "max": 1720.3416748, "mean": 12.5082492828, "median": 5.58604955673, "min": -1.78823125362, "var": 1994.33032227}, "barkbands_skewness": {"dmean": 0.716873466969, "dmean2": 1.02128851414, "dvar": 0.776927649975, "dvar2": 1.45093917847, "max": 35.3247718811, "mean": 2.38003706932, "median": 2.17685604095, "min": -6.31107234955, "var": 4.34223461151}, "barkbands_spread": {"dmean": 7.53835248947, "dmean2": 10.9668416977, "dvar": 132.319488525, "dvar2": 305.279663086, "max": 129.749526978, "mean": 16.0422115326, "median": 9.8594417572, "min": 0.0516289584339, "var": 265.886993408}, "dissonance": {"dmean": 0.0323569402099, "dmean2": 0.0511661544442, "dvar": 0.000948214437813, "dvar2": 0.00225398526527, "max": 0.499998778105, "mean": 0.416860789061, "median": 0.426034748554, "min": 0.172155618668, "var": 0.00283750821836}, "dynamic_complexity": 3.6677467823, "erbbands_crest": {"dmean": 2.60077166557, "dmean2": 3.93827295303, "dvar": 6.75976133347, "dvar2": 14.5269508362, "max": 29.5516548157, "mean": 11.6796531677, "median": 10.6792669296, "min": 2.25716853142, "var": 28.753074646}, "erbbands_flatness_db": {"dmean": 0.03118686378, "dmean2": 0.0392798744142, "dvar": 0.00142275588587, "dvar2": 0.0024508156348, "max": 0.522442519665, "mean": 0.181085243821, "median": 0.170518383384, "min": 0.0350142158568, "var": 0.00817959196866}, "erbbands_kurtosis": {"dmean": 1.23682665825, "dmean2": 1.85365891457, "dvar": 3.19279718399, "dvar2": 7.61273670197, "max": 70.488899231, "mean": 1.7233645916, "median": 0.512324333191, "min": -1.84881818295, "var": 32.6991043091}, "erbbands_skewness": {"dmean": 0.396015524864, "dmean2": 0.575303554535, "dvar": 0.160006076097, "dvar2": 0.347061872482, "max": 4.63777399063, "mean": 0.301453739405, "median": 0.351098656654, "min": -5.708319664, "var": 1.03605425358}, "erbbands_spread": {"dmean": 10.9467458725, "dmean2": 15.5421180725, "dvar": 196.221374512, "dvar2": 396.004119873, "max": 135.810379028, "mean": 34.404876709, "median": 28.8326187134, "min": 1.29666423798, "var": 485.304260254}, "hfc": {"dmean": 15.4657344818, "dmean2": 22.1075210571, "dvar": 770.69732666, "dvar2": 1789.49938965, "max": 233.245819092, "mean": 23.2160606384, "median": 10.7264518738, "min": 1.16926691205e-16, "var": 1013.79425049}, "melbands_crest": {"dmean": 2.53119444847, "dmean2": 3.76719903946, "dvar": 6.96230602264, "dvar2": 16.0207481384, "max": 37.5444831848, "mean": 17.8911037445, "median": 18.0912647247, "min": 1.65609025955, "var": 32.4058113098}, "melbands_flatness_db": {"dmean": 0.0469942241907, "dmean2": 0.0603477582335, "dvar": 0.00304967537522, "dvar2": 0.00566679006442, "max": 0.777046322823, "mean": 0.309190034866, "median": 0.307889580727, "min": 0.00328272115439, "var": 0.0136018134654}, "melbands_kurtosis": {"dmean": 11.1688566208, "dmean2": 16.6263504028, "dvar": 359.082519531, "dvar2": 811.184265137, "max": 350.493469238, "mean": 23.5818748474, "median": 14.1801147461, "min": -1.95860481262, "var": 875.538452148}, "melbands_skewness": {"dmean": 0.852698326111, "dmean2": 1.21839225292, "dvar": 0.939425706863, "dvar2": 2.01291036606, "max": 14.2561254501, "mean": 3.412940979, "median": 3.22005486488, "min": -4.15063905716, "var": 4.34247875214}, "melbands_spread": {"dmean": 5.2044672966, "dmean2": 8.01116752625, "dvar": 75.3312530518, "dvar2": 186.062820435, "max": 155.646560669, "mean": 14.5488328934, "median": 8.63282775879, "min": 0.222120538354, "var": 410.991882324}, "pitch_salience": {"dmean": 0.0684015378356, "dmean2": 0.104717388749, "dvar": 0.00581228500232, "dvar2": 0.0135656455532, "max": 0.993796110153, "mean": 0.416195601225, "median": 0.419557064772, "min": 0.0193722806871, "var": 0.0204285252839}, "silence_rate_20dB": {"dmean": 0, "dmean2": 0, "dvar": 0, "dvar2": 0, "max": 1, "mean": 1, "median": 1, "min": 1, "var": 0}, "silence_rate_30dB": {"dmean": 0.0496020317078, "dmean2": 0.0992155075073, "dvar": 0.0471449270844, "dvar2": 0.111977510154, "max": 1, "mean": 0.950057685375, "median": 1, "min": 0, "var": 0.0474498979747}, "silence_rate_60dB": {"dmean": 0.0173030346632, "dmean2": 0.0346100591123, "dvar": 0.0170039869845, "dvar2": 0.0373351834714, "max": 1, "mean": 0.0966551303864, "median": 0, "min": 0, "var": 0.0873098596931}, "spectral_centroid": {"dmean": 226.919403076, "dmean2": 343.282684326, "dvar": 121714.335938, "dvar2": 265392.46875, "max": 11302.7919922, "mean": 942.138244629, "median": 671.517272949, "min": 81.2674484253, "var": 595575.4375}, "spectral_complexity": {"dmean": 3.78290462494, "dmean2": 5.50992155075, "dvar": 36.178565979, "dvar2": 68.8053741455, "max": 56, "mean": 11.7938871384, "median": 10, "min": 0, "var": 75.1742019653}, "spectral_decrease": {"dmean": 3.61925511783e-09, "dmean2": 5.08556352585e-09, "dvar": 2.712895156e-17, "dvar2": 6.29412646876e-17, "max": 2.79625221428e-18, "mean": -1.18240235381e-08, "median": -1.09785283087e-08, "min": -6.50847553629e-08, "var": 7.98426888018e-17}, "spectral_energy": {"dmean": 0.0145644219592, "dmean2": 0.0204148497432, "dvar": 0.000418150331825, "dvar2": 0.000964681385085, "max": 0.247651413083, "mean": 0.0467322915792, "median": 0.0433083176613, "min": 1.06992395267e-20, "var": 0.00122343795374}, "spectral_energyband_high": {"dmean": 0.00115536549129, "dmean2": 0.00173315813299, "dvar": 5.18248361914e-06, "dvar2": 1.21541834233e-05, "max": 0.0183226820081, "mean": 0.00114730210043, "median": 8.01181231509e-05, "min": 7.59806105426e-21, "var": 5.6625463003e-06}, "spectral_energyband_low": {"dmean": 0.0101387621835, "dmean2": 0.0147014791146, "dvar": 0.000326288951328, "dvar2": 0.000785849930253, "max": 0.241314411163, "mean": 0.0306674484164, "median": 0.0261320769787, "min": 5.38883947893e-23, "var": 0.00087348773377}, "spectral_energyband_middle_high": {"dmean": 0.00191234634258, "dmean2": 0.0026980380062, "dvar": 1.06548914118e-05, "dvar2": 2.00505019166e-05, "max": 0.0396327860653, "mean": 0.00387106463313, "median": 0.00206367135979, "min": 1.62568071646e-21, "var": 2.39569599216e-05}, "spectral_energyband_middle_low": {"dmean": 0.00527666509151, "dmean2": 0.0075243092142, "dvar": 9.8620846984e-05, "dvar2": 0.000206453027204, "max": 0.159740239382, "mean": 0.0124898208305, "median": 0.00835987925529, "min": 4.43969200897e-22, "var": 0.000215704159928}, "spectral_entropy": {"dmean": 0.364719897509, "dmean2": 0.470658570528, "dvar": 0.208120450377, "dvar2": 0.382305592299, "max": 9.8048658371, "mean": 6.94735956192, "median": 6.95950508118, "min": 3.45478892326, "var": 0.937381982803}, "spectral_flux": {"dmean": 0.0343109704554, "dmean2": 0.0517470501363, "dvar": 0.00181077676825, "dvar2": 0.00390938064083, "max": 0.388872265816, "mean": 0.0750196203589, "median": 0.0592658370733, "min": 1.03437126919e-10, "var": 0.00349763594568}, "spectral_kurtosis": {"dmean": 4.90184879303, "dmean2": 7.60219049454, "dvar": 57.3327026367, "dvar2": 141.417602539, "max": 121.635429382, "mean": 11.10896492, "median": 6.4844250679, "min": -1.16436314583, "var": 170.627929688}, "spectral_rms": {"dmean": 0.000986560364254, "dmean2": 0.00132213498, "dvar": 1.5528601125e-06, "dvar2": 3.21511811308e-06, "max": 0.0155438454822, "mean": 0.00609677704051, "median": 0.00650015519932, "min": 3.23083313575e-12, "var": 8.4217690528e-06}, "spectral_rolloff": {"dmean": 546.232727051, "dmean2": 959.854980469, "dvar": 2373084.5, "dvar2": 6047492, "max": 20133.5449219, "mean": 1184.78808594, "median": 516.796875, "min": 43.06640625, "var": 6253544.5}, "spectral_skewness": {"dmean": 0.501511931419, "dmean2": 0.742515683174, "dvar": 0.380002319813, "dvar2": 0.84129345417, "max": 8.47576808929, "mean": 2.35396909714, "median": 2.07182407379, "min": -0.0380589030683, "var": 1.28187036514}, "spectral_spread": {"dmean": 1166472.5, "dmean2": 1502962.375, "dvar": 2142695981060.0, "dvar2": 3456014221310.0, "max": 39392612, "mean": 5028586, "median": 4611466, "min": 653667, "var": 7512633376770.0}, "spectral_strongpeak": {"dmean": 0.264520823956, "dmean2": 0.44906976819, "dvar": 0.223098486662, "dvar2": 0.563359737396, "max": 11.2954845428, "mean": 0.6528647542, "median": 0.510476708412, "min": 0, "var": 0.356895029545}, "zerocrossingrate": {"dmean": 0.015474894084, "dmean2": 0.0172021128237, "dvar": 0.000392309128074, "dvar2": 0.000508972851094, "max": 0.5283203125, "mean": 0.0523297265172, "median": 0.03125, "min": 0.00244140625, "var": 0.00446116970852}, "barkbands": {"dmean": [7.296862168e-05, 0.00854515098035, 0.00289105740376, 0.000716195441782, 0.00290235877037, 0.00148778117727, 0.00036760646617, 0.000418650481151, 0.000452507723821, 0.000558959494811, 0.000390810688259, 0.000241170273512, 0.000444164004875, 0.000184070173418, 0.000216128115426, 0.000166880476172, 0.000190082151676, 0.000119753633044, 0.000110542598122, 8.58826897456e-05, 0.000142092787428, 0.000155102126882, 0.000139362367918, 0.00013727042824, 0.000197752509848, 0.000240268331254, 0.00015423122386], "dmean2": [0.000108136606286, 0.0122086759657, 0.00459562940523, 0.00116804731078, 0.00421883445233, 0.00220616837032, 0.000575963989832, 0.000625093001872, 0.000670990440995, 0.000805689720437, 0.000566591217648, 0.000389667984564, 0.000692489673384, 0.000287414848572, 0.000298421189655, 0.000255922466749, 0.000294738507364, 0.000191272221855, 0.000167864331161, 0.000132754299557, 0.000235369312577, 0.000237777174334, 0.000218286164454, 0.000213444916881, 0.000305640714942, 0.000371988280676, 0.000240604422288], "dvar": [1.45424783327e-08, 0.000245145813096, 4.32290944445e-05, 3.05622393171e-06, 5.44934555364e-05, 1.1311551134e-05, 9.04971159343e-07, 8.29159148452e-07, 9.22341314435e-07, 9.97053348328e-07, 7.77893319537e-07, 4.66403918153e-07, 1.44800787893e-06, 2.51164919973e-07, 3.59697281738e-07, 2.54977408076e-07, 4.29049748618e-07, 1.30101128093e-07, 7.9454373747e-08, 3.91995733651e-08, 1.01429662891e-07, 8.62798970047e-08, 9.32798869258e-08, 8.38482847598e-08, 1.76812378072e-07, 2.7824864901e-07, 2.60827334841e-07], "dvar2": [3.50929028059e-08, 0.000587891088799, 0.000112478963274, 7.72445309849e-06, 0.000111979657959, 2.50773919106e-05, 2.09738914236e-06, 1.94878407456e-06, 2.14920851249e-06, 2.09242352867e-06, 1.49842355768e-06, 1.09431800865e-06, 3.06570404973e-06, 5.34703644917e-07, 5.83082908179e-07, 5.31390980996e-07, 1.01587511381e-06, 2.99396873515e-07, 1.49613214262e-07, 9.66918918266e-08, 2.68631765721e-07, 1.94679444121e-07, 2.18738279045e-07, 1.95798691038e-07, 4.36503256651e-07, 6.79185177432e-07, 5.99164025061e-07], "max": [0.00146803015377, 0.222799926996, 0.100142166018, 0.0285434965044, 0.152074560523, 0.0508475378156, 0.0131355281919, 0.0151416892186, 0.0150734102353, 0.0221210215241, 0.0171794909984, 0.0189976505935, 0.0195139981806, 0.00915743224323, 0.015282751061, 0.012036669068, 0.0159083064646, 0.00806218013167, 0.00814598798752, 0.00204388843849, 0.00311527750455, 0.00216794759035, 0.00269563263282, 0.00268415850587, 0.00363348051906, 0.00456702057272, 0.00602610921487], "mean": [0.000118840922369, 0.0211128760129, 0.00833261571825, 0.00154072174337, 0.00542060472071, 0.0025481202174, 0.000543985515833, 0.000839036540128, 0.000832302845083, 0.00125762680545, 0.000676620751619, 0.000293966819299, 0.000708132283762, 0.000276720500551, 0.000290973403025, 0.000218564877287, 0.000242719324888, 0.000139695199323, 0.000139721349115, 9.80547411018e-05, 0.000146986363688, 0.000165729783475, 0.000134379617521, 0.000131781940581, 0.000178627014975, 0.000208855548408, 0.000134058340336], "median": [6.22463121545e-05, 0.0128201693296, 0.00541399978101, 0.000746485777199, 0.00206132605672, 0.00113660050556, 0.000163265794981, 0.000232558959397, 0.000268747098744, 0.000552975689061, 0.000138314935612, 5.62829809496e-05, 9.81767443591e-05, 3.7287689338e-05, 3.49058536813e-05, 3.81171921617e-05, 3.14366916427e-05, 2.02992632694e-05, 2.32857146329e-05, 1.4652230675e-05, 1.26782015286e-05, 1.0268022379e-05, 7.13511053618e-06, 6.87193914928e-06, 6.41519136479e-06, 4.19291791331e-06, 9.58007603913e-07], "min": [9.85690536316e-24, 2.7594584812e-23, 4.26484632203e-24, 3.14787118728e-23, 1.09901816774e-22, 7.74643107354e-23, 1.6925597634e-23, 3.63968935854e-23, 1.51544294591e-22, 5.73469945006e-23, 7.92637213929e-23, 6.3868513915e-23, 1.5815198286e-22, 1.44097068993e-22, 9.06434943346e-23, 1.72279295226e-22, 2.00155557024e-22, 2.24266289109e-22, 3.09206338031e-22, 3.40150006573e-22, 4.6723304978e-22, 5.02902436906e-22, 6.49564427179e-22, 7.59678100438e-22, 1.15222452601e-21, 1.6185493129e-21, 2.3871650938e-21], "var": [2.65501540753e-08, 0.000653636525385, 8.57889172039e-05, 6.50215679343e-06, 0.000127132327179, 1.73292846739e-05, 1.19837545753e-06, 1.929009386e-06, 1.88574426829e-06, 2.99225644085e-06, 1.78916786808e-06, 5.86498913435e-07, 2.56528437603e-06, 4.86656119847e-07, 7.69477537688e-07, 4.35084103856e-07, 6.61843273519e-07, 1.82302329677e-07, 1.35397954182e-07, 4.26493187433e-08, 9.69139364315e-08, 1.04284794133e-07, 9.58877066637e-08, 8.63070397372e-08, 1.67918130956e-07, 2.67869040727e-07, 2.74015349078e-07]}, "erbbands": {"dmean": [0.184181794524, 2.13800477982, 3.52089762688, 2.75203418732, 3.78639626503, 13.4879341125, 11.1519994736, 12.7220115662, 7.73300266266, 6.21002388, 8.54440402985, 12.3934335709, 16.0437469482, 11.8726158142, 16.8224658966, 12.336889267, 21.8474063873, 9.95183944702, 11.0663461685, 10.8283462524, 7.6340713501, 7.7034368515, 8.13539409637, 6.72652816772, 4.54570436478, 3.98417949677, 5.19109725952, 5.56448554993, 5.99586820602, 5.18103504181, 3.69399428368, 3.25547337532, 2.05987334251, 2.10426330566, 1.37933039665, 0.888320207596, 0.475569933653, 0.170906245708, 0.024867746979, 0.00114123884123], "dmean2": [0.236933007836, 3.13905024529, 5.65000295639, 4.31975030899, 5.90513896942, 19.948633194, 15.9840688705, 19.0838241577, 12.0490980148, 9.69653987885, 12.5131025314, 18.0008068085, 22.8451805115, 17.6276702881, 24.2989368439, 19.5177459717, 34.2211036682, 15.2137041092, 16.106803894, 15.3051633835, 11.5093326569, 11.8741846085, 12.5224943161, 10.3674488068, 7.05228996277, 6.09338617325, 8.47468662262, 8.8893032074, 9.33563137054, 8.08861732483, 5.79601764679, 5.08320426941, 3.20982575417, 3.23289394379, 2.13347697258, 1.41177880764, 0.737369775772, 0.264913707972, 0.0385312139988, 0.0017491230974], "dvar": [0.116634041071, 16.0299663544, 58.5143318176, 40.4030647278, 84.1649246216, 1504.33825684, 456.772674561, 1059.54760742, 522.74987793, 209.86517334, 334.124755859, 686.799072266, 1004.18237305, 739.512145996, 1391.38818359, 1057.84411621, 3549.84838867, 671.005737305, 806.420959473, 1205.87426758, 424.895019531, 547.100646973, 659.654968262, 373.763763428, 105.870452881, 79.2887191772, 134.864501953, 143.41418457, 132.31842041, 107.471389771, 68.9185409546, 51.7318191528, 18.1907539368, 19.1514759064, 8.29749298096, 3.91154718399, 1.14392328262, 0.229853913188, 0.00687952013686, 1.28935689645e-05], "dvar2": [0.19646191597, 40.8847007751, 154.403930664, 99.2206573486, 179.1484375, 3248.39990234, 936.745666504, 2385.73461914, 1202.03051758, 522.218933105, 757.680603027, 1601.12402344, 2079.84960938, 1589.63513184, 2731.85424805, 2552.64916992, 7436.99365234, 1367.29699707, 1525.78845215, 1876.23681641, 953.695678711, 1273.15441895, 1425.58203125, 771.307250977, 242.264511108, 190.290786743, 350.069549561, 362.197662354, 297.977478027, 245.863693237, 166.660812378, 119.137405396, 43.5743675232, 46.472038269, 20.5048236847, 9.69882678986, 2.79665136337, 0.538619756699, 0.0154546517879, 2.96801772492e-05], "max": [6.33219957352, 50.3883895874, 119.907371521, 118.978622437, 222.884613037, 795.860595703, 305.038208008, 596.107666016, 360.911865234, 304.602996826, 351.196533203, 409.410766602, 639.200256348, 804.283874512, 771.030029297, 963.577270508, 978.965881348, 487.680786133, 528.999267578, 1176.41540527, 511.341796875, 576.989868164, 567.075317383, 636.416564941, 260.326690674, 100.01272583, 119.211639404, 113.242134094, 80.816078186, 115.895210266, 70.9120025635, 63.9790267944, 38.6091461182, 37.1937522888, 24.5895748138, 20.7706642151, 10.2904253006, 5.47568321228, 0.999204874039, 0.0427224971354], "mean": [0.479943871498, 5.19494342804, 10.2553567886, 7.7722902298, 7.44688558578, 22.7635707855, 22.4221858978, 20.3435707092, 10.0662183762, 13.2916593552, 17.2626667023, 24.1867694855, 36.7046394348, 24.821723938, 28.6453971863, 17.4836387634, 35.4152183533, 16.533946991, 14.7702198029, 15.138338089, 10.6518497467, 9.96963119507, 10.166217804, 8.40012359619, 5.33033514023, 4.76356077194, 5.39697790146, 5.95002126694, 6.34856987, 5.17215251923, 3.53500461578, 3.1323428154, 1.93640697002, 1.96438729763, 1.23110091686, 0.748822569847, 0.414599776268, 0.149362906814, 0.0219924077392, 0.00106389541179], "median": [0.223404496908, 3.21154499054, 7.08354663849, 4.65767383575, 2.80885219574, 6.36022853851, 11.4343719482, 7.42856884003, 3.22304201126, 3.66215991974, 7.52754306793, 9.8655834198, 14.0817108154, 8.43434906006, 7.96639537811, 5.84473609924, 5.805809021, 3.24638438225, 2.58133459091, 2.33069825172, 2.14288043976, 1.62555074692, 1.36254024506, 1.35877895355, 0.95903813839, 0.766746044159, 0.576559901237, 0.482501864433, 0.365763187408, 0.286296606064, 0.204659342766, 0.144565060735, 0.094442345202, 0.0697934180498, 0.0454869046807, 0.019920643419, 0.00739340763539, 0.00164629728533, 0.000189048849279, 7.21239048289e-05], "min": [8.39322709119e-22, 5.87261924592e-21, 6.58548091288e-21, 6.42990366851e-20, 1.57472971076e-19, 3.96923237319e-19, 9.37042088621e-19, 3.49291334215e-19, 2.47185245076e-19, 4.90909773264e-19, 9.03384729882e-19, 3.21176840382e-18, 2.93060867964e-18, 2.33473485652e-18, 3.34166595208e-18, 2.88593617027e-18, 8.28413690692e-18, 6.55303441408e-18, 6.01482934852e-18, 5.53983080793e-18, 1.21976077942e-17, 1.04334590223e-17, 1.13668909846e-17, 1.7421649582e-17, 1.29032019557e-17, 1.68887831402e-17, 2.19292594879e-17, 1.86399079533e-17, 1.89566321011e-17, 1.77812514641e-17, 1.82551713612e-17, 1.51296479099e-17, 1.32749576025e-17, 1.05563036151e-17, 9.20687259666e-18, 5.38111015122e-18, 3.08330994303e-18, 1.32724076115e-18, 3.73886929344e-19, 3.41542196377e-20], "var": [0.447277635336, 37.4628334045, 114.219688416, 94.0096130371, 219.030349731, 3008.15161133, 1060.23779297, 1491.77685547, 633.399230957, 520.062255859, 720.669494629, 1403.24768066, 3198.76782227, 2001.51000977, 2780.83691406, 1345.7130127, 6333.22119141, 1454.00427246, 1536.91503906, 2682.8269043, 715.321899414, 844.171020508, 1045.96496582, 610.142150879, 135.59223938, 93.6529083252, 135.389251709, 149.246200562, 155.816452026, 118.752876282, 68.0532073975, 53.0795440674, 18.2635707855, 19.1028690338, 7.87536334991, 3.49373197556, 1.10499477386, 0.238387718797, 0.00740027427673, 1.39405638038e-05]}, "gfcc": {"mean": [-61.5630607605, 99.8109741211, -83.7410888672, 12.6072378159, -40.7152290344, 13.3422431946, -20.1218776703, 3.39658522606, -22.8569507599, -0.993048131466, -14.4065999985, 3.1917822361, -6.28866624832], "cov": [[38920.1171875, 1682.06396484, 2493.02539062, 650.139526367, -1536.17883301, 1110.70251465, -840.344726562, 449.960266113, 151.929626465, 214.44833374, -1294.53625488, 567.266601562, -122.54650116], [1682.06396484, 4327.59960938, 108.861846924, -450.947631836, 32.4568824768, -427.968811035, 262.543518066, -117.163841248, 207.783676147, -206.967803955, -53.7250022888, -85.5256195068, 347.774353027], [2493.02539062, 108.861846924, 1659.85241699, 532.106689453, 155.563323975, 411.559417725, 86.5112075806, 319.132263184, 182.463729858, 100.305137634, -225.365081787, 20.0753250122, -19.4813957214], [650.139526367, -450.947631836, 532.106689453, 975.304199219, 298.300933838, 553.36907959, 128.394515991, 216.349685669, 112.61138916, 37.92420578, 25.925037384, -72.1183547974, -102.034187317], [-1536.17883301, 32.4568824768, 155.563323975, 298.300933838, 667.811645508, 231.494827271, 255.097732544, 103.851165771, 70.3131790161, 17.6459751129, 112.402153015, -56.2180633545, -15.677154541], [1110.70251465, -427.968811035, 411.559417725, 553.36907959, 231.494827271, 884.991821289, 245.403182983, 132.902694702, 48.8118133545, 32.1971435547, 46.6037826538, -51.1103820801, -118.170219421], [-840.344726562, 262.543518066, 86.5112075806, 128.394515991, 255.097732544, 245.403182983, 324.190368652, 79.9251937866, 58.7505950928, -19.2283535004, 92.198348999, -63.7617721558, -9.00283622742], [449.960266113, -117.163841248, 319.132263184, 216.349685669, 103.851165771, 132.902694702, 79.9251937866, 226.655609131, 100.847175598, 35.4378089905, -37.3708114624, -0.414551943541, -26.9059257507], [151.929626465, 207.783676147, 182.463729858, 112.61138916, 70.3131790161, 48.8118133545, 58.7505950928, 100.847175598, 162.343109131, 46.9141845703, -14.7012929916, -13.6252851486, 18.620464325], [214.44833374, -206.967803955, 100.305137634, 37.92420578, 17.6459751129, 32.1971435547, -19.2283535004, 35.4378089905, 46.9141845703, 160.865066528, 21.5213890076, 18.5364608765, -13.4840364456], [-1294.53625488, -53.7250022888, -225.365081787, 25.925037384, 112.402153015, 46.6037826538, 92.198348999, -37.3708114624, -14.7012929916, 21.5213890076, 208.50642395, 2.30330133438, -24.8278903961], [567.266601562, -85.5256195068, 20.0753250122, -72.1183547974, -56.2180633545, -51.1103820801, -63.7617721558, -0.414551943541, -13.6252851486, 18.5364608765, 2.30330133438, 125.446609497, 39.919380188], [-122.54650116, 347.774353027, -19.4813957214, -102.034187317, -15.677154541, -118.170219421, -9.00283622742, -26.9059257507, 18.620464325, -13.4840364456, -24.8278903961, 39.919380188, 127.996238708]], "icov": [[5.82562352065e-05, -8.91947274795e-05, 2.70554392046e-05, -5.80627493036e-05, 8.50300275488e-05, -0.000129296386149, 7.62099443818e-05, -4.66912824777e-05, 8.30168501125e-05, -0.000160749070346, 0.00038081308594, -0.000412767112721, 0.000316135410685], [-8.91947274795e-05, 0.000579061510507, -0.000219220586587, 0.000225689305807, -4.56352390756e-05, 0.000364420498954, -0.000527633877937, 0.000538639607839, -0.000853070465382, 0.00080540322233, -0.000714179070201, 0.00106057233643, -0.00136558408849], [2.70554392046e-05, -0.000219220586587, 0.0012700984953, -0.000460655835923, -7.83838477219e-05, -0.000307538371999, -0.000187017591088, -0.000780731730629, 8.71543597896e-05, -0.000875013705809, 0.00176874652971, -0.00106588413473, 0.000547491828911], [-5.80627493036e-05, 0.000225689305807, -0.000460655835923, 0.00249655474909, -0.000667394080665, -0.00111242325511, 0.00151262315921, -0.00123639078811, -0.000788484001532, 0.000979116652161, -0.00165793218184, 0.00196997961029, -0.000729162420612], [8.50300275488e-05, -4.56352390756e-05, -7.83838477219e-05, -0.000667394080665, 0.00262137851678, 0.000100061799458, -0.00160067575052, -0.000187336088857, 0.000150553009007, -0.000417086615926, -0.000201726594241, -0.000272910692729, -9.6921059594e-05], [-0.000129296386149, 0.000364420498954, -0.000307538371999, -0.00111242325511, 0.000100061799458, 0.00294400192797, -0.00265848287381, 0.0011916247895, -5.15114952577e-05, 2.5140154321e-05, -0.000139888201375, -0.000109882632387, 0.000763491145335], [7.62099443818e-05, -0.000527633877937, -0.000187017591088, 0.00151262315921, -0.00160067575052, -0.00265848287381, 0.00903494376689, -0.0034296780359, -0.000197110624867, 0.00154958921485, -0.00360501464456, 0.00329661602154, -0.0015874854289], [-4.66912824777e-05, 0.000538639607839, -0.000780731730629, -0.00123639078811, -0.000187336088857, 0.0011916247895, -0.0034296780359, 0.0104138031602, -0.00476206745952, 0.000197767178179, 0.00233706785366, -0.00267185363919, 0.00241260929033], [8.30168501125e-05, -0.000853070465382, 8.71543597896e-05, -0.000788484001532, 0.000150553009007, -5.15114952577e-05, -0.000197110624867, -0.00476206745952, 0.0120450425893, -0.00389629788697, 0.000707891013008, 0.000873697979841, -0.00155987718608], [-0.000160749070346, 0.00080540322233, -0.000875013705809, 0.000979116652161, -0.000417086615926, 2.5140154321e-05, 0.00154958921485, 0.000197767178179, -0.00389629788697, 0.00936037674546, -0.0036746005062, 0.00120413978584, -0.00110762321856], [0.00038081308594, -0.000714179070201, 0.00176874652971, -0.00165793218184, -0.000201726594241, -0.000139888201375, -0.00360501464456, 0.00233706785366, 0.000707891013008, -0.0036746005062, 0.0123873762786, -0.00672623608261, 0.00534699112177], [-0.000412767112721, 0.00106057233643, -0.00106588413473, 0.00196997961029, -0.000272910692729, -0.000109882632387, 0.00329661602154, -0.00267185363919, 0.000873697979841, 0.00120413978584, -0.00672623608261, 0.0161666031927, -0.00868030823767], [0.000316135410685, -0.00136558408849, 0.000547491828911, -0.000729162420612, -9.6921059594e-05, 0.000763491145335, -0.0015874854289, 0.00241260929033, -0.00155987718608, -0.00110762321856, 0.00534699112177, -0.00868030823767, 0.0162709802389]]}, "melbands": {"dmean": [0.00209439592436, 0.00213261856697, 0.00045895104995, 0.000612847856246, 0.000464829819975, 0.000285865360638, 0.000106392901216, 7.24060228094e-05, 7.35002831789e-05, 7.23000994185e-05, 7.96425447334e-05, 4.81347997265e-05, 5.6100609072e-05, 3.37623096129e-05, 4.37292619608e-05, 3.53868163074e-05, 1.90795926756e-05, 1.75732657226e-05, 1.2306483768e-05, 1.71199717443e-05, 8.15504245111e-06, 7.36760421205e-06, 1.11218651e-05, 5.98077576797e-06, 5.70039537706e-06, 3.53338327841e-06, 3.33888874593e-06, 2.46527065428e-06, 2.94493611364e-06, 3.8264606701e-06, 3.1138815757e-06, 3.60380568054e-06, 2.75370052805e-06, 2.96104349218e-06, 2.02025489671e-06, 2.01961051971e-06, 2.05443438972e-06, 1.4835446791e-06, 1.27789894577e-06, 2.03357399187e-06], "dmean2": [0.00285845645703, 0.00329919648357, 0.000720251875464, 0.000911579234526, 0.000657697906718, 0.000426812184742, 0.000166785073816, 0.000112977861136, 0.000106410006993, 0.000106294646685, 0.000113797890663, 7.22724507796e-05, 8.12290236354e-05, 5.25117393408e-05, 6.85246777721e-05, 5.60692533327e-05, 2.96027719742e-05, 2.60651231656e-05, 1.73299813468e-05, 2.53507223533e-05, 1.26022296172e-05, 1.14486501843e-05, 1.72321360878e-05, 9.50373123487e-06, 8.85247573024e-06, 5.27075962964e-06, 5.56540089747e-06, 3.75493664251e-06, 4.73140562463e-06, 6.47269916954e-06, 4.97218024975e-06, 5.6123703871e-06, 4.37589051216e-06, 4.65899029223e-06, 3.17144690598e-06, 3.21894640365e-06, 3.22120354213e-06, 2.34287517742e-06, 1.96910741579e-06, 3.16133991873e-06], "dvar": [1.47300097524e-05, 1.73135395016e-05, 1.0824136325e-06, 2.84714178633e-06, 9.77869490271e-07, 5.00033422668e-07, 9.63733270964e-08, 2.97504740843e-08, 2.10934931744e-08, 2.3358728285e-08, 2.46352964695e-08, 1.37682967249e-08, 1.60048116982e-08, 7.06755409752e-09, 1.12813527409e-08, 9.7784491615e-09, 3.02035263466e-09, 1.91556703832e-09, 1.15934151168e-09, 3.00791902497e-09, 6.85451584381e-10, 5.13798337209e-10, 1.66140134983e-09, 3.14567372151e-10, 3.08340519783e-10, 6.20102233451e-11, 6.79874906373e-11, 3.10870565401e-11, 4.19246720673e-11, 8.04830230239e-11, 4.48162167099e-11, 4.86975841596e-11, 2.74650111681e-11, 3.82910890495e-11, 2.10026770281e-11, 2.04021868844e-11, 2.13749122568e-11, 1.01405698075e-11, 6.66348660278e-12, 1.90473574413e-11], "dvar2": [3.15918623528e-05, 4.56727502751e-05, 2.6458760658e-06, 5.91127127336e-06, 1.99502414944e-06, 1.12249983886e-06, 2.22147988893e-07, 7.35223366632e-08, 4.77826489487e-08, 5.50990399972e-08, 5.11580751095e-08, 2.9731939577e-08, 3.06606366962e-08, 1.60959157114e-08, 2.53209702095e-08, 2.02656949e-08, 6.16244655305e-09, 3.77402509244e-09, 1.88049109617e-09, 5.67625235703e-09, 1.73943970339e-09, 1.27739385736e-09, 3.65406971348e-09, 7.26120885641e-10, 6.37111197133e-10, 1.23267479557e-10, 1.81456502601e-10, 7.27693183489e-11, 1.05922527693e-10, 2.17012866011e-10, 1.12451076228e-10, 1.11023371052e-10, 6.33455857213e-11, 8.89427143047e-11, 5.17957725321e-11, 4.6975950907e-11, 5.0189834927e-11, 2.47746094473e-11, 1.5778765447e-11, 4.74175664011e-11], "max": [0.063413605094, 0.0518247783184, 0.0198579151183, 0.0364255085588, 0.0168120209128, 0.0116989314556, 0.00477354507893, 0.00371436704881, 0.00245220749639, 0.00221324479207, 0.00313466065563, 0.00356276426464, 0.00248721707612, 0.00215144571848, 0.00166908081155, 0.00156145705841, 0.00109863362741, 0.000766045413911, 0.00100750708953, 0.00114816369023, 0.000916730845347, 0.000687811465468, 0.00103741697967, 0.000293832970783, 0.000601407373324, 0.000219480542, 9.8399221315e-05, 6.37863122392e-05, 6.29935821053e-05, 9.11410388653e-05, 5.94518278376e-05, 5.09881974722e-05, 3.8592981582e-05, 7.22191252862e-05, 3.94980270357e-05, 3.81207864848e-05, 4.59342372778e-05, 3.02087919408e-05, 2.24991999858e-05, 3.74587980332e-05], "mean": [0.00530421966687, 0.00611253734678, 0.00130497687496, 0.00107664312236, 0.0009114985005, 0.000461586168967, 0.000137701033964, 0.00015398816322, 0.000148900799104, 0.0001386567601, 0.000178519039764, 9.63756174315e-05, 9.85287115327e-05, 4.49966646556e-05, 6.87020292389e-05, 5.43110436411e-05, 3.07370573864e-05, 2.26695392485e-05, 1.66629051819e-05, 2.28063090617e-05, 1.09399734356e-05, 9.43645500229e-06, 1.34029960464e-05, 6.84462884237e-06, 6.91824243404e-06, 4.26101087214e-06, 3.37365258929e-06, 2.98512190966e-06, 3.16427122016e-06, 3.62959235645e-06, 3.37016240337e-06, 3.68927180716e-06, 2.94428150482e-06, 2.8459371606e-06, 1.93881010091e-06, 1.9286233055e-06, 1.93132837012e-06, 1.35356026476e-06, 1.22234098399e-06, 1.86254976597e-06], "median": [0.00288648670539, 0.00509881321341, 0.000838696490973, 0.000344173982739, 0.000428091705544, 0.000177908907062, 3.89602391806e-05, 4.20472206315e-05, 7.41453986848e-05, 5.72979006392e-05, 6.60930891172e-05, 2.33123264479e-05, 2.12510640267e-05, 1.2050110854e-05, 1.48106364577e-05, 8.2335436673e-06, 3.96108998757e-06, 3.96871382691e-06, 2.30516707234e-06, 3.1490760648e-06, 2.01388206733e-06, 1.4833235582e-06, 1.2081834484e-06, 1.06883430817e-06, 9.41339465044e-07, 6.6589564085e-07, 4.79474806525e-07, 4.69012661597e-07, 3.54453817408e-07, 2.89007545007e-07, 2.50801690527e-07, 1.95738550701e-07, 1.8133040669e-07, 1.40283049177e-07, 1.08848048797e-07, 8.73244090371e-08, 8.82605775132e-08, 6.49641123118e-08, 5.30010524358e-08, 6.12986355009e-08], "min": [8.32281387166e-24, 5.01221629908e-24, 1.32102489416e-23, 1.79194929548e-23, 3.03008068573e-23, 9.57552341143e-24, 3.40890778518e-24, 5.90337668649e-24, 8.20973618292e-24, 2.21749210665e-23, 1.4568998742e-23, 8.82310156914e-24, 1.16646148374e-23, 8.07465637468e-24, 9.79715546047e-24, 1.63943045475e-23, 1.25106302929e-23, 1.05276201483e-23, 7.57257559636e-24, 7.69887301615e-24, 1.66571530011e-23, 1.22314958059e-23, 7.56642169244e-24, 1.17141986895e-23, 1.51854020315e-23, 7.90640733195e-24, 8.94354327443e-24, 1.18336716736e-23, 1.48368059753e-23, 9.59772353503e-24, 1.13844950631e-23, 1.26497569576e-23, 6.22962786321e-24, 1.13261895647e-23, 1.02286552759e-23, 9.5834782848e-24, 8.88302265464e-24, 8.33169092343e-24, 1.08594978755e-23, 8.15947627693e-24], "var": [4.66401106678e-05, 3.48049870809e-05, 2.3775066893e-06, 6.82496192894e-06, 2.14898977902e-06, 7.11036648227e-07, 1.16487306911e-07, 7.37744159096e-08, 4.4250146658e-08, 4.54503634728e-08, 7.81661952942e-08, 3.81059237498e-08, 3.76168252103e-08, 9.59596935246e-09, 2.03402894527e-08, 1.5722820379e-08, 6.60939702968e-09, 3.44053474599e-09, 2.48534570702e-09, 5.72298608503e-09, 9.8378261093e-10, 7.67276853164e-10, 2.52542142753e-09, 4.05822320193e-10, 4.98181829123e-10, 9.30595114856e-11, 6.0165171456e-11, 3.77842548915e-11, 4.49403431135e-11, 7.19803175397e-11, 4.73746424035e-11, 5.60758245394e-11, 3.15947094875e-11, 4.01918463788e-11, 2.0546305976e-11, 2.0742303708e-11, 2.11952261298e-11, 9.68906725685e-12, 6.89243584082e-12, 1.80824279161e-11]}, "mfcc": {"mean": [-707.352111816, 143.047134399, 18.6515235901, 14.6255960464, 3.2764954567, 10.8684768677, 6.8258895874, 7.71166753769, 3.33189439774, -1.18505871296, -0.508487224579, -3.20873260498, -2.9317240715], "cov": [[18690.421875, -30.7884807587, 1463.96777344, 1165.46020508, 681.201599121, 626.821594238, 88.1038818359, 352.332946777, 627.16973877, 86.1646881104, 207.73739624, 104.269577026, 17.2241954803], [-30.7884807587, 3505.09130859, 40.8499450684, 270.162200928, -52.226650238, -90.6361846924, 73.8344116211, 100.48425293, 181.375137329, -57.3164138794, -69.8714828491, 45.4276046753, -86.7275772095], [1463.96777344, 40.8499450684, 1019.98846436, 340.986846924, 260.032745361, 286.344573975, 135.119903564, 206.248062134, 254.762054443, 112.57220459, 124.706192017, 45.6052627563, 16.2177753448], [1165.46020508, 270.162200928, 340.986846924, 541.365112305, 264.155487061, 126.720062256, 100.967086792, 157.789901733, 213.696075439, 92.5016937256, 67.1087112427, 60.9253959656, 13.5718450546], [681.201599121, -52.226650238, 260.032745361, 264.155487061, 388.494476318, 271.278320312, 165.66973877, 174.050613403, 153.074737549, 103.307952881, 90.503578186, 55.3771362305, 31.7832145691], [626.821594238, -90.6361846924, 286.344573975, 126.720062256, 271.278320312, 499.576293945, 303.314361572, 200.955184937, 113.349472046, 141.555801392, 139.901519775, 50.0821876526, 16.3605918884], [88.1038818359, 73.8344116211, 135.119903564, 100.967086792, 165.66973877, 303.314361572, 335.212280273, 195.672302246, 76.7534561157, 112.423149109, 102.421134949, 58.8785209656, 19.371257782], [352.332946777, 100.48425293, 206.248062134, 157.789901733, 174.050613403, 200.955184937, 195.672302246, 270.042633057, 150.369628906, 80.0129165649, 70.6899032593, 51.6814308167, 21.4710941315], [627.16973877, 181.375137329, 254.762054443, 213.696075439, 153.074737549, 113.349472046, 76.7534561157, 150.369628906, 268.342193604, 95.5827941895, 37.9604911804, 26.6018466949, 3.95481824875], [86.1646881104, -57.3164138794, 112.57220459, 92.5016937256, 103.307952881, 141.555801392, 112.423149109, 80.0129165649, 95.5827941895, 181.626907349, 100.783798218, 17.0118637085, -1.99166953564], [207.73739624, -69.8714828491, 124.706192017, 67.1087112427, 90.503578186, 139.901519775, 102.421134949, 70.6899032593, 37.9604911804, 100.783798218, 171.226165771, 74.4048080444, -6.44866132736], [104.269577026, 45.4276046753, 45.6052627563, 60.9253959656, 55.3771362305, 50.0821876526, 58.8785209656, 51.6814308167, 26.6018466949, 17.0118637085, 74.4048080444, 137.585571289, 53.2606468201], [17.2241954803, -86.7275772095, 16.2177753448, 13.5718450546, 31.7832145691, 16.3605918884, 19.371257782, 21.4710941315, 3.95481824875, -1.99166953564, -6.44866132736, 53.2606468201, 129.332946777]], "icov": [[6.93904003128e-05, 1.00849947557e-05, -3.48218600266e-05, -0.000131996494019, 3.46888955391e-05, -0.000130983476993, 0.000108587599243, 2.22048984142e-05, -8.2988779468e-05, 0.00014271348482, -6.77428179188e-05, 3.09392162308e-05, -7.5497105172e-06], [1.00849947557e-05, 0.000349376001395, 2.44508082687e-05, -0.000227488300879, 0.000229565121117, 7.60040711612e-05, -0.000265913840849, 1.62648593687e-05, -0.000287981325528, 0.000221357287955, 0.000243371585384, -0.000288505747449, 0.000368003733456], [-3.48218600266e-05, 2.44508082687e-05, 0.00164844049141, -0.000560195650905, 0.000182212286745, -0.00078394979937, 0.000542092078831, -0.000299527251627, -0.000930853071623, 0.000568738789298, -0.000985685852356, 0.000594937242568, -0.000360890640877], [-0.000131996494019, -0.000227488300879, -0.000560195650905, 0.004117380362, -0.00236396840774, 0.00147725082934, -0.000570140313357, -3.73313400814e-06, -0.0011156538967, -0.000681101460941, 0.000237873202423, -0.000760501134209, 0.000331960560288], [3.46888955391e-05, 0.000229565121117, 0.000182212286745, -0.00236396840774, 0.00655860919505, -0.00297326175496, 0.000904839311261, -0.00110203237273, -0.000632049923297, 7.21053220332e-05, -0.000127937557409, -0.000183705415111, -0.000723964185454], [-0.000130983476993, 7.60040711612e-05, -0.00078394979937, 0.00147725082934, -0.00297326175496, 0.00714223086834, -0.00489438138902, 0.000365978397895, -5.34185637662e-05, -0.000401374039939, -0.00156205054373, 0.00115695258137, -4.76880159113e-05], [0.000108587599243, -0.000265913840849, 0.000542092078831, -0.000570140313357, 0.000904839311261, -0.00489438138902, 0.0100754704326, -0.00468891579658, 0.00204860628583, -0.00230095488951, 0.000555313774385, -0.00146604853217, -1.46182719618e-06], [2.22048984142e-05, 1.62648593687e-05, -0.000299527251627, -3.73313400814e-06, -0.00110203237273, 0.000365978397895, -0.00468891579658, 0.00963557045907, -0.00381420366466, 0.00163023604546, -0.000794830557425, -6.52774906484e-05, -0.000497928471304], [-8.2988779468e-05, -0.000287981325528, -0.000930853071623, -0.0011156538967, -0.000632049923297, -5.34185637662e-05, 0.00204860628583, -0.00381420366466, 0.0091017531231, -0.00445731822401, 0.00310342619196, -0.0014647297794, 0.000951165508013], [0.00014271348482, 0.000221357287955, 0.000568738789298, -0.000681101460941, 7.21053220332e-05, -0.000401374039939, -0.00230095488951, 0.00163023604546, -0.00445731822401, 0.0126907844096, -0.00777112971991, 0.00457586627454, -0.00170350284316], [-6.77428179188e-05, 0.000243371585384, -0.000985685852356, 0.000237873202423, -0.000127937557409, -0.00156205054373, 0.000555313774385, -0.000794830557425, 0.00310342619196, -0.00777112971991, 0.016173850745, -0.00946240592748, 0.00503726815805], [3.09392162308e-05, -0.000288505747449, 0.000594937242568, -0.000760501134209, -0.000183705415111, 0.00115695258137, -0.00146604853217, -6.52774906484e-05, -0.0014647297794, 0.00457586627454, -0.00946240592748, 0.015205303207, -0.00668142316863], [-7.5497105172e-06, 0.000368003733456, -0.000360890640877, 0.000331960560288, -0.000723964185454, -4.76880159113e-05, -1.46182719618e-06, -0.000497928471304, 0.000951165508013, -0.00170350284316, 0.00503726815805, -0.00668142316863, 0.0112043311819]]}, "spectral_contrast_coeffs": {"dmean": [0.0447395071387, 0.0453287214041, 0.043420471251, 0.0352572984993, 0.0236140489578, 0.0187770500779], "dmean2": [0.0711404904723, 0.0726332515478, 0.0659462362528, 0.0538638792932, 0.0370128825307, 0.0301977992058], "dvar": [0.00173843617085, 0.00189270963892, 0.0016068900004, 0.00104088301305, 0.000522316840943, 0.000355239637429], "dvar2": [0.00405460363254, 0.00468917237595, 0.003619346302, 0.00217426591553, 0.00109414197505, 0.000851257645991], "max": [-0.234570637345, -0.375400990248, -0.43660351634, -0.487375020981, -0.512590706348, -0.589544057846], "mean": [-0.624601900578, -0.67708081007, -0.689142823219, -0.751250803471, -0.801663994789, -0.790608525276], "median": [-0.629328966141, -0.667547106743, -0.684934139252, -0.761155247688, -0.816667616367, -0.789885282516], "min": [-0.983546674252, -0.962405800819, -0.979689717293, -0.995420336723, -0.959720671177, -0.963479995728], "var": [0.0111840469763, 0.00873656570911, 0.00823687855154, 0.00589871313423, 0.00385332549922, 0.00162666698452]}, "spectral_contrast_valleys": {"dmean": [0.428210258484, 0.488545179367, 0.459129661322, 0.477388381958, 0.513916552067, 0.680804908276], "dmean2": [0.64040094614, 0.744507372379, 0.677459716797, 0.649409115314, 0.655700147152, 0.798845887184], "dvar": [0.275677412748, 0.302159428596, 0.270531088114, 0.296680957079, 0.405976831913, 0.672424614429], "dvar2": [0.47076806426, 0.632711350918, 0.516574203968, 0.525686144829, 0.725103259087, 1.20505058765], "max": [-5.03395080566, -4.86494112015, -5.20480918884, -6.03212213516, -5.87047672272, -7.53473901749], "mean": [-7.57499837875, -7