{"lowlevel": {"average_loudness": 0.702098250389, "barkbands_crest": {"dmean": 2.38141751289, "dmean2": 3.89039063454, "dvar": 5.99460220337, "dvar2": 16.0582141876, "max": 26.227394104, "mean": 11.2175645828, "median": 10.3039073944, "min": 2.6132349968, "var": 21.7439880371}, "barkbands_flatness_db": {"dmean": 0.019810648635, "dmean2": 0.030219361186, "dvar": 0.000503870425746, "dvar2": 0.00127989274915, "max": 0.372352421284, "mean": 0.154095947742, "median": 0.147505119443, "min": 0.0264360643923, "var": 0.00335986213759}, "barkbands_kurtosis": {"dmean": 3.48453164101, "dmean2": 5.53594923019, "dvar": 67.5049972534, "dvar2": 179.501190186, "max": 234.844650269, "mean": 7.8114233017, "median": 4.05289936066, "min": -1.96726822853, "var": 262.522918701}, "barkbands_skewness": {"dmean": 0.490287333727, "dmean2": 0.757887542248, "dvar": 0.450751036406, "dvar2": 1.14594972134, "max": 13.6839675903, "mean": 1.91734886169, "median": 1.76326978207, "min": -5.71103334427, "var": 2.29240179062}, "barkbands_spread": {"dmean": 5.04882001877, "dmean2": 7.53409433365, "dvar": 65.3052444458, "dvar2": 130.73878479, "max": 139.792739868, "mean": 18.5287723541, "median": 14.00111866, "min": 0.63537466526, "var": 290.001586914}, "dissonance": {"dmean": 0.019945025444, "dmean2": 0.0335121378303, "dvar": 0.000310067523969, "dvar2": 0.000854204059578, "max": 0.500000059605, "mean": 0.454829901457, "median": 0.459409564734, "min": 0.311106324196, "var": 0.000773917476181}, "dynamic_complexity": 4.77879476547, "erbbands_crest": {"dmean": 2.56866359711, "dmean2": 4.06211233139, "dvar": 6.56471681595, "dvar2": 15.9878749847, "max": 30.9565238953, "mean": 9.87723445892, "median": 8.92286968231, "min": 2.41744399071, "var": 21.6006565094}, "erbbands_flatness_db": {"dmean": 0.0160614848137, "dmean2": 0.0222404170781, "dvar": 0.000261592242168, "dvar2": 0.000475740758702, "max": 0.306366711855, "mean": 0.158280879259, "median": 0.15946534276, "min": 0.0346911922097, "var": 0.0016140404623}, "erbbands_kurtosis": {"dmean": 0.950534462929, "dmean2": 1.45956778526, "dvar": 1.94464302063, "dvar2": 4.24864387512, "max": 56.7973556519, "mean": 0.707447290421, "median": -0.0437209606171, "min": -1.80209076405, "var": 7.0943312645}, "erbbands_skewness": {"dmean": 0.351034492254, "dmean2": 0.521469950676, "dvar": 0.120284490287, "dvar2": 0.260709971189, "max": 6.80272102356, "mean": 0.703868329525, "median": 0.661415755749, "min": -3.96302437782, "var": 0.737544953823}, "erbbands_spread": {"dmean": 7.75584220886, "dmean2": 11.278924942, "dvar": 85.7848129272, "dvar2": 170.915283203, "max": 152.106689453, "mean": 39.8263053894, "median": 35.3273582458, "min": 4.73906135559, "var": 409.337463379}, "hfc": {"dmean": 4.88015937805, "dmean2": 6.68434429169, "dvar": 96.5997238159, "dvar2": 183.40687561, "max": 199.030410767, "mean": 15.7296638489, "median": 9.33722782135, "min": 1.06233826688e-16, "var": 390.95111084}, "melbands_crest": {"dmean": 2.71915149689, "dmean2": 4.45037269592, "dvar": 7.88660621643, "dvar2": 20.2132987976, "max": 31.7193508148, "mean": 13.9982662201, "median": 13.2460412979, "min": 1.59207737446, "var": 27.925535202}, "melbands_flatness_db": {"dmean": 0.0232515726238, "dmean2": 0.0352798812091, "dvar": 0.000808765296824, "dvar2": 0.00199915189296, "max": 0.522768318653, "mean": 0.226700082421, "median": 0.221499219537, "min": 0.00290435855277, "var": 0.00688326032832}, "melbands_kurtosis": {"dmean": 7.55333042145, "dmean2": 12.1165866852, "dvar": 423.066436768, "dvar2": 1141.93017578, "max": 476.824371338, "mean": 17.7253189087, "median": 10.7214021683, "min": -1.90555632114, "var": 768.003845215}, "melbands_skewness": {"dmean": 0.64751380682, "dmean2": 0.996992826462, "dvar": 0.770383298397, "dvar2": 1.90737950802, "max": 16.2862930298, "mean": 2.85383868217, "median": 2.55624675751, "min": -0.787701189518, "var": 2.85237312317}, "melbands_spread": {"dmean": 5.39860391617, "dmean2": 8.09793758392, "dvar": 98.3736953735, "dvar2": 190.74357605, "max": 255.210403442, "mean": 19.6479530334, "median": 13.0781726837, "min": 0.601241707802, "var": 632.967285156}, "pitch_salience": {"dmean": 0.0624671839178, "dmean2": 0.101577326655, "dvar": 0.0042928783223, "dvar2": 0.0113488994539, "max": 0.921671748161, "mean": 0.525874316692, "median": 0.532868623734, "min": 0.0800507441163, "var": 0.0149911446497}, "silence_rate_20dB": {"dmean": 0, "dmean2": 0, "dvar": 0, "dvar2": 0, "max": 1, "mean": 1, "median": 1, "min": 1, "var": 0}, "silence_rate_30dB": {"dmean": 0.00132802128792, "dmean2": 0.00265639531426, "dvar": 0.00132626574486, "dvar2": 0.00397770293057, "max": 1, "mean": 0.999336063862, "median": 1, "min": 0, "var": 0.000663499871735}, "silence_rate_60dB": {"dmean": 0.017795484513, "dmean2": 0.0355956964195, "dvar": 0.0174813009799, "dvar2": 0.0399136319757, "max": 1, "mean": 0.149780899286, "median": 0, "min": 0, "var": 0.127364501357}, "spectral_centroid": {"dmean": 203.177047729, "dmean2": 309.35824585, "dvar": 102285.851562, "dvar2": 215536.640625, "max": 11796.5703125, "mean": 1198.88012695, "median": 866.642822266, "min": 186.743270874, "var": 2313349.75}, "spectral_complexity": {"dmean": 2.56706500053, "dmean2": 3.93066811562, "dvar": 14.3549127579, "dvar2": 29.0662918091, "max": 54, "mean": 13.9260387421, "median": 13, "min": 0, "var": 83.5744400024}, "spectral_decrease": {"dmean": 1.93482518895e-09, "dmean2": 3.05563929714e-09, "dvar": 1.3488532328e-17, "dvar2": 3.43741918038e-17, "max": 3.82799653087e-10, "mean": -5.67222624426e-09, "median": -4.08544309494e-09, "min": -3.6992563679e-08, "var": 3.10279285887e-17}, "spectral_energy": {"dmean": 0.00759413279593, "dmean2": 0.0119125191122, "dvar": 0.000199320304091, "dvar2": 0.000503314309753, "max": 0.142715677619, "mean": 0.0228350106627, "median": 0.0166996475309, "min": 9.75796615075e-21, "var": 0.000486467179144}, "spectral_energyband_high": {"dmean": 0.000406809092965, "dmean2": 0.00053973501781, "dvar": 1.19196283777e-06, "dvar2": 2.13546968553e-06, "max": 0.022247871384, "mean": 0.000743278302252, "median": 0.000139949595905, "min": 6.78325503136e-21, "var": 3.3191656712e-06}, "spectral_energyband_low": {"dmean": 0.00399376871064, "dmean2": 0.00682592857629, "dvar": 0.000155446352437, "dvar2": 0.000420776836108, "max": 0.118530780077, "mean": 0.00677037192509, "median": 0.00318428152241, "min": 1.56553122733e-23, "var": 0.000143752200529}, "spectral_energyband_middle_high": {"dmean": 0.000831212906633, "dmean2": 0.00119662447833, "dvar": 2.41073507823e-06, "dvar2": 4.98856616105e-06, "max": 0.0392551161349, "mean": 0.00282675703056, "median": 0.00135190482251, "min": 1.16228266664e-21, "var": 1.52203883772e-05}, "spectral_energyband_middle_low": {"dmean": 0.00468313694, "dmean2": 0.00716897659004, "dvar": 6.67005879222e-05, "dvar2": 0.000162995289429, "max": 0.106433734298, "mean": 0.0132723050192, "median": 0.00893413648009, "min": 1.37691291251e-22, "var": 0.000199992282433}, "spectral_entropy": {"dmean": 0.166353791952, "dmean2": 0.232520729303, "dvar": 0.036317717284, "dvar2": 0.0698784589767, "max": 9.81979370117, "mean": 7.37957525253, "median": 7.34155321121, "min": 5.44172668457, "var": 0.390879720449}, "spectral_flux": {"dmean": 0.0206175539643, "dmean2": 0.0323605760932, "dvar": 0.000937491073273, "dvar2": 0.00193593022414, "max": 0.310376793146, "mean": 0.0627038106322, "median": 0.052194878459, "min": 6.31132646145e-11, "var": 0.00258418987505}, "spectral_kurtosis": {"dmean": 1.63551092148, "dmean2": 2.66489839554, "dvar": 4.41645956039, "dvar2": 11.3199663162, "max": 34.6336784363, "mean": 4.98175001144, "median": 4.12251186371, "min": -1.28364813328, "var": 19.5213699341}, "spectral_rms": {"dmean": 0.000655438110698, "dmean2": 0.000988907762803, "dvar": 9.50859885052e-07, "dvar2": 2.2351825919e-06, "max": 0.0117997797206, "mean": 0.00415359344333, "median": 0.00403637671843, "min": 3.08544444334e-12, "var": 5.02571765537e-06}, "spectral_rolloff": {"dmean": 437.559234619, "dmean2": 722.152832031, "dvar": 1240359.25, "dvar2": 2391732.25, "max": 19422.9492188, "mean": 1619.35534668, "median": 624.462890625, "min": 86.1328125, "var": 11077256}, "spectral_skewness": {"dmean": 0.216712638736, "dmean2": 0.336661547422, "dvar": 0.0596549920738, "dvar2": 0.135431855917, "max": 4.94431495667, "mean": 1.6455231905, "median": 1.604855299, "min": -0.253400325775, "var": 0.457420557737}, "spectral_spread": {"dmean": 523438.78125, "dmean2": 711025, "dvar": 691678937088, "dvar2": 1112327847940.0, "max": 42783640, "mean": 5371314.5, "median": 4217163.5, "min": 1414695.375, "var": 29099508629500.0}, "spectral_strongpeak": {"dmean": 0.431243509054, "dmean2": 0.729701757431, "dvar": 1.77266204357, "dvar2": 4.96344804764, "max": 36.9741973877, "mean": 0.841987669468, "median": 0.46988427639, "min": 0, "var": 2.0574464798}, "zerocrossingrate": {"dmean": 0.00980809796602, "dmean2": 0.0112457741052, "dvar": 0.000250284094363, "dvar2": 0.000265531154582, "max": 0.57568359375, "mean": 0.0607612244785, "median": 0.03857421875, "min": 0.0029296875, "var": 0.0070845936425}, "barkbands": {"dmean": [5.29800927325e-05, 0.0029606949538, 0.00123450730462, 0.000587562390137, 0.00183388963342, 0.00236387550831, 0.000582663575187, 0.00104977900628, 0.000613042269833, 0.000394331407733, 0.000215924694203, 0.000109975713713, 0.00017418708012, 0.000101459445432, 0.0001780664752, 0.000107293504698, 0.000115733557323, 9.97138777166e-05, 7.83153955126e-05, 8.10920173535e-05, 6.32223382127e-05, 9.04884000192e-05, 0.000101559904579, 9.15157506824e-05, 4.90349448228e-05, 2.94917226711e-05, 5.66463450014e-06], "dmean2": [8.86507259565e-05, 0.00513801956549, 0.00212556822225, 0.000970762979705, 0.00290450407192, 0.00356358475983, 0.000879944243934, 0.00156130548567, 0.000928314169869, 0.000579683226533, 0.000337855162797, 0.000174205153598, 0.000264654605417, 0.00016055861488, 0.000290730415145, 0.000166777899722, 0.000180785893463, 0.000153967077495, 0.000123105244711, 0.000132862332975, 0.000100055593066, 0.000128218685859, 0.000138164032251, 0.000124501253595, 6.70708614052e-05, 4.53799948446e-05, 8.95785979083e-06], "dvar": [2.88435817453e-08, 9.80515033007e-05, 1.2612131286e-05, 2.09553491004e-06, 2.22671314987e-05, 2.27057516895e-05, 2.11631027014e-06, 8.18125226942e-06, 3.24035909216e-06, 8.60491979893e-07, 5.47054128219e-07, 8.77019701306e-08, 1.16048838095e-07, 6.67089992135e-08, 1.72281517052e-07, 6.03977170499e-08, 1.252885653e-07, 5.86259609747e-08, 2.76538738575e-08, 4.88285216704e-08, 3.31097638195e-08, 6.68878143983e-08, 8.46811687438e-08, 1.3627928297e-07, 4.57780053864e-08, 4.99318169034e-08, 2.90057600161e-09], "dvar2": [7.70656782834e-08, 0.00027020269772, 3.48369758285e-05, 5.87072690905e-06, 5.70162810618e-05, 5.18764572917e-05, 4.87515262648e-06, 1.81780451385e-05, 7.46429122955e-06, 1.79942492196e-06, 1.24137397961e-06, 2.06541102443e-07, 2.51457180411e-07, 1.6378271539e-07, 4.53758815411e-07, 1.26508354015e-07, 2.62491397507e-07, 1.31596877395e-07, 6.29614689274e-08, 1.26941245071e-07, 7.87243763511e-08, 1.33630692289e-07, 1.6032142014e-07, 2.41844162474e-07, 8.78070238741e-08, 1.32793942953e-07, 6.98220326001e-09], "max": [0.00416966108605, 0.097760245204, 0.0524882897735, 0.036257751286, 0.0644623711705, 0.0730318203568, 0.0385907776654, 0.0725700855255, 0.047385815531, 0.0191696118563, 0.0262939799577, 0.0089515587315, 0.006613755133, 0.00679264916107, 0.0107187489048, 0.00698083173484, 0.0152104236186, 0.0069273817353, 0.00414637336507, 0.00454337522388, 0.00318998796865, 0.00528411380947, 0.00536850560457, 0.0108241522685, 0.00892933644354, 0.0103883817792, 0.00353257264942], "mean": [8.08160039014e-05, 0.00425073876977, 0.00186138844583, 0.000997919007204, 0.00300260004587, 0.00500957714394, 0.00113425066229, 0.00165747199208, 0.00108077621553, 0.000820872664917, 0.000375900475774, 0.000183384385309, 0.000327579153236, 0.000176033354364, 0.000289951567538, 0.000195264277863, 0.000218550252612, 0.000198192399694, 0.000163686025189, 0.000139571420732, 9.88011597656e-05, 0.00013885620865, 0.000149198225699, 0.000144516903674, 7.84395233495e-05, 5.16165819135e-05, 9.07896901481e-06], "median": [1.29158415803e-05, 0.00182707724161, 0.000670348003041, 0.000378419761546, 0.00112862279639, 0.00189911539201, 0.000419144023908, 0.000416850030888, 0.000243376533035, 0.000179334834684, 9.33121773414e-05, 4.68430880574e-05, 0.000124935380882, 5.16451073054e-05, 0.000113063171739, 6.95490743965e-05, 7.45375655242e-05, 5.92285941821e-05, 5.5018474086e-05, 5.01242284372e-05, 2.90040279651e-05, 2.48836349783e-05, 1.98605212063e-05, 1.44970554175e-05, 5.6388739722e-06, 1.45378248817e-06, 1.4438832352e-07], "min": [1.33495208553e-25, 2.51167040778e-24, 1.14621006351e-24, 5.13467196626e-25, 6.51440862215e-24, 7.06157122348e-24, 9.09597723373e-24, 5.79647183433e-24, 1.32890435243e-23, 1.0957162011e-23, 5.06093043213e-24, 2.19843038728e-23, 1.1404300205e-23, 2.52472250589e-23, 4.10297727076e-23, 5.62576533212e-23, 6.78198109041e-23, 7.67902764235e-23, 1.08711734902e-22, 1.54892636792e-22, 1.94994261002e-22, 3.30869089578e-22, 4.0074616137e-22, 5.64564399584e-22, 8.65732459561e-22, 1.27981037023e-21, 1.8369328706e-21], "var": [3.74456377017e-08, 7.77633758844e-05, 1.48273093146e-05, 3.84008444598e-06, 2.88851588266e-05, 6.60222940496e-05, 4.82291716253e-06, 1.46898737512e-05, 7.37494110581e-06, 3.13017289955e-06, 1.34484412229e-06, 1.89835560604e-07, 3.29582150016e-07, 1.64208842079e-07, 3.02293784671e-07, 2.03428385248e-07, 3.26646244275e-07, 1.73539632442e-07, 9.28882926132e-08, 7.44202637293e-08, 5.26903143339e-08, 1.30453841507e-07, 1.76140545705e-07, 3.36705198833e-07, 1.15426495029e-07, 1.2771235447e-07, 4.9999346885e-09]}, "erbbands": {"dmean": [0.0557746440172, 0.768273532391, 1.55516803265, 1.61343383789, 3.43487906456, 5.63582611084, 15.1687202454, 21.6581420898, 9.91627979279, 13.9161634445, 19.1448440552, 16.1091098785, 11.3239974976, 9.22391605377, 9.06313419342, 4.94269132614, 8.05675697327, 4.99256515503, 8.38147544861, 7.64860105515, 5.13504981995, 5.18586969376, 5.32790660858, 4.40096139908, 4.02420043945, 3.58052110672, 3.01789569855, 2.68252921104, 2.99232292175, 3.38390350342, 2.89553260803, 2.21772122383, 1.39003813267, 0.652339458466, 0.30259642005, 0.109939716756, 0.063292235136, 0.0143329994753, 0.00127063621767, 5.36971419933e-05], "dmean2": [0.0948532223701, 1.35102057457, 2.70237207413, 2.65229082108, 5.84491682053, 8.73684978485, 23.2104740143, 33.0596885681, 14.4524145126, 21.5291442871, 28.6395435333, 24.4137458801, 16.9106731415, 13.3592414856, 14.1794939041, 7.66457748413, 12.2621889114, 7.79957294464, 13.5543670654, 12.250497818, 7.88958883286, 8.04707241058, 8.2747297287, 6.88531064987, 6.34511566162, 5.80767202377, 4.8620300293, 4.13693857193, 4.25398015976, 4.83915328979, 3.98000955582, 2.98840498924, 1.92627370358, 0.879834890366, 0.423763364553, 0.159137040377, 0.0981403961778, 0.0237066186965, 0.00206893449649, 8.33407539176e-05], "dvar": [0.0297774206847, 6.84844589233, 23.7023773193, 13.0370092392, 174.672454834, 191.572647095, 1248.14294434, 2314.0769043, 636.233093262, 1531.57861328, 3235.13720703, 2226.95996094, 782.781616211, 637.257263184, 718.571166992, 166.919937134, 249.796081543, 121.361618042, 506.997436523, 214.053070068, 221.139343262, 204.158233643, 162.939758301, 101.245574951, 88.1317825317, 78.7815704346, 98.1733322144, 63.2219581604, 73.405632019, 107.414291382, 71.0518035889, 76.287689209, 35.2366485596, 7.67176294327, 2.21475815773, 0.421976685524, 0.376250892878, 0.0332893431187, 0.000290063733701, 1.58782569315e-07], "dvar2": [0.0785757303238, 19.1688919067, 65.551902771, 35.5820426941, 483.813018799, 461.875030518, 2960.97412109, 5183.85400391, 1443.13000488, 3428.74194336, 7251.07226562, 5163.50292969, 1720.25891113, 1320.74804688, 1670.93615723, 366.259063721, 535.117919922, 296.319641113, 1326.25292969, 545.469238281, 436.564025879, 451.35760498, 377.838348389, 225.838363647, 205.417556763, 199.555267334, 253.953491211, 143.762619019, 146.602111816, 222.803924561, 137.197235107, 144.236633301, 66.068321228, 13.5903787613, 4.87274837494, 0.977089107037, 0.982689201832, 0.103801243007, 0.000712167529855, 3.75173812017e-07], "max": [2.2035946846, 24.4511089325, 62.0928955078, 71.3787307739, 181.13331604, 226.847351074, 727.725769043, 767.997680664, 689.581298828, 1098.40563965, 1281.18725586, 1358.83129883, 739.278198242, 576.48034668, 806.00012207, 448.334320068, 314.8331604, 249.946258545, 584.657226562, 257.067626953, 651.184692383, 424.890869141, 345.443389893, 315.363800049, 264.131469727, 227.811889648, 186.560409546, 236.945983887, 159.050033569, 169.271881104, 213.672058105, 286.293487549, 210.913513184, 103.921279907, 57.1964378357, 31.0860652924, 35.6982879639, 8.74028015137, 1.15789020061, 0.0166985988617], "mean": [0.0883799642324, 1.05505871773, 2.23231720924, 3.12938189507, 4.70676660538, 9.69303798676, 28.7743663788, 44.6542320251, 23.1968917847, 23.6910533905, 30.3888111115, 29.732000351, 25.1150054932, 18.7658138275, 16.7681922913, 9.737657547, 15.4893884659, 10.0261907578, 13.7176809311, 14.4863882065, 10.9482746124, 10.2100715637, 11.0791301727, 9.17117500305, 8.25901603699, 6.47737598419, 4.83490800858, 4.06770181656, 4.5973033905, 4.98467540741, 4.24005699158, 3.35710144043, 2.16082692146, 1.01140213013, 0.477279096842, 0.192929804325, 0.110204935074, 0.0206050295383, 0.00203728186898, 0.000106322091597], "median": [0.0431403443217, 0.427795559168, 0.863642990589, 1.33091926575, 1.47350776196, 3.50457549095, 9.39182853699, 15.0265512466, 8.97380161285, 9.10166072845, 7.04602336884, 7.31261873245, 6.9513168335, 3.58615207672, 4.63212156296, 3.23810815811, 6.18711709976, 3.38634157181, 3.65727162361, 6.81546020508, 3.98184394836, 3.5138335228, 3.8338534832, 3.10117816925, 2.58171534538, 2.32357287407, 1.66495645046, 0.93283778429, 0.839550435543, 0.772271513939, 0.534245252609, 0.323324292898, 0.228157475591, 0.0803443938494, 0.0329863801599, 0.0102881388739, 0.00202850997448, 0.000294424768072, 3.71481619368e-05, 2.44965776801e-05], "min": [5.22146875394e-23, 6.75610014184e-22, 2.41418639446e-21, 2.07216498263e-21, 1.2602774371e-20, 2.67490661495e-20, 3.93816618357e-20, 4.32125355852e-20, 1.37804335094e-19, 1.54343410776e-19, 2.58245347799e-19, 3.22006652463e-19, 3.58865639612e-19, 7.6047661286e-19, 6.56482742467e-19, 1.22426432291e-18, 8.93123864576e-19, 9.84620069889e-19, 1.50266922546e-18, 2.76342637885e-18, 3.83574279312e-18, 4.15628975614e-18, 4.72855522419e-18, 5.76156732447e-18, 6.39944310435e-18, 8.00695199238e-18, 9.52991309564e-18, 8.73166395219e-18, 1.004408691e-17, 1.03033650187e-17, 1.19391576934e-17, 1.00618754291e-17, 1.06147249002e-17, 8.65361863421e-18, 6.00882443086e-18, 4.435944632e-18, 2.42570052887e-18, 8.80909715651e-19, 2.28219492895e-19, 2.73423969868e-20], "var": [0.0279766023159, 5.19157743454, 23.4873847961, 26.3973770142, 148.877868652, 317.500366211, 2763.81176758, 6843.71533203, 1785.83752441, 2787.46923828, 6039.33447266, 5077.35546875, 3125.54418945, 2300.93823242, 1873.66101074, 441.864929199, 704.267456055, 327.497680664, 922.27532959, 476.175323486, 716.56817627, 500.913665771, 470.238586426, 303.252044678, 278.471343994, 145.128219604, 117.336959839, 109.96812439, 141.283081055, 182.932403564, 152.660736084, 159.066131592, 86.0737915039, 18.6698493958, 5.02844238281, 1.15479934216, 0.900253117085, 0.0418500266969, 0.000396850897232, 3.85152901572e-07]}, "gfcc": {"mean": [-62.775592804, 106.824119568, -102.438262939, 32.6348457336, -58.8439712524, 7.54204893112, -37.2958297729, 7.19221830368, -13.7998151779, 4.28139829636, -6.92945957184, 1.4328635931, -4.54666233063], "cov": [[36720.5507812, 1257.08959961, -3649.3581543, 1117.94519043, -2521.97631836, 221.842102051, -1276.22924805, 382.44342041, -782.027404785, -143.887329102, -300.427185059, -103.848556519, -329.184692383], [1257.08959961, 1748.18920898, -565.669433594, -16.1967983246, 215.662277222, -155.819488525, 65.3019180298, -47.0277481079, 97.4881362915, 19.0405635834, 69.3873977661, -42.0195350647, 105.183753967], [-3649.3581543, -565.669433594, 1077.93981934, -62.8735923767, 270.87600708, 107.650291443, 51.8236198425, -23.5649356842, 76.8784408569, 52.4317359924, -0.595432221889, 28.0860767365, -18.0740318298], [1117.94519043, -16.1967983246, -62.8735923767, 325.537811279, -74.178894043, 33.9176940918, -34.6147537231, -18.5081253052, -19.9852237701, -21.8197746277, -22.196472168, -18.155670166, -4.9323682785], [-2521.97631836, 215.662277222, 270.87600708, -74.178894043, 449.438323975, 2.49989008904, 146.700775146, -11.519569397, 109.61794281, 24.8408031464, 20.7813663483, 7.25217866898, 18.8298301697], [221.842102051, -155.819488525, 107.650291443, 33.9176940918, 2.49989008904, 190.691070557, 36.0264472961, 8.14478397369, -1.3395447731, 17.3923778534, -18.5039310455, -9.39068889618, -27.3486862183], [-1276.22924805, 65.3019180298, 51.8236198425, -34.6147537231, 146.700775146, 36.0264472961, 214.857772827, 9.65850067139, 37.3509635925, 2.46225881577, 1.9836357832, -0.843420147896, 1.80783259869], [382.44342041, -47.0277481079, -23.5649356842, -18.5081253052, -11.519569397, 8.14478397369, 9.65850067139, 134.702575684, 13.8404922485, 7.13946676254, 12.9428625107, 4.02292013168, -5.13701868057], [-782.027404785, 97.4881362915, 76.8784408569, -19.9852237701, 109.61794281, -1.3395447731, 37.3509635925, 13.8404922485, 119.365272522, 36.708820343, 6.37065696716, 1.87473464012, 15.9715623856], [-143.887329102, 19.0405635834, 52.4317359924, -21.8197746277, 24.8408031464, 17.3923778534, 2.46225881577, 7.13946676254, 36.708820343, 87.9262390137, 21.1094055176, 5.39405488968, -1.28040707111], [-300.427185059, 69.3873977661, -0.595432221889, -22.196472168, 20.7813663483, -18.5039310455, 1.9836357832, 12.9428625107, 6.37065696716, 21.1094055176, 93.0378723145, 28.8751735687, 25.4837188721], [-103.848556519, -42.0195350647, 28.0860767365, -18.155670166, 7.25217866898, -9.39068889618, -0.843420147896, 4.02292013168, 1.87473464012, 5.39405488968, 28.8751735687, 81.9738082886, 32.8910064697], [-329.184692383, 105.183753967, -18.0740318298, -4.9323682785, 18.8298301697, -27.3486862183, 1.80783259869, -5.13701868057, 15.9715623856, -1.28040707111, 25.4837188721, 32.8910064697, 82.0651321411]], "icov": [[0.000123515448649, -0.000200947935809, 0.000221582129598, -0.000228498363867, 0.000346632034052, -0.000359524739906, 0.0004821625771, -0.000425706501119, 0.000324668333633, -0.000143844110426, 0.000403801561333, -0.000481365568703, 0.000553562829737], [-0.000200947935809, 0.00142393424176, 0.000395124137867, 0.000339837890351, -0.00137841573451, 0.000908103189431, -0.000723638571799, 0.00115509191528, -0.000978738651611, -9.14929260034e-05, -0.00122162490152, 0.00183103384916, -0.00198198063299], [0.000221582129598, 0.000395124137867, 0.00216797599569, -0.00028882821789, -0.000754486594815, -0.00115271110553, 0.00132153148297, -0.000210592756048, 0.000103606784251, -0.000776968430728, 0.000525029376149, -0.000785403593909, 0.00070863799192], [-0.000228498363867, 0.000339837890351, -0.00028882821789, 0.00385179300793, -0.000240981535171, -0.000215434891288, -0.000465484510642, 0.001257276861, -0.000872095348313, 0.00107603368815, -0.000486997392727, 0.00142780609895, -0.0013463019859], [0.000346632034052, -0.00137841573451, -0.000754486594815, -0.000240981535171, 0.00579148717225, -0.000675597169902, -0.000954145623837, -0.000829483091366, -0.00152782606892, 0.000444866978796, 0.000745679892134, -0.00174660328776, 0.00216435827315], [-0.000359524739906, 0.000908103189431, -0.00115271110553, -0.000215434891288, -0.000675597169902, 0.00771650159732, -0.00294342334382, 0.000863232824486, -0.000384867016692, -0.00135075731669, -0.000299248174997, 0.00164871127345, -0.000541468383744], [0.0004821625771, -0.000723638571799, 0.00132153148297, -0.000465484510642, -0.000954145623837, -0.00294342334382, 0.00838890951127, -0.00208030478097, 0.000872409320436, 0.00021992137772, 0.00161170586944, -0.0018309840234, 0.00211464776658], [-0.000425706501119, 0.00115509191528, -0.000210592756048, 0.001257276861, -0.000829483091366, 0.000863232824486, -0.00208030478097, 0.00966816861182, -0.00300875632092, 0.000693035719451, -0.00302351941355, 0.00162836897653, -0.00114726473112], [0.000324668333633, -0.000978738651611, 0.000103606784251, -0.000872095348313, -0.00152782606892, -0.000384867016692, 0.000872409320436, -0.00300875632092, 0.014214027673, -0.00542574608698, 0.00297234090976, -0.00070548534859, -0.000949310953729], [-0.000143844110426, -9.14929260034e-05, -0.000776968430728, 0.00107603368815, 0.000444866978796, -0.00135075731669, 0.00021992137772, 0.000693035719451, -0.00542574608698, 0.0152397910133, -0.00411344831809, 2.55611739703e-05, 0.00148098322097], [0.000403801561333, -0.00122162490152, 0.000525029376149, -0.000486997392727, 0.000745679892134, -0.000299248174997, 0.00161170586944, -0.00302351941355, 0.00297234090976, -0.00411344831809, 0.0155635289848, -0.00540302693844, -0.000533823971637], [-0.000481365568703, 0.00183103384916, -0.000785403593909, 0.00142780609895, -0.00174660328776, 0.00164871127345, -0.0018309840234, 0.00162836897653, -0.00070548534859, 2.55611739703e-05, -0.00540302693844, 0.0188992265612, -0.00903157889843], [0.000553562829737, -0.00198198063299, 0.00070863799192, -0.0013463019859, 0.00216435827315, -0.000541468383744, 0.00211464776658, -0.00114726473112, -0.000949310953729, 0.00148098322097, -0.000533823971637, -0.00903157889843, 0.0202193595469]]}, "melbands": {"dmean": [0.000673102738801, 0.000904273008928, 0.000313169090077, 0.000312479009153, 0.000479616719531, 0.000456641224446, 0.000139618088724, 0.000172033745912, 0.000148097940837, 9.80111290119e-05, 5.59779182367e-05, 3.9259546611e-05, 3.07543232339e-05, 1.5554131096e-05, 1.39416133607e-05, 1.71351020981e-05, 9.86233135336e-06, 1.35815689646e-05, 1.03003230834e-05, 1.06875204438e-05, 6.33614536127e-06, 6.1861010181e-06, 5.41692907063e-06, 5.30602756044e-06, 3.78700974579e-06, 3.30562193085e-06, 2.56324847214e-06, 2.52761356023e-06, 2.2968470148e-06, 1.55298209847e-06, 1.66617428476e-06, 1.71133183358e-06, 1.93646792468e-06, 1.89746310753e-06, 1.7110086219e-06, 1.62750905019e-06, 1.2644003391e-06, 1.02817170955e-06, 8.35435969293e-07, 4.78027970985e-07], "dmean2": [0.00116406322923, 0.00157473154832, 0.000521691923495, 0.000505853211507, 0.000733906636015, 0.000692642119247, 0.000204715906875, 0.000263391761109, 0.000222381786443, 0.000147552767885, 8.3869570517e-05, 5.68863215449e-05, 4.7991896281e-05, 2.42824007728e-05, 2.12865397771e-05, 2.60456163232e-05, 1.56405167218e-05, 2.20587025979e-05, 1.68284987012e-05, 1.69180839293e-05, 9.83280460787e-06, 9.67003506958e-06, 8.57452687342e-06, 8.36794424686e-06, 6.06153207627e-06, 5.25805990037e-06, 4.09072799812e-06, 4.16955617766e-06, 3.81251379622e-06, 2.48652258961e-06, 2.57554779637e-06, 2.51899768955e-06, 2.83396616396e-06, 2.75320826404e-06, 2.40890949499e-06, 2.30477030527e-06, 1.71394833615e-06, 1.46436047999e-06, 1.13977728233e-06, 6.50975209737e-07], "dvar": [4.90352886118e-06, 8.63193417899e-06, 5.86753117204e-07, 1.10229484562e-06, 1.13199268981e-06, 9.50622222717e-07, 1.17731708826e-07, 2.46040713137e-07, 1.95586835616e-07, 8.22038970227e-08, 1.94688922761e-08, 1.20501733036e-08, 1.11220259669e-08, 1.44010514624e-09, 7.95964683054e-10, 1.36984523724e-09, 5.66349078746e-10, 1.24162868875e-09, 5.88075144137e-10, 4.53588860916e-10, 4.89549012439e-10, 3.68978042564e-10, 1.36945552121e-10, 1.59758456464e-10, 7.82272510658e-11, 5.7628166128e-11, 4.3415271378e-11, 4.45002437677e-11, 7.32556029726e-11, 2.0765552472e-11, 2.43836322661e-11, 2.30190120437e-11, 3.39270868344e-11, 3.46590048328e-11, 2.57278157112e-11, 3.00792897534e-11, 2.83921029048e-11, 1.96486871912e-11, 1.47171181492e-11, 4.42300189529e-12], "dvar2": [1.33353842102e-05, 2.39268410951e-05, 1.64011726156e-06, 2.91075912173e-06, 2.69254815066e-06, 2.13544217331e-06, 2.679986153e-07, 5.46591081729e-07, 4.41504823812e-07, 1.85791890317e-07, 4.27957687066e-08, 2.48591174312e-08, 2.55817376171e-08, 3.31637717288e-09, 1.76298531329e-09, 3.00261815411e-09, 1.38671796268e-09, 3.22049209522e-09, 1.55116619549e-09, 1.05624742286e-09, 1.00207864229e-09, 7.93300369839e-10, 3.19726717324e-10, 3.91141008471e-10, 1.82380277547e-10, 1.38091482693e-10, 1.03555476694e-10, 1.16038054165e-10, 1.99635252773e-10, 5.04167818605e-11, 5.52396600684e-11, 4.73577080329e-11, 7.1989525452e-11, 7.2839553833e-11, 5.20058544839e-11, 6.00881566726e-11, 5.15774783993e-11, 3.76535400082e-11, 2.80941676173e-11, 7.94760004336e-12], "max": [0.0244222506881, 0.0300810001791, 0.0123601648957, 0.01426010672, 0.0209828298539, 0.0154854562134, 0.00931620877236, 0.0149876242504, 0.00961387902498, 0.00754426652566, 0.0036222958006, 0.00258551049046, 0.00386056583375, 0.000916734861676, 0.000594222277869, 0.000873084645718, 0.000562409404665, 0.000792894745246, 0.000565032591112, 0.000542494526599, 0.0011361768702, 0.000646733329631, 0.00029318628367, 0.000277819723124, 0.000278216932202, 0.000214476604015, 0.000223537994316, 0.000170841958607, 0.000187969300896, 9.04733024072e-05, 0.000176213201485, 0.00011745806114, 0.000104201106296, 9.14162810659e-05, 0.000140756295878, 0.000155839079525, 0.000168557235156, 0.000157172646141, 0.000146758495248, 9.63466591202e-05], "mean": [0.00101693661418, 0.00132406083867, 0.000580642139539, 0.000463468721136, 0.000936719530728, 0.00096952036256, 0.000316787540214, 0.00028267383459, 0.000234198887483, 0.000178461516043, 0.000120612261526, 7.56231092964e-05, 5.40059190826e-05, 2.92777167488e-05, 2.56669063674e-05, 3.19082209899e-05, 1.71347874129e-05, 2.15218242374e-05, 1.74109372892e-05, 1.94060030481e-05, 1.21119092e-05, 1.1241089851e-05, 1.00012575786e-05, 9.89992167888e-06, 6.98343001204e-06, 6.35528294879e-06, 4.84577913085e-06, 4.18745366915e-06, 3.34219475917e-06, 2.33121909332e-06, 2.37687322624e-06, 2.52156178249e-06, 2.8142148949e-06, 2.68813391813e-06, 2.44276475314e-06, 2.30937075685e-06, 1.89947365925e-06, 1.57413808211e-06, 1.20899812828e-06, 7.29320731807e-07], "median": [0.000470029772259, 0.000546854455024, 0.00025205721613, 0.000157616188517, 0.000334351178026, 0.000347523135133, 0.000116910610814, 9.7217860457e-05, 4.99641137139e-05, 4.07523511967e-05, 3.13781456498e-05, 1.15040447781e-05, 1.35872078317e-05, 8.0802865341e-06, 1.07175483208e-05, 1.05594026536e-05, 5.07474169353e-06, 5.06842889081e-06, 7.01567114447e-06, 9.20336333365e-06, 3.54076087206e-06, 3.50327059095e-06, 3.40208589478e-06, 3.06221204482e-06, 2.22169865083e-06, 1.85086605597e-06, 1.56417547714e-06, 1.45868693835e-06, 1.11383860713e-06, 6.46418129691e-07, 4.68223390726e-07, 4.48897253591e-07, 4.67970210138e-07, 3.77376920824e-07, 3.08097042989e-07, 2.35581865127e-07, 1.71230155388e-07, 1.63983386869e-07, 1.07022209761e-07, 5.04993735717e-08], "min": [6.56828663868e-25, 8.27898969015e-25, 4.55869602315e-25, 1.68211256289e-24, 1.48396046565e-24, 9.67939134631e-25, 2.16880148166e-24, 1.42080938918e-24, 1.9544368137e-24, 2.02594192717e-24, 1.63762702012e-24, 2.25977706277e-24, 2.461529817e-24, 2.63605365658e-24, 2.78509531677e-24, 1.17935139204e-24, 1.27219558742e-24, 2.07752593619e-24, 2.35787487456e-24, 3.63896644641e-24, 3.51820091372e-24, 3.81087028171e-24, 3.50632145735e-24, 3.22500064234e-24, 3.34466571407e-24, 3.96323718783e-24, 5.1418273291e-24, 4.61046600613e-24, 3.75238137318e-24, 4.50467857545e-24, 4.86930231318e-24, 5.51428563891e-24, 5.31257508874e-24, 5.45210170591e-24, 6.0616095623e-24, 6.24051769358e-24, 5.4401906951e-24, 6.671002245e-24, 5.5369026755e-24, 6.08572819562e-24], "var": [4.08431833421e-06, 7.50267054173e-06, 9.11559027372e-07, 1.05482467916e-06, 2.51753863267e-06, 2.87364059659e-06, 3.35998947776e-07, 4.36505246171e-07, 3.63490954669e-07, 1.96516097617e-07, 7.65420153925e-08, 4.32460360855e-08, 2.69799542707e-08, 3.75395625696e-09, 1.9020665043e-09, 3.92309784658e-09, 1.30038524393e-09, 2.34114860831e-09, 1.06915420961e-09, 1.20722509767e-09, 1.31368660394e-09, 8.98425223106e-10, 3.59646562531e-10, 3.97220839554e-10, 1.95200064446e-10, 1.73080161314e-10, 1.04242434129e-10, 6.86063775235e-11, 6.74842681736e-11, 3.19335669019e-11, 4.2481983209e-11, 4.37761667194e-11, 5.67595449807e-11, 5.69511729442e-11, 5.24322148199e-11, 5.73064547205e-11, 6.16734996406e-11, 4.76042399944e-11, 3.13662221196e-11, 1.01964513222e-11]}, "mfcc": {"mean": [-691.760314941, 131.811294556, 12.3408241272, 26.2650527954, 4.26606369019, 1.96184003353, -6.72100543976, 0.500223040581, -3.08794331551, 4.18852519989, -1.21868562698, 1.90601408482, 3.05018424988], "cov": [[14830.0927734, -79.2446212769, -495.473419189, -9.27074432373, -620.953125, -415.527648926, -202.243408203, 100.835708618, -379.415008545, 0.0940323024988, -28.1527061462, -247.259811401, -332.892150879], [-79.2446212769, 1766.55981445, -342.027740479, 185.466094971, 110.330177307, 23.9449653625, 13.8246459961, -44.1874542236, 75.2857131958, 25.6773262024, 16.3472042084, 64.0681915283, 104.607406616], [-495.473419189, -342.027740479, 645.852844238, -11.4775733948, 124.769088745, 81.431678772, 2.18810749054, -13.8229999542, 0.0920880362391, 18.7810611725, -8.83724689484, 30.6945724487, -10.2423067093], [-9.27074432373, 185.466094971, -11.4775733948, 254.101852417, 52.9415588379, 28.8064575195, -2.50775241852, 5.97547864914, 21.7877445221, -12.5099525452, -4.8357424736, 10.5210523605, 17.3320999146], [-620.953125, 110.330177307, 124.769088745, 52.9415588379, 228.436523438, 46.9604492188, 5.38448095322, 1.19034385681, 32.348449707, 18.0186500549, 4.28510713577, 37.1055374146, 34.4174728394], [-415.527648926, 23.9449653625, 81.431678772, 28.8064575195, 46.9604492188, 207.75958252, 42.075969696, -2.08954405785, 54.5575904846, -4.73882055283, 14.8249053955, 18.8968029022, 31.0893306732], [-202.243408203, 13.8246459961, 2.18810749054, -2.50775241852, 5.38448095322, 42.075969696, 128.5887146, 45.3432197571, 7.99548959732, 20.3497085571, 17.9925746918, 1.57000732422, -1.21799373627], [100.835708618, -44.1874542236, -13.8229999542, 5.97547864914, 1.19034385681, -2.08954405785, 45.3432197571, 104.594970703, 29.5039634705, 2.54620933533, 3.63655424118, 5.67418479919, 0.032300774008], [-379.415008545, 75.2857131958, 0.0920880362391, 21.7877445221, 32.348449707, 54.5575904846, 7.99548959732, 29.5039634705, 114.164848328, 22.4148788452, 11.3721399307, 17.8332748413, 28.4936981201], [0.0940323024988, 25.6773262024, 18.7810611725, -12.5099525452, 18.0186500549, -4.73882055283, 20.3497085571, 2.54620933533, 22.4148788452, 101.242164612, 31.4984970093, -6.03111600876, -6.27254009247], [-28.1527061462, 16.3472042084, -8.83724689484, -4.8357424736, 4.28510713577, 14.8249053955, 17.9925746918, 3.63655424118, 11.3721399307, 31.4984970093, 82.2152557373, 20.9768276215, -1.44473838806], [-247.259811401, 64.0681915283, 30.6945724487, 10.5210523605, 37.1055374146, 18.8968029022, 1.57000732422, 5.67418479919, 17.8332748413, -6.03111600876, 20.9768276215, 83.5384597778, 32.9647140503], [-332.892150879, 104.607406616, -10.2423067093, 17.3320999146, 34.4174728394, 31.0893306732, -1.21799373627, 0.032300774008, 28.4936981201, -6.27254009247, -1.44473838806, 32.9647140503, 84.5489578247]], "icov": [[9.59756798693e-05, -3.87430736737e-05, 1.21809189295e-05, -4.99080742884e-05, 0.00020329093968, -3.69826884707e-05, 0.000276243779808, -0.000324003049172, 0.000339951569913, -0.000132226574351, -2.71027329291e-05, 9.15344135137e-05, 0.000211943872273], [-3.87430736737e-05, 0.000836627034005, 0.000524934672285, -0.000437659211457, -0.000466820201837, 0.000117929273983, -0.000445176963694, 0.000843767018523, -0.000465013145003, -0.000225802257773, 0.000184793883818, -0.000507368531544, -0.00055347540183], [1.21809189295e-05, 0.000524934672285, 0.002297218889, 8.719222933e-06, -0.00124080164824, -0.000877376296557, 0.00012316791981, 0.000392693997128, 0.000408601335948, -0.000800838752184, 0.000887082598638, -0.00116539059673, 0.000776741944719], [-4.99080742884e-05, -0.000437659211457, 8.719222933e-06, 0.00458230450749, -0.000969579908997, -0.000440946780145, 0.000269091950031, -0.000434583693277, -0.000410415406805, 0.000867434835527, 8.93231772352e-05, 0.000262981950073, 6.9225585321e-05], [0.00020329093968, -0.000466820201837, -0.00124080164824, -0.000969579908997, 0.00650155032054, -0.000471024133731, 0.000730993808247, -0.000918527308386, 0.00035399312037, -0.00138154730666, 0.00035608393955, -0.00114120543003, -0.000806852360256], [-3.69826884707e-05, 0.000117929273983, -0.000877376296557, -0.000440946780145, -0.000471024133731, 0.00731308758259, -0.00333282910287, 0.00266312621534, -0.00394886964932, 0.00234588934109, -0.00137466308661, 0.00060723174829, -0.00160918512847], [0.000276243779808, -0.000445176963694, 0.00012316791981, 0.000269091950031, 0.000730993808247, -0.00333282910287, 0.012076344341, -0.00675455341116, 0.00377162615769, -0.00279365200549, -0.00117044022772, 0.000653283088468, 0.00094965333119], [-0.000324003049172, 0.000843767018523, 0.000392693997128, -0.000434583693277, -0.000918527308386, 0.00266312621534, -0.00675455341116, 0.0150524396449, -0.00619012583047, 0.00203426694497, 0.000555828562938, -0.00142099463847, -9.08034780878e-05], [0.000339951569913, -0.000465013145003, 0.000408601335948, -0.000410415406805, 0.00035399312037, -0.00394886964932, 0.00377162615769, -0.00619012583047, 0.014719972387, -0.00426602363586, 5.32685116923e-05, -0.000446814839961, -0.00169004849158], [-0.000132226574351, -0.000225802257773, -0.000800838752184, 0.000867434835527, -0.00138154730666, 0.00234588934109, -0.00279365200549, 0.00203426694497, -0.00426602363586, 0.0138786993921, -0.00537940580398, 0.00310648512095, 0.000306906644255], [-2.71027329291e-05, 0.000184793883818, 0.000887082598638, 8.93231772352e-05, 0.00035608393955, -0.00137466308661, -0.00117044022772, 0.000555828562938, 5.32685116923e-05, -0.00537940580398, 0.0162437874824, -0.00577210914344, 0.00220826407894], [9.15344135137e-05, -0.000507368531544, -0.00116539059673, 0.000262981950073, -0.00114120543003, 0.00060723174829, 0.000653283088468, -0.00142099463847, -0.000446814839961, 0.00310648512095, -0.00577210914344, 0.0174023658037, -0.00545830931515], [0.000211943872273, -0.00055347540183, 0.000776741944719, 6.9225585321e-05, -0.000806852360256, -0.00160918512847, 0.00094965333119, -9.08034780878e-05, -0.00169004849158, 0.000306906644255, 0.00220826407894, -0.00545830931515, 0.0171187035739]]}, "spectral_contrast_coeffs": {"dmean": [0.0450353249907, 0.0422094389796, 0.0334086455405, 0.0278736427426, 0.0198588892817, 0.0151354093105], "dmean2": [0.0735069513321, 0.0679391771555, 0.0533059984446, 0.0446359328926, 0.0320686772466, 0.0239030979574], "dvar": [0.00163763505407, 0.00134378811345, 0.00079640140757, 0.000535402097739, 0.000303878856357, 0.00024082235177], "dvar2": [0.00421384302899, 0.00332016590983, 0.001984749455, 0.00134507834446, 0.000735984183848, 0.000572122342419], "max": [-0.298029601574, -0.377277731895, -0.478277653456, -0.601951599121, -0.605984151363, -0.594645678997], "mean": [-0.672158658504, -0.686462283134, -0.750879526138, -0.76071023941, -0.78981089592, -0.781422078609], "median": [-0.674800157547, -0.687110602856, -0.754477441311, -0.757697343826, -0.790078878403, -0.775978386402], "min": [-0.979249119759, -0.979739189148, -0.9894323349, -0.971011459827, -0.969476401806, -0.965021193027], "var": [0.008684839122, 0.00768079515547, 0.00507128704339, 0.00284051778726, 0.00246435031295, 0.00240560178645]}, "spectral_contrast_valleys": {"dmean": [0.339534819126, 0.305242925882, 0.291876524687, 0.253810286522, 0.237406879663, 0.306925177574], "dmean2": [0.550586819649, 0.495074719191, 0.474689275026, 0.398348420858, 0.347399115562, 0.373353868723], "dvar": [0.114267386496, 0.100214667618, 0.110862396657, 0.0986249223351, 0.124491281807, 0.1891810745], "dvar2": [0.249045342207, 0.212183088064, 0.233032301068, 0.180823549628, 0.216375932097, 0.307538300753