{"lowlevel": {"average_loudness": 0.0284109078348, "barkbands_crest": {"dmean": 1.93058824539, "dmean2": 3.02787733078, "dvar": 4.73324537277, "dvar2": 11.7761735916, "max": 26.8641452789, "mean": 14.2865552902, "median": 13.5065412521, "min": 3.55084443092, "var": 32.9691772461}, "barkbands_flatness_db": {"dmean": 0.0197774544358, "dmean2": 0.0318434126675, "dvar": 0.000472499348689, "dvar2": 0.00114213430788, "max": 0.642518162727, "mean": 0.3463113904, "median": 0.345346063375, "min": 0.0656116455793, "var": 0.00557736586779}, "barkbands_kurtosis": {"dmean": 7.39801692963, "dmean2": 11.9220075607, "dvar": 819.828063965, "dvar2": 2129.29541016, "max": 604.458007812, "mean": 14.5277442932, "median": 2.48764038086, "min": -1.89605879784, "var": 2130.76586914}, "barkbands_skewness": {"dmean": 0.546476840973, "dmean2": 0.840025186539, "dvar": 0.896220207214, "dvar2": 2.28165912628, "max": 21.9635906219, "mean": 1.34929776192, "median": 0.948848605156, "min": -11.3520641327, "var": 6.59467506409}, "barkbands_spread": {"dmean": 1.18629157543, "dmean2": 1.82574892044, "dvar": 2.92464566231, "dvar2": 6.68982648849, "max": 34.7488746643, "mean": 6.42195558548, "median": 4.92197751999, "min": 0.0532871112227, "var": 28.0629138947}, "dissonance": {"dmean": 0.0389716625214, "dmean2": 0.0669312998652, "dvar": 0.00200830283575, "dvar2": 0.00555830029771, "max": 0.500000178814, "mean": 0.392544090748, "median": 0.413534194231, "min": 0.0640270933509, "var": 0.006720604375}, "dynamic_complexity": 12.1081991196, "erbbands_crest": {"dmean": 2.11910009384, "dmean2": 3.1536488533, "dvar": 5.96170949936, "dvar2": 12.060801506, "max": 34.1061477661, "mean": 16.1737670898, "median": 14.6929445267, "min": 2.29530215263, "var": 54.8389396667}, "erbbands_flatness_db": {"dmean": 0.0133785456419, "dmean2": 0.0206994470209, "dvar": 0.000227657161304, "dvar2": 0.00047735022963, "max": 0.635646522045, "mean": 0.361590832472, "median": 0.372270226479, "min": 0.032326053828, "var": 0.00980863533914}, "erbbands_kurtosis": {"dmean": 1.75345540047, "dmean2": 2.52273535728, "dvar": 13.22290802, "dvar2": 26.276758194, "max": 161.749740601, "mean": 4.34788417816, "median": 1.14884519577, "min": -1.92602026463, "var": 110.926643372}, "erbbands_skewness": {"dmean": 0.315674990416, "dmean2": 0.451698750257, "dvar": 0.141805291176, "dvar2": 0.283522307873, "max": 7.09817171097, "mean": 0.364858835936, "median": 0.388511955738, "min": -9.15011787415, "var": 2.10401177406}, "erbbands_spread": {"dmean": 2.00164890289, "dmean2": 3.04185795784, "dvar": 7.69953346252, "dvar2": 17.9389533997, "max": 108.078201294, "mean": 13.5288724899, "median": 10.8257780075, "min": 0.334419369698, "var": 164.753204346}, "hfc": {"dmean": 3.10131978989, "dmean2": 4.11221694946, "dvar": 196.846878052, "dvar2": 335.274627686, "max": 475.583129883, "mean": 10.0001173019, "median": 3.00294661522, "min": 1.12584429741e-16, "var": 658.350891113}, "melbands_crest": {"dmean": 2.24414086342, "dmean2": 3.53361368179, "dvar": 6.31421804428, "dvar2": 15.7170066833, "max": 36.712928772, "mean": 16.2563819885, "median": 15.2956647873, "min": 1.00032496452, "var": 39.0425796509}, "melbands_flatness_db": {"dmean": 0.0214161332697, "dmean2": 0.0342334136367, "dvar": 0.000653011084069, "dvar2": 0.00153504265472, "max": 0.75090610981, "mean": 0.443740785122, "median": 0.453311353922, "min": 1.59630317853e-07, "var": 0.00802650116384}, "melbands_kurtosis": {"dmean": 6.39040470123, "dmean2": 10.1445150375, "dvar": 735.746826172, "dvar2": 1940.38232422, "max": 798.856079102, "mean": 14.4594812393, "median": 2.93235778809, "min": -1.87170290947, "var": 2671.7746582}, "melbands_skewness": {"dmean": 0.462474435568, "dmean2": 0.705860614777, "dvar": 0.448174148798, "dvar2": 1.11121809483, "max": 20.7432003021, "mean": 1.44884002209, "median": 1.19300353527, "min": -6.75822114944, "var": 5.11277770996}, "melbands_spread": {"dmean": 1.9359484911, "dmean2": 2.95829343796, "dvar": 13.0288438797, "dvar2": 28.3878269196, "max": 150.092956543, "mean": 10.482424736, "median": 7.46839570999, "min": 0.23508490622, "var": 141.288131714}, "pitch_salience": {"dmean": 0.0530170015991, "dmean2": 0.084269836545, "dvar": 0.0034461573232, "dvar2": 0.00856526754797, "max": 0.996097505093, "mean": 0.461900353432, "median": 0.468513518572, "min": 0.0488616786897, "var": 0.0202051904052}, "silence_rate_20dB": {"dmean": 0.000262467190623, "dmean2": 0.000525003299117, "dvar": 0.000262411253061, "dvar2": 0.000524718081579, "max": 1, "mean": 0.999737560749, "median": 1, "min": 0, "var": 0.000262376852334}, "silence_rate_30dB": {"dmean": 0.00971128605306, "dmean2": 0.0194251220673, "dvar": 0.009616705589, "dvar2": 0.019572455436, "max": 1, "mean": 0.976905941963, "median": 1, "min": 0, "var": 0.0225612334907}, "silence_rate_60dB": {"dmean": 0.0228346455842, "dmean2": 0.0456752851605, "dvar": 0.0223114900291, "dvar2": 0.0488367527723, "max": 1, "mean": 0.398635357618, "median": 0, "min": 0, "var": 0.23974737525}, "spectral_centroid": {"dmean": 53.9537010193, "dmean2": 82.6706008911, "dvar": 17970.484375, "dvar2": 37368.1054688, "max": 11479.9042969, "mean": 638.287231445, "median": 531.537353516, "min": 126.884918213, "var": 497468.09375}, "spectral_complexity": {"dmean": 0.935695528984, "dmean2": 1.55952227116, "dvar": 1.87575674057, "dvar2": 4.28156852722, "max": 41, "mean": 8.14184474945, "median": 8, "min": 0, "var": 49.1804580688}, "spectral_decrease": {"dmean": 1.03633734927e-09, "dmean2": 1.43642409078e-09, "dvar": 1.06264989891e-17, "dvar2": 1.87625242442e-17, "max": 2.4219755905e-28, "mean": -4.28183843937e-09, "median": -1.58415680573e-09, "min": -1.24851794681e-07, "var": 5.73564919162e-17}, "spectral_energy": {"dmean": 0.00417570723221, "dmean2": 0.00576461246237, "dvar": 0.000181440205779, "dvar2": 0.000317801197525, "max": 0.508503317833, "mean": 0.0170676633716, "median": 0.00624977611005, "min": 1.02764807634e-20, "var": 0.000944839965086}, "spectral_energyband_high": {"dmean": 1.12546767923e-05, "dmean2": 1.85778117157e-05, "dvar": 1.68236002906e-08, "dvar2": 4.59870115321e-08, "max": 0.00601827446371, "mean": 1.3561842934e-05, "median": 5.00260846081e-08, "min": 7.39004532504e-21, "var": 1.36346312019e-08}, "spectral_energyband_low": {"dmean": 0.00086624053074, "dmean2": 0.00138039444573, "dvar": 8.11122208688e-06, "dvar2": 2.3168984626e-05, "max": 0.0664670616388, "mean": 0.00199208268896, "median": 0.000160800060257, "min": 1.97448082267e-23, "var": 2.81877255475e-05}, "spectral_energyband_middle_high": {"dmean": 0.00180969084613, "dmean2": 0.00235768849961, "dvar": 0.000102922938822, "dvar2": 0.000169377075508, "max": 0.348248958588, "mean": 0.0044102682732, "median": 0.000537340762094, "min": 1.32799394383e-21, "var": 0.000313151889713}, "spectral_energyband_middle_low": {"dmean": 0.00255049206316, "dmean2": 0.0036487323232, "dvar": 4.14583009842e-05, "dvar2": 8.25174865895e-05, "max": 0.218156978488, "mean": 0.0114021329209, "median": 0.00467371474952, "min": 1.50666727855e-22, "var": 0.000295765319606}, "spectral_entropy": {"dmean": 0.128122419119, "dmean2": 0.200058668852, "dvar": 0.0303203724325, "dvar2": 0.0718144997954, "max": 9.82981586456, "mean": 5.82626581192, "median": 5.7871427536, "min": 3.29806900024, "var": 0.569518089294}, "spectral_flux": {"dmean": 0.0115305064246, "dmean2": 0.0190743859857, "dvar": 0.000612734642345, "dvar2": 0.00156220700592, "max": 0.467816382647, "mean": 0.0291614495218, "median": 0.0173046793789, "min": 6.50543854896e-11, "var": 0.00144071795512}, "spectral_kurtosis": {"dmean": 25.8669204712, "dmean2": 45.0958213806, "dvar": 873.339233398, "dvar2": 2420.92333984, "max": 524.753723145, "mean": 86.0123901367, "median": 69.9696655273, "min": -1.26230323315, "var": 4672.55615234}, "spectral_rms": {"dmean": 0.000356489559636, "dmean2": 0.000490933365654, "dvar": 4.79780055684e-07, "dvar2": 8.52611208302e-07, "max": 0.0222733207047, "mean": 0.00301739643328, "median": 0.00246927980334, "min": 3.16635996936e-12, "var": 7.54685606807e-06}, "spectral_rolloff": {"dmean": 79.0998458862, "dmean2": 140.292678833, "dvar": 70251.15625, "dvar2": 150685.96875, "max": 19336.8164062, "mean": 820.094360352, "median": 645.99609375, "min": 64.599609375, "var": 1492205}, "spectral_skewness": {"dmean": 1.36689221859, "dmean2": 2.41698217392, "dvar": 1.87925744057, "dvar2": 5.30837965012, "max": 19.4241790771, "mean": 6.14299583435, "median": 5.60248994827, "min": -0.0330930389464, "var": 10.2811145782}, "spectral_spread": {"dmean": 280598.75, "dmean2": 494838.96875, "dvar": 177616142336, "dvar2": 388991090688, "max": 42244468, "mean": 1643513.375, "median": 1064305.25, "min": 237592.25, "var": 8024588025860.0}, "spectral_strongpeak": {"dmean": 0.430814474821, "dmean2": 0.659138023853, "dvar": 1.50580406189, "dvar2": 2.93497157097, "max": 25.0781440735, "mean": 1.24416458607, "median": 0.64144963026, "min": 0, "var": 4.24369907379}, "zerocrossingrate": {"dmean": 0.00264530535787, "dmean2": 0.003384771524, "dvar": 4.1098533984e-05, "dvar2": 7.70368424128e-05, "max": 0.51806640625, "mean": 0.0296550933272, "median": 0.025390625, "min": 0.001953125, "var": 0.00109973771032}, "barkbands": {"dmean": [5.58291390007e-07, 0.000288607436232, 0.000485000957269, 0.00055319344392, 0.000723055854905, 0.000593752891291, 0.000361500453437, 0.000861153763253, 0.000319870508974, 0.000358917022822, 0.000343090767274, 0.000750555249397, 0.000302753265714, 0.000294540368486, 8.93915421329e-05, 4.57767782791e-05, 5.91693642491e-05, 1.41829141285e-05, 1.06333636722e-05, 8.3062423073e-06, 2.94453775496e-06, 1.93292112272e-06, 4.64388108412e-07, 2.43257687771e-07, 1.13934611079e-07, 3.10686032456e-09, 7.89538934232e-10], "dmean2": [9.83146719591e-07, 0.000495010637678, 0.000807064701803, 0.000841725734062, 0.00110296392813, 0.000901753781363, 0.00053978653159, 0.00122233864386, 0.000461976131191, 0.000537025276572, 0.000438279908849, 0.000918408040889, 0.000448720849818, 0.000449465645943, 0.000126468468807, 7.83466093708e-05, 9.81623816187e-05, 2.15621093957e-05, 1.72159088834e-05, 1.38424493343e-05, 4.4940288717e-06, 3.22219489135e-06, 7.48411309814e-07, 4.05393365099e-07, 1.92844069602e-07, 5.4816680084e-09, 1.46305367821e-09], "dvar": [1.30096922818e-11, 1.34815707042e-06, 2.79425557892e-06, 3.65720234186e-06, 6.64248545945e-06, 3.04398281514e-06, 2.59640660261e-06, 1.14071490316e-05, 3.27289762936e-06, 2.2599449494e-06, 9.13023632165e-06, 5.94645789533e-05, 1.04011360236e-05, 8.0324962255e-06, 5.78573462917e-07, 2.22000537065e-07, 7.34952550374e-07, 1.22622214604e-08, 1.99148164626e-08, 1.20188143882e-08, 6.6937583254e-10, 4.65055605137e-10, 3.04866479284e-11, 1.10920864507e-11, 2.14080901444e-12, 1.8749832382e-15, 1.14002834387e-17], "dvar2": [3.88917960337e-11, 4.24524660048e-06, 8.66920345288e-06, 8.31066881801e-06, 1.41393147715e-05, 6.07874471825e-06, 4.98896224599e-06, 2.37374988501e-05, 5.80001869821e-06, 4.65372204417e-06, 1.35928385134e-05, 8.86566922418e-05, 2.277947533e-05, 1.67627131304e-05, 9.87034809441e-07, 5.62489731237e-07, 1.76819844455e-06, 2.1968086017e-08, 5.26597467854e-08, 3.33124781093e-08, 1.52742318793e-09, 1.224316315e-09, 7.74551742189e-11, 2.96670292499e-11, 5.45054886641e-12, 4.88612310876e-15, 3.49758796726e-17], "max": [0.000141265336424, 0.0249704755843, 0.0396699123085, 0.0581062212586, 0.0991216078401, 0.0970105454326, 0.0945310220122, 0.100280418992, 0.108919523656, 0.0641000494361, 0.183507308364, 0.29486861825, 0.161269128323, 0.101244315505, 0.0423081368208, 0.0202281642705, 0.0467496551573, 0.00697812391445, 0.00753112044185, 0.00485789822415, 0.000991831417195, 0.000910815841053, 0.000272059405688, 0.000146292921272, 6.18103949819e-05, 2.30957516578e-06, 1.77114955591e-07], "mean": [7.25154961856e-07, 0.00055559980683, 0.000892537063919, 0.00135659857187, 0.00254419376142, 0.00246774381958, 0.00108529289719, 0.00265612034127, 0.000810803845525, 0.00100677437149, 0.000854465528391, 0.0014708993258, 0.000547167554032, 0.000400402059313, 0.000200578710064, 7.4519921327e-05, 8.68411225383e-05, 2.59045937128e-05, 1.44549203469e-05, 8.82157564774e-06, 4.31455327998e-06, 2.13196426557e-06, 5.44302679373e-07, 2.28180510931e-07, 9.55647720957e-08, 2.72802735957e-09, 9.30235610763e-10], "median": [1.45727653944e-07, 8.52632183523e-06, 5.78188082727e-05, 0.000110569380922, 0.000459936971311, 0.000448383565526, 0.000143304278026, 0.000154960798682, 0.000101876954432, 8.76634730957e-05, 4.72451356472e-05, 3.5395471059e-05, 1.76966786967e-05, 2.20474466914e-05, 9.85767564998e-06, 3.37961478181e-06, 1.71416775174e-06, 5.68248424315e-07, 1.30812779275e-07, 3.97563262311e-08, 1.1476447348e-08, 2.32951813395e-09, 5.34388477913e-10, 3.66154662146e-10, 3.52490370226e-10, 3.6159575334e-10, 4.25973922802e-10], "min": [2.19879535378e-24, 2.43114664202e-24, 2.94545673652e-24, 5.79681962339e-25, 9.34447236318e-24, 1.5459004237e-23, 4.73504844231e-24, 6.6075762505e-24, 1.11640786487e-23, 2.23001669347e-23, 2.71984314872e-23, 2.74001148217e-23, 5.37936178847e-23, 4.49415382991e-23, 4.83126975122e-23, 6.21107046262e-23, 5.99353165504e-23, 1.12449458845e-22, 1.60463484152e-22, 1.69231969725e-22, 2.8947421311e-22, 4.08702195942e-22, 3.80678145786e-22, 6.26378328427e-22, 9.29632565778e-22, 1.40124658299e-21, 2.02600180171e-21], "var": [9.2920523706e-12, 3.52279448634e-06, 6.1755531533e-06, 1.49762363435e-05, 3.49282272509e-05, 3.71164787794e-05, 9.981783478e-06, 5.88542752666e-05, 1.16689698189e-05, 8.61882563186e-06, 3.83505721402e-05, 0.00016494934971, 2.30847635976e-05, 1.00346414911e-05, 2.18800414586e-06, 2.29298947829e-07, 1.04174182525e-06, 2.75659619575e-08, 1.92525480003e-08, 9.17475340145e-09, 9.0611007586e-10, 4.125812747e-10, 2.83563762749e-11, 8.71799767793e-12, 1.69620903694e-12, 1.39942844842e-15, 6.85596284364e-18]}, "erbbands": {"dmean": [0.00254507083446, 0.0850903689861, 0.466712355614, 1.22456467152, 2.57266306877, 2.17749214172, 4.03048753738, 4.33730697632, 4.5363278389, 8.72518157959, 19.2927837372, 7.68842363358, 11.5066595078, 9.65254688263, 13.8768863678, 38.0137863159, 17.5741062164, 16.7636089325, 4.64533042908, 4.17993927002, 3.03426289558, 2.22280788422, 0.757280826569, 0.538416624069, 0.589571714401, 0.545013785362, 0.171697720885, 0.0841544494033, 0.0573412440717, 0.0388165041804, 0.0121178207919, 0.00599328475073, 0.00355934235267, 0.00182072108146, 0.000386132101994, 5.15795218234e-05, 5.53399604541e-06, 9.05133163087e-07, 2.14307715396e-06, 4.8336933105e-06], "dmean2": [0.00418224278837, 0.144970148802, 0.781125307083, 1.87128901482, 3.96303296089, 3.32842826843, 5.99722957611, 6.75415039062, 7.21420240402, 12.8132286072, 27.1096038818, 10.5989332199, 17.1623878479, 13.8846893311, 17.1892356873, 46.604057312, 25.1651687622, 25.4758377075, 6.43020057678, 6.41837978363, 5.21028184891, 3.7061624527, 1.17951953411, 0.819534540176, 0.958002090454, 0.90827947855, 0.274502068758, 0.128650262952, 0.0932589098811, 0.0675617456436, 0.0189343616366, 0.00968657620251, 0.00589127466083, 0.00309279491194, 0.000652309565339, 8.84280743776e-05, 9.11394818104e-06, 1.44571072269e-06, 2.92249455924e-06, 6.64362642055e-06], "dvar": [0.000107049345388, 0.116179153323, 2.87920045853, 16.589422226, 161.452819824, 35.1250114441, 121.359275818, 195.786010742, 287.022216797, 1976.69152832, 6909.22314453, 2231.40356445, 2254.14672852, 2613.79931641, 9617.87207031, 158071.171875, 28561.4042969, 25800.7714844, 1445.75585938, 2260.27197266, 1187.31860352, 799.013427734, 26.2860126495, 19.0449886322, 88.2734909058, 54.8882141113, 2.69354367256, 0.488126218319, 0.483812510967, 0.1550796628, 0.0271377321333, 0.00545100448653, 0.00239085149951, 0.000617742189206, 2.66943716269e-05, 5.48892387542e-07, 4.3775929548e-09, 3.37297308139e-11, 5.50004278232e-11, 2.59109095291e-10], "dvar2": [0.000296906917356, 0.366791129112, 9.10360908508, 37.1413269043, 340.849395752, 73.8194351196, 284.684509277, 399.781677246, 689.783203125, 4247.96337891, 14160.5214844, 3525.33642578, 4721.31982422, 4949.73583984, 13079.2294922, 235884.15625, 61078.5, 54061.9648438, 2497.61987305, 4082.93603516, 3094.25073242, 1991.09399414, 57.2241249084, 40.638217926, 235.731811523, 152.366088867, 6.56983232498, 1.01472735405, 1.26002085209, 0.41987285018, 0.0701648890972, 0.0140709765255, 0.00636109616607, 0.00156382552814, 6.91735040164e-05, 1.4352827975e-06, 1.18336167532e-08, 8.94543050745e-11, 9.46830114312e-11, 4.50414205933e-10], "max": [0.315670877695, 8.06057929993, 48.3768310547, 132.911254883, 493.849975586, 252.739990234, 299.52734375, 789.869018555, 874.976501465, 2951.45483398, 2680.60913086, 3067.42285156, 1583.60461426, 2382.77685547, 5925.17871094, 15167.9472656, 8356.19238281, 5863.72216797, 2460.47558594, 3051.54614258, 1310.01916504, 1446.37426758, 227.136993408, 199.441513062, 521.288208008, 339.034942627, 64.6353607178, 32.2911643982, 32.6727905273, 14.8214378357, 9.32936954498, 3.17142295837, 2.15154671669, 1.14573895931, 0.214428275824, 0.0403487086296, 0.00296164304018, 0.000317299418384, 0.000264959729975, 0.000595219084062], "mean": [0.00588936172426, 0.167608916759, 0.922159850597, 2.88928365707, 8.2320022583, 7.55651330948, 13.970872879, 19.1238021851, 15.4162769318, 27.7578353882, 56.0402030945, 20.65442276, 32.8564109802, 29.219461441, 34.5014305115, 73.841003418, 32.5042457581, 23.705116272, 10.7454566956, 7.90359830856, 4.71641254425, 3.59571385384, 1.47106742859, 0.874754846096, 0.776262581348, 0.572534024715, 0.22110851109, 0.134549304843, 0.067075252533, 0.0431698560715, 0.0137026747689, 0.00623383140191, 0.0032292844262, 0.00157341442537, 0.000326702720486, 5.05078387505e-05, 9.89663385553e-06, 2.07766947824e-06, 8.56923361425e-06, 1.9495962988e-05], "median": [0.000235832980252, 0.0043801474385, 0.0693441405892, 0.291661679745, 0.797656297684, 1.36411511898, 3.10722875595, 3.10487008095, 2.73153305054, 4.62107372284, 3.78820991516, 3.51147174835, 3.31109952927, 3.1181230545, 3.12697029114, 1.97917461395, 1.1849796772, 1.48840272427, 0.665052950382, 0.396768957376, 0.212919458747, 0.104221709073, 0.0443188659847, 0.019489729777, 0.00730981817469, 0.00285504106432, 0.00103172659874, 0.000268089032033, 0.000106636231067, 4.63412834506e-05, 2.19243629545e-05, 1.54092158482e-05, 1.15855609693e-05, 9.46811996982e-06, 7.15874648449e-06, 4.97263863508e-06, 2.83366398435e-06, 7.15196847523e-07, 3.09879442284e-06, 7.07845856596e-06], "min": [1.16772429227e-22, 8.20762642177e-22, 2.88923161583e-21, 9.11796665573e-21, 6.80629572727e-21, 2.55218144638e-20, 5.44315733086e-20, 1.35552658994e-19, 5.25404057837e-20, 1.68698406524e-19, 3.50304888959e-19, 3.54470544675e-19, 7.3028291784e-19, 6.0695618217e-19, 1.68068779906e-18, 1.57754416694e-18, 2.62348127448e-18, 2.32541563294e-18, 3.05343858995e-18, 4.19276180371e-18, 2.88058203696e-18, 3.78334172849e-18, 6.39382075772e-18, 7.76006918521e-18, 8.92744105957e-18, 9.60555214521e-18, 1.09407192612e-17, 9.35254571997e-18, 1.28178054837e-17, 1.26290867085e-17, 9.91944568098e-18, 1.20672830072e-17, 1.12044385025e-17, 9.50526476774e-18, 7.32153028448e-18, 4.16834549998e-18, 2.30235052874e-18, 8.89620444489e-19, 2.66503479595e-19, 2.7197462665e-20], "var": [0.000510601850692, 0.297060191631, 6.57870531082, 64.3446578979, 666.958740234, 327.533355713, 824.890625, 2431.19458008, 1518.5970459, 7352.75390625, 27266.6054688, 8132.35546875, 7656.5390625, 11714.4511719, 41443.2851562, 436733.34375, 64361.9882812, 32291.953125, 6504.89160156, 3976.21679688, 1286.07714844, 1087.19287109, 52.171421051, 32.7895317078, 80.4474716187, 41.6015739441, 2.79863286018, 0.937399089336, 0.439509004354, 0.138935551047, 0.0230856761336, 0.00476222345605, 0.00189379847143, 0.000496683816891, 2.06294189411e-05, 4.12507347392e-07, 3.38209527051e-09, 4.02395582133e-11, 2.62093430292e-10, 1.29187238684e-09]}, "gfcc": {"mean": [-286.673950195, 216.347702026, -121.144073486, -39.5271339417, -30.8152046204, -23.2701129913, -22.3624744415, -13.7762260437, -13.7314748764, -11.2400846481, -7.45317268372, -11.4942626953, -2.4534676075], "cov": [[36683.5429688, 6015.75976562, -8185.35058594, -509.080108643, 728.753173828, -1908.41381836, -128.863494873, -2197.54858398, -518.899719238, -1646.98620605, -92.3945388794, -1312.37512207, -188.421524048], [6015.75976562, 2434.43603516, -1131.83691406, -1113.07055664, 333.475006104, -638.802490234, -218.416976929, -394.017669678, -170.384429932, -349.033050537, -34.3976364136, -306.59765625, -75.6460647583], [-8185.35058594, -1131.83691406, 2746.43115234, 350.590270996, -335.983520508, 532.702575684, 35.3793411255, 604.361022949, 83.1310882568, 240.405822754, -0.40513086319, 333.053588867, 31.3502731323], [-509.080108643, -1113.07055664, 350.590270996, 1547.9498291, 12.3551807404, 376.008270264, 194.268676758, 12.0007123947, 10.9188013077, 20.2769241333, -63.612903595, 124.383728027, 100.116104126], [728.753173828, 333.475006104, -335.983520508, 12.3551807404, 442.349212646, -87.4829483032, -79.8913497925, -123.497192383, -60.2688980103, -17.2955303192, -13.3378372192, -59.9664802551, -4.05253458023], [-1908.41381836, -638.802490234, 532.702575684, 376.008270264, -87.4829483032, 507.234802246, 135.950622559, 112.109695435, 49.0042114258, 103.18006134, 29.4986953735, 112.582069397, 18.9611682892], [-128.863494873, -218.416976929, 35.3793411255, 194.268676758, -79.8913497925, 135.950622559, 258.115844727, 96.1757049561, 27.7768726349, 41.1777648926, -0.992806494236, -4.45108413696, -18.5819454193], [-2197.54858398, -394.017669678, 604.361022949, 12.0007123947, -123.497192383, 112.109695435, 96.1757049561, 341.549377441, 119.167137146, 113.75756073, 17.208896637, 74.4210891724, -9.97067928314], [-518.899719238, -170.384429932, 83.1310882568, 10.9188013077, -60.2688980103, 49.0042114258, 27.7768726349, 119.167137146, 171.849334717, 96.1165237427, 10.9968967438, 26.0973930359, -7.07004928589], [-1646.98620605, -349.033050537, 240.405822754, 20.2769241333, -17.2955303192, 103.18006134, 41.1777648926, 113.75756073, 96.1165237427, 222.979751587, 59.8171463013, 46.6241493225, -14.5151605606], [-92.3945388794, -34.3976364136, -0.40513086319, -63.612903595, -13.3378372192, 29.4986953735, -0.992806494236, 17.208896637, 10.9968967438, 59.8171463013, 134.52507019, 49.7802276611, -31.5785923004], [-1312.37512207, -306.59765625, 333.053588867, 124.383728027, -59.9664802551, 112.582069397, -4.45108413696, 74.4210891724, 26.0973930359, 46.6241493225, 49.7802276611, 174.577758789, 63.3709030151], [-188.421524048, -75.6460647583, 31.3502731323, 100.116104126, -4.05253458023, 18.9611682892, -18.5819454193, -9.97067928314, -7.07004928589, -14.5151605606, -31.5785923004, 63.3709030151, 124.977027893]], "icov": [[0.000390346540371, -0.000811414502095, 0.000847177696414, -0.000754279550165, 0.000696560950018, -9.151170525e-05, 9.51867987169e-05, 2.0018836949e-05, -0.000422728568083, 0.00111705251038, -0.000934443087317, 0.000741301628295, 3.51436574419e-05], [-0.000811414502095, 0.003307556035, -0.00223457231186, 0.00259602605365, -0.00252697733231, 0.00109963538125, -0.00123597797938, 0.0016152006574, -0.000479624519357, 3.13737837132e-05, 0.000575014040805, 7.28282248019e-05, -0.000959214929026], [0.000847177696414, -0.00223457231186, 0.00322278542444, -0.0020681861788, 0.00230164336972, -0.00125585054047, 0.00181724526919, -0.00262618390843, 0.00121641543228, 0.000920788908843, -0.000142549601151, -0.000368877052097, 0.00142567418516], [-0.000754279550165, 0.00259602605365, -0.0020681861788, 0.00308330077678, -0.00232390593737, 0.000307493814034, -0.00166565633845, 0.00162276637275, -0.00036738810013, -0.000495398882776, 0.00145885231905, -0.000967325817328, -0.0009764340939], [0.000696560950018, -0.00252697733231, 0.00230164336972, -0.00232390593737, 0.00493765063584, -0.000848469790071, 0.00215024640784, -0.00137873343192, 0.00155057955999, -0.000674749200698, -0.000227531345445, 0.000620824692305, 0.000940512982197], [-9.151170525e-05, 0.00109963538125, -0.00125585054047, 0.000307493814034, -0.000848469790071, 0.00424469821155, -0.00250088213943, 0.00228687142953, -0.00157394388225, 0.000611645518802, -0.00124816142488, -3.00641090689e-06, -0.000596432655584], [9.51867987169e-05, -0.00123597797938, 0.00181724526919, -0.00166565633845, 0.00215024640784, -0.00250088213943, 0.00787070766091, -0.00493528088555, 0.00319666974247, -0.00233571813442, 0.00166967976838, -9.0827816166e-05, 0.00187701755203], [2.0018836949e-05, 0.0016152006574, -0.00262618390843, 0.00162276637275, -0.00137873343192, 0.00228687142953, -0.00493528088555, 0.0107959192246, -0.00665206508711, 0.00268786400557, -0.00247340509668, 0.00166616472416, -0.00143146445043], [-0.000422728568083, -0.000479624519357, 0.00121641543228, -0.00036738810013, 0.00155057955999, -0.00157394388225, 0.00319666974247, -0.00665206508711, 0.0131963798776, -0.00758197950199, 0.00509210303426, -0.00389309716411, 0.00242182030343], [0.00111705251038, 3.13737837132e-05, 0.000920788908843, -0.000495398882776, -0.000674749200698, 0.000611645518802, -0.00233571813442, 0.00268786400557, -0.00758197950199, 0.0148188853636, -0.00853989645839, 0.00558095052838, -0.00207404582761], [-0.000934443087317, 0.000575014040805, -0.000142549601151, 0.00145885231905, -0.000227531345445, -0.00124816142488, 0.00166967976838, -0.00247340509668, 0.00509210303426, -0.00853989645839, 0.0174109041691, -0.0110710831359, 0.00734848203138], [0.000741301628295, 7.28282248019e-05, -0.000368877052097, -0.000967325817328, 0.000620824692305, -3.00641090689e-06, -9.0827816166e-05, 0.00166616472416, -0.00389309716411, 0.00558095052838, -0.0110710831359, 0.0179489888251, -0.00930151063949], [3.51436574419e-05, -0.000959214929026, 0.00142567418516, -0.0009764340939, 0.000940512982197, -0.000596432655584, 0.00187701755203, -0.00143146445043, 0.00242182030343, -0.00207404582761, 0.00734848203138, -0.00930151063949, 0.0146536221728]]}, "melbands": {"dmean": [5.03172850586e-05, 0.000197304252652, 0.000244685652433, 0.000167393853189, 0.000122930272482, 0.000101185614767, 7.05672064214e-05, 0.000119764234114, 0.000139706535265, 4.42793316324e-05, 5.78721119382e-05, 3.7907557271e-05, 5.03988812852e-05, 8.30576536828e-05, 6.2925486418e-05, 3.30892289639e-05, 2.97280948871e-05, 6.82554218656e-06, 5.62764580536e-06, 4.20013248004e-06, 4.26792939834e-06, 3.1208553537e-06, 8.62139927449e-07, 8.04864384918e-07, 3.97851522393e-07, 4.37626624716e-07, 2.89076211857e-07, 3.88636806292e-07, 9.36105379878e-08, 7.95024348577e-08, 4.37122942287e-08, 4.01877926492e-08, 3.09678114263e-08, 1.60975588415e-08, 7.35583594036e-09, 4.89699880646e-09, 3.28630056501e-09, 3.23597060259e-09, 1.70478642314e-09, 1.36865141442e-09], "dmean2": [8.62555461936e-05, 0.000331777177053, 0.000373821763787, 0.000260103988694, 0.000182363408385, 0.000156886846526, 0.000110571090772, 0.000174128756044, 0.000193713407498, 6.29609130556e-05, 8.66751288413e-05, 5.5467189668e-05, 6.27318659099e-05, 0.000101552483102, 8.25261231512e-05, 5.00077221659e-05, 4.51207306469e-05, 9.41574853641e-06, 8.31771831145e-06, 6.6745269578e-06, 7.41678650229e-06, 5.17691159985e-06, 1.38970756325e-06, 1.21549089727e-06, 6.04542776728e-07, 7.06761682068e-07, 4.68866517167e-07, 6.58672377085e-07, 1.52566116185e-07, 1.18557096584e-07, 6.79101788137e-08, 6.50227960364e-08, 5.54238077655e-08, 2.72224038866e-08, 1.18197922561e-08, 7.50116857517e-09, 5.58686474861e-09, 5.46956746561e-09, 2.77590350706e-09, 2.37018626947e-09], "dvar": [4.13274925393e-08, 5.16683201113e-07, 7.68681104546e-07, 4.09160406889e-07, 1.03288968489e-07, 1.07492205359e-07, 6.55907541613e-08, 2.37358364075e-07, 3.76866523766e-07, 6.93046331435e-08, 5.65005464637e-08, 3.97054726875e-08, 1.99258238354e-07, 6.80734672187e-07, 2.9301921245e-07, 7.99486841174e-08, 8.14272667071e-08, 3.10664005632e-09, 2.13418838158e-09, 2.40984698863e-09, 3.10861691943e-09, 2.06674388714e-09, 7.107357064e-11, 5.15994920403e-11, 1.31265397857e-11, 5.236854006e-11, 1.05605853923e-11, 3.23382709499e-11, 1.24400045386e-12, 3.86014625212e-13, 1.8283444691e-13, 3.65077434429e-13, 1.43957681062e-13, 2.28953869616e-14, 1.8694894672e-14, 2.43229978903e-15, 2.14919744938e-15, 2.32469399396e-15, 4.3616741362e-16, 4.43651320286e-16], "dvar2": [1.27549398599e-07, 1.62957894645e-06, 1.68784151811e-06, 8.705038681e-07, 2.40591077727e-07, 2.19619934683e-07, 1.49124005588e-07, 5.17327805483e-07, 7.53520964736e-07, 1.1682579526e-07, 1.19396005971e-07, 7.79152031782e-08, 2.75359155921e-07, 1.02557999071e-06, 4.8985276635e-07, 1.6762010091e-07, 1.70994624682e-07, 5.43909672857e-09, 3.80217013429e-09, 4.45457493115e-09, 7.91088172747e-09, 5.11905007272e-09, 1.79001091727e-10, 9.32153798594e-11, 2.9944095814e-11, 1.38510453107e-10, 2.84534843603e-11, 9.04015959313e-11, 2.95475319559e-12, 8.16794494454e-13, 4.0629511474e-13, 9.56272929765e-13, 4.03576830158e-13, 5.85556925756e-14, 4.91720108641e-14, 5.74885157653e-15, 5.77119291755e-15, 6.32378493036e-15, 1.08004451126e-15, 1.13868979028e-15], "max": [0.00503412401304, 0.0204795300961, 0.0271788984537, 0.0247076526284, 0.00911801401526, 0.0201636198908, 0.0115981176496, 0.0285781361163, 0.0199878253043, 0.0167897641659, 0.00789071246982, 0.0105554750189, 0.0279421638697, 0.0304202679545, 0.0190110784024, 0.0114396745339, 0.0102306362242, 0.0034824849572, 0.00243521737866, 0.00303662754595, 0.00241667637601, 0.00239272182807, 0.000355631607817, 0.000455877714558, 0.000170361803612, 0.000411139655625, 0.000142949385918, 0.000271607190371, 5.27462216269e-05, 2.61539044004e-05, 1.92188326764e-05, 2.95589852612e-05, 1.13283904284e-05, 6.10989127381e-06, 8.36152321426e-06, 1.75266188762e-06, 2.0001066332e-06, 2.04514776669e-06, 7.14907457677e-07, 1.04159084913e-06], "mean": [0.000102926227555, 0.000398563686758, 0.000690907472745, 0.000560929009225, 0.000463031348772, 0.00044142731349, 0.00023136936943, 0.000385074992664, 0.000403738609748, 0.000116549359518, 0.000161393356393, 0.000112639558211, 0.000125536054838, 0.000164690398378, 0.000119911972433, 5.52993114979e-05, 4.05472674174e-05, 1.52563543452e-05, 1.214529766e-05, 7.31791033104e-06, 6.03852640779e-06, 4.67850759378e-06, 1.54518204454e-06, 1.35175719151e-06, 6.12869428096e-07, 5.75506192035e-07, 3.63132556913e-07, 3.82830023682e-07, 1.17339972405e-07, 1.16771055048e-07, 6.3375942716e-08, 4.3546815931e-08, 3.19918314062e-08, 1.82210211364e-08, 7.55110285411e-09, 5.74221958871e-09, 3.04773650761e-09, 2.80710921174e-09, 1.49833945251e-09, 1.14275966467e-09], "median": [2.02904038815e-06, 2.21863410843e-05, 6.7772474722e-05, 7.81148773967e-05, 0.000112640831503, 7.11916218279e-05, 3.68618821085e-05, 4.83791518491e-05, 2.70795571851e-05, 1.67487887666e-05, 1.46200418385e-05, 9.8058662843e-06, 9.5755322036e-06, 5.43324085811e-06, 2.24791779146e-06, 2.39853693529e-06, 2.15162572204e-06, 7.92439095676e-07, 7.08841980668e-07, 2.37237316014e-07, 1.51965508621e-07, 9.9441592738e-08, 2.7707669048e-08, 2.66009312355e-08, 1.09558815353e-08, 3.48523876426e-09, 2.86568901942e-09, 1.17416498746e-09, 3.70950159478e-10, 2.7781030254e-10, 7.32669827586e-11, 4.85982816489e-11, 2.18001242058e-11, 1.46341341822e-11, 7.85346614129e-12, 5.92711773759e-12, 4.72219052056e-12, 3.90960657945e-12, 3.54193172188e-12, 3.20025017771e-12], "min": [1.41416994137e-24, 1.84961613206e-24, 1.93957191324e-24, 8.55372036115e-25, 2.6378153802e-24, 2.82808212244e-24, 7.85180178845e-25, 1.83873300701e-24, 3.06512259711e-24, 2.069863533e-24, 3.14423666843e-24, 1.75900973786e-24, 4.3258031819e-24, 3.64369251209e-24, 4.49901337086e-24, 4.76410534489e-24, 2.16983370615e-24, 5.02883247076e-24, 4.42480483107e-24, 4.87972987106e-24, 2.664266478e-24, 3.26736681169e-24, 4.47086641933e-24, 4.79524799571e-24, 5.8127977052e-24, 5.70004581602e-24, 5.97597989433e-24, 5.41579872148e-24, 6.19451448103e-24, 6.77287100914e-24, 4.424700307e-24, 7.05994301457e-24, 6.61221080832e-24, 5.94267970894e-24, 5.24646381172e-24, 6.31792664206e-24, 7.40690218449e-24, 5.98286033915e-24, 6.54334285686e-24, 7.00584056711e-24], "var": [1.28975571556e-07, 1.26249392451e-06, 3.43023111782e-06, 1.92233801499e-06, 8.38460323394e-07, 1.31580054585e-06, 3.46790784533e-07, 1.21430457511e-06, 1.41211114624e-06, 2.51091478276e-07, 1.88475468121e-07, 1.78195293188e-07, 8.68078359417e-07, 1.88432795767e-06, 7.8797745573e-07, 1.51808052351e-07, 1.01535796659e-07, 1.35917854749e-08, 6.01187721827e-09, 4.00490662855e-09, 3.60552920853e-09, 2.80970358091e-09, 9.95771451406e-11, 1.10235744144e-10, 1.97761911014e-11, 4.91452156748e-11, 9.41088439815e-12, 2.35674015026e-11, 1.25138311172e-12, 6.30635951446e-13, 2.99961634307e-13, 3.1874009725e-13, 1.14278148034e-13, 2.32215336099e-14, 1.44474428758e-14, 2.71905919343e-15, 1.64512835422e-15, 1.74548312375e-15, 3.71530461764e-16, 3.43216029692e-16]}, "mfcc": {"mean": [-869.501525879, 199.500289917, -0.298865258694, -13.9980287552, -2.09829592705, -5.01248693466, -7.91609287262, -6.63316631317, -5.29466819763, -4.11205101013, -4.09689807892, -4.51720333099, -3.76902794838], "cov": [[16860.8925781, 7672.62402344, -3356.73071289, 6.93109273911, -126.149879456, -206.989639282, -235.846450806, -210.916656494, -471.342407227, -646.414489746, -585.081787109, -422.426025391, -338.182525635], [7672.62402344, 5117.36767578, -1115.28466797, -684.758605957, -74.8594665527, -380.327270508, -358.37588501, -266.784576416, -355.398406982, -433.956695557, -357.548370361, -256.438293457, -217.791641235], [-3356.73071289, -1115.28466797, 1165.93041992, -56.1795272827, -61.2666664124, -6.06096982956, -22.1881999969, 37.4124031067, 76.3346405029, 86.2546234131, 89.122505188, 60.9260673523, 27.0944480896], [6.93109273911, -684.758605957, -56.1795272827, 695.277709961, 166.867874146, 128.776443481, 168.779693604, 137.385498047, 106.172775269, 53.4206886292, 9.12156009674, 9.91467571259, 27.218963623], [-126.149879456, -74.8594665527, -61.2666664124, 166.867874146, 329.853210449, 132.980789185, 33.3507881165, 16.6722221375, 4.01591300964, -19.9898223877, -55.0713920593, -34.4368362427, 19.636297226], [-206.989639282, -380.327270508, -6.06096982956, 128.776443481, 132.980789185, 313.66607666, 151.172897339, 32.5499191284, 30.4653549194, 26.3028755188, 1.35903584957, -19.9238243103, 5.9545879364], [-235.846450806, -358.37588501, -22.1881999969, 168.779693604, 33.3507881165, 151.172897339, 240.120269775, 105.841156006, 30.8192481995, 52.9536933899, 48.8039283752, 22.2245426178, 13.5430040359], [-210.916656494, -266.784576416, 37.4124031067, 137.385498047, 16.6722221375, 32.5499191284, 105.841156006, 160.173675537, 83.4981307983, 16.0779495239, 33.3944549561, 40.4778366089, 12.0435781479], [-471.342407227, -355.398406982, 76.3346405029, 106.172775269, 4.01591300964, 30.4653549194, 30.8192481995, 83.4981307983, 162.709716797, 91.7166900635, 26.1119766235, 12.0488166809, -1.65684700012], [-646.414489746, -433.956695557, 86.2546234131, 53.4206886292, -19.9898223877, 26.3028755188, 52.9536933899, 16.0779495239, 91.7166900635, 192.687225342, 113.785865784, 6.11266088486, -2.9228014946], [-585.081787109, -357.548370361, 89.122505188, 9.12156009674, -55.0713920593, 1.35903584957, 48.8039283752, 33.3944549561, 26.1119766235, 113.785865784, 200.302886963, 116.059326172, 9.2013463974], [-422.426025391, -256.438293457, 60.9260673523, 9.91467571259, -34.4368362427, -19.9238243103, 22.2245426178, 40.4778366089, 12.0488166809, 6.11266088486, 116.059326172, 213.711303711, 119.391189575], [-338.182525635, -217.791641235, 27.0944480896, 27.218963623, 19.636297226, 5.9545879364, 13.5430040359, 12.0435781479, -1.65684700012, -2.9228014946, 9.2013463974, 119.391189575, 198.689193726]], "icov": [[0.00173609354533, -0.00240601226687, 0.00275868712924, -0.00276321661659, 0.00320613221265, -0.00337903713807, 0.0033050540369, -0.00340066640638, 0.00319012533873, -0.00261139450595, 0.00211851415224, -0.00128490664065, 0.000747399870306], [-0.00240601226687, 0.00375766167417, -0.00348041229881, 0.00413667503744, -0.00454162433743, 0.00504952203482, -0.00456486875191, 0.00477440934628, -0.00424615573138, 0.00406537624076, -0.00273806997575, 0.00187900708988, -0.000726975384168], [0.00275868712924, -0.00348041229881, 0.00560500007123, -0.00403142580763, 0.00515057472512, -0.00529252085835, 0.00571849104017, -0.00577700510621, 0.00508237117901, -0.0041158082895, 0.00334098236635, -0.00201762490906, 0.00131786172278], [-0.00276321661659, 0.00413667503744, -0.00403142580763, 0.00682355929166, -0.00619306741282, 0.0059314481914, -0.00648212200031, 0.00495416577905, -0.00605323119089, 0.00460849143565, -0.00328895705752, 0.00227898964658, -0.0011778002372], [0.00320613221265, -0.00454162433743, 0.00515057472512, -0.00619306741282, 0.0105444854125, -0.00877713598311, 0.00817943736911, -0.00789078418165, 0.00764446146786, -0.00610495684668, 0.00542492093518, -0.00253755529411, 0.00101406127214], [-0.00337903713807, 0.00504952203482, -0.00529252085835, 0.0059314481914, -0.00877713598311, 0.0137638114393, -0.0125736370683, 0.0114280460402, -0.0105130570009, 0.00925880577415, -0.00672185653821, 0.00485992664471, -0.00224840571173], [0.0033050540369, -0.00456486875191, 0.00571849104017, -0.00648212200031, 0.00817943736911, -0.0125736370683, 0.0198321659118, -0.0175153054297, 0.0150425741449, -0.0131072551012, 0.00808763410896, -0.00526320096105, 0.00272894254886], [-0.00340066640638, 0.00477440934628, -0.00577700510621, 0.00495416577905, -0.00789078418165, 0.0114280460402, -0.0175153054297, 0.0275189001113, -0.0214077811688, 0.0181705970317, -0.01278441865, 0.00654308032244, -0.00373334018514], [0.00319012533873, -0.00424615573138, 0.00508237117901, -0.00605323119089, 0.00764446146786, -0.0105130570009, 0.0150425741449, -0.0214077811688, 0.028773792088, -0.0232176408172, 0.0176320876926, -0.0115178339183, 0.00674634007737], [-0.00261139450595, 0.00406537624076, -0.0041158082895, 0.00460849143565, -0.00610495684668, 0.00925880577415, -0.0131072551012, 0.0181705970317, -0.0232176408172, 0.0312549285591, -0.0246339775622, 0.0172370448709, -0.0088914167136], [0.00211851415224, -0.00273806997575, 0.00334098236635, -0.00328895705752, 0.00542492093518, -0.00672185653821, 0.00808763410896, -0.01278441865, 0.0176320876926, -0.0246339775622, 0.0300937481225, -0.0211896300316, 0.0116122113541], [-0.00128490664065, 0.00187900708988, -0.00201762490906, 0.00227898964658, -0.00253755529411, 0.00485992664471, -0.00526320096105, 0.00654308032244, -0.0115178339183, 0.0172370448709, -0.0211896300316, 0.0230278931558, -0.0127956466749], [0.000747399870306, -0.000726975384168, 0.00131786172278, -0.0011778002372, 0.00101406127214, -0.00224840571173, 0.00272894254886, -0.00373334018514, 0.00674634007737, -0.0088914167136, 0.0116122113541, -0.0127956466749, 0.0125738596544]]}, "spectral_contrast_coeffs": {"dmean": [0.0379032641649, 0.0322554633021, 0.0261430200189, 0.0221649501473, 0.0167388617992, 0.0307456925511], "dmean2": [0.0633866935968, 0.053051777184, 0.0413329415023, 0.0355089530349, 0.0272512529045, 0.0538710057735], "dvar": [0.000993964262307, 0.000886780966539, 0.000588681257796, 0.000493710220326, 0.000320235209074, 0.00100333755836], "dvar2": [0.00270266435109, 0.00229008239694, 0.00134762830567, 0.00116840482224, 0.000750530569348, 0.00281352293678], "max": [-0.308656930923, -0.337871968746, -0.399657160044, -0.513879299164, -0.559673130512, -0.59048050642], "mean": [-0.623060703278, -0.684722542763, -0.724626779556, -0.743701100349, -0.752983272076, -0.839793324471], "median": [-0.613504230976, -0.693422198296, -0.720802426338, -0.72905510664, -0.726875245571, -0.871736347675], "min": [-0.975264430046, -0.997101902962, -0.998977839947, -0.987804055214, -0.98849606514, -0.964146673679], "var": [0.0196332167834, 0.0114775607362, 0.00756781408563, 0.00711205787957, 0.00737707922235, 0.00689068809152]}, "spectral_contrast_valleys": {"dmean": [0.398165434599, 0.289568573236, 0.26200196147, 0.257260799408, 0.229497268796, 0.550135433674], "dmean2": [0.674245893955, 0.481568604708, 0.428315550089, 0.419146895409, 0.369961768389, 0.973153114319], "dvar":