{"lowlevel": {"average_loudness": 0.680141210556, "barkbands_crest": {"dmean": 2.11926579475, "dmean2": 3.26240229607, "dvar": 5.26617431641, "dvar2": 11.2283344269, "max": 26.5674610138, "mean": 11.5896072388, "median": 10.8931732178, "min": 1.68805444241, "var": 24.670507431}, "barkbands_flatness_db": {"dmean": 0.0314183831215, "dmean2": 0.0385257937014, "dvar": 0.00104855722748, "dvar2": 0.00202079932205, "max": 0.481249332428, "mean": 0.165050372481, "median": 0.161351203918, "min": 0.012225237675, "var": 0.00599868688732}, "barkbands_kurtosis": {"dmean": 3.52602767944, "dmean2": 5.27767562866, "dvar": 42.3174209595, "dvar2": 97.5602722168, "max": 152.072692871, "mean": 5.62002897263, "median": 2.90014362335, "min": -1.88854062557, "var": 88.0175018311}, "barkbands_skewness": {"dmean": 0.681615114212, "dmean2": 0.970415472984, "dvar": 0.639181852341, "dvar2": 1.41758418083, "max": 9.63928508759, "mean": 1.4462364912, "median": 1.47961592674, "min": -3.22204041481, "var": 2.20961928368}, "barkbands_spread": {"dmean": 10.0149059296, "dmean2": 14.9417591095, "dvar": 197.364685059, "dvar2": 473.643157959, "max": 101.757751465, "mean": 24.9955387115, "median": 14.8484611511, "min": 0.365464180708, "var": 487.214080811}, "dissonance": {"dmean": 0.0236124265939, "dmean2": 0.037643648684, "dvar": 0.000758380512707, "dvar2": 0.00186436413787, "max": 0.499905019999, "mean": 0.438864260912, "median": 0.454520583153, "min": 0.245904937387, "var": 0.00247832946479}, "dynamic_complexity": 5.38119983673, "erbbands_crest": {"dmean": 2.49725699425, "dmean2": 3.68574094772, "dvar": 10.2140808105, "dvar2": 21.4213581085, "max": 34.0986442566, "mean": 12.6752223969, "median": 9.12639904022, "min": 2.1379199028, "var": 76.1806640625}, "erbbands_flatness_db": {"dmean": 0.0267174746841, "dmean2": 0.0324987508357, "dvar": 0.00111665518489, "dvar2": 0.00190247525461, "max": 0.519532263279, "mean": 0.167589411139, "median": 0.14337643981, "min": 0.0413428321481, "var": 0.00719398306683}, "erbbands_kurtosis": {"dmean": 2.23147439957, "dmean2": 3.17350697517, "dvar": 30.1646308899, "dvar2": 67.5388641357, "max": 156.249832153, "mean": 3.55724430084, "median": -0.0793372392654, "min": -1.84806907177, "var": 81.9275054932}, "erbbands_skewness": {"dmean": 0.532642304897, "dmean2": 0.751071631908, "dvar": 0.451696276665, "dvar2": 0.990603029728, "max": 10.2198810577, "mean": 0.42068952322, "median": 0.258010983467, "min": -2.96206212044, "var": 1.75182962418}, "erbbands_spread": {"dmean": 11.4196748734, "dmean2": 16.6827373505, "dvar": 211.855453491, "dvar2": 464.086364746, "max": 159.841018677, "mean": 42.7134208679, "median": 39.1768493652, "min": 0.595650017262, "var": 819.78704834}, "hfc": {"dmean": 10.9632339478, "dmean2": 16.1736736298, "dvar": 682.561096191, "dvar2": 1738.703125, "max": 368.354400635, "mean": 17.5791625977, "median": 6.28381586075, "min": 1.15170116926e-16, "var": 835.592285156}, "melbands_crest": {"dmean": 2.9382185936, "dmean2": 4.67830514908, "dvar": 9.05832862854, "dvar2": 20.4623126984, "max": 35.2667388916, "mean": 16.9854602814, "median": 16.596988678, "min": 1.86585652828, "var": 29.0170783997}, "melbands_flatness_db": {"dmean": 0.0389559008181, "dmean2": 0.0487504675984, "dvar": 0.00150340190157, "dvar2": 0.00312518281862, "max": 0.526011586189, "mean": 0.231751009822, "median": 0.236701712012, "min": 0.00515763182193, "var": 0.00848960503936}, "melbands_kurtosis": {"dmean": 8.67286682129, "dmean2": 13.0118455887, "dvar": 262.121765137, "dvar2": 572.584228516, "max": 445.842529297, "mean": 17.196647644, "median": 9.3955783844, "min": -1.76032865047, "var": 603.426452637}, "melbands_skewness": {"dmean": 0.869077980518, "dmean2": 1.26434910297, "dvar": 1.12069714069, "dvar2": 2.35061812401, "max": 16.0152320862, "mean": 2.7234787941, "median": 2.58237171173, "min": -3.5423002243, "var": 5.05243301392}, "melbands_spread": {"dmean": 12.1288433075, "dmean2": 18.6327629089, "dvar": 519.839782715, "dvar2": 1204.17834473, "max": 213.021499634, "mean": 26.034992218, "median": 15.4401550293, "min": 0.758303403854, "var": 955.864868164}, "pitch_salience": {"dmean": 0.0616084709764, "dmean2": 0.0940927192569, "dvar": 0.00481668300927, "dvar2": 0.0108107579872, "max": 0.883193731308, "mean": 0.478890120983, "median": 0.464976817369, "min": 0.0687312856317, "var": 0.0160192139447}, "silence_rate_20dB": {"dmean": 0, "dmean2": 0, "dvar": 0, "dvar2": 0, "max": 1, "mean": 1, "median": 1, "min": 1, "var": 0}, "silence_rate_30dB": {"dmean": 0.0115147363394, "dmean2": 0.0230326298624, "dvar": 0.0113815031946, "dvar2": 0.0307297222316, "max": 1, "mean": 0.991776287556, "median": 1, "min": 0, "var": 0.00815639272332}, "silence_rate_60dB": {"dmean": 0.0819739550352, "dmean2": 0.163970381021, "dvar": 0.0752502083778, "dvar2": 0.144503638148, "max": 1, "mean": 0.211348682642, "median": 0, "min": 0, "var": 0.166684299707}, "spectral_centroid": {"dmean": 387.648620605, "dmean2": 555.26373291, "dvar": 291070.8125, "dvar2": 627982.125, "max": 11258.7285156, "mean": 1316.18225098, "median": 922.00012207, "min": 163.387069702, "var": 851737.25}, "spectral_complexity": {"dmean": 3.25729942322, "dmean2": 4.81217432022, "dvar": 29.2397441864, "dvar2": 58.7971191406, "max": 50, "mean": 9.47683620453, "median": 8, "min": 0, "var": 62.2953453064}, "spectral_decrease": {"dmean": 2.15625117761e-09, "dmean2": 3.06278513662e-09, "dvar": 1.93161645e-17, "dvar2": 4.41648471178e-17, "max": -1.01569946185e-28, "mean": -4.57752680205e-09, "median": -2.85471202233e-09, "min": -5.13052604845e-08, "var": 3.43290145075e-17}, "spectral_energy": {"dmean": 0.00895018875599, "dmean2": 0.0125621501356, "dvar": 0.00031735911034, "dvar2": 0.000716252776328, "max": 0.203531473875, "mean": 0.0188711415976, "median": 0.0115285879001, "min": 1.08296246785e-20, "var": 0.000577915518079}, "spectral_energyband_high": {"dmean": 0.000948294939008, "dmean2": 0.00154569384176, "dvar": 7.55862174628e-06, "dvar2": 2.09986283153e-05, "max": 0.0409242846072, "mean": 0.000982610392384, "median": 9.93219873635e-05, "min": 7.87070188442e-21, "var": 6.46085436529e-06}, "spectral_energyband_low": {"dmean": 0.0031810645014, "dmean2": 0.00517870346084, "dvar": 6.62402089802e-05, "dvar2": 0.000168150887475, "max": 0.1296954602, "mean": 0.00541742797941, "median": 0.00306137977168, "min": 9.63309290257e-23, "var": 7.97239263193e-05}, "spectral_energyband_middle_high": {"dmean": 0.00193054578267, "dmean2": 0.00257574184798, "dvar": 2.73472141998e-05, "dvar2": 5.37439373147e-05, "max": 0.0670190081, "mean": 0.0046215550974, "median": 0.00111799989827, "min": 1.58038651947e-21, "var": 8.14465092844e-05}, "spectral_energyband_middle_low": {"dmean": 0.00511240120977, "dmean2": 0.00727855646983, "dvar": 0.000143173499964, "dvar2": 0.000331637391355, "max": 0.121624112129, "mean": 0.0101984906942, "median": 0.00557318329811, "min": 3.21488662512e-22, "var": 0.000227212338359}, "spectral_entropy": {"dmean": 0.323462069035, "dmean2": 0.391742408276, "dvar": 0.142142012715, "dvar2": 0.278365701437, "max": 9.8018989563, "mean": 7.2976808548, "median": 7.35757541656, "min": 4.19618797302, "var": 0.767054021358}, "spectral_flux": {"dmean": 0.0293251648545, "dmean2": 0.0439341515303, "dvar": 0.00199312181212, "dvar2": 0.00445908214897, "max": 0.379137843847, "mean": 0.0545786805451, "median": 0.036303460598, "min": 1.04065485396e-10, "var": 0.00311508681625}, "spectral_kurtosis": {"dmean": 3.12088251114, "dmean2": 4.5984826088, "dvar": 42.3994140625, "dvar2": 90.7676773071, "max": 97.7793273926, "mean": 6.7314209938, "median": 3.37059593201, "min": -1.1550257206, "var": 103.674369812}, "spectral_rms": {"dmean": 0.000890333030839, "dmean2": 0.00115926400758, "dvar": 1.86334466434e-06, "dvar2": 3.75681247533e-06, "max": 0.0140913901851, "mean": 0.00358471414074, "median": 0.00335371494293, "min": 3.25045958031e-12, "var": 5.56069335289e-06}, "spectral_rolloff": {"dmean": 1046.70166016, "dmean2": 1720.47766113, "dvar": 3937461, "dvar2": 9304035, "max": 18992.2851562, "mean": 2010.07043457, "median": 861.328125, "min": 107.666015625, "var": 6903871}, "spectral_skewness": {"dmean": 0.367119073868, "dmean2": 0.51053571701, "dvar": 0.267424672842, "dvar2": 0.55162769556, "max": 8.32746124268, "mean": 1.75736904144, "median": 1.50030088425, "min": -0.0242117606103, "var": 0.984907746315}, "spectral_spread": {"dmean": 878585.875, "dmean2": 1146607.625, "dvar": 1268444561410.0, "dvar2": 2304209846270.0, "max": 39994068, "mean": 5463507.5, "median": 5559978, "min": 878334.1875, "var": 4821533327360.0}, "spectral_strongpeak": {"dmean": 0.428582698107, "dmean2": 0.601065039635, "dvar": 0.66087770462, "dvar2": 1.19095122814, "max": 9.16209506989, "mean": 1.28310000896, "median": 0.503964781761, "min": 0, "var": 3.25766849518}, "zerocrossingrate": {"dmean": 0.0202052723616, "dmean2": 0.0211501959711, "dvar": 0.000602183223236, "dvar2": 0.000685095204972, "max": 0.5205078125, "mean": 0.0752373412251, "median": 0.0478515625, "min": 0.00634765625, "var": 0.00399623718113}, "barkbands": {"dmean": [4.13960515289e-05, 0.00126854132395, 0.00147493218537, 0.00201571476646, 0.0016002994962, 0.000421445991378, 0.000222874383326, 0.000395258888602, 0.000457287911559, 0.00167788541876, 0.000230803037994, 6.43365492579e-05, 7.84745425335e-05, 7.34381319489e-05, 0.000133454654133, 5.65602858842e-05, 7.5193682278e-05, 9.25038766582e-05, 0.000135711306939, 0.000131859967951, 0.000155516681843, 0.000172269166796, 0.000145917874761, 0.000131765889819, 0.000148420236656, 0.000114732254588, 6.47242050036e-05], "dmean2": [5.46050250705e-05, 0.00209816312417, 0.00257030059583, 0.00316942902282, 0.00256058527157, 0.000673071481287, 0.000344509520801, 0.000475343636936, 0.000593966455199, 0.00206030439585, 0.000338169396855, 9.99095864245e-05, 0.000125749022118, 0.000114301110443, 0.000202728144359, 9.04670232558e-05, 0.000125866616145, 0.000157937553013, 0.000227729382459, 0.000224587813136, 0.000271262513706, 0.000293727323879, 0.000248005613685, 0.000219796784222, 0.000246285111643, 0.000173668318894, 9.6395444416e-05], "dvar": [1.93432558859e-08, 1.35376549224e-05, 1.95260527107e-05, 2.98011527775e-05, 2.63184738287e-05, 2.95363452096e-06, 2.17063814034e-07, 2.18014702114e-06, 2.70464147434e-06, 2.97422411677e-05, 2.5251047191e-06, 2.56679371091e-08, 3.48617561485e-08, 4.81979292033e-08, 1.25954542796e-07, 1.75231971156e-08, 2.77508114266e-08, 4.03258084702e-08, 7.66258239082e-08, 1.05235898218e-07, 2.17964938543e-07, 2.69129799335e-07, 2.50211456887e-07, 1.90533668842e-07, 2.28126268098e-07, 1.18334121169e-07, 4.5525194281e-08], "dvar2": [3.9563033738e-08, 3.36242701451e-05, 5.39439497516e-05, 7.33198685339e-05, 6.51231093798e-05, 7.61458568377e-06, 5.15948499924e-07, 3.21878383147e-06, 4.35051424574e-06, 5.47153613297e-05, 4.56707311969e-06, 7.52318385366e-08, 9.934602474e-08, 1.16057570665e-07, 2.92685655268e-07, 5.11619084875e-08, 8.50685140108e-08, 1.18975044927e-07, 2.19265928081e-07, 2.98025213397e-07, 6.26943233328e-07, 7.64750325288e-07, 7.24549181541e-07, 5.48361072106e-07, 6.38629387595e-07, 2.56613787997e-07, 9.22886727039e-08], "max": [0.00248144404031, 0.075040794909, 0.0680322051048, 0.0630088299513, 0.0604683086276, 0.0378418490291, 0.00654931180179, 0.0242341440171, 0.0400860346854, 0.084748506546, 0.0477164201438, 0.00227300846018, 0.00308860209771, 0.00304218824022, 0.00736762816086, 0.00155945762526, 0.00206237309612, 0.00208334880881, 0.00315954210237, 0.0060145794414, 0.00665443576872, 0.00695665739477, 0.00989276822656, 0.00752595532686, 0.00806074310094, 0.00396253308281, 0.00311602163129], "mean": [5.38974927622e-05, 0.00202873768285, 0.00196360098198, 0.00270487065427, 0.0022416561842, 0.000519246968906, 0.000485406751977, 0.000769793463405, 0.00139711902011, 0.00423092860729, 0.000502234499436, 0.00010385231144, 0.000122522658785, 0.000125483988086, 0.000180025555892, 7.38816816011e-05, 8.71324009495e-05, 9.75424918579e-05, 0.000144202407682, 0.000130238520796, 0.00014676702267, 0.000165430217749, 0.000143496014061, 0.000130314292619, 0.000143795492477, 0.000115768576507, 6.31850198261e-05], "median": [1.03209890767e-06, 0.000698749616276, 0.000643035513349, 0.000353210954927, 0.000455988629255, 3.38290992659e-05, 8.67720955284e-05, 3.08993003273e-05, 0.000173883454408, 0.000142849748954, 2.06518270716e-05, 2.35113948293e-05, 5.0107260904e-05, 5.89567571296e-05, 6.80724915583e-05, 2.50652337854e-05, 2.76358114206e-05, 2.52237950917e-05, 3.28882779286e-05, 2.30164550885e-05, 1.99408077606e-05, 1.67401958606e-05, 1.31612523546e-05, 9.92035438685e-06, 8.23958907858e-06, 3.5850976019e-06, 1.16787805382e-06], "min": [4.05286440844e-23, 4.68722438102e-23, 2.05850539536e-23, 2.76125739961e-23, 7.01601277071e-23, 1.00544626396e-22, 3.40076894944e-23, 4.42084940361e-23, 2.56121805126e-23, 4.06401606174e-23, 8.58563960609e-23, 6.6174688818e-23, 1.32631600513e-22, 1.00437555883e-22, 7.09098106243e-23, 1.72039090236e-22, 1.84640038791e-22, 2.27513038647e-22, 2.57194050112e-22, 6.25372120565e-22, 4.55379335517e-22, 4.91545162277e-22, 7.61390521825e-22, 1.0708821372e-21, 1.2066194263e-21, 1.58177420784e-21, 2.06506548692e-21], "var": [2.8175469069e-08, 1.68557198776e-05, 1.72084965016e-05, 3.0056662581e-05, 2.68845724349e-05, 2.91092328553e-06, 7.1764503673e-07, 6.75852879795e-06, 1.78416412382e-05, 0.000107777741505, 1.04318842205e-05, 3.29971285851e-08, 4.53180710736e-08, 6.31205239188e-08, 1.7448897438e-07, 2.02315622033e-08, 2.46599736187e-08, 3.76943276592e-08, 7.38011181056e-08, 8.72188721246e-08, 1.59808919875e-07, 2.03281217637e-07, 1.77272255542e-07, 1.42953680893e-07, 1.90468384176e-07, 1.56730934009e-07, 6.2377708332e-08]}, "erbbands": {"dmean": [0.0263505447656, 0.341619312763, 1.44802844524, 4.26455402374, 7.67184209824, 3.49236893654, 5.37201166153, 2.51424407959, 3.1973118782, 2.58892679214, 10.5027084351, 13.757566452, 38.1646499634, 42.1344451904, 4.75568723679, 2.96041488647, 3.39521479607, 4.39818477631, 7.11676836014, 3.37825298309, 3.47146391869, 3.34333205223, 4.90971183777, 5.6645488739, 7.6273560524, 5.74598073959, 6.1082983017, 6.37255525589, 6.08754396439, 5.65634870529, 3.85083150864, 2.64874100685, 2.35908818245, 1.97559511662, 0.866134226322, 0.544101417065, 0.194259226322, 0.0600724667311, 0.0115575864911, 0.00061246030964], "dmean2": [0.0411811545491, 0.565731227398, 2.50862789154, 6.77176904678, 12.1401882172, 5.66037559509, 8.57548713684, 3.99393439293, 4.98575258255, 3.75046825409, 12.3478097916, 17.3955078125, 44.8445205688, 54.6685333252, 6.71646690369, 4.58266687393, 5.3926448822, 6.72496509552, 10.7476453781, 5.21018600464, 5.65785217285, 5.43861484528, 8.23564147949, 9.73347759247, 12.9751472473, 9.73218345642, 10.4791097641, 11.0705308914, 10.4332885742, 9.66387081146, 6.49932050705, 4.34975481033, 3.9992518425, 3.40059781075, 1.37795066833, 0.826163113117, 0.296957463026, 0.0906073749065, 0.0172149389982, 0.00093021360226], "dvar": [0.0050619635731, 1.04766333103, 19.6078777313, 102.85382843, 693.618041992, 104.53086853, 411.158477783, 85.1509094238, 44.6777076721, 31.1421966553, 1649.60107422, 2442.28466797, 24739.3378906, 25146.2265625, 330.777984619, 57.6378860474, 57.0188407898, 148.266433716, 404.878204346, 61.9483985901, 51.4208488464, 44.0786361694, 116.464889526, 188.181427002, 257.607421875, 216.346679688, 255.20753479, 421.568664551, 357.036865234, 345.086791992, 165.041519165, 73.4651031494, 68.6533126831, 46.9545326233, 8.25602817535, 2.81077957153, 0.335045099258, 0.0374993979931, 0.00158473174088, 3.75813237952e-06], "dvar2": [0.0110395150259, 2.64692306519, 54.1266975403, 255.974411011, 1701.09606934, 267.37588501, 1062.31152344, 211.061691284, 106.265708923, 62.5592918396, 2403.17675781, 3892.89916992, 43458.625, 47489.3984375, 670.91204834, 166.43788147, 162.953308105, 351.15637207, 932.186340332, 167.183151245, 154.874801636, 129.880142212, 344.404052734, 569.441772461, 745.833068848, 612.514343262, 726.58013916, 1217.09887695, 1022.70080566, 994.837219238, 473.827667236, 210.318862915, 198.779098511, 135.696289062, 22.0305366516, 6.36031532288, 0.735227525234, 0.0796874910593, 0.0032928683795, 7.62010040489e-06], "max": [1.21192038059, 20.3345413208, 71.4144744873, 111.373672485, 311.406341553, 148.025222778, 356.605102539, 183.336135864, 92.4911804199, 118.457275391, 660.743408203, 1196.0579834, 3389.73608398, 2150.54443359, 525.904663086, 89.5930328369, 112.225059509, 164.875854492, 437.653045654, 143.691375732, 71.0476760864, 65.2745056152, 126.661132812, 177.790374756, 224.55329895, 248.289306641, 263.110229492, 328.826782227, 245.192550659, 313.358398438, 285.168212891, 151.718811035, 178.292373657, 107.343864441, 70.7098617554, 21.1585521698, 6.88538217545, 2.96038556099, 0.626580953598, 0.0235037021339], "mean": [0.0417684279382, 0.524621725082, 2.01724624634, 6.25333452225, 8.95046710968, 6.00416946411, 7.50752639771, 2.93390536308, 6.69144535065, 5.86025524139, 21.365032196, 43.4630851746, 104.931686401, 98.4980773926, 11.42927742, 4.66501426697, 5.50428724289, 7.82222795486, 9.47630119324, 5.35539197922, 4.55712413788, 4.23119735718, 5.47067785263, 5.77519750595, 7.96923351288, 5.86116409302, 6.24585390091, 5.83927965164, 5.78891277313, 5.31473112106, 3.8466835022, 2.7230091095, 2.24154424667, 1.78800332546, 0.896498382092, 0.54121607542, 0.196958139539, 0.058989584446, 0.01121818088, 0.000612599367741], "median": [0.0068998564966, 0.245255023241, 0.931852340698, 1.85552704334, 2.39136886597, 0.987924098969, 0.58725464344, 0.484317630529, 1.28804814816, 1.3083384037, 1.76579904556, 3.74921488762, 4.75908946991, 4.76029348373, 4.00554704666, 2.01042222977, 2.8798661232, 3.24003601074, 2.73083209991, 3.08383846283, 2.02130055428, 1.60640788078, 1.63783657551, 1.40006923676, 1.70596599579, 1.17547976971, 0.975128293037, 0.783078670502, 0.611456155777, 0.488820075989, 0.361577570438, 0.223942786455, 0.155637353659, 0.107620224357, 0.0472422838211, 0.0175866819918, 0.00586412008852, 0.00135804899037, 0.000189027574379, 3.03514243569e-05], "min": [1.17959237011e-21, 1.12042664102e-20, 2.57523862128e-20, 5.81391002116e-20, 1.40098779017e-19, 3.04590855804e-19, 3.43311593868e-19, 1.00509940749e-18, 6.66803785163e-19, 8.85755856667e-19, 6.37970388659e-19, 5.03380399878e-19, 1.30523848064e-18, 2.3571435929e-18, 2.73735219838e-18, 2.99706850595e-18, 5.03193653515e-18, 6.49591469765e-18, 3.77830998883e-18, 3.79218346206e-18, 1.41538427936e-17, 9.28175808469e-18, 1.27260372393e-17, 1.01362273857e-17, 1.84632486443e-17, 2.80175569505e-17, 2.35747003973e-17, 1.86501203252e-17, 1.86062185413e-17, 1.57763989242e-17, 2.17779780801e-17, 2.00801369332e-17, 1.7903354903e-17, 1.23150062299e-17, 9.92991861471e-18, 6.00642560709e-18, 2.95033073339e-18, 9.66109422142e-19, 3.02917934714e-19, 3.41279631156e-20], "var": [0.00859394390136, 1.129535079, 17.2058486938, 116.538230896, 644.124328613, 131.866149902, 462.611938477, 83.8363418579, 136.614135742, 121.700027466, 5281.83105469, 16026.921875, 103061.234375, 76490.96875, 1077.29296875, 66.3394317627, 73.7398071289, 213.662704468, 561.743164062, 81.0381851196, 53.9881896973, 47.901058197, 114.032035828, 157.210906982, 234.644958496, 176.347396851, 217.760498047, 288.629821777, 263.417785645, 243.426498413, 120.880508423, 57.083782196, 48.6993141174, 33.4529190063, 7.82694673538, 3.47242832184, 0.449926972389, 0.0492990501225, 0.00210585608147, 5.10951167598e-06]}, "gfcc": {"mean": [-68.0891571045, 70.4151992798, -94.9257736206, 24.7592468262, -47.6629219055, 16.7176799774, -23.6370887756, 8.02902507782, -26.0839557648, -7.70417881012, -26.1263847351, -10.119427681, -13.1669845581], "cov": [[15169.6376953, -1429.07897949, 388.949462891, -51.5843658447, -744.323120117, -25.7318916321, -250.880630493, 53.8477630615, -263.567810059, 77.4116210938, -92.9536361694, 167.827178955, -35.6207351685], [-1429.07897949, 3357.0703125, -759.15826416, -737.205078125, 667.126098633, 161.029022217, 307.196105957, 61.5341072083, 239.022903442, -179.444976807, -12.4016532898, -267.290252686, 137.38609314], [388.949462891, -759.15826416, 762.704528809, 341.533599854, -30.6804294586, 106.877799988, -76.6676025391, -88.3697814941, -63.9389572144, 87.6722564697, 6.22750806808, 99.2041397095, -86.0630111694], [-51.5843658447, -737.205078125, 341.533599854, 690.880737305, -58.628616333, 27.9794483185, -127.262687683, -73.9525375366, -47.2988586426, 98.9061737061, 53.8752098083, 59.9879493713, -122.456588745], [-744.323120117, 667.126098633, -30.6804294586, -58.628616333, 400.732147217, 86.7463378906, 98.4413986206, 23.7574882507, 78.1877975464, -54.7990722656, -22.890953064, -72.0039749146, -10.2276849747], [-25.7318916321, 161.029022217, 106.877799988, 27.9794483185, 86.7463378906, 266.659515381, 111.245277405, 16.1566257477, 27.6197395325, -14.534819603, -42.1910438538, 11.8459911346, 11.1683797836], [-250.880630493, 307.196105957, -76.6676025391, -127.262687683, 98.4413986206, 111.245277405, 324.273529053, 180.171264648, 66.456237793, -4.22885465622, -53.2141876221, -87.6184997559, 35.2652626038], [53.8477630615, 61.5341072083, -88.3697814941, -73.9525375366, 23.7574882507, 16.1566257477, 180.171264648, 267.142730713, 129.026443481, 36.6595878601, -6.02401065826, -59.9553337097, -29.566028595], [-263.567810059, 239.022903442, -63.9389572144, -47.2988586426, 78.1877975464, 27.6197395325, 66.456237793, 129.026443481, 193.339019775, 60.5762557983, 20.6450614929, -31.9766788483, -40.5108566284], [77.4116210938, -179.444976807, 87.6722564697, 98.9061737061, -54.7990722656, -14.534819603, -4.22885465622, 36.6595878601, 60.5762557983, 150.433670044, 72.2510375977, 4.33102846146, -60.9747467041], [-92.9536361694, -12.4016532898, 6.22750806808, 53.8752098083, -22.890953064, -42.1910438538, -53.2141876221, -6.02401065826, 20.6450614929, 72.2510375977, 117.282623291, 42.8964881897, -26.3938961029], [167.827178955, -267.290252686, 99.2041397095, 59.9879493713, -72.0039749146, 11.8459911346, -87.6184997559, -59.9553337097, -31.9766788483, 4.33102846146, 42.8964881897, 133.149475098, 38.0802230835], [-35.6207351685, 137.38609314, -86.0630111694, -122.456588745, -10.2276849747, 11.1683797836, 35.2652626038, -29.566028595, -40.5108566284, -60.9747467041, -26.3938961029, 38.0802230835, 131.853775024]], "icov": [[8.06366515462e-05, -2.77947165159e-05, -3.02273256239e-05, 5.38147360203e-05, 0.000116423128929, -4.9232829042e-05, 0.000146771693835, -0.000209879202885, 0.000218847882934, -0.00015661859652, 0.000222289963858, -0.000127752500703, 8.40832144604e-05], [-2.77947165159e-05, 0.0010672470089, 0.000400599907152, 0.00052685191622, -0.000959590601269, -0.000791236525401, -8.24500239105e-05, 0.000996162649244, -0.00117922271602, 0.00102309219074, -0.00213339668699, 0.00227390252985, -0.00110369932372], [-3.02273256239e-05, 0.000400599907152, 0.00271903793328, -0.000265318143647, -0.00103982747532, -0.000752236868721, -0.000430195621448, 0.000709308427759, 0.000923658721149, -0.00193180260248, 0.00159910600632, -0.00224523828365, 0.00171892344952], [5.38147360203e-05, 0.00052685191622, -0.000265318143647, 0.00267034000717, -0.000526216404978, -0.000790073478129, 0.000423190620495, 0.000328623777023, 0.000554600730538, -0.000621833547484, -0.000748131598812, 0.000179077338544, 0.00144039303996], [0.000116423128929, -0.000959590601269, -0.00103982747532, -0.000526216404978, 0.00529480865225, -0.00011895296484, -0.00101387349423, 0.000713854911737, -0.00186635390855, 0.00299279973842, -0.000700584903825, 0.000818146334495, 0.00114995497279], [-4.9232829042e-05, -0.000791236525401, -0.000752236868721, -0.000790073478129, -0.00011895296484, 0.00696836877614, -0.00381528842263, 0.00152564351447, -0.00091587199131, -0.000215786130866, 0.00380748114549, -0.00519545050338, 0.00223089545034], [0.000146771693835, -8.24500239105e-05, -0.000430195621448, 0.000423190620495, -0.00101387349423, -0.00381528842263, 0.0106311887503, -0.00730446074158, 0.00296609592624, -0.00298216729425, 0.00077929708641, 0.00552467396483, -0.00590631784871], [-0.000209879202885, 0.000996162649244, 0.000709308427759, 0.000328623777023, 0.000713854911737, 0.00152564351447, -0.00730446074158, 0.0121644036844, -0.00735300965607, 0.00320254079998, -0.00253696506843, 0.000653559807688, 0.00280621997081], [0.000218847882934, -0.00117922271602, 0.000923658721149, 0.000554600730538, -0.00186635390855, -0.00091587199131, 0.00296609592624, -0.00735300965607, 0.0139524973929, -0.00796920154244, 0.00477831112221, -0.00459278607741, 0.00278090429492], [-0.00015661859652, 0.00102309219074, -0.00193180260248, -0.000621833547484, 0.00299279973842, -0.000215786130866, -0.00298216729425, 0.00320254079998, -0.00796920154244, 0.0192674156278, -0.0129698310047, 0.00649444479495, 0.000809102552012], [0.000222289963858, -0.00213339668699, 0.00159910600632, -0.000748131598812, -0.000700584903825, 0.00380748114549, 0.00077929708641, -0.00253696506843, 0.00477831112221, -0.0129698310047, 0.0240516029298, -0.0146584641188, 0.00599605822936], [-0.000127752500703, 0.00227390252985, -0.00224523828365, 0.000179077338544, 0.000818146334495, -0.00519545050338, 0.00552467396483, 0.000653559807688, -0.00459278607741, 0.00649444479495, -0.0146584641188, 0.0258888546377, -0.0133494650945], [8.40832144604e-05, -0.00110369932372, 0.00171892344952, 0.00144039303996, 0.00114995497279, 0.00223089545034, -0.00590631784871, 0.00280621997081, 0.00278090429492, 0.000809102552012, 0.00599605822936, -0.0133494650945, 0.0196100063622]]}, "melbands": {"dmean": [0.000286855269223, 0.000652795250062, 0.000880582374521, 0.00038287913776, 0.000178112342837, 5.95433084527e-05, 4.8527483159e-05, 3.37696073984e-05, 7.76063607191e-05, 9.33112096391e-05, 0.000190849415958, 0.000180938004632, 2.04459120141e-05, 7.13614554115e-06, 7.04113381289e-06, 7.81600465416e-06, 8.63865989231e-06, 1.06266425064e-05, 7.42739484849e-06, 4.28856992585e-06, 4.59768943983e-06, 3.88691523767e-06, 4.19053003498e-06, 4.38082679466e-06, 4.7414855544e-06, 5.62135392101e-06, 5.02399643665e-06, 3.81095696866e-06, 3.78214303964e-06, 4.08485720982e-06, 3.69961730939e-06, 3.49949277734e-06, 3.29303202307e-06, 3.17491571877e-06, 2.37919880419e-06, 1.79326968919e-06, 1.55291820647e-06, 1.62322362485e-06, 1.79760183983e-06, 1.63191384672e-06], "dmean2": [0.000470586848678, 0.00110994989518, 0.00138307281304, 0.000606149842497, 0.000288210430881, 9.4742179499e-05, 7.53284984967e-05, 4.65927587356e-05, 9.16773860808e-05, 0.000117241863336, 0.000226734904572, 0.000237348984228, 3.03721353703e-05, 1.11763101813e-05, 1.10677192424e-05, 1.24590978885e-05, 1.33163048304e-05, 1.62306878337e-05, 1.12714169518e-05, 6.83549797031e-06, 7.73718602431e-06, 6.47146407573e-06, 7.04348349245e-06, 7.50826075091e-06, 8.24074140837e-06, 9.54064216785e-06, 8.7084254119e-06, 6.46256694381e-06, 6.37516723145e-06, 7.17867260391e-06, 6.44513102088e-06, 6.01079091211e-06, 5.59633281227e-06, 5.48960952074e-06, 4.05758510169e-06, 2.98220265904e-06, 2.56634507423e-06, 2.76039577329e-06, 3.12926545121e-06, 2.81399479718e-06], "dvar": [6.52430344417e-07, 3.88235730497e-06, 5.5874188547e-06, 1.49741640598e-06, 4.06374965678e-07, 5.09563413686e-08, 1.01839559008e-08, 6.12081585416e-09, 8.87563800234e-08, 1.09332653153e-07, 6.13869190147e-07, 4.72051567613e-07, 1.28943469235e-08, 3.09837655532e-10, 2.15706924545e-10, 4.39873970581e-10, 7.14766801302e-10, 9.03689068021e-10, 3.78996167782e-10, 1.29627891754e-10, 1.16126865068e-10, 7.3571468362e-11, 9.21721518554e-11, 9.48207831697e-11, 1.5278675547e-10, 1.39527112086e-10, 1.46059858652e-10, 9.85479961524e-11, 9.5409249945e-11, 1.42748216025e-10, 1.42156467153e-10, 1.1498410557e-10, 1.08652351005e-10, 1.20840656925e-10, 6.55795695526e-11, 3.96546198655e-11, 2.46505836576e-11, 3.04932815109e-11, 4.6153254829e-11, 3.14670373092e-11], "dvar2": [1.52348957272e-06, 1.05807475848e-05, 1.37355036713e-05, 3.68694850295e-06, 1.05281753804e-06, 1.27732917576e-07, 2.42783748661e-08, 1.07360174084e-08, 1.28711164393e-07, 1.75684931492e-07, 1.08534936771e-06, 8.92234538696e-07, 2.50088216802e-08, 9.05334307522e-10, 5.88887827391e-10, 1.25928834027e-09, 1.70044123227e-09, 2.12979878178e-09, 9.04750274699e-10, 3.83546056026e-10, 3.68447605759e-10, 2.20877691137e-10, 2.89127805031e-10, 2.76662331933e-10, 4.7110049195e-10, 4.10998596267e-10, 4.30835117582e-10, 2.8017591025e-10, 2.67373984064e-10, 4.13337725158e-10, 4.12601369737e-10, 3.30995897357e-10, 3.07286474044e-10, 3.51928652886e-10, 1.88139281931e-10, 1.15175792514e-10, 6.99232685641e-11, 8.75949660029e-11, 1.345955708e-10, 9.07590530508e-11], "max": [0.0162916556001, 0.030330164358, 0.0265312194824, 0.0153755806386, 0.00994930882007, 0.00477559072897, 0.00133952766191, 0.00151578639634, 0.00493738567457, 0.00788871198893, 0.0167289692909, 0.00947882980108, 0.00354153243825, 0.000244541064603, 0.000219369889237, 0.000379446137231, 0.000374012015527, 0.000636729528196, 0.000441281066742, 0.000140427728184, 0.000118878662761, 0.000101893958345, 0.000131202832563, 9.74325521383e-05, 0.000160999203217, 0.000137017836096, 0.000253313308349, 0.00012961102766, 0.000175871609827, 0.000173537337105, 0.000175385910552, 0.000156787093147, 0.000130503627588, 0.000205423333682, 0.000204207419301, 0.000136172748171, 7.14455527486e-05, 0.000106481580588, 0.00013491253776, 9.07950961846e-05], "mean": [0.000478023895994, 0.000950698857196, 0.00120012683328, 0.000529632729013, 0.000260304834228, 6.95210983395e-05, 0.000104138322058, 7.2572955105e-05, 0.000155356538016, 0.000290301075438, 0.000517950800713, 0.00040945285582, 4.50083243777e-05, 1.18680918604e-05, 1.15513776109e-05, 1.17626759675e-05, 1.49344368765e-05, 1.37670003824e-05, 1.06477054942e-05, 5.86709211348e-06, 5.43822443433e-06, 4.49197432317e-06, 4.85830605612e-06, 4.5256329031e-06, 4.52886433777e-06, 5.86294481764e-06, 4.77832691104e-06, 3.80066740036e-06, 3.94367998524e-06, 3.72147110284e-06, 3.30905731971e-06, 3.30440298058e-06, 3.09956749334e-06, 2.90401681013e-06, 2.32208162743e-06, 1.79916526122e-06, 1.5911856508e-06, 1.53894222876e-06, 1.63001527653e-06, 1.45048488776e-06], "median": [0.000114700887934, 0.00052179035265, 0.000366557214875, 0.000103164071334, 1.99786136363e-05, 6.38136225461e-06, 1.81696013897e-05, 1.32399691211e-05, 1.00161596492e-05, 2.76178216154e-05, 2.41624074988e-05, 1.7887505237e-05, 8.45144131745e-06, 5.0478747653e-06, 5.6924245655e-06, 4.38073948317e-06, 5.87972317589e-06, 4.04689944844e-06, 4.90848742629e-06, 1.99335545403e-06, 2.0845295694e-06, 1.53180860707e-06, 1.33888261189e-06, 1.16308751785e-06, 8.97271320355e-07, 1.23512938899e-06, 9.02685485471e-07, 6.6646907726e-07, 6.12984536019e-07, 4.84870838591e-07, 3.88830898146e-07, 3.40267718002e-07, 2.87437501356e-07, 2.57760461864e-07, 2.18965539034e-07, 1.55465556873e-07, 1.27992507259e-07, 1.04041845361e-07, 9.99598626095e-08, 8.64838227699e-08], "min": [1.42826075235e-23, 1.47589785361e-23, 1.29035145781e-23, 1.53821092314e-23, 1.33178195924e-23, 2.09083291526e-23, 9.92807008314e-24, 1.05400099977e-23, 5.21807546875e-24, 3.04022910517e-24, 6.42444455794e-24, 8.94628772152e-24, 1.07593772271e-23, 6.61490279616e-24, 1.16164122806e-23, 1.25423953549e-23, 1.12012292642e-23, 5.95733516684e-24, 4.03091869249e-24, 7.92344120548e-24, 1.8410958032e-23, 1.0732574889e-23, 8.0177132391e-24, 1.19307386414e-23, 7.15286215174e-24, 1.19141362748e-23, 1.43485641838e-23, 2.03817865864e-23, 1.73116188294e-23, 8.79291738433e-24, 1.15608196749e-23, 9.92536034593e-24, 9.65517469703e-24, 9.43399308756e-24, 1.15504753418e-23, 1.45126156976e-23, 1.19438802753e-23, 1.25682518488e-23, 1.12429576395e-23, 1.0546252254e-23], "var": [9.6157009466e-07, 3.45767261933e-06, 5.61568413104e-06, 1.51156791617e-06, 4.56499975598e-07, 4.97910548347e-08, 3.26763824887e-08, 2.26842047368e-08, 2.81699072957e-07, 7.06287721641e-07, 2.53953498941e-06, 1.41152202104e-06, 4.74331613987e-08, 4.02693461909e-10, 2.96789898213e-10, 5.47481115998e-10, 9.72740221705e-10, 1.21020427013e-09, 5.00482877364e-10, 1.48184062243e-10, 9.63336493909e-11, 6.67898514273e-11, 8.93906476618e-11, 8.37507285745e-11, 1.18618989631e-10, 1.28995980564e-10, 1.14258186246e-10, 7.94154741968e-11, 8.45624612e-11, 1.0405830364e-10, 9.6018602791e-11, 8.46867437287e-11, 8.05008767979e-11, 8.11997344363e-11, 4.68351295246e-11, 2.86325338439e-11, 1.94034129042e-11, 2.22724547139e-11, 3.05324064642e-11, 2.25117129798e-11]}, "mfcc": {"mean": [-721.99005127, 107.262649536, 12.4230136871, 20.7031822205, 4.59761095047, 9.14917182922, 8.86364650726, 9.74584197998, 8.26378250122, 7.5979013443, -2.46511602402, -10.3437318802, -9.20541954041], "cov": [[11361.9785156, -490.471343994, 221.039169312, -146.436584473, -335.187835693, -205.199523926, -205.020523071, -146.654647827, -172.011993408, -143.692825317, -95.4170837402, -51.1939315796, 4.03499794006], [-490.471343994, 2957.96459961, -803.663513184, -485.362854004, 165.586853027, 31.4324836731, 159.123931885, 184.490615845, 297.629760742, 276.649291992, -4.34471225739, -66.1353912354, -58.5204467773], [221.039169312, -803.663513184, 649.061401367, 171.945129395, 16.0729541779, 163.284454346, -3.9236073494, -55.0251121521, -106.465888977, -118.796363831, 20.1755523682, 35.6979217529, 51.4763069153], [-146.436584473, -485.362854004, 171.945129395, 361.239013672, 82.5697250366, 34.5546417236, 12.8957233429, -49.5197677612, -74.2193374634, -40.4951019287, 39.0876998901, 81.20652771, 59.8699188232], [-335.187835693, 165.586853027, 16.0729541779, 82.5697250366, 260.946258545, 121.310745239, -13.5950717926, 23.3540668488, -28.2674179077, -43.9522590637, 20.7911586761, 57.3978500366, 46.61460495], [-205.199523926, 31.4324836731, 163.284454346, 34.5546417236, 121.310745239, 285.046600342, 62.7631225586, 20.6103801727, -1.72264122963, -54.1849937439, -4.02702045441, -0.359636634588, 14.3256444931], [-205.020523071, 159.123931885, -3.9236073494, 12.8957233429, -13.5950717926, 62.7631225586, 174.897827148, 66.6422271729, 68.7110443115, 78.9593048096, 8.02176570892, -37.4712333679, -20.7297782898], [-146.654647827, 184.490615845, -55.0251121521, -49.5197677612, 23.3540668488, 20.6103801727, 66.6422271729, 170.532897949, 132.106246948, 73.9952545166, 23.0354423523, -27.1104183197, -26.0702590942], [-172.011993408, 297.629760742, -106.465888977, -74.2193374634, -28.2674179077, -1.72264122963, 68.7110443115, 132.106246948, 232.869110107, 152.659683228, 24.6586074829, -18.1826267242, -32.4384384155], [-143.692825317, 276.649291992, -118.796363831, -40.4951019287, -43.9522590637, -54.1849937439, 78.9593048096, 73.9952545166, 152.659683228, 225.371200562, 84.1550140381, 25.0932579041, 19.7956199646], [-95.4170837402, -4.34471225739, 20.1755523682, 39.0876998901, 20.7911586761, -4.02702045441, 8.02176570892, 23.0354423523, 24.6586074829, 84.1550140381, 137.074020386, 99.2182388306, 62.991809845], [-51.1939315796, -66.1353912354, 35.6979217529, 81.20652771, 57.3978500366, -0.359636634588, -37.4712333679, -27.1104183197, -18.1826267242, 25.0932579041, 99.2182388306, 200.584579468, 143.608932495], [4.03499794006, -58.5204467773, 51.4763069153, 59.8699188232, 46.61460495, 14.3256444931, -20.7297782898, -26.0702590942, -32.4384384155, 19.7956199646, 62.991809845, 143.608932495, 199.069076538]], "icov": [[9.61105179158e-05, -1.59704595717e-05, -5.67039860471e-05, 1.2940954548e-05, 0.000141174125019, 2.11894057429e-05, 0.00011461237591, -4.90900820296e-05, 7.63516145526e-05, -8.61200987856e-06, 5.75185622438e-05, -1.13273767965e-06, -2.90342250082e-05], [-1.59704595717e-05, 0.000848532130476, 0.000770465994719, 0.00100104231387, -0.00101883127354, -0.000171280378709, -0.000759630522225, 0.000499867077451, -0.000390508415876, -0.000356342148734, 6.87964929966e-05, -6.07681795373e-05, -1.9398125005e-05], [-5.67039860471e-05, 0.000770465994719, 0.00324408966117, -0.000200468537514, 0.000354917166987, -0.00189085130114, -0.00032257111161, 0.000275626545772, -9.89707623376e-05, 0.000819442386273, -0.00114112196025, 0.000484950112877, -0.000581840227824], [1.2940954548e-05, 0.00100104231387, -0.000200468537514, 0.00535641098395, -0.00284688547254, 0.00109111692291, -0.00281097809784, 0.00187725597061, -0.000438791670604, 0.000285991030978, -0.000411094486481, -0.00130265997723, 0.000246044772211], [0.000141174125019, -0.00101883127354, 0.000354917166987, -0.00284688547254, 0.00832447037101, -0.00358724803664, 0.0032946402207, -0.00386685598642, 0.00261935521848, 0.000113751761091, 0.000464490382001, -0.00146444176789, -6.74153852742e-05], [2.11894057429e-05, -0.000171280378709, -0.00189085130114, 0.00109111692291, -0.00358724803664, 0.00750847905874, -0.00404168432578, 0.0019411155954, -0.00298143923283, 0.00385483680293, -0.00150922860485, 0.00101632170845, -0.000881751067936], [0.00011461237591, -0.000759630522225, -0.00032257111161, -0.00281097809784, 0.0032946402207, -0.00404168432578, 0.0117664346471, -0.00461533060297, 0.00325926230289, -0.00585110858083, 0.00233263219707, 0.00124073482584, 0.000323153595673], [-4.90900820296e-05, 0.000499867077451, 0.000275626545772, 0.00187725597061, -0.00386685598642, 0.0019411155954, -0.00461533060297, 0.014616173692, -0.00969432201236, 0.00460789585486, -0.00526134949178, 0.0036309172865, -0.00128099776339], [7.63516145526e-05, -0.000390508415876, -9.89707623376e-05, -0.000438791670604, 0.00261935521848, -0.00298143923283, 0.00325926230289, -0.00969432201236, 0.0161171704531, -0.0108910836279, 0.00633518304676, -0.0040929056704, 0.00336953462102], [-8.61200987856e-06, -0.000356342148734, 0.000819442386273, 0.000285991030978, 0.000113751761091, 0.00385483680293, -0.00585110858083, 0.00460789585486, -0.0108910836279, 0.0181580148637, -0.0108454339206, 0.00381576269865, -0.00361359165981], [5.75185622438e-05, 6.87964929966e-05, -0.00114112196025, -0.000411094486481, 0.000464490382001, -0.00150922860485, 0.00233263219707, -0.00526134949178, 0.00633518304676, -0.0108454339206, 0.0195681583136, -0.0099776936695, 0.0031082353089], [-1.13273767965e-06, -6.07681795373e-05, 0.000484950112877, -0.00130265997723, -0.00146444176789, 0.00101632170845, 0.00124073482584, 0.0036309172865, -0.0040929056704, 0.00381576269865, -0.0099776936695, 0.0172102078795, -0.00918158888817], [-2.90342250082e-05, -1.9398125005e-05, -0.000581840227824, 0.000246044772211, -6.74153852742e-05, -0.000881751067936, 0.000323153595673, -0.00128099776339, 0.00336953462102, -0.00361359165981, 0.0031082353089, -0.00918158888817, 0.0115883387625]]}, "spectral_contrast_coeffs": {"dmean": [0.0538136176765, 0.0441956482828, 0.0386958755553, 0.0319444201887, 0.0261823814362, 0.0212243497372], "dmean2": [0.0815618410707, 0.0692432448268, 0.0565806403756, 0.0476639829576, 0.0412225723267, 0.034059971571], "dvar": [0.00242455978878, 0.001735054655, 0.00166030973196, 0.000922635023016, 0.000668547523674, 0.00050094735343], "dvar2": [0.00504952808842, 0.00414037704468, 0.00318356463686, 0.00206987513229, 0.00167114869691, 0.00149394804612], "max": [-0.275575011969, -0.403984218836, -0.35060852766, -0.565746545792, -0.564905822277, -0.599714159966], "mean": [-0.604061901569, -0.707041919231, -0.6806858778, -0.752550244331, -0.791028082371, -0.795182347298], "median": [-0.610022068024, -0.717772126198, -0.696588873863, -0.748770654202, -0.802576780319, -0.799765706062], "min": [-0.960948646069, -0.961528003216, -0.957153439522, -0.961467087269, -0.957715153694, -0.960028409958], "var": [0.0104565415531, 0.00899217743427, 0.0157274100929, 0.00500621087849, 0.00346613442525, 0.00118226278573]}, "spectral_contrast_valleys": {"dmean": [0.553931474686, 0.524682044983, 0.481354385614, 0.464566230774, 0.512760698795, 0.593929827213], "dmean2": [0.83338290453, 0.760374844074, 0.67737865448, 0.641826689243, 0.623265385628, 0.692274928093], "dvar": [0.307415544987, 0.381505042315, 0.343386203051, 0.305533796549, 0.344882428646, 0.487194687128], "dvar2": [0.571705043316, 0.671143531799, 0.600791931152, 0.543755233288, 0.588600575924, 0.881256341934], "max": [-5.00471639633, -5.23972082138, -5.6358609199